node_id, total_out, total_in, pos_in, neg_in, pos_out,neg_out
Hermione1980, 64, 14, 11, 3, 49, 15
JIP, 29, 177, 168, 9, 29, 0
Shimgray, 34, 39, 29, 10, 34, 0
Gkhan (page does not exist), 0, 18, 14, 4, 0, 0
Merovingian, 1, 626, 609, 17, 0, 1
Titoxd, 78, 177, 161, 16, 76, 2
Celestianpower, 78, 143, 133, 10, 69, 9
CambridgeBayWeather, 46, 99, 97, 2, 44, 2
Journalist, 85, 188, 173, 15, 84, 1
Aranda56 (page does not exist), 0, 207, 198, 9, 0, 0
Redwolf24, 12, 124, 115, 9, 8, 4
Dmcdevit, 42, 83, 68, 15, 39, 3
Albus Dumbledore (page does not exist), 0, 1, 1, 0, 0, 0
Chosen One, 0, 1, 1, 0, 0, 0
Draco Malfoy (page does not exist), 0, 1, 1, 0, 0, 0
Mikkalai, 1, 11, 5, 6, 0, 1
Tabor, 0, 3, 3, 0, 0, 0
Aquillion, 0, 11, 10, 1, 0, 0
Sjakkalle, 48, 302, 242, 60, 47, 1
Gadfium, 25, 67, 64, 3, 25, 0
Nandesuka, 59, 18, 15, 3, 40, 19
FireFox, 96, 198, 196, 2, 93, 3
Carbonite, 25, 56, 47, 9, 25, 0
Biekko (page does not exist), 0, 21, 21, 0, 0, 0
El C, 0, 299, 271, 28, 0, 0
The wub, 0, 161, 140, 21, 0, 0
Radiant!, 0, 109, 69, 40, 0, 0
Haukurth, 62, 74, 55, 19, 54, 8
Redvers, 117, 40, 35, 5, 116, 1
Borisblue, 54, 22, 17, 5, 51, 3
Friday, 49, 50, 39, 11, 42, 7
Y0u, 11, 26, 26, 0, 11, 0
Ral315, 29, 120, 93, 27, 28, 1
Drini, 64, 60, 58, 2, 64, 0
Tony Sidaway, 0, 40, 35, 5, 0, 0
Evilphoenix, 34, 25, 13, 12, 34, 0
Sonic Mew, 0, 3, 3, 0, 0, 0
Unfocused, 0, 23, 21, 2, 0, 0
Rogerd, 61, 354, 273, 81, 60, 1
Splash, 84, 94, 73, 21, 77, 7
Encephalon, 141, 81, 79, 2, 133, 8
Who, 97, 34, 32, 2, 86, 11
Kirill Lokshin, 0, 192, 182, 10, 0, 0
Lupin, 34, 11, 10, 1, 17, 17
Shauri, 56, 29, 26, 3, 45, 11
R.D.H. (Ghost In The Machine), 0, 58, 52, 6, 0, 0
Szyslak, 0, 33, 31, 2, 0, 0
Lord Voldemort, 0, 30, 25, 5, 0, 0
Xoloz, 162, 360, 255, 105, 149, 13
Katefan0, 74, 17, 16, 1, 64, 10
Thatdog, 0, 8, 8, 0, 0, 0
NSR, 0, 5, 5, 0, 0, 0
MONGO, 86, 494, 362, 132, 51, 35
Astrotrain (page does not exist), 0, 43, 29, 14, 0, 0
Private Butcher, 0, 121, 104, 17, 0, 0
Freestylefrappe, 54, 72, 46, 26, 36, 18
Filiocht, 0, 28, 23, 5, 0, 0
WikiFanatic (page does not exist), 0, 31, 25, 6, 0, 0
Gamaliel, 26, 28, 10, 18, 20, 6
Hall Monitor, 0, 103, 96, 7, 0, 0
Alkivar, 88, 110, 84, 26, 63, 25
Dragons flight, 0, 36, 24, 12, 0, 0
Francs2000, 1, 80, 78, 2, 0, 1
Proto, 126, 202, 175, 27, 123, 3
GTBacchus, 41, 3, 1, 2, 39, 2
NSLE, 73, 123, 101, 22, 71, 2
KnowledgeOfSelf, 62, 70, 57, 13, 62, 0
Christopher Parham, 0, 207, 185, 22, 0, 0
Gurubrahma, 50, 37, 34, 3, 50, 0
Shanel, 38, 40, 37, 3, 37, 1
LordViD, 0, 23, 23, 0, 0, 0
Nightstallion, 72, 98, 95, 3, 51, 21
Gator1, 119, 88, 86, 2, 118, 1
Wezzo, 0, 54, 54, 0, 0, 0
BD2412, 190, 256, 197, 59, 188, 2
Izehar (page does not exist), 0, 79, 78, 1, 0, 0
Linuxbeak, 55, 53, 47, 6, 38, 17
Xaosflux, 0, 67, 49, 18, 0, 0
Brian0918, 0, 91, 74, 17, 0, 0
Conscious, 84, 44, 42, 2, 84, 0
Smerk (page does not exist), 0, 1, 1, 0, 0, 0
Ianbrown, 60, 12, 12, 0, 60, 0
Simetrical, 0, 11, 10, 1, 0, 0
Reflex Reaction, 0, 24, 23, 1, 0, 0
Smmurphy, 0, 34, 16, 18, 0, 0
FCYTravis, 26, 33, 32, 1, 25, 1
Sarge Baldy, 0, 43, 40, 3, 0, 0
Jnothman, 0, 32, 31, 1, 0, 0
Grutness, 45, 204, 194, 10, 43, 2
Garion96, 56, 132, 68, 64, 53, 3
Jmason888 (page does not exist), 0, 1, 1, 0, 0, 0
Revived, 0, 2, 2, 0, 0, 0
Pádraic MacUidhir (page does not exist), 0, 13, 12, 1, 0, 0
Kefalonia, 0, 72, 64, 8, 0, 0
Bunchofgrapes, 35, 23, 23, 0, 35, 0
"Can't sleep, clown will eat me", 0, 102, 99, 3, 0, 0
Zordrac, 0, 14, 6, 8, 0, 0
Babajobu, 70, 14, 13, 1, 69, 1
FayssalF, 41, 192, 161, 31, 39, 2
Karmafist, 57, 55, 51, 4, 54, 3
Terenceong1992, 0, 99, 99, 0, 0, 0
MarkGallagher, 0, 79, 72, 7, 0, 0
Anonymous editor, 0, 120, 119, 1, 0, 0
FrancisTyers, 59, 5, 4, 1, 59, 0
Phaedriel, 305, 170, 164, 6, 285, 20
Robchurch, 62, 44, 34, 10, 62, 0
Jonathunder, 56, 177, 108, 69, 56, 0
Fadix, 0, 18, 14, 4, 0, 0
TenOfAllTrades, 64, 75, 65, 10, 55, 9
Demi, 57, 3, 3, 0, 57, 0
Mailer diablo, 0, 715, 563, 152, 0, 0
Tznkai, 54, 16, 7, 9, 53, 1
Arminius, 0, 16, 16, 0, 0, 0
Sean Black, 0, 68, 61, 7, 0, 0
SlimVirgin, 79, 245, 132, 113, 76, 3
Grue, 27, 159, 142, 17, 15, 12
Micahmn, 0, 21, 21, 0, 0, 0
Sj, 0, 112, 89, 23, 0, 0
Deepak gupta (page does not exist), 0, 6, 6, 0, 0, 0
Dlyons493, 0, 108, 105, 3, 0, 0
Bhadani, 45, 292, 216, 76, 43, 2
Palmiro, 0, 19, 18, 1, 0, 0
Encyclopedist, 0, 94, 91, 3, 0, 0
Yuber, 0, 6, 6, 0, 0, 0
Banes, 73, 86, 85, 1, 61, 12
TShilo12, 65, 42, 36, 6, 55, 10
Dbiv, 14, 68, 65, 3, 14, 0
Jbamb, 0, 28, 28, 0, 0, 0
JCarriker, 0, 58, 58, 0, 0, 0
Titoxd/Flcelloguy's Tool, 0, 10, 10, 0, 0, 0
Jayjg, 37, 340, 248, 92, 24, 13
Sango123, 40, 149, 148, 1, 39, 1
Bogdangiusca, 40, 7, 5, 2, 30, 10
Doc glasgow, 0, 62, 47, 15, 0, 0
Wgfinley, 50, 10, 6, 4, 45, 5
Juntung, 0, 202, 198, 4, 0, 0
CltFn, 0, 2, 1, 1, 0, 0
Eliezer (page does not exist), 0, 12, 12, 0, 0, 0
Wsiegmund, 0, 54, 37, 17, 0, 0
Oleg Alexandrov, 0, 60, 42, 18, 0, 0
MPerel, 0, 108, 96, 12, 0, 0
Alphax, 0, 57, 53, 4, 0, 0
Kingturtle, 0, 98, 56, 42, 0, 0
Cyde, 140, 57, 38, 19, 103, 37
FRS, 0, 3, 3, 0, 0, 0
Kin Khan, 0, 2, 2, 0, 0, 0
Kelly Martin, 0, 57, 38, 19, 0, 0
Guettarda, 45, 134, 111, 23, 40, 5
Ambush_Commander, 62, 0, 0, 0, 59, 3
WearingSunglasses, 0, 2, 2, 0, 0, 0
JHMM13, 0, 25, 24, 1, 0, 0
Swatjester, 97, 102, 77, 25, 96, 1
Jitse Niesen, 0, 37, 29, 8, 0, 0
Orioane, 29, 26, 25, 1, 28, 1
Silensor, 0, 53, 43, 10, 0, 0
Paolo Liberatore (page does not exist), 0, 28, 24, 4, 0, 0
Pgk, 0, 47, 39, 8, 0, 0
Bluemoose, 23, 111, 107, 4, 22, 1
Johntex, 42, 38, 30, 8, 37, 5
Naconkantari, 113, 113, 98, 15, 95, 18
Sharpdust (page does not exist), 0, 1, 1, 0, 0, 0
Quarl, 84, 162, 146, 16, 80, 4
Bobet, 69, 37, 26, 11, 69, 0
DaGizza, 96, 113, 66, 47, 94, 2
Kafziel, 99, 36, 26, 10, 97, 2
Gryffindor, 104, 59, 59, 0, 100, 4
Dustimagic, 60, 15, 15, 0, 54, 6
DESiegel, 56, 14, 7, 7, 49, 7
John Reid, 0, 29, 26, 3, 0, 0
DS1953, 0, 185, 182, 3, 0, 0
Mdd4696, 50, 15, 13, 2, 50, 0
Antandrus, 36, 232, 201, 31, 36, 0
PS2pcGAMER, 77, 27, 22, 5, 72, 5
Nichalp, 16, 93, 75, 18, 14, 2
Thunderbrand, 9, 72, 72, 0, 9, 0
DakotaKahn (page does not exist), 0, 88, 86, 2, 0, 0
Thryduulf, 66, 79, 70, 9, 49, 17
Cyberjunkie, 63, 90, 83, 7, 63, 0
Ilyanep, 0, 25, 22, 3, 0, 0
А, 0, 11, 11, 0, 0, 0
Colin Kimbrell, 0, 42, 42, 0, 0, 0
Piedras grandes, 0, 5, 5, 0, 0, 0
Wikiacc, 20, 17, 16, 1, 20, 0
Masssiveego, 0, 83, 16, 67, 0, 0
Jedi6, 84, 42, 41, 1, 64, 20
Deckiller, 80, 87, 67, 20, 76, 4
Deckiller/EA, 0, 55, 45, 10, 0, 0
Xchrisblackx (page does not exist), 0, 4, 4, 0, 0, 0
JoshuaZ, 155, 170, 98, 72, 138, 17
Richardcavell, 71, 121, 82, 39, 71, 0
Wezzo/Esperanza, 0, 32, 32, 0, 0, 0
Wezzo/userboxes, 0, 35, 35, 0, 0, 0
Siva1979, 0, 690, 460, 230, 0, 0
CBDunkerson, 122, 20, 19, 1, 121, 1
Darthgriz98, 52, 31, 28, 3, 52, 0
Gflores (page does not exist), 0, 20, 20, 0, 0, 0
Gflores/Esperanza (page does not exist), 0, 6, 6, 0, 0, 0
Ac1983fan, 0, 9, 6, 3, 0, 0
Master of Puppets, 0, 139, 65, 74, 0, 0
Master of Puppets/EA (page does not exist), 0, 44, 41, 3, 0, 0
FireFox/voting, 0, 17, 17, 0, 0, 0
Master Jay, 0, 153, 147, 6, 0, 0
BorgHunter, 30, 38, 28, 10, 24, 6
BorgHunter/AntiUBX (page does not exist), 0, 23, 18, 5, 0, 0
BryanG, 0, 45, 42, 3, 0, 0
Rspeer, 50, 67, 28, 39, 41, 9
Patman2648, 0, 35, 35, 0, 0, 0
Brazil4Linux, 0, 1, 0, 1, 0, 0
Hinotori, 0, 2, 2, 0, 0, 0
Tdxiang, 0, 25, 25, 0, 0, 0
Jusjih, 89, 196, 184, 12, 71, 18
The ed17, 0, 128, 8, 120, 0, 0
Mirlen, 0, 10, 10, 0, 0, 0
Mirlen/EA, 0, 7, 7, 0, 0, 0
Admrboltz/Esperanza (page does not exist), 0, 13, 12, 1, 0, 0
Admrboltz, 25, 23, 18, 5, 24, 1
ILovePlankton, 0, 12, 10, 2, 0, 0
ILovePlankton/Esperanza (page does not exist), 0, 4, 4, 0, 0, 0
Matt Yeager, 0, 76, 72, 4, 0, 0
Xolatron, 0, 3, 3, 0, 0, 0
GoldDragon, 0, 2, 1, 1, 0, 0
Blnguyen (page does not exist), 0, 289, 207, 82, 0, 0
Terence Ong (page does not exist), 0, 307, 302, 5, 0, 0
Petros471/RfA criteria, 0, 14, 11, 3, 0, 0
Petros471, 94, 42, 33, 9, 80, 14
Jacoplane, 33, 25, 20, 5, 28, 5
Whouk, 86, 25, 24, 1, 75, 11
Whouk/Esperanza, 0, 15, 14, 1, 0, 0
Kusma, 88, 181, 104, 77, 88, 0
Wiki alf, 0, 148, 146, 2, 0, 0
Jahiegel, 0, 156, 124, 32, 0, 0
Tawker, 180, 182, 150, 32, 137, 43
NoSeptember, 49, 41, 39, 2, 42, 7
Sceptre, 50, 121, 66, 55, 38, 12
Aksi great, 0, 51, 47, 4, 0, 0
Firestorm, 0, 11, 1, 10, 0, 0
Dragon's Blood, 0, 12, 4, 8, 0, 0
Wikipeedio, 0, 2, 1, 1, 0, 0
Covington, 0, 42, 37, 5, 0, 0
Angr, 35, 30, 25, 5, 35, 0
DarthVader, 0, 138, 134, 4, 0, 0
Kimchi.sg, 131, 56, 45, 11, 123, 8
RobNY, 0, 23, 22, 1, 0, 0
ProhibitOnions, 69, 22, 22, 0, 66, 3
Doom127, 0, 1, 0, 1, 0, 0
Lar/Esperanza (page does not exist), 0, 56, 51, 5, 0, 0
Lar, 128, 152, 111, 41, 112, 16
Rick Browser, 0, 1, 0, 1, 0, 0
Royboycrashfan, 75, 99, 91, 8, 61, 14
Weatherman90, 0, 23, 20, 3, 0, 0
Moe Epsilon, 0, 114, 88, 26, 0, 0
Phair, 0, 1, 0, 1, 0, 0
Sarah Ewart, 0, 154, 126, 28, 0, 0
Laurascudder, 93, 10, 5, 5, 92, 1
The Eye, 0, 1, 0, 1, 0, 0
Saravask, 68, 8, 7, 1, 67, 1
Rama's Arrow, 0, 166, 162, 4, 0, 0
Ambuj.Saxena, 0, 37, 34, 3, 0, 0
Samir (The Scope) (page does not exist), 0, 122, 108, 14, 0, 0
Dwaipayanc, 0, 52, 39, 13, 0, 0
Khoikhoi, 163, 204, 198, 6, 116, 47
Cheesehead Fan, 0, 1, 1, 0, 0, 0
Bishonen, 117, 110, 79, 31, 102, 15
Deiz, 77, 79, 75, 4, 66, 11
Jaranda (page does not exist), 0, 238, 212, 26, 0, 0
Searchme, 50, 153, 153, 0, 50, 0
Green Giant, 0, 8, 5, 3, 0, 0
Thunderboltz, 0, 5, 4, 1, 0, 0
Raghu.kuttan, 0, 3, 3, 0, 0, 0
Ganeshk, 100, 29, 27, 2, 96, 4
Deville, 78, 70, 60, 10, 0, 78
Tintin1107, 0, 39, 33, 6, 0, 0
Sundar, 16, 14, 11, 3, 16, 0
Anirudhsbh, 0, 29, 29, 0, 0, 0
Computerjoe, 0, 72, 66, 6, 0, 0
AndyZ, 70, 9, 8, 1, 70, 0
FloNight, 107, 80, 63, 17, 92, 15
Mets501, 101, 54, 48, 6, 95, 6
Mets501/Esperanza, 0, 20, 19, 1, 0, 0
Elkman/Esperanza, 0, 24, 23, 1, 0, 0
Elkman, 63, 96, 70, 26, 57, 6
Davewild, 37, 223, 139, 84, 0, 37
OSU80, 0, 7, 7, 0, 0, 0
172, 0, 112, 108, 4, 0, 0
CJLL Wright, 0, 35, 32, 3, 0, 0
Srikeit, 133, 78, 76, 2, 122, 11
Srikeit/Esperanza (page does not exist), 0, 40, 38, 2, 0, 0
Irpen, 0, 39, 25, 14, 0, 0
Yamaguchi先生, 0, 46, 38, 8, 0, 0
Staxringold, 87, 37, 29, 8, 87, 0
Stifle, 74, 273, 54, 219, 67, 7
Primate (page does not exist), 0, 14, 13, 1, 0, 0
Samsara, 80, 35, 19, 16, 70, 10
Cactus.man, 88, 43, 36, 7, 87, 1
Hydkat, 0, 5, 5, 0, 0, 0
Hydkat/Esperanza, 0, 5, 5, 0, 0, 0
Kungfuadam, 0, 119, 115, 4, 0, 0
Grace Note, 0, 48, 20, 28, 0, 0
SandyGeorgia, 0, 80, 24, 56, 0, 0
Avraham, 74, 97, 34, 63, 66, 8
Briangotts, 32, 52, 48, 4, 30, 2
Crzrussian, 290, 156, 125, 31, 235, 55
Yanksox, 131, 94, 65, 29, 112, 19
RandyWang, 0, 54, 46, 8, 0, 0
Ikiroid, 88, 37, 33, 4, 82, 6
Ikiroid/Desk, 0, 24, 21, 3, 0, 0
ForestH2, 0, 39, 39, 0, 0, 0
Abcdefghijklm (page does not exist), 0, 18, 17, 1, 0, 0
Digitalme, 0, 51, 50, 1, 0, 0
Digitalme/Esperanza, 0, 33, 32, 1, 0, 0
Brisvegas, 0, 21, 21, 0, 0, 0
Brisvegas/Esperanza, 0, 5, 5, 0, 0, 0
PinchasC, 46, 7, 7, 0, 46, 0
Nobleeagle, 0, 27, 20, 7, 0, 0
M1ss1ontomars2k4, 0, 14, 11, 3, 0, 0
M1ss1ontomars2k4/Esperanza, 0, 9, 8, 1, 0, 0
Adambiswanger1, 75, 33, 21, 12, 65, 10
AMK152, 0, 2, 2, 0, 0, 0
DVD R W, 0, 44, 44, 0, 0, 0
RadioKirk, 80, 54, 52, 2, 75, 5
Kinneyboy90, 0, 7, 4, 3, 0, 0
Jni, 26, 93, 78, 15, 23, 3
Anonymous anonymous, 0, 32, 30, 2, 0, 0
Winhunter, 61, 30, 26, 4, 61, 0
Stephen B Streater, 0, 29, 21, 8, 0, 0
T-rex, 0, 95, 64, 31, 0, 0
Heptor, 0, 4, 4, 0, 0, 0
IZAK, 0, 7, 7, 0, 0, 0
Humus sapiens, 0, 20, 19, 1, 0, 0
Blue520, 0, 32, 31, 1, 0, 0
Nesher, 0, 1, 1, 0, 0, 0
Searchme/Esperanza, 0, 38, 38, 0, 0, 0
Polonium, 0, 7, 7, 0, 0, 0
Arnzy (page does not exist), 0, 29, 27, 2, 0, 0
Daniel5127, 0, 44, 42, 2, 0, 0
Jossi, 0, 98, 76, 22, 0, 0
TruthCrusader (page does not exist), 0, 51, 49, 2, 0, 0
Kilo-Lima, 74, 49, 47, 2, 68, 6
Kilo-Lima/Esperanza (page does not exist), 0, 47, 45, 2, 0, 0
Where, 119, 16, 14, 2, 119, 0
HighwayCello, 0, 45, 42, 3, 0, 0
HighwayCello/Esperanza, 0, 44, 41, 3, 0, 0
Armedblowfish (page does not exist), 0, 11, 9, 2, 0, 0
Hoopydink/Esperanza (page does not exist), 0, 101, 86, 15, 0, 0
Tobyk777, 0, 2, 1, 1, 0, 0
JJay, 0, 14, 3, 11, 0, 0
Sean_Black, 280, 0, 0, 0, 190, 90
Cowman109, 78, 9, 8, 1, 71, 7
W.marsh (page does not exist), 0, 92, 80, 12, 0, 0
Steel359, 52, 53, 42, 11, 49, 3
Rje, 23, 225, 182, 43, 23, 0
Badlydrawnjeff (page does not exist), 0, 23, 13, 10, 0, 0
TKD, 39, 32, 28, 4, 39, 0
Crzrussian/Userpage, 0, 13, 10, 3, 0, 0
Ixfd64, 23, 58, 54, 4, 22, 1
Lightdarkness, 148, 33, 31, 2, 136, 12
1ne (page does not exist), 0, 39, 33, 6, 0, 0
Tariqabjotu, 125, 30, 18, 12, 118, 7
Alphachimp, 161, 86, 80, 6, 144, 17
Mindspillage, 43, 130, 129, 1, 38, 5
Digitalme/EA, 0, 18, 18, 0, 0, 0
Xyrael, 72, 24, 24, 0, 65, 7
Xyrael/Esperanza (page does not exist), 0, 21, 21, 0, 0, 0
Pschemp, 105, 104, 80, 24, 94, 11
Crazytales56297, 0, 25, 25, 0, 0, 0
Pilotguy, 134, 38, 33, 5, 133, 1
GHe, 0, 89, 82, 7, 0, 0
GHe/Esperanza, 0, 89, 82, 7, 0, 0
Will Beback, 0, 59, 43, 16, 0, 0
Benon, 0, 41, 38, 3, 0, 0
Bookofjude, 158, 21, 19, 2, 139, 19
Gmaxwell, 0, 23, 15, 8, 0, 0
Keitei, 0, 7, 3, 4, 0, 0
Hamster Sandwich, 0, 55, 50, 5, 0, 0
Interiot, 108, 17, 14, 3, 108, 0
Mike Halterman, 0, 60, 46, 14, 0, 0
Gray Porpoise, 0, 21, 20, 1, 0, 0
Hahnchen, 0, 39, 27, 12, 0, 0
Centrx, 75, 9, 2, 7, 53, 22
Alex Bakharev, 0, 158, 144, 14, 0, 0
Pepsidrinka, 92, 32, 30, 2, 89, 3
Peripitus, 94, 30, 14, 16, 0, 94
GIen, 106, 29, 27, 2, 86, 20
Klemen Kocjancic, 0, 12, 12, 0, 0, 0
Pegasus1138, 0, 21, 20, 1, 0, 0
Musical Linguist, 0, 40, 36, 4, 0, 0
Kalathalan, 0, 23, 23, 0, 0, 0
Phil Boswell, 0, 10, 9, 1, 0, 0
Celestianpower/Esperanza, 0, 47, 44, 3, 0, 0
Nightstallion/esperanza, 0, 17, 17, 0, 0, 0
GChriss, 0, 4, 3, 1, 0, 0
Improv, 49, 19, 14, 5, 47, 2
Tangotango, 122, 48, 46, 2, 122, 0
Tangotango/Esperanza (page does not exist), 0, 44, 42, 2, 0, 0
Tom harrison, 0, 25, 20, 5, 0, 0
Deathphoenix, 64, 81, 77, 4, 59, 5
HOTR (page does not exist), 0, 3, 3, 0, 0, 0
Philwelch, 52, 10, 7, 3, 42, 10
DragonflySixtyseven, 53, 45, 26, 19, 51, 2
AlisonW, 0, 1, 1, 0, 0, 0
Marudubshinki, 27, 11, 9, 2, 22, 5
Morven, 1, 36, 32, 4, 0, 1
ESkog, 93, 33, 31, 2, 92, 1
BigDT, 107, 45, 31, 14, 81, 26
Ian13, 75, 14, 13, 1, 53, 22
StuffOfInterest, 61, 8, 6, 2, 53, 8
NoSeptember/Signature11, 0, 8, 7, 1, 0, 0
SCZenz, 25, 23, 17, 6, 25, 0
Mackensen, 19, 80, 59, 21, 17, 2
Mboverload, 0, 8, 5, 3, 0, 0
Ac1983fan/esperanza (page does not exist), 0, 9, 6, 3, 0, 0
NicholasTurnbull, 58, 18, 18, 0, 49, 9
Ali K, 0, 8, 7, 1, 0, 0
Opabinia regalis, 0, 87, 36, 51, 0, 0
Aren't I Obscure?, 0, 3, 2, 1, 0, 0
BrokenSegue, 19, 10, 8, 2, 15, 4
Mike 7, 0, 190, 167, 23, 0, 0
Snoutwood, 68, 10, 8, 2, 68, 0
Sannse, 0, 19, 18, 1, 0, 0
Draicone (page does not exist), 0, 16, 16, 0, 0, 0
Mhking, 0, 27, 22, 5, 0, 0
"Hit bull, win steak", 0, 22, 20, 2, 0, 0
RicDod, 0, 6, 6, 0, 0, 0
WCityMike (page does not exist), 0, 2, 2, 0, 0, 0
Slgrandson, 0, 99, 74, 25, 0, 0
Josiah Rowe, 0, 2, 1, 1, 0, 0
Carnildo, 234, 34, 28, 6, 133, 101
Kylu, 163, 33, 29, 4, 112, 51
Sasquatch, 32, 30, 28, 2, 27, 5
Makemi, 57, 6, 6, 0, 51, 6
Dawson, 0, 6, 6, 0, 0, 0
Thebainer, 47, 23, 21, 2, 47, 0
Ryulong, 191, 16, 13, 3, 118, 73
Rune.welsh, 145, 18, 16, 2, 145, 0
Triona, 0, 29, 13, 16, 0, 0
Hipocrite, 0, 35, 18, 17, 0, 0
AKMask, 0, 14, 7, 7, 0, 0
Robth, 56, 9, 8, 1, 54, 2
Henry Flower, 0, 1, 0, 1, 0, 0
Rx StrangeLove, 0, 55, 37, 18, 0, 0
Chili14, 0, 3, 3, 0, 0, 0
Chili14/Esperanza (page does not exist), 0, 2, 2, 0, 0, 0
Vilerage, 0, 41, 41, 0, 0, 0
Vilerage/norealspamplease, 0, 32, 32, 0, 0, 0
Jeffrey O. Gustafson (page does not exist), 0, 41, 31, 10, 0, 0
Jeffrey O. Gustafson/Shazaam, 0, 33, 23, 10, 0, 0
Thesocialistesq, 0, 3, 3, 0, 0, 0
Viva La Vie Boheme!, 0, 9, 9, 0, 0, 0
Viva La Vie Boheme!/WC, 0, 9, 9, 0, 0, 0
Viva La Vie Boheme!/Concordia, 0, 9, 9, 0, 0, 0
Viva La Vie Boheme!/Esperanza, 0, 9, 9, 0, 0, 0
Esteffect, 0, 17, 5, 12, 0, 0
Woohookitty, 33, 19, 19, 0, 33, 0
Samuel Blanning, 0, 13, 11, 2, 0, 0
Cool Cat (page does not exist), 0, 11, 9, 2, 0, 0
Amgine (page does not exist), 0, 7, 6, 1, 0, 0
The Epopt, 0, 2, 1, 1, 0, 0
Terrancommander, 0, 15, 15, 0, 0, 0
Terrancommander/Esperanza, 0, 15, 15, 0, 0, 0
InShaneee, 47, 18, 17, 1, 44, 3
F-m-t, 0, 11, 9, 2, 0, 0
Danny, 1, 55, 51, 4, 0, 1
Malo, 61, 7, 6, 1, 61, 0
Rebecca, 0, 12, 5, 7, 0, 0
Misza13, 160, 37, 35, 2, 157, 3
Calton, 0, 15, 10, 5, 0, 0
Chairboy, 79, 32, 29, 3, 79, 0
Kim Bruning, 0, 54, 38, 16, 0, 0
BirgitteSB, 131, 8, 5, 3, 0, 131
Buickid, 0, 8, 8, 0, 0, 0
KillerChihuahua, 66, 67, 47, 20, 57, 9
Erik the Rude (page does not exist), 0, 2, 1, 1, 0, 0
Deon555, 0, 5, 4, 1, 0, 0
Guinnog, 89, 47, 42, 5, 61, 28
Themindset, 0, 47, 40, 7, 0, 0
Zeq, 0, 5, 2, 3, 0, 0
63.23.2.31 (page does not exist), 0, 1, 0, 1, 0, 0
Aguerriero (page does not exist), 0, 45, 38, 7, 0, 0
Thumbelina, 0, 49, 37, 12, 0, 0
David D., 0, 19, 10, 9, 0, 0
Joturner (page does not exist), 0, 46, 42, 4, 0, 0
Eluchil404, 63, 56, 40, 16, 58, 5
Bucketsofg, 120, 117, 109, 8, 115, 5
Bucketsofg/Esperanza, 0, 45, 43, 2, 0, 0
RFerreira, 0, 23, 17, 6, 0, 0
Nae'blis, 0, 37, 20, 17, 0, 0
JJJJust, 0, 2, 1, 1, 0, 0
WillMak050389, 0, 24, 18, 6, 0, 0
A. B., 0, 151, 100, 51, 0, 0
Grandmasterka/My RfA Criteria, 0, 10, 8, 2, 0, 0
Grandmasterka, 121, 97, 84, 13, 116, 5
Zaxem, 0, 95, 78, 17, 0, 0
Avenue, 0, 15, 12, 3, 0, 0
Shizane, 0, 17, 13, 4, 0, 0
Goldom, 64, 23, 20, 3, 59, 5
Sir Nicholas de Mimsy-Porpington, 0, 36, 33, 3, 0, 0
Karmafist/manifesto, 0, 8, 7, 1, 0, 0
AaronS (page does not exist), 0, 6, 5, 1, 0, 0
Idont Havaname, 0, 18, 16, 2, 0, 0
Knowledge Seeker, 0, 49, 42, 7, 0, 0
OwenX, 49, 46, 37, 9, 43, 6
El C/IDF, 0, 1, 0, 1, 0, 0
Lostintherush, 65, 78, 63, 15, 65, 0
Everyking, 181, 144, 90, 54, 0, 181
Amgine/B (page does not exist), 0, 1, 0, 1, 0, 0
Cyde/B, 0, 1, 0, 1, 0, 0
Cactus.man/KMB, 0, 1, 0, 1, 0, 0
Lingeron, 0, 5, 0, 5, 0, 0
Lingeron/playbox (page does not exist), 0, 5, 0, 5, 0, 0
Wisden17, 0, 29, 17, 12, 0, 0
Bharatveer, 0, 9, 8, 1, 0, 0
Srose, 0, 30, 26, 4, 0, 0
AbsolutDan, 0, 9, 8, 1, 0, 0
Phaedriel/Soundtrack of Wikipedians, 0, 11, 9, 2, 0, 0
TeaDrinker, 52, 18, 5, 13, 0, 52
Junglecat, 0, 80, 66, 14, 0, 0
Teke (page does not exist), 0, 35, 32, 3, 0, 0
Ligulem, 77, 29, 22, 7, 68, 9
Zappa.jake, 0, 4, 4, 0, 0, 0
Zappa.jake/templates/esperanza, 0, 4, 4, 0, 0, 0
Chaser, 56, 55, 22, 33, 51, 5
Tyrenius, 71, 58, 42, 16, 65, 6
The Halo, 0, 43, 38, 5, 0, 0
The Halo/Esperanza (page does not exist), 0, 31, 26, 5, 0, 0
Mostly Rainy, 0, 20, 20, 0, 0, 0
Tuspm (page does not exist), 0, 14, 12, 2, 0, 0
Tuspm/Esperanza, 0, 10, 9, 1, 0, 0
Seivad, 0, 15, 14, 1, 0, 0
Firsfron, 78, 48, 34, 14, 73, 5
Agent 86, 0, 84, 76, 8, 0, 0
GeorgeMoney, 0, 26, 26, 0, 0, 0
Molerat, 0, 3, 3, 0, 0, 0
Heah, 55, 12, 11, 1, 45, 10
Coredesat, 79, 64, 41, 23, 79, 0
Coredesat/Esperanza (page does not exist), 0, 24, 23, 1, 0, 0
JamesTeterenko, 31, 29, 27, 2, 29, 2
'sed (page does not exist), 0, 1, 0, 1, 0, 0
BaseballBaby (page does not exist), 0, 53, 50, 3, 0, 0
YankeeFan2006, 0, 4, 4, 0, 0, 0
64.12.116.134 (page does not exist), 0, 1, 1, 0, 0, 0
Mailar diabIow (page does not exist), 0, 1, 1, 0, 0, 0
Riana dzasta (page does not exist), 0, 89, 84, 5, 0, 0
Riana dzasta/Esperanza (page does not exist), 0, 16, 14, 2, 0, 0
IanManka, 71, 9, 9, 0, 58, 13
King of Hearts, 0, 191, 35, 156, 0, 0
Andypandy.UK, 0, 76, 53, 23, 0, 0
Anger22, 0, 51, 49, 2, 0, 0
Jaxl, 37, 96, 95, 1, 37, 0
DrunkenSmurf, 0, 4, 1, 3, 0, 0
Dr Zak, 0, 12, 8, 4, 0, 0
Youngamerican, 69, 54, 48, 6, 69, 0
Accurizer, 0, 18, 16, 2, 0, 0
Fang Aili, 0, 55, 44, 11, 0, 0
Bachrach44, 0, 24, 22, 2, 0, 0
GangstaEB/SigDirectory/1, 0, 6, 5, 1, 0, 0
GangstaEB/PenguinLog, 0, 6, 5, 1, 0, 0
Zoe, 0, 30, 21, 9, 0, 0
Viridae, 54, 58, 47, 11, 52, 2
Osbus, 0, 4, 4, 0, 0, 0
Kicking222, 38, 57, 44, 13, 38, 0
Shreshth91, 25, 95, 87, 8, 25, 0
Shreshth91/Esperanza, 0, 14, 14, 0, 0, 0
Tijuana Brass, 0, 27, 19, 8, 0, 0
Minun/PCP/Entrance, 0, 6, 6, 0, 0, 0
Minun/EA, 0, 4, 4, 0, 0, 0
Minun, 0, 7, 7, 0, 0, 0
MrFizyx, 0, 17, 16, 1, 0, 0
Crisspy, 0, 1, 1, 0, 0, 0
Deskana, 64, 52, 35, 17, 61, 3
141.158.40.105 (page does not exist), 0, 1, 0, 1, 0, 0
WAvegetarian, 95, 12, 11, 1, 92, 3
Catamorphism, 0, 1, 1, 0, 0, 0
Canderson7, 21, 24, 23, 1, 21, 0
Thistheman, 0, 17, 15, 2, 0, 0
Reggae Sanderz (page does not exist), 0, 5, 4, 1, 0, 0
Asterion/Esperanza (page does not exist), 0, 6, 6, 0, 0, 0
Asterion, 81, 19, 19, 0, 81, 0
RyanGerbil10, 60, 161, 106, 55, 46, 14
RyanGerbil10/Esperanza (page does not exist), 0, 61, 57, 4, 0, 0
Michael Snow, 0, 162, 154, 8, 0, 0
HResearcher, 0, 12, 5, 7, 0, 0
Geni, 119, 19, 8, 11, 16, 103
EWS23/RFA, 0, 4, 4, 0, 0, 0
EWS23, 106, 55, 55, 0, 106, 0
MLA, 0, 28, 25, 3, 0, 0
Edgar181, 86, 25, 12, 13, 86, 0
Prodego, 91, 105, 57, 48, 87, 4
Picaroon9288 (page does not exist), 0, 12, 11, 1, 0, 0
Vengeful Cynic, 0, 7, 5, 2, 0, 0
Daniel.Bryant, 0, 71, 66, 5, 0, 0
Daniel.Bryant/Esperanza, 0, 4, 3, 1, 0, 0
Imoeng, 0, 7, 7, 0, 0, 0
Tuspm/RFA Criteria, 0, 4, 4, 0, 0, 0
Runcorn, 40, 28, 18, 10, 38, 2
Gwernol, 95, 86, 67, 19, 95, 0
ERcheck, 79, 2, 1, 1, 79, 0
Marine 69-71, 0, 63, 55, 8, 0, 0
Looper5920, 0, 39, 32, 7, 0, 0
Murcielago, 0, 3, 3, 0, 0, 0
Diehard2k5, 0, 1, 1, 0, 0, 0
AntonioMartin, 0, 15, 13, 2, 0, 0
Stormscape, 0, 1, 1, 0, 0, 0
Sti!fIe, 0, 1, 1, 0, 0, 0
Raven4x4x, 63, 44, 40, 4, 60, 3
NCurse, 94, 20, 20, 0, 93, 1
Grafikm fr, 0, 23, 18, 5, 0, 0
Bigtop, 0, 9, 9, 0, 0, 0
Bigtop/Esperanza (page does not exist), 0, 2, 2, 0, 0, 0
Mmx1, 0, 2, 2, 0, 0, 0
Samiraidif (page does not exist), 0, 1, 1, 0, 0, 0
Joelr31, 81, 21, 16, 5, 74, 7
Jared Hunt, 0, 11, 10, 1, 0, 0
ShaunES, 0, 4, 4, 0, 0, 0
Newyorkbrad, 225, 469, 167, 302, 214, 11
Wickethewok, 81, 2, 1, 1, 67, 14
No Guru, 0, 19, 19, 0, 0, 0
Yomangani, 90, 9, 7, 2, 73, 17
Ifnord, 0, 30, 21, 9, 0, 0
MrDolomite, 0, 1, 1, 0, 0, 0
Zzuuzz, 45, 35, 13, 22, 43, 2
Fan-1967, 0, 5, 5, 0, 0, 0
Kimchi.sq. (page does not exist), 0, 1, 1, 0, 0, 0
Mets501/RfA standards, 0, 8, 8, 0, 0, 0
Gidonb, 0, 59, 54, 5, 0, 0
Starblind, 53, 162, 114, 48, 41, 12
Mo0, 38, 20, 20, 0, 37, 1
Feydey, 56, 68, 61, 7, 48, 8
Buchanan-Hermit, 91, 44, 41, 3, 68, 23
Wknight94, 69, 44, 28, 16, 69, 0
Darthgriz98/Esperanza, 0, 1, 1, 0, 0, 0
PerfectStorm, 0, 3, 3, 0, 0, 0
PerfectStorm/Esperanza (page does not exist), 0, 3, 3, 0, 0, 0
Editor88, 0, 1, 1, 0, 0, 0
Amcbride, 0, 18, 18, 0, 0, 0
Golbez, 16, 17, 14, 3, 16, 0
PseudoSudo, 0, 11, 10, 1, 0, 0
MasterEagle (page does not exist), 0, 1, 1, 0, 0, 0
Nathanrdotcom, 0, 12, 11, 1, 0, 0
ILovePlankton/My loyalties to my friends (page does not exist), 0, 11, 11, 0, 0, 0
JoanneB, 92, 41, 39, 2, 91, 1
Valentinian, 0, 34, 32, 2, 0, 0
Lectonar, 23, 47, 32, 15, 23, 0
Peterwats (page does not exist), 0, 1, 1, 0, 0, 0
Sergeant Snopake, 0, 3, 3, 0, 0, 0
Froggydarb, 0, 2, 1, 1, 0, 0
JackLumber, 0, 2, 2, 0, 0, 0
Jorcoga, 0, 89, 83, 6, 0, 0
Spangineer, 33, 35, 32, 3, 33, 0
Tachikoma (page does not exist), 0, 14, 13, 1, 0, 0
Tachikoma/Esperanza (page does not exist), 0, 3, 3, 0, 0, 0
Ohnoitsjamie, 101, 48, 30, 18, 101, 0
Taxman, 36, 71, 53, 18, 36, 0
Syrthiss, 21, 52, 47, 5, 21, 0
Tony Fox, 0, 33, 17, 16, 0, 0
John Hill6633 (page does not exist), 0, 1, 1, 0, 0, 0
AudeVivere (page does not exist), 0, 32, 30, 2, 0, 0
Jason Potter, 0, 1, 1, 0, 0, 0
CatherineMunro, 1, 3, 3, 0, 0, 1
TigerShark, 81, 39, 25, 14, 63, 18
Thistheman/Esperanza, 0, 2, 2, 0, 0, 0
Reo On, 0, 1, 1, 0, 0, 0
Fredil Yupigo, 0, 8, 8, 0, 0, 0
Fredil Yupigo/Esperanza (page does not exist), 0, 5, 5, 0, 0, 0
Ragesoss, 62, 50, 33, 17, 37, 25
AnonEMouse, 70, 20, 14, 6, 60, 10
Jersey Devil, 0, 30, 26, 4, 0, 0
Jkelly, 48, 32, 31, 1, 47, 1
Kuru, 82, 59, 35, 24, 82, 0
CanadianCaesar, 68, 27, 26, 1, 65, 3
Hexagon1, 0, 6, 2, 4, 0, 0
Doc Tropics, 0, 13, 12, 1, 0, 0
Spawn Man, 0, 33, 18, 15, 0, 0
The Ungovernable Force, 0, 2, 2, 0, 0, 0
Zscout370, 103, 24, 17, 7, 101, 2
CakeProphet, 0, 1, 1, 0, 0, 0
Leithp, 33, 9, 7, 2, 33, 0
Kevin Breitenstein, 0, 4, 4, 0, 0, 0
Ryu Kaze, 0, 2, 2, 0, 0, 0
Lion King, 0, 2, 2, 0, 0, 0
Geogre, 38, 82, 69, 13, 33, 5
Bastique, 104, 34, 16, 18, 89, 15
Karrmann, 0, 2, 2, 0, 0, 0
Eloquence, 0, 5, 4, 1, 0, 0
Eloquence/CP, 0, 4, 4, 0, 0, 0
CliffHarris (page does not exist), 0, 2, 2, 0, 0, 0
Smurrayinchester, 118, 20, 19, 1, 106, 12
Natalya, 118, 40, 28, 12, 116, 2
Natalya/Esperanza, 0, 24, 24, 0, 0, 0
Attic Owl, 0, 5, 3, 2, 0, 0
BillyH, 32, 3, 3, 0, 25, 7
Bornhj, 0, 28, 27, 1, 0, 0
Bornhj/E, 0, 19, 18, 1, 0, 0
Fetofs, 0, 16, 16, 0, 0, 0
SynergeticMaggot, 0, 75, 46, 29, 0, 0
Mr. Lefty, 0, 67, 64, 3, 0, 0
Eliade, 0, 1, 1, 0, 0, 0
Lulu of the Lotus-Eaters, 0, 6, 5, 1, 0, 0
TantalumTelluride, 0, 70, 66, 4, 0, 0
Deli nk, 0, 28, 2, 26, 0, 0
Zoz (page does not exist), 0, 6, 6, 0, 0, 0
Aldux, 52, 48, 40, 8, 50, 2
I@n, 0, 8, 6, 2, 0, 0
Kingboyk, 56, 56, 51, 5, 55, 1
Weird Bird, 0, 5, 5, 0, 0, 0
Stubbleboy, 0, 26, 21, 5, 0, 0
Blinking Spirit, 0, 1, 1, 0, 0, 0
Kitia/Friends, 0, 1, 1, 0, 0, 0
Mangojuice, 75, 30, 21, 9, 69, 6
Abdullah Geelah, 0, 1, 1, 0, 0, 0
Kitia, 0, 2, 1, 1, 0, 0
Trialsanderrors, 73, 94, 79, 15, 66, 7
Aaron Brenneman, 0, 21, 16, 5, 0, 0
Bože pravde, 0, 2, 2, 0, 0, 0
Georgewilliamherbert, 87, 30, 29, 1, 79, 8
Carmelapple, 0, 1, 1, 0, 0, 0
Carmelapple/Esperanza (page does not exist), 0, 1, 1, 0, 0, 0
GrasslandT, 0, 3, 3, 0, 0, 0
RainbowSwirl, 0, 2, 2, 0, 0, 0
VanM, 0, 2, 2, 0, 0, 0
QuarterZ, 0, 2, 2, 0, 0, 0
ADNghiem501 (page does not exist), 0, 3, 3, 0, 0, 0
DavidHOzAu, 0, 2, 2, 0, 0, 0
Messedrocker, 104, 11, 9, 2, 103, 1
Evan Robidoux (page does not exist), 0, 7, 7, 0, 0, 0
Anomo, 0, 7, 6, 1, 0, 0
Metamagician3000, 63, 34, 29, 5, 56, 7
Ghirlandajo, 0, 47, 33, 14, 0, 0
Husond, 90, 215, 146, 69, 90, 0
BigCow, 0, 1, 1, 0, 0, 0
Nebular110, 0, 1, 1, 0, 0, 0
Trevor macinnis, 0, 18, 17, 1, 0, 0
GT, 0, 6, 3, 3, 0, 0
207.145.133.34 (page does not exist), 0, 1, 0, 1, 0, 0
Kotepho, 0, 8, 6, 2, 0, 0
Sir_Nicholas_de_Mimsy-Porpington, 113, 0, 0, 0, 104, 9
Fabrib, 0, 3, 3, 0, 0, 0
Danielross40, 0, 3, 2, 1, 0, 0
Aeon1006, 0, 14, 13, 1, 0, 0
Deepujoseph (page does not exist), 0, 25, 24, 1, 0, 0
Deepujoseph/Esperanza (page does not exist), 0, 12, 12, 0, 0, 0
Bumm13, 68, 2, 2, 0, 55, 13
Bluelist, 0, 1, 1, 0, 0, 0
Ashibaka (page does not exist), 0, 21, 17, 4, 0, 0
ImpuMozhi, 0, 6, 6, 0, 0, 0
Ashay Arekar, 0, 1, 1, 0, 0, 0
Zanimum, 0, 15, 14, 1, 0, 0
Elonka, 177, 10, 7, 3, 0, 177
Sukh, 0, 3, 3, 0, 0, 0
Crazycomputers, 78, 4, 1, 3, 62, 16
Crazynas, 0, 10, 9, 1, 0, 0
BryanG/RfA criteria, 0, 10, 10, 0, 0, 0
Betacommand, 80, 14, 12, 2, 76, 4
Threeafterthree, 0, 3, 2, 1, 0, 0
Robdurbar, 55, 18, 18, 0, 52, 3
Czj, 0, 3, 3, 0, 0, 0
TedE, 0, 16, 9, 7, 0, 0
MisfitToys, 69, 1, 0, 1, 55, 14
Bugs5382, 0, 2, 2, 0, 0, 0
SchmuckyTheCat, 0, 25, 19, 6, 0, 0
Kukini, 103, 73, 62, 11, 103, 0
Themindset/RFA, 0, 6, 2, 4, 0, 0
Bkonrad, 0, 45, 40, 5, 0, 0
JYolkowski, 21, 45, 43, 2, 21, 0
CFIF, 0, 24, 18, 6, 0, 0
Semperf, 0, 7, 7, 0, 0, 0
Mike Christie, 0, 38, 14, 24, 0, 0
FireFox/RfA, 0, 2, 2, 0, 0, 0
CQJ, 0, 4, 4, 0, 0, 0
Deon555/Contact (page does not exist), 0, 1, 1, 0, 0, 0
TheM62Manchester, 0, 3, 3, 0, 0, 0
CP\M, 0, 1, 1, 0, 0, 0
Coemgenus, 0, 71, 50, 21, 0, 0
Luna Santin, 0, 25, 19, 6, 0, 0
Icelandic Hurricane, 0, 16, 16, 0, 0, 0
Icelandic Hurricane/Contributions, 0, 16, 16, 0, 0, 0
Wikipediarules2221, 0, 39, 35, 4, 0, 0
Torinir, 0, 6, 4, 2, 0, 0
Miborovsky/B, 0, 14, 5, 9, 0, 0
Dar-Ape, 0, 33, 33, 0, 0, 0
The Gerg, 0, 7, 7, 0, 0, 0
The Gerg/Esperanza, 0, 3, 3, 0, 0, 0
Mailer diablo/B, 0, 11, 11, 0, 0, 0
NOBS, 0, 1, 1, 0, 0, 0
Tchadienne, 0, 3, 1, 2, 0, 0
Pete.Hurd, 0, 47, 29, 18, 0, 0
Aknorals, 0, 1, 1, 0, 0, 0
Poetlister, 0, 6, 2, 4, 0, 0
Oldelpaso, 36, 29, 21, 8, 36, 0
Pmanderson, 0, 31, 14, 17, 0, 0
Deb, 0, 109, 26, 83, 0, 0
Violetriga, 34, 20, 19, 1, 34, 0
MelForbes (page does not exist), 0, 1, 1, 0, 0, 0
Alai, 54, 46, 34, 12, 54, 0
Aquilina, 0, 12, 12, 0, 0, 0
Bakasuprman, 0, 31, 30, 1, 0, 0
Viva La Vie Boheme!/B, 0, 1, 1, 0, 0, 0
Physicq210 (page does not exist), 0, 29, 25, 4, 0, 0
Schuminweb, 0, 2, 2, 0, 0, 0
Bootstoots, 0, 2, 2, 0, 0, 0
Tree Biting Conspiracy, 0, 34, 26, 8, 0, 0
Btball, 0, 4, 3, 1, 0, 0
Musaabdulrashid, 0, 6, 5, 1, 0, 0
Marskell, 96, 75, 62, 13, 82, 14
Aguerriero, 61, 0, 0, 0, 57, 4
Wikibofh, 17, 3, 3, 0, 17, 0
Dlohcierekim, 73, 222, 14, 208, 0, 73
Ziggurat, 0, 8, 8, 0, 0, 0
Fireplace, 0, 3, 3, 0, 0, 0
Tariqabjotu/DSoDD, 0, 3, 2, 1, 0, 0
PJM, 0, 39, 39, 0, 0, 0
Royalguard11, 74, 13, 11, 2, 62, 12
Some P. Erson, 0, 5, 5, 0, 0, 0
VegaDark, 52, 68, 53, 15, 52, 0
Andrew_Levine, 90, 0, 0, 0, 67, 23
Fabricationary, 0, 7, 6, 1, 0, 0
Andrew Levine (page does not exist), 0, 4, 1, 3, 0, 0
Jeffklib, 0, 9, 9, 0, 0, 0
Icewolf34, 0, 1, 1, 0, 0, 0
Jahiegel/Views on Wikipedia/Requests for adminship, 0, 84, 66, 18, 0, 0
RedZebra, 0, 4, 3, 1, 0, 0
Kbdank71, 32, 87, 61, 26, 26, 6
LarryQ, 0, 1, 1, 0, 0, 0
SorryGuy, 0, 48, 16, 32, 0, 0
SorryGuy/Esperanza, 0, 10, 10, 0, 0, 0
TacoDeposit, 0, 30, 27, 3, 0, 0
Carmen Chamelion (page does not exist), 0, 1, 1, 0, 0, 0
Opark 77, 0, 1, 1, 0, 0, 0
DrL, 0, 1, 0, 1, 0, 0
Son of a Peach, 0, 1, 0, 1, 0, 0
QuizQuick (page does not exist), 0, 3, 2, 1, 0, 0
CrazyInSane, 0, 7, 4, 3, 0, 0
Dweller, 101, 93, 41, 52, 101, 0
Quill E. Coyote (page does not exist), 0, 2, 0, 2, 0, 0
AmiDaniel, 207, 23, 22, 1, 201, 6
Kchase02, 0, 20, 16, 4, 0, 0
Omicronpersei8, 0, 5, 4, 1, 0, 0
Kevin1243 (page does not exist), 0, 6, 6, 0, 0, 0
Republitarian, 0, 2, 1, 1, 0, 0
Alphachimpbot, 0, 1, 0, 1, 0, 0
Meersan, 0, 3, 3, 0, 0, 0
Nishkid64, 77, 238, 190, 48, 65, 12
Pedant, 0, 19, 17, 2, 0, 0
TheProject, 0, 4, 4, 0, 0, 0
Yamla, 55, 9, 9, 0, 53, 2
NMChico24, 0, 5, 5, 0, 0, 0
Robomaeyhem, 0, 2, 2, 0, 0, 0
Robomaeyhem/Esperanza, 0, 2, 2, 0, 0, 0
Viva La Vie Boheme!/fd, 0, 1, 1, 0, 0, 0
Larry V, 0, 1, 1, 0, 0, 0
Danaman5, 30, 36, 25, 11, 28, 2
MiraLuka, 0, 2, 2, 0, 0, 0
Gurch, 75, 28, 23, 5, 70, 5
SOADLuver, 0, 13, 13, 0, 0, 0
"That Guy, From That Show!", 0, 25, 25, 0, 0, 0
Marc Shepherd, 0, 2, 2, 0, 0, 0
Satori Son, 0, 4, 2, 2, 0, 0
Ashibaka/b (page does not exist), 0, 2, 2, 0, 0, 0
StarryEyes (page does not exist), 0, 1, 1, 0, 0, 0
Budgiekiller (page does not exist), 0, 6, 6, 0, 0, 0
Wangi, 78, 13, 10, 3, 65, 13
Bahn Mi, 0, 12, 9, 3, 0, 0
Daniel Olsen, 0, 13, 12, 1, 0, 0
Masssiveego/admin, 0, 5, 0, 5, 0, 0
Typochimp, 0, 1, 0, 1, 0, 0
Adamcobb, 0, 2, 2, 0, 0, 0
SoothingR, 78, 14, 12, 2, 72, 6
Anthony cfc, 0, 18, 16, 2, 0, 0
Oberst, 0, 1, 1, 0, 0, 0
Stevietheman, 0, 2, 1, 1, 0, 0
Freakofnurture, 68, 2, 1, 1, 65, 3
Vsion, 0, 7, 6, 1, 0, 0
St.isaac, 0, 1, 0, 1, 0, 0
Consumed_Crustacean, 90, 0, 0, 0, 61, 29
CrazyInSane/statement, 0, 1, 1, 0, 0, 0
Dryman, 0, 12, 12, 0, 0, 0
ReyBrujo, 86, 12, 8, 4, 79, 7
Consumed Crustacean, 0, 1, 0, 1, 0, 0
Vsmith, 29, 20, 19, 1, 28, 1
Georgianis, 0, 1, 1, 0, 0, 0
JesseW/sig, 0, 14, 14, 0, 0, 0
Crazytales56297/B0x3n (page does not exist), 0, 1, 1, 0, 0, 0
Dionyseus, 0, 66, 55, 11, 0, 0
Allen3, 16, 9, 9, 0, 12, 4
Ohnoitsjarnie (page does not exist), 0, 2, 1, 1, 0, 0
Dollarsign$, 0, 1, 0, 1, 0, 0
TomTheHand, 50, 8, 4, 4, 47, 3
Dimension31, 0, 1, 0, 1, 0, 0
Axiomm, 0, 8, 6, 2, 0, 0
Cynical, 0, 37, 16, 21, 0, 0
Larry_V, 51, 0, 0, 0, 41, 10
CrazyInSane/disclaimer, 0, 1, 1, 0, 0, 0
Zouf, 0, 1, 1, 0, 0, 0
Imdanumber1, 0, 1, 1, 0, 0, 0
Ageo020, 0, 218, 215, 3, 0, 0
Mantanmoreland, 0, 6, 4, 2, 0, 0
Zsinj, 67, 28, 22, 6, 59, 8
64.12.117.11 (page does not exist), 0, 2, 1, 1, 0, 0
Funky Monkey, 0, 11, 9, 2, 0, 0
Tim Starling, 0, 3, 1, 2, 0, 0
Danntm, 0, 237, 233, 4, 0, 0
Petaholmes, 31, 32, 31, 1, 31, 0
Eagle 101, 0, 30, 24, 6, 0, 0
Vivaldi, 0, 1, 1, 0, 0, 0
Moriori, 19, 19, 1, 18, 17, 2
Phr, 0, 3, 0, 3, 0, 0
Martinp23, 70, 28, 20, 8, 70, 0
Martinp23/Esperanza, 0, 8, 7, 1, 0, 0
Doctorbruno, 0, 19, 19, 0, 0, 0
Royalguard11/Desk, 0, 3, 2, 1, 0, 0
Kungming2, 0, 11, 10, 1, 0, 0
Kungming2/Esperanza (page does not exist), 0, 11, 10, 1, 0, 0
Zapptastic, 0, 1, 1, 0, 0, 0
J Di, 0, 5, 5, 0, 0, 0
Fahrenheit451, 0, 3, 0, 3, 0, 0
MichaelBillington, 93, 31, 29, 2, 90, 3
Palffy, 0, 1, 1, 0, 0, 0
Williamborg, 0, 19, 14, 5, 0, 0
Crystallina, 0, 3, 2, 1, 0, 0
Terryeo (page does not exist), 0, 1, 0, 1, 0, 0
Orsini, 0, 1, 0, 1, 0, 0
Copperchair, 0, 1, 1, 0, 0, 0
Tbeatty (page does not exist), 0, 13, 12, 1, 0, 0
(.Y.), 0, 1, 1, 0, 0, 0
Aranherunar/admin, 0, 2, 1, 1, 0, 0
Aranherunar (page does not exist), 0, 2, 1, 1, 0, 0
JPD, 98, 24, 21, 3, 97, 1
InvictaHOG, 0, 10, 9, 1, 0, 0
Tawkerbot2, 0, 1, 0, 1, 0, 0
Agathoclea, 69, 60, 37, 23, 66, 3
Johnlp, 0, 5, 4, 1, 0, 0
Sam Korn, 0, 11, 6, 5, 0, 0
Bduke, 91, 43, 24, 19, 91, 0
The Bread, 0, 30, 29, 1, 0, 0
*drew, 0, 21, 20, 1, 0, 0
Roisterer, 0, 14, 12, 2, 0, 0
Nobugs, 0, 1, 0, 1, 0, 0
Eagle_101, 76, 0, 0, 0, 71, 5
EEPROM Eagle (page does not exist), 0, 1, 1, 0, 0, 0
Eagle 101/WikiVoter, 0, 1, 1, 0, 0, 0
TrackerTV, 0, 4, 4, 0, 0, 0
Ravedave, 0, 8, 8, 0, 0, 0
Ravedave/babyname, 0, 2, 2, 0, 0, 0
Misza13/EA, 0, 5, 5, 0, 0, 0
TehKewl1, 0, 7, 7, 0, 0, 0
Kpjas, 90, 0, 0, 0, 72, 18
RiverlarkZ, 0, 1, 1, 0, 0, 0
False Prophet/Esperanza, 0, 3, 3, 0, 0, 0
False Prophet, 0, 3, 3, 0, 0, 0
False Prophet/Improve me, 0, 3, 3, 0, 0, 0
Jc37, 52, 33, 8, 25, 51, 1
Tmorton166, 0, 3, 3, 0, 0, 0
Yankee Rajput, 0, 4, 3, 1, 0, 0
Future Perfect at Sunrise, 0, 31, 26, 5, 0, 0
Fred Chess (page does not exist), 0, 2, 2, 0, 0, 0
Deuterium, 0, 2, 1, 1, 0, 0
Awyong Jeffrey Mordecai Salleh, 0, 20, 18, 2, 0, 0
Crazytales56297/EA (page does not exist), 0, 11, 11, 0, 0, 0
Holdenhurst, 0, 14, 9, 5, 0, 0
Piotrus, 35, 22, 13, 9, 35, 0
Radomil, 0, 1, 1, 0, 0, 0
Tsca, 0, 1, 1, 0, 0, 0
Teke, 80, 0, 0, 0, 74, 6
Deenoe, 0, 3, 3, 0, 0, 0
Legolost (page does not exist), 0, 16, 16, 0, 0, 0
Ombudsman, 0, 33, 33, 0, 0, 0
Angelbo, 0, 2, 2, 0, 0, 0
Appleboy (page does not exist), 0, 5, 5, 0, 0, 0
Chris24, 0, 1, 1, 0, 0, 0
Scott5114, 65, 12, 6, 6, 0, 65
Kokota (page does not exist), 0, 2, 1, 1, 0, 0
YaR GnitS, 0, 1, 0, 1, 0, 0
Preslethe, 0, 1, 1, 0, 0, 0
Ezeu, 57, 3, 3, 0, 41, 16
KarlV, 0, 1, 1, 0, 0, 0
Durin, 64, 35, 20, 15, 60, 4
Outriggr, 0, 8, 5, 3, 0, 0
TimBentley, 0, 9, 8, 1, 0, 0
Rich Farmbrough, 0, 40, 7, 33, 0, 0
Vice President In Charge Of Office Supplies (page does not exist), 0, 3, 2, 1, 0, 0
Tewfik, 0, 32, 30, 2, 0, 0
Moshe Constantine Hassan Al-Silverburg, 0, 8, 4, 4, 0, 0
Goethean, 0, 3, 0, 3, 0, 0
Spellmaster, 0, 1, 0, 1, 0, 0
Mboverload/RegExTypoFix, 0, 1, 0, 1, 0, 0
AudeVivere/Contributions (page does not exist), 0, 1, 0, 1, 0, 0
The JPS, 0, 26, 19, 7, 0, 0
Juppiter, 0, 8, 2, 6, 0, 0
Billy Blythe, 0, 1, 1, 0, 0, 0
CTSWyneken, 0, 12, 12, 0, 0, 0
Brownlee, 0, 8, 3, 5, 0, 0
Jack O'Lantern, 0, 2, 2, 0, 0, 0
Saltmarsh, 0, 1, 1, 0, 0, 0
Jam01, 0, 11, 11, 0, 0, 0
Db099221, 0, 2, 2, 0, 0, 0
Hello32020, 0, 79, 74, 5, 0, 0
Jimbo Wales/Birthday Wishes, 0, 1, 1, 0, 0, 0
Kuzaar, 0, 2, 2, 0, 0, 0
Ugur Basak, 0, 76, 76, 0, 0, 0
Werdna, 194, 11, 8, 3, 0, 194
Wafulz, 36, 5, 3, 2, 36, 0
Singopo, 0, 21, 6, 15, 0, 0
Netsnipe, 76, 8, 4, 4, 66, 10
Shadow1, 94, 3, 3, 0, 72, 22
Netsnipe/User Bureaucratic F**k, 0, 1, 1, 0, 0, 0
Mattisse, 0, 23, 1, 22, 0, 0
Durova, 83, 36, 17, 19, 78, 5
Captainktainer, 0, 7, 7, 0, 0, 0
Casmith 789, 0, 19, 9, 10, 0, 0
Geoffspear, 0, 1, 1, 0, 0, 0
Fram, 52, 19, 12, 7, 52, 0
Canadian-Bacon (page does not exist), 0, 21, 21, 0, 0, 0
Rdsmith4, 18, 35, 28, 7, 17, 1
Bugtrio, 0, 5, 5, 0, 0, 0
Alex9891 (page does not exist), 0, 39, 38, 1, 0, 0
Blue Tie, 0, 7, 5, 2, 0, 0
ST47, 102, 48, 40, 8, 80, 22
Canuckid, 0, 1, 1, 0, 0, 0
Jiang, 0, 32, 31, 1, 0, 0
Yuckfoo, 0, 31, 30, 1, 0, 0
Miborovsky/1FA, 0, 1, 1, 0, 0, 0
Ram-Man, 0, 23, 20, 3, 0, 0
Konstable, 46, 14, 11, 3, 46, 0
Beneaththelandslide, 0, 8, 8, 0, 0, 0
Skeezix1000, 0, 4, 4, 0, 0, 0
WikiCats, 0, 2, 2, 0, 0, 0
Jmount, 0, 1, 1, 0, 0, 0
Kinu, 71, 5, 3, 2, 69, 2
Ansell/Esperanza, 0, 11, 9, 2, 0, 0
AYArktos (page does not exist), 0, 22, 22, 0, 0, 0
Selmo, 0, 5, 5, 0, 0, 0
Ya ya ya ya ya ya, 0, 3, 3, 0, 0, 0
SheneI (page does not exist), 0, 1, 1, 0, 0, 0
Carcharoth, 141, 26, 13, 13, 0, 141
Longhair, 51, 58, 48, 10, 51, 0
Ianblair23, 58, 17, 17, 0, 58, 0
Husond/Esperanza, 0, 212, 144, 68, 0, 0
Daveydweeb, 78, 29, 26, 3, 78, 0
Philosophus, 0, 4, 2, 2, 0, 0
Oscarthecat, 55, 1, 1, 0, 50, 5
Mjg0503 (page does not exist), 0, 3, 3, 0, 0, 0
Some P. Erson/Esperanza, 0, 3, 3, 0, 0, 0
Don'tblockme (page does not exist), 0, 1, 1, 0, 0, 0
Daniel 123, 0, 1, 1, 0, 0, 0
Daveydweeb/Esperanza, 0, 26, 23, 3, 0, 0
The Land, 0, 31, 22, 9, 0, 0
FireSpike, 0, 9, 9, 0, 0, 0
MatthewFenton (page does not exist), 0, 38, 30, 8, 0, 0
Espresso Addict, 0, 80, 33, 47, 0, 0
Luna_Santin, 112, 0, 0, 0, 108, 4
MER-C, 156, 25, 15, 10, 0, 156
Eagle 101/WikiDiscussion Manager, 0, 1, 1, 0, 0, 0
NigelR, 0, 2, 2, 0, 0, 0
AuburnPilot, 81, 45, 28, 17, 77, 4
Keakealani, 0, 1, 1, 0, 0, 0
Keakealani/Esperanza, 0, 1, 1, 0, 0, 0
Heimstern Läufer, 0, 12, 10, 2, 0, 0
Darwinek, 43, 165, 141, 24, 38, 5
FayssalF/Sign (page does not exist), 0, 9, 9, 0, 0, 0
Richardshusr, 71, 25, 16, 9, 68, 3
Aeon1006/Esperanza (page does not exist), 0, 3, 3, 0, 0, 0
BetacommandBot, 0, 5, 4, 1, 0, 0
DemosDemon, 0, 2, 2, 0, 0, 0
DemosDemon/Esperanza, 0, 2, 2, 0, 0, 0
MacGyverMagic, 38, 52, 47, 5, 38, 0
Enochlau, 30, 27, 23, 4, 30, 0
Hoopydink, 110, 0, 0, 0, 105, 5
Alex9891/Esperanza (page does not exist), 0, 5, 5, 0, 0, 0
Adambiswanger1/shrine, 0, 2, 2, 0, 0, 0
Meegs, 57, 37, 30, 7, 57, 0
Bethling, 0, 2, 2, 0, 0, 0
Coasttocoast, 0, 1, 1, 0, 0, 0
Tarret, 0, 3, 3, 0, 0, 0
NawlinWiki, 69, 15, 8, 7, 61, 8
Rockpocket, 53, 54, 50, 4, 39, 14
Haza-w, 0, 47, 38, 9, 0, 0
Haza-w/Esperanza (page does not exist), 0, 31, 31, 0, 0, 0
Enkil (page does not exist), 0, 1, 0, 1, 0, 0
Redux, 21, 40, 38, 2, 19, 2
Blackjack48, 0, 3, 3, 0, 0, 0
Mailer diablo/D, 0, 33, 33, 0, 0, 0
Mike1 (page does not exist), 0, 44, 42, 2, 0, 0
RN, 67, 105, 98, 7, 61, 6
David_Kernow, 42, 0, 0, 0, 42, 0
David Kernow, 0, 2, 2, 0, 0, 0
Ezhiki, 1, 39, 28, 11, 0, 1
David Kernow/Contemporary national administrative divisions by country, 0, 1, 1, 0, 0, 0
TeckWiz (page does not exist), 0, 42, 42, 0, 0, 0
Femto, 42, 3, 3, 0, 42, 0
Mnemeson, 0, 2, 2, 0, 0, 0
Mnemeson/Esperanza, 0, 2, 2, 0, 0, 0
Brian New Zealand (page does not exist), 0, 5, 5, 0, 0, 0
Dina, 101, 24, 24, 0, 98, 3
Michaelbeckham, 0, 3, 2, 1, 0, 0
Markovich292, 0, 8, 6, 2, 0, 0
Kahuroa, 0, 3, 3, 0, 0, 0
A Man In Black, 0, 8, 6, 2, 0, 0
After Midnight, 0, 36, 20, 16, 0, 0
Toffile (page does not exist), 0, 3, 3, 0, 0, 0
Clyde Miller, 0, 2, 2, 0, 0, 0
Awesome Username, 0, 1, 1, 0, 0, 0
CNash, 0, 1, 1, 0, 0, 0
Trnj2000, 0, 4, 4, 0, 0, 0
John254, 0, 172, 110, 62, 0, 0
Mcginnly, 0, 22, 13, 9, 0, 0
Chacor, 0, 26, 17, 9, 0, 0
Birdmessenger, 0, 1, 1, 0, 0, 0
Onthost (page does not exist), 0, 17, 15, 2, 0, 0
Whomp, 0, 2, 2, 0, 0, 0
Ineffable3000, 0, 2, 2, 0, 0, 0
Steveo2, 0, 30, 25, 5, 0, 0
Steveo2/1000 Posts, 0, 10, 10, 0, 0, 0
Steveo2/Esperanza, 0, 10, 10, 0, 0, 0
Steveo2/Stuff People Gave Me, 0, 9, 9, 0, 0, 0
Implificator, 0, 1, 1, 0, 0, 0
Irishpunktom (page does not exist), 0, 8, 7, 1, 0, 0
Stevenfruitsmaak, 0, 7, 3, 4, 0, 0
Weasel, 0, 1, 1, 0, 0, 0
Walkerma, 0, 8, 6, 2, 0, 0
Yannismarou, 116, 11, 11, 0, 115, 1
Batmanand, 0, 12, 12, 0, 0, 0
Atlantic Gateways, 0, 1, 1, 0, 0, 0
Mark Dingemanse, 0, 32, 30, 2, 0, 0
Albatross2147, 0, 2, 0, 2, 0, 0
Mike_7, 60, 0, 0, 0, 55, 5
Jcam, 0, 22, 21, 1, 0, 0
CaptainVindaloo, 0, 10, 10, 0, 0, 0
Downunda, 0, 3, 3, 0, 0, 0
Mr. ?, 0, 1, 1, 0, 0, 0
Shimmera, 0, 1, 1, 0, 0, 0
Mjal, 0, 50, 49, 1, 0, 0
Aaron, 0, 29, 29, 0, 0, 0
Sarah_Ewart, 170, 0, 0, 0, 169, 1
Ian Rose, 0, 6, 2, 4, 0, 0
*Kat*, 0, 3, 1, 2, 0, 0
Nileena joseph, 0, 11, 11, 0, 0, 0
Erechtheus, 0, 2, 2, 0, 0, 0
Canley, 60, 9, 7, 2, 0, 60
EyeMD, 0, 2, 2, 0, 0, 0
Lid, 39, 2, 2, 0, 0, 39
Absar, 0, 1, 1, 0, 0, 0
SpLoT, 0, 4, 4, 0, 0, 0
Bcnviajero, 0, 1, 1, 0, 0, 0
Badbilltucker, 0, 13, 13, 0, 0, 0
Londoneye, 0, 3, 2, 1, 0, 0
Chuq, 15, 9, 8, 1, 13, 2
JROBBO, 0, 3, 3, 0, 0, 0
HussainAbbas, 0, 1, 1, 0, 0, 0
Chris Chittleborough, 0, 4, 4, 0, 0, 0
HappyCamper, 37, 57, 53, 4, 35, 2
Nephron, 0, 45, 45, 0, 0, 0
HeyNow10029, 0, 1, 1, 0, 0, 0
Viriditas, 0, 20, 15, 5, 0, 0
KarateLady, 0, 2, 2, 0, 0, 0
Muchness, 0, 8, 8, 0, 0, 0
PHDrillSergeant, 0, 2, 2, 0, 0, 0
Imhungry, 0, 8, 8, 0, 0, 0
Golden Wattle (page does not exist), 0, 7, 4, 3, 0, 0
Canadian-Bacon/Esperanza (page does not exist), 0, 4, 4, 0, 0, 0
Thatcher131, 149, 3, 3, 0, 107, 42
TheronJ, 0, 7, 7, 0, 0, 0
NoSeptember/Signature12, 0, 7, 5, 2, 0, 0
Scobell302, 0, 9, 9, 0, 0, 0
EricR, 0, 1, 1, 0, 0, 0
Fred Bauder, 0, 3, 2, 1, 0, 0
Geedubber (page does not exist), 0, 2, 2, 0, 0, 0
Spartaz, 40, 65, 19, 46, 34, 6
Truthseeker 85.5, 0, 1, 0, 1, 0, 0
Oliver202, 0, 3, 3, 0, 0, 0
ChrisO (page does not exist), 0, 3, 2, 1, 0, 0
Tony1, 0, 29, 1, 28, 0, 0
Rschen7754, 26, 60, 7, 53, 24, 2
ALR, 0, 1, 1, 0, 0, 0
Zer0faults, 0, 1, 0, 1, 0, 0
Choess, 75, 6, 3, 3, 0, 75
Bobblehead, 0, 1, 1, 0, 0, 0
Sugarpine (page does not exist), 0, 1, 1, 0, 0, 0
Cholmes75, 61, 8, 5, 3, 61, 0
EFG, 0, 1, 0, 1, 0, 0
Craigleithian, 0, 1, 0, 1, 0, 0
People Powered, 0, 7, 5, 2, 0, 0
Travb (page does not exist), 0, 2, 0, 2, 0, 0
Giano II, 0, 5, 1, 4, 0, 0
Angusmclellan, 81, 112, 63, 49, 81, 0
Mr._Lefty, 88, 0, 0, 0, 76, 12
The Bread/Admin, 0, 1, 1, 0, 0, 0
Minfo, 0, 5, 4, 1, 0, 0
Addhoc (page does not exist), 0, 215, 110, 105, 0, 0
Kubigula, 40, 63, 36, 27, 40, 0
EstebanF, 0, 8, 8, 0, 0, 0
Arbustoo, 0, 4, 4, 0, 0, 0
Blnguyen/RfA (page does not exist), 0, 3, 2, 1, 0, 0
Dinosaur puppy, 0, 32, 21, 11, 0, 0
Andjam, 0, 1, 0, 1, 0, 0
Mrlefty (page does not exist), 0, 1, 0, 1, 0, 0
Streamwater, 0, 1, 0, 1, 0, 0
Ais523, 0, 20, 15, 5, 0, 0
MaxSem, 73, 38, 25, 13, 73, 0
Rick Block, 0, 13, 11, 2, 0, 0
R. Koot, 0, 8, 8, 0, 0, 0
Polaris999, 0, 1, 1, 0, 0, 0
RabidGavin, 0, 2, 2, 0, 0, 0
Argentino, 0, 4, 4, 0, 0, 0
Netoholic, 0, 58, 12, 46, 0, 0
Brion VIBBER, 0, 1, 0, 1, 0, 0
Phil Sandifer, 0, 4, 0, 4, 0, 0
Pengo, 66, 3, 1, 2, 45, 21
Locriani, 0, 1, 1, 0, 0, 0
Swinger222 (page does not exist), 0, 3, 3, 0, 0, 0
DavidJJJ, 0, 4, 3, 1, 0, 0
Fuzheado, 0, 11, 8, 3, 0, 0
Storkk, 0, 6, 3, 3, 0, 0
W.marsh, 139, 0, 0, 0, 134, 5
UberCryxic, 0, 3, 3, 0, 0, 0
Utcursch, 19, 178, 160, 18, 19, 0
Grand Slam 7, 0, 7, 7, 0, 0, 0
Jpeob (page does not exist), 0, 8, 8, 0, 0, 0
MarcoTolo, 0, 32, 32, 0, 0, 0
S!, 0, 1, 1, 0, 0, 0
S!/E, 0, 1, 1, 0, 0, 0
Dinojerm, 0, 5, 3, 2, 0, 0
Seadog.M.S, 0, 19, 17, 2, 0, 0
Alan Au, 0, 39, 36, 3, 0, 0
Stilgar135, 0, 1, 1, 0, 0, 0
Jpfloru, 0, 1, 0, 1, 0, 0
The Golux, 0, 2, 1, 1, 0, 0
Equendil, 0, 2, 1, 1, 0, 0
Neofelis Nebulosa (page does not exist), 0, 3, 1, 2, 0, 0
Moreschi, 109, 96, 73, 23, 102, 7
Duja, 95, 15, 12, 3, 95, 0
Dijxtra, 81, 2, 1, 1, 69, 12
Dcabrilo, 0, 5, 4, 1, 0, 0
TodorBozhinov, 0, 4, 4, 0, 0, 0
N! (page does not exist), 0, 3, 2, 1, 0, 0
HolyRomanEmperor, 0, 11, 11, 0, 0, 0
Mir Harven, 0, 2, 1, 1, 0, 0
PANONIAN, 0, 1, 1, 0, 0, 0
Tjstrf, 0, 11, 8, 3, 0, 0
Zocky/Picture Popups, 0, 7, 5, 2, 0, 0
Doctor Evil (page does not exist), 0, 1, 1, 0, 0, 0
MCB, 49, 8, 8, 0, 49, 0
Hectorian, 0, 5, 5, 0, 0, 0
Merope, 84, 18, 12, 6, 69, 15
CrnaGora, 0, 13, 13, 0, 0, 0
Shyam Bihari, 0, 47, 44, 3, 0, 0
Irongargoyle, 49, 8, 8, 0, 49, 0
Lord Eru, 0, 1, 1, 0, 0, 0
Malber, 0, 23, 19, 4, 0, 0
Zephyr2k (page does not exist), 0, 5, 5, 0, 0, 0
Legolost/Admin Assessment Scale, 0, 2, 2, 0, 0, 0
Renesis13, 33, 27, 21, 6, 23, 10
Danielrocks123, 0, 3, 3, 0, 0, 0
Danielrocks123/Esperanza, 0, 1, 1, 0, 0, 0
People Powered/Esperanza (page does not exist), 0, 5, 5, 0, 0, 0
Errabee, 0, 12, 10, 2, 0, 0
Catchpole, 0, 8, 4, 4, 0, 0
Lucky 6.9, 0, 61, 60, 1, 0, 0
Mariano Anto Bruno Mascarenhas, 0, 44, 44, 0, 0, 0
Canderous0 (page does not exist), 0, 11, 11, 0, 0, 0
Theoldanarchist, 0, 1, 1, 0, 0, 0
Masamage, 31, 1, 1, 0, 31, 0
Eusebeus, 0, 31, 13, 18, 0, 0
Isotope23, 89, 39, 32, 7, 88, 1
Burumbator (page does not exist), 0, 1, 1, 0, 0, 0
Alensha, 0, 1, 1, 0, 0, 0
Serinde, 0, 1, 1, 0, 0, 0
Apers0n, 0, 1, 1, 0, 0, 0
AttishOculus, 0, 1, 1, 0, 0, 0
Gargaj, 0, 4, 4, 0, 0, 0
Gubbubu, 0, 1, 1, 0, 0, 0
VinceB, 0, 1, 1, 0, 0, 0
Istvan, 0, 1, 1, 0, 0, 0
Dhanak (page does not exist), 0, 1, 1, 0, 0, 0
Tgr, 0, 1, 1, 0, 0, 0
Nyikita, 0, 1, 1, 0, 0, 0
K. Lastochka, 0, 1, 1, 0, 0, 0
Cunya, 0, 1, 1, 0, 0, 0
Hkoala HU, 0, 1, 1, 0, 0, 0
Skenmy, 0, 2, 2, 0, 0, 0
Jfdwolff, 0, 83, 73, 10, 0, 0
Plange, 60, 4, 4, 0, 60, 0
Bdamokos, 0, 1, 1, 0, 0, 0
AED, 0, 1, 1, 0, 0, 0
Wouterstomp, 38, 3, 2, 1, 33, 5
Teemeah, 0, 1, 1, 0, 0, 0
Fvasconcellos, 78, 28, 18, 10, 78, 0
Jon Harald Søby, 0, 17, 12, 5, 0, 0
Delta Tango, 0, 6, 6, 0, 0, 0
Sors bona (page does not exist), 0, 1, 1, 0, 0, 0
Johan_Elisson, 66, 0, 0, 0, 66, 0
Shushruth, 0, 3, 3, 0, 0, 0
Prolog, 59, 7, 7, 0, 59, 0
Pal (page does not exist), 0, 1, 1, 0, 0, 0
Johan Elisson, 0, 7, 6, 1, 0, 0
Dangherous (page does not exist), 0, 4, 4, 0, 0, 0
Punkmorten (page does not exist), 0, 10, 10, 0, 0, 0
Flowerparty, 67, 30, 29, 1, 66, 1
Peter Isotalo, 0, 2, 1, 1, 0, 0
Dark Shikari, 0, 2, 1, 1, 0, 0
Khukri, 64, 57, 42, 15, 64, 0
Michaelas10, 88, 50, 48, 2, 81, 7
Arwel Parry, 0, 4, 4, 0, 0, 0
Llama man (page does not exist), 0, 30, 29, 1, 0, 0
Pan Gerwazy, 0, 8, 6, 2, 0, 0
Pascal.Tesson, 137, 123, 52, 71, 137, 0
Soulresin, 0, 1, 1, 0, 0, 0
SPUI, 0, 6, 2, 4, 0, 0
Nauticashades, 0, 33, 31, 2, 0, 0
Lapinmies, 0, 15, 11, 4, 0, 0
205.157.110.11 (page does not exist), 0, 1, 1, 0, 0, 0
Yas121, 0, 1, 1, 0, 0, 0
BanyanTree (page does not exist), 0, 55, 46, 9, 0, 0
DDima, 42, 14, 11, 3, 0, 42
Neil916, 0, 5, 5, 0, 0, 0
Chidom, 0, 1, 1, 0, 0, 0
GRBerry, 96, 17, 9, 8, 95, 1
Bibliomaniac15, 83, 209, 83, 126, 74, 9
Pan Dan (page does not exist), 0, 1, 1, 0, 0, 0
JGGardiner, 0, 1, 1, 0, 0, 0
Wl219, 0, 1, 1, 0, 0, 0
Tickle me, 0, 2, 2, 0, 0, 0
Anetode, 41, 42, 30, 12, 41, 0
Guy Montag, 0, 3, 3, 0, 0, 0
TheSeer, 0, 2, 1, 1, 0, 0
Lar/Accountability, 0, 2, 1, 1, 0, 0
Tone, 54, 94, 83, 11, 50, 4
Tone/Esperanza (page does not exist), 0, 65, 63, 2, 0, 0
Amoruso, 0, 1, 1, 0, 0, 0
Ynhockey, 103, 13, 2, 11, 0, 103
JackyR, 0, 3, 2, 1, 0, 0
IronDuke, 0, 47, 45, 2, 0, 0
Introvert, 0, 3, 3, 0, 0, 0
Agne27, 0, 5, 5, 0, 0, 0
Alansohn, 0, 14, 3, 11, 0, 0
I'll bring the food, 0, 3, 0, 3, 0, 0
Morton devonshire, 0, 3, 3, 0, 0, 0
Merzbow, 0, 20, 12, 8, 0, 0
Robertsteadman (page does not exist), 0, 1, 0, 1, 0, 0
KimvdLinde (page does not exist), 0, 10, 7, 3, 0, 0
Clayoquot, 0, 17, 6, 11, 0, 0
Ghluet (page does not exist), 0, 1, 0, 1, 0, 0
Hwang Seong Gyeong, 0, 1, 0, 1, 0, 0
Huldra, 0, 7, 0, 7, 0, 0
86.136.167.14 (page does not exist), 0, 1, 0, 1, 0, 0
DukeOfDuchessStreet (page does not exist), 0, 9, 7, 2, 0, 0
Arthur Ellis, 0, 1, 0, 1, 0, 0
Bhouston (page does not exist), 0, 1, 0, 1, 0, 0
CJCurrie, 0, 3, 2, 1, 0, 0
Shell Kinney, 0, 38, 6, 32, 0, 0
ElKevbo, 0, 4, 1, 3, 0, 0
Crum375, 89, 19, 10, 9, 83, 6
Pogogunner, 0, 1, 1, 0, 0, 0
Hildanknight, 0, 9, 6, 3, 0, 0
Imoeng/Indotemp, 0, 1, 1, 0, 0, 0
Warofdreams, 1, 49, 45, 4, 0, 1
Stefan, 0, 1, 1, 0, 0, 0
P.B. Pilhet, 0, 14, 14, 0, 0, 0
P.B. Pilhet/Esperanza (page does not exist), 0, 8, 8, 0, 0, 0
Mustafa Akalp, 0, 29, 28, 1, 0, 0
AQu01rius, 55, 18, 16, 2, 54, 1
ChrisGriswold, 66, 3, 3, 0, 65, 1
Hiding, 41, 88, 72, 16, 41, 0
CS42, 0, 1, 1, 0, 0, 0
Lesfer, 0, 3, 3, 0, 0, 0
Johan Elisson/RFA, 0, 1, 1, 0, 0, 0
Bloodpack, 0, 1, 1, 0, 0, 0
Psyphics, 0, 1, 1, 0, 0, 0
Doczilla, 94, 34, 6, 28, 0, 94
Netkinetic, 0, 3, 2, 1, 0, 0
Superlex, 0, 2, 1, 1, 0, 0
HelenKMarks, 0, 1, 1, 0, 0, 0
Brian Boru is awesome, 0, 2, 2, 0, 0, 0
Tenebrae, 0, 2, 1, 1, 0, 0
EVula, 67, 59, 22, 37, 67, 0
WesleyDodds, 0, 2, 2, 0, 0, 0
Ned Scott, 0, 5, 3, 2, 0, 0
Charlie MacKenzie, 0, 7, 7, 0, 0, 0
DrBat, 0, 1, 1, 0, 0, 0
Anthony cfc/esperanza (page does not exist), 0, 3, 3, 0, 0, 0
Anthony cfc/sandbox (page does not exist), 0, 1, 1, 0, 0, 0
Physicq210, 57, 0, 0, 0, 52, 5
MJCdetroit, 49, 14, 9, 5, 49, 0
D C McJonathan, 0, 6, 6, 0, 0, 0
John Anderson, 0, 2, 2, 0, 0, 0
TwinsMetsFan (page does not exist), 0, 3, 1, 2, 0, 0
Polaron, 0, 3, 1, 2, 0, 0
Crazytales56297/WikiProjects (page does not exist), 0, 7, 7, 0, 0, 0
Icelandic Hurricane/Esperanza, 0, 3, 3, 0, 0, 0
Nilfanion, 122, 1, 1, 0, 122, 0
RaNdOm26, 0, 7, 4, 3, 0, 0
Whispering, 0, 8, 2, 6, 0, 0
Whispering/Esperanza (page does not exist), 0, 1, 1, 0, 0, 0
Hurricanehink, 96, 6, 4, 2, 0, 96
Blnguyen/Contributions (page does not exist), 0, 3, 2, 1, 0, 0
AySz88, 0, 16, 16, 0, 0, 0
Ajm81, 0, 1, 1, 0, 0, 0
Pavel Vozenilek, 0, 59, 53, 6, 0, 0
Akhilleus, 70, 25, 19, 6, 66, 4
Jersyko, 103, 29, 25, 4, 98, 5
ONUnicorn, 194, 9, 2, 7, 0, 194
Hemmingsen, 0, 7, 6, 1, 0, 0
Cardamon, 0, 7, 2, 5, 0, 0
Atlant, 52, 1, 0, 1, 44, 8
DavidWBrooks, 1, 1, 1, 0, 0, 1
SquidSK, 0, 1, 1, 0, 0, 0
SquidSK/Esperanza, 0, 1, 1, 0, 0, 0
Muéro, 0, 2, 2, 0, 0, 0
JBKramer (page does not exist), 0, 2, 1, 1, 0, 0
Light current, 0, 1, 1, 0, 0, 0
Archer7, 0, 1, 1, 0, 0, 0
Ginkgo100, 51, 15, 9, 6, 50, 1
Lahiru k, 0, 45, 43, 2, 0, 0
Melchoir, 76, 1, 1, 0, 76, 0
ConMan, 0, 1, 1, 0, 0, 0
Saxifrage, 73, 3, 2, 1, 62, 11
Ginkgo100/Esperanza, 0, 7, 6, 1, 0, 0
Karimarie, 0, 4, 4, 0, 0, 0
Iced Kola, 0, 2, 2, 0, 0, 0
Tr.C3.B6del, 54, 0, 0, 0, 54, 0
Lethargy, 0, 1, 1, 0, 0, 0
COGDEN, 0, 5, 4, 1, 0, 0
Visorstuff, 0, 4, 4, 0, 0, 0
Flcelloguy, 43, 79, 68, 11, 41, 2
Storm Rider, 0, 5, 5, 0, 0, 0
MarkSweep, 59, 21, 21, 0, 58, 1
Quiddity, 0, 17, 11, 6, 0, 0
Aromanian, 0, 1, 1, 0, 0, 0
RelHistBuff, 0, 1, 1, 0, 0, 0
Delta Tango/Esperanza, 0, 1, 1, 0, 0, 0
Cbrown1023, 46, 79, 70, 9, 43, 3
Skapur, 0, 2, 2, 0, 0, 0
Nat91, 0, 2, 2, 0, 0, 0
Carioca, 37, 66, 37, 29, 31, 6
KazakhPol, 0, 14, 8, 6, 0, 0
Fys, 0, 2, 0, 2, 0, 0
Jcw69, 29, 5, 5, 0, 29, 0
MrDarcy, 59, 5, 5, 0, 59, 0
Itaqallah, 0, 5, 4, 1, 0, 0
Chick Bowen, 0, 45, 27, 18, 0, 0
Odysses, 0, 1, 1, 0, 0, 0
Kober, 0, 1, 1, 0, 0, 0
Ldingley, 0, 1, 1, 0, 0, 0
Eupator, 0, 5, 4, 1, 0, 0
Fedayee, 0, 2, 2, 0, 0, 0
Aristovoul0s, 0, 2, 2, 0, 0, 0
Ibrahimfaisal, 0, 1, 1, 0, 0, 0
Pjacobi, 20, 10, 5, 5, 18, 2
Aminz (page does not exist), 0, 20, 18, 2, 0, 0
KojiDude, 0, 47, 1, 46, 0, 0
Miskin, 0, 2, 1, 1, 0, 0
Mukadderat, 0, 5, 4, 1, 0, 0
Ali doostzadeh (page does not exist), 0, 2, 2, 0, 0, 0
Periklis*, 0, 1, 1, 0, 0, 0
Tekleni, 0, 2, 1, 1, 0, 0
Beit Or, 0, 12, 8, 4, 0, 0
Politis, 0, 2, 2, 0, 0, 0
Aecis, 54, 2, 2, 0, 46, 8
GrWikiMan, 0, 1, 1, 0, 0, 0
Englishrose, 0, 3, 2, 1, 0, 0
Czolgolz, 0, 1, 1, 0, 0, 0
WilliamThweatt, 0, 1, 1, 0, 0, 0
Kalogeropoulos, 0, 2, 2, 0, 0, 0
Olessi, 58, 11, 9, 2, 47, 11
A.Garnet, 0, 3, 2, 1, 0, 0
Baristarim, 0, 3, 2, 1, 0, 0
HighInBC, 76, 17, 9, 8, 72, 4
WatchingYouLikeAHawk, 0, 3, 2, 1, 0, 0
Grandmaster, 0, 5, 5, 0, 0, 0
Sakis79, 0, 2, 2, 0, 0, 0
Splette, 0, 4, 2, 2, 0, 0
Osgoodelawyer, 62, 9, 9, 0, 60, 2
Xezbeth, 30, 20, 15, 5, 29, 1
Ramallite, 113, 12, 11, 1, 70, 43
Ran, 19, 2, 2, 0, 16, 3
ManiF, 0, 4, 4, 0, 0, 0
Kribbeh, 0, 2, 2, 0, 0, 0
Bertilvidet, 0, 2, 2, 0, 0, 0
Sosomk, 0, 1, 0, 1, 0, 0
Francis Tyers, 0, 1, 0, 1, 0, 0
Islami, 0, 1, 0, 1, 0, 0
Bomac, 0, 1, 0, 1, 0, 0
Tzkeai (page does not exist), 0, 1, 0, 1, 0, 0
Tzekai (page does not exist), 0, 1, 0, 1, 0, 0
Hattusili, 0, 1, 0, 1, 0, 0
Cretanforever, 0, 1, 0, 1, 0, 0
Shamir1 (page does not exist), 0, 1, 0, 1, 0, 0
Lysy, 0, 6, 5, 1, 0, 0
Palestine48, 0, 1, 0, 1, 0, 0
Avriette, 0, 36, 19, 17, 0, 0
Deepujoseph, 86, 0, 0, 0, 76, 10
Shyamsunder, 0, 7, 4, 3, 0, 0
Jishacj, 0, 5, 5, 0, 0, 0
Rajithmohan, 0, 3, 3, 0, 0, 0
Clt13 (page does not exist), 0, 1, 1, 0, 0, 0
Vivin, 0, 1, 1, 0, 0, 0
Wryspy (page does not exist), 0, 12, 7, 5, 0, 0
Kundan After Sundown, 0, 1, 0, 1, 0, 0
Endgame1, 0, 1, 0, 1, 0, 0
Skenmy/Esperanza, 0, 1, 1, 0, 0, 0
Sagaciousuk, 0, 2, 2, 0, 0, 0
SergeantBolt, 0, 2, 1, 1, 0, 0
Moeron, 0, 5, 4, 1, 0, 0
Moeron/Completed Goals, 0, 1, 1, 0, 0, 0
Moeron/Sandbox02, 0, 1, 1, 0, 0, 0
AA Milne, 0, 1, 1, 0, 0, 0
TheRanger, 0, 2, 2, 0, 0, 0
Connel MacKenzie, 0, 11, 7, 4, 0, 0
Tnfiddler, 0, 4, 2, 2, 0, 0
Aksi_great, 75, 0, 0, 0, 67, 8
Exir Kamalabadi, 0, 47, 47, 0, 0, 0
Slowking Man, 0, 75, 73, 2, 0, 0
Wissahickon Creek, 0, 6, 6, 0, 0, 0
Atomic-Super-Suit, 0, 3, 3, 0, 0, 0
Atomic-Super-Suit/EA (page does not exist), 0, 4, 4, 0, 0, 0
Danntm/RFA, 0, 5, 5, 0, 0, 0
203.125.28.98 (page does not exist), 0, 1, 1, 0, 0, 0
KrakatoaKatie, 60, 86, 41, 45, 60, 0
IAMTHEEGGMAN, 0, 2, 2, 0, 0, 0
VirtualDelight, 0, 2, 2, 0, 0, 0
Lankiveil, 89, 200, 4, 196, 0, 89
AQu01rius/Websites (page does not exist), 0, 3, 3, 0, 0, 0
Chezhiyan, 0, 14, 14, 0, 0, 0
Chezhiyan/Esperanza, 0, 14, 14, 0, 0, 0
Prince of Dharma, 0, 1, 1, 0, 0, 0
GeeJo, 52, 10, 8, 2, 52, 0
Tankred, 0, 5, 4, 1, 0, 0
Renata3, 81, 11, 10, 1, 78, 3
Caliga10, 0, 4, 4, 0, 0, 0
Chris 73, 0, 41, 40, 1, 0, 0
Thorsten1, 0, 2, 2, 0, 0, 0
James086, 49, 160, 130, 30, 49, 0
Heligoland, 92, 34, 29, 5, 88, 4
Marktheprices (page does not exist), 0, 1, 1, 0, 0, 0
Dr.khan (page does not exist), 0, 2, 2, 0, 0, 0
Gene Nygaard, 0, 1, 0, 1, 0, 0
Alex9891, 67, 0, 0, 0, 56, 11
Sirex98, 0, 30, 19, 11, 0, 0
King Dracula, 0, 1, 1, 0, 0, 0
Amrykid, 0, 1, 1, 0, 0, 0
Amkid, 0, 1, 1, 0, 0, 0
Tra, 47, 4, 3, 1, 47, 0
Tra/MyComments, 0, 4, 3, 1, 0, 0
Cornerbock (page does not exist), 0, 1, 0, 1, 0, 0
WikiWoo, 0, 1, 1, 0, 0, 0
Sandstein, 70, 68, 44, 24, 59, 11
JChap2007, 0, 1, 1, 0, 0, 0
Slf67 (page does not exist), 0, 99, 98, 1, 0, 0
0L1 (page does not exist), 0, 10, 10, 0, 0, 0
GeeJo/Gallery (page does not exist), 0, 1, 1, 0, 0, 0
GeeJo/DYK, 0, 1, 1, 0, 0, 0
Mkdw, 106, 87, 3, 84, 0, 106
PStrait, 0, 4, 2, 2, 0, 0
Vortexrealm, 0, 1, 1, 0, 0, 0
Tizio, 0, 1, 1, 0, 0, 0
Malepheasant, 0, 1, 1, 0, 0, 0
Qaanaaq, 0, 1, 1, 0, 0, 0
Moneyballing, 0, 7, 7, 0, 0, 0
Persian Poet Gal, 0, 40, 38, 2, 0, 0
Wizardry Dragon (page does not exist), 0, 8, 2, 6, 0, 0
Wizardry Dragon/Wikipedia Neutrality Project (page does not exist), 0, 2, 1, 1, 0, 0
Trysha, 0, 4, 3, 1, 0, 0
Marriedtofilm, 0, 1, 1, 0, 0, 0
Mallanox, 52, 8, 6, 2, 45, 7
Sharkface217, 0, 233, 95, 138, 0, 0
Herbythyme, 85, 48, 23, 25, 0, 85
Elaragirl, 0, 18, 10, 8, 0, 0
SB Johnny, 0, 1, 1, 0, 0, 0
GoodCop (page does not exist), 0, 1, 0, 1, 0, 0
J_Di, 61, 0, 0, 0, 60, 1
Wossi, 0, 1, 1, 0, 0, 0
AnemoneProjectors, 49, 4, 2, 2, 49, 0
AnemoneProjectors/Esperanza (page does not exist), 0, 1, 1, 0, 0, 0
Trampikey, 0, 2, 2, 0, 0, 0
SunStar Net, 0, 17, 17, 0, 0, 0
Art_LaPella, 66, 0, 0, 0, 48, 18
Joke137, 40, 22, 19, 3, 35, 5
Delirium, 0, 6, 6, 0, 0, 0
Doug Bell, 0, 45, 33, 12, 0, 0
Daniel_Olsen, 42, 0, 0, 0, 42, 0
SuperMachine, 0, 4, 4, 0, 0, 0
PMC, 0, 20, 15, 5, 0, 0
Future_Perfect_at_Sunrise, 75, 0, 0, 0, 75, 0
E104421, 0, 4, 4, 0, 0, 0
Anas Salloum, 0, 272, 269, 3, 0, 0
Chrislk02, 79, 56, 42, 14, 61, 18
Fullstop, 0, 2, 1, 1, 0, 0
Cocoaguy, 0, 12, 11, 1, 0, 0
Raffaelloo9 (page does not exist), 0, 1, 1, 0, 0, 0
The Haunted Angel, 0, 1, 1, 0, 0, 0
TBC, 0, 31, 26, 5, 0, 0
SFGiants, 0, 4, 4, 0, 0, 0
SFGiants/Esperanza, 0, 4, 4, 0, 0, 0
Justinpwilsonadvocate, 0, 1, 1, 0, 0, 0
Dfrg.msc, 94, 95, 72, 23, 88, 6
Dfrg.msc/EA, 0, 6, 6, 0, 0, 0
Dfrg.msc/Complaints, 0, 1, 1, 0, 0, 0
Andrevan, 0, 235, 214, 21, 0, 0
Hoopydink (page does not exist), 0, 1, 1, 0, 0, 0
Hoary, 71, 49, 37, 12, 71, 0
Sparkhead, 0, 1, 1, 0, 0, 0
Localzuk, 0, 5, 5, 0, 0, 0
Jimbo Wales, 0, 13, 5, 8, 0, 0
Hullaballoo Wolfowitz, 0, 13, 0, 13, 0, 0
Nil Einne, 0, 1, 0, 1, 0, 0
Dolive21, 0, 7, 7, 0, 0, 0
89.240.104.227 (page does not exist), 0, 1, 1, 0, 0, 0
Lantoka (page does not exist), 0, 12, 12, 0, 0, 0
Ludahai, 0, 1, 0, 1, 0, 0
Wishkres, 0, 1, 1, 0, 0, 0
Patstuart, 0, 15, 12, 3, 0, 0
Springeragh, 0, 15, 14, 1, 0, 0
Springeragh/ESP, 0, 1, 1, 0, 0, 0
Acs4b, 0, 14, 14, 0, 0, 0
Acs4b/Esperanza, 0, 14, 14, 0, 0, 0
Disavian, 0, 2, 1, 1, 0, 0
E@L/Esperanza (page does not exist), 0, 1, 1, 0, 0, 0
E@L, 0, 6, 6, 0, 0, 0
Heimstern, 61, 55, 27, 28, 61, 0
Diez2, 0, 9, 4, 5, 0, 0
Bibliomaniac15/Edit Review, 0, 4, 4, 0, 0, 0
Lovelaughterlife/Esperanza, 0, 5, 5, 0, 0, 0
Lovelaughterlife, 0, 5, 5, 0, 0, 0
Jehochman, 78, 65, 15, 50, 61, 17
Kzollman, 25, 4, 3, 1, 25, 0
Bwithh, 0, 18, 18, 0, 0, 0
Havok, 0, 2, 1, 1, 0, 0
Havok/Contributions, 0, 2, 1, 1, 0, 0
Randoley, 0, 1, 1, 0, 0, 0
Ben W Bell (page does not exist), 0, 2, 2, 0, 0, 0
Sbharris, 0, 3, 1, 2, 0, 0
Spinach Dip, 0, 17, 3, 14, 0, 0
Nick Y., 0, 2, 2, 0, 0, 0
Beetstra, 57, 17, 11, 6, 57, 0
Physchim62, 44, 8, 5, 3, 44, 0
Dalbury, 69, 1, 1, 0, 69, 0
Gphoto, 0, 1, 1, 0, 0, 0
Laleena, 0, 3, 3, 0, 0, 0
68.116.135.242 (page does not exist), 0, 1, 1, 0, 0, 0
M&NCenarius, 0, 4, 4, 0, 0, 0
Jim62sch, 0, 21, 14, 7, 0, 0
Alex43223, 0, 42, 38, 4, 0, 0
Dual Freq, 0, 5, 3, 2, 0, 0
Sir Studieselot, 0, 3, 2, 1, 0, 0
Iridescence, 0, 6, 6, 0, 0, 0
Bearly541 (page does not exist), 0, 3, 2, 1, 0, 0
Emc2, 0, 6, 5, 1, 0, 0
Rmhermen, 0, 4, 4, 0, 0, 0
SmthManly, 0, 5, 5, 0, 0, 0
Opabinia_regalis, 84, 0, 0, 0, 81, 3
WillowW, 0, 14, 3, 11, 0, 0
Kavadi carrier, 0, 8, 8, 0, 0, 0
Mussaali (page does not exist), 0, 1, 1, 0, 0, 0
GAThrawn22, 0, 1, 1, 0, 0, 0
ScienceApologist, 0, 6, 1, 5, 0, 0
JoJan, 19, 10, 8, 2, 19, 0
Mike Peel, 0, 18, 1, 17, 0, 0
EdJohnston, 54, 202, 29, 173, 0, 54
ClockworkSoul, 0, 17, 16, 1, 0, 0
J.smith, 47, 29, 24, 5, 47, 0
Aranae, 0, 3, 2, 1, 0, 0
Tim Smith, 0, 2, 0, 2, 0, 0
Rama.27s_Arrow, 172, 0, 0, 0, 171, 1
Shreshth91/EA, 0, 2, 2, 0, 0, 0
Ragib, 31, 6, 6, 0, 31, 0
Dar-Ape/Esperanza, 0, 2, 2, 0, 0, 0
KNM, 0, 4, 3, 1, 0, 0
New Rock Star, 0, 1, 1, 0, 0, 0
New Rock Star/Esperanza, 0, 1, 1, 0, 0, 0
New Rock Star/Trophy Room, 0, 1, 1, 0, 0, 0
Elaragirl/EditCount (page does not exist), 0, 17, 9, 8, 0, 0
Tutmosis, 0, 2, 2, 0, 0, 0
Cribananda, 0, 3, 3, 0, 0, 0
Priyanath, 0, 7, 2, 5, 0, 0
BigHaz, 50, 4, 4, 0, 50, 0
Ydam, 0, 1, 1, 0, 0, 0
Seadog.M.S/EA (page does not exist), 0, 1, 1, 0, 0, 0
Jam01/Esperanza, 0, 9, 9, 0, 0, 0
Bearly541/Esperanza (page does not exist), 0, 1, 1, 0, 0, 0
Dakshayani, 0, 1, 1, 0, 0, 0
Pursey, 0, 17, 15, 2, 0, 0
SamuelWantman, 32, 7, 7, 0, 32, 0
BlueSquadronRaven, 0, 3, 2, 1, 0, 0
Teh tennisman, 0, 36, 35, 1, 0, 0
Teh tennisman/Esperanza (page does not exist), 0, 11, 11, 0, 0, 0
Kevinwong913, 0, 6, 6, 0, 0, 0
Netscott, 0, 2, 1, 1, 0, 0
SupaStarGirl, 0, 3, 3, 0, 0, 0
Savidan, 93, 26, 24, 2, 86, 7
BhaiSaab, 0, 1, 1, 0, 0, 0
John Lake, 0, 7, 7, 0, 0, 0
KP Botany, 0, 8, 4, 4, 0, 0
Royalguard11/ER, 0, 5, 4, 1, 0, 0
Freshgavin, 0, 1, 1, 0, 0, 0
Ste4k, 0, 2, 2, 0, 0, 0
Anchoress, 0, 1, 1, 0, 0, 0
FireSpike/Esperanza, 0, 5, 5, 0, 0, 0
ReyBrujo/Tools/phs.js, 0, 1, 1, 0, 0, 0
Ddcc, 0, 2, 2, 0, 0, 0
SUIT, 0, 26, 24, 2, 0, 0
JonHarder, 0, 1, 1, 0, 0, 0
Culverin, 0, 3, 2, 1, 0, 0
Culverin/EA, 0, 2, 1, 1, 0, 0
Mike_Selinker, 55, 0, 0, 0, 55, 0
Amarkov, 0, 52, 35, 17, 0, 0
ProveIt, 69, 2, 2, 0, 65, 4
Tim!, 0, 12, 10, 2, 0, 0
Tango, 70, 4, 3, 1, 63, 7
Ardo191, 0, 1, 1, 0, 0, 0
Springeragh/Loyalties, 0, 2, 2, 0, 0, 0
Atlantis Hawk, 0, 2, 2, 0, 0, 0
Tdxiang/TVB, 0, 1, 1, 0, 0, 0
Majorly, 0, 253, 139, 114, 0, 0
M7, 0, 3, 1, 2, 0, 0
CheNuevara (page does not exist), 0, 2, 1, 1, 0, 0
Nielswik, 0, 2, 1, 1, 0, 0
DarknessLord, 0, 2, 2, 0, 0, 0
DarknessLord/Esperanza, 0, 2, 2, 0, 0, 0
DarknessLord/Concordia, 0, 2, 2, 0, 0, 0
Orfen, 0, 70, 62, 8, 0, 0
Evrik, 0, 5, 1, 4, 0, 0
Metros232, 78, 0, 0, 0, 78, 0
Fethers, 0, 1, 1, 0, 0, 0
Cephyr, 0, 1, 1, 0, 0, 0
Caf3623, 0, 2, 1, 1, 0, 0
Valley2city, 68, 60, 6, 54, 0, 68
Jumping cheese, 0, 3, 3, 0, 0, 0
Simonkoldyk, 0, 1, 1, 0, 0, 0
JzG/help, 0, 35, 20, 15, 0, 0
Doug_Bell, 93, 0, 0, 0, 72, 21
Elaragirl/a, 0, 15, 7, 8, 0, 0
Elaragirl/Signatures (page does not exist), 0, 15, 7, 8, 0, 0
Doug Bell/Poker probability (rank and suit sets), 0, 1, 1, 0, 0, 0
Ling.Nut, 0, 25, 2, 23, 0, 0
Andrew4010 (page does not exist), 0, 3, 2, 1, 0, 0
Royalbroil, 47, 78, 4, 74, 0, 47
*Spark*, 0, 1, 1, 0, 0, 0
Mailer diablo/One Featured Article (page does not exist), 0, 18, 5, 13, 0, 0
Miltopia, 0, 7, 2, 5, 0, 0
Gnangarra, 60, 31, 12, 19, 60, 0
Orderinchaos78, 65, 1, 1, 0, 65, 0
ScottDavis, 47, 15, 15, 0, 47, 0
LiquidGhoul, 83, 3, 2, 1, 72, 11
Casliber, 48, 373, 59, 314, 46, 2
Cuivienen (page does not exist), 0, 33, 17, 16, 0, 0
Cuivienen/Esperanza (page does not exist), 0, 15, 9, 6, 0, 0
Indon, 0, 2, 2, 0, 0, 0
Hossen27, 0, 1, 1, 0, 0, 0
Axl, 0, 264, 18, 246, 0, 0
Lostkiwi, 0, 3, 3, 0, 0, 0
Dario vet, 0, 48, 48, 0, 0, 0
Rudjek, 0, 17, 17, 0, 0, 0
Nae.27blis, 101, 0, 0, 0, 101, 0
Nae'blis/Standards, 0, 1, 1, 0, 0, 0
BradBeattie, 65, 3, 3, 0, 63, 2
Gary Kirk, 0, 1, 1, 0, 0, 0
Mathmo, 0, 7, 7, 0, 0, 0
John Broughton, 0, 15, 8, 7, 0, 0
SYSS Mouse, 0, 5, 5, 0, 0, 0
KFP, 46, 11, 7, 4, 46, 0
Chondrite, 0, 1, 1, 0, 0, 0
Seraphimblade, 97, 92, 43, 49, 89, 8
EronMain, 0, 1, 1, 0, 0, 0
Akaneon (page does not exist), 0, 1, 1, 0, 0, 0
NeoFreak, 0, 25, 15, 10, 0, 0
ALM scientist, 0, 9, 4, 5, 0, 0
Floaterfluss, 0, 1, 1, 0, 0, 0
Kyo cat/Esperanza (page does not exist), 0, 3, 3, 0, 0, 0
Kyo cat, 0, 3, 3, 0, 0, 0
Howrealisreal, 0, 2, 2, 0, 0, 0
Courtney Akins, 0, 1, 0, 1, 0, 0
Schutz, 51, 2, 2, 0, 50, 1
Lupo, 0, 19, 19, 0, 0, 0
Nihonjoe, 90, 138, 70, 68, 79, 11
Ganfon, 0, 51, 50, 1, 0, 0
Mereda, 0, 1, 1, 0, 0, 0
Mallarme, 0, 1, 0, 1, 0, 0
Sandstein/My Articles (page does not exist), 0, 1, 0, 1, 0, 0
Gogo_Dodo, 78, 0, 0, 0, 72, 6
Bubba hotep, 0, 47, 44, 3, 0, 0
Ed-it, 0, 1, 1, 0, 0, 0
StayinAnon, 0, 6, 5, 1, 0, 0
Rettetast, 41, 66, 61, 5, 41, 0
Casper2k3, 0, 1, 1, 0, 0, 0
Wiki Warfare to Infinity, 0, 4, 4, 0, 0, 0
Dfrg.msc/FAQ, 0, 2, 2, 0, 0, 0
TeckWiz/Esperanza (page does not exist), 0, 3, 3, 0, 0, 0
Memmke (page does not exist), 0, 1, 1, 0, 0, 0
Booksworm, 0, 16, 11, 5, 0, 0
Booksworm/Esperanza, 0, 2, 2, 0, 0, 0
ILovePlankton/Loyalties (page does not exist), 0, 1, 1, 0, 0, 0
Tyson Moore, 0, 4, 4, 0, 0, 0
Tyson Moore/green (page does not exist), 0, 3, 3, 0, 0, 0
Gray Porpoise/To Do List/Public, 0, 3, 2, 1, 0, 0
JzG, 109, 6, 5, 1, 105, 4
JoeSmack, 0, 9, 9, 0, 0, 0
Amalas, 46, 2, 1, 1, 42, 4
Fortunecookie289, 0, 2, 2, 0, 0, 0
Fortunecookie289/Esperanza, 0, 1, 1, 0, 0, 0
Madhyako Pradeshlo, 0, 2, 2, 0, 0, 0
Sp3000, 0, 6, 6, 0, 0, 0
Sp3000/Esperanza (page does not exist), 0, 6, 6, 0, 0, 0
Advanced, 0, 3, 3, 0, 0, 0
PaxEquilibrium, 0, 3, 2, 1, 0, 0
Stemonitis, 62, 1, 1, 0, 57, 5
Lycaon, 0, 1, 1, 0, 0, 0
Shotwell, 0, 1, 1, 0, 0, 0
Lincher, 0, 1, 1, 0, 0, 0
Richard0612, 0, 11, 1, 10, 0, 0
Wikiwoohoo, 0, 3, 2, 1, 0, 0
Phenz, 0, 2, 2, 0, 0, 0
NikoSilver, 0, 6, 5, 1, 0, 0
Llama man/Esperanza (page does not exist), 0, 12, 12, 0, 0, 0
SonicChao/Esperanza (page does not exist), 0, 7, 7, 0, 0, 0
SonicChao (page does not exist), 0, 8, 8, 0, 0, 0
Bottesini, 0, 8, 8, 0, 0, 0
Bottesini/Esperanza, 0, 8, 8, 0, 0, 0
The Mirror of the Sea, 0, 9, 9, 0, 0, 0
Captaindansplashback (page does not exist), 0, 1, 0, 1, 0, 0
Brookie, 34, 111, 21, 90, 34, 0
TSO1D, 57, 12, 11, 1, 54, 3
TheOtherBob, 0, 4, 4, 0, 0, 0
Gracenotes, 0, 27, 15, 12, 0, 0
WikiMan53, 0, 5, 4, 1, 0, 0
Davidruben, 66, 10, 4, 6, 49, 17
Colin, 0, 6, 2, 4, 0, 0
Ars Scriptor (page does not exist), 0, 2, 2, 0, 0, 0
Mindspillage/admin, 0, 2, 2, 0, 0, 0
Regan123, 0, 2, 1, 1, 0, 0
TonyTheTiger, 0, 22, 10, 12, 0, 0
Andrew73, 0, 2, 2, 0, 0, 0
Gaviidae, 0, 1, 1, 0, 0, 0
UninvitedCompany, 1, 35, 27, 8, 0, 1
Ceyockey, 51, 1, 0, 1, 49, 2
RoySmith, 38, 6, 4, 2, 31, 7
Anthony.bradbury, 104, 115, 70, 45, 103, 1
Skyemoor, 0, 1, 1, 0, 0, 0
Tonywalton, 34, 4, 3, 1, 34, 0
Just H, 0, 38, 33, 5, 0, 0
Sd31415, 0, 55, 55, 0, 0, 0
Imaglang, 0, 11, 11, 0, 0, 0
Rfrisbie, 0, 1, 1, 0, 0, 0
Ssbohio, 0, 10, 3, 7, 0, 0
Hagerman, 0, 1, 1, 0, 0, 0
CharonX, 0, 2, 1, 1, 0, 0
CharonX/Userboxes, 0, 1, 0, 1, 0, 0
CameoAppearance, 0, 1, 1, 0, 0, 0
Katalaveno, 0, 45, 21, 24, 0, 0
Deon555/Esperanza, 0, 3, 3, 0, 0, 0
Deon555/Desk, 0, 3, 3, 0, 0, 0
WJBscribe, 133, 242, 164, 78, 129, 4
Yaf, 0, 8, 8, 0, 0, 0
The Ministry of Truth/Userboxes/Nat Soc (page does not exist), 0, 1, 0, 1, 0, 0
The Ministry of Truth/Userboxes/Communist, 0, 1, 0, 1, 0, 0
The Ministry of Truth/Userboxes/Totalitarian, 0, 1, 0, 1, 0, 0
The Ministry of Truth/Userboxes/Fascist (page does not exist), 0, 1, 0, 1, 0, 0
The Ministry of Truth/Userboxes/NPD DEU, 0, 1, 0, 1, 0, 0
The Ministry of Truth/Userboxes/Death Penalty, 0, 1, 0, 1, 0, 0
Nehrams2020, 46, 10, 2, 8, 46, 0
Wizardman, 66, 468, 158, 310, 61, 5
Hoverfish, 0, 1, 1, 0, 0, 0
Green451, 0, 1, 1, 0, 0, 0
AndonicO, 100, 41, 9, 32, 87, 13
AndonicO/My Autograph Book (page does not exist), 0, 5, 5, 0, 0, 0
Insanephantom, 0, 44, 43, 1, 0, 0
Natl1, 0, 47, 41, 6, 0, 0
King Toadsworth, 0, 4, 4, 0, 0, 0
Bubba ditto, 0, 2, 0, 2, 0, 0
Anom8trw8, 0, 1, 1, 0, 0, 0
Yuser31415, 0, 25, 24, 1, 0, 0
Scobell302/Esperanza, 0, 4, 4, 0, 0, 0
Mikkerpikker (page does not exist), 0, 8, 8, 0, 0, 0
Somitho, 0, 15, 15, 0, 0, 0
Tennis Dynamite, 0, 11, 10, 1, 0, 0
Tennis Dynamite/My Autograph Book, 0, 10, 9, 1, 0, 0
A Train, 0, 16, 12, 4, 0, 0
Shlomke, 0, 4, 3, 1, 0, 0
Drboggs (page does not exist), 0, 1, 1, 0, 0, 0
Coemgenus/Esperanza (page does not exist), 0, 7, 7, 0, 0, 0
Canadian-Bacon, 107, 0, 0, 0, 105, 2
Gzkn, 0, 9, 8, 1, 0, 0
1568, 0, 1, 1, 0, 0, 0
Ham, 0, 1, 1, 0, 0, 0
TeckWiz/@ (page does not exist), 0, 32, 32, 0, 0, 0
Delldot, 65, 34, 20, 14, 65, 0
Amaas120 (page does not exist), 0, 2, 2, 0, 0, 0
Groggy Dice, 0, 16, 12, 4, 0, 0
Gogo Dodo, 0, 45, 19, 26, 0, 0
R613vlu, 0, 8, 4, 4, 0, 0
CJ King, 0, 9, 9, 0, 0, 0
Chairman S., 0, 15, 15, 0, 0, 0
Chill doubt, 0, 6, 6, 0, 0, 0
Mecu (page does not exist), 0, 11, 7, 4, 0, 0
Ekki01, 0, 1, 1, 0, 0, 0
Terence Ong/E (page does not exist), 0, 4, 4, 0, 0, 0
Evadb/Esperanza, 0, 8, 8, 0, 0, 0
Evadb, 0, 12, 12, 0, 0, 0
Garcilaso, 0, 1, 1, 0, 0, 0
Crazytales, 66, 13, 9, 4, 42, 24
Extranet, 0, 12, 12, 0, 0, 0
My/sig (page does not exist), 0, 7, 7, 0, 0, 0
Pikminlover, 0, 1, 1, 0, 0, 0
LestatdeLioncourt, 0, 2, 2, 0, 0, 0
Sd31415/Signature Book, 0, 43, 43, 0, 0, 0
Cswrye, 0, 2, 2, 0, 0, 0
Llama man/Autographs (page does not exist), 0, 7, 7, 0, 0, 0
Science4sail, 0, 1, 1, 0, 0, 0
Jenny Wong, 0, 2, 2, 0, 0, 0
Boothy443, 0, 105, 21, 84, 0, 0
Arjun01, 117, 45, 37, 8, 114, 3
The Blue Lion, 0, 1, 1, 0, 0, 0
GabrielF, 0, 2, 1, 1, 0, 0
Cat Whisperer, 0, 1, 1, 0, 0, 0
PrestonH (page does not exist), 0, 22, 18, 4, 0, 0
ColourBurst, 0, 1, 1, 0, 0, 0
Lentower, 0, 1, 1, 0, 0, 0
JDoorjam, 63, 6, 5, 1, 60, 3
JDoorjam/Esperanza, 0, 6, 5, 1, 0, 0
Sd31415/Esperanza (page does not exist), 0, 1, 1, 0, 0, 0
Bezking, 0, 1, 1, 0, 0, 0
Bezking/Esperanza, 0, 1, 1, 0, 0, 0
Ekantik, 0, 2, 2, 0, 0, 0
Sir Cyrus (page does not exist), 0, 1, 1, 0, 0, 0
Happy New Year 2007!, 0, 1, 1, 0, 0, 0
82.58.49.69 (page does not exist), 0, 1, 0, 1, 0, 0
204.184.199.1 (page does not exist), 0, 1, 0, 1, 0, 0
Olorin28, 0, 18, 14, 4, 0, 0
Jossifresco (page does not exist), 0, 60, 55, 5, 0, 0
Adam1213, 0, 20, 20, 0, 0, 0
KHM03, 0, 54, 54, 0, 0, 0
Ian Pitchford, 0, 10, 10, 0, 0, 0
Croat Canuck, 0, 23, 22, 1, 0, 0
220.233.48.200 (page does not exist), 0, 1, 1, 0, 0, 0
Bonaparte, 0, 13, 11, 2, 0, 0
Adashiel, 40, 14, 14, 0, 38, 2
EVula/admin, 0, 55, 18, 37, 0, 0
Nimbat230 (page does not exist), 0, 1, 1, 0, 0, 0
SpLoT/Sandbox, 0, 1, 1, 0, 0, 0
SpLoT/Userboxen, 0, 2, 2, 0, 0, 0
SpLoT/Gallery, 0, 2, 2, 0, 0, 0
Eli Falk, 0, 1, 1, 0, 0, 0
HIZKIAH, 0, 15, 15, 0, 0, 0
Cohesion, 40, 6, 6, 0, 40, 0
David Fuchs, 0, 42, 22, 20, 0, 0
^demon, 0, 9, 4, 5, 0, 0
Bbatsell, 52, 24, 18, 6, 51, 1
CJ King/Wikipedia pages (page does not exist), 0, 6, 6, 0, 0, 0
Barry zito (page does not exist), 0, 1, 1, 0, 0, 0
Miss Madeline, 0, 4, 4, 0, 0, 0
Booyabazooka, 0, 2, 1, 1, 0, 0
Yao Ziyuan (page does not exist), 0, 1, 1, 0, 0, 0
Iriseyes, 0, 3, 3, 0, 0, 0
Oden, 0, 2, 2, 0, 0, 0
Foundby, 0, 1, 1, 0, 0, 0
Sir james paul, 0, 53, 50, 3, 0, 0
DGrimshaw, 0, 1, 1, 0, 0, 0
Argyriou, 0, 20, 11, 9, 0, 0
Wiki is Freaakky. (page does not exist), 0, 2, 2, 0, 0, 0
Resolute, 55, 12, 2, 10, 55, 0
Alex43223/Concordia, 0, 25, 24, 1, 0, 0
NoSeptember/Signature13, 0, 15, 15, 0, 0, 0
Visviva, 71, 4, 3, 1, 67, 4
Ryanpostlethwaite (page does not exist), 0, 23, 21, 2, 0, 0
Rasillon, 0, 2, 2, 0, 0, 0
Wikipeditor, 0, 2, 2, 0, 0, 0
Mel Etitis, 0, 50, 43, 7, 0, 0
ATren, 0, 3, 2, 1, 0, 0
Osidge, 0, 6, 3, 3, 0, 0
Kusunose, 0, 1, 1, 0, 0, 0
Wikimachine, 0, 8, 6, 2, 0, 0
WikiSpaceboy, 0, 1, 1, 0, 0, 0
Dozenist, 0, 1, 1, 0, 0, 0
Postdlf, 26, 7, 7, 0, 26, 0
Freedom to share, 0, 1, 1, 0, 0, 0
Daisuke-Matsuzaka, 0, 1, 1, 0, 0, 0
Zantastik, 0, 1, 1, 0, 0, 0
Meno25, 42, 22, 22, 0, 42, 0
Metros235, 0, 1, 1, 0, 0, 0
Sr13, 48, 35, 32, 3, 43, 5
RWR8189, 0, 1, 1, 0, 0, 0
Vary, 67, 3, 1, 2, 66, 1
Pirate Foundation (page does not exist), 0, 1, 0, 1, 0, 0
Teh tennisman/Signature Book, 0, 16, 15, 1, 0, 0
Moink, 0, 14, 12, 2, 0, 0
Rlevse, 61, 52, 18, 34, 52, 9
Sumoeagle179, 0, 61, 14, 47, 0, 0
Xyzzy n, 0, 1, 1, 0, 0, 0
The Rambling Man, 0, 160, 115, 45, 0, 0
TheQuandry (page does not exist), 0, 1, 0, 1, 0, 0
Night_Gyr, 68, 0, 0, 0, 51, 17
Addyboy (page does not exist), 0, 2, 1, 1, 0, 0
Night Gyr, 0, 2, 0, 2, 0, 0
Night Gyr/Over, 0, 2, 0, 2, 0, 0
Dmz5, 0, 4, 2, 2, 0, 0
SG, 0, 1, 1, 0, 0, 0
Dragomiloff, 0, 7, 7, 0, 0, 0
Tellyaddict, 0, 19, 17, 2, 0, 0
Imjustmatthew, 0, 5, 4, 1, 0, 0
Information Center, 0, 2, 2, 0, 0, 0
Information Center/Awards, 0, 2, 2, 0, 0, 0
Information Center/EA, 0, 2, 2, 0, 0, 0
AO (page does not exist), 0, 50, 34, 16, 0, 0
AO/My Autograph Book (page does not exist), 0, 12, 11, 1, 0, 0
Raymond arritt, 0, 19, 9, 10, 0, 0
Mardavich, 0, 4, 3, 1, 0, 0
Jamason, 0, 1, 1, 0, 0, 0
William Mauco, 0, 1, 1, 0, 0, 0
MariusM, 0, 6, 5, 1, 0, 0
FT2, 72, 7, 1, 6, 55, 17
Slrubenstein, 0, 9, 6, 3, 0, 0
ContiE, 16, 15, 15, 0, 15, 1
Imageboy1, 0, 6, 6, 0, 0, 0
Ciz, 0, 1, 1, 0, 0, 0
NinaOdell, 0, 2, 2, 0, 0, 0
Zetawoof, 0, 1, 1, 0, 0, 0
Steele (page does not exist), 0, 1, 1, 0, 0, 0
Audacity, 39, 13, 10, 3, 34, 5
Taxwoman, 0, 3, 1, 2, 0, 0
Chris is me, 0, 3, 2, 1, 0, 0
HarrisX, 0, 1, 1, 0, 0, 0
Twas Now, 0, 10, 8, 2, 0, 0
Dekimasu, 43, 34, 6, 28, 43, 0
PeaceNT, 75, 55, 13, 42, 72, 3
Cylonhunter, 0, 3, 1, 2, 0, 0
DFBot, 0, 1, 1, 0, 0, 0
SebastianHelm, 1, 19, 4, 15, 0, 1
Trebor Rowntree (page does not exist), 0, 18, 17, 1, 0, 0
Squeezeweasel, 0, 1, 1, 0, 0, 0
Danielfolsom (page does not exist), 0, 3, 1, 2, 0, 0
Nwwaew, 0, 4, 3, 1, 0, 0
Carpet9, 0, 5, 5, 0, 0, 0
Thincat, 0, 6, 2, 4, 0, 0
Folantin, 0, 19, 13, 6, 0, 0
6SJ7, 0, 4, 2, 2, 0, 0
Ganymead, 0, 3, 3, 0, 0, 0
Jreferee, 98, 114, 102, 12, 96, 2
Hbdragon88, 54, 11, 3, 8, 0, 54
KonstableSock (page does not exist), 0, 3, 3, 0, 0, 0
Martinp, 0, 21, 1, 20, 0, 0
Donald Albury, 0, 1, 1, 0, 0, 0
Modernist, 0, 159, 23, 136, 0, 0
Petr K, 0, 1, 1, 0, 0, 0
Alan.ca, 0, 3, 2, 1, 0, 0
BozMo, 66, 15, 12, 3, 42, 24
Scimitar, 54, 49, 44, 5, 49, 5
Hu12, 66, 21, 11, 10, 42, 24
Parker007, 0, 1, 1, 0, 0, 0
BlankVerse, 0, 25, 21, 4, 0, 0
ScottW, 0, 3, 2, 1, 0, 0
Aktron, 0, 1, 1, 0, 0, 0
Tragic Baboon, 0, 24, 17, 7, 0, 0
Leifern, 0, 1, 0, 1, 0, 0
Elizmr (page does not exist), 0, 3, 2, 1, 0, 0
GHcool, 0, 2, 0, 2, 0, 0
Mysid, 48, 0, 0, 0, 45, 3
West Brom 4ever, 0, 2, 2, 0, 0, 0
PhantomS, 0, 1, 1, 0, 0, 0
MoRsE, 55, 21, 4, 17, 51, 4
Jujucabana, 0, 1, 0, 1, 0, 0
Mike Searson, 0, 3, 2, 1, 0, 0
Celithemis, 0, 2, 2, 0, 0, 0
Kyriakos, 0, 12, 8, 4, 0, 0
YechielMan (page does not exist), 0, 90, 88, 2, 0, 0
Diomidis Spinellis, 0, 1, 1, 0, 0, 0
Dev920, 0, 18, 16, 2, 0, 0
Biruitorul, 0, 8, 2, 6, 0, 0
Jeffpw, 0, 10, 6, 4, 0, 0
Caglarkoca, 0, 1, 1, 0, 0, 0
Veesicle, 0, 15, 11, 4, 0, 0
Tohru Honda13, 0, 5, 5, 0, 0, 0
Tohru Honda13/Autograph Book, 0, 3, 3, 0, 0, 0
No31328, 0, 1, 1, 0, 0, 0
Ceoil, 0, 52, 6, 46, 0, 0
JavMilos, 0, 1, 1, 0, 0, 0
Dirak (page does not exist), 0, 1, 1, 0, 0, 0
CJLL_Wright, 49, 0, 0, 0, 46, 3
Maunus, 79, 9, 1, 8, 0, 79
Shaericell (page does not exist), 0, 1, 1, 0, 0, 0
Shaericell/Name for mom's triplets (page does not exist), 0, 1, 1, 0, 0, 0
Jgp, 0, 1, 1, 0, 0, 0
Flyingtoaster1337, 0, 3, 3, 0, 0, 0
RxKaffee (page does not exist), 0, 1, 1, 0, 0, 0
ChrisBradley, 0, 1, 1, 0, 0, 0
Floria L, 0, 1, 0, 1, 0, 0
AntiVandalBot, 0, 1, 1, 0, 0, 0
A. Exeunt, 0, 2, 0, 2, 0, 0
Kaiti, 0, 2, 2, 0, 0, 0
HagermanBot, 0, 4, 4, 0, 0, 0
FrancoGG, 0, 3, 3, 0, 0, 0
Ryulong/Impostor list, 0, 1, 1, 0, 0, 0
Quendus, 0, 1, 1, 0, 0, 0
Tuxide, 0, 1, 1, 0, 0, 0
Acalamari, 115, 518, 186, 332, 114, 1
Tennis expert, 0, 1, 0, 1, 0, 0
TRSJ, 0, 1, 1, 0, 0, 0
TRSJ/AB, 0, 1, 1, 0, 0, 0
Mholland, 0, 3, 3, 0, 0, 0
JuJube, 0, 2, 2, 0, 0, 0
K37, 0, 1, 1, 0, 0, 0
David Gerard, 0, 95, 75, 20, 0, 0
Mark, 0, 25, 24, 1, 0, 0
Joshbuddy, 107, 9, 7, 2, 87, 20
Larry laptop, 0, 1, 0, 1, 0, 0
OhanaUnited, 82, 81, 10, 71, 0, 82
Cool Hand Luke, 0, 28, 17, 11, 0, 0
Kendrick7, 0, 1, 0, 1, 0, 0
Kncyu38 (page does not exist), 0, 47, 43, 4, 0, 0
MichaelLinnear (page does not exist), 0, 11, 7, 4, 0, 0
PullToOpen (page does not exist), 0, 9, 8, 1, 0, 0
TheNudge (page does not exist), 0, 1, 1, 0, 0, 0
JFreeman, 0, 1, 1, 0, 0, 0
Dycedarg, 0, 2, 1, 1, 0, 0
Matthuxtable, 0, 1, 1, 0, 0, 0
Ed, 0, 2, 2, 0, 0, 0
Quadzilla99, 0, 6, 3, 3, 0, 0
GCFreak2, 0, 2, 2, 0, 0, 0
Lordmontu, 0, 1, 1, 0, 0, 0
Mikedk9109/Autographs (page does not exist), 0, 5, 5, 0, 0, 0
RockMFR, 74, 14, 5, 9, 58, 16
Yandman, 77, 0, 0, 0, 62, 15
Shimeru, 61, 19, 9, 10, 58, 3
32X, 0, 1, 1, 0, 0, 0
The Hybrid, 0, 4, 2, 2, 0, 0
Tractorkingsfan, 0, 6, 5, 1, 0, 0
Newport, 0, 5, 3, 2, 0, 0
Gardener of Geda, 0, 2, 0, 2, 0, 0
Geo.plrd, 0, 5, 3, 2, 0, 0
Geo.plrd/Esperanza, 0, 8, 6, 2, 0, 0
Cerebral Warrior, 0, 1, 0, 1, 0, 0
RiseRobotRise, 0, 1, 0, 1, 0, 0
Qwghlm, 53, 2, 1, 1, 51, 2
QmunkE, 0, 1, 1, 0, 0, 0
HornetMike, 0, 2, 2, 0, 0, 0
WikiGull (page does not exist), 0, 1, 1, 0, 0, 0
Richard Rundle, 0, 2, 1, 1, 0, 0
Dudesleeper, 0, 2, 2, 0, 0, 0
Infrangible, 0, 89, 89, 0, 0, 0
SteveO, 0, 2, 2, 0, 0, 0
Wikipedier (page does not exist), 0, 12, 12, 0, 0, 0
Trevor MacInnis, 0, 9, 3, 6, 0, 0
Yonatanh, 0, 3, 2, 1, 0, 0
Retiono Virginian, 0, 7, 7, 0, 0, 0
Leflyman, 0, 4, 2, 2, 0, 0
Jersey_Devil, 85, 0, 0, 0, 66, 19
Galactor213, 0, 1, 1, 0, 0, 0
Chicocvenancio, 0, 1, 1, 0, 0, 0
Zleitzen, 0, 6, 5, 1, 0, 0
Captain Wikify, 0, 4, 4, 0, 0, 0
Walton monarchist89 (page does not exist), 0, 101, 90, 11, 0, 0
TDC, 0, 6, 3, 3, 0, 0
Dangerous-Boy, 0, 5, 5, 0, 0, 0
Gabbec, 0, 1, 1, 0, 0, 0
Striver, 0, 2, 1, 1, 0, 0
Cindery, 0, 2, 0, 2, 0, 0
Hyperbole (page does not exist), 0, 1, 0, 1, 0, 0
Khodavand, 0, 1, 0, 1, 0, 0
Gilliam, 66, 11, 4, 7, 50, 16
The Joker, 0, 23, 11, 12, 0, 0
VD64992, 0, 1, 1, 0, 0, 0
Tomas417, 0, 1, 1, 0, 0, 0
Picaroon9288, 64, 0, 0, 0, 64, 0
Jorcoga/R, 0, 26, 26, 0, 0, 0
Causesobad, 0, 21, 19, 2, 0, 0
Johnbod, 0, 68, 19, 49, 0, 0
MikeHunt35 (page does not exist), 0, 1, 1, 0, 0, 0
.V., 0, 8, 6, 2, 0, 0
Wooyi, 0, 25, 22, 3, 0, 0
Mus Musculus, 0, 8, 6, 2, 0, 0
David.Mestel, 0, 3, 2, 1, 0, 0
Carabinieri, 59, 2, 1, 1, 51, 8
Geniac, 32, 1, 0, 1, 29, 3
Malber/thegame (page does not exist), 0, 1, 1, 0, 0, 0
Xevious, 0, 1, 1, 0, 0, 0
PDH, 0, 1, 0, 1, 0, 0
My Name Is Not Earl, 0, 2, 1, 1, 0, 0
Xiner, 72, 46, 35, 11, 61, 11
JFBurton, 0, 1, 1, 0, 0, 0
Simply south, 0, 9, 6, 3, 0, 0
William Pembroke, 0, 1, 1, 0, 0, 0
Real96, 0, 19, 18, 1, 0, 0
Abecedare, 212, 37, 1, 36, 0, 212
Freedom skies, 0, 1, 1, 0, 0, 0
LordHarris, 0, 6, 3, 3, 0, 0
Nineteenninetyfour, 0, 1, 1, 0, 0, 0
RyGuy, 0, 4, 4, 0, 0, 0
RyGuy/ Signature Book, 0, 2, 2, 0, 0, 0
RyGuy/ Journal (page does not exist), 0, 2, 2, 0, 0, 0
SkyWalker, 0, 6, 2, 4, 0, 0
Jahangard, 0, 2, 1, 1, 0, 0
Anwar saadat, 0, 23, 1, 22, 0, 0
Coelacan, 121, 18, 13, 5, 116, 5
Import007, 0, 1, 1, 0, 0, 0
Black Falcon, 0, 88, 71, 17, 0, 0
Shadowbot (page does not exist), 0, 1, 1, 0, 0, 0
Shadowbot2, 0, 1, 1, 0, 0, 0
Shadow1/ShadowTool (page does not exist), 0, 1, 1, 0, 0, 0
Veinor, 56, 2, 2, 0, 55, 1
Shadow1/Perlwikipedia, 0, 1, 1, 0, 0, 0
Curps, 26, 6, 5, 1, 25, 1
Peter M Dodge, 0, 5, 1, 4, 0, 0
Captain panda, 0, 213, 185, 28, 0, 0
Captain panda/Autograph Book (page does not exist), 0, 63, 60, 3, 0, 0
J. Spencer, 0, 3, 3, 0, 0, 0
Ral315/WTHN, 0, 38, 19, 19, 0, 0
Selket, 56, 13, 12, 1, 48, 8
Drmaik, 0, 2, 2, 0, 0, 0
Richard D. LeCour, 0, 2, 2, 0, 0, 0
Paul Pigman, 0, 40, 40, 0, 0, 0
Cuchullain, 61, 0, 0, 0, 59, 2
TheLateDentarthurdent, 0, 1, 1, 0, 0, 0
Soman, 0, 2, 1, 1, 0, 0
IronGargoyle, 0, 36, 20, 16, 0, 0
Kathryn NicDhàna (page does not exist), 0, 25, 9, 16, 0, 0
Descendall (page does not exist), 0, 1, 1, 0, 0, 0
BuickCenturyDriver, 0, 97, 26, 71, 0, 0
Corpx, 0, 16, 13, 3, 0, 0
CiaranG, 0, 1, 1, 0, 0, 0
Dan D. Ric, 0, 6, 5, 1, 0, 0
Sluzzelin, 0, 18, 5, 13, 0, 0
Geohevy, 0, 1, 1, 0, 0, 0
Riana_dzasta, 142, 0, 0, 0, 140, 2
Iana-ray Zasta-day, 0, 1, 1, 0, 0, 0
Roadmr, 0, 7, 5, 2, 0, 0
Mschel, 0, 66, 60, 6, 0, 0
AMbroodEY, 0, 3, 3, 0, 0, 0
Rayfield, 0, 1, 1, 0, 0, 0
Ckatz, 57, 2, 2, 0, 0, 57
Fredil, 0, 1, 1, 0, 0, 0
ILP/L (page does not exist), 0, 1, 1, 0, 0, 0
Bjweeks, 0, 27, 19, 8, 0, 0
Persian_Poet_Gal, 184, 0, 0, 0, 184, 0
Iranian Poet Girl (page does not exist), 0, 1, 1, 0, 0, 0
Cassivs, 0, 4, 4, 0, 0, 0
Leebo86, 0, 2, 1, 1, 0, 0
Hut 8.5, 0, 20, 4, 16, 0, 0
QuasyBoy, 0, 5, 3, 2, 0, 0
Cometstyles, 0, 90, 66, 24, 0, 0
Dave souza, 0, 18, 6, 12, 0, 0
Bushcarrot, 0, 3, 2, 1, 0, 0
Bushcarrot/Desk (page does not exist), 0, 2, 2, 0, 0, 0
Davidcannon, 1, 41, 35, 6, 0, 1
Ouro, 0, 8, 3, 5, 0, 0
Malevious, 0, 4, 2, 2, 0, 0
Dgies, 83, 30, 23, 7, 66, 17
RHB, 0, 4, 4, 0, 0, 0
CWY2190, 0, 9, 1, 8, 0, 0
WODUP, 70, 25, 13, 12, 61, 9
Hairchrm (page does not exist), 0, 1, 1, 0, 0, 0
MetsFan76, 0, 2, 2, 0, 0, 0
Nuggetboy, 0, 1, 1, 0, 0, 0
Mehrshad123, 0, 1, 1, 0, 0, 0
ElinorD, 114, 37, 35, 2, 105, 9
ShadowHalo, 49, 2, 2, 0, 49, 0
UkPaolo, 55, 27, 27, 0, 51, 4
Tenacious D Fans, 0, 1, 1, 0, 0, 0
Icez, 0, 1, 1, 0, 0, 0
Extraordinary Machine, 0, 7, 6, 1, 0, 0
F3rn4nd0, 0, 2, 2, 0, 0, 0
Armon, 0, 11, 10, 1, 0, 0
Qxz, 0, 2, 1, 1, 0, 0
Tnuocca ladnav (page does not exist), 0, 1, 1, 0, 0, 0
Hendry1307 (page does not exist), 0, 8, 6, 2, 0, 0
Alabamaboy (page does not exist), 0, 37, 25, 12, 0, 0
Karim Prince1 (page does not exist), 0, 2, 1, 1, 0, 0
Llama_man, 50, 0, 0, 0, 44, 6
Uninsured Driver, 0, 2, 1, 1, 0, 0
Bowsy, 0, 1, 0, 1, 0, 0
Ta bu shi da yu (page does not exist), 0, 42, 32, 10, 0, 0
SaxTeacher, 0, 15, 15, 0, 0, 0
Iamunknown, 0, 2, 2, 0, 0, 0
60.234.48.7 (page does not exist), 0, 1, 0, 1, 0, 0
GenghizRat, 0, 1, 1, 0, 0, 0
Qp10qp, 0, 11, 4, 7, 0, 0
David Underdown, 0, 14, 6, 8, 0, 0
Merzul, 0, 2, 2, 0, 0, 0
Avraham/RfA-B, 0, 42, 6, 36, 0, 0
Brimba, 0, 1, 1, 0, 0, 0
Canadianshoper, 0, 1, 1, 0, 0, 0
Essjay, 73, 67, 64, 3, 71, 2
EstherRice, 0, 2, 1, 1, 0, 0
Lesnail, 0, 2, 1, 1, 0, 0
Provelt (page does not exist), 0, 1, 1, 0, 0, 0
Tropicality, 0, 1, 1, 0, 0, 0
BigrTex, 37, 2, 2, 0, 36, 1
Xdamr, 47, 4, 4, 0, 47, 0
LuciferMorgan, 0, 4, 4, 0, 0, 0
GhostPirate, 0, 1, 1, 0, 0, 0
FeloniousMonk, 88, 40, 35, 5, 63, 25
Pagrashtak, 63, 8, 3, 5, 58, 5
Hernie 5 (page does not exist), 0, 1, 1, 0, 0, 0
Marskell/VfD, 0, 1, 0, 1, 0, 0
Irishguy, 79, 11, 7, 4, 78, 1
Mr.crabby, 0, 6, 5, 1, 0, 0
Dave (page does not exist), 0, 1, 1, 0, 0, 0
Zahakiel, 0, 5, 3, 2, 0, 0
General Idea (page does not exist), 0, 1, 1, 0, 0, 0
John Reaves, 0, 32, 30, 2, 0, 0
SciAndTech, 0, 4, 3, 1, 0, 0
Fredrick day, 0, 6, 3, 3, 0, 0
TimVickers, 77, 47, 12, 35, 76, 1
Filll, 0, 5, 2, 3, 0, 0
N Shar, 0, 1, 1, 0, 0, 0
Wikidudeman, 0, 42, 25, 17, 0, 0
Toxic granulation (page does not exist), 0, 1, 1, 0, 0, 0
James084, 0, 1, 1, 0, 0, 0
Caknuck, 43, 9, 6, 3, 43, 0
Murgh, 0, 9, 6, 3, 0, 0
Condem, 0, 2, 2, 0, 0, 0
Trebor_Rowntree, 67, 0, 0, 0, 62, 5
Dar-Ape/GS, 0, 1, 1, 0, 0, 0
ChazBeckett, 0, 7, 4, 3, 0, 0
Nmajdan, 55, 14, 11, 3, 55, 0
Wimvandorst, 0, 4, 2, 2, 0, 0
Jergen, 0, 1, 1, 0, 0, 0
Rebelguys2, 30, 60, 59, 1, 30, 0
BigHaz/DYK Collection, 0, 1, 1, 0, 0, 0
NYC JD (page does not exist), 0, 14, 12, 2, 0, 0
Jeendan, 0, 2, 2, 0, 0, 0
Andrwsc, 52, 1, 0, 1, 40, 12
Sue Anne, 0, 2, 2, 0, 0, 0
Chensiyuan, 0, 3, 3, 0, 0, 0
JP06035, 0, 1, 1, 0, 0, 0
ThePurpleMonkey, 0, 1, 1, 0, 0, 0
ThePurpleMonkey/Portal (page does not exist), 0, 1, 1, 0, 0, 0
Deryck_Chan, 49, 0, 0, 0, 42, 7
Ozgod, 0, 24, 22, 2, 0, 0
Paukrus, 0, 1, 1, 0, 0, 0
Snowolf, 55, 64, 36, 28, 0, 55
Deryck Chan, 0, 60, 15, 45, 0, 0
Evilclown93 (page does not exist), 0, 22, 19, 3, 0, 0
Bubba_hotep, 71, 0, 0, 0, 71, 0
Meteoroid (page does not exist), 0, 2, 2, 0, 0, 0
Harryboyles, 27, 0, 0, 0, 24, 3
Theone00, 0, 1, 1, 0, 0, 0
Crested Penguin, 0, 4, 4, 0, 0, 0
Metropolitan90, 30, 1, 0, 1, 30, 0
Jesse_Viviano, 50, 0, 0, 0, 50, 0
LocalShift29, 0, 1, 1, 0, 0, 0
OnaTutors, 0, 1, 1, 0, 0, 0
Mishatx, 0, 2, 2, 0, 0, 0
Steptrip (page does not exist), 0, 8, 8, 0, 0, 0
"Veinor/Link count/February 25, 2007", 0, 1, 1, 0, 0, 0
Kamope, 0, 5, 5, 0, 0, 0
Kamope/Signatures, 0, 1, 1, 0, 0, 0
A1octopus, 0, 1, 1, 0, 0, 0
SpuriousQ, 62, 14, 10, 4, 62, 0
BashmentBoy (page does not exist), 0, 1, 1, 0, 0, 0
RB972, 0, 1, 1, 0, 0, 0
Glen S (page does not exist), 0, 1, 1, 0, 0, 0
Edivorce, 0, 8, 8, 0, 0, 0
Scientizzle, 68, 31, 18, 13, 63, 5
Blaxthos, 0, 2, 1, 1, 0, 0
Artaxiad, 0, 6, 5, 1, 0, 0
Mbc362, 0, 1, 1, 0, 0, 0
Jayden54, 0, 1, 1, 0, 0, 0
Chaser/userbox nonsense, 0, 1, 1, 0, 0, 0
Strothra (page does not exist), 0, 11, 5, 6, 0, 0
Ryanpostlethwaite, 86, 0, 0, 0, 77, 9
Matthew, 0, 36, 18, 18, 0, 0
Ali-oops, 0, 3, 2, 1, 0, 0
Manopingo (page does not exist), 0, 2, 2, 0, 0, 0
Appleworm, 0, 16, 16, 0, 0, 0
RHaworth, 31, 1, 1, 0, 29, 2
Luis1972, 0, 3, 3, 0, 0, 0
Sam Blacketer, 0, 17, 5, 12, 0, 0
Philip Gronowski (page does not exist), 0, 2, 2, 0, 0, 0
Myanw, 0, 2, 2, 0, 0, 0
Heywool, 0, 6, 6, 0, 0, 0
Nick, 0, 79, 24, 55, 0, 0
Microtony, 0, 1, 1, 0, 0, 0
Leebo, 76, 10, 7, 3, 76, 0
Aquasplash, 0, 2, 2, 0, 0, 0
Coricus, 0, 2, 1, 1, 0, 0
John_Reaves, 61, 0, 0, 0, 53, 8
Michaelsanders (page does not exist), 0, 1, 1, 0, 0, 0
Seicer, 106, 26, 1, 25, 0, 106
Cao Wei, 0, 1, 1, 0, 0, 0
Kzrulzuall (page does not exist), 0, 11, 10, 1, 0, 0
Kzrulzuall/VandalismLog (page does not exist), 0, 4, 3, 1, 0, 0
Brianherman, 0, 11, 8, 3, 0, 0
Meshach, 0, 1, 1, 0, 0, 0
Part Deux, 0, 1, 1, 0, 0, 0
Pyrobooster (page does not exist), 0, 1, 0, 1, 0, 0
Arhugefan (page does not exist), 0, 3, 2, 1, 0, 0
Garfield the Cat, 0, 1, 1, 0, 0, 0
Penwhale, 89, 1, 1, 0, 64, 25
Steptrip/Signatures Go here (page does not exist), 0, 2, 2, 0, 0, 0
Illyria05 (page does not exist), 0, 1, 1, 0, 0, 0
141.213.210.80 (page does not exist), 0, 1, 0, 1, 0, 0
Purgatory Fubar, 0, 1, 0, 1, 0, 0
SatuSuro, 0, 18, 9, 9, 0, 0
DanielT5, 0, 1, 1, 0, 0, 0
Auroranorth (page does not exist), 0, 1, 1, 0, 0, 0
Auroranorth/Desk (page does not exist), 0, 1, 1, 0, 0, 0
Thewinchester, 0, 2, 2, 0, 0, 0
Smbarnzy (page does not exist), 0, 1, 1, 0, 0, 0
Melburnian, 53, 10, 4, 6, 43, 10
SeanMack, 0, 2, 2, 0, 0, 0
Fred.e (page does not exist), 0, 2, 2, 0, 0, 0
Dorange, 0, 4, 3, 1, 0, 0
Scharks, 0, 1, 1, 0, 0, 0
Astrokey44 (page does not exist), 0, 3, 3, 0, 0, 0
Arrowhead1, 0, 1, 1, 0, 0, 0
Rklawton, 54, 2, 0, 2, 47, 7
IvoShandor, 0, 3, 3, 0, 0, 0
A mcmurray (page does not exist), 0, 1, 1, 0, 0, 0
Kscottbailey (page does not exist), 0, 37, 0, 37, 0, 0
NAHID, 0, 11, 1, 10, 0, 0
Renesis, 0, 6, 5, 1, 0, 0
Ronbo76, 0, 2, 2, 0, 0, 0
Riana, 0, 93, 84, 9, 0, 0
I'll bring the food/other, 0, 2, 0, 2, 0, 0
Natalie_Erin, 78, 0, 0, 0, 77, 1
Gutworth, 0, 27, 26, 1, 0, 0
SMC, 0, 1, 1, 0, 0, 0
Shindo9Hikaru, 0, 9, 9, 0, 0, 0
Infrogmation, 0, 9, 9, 0, 0, 0
TheFuzzyFive, 0, 1, 1, 0, 0, 0
S. Miyano, 0, 3, 3, 0, 0, 0
Wimt, 86, 36, 27, 9, 80, 6
Pyrospirit, 0, 5, 2, 3, 0, 0
Zazzer (page does not exist), 0, 2, 2, 0, 0, 0
Reedy Boy, 0, 11, 5, 6, 0, 0
Wooty, 0, 1, 1, 0, 0, 0
Wooty/b, 0, 1, 1, 0, 0, 0
Wooty/Avoid presenting Wikipedia as anything but an encyclopedia, 0, 1, 1, 0, 0, 0
PrestonH/Autograph Book (page does not exist), 0, 11, 11, 0, 0, 0
Walter Humala, 0, 1, 0, 1, 0, 0
Walter Humala/Esperanza, 0, 1, 0, 1, 0, 0
Walter Humala/HelpMe, 0, 1, 0, 1, 0, 0
Alison, 90, 156, 74, 82, 90, 0
Alton, 0, 7, 6, 1, 0, 0
WeniWidiWiki, 0, 1, 1, 0, 0, 0
Ww2censor, 0, 4, 1, 3, 0, 0
Z.E.R.O. (page does not exist), 0, 9, 8, 1, 0, 0
James.Spudeman, 0, 1, 1, 0, 0, 0
Terence, 0, 92, 91, 1, 0, 0
Abtract, 0, 1, 1, 0, 0, 0
Necrowarrio0 (page does not exist), 0, 2, 2, 0, 0, 0
PrestonH/Sandbox (page does not exist), 0, 5, 5, 0, 0, 0
Stephen, 49, 193, 35, 158, 42, 7
NickW557, 0, 3, 1, 2, 0, 0
NickW557/Contact, 0, 1, 1, 0, 0, 0
Yksin, 0, 4, 3, 1, 0, 0
Djegan, 0, 1, 1, 0, 0, 0
Rye1967, 0, 1, 1, 0, 0, 0
Scm83x, 63, 7, 6, 1, 60, 3
CMummert, 55, 0, 0, 0, 44, 11
CSTAR, 23, 6, 6, 0, 22, 1
C S, 0, 5, 3, 2, 0, 0
KSmrq, 0, 3, 2, 1, 0, 0
CMummert (page does not exist), 0, 6, 4, 2, 0, 0
Salix alba, 0, 9, 3, 6, 0, 0
VectorPosse, 0, 1, 1, 0, 0, 0
Lambiam, 0, 2, 1, 1, 0, 0
Geometry guy, 0, 3, 2, 1, 0, 0
RevRagnarok, 0, 2, 2, 0, 0, 0
Sopoforic, 0, 1, 1, 0, 0, 0
Ruud Koot, 0, 12, 7, 5, 0, 0
Paul August, 0, 15, 14, 1, 0, 0
DavidCBryant, 0, 1, 1, 0, 0, 0
Tompw, 0, 1, 1, 0, 0, 0
Wiggy!, 0, 1, 1, 0, 0, 0
Seventy dot, 0, 4, 4, 0, 0, 0
Krellis, 0, 6, 6, 0, 0, 0
Deon555/Signhere, 0, 2, 2, 0, 0, 0
Firefoxman, 88, 4, 2, 2, 0, 88
Punk Boi 8, 0, 1, 1, 0, 0, 0
SGGH, 43, 5, 1, 4, 42, 1
Dep. Garcia, 0, 5, 5, 0, 0, 0
Dep. Garcia/Help Desk, 0, 5, 5, 0, 0, 0
Dep. Garcia/Complaints Department, 0, 5, 5, 0, 0, 0
Aude, 71, 26, 14, 12, 71, 0
Sereh888 (page does not exist), 0, 1, 1, 0, 0, 0
.5Edemon, 169, 0, 0, 0, 70, 99
Dante Alighieri, 0, 6, 4, 2, 0, 0
Kntrabssi, 0, 9, 8, 1, 0, 0
Ben, 0, 2, 2, 0, 0, 0
Psychonaut, 0, 2, 1, 1, 0, 0
Leprechaun99, 0, 1, 1, 0, 0, 0
Pigman (page does not exist), 0, 44, 16, 28, 0, 0
Raystorm, 0, 12, 5, 7, 0, 0
Xnuala, 47, 23, 20, 3, 39, 8
SatyrTN, 74, 4, 1, 3, 0, 74
Xdenizen, 0, 18, 2, 16, 0, 0
Hornandsoccer, 0, 5, 5, 0, 0, 0
Aleta, 78, 5, 1, 4, 0, 78
Lwarf, 0, 4, 3, 1, 0, 0
Sa.vakilian, 0, 1, 1, 0, 0, 0
Mrholybrain, 0, 3, 3, 0, 0, 0
Chrislintott, 0, 1, 1, 0, 0, 0
Navou (page does not exist), 0, 4, 3, 1, 0, 0
Shenme, 0, 9, 6, 3, 0, 0
Pedro, 101, 350, 71, 279, 92, 9
Conti, 0, 3, 1, 2, 0, 0
Malcolm (page does not exist), 0, 6, 6, 0, 0, 0
ICUDocMD, 0, 1, 1, 0, 0, 0
Mmackinnon, 0, 1, 1, 0, 0, 0
Social Studiously, 0, 1, 1, 0, 0, 0
Chasingsol, 0, 14, 1, 13, 0, 0
Luffy487, 0, 1, 1, 0, 0, 0
ArthurWeasley (page does not exist), 0, 1, 1, 0, 0, 0
Kjetil r, 0, 3, 3, 0, 0, 0
Sabine's Sunbird, 0, 9, 3, 6, 0, 0
Lakers, 0, 10, 10, 0, 0, 0
Seattle Skier, 0, 3, 3, 0, 0, 0
Waggers, 38, 17, 10, 7, 35, 3
Twenty Years (page does not exist), 0, 25, 13, 12, 0, 0
Trey56, 0, 1, 1, 0, 0, 0
ais523, 61, 0, 0, 0, 60, 1
X42bn6, 0, 5, 5, 0, 0, 0
Inkbottle, 0, 1, 1, 0, 0, 0
Wikidenizen, 0, 2, 2, 0, 0, 0
Aaron Bowen, 0, 1, 1, 0, 0, 0
EliminatorJR, 62, 9, 9, 0, 59, 3
Atlas87, 0, 1, 1, 0, 0, 0
Anynobody, 0, 8, 8, 0, 0, 0
Davidelit, 0, 2, 1, 1, 0, 0
Cremepuff222, 82, 35, 19, 16, 0, 82
Hirak 99, 0, 1, 1, 0, 0, 0
HumanThing, 0, 1, 1, 0, 0, 0
Squiddy, 0, 5, 5, 0, 0, 0
Canticle, 0, 1, 1, 0, 0, 0
Whereizben, 0, 2, 2, 0, 0, 0
NDCompuGeek, 0, 5, 5, 0, 0, 0
CyclePat, 0, 4, 1, 3, 0, 0
Homestarmy, 0, 6, 6, 0, 0, 0
Dereks1x, 0, 4, 3, 1, 0, 0
Olando, 0, 3, 3, 0, 0, 0
PullToOpen, 75, 0, 0, 0, 72, 3
Abeg92, 0, 30, 29, 1, 0, 0
Abeg92/Esperanza, 0, 8, 8, 0, 0, 0
Kyoko, 0, 11, 5, 6, 0, 0
IAmTheCoinMan, 0, 1, 0, 1, 0, 0
DLand, 0, 2, 1, 1, 0, 0
Kimon, 0, 2, 2, 0, 0, 0
Lmcelhiney, 0, 2, 2, 0, 0, 0
Sparkit, 0, 1, 1, 0, 0, 0
MrMacMan, 0, 1, 1, 0, 0, 0
Honda Pilot, 0, 2, 0, 2, 0, 0
Soumyasch, 64, 1, 0, 1, 48, 16
Deiv007, 0, 1, 1, 0, 0, 0
Jigs41793, 0, 1, 1, 0, 0, 0
Abhinandan verma, 0, 1, 1, 0, 0, 0
Sn0wflake, 27, 57, 49, 8, 21, 6
Gnanapiti, 0, 1, 1, 0, 0, 0
Dineshkannambadi, 0, 2, 1, 1, 0, 0
Rockstar915, 0, 7, 6, 1, 0, 0
Naveenbm, 0, 1, 1, 0, 0, 0
Warrens, 0, 2, 2, 0, 0, 0
LeCour, 0, 8, 8, 0, 0, 0
Netesq, 0, 1, 1, 0, 0, 0
Smee, 0, 7, 7, 0, 0, 0
Xiner/Editor conflicts, 0, 1, 0, 1, 0, 0
4kinnel (page does not exist), 0, 1, 0, 1, 0, 0
Greeves, 65, 5, 2, 3, 37, 28
Alnokta, 0, 4, 4, 0, 0, 0
Bobo The Ninja, 0, 4, 4, 0, 0, 0
Dariusk, 0, 1, 1, 0, 0, 0
Shipmaster, 0, 1, 1, 0, 0, 0
Karim Prince, 0, 1, 1, 0, 0, 0
Vassyana, 18, 19, 12, 7, 0, 18
Hemlock Martinis, 0, 7, 4, 3, 0, 0
CattleGirl, 62, 18, 12, 6, 58, 4
CattleGirl/Autograph Book, 0, 3, 2, 1, 0, 0
VirtualSteve, 80, 57, 35, 22, 76, 4
U.S.A.U.S.A.U.S.A., 0, 36, 18, 18, 0, 0
Rigadoun, 46, 18, 7, 11, 0, 46
Z4ns4tsu, 0, 1, 1, 0, 0, 0
Вasil, 0, 3, 3, 0, 0, 0
Goodnightmush, 34, 9, 9, 0, 34, 0
Mikeblas, 35, 0, 0, 0, 33, 2
DeLarge, 0, 2, 2, 0, 0, 0
Ben MacDui, 0, 31, 5, 26, 0, 0
Bencherlite, 1, 41, 3, 38, 0, 1
TigranTheGreat, 0, 1, 1, 0, 0, 0
Ale jrb, 0, 12, 2, 10, 0, 0
Makalp, 0, 2, 1, 1, 0, 0
Mr.Z-man, 50, 39, 10, 29, 43, 7
Dgies/Admin coaching, 0, 1, 0, 1, 0, 0
SMcCandlish, 0, 31, 5, 26, 0, 0
NL-Ninane, 0, 1, 1, 0, 0, 0
Seed 2.0, 0, 11, 10, 1, 0, 0
Vendettax, 0, 3, 2, 1, 0, 0
Jeff Defender, 0, 1, 0, 1, 0, 0
68.237.229.68, 0, 1, 0, 1, 0, 0
Jbl1975, 0, 1, 0, 1, 0, 0
Fuhghettaboutit, 75, 12, 2, 10, 64, 11
Chickyfuzz14, 0, 4, 3, 1, 0, 0
FisherQueen, 91, 3, 1, 2, 83, 8
JavaTenor, 0, 19, 17, 2, 0, 0
Scottydude, 0, 1, 1, 0, 0, 0
Carlosguitar, 28, 77, 40, 37, 0, 28
Iridescenti (page does not exist), 0, 8, 6, 2, 0, 0
Philippe, 67, 94, 48, 46, 64, 3
FlatGenius (page does not exist), 0, 1, 0, 1, 0, 0
Hemlock_Martinis, 54, 0, 0, 0, 33, 21
Camaron1, 46, 28, 25, 3, 0, 46
Bfissa (page does not exist), 0, 1, 1, 0, 0, 0
JodyB, 60, 129, 85, 44, 43, 17
Y, 0, 61, 40, 21, 0, 0
Madman bum and angel, 0, 10, 10, 0, 0, 0
HubmaN, 0, 1, 0, 1, 0, 0
Rackabello (page does not exist), 0, 5, 1, 4, 0, 0
Rbj, 0, 1, 0, 1, 0, 0
Proabivouac, 0, 6, 3, 3, 0, 0
Knowpedia, 0, 1, 1, 0, 0, 0
Sam, 0, 3, 1, 2, 0, 0
PatPeter, 0, 1, 1, 0, 0, 0
The Boy that time forgot, 0, 1, 1, 0, 0, 0
Killing sparrows, 0, 1, 1, 0, 0, 0
VK35, 0, 10, 10, 0, 0, 0
Z.E.R.O./Autograph Book, 0, 1, 1, 0, 0, 0
Jimbo, 0, 1, 0, 1, 0, 0
Staecker, 51, 0, 0, 0, 46, 5
Neutrality, 84, 127, 112, 15, 58, 26
AKAF, 0, 10, 7, 3, 0, 0
wrp103_.28Bill_Pringle.29, 54, 0, 0, 0, 37, 17
Wrp103, 0, 2, 0, 2, 0, 0
AldeBaer (page does not exist), 0, 69, 64, 5, 0, 0
KnightLago, 97, 6, 1, 5, 0, 97
Masterbobo (page does not exist), 0, 3, 3, 0, 0, 0
Mira, 0, 1, 1, 0, 0, 0
WBardwin, 0, 2, 2, 0, 0, 0
Iuio, 0, 1, 1, 0, 0, 0
John Foxe, 0, 1, 1, 0, 0, 0
Anthony_Appleyard, 51, 0, 0, 0, 38, 13
Bennyboyz3000 (page does not exist), 0, 36, 27, 9, 0, 0
PeteShanosky, 0, 2, 1, 1, 0, 0
Defender 911, 0, 1, 1, 0, 0, 0
Chronic The Wedgehog, 0, 1, 0, 1, 0, 0
Thedreamdied, 0, 2, 0, 2, 0, 0
DGG, 108, 172, 28, 144, 104, 4
Anthony Appleyard, 0, 2, 0, 2, 0, 0
Fishhead64, 50, 1, 0, 1, 47, 3
Joevanisland, 0, 1, 1, 0, 0, 0
Anietor, 0, 1, 1, 0, 0, 0
Lima, 0, 1, 1, 0, 0, 0
Mr.Z-man/RFA (page does not exist), 0, 2, 2, 0, 0, 0
Keefer4 (page does not exist), 0, 1, 1, 0, 0, 0
Pastordavid, 69, 19, 13, 6, 61, 8
Bec-Thorn-Berry, 0, 9, 5, 4, 0, 0
Andrew c, 0, 5, 3, 2, 0, 0
Anonymous Dissident, 0, 147, 56, 91, 0, 0
Ryan Postlethwaite, 0, 187, 78, 109, 0, 0
Ivygohnair, 0, 1, 1, 0, 0, 0
SynKobiety, 0, 1, 0, 1, 0, 0
Dr mindbender, 0, 1, 0, 1, 0, 0
Walton_monarchist89, 84, 0, 0, 0, 59, 25
Da.Tomato.Dude, 0, 1, 1, 0, 0, 0
Umedard (page does not exist), 0, 1, 1, 0, 0, 0
Nick mallory, 0, 51, 11, 40, 0, 0
Arkyan, 87, 45, 37, 8, 78, 9
Shirahadasha, 54, 35, 30, 5, 52, 2
Chrislk (page does not exist), 0, 1, 0, 1, 0, 0
Hex, 70, 6, 1, 5, 47, 23
TerriersFan, 46, 4, 2, 2, 35, 11
Butseriouslyfolks, 80, 2, 0, 2, 62, 18
Eskimospy, 0, 2, 1, 1, 0, 0
Agha Nader, 0, 2, 2, 0, 0, 0
Jmlk17, 44, 301, 137, 164, 40, 4
BlueValour (page does not exist), 0, 1, 1, 0, 0, 0
Spobmur (page does not exist), 0, 1, 1, 0, 0, 0
Rooot, 0, 1, 0, 1, 0, 0
Bridgeplayer, 0, 2, 1, 1, 0, 0
The Transhumanist, 0, 73, 22, 51, 0, 0
RGTraynor, 0, 22, 7, 15, 0, 0
Arf!, 0, 9, 8, 1, 0, 0
Abeg92/vt, 0, 6, 6, 0, 0, 0
El hombre de haha, 0, 5, 4, 1, 0, 0
BigDT/416 (page does not exist), 0, 1, 0, 1, 0, 0
TomasBat, 0, 32, 29, 3, 0, 0
TomasBat/Autographs, 0, 11, 11, 0, 0, 0
The Random Editor, 0, 95, 91, 4, 0, 0
Thunderwing, 0, 6, 6, 0, 0, 0
Reywas92, 0, 5, 2, 3, 0, 0
AxG/Userpage, 0, 1, 1, 0, 0, 0
AxG/Autograph Book, 0, 1, 1, 0, 0, 0
Simul8, 0, 5, 5, 0, 0, 0
Magnus animum, 0, 23, 19, 4, 0, 0
Magnus animum/Confusion (page does not exist), 0, 9, 7, 2, 0, 0
Hojimachong, 0, 3, 3, 0, 0, 0
Amphytrite, 0, 3, 2, 1, 0, 0
ABF, 0, 29, 4, 25, 0, 0
Anittas, 0, 5, 4, 1, 0, 0
AndonicO/Self-made Userboxes (page does not exist), 0, 1, 0, 1, 0, 0
Zeibura (page does not exist), 0, 68, 60, 8, 0, 0
Myleslong, 48, 15, 15, 0, 44, 4
Xihr, 0, 1, 1, 0, 0, 0
Cspurrier, 0, 4, 4, 0, 0, 0
A.Z. (page does not exist), 0, 16, 16, 0, 0, 0
Sam_Blacketer, 65, 0, 0, 0, 54, 11
124.183.228.151 (page does not exist), 0, 1, 1, 0, 0, 0
Monty845, 84, 36, 2, 34, 0, 84
Tomuk1 (page does not exist), 0, 1, 1, 0, 0, 0
Funpika (page does not exist), 0, 3, 2, 1, 0, 0
Boricuaeddie (page does not exist), 0, 50, 49, 1, 0, 0
Kittybrewster, 0, 7, 1, 6, 0, 0
Patricknoddy, 0, 2, 0, 2, 0, 0
BrownHairedGirl, 100, 17, 4, 13, 82, 18
Martinp23/NPWatcher, 0, 1, 0, 1, 0, 0
Ali'i, 0, 11, 0, 11, 0, 0
Paki U Like (page does not exist), 0, 1, 0, 1, 0, 0
Krimpet, 61, 55, 19, 36, 33, 28
Ali, 0, 8, 7, 1, 0, 0
The Phoenix Enforcer, 0, 1, 1, 0, 0, 0
Lankybugger, 0, 13, 13, 0, 0, 0
Lollipop Lady, 0, 2, 2, 0, 0, 0
Vpopescu, 0, 1, 1, 0, 0, 0
Bjrobinson, 0, 1, 0, 1, 0, 0
Doctor Arthritis Morbid1, 0, 1, 0, 1, 0, 0
Tabersyn30 (page does not exist), 0, 1, 0, 1, 0, 0
WarpstarRider, 0, 1, 0, 1, 0, 0
Hopw-2 (page does not exist), 0, 1, 0, 1, 0, 0
SqueakBox, 0, 27, 18, 9, 0, 0
Jsc83, 0, 1, 1, 0, 0, 0
Altosax456, 0, 1, 1, 0, 0, 0
Kevin Murray, 0, 6, 4, 2, 0, 0
One Night In Hackney, 0, 4, 2, 2, 0, 0
Wenli, 0, 23, 11, 12, 0, 0
Adambro (page does not exist), 0, 8, 7, 1, 0, 0
AGK, 84, 113, 14, 99, 60, 24
The undertow, 0, 79, 46, 33, 0, 0
Vassyana/admin, 0, 5, 4, 1, 0, 0
ISOLA'd ELBA (page does not exist), 0, 3, 3, 0, 0, 0
BillDeanCarter, 0, 1, 0, 1, 0, 0
Grammar-check, 0, 1, 1, 0, 0, 0
Feezo, 50, 13, 10, 3, 0, 50
Clio the Muse, 0, 3, 2, 1, 0, 0
Virtual Cowboy, 0, 2, 2, 0, 0, 0
Willy On Wheels (page does not exist), 0, 1, 1, 0, 0, 0
Tewy, 0, 1, 0, 1, 0, 0
Matt_Britt, 75, 0, 0, 0, 65, 10
Bladestorm, 0, 1, 1, 0, 0, 0
Matt Britt/Don't just do whatever, 0, 1, 1, 0, 0, 0
Matt Britt, 0, 2, 1, 1, 0, 0
Fnagaton, 0, 1, 0, 1, 0, 0
Croat_Canuck, 47, 0, 0, 0, 41, 6
Phoenix2 (page does not exist), 0, 47, 45, 2, 0, 0
TwinsMetsFan, 54, 0, 0, 0, 45, 9
Vishwin60, 0, 7, 6, 1, 0, 0
Northenglish (page does not exist), 0, 1, 0, 1, 0, 0
MPD01605, 0, 1, 1, 0, 0, 0
JohnnyAlbert10, 0, 3, 2, 1, 0, 0
Metallic95, 0, 2, 2, 0, 0, 0
G1ggy, 0, 30, 19, 11, 0, 0
The_Rambling_Man, 122, 0, 0, 0, 122, 0
Dave101, 0, 3, 3, 0, 0, 0
Mattythewhite, 113, 1, 1, 0, 0, 113
BlackJack, 0, 1, 1, 0, 0, 0
THUGCHILDz, 0, 2, 2, 0, 0, 0
R, 0, 22, 17, 5, 0, 0
Wikihermit (page does not exist), 0, 22, 17, 5, 0, 0
Eaomatrix, 0, 1, 1, 0, 0, 0
Ddstretch, 0, 11, 3, 8, 0, 0
PxMa (page does not exist), 0, 12, 1, 11, 0, 0
Dacium, 0, 7, 2, 5, 0, 0
Samir, 0, 51, 16, 35, 0, 0
CComMack, 0, 8, 7, 1, 0, 0
Sean William, 0, 18, 13, 5, 0, 0
Wpktsfs, 0, 15, 14, 1, 0, 0
Jayvdb, 52, 18, 2, 16, 52, 0
JayHenry, 0, 94, 22, 72, 0, 0
Q Original, 0, 1, 1, 0, 0, 0
Stammer (page does not exist), 0, 4, 4, 0, 0, 0
Lankybugger/ASBS, 0, 2, 2, 0, 0, 0
Shyamal, 68, 17, 4, 13, 51, 17
Biophys (page does not exist), 0, 8, 1, 7, 0, 0
Uncle G, 0, 3, 1, 2, 0, 0
Cool Blue, 0, 14, 13, 1, 0, 0
Colchicum, 0, 2, 1, 1, 0, 0
Oo7565, 0, 10, 9, 1, 0, 0
Phoebe, 0, 3, 1, 2, 0, 0
Abu ali, 0, 1, 1, 0, 0, 0
ObiterDicta, 0, 7, 7, 0, 0, 0
Vlad fedorov, 0, 1, 0, 1, 0, 0
William_Pietri, 70, 0, 0, 0, 64, 6
Trebor, 0, 9, 5, 4, 0, 0
Avb, 0, 6, 6, 0, 0, 0
William Pietri, 0, 2, 1, 1, 0, 0
Eyrian, 50, 1, 0, 1, 41, 9
HammerHeadHuman, 0, 1, 1, 0, 0, 0
Mcr616, 0, 1, 1, 0, 0, 0
Abeg92/ea, 0, 16, 15, 1, 0, 0
Wikihermit/Articles/RfA/Eyrian (page does not exist), 0, 1, 1, 0, 0, 0
Shanes, 42, 30, 29, 1, 38, 4
Arthur_Rubin, 107, 0, 0, 0, 104, 3
Christopher Sundita, 0, 36, 35, 1, 0, 0
Jondel, 41, 37, 35, 2, 41, 0
AdamSmithee, 0, 3, 2, 1, 0, 0
Dmharvey, 0, 4, 4, 0, 0, 0
RandomP, 0, 1, 1, 0, 0, 0
Meni Rosenfeld, 0, 2, 2, 0, 0, 0
Reswobslc, 0, 1, 1, 0, 0, 0
Lethe/sig, 0, 19, 15, 4, 0, 0
Wine Guy, 0, 2, 1, 1, 0, 0
T. Moitie, 0, 1, 1, 0, 0, 0
Knowing Is Half The Battle (page does not exist), 0, 3, 1, 2, 0, 0
Slumgum, 63, 0, 0, 0, 46, 17
Bballoakie, 0, 1, 1, 0, 0, 0
Spike Wilbury, 0, 58, 31, 27, 0, 0
Wikihermit/Articles/RfA/Slumgum (page does not exist), 0, 1, 1, 0, 0, 0
The Sunshine Man, 0, 33, 31, 2, 0, 0
Rabbeinu, 0, 2, 1, 1, 0, 0
MastCell, 66, 60, 16, 44, 61, 5
MoodyGroove, 0, 2, 1, 1, 0, 0
Joyous!, 0, 7, 4, 3, 0, 0
Assasin Joe, 0, 27, 5, 22, 0, 0
Nunh-huh, 27, 13, 12, 1, 26, 1
Alteripse, 20, 7, 7, 0, 19, 1
Countincr, 0, 1, 1, 0, 0, 0
Rustavo, 0, 1, 1, 0, 0, 0
Dlodge, 0, 1, 1, 0, 0, 0
Tearlach, 0, 1, 1, 0, 0, 0
Diberri, 13, 2, 2, 0, 13, 0
Levine2112 (page does not exist), 0, 3, 1, 2, 0, 0
Severa, 0, 3, 3, 0, 0, 0
Fyslee, 0, 1, 0, 1, 0, 0
Uthbrian, 0, 2, 2, 0, 0, 0
Regulations, 0, 1, 0, 1, 0, 0
Billy Ego, 0, 1, 0, 1, 0, 0
MrSomeone, 0, 2, 2, 0, 0, 0
Gretab (page does not exist), 0, 1, 1, 0, 0, 0
Kleinzach, 0, 1, 1, 0, 0, 0
Jacob Peters, 0, 1, 1, 0, 0, 0
Cascadia, 0, 1, 1, 0, 0, 0
GDonato, 52, 60, 36, 24, 47, 5
Daveh4h, 0, 9, 5, 4, 0, 0
David_Fuchs, 62, 0, 0, 0, 62, 0
Dark Dragon Flame, 0, 1, 1, 0, 0, 0
Qjuad, 0, 1, 1, 0, 0, 0
Pupster21, 0, 1, 1, 0, 0, 0
MZMcBride, 249, 4, 0, 4, 36, 213
St.daniel, 0, 9, 8, 1, 0, 0
Ugen64, 1, 89, 74, 15, 0, 1
Obscurans, 0, 1, 1, 0, 0, 0
SOPHIA, 0, 9, 8, 1, 0, 0
Ocatecir, 45, 8, 7, 1, 45, 0
Majoreditor, 0, 158, 38, 120, 0, 0
SemperFideliS81, 0, 4, 3, 1, 0, 0
Sxeptomaniac, 0, 5, 3, 2, 0, 0
TML, 0, 6, 4, 2, 0, 0
Csernica, 0, 2, 2, 0, 0, 0
Warlordjohncarter (page does not exist), 0, 15, 3, 12, 0, 0
T-dot, 0, 4, 4, 0, 0, 0
Soulkeeper, 0, 1, 1, 0, 0, 0
Nina-no, 0, 1, 1, 0, 0, 0
Cnyborg, 0, 1, 1, 0, 0, 0
Wikihermit/Articles/RfA/Rettetast (page does not exist), 0, 1, 1, 0, 0, 0
PaulVIF, 0, 1, 1, 0, 0, 0
Jezebel Parks, 0, 1, 1, 0, 0, 0
Falsedef, 0, 7, 7, 0, 0, 0
Paul Erik, 0, 80, 16, 64, 0, 0
Endroit, 0, 3, 3, 0, 0, 0
Twooars, 0, 34, 12, 22, 0, 0
Felixboy, 0, 5, 5, 0, 0, 0
Two-Sixteen, 0, 1, 1, 0, 0, 0
Fneep, 0, 1, 1, 0, 0, 0
Feddhicks, 0, 1, 1, 0, 0, 0
Sawyer12477, 0, 1, 0, 1, 0, 0
EnglishEfternamn, 0, 1, 1, 0, 0, 0
Mom2jandk, 0, 2, 2, 0, 0, 0
Benzocane, 0, 1, 1, 0, 0, 0
Seattle_Skier, 30, 0, 0, 0, 30, 0
Jespinos, 0, 2, 1, 1, 0, 0
Wikihermit/Articles/RfA/AQu01rius (page does not exist), 0, 1, 1, 0, 0, 0
It's-is-not-a-genitive, 0, 4, 4, 0, 0, 0
Recurring dreams, 0, 28, 21, 7, 0, 0
Ideogram, 0, 4, 2, 2, 0, 0
After_Midnight, 69, 0, 0, 0, 69, 0
PageantUpdater, 0, 2, 2, 0, 0, 0
Shyam, 0, 1, 1, 0, 0, 0
Resurgent insurgent, 0, 8, 6, 2, 0, 0
Lanky, 0, 9, 8, 1, 0, 0
Xy7, 0, 3, 1, 2, 0, 0
Defrosted, 0, 3, 3, 0, 0, 0
ALoan, 23, 7, 7, 0, 22, 1
AllynJ, 0, 1, 1, 0, 0, 0
Tim.bounceback, 0, 11, 10, 1, 0, 0
Tim.bounceback/Userboxes/List-used (page does not exist), 0, 3, 3, 0, 0, 0
Mdcollins1984, 0, 1, 1, 0, 0, 0
Stephen Turner, 0, 1, 1, 0, 0, 0
Loganberry, 0, 2, 2, 0, 0, 0
Lmc169, 0, 3, 3, 0, 0, 0
Nenyedi (page does not exist), 0, 3, 3, 0, 0, 0
Radio orange (page does not exist), 0, 2, 2, 0, 0, 0
Grumpygrumpy, 0, 1, 1, 0, 0, 0
Cricket02, 0, 9, 5, 4, 0, 0
Lucasbfr, 56, 12, 6, 6, 56, 0
Hdt83, 64, 32, 16, 16, 0, 64
Askari Mark, 0, 7, 2, 5, 0, 0
LessHeard_vanU, 204, 0, 0, 0, 31, 173
LessHeard vanU, 0, 113, 23, 90, 0, 0
Neranei (page does not exist), 0, 21, 15, 6, 0, 0
75.23.155.218 (page does not exist), 0, 2, 2, 0, 0, 0
Cla68, 0, 27, 7, 20, 0, 0
FNMF, 0, 1, 0, 1, 0, 0
Daniel, 240, 149, 55, 94, 222, 18
BrendelSignature, 37, 1, 1, 0, 37, 0
C.Fred, 29, 8, 2, 6, 29, 0
Cowman109/Smile, 0, 11, 11, 0, 0, 0
Anas_Salloum, 47, 0, 0, 0, 47, 0
Cedar-Guardian (page does not exist), 0, 2, 2, 0, 0, 0
Asabbagh, 0, 1, 1, 0, 0, 0
Ralhazzaa, 0, 1, 1, 0, 0, 0
Yonatan, 50, 5, 4, 1, 50, 0
Majorly/MU (page does not exist), 0, 22, 17, 5, 0, 0
EdBoy002, 0, 5, 5, 0, 0, 0
CJ, 0, 10, 10, 0, 0, 0
D. Recorder, 0, 6, 5, 1, 0, 0
Denelson83, 42, 49, 48, 1, 37, 5
Alanyst, 0, 2, 1, 1, 0, 0
Eternal Pink, 0, 1, 1, 0, 0, 0
Lego3400, 0, 1, 1, 0, 0, 0
The Hippie, 0, 1, 1, 0, 0, 0
Alvestrand, 24, 1, 1, 0, 24, 0
G1ggy/Contribs (page does not exist), 0, 24, 14, 10, 0, 0
Manderiko, 0, 5, 3, 2, 0, 0
PIrish, 0, 2, 1, 1, 0, 0
Abu badali, 0, 4, 2, 2, 0, 0
The Evil Spartan, 0, 9, 1, 8, 0, 0
Lemonflash, 0, 46, 45, 1, 0, 0
Arctic.gnome, 37, 1, 0, 1, 35, 2
WilyD, 47, 25, 9, 16, 36, 11
Nihiltres, 32, 32, 10, 22, 32, 0
Nihiltres/Sandbox, 0, 3, 3, 0, 0, 0
Akradecki, 41, 4, 4, 0, 41, 0
NHRHS2010, 0, 191, 20, 171, 0, 0
Madman bum and angel/Desk (page does not exist), 0, 8, 8, 0, 0, 0
Bjelleklang, 56, 0, 0, 0, 46, 10
Bobak, 62, 1, 1, 0, 62, 0
Xtreme racer, 0, 1, 1, 0, 0, 0
Fire Star (page does not exist), 0, 86, 86, 0, 0, 0
Atabek (page does not exist), 0, 1, 1, 0, 0, 0
Pejman47, 0, 1, 1, 0, 0, 0
Behmod (page does not exist), 0, 1, 1, 0, 0, 0
Edwin Herdman, 0, 6, 6, 0, 0, 0
Yamamoto_Ichiro, 80, 0, 0, 0, 59, 21
Carlossuarez46, 0, 154, 45, 109, 0, 0
Paxse, 91, 5, 2, 3, 0, 91
Flubeca, 0, 7, 7, 0, 0, 0
DBZROCKS, 0, 3, 3, 0, 0, 0
Gaff, 0, 30, 19, 11, 0, 0
Mawfive, 0, 1, 1, 0, 0, 0
Whstchy, 0, 5, 4, 1, 0, 0
Yamamoto Ichiro, 0, 18, 10, 8, 0, 0
Anywherebuthere23 (page does not exist), 0, 1, 0, 1, 0, 0
G1ggy/RfA (page does not exist), 0, 1, 0, 1, 0, 0
Orangemarlin, 0, 32, 11, 21, 0, 0
Haber, 0, 1, 0, 1, 0, 0
Arnon Chaffin (page does not exist), 0, 9, 9, 0, 0, 0
E, 74, 15, 8, 7, 0, 74
Walton77 (page does not exist), 0, 3, 2, 1, 0, 0
Kurykh, 0, 8, 4, 4, 0, 0
FROGPOO (page does not exist), 0, 1, 1, 0, 0, 0
Christopher_Parham, 70, 0, 0, 0, 66, 4
Blueboy96, 53, 7, 3, 4, 0, 53
Telcourbanio, 0, 1, 1, 0, 0, 0
Flowerpotman, 0, 12, 4, 8, 0, 0
Molag Bal (page does not exist), 0, 1, 1, 0, 0, 0
DarkFalls, 74, 116, 46, 70, 65, 9
Slp1, 76, 14, 4, 10, 0, 76
Ahonc, 0, 22, 21, 1, 0, 0
DanMS, 34, 0, 0, 0, 34, 0
Andries, 0, 3, 2, 1, 0, 0
Cchan199206, 0, 5, 5, 0, 0, 0
Dure (page does not exist), 0, 2, 2, 0, 0, 0
D-Day, 0, 14, 13, 1, 0, 0
D-Day/Rate my progress, 0, 6, 6, 0, 0, 0
Halibutt, 0, 5, 4, 1, 0, 0
Misza13/About, 0, 1, 0, 1, 0, 0
William Henry Harrison, 0, 3, 3, 0, 0, 0
Jbolden1517, 0, 5, 5, 0, 0, 0
Echuck215, 0, 23, 22, 1, 0, 0
Thirteen squared, 0, 4, 4, 0, 0, 0
Corvus cornix, 0, 6, 2, 4, 0, 0
Black Harry, 0, 39, 29, 10, 0, 0
Reedy_Boy, 52, 0, 0, 0, 52, 0
GrooveDog, 0, 5, 3, 2, 0, 0
EdBoy002/B (page does not exist), 0, 1, 1, 0, 0, 0
Jodyw1, 0, 1, 1, 0, 0, 0
Hmwith, 0, 143, 19, 124, 0, 0
Komdori, 0, 1, 1, 0, 0, 0
Ukrained, 0, 2, 1, 1, 0, 0
SlamDiego, 0, 1, 0, 1, 0, 0
Rjproie, 0, 1, 0, 1, 0, 0
Miss Minerva (page does not exist), 0, 1, 0, 1, 0, 0
Black_Falcon, 82, 0, 0, 0, 82, 0
Snowolfd4, 0, 2, 2, 0, 0, 0
Taprobanus (page does not exist), 0, 3, 1, 2, 0, 0
Lustead, 0, 6, 5, 1, 0, 0
Tikiwont, 32, 15, 3, 12, 0, 32
Radiant!/Classification of admins, 0, 2, 1, 1, 0, 0
Kralizec!, 0, 21, 4, 17, 0, 0
Watchdogb, 0, 3, 2, 1, 0, 0
Salaskan (page does not exist), 0, 10, 8, 2, 0, 0
A Raider Like Indiana, 0, 2, 1, 1, 0, 0
DoomsDay349, 63, 1, 0, 1, 39, 24
Wikidan829, 0, 2, 1, 1, 0, 0
DevAlt, 0, 1, 1, 0, 0, 0
One, 0, 33, 0, 33, 0, 0
Cynehelm, 0, 1, 1, 0, 0, 0
Kranar drogin, 0, 2, 2, 0, 0, 0
Autocracy, 0, 1, 1, 0, 0, 0
Lcarsdata, 0, 1, 1, 0, 0, 0
Mr Stephen, 0, 2, 0, 2, 0, 0
David_Eppstein, 88, 0, 0, 0, 88, 0
AldeBaer/disambig (page does not exist), 0, 3, 3, 0, 0, 0
Cronholm144, 0, 11, 4, 7, 0, 0
Dominus, 0, 1, 1, 0, 0, 0
Keegan, 0, 99, 16, 83, 0, 0
Charles Matthews, 0, 21, 19, 2, 0, 0
Lipsticked Pig, 0, 3, 3, 0, 0, 0
Nadav1, 0, 2, 2, 0, 0, 0
Arthur Rubin, 0, 5, 1, 4, 0, 0
Mscuthbert, 0, 14, 2, 12, 0, 0
Mattl2001, 0, 2, 2, 0, 0, 0
Neil, 0, 152, 43, 109, 0, 0
Dysepsion, 0, 2, 2, 0, 0, 0
Turgidson, 0, 1, 1, 0, 0, 0
Taemyr, 0, 1, 1, 0, 0, 0
Bibliomaniac15/How many Wikipedians does it take to screw in a lightbulb?, 0, 2, 2, 0, 0, 0
Arichnad, 0, 2, 2, 0, 0, 0
Zzyzx11, 39, 124, 115, 9, 37, 2
Nunquam Dormio, 0, 1, 1, 0, 0, 0
Versageek, 88, 10, 4, 6, 0, 88
CrazytalesPublic, 0, 3, 2, 1, 0, 0
John, 0, 103, 9, 94, 0, 0
Pax:Vobiscum, 57, 4, 3, 1, 40, 17
Wikihermit/Articles/break/Ideology (page does not exist), 0, 1, 1, 0, 0, 0
Malbour enziz, 0, 1, 1, 0, 0, 0
Noble of pemberton, 0, 1, 1, 0, 0, 0
Crowdman 4000, 0, 1, 1, 0, 0, 0
Pax vulcurcross, 0, 1, 1, 0, 0, 0
Pipermantolisopa, 0, 1, 1, 0, 0, 0
Carom, 0, 9, 8, 1, 0, 0
Runewiki777 (page does not exist), 0, 14, 9, 5, 0, 0
ScotchMB, 0, 4, 4, 0, 0, 0
AldeBaer/welcome (page does not exist), 0, 67, 50, 17, 0, 0
Disneyfreak96, 0, 1, 1, 0, 0, 0
Spebi, 64, 57, 27, 30, 0, 64
Runewiki777/stuff 2, 0, 1, 1, 0, 0, 0
TheFearow, 0, 55, 54, 1, 0, 0
Icewedge, 92, 56, 9, 47, 0, 92
SU Linguist, 0, 2, 2, 0, 0, 0
Samorchard, 0, 1, 1, 0, 0, 0
Mceder, 0, 2, 2, 0, 0, 0
Eddie Guimont, 0, 1, 1, 0, 0, 0
Bishzilla, 0, 3, 1, 2, 0, 0
Walton 77, 0, 4, 4, 0, 0, 0
Vizjim, 0, 5, 5, 0, 0, 0
Academy Leader, 0, 1, 1, 0, 0, 0
88.109.203.48 (page does not exist), 0, 1, 1, 0, 0, 0
Dtobias, 0, 3, 1, 2, 0, 0
Whsitchy, 0, 2, 2, 0, 0, 0
Serpent's Choice, 0, 1, 1, 0, 0, 0
JetLover, 0, 46, 24, 22, 0, 0
JetLover/Sandbox, 0, 14, 12, 2, 0, 0
SweetCarmen (page does not exist), 0, 1, 1, 0, 0, 0
Vision Thing, 0, 5, 3, 2, 0, 0
Merkinsmum, 0, 4, 2, 2, 0, 0
Calbrina36 (page does not exist), 0, 1, 0, 1, 0, 0
SchuminWeb, 53, 2, 0, 2, 40, 13
Kaori, 0, 1, 1, 0, 0, 0
Ichormosquito, 0, 2, 1, 1, 0, 0
Apoc2400, 0, 5, 1, 4, 0, 0
PGWG, 0, 24, 14, 10, 0, 0
Barryob (page does not exist), 0, 8, 1, 7, 0, 0
SimonP, 1, 18, 16, 2, 0, 1
HermesBot, 0, 7, 3, 4, 0, 0
SirFozzie, 69, 9, 3, 6, 58, 11
JB196, 0, 1, 1, 0, 0, 0
Suriel1981, 0, 1, 0, 1, 0, 0
Yummifruitbat, 0, 2, 1, 1, 0, 0
GeneralIroh, 0, 5, 5, 0, 0, 0
Dark Devil, 0, 1, 1, 0, 0, 0
BBPscar, 0, 1, 1, 0, 0, 0
UTAFA, 0, 3, 1, 2, 0, 0
Politics rule, 0, 95, 77, 18, 0, 0
Darrenhusted, 0, 2, 0, 2, 0, 0
Burntsauce, 0, 2, 0, 2, 0, 0
Biggspowd, 0, 1, 0, 1, 0, 0
KamrynMatika, 0, 7, 4, 3, 0, 0
AshLin, 0, 3, 1, 2, 0, 0
Stwalkerster, 97, 45, 18, 27, 0, 97
Rusty Cashman, 0, 1, 1, 0, 0, 0
Jimfbleak, 0, 7, 1, 6, 0, 0
66.249.19.19 (page does not exist), 0, 1, 0, 1, 0, 0
Kmweber, 0, 17, 0, 17, 0, 0
Jguk/admin criterion, 0, 29, 10, 19, 0, 0
Chochopk, 52, 1, 0, 1, 42, 10
Novelbank, 0, 1, 1, 0, 0, 0
LtWinters, 0, 4, 4, 0, 0, 0
CIreland, 33, 10, 4, 6, 0, 33
Ck_lostsword, 50, 0, 0, 0, 35, 15
IvanKnight69, 0, 1, 1, 0, 0, 0
Ck lostsword, 0, 25, 25, 0, 0, 0
Mecu, 56, 0, 0, 0, 41, 15
Nv8200p, 26, 3, 2, 1, 26, 0
Howcheng, 74, 24, 22, 2, 74, 0
P4k (page does not exist), 0, 1, 0, 1, 0, 0
DrKiernan, 111, 4, 1, 3, 55, 56
Superbfc, 0, 1, 1, 0, 0, 0
Winklethorpe, 0, 1, 1, 0, 0, 0
Yamara, 0, 1, 1, 0, 0, 0
Javit, 0, 2, 1, 1, 0, 0
Wpktsfs/poetry (page does not exist), 0, 4, 4, 0, 0, 0
Noon, 0, 2, 1, 1, 0, 0
Here, 0, 1, 1, 0, 0, 0
Miranda, 0, 67, 17, 50, 0, 0
Gandoman (page does not exist), 0, 1, 1, 0, 0, 0
Pudeo, 0, 5, 1, 4, 0, 0
Agamemnon2, 0, 2, 1, 1, 0, 0
Steel, 0, 4, 0, 4, 0, 0
N96, 0, 3, 1, 2, 0, 0
Kim dent brown, 0, 6, 4, 2, 0, 0
Sephiroth BCR, 0, 45, 5, 40, 0, 0
Flyguy649, 88, 18, 15, 3, 88, 0
Teketime, 0, 1, 1, 0, 0, 0
DerHexer, 119, 33, 8, 25, 107, 12
Bibliomaniac15/Enlarge your edit count, 0, 8, 7, 1, 0, 0
Chuckfromchan, 0, 1, 1, 0, 0, 0
Bwowen, 0, 1, 1, 0, 0, 0
Quentin X, 0, 4, 1, 3, 0, 0
PouponOnToast, 0, 3, 2, 1, 0, 0
Marciamaria, 0, 1, 1, 0, 0, 0
Elipongo, 0, 1, 1, 0, 0, 0
Haemo, 119, 34, 25, 9, 118, 1
Edtropolis (page does not exist), 0, 1, 1, 0, 0, 0
Ericorbit, 69, 11, 3, 8, 47, 22
Hirohisat, 0, 64, 57, 7, 0, 0
Derumi, 0, 4, 4, 0, 0, 0
Dakpowers (page does not exist), 0, 10, 10, 0, 0, 0
Dakpowers/Esperanza, 0, 8, 8, 0, 0, 0
Underneath-it-All, 0, 3, 3, 0, 0, 0
Professor marginalia, 0, 1, 1, 0, 0, 0
Italiavivi (page does not exist), 0, 4, 3, 1, 0, 0
CloudNine, 74, 2, 1, 1, 72, 2
NSR77, 0, 7, 6, 1, 0, 0
Oysterguitarist (page does not exist), 0, 15, 10, 5, 0, 0
Warrush, 0, 2, 2, 0, 0, 0
Eleassar, 48, 0, 0, 0, 48, 0
Teh tennisman/welcome (page does not exist), 0, 13, 7, 6, 0, 0
65.13.115.43 (page does not exist), 0, 1, 1, 0, 0, 0
DeadBot, 0, 54, 53, 1, 0, 0
LoveMonkey, 0, 2, 1, 1, 0, 0
Tulkolahten, 0, 1, 1, 0, 0, 0
Baccyak4H, 0, 4, 1, 3, 0, 0
XAndreWx (page does not exist), 0, 1, 1, 0, 0, 0
The king of the shadows (page does not exist), 0, 1, 1, 0, 0, 0
Francisco Tevez, 0, 6, 6, 0, 0, 0
Spevw, 0, 5, 1, 4, 0, 0
SanchiTachi, 0, 1, 0, 1, 0, 0
Hannah K., 0, 1, 1, 0, 0, 0
TREYWiki, 0, 8, 3, 5, 0, 0
Crazytales/Gen. von K IRC log, 0, 1, 0, 1, 0, 0
WHeimbigner, 0, 1, 0, 1, 0, 0
Republicofwiki (page does not exist), 0, 1, 0, 1, 0, 0
Boricuaeddie/Puerto Rico (page does not exist), 0, 21, 20, 1, 0, 0
Mainemainer, 0, 1, 1, 0, 0, 0
Chetblong, 33, 26, 1, 25, 0, 33
Krator, 0, 14, 5, 9, 0, 0
J-stan, 90, 55, 35, 20, 0, 90
Antelan, 0, 3, 1, 2, 0, 0
S, 0, 7, 5, 2, 0, 0
Nard the Bard, 0, 5, 3, 2, 0, 0
Ais523 non-admin, 0, 1, 0, 1, 0, 0
Mattinbgn, 1, 37, 5, 32, 0, 1
OntarioQuizzer, 0, 2, 2, 0, 0, 0
Epbr123, 169, 100, 1, 99, 0, 169
WikiTownsvillian, 0, 1, 1, 0, 0, 0
Lostvalley, 0, 1, 1, 0, 0, 0
HB4026, 0, 2, 2, 0, 0, 0
LurkingInChicago, 0, 1, 1, 0, 0, 0
TonyTheTiger/Antonio Vernon, 0, 13, 3, 10, 0, 0
TonyTheTiger/WPChiDirector, 0, 6, 3, 3, 0, 0
Sanchom, 49, 0, 0, 0, 45, 4
Sanchom/sig (page does not exist), 0, 1, 1, 0, 0, 0
Jreferee/Awards, 0, 1, 1, 0, 0, 0
Black Harry/Highlights (page does not exist), 0, 12, 10, 2, 0, 0
Nat.tang, 0, 9, 8, 1, 0, 0
Kwsn, 58, 18, 13, 5, 0, 58
Libertyville, 0, 1, 1, 0, 0, 0
Aivazovsky, 0, 1, 1, 0, 0, 0
R. Baley, 0, 11, 4, 7, 0, 0
Lucasbunchi, 0, 2, 1, 1, 0, 0
Evilclown93, 92, 0, 0, 0, 86, 6
Wikipedialuva, 0, 2, 2, 0, 0, 0
Herostratus/Wikipedia Not Evil, 0, 1, 1, 0, 0, 0
Dreamafter, 0, 20, 3, 17, 0, 0
Yamaka122, 0, 4, 4, 0, 0, 0
Canjth, 0, 1, 1, 0, 0, 0
Shalom (page does not exist), 0, 71, 34, 37, 0, 0
Od Mishehu, 0, 6, 4, 2, 0, 0
Pinball22, 0, 6, 4, 2, 0, 0
MaximvsDecimvs, 0, 1, 1, 0, 0, 0
Icerinkprincess (page does not exist), 0, 1, 0, 1, 0, 0
Andrew_c, 66, 0, 0, 0, 63, 3
RoyBoy, 24, 25, 23, 2, 14, 10
RoyBoy/The 800 Club, 0, 23, 22, 1, 0, 0
Piemanmoo, 0, 1, 1, 0, 0, 0
Escape Artist Swyer, 0, 3, 1, 2, 0, 0
Alastair Haines, 0, 2, 1, 1, 0, 0
Mattbr, 51, 1, 1, 0, 51, 0
Darkspots (page does not exist), 0, 21, 4, 17, 0, 0
Acalamari has a WikiCrush on Alison (page does not exist), 0, 1, 1, 0, 0, 0
Sarah, 0, 3, 1, 2, 0, 0
Hiberniantears, 53, 74, 30, 44, 0, 53
Rahk EX, 0, 2, 2, 0, 0, 0
P3net, 0, 1, 1, 0, 0, 0
ANNAfoxlover, 0, 1, 1, 0, 0, 0
ANNAfoxlover/Autographs, 0, 1, 1, 0, 0, 0
Grant65_.28talk_page.29, 51, 0, 0, 0, 51, 0
Nick Dowling, 0, 4, 1, 3, 0, 0
Jasper33, 0, 1, 1, 0, 0, 0
Hesperian, 0, 3, 3, 0, 0, 0
Supergeo, 0, 2, 1, 1, 0, 0
Daniel_Case, 49, 0, 0, 0, 38, 11
Mitchazenia, 53, 14, 1, 13, 0, 53
Omegatron, 18, 2, 1, 1, 16, 2
Daniel Case, 0, 34, 1, 33, 0, 0
Bryson109, 0, 7, 3, 4, 0, 0
KensingtonBlonde, 0, 3, 3, 0, 0, 0
Banana04131, 0, 24, 10, 14, 0, 0
Romanspinner, 0, 1, 1, 0, 0, 0
Callelinea, 0, 1, 1, 0, 0, 0
Citicat, 25, 9, 6, 3, 18, 7
Mike_Peel, 57, 0, 0, 0, 57, 0
Member, 0, 1, 1, 0, 0, 0
Davis160, 0, 2, 2, 0, 0, 0
Roger Davies, 0, 40, 4, 36, 0, 0
Hydrogen Iodide, 0, 2, 2, 0, 0, 0
MisterHand, 0, 6, 6, 0, 0, 0
Jaranda, 227, 0, 0, 0, 166, 61
Qst, 0, 21, 1, 20, 0, 0
Thedagomar, 0, 4, 2, 2, 0, 0
Karl Meier, 0, 11, 6, 5, 0, 0
Oldwindybear (page does not exist), 0, 6, 6, 0, 0, 0
Sportshistoryfan (page does not exist), 0, 1, 0, 1, 0, 0
Dureo, 0, 52, 22, 30, 0, 0
Scarian, 117, 61, 13, 48, 0, 117
Stillstudying, 0, 3, 2, 1, 0, 0
Jack Merridew, 0, 18, 1, 17, 0, 0
Trusilver, 97, 94, 24, 70, 79, 18
I, 0, 8, 6, 2, 0, 0
Justen, 0, 1, 1, 0, 0, 0
Bsf (page does not exist), 0, 6, 3, 3, 0, 0
Jonathon The Impaler (page does not exist), 0, 1, 0, 1, 0, 0
Fitzpatrickjm, 0, 1, 0, 1, 0, 0
Oldwindybear, 67, 0, 0, 0, 67, 0
TomStar81, 81, 34, 4, 30, 0, 81
SJP, 0, 78, 16, 62, 0, 0
Llywrch, 0, 7, 4, 3, 0, 0
Finishedwithschool, 0, 1, 1, 0, 0, 0
Aviper2k7, 0, 1, 1, 0, 0, 0
Walton One, 0, 58, 27, 31, 0, 0
Giggy, 0, 55, 24, 31, 0, 0
Giggy/Contribs (page does not exist), 0, 18, 14, 4, 0, 0
New England, 0, 10, 9, 1, 0, 0
YourEyesOnly, 0, 1, 1, 0, 0, 0
Bart133 (page does not exist), 0, 40, 24, 16, 0, 0
Ra'ike, 0, 1, 1, 0, 0, 0
CurranH, 0, 1, 1, 0, 0, 0
Primus von Quack (page does not exist), 0, 1, 1, 0, 0, 0
Felix Stember, 0, 1, 1, 0, 0, 0
Syrcro, 0, 1, 1, 0, 0, 0
Caltas, 0, 1, 1, 0, 0, 0
Seewolf, 0, 1, 1, 0, 0, 0
Spellcast, 49, 14, 1, 13, 0, 49
C-M, 0, 1, 1, 0, 0, 0
Jhfireboy, 0, 10, 4, 6, 0, 0
Olei, 0, 1, 1, 0, 0, 0
Animum Delivery Bot, 0, 3, 2, 1, 0, 0
Marcus Cyron, 0, 1, 0, 1, 0, 0
Julius1990, 0, 1, 1, 0, 0, 0
HBow3, 0, 1, 1, 0, 0, 0
Android Mouse, 0, 2, 1, 1, 0, 0
Acroterion, 48, 36, 4, 32, 0, 48
Polarlys, 0, 1, 1, 0, 0, 0
Complex (de), 0, 2, 1, 1, 0, 0
Callipides (page does not exist), 0, 1, 1, 0, 0, 0
Pill-, 0, 1, 1, 0, 0, 0
"Willy, your mate", 0, 1, 1, 0, 0, 0
Bass fishing physicist, 0, 1, 1, 0, 0, 0
Thogo, 0, 5, 1, 4, 0, 0
TravisTX, 50, 24, 2, 22, 0, 50
Oxymoron83, 92, 15, 6, 9, 0, 92
Jonjonbt (page does not exist), 0, 1, 1, 0, 0, 0
Jonjonbt/Userboxes/signup (page does not exist), 0, 1, 1, 0, 0, 0
Wingsandsword, 0, 1, 1, 0, 0, 0
Tim Q. Wells, 0, 14, 3, 11, 0, 0
SLSB, 0, 1, 1, 0, 0, 0
Dust Filter, 0, 3, 3, 0, 0, 0
Schwalbe, 0, 1, 1, 0, 0, 0
Greswik, 0, 10, 3, 7, 0, 0
Jón, 0, 1, 1, 0, 0, 0
PDD, 0, 1, 1, 0, 0, 0
Elian, 0, 1, 1, 0, 0, 0
@pple, 0, 33, 18, 15, 0, 0
KamrynMatika2, 0, 2, 1, 1, 0, 0
Tcrow777, 0, 5, 1, 4, 0, 0
Chris G, 0, 13, 13, 0, 0, 0
Mbimmler, 0, 1, 1, 0, 0, 0
WikipedianProlific, 0, 4, 2, 2, 0, 0
SQL, 66, 65, 13, 52, 43, 23
Marlith, 0, 68, 18, 50, 0, 0
New England/Highlights (page does not exist), 0, 4, 4, 0, 0, 0
MSJapan, 0, 1, 0, 1, 0, 0
Gmaxwell/report for raul654, 0, 1, 0, 1, 0, 0
Arknascar44, 0, 6, 4, 2, 0, 0
Rlest, 0, 4, 2, 2, 0, 0
Bearian, 70, 410, 59, 351, 63, 7
Lradrama, 60, 162, 47, 115, 0, 60
Henrik, 38, 26, 5, 21, 0, 38
the_undertow, 56, 0, 0, 0, 53, 3
Mindman1 (page does not exist), 0, 4, 4, 0, 0, 0
VanTucky, 214, 85, 18, 67, 0, 214
LaraLove, 141, 79, 29, 50, 0, 141
Aillema, 0, 7, 4, 3, 0, 0
Lexicon, 0, 1, 1, 0, 0, 0
O, 0, 21, 8, 13, 0, 0
Awiseman, 46, 0, 0, 0, 46, 0
Stlemur, 0, 1, 1, 0, 0, 0
Onnaghar (page does not exist), 0, 12, 12, 0, 0, 0
Deliciously Saucy, 0, 9, 9, 0, 0, 0
Harlowraman (page does not exist), 0, 30, 30, 0, 0, 0
Raymond_arritt, 87, 0, 0, 0, 87, 0
Hal peridol, 0, 10, 2, 8, 0, 0
Nethgirb, 0, 2, 1, 1, 0, 0
Stephan Schulz, 0, 7, 3, 4, 0, 0
Raul654, 1, 25, 19, 6, 0, 1
Zerida, 0, 13, 2, 11, 0, 0
Perspicacite, 0, 3, 1, 2, 0, 0
Kenosis (page does not exist), 0, 1, 1, 0, 0, 0
Tvoz, 0, 2, 1, 1, 0, 0
Brusegadi, 0, 6, 2, 4, 0, 0
Odd nature, 0, 1, 1, 0, 0, 0
Ksy92003, 0, 10, 2, 8, 0, 0
Dreftymac, 0, 4, 4, 0, 0, 0
Calliopejen1, 53, 6, 0, 6, 48, 5
A.Z./Imagine, 0, 1, 1, 0, 0, 0
Matt57, 0, 5, 2, 3, 0, 0
Pdeitiker, 0, 1, 0, 1, 0, 0
Tabercil, 50, 1, 0, 1, 49, 1
Dekkappai, 0, 3, 1, 2, 0, 0
Just James (page does not exist), 0, 3, 3, 0, 0, 0
Altruism, 0, 4, 3, 1, 0, 0
Marasmusine, 57, 1, 0, 1, 51, 6
Hahnchen/E, 0, 10, 2, 8, 0, 0
QuagmireDog, 0, 1, 1, 0, 0, 0
PNiddy, 0, 1, 1, 0, 0, 0
Tim4christ17, 0, 1, 1, 0, 0, 0
216.62.157.210 (page does not exist), 0, 1, 0, 1, 0, 0
70.132.139.84 (page does not exist), 0, 1, 0, 1, 0, 0
Angelo.romano, 45, 5, 1, 4, 45, 0
WATP, 0, 2, 1, 1, 0, 0
Zivko85, 0, 1, 1, 0, 0, 0
Raffaello9 (page does not exist), 0, 2, 1, 1, 0, 0
Brian_New_Zealand, 77, 0, 0, 0, 63, 14
E/Bots (page does not exist), 0, 4, 3, 1, 0, 0
J, 0, 11, 2, 9, 0, 0
Nzgabriel, 0, 1, 1, 0, 0, 0
Banzai777, 0, 1, 1, 0, 0, 0
Mike R, 0, 3, 1, 2, 0, 0
Shudde, 0, 28, 1, 27, 0, 0
Hughcharlesparker, 0, 34, 34, 0, 0, 0
Thunderhead1, 0, 1, 1, 0, 0, 0
Terinjokes, 0, 1, 1, 0, 0, 0
Zachary, 0, 1, 1, 0, 0, 0
Melsaran, 0, 59, 45, 14, 0, 0
Bob, 0, 1, 1, 0, 0, 0
64.230.2.27 (page does not exist), 0, 1, 1, 0, 0, 0
XDanielx, 0, 24, 9, 15, 0, 0
Pheonix15, 0, 7, 7, 0, 0, 0
Cailil, 69, 9, 2, 7, 0, 69
Umdrums (page does not exist), 0, 15, 15, 0, 0, 0
MatthewUND, 45, 1, 1, 0, 45, 0
LOZ: OOT, 0, 1, 1, 0, 0, 0
Unschool, 0, 5, 1, 4, 0, 0
Atropos, 0, 2, 2, 0, 0, 0
Ryan4314, 0, 6, 4, 2, 0, 0
Alex_valavanis, 58, 0, 0, 0, 58, 0
Ds.mt, 0, 1, 1, 0, 0, 0
Schlamniel, 0, 1, 1, 0, 0, 0
Poindexter Propellerhead, 0, 2, 2, 0, 0, 0
RS2007 (page does not exist), 0, 2, 2, 0, 0, 0
SilkTork, 0, 103, 7, 96, 0, 0
Hermione is a dude, 0, 1, 1, 0, 0, 0
L, 0, 2, 2, 0, 0, 0
L/contribs (page does not exist), 0, 2, 2, 0, 0, 0
Alex valavanis, 0, 1, 1, 0, 0, 0
Lyrl, 69, 1, 1, 0, 55, 14
Joie de Vivre, 0, 1, 1, 0, 0, 0
VltavaHF, 0, 1, 1, 0, 0, 0
HollywoodHeart, 0, 1, 1, 0, 0, 0
Malinaccier, 42, 354, 27, 327, 0, 42
SXT40, 0, 1, 0, 1, 0, 0
Elenseel, 0, 1, 0, 1, 0, 0
HarrisonB, 0, 1, 1, 0, 0, 0
CloneDeath, 0, 1, 0, 1, 0, 0
CBM, 0, 3, 0, 3, 0, 0
Graham87, 64, 47, 1, 46, 64, 0
Crownofworms, 0, 1, 1, 0, 0, 0
Matthew2c4u, 0, 1, 1, 0, 0, 0
Euryalus, 91, 57, 13, 44, 0, 91
WarthogDemon, 0, 14, 7, 7, 0, 0
T, 0, 4, 3, 1, 0, 0
84.45.219.185 (page does not exist), 0, 3, 3, 0, 0, 0
Freakofnurture/, 0, 24, 22, 2, 0, 0
Go for it!, 0, 23, 21, 2, 0, 0
NormanEinstein, 0, 29, 27, 2, 0, 0
GregAsche, 48, 63, 59, 4, 46, 2
HereToHelp, 84, 3, 1, 2, 79, 5
Tvaughn05, 0, 11, 11, 0, 0, 0
David Levy, 0, 4, 1, 3, 0, 0
Latinus (page does not exist), 0, 48, 48, 0, 0, 0
David618 (page does not exist), 0, 1, 1, 0, 0, 0
Sam Vimes, 0, 2, 1, 1, 0, 0
Essexmutant, 32, 26, 26, 0, 30, 2
Uncke Herb, 0, 2, 2, 0, 0, 0
Samir grover (page does not exist), 0, 10, 10, 0, 0, 0
Mushroom, 29, 63, 63, 0, 29, 0
Merecat, 0, 14, 11, 3, 0, 0
Krashlandon, 0, 19, 11, 8, 0, 0
Utopianheaven, 0, 2, 2, 0, 0, 0
Hydnjo, 0, 29, 26, 3, 0, 0
Elf-friend, 54, 20, 20, 0, 53, 1
TexasAndroid, 59, 2, 2, 0, 59, 0
L (usurped) (page does not exist), 0, 6, 5, 1, 0, 0
L (usurped)/contribs (page does not exist), 0, 6, 5, 1, 0, 0
Mattbroon, 0, 1, 0, 1, 0, 0
YellowAssessmentMonkey, 0, 1, 1, 0, 0, 0
P.wormer, 0, 1, 1, 0, 0, 0
Picaroon, 0, 2, 2, 0, 0, 0
Kkrouni (page does not exist), 0, 1, 1, 0, 0, 0
Boricuaeddie/Bots (page does not exist), 0, 5, 5, 0, 0, 0
King Lopez, 0, 10, 3, 7, 0, 0
Itub, 0, 5, 1, 4, 0, 0
ArielGold, 0, 22, 7, 15, 0, 0
Anthony cfc/Archive/20 (page does not exist), 0, 1, 0, 1, 0, 0
Testcfc, 0, 1, 0, 1, 0, 0
Secretlondon, 0, 9, 6, 3, 0, 0
Pablothegreat85 (page does not exist), 0, 6, 4, 2, 0, 0
Tiki-two, 0, 1, 1, 0, 0, 0
PTR, 0, 8, 1, 7, 0, 0
Singularity, 0, 10, 2, 8, 0, 0
Seraphim Whipp, 0, 14, 1, 13, 0, 0
Coldmachine, 0, 4, 1, 3, 0, 0
Spazure, 0, 1, 1, 0, 0, 0
Xiutwel, 0, 1, 1, 0, 0, 0
Sunray, 0, 14, 8, 6, 0, 0
Bigtimepeace, 89, 10, 3, 7, 0, 89
Eliz81, 57, 11, 8, 3, 0, 57
Horologium, 106, 19, 1, 18, 0, 106
Maxim, 0, 9, 6, 3, 0, 0
Sefringle (page does not exist), 0, 4, 2, 2, 0, 0
Kaiser matias, 0, 4, 1, 3, 0, 0
GoodDay, 0, 4, 1, 3, 0, 0
NeoChaosX, 0, 1, 1, 0, 0, 0
Djsasso, 44, 15, 1, 14, 0, 44
Krm500, 0, 2, 1, 1, 0, 0
Skudrafan1, 0, 1, 1, 0, 0, 0
Gmatsuda, 0, 1, 1, 0, 0, 0
Bulldog123, 0, 1, 1, 0, 0, 0
24.185.34.152 (page does not exist), 0, 1, 1, 0, 0, 0
Gscshoyru, 0, 4, 1, 3, 0, 0
Bongwarrior, 60, 4, 1, 3, 0, 60
Isis4563, 0, 3, 3, 0, 0, 0
Moonriddengirl, 76, 53, 5, 48, 60, 16
Coren, 51, 30, 3, 27, 0, 51
GlassCobra, 64, 264, 3, 261, 0, 64
Bungle44, 0, 1, 0, 1, 0, 0
Neil Larson (page does not exist), 0, 1, 0, 1, 0, 0
61.45.36.159 (page does not exist), 0, 1, 0, 1, 0, 0
.40pple, 62, 0, 0, 0, 61, 1
JCO312, 0, 2, 2, 0, 0, 0
VoltronForce, 0, 3, 3, 0, 0, 0
Animum, 0, 52, 10, 42, 0, 0
Djmckee1, 0, 2, 2, 0, 0, 0
Djmckee1/Autograph Book, 0, 2, 2, 0, 0, 0
TheIslander (page does not exist), 0, 7, 3, 4, 0, 0
Prestonmcconkie, 0, 1, 0, 1, 0, 0
Balloonman, 80, 95, 1, 94, 69, 11
Southern Texas, 0, 2, 1, 1, 0, 0
Flyer22, 0, 4, 1, 3, 0, 0
BalanceRestored, 0, 1, 1, 0, 0, 0
G-Dett, 0, 2, 2, 0, 0, 0
NeoNerd, 0, 1, 1, 0, 0, 0
EyeSerene, 89, 26, 1, 25, 0, 89
R/EFD (page does not exist), 0, 4, 4, 0, 0, 0
FrozenPurpleCube (page does not exist), 0, 1, 1, 0, 0, 0
Lucid, 0, 4, 3, 1, 0, 0
Hersfold, 85, 19, 6, 13, 0, 85
Hersfold/Awards, 0, 6, 6, 0, 0, 0
Le Grand Roi des Citrouilles, 0, 60, 3, 57, 0, 0
Hirohisat's Sockpuppet, 0, 1, 1, 0, 0, 0
Shinealight2007, 0, 3, 3, 0, 0, 0
Bdj (page does not exist), 0, 1, 0, 1, 0, 0
Anonymous_Dissident, 176, 0, 0, 0, 159, 17
AR Argon, 0, 3, 3, 0, 0, 0
Aliasd, 0, 1, 1, 0, 0, 0
Madman, 45, 15, 9, 6, 0, 45
Giggabot, 0, 1, 1, 0, 0, 0
Tommyboy1334, 0, 1, 1, 0, 0, 0
Perfect Proposal, 0, 22, 7, 15, 0, 0
Andrewrox424, 0, 2, 2, 0, 0, 0
Zanorath, 0, 1, 1, 0, 0, 0
Chris.B (page does not exist), 0, 19, 11, 8, 0, 0
Dreftymac/Toolbox, 0, 1, 1, 0, 0, 0
Boy1jhn, 0, 1, 1, 0, 0, 0
Ealdgyth, 251, 25, 3, 22, 0, 251
Dantheman531, 0, 2, 2, 0, 0, 0
Dreadstar, 91, 63, 6, 57, 49, 42
Jackrm, 0, 7, 3, 4, 0, 0
Jackrm/Signatures, 0, 1, 1, 0, 0, 0
TimidGuy, 0, 5, 3, 2, 0, 0
Kfc1864, 0, 2, 2, 0, 0, 0
Biofoundationsoflanguage, 0, 3, 2, 1, 0, 0
Arubiez (page does not exist), 0, 1, 1, 0, 0, 0
ChrisDHDR, 0, 1, 1, 0, 0, 0
86.137.123.74 (page does not exist), 0, 1, 0, 1, 0, 0
Coppertwig, 0, 14, 0, 14, 0, 0
Chunky_Rice, 48, 0, 0, 0, 36, 12
Iridescent, 0, 69, 14, 55, 0, 0
Efansay, 0, 1, 1, 0, 0, 0
Efansay/Signatures, 0, 1, 1, 0, 0, 0
Timotab, 0, 2, 1, 1, 0, 0
Chunky Rice, 0, 1, 0, 1, 0, 0
Crockspot, 0, 7, 2, 5, 0, 0
Edison, 57, 15, 0, 15, 57, 0
Navou, 77, 0, 0, 0, 67, 10
Tiddly Tom, 0, 29, 3, 26, 0, 0
Faithlessthewonderboy, 50, 42, 5, 37, 0, 50
Rocksanddirt, 0, 16, 5, 11, 0, 0
Allefant, 0, 1, 1, 0, 0, 0
128.163.226.239 (page does not exist), 0, 1, 1, 0, 0, 0
Spryde, 0, 4, 1, 3, 0, 0
Hornplease, 0, 1, 0, 1, 0, 0
AniMate, 87, 20, 1, 19, 0, 87
Appraiser, 3, 2, 1, 1, 0, 3
Bfigura, 0, 22, 4, 18, 0, 0
Useight, 73, 103, 11, 92, 0, 73
Jj137, 49, 88, 2, 86, 0, 49
Susanlesch, 0, 3, 1, 2, 0, 0
P.Haney (page does not exist), 0, 1, 1, 0, 0, 0
Kablammo, 0, 37, 0, 37, 0, 0
Bobsmith319, 0, 6, 4, 2, 0, 0
Satori_Son, 60, 0, 0, 0, 60, 0
Backsigns (page does not exist), 0, 5, 5, 0, 0, 0
Satori Son/Verify, 0, 1, 1, 0, 0, 0
Yamakiri, 0, 8, 2, 6, 0, 0
JetLover/False reverts, 0, 26, 6, 20, 0, 0
Yamakiri on Firefox, 0, 1, 1, 0, 0, 0
Mtmelendez, 61, 19, 6, 13, 61, 0
Mtmelendez/Userboxes, 0, 9, 6, 3, 0, 0
Archtrain, 0, 2, 1, 1, 0, 0
RS1900 (page does not exist), 0, 3, 3, 0, 0, 0
Voltron, 0, 4, 2, 2, 0, 0
Squash Racket, 0, 2, 1, 1, 0, 0
Dalillama, 0, 1, 1, 0, 0, 0
Blood Red Sandman, 0, 1, 1, 0, 0, 0
Dihydrogen Monoxide, 0, 119, 24, 95, 0, 0
Pharaoh of the Wizards, 0, 374, 34, 340, 0, 0
Caribbean_H.Q., 55, 0, 0, 0, 55, 0
Caribbean H.Q., 0, 5, 2, 3, 0, 0
Pr4ever, 0, 1, 1, 0, 0, 0
Davnel03 (page does not exist), 0, 5, 1, 4, 0, 0
East718, 0, 52, 10, 42, 0, 0
Pia L, 0, 2, 1, 1, 0, 0
Quadell, 0, 53, 34, 19, 0, 0
Baku87, 0, 2, 2, 0, 0, 0
Epousesquecido, 0, 3, 1, 2, 0, 0
Lukejon1995, 0, 1, 1, 0, 0, 0
Parishan, 0, 1, 1, 0, 0, 0
monotonehell, 35, 0, 0, 0, 27, 8
Keegan/On administrators, 0, 1, 1, 0, 0, 0
KTC, 133, 32, 3, 29, 0, 133
Mbisanz, 0, 11, 2, 9, 0, 0
The_Random_Editor, 101, 0, 0, 0, 98, 3
Phoenix 15, 0, 11, 5, 6, 0, 0
Tbo 157, 0, 2, 2, 0, 0, 0
HAL (page does not exist), 0, 1, 1, 0, 0, 0
Jonathan, 0, 10, 3, 7, 0, 0
Phgao, 0, 73, 28, 45, 0, 0
Sweet Winged One, 0, 2, 1, 1, 0, 0
Jogers, 44, 1, 0, 1, 0, 44
markles, 36, 0, 0, 0, 28, 8
CapitalR, 88, 23, 2, 21, 0, 88
Npeters22, 0, 1, 1, 0, 0, 0
Dcmacnut, 0, 1, 1, 0, 0, 0
Pmeleski, 0, 1, 1, 0, 0, 0
DigitalNinja, 0, 1, 1, 0, 0, 0
Panoptical, 0, 1, 0, 1, 0, 0
Icestorm815 (page does not exist), 0, 39, 2, 37, 0, 0
Twooars/Editor review 2, 0, 16, 4, 12, 0, 0
Agüeybaná, 0, 11, 10, 1, 0, 0
Agüeybaná/Puerto Rico, 0, 11, 10, 1, 0, 0
Fabrictramp, 50, 35, 2, 33, 49, 1
Accounting4Taste, 47, 27, 1, 26, 0, 47
Miskwito, 0, 1, 0, 1, 0, 0
Annalisa Ventola, 0, 2, 1, 1, 0, 0
Littleolive oil, 0, 20, 1, 19, 0, 0
Nealparr, 0, 2, 1, 1, 0, 0
Martinphi, 0, 5, 0, 5, 0, 0
Academic Challenger, 0, 2, 1, 1, 0, 0
Bigglove, 0, 3, 3, 0, 0, 0
Lisasmall, 0, 1, 1, 0, 0, 0
Cosmokazi, 0, 1, 1, 0, 0, 0
Atsakiris, 0, 1, 1, 0, 0, 0
Tom Butler, 0, 1, 1, 0, 0, 0
Solar, 0, 1, 1, 0, 0, 0
Davkal, 0, 1, 1, 0, 0, 0
Perfectblue97, 0, 1, 1, 0, 0, 0
Dradin (page does not exist), 0, 1, 1, 0, 0, 0
Roseapple, 0, 1, 1, 0, 0, 0
Kudret abi, 0, 17, 16, 1, 0, 0
Brian Josephson, 0, 1, 1, 0, 0, 0
Milo H Minderbinder, 0, 1, 0, 1, 0, 0
Minderbinder, 0, 1, 0, 1, 0, 0
Skinwalker (page does not exist), 0, 9, 0, 9, 0, 0
LuckyLouie, 0, 1, 0, 1, 0, 0
Dreadlocke (page does not exist), 0, 1, 0, 1, 0, 0
William M. Connolley, 0, 31, 22, 9, 0, 0
Deedstar, 0, 1, 0, 1, 0, 0
Nelorippalenga, 0, 1, 0, 1, 0, 0
83.41.21.10, 0, 1, 0, 1, 0, 0
As Tidies She, 0, 1, 0, 1, 0, 0
ESADE Class of 89, 0, 1, 0, 1, 0, 0
Gareth 1985, 0, 1, 0, 1, 0, 0
This is Gareth 1985, 0, 1, 0, 1, 0, 0
Ossified, 0, 1, 1, 0, 0, 0
Tree Kittens, 0, 1, 1, 0, 0, 0
Liveste, 0, 1, 1, 0, 0, 0
The Bully Boy (page does not exist), 0, 1, 0, 1, 0, 0
Number_57, 97, 0, 0, 0, 63, 34
DavidShankBone, 0, 1, 1, 0, 0, 0
Bless sins, 0, 4, 2, 2, 0, 0
LAZY 1L (page does not exist), 0, 1, 1, 0, 0, 0
Derwig, 0, 1, 1, 0, 0, 0
Number 57, 0, 30, 3, 27, 0, 0
Rami R, 0, 9, 1, 8, 0, 0
Yidisheryid, 0, 2, 2, 0, 0, 0
Padraig, 0, 1, 0, 1, 0, 0
Domer48, 0, 2, 0, 2, 0, 0
BigDunc, 0, 6, 0, 6, 0, 0
Macallan 12 (page does not exist), 0, 1, 0, 1, 0, 0
Yeshivish (page does not exist), 0, 2, 1, 1, 0, 0
Shuki, 0, 1, 0, 1, 0, 0
iridescent, 86, 0, 0, 0, 80, 6
Kerotan, 0, 8, 3, 5, 0, 0
Ignatzmice, 0, 5, 4, 1, 0, 0
JForget, 74, 39, 12, 27, 74, 0
Folajimi (page does not exist), 0, 1, 0, 1, 0, 0
Roamataa, 0, 1, 1, 0, 0, 0
Into The Fray, 0, 8, 4, 4, 0, 0
Hokeman, 0, 90, 1, 89, 0, 0
Jagjagjagjab, 0, 1, 1, 0, 0, 0
My words can laugh, 0, 1, 1, 0, 0, 0
Spawn Man/RfA Standards, 0, 1, 1, 0, 0, 0
User:Picaroon (page does not exist), 0, 1, 1, 0, 0, 0
White Cat/07, 0, 1, 1, 0, 0, 0
Ronnotel, 57, 30, 11, 19, 37, 20
Darkoneko, 0, 1, 1, 0, 0, 0
Espresso_Addict, 61, 0, 0, 0, 60, 1
Matthew Richardson, 0, 1, 1, 0, 0, 0
Pretty Green, 0, 1, 1, 0, 0, 0
Aflumpire, 0, 3, 1, 2, 0, 0
MarSch, 23, 2, 1, 1, 2, 21
Girolamo Savonarola, 0, 1, 1, 0, 0, 0
Johnfos, 0, 6, 1, 5, 0, 0
Pekaje, 0, 1, 1, 0, 0, 0
Edokter, 29, 6, 1, 5, 20, 9
Digby Tantrum, 0, 1, 1, 0, 0, 0
GreenJoe, 0, 2, 0, 2, 0, 0
Jnavas, 0, 1, 0, 1, 0, 0
Amire80, 33, 2, 0, 2, 23, 10
Amire80/Nominated for deletion, 0, 1, 0, 1, 0, 0
Bedivere, 0, 16, 1, 15, 0, 0
Paul Pieniezny, 0, 2, 0, 2, 0, 0
Petri Krohn, 0, 2, 0, 2, 0, 0
Molobo, 0, 2, 0, 2, 0, 0
Addhoc, 57, 0, 0, 0, 51, 6
Amerique, 0, 8, 1, 7, 0, 0
Sethie, 0, 2, 1, 1, 0, 0
Until(1 == 2), 0, 2, 1, 1, 0, 0
I already forgot, 0, 4, 0, 4, 0, 0
Smallbones, 0, 13, 2, 11, 0, 0
Retail Investor (page does not exist), 0, 1, 1, 0, 0, 0
Finnancier, 0, 1, 1, 0, 0, 0
Crassic, 0, 8, 5, 3, 0, 0
Badgerpatrol, 0, 5, 4, 1, 0, 0
Rspeer/Editcount inflation, 0, 2, 1, 1, 0, 0
Ronnotel/Defense of my contribution to the project, 0, 1, 0, 1, 0, 0
ConfuciusOrnis, 0, 1, 0, 1, 0, 0
ST47/Desk, 0, 5, 3, 2, 0, 0
BlindEagle, 0, 3, 3, 0, 0, 0
MITB LS, 0, 1, 1, 0, 0, 0
Porcupine (page does not exist), 0, 3, 1, 2, 0, 0
Bsharvy, 0, 1, 1, 0, 0, 0
Avruch, 0, 40, 1, 39, 0, 0
DonnEdwards, 0, 1, 0, 1, 0, 0
Republic of One, 0, 1, 0, 1, 0, 0
Allgoodnamesalreadytaken, 0, 1, 0, 1, 0, 0
Yossiea (page does not exist), 0, 1, 1, 0, 0, 0
Tasoskessaris (page does not exist), 0, 4, 1, 3, 0, 0
Eastlaw, 0, 1, 1, 0, 0, 0
Dlohcierekim/standards, 0, 26, 3, 23, 0, 0
Archtransit, 57, 11, 3, 8, 0, 57
Jokestress, 0, 3, 3, 0, 0, 0
Hopeshopes, 0, 5, 5, 0, 0, 0
Geo Swan, 0, 5, 1, 4, 0, 0
EVula's sock, 0, 1, 0, 1, 0, 0
Marcsin, 0, 1, 1, 0, 0, 0
Anecdote, 0, 7, 7, 0, 0, 0
Liempt, 0, 5, 2, 3, 0, 0
Neozoon, 0, 4, 2, 2, 0, 0
Mdmanser (page does not exist), 0, 5, 5, 0, 0, 0
Recurring_dreams, 49, 0, 0, 0, 49, 0
Yahel Guhan, 0, 8, 2, 6, 0, 0
LaraLove/My heart (page does not exist), 0, 49, 8, 41, 0, 0
JHunterJ, 40, 2, 0, 2, 40, 0
ShelfSkewed, 0, 1, 1, 0, 0, 0
Sgeureka, 100, 11, 1, 10, 0, 100
Ewlyahoocom, 0, 2, 2, 0, 0, 0
WriterListener, 0, 30, 8, 22, 0, 0
Nat, 64, 7, 5, 2, 46, 18
AngelOfSadness, 0, 11, 1, 10, 0, 0
Mirandargh, 0, 2, 1, 1, 0, 0
Uncle uncle uncle, 0, 2, 2, 0, 0, 0
Sinhala freedom, 0, 1, 1, 0, 0, 0
Folic Acid, 0, 25, 4, 21, 0, 0
Lahiru k/Tools, 0, 2, 0, 2, 0, 0
Chrishomingtang, 0, 3, 1, 2, 0, 0
Jerrch, 0, 3, 1, 2, 0, 0
Sarvagnya, 0, 1, 1, 0, 0, 0
Maxwellgold (page does not exist), 0, 1, 0, 1, 0, 0
Rrburke, 0, 3, 0, 3, 0, 0
Morgan695, 0, 1, 0, 1, 0, 0
Samulili, 95, 0, 0, 0, 66, 29
Finnrind, 0, 2, 1, 1, 0, 0
Aeusoes1, 0, 1, 1, 0, 0, 0
Ilmari Karonen, 0, 4, 4, 0, 0, 0
Jbeach56 (page does not exist), 0, 6, 1, 5, 0, 0
Gray62, 0, 12, 3, 9, 0, 0
Aarktica, 49, 1, 1, 0, 47, 2
Gravitan, 0, 1, 1, 0, 0, 0
Folic acid (page does not exist), 0, 4, 4, 0, 0, 0
Stormtracker94, 0, 7, 3, 4, 0, 0
AS 001, 0, 2, 1, 1, 0, 0
Bill Ayer, 0, 1, 1, 0, 0, 0
Pumpmeup, 0, 26, 2, 24, 0, 0
AA, 55, 3, 1, 2, 41, 14
Aditya Kabir, 0, 1, 0, 1, 0, 0
AntiVMan (page does not exist), 0, 2, 1, 1, 0, 0
Armanaziz, 0, 1, 1, 0, 0, 0
Ashdog137, 0, 2, 1, 1, 0, 0
Arrow740, 0, 1, 0, 1, 0, 0
Prester John, 0, 1, 0, 1, 0, 0
DavidYork71, 0, 1, 0, 1, 0, 0
Merbabu, 0, 1, 0, 1, 0, 0
Ultrabias, 0, 1, 0, 1, 0, 0
C.Logan, 0, 1, 0, 1, 0, 0
The_Placebo_Effect, 41, 0, 0, 0, 34, 7
Tiggerjay, 0, 28, 2, 26, 0, 0
RedirectCleanupBot, 189, 1, 1, 0, 141, 48
Gracenotes/Admin bot, 0, 1, 1, 0, 0, 0
Barneca, 75, 16, 2, 14, 0, 75
B, 0, 22, 1, 21, 0, 0
Eagle 101/RedirectCleanupBot, 0, 1, 1, 0, 0, 0
Gimmetrow, 70, 4, 1, 3, 0, 70
Mercury (page does not exist), 0, 4, 0, 4, 0, 0
Natalie Erin, 0, 1, 1, 0, 0, 0
The Wikipedist, 0, 1, 1, 0, 0, 0
Cobi, 148, 9, 1, 8, 0, 148
ClueBot, 0, 5, 1, 4, 0, 0
EconomicsGuy, 0, 3, 1, 2, 0, 0
Schneelocke, 0, 9, 8, 1, 0, 0
1of3, 0, 1, 1, 0, 0, 0
FunPika, 0, 5, 1, 4, 0, 0
Someguy1221, 70, 74, 0, 74, 0, 70
EIJ initials, 0, 1, 0, 1, 0, 0
SQL/BRedir (page does not exist), 0, 1, 0, 1, 0, 0
Dustihowe (page does not exist), 0, 40, 3, 37, 0, 0
Misou, 0, 1, 1, 0, 0, 0
COFS, 0, 1, 0, 1, 0, 0
Justanother, 0, 1, 1, 0, 0, 0
Shutterbug, 0, 1, 0, 1, 0, 0
Digwuren (page does not exist), 0, 4, 0, 4, 0, 0
Alasdair, 48, 2, 0, 2, 48, 0
Kornfan71, 0, 2, 2, 0, 0, 0
Kornfan71/SB (page does not exist), 0, 2, 2, 0, 0, 0
Blood_Red_Sandman, 61, 0, 0, 0, 61, 0
Durova/Triple crown winner's circle, 0, 2, 1, 1, 0, 0
James D. Forrester, 0, 1, 1, 0, 0, 0
Statusisat, 0, 1, 1, 0, 0, 0
Doyley, 0, 2, 1, 1, 0, 0
Drizzt Jamo, 0, 1, 1, 0, 0, 0
Eye of the Mind, 0, 2, 1, 1, 0, 0
J.C3.A9sk.C3.A9_Couriano, 53, 0, 0, 0, 50, 3
Woodym555, 58, 8, 1, 7, 0, 58
Jéské Couriano, 0, 4, 0, 4, 0, 0
BlackStarRock, 0, 1, 1, 0, 0, 0
Kizor, 42, 0, 0, 0, 0, 42
Kmccoy, 52, 18, 14, 4, 49, 3
86.29.39.5 (page does not exist), 0, 1, 0, 1, 0, 0
L337p4wn, 0, 3, 0, 3, 0, 0
Rray, 0, 1, 0, 1, 0, 0
Wisdom89, 0, 163, 0, 163, 0, 0
Touch Of Light, 0, 5, 0, 5, 0, 0
Hut_8.5, 65, 0, 0, 0, 0, 65
Boris 1991 (page does not exist), 0, 1, 0, 1, 0, 0
Jonathan/C, 0, 1, 0, 1, 0, 0
Lambdoid, 0, 4, 0, 4, 0, 0
Bblackmoor, 0, 1, 0, 1, 0, 0
Martial75, 0, 1, 0, 1, 0, 0
Tikiwont/AfD (page does not exist), 0, 1, 0, 1, 0, 0
Jauerback, 40, 66, 0, 66, 0, 40
Diego, 0, 1, 0, 1, 0, 0
Kaktibhar, 0, 1, 0, 1, 0, 0
Chazz88, 0, 30, 28, 2, 0, 0
Jd2718, 0, 1, 0, 1, 0, 0
Mrs.EasterBunny, 0, 5, 0, 5, 0, 0
Matthead (page does not exist), 0, 3, 1, 2, 0, 0
Pats1, 40, 1, 0, 1, 0, 40
Sasha Callahan, 0, 8, 0, 8, 0, 0
Sasha Callahan/Autograph Book, 0, 4, 0, 4, 0, 0
Alakazam, 0, 1, 0, 1, 0, 0
Soxrock, 0, 1, 0, 1, 0, 0
Brewcrewer, 0, 30, 0, 30, 0, 0
Rudget (page does not exist), 0, 174, 0, 174, 0, 0
Chrisjnelson, 0, 1, 0, 1, 0, 0
Kane5187, 40, 3, 0, 3, 0, 40
Nousernamesleft, 49, 31, 0, 31, 0, 49
NASCAR Fan24, 0, 12, 0, 12, 0, 0
KieferSkunk, 42, 0, 0, 0, 0, 42
Tinkleheimer, 0, 17, 0, 17, 0, 0
Jackaranga, 0, 1, 0, 1, 0, 0
Rat at WikiFur, 0, 1, 0, 1, 0, 0
Father Goose, 0, 1, 0, 1, 0, 0
Parsifal, 0, 2, 0, 2, 0, 0
Animum/Email (page does not exist), 0, 1, 0, 1, 0, 0
Kobb, 0, 1, 0, 1, 0, 0
Arakunem, 0, 6, 0, 6, 0, 0
Werdan7, 0, 4, 0, 4, 0, 0
Farosdaughter, 0, 3, 0, 3, 0, 0
Ev, 41, 1, 0, 1, 0, 41
Businessman332211, 0, 18, 0, 18, 0, 0
Bibliomaniac15/Straw poll on straw polls, 0, 14, 0, 14, 0, 0
Curt Wilhelm VonSavage, 0, 22, 0, 22, 0, 0
Dppowell, 38, 6, 0, 6, 0, 38
Ultraexactzz, 44, 118, 0, 118, 0, 44
203.220.12.229 (page does not exist), 0, 1, 0, 1, 0, 0
Lawrence Cohen, 0, 25, 0, 25, 0, 0
Chris_G, 69, 0, 0, 0, 0, 69
Goodshoped35110s/IMG, 0, 1, 0, 1, 0, 0
Goodshoped35110s/G, 0, 6, 0, 6, 0, 0
FastLizard4, 0, 1, 0, 1, 0, 0
FastLizard4/Links, 0, 1, 0, 1, 0, 0
FastLizard4/Guest book, 0, 1, 0, 1, 0, 0
Rudget/policies (page does not exist), 0, 3, 0, 3, 0, 0
Ilyushka88, 0, 3, 0, 3, 0, 0
Tristan Uchiha, 0, 3, 0, 3, 0, 0
Chris G Bot 3, 0, 1, 0, 1, 0, 0
Onceonthisisland, 0, 3, 2, 1, 0, 0
Kennedygr (page does not exist), 0, 2, 0, 2, 0, 0
Rodhullandemu, 69, 72, 0, 72, 0, 69
The-G-Unit-Boss, 53, 0, 0, 0, 0, 53
Flesh-n-Bone, 0, 1, 0, 1, 0, 0
Yankees10, 0, 3, 0, 3, 0, 0
Real Compton G, 0, 1, 0, 1, 0, 0
The Chronic, 0, 5, 0, 5, 0, 0
Daniil Maslyuk, 0, 3, 0, 3, 0, 0
Shadyaftrmathgunit (page does not exist), 0, 2, 0, 2, 0, 0
Tasco 0, 0, 2, 0, 2, 0, 0
Stupid2, 0, 8, 0, 8, 0, 0
Prisonbreak12345, 0, 2, 0, 2, 0, 0
Andreasegde, 0, 1, 0, 1, 0, 0
The dark lord trombonator, 0, 1, 0, 1, 0, 0
Tiptoety (page does not exist), 0, 89, 0, 89, 0, 0
Kateshortforbob, 73, 8, 0, 8, 0, 73
Phoenix-wiki, 0, 42, 0, 42, 0, 0
Deus Ex Machina, 0, 2, 0, 2, 0, 0
Arcana imperii Ascendo tuum, 0, 11, 0, 11, 0, 0
Esprit15d, 46, 1, 0, 1, 0, 46
Wj32 (page does not exist), 0, 1, 0, 1, 0, 0
Scorpion0422, 0, 11, 0, 11, 0, 0
Lincalinca (page does not exist), 0, 8, 0, 8, 0, 0
Turdmuffin (page does not exist), 0, 1, 0, 1, 0, 0
Reason turns rancid, 0, 1, 0, 1, 0, 0
Iain99, 0, 4, 0, 4, 0, 0
VivioFateFan, 0, 6, 0, 6, 0, 0
VivioFateFan/Sandbox, 0, 4, 0, 4, 0, 0
Goodshoped35110s (page does not exist), 0, 5, 0, 5, 0, 0
Goodshoped35110s/GI, 0, 5, 0, 5, 0, 0
SheffieldSteel, 118, 29, 0, 29, 0, 118
Heights, 0, 6, 0, 6, 0, 0
Hit_bull.2C_win_steak, 127, 0, 0, 0, 0, 127
Bradeos Graphon, 0, 22, 0, 22, 0, 0
Astroview120mm, 0, 2, 0, 2, 0, 0
ThuranX, 0, 4, 0, 4, 0, 0
Maser Fletcher, 0, 27, 0, 27, 0, 0
Nyttend, 42, 35, 0, 35, 0, 42
Ruhrfisch, 64, 34, 0, 34, 0, 64
Pigman, 53, 0, 0, 0, 0, 53
Ekajati, 0, 1, 0, 1, 0, 0
Revolving Bugbear, 0, 18, 0, 18, 0, 0
Dbachmann, 0, 68, 59, 9, 0, 0
Everlast1910, 0, 1, 0, 1, 0, 0
Sunderland06, 0, 21, 0, 21, 0, 0
TabooTikiGod (page does not exist), 0, 1, 0, 1, 0, 0
PeeJay2K3, 0, 1, 0, 1, 0, 0
Smitty494, 0, 1, 0, 1, 0, 0
Jeeny (page does not exist), 0, 3, 0, 3, 0, 0
Nn123645, 0, 4, 0, 4, 0, 0
Mario Sonicboom, 0, 3, 0, 3, 0, 0
Bushcarrot/guests, 0, 1, 0, 1, 0, 0
Bstone (page does not exist), 0, 5, 0, 5, 0, 0
BrianWalker, 0, 1, 0, 1, 0, 0
Jayron32, 77, 9, 0, 9, 0, 77
Pvara 99, 0, 1, 0, 1, 0, 0
Nikki311, 45, 2, 0, 2, 0, 45
Secret, 109, 166, 0, 166, 0, 109
MindstormsKid, 0, 13, 0, 13, 0, 0
Drunkenmonkey, 0, 1, 0, 1, 0, 0
Smokizzy, 0, 3, 1, 2, 0, 0
SmileToday, 0, 1, 0, 1, 0, 0
Neranei, 91, 0, 0, 0, 0, 91
L'Aquatique, 0, 11, 0, 11, 0, 0
Ramdrake, 0, 3, 0, 3, 0, 0
BANG! (page does not exist), 0, 1, 0, 1, 0, 0
Xor24, 0, 1, 0, 1, 0, 0
Jakew, 0, 4, 1, 3, 0, 0
Jack, 0, 27, 0, 27, 0, 0
Bmg916, 0, 3, 1, 2, 0, 0
LAX, 50, 14, 0, 14, 0, 50
Auroranorth/Autograph Collection (page does not exist), 0, 8, 0, 8, 0, 0
Nightscream, 30, 0, 0, 0, 0, 30
David_D., 52, 0, 0, 0, 0, 52
SndrAndrss, 0, 1, 0, 1, 0, 0
Wobble, 0, 1, 0, 1, 0, 0
AndrewGNF, 0, 1, 0, 1, 0, 0
EncycloPetey, 58, 10, 0, 10, 0, 58
BorgQueen, 34, 14, 7, 7, 33, 1
Rkitko (page does not exist), 0, 2, 0, 2, 0, 0
Robert Ullmann, 0, 1, 0, 1, 0, 0
Solumeiras, 0, 5, 0, 5, 0, 0
S1 (page does not exist), 0, 1, 0, 1, 0, 0
Bryan, 0, 1, 0, 1, 0, 0
Korg, 0, 2, 1, 1, 0, 0
Jake R-12, 0, 1, 0, 1, 0, 0
Wknight8111, 0, 2, 0, 2, 0, 0
MBK004, 38, 43, 0, 43, 0, 38
Rifleman_82, 45, 0, 0, 0, 0, 45
Yilloslime, 0, 3, 0, 3, 0, 0
Keepscases (page does not exist), 0, 131, 0, 131, 0, 0
Jacklee, 0, 1, 0, 1, 0, 0
Rifleman 82, 0, 3, 0, 3, 0, 0
Save Us 229, 0, 16, 0, 16, 0, 0
Ioeth, 42, 19, 0, 19, 0, 42
Toddst1, 46, 29, 0, 29, 0, 46
Thedjatclubrock, 0, 9, 0, 9, 0, 0
Gonzo fan2007, 0, 27, 0, 27, 0, 0
GimmeBot, 0, 1, 0, 1, 0, 0
Peter Andersen, 0, 6, 0, 6, 0, 0
DHeyward, 0, 13, 0, 13, 0, 0
Bloodzombie, 0, 3, 0, 3, 0, 0
Derek.cashman, 0, 2, 0, 2, 0, 0
Weirdy, 0, 1, 0, 1, 0, 0
"Chase me ladies, I'm the Cavalry", 0, 11, 0, 11, 0, 0
Geometry_guy, 70, 0, 0, 0, 0, 70
Fropuff, 36, 6, 4, 2, 33, 3
Maclean25, 0, 5, 1, 4, 0, 0
CRGreathouse, 82, 3, 1, 2, 0, 82
Arcfrk, 0, 1, 0, 1, 0, 0
Jheald, 0, 2, 0, 2, 0, 0
Cheeser1, 0, 2, 0, 2, 0, 0
Emperor, 31, 2, 0, 2, 0, 31
GentlemanGhost, 0, 1, 0, 1, 0, 0
Yamanbaiia, 0, 8, 0, 8, 0, 0
Peregrine Fisher, 0, 12, 0, 12, 0, 0
Duke o Puke, 0, 1, 0, 1, 0, 0
Lupin/Anti-vandal tool, 0, 1, 0, 1, 0, 0
Chase_me_ladies.2C_I.27m_the_Cavalry, 101, 0, 0, 0, 0, 101
Heather, 0, 2, 0, 2, 0, 0
Jtrainor, 0, 1, 0, 1, 0, 0
Wikidudeman/Hodgepodge, 0, 1, 0, 1, 0, 0
Orangemike, 52, 12, 0, 12, 0, 52
David Sher, 0, 1, 0, 1, 0, 0
Mayalld, 0, 6, 0, 6, 0, 0
NeilN, 168, 19, 0, 19, 0, 168
CorenSearchBot, 0, 1, 0, 1, 0, 0
Betacommandbot, 0, 1, 0, 1, 0, 0
The sunder king, 0, 1, 0, 1, 0, 0
Petar Marjanovic (page does not exist), 0, 1, 0, 1, 0, 0
Björn Bornhöft, 0, 1, 0, 1, 0, 0
TonyBallioni, 227, 31, 0, 31, 0, 227
Hammer1980, 0, 1, 0, 1, 0, 0
Ryoutou, 0, 1, 0, 1, 0, 0
Dadude3320, 0, 1, 0, 1, 0, 0
Rjd0060, 64, 43, 0, 43, 0, 64
AFUSCO (page does not exist), 0, 1, 0, 1, 0, 0
L337 kybldmstr, 0, 1, 0, 1, 0, 0
Dreaded Walrus, 0, 2, 0, 2, 0, 0
Ryan57 (page does not exist), 0, 2, 0, 2, 0, 0
Random832, 33, 0, 0, 0, 0, 33
Sander Säde, 0, 1, 0, 1, 0, 0
Orngjce223, 0, 1, 0, 1, 0, 0
Gaius_Cornelius, 37, 0, 0, 0, 0, 37
FrankTobia, 0, 13, 0, 13, 0, 0
RFD, 0, 4, 0, 4, 0, 0
Optigan13, 0, 6, 0, 6, 0, 0
Meile, 0, 1, 0, 1, 0, 0
DMacks, 37, 1, 0, 1, 0, 37
Keeper76, 47, 164, 0, 164, 0, 47
Bbwlover, 0, 1, 0, 1, 0, 0
CO, 0, 1, 0, 1, 0, 0
Nahallac Silverwinds, 0, 1, 0, 1, 0, 0
Thejerm, 0, 1, 0, 1, 0, 0
ThinkBlue, 0, 23, 0, 23, 0, 0
ThinkBlue/Autograph book, 0, 23, 0, 23, 0, 0
Chandlerjoeyross, 0, 1, 0, 1, 0, 0
SkierRMH, 36, 3, 0, 3, 0, 36
BlueMoonlet, 0, 2, 0, 2, 0, 0
Maralia, 0, 9, 0, 9, 0, 0
Kathryn_NicDh.C3.A0na, 85, 0, 0, 0, 0, 85
Bloodofox, 0, 2, 0, 2, 0, 0
Berig, 85, 5, 0, 5, 0, 85
Redmarkviolinist, 0, 3, 0, 3, 0, 0
Kim Dent-Brown, 0, 24, 0, 24, 0, 0
MacRusgail, 0, 2, 0, 2, 0, 0
Capitalistroadster, 91, 21, 15, 6, 91, 0
Guroadrunner, 0, 1, 0, 1, 0, 0
Jonny-mt, 85, 27, 0, 27, 0, 85
Sesameball, 0, 1, 0, 1, 0, 0
Caster23, 0, 1, 0, 1, 0, 0
ChrisTheDude, 33, 1, 0, 1, 0, 33
PookeyMaster, 0, 43, 0, 43, 0, 0
Bkell, 34, 0, 0, 0, 0, 34
Twsx, 0, 1, 0, 1, 0, 0
Harland1, 0, 23, 0, 23, 0, 0
Benplowman, 0, 1, 0, 1, 0, 0
AlwaysCT (page does not exist), 0, 1, 0, 1, 0, 0
Makuro (page does not exist), 0, 1, 0, 1, 0, 0
SB_Johnny, 56, 0, 0, 0, 0, 56
Kalan, 0, 1, 0, 1, 0, 0
Alexfusco5 (page does not exist), 0, 25, 0, 25, 0, 0
JWSchmidt, 28, 2, 1, 1, 27, 1
DO11.10, 47, 1, 0, 1, 0, 47
Aqwis, 48, 44, 0, 44, 0, 48
Dan Dassow, 0, 3, 0, 3, 0, 0
Sushant gupta, 0, 1, 0, 1, 0, 0
Masterpiece2000, 0, 73, 0, 73, 0, 0
-Midorihana-, 0, 50, 0, 50, 0, 0
Dorftrottel, 0, 51, 0, 51, 0, 0
Pegasus, 0, 1, 0, 1, 0, 0
Eternal dragon/Sandbox, 0, 1, 0, 1, 0, 0
Eternal dragon/Userboxes, 0, 1, 0, 1, 0, 0
Eternal dragon, 0, 1, 0, 1, 0, 0
Pedro/RFA Standards, 0, 6, 0, 6, 0, 0
Whitstable (page does not exist), 0, 3, 0, 3, 0, 0
Redrocketboy (page does not exist), 0, 20, 0, 20, 0, 0
TenPoundHammer, 0, 22, 0, 22, 0, 0
Monsieurdl, 0, 7, 0, 7, 0, 0
TheInfinityZero, 0, 2, 0, 2, 0, 0
NrDg, 52, 0, 0, 0, 0, 52
Yankeesrj12, 0, 1, 0, 1, 0, 0
Caldorwards4, 0, 1, 0, 1, 0, 0
BlueAmethyst, 0, 2, 0, 2, 0, 0
Kaiser_matias, 29, 0, 0, 0, 0, 29
The Placebo Effect, 0, 7, 0, 7, 0, 0
Allstarecho, 0, 5, 0, 5, 0, 0
Tqbf, 0, 3, 0, 3, 0, 0
Stormie, 0, 38, 33, 5, 0, 0
Pi, 0, 1, 0, 1, 0, 0
Becksguy, 0, 8, 0, 8, 0, 0
Rkitko, 39, 0, 0, 0, 0, 39
Mmcknight4, 0, 1, 0, 1, 0, 0
Cirt, 177, 108, 0, 108, 0, 177
Cygnis insignis, 0, 1, 0, 1, 0, 0
Djlayton4, 0, 1, 0, 1, 0, 0
Jeanenawhitney, 0, 2, 0, 2, 0, 0
Brianga, 30, 1, 0, 1, 0, 30
Sunny910910, 0, 6, 0, 6, 0, 0
Snowolf/Admin scout, 0, 1, 0, 1, 0, 0
Filnik, 0, 1, 0, 1, 0, 0
Gia.cossa, 0, 1, 0, 1, 0, 0
Slideshow Bob, 0, 2, 0, 2, 0, 0
xDanielx, 50, 0, 0, 0, 0, 50
Kaaveh Ahangar (page does not exist), 0, 17, 0, 17, 0, 0
A._B., 81, 0, 0, 0, 0, 81
Videmus Omnia (page does not exist), 0, 3, 0, 3, 0, 0
Katr67, 0, 4, 0, 4, 0, 0
Metros (page does not exist), 0, 2, 0, 2, 0, 0
Van helsing, 0, 2, 0, 2, 0, 0
Sp, 0, 4, 0, 4, 0, 0
Orlady, 1, 33, 0, 33, 0, 1
Iterator12n (page does not exist), 0, 11, 0, 11, 0, 0
ArnoldReinhold, 20, 3, 0, 3, 0, 20
Kralizec.21, 52, 0, 0, 0, 0, 52
Woody, 0, 34, 0, 34, 0, 0
Soleil (page does not exist), 0, 5, 0, 5, 0, 0
Gatoclass, 117, 14, 0, 14, 0, 117
Jerry, 30, 7, 0, 7, 0, 30
Keith_D, 33, 0, 0, 0, 0, 33
Mrjingjing, 0, 1, 0, 1, 0, 0
Kaly99, 0, 1, 0, 1, 0, 0
King of the North East, 0, 8, 0, 8, 0, 0
Slakr, 55, 1, 0, 1, 0, 55
Sesshomaru, 0, 3, 0, 3, 0, 0
Arbeit Sockenpuppe, 0, 1, 0, 1, 0, 0
Sjones23, 0, 12, 0, 12, 0, 0
Sjones23/Wikipedia contributions, 0, 12, 0, 12, 0, 0
Mentifisto, 74, 33, 0, 33, 0, 74
Littleteddy, 0, 4, 0, 4, 0, 0
Michael_Greiner, 25, 0, 0, 0, 0, 25
Michael Greiner, 0, 1, 0, 1, 0, 0
Kurt_Shaped_Box, 47, 0, 0, 0, 0, 47
AstroHurricane001/A, 0, 14, 0, 14, 0, 0
AstroHurricane001, 0, 15, 1, 14, 0, 0
AstroHurricane001/D (page does not exist), 0, 14, 0, 14, 0, 0
AstroHurricane001/T, 0, 14, 0, 14, 0, 0
AstroHurricane001/U, 0, 14, 0, 14, 0, 0
JJonathan, 0, 1, 0, 1, 0, 0
Chardish, 0, 1, 0, 1, 0, 0
HelloAnnyong, 94, 7, 0, 7, 0, 94
Gordonofcartoon, 0, 1, 0, 1, 0, 0
Barkjon, 0, 13, 0, 13, 0, 0
LaMenta3, 0, 1, 0, 1, 0, 0
Malleus Fatuarum, 0, 25, 0, 25, 0, 0
Bad Monk3y, 0, 1, 0, 1, 0, 0
KDerrida, 0, 1, 0, 1, 0, 0
Matchups, 0, 1, 0, 1, 0, 0
Avineshjose, 0, 1, 0, 1, 0, 0
Infophile, 0, 1, 0, 1, 0, 0
Arcayne, 0, 6, 0, 6, 0, 0
RandalSchwartz, 0, 1, 0, 1, 0, 0
Cyrus XIII, 0, 1, 0, 1, 0, 0
Docboat, 0, 16, 0, 16, 0, 0
PHG, 0, 1, 0, 1, 0, 0
DreamGuy, 0, 1, 0, 1, 0, 0
Matilda, 0, 3, 0, 3, 0, 0
EnsRedShirt, 0, 1, 0, 1, 0, 0
MrWhich (page does not exist), 0, 1, 0, 1, 0, 0
Martijn Hoekstra, 0, 11, 0, 11, 0, 0
Ferrylodge (page does not exist), 0, 6, 0, 6, 0, 0
EJF, 0, 53, 0, 53, 0, 0
Dincher, 0, 5, 0, 5, 0, 0
Dtbohrer, 0, 1, 0, 1, 0, 0
RMHED, 0, 44, 0, 44, 0, 0
Michael Devore, 0, 1, 0, 1, 0, 0
Monobi, 0, 5, 0, 5, 0, 0
VerruckteDan, 0, 1, 0, 1, 0, 0
P.K.Niyogi, 0, 2, 0, 2, 0, 0
Finetooth, 0, 3, 0, 3, 0, 0
Ruhrfisch/Milestones, 0, 1, 0, 1, 0, 0
Theriac, 0, 1, 0, 1, 0, 0
Johann Wolfgang, 0, 36, 34, 2, 0, 0
Wassupwestcoast, 46, 6, 0, 6, 0, 46
Galloglass, 0, 1, 0, 1, 0, 0
Hpfan9374 (page does not exist), 0, 1, 0, 1, 0, 0
Barneca/RfA Criteria (page does not exist), 0, 1, 0, 1, 0, 0
Epthorn, 0, 1, 0, 1, 0, 0
Secisek, 0, 1, 0, 1, 0, 0
Angr/If, 0, 1, 0, 1, 0, 0
Walton_One, 129, 0, 0, 0, 0, 129
Moreschi/If, 0, 4, 0, 4, 0, 0
Chergles, 0, 5, 0, 5, 0, 0
David Lauder, 0, 1, 0, 1, 0, 0
Counter-revolutionary, 0, 1, 0, 1, 0, 0
12 Noon (page does not exist), 0, 4, 0, 4, 0, 0
CarbonLifeForm, 0, 1, 0, 1, 0, 0
Orphic, 0, 1, 0, 1, 0, 0
Dlae, 0, 2, 0, 2, 0, 0
Keilana, 140, 56, 0, 56, 0, 140
Dvortygirl, 0, 2, 0, 2, 0, 0
ArielGlenn, 0, 1, 0, 1, 0, 0
.snoopy., 0, 7, 0, 7, 0, 0
Tony_Fox, 42, 0, 0, 0, 0, 42
VSimonian, 0, 1, 0, 1, 0, 0
Masem, 54, 0, 0, 0, 0, 54
68.54.56.198, 0, 1, 0, 1, 0, 0
HavenBastion, 0, 1, 0, 1, 0, 0
Mr Senseless, 0, 26, 0, 26, 0, 0
Someone another, 0, 4, 0, 4, 0, 0
Jpgordon, 24, 15, 15, 0, 22, 2
Borgarde, 0, 2, 1, 1, 0, 0
Mehmeda, 0, 1, 1, 0, 0, 0
Gaillimh, 0, 1, 1, 0, 0, 0
Boltonfan22, 0, 1, 1, 0, 0, 0
Rcm, 0, 1, 1, 0, 0, 0
61.88.163.26 (page does not exist), 0, 1, 0, 1, 0, 0
Useight/RFA Standards, 0, 9, 0, 9, 0, 0
HPJoker, 0, 1, 0, 1, 0, 0
Abd, 0, 4, 0, 4, 0, 0
Sirkad, 0, 6, 0, 6, 0, 0
PrimeHunter, 75, 1, 0, 1, 0, 75
Thehelpfulone, 115, 33, 0, 33, 0, 115
F9T, 0, 6, 0, 6, 0, 0
F9T/WikiCup, 0, 6, 0, 6, 0, 0
Mikereichold, 0, 5, 3, 2, 0, 0
GlobeGores, 0, 4, 0, 4, 0, 0
Phil Bridger, 0, 7, 0, 7, 0, 0
Fred J, 0, 1, 0, 1, 0, 0
MichelleG, 0, 1, 0, 1, 0, 0
SKYNET X7000 (page does not exist), 0, 1, 0, 1, 0, 0
Astronaut, 0, 1, 0, 1, 0, 0
Salix_alba, 81, 0, 0, 0, 0, 81
David Eppstein, 0, 3, 0, 3, 0, 0
Lquilter, 77, 3, 0, 3, 0, 77
Tparameter, 0, 1, 0, 1, 0, 0
Havelock the Dane, 0, 1, 0, 1, 0, 0
Havelock the Dane/Garret, 0, 1, 0, 1, 0, 0
Malinaccier Public, 0, 51, 0, 51, 0, 0
Asyndeton, 0, 1, 0, 1, 0, 0
Zachary crimsonwolf, 0, 1, 0, 1, 0, 0
Ctjf83, 0, 5, 0, 5, 0, 0
Cf38 (page does not exist), 0, 3, 0, 3, 0, 0
Sseballos (page does not exist), 0, 16, 0, 16, 0, 0
WaltCip, 0, 1, 0, 1, 0, 0
IslaamMaged126 (page does not exist), 0, 1, 0, 1, 0, 0
Thesydneyknowitall, 0, 1, 0, 1, 0, 0
Revolving_Bugbear, 39, 0, 0, 0, 0, 39
Bearian/Standards, 0, 122, 0, 122, 0, 0
Nick_Dowling, 47, 0, 0, 0, 0, 47
Grant65, 0, 1, 0, 1, 0, 0
Huntersquid (page does not exist), 0, 1, 0, 1, 0, 0
Aitias, 74, 99, 0, 99, 0, 74
Niyant, 0, 15, 0, 15, 0, 0
Jon513, 44, 9, 0, 9, 0, 44
Habashia, 0, 6, 0, 6, 0, 0
AliveFreeHappy, 0, 8, 0, 8, 0, 0
WBOSITG, 129, 61, 0, 61, 0, 129
Juliancolton, 4, 240, 0, 240, 0, 4
Master son, 0, 5, 0, 5, 0, 0
Son, 0, 1, 0, 1, 0, 0
Sarcasticidealist, 55, 14, 0, 14, 0, 55
Soxred93, 95, 22, 0, 22, 0, 95
Chwech, 0, 1, 0, 1, 0, 0
Timmeh, 0, 91, 0, 91, 0, 0
The Rambling Man on tour (page does not exist), 0, 2, 0, 2, 0, 0
LonelyBeacon, 0, 5, 0, 5, 0, 0
Cube lurker, 0, 15, 0, 15, 0, 0
Jonathan/Complaints, 0, 2, 0, 2, 0, 0
Pparazorback, 0, 2, 0, 2, 0, 0
Thricecube, 0, 1, 0, 1, 0, 0
Patken4, 0, 1, 0, 1, 0, 0
AKeen, 34, 0, 0, 0, 0, 34
Chiwara, 0, 1, 0, 1, 0, 0
Sting au, 0, 12, 0, 12, 0, 0
Mr Senseless/RfAStandards (page does not exist), 0, 7, 0, 7, 0, 0
Keilana/Recall, 0, 5, 0, 5, 0, 0
Razorflame, 0, 59, 0, 59, 0, 0
Jamesontai, 0, 16, 0, 16, 0, 0
Gromlakh, 0, 29, 0, 29, 0, 0
C'est moi, 0, 4, 0, 4, 0, 0
Chetblong/Autographs (page does not exist), 0, 8, 0, 8, 0, 0
Kakofonous, 94, 9, 0, 9, 0, 94
Bgs022, 0, 1, 0, 1, 0, 0
Rm w a vu, 0, 7, 0, 7, 0, 0
Kbthompson, 46, 4, 0, 4, 0, 46
Jza84, 91, 7, 0, 7, 0, 91
Hjuk, 0, 1, 0, 1, 0, 0
Sue Wallace, 0, 1, 0, 1, 0, 0
Tim riley, 0, 5, 0, 5, 0, 0
Ssilvers, 0, 2, 0, 2, 0, 0
MusicMaker5376 (page does not exist), 0, 1, 0, 1, 0, 0
Congolese fufu, 0, 2, 0, 2, 0, 0
MRSC, 0, 2, 0, 2, 0, 0
Tmoszman (page does not exist), 0, 1, 0, 1, 0, 0
Markles (page does not exist), 0, 1, 0, 1, 0, 0
Stilltim, 0, 1, 0, 1, 0, 0
Cyclonenim, 0, 63, 0, 63, 0, 0
Fnlayson, 0, 3, 0, 3, 0, 0
Msgj, 0, 2, 0, 2, 0, 0
GRB1972, 0, 4, 0, 4, 0, 0
GlassCobra/Editor for deletion/Hall of notoriety, 0, 1, 0, 1, 0, 0
Nate1481, 0, 3, 0, 3, 0, 0
Pundit, 0, 18, 0, 18, 0, 0
Cuyler91093 (page does not exist), 0, 5, 0, 5, 0, 0
Blow of Light/Guestbook, 0, 2, 0, 2, 0, 0
Blow of Light, 0, 2, 0, 2, 0, 0
M3tal H3ad, 0, 2, 1, 1, 0, 0
Rudget, 123, 0, 0, 0, 0, 123
Basketball110 (page does not exist), 0, 15, 0, 15, 0, 0
Angel David, 0, 1, 0, 1, 0, 0
And-Rew, 0, 1, 0, 1, 0, 0
Otolemur crassicaudatus, 0, 8, 0, 8, 0, 0
D.M.N., 0, 8, 0, 8, 0, 0
NewYorkDreams, 0, 1, 0, 1, 0, 0
Elcobbola, 0, 9, 0, 9, 0, 0
Sahilm, 0, 1, 0, 1, 0, 0
John Carter, 0, 25, 0, 25, 0, 0
Guldenat, 0, 3, 0, 3, 0, 0
Shojaijekhi, 0, 1, 0, 1, 0, 0
Alex.muller, 54, 10, 0, 10, 0, 54
Ferdiaob, 0, 15, 0, 15, 0, 0
Charitwo, 0, 7, 0, 7, 0, 0
Dynaflow, 0, 2, 0, 2, 0, 0
Kushan I.A.K.J, 0, 3, 0, 3, 0, 0
Dr.Kane, 0, 3, 0, 3, 0, 0
Eliyohub, 0, 1, 0, 1, 0, 0
GoldFlower, 0, 2, 0, 2, 0, 0
Gavia immer, 0, 3, 1, 2, 0, 0
Edit Centric, 0, 1, 0, 1, 0, 0
Jeepday, 47, 2, 0, 2, 0, 47
BanRay, 0, 5, 0, 5, 0, 0
Guest9999, 0, 18, 0, 18, 0, 0
Law Lord (page does not exist), 0, 1, 0, 1, 0, 0
Spencer, 91, 195, 0, 195, 0, 91
DuncanHill, 0, 1, 0, 1, 0, 0
Camaron, 0, 36, 0, 36, 0, 0
1ForTheMoney, 0, 3, 0, 3, 0, 0
Tasc0, 0, 1, 0, 1, 0, 0
Fattown1c, 0, 1, 0, 1, 0, 0
Callmederek, 0, 3, 0, 3, 0, 0
DHMO (page does not exist), 0, 19, 0, 19, 0, 0
Redbull47, 0, 1, 0, 1, 0, 0
RexxS, 161, 35, 0, 35, 0, 161
Sephiroth_BCR, 68, 0, 0, 0, 0, 68
Djskein79 (page does not exist), 0, 1, 0, 1, 0, 0
Collectonian (page does not exist), 0, 2, 0, 2, 0, 0
Stormin' Foreman, 0, 1, 0, 1, 0, 0
Ohmpandya, 0, 5, 0, 5, 0, 0
Wikidude57, 0, 2, 0, 2, 0, 0
WeBuriedOurSecretsInTheGarden (page does not exist), 0, 2, 0, 2, 0, 0
Victuallers, 60, 3, 0, 3, 0, 60
Dahliarose, 0, 1, 0, 1, 0, 0
Yurei-eggtart, 0, 1, 0, 1, 0, 0
Noroton, 0, 3, 1, 2, 0, 0
Belovedfreak, 0, 30, 0, 30, 0, 0
Esanchez7587, 34, 0, 0, 0, 0, 34
WheezyF, 0, 1, 0, 1, 0, 0
SimpsonsFan2008, 0, 1, 0, 1, 0, 0
Angela from the Blue, 0, 1, 0, 1, 0, 0
Alexf, 44, 7, 0, 7, 0, 44
Timmeh/C (page does not exist), 0, 1, 0, 1, 0, 0
Isaiahcambron, 0, 1, 0, 1, 0, 0
Burzmali, 0, 1, 0, 1, 0, 0
Bleeding Blue, 0, 1, 0, 1, 0, 0
Majorly/RfA, 0, 1, 0, 1, 0, 0
Poeloq, 56, 7, 0, 7, 0, 56
Postoak, 0, 1, 0, 1, 0, 0
Boguslavmandzyuk, 0, 3, 0, 3, 0, 0
Bobanni, 0, 1, 0, 1, 0, 0
Ostap R, 0, 3, 0, 3, 0, 0
Bogdan, 0, 1, 0, 1, 0, 0
MarkBA (page does not exist), 0, 1, 0, 1, 0, 0
Riurik, 0, 1, 0, 1, 0, 0
Ceriy, 0, 1, 0, 1, 0, 0
Mastrchf91, 0, 6, 0, 6, 0, 0
Orderinchaos/RfA criteria (page does not exist), 0, 12, 0, 12, 0, 0
Veritas (page does not exist), 0, 5, 0, 5, 0, 0
Gonzo_fan2007, 36, 0, 0, 0, 0, 36
Snowfire51, 0, 1, 0, 1, 0, 0
Pookeo9, 0, 9, 0, 9, 0, 0
RC-0722, 0, 22, 0, 22, 0, 0
TheHoosierState89, 0, 2, 0, 2, 0, 0
Earthbendingmaster, 0, 6, 0, 6, 0, 0
Burner0718, 0, 24, 0, 24, 0, 0
KC109, 0, 4, 0, 4, 0, 0
BusterD, 0, 48, 0, 48, 0, 0
Zeibura, 35, 0, 0, 0, 0, 35
Hatmatbbat10, 0, 4, 0, 4, 0, 0
Smalljim, 26, 0, 0, 0, 0, 26
Milk's Favorite Cookie, 0, 33, 0, 33, 0, 0
Einsteinewton, 0, 1, 0, 1, 0, 0
Einsteinewton/Guest Book, 0, 1, 0, 1, 0, 0
HisSpaceResearch, 0, 2, 0, 2, 0, 0
Greglocock, 0, 1, 0, 1, 0, 0
Onefortyone, 0, 1, 0, 1, 0, 0
EncMstr, 32, 5, 0, 5, 0, 32
Peteforsyth, 0, 8, 0, 8, 0, 0
Awotter, 0, 1, 0, 1, 0, 0
Aboutmovies, 0, 5, 0, 5, 0, 0
Esprqii, 0, 3, 0, 3, 0, 0
Newbyguesses, 0, 1, 0, 1, 0, 0
Gwen Gale, 0, 25, 0, 25, 0, 0
Scartol, 0, 1, 0, 1, 0, 0
Awadewit, 0, 3, 0, 3, 0, 0
Seresin, 75, 18, 0, 18, 0, 75
Seresin/name, 0, 9, 0, 9, 0, 0
Caissa's DeathAngel, 0, 1, 0, 1, 0, 0
MightyWarrior, 0, 1, 0, 1, 0, 0
Phyesalis, 0, 1, 0, 1, 0, 0
Lawrence Cohen/RFA questions and requirements (page does not exist), 0, 1, 0, 1, 0, 0
Jguk, 0, 30, 12, 18, 0, 0
Skomorokh, 137, 15, 0, 15, 0, 137
Grrrlriot, 0, 5, 0, 5, 0, 0
Saranghae honey (page does not exist), 0, 2, 0, 2, 0, 0
Cumulus Clouds (page does not exist), 0, 4, 0, 4, 0, 0
Zenlax, 0, 4, 0, 4, 0, 0
Zenlax/Signatures, 0, 4, 0, 4, 0, 0
Truco9311, 0, 1, 0, 1, 0, 0
Truco9311/Guestbook, 0, 1, 0, 1, 0, 0
IMatthew, 0, 113, 0, 113, 0, 0
Auawise, 0, 8, 0, 8, 0, 0
NimiTize, 0, 3, 0, 3, 0, 0
Speed CG, 0, 29, 0, 29, 0, 0
Pb30, 34, 0, 0, 0, 0, 34
Relata refero, 0, 13, 0, 13, 0, 0
GeeAlice, 0, 1, 0, 1, 0, 0
MBisanz, 62, 132, 0, 132, 0, 62
Randomtime, 0, 3, 0, 3, 0, 0
Happy-melon, 76, 5, 0, 5, 0, 76
AP Shinobi, 0, 1, 0, 1, 0, 0
Doug, 85, 11, 0, 11, 0, 85
JPG-GR, 97, 7, 0, 7, 0, 97
Funper, 0, 1, 0, 1, 0, 0
Fbv65edel, 0, 2, 1, 1, 0, 0
Fbv65edel/Esperanza, 0, 2, 1, 1, 0, 0
SoxBot, 0, 7, 0, 7, 0, 0
Dafyd, 0, 1, 0, 1, 0, 0
Gran2, 0, 5, 0, 5, 0, 0
Melty girl, 0, 1, 0, 1, 0, 0
Sabrage, 0, 1, 0, 1, 0, 0
Melesse, 57, 0, 0, 0, 0, 57
Lazulilasher, 66, 20, 0, 20, 0, 66
Mike5193, 0, 1, 1, 0, 0, 0
Orthologist, 0, 1, 1, 0, 0, 0
AstroHurricane001/ASTRO, 0, 1, 1, 0, 0, 0
AstroHurricane001/Userboxes, 0, 1, 1, 0, 0, 0
Zouavman Le Zouave, 0, 1, 1, 0, 0, 0
Zouavman Le Zouave/Hey (page does not exist), 0, 1, 1, 0, 0, 0
GilbertoSilvaFan, 0, 1, 1, 0, 0, 0
Interesdom, 0, 1, 0, 1, 0, 0
AnonMoos, 0, 1, 0, 1, 0, 0
Roger_Davies, 84, 0, 0, 0, 0, 84
SoLando, 29, 24, 22, 2, 29, 0
Sniperz11, 0, 1, 0, 1, 0, 0
Wandalstouring, 0, 3, 0, 3, 0, 0
Eurocopter tigre, 0, 3, 0, 3, 0, 0
Yllosubmarine, 0, 1, 0, 1, 0, 0
BuddingJournalist, 0, 3, 0, 3, 0, 0
Kafka Liz, 0, 12, 0, 12, 0, 0
Neparis, 0, 3, 0, 3, 0, 0
Rudie M. (page does not exist), 0, 2, 0, 2, 0, 0
Pollytyred, 0, 3, 0, 3, 0, 0
Gutza, 44, 0, 0, 0, 0, 44
Alex Smotrov, 0, 1, 0, 1, 0, 0
Hans Adler (page does not exist), 0, 4, 0, 4, 0, 0
NoSeptember/Functionaries, 0, 1, 0, 1, 0, 0
NoSeptember/Signature14, 0, 5, 0, 5, 0, 0
Xymmax, 59, 46, 0, 46, 0, 59
John_Carter, 152, 0, 0, 0, 0, 152
JASpencer, 0, 2, 0, 2, 0, 0
Blofeld of SPECTRE, 0, 3, 0, 3, 0, 0
Blueboar, 0, 1, 0, 1, 0, 0
Bmrbarre, 0, 1, 0, 1, 0, 0
Bmrbarre/Me and Wikipedia, 0, 1, 0, 1, 0, 0
The Fat Man Who Never Came Back, 0, 7, 0, 7, 0, 0
Fayenatic london, 0, 5, 0, 5, 0, 0
Bus stop, 0, 1, 0, 1, 0, 0
Gene Poole, 0, 1, 0, 1, 0, 0
Nancy, 64, 23, 0, 23, 0, 64
PeterStJohn/ScratchPad, 0, 1, 0, 1, 0, 0
PeterStJohn, 0, 1, 0, 1, 0, 0
Xenon54, 0, 10, 0, 10, 0, 0
RedZionX, 0, 1, 0, 1, 0, 0
WBOSITG/RfA Criteria (page does not exist), 0, 4, 0, 4, 0, 0
Gilesbennett (page does not exist), 0, 2, 0, 2, 0, 0
Master_of_Puppets, 148, 0, 0, 0, 0, 148
Antonio Lopez, 0, 8, 0, 8, 0, 0
Pewwer42, 0, 6, 0, 6, 0, 0
Dlohcierekim/deletion, 0, 17, 0, 17, 0, 0
Astral, 0, 2, 0, 2, 0, 0
Undead warrior, 0, 4, 0, 4, 0, 0
Zenwhat, 0, 1, 0, 1, 0, 0
LUUSAP, 0, 1, 0, 1, 0, 0
Mistery account, 0, 2, 0, 2, 0, 0
Voyagerfan5761, 0, 1, 0, 1, 0, 0
TDS, 0, 6, 5, 1, 0, 0
Master Bigode, 0, 3, 0, 3, 0, 0
Jovin Lambton (page does not exist), 0, 1, 0, 1, 0, 0
NovaDog, 0, 1, 0, 1, 0, 0
MasterOfPuppets, 0, 1, 0, 1, 0, 0
Macys123, 0, 10, 0, 10, 0, 0
Wexcan, 0, 4, 0, 4, 0, 0
CordeliaHenrietta (page does not exist), 0, 1, 0, 1, 0, 0
Roundhouse0, 0, 2, 0, 2, 0, 0
Tivedshambo, 60, 9, 0, 9, 0, 60
A man of honour, 0, 2, 0, 2, 0, 0
Remember_the_dot, 74, 0, 0, 0, 0, 74
Enigmaman, 148, 14, 0, 14, 0, 148
Mistery Account, 0, 1, 0, 1, 0, 0
Terra (page does not exist), 0, 1, 0, 1, 0, 0
Ais523/adminrights.js, 0, 3, 0, 3, 0, 0
Dlohcierekim/On RfA, 0, 35, 0, 35, 0, 0
BillC, 0, 5, 1, 4, 0, 0
Pairadox, 0, 1, 0, 1, 0, 0
J Greb, 0, 1, 0, 1, 0, 0
Calabraxthis, 0, 3, 0, 3, 0, 0
MBisanz/COI, 0, 1, 0, 1, 0, 0
Swirlex (page does not exist), 0, 1, 0, 1, 0, 0
PIO, 0, 1, 0, 1, 0, 0
Fred Plotz, 0, 1, 0, 1, 0, 0
Gary King, 0, 22, 0, 22, 0, 0
Kim Dent-Brown/My criteria for RfA, 0, 1, 0, 1, 0, 0
ElisaEXPLOSiON, 0, 1, 0, 1, 0, 0
Thehelpfulone/Review, 0, 9, 0, 9, 0, 0
Basketball110/Awards (page does not exist), 0, 1, 0, 1, 0, 0
Dattebayo321, 0, 1, 0, 1, 0, 0
Sallicio, 0, 9, 0, 9, 0, 0
Kim_Dent-Brown, 70, 0, 0, 0, 0, 70
Kim Dent-Brown/Criteria for recall, 0, 1, 0, 1, 0, 0
Kwsn-pub, 0, 2, 0, 2, 0, 0
J Milburn, 0, 23, 0, 23, 0, 0
Drjmarkov, 0, 1, 0, 1, 0, 0
Fattyjwoods, 0, 25, 0, 25, 0, 0
Gosgood, 0, 3, 0, 3, 0, 0
Uga Man (page does not exist), 0, 1, 0, 1, 0, 0
"Uga Man/presidential campaign, 2008", 0, 1, 0, 1, 0, 0
Chetblong/RFA-standards (page does not exist), 0, 14, 0, 14, 0, 0
Jwanders, 0, 1, 0, 1, 0, 0
Athaenara, 49, 73, 0, 73, 0, 49
Gtstricky, 0, 33, 0, 33, 0, 0
TheNautilus, 0, 4, 0, 4, 0, 0
Navnløs, 0, 1, 0, 1, 0, 0
Mifter, 55, 46, 0, 46, 0, 55
Peter Fleet, 0, 1, 0, 1, 0, 0
Compwhizii (page does not exist), 0, 4, 0, 4, 0, 0
PaddyM, 0, 3, 1, 2, 0, 0
Executor Tassadar, 0, 1, 0, 1, 0, 0
DearCatastropheWaitress, 0, 1, 0, 1, 0, 0
Gb (page does not exist), 0, 3, 0, 3, 0, 0
Thingg, 116, 40, 0, 40, 0, 116
Basketball110/Hidden Page Challenge (page does not exist), 0, 3, 0, 3, 0, 0
CounterFX (page does not exist), 0, 1, 0, 1, 0, 0
Maximillion Pegasus, 0, 28, 0, 28, 0, 0
Shoessss (page does not exist), 0, 25, 0, 25, 0, 0
Icestorm815, 46, 0, 0, 0, 0, 46
CaptainMorgin (page does not exist), 0, 1, 0, 1, 0, 0
Gb, 53, 0, 0, 0, 0, 53
Polly, 0, 6, 0, 6, 0, 0
MegaMom, 0, 1, 0, 1, 0, 0
Timeshift9, 0, 1, 0, 1, 0, 0
Canyouhearmenow, 0, 3, 0, 3, 0, 0
Dlohcierekim/apathy, 0, 1, 0, 1, 0, 0
Flaminglawyer (page does not exist), 0, 5, 0, 5, 0, 0
Cowardly Lion, 0, 1, 0, 1, 0, 0
Sunny910910/UserPage/GuestBook (page does not exist), 0, 3, 0, 3, 0, 0
EconomicsGuy II (page does not exist), 0, 4, 0, 4, 0, 0
Parsecboy, 71, 24, 0, 24, 0, 71
Roregan, 0, 1, 0, 1, 0, 0
Parent5446, 0, 10, 0, 10, 0, 0
MrPrada (page does not exist), 0, 40, 0, 40, 0, 0
Oberiko, 0, 5, 4, 1, 0, 0
Shibumi2, 0, 1, 0, 1, 0, 0
AGK/RfA Standards (page does not exist), 0, 1, 0, 1, 0, 0
AGK/Contact, 0, 17, 0, 17, 0, 0
Orpy15, 0, 2, 0, 2, 0, 0
Ossmann, 0, 5, 0, 5, 0, 0
Daven200520, 0, 1, 0, 1, 0, 0
JackSchmidt, 0, 1, 0, 1, 0, 0
J-stan/Gmail group, 0, 1, 0, 1, 0, 0
EvanSeeds, 0, 1, 0, 1, 0, 0
CorleoneSerpicoMontana, 0, 1, 0, 1, 0, 0
"Hennessey, Patrick", 0, 5, 0, 5, 0, 0
KathrynLybarger, 0, 1, 0, 1, 0, 0
Thedemonhog, 0, 19, 0, 19, 0, 0
Ferdiaob/My Musings (page does not exist), 0, 14, 0, 14, 0, 0
Johnny Au, 0, 1, 0, 1, 0, 0
ArcAngel, 0, 46, 0, 46, 0, 0
UzEE, 0, 1, 0, 1, 0, 0
Stratosphere, 0, 1, 0, 1, 0, 0
Bahman15 (page does not exist), 0, 1, 0, 1, 0, 0
Carerra (page does not exist), 0, 2, 0, 2, 0, 0
JNW, 0, 1, 0, 1, 0, 0
Okay311 (page does not exist), 0, 2, 0, 2, 0, 0
Seddon69 (page does not exist), 0, 2, 0, 2, 0, 0
Anthon01, 0, 1, 0, 1, 0, 0
DanielEng, 0, 1, 0, 1, 0, 0
DanTheMan474, 0, 1, 0, 1, 0, 0
Dlabtot, 0, 1, 0, 1, 0, 0
52_Pickup, 38, 0, 0, 0, 0, 38
Nicholas Perkins, 0, 1, 0, 1, 0, 0
52 Pickup, 0, 3, 0, 3, 0, 0
WilliamH, 101, 13, 0, 13, 0, 101
WBOSITP, 0, 2, 0, 2, 0, 0
William Ortiz, 0, 1, 0, 1, 0, 0
SyntaxError55, 0, 1, 0, 1, 0, 0
Duke53, 0, 1, 0, 1, 0, 0
Shot info, 0, 2, 0, 2, 0, 0
Porcupine/Current-status (page does not exist), 0, 2, 0, 2, 0, 0
JTRH, 0, 1, 0, 1, 0, 0
Charles Stewart, 0, 1, 0, 1, 0, 0
Tiptoety, 107, 0, 0, 0, 0, 107
Pedro/RFA, 0, 1, 0, 1, 0, 0
IMatthew/Guestbook (page does not exist), 0, 21, 0, 21, 0, 0
Ponyo, 79, 91, 0, 91, 0, 79
NimiTize/Guestbook, 0, 2, 0, 2, 0, 0
Cro0016 (page does not exist), 0, 1, 0, 1, 0, 0
NiciVampireHeart, 0, 8, 0, 8, 0, 0
Camaeron (page does not exist), 0, 18, 0, 18, 0, 0
NonvocalScream, 0, 6, 0, 6, 0, 0
Deacon_of_Pndapetzim, 79, 0, 0, 0, 0, 79
An Siarach, 0, 3, 0, 3, 0, 0
Billreid, 0, 2, 0, 2, 0, 0
NSH001, 0, 11, 0, 11, 0, 0
Deacon of Pndapetzim, 0, 26, 0, 26, 0, 0
Mais oui!, 0, 3, 0, 3, 0, 0
Cold Phoenix, 0, 2, 0, 2, 0, 0
Dreamspy, 0, 3, 0, 3, 0, 0
TreasuryTag, 0, 22, 0, 22, 0, 0
Dojarca, 0, 1, 0, 1, 0, 0
Dr. Dan, 0, 1, 0, 1, 0, 0
M.K, 0, 3, 1, 2, 0, 0
Steveshelokhonov, 0, 1, 0, 1, 0, 0
shoeofdeath, 48, 0, 0, 0, 0, 48
Shoeofdeath, 0, 2, 0, 2, 0, 0
Lenticel, 68, 22, 0, 22, 0, 68
Gadget850, 71, 3, 0, 3, 0, 71
JGHowes, 85, 7, 0, 7, 0, 85
Kintetsubuffalo, 0, 1, 0, 1, 0, 0
Stifle/Vote, 0, 8, 0, 8, 0, 0
Zedla, 42, 1, 0, 1, 0, 42
GO-PCHS-NJROTC, 0, 2, 0, 2, 0, 0
Thright, 0, 5, 0, 5, 0, 0
J_Greb, 46, 0, 0, 0, 0, 46
Xenon54/RfA Criteria, 0, 1, 0, 1, 0, 0
Soxred93/RfA Standards, 0, 1, 0, 1, 0, 0
Abrech, 0, 8, 0, 8, 0, 0
Belanidia, 0, 1, 0, 1, 0, 0
"Hennessey, Patrick/RfA Reviews/RfA Criteria", 0, 2, 0, 2, 0, 0
"Hennessey, Patrick/RfA Reviews", 0, 2, 0, 2, 0, 0
Osmanjunaid, 0, 1, 0, 1, 0, 0
Naerii, 0, 59, 0, 59, 0, 0
Ianlopez1115, 0, 7, 0, 7, 0, 0
Ianlopez1115/Sandbox, 0, 7, 0, 7, 0, 0
RFBailey, 0, 2, 1, 1, 0, 0
Alanbly, 0, 9, 0, 9, 0, 0
Willsmith3, 0, 1, 0, 1, 0, 0
Tanthalas39, 80, 122, 0, 122, 0, 80
Alden Jones, 0, 2, 0, 2, 0, 0
Littleteddy/Standards, 0, 1, 0, 1, 0, 0
Miranda/Oklahoma State Highway 9, 0, 1, 0, 1, 0, 0
Wikiyuvraj (page does not exist), 0, 1, 0, 1, 0, 0
Gwynand, 0, 12, 0, 12, 0, 0
Dendodge, 0, 19, 0, 19, 0, 0
Dendodge/Help (page does not exist), 0, 11, 0, 11, 0, 0
Steve Crossin, 0, 30, 0, 30, 0, 0
Youngwebprogrammer, 0, 2, 0, 2, 0, 0
Hersfold/t, 0, 13, 0, 13, 0, 0
Hersfold/a, 0, 13, 0, 13, 0, 0
Greman Knight (page does not exist), 0, 2, 0, 2, 0, 0
DeadEyeArrow, 85, 5, 0, 5, 0, 85
Valtoras, 0, 22, 0, 22, 0, 0
Torchwoodwho, 0, 2, 0, 2, 0, 0
RyRy5, 0, 12, 0, 12, 0, 0
AndreNatas, 0, 3, 0, 3, 0, 0
Laser brain, 0, 38, 0, 38, 0, 0
J.delanoy, 146, 61, 0, 61, 0, 146
Hurricane Angel Saki, 0, 1, 0, 1, 0, 0
Burningclean, 0, 2, 0, 2, 0, 0
Seraphim_Whipp, 92, 0, 0, 0, 0, 92
Ursasapien, 0, 1, 0, 1, 0, 0
Locke Cole, 0, 24, 19, 5, 0, 0
Fusionmix, 0, 5, 0, 5, 0, 0
Cenarium, 46, 18, 0, 18, 0, 46
KS, 0, 1, 0, 1, 0, 0
TheProf07 (page does not exist), 0, 13, 0, 13, 0, 0
Smartguy777, 0, 1, 0, 1, 0, 0
Fritzpoll, 75, 12, 0, 12, 0, 75
Twaz, 0, 1, 0, 1, 0, 0
SchfiftyThree, 0, 19, 0, 19, 0, 0
Clpo13, 177, 21, 0, 21, 0, 177
Hillock65, 0, 2, 0, 2, 0, 0
NanohaA'sYuri, 0, 5, 0, 5, 0, 0
Vivio Testarossa, 0, 10, 0, 10, 0, 0
Privatemusings, 0, 4, 0, 4, 0, 0
MrMetalFLower, 0, 1, 0, 1, 0, 0
Una Smith, 0, 1, 0, 1, 0, 0
Legoktm, 155, 29, 0, 29, 0, 155
Hcberkowitz, 0, 1, 0, 1, 0, 0
Malcolmxl5, 59, 36, 0, 36, 0, 59
AgnosticPreachersKid, 0, 4, 0, 4, 0, 0
Scetoaux, 0, 19, 0, 19, 0, 0
Jay*Jay, 0, 1, 0, 1, 0, 0
Plutonium27, 0, 44, 0, 44, 0, 0
Benjiboi, 0, 1, 0, 1, 0, 0
Masculinity, 0, 1, 0, 1, 0, 0
Staffwaterboy, 0, 11, 0, 11, 0, 0
David in DC, 0, 17, 0, 17, 0, 0
TheCoffee, 42, 16, 16, 0, 41, 1
Idont havaname (page does not exist), 0, 31, 26, 5, 0, 0
Saluyot, 0, 18, 18, 0, 0, 0
Cma, 0, 1, 1, 0, 0, 0
Magalhães, 0, 3, 2, 1, 0, 0
Acetic Acid, 0, 58, 47, 11, 0, 0
Seav, 0, 5, 3, 2, 0, 0
Friejose, 0, 2, 1, 1, 0, 0
Bratsche, 29, 99, 98, 1, 28, 1
Noypi380, 0, 2, 2, 0, 0, 0
Func, 115, 60, 59, 1, 115, 0
Dbraceyrules (page does not exist), 0, 15, 15, 0, 0, 0
Pvenegas (page does not exist), 0, 1, 1, 0, 0, 0
Pedro/Net Positive, 0, 27, 0, 27, 0, 0
Jonny-mt/CSD, 0, 1, 0, 1, 0, 0
PhilKnight, 0, 199, 0, 199, 0, 0
Stephenchou0722, 0, 4, 0, 4, 0, 0
Nothing444, 0, 1, 0, 1, 0, 0
The Obento Musubi, 0, 2, 0, 2, 0, 0
MrFish, 0, 1, 0, 1, 0, 0
Mrprada911 (page does not exist), 0, 1, 0, 1, 0, 0
Tnayin, 0, 1, 0, 1, 0, 0
TheProf07/Vandals (page does not exist), 0, 3, 0, 3, 0, 0
Gwguffey, 0, 5, 0, 5, 0, 0
Cobaltbluetony, 98, 1, 0, 1, 0, 98
Bibliomaniac15/Divine Comedy, 0, 1, 0, 1, 0, 0
RegentsPark, 74, 124, 0, 124, 0, 74
Dean B, 0, 31, 0, 31, 0, 0
Meldshal42, 0, 10, 0, 10, 0, 0
Jpmonroe, 0, 2, 0, 2, 0, 0
Martijn_Hoekstra, 77, 0, 0, 0, 0, 77
VigilancePrime, 0, 1, 0, 1, 0, 0
VigilancePrime/WikiEssays/WikiCapybara (page does not exist), 0, 1, 0, 1, 0, 0
Bellwether BC (page does not exist), 0, 2, 0, 2, 0, 0
Wsanders, 0, 1, 0, 1, 0, 0
AnotherSolipsist (page does not exist), 0, 2, 0, 2, 0, 0
Bikasuishin, 0, 1, 0, 1, 0, 0
Cambrasa, 0, 1, 0, 1, 0, 0
Cameron, 0, 60, 0, 60, 0, 0
BirgitteSB-prod, 0, 1, 0, 1, 0, 0
Don't Feed the Zords, 0, 1, 0, 1, 0, 0
Dovi, 0, 2, 1, 1, 0, 0
Gwandoya, 0, 2, 0, 2, 0, 0
King Vegita (page does not exist), 0, 2, 0, 2, 0, 0
Droll, 0, 1, 0, 1, 0, 0
Sanbeg, 0, 1, 0, 1, 0, 0
Risker, 132, 74, 0, 74, 0, 132
Fnsnet, 0, 1, 0, 1, 0, 0
PeterSymonds, 274, 76, 0, 76, 0, 274
MisterWiki (page does not exist), 0, 5, 0, 5, 0, 0
Esrever, 0, 1, 0, 1, 0, 0
Kingrock (page does not exist), 0, 1, 0, 1, 0, 0
JamieS93, 112, 64, 0, 64, 0, 112
Asenine, 0, 16, 0, 16, 0, 0
Bedford, 80, 10, 0, 10, 0, 80
Stepshep, 0, 6, 0, 6, 0, 0
Five Years, 0, 4, 0, 4, 0, 0
Jasont82, 0, 1, 0, 1, 0, 0
Cool10191 (page does not exist), 0, 1, 0, 1, 0, 0
Rividian, 0, 1, 0, 1, 0, 0
SWik78, 0, 80, 0, 80, 0, 0
Davidgothberg, 73, 2, 0, 2, 0, 73
GameKeeper, 0, 3, 0, 3, 0, 0
Sardanaphalus, 0, 1, 0, 1, 0, 0
SunCreator, 0, 25, 0, 25, 0, 0
Acer, 0, 6, 0, 6, 0, 0
Jbmurray, 3, 15, 0, 15, 0, 3
Dank55, 92, 61, 0, 61, 0, 92
Kanonkas, 109, 31, 0, 31, 0, 109
R._Baley, 84, 0, 0, 0, 0, 84
21655, 0, 1, 0, 1, 0, 0
Baegis, 0, 1, 0, 1, 0, 0
Tovian, 0, 3, 0, 3, 0, 0
Folantin/Userspace Folantin5 (page does not exist), 0, 4, 0, 4, 0, 0
Roadrunnerz45 (page does not exist), 0, 9, 0, 9, 0, 0
Aj00200, 0, 1, 0, 1, 0, 0
Sabine.27s_Sunbird, 96, 0, 0, 0, 0, 96
MeegsC, 0, 1, 0, 1, 0, 0
Ken Thomas, 0, 1, 0, 1, 0, 0
Yomangan/sig, 0, 2, 0, 2, 0, 0
Prashanthns, 0, 6, 1, 5, 0, 0
EdwinHJ, 25, 14, 12, 2, 23, 2
HowardBerry, 0, 2, 1, 1, 0, 0
Redeemer079, 0, 1, 0, 1, 0, 0
USS Hornet (page does not exist), 0, 1, 0, 1, 0, 0
Acalamari/Admin coaching/VanTucky, 0, 1, 0, 1, 0, 0
Paranomia, 0, 10, 0, 10, 0, 0
Canadian Paul, 0, 2, 0, 2, 0, 0
David Shankbone, 0, 7, 0, 7, 0, 0
Mr. IP, 0, 19, 0, 19, 0, 0
Northwesterner1, 0, 1, 0, 1, 0, 0
Jaymacdonald, 0, 1, 0, 1, 0, 0
Preschooler.at.heart, 0, 5, 3, 2, 0, 0
QuackGuru (page does not exist), 0, 1, 0, 1, 0, 0
Kumioko, 0, 11, 0, 11, 0, 0
Ryan Taylor, 0, 1, 0, 1, 0, 0
Beagel, 0, 4, 0, 4, 0, 0
Guerilla In Tha Mist, 0, 1, 0, 1, 0, 0
Diligent Terrier, 0, 30, 0, 30, 0, 0
Diligent Terrier/Autographs (page does not exist), 0, 26, 0, 26, 0, 0
Grsz11, 0, 5, 0, 5, 0, 0
Jmcw37, 0, 3, 0, 3, 0, 0
Kennedygr/Secret Intro (page does not exist), 0, 1, 0, 1, 0, 0
Queerbubbles, 0, 19, 0, 19, 0, 0
Dominik92, 0, 3, 0, 3, 0, 0
Addshore, 136, 28, 0, 28, 0, 136
MilborneOne, 79, 5, 0, 5, 0, 79
TheProf87 (page does not exist), 0, 1, 0, 1, 0, 0
DanBealeCocks, 0, 11, 0, 11, 0, 0
FGWQPR, 0, 1, 0, 1, 0, 0
Bzuk, 0, 1, 0, 1, 0, 0
Ahunt, 0, 2, 0, 2, 0, 0
Giovanni33, 0, 2, 0, 2, 0, 0
John Smith's, 0, 2, 0, 2, 0, 0
^^James^^, 0, 1, 0, 1, 0, 0
BernardL, 0, 1, 0, 1, 0, 0
TheRedPenOfDoom (page does not exist), 0, 1, 0, 1, 0, 0
I Write Stuff, 0, 1, 0, 1, 0, 0
DarkAudit, 0, 1, 0, 1, 0, 0
Hobartimus, 0, 10, 0, 10, 0, 0
Paragon12321, 0, 9, 0, 9, 0, 0
Dispenser, 0, 1, 0, 1, 0, 0
WOSlinker, 89, 7, 0, 7, 0, 89
JayJ47, 0, 1, 0, 1, 0, 0
Mlaffs, 75, 6, 0, 6, 0, 75
King Pickle, 0, 11, 0, 11, 0, 0
Jccort, 0, 1, 0, 1, 0, 0
Mathwhiz 29, 0, 1, 0, 1, 0, 0
Editorofthewiki, 0, 65, 0, 65, 0, 0
Tinucherian, 176, 74, 0, 74, 0, 176
Legionarius, 0, 1, 0, 1, 0, 0
AVand, 0, 4, 0, 4, 0, 0
Daniel_J._Leivick, 2, 0, 0, 0, 0, 2
Philosopher, 95, 19, 0, 19, 0, 95
Chimeric Glider, 0, 3, 0, 3, 0, 0
Dragon695, 0, 15, 11, 4, 0, 0
Kennedy (page does not exist), 0, 3, 0, 3, 0, 0
Olaf Davis, 0, 19, 0, 19, 0, 0
Jacina, 0, 4, 0, 4, 0, 0
Dorvaq, 0, 2, 0, 2, 0, 0
Ryan, 0, 1, 0, 1, 0, 0
TimBuck2, 0, 2, 0, 2, 0, 0
Rudget/help (page does not exist), 0, 20, 0, 20, 0, 0
Rosiestep, 75, 30, 0, 30, 0, 75
Paradoxsociety, 0, 1, 0, 1, 0, 0
The Obento Musubi/Guestbook, 0, 1, 0, 1, 0, 0
The Obento Musubi/Sandbox, 0, 1, 0, 1, 0, 0
Ashton1983, 0, 21, 0, 21, 0, 0
Realist2, 0, 50, 0, 50, 0, 0
Good Olfactory, 0, 9, 0, 9, 0, 0
SimsFan, 0, 1, 0, 1, 0, 0
Frank, 58, 78, 0, 78, 0, 58
InDeBiz1, 0, 10, 0, 10, 0, 0
Sunsetsunrise, 0, 1, 0, 1, 0, 0
Mazca, 93, 122, 0, 122, 0, 93
Xenocidic, 87, 33, 0, 33, 0, 87
Tool2Die4 (page does not exist), 0, 3, 0, 3, 0, 0
IMatthew/Admin coaching (page does not exist), 0, 1, 0, 1, 0, 0
Gazimoff, 128, 28, 0, 28, 0, 128
Lunakeet, 0, 1, 0, 1, 0, 0
Lunakeet/Signhere, 0, 1, 0, 1, 0, 0
"Police,Mad,Jack", 0, 1, 0, 1, 0, 0
Mm40, 0, 13, 0, 13, 0, 0
Mm40/Guestbook, 0, 3, 0, 3, 0, 0
Zginder, 0, 5, 0, 5, 0, 0
The public face of Gb (page does not exist), 0, 1, 0, 1, 0, 0
Tex, 0, 7, 0, 7, 0, 0
WillOakland, 0, 1, 0, 1, 0, 0
KleenupKrew, 0, 4, 0, 4, 0, 0
Ward20, 0, 3, 0, 3, 0, 0
Peter Damian, 0, 5, 0, 5, 0, 0
Vadakkan, 0, 3, 0, 3, 0, 0
John Z, 0, 10, 0, 10, 0, 0
Dlohcierekim's sock, 0, 3, 0, 3, 0, 0
Ottava Rima, 0, 32, 0, 32, 0, 0
Cream, 0, 3, 0, 3, 0, 0
SusanLesch, 0, 8, 0, 8, 0, 0
Vishnava, 0, 24, 0, 24, 0, 0
Razorflame/FP, 0, 3, 0, 3, 0, 0
Monkeyblue, 0, 1, 0, 1, 0, 0
Mentisock, 0, 8, 0, 8, 0, 0
Nev1, 103, 12, 0, 12, 0, 103
Phoenix-wiki/RFA criteria, 0, 1, 0, 1, 0, 0
Ghmyrtle, 0, 4, 0, 4, 0, 0
Keith D, 0, 2, 0, 2, 0, 0
Bpeps (page does not exist), 0, 1, 0, 1, 0, 0
Pedro/Mentoring, 0, 1, 0, 1, 0, 0
Harkey Lodger, 0, 1, 0, 1, 0, 0
Bilby, 136, 8, 0, 8, 0, 136
Joshii, 0, 1, 0, 1, 0, 0
Celtus, 0, 2, 0, 2, 0, 0
Cordless Larry, 0, 17, 0, 17, 0, 0
Leibovits, 0, 1, 0, 1, 0, 0
Asdfasdf1231234, 0, 1, 0, 1, 0, 0
Hassocks5489, 0, 1, 0, 1, 0, 0
Ecoleetage, 0, 78, 0, 78, 0, 0
Travellingcari, 90, 0, 0, 0, 0, 90
Celarnor, 0, 7, 0, 7, 0, 0
LukeTheSpook, 0, 11, 0, 11, 0, 0
Dtrebbien, 0, 8, 0, 8, 0, 0
Smile a While, 0, 3, 0, 3, 0, 0
Appletrees, 0, 4, 0, 4, 0, 0
Bwrs, 0, 25, 0, 25, 0, 0
Christian Nurtsch, 0, 14, 0, 14, 0, 0
Nneonneo, 0, 1, 0, 1, 0, 0
J Readings, 0, 2, 0, 2, 0, 0
Crohnie, 0, 7, 0, 7, 0, 0
Trees Rock (page does not exist), 0, 2, 0, 2, 0, 0
Deor, 98, 14, 0, 14, 0, 98
CreazySuit, 0, 2, 0, 2, 0, 0
Gwen_Gale, 95, 0, 0, 0, 0, 95
Pinkville, 57, 3, 1, 2, 0, 57
Wyss, 0, 3, 2, 1, 0, 0
Alexius08, 0, 2, 0, 2, 0, 0
CrazyChemGuy, 0, 3, 0, 3, 0, 0
BobTheTomato (page does not exist), 0, 1, 0, 1, 0, 0
Wildthing61476, 0, 3, 0, 3, 0, 0
Philip Trueman, 0, 1, 0, 1, 0, 0
Dchall1, 0, 3, 0, 3, 0, 0
Coccyx Bloccyx, 0, 1, 0, 1, 0, 0
WikiZorro, 0, 3, 0, 3, 0, 0
WikiZorro/Autographs, 0, 3, 0, 3, 0, 0
Ave Caesar, 0, 2, 0, 2, 0, 0
Baseball Bugs, 0, 2, 0, 2, 0, 0
Seaserpent85, 0, 1, 0, 1, 0, 0
Beeblbrox, 0, 6, 0, 6, 0, 0
Kww, 0, 5, 0, 5, 0, 0
Al tally, 0, 12, 0, 12, 0, 0
Bluegoblin7, 0, 3, 0, 3, 0, 0
ClueBot Commons/Bots, 0, 4, 0, 4, 0, 0
Mailer Diablo, 0, 2, 1, 1, 0, 0
Milk's Favorite Public Account (page does not exist), 0, 1, 0, 1, 0, 0
Str4nd, 0, 1, 0, 1, 0, 0
Red Thunder, 0, 1, 0, 1, 0, 0
Xp54321, 0, 16, 0, 16, 0, 0
Broooooooce (page does not exist), 0, 2, 0, 2, 0, 0
Mizu onna sango15, 0, 47, 0, 47, 0, 0
Nomader, 0, 21, 3, 18, 0, 0
Prom3th3an, 0, 5, 0, 5, 0, 0
Mellie (page does not exist), 0, 1, 0, 1, 0, 0
Ironholds, 161, 82, 0, 82, 0, 161
Huntster, 96, 3, 0, 3, 0, 96
Teh Rote (page does not exist), 0, 1, 0, 1, 0, 0
Fraudy, 0, 7, 0, 7, 0, 0
Patar knight, 0, 62, 0, 62, 0, 0
Kevin, 58, 6, 0, 6, 0, 58
Mm40/home (page does not exist), 0, 6, 0, 6, 0, 0
Missing Ace, 0, 2, 0, 2, 0, 0
Danthecan, 0, 2, 0, 2, 0, 0
Prima Facist, 0, 1, 0, 1, 0, 0
Prima Facist/Aha!, 0, 1, 0, 1, 0, 0
FGWQPR/adoption, 0, 1, 0, 1, 0, 0
Jacob696 (page does not exist), 0, 1, 0, 1, 0, 0
Jacob696/Userboxes, 0, 1, 0, 1, 0, 0
Bjaco18, 0, 1, 0, 1, 0, 0
StaticGull, 0, 1, 0, 1, 0, 0
StewieGriffin!, 0, 3, 0, 3, 0, 0
Kanġi Oĥanko, 0, 1, 0, 1, 0, 0
Pegship, 89, 0, 0, 0, 0, 89
Shapiros10, 0, 39, 0, 39, 0, 0
Novickas, 0, 4, 0, 4, 0, 0
Bob Castle, 0, 2, 0, 2, 0, 0
Sandahl, 0, 7, 0, 7, 0, 0
Waacstats, 0, 1, 0, 1, 0, 0
English peasant, 0, 1, 0, 1, 0, 0
Narson, 0, 1, 0, 1, 0, 0
Jmanigold, 0, 1, 0, 1, 0, 0
Apis O-tang (page does not exist), 0, 3, 0, 3, 0, 0
Eahiv, 0, 1, 0, 1, 0, 0
JeanLatore, 0, 3, 0, 3, 0, 0
Karanacs, 122, 13, 0, 13, 0, 122
RyanLupin, 0, 6, 0, 6, 0, 0
George The Dragon, 0, 4, 0, 4, 0, 0
Redfarmer, 0, 1, 0, 1, 0, 0
Nsk92, 0, 58, 0, 58, 0, 0
Shalom Yechiel, 0, 3, 0, 3, 0, 0
Angelo De La Paz, 0, 1, 0, 1, 0, 0
AfD hero (page does not exist), 0, 4, 0, 4, 0, 0
Hellboy2hell, 0, 1, 0, 1, 0, 0
Arienh4, 0, 1, 0, 1, 0, 0
Happyme22, 87, 2, 0, 2, 0, 87
Drewcifer3000, 0, 2, 0, 2, 0, 0
Taubblindheit, 0, 2, 0, 2, 0, 0
Shereth, 0, 25, 0, 25, 0, 0
Ijanderson977, 0, 8, 0, 8, 0, 0
Xavexgoem, 63, 10, 0, 10, 0, 63
Tombomp, 0, 31, 0, 31, 0, 0
Keeper76/RfA, 0, 12, 0, 12, 0, 0
AubreyEllenShomo, 0, 22, 0, 22, 0, 0
Jaakobou, 0, 2, 0, 2, 0, 0
Steve Crossin/Contact (page does not exist), 0, 4, 0, 4, 0, 0
DKNY89 (page does not exist), 0, 7, 0, 7, 0, 0
BlueQ99, 0, 9, 0, 9, 0, 0
Hroðulf, 0, 1, 0, 1, 0, 0
Firefoxman/Admin coaching (page does not exist), 0, 1, 0, 1, 0, 0
Imagine Reason, 0, 1, 0, 1, 0, 0
Milk's Favørite Cookie (page does not exist), 0, 6, 0, 6, 0, 0
Caspian blue, 0, 5, 0, 5, 0, 0
Axxand, 0, 5, 0, 5, 0, 0
Nanami Kamimura, 0, 1, 0, 1, 0, 0
Efe, 82, 1, 0, 1, 0, 82
Felipe Aira, 0, 1, 0, 1, 0, 0
Eaglestorm (page does not exist), 0, 1, 0, 1, 0, 0
DaughterofSun, 0, 1, 0, 1, 0, 0
Starczamora, 0, 3, 0, 3, 0, 0
Beamathan, 0, 1, 0, 1, 0, 0
Finalnight, 0, 4, 0, 4, 0, 0
Wisdom89/RfA philosophy and criteria, 0, 7, 0, 7, 0, 0
Frieza and Vegeta Forever, 0, 1, 0, 1, 0, 0
CWii (page does not exist), 0, 3, 0, 3, 0, 0
Gears of War, 0, 2, 0, 2, 0, 0
Shinmawa, 0, 5, 4, 1, 0, 0
Reedy, 0, 4, 0, 4, 0, 0
ImmortalGoddezz, 0, 1, 0, 1, 0, 0
BQZip01 (page does not exist), 0, 6, 0, 6, 0, 0
Moni3, 143, 12, 0, 12, 0, 143
America69, 0, 148, 0, 148, 0, 0
Bjweeks_03:13.2C_June_24.2C_2008, 101, 0, 0, 0, 0, 101
Explodicle (page does not exist), 0, 8, 1, 7, 0, 0
StewieGriffin!/Guestbook, 0, 1, 0, 1, 0, 0
Collard, 0, 1, 0, 1, 0, 0
Narutolovehinata5, 0, 2, 0, 2, 0, 0
Wikimaster97, 0, 1, 0, 1, 0, 0
Blechnic (page does not exist), 0, 1, 0, 1, 0, 0
Mister1nothing, 0, 1, 0, 1, 0, 0
Los Angeles Angels of Anaheim Fan, 0, 10, 0, 10, 0, 0
Schunska Solid (page does not exist), 0, 1, 0, 1, 0, 0
Kelly, 0, 3, 0, 3, 0, 0
Lifebaka, 76, 2, 0, 2, 0, 76
Headbomb, 0, 7, 0, 7, 0, 0
SarekOfVulcan, 134, 35, 2, 33, 0, 134
Scog, 0, 4, 0, 4, 0, 0
Little Mountain 5, 0, 130, 0, 130, 0, 0
Bigvinu, 0, 2, 0, 2, 0, 0
Townlake, 0, 58, 0, 58, 0, 0
Cornucopia 2008, 0, 2, 0, 2, 0, 0
Ncmvocalist, 0, 28, 0, 28, 0, 0
Oren0, 0, 8, 0, 8, 0, 0
Livitup, 0, 10, 0, 10, 0, 0
thedemonhog, 104, 0, 0, 0, 0, 104
Everyme, 0, 4, 0, 4, 0, 0
Serviam (page does not exist), 0, 4, 0, 4, 0, 0
TaborL, 0, 11, 0, 11, 0, 0
WikiKingOfMishawaka (page does not exist), 0, 1, 0, 1, 0, 0
Flaming, 0, 8, 0, 8, 0, 0
S. Dean Jameson (page does not exist), 0, 21, 0, 21, 0, 0
Davidwr, 0, 12, 0, 12, 0, 0
Jan eissfeldt, 0, 8, 0, 8, 0, 0
Raddude50, 0, 1, 0, 1, 0, 0
Jackieboy87, 0, 2, 0, 2, 0, 0
Tanner-Christopher, 62, 0, 0, 0, 0, 62
EricV89, 0, 4, 0, 4, 0, 0
Jerem43, 0, 1, 0, 1, 0, 0
Skinny87, 0, 11, 0, 11, 0, 0
Kirill Lokshin/Professionalism, 0, 5, 0, 5, 0, 0
Climie.ca, 109, 6, 0, 6, 0, 109
Dhatfield, 0, 1, 0, 1, 0, 0
Jack-A-Roe, 0, 4, 0, 4, 0, 0
Ling.Nut/3IAR (page does not exist), 0, 13, 0, 13, 0, 0
Anacapa, 0, 1, 0, 1, 0, 0
Karenjc, 0, 4, 0, 4, 0, 0
JCDenton2052, 0, 1, 0, 1, 0, 0
Ice Cold Beer, 0, 8, 0, 8, 0, 0
Vhoscythe, 0, 1, 0, 1, 0, 0
Mathsci, 0, 6, 0, 6, 0, 0
StephenBuxton, 61, 6, 0, 6, 0, 61
StephenBuxton/Admin coaching, 0, 1, 0, 1, 0, 0
Meisterkoch, 0, 1, 0, 1, 0, 0
BigHairRef, 0, 1, 0, 1, 0, 0
StephenBuxton/If, 0, 1, 0, 1, 0, 0
NuclearWarfare, 141, 120, 0, 120, 0, 141
Da monster under your bed (page does not exist), 0, 8, 0, 8, 0, 0
Cosmic Latte, 0, 37, 0, 37, 0, 0
Balloonman/RfA Criteria, 0, 6, 0, 6, 0, 0
Metagraph, 0, 1, 0, 1, 0, 0
Allemandtando, 0, 3, 0, 3, 0, 0
Matthewedwards, 65, 3, 0, 3, 0, 65
Ktr101, 0, 227, 0, 227, 0, 0
Nurmsook, 0, 1, 0, 1, 0, 0
RyRy, 0, 9, 0, 9, 0, 0
Davemeistermoab, 0, 4, 0, 4, 0, 0
Wasted Time R, 0, 2, 0, 2, 0, 0
Floridianed, 0, 1, 0, 1, 0, 0
Ben_MacDui, 88, 0, 0, 0, 0, 88
My Account, 0, 6, 0, 6, 0, 0
Finavon, 0, 1, 0, 1, 0, 0
Michael A. White, 0, 1, 0, 1, 0, 0
Czar Brodie, 0, 1, 0, 1, 0, 0
Okiefromokla, 64, 8, 0, 8, 0, 64
SoWhy, 130, 151, 0, 151, 0, 130
S. Dean Jameson/RfA support criteria (page does not exist), 0, 12, 0, 12, 0, 0
Rootology, 0, 38, 0, 38, 0, 0
AlexiusHoratius, 79, 48, 0, 48, 0, 79
Landon1980, 0, 4, 0, 4, 0, 0
Terraxos (page does not exist), 0, 13, 0, 13, 0, 0
Toon05, 58, 12, 0, 12, 0, 58
IceUnshattered, 0, 12, 0, 12, 0, 0
Synergy, 0, 38, 0, 38, 0, 0
CPacker, 0, 1, 0, 1, 0, 0
Steven_Fruitsmaak, 76, 0, 0, 0, 0, 76
Aunt Entropy, 0, 7, 0, 7, 0, 0
Leonard^Bloom, 0, 6, 0, 6, 0, 0
JC Petit, 0, 1, 0, 1, 0, 0
Protonk, 121, 59, 0, 59, 0, 121
Carbonrodney, 0, 7, 0, 7, 0, 0
Mww113, 0, 4, 0, 4, 0, 0
Erik the Red 2, 0, 34, 0, 34, 0, 0
Malleus Fatuorum, 0, 52, 0, 52, 0, 0
Jclemens, 1, 39, 0, 39, 0, 1
Vickser, 0, 2, 0, 2, 0, 0
Tnxman307, 82, 31, 0, 31, 0, 82
Winger84, 0, 8, 0, 8, 0, 0
Good_Olfactory, 81, 0, 0, 0, 0, 81
Cgingold, 0, 1, 0, 1, 0, 0
Johnparkw, 0, 1, 0, 1, 0, 0
ChaoticReality, 0, 1, 0, 1, 0, 0
PatrickFlaherty, 0, 10, 0, 10, 0, 0
Ron Ritzman, 0, 11, 0, 11, 0, 0
L.27Aquatique, 96, 0, 0, 0, 0, 96
L'Aquatique/RFA FAQ, 0, 1, 0, 1, 0, 0
SashaNein (page does not exist), 0, 3, 0, 3, 0, 0
American Eagle, 0, 23, 0, 23, 0, 0
Rivertorch, 0, 22, 0, 22, 0, 0
Jordan Timothy James Busson, 0, 5, 0, 5, 0, 0
Gazimoff/Mentoring, 0, 2, 0, 2, 0, 0
Hopiakuta, 0, 1, 0, 1, 0, 0
Tiny plastic Grey Knight, 0, 1, 0, 1, 0, 0
Patman21, 0, 1, 0, 1, 0, 0
Badgernet, 0, 2, 0, 2, 0, 0
Scaria (page does not exist), 0, 1, 0, 1, 0, 0
Frederick day, 0, 1, 0, 1, 0, 0
Reyk, 0, 96, 9, 87, 0, 0
S@bre, 0, 2, 0, 2, 0, 0
Admiral Norton, 0, 5, 0, 5, 0, 0
Meisfunny, 0, 1, 0, 1, 0, 0
Nacimota, 0, 1, 0, 1, 0, 0
Nacimota/Wikicite+, 0, 1, 0, 1, 0, 0
Seddon, 82, 8, 0, 8, 0, 82
Madcoverboy, 0, 1, 0, 1, 0, 0
CountyLemonade, 0, 7, 0, 7, 0, 0
Alokprasad84, 0, 1, 0, 1, 0, 0
Npnunda (page does not exist), 0, 1, 0, 1, 0, 0
Yehudi, 0, 1, 0, 1, 0, 0
Pedro/WilliamH (page does not exist), 0, 1, 0, 1, 0, 0
AlexNebraska, 0, 1, 0, 1, 0, 0
Itfc+canes=me, 0, 3, 0, 3, 0, 0
Lympathy, 0, 1, 0, 1, 0, 0
TenPoundHammer/Country (page does not exist), 0, 6, 0, 6, 0, 0
Spider1224, 0, 4, 0, 4, 0, 0
Lajolla2009, 0, 2, 0, 2, 0, 0
WilliamH/My Translations (page does not exist), 0, 1, 0, 1, 0, 0
Freakatone, 0, 4, 0, 4, 0, 0
Nev2, 0, 1, 0, 1, 0, 0
Craigy144, 15, 4, 2, 2, 15, 0
Chet B Long/RFA-standards (page does not exist), 0, 1, 0, 1, 0, 0
Chet B Long (page does not exist), 0, 2, 0, 2, 0, 0
LAAFan, 0, 22, 0, 22, 0, 0
Little Mountain 5/Guestbook (page does not exist), 0, 1, 0, 1, 0, 0
Chicken Wing, 0, 3, 0, 3, 0, 0
JimMillerJr, 0, 11, 0, 11, 0, 0
CrispMuncher, 0, 4, 0, 4, 0, 0
SheffieldSteel/BITEM, 0, 1, 0, 1, 0, 0
Badger Drink, 0, 6, 0, 6, 0, 0
Jac16888, 66, 12, 0, 12, 0, 66
Short Brigade Harvester Boris, 0, 15, 0, 15, 0, 0
Toon05/Admin criteria (page does not exist), 0, 1, 0, 1, 0, 0
Macy, 0, 4, 0, 4, 0, 0
Meldshal42/todo (page does not exist), 0, 3, 0, 3, 0, 0
VegitaU (page does not exist), 0, 1, 0, 1, 0, 0
Tharnton345, 0, 1, 0, 1, 0, 0
SheffieldSteel/Pigs, 0, 1, 0, 1, 0, 0
Steven Walling, 0, 79, 0, 79, 0, 0
Maxschmelling, 0, 1, 0, 1, 0, 0
JoJo, 0, 31, 0, 31, 0, 0
Allthedamnnamesaretaken, 0, 1, 0, 1, 0, 0
How do you turn this on, 0, 16, 0, 16, 0, 0
Jeremycec, 0, 1, 0, 1, 0, 0
Exploding Boy, 0, 16, 4, 12, 0, 0
Chaser away, 0, 2, 0, 2, 0, 0
Aramgar, 0, 2, 0, 2, 0, 0
Ice_Cold_Beer, 105, 0, 0, 0, 0, 105
Bourbon chaser (page does not exist), 0, 1, 0, 1, 0, 0
Samuel Tan, 0, 1, 0, 1, 0, 0
Jerry teps, 0, 2, 0, 2, 0, 0
NorseOdin, 0, 3, 2, 1, 0, 0
LordSunday, 0, 10, 0, 10, 0, 0
Jaysweet, 0, 1, 0, 1, 0, 0
Jennavecia, 0, 25, 0, 25, 0, 0
Kaiwhakahaere, 0, 3, 0, 3, 0, 0
Whiskeydog (page does not exist), 0, 1, 0, 1, 0, 0
"Moni3/Cogs, Trees, and the Forest (page does not exist, 0, 1, 0, 1, 0, 0)"
N p holmes, 0, 1, 0, 1, 0, 0
Ioannes Pragensis, 0, 2, 1, 1, 0, 0
Universal Cereal Bus, 0, 11, 0, 11, 0, 0
Wheelchair Epidemic, 0, 1, 0, 1, 0, 0
Jonathan Cardy, 0, 1, 0, 1, 0, 0
Tutthoth-Ankhre, 0, 4, 0, 4, 0, 0
X!, 0, 62, 0, 62, 0, 0
Master of Pies, 0, 1, 0, 1, 0, 0
Daniel J. Leivick, 0, 2, 0, 2, 0, 0
Randomran, 0, 2, 0, 2, 0, 0
Everyme/user (page does not exist), 0, 4, 0, 4, 0, 0
Smashville, 67, 8, 0, 8, 0, 67
WereSpielChequers, 104, 197, 0, 197, 0, 104
Coffee, 0, 45, 0, 45, 0, 0
DiverseMentality, 0, 43, 0, 43, 0, 0
Thrillainmanila, 0, 1, 0, 1, 0, 0
JC37 (page does not exist), 0, 1, 0, 1, 0, 0
AmeIiorate, 0, 1, 0, 1, 0, 0
JeremyMcCracken, 0, 1, 0, 1, 0, 0
, 158, 130, 1, 129, 64, 94
Node ue, 0, 9, 5, 4, 0, 0
Norm, 0, 2, 1, 1, 0, 0
TheCustomOfLife, 0, 48, 42, 6, 0, 0
Lst27 (page does not exist), 0, 164, 161, 3, 0, 0
Zchangu, 0, 1, 1, 0, 0, 0
Orthogonal, 0, 16, 14, 2, 0, 0
Grunt, 1, 75, 73, 2, 0, 1
Guanaco, 100, 23, 18, 5, 79, 21
Beau99, 0, 1, 1, 0, 0, 0
Ffirehorse, 23, 33, 33, 0, 17, 6
Texture, 1, 31, 29, 2, 0, 1
FriedMilk, 0, 2, 2, 0, 0, 0
Blankfaze, 0, 87, 60, 27, 0, 0
Squash (page does not exist), 0, 33, 32, 1, 0, 0
User:Jrdioko, 14, 0, 0, 0, 12, 2
Meelar, 1, 45, 43, 2, 0, 1
Anthony DiPierro (page does not exist), 0, 13, 10, 3, 0, 0
Anthony DiPierro/warning (page does not exist), 0, 13, 10, 3, 0, 0
Snowspinner (page does not exist), 0, 30, 20, 10, 0, 0
Hcheney/Support, 0, 25, 25, 0, 0, 0
Hcheney, 1, 35, 35, 0, 0, 1
Bcorr, 1, 17, 17, 0, 0, 1
TUF-KAT, 0, 63, 62, 1, 0, 0
Maximus Rex, 0, 7, 6, 1, 0, 0
User:Niteowlneils, 1, 0, 0, 0, 0, 1
User:Mirv, 28, 0, 0, 0, 26, 2
Viajero, 0, 14, 12, 2, 0, 0
Plato, 0, 14, 12, 2, 0, 0
Theresa knott, 0, 20, 19, 1, 0, 0
John Kenney, 0, 17, 16, 1, 0, 0
Angela, 0, 19, 19, 0, 0, 0
Chancemill, 18, 2, 2, 0, 16, 2
GrazingshipIV (page does not exist), 0, 11, 11, 0, 0, 0
MykReeve, 1, 9, 9, 0, 0, 1
Hephaestos, 0, 12, 11, 1, 0, 0
Wile E. Heresiarch, 0, 51, 49, 2, 0, 0
VeryVerily, 0, 12, 10, 2, 0, 0
Sam Spade, 0, 30, 16, 14, 0, 0
User:Tom-, 13, 0, 0, 0, 10, 3
Fredrik, 1, 9, 9, 0, 0, 1
Isomorphic, 1, 36, 36, 0, 0, 1
Fennec, 1, 13, 11, 2, 0, 1
UninvitedCompany/becoming, 0, 2, 1, 1, 0, 0
User:Bkonrad, 23, 0, 0, 0, 22, 1
Decumanus, 1, 15, 15, 0, 0, 1
Cecropia, 0, 42, 29, 13, 0, 0
Finlay McWalter, 0, 14, 13, 1, 0, 0
Jengod, 1, 27, 26, 1, 0, 1
Acegikmo1, 0, 39, 38, 1, 0, 0
Moncrief, 1, 5, 4, 1, 0, 1
ALargeElk, 0, 9, 9, 0, 0, 0
Rhymeless (page does not exist), 0, 79, 77, 2, 0, 0
User:Jerzy, 22, 0, 0, 0, 21, 1
Dysprosia, 0, 9, 9, 0, 0, 0
Fuelbottle, 0, 2, 2, 0, 0, 0
Mirv, 0, 77, 74, 3, 0, 0
DrBob, 46, 5, 5, 0, 43, 3
Ævar Arnfjörð Bjarmason, 0, 7, 7, 0, 0, 0
Calmypal, 0, 2, 2, 0, 0, 0
User:Lowellian, 14, 0, 0, 0, 13, 1
Jwrosenzweig, 0, 60, 60, 0, 0, 0
Menchi, 0, 4, 3, 1, 0, 0
Dpbsmith, 1, 13, 12, 1, 0, 1
Beelzebubs (page does not exist), 0, 4, 4, 0, 0, 0
Muriel Gottrop (page does not exist), 0, 2, 1, 1, 0, 0
User:.C3.86var_Arnfj.C3.B6r.C3.B0_Bjarmason, 4, 0, 0, 0, 3, 1
Wile_E._Heresiarch, 32, 0, 0, 0, 28, 4
Ihcoyc, 0, 3, 3, 0, 0, 0
Cribcage, 0, 44, 40, 4, 0, 0
RickK, 0, 30, 24, 6, 0, 0
Gentgeen, 1, 6, 4, 2, 0, 1
Wik, 0, 5, 1, 4, 0, 0
UtherSRG, 0, 12, 12, 0, 0, 0
Jimregan, 0, 1, 1, 0, 0, 0
Andrew_Yong, 21, 0, 0, 0, 10, 11
Kaihsu, 1, 2, 0, 2, 0, 1
Niteowlneils, 0, 8, 5, 3, 0, 0
Jmabel, 1, 10, 10, 0, 0, 1
User:Everyking, 22, 0, 0, 0, 21, 1
Cyrius, 1, 5, 5, 0, 0, 1
User:Jfdwolff, 5, 0, 0, 0, 1, 4
Jdforrester, 0, 30, 26, 4, 0, 0
User:AlainV, 1, 0, 0, 0, 0, 1
User:David.Monniaux, 1, 0, 0, 0, 0, 1
User:Chris_73, 15, 0, 0, 0, 15, 0
Dori, 0, 12, 11, 1, 0, 0
Pir, 0, 3, 2, 1, 0, 0
Avala, 0, 5, 4, 1, 0, 0
Mark_Richards, 1, 0, 0, 0, 0, 1
Rbrwr, 15, 2, 2, 0, 14, 1
Get-back-world-respect (page does not exist), 0, 1, 1, 0, 0, 0
KRS (page does not exist), 0, 2, 2, 0, 0, 0
Rrjanbiah, 0, 2, 2, 0, 0, 0
Dcoetzee, 17, 1, 0, 1, 12, 5
Seth Ilys, 0, 11, 9, 2, 0, 0
User:SD6-Agent, 20, 0, 0, 0, 20, 0
RadicalBender, 1, 6, 5, 1, 0, 1
Adam Bishop, 0, 11, 11, 0, 0, 0
Bearcat, 1, 3, 3, 0, 0, 1
Rdash, 0, 1, 1, 0, 0, 0
User:Catbar, 1, 0, 0, 0, 0, 1
XJamRastafire, 1, 0, 0, 0, 0, 1
Michael_Snow, 1, 0, 0, 0, 0, 1
Earl_Andrew, 11, 0, 0, 0, 9, 2
Rbil88, 0, 1, 0, 1, 0, 0
Zero0000, 1, 4, 4, 0, 0, 1
Nohat, 35, 0, 0, 0, 34, 1
Ed Poor, 0, 9, 8, 1, 0, 0
Tannin, 0, 2, 2, 0, 0, 0
Cimon avaro, 0, 5, 5, 0, 0, 0
Anthere, 0, 2, 1, 1, 0, 0
Gaz (page does not exist), 0, 1, 1, 0, 0, 0
Flockmeal, 0, 1, 1, 0, 0, 0
Ludraman, 32, 18, 17, 1, 28, 4
Elf, 0, 4, 3, 1, 0, 0
Liftarn, 0, 1, 0, 1, 0, 0
Roozbeh, 15, 0, 0, 0, 14, 1
BL (page does not exist), 0, 1, 1, 0, 0, 0
Ryan524 (page does not exist), 0, 1, 1, 0, 0, 0
Morwen, 0, 6, 5, 1, 0, 0
Ww, 1, 1, 1, 0, 0, 1
Stevenj, 1, 0, 0, 0, 0, 1
UtherSRG_.2836.2F0.2F0.29.3B_ends_20:00.2C_13_April_2004_.28UTC.29, 1, 0, 0, 0, 0, 1
Cecropia_.2836.2F10.2F0.29.3B_original_end_03:55.2C_3_Apr_2004.3B_vote_extended_to_03:55.2C_10_Apr_2004, 1, 0, 0, 0, 0, 1
User:Exploding_Boy_.2822.2F3.2F1.29_ends_04:37.2C_11_Apr_2004_.28UTC.29, 29, 0, 0, 0, 22, 7
Calmypal/Chess, 0, 1, 1, 0, 0, 0
Hadal, 1, 21, 21, 0, 0, 1
Nanshu, 0, 1, 1, 0, 0, 0
Ambivalenthysteria (page does not exist), 0, 5, 5, 0, 0, 0
OldakQuill, 0, 2, 2, 0, 0, 0
Radical WiKi (page does not exist), 0, 1, 0, 1, 0, 0
Pollinator, 1, 2, 1, 1, 0, 1
Mkweise, 1, 2, 1, 1, 0, 1
User:Sj, 30, 0, 0, 0, 27, 3
Alex S, 0, 1, 1, 0, 0, 0
Quinwound, 0, 1, 1, 0, 0, 0
Pfortuny, 0, 2, 2, 0, 0, 0
Jor (page does not exist), 0, 2, 2, 0, 0, 0
Ertz, 0, 1, 1, 0, 0, 0
Zvi (page does not exist), 0, 1, 1, 0, 0, 0
Stewartadcock, 1, 38, 38, 0, 0, 1
Sj/villianous, 0, 1, 0, 1, 0, 0
Sverdrup, 29, 6, 6, 0, 27, 2
Ruhrjung, 0, 2, 2, 0, 0, 0
Ryan Cable, 0, 1, 1, 0, 0, 0
Pakaran, 1, 10, 7, 3, 0, 1
Andrewa, 1, 1, 0, 1, 0, 1
DJ_Clayworth, 1, 0, 0, 0, 0, 1
Hajor, 1, 2, 2, 0, 0, 1
Chris_Roy, 1, 0, 0, 0, 0, 1
Mic, 1, 0, 0, 0, 0, 1
Dale_Arnett, 1, 0, 0, 0, 0, 1
moink, 98, 0, 0, 0, 97, 1
User:Seth_Ilys, 1, 0, 0, 0, 0, 1
User:Gaz, 1, 0, 0, 0, 0, 1
User:Flockmeal, 1, 0, 0, 0, 0, 1
User:Fabiform, 1, 0, 0, 0, 0, 1
User:Visorstuff, 1, 0, 0, 0, 0, 1
Lexor, 1, 0, 0, 0, 0, 1
Jay, 1, 0, 0, 0, 0, 1
User:Wesley, 1, 0, 0, 0, 0, 1
pfortuny, 1, 0, 0, 0, 0, 1
Yacht, 1, 0, 0, 0, 0, 1
Mkmcconn, 1, 1, 1, 0, 0, 1
David_Newton, 1, 0, 0, 0, 0, 1
Arvindn, 1, 0, 0, 0, 0, 1
Tillwe, 1, 0, 0, 0, 0, 1
Redwolf, 1, 0, 0, 0, 0, 1
ChrisO, 1, 0, 0, 0, 0, 1
Charles_Matthews, 1, 0, 0, 0, 0, 1
KRS, 1, 0, 0, 0, 0, 1
ike9898, 1, 0, 0, 0, 0, 1
User:Hemanshu, 1, 0, 0, 0, 0, 1
Noldoaran, 1, 0, 0, 0, 0, 1
RobLa, 1, 0, 0, 0, 0, 1
Banime, 0, 26, 0, 26, 0, 0
Bigjake, 0, 3, 0, 3, 0, 0
Nergaal, 0, 5, 0, 5, 0, 0
Zagalejo, 114, 7, 0, 7, 0, 114
Ilikepie2221, 0, 1, 0, 1, 0, 0
Miquonranger03, 0, 3, 0, 3, 0, 0
Grrrlriot/Guestbook, 0, 1, 0, 1, 0, 0
Grrrlriot/In many languages, 0, 1, 0, 1, 0, 0
Beeblebrox, 67, 54, 0, 54, 0, 67
Fatal!ty, 0, 1, 0, 1, 0, 0
Manxruler, 0, 4, 0, 4, 0, 0
Aua, 0, 3, 0, 3, 0, 0
It Is Me Here (page does not exist), 0, 22, 0, 22, 0, 0
Caulde (page does not exist), 0, 5, 0, 5, 0, 0
OsamaK, 0, 2, 0, 2, 0, 0
Ragesock, 0, 1, 0, 1, 0, 0
Durova/The dark side, 0, 1, 0, 1, 0, 0
John Nevard, 0, 4, 0, 4, 0, 0
YowuzaZXWolfie, 0, 2, 0, 2, 0, 0
Jayen466, 0, 12, 0, 12, 0, 0
Morbidthoughts, 0, 11, 0, 11, 0, 0
Iceflow, 0, 1, 0, 1, 0, 0
Sticky Parkin, 0, 3, 0, 3, 0, 0
Xenus, 0, 2, 0, 2, 0, 0
Bellatrix Kerrigan, 0, 7, 0, 7, 0, 0
Z00r, 0, 1, 0, 1, 0, 0
Fish and karate, 0, 22, 0, 22, 0, 0
Theoneintraining, 0, 14, 0, 14, 0, 0
Animum/My RfA criteria (page does not exist), 0, 1, 0, 1, 0, 0
VasileGaburici (page does not exist), 0, 17, 0, 17, 0, 0
Dougweller, 105, 10, 0, 10, 0, 105
ClovisPt, 0, 1, 0, 1, 0, 0
SesquipedalianVerbiage, 0, 1, 0, 1, 0, 0
DollyD, 0, 3, 0, 3, 0, 0
Leoboudv, 0, 1, 0, 1, 0, 0
Redvers/Say no to Commons, 0, 5, 0, 5, 0, 0
RockManQ, 0, 20, 0, 20, 0, 0
LuciferTiger, 0, 3, 0, 3, 0, 0
Cbl62, 74, 4, 0, 4, 0, 74
Doncram, 0, 6, 0, 6, 0, 0
Superflewis, 0, 1, 0, 1, 0, 0
EZ1234, 0, 1, 0, 1, 0, 0
La Pianista, 0, 4, 0, 4, 0, 0
La Pianista/guestbook, 0, 1, 0, 1, 0, 0
XF Law (page does not exist), 0, 3, 0, 3, 0, 0
No Hollaback Girl, 0, 1, 0, 1, 0, 0
Utan Vax, 0, 1, 0, 1, 0, 0
Jh12, 0, 1, 0, 1, 0, 0
Matty, 0, 8, 0, 8, 0, 0
Steven J. Anderson, 0, 1, 0, 1, 0, 0
Andrew Kelly, 0, 1, 0, 1, 0, 0
AdjustShift, 65, 90, 0, 90, 0, 65
Carba, 0, 1, 0, 1, 0, 0
Fordmadoxfraud, 0, 4, 0, 4, 0, 0
II MusLiM HyBRiD II, 0, 21, 0, 21, 0, 0
Tbsdy lives, 0, 4, 0, 4, 0, 0
Dayewalker, 0, 7, 0, 7, 0, 0
Flewis, 0, 23, 0, 23, 0, 0
Tenmei, 0, 6, 0, 6, 0, 0
Tadakuni, 52, 0, 0, 0, 0, 52
Bendono, 0, 1, 0, 1, 0, 0
Fg2, 0, 1, 0, 1, 0, 0
TakuyaMurata, 0, 1, 0, 1, 0, 0
Gladys j cortez, 0, 4, 0, 4, 0, 0
YellowMonkey, 0, 34, 0, 34, 0, 0
Buckshot06, 74, 3, 0, 3, 0, 74
Kinderboy, 0, 1, 0, 1, 0, 0
FlyingToaster, 130, 67, 0, 67, 0, 130
Philip Baird Shearer, 0, 1, 0, 1, 0, 0
Logical Premise, 0, 7, 0, 7, 0, 0
W. B. Wilson, 0, 1, 0, 1, 0, 0
G.A.S, 54, 1, 0, 1, 0, 54
Useight's Public Sock, 0, 9, 0, 9, 0, 0
AnmaFinotera, 0, 1, 0, 1, 0, 0
Didie, 0, 1, 0, 1, 0, 0
Tintor2, 0, 1, 0, 1, 0, 0
Erachima, 0, 1, 0, 1, 0, 0
LAAFan/Guestbook, 0, 13, 0, 13, 0, 0
ErikTheBikeMan, 0, 18, 0, 18, 0, 0
Gladys_j_cortez, 85, 0, 0, 0, 0, 85
The ed17/Newcomers (page does not exist), 0, 3, 0, 3, 0, 0
Sarah/RfA, 0, 1, 0, 1, 0, 0
Haza-w/ABF, 0, 1, 0, 1, 0, 0
RyanCross, 0, 34, 0, 34, 0, 0
Jock Boy, 0, 3, 0, 3, 0, 0
Dschwen, 0, 2, 0, 2, 0, 0
Garden, 0, 19, 0, 19, 0, 0
Bsimmons666, 0, 15, 0, 15, 0, 0
PrinceOfCanada, 0, 3, 0, 3, 0, 0
Ameliorate!, 0, 14, 0, 14, 0, 0
Ceranthor, 134, 163, 0, 163, 0, 134
Hawkey131, 0, 1, 0, 1, 0, 0
Freqsh0, 0, 1, 0, 1, 0, 0
Apteva, 0, 4, 0, 4, 0, 0
AtheWeatherman, 0, 51, 0, 51, 0, 0
Possum, 0, 3, 0, 3, 0, 0
Foxy Loxy/RfA criteria, 0, 44, 0, 44, 0, 0
Foxy Loxy, 0, 48, 0, 48, 0, 0
GSK, 0, 2, 0, 2, 0, 0
Ameliorate.21, 89, 0, 0, 0, 0, 89
Ceranthor/bragsheet, 0, 4, 0, 4, 0, 0
Troy 07, 0, 3, 0, 3, 0, 0
Neurolysis, 0, 74, 0, 74, 0, 0
Blooded Edge, 0, 4, 0, 4, 0, 0
Blooded Edge/guestbook, 0, 3, 0, 3, 0, 0
NVO, 0, 18, 0, 18, 0, 0
This flag once was red, 0, 4, 0, 4, 0, 0
Ameliorate, 0, 1, 0, 1, 0, 0
Kensplanet, 0, 3, 0, 3, 0, 0
CMJMEM, 0, 3, 0, 3, 0, 0
Peter/s, 0, 6, 0, 6, 0, 0
Mjchesnel, 0, 2, 0, 2, 0, 0
Ale_jrb, 62, 0, 0, 0, 0, 62
Kennytran4 (page does not exist), 0, 1, 0, 1, 0, 0
Res2216firestar, 0, 42, 0, 42, 0, 0
Soundvisions1, 0, 1, 0, 1, 0, 0
Orion11M87, 0, 1, 0, 1, 0, 0
Knepflerle, 0, 2, 0, 2, 0, 0
Neutralhomer, 0, 26, 0, 26, 0, 0
Fr33kman, 0, 14, 0, 14, 0, 0
Andrzej18, 0, 1, 0, 1, 0, 0
Pfainuk (page does not exist), 0, 1, 0, 1, 0, 0
Javascap, 0, 1, 0, 1, 0, 0
Charles Edward, 0, 3, 0, 3, 0, 0
MrMarkTaylor, 0, 1, 0, 1, 0, 0
Pwnage8, 0, 1, 0, 1, 0, 0
Chamal N, 0, 39, 0, 39, 0, 0
EEMIV, 0, 3, 0, 3, 0, 0
B988a4299d07c0f61fbc8378965438f0, 0, 1, 0, 1, 0, 0
Doctorfluffy, 0, 3, 0, 3, 0, 0
A Nobody, 0, 97, 0, 97, 0, 0
Wronkiew, 0, 9, 0, 9, 0, 0
Cameron Scott, 0, 3, 0, 3, 0, 0
Firefly322, 0, 1, 0, 1, 0, 0
RayAYang, 0, 80, 0, 80, 0, 0
JasonDUIUC, 0, 2, 0, 2, 0, 0
Lawrencekhoo, 0, 21, 0, 21, 0, 0
Izno, 0, 9, 0, 9, 0, 0
Jamesontai/Autograph Book, 0, 7, 0, 7, 0, 0
Daedalus969, 0, 6, 0, 6, 0, 0
Daedalus969/RR, 0, 1, 0, 1, 0, 0
Piz d'Es-Cha, 0, 1, 0, 1, 0, 0
Nudve, 0, 1, 0, 1, 0, 0
BlueSalo, 0, 1, 0, 1, 0, 0
Eternalsleeper, 0, 1, 0, 1, 0, 0
Kyaa the Catlord, 0, 1, 0, 1, 0, 0
Crystal whacker, 0, 9, 0, 9, 0, 0
Ynhockey/Wikimedia gripes (page does not exist), 0, 1, 0, 1, 0, 0
Blooded Edge/wikiwards, 0, 1, 0, 1, 0, 0
Shirulashem, 0, 8, 0, 8, 0, 0
EnDaLeCoMpLeX, 0, 1, 0, 1, 0, 0
NoCal100, 0, 1, 0, 1, 0, 0
Holt, 0, 1, 0, 1, 0, 0
Jouke Bersma (page does not exist), 0, 3, 0, 3, 0, 0
CactusWriter, 92, 38, 0, 38, 0, 92
Firebat08, 0, 3, 0, 3, 0, 0
AmusedRepose, 0, 2, 0, 2, 0, 0
Scott MacDonald, 0, 6, 0, 6, 0, 0
Etineskid, 0, 1, 0, 1, 0, 0
Upperclass Wikipedian, 0, 1, 0, 1, 0, 0
Shyam_Bihari, 68, 0, 0, 0, 63, 5
Blnguyen/RfA/Shyam Bihari (page does not exist), 0, 1, 1, 0, 0, 0
Velcorx (page does not exist), 0, 1, 0, 1, 0, 0
Sultec, 0, 1, 0, 1, 0, 0
Roux, 0, 26, 0, 26, 0, 0
Aervanath, 0, 5, 0, 5, 0, 0
Addshore/awards (page does not exist), 0, 1, 0, 1, 0, 0
Voyaging, 0, 2, 0, 2, 0, 0
Tohd8BohaithuGh1, 0, 2, 0, 2, 0, 0
Ryan Delaney (page does not exist), 0, 17, 14, 3, 0, 0
DavidWS, 0, 3, 0, 3, 0, 0
Jock Boy/Guest Book, 0, 1, 0, 1, 0, 0
Mario1987, 0, 2, 0, 2, 0, 0
OllieFury, 0, 5, 0, 5, 0, 0
Nimbusania, 0, 2, 0, 2, 0, 0
Leujohn, 0, 12, 0, 12, 0, 0
Juthani1 (page does not exist), 0, 1, 0, 1, 0, 0
Juthani1/Guestbook (page does not exist), 0, 1, 0, 1, 0, 0
CalendarWatcher, 0, 1, 0, 1, 0, 0
QuiteUnusual, 0, 13, 0, 13, 0, 0
Somno, 94, 2, 0, 2, 0, 94
Colonel Warden, 0, 30, 0, 30, 0, 0
Elite Rhodes (page does not exist), 0, 1, 0, 1, 0, 0
Littlealien182, 0, 4, 0, 4, 0, 0
Woodwalker (page does not exist), 0, 1, 0, 1, 0, 0
Mononomic, 0, 1, 0, 1, 0, 0
P.Marlow, 0, 1, 0, 1, 0, 0
ImperatorExercitus, 0, 20, 0, 20, 0, 0
Eric-Wester, 0, 5, 0, 5, 0, 0
Phase1, 0, 1, 0, 1, 0, 0
Adam_Cuerden, 76, 0, 0, 0, 59, 17
Adam Cuerden, 0, 1, 0, 1, 0, 0
KnownTypes, 0, 1, 1, 0, 0, 0
Grubber, 0, 1, 0, 1, 0, 0
Blakegripling ph, 0, 3, 0, 3, 0, 0
Avono, 0, 2, 0, 2, 0, 0
Fixman, 0, 1, 0, 1, 0, 0
Law, 105, 22, 0, 22, 0, 105
Sky Harbor, 0, 4, 0, 4, 0, 0
AnakngAraw, 0, 1, 0, 1, 0, 0
Joseph Solis in Australia, 0, 7, 6, 1, 0, 0
Dark and stormy knight, 0, 1, 0, 1, 0, 0
Theleftorium, 121, 33, 0, 33, 0, 121
ApprenticeFan, 0, 2, 0, 2, 0, 0
Mojska, 0, 3, 0, 3, 0, 0
GraemeL, 81, 27, 26, 1, 80, 1
Florentino floro, 0, 1, 0, 1, 0, 0
Mizu_onna_sango15, 86, 0, 0, 0, 0, 86
Master&Expert, 0, 148, 0, 148, 0, 0
DaffyDuckDied, 0, 1, 0, 1, 0, 0
Reliableforever, 0, 3, 0, 3, 0, 0
Steelerfan-94, 0, 3, 0, 3, 0, 0
TheNotSoHelpfulOne (page does not exist), 0, 1, 0, 1, 0, 0
Thehelpfulone/Awards, 0, 1, 0, 1, 0, 0
V D on a public PC, 0, 2, 0, 2, 0, 0
Rhodes416, 0, 1, 0, 1, 0, 0
Parthian Scribe, 0, 1, 0, 1, 0, 0
John Sloan, 0, 6, 0, 6, 0, 0
Matt.T, 0, 9, 0, 9, 0, 0
Thehelpfulone/Guestbook, 0, 1, 0, 1, 0, 0
GrahamColm, 135, 18, 0, 18, 0, 135
Jclemens/GA, 0, 1, 0, 1, 0, 0
Ruslik0, 64, 14, 0, 14, 0, 64
MathCool10, 0, 4, 0, 4, 0, 0
Numyht, 0, 1, 0, 1, 0, 0
NuclearWarfare/Admin Standards (page does not exist), 0, 3, 0, 3, 0, 0
Pohta ce-am pohtit, 0, 20, 0, 20, 0, 0
JoshuaKuo, 0, 1, 0, 1, 0, 0
MuZemike, 122, 2, 0, 2, 0, 122
Dravecky, 64, 9, 0, 9, 0, 64
Stanistani, 0, 33, 0, 33, 0, 0
Joshua Issac, 0, 2, 0, 2, 0, 0
Suntag, 0, 7, 0, 7, 0, 0
Silly rabbit, 0, 1, 0, 1, 0, 0
Jiuguang Wang, 0, 1, 0, 1, 0, 0
The ed17/N (page does not exist), 0, 7, 0, 7, 0, 0
Belinrahs, 0, 7, 0, 7, 0, 0
It_Is_Me_Here, 88, 0, 0, 0, 0, 88
Blanchardb, 0, 10, 0, 10, 0, 0
Wikidude57/Sandbox, 0, 1, 0, 1, 0, 0
Wikidude57/Barnstars, 0, 1, 0, 1, 0, 0
NW's Public Sock, 0, 1, 0, 1, 0, 0
Darth Panda, 0, 10, 0, 10, 0, 0
MHLU (page does not exist), 0, 2, 0, 2, 0, 0
Iamawesome800, 0, 16, 0, 16, 0, 0
Arbitrarily0, 67, 5, 0, 5, 0, 67
Vltava 68, 0, 1, 0, 1, 0, 0
Britishmid (page does not exist), 0, 1, 0, 1, 0, 0
Spudicus, 0, 1, 0, 1, 0, 0
Cornucopia, 0, 4, 0, 4, 0, 0
Matthew R Dunn, 0, 1, 0, 1, 0, 0
Pd THOR, 0, 1, 0, 1, 0, 0
Kilbad, 0, 7, 0, 7, 0, 0
Tiamut, 0, 1, 0, 1, 0, 0
Pixelface, 0, 2, 0, 2, 0, 0
K50 Dude, 0, 11, 0, 11, 0, 0
Thumperward, 0, 22, 0, 22, 0, 0
Bignole, 0, 1, 0, 1, 0, 0
Erik, 0, 6, 0, 6, 0, 0
Blackadam2 (page does not exist), 0, 1, 0, 1, 0, 0
Gavin.collins, 0, 2, 0, 2, 0, 0
Wehwalt, 103, 84, 0, 84, 0, 103
Either way (page does not exist), 0, 2, 0, 2, 0, 0
Irmela, 0, 1, 0, 1, 0, 0
Irmela/Cyclone Season (page does not exist), 0, 1, 0, 1, 0, 0
Canadian Monkey, 0, 1, 0, 1, 0, 0
Nja247, 65, 6, 0, 6, 0, 65
Thegroove, 0, 3, 0, 3, 0, 0
Fahadsadah, 0, 4, 0, 4, 0, 0
Fahadsadah/Status (page does not exist), 0, 1, 0, 1, 0, 0
Manticore, 0, 1, 0, 1, 0, 0
Gopal81, 0, 1, 0, 1, 0, 0
Dylan620, 0, 56, 0, 56, 0, 0
Dylan620/guestbook, 0, 7, 0, 7, 0, 0
Dcollins52, 0, 1, 0, 1, 0, 0
Patton123, 0, 15, 0, 15, 0, 0
Balloonman/act like an admin, 0, 1, 0, 1, 0, 0
Icewedge/DYK, 0, 1, 0, 1, 0, 0
VX, 0, 7, 0, 7, 0, 0
Royalmate1, 0, 2, 0, 2, 0, 0
Nagy, 0, 9, 0, 9, 0, 0
Mopza, 0, 1, 0, 1, 0, 0
lustiger_seth, 155, 0, 0, 0, 0, 155
Jake Wartenberg, 0, 39, 0, 39, 0, 0
Allanon, 0, 2, 0, 2, 0, 0
Seidenstud, 0, 1, 0, 1, 0, 0
Elbutler (page does not exist), 0, 1, 0, 1, 0, 0
Enric Naval, 0, 1, 0, 1, 0, 0
Goodmorningworld, 0, 12, 0, 12, 0, 0
Jasy jatere, 0, 1, 0, 1, 0, 0
3RRBot/bot reported disruption and 3RR violations, 0, 1, 0, 1, 0, 0
Nixeagle/CheckuserBot, 0, 1, 0, 1, 0, 0
Nixeagle, 0, 1, 0, 1, 0, 0
Unpopular Opinion, 0, 1, 0, 1, 0, 0
Kristen Eriksen, 0, 4, 0, 4, 0, 0
Church of emacs, 0, 2, 0, 2, 0, 0
Lustiger seth, 0, 2, 0, 2, 0, 0
TotientDragooned, 0, 4, 0, 4, 0, 0
Franamax, 104, 4, 0, 4, 0, 104
Miacek, 0, 1, 0, 1, 0, 0
American Eagle/Guestbook (page does not exist), 0, 11, 0, 11, 0, 0
Artichoker, 0, 4, 0, 4, 0, 0
Santa on Sleigh, 0, 1, 0, 1, 0, 0
Smith Jones, 0, 1, 0, 1, 0, 0
AlasdairGreen27, 0, 3, 0, 3, 0, 0
TAnthony, 0, 1, 0, 1, 0, 0
DIREKTOR, 0, 2, 0, 2, 0, 0
Ferdinand h2, 0, 1, 0, 1, 0, 0
DocDeel516, 0, 2, 0, 2, 0, 0
LOTRrules, 0, 1, 0, 1, 0, 0
Eubulides, 0, 3, 0, 3, 0, 0
Giants2008, 0, 14, 0, 14, 0, 0
Steve, 115, 4, 0, 4, 0, 115
Dendodge/Admin criteria/Log (page does not exist), 0, 2, 0, 2, 0, 0
Die4Dixie, 0, 1, 0, 1, 0, 0
Spudinator, 0, 2, 0, 2, 0, 0
Dylan620/C, 0, 1, 0, 1, 0, 0
Dylan620/G, 0, 1, 0, 1, 0, 0
"Abraham, B.S.", 0, 4, 0, 4, 0, 0
Jim Sweeney, 0, 1, 0, 1, 0, 0
Catalan, 0, 1, 0, 1, 0, 0
Nick-D, 0, 31, 0, 31, 0, 0
Magog the Ogre, 0, 3, 0, 3, 0, 0
Is he back?, 0, 1, 0, 1, 0, 0
Jmundo, 0, 11, 0, 11, 0, 0
Jerry/Count, 0, 1, 0, 1, 0, 0
EnigmaMcmxc, 0, 1, 0, 1, 0, 0
ArchonMagnus, 0, 13, 0, 13, 0, 0
-Ril-, 0, 16, 5, 11, 0, 0
Sinneed, 0, 1, 0, 1, 0, 0
Balloonman/CSD Survey, 0, 2, 0, 2, 0, 0
THEN WHO WAS PHONE?, 0, 1, 0, 1, 0, 0
Abigor, 0, 1, 0, 1, 0, 0
Mattbuck, 0, 1, 0, 1, 0, 0
MathCool10/GB (page does not exist), 0, 2, 0, 2, 0, 0
Mardetanha, 0, 2, 0, 2, 0, 0
Knowzilla, 0, 3, 0, 3, 0, 0
Willking1979, 60, 18, 0, 18, 0, 60
FaerieInGrey, 0, 2, 0, 2, 0, 0
PeterSymonds/Princess Alice of the United Kingdom (page does not exist), 0, 1, 0, 1, 0, 0
PeterSymonds/Apology, 0, 1, 0, 1, 0, 0
Until It Sleeps, 0, 16, 0, 16, 0, 0
SwirlBoy39, 0, 1, 0, 1, 0, 0
Dank55/Admins, 0, 5, 0, 5, 0, 0
Maddie!, 0, 1, 0, 1, 0, 0
JohnCD, 78, 4, 0, 4, 0, 78
Arctic Fox, 0, 3, 0, 3, 0, 0
Bonadea, 0, 13, 0, 13, 0, 0
KnowledgeHegemonyPart2, 0, 2, 0, 2, 0, 0
Versus22, 0, 10, 0, 10, 0, 0
Gwib, 0, 1, 0, 1, 0, 0
SimonKSK, 0, 6, 0, 6, 0, 0
Mixwell, 0, 3, 0, 3, 0, 0
LucerneWorker, 0, 1, 0, 1, 0, 0
Graymornings, 0, 2, 0, 2, 0, 0
Jonathan321, 0, 4, 0, 4, 0, 0
Wrelwser43, 0, 1, 0, 1, 0, 0
Ched Davis, 0, 64, 0, 64, 0, 0
Wiggles, 0, 1, 0, 1, 0, 0
Rlogan2, 0, 1, 0, 1, 0, 0
Wandering Courier, 0, 4, 0, 4, 0, 0
Chenzw, 0, 1, 0, 1, 0, 0
R.27n.27B, 88, 0, 0, 0, 0, 88
CadenS, 0, 3, 0, 3, 0, 0
Russ (page does not exist), 0, 1, 0, 1, 0, 0
R'n'B, 0, 4, 0, 4, 0, 0
Kraftlos, 0, 30, 0, 30, 0, 0
Morenoodles, 0, 1, 0, 1, 0, 0
Fowler&fowler, 0, 3, 0, 3, 0, 0
Kieran4, 0, 2, 0, 2, 0, 0
Capricorn42, 0, 1, 0, 1, 0, 0
Bettia, 85, 3, 0, 3, 0, 85
Terrillja, 0, 7, 0, 7, 0, 0
Gppande, 0, 2, 0, 2, 0, 0
Wikiality123, 0, 1, 0, 1, 0, 0
Ged UK, 0, 89, 0, 89, 0, 0
Pastor Theo, 0, 78, 0, 78, 0, 0
Drmies, 208, 82, 0, 82, 0, 208
Phil153, 0, 3, 0, 3, 0, 0
Erik9, 0, 24, 0, 24, 0, 0
Thelittlegreyman, 0, 3, 0, 3, 0, 0
Maneur (page does not exist), 0, 1, 0, 1, 0, 0
K50 Dude/RfA Criteria, 0, 2, 0, 2, 0, 0
Princess Clown, 0, 1, 0, 1, 0, 0
Spinach Monster, 0, 14, 0, 14, 0, 0
Baiji, 0, 2, 0, 2, 0, 0
Tszho1997, 0, 1, 0, 1, 0, 0
Maedin, 90, 26, 0, 26, 0, 90
Ceranthor/forge, 0, 2, 0, 2, 0, 0
WereSpielChequers/Barnstars, 0, 1, 0, 1, 0, 0
Megaboz, 0, 1, 0, 1, 0, 0
Ginbot86, 0, 7, 0, 7, 0, 0
ERK, 0, 9, 0, 9, 0, 0
I'm Spartacus!, 0, 12, 0, 12, 0, 0
Protonk/Duck, 0, 1, 0, 1, 0, 0
Giants27, 0, 62, 0, 62, 0, 0
S.40bre, 89, 0, 0, 0, 0, 89
TomStar810, 0, 1, 0, 1, 0, 0
Aaroncrick, 0, 51, 0, 51, 0, 0
Rjanag, 136, 26, 0, 26, 0, 136
Truco, 0, 12, 0, 12, 0, 0
Smallman12q, 0, 20, 0, 20, 0, 0
Syjytg, 0, 2, 0, 2, 0, 0
Amalthea, 101, 0, 0, 0, 0, 101
Neskaya, 0, 6, 0, 6, 0, 0
Robofish, 0, 41, 0, 41, 0, 0
Themfromspace, 0, 70, 0, 70, 0, 0
Xeno, 0, 28, 0, 28, 0, 0
Aoi, 0, 7, 0, 7, 0, 0
Eustress, 71, 4, 0, 4, 0, 71
Backslash Forwardslash, 0, 28, 0, 28, 0, 0
Wadester16, 68, 18, 0, 18, 0, 68
Cool3, 58, 17, 1, 16, 0, 58
Resident Mario, 0, 12, 0, 12, 0, 0
MyspaceMan12, 0, 1, 0, 1, 0, 0
ThePeepShow, 0, 1, 0, 1, 0, 0
Download, 0, 52, 0, 52, 0, 0
Download/Guestbook, 0, 52, 0, 52, 0, 0
Fastily, 60, 177, 0, 177, 0, 60
Marek69, 0, 59, 0, 59, 0, 0
Admiral_Norton, 82, 0, 0, 0, 0, 82
Juliancolton Alternative, 0, 1, 0, 1, 0, 0
Ex13, 0, 1, 0, 1, 0, 0
Roberta F., 0, 1, 0, 1, 0, 0
Igorwindsor, 0, 1, 0, 1, 0, 0
Synchronism, 0, 1, 0, 1, 0, 0
Letsdrinktea (page does not exist), 0, 11, 0, 11, 0, 0
Aradic-es, 0, 1, 0, 1, 0, 0
Camw, 73, 13, 0, 13, 0, 73
Stifle/Don't say non-notable, 0, 1, 0, 1, 0, 0
TBDevilRays2009, 0, 1, 0, 1, 0, 0
Shawnpoo (page does not exist), 0, 3, 0, 3, 0, 0
Camw/Profile Photos, 0, 1, 0, 1, 0, 0
Camaron/Requests for adminship/Criteria (page does not exist), 0, 6, 0, 6, 0, 0
GT5162, 0, 19, 0, 19, 0, 0
Antivenin, 0, 9, 0, 9, 0, 0
Nvineeth, 0, 2, 0, 2, 0, 0
EdBever, 0, 1, 0, 1, 0, 0
Ukexpat, 0, 2, 0, 2, 0, 0
Gonzonoir, 89, 27, 0, 27, 0, 89
Tavix, 124, 57, 0, 57, 0, 124
Ascidian, 0, 1, 0, 1, 0, 0
Pyfan, 0, 11, 0, 11, 0, 0
Spitfire, 0, 7, 0, 7, 0, 0
Fribbler, 57, 4, 0, 4, 0, 57
DFS454 (page does not exist), 0, 3, 0, 3, 0, 0
Yousaf465, 0, 2, 0, 2, 0, 0
Spyfox5400, 0, 1, 0, 1, 0, 0
Riotrocket8676, 0, 1, 0, 1, 0, 0
Basket of Puppies, 0, 19, 0, 19, 0, 0
Graeme Bartlett, 0, 82, 0, 82, 0, 0
ZachInOhio, 0, 1, 0, 1, 0, 0
MSGJ, 0, 32, 0, 32, 0, 0
Fredrik Wilhelm (page does not exist), 0, 2, 0, 2, 0, 0
OverlordQ, 78, 0, 0, 0, 0, 78
Jarry1250, 0, 9, 0, 9, 0, 0
MC10, 0, 88, 0, 88, 0, 0
MC10/GB, 0, 4, 0, 4, 0, 0
Macromonkey (page does not exist), 0, 1, 0, 1, 0, 0
Frehley, 0, 3, 0, 3, 0, 0
Staffwaterboy/guestbook (page does not exist), 0, 7, 0, 7, 0, 0
Staffwaterboy/sandbox, 0, 7, 0, 7, 0, 0
Pedro/Net Positive 2, 0, 1, 0, 1, 0, 0
South Bay, 0, 33, 0, 33, 0, 0
Ged_UK, 87, 0, 0, 0, 0, 87
ChildofMidnight, 0, 42, 0, 42, 0, 0
Hobit, 0, 71, 0, 71, 0, 0
Kuyabribri, 0, 14, 0, 14, 0, 0
Al_Ameer_son, 87, 0, 0, 0, 0, 87
Soap, 182, 76, 0, 76, 0, 182
Al Ameer son, 0, 1, 0, 1, 0, 0
Fjmustak, 0, 1, 0, 1, 0, 0
Yamanam, 0, 1, 0, 1, 0, 0
Nableezy, 0, 2, 0, 2, 0, 0
Spacevezon (page does not exist), 0, 2, 0, 2, 0, 0
FingersOnRoids, 0, 4, 0, 4, 0, 0
JustGettingItRight, 0, 1, 0, 1, 0, 0
Rdunn, 0, 1, 0, 1, 0, 0
Edgarde, 0, 11, 0, 11, 0, 0
Genius101, 0, 2, 0, 2, 0, 0
Genius101/Guestbook, 0, 2, 0, 2, 0, 0
S Marshall, 0, 55, 0, 55, 0, 0
Gnowor (page does not exist), 0, 1, 0, 1, 0, 0
Killiondude, 95, 13, 0, 13, 0, 95
LinguistAtLarge, 73, 0, 0, 0, 0, 73
Nz26, 0, 4, 0, 4, 0, 0
Jd027, 0, 4, 0, 4, 0, 0
Onebravemonkey, 0, 1, 0, 1, 0, 0
Smith609, 69, 0, 0, 0, 0, 69
Looie496, 111, 13, 0, 13, 0, 111
Crotchety Old Man, 0, 7, 0, 7, 0, 0
Yuriy Kolodin (page does not exist), 0, 1, 0, 1, 0, 0
Michael93555, 0, 3, 0, 3, 0, 0
Spaully, 0, 9, 7, 2, 0, 0
Philcha, 0, 2, 0, 2, 0, 0
Ottawa4ever, 0, 67, 0, 67, 0, 0
Rl, 0, 3, 1, 2, 0, 0
Dr. Blofeld, 0, 14, 0, 14, 0, 0
SD5, 0, 6, 0, 6, 0, 0
Shappy (page does not exist), 0, 39, 0, 39, 0, 0
Explicit, 74, 57, 0, 57, 0, 74
EscapeByMusic, 0, 1, 0, 1, 0, 0
Griffinofwales, 0, 1, 0, 1, 0, 0
Schrandit, 0, 1, 0, 1, 0, 0
Candlewicke (page does not exist), 0, 45, 0, 45, 0, 0
Candlewicke/List of signatories (page does not exist), 0, 45, 0, 45, 0, 0
Tassedethe, 58, 0, 0, 0, 0, 58
OlEnglish, 94, 140, 0, 140, 0, 94
SamuelTheGhost, 0, 1, 0, 1, 0, 0
Pmlinediter, 0, 48, 0, 48, 0, 0
Power.corrupts, 0, 14, 0, 14, 0, 0
Off2riorob, 0, 24, 0, 24, 0, 0
BOZ, 66, 6, 0, 6, 0, 66
Drilnoth, 88, 4, 0, 4, 0, 88
Ikip, 0, 6, 0, 6, 0, 0
MichaelQSchmidt, 114, 46, 0, 46, 0, 114
Webwarlock, 0, 2, 0, 2, 0, 0
Vantine84, 0, 2, 0, 2, 0, 0
A (page does not exist), 0, 1, 0, 1, 0, 0
Ryan Paddy, 0, 1, 0, 1, 0, 0
Hekerui, 0, 2, 0, 2, 0, 0
LivingBot/ProjectSignup, 0, 1, 0, 1, 0, 0
Closedmouth, 97, 11, 0, 11, 0, 97
Kingpin13, 120, 16, 0, 16, 0, 120
GlassCobra/Editor for deletion/Previous discussions, 0, 1, 0, 1, 0, 0
Peachey88, 0, 1, 0, 1, 0, 0
Jenuk1985, 0, 2, 0, 2, 0, 0
WacoJacko, 0, 1, 0, 1, 0, 0
Spinningspark, 63, 6, 0, 6, 0, 63
Iner22, 0, 2, 0, 2, 0, 0
Dream Focus, 0, 12, 0, 12, 0, 0
AndrewHowse, 0, 1, 0, 1, 0, 0
Mendaliv, 0, 12, 0, 12, 0, 0
Leahtwosaints, 0, 2, 0, 2, 0, 0
Tempodivalse, 0, 17, 0, 17, 0, 0
Foxy_Loxy, 85, 0, 0, 0, 0, 85
Ayrton Prost, 0, 1, 0, 1, 0, 0
Ayrton Prost/guestbook, 0, 1, 0, 1, 0, 0
Mikhailov Kusserow, 0, 98, 0, 98, 0, 0
Dwr12, 0, 2, 0, 2, 0, 0
Law/Awards, 0, 1, 0, 1, 0, 0
Decltype, 0, 31, 0, 31, 0, 0
Law/NOODLE, 0, 1, 0, 1, 0, 0
Raven1977, 0, 1, 0, 1, 0, 0
CanadianNine, 0, 2, 0, 2, 0, 0
Vianello, 53, 1, 0, 1, 0, 53
Cunard (page does not exist), 0, 10, 0, 10, 0, 0
DougsTech (page does not exist), 0, 2, 0, 2, 0, 0
The Earwig, 0, 19, 0, 19, 0, 0
Nathan Laing, 0, 1, 0, 1, 0, 0
TheDJ, 84, 3, 0, 3, 0, 84
Powergate92, 0, 1, 0, 1, 0, 0
Renaissancee, 0, 9, 0, 9, 0, 0
Legolas2186, 0, 7, 0, 7, 0, 0
Filelakeshoe, 0, 27, 0, 27, 0, 0
2, 0, 9, 0, 9, 0, 0
HJ Mitchell, 0, 120, 0, 120, 0, 0
Graeme_Bartlett, 96, 0, 0, 0, 0, 96
Hazir, 0, 1, 0, 1, 0, 0
Gears of War/Guestbook, 0, 2, 0, 2, 0, 0
Graeme Bartlett/to do, 0, 1, 0, 1, 0, 0
FeydHuxtable, 0, 103, 0, 103, 0, 0
Oldlaptop321, 0, 10, 0, 10, 0, 0
PirateSmackK, 0, 10, 0, 10, 0, 0
Excesses, 0, 1, 0, 1, 0, 0
Chrism, 0, 2, 0, 2, 0, 0
AlioTheFool, 0, 3, 0, 3, 0, 0
Politizer, 0, 1, 0, 1, 0, 0
Shubinator, 109, 11, 0, 11, 0, 109
Seraphim, 0, 3, 0, 3, 0, 0
Moon-sunrise (page does not exist), 0, 1, 0, 1, 0, 0
Mynameinc, 0, 2, 0, 2, 0, 0
Pstanton, 0, 1, 0, 1, 0, 0
Doug Coldwell, 0, 1, 0, 1, 0, 0
Willscrlt, 0, 7, 0, 7, 0, 0
Prospider, 0, 1, 0, 1, 0, 0
Dottydotdot, 0, 9, 0, 9, 0, 0
Chzz, 0, 49, 0, 49, 0, 0
Dinoguy1000, 87, 1, 0, 1, 0, 87
Dinoguy1000/Signature, 0, 1, 0, 1, 0, 0
Next-Genn-Gamer, 0, 10, 0, 10, 0, 0
Dinoguy2, 0, 1, 0, 1, 0, 0
Extremepro, 0, 1, 0, 1, 0, 0
Kaguya-chan, 0, 1, 0, 1, 0, 0
Abce2, 0, 22, 0, 22, 0, 0
Dandy Sephy, 0, 1, 0, 1, 0, 0
Laser_brain, 124, 0, 0, 0, 0, 124
Dabomb87, 191, 24, 0, 24, 0, 191
Slashsock, 0, 1, 0, 1, 0, 0
Knight-Lord of the Infernal Penguins, 0, 2, 0, 2, 0, 0
Dferg, 0, 1, 0, 1, 0, 0
Dylan620/Personal toolbox, 0, 10, 0, 10, 0, 0
MelissaC1993, 0, 2, 0, 2, 0, 0
Rambo.27s_Revenge, 70, 0, 0, 0, 0, 70
Unionhawk, 0, 34, 0, 34, 0, 0
Rambo's Revenge, 0, 1, 0, 1, 0, 0
Nakon, 0, 26, 0, 26, 0, 0
Gggh, 0, 7, 0, 7, 0, 0
Michaelmmillican, 0, 1, 0, 1, 0, 0
Seanplusplus, 0, 1, 0, 1, 0, 0
Parker1297, 0, 2, 0, 2, 0, 0
Wadester16/Awards (page does not exist), 0, 1, 0, 1, 0, 0
Noodle snacks, 0, 1, 0, 1, 0, 0
Camelbinky, 0, 1, 0, 1, 0, 0
JamieS93/Awards, 0, 1, 0, 1, 0, 0
JamieS93/DYKs, 0, 1, 0, 1, 0, 0
Nathan, 0, 10, 0, 10, 0, 0
ThoseStarsBurnLikeDiamonds, 0, 3, 0, 3, 0, 0
Warpath, 0, 1, 0, 1, 0, 0
Runningonbrains, 49, 0, 0, 0, 0, 49
Kotra, 72, 4, 0, 4, 0, 72
Bookkeeperoftheoccult, 0, 1, 0, 1, 0, 0
Tedder, 65, 11, 0, 11, 0, 65
Giants27/guestbook, 0, 26, 0, 26, 0, 0
Otisjimmy1, 0, 7, 0, 7, 0, 0
Juliancolton/RfA rationale, 0, 52, 0, 52, 0, 0
DoriSmith/onRFA, 0, 8, 0, 8, 0, 0
DoriSmith, 0, 9, 0, 9, 0, 0
Preceding unsigned comment, 0, 1, 0, 1, 0, 0
T'Shael, 0, 11, 0, 11, 0, 0
Burnte, 0, 1, 0, 1, 0, 0
The Inedible Bulk, 0, 1, 0, 1, 0, 0
Jamesooders, 0, 3, 0, 3, 0, 0
TharsHammar, 0, 3, 0, 3, 0, 0
Goldblattster, 0, 1, 0, 1, 0, 0
Luk, 0, 11, 0, 11, 0, 0
Yowuza, 0, 3, 0, 3, 0, 0
Onopearls, 0, 2, 0, 2, 0, 0
L33th4x0rguy, 0, 1, 0, 1, 0, 0
Arma virumque cano, 0, 1, 0, 1, 0, 0
Twiddlebug, 0, 1, 0, 1, 0, 0
Bielle, 0, 1, 0, 1, 0, 0
Drawn Some, 0, 4, 0, 4, 0, 0
Floquenbeam, 1, 16, 0, 16, 0, 1
Buster7, 0, 39, 0, 39, 0, 0
TAway, 0, 1, 0, 1, 0, 0
Unomi, 0, 5, 0, 5, 0, 0
Anonymous the Editor, 0, 1, 0, 1, 0, 0
Josette, 0, 5, 0, 5, 0, 0
Ninguém, 0, 1, 0, 1, 0, 0
Ankimai, 0, 1, 0, 1, 0, 0
A little insignificant, 0, 2, 0, 2, 0, 0
MickMacNee, 0, 1, 0, 1, 0, 0
Jozal, 0, 7, 0, 7, 0, 0
Icseaturtles, 0, 1, 0, 1, 0, 0
Willuconquer (page does not exist), 0, 1, 0, 1, 0, 0
Quantumobserver, 0, 1, 0, 1, 0, 0
Minesweeper.007, 0, 1, 0, 1, 0, 0
Alpta, 0, 1, 0, 1, 0, 0
Kl4m, 0, 1, 0, 1, 0, 0
Zazou, 0, 3, 2, 1, 0, 0
Oo64eva, 0, 7, 7, 0, 0, 0
Howabout1 (page does not exist), 0, 20, 20, 0, 0, 0
Klonimus, 0, 12, 8, 4, 0, 0
Linuxbeak/Desk, 0, 31, 27, 4, 0, 0
Phils, 17, 19, 13, 6, 14, 3
Ambi (page does not exist), 0, 84, 77, 7, 0, 0
Hedley (page does not exist), 0, 30, 28, 2, 0, 0
Duk, 21, 36, 36, 0, 21, 0
Khaosworks, 18, 5, 4, 1, 15, 3
Magnus_animum, 91, 0, 0, 0, 71, 20
Twinkler4, 0, 1, 1, 0, 0, 0
EvilClown93 (page does not exist), 0, 1, 1, 0, 0, 0
Jouster, 0, 1, 0, 1, 0, 0
Smuuv, 0, 1, 0, 1, 0, 0
Backslash_Forwardslash, 108, 0, 0, 0, 0, 108
BendersGame, 0, 3, 0, 3, 0, 0
Marcusmax, 0, 2, 0, 2, 0, 0
Wireless Keyboard, 0, 4, 0, 4, 0, 0
Grahamec, 0, 1, 0, 1, 0, 0
Billinghurst, 77, 3, 0, 3, 0, 77
Permethius, 0, 1, 0, 1, 0, 0
AlexandrDmitri, 100, 52, 0, 52, 0, 100
HellinaBucket, 0, 1, 0, 1, 0, 0
Suicidalhamster, 0, 1, 0, 1, 0, 0
William Avery, 0, 2, 0, 2, 0, 0
Promethean, 0, 3, 0, 3, 0, 0
SUL, 0, 2, 0, 2, 0, 0
Maverx (page does not exist), 0, 1, 0, 1, 0, 0
7, 96, 7, 0, 7, 0, 96
Colds7ream, 78, 0, 0, 0, 0, 78
GW Simulations, 0, 1, 0, 1, 0, 0
Sdsds, 0, 1, 0, 1, 0, 0
Triplestop, 0, 9, 0, 9, 0, 0
Jeromeplacec, 0, 1, 0, 1, 0, 0
Amorymeltzer, 56, 61, 0, 61, 0, 56
Michel Mapaliey (page does not exist), 0, 4, 0, 4, 0, 0
William_M._Connolley, 158, 0, 0, 0, 123, 35
Natalinasmpf, 76, 14, 10, 4, 60, 16
Ancheta Wis, 0, 13, 12, 1, 0, 0
Duncharris, 46, 16, 15, 1, 38, 8
C-randles, 0, 1, 1, 0, 0, 0
Confuzion, 0, 5, 5, 0, 0, 0
Adamsan, 0, 2, 2, 0, 0, 0
TestPilot, 0, 1, 0, 1, 0, 0
Salsb, 0, 1, 1, 0, 0, 0
SusanLarson, 0, 1, 1, 0, 0, 0
Dan100, 35, 22, 17, 5, 35, 0
Axon, 0, 1, 1, 0, 0, 0
Rd232, 16, 9, 3, 6, 16, 0
R.Koot, 79, 8, 8, 0, 79, 0
Count Iblis, 0, 3, 2, 1, 0, 0
SEWilco, 0, 1, 0, 1, 0, 0
JK the unwise, 0, 1, 1, 0, 0, 0
Christopher Thomas, 0, 3, 3, 0, 0, 0
GangofOne, 0, 1, 1, 0, 0, 0
Junes, 0, 1, 1, 0, 0, 0
Quaque, 0, 1, 1, 0, 0, 0
Avador, 0, 1, 1, 0, 0, 0
Jobe6, 0, 26, 19, 7, 0, 0
FrankZappo, 0, 2, 0, 2, 0, 0
DanielCD, 24, 7, 5, 2, 20, 4
Simesa, 0, 2, 2, 0, 0, 0
Fangz, 0, 2, 2, 0, 0, 0
Swirlix, 0, 1, 1, 0, 0, 0
Cleared as filed, 0, 8, 6, 2, 0, 0
Dmn, 14, 15, 3, 12, 12, 2
Sarahe (page does not exist), 0, 14, 14, 0, 0, 0
Pgio, 0, 1, 0, 1, 0, 0
JSIN (page does not exist), 0, 2, 0, 2, 0, 0
Helicoid, 0, 1, 0, 1, 0, 0
TTLightningRod (page does not exist), 0, 1, 0, 1, 0, 0
JedRothwell, 0, 1, 0, 1, 0, 0
Audiovideo, 0, 2, 1, 1, 0, 0
Benapgar (page does not exist), 0, 5, 0, 5, 0, 0
Cleonis, 0, 1, 0, 1, 0, 0
Nrcprm2026, 0, 1, 0, 1, 0, 0
ObsidianOrder, 0, 1, 0, 1, 0, 0
Knucmo2, 0, 19, 12, 7, 0, 0
Maury Markowitz, 0, 1, 0, 1, 0, 0
Reddi, 0, 1, 0, 1, 0, 0
Facethefacts, 0, 1, 0, 1, 0, 0
Doradus, 0, 2, 1, 1, 0, 0
Noren, 0, 1, 0, 1, 0, 0
Spartiate, 0, 3, 3, 0, 0, 0
Dmcdevit/RFA cliché no. 1, 0, 4, 4, 0, 0, 0
Andylkl, 0, 10, 10, 0, 0, 0
TMS63112, 0, 6, 6, 0, 0, 0
R. fiend, 0, 12, 10, 2, 0, 0
Johnleemk, 17, 42, 39, 3, 15, 2
Worldtraveller (page does not exist), 0, 5, 2, 3, 0, 0
Dino, 11, 0, 0, 0, 11, 0
Woggly (page does not exist), 0, 13, 13, 0, 0, 0
Chmod007, 0, 20, 20, 0, 0, 0
Steinsky, 47, 2, 2, 0, 46, 1
ShaneKing, 0, 20, 17, 3, 0, 0
Rednblu, 0, 8, 8, 0, 0, 0
RedWordSmith, 23, 28, 28, 0, 22, 1
SWAdair, 47, 55, 55, 0, 41, 6
Lord Emsworth, 0, 14, 13, 1, 0, 0
Noisy, 0, 17, 15, 2, 0, 0
Wolfman, 0, 17, 17, 0, 0, 0
Proteus, 20, 11, 11, 0, 20, 0
Zoney, 0, 5, 5, 0, 0, 0
CheeseDreams, 0, 4, 1, 3, 0, 0
Jimmyvanthach, 0, 1, 0, 1, 0, 0
Hawstom, 26, 7, 6, 1, 20, 6
Jimmyvanthatch (page does not exist), 0, 1, 0, 1, 0, 0
furrykef, 23, 0, 0, 0, 21, 2
CryptoDerk, 22, 46, 41, 5, 20, 2
DropDeadGorgias, 0, 14, 13, 1, 0, 0
Furrykef/Plans for world domination, 0, 1, 1, 0, 0, 0
Mr. Strong Bad, 0, 1, 1, 0, 0, 0
Oven Fresh, 0, 9, 6, 3, 0, 0
Chammy Koala, 0, 7, 5, 2, 0, 0
UgenBot, 0, 1, 1, 0, 0, 0
Fvw, 94, 29, 28, 1, 74, 20
Willmcw (page does not exist), 0, 30, 26, 4, 0, 0
Kensho (page does not exist), 0, 1, 1, 0, 0, 0
Rdsmith4/sig (page does not exist), 0, 11, 11, 0, 0, 0
Gene s, 0, 1, 1, 0, 0, 0
AlanBarrett, 0, 3, 2, 1, 0, 0
Korath, 0, 7, 5, 2, 0, 0
Solipsist, 32, 6, 6, 0, 32, 0
Sietse Snel, 0, 25, 25, 0, 0, 0
Carrp, 0, 22, 21, 1, 0, 0
Thue, 0, 6, 6, 0, 0, 0
Michael Ward, 0, 7, 5, 2, 0, 0
Antaeus Feldspar, 0, 8, 7, 1, 0, 0
Ferkelparade, 18, 9, 9, 0, 18, 0
DCEdwards1966, 0, 1, 1, 0, 0, 0
Evercat, 46, 5, 4, 1, 43, 3
Brockert, 0, 7, 6, 1, 0, 0
Dbenbenn, 32, 8, 8, 0, 31, 1
Premeditated Chaos/Sig (page does not exist), 0, 2, 2, 0, 0, 0
Vacuum, 0, 2, 2, 0, 0, 0
Sp00n17, 0, 1, 1, 0, 0, 0
Radicalsubversiv, 0, 8, 7, 1, 0, 0
Smoddy, 40, 27, 24, 3, 40, 0
Vague Rant, 0, 6, 6, 0, 0, 0
Xtra, 0, 8, 7, 1, 0, 0
M7it (page does not exist), 0, 8, 7, 1, 0, 0
GK, 0, 2, 2, 0, 0, 0
Jnc, 0, 3, 3, 0, 0, 0
Whosyourjudas, 0, 10, 10, 0, 0, 0
Robert the Bruce, 0, 1, 0, 1, 0, 0
BSveen, 0, 3, 1, 2, 0, 0
Dr Zen, 0, 9, 3, 6, 0, 0
Gzornenplatz, 0, 19, 12, 7, 0, 0
Salazar, 0, 1, 0, 1, 0, 0
Scaife, 0, 1, 1, 0, 0, 0
TantalumTelluride/Esperanza, 0, 31, 30, 1, 0, 0
Alhutch, 25, 62, 56, 6, 25, 0
BWD, 0, 5, 5, 0, 0, 0
Archola/The Centrist Faction, 0, 1, 1, 0, 0, 0
Go for it!/Vote Support (page does not exist), 0, 18, 18, 0, 0, 0
Deeptrivia, 0, 21, 21, 0, 0, 0
Metta Bubble, 0, 3, 3, 0, 0, 0
Slipknot222, 0, 1, 1, 0, 0, 0
Bucky Covington (page does not exist), 0, 1, 1, 0, 0, 0
Android79, 57, 45, 44, 1, 57, 0
Mmounties, 0, 30, 25, 5, 0, 0
RyanFreisling, 0, 1, 1, 0, 0, 0
Harro5, 57, 31, 27, 4, 57, 0
Guðsþegn, 0, 15, 9, 6, 0, 0
Jossifresco, 49, 0, 0, 0, 43, 6
Mysekurity, 49, 27, 26, 1, 48, 1
RDF, 0, 1, 1, 0, 0, 0
Finell, 0, 1, 1, 0, 0, 0
Isolani, 0, 3, 3, 0, 0, 0
Zappaz, 0, 6, 5, 1, 0, 0
Intersofia, 0, 1, 1, 0, 0, 0
Hanumandas, 0, 1, 0, 1, 0, 0
ScottyBoy900Q, 0, 6, 6, 0, 0, 0
Daycd, 0, 12, 10, 2, 0, 0
MarkGallagher_.28fuddlemark.29, 99, 0, 0, 0, 99, 0
Cantthinkofagoodname, 61, 2, 2, 0, 57, 4
Extreme Unction, 0, 15, 12, 3, 0, 0
Aabha R, 0, 4, 4, 0, 0, 0
Christopherparham (page does not exist), 0, 94, 94, 0, 0, 0
NatusRoma, 0, 4, 4, 0, 0, 0
Jtkiefer, 52, 44, 43, 1, 44, 8
DO'Neil, 0, 6, 6, 0, 0, 0
Ann Heneghan (page does not exist), 0, 18, 18, 0, 0, 0
Blackcap, 0, 20, 15, 5, 0, 0
IceKarma, 32, 3, 3, 0, 27, 5
Radman1 (page does not exist), 0, 7, 5, 2, 0, 0
Jacqui M, 0, 2, 2, 0, 0, 0
Grm wnr, 0, 7, 6, 1, 0, 0
User:Markalexander100_.2816.2F1.2F1.29_Ends_00:42.2C_2004_Jul_9, 18, 0, 0, 0, 17, 1
Refdoc, 18, 0, 0, 0, 14, 4
Grunt/Adminship, 0, 7, 7, 0, 0, 0
Apollomelos (page does not exist), 0, 3, 3, 0, 0, 0
Amir1, 0, 1, 0, 1, 0, 0
rfl, 13, 0, 0, 0, 13, 0
Quadell/Request for assistance (page does not exist), 0, 7, 7, 0, 0, 0
Dittaeva, 0, 3, 2, 1, 0, 0
GeneralPatton, 58, 33, 30, 3, 44, 14
Seth_Ilys, 38, 0, 0, 0, 35, 3
Waerth, 0, 3, 3, 0, 0, 0
Phroziac, 62, 43, 38, 5, 59, 3
Trilobite, 48, 25, 21, 4, 38, 10
Chameleon, 0, 6, 5, 1, 0, 0
Joolz, 35, 10, 9, 1, 35, 0
PedroPVZ, 0, 1, 1, 0, 0, 0
Silversmith, 0, 20, 19, 1, 0, 0
Weyes, 0, 11, 10, 1, 0, 0
CDThieme, 0, 11, 5, 6, 0, 0
Project2501a, 0, 4, 4, 0, 0, 0
TheCustomOfLife_.28aka_Mike_H.29_.2864.2F2.2F1.29_Ends_02:16.2C_7_Sep_2004_.28UTC.29, 1, 0, 0, 0, 0, 1
Kate, 1, 9, 8, 1, 0, 1
Gtrmp, 1, 4, 4, 0, 0, 1
Avnative, 0, 5, 5, 0, 0, 0
Markalexander100 (page does not exist), 0, 9, 7, 2, 0, 0
Benc, 32, 14, 14, 0, 31, 1
Austin Hair, 0, 14, 11, 3, 0, 0
Cyopardi, 0, 1, 1, 0, 0, 0
Kevin baas (page does not exist), 0, 3, 2, 1, 0, 0
silsor, 31, 0, 0, 0, 20, 11
Silsor (page does not exist), 0, 10, 8, 2, 0, 0
RobertG, 28, 15, 15, 0, 28, 0
JRM, 72, 10, 8, 2, 70, 2
No Account, 0, 2, 2, 0, 0, 0
23skidoo, 57, 1, 1, 0, 57, 0
TimPope (page does not exist), 0, 22, 21, 1, 0, 0
K1Bond007, 32, 7, 6, 1, 27, 5
DarkHorizon, 0, 11, 11, 0, 0, 0
PedanticallySpeaking, 38, 60, 43, 17, 33, 5
Еdit (page does not exist), 0, 1, 1, 0, 0, 0
V. Molotov (page does not exist), 0, 41, 39, 2, 0, 0
A_Man_In_Black, 34, 0, 0, 0, 30, 4
Schissel, 13, 6, 6, 0, 12, 1
Boothy 443, 0, 1, 1, 0, 0, 0
Amren (page does not exist), 0, 7, 7, 0, 0, 0
Acetic Acid/Gifts and Awards, 0, 13, 12, 1, 0, 0
WindFish (page does not exist), 0, 1, 1, 0, 0, 0
ABCD, 50, 11, 10, 1, 27, 23
Anárion (page does not exist), 0, 60, 59, 1, 0, 0
Scott Burley, 0, 6, 3, 3, 0, 0
Alexandros, 0, 1, 0, 1, 0, 0
Greenmountainboy (page does not exist), 0, 1, 0, 1, 0, 0
Sennheiser (page does not exist), 0, 1, 0, 1, 0, 0
Perl, 0, 1, 0, 1, 0, 0
Daniel Quinlan, 0, 2, 0, 2, 0, 0
Sjc, 0, 8, 7, 1, 0, 0
AYArktos, 68, 0, 0, 0, 68, 0
Jtrost, 0, 2, 2, 0, 0, 0
Pfctdayelise, 0, 6, 5, 1, 0, 0
Fir0002, 79, 4, 3, 1, 70, 9
E. Brown, 0, 17, 16, 1, 0, 0
Gsl, 0, 15, 15, 0, 0, 0
Agnte, 0, 7, 7, 0, 0, 0
Blarneytherinosaur, 0, 1, 1, 0, 0, 0
Wayward, 21, 17, 16, 1, 18, 3
Kirill Lokshin/Esperanza (page does not exist), 0, 25, 25, 0, 0, 0
Tomf688, 29, 41, 39, 2, 28, 1
Garglebutt, 0, 2, 2, 0, 0, 0
Adrian/zap2.js (page does not exist), 0, 16, 16, 0, 0, 0
Ghostieguide, 0, 1, 1, 0, 0, 0
brenneman, 143, 0, 0, 0, 105, 38
Sean Black/Quotes (page does not exist), 0, 1, 1, 0, 0, 0
Pilatus, 0, 9, 9, 0, 0, 0
Cryptic, 75, 25, 14, 11, 72, 3
Adrian Buehlmann (page does not exist), 0, 17, 17, 0, 0, 0
Dr Debug, 0, 11, 11, 0, 0, 0
Kusonaga, 0, 2, 2, 0, 0, 0
Voice of All, 0, 24, 19, 5, 0, 0
Crotalus horridus, 0, 14, 13, 1, 0, 0
Adrian Lamo (page does not exist), 0, 3, 3, 0, 0, 0
Dragonfiend, 0, 1, 1, 0, 0, 0
Honcharov A.V. (page does not exist), 0, 3, 3, 0, 0, 0
Katefan0/Poll, 0, 5, 5, 0, 0, 0
Dannycas, 0, 2, 2, 0, 0, 0
Brokenfrog, 0, 1, 1, 0, 0, 0
James James, 0, 3, 3, 0, 0, 0
Denni, 0, 3, 3, 0, 0, 0
MegamanZero (page does not exist), 0, 4, 3, 1, 0, 0
InkSplotch, 0, 1, 0, 1, 0, 0
Mathwiz2020 (page does not exist), 0, 20, 17, 3, 0, 0
Turnstep, 71, 15, 8, 7, 60, 11
Nicodemus75, 0, 2, 1, 1, 0, 0
Rhobite, 30, 16, 15, 1, 27, 3
Academic_Challenger, 27, 0, 0, 0, 26, 1
Pitchka (page does not exist), 0, 6, 4, 2, 0, 0
Acetic_Acid, 104, 0, 0, 0, 92, 12
Mendel, 0, 2, 2, 0, 0, 0
Nickptar, 41, 24, 24, 0, 38, 3
Voice of All(MTG), 0, 25, 18, 7, 0, 0
Psy guy, 0, 10, 10, 0, 0, 0
The Minister of War, 0, 36, 34, 2, 0, 0
Flcelloguy/Desk, 0, 46, 37, 9, 0, 0
Purplefeltangel, 0, 6, 6, 0, 0, 0
Pureblade, 0, 2, 2, 0, 0, 0
Jacqui M Schedler (page does not exist), 0, 9, 8, 1, 0, 0
AngryParsley, 0, 3, 3, 0, 0, 0
Dvyost, 35, 10, 10, 0, 34, 1
Justinc, 18, 2, 1, 1, 18, 0
Kareeser, 0, 1, 1, 0, 0, 0
HGB, 0, 20, 18, 2, 0, 0
Obradovic Goran, 0, 4, 4, 0, 0, 0
KI, 0, 17, 14, 3, 0, 0
TheParanoidOne, 36, 2, 2, 0, 34, 2
BL Lacertae, 0, 4, 4, 0, 0, 0
Monor, 0, 3, 3, 0, 0, 0
EddieSegoura, 0, 14, 14, 0, 0, 0
Mairi, 38, 4, 4, 0, 36, 2
SPUI/SFD, 0, 1, 0, 1, 0, 0
Alabamaboy, 47, 0, 0, 0, 46, 1
PRueda29, 39, 10, 10, 0, 39, 0
Vaoverland, 31, 3, 3, 0, 31, 0
Stbalbach, 0, 1, 1, 0, 0, 0
Yoninah, 0, 1, 1, 0, 0, 0
Chowells, 0, 2, 2, 0, 0, 0
Iago Dali, 0, 1, 1, 0, 0, 0
The Singing Badger, 0, 5, 5, 0, 0, 0
Pentawing, 0, 1, 1, 0, 0, 0
Tfine80, 0, 2, 2, 0, 0, 0
Don Diego, 0, 1, 1, 0, 0, 0
Cookiecaper (page does not exist), 0, 3, 3, 0, 0, 0
Wiglaf (page does not exist), 0, 12, 10, 2, 0, 0
Kookykman, 0, 9, 8, 1, 0, 0
Chelseaboy, 0, 1, 1, 0, 0, 0
Trödel, 0, 2, 1, 1, 0, 0
Afonso Silva (page does not exist), 0, 39, 36, 3, 0, 0
Mário, 0, 8, 8, 0, 0, 0
Bridesmill, 0, 1, 1, 0, 0, 0
Tombseye, 0, 2, 2, 0, 0, 0
FlavrSavr, 0, 1, 1, 0, 0, 0
Telex, 0, 1, 1, 0, 0, 0
Alex_Bakharev, 109, 0, 0, 0, 81, 28
Yodo, 0, 5, 4, 1, 0, 0
SushiGeek (page does not exist), 0, 43, 30, 13, 0, 0
Kuban kazak, 0, 1, 0, 1, 0, 0
AlexPU, 0, 1, 1, 0, 0, 0
Sciurinæ, 0, 6, 6, 0, 0, 0
Alexander 007 (page does not exist), 0, 5, 3, 2, 0, 0
Fisenko, 0, 1, 1, 0, 0, 0
KNewman, 0, 1, 1, 0, 0, 0
Sashazlv, 0, 2, 2, 0, 0, 0
Wikiolap, 0, 1, 1, 0, 0, 0
Paroxysm (page does not exist), 0, 1, 1, 0, 0, 0
Trapolator, 0, 1, 1, 0, 0, 0
Mzajac, 15, 3, 3, 0, 15, 0
Gnomz007, 0, 2, 2, 0, 0, 0
Kmorozov, 0, 1, 1, 0, 0, 0
Maximaximax, 0, 2, 2, 0, 0, 0
Arseni, 0, 1, 1, 0, 0, 0
.:Ajvol:., 0, 1, 1, 0, 0, 0
Nekto, 0, 1, 1, 0, 0, 0
DenisRS, 0, 1, 1, 0, 0, 0
Kazak, 0, 1, 1, 0, 0, 0
Nixer, 0, 1, 1, 0, 0, 0
Maxim Razin, 0, 1, 1, 0, 0, 0
Monedula, 0, 1, 1, 0, 0, 0
Herostratus, 131, 18, 7, 11, 95, 36
Cmapm, 0, 1, 1, 0, 0, 0
EncephalonSeven, 0, 1, 1, 0, 0, 0
Bobby1011, 0, 1, 1, 0, 0, 0
Steelviper, 0, 1, 1, 0, 0, 0
Andrew Alexander, 0, 1, 0, 1, 0, 0
Uapatriot (page does not exist), 0, 1, 0, 1, 0, 0
Just a tag, 0, 2, 1, 1, 0, 0
Colle (page does not exist), 0, 2, 0, 2, 0, 0
Yakudza, 0, 1, 0, 1, 0, 0
.28aeropagitica.29, 52, 0, 0, 0, 41, 11
Lbbzman, 0, 3, 3, 0, 0, 0
Cymsdale, 0, 10, 9, 1, 0, 0
CrypticBacon, 0, 1, 1, 0, 0, 0
Krash, 0, 2, 2, 0, 0, 0
JStewart, 0, 1, 0, 1, 0, 0
(aeropagitica), 0, 10, 8, 2, 0, 0
Zaheer89, 0, 3, 0, 3, 0, 0
Ucucha, 119, 8, 7, 1, 0, 119
AlistairMcMillan, 32, 5, 3, 2, 31, 1
Kiand, 0, 1, 1, 0, 0, 0
Stevey7788, 0, 22, 22, 0, 0, 0
The Fish, 0, 1, 1, 0, 0, 0
Evil Monkey, 0, 8, 8, 0, 0, 0
Avatar-en, 0, 2, 2, 0, 0, 0
Fawcett5, 32, 9, 7, 2, 32, 0
Wackymacs, 0, 2, 2, 0, 0, 0
Rex071404, 0, 6, 4, 2, 0, 0
216.153.214.94, 0, 4, 3, 1, 0, 0
Derex, 0, 1, 1, 0, 0, 0
Nevica, 0, 5, 5, 0, 0, 0
Jtdirl, 0, 3, 2, 1, 0, 0
REX, 0, 2, 2, 0, 0, 0
Red stucco, 0, 1, 0, 1, 0, 0
Ulayiti (page does not exist), 0, 23, 18, 5, 0, 0
AllyUnion, 14, 8, 8, 0, 13, 1
JonMoore, 14, 4, 4, 0, 14, 0
Ld, 0, 1, 1, 0, 0, 0
User:Ambivalenthysteria, 33, 0, 0, 0, 33, 0
Lir, 0, 3, 2, 1, 0, 0
EddEdmondson, 0, 6, 6, 0, 0, 0
The Anome, 0, 2, 2, 0, 0, 0
Werdna648, 0, 48, 45, 3, 0, 0
Werdnabot, 0, 15, 15, 0, 0, 0
Avillia, 0, 2, 1, 1, 0, 0
Tijuana Brass/EA, 0, 11, 11, 0, 0, 0
Wallie, 0, 3, 2, 1, 0, 0
Jareth (page does not exist), 0, 17, 17, 0, 0, 0
Marlon Fire Thunder, 0, 1, 1, 0, 0, 0
Nationalparks, 0, 1, 1, 0, 0, 0
DGX, 0, 15, 13, 2, 0, 0
Gwernol/Esperanza (page does not exist), 0, 22, 21, 1, 0, 0
Funnybunny, 0, 10, 10, 0, 0, 0
Ingoolemo, 19, 30, 29, 1, 19, 0
Stollery (page does not exist), 0, 8, 8, 0, 0, 0
Stollery/Esperanza (page does not exist), 0, 2, 2, 0, 0, 0
Actown, 0, 2, 2, 0, 0, 0
Dewet, 0, 6, 6, 0, 0, 0
Masterjamie, 0, 2, 2, 0, 0, 0
Danlina, 0, 4, 4, 0, 0, 0
Cchan199206/Esperanza (page does not exist), 0, 2, 2, 0, 0, 0
TKE (page does not exist), 0, 13, 11, 2, 0, 0
Ding Dong (page does not exist), 0, 1, 1, 0, 0, 0
Rory096, 0, 63, 52, 11, 0, 0
Jjjsixsix (page does not exist), 0, 21, 20, 1, 0, 0
Chcknwnm, 0, 3, 3, 0, 0, 0
Chcknwnm/Esperanza, 0, 2, 2, 0, 0, 0
Mail2amitabha, 0, 20, 20, 0, 0, 0
General Eisenhower, 0, 6, 5, 1, 0, 0
Brendenhull, 0, 10, 10, 0, 0, 0
Brendenhull/Military history, 0, 9, 9, 0, 0, 0
D-Day/Templates I'd like to see on Wikipedia, 0, 4, 4, 0, 0, 0
D-Day/sandbox, 0, 5, 5, 0, 0, 0
D-Day/Userboxen, 0, 7, 7, 0, 0, 0
D-Day/You know you've been editing for too long on Wikipedia if..., 0, 5, 5, 0, 0, 0
D-Day/Vandalize this page on WHEELS!!! (page does not exist), 0, 1, 1, 0, 0, 0
Shultz IV, 0, 18, 18, 0, 0, 0
Luckyherb (page does not exist), 0, 1, 1, 0, 0, 0
Starionwolf, 0, 1, 1, 0, 0, 0
Geneb1955, 0, 1, 1, 0, 0, 0
Fluit, 0, 3, 3, 0, 0, 0
Fetofs/Esperanza, 0, 10, 10, 0, 0, 0
FellowWikipedian, 0, 1, 1, 0, 0, 0
FellowWikipedian/Esperanza, 0, 1, 1, 0, 0, 0
Linuxerist, 0, 17, 17, 0, 0, 0
Ngb, 34, 8, 6, 2, 27, 7
Holy Ganga, 0, 5, 4, 1, 0, 0
Omni ND, 0, 2, 2, 0, 0, 0
Ancheta_Wis, 38, 0, 0, 0, 38, 0
Andrew_Norman, 26, 0, 0, 0, 26, 0
Cnwb, 39, 9, 9, 0, 39, 0
Juicifer, 0, 1, 1, 0, 0, 0
CLW, 32, 5, 5, 0, 32, 0
Thrydullf/RFA cliché no. 1, 0, 3, 3, 0, 0, 0
Paul Klenk, 0, 1, 1, 0, 0, 0
Fernando Rizo, 0, 15, 13, 2, 0, 0
FreplySpang, 48, 31, 30, 1, 48, 0
SamuraiClinton, 0, 2, 2, 0, 0, 0
Ruairidi (page does not exist), 0, 11, 11, 0, 0, 0
The Fascist Chicken, 0, 6, 6, 0, 0, 0
User:AndyL, 25, 0, 0, 0, 24, 1
The Undertones (page does not exist), 0, 1, 1, 0, 0, 0
Ikiroid/Esperanza (page does not exist), 0, 10, 9, 1, 0, 0
Jonathan235, 0, 4, 3, 1, 0, 0
User:Andris, 15, 0, 0, 0, 15, 0
Jerzy, 0, 3, 3, 0, 0, 0
Gpyoung, 0, 2, 2, 0, 0, 0
Cassowary (page does not exist), 0, 2, 2, 0, 0, 0
Veledan, 0, 5, 5, 0, 0, 0
Wonderfool (page does not exist), 0, 5, 5, 0, 0, 0
AxSkov, 0, 3, 3, 0, 0, 0
Anonymous_editor, 99, 0, 0, 0, 82, 17
JuanMuslim, 0, 3, 3, 0, 0, 0
Farhansher, 0, 7, 6, 1, 0, 0
Tufflaw, 0, 2, 2, 0, 0, 0
Susvolans, 0, 10, 10, 0, 0, 0
Waqas.usman, 0, 1, 1, 0, 0, 0
Grenavitar, 56, 4, 4, 0, 53, 3
Wisesabre, 0, 1, 1, 0, 0, 0
Spasage, 0, 4, 2, 2, 0, 0
LeeHunter, 0, 1, 1, 0, 0, 0
Snakes (page does not exist), 0, 4, 4, 0, 0, 0
BrandonYusufToropov, 0, 4, 4, 0, 0, 0
Mistress Selina Kyle, 0, 3, 2, 1, 0, 0
Idleguy, 0, 5, 3, 2, 0, 0
Paradiso, 0, 3, 3, 0, 0, 0
Joy Stovall (page does not exist), 0, 34, 34, 0, 0, 0
Aranel, 37, 6, 6, 0, 34, 3
ShaunMacPherson, 0, 5, 4, 1, 0, 0
Vitaly (page does not exist), 0, 1, 1, 0, 0, 0
Siroxo, 1, 4, 3, 1, 0, 1
Nadavspi, 0, 11, 11, 0, 0, 0
PFHLai, 1, 1, 1, 0, 0, 1
Premeditated Chaos, 0, 18, 1, 17, 0, 0
Dieter Simon, 0, 3, 3, 0, 0, 0
Skyler1534, 0, 4, 3, 1, 0, 0
Arcadian, 34, 1, 0, 1, 22, 12
TheoClarke, 45, 20, 18, 2, 37, 8
Scott Gall/Admin criterion, 0, 1, 0, 1, 0, 0
Scott Gall, 0, 3, 1, 2, 0, 0
Aris_Katsaris, 20, 0, 0, 0, 20, 0
Joy, 0, 3, 1, 2, 0, 0
Aranel/Sarah, 0, 2, 2, 0, 0, 0
Etz Haim, 0, 1, 1, 0, 0, 0
Asbestos, 34, 5, 5, 0, 34, 0
Imdaking, 0, 1, 1, 0, 0, 0
Derktar, 0, 7, 7, 0, 0, 0
Celestianpower/Voting (page does not exist), 0, 12, 12, 0, 0, 0
Ashibaka, 73, 0, 0, 0, 71, 2
Sycthos, 0, 1, 1, 0, 0, 0
TheKMan, 0, 30, 25, 5, 0, 0
Bling-chav (page does not exist), 0, 8, 7, 1, 0, 0
MrVacBob, 0, 1, 1, 0, 0, 0
Parallel or Together?, 0, 3, 3, 0, 0, 0
Ausir, 27, 0, 0, 0, 27, 0
Berasategui, 0, 1, 1, 0, 0, 0
Jontsang, 0, 2, 2, 0, 0, 0
Awolf002, 31, 0, 0, 0, 26, 5
Martin Osterman, 0, 27, 26, 1, 0, 0
Grutter, 0, 7, 7, 0, 0, 0
I.M. Rich, 0, 3, 3, 0, 0, 0
BD2412/Archive - RfA (first 50), 0, 1, 1, 0, 0, 0
Barneyboo, 0, 1, 1, 0, 0, 0
Vilerage/noclickbar, 0, 12, 12, 0, 0, 0
Kappa, 0, 5, 3, 2, 0, 0
Tedernst, 0, 12, 11, 1, 0, 0
Lord Bob, 0, 13, 12, 1, 0, 0
Che Perez, 0, 2, 1, 1, 0, 0
Jtmichcock, 0, 2, 2, 0, 0, 0
Mindmatrix, 50, 3, 3, 0, 48, 2
DDerby, 0, 9, 9, 0, 0, 0
Bmdavll, 0, 1, 1, 0, 0, 0
Commander Keane, 0, 6, 5, 1, 0, 0
Brendanconway, 33, 7, 7, 0, 30, 3
RandyKaelber, 0, 1, 1, 0, 0, 0
Pamri, 52, 10, 10, 0, 52, 0
Sebastiankessel, 25, 15, 15, 0, 22, 3
ViolinGirl, 0, 9, 9, 0, 0, 0
This user has left wikipedia (page does not exist), 0, 5, 4, 1, 0, 0
Essjay/Contact (page does not exist), 0, 6, 5, 1, 0, 0
Fthepostingquota, 0, 2, 2, 0, 0, 0
Impi, 0, 4, 4, 0, 0, 0
SebastianHelm/Sheep vote (page does not exist), 0, 1, 0, 1, 0, 0
Banno, 34, 1, 0, 1, 25, 9
Nathan Ladd, 0, 1, 1, 0, 0, 0
Eluchil, 0, 2, 2, 0, 0, 0
FuelWagon, 0, 2, 1, 1, 0, 0
Cryptoderk, 0, 1, 0, 1, 0, 0
BanyanTree, 36, 0, 0, 0, 36, 0
Smoddy/Greece gallery (page does not exist), 0, 5, 4, 1, 0, 0
Cdc, 18, 4, 4, 0, 18, 0
Wikiwizzy, 0, 5, 5, 0, 0, 0
Smit (page does not exist), 0, 5, 3, 2, 0, 0
Rad Racer, 0, 7, 7, 0, 0, 0
BaronLarf, 37, 2, 2, 0, 36, 1
HollyAm, 0, 2, 2, 0, 0, 0
Alienus, 0, 1, 1, 0, 0, 0
Orgullomoore, 0, 1, 1, 0, 0, 0
Prevert, 0, 1, 1, 0, 0, 0
Canderous (page does not exist), 0, 14, 14, 0, 0, 0
WarriorScribe, 0, 3, 3, 0, 0, 0
Jredmond, 40, 2, 2, 0, 40, 0
All in, 0, 19, 19, 0, 0, 0
Madchester, 14, 3, 3, 0, 14, 0
RexNL, 54, 6, 6, 0, 46, 8
Ikh, 0, 3, 3, 0, 0, 0
Beland, 60, 2, 0, 2, 59, 1
Maurreen, 0, 9, 8, 1, 0, 0
Rick Block/WP600 not admins, 0, 1, 1, 0, 0, 0
Variable, 0, 19, 10, 9, 0, 0
WikiFan04 (page does not exist), 0, 5, 3, 2, 0, 0
Ben_W_Bell, 61, 0, 0, 0, 58, 3
Necrothesp, 30, 1, 1, 0, 30, 0
Anonymous anonymous/Esperanza, 0, 15, 15, 0, 0, 0
Schzmo, 0, 3, 3, 0, 0, 0
Captainj, 0, 8, 8, 0, 0, 0
Brendenhull/RFA requirements, 0, 3, 3, 0, 0, 0
Nuge, 0, 1, 1, 0, 0, 0
Ricardo Lagos (page does not exist), 0, 2, 0, 2, 0, 0
Someonebay, 0, 1, 0, 1, 0, 0
EDGE, 0, 1, 1, 0, 0, 0
Nat Krause, 0, 4, 3, 1, 0, 0
Pgreenfinch, 0, 4, 3, 1, 0, 0
Xiong, 0, 5, 1, 4, 0, 0
Biekko, 33, 0, 0, 0, 26, 7
Spm, 0, 1, 1, 0, 0, 0
Helpful Dave, 0, 1, 1, 0, 0, 0
Skaz, 0, 1, 1, 0, 0, 0
MikeX, 0, 4, 4, 0, 0, 0
Sam Spade/Detective agency, 0, 1, 1, 0, 0, 0
Hoovernj, 0, 1, 1, 0, 0, 0
A Link to the Past (page does not exist), 0, 1, 1, 0, 0, 0
Type O Spud, 0, 9, 6, 3, 0, 0
User:Blankfaze, 31, 0, 0, 0, 28, 3
Lady Lysine Ikinsile (page does not exist), 0, 2, 1, 1, 0, 0
SkArcher, 0, 1, 1, 0, 0, 0
Aaronhill, 0, 3, 3, 0, 0, 0
Blnguyen, 182, 0, 0, 0, 168, 14
Pecher (page does not exist), 0, 5, 5, 0, 0, 0
Prince06 (page does not exist), 0, 1, 1, 0, 0, 0
EurowikiJ (page does not exist), 0, 2, 2, 0, 0, 0
Donama, 0, 3, 3, 0, 0, 0
Isopropyl, 0, 10, 10, 0, 0, 0
Redvers/Esperanza, 0, 16, 16, 0, 0, 0
EWS23/Esperanza, 0, 30, 30, 0, 0, 0
Anwar (page does not exist), 0, 1, 1, 0, 0, 0
Alethiophile, 0, 2, 0, 2, 0, 0
Alethiophile/Esperanza, 0, 2, 0, 2, 0, 0
Kashk (page does not exist), 0, 3, 3, 0, 0, 0
Kjkolb, 98, 2, 2, 0, 98, 0
Rayven the Crook, 0, 1, 1, 0, 0, 0
Seancdaug, 0, 9, 9, 0, 0, 0
Triddle, 25, 7, 6, 1, 20, 5
Columbia, 0, 4, 4, 0, 0, 0
Microtonal, 0, 3, 3, 0, 0, 0
Stirling Newberry, 0, 6, 6, 0, 0, 0
Pcb21, 0, 9, 8, 1, 0, 0
OpenToppedBus, 0, 1, 1, 0, 0, 0
Bmicomp, 70, 15, 13, 2, 69, 1
Nufy8, 44, 10, 9, 1, 41, 3
Robchurch/Desk, 0, 6, 5, 1, 0, 0
Keithlaw (page does not exist), 0, 2, 2, 0, 0, 0
Jakken, 0, 1, 1, 0, 0, 0
Drumguy8800, 0, 3, 3, 0, 0, 0
Prsgoddess187, 0, 4, 4, 0, 0, 0
Bobo192, 42, 2, 1, 1, 34, 8
Bobby P. Smith Sr. Jr., 0, 1, 1, 0, 0, 0
Dunemaire, 0, 2, 2, 0, 0, 0
Dpotop, 0, 3, 3, 0, 0, 0
Anglius, 0, 3, 0, 3, 0, 0
Matia.gr, 0, 3, 2, 1, 0, 0
Luci Sandor (page does not exist), 0, 1, 1, 0, 0, 0
Search4Lancer, 0, 2, 2, 0, 0, 0
Fang Aili/Esperanza (page does not exist), 0, 7, 7, 0, 0, 0
TheTrueSora, 0, 1, 1, 0, 0, 0
Pilotguy/Esperanza (page does not exist), 0, 9, 8, 1, 0, 0
Getcrunk, 0, 11, 10, 1, 0, 0
Scohoust, 0, 7, 7, 0, 0, 0
Bookofjude/monobook.js, 0, 1, 1, 0, 0, 0
TKE/monobook.js (page does not exist), 0, 1, 1, 0, 0, 0
PZFUN, 12, 10, 8, 2, 9, 3
Dungodung, 0, 2, 2, 0, 0, 0
Solensean (page does not exist), 0, 1, 0, 1, 0, 0
Activision45, 0, 2, 2, 0, 0, 0
Bovlb, 27, 0, 0, 0, 27, 0
Lunar Jesters, 0, 2, 2, 0, 0, 0
Nawsum526, 0, 1, 1, 0, 0, 0
BBwoman1, 0, 1, 1, 0, 0, 0
202.58.85.8 (page does not exist), 0, 4, 0, 4, 0, 0
Brian_Kendig, 41, 0, 0, 0, 35, 6
Superm401, 44, 2, 2, 0, 44, 0
MissingLinks (page does not exist), 0, 8, 8, 0, 0, 0
brian0918, 33, 0, 0, 0, 25, 8
CheekyMonkey, 0, 6, 6, 0, 0, 0
Pmeisel, 0, 1, 1, 0, 0, 0
Casito, 0, 1, 1, 0, 0, 0
Hlj, 0, 1, 1, 0, 0, 0
578 (page does not exist), 0, 1, 1, 0, 0, 0
Lowellian, 0, 12, 10, 2, 0, 0
Flamurai, 0, 1, 0, 1, 0, 0
BrianSmithson, 45, 0, 0, 0, 45, 0
BrianSmithson (page does not exist), 0, 1, 1, 0, 0, 0
HKT, 0, 5, 5, 0, 0, 0
Untifler, 0, 1, 1, 0, 0, 0
Brighterorange, 39, 2, 2, 0, 39, 0
Ceejayoz, 0, 2, 2, 0, 0, 0
RobyWayne, 29, 13, 13, 0, 24, 5
Water Bottle, 0, 9, 9, 0, 0, 0
Clarence Thomas, 0, 1, 1, 0, 0, 0
Ben_Brockert, 17, 0, 0, 0, 17, 0
Marie Rowley, 0, 1, 1, 0, 0, 0
Lisathurston (page does not exist), 0, 1, 1, 0, 0, 0
EivindFOyangen (page does not exist), 0, 12, 11, 1, 0, 0
TammamS (page does not exist), 0, 1, 1, 0, 0, 0
Fares S, 0, 1, 1, 0, 0, 0
Lakhim, 0, 1, 1, 0, 0, 0
Col tom, 0, 4, 4, 0, 0, 0
Col tom/Esperanza, 0, 3, 3, 0, 0, 0
Brian G. Crawford, 0, 1, 1, 0, 0, 0
RicDod/Esperanza, 0, 4, 4, 0, 0, 0
General Eisenhower/QRVS, 0, 4, 4, 0, 0, 0
Profundity06, 0, 5, 1, 4, 0, 0
Ciraric, 0, 1, 1, 0, 0, 0
Usgnus, 0, 1, 0, 1, 0, 0
A ding ding ding ding ding ding ding (page does not exist), 0, 2, 2, 0, 0, 0
Gadig, 0, 3, 3, 0, 0, 0
Bookandcoffee, 0, 2, 2, 0, 0, 0
Canuckman, 0, 1, 1, 0, 0, 0
JohnnyBGood, 0, 2, 2, 0, 0, 0
Backburner001, 0, 3, 2, 1, 0, 0
Prince 06, 0, 1, 1, 0, 0, 0
Buchanan-Hermit/photographs, 0, 1, 0, 1, 0, 0
Thetruthbelow (page does not exist), 0, 10, 10, 0, 0, 0
Earth, 0, 2, 2, 0, 0, 0
Obli (page does not exist), 0, 11, 10, 1, 0, 0
TantalumTelluride/WikiProject Country Music, 0, 3, 3, 0, 0, 0
Matt Crypto, 0, 7, 6, 1, 0, 0
Longbow4u, 0, 1, 1, 0, 0, 0
Liberal2006, 0, 1, 0, 1, 0, 0
BesigedB, 0, 1, 1, 0, 0, 0
AlexR, 0, 5, 5, 0, 0, 0
Dbroadwell, 0, 1, 1, 0, 0, 0
Frazzydee, 1, 7, 6, 1, 0, 1
Jag123, 0, 3, 2, 1, 0, 0
Burgundavia, 22, 3, 3, 0, 22, 0
Rama, 52, 7, 5, 2, 52, 0
Inter, 28, 2, 2, 0, 26, 2
IMeowbot, 0, 2, 2, 0, 0, 0
Evanwohrman, 0, 1, 1, 0, 0, 0
Yelyos, 41, 5, 5, 0, 41, 0
Lordkinbote, 0, 3, 3, 0, 0, 0
Thames (page does not exist), 0, 16, 8, 8, 0, 0
Leidiot, 0, 18, 18, 0, 0, 0
Aksi great/Esperanza (page does not exist), 0, 8, 8, 0, 0, 0
Go for it!/Vote StrongSupport (page does not exist), 0, 1, 1, 0, 0, 0
Urshyam, 0, 23, 21, 2, 0, 0
Edwy (page does not exist), 0, 8, 8, 0, 0, 0
Lacrimosus, 37, 13, 12, 1, 36, 1
Andrew Norman, 0, 2, 2, 0, 0, 0
COgden, 14, 0, 0, 0, 12, 2
Netoholic/Admins, 0, 11, 0, 11, 0, 0
Chalst, 0, 4, 3, 1, 0, 0
Michael Hardy, 0, 1, 1, 0, 0, 0
Andris, 0, 5, 5, 0, 0, 0
Tuomas, 0, 7, 4, 3, 0, 0
cacycle, 17, 0, 0, 0, 17, 0
Mustafaa, 42, 7, 7, 0, 42, 0
Qaz, 19, 4, 4, 0, 19, 0
Luigizanasi, 0, 3, 3, 0, 0, 0
Can.27t_sleep.2C_clown_will_eat_me, 281, 0, 0, 0, 246, 35
NoSeptember/RfA voting records, 0, 1, 1, 0, 0, 0
Kirill Lokshin/Military history (page does not exist), 0, 5, 5, 0, 0, 0
Krich, 0, 2, 1, 1, 0, 0
Rickyrab, 0, 1, 1, 0, 0, 0
Jscott, 0, 1, 1, 0, 0, 0
Bookofjude/Esperanza (page does not exist), 0, 7, 7, 0, 0, 0
Iamthejabberwock, 0, 1, 1, 0, 0, 0
Constantine Evans (page does not exist), 0, 1, 1, 0, 0, 0
Dbtfz, 0, 1, 1, 0, 0, 0
Lbmixpro, 20, 2, 2, 0, 19, 1
Urthogie, 0, 4, 4, 0, 0, 0
Pathoschild/s, 0, 1, 1, 0, 0, 0
Vilcxjo, 0, 1, 1, 0, 0, 0
TonySt, 0, 2, 2, 0, 0, 0
Count Chocula, 0, 2, 2, 0, 0, 0
L1AM, 0, 1, 1, 0, 0, 0
Flailing Breegull, 0, 1, 1, 0, 0, 0
Zzyzx11/RFA nomination records, 0, 4, 4, 0, 0, 0
Peruvianllama, 84, 17, 17, 0, 81, 3
Kbh3rd, 22, 5, 4, 1, 22, 0
LukasPietsch (page does not exist), 0, 3, 2, 1, 0, 0
StabiloBoss, 0, 15, 15, 0, 0, 0
Castellanet, 0, 1, 1, 0, 0, 0
J.J.Sagnella, 0, 4, 4, 0, 0, 0
AzaToth, 143, 4, 2, 2, 135, 8
Carla Pehlke, 0, 2, 1, 1, 0, 0
Marcus2 (page does not exist), 0, 2, 2, 0, 0, 0
Bbx, 0, 3, 2, 1, 0, 0
Vslashg, 0, 1, 1, 0, 0, 0
Midgley, 0, 3, 3, 0, 0, 0
SR Bryant, 0, 3, 1, 2, 0, 0
Off!, 0, 2, 0, 2, 0, 0
Gretnagod (page does not exist), 0, 1, 0, 1, 0, 0
BlueGoose, 0, 3, 3, 0, 0, 0
Adrian/zap (page does not exist), 0, 2, 2, 0, 0, 0
Hurricane111, 0, 2, 2, 0, 0, 0
Giano, 0, 9, 6, 3, 0, 0
Osu8907, 0, 2, 2, 0, 0, 0
Kaibabsquirrel, 0, 1, 1, 0, 0, 0
Bmicomp/RfC, 0, 15, 13, 2, 0, 0
Gblaz, 0, 7, 7, 0, 0, 0
DAAdshead, 0, 1, 1, 0, 0, 0
Dussst, 0, 1, 1, 0, 0, 0
Holderca1, 0, 3, 3, 0, 0, 0
Uppland, 0, 7, 6, 1, 0, 0
BM, 0, 4, 4, 0, 0, 0
Robert McClenon, 0, 12, 10, 2, 0, 0
Norvy, 0, 3, 3, 0, 0, 0
-Ril-/BadBoy (page does not exist), 0, 6, 3, 3, 0, 0
-Ril-/Newgate (page does not exist), 0, 6, 3, 3, 0, 0
-Ril-/Nissa (page does not exist), 0, 6, 3, 3, 0, 0
Cburnett, 36, 1, 1, 0, 34, 2
PAR, 0, 1, 1, 0, 0, 0
Astrowob, 0, 1, 1, 0, 0, 0
Ciphergoth, 0, 1, 1, 0, 0, 0
Adm58, 0, 1, 1, 0, 0, 0
Haham hanuka, 0, 2, 2, 0, 0, 0
Baryonic Being, 0, 1, 1, 0, 0, 0
Ground Zero, 0, 3, 3, 0, 0, 0
Jamesite, 0, 1, 1, 0, 0, 0
StuRat, 0, 1, 1, 0, 0, 0
Cedar-Guardian, 15, 0, 0, 0, 13, 2
Redwolf24/Nominations, 0, 1, 1, 0, 0, 0
Shelburne Kismaayo, 0, 1, 1, 0, 0, 0
JCoug, 0, 1, 1, 0, 0, 0
Bogud, 0, 1, 1, 0, 0, 0
Rjm656s, 0, 2, 2, 0, 0, 0
YankSox (page does not exist), 0, 1, 1, 0, 0, 0
Thebainer/Contributions, 0, 1, 0, 1, 0, 0
CesarB, 27, 15, 11, 4, 22, 5
Gwalla, 26, 6, 5, 1, 21, 5
Sam Hocevar, 0, 5, 4, 1, 0, 0
64.62.161.12 (page does not exist), 0, 1, 0, 1, 0, 0
BeBop (page does not exist), 0, 2, 0, 2, 0, 0
Dharmabum420 (page does not exist), 0, 5, 5, 0, 0, 0
Changlc, 18, 4, 4, 0, 16, 2
Phronima, 0, 3, 3, 0, 0, 0
Bobbybuilder (page does not exist), 0, 2, 2, 0, 0, 0
Chick_Bowen, 59, 0, 0, 0, 59, 0
David_Remahl, 34, 0, 0, 0, 30, 4
33451, 0, 1, 0, 1, 0, 0
Sippan, 0, 1, 1, 0, 0, 0
Besu, 0, 1, 1, 0, 0, 0
Christopher_Sundita, 94, 0, 0, 0, 67, 27
Robin Patterson, 0, 3, 3, 0, 0, 0
Harvzsf, 0, 1, 1, 0, 0, 0
23prootie, 0, 2, 1, 1, 0, 0
Gareon, 0, 1, 1, 0, 0, 0
Christopherlin, 40, 1, 0, 1, 27, 13
SCEhardt, 23, 3, 3, 0, 23, 0
FeedthePigeos (page does not exist), 0, 1, 1, 0, 0, 0
Aucaman, 0, 7, 2, 5, 0, 0
GruntiIda (page does not exist), 0, 1, 1, 0, 0, 0
Froggy, 0, 2, 2, 0, 0, 0
Khashayar Karimi (page does not exist), 0, 3, 2, 1, 0, 0
Clarkk, 26, 0, 0, 0, 26, 0
Circeus, 71, 0, 0, 0, 71, 0
Cleared_as_filed, 36, 0, 0, 0, 36, 0
ClockworkTroll_promoted_as_ClockworkSoul, 56, 0, 0, 0, 49, 7
MattTM, 0, 1, 1, 0, 0, 0
Francisco Del Piero (page does not exist), 0, 1, 1, 0, 0, 0
Toffelginkgo, 0, 1, 1, 0, 0, 0
ClockworkTroll, 0, 1, 0, 1, 0, 0
LikeClockwork (page does not exist), 0, 1, 1, 0, 0, 0
Mattley, 0, 2, 1, 1, 0, 0
FirstPrinciples, 0, 1, 1, 0, 0, 0
GRider (page does not exist), 0, 4, 2, 2, 0, 0
Maveric149, 0, 4, 3, 1, 0, 0
TOR, 0, 1, 1, 0, 0, 0
ClockworkTroll/Name the Admin Candidate, 0, 1, 0, 1, 0, 0
Snottygobble (page does not exist), 0, 3, 3, 0, 0, 0
Cyberjunkie/Contributions, 0, 2, 2, 0, 0, 0
BenAveling, 0, 2, 2, 0, 0, 0
Shadow Puppet, 0, 1, 1, 0, 0, 0
Commander_Keane, 46, 0, 0, 0, 46, 0
Tomnason1010, 0, 1, 1, 0, 0, 0
Raichu, 0, 4, 4, 0, 0, 0
Mr. Turcotte, 0, 15, 15, 0, 0, 0
Sophysduckling, 0, 2, 2, 0, 0, 0
Zocky, 30, 5, 3, 2, 27, 3
User:Cool_Hand_Luke, 21, 0, 0, 0, 16, 5
Blankfaze/admin, 0, 4, 0, 4, 0, 0
Passw0rd, 0, 5, 0, 5, 0, 0
Eduard Gherkin (page does not exist), 0, 1, 0, 1, 0, 0
MarkusRTK, 0, 1, 1, 0, 0, 0
Masterhatch, 0, 1, 1, 0, 0, 0
Bigdottawa, 0, 1, 1, 0, 0, 0
ElAmericano, 0, 1, 1, 0, 0, 0
Silverback, 0, 10, 2, 8, 0, 0
Timothy Usher, 0, 3, 3, 0, 0, 0
Kalathalan/Esperanza, 0, 12, 12, 0, 0, 0
Nevermind2 (page does not exist), 0, 12, 12, 0, 0, 0
TheGrappler, 0, 2, 1, 1, 0, 0
Cuivienen, 99, 0, 0, 0, 76, 23
205.188.117.7 (page does not exist), 0, 1, 1, 0, 0, 0
Vitriouxc (page does not exist), 0, 1, 1, 0, 0, 0
Audacity/Esperanza (page does not exist), 0, 9, 8, 1, 0, 0
Aydee, 0, 6, 6, 0, 0, 0
Mackensen/Admin criteria, 0, 1, 0, 1, 0, 0
User:Cutler, 14, 0, 0, 0, 13, 1
Adz, 0, 1, 1, 0, 0, 0
Martyman, 79, 1, 1, 0, 76, 3
James Pinnell, 0, 1, 1, 0, 0, 0
Maestrosync, 0, 1, 1, 0, 0, 0
Mozasaur, 0, 1, 1, 0, 0, 0
CyborgTosser, 32, 1, 0, 1, 25, 7
Ruy Lopez, 0, 5, 4, 1, 0, 0
Shorne, 0, 2, 0, 2, 0, 0
Last Malthusian (page does not exist), 0, 5, 4, 1, 0, 0
Alibabs, 0, 1, 1, 0, 0, 0
Misza13/Esperanza, 0, 3, 3, 0, 0, 0
WriterFromAfar755, 0, 1, 0, 1, 0, 0
God of War, 0, 2, 0, 2, 0, 0
Blu Aardvark, 0, 2, 1, 1, 0, 0
Lomn, 0, 3, 3, 0, 0, 0
Lomn/RfC, 0, 3, 3, 0, 0, 0
Satori, 0, 7, 7, 0, 0, 0
Usrnme h8er, 0, 1, 1, 0, 0, 0
Jdavidb, 25, 4, 3, 1, 25, 0
DF08, 9, 0, 0, 0, 9, 0
Spencer195, 15, 1, 1, 0, 15, 0
DVD_R_W, 78, 0, 0, 0, 78, 0
Dogears, 0, 1, 1, 0, 0, 0
CrnaGora/Esperanza, 0, 7, 7, 0, 0, 0
Mmeinhart, 0, 15, 15, 0, 0, 0
Sastrawan, 0, 1, 1, 0, 0, 0
AreJay, 0, 1, 1, 0, 0, 0
DakotaKahn, 91, 0, 0, 0, 91, 0
Vcxlor (page does not exist), 0, 2, 2, 0, 0, 0
NightDragon, 0, 2, 2, 0, 0, 0
DanKeshet, 18, 3, 3, 0, 18, 0
Gadykozma, 0, 3, 3, 0, 0, 0
MPF, 77, 4, 3, 1, 69, 8
Celestianpower/Adminship (page does not exist), 0, 7, 6, 1, 0, 0
David_Levy_.28formerly_Lifeisunfair.29, 39, 0, 0, 0, 36, 3
Revolución, 0, 2, 2, 0, 0, 0
Malathion, 47, 7, 5, 2, 46, 1
Sesel, 24, 3, 2, 1, 17, 7
Mr. Know-It-All, 0, 4, 4, 0, 0, 0
User:David_Gerard, 41, 0, 0, 0, 41, 0
VampWillow, 0, 4, 4, 0, 0, 0
Davodd, 19, 1, 1, 0, 19, 0
Dbachmann_.28a.k.a._dab.29, 20, 0, 0, 0, 19, 1
Gangleri, 0, 2, 2, 0, 0, 0
Celcius (page does not exist), 0, 5, 5, 0, 0, 0
Marudubshinki/Admin standards (page does not exist), 0, 2, 2, 0, 0, 0
Imperialles, 0, 1, 1, 0, 0, 0
AdmiralTreyDavid, 0, 1, 1, 0, 0, 0
Karmafist/wikiphilosophies, 0, 3, 3, 0, 0, 0
Derek_Ross, 22, 0, 0, 0, 22, 0
Robsteadman (page does not exist), 0, 1, 1, 0, 0, 0
Archola, 0, 1, 1, 0, 0, 0
Archola/The Centrist Fellowship, 0, 2, 2, 0, 0, 0
RobSteadman, 0, 1, 1, 0, 0, 0
Averykrouse (page does not exist), 0, 1, 1, 0, 0, 0
Sophitus, 0, 2, 2, 0, 0, 0
Poli, 0, 11, 11, 0, 0, 0
Doc_glasgow, 45, 0, 0, 0, 43, 2
PubLife, 0, 1, 1, 0, 0, 0
Monkbel, 0, 3, 3, 0, 0, 0
Dragons_flight, 35, 0, 0, 0, 24, 11
User:DropDeadGorgias, 29, 0, 0, 0, 28, 1
Catbar, 0, 2, 2, 0, 0, 0
Dsmdgold, 42, 1, 1, 0, 32, 10
Dsmdgold/Medieval Articles (page does not exist), 0, 1, 1, 0, 0, 0
Nn-user (page does not exist), 0, 3, 3, 0, 0, 0
XenoNeon, 0, 3, 3, 0, 0, 0
Soren9580, 0, 1, 1, 0, 0, 0
Nathanlarson32767, 0, 2, 2, 0, 0, 0
Deltabeignet, 25, 3, 2, 1, 20, 5
Egil, 51, 1, 1, 0, 51, 0
PhilipO, 0, 2, 2, 0, 0, 0
R Lee E, 0, 1, 1, 0, 0, 0
Durin/Admin nominee charts (page does not exist), 0, 3, 2, 1, 0, 0
Eclectek, 0, 1, 1, 0, 0, 0
Polanco, 0, 1, 1, 0, 0, 0
Comedy240 (page does not exist), 0, 1, 1, 0, 0, 0
User:Dwindrim_.28Denni.29, 1, 0, 0, 0, 0, 1
Maoririder, 0, 3, 3, 0, 0, 0
Ashenai, 0, 6, 4, 2, 0, 0
SeanMcG, 0, 1, 1, 0, 0, 0
Rentastrawberry (page does not exist), 0, 4, 4, 0, 0, 0
Hansnesse (page does not exist), 0, 1, 1, 0, 0, 0
User:Ed_g2s, 17, 0, 0, 0, 17, 0
Edcolins, 29, 0, 0, 0, 26, 3
Sfoskett, 50, 3, 2, 1, 38, 12
Andypandy.UK/RfACriteria, 0, 3, 3, 0, 0, 0
Political Mind (page does not exist), 0, 4, 4, 0, 0, 0
Political mind/esperanza (page does not exist), 0, 2, 2, 0, 0, 0
Scott3, 0, 2, 2, 0, 0, 0
Edward, 21, 1, 0, 1, 16, 5
Rholton, 14, 3, 3, 0, 14, 0
Willief (page does not exist), 0, 1, 0, 1, 0, 0
Jriddell, 0, 1, 0, 1, 0, 0
Gordonjcp (page does not exist), 0, 1, 0, 1, 0, 0
Jeffrey O. Gustafson/Contributions, 0, 8, 8, 0, 0, 0
NickBall, 0, 1, 1, 0, 0, 0
Jellypuzzle, 0, 1, 1, 0, 0, 0
Rktect, 0, 1, 1, 0, 0, 0
El_C, 54, 0, 0, 0, 36, 18
Anilocra, 0, 2, 2, 0, 0, 0
198, 0, 1, 1, 0, 0, 0
Wally, 0, 2, 2, 0, 0, 0
User:Elf, 40, 0, 0, 0, 38, 2
Jrdioko, 0, 1, 1, 0, 0, 0
Elf/TempSong, 0, 1, 1, 0, 0, 0
JRR Trollkien, 0, 1, 0, 1, 0, 0
JRR Trollkien/warning, 0, 1, 0, 1, 0, 0
Ellsworth, 21, 1, 1, 0, 21, 0
Jogloran, 0, 1, 1, 0, 0, 0
Kewpid, 0, 1, 1, 0, 0, 0
Novacatz, 0, 1, 1, 0, 0, 0
The Eye of Timaeus, 0, 1, 1, 0, 0, 0
NickBush24, 0, 1, 1, 0, 0, 0
MarkBeer, 0, 1, 1, 0, 0, 0
Nick C, 0, 3, 3, 0, 0, 0
Flex, 0, 1, 1, 0, 0, 0
64.12.116.133 (page does not exist), 0, 1, 1, 0, 0, 0
Malfidus, 0, 1, 1, 0, 0, 0
Tagishsimon, 0, 3, 3, 0, 0, 0
Conce, 0, 1, 1, 0, 0, 0
Iamzodyourzodeveryzod, 0, 1, 1, 0, 0, 0
Jeffrey Newman, 0, 1, 1, 0, 0, 0
Apwoolrich, 0, 1, 1, 0, 0, 0
152.163.100.133 (page does not exist), 0, 1, 0, 1, 0, 0
Eugene_van_der_Pijll, 32, 0, 0, 0, 30, 2
EurekaLott, 36, 0, 0, 0, 25, 11
Avogadro94, 0, 1, 1, 0, 0, 0
EvanProdromou, 36, 0, 0, 0, 25, 11
Asbestos/RFC, 0, 3, 3, 0, 0, 0
71.112.6.189 (page does not exist), 0, 1, 1, 0, 0, 0
Evil_Monkey, 43, 0, 0, 0, 43, 0
Shirimasen, 0, 3, 3, 0, 0, 0
SocratesJedi, 0, 2, 2, 0, 0, 0
Cmouse, 0, 2, 1, 1, 0, 0
Extraordinary_Machine, 75, 0, 0, 0, 74, 1
Eternal Equinox (page does not exist), 0, 3, 3, 0, 0, 0
Skyraider, 0, 1, 1, 0, 0, 0
Extreme_Unction, 59, 0, 0, 0, 42, 17
68.190.178.87 (page does not exist), 0, 1, 1, 0, 0, 0
Nolamgm, 0, 1, 1, 0, 0, 0
Gateman1997, 0, 5, 2, 3, 0, 0
Xcali, 0, 4, 2, 2, 0, 0
Fang_Aili, 117, 0, 0, 0, 109, 8
SonicAD, 0, 3, 3, 0, 0, 0
BenjaminTsai (page does not exist), 0, 2, 2, 0, 0, 0
Mike1024, 0, 1, 1, 0, 0, 0
Buckeye80 (page does not exist), 0, 1, 0, 1, 0, 0
Alabamaslamma (page does not exist), 0, 1, 0, 1, 0, 0
Fastfission, 85, 3, 2, 1, 85, 0
Nobs01, 0, 7, 7, 0, 0, 0
Thivierr, 0, 2, 2, 0, 0, 0
Lommer, 21, 6, 5, 1, 17, 4
Al guy, 0, 1, 1, 0, 0, 0
Daryou, 0, 1, 1, 0, 0, 0
Bratsche/Archive01, 0, 1, 1, 0, 0, 0
Unbehagen, 0, 2, 2, 0, 0, 0
Feco, 24, 1, 1, 0, 21, 3
Argyrosargyrou, 0, 1, 1, 0, 0, 0
Rangerdude, 0, 6, 1, 5, 0, 0
Cberlet (page does not exist), 0, 2, 2, 0, 0, 0
Adraeus, 0, 2, 0, 2, 0, 0
Mrfixter, 0, 4, 3, 1, 0, 0
Astanhope, 0, 1, 1, 0, 0, 0
Shem Daimwood (page does not exist), 0, 7, 7, 0, 0, 0
WAS 4.250, 0, 2, 1, 1, 0, 0
Rkevins82, 0, 1, 0, 1, 0, 0
Fernando_Rizo, 34, 0, 0, 0, 32, 2
Ericg, 0, 1, 1, 0, 0, 0
Brownman40, 0, 1, 1, 0, 0, 0
Agriculture, 0, 1, 1, 0, 0, 0
Hohohob, 0, 2, 2, 0, 0, 0
Fir0002/Discussion on templates, 0, 1, 0, 1, 0, 0
Fire_Star, 19, 0, 0, 0, 19, 0
ProjeX, 0, 1, 1, 0, 0, 0
AWilliamson, 0, 1, 1, 0, 0, 0
Treacka, 0, 1, 1, 0, 0, 0
Falphin, 0, 10, 10, 0, 0, 0
NymphadoraTonks, 0, 1, 1, 0, 0, 0
Yodakii, 0, 3, 3, 0, 0, 0
CoolKatt number 99999, 0, 1, 1, 0, 0, 0
Ballista, 0, 1, 1, 0, 0, 0
TrackerTV/Links (page does not exist), 0, 1, 1, 0, 0, 0
Firsfron/Admin coaching, 0, 1, 0, 1, 0, 0
Fuzzie, 0, 2, 2, 0, 0, 0
GeorgeMoney/Esperanza (page does not exist), 0, 2, 2, 0, 0, 0
Feezo/Esperanza (page does not exist), 0, 1, 1, 0, 0, 0
Mccready, 0, 2, 0, 2, 0, 0
Kickstart70, 0, 1, 0, 1, 0, 0
Tvaughn05/EP, 0, 1, 1, 0, 0, 0
Bkwillwm, 0, 1, 1, 0, 0, 0
Miljoshi, 0, 3, 3, 0, 0, 0
Ronline, 41, 3, 3, 0, 38, 3
Aaronbrick, 0, 1, 1, 0, 0, 0
Link9er, 0, 1, 1, 0, 0, 0
Valmi, 0, 1, 1, 0, 0, 0
Donarreiskoffer, 0, 2, 2, 0, 0, 0
Lifeisunfair, 0, 3, 2, 1, 0, 0
Fred_chessplayer, 54, 0, 0, 0, 50, 4
Yeltensic42.618 (page does not exist), 0, 3, 2, 1, 0, 0
Fred chessplayer (page does not exist), 0, 2, 2, 0, 0, 0
Habj, 0, 1, 0, 1, 0, 0
Maltmomma, 0, 3, 3, 0, 0, 0
Comics, 0, 1, 0, 1, 0, 0
Kewp, 0, 5, 4, 1, 0, 0
JMBell, 0, 2, 2, 0, 0, 0
Christopher Mahan, 0, 1, 1, 0, 0, 0
Gimmiet (page does not exist), 0, 2, 2, 0, 0, 0
Craigkbryant, 0, 1, 1, 0, 0, 0
Demonweed, 0, 1, 1, 0, 0, 0
Kaldari, 33, 6, 4, 2, 32, 1
The Literate Engineer, 0, 5, 5, 0, 0, 0
Mysidia, 0, 3, 3, 0, 0, 0
Humblefool, 41, 6, 5, 1, 31, 10
White Cat, 0, 2, 2, 0, 0, 0
Bcat, 0, 1, 1, 0, 0, 0
Gabbe, 17, 0, 0, 0, 17, 0
Wernher, 28, 3, 3, 0, 28, 0
Yoshiah ap, 0, 2, 2, 0, 0, 0
DG, 0, 3, 1, 2, 0, 0
Ravikiran r, 0, 3, 3, 0, 0, 0
WikiScholarChad (page does not exist), 0, 1, 1, 0, 0, 0
Bmaganti, 0, 1, 1, 0, 0, 0
Thewolfstar, 0, 1, 1, 0, 0, 0
152.163.100.69 (page does not exist), 0, 1, 1, 0, 0, 0
Curpz (page does not exist), 0, 1, 1, 0, 0, 0
Magicalsaumy, 0, 1, 1, 0, 0, 0
999 (page does not exist), 0, 1, 1, 0, 0, 0
Garzo_.28Gareth_Hughes.29, 39, 0, 0, 0, 39, 0
Benne, 0, 1, 1, 0, 0, 0
Karmosin, 0, 2, 2, 0, 0, 0
Martin-C, 0, 1, 1, 0, 0, 0
Gdr, 23, 4, 4, 0, 23, 0
Nickshanks, 15, 4, 4, 0, 15, 0
CXI, 0, 1, 1, 0, 0, 0
Alex Golub, 0, 1, 1, 0, 0, 0
Euphoria, 0, 1, 1, 0, 0, 0
Ashdurbat, 0, 1, 1, 0, 0, 0
Profoss, 0, 1, 1, 0, 0, 0
ElBenevolente, 0, 4, 1, 3, 0, 0
Mike Storm, 0, 1, 1, 0, 0, 0
Salasks, 0, 2, 2, 0, 0, 0
Conte Giacomo, 0, 1, 1, 0, 0, 0
Gflores, 95, 0, 0, 0, 95, 0
Monkeyman, 0, 1, 1, 0, 0, 0
Whopper (page does not exist), 0, 3, 3, 0, 0, 0
24.18.171.99 (page does not exist), 0, 1, 1, 0, 0, 0
Abögarp, 0, 2, 2, 0, 0, 0
Dharmabum420/Esperanza, 0, 2, 2, 0, 0, 0
Macropode, 0, 1, 1, 0, 0, 0
Goobergunch, 0, 3, 3, 0, 0, 0
MC MasterChef, 0, 3, 3, 0, 0, 0
Megapixie, 0, 1, 1, 0, 0, 0
Nlu, 57, 4, 3, 1, 57, 0
Graft, 34, 0, 0, 0, 27, 7
Alcidebava, 0, 1, 1, 0, 0, 0
Heidijane (page does not exist), 0, 1, 1, 0, 0, 0
TedE/Administrator standards, 0, 2, 2, 0, 0, 0
Joturner/DSoDD (page does not exist), 0, 5, 3, 2, 0, 0
Domthedude001, 0, 1, 1, 0, 0, 0
Domthedude001/Esperanza (page does not exist), 0, 1, 1, 0, 0, 0
Cchan199206/esperanza (page does not exist), 0, 1, 1, 0, 0, 0
Fsotrain09, 0, 1, 1, 0, 0, 0
Damsleth, 0, 1, 0, 1, 0, 0
GregRobson, 12, 0, 0, 0, 9, 3
Howee, 0, 1, 1, 0, 0, 0
Sorna Doon, 0, 1, 1, 0, 0, 0
Zora, 0, 4, 4, 0, 0, 0
Kwamikagami, 48, 4, 3, 1, 36, 12
Rydia, 0, 1, 1, 0, 0, 0
Grendelkhan, 79, 2, 1, 1, 74, 5
Nookdog (page does not exist), 0, 2, 1, 1, 0, 0
Captain Disdain, 0, 5, 4, 1, 0, 0
Grm_wnr, 27, 0, 0, 0, 24, 3
JarlaxleArtemis, 0, 5, 5, 0, 0, 0
Ground_Zero, 31, 0, 0, 0, 29, 2
Pianoman87, 0, 2, 2, 0, 0, 0
DoubleBlue, 0, 1, 1, 0, 0, 0
Jord, 0, 1, 1, 0, 0, 0
Zhatt, 0, 3, 3, 0, 0, 0
Uber nemo, 0, 2, 2, 0, 0, 0
Earl Andrew, 0, 1, 1, 0, 0, 0
Kurieeto, 0, 1, 1, 0, 0, 0
UTSRelativity, 0, 1, 1, 0, 0, 0
Flehmen, 0, 1, 1, 0, 0, 0
Spinboy, 0, 1, 0, 1, 0, 0
Slavik IVANOV, 0, 1, 1, 0, 0, 0
Remember me, 0, 1, 0, 1, 0, 0
Goodoldpolonius2, 47, 2, 1, 1, 44, 3
NSLE/Adminship Criteria, 0, 1, 1, 0, 0, 0
Onco p53, 0, 3, 3, 0, 0, 0
E Pluribus Anthony, 0, 5, 4, 1, 0, 0
Super Ted, 0, 1, 1, 0, 0, 0
American Patriot 1776 (page does not exist), 0, 2, 2, 0, 0, 0
Fantasy, 0, 1, 1, 0, 0, 0
Michael, 0, 1, 0, 1, 0, 0
Mike Garcia, 0, 1, 0, 1, 0, 0
Cantus, 0, 1, 0, 1, 0, 0
Ungtss, 0, 1, 1, 0, 0, 0
Rkstaylor, 0, 1, 1, 0, 0, 0
CaribDigita, 0, 1, 1, 0, 0, 0
SomeStranger, 0, 5, 5, 0, 0, 0
Myrtone86, 0, 4, 1, 3, 0, 0
Pgunn, 0, 3, 3, 0, 0, 0
Triskaideka, 0, 1, 1, 0, 0, 0
Gyrofrog, 19, 0, 0, 0, 19, 0
Hall_Monitor, 48, 0, 0, 0, 47, 1
Vizcarra, 0, 4, 4, 0, 0, 0
PTSE, 0, 1, 1, 0, 0, 0
Jacj, 0, 1, 1, 0, 0, 0
KeithD, 0, 4, 4, 0, 0, 0
Hamster_Sandwich, 45, 0, 0, 0, 44, 1
Hamster Sandwich., 0, 1, 1, 0, 0, 0
Hamster-Sandwich (page does not exist), 0, 1, 1, 0, 0, 0
Hashar, 34, 0, 0, 0, 32, 2
4.156.189.118 (page does not exist), 0, 1, 1, 0, 0, 0
Edinborgarstefan, 0, 3, 3, 0, 0, 0
Arndisdunja, 0, 1, 1, 0, 0, 0
Rhion, 0, 1, 1, 0, 0, 0
Francis Schonken, 0, 1, 0, 1, 0, 0
Steiger, 0, 1, 1, 0, 0, 0
Hedley, 35, 0, 0, 0, 26, 9
Master Psychologist, 0, 1, 0, 1, 0, 0
Henrygb, 25, 3, 2, 1, 23, 2
Aucaman/Esperanza, 0, 3, 1, 2, 0, 0
Eagleamn, 0, 1, 1, 0, 0, 0
Zifnabxar, 0, 1, 1, 0, 0, 0
D-Rock, 0, 1, 1, 0, 0, 0
Simonfairfax, 0, 1, 1, 0, 0, 0
Sam Pointon, 0, 1, 1, 0, 0, 0
Jefffire, 0, 2, 2, 0, 0, 0
Tlogmer, 0, 1, 1, 0, 0, 0
Polotet, 0, 3, 3, 0, 0, 0
GangstaEB, 0, 5, 5, 0, 0, 0
GangstaEB/pagemap, 0, 4, 4, 0, 0, 0
GangstaEB/Esperanza (page does not exist), 0, 4, 4, 0, 0, 0
Vildricianus, 0, 2, 2, 0, 0, 0
Amynewyork4248, 0, 1, 0, 1, 0, 0
Draeco, 0, 2, 1, 1, 0, 0
Perceval, 0, 4, 0, 4, 0, 0
Clarkbhm, 0, 1, 1, 0, 0, 0
HorsePunchKid, 51, 0, 0, 0, 51, 0
Exlibris, 0, 1, 1, 0, 0, 0
Joe Beaudoin Jr., 0, 1, 1, 0, 0, 0
Scoo, 0, 1, 1, 0, 0, 0
Segv11, 0, 2, 2, 0, 0, 0
Iasson, 0, 2, 2, 0, 0, 0
Humblefool/Message1 (page does not exist), 0, 1, 1, 0, 0, 0
Humus_sapiens, 123, 0, 0, 0, 116, 7
Tasc (page does not exist), 0, 1, 1, 0, 0, 0
Drboisclair, 0, 1, 1, 0, 0, 0
The Republican (page does not exist), 0, 1, 1, 0, 0, 0
Chodorkovskiy, 0, 1, 1, 0, 0, 0
Kaisershatner, 62, 3, 3, 0, 48, 14
Aiden (page does not exist), 0, 1, 1, 0, 0, 0
Doright, 0, 1, 0, 1, 0, 0
LuckyLittleGrasshopper, 0, 1, 0, 1, 0, 0
Hyacinth, 49, 1, 0, 1, 42, 7
Herschelkrustofsky, 0, 1, 1, 0, 0, 0
Sethmahoney, 0, 2, 2, 0, 0, 0
WHEELER, 0, 1, 0, 1, 0, 0
Stevenzenith, 0, 1, 0, 1, 0, 0
Husnock, 45, 1, 0, 1, 40, 5
Ronabop, 0, 3, 3, 0, 0, 0
Hypernovean, 20, 0, 0, 0, 19, 1
Spectatrix, 0, 4, 4, 0, 0, 0
Margana, 0, 1, 1, 0, 0, 0
Wikizach, 0, 2, 2, 0, 0, 0
Prasi90 (page does not exist), 0, 4, 0, 4, 0, 0
Nach0king, 0, 1, 0, 1, 0, 0
SoM, 0, 1, 1, 0, 0, 0
Hackmiester, 0, 1, 1, 0, 0, 0
Kingjeff (page does not exist), 0, 1, 1, 0, 0, 0
Pedriana, 0, 2, 2, 0, 0, 0
Stevecov, 0, 1, 1, 0, 0, 0
Splintax, 0, 1, 1, 0, 0, 0
POY (page does not exist), 0, 1, 1, 0, 0, 0
Icairns, 26, 0, 0, 0, 26, 0
JonasWarding (page does not exist), 0, 1, 1, 0, 0, 0
Admiral Roo (page does not exist), 0, 1, 0, 1, 0, 0
Idont_havaname, 62, 0, 0, 0, 54, 8
CarbonCopy, 0, 2, 2, 0, 0, 0
Bourbons3 (page does not exist), 0, 3, 3, 0, 0, 0
Ilmari_Karonen, 31, 0, 0, 0, 31, 0
Thorri (page does not exist), 0, 2, 2, 0, 0, 0
Garzo, 0, 3, 3, 0, 0, 0
J. Nguyen, 0, 1, 1, 0, 0, 0
Thorpe (page does not exist), 0, 11, 10, 1, 0, 0
Kappa/Records, 0, 1, 0, 1, 0, 0
Ashley Pomeroy, 0, 4, 4, 0, 0, 0
Sreed1234, 53, 2, 1, 1, 45, 8
Ish_ishwar, 49, 0, 0, 0, 38, 11
Doric Loon, 0, 2, 1, 1, 0, 0
Whimemsz (page does not exist), 0, 1, 1, 0, 0, 0
Arabani, 0, 1, 1, 0, 0, 0
Mwl (page does not exist), 0, 1, 1, 0, 0, 0
Izehar, 56, 0, 0, 0, 55, 1
Elliskev, 0, 3, 3, 0, 0, 0
HoodedMan, 0, 5, 5, 0, 0, 0
Mh, 0, 1, 1, 0, 0, 0
R3m0t, 37, 3, 3, 0, 37, 0
Arunram, 0, 3, 3, 0, 0, 0
User:JCarriker, 23, 0, 0, 0, 22, 1
JDoorjam/Koan of Jimbo, 0, 1, 1, 0, 0, 0
Xtreambar, 0, 1, 1, 0, 0, 0
Btm, 0, 1, 1, 0, 0, 0
JLaTondre, 67, 0, 0, 0, 61, 6
NOVO-REI, 0, 1, 1, 0, 0, 0
Grandmasterka/RfA Criteria (page does not exist), 0, 1, 1, 0, 0, 0
Scarbor (page does not exist), 0, 1, 1, 0, 0, 0
L33tminion, 0, 2, 2, 0, 0, 0
MikeJ9919, 0, 4, 4, 0, 0, 0
Ben Babcock, 0, 4, 4, 0, 0, 0
SilverSide (page does not exist), 0, 1, 1, 0, 0, 0
Kertrats, 0, 1, 1, 0, 0, 0
GroundZero (page does not exist), 0, 1, 1, 0, 0, 0
PatrickA, 0, 1, 1, 0, 0, 0
Jallan, 21, 0, 0, 0, 20, 1
Eequor, 0, 4, 2, 2, 0, 0
IJzeren Jan, 0, 2, 2, 0, 0, 0
Master Thief Garrett, 0, 2, 1, 1, 0, 0
Chris.lester (page does not exist), 0, 1, 1, 0, 0, 0
Dragons flight/RFA summary, 0, 1, 0, 1, 0, 0
Jaranda/Archive10 (page does not exist), 0, 1, 0, 1, 0, 0
Mexcellent, 0, 1, 0, 1, 0, 0
Zamaq (page does not exist), 0, 1, 0, 1, 0, 0
64.12.116.74, 0, 1, 0, 1, 0, 0
65.127.231.5 (page does not exist), 0, 1, 0, 1, 0, 0
Jareth, 32, 0, 0, 0, 22, 10
24.55.228.56 (page does not exist), 0, 1, 0, 1, 0, 0
Xed, 0, 2, 0, 2, 0, 0
Xiphon, 0, 3, 3, 0, 0, 0
Bruce1ee, 0, 1, 1, 0, 0, 0
Reperire, 0, 1, 1, 0, 0, 0
Jdavidb/Linkspam, 0, 1, 1, 0, 0, 0
Jeffrey_O._Gustafson, 34, 0, 0, 0, 34, 0
Rentastrawberry/Classic Rock Full List, 0, 2, 2, 0, 0, 0
JeremyA, 31, 8, 8, 0, 31, 0
Jeronimo, 24, 0, 0, 0, 24, 0
JesseW, 36, 0, 0, 0, 36, 0
Jinian, 11, 0, 0, 0, 10, 1
Wwoods, 13, 2, 2, 0, 12, 1
Jitse_Niesen, 29, 0, 0, 0, 29, 0
Lethe, 56, 3, 3, 0, 55, 1
MathMartin, 0, 2, 2, 0, 0, 0
Markus Schmaus, 0, 1, 1, 0, 0, 0
Linas, 0, 2, 2, 0, 0, 0
FuriousFreddy, 0, 1, 1, 0, 0, 0
Jiy (page does not exist), 0, 1, 1, 0, 0, 0
jnothman, 50, 0, 0, 0, 44, 6
LesleyW, 0, 1, 1, 0, 0, 0
Sputnikcccp/Hebrew Alphabet, 0, 1, 1, 0, 0, 0
Sputnikcccp, 0, 1, 1, 0, 0, 0
Thelb4, 0, 1, 1, 0, 0, 0
Ari89, 0, 1, 1, 0, 0, 0
Billlion, 0, 2, 1, 1, 0, 0
Tdwin476, 0, 1, 1, 0, 0, 0
Seglea, 1, 1, 1, 0, 0, 1
Smiley77, 0, 1, 1, 0, 0, 0
Ilario, 0, 1, 1, 0, 0, 0
Joe_Beaudoin_Jr., 25, 0, 0, 0, 20, 5
PZFUN/signature (page does not exist), 0, 1, 0, 1, 0, 0
Otto ter Haar, 0, 1, 1, 0, 0, 0
Heltec, 0, 1, 1, 0, 0, 0
Nnfolz, 0, 1, 1, 0, 0, 0
Johann_Wolfgang, 51, 0, 0, 0, 36, 15
Johntex/Talk01, 0, 1, 1, 0, 0, 0
Jareha, 0, 2, 2, 0, 0, 0
Guapovia, 0, 1, 1, 0, 0, 0
Hillman, 0, 1, 1, 0, 0, 0
Jute whatever, 0, 1, 1, 0, 0, 0
Jojit fb, 0, 1, 1, 0, 0, 0
Bluemask, 0, 1, 1, 0, 0, 0
Talrias, 35, 2, 1, 1, 29, 6
Josh_Grosse, 16, 0, 0, 0, 16, 0
Josh Grosse, 0, 1, 1, 0, 0, 0
HawkerTyphoon, 0, 1, 1, 0, 0, 0
Wizrdwarts (page does not exist), 0, 2, 2, 0, 0, 0
Sean gorter, 0, 1, 1, 0, 0, 0
Lucille S, 0, 1, 1, 0, 0, 0
Nezzadar (page does not exist), 0, 2, 0, 2, 0, 0
Anonymous anonymous/RFA Criteria, 0, 2, 1, 1, 0, 0
MartinRe, 0, 4, 1, 3, 0, 0
Vulcanstar6, 0, 8, 7, 1, 0, 0
Bonafide.hustla (page does not exist), 0, 2, 2, 0, 0, 0
Jason Gastrich, 0, 1, 1, 0, 0, 0
Sjsharksrs, 0, 3, 2, 1, 0, 0
Josiah_Rowe, 57, 0, 0, 0, 56, 1
M Johnson, 0, 1, 1, 0, 0, 0
Baryonyx, 0, 1, 1, 0, 0, 0
Badlydrawnjeff/Meme (page does not exist), 0, 1, 1, 0, 0, 0
Khalif, 0, 1, 1, 0, 0, 0
OmegaWikipedia, 0, 1, 1, 0, 0, 0
Joy_Stovall, 22, 0, 0, 0, 22, 0
Tubular (page does not exist), 0, 1, 1, 0, 0, 0
Leif, 0, 1, 1, 0, 0, 0
Seeaxid, 0, 1, 1, 0, 0, 0
Madd4Max, 0, 2, 2, 0, 0, 0
Krystyn Dominik, 0, 1, 1, 0, 0, 0
Coolcat (page does not exist), 0, 5, 5, 0, 0, 0
CAPS LOCK, 0, 1, 1, 0, 0, 0
Tarquin Binary, 0, 1, 1, 0, 0, 0
Dominick, 0, 2, 2, 0, 0, 0
RasputinAXP, 69, 2, 2, 0, 58, 11
24.93.170.23 (page does not exist), 0, 1, 1, 0, 0, 0
Megamix (page does not exist), 0, 3, 3, 0, 0, 0
Saberwyn, 0, 1, 1, 0, 0, 0
Saberwyn/Zoids expansion project (page does not exist), 0, 1, 1, 0, 0, 0
El Cazangero, 0, 1, 1, 0, 0, 0
ElectricRay, 0, 1, 1, 0, 0, 0
CyclePat\building a case for RFC (page does not exist), 0, 1, 0, 1, 0, 0
GrumpyTroll, 0, 1, 1, 0, 0, 0
Nightbeast, 0, 2, 2, 0, 0, 0
Mark83, 59, 1, 1, 0, 55, 4
KF, 18, 0, 0, 0, 18, 0
MatriX, 0, 5, 5, 0, 0, 0
Karada, 13, 0, 0, 0, 13, 0
Belkis, 0, 1, 0, 1, 0, 0
SaltyPig, 0, 2, 0, 2, 0, 0
Rlvaughn, 0, 1, 0, 1, 0, 0
Huaiwei, 0, 5, 5, 0, 0, 0
kcordina, 51, 0, 0, 0, 51, 0
Gangsta-Easter-Bunny (page does not exist), 0, 3, 3, 0, 0, 0
Gangsta-Easter-Bunny/pagemap (page does not exist), 0, 2, 2, 0, 0, 0
Gangsta-Easter-Bunny/Esperanza (page does not exist), 0, 2, 2, 0, 0, 0
Keenan_Pepper, 84, 0, 0, 0, 84, 0
J.Steinbock, 0, 3, 3, 0, 0, 0
Amcfreely, 0, 3, 3, 0, 0, 0
Burgwerworldz (page does not exist), 0, 1, 1, 0, 0, 0
Condem/Esperanza, 0, 1, 1, 0, 0, 0
Boxero, 0, 3, 3, 0, 0, 0
My Cat inn, 0, 1, 1, 0, 0, 0
Lovecoconuts, 0, 1, 1, 0, 0, 0
Jamyskis, 0, 3, 3, 0, 0, 0
Ansell, 0, 3, 1, 2, 0, 0
User:Kim_Bruning, 4, 0, 0, 0, 3, 1
80.126.238.189 (page does not exist), 0, 1, 1, 0, 0, 0
Mets501/EA, 0, 3, 2, 1, 0, 0
Digitalme/*FA, 0, 2, 2, 0, 0, 0
Kimchi.sg/New (page does not exist), 0, 1, 1, 0, 0, 0
Batman2005, 0, 1, 1, 0, 0, 0
Eivind F Øyangen, 0, 1, 1, 0, 0, 0
Sumalsn, 0, 3, 3, 0, 0, 0
149.151.192.145 (page does not exist), 0, 1, 1, 0, 0, 0
9cds, 0, 4, 3, 1, 0, 0
Raphael1, 0, 1, 0, 1, 0, 0
King_of_Hearts, 84, 0, 0, 0, 83, 1
Webdinger/In Memory, 0, 2, 2, 0, 0, 0
Webdinger, 0, 3, 3, 0, 0, 0
KimvdLinde, 103, 0, 0, 0, 88, 15
Deiaemeth, 0, 2, 2, 0, 0, 0
Yessrao, 0, 1, 1, 0, 0, 0
BTLizard, 0, 1, 1, 0, 0, 0
Limegreen, 0, 1, 1, 0, 0, 0
FeedThePigeons (page does not exist), 0, 1, 1, 0, 0, 0
ShootJar/Proposal (page does not exist), 0, 1, 1, 0, 0, 0
ShortJason, 0, 3, 3, 0, 0, 0
Gleng, 0, 1, 0, 1, 0, 0
Jnk, 0, 1, 1, 0, 0, 0
Cleduc, 0, 3, 3, 0, 0, 0
Lou franklin, 0, 4, 0, 4, 0, 0
Hernando Cortez, 0, 1, 0, 1, 0, 0
WIkiman, 0, 1, 0, 1, 0, 0
Vanky, 0, 1, 1, 0, 0, 0
Kirill_Lokshin, 36, 0, 0, 0, 36, 0
Wistless, 0, 1, 1, 0, 0, 0
Kwekubo, 0, 1, 1, 0, 0, 0
69.57.154.67 (page does not exist), 0, 1, 1, 0, 0, 0
Knowledge_Seeker, 28, 0, 0, 0, 28, 0
Jasenlee, 0, 1, 1, 0, 0, 0
Suffice, 0, 2, 2, 0, 0, 0
KnowledgeOfSelf/Experiments, 0, 1, 1, 0, 0, 0
Kukini/Welcome, 0, 1, 1, 0, 0, 0
EWS23/E, 0, 1, 1, 0, 0, 0
kungfuadam, 62, 0, 0, 0, 56, 6
86.140.128.28 (page does not exist), 0, 1, 0, 1, 0, 0
Space Cadet, 0, 1, 1, 0, 0, 0
Ish ishwar, 0, 1, 1, 0, 0, 0
Urhixidur, 16, 1, 1, 0, 15, 1
Baad, 0, 1, 1, 0, 0, 0
24ip (page does not exist), 0, 2, 1, 1, 0, 0
The prophet wizard of the crayon cake, 0, 1, 1, 0, 0, 0
86.134.91.73 (page does not exist), 0, 1, 1, 0, 0, 0
Kylu/rfa (page does not exist), 0, 1, 0, 1, 0, 0
Joturner/Different Standards on Different Days (page does not exist), 0, 2, 2, 0, 0, 0
Kedi the tramp, 0, 1, 1, 0, 0, 0
Jklin, 0, 2, 2, 0, 0, 0
JamieJones/Templates, 0, 1, 1, 0, 0, 0
JamieJones, 0, 1, 1, 0, 0, 0
Deadkid dk, 0, 1, 1, 0, 0, 0
Rathne, 0, 1, 1, 0, 0, 0
GeorgeMoney/potd, 0, 2, 2, 0, 0, 0
Labelledamesansmerci, 0, 1, 1, 0, 0, 0
Snottygobble/Contributions (page does not exist), 0, 1, 0, 1, 0, 0
Lachatdelarue, 15, 0, 0, 0, 10, 5
Dspserpico, 0, 1, 1, 0, 0, 0
Aatuapina (page does not exist), 0, 1, 1, 0, 0, 0
NigelJ, 0, 1, 1, 0, 0, 0
Yskyflyer, 0, 1, 1, 0, 0, 0
Aibarr, 0, 1, 1, 0, 0, 0
Ironbrew, 0, 1, 1, 0, 0, 0
Goldensun, 0, 1, 1, 0, 0, 0
Radiant, 0, 1, 1, 0, 0, 0
Ncsaint, 0, 1, 1, 0, 0, 0
Expensivehat, 0, 1, 1, 0, 0, 0
Joanofanarchy (page does not exist), 0, 1, 1, 0, 0, 0
Luigi30, 63, 7, 5, 2, 44, 19
QBorg, 0, 1, 1, 0, 0, 0
AFD Bot, 0, 1, 1, 0, 0, 0
TJDay (page does not exist), 0, 1, 1, 0, 0, 0
Nogwa, 0, 1, 1, 0, 0, 0
Ruennsheng, 0, 1, 1, 0, 0, 0
Sebesta, 0, 1, 1, 0, 0, 0
Batmanand/Opinions/RfA, 0, 6, 6, 0, 0, 0
Tnarg 12345, 0, 1, 1, 0, 0, 0
Yongblood, 0, 1, 1, 0, 0, 0
Lord_Voldemort, 197, 0, 0, 0, 177, 20
Ilyanep/Esperanza, 0, 1, 1, 0, 0, 0
Sauron (page does not exist), 0, 1, 0, 1, 0, 0
TheNecromancer (page does not exist), 0, 1, 1, 0, 0, 0
Nathanrdotcom/Esperanza (page does not exist), 0, 4, 4, 0, 0, 0
Fabartus, 0, 1, 1, 0, 0, 0
GilliamJF (page does not exist), 0, 1, 1, 0, 0, 0
Cthulhu (page does not exist), 0, 1, 0, 1, 0, 0
Unicron (page does not exist), 0, 1, 0, 1, 0, 0
Takhisis, 0, 1, 0, 1, 0, 0
LordAmeth, 24, 0, 0, 0, 24, 0
YHoshua, 0, 1, 1, 0, 0, 0
Raul654/Raul's laws, 0, 2, 1, 1, 0, 0
Naja Haje (page does not exist), 0, 1, 1, 0, 0, 0
Haeleth, 0, 1, 0, 1, 0, 0
Lupin/popups.js, 0, 1, 0, 1, 0, 0
CryptoDerk/CDVF, 0, 1, 0, 1, 0, 0
User:Lupo, 18, 0, 0, 0, 17, 1
Romanm, 0, 4, 4, 0, 0, 0
Drbug, 0, 2, 2, 0, 0, 0
JamesMLane, 0, 1, 1, 0, 0, 0
Eoghanacht, 0, 1, 1, 0, 0, 0
Kizzle, 0, 3, 2, 1, 0, 0
Daniel11, 0, 1, 1, 0, 0, 0
Mr. Tibbs, 0, 1, 0, 1, 0, 0
TheChief, 0, 1, 0, 1, 0, 0
172.130.8.51 (page does not exist), 0, 1, 0, 1, 0, 0
Sdedeo, 0, 1, 0, 1, 0, 0
AKGhetto, 0, 2, 2, 0, 0, 0
Berton, 0, 1, 1, 0, 0, 0
Zaui, 0, 1, 1, 0, 0, 0
Username132 (page does not exist), 0, 1, 1, 0, 0, 0
Nickj, 0, 3, 3, 0, 0, 0
TonyW, 0, 1, 1, 0, 0, 0
ClockworkSoul/sig (page does not exist), 0, 2, 2, 0, 0, 0
Lifefeed, 0, 1, 1, 0, 0, 0
Mailer_diablo, 33, 0, 0, 0, 29, 4
202.156.2.170 (page does not exist), 0, 1, 1, 0, 0, 0
Sghan, 0, 1, 1, 0, 0, 0
Tjc, 0, 3, 3, 0, 0, 0
Instantnood, 0, 4, 3, 1, 0, 0
Alynna.Kasmira, 0, 1, 1, 0, 0, 0
Quicksandish, 0, 1, 1, 0, 0, 0
Someoneinmyheadbutit'snotme, 0, 1, 1, 0, 0, 0
Malathion/POV (page does not exist), 0, 1, 1, 0, 0, 0
Malcolm_Farmer, 15, 0, 0, 0, 15, 0
Omniplex, 0, 1, 1, 0, 0, 0
Sunholm, 0, 1, 1, 0, 0, 0
66.167.252.241 (page does not exist), 0, 1, 0, 1, 0, 0
Marianocecowski, 22, 3, 3, 0, 21, 1
Pablo-flores, 27, 2, 2, 0, 27, 0
SpiceMan, 0, 1, 1, 0, 0, 0
Marine_69-71, 41, 0, 0, 0, 35, 6
Cjrs 79, 0, 1, 1, 0, 0, 0
Coburnpharr04, 0, 1, 1, 0, 0, 0
Stereotek, 0, 2, 2, 0, 0, 0
NoPuzzleStranger, 0, 2, 0, 2, 0, 0
User:Mark, 25, 0, 0, 0, 25, 0
Tothebarricades.tk, 0, 1, 1, 0, 0, 0
Mark_Dingemanse, 25, 0, 0, 0, 25, 0
A2Kafir, 0, 1, 1, 0, 0, 0
Wikipedia Username, 0, 1, 1, 0, 0, 0
AI, 0, 1, 0, 1, 0, 0
ColumbusCrew29, 0, 1, 1, 0, 0, 0
Gimboid13, 0, 1, 1, 0, 0, 0
Goddess of War, 0, 1, 1, 0, 0, 0
Xhysa (page does not exist), 0, 1, 1, 0, 0, 0
Pally01 (page does not exist), 0, 1, 1, 0, 0, 0
Alecmconroy, 0, 1, 1, 0, 0, 0
Biff loman9 (page does not exist), 0, 1, 0, 1, 0, 0
Jesster79, 0, 1, 0, 1, 0, 0
Bjones, 0, 1, 1, 0, 0, 0
Master_Jay, 84, 0, 0, 0, 62, 22
Davidpk212 (page does not exist), 0, 1, 1, 0, 0, 0
Sgrayban, 0, 1, 1, 0, 0, 0
CasualFighter, 0, 1, 0, 1, 0, 0
Master_Thief_Garrett, 46, 0, 0, 0, 38, 8
Mathwiz2020, 32, 0, 0, 0, 32, 0
BrenDJ, 0, 2, 2, 0, 0, 0
Matt_Crypto, 27, 0, 0, 0, 27, 0
Mpolo, 0, 2, 2, 0, 0, 0
Maury_Markowitz, 10, 0, 0, 0, 10, 0
ACupOfCoffee, 0, 1, 1, 0, 0, 0
24.46.201.42 (page does not exist), 0, 1, 1, 0, 0, 0
APclark, 0, 1, 1, 0, 0, 0
Mel_Etitis, 72, 0, 0, 0, 65, 7
Derek Ross, 0, 2, 2, 0, 0, 0
Ethereal, 0, 1, 1, 0, 0, 0
Bryan Derksen, 0, 1, 1, 0, 0, 0
Miborovsky, 18, 2, 2, 0, 18, 0
BlueShirts, 0, 1, 1, 0, 0, 0
Shenzhou, 0, 1, 1, 0, 0, 0
Mike_Rosoft, 43, 0, 0, 0, 39, 4
Mozzerati, 0, 3, 3, 0, 0, 0
Mikegodwin, 58, 1, 0, 1, 36, 22
WikiLeon, 0, 1, 1, 0, 0, 0
TedFrank, 0, 1, 1, 0, 0, 0
Max rspct, 0, 2, 1, 1, 0, 0
172.214.105.244 (page does not exist), 0, 1, 0, 1, 0, 0
Andrew pmk, 0, 1, 1, 0, 0, 0
Grutness/Ongoing geo-stub splits (page does not exist), 0, 1, 1, 0, 0, 0
Mindmatrix/alpha, 0, 1, 1, 0, 0, 0
Geocachernemesis (page does not exist), 0, 1, 1, 0, 0, 0
Mtz206, 66, 0, 0, 0, 51, 15
Chuck Marean, 0, 1, 1, 0, 0, 0
SomeStranger/Esperanza, 0, 3, 3, 0, 0, 0
KelleyCook, 0, 1, 1, 0, 0, 0
Snillet (page does not exist), 0, 1, 1, 0, 0, 0
Cyde/Admin criteria, 0, 1, 0, 1, 0, 0
Mulad, 21, 0, 0, 0, 21, 0
DavidLevinson, 0, 1, 1, 0, 0, 0
VenomousNinja, 0, 1, 1, 0, 0, 0
DanielES15, 0, 1, 1, 0, 0, 0
Musical_Linguist, 82, 0, 0, 0, 78, 4
Jfg284, 0, 1, 1, 0, 0, 0
Patsw, 0, 2, 2, 0, 0, 0
CQ, 0, 1, 1, 0, 0, 0
Str1977, 0, 1, 1, 0, 0, 0
DoctorW, 0, 1, 1, 0, 0, 0
Dottoreso, 0, 1, 1, 0, 0, 0
GordonWatts, 0, 1, 1, 0, 0, 0
EffK, 0, 1, 1, 0, 0, 0
Simonides, 0, 1, 1, 0, 0, 0
Jniemenmaa, 0, 1, 1, 0, 0, 0
ZS, 0, 1, 1, 0, 0, 0
Wiki brah, 0, 2, 0, 2, 0, 0
Ford, 0, 3, 2, 1, 0, 0
RattleMan, 0, 2, 2, 0, 0, 0
Bluefox (page does not exist), 0, 1, 1, 0, 0, 0
Nabla, 24, 0, 0, 0, 24, 0
Stillnotelf, 0, 7, 5, 2, 0, 0
Viridian, 0, 1, 1, 0, 0, 0
Tv316, 0, 2, 1, 1, 0, 0
Juan andrés, 0, 1, 1, 0, 0, 0
Yeltensic42 (page does not exist), 0, 1, 1, 0, 0, 0
David Sneek (page does not exist), 0, 1, 1, 0, 0, 0
IByte, 0, 1, 1, 0, 0, 0
BACbKA, 0, 1, 1, 0, 0, 0
Slivester, 0, 1, 1, 0, 0, 0
Gutterball1219 (page does not exist), 0, 1, 1, 0, 0, 0
BostonMA, 0, 1, 0, 1, 0, 0
Wikipedia is Communism, 0, 1, 0, 1, 0, 0
GMB (page does not exist), 0, 1, 0, 1, 0, 0
Theresa Knott (page does not exist), 0, 1, 0, 1, 0, 0
Monicasdude, 0, 2, 1, 1, 0, 0
Gangsta-Easter-Bunny/Left wing editors attempting to take over Wikipedia (page does not exist), 0, 1, 1, 0, 0, 0
Raddicks, 0, 1, 1, 0, 0, 0
Mydogategodshat, 0, 1, 1, 0, 0, 0
Gerald Farinas, 0, 2, 2, 0, 0, 0
CloudSurfer, 0, 1, 1, 0, 0, 0
GuloGuloGulo (page does not exist), 0, 1, 1, 0, 0, 0
Gregg (page does not exist), 0, 1, 1, 0, 0, 0
Fishboy, 0, 1, 1, 0, 0, 0
Sunborn, 0, 1, 0, 1, 0, 0
Wereon, 0, 1, 0, 1, 0, 0
ScudLee, 0, 1, 0, 1, 0, 0
BeakerK44, 0, 1, 0, 1, 0, 0
Khendon, 0, 1, 1, 0, 0, 0
Albinomonkey, 0, 1, 1, 0, 0, 0
Ed g2s, 0, 2, 2, 0, 0, 0
Firebug, 0, 3, 3, 0, 0, 0
Gego, 0, 1, 1, 0, 0, 0
LordRM, 0, 1, 1, 0, 0, 0
Crisu, 0, 1, 1, 0, 0, 0
Ardenn, 0, 1, 0, 1, 0, 0
Nixdorf, 41, 1, 0, 1, 30, 11
129.177.19.120 (page does not exist), 0, 1, 1, 0, 0, 0
Martial Law, 0, 1, 1, 0, 0, 0
No_Guru, 74, 0, 0, 0, 74, 0
Wikipedianinthehouse, 0, 1, 1, 0, 0, 0
172.162.10.219 (page does not exist), 0, 1, 1, 0, 0, 0
User:Oberiko, 15, 0, 0, 0, 14, 1
Obli, 52, 0, 0, 0, 49, 3
Waris Guud, 0, 1, 1, 0, 0, 0
User:OldakQuill, 24, 0, 0, 0, 24, 0
Vikingstad, 0, 1, 1, 0, 0, 0
KIZU (page does not exist), 0, 1, 1, 0, 0, 0
Oleg_Alexandrov, 58, 0, 0, 0, 58, 0
Mathbot, 0, 2, 2, 0, 0, 0
Avocado, 0, 1, 1, 0, 0, 0
Giftlite, 0, 1, 1, 0, 0, 0
Aravind parvatikar (page does not exist), 0, 1, 1, 0, 0, 0
Ortolan88, 27, 0, 0, 0, 27, 0
Kosebamse, 0, 2, 1, 1, 0, 0
Oven_Fresh, 28, 0, 0, 0, 19, 9
ExplorerCDT, 0, 2, 1, 1, 0, 0
Solarusdude, 0, 1, 1, 0, 0, 0
Pasboudin, 0, 2, 2, 0, 0, 0
Guitarist6987876, 0, 1, 1, 0, 0, 0
PMA, 23, 0, 0, 0, 22, 1
Jigglz2003, 0, 1, 1, 0, 0, 0
AAAAA, 0, 1, 1, 0, 0, 0
Airodyssey, 0, 1, 1, 0, 0, 0
London, 0, 1, 0, 1, 0, 0
Ejrrjs, 0, 2, 2, 0, 0, 0
Academia de las Artes y las Ciencias, 0, 1, 1, 0, 0, 0
Taragui, 0, 1, 1, 0, 0, 0
Elpincha, 0, 1, 1, 0, 0, 0
Kramtark, 0, 1, 0, 1, 0, 0
Vyzasatya (page does not exist), 0, 1, 1, 0, 0, 0
Hpnadig, 0, 1, 1, 0, 0, 0
Shantanuo, 0, 1, 1, 0, 0, 0
Pavanaja, 0, 1, 1, 0, 0, 0
Autumnleaf, 0, 1, 1, 0, 0, 0
Saksham, 0, 1, 1, 0, 0, 0
Paolo_Liberatore, 52, 0, 0, 0, 52, 0
Pathoschild, 24, 0, 0, 0, 24, 0
Paul_August, 39, 0, 0, 0, 39, 0
PRiis, 0, 2, 2, 0, 0, 0
Dralwik, 0, 1, 1, 0, 0, 0
PedanticallySpeaking/Archive3 (page does not exist), 0, 1, 1, 0, 0, 0
David Vasquez (page does not exist), 0, 2, 2, 0, 0, 0
LouI, 1, 1, 1, 0, 0, 1
Nazli, 0, 1, 1, 0, 0, 0
Fireduck, 0, 1, 1, 0, 0, 0
Staffelde, 0, 2, 2, 0, 0, 0
DavidMendoza, 0, 1, 1, 0, 0, 0
Stringops, 0, 1, 1, 0, 0, 0
Veyklevar, 0, 1, 1, 0, 0, 0
DCUnitedFan2011, 0, 1, 1, 0, 0, 0
Bidabadi (page does not exist), 0, 1, 1, 0, 0, 0
Slicky (page does not exist), 0, 1, 0, 1, 0, 0
pgk, 86, 0, 0, 0, 76, 10
Pharos, 23, 2, 1, 1, 23, 0
Phil_Boswell, 30, 0, 0, 0, 29, 1
Philip_Baird_Shearer, 94, 0, 0, 0, 89, 5
MonsterOfTheLake (page does not exist), 0, 1, 1, 0, 0, 0
Clawson, 0, 1, 1, 0, 0, 0
203.213.7.131 (page does not exist), 0, 1, 1, 0, 0, 0
DCLXVI, 0, 1, 1, 0, 0, 0
Mikez, 0, 1, 1, 0, 0, 0
82.26.172.175 (page does not exist), 0, 1, 1, 0, 0, 0
H Padleckas, 0, 1, 1, 0, 0, 0
Borb, 0, 1, 1, 0, 0, 0
~K, 0, 1, 1, 0, 0, 0
Poorleno, 0, 1, 1, 0, 0, 0
Where/Adminship criteria (page does not exist), 0, 1, 1, 0, 0, 0
Stollery/e (page does not exist), 0, 1, 1, 0, 0, 0
Starburst101, 0, 1, 1, 0, 0, 0
Dar777, 0, 1, 1, 0, 0, 0
Balcer, 0, 1, 1, 0, 0, 0
Cyp, 0, 2, 1, 1, 0, 0
Premeditated_Chaos, 23, 0, 0, 0, 22, 1
Chan Han Xiang (page does not exist), 0, 1, 1, 0, 0, 0
Megaman Zero, 0, 2, 2, 0, 0, 0
Psy_guy, 53, 0, 0, 0, 51, 2
Karol Langner, 0, 1, 1, 0, 0, 0
H2O (page does not exist), 0, 1, 1, 0, 0, 0
Punkmorten, 57, 0, 0, 0, 54, 3
KittenKlub, 0, 1, 1, 0, 0, 0
Djorgensen, 0, 1, 1, 0, 0, 0
User:Quadell, 27, 0, 0, 0, 18, 9
Beth ohara, 0, 1, 1, 0, 0, 0
Pattersonc, 0, 1, 1, 0, 0, 0
Quarl/monobook, 0, 1, 1, 0, 0, 0
R._fiend, 64, 0, 0, 0, 52, 12
R. fiend/Why VfD isn't seriously broken, 0, 1, 1, 0, 0, 0
Allan McInnes, 0, 1, 1, 0, 0, 0
Donhalcon, 0, 1, 1, 0, 0, 0
Leland McInnes, 0, 1, 1, 0, 0, 0
R3m0t/Reports2, 0, 1, 1, 0, 0, 0
Toytoy, 0, 1, 1, 0, 0, 0
Scottfisher, 0, 1, 1, 0, 0, 0
RJFJR, 28, 0, 0, 0, 28, 0
Brian Kendig, 0, 1, 0, 1, 0, 0
ManekiNeko, 0, 1, 1, 0, 0, 0
Rhetoricalwater, 0, 2, 2, 0, 0, 0
Inkypaws, 0, 1, 1, 0, 0, 0
Radiant.21, 85, 0, 0, 0, 70, 15
Sarg, 0, 1, 1, 0, 0, 0
Acela Express, 0, 1, 1, 0, 0, 0
Xiong/Metatalk, 0, 1, 0, 1, 0, 0
Brookshawn, 0, 1, 1, 0, 0, 0
Jim16, 0, 1, 1, 0, 0, 0
Shmitra, 0, 1, 1, 0, 0, 0
Supten, 0, 1, 1, 0, 0, 0
Heraclius, 0, 1, 1, 0, 0, 0
Zen-master, 0, 1, 1, 0, 0, 0
DF08 (page does not exist), 0, 1, 1, 0, 0, 0
Marsden, 0, 2, 1, 1, 0, 0
MattWright, 0, 1, 1, 0, 0, 0
Flooey, 0, 1, 1, 0, 0, 0
Cybbe, 0, 1, 1, 0, 0, 0
Zereshk, 0, 1, 1, 0, 0, 0
Itamar, 0, 1, 1, 0, 0, 0
Dervish Tsaddik, 0, 1, 0, 1, 0, 0
Julian Diamond (page does not exist), 0, 1, 1, 0, 0, 0
Joaquin Murietta, 0, 2, 1, 1, 0, 0
PMLF, 0, 1, 0, 1, 0, 0
John McW, 0, 1, 0, 1, 0, 0
Zeno of Elea, 0, 1, 0, 1, 0, 0
Windturbine, 0, 1, 0, 1, 0, 0
Mishauli (page does not exist), 0, 1, 0, 1, 0, 0
Mickwe (page does not exist), 0, 1, 0, 1, 0, 0
Almost Famous, 0, 1, 0, 1, 0, 0
Elrith, 0, 1, 0, 1, 0, 0
71.112.134.138 (page does not exist), 0, 1, 1, 0, 0, 0
Hamedog, 0, 1, 1, 0, 0, 0
Zafiroblue05, 0, 1, 1, 0, 0, 0
Antares911, 0, 1, 1, 0, 0, 0
Arrigo, 0, 1, 0, 1, 0, 0
Smurrayinchester/Greene, 0, 3, 2, 1, 0, 0
Reflex_Reaction, 38, 0, 0, 0, 30, 8
Magnus Manske, 0, 1, 1, 0, 0, 0
Womble, 0, 1, 1, 0, 0, 0
The Wheelhouse, 0, 1, 0, 1, 0, 0
ReithySockPuppet, 0, 1, 1, 0, 0, 0
Chuck F, 0, 1, 1, 0, 0, 0
Tomlillis, 0, 1, 1, 0, 0, 0
Tbc2, 0, 1, 1, 0, 0, 0
Rhymeless, 18, 0, 0, 0, 17, 1
Rogerthat, 0, 2, 2, 0, 0, 0
Rick_Block, 74, 0, 0, 0, 74, 0
Ricky81682, 22, 6, 0, 6, 21, 1
Calwatch, 0, 1, 1, 0, 0, 0
Rlandmann, 33, 0, 0, 0, 30, 3
Rlquall, 16, 1, 1, 0, 14, 2
Kevin Rector, 0, 1, 1, 0, 0, 0
Riffsyphon1024, 0, 1, 1, 0, 0, 0
User:Rmhermen, 27, 0, 0, 0, 27, 0
Mallocks, 0, 2, 2, 0, 0, 0
User:Robin_Patterson, 20, 0, 0, 0, 15, 5
Rockero, 81, 1, 1, 0, 55, 26
EKN (page does not exist), 0, 1, 0, 1, 0, 0
Oge Naws, 0, 1, 0, 1, 0, 0
IP Address, 0, 1, 0, 1, 0, 0
AdiJapan, 0, 1, 1, 0, 0, 0
ZacharyS, 0, 1, 1, 0, 0, 0
Romihaitza, 0, 1, 1, 0, 0, 0
Pv7721, 0, 1, 1, 0, 0, 0
Dacodava (page does not exist), 0, 1, 1, 0, 0, 0
Rossami, 1, 1, 1, 0, 0, 1
Bratsche's Sock, 0, 1, 1, 0, 0, 0
Hetar, 0, 4, 2, 2, 0, 0
Atanamir, 0, 1, 1, 0, 0, 0
Mwanner, 0, 1, 1, 0, 0, 0
Proto/standards (page does not exist), 0, 1, 1, 0, 0, 0
Rx_StrangeLove, 30, 0, 0, 0, 30, 0
Tmorton166/used to be (page does not exist), 0, 1, 1, 0, 0, 0
Warpflyght, 0, 1, 1, 0, 0, 0
Bobdoe, 0, 1, 1, 0, 0, 0
WOT, 0, 1, 1, 0, 0, 0
Tmh (page does not exist), 0, 1, 0, 1, 0, 0
Sam_Hocevar, 71, 0, 0, 0, 62, 9
Dave2, 0, 1, 1, 0, 0, 0
Antoinou2958 (page does not exist), 0, 1, 1, 0, 0, 0
Notafish, 0, 1, 1, 0, 0, 0
Mattb90, 0, 1, 1, 0, 0, 0
Hosterweis, 0, 1, 1, 0, 0, 0
Rama/Nemo of honour, 0, 1, 1, 0, 0, 0
(:Julien:), 0, 1, 1, 0, 0, 0
FoeNyx, 0, 1, 1, 0, 0, 0
Silsor/Sam Hocevar (page does not exist), 0, 1, 0, 1, 0, 0
Sam_Vimes, 92, 0, 0, 0, 62, 30
Swainstonation, 0, 1, 1, 0, 0, 0
Samir_.28The_Scope.29, 134, 0, 0, 0, 126, 8
Folksong, 0, 1, 1, 0, 0, 0
Cjewell, 0, 1, 1, 0, 0, 0
Hort Graz, 0, 1, 1, 0, 0, 0
Tobias Conradi, 0, 2, 2, 0, 0, 0
Bouquet, 0, 1, 1, 0, 0, 0
Samuel_Blanning, 80, 0, 0, 0, 74, 6
DickClarkMises, 0, 1, 1, 0, 0, 0
Hbackman, 0, 2, 0, 2, 0, 0
Haiduc, 0, 1, 1, 0, 0, 0
Leonard G., 0, 1, 1, 0, 0, 0
Linkofazeroth, 0, 1, 1, 0, 0, 0
Javacava, 0, 1, 1, 0, 0, 0
ZachsMind, 0, 1, 1, 0, 0, 0
194.6.242.2 (page does not exist), 0, 1, 1, 0, 0, 0
Kama, 0, 1, 1, 0, 0, 0
Sophrosune, 0, 1, 1, 0, 0, 0
Sarge_Baldy, 56, 0, 0, 0, 55, 1
Candice, 0, 1, 1, 0, 0, 0
Njaard, 0, 1, 1, 0, 0, 0
Moosh88, 0, 1, 1, 0, 0, 0
Pamstar (page does not exist), 0, 1, 1, 0, 0, 0
Rainbowwarrior1977, 0, 1, 0, 1, 0, 0
Sneltrekker, 0, 1, 1, 0, 0, 0
Missmarple, 0, 1, 1, 0, 0, 0
Newsjunkie, 0, 2, 2, 0, 0, 0
KeYYeK, 0, 1, 1, 0, 0, 0
MadCow257, 0, 1, 1, 0, 0, 0
Scott_Burley, 17, 0, 0, 0, 12, 5
Diceman, 0, 1, 1, 0, 0, 0
Michaelgabrielsen, 0, 1, 1, 0, 0, 0
Dalziel 86 (page does not exist), 0, 1, 1, 0, 0, 0
Seabhcan, 24, 0, 0, 0, 22, 2
Pcassidy (page does not exist), 0, 1, 1, 0, 0, 0
Jacob1207, 0, 1, 1, 0, 0, 0
Pomegranite (page does not exist), 0, 1, 1, 0, 0, 0
Comrade Neko, 0, 1, 1, 0, 0, 0
Mxcatania, 0, 1, 1, 0, 0, 0
Ping, 0, 1, 1, 0, 0, 0
Christiaan, 0, 1, 1, 0, 0, 0
Trey Stone (page does not exist), 0, 1, 0, 1, 0, 0
Sewing, 1, 0, 0, 0, 0, 1
D-bot, 0, 1, 1, 0, 0, 0
ApolloBoy, 0, 1, 0, 1, 0, 0
Shallot_.28Joy.29, 29, 0, 0, 0, 28, 1
Asim Led, 0, 1, 1, 0, 0, 0
Foumidable (page does not exist), 0, 1, 1, 0, 0, 0
Red Deadeye, 0, 1, 1, 0, 0, 0
THE KING, 0, 1, 0, 1, 0, 0
Alx-pl, 0, 1, 1, 0, 0, 0
Sherool, 32, 1, 0, 1, 28, 4
Psy Guy (page does not exist), 0, 1, 1, 0, 0, 0
Lumidek, 0, 1, 1, 0, 0, 0
Silence, 101, 1, 0, 1, 99, 2
Jflash, 0, 1, 1, 0, 0, 0
Ardric47, 0, 1, 1, 0, 0, 0
Skittle, 0, 1, 1, 0, 0, 0
Kasreyn, 0, 1, 1, 0, 0, 0
Comic, 0, 1, 1, 0, 0, 0
Silsor, 133, 0, 0, 0, 104, 29
Nathanrdotcom/CJ (page does not exist), 0, 1, 1, 0, 0, 0
NoSeptember/Desysop, 0, 2, 2, 0, 0, 0
Radak (page does not exist), 0, 1, 0, 1, 0, 0
Silsor/quotes, 0, 1, 0, 1, 0, 0
Silsor/fanmail (page does not exist), 0, 1, 0, 1, 0, 0
Plautus satire, 0, 1, 0, 1, 0, 0
Femmina, 0, 1, 0, 1, 0, 0
Sjorford, 92, 0, 0, 0, 92, 0
Gandalfxviv, 0, 1, 1, 0, 0, 0
WikidSmaht, 0, 1, 1, 0, 0, 0
Wedian, 0, 1, 1, 0, 0, 0
Slambo, 28, 2, 2, 0, 28, 0
Slowking_Man, 38, 0, 0, 0, 37, 1
Plek, 0, 1, 1, 0, 0, 0
Jewbacca, 0, 1, 1, 0, 0, 0
The.griffter, 0, 1, 1, 0, 0, 0
Irate (page does not exist), 0, 1, 1, 0, 0, 0
Trampled, 0, 1, 1, 0, 0, 0
Igor the Lion, 0, 1, 1, 0, 0, 0
Snottygobble_.28Drew.29, 32, 0, 0, 0, 32, 0
User:Snowspinner_.2862.2F9.2F3.29_Ends_17:06.2C_31_July_2004, 74, 0, 0, 0, 51, 23
Starx, 0, 1, 1, 0, 0, 0
Snoyes, 0, 1, 1, 0, 0, 0
David.Monniaux, 0, 1, 1, 0, 0, 0
AndyL (page does not exist), 0, 2, 2, 0, 0, 0
Snowspinner/Avala Evidence (page does not exist), 0, 1, 0, 1, 0, 0
Garykirk, 0, 1, 1, 0, 0, 0
Sortior, 15, 0, 0, 0, 15, 0
Jyril, 0, 2, 2, 0, 0, 0
Loom91, 0, 1, 1, 0, 0, 0
71.106.28.156 (page does not exist), 0, 1, 1, 0, 0, 0
RI (page does not exist), 0, 1, 0, 1, 0, 0
152.163.100.6 (page does not exist), 0, 1, 1, 0, 0, 0
81.86.120.192 (page does not exist), 0, 1, 1, 0, 0, 0
Treebark, 0, 1, 1, 0, 0, 0
Ssd, 22, 0, 0, 0, 21, 1
Ævar Arnfjörð Bjarmason/, 0, 1, 1, 0, 0, 0
Heron, 0, 1, 1, 0, 0, 0
Jaberwocky6669, 0, 1, 0, 1, 0, 0
Suntiger, 0, 1, 1, 0, 0, 0
CTwikipedier, 0, 1, 1, 0, 0, 0
Kazushi (page does not exist), 0, 1, 1, 0, 0, 0
Stifle/Delete unless cleaned up, 0, 1, 1, 0, 0, 0
Johnson542, 0, 1, 0, 1, 0, 0
User:Stormie, 32, 0, 0, 0, 31, 1
Santhoshguru (page does not exist), 0, 1, 1, 0, 0, 0
Harikishore (page does not exist), 0, 1, 1, 0, 0, 0
Saikiri (page does not exist), 0, 1, 1, 0, 0, 0
Etacar11, 0, 1, 1, 0, 0, 0
D'n, 0, 1, 1, 0, 0, 0
Kuratowski's Ghost, 0, 1, 1, 0, 0, 0
Olve, 0, 2, 2, 0, 0, 0
Gzuckier, 0, 1, 1, 0, 0, 0
Nahum, 0, 1, 1, 0, 0, 0
Maayanh, 0, 1, 1, 0, 0, 0
CJS102793, 0, 1, 0, 1, 0, 0
Ta_bu_shi_da_yu, 170, 0, 0, 0, 149, 21
ZayZayEM, 0, 1, 1, 0, 0, 0
Xoddam, 0, 1, 1, 0, 0, 0
Tim Ivorson, 0, 1, 1, 0, 0, 0
Ghakko, 0, 3, 3, 0, 0, 0
Cctoide, 0, 1, 1, 0, 0, 0
Josh Parris, 0, 2, 2, 0, 0, 0
Newnoise (page does not exist), 0, 1, 1, 0, 0, 0
Expurgator, 0, 1, 1, 0, 0, 0
NeoThermic, 0, 1, 1, 0, 0, 0
Rmrfstar, 0, 1, 1, 0, 0, 0
Anser (page does not exist), 0, 1, 1, 0, 0, 0
Taxman/Featured articles with references problems, 0, 1, 1, 0, 0, 0
Doktorbuk, 0, 2, 2, 0, 0, 0
Jacek Kendysz, 0, 1, 1, 0, 0, 0
Juneappal, 0, 1, 1, 0, 0, 0
Teppupkcos (page does not exist), 0, 1, 1, 0, 0, 0
thames, 33, 0, 0, 0, 28, 5
Camembert, 0, 1, 1, 0, 0, 0
The_JPS, 102, 0, 0, 0, 96, 6
Sweetiepetie, 0, 1, 1, 0, 0, 0
Megan 189, 0, 1, 1, 0, 0, 0
Gungadin, 0, 2, 1, 1, 0, 0
EliasAlucard, 0, 1, 1, 0, 0, 0
The_Land, 47, 0, 0, 0, 30, 17
The_Singing_Badger, 28, 0, 0, 0, 27, 1
The_Tom, 17, 0, 0, 0, 16, 1
Never29, 0, 1, 1, 0, 0, 0
Thorpe, 58, 0, 0, 0, 58, 0
Peter McConaughey, 0, 2, 2, 0, 0, 0
63.124.185.186 (page does not exist), 0, 1, 0, 1, 0, 0
63.209.14.211 (page does not exist), 0, 1, 0, 1, 0, 0
69.233.106.23 (page does not exist), 0, 1, 0, 1, 0, 0
Awkward42, 0, 1, 0, 1, 0, 0
User:Thue, 16, 0, 0, 0, 16, 0
Tijuana_Brass, 88, 0, 0, 0, 85, 3
Zpb52, 0, 1, 1, 0, 0, 0
Reaverdrop, 0, 1, 1, 0, 0, 0
Tim_Ivorson, 11, 0, 0, 0, 10, 1
TimPope, 40, 0, 0, 0, 39, 1
Timc, 13, 0, 0, 0, 13, 0
Timrollpickering, 21, 1, 0, 1, 21, 0
Tkinias, 18, 0, 0, 0, 18, 0
Tom_harrison, 46, 0, 0, 0, 42, 4
BazookaJoe, 0, 2, 2, 0, 0, 0
IgorTrieste (page does not exist), 0, 1, 1, 0, 0, 0
84.52.191.19 (page does not exist), 0, 1, 1, 0, 0, 0
Alfakim, 0, 1, 1, 0, 0, 0
Tony_Sidaway, 64, 0, 0, 0, 45, 19
Samboy, 0, 1, 1, 0, 0, 0
Limeheadnyc, 0, 1, 1, 0, 0, 0
CiaraBeth, 0, 1, 1, 0, 0, 0
Redcountess, 0, 1, 1, 0, 0, 0
Arkady Rose, 0, 1, 1, 0, 0, 0
Topbanana, 27, 0, 0, 0, 27, 0
Tregoweth, 47, 0, 0, 0, 47, 0
Trevor_macinnis, 37, 0, 0, 0, 31, 6
Triddle/stubsensor, 0, 1, 1, 0, 0, 0
Triddle/stubsensor/20050623, 0, 1, 0, 1, 0, 0
Volatile, 0, 2, 2, 0, 0, 0
Aleenf1, 0, 2, 2, 0, 0, 0
Bob000555 (page does not exist), 0, 1, 1, 0, 0, 0
Sad News (page does not exist), 0, 1, 0, 1, 0, 0
HRE (page does not exist), 0, 1, 0, 1, 0, 0
ugen64, 44, 0, 0, 0, 40, 4
Ulayiti, 32, 0, 0, 0, 31, 1
JCarriker/Esperanza, 0, 1, 1, 0, 0, 0
Uncle_G, 73, 0, 0, 0, 57, 16
CdaMVvWgS, 0, 1, 1, 0, 0, 0
Vague_Rant, 54, 0, 0, 0, 51, 3
Reene, 0, 1, 1, 0, 0, 0
Gcbirzan, 0, 1, 1, 0, 0, 0
Cbing01, 0, 1, 1, 0, 0, 0
Ollieplatt, 0, 1, 0, 1, 0, 0
User:VampWillow, 27, 0, 0, 0, 27, 0
OwenBlacker, 0, 1, 1, 0, 0, 0
Voice_of_All.28MTG.29, 34, 0, 0, 0, 23, 11
Boothy344 (page does not exist), 0, 1, 0, 1, 0, 0
David 5000, 0, 1, 1, 0, 0, 0
Vegaswikian, 45, 1, 0, 1, 36, 9
Dbinder (page does not exist), 0, 1, 1, 0, 0, 0
William Allen Simpson, 0, 1, 1, 0, 0, 0
Znode, 0, 1, 1, 0, 0, 0
Waltpohl, 17, 0, 0, 0, 15, 2
Wapcaplet, 37, 0, 0, 0, 36, 1
Water_Bottle, 48, 0, 0, 0, 47, 1
Igman (page does not exist), 0, 1, 1, 0, 0, 0
Shimmin, 0, 1, 0, 1, 0, 0
Ericthered, 0, 1, 1, 0, 0, 0
Harald Hansen, 0, 1, 1, 0, 0, 0
Verdlanco, 0, 1, 1, 0, 0, 0
Lectrice007, 0, 1, 1, 0, 0, 0
Moffedille, 0, 1, 1, 0, 0, 0
Varizer, 0, 1, 0, 1, 0, 0
GeorgeMoney/Help Me Improve, 0, 1, 1, 0, 0, 0
Aeæ, 0, 1, 1, 0, 0, 0
Dure/Esperanza (page does not exist), 0, 1, 1, 0, 0, 0
Tonym88, 0, 1, 1, 0, 0, 0
GangstaEB/Penguinlog, 0, 1, 1, 0, 0, 0
Randy Johnston (page does not exist), 0, 1, 1, 0, 0, 0
JD UK, 0, 1, 1, 0, 0, 0
RedWolf, 0, 1, 1, 0, 0, 0
Tom Harris, 0, 1, 1, 0, 0, 0
Wiglaf, 25, 0, 0, 0, 25, 0
Dan Koehl, 0, 1, 1, 0, 0, 0
Wiki_alf, 95, 0, 0, 0, 93, 2
The Wookieepedian, 0, 1, 1, 0, 0, 0
WikiFanatic, 62, 0, 0, 0, 62, 0
WikiFanatic/Wales interview transcript, 0, 1, 1, 0, 0, 0
Liface, 0, 1, 1, 0, 0, 0
Dolpins, 0, 1, 1, 0, 0, 0
KerathFreeman, 0, 1, 1, 0, 0, 0
Color Printer (page does not exist), 0, 1, 1, 0, 0, 0
Homestar Lover, 0, 1, 1, 0, 0, 0
YixilTesiphon, 0, 1, 1, 0, 0, 0
YixilTesiphon/Wikiproject Article Review (page does not exist), 0, 1, 1, 0, 0, 0
Witkacy, 0, 1, 1, 0, 0, 0
Wilfried_Derksen, 25, 0, 0, 0, 23, 2
Wilfried Derksen, 0, 1, 1, 0, 0, 0
Willmcw, 58, 0, 0, 0, 53, 5
Denis Diderot, 0, 1, 1, 0, 0, 0
Bletch, 0, 1, 1, 0, 0, 0
Woggly, 16, 0, 0, 0, 16, 0
R3m0t/Reports, 0, 1, 1, 0, 0, 0
84.92.241.33 (page does not exist), 0, 1, 1, 0, 0, 0
Worldtraveller, 52, 0, 0, 0, 47, 5
131.211.210.10 (page does not exist), 0, 1, 0, 1, 0, 0
Tdevries, 0, 1, 1, 0, 0, 0
David Newton, 0, 1, 1, 0, 0, 0
Wwwwolf, 71, 0, 0, 0, 64, 7
TerraVentura, 0, 1, 1, 0, 0, 0
xaosflux, 102, 0, 0, 0, 93, 9
Zeerus, 0, 1, 1, 0, 0, 0
Speed graphic, 0, 1, 1, 0, 0, 0
Maltesedog, 0, 1, 1, 0, 0, 0
Sarz, 0, 1, 1, 0, 0, 0
Mareino, 0, 1, 1, 0, 0, 0
Peace Inside, 0, 1, 1, 0, 0, 0
Gaurav1146, 0, 1, 1, 0, 0, 0
Zoicon5, 21, 0, 0, 0, 21, 0
Jenmoa (page does not exist), 0, 1, 1, 0, 0, 0
Canuckguy, 0, 1, 1, 0, 0, 0
Zero1328, 0, 1, 1, 0, 0, 0
Habap, 0, 1, 1, 0, 0, 0
NubKnacker, 0, 1, 1, 0, 0, 0
dave_souza, 24, 0, 0, 0, 19, 5
198.110.249.200 (page does not exist), 0, 1, 1, 0, 0, 0
Moink/diffs (page does not exist), 0, 1, 1, 0, 0, 0
Cyp43r, 0, 1, 1, 0, 0, 0
Kf4bdy, 0, 1, 1, 0, 0, 0
the_wub, 66, 0, 0, 0, 63, 3
Zirka, 0, 1, 1, 0, 0, 0
Kafuffle, 0, 1, 0, 1, 0, 0
theProject, 68, 0, 0, 0, 68, 0
OntarioQuizzer/Esperanza, 0, 1, 1, 0, 0, 0
Agoodperson, 0, 1, 1, 0, 0, 0
Lady Aleena, 0, 1, 1, 0, 0, 0
156.34.142.110, 0, 1, 0, 1, 0, 0
Enigmaman/Admin, 0, 1, 0, 1, 0, 0
Mandarax, 0, 2, 0, 2, 0, 0
Jafeluv, 79, 44, 0, 44, 0, 79
Kasaalan, 0, 1, 0, 1, 0, 0
Gruznov, 0, 1, 0, 1, 0, 0
ZabMilenko, 0, 2, 0, 2, 0, 0
Laurinavicius, 0, 45, 0, 45, 0, 0
Adamfinmo, 0, 2, 0, 2, 0, 0
Bigger digger, 0, 5, 0, 5, 0, 0
Aditya, 0, 14, 0, 14, 0, 0
Non Curat Lex, 0, 1, 0, 1, 0, 0
Tkalisky, 0, 1, 0, 1, 0, 0
Pmlineditor, 0, 19, 0, 19, 0, 0
Otisjimmy, 0, 1, 0, 1, 0, 0
Ninjalemming, 0, 1, 0, 1, 0, 0
Coldmachine/RfA Expectations, 0, 1, 0, 1, 0, 0
Dylan620/Helpful, 0, 3, 0, 3, 0, 0
Airplaneman, 130, 147, 0, 147, 0, 130
Ched_Davis, 111, 0, 0, 0, 0, 111
Mikaey, 70, 3, 0, 3, 0, 70
Kelapstick, 98, 31, 0, 31, 0, 98
Tryptofish, 0, 198, 0, 198, 0, 0
龗, 0, 2, 0, 2, 0, 0
MLauba, 73, 11, 0, 11, 0, 73
MacMed, 0, 9, 0, 9, 0, 0
Plastikspork, 52, 42, 0, 42, 0, 52
Locos epraix, 0, 1, 0, 1, 0, 0
Little Mountain Public, 0, 1, 0, 1, 0, 0
A new name 2008, 0, 2, 0, 2, 0, 0
UntilItSleeps PublicPC, 0, 3, 0, 3, 0, 0
Wtmitchell, 67, 1, 0, 1, 0, 67
Neutralle, 0, 1, 0, 1, 0, 0
Slatersteven, 0, 1, 0, 1, 0, 0
Frehley/Guestbook (page does not exist), 0, 1, 0, 1, 0, 0
Taelus, 75, 41, 0, 41, 0, 75
Cool3/Desysop, 0, 1, 0, 1, 0, 0
Patar_knight, 52, 0, 0, 0, 0, 52
Fuzbaby, 0, 1, 0, 1, 0, 0
JayLeno175, 0, 1, 0, 1, 0, 0
Questwolf, 0, 1, 0, 1, 0, 0
The Userboxer, 0, 1, 0, 1, 0, 0
The Userboxer/Userboxes, 0, 1, 0, 1, 0, 0
Teeninvestor, 0, 1, 0, 1, 0, 0
Mlaffs/Awards, 0, 1, 0, 1, 0, 0
Niffweed17, 0, 1, 0, 1, 0, 0
Mikaey/Request for Input/ListasBot 3, 0, 1, 0, 1, 0, 0
ThaddeusB, 121, 21, 0, 21, 0, 121
Mikaey/WikiBiff, 0, 1, 0, 1, 0, 0
T'Shael/RfA (page does not exist), 0, 2, 0, 2, 0, 0
Gordonrox24, 0, 36, 0, 36, 0, 0
Shii, 0, 5, 0, 5, 0, 0
Pastor_Theo, 112, 0, 0, 0, 0, 112
ThereIsNoGod (page does not exist), 0, 1, 0, 1, 0, 0
Gigs, 0, 17, 0, 17, 0, 0
Heimstern/Ignoring incivility, 0, 5, 0, 5, 0, 0
Leszek Jańczuk, 0, 1, 0, 1, 0, 0
Edward321, 0, 2, 0, 2, 0, 0
Aditya/RfA, 0, 2, 0, 2, 0, 0
Mfield, 0, 1, 0, 1, 0, 0
Sky Attacker, 0, 11, 0, 11, 0, 0
LadyofShalott, 0, 11, 0, 11, 0, 0
Mrs. Wolpoff, 0, 2, 0, 2, 0, 0
Shinerunner, 0, 4, 0, 4, 0, 0
Fastily/Gallery (page does not exist), 0, 1, 0, 1, 0, 0
Harlem675, 0, 3, 0, 3, 0, 0
TFOWR, 108, 6, 0, 6, 0, 108
Snowded, 0, 1, 0, 1, 0, 0
Collect, 0, 39, 0, 39, 0, 0
RepublicanJacobite, 0, 1, 0, 1, 0, 0
TitanOne, 0, 5, 0, 5, 0, 0
Karbinski, 0, 1, 0, 1, 0, 0
Ethan a dawe, 0, 1, 0, 1, 0, 0
Redthoreau, 0, 2, 0, 2, 0, 0
Pgallert, 0, 13, 0, 13, 0, 0
Jauarback (page does not exist), 0, 1, 0, 1, 0, 0
TallNapoleon, 0, 1, 0, 1, 0, 0
Malik Shabazz, 0, 9, 0, 9, 0, 0
Cerejota, 0, 6, 0, 6, 0, 0
Coffee/RFA-standards (page does not exist), 0, 25, 0, 25, 0, 0
hmwith, 82, 0, 0, 0, 82, 0
MasterXC, 0, 1, 1, 0, 0, 0
64.126.24.12 (page does not exist), 0, 1, 1, 0, 0, 0
Latish redone, 0, 1, 1, 0, 0, 0
Jauarbeck, 0, 1, 0, 1, 0, 0
Tnxmen307 (page does not exist), 0, 1, 0, 1, 0, 0
Coralmizu, 0, 1, 0, 1, 0, 0
Shawn in Montreal, 0, 59, 0, 59, 0, 0
Feinoha, 0, 6, 0, 6, 0, 0
Javert/RfA, 0, 4, 0, 4, 0, 0
Javert, 0, 5, 0, 5, 0, 0
NotAnIP83:149:66:11, 0, 7, 0, 7, 0, 0
!---slappdash---!, 0, 1, 0, 1, 0, 0
Hell in a Bucket, 0, 7, 0, 7, 0, 0
SpacemanSpiff, 0, 30, 0, 30, 0, 0
BrianY, 0, 8, 0, 8, 0, 0
Joe Chill, 0, 7, 0, 7, 0, 0
Hersfold non-admin, 0, 1, 0, 1, 0, 0
Lord Pistachio, 0, 5, 0, 5, 0, 0
Fladrif, 0, 6, 0, 6, 0, 0
Edward130603, 0, 1, 0, 1, 0, 0
Bwilkins, 107, 17, 0, 17, 0, 107
TedderBot/Bacon Results, 0, 2, 0, 2, 0, 0
Biofase, 0, 1, 0, 1, 0, 0
Fences and windows, 0, 25, 0, 25, 0, 0
Mr. Sanchez 13, 0, 1, 0, 1, 0, 0
Pzrmd (page does not exist), 0, 1, 0, 1, 0, 0
Abyssal, 0, 1, 0, 1, 0, 0
Superflyguy (page does not exist), 0, 1, 0, 1, 0, 0
Radiantenergy, 0, 2, 0, 2, 0, 0
Capitalismojo, 0, 5, 0, 5, 0, 0
GRuban, 0, 6, 0, 6, 0, 0
TML1988 (page does not exist), 0, 1, 1, 0, 0, 0
Pmlinediter/RfA rationale (page does not exist), 0, 7, 0, 7, 0, 0
PseudoOne, 0, 2, 0, 2, 0, 0
Cubs197, 0, 3, 0, 3, 0, 0
Jeni, 0, 4, 0, 4, 0, 0
Harej, 0, 26, 0, 26, 0, 0
Kjp993, 0, 1, 0, 1, 0, 0
John Vandenberg, 0, 11, 0, 11, 0, 0
Masonpatriot, 0, 3, 0, 3, 0, 0
DarkVic, 0, 1, 0, 1, 0, 0
Jeff G., 0, 11, 0, 11, 0, 0
Jeff G./talk, 0, 11, 0, 11, 0, 0
Hayley Tales, 0, 1, 0, 1, 0, 0
Irbisgreif (page does not exist), 0, 15, 0, 15, 0, 0
Pax85, 0, 3, 0, 3, 0, 0
B Fizz, 0, 1, 0, 1, 0, 0
Sean Whitton, 0, 1, 0, 1, 0, 0
Wii Wiki, 0, 1, 0, 1, 0, 0
Pmlinediter/RfA Rationale (page does not exist), 0, 4, 0, 4, 0, 0
Boghog2, 0, 2, 0, 2, 0, 0
Gordonrox24/RFA rationale (page does not exist), 0, 10, 0, 10, 0, 0
Impala2009, 0, 1, 0, 1, 0, 0
Shadowjams, 0, 61, 0, 61, 0, 0
Majorly/RfA/standards, 0, 2, 0, 2, 0, 0
Craftyminion, 0, 19, 0, 19, 0, 0
Steve Smith, 0, 9, 0, 9, 0, 0
Pointillist, 0, 10, 0, 10, 0, 0
Matheuler, 0, 9, 0, 9, 0, 0
Abce2/guestbook, 0, 14, 0, 14, 0, 0
Jamesofur, 87, 11, 0, 11, 0, 87
Atama, 95, 104, 0, 104, 0, 95
Until It Sleeps alternate, 0, 2, 0, 2, 0, 0
Likeminas, 0, 4, 0, 4, 0, 0
Rsheptak, 0, 1, 0, 1, 0, 0
Alan16, 0, 8, 0, 8, 0, 0
A Nobody/RfA, 0, 25, 0, 25, 0, 0
Truthkeeper88, 0, 13, 0, 13, 0, 0
Naoy5 (page does not exist), 0, 1, 0, 1, 0, 0
Jake_Wartenberg, 152, 0, 0, 0, 0, 152
Blurpeace, 83, 20, 0, 20, 0, 83
Brandon, 0, 6, 0, 6, 0, 0
Shoemaker's Holiday, 0, 2, 0, 2, 0, 0
Sphilbrick, 130, 40, 0, 40, 0, 130
Vicenarian, 0, 11, 0, 11, 0, 0
Metzujan, 0, 1, 0, 1, 0, 0
Francium12 (page does not exist), 0, 4, 0, 4, 0, 0
BrianKnez, 0, 1, 0, 1, 0, 0
D climacus, 0, 3, 0, 3, 0, 0
Chamal_N, 92, 0, 0, 0, 0, 92
Matheuler/adminship, 0, 5, 0, 5, 0, 0
Chanakal, 0, 2, 0, 2, 0, 0
Nutiketaiel, 0, 1, 0, 1, 0, 0
Pasanbhathiya2, 0, 1, 0, 1, 0, 0
Blackknight12, 0, 1, 0, 1, 0, 0
ReverendWayne, 0, 5, 0, 5, 0, 0
Midnight Comet, 0, 1, 0, 1, 0, 0
VI, 0, 1, 0, 1, 0, 0
SuperFlash101, 0, 1, 0, 1, 0, 0
Polargeo, 128, 37, 0, 37, 0, 128
Sky_Harbor, 89, 0, 0, 0, 0, 89
RP459, 0, 107, 0, 107, 0, 0
Sky Harbor/Awards, 0, 1, 0, 1, 0, 0
Titopao, 0, 1, 0, 1, 0, 0
Exec8, 0, 1, 0, 1, 0, 0
Skier Dude, 0, 10, 0, 10, 0, 0
Tennis Expert (page does not exist), 0, 1, 0, 1, 0, 0
BritishWatcher, 0, 3, 0, 3, 0, 0
Greg L, 0, 4, 0, 4, 0, 0
ZooFari, 0, 1, 0, 1, 0, 0
Spongefrog (page does not exist), 0, 22, 0, 22, 0, 0
Spongefrog/Subpage/My Barnstars, 0, 10, 0, 10, 0, 0
Marx01, 0, 1, 0, 1, 0, 0
Xenobot/6, 0, 1, 0, 1, 0, 0
Xenobot/6.1, 0, 1, 0, 1, 0, 0
IMatthew/Poll (page does not exist), 0, 1, 0, 1, 0, 0
SmokeyJoe, 0, 47, 0, 47, 0, 0
Bejinhan, 0, 57, 0, 57, 0, 0
LaraBot, 0, 1, 0, 1, 0, 0
Camaron/RfA criteria (page does not exist), 0, 6, 0, 6, 0, 0
Az1568, 0, 2, 0, 2, 0, 0
Jim boon, 0, 2, 0, 2, 0, 0
Eekim, 0, 1, 0, 1, 0, 0
Rlendog, 111, 18, 0, 18, 0, 111
Emufarmers, 0, 3, 0, 3, 0, 0
Dominic, 0, 1, 0, 1, 0, 0
Snigbrook, 0, 3, 0, 3, 0, 0
UpstateNYer, 0, 14, 0, 14, 0, 0
Station1, 0, 2, 0, 2, 0, 0
Ret.Prof, 0, 141, 0, 141, 0, 0
Salmonilla, 0, 1, 0, 1, 0, 0
Ohms law, 0, 1, 0, 1, 0, 0
Jarry1250/P, 0, 1, 0, 1, 0, 0
SuperHamster, 0, 22, 0, 22, 0, 0
Jujutacular, 79, 28, 0, 28, 0, 79
Frmatt, 0, 2, 0, 2, 0, 0
Guyinblack25, 0, 2, 0, 2, 0, 0
Tim Song, 0, 54, 0, 54, 0, 0
Kung Fu Man, 0, 1, 0, 1, 0, 0
GamerPro64, 0, 3, 0, 3, 0, 0
AnOddName, 0, 1, 0, 1, 0, 0
Jeffrey Mall, 0, 2, 0, 2, 0, 0
Yikrazuul, 0, 4, 0, 4, 0, 0
Glacier Wolf, 0, 1, 0, 1, 0, 0
Dr. Szląchski, 0, 1, 0, 1, 0, 0
The_ed17, 124, 0, 0, 0, 0, 124
The ed17/Awards (page does not exist), 0, 1, 0, 1, 0, 0
Bob the Wikipedian, 0, 4, 0, 4, 0, 0
Esowteric, 0, 2, 0, 2, 0, 0
GB fan, 0, 46, 0, 46, 0, 0
Simon Harley, 0, 1, 0, 1, 0, 0
Simon Harley/Library, 0, 1, 0, 1, 0, 0
Simon Harley/Reviews (page does not exist), 0, 1, 0, 1, 0, 0
The ed17/Sandbox2, 0, 1, 0, 1, 0, 0
Jusdafax, 0, 98, 0, 98, 0, 0
Bahamut0013, 123, 3, 0, 3, 0, 123
AJCham, 0, 4, 0, 4, 0, 0
Bernard Mc Nally, 0, 1, 0, 1, 0, 0
Warrior4321, 0, 2, 0, 2, 0, 0
Krazycev13, 0, 1, 0, 1, 0, 0
A3RO, 0, 4, 0, 4, 0, 0
Bsadowski1, 82, 7, 0, 7, 0, 82
December21st2012Freak, 0, 32, 0, 32, 0, 0
Mjroots, 96, 31, 0, 31, 0, 96
Niteshift, 0, 1, 0, 1, 0, 0
Danno uk, 0, 1, 0, 1, 0, 0
Ning-ning, 0, 2, 0, 2, 0, 0
Pikiwyn, 0, 9, 0, 9, 0, 0
Shreevatsa, 0, 1, 0, 1, 0, 0
Like I Care, 0, 2, 0, 2, 0, 0
Slumdog102 (page does not exist), 0, 1, 0, 1, 0, 0
Sephiroth storm, 0, 1, 0, 1, 0, 0
AroundTheGlobe, 0, 2, 0, 2, 0, 0
Redtigerxyz, 0, 1, 0, 1, 0, 0
S h i v a (Visnu), 0, 8, 0, 8, 0, 0
Suomi Finland 2009, 0, 7, 0, 7, 0, 0
Rockstone35, 0, 1, 0, 1, 0, 0
SBC-YPR, 0, 2, 0, 2, 0, 0
Tcncv, 94, 1, 0, 1, 0, 94
Saalstin, 0, 1, 0, 1, 0, 0
Pr3st0n, 0, 1, 0, 1, 0, 0
UncleDouggie, 0, 5, 0, 5, 0, 0
Coldplay Expert, 0, 26, 0, 26, 0, 0
Steven Zhang, 0, 30, 0, 30, 0, 0
Theseeker4, 0, 5, 0, 5, 0, 0
Otherlleft, 0, 4, 0, 4, 0, 0
Shanata, 0, 5, 0, 5, 0, 0
SluggoOne, 0, 4, 0, 4, 0, 0
Leaky caldron, 0, 14, 0, 14, 0, 0
Petergriffin9901, 0, 3, 0, 3, 0, 0
VincentValentine29, 0, 4, 0, 4, 0, 0
Doc Quintana, 0, 55, 0, 55, 0, 0
TParis00ap, 0, 9, 0, 9, 0, 0
Epeefleche, 0, 43, 0, 43, 0, 0
The_Earwig, 93, 0, 0, 0, 0, 93
SparksBoy (page does not exist), 0, 1, 0, 1, 0, 0
Manning Bartlett, 0, 10, 0, 10, 0, 0
EarwigBot II, 0, 1, 0, 1, 0, 0
LouriePieterse, 0, 2, 0, 2, 0, 0
Martin Raybourne, 0, 1, 0, 1, 0, 0
AlexWaelde, 0, 1, 0, 1, 0, 0
Phantomsteve, 119, 64, 0, 64, 0, 119
Warrah, 0, 35, 0, 35, 0, 0
Notedgrant, 0, 12, 0, 12, 0, 0
Naveenpf, 0, 2, 0, 2, 0, 0
Belasd, 0, 1, 0, 1, 0, 0
Diderot's dreams, 0, 1, 0, 1, 0, 0
Salih, 0, 8, 0, 8, 0, 0
Finn Casey, 0, 1, 0, 1, 0, 0
Finn Casey/adminship, 0, 1, 0, 1, 0, 0
Finn Casey/appreciation, 0, 5, 0, 5, 0, 0
HeimAway, 0, 1, 0, 1, 0, 0
Pablomismo, 0, 4, 0, 4, 0, 0
Btilm, 0, 9, 0, 9, 0, 0
Ravichandar84, 0, 2, 0, 2, 0, 0
SpK, 0, 2, 0, 2, 0, 0
Logan, 0, 14, 0, 14, 0, 0
Pearll's sun, 0, 1, 0, 1, 0, 0
C21K, 0, 1, 0, 1, 0, 0
Logicwiki, 0, 1, 0, 1, 0, 0
Ace of Spades, 0, 3, 0, 3, 0, 0
Cargoking, 0, 6, 0, 6, 0, 0
Gimme danger, 0, 7, 0, 7, 0, 0
Materialscientist, 114, 19, 0, 19, 0, 114
Katerenka, 0, 10, 0, 10, 0, 0
Stone, 0, 1, 0, 1, 0, 0
Cybercobra, 0, 1, 0, 1, 0, 0
Cryptic C62, 0, 1, 0, 1, 0, 0
Mav, 0, 1, 0, 1, 0, 0
Ti-30X, 0, 1, 0, 1, 0, 0
Kbrose, 0, 1, 0, 1, 0, 0
Dr Dec (page does not exist), 0, 1, 0, 1, 0, 0
Smokefoot, 0, 1, 0, 1, 0, 0
Shootbamboo, 0, 1, 0, 1, 0, 0
Geraldk, 0, 1, 0, 1, 0, 0
B.s.n.R.N., 0, 1, 0, 1, 0, 0
Accdude92, 0, 1, 0, 1, 0, 0
Accdude92/guestbook, 0, 1, 0, 1, 0, 0
Rkr1991, 0, 3, 0, 3, 0, 0
Malik_Shabazz, 114, 0, 0, 0, 0, 114
Arxiloxos, 0, 4, 0, 4, 0, 0
Sean.hoyland, 0, 1, 0, 1, 0, 0
AFriedman, 0, 2, 0, 2, 0, 0
Radeksz, 0, 1, 0, 1, 0, 0
Sancho Mandoval, 0, 3, 0, 3, 0, 0
Untwirl, 0, 1, 0, 1, 0, 0
Cocytus, 0, 27, 0, 27, 0, 0
Sole Soul, 0, 24, 0, 24, 0, 0
Scjessey, 0, 5, 0, 5, 0, 0
Peter cohen, 0, 1, 0, 1, 0, 0
Dumelow, 59, 2, 0, 2, 0, 59
ARUNKUMAR P.R, 0, 2, 0, 2, 0, 0
GreenGourd, 0, 1, 0, 1, 0, 0
Corruptcopper, 0, 2, 0, 2, 0, 0
RUL3R, 0, 2, 0, 2, 0, 0
Mr. Wayne (page does not exist), 0, 1, 0, 1, 0, 0
A Stop at Willoughby, 0, 42, 0, 42, 0, 0
Bellhalla, 1, 1, 0, 1, 0, 1
Anakin101, 0, 1, 0, 1, 0, 0
The Arbiter, 0, 9, 0, 9, 0, 0
Richmondian, 0, 1, 0, 1, 0, 0
Franamax/Igorberger, 0, 1, 0, 1, 0, 0
Islanders27/Voting (page does not exist), 0, 1, 0, 1, 0, 0
Islanders27, 0, 1, 0, 1, 0, 0
Vyvyan Ade Basterd, 0, 3, 0, 3, 0, 0
Fribbulus_Xax, 59, 0, 0, 0, 0, 59
Fribbulus Xax, 0, 1, 0, 1, 0, 0
Mr.Snoppy, 0, 3, 0, 3, 0, 0
7107delicious (page does not exist), 0, 9, 0, 9, 0, 0
Andrea105, 0, 3, 0, 3, 0, 0
Draftydoor, 0, 2, 0, 2, 0, 0
Airplaneman/RFA (page does not exist), 0, 6, 0, 6, 0, 0
A8UDI, 0, 9, 0, 9, 0, 0
Skater, 0, 8, 0, 8, 0, 0
Sebwite, 0, 1, 0, 1, 0, 0
Gilisa, 0, 1, 0, 1, 0, 0
Finn Casey/Public, 0, 4, 0, 4, 0, 0
Vejvančický, 0, 15, 0, 15, 0, 0
Pepperpiggle, 0, 10, 0, 10, 0, 0
Pepperpiggle/Guestbook (page does not exist), 0, 3, 0, 3, 0, 0
Mrathel, 0, 5, 0, 5, 0, 0
Staberinde, 0, 18, 0, 18, 0, 0
Santa Claus of the Future (page does not exist), 0, 2, 0, 2, 0, 0
IShadowed, 0, 16, 0, 16, 0, 0
Hawkeye7, 77, 69, 0, 69, 0, 77
YellowMonkey/Invincibles (page does not exist), 0, 1, 0, 1, 0, 0
AustralianRupert, 172, 22, 0, 22, 0, 172
Richard, 0, 1, 0, 1, 0, 0
Lambanog, 0, 10, 0, 10, 0, 0
The sock that should not be, 0, 1, 0, 1, 0, 0
Smithers7, 0, 24, 0, 24, 0, 0
Rsrikanth05, 0, 5, 0, 5, 0, 0
Mr. Snoppy (page does not exist), 0, 1, 0, 1, 0, 0
Hamtechperson, 0, 3, 0, 3, 0, 0
Networked.frog, 0, 1, 0, 1, 0, 0
Deliriousandlost, 0, 27, 0, 27, 0, 0
Smithers7/RfA, 0, 14, 0, 14, 0, 0
Johnuniq, 0, 17, 0, 17, 0, 0
Smartse, 132, 9, 0, 9, 0, 132
Cassandra 73, 0, 3, 0, 3, 0, 0
Hamiltonstone, 0, 4, 0, 4, 0, 0
Þjóðólfr (page does not exist), 0, 3, 0, 3, 0, 0
Reubzz, 0, 1, 0, 1, 0, 0
Abductive, 0, 5, 0, 5, 0, 0
Datheisen, 0, 3, 0, 3, 0, 0
Fences_and_windows, 126, 0, 0, 0, 0, 126
Location, 0, 2, 0, 2, 0, 0
Chrajohn, 0, 1, 0, 1, 0, 0
Literaturegeek, 0, 8, 0, 8, 0, 0
FeydHuxtable/AfD is not a war zone, 0, 1, 0, 1, 0, 0
Bali ultimate, 0, 3, 0, 3, 0, 0
Unitanode, 0, 2, 0, 2, 0, 0
Ben/Assume the presence of a belly-button, 0, 1, 0, 1, 0, 0
Quantpole, 0, 1, 0, 1, 0, 0
J04n, 68, 16, 0, 16, 0, 68
Narthring, 0, 2, 0, 2, 0, 0
The Wordsmith, 0, 8, 0, 8, 0, 0
Katerenka/RfA, 0, 1, 0, 1, 0, 0
Verbal, 0, 2, 0, 2, 0, 0
2over0, 96, 0, 0, 0, 0, 96
OMCV, 0, 1, 0, 1, 0, 0
Fainites, 116, 18, 0, 18, 0, 116
ImperfectlyInformed, 0, 6, 0, 6, 0, 0
Twilight Helryx, 0, 2, 0, 2, 0, 0
Keepcalmandcarryon, 0, 1, 0, 1, 0, 0
Sole Flounder, 0, 2, 0, 2, 0, 0
West one girl, 0, 3, 0, 3, 0, 0
BullRangifer, 0, 1, 0, 1, 0, 0
The Thing That Should Not Be, 0, 5, 0, 5, 0, 0
Ronhjones, 91, 90, 0, 90, 0, 91
Pontificalibus, 0, 3, 0, 3, 0, 0
Pickbothmanlol, 0, 1, 0, 1, 0, 0
4twenty42o, 0, 1, 0, 1, 0, 0
Dogposter, 0, 1, 0, 1, 0, 0
JBsupreme, 0, 3, 0, 3, 0, 0
Coldplay Expert/RFA Standards (page does not exist), 0, 15, 0, 15, 0, 0
Bradjamesbrown (page does not exist), 0, 32, 0, 32, 0, 0
JohnnyB256, 0, 1, 0, 1, 0, 0
Atlan, 0, 2, 0, 2, 0, 0
Smithers7/Guestbook, 0, 5, 0, 5, 0, 0
Shirik, 102, 26, 0, 26, 0, 102
Calmer Waters, 0, 25, 0, 25, 0, 0
Burmeister, 0, 1, 0, 1, 0, 0
Gerda Arendt, 0, 59, 0, 59, 0, 0
Innotata, 0, 1, 0, 1, 0, 0
Paste, 0, 1, 0, 1, 0, 0
Cyclopia, 0, 4, 0, 4, 0, 0
RadManCF, 0, 12, 0, 12, 0, 0
Seduisant, 0, 1, 0, 1, 0, 0
Addihockey10, 0, 6, 0, 6, 0, 0
Aiken drum, 0, 43, 0, 43, 0, 0
Evil saltine, 0, 1, 0, 1, 0, 0
Nomoskedasticity, 0, 1, 0, 1, 0, 0
December21st2012Freak/RfA, 0, 8, 0, 8, 0, 0
PCHS-NJROTC, 0, 10, 0, 10, 0, 0
Elen of the Roads, 0, 21, 0, 21, 0, 0
Anirishwoman, 0, 3, 0, 3, 0, 0
Killervogel5, 101, 4, 0, 4, 0, 101
TheWeakWilled, 0, 6, 0, 6, 0, 0
TheWeakWilled/Guestbook, 0, 6, 0, 6, 0, 0
WFCforLife, 0, 33, 0, 33, 0, 0
Killervogel5/Promoted content, 0, 1, 0, 1, 0, 0
A Nobody/awards, 0, 1, 0, 1, 0, 0
Killervogel5/Awards, 0, 1, 0, 1, 0, 0
Killervogel5/Userboxen (page does not exist), 0, 1, 0, 1, 0, 0
Mpdelbuono, 0, 1, 0, 1, 0, 0
Scarce, 0, 1, 0, 1, 0, 0
Zink Dawg, 0, 1, 0, 1, 0, 0
Kanesue, 0, 1, 0, 1, 0, 0
RL0919, 82, 12, 0, 12, 0, 82
Bovineboy2008, 0, 1, 0, 1, 0, 0
The Legendary Sky Attacker, 0, 1, 0, 1, 0, 0
Alison22, 0, 2, 0, 2, 0, 0
Æk, 0, 3, 0, 3, 0, 0
Zigthel, 0, 1, 0, 1, 0, 0
HaiyaTheWin, 0, 1, 0, 1, 0, 0
Fetchcomms, 128, 111, 0, 111, 0, 128
Angrysockhop, 0, 5, 0, 5, 0, 0
Deserted Cities, 0, 1, 0, 1, 0, 0
Shubinator/Awards, 0, 1, 0, 1, 0, 0
Microcell, 0, 1, 0, 1, 0, 0
Oscroft (page does not exist), 0, 2, 0, 2, 0, 0
TerrenceandPhillip, 0, 9, 0, 9, 0, 0
Wizardman/GA incentive (page does not exist), 0, 1, 0, 1, 0, 0
Olaf_Davis, 119, 0, 0, 0, 0, 119
IP69.226.103.13, 0, 2, 0, 2, 0, 0
Minimac94, 0, 7, 0, 7, 0, 0
DC, 0, 9, 0, 9, 0, 0
Wizardman/Operation Big Bear, 0, 81, 0, 81, 0, 0
Tide rolls, 0, 35, 0, 35, 0, 0
Keytar Shredder (page does not exist), 0, 1, 0, 1, 0, 0
Timotheus Canens, 0, 56, 0, 56, 0, 0
Rasputin72, 0, 2, 0, 2, 0, 0
Mr. Anon515, 0, 1, 0, 1, 0, 0
Moogwrench, 0, 5, 0, 5, 0, 0
Jennifer500, 0, 2, 0, 2, 0, 0
Wiki Greek Basketball, 0, 2, 0, 2, 0, 0
JulieSpaulding (page does not exist), 0, 3, 0, 3, 0, 0
Shirik/RFA, 0, 10, 0, 10, 0, 0
The High Fin Sperm Whale, 0, 28, 0, 28, 0, 0
Mkativerata, 117, 121, 0, 121, 0, 117
Buggie111, 0, 24, 0, 24, 0, 0
I.M.S., 0, 1, 0, 1, 0, 0
Liquidluck, 0, 8, 0, 8, 0, 0
Fran Rogers, 0, 1, 0, 1, 0, 0
Ripberger, 0, 1, 0, 1, 0, 0
MurfleMan, 0, 7, 0, 7, 0, 0
Amorymeltzer/rfa rationale, 0, 1, 0, 1, 0, 0
Reg7ha, 0, 1, 0, 1, 0, 0
Recognizance, 0, 4, 0, 4, 0, 0
Wizzy, 0, 1, 0, 1, 0, 0
Lala m7, 0, 1, 0, 1, 0, 0
Politoman, 0, 1, 0, 1, 0, 0
RxS, 0, 2, 0, 2, 0, 0
Nikkimaria, 94, 24, 0, 24, 0, 94
"Inferno, Lord of Penguins", 0, 1, 0, 1, 0, 0
Poltair, 0, 11, 0, 11, 0, 0
Chris Markides, 0, 1, 0, 1, 0, 0
MeisterChief (page does not exist), 0, 1, 0, 1, 0, 0
The Hero of This Nation, 0, 1, 0, 1, 0, 0
Mobile Suit Gundam (page does not exist), 0, 2, 0, 2, 0, 0
UltraExactZZ (page does not exist), 0, 1, 0, 1, 0, 0
JohnWBarber, 0, 2, 0, 2, 0, 0
Throwaway85, 0, 7, 0, 7, 0, 0
Dr.K., 0, 11, 0, 11, 0, 0
The Wordsmith/BLP sourcing, 0, 2, 0, 2, 0, 0
Redvers/SN, 0, 3, 0, 3, 0, 0
TTTSNB/vandalbox (page does not exist), 0, 3, 0, 3, 0, 0
Amsaim, 0, 1, 0, 1, 0, 0
Chutznik, 0, 2, 0, 2, 0, 0
Fail, 0, 2, 0, 2, 0, 0
Leonard.5EBloom, 106, 0, 0, 0, 0, 106
Ajbpearce, 0, 5, 0, 5, 0, 0
Gosox5555, 0, 5, 0, 5, 0, 0
Department of Redundancy Department, 0, 23, 0, 23, 0, 0
Fail/Rainbow Support (page does not exist), 0, 1, 0, 1, 0, 0
Erik Le Mesurier, 0, 1, 0, 1, 0, 0
Boing! said Zebedee, 0, 178, 0, 178, 0, 0
JuneGloom07, 0, 15, 0, 15, 0, 0
RandomStringOfCharacters, 0, 1, 0, 1, 0, 0
Thejadefalcon, 0, 1, 0, 1, 0, 0
Phynicen, 0, 1, 0, 1, 0, 0
BLGM5 (page does not exist), 0, 2, 0, 2, 0, 0
Wifione, 96, 69, 0, 69, 0, 96
Connormah, 132, 56, 0, 56, 0, 132
NJA, 0, 4, 0, 4, 0, 0
Proofreader77, 0, 1, 0, 1, 0, 0
Padillah, 0, 1, 0, 1, 0, 0
MWOAP, 0, 6, 0, 6, 0, 0
Oberonfitch, 0, 1, 0, 1, 0, 0
Wikireader41, 0, 5, 0, 5, 0, 0
Yzak Jule, 0, 1, 0, 1, 0, 0
Acps110, 0, 15, 0, 15, 0, 0
HJ Mitchell/RfA Criteria (page does not exist), 0, 4, 0, 4, 0, 0
Trusted Throw, 0, 1, 0, 1, 0, 0
Samwb123, 0, 1, 0, 1, 0, 0
Samwb123/My talk page (page does not exist), 0, 1, 0, 1, 0, 0
Brianann MacAmhlaidh, 0, 4, 0, 4, 0, 0
Gongshow, 0, 4, 0, 4, 0, 0
MrRadioGuy, 0, 1, 0, 1, 0, 0
MWOAP/RfA voting (page does not exist), 0, 3, 0, 3, 0, 0
Singlish speaker, 0, 7, 0, 7, 0, 0
TTTSNB, 0, 21, 0, 21, 0, 0
Weakopedia, 0, 1, 0, 1, 0, 0
Otherlleft/RfA, 0, 2, 0, 2, 0, 0
Unioneagle, 0, 1, 0, 1, 0, 0
Black Falcon/Essay/Adminship, 0, 1, 0, 1, 0, 0
Phantomsteve/Editor/Deletions, 0, 1, 0, 1, 0, 0
Jclemens/RFAStandards, 0, 1, 0, 1, 0, 0
Ajraddatz, 0, 110, 0, 110, 0, 0
Ks0stm, 82, 34, 0, 34, 0, 82
Ks0stm/Guestbook, 0, 29, 0, 29, 0, 0
Cptnono, 0, 6, 0, 6, 0, 0
Zvn, 0, 2, 0, 2, 0, 0
Swarm, 106, 90, 0, 90, 0, 106
Father_Goose, 58, 0, 0, 0, 0, 58
Mike_Cline, 66, 0, 0, 0, 0, 66
Epipelagic, 0, 4, 0, 4, 0, 0
Mike Cline, 0, 11, 0, 11, 0, 0
Mbz1, 0, 2, 0, 2, 0, 0
Atmoz, 0, 10, 0, 10, 0, 0
Kayau, 0, 4, 0, 4, 0, 0
Kayau/guestbook, 0, 4, 0, 4, 0, 0
JamesR, 0, 1, 0, 1, 0, 0
IBen (page does not exist), 0, 2, 0, 2, 0, 0
Kingpin13/thanks (page does not exist), 0, 1, 0, 1, 0, 0
Madhero88, 0, 3, 0, 3, 0, 0
Derob ecnirp, 0, 1, 0, 1, 0, 0
NerdyScienceDude, 0, 12, 0, 12, 0, 0
Kudpung, 113, 158, 0, 158, 0, 113
NativeForeigner, 0, 43, 0, 43, 0, 0
Dusti, 0, 10, 0, 10, 0, 0
Noian, 0, 1, 0, 1, 0, 0
Dspradau, 0, 1, 0, 1, 0, 0
Tim_Song, 127, 0, 0, 0, 0, 127
NSD, 0, 51, 0, 51, 0, 0
NSD/t (page does not exist), 0, 62, 0, 62, 0, 0
NSD/Guestbook (page does not exist), 0, 1, 0, 1, 0, 0
Mono/RFA voting (page does not exist), 0, 1, 0, 1, 0, 0
Peter/RfA criteria, 0, 1, 0, 1, 0, 0
Cloudbound, 0, 5, 0, 5, 0, 0
Filmnmusicritic (page does not exist), 0, 1, 0, 1, 0, 0
Difu Wu, 0, 1, 0, 1, 0, 0
Jarkeld, 0, 14, 0, 14, 0, 0
Zmaj (page does not exist), 0, 1, 1, 0, 0, 0
MSTCrow, 0, 1, 0, 1, 0, 0
3centsoap, 0, 1, 0, 1, 0, 0
Andromedabluesphere440, 0, 37, 0, 37, 0, 0
BigDom, 85, 32, 0, 32, 0, 85
The High Fin Sperm Whale/RfA expectations, 0, 1, 0, 1, 0, 0
White Shadows, 0, 57, 0, 57, 0, 0
LedgendGamer, 0, 1, 0, 1, 0, 0
Midhart90, 0, 1, 0, 1, 0, 0
Cimon Avaro, 0, 1, 0, 1, 0, 0
Forenti, 0, 3, 0, 3, 0, 0
Awickert, 0, 2, 0, 2, 0, 0
Tadija (page does not exist), 0, 1, 0, 1, 0, 0
The 888th Avatar, 0, 1, 0, 1, 0, 0
PRODUCER, 0, 1, 0, 1, 0, 0
Patriot8790, 0, 1, 0, 1, 0, 0
Vrubel's Demons (page does not exist), 0, 1, 0, 1, 0, 0
True Pagan Warrior/RfA, 0, 8, 0, 8, 0, 0
True Pagan Warrior, 0, 12, 0, 12, 0, 0
Elockid, 93, 11, 0, 11, 0, 93
The C of E, 0, 1, 0, 1, 0, 0
DD2K, 0, 3, 0, 3, 0, 0
Minimac, 0, 101, 0, 101, 0, 0
N5iln, 0, 45, 0, 45, 0, 0
Justin W Smith, 0, 1, 0, 1, 0, 0
Nirvana888, 0, 1, 0, 1, 0, 0
Omirocksthisworld, 0, 1, 0, 1, 0, 0
Dwayne, 0, 27, 0, 27, 0, 0
Theclerkswell, 0, 1, 0, 1, 0, 0
MC10/Guestbook, 0, 43, 0, 43, 0, 0
Jubileeclipman, 0, 3, 0, 3, 0, 0
SamEV, 0, 1, 0, 1, 0, 0
Excirial, 111, 9, 0, 9, 0, 111
Immunize, 0, 15, 0, 15, 0, 0
Excirial/Awards, 0, 1, 0, 1, 0, 0
Acebulf, 0, 1, 0, 1, 0, 0
Excirial/Sketchbook, 0, 1, 0, 1, 0, 0
Pilif12p, 0, 12, 0, 12, 0, 0
B.hotep, 0, 1, 0, 1, 0, 0
Hammersoft, 0, 9, 0, 9, 0, 0
Pdcook, 0, 51, 0, 51, 0, 0
Kww_4, 129, 0, 0, 0, 0, 129
Pablo X, 0, 3, 0, 3, 0, 0
Lil-unique1, 0, 1, 0, 1, 0, 0
Donatrip, 0, 1, 0, 1, 0, 0
Wildhartlivie, 0, 1, 0, 1, 0, 0
Cathardic, 0, 1, 0, 1, 0, 0
7OA, 0, 1, 0, 1, 0, 0
JohnFromPinckney, 0, 1, 0, 1, 0, 0
Harout72, 0, 1, 0, 1, 0, 0
Ginsengbomb, 0, 3, 0, 3, 0, 0
Zhang He, 0, 1, 0, 1, 0, 0
Vipinhari, 0, 7, 0, 7, 0, 0
PMDrive1061, 0, 4, 0, 4, 0, 0
Jamesofur/whynot, 0, 5, 0, 5, 0, 0
Nifky?, 0, 1, 0, 1, 0, 0
The Evil IP address, 0, 5, 0, 5, 0, 0
PrincessofLlyr, 0, 27, 0, 27, 0, 0
Avicennasis, 0, 10, 0, 10, 0, 0
Pgallert/RfA voting criteria, 0, 4, 0, 4, 0, 0
VernoWhitney, 152, 6, 0, 6, 0, 152
Barras, 0, 2, 0, 2, 0, 0
Hive001, 0, 3, 0, 3, 0, 0
Alanraywiki, 0, 1, 0, 1, 0, 0
Mlpearc, 0, 70, 0, 70, 0, 0
Barek, 66, 0, 0, 0, 0, 66
Iceman444k (page does not exist), 0, 1, 0, 1, 0, 0
Kraftlos/admin criteria, 0, 5, 0, 5, 0, 0
Grondemar, 0, 14, 0, 14, 0, 0
Ceranthor/helpful (page does not exist), 0, 1, 0, 1, 0, 0
Andewz111, 0, 4, 0, 4, 0, 0
HJ_Mitchell, 258, 0, 0, 0, 0, 258
Alzarian16, 0, 20, 0, 20, 0, 0
5 albert square, 0, 21, 0, 21, 0, 0
Hi878, 0, 50, 0, 50, 0, 0
Crystal Clear x3, 0, 1, 0, 1, 0, 0
Big Bird, 0, 1, 0, 1, 0, 0
Hadger, 0, 3, 0, 3, 0, 0
Emily Jensen, 0, 2, 0, 2, 0, 0
Tim1357, 0, 2, 0, 2, 0, 0
DustFormsWords, 0, 7, 0, 7, 0, 0
Jæs, 0, 1, 0, 1, 0, 0
Extra999, 0, 3, 0, 3, 0, 0
Adambro, 54, 0, 0, 0, 38, 16
Tide_rolls, 166, 0, 0, 0, 0, 166
N419BH, 0, 7, 0, 7, 0, 0
Eagles247, 130, 21, 0, 21, 0, 130
Sonia, 0, 12, 0, 12, 0, 0
Traxs7, 0, 2, 0, 2, 0, 0
Sidonuke, 0, 1, 0, 1, 0, 0
Leyo, 95, 10, 0, 10, 0, 95
Alpha Quadrant, 0, 23, 0, 23, 0, 0
Awesomeness, 0, 1, 0, 1, 0, 0
Orphan Wiki, 0, 61, 0, 61, 0, 0
LiberalFascist, 0, 7, 0, 7, 0, 0
Tommy2010, 0, 40, 0, 40, 0, 0
AussieLegend, 0, 3, 0, 3, 0, 0
TheFeds, 0, 1, 0, 1, 0, 0
Seahorseruler, 0, 1, 0, 1, 0, 0
Brambleclawx, 0, 11, 0, 11, 0, 0
Wiooiw (page does not exist), 0, 25, 0, 25, 0, 0
ScottyBerg, 0, 1, 0, 1, 0, 0
Akirn, 0, 1, 0, 1, 0, 0
Digago (page does not exist), 0, 1, 0, 1, 0, 0
Rin tin tin, 0, 1, 0, 1, 0, 0
Acather96, 77, 16, 0, 16, 0, 77
EdoDodo, 0, 4, 0, 4, 0, 0
Bradjamesbrown, 110, 0, 0, 0, 0, 110
RashersTierney, 0, 1, 0, 1, 0, 0
Fumitol, 0, 3, 0, 3, 0, 0
Arsenikk, 109, 0, 0, 0, 0, 109
Arsenikk/Contributions, 0, 1, 0, 1, 0, 0
Assorg, 0, 1, 0, 1, 0, 0
Geschichte, 0, 2, 0, 2, 0, 0
Thparkth (page does not exist), 0, 10, 0, 10, 0, 0
1234r00t, 0, 11, 0, 11, 0, 0
Oxguy3, 0, 1, 0, 1, 0, 0
Waldir, 80, 2, 0, 2, 0, 80
ErikHaugen, 85, 20, 0, 20, 0, 85
Beria, 0, 1, 0, 1, 0, 0
Lear's Fool, 0, 11, 0, 11, 0, 0
Judicatus, 0, 1, 0, 1, 0, 0
FredZ, 0, 1, 0, 1, 0, 0
Fair Shannon, 0, 2, 0, 2, 0, 0
GJGardner, 0, 2, 0, 2, 0, 0
7 2 (page does not exist), 0, 1, 0, 1, 0, 0
The High Fin Sperm Whale/Sandbox, 0, 7, 0, 7, 0, 0
Richwales, 88, 15, 0, 15, 0, 88
Salvio giuliano, 0, 52, 0, 52, 0, 0
Courcelles, 0, 88, 0, 88, 0, 0
Parker1297/Guestbook, 0, 1, 0, 1, 0, 0
Pink Bull, 0, 13, 0, 13, 0, 0
High Contrast, 0, 5, 0, 5, 0, 0
Ronk01, 0, 9, 0, 9, 0, 0
Begoon, 0, 53, 0, 53, 0, 0
Jack forbes, 0, 1, 0, 1, 0, 0
Hereforhomework2, 0, 1, 0, 1, 0, 0
Lova Falk, 0, 1, 0, 1, 0, 0
Wackywace, 0, 4, 0, 4, 0, 0
Aleksa Lukic (page does not exist), 0, 8, 0, 8, 0, 0
QwerpQwertus, 0, 3, 0, 3, 0, 0
QwerpQwertus/The Puzzle Piece Award (page does not exist), 0, 1, 0, 1, 0, 0
Panzertank (page does not exist), 0, 1, 0, 1, 0, 0
FinalRapture, 0, 2, 0, 2, 0, 0
Jeanne boleyn, 0, 2, 0, 2, 0, 0
Rohedin, 0, 2, 0, 2, 0, 0
Cannonbolt2, 0, 1, 0, 1, 0, 0
Footyfanatic3000, 0, 1, 0, 1, 0, 0
JamesBWatson, 1, 11, 0, 11, 0, 1
Jason Rees, 0, 1, 0, 1, 0, 0
Pilif12p's sock (page does not exist), 0, 1, 0, 1, 0, 0
Dana boomer, 0, 6, 0, 6, 0, 0
Thesevenseas, 0, 1, 0, 1, 0, 0
PiRSquared17, 0, 3, 0, 3, 0, 0
Zalgo, 0, 4, 0, 4, 0, 0
SoCalSuperEagle, 0, 4, 0, 4, 0, 0
Floul1, 0, 1, 0, 1, 0, 0
Floul1/sandbox, 0, 1, 0, 1, 0, 0
Derild4921, 0, 16, 0, 16, 0, 0
Derild4921/Guestbook, 0, 16, 0, 16, 0, 0
Oozetrigger (page does not exist), 0, 1, 0, 1, 0, 0
Heymid, 0, 9, 0, 9, 0, 0
Seb az86556, 0, 3, 0, 3, 0, 0
The Blade of the Northern Lights, 0, 40, 0, 40, 0, 0
CT Cooper/RfA criteria (page does not exist), 0, 6, 0, 6, 0, 0
CT Cooper, 0, 7, 0, 7, 0, 0
HamburgerRadio, 0, 1, 0, 1, 0, 0
Sheeana, 0, 1, 0, 1, 0, 0
Skizzik, 0, 1, 0, 1, 0, 0
Esuzu, 0, 1, 0, 1, 0, 0
Netalarm (page does not exist), 0, 4, 0, 4, 0, 0
OpenTheWindows, 0, 1, 0, 1, 0, 0
Sir Lewk, 0, 1, 1, 0, 0, 0
Sir Lewk/Esperanza, 0, 1, 1, 0, 0, 0
Spook`, 0, 1, 1, 0, 0, 0
Grön, 0, 1, 1, 0, 0, 0
Primetime, 0, 1, 0, 1, 0, 0
Mkamensek, 0, 1, 1, 0, 0, 0
VKokielov, 0, 1, 1, 0, 0, 0
Jakiša Tomić, 0, 1, 1, 0, 0, 0
Mate Balota, 0, 1, 0, 1, 0, 0
Dijxtra2 (page does not exist), 0, 1, 0, 1, 0, 0
Gildyshow (page does not exist), 0, 1, 0, 1, 0, 0
Goorge (page does not exist), 0, 1, 0, 1, 0, 0
Roger Dangerfields (page does not exist), 0, 1, 1, 0, 0, 0
Renata3/camp (page does not exist), 0, 1, 1, 0, 0, 0
SylwiaS, 0, 1, 1, 0, 0, 0
65.147.85.24 (page does not exist), 0, 1, 1, 0, 0, 0
Thatguy96, 0, 1, 1, 0, 0, 0
MGA73, 92, 1, 0, 1, 0, 92
Multichill, 0, 2, 0, 2, 0, 0
Pichpich, 0, 58, 0, 58, 0, 0
NSD/g (page does not exist), 0, 6, 0, 6, 0, 0
DARTH SIDIOUS 2, 0, 37, 0, 37, 0, 0
Raeky, 0, 1, 0, 1, 0, 0
Milowent, 0, 15, 0, 15, 0, 0
Mauler90, 0, 2, 0, 2, 0, 0
Coasterlover1994, 0, 8, 0, 8, 0, 0
Lukasz Lukomski, 0, 1, 0, 1, 0, 0
Forty two, 0, 4, 0, 4, 0, 0
Diego Grez, 0, 27, 0, 27, 0, 0
C628, 0, 4, 0, 4, 0, 0
Mikemoral, 0, 1, 0, 1, 0, 0
Reconsider the static, 0, 1, 0, 1, 0, 0
95j (page does not exist), 0, 1, 0, 1, 0, 0
Joshua Scott, 0, 4, 0, 4, 0, 0
DeltaQuad, 108, 15, 0, 15, 0, 108
Noraft, 0, 4, 0, 4, 0, 0
Fbifriday, 0, 1, 0, 1, 0, 0
My76Strat, 0, 48, 0, 48, 0, 0
ActivExpression, 0, 4, 0, 4, 0, 0
ActivExpression/Guestbook, 0, 4, 0, 4, 0, 0
Mono, 0, 3, 0, 3, 0, 0
Fetchcomms2, 0, 1, 0, 1, 0, 0
Sumsum2010, 0, 4, 0, 4, 0, 0
JDDJS, 0, 1, 0, 1, 0, 0
Davtra (page does not exist), 0, 1, 0, 1, 0, 0
I-20, 0, 3, 0, 3, 0, 0
Fridae'sDoom, 0, 10, 0, 10, 0, 0
The Utahraptor, 0, 20, 0, 20, 0, 0
Russeasby, 0, 1, 0, 1, 0, 0
Snakese, 0, 1, 0, 1, 0, 0
Thumperward_3, 122, 0, 0, 0, 0, 122
Avenged Eightfold, 0, 3, 0, 3, 0, 0
Access Denied, 0, 10, 0, 10, 0, 0
Access Denied/Guestbook (page does not exist), 0, 2, 0, 2, 0, 0
Access Denied/Desk (page does not exist), 0, 2, 0, 2, 0, 0
Access Denied/Subpages, 0, 2, 0, 2, 0, 0
Claritas, 0, 2, 0, 2, 0, 0
Tyrol5, 67, 42, 0, 42, 0, 67
Joe Decker, 0, 122, 0, 122, 0, 0
Coasterlover1994/Guestbook, 0, 6, 0, 6, 0, 0
FD (page does not exist), 0, 21, 0, 21, 0, 0
FD/t (page does not exist), 0, 21, 0, 21, 0, 0
Mr little irish, 0, 4, 0, 4, 0, 0
BigDom/RfA Standards (page does not exist), 0, 1, 0, 1, 0, 0
Sven70, 0, 1, 0, 1, 0, 0
IJA, 0, 3, 0, 3, 0, 0
Snottywong, 0, 30, 0, 30, 0, 0
Paralympiakos, 0, 2, 0, 2, 0, 0
Extransit, 0, 2, 0, 2, 0, 0
Joe_Decker, 84, 0, 0, 0, 0, 84
Iqinn, 0, 10, 0, 10, 0, 0
Allmightyduck, 0, 10, 0, 10, 0, 0
Kansan, 0, 17, 0, 17, 0, 0
GrapedApe, 0, 2, 0, 2, 0, 0
Premier Shawn, 0, 1, 0, 1, 0, 0
Elekhh, 0, 2, 0, 2, 0, 0
WeijiBaikeBianji, 0, 2, 0, 2, 0, 0
Codf1977 (page does not exist), 0, 4, 0, 4, 0, 0
Andrensath, 0, 1, 0, 1, 0, 0
Jimmy Pitt, 0, 3, 0, 3, 0, 0
Frickeg, 0, 1, 0, 1, 0, 0
Happysailor, 0, 5, 0, 5, 0, 0
Arteyu, 0, 2, 0, 2, 0, 0
Dylandlima, 0, 1, 0, 1, 0, 0
GorillaWarfare, 101, 21, 0, 21, 0, 101
GorillaWarfare/Archive 2 (page does not exist), 0, 1, 0, 1, 0, 0
Techman224, 0, 2, 0, 2, 0, 0
AP1787, 0, 1, 0, 1, 0, 0
Waterfox, 0, 5, 0, 5, 0, 0
Alistair Stevenson, 0, 6, 0, 6, 0, 0
Keegan/Everyone has a place, 0, 1, 0, 1, 0, 0
Mlpearc Public, 0, 3, 0, 3, 0, 0
MithrandirAgain, 0, 2, 0, 2, 0, 0
Peter I. Vardy, 0, 1, 0, 1, 0, 0
Jmh649, 105, 7, 0, 7, 0, 105
Mr Bungle, 0, 1, 0, 1, 0, 0
WhatamIdoing, 0, 3, 0, 3, 0, 0
Anthonyhcole, 0, 13, 0, 13, 0, 0
Hordaland, 0, 1, 0, 1, 0, 0
Richiez, 0, 1, 0, 1, 0, 0
WLU, 0, 2, 0, 2, 0, 0
Ceazar77 (page does not exist), 0, 1, 0, 1, 0, 0
Garrondo, 0, 2, 0, 2, 0, 0
Leevanjackson, 0, 1, 0, 1, 0, 0
Sulmues, 0, 5, 0, 5, 0, 0
Matty the Damned, 0, 8, 0, 8, 0, 0
Transity, 0, 1, 0, 1, 0, 0
Kindzmarauli, 0, 7, 0, 7, 0, 0
Groomtech, 0, 2, 0, 2, 0, 0
Doc9871 (page does not exist), 0, 8, 0, 8, 0, 0
シ, 0, 2, 0, 2, 0, 0
Pepper, 0, 26, 0, 26, 0, 0
TeleComNasSprVen, 0, 2, 0, 2, 0, 0
TCNSV/PMD (page does not exist), 0, 2, 0, 2, 0, 0
NocturneNoir, 0, 1, 0, 1, 0, 0
MarmadukePercy, 0, 30, 0, 30, 0, 0
Nasty Housecat, 0, 1, 0, 1, 0, 0
Ohconfucius, 0, 8, 0, 8, 0, 0
Bobrayner, 0, 40, 0, 40, 0, 0
CJISBEAST, 0, 1, 0, 1, 0, 0
William S. Saturn, 0, 1, 0, 1, 0, 0
Rambo, 0, 1, 0, 1, 0, 0
Frcm1988, 0, 1, 0, 1, 0, 0
Arsonal, 0, 2, 0, 2, 0, 0
HWV258, 0, 1, 0, 1, 0, 0
Mister sparky, 0, 1, 0, 1, 0, 0
Ryan Norton, 0, 2, 0, 2, 0, 0
Argyle 4 Life, 0, 2, 0, 2, 0, 0
Inka 888, 0, 44, 0, 44, 0, 0
CycloneGU, 0, 1, 0, 1, 0, 0
K. Annoyomous, 0, 1, 0, 1, 0, 0
Sandman888 (page does not exist), 0, 1, 0, 1, 0, 0
Anthony Bradbury, 0, 35, 0, 35, 0, 0
Endofskull, 0, 3, 0, 3, 0, 0
Xcalizorz, 0, 2, 0, 2, 0, 0
Moxy, 0, 6, 0, 6, 0, 0
Mahewa, 0, 2, 0, 2, 0, 0
Jay-Sebastos, 0, 4, 0, 4, 0, 0
Nascar1996, 0, 1, 0, 1, 0, 0
Nascar1996/Guestbook (page does not exist), 0, 1, 0, 1, 0, 0
Eraserhead1, 0, 5, 0, 5, 0, 0
ZooPro, 0, 2, 0, 2, 0, 0
Mountlovcen8 (page does not exist), 0, 1, 0, 1, 0, 0
WikiCopter, 0, 1, 0, 1, 0, 0
CHRISTAKIS DEMOSTHENOUS, 0, 1, 0, 1, 0, 0
Guerillero, 58, 46, 0, 46, 0, 58
Andonic, 0, 1, 0, 1, 0, 0
Don4of4, 0, 1, 0, 1, 0, 0
Salka, 0, 1, 0, 1, 0, 0
Nolelover, 0, 27, 0, 27, 0, 0
Amatulic, 85, 6, 0, 6, 0, 85
Jenks24, 118, 25, 0, 25, 0, 118
Michig, 85, 13, 0, 13, 0, 85
Sparklism, 0, 70, 0, 70, 0, 0
Michig/How to find sources for popular music articles, 0, 1, 0, 1, 0, 0
MJ94, 0, 29, 0, 29, 0, 0
Mandsford, 68, 1, 0, 1, 0, 68
Regent of the Seatopians, 0, 6, 0, 6, 0, 0
Dana_boomer, 125, 0, 0, 0, 0, 125
Montanabw, 0, 23, 0, 23, 0, 0
Porsche997SBS/Userboxes/User MissesPluto, 0, 1, 0, 1, 0, 0
Wotnow, 0, 1, 0, 1, 0, 0
GyroMagician, 0, 1, 0, 1, 0, 0
Timothymarskell, 0, 1, 0, 1, 0, 0
Iridia, 0, 1, 0, 1, 0, 0
Minor4th, 0, 2, 0, 2, 0, 0
Weaponbb7 (page does not exist), 0, 1, 0, 1, 0, 0
Látches, 0, 1, 0, 1, 0, 0
Yousou, 0, 1, 0, 1, 0, 0
TransporterMan, 0, 4, 0, 4, 0, 0
GregJackP, 0, 7, 0, 7, 0, 0
Stickee, 0, 1, 0, 1, 0, 0
Dirtlawyer1, 0, 43, 0, 43, 0, 0
Imzadi1979, 0, 2, 0, 2, 0, 0
AutoGeek, 0, 1, 0, 1, 0, 0
Vodello, 0, 15, 0, 15, 0, 0
Panyd, 0, 10, 0, 10, 0, 0
Rahulchoudhary003, 0, 1, 0, 1, 0, 0
PS., 0, 1, 0, 1, 0, 0
Intelati, 0, 15, 0, 15, 0, 0
Clementina, 0, 4, 0, 4, 0, 0
Rmosler2100, 0, 1, 0, 1, 0, 0
Chromancer, 0, 2, 0, 2, 0, 0
Efcmagnew, 0, 2, 0, 2, 0, 0
Quartermaster, 0, 21, 0, 21, 0, 0
Wolfnix (page does not exist), 0, 2, 0, 2, 0, 0
The New Mikemoral, 0, 1, 0, 1, 0, 0
Ron_Ritzman, 141, 0, 0, 0, 0, 141
E2eamon (page does not exist), 0, 3, 0, 3, 0, 0
First Light, 0, 20, 0, 20, 0, 0
Forever Dusk, 0, 1, 0, 1, 0, 0
Qwyrxian, 105, 3, 0, 3, 0, 105
RJaguar3, 0, 5, 0, 5, 0, 0
Jebus989, 0, 50, 0, 50, 0, 0
Juliancolton/Content, 0, 1, 0, 1, 0, 0
Joe Gazz84, 0, 1, 0, 1, 0, 0
Armbrust, 0, 22, 0, 22, 0, 0
Twp, 0, 1, 0, 1, 0, 0
Georgewilliamherbert/DefendEachOther, 0, 1, 1, 0, 0, 0
DeanHinnen, 0, 1, 1, 0, 0, 0
Vadder, 0, 4, 1, 3, 0, 0
Cremepuff222/Autograph Book, 0, 1, 1, 0, 0, 0
82, 0, 1, 1, 0, 0, 0
Corvus coronoides, 0, 1, 1, 0, 0, 0
Mrmewe, 0, 1, 0, 1, 0, 0
Bad edits r dumb, 0, 1, 0, 1, 0, 0
Wayne Olajuwon, 0, 11, 0, 11, 0, 0
VictorianMutant, 0, 10, 0, 10, 0, 0
MJ94/RFA Rationale (page does not exist), 0, 1, 0, 1, 0, 0
28bytes, 134, 64, 0, 64, 0, 134
Hydroxonium, 0, 18, 0, 18, 0, 0
Tofutwitch11, 0, 34, 0, 34, 0, 0
Gfoley4, 76, 23, 0, 23, 0, 76
RevanFan, 0, 1, 0, 1, 0, 0
Peter.C, 0, 5, 0, 5, 0, 0
Giftiger wunsch (page does not exist), 0, 1, 0, 1, 0, 0
Nations United, 0, 1, 0, 1, 0, 0
Gonads3, 0, 1, 0, 1, 0, 0
Saebvn, 0, 2, 0, 2, 0, 0
The Utahraptor's sock, 0, 1, 0, 1, 0, 0
Boghog, 0, 2, 0, 2, 0, 0
Mattopaedia, 0, 1, 0, 1, 0, 0
Moabdave, 0, 1, 0, 1, 0, 0
Xurtio, 0, 1, 0, 1, 0, 0
Glrx, 0, 51, 0, 51, 0, 0
Vejvan.C4.8Dick.C3.BD, 92, 0, 0, 0, 0, 92
Cindamuse, 100, 25, 0, 25, 0, 100
Lothar von Richthofen, 0, 17, 0, 17, 0, 0
Smiley4541, 0, 2, 0, 2, 0, 0
Vejvancicky, 0, 1, 0, 1, 0, 0
ResidentAnthropologist, 0, 7, 0, 7, 0, 0
Frozen Wind, 0, 1, 0, 1, 0, 0
Strange Passerby, 0, 19, 0, 19, 0, 0
Strange Passerby/status2 (page does not exist), 0, 1, 0, 1, 0, 0
Sven Manguard, 0, 45, 0, 45, 0, 0
IGeMiNix, 0, 6, 0, 6, 0, 0
Jeffwang16, 0, 2, 0, 2, 0, 0
EdChem, 0, 6, 0, 6, 0, 0
Girlwithgreeneyes, 0, 4, 0, 4, 0, 0
Elen_of_the_Roads, 180, 0, 0, 0, 0, 180
Cynwolfe, 0, 1, 0, 1, 0, 0
SpikeToronto, 0, 1, 0, 1, 0, 0
SWM, 0, 1, 0, 1, 0, 0
Haploidavey, 0, 1, 0, 1, 0, 0
StrPby, 0, 9, 0, 9, 0, 0
HighKing, 0, 2, 0, 2, 0, 0
LindsayH, 0, 39, 0, 39, 0, 0
E. Ripley, 0, 1, 0, 1, 0, 0
Malke 2010 (page does not exist), 0, 3, 0, 3, 0, 0
Special Cases, 0, 1, 0, 1, 0, 0
PhGustaf, 0, 3, 0, 3, 0, 0
Mo ainm, 0, 1, 0, 1, 0, 0
Diannaa, 94, 34, 0, 34, 0, 94
Campbell Drive, 0, 1, 0, 1, 0, 0
Xanthoxyl, 0, 1, 0, 1, 0, 0
Strikerforce, 0, 27, 0, 27, 0, 0
RobertMfromLI, 0, 2, 0, 2, 0, 0
Paulmnguyen, 0, 1, 0, 1, 0, 0
Theo10011, 0, 3, 0, 3, 0, 0
Hoo man, 0, 1, 0, 1, 0, 0
Ocean Shores, 0, 1, 0, 1, 0, 0
Canadian2006, 0, 1, 0, 1, 0, 0
SMasters, 0, 16, 0, 16, 0, 0
TheCatalyst31, 77, 13, 0, 13, 0, 77
Polargeo 2, 0, 3, 0, 3, 0, 0
Anticipator, 0, 1, 0, 1, 0, 0
Jab843, 0, 2, 0, 2, 0, 0
"Perseus, Son of Zeus", 0, 11, 0, 11, 0, 0
I Grave Rob, 0, 1, 0, 1, 0, 0
Listening to My IPod, 0, 1, 0, 1, 0, 0
Yoenit, 0, 1, 0, 1, 0, 0
Дунгане (page does not exist), 0, 1, 0, 1, 0, 0
Clovis Sangrail, 0, 1, 0, 1, 0, 0
Voceditenore, 0, 2, 0, 2, 0, 0
January, 94, 2, 0, 2, 0, 94
Guoguo12, 0, 5, 0, 5, 0, 0
Deed89, 0, 2, 0, 2, 0, 0
AndrewN, 0, 2, 0, 2, 0, 0
TucsonDavid, 0, 1, 0, 1, 0, 0
Eclipsed, 0, 1, 0, 1, 0, 0
Reaper Eternal, 0, 87, 0, 87, 0, 0
Korruski, 0, 8, 0, 8, 0, 0
TheRasIsBack, 0, 1, 0, 1, 0, 0
EngineerFromVega, 0, 6, 0, 6, 0, 0
THF, 0, 1, 0, 1, 0, 0
Peter Karlsen, 0, 2, 0, 2, 0, 0
Sailsbystars, 0, 2, 0, 2, 0, 0
PresN, 76, 2, 0, 2, 0, 76
JimmyBlackwing, 0, 1, 0, 1, 0, 0
Hi878 isn't home, 0, 1, 0, 1, 0, 0
Marcus Qwertyus, 0, 9, 0, 9, 0, 0
Fly by Night, 0, 4, 0, 4, 0, 0
Panyd_2, 115, 0, 0, 0, 0, 115
Monomium, 0, 1, 0, 1, 0, 0
Catfish Jim and the soapdish, 0, 7, 0, 7, 0, 0
Panyd/Admin Mentoring, 0, 1, 0, 1, 0, 0
Parrot of Doom, 0, 1, 0, 1, 0, 0
Dmgultekin, 0, 1, 0, 1, 0, 0
Panyd/Mental Health (page does not exist), 0, 1, 0, 1, 0, 0
KeptSouth, 0, 2, 0, 2, 0, 0
Ancapp, 0, 16, 0, 16, 0, 0
Ancapp/t, 0, 16, 0, 16, 0, 0
Rock drum, 0, 2, 0, 2, 0, 0
Rock drum/Guestbook, 0, 2, 0, 2, 0, 0
Mr. Berty, 0, 1, 0, 1, 0, 0
BarkingFish, 0, 3, 0, 3, 0, 0
OohBunnies!, 0, 5, 0, 5, 0, 0
T. Canens, 0, 2, 0, 2, 0, 0
Aeonx, 0, 3, 0, 3, 0, 0
Tarc, 0, 3, 0, 3, 0, 0
Wayne Slam, 0, 35, 0, 35, 0, 0
Lord Roem, 0, 46, 0, 46, 0, 0
The Interior, 0, 34, 0, 34, 0, 0
Monterey Bay, 0, 39, 0, 39, 0, 0
Nick Wilson, 0, 3, 0, 3, 0, 0
DisillusionedBitterAndKnackered, 0, 5, 0, 5, 0, 0
MikeLynch, 105, 8, 0, 8, 0, 105
AGK/Arbitration and content, 0, 5, 0, 5, 0, 0
"Perseus, Son of Zeus/t", 0, 7, 0, 7, 0, 0
Evilgohan2, 0, 3, 0, 3, 0, 0
Someone65, 0, 3, 0, 3, 0, 0
Peridon, 66, 93, 0, 93, 0, 66
A930913, 0, 2, 0, 2, 0, 0
Gimme_danger, 1, 0, 0, 0, 0, 1
"Perseus, Son of Zeus/Guestbook (page does not exist, 0, 6, 0, 6, 0, 0)"
Kiefer.Wolfowitz, 0, 54, 0, 54, 0, 0
Qrsdogg, 0, 10, 0, 10, 0, 0
Cwmhiraeth, 0, 25, 0, 25, 0, 0
Anna Frodesiak, 0, 38, 0, 38, 0, 0
NortyNort, 0, 10, 0, 10, 0, 0
Hasteur, 0, 4, 0, 4, 0, 0
බිඟුවා, 0, 1, 0, 1, 0, 0
Sharktopus, 0, 1, 0, 1, 0, 0
Aircorn, 0, 29, 0, 29, 0, 0
Ryan White Jr., 0, 1, 0, 1, 0, 0
Baseball Watcher, 0, 27, 0, 27, 0, 0
Dthomsen8, 0, 1, 0, 1, 0, 0
Madrid 2020, 0, 2, 0, 2, 0, 0
DarkJak495, 0, 1, 0, 1, 0, 0
Betsythedevine, 0, 1, 0, 1, 0, 0
Acdixon, 89, 2, 0, 2, 0, 89
Mike Christie/Reference library, 0, 9, 0, 9, 0, 0
UniversitySchool08, 0, 1, 0, 1, 0, 0
Zachlipton, 0, 4, 0, 4, 0, 0
Opus 113, 0, 1, 0, 1, 0, 0
Sp33dyphil, 0, 11, 0, 11, 0, 0
Solenodon, 0, 1, 0, 1, 0, 0
5_albert_square, 102, 0, 0, 0, 0, 102
THFSW, 0, 1, 0, 1, 0, 0
Tom Morris, 0, 28, 0, 28, 0, 0
Matthewrbowker, 0, 9, 0, 9, 0, 0
Methecooldude, 0, 4, 0, 4, 0, 0
Strikerforce/RfA Standards, 0, 1, 0, 1, 0, 0
Wingdude88, 0, 1, 0, 1, 0, 0
MelbourneStar1, 0, 5, 0, 5, 0, 0
Noommos, 0, 2, 0, 2, 0, 0
E. Fokker, 0, 3, 0, 3, 0, 0
Visik, 0, 4, 0, 4, 0, 0
Kleopatra, 0, 1, 0, 1, 0, 0
Physics is all gnomes, 0, 3, 0, 3, 0, 0
THFSW (alt), 0, 1, 0, 1, 0, 0
Rami_R, 68, 0, 0, 0, 0, 68
Pantherskin, 0, 1, 0, 1, 0, 0
Demiurge1000, 0, 12, 0, 12, 0, 0
Egg Centric, 0, 13, 0, 13, 0, 0
ErrantX, 88, 5, 0, 5, 0, 88
BabbaQ, 0, 2, 0, 2, 0, 0
Autoerrant, 0, 1, 0, 1, 0, 0
Worm That Turned, 0, 43, 0, 43, 0, 0
Perseus8235, 0, 4, 0, 4, 0, 0
Pol430, 0, 22, 0, 22, 0, 0
Stevenmitchell, 0, 1, 0, 1, 0, 0
Eglinton2, 0, 1, 0, 1, 0, 0
Novice7, 0, 9, 0, 9, 0, 0
Sumsum2010/ER, 0, 2, 0, 2, 0, 0
AerobicFox, 0, 3, 0, 3, 0, 0
The_Bushranger, 94, 0, 0, 0, 0, 94
Binksternet, 0, 26, 0, 26, 0, 0
Caden, 0, 2, 0, 2, 0, 0
Breawycker, 0, 4, 0, 4, 0, 0
Ebe123, 0, 25, 0, 25, 0, 0
The Bushranger, 0, 6, 0, 6, 0, 0
Sokac121, 0, 5, 0, 5, 0, 0
Chaosdruid, 0, 5, 0, 5, 0, 0
C4MB, 0, 1, 0, 1, 0, 0
Hugahoody (page does not exist), 0, 2, 0, 2, 0, 0
RHM22, 81, 3, 0, 3, 0, 81
Boing.21_said_Zebedee, 160, 0, 0, 0, 0, 160
SpiderJon, 0, 1, 0, 1, 0, 0
Pol430/RfA Criteria, 0, 10, 0, 10, 0, 0
Jonkerz, 0, 1, 0, 1, 0, 0
MarnetteD, 0, 30, 0, 30, 0, 0
Porchcrop, 0, 4, 0, 4, 0, 0
Lerdthenerd, 0, 2, 0, 2, 0, 0
Rahuloof, 0, 2, 0, 2, 0, 0
WikiManOne, 0, 2, 0, 2, 0, 0
Cullen328, 317, 90, 0, 90, 0, 317
Cymru.lass, 0, 4, 0, 4, 0, 0
CharlieDelta, 0, 1, 0, 1, 0, 0
Yaksar, 0, 4, 0, 4, 0, 0
Lovetinkle, 0, 6, 0, 6, 0, 0
Msrasnw, 0, 1, 0, 1, 0, 0
Neelix, 72, 0, 0, 0, 0, 72
Chaser (away), 0, 1, 0, 1, 0, 0
Sodabottle, 0, 11, 0, 11, 0, 0
Tijfo098, 0, 2, 0, 2, 0, 0
Flightx52, 0, 1, 0, 1, 0, 0
Gabriele449, 0, 4, 0, 4, 0, 0
Enfcer, 0, 5, 0, 5, 0, 0
123Hedgehog456 (page does not exist), 0, 3, 0, 3, 0, 0
Yopienso, 0, 1, 0, 1, 0, 0
CalumH93, 0, 4, 0, 4, 0, 0
Creation7689, 0, 1, 0, 1, 0, 0
VQuakr, 0, 5, 0, 5, 0, 0
Siecor, 0, 2, 0, 2, 0, 0
PrincessWortheverything, 0, 1, 0, 1, 0, 0
Rayis, 0, 1, 1, 0, 0, 0
Bear and Dragon, 0, 1, 1, 0, 0, 0
JaGa, 85, 2, 0, 2, 0, 85
France3470, 0, 2, 0, 2, 0, 0
Sgt. R.K. Blue, 0, 1, 0, 1, 0, 0
AfterHelper11, 0, 1, 0, 1, 0, 0
Mobile Snail, 0, 1, 0, 1, 0, 0
TC3132011, 0, 1, 0, 1, 0, 0
Manishearth, 0, 1, 0, 1, 0, 0
Doh5678, 0, 3, 0, 3, 0, 0
F.C3.A6, 1, 0, 0, 0, 0, 1
Fæ, 0, 2, 0, 2, 0, 0
Valfontis, 68, 4, 0, 4, 0, 68
Valfontis/Tips and tricks, 0, 1, 0, 1, 0, 0
TCO, 0, 14, 0, 14, 0, 0
Jsayre64, 0, 2, 0, 2, 0, 0
Gonfaloniere, 0, 1, 0, 1, 0, 0
PassaMethod, 0, 7, 0, 7, 0, 0
Tesscass, 0, 1, 0, 1, 0, 0
SunCountryGuy01, 0, 1, 0, 1, 0, 0
Crazymonkey1123, 0, 8, 0, 8, 0, 0
Salvio_giuliano, 116, 0, 0, 0, 0, 116
FormerIP, 0, 1, 0, 1, 0, 0
SuperMarioMan, 79, 3, 0, 3, 0, 79
GreatOrangePumpkin, 0, 3, 0, 3, 0, 0
Gtdp, 0, 1, 0, 1, 0, 0
Shrike, 0, 1, 0, 1, 0, 0
Carrite, 0, 89, 0, 89, 0, 0
UncleBubba, 0, 1, 0, 1, 0, 0
Haymaker, 0, 3, 0, 3, 0, 0
Jasper Deng, 0, 16, 0, 16, 0, 0
Rmzadeh, 0, 1, 0, 1, 0, 0
Purplepox01, 0, 1, 0, 1, 0, 0
Dru of Id, 0, 26, 0, 26, 0, 0
MauchoEagle, 0, 9, 0, 9, 0, 0
Bwmoll3, 0, 1, 0, 1, 0, 0
RightCowLeftCoast, 0, 9, 0, 9, 0, 0
Cuprum17, 0, 3, 0, 3, 0, 0
Jorgenev, 0, 9, 0, 9, 0, 0
Ankit Maity, 0, 16, 0, 16, 0, 0
NellieBly, 0, 6, 0, 6, 0, 0
Julle, 0, 11, 0, 11, 0, 0
Wikipedian2, 0, 1, 0, 1, 0, 0
Ancient Apparition, 0, 11, 0, 11, 0, 0
Crazymonkey1123/autographs, 0, 1, 0, 1, 0, 0
Adwiii, 0, 7, 0, 7, 0, 0
Decker41811a, 0, 1, 0, 1, 0, 0
Catfish_Jim_and_the_soapdish, 111, 0, 0, 0, 0, 111
Catfish Jim and the soapdish/Camus Stone (page does not exist), 0, 1, 0, 1, 0, 0
Catfish Jim and the soapdish/Significant contributions (page does not exist), 0, 1, 0, 1, 0, 0
Who Am I Why Am I Here, 0, 3, 0, 3, 0, 0
Doomgaze, 0, 1, 0, 1, 0, 0
Seaphoto, 0, 2, 0, 2, 0, 0
Scray, 0, 21, 0, 21, 0, 0
Philip.t.day, 0, 1, 0, 1, 0, 0
Catfish Jim and the soapdish/userboxes/Picts, 0, 1, 0, 1, 0, 0
Captain Marshalls, 0, 1, 0, 1, 0, 0
Sp33dyphil/Master plan, 0, 7, 0, 7, 0, 0
Kohoutek1138, 0, 1, 0, 1, 0, 0
Bretonbanquet, 0, 1, 0, 1, 0, 0
PartyAnimal22, 0, 1, 0, 1, 0, 0
TBloemink, 0, 8, 0, 8, 0, 0
Daicaregos, 0, 1, 0, 1, 0, 0
Moneya, 0, 1, 0, 1, 0, 0
Mtking, 0, 4, 0, 4, 0, 0
Uhai, 0, 1, 0, 1, 0, 0
Schlitzer90, 0, 1, 0, 1, 0, 0
Volunteer Marek, 0, 4, 0, 4, 0, 0
Demize, 0, 1, 0, 1, 0, 0
Nanobear (page does not exist), 0, 2, 0, 2, 0, 0
Beyond My Ken, 0, 38, 0, 38, 0, 0
WhiteWriter (page does not exist), 0, 1, 0, 1, 0, 0
Dylan620 II, 0, 1, 0, 1, 0, 0
BarkingMoon, 0, 4, 0, 4, 0, 0
Hodja Nasreddin, 0, 1, 0, 1, 0, 0
Glenfarclas, 0, 1, 0, 1, 0, 0
Berean Hunter, 0, 20, 0, 20, 0, 0
Mojoworker, 0, 5, 0, 5, 0, 0
Canuckian89, 0, 1, 0, 1, 0, 0
John KB, 0, 4, 0, 4, 0, 0
SarekOfVulcan_2, 184, 0, 0, 0, 0, 184
Griswaldo, 0, 1, 0, 1, 0, 0
Phantomsteve/RfA standards, 0, 1, 0, 1, 0, 0
Kenatipo (page does not exist), 0, 1, 0, 1, 0, 0
Marauder40, 0, 2, 0, 2, 0, 0
Boulevardier, 0, 1, 0, 1, 0, 0
Whiteguru, 0, 1, 0, 1, 0, 0
Archaeo, 0, 1, 0, 1, 0, 0
Thenub314, 0, 1, 0, 1, 0, 0
Bms4880, 0, 1, 0, 1, 0, 0
DocOfSoc, 0, 1, 0, 1, 0, 0
Hengist Pod, 0, 1, 0, 1, 0, 0
Goodvac, 0, 1, 0, 1, 0, 0
Sitush, 0, 17, 0, 17, 0, 0
Heironymous Rowe, 0, 1, 0, 1, 0, 0
Jamietw, 0, 3, 0, 3, 0, 0
Σ, 0, 13, 0, 13, 0, 0
Intoronto1125 (page does not exist), 0, 5, 0, 5, 0, 0
Chester Markel, 0, 2, 0, 2, 0, 0
Shearonink, 0, 6, 0, 6, 0, 0
Sadads, 97, 9, 0, 9, 0, 97
TParis, 52, 65, 0, 65, 0, 52
Bryce53, 0, 4, 0, 4, 0, 0
Crosstemplejay, 0, 2, 0, 2, 0, 0
Racepacket, 0, 1, 0, 1, 0, 0
Crazymonkey1123/Personal Grading Criteria for RfA Requests, 0, 1, 0, 1, 0, 0
Crazymonkey1123/guestbook, 0, 6, 0, 6, 0, 0
Vugar 1981, 0, 2, 0, 2, 0, 0
MikeBeckett, 0, 1, 0, 1, 0, 0
Favonian, 130, 7, 0, 7, 0, 130
CutOffTies, 0, 3, 0, 3, 0, 0
Chaser2, 0, 1, 0, 1, 0, 0
Xxanthippe, 0, 7, 0, 7, 0, 0
DracoEssentialis, 0, 2, 0, 2, 0, 0
Jcaraballo (page does not exist), 0, 1, 0, 1, 0, 0
General Rommel, 0, 1, 0, 1, 0, 0
Niteshift36, 0, 1, 0, 1, 0, 0
Kinaro (page does not exist), 0, 1, 0, 1, 0, 0
Crusio, 0, 1, 0, 1, 0, 0
Wikid77, 0, 13, 0, 13, 0, 0
JohnHWiki, 0, 1, 0, 1, 0, 0
Wilbysuffolk (page does not exist), 0, 1, 0, 1, 0, 0
Rcsprinter123, 0, 60, 0, 60, 0, 0
James500, 0, 21, 0, 21, 0, 0
Catfish Jim, 0, 19, 0, 19, 0, 0
L'etats C'est Moi, 0, 4, 0, 4, 0, 0
Patitomr, 0, 1, 0, 1, 0, 0
Ryan Vesey, 0, 19, 0, 19, 0, 0
Soxrock24, 0, 2, 0, 2, 0, 0
Danger, 0, 5, 0, 5, 0, 0
Croisés Majestic/Guestbook (page does not exist), 0, 3, 0, 3, 0, 0
Croisés Majestic (page does not exist), 0, 3, 0, 3, 0, 0
Jsfouche, 0, 3, 0, 3, 0, 0
Feedintm, 0, 2, 0, 2, 0, 0
Jimp, 80, 0, 0, 0, 0, 80
Rcsprinter, 0, 1, 0, 1, 0, 0
Frankie, 0, 9, 0, 9, 0, 0
Lightmouse, 0, 1, 0, 1, 0, 0
Worm_That_Turned, 124, 0, 0, 0, 0, 124
Porchcorpter, 0, 6, 0, 6, 0, 0
JoeSperrazza, 0, 5, 0, 5, 0, 0
Hurricanefan25, 0, 13, 0, 13, 0, 0
Bluerasberry, 0, 27, 0, 27, 0, 0
Δ, 0, 1, 0, 1, 0, 0
☂, 0, 1, 0, 1, 0, 0
☃ (page does not exist), 0, 1, 0, 1, 0, 0
Causa sui, 0, 6, 0, 6, 0, 0
Grim Littlez, 0, 3, 0, 3, 0, 0
EdwardZhao, 0, 6, 0, 6, 0, 0
Mato, 0, 11, 0, 11, 0, 0
ThatPeskyCommoner, 0, 5, 0, 5, 0, 0
Kudpung/RfA criteria, 0, 11, 0, 11, 0, 0
Damirgraffiti, 0, 4, 0, 4, 0, 0
Andy Dingley, 0, 7, 0, 7, 0, 0
Antarctic-adventurer, 0, 1, 0, 1, 0, 0
Puffin, 0, 12, 0, 12, 0, 0
Hemanshu, 0, 1, 1, 0, 0, 0
Umofomia, 0, 1, 1, 0, 0, 0
Johan Magnus, 0, 1, 1, 0, 0, 0
Flamingspinach, 0, 1, 1, 0, 0, 0
Bishonen/European toilet paper holder, 0, 1, 0, 1, 0, 0
Njyoder, 0, 1, 0, 1, 0, 0
Njyoder/bishonen, 0, 1, 0, 1, 0, 0
Wegge, 0, 1, 0, 1, 0, 0
Bill william compton, 0, 7, 0, 7, 0, 0
Maheshkumaryadav, 0, 1, 0, 1, 0, 0
Quigley, 0, 2, 0, 2, 0, 0
Dusty777, 0, 1, 0, 1, 0, 0
Abstruce, 0, 1, 0, 1, 0, 0
Swarm/RfA criteria, 0, 3, 0, 3, 0, 0
CHAK 001, 0, 1, 0, 1, 0, 0
Fluffernutter, 146, 8, 0, 8, 0, 146
Oda Mari, 0, 1, 0, 1, 0, 0
Bobthefish2, 0, 1, 0, 1, 0, 0
Inks.LWC, 0, 75, 0, 75, 0, 0
Cloveapple, 0, 2, 0, 2, 0, 0
Lithistman, 0, 6, 0, 6, 0, 0
Mann jess, 0, 1, 0, 1, 0, 0
Silver seren, 0, 3, 0, 3, 0, 0
SudoGhost, 0, 4, 0, 4, 0, 0
Phoenix7777, 0, 2, 0, 2, 0, 0
I Jethrobot, 0, 6, 0, 6, 0, 0
Reaper_Eternal, 138, 0, 0, 0, 0, 138
Reaper Eternal/Admin Mentoring, 0, 1, 0, 1, 0, 0
TaerkastUA, 0, 1, 0, 1, 0, 0
Rodw, 0, 1, 0, 1, 0, 0
Planetary Chaos Redux, 0, 1, 0, 1, 0, 0
Kierzek, 0, 64, 0, 64, 0, 0
Lukep913, 0, 16, 0, 16, 0, 0
EleoTager, 0, 1, 0, 1, 0, 0
Thecheesykid, 0, 1, 0, 1, 0, 0
Lcsrns, 0, 1, 0, 1, 0, 0
NickDupree, 0, 1, 0, 1, 0, 0
Topher385, 0, 3, 0, 3, 0, 0
PumpkinSky, 0, 25, 0, 25, 0, 0
M.O.X, 0, 7, 0, 7, 0, 0
MoonLichen/MoonLichen, 0, 1, 0, 1, 0, 0
Red Rover112, 0, 2, 0, 2, 0, 0
Snardbafulator, 0, 1, 0, 1, 0, 0
Mrmatiko, 0, 3, 0, 3, 0, 0
Atomician, 0, 1, 0, 1, 0, 0
LikeLakers2, 0, 1, 0, 1, 0, 0
Eeekster, 0, 5, 0, 5, 0, 0
Enti342, 0, 1, 0, 1, 0, 0
1966batfan, 0, 1, 0, 1, 0, 0
TRLIJC19, 0, 3, 0, 3, 0, 0
KsØstm, 0, 1, 0, 1, 0, 0
DoRD, 0, 31, 0, 31, 0, 0
Reaper Eternal/recall template, 0, 1, 0, 1, 0, 0
KuduIO, 0, 5, 0, 5, 0, 0
Orange Suede Sofa, 0, 2, 0, 2, 0, 0
Yellow Evan, 0, 2, 0, 2, 0, 0
Mark Arsten, 0, 29, 0, 29, 0, 0
Rannph.C3.A1irt.C3.AD_anaithnid, 71, 0, 0, 0, 0, 71
Bastun, 0, 1, 0, 1, 0, 0
Fmph, 0, 1, 0, 1, 0, 0
ItsZippy, 73, 23, 0, 23, 0, 73
Lugnad, 0, 1, 0, 1, 0, 0
Bjmullan, 0, 1, 0, 1, 0, 0
Divide et Impera, 0, 1, 0, 1, 0, 0
Surturz, 0, 7, 0, 7, 0, 0
B.wilson (page does not exist), 0, 10, 0, 10, 0, 0
GB_fan, 91, 0, 0, 0, 0, 91
Dr meetsingh, 0, 1, 0, 1, 0, 0
Katarighe (page does not exist), 0, 11, 0, 11, 0, 0
J_Milburn, 52, 0, 0, 0, 51, 1
Bmg916/Autographs, 0, 1, 1, 0, 0, 0
Sethdoe92, 0, 1, 1, 0, 0, 0
Asics, 0, 1, 1, 0, 0, 0
Marcin Suwalczan, 0, 1, 1, 0, 0, 0
Kijog, 0, 1, 1, 0, 0, 0
A7x, 0, 18, 0, 18, 0, 0
DeadlyAssassin, 0, 2, 0, 2, 0, 0
TJRC, 0, 1, 0, 1, 0, 0
Anomie, 160, 1, 0, 1, 0, 160
Grandiose, 90, 1, 0, 1, 0, 90
H3llkn0wz, 0, 1, 0, 1, 0, 0
Nepenthes, 0, 1, 0, 1, 0, 0
Bailo26, 0, 1, 0, 1, 0, 0
Anomie/User non-admin, 0, 1, 0, 1, 0, 0
Spidey665, 0, 2, 0, 2, 0, 0
Vibhijain, 0, 11, 0, 11, 0, 0
Rannpháirtí anaithnid, 0, 2, 0, 2, 0, 0
Status, 0, 15, 0, 15, 0, 0
Thompson.matthew, 0, 6, 0, 6, 0, 0
Yunshui, 0, 42, 0, 42, 0, 0
0pen$0urce, 0, 1, 0, 1, 0, 0
Surajt88, 0, 5, 0, 5, 0, 0
Redrose64, 87, 8, 0, 8, 0, 87
Pencefn, 0, 1, 0, 1, 0, 0
Jaguar, 0, 9, 0, 9, 0, 0
Funandtrvl, 0, 1, 0, 1, 0, 0
Manny may, 0, 1, 0, 1, 0, 0
Ozob, 0, 1, 0, 1, 0, 0
Jc3s5h, 0, 1, 0, 1, 0, 0
Antidiskriminator, 0, 3, 0, 3, 0, 0
Lamberhurst, 0, 1, 0, 1, 0, 0
Porchcorpter/Guestbook, 0, 1, 0, 1, 0, 0
HMSSolent, 0, 12, 0, 12, 0, 0
Mayur, 0, 1, 0, 1, 0, 0
Gregory Heffley, 0, 2, 0, 2, 0, 0
Kangaroopower, 0, 6, 0, 6, 0, 0
The Master of Mayhem, 0, 1, 0, 1, 0, 0
Lagrange613, 0, 3, 0, 3, 0, 0
Biosketch (page does not exist), 0, 1, 0, 1, 0, 0
NLinpublic, 0, 1, 0, 1, 0, 0
CharlieEchoTango, 82, 10, 0, 10, 0, 82
RetiredUser12459780 (page does not exist), 0, 2, 0, 2, 0, 0
RFA Guy, 0, 1, 0, 1, 0, 0
Lionelt, 0, 2, 0, 2, 0, 0
Slon02, 90, 16, 0, 16, 0, 90
LoveUxoxo, 0, 1, 0, 1, 0, 0
Robjp21019 (page does not exist), 0, 1, 0, 1, 0, 0
Tom_Morris, 96, 0, 0, 0, 0, 96
HaeB, 0, 1, 0, 1, 0, 0
Petrb, 0, 2, 0, 2, 0, 0
SarahStierch, 218, 8, 0, 8, 0, 218
Alessandra Napolitano, 0, 2, 0, 2, 0, 0
SpeakFree, 0, 1, 0, 1, 0, 0
Mietchen, 0, 1, 0, 1, 0, 0
Njavallil, 0, 1, 0, 1, 0, 0
Jorgenev/log, 0, 1, 0, 1, 0, 0
Dylanfromthenorth, 0, 2, 0, 2, 0, 0
Buffs, 0, 1, 0, 1, 0, 0
Armbrust/Review (page does not exist), 0, 1, 0, 1, 0, 0
Rusted AutoParts, 0, 1, 0, 1, 0, 0
Cavarrone, 0, 8, 0, 8, 0, 0
MikeAllen, 0, 1, 0, 1, 0, 0
SL93, 0, 1, 0, 1, 0, 0
Gaijin42, 0, 1, 0, 1, 0, 0
The_Blade_of_the_Northern_Lights, 131, 0, 0, 0, 0, 131
Guy Macon, 0, 5, 0, 5, 0, 0
Dipankan001, 0, 4, 0, 4, 0, 0
Wagino 20100516, 0, 11, 0, 11, 0, 0
The most interesting man in the world, 0, 1, 0, 1, 0, 0
Beyond495, 0, 2, 0, 2, 0, 0
Rotorcowboy, 0, 2, 0, 2, 0, 0
Normandy, 0, 1, 0, 1, 0, 0
Greyhood, 0, 1, 0, 1, 0, 0
Cyberpower678, 0, 17, 0, 17, 0, 0
Ronjones, 0, 1, 0, 1, 0, 0
Ramaksoud2000, 0, 10, 0, 10, 0, 0
Angryapathy, 0, 1, 0, 1, 0, 0
Abhishek191288, 0, 2, 0, 2, 0, 0
Vensatry, 0, 7, 0, 7, 0, 0
Richardpeterlyons148, 0, 1, 0, 1, 0, 0
Secret of success, 0, 2, 0, 2, 0, 0
Joyson Prabhu, 0, 1, 0, 1, 0, 0
Achowat, 0, 10, 0, 10, 0, 0
Niri.M, 0, 1, 0, 1, 0, 0
Omer123hussain, 0, 1, 0, 1, 0, 0
MelbourneStar, 0, 24, 0, 24, 0, 0
Scottywong, 0, 16, 0, 16, 0, 0
Mr. Stradivarius, 0, 85, 0, 85, 0, 0
Jedd Raynier, 0, 10, 0, 10, 0, 0
Gilderien, 0, 23, 0, 23, 0, 0
GiantSnowman, 101, 102, 0, 102, 0, 101
Edinburgh Wanderer (page does not exist), 0, 3, 0, 3, 0, 0
EchetusXe, 0, 1, 0, 1, 0, 0
Abhijay (page does not exist), 0, 1, 0, 1, 0, 0
Extra999/Guestbook, 0, 1, 0, 1, 0, 0
Mehran, 0, 2, 0, 2, 0, 0
Karl 334, 0, 1, 0, 1, 0, 0
DUCKISJAMMMY, 0, 2, 0, 2, 0, 0
BarretBonden, 0, 1, 0, 1, 0, 0
J36miles, 0, 4, 0, 4, 0, 0
He to Hecuba, 0, 2, 0, 2, 0, 0
Fayenatic_london, 56, 0, 0, 0, 0, 56
Youreallycan, 0, 1, 0, 1, 0, 0
PaoloNapolitano, 0, 1, 0, 1, 0, 0
Bmusician, 0, 8, 0, 8, 0, 0
Pseudofusulina, 0, 2, 0, 2, 0, 0
Cadonian, 0, 1, 0, 1, 0, 0
HandiGoatMasala (page does not exist), 0, 2, 0, 2, 0, 0
Oculi, 0, 4, 0, 4, 0, 0
Dpmuk, 64, 3, 0, 3, 0, 64
90, 0, 1, 0, 1, 0, 0
Andy4789, 0, 1, 0, 1, 0, 0
Wikiwind, 0, 11, 0, 11, 0, 0
Il223334234, 0, 1, 0, 1, 0, 0
User:Alex_S, 1, 0, 0, 0, 0, 1
James Easton (page does not exist), 0, 1, 1, 0, 0, 0
Yngvadottir, 73, 4, 0, 4, 0, 73
Kobnach (page does not exist), 0, 1, 0, 1, 0, 0
Crisco 1492, 0, 17, 0, 17, 0, 0
Josh Parris/RfA critera, 0, 1, 0, 1, 0, 0
Standinlake (page does not exist), 0, 1, 0, 1, 0, 0
Mythio, 0, 2, 0, 2, 0, 0
MisterGugaruz, 0, 5, 0, 5, 0, 0
Khan810, 0, 1, 0, 1, 0, 0
Hegvald, 0, 2, 0, 2, 0, 0
Writ Keeper, 0, 4, 0, 4, 0, 0
Achowat/RfA Process, 0, 2, 0, 2, 0, 0
LuK3, 0, 10, 0, 10, 0, 0
Bruvtakesover, 0, 2, 0, 2, 0, 0
Yasht101 (page does not exist), 0, 2, 0, 2, 0, 0
Tomtomn00 (page does not exist), 0, 1, 0, 1, 0, 0
Ducknish, 0, 4, 0, 4, 0, 0
Hurricanefan25/c, 0, 1, 0, 1, 0, 0
Hurricanefan24, 0, 1, 0, 1, 0, 0
Ks0stm/Email, 0, 23, 0, 23, 0, 0
Markerdryer, 0, 1, 0, 1, 0, 0
Morning Sunshine, 0, 26, 0, 26, 0, 0
Dontforgetthisone, 0, 1, 0, 1, 0, 0
JungleFuryPizza, 0, 1, 0, 1, 0, 0
TheGeneralUser, 0, 45, 0, 45, 0, 0
Drla8th!, 0, 2, 0, 2, 0, 0
Mark91, 0, 4, 0, 4, 0, 0
Érico Júnior Wouters, 0, 7, 0, 7, 0, 0
Dennis_Brown, 135, 0, 0, 0, 0, 135
Saedon, 0, 2, 0, 2, 0, 0
A412, 0, 1, 0, 1, 0, 0
Basalisk, 0, 5, 0, 5, 0, 0
GMolewaterdelaRiveBox, 0, 1, 0, 1, 0, 0
Ferddog, 0, 1, 0, 1, 0, 0
Hazard-SJ, 0, 1, 0, 1, 0, 0
Hghyux, 0, 1, 0, 1, 0, 0
2eschew surplusage, 0, 1, 0, 1, 0, 0
Torreslfchero, 0, 23, 0, 23, 0, 0
Bbb23, 1, 34, 0, 34, 0, 1
Deathlaser, 0, 1, 0, 1, 0, 0
Ishdarian, 0, 5, 0, 5, 0, 0
Ansumang, 0, 5, 0, 5, 0, 0
MistyMorn, 0, 1, 0, 1, 0, 0
GimliDotNet, 0, 1, 0, 1, 0, 0
Wikipelli, 0, 3, 0, 3, 0, 0
DCI2026, 0, 8, 0, 8, 0, 0
NTox, 0, 2, 0, 2, 0, 0
Ohiostandard, 0, 1, 0, 1, 0, 0
Kauffner, 0, 1, 0, 1, 0, 0
TheSpecialUser (page does not exist), 0, 9, 0, 9, 0, 0
Intothatdarkness, 0, 10, 0, 10, 0, 0
Mr. Wikipediania (page does not exist), 0, 1, 0, 1, 0, 0
Isarra, 0, 8, 0, 8, 0, 0
Ymblanter, 122, 52, 0, 52, 0, 122
GabeMc, 0, 16, 0, 16, 0, 0
Dennis Brown, 0, 70, 0, 70, 0, 0
In ictu oculi, 0, 1, 0, 1, 0, 0
DBigXray, 0, 7, 0, 7, 0, 0
Yutsi, 0, 1, 0, 1, 0, 0
Dohn joe, 0, 1, 0, 1, 0, 0
The-Pope, 0, 1, 0, 1, 0, 0
ChrisGualtieri, 0, 8, 0, 8, 0, 0
Electriccatfish2 (page does not exist), 0, 8, 0, 8, 0, 0
Neotarf, 0, 5, 0, 5, 0, 0
OrenBochman, 0, 4, 0, 4, 0, 0
Specs112, 0, 1, 0, 1, 0, 0
Frood, 0, 4, 0, 4, 0, 0
Filelakeshoe/kocour, 0, 13, 0, 13, 0, 0
Bagumba, 84, 4, 0, 4, 0, 84
Thine Antique Pen, 0, 20, 0, 20, 0, 0
HueSatLum, 0, 8, 0, 8, 0, 0
Chrishmt0423, 0, 2, 0, 2, 0, 0
UnbelievableError, 0, 3, 0, 3, 0, 0
Jorgath, 0, 8, 0, 8, 0, 0
Hahc21, 117, 53, 0, 53, 0, 117
Timotheus Canens/RfA-8-ball, 0, 2, 0, 2, 0, 0
Ubelowme, 0, 1, 0, 1, 0, 0
Chip123456, 0, 3, 0, 3, 0, 0
Ian159, 0, 1, 0, 1, 0, 0
Jrcla2, 0, 1, 0, 1, 0, 0
AutomaticStrikeout, 0, 37, 0, 37, 0, 0
Rzuwig, 0, 39, 0, 39, 0, 0
Joefromrandb, 0, 10, 0, 10, 0, 0
JonasEncyclopedia, 0, 1, 0, 1, 0, 0
Vertium, 0, 7, 0, 7, 0, 0
ZappaOMati, 0, 10, 0, 10, 0, 0
Berean_Hunter, 160, 0, 0, 0, 0, 160
Anderson9990, 0, 1, 0, 1, 0, 0
Mysterytrey, 0, 5, 0, 5, 0, 0
Arcandam, 0, 3, 0, 3, 0, 0
MelanieN, 171, 38, 0, 38, 0, 171
Riley Huntley, 0, 8, 0, 8, 0, 0
Alanscottwalker, 0, 22, 0, 22, 0, 0
Kilopi, 0, 9, 0, 9, 0, 0
Adjwilley, 97, 37, 0, 37, 0, 97
Strike Eagle, 0, 9, 0, 9, 0, 0
Andrew Gray, 0, 12, 0, 12, 0, 0
Ceradon, 73, 5, 0, 5, 0, 73
IRWolfie-, 0, 10, 0, 10, 0, 0
David1217, 0, 4, 0, 4, 0, 0
Callanecc, 138, 46, 0, 46, 0, 138
Nouniquenames (page does not exist), 0, 8, 0, 8, 0, 0
Michael Anon, 0, 2, 0, 2, 0, 0
WikiPuppies, 0, 8, 0, 8, 0, 0
Cntras, 0, 1, 0, 1, 0, 0
Tamsier, 0, 2, 0, 2, 0, 0
Br'er Rabbit, 0, 3, 0, 3, 0, 0
Jennie--x, 0, 1, 0, 1, 0, 0
Toa Nidhiki05, 0, 2, 0, 2, 0, 0
Benzband, 0, 2, 0, 2, 0, 0
Jgmikulay, 0, 1, 0, 1, 0, 0
Gobonobo, 0, 14, 0, 14, 0, 0
LoriLee, 0, 1, 0, 1, 0, 0
Stefan2, 0, 3, 0, 3, 0, 0
Another Believer, 0, 3, 0, 3, 0, 0
Zad68, 110, 7, 0, 7, 0, 110
Osarius, 0, 1, 0, 1, 0, 0
AutoGyro, 0, 1, 0, 1, 0, 0
Brambleberry of RiverClan, 0, 14, 0, 14, 0, 0
Torchiest, 0, 2, 0, 2, 0, 0
Djembayz, 0, 4, 0, 4, 0, 0
Accedie, 0, 2, 0, 2, 0, 0
Chedzilla, 0, 2, 0, 2, 0, 0
Koavf, 0, 2, 0, 2, 0, 0
石, 0, 1, 0, 1, 0, 0
V838 Monocerotis, 0, 1, 0, 1, 0, 0
Doctree, 0, 50, 0, 50, 0, 0
ChesPal, 0, 2, 0, 2, 0, 0
Seeeko, 0, 1, 0, 1, 0, 0
Kevin Gorman, 0, 2, 0, 2, 0, 0
99of9, 0, 9, 0, 9, 0, 0
Wittylama, 0, 1, 0, 1, 0, 0
Heatherawalls, 0, 1, 0, 1, 0, 0
Adam mugliston, 0, 1, 0, 1, 0, 0
Jtmorgan, 0, 1, 0, 1, 0, 0
Trevj, 88, 20, 0, 20, 0, 88
De728631, 77, 5, 0, 5, 0, 77
Evanh2008, 0, 1, 0, 1, 0, 0
Yaplunpe, 0, 2, 0, 2, 0, 0
Mr._Stradivarius, 121, 0, 0, 0, 0, 121
Darkness Shines, 0, 2, 0, 2, 0, 0
Makecat, 0, 3, 0, 3, 0, 0
Altamel, 0, 16, 0, 16, 0, 0
Webclient101, 0, 16, 0, 16, 0, 0
Scholarly Breeze, 0, 2, 0, 2, 0, 0
TBrandley, 0, 16, 0, 16, 0, 0
Shirt58, 107, 5, 0, 5, 0, 107
Astronomyinertia, 0, 1, 0, 1, 0, 0
Floating Boat, 0, 4, 0, 4, 0, 0
168..., 1, 0, 0, 0, 0, 1
Andres, 1, 0, 0, 0, 0, 1
Bmills, 1, 0, 0, 0, 0, 1
Caltrop, 1, 0, 0, 0, 0, 1
Dieter_Simon, 1, 0, 0, 0, 0, 1
Docu, 1, 0, 0, 0, 0, 1
Finlay_McWalter, 1, 0, 0, 0, 0, 1
Imran, 1, 0, 0, 0, 0, 1
Jamesday, 1, 0, 0, 0, 0, 1
Khym_Chanur, 1, 0, 0, 0, 0, 1
Lord_Emsworth, 1, 0, 0, 0, 0, 1
Maximus_Rex, 1, 0, 0, 0, 0, 1
Michael_Hardy, 1, 0, 0, 0, 0, 1
Optim, 1, 0, 0, 0, 0, 1
Roadrunner, 1, 0, 0, 0, 0, 1
Salsa_Shark, 1, 0, 0, 0, 0, 1
Timwi, 1, 0, 0, 0, 0, 1
WhisperToMe, 1, 0, 0, 0, 0, 1
Ekabhishek, 76, 0, 0, 0, 0, 76
Black Kite, 0, 4, 0, 4, 0, 0
Animeshkulkarni, 0, 1, 0, 1, 0, 0
CorrectKnowledge, 0, 3, 0, 3, 0, 0
LemonTwinkle, 0, 5, 0, 5, 0, 0
Titodutta, 0, 18, 0, 18, 0, 0
Robo Cop, 0, 1, 0, 1, 0, 0
Willy_on_Wheels, 6, 0, 0, 0, 5, 1
Kurtis, 0, 114, 0, 114, 0, 0
Ched, 0, 21, 0, 21, 0, 0
John F. Lewis, 0, 9, 0, 9, 0, 0
Theopolisme, 0, 4, 0, 4, 0, 0
Zepppep, 0, 1, 0, 1, 0, 0
Bzweebl, 0, 2, 0, 2, 0, 0
Thomas85753, 0, 1, 0, 1, 0, 0
Trusilver/RFA, 0, 2, 0, 2, 0, 0
Bloom6132, 0, 8, 0, 8, 0, 0
Chris4315 (page does not exist), 0, 1, 0, 1, 0, 0
Go Phightins!, 0, 43, 0, 43, 0, 0
Publunch, 0, 1, 1, 0, 0, 0
Pladask, 0, 1, 1, 0, 0, 0
Writ_Keeper, 120, 0, 0, 0, 0, 120
The Illusive Man, 0, 6, 0, 6, 0, 0
Amadscientist, 0, 6, 0, 6, 0, 0
Garamond Lethe, 0, 7, 0, 7, 0, 0
Miniapolis, 91, 115, 0, 115, 0, 91
EauOo, 0, 1, 0, 1, 0, 0
AdminsNeedAEffingLife (page does not exist), 0, 1, 0, 1, 0, 0
Jschnur, 0, 8, 0, 8, 0, 0
MrX, 0, 49, 0, 49, 0, 0
Dentalplanlisa, 0, 4, 0, 4, 0, 0
C678, 0, 9, 0, 9, 0, 0
SassyLilNugget, 0, 1, 0, 1, 0, 0
AlexJFox, 0, 1, 0, 1, 0, 0
Wctaiwan, 0, 5, 0, 5, 0, 0
Abu-Fool Danyal ibn Amir al-Makhiri, 0, 1, 1, 0, 0, 0
Alaric, 0, 1, 1, 0, 0, 0
Diesel-50, 0, 1, 0, 1, 0, 0
Stalwart111, 0, 34, 0, 34, 0, 0
Nathan Johnson, 0, 8, 0, 8, 0, 0
Rotten regard, 0, 1, 0, 1, 0, 0
Sue Rangell, 0, 6, 0, 6, 0, 0
PlasmaTime, 0, 1, 0, 1, 0, 0
PaleAqua, 0, 21, 0, 21, 0, 0
The Anonymouse (page does not exist), 0, 12, 0, 12, 0, 0
Vacation9, 0, 12, 0, 12, 0, 0
No qwach macken, 0, 1, 0, 1, 0, 0
Harrias, 127, 11, 0, 11, 0, 127
Mdann52, 0, 3, 0, 3, 0, 0
Sahara4u, 0, 1, 0, 1, 0, 0
Maidahl, 0, 1, 0, 1, 0, 0
Mediran, 0, 20, 0, 20, 0, 0
Drdak, 0, 1, 0, 1, 0, 0
Anbu121, 0, 1, 0, 1, 0, 0
Mrt3366, 0, 3, 0, 3, 0, 0
Gwickwire, 0, 4, 0, 4, 0, 0
Huon, 1, 20, 0, 20, 0, 1
KTC/XFD log, 0, 1, 0, 1, 0, 0
KTC/Contents, 0, 1, 0, 1, 0, 0
LlamaAl, 0, 21, 0, 21, 0, 0
Shrigley, 0, 1, 0, 1, 0, 0
SouthernNights, 0, 3, 0, 3, 0, 0
BlueFen, 0, 1, 0, 1, 0, 0
Pratyya Ghosh, 0, 38, 0, 38, 0, 0
Gray_Porpoise, 87, 0, 0, 0, 76, 11
Gdk411, 0, 1, 1, 0, 0, 0
Randfan, 0, 1, 1, 0, 0, 0
Randfan/Esperanza, 0, 1, 1, 0, 0, 0
Switchercat, 0, 1, 1, 0, 0, 0
SpLoT/Sandbox/Azores High (page does not exist), 0, 1, 1, 0, 0, 0
SpLoT/Vandalism, 0, 1, 1, 0, 0, 0
Friendly Porpoise/New game ideas (page does not exist), 0, 1, 0, 1, 0, 0
Gray Porpoise/Wikipedian Philosophy/Games on Wikipedia, 0, 1, 0, 1, 0, 0
Ocaasi, 166, 7, 0, 7, 0, 166
AndyTheGrump, 0, 3, 0, 3, 0, 0
Salvidrim, 117, 5, 0, 5, 0, 117
Tazerdadog, 0, 53, 0, 53, 0, 0
Spencer.mccormick, 0, 1, 0, 1, 0, 0
JayJay, 0, 7, 0, 7, 0, 0
JordanKyser22, 0, 1, 0, 1, 0, 0
Biglulu, 0, 1, 0, 1, 0, 0
Pigsonthewing, 0, 3, 0, 3, 0, 0
Vini 175, 0, 1, 0, 1, 0, 0
Tucoxn, 0, 41, 0, 41, 0, 0
Greatuser, 0, 1, 0, 1, 0, 0
Iselilja, 0, 11, 0, 11, 0, 0
S.dedalus, 0, 1, 0, 1, 0, 0
Lord_Roem, 139, 0, 0, 0, 0, 139
Prioryman, 0, 1, 0, 1, 0, 0
Cmach7, 0, 3, 0, 3, 0, 0
Fox Wilson, 0, 6, 0, 6, 0, 0
Ritchie333, 142, 62, 0, 62, 0, 142
Mohamed CJ, 0, 9, 0, 9, 0, 0
CaSJer, 0, 7, 0, 7, 0, 0
Michaelzeng7, 0, 1, 0, 1, 0, 0
Atethnekos, 0, 1, 0, 1, 0, 0
Darkwind, 0, 3, 0, 3, 0, 0
Widr, 204, 67, 0, 67, 0, 204
Mkdw/RfA Standards, 0, 14, 0, 14, 0, 0
Jason_Quinn_2, 142, 0, 0, 0, 0, 142
Filelakeshoe/RFA standards, 0, 6, 0, 6, 0, 0
Vao Tv1, 0, 1, 0, 1, 0, 0
Dainomite, 0, 15, 0, 15, 0, 0
Jason Quinn, 0, 13, 0, 13, 0, 0
Till, 0, 2, 0, 2, 0, 0
Drmargi, 0, 12, 0, 12, 0, 0
INeverCry, 105, 2, 0, 2, 0, 105
Evermore2, 0, 1, 0, 1, 0, 0
Forgot to put name, 0, 1, 0, 1, 0, 0
Antiquary, 0, 1, 0, 1, 0, 0
Retrolord, 0, 2, 0, 2, 0, 0
Go Phightins!/Admin criteria, 0, 2, 0, 2, 0, 0
Stfg, 0, 54, 0, 54, 0, 0
Chrishonduras, 0, 2, 0, 2, 0, 0
BDD, 0, 7, 0, 7, 0, 0
78.26, 158, 90, 0, 90, 0, 158
Kraxler, 0, 23, 0, 23, 0, 0
Yrtneg, 0, 2, 0, 2, 0, 0
Arctic Kangaroo, 0, 7, 0, 7, 0, 0
IComputerSaysNo, 0, 1, 0, 1, 0, 0
Cncplayer, 0, 2, 0, 2, 0, 0
Cmckain14, 0, 1, 0, 1, 0, 0
FreeRangeFrog, 104, 24, 0, 24, 0, 104
FiachraByrne, 0, 1, 0, 1, 0, 0
West.andrew.g, 107, 0, 0, 0, 0, 107
Rockfang, 0, 1, 0, 1, 0, 0
Jackson Peebles, 0, 3, 0, 3, 0, 0
The Devil's Advocate, 0, 3, 0, 3, 0, 0
Anir1uph, 0, 3, 0, 3, 0, 0
Clarkcj12, 0, 3, 0, 3, 0, 0
Cncmaster, 0, 15, 0, 15, 0, 0
FlyingPuppy2, 0, 1, 0, 1, 0, 0
Cabe6403, 0, 5, 0, 5, 0, 0
Cabe6403/Guest book, 0, 4, 0, 4, 0, 0
I am One of Many, 0, 85, 0, 85, 0, 0
Keeper76/Write Right, 0, 1, 0, 1, 0, 0
Purplebackpack89, 0, 2, 0, 2, 0, 0
Purplebackpack89/C, 0, 2, 0, 2, 0, 0
Bgwhite (page does not exist), 0, 9, 0, 9, 0, 0
RockMagnetist, 100, 5, 0, 5, 0, 100
NintendoFan, 0, 11, 0, 11, 0, 0
Dainomite/t, 0, 8, 0, 8, 0, 0
Razionale, 0, 5, 0, 5, 0, 0
Chris.urs-o, 0, 3, 0, 3, 0, 0
Hhhippo, 0, 1, 0, 1, 0, 0
Tokyogirl79, 146, 12, 0, 12, 0, 146
Bonkers The Clown, 0, 3, 0, 3, 0, 0
Lukeno94 (page does not exist), 0, 8, 0, 8, 0, 0
TCN7JM, 0, 23, 0, 23, 0, 0
Gareth Griffith-Jones, 0, 1, 0, 1, 0, 0
Sergecross73, 0, 8, 0, 8, 0, 0
Knowledgekid87, 0, 11, 0, 11, 0, 0
Satellizer, 0, 2, 0, 2, 0, 0
TheOverflow, 0, 5, 0, 5, 0, 0
Northamerica1000, 116, 23, 0, 23, 0, 116
Alf.laylah.wa.laylah, 0, 3, 0, 3, 0, 0
TempName1 (page does not exist), 0, 2, 0, 2, 0, 0
XapApp (page does not exist), 0, 1, 0, 1, 0, 0
Russavia, 0, 1, 0, 1, 0, 0
Azylber, 0, 1, 0, 1, 0, 0
Incnis Mrsi, 0, 2, 0, 2, 0, 0
Tolly4bolly, 0, 15, 0, 15, 0, 0
Tomcat7, 0, 1, 0, 1, 0, 0
Soul Train, 0, 1, 0, 1, 0, 0
TheShadowCrow, 0, 1, 0, 1, 0, 0
Brateevsky, 0, 1, 0, 1, 0, 0
Vigyani, 0, 1, 0, 1, 0, 0
Nthep, 78, 2, 0, 2, 0, 78
Ushau97, 0, 1, 0, 1, 0, 0
KumiokoCleanStart, 0, 11, 0, 11, 0, 0
Seonookim, 0, 2, 0, 2, 0, 0
Lowkeyvision, 0, 1, 0, 1, 0, 0
069952497a, 0, 12, 0, 12, 0, 0
TheOriginalSoni, 0, 6, 0, 6, 0, 0
Jack Phoenix, 0, 1, 0, 1, 0, 0
Paulmcdonald, 93, 4, 0, 4, 0, 93
Faizan Al-Badri, 0, 3, 0, 3, 0, 0
Cameron11598, 0, 19, 0, 19, 0, 0
PinkAmpersand, 0, 3, 0, 3, 0, 0
PinkAmpersand/Pink, 0, 3, 0, 3, 0, 0
Pug6666, 0, 1, 0, 1, 0, 0
Camyoung54, 0, 1, 0, 1, 0, 0
ADH10, 0, 2, 0, 2, 0, 0
ADH10/T, 0, 2, 0, 2, 0, 0
Snow Blizzard, 0, 2, 0, 2, 0, 0
Legobot, 0, 1, 0, 1, 0, 0
DanielTom, 0, 1, 0, 1, 0, 0
Kevin12xd, 0, 1, 0, 1, 0, 0
WorldTraveller101, 0, 6, 0, 6, 0, 0
とある白い猫/13, 0, 1, 0, 1, 0, 0
DrumstickJuggler, 0, 1, 0, 1, 0, 0
TelevisionMan13, 0, 1, 0, 1, 0, 0
Scott Martin, 0, 4, 0, 4, 0, 0
Revolution1221, 0, 1, 0, 1, 0, 0
Solomon7968, 0, 4, 0, 4, 0, 0
Bluerasberry/userpagepolicy (page does not exist), 0, 3, 0, 3, 0, 0
Smtchahal, 0, 1, 0, 1, 0, 0
Faizan, 0, 9, 0, 9, 0, 0
Wangxuan8331800, 0, 1, 0, 1, 0, 0
JennKR, 0, 1, 0, 1, 0, 0
Hughesdarren, 0, 5, 0, 5, 0, 0
Theonesean, 0, 4, 0, 4, 0, 0
Moondyne, 0, 1, 0, 1, 0, 0
ZappaOMati/Admin criteria, 0, 1, 0, 1, 0, 0
NorthBySouthBaranof, 0, 13, 0, 13, 0, 0
Bahudhara, 0, 1, 0, 1, 0, 0
Dan arndt, 0, 1, 0, 1, 0, 0
Technical 13, 0, 12, 0, 12, 0, 0
Curtaintoad, 0, 1, 0, 1, 0, 0
Yash! (page does not exist), 0, 20, 0, 20, 0, 0
Blake, 0, 1, 0, 1, 0, 0
F&A, 0, 1, 0, 1, 0, 0
Thibbs, 0, 3, 0, 3, 0, 0
Nnnnkkkk, 0, 1, 0, 1, 0, 0
Struway2, 0, 2, 0, 2, 0, 0
JMHamo, 0, 13, 0, 13, 0, 0
CarterRios, 0, 1, 0, 1, 0, 0
Andrew Stiff, 0, 1, 0, 1, 0, 0
Buffbills7701, 0, 20, 0, 20, 0, 0
Donner60, 0, 88, 0, 88, 0, 0
Walls of Jericho, 0, 1, 0, 1, 0, 0
Numbermaniac, 0, 3, 0, 3, 0, 0
Numbermaniac/edit count (page does not exist), 0, 3, 0, 3, 0, 0
JetBlast, 0, 1, 0, 1, 0, 0
Lear.27s_Fool, 100, 0, 0, 0, 0, 100
Pseudo-Richard, 0, 1, 0, 1, 0, 0
Lear's Fool/Articles, 0, 1, 0, 1, 0, 0
Darkstar1st, 0, 1, 0, 1, 0, 0
MugsWrit, 0, 1, 0, 1, 0, 0
Anna_Frodesiak, 222, 0, 0, 0, 0, 222
John Cline, 0, 31, 0, 31, 0, 0
MZMcBride/8-ball, 0, 1, 0, 1, 0, 0
512bits, 0, 1, 0, 1, 0, 0
MezzoMezzo, 0, 1, 0, 1, 0, 0
A.amitkumar, 0, 3, 0, 3, 0, 0
Jguy, 0, 2, 0, 2, 0, 0
Charmlet, 0, 1, 0, 1, 0, 0
Thane, 0, 7, 0, 7, 0, 0
Think for Yourselves, 0, 1, 0, 1, 0, 0
Northamerica1000/Article collaboration, 0, 1, 0, 1, 0, 0
Gaming&Computing (page does not exist), 0, 1, 0, 1, 0, 0
Miss Bono, 0, 1, 0, 1, 0, 0
WikiDan61, 0, 1, 0, 1, 0, 0
Greengreengreenred, 0, 2, 0, 2, 0, 0
Irondome, 0, 22, 0, 22, 0, 0
Eric Corbett, 0, 5, 0, 5, 0, 0
And Adoil Descended, 0, 15, 0, 15, 0, 0
PBASH607, 0, 2, 0, 2, 0, 0
Ihardlythinkso, 0, 8, 0, 8, 0, 0
Beansy (page does not exist), 0, 1, 0, 1, 0, 0
MarshalN20, 0, 4, 0, 4, 0, 0
Jayadevp13, 0, 3, 0, 3, 0, 0
Hillbillyholiday81, 0, 2, 0, 2, 0, 0
Epicgenius, 0, 66, 0, 66, 0, 0
Glane23, 0, 4, 0, 4, 0, 0
Badger2424, 0, 1, 0, 1, 0, 0
OrangesRyellow, 0, 7, 0, 7, 0, 0
Bkerensa, 0, 1, 0, 1, 0, 0
Gandydancer, 0, 2, 0, 2, 0, 0
Tiyang, 0, 6, 0, 6, 0, 0
WorldTraveller101/RfA-Standards, 0, 1, 0, 1, 0, 0
Davidiad, 0, 1, 0, 1, 0, 0
Signalizing, 0, 2, 0, 2, 0, 0
EBY3221, 0, 1, 0, 1, 0, 0
Candleabracadabra, 0, 1, 0, 1, 0, 0
JoeBot, 0, 1, 0, 1, 0, 0
StAnselm, 0, 1, 0, 1, 0, 0
Cyfraw, 0, 8, 0, 8, 0, 0
Adjwilley/CERFC, 0, 1, 0, 1, 0, 0
PiCo, 0, 1, 0, 1, 0, 0
Prabash.A, 0, 2, 0, 2, 0, 0
Matticusmadness, 0, 2, 0, 2, 0, 0
Someone not using his real name, 0, 2, 0, 2, 0, 0
Bahooka, 0, 1, 0, 1, 0, 0
Vogone, 0, 1, 0, 1, 0, 0
Sunshineisles2, 0, 2, 0, 2, 0, 0
Jamesx12345, 0, 13, 0, 13, 0, 0
Lsmll, 0, 2, 0, 2, 0, 0
Pass a Method, 0, 1, 0, 1, 0, 0
Buffbills7701/Anti-Vandalism Hall Of Fame, 0, 17, 0, 17, 0, 0
Newchildrenofthealmighty, 0, 2, 0, 2, 0, 0
Matty.007, 0, 5, 0, 5, 0, 0
Newjerseyliz, 0, 1, 0, 1, 0, 0
SamX, 0, 1, 0, 1, 0, 0
SamX/Guestbook, 0, 1, 0, 1, 0, 0
PantherLeapord, 0, 1, 0, 1, 0, 0
PantherLeapord/CSD log, 0, 1, 0, 1, 0, 0
APerson, 0, 12, 0, 12, 0, 0
Jianhui67, 0, 84, 0, 84, 0, 0
StevenD99, 0, 12, 0, 12, 0, 0
Hchc2009, 0, 10, 0, 10, 0, 0
Alex Shih, 0, 15, 0, 15, 0, 0
Theodore!, 0, 1, 0, 1, 0, 0
Anotherclown, 0, 7, 0, 7, 0, 0
Cabe6403/Guest, 0, 1, 0, 1, 0, 0
Good Intentions, 0, 1, 1, 0, 0, 0
Jecowa, 0, 1, 1, 0, 0, 0
PPGMD, 0, 1, 0, 1, 0, 0
The Coffee Shop That Smiles Upon The River (page does not exist), 0, 1, 0, 1, 0, 0
Wetman, 0, 1, 0, 1, 0, 0
BScar23625 (page does not exist), 0, 1, 0, 1, 0, 0
Keepsleeping (page does not exist), 0, 1, 0, 1, 0, 0
FreelanceWizard, 0, 1, 0, 1, 0, 0
Green caterpillar, 0, 1, 1, 0, 0, 0
VoiceOfReason, 0, 1, 1, 0, 0, 0
TSD284, 0, 1, 0, 1, 0, 0
Singularity42, 82, 0, 0, 0, 0, 82
I JethroBT, 0, 8, 0, 8, 0, 0
Deadbeef, 0, 3, 0, 3, 0, 0
Michael.davies1, 0, 1, 0, 1, 0, 0
Shakeheitor, 0, 1, 0, 1, 0, 0
Writegeist, 0, 1, 0, 1, 0, 0
EuroCarGT, 0, 25, 0, 25, 0, 0
Davey2010, 0, 82, 0, 82, 0, 0
Xrt6L, 0, 2, 0, 2, 0, 0
The_Interior, 120, 0, 0, 0, 0, 120
EatsShootsAndLeaves, 0, 3, 0, 3, 0, 0
Hamham31, 0, 2, 0, 2, 0, 0
Msannakoval, 0, 1, 0, 1, 0, 0
IzzyIzumi133, 0, 1, 0, 1, 0, 0
Trappist_the_monk, 89, 0, 0, 0, 0, 89
Trappist the monk (page does not exist), 0, 1, 0, 1, 0, 0
Equazcion, 0, 1, 0, 1, 0, 0
DGG (NYPL), 0, 1, 0, 1, 0, 0
SoftFeta, 0, 1, 0, 1, 0, 0
Insulam Simia, 0, 1, 0, 1, 0, 0
Chris troutman, 0, 12, 0, 12, 0, 0
Lfdder, 0, 1, 0, 1, 0, 0
Dbrodbeck, 0, 1, 0, 1, 0, 0
StevenD99/guestbook, 0, 8, 0, 8, 0, 0
Alexbrn, 0, 1, 0, 1, 0, 0
AfadsBad (page does not exist), 0, 1, 0, 1, 0, 0
Jcmiller1215, 0, 1, 0, 1, 0, 0
Technical 13/+3 (page does not exist), 0, 1, 0, 1, 0, 0
Seppi333, 0, 1, 0, 1, 0, 0
Lesion (page does not exist), 0, 1, 0, 1, 0, 0
LT910001, 0, 6, 0, 6, 0, 0
The Cosmos Master, 0, 1, 0, 1, 0, 0
MrADHD, 0, 1, 0, 1, 0, 0
Khazar2, 0, 3, 0, 3, 0, 0
HalfGig, 0, 9, 0, 9, 0, 0
Lesser Cartographies, 0, 13, 0, 13, 0, 0
Keithbob, 0, 9, 0, 9, 0, 0
Cerebellum, 83, 2, 0, 2, 0, 83
Sportsguy17, 0, 20, 0, 20, 0, 0
Steel1943, 0, 34, 0, 34, 0, 0
King jakob c 2, 0, 1, 0, 1, 0, 0
Bellerophon, 0, 5, 0, 5, 0, 0
Randykitty, 89, 26, 0, 26, 0, 89
ContinueWithCaution, 0, 1, 0, 1, 0, 0
Mark_Arsten, 127, 0, 0, 0, 0, 127
MathewTownsend, 0, 1, 0, 1, 0, 0
Bibliomaniac15/Today/Archive, 0, 1, 0, 1, 0, 0
Lecen, 0, 1, 0, 1, 0, 0
Cassianto, 0, 6, 0, 6, 0, 0
AdabowtheSecond, 0, 1, 0, 1, 0, 0
Perdin my Franch, 0, 1, 0, 1, 0, 0
Sonicyouth86, 0, 1, 0, 1, 0, 0
Mentoz86, 60, 0, 0, 0, 0, 60
Planet Herald, 0, 2, 0, 2, 0, 0
Josh Parris/RfA criteria, 0, 1, 0, 1, 0, 0
Blethering Scot, 0, 2, 0, 2, 0, 0
Taylor Trescott, 0, 6, 0, 6, 0, 0
Valenciano, 0, 10, 0, 10, 0, 0
Lettik (page does not exist), 0, 1, 0, 1, 0, 0
Liz, 212, 16, 0, 16, 0, 212
Jprg1966, 0, 3, 0, 3, 0, 0
Phightins is Gone, 0, 1, 0, 1, 0, 0
Coffee/ACE2013 (page does not exist), 0, 2, 0, 2, 0, 0
Rikster2, 0, 1, 0, 1, 0, 0
Corvoe, 0, 1, 0, 1, 0, 0
Salvidrim!, 0, 8, 0, 8, 0, 0
Blurred Lines (page does not exist), 0, 1, 0, 1, 0, 0
Wincent77, 0, 1, 0, 1, 0, 0
2Awwsome, 0, 1, 0, 1, 0, 0
Cekli829, 0, 4, 0, 4, 0, 0
Finealt, 0, 2, 0, 2, 0, 0
DavidLeighEllis, 0, 15, 0, 15, 0, 0
Bobherry, 0, 4, 0, 4, 0, 0
Spicemix, 0, 2, 0, 2, 0, 0
MusikAnimal, 68, 47, 0, 47, 0, 68
Early morning person, 0, 1, 0, 1, 0, 0
JamesMoose (page does not exist), 0, 2, 0, 2, 0, 0
Luke Warmwater101, 0, 1, 0, 1, 0, 0
Ben Moore, 0, 16, 0, 16, 0, 0
Blaster0425, 0, 1, 0, 1, 0, 0
Chuy1530, 0, 7, 0, 7, 0, 0
CogitoErgoSum14, 0, 1, 0, 1, 0, 0
United States Man, 0, 13, 0, 13, 0, 0
MrScorch6200 (page does not exist), 0, 2, 0, 2, 0, 0
Jeffrd10, 0, 2, 0, 2, 0, 0
Jed 20012, 0, 1, 0, 1, 0, 0
Mike V, 0, 4, 0, 4, 0, 0
Alanl, 0, 2, 0, 2, 0, 0
Cloudchased, 0, 5, 0, 5, 0, 0
Kevin_Gorman, 90, 0, 0, 0, 0, 90
Kevin (WMF), 0, 1, 0, 1, 0, 0
Kgorman-ucb, 0, 1, 0, 1, 0, 0
Ethically Yours, 0, 1, 0, 1, 0, 0
Neljack, 0, 2, 0, 2, 0, 0
Only, 0, 2, 0, 2, 0, 0
Japanese Rail Fan, 0, 8, 0, 8, 0, 0
Minorview, 0, 1, 0, 1, 0, 0
Philg88, 123, 40, 0, 40, 0, 123
Srolanh, 0, 1, 0, 1, 0, 0
Northern Antarctica, 0, 3, 0, 3, 0, 0
Anupmehra, 0, 7, 0, 7, 0, 0
Alan, 0, 1, 0, 1, 0, 0
Soni, 0, 3, 0, 3, 0, 0
Kolega2357, 0, 1, 0, 1, 0, 0
Dan653, 0, 1, 0, 1, 0, 0
분당선M, 0, 1, 0, 1, 0, 0
Ryūkotsusei/box, 0, 1, 0, 1, 0, 0
Glaisher, 0, 1, 0, 1, 0, 0
AmaryllisGardener, 0, 29, 0, 29, 0, 0
Stryn, 0, 1, 0, 1, 0, 0
Ross Hill (page does not exist), 0, 1, 0, 1, 0, 0
Tomica, 0, 1, 0, 1, 0, 0
IagoQnsi, 0, 3, 0, 3, 0, 0
Rosa del desierto, 0, 1, 0, 1, 0, 0
Ad Orientem, 0, 43, 0, 43, 0, 0
The Herald, 0, 11, 0, 11, 0, 0
12george1, 0, 1, 0, 1, 0, 0
Mojo Hand, 0, 7, 0, 7, 0, 0
Sam Sailor, 0, 6, 0, 6, 0, 0
GuyHimGuy, 0, 1, 0, 1, 0, 0
BrandonWu, 0, 3, 0, 3, 0, 0
Fremantle99, 0, 1, 0, 1, 0, 0
Andrew Davidson, 0, 23, 0, 23, 0, 0
Mrfrobinson, 0, 1, 0, 1, 0, 0
OccultZone, 0, 6, 0, 6, 0, 0
Konveyor Belt, 0, 1, 0, 1, 0, 0
Aldnonymous, 0, 7, 0, 7, 0, 0
Two kinds of pork, 0, 1, 0, 1, 0, 0
Mansoor Ijaz, 0, 1, 0, 1, 0, 0
NinjaRobotPirate, 0, 33, 0, 33, 0, 0
Little_Mountain_5, 99, 0, 0, 0, 0, 99
Newyorkadam, 0, 2, 0, 2, 0, 0
WorldNewsKid, 0, 1, 0, 1, 0, 0
K6ka, 193, 43, 0, 43, 0, 193
Jim Cartar, 0, 3, 0, 3, 0, 0
Bfpage, 0, 6, 0, 6, 0, 0
Thargor Orlando, 0, 1, 0, 1, 0, 0
Jguard18 (page does not exist), 0, 1, 0, 1, 0, 0
Wee Curry Monster, 0, 4, 0, 4, 0, 0
Nhajivandi, 0, 2, 0, 2, 0, 0
Skr15081997, 0, 4, 0, 4, 0, 0
Snow Rise, 0, 7, 0, 7, 0, 0
Harsh 2580, 0, 1, 0, 1, 0, 0
BethNaught, 180, 23, 0, 23, 0, 180
AmaryllisGardener/RfA criteria, 0, 1, 0, 1, 0, 0
Coat of Many Colours, 0, 3, 0, 3, 0, 0
TLSuda, 0, 3, 0, 3, 0, 0
Miszatomic, 0, 1, 0, 1, 0, 0
Lugia2453, 0, 3, 0, 3, 0, 0
Anne_Delong, 1, 0, 0, 0, 0, 1
Anne Delong, 0, 11, 0, 11, 0, 0
Go_Phightins.21, 137, 0, 0, 0, 0, 137
Warrenkychu, 0, 2, 0, 2, 0, 0
JustBerry, 0, 11, 0, 11, 0, 0
TheQ Editor, 0, 2, 0, 2, 0, 0
Negative24, 0, 3, 0, 3, 0, 0
Lixxx235, 0, 10, 0, 10, 0, 0
EricEnfermero, 0, 2, 0, 2, 0, 0
Mmddyy28, 0, 2, 0, 2, 0, 0
Jakec, 80, 6, 0, 6, 0, 80
Solarra, 0, 2, 0, 2, 0, 0
The Whispering Wind, 0, 1, 0, 1, 0, 0
FairyTailRocks, 0, 1, 0, 1, 0, 0
Mz7, 124, 23, 0, 23, 0, 124
Z10987, 0, 1, 0, 1, 0, 0
Tutelary, 0, 2, 0, 2, 0, 0
Wbm1058, 127, 21, 0, 21, 0, 127
Bladesmulti, 0, 2, 0, 2, 0, 0
Victoriaearle, 0, 4, 0, 4, 0, 0
DJAMP4444, 0, 1, 0, 1, 0, 0
StringTheory11, 85, 12, 0, 12, 0, 85
Gdfusion, 0, 2, 0, 2, 0, 0
Double sharp, 0, 34, 0, 34, 0, 0
MrWooHoo, 0, 5, 0, 5, 0, 0
Jackmcbarn, 135, 4, 0, 4, 0, 135
FireflySixtySeven, 0, 3, 0, 3, 0, 0
Wikimedes, 0, 2, 0, 2, 0, 0
NickGibson3900 (page does not exist), 0, 2, 0, 2, 0, 0
NickGibson3900/guestbook, 0, 1, 0, 1, 0, 0
Antrocent, 0, 9, 0, 9, 0, 0
123chess456, 0, 1, 0, 1, 0, 0
Taketa, 0, 7, 0, 7, 0, 0
W.carter, 0, 2, 0, 2, 0, 0
BarsofGold, 0, 1, 0, 1, 0, 0
Underbar dk, 0, 1, 0, 1, 0, 0
Piguy101, 0, 1, 0, 1, 0, 0
Spirit of Eagle, 0, 13, 0, 13, 0, 0
NQ, 0, 10, 0, 10, 0, 0
Olivier, 0, 2, 0, 2, 0, 0
Frosty, 0, 11, 0, 11, 0, 0
Forbidden User, 0, 1, 0, 1, 0, 0
Vanamonde93, 150, 41, 0, 41, 0, 150
SmileBlueJay97, 0, 1, 0, 1, 0, 0
Church, 0, 4, 0, 4, 0, 0
Lixxx235/siginfo, 0, 8, 0, 8, 0, 0
Ivanvector, 211, 42, 0, 42, 0, 211
St170e, 0, 15, 0, 15, 0, 0
Biblioworm, 119, 24, 0, 24, 0, 119
Grayfell, 0, 1, 0, 1, 0, 0
Howicus, 0, 4, 0, 4, 0, 0
Eurodyne, 0, 15, 0, 15, 0, 0
Fauzan, 0, 5, 0, 5, 0, 0
EvilLair, 0, 1, 0, 1, 0, 0
The Mol Man (page does not exist), 0, 1, 0, 1, 0, 0
Noteswork, 0, 3, 0, 3, 0, 0
Samwalton9, 101, 25, 0, 25, 0, 101
LindsayH/RfA Criteria, 0, 2, 0, 2, 0, 0
Stemoc, 0, 15, 0, 15, 0, 0
EatingGlassIsBad, 0, 1, 0, 1, 0, 0
Chess, 0, 2, 0, 2, 0, 0
Noyster, 0, 18, 0, 18, 0, 0
Yoshi24517, 0, 4, 0, 4, 0, 0
Wikipedian 2, 0, 5, 0, 5, 0, 0
Ca2james, 0, 10, 0, 10, 0, 0
Oiyarbepsy, 0, 2, 0, 2, 0, 0
I_JethroBT, 153, 0, 0, 0, 0, 153
Thizzlehatter, 0, 1, 0, 1, 0, 0
Fimatic, 0, 5, 0, 5, 0, 0
Sarahj2107, 100, 2, 0, 2, 0, 100
Kunalrks, 0, 4, 0, 4, 0, 0
Mellowed Fillmore, 0, 10, 0, 10, 0, 0
Ajeem95, 0, 1, 0, 1, 0, 0
G S Palmer, 0, 3, 0, 3, 0, 0
GraniteSand, 0, 2, 0, 2, 0, 0
I JethroBT/CSD log, 0, 1, 0, 1, 0, 0
Aplikasi, 0, 1, 0, 1, 0, 0
NG39 (page does not exist), 0, 2, 0, 2, 0, 0
Dodger67, 130, 15, 0, 15, 0, 130
Wikicology (page does not exist), 0, 4, 0, 4, 0, 0
Rhododendrites, 0, 25, 0, 25, 0, 0
Elaqueate, 0, 2, 0, 2, 0, 0
Ottawahitech, 0, 2, 0, 2, 0, 0
Neil P. Quinn, 0, 1, 0, 1, 0, 0
Codename Lisa (page does not exist), 0, 3, 0, 3, 0, 0
FF2010, 0, 1, 0, 1, 0, 0
Fortuna Imperatrix Mundi, 0, 12, 0, 12, 0, 0
Thomas.W, 0, 2, 0, 2, 0, 0
BranStark, 0, 1, 0, 1, 0, 0
StewdioMACK, 0, 7, 0, 7, 0, 0
George.Edward.C, 0, 4, 0, 4, 0, 0
Eating Glass Is Bad, 0, 1, 0, 1, 0, 0
VegasCasinoKid, 0, 11, 0, 11, 0, 0
Czar, 97, 0, 0, 0, 0, 97
Tezero, 0, 1, 0, 1, 0, 0
SNUGGUMS, 0, 6, 0, 6, 0, 0
Hafspajen, 0, 2, 0, 2, 0, 0
Czar/bio (page does not exist), 0, 1, 0, 1, 0, 0
Lstanley1979, 0, 2, 0, 2, 0, 0
TMDrew, 0, 3, 0, 3, 0, 0
Anomie/linkclassifier, 0, 1, 0, 1, 0, 0
Yellow Dingo, 0, 8, 0, 8, 0, 0
BenLinus1214, 0, 8, 0, 8, 0, 0
Reticulated Spline, 0, 1, 0, 1, 0, 0
MC_MasterChef, 44, 0, 0, 0, 44, 0
Jim Carter, 0, 11, 0, 11, 0, 0
Jim Carter/Sandbox 2, 0, 1, 0, 1, 0, 0
Nonsenseferret, 0, 1, 0, 1, 0, 0
Margin1522, 0, 2, 0, 2, 0, 0
Kikichugirl, 0, 2, 0, 2, 0, 0
ChristophThomas, 0, 2, 0, 2, 0, 0
MelanieN/Barnstars, 0, 1, 0, 1, 0, 0
Mark Schierbecker, 0, 1, 0, 1, 0, 0
HelloThereMinions, 0, 1, 0, 1, 0, 0
Heythereboy, 0, 1, 0, 1, 0, 0
Ejgreen77, 0, 24, 0, 24, 0, 0
Is not a, 0, 1, 0, 1, 0, 0
Ekips39, 0, 4, 0, 4, 0, 0
King Of The Wise, 0, 1, 0, 1, 0, 0
Cadillac000, 0, 6, 0, 6, 0, 0
Squinge, 0, 1, 0, 1, 0, 0
Only in death, 0, 4, 0, 4, 0, 0
333-blue, 0, 10, 0, 10, 0, 0
Noetica (page does not exist), 0, 1, 0, 1, 0, 0
Hobbes Goodyear, 0, 1, 0, 1, 0, 0
Marteau, 0, 1, 0, 1, 0, 0
DungeonSiegeAddict510, 0, 1, 0, 1, 0, 0
ScrapIronIV, 0, 7, 0, 7, 0, 0
Nine Tail Fox, 0, 2, 0, 2, 0, 0
Fenix_down, 88, 0, 0, 0, 0, 88
Delibzr, 0, 1, 0, 1, 0, 0
This lousy T-shirt, 0, 3, 0, 3, 0, 0
Kharkiv07, 0, 19, 0, 19, 0, 0
Esquivalience/Adminship criteria, 0, 1, 0, 1, 0, 0
Esquivalience, 0, 20, 0, 20, 0, 0
Snowager, 0, 3, 0, 3, 0, 0
SchreiberBike, 0, 35, 0, 35, 0, 0
L235, 242, 31, 0, 31, 0, 242
L235/siginfo, 0, 12, 0, 12, 0, 0
Rosario Berganza, 0, 1, 0, 1, 0, 0
ToonLucas22, 0, 7, 0, 7, 0, 0
Teddy5288, 0, 1, 0, 1, 0, 0
Matiia, 0, 2, 0, 2, 0, 0
CookieMonster755, 0, 7, 0, 7, 0, 0
Winner 42, 0, 15, 0, 15, 0, 0
Fylbecatulous, 0, 6, 0, 6, 0, 0
MelanieN alt, 0, 2, 0, 2, 0, 0
Rhondamerrick, 0, 2, 0, 2, 0, 0
Bosstopher, 0, 3, 0, 3, 0, 0
Mamyles, 0, 12, 0, 12, 0, 0
Relentlessly, 0, 1, 0, 1, 0, 0
EurovisionNim (page does not exist), 0, 22, 0, 22, 0, 0
Ritchie333/saves, 0, 1, 0, 1, 0, 0
Ritchie333/How newbies see templates, 0, 1, 0, 1, 0, 0
Giraffasaurus, 0, 1, 0, 1, 0, 0
Joseph2302, 0, 4, 0, 4, 0, 0
Anna F remote, 0, 1, 0, 1, 0, 0
Mysterious Gopher, 0, 1, 0, 1, 0, 0
Sagaciousphil, 0, 2, 0, 2, 0, 0
Sminthopsis84, 0, 1, 0, 1, 0, 0
Carl Henderson, 0, 1, 0, 1, 0, 0
Athomeinkobe, 0, 4, 0, 4, 0, 0
Supdiop, 0, 5, 0, 5, 0, 0
Vincent60030, 0, 1, 0, 1, 0, 0
SchroCat, 0, 10, 0, 10, 0, 0
Mediran (alt), 0, 1, 0, 1, 0, 0
ChamithN, 0, 1, 0, 1, 0, 0
Amitrochates, 0, 1, 0, 1, 0, 0
Rswallis10, 0, 2, 0, 2, 0, 0
Trout71, 0, 1, 0, 1, 0, 0
Einpedia, 0, 1, 0, 1, 0, 0
Zman9600, 0, 1, 0, 1, 0, 0
DivineAlpha (page does not exist), 0, 1, 0, 1, 0, 0
Kautilya3, 0, 10, 0, 10, 0, 0
Ninney, 0, 1, 0, 1, 0, 0
Zanhe, 0, 4, 0, 4, 0, 0
Ser_Amantio_di_Nicolao, 120, 0, 0, 0, 0, 120
IJBall, 0, 31, 0, 31, 0, 0
Ser Amantio di Nicolao, 0, 1, 0, 1, 0, 0
Bilorv, 0, 21, 0, 21, 0, 0
Jo-Jo Eumerus, 0, 14, 0, 14, 0, 0
KSFT, 0, 4, 0, 4, 0, 0
PhantomTech, 0, 2, 0, 2, 0, 0
DexDor, 0, 10, 0, 10, 0, 0
FourViolas, 0, 8, 0, 8, 0, 0
Stuartyeates, 0, 3, 0, 3, 0, 0
Grind24, 0, 3, 0, 3, 0, 0
Alakzi (page does not exist), 0, 4, 0, 4, 0, 0
Luxure, 0, 1, 0, 1, 0, 0
Vivisel, 0, 1, 0, 1, 0, 0
The Cross Bearer, 0, 2, 0, 2, 0, 0
Orduin, 0, 2, 0, 2, 0, 0
Rich_Farmbrough, 24, 0, 0, 0, 23, 1
Cranberry (page does not exist), 0, 1, 0, 1, 0, 0
Mr. Guye, 0, 7, 0, 7, 0, 0
Esquivalience (alt), 0, 1, 0, 1, 0, 0
Ahecht, 0, 13, 0, 13, 0, 0
Ceradon/CSD log, 0, 1, 0, 1, 0, 0
Ceradon/PROD log, 0, 1, 0, 1, 0, 0
Cyphoidbomb, 123, 10, 0, 10, 0, 123
Cncmaster/AVA, 0, 1, 0, 1, 0, 0
Cncmaster/RfA Criteria, 0, 1, 0, 1, 0, 0
Favre1fan93, 0, 1, 0, 1, 0, 0
Spaghetti07205, 0, 2, 0, 2, 0, 0
Azealia911, 0, 5, 0, 5, 0, 0
TutterMouse, 0, 1, 0, 1, 0, 0
Brustopher, 0, 8, 0, 8, 0, 0
Geraldo Perez, 0, 1, 0, 1, 0, 0
Atsme, 0, 29, 0, 29, 0, 0
23W, 0, 1, 0, 1, 0, 0
Datbubblegumdoe, 0, 5, 0, 5, 0, 0
Ansh666, 148, 8, 0, 8, 0, 148
Joel B. Lewis, 0, 7, 0, 7, 0, 0
JohnGormleyJG, 0, 1, 0, 1, 0, 0
Vanjagenije, 120, 3, 0, 3, 0, 120
Conifer, 0, 2, 0, 2, 0, 0
Mrjulesd, 0, 5, 0, 5, 0, 0
TheMagikCow, 0, 4, 0, 4, 0, 0
North of Eden, 0, 3, 0, 3, 0, 0
Cyclonebiskit, 124, 7, 0, 7, 0, 124
Aparslet, 0, 9, 0, 9, 0, 0
Rationalobserver, 0, 5, 0, 5, 0, 0
Wugapodes, 0, 8, 0, 8, 0, 0
Thereandnot, 0, 2, 0, 2, 0, 0
Hurricanehink mobile, 0, 1, 0, 1, 0, 0
Sovereign Sentinel, 0, 2, 0, 2, 0, 0
Shoy, 0, 5, 0, 5, 0, 0
Valereee, 0, 7, 0, 7, 0, 0
Etamni, 0, 8, 0, 8, 0, 0
Calidum, 0, 5, 0, 5, 0, 0
MurderByDeadcopy, 0, 8, 0, 8, 0, 0
Haminoon, 0, 3, 0, 3, 0, 0
Bazj, 0, 2, 0, 2, 0, 0
MShabazz, 0, 2, 0, 2, 0, 0
Jytdog, 0, 2, 0, 2, 0, 0
Geogene (page does not exist), 0, 3, 0, 3, 0, 0
Burninthruthesky, 0, 2, 0, 2, 0, 0
Happysquirrel, 0, 10, 0, 10, 0, 0
Elmidae, 0, 15, 0, 15, 0, 0
Dakarias, 0, 1, 0, 1, 0, 0
A guy saved by Jesus, 0, 2, 0, 2, 0, 0
Techtacular (page does not exist), 0, 1, 0, 1, 0, 0
Infinite0694, 0, 3, 0, 3, 0, 0
Haqua121 (page does not exist), 0, 1, 0, 1, 0, 0
Softlavender, 0, 4, 0, 4, 0, 0
Doc James, 0, 8, 0, 8, 0, 0
Buistr, 0, 3, 0, 3, 0, 0
Elvey, 0, 1, 0, 1, 0, 0
Tóraí, 0, 1, 0, 1, 0, 0
Aero Slicer, 0, 1, 0, 1, 0, 0
NickCT, 0, 1, 0, 1, 0, 0
TheMesquito, 0, 1, 0, 1, 0, 0
Mizike, 0, 2, 0, 2, 0, 0
Worth Overdoing, 0, 1, 0, 1, 0, 0
Jorm, 0, 2, 0, 2, 0, 0
Jobrot, 0, 1, 0, 1, 0, 0
MarkBernstein, 0, 1, 0, 1, 0, 0
BU Rob13, 0, 38, 0, 38, 0, 0
Arthur goes shopping, 0, 2, 0, 2, 0, 0
RatatoskJones, 0, 6, 0, 6, 0, 0
My name is not dave, 0, 6, 0, 6, 0, 0
Reaper Eternal/RfA Voting, 0, 1, 0, 1, 0, 0
Egsan Bacon, 0, 1, 0, 1, 0, 0
Winkelvi, 0, 4, 0, 4, 0, 0
Tortle, 0, 1, 0, 1, 0, 0
No such user, 0, 8, 0, 8, 0, 0
Rubbish computer, 0, 21, 0, 21, 0, 0
PBS, 0, 1, 0, 1, 0, 0
GregKaye, 0, 1, 0, 1, 0, 0
Class455fan1, 0, 7, 0, 7, 0, 0
Euphoria42, 0, 1, 0, 1, 0, 0
Hallward's Ghost, 0, 9, 0, 9, 0, 0
CyberWarfare, 0, 1, 0, 1, 0, 0
RMS52, 0, 1, 0, 1, 0, 0
Ian.thomson, 141, 3, 0, 3, 0, 141
AsceticRose (page does not exist), 0, 1, 0, 1, 0, 0
Earl King Jr., 0, 1, 0, 1, 0, 0
SSTflyer, 0, 16, 0, 16, 0, 0
Ian.thomson/CSD log, 0, 1, 0, 1, 0, 0
JackTheVicar, 0, 1, 0, 1, 0, 0
Ayub407, 0, 4, 0, 4, 0, 0
Ririgidi, 0, 1, 0, 1, 0, 0
Shock Brigade Harvester Boris, 0, 2, 0, 2, 0, 0
Human3015, 0, 5, 0, 5, 0, 0
Wasell, 0, 2, 0, 2, 0, 0
Pokerkiller (page does not exist), 0, 1, 0, 1, 0, 0
Yamaguchi.E5.85.88.E7.94.9F, 105, 0, 0, 0, 0, 105
Vesuvius Dogg, 0, 12, 0, 12, 0, 0
Crystallizedcarbon, 0, 29, 0, 29, 0, 0
In actu, 0, 5, 0, 5, 0, 0
JustBerry/RfA/Yamaguchi先生, 0, 1, 0, 1, 0, 0
Peacemaker67, 182, 38, 0, 38, 0, 182
Samtar (page does not exist), 0, 21, 0, 21, 0, 0
Oshwah, 212, 15, 0, 15, 0, 212
Kennethaw88, 0, 32, 0, 32, 0, 0
Tropicalkitty, 0, 1, 0, 1, 0, 0
GeneralizationsAreBad, 0, 26, 0, 26, 0, 0
Nepaxt, 0, 4, 0, 4, 0, 0
Biblioworm/CSD log, 0, 1, 0, 1, 0, 0
KarasuGamma, 0, 1, 0, 1, 0, 0
Bahb the Illuminated, 0, 1, 0, 1, 0, 0
Adrian J. Hunter, 0, 1, 0, 1, 0, 0
Awilley, 0, 20, 0, 20, 0, 0
Kingsindian, 0, 6, 0, 6, 0, 0
JJMC89, 192, 4, 0, 4, 0, 192
Érico, 0, 1, 0, 1, 0, 0
Tymon.r, 0, 5, 0, 5, 0, 0
永続繁栄, 0, 1, 0, 1, 0, 0
Blackhat999, 0, 2, 0, 2, 0, 0
Onel5969, 0, 17, 0, 17, 0, 0
LukeSurl, 0, 7, 0, 7, 0, 0
Eman235, 0, 4, 0, 4, 0, 0
Icarus of old, 0, 1, 0, 1, 0, 0
RickinBaltimore, 197, 33, 0, 33, 0, 197
NekoKatsun, 0, 1, 0, 1, 0, 0
Chiswick Chap, 0, 4, 0, 4, 0, 0
Pldx1, 0, 5, 0, 5, 0, 0
Jkudlick, 0, 14, 0, 14, 0, 0
Jkudlick/sandbox, 0, 14, 0, 14, 0, 0
Aunva6, 0, 1, 0, 1, 0, 0
Timtrent, 0, 1, 0, 1, 0, 0
Loriendrew, 0, 15, 0, 15, 0, 0
Lwarrenwiki, 0, 2, 0, 2, 0, 0
Johanna, 0, 3, 0, 3, 0, 0
Wikiisawesome, 0, 2, 0, 2, 0, 0
"Eat me, I'm an azuki", 0, 6, 0, 6, 0, 0
Thewolfchild, 0, 6, 0, 6, 0, 0
Hillbillyholiday, 0, 3, 0, 3, 0, 0
Justlettersandnumbers, 0, 8, 0, 8, 0, 0
PamD, 0, 3, 0, 3, 0, 0
Scott, 0, 2, 0, 2, 0, 0
CatcherStorm, 0, 1, 0, 1, 0, 0
Alsee, 0, 2, 0, 2, 0, 0
Bigpoliticsfan, 0, 33, 0, 33, 0, 0
Atcovi, 0, 1, 0, 1, 0, 0
Eteethan, 0, 1, 0, 1, 0, 0
Dat GuyWiki, 0, 1, 0, 1, 0, 0
Slightsmile, 0, 4, 0, 4, 0, 0
I dream of horses, 0, 2, 0, 2, 0, 0
Prcc27, 0, 1, 0, 1, 0, 0
QEDK, 0, 8, 0, 8, 0, 0
Ajeesh007 (page does not exist), 0, 1, 0, 1, 0, 0
Maile66, 175, 7, 0, 7, 0, 175
Dschslava, 0, 21, 0, 21, 0, 0
Arius1998, 0, 1, 0, 1, 0, 0
Drcrazy102, 0, 1, 0, 1, 0, 0
Saxum, 0, 2, 0, 2, 0, 0
TeriEmbrey, 0, 5, 0, 5, 0, 0
23 editor, 0, 1, 0, 1, 0, 0
Allthefoxes, 0, 3, 0, 3, 0, 0
Graham Beards, 0, 8, 0, 8, 0, 0
Babymissfortune, 0, 33, 0, 33, 0, 0
MisterBee1966, 0, 2, 0, 2, 0, 0
Wiae, 0, 13, 0, 13, 0, 0
Starke Hathaway, 0, 1, 0, 1, 0, 0
Razr Nation, 0, 3, 0, 3, 0, 0
Cplakidas, 0, 2, 0, 2, 0, 0
Winterysteppe, 0, 2, 0, 2, 0, 0
The Quixotic Potato, 0, 19, 0, 19, 0, 0
Catlemur, 0, 8, 0, 8, 0, 0
Andwats, 0, 1, 0, 1, 0, 0
Vfrickey, 0, 1, 0, 1, 0, 0
GELongstreet, 0, 2, 0, 2, 0, 0
Nightwalker-87, 0, 6, 0, 6, 0, 0
The Banner, 0, 2, 0, 2, 0, 0
FiendYT, 0, 6, 0, 6, 0, 0
RadiX, 0, 3, 0, 3, 0, 0
AmericanLemming, 0, 1, 0, 1, 0, 0
Keri, 0, 3, 0, 3, 0, 0
Gap9551, 0, 18, 0, 18, 0, 0
Pincrete, 0, 3, 0, 3, 0, 0
Caballero1967, 0, 1, 0, 1, 0, 0
Sir Joseph, 0, 7, 0, 7, 0, 0
SA 13 Bro, 0, 2, 0, 2, 0, 0
Cliftonian (page does not exist), 0, 1, 0, 1, 0, 0
Cloudz679, 0, 2, 0, 2, 0, 0
Stephan_Schulz, 47, 0, 0, 0, 33, 14
Theblog, 0, 1, 0, 1, 0, 0
Prhartcom, 0, 5, 0, 5, 0, 0
TheBlinkster, 0, 2, 0, 2, 0, 0
Chesnaught555, 0, 1, 0, 1, 0, 0
Prof tpms, 0, 1, 0, 1, 0, 0
Omni Flames, 0, 11, 0, 11, 0, 0
Rasimmons, 0, 1, 0, 1, 0, 0
Carbrera, 0, 1, 0, 1, 0, 0
Antepenultimate, 0, 9, 0, 9, 0, 0
Tpdwkouaa, 0, 1, 0, 1, 0, 0
The Voidwalker, 0, 7, 0, 7, 0, 0
TJH2018, 0, 13, 0, 13, 0, 0
Hy Brasil, 0, 1, 0, 1, 0, 0
CAPTAIN RAJU, 0, 36, 0, 36, 0, 0
Jdcomix, 0, 6, 0, 6, 0, 0
Atlantic306, 0, 19, 0, 19, 0, 0
Velella, 0, 4, 0, 4, 0, 0
NottNott, 0, 6, 0, 6, 0, 0
7&6=thirteen, 0, 5, 0, 5, 0, 0
Blythwood, 0, 7, 0, 7, 0, 0
Hoplon, 0, 1, 0, 1, 0, 0
FuzzyCatPotato, 0, 1, 0, 1, 0, 0
Banedon (page does not exist), 0, 35, 0, 35, 0, 0
ZettaComposer, 0, 23, 0, 23, 0, 0
Janke, 0, 1, 0, 1, 0, 0
CitiesGamer66, 0, 4, 0, 4, 0, 0
Thnidu, 0, 2, 0, 2, 0, 0
Manul, 0, 1, 0, 1, 0, 0
Peter SamFan, 0, 5, 0, 5, 0, 0
Peter SamFan/Guestbook, 0, 5, 0, 5, 0, 0
Outercrater, 0, 1, 0, 1, 0, 0
Tigraan, 0, 11, 0, 11, 0, 0
Mike1901 (page does not exist), 0, 6, 0, 6, 0, 0
BlueMoonset, 0, 1, 0, 1, 0, 0
Warshy, 0, 1, 0, 1, 0, 0
In veritas, 0, 2, 0, 2, 0, 0
DVdm, 0, 2, 0, 2, 0, 0
CLCStudent, 0, 10, 0, 10, 0, 0
Riley Huntley/You missed!, 0, 1, 0, 1, 0, 0
Amakuru, 1, 16, 0, 16, 0, 1
Frietjes, 0, 1, 0, 1, 0, 0
Dimadick, 0, 1, 0, 1, 0, 0
Denisarona, 0, 8, 0, 8, 0, 0
Oripaypaykim, 0, 30, 0, 30, 0, 0
Oknazevad, 0, 4, 0, 4, 0, 0
Nohomersryan, 0, 1, 0, 1, 0, 0
Gricehead, 0, 1, 0, 1, 0, 0
Maile66/KudosEtal, 0, 1, 0, 1, 0, 0
Ian Waithaka, 0, 1, 0, 1, 0, 0
Caeciliusinhorto, 0, 6, 0, 6, 0, 0
Notecardforfree, 0, 11, 0, 11, 0, 0
Coolman207ee, 0, 1, 0, 1, 0, 0
Shajure, 0, 2, 0, 2, 0, 0
Fouetté rond de jambe en tournant, 0, 3, 0, 3, 0, 0
Daniel kenneth, 0, 1, 0, 1, 0, 0
Coretheapple, 0, 4, 0, 4, 0, 0
Hgilbert, 0, 1, 0, 1, 0, 0
Tow, 0, 1, 0, 1, 0, 0
Music1201, 0, 14, 0, 14, 0, 0
Opencooper, 0, 1, 0, 1, 0, 0
Feedthepope, 0, 1, 0, 1, 0, 0
Crh23, 0, 2, 0, 2, 0, 0
Krishna Chaitanya Velaga, 0, 5, 0, 5, 0, 0
FoCuSandLeArN, 0, 1, 0, 1, 0, 0
Xender Lourdes, 0, 2, 0, 2, 0, 0
K.e.coffman, 0, 20, 0, 20, 0, 0
Gaarmyvet, 0, 1, 0, 1, 0, 0
MisterRandomized, 0, 1, 0, 1, 0, 0
ThePlatypusofDoom/RFA standards, 0, 1, 0, 1, 0, 0
ThePlatypusofDoom, 0, 25, 0, 25, 0, 0
White Arabian Filly, 0, 5, 0, 5, 0, 0
Patient Zero, 0, 25, 0, 25, 0, 0
Mr Ernie, 0, 15, 0, 15, 0, 0
SanAnMan, 0, 8, 0, 8, 0, 0
Insertcleverphrasehere, 0, 24, 0, 24, 0, 0
Andy M. Wang, 0, 7, 0, 7, 0, 0
Catmando999, 0, 1, 0, 1, 0, 0
Reiva Xela, 0, 1, 0, 1, 0, 0
Dank, 0, 1, 0, 1, 0, 0
~riley, 0, 2, 0, 2, 0, 0
Lingveno (page does not exist), 0, 2, 0, 2, 0, 0
Discuss-Dubious, 0, 1, 0, 1, 0, 0
LavaBaron, 0, 2, 0, 2, 0, 0
Goldenshimmer, 0, 1, 0, 1, 0, 0
Illegitimate Barrister, 0, 3, 0, 3, 0, 0
Zawed, 0, 2, 0, 2, 0, 0
BB-PB, 0, 1, 0, 1, 0, 0
Pi.1415926535, 0, 1, 0, 1, 0, 0
Godsy, 0, 6, 0, 6, 0, 0
Sportsfan 1234, 0, 3, 0, 3, 0, 0
The Traditionalist, 0, 1, 0, 1, 0, 0
Neiltonks, 0, 3, 0, 3, 0, 0
Crow, 0, 6, 0, 6, 0, 0
Vicedomino, 0, 1, 0, 1, 0, 0
Aloha27, 0, 13, 0, 13, 0, 0
Peter Chastain, 0, 1, 0, 1, 0, 0
Fbergo, 0, 7, 0, 7, 0, 0
HakanIST, 0, 4, 0, 4, 0, 0
Jo-Jo_Eumerus, 162, 0, 0, 0, 0, 162
Sainsf, 0, 1, 0, 1, 0, 0
Debresser, 0, 3, 0, 3, 0, 0
Chickadee46, 0, 2, 0, 2, 0, 0
Magioladitis, 0, 7, 0, 7, 0, 0
Joshualouie711, 0, 31, 0, 31, 0, 0
MRD2014, 0, 27, 0, 27, 0, 0
KaisaL, 0, 4, 0, 4, 0, 0
Vyselink, 0, 1, 0, 1, 0, 0
Guthix no more, 0, 2, 0, 2, 0, 0
Gestrid, 0, 4, 0, 4, 0, 0
Hamid Hassani, 0, 2, 0, 2, 0, 0
Denver20, 0, 2, 0, 2, 0, 0
For (;;), 0, 2, 0, 2, 0, 0
Martinevans123, 0, 7, 0, 7, 0, 0
BlackcurrantTea, 0, 3, 0, 3, 0, 0
DatNuttyWikipedian, 0, 1, 0, 1, 0, 0
Checkingfax, 0, 1, 0, 1, 0, 0
Noel baran, 0, 2, 0, 2, 0, 0
KieranTribe, 0, 2, 0, 2, 0, 0
Schwede66, 162, 10, 0, 10, 0, 162
BU_Rob13, 161, 0, 0, 0, 0, 161
Enterprisey, 0, 7, 0, 7, 0, 0
Anarchyte, 165, 18, 0, 18, 0, 165
Rebbing, 0, 1, 0, 1, 0, 0
Z105space, 0, 1, 0, 1, 0, 0
Qweedsa, 0, 1, 0, 1, 0, 0
Lizard the Wizard, 0, 1, 0, 1, 0, 0
Majora, 0, 5, 0, 5, 0, 0
Jc86035, 0, 15, 0, 15, 0, 0
Drdisque, 0, 1, 0, 1, 0, 0
CCamp2013, 0, 1, 0, 1, 0, 0
JFG, 0, 7, 0, 7, 0, 0
Gimubrc, 0, 1, 0, 1, 0, 0
RevelationDirect, 0, 1, 0, 1, 0, 0
Ajpolino, 0, 8, 0, 8, 0, 0
Jjjjjjdddddd, 0, 2, 0, 2, 0, 0
Vik-Thor, 0, 1, 0, 1, 0, 0
Woodstop45, 0, 1, 0, 1, 0, 0
Marvellous Spider-Man, 0, 8, 0, 8, 0, 0
Dane2007, 0, 4, 0, 4, 0, 0
KGirlTrucker81, 0, 25, 0, 25, 0, 0
Colonel Wilhelm Klink, 0, 5, 0, 5, 0, 0
Linguist111, 0, 19, 0, 19, 0, 0
Gråbergs Gråa Sång, 0, 4, 0, 4, 0, 0
Zppix, 0, 3, 0, 3, 0, 0
RadioKAOS, 0, 1, 0, 1, 0, 0
Waggie, 0, 3, 0, 3, 0, 0
Snuge purveyor, 0, 10, 0, 10, 0, 0
Meltingwood, 0, 1, 0, 1, 0, 0
WarMachineWildThing, 0, 1, 0, 1, 0, 0
CycloneIsaac, 0, 3, 0, 3, 0, 0
Sn1per, 0, 4, 0, 4, 0, 0
Mona778, 0, 5, 0, 5, 0, 0
Rhoark, 0, 1, 0, 1, 0, 0
Fuortu, 0, 2, 0, 2, 0, 0
RainFall, 0, 1, 0, 1, 0, 0
David.moreno72, 0, 1, 0, 1, 0, 0
UY Scuti, 0, 2, 0, 2, 0, 0
AKS.9955, 0, 2, 0, 2, 0, 0
Jmcgnh, 0, 5, 0, 5, 0, 0
AntiCompositeNumber, 0, 11, 0, 11, 0, 0
Frmorrison, 0, 12, 0, 12, 0, 0
NgYShung (page does not exist), 0, 4, 0, 4, 0, 0
Michael Bednarek, 0, 2, 0, 2, 0, 0
DatGuy, 0, 9, 0, 9, 0, 0
Julietdeltalima, 0, 17, 0, 17, 0, 0
Cahk, 0, 2, 0, 2, 0, 0
The Pancake of Heaven!, 0, 1, 0, 1, 0, 0
The Pancake of Heaven!/Guestbook, 0, 1, 0, 1, 0, 0
Nairspecht, 0, 1, 0, 1, 0, 0
Mr. Granger, 0, 1, 0, 1, 0, 0
Lepricavark, 0, 33, 0, 33, 0, 0
Tom29739, 0, 1, 0, 1, 0, 0
Darreg, 0, 2, 0, 2, 0, 0
AddWittyNameHere, 0, 2, 0, 2, 0, 0
Optimist on the run, 0, 8, 0, 8, 0, 0
Sunny Side Up, 0, 2, 0, 2, 0, 0
MartinZ02, 0, 6, 0, 6, 0, 0
とある白い猫/16, 0, 1, 0, 1, 0, 0
Amortias, 155, 1, 0, 1, 0, 155
Sunmist, 0, 1, 0, 1, 0, 0
Class455, 0, 24, 0, 24, 0, 0
Emir of Wikipedia, 0, 5, 0, 5, 0, 0
VictoriaGrayson, 0, 1, 0, 1, 0, 0
Valeince, 0, 2, 0, 2, 0, 0
Joshua Jonathan, 0, 2, 0, 2, 0, 0
Andertonian, 0, 1, 0, 1, 0, 0
Neonorange, 0, 1, 0, 1, 0, 0
RegistryKey, 0, 1, 0, 1, 0, 0
Prevan, 0, 3, 0, 3, 0, 0
Darouet, 0, 2, 0, 2, 0, 0
Ms Sarah Welch, 0, 10, 0, 10, 0, 0
Orser67, 0, 1, 0, 1, 0, 0
Mhhossein, 0, 3, 0, 3, 0, 0
Keysanger, 0, 1, 0, 1, 0, 0
Rehman, 137, 2, 0, 2, 0, 137
OccasionalEditor (page does not exist), 0, 1, 0, 1, 0, 0
GeoffreyT2000, 0, 11, 0, 11, 0, 0
LuckyLag360, 0, 1, 0, 1, 0, 0
Iazyges, 0, 11, 0, 11, 0, 0
和平奮鬥救地球, 0, 1, 0, 1, 0, 0
UNSC Luke 1021, 0, 5, 0, 5, 0, 0
Daß Wölf, 0, 3, 0, 3, 0, 0
JJBers, 0, 4, 0, 4, 0, 0
Auditguy, 0, 1, 0, 1, 0, 0
PratyushSinha101, 0, 5, 0, 5, 0, 0
Ritchie333/Why admins should create content, 0, 1, 0, 1, 0, 0
Lourdes, 0, 5, 0, 5, 0, 0
Paine Ellsworth, 0, 10, 0, 10, 0, 0
Xyzspaniel, 0, 4, 0, 4, 0, 0
Gluons12, 0, 3, 0, 3, 0, 0
Safehaven86, 0, 2, 0, 2, 0, 0
Tlhslobus, 0, 2, 0, 2, 0, 0
Kurdistantolive, 0, 1, 0, 1, 0, 0
Fitindia, 0, 26, 0, 26, 0, 0
Tiptoethrutheminefield, 0, 1, 0, 1, 0, 0
Hindustanilanguage, 0, 2, 0, 2, 0, 0
شہاب (page does not exist), 0, 1, 0, 1, 0, 0
Drcenjary, 0, 1, 0, 1, 0, 0
BetaCommand (page does not exist), 0, 1, 0, 1, 0, 0
Nordic Nightfury, 0, 5, 0, 5, 0, 0
Ozzie10aaaa, 0, 9, 0, 9, 0, 0
Ronaz, 0, 2, 0, 2, 0, 0
Giso6150, 0, 1, 0, 1, 0, 0
Jcc, 0, 5, 0, 5, 0, 0
Callmemirela, 0, 2, 0, 2, 0, 0
Sro23, 273, 9, 0, 9, 0, 273
Reason is Immortal, 0, 1, 0, 1, 0, 0
N Gasieta, 0, 1, 0, 1, 0, 0
Bluehotel, 0, 2, 0, 2, 0, 0
Timothyjosephwood, 0, 9, 0, 9, 0, 0
Derakhshan, 0, 2, 0, 2, 0, 0
Minimobiler (page does not exist), 0, 1, 0, 1, 0, 0
Steven Crossin, 0, 2, 0, 2, 0, 0
Jackninja5, 0, 2, 0, 2, 0, 0
Cabayi, 0, 18, 0, 18, 0, 0
Mr. Nosferatu, 0, 1, 0, 1, 0, 0
Mr rnddude, 0, 11, 0, 11, 0, 0
WikiPancake, 0, 1, 0, 1, 0, 0
WikiPancake/Guestbook, 0, 1, 0, 1, 0, 0
Democratics, 0, 1, 0, 1, 0, 0
Doug Weller, 0, 5, 0, 5, 0, 0
Full Rune, 0, 18, 0, 18, 0, 0
Samtar, 181, 0, 0, 0, 0, 181
Naushaad Gasieta, 0, 2, 0, 2, 0, 0
RileyBugz, 0, 14, 0, 14, 0, 0
ATS, 0, 5, 0, 5, 0, 0
Iadmc, 0, 3, 0, 3, 0, 0
JudgeRM, 0, 4, 0, 4, 0, 0
Tfkalk, 0, 1, 0, 1, 0, 0
Innisfree987, 0, 18, 0, 18, 0, 0
Blackmane, 0, 2, 0, 2, 0, 0
JustAGuyOnWikipedia, 0, 1, 0, 1, 0, 0
MBlaze Lightning, 0, 6, 0, 6, 0, 0
AlexEng, 0, 8, 0, 8, 0, 0
Dead Mary, 0, 4, 0, 4, 0, 0
Jiklo1569, 0, 1, 0, 1, 0, 0
Boson, 177, 1, 0, 1, 0, 177
South Nashua, 0, 8, 0, 8, 0, 0
Natureium, 0, 7, 0, 7, 0, 0
Shadychiri, 0, 1, 0, 1, 0, 0
YITYNR, 0, 9, 0, 9, 0, 0
EEng, 0, 1, 0, 1, 0, 0
Tamwin, 0, 2, 0, 2, 0, 0
GermanJoe, 0, 9, 0, 9, 0, 0
Quinton Feldberg, 0, 8, 0, 8, 0, 0
SilkTork/Chicha/Potential admin chat/Boson (page does not exist), 0, 1, 0, 1, 0, 0
Ferret, 0, 17, 0, 17, 0, 0
J947, 0, 20, 0, 20, 0, 0
StevenJ81, 0, 3, 0, 3, 0, 0
DarjeelingTea, 0, 5, 0, 5, 0, 0
KMJKWhite, 0, 2, 0, 2, 0, 0
Petrichori, 0, 1, 0, 1, 0, 0
Ad_Orientem, 157, 0, 0, 0, 0, 157
Ad Orientem/CSD log, 0, 1, 0, 1, 0, 0
Dane, 0, 23, 0, 23, 0, 0
Ad Orientem/So you want to be an Admin?&oldid=754818268 (page does not exist), 0, 1, 0, 1, 0, 0
Eggishorn, 0, 9, 0, 9, 0, 0
NecrosisBuddha, 0, 1, 0, 1, 0, 0
Icebob99, 0, 7, 0, 7, 0, 0
MjolnirPants, 0, 2, 0, 2, 0, 0
Ostrichyearning, 0, 1, 0, 1, 0, 0
Whjayg, 0, 1, 0, 1, 0, 0
Brianhe, 0, 1, 0, 1, 0, 0
Rjensen, 0, 2, 0, 2, 0, 0
Govindaharihari, 0, 8, 0, 8, 0, 0
Karellen93, 0, 1, 0, 1, 0, 0
Sideways713, 0, 1, 0, 1, 0, 0
Sir Sputnik, 0, 4, 0, 4, 0, 0
TheOneFootTallBrickWall, 0, 3, 0, 3, 0, 0
Unscintillating, 0, 2, 0, 2, 0, 0
The Bounder, 0, 9, 0, 9, 0, 0
Meters, 0, 2, 0, 2, 0, 0
NotTheFakeJTP, 0, 15, 0, 15, 0, 0
GabeIglesia, 0, 1, 0, 1, 0, 0
Mlpearc Phone, 0, 2, 0, 2, 0, 0
Coolabahapple, 0, 6, 0, 6, 0, 0
Gamall Wednesday Ida, 0, 4, 0, 4, 0, 0
JarrahTree, 0, 2, 0, 2, 0, 0
Akld guy, 0, 1, 0, 1, 0, 0
Linguist111/My RfA criteria: The 5 pillars of Wikipedians, 0, 4, 0, 4, 0, 0
Mduvekot (page does not exist), 0, 12, 0, 12, 0, 0
Mihirpmehta (page does not exist), 0, 3, 0, 3, 0, 0
Sirpottingmix, 0, 1, 0, 1, 0, 0
Fyddlestix, 0, 8, 0, 8, 0, 0
Wyatt2049, 0, 1, 0, 1, 0, 0
Auror Andrachome, 0, 1, 0, 1, 0, 0
Vituzzu, 0, 2, 0, 2, 0, 0
Soupvector, 0, 2, 0, 2, 0, 0
Yaris678, 0, 1, 0, 1, 0, 0
Anachronist, 0, 6, 0, 6, 0, 0
Amisom (page does not exist), 0, 2, 0, 2, 0, 0
Pawnkingthree, 0, 20, 0, 20, 0, 0
MB, 0, 1, 0, 1, 0, 0
Mahveotm, 0, 9, 0, 9, 0, 0
MordeKyle, 0, 1, 0, 1, 0, 0
Penskins, 0, 2, 0, 2, 0, 0
Dweller/Old Fashioned Wikipedian Values, 0, 2, 0, 2, 0, 0
Nortonius, 0, 1, 0, 1, 0, 0
DrKay, 0, 1, 0, 1, 0, 0
Pocketthis, 0, 1, 0, 1, 0, 0
J3Mrs, 0, 2, 0, 2, 0, 0
Lingzhi, 0, 1, 0, 1, 0, 0
Kosack, 0, 6, 0, 6, 0, 0
PKM, 0, 1, 0, 1, 0, 0
Daphne Lantier, 0, 5, 0, 5, 0, 0
AlexEng/RfA Criteria, 0, 3, 0, 3, 0, 0
BeenAroundAWhile, 0, 1, 0, 1, 0, 0
My Core Competency is Competency, 0, 1, 0, 1, 0, 0
L3X1, 0, 26, 0, 26, 0, 0
Lemongirl942, 0, 1, 0, 1, 0, 0
Kevjonesin, 0, 1, 0, 1, 0, 0
Primefac, 111, 0, 0, 0, 0, 111
Linguist111/RFAP/2, 0, 2, 0, 2, 0, 0
PrimeBOT, 0, 1, 0, 1, 0, 0
Laurdecl, 0, 1, 0, 1, 0, 0
Bondegezou, 0, 1, 0, 1, 0, 0
Triptothecottage, 0, 4, 0, 4, 0, 0
.js, 0, 1, 0, 1, 0, 0
Linguist111/RFAP/1, 0, 2, 0, 2, 0, 0
Joe Roe, 0, 11, 0, 11, 0, 0
Gbawden, 0, 1, 0, 1, 0, 0
Xyaena, 0, 1, 0, 1, 0, 0
ABF99, 0, 1, 0, 1, 0, 0
Katangais, 0, 1, 0, 1, 0, 0
Seth Whales, 0, 12, 0, 12, 0, 0
ExpertListener95, 0, 1, 0, 1, 0, 0
SW3 5DL, 0, 1, 0, 1, 0, 0
ComplexParadigm, 0, 2, 0, 2, 0, 0
TTK Ciar, 0, 1, 0, 1, 0, 0
William Harris, 0, 2, 0, 2, 0, 0
Slashme, 0, 1, 0, 1, 0, 0
Brynda1231, 0, 1, 0, 1, 0, 0
Jetstreamer, 0, 15, 0, 15, 0, 0
Bobnorwal, 0, 1, 0, 1, 0, 0
That man from Nantucket (page does not exist), 0, 1, 0, 1, 0, 0
MereTechnicality, 0, 1, 0, 1, 0, 0
Chrissymad (page does not exist), 0, 2, 0, 2, 0, 0
XboxGamer22408, 0, 3, 0, 3, 0, 0
Qaei, 0, 2, 0, 2, 0, 0
Twitbookspacetube, 0, 1, 0, 1, 0, 0
NsTaGaTr, 0, 5, 0, 5, 0, 0
DrStrauss (page does not exist), 0, 7, 0, 7, 0, 0
Ethanlu121, 0, 1, 0, 1, 0, 0
ZiaLater, 0, 1, 0, 1, 0, 0
SwiftyPeep, 0, 1, 0, 1, 0, 0
Feminist, 0, 18, 0, 18, 0, 0
Jimz514 (page does not exist), 0, 1, 0, 1, 0, 0
Screaming tiger9, 0, 1, 0, 1, 0, 0
Sixthy, 0, 1, 0, 1, 0, 0
Timtempleton, 0, 1, 0, 1, 0, 0
Dwarf Kirlston, 0, 1, 0, 1, 0, 0
ActiveListener95, 0, 1, 0, 1, 0, 0
LordofMoonSpawn, 0, 3, 0, 3, 0, 0
Exemplo347, 0, 3, 0, 3, 0, 0
TheGracefulSlick, 0, 7, 0, 7, 0, 0
Airbornemihir, 0, 16, 0, 16, 0, 0
ProgrammingGeek, 0, 3, 0, 3, 0, 0
Semmendinger, 0, 8, 0, 8, 0, 0
The garmine, 0, 2, 0, 2, 0, 0
65HCA7, 0, 9, 0, 9, 0, 0
Stikkyy, 0, 8, 0, 8, 0, 0
FriyMan, 0, 3, 0, 3, 0, 0
Jennica, 0, 1, 0, 1, 0, 0
TheMagnificentist (page does not exist), 0, 1, 0, 1, 0, 0
Train2104, 0, 3, 0, 3, 0, 0
Kostas20142, 0, 8, 0, 8, 0, 0
WilliamJE, 0, 2, 0, 2, 0, 0
Equineducklings (page does not exist), 0, 12, 0, 12, 0, 0
QianCheng (page does not exist), 0, 1, 0, 1, 0, 0
Forceradical (page does not exist), 0, 5, 0, 5, 0, 0
Rwxrwxrwx, 0, 1, 0, 1, 0, 0
NightlyG, 0, 1, 0, 1, 0, 0
Yashovardhan Dhanania, 0, 3, 0, 3, 0, 0
TheSandDoctor, 168, 18, 0, 18, 0, 168
Shellwood, 0, 11, 0, 11, 0, 0
Mélencron, 0, 4, 0, 4, 0, 0
HMSLavender, 0, 5, 0, 5, 0, 0
Kashmiri, 0, 7, 0, 7, 0, 0
Karlpoppery, 0, 2, 0, 2, 0, 0
Inter&anthro, 0, 7, 0, 7, 0, 0
Trooper1005, 0, 1, 0, 1, 0, 0
Skemcraig (page does not exist), 0, 1, 0, 1, 0, 0
Prinsipe Ybarro, 0, 1, 0, 1, 0, 0
Jpbrenna, 0, 1, 0, 1, 0, 0
Smartyllama, 0, 2, 0, 2, 0, 0
There'sNoTime, 0, 14, 0, 14, 0, 0
DarthBotto, 0, 2, 0, 2, 0, 0
Nhajivand (page does not exist), 0, 1, 0, 1, 0, 0
Scope creep, 0, 10, 0, 10, 0, 0
Scriblerian1, 0, 2, 0, 2, 0, 0
Keira1996, 0, 1, 0, 1, 0, 0
Maproom, 0, 7, 0, 7, 0, 0
Clean Copy, 0, 1, 0, 1, 0, 0
Msnicki, 0, 1, 0, 1, 0, 0
Kirk Leonard, 0, 2, 0, 2, 0, 0
Bwoii, 0, 1, 0, 1, 0, 0
Bakilas, 0, 1, 0, 1, 0, 0
Elliot321, 0, 1, 0, 1, 0, 0
Hmlarson, 0, 2, 0, 2, 0, 0
Ks0stm/G, 0, 5, 0, 5, 0, 0
Ks0stm/E, 0, 5, 0, 5, 0, 0
Jupitus Smart, 0, 3, 0, 3, 0, 0
WikiSquirrel42, 0, 3, 0, 3, 0, 0
Supreme Sports Statistician, 0, 1, 0, 1, 0, 0
0Jak, 0, 1, 0, 1, 0, 0
Dolotta, 0, 13, 0, 13, 0, 0
Mx. Granger, 0, 2, 0, 2, 0, 0
IM3847, 0, 2, 0, 2, 0, 0
Markworthen, 0, 2, 0, 2, 0, 0
Adityavagarwal, 0, 8, 0, 8, 0, 0
Argento Surfer, 0, 3, 0, 3, 0, 0
SophisticatedSwampert, 0, 2, 0, 2, 0, 0
SweetCanadianMullet, 0, 1, 0, 1, 0, 0
WikiVirusC, 0, 2, 0, 2, 0, 0
Catrìona, 0, 3, 0, 3, 0, 0
OcarinaOfTime, 0, 1, 0, 1, 0, 0
Saturnalia0, 0, 1, 0, 1, 0, 0
Brojam, 0, 2, 0, 2, 0, 0
Tornado chaser, 0, 3, 0, 3, 0, 0
Ice fly editor, 0, 1, 0, 1, 0, 0
Winged Blades of Godric, 0, 13, 0, 13, 0, 0
Caliburn, 0, 1, 0, 1, 0, 0
Jakob Coles, 0, 1, 0, 1, 0, 0
Rlin8, 0, 1, 0, 1, 0, 0
Funcrunch, 0, 2, 0, 2, 0, 0
PaleoNeonate, 0, 3, 0, 3, 0, 0
Worldbruce, 0, 1, 0, 1, 0, 0
Arms & Hearts, 0, 1, 0, 1, 0, 0
Hameltion, 0, 2, 0, 2, 0, 0
Anoptimistix, 0, 2, 0, 2, 0, 0
Choard1895, 0, 2, 0, 2, 0, 0
72, 0, 2, 0, 2, 0, 0
Figureofnine, 0, 1, 0, 1, 0, 0
Cthomas3, 0, 12, 0, 12, 0, 0
StarryGrandma, 0, 1, 0, 1, 0, 0
Power~enwiki, 0, 14, 0, 14, 0, 0
John from Idegon, 0, 6, 0, 6, 0, 0
Gronk Oz, 0, 1, 0, 1, 0, 0
TesLiszt, 0, 1, 0, 1, 0, 0
Flyer22 Reborn, 0, 1, 0, 1, 0, 0
FlyingAce, 0, 18, 0, 18, 0, 0
Jooojay, 0, 1, 0, 1, 0, 0
Fraenir, 0, 3, 0, 3, 0, 0
Kees08, 0, 1, 0, 1, 0, 0
JSFarman, 0, 1, 0, 1, 0, 0
Samf4u, 0, 1, 0, 1, 0, 0
Mark Jhomel, 0, 1, 0, 1, 0, 0
R3adyWrit3s (page does not exist), 0, 1, 0, 1, 0, 0
Garden9, 0, 1, 0, 1, 0, 0
GSS-1987, 0, 1, 0, 1, 0, 0
Razer2115, 0, 1, 0, 1, 0, 0
EvergreenFir, 0, 4, 0, 4, 0, 0
Layzner, 0, 2, 0, 2, 0, 0
Capitals00, 0, 1, 0, 1, 0, 0
Ericoides, 0, 1, 0, 1, 0, 0
SkyWarrior, 0, 1, 0, 1, 0, 0
GoldenRing, 191, 2, 0, 2, 0, 191
GoldenRing/Taxonomy of new users, 0, 1, 0, 1, 0, 0
Tonton Bernardo, 0, 1, 0, 1, 0, 0
Imperatrix mundi (page does not exist), 0, 1, 0, 1, 0, 0
Luis150902, 0, 1, 0, 1, 0, 0
ThatGirlTayler, 0, 1, 0, 1, 0, 0
Frederika Eilers, 0, 1, 0, 1, 0, 0
Loopy30, 0, 11, 0, 11, 0, 0
Earl of Arundel, 0, 1, 0, 1, 0, 0
PRRfan, 0, 1, 0, 1, 0, 0
Chibanano, 0, 1, 0, 1, 0, 0
UserDe, 0, 1, 0, 1, 0, 0
Jasphetamine, 0, 2, 0, 2, 0, 0
Wilhelmina Will, 0, 3, 0, 3, 0, 0
CopernicusAD, 0, 1, 0, 1, 0, 0
Cinteotl, 0, 1, 0, 1, 0, 0
JoJo Anthrax, 0, 2, 0, 2, 0, 0
Finney1234, 0, 1, 0, 1, 0, 0
The Wicked Twisted Road, 0, 1, 0, 1, 0, 0
Trovatore, 0, 1, 0, 1, 0, 0
CV9933, 0, 2, 0, 2, 0, 0
Goldenring (page does not exist), 0, 1, 0, 1, 0, 0
Gpc62, 0, 1, 0, 1, 0, 0
Iambic Pentameter (page does not exist), 0, 1, 0, 1, 0, 0
ProDuct0339, 0, 1, 0, 1, 0, 0
ProDuct0339/t, 0, 1, 0, 1, 0, 0
ProDuct0339/p, 0, 1, 0, 1, 0, 0
ProDuct0339/c, 0, 1, 0, 1, 0, 0
Hijiri88, 0, 1, 0, 1, 0, 0
Albireo93, 0, 1, 0, 1, 0, 0
Andrewdpcotton (page does not exist), 0, 1, 0, 1, 0, 0
Dalliance, 0, 1, 0, 1, 0, 0
Daithidebarra, 0, 1, 0, 1, 0, 0
Appable, 0, 1, 0, 1, 0, 0
Enos733, 0, 7, 0, 7, 0, 0
Boomer Vial, 0, 2, 0, 2, 0, 0
Seren Dept, 0, 2, 0, 2, 0, 0
Absconded Northerner, 0, 1, 0, 1, 0, 0
Elektrik Shoos, 0, 1, 0, 1, 0, 0
Aguyintobooks, 0, 1, 0, 1, 0, 0
SparklingPessimist, 0, 3, 0, 3, 0, 0
Inatan (page does not exist), 0, 4, 0, 4, 0, 0
Zhangj1079, 0, 1, 0, 1, 0, 0
Redgro, 0, 2, 0, 2, 0, 0
Gab4gab, 0, 1, 0, 1, 0, 0
HailSatanandAllHisWorks1997 (page does not exist), 0, 1, 0, 1, 0, 0
Menaechmi, 0, 1, 0, 1, 0, 0
Megalibrarygirl, 283, 1, 0, 1, 0, 283
Hyperbolick, 0, 1, 0, 1, 0, 0
Jon Kolbert, 0, 4, 0, 4, 0, 0
Mrmei, 0, 1, 0, 1, 0, 0
Pagliaccious, 0, 2, 0, 2, 0, 0
Gerda Arendt/User talk before you block, 0, 2, 0, 2, 0, 0
SusunW, 0, 1, 0, 1, 0, 0
Neil S Walker, 0, 2, 0, 2, 0, 0
My name continues to not be dave, 0, 2, 0, 2, 0, 0
Bri, 0, 5, 0, 5, 0, 0
Hummerrocket, 0, 4, 0, 4, 0, 0
Yogwi21, 0, 1, 0, 1, 0, 0
Ecstatic Electrical, 0, 1, 0, 1, 0, 0
Certified Gangsta (page does not exist), 0, 1, 0, 1, 0, 0
BiggestSataniaFanboy89, 0, 1, 0, 1, 0, 0
Furrykiller, 0, 1, 0, 1, 0, 0
JaconaFrere, 0, 1, 0, 1, 0, 0
Nihlus, 0, 5, 0, 5, 0, 0
Antonioatrylia, 0, 1, 0, 1, 0, 0
Sondra.kinsey, 0, 2, 0, 2, 0, 0
Roman Spinner, 0, 3, 0, 3, 0, 0
GrapefruitSculpin, 0, 2, 0, 2, 0, 0
Gereon K., 0, 3, 0, 3, 0, 0
Lirazelf, 0, 1, 0, 1, 0, 0
Amran khan1, 0, 1, 0, 1, 0, 0
Alafarge, 0, 1, 0, 1, 0, 0
Metmeganslay, 0, 2, 0, 2, 0, 0
Metmeganslay/sandbox, 0, 2, 0, 2, 0, 0
"El cid, el campeador", 0, 1, 0, 1, 0, 0
Rhinopias, 0, 1, 0, 1, 0, 0
Ipigott, 0, 1, 0, 1, 0, 0
TomBarker23, 0, 1, 0, 1, 0, 0
Merrilee, 0, 1, 0, 1, 0, 0
Shameran81, 0, 1, 0, 1, 0, 0
Opabinia externa, 0, 2, 0, 2, 0, 0
Jackiekoerner, 0, 1, 0, 1, 0, 0
Miles Edgeworth, 0, 2, 0, 2, 0, 0
Ammarpad, 0, 13, 0, 13, 0, 0
GreenMeansGo, 0, 4, 0, 4, 0, 0
Godric on Leave, 0, 1, 0, 1, 0, 0
Drewmutt, 0, 1, 0, 1, 0, 0
Sb2001, 0, 1, 0, 1, 0, 0
Darylgolden, 0, 2, 0, 2, 0, 0
Maltrópa, 0, 1, 0, 1, 0, 0
Codyorb, 0, 1, 0, 1, 0, 0
Hrodvarsson, 0, 7, 0, 7, 0, 0
HitroMilanese, 0, 1, 0, 1, 0, 0
AusLondonder, 0, 1, 0, 1, 0, 0
Flipyap, 0, 1, 0, 1, 0, 0
Rentier, 0, 4, 0, 4, 0, 0
Joe_Roe, 170, 0, 0, 0, 0, 170
Cocohead781, 0, 2, 0, 2, 0, 0
Legacypac, 0, 7, 0, 7, 0, 0
BLIR, 0, 1, 0, 1, 0, 0
BeywheelzLetItRip/Sandbox, 0, 1, 0, 1, 0, 0
BeywheelzLetItRip/Guestbook, 0, 1, 0, 1, 0, 0
Kingofaces43, 0, 2, 0, 2, 0, 0
Lockerson, 0, 1, 0, 1, 0, 0
Bambenekcd1, 0, 1, 0, 1, 0, 0
AlaskanNativeRU, 0, 1, 0, 1, 0, 0
Operator873, 0, 2, 0, 2, 0, 0
Bingobro, 0, 3, 0, 3, 0, 0
Otr500, 0, 1, 0, 1, 0, 0
Lalalalllla7, 0, 1, 0, 1, 0, 0
Michipedian, 0, 1, 0, 1, 0, 0
James Allison, 0, 1, 0, 1, 0, 0
Editor760, 0, 1, 0, 1, 0, 0
Hhhhhkohhhhh, 0, 3, 0, 3, 0, 0
MrZaius, 0, 1, 1, 0, 0, 0
Muboshgu, 186, 5, 0, 5, 0, 186
Stormy clouds, 0, 7, 0, 7, 0, 0
Quickfingers, 0, 1, 0, 1, 0, 0
LargelyRecyclable, 0, 1, 0, 1, 0, 0
علاء, 0, 2, 0, 2, 0, 0
Galobtter, 205, 10, 0, 10, 0, 205
KDTW Flyer, 0, 1, 0, 1, 0, 0
Everymorning, 0, 4, 0, 4, 0, 0
Daask, 0, 5, 0, 5, 0, 0
Jiten D, 0, 1, 0, 1, 0, 0
Harrias_2, 108, 0, 0, 0, 0, 108
Theopolisme/Scripts/adminhighlighter.js, 0, 1, 0, 1, 0, 0
AnAwesomeArticleEditor, 0, 3, 0, 3, 0, 0
Pbsouthwood, 225, 10, 0, 10, 0, 225
Lusotitan, 0, 1, 0, 1, 0, 0
Nick Moyes, 0, 5, 0, 5, 0, 0
Chandan Guha, 0, 4, 0, 4, 0, 0
Chetsford, 0, 9, 0, 9, 0, 0
GregJackP/Admin criteria, 0, 2, 0, 2, 0, 0
Felixvr, 0, 1, 0, 1, 0, 0
Yodin, 0, 2, 0, 2, 0, 0
331dot, 180, 6, 0, 6, 0, 180
Vermont, 0, 8, 0, 8, 0, 0
Bellezzasolo, 0, 8, 0, 8, 0, 0
L293D, 0, 7, 0, 7, 0, 0
Zyc1174, 0, 3, 0, 3, 0, 0
Siddiqsazzad001, 0, 4, 0, 4, 0, 0
HamOntPoliFiend, 0, 1, 0, 1, 0, 0
Pkbwcgs, 0, 1, 0, 1, 0, 0
Find bruce, 0, 9, 0, 9, 0, 0
PlyrStar93, 0, 2, 0, 2, 0, 0
Yrarendar, 0, 1, 0, 1, 0, 0
Samee, 0, 2, 0, 2, 0, 0
Cooljeanius, 0, 2, 0, 2, 0, 0
Nightfury, 0, 2, 0, 2, 0, 0
Cordless_Larry, 172, 0, 0, 0, 0, 172
GenQuest, 0, 1, 0, 1, 0, 0
Störm, 0, 1, 0, 1, 0, 0
Mark the train, 0, 1, 0, 1, 0, 0
Nosebagbear, 0, 9, 0, 9, 0, 0
HandsomeBoy, 0, 1, 0, 1, 0, 0
Kzl55, 0, 1, 0, 1, 0, 0
Simranpreet singh, 0, 1, 0, 1, 0, 0
SoloKnowHow83, 0, 1, 0, 1, 0, 0
Libertybison, 0, 1, 0, 1, 0, 0
Balon Greyjoy, 0, 1, 0, 1, 0, 0
Tazkeung, 0, 1, 0, 1, 0, 0
Moses, 10, 0, 0, 0, 0, 10
Javert2113, 0, 4, 0, 4, 0, 0
Cwobeel, 0, 1, 0, 1, 0, 0
EoRdE6, 0, 1, 0, 1, 0, 0
SpeedDemon520, 0, 1, 0, 1, 0, 0
IndianBio, 0, 1, 0, 1, 0, 0
Spumuq, 0, 1, 0, 1, 0, 0
Jbhunley, 0, 4, 0, 4, 0, 0
115ash, 0, 1, 0, 1, 0, 0
AstroLynx (page does not exist), 0, 1, 0, 1, 0, 0
Mr. Stradivarious, 0, 1, 0, 1, 0, 0
JimRenge, 0, 1, 0, 1, 0, 0
east718, 56, 0, 0, 0, 0, 56
Tuckdogg, 0, 1, 0, 1, 0, 0
Professional Deletionist, 0, 1, 0, 1, 0, 0
MMAfan2007, 0, 1, 0, 1, 0, 0
Thesaddestday, 0, 1, 0, 1, 0, 0
Claudevsq, 0, 1, 0, 1, 0, 0
Abelmoschus Esculentus, 0, 6, 0, 6, 0, 0
JLJ001, 0, 1, 0, 1, 0, 0
Ganesha811, 0, 1, 0, 1, 0, 0
Wumbolo, 0, 7, 0, 7, 0, 0
OhKayeSierra, 0, 3, 0, 3, 0, 0
Serial Number 54129, 0, 5, 0, 5, 0, 0
Zchrykng, 0, 1, 0, 1, 0, 0
Froswo, 0, 2, 0, 2, 0, 0
Zarasophos, 0, 2, 0, 2, 0, 0
Pashley, 0, 1, 0, 1, 0, 0
ToBeFree, 0, 4, 0, 4, 0, 0
Compassionate727, 0, 5, 0, 5, 0, 0
Barkeep49, 0, 6, 0, 6, 0, 0
Nurg, 0, 1, 0, 1, 0, 0
Enwebb, 0, 2, 0, 2, 0, 0
Kewlgrapes, 0, 1, 0, 1, 0, 0
Nigej, 0, 6, 0, 6, 0, 0
Zzzoom, 0, 1, 0, 1, 0, 0
Zingarese, 0, 8, 0, 8, 0, 0
Schetm, 0, 4, 0, 4, 0, 0
Painius, 0, 2, 0, 2, 0, 0
A lad insane, 0, 1, 0, 1, 0, 0
MarginalCost (page does not exist), 0, 2, 0, 2, 0, 0
Robertgombos, 0, 2, 0, 2, 0, 0
SwineHerd, 0, 1, 0, 1, 0, 0
Dhtwiki, 0, 1, 0, 1, 0, 0
Akhiljaxxn, 0, 2, 0, 2, 0, 0
Conlinp, 0, 3, 0, 3, 0, 0
Money emoji, 0, 6, 0, 6, 0, 0
Billhpike, 0, 2, 0, 2, 0, 0
DrVogel (page does not exist), 0, 1, 0, 1, 0, 0
Firefly, 0, 3, 0, 3, 0, 0
Firefly/who, 0, 3, 0, 3, 0, 0
Xinbenlv, 0, 1, 0, 1, 0, 0
B dash, 0, 2, 0, 2, 0, 0
Icewhiz, 0, 3, 0, 3, 0, 0
JoshMuirWikipedia, 0, 1, 0, 1, 0, 0
Vexations, 0, 6, 0, 6, 0, 0
Imminent77, 0, 1, 0, 1, 0, 0
Ebbillings, 0, 2, 0, 2, 0, 0
MPS1992, 0, 1, 0, 1, 0, 0
Deadman137, 0, 2, 0, 2, 0, 0
Jc86035 (1), 0, 1, 0, 1, 0, 0
carlossuarez46, 65, 0, 0, 0, 59, 6
Omtay38, 0, 2, 2, 0, 0, 0
Lucky_6.9, 101, 0, 0, 0, 74, 27
SuperDude115, 0, 1, 1, 0, 0, 0
ErikNY, 0, 1, 1, 0, 0, 0
Ttyre, 0, 1, 0, 1, 0, 0
24 (page does not exist), 0, 1, 0, 1, 0, 0
SkyGazer 512, 0, 9, 0, 9, 0, 0
Tom (LT), 0, 5, 0, 5, 0, 0
Iffy/RFA, 0, 3, 0, 3, 0, 0
Iffy, 0, 3, 0, 3, 0, 0
Bungle, 0, 2, 1, 1, 0, 0
Wpgbrown (page does not exist), 0, 1, 0, 1, 0, 0
Geekdiva, 0, 1, 0, 1, 0, 0
Pythoncoder/RfA criteria, 0, 5, 0, 5, 0, 0
Pythoncoder, 0, 8, 0, 8, 0, 0
1233, 0, 1, 0, 1, 0, 0
Nova Crystallis, 0, 7, 0, 7, 0, 0
Lee Vilenski, 0, 2, 0, 2, 0, 0
1997kB, 0, 5, 0, 5, 0, 0
Neovu79, 0, 7, 0, 7, 0, 0
IVORK, 0, 2, 0, 2, 0, 0
Septrillion, 0, 2, 0, 2, 0, 0
Thinker78, 0, 1, 0, 1, 0, 0
Home Lander, 0, 4, 0, 4, 0, 0
Hhkohh, 0, 6, 0, 6, 0, 0
HouseOfChange, 0, 1, 0, 1, 0, 0
JJBers Public, 0, 1, 0, 1, 0, 0
Spintendo, 0, 2, 0, 2, 0, 0
Hydronium Hydroxide, 0, 2, 0, 2, 0, 0
Kpgjhpjm, 0, 6, 0, 6, 0, 0
StraussInTheHouse, 0, 4, 0, 4, 0, 0
Agentsoo, 63, 1, 0, 1, 49, 14
JonONeill, 0, 1, 0, 1, 0, 0
Icey, 0, 1, 1, 0, 0, 0
TheBlueFlamingo, 0, 1, 1, 0, 0, 0
Kyle Barbour, 0, 1, 1, 0, 0, 0
Nol888, 0, 1, 1, 0, 0, 0
Silverhand, 0, 1, 1, 0, 0, 0
Bigman17, 0, 1, 1, 0, 0, 0
Cielomobile, 0, 1, 1, 0, 0, 0
Kamikaze, 0, 1, 0, 1, 0, 0
Haveaquestion, 0, 1, 1, 0, 0, 0
Giggy/Powderfinger, 0, 1, 1, 0, 0, 0
Ritchie333/Plain and simple guide to vandalism, 0, 1, 0, 1, 0, 0
Ebyabe, 0, 1, 0, 1, 0, 0
TheDragonFire, 0, 2, 0, 2, 0, 0
Z0, 0, 2, 0, 2, 0, 0
ImprovedWikiImprovment, 0, 2, 0, 2, 0, 0
Amaury, 0, 1, 0, 1, 0, 0
Mark Ironie, 0, 1, 0, 1, 0, 0
Ktrimi991, 0, 4, 0, 4, 0, 0
Rowan Forest, 0, 3, 0, 3, 0, 0
Sario528, 0, 1, 0, 1, 0, 0
KylieTastic, 0, 1, 0, 1, 0, 0
VibeScepter, 0, 3, 0, 3, 0, 0
Lorstaking, 0, 1, 0, 1, 0, 0
Aspening, 0, 2, 0, 2, 0, 0
SemiHypercube, 0, 8, 0, 8, 0, 0
Adamstraw99, 0, 1, 0, 1, 0, 0
ReaderofthePack, 0, 2, 0, 2, 0, 0
Lavalizard101, 0, 1, 0, 1, 0, 0
Sock, 0, 1, 0, 1, 0, 0
Leefeni de Karik, 0, 1, 0, 1, 0, 0
Benawu2 (page does not exist), 0, 1, 0, 1, 0, 0
QueerFilmNerd, 0, 2, 0, 2, 0, 0
Sau226, 0, 1, 0, 1, 0, 0
FlightTime, 0, 2, 0, 2, 0, 0
Chris troutman/My RfA criteria, 0, 1, 0, 1, 0, 0
TonyBallioni/RfA criteria, 0, 1, 0, 1, 0, 0
JC7V7DC5768, 0, 1, 0, 1, 0, 0
1l2l3k, 0, 2, 0, 2, 0, 0
Mona.N, 0, 5, 0, 5, 0, 0
SshibumXZ, 0, 2, 0, 2, 0, 0
EclipseDude/My Approach to RfA, 0, 2, 0, 2, 0, 0
EclipseDude, 0, 6, 0, 6, 0, 0
Teratix, 0, 3, 0, 3, 0, 0
Araratic, 0, 2, 0, 2, 0, 0
-revi, 0, 2, 0, 2, 0, 0
Zubin12, 0, 1, 0, 1, 0, 0
Just Chilling, 0, 1, 0, 1, 0, 0
EggRoll97, 0, 2, 0, 2, 0, 0
Impru20, 0, 1, 0, 1, 0, 0
Gog the Mild, 0, 6, 0, 6, 0, 0
Peter James, 0, 3, 0, 3, 0, 0
Gorilla Warfare, 0, 1, 0, 1, 0, 0
CommanderOzEvolved, 0, 1, 0, 1, 0, 0
Dreamy Jazz, 0, 6, 0, 6, 0, 0
Hallward's Ghost/RFA support criteria (page does not exist), 0, 2, 0, 2, 0, 0
CapitalSasha, 0, 2, 0, 2, 0, 0
GenuineArt, 0, 1, 0, 1, 0, 0
Abhi88iisc (page does not exist), 0, 1, 0, 1, 0, 0
Kirbanzo, 0, 4, 0, 4, 0, 0
Zeke Essiestudy, 0, 1, 0, 1, 0, 0
KCVelaga, 0, 1, 0, 1, 0, 0
The Duke of Nonsense, 0, 1, 0, 1, 0, 0
Lyndaship, 0, 4, 0, 4, 0, 0
Omgwtfbbqsomethingrandom, 0, 2, 0, 2, 0, 0
Usernamekiran, 0, 1, 0, 1, 0, 0
Bharatiya29, 0, 1, 0, 1, 0, 0
Tacyarg, 0, 1, 0, 1, 0, 0
Icarusgeek, 0, 1, 0, 1, 0, 0
Sir_Sputnik, 199, 0, 0, 0, 0, 199
Kante4, 0, 1, 0, 1, 0, 0
Flooded with them hundreds, 0, 2, 0, 2, 0, 0
Jaellee, 0, 1, 0, 1, 0, 0
Pythoncoder/t, 0, 1, 0, 1, 0, 0
Pythoncoder/c, 0, 1, 0, 1, 0, 0
Den..., 0, 1, 0, 1, 0, 0
Jake Brockman, 0, 1, 0, 1, 0, 0
Simon Adler, 0, 1, 0, 1, 0, 0
Newslinger, 0, 5, 0, 5, 0, 0
Paul2520, 0, 1, 0, 1, 0, 0
DannyS712, 0, 6, 0, 6, 0, 0
Stefka Bulgaria, 0, 1, 0, 1, 0, 0
Alex Cohn, 0, 1, 0, 1, 0, 0
ToThAc, 0, 1, 0, 1, 0, 0
Capt. Milokan, 0, 2, 0, 2, 0, 0
S.A. Julio, 0, 1, 0, 1, 0, 0
Johannes Maximilian, 0, 1, 0, 1, 0, 0
ThatMontrealIP, 0, 3, 0, 3, 0, 0
Carl Tristan Orense, 0, 3, 0, 3, 0, 0
Boothsift, 0, 4, 0, 4, 0, 0
Mtminchi08, 0, 1, 0, 1, 0, 0
SportingFlyer, 0, 4, 0, 4, 0, 0
Cesdeva, 0, 1, 0, 1, 0, 0
CaptainEek, 0, 3, 0, 3, 0, 0
Bakazaka, 0, 2, 0, 2, 0, 0
Dominick333, 0, 1, 0, 1, 0, 0
Shivkarandholiya12, 0, 1, 0, 1, 0, 0
Binod Basnet (page does not exist), 0, 2, 0, 2, 0, 0
Xover, 0, 1, 0, 1, 0, 0
Azkord, 0, 1, 0, 1, 0, 0
Brian Everlasting, 0, 1, 0, 1, 0, 0
Thegooduser, 0, 3, 0, 3, 0, 0
Redalert2fan, 0, 2, 0, 2, 0, 0
Sdkb, 0, 1, 0, 1, 0, 0
Rekonedth, 0, 1, 0, 1, 0, 0
Foxnpichu, 0, 3, 0, 3, 0, 0
Iseult, 0, 1, 0, 1, 0, 0
Ralbegen, 0, 1, 0, 1, 0, 0
Eschoryii, 0, 3, 0, 3, 0, 0
VictorTorres2002, 0, 1, 0, 1, 0, 0
Alucard 16, 0, 3, 0, 3, 0, 0
Dreamy Jazz/RfA criteria (page does not exist), 0, 1, 0, 1, 0, 0
Shad0, 0, 1, 0, 1, 0, 0
InformationvsInjustice, 0, 1, 0, 1, 0, 0
Pórokhov, 0, 1, 0, 1, 0, 0
AhmadLX, 0, 1, 0, 1, 0, 0
KAGfan2018, 0, 1, 0, 1, 0, 0
Morganlh, 0, 1, 0, 1, 0, 0
Lean Anael, 0, 1, 0, 1, 0, 0
GreenC, 0, 1, 0, 1, 0, 0
Tom.Reding, 0, 1, 0, 1, 0, 0
Evad37, 214, 0, 0, 0, 0, 214
Lingzhi2, 0, 1, 0, 1, 0, 0
Eddie891, 0, 1, 0, 1, 0, 0
Ruyaba, 0, 1, 0, 1, 0, 0
Levivich, 0, 3, 0, 3, 0, 0
Bahnfrend, 0, 1, 0, 1, 0, 0
Evad37/XFDcloser, 0, 1, 0, 1, 0, 0
PCN02WPS, 0, 2, 0, 2, 0, 0
MX, 0, 2, 0, 2, 0, 0
CoolSkittle, 0, 3, 0, 3, 0, 0
Tommy has a great username, 0, 1, 0, 1, 0, 0
Suffusion of Yellow, 0, 2, 0, 2, 0, 0
Gaelan, 0, 1, 0, 1, 0, 0
MattLongCT, 0, 1, 0, 1, 0, 0
Xain36, 0, 1, 0, 1, 0, 0
Mitch Ames, 0, 1, 0, 1, 0, 0
EggOfReason, 0, 1, 0, 1, 0, 0
Acorri, 0, 1, 0, 1, 0, 0
Kaizenify, 0, 1, 0, 1, 0, 0
FR30799386, 0, 1, 0, 1, 0, 0
FR30799386/undo, 0, 1, 0, 1, 0, 0
Jacona, 0, 2, 0, 2, 0, 0
GN-z11, 0, 1, 0, 1, 0, 0
SMcCandlish/RfA standards, 0, 1, 0, 1, 0, 0
CrispyCream27, 0, 1, 0, 1, 0, 0
The Drover's Wife, 0, 1, 0, 1, 0, 0
BukhariSaeed, 0, 1, 0, 1, 0, 0
Cosmic Sans, 0, 1, 0, 1, 0, 0
NapalmSunday, 0, 1, 0, 1, 0, 0
Doublethink1954, 0, 1, 0, 1, 0, 0
Barbara (WVS), 0, 1, 0, 1, 0, 0
Certes, 0, 1, 0, 1, 0, 0
Count Count, 0, 1, 0, 1, 0, 0
Linguist111_.28testing.29, 10, 0, 0, 0, 0, 10
J947 Public, 0, 1, 0, 1, 0, 0
TheEditster, 0, 2, 0, 2, 0, 0
I know the best wiki, 0, 1, 0, 1, 0, 0
ZLEA, 0, 1, 0, 1, 0, 0
Qwirkle, 0, 1, 0, 1, 0, 0
Kb03, 0, 2, 0, 2, 0, 0
MarkH21, 0, 1, 0, 1, 0, 0
CorbieVreccan, 0, 1, 0, 1, 0, 0
Spacepine, 0, 1, 0, 1, 0, 0
SS49, 0, 2, 0, 2, 0, 0
Amiodarone, 0, 1, 0, 1, 0, 0
Red Rock Canyon, 0, 1, 0, 1, 0, 0
KJP1, 0, 1, 0, 1, 0, 0
Harold the Sheep, 0, 1, 0, 1, 0, 0
Elfabet, 0, 1, 0, 1, 0, 0
Abzeronow, 0, 3, 0, 3, 0, 0
A loose necktie, 0, 1, 0, 1, 0, 0
Toghrul Rahimli, 0, 1, 0, 1, 0, 0
Woshiyiweizhongguoren, 0, 1, 0, 1, 0, 0
Cavalryman V31, 0, 1, 0, 1, 0, 0
AltoStev, 0, 1, 0, 1, 0, 0
Signedzzz, 0, 1, 0, 1, 0, 0
Waddie96, 0, 1, 0, 1, 0, 0
Llwyld, 0, 1, 0, 1, 0, 0
HickoryOughtShirt.3F4, 180, 0, 0, 0, 0, 180
Abelmoschus Esculentus (alt), 0, 1, 0, 1, 0, 0
Mccapra, 0, 1, 0, 1, 0, 0
AurumPower (page does not exist), 0, 1, 0, 1, 0, 0
Broccoli and Coffee, 0, 1, 0, 1, 0, 0
Agent00x (page does not exist), 0, 1, 0, 1, 0, 0
MaranoFan, 0, 1, 0, 1, 0, 0
Girth Summit, 0, 2, 0, 2, 0, 0
HickoryOughtShirt?4, 0, 1, 0, 1, 0, 0
❤️, 0, 1, 0, 1, 0, 0
INeedSupport, 0, 1, 0, 1, 0, 0
Wikiemirati, 0, 1, 0, 1, 0, 0
Britishfinance, 0, 1, 0, 1, 0, 0
DrewieStewie, 0, 1, 0, 1, 0, 0
JackintheBox, 0, 1, 0, 1, 0, 0
Swordman97, 0, 1, 0, 1, 0, 0
JJBullet, 0, 1, 0, 1, 0, 0
Psu256, 0, 1, 0, 1, 0, 0
Rollidan, 0, 1, 0, 1, 0, 0
Spyder212, 0, 1, 0, 1, 0, 0
S0091, 0, 1, 0, 1, 0, 0
Masumrezarock100, 0, 1, 0, 1, 0, 0
Lubbad85, 0, 1, 0, 1, 0, 0
Creffett, 0, 1, 0, 1, 0, 0
Balabinrm, 0, 1, 0, 1, 0, 0
Interstellarity, 0, 1, 0, 1, 0, 0
PaleCloudedWhite, 0, 1, 0, 1, 0, 0
Flibirigit, 0, 1, 0, 1, 0, 0
Bswiki (page does not exist), 0, 1, 1, 0, 0, 0
Willow177, 0, 1, 1, 0, 0, 0
Blutacker, 0, 1, 0, 1, 0, 0
Deacon Vorbis, 0, 1, 0, 1, 0, 0
Weegaweek, 0, 1, 0, 1, 0, 0
TastyPoutine, 0, 1, 0, 1, 0, 0
WizardKing, 0, 1, 0, 1, 0, 0
Rosguill, 0, 1, 0, 1, 0, 0
Mandruss, 0, 1, 0, 1, 0, 0
Sachinthonakkara, 0, 1, 0, 1, 0, 0
Polyamorph, 0, 1, 0, 1, 0, 0
Objective3000, 0, 1, 0, 1, 0, 0
Seraphim System, 0, 1, 0, 1, 0, 0
Wakari07, 0, 1, 0, 1, 0, 0
FenixFeather, 0, 1, 0, 1, 0, 0
Yetishawl, 0, 1, 0, 1, 0, 0
Calefactivefaust, 0, 1, 0, 1, 0, 0
Xenophrenic, 0, 1, 0, 1, 0, 0
