node_id, total_out, total_in, pos_in, neg_in, pos_out,neg_out
0, 29, 228, 199, 29, 24, 5
1, 95, 116, 95, 21, 71, 24
2, 0, 20, 20, 0, 0, 0
3, 11, 53, 48, 5, 11, 0
4, 1, 124, 109, 15, 1, 0
5, 79, 34, 33, 1, 74, 5
6, 17, 8, 8, 0, 17, 0
7, 29, 105, 47, 58, 21, 8
8, 185, 599, 481, 118, 102, 83
9, 39, 160, 151, 9, 38, 1
10, 15, 16, 16, 0, 15, 0
11, 330, 86, 85, 1, 329, 1
12, 0, 6, 4, 2, 0, 0
13, 15, 56, 18, 38, 15, 0
14, 73, 24, 20, 4, 60, 13
15, 2, 100, 99, 1, 2, 0
16, 157, 34, 33, 1, 142, 15
17, 23, 590, 547, 43, 23, 0
18, 15, 7, 6, 1, 15, 0
19, 29, 9, 9, 0, 28, 1
20, 0, 5, 3, 2, 0, 0
21, 52, 86, 47, 39, 18, 34
22, 3, 176, 175, 1, 3, 0
23, 1, 14, 14, 0, 1, 0
24, 3, 45, 40, 5, 2, 1
25, 85, 34, 25, 9, 29, 56
26, 2, 4, 1, 3, 0, 2
27, 0, 60, 13, 47, 0, 0
28, 1, 45, 14, 31, 0, 1
29, 69, 74, 43, 31, 69, 0
31, 0, 845, 831, 14, 0, 0
41, 0, 1727, 1708, 19, 0, 0
52, 17, 436, 404, 32, 17, 0
98, 81, 220, 211, 9, 81, 0
118, 19, 15, 15, 0, 16, 3
170, 201, 695, 531, 164, 201, 0
530, 366, 720, 599, 121, 365, 1
613, 3, 2, 2, 0, 3, 0
614, 202, 64, 42, 22, 135, 67
615, 17, 12, 11, 1, 17, 0
616, 187, 154, 136, 18, 184, 3
617, 11, 13, 10, 3, 2, 9
618, 29, 41, 25, 16, 29, 0
619, 11, 18, 11, 7, 9, 2
620, 80, 192, 171, 21, 51, 29
621, 1, 159, 130, 29, 1, 0
622, 128, 89, 56, 33, 84, 44
623, 0, 126, 89, 37, 0, 0
624, 156, 159, 150, 9, 156, 0
625, 200, 41, 19, 22, 100, 100
626, 4, 305, 302, 3, 0, 4
627, 220, 36, 26, 10, 180, 40
628, 4, 7, 7, 0, 4, 0
629, 31, 561, 436, 125, 31, 0
630, 48, 225, 173, 52, 42, 6
631, 5, 23, 22, 1, 5, 0
632, 0, 154, 154, 0, 0, 0
633, 34, 282, 263, 19, 34, 0
634, 35, 65, 50, 15, 13, 22
635, 7, 57, 49, 8, 7, 0
636, 0, 2290, 2260, 30, 0, 0
637, 0, 11, 8, 3, 0, 0
638, 0, 115, 105, 10, 0, 0
639, 142, 132, 116, 16, 114, 28
640, 72, 211, 183, 28, 70, 2
641, 200, 436, 409, 27, 200, 0
642, 100, 143, 136, 7, 60, 40
643, 0, 33, 31, 2, 0, 0
644, 0, 18, 18, 0, 0, 0
645, 0, 15, 9, 6, 0, 0
646, 2, 7, 6, 1, 0, 2
647, 0, 25, 20, 5, 0, 0
648, 12, 10, 7, 3, 11, 1
649, 9, 94, 91, 3, 8, 1
650, 131, 15, 13, 2, 91, 40
651, 7, 204, 190, 14, 7, 0
652, 1, 8, 7, 1, 1, 0
653, 239, 70, 56, 14, 139, 100
654, 76, 20, 20, 0, 73, 3
655, 14, 14, 10, 4, 9, 5
656, 16, 7, 6, 1, 13, 3
657, 109, 317, 304, 13, 109, 0
658, 8, 369, 346, 23, 3, 5
659, 2, 3, 2, 1, 2, 0
660, 0, 1270, 1218, 52, 0, 0
661, 4, 427, 382, 45, 3, 1
662, 369, 405, 348, 57, 369, 0
663, 48, 190, 141, 49, 47, 1
664, 23, 74, 51, 23, 15, 8
665, 52, 164, 130, 34, 43, 9
666, 3, 10, 8, 2, 1, 2
667, 403, 65, 58, 7, 402, 1
668, 199, 143, 81, 62, 130, 69
669, 24, 13, 11, 2, 21, 3
670, 1, 141, 137, 4, 1, 0
671, 8, 8, 5, 3, 5, 3
672, 58, 322, 276, 46, 50, 8
673, 100, 132, 117, 15, 61, 39
674, 4, 44, 42, 2, 4, 0
675, 37, 31, 18, 13, 22, 15
676, 9, 2, 1, 1, 9, 0
677, 2, 16, 15, 1, 2, 0
678, 201, 459, 182, 277, 98, 103
679, 9, 357, 200, 157, 9, 0
680, 0, 15, 8, 7, 0, 0
681, 0, 11, 6, 5, 0, 0
682, 0, 40, 22, 18, 0, 0
683, 0, 216, 96, 120, 0, 0
684, 9, 3, 2, 1, 7, 2
685, 1, 91, 42, 49, 0, 1
686, 191, 304, 95, 209, 158, 33
687, 0, 2, 1, 1, 0, 0
688, 0, 2, 0, 2, 0, 0
689, 30, 19, 12, 7, 29, 1
690, 4, 35, 14, 21, 4, 0
691, 9, 12, 5, 7, 7, 2
692, 5, 47, 11, 36, 4, 1
693, 0, 4, 3, 1, 0, 0
694, 0, 3, 1, 2, 0, 0
695, 8, 29, 15, 14, 5, 3
696, 1, 1, 0, 1, 1, 0
697, 6, 98, 46, 52, 6, 0
47, 14, 2344, 2212, 132, 14, 0
48, 4, 73, 62, 11, 4, 0
55, 34, 600, 551, 49, 32, 2
114, 2, 18, 17, 1, 2, 0
698, 23, 39, 36, 3, 17, 6
699, 1, 118, 117, 1, 0, 1
700, 0, 1, 1, 0, 0, 0
33, 0, 1050, 1050, 0, 0, 0
58, 24, 615, 593, 22, 24, 0
59, 0, 359, 127, 232, 0, 0
80, 14, 2543, 2512, 31, 14, 0
111, 0, 95, 94, 1, 0, 0
172, 1, 685, 661, 24, 0, 1
191, 400, 1591, 1583, 8, 400, 0
701, 0, 230, 218, 12, 0, 0
702, 0, 81, 79, 2, 0, 0
703, 8, 332, 280, 52, 6, 2
704, 0, 36, 36, 0, 0, 0
705, 1, 5, 5, 0, 1, 0
706, 0, 35, 35, 0, 0, 0
707, 0, 76, 75, 1, 0, 0
708, 2, 7, 7, 0, 2, 0
709, 1, 6, 6, 0, 0, 1
710, 0, 1, 1, 0, 0, 0
711, 6, 40, 32, 8, 6, 0
712, 1, 16, 16, 0, 1, 0
713, 0, 27, 27, 0, 0, 0
714, 8, 58, 57, 1, 6, 2
715, 0, 19, 19, 0, 0, 0
716, 8, 22, 22, 0, 8, 0
717, 193, 166, 146, 20, 191, 2
718, 0, 168, 163, 5, 0, 0
719, 43, 63, 62, 1, 43, 0
720, 0, 18, 18, 0, 0, 0
721, 6, 12, 12, 0, 4, 2
722, 0, 16, 16, 0, 0, 0
723, 0, 117, 117, 0, 0, 0
724, 0, 54, 54, 0, 0, 0
725, 1, 36, 34, 2, 0, 1
726, 0, 59, 59, 0, 0, 0
727, 0, 29, 29, 0, 0, 0
728, 0, 1, 1, 0, 0, 0
729, 0, 25, 25, 0, 0, 0
730, 0, 74, 74, 0, 0, 0
731, 3, 56, 49, 7, 3, 0
732, 0, 73, 68, 5, 0, 0
733, 6, 434, 432, 2, 6, 0
734, 0, 278, 276, 2, 0, 0
735, 202, 33, 31, 2, 158, 44
736, 4, 10, 6, 4, 4, 0
737, 34, 397, 374, 23, 16, 18
738, 3, 69, 61, 8, 3, 0
739, 0, 140, 138, 2, 0, 0
740, 0, 11, 11, 0, 0, 0
741, 33, 88, 77, 11, 22, 11
742, 197, 86, 77, 9, 185, 12
743, 1, 6, 6, 0, 1, 0
744, 26, 56, 46, 10, 21, 5
745, 11, 26, 25, 1, 11, 0
746, 201, 71, 51, 20, 18, 183
747, 3, 132, 113, 19, 0, 3
748, 18, 263, 262, 1, 18, 0
749, 1, 111, 111, 0, 1, 0
750, 0, 76, 75, 1, 0, 0
751, 36, 40, 36, 4, 29, 7
752, 11, 291, 286, 5, 11, 0
753, 0, 3, 3, 0, 0, 0
754, 1, 265, 262, 3, 1, 0
755, 0, 31, 31, 0, 0, 0
756, 0, 30, 30, 0, 0, 0
757, 0, 96, 96, 0, 0, 0
758, 59, 158, 152, 6, 54, 5
759, 0, 72, 53, 19, 0, 0
760, 160, 1608, 1389, 219, 149, 11
761, 1, 50, 27, 23, 1, 0
762, 6, 53, 32, 21, 0, 6
763, 1, 4, 2, 2, 1, 0
44, 0, 349, 349, 0, 0, 0
764, 1, 4, 4, 0, 1, 0
765, 0, 3, 3, 0, 0, 0
766, 0, 5, 4, 1, 0, 0
767, 1, 23, 21, 2, 1, 0
768, 0, 2, 2, 0, 0, 0
769, 203, 102, 97, 5, 146, 57
770, 0, 1102, 1102, 0, 0, 0
771, 5, 8, 8, 0, 5, 0
176, 14, 556, 275, 281, 11, 3
244, 4, 51, 40, 11, 4, 0
542, 5, 198, 165, 33, 5, 0
772, 9, 35, 26, 9, 9, 0
773, 3, 38, 28, 10, 0, 3
774, 0, 32, 15, 17, 0, 0
775, 0, 6, 2, 4, 0, 0
776, 187, 51, 36, 15, 186, 1
777, 2, 30, 23, 7, 2, 0
778, 22, 18, 13, 5, 22, 0
779, 31, 64, 23, 41, 12, 19
780, 14, 265, 258, 7, 14, 0
781, 4, 44, 32, 12, 4, 0
782, 21, 9, 8, 1, 17, 4
783, 35, 7, 4, 3, 25, 10
784, 0, 11, 9, 2, 0, 0
785, 4, 5, 2, 3, 4, 0
786, 2, 2, 2, 0, 1, 1
787, 4, 180, 82, 98, 4, 0
788, 0, 6, 3, 3, 0, 0
789, 0, 94, 71, 23, 0, 0
790, 0, 101, 28, 73, 0, 0
791, 0, 22, 21, 1, 0, 0
792, 0, 7, 4, 3, 0, 0
793, 7, 4, 2, 2, 5, 2
794, 6, 31, 20, 11, 4, 2
795, 2, 298, 241, 57, 0, 2
796, 6, 16, 6, 10, 0, 6
797, 4, 22, 17, 5, 2, 2
30, 17, 260, 195, 65, 17, 0
49, 13, 37, 37, 0, 13, 0
50, 201, 312, 204, 108, 0, 201
51, 0, 15, 15, 0, 0, 0
54, 0, 95, 80, 15, 0, 0
60, 53, 190, 176, 14, 53, 0
69, 250, 207, 185, 22, 239, 11
70, 116, 368, 340, 28, 116, 0
83, 158, 256, 227, 29, 144, 14
85, 182, 185, 142, 43, 182, 0
87, 400, 296, 287, 9, 400, 0
88, 177, 279, 273, 6, 177, 0
95, 11, 110, 106, 4, 11, 0
103, 149, 209, 193, 16, 147, 2
125, 0, 195, 147, 48, 0, 0
127, 0, 40, 25, 15, 0, 0
128, 23, 126, 97, 29, 23, 0
130, 1, 16, 16, 0, 1, 0
131, 0, 3, 3, 0, 0, 0
134, 13, 54, 54, 0, 13, 0
140, 3, 13, 11, 2, 3, 0
142, 6, 34, 31, 3, 6, 0
144, 147, 64, 48, 16, 28, 119
197, 401, 607, 570, 37, 401, 0
231, 15, 110, 76, 34, 15, 0
798, 0, 18, 17, 1, 0, 0
799, 172, 26, 22, 4, 145, 27
800, 12, 6, 6, 0, 12, 0
801, 21, 102, 80, 22, 19, 2
802, 34, 12, 10, 2, 32, 2
803, 1, 1, 1, 0, 1, 0
804, 0, 1, 1, 0, 0, 0
805, 1, 1, 1, 0, 1, 0
806, 149, 113, 105, 8, 128, 21
807, 326, 44, 29, 15, 118, 208
808, 0, 2, 2, 0, 0, 0
809, 28, 57, 47, 10, 25, 3
810, 0, 1, 1, 0, 0, 0
811, 195, 184, 178, 6, 192, 3
812, 0, 1, 1, 0, 0, 0
813, 50, 238, 231, 7, 25, 25
814, 1, 6, 6, 0, 1, 0
815, 201, 138, 83, 55, 54, 147
816, 11, 4, 3, 1, 11, 0
817, 1, 75, 70, 5, 0, 1
818, 14, 16, 16, 0, 14, 0
819, 133, 132, 117, 15, 132, 1
820, 7, 18, 12, 6, 7, 0
821, 0, 1, 1, 0, 0, 0
822, 5, 6, 5, 1, 4, 1
823, 43, 41, 27, 14, 41, 2
824, 136, 159, 128, 31, 76, 60
825, 0, 8, 5, 3, 0, 0
826, 0, 1, 1, 0, 0, 0
827, 92, 95, 87, 8, 92, 0
828, 11, 3, 3, 0, 10, 1
829, 201, 53, 51, 2, 200, 1
830, 106, 136, 136, 0, 106, 0
831, 7, 6, 5, 1, 7, 0
832, 155, 158, 151, 7, 155, 0
833, 10, 3, 3, 0, 10, 0
834, 4, 10, 10, 0, 2, 2
835, 201, 37, 33, 4, 196, 5
836, 7, 1, 1, 0, 7, 0
837, 62, 178, 147, 31, 50, 12
838, 368, 215, 203, 12, 368, 0
839, 0, 2, 2, 0, 0, 0
840, 10, 4, 4, 0, 10, 0
841, 233, 115, 102, 13, 232, 1
842, 3, 7, 7, 0, 3, 0
843, 20, 13, 12, 1, 20, 0
844, 43, 8, 8, 0, 43, 0
845, 201, 86, 75, 11, 54, 147
846, 321, 287, 223, 64, 227, 94
847, 172, 191, 181, 10, 172, 0
848, 27, 30, 28, 2, 26, 1
849, 66, 163, 129, 34, 66, 0
850, 287, 296, 181, 115, 133, 154
851, 140, 40, 31, 9, 60, 80
852, 1, 2, 2, 0, 1, 0
853, 1, 1, 1, 0, 1, 0
854, 64, 10, 10, 0, 64, 0
855, 85, 94, 92, 2, 83, 2
856, 35, 9, 8, 1, 21, 14
857, 9, 49, 49, 0, 8, 1
858, 16, 3, 3, 0, 16, 0
859, 50, 10, 10, 0, 48, 2
860, 54, 181, 149, 32, 54, 0
861, 8, 3, 3, 0, 8, 0
862, 174, 226, 200, 26, 158, 16
863, 1, 1, 1, 0, 1, 0
864, 0, 2, 2, 0, 0, 0
865, 0, 2, 2, 0, 0, 0
866, 41, 9, 8, 1, 39, 2
867, 12, 6, 6, 0, 9, 3
868, 132, 57, 50, 7, 132, 0
869, 402, 69, 35, 34, 86, 316
870, 0, 1, 0, 1, 0, 0
871, 3, 253, 155, 98, 3, 0
872, 82, 189, 121, 68, 69, 13
873, 1, 122, 101, 21, 0, 1
874, 204, 211, 166, 45, 202, 2
875, 0, 19, 15, 4, 0, 0
876, 139, 129, 127, 2, 139, 0
877, 0, 45, 23, 22, 0, 0
878, 11, 9, 8, 1, 6, 5
879, 10, 5, 1, 4, 10, 0
880, 1, 5, 0, 5, 0, 1
881, 2, 98, 81, 17, 0, 2
882, 6, 10, 4, 6, 3, 3
883, 0, 1, 0, 1, 0, 0
884, 12, 35, 26, 9, 12, 0
885, 0, 222, 159, 63, 0, 0
886, 10, 137, 112, 25, 10, 0
887, 12, 13, 10, 3, 6, 6
888, 5, 116, 72, 44, 5, 0
889, 2, 7, 2, 5, 0, 2
890, 72, 27, 26, 1, 72, 0
891, 1, 9, 3, 6, 1, 0
892, 0, 2, 0, 2, 0, 0
893, 148, 19, 18, 1, 142, 6
894, 5, 8, 3, 5, 5, 0
895, 86, 109, 73, 36, 84, 2
896, 28, 7, 3, 4, 17, 11
897, 0, 56, 5, 51, 0, 0
898, 0, 3, 0, 3, 0, 0
899, 62, 37, 28, 9, 58, 4
900, 4, 21, 12, 9, 4, 0
901, 14, 4, 3, 1, 14, 0
902, 47, 14, 12, 2, 41, 6
903, 1, 1, 0, 1, 1, 0
904, 2, 15, 14, 1, 2, 0
905, 58, 245, 170, 75, 58, 0
906, 401, 418, 270, 148, 401, 0
907, 0, 223, 194, 29, 0, 0
908, 115, 44, 40, 4, 99, 16
909, 156, 86, 66, 20, 148, 8
910, 0, 3, 1, 2, 0, 0
911, 2, 993, 684, 309, 2, 0
912, 274, 152, 121, 31, 274, 0
913, 8, 4, 2, 2, 8, 0
914, 143, 138, 119, 19, 125, 18
915, 0, 1, 0, 1, 0, 0
916, 37, 77, 33, 44, 29, 8
917, 114, 5, 4, 1, 82, 32
918, 0, 2, 0, 2, 0, 0
919, 156, 247, 196, 51, 56, 100
920, 0, 5, 0, 5, 0, 0
921, 17, 29, 15, 14, 17, 0
922, 155, 617, 496, 121, 155, 0
923, 178, 265, 171, 94, 136, 42
924, 201, 45, 22, 23, 200, 1
925, 129, 82, 71, 11, 128, 1
926, 3, 29, 23, 6, 2, 1
927, 53, 82, 58, 24, 41, 12
928, 30, 282, 80, 202, 30, 0
929, 164, 354, 271, 83, 157, 7
930, 89, 157, 117, 40, 42, 47
931, 0, 4, 1, 3, 0, 0
932, 69, 66, 37, 29, 23, 46
933, 22, 211, 195, 16, 12, 10
934, 0, 2, 0, 2, 0, 0
935, 0, 1, 0, 1, 0, 0
936, 0, 4, 0, 4, 0, 0
937, 38, 646, 148, 498, 31, 7
938, 139, 462, 360, 102, 137, 2
939, 0, 1, 0, 1, 0, 0
940, 366, 435, 383, 52, 232, 134
941, 91, 27, 17, 10, 48, 43
56, 17, 72, 69, 3, 17, 0
196, 0, 121, 121, 0, 0, 0
942, 0, 18, 18, 0, 0, 0
943, 2, 2, 2, 0, 2, 0
944, 0, 1, 1, 0, 0, 0
945, 0, 4, 3, 1, 0, 0
946, 27, 30, 18, 12, 27, 0
947, 1, 5, 4, 1, 1, 0
948, 0, 66, 66, 0, 0, 0
949, 40, 336, 302, 34, 30, 10
950, 0, 1, 1, 0, 0, 0
951, 15, 8, 7, 1, 15, 0
952, 3, 3, 3, 0, 3, 0
953, 10, 3, 2, 1, 9, 1
954, 0, 2, 2, 0, 0, 0
955, 0, 4, 4, 0, 0, 0
956, 1, 2, 2, 0, 1, 0
957, 1, 212, 202, 10, 1, 0
958, 4, 35, 34, 1, 3, 1
959, 14, 37, 18, 19, 12, 2
960, 0, 3, 3, 0, 0, 0
961, 18, 6, 6, 0, 18, 0
962, 0, 5, 5, 0, 0, 0
963, 14, 26, 24, 2, 14, 0
964, 6, 8, 8, 0, 6, 0
965, 0, 4, 4, 0, 0, 0
966, 26, 24, 24, 0, 24, 2
967, 17, 12, 11, 1, 17, 0
968, 35, 18, 18, 0, 35, 0
969, 0, 3, 3, 0, 0, 0
970, 0, 2, 2, 0, 0, 0
971, 12, 9, 9, 0, 12, 0
972, 0, 9, 9, 0, 0, 0
66, 78, 174, 174, 0, 78, 0
67, 400, 247, 238, 9, 387, 13
71, 142, 155, 152, 3, 141, 1
75, 162, 180, 178, 2, 162, 0
76, 54, 350, 334, 16, 54, 0
79, 251, 904, 820, 84, 249, 2
81, 2, 230, 154, 76, 2, 0
90, 0, 471, 97, 374, 0, 0
92, 271, 308, 303, 5, 271, 0
94, 47, 287, 237, 50, 47, 0
101, 113, 172, 167, 5, 112, 1
120, 6, 41, 24, 17, 4, 2
149, 266, 237, 219, 18, 263, 3
313, 12, 175, 158, 17, 11, 1
599, 144, 157, 157, 0, 134, 10
973, 399, 307, 295, 12, 399, 0
974, 5, 62, 38, 24, 5, 0
975, 9, 5, 5, 0, 8, 1
976, 203, 60, 57, 3, 125, 78
977, 9, 72, 66, 6, 4, 5
978, 1, 14, 13, 1, 1, 0
979, 189, 105, 93, 12, 179, 10
980, 346, 181, 167, 14, 313, 33
981, 38, 173, 134, 39, 22, 16
982, 38, 74, 70, 4, 33, 5
983, 0, 4, 2, 2, 0, 0
984, 16, 10, 10, 0, 16, 0
985, 30, 23, 22, 1, 30, 0
986, 125, 37, 25, 12, 41, 84
987, 2, 14, 13, 1, 2, 0
988, 1, 54, 27, 27, 1, 0
989, 47, 378, 308, 70, 36, 11
990, 17, 67, 31, 36, 17, 0
991, 16, 66, 61, 5, 15, 1
992, 31, 80, 78, 2, 26, 5
993, 201, 246, 220, 26, 201, 0
994, 1, 14, 9, 5, 1, 0
995, 0, 232, 194, 38, 0, 0
996, 13, 5, 5, 0, 12, 1
997, 139, 145, 143, 2, 120, 19
998, 136, 171, 170, 1, 136, 0
999, 73, 42, 27, 15, 58, 15
1000, 161, 74, 74, 0, 159, 2
1001, 264, 102, 97, 5, 257, 7
1002, 0, 141, 139, 2, 0, 0
1003, 3, 13, 12, 1, 3, 0
1004, 386, 140, 130, 10, 287, 99
1005, 201, 248, 131, 117, 80, 121
1006, 9, 236, 165, 71, 8, 1
1007, 0, 8, 5, 3, 0, 0
1008, 0, 1, 1, 0, 0, 0
1009, 0, 105, 84, 21, 0, 0
1010, 9, 35, 30, 5, 9, 0
1011, 198, 159, 115, 44, 198, 0
1012, 0, 1, 1, 0, 0, 0
1013, 202, 104, 100, 4, 202, 0
1014, 86, 23, 18, 5, 65, 21
1015, 32, 19, 18, 1, 23, 9
1016, 2, 46, 43, 3, 2, 0
1017, 34, 61, 58, 3, 34, 0
1018, 119, 151, 150, 1, 119, 0
1019, 2, 4, 4, 0, 2, 0
1020, 96, 10, 7, 3, 66, 30
1021, 32, 24, 19, 5, 6, 26
1022, 0, 15, 15, 0, 0, 0
1023, 1, 11, 10, 1, 1, 0
1024, 1, 139, 129, 10, 1, 0
1025, 7, 7, 6, 1, 6, 1
1026, 20, 22, 14, 8, 19, 1
1027, 26, 60, 53, 7, 12, 14
1028, 201, 166, 163, 3, 201, 0
1029, 31, 31, 30, 1, 30, 1
1030, 13, 163, 153, 10, 11, 2
1031, 162, 101, 88, 13, 162, 0
1032, 191, 191, 175, 16, 191, 0
1033, 9, 43, 37, 6, 9, 0
1034, 137, 161, 153, 8, 135, 2
1035, 238, 316, 306, 10, 233, 5
1036, 67, 77, 76, 1, 67, 0
1037, 33, 97, 88, 9, 20, 13
1038, 28, 47, 47, 0, 28, 0
1039, 9, 15, 10, 5, 4, 5
1040, 38, 29, 19, 10, 38, 0
1041, 26, 27, 23, 4, 22, 4
1042, 221, 298, 297, 1, 217, 4
1043, 45, 37, 37, 0, 45, 0
1044, 5, 12, 11, 1, 5, 0
1045, 0, 18, 10, 8, 0, 0
1046, 31, 22, 21, 1, 31, 0
1047, 1, 9, 8, 1, 1, 0
1048, 0, 10, 10, 0, 0, 0
1049, 51, 28, 22, 6, 45, 6
1050, 7, 299, 170, 129, 4, 3
1051, 53, 143, 134, 9, 28, 25
1052, 18, 1012, 921, 91, 17, 1
1053, 4, 13, 13, 0, 4, 0
1054, 20, 183, 160, 23, 10, 10
1055, 201, 208, 208, 0, 201, 0
1056, 183, 101, 98, 3, 181, 2
1057, 6, 19, 19, 0, 6, 0
1058, 2, 31, 27, 4, 2, 0
1059, 11, 6, 6, 0, 10, 1
1060, 0, 704, 643, 61, 0, 0
1061, 38, 22, 21, 1, 36, 2
1062, 0, 20, 19, 1, 0, 0
1063, 118, 149, 133, 16, 118, 0
1064, 72, 64, 39, 25, 72, 0
1065, 6, 19, 12, 7, 1, 5
1066, 22, 28, 22, 6, 22, 0
1067, 13, 53, 49, 4, 9, 4
1068, 65, 72, 66, 6, 65, 0
1069, 111, 62, 59, 3, 111, 0
1070, 194, 218, 209, 9, 194, 0
1071, 1, 110, 109, 1, 1, 0
1072, 283, 81, 76, 5, 255, 28
1073, 52, 63, 58, 5, 50, 2
1074, 7, 48, 35, 13, 5, 2
1075, 200, 172, 144, 28, 160, 40
1076, 2, 132, 118, 14, 2, 0
1077, 8, 26, 24, 2, 8, 0
1078, 109, 54, 51, 3, 97, 12
1079, 200, 90, 83, 7, 186, 14
1080, 8, 20, 19, 1, 8, 0
1081, 1, 4, 3, 1, 1, 0
1082, 81, 33, 31, 2, 80, 1
1083, 36, 65, 59, 6, 30, 6
1084, 15, 4, 4, 0, 15, 0
1085, 1, 62, 49, 13, 1, 0
1086, 43, 71, 42, 29, 32, 11
1087, 401, 244, 243, 1, 401, 0
1088, 176, 244, 235, 9, 176, 0
1089, 0, 34, 28, 6, 0, 0
1090, 6, 16, 14, 2, 4, 2
1091, 39, 16, 15, 1, 37, 2
1092, 0, 50, 37, 13, 0, 0
1093, 151, 475, 421, 54, 136, 15
1094, 83, 10, 8, 2, 80, 3
1095, 2, 11, 7, 4, 2, 0
1096, 0, 15, 13, 2, 0, 0
1097, 66, 29, 29, 0, 66, 0
1098, 9, 15, 13, 2, 9, 0
1099, 74, 46, 44, 2, 74, 0
1100, 4, 32, 29, 3, 0, 4
1101, 5, 11, 10, 1, 4, 1
1102, 0, 3, 3, 0, 0, 0
1103, 9, 146, 82, 64, 7, 2
1104, 1, 20, 16, 4, 1, 0
1105, 5, 459, 341, 118, 5, 0
1106, 5, 1, 1, 0, 5, 0
1107, 19, 49, 47, 2, 16, 3
1108, 0, 1, 1, 0, 0, 0
1109, 0, 9, 5, 4, 0, 0
1110, 114, 185, 180, 5, 100, 14
1111, 402, 316, 316, 0, 402, 0
1112, 0, 39, 35, 4, 0, 0
1113, 13, 18, 14, 4, 11, 2
1114, 5, 11, 10, 1, 5, 0
1115, 1, 14, 14, 0, 1, 0
1116, 38, 110, 79, 31, 31, 7
1117, 18, 46, 43, 3, 17, 1
1118, 0, 398, 339, 59, 0, 0
1119, 15, 89, 79, 10, 6, 9
1120, 108, 560, 536, 24, 104, 4
1121, 21, 133, 125, 8, 19, 2
1122, 1, 62, 43, 19, 1, 0
1123, 37, 42, 37, 5, 37, 0
1124, 1, 2, 1, 1, 0, 1
1125, 7, 528, 405, 123, 1, 6
1126, 90, 73, 72, 1, 90, 0
1127, 0, 59, 54, 5, 0, 0
1128, 114, 74, 72, 2, 112, 2
1129, 15, 22, 17, 5, 15, 0
1130, 140, 17, 11, 6, 136, 4
1131, 0, 3, 3, 0, 0, 0
1132, 0, 55, 31, 24, 0, 0
1133, 39, 143, 132, 11, 39, 0
1134, 52, 18, 14, 4, 52, 0
1135, 1, 39, 37, 2, 0, 1
1136, 130, 217, 196, 21, 130, 0
1137, 2, 19, 18, 1, 2, 0
1138, 26, 234, 227, 7, 25, 1
1139, 77, 50, 41, 9, 46, 31
1140, 5, 373, 341, 32, 4, 1
1141, 2, 32, 25, 7, 2, 0
1142, 3, 19, 16, 3, 2, 1
1143, 80, 460, 415, 45, 73, 7
1144, 133, 37, 36, 1, 133, 0
1145, 0, 4, 2, 2, 0, 0
1146, 217, 239, 232, 7, 208, 9
1147, 12, 17, 17, 0, 11, 1
1148, 111, 121, 116, 5, 102, 9
1149, 11, 14, 10, 4, 9, 2
1150, 141, 126, 123, 3, 141, 0
1151, 2, 3, 3, 0, 2, 0
1152, 2, 535, 397, 138, 2, 0
1153, 178, 152, 151, 1, 178, 0
1154, 2, 33, 31, 2, 2, 0
1155, 36, 17, 17, 0, 35, 1
1156, 4, 47, 39, 8, 4, 0
1157, 0, 14, 11, 3, 0, 0
1158, 4, 118, 51, 67, 4, 0
1159, 160, 165, 156, 9, 157, 3
1160, 2, 10, 8, 2, 2, 0
1161, 202, 163, 130, 33, 150, 52
1162, 58, 18, 17, 1, 58, 0
1163, 0, 2, 2, 0, 0, 0
1164, 26, 25, 14, 11, 18, 8
1165, 41, 106, 91, 15, 40, 1
1166, 1, 48, 37, 11, 0, 1
1167, 50, 26, 14, 12, 11, 39
1168, 0, 4, 4, 0, 0, 0
1169, 6, 7, 3, 4, 6, 0
1170, 3, 13, 13, 0, 3, 0
1171, 6, 9, 9, 0, 6, 0
1172, 2, 1, 1, 0, 0, 2
1173, 10, 221, 145, 76, 10, 0
1174, 18, 300, 253, 47, 15, 3
1175, 19, 29, 28, 1, 18, 1
1176, 136, 73, 69, 4, 134, 2
1177, 263, 166, 166, 0, 263, 0
1178, 0, 1, 1, 0, 0, 0
1179, 18, 38, 34, 4, 18, 0
1180, 10, 172, 161, 11, 10, 0
1181, 1, 4, 4, 0, 1, 0
1182, 0, 1, 1, 0, 0, 0
1183, 100, 333, 326, 7, 86, 14
1184, 13, 7, 6, 1, 11, 2
1185, 1, 7, 7, 0, 1, 0
1186, 2, 55, 45, 10, 0, 2
1187, 2, 122, 102, 20, 0, 2
1188, 177, 146, 132, 14, 167, 10
1189, 0, 240, 211, 29, 0, 0
1190, 12, 34, 28, 6, 12, 0
1191, 91, 79, 77, 2, 77, 14
1192, 107, 50, 48, 2, 102, 5
1193, 127, 131, 130, 1, 126, 1
1194, 19, 31, 30, 1, 18, 1
1195, 12, 30, 30, 0, 12, 0
1196, 0, 1, 1, 0, 0, 0
1197, 0, 1, 1, 0, 0, 0
1198, 97, 165, 149, 16, 97, 0
1199, 103, 95, 92, 3, 103, 0
1200, 84, 59, 56, 3, 84, 0
1201, 0, 298, 235, 63, 0, 0
1202, 0, 10, 9, 1, 0, 0
1203, 186, 222, 219, 3, 185, 1
1204, 3, 34, 28, 6, 3, 0
1205, 0, 15, 15, 0, 0, 0
1206, 6, 91, 69, 22, 4, 2
1207, 1, 11, 10, 1, 1, 0
1208, 48, 9, 5, 4, 10, 38
1209, 0, 9, 9, 0, 0, 0
1210, 153, 182, 159, 23, 153, 0
1211, 0, 8, 7, 1, 0, 0
1212, 23, 172, 158, 14, 22, 1
1213, 190, 181, 176, 5, 190, 0
1214, 0, 1, 1, 0, 0, 0
1215, 0, 5, 5, 0, 0, 0
1216, 7, 1, 1, 0, 7, 0
1217, 16, 57, 38, 19, 14, 2
1218, 8, 44, 35, 9, 5, 3
1219, 4, 54, 51, 3, 3, 1
1220, 30, 328, 305, 23, 15, 15
1221, 65, 44, 36, 8, 60, 5
1222, 32, 26, 24, 2, 31, 1
1223, 344, 148, 146, 2, 339, 5
1224, 86, 261, 241, 20, 81, 5
1225, 1, 1, 1, 0, 1, 0
1226, 235, 125, 121, 4, 235, 0
1227, 59, 114, 106, 8, 55, 4
1228, 36, 180, 154, 26, 36, 0
1229, 65, 6, 6, 0, 65, 0
1230, 0, 9, 8, 1, 0, 0
1231, 0, 5, 5, 0, 0, 0
1232, 0, 1, 1, 0, 0, 0
1233, 198, 192, 174, 18, 198, 0
1234, 107, 123, 120, 3, 105, 2
1235, 0, 7, 7, 0, 0, 0
1236, 40, 39, 35, 4, 40, 0
1237, 0, 167, 125, 42, 0, 0
1238, 0, 46, 43, 3, 0, 0
1239, 193, 631, 482, 149, 149, 44
1240, 200, 237, 138, 99, 44, 156
1241, 41, 296, 259, 37, 41, 0
1242, 2, 3, 1, 2, 2, 0
1243, 12, 57, 50, 7, 12, 0
1244, 106, 14, 2, 12, 0, 106
531, 208, 739, 254, 485, 58, 150
1245, 6, 63, 60, 3, 6, 0
1246, 0, 4, 4, 0, 0, 0
1247, 65, 411, 350, 61, 53, 12
1248, 0, 50, 27, 23, 0, 0
1249, 8, 90, 74, 16, 8, 0
1250, 1, 40, 26, 14, 0, 1
1251, 35, 147, 118, 29, 35, 0
1252, 74, 251, 148, 103, 72, 2
1253, 1, 70, 60, 10, 1, 0
1254, 3, 5, 4, 1, 3, 0
1255, 163, 43, 42, 1, 162, 1
1256, 37, 16, 14, 2, 25, 12
1257, 1, 1, 1, 0, 0, 1
1258, 4, 10, 10, 0, 4, 0
43, 10, 90, 87, 3, 10, 0
1259, 0, 2, 2, 0, 0, 0
1260, 0, 10, 10, 0, 0, 0
1261, 4, 4, 4, 0, 4, 0
1262, 0, 78, 72, 6, 0, 0
1263, 0, 3, 3, 0, 0, 0
1264, 61, 91, 80, 11, 61, 0
1265, 8, 12, 12, 0, 8, 0
1266, 47, 10, 10, 0, 47, 0
1267, 20, 21, 20, 1, 20, 0
1268, 48, 768, 661, 107, 48, 0
1269, 26, 145, 136, 9, 16, 10
1270, 0, 7, 7, 0, 0, 0
1271, 9, 3, 2, 1, 9, 0
1272, 0, 4, 4, 0, 0, 0
1273, 11, 58, 54, 4, 10, 1
1274, 0, 85, 85, 0, 0, 0
1275, 13, 3, 3, 0, 6, 7
1276, 1, 7, 7, 0, 1, 0
1277, 1, 1, 1, 0, 1, 0
1278, 173, 12, 11, 1, 169, 4
1279, 0, 10, 6, 4, 0, 0
1280, 2, 297, 125, 172, 2, 0
1281, 0, 9, 8, 1, 0, 0
1282, 0, 81, 80, 1, 0, 0
1283, 2, 1, 1, 0, 2, 0
1284, 0, 29, 22, 7, 0, 0
1285, 200, 61, 50, 11, 177, 23
1286, 3, 4, 4, 0, 3, 0
1287, 85, 95, 94, 1, 81, 4
1288, 23, 10, 9, 1, 19, 4
1289, 49, 48, 40, 8, 40, 9
1290, 1, 1, 1, 0, 1, 0
1291, 37, 27, 26, 1, 37, 0
1292, 0, 9, 7, 2, 0, 0
1293, 160, 1110, 1110, 0, 149, 11
1294, 0, 3, 3, 0, 0, 0
1295, 1, 26, 20, 6, 1, 0
1296, 1, 13, 12, 1, 1, 0
1297, 61, 141, 116, 25, 44, 17
1298, 7, 246, 204, 42, 6, 1
1299, 0, 23, 23, 0, 0, 0
1300, 29, 39, 34, 5, 29, 0
1301, 3, 9, 7, 2, 3, 0
1302, 7, 97, 84, 13, 5, 2
1303, 22, 8, 6, 2, 22, 0
1304, 10, 52, 32, 20, 9, 1
1305, 8, 102, 67, 35, 7, 1
1306, 203, 35, 32, 3, 203, 0
1307, 50, 76, 47, 29, 7, 43
1308, 10, 2, 1, 1, 7, 3
1309, 70, 20, 16, 4, 12, 58
1310, 201, 182, 89, 93, 118, 83
1311, 8, 129, 93, 36, 6, 2
1312, 0, 2, 1, 1, 0, 0
1313, 203, 193, 97, 96, 43, 160
1314, 0, 6, 0, 6, 0, 0
1315, 2, 9, 9, 0, 2, 0
100, 201, 297, 274, 23, 201, 0
159, 111, 121, 116, 5, 110, 1
245, 93, 276, 242, 34, 87, 6
510, 133, 39, 37, 2, 133, 0
1316, 0, 14, 14, 0, 0, 0
1317, 1, 3, 3, 0, 1, 0
1318, 1, 29, 26, 3, 1, 0
1319, 18, 84, 73, 11, 17, 1
1320, 0, 20, 19, 1, 0, 0
1321, 0, 80, 58, 22, 0, 0
1322, 28, 82, 81, 1, 28, 0
1323, 40, 109, 99, 10, 39, 1
1324, 326, 137, 136, 1, 326, 0
1325, 76, 6, 5, 1, 46, 30
1326, 3, 48, 40, 8, 2, 1
1327, 60, 47, 47, 0, 59, 1
1328, 5, 38, 31, 7, 5, 0
1329, 4, 41, 37, 4, 2, 2
1330, 0, 5, 4, 1, 0, 0
1331, 4, 15, 12, 3, 4, 0
1332, 188, 246, 208, 38, 145, 43
1333, 0, 1, 1, 0, 0, 0
1334, 0, 241, 191, 50, 0, 0
1335, 1, 19, 14, 5, 0, 1
1336, 35, 41, 30, 11, 24, 11
1337, 4, 28, 28, 0, 4, 0
1338, 2, 37, 37, 0, 2, 0
1339, 2, 3, 1, 2, 2, 0
1340, 58, 9, 9, 0, 58, 0
1341, 0, 37, 36, 1, 0, 0
1342, 153, 53, 46, 7, 133, 20
1343, 35, 67, 40, 27, 11, 24
1344, 140, 467, 239, 228, 130, 10
1345, 1, 2, 2, 0, 1, 0
1346, 157, 99, 99, 0, 157, 0
1347, 23, 22, 20, 2, 14, 9
1348, 3, 63, 50, 13, 3, 0
1349, 4, 14, 12, 2, 3, 1
1350, 152, 142, 139, 3, 152, 0
1351, 12, 15, 12, 3, 2, 10
1352, 4, 22, 16, 6, 4, 0
1353, 377, 147, 133, 14, 351, 26
1354, 0, 19, 17, 2, 0, 0
1355, 0, 94, 59, 35, 0, 0
1356, 0, 12, 7, 5, 0, 0
1357, 82, 121, 117, 4, 82, 0
1358, 4, 2, 2, 0, 2, 2
1359, 2, 29, 26, 3, 2, 0
1360, 0, 300, 188, 112, 0, 0
1361, 15, 147, 133, 14, 15, 0
1362, 31, 48, 45, 3, 29, 2
1363, 0, 2, 2, 0, 0, 0
1364, 0, 155, 118, 37, 0, 0
1365, 202, 57, 38, 19, 202, 0
1366, 0, 1, 1, 0, 0, 0
1367, 0, 2, 2, 0, 0, 0
1368, 43, 145, 90, 55, 31, 12
1369, 0, 28, 22, 6, 0, 0
1370, 93, 124, 107, 17, 90, 3
1371, 2, 115, 106, 9, 2, 0
1372, 0, 1, 1, 0, 0, 0
1373, 0, 45, 36, 9, 0, 0
1374, 16, 42, 39, 3, 15, 1
1375, 201, 34, 24, 10, 72, 129
1376, 3, 27, 25, 2, 1, 2
1377, 54, 80, 72, 8, 41, 13
1378, 8, 6, 5, 1, 5, 3
1379, 9, 65, 54, 11, 8, 1
1380, 0, 12, 10, 2, 0, 0
1381, 84, 52, 51, 1, 81, 3
1382, 82, 409, 351, 58, 12, 70
1383, 54, 13, 12, 1, 46, 8
1384, 0, 1, 1, 0, 0, 0
1385, 7, 6, 5, 1, 7, 0
1386, 8, 32, 21, 11, 2, 6
1387, 78, 100, 96, 4, 77, 1
1388, 0, 1, 1, 0, 0, 0
1389, 218, 320, 286, 34, 153, 65
1390, 4, 1, 1, 0, 4, 0
1391, 3, 75, 70, 5, 0, 3
1392, 202, 77, 76, 1, 202, 0
1393, 89, 144, 135, 9, 84, 5
1394, 0, 73, 71, 2, 0, 0
1395, 12, 65, 61, 4, 12, 0
1396, 1, 50, 41, 9, 1, 0
1397, 201, 40, 34, 6, 134, 67
1398, 35, 61, 48, 13, 25, 10
1399, 0, 36, 31, 5, 0, 0
1400, 66, 86, 52, 34, 29, 37
1401, 0, 19, 15, 4, 0, 0
1402, 29, 33, 27, 6, 28, 1
1403, 0, 45, 32, 13, 0, 0
1404, 82, 59, 42, 17, 61, 21
1405, 1, 38, 35, 3, 1, 0
1406, 132, 155, 145, 10, 132, 0
1407, 0, 1, 1, 0, 0, 0
1408, 1, 9, 7, 2, 1, 0
1409, 22, 17, 15, 2, 20, 2
1410, 0, 3, 3, 0, 0, 0
1411, 0, 4, 4, 0, 0, 0
1412, 44, 42, 42, 0, 44, 0
1413, 0, 29, 28, 1, 0, 0
1414, 1, 33, 23, 10, 1, 0
1415, 0, 20, 18, 2, 0, 0
1416, 0, 2, 2, 0, 0, 0
1417, 185, 407, 314, 93, 185, 0
1418, 71, 69, 59, 10, 71, 0
1419, 0, 2, 2, 0, 0, 0
1420, 61, 9, 9, 0, 57, 4
1421, 11, 42, 32, 10, 7, 4
1422, 0, 11, 10, 1, 0, 0
1423, 4, 70, 64, 6, 4, 0
1424, 2, 46, 42, 4, 2, 0
1425, 0, 1, 1, 0, 0, 0
1426, 76, 107, 80, 27, 2, 74
1427, 1, 20, 20, 0, 1, 0
1428, 7, 13, 12, 1, 7, 0
1429, 37, 100, 84, 16, 37, 0
1430, 0, 2, 1, 1, 0, 0
1431, 0, 5, 2, 3, 0, 0
1432, 0, 3, 2, 1, 0, 0
1433, 3, 12, 9, 3, 2, 1
1434, 30, 19, 16, 3, 29, 1
1435, 0, 29, 0, 29, 0, 0
1436, 0, 10, 3, 7, 0, 0
1437, 0, 3, 1, 2, 0, 0
1438, 20, 196, 66, 130, 18, 2
1439, 81, 243, 199, 44, 76, 5
1440, 0, 1, 0, 1, 0, 0
1441, 12, 110, 89, 21, 12, 0
36, 16, 24, 23, 1, 16, 0
57, 6, 22, 19, 3, 6, 0
108, 7, 11, 10, 1, 6, 1
143, 11, 7, 6, 1, 10, 1
145, 3, 4, 2, 2, 3, 0
146, 4, 7, 5, 2, 4, 0
147, 3, 7, 6, 1, 3, 0
1442, 0, 1, 1, 0, 0, 0
1443, 0, 1, 1, 0, 0, 0
1444, 0, 1, 1, 0, 0, 0
1445, 9, 31, 29, 2, 7, 2
1446, 0, 4, 4, 0, 0, 0
1447, 148, 205, 178, 27, 145, 3
1448, 13, 85, 72, 13, 13, 0
1449, 1, 2, 2, 0, 1, 0
1450, 36, 3, 3, 0, 10, 26
1451, 0, 7, 4, 3, 0, 0
1452, 15, 15, 10, 5, 14, 1
1453, 1, 6, 6, 0, 1, 0
1454, 7, 12, 7, 5, 6, 1
1455, 0, 20, 18, 2, 0, 0
1456, 6, 5, 4, 1, 6, 0
1457, 0, 2, 2, 0, 0, 0
1458, 0, 3, 3, 0, 0, 0
1459, 0, 7, 7, 0, 0, 0
1460, 9, 10, 9, 1, 9, 0
1461, 18, 70, 31, 39, 14, 4
1462, 7, 34, 20, 14, 7, 0
1463, 86, 134, 85, 49, 86, 0
1464, 0, 7, 4, 3, 0, 0
1465, 0, 34, 28, 6, 0, 0
1466, 3, 6, 4, 2, 3, 0
1467, 0, 2, 2, 0, 0, 0
1468, 202, 122, 70, 52, 196, 6
1469, 330, 108, 78, 30, 125, 205
1470, 3, 44, 29, 15, 3, 0
1471, 107, 130, 95, 35, 42, 65
1472, 16, 6, 2, 4, 9, 7
1473, 120, 57, 42, 15, 65, 55
1474, 2, 3, 2, 1, 1, 1
1475, 14, 25, 20, 5, 9, 5
1476, 39, 5, 2, 3, 15, 24
1477, 48, 1, 0, 1, 31, 17
1478, 7, 9, 6, 3, 3, 4
1479, 40, 49, 29, 20, 18, 22
1480, 40, 68, 49, 19, 30, 10
1481, 27, 7, 5, 2, 10, 17
1482, 29, 3, 0, 3, 23, 6
1483, 6, 47, 27, 20, 3, 3
1484, 363, 45, 36, 9, 164, 199
1485, 103, 303, 56, 247, 49, 54
1486, 14, 1, 0, 1, 9, 5
1487, 78, 47, 41, 6, 66, 12
1488, 10, 2, 1, 1, 2, 8
1489, 23, 5, 4, 1, 19, 4
1490, 201, 37, 16, 21, 3, 198
1491, 11, 2, 1, 1, 7, 4
1492, 42, 4, 3, 1, 19, 23
1493, 200, 25, 14, 11, 27, 173
1494, 186, 23, 17, 6, 98, 88
1495, 201, 63, 27, 36, 39, 162
1496, 22, 4, 3, 1, 9, 13
1497, 98, 19, 18, 1, 97, 1
1498, 201, 178, 77, 101, 151, 50
1499, 105, 10, 2, 8, 27, 78
1500, 20, 147, 131, 16, 16, 4
1501, 26, 11, 11, 0, 25, 1
1502, 0, 29, 29, 0, 0, 0
1503, 1, 1, 1, 0, 1, 0
1504, 110, 131, 117, 14, 110, 0
1505, 0, 67, 67, 0, 0, 0
1506, 2, 2, 1, 1, 1, 1
168, 35, 207, 161, 46, 31, 4
1528, 311, 166, 112, 54, 138, 173
1589, 4, 449, 254, 195, 2, 2
1723, 144, 279, 190, 89, 144, 0
1731, 4, 297, 239, 58, 4, 0
1762, 10, 67, 53, 14, 8, 2
1872, 44, 228, 128, 100, 41, 3
1881, 17, 71, 55, 16, 15, 2
1934, 34, 299, 272, 27, 34, 0
1964, 1, 281, 247, 34, 1, 0
2127, 45, 76, 46, 30, 45, 0
2358, 201, 281, 191, 90, 60, 141
2477, 15, 297, 160, 137, 15, 0
2488, 2, 120, 104, 16, 1, 1
2497, 125, 120, 111, 9, 106, 19
2731, 3, 165, 155, 10, 3, 0
2832, 0, 36, 26, 10, 0, 0
3052, 53, 96, 55, 41, 53, 0
3078, 199, 79, 44, 35, 4, 195
3110, 0, 88, 62, 26, 0, 0
3115, 34, 98, 76, 22, 28, 6
3295, 0, 213, 159, 54, 0, 0
3313, 0, 12, 8, 4, 0, 0
3323, 8, 23, 17, 6, 5, 3
3640, 30, 129, 69, 60, 23, 7
3781, 6, 91, 76, 15, 4, 2
3883, 1, 8, 5, 3, 1, 0
4096, 13, 318, 216, 102, 11, 2
4098, 203, 85, 48, 37, 114, 89
4370, 187, 155, 143, 12, 187, 0
4387, 196, 222, 127, 95, 196, 0
4865, 136, 110, 90, 20, 22, 114
5431, 38, 173, 77, 96, 31, 7
5766, 0, 28, 4, 24, 0, 0
6495, 0, 41, 41, 0, 0, 0
6850, 9, 256, 149, 107, 4, 5
6881, 78, 41, 26, 15, 6, 72
7687, 21, 160, 95, 65, 12, 9
7704, 0, 65, 65, 0, 0, 0
7940, 1, 26, 18, 8, 1, 0
8364, 0, 186, 186, 0, 0, 0
8365, 0, 11, 10, 1, 0, 0
8366, 0, 5, 4, 1, 0, 0
8367, 0, 25, 25, 0, 0, 0
8368, 53, 7, 7, 0, 43, 10
8369, 0, 7, 2, 5, 0, 0
8370, 5, 14, 14, 0, 5, 0
8371, 38, 18, 15, 3, 36, 2
8372, 3, 11, 7, 4, 3, 0
8373, 0, 1, 1, 0, 0, 0
8374, 0, 11, 7, 4, 0, 0
8375, 1, 3, 2, 1, 1, 0
8376, 12, 3, 2, 1, 12, 0
8377, 6, 13, 6, 7, 6, 0
8378, 0, 3, 1, 2, 0, 0
8379, 12, 65, 54, 11, 12, 0
8380, 0, 101, 84, 17, 0, 0
8381, 2, 27, 23, 4, 2, 0
8382, 4, 2, 1, 1, 1, 3
8383, 15, 8, 5, 3, 11, 4
8384, 6, 14, 9, 5, 4, 2
8385, 3, 3, 2, 1, 0, 3
8386, 0, 2, 1, 1, 0, 0
8387, 0, 1, 0, 1, 0, 0
8388, 38, 99, 50, 49, 17, 21
8389, 6, 36, 28, 8, 6, 0
8390, 17, 18, 10, 8, 16, 1
8391, 3, 2, 1, 1, 3, 0
8392, 55, 28, 21, 7, 45, 10
8393, 1, 28, 4, 24, 0, 1
8394, 9, 3, 1, 2, 4, 5
8395, 0, 54, 15, 39, 0, 0
1668, 33, 84, 43, 41, 31, 2
1793, 29, 106, 53, 53, 27, 2
1819, 156, 129, 101, 28, 104, 52
1877, 335, 249, 199, 50, 335, 0
1896, 0, 40, 21, 19, 0, 0
1921, 172, 124, 64, 60, 20, 152
1928, 75, 271, 121, 150, 66, 9
1929, 95, 190, 109, 81, 95, 0
2013, 4, 450, 204, 246, 4, 0
2205, 11, 146, 50, 96, 11, 0
2434, 2, 18, 13, 5, 2, 0
2973, 39, 126, 103, 23, 39, 0
3423, 0, 73, 43, 30, 0, 0
3491, 77, 140, 62, 78, 75, 2
3666, 2, 97, 74, 23, 2, 0
4891, 27, 46, 45, 1, 22, 5
5049, 18, 256, 125, 131, 16, 2
5244, 125, 96, 49, 47, 125, 0
5363, 49, 251, 70, 181, 48, 1
5464, 66, 41, 34, 7, 38, 28
5651, 207, 118, 59, 59, 188, 19
5789, 63, 91, 30, 61, 61, 2
6000, 1, 22, 22, 0, 1, 0
6012, 17, 52, 43, 9, 7, 10
6015, 84, 95, 31, 64, 64, 20
6112, 62, 112, 53, 59, 61, 1
6683, 140, 98, 82, 16, 31, 109
6771, 19, 109, 65, 44, 17, 2
6796, 57, 90, 58, 32, 54, 3
6955, 49, 58, 35, 23, 46, 3
7721, 118, 150, 107, 43, 112, 6
8281, 0, 14, 14, 0, 0, 0
8396, 0, 14, 10, 4, 0, 0
8397, 0, 35, 35, 0, 0, 0
8398, 0, 12, 7, 5, 0, 0
8399, 0, 1, 1, 0, 0, 0
8400, 0, 10, 9, 1, 0, 0
8401, 16, 11, 6, 5, 14, 2
8402, 36, 89, 48, 41, 32, 4
8403, 77, 63, 38, 25, 75, 2
8404, 3, 12, 5, 7, 3, 0
8405, 84, 26, 21, 5, 74, 10
8406, 0, 1, 1, 0, 0, 0
8407, 1, 29, 13, 16, 0, 1
8408, 0, 9, 7, 2, 0, 0
8409, 5, 19, 15, 4, 5, 0
8410, 16, 18, 17, 1, 11, 5
8411, 51, 48, 44, 4, 44, 7
8412, 0, 73, 59, 14, 0, 0
8413, 10, 12, 7, 5, 10, 0
32, 11, 8, 8, 0, 11, 0
34, 0, 12, 12, 0, 0, 0
35, 25, 369, 322, 47, 25, 0
37, 15, 96, 79, 17, 11, 4
38, 29, 106, 101, 5, 27, 2
39, 0, 10, 6, 4, 0, 0
40, 0, 16, 16, 0, 0, 0
42, 4, 11, 11, 0, 4, 0
45, 20, 48, 47, 1, 19, 1
46, 18, 8, 8, 0, 17, 1
3882, 0, 31, 27, 4, 0, 0
8414, 22, 3, 3, 0, 21, 1
8415, 0, 1, 1, 0, 0, 0
180, 342, 157, 144, 13, 342, 0
181, 0, 1, 1, 0, 0, 0
182, 62, 35, 29, 6, 62, 0
183, 99, 88, 83, 5, 99, 0
184, 8, 8, 8, 0, 8, 0
185, 88, 26, 23, 3, 71, 17
186, 2, 3, 3, 0, 2, 0
187, 10, 15, 9, 6, 9, 1
188, 6, 4, 3, 1, 5, 1
189, 9, 4, 4, 0, 9, 0
190, 11, 20, 20, 0, 11, 0
192, 102, 29, 23, 6, 16, 86
193, 0, 79, 79, 0, 0, 0
194, 68, 67, 54, 13, 45, 23
195, 26, 84, 75, 9, 26, 0
7052, 1, 2, 2, 0, 1, 0
7053, 11, 8, 7, 1, 8, 3
7054, 2, 2, 2, 0, 2, 0
7055, 10, 3, 3, 0, 10, 0
7056, 8, 3, 3, 0, 6, 2
7057, 0, 3, 3, 0, 0, 0
7058, 2, 3, 3, 0, 2, 0
7059, 3, 1, 1, 0, 3, 0
179, 0, 161, 13, 148, 0, 0
476, 115, 53, 51, 2, 54, 61
3871, 7, 73, 64, 9, 7, 0
4094, 4, 25, 10, 15, 4, 0
4391, 369, 38, 27, 11, 97, 272
5480, 202, 195, 176, 19, 182, 20
8416, 0, 6, 5, 1, 0, 0
8417, 16, 16, 14, 2, 10, 6
8418, 5, 8, 8, 0, 5, 0
8419, 1, 2, 2, 0, 1, 0
8420, 19, 30, 24, 6, 14, 5
8421, 1, 4, 4, 0, 1, 0
8422, 2, 32, 13, 19, 2, 0
2057, 0, 367, 342, 25, 0, 0
2356, 0, 19, 19, 0, 0, 0
2943, 0, 74, 73, 1, 0, 0
3229, 2, 43, 43, 0, 2, 0
4206, 1, 161, 161, 0, 1, 0
4258, 0, 99, 96, 3, 0, 0
5912, 1, 108, 107, 1, 1, 0
5986, 0, 17, 9, 8, 0, 0
6005, 0, 68, 66, 2, 0, 0
8423, 1, 1, 1, 0, 1, 0
8424, 0, 3, 3, 0, 0, 0
8425, 0, 2, 2, 0, 0, 0
2097, 0, 9, 9, 0, 0, 0
2099, 0, 20, 16, 4, 0, 0
2964, 26, 33, 26, 7, 16, 10
3035, 30, 30, 30, 0, 30, 0
4212, 0, 15, 14, 1, 0, 0
7411, 0, 42, 41, 1, 0, 0
7700, 2, 23, 23, 0, 2, 0
7711, 0, 21, 19, 2, 0, 0
8426, 1, 2, 1, 1, 1, 0
8427, 0, 10, 10, 0, 0, 0
8428, 4, 7, 7, 0, 4, 0
8429, 0, 1, 1, 0, 0, 0
8430, 4, 1, 1, 0, 4, 0
8431, 22, 106, 51, 55, 9, 13
8432, 0, 4, 4, 0, 0, 0
8433, 5, 8, 6, 2, 4, 1
3217, 213, 513, 336, 177, 201, 12
7821, 6, 123, 2, 121, 6, 0
8434, 11, 4, 4, 0, 11, 0
8435, 0, 19, 19, 0, 0, 0
8436, 26, 23, 23, 0, 19, 7
53, 203, 68, 55, 13, 52, 151
62, 187, 793, 616, 177, 160, 27
74, 110, 77, 51, 26, 78, 32
216, 65, 48, 21, 27, 53, 12
526, 103, 24, 20, 4, 98, 5
1895, 69, 142, 99, 43, 64, 5
1918, 28, 71, 39, 32, 27, 1
1919, 87, 85, 62, 23, 85, 2
1922, 16, 90, 54, 36, 16, 0
1923, 202, 238, 96, 142, 193, 9
1924, 2, 75, 40, 35, 2, 0
1935, 167, 503, 92, 411, 155, 12
1939, 171, 137, 67, 70, 171, 0
1951, 0, 42, 16, 26, 0, 0
2494, 75, 52, 43, 9, 71, 4
2518, 115, 232, 85, 147, 94, 21
2585, 19, 84, 62, 22, 13, 6
2619, 71, 125, 74, 51, 70, 1
2624, 26, 21, 13, 8, 16, 10
2631, 10, 196, 138, 58, 10, 0
2637, 57, 40, 24, 16, 52, 5
2640, 72, 126, 87, 39, 44, 28
2655, 52, 31, 24, 7, 47, 5
2659, 5, 46, 20, 26, 2, 3
2670, 39, 156, 90, 66, 37, 2
2676, 56, 153, 88, 65, 52, 4
2695, 120, 106, 67, 39, 116, 4
2891, 148, 126, 74, 52, 121, 27
2895, 145, 211, 70, 141, 127, 18
2919, 36, 65, 40, 25, 33, 3
2920, 142, 189, 150, 39, 134, 8
3004, 4, 22, 14, 8, 3, 1
3005, 40, 21, 6, 15, 40, 0
3006, 76, 32, 15, 17, 32, 44
3410, 3, 32, 17, 15, 0, 3
3445, 130, 38, 28, 10, 116, 14
3694, 48, 100, 38, 62, 43, 5
3759, 1, 53, 24, 29, 1, 0
3892, 1, 30, 26, 4, 1, 0
4003, 1, 152, 59, 93, 0, 1
4108, 34, 61, 35, 26, 34, 0
4109, 12, 32, 14, 18, 12, 0
4110, 33, 42, 19, 23, 28, 5
4691, 28, 83, 34, 49, 17, 11
4692, 18, 29, 20, 9, 13, 5
4693, 76, 74, 52, 22, 75, 1
4813, 37, 50, 38, 12, 31, 6
4892, 31, 25, 17, 8, 21, 10
4941, 110, 171, 87, 84, 110, 0
5052, 80, 55, 37, 18, 68, 12
5169, 53, 104, 54, 50, 51, 2
5266, 11, 43, 27, 16, 6, 5
5281, 25, 169, 61, 108, 21, 4
5301, 203, 64, 37, 27, 153, 50
5559, 21, 44, 15, 29, 18, 3
5564, 12, 78, 57, 21, 8, 4
5781, 123, 67, 45, 22, 122, 1
6208, 0, 93, 47, 46, 0, 0
6487, 0, 36, 8, 28, 0, 0
6619, 12, 18, 9, 9, 0, 12
6631, 62, 26, 11, 15, 29, 33
6802, 34, 46, 24, 22, 21, 13
6811, 0, 27, 19, 8, 0, 0
6813, 60, 53, 32, 21, 60, 0
6816, 76, 44, 21, 23, 32, 44
6905, 0, 15, 1, 14, 0, 0
6913, 10, 68, 19, 49, 10, 0
6953, 0, 32, 5, 27, 0, 0
6963, 23, 30, 17, 13, 22, 1
6964, 13, 20, 7, 13, 13, 0
6970, 38, 31, 17, 14, 36, 2
7040, 0, 39, 16, 23, 0, 0
7226, 0, 44, 15, 29, 0, 0
7503, 193, 24, 14, 10, 193, 0
7671, 0, 46, 30, 16, 0, 0
7681, 71, 27, 24, 3, 57, 14
7725, 2, 10, 1, 9, 1, 1
7731, 98, 46, 25, 21, 87, 11
7735, 21, 47, 25, 22, 21, 0
7737, 4, 44, 28, 16, 4, 0
7745, 31, 8, 6, 2, 30, 1
7930, 7, 13, 5, 8, 7, 0
7931, 1, 16, 9, 7, 1, 0
7933, 3, 33, 17, 16, 1, 2
7934, 6, 16, 7, 9, 5, 1
7938, 16, 17, 9, 8, 11, 5
7948, 30, 18, 8, 10, 29, 1
8247, 0, 29, 15, 14, 0, 0
8338, 136, 69, 21, 48, 61, 75
8351, 0, 27, 11, 16, 0, 0
8544, 103, 27, 14, 13, 99, 4
8545, 60, 13, 3, 10, 15, 45
8557, 0, 10, 4, 6, 0, 0
8558, 88, 53, 17, 36, 37, 51
8560, 1, 18, 8, 10, 1, 0
8731, 9, 53, 27, 26, 0, 9
10112, 12, 72, 24, 48, 9, 3
10903, 9, 15, 6, 9, 6, 3
10940, 0, 3, 0, 3, 0, 0
10941, 0, 6, 1, 5, 0, 0
10942, 0, 24, 17, 7, 0, 0
10943, 0, 4, 0, 4, 0, 0
10944, 0, 10, 0, 10, 0, 0
10945, 2, 21, 13, 8, 2, 0
10946, 34, 49, 33, 16, 16, 18
10947, 0, 18, 15, 3, 0, 0
10948, 0, 9, 6, 3, 0, 0
10949, 3, 5, 1, 4, 3, 0
10950, 0, 2, 0, 2, 0, 0
10951, 0, 4, 0, 4, 0, 0
10952, 0, 12, 6, 6, 0, 0
10953, 32, 40, 30, 10, 15, 17
10954, 0, 3, 1, 2, 0, 0
10955, 17, 10, 4, 6, 2, 15
10956, 24, 23, 16, 7, 24, 0
10957, 3, 8, 5, 3, 2, 1
10958, 23, 17, 10, 7, 19, 4
10959, 4, 5, 1, 4, 3, 1
10960, 6, 6, 2, 4, 6, 0
10961, 6, 13, 7, 6, 5, 1
10962, 1, 5, 1, 4, 0, 1
10963, 0, 2, 0, 2, 0, 0
10964, 0, 12, 3, 9, 0, 0
10965, 68, 22, 5, 17, 18, 50
10966, 1, 5, 2, 3, 1, 0
10967, 0, 7, 3, 4, 0, 0
10968, 13, 7, 1, 6, 13, 0
10969, 0, 3, 1, 2, 0, 0
10970, 0, 6, 2, 4, 0, 0
10971, 3, 13, 6, 7, 2, 1
10972, 0, 7, 2, 5, 0, 0
10973, 31, 16, 11, 5, 22, 9
10974, 17, 10, 6, 4, 10, 7
10975, 0, 3, 1, 2, 0, 0
10976, 0, 5, 3, 2, 0, 0
10977, 0, 2, 0, 2, 0, 0
10978, 132, 22, 9, 13, 0, 132
10979, 0, 3, 1, 2, 0, 0
10980, 13, 20, 12, 8, 10, 3
10981, 2, 8, 1, 7, 1, 1
10982, 2, 4, 2, 2, 2, 0
10983, 0, 9, 6, 3, 0, 0
10984, 25, 14, 2, 12, 0, 25
10985, 4, 13, 4, 9, 3, 1
10986, 0, 10, 6, 4, 0, 0
10987, 8, 34, 20, 14, 8, 0
10988, 3, 2, 0, 2, 2, 1
10989, 1, 7, 2, 5, 0, 1
10990, 25, 16, 8, 8, 24, 1
10991, 5, 8, 5, 3, 4, 1
10992, 0, 2, 0, 2, 0, 0
10993, 4, 26, 23, 3, 4, 0
4833, 0, 164, 163, 1, 0, 0
6778, 22, 11, 6, 5, 21, 1
6779, 14, 6, 6, 0, 14, 0
6780, 4, 10, 10, 0, 4, 0
501, 22, 463, 406, 57, 22, 0
1710, 0, 169, 120, 49, 0, 0
1894, 87, 29, 12, 17, 59, 28
1945, 29, 41, 28, 13, 27, 2
1950, 16, 118, 84, 34, 14, 2
1993, 3, 16, 9, 7, 1, 2
2055, 0, 10, 2, 8, 0, 0
2084, 0, 6, 2, 4, 0, 0
2102, 65, 74, 65, 9, 65, 0
2108, 197, 326, 266, 60, 0, 197
2204, 19, 28, 9, 19, 11, 8
2580, 156, 55, 54, 1, 155, 1
2594, 8, 11, 0, 11, 6, 2
2595, 0, 21, 0, 21, 0, 0
2633, 118, 193, 123, 70, 118, 0
3079, 25, 70, 34, 36, 18, 7
3173, 46, 96, 89, 7, 46, 0
3373, 3, 110, 98, 12, 3, 0
3415, 0, 147, 78, 69, 0, 0
3736, 0, 4, 3, 1, 0, 0
3791, 1, 5, 3, 2, 1, 0
3811, 78, 41, 30, 11, 28, 50
3974, 72, 166, 90, 76, 72, 0
4237, 3, 25, 21, 4, 1, 2
4294, 4, 3, 2, 1, 3, 1
4793, 88, 47, 22, 25, 88, 0
4926, 1, 53, 39, 14, 1, 0
5168, 3, 26, 13, 13, 3, 0
5170, 1, 43, 25, 18, 0, 1
5171, 0, 16, 8, 8, 0, 0
5276, 79, 49, 23, 26, 78, 1
5316, 147, 64, 32, 32, 130, 17
5660, 25, 27, 22, 5, 12, 13
5800, 61, 49, 37, 12, 46, 15
6020, 0, 13, 8, 5, 0, 0
6024, 41, 64, 47, 17, 33, 8
6090, 4, 51, 44, 7, 4, 0
6411, 0, 7, 6, 1, 0, 0
6902, 24, 54, 24, 30, 20, 4
7361, 1, 16, 12, 4, 1, 0
7384, 4, 11, 11, 0, 4, 0
7478, 1, 76, 26, 50, 1, 0
7689, 4, 22, 15, 7, 3, 1
7724, 31, 49, 31, 18, 28, 3
8352, 0, 170, 170, 0, 0, 0
8749, 0, 14, 9, 5, 0, 0
10306, 48, 36, 29, 7, 40, 8
10441, 4, 6, 4, 2, 4, 0
10488, 1, 25, 14, 11, 1, 0
10994, 0, 48, 48, 0, 0, 0
10995, 0, 1, 1, 0, 0, 0
10996, 4, 7, 4, 3, 4, 0
10997, 23, 2, 2, 0, 21, 2
10998, 0, 54, 28, 26, 0, 0
10999, 7, 22, 16, 6, 6, 1
11000, 92, 37, 34, 3, 81, 11
11001, 0, 16, 12, 4, 0, 0
11002, 0, 1, 1, 0, 0, 0
11003, 34, 5, 4, 1, 34, 0
11004, 1, 1, 1, 0, 1, 0
11005, 0, 6, 6, 0, 0, 0
11006, 3, 12, 11, 1, 3, 0
11007, 2, 13, 11, 2, 1, 1
11008, 0, 16, 8, 8, 0, 0
11009, 0, 1, 0, 1, 0, 0
11010, 0, 2, 1, 1, 0, 0
11011, 0, 1, 0, 1, 0, 0
11012, 1, 2, 0, 2, 1, 0
11013, 0, 3, 1, 2, 0, 0
11014, 0, 1, 0, 1, 0, 0
11015, 30, 15, 13, 2, 30, 0
11016, 2, 1, 0, 1, 1, 1
11017, 33, 54, 38, 16, 30, 3
11018, 0, 1, 0, 1, 0, 0
11019, 0, 2, 0, 2, 0, 0
11020, 203, 23, 11, 12, 199, 4
11021, 4, 21, 12, 9, 2, 2
11022, 0, 2, 1, 1, 0, 0
11023, 0, 2, 1, 1, 0, 0
11024, 4, 6, 2, 4, 4, 0
11025, 20, 4, 2, 2, 19, 1
11026, 0, 2, 1, 1, 0, 0
11027, 0, 1, 0, 1, 0, 0
11028, 9, 13, 5, 8, 6, 3
11029, 1, 3, 1, 2, 1, 0
11030, 5, 8, 5, 3, 3, 2
11031, 14, 23, 15, 8, 6, 8
11032, 3, 10, 2, 8, 0, 3
11033, 18, 8, 3, 5, 0, 18
11034, 0, 5, 3, 2, 0, 0
11035, 0, 1, 0, 1, 0, 0
11036, 16, 21, 11, 10, 9, 7
11037, 0, 2, 1, 1, 0, 0
11038, 29, 4, 1, 3, 1, 28
11039, 0, 1, 0, 1, 0, 0
11040, 1, 6, 2, 4, 1, 0
11041, 0, 1, 0, 1, 0, 0
11042, 0, 28, 20, 8, 0, 0
11043, 0, 2, 1, 1, 0, 0
11044, 189, 22, 16, 6, 187, 2
11045, 14, 24, 17, 7, 0, 14
11046, 2, 5, 1, 4, 1, 1
11047, 4, 3, 1, 2, 4, 0
11048, 0, 4, 1, 3, 0, 0
11049, 5, 7, 5, 2, 3, 2
11050, 0, 3, 1, 2, 0, 0
11051, 0, 1, 0, 1, 0, 0
11052, 1, 3, 2, 1, 1, 0
11053, 0, 9, 6, 3, 0, 0
11054, 7, 17, 6, 11, 1, 6
11055, 0, 47, 24, 23, 0, 0
11056, 0, 8, 3, 5, 0, 0
11057, 1, 7, 5, 2, 1, 0
11058, 185, 58, 41, 17, 185, 0
11059, 6, 5, 2, 3, 3, 3
11060, 8, 7, 2, 5, 3, 5
11061, 1, 9, 1, 8, 0, 1
11062, 0, 15, 8, 7, 0, 0
11063, 7, 7, 2, 5, 6, 1
11064, 2, 5, 3, 2, 2, 0
11065, 1, 33, 5, 28, 1, 0
11066, 2, 5, 2, 3, 2, 0
11067, 7, 4, 1, 3, 5, 2
11068, 4, 7, 2, 5, 4, 0
11069, 0, 6, 2, 4, 0, 0
11070, 0, 3, 1, 2, 0, 0
11071, 35, 8, 2, 6, 20, 15
104, 0, 4, 4, 0, 0, 0
105, 2, 9, 8, 1, 2, 0
106, 0, 2, 2, 0, 0, 0
107, 2, 187, 162, 25, 0, 2
109, 138, 18, 10, 8, 43, 95
110, 0, 3, 3, 0, 0, 0
112, 149, 601, 519, 82, 149, 0
113, 28, 23, 15, 8, 14, 14
115, 0, 53, 48, 5, 0, 0
116, 0, 2, 2, 0, 0, 0
117, 0, 3, 3, 0, 0, 0
119, 24, 87, 73, 14, 24, 0
121, 0, 20, 20, 0, 0, 0
122, 0, 1, 1, 0, 0, 0
123, 32, 13, 11, 2, 31, 1
124, 0, 1, 1, 0, 0, 0
126, 0, 1, 0, 1, 0, 0
4675, 46, 30, 27, 3, 38, 8
11072, 19, 13, 13, 0, 18, 1
11073, 4, 11, 10, 1, 4, 0
11074, 0, 6, 6, 0, 0, 0
11075, 2, 3, 3, 0, 2, 0
11076, 7, 3, 3, 0, 7, 0
11077, 0, 1, 1, 0, 0, 0
2029, 0, 94, 88, 6, 0, 0
3251, 10, 96, 81, 15, 8, 2
4665, 0, 5, 5, 0, 0, 0
6293, 8, 10, 8, 2, 7, 1
7093, 5, 8, 8, 0, 4, 1
7200, 14, 14, 12, 2, 14, 0
9763, 12, 32, 30, 2, 12, 0
11078, 0, 4, 4, 0, 0, 0
11079, 0, 3, 3, 0, 0, 0
11080, 32, 16, 16, 0, 29, 3
11081, 0, 3, 3, 0, 0, 0
11082, 0, 2, 2, 0, 0, 0
11083, 0, 1, 1, 0, 0, 0
61, 17, 57, 54, 3, 15, 2
63, 30, 25, 23, 2, 30, 0
64, 12, 10, 10, 0, 7, 5
65, 14, 29, 27, 2, 12, 2
68, 173, 84, 50, 34, 142, 31
72, 157, 166, 160, 6, 157, 0
73, 18, 48, 47, 1, 18, 0
77, 0, 4, 3, 1, 0, 0
78, 0, 6, 4, 2, 0, 0
82, 8, 8, 8, 0, 8, 0
84, 0, 7, 7, 0, 0, 0
86, 0, 279, 279, 0, 0, 0
89, 67, 89, 78, 11, 53, 14
91, 17, 8, 7, 1, 16, 1
93, 12, 15, 14, 1, 12, 0
96, 27, 52, 46, 6, 24, 3
97, 149, 192, 149, 43, 149, 0
99, 5, 24, 19, 5, 5, 0
102, 1, 28, 21, 7, 1, 0
277, 15, 345, 324, 21, 12, 3
2173, 116, 183, 165, 18, 110, 6
4263, 93, 13, 12, 1, 67, 26
5323, 93, 22, 20, 2, 90, 3
5617, 2, 104, 82, 22, 2, 0
5933, 15, 13, 13, 0, 15, 0
11520, 15, 12, 3, 9, 15, 0
19329, 0, 17, 17, 0, 0, 0
23849, 31, 21, 9, 12, 30, 1
26500, 0, 2, 1, 1, 0, 0
26501, 32, 12, 11, 1, 11, 21
26502, 10, 15, 15, 0, 10, 0
26503, 0, 2, 2, 0, 0, 0
1544, 3, 692, 633, 59, 3, 0
1664, 26, 106, 47, 59, 2, 24
1665, 0, 5, 3, 2, 0, 0
1803, 0, 117, 58, 59, 0, 0
1823, 19, 11, 11, 0, 18, 1
1830, 2, 113, 59, 54, 2, 0
1835, 3, 85, 72, 13, 2, 1
1840, 4, 29, 22, 7, 3, 1
1890, 16, 39, 34, 5, 16, 0
1981, 1, 38, 33, 5, 0, 1
2002, 36, 162, 108, 54, 33, 3
2004, 0, 16, 4, 12, 0, 0
2065, 202, 156, 128, 28, 126, 76
2403, 0, 33, 27, 6, 0, 0
2406, 0, 349, 188, 161, 0, 0
2451, 401, 118, 114, 4, 401, 0
2493, 44, 28, 28, 0, 44, 0
2532, 14, 55, 39, 16, 7, 7
2889, 83, 79, 68, 11, 79, 4
2930, 203, 130, 122, 8, 203, 0
2989, 186, 46, 44, 2, 166, 20
3186, 1, 80, 70, 10, 1, 0
3303, 0, 43, 30, 13, 0, 0
3516, 16, 28, 23, 5, 12, 4
3698, 63, 22, 16, 6, 63, 0
3819, 1, 28, 22, 6, 1, 0
3912, 0, 41, 27, 14, 0, 0
4049, 0, 16, 8, 8, 0, 0
4088, 6, 25, 19, 6, 6, 0
4117, 62, 40, 37, 3, 59, 3
4451, 98, 185, 114, 71, 52, 46
4758, 0, 25, 17, 8, 0, 0
4999, 70, 43, 43, 0, 67, 3
5011, 0, 39, 27, 12, 0, 0
5187, 27, 50, 32, 18, 13, 14
5205, 2, 20, 9, 11, 2, 0
5245, 0, 12, 8, 4, 0, 0
5300, 18, 85, 79, 6, 15, 3
5370, 2, 7, 3, 4, 2, 0
5426, 65, 15, 15, 0, 64, 1
5526, 1, 121, 99, 22, 1, 0
5594, 0, 9, 4, 5, 0, 0
5657, 8, 73, 64, 9, 8, 0
5740, 3, 36, 35, 1, 3, 0
5923, 0, 83, 73, 10, 0, 0
5951, 36, 16, 15, 1, 35, 1
5956, 10, 29, 29, 0, 10, 0
6050, 20, 38, 30, 8, 18, 2
6313, 42, 63, 44, 19, 30, 12
7013, 0, 3, 3, 0, 0, 0
7127, 0, 30, 26, 4, 0, 0
7514, 22, 40, 25, 15, 9, 13
7595, 76, 52, 38, 14, 33, 43
7778, 5, 58, 55, 3, 4, 1
7855, 17, 29, 29, 0, 13, 4
9024, 6, 11, 8, 3, 6, 0
9381, 16, 47, 43, 4, 4, 12
9430, 5, 40, 40, 0, 5, 0
9501, 32, 32, 25, 7, 24, 8
9637, 2, 26, 15, 11, 2, 0
9840, 1, 13, 10, 3, 1, 0
10420, 1, 26, 18, 8, 0, 1
10777, 0, 26, 14, 12, 0, 0
10796, 28, 67, 42, 25, 12, 16
11115, 20, 73, 52, 21, 10, 10
11177, 6, 7, 4, 3, 6, 0
11189, 0, 18, 14, 4, 0, 0
11197, 0, 27, 20, 7, 0, 0
11324, 0, 14, 8, 6, 0, 0
11954, 1, 143, 74, 69, 1, 0
12459, 0, 34, 27, 7, 0, 0
12521, 0, 4, 3, 1, 0, 0
12545, 9, 12, 8, 4, 1, 8
12645, 69, 31, 26, 5, 58, 11
12831, 72, 42, 38, 4, 50, 22
12869, 15, 21, 19, 2, 15, 0
12918, 32, 20, 11, 9, 17, 15
13256, 0, 9, 8, 1, 0, 0
13443, 18, 9, 7, 2, 16, 2
13929, 1, 9, 9, 0, 0, 1
13949, 6, 37, 23, 14, 4, 2
14485, 4, 22, 21, 1, 4, 0
14671, 14, 3, 2, 1, 13, 1
14694, 202, 27, 18, 9, 106, 96
14763, 53, 27, 25, 2, 43, 10
14840, 29, 5, 5, 0, 27, 2
14899, 3, 2, 2, 0, 3, 0
15713, 0, 19, 18, 1, 0, 0
15724, 0, 9, 8, 1, 0, 0
15994, 0, 40, 19, 21, 0, 0
16018, 3, 8, 5, 3, 3, 0
16119, 28, 4, 4, 0, 28, 0
16656, 14, 28, 28, 0, 14, 0
16723, 12, 7, 5, 2, 12, 0
16849, 0, 6, 6, 0, 0, 0
17028, 19, 16, 13, 3, 14, 5
17176, 0, 10, 10, 0, 0, 0
18509, 1, 4, 1, 3, 0, 1
19392, 4, 16, 12, 4, 4, 0
19427, 0, 14, 13, 1, 0, 0
19773, 0, 7, 5, 2, 0, 0
20381, 7, 7, 5, 2, 6, 1
20555, 35, 15, 10, 5, 24, 11
21043, 0, 5, 4, 1, 0, 0
23450, 10, 16, 9, 7, 9, 1
24836, 1, 7, 4, 3, 0, 1
25253, 1, 5, 4, 1, 1, 0
25301, 37, 6, 6, 0, 37, 0
25671, 17, 22, 17, 5, 12, 5
26450, 1, 3, 2, 1, 0, 1
26504, 0, 7, 4, 3, 0, 0
26505, 8, 18, 17, 1, 8, 0
26506, 23, 2, 2, 0, 23, 0
26507, 2, 6, 4, 2, 1, 1
26508, 0, 2, 2, 0, 0, 0
26509, 5, 2, 1, 1, 4, 1
26510, 0, 3, 3, 0, 0, 0
26511, 0, 3, 2, 1, 0, 0
26512, 24, 3, 3, 0, 24, 0
26513, 10, 7, 7, 0, 9, 1
26514, 0, 2, 1, 1, 0, 0
26515, 0, 1, 1, 0, 0, 0
26516, 10, 7, 6, 1, 10, 0
26517, 2, 4, 3, 1, 0, 2
26518, 57, 10, 7, 3, 53, 4
26519, 0, 1, 1, 0, 0, 0
26520, 2, 1, 1, 0, 2, 0
26521, 0, 3, 3, 0, 0, 0
26522, 20, 7, 7, 0, 20, 0
26523, 26, 22, 21, 1, 13, 13
26524, 0, 9, 9, 0, 0, 0
26525, 0, 1, 1, 0, 0, 0
26526, 0, 2, 2, 0, 0, 0
26527, 26, 15, 12, 3, 25, 1
26528, 0, 8, 3, 5, 0, 0
26529, 4, 1, 1, 0, 4, 0
26530, 12, 13, 8, 5, 10, 2
26531, 0, 1, 1, 0, 0, 0
26532, 19, 2, 2, 0, 15, 4
26533, 20, 2, 2, 0, 20, 0
26534, 3, 2, 2, 0, 2, 1
26535, 0, 3, 1, 2, 0, 0
26536, 3, 2, 2, 0, 3, 0
26537, 0, 16, 7, 9, 0, 0
26538, 17, 9, 7, 2, 12, 5
26539, 1, 2, 1, 1, 1, 0
26540, 0, 15, 8, 7, 0, 0
26541, 0, 19, 11, 8, 0, 0
3068, 246, 89, 75, 14, 223, 23
3436, 29, 6, 4, 2, 25, 4
3588, 151, 23, 22, 1, 147, 4
4320, 0, 37, 24, 13, 0, 0
4443, 4, 140, 120, 20, 0, 4
5539, 47, 5, 5, 0, 47, 0
6180, 42, 21, 19, 2, 39, 3
8944, 2, 6, 5, 1, 2, 0
9235, 405, 75, 62, 13, 345, 60
10473, 378, 36, 32, 4, 228, 150
11338, 110, 58, 45, 13, 88, 22
13658, 5, 7, 5, 2, 4, 1
15205, 43, 6, 6, 0, 24, 19
15219, 196, 18, 11, 7, 100, 96
15909, 54, 12, 7, 5, 31, 23
19394, 196, 22, 16, 6, 126, 70
21320, 13, 8, 7, 1, 13, 0
21956, 21, 7, 6, 1, 20, 1
21985, 92, 11, 10, 1, 61, 31
26542, 3, 1, 1, 0, 1, 2
26543, 0, 3, 3, 0, 0, 0
26544, 5, 3, 3, 0, 5, 0
26545, 3, 5, 4, 1, 2, 1
26546, 1, 2, 2, 0, 1, 0
26547, 16, 3, 3, 0, 8, 8
3702, 8, 137, 134, 3, 7, 1
3720, 14, 140, 127, 13, 12, 2
6398, 13, 64, 51, 13, 11, 2
12228, 0, 8, 3, 5, 0, 0
26548, 0, 3, 3, 0, 0, 0
26549, 0, 7, 5, 2, 0, 0
26550, 0, 4, 4, 0, 0, 0
26551, 0, 1, 0, 1, 0, 0
26552, 0, 1, 0, 1, 0, 0
4045, 48, 34, 23, 11, 38, 10
4255, 144, 44, 30, 14, 51, 93
5441, 113, 76, 45, 31, 40, 73
22125, 50, 18, 18, 0, 50, 0
25222, 0, 4, 3, 1, 0, 0
26553, 0, 1, 1, 0, 0, 0
26554, 0, 1, 1, 0, 0, 0
26555, 0, 3, 1, 2, 0, 0
26556, 1, 1, 1, 0, 1, 0
26557, 0, 1, 1, 0, 0, 0
26558, 0, 1, 1, 0, 0, 0
26559, 4, 7, 2, 5, 4, 0
162, 74, 39, 39, 0, 74, 0
1847, 201, 147, 110, 37, 174, 27
1849, 203, 172, 131, 41, 202, 1
1864, 68, 82, 81, 1, 68, 0
2115, 210, 176, 172, 4, 210, 0
2200, 106, 123, 107, 16, 78, 28
2516, 22, 35, 34, 1, 17, 5
2528, 102, 119, 114, 5, 100, 2
2540, 51, 51, 48, 3, 50, 1
2541, 179, 163, 158, 5, 179, 0
2542, 163, 89, 89, 0, 161, 2
2549, 81, 80, 80, 0, 81, 0
2558, 46, 68, 67, 1, 30, 16
2565, 17, 97, 85, 12, 16, 1
2587, 143, 59, 58, 1, 143, 0
4361, 32, 39, 39, 0, 32, 0
4367, 73, 99, 98, 1, 73, 0
4386, 204, 106, 106, 0, 195, 9
5629, 41, 23, 20, 3, 41, 0
6435, 58, 21, 21, 0, 52, 6
148, 34, 40, 38, 2, 31, 3
156, 0, 20, 20, 0, 0, 0
175, 95, 75, 66, 9, 93, 2
266, 27, 172, 157, 15, 27, 0
417, 5, 16, 13, 3, 5, 0
465, 3, 25, 23, 2, 2, 1
1552, 13, 41, 19, 22, 10, 3
1585, 171, 58, 57, 1, 154, 17
1609, 3, 53, 46, 7, 3, 0
1631, 0, 241, 126, 115, 0, 0
1695, 77, 113, 111, 2, 76, 1
1701, 55, 534, 491, 43, 55, 0
1736, 95, 72, 61, 11, 95, 0
1812, 157, 35, 35, 0, 154, 3
1838, 63, 68, 67, 1, 63, 0
1839, 0, 34, 34, 0, 0, 0
1848, 40, 13, 13, 0, 38, 2
1860, 39, 38, 34, 4, 31, 8
1869, 201, 68, 63, 5, 184, 17
1879, 0, 214, 206, 8, 0, 0
1960, 82, 42, 38, 4, 68, 14
1991, 62, 40, 26, 14, 62, 0
2001, 54, 40, 33, 7, 16, 38
2083, 21, 26, 23, 3, 14, 7
2105, 2, 8, 6, 2, 2, 0
2141, 169, 63, 63, 0, 165, 4
2186, 19, 22, 19, 3, 19, 0
2220, 24, 198, 144, 54, 24, 0
2225, 200, 60, 40, 20, 92, 108
2284, 0, 145, 104, 41, 0, 0
2364, 156, 157, 138, 19, 107, 49
2375, 0, 56, 56, 0, 0, 0
2423, 17, 126, 88, 38, 17, 0
2440, 0, 94, 79, 15, 0, 0
2491, 12, 7, 6, 1, 11, 1
2496, 21, 8, 8, 0, 19, 2
2498, 46, 32, 29, 3, 39, 7
2500, 62, 29, 24, 5, 62, 0
2510, 139, 64, 62, 2, 130, 9
2511, 75, 76, 76, 0, 75, 0
2515, 128, 110, 107, 3, 126, 2
2519, 17, 34, 29, 5, 13, 4
2520, 50, 41, 41, 0, 49, 1
2527, 38, 18, 18, 0, 37, 1
2529, 57, 44, 44, 0, 57, 0
2533, 68, 34, 34, 0, 65, 3
2536, 1, 174, 141, 33, 1, 0
2538, 48, 46, 32, 14, 25, 23
2548, 79, 71, 69, 2, 79, 0
2554, 26, 14, 12, 2, 26, 0
2555, 46, 115, 112, 3, 46, 0
2557, 116, 65, 59, 6, 111, 5
2571, 210, 155, 155, 0, 210, 0
2577, 236, 122, 121, 1, 229, 7
2581, 211, 49, 47, 2, 211, 0
2586, 42, 143, 139, 4, 42, 0
2589, 36, 31, 31, 0, 32, 4
2608, 13, 17, 9, 8, 12, 1
2654, 34, 36, 35, 1, 34, 0
2714, 256, 29, 28, 1, 254, 2
2784, 244, 354, 298, 56, 187, 57
2797, 123, 262, 166, 96, 83, 40
2829, 159, 65, 62, 3, 133, 26
2939, 46, 30, 28, 2, 45, 1
3121, 7, 49, 27, 22, 0, 7
3160, 400, 243, 236, 7, 330, 70
3407, 0, 5, 4, 1, 0, 0
3726, 29, 10, 10, 0, 29, 0
3743, 80, 27, 25, 2, 77, 3
3749, 132, 81, 68, 13, 108, 24
3771, 41, 50, 44, 6, 36, 5
3850, 6, 94, 81, 13, 6, 0
3890, 0, 58, 50, 8, 0, 0
3897, 201, 74, 58, 16, 104, 97
3958, 37, 137, 96, 41, 28, 9
4348, 16, 13, 12, 1, 15, 1
4360, 25, 25, 24, 1, 23, 2
4368, 69, 74, 69, 5, 67, 2
4375, 133, 70, 70, 0, 106, 27
4380, 30, 12, 12, 0, 30, 0
4388, 35, 52, 52, 0, 35, 0
4446, 0, 7, 5, 2, 0, 0
4562, 87, 54, 50, 4, 87, 0
4571, 74, 19, 18, 1, 73, 1
4575, 137, 92, 83, 9, 137, 0
4838, 124, 14, 13, 1, 116, 8
4868, 130, 57, 51, 6, 130, 0
4910, 5, 19, 17, 2, 5, 0
4988, 7, 6, 6, 0, 7, 0
5041, 95, 30, 27, 3, 93, 2
5096, 387, 93, 83, 10, 387, 0
5210, 87, 49, 40, 9, 56, 31
5296, 19, 12, 9, 3, 16, 3
5400, 202, 33, 30, 3, 185, 17
5407, 13, 15, 10, 5, 11, 2
5422, 0, 5, 5, 0, 0, 0
5566, 163, 59, 56, 3, 163, 0
5623, 107, 23, 19, 4, 74, 33
5652, 157, 36, 31, 5, 113, 44
5738, 20, 50, 40, 10, 20, 0
5742, 0, 17, 15, 2, 0, 0
5812, 36, 14, 12, 2, 34, 2
5830, 7, 14, 14, 0, 7, 0
6040, 3, 11, 9, 2, 3, 0
6299, 2, 24, 16, 8, 2, 0
6945, 109, 43, 37, 6, 73, 36
7130, 23, 43, 41, 2, 19, 4
7473, 5, 16, 9, 7, 5, 0
7477, 0, 26, 20, 6, 0, 0
7489, 0, 18, 14, 4, 0, 0
7617, 30, 31, 30, 1, 27, 3
7722, 11, 9, 7, 2, 10, 1
7723, 14, 39, 28, 11, 11, 3
7843, 4, 17, 17, 0, 4, 0
7894, 40, 29, 28, 1, 39, 1
7994, 0, 11, 10, 1, 0, 0
8077, 21, 105, 95, 10, 21, 0
8203, 289, 28, 28, 0, 267, 22
8262, 17, 13, 13, 0, 17, 0
8482, 236, 35, 32, 3, 110, 126
8501, 20, 46, 44, 2, 16, 4
8508, 3, 49, 48, 1, 3, 0
8577, 11, 55, 39, 16, 6, 5
8695, 13, 24, 14, 10, 13, 0
9389, 51, 36, 32, 4, 44, 7
9411, 15, 12, 12, 0, 15, 0
9436, 7, 14, 14, 0, 7, 0
9497, 33, 14, 14, 0, 33, 0
9811, 77, 17, 11, 6, 38, 39
9874, 0, 17, 15, 2, 0, 0
9991, 44, 17, 17, 0, 44, 0
9999, 14, 20, 20, 0, 14, 0
10245, 0, 6, 5, 1, 0, 0
10398, 13, 18, 12, 6, 10, 3
11146, 7, 22, 9, 13, 1, 6
11162, 27, 20, 17, 3, 19, 8
11163, 179, 31, 27, 4, 179, 0
11164, 0, 1, 1, 0, 0, 0
11165, 3, 3, 2, 1, 3, 0
11166, 53, 18, 14, 4, 49, 4
11167, 2, 24, 24, 0, 2, 0
11168, 7, 12, 9, 3, 6, 1
11169, 5, 10, 9, 1, 5, 0
11170, 1, 2, 2, 0, 1, 0
11171, 2, 6, 5, 1, 2, 0
11172, 0, 3, 3, 0, 0, 0
11173, 15, 14, 11, 3, 11, 4
11174, 12, 8, 8, 0, 12, 0
11175, 2, 1, 1, 0, 2, 0
11176, 1, 2, 2, 0, 1, 0
11178, 0, 1, 1, 0, 0, 0
11179, 164, 17, 14, 3, 53, 111
11180, 18, 9, 9, 0, 12, 6
11181, 0, 1, 1, 0, 0, 0
11182, 0, 2, 2, 0, 0, 0
11183, 7, 5, 4, 1, 7, 0
11184, 1, 1, 1, 0, 1, 0
11185, 0, 7, 6, 1, 0, 0
11186, 2, 6, 5, 1, 2, 0
11187, 0, 1, 1, 0, 0, 0
11188, 0, 1, 1, 0, 0, 0
11190, 7, 8, 8, 0, 7, 0
11191, 0, 6, 4, 2, 0, 0
11192, 1, 5, 2, 3, 1, 0
11193, 0, 5, 3, 2, 0, 0
11194, 11, 7, 6, 1, 11, 0
11195, 0, 20, 16, 4, 0, 0
11196, 27, 26, 18, 8, 26, 1
11198, 0, 6, 6, 0, 0, 0
11199, 7, 8, 7, 1, 7, 0
11200, 20, 13, 8, 5, 10, 10
11201, 0, 1, 1, 0, 0, 0
11202, 0, 1, 1, 0, 0, 0
11203, 1, 18, 15, 3, 1, 0
11204, 0, 1, 1, 0, 0, 0
11205, 21, 9, 9, 0, 18, 3
11206, 16, 15, 8, 7, 16, 0
11207, 0, 2, 1, 1, 0, 0
11208, 0, 21, 21, 0, 0, 0
11209, 6, 3, 3, 0, 6, 0
11210, 32, 17, 8, 9, 32, 0
11211, 3, 3, 2, 1, 2, 1
11212, 0, 2, 2, 0, 0, 0
11213, 0, 3, 3, 0, 0, 0
11214, 43, 4, 3, 1, 43, 0
11215, 1, 2, 2, 0, 1, 0
11216, 0, 2, 2, 0, 0, 0
11217, 201, 32, 31, 1, 201, 0
11218, 2, 2, 2, 0, 2, 0
11219, 139, 26, 18, 8, 8, 131
11220, 7, 3, 3, 0, 7, 0
11221, 2, 16, 14, 2, 2, 0
11222, 91, 16, 16, 0, 85, 6
11223, 27, 7, 7, 0, 12, 15
11224, 3, 4, 4, 0, 3, 0
11225, 5, 10, 9, 1, 5, 0
11226, 0, 1, 1, 0, 0, 0
11227, 63, 21, 16, 5, 42, 21
11228, 0, 1, 1, 0, 0, 0
11229, 59, 32, 26, 6, 39, 20
11230, 6, 8, 7, 1, 3, 3
11231, 0, 2, 2, 0, 0, 0
11232, 21, 4, 2, 2, 21, 0
11233, 16, 6, 6, 0, 16, 0
11234, 3, 2, 2, 0, 3, 0
11235, 0, 1, 1, 0, 0, 0
11236, 0, 4, 3, 1, 0, 0
11237, 17, 34, 30, 4, 16, 1
11238, 0, 41, 32, 9, 0, 0
11239, 36, 15, 12, 3, 28, 8
11240, 7, 14, 10, 4, 5, 2
11241, 0, 9, 8, 1, 0, 0
11242, 105, 21, 16, 5, 39, 66
11243, 46, 4, 4, 0, 45, 1
11244, 22, 17, 15, 2, 14, 8
11245, 10, 10, 10, 0, 10, 0
11246, 15, 4, 4, 0, 14, 1
11247, 2, 2, 2, 0, 2, 0
11248, 13, 4, 4, 0, 8, 5
11249, 22, 38, 35, 3, 22, 0
11250, 9, 8, 8, 0, 8, 1
11251, 1, 1, 1, 0, 1, 0
11252, 13, 7, 7, 0, 13, 0
11253, 0, 1, 1, 0, 0, 0
11254, 0, 23, 21, 2, 0, 0
11255, 0, 8, 0, 8, 0, 0
11256, 1, 43, 1, 42, 1, 0
11257, 0, 1, 0, 1, 0, 0
11258, 11, 33, 23, 10, 6, 5
11259, 0, 18, 9, 9, 0, 0
11260, 5, 12, 1, 11, 0, 5
11261, 0, 3, 2, 1, 0, 0
161, 115, 387, 318, 69, 80, 35
330, 189, 328, 294, 34, 189, 0
362, 123, 110, 110, 0, 120, 3
539, 93, 223, 175, 48, 80, 13
1522, 0, 210, 103, 107, 0, 0
1561, 12, 27, 22, 5, 6, 6
1574, 155, 166, 146, 20, 153, 2
1782, 77, 34, 29, 5, 75, 2
1785, 2, 49, 47, 2, 2, 0
1870, 185, 46, 44, 2, 144, 41
1988, 201, 134, 104, 30, 146, 55
2068, 77, 107, 68, 39, 43, 34
2079, 103, 381, 293, 88, 89, 14
2238, 8, 673, 524, 149, 8, 0
2348, 3, 20, 19, 1, 3, 0
2393, 10, 30, 27, 3, 9, 1
2530, 13, 32, 26, 6, 12, 1
2711, 62, 53, 43, 10, 56, 6
2811, 97, 143, 110, 33, 72, 25
2820, 1, 208, 149, 59, 0, 1
2826, 13, 129, 122, 7, 12, 1
2839, 16, 33, 27, 6, 13, 3
2849, 29, 11, 11, 0, 29, 0
2904, 0, 128, 119, 9, 0, 0
2915, 0, 91, 81, 10, 0, 0
2921, 0, 105, 76, 29, 0, 0
2976, 5, 63, 53, 10, 4, 1
3026, 32, 139, 130, 9, 32, 0
3228, 0, 132, 128, 4, 0, 0
3248, 77, 139, 86, 53, 37, 40
3265, 0, 13, 4, 9, 0, 0
3288, 4, 58, 36, 22, 4, 0
3310, 28, 20, 19, 1, 25, 3
3358, 0, 121, 67, 54, 0, 0
3496, 0, 27, 26, 1, 0, 0
3829, 1, 64, 52, 12, 1, 0
3887, 34, 80, 68, 12, 29, 5
4413, 27, 106, 65, 41, 25, 2
4477, 2, 22, 8, 14, 2, 0
4642, 15, 93, 35, 58, 10, 5
4733, 167, 47, 41, 6, 162, 5
4742, 5, 5, 5, 0, 5, 0
4759, 186, 103, 63, 40, 129, 57
4802, 28, 89, 74, 15, 16, 12
4908, 0, 108, 77, 31, 0, 0
5320, 4, 60, 51, 9, 4, 0
5489, 0, 3, 1, 2, 0, 0
5870, 12, 60, 26, 34, 1, 11
5959, 126, 201, 189, 12, 120, 6
5975, 20, 29, 22, 7, 19, 1
6133, 5, 233, 196, 37, 4, 1
6189, 7, 40, 31, 9, 7, 0
6192, 13, 62, 54, 8, 7, 6
6195, 8, 42, 34, 8, 8, 0
6215, 32, 82, 80, 2, 30, 2
6647, 82, 11, 9, 2, 75, 7
6674, 0, 21, 19, 2, 0, 0
6741, 4, 7, 5, 2, 4, 0
6787, 1, 16, 13, 3, 1, 0
6891, 0, 30, 27, 3, 0, 0
6907, 55, 33, 12, 21, 36, 19
7183, 0, 10, 7, 3, 0, 0
7588, 12, 116, 76, 40, 8, 4
7615, 202, 109, 51, 58, 44, 158
7645, 63, 98, 36, 62, 17, 46
7781, 3, 46, 32, 14, 3, 0
8030, 0, 24, 18, 6, 0, 0
8145, 0, 24, 21, 3, 0, 0
8252, 0, 11, 11, 0, 0, 0
8465, 56, 18, 18, 0, 56, 0
8480, 65, 22, 21, 1, 60, 5
8679, 21, 29, 20, 9, 19, 2
9427, 0, 62, 62, 0, 0, 0
9485, 0, 36, 26, 10, 0, 0
9717, 14, 49, 29, 20, 7, 7
10176, 23, 91, 41, 50, 22, 1
10256, 84, 33, 29, 4, 53, 31
10392, 60, 24, 16, 8, 47, 13
11426, 36, 86, 72, 14, 27, 9
11851, 0, 31, 26, 5, 0, 0
12481, 0, 47, 40, 7, 0, 0
12717, 0, 47, 46, 1, 0, 0
12833, 0, 17, 17, 0, 0, 0
12914, 1, 47, 38, 9, 0, 1
13358, 0, 12, 9, 3, 0, 0
13610, 32, 22, 21, 1, 32, 0
15042, 30, 30, 27, 3, 30, 0
15321, 0, 39, 31, 8, 0, 0
15400, 72, 30, 21, 9, 67, 5
15469, 3, 4, 3, 1, 3, 0
15875, 44, 13, 9, 4, 41, 3
15892, 28, 18, 13, 5, 28, 0
18030, 5, 13, 2, 11, 5, 0
18214, 0, 53, 32, 21, 0, 0
18915, 34, 33, 29, 4, 21, 13
19387, 0, 13, 10, 3, 0, 0
19474, 62, 59, 44, 15, 49, 13
19500, 0, 14, 10, 4, 0, 0
20084, 7, 8, 7, 1, 7, 0
20462, 3, 4, 4, 0, 3, 0
21104, 8, 10, 10, 0, 8, 0
21196, 15, 14, 13, 1, 14, 1
21721, 0, 23, 3, 20, 0, 0
22358, 0, 2, 2, 0, 0, 0
22717, 3, 14, 14, 0, 3, 0
22949, 0, 40, 34, 6, 0, 0
23153, 4, 24, 14, 10, 3, 1
24429, 45, 20, 16, 4, 37, 8
24455, 3, 5, 5, 0, 3, 0
24607, 11, 12, 7, 5, 7, 4
26560, 0, 2, 2, 0, 0, 0
26561, 0, 2, 2, 0, 0, 0
26562, 0, 2, 2, 0, 0, 0
26563, 0, 1, 1, 0, 0, 0
26564, 0, 3, 3, 0, 0, 0
26565, 0, 4, 3, 1, 0, 0
26566, 2, 10, 7, 3, 2, 0
26567, 7, 3, 3, 0, 1, 6
26568, 6, 15, 14, 1, 6, 0
26569, 7, 9, 8, 1, 7, 0
26570, 0, 4, 3, 1, 0, 0
26571, 0, 3, 3, 0, 0, 0
26572, 0, 16, 10, 6, 0, 0
26573, 0, 4, 4, 0, 0, 0
26574, 0, 11, 3, 8, 0, 0
26575, 0, 1, 0, 1, 0, 0
26576, 0, 13, 6, 7, 0, 0
26577, 0, 5, 0, 5, 0, 0
26578, 6, 6, 3, 3, 6, 0
26579, 0, 1, 0, 1, 0, 0
26580, 0, 3, 0, 3, 0, 0
258, 102, 94, 93, 1, 101, 1
497, 92, 72, 66, 6, 56, 36
558, 59, 35, 25, 10, 49, 10
572, 71, 52, 46, 6, 53, 18
1756, 0, 102, 100, 2, 0, 0
1832, 200, 102, 95, 7, 200, 0
1858, 99, 151, 115, 36, 94, 5
2061, 140, 92, 90, 2, 126, 14
2111, 154, 67, 63, 4, 152, 2
2133, 21, 82, 79, 3, 21, 0
2172, 63, 136, 133, 3, 63, 0
2275, 0, 6, 6, 0, 0, 0
2280, 148, 481, 312, 169, 120, 28
2415, 69, 339, 211, 128, 53, 16
2481, 17, 60, 56, 4, 16, 1
2499, 1, 4, 4, 0, 1, 0
2503, 75, 163, 130, 33, 75, 0
2506, 237, 198, 164, 34, 230, 7
2508, 51, 26, 26, 0, 48, 3
2522, 58, 101, 100, 1, 57, 1
2525, 18, 26, 24, 2, 17, 1
2535, 25, 20, 17, 3, 20, 5
2537, 88, 53, 53, 0, 85, 3
2546, 34, 31, 31, 0, 34, 0
2562, 118, 80, 80, 0, 118, 0
2591, 122, 84, 84, 0, 121, 1
2592, 79, 76, 76, 0, 77, 2
2767, 189, 62, 55, 7, 112, 77
2927, 200, 97, 88, 9, 200, 0
3059, 58, 44, 37, 7, 57, 1
3256, 1, 36, 31, 5, 0, 1
3417, 127, 143, 87, 56, 111, 16
3526, 97, 42, 42, 0, 97, 0
3560, 34, 18, 18, 0, 34, 0
3574, 99, 31, 31, 0, 99, 0
3594, 156, 86, 85, 1, 156, 0
3794, 66, 213, 194, 19, 62, 4
3904, 77, 44, 30, 14, 56, 21
4354, 16, 60, 54, 6, 15, 1
4854, 50, 10, 10, 0, 49, 1
4942, 4, 55, 45, 10, 2, 2
5111, 203, 48, 48, 0, 203, 0
5179, 117, 105, 97, 8, 117, 0
5214, 50, 61, 51, 10, 50, 0
5852, 18, 27, 18, 9, 16, 2
6271, 14, 14, 13, 1, 14, 0
6344, 113, 50, 34, 16, 84, 29
6361, 204, 24, 21, 3, 188, 16
6729, 8, 72, 33, 39, 7, 1
6829, 68, 62, 62, 0, 68, 0
7551, 31, 42, 41, 1, 31, 0
7591, 53, 16, 16, 0, 36, 17
7602, 57, 31, 30, 1, 51, 6
7627, 4, 2, 1, 1, 3, 1
7651, 1, 9, 7, 2, 1, 0
7863, 4, 6, 6, 0, 3, 1
7876, 40, 29, 28, 1, 40, 0
8738, 175, 82, 60, 22, 82, 93
8781, 97, 35, 35, 0, 97, 0
9264, 94, 147, 117, 30, 83, 11
9512, 202, 38, 32, 6, 202, 0
9971, 24, 10, 10, 0, 24, 0
11801, 14, 2, 2, 0, 14, 0
12322, 27, 7, 6, 1, 17, 10
12335, 8, 2, 2, 0, 8, 0
13081, 197, 93, 54, 39, 125, 72
13434, 70, 17, 12, 5, 38, 32
13494, 1, 6, 5, 1, 0, 1
14964, 5, 3, 3, 0, 5, 0
15320, 53, 10, 10, 0, 51, 2
15363, 33, 5, 5, 0, 33, 0
16110, 30, 2, 2, 0, 16, 14
16628, 2, 2, 2, 0, 1, 1
16978, 0, 27, 25, 2, 0, 0
17304, 1, 14, 9, 5, 1, 0
17422, 97, 57, 50, 7, 97, 0
18658, 0, 21, 14, 7, 0, 0
19501, 13, 28, 17, 11, 6, 7
19642, 2, 4, 4, 0, 2, 0
21484, 16, 8, 8, 0, 16, 0
21619, 22, 4, 3, 1, 17, 5
26180, 0, 1, 1, 0, 0, 0
26181, 1, 2, 2, 0, 1, 0
26182, 10, 4, 4, 0, 10, 0
26183, 1, 2, 2, 0, 1, 0
26184, 12, 4, 4, 0, 8, 4
26185, 0, 1, 1, 0, 0, 0
26186, 14, 1, 1, 0, 14, 0
26187, 3, 1, 1, 0, 3, 0
26188, 9, 6, 6, 0, 7, 2
26189, 15, 2, 2, 0, 13, 2
26190, 23, 3, 1, 2, 15, 8
26191, 3, 6, 5, 1, 3, 0
26192, 0, 1, 1, 0, 0, 0
26193, 0, 11, 7, 4, 0, 0
1829, 142, 298, 238, 60, 138, 4
2146, 101, 105, 82, 23, 59, 42
2468, 116, 123, 119, 4, 110, 6
2583, 175, 186, 179, 7, 175, 0
3601, 203, 27, 21, 6, 110, 93
4549, 15, 76, 66, 10, 12, 3
4956, 402, 135, 118, 17, 402, 0
5206, 0, 25, 25, 0, 0, 0
8929, 14, 21, 21, 0, 14, 0
9977, 119, 67, 66, 1, 112, 7
26581, 19, 4, 3, 1, 18, 1
26582, 0, 1, 1, 0, 0, 0
1536, 369, 209, 204, 5, 369, 0
1635, 402, 347, 115, 232, 2, 400
1850, 172, 29, 29, 0, 172, 0
2042, 14, 139, 126, 13, 8, 6
2322, 2, 48, 48, 0, 2, 0
2505, 79, 80, 80, 0, 79, 0
2513, 32, 35, 35, 0, 32, 0
2523, 80, 128, 118, 10, 79, 1
2563, 118, 66, 65, 1, 118, 0
2570, 94, 94, 90, 4, 92, 2
2573, 164, 92, 92, 0, 164, 0
2593, 59, 59, 59, 0, 59, 0
2796, 62, 48, 45, 3, 61, 1
2890, 7, 35, 31, 4, 7, 0
2898, 156, 32, 31, 1, 149, 7
3888, 54, 19, 19, 0, 49, 5
4905, 57, 32, 26, 6, 57, 0
5069, 129, 28, 16, 12, 57, 72
5202, 52, 24, 22, 2, 51, 1
5218, 32, 10, 10, 0, 31, 1
5332, 54, 27, 24, 3, 40, 14
5764, 9, 26, 21, 5, 9, 0
6167, 202, 218, 163, 55, 89, 113
6638, 201, 75, 70, 5, 201, 0
6826, 184, 50, 47, 3, 184, 0
6946, 56, 60, 60, 0, 56, 0
7580, 303, 17, 17, 0, 303, 0
7626, 202, 50, 38, 12, 185, 17
7649, 22, 6, 5, 1, 22, 0
7850, 56, 19, 17, 2, 56, 0
7858, 87, 41, 41, 0, 87, 0
7870, 6, 5, 5, 0, 6, 0
7887, 16, 22, 22, 0, 16, 0
7888, 36, 70, 68, 2, 36, 0
7893, 2, 16, 16, 0, 1, 1
7964, 88, 42, 42, 0, 88, 0
8526, 71, 6, 6, 0, 69, 2
9968, 6, 22, 22, 0, 6, 0
10450, 51, 10, 10, 0, 51, 0
13179, 32, 40, 29, 11, 32, 0
15976, 47, 6, 6, 0, 41, 6
16718, 0, 13, 13, 0, 0, 0
17588, 114, 13, 13, 0, 91, 23
20416, 35, 46, 44, 2, 35, 0
20693, 1, 1, 1, 0, 1, 0
20694, 10, 5, 5, 0, 10, 0
20695, 1, 13, 11, 2, 1, 0
20696, 0, 3, 3, 0, 0, 0
20697, 35, 6, 5, 1, 24, 11
20698, 1, 1, 1, 0, 1, 0
20699, 8, 2, 2, 0, 6, 2
1677, 20, 21, 12, 9, 13, 7
1843, 90, 101, 93, 8, 87, 3
2806, 253, 64, 45, 19, 137, 116
3855, 89, 28, 27, 1, 89, 0
3894, 202, 113, 113, 0, 195, 7
4341, 202, 12, 7, 5, 102, 100
4346, 74, 35, 35, 0, 74, 0
4396, 195, 51, 48, 3, 195, 0
4744, 32, 5, 5, 0, 29, 3
4986, 128, 17, 11, 6, 98, 30
5021, 17, 21, 17, 4, 15, 2
5970, 101, 25, 23, 2, 100, 1
6178, 21, 46, 41, 5, 20, 1
7854, 201, 19, 19, 0, 192, 9
7941, 117, 26, 24, 2, 84, 33
7946, 144, 53, 51, 2, 120, 24
9214, 21, 65, 52, 13, 21, 0
9388, 63, 44, 41, 3, 59, 4
9846, 50, 10, 10, 0, 46, 4
9966, 41, 10, 10, 0, 41, 0
9970, 21, 2, 2, 0, 21, 0
12338, 16, 5, 5, 0, 15, 1
12908, 39, 8, 8, 0, 36, 3
13841, 15, 8, 8, 0, 15, 0
14149, 71, 8, 7, 1, 70, 1
16106, 30, 3, 3, 0, 23, 7
16853, 201, 7, 5, 2, 58, 143
16877, 82, 19, 15, 4, 45, 37
17654, 43, 3, 3, 0, 37, 6
19712, 6, 10, 8, 2, 6, 0
20033, 122, 12, 12, 0, 120, 2
20772, 27, 4, 4, 0, 27, 0
26583, 19, 5, 4, 1, 19, 0
26584, 0, 4, 4, 0, 0, 0
26585, 19, 1, 1, 0, 17, 2
26586, 1, 2, 2, 0, 1, 0
26587, 0, 1, 1, 0, 0, 0
26588, 17, 2, 1, 1, 16, 1
26589, 2, 2, 2, 0, 2, 0
26590, 17, 6, 6, 0, 10, 7
26591, 5, 2, 2, 0, 5, 0
26592, 1, 1, 1, 0, 1, 0
26593, 8, 1, 1, 0, 5, 3
5460, 105, 26, 24, 2, 96, 9
10616, 0, 45, 45, 0, 0, 0
12623, 1, 7, 7, 0, 1, 0
14345, 0, 43, 36, 7, 0, 0
26594, 0, 1, 1, 0, 0, 0
26595, 1, 1, 1, 0, 1, 0
1650, 87, 299, 235, 64, 78, 9
1659, 7, 46, 8, 38, 7, 0
1802, 0, 158, 18, 140, 0, 0
2363, 8, 110, 55, 55, 8, 0
2450, 0, 55, 52, 3, 0, 0
2623, 0, 53, 51, 2, 0, 0
2686, 43, 58, 28, 30, 42, 1
2879, 10, 208, 189, 19, 10, 0
3536, 8, 256, 197, 59, 8, 0
3617, 99, 249, 97, 152, 74, 25
3687, 4, 57, 10, 47, 1, 3
5369, 35, 70, 22, 48, 25, 10
5446, 25, 94, 91, 3, 25, 0
5988, 50, 20, 12, 8, 48, 2
6022, 0, 29, 28, 1, 0, 0
6732, 38, 122, 29, 93, 30, 8
6990, 88, 124, 117, 7, 88, 0
7009, 5, 15, 11, 4, 5, 0
7539, 0, 98, 98, 0, 0, 0
7713, 36, 28, 15, 13, 36, 0
8470, 9, 39, 37, 2, 3, 6
12225, 5, 19, 11, 8, 4, 1
13119, 15, 91, 21, 70, 11, 4
14124, 5, 5, 3, 2, 3, 2
15394, 0, 2, 1, 1, 0, 0
22399, 20, 21, 7, 14, 20, 0
22490, 1, 5, 3, 2, 1, 0
22494, 5, 4, 0, 4, 4, 1
23350, 25, 9, 7, 2, 25, 0
23513, 2, 1, 0, 1, 2, 0
25646, 0, 1, 1, 0, 0, 0
25647, 0, 1, 1, 0, 0, 0
25648, 0, 7, 4, 3, 0, 0
25649, 0, 1, 1, 0, 0, 0
25650, 0, 1, 1, 0, 0, 0
25651, 0, 1, 1, 0, 0, 0
25652, 16, 3, 2, 1, 5, 11
25653, 9, 10, 9, 1, 9, 0
25654, 0, 3, 2, 1, 0, 0
25655, 0, 1, 1, 0, 0, 0
25656, 24, 5, 4, 1, 24, 0
25657, 5, 1, 0, 1, 5, 0
25658, 1, 1, 0, 1, 1, 0
25659, 15, 3, 2, 1, 15, 0
25660, 0, 1, 0, 1, 0, 0
25661, 1, 5, 3, 2, 1, 0
25662, 1, 3, 2, 1, 1, 0
2168, 201, 30, 30, 0, 201, 0
2564, 36, 23, 23, 0, 36, 0
3224, 4, 21, 19, 2, 4, 0
3450, 72, 44, 21, 23, 67, 5
3704, 65, 13, 13, 0, 64, 1
4273, 48, 7, 7, 0, 47, 1
4363, 69, 35, 31, 4, 66, 3
5701, 10, 10, 10, 0, 10, 0
6827, 27, 26, 21, 5, 26, 1
6908, 124, 23, 21, 2, 95, 29
7708, 0, 41, 40, 1, 0, 0
7902, 6, 13, 13, 0, 6, 0
7929, 3, 3, 3, 0, 1, 2
9989, 0, 7, 7, 0, 0, 0
9995, 20, 17, 17, 0, 20, 0
12204, 5, 5, 3, 2, 4, 1
15534, 13, 11, 11, 0, 13, 0
16692, 13, 15, 12, 3, 5, 8
16812, 22, 7, 5, 2, 22, 0
18051, 60, 3, 3, 0, 56, 4
21384, 13, 7, 7, 0, 13, 0
21843, 17, 23, 22, 1, 14, 3
21945, 1, 2, 2, 0, 1, 0
21971, 34, 5, 5, 0, 34, 0
21972, 0, 1, 1, 0, 0, 0
21973, 1, 2, 2, 0, 1, 0
21974, 1, 1, 1, 0, 1, 0
21975, 1, 1, 1, 0, 1, 0
21976, 3, 4, 4, 0, 3, 0
21977, 4, 1, 1, 0, 4, 0
21978, 9, 1, 1, 0, 9, 0
21979, 22, 4, 2, 2, 14, 8
21980, 23, 2, 2, 0, 18, 5
21981, 0, 4, 4, 0, 0, 0
21982, 2, 1, 1, 0, 2, 0
2567, 15, 11, 11, 0, 15, 0
26596, 54, 1, 1, 0, 54, 0
1702, 9, 169, 161, 8, 9, 0
1755, 205, 158, 76, 82, 105, 100
1915, 59, 79, 79, 0, 59, 0
2101, 72, 44, 41, 3, 66, 6
2104, 90, 48, 38, 10, 8, 82
2288, 41, 41, 41, 0, 37, 4
2492, 16, 11, 10, 1, 16, 0
2495, 5, 9, 8, 1, 5, 0
2501, 20, 44, 43, 1, 17, 3
2502, 25, 52, 47, 5, 25, 0
2504, 3, 5, 3, 2, 3, 0
2507, 7, 8, 8, 0, 6, 1
2509, 3, 4, 3, 1, 3, 0
2512, 67, 40, 33, 7, 66, 1
2514, 79, 53, 40, 13, 79, 0
2517, 0, 38, 38, 0, 0, 0
2521, 11, 11, 11, 0, 11, 0
2524, 128, 68, 43, 25, 128, 0
2526, 6, 26, 25, 1, 6, 0
2531, 0, 10, 10, 0, 0, 0
2534, 9, 66, 57, 9, 6, 3
2539, 34, 21, 18, 3, 29, 5
2543, 2, 2, 2, 0, 2, 0
2544, 9, 12, 10, 2, 9, 0
2545, 37, 48, 40, 8, 36, 1
2547, 149, 56, 40, 16, 39, 110
2550, 58, 69, 64, 5, 57, 1
2551, 0, 173, 169, 4, 0, 0
2552, 2, 32, 27, 5, 1, 1
2553, 2, 50, 33, 17, 2, 0
2556, 7, 27, 24, 3, 7, 0
2559, 2, 3, 3, 0, 2, 0
2560, 23, 36, 27, 9, 18, 5
2561, 22, 24, 24, 0, 22, 0
2566, 11, 7, 6, 1, 10, 1
2568, 47, 36, 36, 0, 47, 0
2569, 3, 32, 29, 3, 3, 0
2572, 5, 11, 9, 2, 5, 0
2574, 32, 16, 12, 4, 25, 7
2575, 7, 2, 1, 1, 7, 0
2576, 71, 25, 25, 0, 71, 0
2578, 62, 18, 17, 1, 61, 1
2579, 107, 59, 56, 3, 101, 6
2582, 62, 25, 25, 0, 50, 12
2584, 106, 30, 30, 0, 106, 0
2588, 1, 1, 1, 0, 1, 0
2590, 22, 14, 14, 0, 22, 0
1815, 201, 70, 57, 13, 164, 37
7832, 150, 29, 25, 4, 41, 109
13886, 5, 23, 19, 4, 5, 0
16042, 0, 3, 3, 0, 0, 0
16043, 0, 5, 5, 0, 0, 0
17873, 2, 32, 19, 13, 2, 0
12410, 0, 40, 40, 0, 0, 0
1576, 1, 56, 49, 7, 1, 0
2170, 59, 156, 138, 18, 43, 16
2667, 0, 24, 19, 5, 0, 0
2932, 12, 61, 28, 33, 12, 0
3097, 3, 175, 165, 10, 1, 2
3204, 99, 57, 47, 10, 98, 1
3657, 0, 224, 178, 46, 0, 0
3751, 184, 80, 60, 20, 181, 3
3868, 2, 26, 19, 7, 1, 1
5396, 24, 17, 17, 0, 24, 0
5453, 90, 29, 25, 4, 73, 17
5735, 202, 40, 29, 11, 78, 124
6179, 3, 12, 12, 0, 3, 0
6298, 1, 36, 24, 12, 1, 0
6795, 0, 17, 13, 4, 0, 0
6806, 33, 41, 28, 13, 33, 0
6887, 152, 44, 41, 3, 149, 3
7869, 4, 26, 26, 0, 4, 0
10787, 111, 21, 10, 11, 15, 96
10820, 15, 15, 14, 1, 14, 1
12477, 0, 2, 1, 1, 0, 0
13427, 1, 3, 3, 0, 1, 0
13831, 0, 14, 11, 3, 0, 0
14386, 1, 5, 3, 2, 0, 1
14914, 0, 20, 6, 14, 0, 0
15486, 33, 25, 16, 9, 33, 0
15727, 14, 16, 15, 1, 13, 1
16734, 204, 35, 13, 22, 13, 191
17087, 15, 8, 8, 0, 9, 6
18164, 1, 21, 17, 4, 1, 0
18608, 1, 3, 3, 0, 1, 0
20110, 0, 2, 2, 0, 0, 0
20444, 1, 9, 7, 2, 0, 1
25722, 1, 7, 4, 3, 1, 0
25723, 5, 5, 4, 1, 5, 0
25724, 1, 1, 1, 0, 1, 0
25725, 0, 1, 1, 0, 0, 0
25726, 0, 5, 3, 2, 0, 0
25727, 0, 8, 1, 7, 0, 0
563, 102, 151, 102, 49, 91, 11
1693, 2, 90, 82, 8, 1, 1
1808, 36, 82, 72, 10, 35, 1
2117, 358, 76, 75, 1, 355, 3
2161, 201, 19, 14, 5, 143, 58
2267, 123, 186, 140, 46, 123, 0
2639, 196, 86, 48, 38, 70, 126
2750, 72, 35, 34, 1, 72, 0
2774, 26, 23, 16, 7, 23, 3
2872, 130, 48, 40, 8, 113, 17
2928, 9, 34, 34, 0, 8, 1
3014, 66, 258, 247, 11, 59, 7
3245, 402, 30, 21, 9, 178, 224
3264, 0, 324, 284, 40, 0, 0
3489, 0, 47, 35, 12, 0, 0
3761, 142, 68, 64, 4, 136, 6
3768, 116, 34, 27, 7, 64, 52
3841, 94, 102, 85, 17, 93, 1
3864, 0, 16, 14, 2, 0, 0
3875, 40, 45, 39, 6, 38, 2
3927, 36, 65, 49, 16, 34, 2
4342, 193, 18, 17, 1, 163, 30
4390, 8, 33, 20, 13, 1, 7
4729, 100, 21, 20, 1, 53, 47
4832, 7, 199, 120, 79, 3, 4
4875, 9, 9, 9, 0, 9, 0
4966, 0, 74, 59, 15, 0, 0
5173, 0, 3, 1, 2, 0, 0
5174, 402, 21, 21, 0, 326, 76
5175, 59, 34, 33, 1, 59, 0
5176, 54, 18, 15, 3, 33, 21
5177, 1, 1, 1, 0, 1, 0
5178, 24, 14, 6, 8, 23, 1
5180, 0, 7, 5, 2, 0, 0
5181, 3, 6, 6, 0, 3, 0
5182, 22, 11, 10, 1, 18, 4
5183, 33, 3, 3, 0, 32, 1
5184, 0, 19, 19, 0, 0, 0
5185, 129, 45, 34, 11, 21, 108
5186, 7, 7, 7, 0, 7, 0
5188, 5, 7, 7, 0, 5, 0
5189, 196, 15, 8, 7, 44, 152
5190, 1, 2, 2, 0, 1, 0
5191, 22, 87, 75, 12, 19, 3
5192, 0, 2, 1, 1, 0, 0
5193, 41, 96, 92, 4, 20, 21
5194, 25, 10, 9, 1, 18, 7
5195, 17, 3, 3, 0, 15, 2
5196, 0, 9, 6, 3, 0, 0
5197, 20, 9, 3, 6, 12, 8
5198, 0, 1, 1, 0, 0, 0
5199, 94, 20, 18, 2, 90, 4
5200, 37, 26, 23, 3, 32, 5
5201, 28, 22, 21, 1, 27, 1
5203, 6, 9, 8, 1, 5, 1
5204, 13, 1, 1, 0, 12, 1
5207, 48, 42, 36, 6, 47, 1
5208, 30, 39, 36, 3, 29, 1
5209, 1, 141, 120, 21, 1, 0
5211, 14, 36, 33, 3, 13, 1
5212, 1, 17, 13, 4, 1, 0
5213, 12, 4, 4, 0, 11, 1
5215, 15, 10, 9, 1, 14, 1
5216, 16, 16, 15, 1, 15, 1
5217, 223, 52, 47, 5, 223, 0
5219, 7, 4, 3, 1, 6, 1
5220, 45, 5, 3, 2, 12, 33
5221, 39, 102, 79, 23, 12, 27
5222, 26, 13, 9, 4, 20, 6
5223, 52, 77, 73, 4, 45, 7
5224, 11, 12, 9, 3, 11, 0
5225, 175, 100, 74, 26, 169, 6
5226, 32, 9, 8, 1, 27, 5
5227, 0, 1, 1, 0, 0, 0
5228, 16, 6, 5, 1, 14, 2
5229, 0, 11, 9, 2, 0, 0
5230, 18, 9, 8, 1, 18, 0
5231, 44, 5, 5, 0, 44, 0
5232, 24, 12, 10, 2, 24, 0
5233, 4, 72, 72, 0, 4, 0
5234, 102, 32, 18, 14, 46, 56
5235, 57, 10, 9, 1, 57, 0
5236, 179, 8, 6, 2, 70, 109
5237, 18, 2, 2, 0, 12, 6
5238, 35, 5, 3, 2, 31, 4
5239, 42, 8, 7, 1, 42, 0
5240, 89, 42, 26, 16, 78, 11
5241, 5, 19, 16, 3, 4, 1
5242, 153, 24, 19, 5, 82, 71
5243, 30, 9, 4, 5, 7, 23
233, 14, 17, 17, 0, 14, 0
350, 20, 27, 23, 4, 20, 0
432, 1, 121, 111, 10, 1, 0
515, 65, 323, 258, 65, 65, 0
1720, 8, 89, 68, 21, 6, 2
1763, 0, 236, 192, 44, 0, 0
1866, 11, 109, 89, 20, 11, 0
1875, 1, 92, 87, 5, 1, 0
1907, 0, 102, 100, 2, 0, 0
1990, 48, 51, 47, 4, 41, 7
2049, 7, 440, 342, 98, 5, 2
2120, 64, 253, 138, 115, 55, 9
2374, 18, 247, 233, 14, 11, 7
2418, 110, 123, 111, 12, 110, 0
2449, 37, 5, 3, 2, 37, 0
2835, 6, 148, 118, 30, 6, 0
2853, 176, 267, 249, 18, 154, 22
2866, 5, 151, 115, 36, 5, 0
2899, 0, 117, 60, 57, 0, 0
3274, 155, 113, 111, 2, 146, 9
3326, 6, 136, 133, 3, 6, 0
3548, 13, 24, 24, 0, 13, 0
3779, 2, 55, 55, 0, 2, 0
3827, 34, 9, 8, 1, 15, 19
3854, 80, 31, 30, 1, 68, 12
4299, 201, 26, 24, 2, 199, 2
4369, 45, 30, 29, 1, 45, 0
4378, 7, 13, 11, 2, 7, 0
4428, 22, 2, 2, 0, 20, 2
4873, 23, 56, 48, 8, 20, 3
4874, 18, 21, 21, 0, 17, 1
5255, 164, 67, 57, 10, 89, 75
5386, 32, 21, 21, 0, 30, 2
5636, 125, 32, 32, 0, 122, 3
5664, 0, 21, 19, 2, 0, 0
5998, 25, 39, 39, 0, 24, 1
6066, 50, 26, 25, 1, 21, 29
6349, 12, 57, 53, 4, 12, 0
6633, 20, 48, 30, 18, 15, 5
6882, 0, 70, 59, 11, 0, 0
6942, 145, 89, 64, 25, 90, 55
7208, 1, 31, 25, 6, 1, 0
7418, 6, 70, 59, 11, 4, 2
7517, 66, 79, 62, 17, 66, 0
7521, 34, 31, 31, 0, 34, 0
7845, 29, 17, 16, 1, 28, 1
7851, 184, 39, 38, 1, 183, 1
7861, 35, 15, 14, 1, 17, 18
7862, 17, 15, 15, 0, 17, 0
7868, 10, 9, 9, 0, 10, 0
7872, 16, 28, 27, 1, 14, 2
7900, 24, 22, 22, 0, 24, 0
8499, 18, 10, 8, 2, 18, 0
8518, 201, 49, 37, 12, 184, 17
8801, 49, 31, 28, 3, 49, 0
8877, 34, 17, 17, 0, 32, 2
8890, 26, 16, 16, 0, 24, 2
9132, 184, 47, 47, 0, 175, 9
9440, 20, 33, 33, 0, 19, 1
9959, 0, 15, 15, 0, 0, 0
9960, 37, 18, 16, 2, 36, 1
9961, 42, 6, 6, 0, 42, 0
9962, 10, 1, 1, 0, 10, 0
9963, 14, 12, 11, 1, 14, 0
9964, 0, 11, 11, 0, 0, 0
9965, 43, 10, 10, 0, 38, 5
9967, 4, 3, 3, 0, 4, 0
9969, 35, 14, 14, 0, 33, 2
9972, 30, 12, 9, 3, 30, 0
9973, 13, 28, 21, 7, 10, 3
9974, 1, 26, 25, 1, 1, 0
9975, 0, 20, 18, 2, 0, 0
9976, 0, 16, 11, 5, 0, 0
9978, 143, 15, 14, 1, 124, 19
9979, 0, 1, 1, 0, 0, 0
9980, 18, 18, 17, 1, 18, 0
9981, 10, 13, 13, 0, 9, 1
9982, 11, 5, 5, 0, 11, 0
9983, 17, 6, 6, 0, 17, 0
9984, 6, 12, 12, 0, 2, 4
9985, 27, 29, 26, 3, 26, 1
9986, 109, 23, 23, 0, 106, 3
9987, 48, 9, 7, 2, 23, 25
9988, 28, 16, 14, 2, 28, 0
9990, 1, 9, 6, 3, 0, 1
9992, 26, 7, 5, 2, 25, 1
9993, 2, 4, 4, 0, 2, 0
9994, 34, 22, 12, 10, 21, 13
9996, 15, 3, 3, 0, 15, 0
9997, 39, 33, 29, 4, 36, 3
9998, 25, 16, 15, 1, 25, 0
10000, 9, 4, 4, 0, 9, 0
10001, 4, 8, 8, 0, 4, 0
10002, 1, 8, 8, 0, 1, 0
10003, 12, 6, 5, 1, 12, 0
10004, 10, 23, 17, 6, 10, 0
10005, 0, 51, 39, 12, 0, 0
1551, 131, 88, 76, 12, 128, 3
2762, 54, 89, 79, 10, 52, 2
3325, 0, 179, 164, 15, 0, 0
5094, 194, 64, 48, 16, 137, 57
7531, 29, 27, 27, 0, 29, 0
7873, 10, 35, 35, 0, 10, 0
8110, 124, 36, 34, 2, 124, 0
8910, 11, 11, 11, 0, 11, 0
9847, 10, 5, 4, 1, 10, 0
1616, 0, 68, 21, 47, 0, 0
1930, 89, 285, 69, 216, 68, 21
2044, 4, 26, 13, 13, 1, 3
4987, 167, 96, 87, 9, 57, 110
5159, 52, 10, 10, 0, 38, 14
5160, 29, 168, 138, 30, 27, 2
5161, 31, 47, 43, 4, 23, 8
5162, 0, 34, 27, 7, 0, 0
5163, 3, 17, 10, 7, 3, 0
5164, 0, 2, 2, 0, 0, 0
5165, 202, 38, 28, 10, 155, 47
5166, 3, 34, 31, 3, 3, 0
5167, 0, 4, 1, 3, 0, 0
5172, 2, 7, 2, 5, 2, 0
3031, 2, 14, 12, 2, 1, 1
3686, 0, 44, 43, 1, 0, 0
4857, 7, 21, 21, 0, 7, 0
4880, 0, 5, 5, 0, 0, 0
7504, 25, 6, 6, 0, 25, 0
7507, 2, 7, 7, 0, 2, 0
8971, 0, 24, 20, 4, 0, 0
20420, 0, 6, 5, 1, 0, 0
21830, 1, 2, 2, 0, 1, 0
2165, 15, 34, 33, 1, 15, 0
2181, 31, 18, 18, 0, 31, 0
3609, 37, 27, 26, 1, 35, 2
3798, 24, 46, 37, 9, 5, 19
3870, 29, 74, 70, 4, 26, 3
4355, 38, 34, 34, 0, 38, 0
4382, 78, 65, 63, 2, 78, 0
5050, 30, 23, 18, 5, 22, 8
5417, 10, 9, 9, 0, 10, 0
5891, 6, 23, 18, 5, 6, 0
6283, 33, 137, 135, 2, 33, 0
7006, 199, 39, 21, 18, 19, 180
7839, 56, 19, 19, 0, 56, 0
7904, 109, 39, 32, 7, 91, 18
8090, 178, 148, 115, 33, 178, 0
8730, 19, 21, 21, 0, 19, 0
8972, 6, 23, 22, 1, 5, 1
9179, 7, 27, 21, 6, 6, 1
11341, 28, 5, 5, 0, 28, 0
16082, 24, 14, 14, 0, 23, 1
16273, 55, 6, 6, 0, 49, 6
16717, 30, 14, 14, 0, 28, 2
18296, 2, 4, 4, 0, 2, 0
19395, 51, 10, 10, 0, 46, 5
20832, 3, 8, 8, 0, 2, 1
21383, 4, 2, 2, 0, 4, 0
21940, 15, 5, 5, 0, 15, 0
23654, 8, 10, 7, 3, 8, 0
25344, 6, 4, 3, 1, 6, 0
25349, 12, 4, 3, 1, 11, 1
26597, 0, 2, 2, 0, 0, 0
26598, 5, 11, 10, 1, 5, 0
26599, 5, 2, 2, 0, 4, 1
26600, 0, 2, 2, 0, 0, 0
26601, 4, 2, 2, 0, 4, 0
26602, 2, 1, 1, 0, 2, 0
7108, 0, 36, 36, 0, 0, 0
8916, 12, 16, 15, 1, 12, 0
8928, 25, 58, 58, 0, 21, 4
10057, 6, 48, 48, 0, 4, 2
10695, 24, 22, 19, 3, 13, 11
18950, 29, 3, 2, 1, 29, 0
26603, 0, 1, 1, 0, 0, 0
26604, 0, 2, 2, 0, 0, 0
26605, 0, 2, 2, 0, 0, 0
3286, 14, 36, 20, 16, 13, 1
3745, 0, 4, 4, 0, 0, 0
3776, 91, 48, 44, 4, 72, 19
4389, 157, 41, 39, 2, 155, 2
6236, 0, 24, 22, 2, 0, 0
7023, 49, 48, 41, 7, 31, 18
7033, 4, 5, 4, 1, 3, 1
7462, 0, 15, 15, 0, 0, 0
10050, 3, 36, 20, 16, 1, 2
10578, 5, 4, 4, 0, 5, 0
10585, 5, 9, 8, 1, 5, 0
10597, 2, 2, 1, 1, 0, 2
11368, 8, 22, 19, 3, 8, 0
11573, 0, 14, 13, 1, 0, 0
12159, 2, 10, 5, 5, 2, 0
12162, 2, 26, 18, 8, 0, 2
16137, 32, 20, 17, 3, 29, 3
18010, 0, 21, 20, 1, 0, 0
21462, 0, 27, 19, 8, 0, 0
22956, 5, 3, 3, 0, 4, 1
22957, 0, 5, 5, 0, 0, 0
22958, 0, 11, 11, 0, 0, 0
22959, 0, 14, 8, 6, 0, 0
22960, 1, 6, 6, 0, 1, 0
3058, 1, 4, 4, 0, 1, 0
6533, 2, 138, 120, 18, 2, 0
12346, 0, 55, 55, 0, 0, 0
263, 12, 41, 39, 2, 8, 4
324, 57, 54, 24, 30, 20, 37
3069, 46, 75, 61, 14, 18, 28
3642, 202, 202, 187, 15, 202, 0
3970, 17, 105, 64, 41, 1, 16
5435, 0, 38, 36, 2, 0, 0
5468, 53, 81, 71, 10, 2, 51
8220, 2, 65, 60, 5, 2, 0
13032, 0, 11, 9, 2, 0, 0
13213, 39, 37, 27, 10, 27, 12
25121, 0, 12, 12, 0, 0, 0
26606, 0, 2, 2, 0, 0, 0
26607, 18, 34, 25, 9, 18, 0
26608, 2, 2, 2, 0, 2, 0
26609, 16, 8, 8, 0, 16, 0
26610, 1, 3, 3, 0, 1, 0
26611, 0, 6, 1, 5, 0, 0
524, 0, 39, 33, 6, 0, 0
574, 15, 123, 101, 22, 15, 0
1507, 214, 126, 95, 31, 154, 60
1514, 177, 295, 178, 117, 124, 53
1539, 28, 42, 38, 4, 24, 4
1586, 0, 12, 10, 2, 0, 0
1706, 203, 82, 52, 30, 146, 57
1804, 0, 26, 13, 13, 0, 0
1810, 31, 140, 112, 28, 31, 0
2038, 3, 78, 43, 35, 2, 1
2116, 17, 26, 23, 3, 17, 0
2338, 0, 38, 37, 1, 0, 0
2378, 34, 36, 30, 6, 29, 5
2936, 4, 177, 81, 96, 4, 0
3209, 30, 58, 36, 22, 28, 2
3490, 0, 57, 15, 42, 0, 0
3492, 0, 22, 12, 10, 0, 0
4501, 74, 65, 56, 9, 64, 10
4535, 2, 10, 6, 4, 2, 0
4550, 33, 33, 28, 5, 25, 8
4578, 1, 28, 22, 6, 1, 0
4592, 77, 108, 70, 38, 64, 13
4704, 37, 17, 16, 1, 25, 12
4803, 7, 52, 39, 13, 6, 1
4805, 0, 4, 4, 0, 0, 0
5087, 28, 27, 20, 7, 21, 7
5099, 0, 138, 131, 7, 0, 0
5115, 1, 17, 11, 6, 1, 0
5497, 0, 83, 68, 15, 0, 0
5588, 1, 26, 25, 1, 1, 0
5693, 0, 70, 63, 7, 0, 0
5994, 0, 40, 40, 0, 0, 0
6211, 31, 66, 54, 12, 31, 0
6245, 201, 117, 91, 26, 201, 0
6262, 0, 19, 15, 4, 0, 0
6292, 133, 23, 15, 8, 60, 73
6819, 0, 18, 11, 7, 0, 0
6872, 0, 82, 70, 12, 0, 0
7005, 79, 57, 37, 20, 65, 14
7008, 0, 44, 44, 0, 0, 0
7328, 6, 20, 17, 3, 5, 1
8109, 99, 174, 126, 48, 80, 19
8329, 202, 107, 92, 15, 198, 4
9004, 0, 61, 22, 39, 0, 0
9239, 0, 38, 33, 5, 0, 0
9359, 46, 160, 111, 49, 46, 0
9459, 0, 99, 46, 53, 0, 0
9624, 46, 38, 15, 23, 19, 27
9625, 19, 12, 7, 5, 19, 0
9764, 1, 10, 7, 3, 1, 0
10599, 0, 12, 6, 6, 0, 0
10608, 16, 55, 29, 26, 16, 0
10743, 0, 32, 27, 5, 0, 0
11434, 0, 48, 36, 12, 0, 0
11958, 0, 58, 35, 23, 0, 0
12287, 0, 5, 5, 0, 0, 0
12381, 13, 70, 59, 11, 13, 0
12468, 3, 32, 27, 5, 2, 1
13898, 10, 30, 29, 1, 9, 1
14111, 202, 177, 129, 48, 116, 86
14181, 1, 7, 4, 3, 1, 0
14471, 73, 73, 60, 13, 60, 13
14629, 18, 33, 31, 2, 15, 3
14714, 0, 17, 10, 7, 0, 0
14790, 3, 10, 10, 0, 1, 2
14803, 16, 19, 17, 2, 16, 0
15778, 1, 21, 20, 1, 1, 0
15947, 23, 30, 24, 6, 20, 3
16218, 5, 58, 56, 2, 4, 1
16559, 69, 15, 11, 4, 69, 0
17354, 2, 25, 24, 1, 2, 0
17518, 1, 20, 18, 2, 1, 0
18120, 23, 7, 7, 0, 23, 0
19259, 7, 50, 24, 26, 4, 3
22038, 0, 10, 10, 0, 0, 0
22767, 0, 22, 22, 0, 0, 0
22806, 2, 15, 15, 0, 2, 0
23006, 2, 5, 3, 2, 0, 2
23661, 1, 9, 4, 5, 1, 0
23796, 12, 5, 5, 0, 12, 0
25145, 10, 18, 15, 3, 10, 0
26612, 0, 1, 1, 0, 0, 0
26613, 0, 1, 1, 0, 0, 0
26614, 0, 1, 1, 0, 0, 0
26615, 17, 17, 15, 2, 17, 0
26616, 1, 4, 2, 2, 0, 1
26617, 0, 1, 1, 0, 0, 0
26618, 0, 3, 3, 0, 0, 0
26619, 1, 2, 2, 0, 1, 0
26620, 0, 2, 2, 0, 0, 0
26621, 8, 17, 10, 7, 8, 0
26622, 26, 2, 2, 0, 8, 18
26623, 0, 16, 10, 6, 0, 0
26624, 4, 8, 7, 1, 4, 0
26625, 4, 3, 1, 2, 4, 0
26626, 14, 10, 8, 2, 12, 2
26627, 0, 1, 1, 0, 0, 0
26628, 2, 16, 12, 4, 2, 0
26629, 0, 1, 1, 0, 0, 0
26630, 0, 1, 1, 0, 0, 0
26631, 20, 22, 19, 3, 20, 0
26632, 0, 13, 3, 10, 0, 0
26633, 1, 3, 3, 0, 1, 0
26634, 6, 7, 6, 1, 2, 4
26635, 0, 4, 4, 0, 0, 0
26636, 0, 1, 1, 0, 0, 0
26637, 0, 4, 2, 2, 0, 0
1602, 3, 417, 378, 39, 0, 3
1654, 38, 155, 114, 41, 36, 2
3129, 67, 39, 28, 11, 60, 7
3634, 61, 9, 8, 1, 41, 20
4252, 83, 9, 9, 0, 70, 13
4303, 399, 37, 30, 7, 217, 182
4471, 0, 121, 90, 31, 0, 0
4925, 0, 40, 30, 10, 0, 0
4937, 41, 53, 33, 20, 39, 2
5059, 158, 45, 36, 9, 114, 44
6117, 70, 18, 17, 1, 57, 13
7540, 0, 7, 7, 0, 0, 0
8654, 0, 37, 27, 10, 0, 0
8874, 63, 18, 17, 1, 63, 0
8946, 38, 9, 8, 1, 33, 5
9746, 15, 27, 23, 4, 12, 3
10186, 14, 41, 35, 6, 12, 2
11125, 31, 18, 14, 4, 21, 10
12696, 82, 2, 2, 0, 82, 0
12697, 81, 4, 4, 0, 81, 0
15198, 14, 1, 1, 0, 14, 0
15871, 48, 18, 15, 3, 48, 0
16987, 6, 3, 3, 0, 6, 0
17375, 8, 4, 3, 1, 6, 2
20239, 88, 8, 6, 2, 29, 59
26638, 0, 6, 6, 0, 0, 0
26639, 2, 5, 5, 0, 2, 0
26640, 0, 1, 1, 0, 0, 0
25433, 2, 8, 8, 0, 2, 0
26641, 0, 1, 1, 0, 0, 0
26642, 0, 2, 2, 0, 0, 0
478, 11, 117, 103, 14, 11, 0
1563, 90, 36, 30, 6, 62, 28
1583, 0, 54, 48, 6, 0, 0
1673, 54, 18, 11, 7, 14, 40
1718, 0, 39, 31, 8, 0, 0
1884, 8, 29, 21, 8, 8, 0
1888, 0, 38, 38, 0, 0, 0
2072, 73, 51, 18, 33, 36, 37
2087, 0, 79, 68, 11, 0, 0
2257, 13, 95, 70, 25, 9, 4
2294, 8, 4, 4, 0, 8, 0
2295, 0, 20, 19, 1, 0, 0
2355, 11, 59, 51, 8, 10, 1
2617, 20, 23, 17, 6, 16, 4
2837, 13, 46, 42, 4, 13, 0
2870, 0, 91, 82, 9, 0, 0
3000, 8, 154, 142, 12, 8, 0
3189, 70, 24, 22, 2, 69, 1
3317, 31, 24, 23, 1, 29, 2
3405, 2, 17, 12, 5, 2, 0
3442, 31, 67, 62, 5, 27, 4
3503, 143, 56, 40, 16, 127, 16
3619, 9, 69, 65, 4, 9, 0
3627, 70, 36, 29, 7, 70, 0
3729, 2, 37, 33, 4, 2, 0
3859, 1, 104, 83, 21, 1, 0
4290, 28, 54, 50, 4, 11, 17
4473, 0, 32, 24, 8, 0, 0
4728, 29, 77, 38, 39, 25, 4
4897, 8, 23, 22, 1, 7, 1
4919, 91, 332, 298, 34, 71, 20
4930, 97, 69, 63, 6, 94, 3
5150, 132, 20, 18, 2, 128, 4
5536, 9, 65, 64, 1, 8, 1
5613, 0, 127, 91, 36, 0, 0
5622, 0, 6, 5, 1, 0, 0
5632, 15, 40, 39, 1, 13, 2
5747, 0, 68, 63, 5, 0, 0
5809, 30, 20, 18, 2, 29, 1
5980, 9, 11, 11, 0, 9, 0
5996, 7, 19, 14, 5, 6, 1
6006, 5, 23, 18, 5, 5, 0
6063, 0, 7, 7, 0, 0, 0
6173, 27, 7, 6, 1, 10, 17
6237, 1, 199, 161, 38, 1, 0
6304, 1, 37, 31, 6, 1, 0
6343, 0, 6, 6, 0, 0, 0
6478, 0, 59, 55, 4, 0, 0
6547, 25, 35, 33, 2, 13, 12
6649, 1, 10, 10, 0, 1, 0
6658, 22, 13, 12, 1, 20, 2
7376, 0, 8, 7, 1, 0, 0
7581, 25, 22, 22, 0, 23, 2
7603, 42, 7, 7, 0, 29, 13
7881, 11, 7, 5, 2, 8, 3
7995, 0, 15, 15, 0, 0, 0
7999, 0, 16, 15, 1, 0, 0
8265, 120, 25, 21, 4, 112, 8
8325, 19, 16, 15, 1, 19, 0
8881, 34, 48, 39, 9, 34, 0
8973, 8, 11, 11, 0, 8, 0
9171, 0, 174, 74, 100, 0, 0
9365, 5, 13, 12, 1, 5, 0
9855, 77, 11, 11, 0, 77, 0
9870, 15, 11, 11, 0, 15, 0
10609, 71, 75, 44, 31, 63, 8
10780, 0, 10, 10, 0, 0, 0
11372, 1, 69, 65, 4, 1, 0
12265, 25, 7, 7, 0, 25, 0
12289, 55, 6, 5, 1, 51, 4
12934, 1, 82, 77, 5, 1, 0
13238, 1, 29, 19, 10, 1, 0
13411, 1, 20, 15, 5, 1, 0
13416, 197, 26, 21, 5, 184, 13
13489, 3, 10, 10, 0, 2, 1
13715, 0, 19, 14, 5, 0, 0
13915, 4, 31, 30, 1, 4, 0
14010, 13, 6, 4, 2, 13, 0
14144, 54, 32, 26, 6, 47, 7
14148, 14, 20, 20, 0, 14, 0
14578, 0, 18, 17, 1, 0, 0
14610, 5, 4, 2, 2, 5, 0
14820, 0, 8, 8, 0, 0, 0
15085, 56, 7, 6, 1, 23, 33
15190, 0, 6, 6, 0, 0, 0
15279, 1, 2, 1, 1, 0, 1
15377, 20, 43, 33, 10, 20, 0
16225, 7, 15, 15, 0, 7, 0
16343, 0, 21, 21, 0, 0, 0
16550, 24, 2, 2, 0, 24, 0
16554, 50, 29, 28, 1, 23, 27
17285, 1, 5, 5, 0, 1, 0
17594, 105, 7, 7, 0, 100, 5
18504, 34, 7, 6, 1, 19, 15
18823, 2, 24, 18, 6, 2, 0
18878, 54, 7, 7, 0, 52, 2
18929, 8, 3, 3, 0, 8, 0
19425, 19, 8, 8, 0, 15, 4
20530, 18, 7, 3, 4, 18, 0
20579, 111, 16, 13, 3, 101, 10
22351, 199, 21, 16, 5, 180, 19
22353, 6, 6, 5, 1, 3, 3
22360, 0, 14, 14, 0, 0, 0
22667, 0, 4, 4, 0, 0, 0
22680, 2, 6, 5, 1, 2, 0
22760, 3, 6, 4, 2, 0, 3
23735, 8, 9, 8, 1, 8, 0
24021, 0, 6, 6, 0, 0, 0
26425, 18, 5, 5, 0, 17, 1
26643, 0, 2, 2, 0, 0, 0
26644, 0, 3, 3, 0, 0, 0
26645, 0, 6, 6, 0, 0, 0
26646, 27, 3, 3, 0, 27, 0
26647, 1, 2, 2, 0, 1, 0
26648, 14, 3, 3, 0, 14, 0
26649, 6, 9, 8, 1, 5, 1
26650, 1, 1, 1, 0, 1, 0
26651, 44, 5, 5, 0, 44, 0
26652, 12, 2, 2, 0, 12, 0
26653, 0, 2, 2, 0, 0, 0
26654, 0, 1, 1, 0, 0, 0
26655, 0, 2, 2, 0, 0, 0
26656, 7, 8, 7, 1, 6, 1
26657, 2, 1, 1, 0, 2, 0
26658, 1, 1, 1, 0, 1, 0
26659, 5, 1, 1, 0, 4, 1
26660, 8, 1, 1, 0, 6, 2
26661, 0, 1, 1, 0, 0, 0
26662, 13, 6, 5, 1, 13, 0
26663, 14, 6, 5, 1, 12, 2
26664, 1, 2, 2, 0, 0, 1
26665, 26, 7, 6, 1, 25, 1
26666, 0, 2, 2, 0, 0, 0
26667, 3, 1, 1, 0, 3, 0
26668, 4, 6, 5, 1, 4, 0
26669, 2, 5, 5, 0, 1, 1
26670, 8, 2, 2, 0, 7, 1
26671, 6, 2, 2, 0, 5, 1
26672, 13, 1, 1, 0, 13, 0
26673, 0, 5, 4, 1, 0, 0
26674, 0, 1, 1, 0, 0, 0
26675, 8, 3, 2, 1, 8, 0
26676, 20, 10, 8, 2, 10, 10
2753, 36, 61, 55, 6, 36, 0
2874, 0, 95, 95, 0, 0, 0
4135, 0, 23, 19, 4, 0, 0
4257, 1, 10, 10, 0, 1, 0
4901, 0, 147, 107, 40, 0, 0
5981, 4, 41, 38, 3, 3, 1
6532, 0, 33, 32, 1, 0, 0
6542, 2, 39, 34, 5, 2, 0
6783, 18, 33, 33, 0, 8, 10
7895, 0, 3, 3, 0, 0, 0
7942, 0, 8, 8, 0, 0, 0
8089, 0, 7, 7, 0, 0, 0
14880, 2, 22, 17, 5, 2, 0
18364, 0, 15, 13, 2, 0, 0
21285, 31, 16, 12, 4, 16, 15
26677, 0, 6, 4, 2, 0, 0
26678, 3, 1, 1, 0, 3, 0
26679, 0, 4, 4, 0, 0, 0
26680, 0, 5, 4, 1, 0, 0
26681, 0, 6, 6, 0, 0, 0
567, 24, 8, 8, 0, 20, 4
5493, 18, 15, 13, 2, 17, 1
6871, 126, 14, 10, 4, 11, 115
7578, 25, 4, 4, 0, 25, 0
11362, 61, 7, 7, 0, 59, 2
11722, 0, 32, 32, 0, 0, 0
16616, 1, 10, 9, 1, 1, 0
23379, 11, 8, 8, 0, 11, 0
24069, 19, 21, 20, 1, 17, 2
25168, 0, 11, 11, 0, 0, 0
26682, 1, 2, 2, 0, 1, 0
1886, 0, 42, 34, 8, 0, 0
15591, 3, 12, 11, 1, 3, 0
7389, 1, 6, 5, 1, 1, 0
12847, 0, 1, 1, 0, 0, 0
578, 3, 2, 2, 0, 2, 1
1511, 1, 159, 113, 46, 1, 0
1558, 0, 110, 56, 54, 0, 0
1771, 4, 41, 31, 10, 3, 1
1906, 33, 64, 56, 8, 22, 11
2250, 8, 217, 134, 83, 2, 6
2490, 0, 292, 165, 127, 0, 0
3038, 13, 12, 5, 7, 13, 0
3143, 9, 12, 5, 7, 7, 2
3169, 42, 17, 16, 1, 34, 8
3565, 59, 108, 78, 30, 53, 6
3688, 0, 40, 13, 27, 0, 0
3707, 1, 18, 10, 8, 1, 0
3873, 52, 68, 39, 29, 23, 29
4358, 0, 28, 21, 7, 0, 0
4438, 0, 48, 30, 18, 0, 0
4771, 34, 18, 13, 5, 33, 1
4853, 73, 61, 58, 3, 70, 3
4938, 7, 175, 144, 31, 5, 2
4957, 81, 55, 46, 9, 63, 18
5132, 0, 49, 13, 36, 0, 0
5583, 12, 58, 37, 21, 5, 7
6152, 3, 21, 7, 14, 3, 0
6190, 16, 19, 18, 1, 14, 2
6691, 0, 25, 19, 6, 0, 0
6725, 0, 25, 17, 8, 0, 0
6751, 2, 8, 3, 5, 2, 0
6873, 15, 34, 32, 2, 14, 1
7370, 8, 29, 9, 20, 1, 7
7471, 7, 8, 6, 2, 6, 1
7794, 30, 50, 31, 19, 29, 1
8539, 37, 36, 21, 15, 21, 16
8613, 1, 18, 1, 17, 0, 1
9753, 15, 25, 21, 4, 2, 13
9898, 11, 10, 7, 3, 9, 2
10167, 58, 35, 23, 12, 45, 13
10201, 28, 20, 17, 3, 28, 0
11422, 0, 2, 1, 1, 0, 0
11469, 203, 37, 30, 7, 203, 0
11567, 0, 10, 9, 1, 0, 0
11615, 0, 18, 12, 6, 0, 0
11625, 54, 66, 41, 25, 36, 18
11876, 46, 18, 6, 12, 38, 8
12472, 0, 33, 28, 5, 0, 0
12492, 108, 26, 19, 7, 24, 84
12591, 2, 27, 17, 10, 2, 0
12760, 0, 55, 28, 27, 0, 0
13528, 20, 12, 10, 2, 19, 1
14588, 0, 11, 6, 5, 0, 0
14975, 29, 20, 17, 3, 29, 0
14983, 48, 18, 10, 8, 44, 4
15325, 24, 9, 6, 3, 22, 2
15837, 3, 9, 8, 1, 3, 0
15856, 128, 9, 5, 4, 83, 45
16373, 30, 34, 18, 16, 25, 5
16651, 0, 46, 46, 0, 0, 0
17537, 8, 7, 6, 1, 5, 3
17563, 0, 14, 6, 8, 0, 0
20181, 25, 22, 14, 8, 23, 2
21566, 2, 12, 10, 2, 1, 1
22036, 4, 7, 5, 2, 4, 0
22888, 23, 23, 14, 9, 22, 1
23840, 153, 20, 16, 4, 153, 0
24035, 1, 2, 2, 0, 1, 0
24323, 0, 2, 0, 2, 0, 0
24505, 2, 10, 6, 4, 2, 0
24560, 6, 1, 0, 1, 6, 0
24978, 0, 11, 9, 2, 0, 0
25683, 21, 10, 8, 2, 21, 0
25710, 79, 12, 9, 3, 60, 19
25868, 0, 4, 3, 1, 0, 0
26872, 164, 12, 8, 4, 95, 69
27084, 0, 4, 1, 3, 0, 0
27085, 0, 4, 2, 2, 0, 0
27086, 0, 2, 2, 0, 0, 0
27087, 39, 2, 2, 0, 16, 23
27088, 0, 10, 5, 5, 0, 0
27089, 0, 1, 1, 0, 0, 0
27090, 2, 8, 5, 3, 2, 0
27091, 2, 14, 14, 0, 2, 0
27092, 19, 34, 25, 9, 16, 3
27093, 0, 4, 3, 1, 0, 0
27094, 0, 1, 0, 1, 0, 0
27095, 2, 17, 11, 6, 2, 0
27096, 0, 1, 0, 1, 0, 0
27097, 0, 10, 7, 3, 0, 0
27098, 0, 9, 0, 9, 0, 0
27099, 0, 1, 0, 1, 0, 0
27100, 4, 4, 3, 1, 2, 2
27101, 2, 7, 2, 5, 0, 2
27102, 64, 13, 10, 3, 64, 0
27103, 0, 3, 2, 1, 0, 0
27104, 0, 8, 3, 5, 0, 0
27105, 2, 11, 6, 5, 2, 0
27106, 0, 2, 0, 2, 0, 0
27107, 1, 5, 2, 3, 1, 0
27108, 0, 1, 0, 1, 0, 0
27109, 0, 3, 2, 1, 0, 0
27110, 0, 3, 1, 2, 0, 0
27111, 9, 11, 5, 6, 9, 0
27112, 1, 5, 4, 1, 0, 1
27113, 0, 2, 1, 1, 0, 0
27114, 31, 10, 4, 6, 3, 28
27115, 0, 1, 0, 1, 0, 0
27116, 3, 3, 2, 1, 1, 2
27117, 0, 1, 0, 1, 0, 0
1596, 62, 38, 25, 13, 57, 5
1747, 149, 93, 62, 31, 91, 58
1805, 1, 40, 24, 16, 0, 1
1813, 1, 57, 57, 0, 1, 0
3135, 0, 35, 31, 4, 0, 0
3287, 13, 89, 62, 27, 9, 4
3291, 11, 38, 29, 9, 11, 0
3350, 26, 41, 34, 7, 16, 10
3352, 0, 115, 73, 42, 0, 0
3425, 0, 6, 3, 3, 0, 0
3586, 67, 22, 12, 10, 67, 0
4066, 10, 81, 56, 25, 10, 0
4300, 99, 36, 35, 1, 96, 3
4440, 4, 28, 27, 1, 4, 0
4512, 201, 66, 54, 12, 154, 47
4842, 185, 115, 107, 8, 166, 19
4944, 2, 33, 25, 8, 2, 0
5356, 0, 237, 130, 107, 0, 0
5408, 201, 179, 103, 76, 97, 104
5495, 14, 24, 19, 5, 13, 1
5699, 24, 95, 80, 15, 24, 0
5813, 59, 21, 17, 4, 54, 5
5997, 1, 58, 51, 7, 0, 1
6009, 2, 43, 32, 11, 2, 0
6056, 151, 17, 7, 10, 29, 122
6151, 1, 64, 59, 5, 1, 0
6169, 32, 36, 33, 3, 31, 1
6352, 268, 154, 110, 44, 218, 50
7176, 6, 106, 82, 24, 6, 0
7215, 29, 25, 24, 1, 28, 1
7219, 45, 69, 55, 14, 35, 10
7407, 4, 54, 36, 18, 2, 2
7444, 14, 12, 5, 7, 7, 7
7736, 33, 13, 13, 0, 33, 0
8056, 20, 30, 30, 0, 20, 0
8221, 5, 240, 209, 31, 0, 5
8583, 67, 37, 24, 13, 64, 3
8847, 0, 59, 53, 6, 0, 0
8883, 31, 37, 36, 1, 31, 0
9022, 8, 52, 40, 12, 7, 1
9137, 146, 23, 22, 1, 145, 1
9357, 14, 46, 40, 6, 11, 3
9473, 11, 44, 36, 8, 9, 2
9511, 13, 39, 32, 7, 12, 1
9611, 4, 25, 19, 6, 4, 0
9916, 0, 20, 17, 3, 0, 0
9941, 47, 44, 38, 6, 45, 2
10339, 102, 28, 28, 0, 84, 18
10375, 11, 7, 6, 1, 11, 0
10401, 42, 9, 8, 1, 39, 3
11810, 40, 42, 39, 3, 27, 13
11878, 0, 23, 19, 4, 0, 0
12706, 29, 22, 20, 2, 26, 3
12834, 13, 39, 34, 5, 8, 5
13685, 39, 25, 23, 2, 36, 3
13953, 29, 31, 23, 8, 24, 5
14146, 50, 33, 25, 8, 30, 20
15211, 61, 24, 19, 5, 51, 10
15235, 17, 37, 32, 5, 17, 0
15872, 38, 14, 12, 2, 22, 16
15921, 13, 9, 7, 2, 12, 1
17053, 112, 22, 7, 15, 95, 17
17671, 27, 14, 14, 0, 27, 0
18060, 26, 24, 12, 12, 22, 4
18596, 1, 23, 19, 4, 1, 0
19052, 201, 12, 12, 0, 191, 10
19628, 201, 15, 14, 1, 183, 18
22587, 9, 19, 16, 3, 9, 0
22681, 108, 16, 12, 4, 108, 0
24051, 12, 4, 4, 0, 12, 0
24987, 31, 7, 4, 3, 17, 14
25819, 9, 9, 8, 1, 9, 0
27118, 0, 2, 1, 1, 0, 0
27119, 1, 1, 1, 0, 1, 0
27120, 68, 2, 2, 0, 68, 0
27121, 1, 1, 1, 0, 0, 1
27122, 0, 4, 3, 1, 0, 0
27123, 1, 1, 1, 0, 1, 0
27124, 0, 2, 2, 0, 0, 0
27125, 10, 27, 22, 5, 10, 0
27126, 13, 14, 13, 1, 0, 13
27127, 11, 14, 9, 5, 11, 0
27128, 53, 6, 6, 0, 53, 0
27129, 0, 3, 3, 0, 0, 0
27130, 12, 9, 8, 1, 12, 0
27131, 6, 4, 4, 0, 6, 0
27132, 0, 2, 2, 0, 0, 0
27133, 27, 2, 2, 0, 3, 24
27134, 0, 19, 13, 6, 0, 0
1931, 38, 37, 17, 20, 38, 0
5887, 3, 4, 4, 0, 3, 0
12172, 51, 17, 8, 9, 21, 30
12263, 5, 8, 3, 5, 4, 1
13182, 0, 18, 9, 9, 0, 0
14320, 0, 47, 47, 0, 0, 0
24288, 0, 10, 10, 0, 0, 0
25197, 0, 18, 4, 14, 0, 0
27135, 1, 4, 4, 0, 1, 0
27136, 3, 1, 0, 1, 1, 2
6681, 11, 5, 4, 1, 11, 0
6682, 41, 29, 22, 7, 41, 0
3041, 64, 34, 21, 13, 64, 0
3534, 201, 33, 22, 11, 46, 155
5639, 47, 13, 12, 1, 47, 0
11717, 22, 16, 14, 2, 19, 3
12364, 24, 52, 49, 3, 17, 7
14173, 202, 11, 11, 0, 196, 6
14925, 10, 12, 8, 4, 10, 0
18484, 201, 19, 14, 5, 85, 116
19384, 20, 12, 10, 2, 15, 5
27137, 16, 1, 1, 0, 14, 2
27138, 12, 6, 6, 0, 12, 0
27139, 2, 2, 2, 0, 2, 0
27140, 53, 6, 4, 2, 48, 5
27141, 201, 12, 8, 4, 149, 52
27142, 3, 2, 1, 1, 2, 1
6589, 26, 41, 39, 2, 22, 4
12282, 6, 24, 20, 4, 6, 0
27143, 15, 13, 5, 8, 14, 1
2813, 0, 472, 419, 53, 0, 0
3466, 2, 40, 37, 3, 2, 0
4152, 13, 27, 23, 4, 12, 1
4187, 9, 69, 56, 13, 4, 5
4233, 25, 46, 44, 2, 24, 1
4976, 0, 122, 108, 14, 0, 0
4990, 6, 40, 35, 5, 6, 0
5630, 7, 20, 17, 3, 5, 2
6434, 202, 53, 44, 9, 139, 63
8037, 4, 48, 26, 22, 3, 1
9449, 1, 16, 15, 1, 1, 0
10593, 0, 20, 18, 2, 0, 0
23883, 6, 7, 7, 0, 6, 0
24935, 0, 5, 5, 0, 0, 0
24936, 7, 4, 4, 0, 7, 0
24937, 0, 12, 12, 0, 0, 0
129, 0, 2, 2, 0, 0, 0
132, 0, 2, 2, 0, 0, 0
133, 0, 3, 3, 0, 0, 0
135, 2, 4, 4, 0, 2, 0
136, 0, 2, 2, 0, 0, 0
137, 0, 2, 2, 0, 0, 0
138, 0, 2, 2, 0, 0, 0
139, 0, 3, 3, 0, 0, 0
141, 1, 2, 2, 0, 1, 0
16508, 0, 9, 8, 1, 0, 0
19759, 5, 9, 9, 0, 4, 1
21342, 0, 2, 2, 0, 0, 0
21343, 5, 9, 8, 1, 5, 0
22283, 9, 5, 5, 0, 8, 1
1958, 6, 662, 621, 41, 0, 6
3800, 3, 115, 68, 47, 1, 2
4092, 0, 89, 88, 1, 0, 0
6439, 7, 7, 7, 0, 6, 1
23977, 2, 4, 4, 0, 2, 0
27759, 0, 1, 1, 0, 0, 0
27760, 0, 1, 1, 0, 0, 0
286, 10, 19, 13, 6, 10, 0
1926, 9, 82, 36, 46, 8, 1
2596, 17, 5, 2, 3, 6, 11
2597, 0, 1, 1, 0, 0, 0
2598, 2, 2, 2, 0, 2, 0
2599, 0, 4, 4, 0, 0, 0
2600, 0, 2, 2, 0, 0, 0
2601, 0, 2, 2, 0, 0, 0
2602, 0, 1, 1, 0, 0, 0
2603, 4, 5, 4, 1, 4, 0
2604, 4, 2, 2, 0, 4, 0
2605, 0, 3, 3, 0, 0, 0
2606, 4, 1, 1, 0, 3, 1
2607, 0, 1, 1, 0, 0, 0
2609, 16, 21, 21, 0, 16, 0
2610, 0, 1, 1, 0, 0, 0
2611, 0, 2, 2, 0, 0, 0
2612, 2, 6, 6, 0, 2, 0
2613, 4, 21, 21, 0, 3, 1
2614, 3, 2, 1, 1, 1, 2
2615, 0, 10, 3, 7, 0, 0
2616, 16, 34, 26, 8, 16, 0
2618, 74, 6, 3, 3, 62, 12
2620, 0, 1, 0, 1, 0, 0
2621, 5, 27, 25, 2, 5, 0
2622, 11, 10, 7, 3, 10, 1
2625, 20, 23, 21, 2, 13, 7
2626, 7, 5, 2, 3, 0, 7
2627, 0, 2, 1, 1, 0, 0
2628, 13, 48, 35, 13, 9, 4
2629, 0, 2, 0, 2, 0, 0
2630, 9, 15, 13, 2, 7, 2
2632, 0, 5, 3, 2, 0, 0
2634, 0, 1, 0, 1, 0, 0
2635, 26, 15, 13, 2, 22, 4
2636, 12, 10, 6, 4, 10, 2
2638, 0, 2, 1, 1, 0, 0
2641, 11, 2, 1, 1, 10, 1
2642, 4, 2, 0, 2, 2, 2
2643, 4, 2, 0, 2, 4, 0
2644, 0, 4, 1, 3, 0, 0
2645, 17, 11, 6, 5, 15, 2
2646, 3, 1, 0, 1, 3, 0
2647, 12, 2, 1, 1, 12, 0
2648, 0, 1, 0, 1, 0, 0
2649, 0, 1, 0, 1, 0, 0
2650, 21, 8, 6, 2, 17, 4
2651, 0, 1, 0, 1, 0, 0
2652, 6, 12, 5, 7, 1, 5
2653, 0, 1, 0, 1, 0, 0
2656, 20, 10, 8, 2, 20, 0
2657, 1, 1, 0, 1, 1, 0
2658, 4, 8, 5, 3, 0, 4
2660, 1, 4, 3, 1, 1, 0
2661, 13, 2, 1, 1, 11, 2
2662, 18, 2, 1, 1, 12, 6
2663, 29, 7, 3, 4, 18, 11
2664, 0, 3, 1, 2, 0, 0
2665, 0, 1, 0, 1, 0, 0
2666, 0, 1, 0, 1, 0, 0
2668, 0, 2, 1, 1, 0, 0
2669, 4, 3, 2, 1, 4, 0
2671, 2, 2, 1, 1, 1, 1
2672, 0, 12, 10, 2, 0, 0
2673, 0, 8, 6, 2, 0, 0
2674, 0, 1, 0, 1, 0, 0
2675, 0, 1, 0, 1, 0, 0
2677, 2, 21, 12, 9, 0, 2
2678, 11, 3, 2, 1, 10, 1
2679, 1, 4, 3, 1, 1, 0
2680, 9, 1, 0, 1, 9, 0
2681, 0, 5, 2, 3, 0, 0
2682, 14, 2, 1, 1, 9, 5
2683, 5, 4, 3, 1, 5, 0
2684, 0, 2, 1, 1, 0, 0
2685, 0, 3, 0, 3, 0, 0
2687, 0, 25, 17, 8, 0, 0
2688, 5, 1, 0, 1, 5, 0
2689, 12, 13, 9, 4, 9, 3
2690, 2, 1, 0, 1, 1, 1
2691, 2, 1, 0, 1, 2, 0
2692, 0, 2, 0, 2, 0, 0
2693, 0, 3, 1, 2, 0, 0
2694, 1, 1, 0, 1, 0, 1
2696, 4, 39, 35, 4, 4, 0
2697, 0, 1, 0, 1, 0, 0
2698, 1, 9, 2, 7, 1, 0
2699, 23, 12, 6, 6, 19, 4
2700, 17, 3, 2, 1, 15, 2
2701, 0, 3, 2, 1, 0, 0
2702, 0, 1, 0, 1, 0, 0
2703, 0, 1, 0, 1, 0, 0
2704, 6, 1, 0, 1, 5, 1
2705, 13, 14, 7, 7, 10, 3
2706, 0, 3, 1, 2, 0, 0
2707, 2, 15, 11, 4, 2, 0
2708, 2, 2, 0, 2, 2, 0
2709, 4, 2, 1, 1, 3, 1
2710, 0, 3, 2, 1, 0, 0
2712, 0, 1, 0, 1, 0, 0
2713, 4, 4, 0, 4, 3, 1
4085, 1, 17, 14, 3, 1, 0
27761, 1, 5, 5, 0, 1, 0
150, 6, 22, 21, 1, 6, 0
151, 203, 43, 28, 15, 137, 66
152, 0, 2, 2, 0, 0, 0
153, 1, 28, 18, 10, 0, 1
154, 0, 21, 7, 14, 0, 0
155, 1, 1, 1, 0, 1, 0
157, 2, 2, 2, 0, 2, 0
158, 49, 17, 17, 0, 49, 0
160, 3, 1, 1, 0, 3, 0
163, 0, 17, 14, 3, 0, 0
164, 16, 32, 24, 8, 8, 8
165, 3, 1, 1, 0, 3, 0
166, 0, 1, 1, 0, 0, 0
167, 0, 23, 23, 0, 0, 0
169, 238, 45, 41, 4, 222, 16
171, 0, 5, 5, 0, 0, 0
173, 8, 5, 4, 1, 8, 0
174, 0, 13, 11, 2, 0, 0
177, 10, 10, 6, 4, 10, 0
178, 10, 10, 6, 4, 7, 3
354, 59, 72, 64, 8, 44, 15
487, 1, 26, 22, 4, 1, 0
1569, 0, 190, 132, 58, 0, 0
1604, 5, 26, 26, 0, 4, 1
1662, 101, 22, 17, 5, 101, 0
1752, 165, 72, 65, 7, 160, 5
1862, 91, 76, 37, 39, 64, 27
1956, 9, 49, 37, 12, 9, 0
2033, 14, 74, 61, 13, 11, 3
2060, 9, 56, 53, 3, 9, 0
2453, 1, 22, 22, 0, 1, 0
2458, 0, 17, 17, 0, 0, 0
2786, 1, 18, 18, 0, 1, 0
2961, 0, 64, 64, 0, 0, 0
3027, 6, 43, 31, 12, 6, 0
3042, 19, 51, 34, 17, 19, 0
3123, 15, 19, 16, 3, 10, 5
3137, 202, 62, 54, 8, 202, 0
3154, 52, 78, 56, 22, 42, 10
3184, 3, 74, 68, 6, 3, 0
3253, 1, 193, 123, 70, 1, 0
3455, 28, 955, 677, 278, 28, 0
3486, 0, 105, 74, 31, 0, 0
3564, 5, 9, 8, 1, 5, 0
3748, 0, 13, 11, 2, 0, 0
3785, 15, 68, 65, 3, 15, 0
3824, 0, 36, 33, 3, 0, 0
4048, 4, 43, 41, 2, 1, 3
4164, 17, 42, 40, 2, 15, 2
4184, 16, 210, 198, 12, 15, 1
4196, 0, 93, 75, 18, 0, 0
4215, 18, 18, 16, 2, 17, 1
4616, 195, 57, 52, 5, 162, 33
4755, 36, 76, 75, 1, 36, 0
4826, 63, 70, 54, 16, 41, 22
4846, 4, 22, 20, 2, 4, 0
4968, 0, 198, 168, 30, 0, 0
5106, 9, 48, 38, 10, 9, 0
5390, 4, 144, 88, 56, 3, 1
5443, 0, 53, 53, 0, 0, 0
5574, 28, 16, 14, 2, 28, 0
5591, 15, 101, 90, 11, 12, 3
5871, 9, 69, 54, 15, 9, 0
5901, 0, 56, 50, 6, 0, 0
5916, 51, 26, 19, 7, 42, 9
5971, 201, 114, 71, 43, 108, 93
5983, 28, 64, 64, 0, 26, 2
6546, 8, 50, 44, 6, 5, 3
6693, 7, 57, 54, 3, 7, 0
6988, 24, 34, 20, 14, 22, 2
7169, 43, 13, 13, 0, 43, 0
7195, 0, 7, 7, 0, 0, 0
7202, 49, 12, 12, 0, 49, 0
7572, 89, 31, 20, 11, 84, 5
7693, 7, 77, 68, 9, 0, 7
7757, 17, 52, 40, 12, 8, 9
7793, 0, 17, 17, 0, 0, 0
7812, 6, 6, 3, 3, 6, 0
7897, 48, 30, 29, 1, 39, 9
8045, 25, 57, 47, 10, 20, 5
8713, 3, 18, 18, 0, 3, 0
9035, 6, 48, 18, 30, 6, 0
9127, 15, 35, 30, 5, 9, 6
9354, 72, 82, 79, 3, 72, 0
9367, 1, 3, 3, 0, 1, 0
9588, 1, 21, 21, 0, 1, 0
10108, 57, 8, 4, 4, 40, 17
10217, 0, 61, 46, 15, 0, 0
10569, 2, 12, 9, 3, 0, 2
10635, 11, 13, 11, 2, 11, 0
11280, 0, 10, 8, 2, 0, 0
11447, 80, 34, 26, 8, 80, 0
11470, 1, 23, 16, 7, 1, 0
11610, 14, 33, 33, 0, 11, 3
11853, 0, 7, 7, 0, 0, 0
12041, 0, 4, 4, 0, 0, 0
12164, 116, 57, 47, 10, 17, 99
12480, 0, 7, 1, 6, 0, 0
12562, 0, 16, 16, 0, 0, 0
12581, 119, 47, 37, 10, 109, 10
13056, 0, 13, 6, 7, 0, 0
13211, 13, 24, 5, 19, 6, 7
13654, 7, 7, 7, 0, 7, 0
14040, 7, 15, 15, 0, 7, 0
14427, 0, 30, 30, 0, 0, 0
15157, 0, 20, 13, 7, 0, 0
15181, 0, 7, 7, 0, 0, 0
15188, 1, 48, 39, 9, 1, 0
15678, 0, 18, 18, 0, 0, 0
15838, 0, 28, 26, 2, 0, 0
15950, 20, 10, 9, 1, 20, 0
16102, 4, 26, 24, 2, 3, 1
16333, 76, 52, 48, 4, 76, 0
16487, 10, 10, 10, 0, 10, 0
16620, 2, 7, 6, 1, 2, 0
17022, 0, 5, 5, 0, 0, 0
17064, 27, 17, 14, 3, 27, 0
17095, 73, 7, 6, 1, 47, 26
17132, 0, 6, 6, 0, 0, 0
17222, 2, 66, 64, 2, 2, 0
17257, 0, 54, 50, 4, 0, 0
18377, 8, 15, 2, 13, 4, 4
18861, 15, 14, 13, 1, 14, 1
18964, 1, 4, 3, 1, 1, 0
19249, 0, 5, 5, 0, 0, 0
19492, 18, 40, 24, 16, 9, 9
20143, 1, 14, 12, 2, 1, 0
20333, 0, 21, 18, 3, 0, 0
20447, 0, 13, 11, 2, 0, 0
20604, 6, 11, 10, 1, 6, 0
21259, 37, 25, 25, 0, 26, 11
21528, 2, 25, 22, 3, 0, 2
21732, 1, 5, 5, 0, 1, 0
22031, 0, 7, 7, 0, 0, 0
22066, 1, 4, 4, 0, 1, 0
22195, 0, 8, 6, 2, 0, 0
22338, 0, 11, 10, 1, 0, 0
22707, 12, 12, 9, 3, 12, 0
23046, 0, 14, 14, 0, 0, 0
23047, 2, 2, 2, 0, 2, 0
23048, 5, 4, 4, 0, 5, 0
23049, 1, 10, 5, 5, 1, 0
23050, 0, 2, 2, 0, 0, 0
23051, 0, 3, 2, 1, 0, 0
23052, 0, 5, 4, 1, 0, 0
23053, 4, 6, 6, 0, 4, 0
23054, 3, 3, 3, 0, 3, 0
23055, 0, 1, 1, 0, 0, 0
23056, 0, 7, 7, 0, 0, 0
23057, 1, 8, 7, 1, 0, 1
23058, 1, 2, 2, 0, 1, 0
23059, 4, 4, 3, 1, 4, 0
23060, 3, 2, 2, 0, 3, 0
23061, 0, 1, 1, 0, 0, 0
23062, 17, 2, 2, 0, 16, 1
23063, 3, 17, 15, 2, 3, 0
23064, 5, 7, 4, 3, 5, 0
23065, 0, 4, 3, 1, 0, 0
23066, 0, 1, 1, 0, 0, 0
23067, 1, 14, 12, 2, 1, 0
23068, 1, 2, 2, 0, 1, 0
23069, 0, 3, 2, 1, 0, 0
23070, 0, 1, 1, 0, 0, 0
23071, 1, 4, 3, 1, 1, 0
23072, 0, 2, 2, 0, 0, 0
23073, 0, 4, 2, 2, 0, 0
23074, 7, 13, 7, 6, 7, 0
23075, 0, 5, 5, 0, 0, 0
23076, 2, 4, 4, 0, 2, 0
23077, 1, 7, 5, 2, 1, 0
23078, 0, 2, 2, 0, 0, 0
23079, 0, 4, 4, 0, 0, 0
23080, 1, 3, 2, 1, 1, 0
23081, 0, 11, 11, 0, 0, 0
23082, 0, 4, 4, 0, 0, 0
23083, 1, 2, 2, 0, 1, 0
23084, 1, 3, 3, 0, 1, 0
23085, 0, 11, 11, 0, 0, 0
23086, 0, 1, 1, 0, 0, 0
23087, 1, 1, 1, 0, 0, 1
23088, 0, 1, 1, 0, 0, 0
23089, 0, 6, 6, 0, 0, 0
23090, 16, 15, 13, 2, 13, 3
18357, 22, 9, 9, 0, 22, 0
22503, 0, 7, 7, 0, 0, 0
22674, 15, 8, 8, 0, 15, 0
28573, 15, 3, 3, 0, 14, 1
28574, 4, 3, 3, 0, 4, 0
509, 0, 62, 55, 7, 0, 0
1625, 3, 78, 37, 41, 2, 1
1721, 5, 28, 28, 0, 5, 0
1893, 16, 190, 90, 100, 5, 11
1953, 14, 141, 53, 88, 11, 3
2045, 9, 39, 22, 17, 8, 1
2208, 124, 203, 30, 173, 90, 34
2376, 4, 31, 26, 5, 4, 0
2727, 7, 9, 7, 2, 7, 0
2803, 96, 68, 59, 9, 65, 31
2825, 0, 10, 9, 1, 0, 0
2914, 127, 143, 84, 59, 102, 25
3049, 8, 276, 203, 73, 8, 0
3075, 0, 108, 108, 0, 0, 0
3086, 53, 34, 31, 3, 53, 0
3161, 14, 21, 20, 1, 13, 1
3239, 0, 10, 10, 0, 0, 0
3247, 52, 14, 14, 0, 48, 4
3438, 14, 29, 19, 10, 6, 8
3444, 2, 34, 18, 16, 2, 0
3584, 66, 104, 86, 18, 62, 4
3684, 0, 119, 118, 1, 0, 0
3731, 0, 20, 20, 0, 0, 0
4199, 184, 79, 58, 21, 137, 47
4458, 19, 234, 95, 139, 13, 6
4708, 1, 10, 5, 5, 1, 0
5310, 202, 14, 7, 7, 61, 141
5331, 10, 44, 32, 12, 7, 3
5413, 21, 47, 41, 6, 18, 3
5563, 16, 33, 28, 5, 11, 5
5568, 58, 18, 18, 0, 44, 14
5607, 26, 71, 68, 3, 26, 0
5645, 1, 12, 10, 2, 1, 0
5688, 38, 41, 34, 7, 38, 0
5801, 9, 27, 24, 3, 9, 0
6026, 201, 42, 38, 4, 198, 3
6158, 186, 164, 47, 117, 44, 142
6218, 75, 13, 11, 2, 54, 21
6230, 122, 33, 25, 8, 120, 2
6288, 65, 45, 18, 27, 57, 8
6319, 0, 29, 13, 16, 0, 0
6477, 22, 8, 8, 0, 17, 5
6854, 0, 15, 12, 3, 0, 0
7085, 20, 69, 45, 24, 17, 3
7459, 0, 18, 18, 0, 0, 0
7742, 44, 147, 143, 4, 13, 31
8515, 14, 50, 30, 20, 13, 1
8996, 12, 26, 25, 1, 11, 1
9134, 15, 60, 52, 8, 2, 13
9323, 0, 8, 8, 0, 0, 0
10194, 0, 9, 8, 1, 0, 0
10517, 1, 22, 18, 4, 1, 0
10595, 0, 55, 37, 18, 0, 0
10706, 10, 65, 51, 14, 10, 0
11311, 0, 38, 25, 13, 0, 0
11802, 13, 40, 25, 15, 1, 12
11973, 2, 67, 61, 6, 2, 0
12503, 3, 15, 6, 9, 1, 2
12699, 7, 26, 25, 1, 6, 1
13306, 4, 35, 31, 4, 4, 0
13644, 0, 23, 14, 9, 0, 0
13985, 0, 17, 13, 4, 0, 0
15045, 1, 35, 33, 2, 1, 0
15062, 29, 41, 41, 0, 29, 0
16112, 3, 14, 8, 6, 2, 1
16426, 71, 15, 10, 5, 26, 45
16448, 0, 32, 31, 1, 0, 0
16689, 0, 23, 21, 2, 0, 0
17004, 0, 15, 9, 6, 0, 0
17070, 0, 20, 16, 4, 0, 0
17608, 26, 21, 19, 2, 26, 0
17785, 9, 47, 35, 12, 8, 1
17874, 8, 8, 6, 2, 5, 3
18173, 0, 32, 31, 1, 0, 0
18174, 17, 19, 13, 6, 12, 5
18515, 0, 21, 7, 14, 0, 0
18946, 0, 18, 15, 3, 0, 0
19089, 3, 12, 7, 5, 2, 1
19787, 1, 65, 48, 17, 0, 1
20528, 15, 20, 14, 6, 9, 6
22572, 0, 20, 16, 4, 0, 0
22656, 0, 5, 5, 0, 0, 0
22689, 0, 10, 3, 7, 0, 0
23096, 6, 11, 7, 4, 3, 3
24715, 18, 4, 3, 1, 2, 16
27023, 8, 2, 2, 0, 8, 0
27991, 0, 5, 3, 2, 0, 0
28073, 39, 3, 2, 1, 12, 27
28575, 0, 3, 1, 2, 0, 0
28576, 0, 1, 1, 0, 0, 0
28577, 0, 2, 2, 0, 0, 0
28578, 0, 2, 2, 0, 0, 0
28579, 8, 8, 7, 1, 8, 0
28580, 0, 12, 10, 2, 0, 0
28581, 1, 4, 3, 1, 1, 0
28582, 10, 10, 10, 0, 2, 8
28583, 17, 7, 5, 2, 14, 3
28584, 1, 2, 2, 0, 1, 0
28585, 0, 4, 4, 0, 0, 0
28586, 0, 6, 6, 0, 0, 0
28587, 0, 1, 1, 0, 0, 0
28588, 16, 5, 4, 1, 15, 1
28589, 3, 2, 2, 0, 2, 1
28590, 0, 2, 1, 1, 0, 0
28591, 0, 1, 1, 0, 0, 0
28592, 0, 1, 0, 1, 0, 0
28593, 0, 2, 1, 1, 0, 0
28594, 0, 3, 1, 2, 0, 0
28595, 0, 5, 2, 3, 0, 0
3285, 3, 22, 21, 1, 3, 0
3532, 46, 17, 16, 1, 38, 8
4441, 129, 47, 45, 2, 118, 11
5466, 201, 33, 32, 1, 201, 0
6105, 43, 20, 19, 1, 42, 1
6610, 23, 19, 14, 5, 20, 3
6695, 19, 26, 19, 7, 18, 1
9742, 10, 21, 16, 5, 5, 5
12256, 0, 8, 6, 2, 0, 0
12445, 1, 59, 56, 3, 1, 0
16027, 50, 10, 9, 1, 32, 18
20298, 110, 18, 12, 6, 32, 78
24941, 0, 9, 9, 0, 0, 0
26172, 0, 5, 5, 0, 0, 0
26815, 1, 10, 8, 2, 1, 0
28596, 0, 1, 1, 0, 0, 0
28597, 0, 6, 1, 5, 0, 0
28598, 17, 1, 1, 0, 15, 2
28599, 1, 1, 1, 0, 1, 0
28600, 0, 10, 8, 2, 0, 0
28601, 0, 1, 1, 0, 0, 0
28602, 9, 2, 2, 0, 5, 4
28603, 2, 1, 1, 0, 2, 0
28604, 0, 5, 5, 0, 0, 0
28605, 15, 3, 3, 0, 14, 1
28606, 0, 1, 1, 0, 0, 0
28607, 0, 1, 1, 0, 0, 0
28608, 1, 9, 6, 3, 1, 0
2166, 22, 112, 103, 9, 12, 10
2944, 0, 130, 126, 4, 0, 0
3952, 119, 45, 42, 3, 115, 4
4384, 6, 28, 28, 0, 6, 0
7848, 2, 17, 17, 0, 1, 1
9849, 0, 38, 17, 21, 0, 0
11690, 3, 1, 1, 0, 3, 0
11691, 1, 1, 1, 0, 1, 0
11692, 2, 1, 1, 0, 2, 0
11693, 7, 1, 1, 0, 7, 0
11694, 9, 2, 2, 0, 9, 0
11695, 1, 1, 1, 0, 1, 0
11696, 1, 2, 2, 0, 1, 0
11697, 7, 15, 14, 1, 7, 0
11698, 1, 1, 1, 0, 1, 0
3884, 14, 137, 111, 26, 12, 2
9578, 0, 58, 58, 0, 0, 0
308, 13, 293, 229, 64, 2, 11
460, 111, 71, 67, 4, 96, 15
1913, 33, 57, 36, 21, 13, 20
2089, 56, 20, 14, 6, 29, 27
2277, 242, 77, 65, 12, 156, 86
2306, 45, 172, 92, 80, 43, 2
2455, 0, 384, 377, 7, 0, 0
2715, 0, 50, 39, 11, 0, 0
2817, 10, 91, 82, 9, 7, 3
3230, 1, 58, 55, 3, 1, 0
3611, 12, 146, 127, 19, 11, 1
3753, 12, 21, 17, 4, 7, 5
3879, 2, 19, 19, 0, 1, 1
4101, 5, 19, 19, 0, 5, 0
4643, 1, 72, 40, 32, 0, 1
4722, 201, 26, 26, 0, 201, 0
4786, 0, 45, 30, 15, 0, 0
5618, 7, 4, 4, 0, 7, 0
6848, 0, 32, 30, 2, 0, 0
6915, 13, 54, 24, 30, 11, 2
7203, 2, 4, 2, 2, 2, 0
7813, 2, 29, 21, 8, 2, 0
7837, 0, 15, 13, 2, 0, 0
8340, 2, 50, 41, 9, 2, 0
8615, 0, 27, 2, 25, 0, 0
8702, 201, 19, 4, 15, 0, 201
10200, 29, 91, 86, 5, 28, 1
11294, 0, 9, 5, 4, 0, 0
11585, 15, 7, 4, 3, 15, 0
12716, 25, 32, 28, 4, 18, 7
14216, 21, 40, 29, 11, 21, 0
14703, 15, 5, 5, 0, 15, 0
14738, 1, 23, 18, 5, 1, 0
16600, 19, 23, 15, 8, 19, 0
19191, 25, 28, 23, 5, 17, 8
19361, 0, 18, 8, 10, 0, 0
20839, 0, 9, 8, 1, 0, 0
21192, 1, 8, 8, 0, 1, 0
21205, 6, 6, 6, 0, 6, 0
22345, 0, 7, 7, 0, 0, 0
23001, 0, 21, 14, 7, 0, 0
23404, 4, 6, 5, 1, 3, 1
25353, 0, 2, 2, 0, 0, 0
25774, 9, 7, 5, 2, 6, 3
27284, 2, 9, 8, 1, 2, 0
27375, 27, 7, 6, 1, 23, 4
28444, 3, 4, 1, 3, 3, 0
28609, 0, 7, 6, 1, 0, 0
28610, 0, 1, 1, 0, 0, 0
28611, 10, 12, 8, 4, 8, 2
28612, 4, 5, 5, 0, 4, 0
28613, 1, 6, 6, 0, 1, 0
28614, 1, 4, 4, 0, 1, 0
28615, 30, 5, 4, 1, 22, 8
28616, 0, 5, 5, 0, 0, 0
28617, 0, 2, 0, 2, 0, 0
28618, 0, 4, 2, 2, 0, 0
28619, 2, 21, 8, 13, 1, 1
28620, 4, 13, 9, 4, 4, 0
28621, 10, 5, 3, 2, 6, 4
28622, 0, 6, 1, 5, 0, 0
28623, 0, 1, 0, 1, 0, 0
28624, 1, 1, 0, 1, 1, 0
28625, 0, 1, 0, 1, 0, 0
2905, 3, 10, 8, 2, 3, 0
3152, 8, 22, 18, 4, 1, 7
3485, 0, 29, 22, 7, 0, 0
3678, 12, 197, 177, 20, 12, 0
4349, 30, 35, 23, 12, 20, 10
4994, 13, 10, 10, 0, 13, 0
5313, 80, 12, 12, 0, 79, 1
5343, 86, 11, 9, 2, 86, 0
5575, 4, 8, 8, 0, 4, 0
5995, 4, 23, 16, 7, 2, 2
6611, 1, 16, 13, 3, 1, 0
7415, 24, 5, 3, 2, 21, 3
7969, 2, 16, 15, 1, 0, 2
8001, 4, 4, 4, 0, 4, 0
9419, 26, 10, 7, 3, 21, 5
10802, 12, 24, 10, 14, 7, 5
11309, 9, 23, 19, 4, 9, 0
12848, 0, 2, 2, 0, 0, 0
15982, 25, 26, 20, 6, 9, 16
16064, 9, 3, 3, 0, 7, 2
16937, 0, 11, 7, 4, 0, 0
18118, 7, 2, 2, 0, 6, 1
18119, 0, 4, 4, 0, 0, 0
18121, 122, 6, 6, 0, 118, 4
18122, 0, 9, 9, 0, 0, 0
18123, 0, 5, 5, 0, 0, 0
18124, 0, 12, 9, 3, 0, 0
18125, 7, 5, 5, 0, 7, 0
18126, 0, 2, 2, 0, 0, 0
18127, 0, 1, 1, 0, 0, 0
18128, 31, 9, 8, 1, 29, 2
18129, 0, 7, 3, 4, 0, 0
18130, 0, 4, 3, 1, 0, 0
18131, 1, 1, 1, 0, 1, 0
18132, 0, 1, 1, 0, 0, 0
2412, 0, 30, 20, 10, 0, 0
2987, 7, 60, 33, 27, 7, 0
5395, 59, 25, 12, 13, 31, 28
6302, 0, 14, 14, 0, 0, 0
7644, 274, 18, 9, 9, 62, 212
8701, 195, 42, 26, 16, 18, 177
28626, 0, 3, 2, 1, 0, 0
28627, 1, 2, 2, 0, 1, 0
28628, 0, 1, 1, 0, 0, 0
7914, 0, 11, 11, 0, 0, 0
28629, 0, 1, 1, 0, 0, 0
2080, 0, 32, 5, 27, 0, 0
6919, 2, 8, 2, 6, 2, 0
12157, 5, 10, 4, 6, 0, 5
18275, 0, 12, 12, 0, 0, 0
28630, 0, 5, 5, 0, 0, 0
367, 13, 13, 11, 2, 0, 13
550, 32, 69, 58, 11, 29, 3
1590, 0, 23, 16, 7, 0, 0
1651, 39, 120, 71, 49, 8, 31
1707, 49, 145, 116, 29, 21, 28
1711, 22, 30, 22, 8, 22, 0
1997, 2, 79, 61, 18, 2, 0
2023, 105, 417, 161, 256, 2, 103
2215, 15, 31, 30, 1, 13, 2
2234, 23, 28, 25, 3, 22, 1
2251, 0, 161, 141, 20, 0, 0
2303, 47, 55, 54, 1, 47, 0
2361, 4, 91, 86, 5, 3, 1
2487, 13, 13, 13, 0, 10, 3
2764, 9, 29, 11, 18, 8, 1
2771, 12, 39, 18, 21, 0, 12
2808, 14, 49, 32, 17, 14, 0
2886, 12, 97, 61, 36, 12, 0
2894, 47, 286, 260, 26, 11, 36
3046, 0, 56, 7, 49, 0, 0
3085, 8, 5, 5, 0, 6, 2
3180, 0, 5, 5, 0, 0, 0
3197, 0, 44, 38, 6, 0, 0
3218, 64, 143, 108, 35, 24, 40
3269, 94, 21, 19, 2, 79, 15
3324, 5, 80, 71, 9, 4, 1
3338, 96, 146, 132, 14, 94, 2
3349, 3, 100, 95, 5, 3, 0
3510, 1, 22, 14, 8, 0, 1
3518, 36, 79, 51, 28, 35, 1
3579, 103, 17, 15, 2, 56, 47
3581, 6, 36, 23, 13, 5, 1
3628, 0, 27, 24, 3, 0, 0
3932, 0, 113, 91, 22, 0, 0
4047, 5, 48, 43, 5, 5, 0
4053, 12, 24, 17, 7, 12, 0
4056, 27, 167, 132, 35, 19, 8
4181, 1, 25, 25, 0, 1, 0
4207, 3, 49, 46, 3, 3, 0
4319, 0, 25, 21, 4, 0, 0
4738, 191, 42, 34, 8, 175, 16
4904, 0, 46, 42, 4, 0, 0
4982, 22, 92, 76, 16, 19, 3
5076, 0, 210, 171, 39, 0, 0
5151, 11, 33, 30, 3, 0, 11
5334, 0, 5, 5, 0, 0, 0
5467, 70, 60, 48, 12, 56, 14
5625, 132, 62, 53, 9, 132, 0
5641, 0, 96, 90, 6, 0, 0
5909, 0, 34, 31, 3, 0, 0
6067, 2, 93, 85, 8, 2, 0
6122, 3, 18, 18, 0, 3, 0
6197, 19, 43, 35, 8, 11, 8
6372, 76, 79, 64, 15, 54, 22
6606, 0, 40, 29, 11, 0, 0
6734, 35, 87, 64, 23, 35, 0
7129, 155, 47, 32, 15, 23, 132
7244, 0, 12, 11, 1, 0, 0
7336, 4, 4, 4, 0, 4, 0
7785, 0, 29, 29, 0, 0, 0
7916, 0, 14, 14, 0, 0, 0
8049, 60, 43, 36, 7, 19, 41
8477, 17, 33, 30, 3, 9, 8
8527, 0, 16, 15, 1, 0, 0
8766, 40, 19, 17, 2, 39, 1
8775, 5, 15, 12, 3, 4, 1
9248, 6, 14, 14, 0, 6, 0
9496, 81, 14, 12, 2, 65, 16
9642, 41, 29, 21, 8, 35, 6
9695, 2, 22, 20, 2, 2, 0
10132, 24, 23, 21, 2, 21, 3
10291, 38, 10, 6, 4, 31, 7
10418, 44, 61, 49, 12, 42, 2
10485, 13, 14, 10, 4, 13, 0
10492, 11, 37, 30, 7, 11, 0
10628, 0, 11, 9, 2, 0, 0
10654, 5, 49, 47, 2, 5, 0
11144, 0, 23, 18, 5, 0, 0
11275, 0, 48, 23, 25, 0, 0
11359, 22, 11, 8, 3, 15, 7
11676, 2, 9, 5, 4, 2, 0
11936, 5, 35, 28, 7, 5, 0
12565, 0, 14, 9, 5, 0, 0
13526, 18, 24, 19, 5, 17, 1
13801, 37, 23, 19, 4, 37, 0
13987, 10, 15, 9, 6, 10, 0
15089, 3, 13, 9, 4, 3, 0
15968, 0, 12, 9, 3, 0, 0
16127, 3, 6, 5, 1, 3, 0
16131, 34, 55, 51, 4, 34, 0
16402, 20, 35, 31, 4, 9, 11
16526, 0, 14, 12, 2, 0, 0
16752, 0, 35, 27, 8, 0, 0
16925, 13, 32, 4, 28, 10, 3
17530, 2, 10, 9, 1, 2, 0
17577, 0, 6, 5, 1, 0, 0
17787, 2, 8, 2, 6, 1, 1
17957, 201, 24, 17, 7, 52, 149
17983, 0, 38, 34, 4, 0, 0
17991, 2, 9, 9, 0, 2, 0
18061, 0, 14, 11, 3, 0, 0
18096, 12, 27, 25, 2, 12, 0
18571, 11, 26, 23, 3, 8, 3
18987, 9, 35, 14, 21, 9, 0
19288, 15, 17, 14, 3, 15, 0
19699, 0, 7, 6, 1, 0, 0
20284, 6, 25, 20, 5, 3, 3
20672, 1, 16, 13, 3, 1, 0
20975, 39, 8, 7, 1, 17, 22
21151, 5, 2, 1, 1, 4, 1
21418, 1, 8, 8, 0, 0, 1
22241, 0, 7, 5, 2, 0, 0
23180, 0, 7, 6, 1, 0, 0
23607, 2, 13, 10, 3, 2, 0
23793, 8, 19, 9, 10, 5, 3
23821, 0, 10, 8, 2, 0, 0
23914, 0, 4, 3, 1, 0, 0
24470, 13, 76, 43, 33, 10, 3
25700, 0, 6, 4, 2, 0, 0
25924, 0, 13, 10, 3, 0, 0
25936, 0, 7, 7, 0, 0, 0
27168, 13, 6, 6, 0, 11, 2
27843, 7, 16, 14, 2, 7, 0
27883, 22, 6, 4, 2, 16, 6
27974, 0, 12, 7, 5, 0, 0
28220, 1, 25, 10, 15, 1, 0
28631, 0, 16, 16, 0, 0, 0
28632, 4, 9, 8, 1, 4, 0
28633, 3, 1, 1, 0, 3, 0
28634, 1, 2, 2, 0, 1, 0
28635, 0, 1, 1, 0, 0, 0
28636, 11, 4, 4, 0, 10, 1
28637, 0, 3, 2, 1, 0, 0
28638, 7, 2, 2, 0, 6, 1
28639, 0, 1, 1, 0, 0, 0
28640, 0, 8, 7, 1, 0, 0
28641, 0, 3, 1, 2, 0, 0
28642, 0, 1, 1, 0, 0, 0
28643, 9, 7, 7, 0, 8, 1
28644, 3, 12, 7, 5, 3, 0
28645, 1, 4, 1, 3, 1, 0
28646, 6, 4, 3, 1, 3, 3
28647, 4, 2, 2, 0, 2, 2
28648, 3, 1, 1, 0, 2, 1
28649, 1, 4, 4, 0, 1, 0
28650, 0, 7, 5, 2, 0, 0
28651, 11, 5, 3, 2, 9, 2
28652, 13, 2, 2, 0, 9, 4
28653, 0, 16, 13, 3, 0, 0
28654, 0, 3, 2, 1, 0, 0
28655, 0, 1, 1, 0, 0, 0
28656, 0, 1, 1, 0, 0, 0
28657, 0, 1, 1, 0, 0, 0
28658, 0, 3, 3, 0, 0, 0
28659, 2, 2, 2, 0, 2, 0
28660, 15, 6, 6, 0, 13, 2
28661, 18, 13, 12, 1, 18, 0
28662, 0, 7, 7, 0, 0, 0
28663, 0, 3, 3, 0, 0, 0
28664, 0, 6, 4, 2, 0, 0
28665, 0, 1, 1, 0, 0, 0
28666, 0, 1, 1, 0, 0, 0
28667, 0, 5, 4, 1, 0, 0
28668, 0, 1, 1, 0, 0, 0
28669, 0, 1, 0, 1, 0, 0
28670, 5, 4, 1, 3, 0, 5
28671, 4, 9, 8, 1, 4, 0
28672, 4, 17, 7, 10, 4, 0
28673, 0, 6, 5, 1, 0, 0
1526, 41, 27, 20, 7, 24, 17
1607, 8, 6, 6, 0, 8, 0
1617, 88, 35, 32, 3, 81, 7
1729, 54, 23, 18, 5, 15, 39
1865, 54, 67, 40, 27, 29, 25
2100, 10, 10, 7, 3, 6, 4
2135, 41, 8, 8, 0, 41, 0
2995, 46, 26, 12, 14, 41, 5
3386, 36, 31, 21, 10, 29, 7
3716, 172, 57, 51, 6, 172, 0
3766, 42, 22, 20, 2, 37, 5
3877, 202, 23, 18, 5, 152, 50
4365, 8, 4, 4, 0, 6, 2
4662, 6, 2, 2, 0, 5, 1
5010, 79, 10, 9, 1, 75, 4
5260, 222, 43, 35, 8, 159, 63
5270, 30, 15, 14, 1, 18, 12
5285, 202, 25, 15, 10, 14, 188
5287, 23, 10, 9, 1, 21, 2
5656, 35, 20, 19, 1, 35, 0
5803, 1, 16, 13, 3, 1, 0
5853, 4, 9, 6, 3, 4, 0
6235, 184, 47, 38, 9, 172, 12
6773, 63, 10, 7, 3, 59, 4
6775, 3, 4, 2, 2, 3, 0
6834, 15, 43, 22, 21, 2, 13
6874, 5, 72, 68, 4, 4, 1
7018, 82, 3, 3, 0, 69, 13
7061, 29, 19, 9, 10, 28, 1
7063, 33, 13, 10, 3, 31, 2
7191, 295, 31, 30, 1, 255, 40
7560, 47, 9, 8, 1, 47, 0
7753, 11, 10, 6, 4, 7, 4
8356, 104, 30, 24, 6, 74, 30
8704, 260, 17, 11, 6, 172, 88
10033, 27, 10, 7, 3, 26, 1
10242, 5, 36, 28, 8, 4, 1
11369, 30, 16, 15, 1, 30, 0
11905, 4, 2, 2, 0, 3, 1
12791, 198, 15, 13, 2, 162, 36
13022, 11, 5, 5, 0, 10, 1
13111, 90, 11, 9, 2, 56, 34
13740, 10, 18, 10, 8, 10, 0
14195, 4, 18, 17, 1, 4, 0
14682, 24, 6, 5, 1, 20, 4
14846, 8, 10, 8, 2, 8, 0
14871, 0, 15, 12, 3, 0, 0
14976, 17, 12, 12, 0, 17, 0
15922, 97, 10, 9, 1, 96, 1
15986, 201, 18, 15, 3, 141, 60
16001, 42, 3, 3, 0, 39, 3
16037, 21, 24, 21, 3, 20, 1
16228, 57, 6, 6, 0, 47, 10
16280, 5, 7, 7, 0, 5, 0
16585, 79, 21, 12, 9, 67, 12
16750, 72, 10, 9, 1, 58, 14
16825, 15, 13, 10, 3, 15, 0
17021, 2, 7, 7, 0, 2, 0
17024, 38, 12, 12, 0, 38, 0
17091, 3, 2, 2, 0, 3, 0
17175, 71, 29, 28, 1, 71, 0
17679, 18, 20, 15, 5, 16, 2
18080, 11, 22, 16, 6, 11, 0
18140, 10, 9, 5, 4, 8, 2
18232, 12, 5, 3, 2, 9, 3
18277, 4, 6, 5, 1, 4, 0
18667, 0, 13, 12, 1, 0, 0
18800, 2, 12, 7, 5, 2, 0
18910, 4, 6, 5, 1, 3, 1
20082, 2, 3, 3, 0, 0, 2
20657, 4, 8, 7, 1, 4, 0
20821, 9, 12, 11, 1, 9, 0
22530, 186, 18, 3, 15, 25, 161
22633, 9, 6, 6, 0, 9, 0
23156, 9, 7, 7, 0, 7, 2
23609, 17, 23, 17, 6, 13, 4
23839, 26, 6, 6, 0, 26, 0
23876, 5, 3, 2, 1, 5, 0
23897, 18, 3, 3, 0, 18, 0
23904, 10, 3, 3, 0, 10, 0
24653, 203, 18, 10, 8, 33, 170
24984, 9, 12, 10, 2, 9, 0
25018, 9, 3, 2, 1, 8, 1
26494, 0, 2, 1, 1, 0, 0
27211, 19, 4, 4, 0, 14, 5
27317, 17, 20, 19, 1, 16, 1
27318, 5, 3, 3, 0, 2, 3
27319, 2, 2, 2, 0, 2, 0
27323, 3, 4, 2, 2, 1, 2
27410, 1, 4, 4, 0, 1, 0
27443, 19, 2, 2, 0, 19, 0
27804, 1, 3, 2, 1, 1, 0
28239, 19, 7, 4, 3, 7, 12
28384, 15, 10, 9, 1, 15, 0
28448, 1, 3, 3, 0, 1, 0
28674, 7, 5, 4, 1, 7, 0
28675, 29, 4, 4, 0, 29, 0
28676, 8, 4, 4, 0, 8, 0
28677, 1, 1, 1, 0, 1, 0
28678, 2, 1, 1, 0, 0, 2
28679, 1, 1, 1, 0, 1, 0
28680, 3, 1, 1, 0, 3, 0
28681, 10, 3, 2, 1, 5, 5
28682, 3, 1, 1, 0, 3, 0
28683, 2, 1, 1, 0, 2, 0
28684, 0, 1, 1, 0, 0, 0
28685, 0, 1, 1, 0, 0, 0
28686, 8, 5, 4, 1, 7, 1
28687, 5, 2, 2, 0, 2, 3
28688, 1, 2, 2, 0, 1, 0
28689, 1, 1, 1, 0, 1, 0
28690, 4, 1, 1, 0, 4, 0
28691, 52, 5, 4, 1, 20, 32
28692, 1, 1, 1, 0, 1, 0
28693, 1, 1, 1, 0, 1, 0
28694, 3, 4, 2, 2, 2, 1
28695, 9, 8, 8, 0, 9, 0
28696, 18, 2, 2, 0, 15, 3
28697, 6, 2, 2, 0, 5, 1
28698, 1, 2, 1, 1, 1, 0
28699, 19, 1, 1, 0, 14, 5
28700, 4, 1, 1, 0, 4, 0
28701, 11, 2, 2, 0, 10, 1
28702, 3, 1, 1, 0, 3, 0
28703, 52, 6, 4, 2, 44, 8
28704, 1, 3, 3, 0, 1, 0
28705, 1, 2, 2, 0, 1, 0
28706, 1, 1, 1, 0, 1, 0
28707, 1, 1, 1, 0, 1, 0
28708, 2, 2, 2, 0, 1, 1
28709, 7, 1, 1, 0, 5, 2
28710, 10, 2, 2, 0, 10, 0
28711, 1, 1, 1, 0, 1, 0
28712, 2, 3, 3, 0, 2, 0
28713, 0, 4, 4, 0, 0, 0
28714, 1, 1, 1, 0, 1, 0
28715, 11, 4, 3, 1, 11, 0
28716, 3, 9, 7, 2, 0, 3
28717, 3, 3, 3, 0, 3, 0
28718, 3, 2, 2, 0, 3, 0
28719, 1, 1, 1, 0, 1, 0
28720, 1, 2, 2, 0, 1, 0
28721, 1, 1, 1, 0, 1, 0
28722, 3, 8, 5, 3, 1, 2
28723, 27, 1, 1, 0, 21, 6
28724, 3, 1, 1, 0, 3, 0
28725, 56, 4, 3, 1, 43, 13
28726, 5, 2, 2, 0, 3, 2
28727, 26, 11, 11, 0, 25, 1
28728, 25, 4, 4, 0, 13, 12
28729, 2, 13, 7, 6, 2, 0
3511, 0, 17, 15, 2, 0, 0
15107, 43, 21, 18, 3, 42, 1
25241, 2, 6, 6, 0, 2, 0
1646, 183, 81, 35, 46, 49, 134
1995, 31, 7, 5, 2, 14, 17
2314, 0, 33, 27, 6, 0, 0
2317, 33, 59, 57, 2, 29, 4
2365, 0, 19, 19, 0, 0, 0
2763, 0, 4, 4, 0, 0, 0
3040, 20, 6, 3, 3, 17, 3
3174, 1, 5, 5, 0, 0, 1
3234, 1, 9, 9, 0, 1, 0
3283, 65, 63, 43, 20, 18, 47
3388, 25, 21, 18, 3, 19, 6
3719, 0, 101, 84, 17, 0, 0
3746, 9, 36, 34, 2, 0, 9
4500, 0, 95, 72, 23, 0, 0
4585, 4, 18, 17, 1, 4, 0
5597, 0, 70, 53, 17, 0, 0
5810, 0, 18, 14, 4, 0, 0
5823, 19, 12, 12, 0, 19, 0
6139, 11, 19, 15, 4, 9, 2
6593, 1, 7, 7, 0, 0, 1
7576, 31, 56, 49, 7, 26, 5
7967, 14, 10, 6, 4, 5, 9
8896, 202, 55, 47, 8, 148, 54
9503, 1, 10, 10, 0, 1, 0
10185, 6, 14, 13, 1, 6, 0
10660, 12, 9, 8, 1, 12, 0
11588, 19, 25, 15, 10, 19, 0
12246, 0, 16, 16, 0, 0, 0
14696, 111, 25, 23, 2, 111, 0
15824, 68, 27, 26, 1, 68, 0
16984, 0, 14, 12, 2, 0, 0
17603, 4, 7, 6, 1, 3, 1
17847, 0, 18, 16, 2, 0, 0
18332, 9, 27, 25, 2, 9, 0
18899, 1, 7, 7, 0, 1, 0
19354, 0, 6, 4, 2, 0, 0
19696, 2, 21, 14, 7, 2, 0
22093, 1, 7, 7, 0, 1, 0
22852, 2, 6, 5, 1, 2, 0
23021, 0, 2, 2, 0, 0, 0
23581, 0, 22, 19, 3, 0, 0
24225, 0, 3, 0, 3, 0, 0
24719, 48, 19, 11, 8, 17, 31
25612, 0, 11, 8, 3, 0, 0
26985, 2, 4, 4, 0, 2, 0
27708, 0, 8, 8, 0, 0, 0
28571, 0, 2, 2, 0, 0, 0
28730, 0, 1, 1, 0, 0, 0
28731, 15, 7, 4, 3, 1, 14
28732, 2, 5, 5, 0, 0, 2
28733, 1, 2, 2, 0, 1, 0
28734, 0, 1, 1, 0, 0, 0
28735, 0, 3, 3, 0, 0, 0
28736, 10, 5, 4, 1, 10, 0
28737, 2, 2, 1, 1, 2, 0
28738, 0, 3, 3, 0, 0, 0
28739, 0, 5, 1, 4, 0, 0
28740, 0, 1, 1, 0, 0, 0
28741, 0, 3, 3, 0, 0, 0
28742, 0, 5, 5, 0, 0, 0
28743, 0, 7, 3, 4, 0, 0
28744, 15, 3, 2, 1, 12, 3
6261, 0, 79, 43, 36, 0, 0
10738, 0, 60, 60, 0, 0, 0
12196, 19, 36, 2, 34, 11, 8
14951, 0, 25, 20, 5, 0, 0
28866, 0, 10, 6, 4, 0, 0
5371, 12, 10, 7, 3, 11, 1
8548, 1, 8, 6, 2, 1, 0
22381, 4, 8, 5, 3, 4, 0
23720, 0, 18, 18, 0, 0, 0
28867, 0, 3, 3, 0, 0, 0
4260, 0, 36, 33, 3, 0, 0
5893, 2, 5, 5, 0, 2, 0
8440, 0, 190, 190, 0, 0, 0
12953, 0, 35, 0, 35, 0, 0
28868, 0, 5, 5, 0, 0, 0
205, 0, 18, 13, 5, 0, 0
321, 25, 92, 80, 12, 24, 1
343, 46, 212, 183, 29, 28, 18
351, 173, 76, 70, 6, 165, 8
390, 4, 69, 65, 4, 4, 0
419, 22, 110, 90, 20, 11, 11
456, 44, 41, 36, 5, 35, 9
1515, 0, 119, 110, 9, 0, 0
1527, 22, 13, 8, 5, 16, 6
1715, 66, 41, 38, 3, 54, 12
1739, 0, 54, 47, 7, 0, 0
1770, 31, 38, 20, 18, 17, 14
2235, 14, 54, 15, 39, 2, 12
2325, 41, 39, 38, 1, 41, 0
2457, 0, 95, 89, 6, 0, 0
2755, 22, 27, 20, 7, 22, 0
2775, 71, 68, 53, 15, 66, 5
2782, 360, 171, 154, 17, 345, 15
2858, 201, 25, 19, 6, 163, 38
2918, 2, 2, 2, 0, 2, 0
2922, 8, 68, 37, 31, 4, 4
2924, 21, 65, 38, 27, 0, 21
3199, 0, 43, 34, 9, 0, 0
3623, 201, 76, 66, 10, 149, 52
3641, 157, 12, 10, 2, 150, 7
3782, 204, 23, 19, 4, 197, 7
3898, 11, 18, 18, 0, 7, 4
3982, 0, 31, 26, 5, 0, 0
3983, 3, 92, 73, 19, 3, 0
3991, 12, 19, 14, 5, 11, 1
4437, 114, 11, 11, 0, 59, 55
4564, 0, 93, 60, 33, 0, 0
4565, 20, 44, 14, 30, 4, 16
4628, 0, 6, 4, 2, 0, 0
4911, 65, 7, 7, 0, 65, 0
4921, 95, 45, 39, 6, 82, 13
4958, 11, 15, 15, 0, 11, 0
5085, 24, 11, 10, 1, 23, 1
5138, 0, 57, 34, 23, 0, 0
5147, 0, 51, 47, 4, 0, 0
5269, 2, 20, 18, 2, 2, 0
5447, 194, 55, 48, 7, 46, 148
5516, 189, 8, 5, 3, 97, 92
5716, 8, 55, 50, 5, 6, 2
5731, 0, 92, 91, 1, 0, 0
5758, 100, 88, 41, 47, 36, 64
5840, 0, 15, 14, 1, 0, 0
6331, 185, 41, 28, 13, 48, 137
6340, 0, 34, 32, 2, 0, 0
6377, 50, 154, 131, 23, 45, 5
6382, 111, 5, 4, 1, 74, 37
6692, 1, 27, 23, 4, 0, 1
6728, 47, 139, 98, 41, 47, 0
6867, 2, 120, 57, 63, 2, 0
7216, 25, 20, 9, 11, 25, 0
7605, 202, 13, 9, 4, 112, 90
7982, 26, 61, 55, 6, 24, 2
8119, 37, 3, 3, 0, 23, 14
8158, 92, 29, 24, 5, 90, 2
8171, 73, 12, 8, 4, 40, 33
8768, 4, 17, 16, 1, 4, 0
8783, 298, 20, 19, 1, 162, 136
8797, 53, 22, 17, 5, 0, 53
8970, 19, 46, 34, 12, 19, 0
8983, 2, 4, 3, 1, 2, 0
9062, 26, 52, 42, 10, 26, 0
9103, 9, 54, 50, 4, 7, 2
9233, 0, 5, 5, 0, 0, 0
9361, 4, 21, 19, 2, 3, 1
9400, 11, 12, 8, 4, 10, 1
9500, 0, 42, 37, 5, 0, 0
9577, 27, 5, 4, 1, 27, 0
9771, 45, 18, 15, 3, 45, 0
10172, 202, 10, 10, 0, 150, 52
10462, 10, 6, 5, 1, 10, 0
10509, 9, 9, 8, 1, 7, 2
10515, 13, 21, 18, 3, 13, 0
10747, 201, 26, 13, 13, 77, 124
10927, 3, 35, 28, 7, 3, 0
11541, 37, 11, 8, 3, 24, 13
11563, 1, 20, 17, 3, 1, 0
11710, 26, 4, 4, 0, 26, 0
11719, 19, 11, 10, 1, 14, 5
11816, 199, 12, 6, 6, 60, 139
12010, 71, 12, 8, 4, 7, 64
12034, 62, 20, 17, 3, 38, 24
12145, 8, 7, 4, 3, 4, 4
12295, 123, 14, 14, 0, 115, 8
12440, 14, 8, 8, 0, 11, 3
12617, 202, 44, 25, 19, 88, 114
12702, 13, 26, 24, 2, 13, 0
13036, 134, 9, 8, 1, 132, 2
13080, 100, 16, 15, 1, 92, 8
13092, 1, 61, 39, 22, 0, 1
13124, 23, 3, 3, 0, 17, 6
13248, 2, 8, 7, 1, 1, 1
13310, 67, 32, 26, 6, 66, 1
13632, 122, 17, 15, 2, 122, 0
13642, 24, 23, 19, 4, 20, 4
13848, 8, 2, 2, 0, 8, 0
13890, 1, 16, 14, 2, 1, 0
14355, 202, 19, 9, 10, 11, 191
14483, 142, 30, 18, 12, 118, 24
14686, 1, 24, 23, 1, 1, 0
14736, 197, 14, 14, 0, 194, 3
14782, 0, 50, 28, 22, 0, 0
14833, 15, 21, 20, 1, 15, 0
15309, 41, 1, 1, 0, 41, 0
15313, 4, 48, 44, 4, 1, 3
15529, 0, 10, 10, 0, 0, 0
15685, 2, 3, 3, 0, 2, 0
15899, 142, 12, 10, 2, 142, 0
15939, 14, 36, 28, 8, 12, 2
16104, 34, 19, 16, 3, 31, 3
16584, 0, 21, 19, 2, 0, 0
16691, 27, 12, 12, 0, 23, 4
17031, 48, 15, 15, 0, 48, 0
17351, 185, 20, 18, 2, 184, 1
17383, 200, 12, 11, 1, 184, 16
17389, 138, 9, 2, 7, 2, 136
17662, 113, 17, 16, 1, 105, 8
17682, 3, 12, 12, 0, 3, 0
18231, 63, 18, 15, 3, 48, 15
18533, 188, 8, 8, 0, 188, 0
18558, 0, 11, 11, 0, 0, 0
18656, 16, 6, 3, 3, 15, 1
18657, 201, 11, 8, 3, 80, 121
18659, 0, 1, 1, 0, 0, 0
18660, 0, 2, 2, 0, 0, 0
18661, 2, 1, 1, 0, 2, 0
18662, 0, 1, 1, 0, 0, 0
18663, 1, 9, 8, 1, 1, 0
18664, 15, 8, 7, 1, 13, 2
18665, 21, 1, 1, 0, 16, 5
18666, 13, 11, 8, 3, 13, 0
18668, 1, 3, 2, 1, 1, 0
18669, 10, 5, 3, 2, 8, 2
18670, 15, 11, 5, 6, 13, 2
18671, 2, 13, 13, 0, 2, 0
18672, 0, 3, 3, 0, 0, 0
18673, 105, 4, 4, 0, 89, 16
18674, 0, 3, 3, 0, 0, 0
18675, 0, 4, 4, 0, 0, 0
18676, 0, 1, 1, 0, 0, 0
18677, 12, 14, 14, 0, 12, 0
18678, 12, 1, 1, 0, 12, 0
18679, 0, 1, 1, 0, 0, 0
18680, 201, 10, 4, 6, 51, 150
18681, 88, 5, 2, 3, 1, 87
18682, 1, 6, 5, 1, 1, 0
18683, 2, 2, 2, 0, 2, 0
18684, 4, 3, 3, 0, 4, 0
18685, 0, 1, 1, 0, 0, 0
18686, 22, 1, 1, 0, 15, 7
18687, 0, 4, 2, 2, 0, 0
18688, 160, 5, 4, 1, 69, 91
18689, 0, 1, 1, 0, 0, 0
18690, 3, 2, 2, 0, 3, 0
18691, 18, 7, 7, 0, 18, 0
18692, 5, 1, 1, 0, 0, 5
18693, 1, 2, 1, 1, 1, 0
18694, 14, 9, 9, 0, 7, 7
18695, 0, 1, 1, 0, 0, 0
18696, 25, 4, 4, 0, 23, 2
18697, 0, 46, 23, 23, 0, 0
18698, 45, 21, 19, 2, 38, 7
18699, 10, 6, 5, 1, 6, 4
18700, 15, 1, 1, 0, 15, 0
18701, 28, 3, 3, 0, 19, 9
18702, 9, 3, 3, 0, 3, 6
18703, 1, 2, 2, 0, 1, 0
18704, 37, 2, 2, 0, 36, 1
18705, 2, 13, 8, 5, 2, 0
18706, 0, 1, 1, 0, 0, 0
18707, 28, 5, 4, 1, 11, 17
18708, 52, 13, 12, 1, 14, 38
18709, 0, 6, 6, 0, 0, 0
18710, 4, 7, 3, 4, 0, 4
18711, 21, 6, 5, 1, 19, 2
18712, 11, 2, 2, 0, 11, 0
18713, 86, 3, 3, 0, 86, 0
18714, 43, 6, 6, 0, 43, 0
18715, 1, 3, 2, 1, 1, 0
18716, 0, 1, 1, 0, 0, 0
18717, 2, 1, 1, 0, 2, 0
18718, 12, 1, 1, 0, 10, 2
18719, 1, 23, 13, 10, 1, 0
18720, 13, 1, 1, 0, 13, 0
18721, 152, 7, 3, 4, 53, 99
18722, 0, 2, 2, 0, 0, 0
18723, 0, 7, 7, 0, 0, 0
18724, 2, 4, 4, 0, 2, 0
18725, 0, 1, 1, 0, 0, 0
18726, 21, 2, 1, 1, 21, 0
18727, 2, 10, 4, 6, 1, 1
18728, 0, 2, 2, 0, 0, 0
18729, 3, 1, 1, 0, 3, 0
18730, 10, 1, 1, 0, 0, 10
18731, 138, 21, 19, 2, 123, 15
18732, 0, 3, 3, 0, 0, 0
18733, 18, 2, 2, 0, 16, 2
18734, 6, 5, 4, 1, 6, 0
18735, 9, 1, 1, 0, 9, 0
18736, 0, 2, 1, 1, 0, 0
18737, 1, 1, 1, 0, 0, 1
18738, 0, 2, 2, 0, 0, 0
18739, 0, 6, 3, 3, 0, 0
18740, 4, 2, 2, 0, 4, 0
18741, 13, 6, 5, 1, 12, 1
18742, 21, 1, 1, 0, 21, 0
18743, 17, 2, 2, 0, 17, 0
18744, 0, 6, 6, 0, 0, 0
18745, 0, 2, 1, 1, 0, 0
18746, 7, 1, 1, 0, 7, 0
18747, 0, 1, 1, 0, 0, 0
18748, 0, 1, 1, 0, 0, 0
18749, 3, 12, 10, 2, 3, 0
18750, 0, 1, 1, 0, 0, 0
18751, 71, 3, 2, 1, 36, 35
18752, 70, 3, 3, 0, 59, 11
18753, 4, 2, 2, 0, 4, 0
18754, 45, 6, 5, 1, 45, 0
18755, 0, 1, 1, 0, 0, 0
18756, 0, 6, 6, 0, 0, 0
18757, 10, 2, 2, 0, 9, 1
18758, 1, 6, 4, 2, 0, 1
18759, 4, 1, 1, 0, 1, 3
18760, 0, 1, 1, 0, 0, 0
18761, 15, 1, 1, 0, 14, 1
18762, 18, 4, 4, 0, 18, 0
18763, 1, 2, 2, 0, 1, 0
18764, 1, 1, 1, 0, 1, 0
18765, 0, 4, 4, 0, 0, 0
18766, 1, 5, 4, 1, 1, 0
18767, 0, 1, 1, 0, 0, 0
18768, 6, 2, 2, 0, 6, 0
1603, 35, 12, 9, 3, 16, 19
1740, 31, 54, 46, 8, 31, 0
2343, 19, 26, 19, 7, 4, 15
2816, 14, 34, 31, 3, 13, 1
3025, 2, 55, 55, 0, 2, 0
3030, 57, 38, 32, 6, 45, 12
4091, 0, 43, 43, 0, 0, 0
4232, 0, 2, 2, 0, 0, 0
4337, 200, 31, 24, 7, 50, 150
4602, 72, 45, 19, 26, 50, 22
4952, 2, 12, 10, 2, 2, 0
5960, 75, 67, 57, 10, 68, 7
7829, 7, 63, 48, 15, 7, 0
8242, 0, 14, 12, 2, 0, 0
9513, 10, 22, 16, 6, 10, 0
9830, 1, 20, 11, 9, 1, 0
10659, 27, 19, 19, 0, 25, 2
12968, 4, 33, 28, 5, 4, 0
14799, 1, 7, 6, 1, 1, 0
17208, 202, 33, 15, 18, 31, 171
19122, 9, 10, 9, 1, 9, 0
19236, 26, 48, 20, 28, 19, 7
21246, 12, 13, 9, 4, 5, 7
27806, 2, 7, 4, 3, 2, 0
28976, 0, 4, 4, 0, 0, 0
28977, 1, 1, 1, 0, 1, 0
28978, 0, 2, 2, 0, 0, 0
28979, 1, 1, 1, 0, 1, 0
28980, 0, 4, 3, 1, 0, 0
28981, 0, 2, 1, 1, 0, 0
28982, 0, 1, 1, 0, 0, 0
28983, 1, 4, 4, 0, 1, 0
28984, 135, 3, 2, 1, 11, 124
28985, 1, 15, 10, 5, 0, 1
28986, 5, 6, 6, 0, 5, 0
28987, 2, 1, 1, 0, 0, 2
28988, 36, 2, 2, 0, 36, 0
28989, 3, 11, 7, 4, 3, 0
347, 160, 19, 14, 5, 120, 40
448, 13, 5, 4, 1, 8, 5
461, 74, 18, 17, 1, 72, 2
1700, 0, 257, 207, 50, 0, 0
1837, 319, 18, 13, 5, 262, 57
3066, 201, 7, 7, 0, 198, 3
3347, 4, 197, 185, 12, 4, 0
5084, 93, 13, 12, 1, 29, 64
7631, 61, 10, 9, 1, 30, 31
8064, 128, 73, 58, 15, 95, 33
8151, 5, 17, 16, 1, 4, 1
8277, 168, 24, 22, 2, 156, 12
8773, 46, 26, 24, 2, 44, 2
8777, 57, 8, 8, 0, 52, 5
9193, 201, 21, 18, 3, 201, 0
9507, 65, 22, 21, 1, 48, 17
10442, 27, 3, 3, 0, 27, 0
10455, 188, 8, 8, 0, 182, 6
10469, 43, 32, 30, 2, 42, 1
10573, 9, 21, 18, 3, 9, 0
11752, 72, 7, 7, 0, 68, 4
13795, 80, 9, 7, 2, 28, 52
14273, 136, 16, 15, 1, 127, 9
14322, 33, 3, 3, 0, 33, 0
14417, 14, 4, 4, 0, 14, 0
15095, 179, 10, 10, 0, 179, 0
15243, 0, 6, 6, 0, 0, 0
15863, 166, 9, 9, 0, 124, 42
15893, 27, 5, 5, 0, 27, 0
16466, 5, 25, 18, 7, 5, 0
16737, 201, 17, 9, 8, 77, 124
16771, 56, 12, 7, 5, 38, 18
18333, 41, 4, 4, 0, 38, 3
19133, 20, 4, 4, 0, 20, 0
19372, 16, 2, 2, 0, 16, 0
21890, 17, 5, 3, 2, 17, 0
22898, 42, 18, 17, 1, 36, 6
23801, 194, 13, 13, 0, 192, 2
24055, 71, 10, 10, 0, 65, 6
24077, 18, 16, 16, 0, 18, 0
25212, 202, 14, 12, 2, 202, 0
26008, 94, 4, 3, 1, 55, 39
26264, 2, 6, 6, 0, 2, 0
27603, 46, 9, 9, 0, 46, 0
27775, 18, 14, 11, 3, 14, 4
28990, 20, 6, 6, 0, 17, 3
28991, 0, 2, 2, 0, 0, 0
28992, 18, 5, 2, 3, 15, 3
28993, 35, 6, 6, 0, 35, 0
28994, 84, 7, 5, 2, 68, 16
28995, 37, 4, 4, 0, 30, 7
28996, 23, 2, 2, 0, 23, 0
28997, 56, 14, 13, 1, 50, 6
28998, 17, 2, 2, 0, 15, 2
28999, 10, 14, 6, 8, 9, 1
29000, 0, 4, 4, 0, 0, 0
29001, 199, 6, 4, 2, 126, 73
29002, 3, 1, 1, 0, 3, 0
29003, 16, 1, 1, 0, 16, 0
29004, 0, 3, 2, 1, 0, 0
29005, 10, 7, 7, 0, 9, 1
29006, 71, 4, 4, 0, 71, 0
29007, 11, 2, 2, 0, 10, 1
29008, 9, 10, 9, 1, 9, 0
29009, 44, 4, 4, 0, 39, 5
29010, 0, 1, 1, 0, 0, 0
29011, 7, 2, 2, 0, 7, 0
29012, 2, 1, 1, 0, 2, 0
29013, 13, 3, 3, 0, 12, 1
29014, 5, 1, 1, 0, 5, 0
29015, 9, 3, 3, 0, 8, 1
29016, 2, 1, 1, 0, 2, 0
262, 0, 123, 114, 9, 0, 0
3034, 7, 64, 46, 18, 2, 5
7292, 0, 54, 52, 2, 0, 0
10262, 19, 29, 22, 7, 18, 1
13037, 32, 81, 54, 27, 31, 1
16358, 47, 14, 14, 0, 47, 0
1726, 9, 136, 112, 24, 8, 1
2153, 0, 94, 39, 55, 0, 0
2970, 203, 34, 34, 0, 203, 0
3335, 1, 16, 16, 0, 1, 0
3646, 31, 12, 12, 0, 31, 0
4530, 43, 46, 32, 14, 14, 29
4669, 1, 41, 28, 13, 1, 0
5267, 201, 33, 26, 7, 123, 78
5297, 3, 170, 125, 45, 1, 2
5586, 200, 21, 20, 1, 200, 0
5877, 0, 26, 24, 2, 0, 0
5904, 25, 74, 71, 3, 25, 0
5938, 0, 84, 84, 0, 0, 0
6101, 0, 6, 5, 1, 0, 0
6108, 147, 26, 20, 6, 137, 10
6207, 73, 16, 14, 2, 51, 22
6234, 3, 54, 26, 28, 3, 0
8602, 13, 73, 49, 24, 11, 2
8680, 52, 8, 7, 1, 49, 3
8895, 428, 55, 52, 3, 428, 0
9428, 26, 4, 3, 1, 23, 3
10038, 202, 41, 38, 3, 202, 0
11604, 1, 32, 26, 6, 1, 0
12744, 1, 30, 24, 6, 1, 0
13009, 171, 14, 13, 1, 169, 2
13516, 7, 10, 7, 3, 7, 0
13782, 2, 29, 27, 2, 2, 0
13940, 0, 3, 2, 1, 0, 0
13975, 0, 23, 18, 5, 0, 0
14595, 104, 27, 14, 13, 104, 0
16289, 26, 4, 3, 1, 25, 1
16394, 0, 20, 18, 2, 0, 0
18374, 87, 16, 10, 6, 2, 85
18401, 2, 16, 7, 9, 1, 1
19164, 2, 18, 16, 2, 2, 0
20682, 0, 5, 5, 0, 0, 0
21842, 9, 5, 5, 0, 6, 3
23266, 13, 8, 6, 2, 7, 6
26067, 54, 4, 4, 0, 54, 0
26692, 46, 17, 15, 2, 46, 0
29017, 0, 6, 5, 1, 0, 0
29018, 0, 4, 2, 2, 0, 0
29019, 0, 4, 2, 2, 0, 0
29020, 0, 1, 1, 0, 0, 0
29021, 0, 7, 7, 0, 0, 0
29022, 1, 5, 1, 4, 0, 1
4700, 0, 38, 23, 15, 0, 0
25142, 17, 12, 10, 2, 16, 1
29023, 0, 4, 4, 0, 0, 0
10397, 0, 16, 14, 2, 0, 0
29024, 7, 3, 3, 0, 7, 0
1582, 5, 192, 152, 40, 5, 0
4434, 11, 17, 16, 1, 11, 0
7249, 6, 21, 21, 0, 6, 0
10387, 1, 3, 2, 1, 0, 1
14627, 33, 38, 33, 5, 20, 13
29025, 0, 3, 1, 2, 0, 0
232, 63, 7, 6, 1, 49, 14
2003, 24, 69, 49, 20, 21, 3
11731, 199, 9, 8, 1, 160, 39
11786, 0, 36, 23, 13, 0, 0
15538, 0, 19, 10, 9, 0, 0
29026, 6, 4, 4, 0, 6, 0
29027, 2, 2, 2, 0, 2, 0
29028, 7, 3, 3, 0, 7, 0
29029, 2, 2, 2, 0, 2, 0
220, 0, 1, 1, 0, 0, 0
221, 1, 7, 4, 3, 1, 0
222, 27, 28, 20, 8, 16, 11
223, 5, 2, 2, 0, 5, 0
224, 11, 6, 5, 1, 10, 1
225, 0, 1, 1, 0, 0, 0
226, 0, 4, 4, 0, 0, 0
227, 0, 20, 19, 1, 0, 0
228, 7, 14, 13, 1, 7, 0
229, 2, 6, 3, 3, 2, 0
230, 0, 7, 5, 2, 0, 0
234, 171, 39, 31, 8, 123, 48
235, 11, 10, 10, 0, 7, 4
236, 2, 3, 3, 0, 2, 0
237, 0, 1, 1, 0, 0, 0
238, 12, 11, 8, 3, 7, 5
239, 2, 3, 3, 0, 2, 0
240, 0, 1, 1, 0, 0, 0
241, 14, 59, 53, 6, 14, 0
242, 0, 2, 2, 0, 0, 0
243, 2, 10, 6, 4, 2, 0
246, 1, 13, 7, 6, 1, 0
247, 42, 1, 1, 0, 39, 3
248, 0, 1, 1, 0, 0, 0
249, 29, 19, 8, 11, 10, 19
250, 0, 2, 2, 0, 0, 0
251, 8, 14, 10, 4, 8, 0
252, 0, 1, 1, 0, 0, 0
253, 0, 28, 23, 5, 0, 0
254, 0, 17, 14, 3, 0, 0
255, 1, 2, 2, 0, 1, 0
256, 149, 19, 13, 6, 78, 71
257, 1, 15, 12, 3, 1, 0
259, 15, 11, 8, 3, 15, 0
260, 0, 6, 6, 0, 0, 0
261, 52, 9, 9, 0, 37, 15
264, 10, 49, 47, 2, 10, 0
265, 37, 3, 3, 0, 34, 3
267, 0, 7, 5, 2, 0, 0
268, 0, 1, 1, 0, 0, 0
269, 10, 42, 38, 4, 9, 1
270, 16, 13, 13, 0, 13, 3
271, 0, 6, 6, 0, 0, 0
272, 0, 1, 1, 0, 0, 0
273, 5, 177, 160, 17, 5, 0
274, 0, 4, 3, 1, 0, 0
275, 29, 13, 11, 2, 23, 6
276, 0, 63, 58, 5, 0, 0
278, 0, 2, 2, 0, 0, 0
279, 2, 4, 4, 0, 2, 0
280, 0, 2, 1, 1, 0, 0
281, 0, 1, 1, 0, 0, 0
282, 15, 5, 5, 0, 15, 0
283, 0, 1, 1, 0, 0, 0
284, 0, 8, 7, 1, 0, 0
285, 0, 3, 3, 0, 0, 0
287, 2, 7, 7, 0, 2, 0
288, 17, 10, 9, 1, 17, 0
289, 3, 3, 3, 0, 3, 0
290, 3, 86, 69, 17, 3, 0
291, 0, 4, 4, 0, 0, 0
292, 2, 3, 3, 0, 2, 0
293, 0, 1, 1, 0, 0, 0
294, 0, 1, 1, 0, 0, 0
295, 4, 1, 1, 0, 4, 0
296, 4, 34, 8, 26, 3, 1
297, 0, 6, 3, 3, 0, 0
298, 18, 44, 41, 3, 1, 17
299, 1, 3, 3, 0, 1, 0
300, 9, 19, 14, 5, 7, 2
301, 48, 6, 4, 2, 18, 30
302, 0, 2, 2, 0, 0, 0
303, 15, 1, 1, 0, 14, 1
304, 0, 1, 1, 0, 0, 0
305, 0, 3, 3, 0, 0, 0
306, 0, 17, 16, 1, 0, 0
307, 0, 1, 1, 0, 0, 0
309, 4, 6, 5, 1, 4, 0
310, 3, 64, 38, 26, 1, 2
311, 50, 48, 34, 14, 50, 0
312, 0, 2, 2, 0, 0, 0
314, 14, 9, 7, 2, 14, 0
315, 0, 65, 61, 4, 0, 0
316, 4, 13, 12, 1, 4, 0
317, 1, 4, 4, 0, 1, 0
318, 13, 4, 2, 2, 6, 7
319, 2, 6, 3, 3, 2, 0
320, 78, 26, 26, 0, 78, 0
322, 9, 5, 3, 2, 5, 4
323, 17, 23, 16, 7, 8, 9
325, 63, 11, 9, 2, 63, 0
326, 0, 1, 1, 0, 0, 0
327, 1, 1, 1, 0, 1, 0
328, 10, 70, 38, 32, 8, 2
329, 102, 40, 36, 4, 102, 0
331, 186, 17, 11, 6, 50, 136
332, 0, 1, 1, 0, 0, 0
333, 0, 3, 2, 1, 0, 0
334, 0, 3, 1, 2, 0, 0
335, 1, 2, 2, 0, 1, 0
336, 111, 31, 26, 5, 97, 14
337, 9, 51, 47, 4, 9, 0
338, 7, 24, 12, 12, 3, 4
339, 1, 1, 1, 0, 1, 0
340, 2, 9, 6, 3, 2, 0
341, 0, 37, 33, 4, 0, 0
342, 1, 1, 1, 0, 1, 0
344, 12, 3, 2, 1, 10, 2
345, 63, 11, 7, 4, 47, 16
346, 0, 1, 1, 0, 0, 0
348, 3, 62, 48, 14, 3, 0
349, 0, 27, 15, 12, 0, 0
352, 0, 120, 66, 54, 0, 0
353, 3, 14, 9, 5, 3, 0
355, 1, 1, 1, 0, 1, 0
356, 1, 54, 43, 11, 0, 1
357, 1, 2, 2, 0, 1, 0
358, 18, 2, 2, 0, 14, 4
359, 0, 1, 1, 0, 0, 0
360, 0, 3, 1, 2, 0, 0
361, 18, 14, 14, 0, 14, 4
363, 0, 1, 1, 0, 0, 0
364, 14, 5, 4, 1, 8, 6
365, 0, 4, 4, 0, 0, 0
366, 20, 68, 52, 16, 18, 2
368, 0, 4, 3, 1, 0, 0
369, 51, 21, 20, 1, 50, 1
370, 8, 10, 10, 0, 8, 0
371, 0, 1, 1, 0, 0, 0
372, 0, 15, 13, 2, 0, 0
373, 0, 11, 8, 3, 0, 0
374, 0, 2, 2, 0, 0, 0
375, 0, 10, 8, 2, 0, 0
376, 0, 2, 1, 1, 0, 0
377, 1, 2, 2, 0, 1, 0
378, 25, 41, 35, 6, 22, 3
379, 16, 7, 7, 0, 14, 2
380, 0, 2, 2, 0, 0, 0
381, 0, 31, 24, 7, 0, 0
382, 0, 1, 1, 0, 0, 0
383, 3, 4, 4, 0, 2, 1
384, 26, 22, 16, 6, 25, 1
385, 0, 2, 2, 0, 0, 0
386, 6, 5, 5, 0, 4, 2
387, 95, 128, 75, 53, 95, 0
388, 0, 41, 39, 2, 0, 0
389, 0, 14, 12, 2, 0, 0
391, 0, 6, 5, 1, 0, 0
392, 0, 18, 13, 5, 0, 0
393, 47, 15, 14, 1, 40, 7
394, 10, 26, 24, 2, 7, 3
395, 0, 19, 18, 1, 0, 0
396, 0, 1, 1, 0, 0, 0
397, 15, 2, 2, 0, 13, 2
398, 26, 57, 53, 4, 26, 0
399, 0, 1, 1, 0, 0, 0
400, 243, 16, 12, 4, 96, 147
401, 40, 27, 16, 11, 9, 31
402, 108, 46, 40, 6, 90, 18
403, 39, 1, 1, 0, 21, 18
404, 4, 3, 3, 0, 4, 0
405, 8, 6, 6, 0, 6, 2
406, 0, 1, 1, 0, 0, 0
407, 0, 1, 1, 0, 0, 0
408, 12, 36, 27, 9, 12, 0
409, 0, 13, 11, 2, 0, 0
410, 0, 7, 6, 1, 0, 0
411, 0, 133, 73, 60, 0, 0
412, 0, 18, 11, 7, 0, 0
413, 0, 17, 17, 0, 0, 0
414, 48, 36, 29, 7, 45, 3
415, 72, 7, 6, 1, 57, 15
416, 1, 2, 1, 1, 0, 1
418, 13, 3, 2, 1, 13, 0
420, 0, 2, 1, 1, 0, 0
421, 3, 164, 143, 21, 3, 0
422, 0, 1, 1, 0, 0, 0
423, 0, 312, 252, 60, 0, 0
424, 0, 1, 1, 0, 0, 0
425, 0, 105, 92, 13, 0, 0
426, 200, 15, 14, 1, 200, 0
427, 4, 66, 55, 11, 4, 0
428, 0, 33, 29, 4, 0, 0
429, 0, 5, 3, 2, 0, 0
430, 3, 30, 23, 7, 0, 3
431, 2, 4, 4, 0, 2, 0
433, 172, 231, 42, 189, 32, 140
434, 0, 26, 10, 16, 0, 0
435, 1, 14, 11, 3, 1, 0
436, 0, 1, 1, 0, 0, 0
437, 8, 90, 65, 25, 8, 0
438, 24, 83, 30, 53, 18, 6
439, 0, 31, 31, 0, 0, 0
440, 13, 3, 3, 0, 13, 0
441, 0, 1, 1, 0, 0, 0
442, 6, 8, 7, 1, 6, 0
443, 1, 5, 5, 0, 1, 0
444, 90, 22, 19, 3, 38, 52
445, 43, 8, 8, 0, 39, 4
446, 0, 5, 5, 0, 0, 0
447, 0, 5, 5, 0, 0, 0
449, 0, 1, 1, 0, 0, 0
450, 0, 529, 519, 10, 0, 0
451, 6, 1, 1, 0, 6, 0
452, 0, 219, 181, 38, 0, 0
453, 53, 18, 14, 4, 43, 10
454, 0, 3, 3, 0, 0, 0
455, 7, 10, 8, 2, 7, 0
457, 0, 3, 1, 2, 0, 0
458, 24, 5, 5, 0, 14, 10
459, 0, 5, 5, 0, 0, 0
462, 1, 3, 1, 2, 1, 0
463, 0, 1, 1, 0, 0, 0
464, 0, 116, 91, 25, 0, 0
466, 1, 6, 6, 0, 1, 0
467, 0, 2, 2, 0, 0, 0
468, 5, 1, 1, 0, 5, 0
469, 0, 1, 1, 0, 0, 0
470, 0, 1, 1, 0, 0, 0
471, 0, 1, 1, 0, 0, 0
472, 0, 3, 2, 1, 0, 0
473, 8, 2, 2, 0, 3, 5
474, 4, 6, 6, 0, 3, 1
475, 0, 10, 10, 0, 0, 0
477, 14, 8, 8, 0, 13, 1
479, 0, 33, 32, 1, 0, 0
480, 0, 2, 1, 1, 0, 0
481, 1, 34, 31, 3, 1, 0
482, 0, 2, 2, 0, 0, 0
483, 8, 59, 37, 22, 7, 1
484, 1, 4, 4, 0, 1, 0
485, 0, 5, 3, 2, 0, 0
486, 0, 3, 3, 0, 0, 0
488, 2, 30, 20, 10, 2, 0
489, 4, 19, 12, 7, 4, 0
490, 0, 32, 18, 14, 0, 0
491, 0, 8, 8, 0, 0, 0
492, 0, 9, 6, 3, 0, 0
493, 1, 1, 1, 0, 1, 0
494, 0, 2, 1, 1, 0, 0
495, 41, 29, 25, 4, 38, 3
496, 8, 3, 3, 0, 2, 6
498, 0, 14, 11, 3, 0, 0
499, 11, 19, 12, 7, 9, 2
500, 2, 7, 3, 4, 2, 0
502, 0, 1, 1, 0, 0, 0
503, 0, 37, 28, 9, 0, 0
504, 0, 1, 1, 0, 0, 0
505, 0, 1, 1, 0, 0, 0
506, 5, 14, 7, 7, 5, 0
507, 0, 11, 8, 3, 0, 0
508, 0, 70, 63, 7, 0, 0
511, 0, 15, 14, 1, 0, 0
512, 0, 96, 45, 51, 0, 0
513, 0, 9, 7, 2, 0, 0
514, 12, 7, 6, 1, 11, 1
516, 0, 9, 9, 0, 0, 0
517, 0, 44, 8, 36, 0, 0
518, 0, 5, 1, 4, 0, 0
519, 0, 6, 4, 2, 0, 0
520, 26, 6, 6, 0, 11, 15
521, 7, 18, 15, 3, 5, 2
522, 12, 4, 4, 0, 12, 0
523, 0, 5, 4, 1, 0, 0
525, 14, 2, 2, 0, 13, 1
527, 7, 18, 13, 5, 5, 2
528, 160, 30, 30, 0, 159, 1
529, 3, 2, 2, 0, 3, 0
532, 0, 2, 2, 0, 0, 0
533, 0, 1, 1, 0, 0, 0
534, 1, 127, 8, 119, 1, 0
535, 0, 2, 1, 1, 0, 0
536, 0, 1, 1, 0, 0, 0
537, 10, 3, 2, 1, 9, 1
538, 0, 14, 10, 4, 0, 0
540, 6, 6, 5, 1, 6, 0
541, 6, 7, 4, 3, 3, 3
543, 0, 2, 2, 0, 0, 0
544, 11, 4, 4, 0, 8, 3
545, 18, 5, 3, 2, 16, 2
546, 0, 60, 37, 23, 0, 0
547, 35, 2, 2, 0, 32, 3
548, 0, 75, 70, 5, 0, 0
549, 27, 41, 38, 3, 27, 0
551, 14, 286, 233, 53, 3, 11
552, 0, 6, 6, 0, 0, 0
553, 0, 65, 56, 9, 0, 0
554, 0, 23, 18, 5, 0, 0
555, 0, 62, 42, 20, 0, 0
556, 0, 1, 1, 0, 0, 0
557, 22, 6, 6, 0, 22, 0
559, 0, 2, 2, 0, 0, 0
560, 11, 6, 5, 1, 11, 0
561, 6, 6, 6, 0, 6, 0
562, 24, 42, 19, 23, 2, 22
564, 8, 20, 17, 3, 8, 0
565, 17, 53, 39, 14, 13, 4
566, 1, 98, 66, 32, 1, 0
568, 0, 1, 1, 0, 0, 0
569, 1, 4, 4, 0, 1, 0
570, 0, 2, 1, 1, 0, 0
571, 3, 2, 2, 0, 0, 3
573, 0, 9, 6, 3, 0, 0
575, 13, 14, 10, 4, 13, 0
576, 163, 51, 42, 9, 156, 7
577, 1, 2, 2, 0, 0, 1
579, 0, 7, 7, 0, 0, 0
580, 29, 9, 5, 4, 29, 0
581, 0, 3, 3, 0, 0, 0
582, 0, 1, 1, 0, 0, 0
583, 0, 2, 2, 0, 0, 0
584, 0, 6, 6, 0, 0, 0
585, 5, 6, 5, 1, 5, 0
586, 0, 1, 1, 0, 0, 0
587, 0, 25, 22, 3, 0, 0
588, 30, 12, 9, 3, 9, 21
589, 0, 2, 2, 0, 0, 0
590, 3, 54, 48, 6, 1, 2
591, 2, 2, 2, 0, 2, 0
592, 1, 10, 8, 2, 0, 1
593, 19, 12, 4, 8, 2, 17
594, 0, 2, 1, 1, 0, 0
595, 6, 11, 10, 1, 3, 3
596, 1, 29, 28, 1, 1, 0
597, 1, 16, 8, 8, 1, 0
598, 10, 23, 21, 2, 9, 1
600, 8, 4, 4, 0, 8, 0
601, 2, 120, 83, 37, 0, 2
602, 2, 7, 6, 1, 2, 0
603, 0, 5, 2, 3, 0, 0
604, 0, 20, 20, 0, 0, 0
605, 110, 46, 44, 2, 106, 4
606, 39, 16, 14, 2, 34, 5
607, 2, 1, 1, 0, 2, 0
608, 0, 1, 1, 0, 0, 0
609, 26, 23, 7, 16, 21, 5
610, 0, 1, 1, 0, 0, 0
611, 2, 4, 1, 3, 2, 0
2007, 10, 115, 79, 36, 10, 0
3054, 73, 272, 119, 153, 71, 2
3190, 2, 81, 60, 21, 2, 0
4067, 20, 274, 128, 146, 15, 5
4595, 1, 61, 13, 48, 0, 1
4617, 15, 108, 74, 34, 13, 2
6153, 0, 50, 45, 5, 0, 0
6156, 0, 11, 6, 5, 0, 0
8284, 0, 5, 2, 3, 0, 0
8706, 6, 7, 4, 3, 5, 1
9232, 0, 18, 14, 4, 0, 0
9237, 163, 48, 37, 11, 13, 150
9403, 0, 30, 28, 2, 0, 0
9552, 14, 22, 17, 5, 14, 0
9791, 12, 24, 8, 16, 7, 5
10091, 0, 20, 8, 12, 0, 0
10209, 31, 13, 4, 9, 7, 24
11143, 0, 37, 29, 8, 0, 0
12534, 0, 21, 18, 3, 0, 0
12775, 3, 13, 7, 6, 3, 0
12960, 4, 36, 21, 15, 2, 2
14762, 8, 8, 6, 2, 8, 0
14981, 0, 21, 3, 18, 0, 0
16597, 4, 12, 12, 0, 3, 1
16991, 0, 41, 28, 13, 0, 0
17663, 64, 20, 3, 17, 63, 1
18204, 19, 25, 22, 3, 19, 0
18968, 68, 23, 19, 4, 55, 13
19039, 48, 29, 16, 13, 44, 4
19244, 0, 2, 0, 2, 0, 0
20056, 5, 5, 4, 1, 2, 3
20932, 6, 3, 0, 3, 1, 5
21434, 79, 26, 19, 7, 17, 62
22514, 0, 17, 1, 16, 0, 0
25697, 14, 20, 12, 8, 14, 0
27473, 0, 11, 3, 8, 0, 0
27629, 4, 8, 6, 2, 4, 0
29030, 0, 5, 3, 2, 0, 0
29031, 3, 11, 4, 7, 3, 0
29032, 3, 17, 8, 9, 3, 0
29033, 0, 1, 0, 1, 0, 0
29034, 1, 3, 1, 2, 1, 0
29035, 0, 2, 0, 2, 0, 0
29036, 7, 3, 1, 2, 4, 3
29037, 0, 9, 1, 8, 0, 0
29038, 0, 3, 1, 2, 0, 0
29039, 0, 1, 0, 1, 0, 0
29040, 0, 2, 1, 1, 0, 0
29041, 2, 4, 2, 2, 2, 0
29042, 16, 3, 1, 2, 8, 8
214, 3, 7, 0, 7, 3, 0
1549, 3, 74, 30, 44, 3, 0
3942, 64, 53, 44, 9, 51, 13
4014, 261, 180, 169, 11, 261, 0
4136, 22, 61, 54, 7, 22, 0
4917, 28, 24, 22, 2, 22, 6
5709, 8, 20, 19, 1, 8, 0
5767, 43, 68, 36, 32, 29, 14
6595, 1, 80, 77, 3, 1, 0
6709, 0, 33, 28, 5, 0, 0
7082, 5, 28, 26, 2, 5, 0
7827, 21, 110, 87, 23, 19, 2
8600, 0, 150, 43, 107, 0, 0
8838, 15, 9, 9, 0, 12, 3
8966, 5, 36, 29, 7, 3, 2
9499, 0, 60, 55, 5, 0, 0
10131, 0, 35, 17, 18, 0, 0
11397, 0, 15, 11, 4, 0, 0
12395, 9, 10, 5, 5, 6, 3
12475, 18, 34, 34, 0, 13, 5
14017, 43, 24, 16, 8, 42, 1
16614, 1, 2, 2, 0, 1, 0
17595, 0, 21, 21, 0, 0, 0
19253, 0, 4, 0, 4, 0, 0
22376, 0, 3, 3, 0, 0, 0
22606, 151, 22, 21, 1, 151, 0
29043, 0, 7, 7, 0, 0, 0
29044, 0, 1, 1, 0, 0, 0
29045, 2, 5, 3, 2, 1, 1
29046, 0, 3, 1, 2, 0, 0
29047, 0, 11, 8, 3, 0, 0
29048, 0, 1, 0, 1, 0, 0
29049, 0, 4, 2, 2, 0, 0
2452, 0, 496, 477, 19, 0, 0
3610, 11, 8, 7, 1, 11, 0
8106, 0, 27, 27, 0, 0, 0
9376, 17, 29, 23, 6, 9, 8
16408, 14, 15, 13, 2, 14, 0
20328, 94, 10, 10, 0, 79, 15
29050, 0, 8, 8, 0, 0, 0
29051, 0, 3, 3, 0, 0, 0
29052, 1, 12, 10, 2, 1, 0
29053, 19, 3, 3, 0, 19, 0
1892, 5, 21, 20, 1, 5, 0
2059, 12, 13, 9, 4, 11, 1
2090, 6, 17, 8, 9, 6, 0
2331, 23, 6, 6, 0, 19, 4
2804, 46, 24, 17, 7, 42, 4
2906, 373, 57, 53, 4, 306, 67
3177, 103, 22, 19, 3, 86, 17
3185, 91, 16, 15, 1, 86, 5
3301, 93, 8, 8, 0, 93, 0
3478, 95, 18, 15, 3, 81, 14
3508, 13, 8, 4, 4, 9, 4
3637, 40, 30, 28, 2, 40, 0
3712, 35, 49, 43, 6, 32, 3
3780, 104, 63, 47, 16, 104, 0
3943, 109, 122, 103, 19, 90, 19
4107, 6, 6, 6, 0, 6, 0
4295, 126, 19, 19, 0, 76, 50
4312, 86, 31, 23, 8, 64, 22
4339, 9, 12, 6, 6, 9, 0
4444, 95, 19, 17, 2, 95, 0
4773, 47, 129, 122, 7, 47, 0
4852, 257, 29, 27, 2, 248, 9
4859, 28, 20, 14, 6, 21, 7
4879, 138, 95, 86, 9, 138, 0
4923, 39, 36, 34, 2, 39, 0
5101, 66, 39, 37, 2, 61, 5
5462, 32, 10, 9, 1, 30, 2
5531, 135, 17, 15, 2, 70, 65
5605, 15, 30, 25, 5, 15, 0
5849, 54, 33, 15, 18, 54, 0
5958, 201, 22, 22, 0, 198, 3
6094, 27, 35, 35, 0, 27, 0
6209, 133, 9, 9, 0, 125, 8
6373, 19, 10, 8, 2, 19, 0
6389, 11, 46, 45, 1, 10, 1
6496, 202, 17, 16, 1, 182, 20
6521, 37, 37, 35, 2, 36, 1
6719, 21, 4, 4, 0, 21, 0
6879, 8, 8, 7, 1, 8, 0
7069, 201, 21, 20, 1, 201, 0
7304, 122, 44, 41, 3, 94, 28
7481, 68, 18, 14, 4, 68, 0
7604, 97, 14, 14, 0, 97, 0
7606, 108, 21, 12, 9, 82, 26
7705, 14, 12, 12, 0, 13, 1
7769, 0, 20, 20, 0, 0, 0
7885, 6, 41, 39, 2, 5, 1
7924, 28, 9, 8, 1, 28, 0
7951, 199, 9, 8, 1, 97, 102
7957, 23, 5, 3, 2, 23, 0
8032, 208, 23, 21, 2, 184, 24
8068, 190, 16, 11, 5, 151, 39
8087, 56, 11, 10, 1, 56, 0
8149, 184, 11, 8, 3, 111, 73
8328, 36, 18, 16, 2, 34, 2
8682, 40, 4, 4, 0, 40, 0
8843, 22, 6, 6, 0, 22, 0
8845, 10, 14, 13, 1, 10, 0
8930, 147, 5, 5, 0, 141, 6
8954, 144, 10, 10, 0, 144, 0
9080, 203, 6, 6, 0, 203, 0
9320, 8, 28, 25, 3, 4, 4
9470, 201, 29, 25, 4, 178, 23
9479, 25, 5, 5, 0, 25, 0
9593, 143, 17, 13, 4, 92, 51
9730, 16, 25, 20, 5, 16, 0
9866, 18, 62, 60, 2, 17, 1
9955, 28, 5, 4, 1, 20, 8
9956, 136, 35, 29, 6, 136, 0
10055, 148, 17, 15, 2, 38, 110
10141, 0, 23, 23, 0, 0, 0
10721, 18, 5, 5, 0, 18, 0
11316, 4, 9, 7, 2, 3, 1
11550, 62, 18, 16, 2, 53, 9
11611, 95, 40, 20, 20, 40, 55
11779, 91, 16, 16, 0, 89, 2
11897, 38, 32, 20, 12, 19, 19
12443, 3, 37, 36, 1, 3, 0
12616, 76, 14, 13, 1, 66, 10
12749, 117, 15, 9, 6, 117, 0
12854, 14, 10, 8, 2, 11, 3
13158, 54, 15, 13, 2, 42, 12
13174, 13, 28, 21, 7, 12, 1
13280, 0, 12, 6, 6, 0, 0
13328, 16, 20, 16, 4, 15, 1
13329, 123, 7, 6, 1, 123, 0
13688, 60, 21, 20, 1, 58, 2
14024, 47, 8, 7, 1, 37, 10
14072, 20, 5, 3, 2, 20, 0
14619, 96, 14, 9, 5, 63, 33
14749, 72, 6, 5, 1, 63, 9
15206, 40, 19, 19, 0, 40, 0
15221, 2, 28, 27, 1, 2, 0
15364, 65, 5, 5, 0, 65, 0
15382, 13, 6, 4, 2, 13, 0
15595, 25, 6, 6, 0, 25, 0
15854, 34, 6, 4, 2, 34, 0
15873, 31, 5, 4, 1, 27, 4
15913, 202, 15, 9, 6, 60, 142
15940, 30, 5, 4, 1, 28, 2
16011, 37, 6, 6, 0, 36, 1
16053, 14, 11, 11, 0, 12, 2
16203, 10, 8, 8, 0, 10, 0
16376, 77, 7, 7, 0, 54, 23
16430, 91, 46, 45, 1, 89, 2
16666, 114, 24, 23, 1, 105, 9
16669, 23, 22, 21, 1, 22, 1
16997, 53, 1, 1, 0, 45, 8
17038, 39, 37, 24, 13, 34, 5
17258, 30, 3, 3, 0, 22, 8
17314, 17, 16, 12, 4, 14, 3
17766, 0, 17, 14, 3, 0, 0
18546, 203, 22, 18, 4, 47, 156
18888, 201, 13, 10, 3, 136, 65
18988, 44, 8, 5, 3, 35, 9
19102, 68, 11, 10, 1, 41, 27
19356, 2, 18, 16, 2, 2, 0
19378, 31, 6, 5, 1, 31, 0
19406, 21, 14, 14, 0, 21, 0
19986, 84, 10, 10, 0, 82, 2
20067, 66, 7, 7, 0, 66, 0
20401, 0, 29, 26, 3, 0, 0
20787, 24, 16, 12, 4, 24, 0
20793, 15, 7, 7, 0, 15, 0
21321, 37, 2, 2, 0, 32, 5
21391, 7, 6, 6, 0, 7, 0
21537, 51, 10, 10, 0, 46, 5
21547, 111, 17, 17, 0, 111, 0
21787, 64, 16, 16, 0, 63, 1
22101, 201, 25, 17, 8, 28, 173
22117, 12, 3, 3, 0, 9, 3
22289, 36, 5, 4, 1, 15, 21
22373, 9, 2, 2, 0, 9, 0
22827, 9, 10, 8, 2, 9, 0
23028, 172, 8, 8, 0, 141, 31
23263, 49, 13, 13, 0, 41, 8
23549, 32, 2, 2, 0, 30, 2
23776, 157, 11, 11, 0, 142, 15
23808, 9, 5, 2, 3, 8, 1
25354, 68, 6, 6, 0, 68, 0
25972, 19, 6, 6, 0, 19, 0
26335, 49, 9, 9, 0, 48, 1
27210, 0, 8, 7, 1, 0, 0
28074, 13, 5, 4, 1, 5, 8
28286, 31, 21, 20, 1, 29, 2
28761, 38, 6, 6, 0, 35, 3
29054, 28, 13, 8, 5, 15, 13
29055, 2, 4, 4, 0, 2, 0
29056, 97, 8, 7, 1, 18, 79
29057, 8, 4, 3, 1, 8, 0
29058, 9, 2, 2, 0, 9, 0
29059, 106, 4, 4, 0, 104, 2
29060, 26, 3, 3, 0, 25, 1
29061, 1, 1, 1, 0, 1, 0
29062, 11, 8, 6, 2, 11, 0
29063, 17, 3, 3, 0, 9, 8
29064, 11, 4, 3, 1, 11, 0
29065, 11, 2, 2, 0, 11, 0
29066, 7, 1, 1, 0, 7, 0
29067, 2, 1, 1, 0, 2, 0
29068, 40, 2, 2, 0, 36, 4
29069, 4, 2, 1, 1, 4, 0
29070, 2, 2, 2, 0, 2, 0
29071, 25, 8, 8, 0, 23, 2
29072, 85, 4, 4, 0, 81, 4
29073, 10, 1, 1, 0, 8, 2
29074, 5, 8, 8, 0, 5, 0
29075, 13, 1, 1, 0, 12, 1
29076, 165, 12, 7, 5, 132, 33
29077, 0, 2, 2, 0, 0, 0
29078, 50, 4, 4, 0, 50, 0
29079, 67, 4, 4, 0, 65, 2
29080, 0, 7, 5, 2, 0, 0
29081, 3, 1, 1, 0, 3, 0
29082, 0, 15, 15, 0, 0, 0
29083, 18, 5, 5, 0, 18, 0
29084, 36, 7, 7, 0, 34, 2
29085, 22, 6, 6, 0, 22, 0
29086, 27, 6, 4, 2, 26, 1
29087, 20, 3, 3, 0, 20, 0
29088, 26, 14, 13, 1, 26, 0
29089, 0, 9, 7, 2, 0, 0
29090, 9, 3, 3, 0, 7, 2
29091, 14, 1, 1, 0, 11, 3
29092, 12, 1, 1, 0, 12, 0
29093, 32, 8, 3, 5, 10, 22
29094, 0, 1, 1, 0, 0, 0
29095, 53, 1, 1, 0, 51, 2
29096, 45, 5, 5, 0, 44, 1
29097, 0, 1, 1, 0, 0, 0
29098, 14, 8, 8, 0, 14, 0
29099, 29, 1, 1, 0, 21, 8
29100, 22, 3, 3, 0, 22, 0
29101, 18, 4, 3, 1, 11, 7
29102, 11, 2, 2, 0, 11, 0
29103, 56, 5, 5, 0, 54, 2
29104, 46, 3, 1, 2, 35, 11
29105, 22, 4, 3, 1, 22, 0
29106, 7, 4, 4, 0, 6, 1
29107, 3, 1, 1, 0, 3, 0
29108, 2, 1, 1, 0, 2, 0
29109, 72, 1, 1, 0, 54, 18
29110, 42, 2, 2, 0, 34, 8
29111, 0, 1, 1, 0, 0, 0
29112, 4, 3, 3, 0, 4, 0
198, 19, 68, 31, 37, 9, 10
199, 0, 1, 1, 0, 0, 0
200, 11, 20, 20, 0, 10, 1
201, 1, 57, 53, 4, 1, 0
202, 0, 1, 1, 0, 0, 0
203, 0, 2, 1, 1, 0, 0
204, 0, 1, 1, 0, 0, 0
206, 1, 2, 2, 0, 1, 0
207, 7, 3, 2, 1, 7, 0
208, 1, 2, 1, 1, 0, 1
209, 1, 2, 0, 2, 0, 1
210, 0, 1, 0, 1, 0, 0
211, 0, 2, 0, 2, 0, 0
212, 1, 1, 0, 1, 0, 1
213, 6, 70, 35, 35, 4, 2
215, 1, 1, 0, 1, 0, 1
217, 0, 1, 0, 1, 0, 0
1643, 16, 141, 105, 36, 12, 4
6072, 12, 14, 12, 2, 11, 1
22759, 8, 9, 9, 0, 8, 0
27224, 0, 22, 11, 11, 0, 0
31242, 1, 2, 2, 0, 1, 0
31243, 0, 2, 1, 1, 0, 0
6697, 0, 86, 86, 0, 0, 0
7593, 28, 29, 26, 3, 26, 2
2851, 30, 243, 173, 70, 14, 16
8530, 18, 35, 13, 22, 18, 0
10919, 22, 12, 9, 3, 15, 7
14754, 14, 35, 9, 26, 13, 1
4496, 35, 81, 46, 35, 1, 34
9780, 0, 111, 69, 42, 0, 0
10489, 48, 57, 48, 9, 48, 0
3660, 18, 15, 14, 1, 10, 8
3673, 15, 83, 18, 65, 15, 0
4084, 158, 19, 11, 8, 63, 95
6048, 17, 16, 13, 3, 14, 3
6276, 9, 43, 39, 4, 9, 0
7028, 2, 15, 9, 6, 2, 0
8227, 49, 58, 36, 22, 30, 19
8261, 19, 58, 48, 10, 19, 0
8931, 28, 14, 12, 2, 26, 2
9252, 41, 39, 24, 15, 14, 27
10281, 0, 55, 35, 20, 0, 0
11357, 5, 18, 13, 5, 4, 1
11915, 10, 91, 80, 11, 9, 1
12458, 0, 6, 5, 1, 0, 0
14157, 200, 37, 26, 11, 95, 105
17118, 93, 14, 7, 7, 27, 66
17556, 0, 5, 4, 1, 0, 0
19517, 1, 10, 8, 2, 1, 0
24529, 0, 2, 1, 1, 0, 0
28027, 1, 4, 2, 2, 0, 1
31482, 3, 1, 1, 0, 3, 0
31483, 0, 7, 7, 0, 0, 0
31484, 2, 2, 2, 0, 1, 1
31485, 1, 6, 2, 4, 1, 0
31486, 0, 2, 1, 1, 0, 0
31487, 0, 2, 2, 0, 0, 0
1521, 20, 38, 20, 18, 15, 5
3056, 0, 14, 12, 2, 0, 0
4068, 6, 34, 13, 21, 2, 4
4271, 1, 74, 74, 0, 0, 1
5697, 1, 33, 13, 20, 1, 0
8044, 50, 60, 23, 37, 35, 15
8736, 39, 29, 28, 1, 39, 0
13394, 0, 26, 26, 0, 0, 0
13612, 19, 25, 17, 8, 14, 5
14602, 15, 26, 10, 16, 3, 12
21881, 3, 5, 4, 1, 3, 0
27078, 7, 36, 6, 30, 0, 7
27251, 3, 7, 5, 2, 3, 0
30732, 115, 9, 6, 3, 63, 52
31600, 0, 15, 10, 5, 0, 0
31601, 4, 2, 2, 0, 4, 0
31602, 0, 1, 0, 1, 0, 0
14877, 16, 6, 5, 1, 12, 4
6469, 65, 136, 97, 39, 60, 5
8616, 0, 16, 9, 7, 0, 0
10652, 35, 11, 11, 0, 33, 2
13577, 4, 52, 19, 33, 0, 4
31603, 0, 3, 2, 1, 0, 0
2933, 49, 30, 24, 6, 47, 2
6577, 0, 43, 29, 14, 0, 0
27702, 5, 7, 7, 0, 5, 0
15150, 0, 5, 5, 0, 0, 0
13592, 12, 75, 27, 48, 7, 5
19677, 0, 49, 49, 0, 0, 0
28320, 202, 29, 19, 10, 93, 109
31604, 0, 22, 22, 0, 0, 0
2300, 2, 51, 51, 0, 2, 0
3513, 203, 190, 122, 68, 63, 140
4161, 50, 63, 53, 10, 20, 30
4864, 4, 198, 198, 0, 4, 0
5015, 0, 271, 131, 140, 0, 0
6028, 0, 11, 7, 4, 0, 0
6710, 8, 34, 30, 4, 7, 1
8585, 112, 49, 22, 27, 51, 61
8656, 0, 54, 28, 26, 0, 0
9149, 5, 27, 6, 21, 3, 2
10191, 55, 25, 17, 8, 50, 5
12396, 0, 42, 34, 8, 0, 0
12950, 5, 13, 12, 1, 5, 0
13019, 8, 71, 55, 16, 1, 7
16005, 124, 35, 31, 4, 119, 5
16780, 0, 6, 5, 1, 0, 0
19143, 114, 33, 28, 5, 110, 4
19998, 10, 10, 10, 0, 9, 1
22023, 13, 14, 12, 2, 11, 2
23708, 1, 22, 21, 1, 1, 0
23947, 74, 6, 4, 2, 73, 1
25847, 304, 42, 34, 8, 215, 89
26101, 37, 8, 5, 3, 23, 14
27833, 9, 6, 4, 2, 6, 3
28908, 0, 6, 6, 0, 0, 0
29571, 0, 5, 5, 0, 0, 0
29962, 1, 16, 9, 7, 1, 0
31605, 0, 3, 3, 0, 0, 0
31606, 0, 1, 1, 0, 0, 0
31607, 7, 4, 4, 0, 7, 0
31608, 3, 6, 5, 1, 0, 3
31609, 0, 1, 1, 0, 0, 0
31610, 0, 9, 9, 0, 0, 0
31611, 0, 1, 1, 0, 0, 0
31612, 0, 1, 1, 0, 0, 0
31613, 0, 2, 2, 0, 0, 0
31614, 3, 8, 6, 2, 1, 2
17848, 0, 10, 10, 0, 0, 0
20276, 1, 12, 11, 1, 1, 0
30268, 8, 2, 2, 0, 5, 3
31615, 0, 1, 1, 0, 0, 0
31616, 0, 2, 2, 0, 0, 0
31617, 0, 1, 1, 0, 0, 0
1833, 31, 120, 58, 62, 25, 6
2078, 0, 80, 53, 27, 0, 0
2249, 1, 38, 37, 1, 1, 0
2966, 6, 35, 31, 4, 5, 1
3070, 0, 49, 32, 17, 0, 0
3281, 11, 36, 31, 5, 6, 5
3701, 18, 61, 59, 2, 11, 7
4035, 14, 19, 11, 8, 14, 0
4102, 0, 7, 2, 5, 0, 0
4167, 4, 80, 79, 1, 4, 0
4218, 52, 80, 66, 14, 31, 21
4225, 3, 33, 32, 1, 2, 1
4433, 200, 22, 21, 1, 173, 27
4521, 1, 236, 88, 148, 1, 0
5773, 5, 63, 44, 19, 5, 0
6171, 24, 48, 44, 4, 14, 10
6265, 200, 66, 34, 32, 146, 54
6396, 12, 4, 4, 0, 11, 1
6764, 0, 45, 18, 27, 0, 0
6956, 0, 12, 0, 12, 0, 0
7802, 48, 32, 31, 1, 48, 0
8818, 20, 116, 108, 8, 18, 2
8834, 3, 50, 49, 1, 3, 0
9099, 5, 18, 18, 0, 5, 0
9169, 5, 22, 14, 8, 5, 0
9545, 0, 79, 2, 77, 0, 0
9760, 3, 15, 0, 15, 0, 3
9802, 1, 99, 2, 97, 0, 1
9813, 0, 90, 2, 88, 0, 0
9835, 0, 104, 1, 103, 0, 0
10080, 27, 45, 8, 37, 20, 7
10393, 31, 23, 21, 2, 30, 1
10424, 61, 2, 1, 1, 28, 33
10762, 1, 103, 2, 101, 1, 0
11403, 2, 20, 20, 0, 2, 0
11659, 0, 53, 16, 37, 0, 0
11739, 201, 12, 7, 5, 51, 150
11819, 32, 12, 3, 9, 20, 12
12027, 7, 26, 5, 21, 3, 4
12047, 0, 46, 25, 21, 0, 0
12101, 0, 59, 49, 10, 0, 0
12118, 0, 31, 10, 21, 0, 0
12131, 33, 48, 32, 16, 33, 0
12582, 0, 3, 3, 0, 0, 0
12584, 0, 42, 37, 5, 0, 0
13549, 20, 14, 14, 0, 19, 1
14253, 1, 9, 9, 0, 1, 0
14299, 34, 18, 17, 1, 30, 4
15850, 11, 2, 2, 0, 11, 0
16384, 3, 6, 6, 0, 3, 0
16566, 38, 41, 38, 3, 38, 0
17474, 19, 14, 13, 1, 18, 1
18263, 44, 16, 12, 4, 39, 5
18419, 0, 16, 11, 5, 0, 0
19121, 9, 17, 8, 9, 9, 0
19668, 0, 71, 2, 69, 0, 0
19670, 0, 58, 1, 57, 0, 0
20193, 1, 23, 3, 20, 1, 0
20640, 0, 59, 1, 58, 0, 0
20784, 30, 5, 5, 0, 26, 4
21337, 14, 23, 14, 9, 12, 2
22045, 22, 13, 12, 1, 19, 3
22048, 5, 5, 5, 0, 5, 0
22466, 0, 20, 19, 1, 0, 0
22858, 2, 3, 3, 0, 2, 0
22950, 7, 10, 2, 8, 5, 2
23722, 95, 11, 10, 1, 80, 15
24125, 1, 11, 8, 3, 1, 0
24921, 16, 5, 4, 1, 16, 0
25047, 4, 16, 9, 7, 2, 2
25867, 19, 10, 9, 1, 19, 0
27900, 2, 12, 11, 1, 2, 0
28308, 51, 5, 4, 1, 31, 20
29234, 0, 1, 1, 0, 0, 0
29235, 0, 1, 1, 0, 0, 0
29236, 0, 1, 1, 0, 0, 0
29237, 0, 1, 1, 0, 0, 0
29238, 0, 2, 2, 0, 0, 0
29239, 0, 3, 2, 1, 0, 0
29240, 0, 1, 1, 0, 0, 0
29241, 80, 11, 10, 1, 75, 5
29242, 4, 2, 1, 1, 3, 1
29243, 0, 1, 1, 0, 0, 0
29244, 0, 1, 1, 0, 0, 0
29245, 0, 1, 1, 0, 0, 0
29246, 0, 1, 1, 0, 0, 0
29247, 8, 4, 4, 0, 8, 0
29248, 0, 1, 1, 0, 0, 0
29249, 0, 18, 17, 1, 0, 0
29250, 10, 2, 2, 0, 9, 1
29251, 23, 3, 2, 1, 9, 14
29252, 0, 1, 1, 0, 0, 0
29253, 3, 2, 2, 0, 3, 0
29254, 0, 1, 1, 0, 0, 0
29255, 0, 2, 2, 0, 0, 0
29256, 2, 1, 1, 0, 2, 0
29257, 0, 1, 1, 0, 0, 0
29258, 25, 2, 2, 0, 25, 0
29259, 8, 3, 3, 0, 8, 0
29260, 0, 3, 3, 0, 0, 0
29261, 0, 1, 1, 0, 0, 0
29262, 0, 2, 2, 0, 0, 0
29263, 0, 1, 1, 0, 0, 0
29264, 1, 5, 1, 4, 0, 1
29265, 4, 3, 3, 0, 4, 0
29266, 0, 1, 1, 0, 0, 0
29267, 3, 1, 1, 0, 1, 2
29268, 0, 2, 0, 2, 0, 0
29269, 0, 20, 4, 16, 0, 0
29270, 0, 2, 0, 2, 0, 0
29271, 0, 4, 3, 1, 0, 0
29272, 0, 5, 1, 4, 0, 0
29273, 0, 8, 2, 6, 0, 0
29274, 0, 5, 0, 5, 0, 0
2881, 121, 133, 53, 80, 51, 70
9181, 1, 8, 3, 5, 1, 0
9231, 0, 16, 16, 0, 0, 0
10276, 0, 15, 10, 5, 0, 0
10300, 0, 30, 11, 19, 0, 0
31618, 0, 2, 0, 2, 0, 0
31619, 0, 3, 3, 0, 0, 0
31620, 14, 5, 5, 0, 14, 0
8581, 1, 12, 9, 3, 1, 0
14243, 82, 23, 14, 9, 71, 11
19781, 0, 10, 7, 3, 0, 0
29647, 0, 5, 4, 1, 0, 0
31621, 0, 2, 2, 0, 0, 0
31622, 4, 2, 2, 0, 4, 0
31623, 0, 1, 0, 1, 0, 0
27356, 37, 24, 14, 10, 27, 10
31624, 0, 2, 2, 0, 0, 0
2301, 4, 19, 16, 3, 4, 0
3706, 0, 56, 53, 3, 0, 0
3717, 23, 36, 34, 2, 23, 0
11770, 0, 7, 7, 0, 0, 0
17676, 3, 12, 11, 1, 3, 0
18322, 2, 35, 31, 4, 2, 0
20690, 1, 2, 2, 0, 1, 0
31625, 1, 2, 1, 1, 1, 0
31626, 0, 1, 1, 0, 0, 0
1992, 17, 71, 55, 16, 17, 0
31627, 3, 6, 6, 0, 3, 0
19879, 0, 21, 21, 0, 0, 0
1821, 78, 98, 41, 57, 25, 53
2245, 2, 241, 223, 18, 2, 0
2812, 111, 156, 122, 34, 108, 3
3297, 41, 48, 43, 5, 11, 30
4948, 6, 110, 101, 9, 4, 2
6662, 0, 77, 69, 8, 0, 0
9726, 6, 18, 18, 0, 6, 0
9859, 4, 23, 23, 0, 4, 0
9903, 0, 45, 38, 7, 0, 0
10443, 131, 120, 91, 29, 119, 12
10540, 6, 90, 44, 46, 6, 0
10872, 32, 33, 16, 17, 27, 5
14554, 18, 14, 14, 0, 8, 10
14862, 66, 36, 36, 0, 66, 0
14908, 201, 67, 48, 19, 121, 80
18086, 0, 84, 47, 37, 0, 0
19455, 72, 42, 34, 8, 71, 1
21262, 0, 25, 25, 0, 0, 0
21319, 73, 37, 31, 6, 57, 16
22143, 0, 16, 14, 2, 0, 0
28536, 4, 5, 5, 0, 4, 0
29584, 0, 5, 5, 0, 0, 0
29585, 0, 2, 2, 0, 0, 0
29586, 4, 7, 7, 0, 4, 0
29587, 0, 1, 1, 0, 0, 0
29588, 7, 6, 2, 4, 7, 0
31628, 0, 1, 1, 0, 0, 0
1727, 3, 22, 19, 3, 3, 0
4309, 57, 86, 83, 3, 54, 3
4381, 0, 61, 61, 0, 0, 0
5833, 16, 32, 32, 0, 15, 1
5977, 12, 81, 79, 2, 12, 0
10093, 0, 7, 3, 4, 0, 0
13750, 13, 47, 31, 16, 13, 0
18320, 0, 5, 4, 1, 0, 0
22042, 0, 16, 16, 0, 0, 0
23259, 0, 7, 7, 0, 0, 0
23623, 1, 29, 18, 11, 1, 0
24772, 0, 6, 4, 2, 0, 0
27800, 0, 9, 9, 0, 0, 0
28836, 0, 10, 10, 0, 0, 0
29521, 1, 8, 6, 2, 0, 1
30443, 0, 2, 1, 1, 0, 0
30716, 0, 1, 1, 0, 0, 0
30717, 1, 6, 4, 2, 1, 0
30718, 0, 4, 4, 0, 0, 0
30719, 6, 9, 7, 2, 5, 1
30720, 1, 10, 10, 0, 1, 0
30721, 0, 2, 2, 0, 0, 0
30722, 0, 1, 1, 0, 0, 0
30723, 2, 3, 3, 0, 2, 0
30724, 0, 3, 2, 1, 0, 0
30725, 0, 1, 1, 0, 0, 0
30726, 0, 1, 0, 1, 0, 0
1537, 202, 31, 27, 4, 191, 11
1737, 27, 33, 22, 11, 15, 12
5077, 181, 25, 23, 2, 163, 18
6950, 6, 5, 1, 4, 3, 3
8703, 88, 5, 2, 3, 32, 56
8914, 173, 21, 17, 4, 173, 0
10687, 196, 47, 23, 24, 185, 11
15106, 7, 7, 4, 3, 4, 3
17943, 61, 2, 0, 2, 14, 47
23614, 56, 2, 0, 2, 35, 21
26030, 202, 13, 13, 0, 161, 41
30446, 200, 3, 1, 2, 42, 158
31629, 33, 3, 3, 0, 22, 11
31630, 0, 9, 9, 0, 0, 0
31631, 0, 1, 0, 1, 0, 0
31632, 12, 4, 1, 3, 1, 11
31633, 78, 4, 3, 1, 53, 25
31634, 6, 4, 1, 3, 5, 1
31635, 1, 2, 1, 1, 1, 0
31636, 31, 3, 2, 1, 31, 0
8469, 0, 35, 35, 0, 0, 0
9272, 0, 14, 12, 2, 0, 0
10550, 1, 8, 4, 4, 1, 0
14938, 0, 37, 24, 13, 0, 0
31637, 3, 6, 4, 2, 2, 1
1758, 27, 55, 44, 11, 26, 1
2329, 12, 42, 38, 4, 0, 12
2838, 131, 8, 7, 1, 17, 114
2900, 10, 197, 138, 59, 10, 0
3397, 41, 56, 28, 28, 37, 4
3531, 89, 235, 189, 46, 62, 27
3667, 21, 13, 10, 3, 20, 1
3840, 0, 6, 5, 1, 0, 0
4499, 0, 83, 36, 47, 0, 0
4606, 8, 91, 24, 67, 7, 1
5128, 0, 168, 22, 146, 0, 0
5139, 0, 6, 0, 6, 0, 0
5156, 3, 6, 3, 3, 2, 1
6883, 250, 118, 107, 11, 225, 25
6911, 27, 25, 15, 10, 21, 6
7488, 0, 10, 6, 4, 0, 0
9250, 18, 81, 12, 69, 10, 8
9487, 38, 18, 11, 7, 38, 0
9546, 31, 41, 25, 16, 27, 4
9555, 0, 46, 3, 43, 0, 0
9807, 0, 6, 0, 6, 0, 0
9836, 22, 32, 21, 11, 22, 0
10061, 0, 5, 2, 3, 0, 0
10103, 151, 12, 2, 10, 20, 131
10302, 22, 26, 21, 5, 21, 1
10634, 6, 59, 43, 16, 5, 1
11439, 0, 32, 13, 19, 0, 0
11532, 0, 13, 9, 4, 0, 0
11587, 24, 25, 15, 10, 23, 1
12718, 1, 12, 8, 4, 1, 0
13052, 12, 67, 28, 39, 12, 0
13055, 0, 12, 0, 12, 0, 0
13362, 202, 33, 27, 6, 132, 70
13868, 3, 23, 20, 3, 3, 0
14836, 5, 12, 10, 2, 5, 0
15019, 0, 23, 7, 16, 0, 0
15114, 1, 15, 10, 5, 1, 0
15234, 0, 11, 6, 5, 0, 0
15407, 7, 16, 13, 3, 7, 0
15570, 0, 23, 19, 4, 0, 0
15809, 10, 20, 18, 2, 10, 0
16162, 0, 6, 3, 3, 0, 0
16557, 102, 9, 8, 1, 97, 5
18819, 26, 8, 7, 1, 16, 10
19913, 3, 44, 19, 25, 3, 0
21396, 202, 13, 6, 7, 30, 172
21788, 16, 12, 10, 2, 14, 2
22111, 3, 6, 5, 1, 3, 0
25144, 0, 3, 1, 2, 0, 0
25167, 0, 6, 5, 1, 0, 0
25510, 0, 7, 4, 3, 0, 0
25788, 11, 5, 3, 2, 10, 1
28010, 0, 5, 5, 0, 0, 0
28162, 0, 10, 6, 4, 0, 0
28394, 2, 11, 8, 3, 2, 0
29436, 58, 10, 8, 2, 29, 29
29648, 7, 22, 16, 6, 7, 0
29694, 0, 8, 4, 4, 0, 0
29797, 0, 2, 1, 1, 0, 0
29887, 5, 6, 2, 4, 4, 1
30067, 1, 20, 15, 5, 1, 0
30068, 0, 3, 2, 1, 0, 0
30069, 0, 1, 1, 0, 0, 0
30070, 0, 2, 1, 1, 0, 0
30071, 0, 1, 1, 0, 0, 0
30072, 2, 5, 3, 2, 2, 0
30073, 6, 1, 1, 0, 6, 0
30074, 1, 1, 1, 0, 1, 0
30075, 18, 5, 4, 1, 10, 8
30076, 13, 3, 2, 1, 13, 0
30077, 0, 1, 0, 1, 0, 0
30078, 0, 1, 0, 1, 0, 0
30079, 0, 1, 0, 1, 0, 0
30080, 0, 3, 1, 2, 0, 0
30081, 1, 4, 3, 1, 1, 0
30082, 0, 2, 0, 2, 0, 0
30083, 0, 3, 0, 3, 0, 0
30084, 2, 1, 0, 1, 1, 1
30085, 6, 4, 3, 1, 3, 3
30086, 10, 4, 3, 1, 4, 6
30087, 0, 1, 0, 1, 0, 0
30088, 0, 8, 2, 6, 0, 0
2861, 150, 106, 106, 0, 147, 3
3852, 1, 185, 170, 15, 0, 1
5078, 0, 84, 84, 0, 0, 0
8052, 69, 32, 32, 0, 69, 0
12949, 0, 22, 22, 0, 0, 0
13546, 4, 6, 6, 0, 4, 0
14618, 5, 2, 2, 0, 5, 0
17299, 2, 20, 16, 4, 2, 0
19383, 18, 25, 24, 1, 12, 6
29386, 28, 5, 4, 1, 28, 0
29933, 43, 7, 5, 2, 35, 8
30687, 0, 2, 2, 0, 0, 0
31638, 0, 9, 9, 0, 0, 0
31639, 0, 7, 7, 0, 0, 0
31640, 0, 1, 1, 0, 0, 0
31641, 9, 8, 8, 0, 7, 2
6468, 34, 65, 58, 7, 34, 0
9833, 201, 42, 34, 8, 36, 165
27472, 0, 7, 4, 3, 0, 0
30753, 1, 7, 7, 0, 1, 0
31642, 0, 5, 5, 0, 0, 0
2805, 2, 34, 12, 22, 1, 1
2965, 2, 55, 51, 4, 2, 0
3626, 11, 26, 25, 1, 6, 5
4173, 49, 37, 26, 11, 23, 26
4627, 4, 9, 4, 5, 4, 0
5576, 1, 56, 55, 1, 1, 0
6310, 0, 9, 9, 0, 0, 0
8620, 1, 40, 13, 27, 0, 1
8940, 5, 84, 69, 15, 5, 0
9330, 0, 22, 17, 5, 0, 0
10757, 0, 37, 17, 20, 0, 0
11140, 11, 12, 11, 1, 11, 0
11657, 13, 59, 12, 47, 9, 4
13163, 0, 13, 13, 0, 0, 0
14277, 14, 38, 35, 3, 9, 5
16891, 0, 16, 7, 9, 0, 0
20144, 2, 18, 17, 1, 2, 0
25002, 3, 14, 12, 2, 1, 2
30222, 4, 9, 8, 1, 4, 0
31643, 0, 14, 13, 1, 0, 0
31644, 1, 8, 8, 0, 0, 1
31645, 9, 2, 1, 1, 9, 0
1942, 90, 106, 56, 50, 90, 0
3472, 23, 80, 69, 11, 18, 5
3529, 65, 8, 8, 0, 63, 2
4746, 8, 44, 40, 4, 8, 0
8765, 112, 78, 69, 9, 68, 44
10675, 0, 14, 1, 13, 0, 0
29497, 28, 17, 1, 16, 23, 5
31646, 0, 10, 10, 0, 0, 0
12418, 0, 19, 19, 0, 0, 0
16948, 0, 8, 7, 1, 0, 0
29400, 3, 3, 2, 1, 3, 0
31647, 0, 3, 3, 0, 0, 0
31648, 1, 1, 1, 0, 1, 0
1649, 64, 89, 68, 21, 31, 33
3051, 0, 93, 27, 66, 0, 0
8345, 0, 19, 19, 0, 0, 0
10600, 6, 8, 5, 3, 4, 2
11911, 12, 31, 24, 7, 12, 0
12055, 0, 20, 20, 0, 0, 0
14459, 0, 54, 54, 0, 0, 0
14638, 9, 37, 22, 15, 7, 2
15773, 5, 10, 10, 0, 5, 0
27458, 0, 2, 2, 0, 0, 0
27459, 0, 2, 2, 0, 0, 0
27460, 0, 3, 3, 0, 0, 0
27461, 0, 3, 3, 0, 0, 0
27462, 1, 3, 3, 0, 1, 0
27463, 0, 1, 1, 0, 0, 0
27464, 2, 3, 3, 0, 2, 0
27465, 2, 1, 1, 0, 2, 0
27466, 0, 4, 4, 0, 0, 0
3645, 2, 38, 33, 5, 2, 0
9164, 0, 58, 38, 20, 0, 0
10006, 18, 46, 39, 7, 4, 14
12964, 0, 144, 144, 0, 0, 0
13026, 4, 10, 7, 3, 4, 0
13582, 46, 13, 13, 0, 46, 0
14042, 5, 15, 14, 1, 5, 0
21560, 10, 44, 42, 2, 10, 0
22634, 37, 19, 15, 4, 30, 7
25366, 70, 6, 4, 2, 69, 1
30415, 3, 6, 6, 0, 3, 0
31649, 0, 3, 2, 1, 0, 0
31650, 0, 3, 3, 0, 0, 0
7455, 44, 45, 37, 8, 37, 7
10592, 2, 18, 17, 1, 1, 1
31651, 0, 1, 1, 0, 0, 0
31652, 0, 1, 1, 0, 0, 0
8475, 3, 37, 35, 2, 3, 0
8819, 0, 8, 6, 2, 0, 0
22637, 2, 10, 10, 0, 2, 0
24454, 33, 15, 15, 0, 33, 0
31653, 0, 7, 7, 0, 0, 0
31654, 0, 2, 2, 0, 0, 0
31655, 2, 1, 1, 0, 2, 0
31656, 0, 1, 0, 1, 0, 0
31657, 0, 1, 0, 1, 0, 0
6561, 174, 91, 62, 29, 12, 162
9557, 1, 109, 96, 13, 1, 0
10459, 0, 32, 21, 11, 0, 0
13683, 22, 38, 33, 5, 22, 0
24385, 2, 7, 3, 4, 2, 0
25529, 14, 25, 23, 2, 12, 2
31658, 3, 1, 1, 0, 3, 0
31659, 6, 2, 2, 0, 6, 0
31660, 0, 3, 3, 0, 0, 0
31661, 0, 5, 3, 2, 0, 0
31662, 0, 1, 1, 0, 0, 0
31663, 0, 4, 4, 0, 0, 0
31664, 0, 2, 1, 1, 0, 0
31665, 0, 1, 1, 0, 0, 0
31666, 0, 2, 2, 0, 0, 0
6900, 0, 44, 36, 8, 0, 0
11450, 3, 65, 37, 28, 3, 0
14463, 85, 16, 13, 3, 85, 0
23730, 13, 5, 3, 2, 10, 3
28275, 3, 6, 6, 0, 3, 0
31667, 3, 2, 2, 0, 3, 0
7945, 0, 7, 5, 2, 0, 0
14095, 2, 38, 35, 3, 2, 0
16159, 125, 18, 15, 3, 66, 59
21425, 0, 15, 10, 5, 0, 0
28436, 0, 9, 9, 0, 0, 0
30609, 0, 5, 3, 2, 0, 0
31668, 0, 1, 1, 0, 0, 0
23343, 6, 10, 7, 3, 5, 1
28916, 8, 20, 16, 4, 7, 1
31669, 3, 2, 1, 1, 3, 0
31670, 1, 1, 1, 0, 0, 1
18040, 0, 22, 22, 0, 0, 0
4025, 27, 103, 89, 14, 22, 5
4493, 17, 34, 24, 10, 15, 2
4777, 11, 38, 36, 2, 11, 0
8159, 203, 21, 21, 0, 161, 42
21531, 1, 2, 1, 1, 1, 0
30229, 5, 11, 5, 6, 5, 0
31671, 2, 1, 1, 0, 2, 0
31672, 0, 1, 1, 0, 0, 0
31673, 0, 1, 1, 0, 0, 0
24756, 1, 6, 5, 1, 1, 0
4609, 4, 17, 6, 11, 2, 2
31674, 0, 1, 1, 0, 0, 0
9920, 36, 63, 55, 8, 36, 0
29509, 0, 19, 19, 0, 0, 0
31675, 4, 3, 3, 0, 4, 0
3474, 3, 126, 75, 51, 3, 0
8185, 15, 15, 11, 4, 11, 4
14793, 4, 20, 16, 4, 4, 0
13386, 0, 8, 1, 7, 0, 0
20641, 1, 10, 0, 10, 1, 0
20642, 0, 41, 0, 41, 0, 0
20643, 0, 42, 0, 42, 0, 0
20644, 0, 42, 1, 41, 0, 0
31676, 1, 1, 1, 0, 1, 0
31677, 34, 8, 0, 8, 34, 0
31678, 2, 4, 3, 1, 1, 1
7987, 12, 82, 54, 28, 11, 1
12862, 0, 53, 53, 0, 0, 0
30060, 0, 12, 7, 5, 0, 0
31679, 1, 1, 1, 0, 1, 0
31680, 4, 5, 5, 0, 4, 0
31681, 1, 2, 1, 1, 0, 1
3451, 59, 136, 61, 75, 49, 10
4569, 14, 77, 52, 25, 13, 1
5108, 76, 45, 35, 10, 39, 37
6486, 0, 67, 21, 46, 0, 0
8859, 0, 51, 26, 25, 0, 0
10532, 4, 21, 6, 15, 4, 0
14278, 1, 6, 1, 5, 1, 0
14438, 0, 57, 52, 5, 0, 0
20721, 1, 3, 1, 2, 1, 0
24072, 4, 5, 3, 2, 3, 1
25414, 0, 11, 1, 10, 0, 0
26049, 6, 10, 6, 4, 5, 1
26884, 4, 5, 0, 5, 0, 4
29752, 0, 10, 1, 9, 0, 0
30475, 1, 10, 0, 10, 0, 1
30664, 1, 4, 2, 2, 1, 0
30885, 1, 15, 4, 11, 0, 1
31073, 0, 5, 4, 1, 0, 0
31074, 0, 4, 4, 0, 0, 0
31075, 1, 2, 2, 0, 0, 1
31076, 0, 4, 0, 4, 0, 0
31077, 0, 2, 0, 2, 0, 0
31078, 2, 3, 2, 1, 2, 0
31079, 2, 3, 2, 1, 2, 0
31080, 2, 2, 0, 2, 0, 2
31081, 0, 3, 2, 1, 0, 0
31082, 0, 2, 0, 2, 0, 0
9575, 14, 27, 23, 4, 14, 0
9732, 3, 56, 45, 11, 3, 0
31682, 2, 9, 8, 1, 2, 0
31683, 0, 1, 1, 0, 0, 0
31684, 0, 2, 2, 0, 0, 0
31685, 0, 3, 3, 0, 0, 0
31686, 3, 3, 3, 0, 3, 0
31687, 2, 1, 1, 0, 2, 0
31688, 0, 3, 3, 0, 0, 0
31689, 0, 9, 9, 0, 0, 0
31690, 0, 1, 0, 1, 0, 0
7892, 69, 60, 58, 2, 69, 0
17614, 5, 2, 1, 1, 5, 0
21652, 7, 19, 15, 4, 7, 0
31691, 0, 2, 0, 2, 0, 0
31692, 0, 1, 0, 1, 0, 0
31693, 3, 3, 2, 1, 2, 1
31694, 2, 1, 1, 0, 2, 0
3378, 5, 64, 34, 30, 3, 2
19349, 5, 17, 10, 7, 2, 3
24073, 8, 8, 8, 0, 8, 0
1570, 278, 85, 66, 19, 205, 73
1613, 24, 25, 24, 1, 24, 0
3566, 201, 11, 11, 0, 170, 31
4055, 18, 149, 63, 86, 14, 4
4061, 1, 50, 31, 19, 1, 0
4840, 200, 23, 12, 11, 103, 97
5102, 191, 6, 6, 0, 68, 123
5362, 53, 22, 20, 2, 23, 30
5498, 7, 35, 28, 7, 7, 0
6677, 1, 17, 13, 4, 1, 0
7230, 0, 17, 7, 10, 0, 0
10481, 33, 8, 8, 0, 16, 17
11139, 21, 20, 12, 8, 19, 2
13933, 28, 16, 15, 1, 25, 3
14194, 48, 19, 12, 7, 15, 33
15980, 42, 7, 7, 0, 38, 4
19432, 0, 3, 2, 1, 0, 0
20089, 11, 19, 18, 1, 10, 1
22615, 68, 5, 4, 1, 29, 39
24150, 200, 20, 19, 1, 200, 0
24986, 24, 4, 3, 1, 2, 22
26019, 11, 7, 6, 1, 7, 4
27376, 28, 7, 3, 4, 20, 8
31494, 82, 6, 6, 0, 78, 4
31695, 38, 6, 6, 0, 26, 12
31696, 1, 2, 2, 0, 1, 0
31697, 72, 1, 1, 0, 32, 40
31698, 100, 7, 7, 0, 99, 1
31699, 0, 2, 1, 1, 0, 0
31700, 146, 5, 3, 2, 38, 108
31701, 23, 9, 5, 4, 21, 2
8094, 33, 48, 33, 15, 10, 23
31702, 0, 1, 1, 0, 0, 0
31703, 0, 1, 1, 0, 0, 0
31704, 1, 2, 2, 0, 1, 0
31705, 0, 1, 0, 1, 0, 0
1779, 2, 137, 108, 29, 2, 0
3992, 138, 31, 26, 5, 121, 17
26053, 201, 21, 21, 0, 201, 0
29439, 91, 8, 8, 0, 73, 18
31706, 0, 10, 10, 0, 0, 0
31707, 0, 1, 1, 0, 0, 0
5746, 3, 83, 52, 31, 3, 0
16299, 0, 69, 69, 0, 0, 0
28102, 0, 12, 4, 8, 0, 0
30278, 0, 11, 11, 0, 0, 0
31708, 0, 1, 1, 0, 0, 0
31709, 8, 6, 4, 2, 1, 7
29297, 0, 5, 5, 0, 0, 0
31710, 0, 2, 2, 0, 0, 0
1645, 25, 30, 18, 12, 15, 10
2330, 1, 43, 40, 3, 1, 0
2912, 7, 40, 17, 23, 7, 0
3139, 61, 43, 38, 5, 59, 2
3238, 0, 21, 21, 0, 0, 0
3896, 0, 47, 47, 0, 0, 0
4145, 0, 50, 50, 0, 0, 0
5982, 4, 53, 43, 10, 1, 3
6414, 0, 20, 20, 0, 0, 0
6508, 0, 4, 4, 0, 0, 0
6511, 0, 10, 10, 0, 0, 0
7446, 4, 37, 35, 2, 4, 0
7621, 158, 29, 21, 8, 3, 155
8310, 0, 5, 4, 1, 0, 0
8588, 15, 15, 14, 1, 15, 0
8984, 1, 13, 8, 5, 0, 1
11126, 16, 38, 27, 11, 16, 0
11410, 23, 13, 13, 0, 22, 1
11674, 0, 4, 4, 0, 0, 0
11822, 10, 27, 14, 13, 9, 1
13473, 8, 11, 10, 1, 8, 0
14137, 0, 54, 51, 3, 0, 0
15488, 0, 4, 4, 0, 0, 0
16465, 0, 34, 2, 32, 0, 0
16572, 0, 8, 6, 2, 0, 0
18323, 17, 25, 24, 1, 15, 2
20523, 0, 2, 1, 1, 0, 0
21928, 0, 6, 6, 0, 0, 0
22464, 4, 8, 8, 0, 2, 2
23981, 1, 11, 5, 6, 1, 0
25553, 1, 9, 9, 0, 1, 0
31711, 0, 3, 2, 1, 0, 0
31712, 1, 4, 4, 0, 1, 0
31713, 0, 2, 1, 1, 0, 0
31714, 1, 1, 1, 0, 1, 0
31715, 1, 2, 2, 0, 1, 0
31716, 0, 1, 1, 0, 0, 0
31717, 0, 4, 4, 0, 0, 0
31718, 0, 4, 4, 0, 0, 0
31719, 2, 4, 4, 0, 1, 1
31720, 0, 5, 4, 1, 0, 0
31721, 1, 1, 1, 0, 1, 0
31722, 0, 8, 4, 4, 0, 0
31723, 3, 2, 2, 0, 3, 0
31724, 0, 1, 1, 0, 0, 0
4463, 3, 17, 10, 7, 2, 1
7381, 33, 30, 30, 0, 33, 0
8180, 4, 26, 23, 3, 4, 0
8694, 202, 30, 13, 17, 14, 188
8998, 0, 10, 10, 0, 0, 0
31725, 0, 3, 3, 0, 0, 0
10248, 0, 3, 3, 0, 0, 0
2232, 46, 94, 71, 23, 42, 4
9340, 12, 20, 15, 5, 11, 1
20202, 0, 27, 3, 24, 0, 0
22357, 23, 8, 7, 1, 18, 5
31726, 0, 3, 3, 0, 0, 0
31727, 0, 8, 8, 0, 0, 0
31728, 7, 3, 2, 1, 7, 0
4018, 11, 7, 4, 3, 11, 0
4482, 0, 12, 3, 9, 0, 0
9794, 15, 48, 27, 21, 14, 1
13783, 9, 7, 3, 4, 4, 5
14906, 61, 13, 5, 8, 20, 41
22612, 106, 10, 9, 1, 98, 8
30356, 0, 3, 0, 3, 0, 0
30448, 0, 6, 5, 1, 0, 0
31729, 0, 2, 2, 0, 0, 0
31730, 6, 1, 1, 0, 6, 0
31731, 0, 7, 0, 7, 0, 0
31732, 5, 17, 6, 11, 4, 1
31733, 15, 16, 1, 15, 13, 2
3289, 18, 83, 54, 29, 6, 12
4928, 22, 35, 33, 2, 17, 5
6155, 9, 42, 33, 9, 9, 0
6715, 9, 32, 30, 2, 2, 7
7983, 24, 53, 20, 33, 15, 9
8166, 20, 18, 16, 2, 13, 7
9296, 4, 40, 31, 9, 4, 0
9905, 5, 5, 5, 0, 5, 0
10878, 0, 22, 22, 0, 0, 0
12700, 4, 17, 17, 0, 2, 2
12701, 3, 4, 4, 0, 3, 0
12703, 14, 29, 16, 13, 13, 1
12704, 12, 25, 14, 11, 10, 2
12705, 52, 18, 15, 3, 40, 12
12707, 0, 9, 7, 2, 0, 0
12708, 0, 6, 5, 1, 0, 0
12709, 6, 4, 4, 0, 6, 0
12710, 0, 12, 7, 5, 0, 0
12711, 15, 98, 57, 41, 5, 10
12712, 23, 26, 24, 2, 23, 0
12713, 0, 5, 1, 4, 0, 0
12714, 47, 8, 8, 0, 47, 0
12715, 0, 5, 3, 2, 0, 0
12719, 0, 1, 1, 0, 0, 0
5107, 2, 5, 4, 1, 2, 0
5452, 27, 47, 34, 13, 15, 12
27412, 0, 34, 34, 0, 0, 0
31734, 0, 12, 6, 6, 0, 0
31735, 0, 2, 2, 0, 0, 0
31736, 0, 4, 1, 3, 0, 0
1773, 22, 18, 18, 0, 21, 1
2015, 33, 41, 31, 10, 22, 11
2815, 0, 26, 14, 12, 0, 0
3214, 190, 60, 45, 15, 154, 36
3903, 2, 17, 17, 0, 2, 0
3907, 136, 52, 43, 9, 77, 59
5254, 11, 7, 7, 0, 11, 0
5348, 0, 13, 13, 0, 0, 0
5479, 60, 40, 27, 13, 45, 15
6202, 0, 4, 3, 1, 0, 0
6219, 137, 34, 22, 12, 75, 62
6614, 0, 69, 47, 22, 0, 0
6637, 0, 33, 29, 4, 0, 0
7262, 0, 7, 7, 0, 0, 0
7313, 36, 44, 42, 2, 33, 3
7836, 74, 26, 21, 5, 57, 17
8074, 0, 25, 21, 4, 0, 0
8490, 9, 135, 104, 31, 9, 0
9375, 1, 52, 43, 9, 0, 1
9490, 4, 11, 9, 2, 0, 4
9831, 14, 5, 4, 1, 10, 4
11277, 6, 30, 30, 0, 6, 0
11377, 0, 15, 14, 1, 0, 0
11603, 1, 7, 7, 0, 1, 0
13112, 50, 14, 14, 0, 47, 3
14311, 2, 19, 14, 5, 2, 0
14433, 0, 17, 17, 0, 0, 0
15229, 59, 16, 10, 6, 22, 37
15323, 12, 11, 11, 0, 10, 2
17684, 0, 4, 4, 0, 0, 0
22165, 8, 11, 9, 2, 7, 1
23191, 25, 30, 26, 4, 15, 10
24969, 0, 6, 5, 1, 0, 0
25078, 2, 14, 12, 2, 2, 0
25996, 40, 5, 5, 0, 25, 15
27419, 9, 13, 13, 0, 8, 1
28368, 0, 7, 7, 0, 0, 0
28835, 0, 9, 6, 3, 0, 0
29910, 2, 2, 2, 0, 2, 0
30387, 0, 24, 22, 2, 0, 0
31087, 0, 5, 5, 0, 0, 0
31418, 6, 6, 5, 1, 4, 2
31737, 0, 1, 1, 0, 0, 0
31738, 14, 3, 2, 1, 14, 0
31739, 1, 5, 5, 0, 1, 0
31740, 0, 1, 1, 0, 0, 0
31741, 0, 1, 1, 0, 0, 0
31742, 2, 2, 2, 0, 2, 0
31743, 0, 1, 1, 0, 0, 0
31744, 0, 13, 12, 1, 0, 0
31745, 0, 1, 1, 0, 0, 0
218, 0, 3, 3, 0, 0, 0
1540, 8, 8, 8, 0, 8, 0
1688, 0, 111, 75, 36, 0, 0
2908, 48, 55, 42, 13, 48, 0
3153, 31, 47, 25, 22, 27, 4
3246, 151, 99, 80, 19, 113, 38
3441, 23, 23, 14, 9, 18, 5
3527, 104, 24, 22, 2, 102, 2
3710, 121, 13, 9, 4, 38, 83
4894, 141, 17, 15, 2, 141, 0
4906, 29, 42, 36, 6, 28, 1
5047, 70, 25, 21, 4, 48, 22
5056, 16, 29, 25, 4, 16, 0
5060, 203, 17, 15, 2, 140, 63
5799, 41, 134, 93, 41, 33, 8
5888, 119, 50, 37, 13, 75, 44
6333, 159, 20, 20, 0, 145, 14
6334, 17, 9, 8, 1, 17, 0
6394, 0, 17, 11, 6, 0, 0
6418, 201, 27, 22, 5, 13, 188
7432, 70, 11, 9, 2, 70, 0
7545, 16, 10, 10, 0, 15, 1
7570, 124, 48, 45, 3, 105, 19
7943, 128, 17, 17, 0, 128, 0
7961, 14, 9, 9, 0, 14, 0
8120, 44, 34, 29, 5, 41, 3
8143, 132, 31, 30, 1, 111, 21
8191, 22, 3, 3, 0, 22, 0
8193, 200, 53, 49, 4, 200, 0
8241, 22, 5, 4, 1, 10, 12
8624, 7, 19, 17, 2, 7, 0
9224, 148, 39, 35, 4, 148, 0
9679, 202, 45, 30, 15, 74, 128
9821, 80, 44, 33, 11, 53, 27
10226, 101, 64, 44, 20, 101, 0
10278, 0, 34, 18, 16, 0, 0
10460, 68, 8, 7, 1, 64, 4
11663, 130, 16, 10, 6, 73, 57
11728, 200, 31, 22, 9, 147, 53
11820, 46, 11, 8, 3, 23, 23
11931, 0, 6, 6, 0, 0, 0
11994, 0, 5, 3, 2, 0, 0
12755, 0, 28, 15, 13, 0, 0
14706, 91, 12, 12, 0, 90, 1
14739, 11, 9, 5, 4, 11, 0
15060, 34, 18, 14, 4, 27, 7
15878, 96, 7, 5, 2, 70, 26
15907, 49, 3, 3, 0, 40, 9
16056, 1, 26, 21, 5, 0, 1
16757, 202, 17, 7, 10, 62, 140
16772, 113, 17, 13, 4, 62, 51
16909, 30, 16, 13, 3, 19, 11
20233, 4, 7, 7, 0, 4, 0
20301, 44, 10, 8, 2, 44, 0
20926, 19, 18, 14, 4, 13, 6
21491, 168, 10, 10, 0, 168, 0
21608, 49, 21, 16, 5, 49, 0
21631, 20, 16, 12, 4, 18, 2
24381, 16, 2, 2, 0, 16, 0
24682, 22, 13, 12, 1, 22, 0
26732, 37, 22, 20, 2, 34, 3
26908, 159, 6, 5, 1, 43, 116
30201, 35, 4, 3, 1, 34, 1
30618, 33, 9, 8, 1, 33, 0
31488, 1, 1, 1, 0, 1, 0
31489, 0, 5, 4, 1, 0, 0
31490, 0, 1, 1, 0, 0, 0
31491, 191, 14, 13, 1, 190, 1
31492, 9, 5, 4, 1, 9, 0
31493, 1, 1, 1, 0, 1, 0
31495, 0, 1, 1, 0, 0, 0
31496, 1, 8, 7, 1, 0, 1
31497, 3, 1, 1, 0, 3, 0
31498, 1, 5, 5, 0, 1, 0
31499, 4, 4, 4, 0, 4, 0
31500, 3, 1, 1, 0, 3, 0
31501, 34, 1, 1, 0, 27, 7
31502, 33, 3, 3, 0, 33, 0
31503, 8, 1, 1, 0, 8, 0
31504, 6, 3, 3, 0, 5, 1
31505, 74, 6, 6, 0, 71, 3
31506, 55, 5, 4, 1, 54, 1
31507, 15, 7, 6, 1, 15, 0
31508, 17, 2, 2, 0, 17, 0
31509, 0, 1, 1, 0, 0, 0
31510, 3, 2, 2, 0, 3, 0
31511, 0, 3, 2, 1, 0, 0
31512, 14, 1, 1, 0, 14, 0
31513, 9, 5, 5, 0, 9, 0
31514, 8, 3, 3, 0, 8, 0
31515, 39, 1, 1, 0, 36, 3
1703, 191, 124, 53, 71, 36, 155
1744, 4, 75, 47, 28, 4, 0
1998, 0, 36, 11, 25, 0, 0
2888, 99, 34, 28, 6, 99, 0
3978, 2, 26, 12, 14, 2, 0
4168, 0, 16, 16, 0, 0, 0
4405, 0, 6, 6, 0, 0, 0
4816, 171, 103, 79, 24, 70, 101
5120, 0, 13, 5, 8, 0, 0
5133, 7, 18, 9, 9, 2, 5
6254, 4, 32, 22, 10, 4, 0
6272, 0, 4, 2, 2, 0, 0
6667, 4, 13, 11, 2, 4, 0
6763, 1, 49, 28, 21, 1, 0
7187, 3, 24, 12, 12, 3, 0
7564, 7, 2, 1, 1, 6, 1
7755, 25, 46, 20, 26, 25, 0
8178, 37, 38, 18, 20, 31, 6
8295, 20, 13, 11, 2, 20, 0
8332, 93, 73, 21, 52, 48, 45
8622, 11, 34, 5, 29, 2, 9
8647, 7, 30, 26, 4, 5, 2
9131, 0, 66, 63, 3, 0, 0
9477, 0, 12, 9, 3, 0, 0
9508, 42, 43, 25, 18, 42, 0
9570, 56, 94, 46, 48, 54, 2
9691, 73, 78, 66, 12, 60, 13
9738, 54, 14, 13, 1, 54, 0
9739, 17, 4, 3, 1, 14, 3
9740, 0, 4, 4, 0, 0, 0
9741, 0, 1, 1, 0, 0, 0
9743, 0, 27, 18, 9, 0, 0
9744, 0, 17, 17, 0, 0, 0
9745, 0, 3, 3, 0, 0, 0
9747, 0, 1, 1, 0, 0, 0
9748, 83, 9, 6, 3, 43, 40
9749, 2, 4, 4, 0, 2, 0
9750, 0, 5, 3, 2, 0, 0
9751, 0, 2, 2, 0, 0, 0
9752, 0, 4, 3, 1, 0, 0
9754, 0, 1, 1, 0, 0, 0
9755, 0, 5, 4, 1, 0, 0
9756, 1, 6, 2, 4, 1, 0
9757, 0, 20, 10, 10, 0, 0
9758, 3, 8, 6, 2, 3, 0
9759, 0, 11, 8, 3, 0, 0
9761, 0, 4, 3, 1, 0, 0
9762, 10, 4, 3, 1, 10, 0
9765, 72, 61, 22, 39, 28, 44
9766, 0, 49, 7, 42, 0, 0
9767, 0, 3, 0, 3, 0, 0
9768, 0, 18, 16, 2, 0, 0
9769, 20, 18, 3, 15, 7, 13
9770, 0, 2, 1, 1, 0, 0
9772, 0, 1, 0, 1, 0, 0
9773, 1, 9, 5, 4, 0, 1
9774, 8, 10, 5, 5, 2, 6
9775, 0, 21, 16, 5, 0, 0
9776, 1, 41, 12, 29, 1, 0
9777, 4, 2, 1, 1, 3, 1
9778, 0, 3, 0, 3, 0, 0
9779, 0, 2, 1, 1, 0, 0
9781, 0, 1, 0, 1, 0, 0
9782, 7, 3, 1, 2, 6, 1
9783, 2, 36, 15, 21, 2, 0
9784, 1, 9, 6, 3, 1, 0
9785, 1, 1, 0, 1, 1, 0
9786, 1, 19, 8, 11, 1, 0
9787, 6, 9, 3, 6, 3, 3
9788, 0, 1, 0, 1, 0, 0
9789, 0, 4, 0, 4, 0, 0
9790, 1, 9, 7, 2, 1, 0
9792, 5, 16, 3, 13, 5, 0
9793, 6, 36, 33, 3, 6, 0
9795, 1, 2, 1, 1, 1, 0
9796, 26, 13, 9, 4, 7, 19
9797, 0, 4, 0, 4, 0, 0
9798, 0, 6, 2, 4, 0, 0
9799, 0, 1, 0, 1, 0, 0
9800, 0, 4, 3, 1, 0, 0
9801, 3, 1, 0, 1, 2, 1
9803, 4, 11, 9, 2, 3, 1
9804, 2, 70, 48, 22, 2, 0
9805, 14, 9, 3, 6, 7, 7
9806, 0, 32, 3, 29, 0, 0
9808, 0, 1, 0, 1, 0, 0
9809, 65, 35, 17, 18, 33, 32
9810, 0, 2, 0, 2, 0, 0
9812, 0, 1, 0, 1, 0, 0
9814, 0, 1, 0, 1, 0, 0
9815, 1, 2, 1, 1, 0, 1
9816, 0, 55, 22, 33, 0, 0
9817, 1, 8, 2, 6, 1, 0
9818, 0, 3, 2, 1, 0, 0
9819, 0, 7, 3, 4, 0, 0
9820, 1, 5, 1, 4, 0, 1
9822, 4, 14, 11, 3, 4, 0
9823, 0, 2, 0, 2, 0, 0
9824, 4, 1, 0, 1, 3, 1
9825, 0, 2, 0, 2, 0, 0
9826, 78, 58, 14, 44, 42, 36
9827, 25, 13, 7, 6, 22, 3
9828, 0, 1, 0, 1, 0, 0
9829, 0, 2, 0, 2, 0, 0
9832, 5, 6, 2, 4, 5, 0
9834, 12, 7, 6, 1, 11, 1
9837, 0, 11, 4, 7, 0, 0
9838, 0, 3, 0, 3, 0, 0
9839, 11, 4, 3, 1, 11, 0
9841, 5, 5, 4, 1, 5, 0
9842, 0, 7, 5, 2, 0, 0
1530, 3, 35, 28, 7, 3, 0
2759, 22, 34, 27, 7, 22, 0
2819, 1, 84, 63, 21, 1, 0
3211, 9, 12, 12, 0, 8, 1
3216, 30, 29, 25, 4, 22, 8
3659, 87, 89, 64, 25, 79, 8
4343, 40, 30, 19, 11, 7, 33
4533, 0, 71, 56, 15, 0, 0
5712, 17, 57, 52, 5, 15, 2
6034, 0, 57, 33, 24, 0, 0
6401, 0, 11, 10, 1, 0, 0
7125, 1, 19, 13, 6, 1, 0
8836, 0, 22, 19, 3, 0, 0
9363, 19, 44, 28, 16, 0, 19
10389, 0, 15, 9, 6, 0, 0
10528, 10, 34, 19, 15, 5, 5
11404, 0, 12, 12, 0, 0, 0
12685, 17, 25, 17, 8, 17, 0
13487, 1, 15, 13, 2, 1, 0
14150, 112, 36, 29, 7, 15, 97
14177, 23, 25, 23, 2, 23, 0
14535, 203, 25, 15, 10, 103, 100
15761, 19, 5, 5, 0, 19, 0
20330, 0, 11, 11, 0, 0, 0
21474, 0, 10, 6, 4, 0, 0
22803, 0, 4, 4, 0, 0, 0
22879, 5, 4, 4, 0, 2, 3
24360, 0, 8, 7, 1, 0, 0
24378, 0, 13, 12, 1, 0, 0
24379, 36, 10, 8, 2, 27, 9
24380, 1, 3, 2, 1, 0, 1
24382, 22, 13, 10, 3, 20, 2
24383, 0, 10, 7, 3, 0, 0
24384, 0, 24, 23, 1, 0, 0
24386, 0, 2, 2, 0, 0, 0
24387, 0, 3, 1, 2, 0, 0
24388, 0, 5, 5, 0, 0, 0
24389, 2, 2, 1, 1, 1, 1
24390, 0, 1, 1, 0, 0, 0
24391, 0, 2, 2, 0, 0, 0
24392, 12, 11, 8, 3, 11, 1
24393, 0, 3, 2, 1, 0, 0
24394, 0, 4, 1, 3, 0, 0
24395, 2, 2, 1, 1, 2, 0
24396, 1, 1, 0, 1, 1, 0
24397, 0, 11, 5, 6, 0, 0
8975, 0, 38, 28, 10, 0, 0
19032, 0, 10, 7, 3, 0, 0
31746, 0, 4, 4, 0, 0, 0
10445, 0, 45, 30, 15, 0, 0
12382, 1, 36, 6, 30, 0, 1
31747, 1, 5, 4, 1, 1, 0
21596, 1, 3, 2, 1, 1, 0
1852, 2, 55, 43, 12, 2, 0
3523, 4, 103, 62, 41, 3, 1
4529, 0, 82, 64, 18, 0, 0
4920, 0, 17, 15, 2, 0, 0
6016, 93, 64, 36, 28, 91, 2
6615, 47, 64, 45, 19, 35, 12
6972, 0, 42, 26, 16, 0, 0
7577, 16, 21, 20, 1, 15, 1
10290, 0, 6, 6, 0, 0, 0
12830, 0, 12, 12, 0, 0, 0
12832, 2, 13, 13, 0, 2, 0
12835, 1, 2, 2, 0, 0, 1
12836, 3, 13, 11, 2, 1, 2
12837, 0, 1, 1, 0, 0, 0
12838, 0, 3, 3, 0, 0, 0
12839, 0, 6, 6, 0, 0, 0
12840, 0, 8, 6, 2, 0, 0
12841, 1, 36, 35, 1, 1, 0
12842, 12, 7, 4, 3, 6, 6
12843, 2, 15, 7, 8, 2, 0
12844, 0, 1, 0, 1, 0, 0
12845, 0, 20, 8, 12, 0, 0
12846, 2, 9, 7, 2, 2, 0
4566, 65, 72, 50, 22, 65, 0
5140, 18, 16, 8, 8, 14, 4
14711, 15, 40, 31, 9, 14, 1
24410, 0, 3, 3, 0, 0, 0
24411, 0, 1, 1, 0, 0, 0
24412, 0, 9, 9, 0, 0, 0
24413, 202, 20, 8, 12, 69, 133
1965, 0, 10, 10, 0, 0, 0
2391, 0, 68, 68, 0, 0, 0
2473, 10, 33, 18, 15, 4, 6
6527, 0, 21, 21, 0, 0, 0
8113, 0, 13, 8, 5, 0, 0
8762, 90, 29, 24, 5, 70, 20
9379, 197, 19, 8, 11, 8, 189
9731, 19, 18, 17, 1, 12, 7
10013, 42, 8, 8, 0, 27, 15
10426, 7, 24, 17, 7, 6, 1
10632, 0, 36, 23, 13, 0, 0
13397, 125, 13, 13, 0, 108, 17
13824, 0, 28, 27, 1, 0, 0
14333, 3, 29, 22, 7, 1, 2
19142, 0, 7, 6, 1, 0, 0
20456, 0, 5, 3, 2, 0, 0
21567, 0, 16, 16, 0, 0, 0
25872, 171, 24, 18, 6, 79, 92
26809, 0, 11, 8, 3, 0, 0
28564, 1, 13, 0, 13, 1, 0
30544, 0, 2, 0, 2, 0, 0
31748, 4, 7, 4, 3, 4, 0
31749, 0, 9, 2, 7, 0, 0
31750, 2, 11, 4, 7, 2, 0
31751, 0, 3, 2, 1, 0, 0
31752, 0, 2, 1, 1, 0, 0
31753, 166, 6, 1, 5, 0, 166
1686, 12, 8, 6, 2, 8, 4
2400, 3, 215, 156, 59, 3, 0
3140, 201, 222, 130, 92, 91, 110
3195, 15, 27, 22, 5, 15, 0
3336, 2, 22, 14, 8, 1, 1
3487, 39, 44, 16, 28, 39, 0
3544, 201, 25, 17, 8, 90, 111
3675, 0, 84, 27, 57, 0, 0
3955, 0, 49, 37, 12, 0, 0
3973, 0, 17, 8, 9, 0, 0
4013, 0, 23, 10, 13, 0, 0
4057, 130, 26, 23, 3, 121, 9
4126, 201, 10, 9, 1, 201, 0
5398, 56, 105, 51, 54, 29, 27
6144, 32, 28, 22, 6, 32, 0
6168, 0, 81, 68, 13, 0, 0
6246, 0, 31, 17, 14, 0, 0
6712, 50, 29, 19, 10, 39, 11
7372, 24, 23, 13, 10, 24, 0
7662, 33, 24, 15, 9, 24, 9
7776, 18, 56, 33, 23, 13, 5
8105, 89, 51, 46, 5, 87, 2
8126, 7, 54, 35, 19, 7, 0
8315, 1, 10, 9, 1, 0, 1
8575, 1, 66, 43, 23, 0, 1
9351, 0, 114, 71, 43, 0, 0
9523, 5, 93, 67, 26, 5, 0
10221, 0, 40, 24, 16, 0, 0
10329, 0, 2, 2, 0, 0, 0
10383, 57, 45, 29, 16, 44, 13
10797, 23, 30, 17, 13, 8, 15
10804, 28, 9, 9, 0, 26, 2
10845, 0, 23, 17, 6, 0, 0
11374, 5, 19, 15, 4, 5, 0
11998, 13, 28, 25, 3, 10, 3
12180, 4, 30, 26, 4, 1, 3
12991, 29, 17, 14, 3, 26, 3
13432, 16, 34, 12, 22, 16, 0
13823, 0, 8, 3, 5, 0, 0
15096, 14, 14, 8, 6, 1, 13
15123, 11, 14, 6, 8, 0, 11
15156, 37, 28, 27, 1, 31, 6
15536, 8, 15, 10, 5, 8, 0
16588, 49, 8, 5, 3, 49, 0
17545, 1, 45, 37, 8, 1, 0
20316, 0, 22, 7, 15, 0, 0
20339, 0, 17, 15, 2, 0, 0
21409, 8, 19, 14, 5, 3, 5
22750, 2, 9, 7, 2, 2, 0
24287, 2, 16, 13, 3, 2, 0
25541, 42, 37, 30, 7, 31, 11
25863, 129, 9, 5, 4, 20, 109
25991, 92, 16, 11, 5, 33, 59
26843, 0, 2, 1, 1, 0, 0
26857, 126, 8, 6, 2, 80, 46
27192, 1, 4, 3, 1, 1, 0
29742, 0, 4, 3, 1, 0, 0
30429, 0, 10, 7, 3, 0, 0
30705, 19, 13, 12, 1, 19, 0
31754, 0, 4, 4, 0, 0, 0
31755, 3, 2, 2, 0, 3, 0
31756, 0, 4, 3, 1, 0, 0
31757, 0, 1, 1, 0, 0, 0
31758, 0, 1, 1, 0, 0, 0
31759, 6, 12, 9, 3, 6, 0
31760, 0, 1, 1, 0, 0, 0
31761, 0, 4, 3, 1, 0, 0
31762, 0, 5, 3, 2, 0, 0
31763, 0, 2, 2, 0, 0, 0
31764, 0, 5, 2, 3, 0, 0
31765, 6, 4, 3, 1, 6, 0
31766, 0, 3, 3, 0, 0, 0
31767, 0, 1, 1, 0, 0, 0
31768, 9, 6, 4, 2, 8, 1
31769, 0, 2, 2, 0, 0, 0
31770, 0, 4, 1, 3, 0, 0
31771, 0, 4, 4, 0, 0, 0
31772, 12, 4, 3, 1, 12, 0
31773, 1, 4, 3, 1, 1, 0
31774, 0, 1, 1, 0, 0, 0
31775, 0, 2, 1, 1, 0, 0
31776, 144, 6, 4, 2, 82, 62
31777, 0, 1, 1, 0, 0, 0
31778, 0, 2, 2, 0, 0, 0
31779, 2, 1, 1, 0, 2, 0
31780, 0, 2, 2, 0, 0, 0
31781, 1, 5, 5, 0, 0, 1
31782, 7, 2, 2, 0, 5, 2
31783, 0, 1, 1, 0, 0, 0
31784, 0, 1, 1, 0, 0, 0
31785, 3, 2, 2, 0, 3, 0
31786, 0, 2, 0, 2, 0, 0
31787, 0, 1, 0, 1, 0, 0
31788, 0, 1, 0, 1, 0, 0
31789, 1, 1, 0, 1, 1, 0
1903, 5, 126, 102, 24, 5, 0
3899, 0, 50, 49, 1, 0, 0
5341, 8, 37, 33, 4, 7, 1
5364, 0, 154, 111, 43, 0, 0
6648, 1, 17, 17, 0, 0, 1
7997, 33, 36, 25, 11, 23, 10
12589, 35, 19, 14, 5, 34, 1
23626, 0, 14, 14, 0, 0, 0
31790, 3, 2, 1, 1, 1, 2
31791, 0, 1, 1, 0, 0, 0
31792, 24, 4, 4, 0, 22, 2
1969, 0, 15, 15, 0, 0, 0
2273, 0, 193, 169, 24, 0, 0
2368, 11, 15, 12, 3, 11, 0
2442, 1, 82, 75, 7, 1, 0
2454, 0, 22, 22, 0, 0, 0
2852, 69, 40, 38, 2, 45, 24
2967, 75, 91, 83, 8, 46, 29
3015, 2, 25, 22, 3, 1, 1
3168, 0, 4, 4, 0, 0, 0
3357, 18, 66, 30, 36, 14, 4
3597, 11, 5, 4, 1, 11, 0
3618, 0, 23, 19, 4, 0, 0
3625, 48, 23, 16, 7, 26, 22
3668, 0, 11, 10, 1, 0, 0
3914, 7, 23, 13, 10, 7, 0
4124, 0, 46, 46, 0, 0, 0
4204, 63, 45, 20, 25, 48, 15
4265, 0, 32, 32, 0, 0, 0
4280, 3, 10, 1, 9, 3, 0
4442, 0, 30, 18, 12, 0, 0
5454, 0, 15, 15, 0, 0, 0
5589, 3, 33, 33, 0, 3, 0
6162, 27, 172, 92, 80, 19, 8
6282, 0, 15, 15, 0, 0, 0
6421, 14, 94, 90, 4, 14, 0
6459, 0, 15, 13, 2, 0, 0
6933, 12, 25, 25, 0, 12, 0
6986, 2, 22, 21, 1, 1, 1
7020, 17, 33, 33, 0, 17, 0
7148, 0, 9, 8, 1, 0, 0
9029, 3, 21, 15, 6, 2, 1
10484, 8, 31, 24, 7, 7, 1
11296, 10, 2, 2, 0, 10, 0
11544, 0, 15, 15, 0, 0, 0
11670, 72, 40, 23, 17, 56, 16
12473, 2, 26, 26, 0, 2, 0
12604, 2, 27, 26, 1, 1, 1
12994, 0, 77, 73, 4, 0, 0
13471, 0, 7, 7, 0, 0, 0
13907, 68, 60, 36, 24, 39, 29
14051, 5, 21, 12, 9, 5, 0
14357, 6, 7, 7, 0, 6, 0
14769, 0, 31, 30, 1, 0, 0
14963, 13, 8, 7, 1, 12, 1
15007, 2, 18, 17, 1, 1, 1
15805, 0, 10, 9, 1, 0, 0
16034, 0, 13, 13, 0, 0, 0
16989, 0, 17, 17, 0, 0, 0
17464, 15, 9, 7, 2, 1, 14
18230, 0, 3, 2, 1, 0, 0
19231, 0, 2, 2, 0, 0, 0
19270, 36, 16, 15, 1, 22, 14
19393, 0, 6, 2, 4, 0, 0
20008, 6, 19, 13, 6, 0, 6
20711, 0, 10, 7, 3, 0, 0
23966, 0, 3, 2, 1, 0, 0
24201, 1, 6, 4, 2, 1, 0
24423, 0, 6, 6, 0, 0, 0
24424, 0, 1, 1, 0, 0, 0
24425, 0, 1, 1, 0, 0, 0
24426, 16, 9, 7, 2, 16, 0
24427, 1, 3, 2, 1, 1, 0
24428, 0, 2, 2, 0, 0, 0
24430, 0, 1, 1, 0, 0, 0
24431, 3, 8, 7, 1, 3, 0
24432, 0, 1, 1, 0, 0, 0
24433, 1, 2, 1, 1, 1, 0
24434, 0, 2, 2, 0, 0, 0
24435, 36, 16, 13, 3, 25, 11
24436, 1, 1, 1, 0, 1, 0
24437, 1, 5, 5, 0, 1, 0
24438, 0, 2, 2, 0, 0, 0
24439, 4, 1, 1, 0, 3, 1
24440, 0, 1, 1, 0, 0, 0
24441, 0, 1, 1, 0, 0, 0
24442, 2, 1, 1, 0, 2, 0
24443, 0, 4, 3, 1, 0, 0
24444, 0, 2, 2, 0, 0, 0
24445, 0, 2, 2, 0, 0, 0
24446, 0, 3, 3, 0, 0, 0
24447, 10, 1, 1, 0, 10, 0
24448, 0, 1, 1, 0, 0, 0
24449, 0, 2, 2, 0, 0, 0
24450, 1, 2, 1, 1, 1, 0
24451, 0, 7, 2, 5, 0, 0
1898, 14, 18, 17, 1, 14, 0
2043, 41, 26, 19, 7, 34, 7
4004, 18, 23, 18, 5, 18, 0
4032, 24, 137, 35, 102, 16, 8
4121, 15, 16, 5, 11, 13, 2
4558, 10, 51, 48, 3, 10, 0
5081, 2, 177, 157, 20, 1, 1
5157, 0, 54, 29, 25, 0, 0
5943, 39, 29, 27, 2, 36, 3
6332, 14, 15, 12, 3, 14, 0
8302, 10, 53, 47, 6, 10, 0
9492, 2, 12, 12, 0, 2, 0
12358, 60, 24, 23, 1, 56, 4
13364, 58, 9, 6, 3, 36, 22
14064, 0, 6, 3, 3, 0, 0
17134, 17, 17, 7, 10, 2, 15
17757, 0, 8, 8, 0, 0, 0
21446, 11, 15, 13, 2, 11, 0
22645, 19, 34, 19, 15, 19, 0
26430, 2, 4, 0, 4, 2, 0
26784, 0, 9, 8, 1, 0, 0
28805, 9, 7, 6, 1, 9, 0
29476, 0, 6, 2, 4, 0, 0
31793, 0, 3, 3, 0, 0, 0
31794, 0, 1, 1, 0, 0, 0
31795, 0, 1, 1, 0, 0, 0
31796, 0, 5, 5, 0, 0, 0
31797, 0, 2, 1, 1, 0, 0
31798, 1, 10, 8, 2, 1, 0
10851, 0, 5, 3, 2, 0, 0
1595, 201, 124, 100, 24, 107, 94
1611, 37, 77, 64, 13, 31, 6
4283, 1, 5, 1, 4, 1, 0
5131, 0, 51, 5, 46, 0, 0
5353, 1, 78, 71, 7, 0, 1
8047, 38, 13, 11, 2, 37, 1
10297, 14, 41, 27, 14, 13, 1
31799, 8, 7, 3, 4, 5, 3
31800, 0, 5, 4, 1, 0, 0
3024, 3, 14, 10, 4, 3, 0
3043, 5, 31, 3, 28, 5, 0
9911, 8, 21, 20, 1, 7, 1
15526, 0, 11, 11, 0, 0, 0
21666, 14, 27, 3, 24, 14, 0
29892, 6, 26, 22, 4, 5, 1
31070, 0, 4, 0, 4, 0, 0
31801, 0, 4, 4, 0, 0, 0
31802, 0, 2, 2, 0, 0, 0
31803, 2, 3, 3, 0, 2, 0
31804, 0, 2, 2, 0, 0, 0
31805, 0, 2, 0, 2, 0, 0
2008, 0, 159, 79, 80, 0, 0
2244, 27, 105, 97, 8, 16, 11
2396, 20, 36, 25, 11, 20, 0
2880, 0, 28, 28, 0, 0, 0
3459, 0, 21, 16, 5, 0, 0
4965, 12, 114, 97, 17, 12, 0
5062, 0, 29, 28, 1, 0, 0
6058, 2, 32, 18, 14, 2, 0
6125, 59, 45, 40, 5, 59, 0
6227, 0, 34, 34, 0, 0, 0
6257, 3, 23, 21, 2, 0, 3
6473, 1, 29, 29, 0, 1, 0
7103, 9, 34, 32, 2, 8, 1
7134, 71, 38, 30, 8, 68, 3
9031, 1, 19, 8, 11, 0, 1
9954, 0, 10, 10, 0, 0, 0
10449, 0, 40, 35, 5, 0, 0
10729, 16, 8, 7, 1, 10, 6
11480, 69, 45, 38, 7, 51, 18
11600, 3, 43, 36, 7, 2, 1
13097, 33, 51, 37, 14, 29, 4
13832, 0, 32, 29, 3, 0, 0
14188, 13, 22, 8, 14, 4, 9
14304, 0, 5, 4, 1, 0, 0
14972, 0, 20, 17, 3, 0, 0
15674, 0, 16, 16, 0, 0, 0
15776, 0, 21, 20, 1, 0, 0
17522, 4, 25, 21, 4, 4, 0
20563, 0, 5, 4, 1, 0, 0
20575, 42, 31, 22, 9, 41, 1
20674, 1, 9, 9, 0, 1, 0
24231, 0, 8, 8, 0, 0, 0
25436, 3, 3, 1, 2, 2, 1
26459, 0, 3, 3, 0, 0, 0
27268, 3, 2, 2, 0, 0, 3
27909, 10, 4, 4, 0, 10, 0
28809, 0, 6, 6, 0, 0, 0
28851, 3, 4, 4, 0, 3, 0
31328, 0, 10, 8, 2, 0, 0
31806, 0, 2, 2, 0, 0, 0
31807, 0, 5, 2, 3, 0, 0
31808, 7, 7, 5, 2, 2, 5
31809, 0, 1, 1, 0, 0, 0
31810, 5, 9, 8, 1, 4, 1
31811, 1, 2, 2, 0, 1, 0
31812, 5, 7, 7, 0, 2, 3
31813, 0, 3, 3, 0, 0, 0
31814, 30, 12, 11, 1, 30, 0
31815, 0, 1, 1, 0, 0, 0
31816, 0, 7, 7, 0, 0, 0
31817, 3, 1, 1, 0, 2, 1
31818, 0, 1, 1, 0, 0, 0
31819, 0, 2, 0, 2, 0, 0
31820, 0, 2, 0, 2, 0, 0
1946, 70, 105, 71, 34, 68, 2
2947, 0, 25, 22, 3, 0, 0
2957, 0, 17, 17, 0, 0, 0
2962, 21, 22, 22, 0, 21, 0
5113, 0, 48, 15, 33, 0, 0
14744, 14, 26, 26, 0, 14, 0
14939, 0, 3, 1, 2, 0, 0
31821, 0, 1, 0, 1, 0, 0
31822, 5, 10, 3, 7, 4, 1
8321, 3, 18, 17, 1, 2, 1
9676, 0, 7, 6, 1, 0, 0
16832, 0, 17, 5, 12, 0, 0
31823, 1, 4, 3, 1, 1, 0
31824, 0, 1, 1, 0, 0, 0
31825, 0, 1, 1, 0, 0, 0
31826, 0, 1, 1, 0, 0, 0
31827, 0, 1, 1, 0, 0, 0
31828, 1, 2, 2, 0, 1, 0
31829, 0, 1, 1, 0, 0, 0
2320, 10, 39, 34, 5, 10, 0
2404, 0, 11, 10, 1, 0, 0
5469, 0, 28, 23, 5, 0, 0
8081, 48, 43, 40, 3, 48, 0
8291, 6, 9, 8, 1, 4, 2
9222, 34, 14, 11, 3, 33, 1
9851, 12, 4, 3, 1, 12, 0
10440, 34, 32, 24, 8, 34, 0
12564, 2, 39, 23, 16, 2, 0
15141, 1, 26, 20, 6, 1, 0
17210, 0, 15, 13, 2, 0, 0
19194, 0, 9, 8, 1, 0, 0
24265, 0, 9, 5, 4, 0, 0
26213, 1, 10, 7, 3, 1, 0
31830, 2, 6, 6, 0, 2, 0
31831, 1, 1, 1, 0, 1, 0
31832, 2, 1, 1, 0, 2, 0
31833, 4, 4, 3, 1, 2, 2
31834, 4, 8, 6, 2, 4, 0
31835, 3, 5, 4, 1, 3, 0
4189, 2, 23, 14, 9, 0, 2
18268, 3, 16, 9, 7, 3, 0
31836, 8, 5, 4, 1, 8, 0
31837, 1, 1, 1, 0, 1, 0
3182, 1, 29, 24, 5, 1, 0
14751, 0, 10, 10, 0, 0, 0
15289, 9, 12, 7, 5, 9, 0
18939, 15, 10, 7, 3, 7, 8
21606, 0, 14, 2, 12, 0, 0
25556, 6, 8, 8, 0, 6, 0
31838, 0, 1, 1, 0, 0, 0
31839, 22, 3, 3, 0, 22, 0
31840, 1, 1, 1, 0, 1, 0
31841, 7, 1, 1, 0, 6, 1
31842, 4, 3, 2, 1, 4, 0
31843, 0, 2, 2, 0, 0, 0
6551, 1, 11, 10, 1, 1, 0
13393, 2, 17, 17, 0, 2, 0
22126, 4, 3, 3, 0, 4, 0
31844, 3, 3, 3, 0, 3, 0
31845, 0, 1, 1, 0, 0, 0
31846, 0, 1, 1, 0, 0, 0
31847, 0, 1, 1, 0, 0, 0
1644, 0, 23, 12, 11, 0, 0
31848, 2, 2, 2, 0, 2, 0
31849, 1, 2, 2, 0, 1, 0
6388, 10, 47, 41, 6, 10, 0
7460, 0, 34, 28, 6, 0, 0
8439, 0, 283, 283, 0, 0, 0
11564, 4, 45, 43, 2, 4, 0
13287, 0, 28, 11, 17, 0, 0
14562, 14, 14, 9, 5, 10, 4
30091, 8, 8, 7, 1, 7, 1
30179, 0, 3, 3, 0, 0, 0
31850, 0, 2, 2, 0, 0, 0
31851, 18, 11, 9, 2, 11, 7
31852, 4, 7, 7, 0, 4, 0
6479, 9, 11, 11, 0, 9, 0
11522, 2, 4, 2, 2, 1, 1
31853, 0, 1, 1, 0, 0, 0
31854, 0, 2, 0, 2, 0, 0
31855, 0, 1, 0, 1, 0, 0
2897, 197, 19, 12, 7, 36, 161
4719, 126, 77, 56, 21, 100, 26
5438, 59, 10, 9, 1, 33, 26
5507, 145, 19, 18, 1, 129, 16
6706, 157, 23, 11, 12, 15, 142
7373, 401, 48, 15, 33, 18, 383
7599, 115, 27, 25, 2, 91, 24
8576, 49, 9, 7, 2, 19, 30
10464, 49, 6, 5, 1, 33, 16
10524, 176, 45, 43, 2, 160, 16
11793, 27, 8, 7, 1, 26, 1
11985, 2, 91, 40, 51, 2, 0
12767, 39, 5, 5, 0, 25, 14
12852, 12, 1, 1, 0, 12, 0
13098, 7, 29, 15, 14, 6, 1
13438, 199, 15, 15, 0, 144, 55
15586, 55, 7, 6, 1, 22, 33
16775, 0, 18, 16, 2, 0, 0
23018, 26, 3, 3, 0, 10, 16
23109, 128, 4, 4, 0, 88, 40
24340, 39, 7, 6, 1, 39, 0
24710, 5, 8, 8, 0, 2, 3
25057, 67, 21, 15, 6, 19, 48
25117, 199, 21, 18, 3, 79, 120
25235, 127, 3, 1, 2, 59, 68
25758, 59, 4, 4, 0, 49, 10
25884, 202, 12, 8, 4, 118, 84
26119, 17, 9, 7, 2, 10, 7
28403, 50, 10, 7, 3, 16, 34
29463, 122, 9, 7, 2, 68, 54
29878, 18, 9, 3, 6, 14, 4
29990, 31, 1, 1, 0, 19, 12
31246, 110, 12, 11, 1, 68, 42
31856, 24, 1, 1, 0, 14, 10
31857, 1, 7, 7, 0, 1, 0
31858, 136, 3, 3, 0, 55, 81
31859, 31, 2, 2, 0, 11, 20
31860, 170, 2, 1, 1, 12, 158
31861, 2, 1, 1, 0, 2, 0
31862, 5, 7, 5, 2, 5, 0
31863, 11, 1, 1, 0, 11, 0
31864, 2, 1, 1, 0, 1, 1
31865, 13, 1, 1, 0, 13, 0
31866, 55, 3, 2, 1, 23, 32
31867, 7, 1, 1, 0, 7, 0
31868, 5, 3, 3, 0, 4, 1
10559, 0, 32, 21, 11, 0, 0
3144, 6, 20, 13, 7, 4, 2
3454, 5, 17, 9, 8, 5, 0
3825, 53, 10, 9, 1, 53, 0
6100, 4, 9, 6, 3, 3, 1
7906, 14, 18, 11, 7, 8, 6
10505, 5, 35, 18, 17, 5, 0
11364, 23, 2, 2, 0, 20, 3
12119, 0, 5, 2, 3, 0, 0
16506, 39, 2, 2, 0, 39, 0
22230, 0, 4, 4, 0, 0, 0
28144, 0, 11, 1, 10, 0, 0
29927, 1, 4, 3, 1, 1, 0
31869, 6, 7, 3, 4, 6, 0
31870, 61, 9, 9, 0, 46, 15
31871, 0, 1, 1, 0, 0, 0
31872, 41, 5, 3, 2, 36, 5
31873, 0, 1, 1, 0, 0, 0
31874, 2, 3, 2, 1, 1, 1
31875, 0, 3, 2, 1, 0, 0
31876, 1, 2, 2, 0, 1, 0
31877, 2, 2, 2, 0, 2, 0
14918, 0, 6, 3, 3, 0, 0
7171, 0, 6, 6, 0, 0, 0
9434, 11, 38, 30, 8, 9, 2
19930, 0, 6, 6, 0, 0, 0
31878, 0, 2, 2, 0, 0, 0
31879, 0, 1, 1, 0, 0, 0
31880, 0, 1, 1, 0, 0, 0
31881, 0, 1, 0, 1, 0, 0
3542, 64, 23, 20, 3, 64, 0
4220, 25, 31, 27, 4, 21, 4
11647, 3, 8, 8, 0, 2, 1
20003, 12, 5, 5, 0, 12, 0
21305, 8, 10, 8, 2, 5, 3
21944, 2, 6, 6, 0, 2, 0
23437, 5, 4, 4, 0, 5, 0
24364, 13, 6, 5, 1, 13, 0
26005, 75, 4, 4, 0, 70, 5
29580, 15, 8, 7, 1, 15, 0
30791, 51, 5, 5, 0, 51, 0
31882, 1, 1, 1, 0, 1, 0
31883, 41, 2, 2, 0, 41, 0
31884, 5, 4, 3, 1, 5, 0
31885, 20, 1, 1, 0, 20, 0
31886, 7, 1, 1, 0, 7, 0
31887, 18, 1, 1, 0, 17, 1
31888, 2, 1, 1, 0, 2, 0
31889, 10, 1, 1, 0, 8, 2
31890, 1, 1, 1, 0, 1, 0
31891, 27, 2, 2, 0, 11, 16
1801, 74, 63, 38, 25, 30, 44
2252, 22, 32, 19, 13, 12, 10
3377, 8, 98, 17, 81, 8, 0
3379, 23, 26, 19, 7, 13, 10
3471, 3, 57, 32, 25, 3, 0
3893, 74, 47, 33, 14, 39, 35
4020, 9, 41, 30, 11, 4, 5
4307, 118, 27, 16, 11, 80, 38
4559, 0, 4, 2, 2, 0, 0
4621, 203, 80, 53, 27, 31, 172
4951, 230, 54, 45, 9, 207, 23
5511, 32, 23, 12, 11, 21, 11
5724, 34, 40, 32, 8, 19, 15
6455, 2, 34, 29, 5, 2, 0
6581, 6, 39, 13, 26, 2, 4
6997, 9, 6, 4, 2, 9, 0
7162, 36, 88, 66, 22, 14, 22
7229, 0, 47, 32, 15, 0, 0
7379, 1, 35, 30, 5, 1, 0
7414, 0, 31, 14, 17, 0, 0
8478, 0, 7, 5, 2, 0, 0
8764, 0, 31, 23, 8, 0, 0
8778, 0, 45, 36, 9, 0, 0
9353, 3, 14, 6, 8, 3, 0
9573, 6, 7, 7, 0, 5, 1
9677, 0, 8, 5, 3, 0, 0
9701, 6, 11, 8, 3, 6, 0
9853, 1, 39, 35, 4, 1, 0
10043, 0, 15, 12, 3, 0, 0
10113, 0, 17, 1, 16, 0, 0
10537, 0, 6, 2, 4, 0, 0
11373, 0, 20, 17, 3, 0, 0
11665, 48, 21, 15, 6, 48, 0
11919, 5, 23, 17, 6, 5, 0
12109, 0, 5, 3, 2, 0, 0
12828, 5, 18, 12, 6, 3, 2
13330, 2, 6, 3, 3, 2, 0
13804, 1, 10, 8, 2, 0, 1
13817, 0, 13, 12, 1, 0, 0
15115, 53, 36, 25, 11, 36, 17
15143, 0, 8, 2, 6, 0, 0
15252, 0, 26, 14, 12, 0, 0
15317, 2, 48, 32, 16, 1, 1
16155, 0, 13, 12, 1, 0, 0
16623, 0, 3, 1, 2, 0, 0
16829, 6, 4, 3, 1, 6, 0
17291, 0, 10, 9, 1, 0, 0
17388, 0, 28, 10, 18, 0, 0
17764, 0, 13, 8, 5, 0, 0
18063, 25, 33, 31, 2, 25, 0
18456, 28, 11, 8, 3, 18, 10
18938, 0, 11, 4, 7, 0, 0
18940, 5, 36, 25, 11, 3, 2
19445, 8, 7, 4, 3, 7, 1
19775, 0, 35, 24, 11, 0, 0
19776, 5, 18, 9, 9, 4, 1
20801, 12, 6, 3, 3, 12, 0
21116, 0, 2, 1, 1, 0, 0
21614, 120, 12, 10, 2, 120, 0
22893, 0, 9, 4, 5, 0, 0
22897, 4, 10, 7, 3, 3, 1
23313, 1, 9, 7, 2, 1, 0
23901, 4, 17, 9, 8, 4, 0
24191, 0, 5, 1, 4, 0, 0
24207, 0, 14, 7, 7, 0, 0
24860, 0, 12, 6, 6, 0, 0
25698, 0, 2, 1, 1, 0, 0
25975, 1, 7, 5, 2, 1, 0
26708, 0, 4, 2, 2, 0, 0
27050, 7, 17, 8, 9, 5, 2
27624, 0, 3, 3, 0, 0, 0
28414, 0, 6, 6, 0, 0, 0
29700, 77, 19, 11, 8, 77, 0
29897, 0, 10, 7, 3, 0, 0
30374, 0, 23, 13, 10, 0, 0
30487, 1, 6, 1, 5, 1, 0
30675, 0, 4, 1, 3, 0, 0
30926, 2, 12, 9, 3, 0, 2
31414, 2, 5, 3, 2, 1, 1
31892, 0, 4, 1, 3, 0, 0
31893, 0, 2, 2, 0, 0, 0
31894, 0, 1, 1, 0, 0, 0
31895, 0, 10, 9, 1, 0, 0
31896, 18, 3, 3, 0, 16, 2
31897, 5, 13, 11, 2, 0, 5
31898, 0, 4, 2, 2, 0, 0
31899, 0, 3, 3, 0, 0, 0
31900, 0, 8, 2, 6, 0, 0
31901, 0, 1, 1, 0, 0, 0
31902, 0, 1, 1, 0, 0, 0
31903, 3, 4, 2, 2, 2, 1
31904, 7, 7, 4, 3, 6, 1
31905, 0, 1, 0, 1, 0, 0
31906, 0, 2, 0, 2, 0, 0
31907, 0, 4, 2, 2, 0, 0
31908, 3, 6, 3, 3, 3, 0
31909, 37, 4, 2, 2, 10, 27
31910, 4, 3, 1, 2, 4, 0
31911, 0, 2, 1, 1, 0, 0
31912, 0, 6, 3, 3, 0, 0
31913, 0, 1, 0, 1, 0, 0
31914, 0, 1, 0, 1, 0, 0
31915, 0, 1, 0, 1, 0, 0
31916, 0, 4, 1, 3, 0, 0
31917, 1, 4, 1, 3, 1, 0
31918, 0, 2, 1, 1, 0, 0
31919, 0, 1, 0, 1, 0, 0
31920, 2, 1, 0, 1, 2, 0
31921, 3, 1, 0, 1, 3, 0
31922, 5, 6, 4, 2, 4, 1
31923, 0, 2, 0, 2, 0, 0
31924, 0, 1, 0, 1, 0, 0
31925, 0, 8, 1, 7, 0, 0
31926, 0, 3, 1, 2, 0, 0
31927, 0, 2, 0, 2, 0, 0
31928, 0, 1, 0, 1, 0, 0
31929, 0, 1, 0, 1, 0, 0
31930, 0, 2, 1, 1, 0, 0
31931, 0, 2, 1, 1, 0, 0
31932, 6, 4, 1, 3, 6, 0
31933, 0, 4, 2, 2, 0, 0
31934, 1, 3, 0, 3, 1, 0
31935, 0, 1, 0, 1, 0, 0
31936, 0, 1, 0, 1, 0, 0
31937, 0, 1, 0, 1, 0, 0
31938, 0, 4, 2, 2, 0, 0
31939, 1, 1, 0, 1, 0, 1
31940, 0, 4, 0, 4, 0, 0
31941, 0, 1, 0, 1, 0, 0
31942, 0, 1, 0, 1, 0, 0
31943, 0, 3, 1, 2, 0, 0
31944, 9, 8, 5, 3, 8, 1
31945, 0, 4, 1, 3, 0, 0
4481, 0, 16, 9, 7, 0, 0
6844, 4, 14, 7, 7, 1, 3
6897, 6, 5, 4, 1, 5, 1
6962, 10, 46, 12, 34, 10, 0
8489, 2, 11, 6, 5, 0, 2
10204, 8, 13, 10, 3, 6, 2
10828, 5, 5, 3, 2, 4, 1
13353, 0, 45, 10, 35, 0, 0
15521, 3, 14, 9, 5, 3, 0
21621, 43, 9, 6, 3, 10, 33
25997, 12, 12, 7, 5, 12, 0
29765, 0, 16, 4, 12, 0, 0
29889, 0, 7, 3, 4, 0, 0
31946, 0, 1, 1, 0, 0, 0
31947, 2, 2, 0, 2, 1, 1
31948, 0, 1, 0, 1, 0, 0
31949, 0, 1, 0, 1, 0, 0
31950, 0, 1, 0, 1, 0, 0
31951, 0, 6, 2, 4, 0, 0
31952, 0, 1, 0, 1, 0, 0
31953, 0, 7, 3, 4, 0, 0
31954, 0, 2, 1, 1, 0, 0
1571, 7, 7, 3, 4, 6, 1
2377, 2, 66, 64, 2, 1, 1
2446, 202, 33, 28, 5, 201, 1
2882, 1, 5, 3, 2, 1, 0
2916, 0, 25, 11, 14, 0, 0
3663, 5, 29, 21, 8, 5, 0
4272, 4, 27, 20, 7, 4, 0
4374, 51, 79, 64, 15, 10, 41
4784, 0, 3, 3, 0, 0, 0
4790, 0, 20, 18, 2, 0, 0
6250, 0, 43, 32, 11, 0, 0
6383, 0, 29, 25, 4, 0, 0
6664, 25, 21, 20, 1, 11, 14
7927, 0, 3, 3, 0, 0, 0
10118, 0, 71, 17, 54, 0, 0
10417, 1, 26, 7, 19, 0, 1
11581, 0, 26, 26, 0, 0, 0
11809, 8, 18, 15, 3, 5, 3
12161, 0, 5, 3, 2, 0, 0
12926, 0, 10, 10, 0, 0, 0
14817, 12, 27, 20, 7, 12, 0
14852, 60, 17, 12, 5, 16, 44
15117, 1, 38, 30, 8, 0, 1
16065, 34, 11, 8, 3, 29, 5
16083, 7, 32, 30, 2, 7, 0
16398, 0, 41, 37, 4, 0, 0
17409, 8, 10, 8, 2, 5, 3
19420, 13, 33, 22, 11, 5, 8
20214, 1, 23, 21, 2, 0, 1
20434, 3, 5, 2, 3, 3, 0
23281, 0, 16, 16, 0, 0, 0
28429, 0, 7, 7, 0, 0, 0
28502, 0, 2, 2, 0, 0, 0
28928, 0, 3, 2, 1, 0, 0
31955, 2, 2, 2, 0, 1, 1
31956, 0, 1, 1, 0, 0, 0
31957, 0, 3, 2, 1, 0, 0
31958, 1, 14, 14, 0, 1, 0
31959, 0, 3, 2, 1, 0, 0
31960, 9, 1, 1, 0, 7, 2
31961, 58, 2, 2, 0, 56, 2
31962, 1, 3, 3, 0, 0, 1
31963, 0, 2, 2, 0, 0, 0
31964, 3, 3, 3, 0, 3, 0
31965, 7, 2, 1, 1, 6, 1
31966, 0, 1, 0, 1, 0, 0
31967, 0, 7, 5, 2, 0, 0
31968, 4, 13, 7, 6, 0, 4
31969, 0, 2, 0, 2, 0, 0
31970, 0, 2, 0, 2, 0, 0
31971, 0, 2, 0, 2, 0, 0
3994, 2, 5, 3, 2, 2, 0
6845, 0, 38, 35, 3, 0, 0
9078, 5, 30, 15, 15, 2, 3
9542, 9, 30, 10, 20, 3, 6
10264, 4, 75, 2, 73, 4, 0
16558, 0, 40, 27, 13, 0, 0
16975, 0, 24, 16, 8, 0, 0
21671, 1, 5, 1, 4, 1, 0
23175, 0, 45, 45, 0, 0, 0
25551, 32, 8, 8, 0, 27, 5
31972, 0, 7, 3, 4, 0, 0
31973, 1, 9, 4, 5, 1, 0
17224, 24, 13, 10, 3, 7, 17
31974, 0, 1, 1, 0, 0, 0
13096, 85, 32, 23, 9, 45, 40
17822, 188, 9, 7, 2, 184, 4
31975, 1, 1, 1, 0, 1, 0
31976, 0, 1, 1, 0, 0, 0
31977, 1, 4, 1, 3, 1, 0
3999, 2, 11, 10, 1, 2, 0
4725, 0, 88, 43, 45, 0, 0
4887, 0, 8, 8, 0, 0, 0
5394, 16, 66, 46, 20, 11, 5
6084, 7, 3, 2, 1, 7, 0
7345, 0, 4, 3, 1, 0, 0
16435, 0, 8, 5, 3, 0, 0
31978, 0, 12, 5, 7, 0, 0
2009, 0, 93, 65, 28, 0, 0
4584, 11, 86, 46, 40, 9, 2
4915, 72, 143, 62, 81, 54, 18
8747, 28, 2, 2, 0, 28, 0
9925, 6, 17, 5, 12, 5, 1
14209, 0, 14, 11, 3, 0, 0
15091, 18, 5, 4, 1, 17, 1
15619, 0, 36, 28, 8, 0, 0
16230, 96, 59, 36, 23, 96, 0
16990, 32, 2, 2, 0, 32, 0
17141, 173, 16, 13, 3, 138, 35
22161, 0, 10, 8, 2, 0, 0
27193, 30, 17, 15, 2, 28, 2
28165, 11, 11, 8, 3, 7, 4
31979, 0, 2, 2, 0, 0, 0
31980, 38, 1, 1, 0, 30, 8
31981, 3, 1, 1, 0, 3, 0
31982, 0, 1, 1, 0, 0, 0
31983, 0, 2, 2, 0, 0, 0
31984, 2, 4, 4, 0, 2, 0
31985, 0, 1, 1, 0, 0, 0
31986, 2, 3, 2, 1, 2, 0
31987, 0, 4, 0, 4, 0, 0
2748, 0, 77, 60, 17, 0, 0
3812, 14, 9, 5, 4, 11, 3
4178, 1, 64, 64, 0, 1, 0
4286, 0, 20, 16, 4, 0, 0
6605, 0, 39, 36, 3, 0, 0
9016, 35, 42, 14, 28, 11, 24
9204, 0, 18, 5, 13, 0, 0
9349, 1, 32, 29, 3, 1, 0
10637, 22, 8, 8, 0, 11, 11
10783, 0, 47, 44, 3, 0, 0
10928, 0, 10, 7, 3, 0, 0
11865, 1, 61, 61, 0, 1, 0
20013, 0, 7, 7, 0, 0, 0
20335, 0, 9, 9, 0, 0, 0
20883, 6, 1, 1, 0, 6, 0
21142, 0, 6, 4, 2, 0, 0
21879, 22, 5, 5, 0, 21, 1
21880, 7, 5, 3, 2, 4, 3
21882, 2, 3, 3, 0, 2, 0
21883, 6, 11, 9, 2, 2, 4
21884, 0, 8, 4, 4, 0, 0
21885, 0, 2, 2, 0, 0, 0
21886, 0, 1, 1, 0, 0, 0
21887, 0, 9, 4, 5, 0, 0
21888, 0, 1, 1, 0, 0, 0
21889, 0, 5, 5, 0, 0, 0
21891, 5, 5, 3, 2, 5, 0
21892, 0, 10, 5, 5, 0, 0
7077, 17, 27, 27, 0, 14, 3
16079, 0, 17, 17, 0, 0, 0
1634, 28, 28, 21, 7, 23, 5
4281, 1, 118, 90, 28, 0, 1
21360, 0, 3, 3, 0, 0, 0
31988, 0, 1, 1, 0, 0, 0
4573, 4, 19, 6, 13, 3, 1
5144, 54, 137, 47, 90, 53, 1
7799, 46, 60, 34, 26, 21, 25
13091, 34, 37, 13, 24, 27, 7
18812, 4, 5, 5, 0, 4, 0
26861, 0, 3, 0, 3, 0, 0
31989, 1, 1, 1, 0, 1, 0
31990, 0, 4, 4, 0, 0, 0
31991, 0, 2, 2, 0, 0, 0
31992, 6, 2, 1, 1, 6, 0
31993, 0, 2, 2, 0, 0, 0
31994, 0, 1, 0, 1, 0, 0
31995, 0, 1, 0, 1, 0, 0
31996, 0, 1, 0, 1, 0, 0
31997, 0, 1, 0, 1, 0, 0
3201, 0, 40, 40, 0, 0, 0
1667, 202, 29, 12, 17, 30, 172
1799, 41, 45, 30, 15, 39, 2
1816, 6, 21, 14, 7, 3, 3
2155, 8, 10, 9, 1, 8, 0
2719, 118, 320, 179, 141, 107, 11
2968, 55, 16, 11, 5, 33, 22
3205, 0, 52, 48, 4, 0, 0
3501, 18, 16, 9, 7, 16, 2
3787, 0, 116, 101, 15, 0, 0
3924, 202, 21, 15, 6, 192, 10
4139, 29, 83, 76, 7, 27, 2
4638, 38, 46, 18, 28, 18, 20
4765, 0, 16, 14, 2, 0, 0
5289, 43, 15, 15, 0, 42, 1
5465, 0, 6, 6, 0, 0, 0
5557, 53, 35, 27, 8, 38, 15
5785, 16, 11, 8, 3, 3, 13
5984, 2, 7, 6, 1, 2, 0
6017, 7, 70, 39, 31, 4, 3
6311, 147, 11, 11, 0, 147, 0
6949, 196, 37, 29, 8, 192, 4
7956, 1, 10, 9, 1, 1, 0
8939, 138, 34, 19, 15, 30, 108
10303, 2, 11, 9, 2, 2, 0
10658, 3, 9, 9, 0, 3, 0
10722, 2, 15, 13, 2, 2, 0
10746, 1, 5, 4, 1, 0, 1
11797, 51, 36, 31, 5, 16, 35
12107, 68, 32, 24, 8, 67, 1
12404, 0, 3, 3, 0, 0, 0
13190, 6, 19, 6, 13, 5, 1
13305, 1, 25, 24, 1, 1, 0
13541, 0, 6, 6, 0, 0, 0
13593, 0, 65, 46, 19, 0, 0
14428, 53, 20, 16, 4, 53, 0
14439, 0, 21, 18, 3, 0, 0
15849, 137, 46, 26, 20, 90, 47
15888, 97, 14, 12, 2, 51, 46
15910, 149, 11, 11, 0, 148, 1
16290, 2, 54, 37, 17, 2, 0
16706, 23, 14, 12, 2, 10, 13
16788, 91, 8, 6, 2, 59, 32
17042, 6, 4, 4, 0, 6, 0
17088, 14, 4, 4, 0, 14, 0
18224, 20, 47, 37, 10, 19, 1
18497, 160, 15, 13, 2, 110, 50
18595, 195, 19, 14, 5, 123, 72
18612, 0, 11, 11, 0, 0, 0
18859, 41, 42, 34, 8, 41, 0
19233, 5, 13, 10, 3, 0, 5
19289, 14, 18, 15, 3, 14, 0
19540, 0, 8, 8, 0, 0, 0
19709, 4, 7, 7, 0, 4, 0
20632, 0, 5, 4, 1, 0, 0
20804, 9, 11, 9, 2, 6, 3
20972, 70, 20, 18, 2, 62, 8
21019, 2, 13, 12, 1, 2, 0
21910, 53, 5, 5, 0, 48, 5
22286, 8, 8, 7, 1, 8, 0
22611, 147, 7, 7, 0, 136, 11
23647, 2, 19, 14, 5, 2, 0
23687, 3, 28, 23, 5, 1, 2
23729, 0, 14, 12, 2, 0, 0
24726, 0, 4, 3, 1, 0, 0
25009, 0, 6, 6, 0, 0, 0
25232, 26, 5, 4, 1, 14, 12
25813, 3, 9, 7, 2, 3, 0
26073, 24, 6, 6, 0, 24, 0
27312, 18, 7, 7, 0, 17, 1
27607, 0, 6, 6, 0, 0, 0
28182, 8, 10, 5, 5, 7, 1
28288, 0, 7, 6, 1, 0, 0
28481, 7, 11, 9, 2, 7, 0
28492, 3, 11, 4, 7, 1, 2
29732, 54, 12, 11, 1, 40, 14
31998, 12, 5, 4, 1, 4, 8
31999, 0, 4, 3, 1, 0, 0
32000, 0, 1, 1, 0, 0, 0
32001, 0, 4, 4, 0, 0, 0
32002, 0, 2, 2, 0, 0, 0
32003, 65, 4, 4, 0, 54, 11
32004, 0, 2, 2, 0, 0, 0
32005, 0, 2, 2, 0, 0, 0
32006, 0, 3, 3, 0, 0, 0
32007, 0, 2, 2, 0, 0, 0
32008, 0, 6, 6, 0, 0, 0
32009, 5, 3, 2, 1, 4, 1
32010, 0, 1, 1, 0, 0, 0
32011, 0, 3, 2, 1, 0, 0
32012, 0, 7, 7, 0, 0, 0
32013, 8, 3, 3, 0, 8, 0
32014, 14, 4, 3, 1, 14, 0
32015, 3, 4, 3, 1, 2, 1
32016, 0, 1, 1, 0, 0, 0
32017, 0, 2, 2, 0, 0, 0
32018, 0, 7, 6, 1, 0, 0
32019, 0, 3, 3, 0, 0, 0
32020, 5, 6, 5, 1, 5, 0
32021, 11, 2, 2, 0, 11, 0
32022, 0, 1, 1, 0, 0, 0
32023, 0, 1, 1, 0, 0, 0
32024, 191, 7, 5, 2, 80, 111
32025, 0, 4, 3, 1, 0, 0
32026, 0, 1, 1, 0, 0, 0
32027, 0, 3, 3, 0, 0, 0
32028, 1, 5, 5, 0, 1, 0
32029, 1, 3, 3, 0, 1, 0
32030, 0, 2, 2, 0, 0, 0
32031, 10, 2, 1, 1, 10, 0
32032, 0, 4, 4, 0, 0, 0
32033, 0, 6, 4, 2, 0, 0
32034, 0, 3, 2, 1, 0, 0
32035, 19, 1, 1, 0, 17, 2
11813, 33, 13, 3, 10, 20, 13
14527, 202, 53, 40, 13, 175, 27
14645, 54, 11, 5, 6, 26, 28
32036, 1, 1, 1, 0, 1, 0
1730, 17, 69, 53, 16, 16, 1
2119, 15, 7, 5, 2, 15, 0
3806, 52, 73, 46, 27, 40, 12
4095, 14, 12, 1, 11, 11, 3
4308, 49, 60, 48, 12, 46, 3
4356, 0, 109, 87, 22, 0, 0
4671, 0, 110, 105, 5, 0, 0
4768, 0, 21, 16, 5, 0, 0
4829, 5, 31, 7, 24, 4, 1
4949, 0, 4, 1, 3, 0, 0
4963, 201, 56, 47, 9, 133, 68
5291, 114, 24, 20, 4, 104, 10
5393, 36, 47, 34, 13, 36, 0
6216, 19, 7, 6, 1, 17, 2
6837, 19, 8, 6, 2, 14, 5
6901, 2, 22, 16, 6, 0, 2
6939, 14, 22, 18, 4, 14, 0
8250, 0, 45, 39, 6, 0, 0
11602, 13, 12, 8, 4, 13, 0
12009, 47, 14, 8, 6, 40, 7
12657, 0, 6, 5, 1, 0, 0
12671, 0, 26, 12, 14, 0, 0
13460, 0, 15, 11, 4, 0, 0
13544, 14, 18, 10, 8, 8, 6
14407, 8, 16, 6, 10, 7, 1
14822, 0, 10, 9, 1, 0, 0
15730, 4, 11, 3, 8, 4, 0
15941, 22, 13, 9, 4, 20, 2
15964, 20, 5, 4, 1, 19, 1
16524, 0, 11, 3, 8, 0, 0
16648, 13, 15, 12, 3, 12, 1
17249, 30, 12, 10, 2, 29, 1
17596, 0, 6, 5, 1, 0, 0
18153, 2, 4, 2, 2, 2, 0
20418, 3, 16, 9, 7, 3, 0
20428, 4, 16, 5, 11, 1, 3
20543, 1, 14, 4, 10, 1, 0
20753, 4, 5, 3, 2, 2, 2
22051, 9, 3, 3, 0, 9, 0
22052, 0, 3, 3, 0, 0, 0
22693, 8, 23, 18, 5, 8, 0
22696, 2, 2, 1, 1, 2, 0
22698, 2, 2, 1, 1, 2, 0
22708, 2, 2, 1, 1, 2, 0
22720, 7, 4, 2, 2, 7, 0
22726, 14, 7, 6, 1, 14, 0
22733, 2, 2, 1, 1, 2, 0
23585, 0, 16, 12, 4, 0, 0
25331, 7, 10, 7, 3, 6, 1
25629, 1, 9, 7, 2, 1, 0
25956, 1, 11, 7, 4, 1, 0
27794, 20, 4, 3, 1, 7, 13
28235, 6, 7, 6, 1, 6, 0
28399, 0, 7, 4, 3, 0, 0
28855, 0, 6, 5, 1, 0, 0
31564, 3, 2, 1, 1, 3, 0
32037, 0, 1, 1, 0, 0, 0
32038, 0, 1, 1, 0, 0, 0
32039, 0, 5, 5, 0, 0, 0
32040, 0, 1, 1, 0, 0, 0
32041, 0, 4, 3, 1, 0, 0
32042, 19, 11, 10, 1, 15, 4
32043, 0, 2, 2, 0, 0, 0
32044, 0, 3, 2, 1, 0, 0
32045, 0, 3, 1, 2, 0, 0
32046, 6, 2, 1, 1, 6, 0
32047, 0, 2, 0, 2, 0, 0
32048, 0, 4, 2, 2, 0, 0
32049, 0, 5, 3, 2, 0, 0
32050, 8, 2, 1, 1, 8, 0
32051, 0, 1, 0, 1, 0, 0
32052, 1, 6, 2, 4, 0, 1
32053, 0, 1, 0, 1, 0, 0
32054, 2, 2, 1, 1, 2, 0
32055, 0, 2, 0, 2, 0, 0
32056, 3, 1, 0, 1, 3, 0
32057, 10, 8, 6, 2, 8, 2
32058, 0, 1, 0, 1, 0, 0
32059, 3, 2, 1, 1, 2, 1
32060, 2, 4, 3, 1, 2, 0
32061, 0, 3, 1, 2, 0, 0
32062, 4, 4, 2, 2, 4, 0
32063, 2, 1, 0, 1, 2, 0
32064, 0, 1, 0, 1, 0, 0
32065, 7, 1, 0, 1, 7, 0
32066, 7, 2, 1, 1, 7, 0
32067, 7, 8, 7, 1, 6, 1
32068, 14, 2, 1, 1, 14, 0
32069, 2, 1, 0, 1, 2, 0
15518, 1, 9, 5, 4, 1, 0
29801, 1, 5, 4, 1, 0, 1
30405, 0, 3, 3, 0, 0, 0
32070, 0, 1, 1, 0, 0, 0
32071, 201, 10, 7, 3, 200, 1
3080, 203, 19, 10, 9, 77, 126
6853, 82, 46, 42, 4, 72, 10
14242, 145, 12, 12, 0, 105, 40
16361, 17, 7, 5, 2, 15, 2
26487, 202, 23, 16, 7, 94, 108
29709, 4, 38, 11, 27, 4, 0
32072, 0, 9, 9, 0, 0, 0
32073, 19, 5, 5, 0, 17, 2
32074, 7, 4, 4, 0, 7, 0
13730, 1, 44, 42, 2, 1, 0
13958, 0, 7, 3, 4, 0, 0
26311, 0, 8, 4, 4, 0, 0
30715, 0, 4, 3, 1, 0, 0
32075, 0, 1, 1, 0, 0, 0
32076, 0, 1, 1, 0, 0, 0
25202, 2, 2, 2, 0, 2, 0
3553, 18, 39, 28, 11, 13, 5
3813, 36, 47, 43, 4, 27, 9
5326, 15, 14, 10, 4, 15, 0
5401, 2, 46, 27, 19, 2, 0
6548, 0, 8, 8, 0, 0, 0
6576, 0, 3, 1, 2, 0, 0
6841, 9, 37, 36, 1, 9, 0
7161, 16, 12, 12, 0, 15, 1
7177, 10, 17, 13, 4, 9, 1
9314, 2, 29, 12, 17, 2, 0
9352, 11, 36, 32, 4, 9, 2
9539, 12, 30, 29, 1, 12, 0
10620, 1, 42, 39, 3, 1, 0
10674, 10, 15, 13, 2, 8, 2
16316, 42, 35, 15, 20, 37, 5
24419, 0, 10, 3, 7, 0, 0
28746, 0, 24, 20, 4, 0, 0
29201, 0, 2, 1, 1, 0, 0
29601, 1, 6, 4, 2, 0, 1
29870, 0, 11, 6, 5, 0, 0
29879, 0, 15, 4, 11, 0, 0
30325, 22, 6, 0, 6, 20, 2
32077, 12, 3, 3, 0, 12, 0
32078, 1, 1, 1, 0, 0, 1
32079, 1, 2, 2, 0, 1, 0
32080, 0, 4, 4, 0, 0, 0
32081, 0, 5, 2, 3, 0, 0
32082, 0, 2, 1, 1, 0, 0
32083, 0, 7, 5, 2, 0, 0
32084, 1, 4, 3, 1, 1, 0
32085, 0, 1, 0, 1, 0, 0
32086, 0, 1, 0, 1, 0, 0
32087, 23, 1, 0, 1, 9, 14
32088, 0, 2, 0, 2, 0, 0
3935, 6, 19, 13, 6, 6, 0
4182, 0, 14, 14, 0, 0, 0
4588, 0, 12, 11, 1, 0, 0
7756, 42, 57, 52, 5, 38, 4
8710, 13, 19, 19, 0, 13, 0
8856, 46, 12, 11, 1, 37, 9
11639, 43, 17, 16, 1, 15, 28
14174, 0, 11, 8, 3, 0, 0
14175, 0, 15, 12, 3, 0, 0
14176, 1, 2, 1, 1, 1, 0
14178, 0, 8, 4, 4, 0, 0
14179, 5, 6, 2, 4, 5, 0
14180, 0, 6, 5, 1, 0, 0
8207, 25, 29, 17, 12, 2, 23
28860, 17, 7, 5, 2, 7, 10
29408, 0, 16, 16, 0, 0, 0
29409, 0, 1, 0, 1, 0, 0
22073, 0, 9, 7, 2, 0, 0
32089, 0, 1, 1, 0, 0, 0
32090, 0, 1, 1, 0, 0, 0
3948, 68, 89, 79, 10, 55, 13
5134, 1, 13, 12, 1, 0, 1
9604, 6, 37, 36, 1, 6, 0
10697, 38, 22, 18, 4, 30, 8
12392, 31, 25, 24, 1, 24, 7
13104, 25, 7, 4, 3, 25, 0
14644, 22, 7, 3, 4, 9, 13
16650, 0, 2, 2, 0, 0, 0
22046, 9, 25, 17, 8, 9, 0
29324, 0, 5, 5, 0, 0, 0
30309, 7, 16, 15, 1, 6, 1
32091, 49, 7, 5, 2, 29, 20
32092, 0, 1, 1, 0, 0, 0
32093, 0, 3, 3, 0, 0, 0
32094, 5, 7, 5, 2, 3, 2
32095, 0, 1, 1, 0, 0, 0
32096, 4, 5, 4, 1, 4, 0
32097, 2, 3, 2, 1, 2, 0
32098, 0, 1, 1, 0, 0, 0
32099, 0, 8, 6, 2, 0, 0
7823, 5, 4, 2, 2, 5, 0
9410, 18, 4, 4, 0, 5, 13
32100, 0, 2, 2, 0, 0, 0
32101, 0, 4, 4, 0, 0, 0
32102, 1, 1, 1, 0, 1, 0
32103, 1, 1, 1, 0, 1, 0
2462, 0, 65, 58, 7, 0, 0
8719, 4, 23, 19, 4, 3, 1
8925, 194, 21, 18, 3, 67, 127
12291, 0, 17, 9, 8, 0, 0
13076, 127, 8, 8, 0, 125, 2
16571, 0, 36, 29, 7, 0, 0
17962, 0, 27, 6, 21, 0, 0
18979, 71, 34, 27, 7, 36, 35
20987, 0, 4, 3, 1, 0, 0
21251, 194, 58, 45, 13, 130, 64
29612, 27, 14, 12, 2, 27, 0
31417, 1, 7, 2, 5, 1, 0
32104, 1, 1, 1, 0, 1, 0
32105, 31, 10, 10, 0, 25, 6
32106, 0, 3, 3, 0, 0, 0
32107, 0, 1, 0, 1, 0, 0
32108, 0, 6, 2, 4, 0, 0
32109, 2, 4, 0, 4, 1, 1
32110, 0, 1, 0, 1, 0, 0
3815, 0, 144, 115, 29, 0, 0
4376, 0, 36, 17, 19, 0, 0
8734, 86, 11, 10, 1, 35, 51
18068, 2, 20, 16, 4, 2, 0
23261, 0, 9, 3, 6, 0, 0
29362, 0, 21, 20, 1, 0, 0
32111, 0, 2, 0, 2, 0, 0
2028, 0, 47, 42, 5, 0, 0
2986, 187, 61, 51, 10, 132, 55
3614, 44, 159, 148, 11, 32, 12
4811, 6, 131, 127, 4, 6, 0
5475, 1, 47, 46, 1, 1, 0
6904, 3, 7, 1, 6, 3, 0
7088, 2, 46, 40, 6, 2, 0
8234, 75, 71, 61, 10, 27, 48
9568, 0, 27, 20, 7, 0, 0
12637, 14, 44, 34, 10, 12, 2
14587, 0, 5, 5, 0, 0, 0
15585, 13, 10, 10, 0, 9, 4
15902, 17, 41, 39, 2, 17, 0
16313, 0, 33, 12, 21, 0, 0
17641, 50, 17, 17, 0, 0, 50
22570, 42, 17, 9, 8, 42, 0
23935, 0, 10, 9, 1, 0, 0
24308, 5, 11, 8, 3, 5, 0
24814, 11, 5, 5, 0, 11, 0
26034, 51, 4, 4, 0, 51, 0
26100, 83, 7, 6, 1, 75, 8
29596, 0, 14, 12, 2, 0, 0
30621, 1, 3, 3, 0, 1, 0
31230, 3, 4, 4, 0, 3, 0
32112, 0, 4, 4, 0, 0, 0
32113, 55, 3, 3, 0, 50, 5
32114, 5, 3, 3, 0, 5, 0
32115, 0, 1, 1, 0, 0, 0
32116, 0, 1, 1, 0, 0, 0
32117, 0, 1, 1, 0, 0, 0
32118, 0, 2, 2, 0, 0, 0
32119, 0, 2, 2, 0, 0, 0
32120, 2, 2, 1, 1, 0, 2
32121, 0, 19, 13, 6, 0, 0
32122, 0, 5, 5, 0, 0, 0
32123, 5, 11, 10, 1, 5, 0
32124, 0, 9, 4, 5, 0, 0
32125, 2, 2, 2, 0, 2, 0
32126, 0, 3, 3, 0, 0, 0
32127, 3, 5, 2, 3, 2, 1
32128, 1, 1, 1, 0, 1, 0
32129, 8, 13, 10, 3, 8, 0
32130, 0, 1, 1, 0, 0, 0
32131, 0, 1, 0, 1, 0, 0
32132, 0, 5, 0, 5, 0, 0
1660, 12, 42, 31, 11, 12, 0
3138, 25, 27, 16, 11, 19, 6
3837, 27, 16, 16, 0, 27, 0
4201, 0, 3, 3, 0, 0, 0
4778, 50, 17, 15, 2, 50, 0
5689, 87, 48, 39, 9, 32, 55
7263, 2, 11, 11, 0, 2, 0
8118, 35, 28, 27, 1, 35, 0
8141, 34, 65, 60, 5, 32, 2
8245, 15, 5, 3, 2, 14, 1
8921, 15, 36, 33, 3, 3, 12
11735, 133, 19, 12, 7, 109, 24
11870, 20, 18, 13, 5, 7, 13
12321, 0, 7, 6, 1, 0, 0
15104, 0, 28, 19, 9, 0, 0
16303, 39, 3, 3, 0, 38, 1
17374, 35, 38, 36, 2, 32, 3
18228, 0, 27, 27, 0, 0, 0
22861, 5, 4, 3, 1, 5, 0
25209, 7, 1, 1, 0, 7, 0
25210, 3, 5, 5, 0, 3, 0
25211, 29, 1, 1, 0, 29, 0
25213, 0, 2, 2, 0, 0, 0
25214, 0, 12, 5, 7, 0, 0
25215, 0, 2, 2, 0, 0, 0
25216, 1, 3, 3, 0, 1, 0
25217, 4, 4, 3, 1, 1, 3
25218, 0, 2, 2, 0, 0, 0
25219, 0, 18, 17, 1, 0, 0
25220, 0, 1, 1, 0, 0, 0
25221, 0, 2, 0, 2, 0, 0
10284, 0, 8, 2, 6, 0, 0
32133, 1, 1, 1, 0, 1, 0
32134, 5, 9, 8, 1, 5, 0
30493, 0, 7, 5, 2, 0, 0
30658, 1, 4, 3, 1, 1, 0
1944, 21, 33, 19, 14, 16, 5
1979, 0, 25, 25, 0, 0, 0
2994, 123, 75, 31, 44, 112, 11
3055, 22, 105, 56, 49, 22, 0
3207, 0, 51, 36, 15, 0, 0
3777, 3, 17, 14, 3, 3, 0
5582, 24, 21, 16, 5, 19, 5
7695, 10, 43, 22, 21, 10, 0
7835, 29, 12, 11, 1, 28, 1
8714, 18, 10, 10, 0, 18, 0
10120, 18, 15, 5, 10, 18, 0
10238, 6, 11, 2, 9, 3, 3
10246, 22, 69, 56, 13, 19, 3
10763, 14, 46, 25, 21, 14, 0
10917, 5, 19, 5, 14, 4, 1
11415, 2, 67, 15, 52, 2, 0
12135, 13, 18, 3, 15, 12, 1
13208, 0, 16, 16, 0, 0, 0
13825, 17, 10, 10, 0, 15, 2
16406, 0, 5, 3, 2, 0, 0
17736, 4, 2, 0, 2, 3, 1
18829, 56, 8, 5, 3, 22, 34
18912, 7, 12, 12, 0, 7, 0
20250, 0, 13, 1, 12, 0, 0
20531, 1, 8, 4, 4, 1, 0
21818, 0, 6, 3, 3, 0, 0
22177, 0, 13, 12, 1, 0, 0
23877, 29, 19, 16, 3, 23, 6
24818, 1, 11, 2, 9, 1, 0
24931, 34, 5, 1, 4, 22, 12
25963, 1, 3, 3, 0, 1, 0
26023, 186, 8, 8, 0, 151, 35
26864, 25, 15, 11, 4, 7, 18
27082, 2, 14, 6, 8, 2, 0
27426, 12, 9, 6, 3, 1, 11
32135, 13, 4, 3, 1, 4, 9
32136, 4, 2, 2, 0, 0, 4
32137, 0, 3, 3, 0, 0, 0
32138, 1, 3, 1, 2, 0, 1
32139, 0, 6, 5, 1, 0, 0
32140, 0, 3, 2, 1, 0, 0
32141, 20, 2, 1, 1, 7, 13
32142, 0, 1, 0, 1, 0, 0
32143, 1, 2, 1, 1, 1, 0
32144, 2, 7, 2, 5, 2, 0
32145, 0, 11, 2, 9, 0, 0
18960, 0, 17, 15, 2, 0, 0
30141, 0, 23, 6, 17, 0, 0
32146, 1, 1, 1, 0, 1, 0
32147, 4, 1, 1, 0, 4, 0
32148, 0, 5, 5, 0, 0, 0
2780, 10, 144, 129, 15, 4, 6
10512, 0, 27, 21, 6, 0, 0
21494, 0, 26, 26, 0, 0, 0
31171, 12, 18, 8, 10, 2, 10
32149, 23, 17, 15, 2, 21, 2
13063, 0, 17, 4, 13, 0, 0
15395, 112, 28, 23, 5, 106, 6
25038, 0, 5, 5, 0, 0, 0
32150, 0, 4, 4, 0, 0, 0
32151, 1, 1, 1, 0, 1, 0
24210, 4, 16, 13, 3, 2, 2
25394, 3, 17, 15, 2, 3, 0
32152, 2, 1, 1, 0, 2, 0
32153, 0, 5, 5, 0, 0, 0
4454, 108, 55, 29, 26, 40, 68
4488, 16, 69, 58, 11, 15, 1
4514, 208, 27, 24, 3, 165, 43
8055, 3, 10, 3, 7, 3, 0
8662, 0, 11, 9, 2, 0, 0
8863, 37, 13, 13, 0, 32, 5
10041, 33, 18, 14, 4, 30, 3
10552, 1, 19, 19, 0, 1, 0
16275, 51, 10, 9, 1, 45, 6
20581, 2, 6, 4, 2, 1, 1
21354, 8, 8, 8, 0, 8, 0
22869, 11, 7, 5, 2, 5, 6
29758, 1, 6, 3, 3, 1, 0
30968, 15, 15, 13, 2, 12, 3
32154, 0, 13, 13, 0, 0, 0
32155, 1, 2, 2, 0, 0, 1
32156, 15, 1, 1, 0, 10, 5
32157, 32, 1, 1, 0, 23, 9
32158, 0, 1, 0, 1, 0, 0
25159, 0, 4, 0, 4, 0, 0
32159, 26, 1, 1, 0, 16, 10
32160, 10, 1, 0, 1, 10, 0
32161, 0, 2, 1, 1, 0, 0
1579, 0, 47, 27, 20, 0, 0
2800, 0, 54, 51, 3, 0, 0
3849, 0, 38, 34, 4, 0, 0
5949, 66, 65, 49, 16, 41, 25
6568, 2, 56, 56, 0, 2, 0
6799, 144, 49, 32, 17, 57, 87
8341, 0, 100, 23, 77, 0, 0
8648, 0, 32, 20, 12, 0, 0
9865, 14, 118, 100, 18, 14, 0
10035, 5, 32, 27, 5, 4, 1
10639, 0, 8, 7, 1, 0, 0
11653, 20, 33, 28, 5, 16, 4
12510, 6, 24, 13, 11, 3, 3
13800, 6, 7, 2, 5, 6, 0
19418, 7, 11, 11, 0, 5, 2
19868, 0, 5, 0, 5, 0, 0
20900, 8, 11, 8, 3, 7, 1
21958, 5, 39, 32, 7, 5, 0
26474, 3, 8, 5, 3, 3, 0
29865, 0, 23, 12, 11, 0, 0
31466, 0, 10, 7, 3, 0, 0
32162, 0, 4, 4, 0, 0, 0
32163, 0, 1, 1, 0, 0, 0
32164, 1, 1, 0, 1, 1, 0
32165, 1, 4, 3, 1, 1, 0
32166, 13, 6, 2, 4, 12, 1
32167, 0, 4, 0, 4, 0, 0
32168, 0, 2, 0, 2, 0, 0
3462, 31, 51, 42, 9, 7, 24
10526, 12, 17, 12, 5, 11, 1
15254, 0, 12, 5, 7, 0, 0
16743, 0, 3, 3, 0, 0, 0
32169, 0, 2, 2, 0, 0, 0
1967, 3, 111, 110, 1, 3, 0
3831, 0, 24, 23, 1, 0, 0
5515, 8, 18, 12, 6, 5, 3
5616, 5, 11, 10, 1, 5, 0
6987, 0, 17, 16, 1, 0, 0
13359, 0, 5, 5, 0, 0, 0
30341, 0, 9, 9, 0, 0, 0
32170, 0, 2, 2, 0, 0, 0
32171, 1, 3, 3, 0, 1, 0
13492, 129, 16, 10, 6, 89, 40
13493, 12, 5, 5, 0, 12, 0
21840, 2, 11, 10, 1, 2, 0
32172, 0, 2, 2, 0, 0, 0
1542, 31, 14, 13, 1, 31, 0
1630, 35, 19, 18, 1, 35, 0
2942, 4, 64, 64, 0, 4, 0
2954, 55, 24, 23, 1, 52, 3
4137, 0, 36, 36, 0, 0, 0
4318, 13, 8, 7, 1, 7, 6
4321, 83, 17, 16, 1, 81, 2
4730, 1, 4, 4, 0, 1, 0
4850, 6, 9, 8, 1, 1, 5
5537, 0, 9, 7, 2, 0, 0
5889, 13, 26, 22, 4, 13, 0
6308, 82, 51, 48, 3, 78, 4
6413, 5, 17, 17, 0, 5, 0
6519, 0, 18, 18, 0, 0, 0
7461, 3, 3, 3, 0, 3, 0
7754, 20, 29, 27, 2, 20, 0
7805, 1, 22, 18, 4, 0, 1
8761, 0, 21, 17, 4, 0, 0
9065, 0, 14, 8, 6, 0, 0
9138, 0, 22, 21, 1, 0, 0
9688, 0, 5, 5, 0, 0, 0
11402, 38, 26, 21, 5, 35, 3
11576, 0, 8, 8, 0, 0, 0
11833, 12, 41, 37, 4, 12, 0
12057, 1, 27, 26, 1, 0, 1
12207, 0, 13, 9, 4, 0, 0
12722, 8, 14, 12, 2, 8, 0
13129, 10, 16, 14, 2, 10, 0
13307, 0, 12, 12, 0, 0, 0
13322, 0, 12, 9, 3, 0, 0
13412, 2, 54, 52, 2, 2, 0
13431, 12, 7, 7, 0, 12, 0
13449, 4, 23, 23, 0, 4, 0
13794, 0, 11, 10, 1, 0, 0
13937, 0, 5, 5, 0, 0, 0
14223, 0, 11, 9, 2, 0, 0
14293, 0, 31, 27, 4, 0, 0
14896, 0, 7, 4, 3, 0, 0
19114, 20, 23, 18, 5, 19, 1
21659, 8, 6, 6, 0, 8, 0
22088, 2, 6, 6, 0, 2, 0
23158, 7, 5, 5, 0, 6, 1
25438, 0, 1, 1, 0, 0, 0
25439, 1, 8, 8, 0, 1, 0
25440, 3, 2, 2, 0, 3, 0
25441, 0, 1, 1, 0, 0, 0
25442, 0, 2, 2, 0, 0, 0
25443, 1, 1, 1, 0, 1, 0
25444, 0, 1, 1, 0, 0, 0
25445, 1, 3, 3, 0, 1, 0
25446, 0, 1, 1, 0, 0, 0
25447, 0, 5, 5, 0, 0, 0
25448, 1, 2, 2, 0, 1, 0
25449, 1, 1, 1, 0, 1, 0
25450, 0, 2, 2, 0, 0, 0
25451, 2, 2, 2, 0, 2, 0
25452, 0, 13, 11, 2, 0, 0
25453, 0, 9, 7, 2, 0, 0
25454, 0, 2, 2, 0, 0, 0
25455, 0, 1, 1, 0, 0, 0
25456, 0, 5, 4, 1, 0, 0
25457, 5, 6, 6, 0, 5, 0
25458, 6, 3, 3, 0, 3, 3
25459, 0, 3, 3, 0, 0, 0
25460, 2, 3, 3, 0, 2, 0
25461, 1, 2, 2, 0, 1, 0
25462, 8, 5, 4, 1, 8, 0
5654, 202, 31, 30, 1, 202, 0
8172, 13, 24, 22, 2, 13, 0
32173, 0, 2, 2, 0, 0, 0
32174, 0, 1, 1, 0, 0, 0
32175, 0, 1, 0, 1, 0, 0
2408, 54, 54, 44, 10, 44, 10
3931, 9, 4, 3, 1, 8, 1
4329, 97, 64, 58, 6, 97, 0
4364, 24, 26, 26, 0, 24, 0
4639, 62, 28, 19, 9, 57, 5
6253, 5, 74, 27, 47, 3, 2
6264, 201, 91, 71, 20, 177, 24
6823, 3, 3, 2, 1, 3, 0
8076, 63, 20, 14, 6, 52, 11
11640, 13, 16, 15, 1, 4, 9
13095, 22, 14, 13, 1, 19, 3
15506, 201, 7, 5, 2, 122, 79
15548, 0, 28, 14, 14, 0, 0
15554, 9, 10, 3, 7, 2, 7
15918, 12, 48, 34, 14, 8, 4
15987, 16, 62, 42, 20, 14, 2
21126, 31, 18, 14, 4, 29, 2
23763, 30, 43, 34, 9, 30, 0
32176, 3, 1, 1, 0, 2, 1
32177, 11, 2, 2, 0, 11, 0
32178, 1, 1, 1, 0, 1, 0
32179, 4, 2, 2, 0, 4, 0
32180, 5, 4, 3, 1, 5, 0
32181, 2, 9, 3, 6, 2, 0
2019, 3, 11, 7, 4, 3, 0
4016, 11, 78, 57, 21, 10, 1
5070, 18, 10, 8, 2, 13, 5
7616, 27, 37, 31, 6, 17, 10
13829, 2, 6, 6, 0, 2, 0
19106, 16, 18, 17, 1, 16, 0
23816, 0, 4, 4, 0, 0, 0
32182, 0, 5, 3, 2, 0, 0
32183, 0, 1, 0, 1, 0, 0
17568, 0, 9, 7, 2, 0, 0
32184, 0, 1, 1, 0, 0, 0
32185, 0, 1, 1, 0, 0, 0
2867, 0, 27, 27, 0, 0, 0
4652, 15, 14, 13, 1, 15, 0
10334, 3, 9, 9, 0, 2, 1
22462, 0, 5, 5, 0, 0, 0
22463, 0, 1, 1, 0, 0, 0
3969, 0, 4, 3, 1, 0, 0
7747, 0, 38, 34, 4, 0, 0
9000, 17, 79, 73, 6, 15, 2
32186, 0, 1, 1, 0, 0, 0
32187, 3, 1, 1, 0, 3, 0
32188, 0, 3, 3, 0, 0, 0
1658, 70, 37, 30, 7, 19, 51
2751, 29, 123, 109, 14, 24, 5
3957, 0, 7, 7, 0, 0, 0
4043, 7, 17, 13, 4, 3, 4
4601, 0, 7, 3, 4, 0, 0
5095, 0, 8, 6, 2, 0, 0
5307, 6, 38, 35, 3, 6, 0
5611, 6, 23, 20, 3, 6, 0
8103, 1, 39, 37, 2, 1, 0
8127, 0, 24, 21, 3, 0, 0
8229, 19, 38, 30, 8, 18, 1
9094, 0, 6, 6, 0, 0, 0
9102, 3, 34, 31, 3, 2, 1
9153, 2, 45, 27, 18, 0, 2
10381, 0, 14, 8, 6, 0, 0
11631, 1, 21, 18, 3, 1, 0
12963, 11, 11, 9, 2, 5, 6
13084, 0, 5, 3, 2, 0, 0
14101, 0, 8, 7, 1, 0, 0
14526, 1, 3, 3, 0, 1, 0
17680, 2, 14, 14, 0, 2, 0
19131, 0, 3, 3, 0, 0, 0
19132, 5, 17, 13, 4, 1, 4
19134, 0, 4, 4, 0, 0, 0
19135, 0, 1, 1, 0, 0, 0
19136, 0, 1, 1, 0, 0, 0
19137, 1, 6, 3, 3, 1, 0
19138, 2, 1, 1, 0, 2, 0
19139, 39, 28, 25, 3, 39, 0
19140, 21, 5, 5, 0, 20, 1
19141, 37, 2, 2, 0, 27, 10
19144, 0, 3, 3, 0, 0, 0
19145, 2, 5, 4, 1, 2, 0
19146, 5, 20, 9, 11, 5, 0
19147, 3, 2, 2, 0, 3, 0
19148, 162, 11, 10, 1, 103, 59
19149, 0, 10, 4, 6, 0, 0
6376, 0, 26, 25, 1, 0, 0
3020, 0, 33, 31, 2, 0, 0
3799, 2, 23, 18, 5, 2, 0
4118, 0, 1, 1, 0, 0, 0
4119, 2, 3, 3, 0, 2, 0
4120, 0, 8, 6, 2, 0, 0
4122, 0, 8, 8, 0, 0, 0
4123, 0, 1, 1, 0, 0, 0
4125, 0, 11, 6, 5, 0, 0
4127, 0, 7, 7, 0, 0, 0
4128, 0, 2, 2, 0, 0, 0
4129, 0, 3, 3, 0, 0, 0
4130, 0, 32, 27, 5, 0, 0
4131, 0, 1, 1, 0, 0, 0
4132, 0, 2, 2, 0, 0, 0
4133, 2, 2, 2, 0, 2, 0
4134, 1, 4, 4, 0, 0, 1
4138, 18, 4, 2, 2, 18, 0
4140, 33, 24, 20, 4, 32, 1
4141, 5, 3, 3, 0, 3, 2
4142, 5, 14, 14, 0, 4, 1
4143, 2, 9, 5, 4, 2, 0
4144, 3, 14, 10, 4, 3, 0
4146, 0, 1, 1, 0, 0, 0
4147, 0, 4, 4, 0, 0, 0
4148, 0, 3, 3, 0, 0, 0
4149, 0, 1, 1, 0, 0, 0
4150, 13, 11, 11, 0, 13, 0
4151, 0, 6, 5, 1, 0, 0
4153, 0, 28, 21, 7, 0, 0
4154, 0, 46, 46, 0, 0, 0
4155, 0, 13, 13, 0, 0, 0
4156, 0, 1, 1, 0, 0, 0
4157, 0, 21, 17, 4, 0, 0
4158, 0, 17, 16, 1, 0, 0
4159, 6, 2, 2, 0, 4, 2
4160, 0, 6, 6, 0, 0, 0
4162, 0, 5, 5, 0, 0, 0
4163, 8, 21, 18, 3, 5, 3
4165, 0, 6, 6, 0, 0, 0
4166, 0, 30, 28, 2, 0, 0
4169, 31, 4, 3, 1, 27, 4
4170, 0, 5, 5, 0, 0, 0
4171, 0, 1, 1, 0, 0, 0
4172, 0, 6, 6, 0, 0, 0
4174, 0, 3, 3, 0, 0, 0
4175, 2, 16, 16, 0, 2, 0
4176, 0, 12, 10, 2, 0, 0
4177, 0, 2, 2, 0, 0, 0
4179, 0, 1, 1, 0, 0, 0
4180, 0, 26, 26, 0, 0, 0
4183, 199, 12, 9, 3, 34, 165
4185, 0, 29, 17, 12, 0, 0
4186, 0, 1, 1, 0, 0, 0
4188, 8, 98, 87, 11, 8, 0
4190, 1, 1, 1, 0, 1, 0
4191, 0, 1, 1, 0, 0, 0
4192, 56, 66, 64, 2, 46, 10
4193, 0, 1, 1, 0, 0, 0
4194, 0, 2, 2, 0, 0, 0
4195, 1, 8, 7, 1, 1, 0
4197, 1, 14, 12, 2, 1, 0
4198, 0, 2, 2, 0, 0, 0
4200, 5, 7, 4, 3, 4, 1
4202, 0, 9, 9, 0, 0, 0
4203, 0, 1, 1, 0, 0, 0
4205, 119, 10, 9, 1, 119, 0
4208, 0, 6, 6, 0, 0, 0
4209, 3, 1, 1, 0, 2, 1
4210, 7, 5, 5, 0, 7, 0
4211, 4, 9, 2, 7, 4, 0
4213, 0, 5, 5, 0, 0, 0
4214, 14, 3, 3, 0, 13, 1
4216, 4, 3, 3, 0, 4, 0
4217, 0, 2, 2, 0, 0, 0
4219, 6, 7, 6, 1, 6, 0
4221, 1, 3, 3, 0, 0, 1
4222, 0, 9, 9, 0, 0, 0
4223, 15, 20, 20, 0, 15, 0
4224, 15, 5, 4, 1, 15, 0
4226, 8, 14, 14, 0, 5, 3
4227, 0, 38, 30, 8, 0, 0
4228, 30, 35, 33, 2, 30, 0
4229, 3, 19, 2, 17, 2, 1
23550, 0, 60, 60, 0, 0, 0
1553, 0, 31, 24, 7, 0, 0
1562, 1, 13, 8, 5, 1, 0
1622, 37, 11, 10, 1, 37, 0
1669, 0, 14, 9, 5, 0, 0
1712, 46, 26, 24, 2, 46, 0
1792, 0, 78, 22, 56, 0, 0
1836, 21, 50, 34, 16, 16, 5
2439, 63, 64, 44, 20, 41, 22
2991, 0, 35, 28, 7, 0, 0
3613, 0, 14, 12, 2, 0, 0
3639, 47, 15, 12, 3, 39, 8
3728, 5, 22, 16, 6, 2, 3
3750, 0, 31, 29, 2, 0, 0
4241, 0, 2, 1, 1, 0, 0
4410, 35, 35, 33, 2, 35, 0
4513, 0, 32, 22, 10, 0, 0
4543, 6, 15, 7, 8, 5, 1
5088, 32, 62, 50, 12, 26, 6
5312, 1, 21, 18, 3, 1, 0
5676, 18, 129, 68, 61, 16, 2
6031, 2, 36, 31, 5, 2, 0
6201, 0, 110, 100, 10, 0, 0
6248, 2, 73, 18, 55, 2, 0
6342, 0, 17, 14, 3, 0, 0
6374, 17, 61, 33, 28, 13, 4
6490, 20, 57, 11, 46, 10, 10
6646, 6, 16, 13, 3, 6, 0
7112, 18, 32, 32, 0, 16, 2
7320, 7, 24, 22, 2, 7, 0
8491, 2, 13, 11, 2, 2, 0
8525, 28, 30, 19, 11, 15, 13
8621, 47, 9, 7, 2, 38, 9
9006, 10, 36, 30, 6, 10, 0
9196, 9, 34, 17, 17, 9, 0
9526, 26, 48, 38, 10, 26, 0
9685, 0, 12, 9, 3, 0, 0
10168, 89, 57, 14, 43, 27, 62
10173, 164, 55, 46, 9, 104, 60
10183, 0, 10, 10, 0, 0, 0
10240, 4, 9, 8, 1, 4, 0
10338, 14, 13, 13, 0, 12, 2
10587, 69, 55, 48, 7, 66, 3
10720, 6, 20, 18, 2, 6, 0
10811, 2, 14, 11, 3, 2, 0
10846, 17, 43, 21, 22, 11, 6
10855, 2, 12, 8, 4, 2, 0
11860, 2, 36, 30, 6, 0, 2
11916, 9, 15, 14, 1, 8, 1
11918, 28, 42, 24, 18, 28, 0
12191, 7, 5, 3, 2, 5, 2
12195, 0, 10, 6, 4, 0, 0
12235, 0, 12, 7, 5, 0, 0
12325, 31, 15, 6, 9, 29, 2
12817, 0, 16, 9, 7, 0, 0
12894, 12, 2, 2, 0, 12, 0
13689, 8, 17, 17, 0, 8, 0
13806, 8, 23, 22, 1, 8, 0
14110, 8, 14, 8, 6, 8, 0
14565, 18, 18, 17, 1, 14, 4
14935, 2, 31, 20, 11, 2, 0
15031, 0, 15, 10, 5, 0, 0
15396, 0, 11, 9, 2, 0, 0
15449, 33, 30, 14, 16, 17, 16
16451, 0, 12, 12, 0, 0, 0
17243, 0, 14, 9, 5, 0, 0
17379, 8, 7, 6, 1, 8, 0
17403, 13, 13, 11, 2, 10, 3
17557, 16, 13, 11, 2, 16, 0
17846, 0, 9, 9, 0, 0, 0
17896, 19, 5, 4, 1, 15, 4
17898, 0, 2, 2, 0, 0, 0
18529, 0, 12, 12, 0, 0, 0
19240, 2, 21, 13, 8, 1, 1
19620, 20, 10, 10, 0, 20, 0
19937, 15, 22, 15, 7, 5, 10
20403, 0, 10, 7, 3, 0, 0
20556, 0, 6, 5, 1, 0, 0
20617, 7, 14, 12, 2, 7, 0
21597, 18, 9, 7, 2, 13, 5
22156, 112, 15, 13, 2, 112, 0
22473, 22, 12, 11, 1, 22, 0
22558, 13, 15, 13, 2, 12, 1
22873, 7, 19, 5, 14, 2, 5
22883, 0, 24, 17, 7, 0, 0
22972, 0, 7, 5, 2, 0, 0
23125, 0, 6, 4, 2, 0, 0
23220, 8, 13, 10, 3, 6, 2
23992, 28, 8, 4, 4, 26, 2
24108, 0, 7, 6, 1, 0, 0
24208, 0, 16, 11, 5, 0, 0
24348, 27, 9, 8, 1, 21, 6
24894, 2, 13, 9, 4, 2, 0
25012, 75, 28, 16, 12, 53, 22
25838, 0, 10, 10, 0, 0, 0
25873, 7, 19, 18, 1, 7, 0
26069, 5, 4, 3, 1, 5, 0
26258, 3, 13, 8, 5, 3, 0
28412, 0, 4, 4, 0, 0, 0
29538, 9, 7, 6, 1, 7, 2
29731, 0, 10, 8, 2, 0, 0
30530, 18, 11, 9, 2, 15, 3
30637, 51, 18, 14, 4, 37, 14
32189, 1, 1, 1, 0, 1, 0
32190, 0, 3, 1, 2, 0, 0
32191, 5, 7, 6, 1, 4, 1
32192, 1, 2, 1, 1, 1, 0
32193, 3, 2, 2, 0, 3, 0
32194, 0, 9, 7, 2, 0, 0
32195, 4, 2, 2, 0, 4, 0
32196, 0, 5, 2, 3, 0, 0
32197, 0, 2, 2, 0, 0, 0
32198, 0, 5, 4, 1, 0, 0
32199, 11, 5, 5, 0, 11, 0
32200, 0, 1, 1, 0, 0, 0
32201, 0, 3, 3, 0, 0, 0
32202, 0, 2, 2, 0, 0, 0
32203, 2, 3, 3, 0, 2, 0
32204, 0, 1, 1, 0, 0, 0
32205, 0, 3, 3, 0, 0, 0
32206, 0, 1, 1, 0, 0, 0
32207, 0, 2, 2, 0, 0, 0
32208, 4, 4, 4, 0, 4, 0
32209, 0, 4, 2, 2, 0, 0
32210, 4, 3, 2, 1, 3, 1
32211, 0, 1, 1, 0, 0, 0
32212, 0, 8, 6, 2, 0, 0
32213, 0, 1, 1, 0, 0, 0
32214, 0, 11, 11, 0, 0, 0
32215, 1, 3, 2, 1, 1, 0
32216, 0, 4, 3, 1, 0, 0
32217, 0, 2, 2, 0, 0, 0
32218, 1, 2, 2, 0, 1, 0
32219, 0, 1, 1, 0, 0, 0
32220, 0, 6, 2, 4, 0, 0
32221, 0, 1, 1, 0, 0, 0
32222, 5, 4, 4, 0, 5, 0
32223, 0, 1, 1, 0, 0, 0
32224, 1, 5, 3, 2, 0, 1
2026, 21, 30, 14, 16, 19, 2
2447, 16, 31, 23, 8, 3, 13
2472, 1, 46, 29, 17, 1, 0
2798, 11, 85, 58, 27, 4, 7
3535, 37, 14, 13, 1, 23, 14
3541, 0, 42, 32, 10, 0, 0
3851, 19, 36, 24, 12, 19, 0
4580, 38, 19, 11, 8, 33, 5
5424, 88, 49, 42, 7, 88, 0
5461, 15, 44, 32, 12, 14, 1
5638, 9, 35, 34, 1, 9, 0
5673, 74, 43, 41, 2, 60, 14
5922, 1, 32, 23, 9, 1, 0
6008, 0, 22, 17, 5, 0, 0
6011, 58, 47, 33, 14, 28, 30
6049, 8, 21, 14, 7, 8, 0
6348, 2, 40, 38, 2, 1, 1
6660, 43, 26, 8, 18, 30, 13
7044, 0, 4, 1, 3, 0, 0
7165, 47, 15, 10, 5, 42, 5
7908, 25, 19, 18, 1, 25, 0
8239, 1, 60, 41, 19, 0, 1
8542, 62, 24, 18, 6, 54, 8
8841, 14, 7, 6, 1, 12, 2
9218, 0, 5, 4, 1, 0, 0
9246, 0, 30, 25, 5, 0, 0
9393, 3, 17, 11, 6, 3, 0
10164, 201, 52, 29, 23, 176, 25
10244, 22, 56, 29, 27, 20, 2
10367, 0, 2, 1, 1, 0, 0
10411, 2, 7, 3, 4, 2, 0
10497, 17, 8, 6, 2, 15, 2
10755, 0, 35, 28, 7, 0, 0
10921, 26, 30, 20, 10, 25, 1
11384, 0, 16, 12, 4, 0, 0
11628, 96, 19, 12, 7, 80, 16
11922, 8, 5, 4, 1, 8, 0
12465, 6, 40, 23, 17, 6, 0
12910, 179, 21, 15, 6, 85, 94
13023, 34, 9, 8, 1, 28, 6
13499, 22, 44, 27, 17, 22, 0
13930, 27, 28, 15, 13, 15, 12
14533, 17, 18, 16, 2, 13, 4
14745, 11, 7, 5, 2, 10, 1
15342, 20, 32, 17, 15, 18, 2
15374, 23, 14, 10, 4, 16, 7
15431, 7, 2, 2, 0, 0, 7
16139, 0, 14, 11, 3, 0, 0
17435, 7, 8, 3, 5, 7, 0
17528, 4, 55, 51, 4, 2, 2
17567, 12, 5, 2, 3, 10, 2
17998, 10, 29, 23, 6, 10, 0
18036, 22, 5, 4, 1, 22, 0
18138, 0, 12, 7, 5, 0, 0
18178, 3, 14, 12, 2, 3, 0
19322, 0, 26, 22, 4, 0, 0
20248, 2, 11, 3, 8, 1, 1
20522, 1, 8, 2, 6, 1, 0
20653, 1, 5, 4, 1, 1, 0
21345, 2, 8, 6, 2, 2, 0
21397, 3, 5, 3, 2, 2, 1
22006, 3, 17, 12, 5, 3, 0
22242, 0, 19, 18, 1, 0, 0
24341, 5, 6, 2, 4, 5, 0
24965, 1, 9, 7, 2, 1, 0
25330, 47, 15, 8, 7, 41, 6
25848, 3, 12, 7, 5, 3, 0
25971, 1, 8, 8, 0, 1, 0
26453, 4, 15, 12, 3, 4, 0
27507, 4, 5, 4, 1, 4, 0
27763, 24, 6, 4, 2, 24, 0
28330, 21, 9, 9, 0, 20, 1
32225, 0, 3, 3, 0, 0, 0
32226, 2, 1, 1, 0, 2, 0
32227, 0, 5, 5, 0, 0, 0
32228, 1, 1, 1, 0, 1, 0
32229, 4, 2, 1, 1, 3, 1
32230, 4, 3, 2, 1, 1, 3
32231, 0, 4, 0, 4, 0, 0
32232, 0, 1, 0, 1, 0, 0
32233, 2, 1, 0, 1, 2, 0
32234, 2, 4, 1, 3, 2, 0
32235, 0, 1, 0, 1, 0, 0
32236, 0, 2, 1, 1, 0, 0
32237, 0, 2, 1, 1, 0, 0
32238, 1, 5, 3, 2, 1, 0
32239, 0, 1, 0, 1, 0, 0
32240, 2, 3, 2, 1, 2, 0
32241, 0, 3, 2, 1, 0, 0
32242, 0, 1, 0, 1, 0, 0
32243, 0, 5, 4, 1, 0, 0
3968, 0, 14, 11, 3, 0, 0
16150, 0, 14, 13, 1, 0, 0
32244, 1, 3, 1, 2, 0, 1
32245, 1, 1, 1, 0, 1, 0
32246, 13, 9, 3, 6, 6, 7
32247, 0, 4, 0, 4, 0, 0
2069, 1, 20, 9, 11, 1, 0
5299, 164, 17, 11, 6, 88, 76
5691, 8, 4, 4, 0, 8, 0
7314, 1, 18, 15, 3, 1, 0
8165, 1, 5, 5, 0, 1, 0
8982, 1, 86, 61, 25, 1, 0
9633, 0, 3, 2, 1, 0, 0
10866, 31, 9, 5, 4, 23, 8
13187, 75, 7, 5, 2, 52, 23
13284, 202, 14, 9, 5, 78, 124
13285, 37, 9, 6, 3, 11, 26
16393, 25, 32, 31, 1, 25, 0
17839, 23, 18, 12, 6, 23, 0
18973, 0, 14, 12, 2, 0, 0
22008, 0, 12, 7, 5, 0, 0
22913, 9, 16, 8, 8, 3, 6
25037, 20, 3, 1, 2, 20, 0
26075, 7, 5, 3, 2, 4, 3
26869, 31, 8, 6, 2, 22, 9
27818, 57, 19, 12, 7, 33, 24
29227, 0, 3, 3, 0, 0, 0
29943, 70, 2, 2, 0, 70, 0
30299, 5, 15, 13, 2, 3, 2
31434, 34, 11, 8, 3, 25, 9
32248, 0, 2, 2, 0, 0, 0
32249, 33, 2, 2, 0, 31, 2
32250, 19, 11, 8, 3, 19, 0
32251, 0, 1, 1, 0, 0, 0
32252, 1, 12, 10, 2, 1, 0
32253, 0, 1, 1, 0, 0, 0
32254, 0, 1, 1, 0, 0, 0
32255, 0, 4, 3, 1, 0, 0
32256, 0, 1, 1, 0, 0, 0
32257, 19, 6, 5, 1, 17, 2
32258, 8, 3, 3, 0, 7, 1
32259, 0, 3, 2, 1, 0, 0
32260, 36, 9, 9, 0, 36, 0
32261, 8, 5, 3, 2, 8, 0
32262, 0, 2, 0, 2, 0, 0
32263, 2, 2, 1, 1, 1, 1
4664, 72, 16, 15, 1, 72, 0
6510, 2, 10, 10, 0, 2, 0
32264, 0, 1, 1, 0, 0, 0
32265, 3, 1, 1, 0, 3, 0
32266, 3, 2, 2, 0, 3, 0
2749, 20, 50, 49, 1, 14, 6
8724, 0, 12, 2, 10, 0, 0
9009, 136, 12, 5, 7, 3, 133
28211, 0, 6, 2, 4, 0, 0
32267, 1, 1, 1, 0, 1, 0
6499, 0, 23, 16, 7, 0, 0
29578, 2, 9, 8, 1, 2, 0
29921, 5, 14, 12, 2, 4, 1
31227, 30, 6, 5, 1, 25, 5
32268, 0, 1, 1, 0, 0, 0
32269, 0, 1, 1, 0, 0, 0
32270, 156, 10, 10, 0, 24, 132
32271, 0, 4, 3, 1, 0, 0
3891, 1, 17, 16, 1, 1, 0
16475, 0, 54, 54, 0, 0, 0
16480, 1, 20, 3, 17, 0, 1
25986, 0, 13, 13, 0, 0, 0
5749, 9, 18, 8, 10, 5, 4
13557, 0, 24, 24, 0, 0, 0
20606, 22, 23, 22, 1, 19, 3
20856, 1, 3, 2, 1, 1, 0
25098, 0, 7, 6, 1, 0, 0
25304, 1, 7, 6, 1, 0, 1
29821, 0, 5, 5, 0, 0, 0
32272, 0, 4, 4, 0, 0, 0
32273, 11, 3, 3, 0, 9, 2
32274, 0, 4, 4, 0, 0, 0
13043, 15, 58, 48, 10, 15, 0
15315, 140, 34, 29, 5, 92, 48
25266, 4, 14, 14, 0, 4, 0
28098, 0, 14, 13, 1, 0, 0
32275, 28, 4, 2, 2, 19, 9
3134, 0, 35, 31, 4, 0, 0
3221, 4, 63, 55, 8, 2, 2
5152, 0, 12, 12, 0, 0, 0
6241, 11, 15, 14, 1, 11, 0
8472, 7, 83, 52, 31, 1, 6
9437, 4, 15, 14, 1, 4, 0
10251, 6, 26, 22, 4, 6, 0
10258, 3, 9, 9, 0, 2, 1
11148, 23, 34, 26, 8, 20, 3
25262, 25, 12, 9, 3, 12, 13
25829, 0, 5, 4, 1, 0, 0
26015, 44, 2, 2, 0, 18, 26
28416, 13, 24, 11, 13, 9, 4
30273, 14, 10, 6, 4, 13, 1
32276, 1, 1, 1, 0, 1, 0
32277, 5, 1, 1, 0, 5, 0
2733, 13, 21, 10, 11, 13, 0
5571, 34, 20, 15, 5, 17, 17
9269, 1, 9, 8, 1, 1, 0
9622, 4, 52, 42, 10, 3, 1
12417, 20, 9, 5, 4, 19, 1
16051, 2, 19, 17, 2, 2, 0
16510, 23, 16, 12, 4, 21, 2
17906, 0, 10, 10, 0, 0, 0
32278, 0, 2, 2, 0, 0, 0
32279, 1, 4, 3, 1, 1, 0
9397, 10, 30, 30, 0, 10, 0
11812, 0, 4, 3, 1, 0, 0
14009, 5, 52, 49, 3, 3, 2
14861, 0, 5, 5, 0, 0, 0
15883, 30, 22, 19, 3, 11, 19
16368, 24, 10, 9, 1, 17, 7
20062, 4, 7, 5, 2, 3, 1
32280, 0, 3, 3, 0, 0, 0
2720, 16, 39, 32, 7, 13, 3
8080, 44, 17, 17, 0, 44, 0
8179, 27, 26, 16, 10, 27, 0
8451, 0, 23, 13, 10, 0, 0
13205, 11, 38, 34, 4, 11, 0
14927, 1, 7, 5, 2, 1, 0
15555, 0, 10, 1, 9, 0, 0
16565, 0, 3, 3, 0, 0, 0
20280, 0, 2, 2, 0, 0, 0
20601, 14, 17, 17, 0, 14, 0
21226, 0, 13, 13, 0, 0, 0
22235, 1, 24, 14, 10, 1, 0
25114, 14, 4, 4, 0, 13, 1
26087, 12, 4, 3, 1, 9, 3
30783, 0, 2, 2, 0, 0, 0
32281, 0, 2, 2, 0, 0, 0
32282, 0, 9, 7, 2, 0, 0
32283, 0, 2, 2, 0, 0, 0
32284, 0, 3, 1, 2, 0, 0
32285, 1, 3, 3, 0, 1, 0
32286, 0, 1, 1, 0, 0, 0
32287, 0, 6, 5, 1, 0, 0
32288, 1, 3, 2, 1, 1, 0
32289, 0, 5, 4, 1, 0, 0
32290, 0, 1, 1, 0, 0, 0
32291, 0, 1, 0, 1, 0, 0
32292, 1, 3, 0, 3, 1, 0
32293, 0, 3, 2, 1, 0, 0
4577, 3, 47, 32, 15, 3, 0
32294, 9, 1, 1, 0, 4, 5
32295, 64, 3, 3, 0, 24, 40
32296, 0, 2, 1, 1, 0, 0
32297, 2, 2, 2, 0, 2, 0
32298, 1, 1, 1, 0, 1, 0
6136, 14, 40, 11, 29, 14, 0
6569, 14, 7, 6, 1, 14, 0
8108, 29, 7, 2, 5, 18, 11
10510, 0, 24, 16, 8, 0, 0
10818, 3, 43, 33, 10, 3, 0
11643, 31, 26, 15, 11, 28, 3
11808, 34, 25, 16, 9, 12, 22
25588, 0, 10, 0, 10, 0, 0
26099, 1, 3, 1, 2, 1, 0
32299, 0, 6, 1, 5, 0, 0
32300, 0, 10, 2, 8, 0, 0
32301, 0, 1, 0, 1, 0, 0
2237, 50, 30, 26, 4, 14, 36
3271, 14, 7, 6, 1, 11, 3
4086, 6, 33, 32, 1, 4, 2
4557, 152, 144, 82, 62, 110, 42
4709, 15, 28, 17, 11, 7, 8
8292, 0, 17, 11, 6, 0, 0
8758, 32, 66, 46, 20, 32, 0
9168, 12, 14, 9, 5, 8, 4
9346, 0, 7, 4, 3, 0, 0
9569, 1, 24, 22, 2, 1, 0
9882, 78, 52, 48, 4, 77, 1
10619, 187, 28, 23, 5, 146, 41
11666, 4, 11, 7, 4, 4, 0
11923, 2, 15, 11, 4, 2, 0
12081, 0, 38, 18, 20, 0, 0
13988, 7, 22, 2, 20, 2, 5
16152, 0, 22, 21, 1, 0, 0
16582, 126, 21, 10, 11, 70, 56
17017, 15, 19, 7, 12, 9, 6
17550, 3, 12, 11, 1, 3, 0
19612, 239, 30, 11, 19, 74, 165
22378, 2, 15, 15, 0, 2, 0
24733, 8, 14, 5, 9, 7, 1
25666, 5, 13, 13, 0, 5, 0
29221, 0, 6, 6, 0, 0, 0
30748, 2, 8, 7, 1, 2, 0
31009, 0, 12, 7, 5, 0, 0
32302, 0, 2, 2, 0, 0, 0
32303, 0, 2, 2, 0, 0, 0
32304, 2, 8, 7, 1, 2, 0
32305, 6, 10, 10, 0, 6, 0
32306, 0, 5, 5, 0, 0, 0
32307, 0, 1, 1, 0, 0, 0
32308, 0, 2, 2, 0, 0, 0
32309, 3, 3, 1, 2, 2, 1
32310, 1, 10, 8, 2, 1, 0
32311, 0, 2, 2, 0, 0, 0
32312, 21, 3, 1, 2, 1, 20
3151, 1, 25, 20, 5, 1, 0
9220, 6, 33, 27, 6, 6, 0
32313, 0, 1, 1, 0, 0, 0
9101, 13, 15, 14, 1, 11, 2
14255, 20, 9, 7, 2, 9, 11
22529, 27, 8, 8, 0, 25, 2
27614, 0, 34, 34, 0, 0, 0
32314, 6, 6, 5, 1, 5, 1
32315, 0, 4, 2, 2, 0, 0
32316, 0, 3, 1, 2, 0, 0
32317, 0, 1, 0, 1, 0, 0
18605, 8, 6, 6, 0, 8, 0
7167, 14, 76, 67, 9, 13, 1
8467, 0, 32, 32, 0, 0, 0
11272, 336, 39, 34, 5, 276, 60
11533, 0, 45, 45, 0, 0, 0
15969, 0, 9, 9, 0, 0, 0
15970, 1, 3, 1, 2, 1, 0
15971, 3, 8, 8, 0, 3, 0
15972, 0, 7, 5, 2, 0, 0
15973, 23, 7, 6, 1, 18, 5
15974, 0, 17, 8, 9, 0, 0
2929, 9, 72, 59, 13, 9, 0
5579, 1, 44, 23, 21, 1, 0
8135, 11, 39, 31, 8, 10, 1
8661, 0, 38, 20, 18, 0, 0
8997, 6, 16, 15, 1, 6, 0
14403, 0, 29, 29, 0, 0, 0
14548, 9, 16, 10, 6, 9, 0
14923, 0, 6, 4, 2, 0, 0
15162, 0, 37, 24, 13, 0, 0
15895, 19, 17, 13, 4, 19, 0
16321, 0, 43, 24, 19, 0, 0
17699, 0, 14, 7, 7, 0, 0
19340, 0, 6, 5, 1, 0, 0
22024, 19, 18, 16, 2, 19, 0
23949, 13, 36, 33, 3, 12, 1
28332, 39, 6, 6, 0, 34, 5
29562, 15, 9, 7, 2, 14, 1
32318, 0, 1, 1, 0, 0, 0
32319, 7, 2, 1, 1, 7, 0
32320, 0, 3, 3, 0, 0, 0
32321, 14, 12, 10, 2, 13, 1
32322, 0, 3, 3, 0, 0, 0
32323, 1, 1, 0, 1, 1, 0
32324, 0, 1, 0, 1, 0, 0
32325, 9, 6, 3, 3, 4, 5
32326, 0, 12, 5, 7, 0, 0
32327, 3, 1, 0, 1, 0, 3
2917, 0, 91, 89, 2, 0, 0
3622, 12, 22, 22, 0, 11, 1
4779, 67, 63, 53, 10, 62, 5
6375, 1, 14, 13, 1, 1, 0
17364, 0, 47, 47, 0, 0, 0
19457, 11, 33, 23, 10, 11, 0
32328, 0, 1, 1, 0, 0, 0
32329, 0, 1, 1, 0, 0, 0
32330, 6, 5, 4, 1, 6, 0
5884, 15, 10, 8, 2, 13, 2
8833, 30, 17, 17, 0, 24, 6
1766, 3, 28, 26, 2, 3, 0
2112, 21, 13, 11, 2, 21, 0
2740, 0, 12, 11, 1, 0, 0
3296, 1, 59, 28, 31, 0, 1
3488, 0, 7, 4, 3, 0, 0
5256, 202, 30, 28, 2, 170, 32
5648, 1, 53, 52, 1, 1, 0
6200, 34, 19, 13, 6, 11, 23
6384, 1, 25, 21, 4, 0, 1
6484, 22, 136, 106, 30, 22, 0
7194, 1, 31, 16, 15, 1, 0
8078, 90, 6, 6, 0, 85, 5
9123, 14, 16, 15, 1, 10, 4
9255, 3, 12, 8, 4, 3, 0
9462, 1, 35, 33, 2, 1, 0
10254, 8, 8, 7, 1, 8, 0
12029, 2, 8, 7, 1, 1, 1
12971, 0, 36, 33, 3, 0, 0
13818, 5, 13, 11, 2, 4, 1
14787, 0, 41, 35, 6, 0, 0
17238, 4, 8, 6, 2, 4, 0
17260, 2, 10, 8, 2, 2, 0
17335, 1, 6, 3, 3, 1, 0
17547, 8, 9, 8, 1, 7, 1
17712, 190, 16, 15, 1, 153, 37
18586, 0, 8, 7, 1, 0, 0
19688, 89, 7, 6, 1, 61, 28
21267, 0, 13, 13, 0, 0, 0
21535, 35, 42, 35, 7, 13, 22
21850, 34, 7, 6, 1, 33, 1
22359, 43, 5, 5, 0, 33, 10
22771, 0, 14, 14, 0, 0, 0
23984, 6, 4, 3, 1, 5, 1
24993, 0, 11, 10, 1, 0, 0
26074, 36, 6, 6, 0, 36, 0
26077, 132, 11, 11, 0, 125, 7
26259, 15, 10, 7, 3, 14, 1
26829, 1, 6, 5, 1, 1, 0
29956, 1, 7, 7, 0, 1, 0
30642, 0, 8, 6, 2, 0, 0
32331, 42, 3, 3, 0, 39, 3
32332, 0, 1, 1, 0, 0, 0
32333, 0, 3, 3, 0, 0, 0
32334, 0, 1, 1, 0, 0, 0
32335, 0, 1, 1, 0, 0, 0
32336, 0, 1, 1, 0, 0, 0
32337, 0, 4, 4, 0, 0, 0
32338, 0, 1, 1, 0, 0, 0
32339, 0, 1, 1, 0, 0, 0
32340, 5, 8, 8, 0, 5, 0
32341, 0, 4, 4, 0, 0, 0
32342, 4, 5, 2, 3, 4, 0
32343, 3, 6, 2, 4, 0, 3
32344, 3, 1, 1, 0, 3, 0
32345, 2, 2, 1, 1, 2, 0
32346, 0, 1, 1, 0, 0, 0
32347, 0, 3, 3, 0, 0, 0
32348, 1, 1, 1, 0, 0, 1
32349, 0, 1, 1, 0, 0, 0
32350, 0, 3, 2, 1, 0, 0
32351, 1, 1, 1, 0, 1, 0
32352, 2, 3, 3, 0, 2, 0
32353, 0, 2, 1, 1, 0, 0
32354, 0, 1, 1, 0, 0, 0
32355, 13, 2, 2, 0, 11, 2
32356, 0, 3, 1, 2, 0, 0
32357, 0, 4, 4, 0, 0, 0
32358, 0, 1, 1, 0, 0, 0
32359, 9, 1, 1, 0, 6, 3
32360, 1, 3, 1, 2, 0, 1
32361, 0, 5, 5, 0, 0, 0
32362, 0, 1, 1, 0, 0, 0
32363, 0, 3, 3, 0, 0, 0
32364, 0, 1, 1, 0, 0, 0
32365, 2, 1, 1, 0, 0, 2
32366, 0, 2, 1, 1, 0, 0
32367, 0, 2, 2, 0, 0, 0
32368, 70, 4, 2, 2, 26, 44
32369, 0, 1, 1, 0, 0, 0
32370, 4, 5, 2, 3, 1, 3
32371, 0, 3, 3, 0, 0, 0
32372, 0, 2, 2, 0, 0, 0
32373, 0, 1, 0, 1, 0, 0
3980, 13, 46, 16, 30, 1, 12
4468, 2, 25, 20, 5, 1, 1
15846, 16, 14, 9, 5, 12, 4
18391, 0, 15, 15, 0, 0, 0
18795, 2, 33, 28, 5, 0, 2
32374, 0, 1, 1, 0, 0, 0
32375, 0, 1, 1, 0, 0, 0
32376, 0, 1, 1, 0, 0, 0
32377, 0, 1, 1, 0, 0, 0
32378, 0, 2, 2, 0, 0, 0
8746, 4, 31, 5, 26, 4, 0
12429, 0, 10, 1, 9, 0, 0
13132, 1, 6, 1, 5, 0, 1
15543, 11, 20, 2, 18, 3, 8
16760, 17, 19, 3, 16, 1, 16
17733, 2, 8, 0, 8, 1, 1
29577, 0, 4, 4, 0, 0, 0
32379, 4, 3, 3, 0, 4, 0
32380, 0, 1, 0, 1, 0, 0
32381, 0, 2, 0, 2, 0, 0
32382, 0, 1, 0, 1, 0, 0
32383, 1, 1, 0, 1, 1, 0
32384, 0, 2, 0, 2, 0, 0
32385, 0, 1, 0, 1, 0, 0
3362, 0, 24, 14, 10, 0, 0
23027, 49, 38, 18, 20, 39, 10
11474, 7, 4, 3, 1, 7, 0
32386, 5, 2, 1, 1, 5, 0
32387, 1, 4, 3, 1, 0, 1
3979, 5, 4, 3, 1, 5, 0
10805, 15, 20, 18, 2, 0, 15
32388, 0, 8, 1, 7, 0, 0
32389, 0, 3, 0, 3, 0, 0
5344, 0, 28, 1, 27, 0, 0
32390, 2, 1, 1, 0, 2, 0
18519, 10, 12, 10, 2, 10, 0
30845, 2, 3, 2, 1, 2, 0
1697, 0, 3, 3, 0, 0, 0
2283, 0, 47, 46, 1, 0, 0
3231, 1, 20, 20, 0, 1, 0
4392, 0, 7, 7, 0, 0, 0
6522, 0, 8, 8, 0, 0, 0
7584, 0, 3, 3, 0, 0, 0
7589, 0, 4, 4, 0, 0, 0
9396, 4, 6, 6, 0, 4, 0
10060, 39, 49, 17, 32, 38, 1
10678, 5, 44, 29, 15, 5, 0
11284, 4, 12, 11, 1, 2, 2
12371, 1, 21, 13, 8, 1, 0
12390, 37, 24, 22, 2, 34, 3
19630, 14, 10, 8, 2, 12, 2
23227, 0, 1, 1, 0, 0, 0
23228, 53, 7, 7, 0, 34, 19
23229, 13, 7, 6, 1, 11, 2
23230, 0, 1, 1, 0, 0, 0
23231, 0, 5, 4, 1, 0, 0
23232, 0, 1, 1, 0, 0, 0
23233, 2, 1, 1, 0, 2, 0
23234, 7, 2, 2, 0, 7, 0
23235, 0, 1, 1, 0, 0, 0
23236, 5, 9, 7, 2, 3, 2
23237, 1, 5, 4, 1, 1, 0
10205, 0, 53, 53, 0, 0, 0
16871, 0, 36, 31, 5, 0, 0
17493, 0, 6, 2, 4, 0, 0
1577, 18, 11, 11, 0, 10, 8
1692, 1, 18, 17, 1, 0, 1
3963, 0, 20, 18, 2, 0, 0
4586, 1, 43, 23, 20, 1, 0
5718, 1, 26, 24, 2, 1, 0
7556, 69, 26, 22, 4, 69, 0
8073, 9, 4, 4, 0, 9, 0
8348, 2, 36, 29, 7, 2, 0
9238, 1, 63, 47, 16, 1, 0
10431, 0, 4, 3, 1, 0, 0
11545, 13, 34, 29, 5, 7, 6
13194, 0, 4, 3, 1, 0, 0
14080, 8, 5, 5, 0, 7, 1
14561, 42, 16, 13, 3, 42, 0
16125, 1, 24, 16, 8, 0, 1
19778, 41, 44, 27, 17, 41, 0
20278, 0, 10, 9, 1, 0, 0
20468, 8, 10, 10, 0, 8, 0
20727, 0, 7, 3, 4, 0, 0
20944, 0, 8, 6, 2, 0, 0
21478, 1, 3, 2, 1, 0, 1
23240, 0, 2, 2, 0, 0, 0
23241, 17, 5, 5, 0, 17, 0
23242, 0, 1, 1, 0, 0, 0
23243, 0, 2, 1, 1, 0, 0
23244, 0, 7, 6, 1, 0, 0
23245, 0, 2, 2, 0, 0, 0
23246, 37, 6, 5, 1, 37, 0
23247, 2, 6, 6, 0, 2, 0
23248, 0, 8, 4, 4, 0, 0
23249, 0, 2, 2, 0, 0, 0
23250, 0, 8, 6, 2, 0, 0
23251, 0, 2, 2, 0, 0, 0
23252, 0, 7, 6, 1, 0, 0
23253, 0, 7, 7, 0, 0, 0
23254, 0, 2, 2, 0, 0, 0
23255, 3, 5, 5, 0, 3, 0
23256, 0, 1, 1, 0, 0, 0
23257, 4, 7, 7, 0, 4, 0
23258, 0, 2, 2, 0, 0, 0
23260, 2, 3, 3, 0, 1, 1
23262, 0, 1, 1, 0, 0, 0
23264, 0, 2, 2, 0, 0, 0
2846, 22, 16, 15, 1, 22, 0
3372, 10, 17, 12, 5, 10, 0
6044, 0, 3, 2, 1, 0, 0
8612, 102, 58, 28, 30, 52, 50
8938, 173, 17, 17, 0, 170, 3
11337, 2, 7, 7, 0, 2, 0
15487, 43, 15, 7, 8, 27, 16
20072, 5, 18, 15, 3, 5, 0
21017, 0, 2, 2, 0, 0, 0
22460, 0, 11, 11, 0, 0, 0
23268, 0, 3, 3, 0, 0, 0
27184, 3, 5, 5, 0, 2, 1
32391, 0, 1, 1, 0, 0, 0
32392, 8, 2, 1, 1, 6, 2
32393, 0, 1, 1, 0, 0, 0
32394, 0, 1, 1, 0, 0, 0
32395, 0, 5, 4, 1, 0, 0
32396, 0, 2, 1, 1, 0, 0
32397, 0, 1, 1, 0, 0, 0
32398, 0, 4, 3, 1, 0, 0
32399, 4, 4, 4, 0, 4, 0
32400, 11, 5, 5, 0, 11, 0
32401, 0, 1, 1, 0, 0, 0
32402, 0, 2, 1, 1, 0, 0
32403, 0, 5, 5, 0, 0, 0
6737, 0, 39, 31, 8, 0, 0
10315, 0, 29, 19, 10, 0, 0
12519, 27, 19, 15, 4, 27, 0
24269, 44, 18, 9, 9, 21, 23
26231, 27, 15, 13, 2, 26, 1
30663, 9, 8, 5, 3, 7, 2
32404, 0, 2, 2, 0, 0, 0
32405, 0, 2, 2, 0, 0, 0
32406, 0, 1, 1, 0, 0, 0
12883, 11, 10, 9, 1, 11, 0
32407, 0, 1, 1, 0, 0, 0
23814, 6, 9, 9, 0, 5, 1
36059, 0, 3, 3, 0, 0, 0
1675, 108, 37, 19, 18, 42, 66
2484, 13, 23, 19, 4, 13, 0
2814, 17, 32, 24, 8, 17, 0
2956, 202, 79, 73, 6, 41, 161
3093, 5, 6, 6, 0, 5, 0
3100, 201, 109, 62, 47, 60, 141
3396, 4, 19, 13, 6, 3, 1
3404, 0, 77, 21, 56, 0, 0
3725, 5, 47, 32, 15, 5, 0
3880, 1, 10, 8, 2, 1, 0
3945, 0, 40, 36, 4, 0, 0
4311, 20, 17, 12, 5, 12, 8
4332, 17, 67, 45, 22, 17, 0
4567, 1, 18, 9, 9, 1, 0
4943, 50, 16, 15, 1, 50, 0
4969, 30, 77, 62, 15, 30, 0
5358, 12, 50, 36, 14, 7, 5
5756, 12, 31, 21, 10, 12, 0
5911, 4, 14, 14, 0, 3, 1
5950, 2, 19, 13, 6, 2, 0
5952, 1, 3, 2, 1, 1, 0
5953, 0, 2, 2, 0, 0, 0
5954, 1, 2, 2, 0, 1, 0
5955, 8, 9, 7, 2, 8, 0
5957, 7, 1, 1, 0, 7, 0
5961, 6, 20, 16, 4, 6, 0
5962, 22, 9, 9, 0, 22, 0
5963, 0, 4, 4, 0, 0, 0
5964, 0, 7, 7, 0, 0, 0
5965, 0, 2, 2, 0, 0, 0
5966, 3, 9, 7, 2, 3, 0
5967, 1, 1, 1, 0, 1, 0
5968, 0, 15, 15, 0, 0, 0
5969, 0, 13, 12, 1, 0, 0
5972, 0, 19, 18, 1, 0, 0
5973, 0, 1, 1, 0, 0, 0
5974, 21, 22, 20, 2, 21, 0
5976, 0, 2, 2, 0, 0, 0
5978, 0, 31, 31, 0, 0, 0
5979, 0, 6, 6, 0, 0, 0
5985, 0, 21, 18, 3, 0, 0
5987, 0, 2, 2, 0, 0, 0
5989, 0, 1, 1, 0, 0, 0
5990, 3, 9, 6, 3, 3, 0
5991, 20, 59, 55, 4, 18, 2
5992, 0, 4, 4, 0, 0, 0
5993, 0, 2, 2, 0, 0, 0
5999, 18, 31, 21, 10, 18, 0
6001, 0, 1, 1, 0, 0, 0
6002, 0, 3, 2, 1, 0, 0
6003, 0, 3, 3, 0, 0, 0
6004, 0, 1, 1, 0, 0, 0
6007, 0, 2, 2, 0, 0, 0
6010, 9, 9, 9, 0, 9, 0
6013, 1, 16, 4, 12, 1, 0
6014, 12, 26, 11, 15, 5, 7
6018, 0, 1, 0, 1, 0, 0
6019, 1, 3, 2, 1, 1, 0
6021, 0, 5, 0, 5, 0, 0
6023, 0, 16, 10, 6, 0, 0
6025, 1, 23, 17, 6, 0, 1
6027, 0, 4, 3, 1, 0, 0
6029, 0, 1, 0, 1, 0, 0
6030, 5, 3, 0, 3, 4, 1
6032, 14, 15, 5, 10, 12, 2
6033, 0, 7, 4, 3, 0, 0
6035, 9, 14, 6, 8, 5, 4
6036, 0, 51, 17, 34, 0, 0
6037, 1, 3, 0, 3, 1, 0
6038, 0, 2, 1, 1, 0, 0
6039, 0, 4, 0, 4, 0, 0
6041, 0, 3, 2, 1, 0, 0
6042, 20, 7, 5, 2, 19, 1
6043, 0, 1, 0, 1, 0, 0
6045, 4, 51, 28, 23, 4, 0
6046, 24, 6, 3, 3, 23, 1
6047, 0, 10, 6, 4, 0, 0
15222, 9, 6, 6, 0, 9, 0
16272, 109, 39, 29, 10, 58, 51
16425, 0, 13, 13, 0, 0, 0
26385, 0, 9, 9, 0, 0, 0
36060, 9, 3, 3, 0, 8, 1
36061, 0, 2, 2, 0, 0, 0
36062, 0, 1, 1, 0, 0, 0
36063, 0, 9, 9, 0, 0, 0
36064, 4, 3, 3, 0, 4, 0
36065, 4, 3, 3, 0, 4, 0
2178, 8, 21, 15, 6, 8, 0
2345, 1, 12, 12, 0, 1, 0
2876, 97, 114, 69, 45, 95, 2
2963, 7, 12, 11, 1, 7, 0
3709, 333, 23, 20, 3, 203, 130
4696, 105, 11, 10, 1, 94, 11
4822, 17, 19, 12, 7, 12, 5
5277, 24, 26, 22, 4, 5, 19
5565, 203, 18, 18, 0, 203, 0
6104, 38, 6, 6, 0, 38, 0
6135, 162, 43, 41, 2, 129, 33
6275, 10, 40, 24, 16, 10, 0
7329, 21, 21, 13, 8, 19, 2
7683, 59, 5, 5, 0, 13, 46
8033, 4, 9, 8, 1, 1, 3
8232, 44, 16, 16, 0, 43, 1
8254, 8, 11, 8, 3, 5, 3
8681, 13, 3, 3, 0, 11, 2
9384, 98, 42, 33, 9, 85, 13
11382, 202, 23, 23, 0, 168, 34
12222, 13, 23, 15, 8, 9, 4
12905, 63, 26, 24, 2, 46, 17
13396, 79, 10, 9, 1, 75, 4
13939, 11, 12, 12, 0, 11, 0
16677, 6, 18, 14, 4, 6, 0
17632, 34, 7, 7, 0, 34, 0
17634, 2, 5, 5, 0, 2, 0
17769, 23, 14, 9, 5, 21, 2
20915, 31, 7, 4, 3, 25, 6
21941, 0, 8, 6, 2, 0, 0
24886, 11, 6, 4, 2, 11, 0
25004, 9, 3, 3, 0, 7, 2
26915, 3, 2, 2, 0, 3, 0
26916, 5, 3, 2, 1, 5, 0
26917, 0, 1, 1, 0, 0, 0
26918, 46, 5, 5, 0, 45, 1
26919, 18, 3, 3, 0, 17, 1
26920, 19, 1, 1, 0, 19, 0
26921, 3, 1, 1, 0, 3, 0
26922, 1, 2, 2, 0, 1, 0
26923, 3, 1, 1, 0, 3, 0
26924, 39, 5, 5, 0, 36, 3
26925, 24, 1, 1, 0, 24, 0
26926, 8, 3, 3, 0, 8, 0
26927, 5, 2, 2, 0, 5, 0
26928, 0, 3, 3, 0, 0, 0
26929, 14, 1, 1, 0, 14, 0
26930, 0, 1, 1, 0, 0, 0
26931, 0, 1, 1, 0, 0, 0
26932, 122, 7, 7, 0, 112, 10
26933, 12, 1, 1, 0, 12, 0
26934, 3, 8, 6, 2, 2, 1
26935, 34, 10, 9, 1, 11, 23
26936, 7, 5, 5, 0, 6, 1
26937, 61, 6, 5, 1, 61, 0
2093, 0, 19, 5, 14, 0, 0
2347, 72, 10, 7, 3, 71, 1
14612, 4, 10, 6, 4, 4, 0
24291, 9, 15, 5, 10, 5, 4
36066, 3, 3, 3, 0, 3, 0
1853, 0, 14, 14, 0, 0, 0
2092, 13, 5, 4, 1, 12, 1
3569, 67, 75, 65, 10, 24, 43
11393, 44, 27, 19, 8, 40, 4
15513, 0, 9, 8, 1, 0, 0
16842, 84, 20, 14, 6, 67, 17
17376, 40, 18, 17, 1, 33, 7
19568, 61, 16, 14, 2, 48, 13
29374, 4, 3, 3, 0, 4, 0
29745, 8, 9, 9, 0, 6, 2
34223, 2, 2, 2, 0, 2, 0
12629, 0, 13, 13, 0, 0, 0
13274, 2, 28, 13, 15, 1, 1
14044, 1, 33, 30, 3, 1, 0
19643, 7, 5, 5, 0, 7, 0
36067, 0, 2, 2, 0, 0, 0
36068, 0, 4, 3, 1, 0, 0
1648, 2, 31, 26, 5, 2, 0
2788, 65, 65, 44, 21, 63, 2
2977, 21, 18, 16, 2, 16, 5
6651, 0, 2, 1, 1, 0, 0
6890, 43, 77, 55, 22, 42, 1
7211, 3, 31, 28, 3, 1, 2
7986, 21, 13, 6, 7, 21, 0
8029, 18, 12, 9, 3, 14, 4
12328, 50, 8, 3, 5, 40, 10
13254, 0, 3, 0, 3, 0, 0
13725, 0, 40, 37, 3, 0, 0
15138, 0, 34, 32, 2, 0, 0
15284, 10, 10, 8, 2, 8, 2
15927, 10, 8, 6, 2, 10, 0
16631, 0, 12, 6, 6, 0, 0
16767, 18, 6, 3, 3, 10, 8
16837, 0, 4, 4, 0, 0, 0
18373, 1, 12, 10, 2, 1, 0
18570, 15, 11, 10, 1, 11, 4
19529, 0, 9, 7, 2, 0, 0
20472, 7, 17, 14, 3, 4, 3
24025, 0, 7, 4, 3, 0, 0
25141, 0, 15, 0, 15, 0, 0
25939, 38, 12, 5, 7, 7, 31
34068, 0, 4, 4, 0, 0, 0
34904, 0, 9, 7, 2, 0, 0
36008, 0, 3, 3, 0, 0, 0
36069, 1, 2, 2, 0, 1, 0
36070, 0, 1, 1, 0, 0, 0
36071, 1, 7, 7, 0, 1, 0
36072, 0, 3, 3, 0, 0, 0
36073, 0, 3, 3, 0, 0, 0
36074, 1, 3, 2, 1, 1, 0
36075, 2, 2, 1, 1, 1, 1
36076, 0, 1, 0, 1, 0, 0
36077, 1, 1, 0, 1, 1, 0
36078, 0, 1, 0, 1, 0, 0
36079, 0, 1, 0, 1, 0, 0
36080, 0, 2, 1, 1, 0, 0
36081, 9, 8, 5, 3, 8, 1
36082, 0, 3, 2, 1, 0, 0
4447, 6, 9, 4, 5, 6, 0
4522, 12, 31, 10, 21, 12, 0
4697, 60, 11, 9, 2, 57, 3
5250, 59, 18, 8, 10, 53, 6
6815, 3, 21, 9, 12, 2, 1
6818, 98, 63, 47, 16, 95, 3
7405, 13, 5, 3, 2, 13, 0
7668, 2, 5, 3, 2, 2, 0
12309, 5, 25, 17, 8, 3, 2
12524, 47, 15, 6, 9, 39, 8
12636, 0, 5, 2, 3, 0, 0
12647, 31, 12, 8, 4, 24, 7
12690, 9, 10, 4, 6, 1, 8
14370, 2, 7, 4, 3, 1, 1
14507, 44, 8, 2, 6, 1, 43
15172, 15, 22, 12, 10, 8, 7
16387, 13, 6, 3, 3, 13, 0
18276, 8, 4, 2, 2, 2, 6
18282, 9, 3, 1, 2, 3, 6
18310, 13, 4, 2, 2, 2, 11
18311, 0, 9, 5, 4, 0, 0
19503, 37, 7, 6, 1, 37, 0
22487, 29, 4, 3, 1, 11, 18
22489, 2, 3, 3, 0, 2, 0
23142, 31, 4, 2, 2, 1, 30
25762, 2, 3, 1, 2, 0, 2
25763, 10, 6, 4, 2, 3, 7
25770, 0, 4, 2, 2, 0, 0
27908, 0, 3, 3, 0, 0, 0
27910, 12, 3, 1, 2, 9, 3
27911, 0, 3, 1, 2, 0, 0
27912, 0, 3, 1, 2, 0, 0
1883, 37, 18, 16, 2, 35, 2
2034, 44, 50, 44, 6, 41, 3
2054, 15, 25, 17, 8, 12, 3
2938, 22, 5, 5, 0, 22, 0
5311, 49, 24, 15, 9, 14, 35
7138, 12, 4, 4, 0, 11, 1
7926, 7, 10, 8, 2, 7, 0
8677, 87, 8, 4, 4, 83, 4
8705, 203, 42, 27, 15, 59, 144
8858, 67, 18, 18, 0, 58, 9
9091, 7, 8, 8, 0, 7, 0
9158, 25, 41, 34, 7, 24, 1
10588, 149, 42, 36, 6, 121, 28
11589, 203, 68, 66, 2, 203, 0
11623, 14, 15, 9, 6, 10, 4
11741, 62, 26, 16, 10, 50, 12
12292, 31, 9, 9, 0, 31, 0
12523, 1, 5, 3, 2, 1, 0
12653, 46, 5, 2, 3, 28, 18
13508, 12, 7, 5, 2, 12, 0
14807, 0, 7, 6, 1, 0, 0
15501, 81, 9, 9, 0, 57, 24
15558, 42, 13, 10, 3, 40, 2
15615, 26, 14, 9, 5, 25, 1
17806, 1, 9, 8, 1, 1, 0
18522, 0, 20, 20, 0, 0, 0
19641, 10, 4, 4, 0, 10, 0
20737, 16, 10, 9, 1, 12, 4
22969, 11, 6, 4, 2, 11, 0
24523, 9, 2, 1, 1, 8, 1
24532, 5, 6, 3, 3, 5, 0
27738, 59, 10, 6, 4, 18, 41
27947, 23, 9, 8, 1, 23, 0
35991, 4, 2, 2, 0, 4, 0
36083, 8, 4, 4, 0, 8, 0
36084, 7, 1, 1, 0, 7, 0
36085, 2, 2, 1, 1, 2, 0
36086, 18, 1, 1, 0, 4, 14
36087, 13, 7, 7, 0, 11, 2
36088, 6, 7, 4, 3, 6, 0
36089, 9, 3, 3, 0, 9, 0
36090, 8, 1, 1, 0, 5, 3
36091, 15, 7, 7, 0, 15, 0
36092, 6, 3, 2, 1, 6, 0
36093, 2, 1, 1, 0, 1, 1
36094, 23, 1, 1, 0, 23, 0
36095, 8, 2, 1, 1, 6, 2
36096, 4, 3, 3, 0, 4, 0
36097, 3, 1, 1, 0, 3, 0
36098, 4, 10, 9, 1, 4, 0
2448, 0, 23, 6, 17, 0, 0
3200, 0, 56, 46, 10, 0, 0
4583, 10, 19, 14, 5, 10, 0
4590, 0, 64, 26, 38, 0, 0
4644, 25, 9, 7, 2, 23, 2
5772, 17, 82, 30, 52, 11, 6
5876, 24, 20, 13, 7, 1, 23
6701, 3, 32, 31, 1, 3, 0
7309, 11, 40, 5, 35, 4, 7
7458, 0, 25, 9, 16, 0, 0
7915, 69, 28, 24, 4, 69, 0
7971, 13, 14, 10, 4, 10, 3
7981, 12, 25, 22, 3, 11, 1
8027, 2, 12, 12, 0, 2, 0
8257, 0, 13, 10, 3, 0, 0
8276, 0, 19, 18, 1, 0, 0
8757, 0, 11, 6, 5, 0, 0
9316, 8, 8, 7, 1, 6, 2
10842, 0, 7, 4, 3, 0, 0
11288, 0, 24, 18, 6, 0, 0
11320, 28, 16, 7, 9, 9, 19
11365, 119, 44, 31, 13, 115, 4
11504, 0, 47, 22, 25, 0, 0
11654, 6, 7, 3, 4, 3, 3
13989, 13, 18, 13, 5, 13, 0
14445, 3, 12, 9, 3, 3, 0
14556, 0, 8, 7, 1, 0, 0
14716, 32, 25, 12, 13, 14, 18
14851, 0, 21, 18, 3, 0, 0
15122, 0, 10, 8, 2, 0, 0
15425, 15, 29, 20, 9, 14, 1
15568, 0, 37, 24, 13, 0, 0
16460, 0, 20, 15, 5, 0, 0
16796, 1, 11, 8, 3, 1, 0
17885, 34, 31, 22, 9, 14, 20
19173, 0, 3, 2, 1, 0, 0
19524, 2, 14, 9, 5, 0, 2
20245, 5, 13, 5, 8, 5, 0
20415, 0, 7, 3, 4, 0, 0
20417, 8, 7, 5, 2, 4, 4
20419, 1, 2, 1, 1, 0, 1
20421, 5, 10, 8, 2, 4, 1
20422, 8, 1, 1, 0, 8, 0
20423, 18, 14, 8, 6, 15, 3
20424, 0, 4, 4, 0, 0, 0
20425, 9, 4, 3, 1, 7, 2
20426, 0, 2, 2, 0, 0, 0
20427, 0, 2, 1, 1, 0, 0
20429, 24, 3, 3, 0, 19, 5
20430, 2, 3, 2, 1, 0, 2
20431, 10, 12, 11, 1, 9, 1
20432, 2, 8, 4, 4, 1, 1
20433, 0, 5, 2, 3, 0, 0
20435, 3, 10, 7, 3, 3, 0
20436, 0, 2, 1, 1, 0, 0
20437, 13, 3, 1, 2, 9, 4
20438, 0, 2, 1, 1, 0, 0
20439, 0, 9, 6, 3, 0, 0
20440, 0, 3, 0, 3, 0, 0
20441, 5, 2, 1, 1, 5, 0
20442, 0, 5, 4, 1, 0, 0
20443, 6, 17, 11, 6, 6, 0
20445, 10, 9, 4, 5, 8, 2
20446, 2, 8, 7, 1, 2, 0
20448, 0, 7, 4, 3, 0, 0
20449, 0, 1, 0, 1, 0, 0
20450, 1, 8, 5, 3, 0, 1
20451, 1, 2, 1, 1, 1, 0
20452, 0, 4, 3, 1, 0, 0
20453, 2, 3, 2, 1, 2, 0
20454, 1, 4, 2, 2, 0, 1
20455, 0, 2, 1, 1, 0, 0
20457, 1, 6, 4, 2, 1, 0
20458, 1, 6, 5, 1, 1, 0
20459, 0, 9, 3, 6, 0, 0
6793, 14, 37, 14, 23, 13, 1
23980, 0, 5, 0, 5, 0, 0
2262, 0, 24, 15, 9, 0, 0
2263, 0, 22, 22, 0, 0, 0
3096, 0, 30, 25, 5, 0, 0
3258, 2, 13, 12, 1, 2, 0
3333, 0, 26, 17, 9, 0, 0
3355, 27, 54, 41, 13, 22, 5
3495, 104, 41, 31, 10, 103, 1
3539, 8, 73, 67, 6, 7, 1
3738, 44, 27, 18, 9, 30, 14
3793, 11, 13, 13, 0, 10, 1
4940, 0, 19, 16, 3, 0, 0
5596, 0, 9, 7, 2, 0, 0
5796, 0, 14, 12, 2, 0, 0
6599, 46, 26, 21, 5, 35, 11
6767, 26, 9, 6, 3, 8, 18
6870, 38, 48, 42, 6, 37, 1
6959, 8, 88, 58, 30, 0, 8
7072, 26, 34, 29, 5, 23, 3
7122, 8, 46, 42, 4, 3, 5
7340, 0, 10, 9, 1, 0, 0
7445, 16, 18, 18, 0, 15, 1
9328, 5, 28, 25, 3, 5, 0
9856, 7, 17, 16, 1, 7, 0
10391, 3, 10, 10, 0, 3, 0
10636, 7, 18, 15, 3, 7, 0
10680, 8, 4, 2, 2, 6, 2
10681, 0, 6, 6, 0, 0, 0
10682, 12, 1, 1, 0, 10, 2
10683, 0, 2, 1, 1, 0, 0
10684, 3, 3, 2, 1, 3, 0
10685, 57, 35, 32, 3, 57, 0
10686, 1, 5, 5, 0, 1, 0
10688, 0, 2, 2, 0, 0, 0
10689, 3, 6, 5, 1, 0, 3
10690, 11, 13, 11, 2, 11, 0
10691, 0, 1, 1, 0, 0, 0
10692, 3, 2, 2, 0, 3, 0
10693, 0, 22, 22, 0, 0, 0
10694, 0, 1, 1, 0, 0, 0
10696, 0, 2, 2, 0, 0, 0
10698, 42, 13, 10, 3, 42, 0
10699, 50, 31, 28, 3, 50, 0
10700, 5, 6, 4, 2, 5, 0
10701, 5, 4, 4, 0, 5, 0
10702, 0, 28, 27, 1, 0, 0
10703, 0, 1, 1, 0, 0, 0
10704, 0, 18, 15, 3, 0, 0
10705, 0, 18, 13, 5, 0, 0
10707, 3, 21, 17, 4, 3, 0
10708, 3, 18, 15, 3, 2, 1
10709, 0, 13, 8, 5, 0, 0
10710, 30, 17, 16, 1, 22, 8
10711, 0, 1, 1, 0, 0, 0
10712, 1, 1, 1, 0, 1, 0
10713, 0, 3, 2, 1, 0, 0
10714, 9, 5, 4, 1, 8, 1
10715, 1, 19, 15, 4, 1, 0
10716, 0, 6, 6, 0, 0, 0
10717, 0, 3, 3, 0, 0, 0
10718, 5, 18, 8, 10, 1, 4
10719, 3, 10, 6, 4, 2, 1
10723, 0, 4, 4, 0, 0, 0
10724, 0, 6, 6, 0, 0, 0
10725, 0, 4, 3, 1, 0, 0
10726, 3, 11, 8, 3, 2, 1
10727, 0, 9, 8, 1, 0, 0
10728, 0, 14, 13, 1, 0, 0
10730, 0, 19, 17, 2, 0, 0
10731, 0, 1, 1, 0, 0, 0
10732, 2, 2, 2, 0, 2, 0
10733, 22, 28, 20, 8, 10, 12
10734, 0, 19, 16, 3, 0, 0
10735, 0, 2, 1, 1, 0, 0
10736, 0, 1, 1, 0, 0, 0
10737, 0, 12, 10, 2, 0, 0
10739, 0, 15, 9, 6, 0, 0
10740, 0, 3, 3, 0, 0, 0
10741, 0, 29, 28, 1, 0, 0
10742, 0, 8, 8, 0, 0, 0
10744, 0, 7, 6, 1, 0, 0
10745, 0, 1, 1, 0, 0, 0
10748, 1, 2, 1, 1, 1, 0
10749, 1, 3, 3, 0, 1, 0
10750, 0, 7, 7, 0, 0, 0
10751, 13, 4, 4, 0, 12, 1
10752, 0, 1, 1, 0, 0, 0
10753, 8, 18, 14, 4, 8, 0
10754, 15, 10, 7, 3, 14, 1
10756, 14, 3, 2, 1, 0, 14
10758, 52, 15, 4, 11, 20, 32
10759, 3, 4, 3, 1, 3, 0
10760, 1, 20, 4, 16, 1, 0
10761, 5, 15, 9, 6, 5, 0
10764, 0, 1, 0, 1, 0, 0
10765, 0, 3, 0, 3, 0, 0
10766, 0, 6, 3, 3, 0, 0
10767, 36, 21, 13, 8, 25, 11
36099, 0, 1, 1, 0, 0, 0
3440, 20, 15, 12, 3, 17, 3
3933, 49, 53, 46, 7, 49, 0
4082, 52, 10, 7, 3, 44, 8
5927, 128, 32, 28, 4, 83, 45
9313, 20, 26, 26, 0, 20, 0
11270, 2, 31, 31, 0, 2, 0
18796, 4, 8, 6, 2, 2, 2
19551, 0, 15, 15, 0, 0, 0
27030, 4, 4, 4, 0, 3, 1
36100, 20, 5, 4, 1, 6, 14
36101, 8, 4, 2, 2, 8, 0
36102, 0, 3, 3, 0, 0, 0
36103, 5, 4, 4, 0, 4, 1
1716, 0, 7, 6, 1, 0, 0
1778, 0, 46, 46, 0, 0, 0
6749, 0, 15, 4, 11, 0, 0
7804, 21, 28, 23, 5, 21, 0
9350, 0, 27, 27, 0, 0, 0
9355, 0, 6, 5, 1, 0, 0
9356, 95, 28, 25, 3, 92, 3
9358, 0, 3, 1, 2, 0, 0
9360, 3, 3, 1, 2, 2, 1
9362, 1, 6, 3, 3, 1, 0
9364, 1, 28, 16, 12, 1, 0
14715, 0, 9, 6, 3, 0, 0
36104, 0, 3, 3, 0, 0, 0
36105, 0, 6, 5, 1, 0, 0
3181, 1, 16, 14, 2, 1, 0
5715, 52, 60, 50, 10, 42, 10
7039, 202, 52, 37, 15, 129, 73
7435, 0, 16, 10, 6, 0, 0
7984, 0, 52, 41, 11, 0, 0
9392, 0, 3, 3, 0, 0, 0
17607, 0, 10, 10, 0, 0, 0
17812, 0, 9, 9, 0, 0, 0
36106, 0, 15, 15, 0, 0, 0
36107, 1, 1, 1, 0, 1, 0
1734, 0, 80, 36, 44, 0, 0
4491, 0, 108, 28, 80, 0, 0
5472, 22, 23, 14, 9, 20, 2
6175, 4, 114, 105, 9, 2, 2
11308, 6, 19, 6, 13, 3, 3
13165, 0, 26, 26, 0, 0, 0
14457, 2, 1, 0, 1, 2, 0
19918, 0, 6, 2, 4, 0, 0
26108, 3, 27, 7, 20, 3, 0
36108, 3, 3, 3, 0, 2, 1
36109, 0, 1, 0, 1, 0, 0
36110, 0, 3, 2, 1, 0, 0
36111, 4, 5, 4, 1, 3, 1
12372, 0, 10, 10, 0, 0, 0
12870, 1, 6, 6, 0, 1, 0
12873, 0, 4, 4, 0, 0, 0
1750, 23, 54, 30, 24, 15, 8
2000, 2, 9, 8, 1, 2, 0
3150, 0, 8, 6, 2, 0, 0
3387, 6, 32, 31, 1, 5, 1
3426, 69, 25, 23, 2, 69, 0
3923, 80, 69, 54, 15, 80, 0
4282, 0, 20, 0, 20, 0, 0
4568, 10, 39, 24, 15, 10, 0
4798, 42, 70, 49, 21, 38, 4
4980, 14, 19, 14, 5, 13, 1
5560, 12, 6, 6, 0, 10, 2
5737, 0, 8, 6, 2, 0, 0
7223, 1, 18, 10, 8, 1, 0
8498, 0, 9, 6, 3, 0, 0
8524, 2, 38, 27, 11, 2, 0
8646, 52, 48, 40, 8, 43, 9
9156, 0, 35, 34, 1, 0, 0
10325, 0, 8, 8, 0, 0, 0
11131, 4, 64, 52, 12, 4, 0
12348, 6, 11, 9, 2, 6, 0
13224, 1, 24, 14, 10, 0, 1
14202, 4, 18, 16, 2, 4, 0
15784, 0, 8, 7, 1, 0, 0
16496, 0, 3, 3, 0, 0, 0
16556, 0, 3, 3, 0, 0, 0
17120, 0, 8, 5, 3, 0, 0
17879, 8, 28, 27, 1, 8, 0
18229, 2, 5, 4, 1, 2, 0
18990, 0, 2, 2, 0, 0, 0
19069, 7, 8, 4, 4, 4, 3
23306, 0, 21, 10, 11, 0, 0
23761, 0, 13, 5, 8, 0, 0
26149, 117, 10, 9, 1, 109, 8
27298, 9, 10, 9, 1, 8, 1
31567, 0, 3, 3, 0, 0, 0
33678, 1, 11, 7, 4, 1, 0
36112, 0, 2, 2, 0, 0, 0
36113, 0, 1, 1, 0, 0, 0
36114, 0, 1, 1, 0, 0, 0
36115, 3, 1, 1, 0, 3, 0
36116, 0, 3, 2, 1, 0, 0
36117, 6, 5, 5, 0, 6, 0
36118, 12, 9, 8, 1, 12, 0
36119, 0, 1, 1, 0, 0, 0
36120, 0, 4, 3, 1, 0, 0
36121, 2, 4, 2, 2, 2, 0
36122, 0, 2, 2, 0, 0, 0
36123, 25, 7, 5, 2, 15, 10
36124, 1, 2, 2, 0, 1, 0
36125, 0, 1, 1, 0, 0, 0
36126, 1, 4, 4, 0, 0, 1
36127, 2, 3, 1, 2, 2, 0
36128, 20, 5, 3, 2, 17, 3
36129, 0, 3, 1, 2, 0, 0
36130, 0, 3, 2, 1, 0, 0
36131, 1, 1, 0, 1, 0, 1
36132, 8, 3, 0, 3, 6, 2
4383, 12, 23, 23, 0, 12, 0
7544, 3, 1, 1, 0, 3, 0
7546, 2, 3, 3, 0, 2, 0
7547, 5, 9, 9, 0, 5, 0
7548, 11, 6, 5, 1, 9, 2
7549, 0, 12, 12, 0, 0, 0
7550, 98, 13, 12, 1, 42, 56
1508, 7, 17, 16, 1, 7, 0
2960, 102, 10, 10, 0, 84, 18
3557, 58, 12, 12, 0, 56, 2
4883, 130, 41, 38, 3, 95, 35
5668, 68, 4, 4, 0, 65, 3
6214, 35, 14, 10, 4, 35, 0
6301, 68, 27, 19, 8, 49, 19
6386, 12, 32, 24, 8, 12, 0
6856, 36, 8, 6, 2, 34, 2
7137, 25, 3, 3, 0, 25, 0
7437, 84, 22, 20, 2, 84, 0
8107, 14, 3, 3, 0, 13, 1
8163, 195, 15, 14, 1, 195, 0
8173, 58, 6, 5, 1, 57, 1
8663, 104, 7, 5, 2, 103, 1
9498, 28, 11, 9, 2, 24, 4
9519, 54, 11, 11, 0, 52, 2
10014, 35, 18, 15, 3, 29, 6
10028, 197, 14, 12, 2, 195, 2
10332, 202, 48, 35, 13, 181, 21
10457, 201, 29, 23, 6, 201, 0
10625, 45, 5, 5, 0, 44, 1
11898, 6, 11, 4, 7, 4, 2
12305, 53, 4, 4, 0, 20, 33
13437, 203, 9, 9, 0, 195, 8
13584, 6, 5, 3, 2, 6, 0
14447, 81, 8, 4, 4, 45, 36
14732, 21, 3, 3, 0, 21, 0
14831, 39, 6, 6, 0, 39, 0
15370, 72, 24, 23, 1, 71, 1
15405, 19, 29, 23, 6, 19, 0
15885, 88, 5, 4, 1, 67, 21
16405, 125, 25, 24, 1, 125, 0
16415, 116, 20, 20, 0, 116, 0
16535, 100, 15, 13, 2, 92, 8
17480, 26, 2, 2, 0, 26, 0
18386, 1, 19, 16, 3, 1, 0
20354, 40, 2, 2, 0, 40, 0
20687, 8, 5, 3, 2, 8, 0
20700, 62, 7, 5, 2, 44, 18
21299, 143, 16, 14, 2, 140, 3
22037, 16, 5, 5, 0, 16, 0
24090, 34, 1, 1, 0, 26, 8
24151, 153, 18, 18, 0, 153, 0
24400, 74, 2, 1, 1, 65, 9
24401, 72, 17, 15, 2, 61, 11
24782, 24, 4, 2, 2, 24, 0
25029, 202, 9, 7, 2, 83, 119
25492, 174, 15, 12, 3, 64, 110
26066, 57, 5, 2, 3, 38, 19
27674, 147, 6, 6, 0, 135, 12
27685, 0, 4, 4, 0, 0, 0
29353, 17, 1, 1, 0, 16, 1
30262, 50, 3, 3, 0, 37, 13
33540, 58, 5, 5, 0, 58, 0
33727, 14, 4, 2, 2, 10, 4
33884, 23, 1, 1, 0, 23, 0
35354, 1, 3, 2, 1, 1, 0
36133, 10, 1, 1, 0, 10, 0
36134, 7, 3, 3, 0, 7, 0
36135, 9, 2, 2, 0, 9, 0
36136, 11, 2, 2, 0, 7, 4
36137, 1, 1, 1, 0, 1, 0
36138, 24, 2, 2, 0, 24, 0
36139, 27, 1, 1, 0, 23, 4
36140, 6, 1, 1, 0, 6, 0
36141, 11, 2, 2, 0, 5, 6
36142, 17, 3, 3, 0, 17, 0
36143, 12, 2, 2, 0, 12, 0
36144, 4, 1, 1, 0, 4, 0
36145, 32, 2, 2, 0, 32, 0
36146, 6, 1, 1, 0, 5, 1
36147, 8, 1, 1, 0, 7, 1
36148, 57, 1, 1, 0, 57, 0
36149, 24, 3, 3, 0, 24, 0
36150, 9, 4, 4, 0, 8, 1
36151, 22, 4, 4, 0, 20, 2
36152, 23, 1, 1, 0, 23, 0
36153, 0, 1, 1, 0, 0, 0
36154, 85, 1, 1, 0, 83, 2
36155, 9, 2, 2, 0, 9, 0
36156, 15, 2, 1, 1, 15, 0
36157, 60, 2, 2, 0, 59, 1
36158, 5, 2, 1, 1, 5, 0
36159, 15, 8, 7, 1, 13, 2
36160, 5, 3, 3, 0, 3, 2
36161, 4, 3, 2, 1, 4, 0
36162, 8, 1, 1, 0, 8, 0
36163, 4, 1, 1, 0, 4, 0
36164, 20, 2, 2, 0, 16, 4
36165, 1, 1, 1, 0, 1, 0
36166, 8, 2, 2, 0, 4, 4
36167, 11, 3, 1, 2, 11, 0
36168, 3, 1, 1, 0, 3, 0
36169, 4, 2, 2, 0, 4, 0
36170, 31, 5, 5, 0, 30, 1
36171, 11, 1, 1, 0, 11, 0
36172, 2, 1, 1, 0, 2, 0
36173, 2, 1, 1, 0, 2, 0
36174, 7, 2, 2, 0, 7, 0
36175, 11, 1, 1, 0, 8, 3
36176, 20, 1, 1, 0, 18, 2
1851, 11, 8, 5, 3, 10, 1
2266, 5, 15, 13, 2, 5, 0
2785, 128, 130, 49, 81, 45, 83
4632, 0, 16, 5, 11, 0, 0
4801, 26, 21, 16, 5, 26, 0
7037, 1, 11, 2, 9, 0, 1
7178, 0, 3, 1, 2, 0, 0
8015, 4, 17, 10, 7, 0, 4
8129, 83, 21, 16, 5, 83, 0
8700, 38, 9, 6, 3, 20, 18
10065, 5, 26, 8, 18, 5, 0
10372, 21, 51, 23, 28, 18, 3
11572, 2, 17, 16, 1, 2, 0
11612, 0, 9, 9, 0, 0, 0
13450, 33, 26, 24, 2, 24, 9
13514, 7, 20, 16, 4, 6, 1
15068, 0, 5, 1, 4, 0, 0
16111, 214, 29, 27, 2, 212, 2
17690, 0, 10, 10, 0, 0, 0
17714, 0, 5, 5, 0, 0, 0
18613, 0, 9, 9, 0, 0, 0
20661, 9, 8, 8, 0, 9, 0
24636, 0, 5, 5, 0, 0, 0
29780, 0, 6, 0, 6, 0, 0
36177, 0, 2, 1, 1, 0, 0
36178, 0, 9, 4, 5, 0, 0
36179, 0, 4, 3, 1, 0, 0
36180, 0, 1, 1, 0, 0, 0
36181, 2, 1, 1, 0, 2, 0
36182, 0, 1, 1, 0, 0, 0
36183, 6, 1, 1, 0, 3, 3
36184, 0, 3, 3, 0, 0, 0
36185, 0, 3, 3, 0, 0, 0
36186, 2, 2, 1, 1, 0, 2
36187, 1, 1, 0, 1, 1, 0
36188, 0, 1, 0, 1, 0, 0
36189, 3, 2, 0, 2, 3, 0
2076, 0, 32, 16, 16, 0, 0
31459, 1, 11, 5, 6, 1, 0
4687, 0, 45, 45, 0, 0, 0
6410, 25, 55, 52, 3, 25, 0
8497, 0, 6, 6, 0, 0, 0
36190, 1, 1, 1, 0, 1, 0
1722, 23, 18, 18, 0, 19, 4
11681, 5, 14, 14, 0, 5, 0
21754, 0, 47, 47, 0, 0, 0
36191, 16, 11, 11, 0, 13, 3
3101, 25, 29, 14, 15, 14, 11
3148, 14, 37, 34, 3, 13, 1
3434, 0, 50, 25, 25, 0, 0
3953, 0, 19, 12, 7, 0, 0
4070, 17, 12, 7, 5, 12, 5
4093, 12, 16, 14, 2, 11, 1
4516, 8, 18, 13, 5, 7, 1
4660, 0, 12, 11, 1, 0, 0
4706, 7, 46, 37, 9, 5, 2
5529, 84, 15, 6, 9, 27, 57
5921, 13, 11, 10, 1, 12, 1
6481, 10, 26, 23, 3, 8, 2
8791, 41, 64, 46, 18, 25, 16
10448, 7, 21, 15, 6, 7, 0
11420, 8, 4, 1, 3, 0, 8
12334, 20, 27, 20, 7, 19, 1
12778, 51, 9, 8, 1, 39, 12
13311, 0, 9, 6, 3, 0, 0
14283, 2, 22, 18, 4, 2, 0
15002, 0, 19, 12, 7, 0, 0
17150, 2, 6, 6, 0, 2, 0
17970, 15, 6, 6, 0, 6, 9
21684, 8, 12, 9, 3, 8, 0
22058, 10, 9, 7, 2, 8, 2
25345, 203, 16, 10, 6, 81, 122
26760, 13, 5, 5, 0, 13, 0
27793, 4, 5, 4, 1, 2, 2
28494, 0, 3, 0, 3, 0, 0
32756, 0, 7, 2, 5, 0, 0
33471, 6, 7, 5, 2, 4, 2
36192, 1, 3, 3, 0, 0, 1
36193, 0, 3, 1, 2, 0, 0
36194, 0, 5, 5, 0, 0, 0
36195, 0, 7, 6, 1, 0, 0
36196, 2, 7, 7, 0, 2, 0
36197, 62, 4, 4, 0, 33, 29
36198, 3, 3, 2, 1, 3, 0
36199, 2, 1, 1, 0, 2, 0
36200, 1, 3, 2, 1, 1, 0
36201, 4, 4, 4, 0, 3, 1
36202, 0, 1, 1, 0, 0, 0
36203, 10, 3, 3, 0, 9, 1
36204, 3, 4, 4, 0, 3, 0
36205, 0, 1, 1, 0, 0, 0
36206, 1, 1, 1, 0, 1, 0
36207, 1, 8, 8, 0, 0, 1
36208, 2, 1, 1, 0, 2, 0
36209, 0, 1, 1, 0, 0, 0
36210, 6, 14, 13, 1, 4, 2
36211, 0, 1, 0, 1, 0, 0
36212, 5, 1, 0, 1, 1, 4
36213, 0, 1, 0, 1, 0, 0
3767, 8, 16, 16, 0, 8, 0
5567, 4, 67, 65, 2, 4, 0
36214, 0, 1, 1, 0, 0, 0
36215, 0, 6, 6, 0, 0, 0
9011, 15, 10, 6, 4, 12, 3
1759, 0, 12, 4, 8, 0, 0
1765, 1, 26, 15, 11, 0, 1
2025, 6, 10, 6, 4, 5, 1
2064, 0, 8, 2, 6, 0, 0
2385, 5, 3, 2, 1, 3, 2
2790, 101, 53, 40, 13, 24, 77
2818, 1, 91, 67, 24, 1, 0
3774, 0, 15, 14, 1, 0, 0
3802, 7, 83, 70, 13, 7, 0
4425, 32, 23, 23, 0, 24, 8
4489, 0, 22, 10, 12, 0, 0
4698, 203, 17, 17, 0, 197, 6
4757, 34, 71, 53, 18, 34, 0
5074, 11, 9, 7, 2, 9, 2
5504, 0, 3, 3, 0, 0, 0
5532, 113, 37, 34, 3, 113, 0
5769, 5, 5, 1, 4, 5, 0
5866, 1, 29, 24, 5, 1, 0
5875, 18, 45, 35, 10, 15, 3
7163, 128, 45, 39, 6, 102, 26
7179, 1, 4, 4, 0, 0, 1
7182, 53, 17, 16, 1, 47, 6
7385, 4, 70, 65, 5, 4, 0
7391, 9, 12, 10, 2, 9, 0
7425, 0, 9, 9, 0, 0, 0
7440, 0, 96, 74, 22, 0, 0
7466, 64, 29, 27, 2, 63, 1
7744, 20, 7, 5, 2, 16, 4
10133, 2, 34, 33, 1, 2, 0
10158, 0, 4, 2, 2, 0, 0
10351, 4, 11, 11, 0, 4, 0
10574, 0, 7, 7, 0, 0, 0
10786, 0, 16, 13, 3, 0, 0
11381, 87, 62, 51, 11, 35, 52
12595, 52, 40, 23, 17, 50, 2
13535, 0, 31, 10, 21, 0, 0
13966, 21, 32, 26, 6, 16, 5
13979, 7, 10, 9, 1, 6, 1
14265, 2, 7, 7, 0, 2, 0
14608, 0, 6, 0, 6, 0, 0
14723, 1, 46, 36, 10, 0, 1
15410, 0, 7, 6, 1, 0, 0
15464, 10, 15, 10, 5, 0, 10
16411, 5, 6, 6, 0, 5, 0
17131, 0, 15, 14, 1, 0, 0
17457, 7, 14, 10, 4, 4, 3
17587, 3, 30, 16, 14, 0, 3
18555, 20, 22, 13, 9, 18, 2
19073, 5, 38, 16, 22, 4, 1
19075, 8, 4, 1, 3, 7, 1
19305, 2, 20, 11, 9, 0, 2
19342, 34, 6, 6, 0, 33, 1
19560, 0, 3, 1, 2, 0, 0
19561, 0, 2, 1, 1, 0, 0
19562, 20, 2, 2, 0, 18, 2
19563, 2, 4, 4, 0, 2, 0
19564, 0, 1, 1, 0, 0, 0
19565, 0, 1, 1, 0, 0, 0
19566, 0, 2, 1, 1, 0, 0
19567, 44, 7, 7, 0, 44, 0
19569, 1, 8, 6, 2, 0, 1
19570, 0, 4, 4, 0, 0, 0
19571, 1, 2, 2, 0, 0, 1
19572, 0, 1, 1, 0, 0, 0
19573, 3, 6, 5, 1, 3, 0
19574, 79, 10, 7, 3, 34, 45
19575, 9, 10, 10, 0, 9, 0
19576, 0, 1, 1, 0, 0, 0
19577, 1, 13, 8, 5, 0, 1
19578, 4, 2, 2, 0, 4, 0
19579, 5, 4, 4, 0, 5, 0
19580, 100, 5, 5, 0, 89, 11
19581, 2, 10, 9, 1, 2, 0
19582, 0, 9, 4, 5, 0, 0
19583, 19, 7, 5, 2, 17, 2
19584, 4, 4, 3, 1, 3, 1
19585, 9, 12, 8, 4, 9, 0
19586, 0, 1, 1, 0, 0, 0
19587, 30, 25, 6, 19, 4, 26
19588, 0, 2, 2, 0, 0, 0
19589, 0, 11, 10, 1, 0, 0
19590, 13, 1, 1, 0, 13, 0
19591, 103, 7, 7, 0, 55, 48
19592, 0, 4, 2, 2, 0, 0
19593, 7, 6, 6, 0, 6, 1
19594, 0, 1, 1, 0, 0, 0
19595, 74, 14, 13, 1, 62, 12
19596, 2, 2, 1, 1, 2, 0
19597, 5, 10, 8, 2, 5, 0
19598, 3, 4, 2, 2, 2, 1
19599, 0, 7, 5, 2, 0, 0
19600, 5, 10, 8, 2, 5, 0
19601, 0, 1, 0, 1, 0, 0
19602, 0, 1, 0, 1, 0, 0
19603, 2, 2, 0, 2, 1, 1
19604, 0, 14, 13, 1, 0, 0
19605, 9, 4, 2, 2, 8, 1
19606, 0, 2, 0, 2, 0, 0
19607, 9, 3, 2, 1, 9, 0
19608, 20, 13, 10, 3, 17, 3
19609, 0, 5, 2, 3, 0, 0
19610, 2, 3, 2, 1, 2, 0
19611, 0, 1, 0, 1, 0, 0
19613, 1, 3, 1, 2, 0, 1
19614, 0, 15, 10, 5, 0, 0
19615, 1, 2, 1, 1, 0, 1
19616, 0, 2, 1, 1, 0, 0
19617, 0, 2, 1, 1, 0, 0
19618, 0, 6, 0, 6, 0, 0
3475, 0, 12, 7, 5, 0, 0
4076, 0, 17, 14, 3, 0, 0
11658, 8, 21, 16, 5, 8, 0
11836, 18, 33, 27, 6, 16, 2
13513, 62, 30, 28, 2, 26, 36
15726, 19, 15, 11, 4, 19, 0
16109, 0, 8, 8, 0, 0, 0
16113, 1, 10, 10, 0, 1, 0
16114, 1, 1, 1, 0, 1, 0
16115, 0, 2, 1, 1, 0, 0
16116, 0, 3, 1, 2, 0, 0
16117, 5, 2, 2, 0, 5, 0
16118, 0, 2, 2, 0, 0, 0
16120, 13, 5, 2, 3, 7, 6
7228, 24, 16, 11, 5, 6, 18
36216, 1, 2, 2, 0, 1, 0
36217, 0, 2, 2, 0, 0, 0
36218, 17, 5, 5, 0, 10, 7
36219, 1, 10, 4, 6, 0, 1
36220, 0, 5, 2, 3, 0, 0
7918, 6, 31, 25, 6, 6, 0
24598, 5, 10, 10, 0, 5, 0
36221, 3, 2, 2, 0, 3, 0
36222, 0, 3, 3, 0, 0, 0
4345, 10, 17, 17, 0, 10, 0
5880, 136, 80, 78, 2, 136, 0
19762, 12, 9, 9, 0, 12, 0
19801, 0, 5, 0, 5, 0, 0
24658, 12, 14, 12, 2, 11, 1
36223, 0, 6, 6, 0, 0, 0
36224, 0, 12, 8, 4, 0, 0
2951, 174, 60, 53, 7, 77, 97
3591, 123, 9, 9, 0, 97, 26
4026, 19, 14, 11, 3, 19, 0
4039, 23, 16, 11, 5, 23, 0
4847, 29, 14, 8, 6, 10, 19
4912, 14, 15, 9, 6, 5, 9
5083, 1, 95, 61, 34, 1, 0
5093, 201, 13, 11, 2, 192, 9
5414, 1, 18, 16, 2, 0, 1
6078, 21, 53, 29, 24, 7, 14
6220, 2, 7, 7, 0, 1, 1
6327, 1, 41, 32, 9, 1, 0
6350, 102, 26, 25, 1, 100, 2
6579, 0, 8, 3, 5, 0, 0
6878, 8, 13, 8, 5, 8, 0
7364, 0, 24, 17, 7, 0, 0
7378, 8, 26, 25, 1, 8, 0
7408, 2, 38, 33, 5, 2, 0
7825, 40, 5, 5, 0, 40, 0
7831, 35, 9, 9, 0, 25, 10
7992, 91, 5, 5, 0, 79, 12
8136, 109, 33, 30, 3, 103, 6
8174, 56, 37, 24, 13, 38, 18
8303, 4, 10, 8, 2, 4, 0
9243, 1, 24, 17, 7, 1, 0
9456, 42, 20, 11, 9, 39, 3
9524, 74, 27, 17, 10, 55, 19
9541, 16, 33, 25, 8, 16, 0
9650, 43, 57, 15, 42, 42, 1
11667, 51, 2, 2, 0, 45, 6
12184, 1, 33, 17, 16, 0, 1
12306, 59, 5, 5, 0, 43, 16
12507, 6, 4, 4, 0, 6, 0
12959, 86, 10, 10, 0, 86, 0
12976, 7, 4, 4, 0, 7, 0
13082, 0, 21, 18, 3, 0, 0
13810, 6, 6, 5, 1, 5, 1
15277, 35, 8, 6, 2, 33, 2
15934, 147, 5, 5, 0, 147, 0
16232, 6, 54, 40, 14, 6, 0
16570, 1, 15, 13, 2, 1, 0
17233, 35, 6, 3, 3, 24, 11
18024, 1, 29, 26, 3, 1, 0
18285, 0, 18, 18, 0, 0, 0
18955, 6, 6, 5, 1, 5, 1
19472, 61, 4, 3, 1, 47, 14
20877, 4, 5, 5, 0, 4, 0
22113, 48, 14, 10, 4, 45, 3
22823, 0, 3, 3, 0, 0, 0
23618, 68, 12, 10, 2, 49, 19
24250, 0, 3, 3, 0, 0, 0
24749, 0, 5, 2, 3, 0, 0
25990, 22, 3, 3, 0, 19, 3
26355, 42, 5, 5, 0, 42, 0
26856, 0, 9, 8, 1, 0, 0
27186, 5, 18, 14, 4, 5, 0
27548, 0, 23, 20, 3, 0, 0
27801, 6, 4, 3, 1, 5, 1
28085, 141, 7, 7, 0, 136, 5
29165, 202, 6, 6, 0, 202, 0
29224, 166, 4, 4, 0, 166, 0
29526, 2, 25, 16, 9, 2, 0
30200, 0, 5, 3, 2, 0, 0
30782, 39, 3, 3, 0, 38, 1
32544, 0, 9, 4, 5, 0, 0
33081, 0, 3, 3, 0, 0, 0
35133, 18, 7, 5, 2, 17, 1
36225, 2, 1, 1, 0, 2, 0
36226, 2, 3, 3, 0, 2, 0
36227, 0, 1, 1, 0, 0, 0
36228, 0, 1, 1, 0, 0, 0
36229, 87, 4, 4, 0, 69, 18
36230, 196, 4, 3, 1, 126, 70
36231, 4, 5, 4, 1, 4, 0
36232, 0, 2, 2, 0, 0, 0
36233, 10, 5, 5, 0, 10, 0
36234, 0, 1, 1, 0, 0, 0
36235, 4, 8, 2, 6, 4, 0
36236, 0, 4, 4, 0, 0, 0
36237, 0, 2, 1, 1, 0, 0
36238, 0, 1, 1, 0, 0, 0
36239, 64, 4, 4, 0, 64, 0
36240, 10, 3, 3, 0, 10, 0
36241, 0, 1, 1, 0, 0, 0
36242, 59, 4, 4, 0, 48, 11
36243, 1, 2, 1, 1, 0, 1
36244, 0, 1, 1, 0, 0, 0
36245, 19, 3, 3, 0, 16, 3
36246, 0, 7, 4, 3, 0, 0
36247, 18, 1, 1, 0, 17, 1
36248, 0, 1, 1, 0, 0, 0
36249, 0, 2, 2, 0, 0, 0
36250, 0, 3, 2, 1, 0, 0
36251, 1, 1, 1, 0, 1, 0
36252, 30, 1, 1, 0, 30, 0
4046, 0, 11, 10, 1, 0, 0
10252, 0, 12, 12, 0, 0, 0
12002, 8, 20, 11, 9, 8, 0
13640, 2, 9, 6, 3, 1, 1
16129, 7, 29, 26, 3, 7, 0
19129, 10, 9, 8, 1, 10, 0
21814, 36, 6, 5, 1, 36, 0
22134, 58, 3, 2, 1, 45, 13
23369, 9, 16, 16, 0, 9, 0
28383, 0, 11, 9, 2, 0, 0
31412, 3, 4, 4, 0, 2, 1
36253, 3, 6, 1, 5, 1, 2
36254, 0, 1, 1, 0, 0, 0
36255, 1, 2, 1, 1, 1, 0
36256, 6, 4, 3, 1, 6, 0
36257, 0, 1, 1, 0, 0, 0
36258, 0, 8, 7, 1, 0, 0
36259, 0, 1, 1, 0, 0, 0
3411, 10, 16, 10, 6, 9, 1
4830, 3, 3, 2, 1, 1, 2
4831, 3, 4, 3, 1, 3, 0
4834, 22, 17, 15, 2, 20, 2
4835, 2, 2, 2, 0, 2, 0
4836, 8, 23, 15, 8, 7, 1
4837, 0, 2, 2, 0, 0, 0
4839, 2, 51, 35, 16, 2, 0
1647, 42, 33, 25, 8, 35, 7
3723, 13, 16, 15, 1, 11, 2
4651, 1, 7, 7, 0, 1, 0
5700, 7, 7, 7, 0, 7, 0
5947, 8, 43, 33, 10, 7, 1
8633, 106, 32, 24, 8, 78, 28
12114, 4, 5, 3, 2, 4, 0
12986, 5, 3, 3, 0, 5, 0
13115, 21, 7, 6, 1, 4, 17
13932, 2, 6, 6, 0, 2, 0
14500, 26, 9, 7, 2, 22, 4
15768, 0, 27, 17, 10, 0, 0
16649, 0, 47, 40, 7, 0, 0
19283, 39, 16, 14, 2, 39, 0
21871, 18, 18, 16, 2, 16, 2
22144, 7, 29, 23, 6, 7, 0
36260, 0, 1, 1, 0, 0, 0
36261, 3, 3, 3, 0, 2, 1
36262, 0, 1, 1, 0, 0, 0
36263, 0, 2, 2, 0, 0, 0
36264, 0, 7, 5, 2, 0, 0
36265, 0, 8, 7, 1, 0, 0
36266, 0, 2, 1, 1, 0, 0
36267, 0, 1, 1, 0, 0, 0
1768, 0, 43, 38, 5, 0, 0
2269, 21, 24, 23, 1, 20, 1
2270, 2, 16, 16, 0, 2, 0
2315, 1, 15, 15, 0, 1, 0
2366, 1, 26, 26, 0, 1, 0
3117, 8, 37, 29, 8, 8, 0
3226, 4, 9, 8, 1, 2, 2
3308, 14, 20, 18, 2, 4, 10
3329, 11, 20, 20, 0, 11, 0
3345, 0, 63, 58, 5, 0, 0
3575, 0, 22, 16, 6, 0, 0
3602, 0, 14, 9, 5, 0, 0
4279, 0, 25, 23, 2, 0, 0
4913, 16, 21, 18, 3, 14, 2
5024, 1, 23, 20, 3, 0, 1
5098, 71, 29, 23, 6, 68, 3
5428, 1, 51, 48, 3, 1, 0
5610, 1, 25, 25, 0, 1, 0
5621, 2, 40, 32, 8, 2, 0
5624, 0, 5, 3, 2, 0, 0
5644, 0, 8, 8, 0, 0, 0
5744, 0, 12, 11, 1, 0, 0
6232, 10, 15, 15, 0, 10, 0
6416, 0, 21, 21, 0, 0, 0
6449, 2, 31, 30, 1, 2, 0
6517, 0, 14, 13, 1, 0, 0
6543, 25, 43, 37, 6, 16, 9
6645, 11, 50, 28, 22, 4, 7
6924, 3, 27, 25, 2, 3, 0
7047, 15, 27, 24, 3, 5, 10
7140, 40, 11, 8, 3, 34, 6
7428, 2, 24, 21, 3, 2, 0
7443, 15, 41, 38, 3, 12, 3
7766, 9, 15, 15, 0, 9, 0
8075, 6, 28, 26, 2, 4, 2
8655, 0, 3, 2, 1, 0, 0
9032, 4, 8, 7, 1, 4, 0
9113, 0, 36, 30, 6, 0, 0
9407, 46, 25, 22, 3, 46, 0
9418, 47, 82, 76, 6, 34, 13
9493, 0, 16, 15, 1, 0, 0
9623, 11, 13, 9, 4, 11, 0
9880, 0, 23, 20, 3, 0, 0
10018, 0, 21, 20, 1, 0, 0
11568, 11, 23, 21, 2, 10, 1
11591, 2, 11, 11, 0, 2, 0
11903, 0, 24, 19, 5, 0, 0
11959, 0, 14, 10, 4, 0, 0
12385, 7, 39, 29, 10, 7, 0
12754, 5, 14, 13, 1, 5, 0
12871, 11, 20, 20, 0, 11, 0
13291, 2, 6, 6, 0, 2, 0
13300, 39, 37, 34, 3, 38, 1
13308, 2, 6, 5, 1, 2, 0
13604, 57, 5, 5, 0, 56, 1
13950, 2, 9, 7, 2, 1, 1
14234, 2, 18, 17, 1, 2, 0
14306, 0, 29, 24, 5, 0, 0
14542, 5, 21, 19, 2, 4, 1
14845, 5, 35, 35, 0, 5, 0
15035, 66, 34, 34, 0, 66, 0
15420, 3, 13, 11, 2, 3, 0
15597, 0, 80, 73, 7, 0, 0
15733, 0, 47, 41, 6, 0, 0
16013, 9, 9, 6, 3, 6, 3
16310, 3, 23, 17, 6, 3, 0
16429, 0, 26, 25, 1, 0, 0
16523, 42, 14, 10, 4, 30, 12
16982, 0, 7, 6, 1, 0, 0
17040, 0, 9, 9, 0, 0, 0
17049, 3, 12, 11, 1, 3, 0
17478, 0, 16, 14, 2, 0, 0
17589, 7, 12, 12, 0, 4, 3
17602, 2, 10, 10, 0, 2, 0
18257, 9, 11, 11, 0, 9, 0
18324, 0, 24, 21, 3, 0, 0
18341, 12, 14, 13, 1, 12, 0
18363, 9, 18, 12, 6, 8, 1
18469, 5, 14, 14, 0, 5, 0
18531, 0, 8, 7, 1, 0, 0
18994, 2, 12, 4, 8, 2, 0
19154, 20, 13, 9, 4, 17, 3
19165, 0, 37, 32, 5, 0, 0
19279, 15, 8, 8, 0, 15, 0
19314, 12, 11, 9, 2, 11, 1
20029, 0, 5, 5, 0, 0, 0
20031, 2, 16, 10, 6, 2, 0
20041, 3, 15, 13, 2, 3, 0
20608, 0, 10, 9, 1, 0, 0
20739, 15, 5, 5, 0, 13, 2
21218, 7, 11, 11, 0, 6, 1
22391, 0, 5, 5, 0, 0, 0
22657, 0, 7, 6, 1, 0, 0
23146, 0, 21, 21, 0, 0, 0
23300, 5, 10, 10, 0, 5, 0
23642, 2, 8, 7, 1, 2, 0
25340, 0, 4, 4, 0, 0, 0
25350, 0, 13, 12, 1, 0, 0
26159, 0, 7, 5, 2, 0, 0
26978, 1, 14, 11, 3, 1, 0
27238, 0, 11, 9, 2, 0, 0
27454, 4, 33, 32, 1, 4, 0
27771, 4, 7, 7, 0, 4, 0
28411, 12, 7, 7, 0, 11, 1
30813, 7, 12, 12, 0, 6, 1
34487, 12, 10, 6, 4, 6, 6
34534, 0, 19, 18, 1, 0, 0
34863, 17, 14, 14, 0, 17, 0
36268, 7, 3, 2, 1, 6, 1
36269, 15, 2, 2, 0, 15, 0
36270, 0, 3, 3, 0, 0, 0
36271, 0, 4, 2, 2, 0, 0
36272, 0, 1, 1, 0, 0, 0
36273, 2, 1, 1, 0, 2, 0
36274, 0, 3, 3, 0, 0, 0
36275, 0, 10, 7, 3, 0, 0
36276, 0, 6, 6, 0, 0, 0
36277, 0, 3, 3, 0, 0, 0
36278, 8, 3, 2, 1, 8, 0
36279, 11, 2, 2, 0, 11, 0
36280, 4, 1, 1, 0, 4, 0
36281, 0, 2, 2, 0, 0, 0
36282, 0, 5, 3, 2, 0, 0
36283, 1, 1, 1, 0, 1, 0
36284, 0, 3, 1, 2, 0, 0
36285, 0, 3, 3, 0, 0, 0
36286, 6, 6, 5, 1, 6, 0
36287, 0, 2, 2, 0, 0, 0
36288, 0, 1, 1, 0, 0, 0
36289, 8, 10, 9, 1, 8, 0
36290, 0, 2, 2, 0, 0, 0
36291, 0, 9, 7, 2, 0, 0
36292, 0, 1, 1, 0, 0, 0
36293, 5, 6, 6, 0, 3, 2
36294, 0, 4, 4, 0, 0, 0
36295, 0, 4, 4, 0, 0, 0
36296, 1, 2, 2, 0, 1, 0
36297, 0, 1, 1, 0, 0, 0
36298, 0, 2, 2, 0, 0, 0
36299, 0, 2, 2, 0, 0, 0
36300, 0, 1, 1, 0, 0, 0
1809, 14, 17, 6, 11, 9, 5
5843, 26, 7, 4, 3, 10, 16
7280, 120, 19, 15, 4, 70, 50
8538, 4, 18, 8, 10, 3, 1
10047, 17, 9, 6, 3, 16, 1
12436, 1, 20, 8, 12, 1, 0
12688, 0, 4, 0, 4, 0, 0
13053, 12, 12, 4, 8, 2, 10
13217, 202, 23, 8, 15, 27, 175
15459, 9, 6, 2, 4, 9, 0
16546, 5, 8, 5, 3, 3, 2
18314, 0, 3, 0, 3, 0, 0
18518, 10, 2, 2, 0, 9, 1
20865, 29, 11, 11, 0, 15, 14
22491, 2, 2, 0, 2, 2, 0
22492, 0, 2, 0, 2, 0, 0
22493, 3, 3, 1, 2, 3, 0
25753, 1, 2, 2, 0, 1, 0
25754, 2, 4, 4, 0, 2, 0
25755, 2, 2, 2, 0, 2, 0
25756, 16, 2, 2, 0, 12, 4
25757, 26, 6, 5, 1, 17, 9
25759, 1, 1, 1, 0, 0, 1
25760, 0, 6, 6, 0, 0, 0
25761, 14, 4, 2, 2, 7, 7
25764, 28, 2, 1, 1, 19, 9
25765, 1, 2, 1, 1, 0, 1
25766, 2, 3, 0, 3, 0, 2
25767, 0, 1, 0, 1, 0, 0
25768, 65, 10, 8, 2, 15, 50
25769, 0, 1, 0, 1, 0, 0
25771, 32, 2, 0, 2, 0, 32
25772, 4, 3, 0, 3, 2, 2
25773, 23, 3, 1, 2, 21, 2
2840, 0, 15, 13, 2, 0, 0
2893, 139, 16, 13, 3, 68, 71
6765, 1, 19, 11, 8, 1, 0
7382, 0, 134, 134, 0, 0, 0
19428, 3, 18, 15, 3, 3, 0
23746, 35, 25, 20, 5, 31, 4
28824, 0, 4, 2, 2, 0, 0
30165, 0, 18, 2, 16, 0, 0
36301, 2, 2, 2, 0, 2, 0
36302, 3, 3, 2, 1, 3, 0
36303, 3, 12, 7, 5, 3, 0
36304, 0, 2, 2, 0, 0, 0
36305, 0, 1, 0, 1, 0, 0
36306, 0, 1, 1, 0, 0, 0
13904, 55, 13, 7, 6, 38, 17
3306, 0, 11, 10, 1, 0, 0
3762, 12, 18, 18, 0, 12, 0
4782, 26, 33, 23, 10, 20, 6
10775, 24, 33, 23, 10, 15, 9
15813, 0, 10, 8, 2, 0, 0
16355, 33, 34, 32, 2, 33, 0
17720, 1, 14, 11, 3, 1, 0
18791, 7, 27, 17, 10, 7, 0
19268, 0, 11, 3, 8, 0, 0
19363, 32, 16, 13, 3, 30, 2
21213, 12, 14, 5, 9, 11, 1
27190, 0, 12, 12, 0, 0, 0
28488, 0, 17, 5, 12, 0, 0
36307, 0, 4, 4, 0, 0, 0
36308, 0, 1, 1, 0, 0, 0
1547, 2, 120, 69, 51, 1, 1
1600, 11, 25, 25, 0, 11, 0
1633, 4, 21, 10, 11, 4, 0
1971, 0, 54, 54, 0, 0, 0
3981, 0, 35, 5, 30, 0, 0
5864, 0, 26, 18, 8, 0, 0
6330, 0, 7, 6, 1, 0, 0
6588, 15, 8, 8, 0, 14, 1
6724, 0, 37, 23, 14, 0, 0
7225, 1, 13, 8, 5, 1, 0
8157, 66, 29, 15, 14, 66, 0
9058, 0, 23, 10, 13, 0, 0
9686, 2, 28, 13, 15, 2, 0
13025, 17, 44, 24, 20, 8, 9
14691, 1, 15, 10, 5, 1, 0
14724, 0, 46, 40, 6, 0, 0
17677, 0, 3, 3, 0, 0, 0
17685, 0, 32, 31, 1, 0, 0
22405, 1, 8, 5, 3, 1, 0
22471, 0, 26, 20, 6, 0, 0
23633, 3, 14, 9, 5, 2, 1
26946, 20, 5, 3, 2, 18, 2
31016, 0, 4, 4, 0, 0, 0
36309, 3, 7, 3, 4, 3, 0
36310, 0, 1, 0, 1, 0, 0
36311, 1, 2, 1, 1, 1, 0
36312, 0, 1, 0, 1, 0, 0
36313, 0, 2, 1, 1, 0, 0
2420, 3, 10, 9, 1, 2, 1
36314, 3, 3, 3, 0, 3, 0
1632, 202, 41, 27, 14, 108, 94
2144, 104, 10, 10, 0, 84, 20
7641, 32, 7, 4, 3, 26, 6
7920, 37, 25, 12, 13, 23, 14
7990, 204, 21, 21, 0, 204, 0
11155, 94, 23, 15, 8, 42, 52
15606, 18, 3, 3, 0, 18, 0
23535, 0, 21, 21, 0, 0, 0
33915, 18, 2, 1, 1, 2, 16
36725, 13, 1, 0, 1, 8, 5
36726, 2, 1, 0, 1, 0, 2
7667, 5, 57, 50, 7, 4, 1
9520, 8, 30, 14, 16, 6, 2
13451, 0, 4, 2, 2, 0, 0
13452, 0, 6, 6, 0, 0, 0
13453, 35, 2, 2, 0, 24, 11
13454, 1, 1, 1, 0, 1, 0
2151, 49, 27, 20, 7, 43, 6
2164, 19, 7, 5, 2, 13, 6
2227, 0, 68, 58, 10, 0, 0
2432, 58, 20, 18, 2, 36, 22
2865, 0, 13, 10, 3, 0, 0
3039, 0, 6, 4, 2, 0, 0
3273, 0, 16, 12, 4, 0, 0
3370, 8, 11, 9, 2, 8, 0
3669, 1, 19, 15, 4, 1, 0
4105, 13, 16, 15, 1, 11, 2
4560, 0, 15, 10, 5, 0, 0
5155, 19, 19, 11, 8, 7, 12
5612, 6, 15, 11, 4, 6, 0
5687, 5, 17, 14, 3, 5, 0
5774, 0, 22, 15, 7, 0, 0
6782, 0, 37, 28, 9, 0, 0
7533, 7, 23, 12, 11, 3, 4
9119, 3, 28, 22, 6, 3, 0
10491, 1, 8, 7, 1, 1, 0
10926, 26, 61, 37, 24, 19, 7
11307, 31, 32, 21, 11, 30, 1
12580, 12, 9, 7, 2, 8, 4
12900, 50, 20, 14, 6, 44, 6
14827, 2, 11, 9, 2, 2, 0
15090, 3, 11, 9, 2, 3, 0
15116, 18, 14, 9, 5, 18, 0
15834, 30, 3, 2, 1, 29, 1
16146, 6, 16, 10, 6, 6, 0
16219, 0, 5, 3, 2, 0, 0
16653, 0, 24, 13, 11, 0, 0
17030, 10, 7, 7, 0, 10, 0
17402, 1, 6, 4, 2, 1, 0
18021, 58, 9, 6, 3, 58, 0
18647, 3, 9, 7, 2, 2, 1
19877, 0, 2, 1, 1, 0, 0
19884, 4, 12, 5, 7, 4, 0
20322, 0, 13, 8, 5, 0, 0
20834, 2, 6, 5, 1, 2, 0
21869, 0, 2, 2, 0, 0, 0
22820, 8, 3, 3, 0, 7, 1
23364, 51, 8, 7, 1, 27, 24
23383, 3, 3, 1, 2, 2, 1
23887, 0, 8, 7, 1, 0, 0
24257, 14, 28, 20, 8, 13, 1
24563, 17, 4, 3, 1, 12, 5
24577, 0, 22, 20, 2, 0, 0
24832, 2, 22, 10, 12, 1, 1
25828, 9, 6, 1, 5, 9, 0
27293, 2, 5, 2, 3, 2, 0
27326, 0, 3, 3, 0, 0, 0
27329, 5, 27, 18, 9, 4, 1
28076, 11, 8, 4, 4, 0, 11
29188, 0, 7, 4, 3, 0, 0
29986, 29, 19, 18, 1, 25, 4
30503, 16, 8, 5, 3, 10, 6
35863, 0, 18, 14, 4, 0, 0
36433, 0, 6, 2, 4, 0, 0
36521, 10, 10, 5, 5, 7, 3
36727, 0, 2, 2, 0, 0, 0
36728, 0, 1, 1, 0, 0, 0
36729, 0, 1, 1, 0, 0, 0
36730, 5, 2, 2, 0, 5, 0
36731, 18, 4, 2, 2, 10, 8
36732, 0, 3, 2, 1, 0, 0
36733, 0, 7, 5, 2, 0, 0
36734, 1, 2, 2, 0, 1, 0
36735, 0, 3, 2, 1, 0, 0
36736, 0, 1, 1, 0, 0, 0
36737, 0, 1, 1, 0, 0, 0
36738, 16, 7, 7, 0, 15, 1
36739, 0, 4, 1, 3, 0, 0
36740, 0, 1, 0, 1, 0, 0
36741, 0, 1, 0, 1, 0, 0
36742, 0, 2, 1, 1, 0, 0
36743, 0, 2, 0, 2, 0, 0
36744, 0, 1, 0, 1, 0, 0
36745, 0, 1, 0, 1, 0, 0
36746, 0, 2, 0, 2, 0, 0
36747, 0, 2, 0, 2, 0, 0
36748, 17, 15, 11, 4, 15, 2
36749, 6, 5, 3, 2, 3, 3
36750, 0, 2, 0, 2, 0, 0
36751, 0, 3, 1, 2, 0, 0
36752, 0, 3, 2, 1, 0, 0
36753, 0, 2, 0, 2, 0, 0
36754, 2, 2, 1, 1, 2, 0
36755, 0, 2, 0, 2, 0, 0
36756, 0, 3, 0, 3, 0, 0
36757, 0, 1, 0, 1, 0, 0
30134, 10, 7, 2, 5, 7, 3
36758, 0, 2, 2, 0, 0, 0
36759, 0, 2, 2, 0, 0, 0
36760, 1, 1, 1, 0, 1, 0
36761, 1, 1, 0, 1, 0, 1
1608, 6, 14, 13, 1, 6, 0
1764, 133, 18, 18, 0, 126, 7
1947, 9, 97, 47, 50, 6, 3
1949, 13, 58, 35, 23, 9, 4
2016, 24, 11, 6, 5, 7, 17
2114, 32, 10, 10, 0, 31, 1
2156, 15, 7, 6, 1, 14, 1
2222, 0, 6, 2, 4, 0, 0
2224, 0, 9, 5, 4, 0, 0
3607, 11, 34, 9, 25, 8, 3
3672, 9, 5, 1, 4, 9, 0
3690, 14, 9, 2, 7, 7, 7
3692, 4, 4, 1, 3, 3, 1
4284, 2, 15, 7, 8, 2, 0
5014, 0, 7, 7, 0, 0, 0
5600, 33, 20, 11, 9, 25, 8
5847, 157, 51, 19, 32, 87, 70
6267, 0, 24, 14, 10, 0, 0
7561, 134, 34, 22, 12, 133, 1
7706, 60, 27, 16, 11, 43, 17
7733, 10, 23, 16, 7, 10, 0
7741, 28, 17, 13, 4, 16, 12
7935, 9, 62, 33, 29, 6, 3
8671, 4, 16, 5, 11, 4, 0
9086, 9, 13, 13, 0, 9, 0
11441, 15, 16, 12, 4, 15, 0
12420, 0, 13, 11, 2, 0, 0
12528, 17, 17, 14, 3, 15, 2
12540, 3, 13, 7, 6, 3, 0
12543, 11, 9, 5, 4, 11, 0
13235, 4, 2, 1, 1, 1, 3
13647, 3, 14, 6, 8, 1, 2
13758, 0, 3, 2, 1, 0, 0
14015, 96, 27, 24, 3, 94, 2
14550, 156, 28, 17, 11, 145, 11
15800, 9, 7, 4, 3, 9, 0
16184, 0, 2, 1, 1, 0, 0
16190, 10, 16, 9, 7, 9, 1
19499, 3, 5, 3, 2, 3, 0
20578, 1, 17, 12, 5, 0, 1
20963, 9, 4, 4, 0, 9, 0
23714, 0, 10, 3, 7, 0, 0
23970, 7, 15, 6, 9, 7, 0
24370, 9, 12, 6, 6, 5, 4
25228, 2, 9, 9, 0, 0, 2
25320, 1, 3, 1, 2, 0, 1
25321, 1, 7, 2, 5, 0, 1
25981, 9, 26, 14, 12, 6, 3
26452, 0, 11, 1, 10, 0, 0
36762, 1, 1, 1, 0, 1, 0
36763, 1, 1, 1, 0, 1, 0
36764, 0, 1, 1, 0, 0, 0
36765, 0, 1, 1, 0, 0, 0
36766, 0, 1, 1, 0, 0, 0
36767, 6, 2, 2, 0, 5, 1
36768, 1, 1, 1, 0, 1, 0
36769, 21, 2, 2, 0, 19, 2
36770, 2, 1, 1, 0, 1, 1
36771, 0, 1, 1, 0, 0, 0
36772, 16, 1, 1, 0, 16, 0
36773, 3, 13, 5, 8, 2, 1
36774, 0, 1, 1, 0, 0, 0
36775, 0, 2, 2, 0, 0, 0
36776, 0, 4, 4, 0, 0, 0
36777, 20, 6, 6, 0, 14, 6
36778, 0, 2, 2, 0, 0, 0
36779, 0, 3, 2, 1, 0, 0
36780, 1, 1, 1, 0, 1, 0
36781, 1, 11, 4, 7, 0, 1
36782, 1, 1, 1, 0, 0, 1
36783, 2, 2, 2, 0, 1, 1
36784, 3, 3, 3, 0, 0, 3
36785, 26, 3, 3, 0, 10, 16
36786, 0, 1, 1, 0, 0, 0
36787, 0, 3, 1, 2, 0, 0
36788, 0, 3, 2, 1, 0, 0
36789, 0, 4, 1, 3, 0, 0
36790, 13, 4, 1, 3, 8, 5
3243, 0, 10, 10, 0, 0, 0
6552, 0, 32, 32, 0, 0, 0
7319, 2, 3, 3, 0, 2, 0
13990, 30, 15, 13, 2, 24, 6
20092, 0, 6, 5, 1, 0, 0
25983, 2, 1, 1, 0, 1, 1
9120, 0, 11, 11, 0, 0, 0
11842, 0, 113, 113, 0, 0, 0
6733, 13, 17, 13, 4, 12, 1
36791, 0, 2, 2, 0, 0, 0
36792, 4, 2, 2, 0, 4, 0
36793, 0, 2, 1, 1, 0, 0
18772, 0, 4, 4, 0, 0, 0
2241, 0, 45, 32, 13, 0, 0
10649, 0, 31, 27, 4, 0, 0
11705, 22, 14, 14, 0, 17, 5
24372, 1, 2, 2, 0, 1, 0
24373, 0, 1, 1, 0, 0, 0
6297, 35, 12, 7, 5, 29, 6
28748, 0, 6, 6, 0, 0, 0
17467, 0, 42, 42, 0, 0, 0
10308, 76, 15, 15, 0, 74, 2
17098, 8, 9, 6, 3, 8, 0
28546, 2, 11, 11, 0, 2, 0
37590, 8, 2, 2, 0, 8, 0
37591, 0, 4, 4, 0, 0, 0
37592, 15, 5, 5, 0, 15, 0
37593, 0, 2, 2, 0, 0, 0
37594, 5, 3, 3, 0, 5, 0
37595, 0, 2, 2, 0, 0, 0
37596, 0, 2, 2, 0, 0, 0
3122, 12, 12, 12, 0, 12, 0
3293, 0, 34, 32, 2, 0, 0
4975, 0, 8, 5, 3, 0, 0
4977, 0, 5, 4, 1, 0, 0
5283, 1, 11, 10, 1, 0, 1
5385, 0, 12, 11, 1, 0, 0
5442, 14, 32, 31, 1, 11, 3
5677, 0, 15, 13, 2, 0, 0
7648, 25, 21, 17, 4, 7, 18
8311, 36, 15, 15, 0, 36, 0
10477, 46, 30, 23, 7, 15, 31
10782, 5, 4, 4, 0, 5, 0
11151, 0, 5, 4, 1, 0, 0
11344, 0, 11, 10, 1, 0, 0
11907, 4, 4, 4, 0, 3, 1
13203, 42, 24, 16, 8, 25, 17
13943, 70, 58, 56, 2, 64, 6
14764, 1, 13, 13, 0, 1, 0
15627, 172, 36, 32, 4, 165, 7
15815, 0, 14, 14, 0, 0, 0
15821, 7, 13, 13, 0, 6, 1
16283, 1, 28, 27, 1, 1, 0
16354, 11, 7, 7, 0, 9, 2
17306, 1, 30, 27, 3, 1, 0
17517, 17, 8, 7, 1, 17, 0
17597, 23, 9, 9, 0, 23, 0
17854, 4, 11, 9, 2, 4, 0
17863, 1, 6, 6, 0, 1, 0
19275, 8, 5, 4, 1, 4, 4
20075, 0, 13, 10, 3, 0, 0
20469, 0, 13, 10, 3, 0, 0
20665, 1, 2, 2, 0, 1, 0
20692, 9, 18, 13, 5, 9, 0
20826, 4, 9, 9, 0, 3, 1
20889, 1, 8, 8, 0, 1, 0
21662, 0, 12, 7, 5, 0, 0
22368, 10, 8, 8, 0, 2, 8
23304, 9, 6, 6, 0, 8, 1
29714, 1, 6, 4, 2, 0, 1
30243, 0, 15, 10, 5, 0, 0
33077, 33, 11, 9, 2, 28, 5
33718, 32, 9, 9, 0, 32, 0
33799, 0, 12, 12, 0, 0, 0
35402, 0, 3, 3, 0, 0, 0
35690, 0, 1, 1, 0, 0, 0
35691, 7, 2, 2, 0, 7, 0
35692, 0, 1, 1, 0, 0, 0
35693, 18, 6, 6, 0, 18, 0
35694, 7, 10, 6, 4, 7, 0
35695, 14, 3, 3, 0, 14, 0
35696, 0, 5, 4, 1, 0, 0
35697, 0, 8, 7, 1, 0, 0
35698, 5, 2, 1, 1, 5, 0
35699, 1, 1, 1, 0, 0, 1
35700, 0, 2, 2, 0, 0, 0
35701, 5, 3, 3, 0, 5, 0
35702, 0, 1, 1, 0, 0, 0
35703, 0, 2, 2, 0, 0, 0
6074, 17, 37, 36, 1, 17, 0
6273, 35, 25, 24, 1, 35, 0
6657, 2, 11, 11, 0, 2, 0
8884, 6, 12, 11, 1, 6, 0
11085, 3, 5, 4, 1, 3, 0
11086, 0, 2, 2, 0, 0, 0
11087, 0, 2, 2, 0, 0, 0
11088, 0, 1, 1, 0, 0, 0
11089, 4, 1, 1, 0, 4, 0
11090, 0, 2, 2, 0, 0, 0
11091, 2, 6, 6, 0, 2, 0
11092, 1, 2, 2, 0, 1, 0
11093, 1, 7, 7, 0, 1, 0
11094, 10, 5, 5, 0, 10, 0
11095, 0, 6, 6, 0, 0, 0
11096, 0, 4, 4, 0, 0, 0
11097, 0, 5, 5, 0, 0, 0
11098, 0, 3, 3, 0, 0, 0
11099, 1, 12, 10, 2, 1, 0
11100, 0, 2, 2, 0, 0, 0
11101, 0, 1, 1, 0, 0, 0
11102, 0, 1, 1, 0, 0, 0
11103, 0, 2, 1, 1, 0, 0
11104, 1, 3, 3, 0, 1, 0
11105, 7, 4, 3, 1, 7, 0
6286, 4, 7, 1, 6, 1, 3
16269, 13, 4, 3, 1, 5, 8
37597, 1, 6, 2, 4, 0, 1
10825, 0, 32, 31, 1, 0, 0
37598, 2, 1, 1, 0, 2, 0
15880, 44, 22, 22, 0, 43, 1
37599, 1, 1, 1, 0, 1, 0
1999, 3, 5, 3, 2, 2, 1
2323, 0, 109, 107, 2, 0, 0
2337, 0, 25, 22, 3, 0, 0
2354, 0, 67, 67, 0, 0, 0
4395, 0, 26, 26, 0, 0, 0
4844, 9, 19, 15, 4, 9, 0
5000, 1, 11, 11, 0, 1, 0
5117, 0, 12, 2, 10, 0, 0
5381, 7, 11, 11, 0, 7, 0
5402, 5, 44, 39, 5, 5, 0
5406, 1, 3, 3, 0, 1, 0
5455, 28, 27, 23, 4, 28, 0
5525, 0, 8, 8, 0, 0, 0
6221, 0, 24, 24, 0, 0, 0
6403, 0, 5, 5, 0, 0, 0
6446, 0, 20, 20, 0, 0, 0
6474, 10, 11, 11, 0, 10, 0
6762, 5, 20, 8, 12, 3, 2
8488, 7, 9, 8, 1, 7, 0
8839, 0, 12, 11, 1, 0, 0
9052, 4, 13, 6, 7, 4, 0
9332, 0, 20, 17, 3, 0, 0
9378, 0, 4, 4, 0, 0, 0
10160, 2, 9, 8, 1, 2, 0
10247, 8, 32, 28, 4, 8, 0
10296, 0, 4, 4, 0, 0, 0
10321, 1, 48, 39, 9, 1, 0
10853, 0, 12, 11, 1, 0, 0
11119, 3, 12, 7, 5, 2, 1
11843, 15, 21, 21, 0, 15, 0
13587, 0, 5, 5, 0, 0, 0
13677, 0, 4, 4, 0, 0, 0
13766, 1, 16, 12, 4, 1, 0
14219, 0, 8, 7, 1, 0, 0
15203, 0, 51, 29, 22, 0, 0
15212, 52, 13, 13, 0, 52, 0
16174, 1, 3, 1, 2, 0, 1
16655, 1, 4, 3, 1, 1, 0
16729, 0, 8, 7, 1, 0, 0
17177, 16, 14, 8, 6, 5, 11
17270, 29, 5, 4, 1, 28, 1
17353, 1, 10, 10, 0, 1, 0
17521, 22, 7, 5, 2, 16, 6
17938, 1, 3, 3, 0, 1, 0
18113, 22, 4, 4, 0, 21, 1
18248, 28, 23, 21, 2, 28, 0
22089, 3, 2, 2, 0, 1, 2
22092, 0, 12, 12, 0, 0, 0
22871, 0, 12, 7, 5, 0, 0
23150, 1, 3, 1, 2, 1, 0
24137, 0, 4, 2, 2, 0, 0
24280, 0, 10, 9, 1, 0, 0
26741, 0, 2, 2, 0, 0, 0
26742, 1, 5, 5, 0, 1, 0
26743, 0, 6, 5, 1, 0, 0
26744, 0, 2, 2, 0, 0, 0
26745, 1, 3, 2, 1, 1, 0
26746, 0, 3, 3, 0, 0, 0
26747, 0, 1, 1, 0, 0, 0
26748, 0, 1, 1, 0, 0, 0
26749, 2, 5, 4, 1, 2, 0
26750, 0, 1, 1, 0, 0, 0
26751, 1, 10, 10, 0, 0, 1
26752, 0, 2, 2, 0, 0, 0
26753, 0, 6, 5, 1, 0, 0
26754, 1, 4, 4, 0, 1, 0
26755, 0, 1, 1, 0, 0, 0
26756, 0, 2, 2, 0, 0, 0
26757, 3, 6, 5, 1, 3, 0
26758, 2, 2, 2, 0, 2, 0
26759, 4, 1, 1, 0, 4, 0
26761, 0, 7, 7, 0, 0, 0
26762, 0, 2, 2, 0, 0, 0
26763, 7, 5, 5, 0, 7, 0
26764, 0, 1, 1, 0, 0, 0
26765, 0, 1, 1, 0, 0, 0
26766, 0, 3, 3, 0, 0, 0
26767, 3, 5, 4, 1, 3, 0
26768, 0, 5, 1, 4, 0, 0
26769, 4, 7, 6, 1, 4, 0
26770, 0, 12, 5, 7, 0, 0
26771, 15, 1, 0, 1, 14, 1
26772, 0, 3, 2, 1, 0, 0
26773, 13, 6, 3, 3, 7, 6
26774, 0, 1, 0, 1, 0, 0
26775, 0, 3, 2, 1, 0, 0
26776, 17, 38, 17, 21, 16, 1
26777, 5, 6, 5, 1, 5, 0
26778, 0, 1, 0, 1, 0, 0
18034, 201, 29, 23, 6, 201, 0
4735, 5, 48, 43, 5, 3, 2
4914, 23, 149, 145, 4, 0, 23
5681, 0, 22, 10, 12, 0, 0
6191, 2, 31, 25, 6, 2, 0
6233, 36, 54, 50, 4, 32, 4
7748, 0, 16, 9, 7, 0, 0
8815, 15, 70, 50, 20, 14, 1
17643, 33, 7, 6, 1, 31, 2
18191, 1, 37, 15, 22, 0, 1
30581, 26, 8, 4, 4, 7, 19
37600, 3, 1, 1, 0, 3, 0
37601, 0, 2, 2, 0, 0, 0
37602, 0, 3, 1, 2, 0, 0
37603, 0, 1, 0, 1, 0, 0
37604, 7, 5, 4, 1, 5, 2
37605, 0, 7, 3, 4, 0, 0
37606, 0, 2, 0, 2, 0, 0
25351, 19, 8, 7, 1, 11, 8
1859, 31, 16, 15, 1, 28, 3
5763, 0, 27, 12, 15, 0, 0
6892, 3, 6, 4, 2, 2, 1
7973, 33, 45, 29, 16, 26, 7
11440, 0, 16, 3, 13, 0, 0
16009, 0, 3, 3, 0, 0, 0
37607, 2, 1, 1, 0, 2, 0
37608, 3, 2, 0, 2, 3, 0
37609, 1, 1, 0, 1, 0, 1
1743, 0, 7, 7, 0, 0, 0
1977, 0, 10, 10, 0, 0, 0
2258, 11, 31, 24, 7, 11, 0
2339, 2, 17, 10, 7, 1, 1
2770, 8, 34, 20, 14, 4, 4
3280, 0, 6, 5, 1, 0, 0
3332, 118, 18, 13, 5, 37, 81
3401, 202, 63, 50, 13, 113, 89
3465, 18, 12, 11, 1, 17, 1
3814, 34, 21, 15, 6, 32, 2
3922, 11, 3, 3, 0, 7, 4
3938, 6, 19, 15, 4, 4, 2
4429, 201, 16, 16, 0, 201, 0
4694, 27, 5, 5, 0, 27, 0
4707, 5, 9, 7, 2, 5, 0
4828, 1, 13, 10, 3, 1, 0
6438, 5, 15, 14, 1, 5, 0
7656, 46, 9, 7, 2, 37, 9
8200, 52, 4, 4, 0, 43, 9
8313, 1, 4, 4, 0, 1, 0
8547, 0, 6, 2, 4, 0, 0
8751, 0, 32, 29, 3, 0, 0
10346, 11, 24, 21, 3, 10, 1
10589, 20, 15, 12, 3, 16, 4
11435, 5, 4, 2, 2, 4, 1
11929, 0, 3, 3, 0, 0, 0
12634, 33, 19, 13, 6, 20, 13
13101, 5, 4, 4, 0, 4, 1
13483, 3, 3, 3, 0, 3, 0
14037, 7, 15, 14, 1, 7, 0
14127, 3, 2, 2, 0, 3, 0
14139, 2, 5, 5, 0, 2, 0
14349, 4, 9, 8, 1, 2, 2
14598, 0, 8, 8, 0, 0, 0
15338, 4, 31, 19, 12, 4, 0
15546, 4, 9, 4, 5, 0, 4
15810, 0, 42, 42, 0, 0, 0
16337, 39, 8, 7, 1, 29, 10
16800, 15, 8, 8, 0, 15, 0
17611, 0, 11, 11, 0, 0, 0
18016, 204, 17, 16, 1, 151, 53
18334, 1, 11, 10, 1, 1, 0
19006, 0, 3, 3, 0, 0, 0
19008, 0, 2, 2, 0, 0, 0
19708, 4, 4, 4, 0, 4, 0
20492, 0, 3, 1, 2, 0, 0
21074, 16, 9, 9, 0, 10, 6
22414, 35, 6, 6, 0, 26, 9
22415, 0, 1, 1, 0, 0, 0
22416, 0, 1, 1, 0, 0, 0
22417, 0, 1, 1, 0, 0, 0
22418, 0, 3, 3, 0, 0, 0
22419, 0, 5, 4, 1, 0, 0
22420, 34, 4, 4, 0, 33, 1
22421, 0, 3, 3, 0, 0, 0
22422, 0, 13, 8, 5, 0, 0
22423, 9, 5, 5, 0, 8, 1
22424, 14, 22, 21, 1, 14, 0
22425, 17, 7, 7, 0, 17, 0
22426, 0, 2, 2, 0, 0, 0
22427, 5, 4, 4, 0, 1, 4
22428, 1, 1, 1, 0, 1, 0
22429, 1, 6, 6, 0, 1, 0
22430, 0, 5, 5, 0, 0, 0
22431, 1, 1, 1, 0, 1, 0
22432, 23, 2, 2, 0, 16, 7
22433, 0, 5, 5, 0, 0, 0
22434, 26, 4, 2, 2, 24, 2
22435, 15, 5, 2, 3, 2, 13
22436, 1, 1, 1, 0, 1, 0
22437, 17, 1, 1, 0, 12, 5
22438, 0, 12, 8, 4, 0, 0
22439, 2, 3, 3, 0, 2, 0
22440, 11, 14, 14, 0, 11, 0
22441, 0, 3, 3, 0, 0, 0
22442, 0, 2, 2, 0, 0, 0
22443, 30, 3, 3, 0, 26, 4
22444, 3, 2, 1, 1, 2, 1
37610, 2, 1, 1, 0, 2, 0
3420, 23, 17, 11, 6, 20, 3
24999, 9, 16, 13, 3, 6, 3
28895, 42, 4, 4, 0, 41, 1
35038, 6, 3, 2, 1, 5, 1
37481, 0, 7, 1, 6, 0, 0
37611, 0, 2, 2, 0, 0, 0
37612, 0, 6, 6, 0, 0, 0
37613, 0, 2, 2, 0, 0, 0
37614, 0, 1, 1, 0, 0, 0
20465, 1, 9, 9, 0, 1, 0
37615, 0, 2, 2, 0, 0, 0
37616, 0, 5, 5, 0, 0, 0
1597, 0, 42, 26, 16, 0, 0
1684, 1, 34, 0, 34, 0, 1
2427, 3, 37, 10, 27, 1, 2
2443, 7, 20, 12, 8, 4, 3
3371, 0, 18, 10, 8, 0, 0
3409, 3, 91, 68, 23, 3, 0
3437, 0, 76, 26, 50, 0, 0
4097, 0, 6, 2, 4, 0, 0
4385, 42, 47, 31, 16, 23, 19
5028, 162, 61, 45, 16, 61, 101
5492, 5, 6, 4, 2, 3, 2
5609, 0, 16, 8, 8, 0, 0
5704, 3, 8, 5, 3, 2, 1
6840, 0, 26, 16, 10, 0, 0
7152, 6, 29, 28, 1, 6, 0
7773, 3, 37, 31, 6, 3, 0
7911, 0, 11, 11, 0, 0, 0
8676, 0, 13, 6, 7, 0, 0
9533, 2, 34, 9, 25, 2, 0
9729, 38, 37, 8, 29, 24, 14
10082, 2, 28, 15, 13, 2, 0
10579, 0, 9, 6, 3, 0, 0
11135, 0, 13, 7, 6, 0, 0
11799, 14, 19, 12, 7, 8, 6
12393, 2, 3, 2, 1, 2, 0
12485, 3, 10, 5, 5, 3, 0
12557, 12, 38, 27, 11, 10, 2
12861, 1, 44, 29, 15, 0, 1
13323, 68, 16, 9, 7, 31, 37
13615, 187, 17, 15, 2, 155, 32
13756, 1, 2, 0, 2, 0, 1
13887, 14, 10, 6, 4, 1, 13
14050, 26, 36, 20, 16, 23, 3
14132, 4, 12, 11, 1, 4, 0
14537, 27, 20, 7, 13, 14, 13
14574, 18, 11, 7, 4, 16, 2
14999, 0, 17, 12, 5, 0, 0
15080, 0, 7, 6, 1, 0, 0
16795, 1, 6, 5, 1, 1, 0
17107, 5, 23, 17, 6, 4, 1
17321, 0, 24, 16, 8, 0, 0
17799, 1, 5, 2, 3, 1, 0
18078, 6, 13, 8, 5, 6, 0
18090, 6, 7, 3, 4, 6, 0
18139, 6, 2, 0, 2, 5, 1
19081, 0, 11, 7, 4, 0, 0
19730, 1, 14, 8, 6, 0, 1
20771, 0, 3, 2, 1, 0, 0
21215, 1, 3, 1, 2, 0, 1
22069, 32, 4, 3, 1, 32, 0
24459, 0, 14, 12, 2, 0, 0
25853, 54, 6, 4, 2, 47, 7
26993, 0, 12, 5, 7, 0, 0
28119, 13, 9, 5, 4, 12, 1
37348, 0, 8, 6, 2, 0, 0
37565, 0, 7, 4, 3, 0, 0
37617, 0, 2, 2, 0, 0, 0
37618, 0, 1, 0, 1, 0, 0
37619, 0, 1, 0, 1, 0, 0
37620, 1, 1, 0, 1, 1, 0
37621, 0, 2, 1, 1, 0, 0
37622, 0, 1, 0, 1, 0, 0
37623, 0, 6, 0, 6, 0, 0
37624, 0, 1, 0, 1, 0, 0
37625, 0, 3, 2, 1, 0, 0
37626, 0, 2, 1, 1, 0, 0
37627, 1, 3, 2, 1, 1, 0
37628, 0, 1, 0, 1, 0, 0
37629, 0, 1, 0, 1, 0, 0
37630, 1, 2, 1, 1, 1, 0
37631, 0, 3, 1, 2, 0, 0
37632, 0, 2, 1, 1, 0, 0
37633, 2, 4, 2, 2, 2, 0
37634, 0, 2, 1, 1, 0, 0
37635, 0, 1, 0, 1, 0, 0
37636, 0, 1, 0, 1, 0, 0
37637, 7, 1, 0, 1, 7, 0
37638, 0, 1, 0, 1, 0, 0
37639, 1, 2, 1, 1, 1, 0
4427, 7, 27, 23, 4, 3, 4
6222, 1, 16, 14, 2, 1, 0
10287, 14, 4, 4, 0, 14, 0
10288, 3, 32, 26, 6, 3, 0
11111, 1, 14, 6, 8, 1, 0
11909, 1, 5, 5, 0, 1, 0
21300, 4, 5, 5, 0, 4, 0
31543, 1, 5, 5, 0, 1, 0
37640, 0, 2, 2, 0, 0, 0
37641, 0, 3, 2, 1, 0, 0
37642, 0, 1, 1, 0, 0, 0
37643, 1, 2, 2, 0, 1, 0
10139, 3, 32, 32, 0, 3, 0
23141, 0, 6, 6, 0, 0, 0
27187, 0, 1, 0, 1, 0, 0
27188, 4, 1, 0, 1, 4, 0
27189, 8, 1, 0, 1, 2, 6
3235, 1, 51, 51, 0, 1, 0
4680, 17, 15, 14, 1, 14, 3
4681, 1, 9, 7, 2, 0, 1
4682, 10, 13, 13, 0, 10, 0
4688, 0, 33, 32, 1, 0, 0
4689, 2, 19, 19, 0, 2, 0
1863, 2, 2, 2, 0, 0, 2
2086, 10, 7, 6, 1, 5, 5
3390, 0, 7, 3, 4, 0, 0
4902, 2, 25, 18, 7, 2, 0
7004, 2, 97, 44, 53, 2, 0
8631, 4, 7, 6, 1, 3, 1
10188, 2, 20, 19, 1, 2, 0
12116, 0, 16, 3, 13, 0, 0
12302, 58, 13, 12, 1, 31, 27
14487, 1, 7, 5, 2, 0, 1
16797, 3, 6, 6, 0, 3, 0
18339, 1, 2, 2, 0, 1, 0
25409, 0, 6, 4, 2, 0, 0
27280, 1, 3, 3, 0, 1, 0
28221, 0, 13, 3, 10, 0, 0
37644, 4, 5, 3, 2, 3, 1
37645, 0, 1, 1, 0, 0, 0
37646, 1, 1, 1, 0, 1, 0
37647, 0, 1, 1, 0, 0, 0
37648, 4, 3, 3, 0, 3, 1
37649, 15, 2, 2, 0, 15, 0
37650, 0, 1, 1, 0, 0, 0
37651, 8, 3, 2, 1, 8, 0
37652, 1, 1, 1, 0, 1, 0
37653, 1, 2, 2, 0, 1, 0
2103, 10, 2, 2, 0, 8, 2
2106, 19, 5, 2, 3, 15, 4
2107, 53, 28, 13, 15, 33, 20
2109, 19, 14, 11, 3, 19, 0
2110, 169, 9, 9, 0, 129, 40
2113, 6, 2, 2, 0, 6, 0
2118, 19, 12, 12, 0, 19, 0
2121, 203, 37, 31, 6, 198, 5
2122, 2, 2, 2, 0, 2, 0
2123, 10, 24, 22, 2, 10, 0
2124, 9, 2, 2, 0, 8, 1
2125, 33, 7, 7, 0, 33, 0
2126, 0, 6, 6, 0, 0, 0
2128, 3, 3, 3, 0, 3, 0
2129, 0, 2, 2, 0, 0, 0
2130, 8, 17, 14, 3, 5, 3
2131, 96, 15, 15, 0, 94, 2
2132, 0, 4, 3, 1, 0, 0
2134, 0, 23, 16, 7, 0, 0
2136, 7, 5, 4, 1, 7, 0
2137, 8, 10, 8, 2, 8, 0
2138, 8, 6, 6, 0, 8, 0
2139, 33, 16, 13, 3, 27, 6
2140, 42, 7, 7, 0, 28, 14
2142, 0, 2, 2, 0, 0, 0
2143, 5, 2, 2, 0, 4, 1
2145, 24, 5, 4, 1, 19, 5
2147, 0, 6, 6, 0, 0, 0
2148, 5, 4, 4, 0, 5, 0
2149, 20, 9, 8, 1, 20, 0
2150, 10, 2, 2, 0, 10, 0
2152, 5, 3, 3, 0, 5, 0
2154, 0, 3, 3, 0, 0, 0
2157, 3, 2, 2, 0, 3, 0
2158, 93, 22, 20, 2, 70, 23
2159, 0, 2, 2, 0, 0, 0
2160, 54, 16, 15, 1, 54, 0
2162, 2, 2, 2, 0, 2, 0
2163, 44, 5, 3, 2, 12, 32
2167, 2, 2, 2, 0, 2, 0
2169, 9, 9, 7, 2, 8, 1
2171, 26, 4, 3, 1, 2, 24
2174, 23, 10, 7, 3, 21, 2
2175, 2, 2, 2, 0, 2, 0
2176, 30, 42, 33, 9, 21, 9
2177, 2, 2, 2, 0, 2, 0
2179, 9, 5, 5, 0, 9, 0
2180, 9, 12, 8, 4, 9, 0
2182, 2, 6, 3, 3, 2, 0
2183, 2, 3, 3, 0, 2, 0
2184, 0, 2, 2, 0, 0, 0
2185, 10, 7, 5, 2, 7, 3
2187, 2, 2, 2, 0, 2, 0
2188, 2, 3, 3, 0, 2, 0
2189, 189, 25, 22, 3, 177, 12
2190, 3, 2, 2, 0, 3, 0
2191, 103, 9, 8, 1, 42, 61
2192, 2, 2, 2, 0, 2, 0
2193, 24, 3, 3, 0, 23, 1
2194, 34, 10, 9, 1, 31, 3
2195, 5, 3, 3, 0, 5, 0
2196, 8, 17, 14, 3, 2, 6
2197, 55, 6, 6, 0, 52, 3
2198, 3, 4, 3, 1, 2, 1
2199, 18, 3, 2, 1, 17, 1
2201, 3, 3, 3, 0, 3, 0
2202, 26, 5, 5, 0, 26, 0
2203, 3, 2, 2, 0, 3, 0
2206, 5, 3, 0, 3, 5, 0
2207, 3, 15, 6, 9, 3, 0
25169, 19, 15, 11, 4, 19, 0
18309, 1, 6, 6, 0, 1, 0
27173, 10, 6, 6, 0, 9, 1
2070, 6, 26, 23, 3, 0, 6
2077, 0, 6, 1, 5, 0, 0
2286, 0, 33, 32, 1, 0, 0
2979, 0, 12, 12, 0, 0, 0
3316, 9, 16, 14, 2, 9, 0
3755, 0, 20, 20, 0, 0, 0
4296, 9, 40, 20, 20, 9, 0
5631, 0, 6, 5, 1, 0, 0
5834, 11, 12, 12, 0, 11, 0
6784, 0, 3, 1, 2, 0, 0
6838, 5, 15, 15, 0, 2, 3
6951, 0, 12, 6, 6, 0, 0
6971, 0, 12, 4, 8, 0, 0
7036, 6, 30, 4, 26, 6, 0
7087, 44, 10, 10, 0, 44, 0
7727, 9, 66, 30, 36, 8, 1
7923, 27, 28, 23, 5, 25, 2
7960, 0, 17, 15, 2, 0, 0
7972, 32, 25, 25, 0, 16, 16
8205, 48, 5, 5, 0, 45, 3
8206, 0, 9, 9, 0, 0, 0
8817, 38, 13, 11, 2, 35, 3
9217, 7, 24, 19, 5, 6, 1
10117, 30, 15, 7, 8, 30, 0
10309, 5, 4, 2, 2, 5, 0
10849, 0, 23, 18, 5, 0, 0
10890, 2, 13, 3, 10, 0, 2
11608, 2, 4, 4, 0, 2, 0
11892, 0, 5, 0, 5, 0, 0
12522, 2, 11, 7, 4, 1, 1
12695, 0, 4, 4, 0, 0, 0
12745, 0, 13, 11, 2, 0, 0
13333, 0, 14, 8, 6, 0, 0
14342, 6, 7, 6, 1, 6, 0
15791, 3, 7, 7, 0, 3, 0
16090, 4, 16, 5, 11, 4, 0
17678, 2, 29, 24, 5, 2, 0
18562, 0, 20, 18, 2, 0, 0
18803, 2, 12, 11, 1, 2, 0
19193, 2, 5, 5, 0, 2, 0
19238, 24, 15, 11, 4, 24, 0
20460, 0, 2, 2, 0, 0, 0
20461, 0, 12, 10, 2, 0, 0
20463, 0, 1, 1, 0, 0, 0
20464, 4, 1, 1, 0, 4, 0
20466, 0, 4, 4, 0, 0, 0
20467, 0, 3, 3, 0, 0, 0
20470, 0, 1, 1, 0, 0, 0
20471, 3, 14, 9, 5, 1, 2
20473, 0, 5, 5, 0, 0, 0
20474, 7, 4, 2, 2, 6, 1
20475, 0, 3, 3, 0, 0, 0
20476, 1, 3, 3, 0, 1, 0
20477, 17, 8, 7, 1, 8, 9
20478, 0, 3, 2, 1, 0, 0
20479, 4, 1, 1, 0, 4, 0
20480, 0, 1, 1, 0, 0, 0
20481, 1, 3, 2, 1, 1, 0
20482, 0, 12, 11, 1, 0, 0
20483, 0, 3, 3, 0, 0, 0
20484, 6, 3, 3, 0, 5, 1
20485, 16, 8, 6, 2, 12, 4
20486, 0, 1, 1, 0, 0, 0
20487, 0, 1, 0, 1, 0, 0
20488, 2, 5, 1, 4, 2, 0
20489, 0, 18, 8, 10, 0, 0
20490, 0, 15, 12, 3, 0, 0
20491, 1, 4, 1, 3, 1, 0
20493, 0, 1, 0, 1, 0, 0
20494, 0, 8, 2, 6, 0, 0
7970, 43, 9, 9, 0, 41, 2
24768, 23, 12, 8, 4, 20, 3
37782, 1, 1, 1, 0, 0, 1
6961, 5, 24, 15, 9, 5, 0
34388, 0, 2, 2, 0, 0, 0
5091, 0, 7, 6, 1, 0, 0
1532, 3, 17, 12, 5, 3, 0
2459, 0, 9, 5, 4, 0, 0
2747, 5, 39, 35, 4, 5, 0
3196, 55, 29, 18, 11, 54, 1
3878, 0, 19, 10, 9, 0, 0
4054, 5, 26, 18, 8, 2, 3
4379, 0, 20, 20, 0, 0, 0
4774, 2, 28, 25, 3, 2, 0
6328, 0, 4, 4, 0, 0, 0
6842, 0, 25, 18, 7, 0, 0
7310, 4, 52, 34, 18, 2, 2
7532, 5, 5, 5, 0, 1, 4
8283, 18, 7, 7, 0, 18, 0
8326, 17, 56, 46, 10, 13, 4
8452, 1, 37, 16, 21, 1, 0
8598, 0, 24, 8, 16, 0, 0
8852, 0, 63, 53, 10, 0, 0
9517, 43, 36, 36, 0, 41, 2
9715, 0, 33, 27, 6, 0, 0
9719, 0, 20, 17, 3, 0, 0
10227, 1, 9, 7, 2, 1, 0
10272, 1, 5, 1, 4, 1, 0
12037, 0, 15, 10, 5, 0, 0
12132, 10, 26, 21, 5, 9, 1
12452, 22, 10, 4, 6, 18, 4
13510, 15, 18, 13, 5, 7, 8
13663, 1, 18, 13, 5, 1, 0
13847, 15, 19, 14, 5, 13, 2
14109, 12, 9, 6, 3, 11, 1
14911, 0, 58, 16, 42, 0, 0
14992, 0, 27, 14, 13, 0, 0
15105, 122, 18, 12, 6, 66, 56
15310, 66, 19, 17, 2, 65, 1
15616, 1, 14, 9, 5, 1, 0
15755, 2, 3, 2, 1, 2, 0
16366, 2, 13, 13, 0, 2, 0
17423, 27, 8, 6, 2, 22, 5
18095, 0, 8, 6, 2, 0, 0
18270, 4, 32, 26, 6, 4, 0
18857, 7, 25, 20, 5, 5, 2
20319, 2, 8, 7, 1, 2, 0
21655, 0, 23, 10, 13, 0, 0
23476, 0, 4, 2, 2, 0, 0
23479, 1, 10, 6, 4, 1, 0
23624, 2, 16, 13, 3, 2, 0
24030, 23, 14, 9, 5, 15, 8
25058, 4, 5, 3, 2, 4, 0
29143, 1, 12, 7, 5, 1, 0
29189, 0, 7, 5, 2, 0, 0
30671, 0, 2, 1, 1, 0, 0
32770, 0, 3, 2, 1, 0, 0
34900, 15, 15, 13, 2, 13, 2
37538, 11, 8, 7, 1, 10, 1
37798, 0, 1, 1, 0, 0, 0
37799, 0, 2, 1, 1, 0, 0
37800, 2, 3, 2, 1, 2, 0
37801, 1, 1, 1, 0, 1, 0
37802, 0, 1, 1, 0, 0, 0
37803, 2, 2, 2, 0, 2, 0
37804, 0, 1, 1, 0, 0, 0
37805, 0, 2, 2, 0, 0, 0
37806, 0, 2, 2, 0, 0, 0
37807, 3, 3, 1, 2, 3, 0
37808, 1, 1, 1, 0, 1, 0
37809, 0, 4, 4, 0, 0, 0
37810, 0, 4, 4, 0, 0, 0
37811, 1, 2, 2, 0, 1, 0
37812, 0, 1, 1, 0, 0, 0
37813, 0, 1, 1, 0, 0, 0
37814, 0, 1, 1, 0, 0, 0
37815, 0, 2, 2, 0, 0, 0
37816, 7, 3, 3, 0, 7, 0
37817, 2, 3, 3, 0, 2, 0
37818, 0, 1, 1, 0, 0, 0
3210, 11, 21, 15, 6, 8, 3
9891, 159, 30, 12, 18, 51, 108
13005, 1, 33, 24, 9, 1, 0
24589, 11, 9, 9, 0, 11, 0
27938, 78, 8, 8, 0, 68, 10
37819, 0, 1, 1, 0, 0, 0
37820, 0, 1, 1, 0, 0, 0
37821, 0, 17, 17, 0, 0, 0
8696, 36, 17, 5, 12, 30, 6
8756, 8, 25, 11, 14, 8, 0
9571, 0, 8, 5, 3, 0, 0
29862, 4, 16, 6, 10, 4, 0
37822, 0, 3, 1, 2, 0, 0
37823, 0, 1, 1, 0, 0, 0
37824, 0, 2, 0, 2, 0, 0
12217, 68, 14, 10, 4, 26, 42
16391, 2, 6, 5, 1, 1, 1
37825, 2, 2, 1, 1, 2, 0
37826, 1, 1, 1, 0, 1, 0
37827, 0, 11, 11, 0, 0, 0
15911, 13, 16, 12, 4, 12, 1
37828, 0, 31, 31, 0, 0, 0
3270, 65, 25, 13, 12, 12, 53
4785, 1, 46, 32, 14, 1, 0
7078, 2, 15, 12, 3, 2, 0
7092, 0, 17, 14, 3, 0, 0
9148, 13, 79, 76, 3, 13, 0
15640, 0, 5, 5, 0, 0, 0
19837, 11, 5, 5, 0, 11, 0
37829, 0, 1, 1, 0, 0, 0
37830, 0, 1, 1, 0, 0, 0
37831, 0, 1, 1, 0, 0, 0
37832, 0, 2, 2, 0, 0, 0
37833, 0, 3, 3, 0, 0, 0
37834, 0, 1, 1, 0, 0, 0
37835, 0, 1, 0, 1, 0, 0
17345, 47, 27, 26, 1, 33, 14
19371, 0, 27, 27, 0, 0, 0
23438, 26, 20, 17, 3, 21, 5
34300, 0, 4, 1, 3, 0, 0
38031, 3, 1, 1, 0, 2, 1
38032, 0, 1, 1, 0, 0, 0
20346, 0, 10, 9, 1, 0, 0
24342, 0, 2, 1, 1, 0, 0
36886, 0, 7, 6, 1, 0, 0
38033, 0, 1, 0, 1, 0, 0
26348, 153, 16, 13, 3, 106, 47
1685, 0, 48, 40, 8, 0, 0
1687, 0, 13, 7, 6, 0, 0
1689, 0, 1, 1, 0, 0, 0
1690, 0, 16, 15, 1, 0, 0
1691, 1, 5, 4, 1, 0, 1
1694, 7, 1, 1, 0, 6, 1
1696, 0, 1, 1, 0, 0, 0
1698, 7, 35, 20, 15, 7, 0
1699, 1, 2, 2, 0, 1, 0
1704, 0, 26, 19, 7, 0, 0
1705, 1, 14, 14, 0, 1, 0
1708, 6, 6, 6, 0, 6, 0
1709, 0, 3, 3, 0, 0, 0
1713, 17, 32, 32, 0, 17, 0
1714, 0, 29, 29, 0, 0, 0
1717, 0, 3, 3, 0, 0, 0
1719, 0, 3, 2, 1, 0, 0
1724, 0, 10, 9, 1, 0, 0
1725, 0, 12, 10, 2, 0, 0
1728, 0, 4, 4, 0, 0, 0
1732, 0, 38, 34, 4, 0, 0
1733, 0, 5, 5, 0, 0, 0
1735, 14, 9, 6, 3, 12, 2
1738, 0, 4, 3, 1, 0, 0
1741, 0, 1, 1, 0, 0, 0
1742, 15, 4, 3, 1, 14, 1
1745, 0, 7, 7, 0, 0, 0
1746, 3, 3, 3, 0, 3, 0
1748, 31, 27, 26, 1, 29, 2
1749, 0, 3, 3, 0, 0, 0
1751, 69, 13, 13, 0, 68, 1
1753, 0, 1, 1, 0, 0, 0
1754, 10, 27, 19, 8, 10, 0
1757, 0, 5, 4, 1, 0, 0
1760, 18, 2, 2, 0, 17, 1
1761, 15, 15, 11, 4, 6, 9
1767, 0, 2, 2, 0, 0, 0
1769, 0, 4, 3, 1, 0, 0
1772, 0, 16, 11, 5, 0, 0
1774, 0, 9, 5, 4, 0, 0
1775, 16, 3, 3, 0, 14, 2
1776, 13, 9, 7, 2, 9, 4
1777, 0, 7, 4, 3, 0, 0
1780, 95, 36, 33, 3, 81, 14
1781, 2, 1, 1, 0, 2, 0
1783, 7, 10, 10, 0, 7, 0
1784, 5, 3, 3, 0, 5, 0
1786, 0, 14, 11, 3, 0, 0
1787, 4, 5, 4, 1, 4, 0
1788, 0, 2, 2, 0, 0, 0
1789, 1, 4, 4, 0, 1, 0
1790, 14, 24, 23, 1, 13, 1
1791, 0, 3, 2, 1, 0, 0
1794, 0, 2, 0, 2, 0, 0
1795, 0, 1, 0, 1, 0, 0
1796, 0, 2, 0, 2, 0, 0
1797, 0, 1, 0, 1, 0, 0
1798, 0, 1, 0, 1, 0, 0
1800, 0, 2, 1, 1, 0, 0
1806, 0, 25, 5, 20, 0, 0
1807, 1, 13, 10, 3, 0, 1
24227, 0, 2, 2, 0, 0, 0
5867, 21, 46, 34, 12, 19, 2
13421, 2, 22, 16, 6, 2, 0
14332, 1, 5, 4, 1, 1, 0
14947, 0, 13, 13, 0, 0, 0
24520, 0, 7, 6, 1, 0, 0
38034, 8, 3, 2, 1, 7, 1
2209, 0, 26, 26, 0, 0, 0
2210, 0, 5, 3, 2, 0, 0
2211, 68, 15, 11, 4, 68, 0
2212, 0, 1, 1, 0, 0, 0
2213, 2, 6, 5, 1, 2, 0
2214, 0, 2, 2, 0, 0, 0
2216, 0, 1, 1, 0, 0, 0
2217, 0, 22, 14, 8, 0, 0
2218, 0, 4, 1, 3, 0, 0
2219, 1, 5, 3, 2, 1, 0
2221, 0, 1, 1, 0, 0, 0
2223, 15, 9, 9, 0, 15, 0
6145, 0, 23, 20, 3, 0, 0
7065, 6, 99, 95, 4, 0, 6
7121, 34, 11, 11, 0, 34, 0
11109, 0, 16, 13, 3, 0, 0
13866, 25, 7, 7, 0, 24, 1
14221, 0, 40, 15, 25, 0, 0
15601, 1, 12, 9, 3, 0, 1
16417, 39, 11, 9, 2, 39, 0
20828, 0, 2, 2, 0, 0, 0
21041, 1, 5, 2, 3, 1, 0
21201, 22, 11, 11, 0, 21, 1
21523, 0, 7, 6, 1, 0, 0
22240, 0, 5, 3, 2, 0, 0
24479, 3, 13, 13, 0, 3, 0
26291, 12, 8, 7, 1, 10, 2
26733, 0, 4, 4, 0, 0, 0
26734, 0, 5, 5, 0, 0, 0
26735, 0, 2, 2, 0, 0, 0
26736, 0, 2, 1, 1, 0, 0
26737, 0, 2, 0, 2, 0, 0
26738, 2, 10, 4, 6, 2, 0
26739, 0, 1, 0, 1, 0, 0
1520, 125, 32, 26, 6, 93, 32
1652, 26, 14, 11, 3, 19, 7
1961, 32, 10, 5, 5, 21, 11
3202, 0, 41, 34, 7, 0, 0
3208, 0, 4, 2, 2, 0, 0
3294, 0, 44, 12, 32, 0, 0
3391, 14, 117, 63, 54, 7, 7
3406, 2, 12, 7, 5, 2, 0
3431, 3, 21, 7, 14, 3, 0
4422, 2, 14, 8, 6, 2, 0
4587, 8, 27, 21, 6, 8, 0
4724, 1, 32, 22, 10, 1, 0
4819, 20, 13, 4, 9, 15, 5
5259, 8, 5, 3, 2, 8, 0
5471, 1, 20, 12, 8, 1, 0
5885, 22, 45, 24, 21, 22, 0
6485, 83, 50, 17, 33, 35, 48
6489, 0, 8, 4, 4, 0, 0
6491, 9, 26, 5, 21, 9, 0
6574, 37, 77, 28, 49, 8, 29
6625, 101, 54, 27, 27, 78, 23
6654, 37, 20, 19, 1, 37, 0
7824, 0, 8, 2, 6, 0, 0
7847, 3, 10, 9, 1, 3, 0
8051, 95, 57, 31, 26, 92, 3
8102, 34, 13, 10, 3, 28, 6
8248, 11, 19, 16, 3, 9, 2
8561, 0, 9, 3, 6, 0, 0
9042, 13, 15, 6, 9, 10, 3
9422, 201, 35, 21, 14, 79, 122
9896, 2, 5, 3, 2, 2, 0
10102, 0, 7, 0, 7, 0, 0
11343, 5, 16, 12, 4, 5, 0
11886, 0, 56, 25, 31, 0, 0
11984, 18, 9, 8, 1, 18, 0
12012, 0, 29, 13, 16, 0, 0
13089, 0, 44, 27, 17, 0, 0
13350, 3, 17, 16, 1, 2, 1
13869, 0, 12, 12, 0, 0, 0
14069, 0, 15, 9, 6, 0, 0
14717, 0, 18, 13, 5, 0, 0
14974, 31, 26, 20, 6, 30, 1
15652, 0, 4, 4, 0, 0, 0
15960, 89, 8, 7, 1, 68, 21
16153, 21, 38, 31, 7, 20, 1
16479, 0, 6, 3, 3, 0, 0
18408, 6, 9, 7, 2, 6, 0
18871, 13, 5, 5, 0, 13, 0
18952, 0, 10, 10, 0, 0, 0
20370, 0, 9, 3, 6, 0, 0
20734, 1, 3, 2, 1, 1, 0
20890, 8, 3, 3, 0, 6, 2
20891, 4, 4, 4, 0, 4, 0
20892, 0, 8, 7, 1, 0, 0
20893, 0, 2, 2, 0, 0, 0
20894, 0, 1, 1, 0, 0, 0
20895, 0, 1, 1, 0, 0, 0
20896, 3, 1, 1, 0, 3, 0
20897, 0, 2, 2, 0, 0, 0
20898, 0, 19, 11, 8, 0, 0
20899, 0, 3, 3, 0, 0, 0
20901, 3, 3, 3, 0, 0, 3
20902, 0, 3, 1, 2, 0, 0
20903, 1, 6, 6, 0, 1, 0
20904, 19, 14, 11, 3, 19, 0
20905, 0, 24, 17, 7, 0, 0
20906, 0, 17, 13, 4, 0, 0
20907, 0, 2, 0, 2, 0, 0
20908, 0, 4, 0, 4, 0, 0
20909, 2, 17, 11, 6, 2, 0
20910, 0, 1, 0, 1, 0, 0
20911, 4, 7, 4, 3, 1, 3
20912, 1, 1, 0, 1, 1, 0
20913, 2, 3, 1, 2, 2, 0
20914, 0, 1, 0, 1, 0, 0
20916, 0, 3, 1, 2, 0, 0
20917, 4, 5, 2, 3, 3, 1
20918, 0, 1, 0, 1, 0, 0
20919, 0, 10, 4, 6, 0, 0
20920, 0, 3, 2, 1, 0, 0
20921, 0, 3, 2, 1, 0, 0
20922, 13, 11, 3, 8, 4, 9
20923, 1, 3, 2, 1, 1, 0
20924, 0, 4, 0, 4, 0, 0
20925, 0, 1, 0, 1, 0, 0
20927, 0, 1, 0, 1, 0, 0
20928, 2, 5, 1, 4, 2, 0
20929, 0, 2, 0, 2, 0, 0
20930, 5, 5, 3, 2, 5, 0
20931, 0, 3, 0, 3, 0, 0
20933, 2, 4, 0, 4, 2, 0
20934, 0, 1, 0, 1, 0, 0
20935, 3, 2, 0, 2, 2, 1
20936, 0, 6, 1, 5, 0, 0
20937, 7, 11, 7, 4, 6, 1
20938, 0, 3, 2, 1, 0, 0
20939, 0, 4, 2, 2, 0, 0
20940, 0, 6, 3, 3, 0, 0
20941, 7, 16, 4, 12, 6, 1
20942, 5, 4, 2, 2, 5, 0
20943, 9, 8, 3, 5, 8, 1
20945, 0, 3, 1, 2, 0, 0
20946, 0, 35, 21, 14, 0, 0
20947, 2, 4, 2, 2, 2, 0
20948, 0, 1, 0, 1, 0, 0
20949, 7, 2, 1, 1, 6, 1
20950, 1, 6, 4, 2, 1, 0
20951, 8, 18, 12, 6, 8, 0
20952, 0, 3, 1, 2, 0, 0
20953, 0, 3, 2, 1, 0, 0
20954, 1, 1, 0, 1, 1, 0
20955, 19, 2, 1, 1, 13, 6
20956, 36, 3, 1, 2, 26, 10
20957, 4, 5, 3, 2, 4, 0
20958, 5, 8, 5, 3, 0, 5
20959, 1, 4, 2, 2, 0, 1
20960, 0, 2, 0, 2, 0, 0
20961, 0, 1, 0, 1, 0, 0
20962, 6, 4, 2, 2, 4, 2
5717, 202, 80, 60, 20, 202, 0
7791, 26, 41, 39, 2, 26, 0
11332, 51, 12, 7, 5, 36, 15
11790, 11, 3, 3, 0, 10, 1
14931, 50, 44, 31, 13, 45, 5
26094, 8, 2, 2, 0, 6, 2
38035, 9, 1, 1, 0, 9, 0
38036, 0, 2, 2, 0, 0, 0
38037, 0, 2, 2, 0, 0, 0
5892, 0, 13, 13, 0, 0, 0
7889, 11, 8, 8, 0, 11, 0
8753, 94, 12, 12, 0, 94, 0
26780, 5, 2, 2, 0, 2, 3
26781, 4, 2, 1, 1, 0, 4
26782, 0, 6, 2, 4, 0, 0
7654, 5, 6, 3, 3, 5, 0
38038, 0, 1, 0, 1, 0, 0
38039, 0, 1, 0, 1, 0, 0
38040, 0, 1, 0, 1, 0, 0
38041, 0, 1, 0, 1, 0, 0
3395, 1, 69, 52, 17, 1, 0
3429, 2, 11, 3, 8, 2, 0
3585, 51, 21, 17, 4, 29, 22
3763, 17, 38, 22, 16, 14, 3
4464, 2, 72, 40, 32, 2, 0
5587, 0, 17, 16, 1, 0, 0
5707, 0, 7, 3, 4, 0, 0
6068, 54, 8, 5, 3, 42, 12
6085, 0, 4, 1, 3, 0, 0
6862, 3, 20, 10, 10, 3, 0
7452, 0, 17, 7, 10, 0, 0
8610, 46, 41, 19, 22, 17, 29
9421, 0, 7, 4, 3, 0, 0
11881, 0, 33, 12, 21, 0, 0
12489, 28, 8, 3, 5, 5, 23
13664, 2, 17, 13, 4, 1, 1
13875, 3, 4, 4, 0, 3, 0
13959, 0, 18, 14, 4, 0, 0
14281, 21, 27, 21, 6, 21, 0
14446, 0, 8, 5, 3, 0, 0
14755, 12, 38, 21, 17, 10, 2
14841, 0, 13, 3, 10, 0, 0
15057, 0, 6, 2, 4, 0, 0
15249, 3, 20, 12, 8, 2, 1
16789, 1, 30, 25, 5, 0, 1
17034, 21, 9, 3, 6, 12, 9
17631, 24, 20, 17, 3, 21, 3
18304, 22, 11, 11, 0, 22, 0
20219, 0, 7, 5, 2, 0, 0
20994, 0, 16, 14, 2, 0, 0
21216, 193, 24, 13, 11, 55, 138
22254, 0, 10, 10, 0, 0, 0
22792, 0, 11, 0, 11, 0, 0
23860, 11, 27, 11, 16, 11, 0
23905, 3, 4, 2, 2, 3, 0
24054, 1, 7, 3, 4, 0, 1
27274, 0, 6, 1, 5, 0, 0
28313, 28, 9, 5, 4, 7, 21
28351, 0, 6, 5, 1, 0, 0
29812, 5, 16, 13, 3, 5, 0
30431, 7, 15, 9, 6, 4, 3
30927, 0, 19, 12, 7, 0, 0
34082, 3, 7, 5, 2, 3, 0
34986, 51, 5, 0, 5, 6, 45
36357, 1, 12, 2, 10, 0, 1
36492, 2, 12, 4, 8, 2, 0
37281, 0, 10, 7, 3, 0, 0
37588, 11, 4, 4, 0, 5, 6
38042, 0, 2, 2, 0, 0, 0
38043, 0, 2, 2, 0, 0, 0
38044, 29, 6, 6, 0, 29, 0
38045, 3, 4, 4, 0, 3, 0
38046, 0, 3, 3, 0, 0, 0
38047, 0, 1, 1, 0, 0, 0
38048, 0, 3, 0, 3, 0, 0
38049, 4, 3, 0, 3, 0, 4
38050, 0, 3, 0, 3, 0, 0
38051, 0, 1, 0, 1, 0, 0
38052, 0, 3, 0, 3, 0, 0
38053, 18, 4, 2, 2, 6, 12
38054, 10, 5, 2, 3, 2, 8
38055, 1, 2, 0, 2, 1, 0
38056, 4, 3, 1, 2, 3, 1
38057, 0, 3, 0, 3, 0, 0
38058, 0, 2, 0, 2, 0, 0
38059, 6, 4, 2, 2, 6, 0
38060, 0, 4, 1, 3, 0, 0
38061, 1, 3, 0, 3, 1, 0
38062, 1, 2, 0, 2, 1, 0
1889, 2, 10, 10, 0, 2, 0
7398, 0, 12, 12, 0, 0, 0
17473, 0, 10, 10, 0, 0, 0
17749, 0, 23, 23, 0, 0, 0
17751, 0, 8, 8, 0, 0, 0
22484, 0, 1, 1, 0, 0, 0
22485, 0, 4, 4, 0, 0, 0
18999, 4, 1, 1, 0, 4, 0
38063, 0, 2, 2, 0, 0, 0
38064, 1, 1, 1, 0, 1, 0
38065, 1, 3, 3, 0, 1, 0
38066, 1, 1, 1, 0, 1, 0
38067, 1, 1, 1, 0, 1, 0
38068, 1, 1, 1, 0, 1, 0
38069, 7, 3, 3, 0, 7, 0
38070, 1, 3, 3, 0, 1, 0
38071, 1, 1, 1, 0, 1, 0
38072, 1, 3, 3, 0, 1, 0
38073, 1, 2, 2, 0, 1, 0
1683, 0, 14, 10, 4, 0, 0
2020, 6, 69, 67, 2, 6, 0
4745, 9, 28, 26, 2, 9, 0
6252, 1, 20, 19, 1, 1, 0
6803, 0, 36, 36, 0, 0, 0
8357, 5, 14, 12, 2, 5, 0
9443, 21, 9, 9, 0, 21, 0
9720, 17, 19, 14, 5, 1, 16
10365, 164, 15, 9, 6, 95, 69
10395, 0, 2, 2, 0, 0, 0
12456, 0, 59, 42, 17, 0, 0
13226, 0, 25, 18, 7, 0, 0
14395, 16, 10, 8, 2, 8, 8
14904, 3, 32, 27, 5, 3, 0
16592, 73, 11, 10, 1, 32, 41
17897, 56, 28, 27, 1, 56, 0
17986, 14, 19, 19, 0, 14, 0
19752, 1, 5, 4, 1, 1, 0
20372, 5, 9, 3, 6, 4, 1
24233, 29, 12, 12, 0, 29, 0
32414, 6, 5, 5, 0, 6, 0
33528, 2, 11, 11, 0, 2, 0
38074, 8, 1, 1, 0, 4, 4
38075, 2, 1, 1, 0, 2, 0
38076, 3, 1, 1, 0, 2, 1
38077, 0, 1, 1, 0, 0, 0
38078, 2, 3, 3, 0, 1, 1
38079, 4, 3, 3, 0, 4, 0
38080, 0, 4, 0, 4, 0, 0
17772, 25, 28, 25, 3, 25, 0
38081, 1, 1, 1, 0, 1, 0
12511, 11, 12, 10, 2, 10, 1
5599, 0, 17, 15, 2, 0, 0
6137, 6, 32, 11, 21, 5, 1
9135, 31, 8, 8, 0, 30, 1
9190, 0, 7, 7, 0, 0, 0
12625, 17, 13, 13, 0, 15, 2
15906, 4, 6, 4, 2, 4, 0
17670, 0, 3, 3, 0, 0, 0
25179, 10, 11, 11, 0, 9, 1
29413, 0, 13, 10, 3, 0, 0
38082, 7, 5, 3, 2, 5, 2
38083, 0, 1, 1, 0, 0, 0
38084, 0, 1, 1, 0, 0, 0
38085, 0, 4, 4, 0, 0, 0
3714, 38, 9, 9, 0, 37, 1
4772, 46, 14, 7, 7, 44, 2
5722, 5, 24, 23, 1, 5, 0
6980, 11, 42, 27, 15, 11, 0
8857, 56, 15, 12, 3, 27, 29
11913, 0, 3, 2, 1, 0, 0
12449, 201, 23, 21, 2, 201, 0
12466, 0, 5, 4, 1, 0, 0
16010, 31, 16, 16, 0, 31, 0
18217, 2, 16, 10, 6, 2, 0
21015, 4, 16, 6, 10, 1, 3
21623, 185, 15, 9, 6, 153, 32
30666, 0, 5, 1, 4, 0, 0
34531, 0, 5, 3, 2, 0, 0
38086, 19, 4, 3, 1, 9, 10
38087, 42, 4, 4, 0, 35, 7
38088, 2, 2, 1, 1, 2, 0
38089, 3, 2, 1, 1, 2, 1
38090, 1, 2, 0, 2, 0, 1
38091, 0, 1, 0, 1, 0, 0
38092, 7, 3, 1, 2, 6, 1
38093, 13, 3, 2, 1, 13, 0
38094, 1, 4, 3, 1, 0, 1
38095, 0, 1, 0, 1, 0, 0
38096, 0, 1, 0, 1, 0, 0
1512, 105, 30, 28, 2, 99, 6
3708, 40, 33, 17, 16, 17, 23
9952, 27, 1, 1, 0, 27, 0
10859, 45, 45, 27, 18, 45, 0
12505, 202, 17, 10, 7, 40, 162
14995, 9, 10, 7, 3, 5, 4
17438, 29, 15, 11, 4, 29, 0
23880, 127, 13, 13, 0, 118, 9
25385, 20, 3, 3, 0, 20, 0
25527, 43, 9, 5, 4, 19, 24
26420, 25, 18, 13, 5, 25, 0
27487, 0, 6, 6, 0, 0, 0
35017, 19, 4, 1, 3, 12, 7
35018, 3, 1, 1, 0, 3, 0
4407, 0, 8, 8, 0, 0, 0
9221, 5, 14, 5, 9, 2, 3
15476, 0, 56, 56, 0, 0, 0
35021, 0, 1, 1, 0, 0, 0
1628, 23, 118, 99, 19, 23, 0
2471, 22, 15, 14, 1, 17, 5
3807, 27, 35, 28, 7, 19, 8
4605, 85, 68, 34, 34, 85, 0
5378, 9, 27, 21, 6, 6, 3
5854, 0, 10, 8, 2, 0, 0
6910, 0, 31, 22, 9, 0, 0
7402, 0, 11, 10, 1, 0, 0
8256, 2, 21, 19, 2, 2, 0
10596, 0, 55, 37, 18, 0, 0
10627, 26, 10, 9, 1, 22, 4
10795, 25, 25, 21, 4, 19, 6
10864, 14, 28, 17, 11, 13, 1
10868, 0, 4, 2, 2, 0, 0
11124, 3, 8, 7, 1, 3, 0
12471, 34, 93, 65, 28, 27, 7
13196, 1, 41, 36, 5, 1, 0
14720, 19, 24, 17, 7, 12, 7
16097, 40, 12, 11, 1, 27, 13
18826, 0, 7, 7, 0, 0, 0
18863, 3, 8, 7, 1, 3, 0
19291, 0, 22, 22, 0, 0, 0
20317, 15, 13, 9, 4, 13, 2
22653, 18, 7, 7, 0, 13, 5
23165, 51, 20, 19, 1, 51, 0
23635, 9, 5, 5, 0, 8, 1
23636, 1, 9, 9, 0, 1, 0
23637, 0, 14, 6, 8, 0, 0
23638, 1, 3, 3, 0, 1, 0
23639, 0, 1, 1, 0, 0, 0
23640, 0, 3, 3, 0, 0, 0
23641, 0, 2, 1, 1, 0, 0
23643, 46, 6, 4, 2, 41, 5
23644, 4, 5, 5, 0, 3, 1
23645, 4, 4, 2, 2, 4, 0
23646, 0, 2, 2, 0, 0, 0
23648, 0, 10, 7, 3, 0, 0
23649, 57, 18, 15, 3, 52, 5
23650, 0, 1, 1, 0, 0, 0
23651, 13, 16, 10, 6, 12, 1
23652, 0, 4, 4, 0, 0, 0
23653, 0, 1, 1, 0, 0, 0
23655, 1, 1, 1, 0, 0, 1
7520, 7, 6, 6, 0, 7, 0
7880, 4, 6, 6, 0, 4, 0
12875, 5, 17, 15, 2, 5, 0
14005, 1, 8, 8, 0, 1, 0
14006, 1, 1, 1, 0, 1, 0
14007, 3, 3, 2, 1, 1, 2
14008, 25, 2, 2, 0, 21, 4
14011, 0, 1, 1, 0, 0, 0
14012, 22, 14, 13, 1, 22, 0
14013, 4, 3, 2, 1, 4, 0
14014, 0, 3, 3, 0, 0, 0
14878, 0, 12, 12, 0, 0, 0
1878, 70, 34, 27, 7, 64, 6
3661, 20, 42, 27, 15, 20, 0
3848, 1, 7, 6, 1, 0, 1
6635, 16, 18, 15, 3, 15, 1
28887, 0, 2, 2, 0, 0, 0
38097, 1, 1, 1, 0, 1, 0
38098, 2, 1, 1, 0, 2, 0
38099, 0, 1, 1, 0, 0, 0
6164, 0, 1, 1, 0, 0, 0
6165, 0, 2, 2, 0, 0, 0
2732, 30, 68, 45, 23, 15, 15
2736, 0, 4, 3, 1, 0, 0
3212, 10, 20, 14, 6, 10, 0
3509, 0, 22, 15, 7, 0, 0
3629, 4, 19, 17, 2, 4, 0
5524, 12, 14, 10, 4, 6, 6
6360, 16, 13, 9, 4, 15, 1
7074, 4, 42, 42, 0, 4, 0
8651, 20, 20, 15, 5, 14, 6
8763, 52, 17, 11, 6, 47, 5
9416, 0, 3, 3, 0, 0, 0
9697, 1, 5, 2, 3, 0, 1
10216, 2, 7, 4, 3, 1, 1
10386, 17, 15, 13, 2, 16, 1
10638, 10, 8, 8, 0, 10, 0
12190, 2, 45, 34, 11, 0, 2
13331, 64, 16, 9, 7, 38, 26
13634, 15, 99, 44, 55, 13, 2
15561, 1, 6, 2, 4, 1, 0
15844, 26, 16, 13, 3, 20, 6
17056, 0, 5, 4, 1, 0, 0
17543, 33, 12, 11, 1, 30, 3
18862, 0, 9, 7, 2, 0, 0
20359, 0, 4, 3, 1, 0, 0
20875, 13, 18, 16, 2, 13, 0
21006, 0, 7, 6, 1, 0, 0
22034, 5, 5, 5, 0, 5, 0
24087, 10, 8, 7, 1, 5, 5
27919, 7, 7, 5, 2, 6, 1
28828, 0, 4, 4, 0, 0, 0
29565, 0, 2, 2, 0, 0, 0
30390, 0, 4, 3, 1, 0, 0
30812, 1, 3, 3, 0, 1, 0
30814, 3, 1, 1, 0, 3, 0
30815, 2, 4, 4, 0, 2, 0
30816, 0, 2, 2, 0, 0, 0
30817, 0, 4, 3, 1, 0, 0
30818, 0, 2, 2, 0, 0, 0
30819, 0, 2, 1, 1, 0, 0
30820, 0, 1, 1, 0, 0, 0
30821, 11, 4, 3, 1, 8, 3
30822, 0, 1, 1, 0, 0, 0
30823, 0, 4, 4, 0, 0, 0
30824, 0, 3, 3, 0, 0, 0
30825, 0, 1, 1, 0, 0, 0
30826, 1, 3, 2, 1, 1, 0
30827, 3, 15, 13, 2, 2, 1
30828, 0, 2, 2, 0, 0, 0
30829, 0, 1, 1, 0, 0, 0
30830, 0, 6, 4, 2, 0, 0
30831, 0, 1, 1, 0, 0, 0
30832, 0, 2, 2, 0, 0, 0
30833, 0, 1, 1, 0, 0, 0
30834, 1, 1, 1, 0, 1, 0
30835, 0, 2, 1, 1, 0, 0
30836, 0, 1, 1, 0, 0, 0
30837, 0, 2, 2, 0, 0, 0
30838, 0, 3, 2, 1, 0, 0
30839, 0, 1, 1, 0, 0, 0
30840, 1, 12, 1, 11, 0, 1
30841, 4, 4, 3, 1, 2, 2
8750, 0, 4, 2, 2, 0, 0
1529, 85, 22, 17, 5, 54, 31
1559, 172, 69, 60, 9, 142, 30
2489, 83, 25, 24, 1, 57, 26
3188, 18, 13, 4, 9, 18, 0
3376, 18, 34, 29, 5, 15, 3
3504, 1, 32, 27, 5, 0, 1
3578, 14, 12, 10, 2, 13, 1
3786, 15, 40, 35, 5, 7, 8
4298, 6, 50, 35, 15, 5, 1
4712, 3, 7, 4, 3, 3, 0
4740, 1, 20, 16, 4, 1, 0
4753, 29, 36, 33, 3, 24, 5
5071, 197, 23, 15, 8, 47, 150
5079, 149, 15, 13, 2, 140, 9
5915, 0, 14, 12, 2, 0, 0
6242, 73, 29, 23, 6, 55, 18
6575, 24, 33, 19, 14, 24, 0
7147, 11, 7, 6, 1, 11, 0
8035, 4, 5, 5, 0, 4, 0
8040, 176, 22, 18, 4, 142, 34
8041, 33, 4, 4, 0, 24, 9
8042, 0, 4, 4, 0, 0, 0
8043, 23, 4, 3, 1, 22, 1
8046, 2, 1, 1, 0, 2, 0
8048, 20, 5, 5, 0, 7, 13
8050, 1, 5, 3, 2, 0, 1
8053, 136, 5, 5, 0, 136, 0
8054, 19, 8, 8, 0, 17, 2
8057, 164, 10, 2, 8, 0, 164
8058, 8, 1, 1, 0, 7, 1
8059, 3, 2, 2, 0, 2, 1
8060, 36, 4, 4, 0, 30, 6
8061, 163, 11, 8, 3, 113, 50
8062, 1, 5, 4, 1, 1, 0
8063, 0, 3, 1, 2, 0, 0
8065, 14, 7, 6, 1, 12, 2
8066, 18, 15, 7, 8, 18, 0
8067, 0, 4, 4, 0, 0, 0
8069, 46, 5, 5, 0, 46, 0
8070, 1, 2, 1, 1, 1, 0
8071, 16, 30, 23, 7, 12, 4
8072, 44, 13, 12, 1, 38, 6
8079, 6, 5, 3, 2, 6, 0
8082, 2, 5, 3, 2, 2, 0
8083, 2, 1, 1, 0, 2, 0
8084, 0, 2, 2, 0, 0, 0
8085, 3, 20, 19, 1, 2, 1
8086, 80, 18, 16, 2, 71, 9
8088, 0, 2, 2, 0, 0, 0
8091, 42, 5, 5, 0, 35, 7
8092, 0, 1, 1, 0, 0, 0
8093, 7, 3, 2, 1, 7, 0
8095, 6, 6, 5, 1, 4, 2
8096, 9, 1, 1, 0, 2, 7
8097, 10, 5, 3, 2, 10, 0
8098, 12, 2, 2, 0, 12, 0
8099, 15, 15, 11, 4, 15, 0
8100, 11, 8, 5, 3, 11, 0
8101, 0, 1, 1, 0, 0, 0
8104, 55, 4, 3, 1, 42, 13
8111, 32, 10, 9, 1, 29, 3
8112, 26, 9, 9, 0, 26, 0
8114, 35, 31, 23, 8, 21, 14
8115, 17, 42, 40, 2, 14, 3
8116, 17, 16, 10, 6, 17, 0
8117, 12, 5, 5, 0, 11, 1
8121, 40, 3, 2, 1, 39, 1
8122, 115, 18, 17, 1, 115, 0
8123, 64, 20, 15, 5, 41, 23
8124, 2, 1, 1, 0, 1, 1
8125, 9, 10, 8, 2, 9, 0
8128, 18, 2, 1, 1, 7, 11
8130, 0, 1, 1, 0, 0, 0
8131, 2, 1, 1, 0, 0, 2
8132, 110, 8, 6, 2, 78, 32
8133, 4, 1, 1, 0, 4, 0
8134, 2, 20, 17, 3, 2, 0
8137, 31, 35, 25, 10, 29, 2
8138, 4, 4, 4, 0, 4, 0
8139, 83, 4, 2, 2, 22, 61
8140, 0, 8, 8, 0, 0, 0
8142, 6, 10, 8, 2, 6, 0
8144, 28, 7, 7, 0, 19, 9
8146, 77, 29, 24, 5, 53, 24
8147, 24, 8, 4, 4, 7, 17
8148, 15, 6, 5, 1, 15, 0
8150, 0, 6, 3, 3, 0, 0
8152, 0, 18, 14, 4, 0, 0
8153, 8, 2, 1, 1, 0, 8
8154, 2, 5, 5, 0, 2, 0
8155, 30, 12, 10, 2, 20, 10
8156, 1, 3, 3, 0, 1, 0
8160, 1, 25, 23, 2, 1, 0
8161, 1, 2, 2, 0, 1, 0
8162, 18, 3, 3, 0, 14, 4
8164, 0, 2, 2, 0, 0, 0
8167, 17, 4, 4, 0, 17, 0
8168, 0, 20, 12, 8, 0, 0
8169, 0, 1, 1, 0, 0, 0
8170, 22, 12, 11, 1, 20, 2
8175, 0, 1, 1, 0, 0, 0
8176, 0, 6, 5, 1, 0, 0
8177, 12, 11, 9, 2, 12, 0
8181, 0, 1, 1, 0, 0, 0
8182, 8, 9, 6, 3, 4, 4
8183, 14, 2, 2, 0, 13, 1
8184, 31, 7, 7, 0, 31, 0
8186, 1, 5, 5, 0, 1, 0
8187, 10, 7, 7, 0, 10, 0
8188, 6, 3, 2, 1, 6, 0
8189, 8, 7, 6, 1, 8, 0
8190, 56, 16, 16, 0, 54, 2
8192, 2, 3, 1, 2, 2, 0
8194, 0, 6, 6, 0, 0, 0
8195, 27, 6, 6, 0, 15, 12
8196, 107, 36, 33, 3, 49, 58
8197, 9, 2, 2, 0, 9, 0
8198, 30, 6, 2, 4, 8, 22
8199, 118, 4, 3, 1, 93, 25
8201, 0, 4, 4, 0, 0, 0
8202, 26, 10, 10, 0, 26, 0
15792, 2, 7, 7, 0, 2, 0
15793, 3, 2, 1, 1, 1, 2
15794, 3, 6, 6, 0, 3, 0
2324, 1, 14, 14, 0, 1, 0
2367, 0, 21, 21, 0, 0, 0
2952, 35, 21, 21, 0, 35, 0
3187, 3, 49, 40, 9, 2, 1
3342, 1, 11, 10, 1, 1, 0
3833, 0, 13, 12, 1, 0, 0
4334, 4, 10, 7, 3, 4, 0
4640, 1, 42, 34, 8, 1, 0
5865, 0, 12, 8, 4, 0, 0
6475, 0, 7, 7, 0, 0, 0
6480, 8, 17, 13, 4, 5, 3
7433, 0, 12, 10, 2, 0, 0
7625, 11, 12, 7, 5, 5, 6
7801, 0, 4, 4, 0, 0, 0
9036, 6, 5, 4, 1, 6, 0
10072, 19, 35, 29, 6, 18, 1
10468, 9, 9, 9, 0, 9, 0
10586, 0, 24, 23, 1, 0, 0
10850, 12, 10, 7, 3, 1, 11
11398, 15, 46, 35, 11, 15, 0
11700, 3, 18, 16, 2, 3, 0
11800, 0, 18, 12, 6, 0, 0
11844, 16, 19, 14, 5, 9, 7
12245, 0, 8, 8, 0, 0, 0
13355, 44, 15, 11, 4, 42, 2
13384, 3, 24, 22, 2, 2, 1
13495, 136, 16, 10, 6, 6, 130
13865, 0, 11, 9, 2, 0, 0
14752, 15, 47, 36, 11, 15, 0
14805, 0, 9, 9, 0, 0, 0
16215, 3, 55, 53, 2, 3, 0
16854, 5, 6, 6, 0, 5, 0
17059, 24, 27, 24, 3, 22, 2
17103, 0, 3, 3, 0, 0, 0
17612, 0, 13, 12, 1, 0, 0
19036, 0, 6, 2, 4, 0, 0
19475, 2, 2, 2, 0, 2, 0
20271, 2, 2, 1, 1, 2, 0
21731, 4, 9, 7, 2, 4, 0
22079, 29, 15, 15, 0, 29, 0
23459, 0, 5, 1, 4, 0, 0
23962, 2, 8, 8, 0, 0, 2
25067, 46, 21, 17, 4, 44, 2
25178, 1, 8, 6, 2, 0, 1
25576, 1, 8, 8, 0, 1, 0
26267, 0, 4, 4, 0, 0, 0
27205, 0, 13, 13, 0, 0, 0
30119, 0, 9, 7, 2, 0, 0
32574, 1, 7, 5, 2, 1, 0
32579, 2, 9, 6, 3, 0, 2
34067, 0, 7, 7, 0, 0, 0
34666, 4, 2, 2, 0, 4, 0
35452, 4, 4, 4, 0, 3, 1
37959, 3, 6, 5, 1, 2, 1
37996, 0, 3, 2, 1, 0, 0
38100, 0, 4, 3, 1, 0, 0
38101, 0, 2, 2, 0, 0, 0
38102, 0, 1, 1, 0, 0, 0
38103, 0, 2, 2, 0, 0, 0
38104, 9, 2, 2, 0, 9, 0
38105, 0, 1, 1, 0, 0, 0
38106, 0, 2, 2, 0, 0, 0
38107, 0, 1, 1, 0, 0, 0
38108, 0, 1, 1, 0, 0, 0
38109, 1, 4, 4, 0, 0, 1
38110, 5, 3, 3, 0, 5, 0
38111, 5, 6, 5, 1, 5, 0
38112, 0, 1, 1, 0, 0, 0
38113, 18, 7, 5, 2, 17, 1
38114, 1, 1, 1, 0, 0, 1
38115, 6, 3, 3, 0, 6, 0
38116, 1, 4, 2, 2, 1, 0
38117, 0, 1, 1, 0, 0, 0
38118, 0, 1, 1, 0, 0, 0
38119, 6, 6, 5, 1, 6, 0
38120, 3, 1, 1, 0, 3, 0
38121, 9, 4, 4, 0, 9, 0
38122, 0, 5, 5, 0, 0, 0
38123, 0, 4, 4, 0, 0, 0
38124, 0, 1, 0, 1, 0, 0
23509, 0, 1, 1, 0, 0, 0
23510, 2, 2, 2, 0, 2, 0
23511, 0, 3, 2, 1, 0, 0
3769, 59, 44, 43, 1, 57, 2
6632, 6, 14, 7, 7, 5, 1
13556, 0, 13, 13, 0, 0, 0
14070, 0, 3, 3, 0, 0, 0
26821, 13, 9, 7, 2, 13, 0
29581, 17, 17, 15, 2, 17, 0
31440, 1, 26, 21, 5, 1, 0
34373, 4, 3, 3, 0, 4, 0
38125, 1, 2, 2, 0, 1, 0
38126, 0, 4, 4, 0, 0, 0
38127, 0, 2, 1, 1, 0, 0
38128, 0, 1, 1, 0, 0, 0
38129, 0, 1, 1, 0, 0, 0
2308, 35, 71, 24, 47, 35, 0
3693, 4, 21, 10, 11, 4, 0
4483, 27, 12, 6, 6, 27, 0
5383, 72, 15, 9, 6, 36, 36
5490, 166, 50, 8, 42, 3, 163
5708, 10, 12, 10, 2, 10, 0
6743, 1, 55, 12, 43, 0, 1
6903, 0, 2, 0, 2, 0, 0
6912, 0, 4, 0, 4, 0, 0
8331, 4, 36, 9, 27, 3, 1
9059, 34, 39, 26, 13, 25, 9
10045, 0, 10, 1, 9, 0, 0
10097, 4, 27, 8, 19, 4, 0
10618, 9, 20, 8, 12, 9, 0
10896, 12, 11, 4, 7, 11, 1
10911, 118, 22, 6, 16, 4, 114
11894, 7, 11, 3, 8, 6, 1
12442, 11, 11, 5, 6, 6, 5
12805, 2, 35, 9, 26, 2, 0
13222, 0, 7, 2, 5, 0, 0
13299, 4, 8, 4, 4, 4, 0
14117, 1, 36, 8, 28, 1, 0
14551, 1, 12, 1, 11, 0, 1
15064, 4, 31, 27, 4, 3, 1
18578, 0, 3, 2, 1, 0, 0
20253, 5, 8, 3, 5, 2, 3
20540, 0, 2, 0, 2, 0, 0
21087, 0, 5, 3, 2, 0, 0
21099, 0, 4, 1, 3, 0, 0
22365, 0, 7, 6, 1, 0, 0
22452, 2, 19, 5, 14, 2, 0
22620, 0, 6, 1, 5, 0, 0
24644, 44, 4, 4, 0, 38, 6
25941, 9, 10, 2, 8, 9, 0
25948, 10, 13, 3, 10, 10, 0
26228, 0, 6, 2, 4, 0, 0
27533, 0, 4, 0, 4, 0, 0
27813, 6, 10, 3, 7, 5, 1
28230, 0, 9, 3, 6, 0, 0
28321, 1, 22, 9, 13, 1, 0
28518, 1, 20, 4, 16, 0, 1
29398, 36, 15, 3, 12, 18, 18
36566, 0, 3, 2, 1, 0, 0
36990, 0, 2, 1, 1, 0, 0
37670, 7, 6, 2, 4, 2, 5
38130, 1, 1, 1, 0, 0, 1
38131, 0, 1, 1, 0, 0, 0
38132, 7, 3, 3, 0, 7, 0
38133, 0, 1, 0, 1, 0, 0
38134, 0, 1, 0, 1, 0, 0
38135, 0, 1, 0, 1, 0, 0
38136, 0, 3, 0, 3, 0, 0
38137, 0, 2, 0, 2, 0, 0
38138, 0, 3, 0, 3, 0, 0
38139, 16, 7, 2, 5, 0, 16
38140, 0, 4, 2, 2, 0, 0
38141, 0, 1, 0, 1, 0, 0
38142, 0, 3, 1, 2, 0, 0
38143, 2, 1, 0, 1, 2, 0
38144, 0, 2, 0, 2, 0, 0
38145, 0, 2, 1, 1, 0, 0
38146, 0, 1, 0, 1, 0, 0
38147, 0, 2, 0, 2, 0, 0
38148, 6, 5, 1, 4, 3, 3
38149, 0, 3, 0, 3, 0, 0
38150, 0, 2, 0, 2, 0, 0
38151, 1, 5, 2, 3, 0, 1
38152, 0, 3, 0, 3, 0, 0
38153, 0, 2, 0, 2, 0, 0
38154, 5, 3, 2, 1, 4, 1
38155, 15, 3, 2, 1, 15, 0
38156, 0, 2, 1, 1, 0, 0
38157, 1, 2, 1, 1, 1, 0
38158, 0, 6, 1, 5, 0, 0
38159, 1, 1, 0, 1, 1, 0
38160, 0, 2, 0, 2, 0, 0
38161, 0, 2, 1, 1, 0, 0
38162, 2, 4, 0, 4, 1, 1
2761, 16, 9, 7, 2, 15, 1
3126, 19, 23, 17, 6, 16, 3
3360, 98, 19, 16, 3, 82, 16
3392, 0, 39, 26, 13, 0, 0
4323, 51, 53, 48, 5, 47, 4
4353, 128, 28, 26, 2, 36, 92
4650, 21, 12, 11, 1, 17, 4
5272, 44, 12, 11, 1, 26, 18
5322, 144, 28, 12, 16, 67, 77
5338, 5, 36, 33, 3, 5, 0
5561, 17, 9, 6, 3, 16, 1
5906, 109, 9, 9, 0, 109, 0
5910, 27, 32, 25, 7, 27, 0
6095, 74, 37, 26, 11, 72, 2
6212, 46, 8, 7, 1, 15, 31
6223, 93, 8, 3, 5, 65, 28
6621, 39, 17, 6, 11, 26, 13
7492, 56, 35, 20, 15, 56, 0
7552, 22, 8, 8, 0, 19, 3
7553, 32, 7, 4, 3, 31, 1
7554, 7, 2, 2, 0, 6, 1
7555, 0, 1, 1, 0, 0, 0
7557, 168, 42, 40, 2, 126, 42
7558, 7, 2, 2, 0, 7, 0
7559, 22, 22, 7, 15, 21, 1
7562, 15, 2, 2, 0, 15, 0
7563, 19, 8, 8, 0, 18, 1
7565, 35, 14, 11, 3, 34, 1
7566, 6, 6, 6, 0, 6, 0
7567, 84, 6, 6, 0, 84, 0
7568, 88, 15, 15, 0, 86, 2
7569, 14, 8, 7, 1, 14, 0
7571, 92, 7, 6, 1, 86, 6
7573, 26, 12, 12, 0, 26, 0
7574, 35, 6, 5, 1, 10, 25
7575, 25, 2, 2, 0, 15, 10
7579, 0, 1, 1, 0, 0, 0
7582, 19, 15, 13, 2, 15, 4
7583, 16, 3, 2, 1, 15, 1
7585, 1, 1, 1, 0, 1, 0
7586, 195, 13, 13, 0, 151, 44
7587, 52, 9, 9, 0, 40, 12
7590, 10, 1, 1, 0, 9, 1
7592, 54, 4, 2, 2, 53, 1
7594, 34, 8, 8, 0, 34, 0
7596, 21, 15, 14, 1, 16, 5
7597, 45, 13, 11, 2, 41, 4
7598, 77, 12, 12, 0, 73, 4
7600, 14, 8, 8, 0, 13, 1
7601, 0, 6, 4, 2, 0, 0
7607, 46, 25, 21, 4, 21, 25
7608, 0, 1, 1, 0, 0, 0
7609, 33, 17, 16, 1, 32, 1
7610, 25, 5, 3, 2, 23, 2
7611, 22, 6, 6, 0, 18, 4
7612, 0, 24, 11, 13, 0, 0
7613, 20, 26, 20, 6, 12, 8
7614, 113, 24, 15, 9, 69, 44
7618, 124, 10, 9, 1, 101, 23
7619, 84, 25, 22, 3, 57, 27
7620, 39, 2, 2, 0, 29, 10
7622, 13, 3, 2, 1, 11, 2
7623, 2, 4, 2, 2, 0, 2
7624, 88, 10, 5, 5, 26, 62
7628, 33, 8, 3, 5, 26, 7
7629, 0, 1, 0, 1, 0, 0
7630, 12, 26, 12, 14, 8, 4
7632, 37, 11, 8, 3, 2, 35
7633, 6, 11, 10, 1, 5, 1
7634, 202, 18, 3, 15, 29, 173
7635, 32, 6, 5, 1, 31, 1
7636, 5, 2, 1, 1, 2, 3
7637, 22, 3, 0, 3, 6, 16
7638, 201, 13, 6, 7, 0, 201
7639, 4, 1, 0, 1, 4, 0
7640, 168, 4, 0, 4, 0, 168
7642, 9, 7, 5, 2, 9, 0
7643, 0, 2, 1, 1, 0, 0
7646, 7, 2, 1, 1, 4, 3
7647, 17, 4, 0, 4, 1, 16
7650, 5, 2, 1, 1, 2, 3
7652, 3, 3, 0, 3, 3, 0
7653, 3, 1, 0, 1, 0, 3
7655, 4, 8, 6, 2, 0, 4
7657, 22, 3, 2, 1, 22, 0
7658, 7, 1, 0, 1, 3, 4
7659, 13, 5, 4, 1, 12, 1
7660, 49, 30, 27, 3, 46, 3
7661, 3, 1, 0, 1, 3, 0
7663, 63, 14, 8, 6, 22, 41
1857, 21, 91, 83, 8, 19, 2
7899, 3, 7, 7, 0, 3, 0
8759, 25, 29, 19, 10, 23, 2
11553, 2, 13, 9, 4, 2, 0
11712, 17, 2, 2, 0, 17, 0
16002, 0, 1, 1, 0, 0, 0
16003, 12, 3, 2, 1, 12, 0
16004, 7, 6, 5, 1, 7, 0
16006, 3, 1, 1, 0, 3, 0
16007, 1, 1, 1, 0, 1, 0
16008, 20, 5, 5, 0, 18, 2
16012, 3, 5, 3, 2, 1, 2
16014, 18, 3, 2, 1, 18, 0
16015, 1, 1, 1, 0, 1, 0
16016, 0, 1, 1, 0, 0, 0
13718, 0, 29, 29, 0, 0, 0
20010, 24, 6, 4, 2, 15, 9
14688, 127, 4, 4, 0, 127, 0
24960, 0, 6, 4, 2, 0, 0
27935, 9, 4, 4, 0, 9, 0
35188, 2, 5, 4, 1, 2, 0
38163, 28, 8, 6, 2, 28, 0
38164, 3, 1, 1, 0, 3, 0
38165, 6, 1, 1, 0, 6, 0
38166, 9, 1, 1, 0, 9, 0
38167, 0, 3, 2, 1, 0, 0
2407, 61, 8, 8, 0, 50, 11
3616, 134, 41, 33, 8, 65, 69
4401, 184, 13, 8, 5, 78, 106
4714, 73, 6, 5, 1, 67, 6
5315, 55, 7, 5, 2, 37, 18
5330, 0, 4, 4, 0, 0, 0
5685, 47, 8, 6, 2, 31, 16
7917, 70, 7, 3, 4, 40, 30
8686, 195, 13, 13, 0, 189, 6
9380, 78, 23, 17, 6, 57, 21
10428, 54, 16, 11, 5, 36, 18
12098, 8, 8, 4, 4, 3, 5
12220, 59, 34, 17, 17, 40, 19
12764, 22, 11, 8, 3, 13, 9
12808, 3, 15, 13, 2, 1, 2
13641, 18, 14, 8, 6, 18, 0
14492, 46, 5, 5, 0, 24, 22
14825, 78, 28, 23, 5, 34, 44
15406, 0, 8, 5, 3, 0, 0
15442, 14, 18, 12, 6, 6, 8
17036, 95, 4, 4, 0, 31, 64
18617, 0, 25, 9, 16, 0, 0
20259, 0, 4, 1, 3, 0, 0
20534, 25, 9, 6, 3, 18, 7
21504, 0, 6, 2, 4, 0, 0
21750, 87, 29, 21, 8, 19, 68
21773, 0, 18, 12, 6, 0, 0
22137, 0, 8, 5, 3, 0, 0
22263, 17, 11, 9, 2, 11, 6
23753, 0, 2, 0, 2, 0, 0
23910, 32, 15, 9, 6, 23, 9
25823, 2, 5, 4, 1, 2, 0
27006, 7, 2, 2, 0, 7, 0
27071, 21, 11, 9, 2, 21, 0
27950, 98, 10, 9, 1, 59, 39
27966, 22, 21, 17, 4, 13, 9
28071, 71, 23, 11, 12, 35, 36
29642, 201, 15, 7, 8, 22, 179
30743, 0, 8, 5, 3, 0, 0
31366, 1, 12, 11, 1, 1, 0
36620, 2, 3, 0, 3, 1, 1
37995, 9, 2, 2, 0, 8, 1
37997, 13, 2, 2, 0, 9, 4
37998, 33, 4, 3, 1, 33, 0
37999, 56, 5, 4, 1, 32, 24
38000, 1, 1, 1, 0, 1, 0
38001, 59, 2, 0, 2, 59, 0
38002, 0, 1, 0, 1, 0, 0
38003, 1, 1, 0, 1, 0, 1
38004, 78, 8, 6, 2, 16, 62
38005, 0, 1, 0, 1, 0, 0
38006, 44, 10, 9, 1, 38, 6
38007, 2, 2, 0, 2, 0, 2
38008, 2, 1, 0, 1, 0, 2
38009, 10, 5, 1, 4, 10, 0
38010, 2, 7, 6, 1, 2, 0
38011, 4, 3, 2, 1, 2, 2
38012, 0, 4, 0, 4, 0, 0
38013, 63, 3, 0, 3, 21, 42
38014, 52, 8, 6, 2, 30, 22
38015, 36, 2, 0, 2, 0, 36
38016, 19, 2, 1, 1, 17, 2
38017, 0, 2, 0, 2, 0, 0
38018, 0, 4, 1, 3, 0, 0
1984, 0, 4, 4, 0, 0, 0
4301, 8, 7, 5, 2, 7, 1
4812, 3, 13, 12, 1, 3, 0
4841, 10, 22, 15, 7, 8, 2
5089, 1, 9, 9, 0, 1, 0
5815, 11, 14, 6, 8, 11, 0
6494, 35, 9, 6, 3, 35, 0
6573, 0, 6, 1, 5, 0, 0
7000, 0, 29, 17, 12, 0, 0
7257, 6, 34, 6, 28, 6, 0
7921, 1, 12, 10, 2, 1, 0
7937, 0, 7, 3, 4, 0, 0
8445, 0, 9, 6, 3, 0, 0
10088, 0, 7, 0, 7, 0, 0
11510, 0, 9, 0, 9, 0, 0
11893, 0, 7, 3, 4, 0, 0
12023, 1, 6, 4, 2, 1, 0
12215, 5, 12, 5, 7, 5, 0
12357, 1, 4, 2, 2, 1, 0
12478, 10, 18, 2, 16, 8, 2
13078, 16, 37, 11, 26, 13, 3
13533, 8, 14, 7, 7, 8, 0
14625, 0, 6, 6, 0, 0, 0
15602, 0, 11, 10, 1, 0, 0
19831, 4, 4, 0, 4, 1, 3
21931, 0, 8, 6, 2, 0, 0
24964, 4, 5, 5, 0, 3, 1
25930, 7, 5, 1, 4, 3, 4
26701, 56, 16, 9, 7, 6, 50
27404, 3, 19, 16, 3, 2, 1
28266, 8, 6, 2, 4, 5, 3
31031, 1, 11, 8, 3, 0, 1
33249, 1, 11, 7, 4, 0, 1
33317, 0, 4, 2, 2, 0, 0
34344, 0, 4, 3, 1, 0, 0
35472, 7, 2, 1, 1, 7, 0
37398, 21, 9, 4, 5, 20, 1
38168, 4, 6, 6, 0, 4, 0
38169, 6, 1, 1, 0, 6, 0
38170, 3, 2, 2, 0, 3, 0
38171, 0, 1, 0, 1, 0, 0
38172, 0, 1, 0, 1, 0, 0
38173, 0, 1, 0, 1, 0, 0
38174, 8, 7, 3, 4, 6, 2
38175, 1, 4, 2, 2, 1, 0
38176, 0, 1, 0, 1, 0, 0
38177, 0, 3, 2, 1, 0, 0
38178, 1, 2, 1, 1, 1, 0
38179, 17, 6, 1, 5, 9, 8
38180, 0, 2, 0, 2, 0, 0
38181, 8, 8, 6, 2, 7, 1
38182, 1, 3, 2, 1, 1, 0
5538, 7, 5, 5, 0, 7, 0
6470, 24, 19, 15, 4, 23, 1
7197, 6, 11, 9, 2, 5, 1
7199, 13, 5, 4, 1, 9, 4
7822, 3, 13, 8, 5, 0, 3
8794, 0, 75, 51, 24, 0, 0
9083, 3, 6, 6, 0, 3, 0
9110, 5, 18, 17, 1, 5, 0
9938, 0, 10, 10, 0, 0, 0
11479, 18, 14, 13, 1, 14, 4
12474, 1, 6, 6, 0, 1, 0
14933, 1, 37, 25, 12, 1, 0
17748, 16, 7, 7, 0, 16, 0
20395, 0, 12, 12, 0, 0, 0
21694, 3, 2, 2, 0, 3, 0
23188, 4, 11, 9, 2, 3, 1
24024, 42, 14, 12, 2, 32, 10
30369, 1, 5, 5, 0, 0, 1
30597, 18, 8, 6, 2, 14, 4
32972, 12, 13, 9, 4, 7, 5
33429, 0, 4, 3, 1, 0, 0
38183, 0, 3, 2, 1, 0, 0
38184, 0, 2, 2, 0, 0, 0
38185, 0, 3, 2, 1, 0, 0
38186, 0, 3, 3, 0, 0, 0
38187, 7, 9, 5, 4, 6, 1
38188, 0, 2, 2, 0, 0, 0
38189, 0, 6, 5, 1, 0, 0
7143, 39, 33, 29, 4, 39, 0
9518, 0, 19, 12, 7, 0, 0
11582, 11, 9, 8, 1, 11, 0
13909, 6, 7, 6, 1, 6, 0
15479, 9, 2, 2, 0, 8, 1
16292, 1, 14, 11, 3, 1, 0
18337, 7, 5, 5, 0, 7, 0
22688, 6, 5, 3, 2, 5, 1
23561, 123, 4, 4, 0, 122, 1
24111, 25, 5, 5, 0, 23, 2
24680, 0, 1, 1, 0, 0, 0
24681, 2, 2, 2, 0, 0, 2
24683, 0, 1, 1, 0, 0, 0
24684, 0, 1, 1, 0, 0, 0
3447, 6, 33, 24, 9, 6, 0
10799, 2, 12, 11, 1, 2, 0
20671, 0, 7, 7, 0, 0, 0
20843, 2, 14, 6, 8, 2, 0
21873, 27, 11, 10, 1, 25, 2
22755, 0, 5, 5, 0, 0, 0
23868, 1, 6, 4, 2, 1, 0
37207, 1, 5, 4, 1, 1, 0
37673, 5, 6, 6, 0, 4, 1
38190, 4, 4, 4, 0, 4, 0
38191, 0, 2, 1, 1, 0, 0
38192, 1, 2, 1, 1, 0, 1
15061, 203, 54, 54, 0, 183, 20
22095, 0, 3, 3, 0, 0, 0
38193, 0, 6, 6, 0, 0, 0
38194, 0, 1, 0, 1, 0, 0
5418, 0, 70, 68, 2, 0, 0
17558, 0, 6, 6, 0, 0, 0
28379, 7, 4, 4, 0, 7, 0
38195, 1, 3, 3, 0, 1, 0
38196, 0, 2, 2, 0, 0, 0
38197, 0, 1, 1, 0, 0, 0
1970, 2, 17, 17, 0, 2, 0
4288, 0, 5, 2, 3, 0, 0
5924, 0, 3, 3, 0, 0, 0
6441, 0, 8, 7, 1, 0, 0
21013, 93, 11, 11, 0, 93, 0
23392, 0, 3, 3, 0, 0, 0
23393, 10, 2, 2, 0, 10, 0
23396, 13, 3, 3, 0, 11, 2
23403, 1, 4, 4, 0, 1, 0
23407, 0, 8, 8, 0, 0, 0
23412, 0, 2, 2, 0, 0, 0
28864, 0, 2, 2, 0, 0, 0
38198, 0, 1, 1, 0, 0, 0
38199, 4, 2, 2, 0, 4, 0
38200, 0, 1, 1, 0, 0, 0
5562, 0, 65, 65, 0, 0, 0
38201, 2, 1, 1, 0, 2, 0
38202, 0, 1, 1, 0, 0, 0
3062, 70, 16, 16, 0, 70, 0
5706, 3, 37, 23, 14, 2, 1
7222, 5, 15, 9, 6, 3, 2
12060, 0, 4, 0, 4, 0, 0
13195, 19, 10, 5, 5, 7, 12
17633, 12, 29, 25, 4, 12, 0
17780, 0, 6, 3, 3, 0, 0
21942, 16, 13, 11, 2, 13, 3
22758, 0, 6, 6, 0, 0, 0
24673, 4, 9, 8, 1, 4, 0
25747, 9, 3, 3, 0, 6, 3
25852, 0, 9, 9, 0, 0, 0
26325, 0, 9, 9, 0, 0, 0
30036, 21, 17, 7, 10, 14, 7
30521, 0, 6, 3, 3, 0, 0
31324, 0, 15, 13, 2, 0, 0
38203, 0, 3, 2, 1, 0, 0
38204, 2, 3, 2, 1, 2, 0
38205, 0, 2, 2, 0, 0, 0
38206, 6, 5, 4, 1, 6, 0
38207, 9, 12, 10, 2, 8, 1
38208, 14, 1, 1, 0, 8, 6
38209, 36, 5, 4, 1, 36, 0
38210, 1, 2, 2, 0, 1, 0
38211, 4, 5, 5, 0, 4, 0
38212, 0, 1, 1, 0, 0, 0
38213, 0, 2, 2, 0, 0, 0
38214, 0, 1, 1, 0, 0, 0
38215, 0, 5, 5, 0, 0, 0
38216, 1, 5, 5, 0, 1, 0
38217, 0, 1, 1, 0, 0, 0
38218, 2, 8, 8, 0, 2, 0
38219, 0, 1, 1, 0, 0, 0
38220, 10, 2, 0, 2, 2, 8
38221, 1, 1, 0, 1, 1, 0
4959, 1, 5, 3, 2, 1, 0
5349, 3, 10, 8, 2, 3, 0
8977, 4, 23, 19, 4, 4, 0
18588, 24, 12, 10, 2, 21, 3
37203, 6, 13, 9, 4, 3, 3
38222, 1, 9, 5, 4, 0, 1
38223, 7, 13, 8, 5, 6, 1
18147, 0, 15, 5, 10, 0, 0
38224, 0, 1, 1, 0, 0, 0
38225, 2, 1, 1, 0, 2, 0
38226, 0, 1, 0, 1, 0, 0
1566, 22, 88, 75, 13, 21, 1
2871, 8, 83, 37, 46, 5, 3
3155, 41, 14, 13, 1, 41, 0
5478, 3, 14, 10, 4, 2, 1
7974, 163, 54, 47, 7, 118, 45
9093, 0, 20, 16, 4, 0, 0
10630, 35, 22, 10, 12, 11, 24
11133, 0, 11, 10, 1, 0, 0
11826, 48, 13, 13, 0, 44, 4
12720, 0, 41, 39, 2, 0, 0
13614, 11, 23, 16, 7, 11, 0
16949, 0, 12, 4, 8, 0, 0
17815, 0, 14, 11, 3, 0, 0
17980, 4, 14, 13, 1, 4, 0
20277, 1, 26, 23, 3, 1, 0
24462, 4, 4, 4, 0, 4, 0
25934, 0, 11, 9, 2, 0, 0
28473, 0, 9, 6, 3, 0, 0
29553, 1, 4, 4, 0, 1, 0
31342, 2, 10, 4, 6, 0, 2
33087, 3, 11, 11, 0, 3, 0
35477, 4, 4, 3, 1, 4, 0
38227, 2, 2, 2, 0, 2, 0
38228, 0, 9, 8, 1, 0, 0
38229, 1, 2, 2, 0, 1, 0
38230, 1, 2, 2, 0, 1, 0
38231, 0, 1, 1, 0, 0, 0
38232, 6, 1, 1, 0, 6, 0
38233, 0, 2, 1, 1, 0, 0
38234, 30, 11, 8, 3, 25, 5
38235, 0, 4, 4, 0, 0, 0
38236, 2, 2, 2, 0, 2, 0
38237, 3, 1, 1, 0, 3, 0
38238, 0, 4, 4, 0, 0, 0
38239, 0, 7, 2, 5, 0, 0
38240, 0, 1, 1, 0, 0, 0
38241, 0, 2, 2, 0, 0, 0
1560, 3, 11, 5, 6, 1, 2
1627, 0, 37, 34, 3, 0, 0
2248, 48, 30, 25, 5, 31, 17
2721, 0, 11, 5, 6, 0, 0
3193, 0, 8, 5, 3, 0, 0
3312, 0, 10, 9, 1, 0, 0
3354, 3, 33, 18, 15, 0, 3
3435, 11, 56, 25, 31, 8, 3
3874, 0, 14, 13, 1, 0, 0
3962, 2, 36, 9, 27, 1, 1
4041, 1, 13, 7, 6, 1, 0
4453, 6, 12, 9, 3, 6, 0
4476, 2, 14, 7, 7, 2, 0
4487, 21, 54, 18, 36, 21, 0
4519, 0, 8, 6, 2, 0, 0
4637, 4, 53, 30, 23, 3, 1
4872, 10, 9, 8, 1, 5, 5
4997, 3, 55, 44, 11, 3, 0
5404, 7, 13, 12, 1, 7, 0
5578, 4, 26, 10, 16, 1, 3
5862, 18, 63, 42, 21, 0, 18
6149, 0, 45, 21, 24, 0, 0
6188, 16, 42, 30, 12, 12, 4
6358, 0, 27, 18, 9, 0, 0
6705, 19, 19, 16, 3, 18, 1
6756, 0, 71, 50, 21, 0, 0
6868, 4, 9, 7, 2, 4, 0
7312, 0, 2, 2, 0, 0, 0
7806, 0, 5, 2, 3, 0, 0
8444, 2, 14, 5, 9, 2, 0
8650, 0, 16, 9, 7, 0, 0
9229, 13, 5, 2, 3, 6, 7
9713, 0, 26, 17, 9, 0, 0
9944, 0, 29, 18, 11, 0, 0
10499, 0, 34, 13, 21, 0, 0
11138, 5, 23, 15, 8, 5, 0
11346, 26, 39, 33, 6, 23, 3
11375, 37, 23, 18, 5, 37, 0
11503, 0, 10, 9, 1, 0, 0
11723, 1, 21, 21, 0, 0, 1
11769, 0, 32, 30, 2, 0, 0
11815, 32, 17, 7, 10, 13, 19
11823, 2, 22, 18, 4, 2, 0
12096, 33, 10, 6, 4, 21, 12
12163, 36, 26, 18, 8, 30, 6
12241, 6, 15, 4, 11, 4, 2
12607, 3, 20, 9, 11, 1, 2
13481, 2, 4, 4, 0, 0, 2
13500, 3, 35, 25, 10, 3, 0
14360, 5, 2, 0, 2, 5, 0
14515, 2, 16, 10, 6, 2, 0
14653, 0, 11, 0, 11, 0, 0
14837, 0, 4, 4, 0, 0, 0
14892, 35, 11, 10, 1, 17, 18
14990, 1, 15, 5, 10, 1, 0
15154, 0, 9, 4, 5, 0, 0
15779, 0, 9, 9, 0, 0, 0
16140, 9, 6, 6, 0, 9, 0
16507, 0, 13, 10, 3, 0, 0
16732, 0, 16, 13, 3, 0, 0
17097, 0, 10, 5, 5, 0, 0
17778, 1, 11, 6, 5, 0, 1
17849, 0, 7, 3, 4, 0, 0
18538, 0, 13, 9, 4, 0, 0
18864, 45, 19, 13, 6, 42, 3
19195, 0, 2, 0, 2, 0, 0
19345, 12, 9, 7, 2, 12, 0
20099, 2, 9, 9, 0, 2, 0
21100, 0, 6, 1, 5, 0, 0
21171, 11, 6, 4, 2, 7, 4
21516, 34, 35, 25, 10, 20, 14
21645, 0, 19, 13, 6, 0, 0
21651, 0, 5, 4, 1, 0, 0
21653, 1, 5, 3, 2, 1, 0
21999, 2, 11, 6, 5, 1, 1
22010, 2, 27, 25, 2, 1, 1
22072, 1, 7, 4, 3, 1, 0
22379, 0, 3, 3, 0, 0, 0
22388, 0, 7, 5, 2, 0, 0
22839, 0, 11, 6, 5, 0, 0
23129, 0, 7, 5, 2, 0, 0
24579, 14, 14, 7, 7, 7, 7
24708, 2, 10, 7, 3, 2, 0
25034, 36, 7, 4, 3, 24, 12
25143, 4, 12, 7, 5, 3, 1
25157, 23, 5, 2, 3, 0, 23
25827, 0, 4, 2, 2, 0, 0
26230, 8, 26, 23, 3, 8, 0
27580, 5, 2, 1, 1, 5, 0
27968, 1, 3, 2, 1, 1, 0
28106, 13, 14, 8, 6, 12, 1
28465, 6, 11, 11, 0, 5, 1
29213, 9, 3, 0, 3, 9, 0
29471, 2, 3, 1, 2, 2, 0
30623, 0, 5, 2, 3, 0, 0
30870, 1, 5, 4, 1, 1, 0
30935, 20, 25, 20, 5, 17, 3
31220, 2, 25, 10, 15, 2, 0
32671, 0, 9, 3, 6, 0, 0
33254, 16, 11, 10, 1, 14, 2
33295, 2, 5, 4, 1, 1, 1
33385, 6, 5, 3, 2, 6, 0
34415, 2, 1, 1, 0, 2, 0
34810, 0, 2, 0, 2, 0, 0
34968, 0, 4, 2, 2, 0, 0
35634, 0, 13, 8, 5, 0, 0
36047, 1, 3, 3, 0, 1, 0
36438, 0, 2, 1, 1, 0, 0
37062, 1, 3, 3, 0, 1, 0
37557, 1, 2, 2, 0, 1, 0
37919, 0, 8, 2, 6, 0, 0
38312, 1, 8, 3, 5, 0, 1
38324, 0, 11, 10, 1, 0, 0
38455, 1, 4, 2, 2, 0, 1
39148, 0, 2, 1, 1, 0, 0
39270, 7, 5, 4, 1, 7, 0
39271, 0, 1, 1, 0, 0, 0
39272, 0, 1, 1, 0, 0, 0
39273, 0, 2, 1, 1, 0, 0
39274, 0, 4, 3, 1, 0, 0
39275, 1, 3, 3, 0, 1, 0
39276, 1, 2, 2, 0, 1, 0
39277, 0, 1, 1, 0, 0, 0
39278, 4, 1, 1, 0, 3, 1
39279, 0, 2, 2, 0, 0, 0
39280, 3, 3, 3, 0, 3, 0
39281, 0, 1, 1, 0, 0, 0
39282, 0, 1, 1, 0, 0, 0
39283, 0, 1, 1, 0, 0, 0
39284, 2, 4, 4, 0, 2, 0
39285, 0, 4, 0, 4, 0, 0
39286, 19, 4, 2, 2, 2, 17
39287, 0, 1, 0, 1, 0, 0
39288, 0, 2, 1, 1, 0, 0
39289, 0, 3, 1, 2, 0, 0
39290, 0, 1, 0, 1, 0, 0
39291, 0, 2, 0, 2, 0, 0
39292, 0, 2, 1, 1, 0, 0
39293, 2, 3, 0, 3, 2, 0
39294, 1, 1, 0, 1, 0, 1
39295, 0, 2, 1, 1, 0, 0
39296, 0, 4, 2, 2, 0, 0
39297, 0, 3, 0, 3, 0, 0
39298, 1, 5, 1, 4, 1, 0
39299, 3, 1, 0, 1, 2, 1
39300, 0, 1, 0, 1, 0, 0
39301, 0, 1, 0, 1, 0, 0
39302, 0, 2, 0, 2, 0, 0
39303, 1, 4, 1, 3, 0, 1
39304, 0, 1, 0, 1, 0, 0
39305, 0, 2, 1, 1, 0, 0
39306, 0, 1, 0, 1, 0, 0
39307, 10, 7, 4, 3, 10, 0
39308, 0, 1, 0, 1, 0, 0
39309, 0, 2, 1, 1, 0, 0
39310, 3, 5, 3, 2, 2, 1
39311, 0, 1, 0, 1, 0, 0
39312, 2, 2, 0, 2, 2, 0
39313, 1, 1, 0, 1, 1, 0
39314, 6, 1, 0, 1, 6, 0
39315, 0, 2, 0, 2, 0, 0
39316, 0, 3, 1, 2, 0, 0
39317, 0, 1, 0, 1, 0, 0
39318, 0, 1, 0, 1, 0, 0
39319, 0, 1, 0, 1, 0, 0
39320, 0, 1, 0, 1, 0, 0
39321, 1, 4, 1, 3, 1, 0
39322, 1, 10, 4, 6, 1, 0
39323, 0, 1, 0, 1, 0, 0
4515, 7, 28, 18, 10, 2, 5
5425, 1, 13, 7, 6, 0, 1
8319, 0, 14, 7, 7, 0, 0
10829, 31, 23, 21, 2, 20, 11
11376, 14, 25, 24, 1, 14, 0
14465, 0, 11, 11, 0, 0, 0
14469, 0, 21, 21, 0, 0, 0
16048, 0, 34, 31, 3, 0, 0
16281, 1, 15, 14, 1, 1, 0
21896, 0, 4, 4, 0, 0, 0
22214, 0, 13, 12, 1, 0, 0
25626, 0, 5, 5, 0, 0, 0
29655, 1, 15, 15, 0, 1, 0
30486, 2, 8, 6, 2, 2, 0
30937, 3, 10, 4, 6, 3, 0
35051, 48, 8, 2, 6, 40, 8
36625, 0, 6, 4, 2, 0, 0
39324, 0, 1, 1, 0, 0, 0
39325, 0, 3, 3, 0, 0, 0
39326, 0, 1, 1, 0, 0, 0
39327, 2, 4, 3, 1, 2, 0
39328, 0, 3, 3, 0, 0, 0
39329, 0, 3, 2, 1, 0, 0
39330, 0, 1, 1, 0, 0, 0
39331, 0, 1, 1, 0, 0, 0
39332, 0, 1, 1, 0, 0, 0
39333, 0, 2, 2, 0, 0, 0
39334, 0, 1, 1, 0, 0, 0
39335, 0, 1, 1, 0, 0, 0
1989, 31, 16, 12, 4, 30, 1
2479, 99, 23, 17, 6, 60, 39
3797, 13, 11, 10, 1, 10, 3
4399, 9, 12, 10, 2, 8, 1
4964, 21, 15, 12, 3, 19, 2
5253, 203, 19, 17, 2, 203, 0
6069, 0, 35, 28, 7, 0, 0
6181, 0, 35, 25, 10, 0, 0
7173, 2, 19, 17, 2, 2, 0
11160, 9, 7, 5, 2, 9, 0
12064, 49, 27, 16, 11, 45, 4
12482, 17, 15, 9, 6, 17, 0
12483, 1, 7, 3, 4, 1, 0
12662, 8, 9, 6, 3, 8, 0
14835, 34, 8, 7, 1, 34, 0
15233, 2, 8, 5, 3, 2, 0
15505, 15, 12, 11, 1, 15, 0
15596, 43, 10, 6, 4, 40, 3
15853, 46, 10, 9, 1, 28, 18
16357, 40, 8, 7, 1, 40, 0
17054, 28, 20, 16, 4, 27, 1
17282, 106, 6, 5, 1, 104, 2
17994, 175, 25, 17, 8, 167, 8
19056, 26, 8, 7, 1, 15, 11
20785, 127, 6, 6, 0, 127, 0
21093, 0, 4, 1, 3, 0, 0
21414, 11, 3, 3, 0, 8, 3
21444, 15, 6, 6, 0, 15, 0
21490, 7, 7, 6, 1, 6, 1
21601, 42, 8, 7, 1, 42, 0
21766, 48, 28, 22, 6, 48, 0
21792, 13, 24, 21, 3, 11, 2
22081, 30, 11, 9, 2, 25, 5
22159, 50, 8, 8, 0, 50, 0
23869, 2, 28, 13, 15, 2, 0
24851, 15, 11, 4, 7, 5, 10
26196, 1, 2, 2, 0, 1, 0
26966, 0, 39, 39, 0, 0, 0
26989, 0, 4, 3, 1, 0, 0
27065, 109, 18, 14, 4, 105, 4
27895, 23, 1, 1, 0, 21, 2
28044, 13, 7, 7, 0, 6, 7
28303, 7, 9, 9, 0, 5, 2
37212, 0, 2, 2, 0, 0, 0
38937, 17, 2, 2, 0, 17, 0
39336, 6, 2, 2, 0, 4, 2
39337, 11, 1, 1, 0, 10, 1
39338, 31, 4, 3, 1, 26, 5
39339, 0, 4, 3, 1, 0, 0
39340, 0, 2, 1, 1, 0, 0
39341, 1, 2, 2, 0, 1, 0
39342, 17, 4, 3, 1, 17, 0
39343, 0, 3, 3, 0, 0, 0
39344, 3, 1, 1, 0, 3, 0
39345, 0, 1, 1, 0, 0, 0
39346, 2, 1, 1, 0, 2, 0
39347, 15, 2, 2, 0, 14, 1
39348, 35, 7, 4, 3, 26, 9
39349, 1, 1, 1, 0, 1, 0
39350, 8, 1, 1, 0, 8, 0
39351, 1, 1, 1, 0, 1, 0
39352, 8, 9, 6, 3, 7, 1
39353, 0, 2, 2, 0, 0, 0
39354, 13, 1, 1, 0, 13, 0
39355, 2, 2, 1, 1, 2, 0
39356, 16, 3, 3, 0, 16, 0
39357, 9, 1, 1, 0, 9, 0
39358, 0, 1, 1, 0, 0, 0
39359, 0, 1, 1, 0, 0, 0
39360, 6, 4, 4, 0, 5, 1
39361, 2, 2, 2, 0, 2, 0
39362, 10, 1, 1, 0, 9, 1
8684, 18, 10, 5, 5, 12, 6
12974, 0, 5, 4, 1, 0, 0
13105, 8, 6, 6, 0, 8, 0
15216, 0, 3, 3, 0, 0, 0
20831, 4, 4, 4, 0, 4, 0
24234, 9, 3, 3, 0, 8, 1
13161, 0, 42, 42, 0, 0, 0
14621, 0, 50, 25, 25, 0, 0
14989, 0, 10, 2, 8, 0, 0
12170, 25, 16, 4, 12, 12, 13
33559, 4, 10, 7, 3, 3, 1
39363, 0, 2, 2, 0, 0, 0
39364, 0, 2, 2, 0, 0, 0
39365, 1, 3, 0, 3, 0, 1
6582, 0, 49, 40, 9, 0, 0
24232, 0, 30, 30, 0, 0, 0
30236, 5, 15, 14, 1, 5, 0
39366, 0, 2, 2, 0, 0, 0
39367, 0, 1, 1, 0, 0, 0
30604, 11, 3, 1, 2, 5, 6
39368, 0, 13, 13, 0, 0, 0
12977, 32, 9, 8, 1, 7, 25
5412, 16, 16, 16, 0, 16, 0
5640, 20, 16, 15, 1, 17, 3
7470, 16, 14, 9, 5, 14, 2
7891, 200, 22, 19, 3, 199, 1
9178, 25, 22, 17, 5, 20, 5
10453, 0, 25, 25, 0, 0, 0
11352, 0, 17, 14, 3, 0, 0
12497, 4, 6, 6, 0, 4, 0
17051, 202, 15, 14, 1, 185, 17
19821, 8, 6, 4, 2, 8, 0
27005, 13, 6, 6, 0, 12, 1
39369, 6, 3, 2, 1, 3, 3
39370, 88, 4, 4, 0, 63, 25
39371, 1, 3, 2, 1, 1, 0
2791, 201, 14, 13, 1, 200, 1
3911, 1, 15, 11, 4, 1, 0
4373, 55, 21, 19, 2, 42, 13
6379, 0, 41, 38, 3, 0, 0
6947, 48, 47, 45, 2, 48, 0
9579, 0, 14, 12, 2, 0, 0
11964, 0, 15, 14, 1, 0, 0
12351, 2, 25, 12, 13, 2, 0
13445, 10, 4, 4, 0, 9, 1
13543, 0, 5, 5, 0, 0, 0
13746, 5, 16, 13, 3, 4, 1
14945, 5, 6, 5, 1, 4, 1
16684, 0, 7, 6, 1, 0, 0
17562, 4, 6, 6, 0, 4, 0
18847, 0, 11, 10, 1, 0, 0
19885, 8, 9, 8, 1, 7, 1
20256, 1, 20, 9, 11, 1, 0
21416, 7, 4, 4, 0, 7, 0
22630, 4, 8, 8, 0, 4, 0
23597, 23, 15, 14, 1, 23, 0
24095, 0, 3, 3, 0, 0, 0
24176, 2, 16, 15, 1, 2, 0
28393, 5, 13, 12, 1, 5, 0
31194, 0, 5, 4, 1, 0, 0
33617, 1, 2, 2, 0, 1, 0
33961, 0, 14, 14, 0, 0, 0
33973, 0, 10, 10, 0, 0, 0
35195, 0, 2, 2, 0, 0, 0
35393, 7, 7, 6, 1, 6, 1
35573, 6, 2, 2, 0, 6, 0
36471, 0, 15, 10, 5, 0, 0
37228, 0, 3, 2, 1, 0, 0
39372, 4, 1, 1, 0, 3, 1
39373, 9, 6, 6, 0, 9, 0
39374, 0, 5, 5, 0, 0, 0
39375, 0, 3, 3, 0, 0, 0
39376, 2, 2, 2, 0, 2, 0
39377, 0, 1, 1, 0, 0, 0
39378, 0, 2, 1, 1, 0, 0
39379, 6, 6, 3, 3, 3, 3
39380, 5, 2, 2, 0, 5, 0
39381, 0, 1, 1, 0, 0, 0
39382, 2, 1, 1, 0, 2, 0
39383, 0, 1, 1, 0, 0, 0
39384, 0, 3, 3, 0, 0, 0
39385, 0, 4, 4, 0, 0, 0
39386, 0, 2, 2, 0, 0, 0
3926, 3, 14, 13, 1, 2, 1
7297, 82, 13, 9, 4, 61, 21
7330, 6, 7, 6, 1, 3, 3
10267, 15, 45, 41, 4, 15, 0
10657, 24, 13, 9, 4, 23, 1
12257, 60, 6, 6, 0, 60, 0
15051, 0, 37, 29, 8, 0, 0
15894, 135, 13, 12, 1, 135, 0
17228, 8, 2, 2, 0, 8, 0
17894, 134, 16, 15, 1, 134, 0
19366, 26, 2, 2, 0, 14, 12
21430, 1, 5, 3, 2, 1, 0
21927, 47, 4, 4, 0, 44, 3
26865, 99, 7, 3, 4, 72, 27
27667, 140, 27, 21, 6, 49, 91
28348, 1, 4, 4, 0, 1, 0
29285, 40, 8, 7, 1, 36, 4
33439, 102, 5, 3, 2, 37, 65
36661, 2, 4, 4, 0, 1, 1
37873, 11, 3, 3, 0, 11, 0
39387, 1, 1, 1, 0, 1, 0
39388, 7, 8, 5, 3, 7, 0
39389, 3, 2, 2, 0, 2, 1
39390, 1, 2, 1, 1, 0, 1
39391, 1, 1, 1, 0, 1, 0
39392, 0, 1, 1, 0, 0, 0
39393, 4, 2, 2, 0, 4, 0
39394, 0, 1, 1, 0, 0, 0
39395, 0, 1, 1, 0, 0, 0
39396, 2, 2, 2, 0, 2, 0
39397, 117, 13, 8, 5, 48, 69
39398, 2, 3, 2, 1, 2, 0
3087, 6, 51, 24, 27, 3, 3
15781, 0, 30, 25, 5, 0, 0
15908, 50, 37, 31, 6, 49, 1
27361, 0, 4, 4, 0, 0, 0
37504, 1, 3, 2, 1, 0, 1
39399, 0, 2, 2, 0, 0, 0
39400, 0, 1, 1, 0, 0, 0
39401, 3, 1, 0, 1, 3, 0
39402, 2, 6, 2, 4, 2, 0
5112, 55, 6, 6, 0, 30, 25
7365, 1, 9, 4, 5, 1, 0
8974, 0, 17, 10, 7, 0, 0
9286, 0, 4, 4, 0, 0, 0
14520, 10, 13, 6, 7, 8, 2
19296, 0, 7, 7, 0, 0, 0
20279, 0, 7, 6, 1, 0, 0
22631, 0, 8, 4, 4, 0, 0
25134, 2, 9, 7, 2, 2, 0
25135, 0, 1, 1, 0, 0, 0
25136, 0, 1, 1, 0, 0, 0
25137, 1, 14, 11, 3, 1, 0
25138, 0, 1, 0, 1, 0, 0
16596, 0, 66, 48, 18, 0, 0
39403, 0, 11, 11, 0, 0, 0
24157, 0, 15, 15, 0, 0, 0
3340, 7, 26, 19, 7, 7, 0
6650, 18, 7, 7, 0, 18, 0
8697, 89, 8, 4, 4, 43, 46
14950, 8, 22, 21, 1, 8, 0
18261, 0, 24, 20, 4, 0, 0
39404, 3, 6, 4, 2, 3, 0
9714, 0, 10, 9, 1, 0, 0
9852, 15, 34, 29, 5, 15, 0
17740, 0, 28, 24, 4, 0, 0
25816, 34, 7, 7, 0, 8, 26
29995, 0, 12, 9, 3, 0, 0
38906, 0, 4, 4, 0, 0, 0
39405, 34, 5, 5, 0, 29, 5
39406, 0, 1, 1, 0, 0, 0
39407, 0, 3, 2, 1, 0, 0
1513, 110, 24, 22, 2, 110, 0
1598, 26, 29, 25, 4, 26, 0
2739, 20, 5, 5, 0, 20, 0
3525, 9, 28, 15, 13, 6, 3
3635, 57, 12, 6, 6, 48, 9
5104, 73, 7, 7, 0, 43, 30
5380, 182, 48, 40, 8, 181, 1
5573, 266, 14, 13, 1, 252, 14
5783, 0, 33, 10, 23, 0, 0
7758, 89, 8, 8, 0, 88, 1
7857, 0, 24, 20, 4, 0, 0
7996, 61, 9, 8, 1, 54, 7
8269, 72, 21, 19, 2, 27, 45
8619, 9, 2, 1, 1, 9, 0
8674, 9, 42, 22, 20, 6, 3
8741, 4, 5, 3, 2, 4, 0
8873, 5, 19, 19, 0, 5, 0
8945, 189, 18, 14, 4, 189, 0
9117, 55, 5, 5, 0, 54, 1
9893, 6, 14, 10, 4, 6, 0
10474, 6, 6, 3, 3, 6, 0
11443, 23, 17, 8, 9, 23, 0
11507, 200, 39, 19, 20, 49, 151
11617, 4, 6, 5, 1, 4, 0
11641, 7, 28, 27, 1, 7, 0
12441, 194, 21, 17, 4, 78, 116
14330, 45, 14, 5, 9, 44, 1
14337, 22, 6, 5, 1, 5, 17
14494, 59, 4, 4, 0, 27, 32
15055, 104, 27, 17, 10, 31, 73
15472, 51, 11, 5, 6, 12, 39
15533, 44, 22, 12, 10, 27, 17
15842, 27, 4, 3, 1, 27, 0
15843, 1, 5, 3, 2, 1, 0
15845, 35, 4, 3, 1, 22, 13
15847, 11, 1, 1, 0, 10, 1
15848, 13, 10, 10, 0, 13, 0
15851, 26, 5, 2, 3, 0, 26
15852, 0, 2, 2, 0, 0, 0
15855, 2, 1, 1, 0, 2, 0
15857, 0, 1, 1, 0, 0, 0
15858, 45, 4, 4, 0, 45, 0
15859, 0, 3, 3, 0, 0, 0
15860, 9, 2, 2, 0, 9, 0
15861, 33, 2, 1, 1, 33, 0
15862, 36, 29, 29, 0, 36, 0
15864, 1, 11, 5, 6, 1, 0
15865, 0, 2, 1, 1, 0, 0
15866, 16, 7, 4, 3, 12, 4
15867, 0, 1, 1, 0, 0, 0
15868, 7, 6, 6, 0, 7, 0
15869, 25, 2, 2, 0, 24, 1
15870, 3, 3, 1, 2, 0, 3
15874, 8, 2, 1, 1, 8, 0
15876, 2, 10, 8, 2, 2, 0
15877, 3, 2, 2, 0, 3, 0
15879, 26, 9, 6, 3, 25, 1
15881, 17, 1, 1, 0, 17, 0
15882, 32, 1, 1, 0, 32, 0
15884, 14, 3, 3, 0, 8, 6
15886, 21, 3, 3, 0, 20, 1
15887, 11, 3, 2, 1, 9, 2
15889, 64, 7, 6, 1, 64, 0
15890, 55, 14, 14, 0, 55, 0
15891, 117, 4, 4, 0, 117, 0
15896, 51, 9, 9, 0, 49, 2
15897, 93, 3, 2, 1, 61, 32
15898, 3, 1, 1, 0, 3, 0
15900, 20, 3, 3, 0, 14, 6
15901, 0, 1, 1, 0, 0, 0
15903, 0, 3, 2, 1, 0, 0
15904, 49, 10, 3, 7, 42, 7
15905, 6, 1, 1, 0, 6, 0
15912, 6, 3, 2, 1, 5, 1
15914, 1, 12, 6, 6, 1, 0
15915, 70, 13, 13, 0, 58, 12
15916, 51, 6, 6, 0, 46, 5
15917, 0, 1, 1, 0, 0, 0
15919, 6, 1, 1, 0, 6, 0
15920, 6, 1, 1, 0, 6, 0
15923, 25, 4, 3, 1, 25, 0
15924, 8, 3, 3, 0, 7, 1
15925, 10, 2, 2, 0, 8, 2
15926, 10, 3, 3, 0, 6, 4
15928, 28, 5, 5, 0, 27, 1
15929, 58, 4, 4, 0, 55, 3
15930, 0, 3, 2, 1, 0, 0
15931, 21, 3, 3, 0, 21, 0
15932, 41, 5, 3, 2, 29, 12
15933, 28, 7, 6, 1, 23, 5
15935, 14, 3, 3, 0, 13, 1
15936, 7, 2, 2, 0, 7, 0
15937, 2, 1, 1, 0, 2, 0
15938, 39, 8, 6, 2, 39, 0
15942, 1, 6, 6, 0, 1, 0
15943, 80, 6, 6, 0, 80, 0
15944, 4, 4, 4, 0, 3, 1
15945, 6, 5, 3, 2, 5, 1
15946, 1, 4, 4, 0, 1, 0
15948, 14, 1, 1, 0, 11, 3
15949, 15, 4, 4, 0, 10, 5
15951, 195, 26, 25, 1, 195, 0
15952, 10, 10, 9, 1, 10, 0
15953, 23, 3, 3, 0, 23, 0
15954, 8, 2, 2, 0, 8, 0
15955, 27, 7, 7, 0, 27, 0
15956, 46, 5, 5, 0, 30, 16
2433, 0, 33, 33, 0, 0, 0
3419, 0, 9, 2, 7, 0, 0
6447, 1, 11, 9, 2, 1, 0
6550, 1, 3, 3, 0, 1, 0
8317, 8, 25, 24, 1, 6, 2
8457, 6, 13, 11, 2, 6, 0
8618, 1, 20, 13, 7, 1, 0
8876, 1, 4, 4, 0, 1, 0
9888, 2, 14, 10, 4, 1, 1
9889, 1, 6, 5, 1, 1, 0
9890, 2, 3, 3, 0, 2, 0
9892, 18, 3, 2, 1, 16, 2
9894, 0, 1, 1, 0, 0, 0
9895, 16, 17, 15, 2, 16, 0
9897, 31, 25, 21, 4, 30, 1
9899, 3, 3, 2, 1, 3, 0
9900, 1, 4, 4, 0, 1, 0
9901, 5, 3, 3, 0, 5, 0
9902, 0, 1, 1, 0, 0, 0
9904, 0, 24, 21, 3, 0, 0
9906, 0, 3, 3, 0, 0, 0
9907, 0, 1, 1, 0, 0, 0
9908, 0, 1, 1, 0, 0, 0
9909, 5, 10, 9, 1, 5, 0
9910, 0, 8, 6, 2, 0, 0
9912, 2, 1, 1, 0, 2, 0
9913, 0, 2, 2, 0, 0, 0
9914, 0, 1, 1, 0, 0, 0
9915, 12, 12, 9, 3, 12, 0
9917, 0, 1, 0, 1, 0, 0
9918, 33, 15, 8, 7, 33, 0
9919, 0, 4, 1, 3, 0, 0
9921, 0, 1, 0, 1, 0, 0
9922, 0, 1, 0, 1, 0, 0
9923, 0, 1, 0, 1, 0, 0
9924, 0, 1, 0, 1, 0, 0
1584, 2, 6, 5, 1, 2, 0
2017, 1, 8, 7, 1, 1, 0
3255, 0, 16, 15, 1, 0, 0
3328, 29, 6, 6, 0, 21, 8
4448, 201, 77, 46, 31, 141, 60
7064, 0, 62, 62, 0, 0, 0
8851, 9, 8, 7, 1, 8, 1
9114, 1, 16, 10, 6, 1, 0
10148, 0, 29, 14, 15, 0, 0
10234, 0, 5, 4, 1, 0, 0
11157, 0, 14, 7, 7, 0, 0
13861, 0, 17, 12, 5, 0, 0
13974, 3, 22, 15, 7, 2, 1
14193, 0, 11, 9, 2, 0, 0
14985, 17, 16, 10, 6, 12, 5
19396, 0, 3, 2, 1, 0, 0
20615, 3, 30, 22, 8, 3, 0
20857, 1, 21, 17, 4, 1, 0
22865, 22, 12, 9, 3, 21, 1
25265, 16, 18, 16, 2, 16, 0
29332, 15, 11, 9, 2, 14, 1
29935, 0, 5, 4, 1, 0, 0
30290, 1, 8, 7, 1, 1, 0
30306, 0, 17, 14, 3, 0, 0
30649, 0, 11, 11, 0, 0, 0
31343, 15, 11, 10, 1, 15, 0
39408, 0, 2, 2, 0, 0, 0
39409, 0, 1, 1, 0, 0, 0
39410, 0, 6, 5, 1, 0, 0
39411, 0, 1, 1, 0, 0, 0
39412, 1, 3, 3, 0, 1, 0
39413, 0, 6, 5, 1, 0, 0
39414, 2, 1, 1, 0, 2, 0
1656, 0, 45, 40, 5, 0, 0
2242, 2, 15, 12, 3, 0, 2
2416, 0, 27, 22, 5, 0, 0
3828, 56, 11, 10, 1, 44, 12
3947, 30, 12, 8, 4, 27, 3
8855, 16, 5, 4, 1, 15, 1
9613, 0, 4, 4, 0, 0, 0
9706, 0, 9, 7, 2, 0, 0
10429, 0, 47, 29, 18, 0, 0
10856, 38, 29, 18, 11, 5, 33
10877, 4, 1, 1, 0, 4, 0
12896, 196, 25, 21, 4, 128, 68
12904, 10, 9, 9, 0, 10, 0
13828, 7, 22, 17, 5, 4, 3
15012, 1, 16, 14, 2, 1, 0
16078, 0, 13, 7, 6, 0, 0
17206, 0, 1, 1, 0, 0, 0
17207, 110, 3, 3, 0, 106, 4
17209, 55, 11, 9, 2, 37, 18
17211, 53, 13, 13, 0, 51, 2
17212, 2, 3, 3, 0, 2, 0
17213, 0, 3, 3, 0, 0, 0
17214, 2, 1, 1, 0, 2, 0
17215, 10, 2, 2, 0, 10, 0
17216, 2, 9, 6, 3, 0, 2
17217, 6, 2, 2, 0, 6, 0
17218, 3, 1, 1, 0, 2, 1
17219, 27, 5, 5, 0, 27, 0
17220, 0, 7, 6, 1, 0, 0
17221, 0, 1, 1, 0, 0, 0
17223, 99, 2, 2, 0, 98, 1
17225, 12, 12, 10, 2, 9, 3
17226, 0, 8, 8, 0, 0, 0
17227, 1, 3, 3, 0, 1, 0
17229, 4, 2, 2, 0, 4, 0
17230, 0, 6, 3, 3, 0, 0
17231, 5, 4, 4, 0, 4, 1
17232, 1, 3, 2, 1, 0, 1
17234, 0, 1, 1, 0, 0, 0
17235, 0, 10, 10, 0, 0, 0
17236, 43, 6, 4, 2, 13, 30
17237, 30, 9, 9, 0, 30, 0
17239, 0, 8, 4, 4, 0, 0
17240, 1, 3, 2, 1, 0, 1
17241, 2, 2, 2, 0, 2, 0
17242, 1, 4, 4, 0, 0, 1
10265, 6, 21, 8, 13, 6, 0
1854, 11, 35, 33, 2, 11, 0
2901, 41, 8, 4, 4, 34, 7
4899, 14, 9, 6, 3, 3, 11
5053, 200, 55, 27, 28, 65, 135
5258, 41, 14, 10, 4, 23, 18
6061, 211, 21, 20, 1, 161, 50
6118, 21, 10, 9, 1, 21, 0
7327, 11, 3, 3, 0, 11, 0
7441, 171, 11, 3, 8, 44, 127
8691, 152, 12, 10, 2, 95, 57
8902, 202, 11, 11, 0, 202, 0
9088, 65, 12, 5, 7, 41, 24
9926, 74, 8, 7, 1, 73, 1
12293, 22, 6, 5, 1, 16, 6
13436, 61, 10, 9, 1, 46, 15
14742, 46, 13, 2, 11, 25, 21
15232, 29, 6, 5, 1, 21, 8
15500, 27, 3, 3, 0, 25, 2
17101, 18, 7, 7, 0, 16, 2
19245, 53, 6, 4, 2, 40, 13
20816, 74, 1, 1, 0, 74, 0
21780, 51, 11, 9, 2, 38, 13
22800, 3, 3, 3, 0, 3, 0
22942, 27, 13, 9, 4, 14, 13
23178, 29, 7, 7, 0, 18, 11
23993, 143, 10, 1, 9, 1, 142
25565, 67, 5, 5, 0, 59, 8
25584, 16, 7, 6, 1, 16, 0
27836, 39, 12, 11, 1, 37, 2
34538, 47, 6, 4, 2, 26, 21
38651, 34, 6, 5, 1, 14, 20
39415, 9, 3, 3, 0, 9, 0
39416, 7, 2, 2, 0, 7, 0
39417, 2, 1, 1, 0, 2, 0
39418, 32, 2, 2, 0, 31, 1
39419, 1, 1, 1, 0, 1, 0
39420, 1, 1, 1, 0, 1, 0
39421, 46, 3, 2, 1, 26, 20
39422, 3, 1, 1, 0, 3, 0
39423, 10, 2, 2, 0, 10, 0
39424, 0, 1, 1, 0, 0, 0
39425, 10, 1, 1, 0, 9, 1
39426, 1, 2, 1, 1, 0, 1
5878, 3, 55, 50, 5, 2, 1
11159, 19, 21, 5, 16, 11, 8
13178, 0, 11, 10, 1, 0, 0
28865, 5, 2, 2, 0, 2, 3
33740, 26, 10, 8, 2, 18, 8
36715, 0, 2, 1, 1, 0, 0
39427, 0, 1, 1, 0, 0, 0
2757, 0, 81, 71, 10, 0, 0
3961, 0, 6, 4, 2, 0, 0
4007, 3, 12, 10, 2, 3, 0
4010, 0, 24, 11, 13, 0, 0
4063, 0, 7, 6, 1, 0, 0
8626, 0, 8, 4, 4, 0, 0
9198, 0, 12, 4, 8, 0, 0
10530, 0, 7, 5, 2, 0, 0
12017, 0, 2, 1, 1, 0, 0
12024, 0, 13, 6, 7, 0, 0
14928, 0, 26, 16, 10, 0, 0
15545, 0, 8, 3, 5, 0, 0
16992, 0, 10, 10, 0, 0, 0
21176, 32, 12, 10, 2, 24, 8
21739, 0, 27, 6, 21, 0, 0
25923, 0, 18, 16, 2, 0, 0
29858, 0, 4, 4, 0, 0, 0
29908, 0, 7, 5, 2, 0, 0
31132, 20, 5, 4, 1, 20, 0
31356, 4, 6, 1, 5, 4, 0
32769, 0, 1, 1, 0, 0, 0
32771, 0, 1, 1, 0, 0, 0
32772, 0, 13, 13, 0, 0, 0
32773, 2, 2, 1, 1, 1, 1
32774, 0, 2, 2, 0, 0, 0
32775, 0, 3, 3, 0, 0, 0
32776, 0, 1, 1, 0, 0, 0
32777, 0, 1, 1, 0, 0, 0
32778, 0, 2, 2, 0, 0, 0
32779, 0, 10, 10, 0, 0, 0
32780, 0, 2, 2, 0, 0, 0
32781, 0, 13, 11, 2, 0, 0
32782, 1, 3, 1, 2, 1, 0
32783, 0, 5, 2, 3, 0, 0
3403, 9, 27, 14, 13, 8, 1
3989, 21, 34, 23, 11, 16, 5
4885, 0, 3, 3, 0, 0, 0
4886, 2, 5, 4, 1, 2, 0
4989, 1, 22, 20, 2, 0, 1
5838, 19, 32, 20, 12, 16, 3
7184, 15, 17, 10, 7, 14, 1
8449, 0, 34, 29, 5, 0, 0
8529, 10, 8, 4, 4, 9, 1
8554, 2, 4, 2, 2, 2, 0
10330, 1, 23, 16, 7, 1, 0
11130, 0, 9, 7, 2, 0, 0
13243, 0, 10, 6, 4, 0, 0
13900, 2, 14, 9, 5, 1, 1
14065, 0, 5, 5, 0, 0, 0
15275, 0, 2, 0, 2, 0, 0
16375, 0, 11, 5, 6, 0, 0
16562, 1, 6, 6, 0, 1, 0
17726, 3, 9, 6, 3, 3, 0
17821, 11, 18, 9, 9, 10, 1
18163, 42, 20, 17, 3, 42, 0
18352, 4, 8, 7, 1, 2, 2
21867, 16, 10, 9, 1, 13, 3
23444, 6, 11, 8, 3, 6, 0
23848, 42, 3, 3, 0, 42, 0
26176, 8, 11, 10, 1, 7, 1
27334, 1, 1, 1, 0, 1, 0
27335, 0, 2, 2, 0, 0, 0
27336, 10, 5, 5, 0, 3, 7
27337, 0, 4, 4, 0, 0, 0
27338, 4, 7, 7, 0, 4, 0
27339, 0, 1, 1, 0, 0, 0
27340, 0, 1, 1, 0, 0, 0
27341, 3, 3, 3, 0, 2, 1
27342, 0, 1, 0, 1, 0, 0
27343, 5, 1, 0, 1, 5, 0
27344, 0, 1, 0, 1, 0, 0
27345, 0, 11, 7, 4, 0, 0
27346, 0, 2, 0, 2, 0, 0
27347, 2, 2, 1, 1, 2, 0
27348, 0, 1, 0, 1, 0, 0
27349, 7, 4, 1, 3, 7, 0
27350, 0, 2, 1, 1, 0, 0
27351, 0, 5, 4, 1, 0, 0
27352, 10, 6, 5, 1, 10, 0
27353, 0, 3, 2, 1, 0, 0
27354, 0, 2, 0, 2, 0, 0
27355, 0, 4, 3, 1, 0, 0
10382, 1, 18, 16, 2, 0, 1
39428, 0, 1, 1, 0, 0, 0
39429, 0, 3, 3, 0, 0, 0
39430, 0, 1, 1, 0, 0, 0
1543, 17, 9, 8, 1, 16, 1
1614, 27, 31, 27, 4, 24, 3
3222, 6, 4, 3, 1, 6, 0
3783, 0, 15, 12, 3, 0, 0
4305, 32, 14, 10, 4, 20, 12
4718, 8, 7, 7, 0, 6, 2
5919, 9, 18, 12, 6, 9, 0
6843, 18, 14, 13, 1, 16, 2
7132, 4, 12, 11, 1, 4, 0
8628, 32, 28, 12, 16, 17, 15
8885, 16, 7, 7, 0, 16, 0
8903, 11, 11, 11, 0, 11, 0
10437, 13, 4, 4, 0, 13, 0
11540, 0, 12, 11, 1, 0, 0
13628, 1, 14, 12, 2, 0, 1
15274, 0, 30, 24, 6, 0, 0
18011, 9, 5, 4, 1, 8, 1
18066, 46, 11, 8, 3, 27, 19
19015, 0, 12, 7, 5, 0, 0
19060, 38, 24, 20, 4, 38, 0
24816, 0, 14, 10, 4, 0, 0
25016, 19, 3, 3, 0, 18, 1
27233, 2, 16, 14, 2, 2, 0
29466, 10, 5, 4, 1, 9, 1
29552, 3, 3, 2, 1, 0, 3
30225, 0, 3, 3, 0, 0, 0
31553, 0, 7, 5, 2, 0, 0
39431, 0, 3, 1, 2, 0, 0
39432, 1, 1, 1, 0, 1, 0
39433, 5, 2, 1, 1, 2, 3
39434, 3, 2, 2, 0, 3, 0
39435, 0, 2, 2, 0, 0, 0
39436, 10, 2, 2, 0, 7, 3
4824, 8, 6, 6, 0, 8, 0
4848, 2, 12, 8, 4, 2, 0
5527, 194, 33, 25, 8, 60, 134
5551, 15, 6, 4, 2, 11, 4
9872, 86, 60, 49, 11, 36, 50
10865, 11, 14, 11, 3, 10, 1
11725, 50, 12, 8, 4, 42, 8
11901, 11, 6, 2, 4, 3, 8
12527, 53, 17, 16, 1, 50, 3
12801, 72, 11, 8, 3, 22, 50
18637, 50, 10, 9, 1, 49, 1
19686, 19, 19, 16, 3, 15, 4
21600, 23, 8, 6, 2, 12, 11
21602, 15, 15, 11, 4, 7, 8
21603, 42, 2, 2, 0, 42, 0
21604, 0, 2, 2, 0, 0, 0
21605, 85, 10, 9, 1, 85, 0
21607, 28, 5, 4, 1, 21, 7
21609, 71, 17, 12, 5, 40, 31
21610, 60, 3, 3, 0, 51, 9
21611, 12, 1, 1, 0, 11, 1
21612, 15, 2, 2, 0, 15, 0
21613, 12, 6, 3, 3, 11, 1
21615, 76, 15, 15, 0, 70, 6
21616, 35, 7, 6, 1, 31, 4
21617, 2, 4, 4, 0, 2, 0
21618, 13, 1, 0, 1, 13, 0
21620, 96, 5, 1, 4, 10, 86
21622, 1, 2, 0, 2, 0, 1
21624, 16, 1, 0, 1, 4, 12
1534, 60, 12, 7, 5, 53, 7
1592, 2, 18, 13, 5, 2, 0
1966, 0, 13, 12, 1, 0, 0
2037, 3, 58, 19, 39, 2, 1
2271, 0, 15, 15, 0, 0, 0
2389, 22, 18, 12, 6, 8, 14
2410, 58, 65, 56, 9, 26, 32
2883, 2, 19, 12, 7, 2, 0
3412, 1, 3, 2, 1, 1, 0
3477, 7, 15, 8, 7, 7, 0
3844, 6, 53, 51, 2, 2, 4
4509, 4, 21, 11, 10, 2, 2
4544, 1, 7, 4, 3, 1, 0
4715, 4, 7, 7, 0, 3, 1
4741, 0, 32, 20, 12, 0, 0
4896, 7, 23, 16, 7, 7, 0
5898, 18, 17, 9, 8, 16, 2
5945, 75, 72, 24, 48, 75, 0
6115, 28, 6, 6, 0, 28, 0
6146, 12, 6, 4, 2, 11, 1
6205, 26, 12, 11, 1, 26, 0
6213, 16, 10, 9, 1, 16, 0
6244, 0, 5, 5, 0, 0, 0
6515, 0, 16, 14, 2, 0, 0
7337, 0, 4, 4, 0, 0, 0
8224, 11, 39, 38, 1, 9, 2
8350, 1, 11, 11, 0, 1, 0
8733, 56, 28, 18, 10, 56, 0
10011, 8, 46, 35, 11, 4, 4
11501, 0, 2, 2, 0, 0, 0
12045, 4, 17, 15, 2, 4, 0
12091, 3, 7, 4, 3, 3, 0
12438, 23, 46, 29, 17, 22, 1
12772, 16, 25, 21, 4, 16, 0
12956, 5, 2, 2, 0, 5, 0
13671, 0, 7, 7, 0, 0, 0
14107, 1, 4, 3, 1, 1, 0
14297, 2, 4, 3, 1, 2, 0
14430, 1, 24, 24, 0, 1, 0
14437, 5, 26, 14, 12, 3, 2
14786, 1, 3, 2, 1, 1, 0
15046, 0, 21, 21, 0, 0, 0
15462, 5, 6, 4, 2, 5, 0
16195, 19, 5, 5, 0, 17, 2
16213, 23, 19, 16, 3, 23, 0
17157, 6, 13, 10, 3, 6, 0
17538, 0, 26, 15, 11, 0, 0
18170, 12, 26, 21, 5, 12, 0
18614, 1, 13, 12, 1, 1, 0
18904, 50, 21, 14, 7, 30, 20
18981, 0, 28, 22, 6, 0, 0
19235, 0, 11, 7, 4, 0, 0
19318, 1, 6, 4, 2, 1, 0
20380, 2, 30, 24, 6, 2, 0
20879, 0, 8, 6, 2, 0, 0
22632, 0, 2, 2, 0, 0, 0
24099, 1, 6, 4, 2, 1, 0
24129, 8, 9, 7, 2, 6, 2
25040, 2, 3, 3, 0, 2, 0
25525, 0, 4, 4, 0, 0, 0
25578, 0, 12, 11, 1, 0, 0
25908, 13, 8, 7, 1, 13, 0
26314, 0, 5, 5, 0, 0, 0
28478, 0, 2, 2, 0, 0, 0
28893, 0, 4, 2, 2, 0, 0
29746, 0, 3, 2, 1, 0, 0
29762, 0, 8, 5, 3, 0, 0
30142, 5, 7, 4, 3, 2, 3
31143, 0, 10, 5, 5, 0, 0
32748, 1, 8, 8, 0, 1, 0
35024, 18, 2, 2, 0, 17, 1
35271, 3, 3, 3, 0, 2, 1
36391, 0, 8, 7, 1, 0, 0
37760, 0, 7, 4, 3, 0, 0
38288, 0, 7, 5, 2, 0, 0
38920, 24, 9, 3, 6, 19, 5
39437, 1, 1, 1, 0, 1, 0
39438, 0, 1, 1, 0, 0, 0
39439, 8, 5, 5, 0, 2, 6
39440, 0, 2, 2, 0, 0, 0
39441, 0, 1, 1, 0, 0, 0
39442, 0, 1, 1, 0, 0, 0
39443, 0, 2, 2, 0, 0, 0
39444, 0, 1, 1, 0, 0, 0
39445, 0, 1, 1, 0, 0, 0
39446, 6, 3, 3, 0, 3, 3
39447, 0, 1, 1, 0, 0, 0
39448, 1, 1, 1, 0, 1, 0
39449, 0, 3, 3, 0, 0, 0
39450, 0, 1, 1, 0, 0, 0
39451, 0, 1, 1, 0, 0, 0
39452, 1, 2, 2, 0, 1, 0
39453, 0, 2, 2, 0, 0, 0
39454, 0, 2, 2, 0, 0, 0
39455, 0, 5, 4, 1, 0, 0
39456, 0, 1, 1, 0, 0, 0
39457, 9, 3, 3, 0, 9, 0
39458, 0, 1, 1, 0, 0, 0
39459, 0, 5, 3, 2, 0, 0
39460, 1, 2, 2, 0, 1, 0
39461, 1, 1, 1, 0, 1, 0
39462, 0, 1, 1, 0, 0, 0
39463, 0, 1, 1, 0, 0, 0
39464, 0, 2, 2, 0, 0, 0
39465, 22, 10, 7, 3, 22, 0
39466, 0, 1, 1, 0, 0, 0
39467, 1, 2, 1, 1, 0, 1
39468, 20, 6, 5, 1, 16, 4
39469, 9, 6, 4, 2, 1, 8
39470, 0, 1, 1, 0, 0, 0
39471, 1, 2, 2, 0, 1, 0
39472, 0, 1, 1, 0, 0, 0
39473, 0, 2, 1, 1, 0, 0
39474, 0, 14, 8, 6, 0, 0
39475, 3, 2, 1, 1, 3, 0
39476, 0, 2, 2, 0, 0, 0
39477, 3, 6, 3, 3, 2, 1
39478, 2, 1, 1, 0, 2, 0
39479, 1, 2, 2, 0, 1, 0
39480, 0, 1, 1, 0, 0, 0
39481, 0, 2, 2, 0, 0, 0
39482, 10, 2, 2, 0, 7, 3
39483, 0, 2, 2, 0, 0, 0
39484, 2, 1, 1, 0, 1, 1
2353, 3, 7, 6, 1, 2, 1
3443, 53, 22, 18, 4, 51, 2
4377, 8, 11, 11, 0, 8, 0
5662, 1, 6, 6, 0, 1, 0
10861, 4, 24, 22, 2, 4, 0
15835, 0, 84, 84, 0, 0, 0
20582, 2, 4, 4, 0, 2, 0
24729, 0, 12, 5, 7, 0, 0
27871, 0, 22, 22, 0, 0, 0
31359, 2, 7, 7, 0, 2, 0
38857, 27, 3, 3, 0, 26, 1
39485, 4, 4, 3, 1, 3, 1
39486, 0, 1, 1, 0, 0, 0
39487, 7, 7, 7, 0, 7, 0
4763, 0, 36, 31, 5, 0, 0
13106, 0, 7, 7, 0, 0, 0
18265, 0, 28, 27, 1, 0, 0
21988, 0, 3, 0, 3, 0, 0
29608, 0, 3, 3, 0, 0, 0
34898, 23, 9, 4, 5, 23, 0
34899, 13, 6, 6, 0, 10, 3
34901, 10, 1, 1, 0, 7, 3
34902, 17, 3, 2, 1, 16, 1
34903, 0, 1, 0, 1, 0, 0
1938, 0, 23, 6, 17, 0, 0
19506, 19, 12, 6, 6, 18, 1
22055, 0, 37, 37, 0, 0, 0
39488, 1, 2, 1, 1, 1, 0
39489, 0, 3, 3, 0, 0, 0
39490, 0, 2, 2, 0, 0, 0
39491, 21, 8, 5, 3, 18, 3
5368, 10, 12, 3, 9, 7, 3
5399, 0, 11, 7, 4, 0, 0
5620, 4, 9, 9, 0, 4, 0
6445, 0, 43, 36, 7, 0, 0
9599, 55, 23, 16, 7, 54, 1
12563, 0, 2, 2, 0, 0, 0
13008, 29, 26, 21, 5, 29, 0
14028, 21, 14, 14, 0, 12, 9
15238, 0, 12, 11, 1, 0, 0
15429, 11, 10, 10, 0, 11, 0
16025, 25, 6, 6, 0, 25, 0
18592, 42, 11, 11, 0, 39, 3
19996, 95, 30, 26, 4, 63, 32
20357, 1, 3, 3, 0, 1, 0
22106, 38, 5, 5, 0, 13, 25
22569, 22, 9, 8, 1, 22, 0
23016, 15, 12, 9, 3, 15, 0
25129, 29, 6, 5, 1, 27, 2
27930, 6, 3, 3, 0, 6, 0
27952, 14, 11, 11, 0, 14, 0
31451, 12, 27, 24, 3, 12, 0
34764, 0, 3, 3, 0, 0, 0
36929, 2, 6, 4, 2, 2, 0
39492, 0, 2, 1, 1, 0, 0
39493, 0, 4, 4, 0, 0, 0
39494, 2, 6, 6, 0, 2, 0
39495, 0, 1, 1, 0, 0, 0
39496, 1, 3, 3, 0, 1, 0
39497, 0, 1, 1, 0, 0, 0
3998, 41, 10, 7, 3, 33, 8
4630, 0, 30, 20, 10, 0, 0
4739, 0, 12, 10, 2, 0, 0
5831, 20, 24, 20, 4, 19, 1
10580, 3, 5, 2, 3, 3, 0
10581, 0, 19, 15, 4, 0, 0
10582, 0, 1, 1, 0, 0, 0
10583, 0, 3, 3, 0, 0, 0
10584, 1, 2, 2, 0, 1, 0
10590, 5, 16, 15, 1, 1, 4
10591, 0, 3, 3, 0, 0, 0
10594, 4, 13, 10, 3, 4, 0
10598, 7, 6, 3, 3, 6, 1
10601, 1, 3, 2, 1, 0, 1
10602, 0, 16, 13, 3, 0, 0
10603, 18, 7, 6, 1, 18, 0
10604, 201, 18, 10, 8, 33, 168
10605, 2, 4, 0, 4, 2, 0
10606, 8, 7, 2, 5, 8, 0
10607, 0, 4, 0, 4, 0, 0
1624, 5, 15, 10, 5, 5, 0
4445, 110, 45, 39, 6, 97, 13
9653, 27, 1, 0, 1, 8, 19
11156, 72, 18, 10, 8, 39, 33
11335, 0, 11, 8, 3, 0, 0
12279, 7, 7, 5, 2, 6, 1
14112, 10, 11, 10, 1, 10, 0
23686, 1, 2, 2, 0, 1, 0
29120, 0, 4, 2, 2, 0, 0
29506, 0, 13, 8, 5, 0, 0
30186, 18, 18, 18, 0, 18, 0
30391, 12, 5, 5, 0, 10, 2
34496, 5, 2, 1, 1, 4, 1
34625, 0, 2, 1, 1, 0, 0
38514, 17, 2, 2, 0, 17, 0
39498, 0, 1, 1, 0, 0, 0
39499, 8, 2, 2, 0, 6, 2
39500, 1, 1, 0, 1, 0, 1
39501, 0, 2, 1, 1, 0, 0
39502, 0, 3, 2, 1, 0, 0
39503, 10, 1, 0, 1, 7, 3
39504, 0, 1, 0, 1, 0, 0
39505, 3, 1, 0, 1, 1, 2
39506, 0, 2, 0, 2, 0, 0
39507, 0, 1, 0, 1, 0, 0
4855, 92, 29, 17, 12, 19, 73
12484, 122, 104, 73, 31, 39, 83
12793, 204, 16, 6, 10, 23, 181
39508, 0, 2, 0, 2, 0, 0
3244, 1, 56, 55, 1, 1, 0
4884, 17, 12, 8, 4, 17, 0
6618, 5, 25, 10, 15, 5, 0
12299, 11, 7, 4, 3, 8, 3
12314, 42, 39, 28, 11, 42, 0
17124, 0, 14, 14, 0, 0, 0
2892, 57, 22, 15, 7, 43, 14
7849, 1, 7, 7, 0, 1, 0
9369, 1, 15, 15, 0, 1, 0
12320, 6, 9, 4, 5, 5, 1
13908, 8, 14, 12, 2, 6, 2
16720, 0, 6, 1, 5, 0, 0
19534, 9, 22, 10, 12, 8, 1
25007, 0, 6, 6, 0, 0, 0
29975, 51, 13, 6, 7, 51, 0
30204, 7, 4, 4, 0, 4, 3
39509, 11, 6, 4, 2, 8, 3
39510, 35, 8, 8, 0, 35, 0
39511, 0, 4, 1, 3, 0, 0
39512, 0, 4, 2, 2, 0, 0
39513, 0, 3, 1, 2, 0, 0
39514, 0, 1, 0, 1, 0, 0
2228, 10, 55, 49, 6, 9, 1
3156, 0, 64, 48, 16, 0, 0
3784, 6, 11, 11, 0, 6, 0
4406, 43, 8, 7, 1, 33, 10
4863, 18, 24, 13, 11, 18, 0
5777, 0, 14, 4, 10, 0, 0
6270, 3, 56, 32, 24, 3, 0
6537, 32, 52, 52, 0, 30, 2
6587, 3, 13, 8, 5, 3, 0
6607, 0, 15, 15, 0, 0, 0
6772, 11, 15, 8, 7, 11, 0
7038, 0, 10, 4, 6, 0, 0
7394, 4, 28, 17, 11, 3, 1
7913, 3, 24, 24, 0, 3, 0
8304, 7, 44, 34, 10, 7, 0
8988, 3, 5, 5, 0, 3, 0
10083, 1, 16, 7, 9, 0, 1
10771, 1, 3, 2, 1, 1, 0
10772, 2, 6, 4, 2, 0, 2
10773, 0, 6, 4, 2, 0, 0
10774, 5, 2, 2, 0, 5, 0
10776, 1, 1, 1, 0, 1, 0
10778, 0, 11, 10, 1, 0, 0
10779, 22, 22, 19, 3, 22, 0
10781, 0, 2, 2, 0, 0, 0
10784, 52, 16, 15, 1, 52, 0
10785, 2, 13, 5, 8, 2, 0
10788, 0, 12, 10, 2, 0, 0
10789, 0, 1, 1, 0, 0, 0
10790, 0, 3, 1, 2, 0, 0
10791, 38, 10, 6, 4, 34, 4
10792, 3, 2, 1, 1, 3, 0
10793, 0, 1, 1, 0, 0, 0
10794, 1, 14, 7, 7, 1, 0
10798, 2, 7, 7, 0, 2, 0
10800, 0, 1, 1, 0, 0, 0
10801, 0, 3, 3, 0, 0, 0
10803, 0, 2, 2, 0, 0, 0
10806, 22, 6, 5, 1, 21, 1
10807, 0, 10, 7, 3, 0, 0
10808, 1, 1, 1, 0, 1, 0
10809, 17, 14, 7, 7, 4, 13
10810, 19, 9, 6, 3, 18, 1
10812, 0, 3, 3, 0, 0, 0
10813, 33, 23, 16, 7, 19, 14
10814, 0, 2, 2, 0, 0, 0
10815, 42, 14, 12, 2, 42, 0
10816, 0, 12, 12, 0, 0, 0
10817, 0, 14, 14, 0, 0, 0
10819, 0, 1, 1, 0, 0, 0
10821, 2, 24, 18, 6, 0, 2
10822, 0, 16, 16, 0, 0, 0
10823, 0, 1, 1, 0, 0, 0
10824, 17, 4, 4, 0, 17, 0
10826, 0, 3, 3, 0, 0, 0
10827, 3, 3, 3, 0, 3, 0
10830, 0, 1, 0, 1, 0, 0
10831, 0, 1, 0, 1, 0, 0
10832, 0, 2, 1, 1, 0, 0
10833, 0, 1, 0, 1, 0, 0
10834, 7, 2, 1, 1, 5, 2
10835, 27, 8, 3, 5, 21, 6
10836, 0, 1, 0, 1, 0, 0
10837, 69, 29, 27, 2, 63, 6
10838, 0, 5, 2, 3, 0, 0
10839, 17, 9, 6, 3, 12, 5
10840, 23, 3, 0, 3, 7, 16
10841, 2, 6, 4, 2, 2, 0
10843, 14, 11, 2, 9, 4, 10
10844, 1, 1, 0, 1, 0, 1
10847, 0, 6, 3, 3, 0, 0
10848, 0, 1, 0, 1, 0, 0
10852, 0, 1, 0, 1, 0, 0
10854, 0, 2, 1, 1, 0, 0
10857, 0, 3, 2, 1, 0, 0
10858, 0, 1, 0, 1, 0, 0
10860, 3, 2, 1, 1, 2, 1
10862, 0, 11, 4, 7, 0, 0
10863, 0, 10, 6, 4, 0, 0
10867, 0, 3, 1, 2, 0, 0
10869, 0, 11, 2, 9, 0, 0
10870, 0, 18, 5, 13, 0, 0
10871, 201, 25, 7, 18, 0, 201
10873, 0, 4, 1, 3, 0, 0
3368, 1, 27, 20, 7, 0, 1
4287, 0, 12, 7, 5, 0, 0
10888, 0, 17, 13, 4, 0, 0
12298, 9, 41, 35, 6, 9, 0
12310, 1, 6, 4, 2, 1, 0
12649, 4, 9, 8, 1, 4, 0
12682, 0, 5, 2, 3, 0, 0
13581, 0, 19, 16, 3, 0, 0
14384, 7, 12, 9, 3, 7, 0
14996, 0, 7, 5, 2, 0, 0
18005, 87, 11, 9, 2, 87, 0
19682, 3, 6, 5, 1, 3, 0
25367, 0, 2, 0, 2, 0, 0
27003, 3, 5, 4, 1, 3, 0
39515, 10, 5, 4, 1, 7, 3
39516, 0, 1, 1, 0, 0, 0
39517, 0, 1, 1, 0, 0, 0
39518, 0, 1, 1, 0, 0, 0
39519, 0, 1, 1, 0, 0, 0
39520, 5, 3, 1, 2, 3, 2
39521, 0, 1, 0, 1, 0, 0
39522, 0, 1, 0, 1, 0, 0
18166, 13, 9, 9, 0, 13, 0
19020, 1, 3, 3, 0, 1, 0
21683, 4, 1, 1, 0, 4, 0
21685, 1, 6, 6, 0, 1, 0
21686, 0, 3, 3, 0, 0, 0
21687, 0, 1, 1, 0, 0, 0
21688, 0, 1, 1, 0, 0, 0
21689, 1, 4, 3, 1, 1, 0
21690, 0, 1, 1, 0, 0, 0
21691, 0, 2, 2, 0, 0, 0
21692, 0, 8, 6, 2, 0, 0
6422, 0, 16, 14, 2, 0, 0
7694, 1, 3, 2, 1, 0, 1
19747, 9, 4, 3, 1, 7, 2
24528, 0, 3, 1, 2, 0, 0
27438, 0, 7, 6, 1, 0, 0
27439, 0, 1, 1, 0, 0, 0
27440, 0, 11, 9, 2, 0, 0
3869, 20, 10, 9, 1, 19, 1
21379, 12, 3, 3, 0, 12, 0
39523, 0, 2, 2, 0, 0, 0
39524, 0, 2, 2, 0, 0, 0
27396, 1, 2, 2, 0, 1, 0
3839, 27, 51, 43, 8, 24, 3
13147, 1, 22, 22, 0, 1, 0
39550, 0, 2, 2, 0, 0, 0
15574, 0, 4, 2, 2, 0, 0
31394, 3, 9, 7, 2, 2, 1
32982, 0, 2, 2, 0, 0, 0
39645, 0, 2, 2, 0, 0, 0
18993, 7, 5, 5, 0, 7, 0
29767, 3, 10, 6, 4, 3, 0
2268, 7, 15, 13, 2, 1, 6
6493, 8, 3, 3, 0, 8, 0
6975, 9, 10, 9, 1, 8, 1
14359, 5, 19, 12, 7, 5, 0
32981, 0, 2, 2, 0, 0, 0
39646, 3, 1, 1, 0, 1, 2
39647, 0, 1, 1, 0, 0, 0
6974, 0, 1, 1, 0, 0, 0
6976, 21, 2, 2, 0, 15, 6
6977, 0, 1, 1, 0, 0, 0
6978, 0, 2, 1, 1, 0, 0
6979, 0, 8, 7, 1, 0, 0
6981, 2, 1, 1, 0, 1, 1
6982, 0, 1, 1, 0, 0, 0
6983, 1, 1, 1, 0, 1, 0
6984, 2, 3, 1, 2, 2, 0
15797, 26, 16, 15, 1, 22, 4
15798, 0, 3, 3, 0, 0, 0
15799, 14, 7, 4, 3, 13, 1
15801, 0, 3, 3, 0, 0, 0
1548, 0, 47, 40, 7, 0, 0
1554, 0, 5, 5, 0, 0, 0
1557, 9, 37, 30, 7, 8, 1
1855, 32, 11, 9, 2, 27, 5
2777, 32, 26, 22, 4, 31, 1
3351, 40, 21, 11, 10, 32, 8
3805, 0, 21, 19, 2, 0, 0
4699, 40, 29, 27, 2, 40, 0
5038, 81, 19, 15, 4, 73, 8
7339, 16, 7, 5, 2, 14, 2
7359, 35, 162, 118, 44, 35, 0
7882, 4, 6, 5, 1, 4, 0
8288, 17, 11, 10, 1, 17, 0
9018, 4, 6, 5, 1, 2, 2
9639, 26, 24, 15, 9, 9, 17
11413, 3, 22, 17, 5, 0, 3
15288, 29, 13, 9, 4, 26, 3
16983, 26, 11, 8, 3, 26, 0
18441, 12, 6, 6, 0, 9, 3
18566, 0, 23, 21, 2, 0, 0
22268, 4, 20, 14, 6, 3, 1
24047, 21, 4, 3, 1, 18, 3
29368, 32, 10, 8, 2, 28, 4
31145, 0, 12, 10, 2, 0, 0
31184, 0, 5, 3, 2, 0, 0
32941, 6, 9, 8, 1, 5, 1
32963, 62, 4, 4, 0, 54, 8
39677, 1, 2, 2, 0, 1, 0
39678, 6, 1, 1, 0, 6, 0
39679, 2, 2, 2, 0, 2, 0
39680, 20, 4, 4, 0, 1, 19
39681, 0, 1, 1, 0, 0, 0
39682, 2, 2, 1, 1, 2, 0
39683, 0, 6, 3, 3, 0, 0
15965, 0, 27, 27, 0, 0, 0
12439, 0, 46, 46, 0, 0, 0
1920, 7, 16, 10, 6, 7, 0
1940, 5, 26, 14, 12, 5, 0
2984, 3, 29, 18, 11, 3, 0
4761, 40, 6, 5, 1, 39, 1
6147, 3, 8, 5, 3, 1, 2
6357, 43, 10, 9, 1, 43, 0
6711, 23, 47, 38, 9, 22, 1
6730, 5, 23, 12, 11, 0, 5
7536, 0, 13, 3, 10, 0, 0
8025, 12, 25, 19, 6, 10, 2
9321, 1, 5, 5, 0, 1, 0
9368, 5, 55, 21, 34, 3, 2
11107, 2, 27, 15, 12, 2, 0
11152, 8, 38, 33, 5, 7, 1
11265, 2, 3, 2, 1, 2, 0
11414, 54, 16, 5, 11, 40, 14
11527, 2, 9, 8, 1, 2, 0
12138, 64, 16, 6, 10, 62, 2
12444, 8, 18, 17, 1, 6, 2
12446, 0, 22, 10, 12, 0, 0
12447, 3, 8, 6, 2, 0, 3
12448, 0, 5, 5, 0, 0, 0
12450, 0, 1, 1, 0, 0, 0
12451, 11, 12, 11, 1, 11, 0
12453, 0, 11, 11, 0, 0, 0
12454, 7, 7, 5, 2, 7, 0
12455, 0, 4, 3, 1, 0, 0
12457, 11, 5, 5, 0, 9, 2
12460, 0, 4, 2, 2, 0, 0
12461, 0, 9, 4, 5, 0, 0
12462, 0, 1, 1, 0, 0, 0
12463, 0, 1, 1, 0, 0, 0
12464, 0, 4, 4, 0, 0, 0
12467, 2, 4, 4, 0, 2, 0
12469, 5, 8, 8, 0, 5, 0
12470, 8, 3, 2, 1, 5, 3
12476, 0, 1, 1, 0, 0, 0
12479, 3, 32, 27, 5, 2, 1
12486, 0, 6, 4, 2, 0, 0
12487, 1, 6, 2, 4, 1, 0
12488, 12, 11, 10, 1, 12, 0
12490, 0, 3, 1, 2, 0, 0
12491, 2, 2, 0, 2, 2, 0
4794, 2, 11, 8, 3, 1, 1
39684, 11, 6, 2, 4, 8, 3
1555, 22, 21, 15, 6, 21, 1
3076, 202, 16, 7, 9, 67, 135
3374, 9, 34, 14, 20, 9, 0
4074, 0, 12, 8, 4, 0, 0
4723, 62, 15, 13, 2, 31, 31
8009, 191, 18, 18, 0, 191, 0
8767, 48, 15, 14, 1, 44, 4
8893, 43, 6, 6, 0, 43, 0
9082, 9, 10, 10, 0, 7, 2
9442, 0, 7, 4, 3, 0, 0
9875, 8, 5, 4, 1, 8, 0
10029, 0, 3, 3, 0, 0, 0
11498, 26, 17, 9, 8, 8, 18
13670, 33, 30, 26, 4, 33, 0
13927, 11, 11, 5, 6, 1, 10
14531, 198, 18, 8, 10, 84, 114
15380, 24, 10, 8, 2, 22, 2
16973, 0, 6, 5, 1, 0, 0
17877, 79, 21, 19, 2, 42, 37
18253, 10, 6, 6, 0, 9, 1
18510, 0, 13, 2, 11, 0, 0
19549, 12, 6, 4, 2, 9, 3
20141, 0, 6, 4, 2, 0, 0
21970, 19, 7, 6, 1, 18, 1
22808, 26, 5, 5, 0, 26, 0
24097, 0, 4, 2, 2, 0, 0
24796, 74, 18, 12, 6, 31, 43
25426, 0, 3, 3, 0, 0, 0
26801, 19, 5, 4, 1, 7, 12
27031, 2, 13, 3, 10, 1, 1
27838, 24, 5, 5, 0, 23, 1
28770, 0, 12, 9, 3, 0, 0
28772, 38, 16, 15, 1, 38, 0
29556, 188, 21, 13, 8, 66, 122
29679, 0, 3, 1, 2, 0, 0
30956, 6, 4, 3, 1, 3, 3
31463, 7, 9, 9, 0, 7, 0
32824, 10, 5, 3, 2, 6, 4
33604, 5, 4, 1, 3, 3, 2
34001, 196, 7, 7, 0, 196, 0
35498, 0, 4, 4, 0, 0, 0
36573, 10, 4, 4, 0, 10, 0
37183, 0, 2, 2, 0, 0, 0
38258, 0, 6, 2, 4, 0, 0
39160, 71, 5, 1, 4, 29, 42
39557, 36, 3, 3, 0, 24, 12
39685, 0, 5, 2, 3, 0, 0
39686, 0, 2, 2, 0, 0, 0
39687, 4, 2, 1, 1, 3, 1
39688, 2, 6, 4, 2, 1, 1
39689, 23, 4, 3, 1, 20, 3
39690, 0, 1, 1, 0, 0, 0
39691, 2, 5, 5, 0, 0, 2
39692, 1, 1, 1, 0, 1, 0
39693, 0, 1, 1, 0, 0, 0
39694, 2, 1, 1, 0, 2, 0
39695, 14, 5, 5, 0, 10, 4
39696, 0, 2, 2, 0, 0, 0
2381, 0, 8, 7, 1, 0, 0
2717, 0, 5, 5, 0, 0, 0
3032, 10, 5, 4, 1, 10, 0
3598, 0, 3, 3, 0, 0, 0
5642, 1, 29, 25, 4, 1, 0
5874, 1, 10, 9, 1, 1, 0
6065, 6, 11, 9, 2, 6, 0
6885, 1, 25, 14, 11, 1, 0
9366, 0, 5, 4, 1, 0, 0
9370, 6, 8, 8, 0, 6, 0
9371, 0, 4, 4, 0, 0, 0
9372, 10, 10, 10, 0, 9, 1
9373, 0, 1, 1, 0, 0, 0
9374, 7, 5, 5, 0, 5, 2
9377, 1, 7, 6, 1, 1, 0
9382, 14, 14, 14, 0, 13, 1
9383, 42, 28, 28, 0, 42, 0
9385, 5, 5, 5, 0, 5, 0
9386, 0, 10, 9, 1, 0, 0
9387, 15, 9, 8, 1, 13, 2
9390, 1, 1, 1, 0, 1, 0
9391, 0, 2, 2, 0, 0, 0
9394, 1, 2, 2, 0, 1, 0
9395, 1, 26, 21, 5, 1, 0
9398, 9, 7, 7, 0, 8, 1
9399, 52, 9, 7, 2, 50, 2
9401, 0, 2, 2, 0, 0, 0
9402, 1, 8, 8, 0, 0, 1
9404, 6, 3, 3, 0, 6, 0
9405, 0, 4, 3, 1, 0, 0
9406, 0, 1, 1, 0, 0, 0
9408, 0, 3, 3, 0, 0, 0
9409, 1, 3, 3, 0, 1, 0
9412, 22, 23, 16, 7, 15, 7
9413, 8, 5, 5, 0, 8, 0
9414, 28, 12, 9, 3, 12, 16
9415, 5, 19, 18, 1, 5, 0
9417, 2, 20, 20, 0, 2, 0
9420, 0, 1, 1, 0, 0, 0
9423, 0, 2, 2, 0, 0, 0
9424, 14, 4, 4, 0, 10, 4
9425, 1, 11, 7, 4, 1, 0
9426, 4, 25, 20, 5, 0, 4
9429, 0, 3, 3, 0, 0, 0
9431, 31, 9, 8, 1, 20, 11
9432, 1, 8, 5, 3, 1, 0
9433, 14, 8, 7, 1, 12, 2
9435, 0, 5, 2, 3, 0, 0
9438, 0, 12, 11, 1, 0, 0
9439, 4, 4, 4, 0, 4, 0
9441, 20, 5, 5, 0, 20, 0
9444, 9, 10, 9, 1, 9, 0
9445, 29, 15, 11, 4, 28, 1
9446, 4, 4, 4, 0, 3, 1
9447, 0, 1, 1, 0, 0, 0
9448, 1, 3, 3, 0, 0, 1
9450, 2, 14, 9, 5, 1, 1
9451, 8, 8, 3, 5, 8, 0
9452, 0, 3, 2, 1, 0, 0
9453, 12, 16, 10, 6, 8, 4
9454, 16, 4, 3, 1, 16, 0
9455, 0, 5, 3, 2, 0, 0
9457, 3, 3, 0, 3, 0, 3
9458, 0, 1, 0, 1, 0, 0
9460, 0, 3, 0, 3, 0, 0
9461, 4, 6, 3, 3, 4, 0
2792, 4, 34, 33, 1, 3, 1
3163, 37, 18, 4, 14, 25, 12
4231, 0, 19, 18, 1, 0, 0
4553, 39, 7, 4, 3, 35, 4
9489, 3, 3, 3, 0, 3, 0
12721, 0, 56, 56, 0, 0, 0
18634, 1, 4, 3, 1, 0, 1
33426, 0, 6, 3, 3, 0, 0
33605, 2, 7, 2, 5, 0, 2
34036, 0, 8, 7, 1, 0, 0
39697, 4, 7, 7, 0, 4, 0
39698, 5, 2, 2, 0, 5, 0
22944, 25, 7, 3, 4, 7, 18
5556, 129, 15, 15, 0, 129, 0
18902, 0, 40, 35, 5, 0, 0
39699, 3, 1, 1, 0, 2, 1
39700, 1, 2, 2, 0, 1, 0
39701, 0, 1, 1, 0, 0, 0
1567, 7, 22, 15, 7, 7, 0
5895, 2, 32, 21, 11, 2, 0
21361, 0, 16, 14, 2, 0, 0
39702, 3, 13, 10, 3, 3, 0
39703, 0, 1, 1, 0, 0, 0
39704, 0, 1, 1, 0, 0, 0
39705, 31, 3, 3, 0, 31, 0
39706, 0, 3, 1, 2, 0, 0
3009, 4, 4, 3, 1, 3, 1
3398, 9, 6, 2, 4, 5, 4
3816, 1, 11, 9, 2, 1, 0
3832, 12, 20, 13, 7, 6, 6
3835, 6, 50, 41, 9, 6, 0
4400, 31, 9, 7, 2, 21, 10
4579, 5, 12, 8, 4, 5, 0
6886, 3, 9, 3, 6, 3, 0
7101, 0, 4, 3, 1, 0, 0
7288, 0, 7, 4, 3, 0, 0
10623, 3, 9, 8, 1, 3, 0
11787, 2, 39, 36, 3, 2, 0
17135, 42, 8, 7, 1, 38, 4
17606, 0, 12, 12, 0, 0, 0
18892, 1, 18, 16, 2, 1, 0
19076, 0, 6, 5, 1, 0, 0
20374, 3, 11, 8, 3, 3, 0
21782, 0, 2, 1, 1, 0, 0
24286, 8, 4, 2, 2, 6, 2
24952, 66, 12, 9, 3, 31, 35
25801, 3, 13, 11, 2, 3, 0
32903, 0, 4, 2, 2, 0, 0
34282, 0, 2, 2, 0, 0, 0
39707, 0, 1, 1, 0, 0, 0
39708, 0, 2, 1, 1, 0, 0
39709, 3, 5, 4, 1, 3, 0
39710, 0, 7, 6, 1, 0, 0
39711, 0, 1, 0, 1, 0, 0
39712, 1, 1, 0, 1, 1, 0
39713, 0, 7, 3, 4, 0, 0
39714, 3, 2, 1, 1, 3, 0
39715, 0, 1, 0, 1, 0, 0
39716, 0, 1, 0, 1, 0, 0
39717, 0, 5, 4, 1, 0, 0
39718, 0, 3, 2, 1, 0, 0
39719, 0, 3, 1, 2, 0, 0
39720, 1, 3, 1, 2, 1, 0
39721, 1, 1, 1, 0, 1, 0
5835, 41, 57, 21, 36, 3, 38
25938, 16, 13, 12, 1, 16, 0
36634, 9, 5, 5, 0, 7, 2
12174, 27, 24, 18, 6, 27, 0
16038, 0, 3, 3, 0, 0, 0
16039, 17, 10, 8, 2, 17, 0
16040, 2, 3, 2, 1, 2, 0
6600, 115, 53, 43, 10, 115, 0
39722, 0, 2, 2, 0, 0, 0
39723, 0, 2, 0, 2, 0, 0
5340, 0, 17, 17, 0, 0, 0
7819, 4, 18, 4, 14, 4, 0
12729, 0, 2, 2, 0, 0, 0
12730, 0, 1, 1, 0, 0, 0
12731, 3, 4, 4, 0, 3, 0
12732, 1, 2, 2, 0, 1, 0
12733, 4, 2, 2, 0, 4, 0
12734, 0, 1, 1, 0, 0, 0
12735, 0, 8, 7, 1, 0, 0
12736, 1, 2, 2, 0, 1, 0
12737, 0, 3, 3, 0, 0, 0
12738, 0, 1, 1, 0, 0, 0
12739, 1, 5, 1, 4, 1, 0
5264, 10, 6, 6, 0, 9, 1
5325, 26, 9, 8, 1, 26, 0
6263, 19, 25, 23, 2, 19, 0
6317, 21, 15, 15, 0, 21, 0
6989, 6, 2, 2, 0, 5, 1
8496, 30, 28, 20, 8, 28, 2
10422, 41, 11, 8, 3, 30, 11
11411, 104, 40, 36, 4, 29, 75
11528, 45, 16, 10, 6, 34, 11
12391, 4, 11, 11, 0, 3, 1
12558, 136, 10, 9, 1, 105, 31
13648, 202, 17, 14, 3, 142, 60
13961, 10, 9, 8, 1, 10, 0
14272, 9, 12, 9, 3, 8, 1
14685, 204, 33, 32, 1, 196, 8
15489, 9, 7, 6, 1, 9, 0
16590, 8, 9, 7, 2, 8, 0
17400, 25, 5, 4, 1, 24, 1
17686, 201, 20, 20, 0, 195, 6
17865, 15, 21, 19, 2, 14, 1
18344, 1, 9, 9, 0, 1, 0
18621, 15, 8, 6, 2, 13, 2
18774, 5, 5, 5, 0, 3, 2
20015, 14, 17, 15, 2, 12, 2
20267, 25, 1, 1, 0, 25, 0
20525, 75, 4, 3, 1, 71, 4
20638, 4, 6, 6, 0, 3, 1
21857, 32, 4, 4, 0, 31, 1
22797, 6, 16, 13, 3, 4, 2
22952, 33, 20, 20, 0, 33, 0
23092, 16, 3, 3, 0, 16, 0
23094, 7, 3, 3, 0, 7, 0
27599, 62, 7, 7, 0, 61, 1
35203, 48, 1, 1, 0, 44, 4
35410, 137, 7, 7, 0, 137, 0
39143, 7, 2, 2, 0, 7, 0
39724, 11, 2, 2, 0, 11, 0
39725, 15, 1, 1, 0, 14, 1
39726, 19, 1, 1, 0, 18, 1
39727, 3, 1, 1, 0, 3, 0
39728, 4, 2, 2, 0, 4, 0
39729, 7, 7, 5, 2, 7, 0
39730, 51, 5, 4, 1, 29, 22
39731, 6, 1, 1, 0, 6, 0
39732, 5, 1, 1, 0, 5, 0
39733, 1, 1, 1, 0, 1, 0
39734, 1, 1, 1, 0, 1, 0
39735, 15, 1, 1, 0, 15, 0
39736, 15, 2, 2, 0, 15, 0
39737, 3, 1, 1, 0, 3, 0
39738, 6, 3, 3, 0, 5, 1
39739, 9, 3, 3, 0, 7, 2
39740, 8, 2, 2, 0, 8, 0
39741, 2, 2, 2, 0, 2, 0
39742, 4, 3, 3, 0, 4, 0
39743, 3, 3, 3, 0, 3, 0
39744, 13, 3, 3, 0, 13, 0
39745, 3, 5, 4, 1, 3, 0
39746, 10, 1, 1, 0, 10, 0
39747, 5, 6, 6, 0, 5, 0
39748, 23, 3, 3, 0, 21, 2
39749, 6, 3, 3, 0, 6, 0
39750, 17, 1, 1, 0, 16, 1
13044, 2, 7, 5, 2, 2, 0
21399, 0, 16, 14, 2, 0, 0
22854, 0, 11, 9, 2, 0, 0
3400, 0, 12, 10, 2, 0, 0
5730, 5, 13, 11, 2, 5, 0
11392, 0, 8, 5, 3, 0, 0
11747, 27, 14, 8, 6, 22, 5
15820, 16, 14, 8, 6, 9, 7
23625, 0, 1, 1, 0, 0, 0
23627, 16, 10, 7, 3, 11, 5
23628, 0, 2, 2, 0, 0, 0
23629, 11, 3, 3, 0, 9, 2
23630, 0, 8, 3, 5, 0, 0
23631, 0, 1, 0, 1, 0, 0
23632, 0, 3, 1, 2, 0, 0
23634, 0, 7, 3, 4, 0, 0
4548, 1, 8, 6, 2, 1, 0
11116, 2, 5, 5, 0, 2, 0
11514, 16, 10, 8, 2, 16, 0
14676, 4, 6, 6, 0, 3, 1
15786, 2, 30, 22, 8, 2, 0
22041, 72, 8, 8, 0, 63, 9
39751, 1, 8, 7, 1, 0, 1
39752, 0, 1, 1, 0, 0, 0
39753, 0, 2, 2, 0, 0, 0
39754, 4, 1, 1, 0, 4, 0
3752, 2, 12, 11, 1, 2, 0
5249, 0, 8, 7, 1, 0, 0
5295, 31, 9, 8, 1, 19, 12
5318, 0, 6, 5, 1, 0, 0
11966, 17, 70, 46, 24, 12, 5
17014, 0, 20, 16, 4, 0, 0
21681, 15, 16, 12, 4, 15, 0
22207, 10, 8, 8, 0, 10, 0
26424, 0, 4, 4, 0, 0, 0
26444, 43, 14, 13, 1, 30, 13
28176, 2, 8, 7, 1, 2, 0
39755, 2, 2, 2, 0, 2, 0
39756, 2, 2, 2, 0, 2, 0
39757, 5, 3, 3, 0, 4, 1
3703, 42, 11, 8, 3, 30, 12
4620, 14, 21, 20, 1, 11, 3
4843, 0, 1, 1, 0, 0, 0
4845, 14, 10, 10, 0, 10, 4
4849, 7, 3, 3, 0, 7, 0
4851, 5, 3, 3, 0, 5, 0
4856, 1, 1, 1, 0, 1, 0
4858, 1, 1, 1, 0, 1, 0
4860, 0, 8, 6, 2, 0, 0
4861, 1, 4, 4, 0, 1, 0
4862, 1, 1, 1, 0, 1, 0
4866, 0, 4, 4, 0, 0, 0
4867, 0, 2, 2, 0, 0, 0
4869, 0, 31, 26, 5, 0, 0
4870, 24, 3, 3, 0, 19, 5
4871, 0, 3, 3, 0, 0, 0
4876, 0, 1, 1, 0, 0, 0
4877, 4, 17, 11, 6, 3, 1
4878, 3, 4, 4, 0, 3, 0
4881, 9, 1, 1, 0, 9, 0
4882, 0, 1, 1, 0, 0, 0
1516, 1, 23, 21, 2, 1, 0
1911, 5, 7, 6, 1, 2, 3
2421, 1, 14, 12, 2, 1, 0
2730, 1, 47, 33, 14, 1, 0
2821, 2, 42, 26, 16, 2, 0
2945, 44, 47, 42, 5, 43, 1
3057, 42, 19, 15, 4, 37, 5
3394, 4, 16, 15, 1, 4, 0
3608, 6, 2, 2, 0, 6, 0
3632, 34, 27, 21, 6, 27, 7
5541, 5, 7, 5, 2, 4, 1
5598, 8, 14, 12, 2, 8, 0
5780, 2, 36, 18, 18, 2, 0
5944, 28, 48, 40, 8, 28, 0
6166, 40, 4, 4, 0, 36, 4
6483, 14, 15, 12, 3, 1, 13
7419, 5, 9, 8, 1, 5, 0
8274, 8, 6, 5, 1, 6, 2
8448, 30, 64, 43, 21, 24, 6
9118, 4, 4, 4, 0, 3, 1
9483, 14, 37, 33, 4, 13, 1
9534, 2, 50, 27, 23, 1, 1
11749, 19, 17, 17, 0, 19, 0
12046, 0, 9, 9, 0, 0, 0
12117, 5, 4, 2, 2, 5, 0
13687, 6, 10, 7, 3, 6, 0
14843, 4, 6, 4, 2, 4, 0
16220, 1, 5, 5, 0, 1, 0
16870, 0, 23, 17, 6, 0, 0
17284, 0, 3, 3, 0, 0, 0
18542, 2, 8, 7, 1, 2, 0
18824, 10, 13, 10, 3, 10, 0
18991, 1, 15, 14, 1, 1, 0
19650, 64, 15, 14, 1, 59, 5
19875, 2, 10, 8, 2, 2, 0
19928, 0, 5, 5, 0, 0, 0
21082, 9, 30, 27, 3, 6, 3
21493, 42, 4, 4, 0, 6, 36
21726, 0, 7, 7, 0, 0, 0
22285, 0, 13, 11, 2, 0, 0
22741, 0, 12, 9, 3, 0, 0
22991, 5, 2, 2, 0, 5, 0
23310, 0, 12, 6, 6, 0, 0
23819, 96, 31, 22, 9, 16, 80
24080, 4, 16, 16, 0, 4, 0
24202, 0, 16, 7, 9, 0, 0
24583, 0, 7, 5, 2, 0, 0
25109, 2, 11, 10, 1, 1, 1
26143, 0, 9, 9, 0, 0, 0
26393, 0, 7, 7, 0, 0, 0
26819, 7, 3, 3, 0, 7, 0
27358, 6, 9, 6, 3, 6, 0
28024, 10, 3, 3, 0, 10, 0
28490, 36, 11, 8, 3, 32, 4
29768, 0, 5, 4, 1, 0, 0
31010, 7, 7, 4, 3, 7, 0
31529, 81, 22, 17, 5, 38, 43
35305, 7, 12, 12, 0, 7, 0
37252, 0, 8, 7, 1, 0, 0
37510, 0, 3, 3, 0, 0, 0
37751, 0, 2, 2, 0, 0, 0
38436, 0, 4, 4, 0, 0, 0
38671, 0, 3, 1, 2, 0, 0
38929, 0, 6, 6, 0, 0, 0
39217, 0, 3, 3, 0, 0, 0
39758, 15, 2, 2, 0, 15, 0
39759, 16, 4, 4, 0, 16, 0
39760, 0, 6, 6, 0, 0, 0
39761, 0, 10, 10, 0, 0, 0
39762, 0, 1, 1, 0, 0, 0
39763, 0, 5, 5, 0, 0, 0
39764, 1, 1, 1, 0, 1, 0
39765, 18, 3, 2, 1, 11, 7
39766, 0, 5, 3, 2, 0, 0
39767, 0, 3, 3, 0, 0, 0
39768, 1, 1, 1, 0, 1, 0
39769, 0, 1, 1, 0, 0, 0
39770, 0, 4, 2, 2, 0, 0
39771, 9, 3, 3, 0, 9, 0
39772, 0, 1, 1, 0, 0, 0
39773, 5, 2, 2, 0, 5, 0
39774, 15, 3, 1, 2, 10, 5
36372, 3, 2, 2, 0, 3, 0
2067, 7, 35, 31, 4, 7, 0
2085, 1, 13, 1, 12, 1, 0
2469, 1, 94, 75, 19, 1, 0
2799, 36, 26, 26, 0, 20, 16
3091, 0, 14, 12, 2, 0, 0
4347, 70, 37, 21, 16, 42, 28
4540, 0, 18, 15, 3, 0, 0
4750, 0, 8, 6, 2, 0, 0
4780, 0, 6, 5, 1, 0, 0
5440, 47, 37, 26, 11, 46, 1
5935, 30, 41, 20, 21, 23, 7
6354, 1, 20, 9, 11, 0, 1
6442, 5, 37, 36, 1, 5, 0
6888, 10, 22, 10, 12, 7, 3
6917, 1, 2, 0, 2, 0, 1
7395, 9, 13, 13, 0, 6, 3
7404, 8, 14, 14, 0, 8, 0
7410, 19, 24, 20, 4, 18, 1
7424, 16, 17, 14, 3, 14, 2
7842, 48, 8, 4, 4, 18, 30
7859, 13, 23, 15, 8, 12, 1
7976, 20, 11, 10, 1, 20, 0
8217, 41, 6, 3, 3, 11, 30
8693, 13, 40, 25, 15, 11, 2
9056, 6, 11, 6, 5, 6, 0
9309, 21, 17, 15, 2, 15, 6
9347, 2, 7, 2, 5, 2, 0
11304, 7, 7, 7, 0, 7, 0
11305, 2, 5, 5, 0, 2, 0
11306, 0, 9, 5, 4, 0, 0
11310, 0, 3, 2, 1, 0, 0
11312, 0, 8, 4, 4, 0, 0
11313, 0, 7, 6, 1, 0, 0
11314, 1, 16, 12, 4, 1, 0
11315, 48, 18, 13, 5, 46, 2
11317, 0, 1, 1, 0, 0, 0
11318, 28, 1, 1, 0, 24, 4
11319, 0, 29, 29, 0, 0, 0
11321, 0, 5, 3, 2, 0, 0
11322, 0, 2, 2, 0, 0, 0
11323, 1, 4, 3, 1, 1, 0
11325, 43, 9, 8, 1, 23, 20
11326, 7, 4, 3, 1, 7, 0
11327, 3, 3, 3, 0, 3, 0
11328, 0, 2, 1, 1, 0, 0
11329, 0, 3, 3, 0, 0, 0
11330, 0, 4, 4, 0, 0, 0
11331, 0, 5, 4, 1, 0, 0
11333, 64, 20, 17, 3, 55, 9
11334, 29, 18, 13, 5, 28, 1
11336, 8, 5, 5, 0, 7, 1
11339, 3, 2, 2, 0, 3, 0
11340, 10, 3, 3, 0, 10, 0
11342, 3, 8, 3, 5, 3, 0
11345, 5, 7, 6, 1, 3, 2
11347, 0, 4, 3, 1, 0, 0
11348, 2, 11, 3, 8, 2, 0
11349, 3, 7, 4, 3, 3, 0
11350, 15, 19, 15, 4, 14, 1
11351, 0, 5, 5, 0, 0, 0
11353, 1, 1, 1, 0, 1, 0
11354, 0, 7, 7, 0, 0, 0
11355, 30, 5, 4, 1, 19, 11
11356, 5, 1, 1, 0, 3, 2
11358, 0, 2, 2, 0, 0, 0
11360, 0, 5, 5, 0, 0, 0
11361, 9, 8, 6, 2, 9, 0
11363, 19, 5, 4, 1, 17, 2
11366, 8, 8, 7, 1, 8, 0
11367, 0, 2, 1, 1, 0, 0
11370, 0, 1, 1, 0, 0, 0
11371, 2, 6, 6, 0, 2, 0
11378, 45, 6, 5, 1, 13, 32
11379, 0, 2, 2, 0, 0, 0
11380, 0, 14, 11, 3, 0, 0
11383, 17, 27, 19, 8, 6, 11
11385, 0, 2, 2, 0, 0, 0
11386, 8, 15, 14, 1, 8, 0
11387, 0, 1, 1, 0, 0, 0
11388, 2, 3, 3, 0, 1, 1
11389, 0, 4, 2, 2, 0, 0
11390, 2, 2, 2, 0, 2, 0
11391, 11, 4, 4, 0, 11, 0
11394, 2, 7, 5, 2, 2, 0
11395, 0, 4, 4, 0, 0, 0
11396, 9, 17, 15, 2, 9, 0
11399, 0, 5, 5, 0, 0, 0
11400, 5, 7, 7, 0, 5, 0
11401, 8, 6, 5, 1, 4, 4
11405, 0, 6, 5, 1, 0, 0
11406, 4, 3, 2, 1, 4, 0
11407, 0, 1, 1, 0, 0, 0
11408, 0, 10, 5, 5, 0, 0
11409, 83, 23, 16, 7, 56, 27
11412, 0, 7, 7, 0, 0, 0
11416, 30, 21, 12, 9, 12, 18
11417, 0, 4, 3, 1, 0, 0
11418, 0, 3, 0, 3, 0, 0
11419, 0, 2, 1, 1, 0, 0
11421, 1, 3, 2, 1, 1, 0
11423, 0, 1, 0, 1, 0, 0
11424, 30, 14, 10, 4, 22, 8
11425, 1, 3, 2, 1, 1, 0
11427, 1, 7, 6, 1, 1, 0
11428, 0, 4, 0, 4, 0, 0
11429, 0, 11, 10, 1, 0, 0
11430, 0, 3, 1, 2, 0, 0
11431, 1, 1, 0, 1, 1, 0
11432, 2, 16, 8, 8, 2, 0
11433, 0, 17, 10, 7, 0, 0
11436, 9, 6, 2, 4, 8, 1
11437, 0, 1, 0, 1, 0, 0
11438, 0, 8, 5, 3, 0, 0
11442, 3, 4, 0, 4, 0, 3
11444, 2, 14, 12, 2, 2, 0
11445, 0, 2, 0, 2, 0, 0
11446, 0, 7, 3, 4, 0, 0
11448, 3, 19, 9, 10, 3, 0
11449, 20, 12, 5, 7, 19, 1
11451, 202, 65, 15, 50, 9, 193
11452, 1, 2, 1, 1, 1, 0
11453, 22, 12, 6, 6, 18, 4
1974, 0, 9, 7, 2, 0, 0
2022, 1, 66, 55, 11, 1, 0
2392, 33, 22, 19, 3, 28, 5
2426, 5, 17, 10, 7, 0, 5
3109, 0, 21, 12, 9, 0, 0
3505, 30, 13, 6, 7, 7, 23
3590, 49, 33, 23, 10, 37, 12
3801, 7, 15, 13, 2, 4, 3
5405, 13, 16, 16, 0, 13, 0
5615, 4, 10, 9, 1, 4, 0
6086, 11, 39, 14, 25, 6, 5
7348, 5, 11, 11, 0, 3, 2
8687, 5, 7, 6, 1, 5, 0
8721, 33, 24, 13, 11, 28, 5
10553, 4, 4, 3, 1, 4, 0
11123, 4, 60, 31, 29, 4, 0
11899, 1, 4, 3, 1, 1, 0
12770, 54, 12, 7, 5, 20, 34
13425, 0, 3, 3, 0, 0, 0
18629, 3, 10, 5, 5, 1, 2
20054, 0, 8, 6, 2, 0, 0
21046, 3, 8, 3, 5, 1, 2
24277, 8, 12, 5, 7, 4, 4
24815, 0, 5, 3, 2, 0, 0
26717, 11, 13, 7, 6, 9, 2
28224, 0, 1, 1, 0, 0, 0
28225, 0, 4, 3, 1, 0, 0
28226, 0, 6, 6, 0, 0, 0
28227, 0, 1, 1, 0, 0, 0
28228, 9, 7, 4, 3, 6, 3
28229, 4, 3, 3, 0, 3, 1
28231, 1, 1, 1, 0, 0, 1
28232, 7, 7, 3, 4, 6, 1
28233, 0, 4, 2, 2, 0, 0
28234, 0, 1, 0, 1, 0, 0
28236, 0, 1, 0, 1, 0, 0
28237, 0, 1, 0, 1, 0, 0
28238, 1, 18, 14, 4, 1, 0
28240, 0, 1, 0, 1, 0, 0
28241, 1, 2, 1, 1, 1, 0
28242, 0, 1, 0, 1, 0, 0
28243, 1, 3, 2, 1, 1, 0
28244, 0, 1, 0, 1, 0, 0
28245, 0, 1, 0, 1, 0, 0
28246, 41, 4, 3, 1, 23, 18
28247, 0, 1, 0, 1, 0, 0
28248, 0, 7, 3, 4, 0, 0
28249, 9, 1, 0, 1, 8, 1
28250, 0, 2, 1, 1, 0, 0
28251, 0, 1, 0, 1, 0, 0
28252, 0, 1, 0, 1, 0, 0
28253, 0, 2, 1, 1, 0, 0
28254, 4, 2, 0, 2, 4, 0
28255, 6, 2, 1, 1, 6, 0
28256, 2, 1, 0, 1, 2, 0
28257, 0, 1, 0, 1, 0, 0
28258, 0, 1, 0, 1, 0, 0
28259, 2, 3, 2, 1, 2, 0
28260, 6, 9, 6, 3, 6, 0
28261, 0, 1, 0, 1, 0, 0
28262, 0, 3, 2, 1, 0, 0
28263, 39, 3, 2, 1, 28, 11
28264, 2, 3, 2, 1, 1, 1
28265, 0, 1, 0, 1, 0, 0
18158, 20, 20, 14, 6, 19, 1
39775, 0, 1, 1, 0, 0, 0
39776, 3, 3, 2, 1, 2, 1
39777, 3, 1, 1, 0, 3, 0
8219, 0, 2, 2, 0, 0, 0
39778, 2, 1, 1, 0, 2, 0
39779, 6, 3, 3, 0, 6, 0
39780, 7, 5, 5, 0, 7, 0
1638, 15, 9, 6, 3, 14, 1
3045, 28, 54, 13, 41, 28, 0
3162, 159, 29, 26, 3, 135, 24
5786, 1, 10, 5, 5, 0, 1
5808, 32, 4, 3, 1, 32, 0
7980, 23, 6, 5, 1, 10, 13
9304, 94, 4, 4, 0, 94, 0
9598, 41, 4, 2, 2, 27, 14
10454, 58, 21, 15, 6, 55, 3
11646, 42, 15, 12, 3, 39, 3
11708, 15, 4, 3, 1, 15, 0
11759, 171, 15, 15, 0, 171, 0
12533, 12, 14, 11, 3, 10, 2
13273, 0, 8, 6, 2, 0, 0
14263, 0, 5, 5, 0, 0, 0
14484, 48, 6, 6, 0, 44, 4
14966, 21, 9, 8, 1, 14, 7
16972, 0, 7, 7, 0, 0, 0
17466, 13, 2, 2, 0, 12, 1
17890, 13, 3, 3, 0, 11, 2
18833, 1, 4, 3, 1, 0, 1
19003, 73, 16, 14, 2, 57, 16
19041, 8, 3, 2, 1, 7, 1
19647, 0, 3, 2, 1, 0, 0
20076, 0, 5, 4, 1, 0, 0
20752, 6, 5, 2, 3, 6, 0
21234, 17, 8, 8, 0, 17, 0
21358, 46, 6, 3, 3, 7, 39
21746, 0, 10, 4, 6, 0, 0
21954, 9, 21, 18, 3, 9, 0
22703, 0, 6, 6, 0, 0, 0
23323, 12, 16, 9, 7, 10, 2
23480, 25, 4, 3, 1, 24, 1
24115, 48, 8, 7, 1, 35, 13
24297, 6, 6, 3, 3, 6, 0
24641, 7, 2, 1, 1, 7, 0
24876, 2, 2, 1, 1, 2, 0
28042, 9, 4, 4, 0, 7, 2
29389, 53, 7, 6, 1, 39, 14
29837, 13, 4, 4, 0, 9, 4
30007, 5, 3, 3, 0, 3, 2
30866, 46, 7, 6, 1, 40, 6
31362, 20, 3, 3, 0, 20, 0
32986, 21, 6, 5, 1, 21, 0
33437, 8, 10, 3, 7, 8, 0
34407, 28, 17, 13, 4, 23, 5
35053, 6, 5, 1, 4, 6, 0
35483, 39, 10, 7, 3, 19, 20
36615, 2, 4, 3, 1, 2, 0
36654, 2, 2, 2, 0, 2, 0
36687, 3, 2, 2, 0, 3, 0
36688, 0, 1, 1, 0, 0, 0
36689, 28, 3, 3, 0, 23, 5
36690, 48, 4, 4, 0, 35, 13
36691, 0, 1, 1, 0, 0, 0
36692, 0, 3, 3, 0, 0, 0
36693, 46, 5, 5, 0, 40, 6
36694, 7, 4, 3, 1, 6, 1
36695, 36, 3, 3, 0, 36, 0
36696, 0, 4, 4, 0, 0, 0
36697, 8, 1, 1, 0, 8, 0
36698, 25, 3, 3, 0, 23, 2
36699, 6, 2, 2, 0, 5, 1
36700, 1, 6, 5, 1, 1, 0
36701, 15, 1, 1, 0, 14, 1
36702, 5, 2, 2, 0, 5, 0
36703, 20, 6, 4, 2, 18, 2
36704, 7, 2, 2, 0, 7, 0
36705, 7, 5, 5, 0, 7, 0
36706, 0, 1, 1, 0, 0, 0
36707, 8, 1, 1, 0, 8, 0
36708, 2, 1, 1, 0, 2, 0
36709, 2, 2, 1, 1, 2, 0
36710, 7, 1, 1, 0, 7, 0
36711, 0, 3, 2, 1, 0, 0
1933, 21, 69, 40, 29, 21, 0
3563, 14, 19, 19, 0, 14, 0
5649, 2, 18, 15, 3, 2, 0
6792, 5, 10, 4, 6, 5, 0
6808, 0, 4, 3, 1, 0, 0
10368, 0, 3, 2, 1, 0, 0
12535, 7, 3, 2, 1, 6, 1
12551, 0, 32, 19, 13, 0, 0
12795, 8, 4, 3, 1, 8, 0
14495, 6, 30, 22, 8, 6, 0
18521, 0, 13, 11, 2, 0, 0
19256, 18, 14, 11, 3, 14, 4
20302, 0, 3, 2, 1, 0, 0
22677, 0, 3, 3, 0, 0, 0
22692, 6, 9, 6, 3, 1, 5
24493, 5, 19, 11, 8, 5, 0
24727, 2, 19, 17, 2, 2, 0
39530, 8, 5, 4, 1, 7, 1
39781, 1, 2, 2, 0, 1, 0
39782, 6, 4, 4, 0, 1, 5
39783, 4, 2, 2, 0, 1, 3
39784, 0, 2, 2, 0, 0, 0
39785, 1, 2, 1, 1, 1, 0
39786, 4, 2, 1, 1, 0, 4
39787, 3, 4, 3, 1, 3, 0
39788, 0, 1, 1, 0, 0, 0
39789, 0, 1, 1, 0, 0, 0
39790, 0, 1, 1, 0, 0, 0
39791, 1, 4, 3, 1, 1, 0
2931, 0, 4, 2, 2, 0, 0
4340, 3, 13, 10, 3, 3, 0
4563, 0, 4, 3, 1, 0, 0
6231, 0, 10, 8, 2, 0, 0
7817, 0, 7, 4, 3, 0, 0
9334, 0, 45, 38, 7, 0, 0
10331, 1, 17, 5, 12, 1, 0
11746, 0, 10, 10, 0, 0, 0
17190, 0, 7, 7, 0, 0, 0
21121, 12, 33, 20, 13, 12, 0
21455, 0, 5, 4, 1, 0, 0
22301, 0, 24, 13, 11, 0, 0
22938, 0, 4, 4, 0, 0, 0
23317, 1, 2, 2, 0, 1, 0
23466, 0, 3, 2, 1, 0, 0
28120, 8, 13, 12, 1, 8, 0
28121, 0, 5, 3, 2, 0, 0
28122, 0, 2, 2, 0, 0, 0
28123, 1, 5, 3, 2, 0, 1
28124, 0, 4, 3, 1, 0, 0
28125, 0, 1, 1, 0, 0, 0
28126, 4, 1, 1, 0, 4, 0
28127, 0, 1, 1, 0, 0, 0
28128, 0, 8, 7, 1, 0, 0
28129, 2, 10, 5, 5, 1, 1
28130, 0, 1, 1, 0, 0, 0
28131, 0, 1, 0, 1, 0, 0
28132, 0, 3, 2, 1, 0, 0
28133, 0, 1, 0, 1, 0, 0
28134, 202, 19, 9, 10, 52, 150
28135, 0, 3, 1, 2, 0, 0
8854, 2, 24, 24, 0, 2, 0
17434, 201, 17, 13, 4, 126, 75
18033, 16, 5, 3, 2, 16, 0
18035, 1, 1, 1, 0, 1, 0
18037, 0, 2, 0, 2, 0, 0
4596, 10, 8, 7, 1, 10, 0
39792, 2, 3, 3, 0, 2, 0
10320, 0, 2, 2, 0, 0, 0
27509, 0, 5, 5, 0, 0, 0
39793, 2, 3, 3, 0, 2, 0
39794, 0, 1, 1, 0, 0, 0
7860, 5, 5, 5, 0, 5, 0
12261, 0, 5, 4, 1, 0, 0
12308, 80, 12, 12, 0, 63, 17
12331, 21, 5, 5, 0, 18, 3
13125, 5, 8, 7, 1, 5, 0
17248, 1, 2, 2, 0, 1, 0
17250, 5, 7, 4, 3, 4, 1
17251, 11, 6, 6, 0, 11, 0
17252, 3, 1, 1, 0, 3, 0
17253, 1, 3, 3, 0, 1, 0
17254, 3, 4, 4, 0, 3, 0
6530, 0, 49, 47, 2, 0, 0
39795, 0, 2, 2, 0, 0, 0
3414, 0, 57, 46, 11, 0, 0
3421, 27, 17, 9, 8, 24, 3
7762, 91, 36, 29, 7, 44, 47
13895, 0, 11, 6, 5, 0, 0
13941, 8, 10, 8, 2, 6, 2
14543, 1, 11, 7, 4, 1, 0
14593, 0, 3, 3, 0, 0, 0
17441, 14, 5, 1, 4, 6, 8
19080, 7, 10, 9, 1, 7, 0
19082, 0, 3, 3, 0, 0, 0
19083, 1, 1, 1, 0, 0, 1
19084, 1, 12, 7, 5, 1, 0
19085, 0, 3, 3, 0, 0, 0
19086, 0, 6, 5, 1, 0, 0
19087, 34, 23, 20, 3, 26, 8
19088, 3, 3, 2, 1, 1, 2
19090, 1, 9, 7, 2, 0, 1
19091, 0, 4, 4, 0, 0, 0
19092, 0, 5, 4, 1, 0, 0
19093, 0, 6, 4, 2, 0, 0
19094, 19, 15, 8, 7, 3, 16
19095, 0, 1, 0, 1, 0, 0
19096, 0, 1, 0, 1, 0, 0
19097, 0, 7, 1, 6, 0, 0
19098, 0, 2, 0, 2, 0, 0
19099, 0, 4, 3, 1, 0, 0
19100, 0, 1, 0, 1, 0, 0
19101, 0, 1, 0, 1, 0, 0
1578, 0, 19, 8, 11, 0, 0
2958, 13, 10, 10, 0, 13, 0
10077, 2, 15, 3, 12, 2, 0
27332, 4, 1, 1, 0, 2, 2
30322, 0, 3, 0, 3, 0, 0
35667, 0, 8, 3, 5, 0, 0
37757, 8, 4, 4, 0, 2, 6
32568, 4, 5, 5, 0, 4, 0
7024, 7, 38, 33, 5, 7, 0
39796, 1, 1, 1, 0, 1, 0
39797, 0, 3, 3, 0, 0, 0
39798, 4, 10, 2, 8, 2, 2
5415, 6, 15, 14, 1, 5, 1
12579, 11, 23, 16, 7, 3, 8
15666, 0, 18, 16, 2, 0, 0
18834, 5, 11, 3, 8, 1, 4
22670, 2, 10, 10, 0, 2, 0
35795, 11, 5, 4, 1, 10, 1
39799, 1, 1, 1, 0, 1, 0
18423, 1, 12, 3, 9, 1, 0
19818, 1, 1, 1, 0, 1, 0
19819, 1, 1, 1, 0, 1, 0
19820, 1, 2, 2, 0, 1, 0
19822, 0, 1, 1, 0, 0, 0
19823, 0, 2, 2, 0, 0, 0
19824, 8, 12, 11, 1, 8, 0
19825, 141, 26, 24, 2, 141, 0
2390, 34, 48, 43, 5, 17, 17
2756, 23, 9, 8, 1, 22, 1
3456, 40, 18, 15, 3, 39, 1
4285, 4, 10, 7, 3, 2, 2
6051, 163, 23, 22, 1, 155, 8
7988, 181, 22, 18, 4, 108, 73
17289, 0, 22, 18, 4, 0, 0
19044, 10, 12, 9, 3, 9, 1
19520, 20, 17, 14, 3, 18, 2
24472, 21, 4, 4, 0, 21, 0
26383, 10, 12, 11, 1, 10, 0
39800, 1, 1, 1, 0, 1, 0
39801, 4, 4, 4, 0, 4, 0
39802, 8, 3, 3, 0, 8, 0
39803, 1, 1, 1, 0, 1, 0
39804, 137, 9, 9, 0, 135, 2
39805, 5, 4, 4, 0, 5, 0
39806, 5, 3, 2, 1, 2, 3
39807, 4, 1, 1, 0, 4, 0
4366, 110, 10, 5, 5, 43, 67
16813, 18, 19, 11, 8, 18, 0
37952, 7, 9, 9, 0, 7, 0
2718, 17, 13, 9, 4, 16, 1
7084, 0, 17, 17, 0, 0, 0
15414, 0, 21, 18, 3, 0, 0
39808, 5, 2, 2, 0, 2, 3
39809, 4, 3, 3, 0, 4, 0
1587, 55, 12, 7, 5, 14, 41
3223, 60, 3, 3, 0, 58, 2
4645, 14, 8, 4, 4, 14, 0
4752, 11, 5, 4, 1, 11, 0
6312, 92, 24, 23, 1, 58, 34
6748, 0, 28, 15, 13, 0, 0
7146, 1, 8, 7, 1, 1, 0
7883, 86, 22, 20, 2, 72, 14
8880, 7, 7, 7, 0, 7, 0
8912, 21, 22, 16, 6, 20, 1
8961, 154, 8, 8, 0, 150, 4
9028, 0, 3, 2, 1, 0, 0
9285, 201, 23, 15, 8, 194, 7
11580, 0, 4, 4, 0, 0, 0
12419, 0, 2, 2, 0, 0, 0
12891, 5, 15, 1, 14, 1, 4
13347, 8, 2, 2, 0, 7, 1
13883, 0, 10, 3, 7, 0, 0
14294, 203, 10, 10, 0, 106, 97
14821, 18, 6, 6, 0, 18, 0
15146, 0, 8, 7, 1, 0, 0
15438, 2, 13, 10, 3, 2, 0
15765, 77, 3, 3, 0, 74, 3
16338, 24, 2, 2, 0, 20, 4
16560, 0, 7, 7, 0, 0, 0
19526, 4, 6, 4, 2, 4, 0
19903, 85, 2, 2, 0, 39, 46
24788, 0, 3, 2, 1, 0, 0
25976, 2, 20, 17, 3, 2, 0
26237, 67, 2, 2, 0, 66, 1
28758, 9, 7, 7, 0, 9, 0
29122, 2, 8, 7, 1, 2, 0
29135, 0, 9, 7, 2, 0, 0
30135, 3, 3, 3, 0, 2, 1
30385, 2, 10, 9, 1, 2, 0
31300, 0, 3, 3, 0, 0, 0
32705, 12, 3, 3, 0, 12, 0
33476, 26, 1, 1, 0, 20, 6
33948, 0, 7, 7, 0, 0, 0
33952, 0, 2, 2, 0, 0, 0
35040, 11, 1, 1, 0, 11, 0
35602, 6, 9, 9, 0, 6, 0
35658, 0, 7, 3, 4, 0, 0
37135, 5, 4, 3, 1, 5, 0
39212, 21, 5, 4, 1, 13, 8
39810, 5, 2, 1, 1, 5, 0
39811, 3, 4, 4, 0, 2, 1
39812, 14, 4, 3, 1, 12, 2
39813, 39, 5, 4, 1, 36, 3
39814, 0, 1, 1, 0, 0, 0
39815, 0, 3, 3, 0, 0, 0
39816, 1, 1, 1, 0, 1, 0
39817, 52, 7, 6, 1, 46, 6
39818, 0, 1, 1, 0, 0, 0
39819, 0, 1, 1, 0, 0, 0
39820, 8, 4, 2, 2, 5, 3
39821, 0, 2, 2, 0, 0, 0
39822, 3, 1, 1, 0, 1, 2
39823, 2, 1, 1, 0, 2, 0
39824, 0, 4, 4, 0, 0, 0
39825, 8, 2, 2, 0, 8, 0
39826, 0, 4, 3, 1, 0, 0
39827, 0, 1, 1, 0, 0, 0
39828, 11, 3, 2, 1, 9, 2
39829, 0, 1, 1, 0, 0, 0
39830, 0, 1, 1, 0, 0, 0
39831, 0, 1, 1, 0, 0, 0
39832, 2, 1, 1, 0, 2, 0
39833, 0, 1, 1, 0, 0, 0
39834, 0, 3, 1, 2, 0, 0
39835, 1, 2, 1, 1, 0, 1
39836, 0, 1, 1, 0, 0, 0
39837, 0, 1, 1, 0, 0, 0
39838, 2, 1, 1, 0, 0, 2
39839, 0, 2, 2, 0, 0, 0
39840, 8, 1, 1, 0, 8, 0
39841, 0, 1, 1, 0, 0, 0
39842, 6, 7, 5, 2, 6, 0
39843, 3, 2, 1, 1, 2, 1
39844, 24, 5, 4, 1, 21, 3
3081, 202, 11, 10, 1, 202, 0
3555, 138, 52, 20, 32, 73, 65
6788, 23, 11, 9, 2, 20, 3
7448, 0, 48, 45, 3, 0, 0
8952, 114, 16, 9, 7, 62, 52
11269, 59, 8, 7, 1, 28, 31
12531, 0, 13, 13, 0, 0, 0
12572, 10, 16, 15, 1, 10, 0
16428, 21, 11, 9, 2, 13, 8
16845, 23, 4, 4, 0, 8, 15
17532, 6, 5, 5, 0, 6, 0
21937, 2, 3, 3, 0, 2, 0
26058, 40, 19, 16, 3, 26, 14
26785, 0, 1, 1, 0, 0, 0
26786, 0, 4, 4, 0, 0, 0
26787, 0, 2, 2, 0, 0, 0
26788, 0, 2, 2, 0, 0, 0
26789, 0, 1, 1, 0, 0, 0
26790, 67, 5, 3, 2, 42, 25
26791, 14, 4, 3, 1, 13, 1
26792, 9, 1, 1, 0, 7, 2
26793, 6, 3, 3, 0, 6, 0
26794, 3, 2, 1, 1, 3, 0
26795, 12, 11, 9, 2, 12, 0
26796, 2, 1, 1, 0, 2, 0
26797, 14, 5, 5, 0, 14, 0
26798, 6, 8, 5, 3, 5, 1
26799, 67, 3, 3, 0, 33, 34
26800, 2, 1, 1, 0, 2, 0
39845, 1, 4, 4, 0, 1, 0
39846, 2, 2, 2, 0, 2, 0
39847, 0, 9, 9, 0, 0, 0
39848, 0, 2, 2, 0, 0, 0
26700, 57, 6, 2, 4, 40, 17
28178, 3, 7, 6, 1, 3, 0
38450, 0, 2, 2, 0, 0, 0
38451, 17, 6, 5, 1, 15, 2
7877, 2, 2, 2, 0, 2, 0
13017, 17, 8, 8, 0, 16, 1
13773, 8, 8, 8, 0, 8, 0
16727, 23, 10, 9, 1, 18, 5
20829, 19, 3, 3, 0, 19, 0
27056, 1, 1, 1, 0, 1, 0
27057, 0, 2, 1, 1, 0, 0
6769, 14, 9, 6, 3, 14, 0
9467, 32, 12, 7, 5, 32, 0
21133, 8, 3, 3, 0, 8, 0
39849, 27, 3, 3, 0, 27, 0
10182, 51, 16, 10, 6, 27, 24
11902, 0, 24, 18, 6, 0, 0
12129, 0, 14, 9, 5, 0, 0
39850, 3, 2, 1, 1, 3, 0
39851, 1, 1, 1, 0, 0, 1
39852, 0, 1, 1, 0, 0, 0
39853, 6, 6, 1, 5, 1, 5
39854, 0, 3, 0, 3, 0, 0
39855, 0, 1, 0, 1, 0, 0
5646, 0, 9, 6, 3, 0, 0
39856, 0, 3, 3, 0, 0, 0
14057, 1, 12, 3, 9, 1, 0
18105, 0, 26, 26, 0, 0, 0
21902, 1, 20, 20, 0, 1, 0
27014, 96, 25, 21, 4, 72, 24
29972, 1, 6, 6, 0, 1, 0
33297, 1, 15, 14, 1, 1, 0
38830, 43, 10, 4, 6, 30, 13
39857, 11, 1, 1, 0, 11, 0
39858, 0, 1, 1, 0, 0, 0
39859, 0, 1, 1, 0, 0, 0
39860, 0, 1, 1, 0, 0, 0
39861, 63, 5, 5, 0, 63, 0
6994, 6, 33, 25, 8, 5, 1
31531, 9, 3, 3, 0, 9, 0
31542, 0, 5, 5, 0, 0, 0
31545, 3, 4, 4, 0, 3, 0
34857, 2, 2, 1, 1, 2, 0
39862, 0, 1, 1, 0, 0, 0
39863, 0, 3, 3, 0, 0, 0
39864, 0, 4, 4, 0, 0, 0
39865, 0, 2, 2, 0, 0, 0
39866, 0, 2, 2, 0, 0, 0
39867, 7, 2, 2, 0, 5, 2
3551, 14, 6, 6, 0, 14, 0
4357, 26, 83, 71, 12, 20, 6
7810, 11, 31, 28, 3, 11, 0
12999, 1, 6, 5, 1, 1, 0
15522, 23, 9, 9, 0, 19, 4
17910, 16, 17, 14, 3, 16, 0
20052, 52, 34, 27, 7, 52, 0
20837, 39, 10, 10, 0, 27, 12
21150, 0, 17, 12, 5, 0, 0
25668, 5, 11, 9, 2, 4, 1
32596, 18, 2, 2, 0, 18, 0
37571, 16, 13, 13, 0, 16, 0
38480, 2, 2, 2, 0, 2, 0
38484, 1, 3, 2, 1, 1, 0
39868, 13, 2, 2, 0, 12, 1
39869, 10, 8, 8, 0, 9, 1
39870, 8, 7, 6, 1, 8, 0
39871, 14, 1, 1, 0, 14, 0
39872, 4, 1, 1, 0, 4, 0
39873, 0, 1, 0, 1, 0, 0
6828, 14, 10, 10, 0, 13, 1
13741, 0, 1, 1, 0, 0, 0
13742, 0, 1, 1, 0, 0, 0
13743, 0, 1, 1, 0, 0, 0
7021, 3, 18, 16, 2, 3, 0
12780, 0, 17, 12, 5, 0, 0
39874, 0, 5, 5, 0, 0, 0
39875, 0, 3, 3, 0, 0, 0
39876, 0, 1, 1, 0, 0, 0
39877, 0, 2, 2, 0, 0, 0
39878, 0, 1, 1, 0, 0, 0
4685, 20, 3, 3, 0, 19, 1
8225, 23, 6, 6, 0, 22, 1
12622, 20, 74, 64, 10, 14, 6
18462, 6, 5, 2, 3, 6, 0
19447, 7, 4, 3, 1, 6, 1
20240, 0, 20, 20, 0, 0, 0
28749, 35, 4, 4, 0, 32, 3
29144, 24, 20, 18, 2, 22, 2
39879, 4, 1, 1, 0, 3, 1
39880, 1, 1, 1, 0, 1, 0
39881, 0, 1, 1, 0, 0, 0
39882, 6, 4, 3, 1, 6, 0
39883, 0, 1, 1, 0, 0, 0
5367, 3, 15, 7, 8, 3, 0
16422, 0, 17, 12, 5, 0, 0
18868, 0, 31, 31, 0, 0, 0
14389, 4, 9, 5, 4, 4, 0
16331, 2, 18, 11, 7, 2, 0
16613, 6, 7, 5, 2, 5, 1
16634, 0, 7, 7, 0, 0, 0
23613, 0, 8, 6, 2, 0, 0
39884, 0, 2, 2, 0, 0, 0
39885, 3, 3, 3, 0, 3, 0
39886, 0, 4, 4, 0, 0, 0
39887, 0, 2, 2, 0, 0, 0
39888, 0, 1, 0, 1, 0, 0
11495, 1, 67, 63, 4, 1, 0
17687, 0, 20, 15, 5, 0, 0
27039, 1, 5, 3, 2, 1, 0
38457, 0, 6, 6, 0, 0, 0
39259, 1, 7, 6, 1, 0, 1
39889, 0, 1, 1, 0, 0, 0
39890, 0, 4, 3, 1, 0, 0
39891, 1, 2, 2, 0, 1, 0
15016, 0, 15, 11, 4, 0, 0
30303, 12, 5, 3, 2, 11, 1
32969, 5, 10, 9, 1, 4, 1
39892, 0, 1, 1, 0, 0, 0
39893, 4, 1, 1, 0, 4, 0
39894, 2, 1, 1, 0, 2, 0
39895, 0, 1, 1, 0, 0, 0
39896, 13, 6, 3, 3, 2, 11
4336, 6, 9, 8, 1, 6, 0
5308, 124, 12, 10, 2, 75, 49
5319, 2, 57, 50, 7, 1, 1
5439, 23, 13, 12, 1, 23, 0
5720, 72, 10, 10, 0, 71, 1
6370, 0, 8, 8, 0, 0, 0
8509, 40, 14, 14, 0, 39, 1
13083, 0, 19, 19, 0, 0, 0
13568, 3, 5, 5, 0, 2, 1
13651, 1, 10, 10, 0, 1, 0
14488, 0, 3, 3, 0, 0, 0
18901, 0, 16, 14, 2, 0, 0
19190, 4, 17, 16, 1, 4, 0
19539, 27, 6, 6, 0, 27, 0
20754, 10, 6, 6, 0, 10, 0
24399, 17, 7, 7, 0, 17, 0
39897, 1, 1, 1, 0, 1, 0
39898, 0, 2, 2, 0, 0, 0
39899, 0, 1, 1, 0, 0, 0
39900, 5, 5, 5, 0, 4, 1
4350, 21, 12, 9, 3, 17, 4
4351, 9, 6, 5, 1, 9, 0
4352, 14, 3, 3, 0, 14, 0
4359, 1, 4, 4, 0, 1, 0
4362, 0, 3, 3, 0, 0, 0
4371, 17, 2, 2, 0, 13, 4
4372, 18, 6, 6, 0, 17, 1
39901, 1, 1, 1, 0, 1, 0
13341, 1, 8, 7, 1, 1, 0
8279, 0, 12, 11, 1, 0, 0
8673, 48, 14, 10, 4, 46, 2
35010, 19, 2, 2, 0, 15, 4
39902, 0, 1, 1, 0, 0, 0
21775, 0, 2, 2, 0, 0, 0
22371, 0, 4, 4, 0, 0, 0
24254, 0, 7, 6, 1, 0, 0
27073, 0, 4, 4, 0, 0, 0
30404, 0, 2, 2, 0, 0, 0
30676, 0, 15, 12, 3, 0, 0
34693, 1, 4, 3, 1, 1, 0
38614, 1, 9, 6, 3, 0, 1
39903, 0, 1, 1, 0, 0, 0
39904, 0, 1, 1, 0, 0, 0
39905, 0, 6, 6, 0, 0, 0
39906, 0, 1, 1, 0, 0, 0
39907, 0, 2, 2, 0, 0, 0
39908, 2, 1, 1, 0, 2, 0
39909, 0, 1, 1, 0, 0, 0
39910, 0, 1, 1, 0, 0, 0
39911, 0, 1, 1, 0, 0, 0
4275, 26, 4, 4, 0, 26, 0
7998, 127, 17, 17, 0, 114, 13
22909, 28, 8, 7, 1, 28, 0
38479, 4, 4, 4, 0, 4, 0
39912, 1, 1, 1, 0, 1, 0
25639, 4, 2, 2, 0, 4, 0
25640, 66, 8, 8, 0, 65, 1
25641, 2, 3, 3, 0, 2, 0
4608, 3, 8, 1, 7, 0, 3
4695, 103, 20, 14, 6, 103, 0
8917, 66, 25, 23, 2, 49, 17
24406, 10, 2, 1, 1, 8, 2
24407, 18, 10, 9, 1, 8, 10
4806, 0, 17, 15, 2, 0, 0
7898, 73, 44, 41, 3, 71, 2
13573, 0, 18, 18, 0, 0, 0
28850, 1, 2, 2, 0, 1, 0
5779, 41, 18, 8, 10, 30, 11
6307, 34, 31, 28, 3, 34, 0
12033, 10, 3, 3, 0, 10, 0
13463, 13, 6, 6, 0, 13, 0
14387, 21, 13, 5, 8, 12, 9
15480, 13, 1, 1, 0, 12, 1
15481, 0, 1, 1, 0, 0, 0
15482, 3, 2, 1, 1, 0, 3
15483, 3, 2, 2, 0, 3, 0
15484, 18, 8, 5, 3, 5, 13
15485, 1, 1, 1, 0, 1, 0
13146, 17, 7, 7, 0, 17, 0
14334, 41, 4, 3, 1, 31, 10
16364, 29, 3, 3, 0, 29, 0
23102, 6, 2, 2, 0, 6, 0
30211, 5, 2, 1, 1, 5, 0
38661, 33, 5, 4, 1, 32, 1
38663, 6, 5, 5, 0, 6, 0
39913, 3, 1, 1, 0, 3, 0
39914, 25, 2, 2, 0, 25, 0
39915, 85, 9, 9, 0, 85, 0
39916, 39, 13, 10, 3, 38, 1
1957, 22, 5, 4, 1, 12, 10
2383, 0, 11, 11, 0, 0, 0
2438, 15, 32, 27, 5, 9, 6
2776, 3, 5, 5, 0, 3, 0
3263, 49, 34, 31, 3, 49, 0
3290, 10, 29, 21, 8, 10, 0
6385, 21, 20, 16, 4, 21, 0
7025, 0, 51, 47, 4, 0, 0
7066, 11, 4, 4, 0, 9, 2
7119, 0, 26, 26, 0, 0, 0
9475, 19, 9, 8, 1, 15, 4
10406, 28, 62, 50, 12, 19, 9
11493, 3, 10, 6, 4, 3, 0
11685, 34, 11, 10, 1, 34, 0
12587, 2, 9, 9, 0, 2, 0
15195, 0, 5, 1, 4, 0, 0
15209, 0, 29, 26, 3, 0, 0
15408, 45, 10, 9, 1, 45, 0
15745, 0, 2, 2, 0, 0, 0
16353, 0, 9, 8, 1, 0, 0
16534, 0, 7, 4, 3, 0, 0
19029, 90, 16, 15, 1, 89, 1
19061, 0, 4, 4, 0, 0, 0
20866, 14, 8, 6, 2, 6, 8
21274, 9, 12, 10, 2, 7, 2
22091, 0, 4, 4, 0, 0, 0
23756, 8, 8, 7, 1, 7, 1
25208, 0, 13, 10, 3, 0, 0
26707, 6, 14, 13, 1, 6, 0
30928, 0, 8, 8, 0, 0, 0
33375, 0, 3, 3, 0, 0, 0
35312, 3, 6, 3, 3, 3, 0
35500, 0, 4, 4, 0, 0, 0
38773, 6, 7, 7, 0, 6, 0
38823, 95, 14, 7, 7, 49, 46
39917, 2, 4, 3, 1, 1, 1
39918, 0, 1, 1, 0, 0, 0
39919, 0, 3, 2, 1, 0, 0
39920, 8, 2, 2, 0, 8, 0
39921, 0, 3, 2, 1, 0, 0
39922, 5, 1, 1, 0, 5, 0
39923, 2, 2, 2, 0, 2, 0
39924, 2, 1, 1, 0, 2, 0
39925, 1, 1, 1, 0, 1, 0
39926, 10, 4, 4, 0, 10, 0
39927, 0, 1, 1, 0, 0, 0
39928, 7, 4, 4, 0, 7, 0
39929, 0, 1, 1, 0, 0, 0
39930, 0, 2, 2, 0, 0, 0
39931, 0, 2, 2, 0, 0, 0
39932, 0, 3, 3, 0, 0, 0
39933, 27, 3, 3, 0, 24, 3
39934, 11, 12, 12, 0, 11, 0
39935, 0, 1, 1, 0, 0, 0
39936, 0, 1, 1, 0, 0, 0
39937, 2, 3, 3, 0, 2, 0
39938, 0, 2, 2, 0, 0, 0
39939, 0, 1, 1, 0, 0, 0
39940, 1, 1, 1, 0, 1, 0
39941, 0, 1, 1, 0, 0, 0
39942, 7, 3, 3, 0, 6, 1
39943, 0, 6, 5, 1, 0, 0
39944, 6, 9, 2, 7, 4, 2
39945, 3, 3, 2, 1, 2, 1
2265, 193, 9, 9, 0, 186, 7
2278, 0, 30, 26, 4, 0, 0
8264, 2, 20, 9, 11, 2, 0
10403, 0, 11, 11, 0, 0, 0
22673, 10, 8, 7, 1, 9, 1
25032, 51, 8, 3, 5, 45, 6
36028, 5, 2, 2, 0, 5, 0
38986, 6, 3, 3, 0, 5, 1
39946, 1, 2, 2, 0, 1, 0
39947, 1, 1, 1, 0, 1, 0
39948, 8, 6, 0, 6, 0, 8
5826, 1, 7, 7, 0, 1, 0
39949, 0, 6, 6, 0, 0, 0
39950, 1, 3, 2, 1, 1, 0
39951, 0, 1, 0, 1, 0, 0
5633, 66, 16, 16, 0, 59, 7
6131, 7, 12, 11, 1, 5, 2
6723, 24, 4, 4, 0, 22, 2
8505, 20, 7, 5, 2, 17, 3
9027, 7, 18, 12, 6, 5, 2
9090, 2, 9, 9, 0, 1, 1
10463, 98, 13, 13, 0, 95, 3
12541, 21, 14, 6, 8, 12, 9
12656, 16, 12, 5, 7, 9, 7
12911, 160, 11, 8, 3, 102, 58
13871, 34, 8, 5, 3, 21, 13
14375, 4, 34, 17, 17, 3, 1
14695, 34, 5, 5, 0, 34, 0
14922, 6, 10, 6, 4, 6, 0
16738, 3, 13, 9, 4, 3, 0
17184, 5, 7, 6, 1, 5, 0
18017, 8, 14, 9, 5, 7, 1
18493, 161, 9, 5, 4, 66, 95
18773, 3, 21, 16, 5, 3, 0
19339, 33, 10, 4, 6, 26, 7
19714, 118, 7, 6, 1, 33, 85
20118, 20, 3, 2, 1, 18, 2
20402, 12, 3, 3, 0, 12, 0
22566, 96, 6, 2, 4, 16, 80
22985, 0, 6, 2, 4, 0, 0
22998, 39, 7, 7, 0, 38, 1
23164, 130, 18, 18, 0, 128, 2
23385, 42, 5, 5, 0, 42, 0
23424, 19, 8, 7, 1, 13, 6
23544, 144, 10, 7, 3, 78, 66
23889, 44, 11, 10, 1, 44, 0
25011, 18, 3, 3, 0, 18, 0
25013, 4, 7, 6, 1, 4, 0
25014, 25, 2, 2, 0, 25, 0
25015, 8, 3, 3, 0, 8, 0
25017, 85, 2, 2, 0, 80, 5
25019, 2, 4, 4, 0, 2, 0
25020, 0, 13, 7, 6, 0, 0
25021, 15, 3, 3, 0, 15, 0
25022, 42, 5, 5, 0, 23, 19
25023, 15, 3, 2, 1, 15, 0
25024, 16, 3, 3, 0, 15, 1
25025, 33, 23, 13, 10, 33, 0
25026, 4, 2, 2, 0, 3, 1
25027, 7, 2, 2, 0, 7, 0
25028, 30, 2, 1, 1, 23, 7
25030, 0, 1, 1, 0, 0, 0
25031, 4, 1, 1, 0, 4, 0
25033, 3, 1, 0, 1, 0, 3
25035, 7, 3, 1, 2, 3, 4
25036, 0, 4, 2, 2, 0, 0
8213, 2, 11, 9, 2, 1, 1
2466, 12, 6, 5, 1, 10, 2
3304, 13, 17, 16, 1, 6, 7
4991, 1, 6, 3, 3, 1, 0
4992, 4, 3, 3, 0, 4, 0
4993, 0, 1, 1, 0, 0, 0
4995, 0, 1, 1, 0, 0, 0
4996, 0, 4, 4, 0, 0, 0
4998, 0, 2, 2, 0, 0, 0
5001, 4, 11, 9, 2, 4, 0
5002, 0, 8, 3, 5, 0, 0
5003, 1, 1, 1, 0, 1, 0
5004, 2, 1, 1, 0, 2, 0
5005, 0, 2, 1, 1, 0, 0
5006, 5, 3, 3, 0, 3, 2
5007, 2, 4, 4, 0, 2, 0
5008, 0, 7, 5, 2, 0, 0
5009, 0, 13, 9, 4, 0, 0
5012, 0, 1, 1, 0, 0, 0
5013, 0, 2, 2, 0, 0, 0
5016, 3, 3, 2, 1, 3, 0
5017, 21, 18, 18, 0, 20, 1
5018, 8, 6, 5, 1, 7, 1
5019, 0, 1, 1, 0, 0, 0
5020, 1, 1, 1, 0, 1, 0
5022, 22, 6, 6, 0, 20, 2
5023, 0, 1, 1, 0, 0, 0
5025, 2, 18, 16, 2, 2, 0
5026, 9, 3, 3, 0, 3, 6
5027, 2, 8, 6, 2, 2, 0
5029, 2, 2, 2, 0, 2, 0
5030, 0, 1, 1, 0, 0, 0
5031, 0, 3, 3, 0, 0, 0
5032, 0, 6, 5, 1, 0, 0
5033, 0, 4, 2, 2, 0, 0
5034, 5, 4, 3, 1, 4, 1
5035, 0, 1, 1, 0, 0, 0
5036, 1, 10, 10, 0, 1, 0
5037, 5, 7, 6, 1, 5, 0
5039, 0, 7, 6, 1, 0, 0
5040, 0, 4, 4, 0, 0, 0
5042, 3, 7, 3, 4, 1, 2
5043, 31, 15, 9, 6, 25, 6
5044, 25, 10, 10, 0, 24, 1
5045, 6, 8, 7, 1, 5, 1
5046, 15, 11, 9, 2, 15, 0
5048, 16, 9, 8, 1, 15, 1
5051, 0, 2, 1, 1, 0, 0
2722, 24, 25, 17, 8, 24, 0
2969, 0, 37, 34, 3, 0, 0
3029, 0, 8, 7, 1, 0, 0
3499, 1, 6, 5, 1, 1, 0
4792, 42, 7, 5, 2, 18, 24
5635, 4, 17, 14, 3, 4, 0
6124, 1, 43, 30, 13, 1, 0
6256, 20, 33, 26, 7, 20, 0
6713, 0, 9, 9, 0, 0, 0
7193, 2, 7, 6, 1, 2, 0
7201, 9, 8, 7, 1, 8, 1
8519, 20, 26, 24, 2, 20, 0
9040, 0, 24, 20, 4, 0, 0
9180, 0, 12, 8, 4, 0, 0
9632, 0, 3, 2, 1, 0, 0
11112, 4, 13, 11, 2, 4, 0
12011, 0, 8, 6, 2, 0, 0
12376, 0, 17, 16, 1, 0, 0
12397, 0, 5, 4, 1, 0, 0
13175, 6, 26, 24, 2, 4, 2
13609, 3, 24, 21, 3, 3, 0
16905, 0, 7, 4, 3, 0, 0
17010, 2, 3, 3, 0, 2, 0
18330, 4, 7, 7, 0, 4, 0
18429, 2, 17, 6, 11, 1, 1
21469, 0, 6, 6, 0, 0, 0
22136, 0, 15, 15, 0, 0, 0
22212, 0, 5, 4, 1, 0, 0
22213, 1, 9, 8, 1, 1, 0
22215, 2, 2, 2, 0, 1, 1
22216, 0, 5, 3, 2, 0, 0
22217, 0, 1, 1, 0, 0, 0
22218, 0, 1, 1, 0, 0, 0
22219, 0, 10, 7, 3, 0, 0
22220, 3, 10, 5, 5, 3, 0
22221, 0, 1, 1, 0, 0, 0
22222, 0, 6, 5, 1, 0, 0
22223, 0, 1, 1, 0, 0, 0
22224, 4, 2, 2, 0, 3, 1
22225, 0, 6, 5, 1, 0, 0
22226, 0, 1, 1, 0, 0, 0
22227, 0, 2, 2, 0, 0, 0
22228, 0, 6, 4, 2, 0, 0
22229, 0, 2, 2, 0, 0, 0
22231, 0, 5, 5, 0, 0, 0
22232, 0, 6, 5, 1, 0, 0
22233, 0, 5, 3, 2, 0, 0
22234, 0, 1, 1, 0, 0, 0
22236, 0, 19, 17, 2, 0, 0
22237, 0, 1, 1, 0, 0, 0
22238, 0, 2, 2, 0, 0, 0
22239, 0, 2, 2, 0, 0, 0
22243, 0, 2, 2, 0, 0, 0
22244, 0, 3, 2, 1, 0, 0
22245, 8, 9, 8, 1, 5, 3
22246, 0, 1, 1, 0, 0, 0
22247, 0, 5, 3, 2, 0, 0
22248, 12, 6, 6, 0, 12, 0
22249, 0, 2, 2, 0, 0, 0
22250, 0, 2, 2, 0, 0, 0
22251, 0, 3, 3, 0, 0, 0
22252, 0, 3, 3, 0, 0, 0
22253, 1, 2, 1, 1, 0, 1
22255, 0, 3, 3, 0, 0, 0
22256, 6, 5, 4, 1, 0, 6
22257, 0, 1, 1, 0, 0, 0
22258, 0, 1, 1, 0, 0, 0
22259, 0, 3, 2, 1, 0, 0
22260, 0, 4, 2, 2, 0, 0
22261, 0, 4, 4, 0, 0, 0
22262, 1, 4, 4, 0, 1, 0
22264, 0, 7, 7, 0, 0, 0
22265, 3, 3, 3, 0, 2, 1
22266, 3, 3, 3, 0, 3, 0
22267, 0, 1, 1, 0, 0, 0
22269, 3, 5, 5, 0, 3, 0
22270, 12, 7, 6, 1, 8, 4
22271, 0, 1, 1, 0, 0, 0
22272, 3, 9, 7, 2, 1, 2
22273, 0, 9, 4, 5, 0, 0
22274, 0, 1, 0, 1, 0, 0
22275, 0, 3, 2, 1, 0, 0
22276, 2, 15, 7, 8, 0, 2
22277, 0, 1, 0, 1, 0, 0
22278, 0, 1, 0, 1, 0, 0
17398, 0, 79, 79, 0, 0, 0
18494, 200, 17, 9, 8, 102, 98
39952, 0, 1, 1, 0, 0, 0
2482, 4, 20, 13, 7, 3, 1
4402, 28, 11, 9, 2, 18, 10
5391, 0, 6, 5, 1, 0, 0
6688, 0, 13, 13, 0, 0, 0
16121, 4, 2, 2, 0, 4, 0
16482, 0, 5, 5, 0, 0, 0
16483, 13, 2, 2, 0, 13, 0
16484, 6, 11, 5, 6, 4, 2
16485, 3, 3, 2, 1, 3, 0
16486, 3, 1, 1, 0, 3, 0
16488, 0, 6, 6, 0, 0, 0
16489, 1, 2, 2, 0, 0, 1
16490, 175, 24, 22, 2, 175, 0
16491, 0, 4, 2, 2, 0, 0
16492, 0, 1, 1, 0, 0, 0
16493, 31, 8, 8, 0, 20, 11
16494, 1, 6, 5, 1, 1, 0
16495, 1, 1, 1, 0, 1, 0
16497, 2, 1, 1, 0, 2, 0
16498, 25, 2, 2, 0, 17, 8
16499, 0, 1, 1, 0, 0, 0
16500, 37, 5, 5, 0, 28, 9
16501, 2, 6, 6, 0, 2, 0
16502, 2, 5, 5, 0, 2, 0
16503, 0, 6, 4, 2, 0, 0
16504, 1, 1, 1, 0, 1, 0
16505, 28, 54, 35, 19, 25, 3
5457, 96, 18, 10, 8, 33, 63
5914, 1, 47, 42, 5, 1, 0
7910, 0, 3, 3, 0, 0, 0
16606, 2, 16, 13, 3, 2, 0
21492, 7, 1, 1, 0, 6, 1
27068, 0, 2, 1, 1, 0, 0
39953, 0, 1, 1, 0, 0, 0
39954, 0, 1, 1, 0, 0, 0
39955, 4, 5, 5, 0, 3, 1
39956, 3, 3, 2, 1, 3, 0
39957, 0, 4, 3, 1, 0, 0
39958, 0, 1, 0, 1, 0, 0
29918, 12, 15, 10, 5, 10, 2
2935, 19, 63, 56, 7, 14, 5
8552, 40, 7, 5, 2, 39, 1
10920, 12, 18, 5, 13, 12, 0
14200, 0, 43, 19, 24, 0, 0
35771, 0, 4, 4, 0, 0, 0
39959, 0, 3, 3, 0, 0, 0
39960, 4, 2, 1, 1, 3, 1
7527, 0, 5, 5, 0, 0, 0
8909, 199, 17, 10, 7, 55, 144
9953, 1, 3, 3, 0, 1, 0
10916, 12, 30, 22, 8, 11, 1
13313, 2, 6, 3, 3, 2, 0
15427, 3, 12, 12, 0, 3, 0
17791, 3, 4, 4, 0, 3, 0
17984, 0, 10, 8, 2, 0, 0
22017, 105, 5, 5, 0, 83, 22
22018, 16, 7, 7, 0, 16, 0
22019, 15, 4, 4, 0, 15, 0
22020, 5, 4, 4, 0, 5, 0
22021, 0, 3, 3, 0, 0, 0
22022, 7, 1, 1, 0, 7, 0
22025, 2, 1, 1, 0, 1, 1
22026, 1, 2, 2, 0, 1, 0
22027, 0, 2, 2, 0, 0, 0
22028, 0, 3, 3, 0, 0, 0
22029, 0, 1, 1, 0, 0, 0
22030, 1, 7, 7, 0, 1, 0
22032, 1, 4, 4, 0, 1, 0
22033, 3, 1, 1, 0, 3, 0
22035, 9, 4, 4, 0, 9, 0
22039, 0, 1, 1, 0, 0, 0
22040, 8, 4, 4, 0, 8, 0
22043, 2, 2, 2, 0, 2, 0
22044, 6, 7, 7, 0, 6, 0
22047, 0, 8, 6, 2, 0, 0
22049, 0, 1, 1, 0, 0, 0
6269, 12, 10, 10, 0, 12, 0
9707, 41, 14, 14, 0, 35, 6
13290, 126, 6, 6, 0, 75, 51
18387, 12, 9, 7, 2, 12, 0
21943, 3, 3, 3, 0, 3, 0
23374, 41, 8, 8, 0, 39, 2
23881, 22, 10, 7, 3, 20, 2
25833, 2, 4, 3, 1, 2, 0
38270, 9, 3, 3, 0, 7, 2
39961, 13, 3, 2, 1, 4, 9
39962, 1, 5, 2, 3, 1, 0
39963, 16, 5, 4, 1, 15, 1
39964, 1, 1, 1, 0, 1, 0
39965, 15, 1, 1, 0, 13, 2
39966, 9, 1, 1, 0, 9, 0
39967, 2, 1, 1, 0, 1, 1
39968, 10, 2, 2, 0, 3, 7
12897, 0, 3, 3, 0, 0, 0
15584, 0, 10, 9, 1, 0, 0
31035, 0, 5, 4, 1, 0, 0
31530, 0, 3, 1, 2, 0, 0
32621, 0, 4, 4, 0, 0, 0
33430, 15, 4, 4, 0, 15, 0
39969, 6, 2, 2, 0, 6, 0
39970, 0, 1, 1, 0, 0, 0
39971, 1, 7, 4, 3, 1, 0
39972, 2, 2, 2, 0, 0, 2
39973, 0, 3, 2, 1, 0, 0
2830, 0, 12, 11, 1, 0, 0
3520, 0, 6, 3, 3, 0, 0
3699, 3, 20, 15, 5, 3, 0
3862, 5, 8, 8, 0, 4, 1
4276, 1, 7, 6, 1, 1, 0
5741, 0, 13, 5, 8, 0, 0
11477, 8, 13, 11, 2, 8, 0
12661, 0, 8, 8, 0, 0, 0
13485, 0, 5, 5, 0, 0, 0
14129, 7, 9, 8, 1, 6, 1
15077, 18, 13, 9, 4, 15, 3
15588, 0, 9, 7, 2, 0, 0
15723, 3, 2, 2, 0, 3, 0
21544, 0, 5, 5, 0, 0, 0
23451, 2, 8, 5, 3, 1, 1
25507, 5, 14, 13, 1, 5, 0
27009, 0, 8, 4, 4, 0, 0
30630, 2, 16, 16, 0, 1, 1
37567, 10, 4, 4, 0, 9, 1
38471, 3, 4, 3, 1, 2, 1
38472, 0, 1, 1, 0, 0, 0
38473, 0, 1, 1, 0, 0, 0
38474, 0, 1, 1, 0, 0, 0
38475, 1, 1, 1, 0, 1, 0
38476, 0, 1, 1, 0, 0, 0
38477, 0, 1, 1, 0, 0, 0
11577, 0, 10, 9, 1, 0, 0
12899, 1, 2, 2, 0, 1, 0
12901, 0, 5, 3, 2, 0, 0
12902, 0, 16, 16, 0, 0, 0
12903, 1, 2, 1, 1, 1, 0
12906, 0, 1, 1, 0, 0, 0
12907, 8, 2, 1, 1, 7, 1
12909, 0, 4, 3, 1, 0, 0
12912, 8, 6, 3, 3, 5, 3
12913, 1, 7, 6, 1, 1, 0
12915, 0, 2, 2, 0, 0, 0
12916, 10, 11, 11, 0, 10, 0
12917, 4, 3, 3, 0, 4, 0
26891, 5, 4, 4, 0, 3, 2
39974, 1, 1, 1, 0, 1, 0
5513, 1, 9, 9, 0, 1, 0
7449, 60, 19, 17, 2, 43, 17
13088, 23, 17, 16, 1, 23, 0
15270, 3, 7, 5, 2, 3, 0
15291, 0, 9, 8, 1, 0, 0
20016, 1, 14, 11, 3, 1, 0
39975, 8, 4, 2, 2, 8, 0
39976, 0, 1, 1, 0, 0, 0
39977, 0, 1, 1, 0, 0, 0
39978, 0, 1, 1, 0, 0, 0
39979, 0, 1, 1, 0, 0, 0
39980, 1, 3, 3, 0, 1, 0
39981, 1, 1, 1, 0, 1, 0
39982, 0, 2, 1, 1, 0, 0
19169, 11, 7, 7, 0, 8, 3
22935, 0, 39, 39, 0, 0, 0
2752, 0, 27, 27, 0, 0, 0
5558, 2, 1, 1, 0, 2, 0
5569, 0, 1, 1, 0, 0, 0
5570, 0, 10, 10, 0, 0, 0
12821, 0, 9, 4, 5, 0, 0
26293, 19, 5, 5, 0, 19, 0
36497, 0, 4, 4, 0, 0, 0
39983, 1, 1, 1, 0, 1, 0
39984, 2, 1, 1, 0, 2, 0
23997, 0, 12, 12, 0, 0, 0
39985, 0, 2, 2, 0, 0, 0
39986, 10, 4, 3, 1, 8, 2
39987, 1, 1, 0, 1, 0, 1
24324, 4, 3, 1, 2, 4, 0
17580, 11, 8, 8, 0, 11, 0
39988, 3, 3, 2, 1, 2, 1
5554, 0, 24, 24, 0, 0, 0
15492, 8, 15, 15, 0, 8, 0
39989, 0, 1, 1, 0, 0, 0
39990, 0, 3, 3, 0, 0, 0
39991, 0, 1, 1, 0, 0, 0
39992, 4, 3, 2, 1, 4, 0
39993, 1, 2, 2, 0, 1, 0
3449, 26, 16, 12, 4, 24, 2
4890, 9, 8, 7, 1, 9, 0
7686, 1, 18, 15, 3, 1, 0
7922, 4, 6, 6, 0, 4, 0
8000, 1, 15, 7, 8, 1, 0
9142, 7, 13, 12, 1, 7, 0
9958, 11, 6, 6, 0, 11, 0
14078, 4, 16, 14, 2, 4, 0
14510, 49, 21, 16, 5, 48, 1
16240, 10, 2, 2, 0, 10, 0
19675, 0, 30, 28, 2, 0, 0
20571, 0, 15, 9, 6, 0, 0
21195, 0, 6, 6, 0, 0, 0
22735, 7, 8, 6, 2, 3, 4
26163, 1, 6, 6, 0, 1, 0
34836, 0, 3, 3, 0, 0, 0
35988, 0, 9, 9, 0, 0, 0
36554, 0, 4, 4, 0, 0, 0
39994, 36, 2, 2, 0, 36, 0
39995, 0, 2, 2, 0, 0, 0
39996, 0, 1, 1, 0, 0, 0
39997, 0, 6, 6, 0, 0, 0
39998, 0, 5, 4, 1, 0, 0
39999, 0, 2, 2, 0, 0, 0
40000, 1, 4, 3, 1, 1, 0
40001, 21, 1, 1, 0, 20, 1
40002, 2, 2, 1, 1, 1, 1
40003, 3, 1, 1, 0, 2, 1
2063, 32, 4, 2, 2, 8, 24
3861, 2, 4, 4, 0, 2, 0
4614, 8, 79, 32, 47, 8, 0
5822, 0, 34, 34, 0, 0, 0
7509, 0, 4, 3, 1, 0, 0
7833, 38, 9, 8, 1, 22, 16
7834, 0, 1, 1, 0, 0, 0
7838, 2, 6, 6, 0, 2, 0
7840, 16, 14, 14, 0, 15, 1
7841, 77, 40, 25, 15, 8, 69
7844, 0, 3, 3, 0, 0, 0
7846, 10, 16, 14, 2, 10, 0
7852, 24, 9, 8, 1, 24, 0
7853, 0, 1, 1, 0, 0, 0
7856, 5, 1, 1, 0, 5, 0
7864, 2, 3, 3, 0, 2, 0
7865, 27, 12, 12, 0, 26, 1
7866, 10, 11, 11, 0, 9, 1
7867, 4, 9, 7, 2, 4, 0
7871, 0, 1, 1, 0, 0, 0
7874, 50, 6, 5, 1, 46, 4
7875, 0, 8, 8, 0, 0, 0
7878, 2, 3, 3, 0, 2, 0
7879, 0, 1, 1, 0, 0, 0
7884, 0, 2, 2, 0, 0, 0
7886, 1, 1, 1, 0, 1, 0
7890, 10, 1, 1, 0, 8, 2
7896, 24, 5, 3, 2, 23, 1
7901, 3, 5, 3, 2, 3, 0
7903, 8, 3, 3, 0, 7, 1
7905, 8, 5, 4, 1, 8, 0
7907, 9, 1, 1, 0, 7, 2
6096, 115, 20, 14, 6, 3, 112
8513, 200, 19, 16, 3, 125, 75
40004, 11, 1, 1, 0, 11, 0
40005, 1, 5, 5, 0, 1, 0
40006, 1, 1, 1, 0, 1, 0
5476, 7, 7, 4, 3, 3, 4
18234, 0, 13, 10, 3, 0, 0
19204, 6, 12, 9, 3, 2, 4
38506, 3, 8, 1, 7, 1, 2
40007, 0, 1, 1, 0, 0, 0
40008, 0, 2, 1, 1, 0, 0
40009, 24, 11, 11, 0, 23, 1
40010, 3, 1, 0, 1, 3, 0
12506, 6, 5, 5, 0, 6, 0
23397, 0, 8, 8, 0, 0, 0
26409, 85, 6, 5, 1, 56, 29
32413, 0, 5, 5, 0, 0, 0
34639, 15, 8, 3, 5, 15, 0
3183, 47, 4, 4, 0, 8, 39
21329, 0, 3, 2, 1, 0, 0
21330, 1, 2, 1, 1, 0, 1
12303, 6, 4, 3, 1, 5, 1
13419, 1, 25, 25, 0, 1, 0
20735, 1, 1, 1, 0, 1, 0
20736, 0, 9, 7, 2, 0, 0
20738, 3, 2, 2, 0, 3, 0
20740, 20, 13, 11, 2, 20, 0
20741, 1, 1, 1, 0, 1, 0
20742, 2, 15, 14, 1, 2, 0
20743, 4, 6, 6, 0, 4, 0
20744, 1, 10, 6, 4, 1, 0
20745, 2, 1, 1, 0, 2, 0
6690, 28, 29, 22, 7, 26, 2
40011, 0, 2, 2, 0, 0, 0
40012, 0, 9, 9, 0, 0, 0
40013, 0, 1, 0, 1, 0, 0
3643, 4, 6, 6, 0, 4, 0
9867, 15, 4, 4, 0, 14, 1
14100, 8, 9, 9, 0, 8, 0
20808, 3, 4, 3, 1, 2, 1
27325, 24, 8, 7, 1, 24, 0
40014, 0, 1, 1, 0, 0, 0
40015, 0, 2, 2, 0, 0, 0
40016, 2, 2, 2, 0, 2, 0
40017, 5, 1, 1, 0, 4, 1
10379, 1, 7, 5, 2, 1, 0
40018, 2, 7, 7, 0, 2, 0
10456, 0, 23, 23, 0, 0, 0
23894, 1, 4, 4, 0, 0, 1
40019, 1, 1, 1, 0, 1, 0
40020, 0, 1, 1, 0, 0, 0
40021, 20, 6, 5, 1, 9, 11
3127, 8, 11, 6, 5, 7, 1
4545, 28, 21, 19, 2, 27, 1
4634, 2, 10, 5, 5, 2, 0
7030, 0, 4, 4, 0, 0, 0
7985, 12, 15, 12, 3, 12, 0
12031, 0, 2, 1, 1, 0, 0
14436, 0, 7, 7, 0, 0, 0
15013, 0, 5, 5, 0, 0, 0
17576, 0, 3, 3, 0, 0, 0
17578, 0, 7, 7, 0, 0, 0
17579, 0, 5, 5, 0, 0, 0
17581, 0, 1, 1, 0, 0, 0
17582, 0, 1, 1, 0, 0, 0
17583, 0, 41, 36, 5, 0, 0
17584, 0, 1, 1, 0, 0, 0
17585, 6, 2, 2, 0, 6, 0
17586, 0, 6, 6, 0, 0, 0
17590, 9, 1, 1, 0, 8, 1
17591, 0, 7, 7, 0, 0, 0
17592, 0, 1, 1, 0, 0, 0
17593, 0, 1, 1, 0, 0, 0
17598, 95, 5, 5, 0, 82, 13
17599, 0, 2, 1, 1, 0, 0
17600, 2, 4, 3, 1, 2, 0
17601, 1, 4, 3, 1, 1, 0
17604, 5, 21, 7, 14, 5, 0
2281, 61, 18, 16, 2, 59, 2
11962, 8, 6, 6, 0, 8, 0
26940, 0, 1, 1, 0, 0, 0
26941, 2, 1, 1, 0, 2, 0
26942, 0, 1, 0, 1, 0, 0
13751, 11, 22, 13, 9, 8, 3
14555, 0, 5, 5, 0, 0, 0
24535, 4, 4, 4, 0, 1, 3
37454, 35, 5, 5, 0, 28, 7
39188, 0, 2, 2, 0, 0, 0
39189, 1, 2, 2, 0, 1, 0
39190, 0, 1, 1, 0, 0, 0
39191, 0, 2, 2, 0, 0, 0
5719, 0, 11, 8, 3, 0, 0
27051, 0, 6, 6, 0, 0, 0
27160, 0, 2, 2, 0, 0, 0
33004, 9, 8, 5, 3, 8, 1
36978, 14, 10, 9, 1, 14, 0
39195, 3, 9, 6, 3, 1, 2
40022, 0, 3, 2, 1, 0, 0
40023, 3, 2, 2, 0, 3, 0
40024, 2, 3, 1, 2, 2, 0
40025, 0, 1, 1, 0, 0, 0
40026, 0, 3, 3, 0, 0, 0
40027, 0, 1, 1, 0, 0, 0
40028, 1, 2, 2, 0, 1, 0
40029, 0, 1, 1, 0, 0, 0
2480, 11, 28, 20, 8, 9, 2
4456, 0, 11, 5, 6, 0, 0
10451, 30, 22, 20, 2, 30, 0
11583, 75, 12, 8, 4, 26, 49
14998, 109, 30, 19, 11, 74, 35
15376, 5, 7, 6, 1, 0, 5
28445, 1, 3, 3, 0, 0, 1
29349, 5, 11, 7, 4, 5, 0
40030, 0, 3, 3, 0, 0, 0
40031, 0, 1, 1, 0, 0, 0
40032, 2, 10, 7, 3, 2, 0
40033, 0, 2, 2, 0, 0, 0
2937, 0, 7, 7, 0, 0, 0
6518, 0, 21, 20, 1, 0, 0
13003, 0, 7, 7, 0, 0, 0
25048, 6, 7, 7, 0, 5, 1
25108, 0, 5, 5, 0, 0, 0
32472, 0, 6, 6, 0, 0, 0
40034, 0, 1, 1, 0, 0, 0
40035, 0, 9, 9, 0, 0, 0
3413, 1, 27, 13, 14, 1, 0
3650, 0, 10, 5, 5, 0, 0
6380, 0, 4, 2, 2, 0, 0
8337, 4, 41, 17, 24, 4, 0
13502, 1, 15, 10, 5, 0, 1
15131, 2, 23, 18, 5, 1, 1
17621, 1, 2, 1, 1, 1, 0
18585, 0, 11, 4, 7, 0, 0
18956, 18, 24, 20, 4, 18, 0
27492, 9, 28, 27, 1, 9, 0
27653, 0, 20, 12, 8, 0, 0
30047, 0, 7, 5, 2, 0, 0
30485, 8, 15, 12, 3, 7, 1
33517, 17, 11, 5, 6, 7, 10
38022, 0, 5, 1, 4, 0, 0
38699, 0, 7, 7, 0, 0, 0
40036, 23, 6, 6, 0, 12, 11
40037, 0, 1, 0, 1, 0, 0
40038, 0, 3, 1, 2, 0, 0
40039, 0, 3, 0, 3, 0, 0
40040, 0, 1, 0, 1, 0, 0
40041, 0, 1, 0, 1, 0, 0
5692, 4, 2, 2, 0, 4, 0
10490, 0, 6, 5, 1, 0, 0
12137, 8, 10, 3, 7, 6, 2
13007, 0, 4, 1, 3, 0, 0
13010, 0, 2, 1, 1, 0, 0
13011, 0, 3, 2, 1, 0, 0
13012, 0, 3, 2, 1, 0, 0
13013, 0, 2, 2, 0, 0, 0
13014, 0, 5, 5, 0, 0, 0
13015, 9, 5, 5, 0, 9, 0
13016, 0, 3, 2, 1, 0, 0
12504, 2, 2, 2, 0, 2, 0
12508, 0, 6, 4, 2, 0, 0
2896, 1, 24, 19, 5, 1, 0
7978, 49, 8, 8, 0, 31, 18
13154, 1, 3, 1, 2, 1, 0
18850, 29, 1, 1, 0, 29, 0
21825, 2, 4, 3, 1, 0, 2
21826, 31, 3, 3, 0, 25, 6
38478, 0, 1, 1, 0, 0, 0
38481, 5, 1, 1, 0, 5, 0
38482, 0, 1, 1, 0, 0, 0
38483, 2, 2, 2, 0, 2, 0
2040, 13, 20, 19, 1, 13, 0
13021, 8, 1, 1, 0, 7, 1
13420, 13, 11, 10, 1, 11, 2
21380, 12, 3, 3, 0, 12, 0
22903, 8, 2, 1, 1, 8, 0
24891, 0, 19, 17, 2, 0, 0
38870, 11, 2, 2, 0, 11, 0
40042, 1, 1, 1, 0, 1, 0
40043, 1, 1, 1, 0, 1, 0
40044, 8, 2, 0, 2, 3, 5
28552, 6, 4, 4, 0, 4, 2
36382, 10, 7, 6, 1, 9, 1
36383, 0, 5, 5, 0, 0, 0
40045, 0, 1, 1, 0, 0, 0
40046, 0, 2, 2, 0, 0, 0
40047, 1, 1, 1, 0, 0, 1
3267, 8, 14, 13, 1, 6, 2
14328, 8, 8, 3, 5, 0, 8
23958, 2, 2, 2, 0, 2, 0
23959, 0, 1, 1, 0, 0, 0
23960, 0, 2, 2, 0, 0, 0
23961, 0, 3, 3, 0, 0, 0
36806, 14, 5, 5, 0, 14, 0
14183, 20, 14, 13, 1, 18, 2
33958, 5, 3, 2, 1, 4, 1
7422, 12, 12, 12, 0, 12, 0
11707, 5, 7, 7, 0, 4, 1
13370, 32, 6, 6, 0, 31, 1
13409, 0, 16, 16, 0, 0, 0
13951, 13, 8, 8, 0, 13, 0
17129, 79, 3, 3, 0, 76, 3
19745, 10, 11, 5, 6, 10, 0
21373, 0, 5, 5, 0, 0, 0
21374, 6, 6, 4, 2, 5, 1
21375, 1, 1, 1, 0, 1, 0
21376, 0, 1, 1, 0, 0, 0
21377, 2, 6, 1, 5, 2, 0
21378, 20, 19, 18, 1, 20, 0
21381, 4, 2, 2, 0, 4, 0
21382, 202, 16, 13, 3, 200, 2
21385, 2, 2, 2, 0, 2, 0
21386, 8, 1, 1, 0, 7, 1
21387, 50, 5, 2, 3, 5, 45
21388, 1, 3, 2, 1, 1, 0
21389, 8, 1, 1, 0, 8, 0
21390, 5, 1, 1, 0, 4, 1
21392, 20, 3, 3, 0, 20, 0
21393, 1, 6, 6, 0, 1, 0
21394, 18, 7, 3, 4, 17, 1
40048, 1, 1, 1, 0, 1, 0
11989, 42, 45, 22, 23, 0, 42
13361, 17, 10, 10, 0, 17, 0
26489, 12, 9, 7, 2, 12, 0
32879, 0, 6, 6, 0, 0, 0
37127, 0, 4, 4, 0, 0, 0
40049, 3, 1, 1, 0, 3, 0
40050, 0, 4, 4, 0, 0, 0
37668, 6, 8, 6, 2, 5, 1
19512, 0, 23, 19, 4, 0, 0
40051, 1, 1, 1, 0, 1, 0
3858, 3, 7, 7, 0, 3, 0
16022, 101, 15, 8, 7, 39, 62
31341, 66, 8, 6, 2, 33, 33
38901, 14, 1, 1, 0, 14, 0
38902, 7, 3, 3, 0, 7, 0
7772, 18, 17, 14, 3, 1, 17
10366, 0, 10, 6, 4, 0, 0
12876, 2, 25, 17, 8, 2, 0
13188, 3, 5, 2, 3, 2, 1
15731, 0, 3, 1, 2, 0, 0
17075, 9, 17, 11, 6, 8, 1
19449, 45, 8, 5, 3, 25, 20
20574, 0, 3, 2, 1, 0, 0
20576, 0, 8, 5, 3, 0, 0
20577, 0, 3, 3, 0, 0, 0
20580, 0, 2, 2, 0, 0, 0
20583, 1, 13, 8, 5, 1, 0
20584, 5, 4, 3, 1, 5, 0
20585, 2, 3, 2, 1, 2, 0
20586, 1, 6, 5, 1, 0, 1
20587, 76, 8, 6, 2, 45, 31
20588, 2, 1, 0, 1, 2, 0
20589, 26, 3, 2, 1, 13, 13
20590, 13, 8, 7, 1, 13, 0
20591, 0, 3, 1, 2, 0, 0
20592, 0, 3, 2, 1, 0, 0
20593, 0, 3, 0, 3, 0, 0
20594, 0, 3, 1, 2, 0, 0
20595, 0, 1, 0, 1, 0, 0
20596, 1, 5, 2, 3, 0, 1
20597, 0, 3, 1, 2, 0, 0
4278, 0, 56, 56, 0, 0, 0
5384, 0, 52, 52, 0, 0, 0
16211, 3, 29, 26, 3, 3, 0
20997, 0, 10, 9, 1, 0, 0
23604, 0, 15, 15, 0, 0, 0
24623, 0, 3, 3, 0, 0, 0
40052, 0, 2, 1, 1, 0, 0
40053, 0, 1, 0, 1, 0, 0
5427, 11, 5, 4, 1, 8, 3
14184, 0, 5, 2, 3, 0, 0
14641, 22, 28, 20, 8, 22, 0
31120, 0, 4, 2, 2, 0, 0
40054, 10, 6, 6, 0, 6, 4
40055, 3, 2, 1, 1, 3, 0
40056, 11, 4, 1, 3, 11, 0
40057, 0, 2, 1, 1, 0, 0
40058, 7, 5, 2, 3, 5, 2
40059, 0, 4, 0, 4, 0, 0
28944, 5, 4, 4, 0, 5, 0
40060, 0, 6, 6, 0, 0, 0
12020, 5, 21, 20, 1, 5, 0
21180, 1, 13, 13, 0, 1, 0
22843, 1, 1, 1, 0, 1, 0
17796, 6, 5, 3, 2, 6, 0
23463, 39, 6, 5, 1, 38, 1
38021, 10, 8, 2, 6, 10, 0
40061, 13, 1, 1, 0, 0, 13
40062, 0, 1, 1, 0, 0, 0
2309, 0, 15, 14, 1, 0, 0
5671, 0, 4, 4, 0, 0, 0
37360, 20, 5, 5, 0, 17, 3
40063, 3, 4, 4, 0, 3, 0
40064, 0, 4, 4, 0, 0, 0
40065, 4, 8, 8, 0, 4, 0
40066, 11, 5, 3, 2, 9, 2
40067, 13, 3, 3, 0, 13, 0
20622, 0, 1, 1, 0, 0, 0
20623, 2, 3, 3, 0, 2, 0
13207, 23, 6, 5, 1, 23, 0
21010, 0, 9, 8, 1, 0, 0
29448, 45, 6, 6, 0, 41, 4
37294, 1, 6, 6, 0, 1, 0
40068, 3, 1, 1, 0, 3, 0
40069, 0, 1, 1, 0, 0, 0
40070, 20, 2, 1, 1, 11, 9
40071, 0, 1, 1, 0, 0, 0
40072, 2, 2, 2, 0, 2, 0
37976, 16, 6, 4, 2, 3, 13
40073, 2, 1, 1, 0, 2, 0
40074, 0, 1, 1, 0, 0, 0
40075, 0, 1, 1, 0, 0, 0
40076, 3, 4, 4, 0, 2, 1
40077, 0, 1, 1, 0, 0, 0
40078, 7, 2, 2, 0, 7, 0
40079, 0, 1, 0, 1, 0, 0
40080, 0, 1, 0, 1, 0, 0
13245, 394, 60, 13, 47, 6, 388
15273, 67, 13, 9, 4, 5, 62
18630, 60, 12, 4, 8, 9, 51
23106, 4, 3, 2, 1, 2, 2
23107, 0, 1, 1, 0, 0, 0
23108, 0, 4, 3, 1, 0, 0
20325, 1, 19, 5, 14, 0, 1
4247, 0, 14, 14, 0, 0, 0
5595, 3, 9, 7, 2, 3, 0
5920, 1, 13, 11, 2, 0, 1
6523, 31, 26, 26, 0, 28, 3
7258, 1, 2, 1, 1, 1, 0
7259, 0, 10, 8, 2, 0, 0
7260, 4, 2, 2, 0, 4, 0
7261, 18, 3, 3, 0, 11, 7
7264, 1, 2, 2, 0, 1, 0
7265, 7, 6, 5, 1, 7, 0
7266, 0, 2, 2, 0, 0, 0
7267, 17, 7, 6, 1, 11, 6
7268, 0, 1, 1, 0, 0, 0
7269, 10, 23, 14, 9, 10, 0
7270, 0, 7, 7, 0, 0, 0
7271, 0, 1, 1, 0, 0, 0
7272, 0, 1, 1, 0, 0, 0
7273, 0, 1, 1, 0, 0, 0
7274, 6, 8, 7, 1, 6, 0
7275, 0, 1, 1, 0, 0, 0
7276, 0, 1, 1, 0, 0, 0
7277, 0, 2, 2, 0, 0, 0
7278, 2, 4, 4, 0, 1, 1
7279, 3, 1, 1, 0, 3, 0
7281, 0, 7, 7, 0, 0, 0
7282, 1, 6, 5, 1, 1, 0
7283, 1, 4, 4, 0, 1, 0
7284, 10, 10, 10, 0, 9, 1
7285, 1, 5, 4, 1, 1, 0
7286, 31, 4, 4, 0, 21, 10
7287, 0, 1, 1, 0, 0, 0
7289, 12, 6, 3, 3, 3, 9
7290, 0, 6, 5, 1, 0, 0
7291, 0, 1, 1, 0, 0, 0
7293, 0, 1, 1, 0, 0, 0
7294, 0, 2, 2, 0, 0, 0
7295, 0, 3, 3, 0, 0, 0
7296, 25, 9, 7, 2, 23, 2
7298, 1, 1, 1, 0, 1, 0
7299, 8, 6, 6, 0, 8, 0
7300, 0, 1, 1, 0, 0, 0
7301, 2, 27, 22, 5, 1, 1
7302, 20, 4, 3, 1, 17, 3
7303, 3, 1, 1, 0, 3, 0
7305, 10, 14, 12, 2, 10, 0
7306, 2, 4, 4, 0, 2, 0
7307, 21, 5, 5, 0, 2, 19
7308, 0, 3, 2, 1, 0, 0
7311, 0, 1, 1, 0, 0, 0
7315, 0, 2, 2, 0, 0, 0
7316, 2, 1, 1, 0, 2, 0
7317, 0, 4, 4, 0, 0, 0
7318, 0, 1, 1, 0, 0, 0
7321, 0, 5, 4, 1, 0, 0
7322, 1, 16, 16, 0, 1, 0
7323, 14, 6, 6, 0, 11, 3
7324, 23, 8, 7, 1, 9, 14
7325, 0, 1, 1, 0, 0, 0
7326, 0, 4, 4, 0, 0, 0
7331, 1, 5, 5, 0, 1, 0
7332, 3, 17, 13, 4, 3, 0
7333, 0, 1, 1, 0, 0, 0
7334, 0, 6, 5, 1, 0, 0
7335, 0, 1, 1, 0, 0, 0
7338, 7, 6, 6, 0, 5, 2
7341, 0, 3, 3, 0, 0, 0
7342, 1, 8, 6, 2, 1, 0
7343, 0, 1, 1, 0, 0, 0
7344, 5, 19, 12, 7, 4, 1
7346, 34, 1, 1, 0, 16, 18
7347, 1, 28, 26, 2, 1, 0
7349, 0, 2, 2, 0, 0, 0
7350, 0, 7, 3, 4, 0, 0
7351, 0, 1, 1, 0, 0, 0
7352, 3, 1, 1, 0, 3, 0
7353, 2, 3, 3, 0, 2, 0
7354, 4, 14, 11, 3, 4, 0
7355, 0, 1, 1, 0, 0, 0
7356, 0, 3, 3, 0, 0, 0
7357, 13, 2, 2, 0, 13, 0
7358, 38, 4, 3, 1, 38, 0
7360, 3, 1, 1, 0, 3, 0
7362, 0, 2, 2, 0, 0, 0
7363, 25, 12, 12, 0, 23, 2
7366, 0, 3, 3, 0, 0, 0
7367, 1, 4, 3, 1, 1, 0
7368, 0, 3, 2, 1, 0, 0
7369, 0, 6, 4, 2, 0, 0
7371, 0, 1, 0, 1, 0, 0
7374, 4, 5, 3, 2, 4, 0
17546, 0, 9, 8, 1, 0, 0
40081, 0, 2, 2, 0, 0, 0
1936, 0, 40, 6, 34, 0, 0
2254, 192, 10, 10, 0, 192, 0
2742, 0, 6, 6, 0, 0, 0
3936, 12, 12, 4, 8, 0, 12
4658, 0, 3, 3, 0, 0, 0
10100, 1, 4, 0, 4, 1, 0
13198, 11, 9, 8, 1, 11, 0
18186, 0, 2, 0, 2, 0, 0
18579, 0, 10, 10, 0, 0, 0
19802, 0, 13, 0, 13, 0, 0
23110, 0, 4, 4, 0, 0, 0
24453, 1, 6, 6, 0, 1, 0
28911, 0, 2, 2, 0, 0, 0
28912, 0, 2, 2, 0, 0, 0
28913, 0, 1, 1, 0, 0, 0
28914, 0, 2, 2, 0, 0, 0
28915, 0, 1, 0, 1, 0, 0
12258, 0, 1, 1, 0, 0, 0
2409, 20, 12, 12, 0, 20, 0
3604, 114, 10, 8, 2, 66, 48
7680, 8, 6, 6, 0, 7, 1
16424, 16, 4, 4, 0, 13, 3
20686, 4, 5, 5, 0, 3, 1
25069, 4, 3, 3, 0, 4, 0
25864, 14, 6, 6, 0, 11, 3
34753, 4, 1, 1, 0, 2, 2
39627, 11, 3, 3, 0, 11, 0
40082, 1, 1, 1, 0, 1, 0
40083, 4, 1, 1, 0, 4, 0
40084, 9, 1, 1, 0, 9, 0
40085, 5, 2, 2, 0, 5, 0
40086, 1, 4, 4, 0, 1, 0
40087, 6, 1, 1, 0, 6, 0
40088, 16, 1, 1, 0, 11, 5
40089, 2, 1, 1, 0, 2, 0
9300, 7, 14, 8, 6, 6, 1
24088, 0, 6, 6, 0, 0, 0
29817, 1, 6, 6, 0, 1, 0
40090, 0, 1, 1, 0, 0, 0
40091, 27, 4, 4, 0, 5, 22
40092, 0, 1, 1, 0, 0, 0
40093, 2, 2, 2, 0, 2, 0
3770, 0, 53, 27, 26, 0, 0
5451, 4, 7, 7, 0, 3, 1
7479, 0, 26, 19, 7, 0, 0
8742, 0, 8, 7, 1, 0, 0
9854, 12, 12, 11, 1, 3, 9
10483, 1, 16, 10, 6, 1, 0
11827, 0, 7, 6, 1, 0, 0
13816, 2, 7, 6, 1, 1, 1
15962, 53, 18, 14, 4, 32, 21
16552, 6, 11, 6, 5, 4, 2
17201, 0, 5, 5, 0, 0, 0
18997, 0, 9, 7, 2, 0, 0
19290, 56, 19, 18, 1, 56, 0
22870, 14, 2, 2, 0, 14, 0
25325, 0, 6, 3, 3, 0, 0
26266, 0, 5, 5, 0, 0, 0
27562, 0, 6, 5, 1, 0, 0
30620, 12, 10, 10, 0, 6, 6
34974, 22, 12, 11, 1, 21, 1
37032, 3, 3, 3, 0, 3, 0
40094, 5, 2, 2, 0, 5, 0
40095, 0, 1, 1, 0, 0, 0
40096, 3, 1, 1, 0, 3, 0
40097, 0, 1, 1, 0, 0, 0
40098, 0, 2, 2, 0, 0, 0
40099, 0, 2, 2, 0, 0, 0
40100, 0, 2, 1, 1, 0, 0
40101, 2, 1, 1, 0, 2, 0
40102, 0, 1, 1, 0, 0, 0
40103, 2, 1, 1, 0, 2, 0
40104, 1, 1, 1, 0, 1, 0
40105, 3, 2, 2, 0, 3, 0
40106, 0, 1, 1, 0, 0, 0
16693, 21, 11, 11, 0, 19, 2
28816, 0, 3, 3, 0, 0, 0
40107, 1, 3, 3, 0, 1, 0
40108, 0, 1, 1, 0, 0, 0
40109, 0, 9, 9, 0, 0, 0
4756, 3, 16, 15, 1, 3, 0
7416, 9, 22, 16, 6, 8, 1
9649, 1, 12, 3, 9, 0, 1
13809, 5, 27, 20, 7, 5, 0
15607, 0, 10, 3, 7, 0, 0
18093, 1, 19, 16, 3, 1, 0
19385, 0, 5, 4, 1, 0, 0
21413, 0, 2, 1, 1, 0, 0
29140, 0, 3, 1, 2, 0, 0
32815, 0, 16, 3, 13, 0, 0
33917, 0, 10, 6, 4, 0, 0
40110, 14, 2, 2, 0, 14, 0
40111, 0, 2, 2, 0, 0, 0
40112, 1, 1, 0, 1, 1, 0
40113, 0, 1, 0, 1, 0, 0
2997, 2, 11, 5, 6, 2, 0
5653, 0, 4, 4, 0, 0, 0
7090, 1, 6, 6, 0, 1, 0
7096, 32, 26, 20, 6, 22, 10
9084, 6, 8, 6, 2, 6, 0
9627, 13, 6, 4, 2, 13, 0
15113, 0, 7, 6, 1, 0, 0
15299, 6, 14, 9, 5, 4, 2
17816, 0, 8, 4, 4, 0, 0
17888, 10, 12, 11, 1, 3, 7
18382, 2, 8, 8, 0, 2, 0
18954, 1, 8, 7, 1, 1, 0
20777, 9, 21, 17, 4, 9, 0
21003, 16, 11, 11, 0, 16, 0
22595, 11, 1, 1, 0, 11, 0
22946, 0, 46, 25, 21, 0, 0
25200, 40, 8, 5, 3, 36, 4
28955, 0, 3, 3, 0, 0, 0
30669, 2, 17, 10, 7, 2, 0
31423, 2, 4, 4, 0, 2, 0
33502, 79, 8, 8, 0, 57, 22
35096, 20, 3, 3, 0, 18, 2
35730, 11, 4, 4, 0, 10, 1
36430, 0, 5, 3, 2, 0, 0
36816, 5, 3, 2, 1, 5, 0
37018, 1, 3, 3, 0, 1, 0
37444, 0, 1, 1, 0, 0, 0
37445, 0, 1, 1, 0, 0, 0
37446, 0, 1, 1, 0, 0, 0
37447, 6, 2, 2, 0, 6, 0
37448, 2, 6, 5, 1, 2, 0
37449, 9, 2, 2, 0, 7, 2
37450, 0, 1, 1, 0, 0, 0
37451, 0, 5, 5, 0, 0, 0
37452, 20, 2, 2, 0, 9, 11
37453, 0, 2, 2, 0, 0, 0
37455, 7, 2, 2, 0, 7, 0
37456, 1, 1, 1, 0, 0, 1
37457, 1, 3, 3, 0, 0, 1
37458, 11, 2, 2, 0, 9, 2
37459, 0, 1, 1, 0, 0, 0
37460, 0, 1, 1, 0, 0, 0
37461, 10, 2, 2, 0, 9, 1
37462, 0, 1, 1, 0, 0, 0
37463, 0, 1, 1, 0, 0, 0
2096, 0, 6, 6, 0, 0, 0
7048, 0, 21, 19, 2, 0, 0
9043, 3, 12, 8, 4, 3, 0
13035, 7, 15, 14, 1, 7, 0
22475, 2, 13, 10, 3, 2, 0
30754, 16, 4, 4, 0, 16, 0
40114, 4, 1, 1, 0, 4, 0
21990, 194, 11, 4, 7, 6, 188
25341, 65, 6, 3, 3, 9, 56
25342, 11, 4, 4, 0, 9, 2
25343, 19, 8, 8, 0, 16, 3
25346, 11, 1, 1, 0, 3, 8
25347, 1, 1, 1, 0, 1, 0
25348, 9, 1, 1, 0, 8, 1
40115, 1, 3, 3, 0, 1, 0
11807, 0, 26, 26, 0, 0, 0
40116, 0, 8, 8, 0, 0, 0
40117, 0, 7, 4, 3, 0, 0
1856, 9, 23, 12, 11, 8, 1
7128, 2, 3, 3, 0, 2, 0
18150, 16, 13, 8, 5, 9, 7
22716, 0, 4, 4, 0, 0, 0
33269, 1, 2, 2, 0, 1, 0
40118, 0, 1, 0, 1, 0, 0
40119, 1, 6, 0, 6, 0, 1
12053, 0, 42, 42, 0, 0, 0
18869, 0, 10, 5, 5, 0, 0
8316, 11, 9, 8, 1, 11, 0
23212, 3, 7, 5, 2, 2, 1
26020, 9, 4, 4, 0, 9, 0
28208, 6, 3, 2, 1, 6, 0
40120, 22, 3, 3, 0, 21, 1
40121, 2, 3, 3, 0, 2, 0
40122, 6, 1, 1, 0, 6, 0
40123, 11, 4, 3, 1, 8, 3
40124, 30, 2, 2, 0, 24, 6
40125, 25, 5, 4, 1, 25, 0
40126, 20, 2, 2, 0, 15, 5
3165, 0, 16, 15, 1, 0, 0
3364, 0, 31, 24, 7, 0, 0
5614, 0, 18, 11, 7, 0, 0
6453, 2, 4, 4, 0, 2, 0
6852, 27, 17, 16, 1, 14, 13
7016, 0, 14, 8, 6, 0, 0
7420, 0, 9, 8, 1, 0, 0
11960, 6, 4, 4, 0, 5, 1
13772, 1, 3, 3, 0, 1, 0
13983, 19, 9, 8, 1, 19, 0
14315, 0, 44, 31, 13, 0, 0
16147, 9, 23, 17, 6, 8, 1
16793, 0, 13, 12, 1, 0, 0
17102, 1, 5, 5, 0, 1, 0
19011, 0, 15, 11, 4, 0, 0
19963, 5, 4, 4, 0, 5, 0
20352, 5, 2, 2, 0, 5, 0
20824, 0, 15, 13, 2, 0, 0
21874, 10, 5, 4, 1, 10, 0
23525, 1, 8, 7, 1, 0, 1
24625, 0, 13, 13, 0, 0, 0
24973, 8, 10, 7, 3, 8, 0
26991, 0, 6, 6, 0, 0, 0
26997, 1, 5, 5, 0, 0, 1
27495, 0, 2, 2, 0, 0, 0
27496, 0, 2, 2, 0, 0, 0
27497, 9, 4, 4, 0, 7, 2
27498, 0, 2, 2, 0, 0, 0
27499, 344, 1, 1, 0, 339, 5
27500, 0, 3, 3, 0, 0, 0
27501, 4, 4, 4, 0, 4, 0
27502, 2, 2, 2, 0, 2, 0
27503, 1, 3, 3, 0, 1, 0
27504, 0, 2, 2, 0, 0, 0
27505, 1, 6, 6, 0, 0, 1
27506, 3, 7, 7, 0, 3, 0
27508, 1, 6, 6, 0, 0, 1
27510, 0, 4, 4, 0, 0, 0
27511, 2, 2, 2, 0, 2, 0
27512, 0, 3, 2, 1, 0, 0
27513, 3, 2, 2, 0, 3, 0
27514, 1, 3, 3, 0, 1, 0
27515, 0, 10, 8, 2, 0, 0
27516, 31, 5, 5, 0, 26, 5
27517, 4, 5, 5, 0, 4, 0
27518, 0, 2, 2, 0, 0, 0
27519, 0, 2, 2, 0, 0, 0
27520, 0, 7, 7, 0, 0, 0
27521, 0, 2, 2, 0, 0, 0
27522, 0, 2, 2, 0, 0, 0
27523, 0, 2, 2, 0, 0, 0
27524, 3, 5, 5, 0, 2, 1
27525, 0, 2, 2, 0, 0, 0
27526, 24, 3, 3, 0, 20, 4
27527, 11, 2, 2, 0, 9, 2
27528, 1, 3, 3, 0, 1, 0
27529, 2, 2, 2, 0, 2, 0
27530, 2, 2, 2, 0, 2, 0
27531, 0, 2, 2, 0, 0, 0
27532, 1, 2, 2, 0, 0, 1
19950, 29, 18, 12, 6, 20, 9
2475, 0, 8, 8, 0, 0, 0
5317, 10, 18, 17, 1, 8, 2
5397, 79, 19, 18, 1, 78, 1
5675, 18, 22, 17, 5, 18, 0
7155, 1, 12, 11, 1, 1, 0
7388, 0, 36, 31, 5, 0, 0
7944, 26, 13, 12, 1, 26, 0
7947, 18, 5, 5, 0, 18, 0
7949, 9, 1, 1, 0, 8, 1
7950, 0, 3, 3, 0, 0, 0
7952, 0, 2, 2, 0, 0, 0
7953, 36, 6, 6, 0, 36, 0
7954, 0, 3, 3, 0, 0, 0
7955, 1, 1, 1, 0, 1, 0
7958, 28, 8, 7, 1, 28, 0
7959, 21, 3, 2, 1, 16, 5
7962, 1, 15, 13, 2, 1, 0
7963, 2, 12, 9, 3, 2, 0
7965, 0, 10, 7, 3, 0, 0
7966, 103, 11, 11, 0, 98, 5
7968, 1, 12, 8, 4, 1, 0
7975, 9, 17, 14, 3, 4, 5
7977, 0, 3, 3, 0, 0, 0
7979, 43, 8, 7, 1, 40, 3
7989, 0, 3, 3, 0, 0, 0
7991, 26, 1, 1, 0, 20, 6
7993, 3, 2, 2, 0, 3, 0
8002, 1, 4, 4, 0, 1, 0
8003, 1, 1, 1, 0, 1, 0
8886, 25, 6, 6, 0, 20, 5
12072, 14, 7, 4, 3, 11, 3
13860, 82, 8, 7, 1, 82, 0
14435, 1, 18, 18, 0, 1, 0
26298, 46, 4, 4, 0, 46, 0
26328, 203, 9, 6, 3, 19, 184
26344, 55, 6, 6, 0, 55, 0
27976, 10, 10, 5, 5, 7, 3
28420, 19, 17, 6, 11, 9, 10
30601, 69, 5, 5, 0, 68, 1
30943, 0, 10, 2, 8, 0, 0
38696, 190, 11, 11, 0, 188, 2
40127, 6, 3, 3, 0, 6, 0
40128, 15, 1, 1, 0, 15, 0
40129, 15, 5, 4, 1, 11, 4
40130, 4, 3, 3, 0, 4, 0
40131, 1, 7, 7, 0, 1, 0
17462, 58, 13, 7, 6, 58, 0
20257, 1, 7, 6, 1, 1, 0
20258, 3, 1, 1, 0, 3, 0
20260, 4, 5, 5, 0, 4, 0
20261, 4, 3, 3, 0, 4, 0
20262, 0, 4, 4, 0, 0, 0
20263, 3, 2, 2, 0, 3, 0
5694, 0, 13, 11, 2, 0, 0
7158, 0, 7, 6, 1, 0, 0
8212, 2, 4, 4, 0, 2, 0
12967, 58, 36, 29, 7, 42, 16
14810, 0, 10, 8, 2, 0, 0
18340, 0, 11, 10, 1, 0, 0
23931, 0, 4, 4, 0, 0, 0
40132, 0, 1, 1, 0, 0, 0
40133, 0, 1, 1, 0, 0, 0
40134, 2, 1, 1, 0, 2, 0
40135, 1, 5, 5, 0, 1, 0
3065, 22, 6, 6, 0, 21, 1
3106, 0, 5, 5, 0, 0, 0
6557, 0, 14, 14, 0, 0, 0
7031, 0, 3, 3, 0, 0, 0
7046, 3, 25, 20, 5, 3, 0
7196, 0, 21, 18, 3, 0, 0
9124, 1, 2, 2, 0, 1, 0
12288, 0, 20, 20, 0, 0, 0
13439, 38, 18, 15, 3, 26, 12
13843, 1, 5, 5, 0, 0, 1
13854, 13, 16, 15, 1, 10, 3
14368, 1, 6, 6, 0, 1, 0
14383, 1, 8, 6, 2, 1, 0
14474, 4, 3, 3, 0, 3, 1
14962, 124, 15, 14, 1, 111, 13
15024, 0, 6, 6, 0, 0, 0
15600, 0, 4, 4, 0, 0, 0
15802, 63, 6, 5, 1, 54, 9
17365, 1, 31, 31, 0, 1, 0
17801, 0, 5, 4, 1, 0, 0
18305, 10, 22, 20, 2, 10, 0
19213, 33, 4, 3, 1, 32, 1
19328, 0, 10, 10, 0, 0, 0
21127, 5, 23, 16, 7, 4, 1
21248, 0, 2, 2, 0, 0, 0
21907, 9, 15, 14, 1, 9, 0
25424, 0, 2, 2, 0, 0, 0
25520, 0, 3, 3, 0, 0, 0
25709, 16, 3, 3, 0, 15, 1
26168, 0, 2, 2, 0, 0, 0
28334, 3, 28, 23, 5, 3, 0
29211, 1, 9, 8, 1, 0, 1
34104, 27, 5, 5, 0, 26, 1
35845, 0, 4, 3, 1, 0, 0
38899, 0, 8, 8, 0, 0, 0
39626, 0, 2, 1, 1, 0, 0
39628, 0, 1, 1, 0, 0, 0
39629, 0, 1, 1, 0, 0, 0
39630, 2, 3, 1, 2, 1, 1
39631, 0, 4, 4, 0, 0, 0
39632, 0, 5, 5, 0, 0, 0
39633, 3, 3, 3, 0, 3, 0
39634, 1, 4, 4, 0, 1, 0
39635, 9, 3, 2, 1, 9, 0
39636, 2, 5, 4, 1, 2, 0
39637, 1, 6, 5, 1, 0, 1
39638, 1, 1, 1, 0, 1, 0
39639, 11, 3, 3, 0, 10, 1
39640, 2, 7, 6, 1, 1, 1
39641, 0, 3, 2, 1, 0, 0
39642, 0, 2, 2, 0, 0, 0
39643, 0, 3, 3, 0, 0, 0
6770, 97, 23, 7, 16, 23, 74
17629, 0, 40, 40, 0, 0, 0
20827, 0, 1, 1, 0, 0, 0
9878, 0, 9, 6, 3, 0, 0
16076, 0, 7, 7, 0, 0, 0
18414, 0, 7, 6, 1, 0, 0
20344, 5, 21, 17, 4, 5, 0
21167, 4, 3, 3, 0, 2, 2
21168, 0, 2, 1, 1, 0, 0
21169, 0, 2, 2, 0, 0, 0
21170, 1, 1, 1, 0, 1, 0
21172, 0, 1, 1, 0, 0, 0
21173, 0, 4, 4, 0, 0, 0
21174, 1, 1, 1, 0, 1, 0
4523, 10, 28, 21, 7, 7, 3
5290, 58, 9, 9, 0, 38, 20
6746, 8, 16, 12, 4, 8, 0
7399, 42, 4, 4, 0, 33, 9
9704, 18, 9, 7, 2, 18, 0
10539, 0, 30, 15, 15, 0, 0
11543, 11, 7, 6, 1, 9, 2
11834, 3, 8, 3, 5, 3, 0
11970, 66, 16, 8, 8, 40, 26
12880, 33, 6, 6, 0, 27, 6
13150, 4, 1, 1, 0, 4, 0
13183, 17, 32, 15, 17, 17, 0
14452, 0, 18, 6, 12, 0, 0
15318, 60, 3, 3, 0, 56, 4
15335, 5, 5, 4, 1, 1, 4
15452, 2, 7, 4, 3, 1, 1
16173, 9, 4, 4, 0, 9, 0
16903, 28, 27, 17, 10, 22, 6
17394, 20, 17, 12, 5, 19, 1
17640, 0, 14, 8, 6, 0, 0
17658, 75, 7, 7, 0, 75, 0
18489, 61, 17, 16, 1, 55, 6
19481, 0, 3, 0, 3, 0, 0
19883, 23, 3, 3, 0, 23, 0
20167, 14, 6, 5, 1, 14, 0
20755, 12, 7, 5, 2, 12, 0
22737, 29, 10, 7, 3, 22, 7
22924, 14, 9, 8, 1, 14, 0
23140, 12, 2, 1, 1, 12, 0
23985, 49, 3, 3, 0, 34, 15
24041, 18, 5, 4, 1, 17, 1
24285, 0, 6, 4, 2, 0, 0
24699, 28, 17, 14, 3, 28, 0
28364, 0, 5, 5, 0, 0, 0
29153, 0, 10, 9, 1, 0, 0
33177, 66, 12, 12, 0, 59, 7
34132, 27, 2, 2, 0, 19, 8
34919, 0, 7, 3, 4, 0, 0
40136, 7, 1, 1, 0, 7, 0
40137, 1, 2, 2, 0, 1, 0
40138, 4, 1, 1, 0, 4, 0
40139, 1, 1, 1, 0, 1, 0
40140, 19, 3, 2, 1, 16, 3
40141, 20, 11, 4, 7, 7, 13
40142, 36, 5, 3, 2, 22, 14
40143, 12, 2, 2, 0, 10, 2
40144, 5, 2, 2, 0, 5, 0
40145, 63, 3, 3, 0, 62, 1
40146, 1, 1, 1, 0, 1, 0
40147, 2, 4, 4, 0, 2, 0
40148, 11, 3, 2, 1, 11, 0
40149, 24, 3, 3, 0, 19, 5
40150, 24, 3, 3, 0, 12, 12
40151, 9, 2, 2, 0, 9, 0
40152, 7, 1, 1, 0, 5, 2
40153, 13, 1, 1, 0, 12, 1
40154, 56, 7, 6, 1, 41, 15
40155, 9, 3, 3, 0, 8, 1
40156, 16, 5, 4, 1, 15, 1
40157, 39, 7, 5, 2, 23, 16
40158, 1, 2, 1, 1, 1, 0
40159, 0, 1, 0, 1, 0, 0
40160, 0, 2, 1, 1, 0, 0
40161, 0, 1, 0, 1, 0, 0
40162, 11, 3, 2, 1, 9, 2
1948, 0, 33, 11, 22, 0, 0
2074, 0, 40, 21, 19, 0, 0
2302, 0, 6, 3, 3, 0, 0
3132, 0, 18, 1, 17, 0, 0
4703, 0, 6, 5, 1, 0, 0
6634, 7, 18, 6, 12, 7, 0
7743, 0, 7, 6, 1, 0, 0
7928, 13, 8, 8, 0, 13, 0
8273, 1, 19, 13, 6, 1, 0
10099, 0, 4, 0, 4, 0, 0
10130, 1, 5, 4, 1, 0, 1
11890, 3, 16, 3, 13, 3, 0
12143, 0, 29, 3, 26, 0, 0
12431, 0, 3, 0, 3, 0, 0
13122, 0, 6, 5, 1, 0, 0
13271, 8, 27, 12, 15, 8, 0
13414, 18, 7, 4, 3, 18, 0
13991, 0, 11, 9, 2, 0, 0
15070, 0, 36, 15, 21, 0, 0
16827, 0, 2, 1, 1, 0, 0
16901, 0, 10, 1, 9, 0, 0
19152, 0, 6, 2, 4, 0, 0
19502, 5, 11, 2, 9, 5, 0
19547, 0, 11, 11, 0, 0, 0
19664, 3, 8, 6, 2, 3, 0
19771, 0, 4, 3, 1, 0, 0
20334, 3, 7, 5, 2, 2, 1
22135, 6, 7, 5, 2, 6, 0
22776, 0, 4, 3, 1, 0, 0
24704, 4, 5, 2, 3, 4, 0
27798, 18, 16, 7, 9, 11, 7
28820, 21, 31, 20, 11, 21, 0
28931, 0, 2, 2, 0, 0, 0
28936, 1, 5, 3, 2, 1, 0
30449, 0, 3, 2, 1, 0, 0
34239, 20, 10, 9, 1, 20, 0
37015, 0, 7, 5, 2, 0, 0
37700, 0, 7, 7, 0, 0, 0
38255, 0, 4, 3, 1, 0, 0
38398, 7, 2, 1, 1, 6, 1
40163, 0, 2, 2, 0, 0, 0
40164, 0, 1, 1, 0, 0, 0
40165, 2, 2, 2, 0, 2, 0
40166, 0, 4, 4, 0, 0, 0
40167, 0, 1, 1, 0, 0, 0
40168, 0, 2, 1, 1, 0, 0
40169, 2, 1, 0, 1, 2, 0
40170, 0, 1, 0, 1, 0, 0
40171, 0, 4, 1, 3, 0, 0
40172, 0, 2, 1, 1, 0, 0
40173, 0, 3, 1, 2, 0, 0
40174, 0, 5, 4, 1, 0, 0
40175, 0, 2, 1, 1, 0, 0
40176, 0, 4, 2, 2, 0, 0
40177, 0, 1, 0, 1, 0, 0
40178, 0, 2, 1, 1, 0, 0
40179, 1, 5, 0, 5, 1, 0
40180, 0, 6, 3, 3, 0, 0
40181, 0, 1, 0, 1, 0, 0
40182, 1, 3, 2, 1, 1, 0
40183, 5, 1, 0, 1, 5, 0
40184, 0, 1, 0, 1, 0, 0
40185, 0, 2, 1, 1, 0, 0
40186, 0, 1, 0, 1, 0, 0
40187, 0, 2, 0, 2, 0, 0
40188, 0, 3, 0, 3, 0, 0
40189, 1, 1, 0, 1, 1, 0
40190, 0, 2, 0, 2, 0, 0
40191, 0, 3, 1, 2, 0, 0
14959, 5, 15, 14, 1, 5, 0
16563, 0, 10, 10, 0, 0, 0
19417, 0, 10, 10, 0, 0, 0
22116, 55, 4, 4, 0, 51, 4
40192, 0, 2, 2, 0, 0, 0
40193, 7, 2, 2, 0, 7, 0
40194, 2, 6, 4, 2, 2, 0
40195, 8, 2, 2, 0, 8, 0
2431, 12, 10, 10, 0, 12, 0
11475, 1, 32, 29, 3, 1, 0
18528, 7, 4, 4, 0, 7, 0
21159, 0, 12, 11, 1, 0, 0
40196, 4, 3, 3, 0, 2, 2
3037, 52, 6, 0, 6, 19, 33
5788, 41, 21, 18, 3, 36, 5
6833, 0, 3, 2, 1, 0, 0
8258, 0, 8, 5, 3, 0, 0
13223, 4, 5, 0, 5, 4, 0
13298, 7, 3, 2, 1, 7, 0
13749, 0, 19, 18, 1, 0, 0
14726, 34, 12, 8, 4, 25, 9
17043, 7, 12, 10, 2, 4, 3
17652, 1, 1, 0, 1, 1, 0
19833, 1, 4, 2, 2, 1, 0
20728, 1, 1, 0, 1, 1, 0
23206, 0, 15, 11, 4, 0, 0
24781, 40, 11, 8, 3, 27, 13
31585, 0, 9, 4, 5, 0, 0
38839, 5, 4, 1, 3, 4, 1
40197, 0, 1, 0, 1, 0, 0
40198, 0, 1, 0, 1, 0, 0
40199, 3, 7, 3, 4, 3, 0
40200, 4, 1, 0, 1, 0, 4
40201, 0, 1, 0, 1, 0, 0
40202, 0, 1, 0, 1, 0, 0
40203, 0, 6, 4, 2, 0, 0
40204, 0, 1, 0, 1, 0, 0
40205, 1, 1, 0, 1, 1, 0
40206, 2, 2, 1, 1, 2, 0
40207, 16, 1, 0, 1, 15, 1
40208, 0, 1, 0, 1, 0, 0
40209, 0, 1, 0, 1, 0, 0
40210, 2, 2, 1, 1, 1, 1
3580, 5, 32, 22, 10, 5, 0
19156, 2, 10, 8, 2, 0, 2
21232, 7, 9, 9, 0, 1, 6
33824, 4, 1, 0, 1, 3, 1
36939, 3, 7, 2, 5, 2, 1
40212, 0, 4, 3, 1, 0, 0
40213, 0, 1, 1, 0, 0, 0
40214, 0, 3, 3, 0, 0, 0
40215, 0, 1, 0, 1, 0, 0
16196, 1, 8, 8, 0, 0, 1
40216, 2, 1, 1, 0, 2, 0
11788, 0, 20, 20, 0, 0, 0
14722, 4, 14, 10, 4, 4, 0
20769, 2, 4, 4, 0, 1, 1
29192, 9, 14, 10, 4, 8, 1
32808, 3, 3, 3, 0, 3, 0
40217, 1, 1, 1, 0, 1, 0
40218, 1, 1, 1, 0, 1, 0
40219, 1, 1, 1, 0, 1, 0
40220, 0, 2, 2, 0, 0, 0
40221, 0, 1, 1, 0, 0, 0
40222, 0, 1, 1, 0, 0, 0
1641, 8, 13, 6, 7, 3, 5
3259, 15, 16, 10, 6, 11, 4
14710, 1, 11, 10, 1, 1, 0
18215, 0, 1, 1, 0, 0, 0
18216, 3, 6, 5, 1, 3, 0
18218, 5, 3, 3, 0, 5, 0
18219, 0, 3, 2, 1, 0, 0
18220, 0, 3, 2, 1, 0, 0
18221, 17, 13, 12, 1, 17, 0
18222, 0, 16, 13, 3, 0, 0
18223, 4, 10, 7, 3, 2, 2
18225, 3, 4, 3, 1, 3, 0
18226, 0, 10, 8, 2, 0, 0
40223, 10, 2, 2, 0, 8, 2
40224, 1, 1, 1, 0, 1, 0
2940, 48, 11, 8, 3, 48, 0
3073, 6, 3, 3, 0, 6, 0
3098, 0, 5, 5, 0, 0, 0
7029, 1, 28, 23, 5, 1, 0
8584, 10, 5, 5, 0, 9, 1
8690, 2, 8, 7, 1, 2, 0
9341, 27, 5, 5, 0, 27, 0
12858, 6, 7, 7, 0, 5, 1
13918, 2, 4, 4, 0, 1, 1
13973, 0, 8, 6, 2, 0, 0
17112, 25, 15, 15, 0, 25, 0
17697, 19, 22, 21, 1, 19, 0
18407, 1, 10, 7, 3, 1, 0
18822, 0, 3, 3, 0, 0, 0
19815, 2, 24, 20, 4, 2, 0
20823, 5, 1, 1, 0, 5, 0
21212, 0, 11, 10, 1, 0, 0
21772, 0, 10, 7, 3, 0, 0
21815, 20, 6, 5, 1, 19, 1
22699, 0, 5, 3, 2, 0, 0
22724, 0, 2, 2, 0, 0, 0
23013, 0, 7, 7, 0, 0, 0
23566, 0, 10, 10, 0, 0, 0
24522, 0, 2, 1, 1, 0, 0
24755, 0, 17, 17, 0, 0, 0
25826, 0, 2, 2, 0, 0, 0
26277, 26, 3, 2, 1, 3, 23
28295, 13, 10, 7, 3, 8, 5
28974, 10, 5, 3, 2, 10, 0
29680, 1, 30, 27, 3, 1, 0
29721, 0, 9, 8, 1, 0, 0
31164, 8, 5, 5, 0, 8, 0
33355, 1, 3, 3, 0, 1, 0
34284, 5, 2, 2, 0, 5, 0
36027, 1, 1, 1, 0, 1, 0
36519, 2, 4, 4, 0, 1, 1
37745, 0, 3, 3, 0, 0, 0
40225, 0, 1, 1, 0, 0, 0
40226, 0, 1, 1, 0, 0, 0
40227, 5, 1, 1, 0, 5, 0
40228, 1, 1, 1, 0, 1, 0
40229, 39, 2, 1, 1, 39, 0
40230, 0, 4, 3, 1, 0, 0
40231, 6, 2, 2, 0, 6, 0
40232, 1, 1, 1, 0, 1, 0
40233, 0, 1, 1, 0, 0, 0
40234, 1, 2, 2, 0, 1, 0
40235, 0, 3, 3, 0, 0, 0
40236, 1, 2, 2, 0, 1, 0
40237, 0, 1, 1, 0, 0, 0
40238, 1, 3, 3, 0, 1, 0
40239, 1, 6, 6, 0, 1, 0
40240, 0, 2, 2, 0, 0, 0
40241, 0, 3, 2, 1, 0, 0
40242, 0, 6, 6, 0, 0, 0
40243, 0, 1, 1, 0, 0, 0
40244, 0, 1, 1, 0, 0, 0
40245, 9, 6, 5, 1, 9, 0
40246, 0, 3, 3, 0, 0, 0
5519, 65, 19, 14, 5, 33, 32
6884, 0, 8, 4, 4, 0, 0
16816, 201, 13, 4, 9, 7, 194
19459, 16, 5, 4, 1, 11, 5
36613, 74, 6, 6, 0, 74, 0
40247, 2, 1, 1, 0, 2, 0
40248, 0, 1, 1, 0, 0, 0
40249, 7, 8, 4, 4, 6, 1
40250, 0, 1, 0, 1, 0, 0
3889, 2, 4, 4, 0, 2, 0
6571, 15, 16, 16, 0, 15, 0
7457, 1, 4, 4, 0, 1, 0
12260, 0, 49, 49, 0, 0, 0
12863, 9, 10, 10, 0, 9, 0
15766, 1, 15, 15, 0, 1, 0
17761, 0, 8, 8, 0, 0, 0
19258, 0, 13, 12, 1, 0, 0
21785, 3, 19, 14, 5, 3, 0
21786, 34, 14, 14, 0, 34, 0
21789, 0, 7, 7, 0, 0, 0
21790, 0, 1, 1, 0, 0, 0
21791, 1, 4, 3, 1, 1, 0
21793, 0, 2, 2, 0, 0, 0
22697, 0, 3, 2, 1, 0, 0
28499, 0, 8, 8, 0, 0, 0
28854, 2, 12, 10, 2, 0, 2
3624, 1, 3, 3, 0, 1, 0
13997, 0, 28, 26, 2, 0, 0
18298, 16, 15, 14, 1, 10, 6
18563, 0, 12, 11, 1, 0, 0
20392, 9, 8, 7, 1, 8, 1
40297, 0, 2, 2, 0, 0, 0
40298, 0, 1, 1, 0, 0, 0
26729, 8, 10, 8, 2, 7, 1
40299, 0, 1, 1, 0, 0, 0
40300, 3, 4, 4, 0, 3, 0
40301, 0, 2, 2, 0, 0, 0
40302, 3, 1, 1, 0, 3, 0
40303, 5, 1, 1, 0, 4, 1
40304, 0, 1, 1, 0, 0, 0
40305, 0, 1, 1, 0, 0, 0
40306, 0, 1, 1, 0, 0, 0
40307, 0, 1, 1, 0, 0, 0
40308, 3, 3, 3, 0, 3, 0
8744, 3, 2, 2, 0, 1, 2
13802, 0, 11, 10, 1, 0, 0
16236, 95, 13, 12, 1, 95, 0
23676, 4, 4, 4, 0, 4, 0
30132, 0, 15, 2, 13, 0, 0
33194, 0, 5, 4, 1, 0, 0
40309, 8, 1, 1, 0, 3, 5
40310, 0, 1, 1, 0, 0, 0
40311, 0, 3, 2, 1, 0, 0
40312, 0, 1, 1, 0, 0, 0
40313, 0, 1, 1, 0, 0, 0
40314, 0, 1, 1, 0, 0, 0
40315, 5, 5, 4, 1, 4, 1
40316, 2, 2, 2, 0, 2, 0
40317, 0, 1, 1, 0, 0, 0
40318, 0, 1, 1, 0, 0, 0
1637, 70, 6, 2, 4, 5, 65
5517, 0, 22, 20, 2, 0, 0
16175, 201, 12, 3, 9, 0, 201
26834, 0, 3, 3, 0, 0, 0
33022, 202, 14, 2, 12, 5, 197
34624, 3, 6, 6, 0, 3, 0
35929, 4, 1, 0, 1, 1, 3
35930, 22, 3, 2, 1, 14, 8
35931, 201, 3, 2, 1, 42, 159
35932, 5, 3, 1, 2, 4, 1
5711, 1, 20, 19, 1, 1, 0
35811, 1, 3, 3, 0, 1, 0
40319, 0, 7, 7, 0, 0, 0
40320, 0, 5, 5, 0, 0, 0
40321, 0, 2, 2, 0, 0, 0
23269, 1, 8, 7, 1, 1, 0
2039, 8, 11, 9, 2, 6, 2
17570, 0, 14, 14, 0, 0, 0
25467, 0, 2, 0, 2, 0, 0
27197, 11, 5, 4, 1, 10, 1
40322, 3, 2, 2, 0, 0, 3
40323, 0, 2, 0, 2, 0, 0
30781, 0, 2, 2, 0, 0, 0
1517, 7, 18, 14, 4, 7, 0
3088, 0, 103, 70, 33, 0, 0
5109, 51, 22, 20, 2, 48, 3
5593, 2, 21, 21, 0, 2, 0
6514, 0, 24, 24, 0, 0, 0
6858, 1, 14, 14, 0, 1, 0
6869, 0, 15, 9, 6, 0, 0
7012, 0, 15, 14, 1, 0, 0
7505, 2, 6, 5, 1, 0, 2
8943, 9, 10, 10, 0, 9, 0
12590, 0, 24, 16, 8, 0, 0
12655, 33, 22, 19, 3, 33, 0
12683, 9, 6, 4, 2, 6, 3
12938, 0, 4, 4, 0, 0, 0
13388, 0, 5, 4, 1, 0, 0
13476, 1, 3, 3, 0, 1, 0
16088, 1, 13, 10, 3, 1, 0
19980, 0, 3, 3, 0, 0, 0
20064, 0, 13, 12, 1, 0, 0
21194, 0, 3, 1, 2, 0, 0
21630, 2, 3, 3, 0, 2, 0
21904, 17, 29, 19, 10, 13, 4
24081, 1, 2, 1, 1, 0, 1
28871, 0, 6, 4, 2, 0, 0
29284, 1, 4, 4, 0, 1, 0
31517, 0, 1, 1, 0, 0, 0
31518, 0, 3, 3, 0, 0, 0
31519, 0, 1, 1, 0, 0, 0
31520, 0, 1, 1, 0, 0, 0
31521, 0, 3, 3, 0, 0, 0
31522, 33, 7, 7, 0, 30, 3
31523, 0, 1, 1, 0, 0, 0
31524, 2, 4, 4, 0, 2, 0
31525, 0, 1, 1, 0, 0, 0
31526, 1, 5, 4, 1, 1, 0
31527, 0, 5, 5, 0, 0, 0
31528, 3, 3, 3, 0, 3, 0
31532, 0, 2, 2, 0, 0, 0
31533, 5, 5, 5, 0, 5, 0
31534, 0, 1, 1, 0, 0, 0
31535, 4, 2, 2, 0, 4, 0
31536, 1, 2, 2, 0, 1, 0
31537, 1, 2, 2, 0, 1, 0
31538, 5, 3, 3, 0, 5, 0
31539, 28, 4, 4, 0, 28, 0
31540, 0, 4, 3, 1, 0, 0
31541, 1, 2, 2, 0, 1, 0
31544, 10, 10, 10, 0, 10, 0
31546, 0, 1, 1, 0, 0, 0
31547, 6, 3, 2, 1, 6, 0
31548, 3, 1, 1, 0, 2, 1
31549, 0, 2, 2, 0, 0, 0
31550, 10, 4, 2, 2, 8, 2
31551, 0, 3, 2, 1, 0, 0
31552, 0, 1, 1, 0, 0, 0
31554, 0, 1, 1, 0, 0, 0
31555, 11, 4, 2, 2, 9, 2
31556, 1, 5, 5, 0, 1, 0
31557, 0, 4, 4, 0, 0, 0
31558, 0, 3, 2, 1, 0, 0
31559, 0, 1, 1, 0, 0, 0
31560, 0, 1, 1, 0, 0, 0
31561, 4, 5, 4, 1, 2, 2
40324, 1, 1, 1, 0, 1, 0
2460, 0, 3, 3, 0, 0, 0
2478, 6, 5, 3, 2, 4, 2
4071, 0, 20, 8, 12, 0, 0
4075, 0, 17, 7, 10, 0, 0
4625, 0, 18, 5, 13, 0, 0
11925, 24, 11, 9, 2, 14, 10
12141, 0, 10, 0, 10, 0, 0
12181, 0, 15, 7, 8, 0, 0
12403, 0, 16, 15, 1, 0, 0
13812, 205, 48, 37, 11, 172, 33
13834, 10, 19, 12, 7, 9, 1
15065, 0, 9, 5, 4, 0, 0
15446, 2, 2, 1, 1, 2, 0
15557, 0, 15, 11, 4, 0, 0
16224, 10, 11, 10, 1, 10, 0
16602, 14, 1, 1, 0, 14, 0
17300, 0, 9, 9, 0, 0, 0
18771, 24, 14, 14, 0, 15, 9
20105, 0, 8, 3, 5, 0, 0
25085, 0, 2, 2, 0, 0, 0
26332, 23, 5, 5, 0, 17, 6
30039, 0, 13, 12, 1, 0, 0
30562, 2, 9, 5, 4, 0, 2
32820, 0, 12, 4, 8, 0, 0
33434, 0, 5, 5, 0, 0, 0
33790, 100, 9, 9, 0, 97, 3
34272, 7, 8, 8, 0, 6, 1
34991, 101, 12, 3, 9, 16, 85
35321, 2, 2, 2, 0, 2, 0
36797, 9, 1, 1, 0, 9, 0
36798, 0, 1, 1, 0, 0, 0
36799, 4, 2, 2, 0, 4, 0
36800, 2, 1, 1, 0, 2, 0
36801, 12, 3, 3, 0, 9, 3
36802, 0, 1, 1, 0, 0, 0
36803, 0, 1, 1, 0, 0, 0
36804, 2, 2, 1, 1, 2, 0
36805, 0, 1, 1, 0, 0, 0
36807, 0, 1, 1, 0, 0, 0
36808, 12, 2, 2, 0, 10, 2
36809, 0, 19, 15, 4, 0, 0
36810, 7, 1, 1, 0, 5, 2
36811, 18, 4, 4, 0, 18, 0
36812, 55, 4, 4, 0, 53, 2
36813, 0, 2, 2, 0, 0, 0
36814, 7, 2, 2, 0, 7, 0
36815, 2, 1, 1, 0, 2, 0
36817, 0, 1, 1, 0, 0, 0
36818, 1, 3, 2, 1, 1, 0
36819, 3, 3, 3, 0, 3, 0
36820, 39, 4, 3, 1, 31, 8
36821, 0, 1, 1, 0, 0, 0
36822, 2, 2, 1, 1, 2, 0
36823, 0, 1, 0, 1, 0, 0
23798, 2, 4, 3, 1, 2, 0
40325, 7, 2, 2, 0, 6, 1
40326, 1, 1, 1, 0, 1, 0
20729, 1, 1, 1, 0, 1, 0
13842, 23, 13, 13, 0, 18, 5
35097, 0, 4, 4, 0, 0, 0
20773, 1, 2, 2, 0, 1, 0
22339, 43, 19, 17, 2, 33, 10
24499, 2, 4, 3, 1, 2, 0
25055, 1, 4, 2, 2, 1, 0
31480, 13, 2, 2, 0, 10, 3
34592, 1, 2, 2, 0, 1, 0
38411, 0, 2, 2, 0, 0, 0
40327, 0, 2, 2, 0, 0, 0
40328, 0, 1, 1, 0, 0, 0
40329, 2, 3, 2, 1, 2, 0
26367, 0, 19, 18, 1, 0, 0
32454, 144, 8, 7, 1, 99, 45
35111, 6, 4, 4, 0, 6, 0
38832, 1, 6, 5, 1, 0, 1
40330, 1, 1, 1, 0, 1, 0
40331, 7, 2, 2, 0, 7, 0
40332, 0, 1, 1, 0, 0, 0
40333, 10, 8, 8, 0, 10, 0
3380, 0, 36, 30, 6, 0, 0
4918, 0, 2, 2, 0, 0, 0
5409, 0, 6, 5, 1, 0, 0
6727, 17, 30, 10, 20, 14, 3
8571, 0, 9, 8, 1, 0, 0
14967, 16, 3, 2, 1, 10, 6
14993, 2, 25, 9, 16, 2, 0
15292, 0, 8, 6, 2, 0, 0
20096, 16, 7, 6, 1, 12, 4
22638, 0, 19, 18, 1, 0, 0
23850, 0, 2, 2, 0, 0, 0
24896, 9, 8, 4, 4, 7, 2
27934, 16, 14, 12, 2, 9, 7
28310, 3, 11, 11, 0, 3, 0
33571, 1, 3, 3, 0, 1, 0
35376, 15, 5, 2, 3, 13, 2
40334, 1, 1, 1, 0, 1, 0
40335, 1, 1, 1, 0, 1, 0
40336, 1, 5, 3, 2, 1, 0
40337, 0, 1, 1, 0, 0, 0
40338, 3, 3, 3, 0, 3, 0
40339, 3, 4, 2, 2, 2, 1
13212, 78, 45, 22, 23, 0, 78
40340, 0, 10, 10, 0, 0, 0
40341, 30, 3, 2, 1, 27, 3
14055, 0, 67, 67, 0, 0, 0
22477, 0, 14, 13, 1, 0, 0
27997, 0, 6, 4, 2, 0, 0
38418, 1, 5, 5, 0, 1, 0
40342, 2, 2, 2, 0, 2, 0
40343, 0, 2, 1, 1, 0, 0
40344, 9, 8, 1, 7, 8, 1
5819, 0, 17, 16, 1, 0, 0
7001, 0, 28, 18, 10, 0, 0
7002, 1, 5, 5, 0, 1, 0
7003, 4, 1, 1, 0, 3, 1
4572, 0, 32, 24, 8, 0, 0
40345, 27, 3, 3, 0, 16, 11
40346, 1, 2, 2, 0, 1, 0
40347, 0, 1, 0, 1, 0, 0
32646, 6, 10, 9, 1, 6, 0
37696, 0, 14, 6, 8, 0, 0
40374, 1, 7, 6, 1, 1, 0
2032, 1, 51, 41, 10, 0, 1
3077, 35, 12, 6, 6, 0, 35
3416, 0, 11, 5, 6, 0, 0
3676, 0, 34, 11, 23, 0, 0
3741, 0, 6, 5, 1, 0, 0
4711, 0, 11, 11, 0, 0, 0
4789, 0, 8, 8, 0, 0, 0
5347, 69, 5, 5, 0, 53, 16
6303, 9, 8, 5, 3, 5, 4
6362, 5, 28, 17, 11, 0, 5
7123, 0, 6, 4, 2, 0, 0
7124, 2, 15, 9, 6, 1, 1
8476, 5, 15, 11, 4, 3, 2
8603, 0, 5, 4, 1, 0, 0
8760, 3, 9, 4, 5, 1, 2
12566, 5, 13, 13, 0, 5, 0
12571, 0, 9, 7, 2, 0, 0
12603, 8, 8, 8, 0, 8, 0
13110, 6, 11, 11, 0, 6, 0
14103, 20, 95, 84, 11, 6, 14
14476, 6, 6, 5, 1, 6, 0
15179, 5, 10, 8, 2, 3, 2
16880, 18, 14, 10, 4, 12, 6
18448, 3, 6, 6, 0, 3, 0
20336, 8, 13, 8, 5, 5, 3
20818, 4, 2, 2, 0, 4, 0
21147, 2, 8, 4, 4, 2, 0
22196, 5, 5, 3, 2, 5, 0
22575, 0, 5, 4, 1, 0, 0
22694, 0, 6, 6, 0, 0, 0
22695, 4, 2, 1, 1, 3, 1
22700, 0, 3, 2, 1, 0, 0
22701, 1, 6, 4, 2, 1, 0
22702, 0, 4, 4, 0, 0, 0
22704, 0, 6, 4, 2, 0, 0
22705, 0, 1, 1, 0, 0, 0
22706, 3, 3, 3, 0, 2, 1
22709, 0, 1, 1, 0, 0, 0
22710, 49, 8, 8, 0, 30, 19
22711, 0, 6, 5, 1, 0, 0
22712, 23, 4, 4, 0, 18, 5
22713, 0, 2, 2, 0, 0, 0
22714, 1, 4, 4, 0, 0, 1
22715, 1, 2, 2, 0, 1, 0
22718, 0, 3, 2, 1, 0, 0
22719, 5, 6, 6, 0, 5, 0
22721, 5, 16, 13, 3, 5, 0
22722, 9, 11, 10, 1, 7, 2
22723, 0, 5, 4, 1, 0, 0
22725, 5, 3, 2, 1, 4, 1
22727, 0, 2, 2, 0, 0, 0
22728, 7, 2, 2, 0, 5, 2
22729, 2, 1, 1, 0, 2, 0
22730, 0, 9, 8, 1, 0, 0
22731, 0, 3, 3, 0, 0, 0
22732, 0, 1, 1, 0, 0, 0
22734, 2, 10, 9, 1, 1, 1
22736, 1, 3, 3, 0, 1, 0
22738, 0, 4, 2, 2, 0, 0
22739, 0, 10, 6, 4, 0, 0
22740, 0, 1, 1, 0, 0, 0
22742, 1, 1, 1, 0, 1, 0
10543, 1, 29, 10, 19, 0, 1
12203, 0, 6, 0, 6, 0, 0
20313, 92, 46, 17, 29, 90, 2
27921, 0, 7, 2, 5, 0, 0
33589, 4, 7, 4, 3, 4, 0
37874, 1, 3, 1, 2, 1, 0
40375, 0, 1, 0, 1, 0, 0
40376, 0, 7, 3, 4, 0, 0
40377, 0, 3, 1, 2, 0, 0
40378, 0, 2, 1, 1, 0, 0
40379, 0, 4, 1, 3, 0, 0
9580, 12, 23, 21, 2, 12, 0
40380, 0, 5, 3, 2, 0, 0
4331, 13, 5, 4, 1, 12, 1
4935, 0, 20, 10, 10, 0, 0
5585, 0, 42, 23, 19, 0, 0
5696, 20, 58, 48, 10, 17, 3
13776, 4, 7, 7, 0, 4, 0
16774, 66, 15, 9, 6, 39, 27
19034, 8, 17, 15, 2, 7, 1
21338, 5, 28, 23, 5, 2, 3
22448, 15, 3, 2, 1, 12, 3
27240, 1, 3, 1, 2, 1, 0
28800, 0, 3, 2, 1, 0, 0
34839, 17, 5, 4, 1, 12, 5
40381, 0, 3, 3, 0, 0, 0
40382, 2, 1, 1, 0, 2, 0
40383, 2, 1, 1, 0, 2, 0
40384, 0, 1, 1, 0, 0, 0
40385, 3, 4, 1, 3, 3, 0
40386, 0, 2, 0, 2, 0, 0
40387, 0, 2, 0, 2, 0, 0
40388, 47, 3, 2, 1, 19, 28
40389, 0, 1, 0, 1, 0, 0
40390, 0, 2, 0, 2, 0, 0
40391, 6, 2, 1, 1, 5, 1
40392, 0, 1, 0, 1, 0, 0
40393, 0, 1, 0, 1, 0, 0
4661, 0, 4, 2, 2, 0, 0
7186, 33, 4, 3, 1, 17, 16
11636, 31, 16, 10, 6, 17, 14
12336, 0, 26, 26, 0, 0, 0
12687, 5, 5, 1, 4, 2, 3
13239, 8, 5, 3, 2, 7, 1
13901, 6, 25, 16, 9, 6, 0
13905, 20, 5, 4, 1, 11, 9
14450, 0, 5, 3, 2, 0, 0
14486, 10, 8, 5, 3, 9, 1
18287, 0, 2, 2, 0, 0, 0
19207, 0, 2, 0, 2, 0, 0
19543, 2, 6, 4, 2, 2, 0
20849, 0, 4, 1, 3, 0, 0
24489, 2, 7, 3, 4, 2, 0
25684, 72, 14, 13, 1, 22, 50
25857, 0, 6, 5, 1, 0, 0
27218, 2, 4, 2, 2, 1, 1
36923, 7, 3, 2, 1, 7, 0
40394, 2, 3, 2, 1, 2, 0
40395, 4, 10, 6, 4, 4, 0
40396, 0, 3, 2, 1, 0, 0
40397, 7, 5, 2, 3, 4, 3
40398, 4, 4, 2, 2, 4, 0
40399, 0, 1, 1, 0, 0, 0
40400, 0, 1, 1, 0, 0, 0
40401, 0, 4, 1, 3, 0, 0
40402, 9, 1, 0, 1, 6, 3
40403, 0, 1, 0, 1, 0, 0
40404, 0, 1, 0, 1, 0, 0
40405, 0, 1, 0, 1, 0, 0
40406, 2, 1, 0, 1, 2, 0
40407, 13, 3, 2, 1, 11, 2
40408, 0, 4, 1, 3, 0, 0
6998, 0, 9, 2, 7, 0, 0
40409, 0, 1, 1, 0, 0, 0
3866, 3, 17, 12, 5, 0, 3
4898, 0, 15, 10, 5, 0, 0
6103, 0, 15, 14, 1, 0, 0
6830, 54, 13, 7, 6, 44, 10
7109, 6, 23, 17, 6, 6, 0
7775, 0, 22, 12, 10, 0, 0
8238, 0, 13, 11, 2, 0, 0
8354, 2, 14, 11, 3, 2, 0
13779, 0, 20, 19, 1, 0, 0
14994, 0, 18, 0, 18, 0, 0
15598, 5, 10, 9, 1, 5, 0
16134, 14, 24, 21, 3, 14, 0
16923, 1, 3, 1, 2, 0, 1
17675, 36, 13, 9, 4, 18, 18
17845, 45, 15, 12, 3, 42, 3
18202, 0, 15, 12, 3, 0, 0
18590, 0, 14, 5, 9, 0, 0
20243, 2, 13, 2, 11, 2, 0
21841, 0, 4, 2, 2, 0, 0
21955, 7, 6, 5, 1, 7, 0
22450, 1, 16, 7, 9, 0, 1
23338, 0, 2, 1, 1, 0, 0
23361, 0, 7, 4, 3, 0, 0
23372, 0, 3, 1, 2, 0, 0
23570, 7, 13, 8, 5, 4, 3
24652, 0, 8, 5, 3, 0, 0
24848, 0, 10, 7, 3, 0, 0
26478, 0, 26, 20, 6, 0, 0
26805, 2, 7, 3, 4, 1, 1
26820, 5, 11, 10, 1, 5, 0
27928, 1, 13, 7, 6, 0, 1
28177, 4, 6, 5, 1, 2, 2
30028, 0, 6, 2, 4, 0, 0
30949, 0, 3, 0, 3, 0, 0
32567, 0, 13, 10, 3, 0, 0
32758, 0, 5, 5, 0, 0, 0
33723, 4, 10, 6, 4, 4, 0
33777, 1, 5, 1, 4, 1, 0
33889, 4, 8, 7, 1, 4, 0
34828, 0, 6, 6, 0, 0, 0
37415, 1, 4, 3, 1, 1, 0
38439, 1, 4, 3, 1, 1, 0
38731, 0, 3, 3, 0, 0, 0
40410, 0, 2, 0, 2, 0, 0
40411, 0, 1, 0, 1, 0, 0
40412, 0, 1, 0, 1, 0, 0
40413, 23, 1, 0, 1, 23, 0
40414, 0, 15, 2, 13, 0, 0
40415, 4, 3, 1, 2, 3, 1
40416, 0, 5, 4, 1, 0, 0
40417, 0, 1, 0, 1, 0, 0
40418, 0, 1, 0, 1, 0, 0
40419, 0, 4, 2, 2, 0, 0
40420, 0, 3, 0, 3, 0, 0
40421, 4, 10, 8, 2, 1, 3
40422, 0, 7, 5, 2, 0, 0
40423, 0, 3, 2, 1, 0, 0
40424, 0, 1, 0, 1, 0, 0
40425, 0, 3, 2, 1, 0, 0
40426, 0, 1, 0, 1, 0, 0
40427, 3, 2, 1, 1, 3, 0
40428, 0, 4, 3, 1, 0, 0
40429, 0, 1, 0, 1, 0, 0
40430, 0, 2, 1, 1, 0, 0
40431, 1, 7, 3, 4, 1, 0
40432, 2, 1, 0, 1, 1, 1
40433, 0, 2, 0, 2, 0, 0
40434, 0, 1, 0, 1, 0, 0
40435, 0, 2, 0, 2, 0, 0
40436, 0, 1, 0, 1, 0, 0
40729, 0, 4, 4, 0, 0, 0
11921, 0, 24, 22, 2, 0, 0
29182, 0, 8, 4, 4, 0, 0
40730, 0, 3, 3, 0, 0, 0
1905, 0, 16, 16, 0, 0, 0
10478, 0, 33, 33, 0, 0, 0
21551, 0, 3, 3, 0, 0, 0
27865, 0, 4, 4, 0, 0, 0
28815, 5, 3, 3, 0, 5, 0
5434, 0, 8, 7, 1, 0, 0
10143, 45, 12, 12, 0, 42, 3
19892, 44, 7, 7, 0, 33, 11
37530, 2, 4, 3, 1, 2, 0
37579, 22, 13, 12, 1, 22, 0
38738, 0, 1, 1, 0, 0, 0
38739, 0, 1, 1, 0, 0, 0
38740, 1, 5, 0, 5, 1, 0
1580, 1, 3, 3, 0, 1, 0
4508, 8, 16, 13, 3, 6, 2
4743, 0, 12, 10, 2, 0, 0
5502, 13, 78, 78, 0, 13, 0
7515, 60, 7, 7, 0, 60, 0
8728, 0, 1, 1, 0, 0, 0
8729, 8, 17, 10, 7, 6, 2
8732, 36, 11, 11, 0, 36, 0
8735, 186, 72, 23, 49, 109, 77
8737, 11, 9, 9, 0, 11, 0
8739, 0, 2, 2, 0, 0, 0
8740, 0, 23, 23, 0, 0, 0
8743, 3, 2, 2, 0, 2, 1
8745, 2, 6, 6, 0, 2, 0
8748, 68, 9, 9, 0, 68, 0
8752, 2, 13, 9, 4, 2, 0
8754, 0, 5, 4, 1, 0, 0
8755, 1, 5, 5, 0, 1, 0
8769, 0, 4, 2, 2, 0, 0
8770, 5, 1, 1, 0, 4, 1
8771, 0, 9, 9, 0, 0, 0
8772, 0, 10, 5, 5, 0, 0
8774, 30, 6, 4, 2, 14, 16
8776, 1, 2, 2, 0, 1, 0
8779, 0, 2, 2, 0, 0, 0
8780, 0, 7, 2, 5, 0, 0
8782, 6, 10, 4, 6, 1, 5
8784, 2, 7, 7, 0, 2, 0
8785, 3, 1, 1, 0, 2, 1
8786, 2, 9, 8, 1, 1, 1
8787, 0, 28, 20, 8, 0, 0
8788, 1, 7, 6, 1, 0, 1
8789, 2, 8, 6, 2, 0, 2
8790, 202, 17, 16, 1, 202, 0
8792, 4, 9, 5, 4, 3, 1
8793, 0, 27, 19, 8, 0, 0
8795, 8, 3, 3, 0, 8, 0
8796, 0, 2, 2, 0, 0, 0
8798, 0, 1, 1, 0, 0, 0
8799, 0, 1, 1, 0, 0, 0
8800, 0, 1, 1, 0, 0, 0
4954, 38, 24, 16, 8, 27, 11
9216, 2, 7, 3, 4, 1, 1
10565, 0, 13, 6, 7, 0, 0
14451, 0, 6, 3, 3, 0, 0
18980, 3, 10, 10, 0, 3, 0
22310, 1, 3, 3, 0, 1, 0
23420, 7, 6, 5, 1, 7, 0
24315, 17, 10, 10, 0, 17, 0
29697, 1, 12, 8, 4, 0, 1
33503, 3, 4, 4, 0, 3, 0
34598, 0, 9, 8, 1, 0, 0
37230, 0, 6, 4, 2, 0, 0
37658, 6, 6, 3, 3, 4, 2
40731, 0, 1, 1, 0, 0, 0
40732, 0, 3, 3, 0, 0, 0
40733, 0, 2, 2, 0, 0, 0
40734, 0, 1, 1, 0, 0, 0
40735, 0, 1, 1, 0, 0, 0
24075, 0, 5, 5, 0, 0, 0
9666, 10, 21, 18, 3, 10, 0
11669, 0, 22, 22, 0, 0, 0
11721, 38, 14, 14, 0, 38, 0
23217, 72, 7, 7, 0, 71, 1
36510, 8, 7, 7, 0, 8, 0
38547, 0, 5, 4, 1, 0, 0
40736, 3, 4, 4, 0, 2, 1
18317, 0, 12, 10, 2, 0, 0
40737, 2, 2, 2, 0, 2, 0
40738, 9, 3, 3, 0, 9, 0
10433, 2, 7, 6, 1, 2, 0
5110, 23, 17, 7, 10, 9, 14
5119, 0, 11, 7, 4, 0, 0
6172, 18, 20, 16, 4, 10, 8
7015, 0, 6, 6, 0, 0, 0
9191, 0, 24, 0, 24, 0, 0
10644, 5, 5, 4, 1, 5, 0
10666, 1, 8, 4, 4, 0, 1
11136, 5, 10, 8, 2, 5, 0
11737, 26, 7, 5, 2, 19, 7
13395, 33, 14, 11, 3, 28, 5
14325, 18, 6, 4, 2, 13, 5
15436, 0, 11, 4, 7, 0, 0
17401, 0, 19, 18, 1, 0, 0
20070, 3, 6, 4, 2, 2, 1
25231, 1, 9, 8, 1, 1, 0
26712, 6, 18, 8, 10, 5, 1
31069, 0, 10, 4, 6, 0, 0
31404, 24, 3, 2, 1, 22, 2
33433, 27, 6, 6, 0, 27, 0
33488, 10, 8, 8, 0, 10, 0
35475, 0, 1, 1, 0, 0, 0
35476, 12, 2, 1, 1, 9, 3
35478, 0, 1, 1, 0, 0, 0
35479, 5, 3, 3, 0, 4, 1
35480, 0, 1, 1, 0, 0, 0
35481, 2, 9, 5, 4, 1, 1
35482, 0, 1, 1, 0, 0, 0
35484, 0, 19, 7, 12, 0, 0
35485, 0, 1, 0, 1, 0, 0
35486, 0, 1, 0, 1, 0, 0
35487, 0, 3, 2, 1, 0, 0
35488, 1, 8, 6, 2, 1, 0
35489, 0, 2, 1, 1, 0, 0
35490, 0, 7, 3, 4, 0, 0
6809, 3, 16, 9, 7, 3, 0
18032, 0, 20, 20, 0, 0, 0
19070, 2, 2, 2, 0, 2, 0
27696, 5, 22, 17, 5, 0, 5
28143, 6, 10, 7, 3, 4, 2
35397, 0, 5, 1, 4, 0, 0
40739, 0, 2, 2, 0, 0, 0
40740, 2, 1, 1, 0, 2, 0
40741, 0, 1, 1, 0, 0, 0
40742, 0, 3, 3, 0, 0, 0
40743, 3, 5, 5, 0, 3, 0
40744, 1, 1, 1, 0, 0, 1
3910, 6, 10, 9, 1, 5, 1
5350, 0, 5, 5, 0, 0, 0
18087, 0, 2, 2, 0, 0, 0
18088, 1, 4, 4, 0, 0, 1
18089, 0, 5, 2, 3, 0, 0
18091, 0, 2, 2, 0, 0, 0
18092, 4, 4, 4, 0, 4, 0
18094, 1, 1, 1, 0, 1, 0
2999, 13, 15, 4, 11, 12, 1
3050, 0, 4, 2, 2, 0, 0
4414, 16, 25, 23, 2, 16, 0
4542, 0, 10, 8, 2, 0, 0
6238, 0, 8, 8, 0, 0, 0
13935, 9, 13, 5, 8, 8, 1
16389, 10, 3, 3, 0, 9, 1
16390, 0, 8, 8, 0, 0, 0
16392, 1, 1, 1, 0, 1, 0
16395, 0, 1, 1, 0, 0, 0
16396, 0, 1, 1, 0, 0, 0
16397, 0, 7, 7, 0, 0, 0
16399, 0, 3, 3, 0, 0, 0
16400, 0, 7, 3, 4, 0, 0
16401, 30, 9, 8, 1, 30, 0
16403, 3, 7, 7, 0, 0, 3
16404, 23, 9, 8, 1, 18, 5
16407, 17, 6, 6, 0, 17, 0
16409, 0, 8, 4, 4, 0, 0
16410, 4, 10, 10, 0, 4, 0
16412, 0, 6, 6, 0, 0, 0
16413, 14, 11, 11, 0, 13, 1
16414, 0, 5, 5, 0, 0, 0
16416, 0, 1, 0, 1, 0, 0
16418, 0, 1, 0, 1, 0, 0
16419, 1, 3, 0, 3, 0, 1
13218, 1, 18, 5, 13, 0, 1
15437, 6, 2, 0, 2, 5, 1
17126, 18, 16, 9, 7, 15, 3
21324, 10, 10, 1, 9, 2, 8
28491, 38, 1, 0, 1, 30, 8
33923, 7, 3, 1, 2, 3, 4
40745, 5, 4, 2, 2, 4, 1
40746, 1, 1, 0, 1, 0, 1
40747, 3, 1, 0, 1, 2, 1
40748, 1, 4, 2, 2, 0, 1
40749, 1, 1, 0, 1, 0, 1
40750, 9, 3, 0, 3, 5, 4
40751, 4, 1, 0, 1, 1, 3
40752, 1, 1, 0, 1, 0, 1
4059, 65, 9, 6, 3, 16, 49
7206, 5, 7, 3, 4, 0, 5
8625, 6, 5, 3, 2, 4, 2
12406, 14, 26, 18, 8, 10, 4
14926, 51, 9, 6, 3, 18, 33
16633, 48, 8, 8, 0, 29, 19
17412, 23, 25, 18, 7, 13, 10
17961, 4, 9, 7, 2, 2, 2
18025, 1, 7, 7, 0, 1, 0
19111, 45, 5, 5, 0, 38, 7
21335, 20, 6, 6, 0, 12, 8
21521, 202, 4, 3, 1, 52, 150
21522, 52, 3, 3, 0, 8, 44
21704, 22, 5, 4, 1, 21, 1
24314, 14, 2, 2, 0, 13, 1
25743, 44, 6, 6, 0, 44, 0
25866, 6, 23, 14, 9, 3, 3
26912, 25, 4, 4, 0, 12, 13
27546, 122, 5, 2, 3, 13, 109
29771, 13, 5, 1, 4, 6, 7
29914, 25, 4, 2, 2, 24, 1
30710, 7, 3, 2, 1, 1, 6
30981, 27, 11, 5, 6, 8, 19
31407, 2, 6, 5, 1, 0, 2
32541, 7, 1, 1, 0, 6, 1
32847, 15, 6, 5, 1, 9, 6
33145, 6, 2, 2, 0, 2, 4
33337, 9, 1, 1, 0, 7, 2
33382, 5, 2, 2, 0, 2, 3
33516, 32, 5, 4, 1, 25, 7
33719, 4, 4, 4, 0, 4, 0
34098, 35, 4, 4, 0, 30, 5
34527, 16, 3, 2, 1, 6, 10
34727, 90, 10, 8, 2, 27, 63
34877, 15, 1, 1, 0, 8, 7
34951, 2, 1, 1, 0, 1, 1
35125, 9, 3, 3, 0, 0, 9
35233, 6, 7, 6, 1, 3, 3
35411, 201, 8, 2, 6, 0, 201
35612, 13, 1, 1, 0, 8, 5
35813, 30, 1, 1, 0, 10, 20
37202, 48, 4, 3, 1, 9, 39
37476, 51, 11, 8, 3, 9, 42
40753, 57, 2, 1, 1, 28, 29
40754, 9, 1, 1, 0, 4, 5
40755, 52, 2, 2, 0, 14, 38
40756, 1, 1, 1, 0, 0, 1
40757, 7, 1, 1, 0, 1, 6
40758, 0, 3, 3, 0, 0, 0
40759, 2, 1, 1, 0, 2, 0
40760, 0, 1, 1, 0, 0, 0
40761, 4, 3, 2, 1, 1, 3
40762, 8, 3, 2, 1, 5, 3
40763, 6, 4, 4, 0, 3, 3
40764, 14, 1, 1, 0, 6, 8
40765, 17, 1, 1, 0, 6, 11
40766, 5, 1, 1, 0, 1, 4
40767, 11, 5, 2, 3, 3, 8
40768, 5, 2, 2, 0, 4, 1
40769, 162, 4, 3, 1, 70, 92
40770, 36, 4, 3, 1, 3, 33
40771, 5, 1, 1, 0, 3, 2
40772, 34, 1, 1, 0, 3, 31
40773, 1, 3, 3, 0, 0, 1
40774, 19, 1, 1, 0, 1, 18
40775, 0, 4, 2, 2, 0, 0
40776, 1, 1, 1, 0, 1, 0
40777, 17, 2, 2, 0, 13, 4
40778, 6, 3, 3, 0, 5, 1
40779, 4, 4, 1, 3, 2, 2
12937, 19, 5, 5, 0, 19, 0
16352, 0, 1, 1, 0, 0, 0
16356, 1, 4, 4, 0, 1, 0
16359, 122, 24, 20, 4, 122, 0
16360, 18, 3, 3, 0, 13, 5
16362, 0, 1, 1, 0, 0, 0
16363, 0, 3, 3, 0, 0, 0
4466, 6, 7, 6, 1, 5, 1
24655, 2, 4, 3, 1, 1, 1
40780, 5, 1, 1, 0, 5, 0
38491, 0, 10, 10, 0, 0, 0
17918, 35, 2, 2, 0, 31, 4
20815, 0, 3, 0, 3, 0, 0
40781, 0, 2, 2, 0, 0, 0
21936, 0, 1, 1, 0, 0, 0
21938, 1, 1, 1, 0, 0, 1
21939, 0, 1, 1, 0, 0, 0
21946, 0, 1, 1, 0, 0, 0
15539, 12, 18, 17, 1, 12, 0
40782, 0, 1, 0, 1, 0, 0
40783, 0, 1, 0, 1, 0, 0
2239, 0, 10, 6, 4, 0, 0
6399, 4, 2, 2, 0, 4, 0
10243, 24, 7, 6, 1, 24, 0
11599, 0, 6, 6, 0, 0, 0
13653, 0, 5, 4, 1, 0, 0
14398, 1, 6, 4, 2, 1, 0
14622, 0, 5, 5, 0, 0, 0
14929, 12, 15, 12, 3, 12, 0
15030, 0, 13, 12, 1, 0, 0
16725, 0, 12, 11, 1, 0, 0
20011, 7, 3, 2, 1, 7, 0
21764, 2, 8, 7, 1, 2, 0
28786, 2, 3, 3, 0, 2, 0
29646, 0, 15, 9, 6, 0, 0
29710, 1, 3, 2, 1, 1, 0
29711, 0, 1, 1, 0, 0, 0
29712, 10, 6, 6, 0, 10, 0
29713, 8, 4, 4, 0, 8, 0
29715, 0, 2, 2, 0, 0, 0
29716, 1, 3, 3, 0, 1, 0
29717, 0, 3, 2, 1, 0, 0
29718, 6, 6, 6, 0, 6, 0
29719, 21, 4, 3, 1, 16, 5
29720, 0, 4, 4, 0, 0, 0
29722, 1, 4, 4, 0, 0, 1
29723, 0, 21, 16, 5, 0, 0
29724, 0, 5, 3, 2, 0, 0
29725, 0, 9, 3, 6, 0, 0
29726, 2, 10, 1, 9, 2, 0
29727, 0, 3, 1, 2, 0, 0
8675, 16, 5, 4, 1, 13, 3
9128, 45, 3, 3, 0, 45, 0
13033, 7, 7, 7, 0, 7, 0
13059, 20, 5, 4, 1, 17, 3
29574, 10, 7, 7, 0, 9, 1
40726, 5, 4, 1, 3, 5, 0
40784, 11, 3, 2, 1, 11, 0
40785, 0, 1, 1, 0, 0, 0
40786, 0, 1, 1, 0, 0, 0
40787, 49, 4, 4, 0, 44, 5
40788, 4, 2, 2, 0, 4, 0
40789, 1, 1, 1, 0, 1, 0
40790, 20, 2, 2, 0, 19, 1
15770, 5, 66, 65, 1, 2, 3
14246, 11, 7, 6, 1, 10, 1
15078, 0, 9, 6, 3, 0, 0
29856, 1, 5, 5, 0, 1, 0
33294, 2, 4, 4, 0, 1, 1
40791, 0, 1, 1, 0, 0, 0
40792, 0, 1, 1, 0, 0, 0
40793, 7, 2, 1, 1, 7, 0
9543, 0, 12, 12, 0, 0, 0
11638, 11, 8, 7, 1, 11, 0
12502, 0, 6, 4, 2, 0, 0
15058, 13, 3, 3, 0, 13, 0
40794, 1, 2, 2, 0, 1, 0
40795, 1, 2, 2, 0, 0, 1
2769, 0, 11, 5, 6, 0, 0
3453, 0, 8, 7, 1, 0, 0
3665, 30, 21, 10, 11, 25, 5
4762, 0, 16, 11, 5, 0, 0
5690, 0, 10, 8, 2, 0, 0
5948, 27, 8, 7, 1, 18, 9
6604, 2, 10, 10, 0, 2, 0
7045, 0, 11, 11, 0, 0, 0
7139, 24, 11, 8, 3, 20, 4
13885, 29, 13, 13, 0, 28, 1
16160, 1, 3, 2, 1, 1, 0
16567, 13, 15, 11, 4, 9, 4
16722, 0, 44, 29, 15, 0, 0
18316, 2, 11, 10, 1, 2, 0
19764, 3, 5, 3, 2, 3, 0
20860, 7, 11, 11, 0, 4, 3
21245, 0, 7, 7, 0, 0, 0
21922, 10, 11, 5, 6, 10, 0
22652, 5, 3, 3, 0, 5, 0
22889, 7, 8, 7, 1, 7, 0
24679, 2, 8, 2, 6, 0, 2
26357, 0, 4, 4, 0, 0, 0
27237, 38, 11, 10, 1, 32, 6
29539, 0, 2, 1, 1, 0, 0
32994, 0, 8, 8, 0, 0, 0
33267, 0, 4, 3, 1, 0, 0
34989, 2, 4, 2, 2, 1, 1
35009, 5, 3, 3, 0, 5, 0
35250, 12, 5, 5, 0, 1, 11
35293, 0, 3, 3, 0, 0, 0
36429, 37, 11, 8, 3, 34, 3
38594, 3, 2, 2, 0, 3, 0
38846, 5, 3, 2, 1, 4, 1
38850, 19, 5, 4, 1, 16, 3
40796, 0, 5, 5, 0, 0, 0
40797, 0, 1, 1, 0, 0, 0
40798, 7, 4, 3, 1, 7, 0
40799, 0, 1, 1, 0, 0, 0
40800, 0, 2, 2, 0, 0, 0
40801, 1, 1, 1, 0, 1, 0
40802, 1, 1, 1, 0, 1, 0
40803, 2, 1, 1, 0, 2, 0
40804, 0, 1, 1, 0, 0, 0
40805, 11, 3, 2, 1, 5, 6
40806, 0, 1, 1, 0, 0, 0
40807, 2, 1, 1, 0, 2, 0
40808, 0, 1, 1, 0, 0, 0
40809, 0, 2, 2, 0, 0, 0
40810, 0, 1, 1, 0, 0, 0
40811, 6, 5, 4, 1, 6, 0
40812, 0, 1, 1, 0, 0, 0
40813, 0, 1, 1, 0, 0, 0
40814, 0, 12, 12, 0, 0, 0
40815, 0, 5, 5, 0, 0, 0
40816, 0, 1, 1, 0, 0, 0
40817, 0, 3, 1, 2, 0, 0
40818, 0, 1, 1, 0, 0, 0
40819, 0, 5, 0, 5, 0, 0
40820, 3, 5, 4, 1, 1, 2
5075, 118, 19, 12, 7, 55, 63
11678, 0, 8, 2, 6, 0, 0
12139, 2, 20, 17, 3, 2, 0
14440, 6, 9, 8, 1, 6, 0
17882, 11, 24, 24, 0, 10, 1
19170, 1, 18, 18, 0, 0, 1
19808, 184, 12, 8, 4, 9, 175
20109, 0, 1, 1, 0, 0, 0
20111, 0, 5, 4, 1, 0, 0
20112, 0, 8, 8, 0, 0, 0
20113, 40, 1, 1, 0, 36, 4
20114, 21, 12, 8, 4, 11, 10
20115, 0, 7, 6, 1, 0, 0
2371, 1, 35, 25, 10, 1, 0
25413, 0, 11, 8, 3, 0, 0
3886, 9, 20, 14, 6, 5, 4
5420, 5, 24, 15, 9, 4, 1
7118, 2, 9, 6, 3, 2, 0
7497, 7, 33, 21, 12, 7, 0
8932, 3, 14, 12, 2, 2, 1
9200, 36, 44, 36, 8, 35, 1
9658, 0, 7, 2, 5, 0, 0
10551, 4, 36, 27, 9, 2, 2
12102, 0, 5, 1, 4, 0, 0
12356, 1, 2, 1, 1, 1, 0
12849, 1, 11, 7, 4, 1, 0
13042, 3, 10, 7, 3, 3, 0
13820, 0, 2, 1, 1, 0, 0
14460, 0, 8, 7, 1, 0, 0
14702, 70, 13, 11, 2, 60, 10
15458, 0, 2, 0, 2, 0, 0
15759, 17, 8, 8, 0, 14, 3
17344, 8, 7, 7, 0, 8, 0
18116, 40, 34, 19, 15, 40, 0
20318, 8, 7, 6, 1, 3, 5
21073, 6, 6, 3, 3, 5, 1
22083, 36, 10, 5, 5, 11, 25
23174, 0, 5, 4, 1, 0, 0
23809, 1, 16, 2, 14, 1, 0
24706, 2, 16, 9, 7, 1, 1
25593, 7, 7, 4, 3, 3, 4
26247, 0, 2, 1, 1, 0, 0
26722, 1, 13, 11, 2, 1, 0
28018, 7, 9, 6, 3, 7, 0
28173, 0, 4, 1, 3, 0, 0
28474, 8, 11, 5, 6, 6, 2
28848, 1, 2, 1, 1, 1, 0
29547, 11, 3, 1, 2, 9, 2
30378, 10, 16, 6, 10, 9, 1
30650, 3, 6, 3, 3, 1, 2
31053, 1, 8, 7, 1, 0, 1
36572, 56, 6, 5, 1, 54, 2
37901, 0, 3, 3, 0, 0, 0
40821, 2, 1, 1, 0, 2, 0
40822, 0, 5, 5, 0, 0, 0
40823, 0, 2, 2, 0, 0, 0
40824, 0, 1, 1, 0, 0, 0
40825, 0, 4, 4, 0, 0, 0
40826, 0, 1, 1, 0, 0, 0
40827, 0, 1, 1, 0, 0, 0
40828, 0, 1, 1, 0, 0, 0
40829, 0, 1, 1, 0, 0, 0
40830, 2, 1, 1, 0, 2, 0
40831, 0, 5, 3, 2, 0, 0
40832, 0, 1, 0, 1, 0, 0
40833, 0, 6, 2, 4, 0, 0
40834, 0, 1, 0, 1, 0, 0
40835, 0, 1, 0, 1, 0, 0
40836, 2, 3, 1, 2, 0, 2
40837, 0, 2, 0, 2, 0, 0
40838, 0, 5, 2, 3, 0, 0
40839, 28, 2, 1, 1, 21, 7
40840, 0, 1, 0, 1, 0, 0
40841, 0, 2, 1, 1, 0, 0
40842, 0, 1, 0, 1, 0, 0
40843, 0, 1, 0, 1, 0, 0
40844, 0, 1, 0, 1, 0, 0
40845, 0, 2, 1, 1, 0, 0
40846, 2, 3, 1, 2, 2, 0
1916, 2, 2, 2, 0, 2, 0
7925, 4, 9, 7, 2, 4, 0
10079, 34, 20, 5, 15, 27, 7
11656, 17, 33, 30, 3, 15, 2
12725, 0, 11, 9, 2, 0, 0
17145, 21, 10, 6, 4, 18, 3
17735, 0, 2, 0, 2, 0, 0
32446, 0, 3, 0, 3, 0, 0
34860, 9, 4, 3, 1, 9, 0
35734, 6, 3, 3, 0, 6, 0
35735, 0, 3, 3, 0, 0, 0
35736, 1, 3, 3, 0, 1, 0
35737, 5, 4, 2, 2, 5, 0
35738, 4, 5, 2, 3, 4, 0
35739, 0, 4, 1, 3, 0, 0
35740, 0, 2, 0, 2, 0, 0
35741, 0, 2, 0, 2, 0, 0
35742, 0, 3, 1, 2, 0, 0
31295, 0, 6, 2, 4, 0, 0
6243, 1, 9, 8, 1, 1, 0
11584, 0, 2, 2, 0, 0, 0
14623, 4, 12, 11, 1, 3, 1
16709, 1, 27, 26, 1, 1, 0
23595, 0, 6, 3, 3, 0, 0
23706, 0, 18, 18, 0, 0, 0
25082, 6, 6, 6, 0, 5, 1
33237, 3, 1, 1, 0, 3, 0
36606, 0, 5, 5, 0, 0, 0
40847, 0, 1, 1, 0, 0, 0
40848, 0, 3, 3, 0, 0, 0
40849, 0, 2, 2, 0, 0, 0
40850, 0, 3, 3, 0, 0, 0
40851, 0, 2, 2, 0, 0, 0
40852, 0, 3, 3, 0, 0, 0
40853, 1, 3, 3, 0, 1, 0
40854, 0, 1, 1, 0, 0, 0
40855, 0, 1, 1, 0, 0, 0
40856, 0, 2, 2, 0, 0, 0
40857, 6, 3, 2, 1, 6, 0
40858, 0, 4, 4, 0, 0, 0
40859, 4, 2, 1, 1, 4, 0
40860, 0, 1, 1, 0, 0, 0
40861, 17, 10, 5, 5, 15, 2
40862, 0, 1, 1, 0, 0, 0
40863, 1, 2, 2, 0, 1, 0
40864, 0, 2, 0, 2, 0, 0
5584, 0, 10, 1, 9, 0, 0
6471, 0, 11, 9, 2, 0, 0
9293, 10, 31, 17, 14, 7, 3
11511, 44, 22, 12, 10, 25, 19
17630, 7, 10, 8, 2, 6, 1
27746, 0, 6, 1, 5, 0, 0
28039, 19, 5, 3, 2, 12, 7
30680, 16, 9, 6, 3, 12, 4
36029, 13, 6, 5, 1, 11, 2
38647, 0, 7, 4, 3, 0, 0
40865, 7, 2, 2, 0, 7, 0
40866, 0, 3, 1, 2, 0, 0
40867, 1, 2, 1, 1, 1, 0
40868, 0, 1, 0, 1, 0, 0
40869, 3, 2, 1, 1, 3, 0
40870, 1, 3, 1, 2, 1, 0
40871, 0, 2, 1, 1, 0, 0
40872, 28, 2, 1, 1, 8, 20
40873, 3, 1, 0, 1, 3, 0
40874, 0, 1, 0, 1, 0, 0
3089, 6, 5, 3, 2, 1, 5
6437, 0, 26, 26, 0, 0, 0
9195, 22, 18, 16, 2, 19, 3
14356, 0, 17, 17, 0, 0, 0
18272, 0, 5, 2, 3, 0, 0
23390, 0, 3, 3, 0, 0, 0
26477, 0, 14, 7, 7, 0, 0
28013, 0, 15, 14, 1, 0, 0
29783, 92, 11, 9, 2, 79, 13
35992, 0, 2, 1, 1, 0, 0
35993, 0, 1, 1, 0, 0, 0
35994, 0, 3, 0, 3, 0, 0
12868, 4, 9, 8, 1, 4, 0
23834, 3, 2, 2, 0, 3, 0
4716, 13, 11, 9, 2, 12, 1
25993, 7, 7, 5, 2, 7, 0
25358, 3, 2, 2, 0, 3, 0
28858, 10, 5, 4, 1, 8, 2
40875, 0, 1, 1, 0, 0, 0
40876, 0, 1, 1, 0, 0, 0
40877, 1, 1, 1, 0, 1, 0
40878, 4, 9, 5, 4, 4, 0
1676, 2, 17, 11, 6, 2, 0
3727, 0, 17, 17, 0, 0, 0
4060, 0, 7, 6, 1, 0, 0
6132, 0, 12, 6, 6, 0, 0
6224, 14, 5, 5, 0, 11, 3
6965, 13, 10, 6, 4, 10, 3
7490, 11, 7, 7, 0, 11, 0
8237, 3, 5, 4, 1, 2, 1
12948, 0, 21, 17, 4, 0, 0
13399, 0, 16, 13, 3, 0, 0
14319, 25, 13, 12, 1, 24, 1
14516, 8, 4, 2, 2, 8, 0
15617, 11, 12, 9, 3, 5, 6
16138, 1, 6, 6, 0, 0, 1
16957, 1, 7, 5, 2, 0, 1
16966, 0, 6, 6, 0, 0, 0
18264, 0, 9, 9, 0, 0, 0
19336, 0, 7, 6, 1, 0, 0
19796, 8, 21, 20, 1, 8, 0
21398, 18, 9, 6, 3, 11, 7
21637, 44, 9, 8, 1, 40, 4
21638, 0, 2, 2, 0, 0, 0
21639, 1, 2, 2, 0, 1, 0
21640, 0, 1, 1, 0, 0, 0
21641, 0, 3, 3, 0, 0, 0
21642, 0, 7, 6, 1, 0, 0
21643, 30, 4, 4, 0, 30, 0
21644, 0, 1, 1, 0, 0, 0
21646, 4, 4, 3, 1, 3, 1
21647, 0, 2, 2, 0, 0, 0
21648, 4, 7, 7, 0, 4, 0
21649, 0, 1, 1, 0, 0, 0
21650, 3, 12, 10, 2, 3, 0
21654, 13, 3, 3, 0, 13, 0
21656, 0, 1, 1, 0, 0, 0
21657, 0, 2, 1, 1, 0, 0
21658, 11, 5, 4, 1, 7, 4
21660, 0, 4, 3, 1, 0, 0
21661, 0, 1, 0, 1, 0, 0
21663, 0, 10, 1, 9, 0, 0
21664, 0, 6, 1, 5, 0, 0
21665, 4, 4, 1, 3, 1, 3
21667, 0, 3, 1, 2, 0, 0
21668, 1, 7, 3, 4, 1, 0
21669, 14, 11, 2, 9, 1, 13
21670, 0, 1, 0, 1, 0, 0
21672, 1, 5, 0, 5, 1, 0
21673, 0, 10, 2, 8, 0, 0
21674, 0, 1, 0, 1, 0, 0
21675, 0, 1, 0, 1, 0, 0
21676, 0, 7, 2, 5, 0, 0
28519, 29, 4, 3, 1, 28, 1
9151, 2, 10, 7, 3, 0, 2
13769, 14, 4, 4, 0, 14, 0
14659, 5, 8, 6, 2, 5, 0
14662, 2, 4, 4, 0, 2, 0
14665, 0, 6, 6, 0, 0, 0
14666, 44, 14, 14, 0, 43, 1
14669, 14, 6, 5, 1, 12, 2
19127, 5, 3, 3, 0, 5, 0
27547, 0, 4, 4, 0, 0, 0
39672, 6, 4, 3, 1, 6, 0
40879, 0, 1, 1, 0, 0, 0
40880, 1, 1, 1, 0, 1, 0
40881, 0, 1, 1, 0, 0, 0
40882, 0, 1, 1, 0, 0, 0
40883, 0, 1, 1, 0, 0, 0
40884, 0, 1, 1, 0, 0, 0
40885, 0, 1, 1, 0, 0, 0
40886, 1, 1, 1, 0, 1, 0
40887, 0, 1, 1, 0, 0, 0
40888, 0, 1, 1, 0, 0, 0
40889, 0, 1, 1, 0, 0, 0
40890, 0, 1, 1, 0, 0, 0
40891, 0, 1, 1, 0, 0, 0
40892, 0, 1, 1, 0, 0, 0
40893, 0, 1, 1, 0, 0, 0
40894, 0, 1, 1, 0, 0, 0
40895, 0, 1, 1, 0, 0, 0
40896, 3, 2, 2, 0, 3, 0
40897, 1, 3, 2, 1, 1, 0
40898, 0, 1, 1, 0, 0, 0
40899, 2, 2, 2, 0, 2, 0
40900, 0, 1, 1, 0, 0, 0
40901, 0, 1, 1, 0, 0, 0
40902, 2, 1, 1, 0, 2, 0
40903, 1, 1, 1, 0, 1, 0
40904, 0, 1, 1, 0, 0, 0
40905, 2, 1, 1, 0, 2, 0
3809, 12, 5, 5, 0, 11, 1
3876, 0, 16, 11, 5, 0, 0
6585, 2, 17, 14, 3, 2, 0
8347, 0, 10, 9, 1, 0, 0
10615, 0, 12, 12, 0, 0, 0
17794, 5, 21, 20, 1, 5, 0
21096, 0, 17, 9, 8, 0, 0
22343, 0, 3, 3, 0, 0, 0
39610, 2, 3, 3, 0, 2, 0
40906, 2, 1, 1, 0, 2, 0
40907, 0, 1, 1, 0, 0, 0
40908, 5, 4, 4, 0, 5, 0
40909, 0, 4, 2, 2, 0, 0
40910, 2, 4, 3, 1, 2, 0
15047, 0, 4, 4, 0, 0, 0
30989, 5, 4, 4, 0, 5, 0
35625, 2, 5, 5, 0, 1, 1
35806, 19, 12, 7, 5, 12, 7
40911, 1, 3, 3, 0, 1, 0
40912, 9, 5, 4, 1, 4, 5
1963, 9, 28, 25, 3, 9, 0
2304, 15, 5, 4, 1, 14, 1
3249, 8, 10, 6, 4, 7, 1
3540, 2, 12, 9, 3, 2, 0
4116, 0, 30, 29, 1, 0, 0
5770, 39, 14, 11, 3, 36, 3
6280, 1, 18, 8, 10, 1, 0
6694, 0, 5, 2, 3, 0, 0
7417, 0, 25, 16, 9, 0, 0
7816, 2, 54, 8, 46, 2, 0
7820, 0, 7, 2, 5, 0, 0
8012, 12, 19, 18, 1, 11, 1
8215, 0, 16, 11, 5, 0, 0
10249, 0, 9, 9, 0, 0, 0
15293, 0, 11, 3, 8, 0, 0
15958, 19, 6, 5, 1, 19, 0
17459, 3, 14, 3, 11, 3, 0
18206, 1, 5, 5, 0, 1, 0
21737, 17, 3, 3, 0, 15, 2
23740, 1, 11, 8, 3, 1, 0
23923, 0, 3, 3, 0, 0, 0
24136, 0, 3, 2, 1, 0, 0
28498, 0, 1, 1, 0, 0, 0
28500, 0, 2, 2, 0, 0, 0
28501, 0, 4, 3, 1, 0, 0
28503, 2, 2, 2, 0, 2, 0
28504, 3, 4, 4, 0, 3, 0
28505, 5, 5, 5, 0, 5, 0
28506, 0, 1, 1, 0, 0, 0
28507, 0, 1, 1, 0, 0, 0
28508, 4, 2, 1, 1, 4, 0
28509, 0, 2, 2, 0, 0, 0
28510, 0, 2, 2, 0, 0, 0
28511, 0, 2, 2, 0, 0, 0
28512, 0, 1, 1, 0, 0, 0
28513, 1, 1, 1, 0, 1, 0
28514, 1, 3, 3, 0, 1, 0
28515, 7, 4, 4, 0, 5, 2
28516, 0, 4, 4, 0, 0, 0
28517, 0, 1, 0, 1, 0, 0
28520, 0, 1, 0, 1, 0, 0
28521, 0, 6, 5, 1, 0, 0
28522, 1, 5, 1, 4, 1, 0
28523, 4, 7, 6, 1, 4, 0
28524, 0, 1, 0, 1, 0, 0
28525, 2, 3, 2, 1, 2, 0
28526, 2, 3, 1, 2, 1, 1
28527, 0, 1, 0, 1, 0, 0
28528, 0, 4, 3, 1, 0, 0
10126, 0, 11, 10, 1, 0, 0
38893, 5, 9, 7, 2, 5, 0
3732, 30, 20, 17, 3, 12, 18
15544, 21, 18, 5, 13, 21, 0
20320, 1, 6, 0, 6, 0, 1
24495, 1, 5, 1, 4, 1, 0
25390, 1, 6, 4, 2, 0, 1
30092, 10, 10, 7, 3, 10, 0
40913, 0, 2, 2, 0, 0, 0
40914, 2, 6, 1, 5, 2, 0
40915, 0, 4, 0, 4, 0, 0
40916, 0, 1, 0, 1, 0, 0
40917, 0, 1, 0, 1, 0, 0
40918, 0, 1, 0, 1, 0, 0
40919, 22, 4, 0, 4, 0, 22
3331, 22, 12, 9, 3, 17, 5
40920, 0, 1, 1, 0, 0, 0
40921, 2, 1, 1, 0, 2, 0
40922, 0, 4, 3, 1, 0, 0
1672, 19, 35, 10, 25, 11, 8
10175, 0, 7, 5, 2, 0, 0
11764, 9, 24, 15, 9, 9, 0
18054, 0, 8, 6, 2, 0, 0
28374, 14, 10, 6, 4, 12, 2
29775, 201, 8, 4, 4, 1, 200
33356, 0, 2, 1, 1, 0, 0
34339, 6, 4, 3, 1, 4, 2
38903, 2, 1, 1, 0, 1, 1
38904, 151, 11, 5, 6, 22, 129
38905, 0, 4, 2, 2, 0, 0
38907, 0, 9, 9, 0, 0, 0
38908, 2, 3, 3, 0, 1, 1
38909, 5, 2, 2, 0, 5, 0
38910, 0, 1, 1, 0, 0, 0
38911, 0, 1, 0, 1, 0, 0
38912, 15, 10, 7, 3, 12, 3
38913, 4, 5, 4, 1, 4, 0
38914, 0, 1, 0, 1, 0, 0
2010, 94, 36, 18, 18, 39, 55
4659, 0, 4, 3, 1, 0, 0
6560, 30, 16, 16, 0, 30, 0
7522, 8, 8, 7, 1, 8, 0
8638, 32, 8, 7, 1, 13, 19
9037, 202, 11, 9, 2, 22, 180
9860, 1, 7, 6, 1, 1, 0
14824, 0, 9, 7, 2, 0, 0
17114, 16, 9, 8, 1, 14, 2
19729, 0, 11, 5, 6, 0, 0
21800, 22, 19, 14, 5, 15, 7
29167, 3, 15, 11, 4, 3, 0
33285, 5, 10, 10, 0, 5, 0
34709, 3, 5, 4, 1, 2, 1
36684, 0, 6, 5, 1, 0, 0
37333, 0, 2, 2, 0, 0, 0
40923, 5, 1, 1, 0, 3, 2
40924, 0, 3, 3, 0, 0, 0
40925, 0, 1, 1, 0, 0, 0
40926, 0, 7, 4, 3, 0, 0
40927, 2, 6, 4, 2, 2, 0
40928, 6, 6, 4, 2, 4, 2
40929, 0, 1, 1, 0, 0, 0
40930, 1, 2, 2, 0, 1, 0
40931, 20, 1, 1, 0, 11, 9
40932, 0, 5, 4, 1, 0, 0
40933, 45, 19, 9, 10, 21, 24
40934, 3, 2, 2, 0, 3, 0
40935, 0, 1, 1, 0, 0, 0
40936, 0, 1, 1, 0, 0, 0
40937, 0, 4, 4, 0, 0, 0
40938, 12, 1, 1, 0, 12, 0
40939, 1, 1, 1, 0, 1, 0
4267, 4, 10, 10, 0, 4, 0
8627, 16, 21, 12, 9, 13, 3
18917, 0, 6, 6, 0, 0, 0
40940, 0, 3, 2, 1, 0, 0
40941, 4, 3, 3, 0, 3, 1
20648, 0, 2, 2, 0, 0, 0
20649, 1, 1, 1, 0, 1, 0
20650, 0, 1, 1, 0, 0, 0
3346, 4, 36, 28, 8, 2, 2
5135, 0, 41, 28, 13, 0, 0
5805, 1, 49, 40, 9, 1, 0
7450, 0, 7, 7, 0, 0, 0
8479, 0, 9, 6, 3, 0, 0
8556, 1, 45, 28, 17, 0, 1
9710, 0, 7, 5, 2, 0, 0
10255, 0, 44, 32, 12, 0, 0
11141, 0, 3, 3, 0, 0, 0
13960, 0, 18, 17, 1, 0, 0
14872, 13, 17, 9, 8, 10, 3
14970, 0, 2, 2, 0, 0, 0
16908, 0, 7, 4, 3, 0, 0
16947, 0, 19, 13, 6, 0, 0
18418, 0, 4, 4, 0, 0, 0
18550, 42, 14, 12, 2, 35, 7
19706, 0, 5, 5, 0, 0, 0
20304, 0, 4, 4, 0, 0, 0
21431, 30, 9, 9, 0, 30, 0
22133, 11, 6, 3, 3, 9, 2
22811, 7, 8, 7, 1, 7, 0
22974, 41, 11, 8, 3, 30, 11
24351, 2, 6, 3, 3, 2, 0
25465, 0, 9, 2, 7, 0, 0
26211, 0, 3, 3, 0, 0, 0
27611, 1, 6, 6, 0, 0, 1
29174, 0, 9, 7, 2, 0, 0
34243, 4, 6, 6, 0, 4, 0
34822, 30, 9, 4, 5, 20, 10
35339, 0, 3, 3, 0, 0, 0
35708, 11, 7, 5, 2, 10, 1
39142, 0, 8, 8, 0, 0, 0
39579, 23, 6, 6, 0, 22, 1
40942, 0, 1, 1, 0, 0, 0
40943, 23, 1, 1, 0, 22, 1
40944, 0, 1, 1, 0, 0, 0
40945, 0, 1, 1, 0, 0, 0
40946, 3, 1, 1, 0, 3, 0
40947, 0, 1, 1, 0, 0, 0
40948, 0, 1, 1, 0, 0, 0
40949, 0, 2, 2, 0, 0, 0
40950, 0, 1, 1, 0, 0, 0
40951, 0, 1, 1, 0, 0, 0
40952, 0, 1, 1, 0, 0, 0
40953, 0, 1, 1, 0, 0, 0
40954, 0, 1, 1, 0, 0, 0
40955, 0, 1, 1, 0, 0, 0
40956, 0, 1, 1, 0, 0, 0
40957, 0, 1, 1, 0, 0, 0
40958, 0, 7, 7, 0, 0, 0
4612, 0, 21, 17, 4, 0, 0
4726, 1, 21, 18, 3, 1, 0
16449, 18, 7, 7, 0, 11, 7
29427, 1, 10, 8, 2, 1, 0
29444, 0, 8, 8, 0, 0, 0
29790, 0, 4, 3, 1, 0, 0
34117, 0, 5, 5, 0, 0, 0
40959, 3, 1, 1, 0, 3, 0
40960, 13, 1, 1, 0, 13, 0
40961, 0, 2, 2, 0, 0, 0
40962, 1, 4, 4, 0, 1, 0
3494, 0, 10, 8, 2, 0, 0
5913, 0, 14, 13, 1, 0, 0
15502, 1, 13, 13, 0, 1, 0
19772, 8, 7, 7, 0, 8, 0
32416, 7, 15, 13, 2, 7, 0
40963, 1, 3, 2, 1, 0, 1
5366, 13, 32, 5, 27, 12, 1
21365, 0, 15, 8, 7, 0, 0
24908, 1, 12, 9, 3, 1, 0
30552, 0, 11, 11, 0, 0, 0
40964, 0, 3, 3, 0, 0, 0
2923, 22, 49, 21, 28, 18, 4
3576, 21, 7, 5, 2, 18, 3
5873, 3, 12, 7, 5, 3, 0
10905, 1, 13, 5, 8, 0, 1
14466, 17, 14, 11, 3, 14, 3
19863, 0, 21, 21, 0, 0, 0
22851, 0, 11, 5, 6, 0, 0
24198, 0, 3, 0, 3, 0, 0
25319, 10, 4, 1, 3, 9, 1
30020, 0, 9, 3, 6, 0, 0
33231, 0, 6, 2, 4, 0, 0
40965, 0, 1, 0, 1, 0, 0
40966, 6, 1, 0, 1, 6, 0
40967, 0, 1, 0, 1, 0, 0
40968, 0, 6, 3, 3, 0, 0
40969, 0, 6, 1, 5, 0, 0
22508, 2, 3, 3, 0, 2, 0
1901, 3, 5, 5, 0, 2, 1
40970, 0, 1, 1, 0, 0, 0
6859, 29, 9, 9, 0, 27, 2
8036, 4, 6, 4, 2, 4, 0
13400, 1, 13, 11, 2, 0, 1
21200, 0, 9, 9, 0, 0, 0
24850, 0, 7, 5, 2, 0, 0
33008, 71, 6, 6, 0, 37, 34
40971, 0, 1, 1, 0, 0, 0
40972, 5, 6, 5, 1, 5, 0
40973, 0, 2, 1, 1, 0, 0
19916, 6, 26, 3, 23, 5, 1
32492, 1, 7, 3, 4, 0, 1
40978, 2, 1, 1, 0, 2, 0
40979, 3, 8, 7, 1, 3, 0
40980, 4, 1, 1, 0, 1, 3
40981, 0, 5, 2, 3, 0, 0
40982, 1, 2, 2, 0, 1, 0
40983, 1, 1, 1, 0, 1, 0
4527, 8, 6, 5, 1, 8, 0
19800, 0, 4, 4, 0, 0, 0
25361, 0, 8, 8, 0, 0, 0
35846, 0, 7, 7, 0, 0, 0
5665, 0, 8, 4, 4, 0, 0
9616, 3, 9, 9, 0, 3, 0
9933, 13, 5, 4, 1, 12, 1
12013, 0, 5, 1, 4, 0, 0
16262, 25, 1, 1, 0, 14, 11
16667, 3, 7, 6, 1, 3, 0
28530, 1, 3, 3, 0, 1, 0
30876, 1, 3, 2, 1, 0, 1
31089, 0, 13, 7, 6, 0, 0
32491, 0, 3, 1, 2, 0, 0
33814, 2, 1, 1, 0, 2, 0
33815, 0, 1, 1, 0, 0, 0
33816, 0, 4, 4, 0, 0, 0
3198, 0, 3, 3, 0, 0, 0
13477, 0, 2, 2, 0, 0, 0
3484, 0, 35, 9, 26, 0, 0
17279, 0, 7, 7, 0, 0, 0
17280, 0, 1, 0, 1, 0, 0
5486, 10, 18, 16, 2, 10, 0
6797, 0, 8, 4, 4, 0, 0
6805, 11, 17, 14, 3, 11, 0
6807, 5, 9, 7, 2, 5, 0
6817, 10, 11, 8, 3, 9, 1
7677, 18, 32, 28, 4, 16, 2
7729, 0, 3, 2, 1, 0, 0
12529, 17, 10, 8, 2, 16, 1
12555, 2, 7, 4, 3, 0, 2
12575, 19, 37, 22, 15, 18, 1
12630, 0, 4, 3, 1, 0, 0
12641, 41, 17, 13, 4, 26, 15
13272, 2, 11, 7, 4, 2, 0
14390, 0, 7, 4, 3, 0, 0
16787, 3, 5, 5, 0, 3, 0
17048, 1, 5, 4, 1, 1, 0
17650, 0, 9, 7, 2, 0, 0
18146, 10, 4, 2, 2, 0, 10
22517, 1, 6, 1, 5, 0, 1
29925, 5, 9, 2, 7, 4, 1
34842, 1, 5, 4, 1, 1, 0
37124, 1, 2, 2, 0, 0, 1
38879, 4, 4, 4, 0, 1, 3
39525, 1, 6, 2, 4, 1, 0
39526, 3, 2, 2, 0, 3, 0
39527, 3, 1, 1, 0, 1, 2
39528, 0, 1, 1, 0, 0, 0
39529, 0, 1, 1, 0, 0, 0
39531, 0, 1, 1, 0, 0, 0
39532, 0, 1, 1, 0, 0, 0
39533, 1, 3, 2, 1, 0, 1
39534, 0, 5, 3, 2, 0, 0
39535, 1, 2, 2, 0, 1, 0
39536, 3, 1, 1, 0, 2, 1
39537, 1, 3, 3, 0, 1, 0
39538, 0, 4, 2, 2, 0, 0
39539, 10, 5, 3, 2, 8, 2
39540, 1, 1, 1, 0, 1, 0
39541, 7, 5, 4, 1, 4, 3
39542, 16, 3, 2, 1, 12, 4
39543, 6, 3, 3, 0, 5, 1
39544, 0, 9, 4, 5, 0, 0
39545, 4, 1, 1, 0, 4, 0
39546, 1, 8, 7, 1, 1, 0
40984, 4, 1, 1, 0, 3, 1
15803, 18, 11, 10, 1, 15, 3
40985, 9, 6, 6, 0, 9, 0
40986, 7, 12, 11, 1, 7, 0
40987, 2, 1, 0, 1, 2, 0
1682, 77, 35, 32, 3, 1, 76
35567, 0, 5, 5, 0, 0, 0
35568, 0, 2, 2, 0, 0, 0
18038, 2, 1, 1, 0, 2, 0
40988, 0, 1, 1, 0, 0, 0
4266, 0, 4, 4, 0, 0, 0
10054, 8, 14, 12, 2, 8, 0
18301, 0, 2, 1, 1, 0, 0
40989, 0, 1, 1, 0, 0, 0
13250, 2, 16, 6, 10, 2, 0
41030, 0, 2, 2, 0, 0, 0
3074, 29, 3, 3, 0, 26, 3
11877, 39, 35, 16, 19, 22, 17
12340, 16, 8, 7, 1, 14, 2
14393, 2, 15, 12, 3, 2, 0
14499, 2, 14, 11, 3, 2, 0
22649, 20, 8, 4, 4, 20, 0
27776, 30, 7, 7, 0, 30, 0
41031, 7, 3, 3, 0, 5, 2
41032, 5, 2, 2, 0, 4, 1
41033, 3, 2, 1, 1, 2, 1
41034, 0, 6, 6, 0, 0, 0
41035, 0, 7, 7, 0, 0, 0
13691, 1, 4, 3, 1, 0, 1
41036, 8, 3, 3, 0, 6, 2
41037, 1, 1, 1, 0, 1, 0
5063, 107, 12, 10, 2, 76, 31
8249, 32, 15, 9, 6, 23, 9
9494, 11, 6, 5, 1, 10, 1
11142, 7, 17, 14, 3, 7, 0
13440, 54, 4, 4, 0, 51, 3
15738, 0, 13, 7, 6, 0, 0
16100, 1, 3, 3, 0, 0, 1
17116, 24, 28, 27, 1, 24, 0
18381, 8, 10, 9, 1, 6, 2
19271, 0, 10, 10, 0, 0, 0
19788, 0, 8, 8, 0, 0, 0
23119, 0, 15, 13, 2, 0, 0
24561, 11, 1, 1, 0, 11, 0
30903, 0, 2, 1, 1, 0, 0
34843, 30, 17, 14, 3, 30, 0
35310, 5, 7, 5, 2, 5, 0
35966, 31, 6, 6, 0, 28, 3
36618, 0, 4, 4, 0, 0, 0
38795, 0, 3, 3, 0, 0, 0
41038, 0, 1, 1, 0, 0, 0
41039, 12, 2, 1, 1, 11, 1
41040, 9, 3, 2, 1, 8, 1
41041, 29, 4, 4, 0, 19, 10
41042, 0, 1, 1, 0, 0, 0
41043, 0, 1, 1, 0, 0, 0
41044, 0, 2, 2, 0, 0, 0
41045, 29, 12, 11, 1, 28, 1
41046, 0, 3, 3, 0, 0, 0
41047, 0, 1, 1, 0, 0, 0
41048, 11, 2, 2, 0, 10, 1
41049, 0, 3, 3, 0, 0, 0
3469, 43, 29, 17, 12, 17, 26
3470, 3, 6, 2, 4, 3, 0
3689, 0, 63, 28, 35, 0, 0
4111, 3, 8, 6, 2, 2, 1
5590, 2, 9, 7, 2, 2, 0
6102, 3, 8, 8, 0, 3, 0
7534, 1, 22, 13, 9, 1, 0
8665, 4, 8, 4, 4, 0, 4
10535, 0, 4, 2, 2, 0, 0
10643, 1, 29, 18, 11, 1, 0
12378, 0, 13, 7, 6, 0, 0
12554, 11, 17, 10, 7, 11, 0
13796, 0, 12, 7, 5, 0, 0
15417, 0, 4, 4, 0, 0, 0
16221, 106, 4, 4, 0, 103, 3
16377, 8, 11, 8, 3, 6, 2
16643, 3, 9, 6, 3, 3, 0
18995, 0, 10, 8, 2, 0, 0
19485, 1, 6, 5, 1, 1, 0
19533, 0, 3, 0, 3, 0, 0
19705, 3, 13, 12, 1, 3, 0
21139, 0, 12, 7, 5, 0, 0
24927, 0, 3, 0, 3, 0, 0
26076, 24, 24, 23, 1, 22, 2
26273, 2, 3, 3, 0, 2, 0
26295, 2, 2, 2, 0, 2, 0
27236, 0, 8, 6, 2, 0, 0
27792, 16, 11, 11, 0, 16, 0
29628, 0, 9, 1, 8, 0, 0
33431, 1, 19, 19, 0, 1, 0
35448, 0, 2, 1, 1, 0, 0
35638, 0, 2, 2, 0, 0, 0
37858, 28, 5, 3, 2, 24, 4
38319, 1, 13, 11, 2, 1, 0
38520, 1, 2, 2, 0, 1, 0
38875, 6, 5, 3, 2, 6, 0
39574, 3, 4, 1, 3, 3, 0
40372, 2, 3, 0, 3, 0, 2
41204, 0, 1, 1, 0, 0, 0
41205, 0, 1, 1, 0, 0, 0
41206, 0, 1, 1, 0, 0, 0
41207, 0, 1, 1, 0, 0, 0
41208, 0, 1, 1, 0, 0, 0
41209, 0, 1, 1, 0, 0, 0
41210, 0, 1, 1, 0, 0, 0
41211, 0, 19, 18, 1, 0, 0
41212, 0, 1, 1, 0, 0, 0
41213, 2, 1, 0, 1, 1, 1
41214, 3, 5, 4, 1, 3, 0
41215, 0, 3, 1, 2, 0, 0
41216, 8, 6, 4, 2, 8, 0
41217, 0, 1, 0, 1, 0, 0
41218, 1, 2, 1, 1, 1, 0
41219, 1, 1, 0, 1, 0, 1
41220, 0, 1, 0, 1, 0, 0
41221, 0, 1, 0, 1, 0, 0
41222, 0, 1, 0, 1, 0, 0
41223, 0, 1, 0, 1, 0, 0
41224, 0, 1, 0, 1, 0, 0
41225, 1, 4, 1, 3, 1, 0
41226, 0, 1, 0, 1, 0, 0
41227, 0, 1, 0, 1, 0, 0
41228, 1, 1, 0, 1, 0, 1
41229, 0, 4, 0, 4, 0, 0
41230, 0, 1, 0, 1, 0, 0
11570, 45, 18, 11, 7, 35, 10
13255, 179, 10, 0, 10, 3, 176
13787, 0, 6, 4, 2, 0, 0
14932, 0, 15, 13, 2, 0, 0
19177, 26, 7, 5, 2, 15, 11
19408, 6, 8, 7, 1, 6, 0
19733, 5, 8, 1, 7, 2, 3
20547, 19, 13, 11, 2, 12, 7
26696, 0, 1, 1, 0, 0, 0
26697, 0, 2, 2, 0, 0, 0
26698, 7, 12, 7, 5, 5, 2
26699, 7, 7, 6, 1, 6, 1
26702, 1, 1, 0, 1, 0, 1
26703, 3, 2, 1, 1, 1, 2
26704, 0, 1, 0, 1, 0, 0
26705, 4, 5, 3, 2, 2, 2
3399, 12, 19, 11, 8, 3, 9
6450, 0, 6, 6, 0, 0, 0
9703, 61, 8, 8, 0, 58, 3
11957, 2, 11, 8, 3, 2, 0
13891, 2, 25, 19, 6, 2, 0
14680, 0, 3, 2, 1, 0, 0
14681, 2, 1, 1, 0, 2, 0
14683, 19, 5, 5, 0, 10, 9
14684, 5, 4, 2, 2, 5, 0
14687, 40, 3, 3, 0, 40, 0
14689, 7, 11, 11, 0, 7, 0
14690, 1, 2, 1, 1, 1, 0
14692, 0, 3, 3, 0, 0, 0
14693, 11, 9, 6, 3, 11, 0
14697, 0, 3, 3, 0, 0, 0
14698, 8, 4, 4, 0, 7, 1
14699, 0, 1, 1, 0, 0, 0
14700, 2, 2, 2, 0, 2, 0
14701, 11, 4, 4, 0, 11, 0
14704, 16, 6, 6, 0, 16, 0
14705, 2, 1, 1, 0, 2, 0
14707, 41, 7, 7, 0, 13, 28
14708, 3, 14, 13, 1, 0, 3
14709, 7, 5, 4, 1, 5, 2
14712, 0, 1, 0, 1, 0, 0
14713, 0, 10, 6, 4, 0, 0
14718, 10, 12, 7, 5, 9, 1
14719, 0, 2, 1, 1, 0, 0
14721, 33, 14, 11, 3, 26, 7
24996, 9, 10, 8, 2, 9, 0
3402, 14, 5, 1, 4, 5, 9
24989, 2, 2, 2, 0, 2, 0
24990, 1, 1, 1, 0, 1, 0
6940, 10, 42, 33, 9, 0, 10
16165, 5, 9, 3, 6, 1, 4
21776, 1, 18, 11, 7, 1, 0
24009, 0, 8, 8, 0, 0, 0
35231, 2, 1, 0, 1, 2, 0
35232, 0, 3, 2, 1, 0, 0
11551, 2, 8, 1, 7, 2, 0
12323, 43, 39, 33, 6, 29, 14
13693, 45, 17, 8, 9, 33, 12
15491, 10, 16, 16, 0, 10, 0
18070, 1, 4, 2, 2, 1, 0
18286, 0, 5, 1, 4, 0, 0
19621, 4, 22, 19, 3, 4, 0
26122, 1, 3, 3, 0, 1, 0
34119, 0, 2, 2, 0, 0, 0
35073, 0, 11, 7, 4, 0, 0
36594, 0, 2, 2, 0, 0, 0
38576, 0, 10, 8, 2, 0, 0
41231, 1, 3, 3, 0, 1, 0
41232, 0, 4, 4, 0, 0, 0
41233, 0, 3, 3, 0, 0, 0
41234, 0, 3, 0, 3, 0, 0
41235, 0, 2, 0, 2, 0, 0
35767, 0, 10, 9, 1, 0, 0
2760, 23, 47, 30, 17, 17, 6
20362, 0, 53, 53, 0, 0, 0
24691, 7, 7, 3, 4, 7, 0
37683, 0, 37, 37, 0, 0, 0
41236, 0, 1, 1, 0, 0, 0
41237, 1, 6, 5, 1, 0, 1
3452, 0, 30, 17, 13, 0, 0
5284, 0, 28, 22, 6, 0, 0
16437, 8, 9, 7, 2, 7, 1
21994, 0, 1, 1, 0, 0, 0
21995, 0, 2, 1, 1, 0, 0
21996, 1, 1, 1, 0, 1, 0
21997, 0, 4, 3, 1, 0, 0
21998, 198, 20, 12, 8, 75, 123
22000, 1, 7, 4, 3, 1, 0
22001, 22, 1, 1, 0, 13, 9
22002, 157, 7, 2, 5, 11, 146
22003, 1, 10, 6, 4, 1, 0
22004, 0, 1, 0, 1, 0, 0
2419, 0, 15, 9, 6, 0, 0
3822, 0, 7, 7, 0, 0, 0
13490, 0, 11, 11, 0, 0, 0
14105, 0, 19, 12, 7, 0, 0
21586, 2, 16, 9, 7, 0, 2
34716, 0, 3, 1, 2, 0, 0
41238, 0, 1, 1, 0, 0, 0
41239, 0, 3, 1, 2, 0, 0
41240, 1, 1, 0, 1, 0, 1
41241, 0, 1, 0, 1, 0, 0
5907, 0, 19, 19, 0, 0, 0
12882, 0, 3, 3, 0, 0, 0
17311, 49, 21, 18, 3, 29, 20
3773, 17, 11, 11, 0, 16, 1
12922, 0, 15, 15, 0, 0, 0
1927, 0, 65, 26, 39, 0, 0
1937, 1, 15, 2, 13, 1, 0
3987, 0, 10, 9, 1, 0, 0
5674, 23, 15, 6, 9, 15, 8
5760, 0, 13, 5, 8, 0, 0
6093, 0, 16, 12, 4, 0, 0
6425, 0, 5, 5, 0, 0, 0
7670, 1, 31, 16, 15, 0, 1
9202, 0, 6, 6, 0, 0, 0
9721, 2, 16, 12, 4, 2, 0
10039, 15, 23, 18, 5, 2, 13
10891, 5, 11, 9, 2, 5, 0
11468, 2, 8, 7, 1, 1, 1
12800, 13, 26, 21, 5, 9, 4
12829, 9, 13, 4, 9, 2, 7
13156, 0, 3, 2, 1, 0, 0
13523, 0, 17, 10, 7, 0, 0
14353, 13, 17, 13, 4, 12, 1
14498, 0, 13, 11, 2, 0, 0
14607, 2, 7, 4, 3, 2, 0
15006, 5, 20, 16, 4, 4, 1
15072, 0, 18, 10, 8, 0, 0
15989, 0, 12, 7, 5, 0, 0
16060, 1, 9, 0, 9, 0, 1
16824, 30, 14, 13, 1, 15, 15
17386, 1, 25, 23, 2, 1, 0
17564, 1, 29, 27, 2, 1, 0
17719, 0, 26, 23, 3, 0, 0
19308, 6, 3, 3, 0, 6, 0
19902, 0, 9, 7, 2, 0, 0
20273, 4, 7, 7, 0, 4, 0
20383, 20, 18, 15, 3, 17, 3
20570, 0, 5, 3, 2, 0, 0
21033, 11, 5, 4, 1, 10, 1
21224, 3, 7, 6, 1, 3, 0
21229, 0, 5, 1, 4, 0, 0
22060, 4, 11, 8, 3, 3, 1
23727, 0, 27, 23, 4, 0, 0
23872, 3, 6, 6, 0, 3, 0
24456, 0, 2, 2, 0, 0, 0
24457, 0, 1, 1, 0, 0, 0
24458, 0, 1, 1, 0, 0, 0
24460, 3, 5, 4, 1, 3, 0
24461, 0, 8, 7, 1, 0, 0
24463, 2, 1, 1, 0, 2, 0
24464, 0, 1, 1, 0, 0, 0
24465, 32, 8, 6, 2, 2, 30
24466, 8, 5, 4, 1, 7, 1
24467, 1, 8, 7, 1, 1, 0
24468, 0, 1, 1, 0, 0, 0
24469, 1, 1, 1, 0, 1, 0
24471, 57, 5, 2, 3, 0, 57
24473, 0, 2, 1, 1, 0, 0
24474, 0, 6, 6, 0, 0, 0
24475, 0, 2, 2, 0, 0, 0
24476, 2, 7, 7, 0, 2, 0
24477, 0, 8, 5, 3, 0, 0
24478, 0, 1, 1, 0, 0, 0
24480, 0, 1, 1, 0, 0, 0
24481, 1, 2, 2, 0, 1, 0
24482, 0, 11, 7, 4, 0, 0
24483, 9, 6, 4, 2, 9, 0
24484, 0, 1, 0, 1, 0, 0
24485, 0, 1, 0, 1, 0, 0
24486, 8, 8, 5, 3, 7, 1
24487, 0, 2, 0, 2, 0, 0
24488, 0, 1, 0, 1, 0, 0
24490, 0, 4, 1, 3, 0, 0
24491, 0, 2, 0, 2, 0, 0
24492, 0, 2, 1, 1, 0, 0
24494, 0, 1, 0, 1, 0, 0
24496, 10, 3, 1, 2, 6, 4
24497, 69, 14, 11, 3, 60, 9
24498, 15, 5, 2, 3, 13, 2
24500, 1, 2, 1, 1, 1, 0
24501, 0, 2, 0, 2, 0, 0
24502, 0, 1, 0, 1, 0, 0
24503, 0, 10, 9, 1, 0, 0
24504, 2, 1, 0, 1, 2, 0
24506, 0, 3, 1, 2, 0, 0
24507, 0, 5, 3, 2, 0, 0
24508, 0, 2, 0, 2, 0, 0
24509, 0, 1, 0, 1, 0, 0
24510, 0, 1, 0, 1, 0, 0
24511, 0, 18, 1, 17, 0, 0
5274, 58, 13, 9, 4, 27, 31
6255, 14, 6, 3, 3, 12, 2
7100, 162, 22, 17, 5, 42, 120
11740, 5, 14, 7, 7, 1, 4
15746, 6, 3, 2, 1, 1, 5
16267, 59, 10, 9, 1, 55, 4
17993, 50, 8, 5, 3, 21, 29
21486, 8, 7, 6, 1, 6, 2
23029, 0, 6, 6, 0, 0, 0
24862, 0, 5, 5, 0, 0, 0
25365, 32, 4, 2, 2, 11, 21
31315, 5, 5, 3, 2, 0, 5
32841, 3, 6, 5, 1, 2, 1
33220, 8, 5, 4, 1, 5, 3
35942, 4, 10, 6, 4, 2, 2
37396, 1, 9, 4, 5, 0, 1
40649, 5, 4, 2, 2, 0, 5
41136, 0, 3, 2, 1, 0, 0
41144, 1, 2, 1, 1, 0, 1
41150, 5, 6, 5, 1, 4, 1
41159, 1, 2, 1, 1, 0, 1
41160, 6, 4, 3, 1, 5, 1
41242, 0, 2, 2, 0, 0, 0
41243, 0, 1, 1, 0, 0, 0
41244, 4, 1, 1, 0, 4, 0
41245, 5, 2, 2, 0, 5, 0
41246, 1, 2, 2, 0, 0, 1
41247, 1, 2, 2, 0, 1, 0
41248, 3, 5, 4, 1, 2, 1
41249, 0, 2, 1, 1, 0, 0
12850, 8, 2, 2, 0, 8, 0
17045, 0, 9, 4, 5, 0, 0
2048, 1, 6, 4, 2, 1, 0
2723, 3, 2, 2, 0, 3, 0
2948, 0, 8, 7, 1, 0, 0
8586, 7, 15, 9, 6, 5, 2
12007, 1, 12, 9, 3, 0, 1
12146, 13, 27, 21, 6, 13, 0
12890, 2, 30, 22, 8, 2, 0
14305, 22, 11, 10, 1, 5, 17
15612, 0, 5, 5, 0, 0, 0
20022, 0, 7, 6, 1, 0, 0
24366, 0, 6, 3, 3, 0, 0
24369, 0, 15, 7, 8, 0, 0
27209, 7, 2, 2, 0, 7, 0
27212, 0, 2, 2, 0, 0, 0
27213, 8, 9, 6, 3, 8, 0
27214, 1, 6, 5, 1, 1, 0
27215, 12, 3, 2, 1, 7, 5
27216, 1, 1, 1, 0, 1, 0
27217, 9, 4, 4, 0, 8, 1
27219, 0, 2, 1, 1, 0, 0
10081, 1, 12, 0, 12, 0, 1
18149, 0, 2, 0, 2, 0, 0
41250, 0, 1, 0, 1, 0, 0
5650, 53, 13, 13, 0, 23, 30
7771, 0, 19, 15, 4, 0, 0
8923, 54, 7, 7, 0, 24, 30
20566, 1, 1, 1, 0, 1, 0
20567, 9, 2, 2, 0, 9, 0
20568, 0, 1, 1, 0, 0, 0
20569, 2, 1, 1, 0, 2, 0
3479, 4, 14, 10, 4, 3, 1
4929, 6, 25, 19, 6, 6, 0
7068, 15, 23, 13, 10, 14, 1
10937, 12, 22, 4, 18, 12, 0
11699, 0, 8, 6, 2, 0, 0
11814, 0, 20, 14, 6, 0, 0
11888, 0, 16, 12, 4, 0, 0
12317, 16, 10, 5, 5, 11, 5
12326, 36, 3, 1, 2, 30, 6
15025, 0, 7, 5, 2, 0, 0
15751, 7, 11, 8, 3, 4, 3
17085, 4, 15, 5, 10, 4, 0
17110, 12, 26, 21, 5, 7, 5
18299, 8, 23, 16, 7, 4, 4
18435, 10, 6, 3, 3, 10, 0
20046, 0, 5, 4, 1, 0, 0
20507, 0, 3, 1, 2, 0, 0
20532, 15, 3, 1, 2, 5, 10
20861, 18, 27, 10, 17, 12, 6
23715, 0, 2, 0, 2, 0, 0
24112, 0, 3, 2, 1, 0, 0
26265, 6, 6, 4, 2, 6, 0
26366, 19, 3, 2, 1, 19, 0
26476, 0, 2, 1, 1, 0, 0
26825, 1, 4, 3, 1, 1, 0
27752, 36, 8, 5, 3, 19, 17
27970, 0, 5, 2, 3, 0, 0
33470, 2, 3, 1, 2, 2, 0
37513, 2, 4, 3, 1, 1, 1
39233, 0, 3, 2, 1, 0, 0
40527, 5, 2, 0, 2, 5, 0
41062, 0, 3, 1, 2, 0, 0
41103, 4, 4, 2, 2, 4, 0
41179, 1, 5, 3, 2, 1, 0
41251, 1, 8, 8, 0, 0, 1
41252, 2, 1, 0, 1, 2, 0
41253, 0, 4, 1, 3, 0, 0
41254, 0, 1, 0, 1, 0, 0
41255, 6, 3, 2, 1, 6, 0
41256, 0, 1, 0, 1, 0, 0
41257, 0, 1, 0, 1, 0, 0
41258, 2, 1, 0, 1, 2, 0
41259, 1, 5, 2, 3, 0, 1
41260, 1, 2, 1, 1, 1, 0
41261, 0, 1, 0, 1, 0, 0
41262, 0, 1, 0, 1, 0, 0
41263, 0, 1, 0, 1, 0, 0
41264, 1, 2, 1, 1, 1, 0
41265, 0, 2, 0, 2, 0, 0
41266, 9, 2, 1, 1, 9, 0
41267, 1, 1, 0, 1, 1, 0
41268, 2, 5, 1, 4, 0, 2
41269, 0, 1, 0, 1, 0, 0
41270, 0, 1, 0, 1, 0, 0
41271, 0, 3, 1, 2, 0, 0
41272, 6, 2, 0, 2, 5, 1
41273, 0, 1, 0, 1, 0, 0
41274, 0, 3, 2, 1, 0, 0
41275, 0, 1, 0, 1, 0, 0
41276, 0, 2, 1, 1, 0, 0
41277, 1, 2, 1, 1, 1, 0
41278, 2, 2, 1, 1, 2, 0
41279, 0, 1, 0, 1, 0, 0
41280, 2, 2, 1, 1, 2, 0
41281, 8, 2, 0, 2, 5, 3
41282, 1, 1, 0, 1, 1, 0
41283, 1, 4, 3, 1, 1, 0
3215, 0, 11, 9, 2, 0, 0
37075, 0, 3, 3, 0, 0, 0
7717, 2, 6, 4, 2, 2, 0
16057, 0, 4, 3, 1, 0, 0
16058, 0, 2, 0, 2, 0, 0
16059, 1, 2, 1, 1, 0, 1
16061, 0, 5, 1, 4, 0, 0
16062, 0, 1, 0, 1, 0, 0
16063, 1, 4, 0, 4, 1, 0
3600, 18, 37, 14, 23, 6, 12
3670, 0, 29, 10, 19, 0, 0
5663, 0, 18, 8, 10, 0, 0
6287, 0, 2, 0, 2, 0, 0
6909, 6, 5, 1, 4, 2, 4
8235, 5, 10, 6, 4, 5, 0
11684, 9, 18, 18, 0, 9, 0
12085, 0, 6, 1, 5, 0, 0
12115, 14, 22, 12, 10, 12, 2
12324, 1, 2, 1, 1, 0, 1
12526, 0, 4, 2, 2, 0, 0
13318, 2, 4, 1, 3, 2, 0
13406, 12, 21, 14, 7, 10, 2
13525, 0, 4, 2, 2, 0, 0
13737, 9, 6, 5, 1, 7, 2
14921, 4, 11, 8, 3, 4, 0
16158, 0, 6, 3, 3, 0, 0
18274, 3, 7, 5, 2, 2, 1
18319, 11, 12, 9, 3, 11, 0
18572, 0, 31, 17, 14, 0, 0
18913, 0, 7, 6, 1, 0, 0
20731, 0, 3, 2, 1, 0, 0
21545, 0, 9, 9, 0, 0, 0
21827, 1, 8, 3, 5, 0, 1
22340, 0, 22, 3, 19, 0, 0
22563, 9, 3, 1, 2, 9, 0
23182, 2, 10, 4, 6, 1, 1
31279, 23, 17, 10, 7, 22, 1
33214, 1, 4, 2, 2, 1, 0
36517, 0, 4, 1, 3, 0, 0
40507, 6, 7, 6, 1, 6, 0
41284, 37, 3, 2, 1, 35, 2
41285, 10, 2, 2, 0, 9, 1
41286, 0, 1, 0, 1, 0, 0
41287, 0, 1, 0, 1, 0, 0
41288, 0, 1, 0, 1, 0, 0
41289, 0, 1, 0, 1, 0, 0
41290, 0, 1, 0, 1, 0, 0
41291, 4, 9, 7, 2, 3, 1
41292, 0, 1, 0, 1, 0, 0
41293, 22, 5, 2, 3, 16, 6
41294, 0, 2, 0, 2, 0, 0
41295, 0, 10, 6, 4, 0, 0
41296, 0, 1, 0, 1, 0, 0
41297, 2, 1, 0, 1, 2, 0
41298, 0, 1, 0, 1, 0, 0
41299, 0, 3, 0, 3, 0, 0
41300, 0, 1, 0, 1, 0, 0
41301, 0, 1, 0, 1, 0, 0
41302, 0, 1, 0, 1, 0, 0
41303, 0, 1, 0, 1, 0, 0
41304, 0, 1, 0, 1, 0, 0
41305, 0, 1, 0, 1, 0, 0
41306, 0, 2, 1, 1, 0, 0
41307, 0, 1, 0, 1, 0, 0
41308, 0, 1, 0, 1, 0, 0
41309, 0, 1, 0, 1, 0, 0
41310, 0, 1, 0, 1, 0, 0
41311, 0, 1, 0, 1, 0, 0
3367, 0, 22, 18, 4, 0, 0
3735, 14, 16, 10, 6, 12, 2
4112, 0, 6, 1, 5, 0, 0
6420, 0, 5, 3, 2, 0, 0
6896, 4, 16, 12, 4, 4, 0
8308, 18, 21, 17, 4, 17, 1
12500, 0, 14, 3, 11, 0, 0
12776, 4, 17, 12, 5, 0, 4
15248, 0, 17, 15, 2, 0, 0
18839, 7, 4, 2, 2, 2, 5
19167, 0, 2, 2, 0, 0, 0
19168, 2, 4, 3, 1, 2, 0
19171, 0, 1, 1, 0, 0, 0
19172, 8, 7, 7, 0, 5, 3
19174, 1, 5, 5, 0, 1, 0
19175, 67, 18, 13, 5, 15, 52
19176, 0, 2, 2, 0, 0, 0
19178, 5, 1, 1, 0, 5, 0
19179, 0, 3, 3, 0, 0, 0
19180, 0, 1, 1, 0, 0, 0
19181, 0, 3, 1, 2, 0, 0
19182, 0, 6, 6, 0, 0, 0
19183, 8, 3, 3, 0, 8, 0
19184, 0, 3, 3, 0, 0, 0
19185, 12, 8, 6, 2, 10, 2
19186, 0, 4, 4, 0, 0, 0
19187, 7, 2, 2, 0, 5, 2
19188, 4, 6, 5, 1, 4, 0
19189, 5, 7, 6, 1, 5, 0
19192, 0, 2, 2, 0, 0, 0
19196, 0, 2, 1, 1, 0, 0
19197, 2, 4, 1, 3, 2, 0
19198, 0, 4, 2, 2, 0, 0
19199, 1, 1, 0, 1, 1, 0
19200, 0, 1, 0, 1, 0, 0
19201, 7, 6, 5, 1, 7, 0
19202, 0, 5, 0, 5, 0, 0
19203, 0, 3, 0, 3, 0, 0
19205, 0, 1, 0, 1, 0, 0
19206, 0, 3, 1, 2, 0, 0
19208, 0, 1, 0, 1, 0, 0
19209, 0, 3, 1, 2, 0, 0
19210, 0, 3, 2, 1, 0, 0
19211, 0, 1, 0, 1, 0, 0
19212, 0, 1, 0, 1, 0, 0
19214, 0, 6, 1, 5, 0, 0
19215, 0, 2, 0, 2, 0, 0
19216, 1, 1, 0, 1, 0, 1
19217, 3, 8, 6, 2, 3, 0
19218, 9, 7, 0, 7, 9, 0
2743, 4, 12, 7, 5, 3, 1
4037, 29, 10, 9, 1, 29, 0
5745, 0, 13, 9, 4, 0, 0
5768, 4, 17, 11, 6, 4, 0
6335, 8, 7, 6, 1, 7, 1
6821, 2, 1, 0, 1, 2, 0
6928, 0, 5, 5, 0, 0, 0
8026, 50, 8, 6, 2, 43, 7
8296, 1, 11, 10, 1, 1, 0
9647, 10, 4, 2, 2, 4, 6
12495, 3, 11, 6, 5, 2, 1
15267, 8, 10, 6, 4, 8, 0
16790, 0, 19, 15, 4, 0, 0
18487, 2, 19, 15, 4, 1, 1
20564, 1, 7, 5, 2, 0, 1
20654, 61, 11, 9, 2, 60, 1
22100, 0, 6, 4, 2, 0, 0
22846, 11, 7, 5, 2, 8, 3
24901, 9, 7, 4, 3, 9, 0
27253, 3, 4, 3, 1, 2, 1
27423, 19, 7, 0, 7, 0, 19
27999, 2, 4, 1, 3, 1, 1
28337, 10, 8, 8, 0, 10, 0
28338, 24, 3, 3, 0, 21, 3
28344, 0, 3, 3, 0, 0, 0
28388, 1, 7, 6, 1, 1, 0
28497, 11, 6, 6, 0, 10, 1
28565, 2, 4, 3, 1, 2, 0
36446, 5, 9, 9, 0, 5, 0
37276, 0, 12, 6, 6, 0, 0
41312, 12, 5, 5, 0, 12, 0
41313, 0, 3, 3, 0, 0, 0
41314, 0, 3, 1, 2, 0, 0
41315, 0, 6, 6, 0, 0, 0
41316, 4, 1, 1, 0, 4, 0
41317, 0, 1, 1, 0, 0, 0
41318, 2, 5, 3, 2, 1, 1
41319, 5, 1, 1, 0, 1, 4
41320, 0, 2, 2, 0, 0, 0
41321, 3, 11, 11, 0, 3, 0
41322, 0, 8, 1, 7, 0, 0
41323, 1, 1, 0, 1, 1, 0
41324, 0, 3, 1, 2, 0, 0
41325, 2, 1, 0, 1, 2, 0
41326, 0, 2, 1, 1, 0, 0
41327, 0, 2, 1, 1, 0, 0
41328, 0, 2, 1, 1, 0, 0
41329, 0, 4, 1, 3, 0, 0
41330, 0, 2, 1, 1, 0, 0
41331, 3, 4, 3, 1, 2, 1
13876, 0, 14, 14, 0, 0, 0
16476, 2, 12, 8, 4, 2, 0
29166, 6, 7, 4, 3, 2, 4
41332, 0, 4, 4, 0, 0, 0
41333, 2, 1, 1, 0, 2, 0
41334, 0, 2, 0, 2, 0, 0
41335, 0, 2, 1, 1, 0, 0
2456, 0, 20, 20, 0, 0, 0
3241, 8, 13, 13, 0, 8, 0
6228, 0, 15, 14, 1, 0, 0
6534, 0, 22, 22, 0, 0, 0
17811, 0, 7, 7, 0, 0, 0
17987, 1, 2, 2, 0, 1, 0
17988, 0, 3, 3, 0, 0, 0
17989, 0, 1, 1, 0, 0, 0
17990, 0, 14, 14, 0, 0, 0
17992, 0, 1, 1, 0, 0, 0
17995, 13, 2, 2, 0, 13, 0
17996, 0, 1, 1, 0, 0, 0
17997, 0, 2, 2, 0, 0, 0
17999, 0, 3, 3, 0, 0, 0
18000, 1, 2, 2, 0, 1, 0
18001, 0, 4, 4, 0, 0, 0
18002, 1, 4, 4, 0, 0, 1
18003, 29, 5, 5, 0, 28, 1
18004, 5, 1, 1, 0, 3, 2
18006, 0, 2, 2, 0, 0, 0
18007, 4, 5, 5, 0, 4, 0
18008, 0, 5, 5, 0, 0, 0
18009, 0, 9, 9, 0, 0, 0
3318, 6, 28, 25, 3, 1, 5
4615, 12, 14, 8, 6, 11, 1
5336, 38, 11, 10, 1, 31, 7
7181, 4, 13, 10, 3, 4, 0
7495, 4, 4, 3, 1, 3, 1
8864, 56, 9, 9, 0, 56, 0
11492, 9, 6, 5, 1, 9, 0
12366, 9, 17, 17, 0, 6, 3
13519, 5, 20, 14, 6, 2, 3
13724, 1, 12, 12, 0, 1, 0
14307, 1, 5, 4, 1, 0, 1
15397, 1, 2, 2, 0, 1, 0
15807, 0, 2, 2, 0, 0, 0
16611, 0, 8, 8, 0, 0, 0
16817, 0, 19, 15, 4, 0, 0
17866, 0, 10, 7, 3, 0, 0
17926, 0, 11, 10, 1, 0, 0
18890, 6, 1, 1, 0, 6, 0
18891, 0, 2, 2, 0, 0, 0
18893, 17, 5, 3, 2, 10, 7
18894, 0, 4, 3, 1, 0, 0
18895, 0, 2, 2, 0, 0, 0
18896, 0, 2, 2, 0, 0, 0
18897, 0, 1, 1, 0, 0, 0
18898, 2, 4, 4, 0, 1, 1
18900, 0, 2, 2, 0, 0, 0
18903, 1, 2, 1, 1, 0, 1
18905, 6, 13, 9, 4, 4, 2
18906, 1, 2, 1, 1, 1, 0
18907, 10, 1, 1, 0, 10, 0
18908, 3, 1, 1, 0, 3, 0
18909, 4, 3, 3, 0, 4, 0
18911, 0, 6, 4, 2, 0, 0
18914, 4, 6, 6, 0, 4, 0
18916, 2, 12, 11, 1, 2, 0
18918, 3, 4, 3, 1, 2, 1
18919, 4, 8, 6, 2, 4, 0
18920, 3, 5, 4, 1, 0, 3
18921, 7, 7, 7, 0, 7, 0
18922, 0, 12, 11, 1, 0, 0
18923, 0, 3, 3, 0, 0, 0
18924, 0, 1, 1, 0, 0, 0
18925, 1, 9, 9, 0, 1, 0
18926, 1, 12, 8, 4, 1, 0
18927, 3, 5, 5, 0, 1, 2
18928, 0, 1, 1, 0, 0, 0
18930, 0, 4, 4, 0, 0, 0
18931, 2, 3, 1, 2, 0, 2
18932, 13, 3, 1, 2, 11, 2
18933, 1, 1, 0, 1, 1, 0
18934, 1, 3, 2, 1, 1, 0
18935, 3, 1, 0, 1, 3, 0
18936, 11, 2, 1, 1, 11, 0
18937, 0, 2, 1, 1, 0, 0
18941, 0, 4, 1, 3, 0, 0
12301, 4, 9, 3, 6, 4, 0
17738, 0, 12, 8, 4, 0, 0
18134, 12, 13, 13, 0, 7, 5
18135, 0, 6, 6, 0, 0, 0
18136, 0, 1, 1, 0, 0, 0
18137, 0, 1, 1, 0, 0, 0
18141, 51, 4, 2, 2, 51, 0
18142, 0, 1, 0, 1, 0, 0
18143, 0, 1, 0, 1, 0, 0
18144, 2, 1, 0, 1, 2, 0
18145, 0, 1, 0, 1, 0, 0
18148, 1, 3, 1, 2, 0, 1
5791, 4, 10, 3, 7, 4, 0
17396, 1, 6, 0, 6, 1, 0
41336, 2, 1, 1, 0, 2, 0
41337, 58, 3, 2, 1, 18, 40
4234, 0, 50, 50, 0, 0, 0
25886, 12, 5, 3, 2, 12, 0
41338, 2, 1, 1, 0, 2, 0
41339, 0, 3, 2, 1, 0, 0
41340, 1, 1, 1, 0, 1, 0
41903, 0, 7, 5, 2, 0, 0
1666, 15, 5, 2, 3, 10, 5
7248, 17, 6, 6, 0, 13, 4
8484, 6, 11, 8, 3, 6, 0
10153, 2, 11, 6, 5, 2, 0
12877, 62, 23, 18, 5, 56, 6
16761, 33, 4, 4, 0, 32, 1
17323, 11, 3, 2, 1, 10, 1
17695, 6, 4, 3, 1, 6, 0
21302, 25, 3, 3, 0, 24, 1
22574, 9, 15, 7, 8, 9, 0
24705, 6, 10, 10, 0, 6, 0
25332, 11, 13, 4, 9, 9, 2
25994, 12, 2, 2, 0, 10, 2
27083, 16, 5, 5, 0, 14, 2
27582, 7, 8, 7, 1, 7, 0
28793, 5, 6, 6, 0, 5, 0
30932, 8, 6, 6, 0, 7, 1
35592, 3, 1, 1, 0, 3, 0
35881, 8, 4, 2, 2, 7, 1
41403, 13, 15, 9, 6, 7, 6
41485, 7, 4, 4, 0, 5, 2
41979, 5, 1, 1, 0, 5, 0
41980, 3, 2, 2, 0, 3, 0
41981, 22, 2, 2, 0, 22, 0
41982, 16, 2, 1, 1, 15, 1
41983, 6, 1, 1, 0, 5, 1
41984, 2, 1, 1, 0, 2, 0
41985, 0, 2, 2, 0, 0, 0
41986, 3, 2, 2, 0, 3, 0
41987, 2, 1, 1, 0, 2, 0
41988, 2, 1, 1, 0, 2, 0
41989, 3, 1, 1, 0, 3, 0
41990, 2, 1, 1, 0, 2, 0
41991, 6, 2, 2, 0, 6, 0
41992, 4, 2, 2, 0, 4, 0
41993, 2, 1, 1, 0, 2, 0
41994, 2, 1, 1, 0, 2, 0
41995, 6, 1, 1, 0, 6, 0
41996, 1, 1, 1, 0, 0, 1
41997, 7, 4, 4, 0, 7, 0
41998, 2, 1, 1, 0, 2, 0
41999, 2, 1, 1, 0, 2, 0
42000, 2, 2, 1, 1, 2, 0
42001, 4, 1, 1, 0, 3, 1
42002, 7, 6, 5, 1, 6, 1
42003, 3, 1, 1, 0, 2, 1
42004, 2, 1, 1, 0, 2, 0
42005, 2, 1, 1, 0, 2, 0
42006, 2, 1, 1, 0, 2, 0
42007, 2, 1, 1, 0, 2, 0
42008, 2, 1, 1, 0, 2, 0
42009, 15, 3, 3, 0, 13, 2
42010, 2, 1, 1, 0, 2, 0
42011, 2, 1, 1, 0, 2, 0
42012, 21, 5, 5, 0, 20, 1
42013, 2, 1, 1, 0, 2, 0
42014, 2, 1, 1, 0, 2, 0
42015, 4, 3, 3, 0, 4, 0
42016, 2, 1, 1, 0, 2, 0
42017, 7, 1, 1, 0, 7, 0
42018, 12, 2, 2, 0, 10, 2
42019, 2, 1, 1, 0, 2, 0
42020, 5, 1, 1, 0, 4, 1
23368, 2, 6, 3, 3, 2, 0
1509, 1, 6, 6, 0, 1, 0
1510, 0, 4, 4, 0, 0, 0
1518, 7, 3, 3, 0, 0, 7
1519, 1, 4, 3, 1, 1, 0
1523, 11, 6, 6, 0, 11, 0
1524, 15, 5, 4, 1, 12, 3
1525, 51, 11, 9, 2, 35, 16
1531, 0, 23, 20, 3, 0, 0
1533, 0, 3, 1, 2, 0, 0
1535, 6, 6, 6, 0, 6, 0
1538, 1, 4, 4, 0, 0, 1
1541, 0, 3, 2, 1, 0, 0
1545, 40, 28, 21, 7, 36, 4
1546, 0, 4, 4, 0, 0, 0
1550, 59, 8, 5, 3, 56, 3
1556, 8, 5, 5, 0, 8, 0
1564, 0, 4, 4, 0, 0, 0
1565, 2, 2, 2, 0, 2, 0
1568, 0, 3, 2, 1, 0, 0
1572, 0, 4, 3, 1, 0, 0
1573, 0, 8, 7, 1, 0, 0
1575, 0, 2, 2, 0, 0, 0
1581, 12, 5, 4, 1, 12, 0
1588, 5, 9, 5, 4, 3, 2
1591, 0, 1, 1, 0, 0, 0
1593, 5, 8, 6, 2, 2, 3
1594, 9, 7, 5, 2, 5, 4
1599, 6, 24, 10, 14, 6, 0
1601, 0, 1, 1, 0, 0, 0
1605, 0, 24, 24, 0, 0, 0
1606, 4, 10, 8, 2, 4, 0
1610, 0, 1, 1, 0, 0, 0
1612, 1, 1, 1, 0, 0, 1
1615, 4, 4, 3, 1, 3, 1
1618, 0, 1, 1, 0, 0, 0
1619, 2, 8, 7, 1, 2, 0
1620, 8, 3, 3, 0, 5, 3
1621, 0, 1, 1, 0, 0, 0
1623, 1, 5, 3, 2, 1, 0
1626, 0, 1, 1, 0, 0, 0
1629, 1, 5, 5, 0, 1, 0
1636, 12, 2, 1, 1, 10, 2
1639, 0, 30, 17, 13, 0, 0
1640, 0, 7, 0, 7, 0, 0
1642, 3, 13, 11, 2, 1, 2
1653, 0, 39, 29, 10, 0, 0
1655, 0, 1, 0, 1, 0, 0
1657, 1, 18, 15, 3, 0, 1
1661, 5, 13, 7, 6, 5, 0
1663, 33, 1, 0, 1, 32, 1
1670, 52, 20, 10, 10, 14, 38
1671, 0, 5, 1, 4, 0, 0
1674, 1, 2, 1, 1, 1, 0
1678, 0, 10, 6, 4, 0, 0
1679, 12, 16, 3, 13, 1, 11
1680, 0, 1, 0, 1, 0, 0
1681, 0, 2, 1, 1, 0, 0
34795, 0, 5, 5, 0, 0, 0
42104, 0, 1, 1, 0, 0, 0
9590, 20, 18, 15, 3, 19, 1
12084, 3, 32, 25, 7, 3, 0
12086, 12, 13, 9, 4, 11, 1
17187, 6, 14, 10, 4, 6, 0
22977, 2, 3, 3, 0, 2, 0
23933, 8, 7, 7, 0, 5, 3
25861, 0, 5, 5, 0, 0, 0
25920, 0, 2, 2, 0, 0, 0
28014, 15, 9, 8, 1, 15, 0
29292, 0, 6, 6, 0, 0, 0
29304, 0, 10, 7, 3, 0, 0
37429, 4, 7, 7, 0, 4, 0
41196, 4, 2, 1, 1, 2, 2
42105, 0, 2, 2, 0, 0, 0
42106, 0, 1, 1, 0, 0, 0
42107, 0, 1, 1, 0, 0, 0
42108, 0, 1, 1, 0, 0, 0
42109, 1, 1, 1, 0, 1, 0
42110, 1, 5, 5, 0, 1, 0
42111, 0, 1, 1, 0, 0, 0
42112, 0, 2, 2, 0, 0, 0
42113, 0, 1, 1, 0, 0, 0
42114, 0, 2, 2, 0, 0, 0
42115, 0, 2, 2, 0, 0, 0
42116, 2, 1, 1, 0, 0, 2
42117, 0, 3, 1, 2, 0, 0
3237, 0, 8, 8, 0, 0, 0
3279, 9, 28, 28, 0, 9, 0
4317, 0, 3, 3, 0, 0, 0
5725, 11, 12, 11, 1, 11, 0
8450, 11, 6, 6, 0, 10, 1
8712, 12, 15, 13, 2, 12, 0
11938, 30, 31, 21, 10, 27, 3
15434, 11, 28, 26, 2, 11, 0
16216, 0, 2, 2, 0, 0, 0
16217, 0, 28, 27, 1, 0, 0
16222, 1, 4, 3, 1, 1, 0
16223, 28, 4, 4, 0, 26, 2
16226, 0, 2, 2, 0, 0, 0
16227, 3, 5, 5, 0, 3, 0
16229, 0, 3, 3, 0, 0, 0
16231, 0, 10, 5, 5, 0, 0
16233, 14, 3, 3, 0, 12, 2
16234, 17, 5, 4, 1, 12, 5
16235, 0, 8, 7, 1, 0, 0
3128, 9, 7, 7, 0, 8, 1
3146, 6, 5, 5, 0, 4, 2
3220, 0, 9, 4, 5, 0, 0
3292, 2, 14, 11, 3, 1, 1
5375, 0, 3, 3, 0, 0, 0
5890, 0, 6, 5, 1, 0, 0
6758, 1, 12, 7, 5, 0, 1
8609, 0, 4, 1, 3, 0, 0
9057, 40, 8, 5, 3, 18, 22
12612, 0, 12, 10, 2, 0, 0
13694, 5, 23, 20, 3, 5, 0
13984, 0, 2, 0, 2, 0, 0
15578, 2, 13, 11, 2, 2, 0
16072, 5, 1, 0, 1, 4, 1
21240, 4, 26, 12, 14, 3, 1
22105, 35, 7, 7, 0, 33, 2
24968, 2, 4, 2, 2, 2, 0
26898, 0, 9, 4, 5, 0, 0
30323, 9, 5, 3, 2, 6, 3
31334, 23, 11, 5, 6, 10, 13
31416, 0, 5, 4, 1, 0, 0
32834, 0, 6, 3, 3, 0, 0
34376, 0, 10, 9, 1, 0, 0
36885, 0, 2, 1, 1, 0, 0
40272, 12, 3, 2, 1, 8, 4
42118, 0, 2, 2, 0, 0, 0
42119, 0, 1, 1, 0, 0, 0
42120, 5, 2, 2, 0, 5, 0
42121, 7, 6, 4, 2, 7, 0
42122, 0, 1, 1, 0, 0, 0
42123, 0, 4, 4, 0, 0, 0
42124, 1, 1, 0, 1, 1, 0
42125, 0, 1, 0, 1, 0, 0
42126, 0, 3, 1, 2, 0, 0
42127, 28, 6, 2, 4, 28, 0
42128, 1, 5, 4, 1, 1, 0
42129, 0, 1, 0, 1, 0, 0
42130, 1, 7, 6, 1, 1, 0
42131, 0, 1, 0, 1, 0, 0
42132, 3, 3, 2, 1, 3, 0
13874, 0, 10, 10, 0, 0, 0
22411, 3, 5, 3, 2, 2, 1
35552, 49, 7, 5, 2, 32, 17
6640, 3, 33, 10, 23, 0, 3
28197, 0, 4, 1, 3, 0, 0
42133, 0, 1, 0, 1, 0, 0
42134, 7, 6, 6, 0, 7, 0
2290, 0, 23, 20, 3, 0, 0
6539, 13, 8, 8, 0, 11, 2
6999, 4, 8, 2, 6, 2, 2
8017, 0, 8, 1, 7, 0, 0
8473, 10, 20, 18, 2, 3, 7
8637, 2, 27, 26, 1, 2, 0
9727, 1, 5, 5, 0, 1, 0
10215, 11, 19, 9, 10, 4, 7
12294, 0, 6, 4, 2, 0, 0
18951, 0, 7, 7, 0, 0, 0
20009, 0, 11, 2, 9, 0, 0
20116, 7, 1, 1, 0, 7, 0
22299, 0, 56, 1, 55, 0, 0
24182, 6, 7, 2, 5, 4, 2
25738, 0, 8, 5, 3, 0, 0
25960, 2, 6, 6, 0, 2, 0
27425, 17, 22, 18, 4, 17, 0
27867, 3, 8, 3, 5, 0, 3
28479, 5, 8, 6, 2, 5, 0
30050, 2, 5, 1, 4, 1, 1
30606, 4, 3, 3, 0, 4, 0
30941, 1, 6, 5, 1, 1, 0
32964, 2, 7, 6, 1, 2, 0
35520, 0, 4, 4, 0, 0, 0
36671, 23, 5, 4, 1, 21, 2
40616, 3, 7, 6, 1, 3, 0
42135, 2, 2, 1, 1, 2, 0
42136, 0, 1, 1, 0, 0, 0
42137, 0, 1, 1, 0, 0, 0
42138, 5, 1, 1, 0, 5, 0
42139, 0, 3, 2, 1, 0, 0
42140, 0, 5, 2, 3, 0, 0
42141, 2, 1, 1, 0, 2, 0
42142, 0, 8, 4, 4, 0, 0
42143, 0, 2, 1, 1, 0, 0
42144, 1, 1, 1, 0, 1, 0
42145, 0, 3, 1, 2, 0, 0
42146, 0, 1, 1, 0, 0, 0
42147, 0, 1, 1, 0, 0, 0
42148, 0, 1, 1, 0, 0, 0
42149, 0, 3, 1, 2, 0, 0
42150, 0, 1, 1, 0, 0, 0
42151, 0, 1, 1, 0, 0, 0
42152, 0, 3, 2, 1, 0, 0
42153, 4, 3, 2, 1, 4, 0
42154, 0, 1, 1, 0, 0, 0
42155, 0, 2, 0, 2, 0, 0
42156, 2, 5, 0, 5, 2, 0
42157, 0, 1, 0, 1, 0, 0
42158, 0, 1, 0, 1, 0, 0
42159, 0, 1, 0, 1, 0, 0
42160, 0, 1, 0, 1, 0, 0
42161, 2, 4, 3, 1, 2, 0
42162, 1, 2, 1, 1, 1, 0
4607, 5, 5, 4, 1, 5, 0
6174, 203, 14, 11, 3, 186, 17
12074, 27, 14, 7, 7, 25, 2
42163, 0, 1, 1, 0, 0, 0
42164, 0, 1, 1, 0, 0, 0
42165, 1, 3, 3, 0, 1, 0
42166, 1, 4, 3, 1, 1, 0
35187, 1, 3, 3, 0, 1, 0
42167, 0, 1, 1, 0, 0, 0
42168, 0, 2, 2, 0, 0, 0
42169, 0, 2, 2, 0, 0, 0
7770, 9, 7, 5, 2, 8, 1
14842, 41, 8, 8, 0, 41, 0
17171, 0, 15, 13, 2, 0, 0
31059, 2, 7, 4, 3, 2, 0
33073, 4, 12, 1, 11, 1, 3
35455, 0, 1, 1, 0, 0, 0
35456, 0, 1, 1, 0, 0, 0
35457, 0, 1, 1, 0, 0, 0
35458, 1, 4, 4, 0, 0, 1
35459, 0, 2, 0, 2, 0, 0
35460, 0, 1, 0, 1, 0, 0
3847, 7, 15, 15, 0, 7, 0
4520, 5, 8, 6, 2, 5, 0
8453, 2, 12, 10, 2, 2, 0
8580, 12, 20, 14, 6, 11, 1
9066, 0, 17, 5, 12, 0, 0
26695, 13, 10, 10, 0, 13, 0
29360, 3, 5, 5, 0, 3, 0
42170, 4, 3, 3, 0, 4, 0
42171, 0, 1, 1, 0, 0, 0
42172, 5, 4, 4, 0, 5, 0
42173, 2, 1, 1, 0, 2, 0
42174, 15, 2, 2, 0, 15, 0
42175, 0, 4, 4, 0, 0, 0
42176, 0, 1, 1, 0, 0, 0
42177, 0, 1, 1, 0, 0, 0
42178, 0, 2, 1, 1, 0, 0
42179, 0, 1, 0, 1, 0, 0
42180, 0, 1, 0, 1, 0, 0
3457, 32, 12, 8, 4, 22, 10
3596, 7, 21, 19, 2, 7, 0
6087, 53, 6, 3, 3, 22, 31
6768, 18, 3, 2, 1, 17, 1
6893, 11, 14, 9, 5, 11, 0
8597, 0, 45, 35, 10, 0, 0
8840, 61, 7, 5, 2, 3, 58
8957, 10, 3, 3, 0, 10, 0
9864, 2, 5, 4, 1, 2, 0
10149, 6, 22, 7, 15, 5, 1
10241, 20, 23, 11, 12, 17, 3
10376, 0, 11, 8, 3, 0, 0
11554, 0, 31, 15, 16, 0, 0
11968, 0, 2, 2, 0, 0, 0
12111, 11, 29, 7, 22, 11, 0
12127, 30, 9, 4, 5, 22, 8
12954, 74, 14, 7, 7, 67, 7
13700, 3, 18, 5, 13, 2, 1
14667, 20, 6, 6, 0, 19, 1
15599, 1, 5, 3, 2, 1, 0
17419, 3, 9, 7, 2, 3, 0
18597, 51, 3, 3, 0, 28, 23
19478, 2, 16, 15, 1, 2, 0
20389, 0, 21, 18, 3, 0, 0
21282, 0, 5, 3, 2, 0, 0
21763, 0, 7, 4, 3, 0, 0
22123, 9, 4, 4, 0, 8, 1
22296, 4, 19, 1, 18, 2, 2
22607, 44, 8, 6, 2, 31, 13
23863, 9, 2, 2, 0, 9, 0
24130, 0, 8, 5, 3, 0, 0
24200, 2, 13, 8, 5, 1, 1
24296, 0, 4, 2, 2, 0, 0
25958, 0, 6, 3, 3, 0, 0
26202, 0, 4, 2, 2, 0, 0
26822, 15, 11, 5, 6, 13, 2
26981, 7, 7, 6, 1, 6, 1
28360, 0, 10, 8, 2, 0, 0
28806, 1, 11, 11, 0, 1, 0
30338, 0, 5, 2, 3, 0, 0
31379, 171, 11, 11, 0, 171, 0
31462, 49, 11, 6, 5, 43, 6
32912, 0, 3, 2, 1, 0, 0
34725, 4, 3, 1, 2, 4, 0
34759, 2, 7, 6, 1, 2, 0
36863, 0, 3, 2, 1, 0, 0
37248, 1, 7, 4, 3, 0, 1
37262, 9, 4, 3, 1, 5, 4
37573, 2, 8, 7, 1, 2, 0
38915, 11, 1, 1, 0, 11, 0
39262, 0, 4, 2, 2, 0, 0
40976, 20, 10, 8, 2, 14, 6
42181, 0, 3, 2, 1, 0, 0
42182, 7, 2, 2, 0, 7, 0
42183, 0, 1, 1, 0, 0, 0
42184, 5, 4, 4, 0, 5, 0
42185, 1, 1, 1, 0, 0, 1
42186, 3, 1, 1, 0, 3, 0
42187, 3, 1, 1, 0, 2, 1
42188, 5, 1, 1, 0, 5, 0
42189, 0, 1, 1, 0, 0, 0
42190, 0, 2, 1, 1, 0, 0
42191, 0, 1, 1, 0, 0, 0
42192, 0, 5, 4, 1, 0, 0
42193, 0, 1, 0, 1, 0, 0
42194, 1, 2, 1, 1, 0, 1
42195, 2, 1, 0, 1, 1, 1
42196, 0, 2, 1, 1, 0, 0
42197, 17, 2, 0, 2, 7, 10
42198, 0, 1, 0, 1, 0, 0
42199, 0, 1, 0, 1, 0, 0
42200, 0, 11, 6, 5, 0, 0
42201, 0, 5, 3, 2, 0, 0
42202, 2, 1, 0, 1, 2, 0
42203, 12, 1, 0, 1, 0, 12
42204, 0, 2, 1, 1, 0, 0
42205, 0, 2, 1, 1, 0, 0
42206, 1, 7, 1, 6, 0, 1
42207, 6, 3, 1, 2, 0, 6
42208, 0, 1, 0, 1, 0, 0
42209, 0, 5, 0, 5, 0, 0
42210, 0, 2, 1, 1, 0, 0
42211, 0, 3, 2, 1, 0, 0
8569, 0, 4, 4, 0, 0, 0
10052, 39, 30, 3, 27, 23, 16
14912, 24, 8, 2, 6, 9, 15
16176, 12, 7, 0, 7, 4, 8
18353, 0, 4, 3, 1, 0, 0
18985, 25, 22, 18, 4, 9, 16
20171, 0, 7, 2, 5, 0, 0
23023, 24, 9, 9, 0, 21, 3
24764, 0, 3, 2, 1, 0, 0
28973, 0, 3, 2, 1, 0, 0
30734, 13, 12, 6, 6, 9, 4
34741, 7, 9, 5, 4, 7, 0
34743, 4, 2, 0, 2, 3, 1
34890, 0, 3, 1, 2, 0, 0
39221, 0, 8, 6, 2, 0, 0
42212, 0, 2, 2, 0, 0, 0
42213, 5, 6, 5, 1, 4, 1
42214, 0, 2, 1, 1, 0, 0
42215, 0, 3, 2, 1, 0, 0
42216, 0, 2, 1, 1, 0, 0
42217, 2, 2, 0, 2, 0, 2
42218, 0, 2, 0, 2, 0, 0
42219, 0, 1, 0, 1, 0, 0
42220, 0, 1, 0, 1, 0, 0
42221, 0, 2, 1, 1, 0, 0
42222, 0, 4, 0, 4, 0, 0
42223, 0, 1, 0, 1, 0, 0
42224, 0, 3, 0, 3, 0, 0
6790, 0, 20, 16, 4, 0, 0
24713, 0, 8, 8, 0, 0, 0
42225, 0, 2, 2, 0, 0, 0
4962, 1, 30, 23, 7, 1, 0
13698, 25, 25, 22, 3, 24, 1
21459, 0, 7, 7, 0, 0, 0
28157, 4, 8, 8, 0, 4, 0
32459, 0, 5, 4, 1, 0, 0
35213, 5, 10, 7, 3, 5, 0
35564, 0, 4, 2, 2, 0, 0
35682, 0, 3, 3, 0, 0, 0
36427, 0, 4, 2, 2, 0, 0
42226, 0, 2, 2, 0, 0, 0
42227, 0, 2, 2, 0, 0, 0
42228, 0, 1, 1, 0, 0, 0
42229, 0, 3, 2, 1, 0, 0
42230, 0, 1, 1, 0, 0, 0
42231, 0, 1, 1, 0, 0, 0
42232, 4, 2, 1, 1, 3, 1
42233, 1, 2, 2, 0, 1, 0
42234, 1, 1, 1, 0, 1, 0
42235, 0, 1, 1, 0, 0, 0
3630, 17, 11, 10, 1, 13, 4
3775, 7, 4, 4, 0, 7, 0
3972, 1, 16, 13, 3, 1, 0
5917, 15, 18, 13, 5, 6, 9
6700, 39, 11, 11, 0, 39, 0
7795, 3, 17, 16, 1, 3, 0
8837, 9, 40, 26, 14, 9, 0
8842, 0, 2, 2, 0, 0, 0
8844, 0, 2, 2, 0, 0, 0
8846, 35, 6, 6, 0, 24, 11
8848, 31, 15, 10, 5, 6, 25
8849, 0, 2, 2, 0, 0, 0
8850, 5, 11, 8, 3, 5, 0
8853, 0, 3, 3, 0, 0, 0
8860, 27, 2, 2, 0, 16, 11
8861, 26, 6, 6, 0, 26, 0
8862, 0, 6, 6, 0, 0, 0
8865, 3, 2, 2, 0, 3, 0
8866, 6, 4, 4, 0, 6, 0
8867, 0, 5, 4, 1, 0, 0
8868, 0, 4, 4, 0, 0, 0
8869, 70, 30, 17, 13, 53, 17
8870, 0, 2, 2, 0, 0, 0
8871, 20, 6, 5, 1, 7, 13
8872, 0, 10, 10, 0, 0, 0
8875, 3, 2, 2, 0, 3, 0
8878, 0, 2, 2, 0, 0, 0
8879, 13, 6, 3, 3, 3, 10
8882, 10, 22, 18, 4, 10, 0
8887, 0, 5, 5, 0, 0, 0
8888, 1, 2, 2, 0, 1, 0
8889, 7, 4, 4, 0, 6, 1
8891, 18, 3, 3, 0, 17, 1
8892, 1, 9, 8, 1, 1, 0
8894, 0, 6, 6, 0, 0, 0
8897, 25, 8, 7, 1, 19, 6
8898, 24, 5, 4, 1, 21, 3
8899, 37, 2, 2, 0, 28, 9
8900, 20, 4, 4, 0, 20, 0
8901, 0, 2, 2, 0, 0, 0
8904, 3, 2, 2, 0, 3, 0
8905, 17, 11, 9, 2, 15, 2
8906, 369, 1, 1, 0, 369, 0
8907, 1, 5, 4, 1, 1, 0
8908, 0, 9, 9, 0, 0, 0
8911, 0, 3, 3, 0, 0, 0
8913, 17, 4, 4, 0, 17, 0
8915, 2, 4, 4, 0, 2, 0
8918, 5, 3, 3, 0, 5, 0
8919, 23, 6, 6, 0, 23, 0
8920, 0, 4, 4, 0, 0, 0
8922, 0, 2, 2, 0, 0, 0
8924, 1, 2, 2, 0, 1, 0
8926, 0, 5, 3, 2, 0, 0
8927, 5, 7, 4, 3, 5, 0
8933, 0, 2, 2, 0, 0, 0
8934, 3, 5, 5, 0, 2, 1
8935, 2, 11, 11, 0, 0, 2
8936, 18, 4, 4, 0, 17, 1
8937, 25, 4, 4, 0, 22, 3
8941, 0, 28, 24, 4, 0, 0
8942, 1, 6, 6, 0, 0, 1
8947, 1, 2, 2, 0, 0, 1
8948, 1, 4, 2, 2, 1, 0
8949, 2, 13, 12, 1, 2, 0
8950, 18, 7, 5, 2, 16, 2
8951, 15, 5, 4, 1, 13, 2
8953, 37, 9, 7, 2, 25, 12
8955, 1, 2, 2, 0, 1, 0
8956, 14, 6, 5, 1, 13, 1
8958, 0, 4, 4, 0, 0, 0
8959, 148, 7, 6, 1, 64, 84
2062, 1, 7, 4, 3, 0, 1
2255, 0, 4, 3, 1, 0, 0
2261, 0, 11, 11, 0, 0, 0
2350, 0, 4, 4, 0, 0, 0
3757, 12, 7, 7, 0, 12, 0
6526, 0, 13, 13, 0, 0, 0
6923, 11, 9, 9, 0, 11, 0
7447, 0, 4, 4, 0, 0, 0
8964, 0, 8, 8, 0, 0, 0
9531, 6, 11, 7, 4, 5, 1
9734, 0, 19, 19, 0, 0, 0
11552, 0, 6, 6, 0, 0, 0
11555, 2, 1, 1, 0, 2, 0
11556, 0, 26, 26, 0, 0, 0
11557, 0, 1, 1, 0, 0, 0
11558, 0, 11, 11, 0, 0, 0
11559, 4, 2, 2, 0, 3, 1
11560, 2, 3, 2, 1, 2, 0
11561, 0, 1, 1, 0, 0, 0
11562, 16, 9, 9, 0, 13, 3
11565, 0, 3, 2, 1, 0, 0
11566, 2, 27, 14, 13, 2, 0
11569, 0, 1, 1, 0, 0, 0
11571, 4, 5, 5, 0, 4, 0
11574, 0, 2, 2, 0, 0, 0
11575, 0, 2, 2, 0, 0, 0
11578, 41, 4, 4, 0, 36, 5
11579, 0, 2, 2, 0, 0, 0
11586, 0, 9, 8, 1, 0, 0
11590, 0, 4, 4, 0, 0, 0
11592, 1, 7, 7, 0, 1, 0
11593, 2, 2, 2, 0, 2, 0
11594, 29, 5, 3, 2, 10, 19
11595, 0, 1, 1, 0, 0, 0
11596, 0, 2, 2, 0, 0, 0
11597, 0, 1, 1, 0, 0, 0
11598, 50, 1, 1, 0, 31, 19
11601, 12, 1, 1, 0, 12, 0
11605, 1, 1, 1, 0, 1, 0
11606, 0, 6, 5, 1, 0, 0
11607, 2, 6, 6, 0, 2, 0
11609, 5, 18, 14, 4, 4, 1
11613, 0, 4, 4, 0, 0, 0
11614, 0, 3, 3, 0, 0, 0
11616, 0, 4, 1, 3, 0, 0
42236, 0, 2, 0, 2, 0, 0
5481, 7, 51, 40, 11, 6, 1
13426, 35, 17, 17, 0, 29, 6
35987, 0, 3, 3, 0, 0, 0
2869, 3, 8, 7, 1, 2, 1
12787, 0, 8, 6, 2, 0, 0
16456, 13, 11, 11, 0, 13, 0
33345, 5, 3, 2, 1, 4, 1
33882, 0, 4, 4, 0, 0, 0
34532, 0, 3, 3, 0, 0, 0
37103, 1, 5, 4, 1, 1, 0
42237, 0, 2, 1, 1, 0, 0
42238, 0, 1, 1, 0, 0, 0
42239, 50, 6, 4, 2, 21, 29
42240, 0, 1, 1, 0, 0, 0
42241, 0, 1, 1, 0, 0, 0
34303, 3, 4, 4, 0, 3, 0
42242, 0, 2, 2, 0, 0, 0
5072, 0, 45, 45, 0, 0, 0
12150, 0, 13, 8, 5, 0, 0
42243, 0, 4, 4, 0, 0, 0
42244, 0, 1, 1, 0, 0, 0
9020, 40, 22, 14, 8, 40, 0
10423, 2, 11, 7, 4, 2, 0
12251, 0, 3, 3, 0, 0, 0
15346, 0, 4, 4, 0, 0, 0
17275, 0, 7, 5, 2, 0, 0
17843, 0, 2, 2, 0, 0, 0
18475, 0, 6, 5, 1, 0, 0
20371, 6, 13, 9, 4, 5, 1
25946, 0, 15, 2, 13, 0, 0
33147, 0, 16, 16, 0, 0, 0
42245, 14, 10, 5, 5, 14, 0
42246, 0, 1, 1, 0, 0, 0
42247, 1, 1, 1, 0, 1, 0
42248, 1, 2, 2, 0, 1, 0
42249, 0, 2, 2, 0, 0, 0
42250, 0, 1, 0, 1, 0, 0
42251, 0, 6, 4, 2, 0, 0
6109, 69, 8, 7, 1, 69, 0
6781, 29, 10, 10, 0, 24, 5
8209, 8, 17, 13, 4, 6, 2
8540, 81, 21, 14, 7, 58, 23
13068, 0, 6, 6, 0, 0, 0
17510, 23, 10, 6, 4, 16, 7
22397, 1, 3, 3, 0, 1, 0
28175, 82, 6, 3, 3, 30, 52
39122, 1, 1, 1, 0, 1, 0
39123, 6, 2, 2, 0, 5, 1
39124, 1, 1, 1, 0, 1, 0
39125, 8, 1, 1, 0, 6, 2
39126, 0, 3, 3, 0, 0, 0
22171, 0, 4, 4, 0, 0, 0
36350, 14, 6, 5, 1, 1, 13
38736, 2, 7, 4, 3, 2, 0
42252, 0, 1, 1, 0, 0, 0
42253, 0, 3, 3, 0, 0, 0
25912, 8, 8, 8, 0, 8, 0
42254, 5, 2, 2, 0, 3, 2
42255, 0, 2, 2, 0, 0, 0
18155, 8, 3, 3, 0, 8, 0
27862, 0, 19, 19, 0, 0, 0
40618, 0, 2, 1, 1, 0, 0
3821, 2, 7, 6, 1, 2, 0
8280, 4, 13, 11, 2, 1, 3
9172, 4, 11, 5, 6, 4, 0
9206, 0, 29, 15, 14, 0, 0
10225, 0, 17, 13, 4, 0, 0
10562, 1, 3, 3, 0, 1, 0
11988, 5, 12, 8, 4, 4, 1
12062, 7, 12, 7, 5, 7, 0
12130, 0, 17, 13, 4, 0, 0
12178, 0, 10, 7, 3, 0, 0
12212, 1, 5, 2, 3, 1, 0
12430, 202, 8, 7, 1, 202, 0
14637, 1, 8, 5, 3, 1, 0
17804, 5, 3, 2, 1, 5, 0
17823, 0, 11, 7, 4, 0, 0
18245, 0, 3, 3, 0, 0, 0
21499, 8, 3, 2, 1, 8, 0
21836, 8, 7, 7, 0, 8, 0
23969, 41, 11, 7, 4, 26, 15
26235, 19, 5, 4, 1, 18, 1
26270, 2, 2, 2, 0, 2, 0
26279, 1, 3, 3, 0, 1, 0
26896, 57, 4, 3, 1, 54, 3
27816, 39, 7, 5, 2, 19, 20
28757, 36, 5, 3, 2, 27, 9
29207, 0, 44, 41, 3, 0, 0
29860, 5, 3, 3, 0, 1, 4
29942, 11, 8, 4, 4, 8, 3
31134, 0, 3, 2, 1, 0, 0
31255, 0, 11, 11, 0, 0, 0
33016, 0, 11, 1, 10, 0, 0
34489, 1, 4, 4, 0, 1, 0
35528, 0, 5, 1, 4, 0, 0
35542, 0, 2, 0, 2, 0, 0
36616, 1, 5, 4, 1, 1, 0
36840, 1, 6, 2, 4, 1, 0
38302, 0, 3, 3, 0, 0, 0
42064, 11, 6, 6, 0, 10, 1
42256, 1, 1, 1, 0, 1, 0
42257, 0, 2, 2, 0, 0, 0
42258, 1, 2, 2, 0, 1, 0
42259, 30, 3, 3, 0, 27, 3
42260, 50, 1, 1, 0, 47, 3
42261, 8, 3, 3, 0, 8, 0
42262, 47, 4, 4, 0, 41, 6
42263, 9, 1, 1, 0, 9, 0
42264, 0, 2, 1, 1, 0, 0
42265, 0, 1, 1, 0, 0, 0
42266, 0, 1, 1, 0, 0, 0
42267, 0, 2, 2, 0, 0, 0
42268, 1, 5, 3, 2, 1, 0
42269, 0, 1, 1, 0, 0, 0
42270, 0, 1, 1, 0, 0, 0
42271, 1, 1, 1, 0, 1, 0
42272, 0, 1, 1, 0, 0, 0
42273, 0, 1, 1, 0, 0, 0
42274, 0, 1, 1, 0, 0, 0
42275, 2, 1, 1, 0, 2, 0
42276, 0, 1, 1, 0, 0, 0
42277, 1, 1, 1, 0, 1, 0
42278, 0, 3, 1, 2, 0, 0
42279, 8, 3, 2, 1, 8, 0
42280, 1, 2, 0, 2, 0, 1
42281, 1, 9, 0, 9, 0, 1
37435, 0, 2, 0, 2, 0, 0
6141, 103, 8, 4, 4, 0, 103
6558, 12, 16, 16, 0, 11, 1
13085, 0, 19, 13, 6, 0, 0
13407, 0, 6, 6, 0, 0, 0
15050, 0, 12, 10, 2, 0, 0
16311, 8, 11, 1, 10, 6, 2
18433, 2, 22, 14, 8, 2, 0
20656, 9, 11, 11, 0, 9, 0
24634, 13, 19, 15, 4, 13, 0
28881, 13, 9, 6, 3, 10, 3
31290, 1, 6, 6, 0, 1, 0
33447, 17, 9, 4, 5, 15, 2
33582, 13, 6, 6, 0, 13, 0
41436, 0, 2, 2, 0, 0, 0
42282, 0, 4, 3, 1, 0, 0
42283, 0, 2, 2, 0, 0, 0
42284, 0, 1, 1, 0, 0, 0
42285, 1, 3, 2, 1, 1, 0
42286, 0, 3, 2, 1, 0, 0
42287, 0, 3, 2, 1, 0, 0
42288, 0, 1, 0, 1, 0, 0
5491, 13, 14, 13, 1, 13, 0
12618, 13, 6, 5, 1, 13, 0
32607, 1, 9, 9, 0, 0, 1
41881, 0, 7, 5, 2, 0, 0
16769, 3, 5, 5, 0, 3, 0
42289, 35, 14, 14, 0, 18, 17
42290, 13, 2, 2, 0, 12, 1
3633, 0, 18, 15, 3, 0, 0
3636, 0, 8, 4, 4, 0, 0
5528, 0, 5, 4, 1, 0, 0
6628, 2, 35, 16, 19, 0, 2
8814, 7, 5, 4, 1, 7, 0
10187, 4, 2, 2, 0, 4, 0
13267, 2, 7, 6, 1, 0, 2
13877, 0, 3, 3, 0, 0, 0
14881, 21, 8, 8, 0, 19, 2
16609, 0, 5, 3, 2, 0, 0
17006, 10, 8, 6, 2, 10, 0
18255, 6, 4, 2, 2, 5, 1
18371, 0, 7, 6, 1, 0, 0
19057, 0, 11, 11, 0, 0, 0
19634, 9, 6, 5, 1, 9, 0
20048, 5, 7, 2, 5, 3, 2
20080, 0, 3, 1, 2, 0, 0
20307, 1, 23, 16, 7, 1, 0
21001, 3, 15, 8, 7, 3, 0
22327, 7, 3, 3, 0, 7, 0
22804, 40, 4, 4, 0, 18, 22
24022, 1, 5, 3, 2, 1, 0
25324, 3, 7, 6, 1, 3, 0
25563, 2, 2, 1, 1, 2, 0
27826, 0, 3, 3, 0, 0, 0
28443, 0, 4, 2, 2, 0, 0
30555, 2, 8, 6, 2, 2, 0
32458, 0, 3, 0, 3, 0, 0
33058, 0, 5, 4, 1, 0, 0
33415, 0, 3, 3, 0, 0, 0
34111, 2, 4, 1, 3, 2, 0
34175, 1, 1, 1, 0, 1, 0
35600, 0, 5, 4, 1, 0, 0
35776, 0, 7, 6, 1, 0, 0
37859, 1, 2, 1, 1, 0, 1
38395, 0, 2, 2, 0, 0, 0
38452, 6, 8, 3, 5, 5, 1
38804, 1, 6, 3, 3, 1, 0
38984, 1, 5, 3, 2, 0, 1
39177, 1, 5, 0, 5, 1, 0
41019, 0, 5, 3, 2, 0, 0
42291, 6, 2, 2, 0, 5, 1
42292, 0, 2, 1, 1, 0, 0
42293, 0, 1, 1, 0, 0, 0
42294, 6, 3, 3, 0, 6, 0
42295, 1, 3, 2, 1, 0, 1
42296, 0, 1, 1, 0, 0, 0
42297, 0, 3, 2, 1, 0, 0
42298, 0, 2, 2, 0, 0, 0
42299, 0, 1, 1, 0, 0, 0
42300, 1, 4, 3, 1, 1, 0
42301, 0, 4, 4, 0, 0, 0
42302, 0, 6, 3, 3, 0, 0
42303, 0, 1, 1, 0, 0, 0
42304, 2, 1, 1, 0, 2, 0
42305, 0, 2, 2, 0, 0, 0
42306, 0, 2, 2, 0, 0, 0
42307, 0, 1, 1, 0, 0, 0
42308, 0, 1, 1, 0, 0, 0
42309, 0, 1, 1, 0, 0, 0
42310, 0, 1, 1, 0, 0, 0
42311, 0, 3, 2, 1, 0, 0
42312, 0, 4, 1, 3, 0, 0
42313, 4, 3, 1, 2, 4, 0
42314, 0, 5, 4, 1, 0, 0
42315, 0, 1, 0, 1, 0, 0
42316, 0, 2, 0, 2, 0, 0
14138, 1, 15, 13, 2, 1, 0
35333, 0, 4, 4, 0, 0, 0
35334, 9, 2, 1, 1, 8, 1
6239, 12, 14, 9, 5, 9, 3
12341, 2, 5, 3, 2, 2, 0
14158, 7, 2, 2, 0, 7, 0
19483, 129, 7, 4, 3, 72, 57
20146, 30, 10, 8, 2, 23, 7
21801, 38, 5, 5, 0, 20, 18
22291, 52, 2, 2, 0, 25, 27
24747, 10, 1, 1, 0, 9, 1
24947, 14, 13, 9, 4, 14, 0
26691, 35, 10, 8, 2, 7, 28
26835, 9, 23, 9, 14, 9, 0
28846, 72, 2, 2, 0, 41, 31
30612, 5, 2, 2, 0, 4, 1
33010, 7, 6, 5, 1, 6, 1
40359, 37, 1, 1, 0, 36, 1
42317, 5, 1, 1, 0, 5, 0
42318, 25, 4, 3, 1, 21, 4
42319, 7, 1, 1, 0, 7, 0
42320, 3, 2, 1, 1, 2, 1
42321, 9, 1, 1, 0, 8, 1
42322, 8, 2, 2, 0, 7, 1
42323, 10, 1, 1, 0, 10, 0
42324, 58, 4, 1, 3, 28, 30
42325, 2, 1, 1, 0, 2, 0
42326, 1, 2, 2, 0, 1, 0
42327, 9, 3, 2, 1, 8, 1
42328, 2, 1, 1, 0, 1, 1
42329, 16, 2, 2, 0, 16, 0
42330, 61, 2, 2, 0, 54, 7
4023, 0, 10, 6, 4, 0, 0
42331, 5, 6, 4, 2, 5, 0
42332, 2, 2, 1, 1, 2, 0
26814, 16, 6, 4, 2, 16, 0
41664, 0, 12, 10, 2, 0, 0
42333, 0, 2, 2, 0, 0, 0
35731, 6, 2, 2, 0, 6, 0
39172, 0, 2, 2, 0, 0, 0
5305, 6, 2, 2, 0, 3, 3
5357, 0, 3, 2, 1, 0, 0
5389, 25, 12, 10, 2, 20, 5
6938, 0, 4, 4, 0, 0, 0
11494, 3, 3, 3, 0, 3, 0
11513, 1, 5, 1, 4, 1, 0
11981, 16, 9, 6, 3, 14, 2
14136, 2, 31, 26, 5, 2, 0
15218, 31, 27, 18, 9, 31, 0
15272, 15, 5, 4, 1, 14, 1
15580, 1, 5, 5, 0, 0, 1
16867, 14, 16, 11, 5, 11, 3
17883, 7, 9, 7, 2, 6, 1
19334, 20, 17, 12, 5, 20, 0
23952, 0, 5, 5, 0, 0, 0
25931, 8, 17, 17, 0, 5, 3
28367, 9, 13, 11, 2, 8, 1
29375, 0, 8, 8, 0, 0, 0
33736, 21, 12, 9, 3, 20, 1
35719, 0, 13, 11, 2, 0, 0
35920, 0, 4, 4, 0, 0, 0
36552, 0, 3, 3, 0, 0, 0
37916, 1, 7, 4, 3, 1, 0
42334, 5, 3, 2, 1, 5, 0
42335, 1, 1, 1, 0, 1, 0
42336, 0, 4, 4, 0, 0, 0
42337, 0, 3, 2, 1, 0, 0
42338, 0, 1, 1, 0, 0, 0
42339, 0, 1, 1, 0, 0, 0
42340, 1, 8, 5, 3, 1, 0
42341, 8, 3, 1, 2, 2, 6
42342, 0, 1, 1, 0, 0, 0
42343, 2, 3, 3, 0, 2, 0
42344, 0, 1, 1, 0, 0, 0
42345, 0, 1, 1, 0, 0, 0
42346, 1, 5, 2, 3, 1, 0
42347, 0, 1, 1, 0, 0, 0
42348, 0, 1, 1, 0, 0, 0
42349, 0, 1, 1, 0, 0, 0
42350, 0, 1, 1, 0, 0, 0
42351, 0, 1, 1, 0, 0, 0
42352, 0, 1, 1, 0, 0, 0
42353, 1, 3, 2, 1, 1, 0
2983, 2, 4, 3, 1, 2, 0
11114, 0, 31, 22, 9, 0, 0
14163, 1, 7, 2, 5, 1, 0
31436, 0, 5, 1, 4, 0, 0
36837, 0, 7, 2, 5, 0, 0
38371, 5, 6, 3, 3, 5, 0
39050, 25, 6, 3, 3, 13, 12
42354, 0, 5, 5, 0, 0, 0
42355, 0, 1, 1, 0, 0, 0
42356, 0, 1, 0, 1, 0, 0
42357, 0, 1, 0, 1, 0, 0
42358, 0, 1, 0, 1, 0, 0
42359, 0, 1, 0, 1, 0, 0
42360, 0, 1, 0, 1, 0, 0
42361, 11, 1, 0, 1, 11, 0
42362, 2, 1, 0, 1, 2, 0
42363, 0, 1, 0, 1, 0, 0
37546, 0, 2, 2, 0, 0, 0
42364, 0, 4, 2, 2, 0, 0
42365, 0, 1, 1, 0, 0, 0
42366, 0, 1, 1, 0, 0, 0
5121, 179, 21, 12, 9, 61, 118
42367, 20, 5, 5, 0, 19, 1
2342, 1, 17, 14, 3, 1, 0
2910, 0, 19, 15, 4, 0, 0
3772, 0, 15, 14, 1, 0, 0
4426, 1, 20, 16, 4, 1, 0
5729, 0, 13, 12, 1, 0, 0
5894, 0, 22, 13, 9, 0, 0
7792, 5, 8, 8, 0, 5, 0
9478, 0, 14, 10, 4, 0, 0
9504, 1, 3, 3, 0, 0, 1
12779, 3, 10, 6, 4, 3, 0
12802, 0, 4, 4, 0, 0, 0
13622, 7, 10, 7, 3, 7, 0
14214, 0, 24, 16, 8, 0, 0
14262, 6, 9, 6, 3, 1, 5
14969, 14, 9, 3, 6, 14, 0
15355, 9, 5, 2, 3, 9, 0
16142, 0, 5, 4, 1, 0, 0
16214, 4, 15, 14, 1, 4, 0
16296, 0, 3, 2, 1, 0, 0
17305, 6, 3, 2, 1, 6, 0
17876, 0, 5, 5, 0, 0, 0
19451, 1, 26, 8, 18, 0, 1
19679, 0, 3, 3, 0, 0, 0
20689, 6, 8, 8, 0, 1, 5
21895, 32, 8, 8, 0, 19, 13
22347, 25, 9, 9, 0, 23, 2
27819, 0, 3, 1, 2, 0, 0
30227, 0, 5, 3, 2, 0, 0
30918, 0, 4, 4, 0, 0, 0
36415, 1, 2, 1, 1, 1, 0
36578, 201, 7, 0, 7, 0, 201
36669, 1, 4, 3, 1, 1, 0
36830, 0, 5, 4, 1, 0, 0
36847, 4, 2, 1, 1, 1, 3
36848, 0, 1, 1, 0, 0, 0
36849, 0, 1, 1, 0, 0, 0
36850, 7, 3, 3, 0, 4, 3
36851, 8, 6, 6, 0, 8, 0
36852, 0, 1, 1, 0, 0, 0
36853, 7, 3, 2, 1, 5, 2
36854, 0, 4, 4, 0, 0, 0
36855, 0, 2, 1, 1, 0, 0
36856, 0, 9, 8, 1, 0, 0
36857, 5, 6, 6, 0, 5, 0
36858, 0, 3, 2, 1, 0, 0
36859, 0, 1, 1, 0, 0, 0
36860, 0, 1, 1, 0, 0, 0
36861, 60, 5, 5, 0, 60, 0
36862, 0, 1, 1, 0, 0, 0
36864, 1, 1, 0, 1, 0, 1
36865, 0, 1, 0, 1, 0, 0
36866, 0, 5, 0, 5, 0, 0
36867, 0, 2, 0, 2, 0, 0
36868, 0, 3, 1, 2, 0, 0
36869, 0, 2, 1, 1, 0, 0
36870, 3, 3, 1, 2, 0, 3
36871, 0, 1, 0, 1, 0, 0
36872, 0, 8, 4, 4, 0, 0
36873, 0, 1, 0, 1, 0, 0
36874, 10, 11, 8, 3, 10, 0
36875, 0, 1, 0, 1, 0, 0
5750, 3, 8, 5, 3, 3, 0
9684, 0, 32, 14, 18, 0, 0
14161, 6, 9, 6, 3, 2, 4
15718, 2, 2, 2, 0, 2, 0
17144, 11, 9, 3, 6, 10, 1
25555, 4, 9, 9, 0, 4, 0
26072, 12, 2, 2, 0, 12, 0
29625, 1, 7, 4, 3, 0, 1
31386, 157, 15, 11, 4, 88, 69
34075, 0, 3, 3, 0, 0, 0
34130, 25, 2, 2, 0, 24, 1
37543, 0, 4, 4, 0, 0, 0
38770, 12, 3, 3, 0, 10, 2
42368, 0, 7, 5, 2, 0, 0
42369, 36, 1, 1, 0, 36, 0
42370, 1, 1, 1, 0, 1, 0
42371, 0, 2, 1, 1, 0, 0
42372, 8, 3, 3, 0, 4, 4
42373, 10, 1, 1, 0, 10, 0
42374, 0, 3, 2, 1, 0, 0
15535, 13, 24, 11, 13, 5, 8
36932, 6, 6, 6, 0, 6, 0
37200, 35, 3, 3, 0, 30, 5
42375, 8, 3, 3, 0, 7, 1
42376, 16, 5, 4, 1, 16, 0
18961, 0, 9, 9, 0, 0, 0
21334, 0, 11, 11, 0, 0, 0
18860, 4, 13, 13, 0, 4, 0
36005, 0, 9, 7, 2, 0, 0
36637, 0, 2, 2, 0, 0, 0
36638, 7, 1, 1, 0, 7, 0
29827, 1, 8, 1, 7, 1, 0
9591, 3, 6, 2, 4, 3, 0
9660, 3, 13, 8, 5, 3, 0
24195, 0, 7, 1, 6, 0, 0
25792, 1, 15, 7, 8, 1, 0
27324, 0, 7, 3, 4, 0, 0
27656, 0, 6, 5, 1, 0, 0
28830, 2, 7, 6, 1, 0, 2
30883, 0, 8, 2, 6, 0, 0
42377, 0, 1, 1, 0, 0, 0
42378, 0, 3, 2, 1, 0, 0
42379, 0, 1, 1, 0, 0, 0
42380, 0, 1, 1, 0, 0, 0
3114, 16, 31, 18, 13, 16, 0
19401, 23, 11, 10, 1, 13, 10
24922, 20, 10, 8, 2, 19, 1
42381, 0, 3, 2, 1, 0, 0
42382, 0, 11, 9, 2, 0, 0
42383, 0, 1, 0, 1, 0, 0
42384, 0, 3, 1, 2, 0, 0
17944, 0, 36, 36, 0, 0, 0
20341, 0, 10, 6, 4, 0, 0
30108, 0, 5, 4, 1, 0, 0
42385, 0, 4, 3, 1, 0, 0
42386, 0, 2, 1, 1, 0, 0
16019, 0, 12, 12, 0, 0, 0
24238, 16, 19, 18, 1, 15, 1
35837, 1, 1, 1, 0, 1, 0
35838, 0, 5, 5, 0, 0, 0
42387, 0, 2, 2, 0, 0, 0
42388, 3, 2, 2, 0, 3, 0
2041, 0, 7, 5, 2, 0, 0
2864, 0, 2, 1, 1, 0, 0
4517, 0, 15, 10, 5, 0, 0
22867, 1, 13, 8, 5, 1, 0
25075, 8, 6, 6, 0, 7, 1
29443, 3, 3, 3, 0, 3, 0
29445, 0, 1, 1, 0, 0, 0
29446, 1, 7, 5, 2, 1, 0
29447, 0, 2, 2, 0, 0, 0
29449, 2, 3, 1, 2, 2, 0
29450, 0, 3, 3, 0, 0, 0
29451, 0, 1, 1, 0, 0, 0
29452, 0, 1, 1, 0, 0, 0
29453, 0, 1, 1, 0, 0, 0
29454, 4, 8, 4, 4, 4, 0
29455, 0, 4, 3, 1, 0, 0
29456, 1, 1, 1, 0, 1, 0
29457, 0, 3, 2, 1, 0, 0
29458, 2, 1, 1, 0, 0, 2
29459, 0, 2, 1, 1, 0, 0
29460, 5, 5, 2, 3, 5, 0
29461, 4, 4, 1, 3, 4, 0
29462, 0, 1, 0, 1, 0, 0
8314, 0, 29, 24, 5, 0, 0
22644, 15, 4, 4, 0, 13, 2
13964, 0, 7, 4, 3, 0, 0
24590, 2, 4, 4, 0, 2, 0
13771, 1, 13, 10, 3, 1, 0
37337, 5, 4, 4, 0, 4, 1
39208, 0, 3, 3, 0, 0, 0
42389, 0, 1, 1, 0, 0, 0
42390, 1, 1, 1, 0, 1, 0
42391, 5, 5, 5, 0, 1, 4
42392, 0, 1, 1, 0, 0, 0
42393, 0, 2, 2, 0, 0, 0
42394, 1, 2, 2, 0, 1, 0
23274, 19, 6, 6, 0, 16, 3
7535, 10, 15, 9, 6, 10, 0
26831, 0, 6, 6, 0, 0, 0
33533, 2, 7, 7, 0, 2, 0
36957, 0, 2, 2, 0, 0, 0
40631, 0, 3, 3, 0, 0, 0
42395, 0, 5, 5, 0, 0, 0
5506, 201, 35, 31, 4, 104, 97
20340, 0, 6, 6, 0, 0, 0
20800, 3, 17, 14, 3, 0, 3
21445, 5, 3, 3, 0, 4, 1
41686, 1, 2, 2, 0, 1, 0
5436, 12, 17, 13, 4, 12, 0
5672, 29, 7, 6, 1, 17, 12
5798, 0, 12, 11, 1, 0, 0
6142, 1, 19, 7, 12, 0, 1
6968, 15, 20, 14, 6, 15, 0
15415, 8, 10, 5, 5, 6, 2
17729, 1, 4, 3, 1, 0, 1
18838, 3, 20, 16, 4, 3, 0
21079, 0, 5, 5, 0, 0, 0
21823, 10, 3, 2, 1, 8, 2
23272, 0, 12, 6, 6, 0, 0
24029, 11, 3, 2, 1, 10, 1
26460, 0, 3, 1, 2, 0, 0
27267, 6, 8, 8, 0, 0, 6
38687, 8, 13, 6, 7, 8, 0
40290, 0, 4, 2, 2, 0, 0
40596, 0, 3, 1, 2, 0, 0
41791, 1, 5, 3, 2, 1, 0
42545, 1, 2, 1, 1, 1, 0
42546, 2, 1, 1, 0, 2, 0
42547, 0, 4, 2, 2, 0, 0
42548, 0, 2, 2, 0, 0, 0
42549, 14, 3, 2, 1, 9, 5
42550, 25, 4, 4, 0, 24, 1
42551, 0, 1, 1, 0, 0, 0
42552, 0, 2, 2, 0, 0, 0
42553, 2, 1, 1, 0, 2, 0
42554, 0, 2, 2, 0, 0, 0
42555, 0, 1, 1, 0, 0, 0
42556, 0, 2, 1, 1, 0, 0
42557, 0, 1, 0, 1, 0, 0
42558, 4, 1, 0, 1, 4, 0
42559, 0, 1, 0, 1, 0, 0
42560, 0, 2, 1, 1, 0, 0
42561, 0, 1, 0, 1, 0, 0
42562, 0, 2, 0, 2, 0, 0
42563, 1, 1, 0, 1, 0, 1
42564, 3, 1, 0, 1, 3, 0
42565, 0, 2, 1, 1, 0, 0
42566, 3, 4, 1, 3, 3, 0
42567, 0, 1, 0, 1, 0, 0
42568, 0, 4, 3, 1, 0, 0
42569, 0, 4, 0, 4, 0, 0
42570, 0, 2, 1, 1, 0, 0
42571, 0, 1, 0, 1, 0, 0
1952, 183, 32, 19, 13, 56, 127
3130, 24, 7, 7, 0, 22, 2
14937, 2, 7, 1, 6, 2, 0
17768, 2, 12, 7, 5, 2, 0
21357, 0, 2, 2, 0, 0, 0
21359, 0, 4, 3, 1, 0, 0
2978, 0, 10, 5, 5, 0, 0
4292, 4, 7, 4, 3, 4, 0
4820, 25, 19, 12, 7, 24, 1
5501, 5, 5, 2, 3, 5, 0
5503, 0, 8, 4, 4, 0, 0
5512, 10, 6, 3, 3, 4, 6
5580, 18, 5, 2, 3, 13, 5
6918, 5, 7, 3, 4, 4, 1
8208, 9, 9, 6, 3, 6, 3
8270, 16, 6, 4, 2, 9, 7
9716, 0, 16, 11, 5, 0, 0
10101, 0, 16, 6, 10, 0, 0
10237, 1, 64, 59, 5, 1, 0
10513, 4, 35, 22, 13, 3, 1
11516, 8, 5, 1, 4, 7, 1
12061, 402, 1, 1, 0, 2, 400
12063, 0, 7, 2, 5, 0, 0
12065, 0, 9, 4, 5, 0, 0
12066, 0, 2, 0, 2, 0, 0
12067, 4, 2, 0, 2, 2, 2
12068, 28, 7, 4, 3, 23, 5
12069, 0, 2, 0, 2, 0, 0
12070, 1, 9, 4, 5, 0, 1
12071, 0, 4, 1, 3, 0, 0
12073, 0, 5, 1, 4, 0, 0
12075, 0, 2, 0, 2, 0, 0
12076, 16, 14, 11, 3, 15, 1
12077, 0, 4, 1, 3, 0, 0
12078, 1, 13, 2, 11, 0, 1
12079, 10, 22, 15, 7, 5, 5
12080, 3, 13, 9, 4, 3, 0
12082, 4, 23, 21, 2, 4, 0
12083, 23, 3, 1, 2, 21, 2
12087, 32, 8, 4, 4, 22, 10
12088, 0, 2, 0, 2, 0, 0
12089, 1, 4, 1, 3, 0, 1
12090, 1, 4, 1, 3, 1, 0
12092, 1, 4, 1, 3, 0, 1
12093, 0, 4, 1, 3, 0, 0
12094, 0, 4, 1, 3, 0, 0
12095, 1, 4, 1, 3, 1, 0
12097, 6, 6, 3, 3, 5, 1
12099, 0, 3, 1, 2, 0, 0
12100, 4, 14, 7, 7, 4, 0
12103, 1, 5, 1, 4, 0, 1
12104, 0, 3, 0, 3, 0, 0
12105, 0, 12, 3, 9, 0, 0
12106, 1, 5, 2, 3, 1, 0
12108, 0, 2, 0, 2, 0, 0
12110, 2, 5, 0, 5, 1, 1
12112, 29, 11, 6, 5, 18, 11
12113, 9, 6, 3, 3, 9, 0
12120, 3, 10, 6, 4, 0, 3
12121, 6, 2, 0, 2, 6, 0
12122, 2, 10, 8, 2, 2, 0
12123, 0, 4, 1, 3, 0, 0
12124, 0, 4, 1, 3, 0, 0
12125, 4, 3, 1, 2, 1, 3
12126, 1, 3, 0, 3, 1, 0
12128, 0, 4, 1, 3, 0, 0
12133, 0, 24, 21, 3, 0, 0
12134, 1, 5, 1, 4, 1, 0
12136, 11, 4, 2, 2, 0, 11
12140, 0, 3, 0, 3, 0, 0
12142, 1, 3, 1, 2, 1, 0
12144, 0, 4, 1, 3, 0, 0
12147, 9, 2, 0, 2, 9, 0
12148, 3, 8, 5, 3, 2, 1
12149, 0, 2, 0, 2, 0, 0
12151, 0, 2, 0, 2, 0, 0
12152, 0, 4, 1, 3, 0, 0
12153, 8, 5, 1, 4, 5, 3
12154, 0, 4, 0, 4, 0, 0
12155, 0, 5, 2, 3, 0, 0
12156, 5, 4, 1, 3, 5, 0
12158, 6, 4, 0, 4, 2, 4
12160, 18, 20, 5, 15, 9, 9
12165, 0, 15, 11, 4, 0, 0
12166, 0, 5, 3, 2, 0, 0
12167, 4, 8, 2, 6, 4, 0
12168, 11, 4, 0, 4, 2, 9
12169, 0, 10, 7, 3, 0, 0
12171, 0, 6, 3, 3, 0, 0
12173, 59, 5, 0, 5, 11, 48
12175, 4, 5, 2, 3, 3, 1
12176, 0, 5, 2, 3, 0, 0
12177, 0, 3, 0, 3, 0, 0
12179, 0, 10, 5, 5, 0, 0
12182, 0, 4, 1, 3, 0, 0
12183, 35, 2, 0, 2, 34, 1
12185, 0, 5, 3, 2, 0, 0
12186, 0, 2, 0, 2, 0, 0
12187, 0, 5, 3, 2, 0, 0
12188, 2, 12, 6, 6, 1, 1
12189, 6, 2, 0, 2, 6, 0
12192, 0, 2, 0, 2, 0, 0
12193, 8, 8, 5, 3, 8, 0
12194, 3, 4, 1, 3, 0, 3
12197, 0, 2, 0, 2, 0, 0
12198, 0, 2, 0, 2, 0, 0
12199, 0, 4, 1, 3, 0, 0
12200, 5, 4, 1, 3, 5, 0
12201, 0, 5, 1, 4, 0, 0
12202, 3, 7, 4, 3, 3, 0
12205, 3, 5, 1, 4, 2, 1
12206, 9, 16, 13, 3, 9, 0
12208, 0, 4, 1, 3, 0, 0
12209, 0, 5, 2, 3, 0, 0
12210, 1, 4, 1, 3, 1, 0
12211, 0, 3, 0, 3, 0, 0
12213, 1, 4, 1, 3, 1, 0
12214, 0, 8, 1, 7, 0, 0
12216, 1, 5, 2, 3, 0, 1
12218, 0, 4, 1, 3, 0, 0
12219, 0, 7, 4, 3, 0, 0
12221, 0, 7, 4, 3, 0, 0
12223, 12, 7, 4, 3, 10, 2
12224, 0, 4, 1, 3, 0, 0
12226, 0, 5, 2, 3, 0, 0
12227, 0, 4, 1, 3, 0, 0
12229, 1, 8, 5, 3, 1, 0
12230, 11, 12, 6, 6, 10, 1
12231, 0, 2, 0, 2, 0, 0
12232, 31, 15, 6, 9, 24, 7
12233, 3, 5, 2, 3, 3, 0
12234, 23, 5, 2, 3, 23, 0
12236, 4, 6, 2, 4, 2, 2
12237, 0, 6, 3, 3, 0, 0
12238, 0, 3, 1, 2, 0, 0
12239, 1, 10, 8, 2, 0, 1
12240, 0, 9, 5, 4, 0, 0
12242, 0, 5, 2, 3, 0, 0
27608, 24, 10, 9, 1, 16, 8
42572, 0, 10, 10, 0, 0, 0
2834, 0, 4, 3, 1, 0, 0
11805, 14, 13, 9, 4, 12, 2
13265, 15, 26, 8, 18, 14, 1
16933, 14, 9, 5, 4, 9, 5
18972, 7, 12, 7, 5, 7, 0
19873, 1, 10, 1, 9, 1, 0
19973, 0, 5, 3, 2, 0, 0
20782, 9, 7, 6, 1, 9, 0
22745, 0, 6, 0, 6, 0, 0
23799, 0, 7, 5, 2, 0, 0
27745, 0, 2, 0, 2, 0, 0
33333, 1, 15, 0, 15, 1, 0
38551, 0, 17, 1, 16, 0, 0
42573, 0, 8, 1, 7, 0, 0
42574, 0, 7, 2, 5, 0, 0
42575, 2, 6, 1, 5, 2, 0
42576, 0, 5, 3, 2, 0, 0
42577, 0, 3, 0, 3, 0, 0
42578, 1, 2, 1, 1, 1, 0
42579, 1, 2, 1, 1, 1, 0
42580, 0, 2, 0, 2, 0, 0
42581, 0, 3, 0, 3, 0, 0
42582, 0, 4, 0, 4, 0, 0
42583, 0, 1, 0, 1, 0, 0
42584, 0, 3, 0, 3, 0, 0
42585, 0, 2, 0, 2, 0, 0
42586, 0, 1, 0, 1, 0, 0
42587, 0, 4, 2, 2, 0, 0
26977, 0, 8, 6, 2, 0, 0
19066, 0, 11, 8, 3, 0, 0
42588, 0, 1, 0, 1, 0, 0
20806, 14, 7, 4, 3, 12, 2
22849, 5, 11, 9, 2, 4, 1
23452, 0, 8, 4, 4, 0, 0
5728, 11, 10, 4, 6, 6, 5
23734, 9, 6, 5, 1, 9, 0
37076, 3, 2, 2, 0, 3, 0
42589, 4, 3, 3, 0, 4, 0
42590, 0, 1, 1, 0, 0, 0
42591, 0, 1, 0, 1, 0, 0
4555, 3, 13, 5, 8, 2, 1
6089, 5, 6, 3, 3, 3, 2
6463, 40, 15, 12, 3, 38, 2
15147, 2, 10, 8, 2, 2, 0
15473, 2, 10, 1, 9, 2, 0
15785, 1, 4, 3, 1, 1, 0
19867, 15, 18, 8, 10, 15, 0
21480, 3, 13, 12, 1, 3, 0
23122, 0, 10, 3, 7, 0, 0
26178, 0, 9, 8, 1, 0, 0
26297, 0, 33, 20, 13, 0, 0
26307, 1, 4, 3, 1, 1, 0
26356, 42, 4, 3, 1, 35, 7
29162, 1, 7, 6, 1, 1, 0
29549, 2, 6, 2, 4, 2, 0
30929, 0, 2, 1, 1, 0, 0
31029, 0, 9, 6, 3, 0, 0
32482, 0, 4, 2, 2, 0, 0
34574, 0, 3, 1, 2, 0, 0
35083, 16, 3, 3, 0, 7, 9
40615, 3, 5, 1, 4, 3, 0
42592, 0, 1, 1, 0, 0, 0
42593, 0, 3, 3, 0, 0, 0
42594, 0, 1, 1, 0, 0, 0
42595, 2, 1, 1, 0, 2, 0
42596, 0, 1, 1, 0, 0, 0
42597, 5, 5, 3, 2, 5, 0
42598, 5, 9, 9, 0, 4, 1
42599, 0, 1, 1, 0, 0, 0
42600, 0, 1, 1, 0, 0, 0
42601, 6, 8, 3, 5, 6, 0
42602, 0, 1, 0, 1, 0, 0
42603, 0, 5, 2, 3, 0, 0
42604, 0, 1, 0, 1, 0, 0
42605, 0, 1, 0, 1, 0, 0
42606, 0, 1, 0, 1, 0, 0
42607, 0, 2, 0, 2, 0, 0
42608, 5, 1, 0, 1, 3, 2
42609, 1, 4, 1, 3, 1, 0
42610, 0, 1, 0, 1, 0, 0
42611, 0, 9, 1, 8, 0, 0
42612, 0, 4, 3, 1, 0, 0
42613, 1, 2, 1, 1, 1, 0
13383, 0, 17, 17, 0, 0, 0
13665, 0, 4, 4, 0, 0, 0
13893, 4, 7, 6, 1, 2, 2
14955, 8, 12, 10, 2, 8, 0
15204, 0, 5, 4, 1, 0, 0
15720, 0, 18, 15, 3, 0, 0
17509, 6, 14, 12, 2, 6, 0
25368, 42, 8, 6, 2, 26, 16
27314, 0, 4, 3, 1, 0, 0
42614, 0, 3, 3, 0, 0, 0
42615, 11, 5, 1, 4, 9, 2
42616, 0, 1, 0, 1, 0, 0
2859, 1, 15, 13, 2, 1, 0
5546, 36, 6, 2, 4, 7, 29
11969, 5, 14, 11, 3, 5, 0
12898, 0, 30, 21, 9, 0, 0
20707, 1, 10, 7, 3, 1, 0
21626, 0, 5, 2, 3, 0, 0
24023, 0, 7, 7, 0, 0, 0
29638, 0, 9, 7, 2, 0, 0
32669, 3, 17, 11, 6, 3, 0
35219, 11, 3, 2, 1, 11, 0
40286, 40, 3, 1, 2, 7, 33
40645, 5, 3, 1, 2, 5, 0
42617, 3, 4, 4, 0, 3, 0
42618, 0, 1, 1, 0, 0, 0
42619, 0, 4, 1, 3, 0, 0
42620, 0, 2, 0, 2, 0, 0
42621, 0, 1, 0, 1, 0, 0
42622, 0, 2, 0, 2, 0, 0
42623, 7, 4, 1, 3, 0, 7
42624, 1, 1, 0, 1, 1, 0
42625, 0, 1, 0, 1, 0, 0
16678, 1, 3, 3, 0, 1, 0
18251, 9, 12, 9, 3, 6, 3
19326, 3, 11, 9, 2, 3, 0
21449, 4, 2, 2, 0, 4, 0
24313, 27, 7, 4, 3, 22, 5
24319, 14, 8, 4, 4, 4, 10
24597, 20, 5, 5, 0, 20, 0
25386, 7, 4, 4, 0, 7, 0
25387, 7, 1, 1, 0, 0, 7
25388, 2, 1, 1, 0, 2, 0
25389, 0, 2, 2, 0, 0, 0
25391, 4, 1, 1, 0, 1, 3
25392, 2, 8, 5, 3, 1, 1
25393, 58, 3, 3, 0, 56, 2
25395, 0, 1, 1, 0, 0, 0
25396, 0, 1, 1, 0, 0, 0
25397, 16, 1, 0, 1, 16, 0
25398, 0, 15, 11, 4, 0, 0
25399, 0, 7, 6, 1, 0, 0
25400, 9, 3, 2, 1, 6, 3
20164, 13, 8, 1, 7, 5, 8
26403, 0, 2, 0, 2, 0, 0
42626, 2, 2, 1, 1, 0, 2
42627, 0, 1, 0, 1, 0, 0
42628, 0, 3, 2, 1, 0, 0
42629, 0, 1, 0, 1, 0, 0
34816, 4, 6, 5, 1, 3, 1
38489, 0, 1, 0, 1, 0, 0
22788, 2, 6, 6, 0, 2, 0
25381, 0, 20, 19, 1, 0, 0
27725, 6, 1, 1, 0, 6, 0
27726, 0, 1, 1, 0, 0, 0
27727, 0, 1, 1, 0, 0, 0
27728, 8, 4, 4, 0, 8, 0
27729, 0, 5, 2, 3, 0, 0
27730, 0, 2, 2, 0, 0, 0
27731, 0, 1, 1, 0, 0, 0
27732, 0, 1, 0, 1, 0, 0
27733, 0, 1, 0, 1, 0, 0
17336, 0, 2, 1, 1, 0, 0
18041, 13, 8, 4, 4, 13, 0
18346, 31, 4, 4, 0, 31, 0
18843, 1, 2, 0, 2, 1, 0
22691, 0, 4, 1, 3, 0, 0
25277, 1, 10, 5, 5, 1, 0
30349, 0, 2, 0, 2, 0, 0
36546, 0, 2, 2, 0, 0, 0
38261, 0, 3, 1, 2, 0, 0
42630, 0, 1, 1, 0, 0, 0
42631, 0, 1, 1, 0, 0, 0
42632, 0, 2, 1, 1, 0, 0
42633, 0, 1, 0, 1, 0, 0
42634, 0, 2, 1, 1, 0, 0
42635, 0, 2, 1, 1, 0, 0
42636, 0, 2, 1, 1, 0, 0
42637, 0, 2, 1, 1, 0, 0
42638, 0, 2, 1, 1, 0, 0
42639, 0, 2, 1, 1, 0, 0
42640, 0, 2, 1, 1, 0, 0
42641, 0, 2, 1, 1, 0, 0
42642, 0, 2, 1, 1, 0, 0
42643, 0, 2, 0, 2, 0, 0
42644, 0, 2, 1, 1, 0, 0
42645, 0, 2, 1, 1, 0, 0
42646, 0, 2, 1, 1, 0, 0
42647, 0, 2, 1, 1, 0, 0
42648, 0, 2, 1, 1, 0, 0
42649, 0, 2, 1, 1, 0, 0
20355, 0, 9, 9, 0, 0, 0
33422, 1, 10, 10, 0, 1, 0
3595, 11, 15, 13, 2, 11, 0
5473, 0, 24, 18, 6, 0, 0
5496, 3, 3, 1, 2, 0, 3
5499, 201, 7, 6, 1, 201, 0
5500, 203, 10, 7, 3, 172, 31
5505, 7, 2, 2, 0, 7, 0
5508, 4, 4, 4, 0, 4, 0
5509, 1, 3, 3, 0, 1, 0
5510, 0, 1, 1, 0, 0, 0
5514, 0, 2, 2, 0, 0, 0
5518, 0, 13, 7, 6, 0, 0
5520, 0, 4, 4, 0, 0, 0
5521, 0, 1, 1, 0, 0, 0
5522, 3, 9, 9, 0, 3, 0
5523, 2, 2, 2, 0, 2, 0
5530, 0, 2, 2, 0, 0, 0
5533, 4, 5, 4, 1, 4, 0
5534, 0, 4, 3, 1, 0, 0
5535, 8, 7, 7, 0, 7, 1
5540, 0, 1, 1, 0, 0, 0
5542, 0, 1, 1, 0, 0, 0
5543, 13, 1, 1, 0, 13, 0
5544, 0, 1, 1, 0, 0, 0
5545, 0, 2, 2, 0, 0, 0
5547, 5, 8, 8, 0, 5, 0
5548, 2, 3, 3, 0, 2, 0
5549, 18, 4, 4, 0, 16, 2
5550, 8, 2, 1, 1, 6, 2
5552, 0, 25, 20, 5, 0, 0
5553, 16, 11, 5, 6, 16, 0
5555, 25, 6, 6, 0, 11, 14
25598, 0, 17, 17, 0, 0, 0
29979, 0, 5, 4, 1, 0, 0
40719, 0, 6, 6, 0, 0, 0
8549, 5, 15, 3, 12, 2, 3
10410, 4, 9, 8, 1, 4, 0
23783, 201, 17, 14, 3, 88, 113
42650, 0, 1, 0, 1, 0, 0
42651, 0, 3, 2, 1, 0, 0
42652, 0, 1, 0, 1, 0, 0
42653, 8, 6, 3, 3, 7, 1
34555, 16, 3, 1, 2, 3, 13
42654, 0, 5, 3, 2, 0, 0
42655, 4, 1, 1, 0, 3, 1
3334, 11, 20, 13, 7, 7, 4
3546, 5, 28, 21, 7, 5, 0
5456, 9, 3, 1, 2, 3, 6
6129, 12, 13, 10, 3, 12, 0
10220, 0, 10, 8, 2, 0, 0
13537, 10, 11, 5, 6, 6, 4
13889, 0, 14, 6, 8, 0, 0
15998, 0, 17, 10, 7, 0, 0
16202, 3, 23, 8, 15, 3, 0
16612, 3, 21, 19, 2, 3, 0
18315, 2, 5, 1, 4, 2, 0
22408, 1, 3, 1, 2, 1, 0
24197, 3, 4, 2, 2, 2, 1
25932, 0, 3, 1, 2, 0, 0
26130, 2, 7, 6, 1, 2, 0
27924, 1, 7, 3, 4, 1, 0
30397, 98, 4, 2, 2, 23, 75
30558, 3, 4, 1, 3, 3, 0
33211, 27, 7, 4, 3, 25, 2
38405, 0, 5, 3, 2, 0, 0
38431, 0, 3, 2, 1, 0, 0
42656, 0, 2, 2, 0, 0, 0
42657, 6, 2, 0, 2, 6, 0
42658, 0, 1, 0, 1, 0, 0
42659, 0, 1, 0, 1, 0, 0
42660, 0, 2, 1, 1, 0, 0
42661, 19, 7, 6, 1, 19, 0
42662, 0, 4, 3, 1, 0, 0
42663, 0, 4, 3, 1, 0, 0
42664, 15, 2, 1, 1, 11, 4
42665, 0, 1, 0, 1, 0, 0
42666, 0, 1, 0, 1, 0, 0
42667, 0, 1, 0, 1, 0, 0
42668, 0, 3, 0, 3, 0, 0
42669, 0, 2, 1, 1, 0, 0
42670, 7, 3, 2, 1, 6, 1
10906, 2, 4, 4, 0, 2, 0
20851, 0, 3, 1, 2, 0, 0
30220, 49, 26, 20, 6, 36, 13
42671, 0, 1, 1, 0, 0, 0
17709, 39, 9, 8, 1, 36, 3
18400, 0, 16, 14, 2, 0, 0
21106, 0, 14, 7, 7, 0, 0
26903, 14, 4, 2, 2, 8, 6
38880, 4, 4, 2, 2, 3, 1
42672, 8, 5, 5, 0, 8, 0
42673, 11, 5, 5, 0, 10, 1
42674, 7, 3, 3, 0, 6, 1
42675, 0, 7, 7, 0, 0, 0
42676, 0, 2, 2, 0, 0, 0
42677, 0, 2, 2, 0, 0, 0
10461, 0, 10, 4, 6, 0, 0
42678, 0, 1, 1, 0, 0, 0
3497, 5, 22, 16, 6, 3, 2
4635, 0, 14, 3, 11, 0, 0
14934, 40, 5, 2, 3, 39, 1
35582, 0, 6, 4, 2, 0, 0
38433, 1, 9, 3, 6, 1, 0
42679, 0, 7, 7, 0, 0, 0
42680, 1, 2, 2, 0, 1, 0
42681, 0, 3, 0, 3, 0, 0
42682, 1, 1, 0, 1, 0, 1
42683, 1, 5, 3, 2, 1, 0
6776, 0, 7, 4, 3, 0, 0
7185, 0, 7, 7, 0, 0, 0
10125, 43, 6, 6, 0, 43, 0
14960, 12, 12, 9, 3, 9, 3
17436, 4, 4, 1, 3, 2, 2
18328, 0, 7, 6, 1, 0, 0
19450, 0, 18, 5, 13, 0, 0
24167, 201, 8, 3, 5, 45, 156
41906, 12, 2, 2, 0, 7, 5
42684, 7, 3, 3, 0, 7, 0
42685, 0, 1, 1, 0, 0, 0
42686, 0, 5, 5, 0, 0, 0
42687, 3, 6, 6, 0, 3, 0
42688, 3, 1, 1, 0, 3, 0
42689, 0, 1, 1, 0, 0, 0
42690, 0, 1, 1, 0, 0, 0
42691, 0, 1, 1, 0, 0, 0
42692, 0, 3, 2, 1, 0, 0
42693, 0, 1, 1, 0, 0, 0
42694, 1, 2, 1, 1, 1, 0
42695, 0, 1, 0, 1, 0, 0
42696, 0, 2, 1, 1, 0, 0
42697, 0, 1, 0, 1, 0, 0
42698, 0, 1, 0, 1, 0, 0
11672, 0, 89, 89, 0, 0, 0
12782, 12, 5, 4, 1, 12, 0
26024, 45, 24, 19, 5, 28, 17
20709, 14, 11, 8, 3, 10, 4
42699, 22, 2, 1, 1, 9, 13
42700, 3, 2, 0, 2, 0, 3
2887, 0, 4, 0, 4, 0, 0
3549, 0, 24, 9, 15, 0, 0
4604, 6, 25, 3, 22, 6, 0
5771, 7, 8, 2, 6, 6, 1
14849, 0, 5, 4, 1, 0, 0
14910, 0, 15, 2, 13, 0, 0
20384, 0, 6, 1, 5, 0, 0
22098, 19, 17, 12, 5, 16, 3
22917, 5, 13, 4, 9, 5, 0
35522, 2, 14, 6, 8, 2, 0
40999, 2, 4, 1, 3, 2, 0
42701, 0, 2, 0, 2, 0, 0
42702, 0, 3, 0, 3, 0, 0
42703, 0, 2, 0, 2, 0, 0
42704, 0, 1, 0, 1, 0, 0
42705, 1, 4, 0, 4, 1, 0
42706, 0, 3, 0, 3, 0, 0
42707, 1, 3, 0, 3, 1, 0
42708, 1, 1, 0, 1, 1, 0
42709, 0, 1, 0, 1, 0, 0
42710, 0, 4, 0, 4, 0, 0
42711, 2, 5, 0, 5, 2, 0
42712, 0, 1, 0, 1, 0, 0
42713, 1, 3, 0, 3, 1, 0
42714, 0, 2, 0, 2, 0, 0
42715, 0, 1, 0, 1, 0, 0
42716, 0, 4, 0, 4, 0, 0
38582, 0, 9, 9, 0, 0, 0
39037, 46, 5, 5, 0, 38, 8
27691, 1, 9, 6, 3, 0, 1
26886, 0, 5, 4, 1, 0, 0
27566, 0, 3, 0, 3, 0, 0
42717, 0, 1, 1, 0, 0, 0
42718, 0, 1, 1, 0, 0, 0
4328, 3, 3, 3, 0, 2, 1
4961, 8, 17, 14, 3, 8, 0
15742, 3, 2, 2, 0, 3, 0
15743, 2, 2, 1, 1, 1, 1
15744, 38, 12, 12, 0, 36, 2
15747, 0, 1, 1, 0, 0, 0
15748, 0, 5, 5, 0, 0, 0
15749, 0, 1, 1, 0, 0, 0
15750, 2, 1, 1, 0, 2, 0
15752, 0, 1, 1, 0, 0, 0
15753, 17, 3, 3, 0, 15, 2
15754, 2, 1, 1, 0, 2, 0
15756, 4, 3, 2, 1, 4, 0
15757, 2, 4, 4, 0, 2, 0
15758, 13, 6, 6, 0, 13, 0
15760, 0, 1, 1, 0, 0, 0
15762, 6, 1, 1, 0, 6, 0
19026, 2, 4, 3, 1, 1, 1
19027, 0, 1, 1, 0, 0, 0
7676, 1, 6, 5, 1, 1, 0
3383, 0, 21, 8, 13, 0, 0
5868, 74, 13, 7, 6, 65, 9
6752, 0, 13, 10, 3, 0, 0
16615, 0, 9, 7, 2, 0, 0
18478, 65, 13, 12, 1, 27, 38
39246, 0, 3, 3, 0, 0, 0
42719, 2, 4, 4, 0, 2, 0
42720, 0, 6, 6, 0, 0, 0
42721, 0, 1, 1, 0, 0, 0
42722, 0, 1, 1, 0, 0, 0
42723, 0, 3, 1, 2, 0, 0
42724, 0, 1, 1, 0, 0, 0
42725, 2, 2, 2, 0, 2, 0
42726, 0, 2, 2, 0, 0, 0
12517, 0, 305, 305, 0, 0, 0
14901, 4, 5, 5, 0, 4, 0
5351, 46, 25, 24, 1, 46, 0
6405, 0, 19, 14, 5, 0, 0
9282, 11, 16, 10, 6, 0, 11
12283, 1, 33, 23, 10, 0, 1
12785, 5, 9, 7, 2, 4, 1
15136, 0, 12, 6, 6, 0, 0
15609, 68, 20, 12, 8, 62, 6
17544, 17, 12, 11, 1, 16, 1
18269, 9, 11, 6, 5, 4, 5
19495, 0, 7, 7, 0, 0, 0
22784, 1, 27, 15, 12, 0, 1
23387, 3, 8, 8, 0, 3, 0
25839, 0, 2, 1, 1, 0, 0
33067, 0, 12, 7, 5, 0, 0
34763, 13, 8, 7, 1, 13, 0
35286, 0, 8, 6, 2, 0, 0
37187, 2, 5, 4, 1, 2, 0
37532, 1, 8, 2, 6, 1, 0
38751, 0, 3, 2, 1, 0, 0
38752, 4, 3, 1, 2, 3, 1
38753, 0, 1, 0, 1, 0, 0
38754, 19, 6, 2, 4, 16, 3
38755, 0, 3, 2, 1, 0, 0
38756, 8, 8, 0, 8, 2, 6
38757, 0, 3, 2, 1, 0, 0
38758, 0, 1, 0, 1, 0, 0
38759, 7, 7, 1, 6, 4, 3
38760, 0, 3, 1, 2, 0, 0
38761, 0, 2, 1, 1, 0, 0
38762, 0, 1, 0, 1, 0, 0
38763, 0, 3, 2, 1, 0, 0
2372, 18, 23, 21, 2, 12, 6
3344, 0, 14, 13, 1, 0, 0
4907, 24, 13, 10, 3, 18, 6
5581, 1, 9, 6, 3, 0, 1
5879, 1, 15, 12, 3, 1, 0
6075, 11, 15, 6, 9, 1, 10
7467, 0, 5, 1, 4, 0, 0
7818, 0, 2, 1, 1, 0, 0
8228, 11, 30, 28, 2, 10, 1
9133, 0, 6, 6, 0, 0, 0
10641, 18, 17, 11, 6, 10, 8
11153, 0, 5, 0, 5, 0, 0
14254, 0, 12, 7, 5, 0, 0
16209, 0, 29, 21, 8, 0, 0
19925, 2, 17, 17, 0, 2, 0
20065, 0, 13, 13, 0, 0, 0
21049, 2, 2, 1, 1, 1, 1
22847, 10, 9, 7, 2, 10, 0
23458, 0, 9, 7, 2, 0, 0
23713, 1, 14, 6, 8, 0, 1
25877, 16, 14, 12, 2, 15, 1
31469, 5, 3, 3, 0, 5, 0
32813, 5, 5, 2, 3, 5, 0
35553, 12, 4, 3, 1, 9, 3
36327, 0, 2, 2, 0, 0, 0
36666, 2, 8, 6, 2, 2, 0
37379, 3, 9, 7, 2, 0, 3
37796, 0, 2, 2, 0, 0, 0
38343, 2, 5, 4, 1, 2, 0
41478, 1, 8, 7, 1, 0, 1
42727, 0, 1, 1, 0, 0, 0
42728, 0, 1, 1, 0, 0, 0
42729, 0, 7, 5, 2, 0, 0
42730, 2, 3, 3, 0, 2, 0
42731, 0, 4, 3, 1, 0, 0
42732, 4, 3, 2, 1, 3, 1
42733, 0, 2, 2, 0, 0, 0
42734, 2, 8, 6, 2, 2, 0
42735, 2, 2, 0, 2, 0, 2
42736, 0, 3, 1, 2, 0, 0
42737, 8, 4, 2, 2, 8, 0
42738, 0, 1, 0, 1, 0, 0
42739, 5, 8, 3, 5, 2, 3
14016, 2, 3, 2, 1, 2, 0
24767, 0, 2, 0, 2, 0, 0
25165, 1, 24, 21, 3, 1, 0
42740, 0, 1, 1, 0, 0, 0
42741, 0, 1, 0, 1, 0, 0
42742, 0, 3, 0, 3, 0, 0
42743, 0, 1, 0, 1, 0, 0
6513, 0, 2, 2, 0, 0, 0
6554, 0, 6, 6, 0, 0, 0
23842, 5, 13, 13, 0, 5, 0
42744, 0, 3, 3, 0, 0, 0
42745, 0, 1, 1, 0, 0, 0
7510, 42, 11, 11, 0, 42, 0
26146, 69, 3, 3, 0, 64, 5
34642, 28, 4, 3, 1, 18, 10
42413, 8, 1, 1, 0, 8, 0
42746, 3, 1, 1, 0, 2, 1
42747, 165, 8, 8, 0, 149, 16
42748, 9, 1, 1, 0, 9, 0
42749, 38, 4, 3, 1, 37, 1
42750, 41, 4, 3, 1, 25, 16
4736, 27, 4, 3, 1, 9, 18
14850, 0, 3, 3, 0, 0, 0
16444, 2, 4, 4, 0, 2, 0
17868, 3, 5, 5, 0, 3, 0
19550, 0, 7, 3, 4, 0, 0
21767, 42, 8, 2, 6, 14, 28
30982, 0, 7, 5, 2, 0, 0
38885, 0, 7, 6, 1, 0, 0
42751, 0, 2, 1, 1, 0, 0
42752, 1, 2, 2, 0, 1, 0
42753, 8, 2, 2, 0, 6, 2
42754, 14, 1, 1, 0, 14, 0
42755, 9, 3, 1, 2, 6, 3
42756, 0, 4, 4, 0, 0, 0
42757, 2, 8, 4, 4, 2, 0
15631, 1, 4, 4, 0, 1, 0
15632, 1, 1, 1, 0, 1, 0
15633, 2, 2, 2, 0, 2, 0
15634, 0, 4, 4, 0, 0, 0
15635, 2, 5, 5, 0, 2, 0
15636, 0, 4, 3, 1, 0, 0
15637, 11, 6, 6, 0, 11, 0
15638, 0, 2, 2, 0, 0, 0
15639, 10, 2, 2, 0, 10, 0
15641, 4, 5, 5, 0, 4, 0
15642, 1, 3, 3, 0, 1, 0
6366, 9, 5, 4, 1, 8, 1
12931, 0, 11, 11, 0, 0, 0
14151, 3, 29, 27, 2, 1, 2
14371, 0, 13, 9, 4, 0, 0
17205, 0, 9, 1, 8, 0, 0
25808, 1, 10, 6, 4, 1, 0
34980, 0, 9, 0, 9, 0, 0
36481, 0, 7, 7, 0, 0, 0
36712, 0, 10, 6, 4, 0, 0
42758, 0, 1, 1, 0, 0, 0
42759, 0, 4, 4, 0, 0, 0
42760, 0, 2, 2, 0, 0, 0
42761, 0, 1, 1, 0, 0, 0
42762, 0, 3, 3, 0, 0, 0
42763, 0, 1, 1, 0, 0, 0
42764, 1, 4, 1, 3, 1, 0
42765, 0, 3, 2, 1, 0, 0
42766, 3, 3, 1, 2, 2, 1
42767, 0, 1, 1, 0, 0, 0
3232, 0, 9, 9, 0, 0, 0
42768, 0, 1, 1, 0, 0, 0
42769, 0, 1, 1, 0, 0, 0
42770, 0, 2, 2, 0, 0, 0
42771, 0, 2, 2, 0, 0, 0
21063, 0, 2, 2, 0, 0, 0
27157, 0, 2, 2, 0, 0, 0
27158, 0, 1, 1, 0, 0, 0
27159, 7, 4, 4, 0, 7, 0
27161, 0, 2, 1, 1, 0, 0
6097, 11, 5, 5, 0, 10, 1
9945, 113, 9, 8, 1, 69, 44
11955, 86, 14, 10, 4, 58, 28
14858, 22, 5, 4, 1, 21, 1
15296, 18, 11, 6, 5, 15, 3
19050, 36, 6, 6, 0, 36, 0
20811, 188, 18, 8, 10, 0, 188
22807, 49, 6, 4, 2, 31, 18
23373, 19, 3, 3, 0, 1, 18
23520, 9, 4, 4, 0, 9, 0
23605, 29, 7, 2, 5, 1, 28
23885, 19, 10, 8, 2, 10, 9
25967, 11, 5, 4, 1, 10, 1
26150, 82, 3, 2, 1, 31, 51
34183, 27, 3, 3, 0, 11, 16
34515, 14, 1, 1, 0, 13, 1
37330, 1, 6, 4, 2, 1, 0
38407, 13, 5, 5, 0, 8, 5
40441, 1, 3, 3, 0, 0, 1
42772, 1, 1, 1, 0, 0, 1
42773, 57, 5, 3, 2, 19, 38
42774, 4, 1, 1, 0, 3, 1
42775, 5, 1, 1, 0, 5, 0
42776, 9, 1, 1, 0, 9, 0
42777, 17, 4, 3, 1, 0, 17
42778, 3, 1, 1, 0, 2, 1
42779, 4, 1, 1, 0, 0, 4
42780, 1, 1, 1, 0, 1, 0
42781, 3, 4, 4, 0, 2, 1
42782, 43, 2, 1, 1, 7, 36
42783, 12, 2, 2, 0, 12, 0
42784, 1, 1, 1, 0, 1, 0
1976, 0, 68, 68, 0, 0, 0
5437, 0, 6, 6, 0, 0, 0
10232, 0, 7, 5, 2, 0, 0
37354, 0, 3, 1, 2, 0, 0
42785, 0, 1, 1, 0, 0, 0
42786, 0, 1, 1, 0, 0, 0
42787, 1, 1, 0, 1, 0, 1
42788, 0, 2, 0, 2, 0, 0
42789, 0, 1, 0, 1, 0, 0
42790, 0, 1, 0, 1, 0, 0
42791, 0, 4, 1, 3, 0, 0
19239, 0, 13, 4, 9, 0, 0
42792, 0, 2, 2, 0, 0, 0
42793, 19, 3, 3, 0, 19, 0
42794, 0, 1, 1, 0, 0, 0
42795, 0, 5, 5, 0, 0, 0
42796, 8, 2, 1, 1, 2, 6
20410, 10, 8, 6, 2, 10, 0
21961, 3, 3, 3, 0, 3, 0
42797, 2, 2, 2, 0, 2, 0
8330, 182, 23, 20, 3, 146, 36
12723, 4, 13, 13, 0, 3, 1
16252, 10, 6, 5, 1, 8, 2
21572, 125, 6, 3, 3, 28, 97
23656, 19, 4, 2, 2, 18, 1
24037, 43, 6, 6, 0, 43, 0
27414, 6, 15, 14, 1, 6, 0
38729, 98, 9, 9, 0, 96, 2
40266, 128, 6, 2, 4, 2, 126
41731, 0, 7, 4, 3, 0, 0
41743, 47, 10, 8, 2, 47, 0
42798, 6, 1, 1, 0, 2, 4
42799, 0, 3, 3, 0, 0, 0
42800, 19, 1, 1, 0, 9, 10
42801, 5, 3, 2, 1, 5, 0
42802, 13, 6, 6, 0, 13, 0
42803, 7, 1, 1, 0, 7, 0
42804, 0, 1, 1, 0, 0, 0
4551, 9, 17, 13, 4, 7, 2
16857, 1, 16, 13, 3, 1, 0
20628, 86, 6, 4, 2, 68, 18
36434, 3, 3, 1, 2, 3, 0
41725, 14, 3, 3, 0, 12, 2
42805, 0, 1, 0, 1, 0, 0
42806, 0, 1, 0, 1, 0, 0
13699, 9, 10, 7, 3, 9, 0
27428, 22, 9, 6, 3, 21, 1
29358, 96, 2, 2, 0, 96, 0
42807, 1, 1, 1, 0, 1, 0
42808, 5, 1, 1, 0, 4, 1
42809, 20, 3, 3, 0, 20, 0
42810, 25, 1, 1, 0, 24, 1
42811, 31, 2, 2, 0, 22, 9
22899, 5, 8, 7, 1, 5, 0
42812, 0, 7, 7, 0, 0, 0
12823, 0, 10, 10, 0, 0, 0
42813, 0, 2, 2, 0, 0, 0
42814, 0, 2, 2, 0, 0, 0
1975, 12, 3, 3, 0, 11, 1
6592, 10, 12, 12, 0, 4, 6
9219, 11, 15, 9, 6, 8, 3
10069, 21, 6, 3, 3, 20, 1
11295, 0, 15, 0, 15, 0, 0
13805, 5, 5, 5, 0, 5, 0
15041, 1, 6, 6, 0, 1, 0
18151, 13, 1, 1, 0, 13, 0
22011, 23, 9, 8, 1, 22, 1
23117, 0, 12, 10, 2, 0, 0
24019, 9, 18, 9, 9, 9, 0
25785, 8, 7, 5, 2, 1, 7
34888, 10, 4, 2, 2, 8, 2
42815, 4, 2, 2, 0, 4, 0
42816, 0, 1, 1, 0, 0, 0
42817, 79, 4, 2, 2, 44, 35
42818, 1, 1, 1, 0, 1, 0
42819, 9, 7, 4, 3, 6, 3
42820, 0, 1, 1, 0, 0, 0
42821, 0, 2, 2, 0, 0, 0
42822, 2, 1, 1, 0, 2, 0
42823, 18, 1, 0, 1, 10, 8
42824, 5, 1, 0, 1, 2, 3
42825, 0, 2, 0, 2, 0, 0
42826, 8, 3, 2, 1, 8, 0
42827, 1, 1, 0, 1, 0, 1
19904, 2, 3, 3, 0, 2, 0
29744, 5, 3, 3, 0, 5, 0
29947, 3, 4, 3, 1, 2, 1
35129, 0, 7, 7, 0, 0, 0
42828, 0, 1, 1, 0, 0, 0
42829, 0, 1, 1, 0, 0, 0
42830, 0, 1, 1, 0, 0, 0
42831, 1, 1, 1, 0, 0, 1
42832, 0, 1, 0, 1, 0, 0
8572, 0, 23, 23, 0, 0, 0
9648, 2, 3, 2, 1, 1, 1
14795, 3, 19, 16, 3, 2, 1
18074, 0, 7, 3, 4, 0, 0
18648, 0, 13, 11, 2, 0, 0
25875, 2, 10, 9, 1, 2, 0
42833, 0, 4, 2, 2, 0, 0
1825, 8, 8, 5, 3, 8, 0
3028, 0, 3, 3, 0, 0, 0
3838, 2, 5, 4, 1, 2, 0
5703, 0, 8, 8, 0, 0, 0
6731, 1, 11, 3, 8, 1, 0
8362, 1, 9, 4, 5, 1, 0
11491, 3, 3, 3, 0, 3, 0
13784, 0, 8, 7, 1, 0, 0
17273, 2, 5, 5, 0, 2, 0
25236, 0, 8, 8, 0, 0, 0
26145, 3, 6, 3, 3, 2, 1
30908, 27, 2, 2, 0, 24, 3
32948, 0, 2, 2, 0, 0, 0
34236, 1, 6, 5, 1, 1, 0
42834, 0, 1, 1, 0, 0, 0
42835, 0, 1, 1, 0, 0, 0
42836, 1, 4, 3, 1, 1, 0
42837, 0, 2, 2, 0, 0, 0
42838, 6, 1, 1, 0, 6, 0
42839, 0, 1, 1, 0, 0, 0
42840, 0, 1, 1, 0, 0, 0
42841, 7, 3, 3, 0, 7, 0
42842, 0, 1, 1, 0, 0, 0
42843, 0, 1, 1, 0, 0, 0
42844, 2, 1, 1, 0, 2, 0
42845, 0, 2, 1, 1, 0, 0
42846, 9, 4, 2, 2, 9, 0
42847, 10, 2, 2, 0, 9, 1
2441, 19, 14, 13, 1, 18, 1
3119, 3, 14, 11, 3, 2, 1
6698, 96, 22, 17, 5, 93, 3
14067, 1, 4, 3, 1, 1, 0
18194, 4, 12, 12, 0, 3, 1
18444, 19, 5, 4, 1, 18, 1
19402, 13, 20, 20, 0, 13, 0
21500, 0, 8, 5, 3, 0, 0
23492, 2, 8, 7, 1, 2, 0
24305, 0, 4, 2, 2, 0, 0
25271, 0, 5, 5, 0, 0, 0
26064, 5, 4, 4, 0, 5, 0
26334, 11, 9, 7, 2, 3, 8
28549, 0, 5, 5, 0, 0, 0
30804, 6, 3, 3, 0, 4, 2
32934, 8, 4, 4, 0, 8, 0
32935, 0, 2, 2, 0, 0, 0
32936, 0, 1, 1, 0, 0, 0
32937, 10, 3, 2, 1, 10, 0
32938, 0, 1, 1, 0, 0, 0
32939, 4, 1, 1, 0, 4, 0
32940, 1, 4, 3, 1, 0, 1
32942, 8, 1, 1, 0, 7, 1
32943, 0, 1, 1, 0, 0, 0
32944, 3, 4, 3, 1, 3, 0
32945, 18, 8, 6, 2, 17, 1
32946, 0, 3, 2, 1, 0, 0
32947, 0, 1, 1, 0, 0, 0
32949, 0, 4, 4, 0, 0, 0
32950, 0, 2, 2, 0, 0, 0
32951, 0, 1, 1, 0, 0, 0
32952, 2, 1, 1, 0, 2, 0
32953, 0, 5, 5, 0, 0, 0
32954, 1, 7, 4, 3, 1, 0
32955, 19, 2, 1, 1, 6, 13
32956, 3, 6, 6, 0, 3, 0
22078, 1, 3, 1, 2, 1, 0
22080, 0, 6, 6, 0, 0, 0
1932, 2, 13, 4, 9, 2, 0
2088, 1, 4, 2, 2, 1, 0
2810, 32, 27, 23, 4, 10, 22
2988, 0, 10, 8, 2, 0, 0
3047, 0, 8, 6, 2, 0, 0
6717, 0, 11, 9, 2, 0, 0
9474, 13, 5, 4, 1, 12, 1
10358, 1, 12, 11, 1, 0, 1
10374, 0, 8, 6, 2, 0, 0
10471, 17, 16, 9, 7, 12, 5
13040, 0, 8, 5, 3, 0, 0
13215, 46, 22, 16, 6, 32, 14
13408, 0, 6, 6, 0, 0, 0
19071, 1, 5, 4, 1, 1, 0
19337, 17, 8, 6, 2, 11, 6
20161, 0, 3, 0, 3, 0, 0
20666, 3, 6, 6, 0, 3, 0
23684, 0, 2, 2, 0, 0, 0
23688, 0, 2, 2, 0, 0, 0
23691, 0, 4, 4, 0, 0, 0
23692, 0, 2, 2, 0, 0, 0
23693, 0, 5, 4, 1, 0, 0
23695, 0, 2, 2, 0, 0, 0
23696, 0, 2, 2, 0, 0, 0
23699, 0, 6, 6, 0, 0, 0
23704, 1, 7, 6, 1, 1, 0
23707, 0, 2, 2, 0, 0, 0
23709, 0, 2, 2, 0, 0, 0
23710, 0, 2, 0, 2, 0, 0
23711, 1, 2, 0, 2, 1, 0
23716, 0, 2, 0, 2, 0, 0
23717, 0, 2, 0, 2, 0, 0
23718, 0, 2, 0, 2, 0, 0
23719, 0, 2, 0, 2, 0, 0
24039, 19, 5, 3, 2, 16, 3
24211, 0, 9, 4, 5, 0, 0
25619, 2, 8, 4, 4, 0, 2
27670, 0, 9, 8, 1, 0, 0
28172, 1, 5, 4, 1, 0, 1
28319, 6, 5, 5, 0, 6, 0
29834, 17, 11, 8, 3, 16, 1
32617, 4, 8, 4, 4, 3, 1
33122, 0, 2, 1, 1, 0, 0
33396, 0, 2, 1, 1, 0, 0
34086, 0, 10, 10, 0, 0, 0
34485, 0, 8, 5, 3, 0, 0
39040, 3, 2, 1, 1, 3, 0
40265, 0, 6, 3, 3, 0, 0
41400, 0, 4, 3, 1, 0, 0
41978, 0, 2, 1, 1, 0, 0
42848, 4, 4, 4, 0, 4, 0
42849, 7, 1, 1, 0, 5, 2
42850, 0, 1, 1, 0, 0, 0
42851, 7, 2, 2, 0, 6, 1
42852, 0, 1, 1, 0, 0, 0
42853, 0, 1, 1, 0, 0, 0
42854, 0, 1, 1, 0, 0, 0
42855, 0, 1, 1, 0, 0, 0
42856, 0, 1, 1, 0, 0, 0
42857, 0, 1, 1, 0, 0, 0
42858, 1, 4, 4, 0, 1, 0
42859, 0, 10, 10, 0, 0, 0
42860, 0, 1, 1, 0, 0, 0
42861, 0, 2, 2, 0, 0, 0
42862, 0, 1, 1, 0, 0, 0
42863, 3, 2, 1, 1, 2, 1
42864, 2, 1, 1, 0, 2, 0
42865, 0, 1, 0, 1, 0, 0
42866, 0, 2, 1, 1, 0, 0
42867, 1, 1, 0, 1, 0, 1
42868, 0, 2, 1, 1, 0, 0
42869, 3, 2, 1, 1, 3, 0
42870, 0, 1, 0, 1, 0, 0
42871, 2, 2, 0, 2, 2, 0
42872, 9, 1, 0, 1, 9, 0
42873, 6, 1, 0, 1, 5, 1
42874, 0, 1, 0, 1, 0, 0
42875, 0, 1, 0, 1, 0, 0
42876, 0, 1, 0, 1, 0, 0
42877, 0, 1, 0, 1, 0, 0
42878, 1, 2, 1, 1, 0, 1
42879, 0, 1, 0, 1, 0, 0
42880, 3, 2, 1, 1, 3, 0
42881, 5, 3, 1, 2, 2, 3
42882, 0, 1, 0, 1, 0, 0
42883, 1, 1, 0, 1, 1, 0
42884, 0, 2, 1, 1, 0, 0
42885, 0, 1, 0, 1, 0, 0
42886, 0, 1, 0, 1, 0, 0
42887, 1, 3, 1, 2, 0, 1
42888, 0, 3, 2, 1, 0, 0
42889, 4, 3, 2, 1, 3, 1
42890, 0, 2, 1, 1, 0, 0
42891, 0, 1, 0, 1, 0, 0
42892, 0, 1, 0, 1, 0, 0
42893, 0, 1, 0, 1, 0, 0
42894, 0, 1, 0, 1, 0, 0
12859, 0, 6, 3, 3, 0, 0
12983, 0, 58, 58, 0, 0, 0
14292, 34, 20, 10, 10, 34, 0
42895, 0, 1, 1, 0, 0, 0
26240, 0, 3, 3, 0, 0, 0
31307, 0, 5, 5, 0, 0, 0
35351, 1, 8, 4, 4, 1, 0
37079, 38, 5, 4, 1, 6, 32
42896, 0, 1, 1, 0, 0, 0
42897, 0, 1, 1, 0, 0, 0
14830, 0, 12, 12, 0, 0, 0
33188, 0, 3, 3, 0, 0, 0
2328, 6, 4, 3, 1, 6, 0
14343, 0, 15, 15, 0, 0, 0
41754, 0, 3, 3, 0, 0, 0
7159, 0, 3, 3, 0, 0, 0
7709, 1, 3, 3, 0, 1, 0
14381, 6, 13, 6, 7, 5, 1
16126, 0, 4, 4, 0, 0, 0
22326, 0, 4, 4, 0, 0, 0
23542, 0, 13, 13, 0, 0, 0
42898, 3, 2, 2, 0, 3, 0
42899, 0, 1, 1, 0, 0, 0
42900, 0, 1, 1, 0, 0, 0
42901, 0, 2, 2, 0, 0, 0
25735, 9, 11, 9, 2, 9, 0
42902, 18, 2, 2, 0, 18, 0
42903, 0, 6, 5, 1, 0, 0
4250, 6, 17, 16, 1, 6, 0
15276, 23, 5, 4, 1, 21, 2
26950, 1, 2, 2, 0, 1, 0
6457, 3, 14, 13, 1, 2, 1
8005, 34, 14, 12, 2, 25, 9
8024, 0, 15, 15, 0, 0, 0
16055, 0, 3, 3, 0, 0, 0
6107, 39, 6, 4, 2, 21, 18
17325, 0, 13, 13, 0, 0, 0
37894, 21, 4, 4, 0, 18, 3
42904, 6, 3, 3, 0, 6, 0
42905, 0, 1, 1, 0, 0, 0
42906, 0, 1, 1, 0, 0, 0
7247, 1, 13, 13, 0, 1, 0
7485, 0, 5, 4, 1, 0, 0
9605, 0, 7, 7, 0, 0, 0
11267, 15, 2, 2, 0, 15, 0
11268, 0, 3, 2, 1, 0, 0
11271, 0, 5, 5, 0, 0, 0
11273, 0, 8, 8, 0, 0, 0
11274, 1, 6, 4, 2, 1, 0
11276, 0, 6, 6, 0, 0, 0
11278, 0, 3, 3, 0, 0, 0
11279, 3, 1, 1, 0, 3, 0
11281, 0, 4, 4, 0, 0, 0
11282, 0, 1, 1, 0, 0, 0
11283, 0, 1, 1, 0, 0, 0
11285, 0, 6, 6, 0, 0, 0
11286, 0, 3, 3, 0, 0, 0
11287, 1, 4, 4, 0, 1, 0
11289, 0, 3, 3, 0, 0, 0
11290, 4, 5, 4, 1, 3, 1
11291, 3, 12, 12, 0, 3, 0
11292, 0, 1, 1, 0, 0, 0
11293, 0, 3, 3, 0, 0, 0
10522, 0, 13, 9, 4, 0, 0
13152, 3, 2, 2, 0, 3, 0
25959, 2, 16, 6, 10, 2, 0
31177, 2, 3, 3, 0, 2, 0
32411, 33, 4, 4, 0, 29, 4
32831, 0, 7, 3, 4, 0, 0
33038, 0, 7, 6, 1, 0, 0
33039, 1, 1, 1, 0, 1, 0
33040, 0, 6, 5, 1, 0, 0
33041, 0, 1, 1, 0, 0, 0
33042, 1, 1, 1, 0, 1, 0
33043, 4, 1, 1, 0, 4, 0
33044, 0, 4, 0, 4, 0, 0
3997, 28, 16, 13, 3, 19, 9
17937, 19, 4, 4, 0, 18, 1
42907, 20, 2, 2, 0, 19, 1
42908, 0, 1, 1, 0, 0, 0
42909, 1, 3, 3, 0, 1, 0
42910, 4, 5, 4, 1, 4, 0
42911, 1, 1, 1, 0, 1, 0
42912, 0, 1, 1, 0, 0, 0
42913, 0, 3, 2, 1, 0, 0
3817, 3, 5, 5, 0, 3, 0
17446, 0, 14, 11, 3, 0, 0
3176, 33, 28, 21, 7, 23, 10
21053, 27, 6, 6, 0, 27, 0
22412, 6, 11, 8, 3, 5, 1
24629, 0, 3, 3, 0, 0, 0
27368, 20, 4, 4, 0, 18, 2
28141, 28, 4, 4, 0, 28, 0
42915, 0, 3, 3, 0, 0, 0
16481, 0, 7, 1, 6, 0, 0
20283, 5, 5, 3, 2, 5, 0
21470, 0, 2, 2, 0, 0, 0
23942, 2, 6, 3, 3, 2, 0
26802, 0, 33, 33, 0, 0, 0
28398, 0, 5, 2, 3, 0, 0
29554, 0, 2, 1, 1, 0, 0
29666, 2, 6, 3, 3, 1, 1
38677, 1, 5, 5, 0, 1, 0
42916, 0, 3, 2, 1, 0, 0
42917, 1, 1, 0, 1, 1, 0
42918, 0, 4, 2, 2, 0, 0
42919, 0, 2, 0, 2, 0, 0
42920, 4, 1, 0, 1, 4, 0
41054, 0, 4, 2, 2, 0, 0
17407, 0, 4, 4, 0, 0, 0
42921, 0, 6, 6, 0, 0, 0
38944, 15, 2, 2, 0, 14, 1
42922, 0, 8, 8, 0, 0, 0
42923, 0, 2, 1, 1, 0, 0
42924, 7, 1, 1, 0, 7, 0
42925, 0, 4, 3, 1, 0, 0
42926, 0, 3, 3, 0, 0, 0
42927, 6, 1, 1, 0, 6, 0
1811, 2, 0, 0, 0, 2, 0
1814, 0, 4, 4, 0, 0, 0
1817, 2, 1, 1, 0, 2, 0
1818, 0, 1, 1, 0, 0, 0
1820, 0, 25, 15, 10, 0, 0
1822, 0, 2, 2, 0, 0, 0
1824, 0, 1, 1, 0, 0, 0
1826, 6, 1, 1, 0, 6, 0
1827, 0, 1, 1, 0, 0, 0
1828, 0, 2, 2, 0, 0, 0
1831, 0, 2, 2, 0, 0, 0
1834, 10, 7, 4, 3, 9, 1
1841, 0, 1, 1, 0, 0, 0
1842, 1, 2, 2, 0, 1, 0
1844, 2, 6, 6, 0, 2, 0
1845, 0, 1, 1, 0, 0, 0
1846, 4, 5, 5, 0, 4, 0
1861, 0, 2, 2, 0, 0, 0
1867, 0, 1, 1, 0, 0, 0
1868, 1, 4, 4, 0, 1, 0
1871, 9, 4, 4, 0, 9, 0
1873, 0, 1, 1, 0, 0, 0
1874, 0, 1, 1, 0, 0, 0
1876, 14, 14, 12, 2, 13, 1
1880, 0, 8, 8, 0, 0, 0
1882, 0, 4, 4, 0, 0, 0
1885, 0, 2, 2, 0, 0, 0
1887, 0, 1, 1, 0, 0, 0
1891, 1, 2, 2, 0, 1, 0
42928, 2, 1, 1, 0, 2, 0
2746, 3, 15, 8, 7, 0, 3
3582, 8, 8, 8, 0, 8, 0
3872, 5, 15, 10, 5, 3, 2
4505, 2, 18, 10, 8, 2, 0
4506, 1, 49, 43, 6, 0, 1
5247, 66, 9, 9, 0, 63, 3
5859, 13, 7, 5, 2, 9, 4
6735, 2, 11, 7, 4, 2, 0
7079, 11, 11, 11, 0, 8, 3
9025, 4, 13, 9, 4, 3, 1
11145, 21, 11, 7, 4, 20, 1
11950, 0, 8, 8, 0, 0, 0
15426, 24, 7, 6, 1, 9, 15
17482, 26, 5, 5, 0, 19, 7
18554, 4, 8, 6, 2, 4, 0
23556, 0, 4, 4, 0, 0, 0
23804, 0, 7, 6, 1, 0, 0
27020, 0, 6, 5, 1, 0, 0
28460, 0, 10, 9, 1, 0, 0
29396, 0, 15, 10, 5, 0, 0
35643, 7, 5, 4, 1, 7, 0
40440, 0, 1, 1, 0, 0, 0
40442, 0, 3, 3, 0, 0, 0
40443, 15, 4, 3, 1, 11, 4
40444, 0, 2, 2, 0, 0, 0
40445, 2, 4, 4, 0, 2, 0
40446, 0, 1, 1, 0, 0, 0
40447, 0, 2, 2, 0, 0, 0
40448, 0, 2, 2, 0, 0, 0
40449, 0, 1, 1, 0, 0, 0
40450, 16, 4, 3, 1, 5, 11
40451, 6, 5, 4, 1, 4, 2
40452, 0, 1, 1, 0, 0, 0
40453, 0, 1, 1, 0, 0, 0
40454, 0, 2, 2, 0, 0, 0
40455, 2, 3, 2, 1, 2, 0
40456, 1, 1, 1, 0, 1, 0
40457, 1, 1, 1, 0, 1, 0
40458, 0, 1, 0, 1, 0, 0
40459, 0, 1, 0, 1, 0, 0
22818, 0, 8, 5, 3, 0, 0
42929, 0, 2, 2, 0, 0, 0
42930, 0, 2, 2, 0, 0, 0
8678, 7, 1, 1, 0, 7, 0
8683, 4, 1, 1, 0, 4, 0
8685, 25, 8, 8, 0, 25, 0
8688, 0, 2, 2, 0, 0, 0
8689, 19, 1, 1, 0, 12, 7
8692, 104, 3, 3, 0, 77, 27
8698, 5, 3, 2, 1, 2, 3
8699, 5, 6, 3, 3, 2, 3
9060, 63, 27, 18, 9, 24, 39
12513, 13, 17, 10, 7, 8, 5
21220, 8, 7, 6, 1, 8, 0
25422, 6, 7, 4, 3, 3, 3
32490, 46, 9, 7, 2, 27, 19
33126, 5, 14, 11, 3, 3, 2
42931, 3, 2, 2, 0, 3, 0
42932, 1, 2, 2, 0, 0, 1
42933, 0, 1, 0, 1, 0, 0
42934, 5, 6, 2, 4, 5, 0
42935, 0, 7, 3, 4, 0, 0
42936, 0, 1, 0, 1, 0, 0
42937, 0, 1, 0, 1, 0, 0
42938, 6, 1, 0, 1, 5, 1
42939, 0, 1, 1, 0, 0, 0
35883, 1, 5, 4, 1, 1, 0
42940, 10, 1, 1, 0, 8, 2
42941, 1, 2, 2, 0, 1, 0
42942, 0, 1, 1, 0, 0, 0
42943, 1, 1, 1, 0, 1, 0
42944, 1, 1, 1, 0, 1, 0
8028, 2, 7, 7, 0, 2, 0
10650, 1, 10, 9, 1, 0, 1
17774, 22, 10, 10, 0, 19, 3
17977, 22, 2, 2, 0, 22, 0
18100, 1, 4, 4, 0, 1, 0
19367, 0, 18, 18, 0, 0, 0
22160, 12, 26, 22, 4, 11, 1
27072, 2, 4, 3, 1, 2, 0
27300, 1, 9, 7, 2, 1, 0
42945, 0, 1, 1, 0, 0, 0
42946, 0, 1, 1, 0, 0, 0
42947, 2, 4, 1, 3, 0, 2
42948, 1, 3, 3, 0, 1, 0
42949, 5, 4, 4, 0, 5, 0
42950, 0, 3, 3, 0, 0, 0
42951, 0, 1, 1, 0, 0, 0
42952, 0, 1, 1, 0, 0, 0
42953, 0, 1, 1, 0, 0, 0
42954, 0, 1, 1, 0, 0, 0
42955, 4, 2, 2, 0, 4, 0
42956, 2, 2, 1, 1, 2, 0
5459, 0, 12, 12, 0, 0, 0
8510, 80, 7, 7, 0, 80, 0
9106, 0, 8, 8, 0, 0, 0
9125, 0, 7, 7, 0, 0, 0
9141, 0, 2, 2, 0, 0, 0
12940, 3, 4, 4, 0, 3, 0
14519, 10, 4, 4, 0, 10, 0
14783, 10, 7, 7, 0, 3, 7
16652, 48, 13, 11, 2, 40, 8
17746, 5, 2, 2, 0, 0, 5
17747, 0, 5, 5, 0, 0, 0
18635, 13, 3, 3, 0, 13, 0
23025, 21, 5, 5, 0, 17, 4
23386, 0, 2, 2, 0, 0, 0
23388, 3, 1, 1, 0, 3, 0
23389, 41, 4, 4, 0, 37, 4
23391, 7, 3, 3, 0, 5, 2
23394, 0, 2, 2, 0, 0, 0
23395, 0, 4, 4, 0, 0, 0
23398, 1, 3, 3, 0, 1, 0
23399, 2, 8, 6, 2, 0, 2
23400, 0, 1, 1, 0, 0, 0
23401, 0, 3, 3, 0, 0, 0
23402, 0, 1, 1, 0, 0, 0
23405, 9, 1, 1, 0, 9, 0
23406, 0, 1, 1, 0, 0, 0
23408, 6, 2, 2, 0, 6, 0
23409, 0, 4, 3, 1, 0, 0
23410, 6, 2, 2, 0, 2, 4
23411, 0, 6, 5, 1, 0, 0
23413, 0, 1, 1, 0, 0, 0
23414, 2, 3, 1, 2, 2, 0
23415, 6, 4, 3, 1, 5, 1
23416, 2, 4, 4, 0, 2, 0
23417, 3, 3, 3, 0, 3, 0
16833, 1, 7, 4, 3, 1, 0
21141, 0, 9, 5, 4, 0, 0
42957, 1, 2, 2, 0, 1, 0
5837, 0, 13, 12, 1, 0, 0
3048, 10, 7, 2, 5, 8, 2
3099, 9, 14, 13, 1, 9, 0
3307, 29, 21, 19, 2, 9, 20
5655, 16, 22, 22, 0, 13, 3
5817, 0, 13, 9, 4, 0, 0
7406, 0, 10, 9, 1, 0, 0
9868, 5, 29, 21, 8, 5, 0
11863, 25, 14, 11, 3, 24, 1
12384, 0, 20, 15, 5, 0, 0
12970, 0, 14, 14, 0, 0, 0
13888, 2, 3, 3, 0, 2, 0
13892, 0, 32, 21, 11, 0, 0
13894, 0, 9, 8, 1, 0, 0
13896, 3, 1, 1, 0, 1, 2
13897, 0, 1, 1, 0, 0, 0
13899, 0, 9, 6, 3, 0, 0
13902, 0, 1, 1, 0, 0, 0
13903, 0, 1, 1, 0, 0, 0
13906, 6, 2, 2, 0, 6, 0
13910, 1, 8, 7, 1, 1, 0
13911, 1, 2, 2, 0, 1, 0
13912, 0, 1, 1, 0, 0, 0
13913, 4, 4, 3, 1, 4, 0
13914, 0, 1, 1, 0, 0, 0
13916, 12, 10, 8, 2, 7, 5
13917, 0, 4, 4, 0, 0, 0
13919, 0, 3, 2, 1, 0, 0
13920, 0, 4, 4, 0, 0, 0
13921, 4, 2, 2, 0, 3, 1
13922, 0, 1, 1, 0, 0, 0
13923, 22, 8, 7, 1, 21, 1
13924, 0, 18, 18, 0, 0, 0
13925, 3, 8, 8, 0, 3, 0
13926, 0, 2, 2, 0, 0, 0
13928, 1, 5, 4, 1, 1, 0
13931, 1, 17, 15, 2, 0, 1
13934, 2, 1, 1, 0, 2, 0
13936, 6, 4, 4, 0, 6, 0
13938, 3, 1, 1, 0, 3, 0
13942, 0, 1, 1, 0, 0, 0
13944, 0, 5, 1, 4, 0, 0
13945, 0, 4, 4, 0, 0, 0
13946, 13, 3, 3, 0, 12, 1
13947, 0, 2, 2, 0, 0, 0
13948, 0, 6, 6, 0, 0, 0
13952, 2, 5, 4, 1, 2, 0
13954, 1, 4, 3, 1, 1, 0
13955, 1, 7, 6, 1, 1, 0
13956, 0, 1, 1, 0, 0, 0
13957, 4, 7, 7, 0, 4, 0
13962, 2, 3, 3, 0, 2, 0
13963, 0, 29, 29, 0, 0, 0
13965, 19, 12, 10, 2, 15, 4
13967, 0, 5, 2, 3, 0, 0
13968, 20, 6, 6, 0, 20, 0
13969, 2, 2, 1, 1, 1, 1
13970, 0, 5, 1, 4, 0, 0
13971, 61, 8, 7, 1, 53, 8
13972, 23, 19, 16, 3, 21, 2
13976, 13, 11, 7, 4, 10, 3
13977, 6, 6, 1, 5, 1, 5
13978, 0, 2, 1, 1, 0, 0
13980, 0, 2, 0, 2, 0, 0
13981, 0, 1, 0, 1, 0, 0
13982, 2, 9, 4, 5, 2, 0
13986, 0, 1, 0, 1, 0, 0
15504, 12, 1, 1, 0, 12, 0
42958, 1, 2, 2, 0, 1, 0
42959, 1, 7, 6, 1, 1, 0
13669, 21, 12, 11, 1, 21, 0
33154, 0, 2, 2, 0, 0, 0
37494, 3, 2, 2, 0, 1, 2
39163, 0, 4, 4, 0, 0, 0
39164, 1, 1, 1, 0, 1, 0
42960, 1, 2, 1, 1, 1, 0
2934, 19, 1, 1, 0, 19, 0
11706, 0, 3, 3, 0, 0, 0
13527, 10, 5, 3, 2, 8, 2
15228, 1, 6, 5, 1, 0, 1
16332, 1, 5, 3, 2, 1, 0
20244, 0, 8, 3, 5, 0, 0
22971, 0, 5, 5, 0, 0, 0
23363, 0, 8, 6, 2, 0, 0
24945, 0, 10, 10, 0, 0, 0
37575, 0, 3, 3, 0, 0, 0
37790, 22, 7, 7, 0, 22, 0
37847, 0, 19, 19, 0, 0, 0
42961, 1, 4, 2, 2, 1, 0
42962, 0, 1, 1, 0, 0, 0
42963, 6, 5, 4, 1, 6, 0
42964, 5, 4, 4, 0, 5, 0
42965, 9, 1, 1, 0, 6, 3
42966, 8, 2, 2, 0, 7, 1
42967, 3, 3, 1, 2, 3, 0
42968, 12, 5, 2, 3, 5, 7
42969, 3, 1, 1, 0, 2, 1
42970, 6, 2, 2, 0, 4, 2
42971, 7, 5, 5, 0, 7, 0
42972, 0, 1, 1, 0, 0, 0
42973, 3, 2, 1, 1, 1, 2
14115, 8, 6, 5, 1, 6, 2
14303, 15, 9, 7, 2, 7, 8
15250, 0, 6, 5, 1, 0, 0
17569, 1, 1, 1, 0, 1, 0
17571, 1, 1, 1, 0, 1, 0
17572, 0, 3, 3, 0, 0, 0
2395, 9, 13, 8, 5, 9, 0
3111, 3, 2, 2, 0, 3, 0
5403, 0, 10, 8, 2, 0, 0
15732, 3, 7, 5, 2, 3, 0
18187, 41, 5, 4, 1, 40, 1
19737, 3, 3, 1, 2, 3, 0
21724, 62, 6, 5, 1, 61, 1
23573, 9, 19, 18, 1, 8, 1
25849, 0, 2, 1, 1, 0, 0
25850, 4, 12, 11, 1, 4, 0
25851, 0, 1, 1, 0, 0, 0
25854, 0, 5, 5, 0, 0, 0
25855, 3, 2, 2, 0, 1, 2
25856, 0, 2, 2, 0, 0, 0
25858, 7, 9, 9, 0, 7, 0
25859, 2, 1, 1, 0, 2, 0
25860, 0, 1, 1, 0, 0, 0
5710, 3, 6, 5, 1, 3, 0
7782, 0, 8, 8, 0, 0, 0
7783, 1, 26, 26, 0, 1, 0
12266, 2, 6, 5, 1, 2, 0
12761, 0, 13, 12, 1, 0, 0
13128, 17, 13, 13, 0, 17, 0
13469, 2, 7, 4, 3, 2, 0
14192, 0, 3, 3, 0, 0, 0
14887, 8, 20, 19, 1, 6, 2
15590, 0, 7, 7, 0, 0, 0
17795, 0, 6, 6, 0, 0, 0
19653, 0, 2, 2, 0, 0, 0
20270, 8, 2, 2, 0, 8, 0
21249, 0, 2, 2, 0, 0, 0
22500, 3, 1, 1, 0, 3, 0
25559, 4, 3, 3, 0, 4, 0
25560, 0, 2, 2, 0, 0, 0
25561, 0, 1, 1, 0, 0, 0
25562, 4, 2, 2, 0, 4, 0
25564, 0, 1, 1, 0, 0, 0
25566, 1, 2, 2, 0, 1, 0
25567, 3, 7, 6, 1, 3, 0
25568, 0, 4, 3, 1, 0, 0
25569, 0, 1, 1, 0, 0, 0
25570, 0, 1, 1, 0, 0, 0
25571, 0, 1, 1, 0, 0, 0
25572, 0, 1, 1, 0, 0, 0
25573, 1, 2, 2, 0, 1, 0
25574, 0, 1, 1, 0, 0, 0
25575, 0, 4, 3, 1, 0, 0
25577, 0, 2, 2, 0, 0, 0
25579, 2, 2, 1, 1, 2, 0
25580, 3, 4, 3, 1, 3, 0
25581, 0, 6, 6, 0, 0, 0
25582, 0, 4, 3, 1, 0, 0
25583, 0, 1, 1, 0, 0, 0
25585, 1, 1, 1, 0, 1, 0
25586, 1, 2, 2, 0, 1, 0
25587, 0, 1, 1, 0, 0, 0
17468, 9, 11, 10, 1, 9, 0
3300, 10, 26, 25, 1, 10, 0
42974, 13, 2, 2, 0, 13, 0
19311, 1, 8, 7, 1, 1, 0
22789, 0, 3, 3, 0, 0, 0
22790, 12, 6, 4, 2, 12, 0
14727, 0, 16, 13, 3, 0, 0
42975, 0, 1, 1, 0, 0, 0
42976, 2, 5, 4, 1, 2, 0
8579, 0, 5, 5, 0, 0, 0
21080, 0, 11, 8, 3, 0, 0
41459, 12, 4, 4, 0, 12, 0
42977, 12, 1, 1, 0, 12, 0
42978, 3, 1, 1, 0, 2, 1
42979, 0, 3, 2, 1, 0, 0
27256, 0, 2, 2, 0, 0, 0
29890, 1, 4, 2, 2, 1, 0
34192, 10, 4, 4, 0, 10, 0
37137, 6, 4, 4, 0, 3, 3
37385, 17, 10, 8, 2, 12, 5
37583, 0, 6, 5, 1, 0, 0
18867, 12, 4, 3, 1, 7, 5
27067, 0, 7, 6, 1, 0, 0
27820, 0, 8, 0, 8, 0, 0
30274, 1, 6, 6, 0, 1, 0
42980, 0, 4, 3, 1, 0, 0
42981, 0, 2, 2, 0, 0, 0
3299, 5, 11, 7, 4, 1, 4
7136, 2, 14, 9, 5, 0, 2
12958, 0, 7, 6, 1, 0, 0
16329, 3, 4, 4, 0, 3, 0
16518, 0, 12, 12, 0, 0, 0
19857, 0, 10, 10, 0, 0, 0
20794, 0, 5, 5, 0, 0, 0
22102, 202, 22, 8, 14, 61, 141
26419, 2, 3, 1, 2, 2, 0
28487, 4, 5, 5, 0, 4, 0
32919, 0, 11, 8, 3, 0, 0
37155, 2, 6, 5, 1, 2, 0
41618, 1, 3, 3, 0, 1, 0
41715, 0, 4, 2, 2, 0, 0
42982, 0, 1, 1, 0, 0, 0
42983, 2, 1, 1, 0, 2, 0
42984, 0, 3, 3, 0, 0, 0
42985, 0, 1, 1, 0, 0, 0
42986, 0, 1, 1, 0, 0, 0
42987, 0, 3, 3, 0, 0, 0
42988, 0, 4, 3, 1, 0, 0
42989, 0, 1, 1, 0, 0, 0
42990, 0, 4, 3, 1, 0, 0
42991, 1, 1, 1, 0, 1, 0
42992, 0, 6, 4, 2, 0, 0
42993, 0, 4, 3, 1, 0, 0
13422, 1, 5, 3, 2, 1, 0
18056, 0, 22, 20, 2, 0, 0
22186, 29, 8, 7, 1, 29, 0
22187, 0, 12, 12, 0, 0, 0
22188, 5, 16, 16, 0, 5, 0
22189, 68, 1, 1, 0, 68, 0
22190, 0, 4, 4, 0, 0, 0
5827, 12, 13, 12, 1, 12, 0
6079, 1, 14, 10, 4, 0, 1
16270, 163, 22, 15, 7, 133, 30
19463, 10, 3, 2, 1, 3, 7
20375, 1, 7, 2, 5, 0, 1
21518, 146, 10, 7, 3, 73, 73
22863, 51, 2, 2, 0, 49, 2
41871, 0, 6, 6, 0, 0, 0
42994, 5, 2, 2, 0, 5, 0
42995, 0, 8, 8, 0, 0, 0
42996, 0, 1, 1, 0, 0, 0
42997, 4, 1, 0, 1, 2, 2
42998, 11, 1, 0, 1, 3, 8
42999, 131, 8, 4, 4, 56, 75
43000, 12, 1, 0, 1, 7, 5
43001, 18, 3, 1, 2, 15, 3
10134, 39, 3, 2, 1, 37, 2
25782, 1, 1, 1, 0, 1, 0
43002, 0, 1, 1, 0, 0, 0
43003, 1, 1, 1, 0, 1, 0
33762, 22, 3, 3, 0, 19, 3
4702, 1, 3, 3, 0, 1, 0
12327, 3, 7, 6, 1, 2, 1
12339, 10, 10, 9, 1, 10, 0
12724, 9, 6, 2, 4, 5, 4
16204, 16, 3, 3, 0, 16, 0
16521, 1, 2, 2, 0, 1, 0
18512, 16, 5, 4, 1, 14, 2
19994, 0, 7, 3, 4, 0, 0
20764, 0, 7, 5, 2, 0, 0
21538, 0, 6, 4, 2, 0, 0
23012, 0, 2, 2, 0, 0, 0
23014, 6, 12, 10, 2, 6, 0
23015, 0, 1, 1, 0, 0, 0
23017, 3, 3, 3, 0, 0, 3
23019, 2, 7, 7, 0, 2, 0
23020, 2, 3, 3, 0, 2, 0
23022, 0, 1, 1, 0, 0, 0
23024, 2, 2, 2, 0, 2, 0
23026, 0, 8, 6, 2, 0, 0
23030, 0, 1, 1, 0, 0, 0
23031, 0, 1, 1, 0, 0, 0
23032, 0, 2, 2, 0, 0, 0
23033, 9, 9, 6, 3, 5, 4
23034, 4, 2, 1, 1, 2, 2
23035, 0, 12, 10, 2, 0, 0
23036, 3, 2, 0, 2, 0, 3
23037, 20, 6, 4, 2, 19, 1
23038, 0, 1, 0, 1, 0, 0
23039, 1, 1, 0, 1, 1, 0
6070, 1, 4, 4, 0, 1, 0
6531, 2, 4, 4, 0, 2, 0
7690, 5, 8, 5, 3, 3, 2
9294, 7, 9, 8, 1, 7, 0
9690, 4, 6, 5, 1, 4, 0
10396, 6, 12, 9, 3, 5, 1
14735, 0, 7, 7, 0, 0, 0
14802, 0, 5, 5, 0, 0, 0
24171, 0, 2, 2, 0, 0, 0
24925, 0, 5, 5, 0, 0, 0
25148, 0, 8, 6, 2, 0, 0
33138, 0, 13, 10, 3, 0, 0
34474, 0, 5, 4, 1, 0, 0
35070, 0, 1, 1, 0, 0, 0
35071, 0, 3, 3, 0, 0, 0
35072, 0, 2, 2, 0, 0, 0
35074, 0, 1, 1, 0, 0, 0
35075, 0, 2, 2, 0, 0, 0
35076, 0, 4, 4, 0, 0, 0
35077, 5, 6, 5, 1, 3, 2
35078, 0, 1, 1, 0, 0, 0
35079, 0, 5, 3, 2, 0, 0
43004, 0, 1, 1, 0, 0, 0
17317, 0, 7, 7, 0, 0, 0
18176, 2, 2, 1, 1, 2, 0
37226, 1, 2, 2, 0, 1, 0
43005, 0, 1, 1, 0, 0, 0
43006, 0, 1, 1, 0, 0, 0
43007, 8, 1, 1, 0, 7, 1
43008, 18, 1, 1, 0, 18, 0
43009, 0, 1, 1, 0, 0, 0
43010, 2, 1, 1, 0, 2, 0
43011, 1, 4, 4, 0, 1, 0
43012, 0, 1, 1, 0, 0, 0
43013, 1, 1, 1, 0, 1, 0
15516, 0, 14, 13, 1, 0, 0
17841, 113, 11, 9, 2, 99, 14
4581, 20, 17, 14, 3, 17, 3
5141, 2, 18, 3, 15, 2, 0
7673, 3, 15, 7, 8, 3, 0
12290, 0, 1, 1, 0, 0, 0
12296, 71, 18, 8, 10, 63, 8
12297, 2, 1, 1, 0, 2, 0
12300, 2, 4, 4, 0, 2, 0
12304, 0, 1, 1, 0, 0, 0
12307, 3, 3, 3, 0, 2, 1
12311, 4, 1, 1, 0, 4, 0
12312, 4, 1, 1, 0, 4, 0
12313, 24, 6, 5, 1, 20, 4
12315, 42, 5, 4, 1, 36, 6
12316, 0, 1, 1, 0, 0, 0
12318, 0, 5, 5, 0, 0, 0
12319, 0, 1, 1, 0, 0, 0
12329, 0, 2, 1, 1, 0, 0
12330, 0, 1, 1, 0, 0, 0
12332, 0, 2, 2, 0, 0, 0
12333, 1, 14, 8, 6, 1, 0
12337, 0, 1, 1, 0, 0, 0
27245, 23, 6, 4, 2, 20, 3
43014, 0, 1, 1, 0, 0, 0
10307, 0, 10, 10, 0, 0, 0
39625, 1, 1, 1, 0, 1, 0
3653, 9, 4, 2, 2, 9, 0
19150, 151, 12, 11, 1, 145, 6
19386, 27, 3, 3, 0, 16, 11
19548, 5, 3, 2, 1, 5, 0
35909, 25, 4, 4, 0, 22, 3
43015, 0, 3, 3, 0, 0, 0
43016, 1, 1, 1, 0, 1, 0
43017, 11, 1, 1, 0, 6, 5
43018, 23, 1, 1, 0, 23, 0
43019, 0, 1, 1, 0, 0, 0
43020, 0, 1, 1, 0, 0, 0
43021, 1, 1, 1, 0, 1, 0
43022, 1, 1, 1, 0, 1, 0
43023, 0, 2, 0, 2, 0, 0
20885, 14, 10, 4, 6, 11, 3
30692, 1, 4, 2, 2, 1, 0
43024, 2, 1, 1, 0, 2, 0
6944, 8, 48, 43, 5, 7, 1
21115, 0, 5, 5, 0, 0, 0
23547, 0, 2, 1, 1, 0, 0
43025, 0, 1, 1, 0, 0, 0
43026, 0, 2, 2, 0, 0, 0
43027, 0, 3, 3, 0, 0, 0
1986, 0, 16, 11, 5, 0, 0
2464, 18, 1, 0, 1, 16, 2
6140, 6, 12, 6, 6, 5, 1
43028, 0, 1, 0, 1, 0, 0
13466, 59, 16, 14, 2, 57, 2
23536, 0, 1, 1, 0, 0, 0
23537, 15, 5, 4, 1, 11, 4
23538, 2, 3, 2, 1, 2, 0
23539, 0, 6, 4, 2, 0, 0
23540, 0, 7, 1, 6, 0, 0
23541, 1, 1, 1, 0, 0, 1
23543, 0, 1, 1, 0, 0, 0
23545, 0, 1, 0, 1, 0, 0
23546, 5, 3, 2, 1, 3, 2
23548, 0, 3, 0, 3, 0, 0
13236, 0, 4, 2, 2, 0, 0
13244, 1, 3, 2, 1, 0, 1
19804, 0, 9, 8, 1, 0, 0
28057, 62, 6, 3, 3, 0, 62
43029, 0, 1, 1, 0, 0, 0
43030, 4, 5, 2, 3, 3, 1
43031, 0, 3, 3, 0, 0, 0
43032, 0, 4, 4, 0, 0, 0
1897, 2, 0, 0, 0, 2, 0
1899, 2, 2, 2, 0, 2, 0
1900, 1, 2, 2, 0, 1, 0
1902, 4, 2, 2, 0, 4, 0
1904, 0, 2, 2, 0, 0, 0
13159, 0, 9, 9, 0, 0, 0
43033, 0, 10, 10, 0, 0, 0
10140, 0, 4, 4, 0, 0, 0
14240, 0, 13, 13, 0, 0, 0
14855, 6, 5, 5, 0, 6, 0
22815, 9, 3, 1, 2, 8, 1
1908, 1, 0, 0, 0, 1, 0
1909, 1, 0, 0, 0, 1, 0
1910, 6, 0, 0, 0, 4, 2
1912, 0, 2, 2, 0, 0, 0
19940, 1, 28, 3, 25, 1, 0
43061, 0, 1, 0, 1, 0, 0
12962, 0, 8, 6, 2, 0, 0
17744, 34, 9, 9, 0, 14, 20
24213, 7, 2, 2, 0, 6, 1
26140, 4, 3, 3, 0, 4, 0
43062, 0, 1, 1, 0, 0, 0
43063, 2, 2, 2, 0, 2, 0
43064, 0, 1, 1, 0, 0, 0
43065, 0, 1, 0, 1, 0, 0
43066, 0, 1, 0, 1, 0, 0
43067, 2, 2, 1, 1, 2, 0
1914, 48, 5, 4, 1, 9, 39
1917, 1, 1, 1, 0, 1, 0
1925, 0, 6, 0, 6, 0, 0
1941, 19, 21, 8, 13, 19, 0
1943, 11, 1, 0, 1, 0, 11
6424, 0, 3, 3, 0, 0, 0
36888, 12, 5, 3, 2, 9, 3
43068, 0, 7, 7, 0, 0, 0
43077, 0, 1, 0, 1, 0, 0
6804, 5, 5, 4, 1, 5, 0
6814, 0, 5, 4, 1, 0, 0
8536, 0, 8, 7, 1, 0, 0
16381, 8, 5, 3, 2, 5, 3
19724, 0, 9, 2, 7, 0, 0
36484, 1, 5, 4, 1, 1, 0
41578, 0, 4, 1, 3, 0, 0
43078, 0, 2, 2, 0, 0, 0
43079, 0, 2, 2, 0, 0, 0
43080, 8, 2, 1, 1, 7, 1
4393, 40, 13, 7, 6, 25, 15
5851, 1, 8, 5, 3, 1, 0
8535, 24, 10, 4, 6, 19, 5
10058, 65, 9, 4, 5, 27, 38
10647, 0, 8, 7, 1, 0, 0
13293, 27, 16, 5, 11, 0, 27
14339, 5, 3, 2, 1, 5, 0
14613, 24, 7, 5, 2, 19, 5
17027, 51, 6, 4, 2, 36, 15
17533, 0, 5, 3, 2, 0, 0
19790, 129, 14, 12, 2, 13, 116
19806, 0, 6, 3, 3, 0, 0
20719, 60, 4, 3, 1, 14, 46
23221, 19, 6, 4, 2, 19, 0
23365, 4, 4, 3, 1, 3, 1
25821, 1, 2, 1, 1, 1, 0
26438, 11, 2, 1, 1, 11, 0
27878, 3, 1, 0, 1, 3, 0
37384, 28, 4, 2, 2, 4, 24
37759, 3, 2, 1, 1, 0, 3
41071, 0, 1, 1, 0, 0, 0
41072, 0, 10, 10, 0, 0, 0
41073, 0, 12, 12, 0, 0, 0
41074, 0, 2, 1, 1, 0, 0
41075, 0, 2, 0, 2, 0, 0
41076, 1, 2, 1, 1, 1, 0
41077, 0, 1, 0, 1, 0, 0
41078, 0, 1, 0, 1, 0, 0
41079, 0, 1, 0, 1, 0, 0
41080, 44, 4, 0, 4, 11, 33
41081, 1, 1, 0, 1, 1, 0
41082, 0, 1, 0, 1, 0, 0
41083, 1, 2, 0, 2, 1, 0
41084, 0, 1, 0, 1, 0, 0
41085, 1, 1, 0, 1, 0, 1
41086, 0, 12, 10, 2, 0, 0
41087, 1, 1, 0, 1, 1, 0
41088, 1, 1, 0, 1, 0, 1
41089, 0, 4, 3, 1, 0, 0
41090, 11, 3, 2, 1, 11, 0
41091, 0, 1, 0, 1, 0, 0
41092, 0, 2, 0, 2, 0, 0
41093, 2, 2, 1, 1, 2, 0
41094, 1, 5, 3, 2, 1, 0
41095, 4, 4, 1, 3, 4, 0
41096, 3, 2, 0, 2, 2, 1
41097, 1, 2, 0, 2, 0, 1
41098, 9, 6, 1, 5, 5, 4
41099, 12, 1, 0, 1, 11, 1
41100, 9, 2, 1, 1, 9, 0
41101, 2, 1, 0, 1, 0, 2
41102, 3, 1, 0, 1, 2, 1
41104, 6, 3, 2, 1, 6, 0
2824, 69, 14, 12, 2, 39, 30
3679, 47, 3, 2, 1, 25, 22
4259, 35, 10, 7, 3, 35, 0
4397, 43, 8, 7, 1, 3, 40
6954, 0, 8, 4, 4, 0, 0
6969, 16, 14, 10, 4, 16, 0
11537, 12, 6, 4, 2, 8, 4
11783, 20, 6, 6, 0, 4, 16
12539, 8, 5, 5, 0, 7, 1
12547, 11, 7, 4, 3, 1, 10
12642, 0, 3, 2, 1, 0, 0
14310, 3, 3, 3, 0, 2, 1
14503, 89, 6, 4, 2, 26, 63
15174, 85, 4, 3, 1, 62, 23
16186, 16, 2, 2, 0, 9, 7
16388, 0, 4, 3, 1, 0, 0
16672, 0, 11, 8, 3, 0, 0
22793, 18, 2, 2, 0, 8, 10
24132, 36, 17, 15, 2, 13, 23
27008, 35, 7, 6, 1, 20, 15
28038, 0, 1, 1, 0, 0, 0
28040, 33, 8, 6, 2, 15, 18
28041, 0, 1, 1, 0, 0, 0
28043, 86, 4, 2, 2, 8, 78
28045, 16, 2, 2, 0, 13, 3
28046, 10, 6, 4, 2, 10, 0
28047, 0, 1, 1, 0, 0, 0
28048, 9, 1, 1, 0, 5, 4
28049, 4, 1, 1, 0, 3, 1
28050, 15, 2, 1, 1, 9, 6
28051, 2, 22, 15, 7, 2, 0
28052, 0, 1, 1, 0, 0, 0
28053, 0, 1, 1, 0, 0, 0
28054, 0, 1, 1, 0, 0, 0
28055, 10, 4, 4, 0, 9, 1
28056, 0, 5, 2, 3, 0, 0
28058, 0, 3, 2, 1, 0, 0
28059, 0, 2, 2, 0, 0, 0
28060, 2, 1, 1, 0, 0, 2
28061, 2, 1, 1, 0, 0, 2
28062, 0, 1, 1, 0, 0, 0
28063, 10, 2, 2, 0, 1, 9
28064, 12, 5, 5, 0, 3, 9
28065, 0, 1, 1, 0, 0, 0
28066, 3, 2, 1, 1, 3, 0
28067, 2, 1, 1, 0, 0, 2
28068, 6, 1, 1, 0, 1, 5
28069, 9, 1, 1, 0, 0, 9
28070, 0, 2, 1, 1, 0, 0
28072, 1, 1, 1, 0, 0, 1
28075, 3, 3, 2, 1, 3, 0
28077, 12, 1, 1, 0, 1, 11
28078, 0, 2, 1, 1, 0, 0
28079, 0, 1, 1, 0, 0, 0
28080, 3, 2, 1, 1, 1, 2
28081, 1, 1, 1, 0, 0, 1
28082, 0, 1, 1, 0, 0, 0
28083, 24, 1, 1, 0, 18, 6
28084, 0, 2, 1, 1, 0, 0
28086, 0, 1, 1, 0, 0, 0
6472, 6, 2, 2, 0, 2, 4
12548, 15, 21, 20, 1, 15, 0
14491, 0, 2, 2, 0, 0, 0
32443, 0, 5, 2, 3, 0, 0
33389, 3, 4, 4, 0, 1, 2
41111, 0, 5, 3, 2, 0, 0
43081, 0, 3, 3, 0, 0, 0
43082, 3, 1, 1, 0, 3, 0
12035, 7, 7, 6, 1, 5, 2
12550, 0, 11, 11, 0, 0, 0
19508, 7, 7, 3, 4, 7, 0
22690, 5, 5, 2, 3, 5, 0
24531, 2, 7, 5, 2, 2, 0
28196, 0, 2, 2, 0, 0, 0
43083, 3, 1, 1, 0, 3, 0
43084, 6, 9, 8, 1, 6, 0
43085, 0, 2, 2, 0, 0, 0
43086, 0, 2, 2, 0, 0, 0
43087, 1, 3, 3, 0, 1, 0
14380, 5, 13, 11, 2, 4, 1
36974, 1, 4, 3, 1, 0, 1
43088, 3, 3, 2, 1, 3, 0
43089, 38, 2, 1, 1, 36, 2
7720, 1, 5, 4, 1, 1, 0
14362, 0, 4, 2, 2, 0, 0
14392, 0, 5, 3, 2, 0, 0
29671, 0, 8, 8, 0, 0, 0
43090, 0, 2, 2, 0, 0, 0
43091, 0, 3, 3, 0, 0, 0
43092, 7, 3, 2, 1, 6, 1
19942, 2, 1, 1, 0, 1, 1
17741, 0, 6, 4, 2, 0, 0
43093, 0, 1, 1, 0, 0, 0
6810, 16, 8, 4, 4, 15, 1
7675, 15, 4, 2, 2, 10, 5
12631, 12, 5, 4, 1, 10, 2
12632, 1, 2, 1, 1, 1, 0
12633, 1, 5, 3, 2, 1, 0
12635, 1, 2, 1, 1, 1, 0
12638, 2, 4, 2, 2, 0, 2
12639, 0, 2, 1, 1, 0, 0
12640, 0, 2, 1, 1, 0, 0
12643, 0, 2, 1, 1, 0, 0
12644, 0, 6, 3, 3, 0, 0
12646, 0, 2, 1, 1, 0, 0
12648, 4, 4, 2, 2, 4, 0
12650, 0, 2, 1, 1, 0, 0
12651, 0, 6, 4, 2, 0, 0
12652, 0, 2, 1, 1, 0, 0
12654, 10, 4, 3, 1, 10, 0
12658, 0, 2, 1, 1, 0, 0
12659, 0, 2, 1, 1, 0, 0
12660, 0, 2, 1, 1, 0, 0
12663, 1, 2, 1, 1, 1, 0
12664, 1, 2, 1, 1, 1, 0
12665, 0, 2, 1, 1, 0, 0
12666, 0, 2, 1, 1, 0, 0
12667, 0, 2, 1, 1, 0, 0
12668, 0, 1, 1, 0, 0, 0
12669, 0, 2, 1, 1, 0, 0
12670, 17, 4, 2, 2, 16, 1
12672, 0, 2, 1, 1, 0, 0
12673, 6, 8, 1, 7, 6, 0
12674, 0, 3, 1, 2, 0, 0
12675, 1, 7, 3, 4, 1, 0
12676, 0, 2, 1, 1, 0, 0
12677, 0, 2, 1, 1, 0, 0
12678, 1, 2, 1, 1, 1, 0
12679, 0, 2, 1, 1, 0, 0
12680, 2, 3, 1, 2, 1, 1
12681, 1, 2, 1, 1, 1, 0
12684, 0, 2, 1, 1, 0, 0
12686, 0, 1, 0, 1, 0, 0
12689, 1, 7, 6, 1, 1, 0
12691, 0, 1, 0, 1, 0, 0
7499, 0, 3, 3, 0, 0, 0
8532, 0, 15, 8, 7, 0, 0
9733, 5, 4, 3, 1, 5, 0
15302, 10, 4, 3, 1, 2, 8
17913, 8, 5, 5, 0, 6, 2
19532, 0, 6, 5, 1, 0, 0
21580, 2, 6, 5, 1, 0, 2
22654, 0, 8, 8, 0, 0, 0
23144, 4, 6, 5, 1, 4, 0
24712, 23, 12, 12, 0, 15, 8
25230, 36, 4, 3, 1, 33, 3
25802, 17, 5, 4, 1, 13, 4
34321, 0, 3, 3, 0, 0, 0
40602, 12, 5, 3, 2, 1, 11
43094, 0, 2, 2, 0, 0, 0
43095, 0, 1, 1, 0, 0, 0
43096, 1, 1, 1, 0, 0, 1
43097, 5, 1, 1, 0, 4, 1
43098, 1, 1, 1, 0, 0, 1
43099, 8, 2, 2, 0, 6, 2
43100, 0, 1, 1, 0, 0, 0
43101, 1, 1, 1, 0, 1, 0
43102, 1, 1, 1, 0, 0, 1
43103, 2, 1, 1, 0, 0, 2
43104, 3, 1, 1, 0, 2, 1
43105, 27, 4, 2, 2, 3, 24
43106, 3, 1, 1, 0, 3, 0
43107, 0, 2, 2, 0, 0, 0
43108, 0, 2, 2, 0, 0, 0
43109, 8, 1, 1, 0, 7, 1
43110, 5, 1, 1, 0, 1, 4
43111, 2, 2, 2, 0, 2, 0
43112, 3, 2, 2, 0, 2, 1
43113, 9, 4, 4, 0, 1, 8
43114, 4, 1, 1, 0, 4, 0
43115, 17, 2, 2, 0, 5, 12
7501, 12, 2, 1, 1, 12, 0
30730, 1, 7, 7, 0, 1, 0
43116, 0, 1, 1, 0, 0, 0
43117, 0, 1, 1, 0, 0, 0
43118, 18, 5, 3, 2, 13, 5
43119, 5, 2, 2, 0, 5, 0
43120, 1, 1, 1, 0, 1, 0
43121, 3, 9, 3, 6, 3, 0
43122, 0, 2, 2, 0, 0, 0
43123, 1, 3, 3, 0, 1, 0
37389, 1, 9, 8, 1, 1, 0
43124, 6, 2, 1, 1, 3, 3
43125, 2, 4, 3, 1, 2, 0
43126, 3, 3, 3, 0, 3, 0
43127, 0, 1, 0, 1, 0, 0
43128, 0, 8, 8, 0, 0, 0
6801, 0, 4, 4, 0, 0, 0
7699, 2, 5, 4, 1, 2, 0
7703, 0, 4, 4, 0, 0, 0
14391, 1, 7, 3, 4, 1, 0
20548, 0, 7, 7, 0, 0, 0
25229, 0, 1, 1, 0, 0, 0
41125, 0, 6, 6, 0, 0, 0
43129, 0, 3, 3, 0, 0, 0
7697, 17, 24, 19, 5, 15, 2
7698, 0, 12, 11, 1, 0, 0
43130, 0, 5, 5, 0, 0, 0
43131, 17, 9, 9, 0, 15, 2
43132, 0, 9, 9, 0, 0, 0
43133, 17, 9, 9, 0, 15, 2
43134, 0, 6, 6, 0, 0, 0
43135, 17, 9, 9, 0, 15, 2
43136, 16, 9, 9, 0, 14, 2
43137, 17, 9, 9, 0, 15, 2
43138, 0, 10, 10, 0, 0, 0
43139, 17, 9, 9, 0, 15, 2
43140, 17, 9, 9, 0, 15, 2
43141, 3, 11, 1, 10, 0, 3
1954, 0, 1, 1, 0, 0, 0
1955, 10, 1, 1, 0, 10, 0
1959, 1, 3, 3, 0, 1, 0
1962, 0, 9, 8, 1, 0, 0
1968, 1, 5, 3, 2, 1, 0
1972, 3, 13, 11, 2, 2, 1
1973, 1, 1, 1, 0, 1, 0
1978, 6, 8, 5, 3, 6, 0
1980, 0, 1, 1, 0, 0, 0
1982, 2, 5, 5, 0, 2, 0
1983, 21, 10, 8, 2, 15, 6
1985, 0, 3, 1, 2, 0, 0
1987, 0, 2, 1, 1, 0, 0
1994, 4, 6, 4, 2, 1, 3
1996, 0, 2, 0, 2, 0, 0
2005, 1, 10, 6, 4, 1, 0
2006, 11, 3, 1, 2, 11, 0
2011, 0, 1, 0, 1, 0, 0
2012, 7, 1, 0, 1, 5, 2
2014, 10, 4, 3, 1, 10, 0
2018, 2, 3, 2, 1, 2, 0
2021, 0, 1, 0, 1, 0, 0
2024, 0, 2, 1, 1, 0, 0
2027, 41, 3, 0, 3, 17, 24
2030, 0, 2, 1, 1, 0, 0
2031, 1, 4, 3, 1, 1, 0
2035, 0, 1, 0, 1, 0, 0
2036, 6, 9, 6, 3, 2, 4
2046, 0, 5, 3, 2, 0, 0
2047, 5, 9, 6, 3, 4, 1
2050, 1, 2, 0, 2, 1, 0
2051, 19, 8, 3, 5, 4, 15
2052, 0, 2, 1, 1, 0, 0
2053, 42, 8, 5, 3, 15, 27
2056, 2, 9, 8, 1, 2, 0
2058, 7, 8, 2, 6, 7, 0
2066, 10, 5, 4, 1, 7, 3
2071, 0, 8, 4, 4, 0, 0
2073, 0, 12, 11, 1, 0, 0
2075, 5, 5, 4, 1, 5, 0
2081, 1, 1, 0, 1, 1, 0
2082, 4, 5, 4, 1, 4, 0
2091, 2, 3, 2, 1, 2, 0
12924, 0, 19, 19, 0, 0, 0
43142, 0, 1, 1, 0, 0, 0
43143, 0, 1, 1, 0, 0, 0
43144, 5, 1, 1, 0, 5, 0
43145, 0, 1, 1, 0, 0, 0
43146, 0, 1, 1, 0, 0, 0
43147, 0, 1, 1, 0, 0, 0
43148, 0, 1, 1, 0, 0, 0
43149, 0, 1, 1, 0, 0, 0
43150, 0, 1, 0, 1, 0, 0
19442, 25, 9, 8, 1, 25, 0
34536, 38, 6, 2, 4, 36, 2
5794, 0, 8, 6, 2, 0, 0
6825, 4, 4, 4, 0, 4, 0
28545, 0, 15, 8, 7, 0, 0
43151, 7, 4, 4, 0, 7, 0
43152, 3, 2, 2, 0, 3, 0
13417, 71, 6, 6, 0, 69, 2
13424, 29, 3, 3, 0, 27, 2
13428, 0, 2, 2, 0, 0, 0
13429, 36, 19, 18, 1, 34, 2
17673, 0, 16, 16, 0, 0, 0
21812, 1, 10, 9, 1, 1, 0
21813, 0, 5, 5, 0, 0, 0
21816, 11, 8, 6, 2, 11, 0
21817, 3, 1, 1, 0, 3, 0
21819, 4, 8, 6, 2, 4, 0
21820, 59, 4, 3, 1, 38, 21
21821, 0, 1, 1, 0, 0, 0
21822, 12, 4, 4, 0, 12, 0
21824, 1, 1, 1, 0, 1, 0
21909, 6, 4, 4, 0, 6, 0
22679, 6, 2, 1, 1, 3, 3
25041, 0, 6, 3, 3, 0, 0
25042, 3, 6, 5, 1, 3, 0
18640, 44, 17, 13, 4, 44, 0
19931, 0, 7, 7, 0, 0, 0
41479, 1, 5, 5, 0, 1, 0
43153, 5, 4, 3, 1, 5, 0
7749, 0, 2, 2, 0, 0, 0
11108, 4, 12, 8, 4, 2, 2
22929, 0, 10, 9, 1, 0, 0
24849, 10, 5, 4, 1, 10, 0
43154, 0, 1, 1, 0, 0, 0
43155, 15, 6, 4, 2, 12, 3
43156, 0, 1, 1, 0, 0, 0
27261, 1, 7, 7, 0, 1, 0
43157, 2, 1, 1, 0, 2, 0
27046, 2, 1, 1, 0, 2, 0
43158, 0, 1, 1, 0, 0, 0
6488, 4, 8, 4, 4, 2, 2
12853, 0, 26, 26, 0, 0, 0
19226, 0, 30, 26, 4, 0, 0
25182, 12, 13, 12, 1, 12, 0
26116, 8, 5, 5, 0, 8, 0
2758, 6, 12, 2, 10, 4, 2
3954, 0, 4, 4, 0, 0, 0
4618, 7, 3, 1, 2, 4, 3
8999, 8, 17, 14, 3, 8, 0
9594, 0, 3, 3, 0, 0, 0
10218, 1, 3, 1, 2, 1, 0
11852, 7, 8, 8, 0, 7, 0
12006, 18, 52, 27, 25, 15, 3
13087, 2, 20, 18, 2, 1, 1
16164, 16, 18, 8, 10, 9, 7
17560, 2, 18, 18, 0, 2, 0
20308, 0, 3, 2, 1, 0, 0
20310, 0, 2, 0, 2, 0, 0
24110, 4, 5, 3, 2, 4, 0
24363, 181, 7, 5, 2, 169, 12
24773, 0, 9, 8, 1, 0, 0
24803, 2, 6, 4, 2, 2, 0
25590, 46, 10, 4, 6, 5, 41
26305, 0, 3, 3, 0, 0, 0
27262, 15, 6, 4, 2, 12, 3
29307, 33, 8, 7, 1, 20, 13
29866, 0, 3, 0, 3, 0, 0
30951, 0, 4, 1, 3, 0, 0
32791, 4, 4, 4, 0, 3, 1
33999, 0, 4, 2, 2, 0, 0
34046, 0, 5, 5, 0, 0, 0
37049, 0, 2, 2, 0, 0, 0
37265, 3, 5, 5, 0, 0, 3
38246, 1, 2, 2, 0, 1, 0
38247, 1, 1, 1, 0, 1, 0
38248, 6, 7, 7, 0, 4, 2
38249, 0, 2, 2, 0, 0, 0
38250, 3, 4, 4, 0, 3, 0
38251, 0, 1, 1, 0, 0, 0
38252, 0, 1, 1, 0, 0, 0
38253, 1, 2, 1, 1, 1, 0
38254, 1, 3, 2, 1, 1, 0
38256, 0, 4, 4, 0, 0, 0
38257, 1, 1, 0, 1, 0, 1
38259, 2, 1, 0, 1, 1, 1
38260, 0, 1, 0, 1, 0, 0
38262, 0, 1, 0, 1, 0, 0
30808, 0, 5, 5, 0, 0, 0
43230, 1, 1, 1, 0, 1, 0
15334, 0, 5, 4, 1, 0, 0
24980, 0, 3, 3, 0, 0, 0
43231, 1, 3, 3, 0, 0, 1
43232, 1, 3, 3, 0, 1, 0
43233, 0, 2, 2, 0, 0, 0
9247, 1, 12, 7, 5, 1, 0
16017, 42, 5, 5, 0, 32, 10
43234, 0, 1, 1, 0, 0, 0
43235, 0, 2, 2, 0, 0, 0
43236, 0, 1, 1, 0, 0, 0
43237, 34, 5, 4, 1, 34, 0
43238, 0, 2, 2, 0, 0, 0
43239, 0, 1, 1, 0, 0, 0
43240, 0, 1, 1, 0, 0, 0
43241, 4, 1, 1, 0, 4, 0
43242, 0, 1, 1, 0, 0, 0
11811, 27, 5, 5, 0, 27, 0
43243, 3, 1, 1, 0, 3, 0
43244, 2, 3, 3, 0, 2, 0
43245, 11, 2, 2, 0, 11, 0
43246, 0, 1, 1, 0, 0, 0
10357, 56, 9, 4, 5, 17, 39
43247, 23, 3, 2, 1, 7, 16
22799, 9, 2, 2, 0, 7, 2
23915, 4, 6, 6, 0, 3, 1
30434, 1, 9, 9, 0, 1, 0
30805, 2, 3, 2, 1, 2, 0
43248, 0, 1, 1, 0, 0, 0
43249, 2, 3, 3, 0, 2, 0
43250, 0, 1, 0, 1, 0, 0
43251, 0, 2, 1, 1, 0, 0
43252, 0, 1, 0, 1, 0, 0
43253, 3, 1, 1, 0, 3, 0
43254, 1, 2, 2, 0, 0, 1
43255, 1, 1, 1, 0, 1, 0
43256, 1, 3, 3, 0, 0, 1
14352, 0, 7, 3, 4, 0, 0
16187, 38, 11, 7, 4, 38, 0
31572, 13, 3, 1, 2, 13, 0
5860, 4, 6, 4, 2, 2, 2
19047, 16, 4, 3, 1, 14, 2
20034, 0, 4, 4, 0, 0, 0
30435, 0, 6, 5, 1, 0, 0
11829, 39, 6, 5, 1, 20, 19
13822, 13, 11, 9, 2, 13, 0
24143, 34, 9, 6, 3, 18, 16
43257, 0, 1, 1, 0, 0, 0
43258, 12, 2, 1, 1, 11, 1
43259, 0, 1, 1, 0, 0, 0
43260, 3, 3, 2, 1, 2, 1
43261, 25, 4, 4, 0, 25, 0
43262, 0, 1, 1, 0, 0, 0
32430, 9, 3, 2, 1, 9, 0
32431, 0, 2, 2, 0, 0, 0
11861, 3, 5, 1, 4, 2, 1
16647, 99, 11, 6, 5, 6, 93
21007, 0, 11, 11, 0, 0, 0
27026, 48, 10, 5, 5, 33, 15
27824, 186, 12, 6, 6, 128, 58
32530, 0, 3, 0, 3, 0, 0
37728, 3, 5, 1, 4, 0, 3
37729, 17, 4, 0, 4, 9, 8
37731, 15, 7, 3, 4, 10, 5
37732, 16, 5, 0, 5, 4, 12
37735, 1, 4, 0, 4, 0, 1
37736, 9, 9, 3, 6, 7, 2
37738, 28, 4, 0, 4, 5, 23
39623, 0, 2, 0, 2, 0, 0
39624, 1, 4, 0, 4, 0, 1
43263, 0, 1, 1, 0, 0, 0
43264, 0, 5, 5, 0, 0, 0
43265, 0, 3, 3, 0, 0, 0
43266, 2, 1, 1, 0, 2, 0
43267, 0, 3, 1, 2, 0, 0
43268, 0, 2, 2, 0, 0, 0
43269, 32, 2, 2, 0, 26, 6
43270, 62, 2, 0, 2, 0, 62
43271, 16, 1, 0, 1, 13, 3
16784, 6, 10, 10, 0, 5, 1
16443, 0, 8, 5, 3, 0, 0
43272, 0, 1, 1, 0, 0, 0
43273, 1, 1, 1, 0, 1, 0
5846, 13, 23, 17, 6, 13, 0
10538, 4, 7, 3, 4, 2, 2
23332, 0, 9, 7, 2, 0, 0
37111, 1, 9, 8, 1, 1, 0
24687, 1, 6, 5, 1, 0, 1
25600, 0, 5, 5, 0, 0, 0
31388, 13, 4, 1, 3, 0, 13
43274, 0, 2, 0, 2, 0, 0
43275, 0, 1, 0, 1, 0, 0
15253, 1, 2, 2, 0, 1, 0
43276, 4, 3, 3, 0, 4, 0
6454, 0, 16, 15, 1, 0, 0
21257, 2, 12, 10, 2, 2, 0
43277, 0, 2, 1, 1, 0, 0
43278, 3, 1, 1, 0, 3, 0
3382, 1, 8, 3, 5, 0, 1
3739, 0, 13, 11, 2, 0, 0
8830, 8, 2, 1, 1, 8, 0
10075, 10, 13, 5, 8, 3, 7
11930, 1, 4, 3, 1, 1, 0
23825, 0, 6, 5, 1, 0, 0
25270, 5, 5, 3, 2, 3, 2
25318, 0, 15, 11, 4, 0, 0
33006, 6, 8, 7, 1, 6, 0
37979, 0, 2, 0, 2, 0, 0
43279, 0, 1, 1, 0, 0, 0
43280, 4, 5, 4, 1, 4, 0
43281, 0, 6, 0, 6, 0, 0
43282, 2, 1, 0, 1, 0, 2
43283, 0, 2, 1, 1, 0, 0
43284, 0, 1, 0, 1, 0, 0
43285, 0, 1, 0, 1, 0, 0
43286, 0, 2, 0, 2, 0, 0
43287, 0, 1, 0, 1, 0, 0
43288, 0, 1, 0, 1, 0, 0
43289, 0, 1, 0, 1, 0, 0
43290, 0, 6, 0, 6, 0, 0
43291, 23, 12, 2, 10, 0, 23
43292, 0, 6, 0, 6, 0, 0
43293, 0, 2, 1, 1, 0, 0
43294, 0, 6, 4, 2, 0, 0
43295, 0, 3, 0, 3, 0, 0
43296, 0, 1, 0, 1, 0, 0
43297, 1, 3, 2, 1, 1, 0
43298, 0, 1, 0, 1, 0, 0
43299, 0, 1, 0, 1, 0, 0
43300, 1, 1, 0, 1, 0, 1
43301, 0, 5, 1, 4, 0, 0
43302, 0, 1, 0, 1, 0, 0
43303, 0, 1, 0, 1, 0, 0
43304, 4, 3, 0, 3, 2, 2
43305, 1, 2, 1, 1, 1, 0
43306, 3, 4, 4, 0, 3, 0
3664, 7, 10, 8, 2, 7, 0
3756, 1, 11, 9, 2, 0, 1
13050, 1, 2, 1, 1, 1, 0
43307, 0, 3, 3, 0, 0, 0
43308, 1, 1, 1, 0, 1, 0
3519, 1, 28, 15, 13, 1, 0
14156, 25, 11, 3, 8, 15, 10
16899, 0, 5, 0, 5, 0, 0
16945, 11, 10, 8, 2, 11, 0
17286, 0, 18, 6, 12, 0, 0
21266, 0, 10, 8, 2, 0, 0
43309, 0, 5, 2, 3, 0, 0
43310, 2, 1, 0, 1, 2, 0
43311, 0, 1, 0, 1, 0, 0
43312, 0, 1, 0, 1, 0, 0
43313, 0, 1, 0, 1, 0, 0
43314, 0, 2, 1, 1, 0, 0
43315, 0, 2, 0, 2, 0, 0
14056, 0, 2, 2, 0, 0, 0
2382, 0, 23, 23, 0, 0, 0
15079, 5, 5, 2, 3, 0, 5
28015, 3, 5, 3, 2, 3, 0
40565, 0, 2, 2, 0, 0, 0
41958, 0, 2, 2, 0, 0, 0
43316, 0, 1, 1, 0, 0, 0
43317, 0, 1, 1, 0, 0, 0
32733, 10, 9, 6, 3, 10, 0
43318, 1, 2, 2, 0, 1, 0
17767, 0, 16, 16, 0, 0, 0
32735, 6, 8, 6, 2, 6, 0
43319, 2, 7, 6, 1, 1, 1
16696, 6, 7, 7, 0, 6, 0
43320, 3, 3, 2, 1, 3, 0
12939, 2, 2, 2, 0, 2, 0
19635, 0, 16, 12, 4, 0, 0
32712, 0, 3, 3, 0, 0, 0
33907, 0, 5, 4, 1, 0, 0
38631, 0, 5, 1, 4, 0, 0
17266, 1, 8, 7, 1, 1, 0
26272, 1, 4, 4, 0, 1, 0
38354, 7, 4, 2, 2, 3, 4
38355, 0, 2, 1, 1, 0, 0
38356, 0, 1, 1, 0, 0, 0
38357, 0, 2, 2, 0, 0, 0
43221, 11, 2, 0, 2, 11, 0
21584, 19, 5, 4, 1, 15, 4
43321, 0, 9, 9, 0, 0, 0
27948, 1, 5, 5, 0, 1, 0
43322, 1, 2, 2, 0, 1, 0
17318, 1, 9, 7, 2, 0, 1
10199, 4, 9, 5, 4, 4, 0
16378, 44, 3, 2, 1, 22, 22
18781, 18, 4, 2, 2, 11, 7
43323, 6, 8, 8, 0, 6, 0
43324, 0, 4, 3, 1, 0, 0
43325, 0, 1, 0, 1, 0, 0
11120, 4, 9, 6, 3, 2, 2
21810, 0, 4, 0, 4, 0, 0
33136, 15, 7, 3, 4, 11, 4
33467, 5, 8, 4, 4, 5, 0
43326, 0, 3, 3, 0, 0, 0
43327, 9, 5, 2, 3, 6, 3
43328, 1, 3, 0, 3, 1, 0
43329, 0, 4, 0, 4, 0, 0
43330, 0, 2, 1, 1, 0, 0
11630, 0, 8, 8, 0, 0, 0
23270, 3, 8, 7, 1, 3, 0
43331, 0, 1, 1, 0, 0, 0
43332, 0, 1, 1, 0, 0, 0
24642, 3, 2, 1, 1, 2, 1
24643, 0, 13, 13, 0, 0, 0
43333, 2, 1, 1, 0, 2, 0
43334, 2, 5, 5, 0, 2, 0
13564, 0, 6, 6, 0, 0, 0
15439, 2, 5, 2, 3, 2, 0
25890, 0, 5, 4, 1, 0, 0
38377, 7, 4, 2, 2, 7, 0
38620, 0, 1, 1, 0, 0, 0
38621, 0, 1, 1, 0, 0, 0
38622, 7, 4, 3, 1, 7, 0
38623, 0, 1, 0, 1, 0, 0
38624, 0, 4, 3, 1, 0, 0
38625, 1, 1, 0, 1, 1, 0
2319, 1, 3, 2, 1, 1, 0
10214, 1, 4, 3, 1, 1, 0
21680, 0, 11, 6, 5, 0, 0
43335, 0, 2, 0, 2, 0, 0
43336, 0, 3, 0, 3, 0, 0
4576, 9, 5, 2, 3, 6, 3
6720, 7, 11, 7, 4, 3, 4
8322, 3, 3, 3, 0, 3, 0
9013, 9, 7, 5, 2, 8, 1
11914, 0, 3, 3, 0, 0, 0
11982, 14, 26, 16, 10, 3, 11
13617, 3, 6, 5, 1, 3, 0
14848, 0, 7, 4, 3, 0, 0
15202, 5, 7, 6, 1, 5, 0
15239, 46, 8, 7, 1, 46, 0
15361, 3, 13, 8, 5, 3, 0
15468, 13, 14, 10, 4, 13, 0
15646, 1, 10, 7, 3, 1, 0
16036, 3, 33, 9, 24, 2, 1
16654, 1, 2, 2, 0, 0, 1
17170, 1, 6, 5, 1, 1, 0
17288, 1, 7, 7, 0, 1, 0
20207, 27, 13, 8, 5, 16, 11
21009, 22, 8, 6, 2, 5, 17
24856, 0, 2, 2, 0, 0, 0
24902, 5, 6, 3, 3, 5, 0
26227, 2, 6, 4, 2, 2, 0
30388, 0, 8, 5, 3, 0, 0
34637, 0, 5, 1, 4, 0, 0
38813, 0, 12, 9, 3, 0, 0
39210, 0, 10, 9, 1, 0, 0
40574, 12, 5, 4, 1, 12, 0
41742, 4, 6, 3, 3, 1, 3
43337, 0, 1, 1, 0, 0, 0
43338, 1, 1, 1, 0, 1, 0
43339, 7, 1, 1, 0, 7, 0
43340, 0, 2, 2, 0, 0, 0
43341, 3, 2, 2, 0, 3, 0
43342, 0, 2, 2, 0, 0, 0
43343, 0, 2, 2, 0, 0, 0
43344, 0, 1, 1, 0, 0, 0
43345, 5, 1, 1, 0, 5, 0
43346, 8, 3, 3, 0, 8, 0
43347, 0, 1, 1, 0, 0, 0
43348, 0, 1, 1, 0, 0, 0
43349, 1, 1, 1, 0, 0, 1
43350, 0, 3, 3, 0, 0, 0
43351, 2, 2, 1, 1, 2, 0
43352, 0, 1, 0, 1, 0, 0
43353, 0, 1, 0, 1, 0, 0
43354, 4, 2, 1, 1, 4, 0
43355, 0, 2, 0, 2, 0, 0
43356, 0, 1, 0, 1, 0, 0
43357, 0, 4, 1, 3, 0, 0
33183, 0, 1, 1, 0, 0, 0
33184, 0, 1, 1, 0, 0, 0
10568, 16, 6, 6, 0, 16, 0
43358, 0, 3, 3, 0, 0, 0
10626, 26, 4, 3, 1, 14, 12
16468, 4, 1, 1, 0, 4, 0
16846, 86, 20, 16, 4, 56, 30
17069, 2, 2, 2, 0, 2, 0
20135, 3, 6, 4, 2, 0, 3
26152, 21, 1, 1, 0, 21, 0
30049, 21, 4, 3, 1, 17, 4
30123, 17, 11, 3, 8, 3, 14
30758, 0, 11, 11, 0, 0, 0
31387, 33, 5, 4, 1, 21, 12
34115, 77, 4, 3, 1, 34, 43
43359, 26, 1, 1, 0, 22, 4
43360, 16, 2, 2, 0, 16, 0
43361, 10, 4, 4, 0, 9, 1
43362, 57, 3, 3, 0, 57, 0
43363, 1, 4, 3, 1, 0, 1
43364, 9, 1, 0, 1, 0, 9
43365, 0, 3, 1, 2, 0, 0
43366, 4, 3, 2, 1, 3, 1
19338, 46, 1, 1, 0, 34, 12
22402, 0, 7, 2, 5, 0, 0
34856, 0, 5, 0, 5, 0, 0
43367, 0, 2, 0, 2, 0, 0
5661, 5, 4, 4, 0, 5, 0
22318, 24, 5, 3, 2, 7, 17
23553, 3, 4, 3, 1, 3, 0
28922, 1, 10, 6, 4, 1, 0
31024, 0, 7, 7, 0, 0, 0
43368, 0, 1, 1, 0, 0, 0
43369, 0, 3, 2, 1, 0, 0
43370, 8, 3, 3, 0, 7, 1
43371, 8, 6, 5, 1, 8, 0
43372, 0, 1, 1, 0, 0, 0
43373, 0, 1, 1, 0, 0, 0
43374, 0, 1, 0, 1, 0, 0
43375, 49, 4, 3, 1, 48, 1
43376, 34, 3, 1, 2, 10, 24
43377, 0, 1, 0, 1, 0, 0
43378, 0, 1, 0, 1, 0, 0
43379, 0, 1, 0, 1, 0, 0
10289, 2, 26, 25, 1, 1, 1
24994, 5, 6, 6, 0, 5, 0
4452, 5, 4, 3, 1, 4, 1
4524, 33, 24, 7, 17, 21, 12
5321, 180, 9, 8, 1, 139, 41
13177, 7, 7, 6, 1, 4, 3
20542, 0, 4, 2, 2, 0, 0
30371, 0, 12, 5, 7, 0, 0
30699, 10, 7, 7, 0, 9, 1
32420, 0, 2, 1, 1, 0, 0
33565, 4, 5, 5, 0, 4, 0
43380, 4, 2, 2, 0, 4, 0
43381, 0, 1, 1, 0, 0, 0
43382, 1, 1, 1, 0, 1, 0
43383, 12, 1, 1, 0, 11, 1
43384, 1, 2, 1, 1, 1, 0
43385, 5, 1, 1, 0, 2, 3
43386, 9, 3, 3, 0, 9, 0
43387, 1, 1, 1, 0, 1, 0
43388, 1, 1, 0, 1, 0, 1
43389, 0, 2, 2, 0, 0, 0
43390, 11, 3, 2, 1, 7, 4
43391, 1, 1, 1, 0, 1, 0
13144, 0, 21, 21, 0, 0, 0
15073, 10, 10, 6, 4, 10, 0
18380, 25, 3, 3, 0, 24, 1
43392, 3, 4, 4, 0, 3, 0
43393, 2, 1, 1, 0, 2, 0
43394, 0, 3, 3, 0, 0, 0
6277, 0, 8, 4, 4, 0, 0
34463, 0, 4, 4, 0, 0, 0
43395, 4, 1, 1, 0, 4, 0
43396, 0, 17, 17, 0, 0, 0
43397, 4, 2, 1, 1, 4, 0
43398, 3, 1, 1, 0, 3, 0
6563, 2, 6, 6, 0, 2, 0
12794, 1, 8, 5, 3, 0, 1
42103, 0, 5, 4, 1, 0, 0
43399, 7, 1, 1, 0, 7, 0
43400, 0, 2, 1, 1, 0, 0
43401, 0, 1, 0, 1, 0, 0
43402, 0, 5, 2, 3, 0, 0
43403, 1, 1, 0, 1, 1, 0
29333, 2, 3, 3, 0, 2, 0
43404, 0, 2, 2, 0, 0, 0
43405, 1, 1, 1, 0, 1, 0
43406, 0, 1, 1, 0, 0, 0
2094, 21, 5, 5, 0, 20, 1
2095, 0, 14, 14, 0, 0, 0
2098, 11, 19, 12, 7, 2, 9
9054, 0, 5, 2, 3, 0, 0
33403, 3, 5, 4, 1, 1, 2
41705, 0, 7, 3, 4, 0, 0
27417, 3, 4, 3, 1, 1, 2
35549, 0, 14, 14, 0, 0, 0
8263, 1, 10, 8, 2, 1, 0
20835, 2, 1, 1, 0, 2, 0
20836, 0, 6, 4, 2, 0, 0
20838, 16, 12, 10, 2, 11, 5
20840, 0, 1, 0, 1, 0, 0
14743, 1, 23, 17, 6, 0, 1
19890, 19, 11, 10, 1, 11, 8
30195, 46, 9, 8, 1, 36, 10
34137, 9, 4, 4, 0, 9, 0
43440, 0, 2, 2, 0, 0, 0
43441, 2, 2, 2, 0, 2, 0
43442, 2, 3, 3, 0, 2, 0
43443, 65, 1, 1, 0, 65, 0
11538, 0, 20, 18, 2, 0, 0
43444, 1, 2, 1, 1, 1, 0
2293, 2, 9, 3, 6, 0, 2
10096, 9, 25, 21, 4, 8, 1
13189, 0, 12, 6, 6, 0, 0
13191, 0, 12, 1, 11, 0, 0
13371, 43, 5, 3, 2, 37, 6
13635, 1, 4, 2, 2, 1, 0
28409, 0, 4, 2, 2, 0, 0
28903, 0, 18, 3, 15, 0, 0
29973, 0, 6, 3, 3, 0, 0
31030, 3, 10, 8, 2, 3, 0
40585, 0, 2, 1, 1, 0, 0
43445, 10, 2, 2, 0, 10, 0
43446, 0, 2, 1, 1, 0, 0
43447, 2, 1, 0, 1, 2, 0
43448, 0, 1, 0, 1, 0, 0
43449, 0, 1, 0, 1, 0, 0
43450, 1, 5, 2, 3, 1, 0
2333, 0, 4, 3, 1, 0, 0
17026, 0, 11, 11, 0, 0, 0
17062, 0, 2, 2, 0, 0, 0
17063, 16, 11, 7, 4, 16, 0
17077, 0, 4, 3, 1, 0, 0
17084, 2, 4, 4, 0, 2, 0
19780, 12, 7, 4, 3, 8, 4
24626, 0, 5, 5, 0, 0, 0
25006, 8, 1, 1, 0, 3, 5
25008, 19, 5, 5, 0, 18, 1
25010, 0, 2, 0, 2, 0, 0
7726, 0, 7, 5, 2, 0, 0
7936, 9, 8, 5, 3, 6, 3
12532, 0, 7, 5, 2, 0, 0
12537, 0, 9, 6, 3, 0, 0
12544, 3, 5, 3, 2, 2, 1
12556, 0, 4, 2, 2, 0, 0
14364, 3, 9, 5, 4, 2, 1
14365, 0, 4, 2, 2, 0, 0
14366, 0, 5, 2, 3, 0, 0
14367, 3, 10, 5, 5, 3, 0
14369, 2, 10, 4, 6, 2, 0
14372, 1, 7, 3, 4, 1, 0
14373, 0, 6, 2, 4, 0, 0
14374, 0, 6, 3, 3, 0, 0
14376, 9, 10, 7, 3, 9, 0
14377, 2, 8, 4, 4, 2, 0
14378, 0, 3, 1, 2, 0, 0
14379, 1, 6, 4, 2, 0, 1
14382, 1, 4, 2, 2, 0, 1
14385, 0, 4, 2, 2, 0, 0
14388, 0, 5, 3, 2, 0, 0
43451, 0, 2, 0, 2, 0, 0
20990, 0, 7, 7, 0, 0, 0
43452, 0, 1, 1, 0, 0, 0
43453, 4, 2, 1, 1, 4, 0
3124, 28, 22, 19, 3, 23, 5
4574, 19, 16, 14, 2, 17, 2
5065, 0, 4, 4, 0, 0, 0
5251, 0, 19, 19, 0, 0, 0
5682, 0, 28, 24, 4, 0, 0
8289, 0, 13, 9, 4, 0, 0
9708, 0, 29, 27, 2, 0, 0
13099, 6, 10, 8, 2, 6, 0
13344, 13, 5, 4, 1, 6, 7
14997, 0, 4, 1, 3, 0, 0
15311, 0, 15, 6, 9, 0, 0
15780, 8, 5, 3, 2, 5, 3
17011, 1, 5, 5, 0, 1, 0
17432, 0, 12, 8, 4, 0, 0
18797, 1, 10, 2, 8, 1, 0
26428, 0, 6, 5, 1, 0, 0
28095, 1, 5, 5, 0, 1, 0
30286, 1, 2, 2, 0, 1, 0
33803, 19, 9, 6, 3, 15, 4
34312, 3, 2, 2, 0, 3, 0
34736, 0, 5, 3, 2, 0, 0
40482, 0, 6, 3, 3, 0, 0
41490, 0, 2, 2, 0, 0, 0
41491, 0, 4, 3, 1, 0, 0
41492, 0, 3, 3, 0, 0, 0
41493, 2, 1, 1, 0, 2, 0
41494, 0, 2, 2, 0, 0, 0
41495, 4, 2, 2, 0, 4, 0
41496, 0, 2, 2, 0, 0, 0
41497, 1, 1, 1, 0, 0, 1
41498, 0, 6, 6, 0, 0, 0
41499, 0, 1, 1, 0, 0, 0
41500, 0, 6, 6, 0, 0, 0
41501, 0, 2, 1, 1, 0, 0
41502, 0, 1, 0, 1, 0, 0
41503, 0, 8, 1, 7, 0, 0
41504, 0, 2, 1, 1, 0, 0
4663, 6, 6, 4, 2, 6, 0
5683, 3, 16, 14, 2, 1, 2
8629, 2, 8, 7, 1, 2, 0
12809, 2, 10, 9, 1, 2, 0
13785, 4, 8, 8, 0, 4, 0
15084, 10, 10, 10, 0, 9, 1
19644, 0, 8, 8, 0, 0, 0
19961, 3, 1, 1, 0, 3, 0
19962, 0, 1, 1, 0, 0, 0
19964, 7, 2, 2, 0, 7, 0
19965, 0, 1, 1, 0, 0, 0
19966, 15, 3, 3, 0, 14, 1
19967, 31, 4, 4, 0, 31, 0
19968, 0, 3, 2, 1, 0, 0
19969, 14, 6, 6, 0, 13, 1
19970, 2, 1, 1, 0, 2, 0
19971, 11, 2, 2, 0, 11, 0
19972, 11, 6, 6, 0, 11, 0
19974, 0, 2, 2, 0, 0, 0
19975, 0, 1, 1, 0, 0, 0
19976, 1, 1, 1, 0, 1, 0
19977, 20, 14, 12, 2, 20, 0
19978, 1, 1, 1, 0, 1, 0
19979, 0, 3, 3, 0, 0, 0
19981, 13, 1, 1, 0, 12, 1
19982, 20, 4, 3, 1, 11, 9
19983, 170, 9, 6, 3, 83, 87
19984, 7, 5, 4, 1, 7, 0
19985, 0, 4, 4, 0, 0, 0
19987, 42, 4, 4, 0, 40, 2
19988, 16, 7, 6, 1, 16, 0
19989, 0, 1, 1, 0, 0, 0
19990, 26, 5, 5, 0, 13, 13
19991, 0, 1, 1, 0, 0, 0
19992, 41, 3, 3, 0, 41, 0
19993, 0, 1, 1, 0, 0, 0
19995, 2, 3, 2, 1, 2, 0
19997, 7, 1, 1, 0, 7, 0
19999, 1, 1, 1, 0, 1, 0
20000, 2, 1, 1, 0, 2, 0
20001, 0, 2, 2, 0, 0, 0
20002, 1, 1, 1, 0, 1, 0
20004, 115, 18, 15, 3, 96, 19
20005, 0, 1, 1, 0, 0, 0
20006, 12, 2, 2, 0, 12, 0
20007, 0, 6, 1, 5, 0, 0
16291, 0, 4, 4, 0, 0, 0
43454, 6, 2, 2, 0, 6, 0
10655, 0, 11, 10, 1, 0, 0
22014, 1, 6, 6, 0, 1, 0
25280, 0, 7, 6, 1, 0, 0
27202, 0, 26, 26, 0, 0, 0
35554, 4, 2, 1, 1, 2, 2
37091, 53, 8, 8, 0, 45, 8
43455, 0, 1, 1, 0, 0, 0
43456, 0, 1, 1, 0, 0, 0
5421, 2, 2, 2, 0, 2, 0
14883, 47, 10, 9, 1, 45, 2
16515, 13, 6, 6, 0, 13, 0
16527, 0, 6, 6, 0, 0, 0
19861, 8, 1, 1, 0, 8, 0
20561, 2, 5, 4, 1, 2, 0
23811, 9, 5, 5, 0, 9, 0
27246, 6, 19, 19, 0, 5, 1
27929, 2, 2, 2, 0, 2, 0
27931, 2, 2, 2, 0, 1, 1
27932, 2, 1, 1, 0, 2, 0
27933, 7, 2, 2, 0, 7, 0
27936, 13, 1, 1, 0, 13, 0
27937, 6, 5, 4, 1, 6, 0
27939, 11, 2, 2, 0, 9, 2
27940, 0, 1, 1, 0, 0, 0
27941, 4, 2, 1, 1, 4, 0
27942, 0, 2, 2, 0, 0, 0
27943, 0, 1, 1, 0, 0, 0
27944, 4, 1, 1, 0, 4, 0
27945, 2, 1, 1, 0, 1, 1
27946, 1, 1, 1, 0, 1, 0
27949, 1, 1, 1, 0, 1, 0
27951, 12, 4, 4, 0, 12, 0
27953, 0, 1, 1, 0, 0, 0
11506, 2, 37, 34, 3, 2, 0
17511, 0, 8, 8, 0, 0, 0
30536, 12, 8, 6, 2, 9, 3
35343, 0, 4, 1, 3, 0, 0
3721, 1, 13, 8, 5, 1, 0
3722, 1, 1, 1, 0, 1, 0
3724, 7, 6, 5, 1, 6, 1
3730, 20, 22, 17, 5, 20, 0
3733, 18, 6, 6, 0, 18, 0
3734, 0, 4, 4, 0, 0, 0
3737, 0, 3, 3, 0, 0, 0
3740, 0, 5, 2, 3, 0, 0
3742, 0, 3, 3, 0, 0, 0
3744, 0, 10, 9, 1, 0, 0
3747, 0, 1, 1, 0, 0, 0
3754, 0, 1, 1, 0, 0, 0
3758, 0, 4, 4, 0, 0, 0
3760, 0, 3, 3, 0, 0, 0
3764, 12, 9, 7, 2, 12, 0
3765, 1, 1, 1, 0, 1, 0
3778, 5, 2, 2, 0, 4, 1
3788, 0, 1, 1, 0, 0, 0
3789, 0, 1, 1, 0, 0, 0
3790, 0, 11, 11, 0, 0, 0
3792, 0, 1, 1, 0, 0, 0
3795, 10, 8, 6, 2, 10, 0
3796, 0, 2, 2, 0, 0, 0
3803, 2, 1, 1, 0, 1, 1
3804, 1, 4, 2, 2, 1, 0
3808, 0, 1, 1, 0, 0, 0
3810, 24, 3, 2, 1, 23, 1
3818, 0, 10, 9, 1, 0, 0
3820, 7, 7, 7, 0, 7, 0
3823, 16, 4, 4, 0, 9, 7
3826, 1, 9, 8, 1, 1, 0
3830, 2, 5, 5, 0, 2, 0
3834, 6, 13, 10, 3, 4, 2
3836, 0, 7, 7, 0, 0, 0
3842, 9, 19, 14, 5, 7, 2
3843, 14, 11, 10, 1, 12, 2
3845, 0, 7, 4, 3, 0, 0
3846, 1, 7, 7, 0, 1, 0
3853, 0, 2, 1, 1, 0, 0
3856, 0, 1, 1, 0, 0, 0
3857, 0, 6, 5, 1, 0, 0
3860, 0, 4, 4, 0, 0, 0
3863, 0, 1, 1, 0, 0, 0
3865, 0, 3, 3, 0, 0, 0
3867, 0, 11, 11, 0, 0, 0
3881, 0, 2, 1, 1, 0, 0
3885, 0, 3, 1, 2, 0, 0
3895, 3, 4, 4, 0, 3, 0
3900, 0, 3, 3, 0, 0, 0
3901, 0, 6, 5, 1, 0, 0
3902, 16, 11, 10, 1, 15, 1
3905, 1, 3, 2, 1, 1, 0
3906, 1, 6, 5, 1, 1, 0
3908, 0, 1, 1, 0, 0, 0
3909, 4, 2, 2, 0, 4, 0
3913, 0, 2, 2, 0, 0, 0
3915, 0, 1, 1, 0, 0, 0
3916, 0, 1, 1, 0, 0, 0
3917, 0, 8, 6, 2, 0, 0
12756, 0, 1, 1, 0, 0, 0
12757, 5, 3, 2, 1, 5, 0
12758, 5, 3, 3, 0, 5, 0
13356, 0, 6, 6, 0, 0, 0
30698, 11, 3, 3, 0, 11, 0
37020, 0, 6, 6, 0, 0, 0
43457, 0, 6, 5, 1, 0, 0
10059, 1, 8, 2, 6, 1, 0
10427, 0, 3, 2, 1, 0, 0
12606, 30, 8, 7, 1, 29, 1
15389, 8, 7, 7, 0, 8, 0
19323, 5, 14, 11, 3, 4, 1
20400, 1, 10, 6, 4, 1, 0
21485, 12, 13, 13, 0, 7, 5
21897, 9, 4, 3, 1, 9, 0
21898, 9, 8, 5, 3, 7, 2
21899, 3, 3, 3, 0, 2, 1
21900, 0, 1, 1, 0, 0, 0
21901, 1, 14, 8, 6, 1, 0
21903, 6, 2, 2, 0, 6, 0
21905, 11, 9, 7, 2, 6, 5
21906, 2, 4, 3, 1, 0, 2
21908, 0, 1, 1, 0, 0, 0
3656, 3, 16, 14, 2, 2, 1
3680, 0, 12, 12, 0, 0, 0
4306, 1, 10, 10, 0, 1, 0
5628, 0, 3, 3, 0, 0, 0
5726, 0, 4, 3, 1, 0, 0
6847, 0, 2, 2, 0, 0, 0
7117, 1, 9, 9, 0, 1, 0
9515, 0, 5, 5, 0, 0, 0
9877, 3, 4, 4, 0, 3, 0
13415, 27, 7, 5, 2, 27, 0
15357, 2, 4, 4, 0, 2, 0
16342, 11, 6, 4, 2, 7, 4
17384, 33, 9, 7, 2, 28, 5
17920, 0, 7, 7, 0, 0, 0
18312, 0, 7, 3, 4, 0, 0
21070, 1, 9, 8, 1, 1, 0
21362, 4, 3, 3, 0, 3, 1
23289, 1, 2, 2, 0, 1, 0
23770, 3, 2, 1, 1, 3, 0
23902, 0, 9, 9, 0, 0, 0
24903, 1, 3, 3, 0, 1, 0
25369, 5, 7, 6, 1, 4, 1
27366, 4, 10, 10, 0, 4, 0
28390, 0, 5, 5, 0, 0, 0
29622, 5, 8, 7, 1, 5, 0
33765, 2, 3, 2, 1, 2, 0
36531, 0, 4, 2, 2, 0, 0
37943, 1, 7, 1, 6, 0, 1
40255, 8, 3, 3, 0, 8, 0
40711, 0, 3, 3, 0, 0, 0
41367, 3, 6, 6, 0, 3, 0
43458, 0, 1, 1, 0, 0, 0
43459, 1, 2, 2, 0, 1, 0
43460, 0, 2, 2, 0, 0, 0
43461, 0, 1, 1, 0, 0, 0
43462, 0, 1, 1, 0, 0, 0
43463, 1, 1, 1, 0, 0, 1
43464, 0, 2, 1, 1, 0, 0
43465, 0, 1, 1, 0, 0, 0
43466, 0, 1, 1, 0, 0, 0
43467, 0, 1, 1, 0, 0, 0
43468, 0, 4, 4, 0, 0, 0
43469, 0, 3, 2, 1, 0, 0
43470, 0, 1, 1, 0, 0, 0
43471, 0, 1, 1, 0, 0, 0
43472, 0, 3, 2, 1, 0, 0
43473, 1, 3, 3, 0, 1, 0
43474, 0, 3, 2, 1, 0, 0
43475, 4, 5, 3, 2, 3, 1
43476, 0, 2, 2, 0, 0, 0
43477, 0, 3, 3, 0, 0, 0
43478, 0, 2, 1, 1, 0, 0
43479, 0, 1, 1, 0, 0, 0
43480, 0, 2, 2, 0, 0, 0
43481, 0, 1, 0, 1, 0, 0
43482, 1, 1, 1, 0, 1, 0
43483, 0, 1, 1, 0, 0, 0
43484, 0, 1, 1, 0, 0, 0
7427, 3, 4, 4, 0, 3, 0
43485, 1, 1, 1, 0, 1, 0
4672, 14, 5, 4, 1, 9, 5
19829, 9, 6, 5, 1, 8, 1
20770, 38, 16, 9, 7, 36, 2
23794, 39, 3, 3, 0, 37, 2
24049, 13, 8, 5, 3, 13, 0
24805, 23, 19, 7, 12, 19, 4
37871, 94, 8, 7, 1, 78, 16
43486, 50, 3, 2, 1, 39, 11
43487, 2, 1, 1, 0, 2, 0
43488, 0, 1, 1, 0, 0, 0
24912, 10, 4, 4, 0, 8, 2
2276, 4, 9, 9, 0, 4, 0
18014, 1, 6, 5, 1, 1, 0
18858, 1, 11, 8, 3, 1, 0
22181, 8, 3, 3, 0, 8, 0
24953, 1, 5, 4, 1, 1, 0
24954, 15, 7, 6, 1, 15, 0
24955, 4, 2, 2, 0, 4, 0
24956, 5, 4, 4, 0, 4, 1
24957, 5, 4, 3, 1, 4, 1
24958, 0, 5, 4, 1, 0, 0
24959, 0, 1, 1, 0, 0, 0
24961, 15, 5, 4, 1, 15, 0
24962, 73, 4, 4, 0, 5, 68
24963, 0, 1, 1, 0, 0, 0
24966, 0, 4, 3, 1, 0, 0
24967, 40, 12, 9, 3, 29, 11
24970, 0, 2, 2, 0, 0, 0
24971, 0, 1, 1, 0, 0, 0
24972, 0, 2, 1, 1, 0, 0
43489, 2, 2, 2, 0, 2, 0
43490, 21, 1, 1, 0, 21, 0
43491, 0, 2, 2, 0, 0, 0
14741, 6, 5, 5, 0, 6, 0
25663, 0, 3, 3, 0, 0, 0
25664, 4, 3, 3, 0, 3, 1
25665, 0, 3, 3, 0, 0, 0
25667, 0, 3, 3, 0, 0, 0
25669, 37, 14, 14, 0, 36, 1
25670, 0, 2, 1, 1, 0, 0
43492, 2, 2, 1, 1, 2, 0
43493, 0, 10, 10, 0, 0, 0
43494, 1, 1, 1, 0, 1, 0
43495, 0, 2, 2, 0, 0, 0
2327, 3, 3, 3, 0, 1, 2
7120, 0, 6, 6, 0, 0, 0
26359, 5, 5, 3, 2, 5, 0
43496, 1, 1, 1, 0, 1, 0
43497, 0, 1, 1, 0, 0, 0
25487, 3, 2, 2, 0, 3, 0
35835, 1, 3, 2, 1, 1, 0
43498, 1, 1, 1, 0, 1, 0
43499, 0, 4, 4, 0, 0, 0
43500, 0, 1, 1, 0, 0, 0
6524, 5, 14, 14, 0, 4, 1
25473, 0, 7, 7, 0, 0, 0
36897, 4, 3, 3, 0, 4, 0
43501, 0, 1, 1, 0, 0, 0
43502, 0, 2, 2, 0, 0, 0
43503, 0, 2, 0, 2, 0, 0
6603, 2, 5, 5, 0, 2, 0
17408, 3, 2, 1, 1, 2, 1
17410, 23, 9, 7, 2, 22, 1
17411, 1, 1, 1, 0, 1, 0
17413, 1, 1, 1, 0, 1, 0
17414, 1, 3, 2, 1, 1, 0
17415, 61, 15, 7, 8, 55, 6
17416, 5, 8, 7, 1, 5, 0
17417, 0, 3, 3, 0, 0, 0
17418, 4, 7, 5, 2, 4, 0
17420, 4, 3, 3, 0, 4, 0
17421, 0, 4, 3, 1, 0, 0
17424, 6, 11, 9, 2, 6, 0
17425, 1, 1, 1, 0, 1, 0
17426, 0, 1, 0, 1, 0, 0
17427, 0, 3, 1, 2, 0, 0
43504, 0, 2, 0, 2, 0, 0
3512, 22, 12, 9, 3, 21, 1
3638, 45, 24, 14, 10, 25, 20
6258, 0, 8, 7, 1, 0, 0
6259, 0, 2, 1, 1, 0, 0
6260, 3, 7, 6, 1, 3, 0
6266, 0, 6, 6, 0, 0, 0
6268, 18, 6, 6, 0, 9, 9
6274, 3, 9, 6, 3, 2, 1
6278, 0, 1, 1, 0, 0, 0
6279, 0, 1, 1, 0, 0, 0
6281, 0, 5, 4, 1, 0, 0
6284, 0, 7, 1, 6, 0, 0
6285, 0, 2, 0, 2, 0, 0
13554, 0, 19, 19, 0, 0, 0
22864, 1, 4, 4, 0, 1, 0
43505, 4, 2, 0, 2, 1, 3
3203, 0, 9, 4, 5, 0, 0
14501, 1, 4, 2, 2, 1, 0
17320, 6, 4, 3, 1, 5, 1
18599, 5, 4, 3, 1, 5, 0
20326, 20, 9, 4, 5, 14, 6
43506, 0, 1, 1, 0, 0, 0
43507, 8, 1, 1, 0, 3, 5
43508, 29, 2, 2, 0, 6, 23
43509, 36, 7, 7, 0, 34, 2
43510, 1, 4, 4, 0, 1, 0
43511, 1, 1, 1, 0, 1, 0
43512, 23, 4, 4, 0, 22, 1
43513, 10, 2, 2, 0, 10, 0
43514, 64, 10, 7, 3, 37, 27
43515, 0, 1, 0, 1, 0, 0
43516, 4, 1, 0, 1, 3, 1
43517, 0, 2, 1, 1, 0, 0
43518, 1, 3, 2, 1, 0, 1
43519, 9, 6, 3, 3, 8, 1
43520, 0, 1, 0, 1, 0, 0
43521, 0, 1, 0, 1, 0, 0
7102, 0, 37, 37, 0, 0, 0
15714, 0, 9, 9, 0, 0, 0
15715, 0, 1, 1, 0, 0, 0
41843, 0, 2, 2, 0, 0, 0
32757, 10, 2, 2, 0, 10, 0
43522, 2, 1, 1, 0, 2, 0
43523, 0, 10, 10, 0, 0, 0
12923, 0, 3, 3, 0, 0, 0
18064, 9, 8, 7, 1, 8, 1
27982, 0, 5, 4, 1, 0, 0
19656, 0, 19, 19, 0, 0, 0
35299, 12, 8, 5, 3, 6, 6
43524, 0, 2, 2, 0, 0, 0
4760, 1, 3, 3, 0, 1, 0
5429, 0, 4, 3, 1, 0, 0
11635, 13, 14, 13, 1, 11, 2
16912, 0, 11, 4, 7, 0, 0
41899, 0, 3, 3, 0, 0, 0
43525, 7, 3, 3, 0, 6, 1
43526, 1, 1, 1, 0, 1, 0
43527, 37, 7, 4, 3, 4, 33
43528, 0, 3, 3, 0, 0, 0
43529, 2, 2, 1, 1, 1, 1
43530, 15, 8, 5, 3, 15, 0
43531, 0, 5, 1, 4, 0, 0
43532, 0, 2, 1, 1, 0, 0
7759, 1, 26, 25, 1, 1, 0
26893, 1, 5, 5, 0, 1, 0
37278, 3, 5, 3, 2, 2, 1
40532, 0, 5, 5, 0, 0, 0
43533, 0, 3, 3, 0, 0, 0
43534, 0, 1, 1, 0, 0, 0
43535, 0, 2, 1, 1, 0, 0
43536, 0, 2, 1, 1, 0, 0
43537, 10, 2, 1, 1, 3, 7
43538, 0, 1, 1, 0, 0, 0
2953, 0, 26, 26, 0, 0, 0
6088, 0, 19, 18, 1, 0, 0
7126, 0, 6, 4, 2, 0, 0
8466, 11, 7, 7, 0, 11, 0
9047, 22, 11, 9, 2, 21, 1
14586, 14, 12, 11, 1, 7, 7
16264, 3, 15, 13, 2, 2, 1
18974, 6, 8, 6, 2, 6, 0
19033, 0, 12, 7, 5, 0, 0
19078, 1, 7, 7, 0, 1, 0
19272, 1, 7, 3, 4, 0, 1
20394, 0, 8, 5, 3, 0, 0
22124, 31, 4, 4, 0, 29, 2
28402, 24, 7, 6, 1, 19, 5
30010, 0, 5, 4, 1, 0, 0
30283, 0, 3, 3, 0, 0, 0
35772, 14, 5, 5, 0, 14, 0
37768, 14, 6, 6, 0, 14, 0
40511, 0, 6, 6, 0, 0, 0
41543, 0, 5, 5, 0, 0, 0
43539, 0, 2, 2, 0, 0, 0
43540, 0, 2, 2, 0, 0, 0
43541, 0, 3, 3, 0, 0, 0
43542, 0, 1, 1, 0, 0, 0
43543, 1, 1, 1, 0, 1, 0
43544, 1, 4, 4, 0, 1, 0
43545, 0, 2, 2, 0, 0, 0
43546, 0, 1, 1, 0, 0, 0
43547, 1, 2, 2, 0, 0, 1
43548, 0, 1, 1, 0, 0, 0
43549, 0, 2, 2, 0, 0, 0
43550, 0, 2, 2, 0, 0, 0
43551, 0, 3, 3, 0, 0, 0
43552, 0, 5, 5, 0, 0, 0
43553, 4, 3, 1, 2, 0, 4
43554, 0, 1, 0, 1, 0, 0
43555, 0, 1, 0, 1, 0, 0
43556, 1, 5, 1, 4, 1, 0
43557, 0, 8, 5, 3, 0, 0
9659, 4, 14, 11, 3, 3, 1
10667, 58, 6, 3, 3, 33, 25
10907, 11, 31, 7, 24, 8, 3
21845, 0, 3, 1, 2, 0, 0
26813, 2, 11, 10, 1, 1, 1
28963, 0, 3, 2, 1, 0, 0
31128, 192, 14, 10, 4, 95, 97
43558, 0, 3, 2, 1, 0, 0
43559, 1, 2, 1, 1, 1, 0
43560, 0, 2, 1, 1, 0, 0
43561, 0, 1, 0, 1, 0, 0
43562, 11, 6, 5, 1, 8, 3
43563, 1, 1, 0, 1, 1, 0
43564, 0, 1, 0, 1, 0, 0
43565, 0, 1, 0, 1, 0, 0
43566, 0, 1, 0, 1, 0, 0
43567, 0, 1, 0, 1, 0, 0
43568, 0, 3, 0, 3, 0, 0
12806, 0, 7, 6, 1, 0, 0
43569, 1, 1, 1, 0, 1, 0
43570, 0, 1, 1, 0, 0, 0
43571, 0, 1, 1, 0, 0, 0
43572, 3, 1, 1, 0, 3, 0
43573, 0, 4, 3, 1, 0, 0
2724, 28, 29, 19, 10, 25, 3
7392, 4, 12, 11, 1, 4, 0
8353, 5, 33, 29, 4, 4, 1
8358, 41, 16, 14, 2, 37, 4
15074, 0, 7, 5, 2, 0, 0
17183, 1, 9, 9, 0, 1, 0
21077, 0, 17, 15, 2, 0, 0
23884, 1, 7, 7, 0, 1, 0
26447, 8, 5, 3, 2, 7, 1
27320, 2, 3, 2, 1, 2, 0
27321, 1, 11, 10, 1, 0, 1
27322, 1, 3, 3, 0, 1, 0
33394, 0, 35, 35, 0, 0, 0
43574, 0, 2, 2, 0, 0, 0
20758, 0, 2, 1, 1, 0, 0
23005, 0, 2, 1, 1, 0, 0
25155, 3, 2, 1, 1, 3, 0
29480, 3, 2, 1, 1, 3, 0
32734, 0, 2, 2, 0, 0, 0
32799, 7, 3, 2, 1, 7, 0
41969, 0, 3, 3, 0, 0, 0
43575, 10, 1, 1, 0, 8, 2
43576, 2, 2, 1, 1, 1, 1
43577, 0, 1, 1, 0, 0, 0
43578, 0, 1, 1, 0, 0, 0
43579, 0, 1, 1, 0, 0, 0
6822, 0, 10, 10, 0, 0, 0
6824, 2, 1, 1, 0, 2, 0
4408, 2, 9, 9, 0, 2, 0
16819, 13, 19, 15, 4, 13, 0
19661, 0, 10, 9, 1, 0, 0
21829, 5, 2, 2, 0, 5, 0
22162, 20, 9, 9, 0, 19, 1
22746, 0, 7, 6, 1, 0, 0
25183, 7, 4, 4, 0, 6, 1
25289, 0, 6, 6, 0, 0, 0
27380, 0, 2, 0, 2, 0, 0
31452, 14, 6, 6, 0, 14, 0
33372, 0, 9, 5, 4, 0, 0
37903, 1, 5, 2, 3, 1, 0
40538, 4, 8, 8, 0, 4, 0
42541, 0, 2, 2, 0, 0, 0
43580, 0, 2, 2, 0, 0, 0
43581, 0, 3, 3, 0, 0, 0
43582, 0, 3, 3, 0, 0, 0
43583, 3, 1, 1, 0, 3, 0
43584, 0, 1, 1, 0, 0, 0
43585, 0, 1, 1, 0, 0, 0
43586, 0, 1, 0, 1, 0, 0
43587, 0, 1, 0, 1, 0, 0
6898, 5, 25, 21, 4, 4, 1
21536, 5, 2, 1, 1, 5, 0
21539, 0, 1, 1, 0, 0, 0
21540, 0, 4, 4, 0, 0, 0
21541, 1, 7, 7, 0, 1, 0
26471, 9, 6, 5, 1, 9, 0
34155, 0, 5, 4, 1, 0, 0
37711, 2, 8, 5, 3, 0, 2
43588, 14, 6, 5, 1, 12, 2
43589, 0, 1, 0, 1, 0, 0
12536, 8, 4, 4, 0, 7, 1
43590, 5, 3, 3, 0, 5, 0
43591, 2, 2, 2, 0, 2, 0
43592, 0, 3, 3, 0, 0, 0
43593, 0, 12, 12, 0, 0, 0
43594, 1, 1, 1, 0, 1, 0
43595, 1, 1, 1, 0, 1, 0
27810, 11, 4, 3, 1, 10, 1
24802, 0, 2, 2, 0, 0, 0
33024, 0, 2, 2, 0, 0, 0
33025, 0, 1, 1, 0, 0, 0
5379, 10, 16, 12, 4, 4, 6
6641, 1, 7, 3, 4, 1, 0
13309, 7, 4, 3, 1, 1, 6
16509, 0, 9, 9, 0, 0, 0
18289, 8, 18, 13, 5, 8, 0
20817, 1, 4, 4, 0, 1, 0
21030, 3, 3, 3, 0, 3, 0
21593, 2, 7, 5, 2, 2, 0
24745, 2, 2, 2, 0, 1, 1
31474, 1, 6, 5, 1, 1, 0
33934, 0, 10, 8, 2, 0, 0
37214, 0, 2, 2, 0, 0, 0
37774, 1, 6, 6, 0, 1, 0
39605, 0, 4, 4, 0, 0, 0
43596, 8, 3, 3, 0, 4, 4
43597, 0, 1, 1, 0, 0, 0
43598, 0, 1, 1, 0, 0, 0
43599, 0, 1, 1, 0, 0, 0
43600, 1, 1, 1, 0, 1, 0
43601, 0, 2, 2, 0, 0, 0
43602, 0, 2, 1, 1, 0, 0
43603, 0, 4, 2, 2, 0, 0
43604, 0, 2, 2, 0, 0, 0
43605, 2, 5, 5, 0, 2, 0
43606, 0, 1, 1, 0, 0, 0
43607, 0, 1, 1, 0, 0, 0
43608, 0, 1, 1, 0, 0, 0
43609, 1, 2, 2, 0, 1, 0
43610, 0, 1, 1, 0, 0, 0
43611, 1, 1, 1, 0, 1, 0
43612, 0, 1, 1, 0, 0, 0
43613, 5, 4, 3, 1, 4, 1
43614, 0, 1, 1, 0, 0, 0
43615, 0, 2, 2, 0, 0, 0
43616, 9, 5, 5, 0, 9, 0
43617, 0, 1, 1, 0, 0, 0
43618, 0, 1, 0, 1, 0, 0
4747, 8, 3, 2, 1, 2, 6
22362, 0, 4, 2, 2, 0, 0
25314, 0, 3, 3, 0, 0, 0
25315, 14, 1, 1, 0, 12, 2
25316, 1, 1, 1, 0, 1, 0
25317, 0, 2, 2, 0, 0, 0
25322, 0, 1, 0, 1, 0, 0
25323, 0, 1, 0, 1, 0, 0
25326, 0, 1, 0, 1, 0, 0
25327, 1, 1, 0, 1, 0, 1
25328, 8, 4, 2, 2, 3, 5
25329, 2, 6, 5, 1, 2, 0
25333, 3, 3, 2, 1, 3, 0
25334, 0, 1, 0, 1, 0, 0
26206, 2, 1, 1, 0, 2, 0
4666, 14, 3, 3, 0, 12, 2
4667, 9, 1, 1, 0, 9, 0
4668, 16, 3, 2, 1, 15, 1
4670, 5, 3, 3, 0, 1, 4
4673, 7, 3, 3, 0, 4, 3
4674, 8, 10, 9, 1, 7, 1
4676, 5, 5, 0, 5, 5, 0
43619, 0, 6, 6, 0, 0, 0
43620, 0, 4, 3, 1, 0, 0
4297, 2, 11, 11, 0, 1, 1
10211, 0, 6, 4, 2, 0, 0
23377, 0, 4, 1, 3, 0, 0
33764, 3, 2, 2, 0, 3, 0
34505, 1, 1, 1, 0, 1, 0
37708, 1, 2, 2, 0, 0, 1
43621, 0, 2, 2, 0, 0, 0
43622, 9, 1, 1, 0, 9, 0
43623, 1, 2, 2, 0, 1, 0
43624, 0, 4, 4, 0, 0, 0
43625, 0, 1, 1, 0, 0, 0
11481, 0, 12, 12, 0, 0, 0
14568, 1, 3, 3, 0, 1, 0
43626, 0, 1, 1, 0, 0, 0
43627, 0, 2, 2, 0, 0, 0
14027, 13, 7, 3, 4, 12, 1
18782, 0, 7, 4, 3, 0, 0
43628, 5, 3, 2, 1, 3, 2
43629, 0, 1, 0, 1, 0, 0
43630, 2, 2, 1, 1, 2, 0
23282, 0, 7, 7, 0, 0, 0
23283, 1, 1, 1, 0, 1, 0
23284, 0, 3, 3, 0, 0, 0
23285, 0, 4, 4, 0, 0, 0
45242, 0, 2, 2, 0, 0, 0
45243, 0, 4, 4, 0, 0, 0
45244, 4, 3, 2, 1, 4, 0
40721, 6, 3, 3, 0, 3, 3
45198, 15, 1, 1, 0, 15, 0
45245, 0, 1, 1, 0, 0, 0
45246, 0, 6, 4, 2, 0, 0
43880, 4, 4, 4, 0, 4, 0
4244, 1, 24, 19, 5, 1, 0
10897, 13, 27, 15, 12, 12, 1
13220, 3, 6, 5, 1, 2, 1
16733, 0, 12, 8, 4, 0, 0
18284, 0, 8, 2, 6, 0, 0
24043, 7, 13, 10, 3, 6, 1
24113, 1, 4, 1, 3, 0, 1
24316, 2, 11, 7, 4, 2, 0
45247, 0, 2, 2, 0, 0, 0
45248, 0, 2, 2, 0, 0, 0
45249, 2, 3, 3, 0, 2, 0
45250, 1, 2, 2, 0, 0, 1
45251, 0, 5, 5, 0, 0, 0
45252, 0, 2, 2, 0, 0, 0
45253, 4, 3, 3, 0, 4, 0
45254, 0, 4, 0, 4, 0, 0
45255, 0, 2, 0, 2, 0, 0
45256, 1, 3, 0, 3, 0, 1
45257, 1, 3, 0, 3, 0, 1
4900, 0, 10, 10, 0, 0, 0
9270, 0, 9, 7, 2, 0, 0
15467, 2, 11, 8, 3, 1, 1
22103, 43, 5, 5, 0, 30, 13
23771, 1, 2, 2, 0, 1, 0
29528, 4, 4, 2, 2, 4, 0
30376, 0, 5, 5, 0, 0, 0
34442, 0, 3, 2, 1, 0, 0
45258, 0, 2, 1, 1, 0, 0
45259, 0, 1, 1, 0, 0, 0
45260, 13, 6, 5, 1, 13, 0
45261, 1, 3, 1, 2, 1, 0
45262, 0, 2, 2, 0, 0, 0
45263, 0, 3, 2, 1, 0, 0
45264, 0, 1, 1, 0, 0, 0
45265, 0, 1, 1, 0, 0, 0
45266, 0, 1, 1, 0, 0, 0
45267, 2, 1, 1, 0, 2, 0
45268, 0, 1, 1, 0, 0, 0
24092, 22, 16, 13, 3, 11, 11
40437, 0, 2, 2, 0, 0, 0
40438, 2, 4, 4, 0, 2, 0
40439, 2, 3, 3, 0, 2, 0
45269, 0, 1, 1, 0, 0, 0
13020, 0, 12, 12, 0, 0, 0
18882, 0, 3, 2, 1, 0, 0
40503, 31, 11, 11, 0, 31, 0
45270, 1, 1, 1, 0, 0, 1
45271, 2, 2, 2, 0, 2, 0
5637, 1, 9, 5, 4, 1, 0
10024, 26, 12, 10, 2, 25, 1
13259, 0, 5, 1, 4, 0, 0
13611, 0, 6, 6, 0, 0, 0
14890, 75, 4, 2, 2, 29, 46
17886, 6, 2, 2, 0, 3, 3
18963, 1, 9, 7, 2, 0, 1
19004, 12, 6, 5, 1, 12, 0
26055, 31, 4, 3, 1, 17, 14
27784, 22, 4, 2, 2, 8, 14
39555, 1, 1, 1, 0, 1, 0
39556, 0, 1, 1, 0, 0, 0
39558, 3, 2, 2, 0, 3, 0
39559, 4, 2, 1, 1, 4, 0
39560, 0, 1, 0, 1, 0, 0
39561, 1, 1, 0, 1, 0, 1
39562, 0, 1, 0, 1, 0, 0
39563, 1, 1, 0, 1, 1, 0
39564, 1, 1, 0, 1, 1, 0
39565, 0, 3, 0, 3, 0, 0
39566, 0, 3, 2, 1, 0, 0
39567, 0, 3, 0, 3, 0, 0
39568, 0, 2, 1, 1, 0, 0
39569, 2, 1, 0, 1, 2, 0
39570, 0, 1, 0, 1, 0, 0
39571, 0, 1, 0, 1, 0, 0
39572, 5, 3, 1, 2, 5, 0
39573, 0, 4, 1, 3, 0, 0
2226, 50, 3, 2, 1, 50, 0
2229, 1, 9, 9, 0, 1, 0
2230, 131, 6, 6, 0, 131, 0
2231, 0, 2, 1, 1, 0, 0
2233, 0, 2, 2, 0, 0, 0
2236, 1, 2, 2, 0, 0, 1
2240, 0, 4, 3, 1, 0, 0
2243, 0, 1, 1, 0, 0, 0
2246, 0, 10, 10, 0, 0, 0
2247, 0, 2, 2, 0, 0, 0
2253, 0, 3, 3, 0, 0, 0
2256, 11, 1, 1, 0, 11, 0
3064, 0, 10, 8, 2, 0, 0
3192, 6, 2, 2, 0, 6, 0
19811, 0, 3, 3, 0, 0, 0
22173, 0, 4, 4, 0, 0, 0
45281, 0, 1, 1, 0, 0, 0
3356, 1, 9, 8, 1, 1, 0
4775, 9, 9, 9, 0, 8, 1
8286, 0, 3, 3, 0, 0, 0
16084, 4, 4, 4, 0, 4, 0
18846, 0, 9, 6, 3, 0, 0
21595, 0, 6, 4, 2, 0, 0
21838, 0, 8, 7, 1, 0, 0
22097, 15, 4, 4, 0, 13, 2
22910, 0, 4, 4, 0, 0, 0
24252, 0, 5, 4, 1, 0, 0
25539, 7, 13, 11, 2, 7, 0
28104, 3, 2, 2, 0, 3, 0
28424, 0, 16, 13, 3, 0, 0
31214, 2, 6, 6, 0, 2, 0
32623, 0, 3, 3, 0, 0, 0
33872, 0, 4, 1, 3, 0, 0
34335, 1, 5, 5, 0, 1, 0
35501, 0, 3, 3, 0, 0, 0
39666, 2, 4, 4, 0, 1, 1
40591, 0, 7, 6, 1, 0, 0
42081, 0, 6, 5, 1, 0, 0
45066, 0, 4, 4, 0, 0, 0
45282, 0, 9, 9, 0, 0, 0
45283, 4, 1, 1, 0, 4, 0
45284, 0, 1, 1, 0, 0, 0
45285, 0, 1, 1, 0, 0, 0
45286, 0, 1, 1, 0, 0, 0
45287, 0, 1, 1, 0, 0, 0
45288, 0, 1, 1, 0, 0, 0
45289, 2, 3, 3, 0, 2, 0
45290, 6, 4, 4, 0, 6, 0
45291, 0, 7, 4, 3, 0, 0
45292, 0, 3, 3, 0, 0, 0
45293, 0, 1, 1, 0, 0, 0
45294, 0, 1, 1, 0, 0, 0
45295, 0, 1, 1, 0, 0, 0
9259, 0, 7, 6, 1, 0, 0
26296, 30, 6, 6, 0, 22, 8
33314, 19, 7, 5, 2, 17, 2
36493, 0, 8, 8, 0, 0, 0
36960, 0, 3, 3, 0, 0, 0
45296, 0, 2, 1, 1, 0, 0
45297, 0, 2, 2, 0, 0, 0
45298, 0, 1, 1, 0, 0, 0
45299, 0, 1, 0, 1, 0, 0
3522, 0, 4, 3, 1, 0, 0
7135, 3, 2, 2, 0, 1, 2
27977, 0, 3, 2, 1, 0, 0
27981, 2, 2, 1, 1, 2, 0
27983, 0, 2, 1, 1, 0, 0
30297, 4, 3, 3, 0, 3, 1
34512, 0, 4, 4, 0, 0, 0
45300, 10, 1, 1, 0, 10, 0
45301, 1, 2, 2, 0, 1, 0
17952, 4, 16, 7, 9, 4, 0
19436, 0, 3, 3, 0, 0, 0
25616, 0, 5, 3, 2, 0, 0
29170, 0, 5, 3, 2, 0, 0
29301, 0, 6, 0, 6, 0, 0
30228, 4, 4, 4, 0, 4, 0
30396, 0, 2, 2, 0, 0, 0
30424, 0, 7, 1, 6, 0, 0
30553, 0, 20, 12, 8, 0, 0
31340, 1, 4, 2, 2, 1, 0
45302, 0, 3, 1, 2, 0, 0
45303, 0, 1, 1, 0, 0, 0
45304, 0, 1, 0, 1, 0, 0
45305, 0, 4, 0, 4, 0, 0
45306, 0, 1, 0, 1, 0, 0
45307, 0, 1, 0, 1, 0, 0
45308, 0, 2, 1, 1, 0, 0
45309, 0, 17, 17, 0, 0, 0
2282, 2, 2, 2, 0, 2, 0
5736, 1, 14, 10, 4, 1, 0
9530, 1, 17, 1, 16, 0, 1
27330, 0, 7, 4, 3, 0, 0
38700, 39, 7, 4, 3, 34, 5
45310, 22, 3, 3, 0, 20, 2
45311, 0, 1, 1, 0, 0, 0
45312, 0, 1, 1, 0, 0, 0
5619, 4, 11, 9, 2, 4, 0
14903, 0, 8, 8, 0, 0, 0
19014, 85, 6, 0, 6, 0, 85
25882, 57, 10, 8, 2, 35, 22
33668, 0, 1, 1, 0, 0, 0
33669, 0, 2, 2, 0, 0, 0
33670, 0, 1, 1, 0, 0, 0
33671, 3, 1, 0, 1, 3, 0
2949, 1, 6, 6, 0, 1, 0
45313, 0, 1, 1, 0, 0, 0
45314, 0, 1, 0, 1, 0, 0
22119, 43, 8, 6, 2, 17, 26
42445, 0, 9, 9, 0, 0, 0
45315, 1, 1, 1, 0, 1, 0
45316, 0, 1, 1, 0, 0, 0
45317, 0, 1, 1, 0, 0, 0
45318, 0, 1, 0, 1, 0, 0
2885, 60, 12, 12, 0, 60, 0
11497, 0, 8, 7, 1, 0, 0
13501, 2, 45, 41, 4, 2, 0
13760, 0, 8, 8, 0, 0, 0
13838, 4, 15, 10, 5, 4, 0
20688, 0, 2, 2, 0, 0, 0
25101, 3, 8, 8, 0, 3, 0
28818, 0, 3, 3, 0, 0, 0
29380, 74, 17, 15, 2, 43, 31
37012, 0, 4, 3, 1, 0, 0
39661, 0, 1, 1, 0, 0, 0
39662, 0, 1, 1, 0, 0, 0
39663, 0, 2, 2, 0, 0, 0
39664, 4, 2, 2, 0, 4, 0
39665, 0, 5, 4, 1, 0, 0
39667, 0, 1, 1, 0, 0, 0
39668, 1, 3, 3, 0, 1, 0
39669, 0, 1, 1, 0, 0, 0
39670, 6, 2, 2, 0, 5, 1
39671, 1, 2, 2, 0, 1, 0
39673, 15, 7, 7, 0, 14, 1
39674, 0, 3, 3, 0, 0, 0
39675, 0, 4, 4, 0, 0, 0
39676, 2, 3, 3, 0, 2, 0
32842, 0, 2, 2, 0, 0, 0
2259, 1, 0, 0, 0, 1, 0
2260, 13, 0, 0, 0, 13, 0
2264, 1, 0, 0, 0, 1, 0
2272, 0, 7, 6, 1, 0, 0
2274, 1, 8, 4, 4, 1, 0
2279, 12, 4, 2, 2, 10, 2
2285, 0, 1, 1, 0, 0, 0
2287, 0, 2, 2, 0, 0, 0
2289, 43, 3, 3, 0, 42, 1
2291, 0, 1, 1, 0, 0, 0
2292, 0, 3, 2, 1, 0, 0
2296, 3, 10, 9, 1, 3, 0
2297, 0, 2, 2, 0, 0, 0
2298, 0, 7, 7, 0, 0, 0
2299, 4, 4, 4, 0, 4, 0
2305, 0, 1, 1, 0, 0, 0
2307, 0, 4, 4, 0, 0, 0
2310, 2, 16, 13, 3, 2, 0
2311, 0, 1, 1, 0, 0, 0
2312, 8, 23, 21, 2, 7, 1
2313, 1, 6, 6, 0, 1, 0
2316, 0, 1, 1, 0, 0, 0
2318, 0, 1, 1, 0, 0, 0
2321, 0, 1, 1, 0, 0, 0
2326, 2, 14, 13, 1, 2, 0
2332, 0, 1, 1, 0, 0, 0
2334, 10, 17, 16, 1, 9, 1
2335, 1, 4, 4, 0, 1, 0
2336, 4, 1, 1, 0, 4, 0
2340, 21, 34, 29, 5, 20, 1
2341, 0, 1, 1, 0, 0, 0
2344, 0, 3, 3, 0, 0, 0
2346, 0, 1, 1, 0, 0, 0
2349, 0, 6, 6, 0, 0, 0
2351, 0, 6, 6, 0, 0, 0
2352, 0, 2, 2, 0, 0, 0
2357, 0, 4, 4, 0, 0, 0
2359, 6, 16, 15, 1, 6, 0
2360, 0, 1, 1, 0, 0, 0
2362, 5, 2, 2, 0, 5, 0
2369, 3, 1, 1, 0, 3, 0
2370, 2, 3, 3, 0, 2, 0
2373, 11, 9, 5, 4, 11, 0
2379, 0, 1, 1, 0, 0, 0
2380, 0, 1, 1, 0, 0, 0
2384, 0, 3, 3, 0, 0, 0
2386, 0, 1, 1, 0, 0, 0
2387, 0, 2, 2, 0, 0, 0
2388, 0, 2, 1, 1, 0, 0
2394, 1, 11, 9, 2, 1, 0
2397, 0, 3, 3, 0, 0, 0
2398, 0, 2, 2, 0, 0, 0
2399, 0, 10, 7, 3, 0, 0
2401, 5, 3, 3, 0, 5, 0
2402, 0, 3, 3, 0, 0, 0
2405, 0, 1, 1, 0, 0, 0
19415, 2, 6, 6, 0, 2, 0
45319, 1, 1, 1, 0, 1, 0
45320, 0, 1, 1, 0, 0, 0
12771, 201, 21, 9, 12, 66, 135
16330, 1, 3, 3, 0, 1, 0
17527, 28, 5, 4, 1, 13, 15
22295, 7, 11, 7, 4, 7, 0
22375, 46, 7, 6, 1, 43, 3
22640, 37, 4, 4, 0, 37, 0
22928, 23, 5, 5, 0, 21, 2
24001, 9, 8, 7, 1, 9, 0
27789, 58, 4, 4, 0, 58, 0
33085, 3, 5, 3, 2, 3, 0
44458, 23, 5, 5, 0, 20, 3
45321, 13, 3, 3, 0, 10, 3
45322, 11, 1, 1, 0, 5, 6
45323, 7, 1, 1, 0, 7, 0
45324, 2, 2, 2, 0, 2, 0
45325, 0, 1, 1, 0, 0, 0
45326, 4, 3, 3, 0, 4, 0
45327, 1, 1, 1, 0, 1, 0
45328, 5, 1, 1, 0, 5, 0
45329, 0, 1, 0, 1, 0, 0
45330, 0, 1, 0, 1, 0, 0
16455, 11, 11, 11, 0, 10, 1
16712, 16, 4, 4, 0, 16, 0
22387, 0, 8, 8, 0, 0, 0
27448, 0, 4, 4, 0, 0, 0
43222, 0, 28, 28, 0, 0, 0
45331, 0, 2, 1, 1, 0, 0
4821, 3, 16, 15, 1, 2, 1
23429, 3, 7, 6, 1, 3, 0
45332, 3, 2, 2, 0, 3, 0
4677, 39, 6, 6, 0, 27, 12
8474, 19, 2, 2, 0, 7, 12
8481, 0, 6, 6, 0, 0, 0
8483, 0, 13, 11, 2, 0, 0
8485, 13, 3, 3, 0, 12, 1
8486, 9, 7, 7, 0, 9, 0
8487, 5, 2, 1, 1, 3, 2
8492, 2, 18, 11, 7, 2, 0
8493, 17, 1, 1, 0, 17, 0
8494, 6, 7, 4, 3, 5, 1
8495, 0, 1, 1, 0, 0, 0
8500, 2, 3, 3, 0, 2, 0
8502, 0, 5, 5, 0, 0, 0
8503, 0, 2, 2, 0, 0, 0
8504, 0, 3, 2, 1, 0, 0
8506, 8, 2, 2, 0, 8, 0
8507, 19, 15, 13, 2, 19, 0
8511, 4, 5, 4, 1, 4, 0
8512, 25, 14, 12, 2, 2, 23
8514, 0, 4, 4, 0, 0, 0
8516, 7, 11, 8, 3, 3, 4
8517, 4, 1, 1, 0, 4, 0
8520, 21, 1, 1, 0, 21, 0
8521, 0, 1, 1, 0, 0, 0
8522, 0, 1, 1, 0, 0, 0
8523, 0, 2, 2, 0, 0, 0
8528, 0, 1, 1, 0, 0, 0
8531, 0, 2, 1, 1, 0, 0
8533, 6, 8, 6, 2, 6, 0
8534, 1, 4, 2, 2, 1, 0
8537, 1, 3, 2, 1, 1, 0
8541, 1, 5, 3, 2, 0, 1
8543, 10, 4, 3, 1, 9, 1
8546, 3, 13, 9, 4, 3, 0
8550, 0, 2, 1, 1, 0, 0
8551, 3, 19, 8, 11, 2, 1
8553, 0, 6, 5, 1, 0, 0
8555, 0, 7, 5, 2, 0, 0
8559, 0, 2, 0, 2, 0, 0
8562, 12, 17, 16, 1, 12, 0
9873, 25, 15, 15, 0, 25, 0
45333, 0, 2, 1, 1, 0, 0
4817, 0, 15, 12, 3, 0, 0
6714, 1, 5, 5, 0, 1, 0
8236, 0, 11, 11, 0, 0, 0
9634, 0, 6, 4, 2, 0, 0
11298, 0, 22, 22, 0, 0, 0
12975, 0, 13, 12, 1, 0, 0
19881, 11, 18, 17, 1, 11, 0
24192, 0, 6, 3, 3, 0, 0
27556, 1, 9, 2, 7, 0, 1
28838, 3, 6, 4, 2, 2, 1
30456, 0, 17, 6, 11, 0, 0
30860, 10, 12, 11, 1, 10, 0
31331, 14, 7, 6, 1, 10, 4
33521, 0, 5, 5, 0, 0, 0
33581, 0, 1, 1, 0, 0, 0
33583, 0, 1, 1, 0, 0, 0
33584, 12, 1, 1, 0, 3, 9
33585, 3, 1, 1, 0, 3, 0
33586, 0, 1, 1, 0, 0, 0
33587, 0, 3, 2, 1, 0, 0
33588, 6, 9, 7, 2, 6, 0
33590, 0, 5, 3, 2, 0, 0
33591, 0, 1, 1, 0, 0, 0
33592, 6, 2, 2, 0, 6, 0
33593, 5, 5, 2, 3, 4, 1
33594, 0, 6, 5, 1, 0, 0
33595, 0, 1, 1, 0, 0, 0
33596, 0, 2, 2, 0, 0, 0
33597, 0, 1, 1, 0, 0, 0
33598, 0, 1, 1, 0, 0, 0
33599, 1, 1, 1, 0, 1, 0
33600, 3, 8, 5, 3, 3, 0
33601, 0, 2, 2, 0, 0, 0
33602, 0, 2, 1, 1, 0, 0
33603, 0, 2, 1, 1, 0, 0
33606, 12, 6, 4, 2, 10, 2
33607, 3, 2, 1, 1, 0, 3
8980, 0, 6, 6, 0, 0, 0
14740, 0, 4, 4, 0, 0, 0
23160, 6, 5, 5, 0, 6, 0
25053, 0, 6, 6, 0, 0, 0
34703, 0, 4, 4, 0, 0, 0
36331, 0, 4, 3, 1, 0, 0
37416, 0, 2, 2, 0, 0, 0
38852, 0, 2, 2, 0, 0, 0
38897, 2, 3, 3, 0, 2, 0
45334, 0, 1, 1, 0, 0, 0
45335, 0, 2, 1, 1, 0, 0
45336, 1, 1, 1, 0, 1, 0
45337, 0, 2, 2, 0, 0, 0
45338, 0, 8, 8, 0, 0, 0
45339, 0, 1, 1, 0, 0, 0
45340, 0, 2, 2, 0, 0, 0
45341, 0, 2, 2, 0, 0, 0
45342, 0, 1, 1, 0, 0, 0
45343, 0, 1, 1, 0, 0, 0
45344, 0, 3, 3, 0, 0, 0
45345, 3, 3, 3, 0, 2, 1
45346, 0, 8, 5, 3, 0, 0
45347, 3, 2, 2, 0, 3, 0
45348, 2, 9, 9, 0, 2, 0
4338, 22, 8, 5, 3, 10, 12
31357, 4, 3, 3, 0, 3, 1
31358, 0, 1, 1, 0, 0, 0
17366, 2, 2, 2, 0, 2, 0
23948, 0, 6, 5, 1, 0, 0
34139, 0, 12, 12, 0, 0, 0
45349, 2, 1, 1, 0, 2, 0
45350, 1, 4, 4, 0, 1, 0
39656, 0, 7, 7, 0, 0, 0
45351, 0, 1, 1, 0, 0, 0
38933, 13, 1, 1, 0, 12, 1
45352, 0, 1, 1, 0, 0, 0
45353, 0, 1, 1, 0, 0, 0
42481, 4, 6, 4, 2, 4, 0
45354, 0, 1, 1, 0, 0, 0
30703, 0, 2, 2, 0, 0, 0
16046, 0, 8, 8, 0, 0, 0
18978, 0, 14, 11, 3, 0, 0
26276, 0, 8, 7, 1, 0, 0
34277, 5, 3, 2, 1, 5, 0
34405, 15, 4, 4, 0, 8, 7
41836, 4, 2, 2, 0, 4, 0
45355, 7, 2, 2, 0, 7, 0
8018, 0, 4, 1, 3, 0, 0
33925, 4, 2, 2, 0, 4, 0
34786, 0, 3, 3, 0, 0, 0
45356, 0, 1, 1, 0, 0, 0
37238, 3, 6, 5, 1, 3, 0
45357, 0, 1, 1, 0, 0, 0
45358, 0, 1, 1, 0, 0, 0
45359, 0, 2, 2, 0, 0, 0
17605, 58, 1, 1, 0, 58, 0
19807, 28, 8, 6, 2, 20, 8
20122, 27, 5, 4, 1, 25, 2
20626, 13, 3, 3, 0, 13, 0
24301, 14, 5, 4, 1, 13, 1
24785, 26, 4, 3, 1, 12, 14
27301, 13, 3, 2, 1, 4, 9
27427, 37, 8, 6, 2, 31, 6
36018, 26, 1, 1, 0, 26, 0
39575, 9, 2, 2, 0, 9, 0
45360, 5, 1, 1, 0, 2, 3
45361, 0, 5, 5, 0, 0, 0
45362, 5, 1, 1, 0, 4, 1
23179, 0, 8, 8, 0, 0, 0
36371, 0, 2, 2, 0, 0, 0
45363, 0, 2, 1, 1, 0, 0
45364, 0, 7, 5, 2, 0, 0
19556, 17, 19, 18, 1, 17, 0
2878, 0, 6, 4, 2, 0, 0
7081, 0, 14, 13, 1, 0, 0
22506, 0, 7, 7, 0, 0, 0
37096, 0, 2, 2, 0, 0, 0
37097, 0, 7, 7, 0, 0, 0
37098, 9, 2, 2, 0, 9, 0
37099, 7, 1, 1, 0, 7, 0
11775, 1, 4, 4, 0, 1, 0
11776, 0, 3, 3, 0, 0, 0
11777, 9, 5, 5, 0, 8, 1
11778, 1, 4, 4, 0, 1, 0
19331, 0, 4, 3, 1, 0, 0
45365, 0, 3, 3, 0, 0, 0
45366, 0, 1, 1, 0, 0, 0
45367, 1, 1, 1, 0, 1, 0
15993, 0, 5, 5, 0, 0, 0
45368, 0, 1, 1, 0, 0, 0
45369, 4, 1, 1, 0, 4, 0
22061, 15, 11, 11, 0, 15, 0
8969, 7, 5, 5, 0, 7, 0
9039, 0, 11, 10, 1, 0, 0
12933, 2, 11, 11, 0, 2, 0
14573, 0, 9, 9, 0, 0, 0
15772, 0, 3, 2, 1, 0, 0
16847, 19, 4, 3, 1, 14, 5
17164, 0, 7, 6, 1, 0, 0
19721, 1, 10, 9, 1, 1, 0
23674, 0, 10, 8, 2, 0, 0
28823, 0, 6, 6, 0, 0, 0
45370, 0, 2, 2, 0, 0, 0
45371, 0, 6, 6, 0, 0, 0
45372, 0, 1, 1, 0, 0, 0
45373, 0, 1, 1, 0, 0, 0
45374, 0, 1, 1, 0, 0, 0
45375, 0, 1, 1, 0, 0, 0
19947, 18, 11, 9, 2, 18, 0
45376, 0, 1, 1, 0, 0, 0
40636, 0, 1, 1, 0, 0, 0
3975, 0, 3, 1, 2, 0, 0
5432, 10, 20, 15, 5, 9, 1
5748, 0, 3, 1, 2, 0, 0
6148, 1, 10, 8, 2, 1, 0
7210, 14, 12, 12, 0, 12, 2
7476, 39, 26, 17, 9, 36, 3
8363, 0, 7, 3, 4, 0, 0
8606, 0, 6, 2, 4, 0, 0
9561, 0, 10, 7, 3, 0, 0
11523, 1, 13, 4, 9, 0, 1
12609, 0, 8, 8, 0, 0, 0
13674, 0, 7, 3, 4, 0, 0
14856, 0, 22, 17, 5, 0, 0
16918, 0, 11, 7, 4, 0, 0
17916, 0, 13, 5, 8, 0, 0
18233, 26, 13, 11, 2, 21, 5
23503, 16, 7, 1, 6, 0, 16
23592, 8, 9, 9, 0, 8, 0
24357, 11, 12, 5, 7, 11, 0
25111, 82, 10, 9, 1, 79, 3
26690, 1, 4, 2, 2, 1, 0
28358, 3, 7, 7, 0, 3, 0
28486, 46, 9, 8, 1, 42, 4
29390, 1, 7, 6, 1, 0, 1
29575, 9, 23, 17, 6, 8, 1
30093, 0, 5, 3, 2, 0, 0
30254, 0, 9, 5, 4, 0, 0
32434, 0, 5, 3, 2, 0, 0
32792, 2, 4, 4, 0, 1, 1
34251, 0, 2, 1, 1, 0, 0
34568, 0, 6, 1, 5, 0, 0
34647, 0, 4, 2, 2, 0, 0
34798, 3, 2, 1, 1, 2, 1
37867, 0, 7, 1, 6, 0, 0
38718, 7, 12, 7, 5, 7, 0
42424, 1, 6, 2, 4, 1, 0
42430, 0, 5, 3, 2, 0, 0
44035, 3, 2, 1, 1, 2, 1
44036, 0, 2, 2, 0, 0, 0
44037, 7, 2, 2, 0, 7, 0
44038, 0, 1, 1, 0, 0, 0
44039, 12, 2, 2, 0, 11, 1
44040, 0, 8, 3, 5, 0, 0
44041, 0, 7, 6, 1, 0, 0
44042, 0, 8, 2, 6, 0, 0
44043, 0, 3, 1, 2, 0, 0
44044, 0, 1, 0, 1, 0, 0
44045, 0, 1, 0, 1, 0, 0
44046, 0, 1, 0, 1, 0, 0
44047, 0, 2, 0, 2, 0, 0
44048, 0, 2, 0, 2, 0, 0
44049, 0, 1, 0, 1, 0, 0
44050, 0, 1, 0, 1, 0, 0
44051, 7, 1, 0, 1, 5, 2
44052, 1, 4, 2, 2, 0, 1
44053, 1, 1, 0, 1, 0, 1
44054, 0, 1, 0, 1, 0, 0
44055, 0, 1, 0, 1, 0, 0
44056, 2, 2, 1, 1, 2, 0
45377, 0, 4, 3, 1, 0, 0
45378, 0, 1, 0, 1, 0, 0
45379, 0, 1, 1, 0, 0, 0
45380, 0, 1, 1, 0, 0, 0
15403, 5, 2, 2, 0, 4, 1
45381, 0, 1, 1, 0, 0, 0
2941, 1, 10, 10, 0, 1, 0
2955, 0, 18, 18, 0, 0, 0
4230, 39, 3, 2, 1, 37, 2
4235, 0, 11, 9, 2, 0, 0
5634, 3, 30, 23, 7, 3, 0
6565, 0, 12, 12, 0, 0, 0
7525, 5, 17, 7, 10, 3, 2
10021, 0, 6, 6, 0, 0, 0
10030, 4, 8, 8, 0, 4, 0
10037, 44, 14, 12, 2, 33, 11
10051, 7, 19, 4, 15, 1, 6
13792, 0, 17, 11, 6, 0, 0
16168, 20, 7, 7, 0, 18, 2
16171, 0, 5, 5, 0, 0, 0
17681, 0, 5, 5, 0, 0, 0
19074, 0, 4, 4, 0, 0, 0
20251, 0, 7, 1, 6, 0, 0
21779, 14, 16, 2, 14, 13, 1
22906, 0, 3, 3, 0, 0, 0
25237, 0, 5, 5, 0, 0, 0
26173, 19, 13, 12, 1, 11, 8
32984, 2, 3, 2, 1, 2, 0
32985, 4, 3, 3, 0, 3, 1
32987, 6, 6, 6, 0, 6, 0
32988, 0, 1, 1, 0, 0, 0
32989, 0, 1, 1, 0, 0, 0
32990, 0, 1, 1, 0, 0, 0
32991, 1, 2, 2, 0, 1, 0
32992, 0, 1, 1, 0, 0, 0
32993, 3, 2, 2, 0, 3, 0
32995, 4, 7, 7, 0, 4, 0
32996, 0, 4, 4, 0, 0, 0
32997, 0, 3, 2, 1, 0, 0
32998, 0, 1, 0, 1, 0, 0
32999, 0, 2, 1, 1, 0, 0
33000, 7, 1, 0, 1, 6, 1
33001, 0, 1, 0, 1, 0, 0
36583, 2, 5, 5, 0, 2, 0
45382, 11, 3, 3, 0, 10, 1
45383, 0, 8, 1, 7, 0, 0
7493, 2, 12, 11, 1, 2, 0
6745, 3, 11, 8, 3, 1, 2
15259, 63, 12, 11, 1, 40, 23
34121, 10, 10, 6, 4, 8, 2
45384, 1, 2, 2, 0, 1, 0
45385, 0, 1, 1, 0, 0, 0
45386, 3, 1, 1, 0, 3, 0
45387, 4, 2, 1, 1, 3, 1
45388, 0, 1, 0, 1, 0, 0
45389, 10, 4, 4, 0, 10, 0
45390, 0, 1, 1, 0, 0, 0
16920, 0, 6, 0, 6, 0, 0
42400, 6, 5, 3, 2, 6, 0
45391, 1, 3, 1, 2, 1, 0
45392, 0, 1, 1, 0, 0, 0
45393, 0, 1, 1, 0, 0, 0
17018, 4, 5, 5, 0, 2, 2
14444, 44, 21, 20, 1, 40, 4
17862, 8, 6, 6, 0, 8, 0
36377, 5, 4, 4, 0, 5, 0
45394, 0, 1, 0, 1, 0, 0
12264, 0, 9, 6, 3, 0, 0
45395, 23, 1, 1, 0, 16, 7
16178, 1, 1, 0, 1, 1, 0
16179, 0, 1, 0, 1, 0, 0
16180, 0, 1, 0, 1, 0, 0
16181, 0, 1, 0, 1, 0, 0
16182, 1, 2, 0, 2, 0, 1
16183, 0, 3, 1, 2, 0, 0
16185, 4, 5, 3, 2, 3, 1
5068, 3, 12, 5, 7, 0, 3
5430, 14, 10, 8, 2, 12, 2
32852, 108, 14, 7, 7, 59, 49
41809, 0, 4, 1, 3, 0, 0
45396, 2, 2, 2, 0, 2, 0
45397, 2, 2, 2, 0, 2, 0
45398, 0, 5, 5, 0, 0, 0
45399, 6, 4, 4, 0, 5, 1
45400, 89, 6, 2, 4, 47, 42
45401, 1, 3, 0, 3, 0, 1
45402, 0, 4, 1, 3, 0, 0
15093, 0, 2, 0, 2, 0, 0
25238, 0, 6, 6, 0, 0, 0
25242, 7, 4, 4, 0, 7, 0
25243, 10, 5, 5, 0, 9, 1
25245, 20, 11, 10, 1, 20, 0
36489, 3, 6, 6, 0, 3, 0
45403, 34, 3, 2, 1, 21, 13
45404, 9, 2, 2, 0, 9, 0
18577, 63, 3, 3, 0, 20, 43
25463, 27, 3, 2, 1, 23, 4
31281, 13, 6, 5, 1, 10, 3
36374, 0, 4, 4, 0, 0, 0
45405, 1, 1, 1, 0, 0, 1
34728, 8, 7, 6, 1, 7, 1
43167, 0, 3, 3, 0, 0, 0
45406, 0, 1, 1, 0, 0, 0
45407, 0, 1, 1, 0, 0, 0
45408, 0, 2, 2, 0, 0, 0
45409, 2, 3, 3, 0, 2, 0
45410, 0, 1, 1, 0, 0, 0
45411, 1, 1, 1, 0, 1, 0
34964, 0, 3, 3, 0, 0, 0
2411, 0, 3, 3, 0, 0, 0
2413, 11, 8, 6, 2, 8, 3
2414, 0, 1, 1, 0, 0, 0
2417, 5, 6, 3, 3, 4, 1
2422, 0, 4, 4, 0, 0, 0
2424, 0, 2, 2, 0, 0, 0
2425, 7, 4, 4, 0, 7, 0
2428, 0, 8, 8, 0, 0, 0
2429, 4, 19, 16, 3, 4, 0
2430, 31, 10, 8, 2, 25, 6
2435, 5, 3, 3, 0, 5, 0
2436, 2, 3, 3, 0, 1, 1
2437, 0, 1, 1, 0, 0, 0
2444, 0, 1, 0, 1, 0, 0
2445, 0, 2, 0, 2, 0, 0
15294, 8, 11, 10, 1, 8, 0
16517, 8, 5, 4, 1, 8, 0
18292, 17, 4, 3, 1, 12, 5
20293, 23, 6, 5, 1, 16, 7
33096, 40, 5, 4, 1, 32, 8
36636, 6, 2, 2, 0, 6, 0
45412, 2, 1, 1, 0, 2, 0
45413, 7, 1, 1, 0, 7, 0
45414, 11, 2, 2, 0, 10, 1
45415, 1, 1, 1, 0, 1, 0
45416, 2, 2, 2, 0, 2, 0
45417, 9, 1, 1, 0, 9, 0
45418, 13, 4, 3, 1, 11, 2
22354, 0, 7, 4, 3, 0, 0
45419, 0, 4, 4, 0, 0, 0
10146, 11, 4, 3, 1, 2, 9
18207, 12, 10, 9, 1, 9, 3
19348, 0, 4, 0, 4, 0, 0
27241, 1, 4, 2, 2, 1, 0
27382, 67, 3, 3, 0, 66, 1
30510, 0, 2, 1, 1, 0, 0
40469, 0, 2, 0, 2, 0, 0
45420, 0, 2, 2, 0, 0, 0
45421, 13, 1, 1, 0, 13, 0
45422, 8, 3, 3, 0, 6, 2
45423, 0, 1, 1, 0, 0, 0
45424, 1, 1, 0, 1, 0, 1
45425, 3, 1, 0, 1, 1, 2
45426, 0, 1, 0, 1, 0, 0
17333, 12, 4, 4, 0, 11, 1
20551, 1, 8, 7, 1, 1, 0
29500, 0, 4, 0, 4, 0, 0
10533, 24, 17, 12, 5, 9, 15
45427, 10, 2, 2, 0, 8, 2
45428, 1, 5, 3, 2, 1, 0
11942, 42, 10, 9, 1, 35, 7
45429, 2, 1, 1, 0, 0, 2
3012, 0, 4, 4, 0, 0, 0
7430, 0, 8, 8, 0, 0, 0
12824, 8, 6, 5, 1, 8, 0
14864, 7, 5, 5, 0, 6, 1
19350, 0, 6, 5, 1, 0, 0
24811, 0, 15, 15, 0, 0, 0
37780, 2, 3, 3, 0, 2, 0
45430, 0, 4, 2, 2, 0, 0
45431, 0, 3, 3, 0, 0, 0
45432, 1, 1, 1, 0, 1, 0
45433, 0, 3, 1, 2, 0, 0
45434, 1, 1, 1, 0, 1, 0
45435, 0, 3, 3, 0, 0, 0
45436, 0, 3, 3, 0, 0, 0
37793, 0, 5, 5, 0, 0, 0
45437, 0, 2, 2, 0, 0, 0
45438, 18, 3, 3, 0, 10, 8
26976, 3, 8, 5, 3, 3, 0
43798, 0, 2, 2, 0, 0, 0
22324, 31, 18, 10, 8, 20, 11
44180, 0, 12, 12, 0, 0, 0
11637, 106, 3, 3, 0, 92, 14
20199, 1, 8, 4, 4, 1, 0
23705, 38, 7, 7, 0, 38, 0
25706, 5, 8, 8, 0, 4, 1
28369, 11, 4, 3, 1, 8, 3
28370, 1, 3, 3, 0, 1, 0
28371, 137, 3, 0, 3, 0, 137
44490, 48, 9, 9, 0, 48, 0
45439, 15, 1, 1, 0, 6, 9
45440, 1, 1, 1, 0, 1, 0
5345, 1, 4, 4, 0, 0, 1
8226, 3, 8, 6, 2, 2, 1
12822, 14, 8, 7, 1, 11, 3
21761, 0, 5, 5, 0, 0, 0
43189, 10, 4, 3, 1, 8, 2
45441, 1, 1, 1, 0, 0, 1
45442, 4, 1, 0, 1, 4, 0
13534, 7, 8, 8, 0, 2, 5
45443, 0, 2, 2, 0, 0, 0
21571, 0, 9, 9, 0, 0, 0
30315, 0, 19, 19, 0, 0, 0
43075, 0, 2, 2, 0, 0, 0
45444, 0, 1, 0, 1, 0, 0
14756, 0, 15, 12, 3, 0, 0
17566, 0, 2, 1, 1, 0, 0
20630, 9, 3, 2, 1, 1, 8
24863, 3, 2, 2, 0, 3, 0
44299, 14, 1, 1, 0, 10, 4
44300, 0, 1, 1, 0, 0, 0
44301, 0, 3, 3, 0, 0, 0
44302, 0, 2, 2, 0, 0, 0
44303, 0, 1, 1, 0, 0, 0
44304, 0, 4, 0, 4, 0, 0
4498, 3, 6, 5, 1, 2, 1
20779, 31, 4, 4, 0, 30, 1
21742, 0, 2, 2, 0, 0, 0
45445, 0, 3, 3, 0, 0, 0
45446, 0, 1, 0, 1, 0, 0
3965, 3, 4, 3, 1, 3, 0
5294, 0, 10, 9, 1, 0, 0
6584, 3, 17, 16, 1, 3, 0
10274, 4, 4, 3, 1, 2, 2
11745, 8, 7, 7, 0, 7, 1
14750, 3, 10, 6, 4, 3, 0
14894, 0, 7, 4, 3, 0, 0
17146, 9, 4, 3, 1, 9, 0
17439, 0, 6, 3, 3, 0, 0
18957, 0, 6, 6, 0, 0, 0
19702, 6, 9, 9, 0, 5, 1
20783, 15, 7, 5, 2, 15, 0
21574, 2, 6, 5, 1, 2, 0
22894, 2, 5, 4, 1, 2, 0
22925, 62, 13, 12, 1, 50, 12
23777, 52, 8, 8, 0, 47, 5
28108, 23, 7, 7, 0, 22, 1
34617, 7, 4, 4, 0, 6, 1
35294, 0, 2, 2, 0, 0, 0
35295, 2, 3, 1, 2, 1, 1
35296, 0, 1, 1, 0, 0, 0
35297, 0, 2, 2, 0, 0, 0
35298, 0, 3, 3, 0, 0, 0
35300, 0, 2, 1, 1, 0, 0
35301, 0, 2, 2, 0, 0, 0
35302, 0, 2, 2, 0, 0, 0
35303, 4, 2, 2, 0, 4, 0
35304, 0, 4, 3, 1, 0, 0
35306, 0, 1, 1, 0, 0, 0
35307, 0, 5, 5, 0, 0, 0
35308, 0, 4, 3, 1, 0, 0
35309, 0, 2, 1, 1, 0, 0
35311, 0, 1, 1, 0, 0, 0
35313, 2, 1, 1, 0, 2, 0
35314, 1, 1, 1, 0, 0, 1
35315, 1, 5, 3, 2, 1, 0
35316, 0, 3, 3, 0, 0, 0
35317, 7, 3, 2, 1, 7, 0
35318, 0, 2, 2, 0, 0, 0
35319, 5, 2, 2, 0, 5, 0
35320, 0, 1, 1, 0, 0, 0
35322, 2, 3, 3, 0, 1, 1
35323, 1, 1, 1, 0, 1, 0
35324, 4, 3, 3, 0, 4, 0
35325, 0, 1, 1, 0, 0, 0
3697, 201, 6, 1, 5, 42, 159
4600, 2, 2, 0, 2, 1, 1
38574, 3, 3, 3, 0, 3, 0
2461, 0, 4, 4, 0, 0, 0
2463, 0, 1, 1, 0, 0, 0
6832, 0, 5, 5, 0, 0, 0
8297, 10, 12, 10, 2, 9, 1
8592, 40, 18, 18, 0, 31, 9
9085, 0, 10, 7, 3, 0, 0
9879, 3, 11, 5, 6, 1, 2
10466, 0, 2, 2, 0, 0, 0
11642, 0, 10, 10, 0, 0, 0
11939, 3, 7, 7, 0, 3, 0
13815, 0, 5, 5, 0, 0, 0
16531, 5, 3, 2, 1, 3, 2
19763, 1, 4, 3, 1, 1, 0
23854, 1, 3, 2, 1, 1, 0
24616, 3, 9, 8, 1, 3, 0
24813, 3, 4, 4, 0, 2, 1
24819, 7, 21, 18, 3, 4, 3
24834, 2, 10, 8, 2, 2, 0
24878, 0, 3, 2, 1, 0, 0
25087, 0, 3, 3, 0, 0, 0
25474, 27, 20, 14, 6, 23, 4
25783, 1, 2, 2, 0, 1, 0
25784, 0, 4, 3, 1, 0, 0
25786, 3, 4, 2, 2, 2, 1
25787, 0, 1, 1, 0, 0, 0
25789, 0, 2, 2, 0, 0, 0
25790, 6, 3, 3, 0, 6, 0
25791, 0, 11, 8, 3, 0, 0
25793, 0, 2, 1, 1, 0, 0
25794, 28, 12, 9, 3, 18, 10
25795, 1, 2, 2, 0, 1, 0
25796, 0, 1, 1, 0, 0, 0
25797, 0, 1, 1, 0, 0, 0
25798, 0, 2, 1, 1, 0, 0
25799, 1, 1, 1, 0, 1, 0
25800, 0, 1, 1, 0, 0, 0
25803, 14, 3, 2, 1, 14, 0
25804, 0, 1, 1, 0, 0, 0
25805, 0, 3, 3, 0, 0, 0
25806, 31, 10, 10, 0, 31, 0
25807, 1, 2, 2, 0, 0, 1
25809, 0, 1, 1, 0, 0, 0
25810, 1, 2, 1, 1, 1, 0
25811, 0, 2, 2, 0, 0, 0
25812, 2, 2, 2, 0, 2, 0
25814, 1, 7, 6, 1, 1, 0
25815, 0, 2, 2, 0, 0, 0
25817, 11, 4, 4, 0, 9, 2
25818, 0, 1, 1, 0, 0, 0
25820, 0, 3, 2, 1, 0, 0
25822, 0, 3, 3, 0, 0, 0
25824, 6, 17, 11, 6, 6, 0
25825, 0, 2, 2, 0, 0, 0
25830, 49, 2, 2, 0, 36, 13
25831, 0, 2, 2, 0, 0, 0
25832, 0, 7, 5, 2, 0, 0
25834, 0, 1, 1, 0, 0, 0
25835, 0, 10, 7, 3, 0, 0
25836, 0, 1, 1, 0, 0, 0
25837, 0, 1, 1, 0, 0, 0
25840, 6, 2, 2, 0, 5, 1
25841, 0, 1, 1, 0, 0, 0
25842, 0, 2, 1, 1, 0, 0
25843, 1, 4, 4, 0, 1, 0
25844, 0, 5, 2, 3, 0, 0
25845, 0, 6, 6, 0, 0, 0
25846, 0, 3, 2, 1, 0, 0
45447, 1, 1, 1, 0, 1, 0
2465, 0, 1, 1, 0, 0, 0
2467, 8, 5, 5, 0, 6, 2
2470, 0, 3, 3, 0, 0, 0
7732, 7, 6, 6, 0, 5, 2
32867, 0, 11, 11, 0, 0, 0
41431, 7, 3, 3, 0, 2, 5
45448, 0, 4, 4, 0, 0, 0
45449, 0, 1, 1, 0, 0, 0
45450, 0, 1, 1, 0, 0, 0
15826, 0, 5, 5, 0, 0, 0
17936, 9, 6, 4, 2, 8, 1
19068, 0, 6, 6, 0, 0, 0
20602, 0, 3, 3, 0, 0, 0
21217, 0, 6, 3, 3, 0, 0
21219, 14, 4, 4, 0, 13, 1
21221, 0, 1, 1, 0, 0, 0
21222, 5, 4, 4, 0, 5, 0
21223, 0, 6, 6, 0, 0, 0
21225, 0, 3, 3, 0, 0, 0
21227, 2, 1, 1, 0, 2, 0
21228, 0, 1, 1, 0, 0, 0
45451, 0, 1, 1, 0, 0, 0
2474, 5, 3, 3, 0, 5, 0
2476, 2, 8, 6, 2, 2, 0
45452, 0, 3, 2, 1, 0, 0
33046, 3, 6, 6, 0, 3, 0
21128, 1, 6, 4, 2, 0, 1
41586, 0, 1, 1, 0, 0, 0
41587, 0, 1, 1, 0, 0, 0
4955, 4, 10, 9, 1, 4, 0
5755, 62, 37, 17, 20, 44, 18
5836, 1, 10, 8, 2, 1, 0
9050, 1, 8, 3, 5, 1, 0
15043, 0, 5, 5, 0, 0, 0
15263, 0, 2, 0, 2, 0, 0
21027, 13, 14, 11, 3, 3, 10
24240, 80, 5, 3, 2, 30, 50
33323, 1, 2, 1, 1, 1, 0
37885, 8, 4, 4, 0, 8, 0
45453, 1, 2, 2, 0, 1, 0
45454, 0, 1, 1, 0, 0, 0
45455, 0, 1, 0, 1, 0, 0
45456, 3, 1, 0, 1, 0, 3
45457, 1, 5, 1, 4, 1, 0
45458, 9, 5, 0, 5, 3, 6
25635, 1, 3, 2, 1, 1, 0
45459, 0, 2, 2, 0, 0, 0
45460, 0, 2, 2, 0, 0, 0
45479, 1, 1, 1, 0, 1, 0
45480, 1, 1, 1, 0, 1, 0
2483, 12, 1, 1, 0, 7, 5
2485, 0, 6, 3, 3, 0, 0
2486, 19, 13, 8, 5, 19, 0
21250, 1, 30, 28, 2, 1, 0
28909, 2, 6, 6, 0, 2, 0
28910, 1, 2, 1, 1, 1, 0
9038, 0, 5, 2, 3, 0, 0
30896, 0, 6, 3, 3, 0, 0
37945, 0, 3, 3, 0, 0, 0
4012, 17, 9, 8, 1, 15, 2
6407, 0, 20, 18, 2, 0, 0
9197, 4, 9, 5, 4, 4, 0
9288, 42, 23, 22, 1, 22, 20
14545, 0, 3, 1, 2, 0, 0
16981, 2, 16, 14, 2, 1, 1
23954, 0, 4, 4, 0, 0, 0
29514, 24, 2, 2, 0, 24, 0
29922, 16, 6, 5, 1, 14, 2
34943, 0, 2, 0, 2, 0, 0
35388, 3, 3, 2, 1, 3, 0
35633, 0, 2, 0, 2, 0, 0
35747, 0, 3, 2, 1, 0, 0
35748, 11, 3, 3, 0, 9, 2
35749, 0, 6, 3, 3, 0, 0
35750, 0, 1, 1, 0, 0, 0
35751, 0, 1, 0, 1, 0, 0
35752, 0, 3, 2, 1, 0, 0
35753, 0, 1, 0, 1, 0, 0
39211, 3, 4, 2, 2, 1, 2
29223, 3, 4, 2, 2, 1, 2
7412, 1, 12, 11, 1, 0, 1
13143, 16, 5, 5, 0, 15, 1
13228, 0, 3, 2, 1, 0, 0
16266, 10, 4, 4, 0, 10, 0
20323, 14, 9, 2, 7, 13, 1
36683, 0, 2, 2, 0, 0, 0
38289, 1, 2, 2, 0, 0, 1
38315, 1, 4, 1, 3, 1, 0
45481, 0, 1, 1, 0, 0, 0
45482, 0, 2, 1, 1, 0, 0
45483, 0, 1, 1, 0, 0, 0
45484, 3, 2, 1, 1, 3, 0
45485, 0, 1, 1, 0, 0, 0
45486, 0, 4, 4, 0, 0, 0
45487, 0, 1, 1, 0, 0, 0
45488, 2, 1, 0, 1, 2, 0
45489, 6, 5, 5, 0, 6, 0
3353, 0, 7, 7, 0, 0, 0
3655, 43, 4, 3, 1, 6, 37
4809, 11, 3, 2, 1, 11, 0
14859, 15, 6, 6, 0, 10, 5
14860, 0, 1, 1, 0, 0, 0
14863, 3, 2, 2, 0, 3, 0
14865, 0, 1, 1, 0, 0, 0
14866, 0, 1, 1, 0, 0, 0
14867, 4, 3, 3, 0, 4, 0
14868, 0, 3, 3, 0, 0, 0
14869, 0, 1, 1, 0, 0, 0
14870, 0, 1, 1, 0, 0, 0
14873, 0, 1, 1, 0, 0, 0
14874, 0, 5, 5, 0, 0, 0
14875, 14, 2, 2, 0, 14, 0
14876, 19, 2, 1, 1, 11, 8
14879, 0, 10, 9, 1, 0, 0
14882, 2, 1, 1, 0, 2, 0
14884, 7, 2, 2, 0, 7, 0
14885, 3, 6, 6, 0, 3, 0
14886, 0, 4, 3, 1, 0, 0
14888, 0, 4, 4, 0, 0, 0
14889, 0, 2, 2, 0, 0, 0
14891, 0, 2, 2, 0, 0, 0
14893, 0, 2, 1, 1, 0, 0
14895, 18, 8, 7, 1, 17, 1
13315, 0, 11, 11, 0, 0, 0
17269, 11, 6, 6, 0, 8, 3
19545, 3, 1, 1, 0, 3, 0
19546, 3, 2, 2, 0, 3, 0
19552, 8, 8, 8, 0, 8, 0
19553, 0, 5, 1, 4, 0, 0
19554, 5, 3, 3, 0, 5, 0
19555, 0, 1, 1, 0, 0, 0
19557, 0, 13, 13, 0, 0, 0
19558, 0, 1, 1, 0, 0, 0
19559, 0, 9, 6, 3, 0, 0
12274, 13, 8, 8, 0, 12, 1
13701, 9, 4, 3, 1, 2, 7
15790, 95, 6, 6, 0, 45, 50
35359, 26, 6, 5, 1, 20, 6
41368, 6, 6, 5, 1, 5, 1
41682, 0, 2, 2, 0, 0, 0
45490, 0, 1, 1, 0, 0, 0
45491, 0, 1, 1, 0, 0, 0
45492, 1, 2, 2, 0, 1, 0
45493, 0, 4, 4, 0, 0, 0
13505, 0, 2, 2, 0, 0, 0
14944, 0, 3, 2, 1, 0, 0
14946, 1, 3, 1, 2, 1, 0
45494, 1, 1, 1, 0, 1, 0
45495, 7, 4, 4, 0, 5, 2
45496, 2, 2, 2, 0, 2, 0
22342, 0, 7, 7, 0, 0, 0
45497, 1, 2, 2, 0, 0, 1
3206, 0, 6, 3, 3, 0, 0
3272, 0, 4, 4, 0, 0, 0
3528, 21, 4, 4, 0, 21, 0
3530, 27, 7, 3, 4, 6, 21
3533, 20, 2, 2, 0, 16, 4
3537, 2, 3, 3, 0, 2, 0
3538, 13, 2, 2, 0, 12, 1
3543, 29, 4, 3, 1, 29, 0
3545, 79, 3, 3, 0, 77, 2
3547, 5, 7, 7, 0, 5, 0
3550, 8, 14, 13, 1, 8, 0
3552, 0, 7, 7, 0, 0, 0
3554, 0, 1, 1, 0, 0, 0
3556, 1, 3, 1, 2, 1, 0
3558, 1, 3, 3, 0, 1, 0
3559, 0, 4, 3, 1, 0, 0
3561, 1, 1, 1, 0, 1, 0
3562, 1, 5, 3, 2, 1, 0
3567, 0, 1, 1, 0, 0, 0
3568, 21, 4, 3, 1, 17, 4
3570, 6, 8, 5, 3, 5, 1
3571, 0, 3, 3, 0, 0, 0
3572, 21, 5, 4, 1, 20, 1
3573, 8, 21, 20, 1, 8, 0
3577, 0, 9, 8, 1, 0, 0
3583, 0, 2, 2, 0, 0, 0
3587, 3, 9, 8, 1, 0, 3
3589, 0, 2, 2, 0, 0, 0
3592, 0, 7, 7, 0, 0, 0
3593, 2, 9, 9, 0, 2, 0
3599, 1, 1, 1, 0, 1, 0
3603, 0, 10, 6, 4, 0, 0
3605, 6, 4, 3, 1, 5, 1
3606, 1, 2, 1, 1, 1, 0
3612, 2, 12, 10, 2, 1, 1
3615, 0, 2, 1, 1, 0, 0
3620, 0, 1, 1, 0, 0, 0
3621, 22, 6, 6, 0, 14, 8
3631, 10, 8, 5, 3, 9, 1
3644, 19, 4, 4, 0, 19, 0
3647, 0, 6, 2, 4, 0, 0
3648, 0, 3, 1, 2, 0, 0
3649, 0, 1, 0, 1, 0, 0
3651, 0, 1, 0, 1, 0, 0
3652, 3, 6, 4, 2, 3, 0
29931, 5, 7, 5, 2, 4, 1
7692, 6, 4, 4, 0, 6, 0
17881, 3, 3, 2, 1, 3, 0
18055, 0, 5, 3, 2, 0, 0
18156, 8, 1, 1, 0, 6, 2
18157, 0, 1, 1, 0, 0, 0
18159, 0, 3, 3, 0, 0, 0
18160, 13, 5, 5, 0, 13, 0
18161, 1, 3, 3, 0, 1, 0
18162, 7, 6, 4, 2, 4, 3
18165, 0, 3, 3, 0, 0, 0
18167, 0, 2, 2, 0, 0, 0
18168, 3, 2, 2, 0, 3, 0
18169, 0, 6, 6, 0, 0, 0
18171, 0, 13, 11, 2, 0, 0
18172, 11, 3, 3, 0, 10, 1
18175, 20, 10, 10, 0, 20, 0
4749, 0, 6, 6, 0, 0, 0
16208, 3, 10, 9, 1, 2, 1
17055, 4, 7, 5, 2, 3, 1
21340, 22, 15, 9, 6, 5, 17
26358, 6, 2, 1, 1, 4, 2
26360, 1, 2, 2, 0, 1, 0
26361, 0, 15, 15, 0, 0, 0
26362, 7, 1, 1, 0, 7, 0
26363, 0, 8, 8, 0, 0, 0
26364, 19, 2, 2, 0, 19, 0
26365, 0, 1, 1, 0, 0, 0
7041, 27, 3, 3, 0, 27, 0
9161, 2, 6, 5, 1, 2, 0
15319, 5, 6, 5, 1, 3, 2
15322, 0, 2, 2, 0, 0, 0
15324, 3, 5, 5, 0, 3, 0
15326, 19, 7, 7, 0, 18, 1
15327, 8, 1, 1, 0, 8, 0
15328, 0, 3, 2, 1, 0, 0
15329, 0, 3, 3, 0, 0, 0
15330, 17, 2, 2, 0, 10, 7
4679, 45, 31, 29, 2, 41, 4
17752, 0, 6, 6, 0, 0, 0
27577, 139, 9, 6, 3, 74, 65
45498, 1, 1, 1, 0, 1, 0
45499, 1, 1, 1, 0, 1, 0
45500, 1, 1, 1, 0, 1, 0
45501, 4, 1, 1, 0, 4, 0
45502, 85, 9, 8, 1, 85, 0
7192, 30, 14, 13, 1, 25, 5
21795, 27, 7, 5, 2, 23, 4
22589, 60, 20, 18, 2, 41, 19
22831, 40, 13, 11, 2, 39, 1
24062, 18, 5, 3, 2, 6, 12
25778, 16, 7, 7, 0, 16, 0
28939, 7, 8, 5, 3, 5, 2
29202, 6, 4, 1, 3, 1, 5
44070, 0, 2, 1, 1, 0, 0
45503, 18, 1, 1, 0, 8, 10
45504, 14, 3, 3, 0, 14, 0
45505, 1, 1, 1, 0, 1, 0
45506, 4, 3, 3, 0, 4, 0
45507, 10, 3, 3, 0, 10, 0
45508, 12, 2, 1, 1, 4, 8
45509, 0, 1, 0, 1, 0, 0
45510, 0, 4, 2, 2, 0, 0
45511, 0, 1, 0, 1, 0, 0
45512, 0, 1, 0, 1, 0, 0
45513, 0, 1, 0, 1, 0, 0
15593, 1, 5, 5, 0, 0, 1
45514, 0, 1, 0, 1, 0, 0
45515, 0, 3, 0, 3, 0, 0
23601, 0, 1, 1, 0, 0, 0
38805, 0, 1, 1, 0, 0, 0
38806, 11, 4, 4, 0, 11, 0
39131, 21, 4, 3, 1, 19, 2
45516, 2, 1, 1, 0, 2, 0
3432, 0, 17, 8, 9, 0, 0
5666, 0, 5, 5, 0, 0, 0
6194, 2, 20, 14, 6, 1, 1
10555, 0, 3, 3, 0, 0, 0
13030, 2, 18, 17, 1, 2, 0
13636, 9, 4, 4, 0, 8, 1
13870, 4, 11, 9, 2, 4, 0
14020, 16, 2, 2, 0, 15, 1
21164, 4, 4, 4, 0, 4, 0
21260, 0, 14, 13, 1, 0, 0
22293, 2, 16, 10, 6, 2, 0
23112, 26, 9, 6, 3, 26, 0
23871, 4, 5, 5, 0, 4, 0
32498, 2, 15, 12, 3, 2, 0
36466, 0, 3, 2, 1, 0, 0
38245, 1, 9, 5, 4, 1, 0
38808, 11, 2, 2, 0, 11, 0
38809, 2, 1, 1, 0, 2, 0
38810, 2, 3, 1, 2, 2, 0
38811, 3, 2, 2, 0, 3, 0
38812, 0, 2, 2, 0, 0, 0
38814, 0, 1, 1, 0, 0, 0
38815, 2, 3, 3, 0, 1, 1
38816, 0, 1, 1, 0, 0, 0
38817, 1, 3, 2, 1, 1, 0
38818, 1, 2, 2, 0, 1, 0
38819, 20, 5, 5, 0, 20, 0
38820, 6, 1, 1, 0, 6, 0
38821, 0, 6, 3, 3, 0, 0
38822, 4, 2, 1, 1, 4, 0
38824, 1, 3, 3, 0, 1, 0
38825, 36, 8, 4, 4, 23, 13
38826, 3, 1, 1, 0, 3, 0
38827, 0, 1, 1, 0, 0, 0
38828, 0, 2, 2, 0, 0, 0
38829, 8, 6, 6, 0, 7, 1
30361, 9, 3, 3, 0, 9, 0
44483, 0, 2, 2, 0, 0, 0
5346, 1, 1, 1, 0, 1, 0
3389, 5, 16, 9, 7, 4, 1
6704, 1, 12, 10, 2, 0, 1
11791, 0, 1, 1, 0, 0, 0
11792, 1, 2, 2, 0, 1, 0
11794, 0, 1, 1, 0, 0, 0
11795, 1, 1, 1, 0, 1, 0
11796, 0, 2, 2, 0, 0, 0
11798, 1, 1, 1, 0, 1, 0
14589, 1, 8, 8, 0, 1, 0
24298, 4, 9, 5, 4, 3, 1
44891, 0, 1, 1, 0, 0, 0
44892, 1, 2, 2, 0, 1, 0
28193, 2, 4, 4, 0, 2, 0
45517, 0, 2, 2, 0, 0, 0
45518, 0, 1, 1, 0, 0, 0
45519, 0, 1, 1, 0, 0, 0
45520, 1, 1, 0, 1, 0, 1
6602, 3, 6, 6, 0, 3, 0
23803, 0, 1, 1, 0, 0, 0
14847, 0, 6, 6, 0, 0, 0
27683, 11, 5, 3, 2, 11, 0
24355, 5, 4, 3, 1, 4, 1
33404, 20, 7, 7, 0, 15, 5
37104, 21, 4, 4, 0, 20, 1
38397, 5, 3, 2, 1, 2, 3
41766, 19, 3, 2, 1, 14, 5
45521, 0, 3, 3, 0, 0, 0
45522, 6, 1, 1, 0, 6, 0
45523, 0, 3, 3, 0, 0, 0
45524, 0, 1, 1, 0, 0, 0
25687, 34, 10, 9, 1, 33, 1
30269, 10, 1, 0, 1, 5, 5
34755, 0, 2, 1, 1, 0, 0
45525, 1, 2, 2, 0, 1, 0
45526, 0, 1, 1, 0, 0, 0
45527, 4, 1, 1, 0, 2, 2
45528, 0, 1, 0, 1, 0, 0
3262, 3, 14, 13, 1, 3, 0
7217, 2, 9, 5, 4, 1, 1
17565, 6, 10, 9, 1, 4, 2
20716, 0, 9, 9, 0, 0, 0
24943, 0, 1, 1, 0, 0, 0
24944, 1, 1, 1, 0, 1, 0
24946, 0, 1, 1, 0, 0, 0
24948, 0, 1, 0, 1, 0, 0
15496, 3, 11, 10, 1, 3, 0
20876, 3, 3, 3, 0, 3, 0
4974, 23, 6, 6, 0, 23, 0
10197, 0, 4, 4, 0, 0, 0
17082, 0, 2, 2, 0, 0, 0
19640, 0, 2, 2, 0, 0, 0
19645, 0, 1, 1, 0, 0, 0
19646, 0, 1, 1, 0, 0, 0
19648, 0, 5, 4, 1, 0, 0
19649, 0, 2, 2, 0, 0, 0
19651, 44, 6, 6, 0, 41, 3
19652, 2, 4, 4, 0, 2, 0
19654, 4, 5, 4, 1, 4, 0
3339, 0, 9, 7, 2, 0, 0
44608, 7, 3, 3, 0, 7, 0
9665, 8, 7, 6, 1, 8, 0
26283, 11, 5, 5, 0, 10, 1
27254, 1, 10, 5, 5, 0, 1
28145, 0, 1, 1, 0, 0, 0
28146, 0, 1, 1, 0, 0, 0
28147, 9, 4, 3, 1, 9, 0
28148, 4, 3, 3, 0, 4, 0
28149, 0, 1, 1, 0, 0, 0
28150, 6, 4, 2, 2, 5, 1
28151, 0, 2, 2, 0, 0, 0
28152, 1, 2, 2, 0, 0, 1
3159, 0, 14, 13, 1, 0, 0
4731, 2, 4, 3, 1, 2, 0
8299, 6, 6, 3, 3, 6, 0
8589, 2, 8, 7, 1, 2, 0
11895, 0, 8, 0, 8, 0, 0
16247, 14, 3, 1, 2, 14, 0
19839, 1, 4, 4, 0, 1, 0
19869, 0, 2, 0, 2, 0, 0
19871, 0, 5, 1, 4, 0, 0
23988, 10, 11, 7, 4, 7, 3
26200, 19, 2, 1, 1, 7, 12
30946, 6, 7, 3, 4, 4, 2
34550, 0, 4, 1, 3, 0, 0
38954, 1, 3, 1, 2, 1, 0
41487, 9, 7, 5, 2, 9, 0
44746, 4, 7, 0, 7, 0, 4
44753, 0, 2, 0, 2, 0, 0
45529, 0, 1, 1, 0, 0, 0
45530, 0, 5, 4, 1, 0, 0
45531, 0, 1, 1, 0, 0, 0
45532, 0, 1, 1, 0, 0, 0
45533, 1, 4, 2, 2, 1, 0
45534, 0, 2, 0, 2, 0, 0
45535, 0, 2, 0, 2, 0, 0
45536, 1, 3, 1, 2, 1, 0
45537, 0, 1, 0, 1, 0, 0
45538, 1, 2, 1, 1, 1, 0
45539, 0, 1, 0, 1, 0, 0
45540, 0, 6, 1, 5, 0, 0
45541, 0, 1, 0, 1, 0, 0
45542, 0, 4, 1, 3, 0, 0
45543, 0, 1, 0, 1, 0, 0
45544, 1, 2, 0, 2, 1, 0
45545, 0, 4, 0, 4, 0, 0
45546, 0, 1, 0, 1, 0, 0
45547, 0, 2, 1, 1, 0, 0
45548, 0, 7, 0, 7, 0, 0
45549, 1, 1, 1, 0, 1, 0
45550, 1, 2, 2, 0, 1, 0
45551, 4, 1, 1, 0, 3, 1
45552, 1, 1, 1, 0, 1, 0
45553, 6, 2, 2, 0, 6, 0
45554, 2, 1, 1, 0, 2, 0
14838, 0, 10, 7, 3, 0, 0
45006, 15, 2, 0, 2, 12, 3
9324, 1, 6, 6, 0, 1, 0
14316, 0, 2, 2, 0, 0, 0
14317, 0, 1, 1, 0, 0, 0
45555, 1, 1, 1, 0, 1, 0
45556, 0, 1, 1, 0, 0, 0
16964, 0, 9, 9, 0, 0, 0
23218, 0, 6, 5, 1, 0, 0
32699, 8, 3, 3, 0, 8, 0
34593, 0, 6, 4, 2, 0, 0
36631, 0, 1, 1, 0, 0, 0
36632, 0, 2, 2, 0, 0, 0
36633, 0, 3, 3, 0, 0, 0
36635, 2, 4, 2, 2, 2, 0
25204, 2, 2, 2, 0, 2, 0
25205, 46, 1, 1, 0, 30, 16
2726, 0, 16, 16, 0, 0, 0
28457, 6, 6, 3, 3, 1, 5
45557, 0, 1, 1, 0, 0, 0
45558, 0, 3, 3, 0, 0, 0
45559, 0, 1, 1, 0, 0, 0
19310, 0, 14, 9, 5, 0, 0
45560, 3, 6, 4, 2, 1, 2
45561, 0, 1, 1, 0, 0, 0
45562, 21, 2, 1, 1, 8, 13
45563, 3, 1, 1, 0, 3, 0
45564, 1, 1, 1, 0, 1, 0
45565, 0, 1, 1, 0, 0, 0
45566, 1, 1, 1, 0, 0, 1
19809, 0, 6, 6, 0, 0, 0
45567, 0, 1, 1, 0, 0, 0
22658, 1, 2, 2, 0, 1, 0
37043, 3, 4, 4, 0, 3, 0
18820, 51, 4, 4, 0, 49, 2
45568, 1, 1, 1, 0, 1, 0
45569, 5, 2, 2, 0, 5, 0
14140, 0, 8, 7, 1, 0, 0
14508, 201, 18, 17, 1, 160, 41
2982, 0, 7, 7, 0, 0, 0
14547, 58, 6, 5, 1, 58, 0
39232, 3, 2, 2, 0, 3, 0
39234, 0, 3, 3, 0, 0, 0
39235, 0, 1, 1, 0, 0, 0
39236, 0, 1, 1, 0, 0, 0
39237, 0, 2, 2, 0, 0, 0
39238, 2, 2, 2, 0, 2, 0
39239, 0, 1, 1, 0, 0, 0
39240, 3, 7, 7, 0, 3, 0
39241, 0, 1, 1, 0, 0, 0
12262, 0, 1, 0, 1, 0, 0
10612, 49, 12, 11, 1, 36, 13
10613, 2, 6, 4, 2, 2, 0
10614, 0, 1, 1, 0, 0, 0
24013, 1, 9, 9, 0, 1, 0
27047, 11, 6, 6, 0, 7, 4
27048, 0, 2, 2, 0, 0, 0
27049, 0, 1, 1, 0, 0, 0
27052, 0, 1, 1, 0, 0, 0
27053, 1, 1, 1, 0, 1, 0
27054, 5, 6, 6, 0, 5, 0
27055, 0, 1, 1, 0, 0, 0
6594, 0, 9, 7, 2, 0, 0
16965, 0, 2, 2, 0, 0, 0
18247, 0, 11, 10, 1, 0, 0
18804, 0, 7, 7, 0, 0, 0
18805, 0, 3, 3, 0, 0, 0
18806, 1, 2, 2, 0, 1, 0
18807, 7, 8, 8, 0, 5, 2
18808, 0, 1, 1, 0, 0, 0
18809, 0, 1, 1, 0, 0, 0
18810, 0, 3, 3, 0, 0, 0
18811, 5, 2, 2, 0, 4, 1
18813, 0, 9, 8, 1, 0, 0
18814, 0, 2, 2, 0, 0, 0
18815, 0, 1, 0, 1, 0, 0
9150, 2, 13, 8, 5, 2, 0
17904, 5, 4, 3, 1, 5, 0
38921, 2, 1, 1, 0, 2, 0
38922, 6, 2, 2, 0, 6, 0
38923, 0, 1, 1, 0, 0, 0
38924, 0, 1, 1, 0, 0, 0
38925, 0, 1, 1, 0, 0, 0
38926, 0, 1, 1, 0, 0, 0
38927, 0, 1, 1, 0, 0, 0
38928, 0, 2, 1, 1, 0, 0
38930, 1, 3, 3, 0, 1, 0
38931, 0, 2, 2, 0, 0, 0
38932, 1, 1, 1, 0, 1, 0
9007, 1, 4, 4, 0, 1, 0
13108, 0, 3, 3, 0, 0, 0
13200, 10, 4, 2, 2, 10, 0
18457, 17, 3, 3, 0, 17, 0
19542, 19, 12, 7, 5, 17, 2
20497, 1, 6, 5, 1, 1, 0
23569, 11, 6, 4, 2, 11, 0
24048, 0, 5, 4, 1, 0, 0
31410, 37, 5, 4, 1, 21, 16
31471, 57, 4, 4, 0, 57, 0
41412, 14, 8, 8, 0, 14, 0
41413, 1, 4, 4, 0, 1, 0
41414, 0, 1, 1, 0, 0, 0
41415, 0, 1, 1, 0, 0, 0
41416, 3, 4, 3, 1, 3, 0
41417, 0, 3, 3, 0, 0, 0
41418, 1, 1, 1, 0, 1, 0
41419, 2, 3, 3, 0, 2, 0
41420, 0, 1, 1, 0, 0, 0
41421, 8, 4, 4, 0, 8, 0
41422, 0, 3, 3, 0, 0, 0
41423, 0, 1, 1, 0, 0, 0
41424, 0, 4, 4, 0, 0, 0
41425, 4, 1, 1, 0, 4, 0
41426, 11, 2, 2, 0, 11, 0
41427, 0, 1, 1, 0, 0, 0
7669, 1, 1, 1, 0, 1, 0
7672, 0, 2, 2, 0, 0, 0
7674, 4, 1, 1, 0, 4, 0
7678, 0, 3, 3, 0, 0, 0
7679, 0, 1, 1, 0, 0, 0
7682, 0, 1, 1, 0, 0, 0
7684, 1, 8, 7, 1, 0, 1
7685, 4, 10, 10, 0, 4, 0
7688, 1, 1, 1, 0, 1, 0
7691, 8, 2, 2, 0, 8, 0
7696, 0, 2, 2, 0, 0, 0
7701, 2, 2, 1, 1, 2, 0
7702, 9, 2, 2, 0, 8, 1
7707, 4, 1, 1, 0, 2, 2
7710, 1, 2, 1, 1, 1, 0
7712, 6, 2, 2, 0, 3, 3
7714, 2, 1, 1, 0, 2, 0
7715, 0, 2, 1, 1, 0, 0
7716, 0, 8, 5, 3, 0, 0
7718, 1, 1, 1, 0, 1, 0
7719, 0, 1, 1, 0, 0, 0
7728, 0, 1, 1, 0, 0, 0
7730, 1, 2, 2, 0, 1, 0
7734, 0, 2, 1, 1, 0, 0
7738, 0, 1, 1, 0, 0, 0
7739, 0, 15, 15, 0, 0, 0
7740, 13, 13, 10, 3, 13, 0
7746, 1, 1, 1, 0, 1, 0
13717, 2, 2, 2, 0, 2, 0
19333, 0, 22, 18, 4, 0, 0
24261, 0, 6, 6, 0, 0, 0
24349, 0, 4, 3, 1, 0, 0
29306, 0, 6, 2, 4, 0, 0
34323, 0, 4, 0, 4, 0, 0
45570, 0, 1, 1, 0, 0, 0
45571, 0, 6, 6, 0, 0, 0
45572, 0, 1, 1, 0, 0, 0
45573, 1, 1, 1, 0, 1, 0
5902, 0, 17, 17, 0, 0, 0
13747, 7, 9, 6, 3, 6, 1
18447, 12, 3, 3, 0, 10, 2
20995, 7, 2, 2, 0, 7, 0
26262, 3, 3, 3, 0, 3, 0
27593, 8, 2, 2, 0, 5, 3
32603, 5, 4, 4, 0, 5, 0
33319, 7, 1, 1, 0, 6, 1
34585, 20, 8, 7, 1, 18, 2
35936, 20, 2, 2, 0, 15, 5
35941, 15, 1, 1, 0, 13, 2
37851, 0, 3, 3, 0, 0, 0
44161, 3, 1, 1, 0, 3, 0
45574, 0, 1, 1, 0, 0, 0
45575, 1, 2, 2, 0, 1, 0
45576, 2, 1, 1, 0, 2, 0
45577, 0, 1, 1, 0, 0, 0
45578, 0, 1, 1, 0, 0, 0
45579, 1, 2, 2, 0, 1, 0
45580, 5, 1, 1, 0, 5, 0
45581, 0, 2, 2, 0, 0, 0
45582, 0, 1, 1, 0, 0, 0
45583, 0, 2, 2, 0, 0, 0
45584, 2, 1, 1, 0, 2, 0
45585, 2, 1, 1, 0, 2, 0
45586, 0, 1, 1, 0, 0, 0
45587, 8, 3, 3, 0, 8, 0
45588, 3, 2, 2, 0, 3, 0
45589, 2, 2, 2, 0, 2, 0
12355, 0, 5, 5, 0, 0, 0
19112, 4, 7, 6, 1, 4, 0
20407, 4, 4, 4, 0, 4, 0
20408, 9, 5, 5, 0, 9, 0
39248, 2, 1, 1, 0, 2, 0
39249, 3, 7, 6, 1, 1, 2
39250, 0, 4, 4, 0, 0, 0
39251, 0, 2, 2, 0, 0, 0
39252, 0, 1, 1, 0, 0, 0
39253, 2, 2, 2, 0, 2, 0
39254, 2, 2, 2, 0, 2, 0
39255, 1, 2, 2, 0, 1, 0
39256, 0, 1, 1, 0, 0, 0
39257, 0, 2, 2, 0, 0, 0
5667, 0, 4, 3, 1, 0, 0
45590, 0, 2, 0, 2, 0, 0
14502, 2, 15, 6, 9, 2, 0
15498, 8, 8, 8, 0, 8, 0
22465, 1, 2, 2, 0, 1, 0
22497, 1, 2, 2, 0, 1, 0
26688, 13, 8, 6, 2, 10, 3
33289, 2, 4, 4, 0, 2, 0
45591, 18, 1, 1, 0, 17, 1
45592, 8, 4, 4, 0, 8, 0
45593, 14, 4, 4, 0, 14, 0
45594, 1, 1, 1, 0, 1, 0
45595, 0, 1, 1, 0, 0, 0
45596, 1, 1, 1, 0, 1, 0
45597, 3, 2, 2, 0, 3, 0
45598, 1, 1, 1, 0, 1, 0
15977, 0, 10, 10, 0, 0, 0
16815, 8, 2, 2, 0, 6, 2
25896, 4, 8, 8, 0, 2, 2
25897, 0, 1, 1, 0, 0, 0
25898, 0, 2, 2, 0, 0, 0
25899, 0, 2, 2, 0, 0, 0
25900, 4, 10, 10, 0, 0, 4
25901, 0, 2, 1, 1, 0, 0
25902, 4, 1, 1, 0, 4, 0
45599, 0, 1, 1, 0, 0, 0
45600, 6, 3, 3, 0, 6, 0
45601, 1, 3, 3, 0, 1, 0
45602, 32, 2, 2, 0, 29, 3
45603, 3, 2, 2, 0, 3, 0
45604, 4, 2, 2, 0, 4, 0
45605, 1, 3, 3, 0, 1, 0
45606, 0, 3, 1, 2, 0, 0
6431, 5, 7, 6, 1, 5, 0
27207, 0, 4, 3, 1, 0, 0
45607, 3, 1, 1, 0, 3, 0
45608, 0, 1, 1, 0, 0, 0
45609, 7, 6, 5, 1, 7, 0
4791, 3, 7, 7, 0, 3, 0
46436, 0, 1, 1, 0, 0, 0
46437, 3, 1, 1, 0, 3, 0
46438, 0, 1, 0, 1, 0, 0
5423, 20, 14, 14, 0, 20, 0
23663, 0, 3, 3, 0, 0, 0
23664, 0, 12, 10, 2, 0, 0
23665, 0, 5, 5, 0, 0, 0
23666, 2, 3, 3, 0, 2, 0
23667, 3, 4, 3, 1, 2, 1
45610, 0, 3, 3, 0, 0, 0
16645, 2, 6, 5, 1, 2, 0
19002, 0, 6, 6, 0, 0, 0
46481, 0, 1, 1, 0, 0, 0
46482, 0, 1, 1, 0, 0, 0
6326, 0, 26, 23, 3, 0, 0
6404, 3, 2, 2, 0, 2, 1
9298, 0, 12, 7, 5, 0, 0
11748, 0, 8, 3, 5, 0, 0
13077, 0, 7, 7, 0, 0, 0
15005, 1, 10, 8, 2, 1, 0
15097, 0, 6, 5, 1, 0, 0
17783, 0, 7, 6, 1, 0, 0
19669, 0, 6, 3, 3, 0, 0
29483, 0, 13, 12, 1, 0, 0
30197, 49, 13, 11, 2, 41, 8
46483, 0, 1, 1, 0, 0, 0
46484, 1, 1, 1, 0, 1, 0
46485, 0, 2, 1, 1, 0, 0
46486, 0, 1, 1, 0, 0, 0
46487, 0, 1, 0, 1, 0, 0
6794, 1, 1, 1, 0, 1, 0
6798, 0, 3, 1, 2, 0, 0
6800, 0, 4, 2, 2, 0, 0
6812, 2, 1, 1, 0, 2, 0
6820, 1, 5, 3, 2, 0, 1
36981, 10, 5, 4, 1, 4, 6
44296, 0, 2, 2, 0, 0, 0
10521, 2, 5, 4, 1, 1, 1
11986, 7, 3, 3, 0, 7, 0
46488, 0, 1, 1, 0, 0, 0
46489, 0, 1, 0, 1, 0, 0
3053, 0, 12, 1, 11, 0, 0
29473, 13, 9, 4, 5, 9, 4
31259, 5, 3, 1, 2, 5, 0
31261, 0, 3, 1, 2, 0, 0
34740, 0, 2, 1, 1, 0, 0
46439, 3, 4, 4, 0, 3, 0
46440, 3, 4, 4, 0, 3, 0
46441, 0, 1, 1, 0, 0, 0
46442, 3, 3, 3, 0, 3, 0
46443, 0, 1, 0, 1, 0, 0
46444, 0, 1, 0, 1, 0, 0
15161, 0, 7, 7, 0, 0, 0
34005, 0, 22, 22, 0, 0, 0
46490, 0, 2, 2, 0, 0, 0
14493, 0, 4, 4, 0, 0, 0
2902, 1, 6, 6, 0, 0, 1
2903, 0, 1, 1, 0, 0, 0
2907, 32, 7, 6, 1, 30, 2
2909, 4, 3, 2, 1, 3, 1
2911, 8, 1, 1, 0, 6, 2
2913, 15, 10, 7, 3, 14, 1
2925, 0, 1, 1, 0, 0, 0
2926, 0, 1, 1, 0, 0, 0
6707, 0, 5, 3, 2, 0, 0
46491, 0, 2, 2, 0, 0, 0
46492, 0, 4, 4, 0, 0, 0
46493, 3, 2, 2, 0, 3, 0
11624, 0, 16, 16, 0, 0, 0
46494, 1, 2, 2, 0, 1, 0
15193, 17, 12, 3, 9, 6, 11
46495, 0, 2, 2, 0, 0, 0
46496, 2, 4, 3, 1, 1, 1
46497, 0, 4, 2, 2, 0, 0
46498, 10, 3, 3, 0, 10, 0
46499, 0, 1, 1, 0, 0, 0
2831, 2, 5, 4, 1, 2, 0
10496, 7, 16, 12, 4, 6, 1
11530, 2, 3, 1, 2, 2, 0
13349, 9, 15, 12, 3, 4, 5
13616, 7, 18, 13, 5, 6, 1
14454, 2, 6, 2, 4, 2, 0
14834, 0, 5, 4, 1, 0, 0
16803, 12, 8, 6, 2, 12, 0
18842, 0, 6, 6, 0, 0, 0
20356, 3, 7, 2, 5, 2, 1
22139, 9, 15, 10, 5, 5, 4
25435, 14, 1, 0, 1, 14, 0
32551, 2, 6, 4, 2, 2, 0
33574, 0, 3, 2, 1, 0, 0
35775, 0, 5, 3, 2, 0, 0
36651, 2, 4, 4, 0, 2, 0
37489, 0, 3, 2, 1, 0, 0
37961, 0, 5, 3, 2, 0, 0
41584, 0, 3, 2, 1, 0, 0
44264, 1, 2, 1, 1, 0, 1
46500, 0, 2, 1, 1, 0, 0
46501, 0, 2, 1, 1, 0, 0
46502, 0, 2, 2, 0, 0, 0
46503, 0, 2, 2, 0, 0, 0
46504, 5, 1, 1, 0, 4, 1
46505, 12, 1, 1, 0, 9, 3
46506, 0, 2, 1, 1, 0, 0
46507, 0, 1, 0, 1, 0, 0
46508, 0, 2, 1, 1, 0, 0
46509, 0, 1, 0, 1, 0, 0
46510, 1, 3, 2, 1, 1, 0
46511, 0, 1, 0, 1, 0, 0
46512, 0, 3, 2, 1, 0, 0
46513, 0, 1, 0, 1, 0, 0
46514, 1, 1, 0, 1, 1, 0
46515, 0, 1, 0, 1, 0, 0
46516, 2, 2, 1, 1, 2, 0
46517, 0, 1, 0, 1, 0, 0
46518, 7, 1, 0, 1, 7, 0
46519, 2, 6, 5, 1, 2, 0
46520, 0, 3, 2, 1, 0, 0
46521, 1, 1, 0, 1, 1, 0
31583, 1, 2, 1, 1, 1, 0
40534, 14, 6, 5, 1, 14, 0
45676, 0, 2, 2, 0, 0, 0
45677, 4, 1, 1, 0, 3, 1
45678, 0, 1, 0, 1, 0, 0
45679, 0, 1, 0, 1, 0, 0
45680, 1, 1, 0, 1, 1, 0
45681, 0, 1, 0, 1, 0, 0
46522, 0, 3, 2, 1, 0, 0
14814, 0, 4, 4, 0, 0, 0
16741, 0, 2, 2, 0, 0, 0
36723, 0, 2, 2, 0, 0, 0
7779, 24, 7, 4, 3, 24, 0
45837, 0, 4, 4, 0, 0, 0
46523, 1, 1, 1, 0, 1, 0
46524, 0, 1, 1, 0, 0, 0
34311, 15, 2, 1, 1, 14, 1
36919, 0, 2, 1, 1, 0, 0
46525, 3, 1, 0, 1, 0, 3
5592, 3, 8, 7, 1, 3, 0
11846, 0, 5, 4, 1, 0, 0
14580, 0, 10, 10, 0, 0, 0
21275, 4, 1, 1, 0, 4, 0
21276, 0, 2, 2, 0, 0, 0
21277, 0, 1, 1, 0, 0, 0
21278, 5, 11, 10, 1, 5, 0
21279, 0, 2, 2, 0, 0, 0
21280, 2, 2, 2, 0, 2, 0
26994, 3, 5, 5, 0, 3, 0
36483, 0, 5, 5, 0, 0, 0
36485, 4, 3, 3, 0, 4, 0
36486, 0, 1, 1, 0, 0, 0
36487, 14, 7, 6, 1, 12, 2
36488, 8, 1, 1, 0, 0, 8
36490, 0, 2, 2, 0, 0, 0
36491, 0, 6, 5, 1, 0, 0
12272, 0, 12, 12, 0, 0, 0
37968, 6, 2, 2, 0, 6, 0
46526, 0, 1, 1, 0, 0, 0
24289, 0, 9, 9, 0, 0, 0
46527, 0, 1, 1, 0, 0, 0
46528, 2, 2, 2, 0, 2, 0
46529, 0, 1, 0, 1, 0, 0
46530, 0, 2, 0, 2, 0, 0
3363, 2, 6, 3, 3, 1, 1
23467, 0, 6, 1, 5, 0, 0
45138, 0, 4, 4, 0, 0, 0
45713, 4, 2, 2, 0, 4, 0
39197, 24, 6, 6, 0, 22, 2
46531, 0, 1, 1, 0, 0, 0
14106, 0, 9, 6, 3, 0, 0
46532, 0, 2, 1, 1, 0, 0
46533, 0, 1, 0, 1, 0, 0
22842, 0, 16, 16, 0, 0, 0
25379, 0, 4, 4, 0, 0, 0
29818, 0, 11, 11, 0, 0, 0
45716, 0, 2, 2, 0, 0, 0
46534, 1, 3, 3, 0, 1, 0
5606, 0, 21, 21, 0, 0, 0
17352, 0, 14, 14, 0, 0, 0
24521, 0, 4, 4, 0, 0, 0
20059, 0, 7, 5, 2, 0, 0
41066, 0, 3, 3, 0, 0, 0
46535, 0, 1, 1, 0, 0, 0
22533, 0, 8, 8, 0, 0, 0
46536, 0, 1, 1, 0, 0, 0
4646, 25, 7, 5, 2, 24, 1
9167, 22, 6, 5, 1, 20, 2
11483, 18, 5, 5, 0, 11, 7
13336, 19, 1, 1, 0, 19, 0
21175, 8, 3, 2, 1, 8, 0
24559, 3, 3, 3, 0, 3, 0
27019, 2, 4, 3, 1, 2, 0
35959, 3, 2, 1, 1, 3, 0
44130, 11, 1, 1, 0, 11, 0
44131, 8, 1, 1, 0, 5, 3
44132, 48, 1, 1, 0, 48, 0
44133, 1, 1, 1, 0, 1, 0
44134, 1, 1, 1, 0, 1, 0
22312, 0, 6, 4, 2, 0, 0
46537, 0, 2, 2, 0, 0, 0
28920, 2, 5, 4, 1, 1, 1
39588, 3, 9, 9, 0, 3, 0
45933, 0, 2, 1, 1, 0, 0
46538, 0, 1, 1, 0, 0, 0
46539, 1, 2, 1, 1, 1, 0
9092, 0, 6, 6, 0, 0, 0
15576, 0, 7, 5, 2, 0, 0
46540, 0, 6, 6, 0, 0, 0
46541, 0, 1, 1, 0, 0, 0
46542, 2, 4, 4, 0, 2, 0
41130, 0, 4, 4, 0, 0, 0
45938, 8, 2, 2, 0, 0, 8
46543, 0, 1, 1, 0, 0, 0
12982, 9, 1, 1, 0, 8, 1
27393, 65, 3, 3, 0, 59, 6
36055, 10, 4, 4, 0, 10, 0
43865, 9, 2, 1, 1, 8, 1
46544, 1, 1, 1, 0, 1, 0
46545, 14, 1, 1, 0, 13, 1
46546, 0, 3, 3, 0, 0, 0
46547, 0, 4, 4, 0, 0, 0
46548, 4, 2, 1, 1, 4, 0
46549, 5, 6, 6, 0, 5, 0
2716, 1, 9, 5, 4, 1, 0
2725, 2, 4, 4, 0, 1, 1
2728, 0, 2, 2, 0, 0, 0
2729, 1, 17, 17, 0, 1, 0
2734, 0, 2, 2, 0, 0, 0
2735, 8, 15, 13, 2, 6, 2
2737, 0, 4, 4, 0, 0, 0
2738, 17, 20, 19, 1, 17, 0
2741, 0, 8, 4, 4, 0, 0
2744, 0, 2, 2, 0, 0, 0
2745, 0, 10, 5, 5, 0, 0
2754, 6, 6, 6, 0, 3, 3
2765, 5, 1, 1, 0, 3, 2
2766, 3, 14, 7, 7, 2, 1
2768, 5, 13, 8, 5, 5, 0
2772, 1, 5, 5, 0, 1, 0
2773, 3, 6, 6, 0, 3, 0
2778, 2, 2, 2, 0, 2, 0
2779, 1, 3, 3, 0, 1, 0
2781, 0, 2, 2, 0, 0, 0
2783, 0, 1, 1, 0, 0, 0
2787, 2, 2, 2, 0, 2, 0
2789, 0, 9, 8, 1, 0, 0
2793, 17, 28, 21, 7, 14, 3
2794, 0, 1, 1, 0, 0, 0
2795, 18, 10, 10, 0, 18, 0
2801, 2, 2, 2, 0, 2, 0
2802, 0, 14, 7, 7, 0, 0
2807, 0, 2, 2, 0, 0, 0
2809, 0, 1, 1, 0, 0, 0
2822, 16, 7, 7, 0, 14, 2
2823, 5, 13, 8, 5, 5, 0
2827, 1, 8, 5, 3, 1, 0
2828, 18, 8, 7, 1, 18, 0
2833, 0, 1, 1, 0, 0, 0
2836, 0, 2, 2, 0, 0, 0
2841, 0, 3, 3, 0, 0, 0
2842, 0, 1, 1, 0, 0, 0
2843, 7, 3, 3, 0, 7, 0
2844, 0, 4, 3, 1, 0, 0
2845, 2, 6, 6, 0, 0, 2
2847, 0, 2, 2, 0, 0, 0
2848, 2, 5, 5, 0, 2, 0
2850, 0, 1, 1, 0, 0, 0
2854, 3, 16, 12, 4, 3, 0
2855, 9, 4, 4, 0, 9, 0
2856, 0, 1, 1, 0, 0, 0
2857, 0, 1, 1, 0, 0, 0
2860, 0, 2, 2, 0, 0, 0
2862, 2, 8, 8, 0, 1, 1
2863, 4, 5, 5, 0, 4, 0
2868, 0, 12, 11, 1, 0, 0
2873, 0, 3, 3, 0, 0, 0
2875, 0, 1, 1, 0, 0, 0
2877, 7, 5, 5, 0, 7, 0
2884, 5, 18, 17, 1, 4, 1
4804, 10, 5, 5, 0, 10, 0
7251, 15, 6, 5, 1, 15, 0
10624, 24, 6, 4, 2, 22, 2
13774, 3, 11, 5, 6, 3, 0
14031, 23, 9, 8, 1, 22, 1
14809, 28, 8, 4, 4, 7, 21
24003, 20, 2, 2, 0, 18, 2
26050, 43, 4, 4, 0, 43, 0
29773, 7, 3, 0, 3, 7, 0
31390, 8, 4, 4, 0, 8, 0
39035, 1, 3, 1, 2, 1, 0
39036, 70, 4, 4, 0, 59, 11
39038, 1, 1, 1, 0, 0, 1
39039, 57, 4, 4, 0, 42, 15
21777, 0, 8, 2, 6, 0, 0
46550, 0, 1, 1, 0, 0, 0
46551, 0, 1, 1, 0, 0, 0
46552, 0, 1, 1, 0, 0, 0
14513, 28, 2, 1, 1, 28, 0
19687, 81, 4, 4, 0, 80, 1
46553, 0, 1, 1, 0, 0, 0
46554, 0, 3, 3, 0, 0, 0
31297, 0, 5, 2, 3, 0, 0
4981, 1, 7, 6, 1, 1, 0
30203, 0, 6, 6, 0, 0, 0
46555, 0, 2, 2, 0, 0, 0
46556, 1, 1, 1, 0, 0, 1
46557, 0, 1, 1, 0, 0, 0
46558, 28, 5, 3, 2, 25, 3
46559, 1, 1, 1, 0, 1, 0
46560, 1, 2, 1, 1, 0, 1
6922, 0, 6, 6, 0, 0, 0
46561, 0, 1, 1, 0, 0, 0
46562, 0, 1, 1, 0, 0, 0
23579, 0, 9, 9, 0, 0, 0
46563, 0, 1, 1, 0, 0, 0
9338, 0, 3, 1, 2, 0, 0
44209, 0, 3, 3, 0, 0, 0
46564, 0, 1, 1, 0, 0, 0
46565, 1, 2, 0, 2, 1, 0
7511, 0, 18, 18, 0, 0, 0
27149, 0, 10, 10, 0, 0, 0
46566, 0, 6, 6, 0, 0, 0
46567, 19, 8, 8, 0, 19, 0
19960, 2, 3, 3, 0, 1, 1
10275, 0, 7, 2, 5, 0, 0
15493, 2, 6, 4, 2, 1, 1
16348, 17, 3, 2, 1, 17, 0
16349, 3, 4, 3, 1, 3, 0
16350, 0, 1, 1, 0, 0, 0
16351, 0, 7, 6, 1, 0, 0
6663, 20, 20, 17, 3, 19, 1
46568, 11, 4, 3, 1, 9, 2
46569, 0, 1, 1, 0, 0, 0
46570, 0, 1, 1, 0, 0, 0
46571, 0, 4, 2, 2, 0, 0
46572, 0, 2, 2, 0, 0, 0
46573, 0, 1, 1, 0, 0, 0
46574, 0, 1, 0, 1, 0, 0
15266, 1, 12, 11, 1, 1, 0
17385, 1, 14, 14, 0, 1, 0
17887, 0, 2, 2, 0, 0, 0
19852, 50, 7, 6, 1, 49, 1
36598, 7, 6, 5, 1, 7, 0
40251, 14, 8, 7, 1, 9, 5
41548, 15, 3, 3, 0, 7, 8
41549, 4, 3, 3, 0, 4, 0
41550, 0, 3, 3, 0, 0, 0
41551, 7, 1, 1, 0, 6, 1
41552, 5, 4, 4, 0, 5, 0
41553, 0, 1, 1, 0, 0, 0
46575, 0, 2, 2, 0, 0, 0
46576, 0, 2, 2, 0, 0, 0
46577, 0, 1, 1, 0, 0, 0
46578, 0, 5, 5, 0, 0, 0
46579, 0, 1, 1, 0, 0, 0
46580, 1, 3, 1, 2, 1, 0
46581, 0, 2, 2, 0, 0, 0
46582, 1, 1, 1, 0, 1, 0
46583, 0, 1, 1, 0, 0, 0
46584, 2, 4, 4, 0, 2, 0
5080, 7, 17, 13, 4, 7, 0
13814, 0, 6, 5, 1, 0, 0
16257, 0, 3, 3, 0, 0, 0
29851, 6, 4, 4, 0, 6, 0
46585, 0, 2, 1, 1, 0, 0
46586, 0, 2, 1, 1, 0, 0
46587, 2, 1, 1, 0, 1, 1
14982, 2, 7, 5, 2, 2, 0
46588, 0, 2, 2, 0, 0, 0
14770, 0, 4, 4, 0, 0, 0
46589, 0, 1, 1, 0, 0, 0
46590, 0, 1, 1, 0, 0, 0
16210, 9, 5, 5, 0, 9, 0
16212, 0, 2, 2, 0, 0, 0
45841, 15, 8, 3, 5, 6, 9
46395, 0, 8, 8, 0, 0, 0
46591, 0, 3, 3, 0, 0, 0
3105, 28, 14, 13, 1, 28, 0
3493, 11, 2, 1, 1, 5, 6
32598, 2, 2, 1, 1, 2, 0
46592, 0, 3, 3, 0, 0, 0
23196, 4, 2, 2, 0, 3, 1
3084, 0, 6, 4, 2, 0, 0
46593, 1, 2, 2, 0, 1, 0
46594, 34, 3, 1, 2, 16, 18
46595, 3, 6, 5, 1, 3, 0
34692, 14, 2, 1, 1, 12, 2
46596, 0, 1, 1, 0, 0, 0
10236, 3, 25, 11, 14, 3, 0
46597, 0, 1, 1, 0, 0, 0
46598, 0, 5, 4, 1, 0, 0
46599, 0, 1, 1, 0, 0, 0
46600, 0, 4, 4, 0, 0, 0
6099, 0, 2, 2, 0, 0, 0
9871, 12, 11, 6, 5, 12, 0
18506, 0, 8, 6, 2, 0, 0
22628, 0, 4, 3, 1, 0, 0
22779, 3, 10, 10, 0, 1, 2
22975, 7, 11, 7, 4, 3, 4
36351, 0, 4, 4, 0, 0, 0
37100, 4, 1, 1, 0, 4, 0
37101, 1, 2, 1, 1, 1, 0
37102, 0, 1, 1, 0, 0, 0
37105, 8, 2, 2, 0, 7, 1
37106, 0, 4, 4, 0, 0, 0
37107, 0, 21, 17, 4, 0, 0
37108, 0, 1, 0, 1, 0, 0
42073, 8, 2, 1, 1, 8, 0
46601, 8, 5, 5, 0, 8, 0
46602, 0, 4, 4, 0, 0, 0
46603, 3, 4, 4, 0, 3, 0
46604, 0, 1, 0, 1, 0, 0
17824, 0, 3, 1, 2, 0, 0
19639, 22, 8, 2, 6, 17, 5
46605, 0, 2, 0, 2, 0, 0
46606, 3, 3, 1, 2, 2, 1
46607, 3, 5, 0, 5, 3, 0
46608, 2, 3, 2, 1, 2, 0
46609, 0, 1, 0, 1, 0, 0
46610, 0, 1, 0, 1, 0, 0
33523, 0, 3, 3, 0, 0, 0
46611, 0, 1, 1, 0, 0, 0
46612, 2, 2, 2, 0, 2, 0
12345, 1, 21, 18, 3, 1, 0
12347, 3, 3, 3, 0, 3, 0
12349, 10, 7, 6, 1, 9, 1
12350, 0, 8, 7, 1, 0, 0
12352, 0, 6, 4, 2, 0, 0
4462, 23, 15, 7, 8, 0, 23
5097, 2, 18, 15, 3, 2, 0
11660, 0, 11, 11, 0, 0, 0
17921, 0, 7, 3, 4, 0, 0
24887, 2, 3, 3, 0, 2, 0
33232, 0, 3, 3, 0, 0, 0
37038, 0, 2, 2, 0, 0, 0
41009, 0, 3, 3, 0, 0, 0
42508, 0, 3, 3, 0, 0, 0
42914, 15, 2, 2, 0, 15, 0
15393, 8, 26, 26, 0, 7, 1
19956, 0, 2, 2, 0, 0, 0
37678, 0, 5, 5, 0, 0, 0
43856, 25, 4, 4, 0, 25, 0
46613, 0, 1, 1, 0, 0, 0
46614, 0, 2, 1, 1, 0, 0
46615, 1, 2, 1, 1, 0, 1
46616, 3, 1, 1, 0, 3, 0
46617, 1, 1, 1, 0, 1, 0
46618, 0, 1, 1, 0, 0, 0
2971, 0, 5, 5, 0, 0, 0
4065, 3, 3, 3, 0, 2, 1
4277, 0, 18, 18, 0, 0, 0
5658, 8, 8, 7, 1, 8, 0
6460, 0, 15, 14, 1, 0, 0
7166, 0, 2, 2, 0, 0, 0
8591, 12, 24, 17, 7, 7, 5
9105, 0, 9, 9, 0, 0, 0
11137, 0, 37, 25, 12, 0, 0
13433, 6, 2, 2, 0, 3, 3
13695, 29, 21, 14, 7, 17, 12
16646, 3, 9, 9, 0, 2, 1
17668, 5, 3, 3, 0, 5, 0
21178, 0, 7, 5, 2, 0, 0
21263, 0, 2, 2, 0, 0, 0
21304, 1, 8, 7, 1, 1, 0
22900, 36, 14, 8, 6, 19, 17
23161, 2, 7, 7, 0, 2, 0
23474, 1, 2, 1, 1, 0, 1
23766, 30, 20, 12, 8, 16, 14
24053, 12, 5, 4, 1, 11, 1
25944, 1, 14, 6, 8, 0, 1
28418, 1, 10, 8, 2, 1, 0
29660, 0, 4, 4, 0, 0, 0
29800, 0, 3, 3, 0, 0, 0
30412, 0, 2, 2, 0, 0, 0
30433, 1, 4, 3, 1, 1, 0
30863, 0, 6, 6, 0, 0, 0
30978, 0, 3, 2, 1, 0, 0
31027, 0, 5, 5, 0, 0, 0
33425, 9, 7, 7, 0, 9, 0
34948, 0, 3, 1, 2, 0, 0
35162, 0, 9, 8, 1, 0, 0
37068, 0, 2, 2, 0, 0, 0
38979, 2, 4, 4, 0, 2, 0
39133, 0, 5, 3, 2, 0, 0
39134, 0, 1, 1, 0, 0, 0
39135, 4, 2, 2, 0, 4, 0
39136, 4, 1, 1, 0, 4, 0
39137, 0, 4, 4, 0, 0, 0
39138, 0, 1, 1, 0, 0, 0
39139, 0, 1, 1, 0, 0, 0
39140, 0, 1, 1, 0, 0, 0
39141, 0, 3, 1, 2, 0, 0
39144, 0, 1, 1, 0, 0, 0
39145, 0, 1, 1, 0, 0, 0
39146, 9, 3, 3, 0, 9, 0
39147, 0, 3, 2, 1, 0, 0
39149, 0, 1, 1, 0, 0, 0
39150, 0, 3, 2, 1, 0, 0
39151, 202, 8, 8, 0, 133, 69
39152, 2, 1, 1, 0, 2, 0
39153, 0, 1, 1, 0, 0, 0
39154, 0, 3, 1, 2, 0, 0
39155, 2, 1, 1, 0, 2, 0
39156, 0, 3, 3, 0, 0, 0
39157, 0, 3, 3, 0, 0, 0
39158, 1, 2, 2, 0, 1, 0
39159, 0, 3, 2, 1, 0, 0
39161, 2, 3, 2, 1, 2, 0
39162, 0, 2, 0, 2, 0, 0
5684, 11, 2, 2, 0, 10, 1
12781, 0, 5, 3, 2, 0, 0
16141, 0, 4, 4, 0, 0, 0
17476, 1, 24, 14, 10, 1, 0
18415, 5, 6, 4, 2, 4, 1
19120, 0, 11, 8, 3, 0, 0
21094, 1, 4, 2, 2, 1, 0
22571, 8, 10, 3, 7, 8, 0
22824, 2, 3, 3, 0, 1, 1
22983, 2, 6, 4, 2, 1, 1
23580, 17, 17, 9, 8, 6, 11
24657, 29, 5, 2, 3, 17, 12
28317, 0, 4, 2, 2, 0, 0
30148, 3, 3, 2, 1, 3, 0
32677, 0, 4, 2, 2, 0, 0
33932, 45, 5, 4, 1, 43, 2
38657, 6, 10, 4, 6, 2, 4
44548, 9, 5, 1, 4, 6, 3
46619, 0, 2, 2, 0, 0, 0
46620, 1, 2, 2, 0, 1, 0
46621, 0, 2, 2, 0, 0, 0
46622, 0, 2, 2, 0, 0, 0
46623, 0, 1, 1, 0, 0, 0
46624, 2, 3, 3, 0, 1, 1
46625, 0, 1, 1, 0, 0, 0
46626, 0, 1, 1, 0, 0, 0
46627, 0, 7, 6, 1, 0, 0
46628, 0, 1, 1, 0, 0, 0
46629, 1, 1, 1, 0, 1, 0
46630, 0, 2, 2, 0, 0, 0
46631, 0, 1, 1, 0, 0, 0
46632, 0, 2, 2, 0, 0, 0
46633, 2, 1, 1, 0, 0, 2
46634, 0, 2, 2, 0, 0, 0
46635, 0, 1, 0, 1, 0, 0
46636, 7, 3, 2, 1, 6, 1
46637, 0, 2, 0, 2, 0, 0
3019, 23, 18, 10, 8, 13, 10
3365, 14, 4, 2, 2, 8, 6
4814, 0, 11, 4, 7, 0, 0
6627, 9, 3, 2, 1, 8, 1
11620, 0, 20, 20, 0, 0, 0
15381, 5, 5, 3, 2, 5, 0
15465, 3, 14, 12, 2, 3, 0
19855, 11, 6, 4, 2, 8, 3
21703, 9, 5, 2, 3, 6, 3
22302, 1, 3, 0, 3, 1, 0
25466, 0, 10, 5, 5, 0, 0
26048, 9, 5, 4, 1, 8, 1
28537, 0, 4, 4, 0, 0, 0
30189, 17, 14, 4, 10, 7, 10
37229, 1, 4, 3, 1, 1, 0
37727, 0, 2, 2, 0, 0, 0
38598, 0, 4, 3, 1, 0, 0
39220, 0, 3, 1, 2, 0, 0
41528, 0, 2, 0, 2, 0, 0
46638, 0, 3, 3, 0, 0, 0
46639, 0, 1, 1, 0, 0, 0
46640, 0, 1, 1, 0, 0, 0
46641, 0, 1, 1, 0, 0, 0
46642, 0, 1, 1, 0, 0, 0
46643, 0, 1, 0, 1, 0, 0
46644, 0, 1, 0, 1, 0, 0
46645, 0, 4, 1, 3, 0, 0
46646, 0, 1, 0, 1, 0, 0
46647, 0, 1, 0, 1, 0, 0
46648, 5, 1, 0, 1, 5, 0
46649, 1, 3, 1, 2, 0, 1
46650, 0, 1, 0, 1, 0, 0
46651, 0, 1, 0, 1, 0, 0
46652, 0, 1, 0, 1, 0, 0
46653, 6, 4, 2, 2, 1, 5
46654, 2, 2, 1, 1, 2, 0
46655, 0, 1, 0, 1, 0, 0
46656, 0, 1, 0, 1, 0, 0
46657, 0, 1, 0, 1, 0, 0
46658, 0, 3, 0, 3, 0, 0
46659, 0, 1, 0, 1, 0, 0
46660, 1, 2, 0, 2, 1, 0
46661, 6, 1, 0, 1, 3, 3
46662, 1, 4, 1, 3, 1, 0
46663, 0, 3, 0, 3, 0, 0
46664, 0, 2, 1, 1, 0, 0
46665, 0, 2, 1, 1, 0, 0
33868, 0, 7, 7, 0, 0, 0
16719, 397, 21, 10, 11, 36, 361
17488, 0, 7, 6, 1, 0, 0
34276, 15, 6, 6, 0, 11, 4
34278, 3, 2, 2, 0, 2, 1
34279, 0, 1, 1, 0, 0, 0
34280, 0, 1, 1, 0, 0, 0
34281, 1, 1, 1, 0, 1, 0
34283, 0, 5, 4, 1, 0, 0
34285, 0, 3, 2, 1, 0, 0
34286, 0, 1, 1, 0, 0, 0
34287, 0, 3, 1, 2, 0, 0
6652, 2, 2, 1, 1, 2, 0
18453, 0, 2, 1, 1, 0, 0
22406, 2, 13, 8, 5, 2, 0
23748, 0, 2, 0, 2, 0, 0
29685, 0, 2, 0, 2, 0, 0
32737, 0, 4, 1, 3, 0, 0
33327, 0, 9, 2, 7, 0, 0
33653, 0, 2, 2, 0, 0, 0
40254, 2, 9, 4, 5, 2, 0
45692, 0, 2, 1, 1, 0, 0
45693, 3, 2, 2, 0, 3, 0
45694, 1, 2, 2, 0, 1, 0
45695, 1, 1, 0, 1, 1, 0
45696, 0, 2, 0, 2, 0, 0
45697, 6, 1, 0, 1, 6, 0
45698, 0, 4, 0, 4, 0, 0
45699, 0, 1, 0, 1, 0, 0
45700, 0, 1, 0, 1, 0, 0
45701, 0, 2, 1, 1, 0, 0
45702, 0, 1, 0, 1, 0, 0
45703, 1, 1, 0, 1, 0, 1
45704, 1, 1, 0, 1, 1, 0
45705, 0, 1, 0, 1, 0, 0
4261, 0, 11, 10, 1, 0, 0
4556, 1, 6, 4, 2, 1, 0
7209, 23, 12, 10, 2, 21, 2
7484, 0, 14, 12, 2, 0, 0
7808, 0, 5, 4, 1, 0, 0
10622, 1, 10, 9, 1, 1, 0
10633, 112, 12, 12, 0, 108, 4
13559, 2, 7, 5, 2, 2, 0
14774, 9, 8, 8, 0, 9, 0
17475, 0, 1, 1, 0, 0, 0
17477, 0, 1, 1, 0, 0, 0
17479, 0, 2, 2, 0, 0, 0
17481, 0, 1, 1, 0, 0, 0
17483, 0, 2, 2, 0, 0, 0
17484, 0, 1, 1, 0, 0, 0
17485, 1, 5, 5, 0, 1, 0
17486, 0, 2, 2, 0, 0, 0
17487, 5, 4, 2, 2, 3, 2
17489, 0, 6, 6, 0, 0, 0
17490, 0, 1, 1, 0, 0, 0
17491, 12, 7, 7, 0, 11, 1
17492, 0, 2, 2, 0, 0, 0
17494, 0, 7, 5, 2, 0, 0
17495, 0, 1, 1, 0, 0, 0
17496, 0, 1, 1, 0, 0, 0
17497, 1, 1, 1, 0, 0, 1
17498, 0, 1, 1, 0, 0, 0
17499, 0, 1, 1, 0, 0, 0
17500, 0, 3, 3, 0, 0, 0
17501, 0, 2, 2, 0, 0, 0
17502, 0, 2, 2, 0, 0, 0
17503, 2, 3, 3, 0, 2, 0
17504, 1, 7, 7, 0, 1, 0
17505, 2, 2, 2, 0, 2, 0
17506, 0, 1, 1, 0, 0, 0
17507, 0, 1, 1, 0, 0, 0
17508, 0, 2, 2, 0, 0, 0
17512, 3, 2, 2, 0, 3, 0
17513, 34, 10, 10, 0, 34, 0
17514, 12, 3, 2, 1, 12, 0
17515, 1, 7, 7, 0, 1, 0
17516, 0, 1, 1, 0, 0, 0
17519, 0, 2, 2, 0, 0, 0
17520, 59, 5, 3, 2, 36, 23
17523, 10, 2, 2, 0, 8, 2
17524, 23, 3, 2, 1, 12, 11
17525, 0, 7, 5, 2, 0, 0
17526, 0, 3, 3, 0, 0, 0
17529, 0, 2, 2, 0, 0, 0
17531, 0, 2, 2, 0, 0, 0
17534, 0, 2, 2, 0, 0, 0
17535, 13, 2, 2, 0, 10, 3
17536, 0, 9, 8, 1, 0, 0
17539, 0, 2, 2, 0, 0, 0
17540, 0, 2, 2, 0, 0, 0
17541, 0, 7, 7, 0, 0, 0
17542, 19, 14, 11, 3, 13, 6
17548, 0, 1, 1, 0, 0, 0
17549, 0, 2, 1, 1, 0, 0
17551, 0, 2, 2, 0, 0, 0
17552, 3, 4, 4, 0, 3, 0
17553, 0, 2, 2, 0, 0, 0
17554, 0, 1, 1, 0, 0, 0
11509, 0, 12, 12, 0, 0, 0
28940, 1, 6, 6, 0, 1, 0
46666, 1, 3, 3, 0, 1, 0
46667, 0, 1, 1, 0, 0, 0
46668, 0, 1, 1, 0, 0, 0
19484, 0, 9, 9, 0, 0, 0
28372, 0, 4, 3, 1, 0, 0
45719, 3, 10, 10, 0, 3, 0
45720, 2, 1, 1, 0, 2, 0
45721, 2, 1, 1, 0, 2, 0
45722, 2, 1, 1, 0, 2, 0
45723, 0, 1, 1, 0, 0, 0
45724, 1, 1, 1, 0, 1, 0
45725, 0, 1, 1, 0, 0, 0
6400, 0, 30, 26, 4, 0, 0
10467, 40, 10, 4, 6, 19, 21
14758, 2, 5, 2, 3, 0, 2
20611, 0, 4, 4, 0, 0, 0
27226, 17, 12, 9, 3, 9, 8
34402, 0, 4, 2, 2, 0, 0
37865, 0, 4, 3, 1, 0, 0
43162, 15, 2, 1, 1, 11, 4
45810, 5, 11, 5, 6, 4, 1
46669, 0, 2, 1, 1, 0, 0
46670, 0, 1, 1, 0, 0, 0
46671, 4, 4, 2, 2, 2, 2
46672, 0, 1, 1, 0, 0, 0
46673, 0, 2, 2, 0, 0, 0
46674, 0, 1, 1, 0, 0, 0
46675, 0, 1, 1, 0, 0, 0
46676, 2, 1, 1, 0, 2, 0
46677, 0, 1, 0, 1, 0, 0
46678, 0, 1, 0, 1, 0, 0
46679, 0, 2, 0, 2, 0, 0
46680, 0, 4, 1, 3, 0, 0
46681, 1, 1, 0, 1, 1, 0
46682, 0, 1, 0, 1, 0, 0
46683, 0, 1, 0, 1, 0, 0
44100, 0, 1, 0, 1, 0, 0
4594, 0, 7, 5, 2, 0, 0
26982, 0, 6, 6, 0, 0, 0
31178, 8, 12, 8, 4, 3, 5
33787, 7, 7, 7, 0, 7, 0
46684, 0, 1, 1, 0, 0, 0
3369, 1, 5, 3, 2, 1, 0
13410, 1, 23, 15, 8, 1, 0
17191, 10, 3, 3, 0, 9, 1
19292, 0, 2, 2, 0, 0, 0
21018, 1, 3, 3, 0, 1, 0
24974, 6, 7, 6, 1, 5, 1
35092, 0, 6, 4, 2, 0, 0
37531, 0, 8, 5, 3, 0, 0
40590, 0, 7, 7, 0, 0, 0
42397, 3, 4, 1, 3, 0, 3
46685, 7, 4, 4, 0, 7, 0
46686, 0, 5, 5, 0, 0, 0
46687, 0, 1, 0, 1, 0, 0
46688, 0, 1, 0, 1, 0, 0
46689, 1, 1, 0, 1, 0, 1
46690, 1, 1, 0, 1, 0, 1
7051, 1, 39, 39, 0, 1, 0
14182, 0, 7, 6, 1, 0, 0
14185, 1, 3, 3, 0, 1, 0
14186, 1, 1, 1, 0, 1, 0
14187, 3, 1, 1, 0, 3, 0
22328, 0, 8, 3, 5, 0, 0
7496, 0, 3, 2, 1, 0, 0
11711, 7, 3, 3, 0, 7, 0
12496, 4, 1, 1, 0, 4, 0
13623, 1, 4, 3, 1, 1, 0
15056, 2, 11, 9, 2, 2, 0
15378, 4, 7, 5, 2, 4, 0
16688, 10, 5, 5, 0, 8, 2
17378, 0, 3, 3, 0, 0, 0
20100, 1, 9, 3, 6, 1, 0
20103, 0, 2, 1, 1, 0, 0
22128, 2, 3, 1, 2, 2, 0
22183, 3, 3, 3, 0, 3, 0
25273, 0, 9, 5, 4, 0, 0
25887, 0, 3, 1, 2, 0, 0
26255, 0, 2, 1, 1, 0, 0
26807, 11, 9, 6, 3, 8, 3
29397, 0, 3, 1, 2, 0, 0
33242, 20, 4, 3, 1, 13, 7
33990, 9, 2, 2, 0, 9, 0
35805, 0, 4, 0, 4, 0, 0
35952, 10, 7, 5, 2, 10, 0
37004, 1, 4, 4, 0, 1, 0
37924, 0, 2, 1, 1, 0, 0
38296, 39, 2, 1, 1, 30, 9
38599, 1, 3, 3, 0, 1, 0
38618, 1, 3, 0, 3, 0, 1
40646, 0, 4, 1, 3, 0, 0
44731, 3, 3, 2, 1, 3, 0
44847, 5, 2, 1, 1, 4, 1
46691, 0, 1, 1, 0, 0, 0
46692, 0, 1, 1, 0, 0, 0
46693, 0, 3, 2, 1, 0, 0
46694, 0, 1, 1, 0, 0, 0
46695, 1, 2, 1, 1, 1, 0
46696, 1, 2, 2, 0, 1, 0
46697, 0, 1, 1, 0, 0, 0
46698, 0, 1, 1, 0, 0, 0
46699, 0, 1, 1, 0, 0, 0
46700, 0, 1, 1, 0, 0, 0
46701, 1, 1, 1, 0, 1, 0
46702, 0, 2, 2, 0, 0, 0
46703, 27, 6, 4, 2, 26, 1
46704, 0, 3, 2, 1, 0, 0
46705, 0, 1, 1, 0, 0, 0
46706, 0, 10, 9, 1, 0, 0
46707, 0, 2, 2, 0, 0, 0
46708, 0, 4, 2, 2, 0, 0
46709, 0, 1, 0, 1, 0, 0
46710, 1, 2, 1, 1, 1, 0
46711, 0, 5, 3, 2, 0, 0
46712, 0, 1, 0, 1, 0, 0
46713, 0, 2, 0, 2, 0, 0
46714, 0, 1, 0, 1, 0, 0
46715, 0, 1, 0, 1, 0, 0
46716, 0, 1, 0, 1, 0, 0
46717, 0, 1, 0, 1, 0, 0
46718, 0, 2, 0, 2, 0, 0
46719, 3, 2, 1, 1, 2, 1
46720, 0, 2, 1, 1, 0, 0
46721, 0, 1, 0, 1, 0, 0
46722, 6, 1, 0, 1, 6, 0
46723, 2, 2, 1, 1, 2, 0
46724, 0, 1, 0, 1, 0, 0
46725, 0, 1, 0, 1, 0, 0
46726, 0, 4, 1, 3, 0, 0
46727, 0, 1, 0, 1, 0, 0
46728, 12, 1, 0, 1, 4, 8
46729, 0, 1, 0, 1, 0, 0
46730, 0, 1, 0, 1, 0, 0
46731, 0, 1, 0, 1, 0, 0
27579, 30, 26, 9, 17, 11, 19
30153, 15, 10, 10, 0, 15, 0
46732, 1, 3, 1, 2, 1, 0
46733, 0, 1, 0, 1, 0, 0
46734, 0, 2, 1, 1, 0, 0
46735, 0, 2, 0, 2, 0, 0
46736, 0, 1, 0, 1, 0, 0
3113, 0, 7, 7, 0, 0, 0
6863, 14, 14, 12, 2, 14, 0
16863, 3, 7, 6, 1, 3, 0
18466, 13, 4, 4, 0, 11, 2
20841, 2, 2, 2, 0, 2, 0
23118, 0, 2, 2, 0, 0, 0
26098, 9, 16, 7, 9, 9, 0
27881, 0, 7, 5, 2, 0, 0
28223, 0, 2, 1, 1, 0, 0
29823, 0, 3, 3, 0, 0, 0
33473, 14, 7, 6, 1, 10, 4
37288, 1, 1, 1, 0, 1, 0
37289, 0, 1, 1, 0, 0, 0
37290, 0, 1, 1, 0, 0, 0
37291, 3, 3, 3, 0, 3, 0
37292, 0, 2, 2, 0, 0, 0
37293, 0, 1, 1, 0, 0, 0
37295, 3, 2, 2, 0, 3, 0
37296, 30, 2, 2, 0, 21, 9
37297, 18, 4, 3, 1, 11, 7
37298, 0, 1, 1, 0, 0, 0
37299, 0, 1, 1, 0, 0, 0
37300, 7, 1, 1, 0, 6, 1
37301, 8, 7, 6, 1, 7, 1
37302, 1, 2, 1, 1, 1, 0
6757, 15, 8, 5, 3, 13, 2
9267, 1, 11, 8, 3, 1, 0
23455, 36, 11, 6, 5, 35, 1
31047, 0, 3, 2, 1, 0, 0
45770, 3, 6, 5, 1, 2, 1
45852, 1, 5, 3, 2, 0, 1
46737, 0, 1, 1, 0, 0, 0
46738, 0, 4, 2, 2, 0, 0
46739, 2, 3, 1, 2, 1, 1
46740, 4, 3, 3, 0, 4, 0
46741, 0, 4, 1, 3, 0, 0
46742, 12, 4, 4, 0, 12, 0
46743, 5, 3, 3, 0, 5, 0
46744, 0, 2, 2, 0, 0, 0
46745, 0, 2, 2, 0, 0, 0
46746, 0, 1, 1, 0, 0, 0
46747, 21, 4, 3, 1, 19, 2
46748, 0, 1, 1, 0, 0, 0
46749, 0, 1, 1, 0, 0, 0
17393, 6, 13, 7, 6, 5, 1
46750, 1, 3, 3, 0, 1, 0
24867, 1, 8, 5, 3, 0, 1
26110, 3, 6, 4, 2, 3, 0
46751, 1, 1, 1, 0, 1, 0
46277, 0, 1, 1, 0, 0, 0
46278, 0, 1, 1, 0, 0, 0
46279, 0, 2, 2, 0, 0, 0
46280, 6, 3, 3, 0, 6, 0
46281, 5, 5, 5, 0, 5, 0
46282, 3, 5, 5, 0, 3, 0
21344, 27, 6, 6, 0, 26, 1
46752, 0, 1, 1, 0, 0, 0
46753, 0, 2, 2, 0, 0, 0
46754, 1, 1, 1, 0, 1, 0
17078, 13, 9, 4, 5, 13, 0
23496, 0, 5, 5, 0, 0, 0
26232, 0, 17, 17, 0, 0, 0
44197, 9, 7, 7, 0, 9, 0
45970, 0, 3, 3, 0, 0, 0
45971, 0, 1, 1, 0, 0, 0
6498, 0, 3, 2, 1, 0, 0
15269, 0, 13, 4, 9, 0, 0
17186, 0, 7, 6, 1, 0, 0
35251, 0, 3, 3, 0, 0, 0
46755, 0, 1, 1, 0, 0, 0
46756, 0, 1, 1, 0, 0, 0
46757, 0, 1, 1, 0, 0, 0
46758, 0, 4, 4, 0, 0, 0
46759, 0, 1, 1, 0, 0, 0
46760, 6, 1, 1, 0, 3, 3
46761, 0, 1, 1, 0, 0, 0
46762, 4, 2, 2, 0, 4, 0
7218, 34, 10, 9, 1, 22, 12
12694, 8, 26, 16, 10, 8, 0
13423, 0, 6, 6, 0, 0, 0
21862, 1, 12, 12, 0, 1, 0
22832, 1, 15, 7, 8, 1, 0
27302, 0, 2, 1, 1, 0, 0
32724, 28, 6, 5, 1, 25, 3
34691, 11, 1, 1, 0, 6, 5
41563, 2, 3, 3, 0, 2, 0
43407, 26, 5, 5, 0, 16, 10
46763, 0, 1, 1, 0, 0, 0
46764, 1, 5, 5, 0, 1, 0
46765, 3, 1, 1, 0, 3, 0
46766, 3, 4, 4, 0, 3, 0
46767, 2, 5, 5, 0, 2, 0
46768, 10, 3, 3, 0, 8, 2
46769, 0, 2, 2, 0, 0, 0
46770, 0, 2, 2, 0, 0, 0
46771, 0, 2, 2, 0, 0, 0
46772, 0, 1, 0, 1, 0, 0
15625, 0, 11, 11, 0, 0, 0
46773, 2, 2, 2, 0, 2, 0
9273, 10, 6, 5, 1, 7, 3
9699, 6, 10, 5, 5, 1, 5
15155, 3, 4, 3, 1, 3, 0
15244, 0, 2, 1, 1, 0, 0
18547, 0, 6, 2, 4, 0, 0
25196, 0, 7, 1, 6, 0, 0
27028, 8, 17, 9, 8, 8, 0
28003, 18, 4, 1, 3, 17, 1
30208, 0, 3, 2, 1, 0, 0
30735, 0, 5, 2, 3, 0, 0
30763, 0, 11, 5, 6, 0, 0
34539, 0, 5, 5, 0, 0, 0
34540, 0, 2, 2, 0, 0, 0
34541, 0, 3, 3, 0, 0, 0
34542, 0, 2, 1, 1, 0, 0
34543, 0, 1, 0, 1, 0, 0
34544, 3, 2, 1, 1, 2, 1
34545, 0, 1, 0, 1, 0, 0
34546, 1, 6, 2, 4, 1, 0
34547, 0, 1, 0, 1, 0, 0
34548, 0, 1, 0, 1, 0, 0
34549, 0, 3, 2, 1, 0, 0
34551, 2, 7, 3, 4, 1, 1
34552, 0, 1, 0, 1, 0, 0
34553, 0, 1, 0, 1, 0, 0
34554, 2, 6, 2, 4, 1, 1
34556, 4, 3, 2, 1, 4, 0
34557, 2, 1, 0, 1, 0, 2
34558, 1, 1, 0, 1, 0, 1
34559, 0, 1, 0, 1, 0, 0
6092, 0, 5, 2, 3, 0, 0
20327, 0, 6, 5, 1, 0, 0
33381, 0, 1, 1, 0, 0, 0
15086, 7, 13, 12, 1, 7, 0
46774, 10, 5, 4, 1, 9, 1
46775, 5, 1, 1, 0, 5, 0
46776, 0, 2, 2, 0, 0, 0
9291, 0, 5, 5, 0, 0, 0
25248, 5, 6, 4, 2, 4, 1
43653, 4, 6, 6, 0, 4, 0
46777, 0, 4, 3, 1, 0, 0
46778, 0, 1, 1, 0, 0, 0
19830, 0, 1, 1, 0, 0, 0
19832, 7, 1, 0, 1, 0, 7
9683, 0, 8, 6, 2, 0, 0
21438, 0, 26, 19, 7, 0, 0
27194, 2, 9, 6, 3, 0, 2
28938, 10, 4, 4, 0, 9, 1
37495, 0, 14, 13, 1, 0, 0
38499, 2, 5, 5, 0, 2, 0
46201, 0, 2, 2, 0, 0, 0
46779, 4, 2, 1, 1, 4, 0
46780, 0, 1, 1, 0, 0, 0
46781, 2, 4, 3, 1, 1, 1
46782, 0, 5, 5, 0, 0, 0
46783, 0, 1, 1, 0, 0, 0
46784, 4, 5, 3, 2, 4, 0
46785, 0, 2, 0, 2, 0, 0
8601, 3, 6, 4, 2, 3, 0
9098, 27, 2, 2, 0, 27, 0
10156, 40, 5, 2, 3, 25, 15
10157, 0, 6, 6, 0, 0, 0
10202, 2, 8, 6, 2, 2, 0
13655, 18, 7, 6, 1, 11, 7
17347, 62, 2, 1, 1, 45, 17
18543, 0, 6, 2, 4, 0, 0
21748, 0, 4, 3, 1, 0, 0
25874, 0, 6, 6, 0, 0, 0
26339, 43, 4, 4, 0, 41, 2
28789, 26, 3, 3, 0, 17, 9
31034, 19, 5, 3, 2, 11, 8
31284, 0, 7, 4, 3, 0, 0
31360, 29, 4, 3, 1, 28, 1
31361, 1, 1, 1, 0, 1, 0
31363, 0, 3, 2, 1, 0, 0
31364, 3, 1, 1, 0, 3, 0
31365, 0, 6, 4, 2, 0, 0
31367, 8, 6, 5, 1, 8, 0
31368, 0, 2, 2, 0, 0, 0
31369, 0, 4, 4, 0, 0, 0
31370, 11, 2, 2, 0, 10, 1
31371, 28, 4, 3, 1, 28, 0
31372, 1, 2, 2, 0, 1, 0
31373, 11, 2, 2, 0, 11, 0
31374, 102, 5, 5, 0, 93, 9
31375, 6, 2, 2, 0, 6, 0
31376, 19, 5, 5, 0, 18, 1
31377, 11, 1, 1, 0, 11, 0
31378, 13, 2, 2, 0, 3, 10
31380, 14, 7, 6, 1, 14, 0
31381, 30, 12, 10, 2, 28, 2
31382, 7, 1, 1, 0, 4, 3
31383, 7, 1, 1, 0, 7, 0
31384, 8, 1, 1, 0, 8, 0
31385, 0, 1, 1, 0, 0, 0
46786, 0, 2, 2, 0, 0, 0
46787, 1, 1, 1, 0, 1, 0
5792, 3, 9, 9, 0, 3, 0
46788, 2, 3, 3, 0, 2, 0
46789, 10, 2, 2, 0, 10, 0
46790, 0, 1, 1, 0, 0, 0
3136, 13, 7, 6, 1, 11, 2
10419, 0, 7, 5, 2, 0, 0
13034, 7, 8, 7, 1, 7, 0
14162, 10, 18, 10, 8, 10, 0
14264, 0, 12, 11, 1, 0, 0
16077, 0, 10, 10, 0, 0, 0
16913, 0, 2, 1, 1, 0, 0
17856, 1, 13, 5, 8, 1, 0
19685, 0, 5, 5, 0, 0, 0
24593, 0, 2, 2, 0, 0, 0
27609, 0, 16, 12, 4, 0, 0
29229, 54, 15, 12, 3, 42, 12
29701, 3, 15, 5, 10, 3, 0
30316, 14, 8, 6, 2, 9, 5
30375, 0, 2, 1, 1, 0, 0
30610, 3, 3, 3, 0, 0, 3
32700, 0, 2, 0, 2, 0, 0
33060, 1, 5, 4, 1, 1, 0
33424, 0, 7, 7, 0, 0, 0
33538, 1, 3, 1, 2, 1, 0
34525, 13, 3, 3, 0, 13, 0
44638, 0, 4, 3, 1, 0, 0
46791, 0, 1, 1, 0, 0, 0
46792, 3, 2, 2, 0, 3, 0
46793, 0, 2, 1, 1, 0, 0
46794, 0, 2, 2, 0, 0, 0
46795, 0, 1, 1, 0, 0, 0
46796, 1, 5, 3, 2, 0, 1
46797, 2, 1, 1, 0, 2, 0
46798, 1, 2, 2, 0, 0, 1
46799, 0, 3, 2, 1, 0, 0
46800, 0, 5, 5, 0, 0, 0
46801, 2, 2, 2, 0, 2, 0
46802, 0, 1, 1, 0, 0, 0
46803, 2, 2, 2, 0, 2, 0
46804, 0, 1, 1, 0, 0, 0
46805, 0, 2, 2, 0, 0, 0
46806, 1, 3, 3, 0, 1, 0
46807, 2, 2, 2, 0, 2, 0
46808, 4, 3, 2, 1, 4, 0
46809, 0, 3, 2, 1, 0, 0
46810, 0, 2, 2, 0, 0, 0
46811, 22, 5, 5, 0, 15, 7
46812, 0, 2, 1, 1, 0, 0
46813, 0, 1, 1, 0, 0, 0
46814, 0, 2, 2, 0, 0, 0
46815, 0, 1, 1, 0, 0, 0
46816, 0, 2, 2, 0, 0, 0
46817, 0, 3, 1, 2, 0, 0
46818, 0, 4, 1, 3, 0, 0
46819, 0, 1, 0, 1, 0, 0
46820, 0, 1, 0, 1, 0, 0
37722, 0, 4, 1, 3, 0, 0
4815, 28, 14, 12, 2, 28, 0
5382, 0, 7, 5, 2, 0, 0
7487, 0, 2, 1, 1, 0, 0
9064, 0, 5, 4, 1, 0, 0
10564, 2, 13, 13, 0, 2, 0
11910, 0, 2, 2, 0, 0, 0
11927, 0, 5, 5, 0, 0, 0
11933, 15, 5, 5, 0, 15, 0
11940, 0, 5, 4, 1, 0, 0
11941, 0, 2, 2, 0, 0, 0
11943, 1, 5, 4, 1, 1, 0
11944, 2, 3, 3, 0, 2, 0
14089, 1, 19, 19, 0, 1, 0
14532, 1, 6, 6, 0, 1, 0
18552, 0, 9, 9, 0, 0, 0
19795, 4, 25, 25, 0, 4, 0
26687, 0, 12, 11, 1, 0, 0
28906, 1, 2, 1, 1, 0, 1
33500, 1, 5, 5, 0, 1, 0
36565, 31, 5, 4, 1, 30, 1
37215, 1, 2, 2, 0, 1, 0
39112, 1, 5, 4, 1, 1, 0
41461, 0, 3, 2, 1, 0, 0
44509, 4, 1, 1, 0, 4, 0
46821, 3, 2, 1, 1, 0, 3
46822, 0, 1, 1, 0, 0, 0
46823, 8, 1, 1, 0, 7, 1
46824, 0, 2, 2, 0, 0, 0
46825, 0, 2, 2, 0, 0, 0
46826, 12, 3, 3, 0, 12, 0
46827, 5, 3, 3, 0, 5, 0
46828, 2, 4, 4, 0, 2, 0
46829, 42, 3, 3, 0, 23, 19
46830, 2, 3, 3, 0, 2, 0
46831, 1, 3, 3, 0, 1, 0
46832, 0, 1, 1, 0, 0, 0
46833, 0, 3, 3, 0, 0, 0
46834, 1, 3, 3, 0, 0, 1
46835, 0, 2, 2, 0, 0, 0
46836, 0, 2, 2, 0, 0, 0
46837, 0, 1, 1, 0, 0, 0
46838, 0, 2, 2, 0, 0, 0
46839, 2, 2, 2, 0, 2, 0
46840, 0, 1, 0, 1, 0, 0
8031, 51, 8, 7, 1, 46, 5
14154, 1, 5, 1, 4, 1, 0
17312, 1, 4, 4, 0, 1, 0
46841, 0, 3, 3, 0, 0, 0
6544, 0, 3, 3, 0, 0, 0
19744, 0, 3, 2, 1, 0, 0
25187, 6, 4, 4, 0, 6, 0
37158, 0, 2, 2, 0, 0, 0
38725, 0, 7, 6, 1, 0, 0
41666, 1, 3, 3, 0, 1, 0
43799, 2, 7, 5, 2, 2, 0
46842, 1, 3, 2, 1, 1, 0
46843, 0, 1, 1, 0, 0, 0
46844, 0, 1, 1, 0, 0, 0
46845, 0, 1, 1, 0, 0, 0
46846, 0, 4, 4, 0, 0, 0
46847, 1, 1, 1, 0, 1, 0
46848, 0, 2, 2, 0, 0, 0
46849, 0, 1, 1, 0, 0, 0
46850, 1, 3, 3, 0, 1, 0
5328, 10, 11, 10, 1, 8, 2
6249, 14, 7, 2, 5, 11, 3
8334, 14, 13, 1, 12, 12, 2
10895, 0, 6, 4, 2, 0, 0
18417, 7, 5, 5, 0, 6, 1
20163, 2, 2, 1, 1, 2, 0
22836, 23, 8, 6, 2, 11, 12
25865, 7, 6, 6, 0, 6, 1
26999, 8, 11, 11, 0, 6, 2
27021, 26, 11, 10, 1, 23, 3
27022, 0, 1, 1, 0, 0, 0
27024, 3, 2, 2, 0, 3, 0
27025, 27, 1, 1, 0, 26, 1
27027, 55, 2, 1, 1, 16, 39
27029, 0, 8, 8, 0, 0, 0
27032, 5, 1, 1, 0, 5, 0
27033, 2, 1, 1, 0, 2, 0
27034, 0, 4, 4, 0, 0, 0
27035, 1, 1, 1, 0, 1, 0
27036, 1, 4, 4, 0, 1, 0
27037, 2, 6, 3, 3, 1, 1
27038, 7, 2, 1, 1, 5, 2
27040, 0, 7, 1, 6, 0, 0
27041, 3, 1, 1, 0, 3, 0
46851, 0, 1, 1, 0, 0, 0
18544, 0, 3, 3, 0, 0, 0
6369, 51, 5, 4, 1, 30, 21
14225, 6, 1, 1, 0, 6, 0
14604, 13, 5, 4, 1, 13, 0
14900, 52, 1, 0, 1, 15, 37
16798, 176, 11, 8, 3, 93, 83
16852, 6, 1, 1, 0, 5, 1
22624, 39, 2, 2, 0, 38, 1
26078, 16, 2, 1, 1, 11, 5
27242, 1, 2, 1, 1, 0, 1
31152, 1, 13, 11, 2, 1, 0
33859, 9, 9, 4, 5, 7, 2
34038, 31, 4, 1, 3, 31, 0
37392, 105, 14, 8, 6, 45, 60
37982, 91, 4, 4, 0, 46, 45
43970, 8, 2, 1, 1, 7, 1
46288, 15, 3, 2, 1, 15, 0
46852, 18, 4, 3, 1, 10, 8
46853, 7, 5, 2, 3, 6, 1
46854, 44, 4, 3, 1, 44, 0
46855, 17, 2, 0, 2, 10, 7
46856, 4, 1, 0, 1, 3, 1
46857, 20, 2, 1, 1, 14, 6
46858, 18, 2, 1, 1, 14, 4
46859, 159, 4, 0, 4, 4, 155
46860, 8, 2, 1, 1, 5, 3
46861, 23, 2, 1, 1, 12, 11
46862, 38, 3, 0, 3, 0, 38
46863, 2, 3, 0, 3, 1, 1
23423, 0, 2, 2, 0, 0, 0
46864, 2, 9, 8, 1, 1, 1
46865, 0, 3, 2, 1, 0, 0
5355, 25, 14, 14, 0, 22, 3
13120, 13, 4, 4, 0, 9, 4
14034, 0, 5, 5, 0, 0, 0
16713, 0, 18, 17, 1, 0, 0
17303, 2, 10, 7, 3, 2, 0
17959, 1, 6, 6, 0, 1, 0
22344, 1, 3, 3, 0, 1, 0
25180, 0, 4, 4, 0, 0, 0
33504, 2, 2, 2, 0, 2, 0
46866, 3, 2, 2, 0, 3, 0
9668, 1, 12, 8, 4, 1, 0
22978, 0, 23, 23, 0, 0, 0
7231, 1, 9, 5, 4, 1, 0
11713, 0, 8, 8, 0, 0, 0
11726, 16, 7, 6, 1, 14, 2
14616, 4, 16, 14, 2, 4, 0
20701, 0, 9, 9, 0, 0, 0
21553, 4, 15, 13, 2, 4, 0
29472, 20, 5, 4, 1, 14, 6
29576, 0, 10, 9, 1, 0, 0
29963, 1, 4, 4, 0, 1, 0
33684, 0, 3, 3, 0, 0, 0
42408, 1, 1, 1, 0, 1, 0
42409, 0, 2, 2, 0, 0, 0
42410, 0, 1, 1, 0, 0, 0
42411, 2, 1, 1, 0, 2, 0
35843, 5, 9, 9, 0, 5, 0
36889, 2, 4, 4, 0, 2, 0
41398, 0, 4, 4, 0, 0, 0
46869, 0, 1, 1, 0, 0, 0
46870, 0, 1, 1, 0, 0, 0
8327, 3, 15, 10, 5, 3, 0
15044, 1, 3, 3, 0, 1, 0
15721, 0, 5, 4, 1, 0, 0
23680, 15, 8, 8, 0, 15, 0
23681, 11, 6, 6, 0, 11, 0
23682, 2, 2, 2, 0, 2, 0
23683, 2, 7, 7, 0, 2, 0
23685, 0, 2, 2, 0, 0, 0
23689, 0, 1, 1, 0, 0, 0
23690, 0, 3, 3, 0, 0, 0
23694, 2, 2, 2, 0, 2, 0
23697, 0, 1, 1, 0, 0, 0
23698, 7, 2, 2, 0, 4, 3
23700, 9, 1, 1, 0, 9, 0
23701, 0, 1, 1, 0, 0, 0
23702, 0, 4, 4, 0, 0, 0
23703, 0, 1, 1, 0, 0, 0
23712, 0, 1, 0, 1, 0, 0
10049, 2, 3, 2, 1, 2, 0
13058, 1, 3, 2, 1, 0, 1
18375, 0, 5, 5, 0, 0, 0
22054, 0, 2, 1, 1, 0, 0
22085, 1, 2, 2, 0, 1, 0
29670, 1, 13, 10, 3, 1, 0
30367, 9, 4, 3, 1, 9, 0
34613, 6, 5, 3, 2, 3, 3
39067, 3, 4, 2, 2, 1, 2
46871, 0, 2, 2, 0, 0, 0
46872, 0, 2, 2, 0, 0, 0
46873, 4, 4, 4, 0, 4, 0
46874, 0, 1, 1, 0, 0, 0
46875, 1, 4, 3, 1, 1, 0
46876, 17, 3, 1, 2, 0, 17
46877, 1, 2, 1, 1, 1, 0
46878, 0, 1, 1, 0, 0, 0
4100, 24, 6, 6, 0, 10, 14
22980, 1, 2, 0, 2, 1, 0
22982, 11, 5, 3, 2, 9, 2
26278, 1, 8, 7, 1, 1, 0
26955, 7, 23, 20, 3, 7, 0
27392, 8, 5, 4, 1, 6, 2
36532, 3, 8, 7, 1, 3, 0
37920, 4, 6, 5, 1, 4, 0
45126, 7, 4, 3, 1, 7, 0
46879, 2, 2, 2, 0, 2, 0
46880, 0, 3, 3, 0, 0, 0
46881, 2, 3, 3, 0, 2, 0
46882, 0, 2, 2, 0, 0, 0
46883, 1, 3, 3, 0, 1, 0
46884, 1, 2, 1, 1, 1, 0
46885, 0, 2, 1, 1, 0, 0
46886, 0, 1, 0, 1, 0, 0
46887, 0, 3, 0, 3, 0, 0
9177, 3, 5, 2, 3, 3, 0
30234, 0, 3, 3, 0, 0, 0
32880, 0, 3, 0, 3, 0, 0
32881, 0, 15, 6, 9, 0, 0
32882, 0, 1, 0, 1, 0, 0
32883, 0, 1, 0, 1, 0, 0
32884, 0, 1, 0, 1, 0, 0
10104, 1, 9, 2, 7, 1, 0
10894, 2, 3, 3, 0, 2, 0
10909, 1, 5, 2, 3, 0, 1
10910, 0, 4, 2, 2, 0, 0
10912, 2, 2, 2, 0, 2, 0
13993, 10, 5, 4, 1, 9, 1
14212, 0, 10, 5, 5, 0, 0
17065, 2, 6, 5, 1, 1, 1
17404, 3, 14, 7, 7, 1, 2
17406, 15, 21, 15, 6, 13, 2
17455, 0, 4, 1, 3, 0, 0
20527, 0, 3, 1, 2, 0, 0
26086, 72, 8, 7, 1, 71, 1
33360, 0, 3, 0, 3, 0, 0
44567, 7, 8, 7, 1, 1, 6
46888, 1, 1, 1, 0, 1, 0
46889, 0, 1, 1, 0, 0, 0
46890, 1, 4, 1, 3, 1, 0
46891, 12, 3, 3, 0, 12, 0
46892, 4, 2, 1, 1, 3, 1
46893, 4, 1, 1, 0, 3, 1
46894, 8, 5, 5, 0, 8, 0
46895, 1, 4, 2, 2, 1, 0
46896, 15, 2, 2, 0, 14, 1
46897, 0, 1, 1, 0, 0, 0
46898, 0, 1, 0, 1, 0, 0
46899, 7, 7, 1, 6, 0, 7
5126, 4, 11, 4, 7, 3, 1
6562, 0, 6, 6, 0, 0, 0
8822, 0, 6, 3, 3, 0, 0
10170, 3, 4, 1, 3, 2, 1
10444, 0, 11, 9, 2, 0, 0
10531, 9, 13, 6, 7, 8, 1
13038, 1, 3, 2, 1, 1, 0
13193, 0, 6, 4, 2, 0, 0
14631, 13, 9, 3, 6, 13, 0
17627, 46, 13, 9, 4, 41, 5
20212, 0, 10, 6, 4, 0, 0
25620, 12, 14, 10, 4, 10, 2
26201, 4, 8, 1, 7, 3, 1
27651, 0, 2, 1, 1, 0, 0
27672, 1, 1, 0, 1, 1, 0
27748, 0, 4, 1, 3, 0, 0
28207, 0, 4, 1, 3, 0, 0
29525, 8, 7, 3, 4, 4, 4
30936, 0, 9, 4, 5, 0, 0
31428, 0, 3, 2, 1, 0, 0
32493, 1, 3, 1, 2, 1, 0
32686, 0, 3, 1, 2, 0, 0
32862, 0, 3, 2, 1, 0, 0
34887, 11, 8, 7, 1, 8, 3
37000, 0, 5, 5, 0, 0, 0
45847, 1, 2, 1, 1, 1, 0
46346, 2, 3, 2, 1, 2, 0
46900, 0, 3, 3, 0, 0, 0
46901, 0, 5, 5, 0, 0, 0
46902, 0, 2, 2, 0, 0, 0
46903, 0, 1, 1, 0, 0, 0
46904, 0, 1, 1, 0, 0, 0
46905, 0, 1, 0, 1, 0, 0
46906, 0, 1, 0, 1, 0, 0
46907, 0, 1, 0, 1, 0, 0
46908, 0, 3, 0, 3, 0, 0
46909, 0, 1, 0, 1, 0, 0
46910, 0, 1, 0, 1, 0, 0
46911, 0, 1, 0, 1, 0, 0
46912, 0, 2, 0, 2, 0, 0
46913, 0, 1, 0, 1, 0, 0
46914, 1, 2, 1, 1, 0, 1
46915, 0, 1, 0, 1, 0, 0
46916, 0, 1, 0, 1, 0, 0
46917, 0, 1, 0, 1, 0, 0
46918, 0, 1, 0, 1, 0, 0
46919, 0, 2, 0, 2, 0, 0
46920, 0, 1, 0, 1, 0, 0
46921, 2, 3, 2, 1, 2, 0
46922, 0, 1, 0, 1, 0, 0
46923, 1, 2, 1, 1, 1, 0
46924, 0, 1, 0, 1, 0, 0
46925, 0, 1, 0, 1, 0, 0
46926, 0, 1, 0, 1, 0, 0
46927, 0, 1, 0, 1, 0, 0
46928, 2, 2, 0, 2, 1, 1
46929, 0, 1, 0, 1, 0, 0
46930, 2, 1, 0, 1, 2, 0
46931, 0, 1, 0, 1, 0, 0
46932, 0, 3, 2, 1, 0, 0
5627, 0, 3, 3, 0, 0, 0
21071, 0, 2, 2, 0, 0, 0
21072, 0, 2, 1, 1, 0, 0
21075, 0, 17, 12, 5, 0, 0
21076, 4, 3, 3, 0, 3, 1
21078, 2, 6, 5, 1, 2, 0
21081, 3, 4, 3, 1, 3, 0
21083, 2, 6, 1, 5, 2, 0
14285, 12, 7, 6, 1, 12, 0
32890, 0, 5, 5, 0, 0, 0
14949, 45, 8, 7, 1, 40, 5
16641, 0, 23, 21, 2, 0, 0
25980, 5, 21, 15, 6, 1, 4
46933, 0, 1, 1, 0, 0, 0
46934, 0, 2, 2, 0, 0, 0
46935, 0, 5, 5, 0, 0, 0
46936, 0, 1, 1, 0, 0, 0
42453, 6, 4, 4, 0, 6, 0
5601, 4, 2, 2, 0, 4, 0
5602, 12, 3, 3, 0, 12, 0
5603, 0, 3, 3, 0, 0, 0
5604, 2, 2, 2, 0, 2, 0
5608, 1, 1, 1, 0, 1, 0
5626, 11, 10, 8, 2, 11, 0
5643, 0, 8, 7, 1, 0, 0
5647, 1, 1, 1, 0, 1, 0
5659, 0, 1, 1, 0, 0, 0
5669, 2, 2, 2, 0, 2, 0
5670, 0, 1, 1, 0, 0, 0
5678, 24, 7, 7, 0, 23, 1
5679, 0, 4, 4, 0, 0, 0
5680, 1, 5, 5, 0, 1, 0
5686, 0, 1, 1, 0, 0, 0
5695, 4, 8, 8, 0, 4, 0
5698, 0, 3, 2, 1, 0, 0
5702, 124, 14, 8, 6, 38, 86
5705, 0, 14, 7, 7, 0, 0
5713, 2, 2, 2, 0, 2, 0
5714, 3, 4, 4, 0, 3, 0
5721, 0, 1, 1, 0, 0, 0
5723, 0, 1, 1, 0, 0, 0
5727, 1, 1, 1, 0, 1, 0
5732, 1, 2, 2, 0, 1, 0
5733, 3, 3, 3, 0, 2, 1
5734, 1, 4, 4, 0, 1, 0
5739, 4, 3, 3, 0, 3, 1
5743, 0, 3, 3, 0, 0, 0
5751, 2, 5, 4, 1, 1, 1
5752, 2, 4, 3, 1, 2, 0
5753, 0, 4, 3, 1, 0, 0
5754, 0, 1, 0, 1, 0, 0
5757, 0, 3, 0, 3, 0, 0
5759, 0, 5, 4, 1, 0, 0
5761, 0, 2, 0, 2, 0, 0
5762, 0, 4, 0, 4, 0, 0
5765, 0, 9, 8, 1, 0, 0
5775, 0, 2, 0, 2, 0, 0
5776, 0, 2, 1, 1, 0, 0
5778, 4, 3, 1, 2, 3, 1
5782, 0, 1, 0, 1, 0, 0
5784, 0, 3, 0, 3, 0, 0
5787, 0, 6, 4, 2, 0, 0
5790, 0, 2, 0, 2, 0, 0
29610, 2, 5, 3, 2, 0, 2
35907, 7, 5, 5, 0, 7, 0
43760, 0, 1, 1, 0, 0, 0
43761, 1, 1, 1, 0, 1, 0
43762, 0, 1, 1, 0, 0, 0
43763, 6, 2, 2, 0, 5, 1
8995, 0, 19, 3, 16, 0, 0
34620, 1, 3, 3, 0, 0, 1
42493, 0, 13, 13, 0, 0, 0
46937, 2, 1, 1, 0, 2, 0
46938, 0, 6, 5, 1, 0, 0
36664, 3, 6, 5, 1, 2, 1
46939, 0, 1, 1, 0, 0, 0
10893, 0, 3, 3, 0, 0, 0
46940, 0, 1, 1, 0, 0, 0
16974, 1, 3, 3, 0, 1, 0
22941, 6, 3, 2, 1, 3, 3
6686, 14, 4, 4, 0, 13, 1
7798, 0, 14, 12, 2, 0, 0
14245, 4, 11, 10, 1, 2, 2
19689, 55, 2, 2, 0, 55, 0
21552, 0, 5, 5, 0, 0, 0
22099, 1, 1, 1, 0, 1, 0
22104, 8, 2, 2, 0, 6, 2
22107, 44, 1, 1, 0, 42, 2
22108, 11, 2, 2, 0, 11, 0
22109, 1, 6, 6, 0, 1, 0
22110, 21, 5, 3, 2, 8, 13
22112, 2, 1, 1, 0, 2, 0
22114, 26, 1, 1, 0, 26, 0
22115, 29, 7, 5, 2, 18, 11
22118, 1, 1, 1, 0, 1, 0
22120, 1, 2, 2, 0, 1, 0
22121, 22, 11, 7, 4, 10, 12
22122, 30, 4, 4, 0, 30, 0
22127, 3, 4, 2, 2, 3, 0
22129, 0, 2, 0, 2, 0, 0
22130, 8, 2, 1, 1, 6, 2
22131, 92, 12, 6, 6, 25, 67
22132, 1, 2, 1, 1, 0, 1
15297, 0, 4, 1, 3, 0, 0
46941, 0, 1, 1, 0, 0, 0
46942, 0, 2, 1, 1, 0, 0
5339, 2, 3, 3, 0, 0, 2
12860, 33, 2, 2, 0, 33, 0
21016, 5, 8, 4, 4, 5, 0
22821, 30, 3, 3, 0, 9, 21
24524, 4, 3, 1, 2, 4, 0
29225, 21, 5, 4, 1, 9, 12
30012, 1, 9, 6, 3, 1, 0
32741, 8, 7, 7, 0, 7, 1
35067, 17, 7, 4, 3, 12, 5
45883, 26, 3, 3, 0, 26, 0
46296, 0, 2, 2, 0, 0, 0
46943, 2, 1, 1, 0, 2, 0
46944, 30, 1, 1, 0, 30, 0
46945, 12, 4, 4, 0, 10, 2
46946, 0, 1, 1, 0, 0, 0
46947, 3, 2, 2, 0, 3, 0
46948, 12, 1, 1, 0, 8, 4
46949, 3, 1, 1, 0, 3, 0
46950, 6, 1, 1, 0, 6, 0
46951, 6, 2, 2, 0, 5, 1
46952, 2, 1, 1, 0, 2, 0
46953, 7, 1, 1, 0, 3, 4
46954, 2, 1, 1, 0, 2, 0
46955, 12, 5, 2, 3, 11, 1
46956, 0, 2, 2, 0, 0, 0
46957, 2, 2, 2, 0, 2, 0
46958, 5, 1, 1, 0, 5, 0
46959, 2, 1, 1, 0, 2, 0
46960, 19, 2, 2, 0, 18, 1
46961, 12, 1, 0, 1, 10, 2
10889, 15, 17, 11, 6, 8, 7
10918, 21, 7, 4, 3, 0, 21
10922, 10, 6, 0, 6, 2, 8
18406, 14, 54, 1, 53, 1, 13
37236, 3, 6, 1, 5, 3, 0
46962, 0, 5, 5, 0, 0, 0
46963, 0, 6, 6, 0, 0, 0
46964, 0, 1, 1, 0, 0, 0
46965, 0, 4, 1, 3, 0, 0
46966, 0, 1, 0, 1, 0, 0
46967, 0, 1, 0, 1, 0, 0
4800, 1, 6, 3, 3, 0, 1
6182, 132, 11, 11, 0, 123, 9
6306, 91, 5, 5, 0, 85, 6
6535, 0, 8, 8, 0, 0, 0
12585, 1, 16, 16, 0, 1, 0
17925, 2, 13, 13, 0, 2, 0
25285, 0, 4, 4, 0, 0, 0
25296, 1, 2, 2, 0, 1, 0
25633, 2, 11, 8, 3, 2, 0
28814, 52, 6, 6, 0, 38, 14
28847, 0, 1, 1, 0, 0, 0
28849, 0, 1, 1, 0, 0, 0
28852, 4, 3, 3, 0, 4, 0
28853, 0, 4, 3, 1, 0, 0
28856, 0, 1, 1, 0, 0, 0
28857, 1, 3, 3, 0, 1, 0
28859, 0, 1, 1, 0, 0, 0
28861, 9, 5, 4, 1, 8, 1
28862, 3, 7, 6, 1, 1, 2
40633, 0, 3, 3, 0, 0, 0
46968, 0, 1, 1, 0, 0, 0
46969, 0, 1, 1, 0, 0, 0
10452, 6, 7, 5, 2, 6, 0
10458, 8, 2, 2, 0, 7, 1
10465, 0, 2, 2, 0, 0, 0
10470, 3, 2, 2, 0, 3, 0
10472, 1, 1, 1, 0, 1, 0
10475, 25, 5, 5, 0, 25, 0
17734, 7, 7, 5, 2, 7, 0
24880, 0, 4, 2, 2, 0, 0
46970, 0, 7, 7, 0, 0, 0
15140, 7, 10, 10, 0, 7, 0
19473, 4, 10, 8, 2, 4, 0
37343, 2, 6, 6, 0, 2, 0
46410, 0, 4, 4, 0, 0, 0
46971, 0, 2, 2, 0, 0, 0
46972, 0, 1, 1, 0, 0, 0
46973, 1, 1, 1, 0, 1, 0
46974, 0, 1, 1, 0, 0, 0
46975, 0, 1, 1, 0, 0, 0
46976, 0, 3, 3, 0, 0, 0
46977, 0, 1, 1, 0, 0, 0
46978, 7, 3, 1, 2, 7, 0
25252, 2, 2, 2, 0, 2, 0
44238, 5, 1, 1, 0, 5, 0
47129, 1, 1, 1, 0, 1, 0
23810, 0, 2, 2, 0, 0, 0
2946, 24, 4, 4, 0, 22, 2
2950, 4, 1, 1, 0, 4, 0
2959, 0, 4, 4, 0, 0, 0
3315, 0, 9, 9, 0, 0, 0
16420, 0, 4, 4, 0, 0, 0
38412, 0, 4, 3, 1, 0, 0
47130, 0, 2, 1, 1, 0, 0
47131, 0, 1, 1, 0, 0, 0
47132, 0, 1, 1, 0, 0, 0
47133, 0, 1, 1, 0, 0, 0
3036, 0, 6, 0, 6, 0, 0
3480, 8, 16, 11, 5, 7, 1
6545, 3, 6, 5, 1, 3, 0
8211, 1, 3, 3, 0, 1, 0
9554, 0, 2, 1, 1, 0, 0
9587, 0, 11, 8, 3, 0, 0
18866, 0, 8, 8, 0, 0, 0
21204, 0, 3, 3, 0, 0, 0
24098, 0, 5, 0, 5, 0, 0
26390, 0, 2, 2, 0, 0, 0
32717, 24, 12, 11, 1, 11, 13
32817, 1, 4, 2, 2, 1, 0
34040, 2, 11, 3, 8, 0, 2
34578, 2, 4, 4, 0, 0, 2
38537, 0, 3, 2, 1, 0, 0
38538, 3, 1, 1, 0, 3, 0
38539, 1, 1, 1, 0, 1, 0
38540, 9, 2, 2, 0, 7, 2
38541, 0, 2, 2, 0, 0, 0
38542, 0, 1, 1, 0, 0, 0
38543, 3, 2, 2, 0, 2, 1
38544, 1, 3, 3, 0, 1, 0
38545, 1, 1, 1, 0, 1, 0
38546, 0, 1, 1, 0, 0, 0
38548, 2, 1, 1, 0, 2, 0
38549, 7, 1, 1, 0, 7, 0
38550, 0, 2, 1, 1, 0, 0
38552, 0, 2, 0, 2, 0, 0
38553, 0, 2, 0, 2, 0, 0
38554, 6, 3, 2, 1, 4, 2
38555, 0, 2, 0, 2, 0, 0
38556, 0, 1, 0, 1, 0, 0
38557, 1, 2, 0, 2, 0, 1
38558, 0, 1, 0, 1, 0, 0
10007, 32, 5, 5, 0, 31, 1
10025, 18, 9, 9, 0, 16, 2
10031, 1, 3, 3, 0, 1, 0
16172, 4, 6, 6, 0, 3, 1
47134, 0, 2, 2, 0, 0, 0
47135, 23, 2, 2, 0, 23, 0
29430, 0, 3, 3, 0, 0, 0
41822, 0, 2, 2, 0, 0, 0
47136, 0, 1, 1, 0, 0, 0
47137, 0, 3, 3, 0, 0, 0
47138, 5, 1, 1, 0, 5, 0
2981, 6, 27, 24, 3, 6, 0
3311, 0, 21, 18, 3, 0, 0
4532, 3, 2, 0, 2, 2, 1
5252, 3, 18, 15, 3, 3, 0
6612, 3, 6, 4, 2, 3, 0
12432, 0, 11, 2, 9, 0, 0
13735, 0, 12, 12, 0, 0, 0
15739, 1, 4, 2, 2, 1, 0
17399, 5, 12, 5, 7, 5, 0
18837, 25, 9, 7, 2, 25, 0
23440, 0, 4, 4, 0, 0, 0
23441, 0, 1, 1, 0, 0, 0
23442, 0, 1, 1, 0, 0, 0
23443, 1, 2, 2, 0, 1, 0
23445, 13, 5, 4, 1, 13, 0
23446, 2, 2, 1, 1, 2, 0
23447, 0, 7, 7, 0, 0, 0
23448, 10, 3, 3, 0, 10, 0
23449, 0, 1, 1, 0, 0, 0
23453, 0, 1, 0, 1, 0, 0
23454, 0, 2, 1, 1, 0, 0
23456, 0, 1, 0, 1, 0, 0
23457, 0, 2, 1, 1, 0, 0
23460, 0, 1, 0, 1, 0, 0
23461, 0, 4, 3, 1, 0, 0
23462, 0, 1, 0, 1, 0, 0
23464, 0, 2, 0, 2, 0, 0
23465, 2, 2, 1, 1, 2, 0
23468, 1, 4, 3, 1, 1, 0
23469, 0, 1, 0, 1, 0, 0
23470, 40, 7, 5, 2, 13, 27
23471, 7, 5, 4, 1, 6, 1
23472, 0, 2, 1, 1, 0, 0
23473, 0, 10, 4, 6, 0, 0
23475, 1, 5, 0, 5, 1, 0
23477, 7, 4, 3, 1, 3, 4
23478, 0, 1, 0, 1, 0, 0
23481, 0, 2, 0, 2, 0, 0
23482, 0, 7, 4, 3, 0, 0
23483, 0, 1, 0, 1, 0, 0
22180, 0, 6, 6, 0, 0, 0
4421, 0, 7, 7, 0, 0, 0
10008, 0, 4, 4, 0, 0, 0
10009, 0, 3, 3, 0, 0, 0
10010, 0, 3, 3, 0, 0, 0
10012, 0, 1, 1, 0, 0, 0
10015, 1, 4, 3, 1, 1, 0
10016, 0, 2, 2, 0, 0, 0
10017, 0, 4, 4, 0, 0, 0
10019, 1, 3, 3, 0, 1, 0
10020, 15, 6, 4, 2, 13, 2
10022, 0, 1, 1, 0, 0, 0
10023, 0, 2, 2, 0, 0, 0
10026, 0, 1, 1, 0, 0, 0
10027, 0, 1, 1, 0, 0, 0
10032, 0, 3, 3, 0, 0, 0
10034, 0, 6, 6, 0, 0, 0
10036, 20, 4, 3, 1, 8, 12
10040, 0, 3, 2, 1, 0, 0
10042, 7, 5, 4, 1, 6, 1
10044, 0, 2, 0, 2, 0, 0
10046, 0, 2, 1, 1, 0, 0
10048, 0, 2, 1, 1, 0, 0
47139, 0, 1, 1, 0, 0, 0
36384, 12, 3, 1, 2, 8, 4
47140, 4, 1, 1, 0, 4, 0
47141, 4, 2, 2, 0, 4, 0
47142, 0, 3, 3, 0, 0, 0
47143, 5, 1, 1, 0, 5, 0
47144, 0, 1, 1, 0, 0, 0
47145, 2, 2, 1, 1, 2, 0
12250, 0, 12, 12, 0, 0, 0
47146, 0, 2, 2, 0, 0, 0
47147, 44, 2, 1, 1, 17, 27
16452, 0, 11, 11, 0, 0, 0
37942, 1, 5, 3, 2, 1, 0
43805, 0, 4, 4, 0, 0, 0
2972, 27, 16, 12, 4, 27, 0
2974, 1, 4, 2, 2, 1, 0
2975, 2, 1, 1, 0, 2, 0
2980, 0, 1, 1, 0, 0, 0
2985, 0, 3, 3, 0, 0, 0
2990, 0, 2, 2, 0, 0, 0
2992, 1, 1, 1, 0, 0, 1
2993, 0, 2, 0, 2, 0, 0
2996, 0, 1, 0, 1, 0, 0
2998, 0, 17, 11, 6, 0, 0
3001, 0, 14, 13, 1, 0, 0
3002, 0, 3, 0, 3, 0, 0
3003, 0, 1, 0, 1, 0, 0
3007, 6, 6, 0, 6, 0, 6
3008, 0, 1, 0, 1, 0, 0
3010, 0, 1, 0, 1, 0, 0
3348, 1, 8, 4, 4, 1, 0
4256, 0, 6, 6, 0, 0, 0
6877, 1, 11, 4, 7, 0, 1
6937, 0, 4, 4, 0, 0, 0
7383, 3, 11, 7, 4, 3, 0
19694, 1, 10, 9, 1, 1, 0
24824, 2, 6, 5, 1, 2, 0
25283, 0, 3, 3, 0, 0, 0
25313, 6, 1, 1, 0, 6, 0
26726, 29, 6, 6, 0, 29, 0
26838, 22, 8, 7, 1, 8, 14
28878, 0, 2, 2, 0, 0, 0
32571, 0, 7, 7, 0, 0, 0
36494, 14, 6, 2, 4, 6, 8
36495, 1, 3, 2, 1, 1, 0
36496, 0, 1, 1, 0, 0, 0
36498, 0, 1, 1, 0, 0, 0
36499, 0, 2, 2, 0, 0, 0
36500, 2, 1, 1, 0, 2, 0
36501, 14, 8, 7, 1, 14, 0
36502, 4, 3, 3, 0, 4, 0
36503, 59, 7, 7, 0, 45, 14
36504, 0, 2, 2, 0, 0, 0
36505, 3, 2, 2, 0, 3, 0
36506, 0, 3, 3, 0, 0, 0
36507, 7, 3, 3, 0, 7, 0
13405, 80, 2, 2, 0, 79, 1
18177, 17, 1, 1, 0, 17, 0
22643, 5, 5, 5, 0, 4, 1
33998, 1, 4, 1, 3, 1, 0
34000, 1, 3, 3, 0, 1, 0
34002, 8, 1, 1, 0, 7, 1
34003, 4, 1, 1, 0, 4, 0
34004, 0, 2, 2, 0, 0, 0
41576, 3, 5, 4, 1, 3, 0
41536, 34, 9, 6, 3, 20, 14
47150, 1, 1, 1, 0, 1, 0
47151, 4, 2, 2, 0, 4, 0
47152, 0, 2, 2, 0, 0, 0
47153, 0, 1, 0, 1, 0, 0
47154, 1, 1, 0, 1, 1, 0
25065, 0, 8, 8, 0, 0, 0
47155, 0, 1, 1, 0, 0, 0
32885, 0, 2, 1, 1, 0, 0
3424, 0, 5, 3, 2, 0, 0
4044, 0, 11, 10, 1, 0, 0
4415, 0, 20, 15, 5, 0, 0
8986, 0, 7, 7, 0, 0, 0
10567, 0, 6, 3, 3, 0, 0
12766, 13, 3, 2, 1, 13, 0
14038, 0, 5, 4, 1, 0, 0
14081, 17, 6, 4, 2, 12, 5
15059, 0, 7, 7, 0, 0, 0
18446, 3, 6, 6, 0, 3, 0
21287, 3, 13, 12, 1, 3, 0
23303, 1, 3, 2, 1, 1, 0
25360, 0, 3, 3, 0, 0, 0
25636, 0, 2, 2, 0, 0, 0
29563, 6, 16, 15, 1, 6, 0
30059, 3, 7, 3, 4, 3, 0
30263, 0, 10, 8, 2, 0, 0
32767, 0, 4, 4, 0, 0, 0
34041, 1, 7, 6, 1, 1, 0
35550, 1, 3, 3, 0, 1, 0
36794, 6, 6, 3, 3, 3, 3
37426, 0, 2, 1, 1, 0, 0
39079, 3, 5, 2, 3, 3, 0
42441, 7, 7, 6, 1, 7, 0
42520, 16, 7, 7, 0, 16, 0
43908, 0, 9, 3, 6, 0, 0
46323, 0, 3, 3, 0, 0, 0
47156, 2, 4, 4, 0, 2, 0
47157, 2, 3, 3, 0, 2, 0
47158, 0, 1, 1, 0, 0, 0
47159, 0, 1, 1, 0, 0, 0
47160, 0, 1, 1, 0, 0, 0
47161, 0, 1, 1, 0, 0, 0
47162, 25, 3, 2, 1, 23, 2
47163, 0, 1, 1, 0, 0, 0
47164, 0, 2, 2, 0, 0, 0
47165, 0, 1, 1, 0, 0, 0
47166, 0, 1, 1, 0, 0, 0
47167, 0, 11, 7, 4, 0, 0
47168, 0, 4, 4, 0, 0, 0
47169, 10, 3, 3, 0, 3, 7
47170, 4, 2, 2, 0, 3, 1
47171, 0, 1, 1, 0, 0, 0
47172, 0, 5, 1, 4, 0, 0
47173, 0, 1, 0, 1, 0, 0
47174, 1, 1, 0, 1, 0, 1
47175, 4, 2, 1, 1, 3, 1
47176, 0, 3, 2, 1, 0, 0
30462, 0, 2, 1, 1, 0, 0
32983, 0, 4, 3, 1, 0, 0
22084, 0, 9, 6, 3, 0, 0
25729, 2, 5, 4, 1, 2, 0
27482, 2, 3, 3, 0, 1, 1
35763, 0, 4, 3, 1, 0, 0
47177, 5, 2, 0, 2, 2, 3
3677, 2, 12, 2, 10, 2, 0
14954, 1, 2, 2, 0, 0, 1
15109, 12, 6, 6, 0, 10, 2
16961, 17, 3, 3, 0, 11, 6
18825, 0, 11, 6, 5, 0, 0
19840, 0, 17, 5, 12, 0, 0
20189, 8, 9, 4, 5, 8, 0
20235, 0, 4, 2, 2, 0, 0
22787, 1, 10, 1, 9, 0, 1
23968, 1, 3, 1, 2, 1, 0
24147, 31, 4, 4, 0, 17, 14
37661, 0, 7, 6, 1, 0, 0
38643, 47, 3, 2, 1, 32, 15
45937, 0, 10, 10, 0, 0, 0
45957, 5, 3, 3, 0, 0, 5
45958, 17, 2, 2, 0, 8, 9
45959, 0, 5, 5, 0, 0, 0
45960, 0, 3, 3, 0, 0, 0
45961, 6, 1, 1, 0, 0, 6
45962, 2, 1, 1, 0, 1, 1
45963, 26, 1, 1, 0, 8, 18
45964, 1, 1, 1, 0, 0, 1
45965, 12, 2, 2, 0, 9, 3
45966, 1, 1, 1, 0, 1, 0
45967, 4, 2, 1, 1, 3, 1
45968, 18, 2, 2, 0, 10, 8
11675, 0, 21, 16, 5, 0, 0
13672, 11, 15, 8, 7, 7, 4
29923, 6, 5, 5, 0, 5, 1
44857, 3, 1, 1, 0, 3, 0
47187, 0, 1, 1, 0, 0, 0
47188, 3, 3, 3, 0, 1, 2
12421, 0, 7, 7, 0, 0, 0
17609, 0, 10, 10, 0, 0, 0
20618, 0, 4, 4, 0, 0, 0
47189, 0, 1, 0, 1, 0, 0
12284, 1, 2, 2, 0, 1, 0
47190, 5, 1, 1, 0, 5, 0
47191, 141, 2, 2, 0, 32, 109
10066, 0, 5, 2, 3, 0, 0
30939, 1, 5, 4, 1, 1, 0
30960, 0, 8, 6, 2, 0, 0
47192, 0, 1, 1, 0, 0, 0
47193, 0, 4, 2, 2, 0, 0
47194, 0, 1, 1, 0, 0, 0
47195, 0, 2, 2, 0, 0, 0
15579, 17, 11, 10, 1, 14, 3
18459, 13, 7, 4, 3, 12, 1
37718, 0, 2, 0, 2, 0, 0
37723, 24, 2, 2, 0, 24, 0
37724, 0, 3, 3, 0, 0, 0
37725, 0, 3, 3, 0, 0, 0
37726, 1, 2, 2, 0, 1, 0
37730, 0, 1, 0, 1, 0, 0
37733, 1, 3, 2, 1, 1, 0
37734, 0, 1, 0, 1, 0, 0
37737, 0, 1, 0, 1, 0, 0
25978, 48, 15, 8, 7, 19, 29
20156, 0, 3, 0, 3, 0, 0
47196, 0, 1, 1, 0, 0, 0
47197, 60, 6, 4, 2, 27, 33
3011, 65, 4, 3, 1, 41, 24
3013, 0, 1, 1, 0, 0, 0
3016, 2, 2, 2, 0, 2, 0
3017, 0, 1, 1, 0, 0, 0
3018, 0, 1, 1, 0, 0, 0
3021, 6, 1, 1, 0, 4, 2
3022, 33, 16, 15, 1, 33, 0
3023, 5, 3, 3, 0, 5, 0
3033, 0, 6, 6, 0, 0, 0
3044, 1, 1, 0, 1, 0, 1
20272, 0, 7, 6, 1, 0, 0
23273, 0, 18, 18, 0, 0, 0
26863, 1, 3, 1, 2, 1, 0
47198, 0, 2, 2, 0, 0, 0
47199, 0, 1, 1, 0, 0, 0
47200, 0, 5, 2, 3, 0, 0
47201, 2, 2, 2, 0, 2, 0
47202, 0, 2, 1, 1, 0, 0
47203, 1, 2, 1, 1, 1, 0
27598, 4, 5, 4, 1, 4, 0
47204, 0, 2, 2, 0, 0, 0
5303, 5, 5, 2, 3, 5, 0
10062, 0, 5, 0, 5, 0, 0
30952, 3, 4, 0, 4, 3, 0
18133, 1, 3, 1, 2, 1, 0
47205, 0, 1, 1, 0, 0, 0
47206, 0, 1, 0, 1, 0, 0
5314, 22, 17, 12, 5, 10, 12
23382, 0, 8, 7, 1, 0, 0
44699, 0, 3, 3, 0, 0, 0
47207, 0, 1, 1, 0, 0, 0
47208, 0, 2, 2, 0, 0, 0
47209, 0, 1, 1, 0, 0, 0
47210, 1, 1, 1, 0, 1, 0
30498, 0, 10, 9, 1, 0, 0
16513, 0, 5, 5, 0, 0, 0
47211, 2, 1, 1, 0, 2, 0
29208, 1, 17, 11, 6, 0, 1
34815, 0, 6, 5, 1, 0, 0
47212, 1, 4, 4, 0, 1, 0
47213, 0, 1, 1, 0, 0, 0
47214, 0, 2, 2, 0, 0, 0
5858, 36, 9, 7, 2, 33, 3
8443, 1, 24, 19, 5, 1, 0
9736, 1, 10, 3, 7, 1, 0
10253, 9, 5, 3, 2, 8, 1
10931, 2, 7, 6, 1, 2, 0
11648, 19, 6, 5, 1, 17, 2
13662, 0, 2, 2, 0, 0, 0
24646, 0, 4, 3, 1, 0, 0
29145, 13, 2, 1, 1, 8, 5
47215, 0, 1, 1, 0, 0, 0
47216, 0, 3, 2, 1, 0, 0
47217, 0, 2, 2, 0, 0, 0
47218, 0, 5, 5, 0, 0, 0
47219, 0, 1, 1, 0, 0, 0
47220, 0, 3, 2, 1, 0, 0
47221, 0, 1, 1, 0, 0, 0
47222, 0, 2, 0, 2, 0, 0
47223, 1, 1, 1, 0, 1, 0
47224, 0, 1, 1, 0, 0, 0
4494, 9, 6, 5, 1, 8, 1
19761, 2, 7, 6, 1, 2, 0
21502, 1, 5, 2, 3, 1, 0
33166, 2, 2, 2, 0, 1, 1
47225, 0, 3, 2, 1, 0, 0
47226, 0, 1, 1, 0, 0, 0
47227, 4, 1, 1, 0, 2, 2
47228, 18, 1, 1, 0, 18, 0
47229, 0, 2, 2, 0, 0, 0
47230, 6, 2, 2, 0, 6, 0
47231, 0, 1, 1, 0, 0, 0
47232, 1, 2, 2, 0, 1, 0
47233, 0, 1, 1, 0, 0, 0
47234, 8, 2, 2, 0, 8, 0
26399, 0, 5, 0, 5, 0, 0
26400, 0, 5, 0, 5, 0, 0
26401, 0, 5, 0, 5, 0, 0
26404, 0, 6, 0, 6, 0, 0
26407, 0, 6, 0, 6, 0, 0
30258, 2, 3, 1, 2, 0, 2
45058, 1, 4, 4, 0, 1, 0
45059, 0, 1, 1, 0, 0, 0
45060, 1, 1, 1, 0, 1, 0
45061, 0, 2, 0, 2, 0, 0
47238, 62, 7, 3, 4, 17, 45
16336, 1, 13, 11, 2, 1, 0
23728, 7, 9, 8, 1, 4, 3
34447, 0, 12, 12, 0, 0, 0
37908, 0, 5, 1, 4, 0, 0
47239, 1, 3, 2, 1, 1, 0
47240, 0, 2, 2, 0, 0, 0
47241, 3, 1, 1, 0, 2, 1
8803, 15, 3, 2, 1, 15, 0
9667, 45, 1, 1, 0, 45, 0
9930, 3, 6, 6, 0, 3, 0
12405, 7, 5, 4, 1, 7, 0
17711, 0, 10, 9, 1, 0, 0
21429, 0, 12, 9, 3, 0, 0
37256, 1, 2, 2, 0, 1, 0
38854, 4, 4, 4, 0, 4, 0
45876, 0, 4, 2, 2, 0, 0
47242, 5, 4, 4, 0, 5, 0
35461, 21, 5, 3, 2, 9, 12
47235, 0, 2, 2, 0, 0, 0
47236, 3, 1, 1, 0, 2, 1
47237, 2, 2, 2, 0, 2, 0
47098, 13, 1, 1, 0, 13, 0
23148, 48, 3, 3, 0, 48, 0
23590, 6, 9, 2, 7, 5, 1
47243, 0, 1, 1, 0, 0, 0
47244, 2, 4, 1, 3, 2, 0
47245, 0, 1, 1, 0, 0, 0
24084, 6, 7, 7, 0, 6, 0
45969, 0, 1, 0, 1, 0, 0
19636, 0, 9, 9, 0, 0, 0
30670, 12, 10, 9, 1, 7, 5
30752, 0, 13, 13, 0, 0, 0
44201, 0, 4, 4, 0, 0, 0
12369, 32, 9, 9, 0, 31, 1
19851, 54, 3, 2, 1, 54, 0
28270, 13, 3, 3, 0, 10, 3
30156, 101, 7, 5, 2, 93, 8
39010, 8, 6, 5, 1, 7, 1
47246, 1, 2, 1, 1, 1, 0
47247, 5, 2, 2, 0, 5, 0
19853, 0, 8, 6, 2, 0, 0
23775, 5, 5, 4, 1, 5, 0
23778, 0, 2, 2, 0, 0, 0
23779, 0, 1, 1, 0, 0, 0
23780, 0, 2, 1, 1, 0, 0
23781, 31, 4, 4, 0, 15, 16
23782, 0, 1, 1, 0, 0, 0
23784, 0, 2, 2, 0, 0, 0
23785, 0, 1, 1, 0, 0, 0
23786, 0, 1, 1, 0, 0, 0
23787, 13, 3, 3, 0, 7, 6
23788, 3, 2, 2, 0, 3, 0
23789, 37, 5, 4, 1, 28, 9
23790, 0, 1, 1, 0, 0, 0
23791, 0, 1, 1, 0, 0, 0
23792, 0, 2, 2, 0, 0, 0
23795, 0, 7, 7, 0, 0, 0
23797, 0, 1, 1, 0, 0, 0
23800, 18, 12, 8, 4, 10, 8
23802, 8, 5, 3, 2, 8, 0
20036, 0, 2, 1, 1, 0, 0
34325, 7, 4, 2, 2, 6, 1
47248, 0, 1, 1, 0, 0, 0
47249, 4, 1, 1, 0, 3, 1
47250, 0, 3, 2, 1, 0, 0
3060, 11, 3, 3, 0, 10, 1
3061, 19, 4, 3, 1, 17, 2
3063, 12, 1, 1, 0, 11, 1
3067, 2, 3, 3, 0, 2, 0
3071, 2, 2, 2, 0, 2, 0
3072, 2, 9, 8, 1, 2, 0
47251, 1, 1, 1, 0, 1, 0
14429, 7, 10, 10, 0, 7, 0
22287, 0, 1, 1, 0, 0, 0
22288, 0, 1, 1, 0, 0, 0
22290, 15, 4, 1, 3, 7, 8
44668, 9, 12, 12, 0, 9, 0
12416, 11, 2, 2, 0, 11, 0
16335, 0, 10, 9, 1, 0, 0
27979, 53, 10, 9, 1, 53, 0
47252, 1, 3, 1, 2, 1, 0
4960, 0, 21, 20, 1, 0, 0
5333, 1, 7, 7, 0, 1, 0
18619, 2, 5, 3, 2, 2, 0
20762, 6, 7, 7, 0, 6, 0
27277, 0, 3, 2, 1, 0, 0
29325, 15, 26, 24, 2, 15, 0
33299, 0, 2, 2, 0, 0, 0
35425, 22, 7, 5, 2, 18, 4
44924, 2, 2, 2, 0, 2, 0
47253, 0, 2, 1, 1, 0, 0
47254, 0, 4, 4, 0, 0, 0
15175, 14, 12, 11, 1, 8, 6
4783, 0, 4, 3, 1, 0, 0
9663, 3, 6, 3, 3, 3, 0
14172, 0, 8, 8, 0, 0, 0
14464, 0, 8, 8, 0, 0, 0
14759, 4, 5, 5, 0, 4, 0
15592, 27, 11, 11, 0, 26, 1
17259, 6, 2, 2, 0, 5, 1
18557, 1, 10, 8, 2, 1, 0
18856, 0, 8, 7, 1, 0, 0
19285, 0, 6, 6, 0, 0, 0
21733, 1, 5, 5, 0, 1, 0
21805, 2, 23, 18, 5, 2, 0
26484, 5, 12, 9, 3, 5, 0
27595, 0, 2, 1, 1, 0, 0
28156, 0, 4, 4, 0, 0, 0
28158, 1, 2, 2, 0, 1, 0
28159, 0, 1, 1, 0, 0, 0
28160, 0, 12, 6, 6, 0, 0
28161, 0, 1, 1, 0, 0, 0
28163, 0, 5, 3, 2, 0, 0
28164, 1, 5, 4, 1, 0, 1
28166, 0, 1, 1, 0, 0, 0
28167, 0, 6, 6, 0, 0, 0
28168, 0, 3, 3, 0, 0, 0
28169, 0, 6, 1, 5, 0, 0
28170, 3, 7, 6, 1, 3, 0
28171, 0, 4, 3, 1, 0, 0
28174, 0, 1, 1, 0, 0, 0
28179, 0, 2, 1, 1, 0, 0
28180, 4, 5, 4, 1, 4, 0
28181, 0, 2, 2, 0, 0, 0
28183, 1, 2, 2, 0, 1, 0
28184, 0, 1, 1, 0, 0, 0
28185, 0, 1, 1, 0, 0, 0
28186, 5, 3, 3, 0, 2, 3
28187, 3, 4, 3, 1, 3, 0
28188, 0, 2, 2, 0, 0, 0
28189, 0, 1, 1, 0, 0, 0
28190, 0, 2, 2, 0, 0, 0
28191, 0, 1, 1, 0, 0, 0
28192, 12, 7, 4, 3, 8, 4
3225, 3, 18, 18, 0, 3, 0
6684, 6, 1, 1, 0, 6, 0
6716, 13, 12, 9, 3, 12, 1
7386, 0, 4, 3, 1, 0, 0
12270, 0, 7, 7, 0, 0, 0
13404, 0, 6, 6, 0, 0, 0
14270, 0, 2, 2, 0, 0, 0
17946, 30, 14, 6, 8, 30, 0
21509, 0, 7, 7, 0, 0, 0
21696, 2, 5, 5, 0, 2, 0
26783, 11, 20, 20, 0, 11, 0
32645, 32, 3, 3, 0, 18, 14
34322, 1, 5, 4, 1, 1, 0
36893, 0, 5, 3, 2, 0, 0
37263, 0, 3, 3, 0, 0, 0
41600, 0, 2, 2, 0, 0, 0
41601, 2, 3, 1, 2, 1, 1
41602, 0, 2, 2, 0, 0, 0
41603, 0, 2, 2, 0, 0, 0
41604, 4, 2, 2, 0, 4, 0
41605, 0, 2, 2, 0, 0, 0
41606, 4, 4, 4, 0, 4, 0
41607, 0, 1, 1, 0, 0, 0
41608, 0, 2, 2, 0, 0, 0
41609, 0, 1, 1, 0, 0, 0
41610, 0, 1, 1, 0, 0, 0
41611, 16, 1, 1, 0, 15, 1
41612, 2, 1, 1, 0, 2, 0
41613, 0, 2, 2, 0, 0, 0
41614, 0, 2, 2, 0, 0, 0
41615, 1, 2, 2, 0, 1, 0
41616, 0, 1, 1, 0, 0, 0
41617, 0, 2, 2, 0, 0, 0
18189, 0, 6, 3, 3, 0, 0
37094, 0, 4, 4, 0, 0, 0
37305, 0, 6, 6, 0, 0, 0
37306, 0, 1, 1, 0, 0, 0
37307, 0, 1, 0, 1, 0, 0
37308, 0, 1, 0, 1, 0, 0
21744, 0, 5, 4, 1, 0, 0
21745, 0, 3, 2, 1, 0, 0
4033, 0, 8, 6, 2, 0, 0
8570, 0, 2, 1, 1, 0, 0
8573, 0, 6, 5, 1, 0, 0
8574, 1, 5, 4, 1, 1, 0
8578, 0, 2, 2, 0, 0, 0
8582, 5, 4, 3, 1, 4, 1
8587, 0, 3, 3, 0, 0, 0
8590, 0, 3, 3, 0, 0, 0
8593, 30, 10, 8, 2, 20, 10
8594, 6, 2, 2, 0, 6, 0
8595, 4, 5, 5, 0, 3, 1
8596, 8, 5, 4, 1, 8, 0
8599, 4, 2, 2, 0, 3, 1
8604, 2, 1, 0, 1, 2, 0
8605, 1, 3, 1, 2, 0, 1
8607, 0, 2, 0, 2, 0, 0
8608, 0, 1, 0, 1, 0, 0
8611, 1, 2, 1, 1, 0, 1
8614, 0, 6, 1, 5, 0, 0
8617, 0, 5, 2, 3, 0, 0
8623, 0, 5, 3, 2, 0, 0
8630, 0, 1, 0, 1, 0, 0
8632, 0, 1, 0, 1, 0, 0
8634, 1, 5, 1, 4, 1, 0
8635, 2, 3, 1, 2, 0, 2
8636, 1, 4, 1, 3, 0, 1
8639, 2, 1, 0, 1, 2, 0
8640, 0, 2, 1, 1, 0, 0
8641, 8, 6, 4, 2, 8, 0
8642, 0, 3, 0, 3, 0, 0
8643, 0, 4, 2, 2, 0, 0
8644, 0, 1, 0, 1, 0, 0
8645, 0, 4, 0, 4, 0, 0
8649, 6, 3, 0, 3, 6, 0
8652, 4, 13, 7, 6, 4, 0
8653, 16, 4, 3, 1, 13, 3
8657, 0, 14, 5, 9, 0, 0
8658, 0, 3, 2, 1, 0, 0
8659, 15, 6, 4, 2, 13, 2
8660, 8, 3, 1, 2, 6, 2
8664, 1, 7, 5, 2, 1, 0
8666, 1, 3, 0, 3, 1, 0
8667, 1, 1, 0, 1, 0, 1
8668, 7, 1, 0, 1, 7, 0
8669, 0, 2, 1, 1, 0, 0
8670, 7, 7, 4, 3, 6, 1
8672, 0, 1, 0, 1, 0, 0
6920, 38, 9, 8, 1, 38, 0
15795, 9, 2, 1, 1, 9, 0
17033, 1, 3, 1, 2, 0, 1
22175, 35, 1, 0, 1, 34, 1
26261, 1, 1, 0, 1, 1, 0
47255, 0, 1, 0, 1, 0, 0
3112, 7, 15, 9, 6, 3, 4
3498, 0, 18, 7, 11, 0, 0
9226, 0, 9, 8, 1, 0, 0
13690, 0, 3, 0, 3, 0, 0
14282, 16, 17, 11, 6, 14, 2
14765, 3, 7, 5, 2, 2, 1
14909, 7, 10, 7, 3, 2, 5
14941, 0, 22, 12, 10, 0, 0
15445, 1, 4, 2, 2, 1, 0
16459, 1, 4, 3, 1, 0, 1
18205, 0, 5, 3, 2, 0, 0
20138, 1, 5, 4, 1, 1, 0
24580, 0, 11, 7, 4, 0, 0
24700, 0, 15, 10, 5, 0, 0
28480, 0, 6, 5, 1, 0, 0
28777, 0, 9, 7, 2, 0, 0
33336, 2, 2, 1, 1, 2, 0
33348, 0, 4, 2, 2, 0, 0
38509, 0, 2, 0, 2, 0, 0
38701, 0, 1, 1, 0, 0, 0
38702, 1, 2, 2, 0, 1, 0
38703, 1, 1, 1, 0, 1, 0
38704, 0, 9, 6, 3, 0, 0
38705, 0, 1, 0, 1, 0, 0
38706, 2, 12, 2, 10, 1, 1
38707, 1, 2, 1, 1, 1, 0
38708, 2, 3, 1, 2, 1, 1
38709, 1, 1, 0, 1, 0, 1
38710, 0, 1, 0, 1, 0, 0
38711, 0, 1, 0, 1, 0, 0
38712, 0, 1, 0, 1, 0, 0
38713, 0, 4, 1, 3, 0, 0
38714, 4, 6, 4, 2, 4, 0
38715, 0, 1, 0, 1, 0, 0
38716, 0, 2, 1, 1, 0, 0
38717, 0, 1, 0, 1, 0, 0
38719, 0, 3, 2, 1, 0, 0
38720, 0, 1, 0, 1, 0, 0
38721, 0, 1, 0, 1, 0, 0
38722, 0, 3, 0, 3, 0, 0
38723, 0, 10, 6, 4, 0, 0
38724, 1, 3, 2, 1, 1, 0
38726, 9, 3, 2, 1, 9, 0
38727, 0, 1, 0, 1, 0, 0
3337, 13, 13, 8, 5, 10, 3
5881, 0, 30, 8, 22, 0, 0
9162, 5, 5, 3, 2, 3, 2
9245, 0, 10, 3, 7, 0, 0
14093, 17, 18, 16, 2, 17, 0
14238, 0, 9, 5, 4, 0, 0
15527, 0, 4, 2, 2, 0, 0
17370, 25, 6, 3, 3, 8, 17
22476, 0, 17, 7, 10, 0, 0
29468, 1, 3, 1, 2, 0, 1
29564, 9, 10, 9, 1, 8, 1
33283, 1, 9, 4, 5, 1, 0
34746, 6, 9, 2, 7, 4, 2
35762, 0, 5, 4, 1, 0, 0
37993, 0, 3, 2, 1, 0, 0
47256, 1, 2, 1, 1, 1, 0
47257, 0, 1, 1, 0, 0, 0
47258, 0, 1, 1, 0, 0, 0
47259, 0, 5, 3, 2, 0, 0
47260, 0, 1, 1, 0, 0, 0
47261, 0, 1, 1, 0, 0, 0
47262, 0, 5, 2, 3, 0, 0
47263, 1, 1, 0, 1, 0, 1
47264, 1, 1, 0, 1, 1, 0
47265, 0, 2, 0, 2, 0, 0
47266, 2, 2, 0, 2, 2, 0
47267, 0, 1, 0, 1, 0, 0
47268, 0, 1, 0, 1, 0, 0
47269, 14, 3, 1, 2, 12, 2
47270, 0, 3, 0, 3, 0, 0
47271, 0, 3, 0, 3, 0, 0
47272, 0, 3, 0, 3, 0, 0
3082, 1, 14, 13, 1, 1, 0
3083, 0, 2, 2, 0, 0, 0
3090, 0, 1, 1, 0, 0, 0
3092, 0, 3, 2, 1, 0, 0
3094, 13, 8, 7, 1, 8, 5
3095, 8, 14, 12, 2, 8, 0
3102, 3, 2, 2, 0, 3, 0
3103, 0, 1, 1, 0, 0, 0
3104, 0, 9, 8, 1, 0, 0
3107, 7, 3, 3, 0, 7, 0
3108, 0, 3, 3, 0, 0, 0
3116, 2, 3, 2, 1, 2, 0
3118, 2, 1, 1, 0, 2, 0
3120, 0, 1, 1, 0, 0, 0
3125, 0, 2, 2, 0, 0, 0
3131, 0, 5, 5, 0, 0, 0
3133, 0, 1, 1, 0, 0, 0
3141, 1, 15, 12, 3, 1, 0
3142, 0, 5, 5, 0, 0, 0
3145, 5, 5, 5, 0, 4, 1
3147, 1, 7, 5, 2, 0, 1
3149, 126, 6, 6, 0, 121, 5
3157, 2, 8, 7, 1, 2, 0
3158, 0, 6, 3, 3, 0, 0
3164, 8, 14, 12, 2, 8, 0
3166, 0, 2, 2, 0, 0, 0
3167, 0, 2, 2, 0, 0, 0
3170, 12, 7, 5, 2, 11, 1
3171, 2, 2, 2, 0, 2, 0
3172, 4, 10, 9, 1, 4, 0
3175, 6, 5, 2, 3, 2, 4
3178, 0, 1, 1, 0, 0, 0
3179, 5, 5, 3, 2, 3, 2
3191, 3, 3, 3, 0, 3, 0
3194, 2, 2, 2, 0, 2, 0
3213, 7, 7, 5, 2, 5, 2
3219, 9, 5, 3, 2, 9, 0
47273, 1, 2, 2, 0, 1, 0
47274, 0, 1, 1, 0, 0, 0
47275, 0, 1, 1, 0, 0, 0
47276, 0, 1, 1, 0, 0, 0
47277, 0, 9, 9, 0, 0, 0
9203, 0, 8, 8, 0, 0, 0
10298, 0, 7, 7, 0, 0, 0
31273, 0, 2, 2, 0, 0, 0
47278, 0, 3, 2, 1, 0, 0
47279, 0, 1, 1, 0, 0, 0
12022, 0, 26, 26, 0, 0, 0
47280, 0, 2, 0, 2, 0, 0
47281, 2, 1, 1, 0, 2, 0
47282, 0, 5, 5, 0, 0, 0
47283, 0, 2, 2, 0, 0, 0
47284, 0, 1, 1, 0, 0, 0
47285, 11, 2, 2, 0, 10, 1
13621, 0, 12, 12, 0, 0, 0
47286, 2, 2, 2, 0, 2, 0
47287, 17, 3, 3, 0, 12, 5
47288, 0, 2, 2, 0, 0, 0
47289, 0, 5, 5, 0, 0, 0
47290, 2, 3, 3, 0, 2, 0
13630, 0, 9, 9, 0, 0, 0
13631, 0, 3, 3, 0, 0, 0
8007, 15, 6, 3, 3, 14, 1
9662, 0, 3, 0, 3, 0, 0
10056, 0, 3, 2, 1, 0, 0
10544, 4, 3, 1, 2, 4, 0
11529, 0, 11, 6, 5, 0, 0
17963, 22, 11, 9, 2, 22, 0
19280, 27, 15, 11, 4, 24, 3
21512, 0, 5, 2, 3, 0, 0
22146, 1, 6, 5, 1, 1, 0
23041, 0, 9, 7, 2, 0, 0
24350, 0, 7, 3, 4, 0, 0
33772, 5, 10, 8, 2, 4, 1
35949, 3, 6, 3, 3, 3, 0
37860, 0, 6, 1, 5, 0, 0
37963, 0, 4, 3, 1, 0, 0
42459, 0, 5, 4, 1, 0, 0
43194, 0, 4, 2, 2, 0, 0
44966, 12, 4, 3, 1, 12, 0
47291, 24, 3, 2, 1, 21, 3
47292, 0, 2, 1, 1, 0, 0
47293, 0, 4, 3, 1, 0, 0
47294, 0, 1, 0, 1, 0, 0
47295, 0, 4, 1, 3, 0, 0
47296, 0, 2, 0, 2, 0, 0
47297, 2, 1, 0, 1, 2, 0
47298, 4, 2, 1, 1, 3, 1
47299, 0, 1, 0, 1, 0, 0
47300, 0, 1, 0, 1, 0, 0
47301, 0, 2, 0, 2, 0, 0
47302, 1, 7, 2, 5, 0, 1
47303, 0, 1, 0, 1, 0, 0
47304, 31, 1, 0, 1, 17, 14
47305, 0, 5, 3, 2, 0, 0
47306, 0, 2, 1, 1, 0, 0
9129, 9, 4, 4, 0, 8, 1
41908, 0, 3, 3, 0, 0, 0
47307, 1, 1, 1, 0, 1, 0
47308, 0, 1, 1, 0, 0, 0
47309, 0, 1, 0, 1, 0, 0
47310, 0, 1, 1, 0, 0, 0
37162, 0, 10, 7, 3, 0, 0
41193, 22, 6, 5, 1, 21, 1
47311, 3, 2, 2, 0, 3, 0
41555, 0, 4, 4, 0, 0, 0
47312, 10, 1, 0, 1, 2, 8
47313, 0, 1, 1, 0, 0, 0
24743, 0, 4, 3, 1, 0, 0
27876, 4, 10, 2, 8, 4, 0
38340, 12, 7, 5, 2, 9, 3
47314, 0, 1, 1, 0, 0, 0
47315, 0, 3, 3, 0, 0, 0
46331, 18, 1, 1, 0, 15, 3
11724, 14, 15, 14, 1, 13, 1
47316, 1, 2, 2, 0, 0, 1
47317, 4, 2, 2, 0, 4, 0
17779, 0, 20, 20, 0, 0, 0
47318, 0, 5, 5, 0, 0, 0
47319, 0, 2, 0, 2, 0, 0
18243, 23, 7, 5, 2, 21, 2
41467, 3, 4, 4, 0, 3, 0
38882, 5, 2, 2, 0, 5, 0
47320, 8, 2, 2, 0, 8, 0
47321, 1, 1, 1, 0, 1, 0
47322, 13, 1, 1, 0, 7, 6
47323, 0, 1, 0, 1, 0, 0
12411, 8, 2, 1, 1, 6, 2
27539, 17, 2, 2, 0, 16, 1
47324, 0, 1, 1, 0, 0, 0
47325, 12, 3, 3, 0, 11, 1
47326, 1, 1, 1, 0, 1, 0
47327, 0, 2, 1, 1, 0, 0
47328, 0, 5, 5, 0, 0, 0
47329, 0, 2, 2, 0, 0, 0
26299, 4, 2, 2, 0, 3, 1
47330, 2, 1, 1, 0, 2, 0
17696, 3, 9, 8, 1, 3, 0
24893, 1, 15, 13, 2, 1, 0
37201, 0, 3, 3, 0, 0, 0
37496, 0, 3, 3, 0, 0, 0
46260, 5, 7, 4, 3, 5, 0
47331, 0, 1, 1, 0, 0, 0
47332, 0, 1, 1, 0, 0, 0
47333, 6, 1, 1, 0, 5, 1
47334, 1, 1, 1, 0, 1, 0
47335, 0, 1, 1, 0, 0, 0
47336, 2, 1, 1, 0, 2, 0
4950, 7, 11, 9, 2, 3, 4
35445, 0, 3, 3, 0, 0, 0
46311, 0, 3, 3, 0, 0, 0
37390, 0, 4, 4, 0, 0, 0
47337, 0, 2, 2, 0, 0, 0
47338, 0, 1, 1, 0, 0, 0
5329, 0, 7, 6, 1, 0, 0
9327, 45, 53, 42, 11, 45, 0
9603, 0, 6, 6, 0, 0, 0
16730, 0, 5, 5, 0, 0, 0
25730, 0, 4, 4, 0, 0, 0
29938, 2, 5, 5, 0, 1, 1
31208, 0, 6, 5, 1, 0, 0
33712, 4, 2, 2, 0, 4, 0
35954, 0, 6, 4, 2, 0, 0
36991, 2, 3, 2, 1, 2, 0
37133, 0, 5, 5, 0, 0, 0
37889, 27, 3, 2, 1, 16, 11
38779, 5, 3, 3, 0, 3, 2
41756, 0, 3, 3, 0, 0, 0
43411, 0, 5, 3, 2, 0, 0
46343, 45, 6, 3, 3, 9, 36
47339, 22, 2, 2, 0, 16, 6
47340, 0, 2, 2, 0, 0, 0
47341, 7, 1, 1, 0, 7, 0
47342, 2, 1, 1, 0, 2, 0
47343, 205, 8, 8, 0, 152, 53
47344, 22, 1, 1, 0, 6, 16
47345, 0, 1, 1, 0, 0, 0
47346, 1, 1, 1, 0, 1, 0
23743, 0, 3, 1, 2, 0, 0
27811, 17, 3, 3, 0, 15, 2
47347, 0, 2, 2, 0, 0, 0
47348, 0, 2, 2, 0, 0, 0
47349, 0, 1, 1, 0, 0, 0
12947, 0, 4, 4, 0, 0, 0
13484, 2, 18, 18, 0, 2, 0
22817, 6, 2, 2, 0, 6, 0
23736, 0, 6, 6, 0, 0, 0
24017, 79, 6, 5, 1, 35, 44
28336, 11, 3, 3, 0, 10, 1
37239, 0, 3, 2, 1, 0, 0
37240, 0, 1, 1, 0, 0, 0
37241, 0, 2, 2, 0, 0, 0
37242, 1, 1, 1, 0, 1, 0
37243, 0, 1, 1, 0, 0, 0
37244, 0, 1, 1, 0, 0, 0
37245, 0, 1, 1, 0, 0, 0
4077, 9, 20, 15, 5, 6, 3
12244, 60, 2, 1, 1, 55, 5
12422, 0, 2, 1, 1, 0, 0
18474, 11, 9, 9, 0, 11, 0
21524, 0, 27, 20, 7, 0, 0
27958, 4, 5, 1, 4, 4, 0
28826, 1, 13, 9, 4, 1, 0
29991, 8, 4, 0, 4, 7, 1
30455, 0, 8, 4, 4, 0, 0
30924, 4, 8, 6, 2, 4, 0
30925, 3, 2, 2, 0, 0, 3
30930, 0, 2, 2, 0, 0, 0
30931, 0, 8, 5, 3, 0, 0
30933, 5, 1, 1, 0, 5, 0
30934, 0, 3, 1, 2, 0, 0
30938, 0, 2, 0, 2, 0, 0
30940, 0, 3, 2, 1, 0, 0
30942, 0, 6, 3, 3, 0, 0
30944, 0, 2, 0, 2, 0, 0
30945, 0, 5, 2, 3, 0, 0
30947, 3, 3, 2, 1, 2, 1
30948, 0, 3, 1, 2, 0, 0
30950, 0, 1, 0, 1, 0, 0
30953, 0, 1, 0, 1, 0, 0
30954, 10, 9, 7, 2, 9, 1
30955, 0, 4, 3, 1, 0, 0
30957, 0, 2, 1, 1, 0, 0
27892, 2, 1, 1, 0, 2, 0
27893, 2, 5, 5, 0, 2, 0
27894, 0, 2, 2, 0, 0, 0
10560, 15, 9, 8, 1, 14, 1
47350, 1, 1, 1, 0, 1, 0
47351, 0, 1, 0, 1, 0, 0
47352, 0, 1, 1, 0, 0, 0
47353, 0, 1, 1, 0, 0, 0
5869, 0, 13, 11, 2, 0, 0
6502, 0, 9, 9, 0, 0, 0
18043, 0, 2, 2, 0, 0, 0
18242, 8, 9, 9, 0, 6, 2
18775, 5, 8, 8, 0, 5, 0
29317, 0, 8, 4, 4, 0, 0
30130, 0, 8, 8, 0, 0, 0
33391, 0, 2, 2, 0, 0, 0
34468, 0, 3, 3, 0, 0, 0
34469, 0, 1, 1, 0, 0, 0
34470, 0, 1, 1, 0, 0, 0
34471, 0, 2, 2, 0, 0, 0
34472, 1, 3, 2, 1, 1, 0
34473, 0, 2, 2, 0, 0, 0
34475, 7, 2, 2, 0, 6, 1
34476, 0, 1, 1, 0, 0, 0
34477, 0, 1, 1, 0, 0, 0
34478, 0, 1, 1, 0, 0, 0
34479, 2, 6, 3, 3, 2, 0
34480, 1, 2, 2, 0, 1, 0
34481, 1, 2, 2, 0, 0, 1
34482, 1, 1, 1, 0, 1, 0
34483, 0, 1, 1, 0, 0, 0
34484, 0, 2, 2, 0, 0, 0
34486, 0, 2, 0, 2, 0, 0
14601, 0, 6, 0, 6, 0, 0
47354, 0, 4, 0, 4, 0, 0
9528, 0, 7, 5, 2, 0, 0
16380, 22, 3, 3, 0, 16, 6
17798, 0, 12, 7, 5, 0, 0
18281, 0, 5, 5, 0, 0, 0
47355, 0, 1, 1, 0, 0, 0
17052, 21, 6, 5, 1, 20, 1
46083, 6, 4, 3, 1, 6, 0
47356, 0, 2, 2, 0, 0, 0
47357, 1, 1, 1, 0, 1, 0
47358, 0, 4, 4, 0, 0, 0
47359, 0, 1, 1, 0, 0, 0
47360, 0, 2, 2, 0, 0, 0
47361, 7, 1, 1, 0, 6, 1
47362, 1, 1, 1, 0, 1, 0
47363, 0, 1, 1, 0, 0, 0
47364, 0, 1, 0, 1, 0, 0
47365, 0, 2, 1, 1, 0, 0
47366, 0, 3, 0, 3, 0, 0
47367, 0, 1, 0, 1, 0, 0
26713, 0, 13, 10, 3, 0, 0
30608, 0, 5, 2, 3, 0, 0
47368, 1, 1, 1, 0, 1, 0
47369, 0, 1, 1, 0, 0, 0
47370, 0, 1, 1, 0, 0, 0
47371, 0, 1, 1, 0, 0, 0
47372, 0, 1, 1, 0, 0, 0
47373, 0, 6, 6, 0, 0, 0
47374, 0, 1, 1, 0, 0, 0
47375, 0, 2, 2, 0, 0, 0
5335, 0, 2, 2, 0, 0, 0
7761, 5, 2, 2, 0, 5, 0
8349, 1, 16, 14, 2, 1, 0
11113, 0, 7, 7, 0, 0, 0
12051, 15, 6, 5, 1, 15, 0
12249, 0, 28, 28, 0, 0, 0
13474, 11, 9, 9, 0, 11, 0
13849, 32, 12, 12, 0, 31, 1
14505, 5, 8, 6, 2, 5, 0
17447, 12, 6, 0, 6, 5, 7
22210, 9, 9, 8, 1, 9, 0
22651, 0, 1, 1, 0, 0, 0
22655, 2, 1, 1, 0, 2, 0
22659, 0, 2, 2, 0, 0, 0
22660, 0, 1, 1, 0, 0, 0
22661, 9, 1, 1, 0, 9, 0
22662, 0, 1, 1, 0, 0, 0
22663, 0, 3, 3, 0, 0, 0
22664, 0, 4, 4, 0, 0, 0
22665, 0, 1, 1, 0, 0, 0
22666, 20, 8, 8, 0, 20, 0
22668, 32, 2, 2, 0, 31, 1
22669, 0, 2, 2, 0, 0, 0
22671, 2, 1, 1, 0, 2, 0
22672, 0, 1, 1, 0, 0, 0
22675, 18, 5, 5, 0, 18, 0
22676, 0, 1, 1, 0, 0, 0
22678, 0, 1, 1, 0, 0, 0
22682, 0, 4, 4, 0, 0, 0
22683, 0, 6, 4, 2, 0, 0
22684, 1, 1, 1, 0, 1, 0
22685, 0, 1, 1, 0, 0, 0
22686, 0, 3, 3, 0, 0, 0
22687, 2, 1, 0, 1, 1, 1
25074, 0, 7, 6, 1, 0, 0
29193, 0, 5, 4, 1, 0, 0
36406, 0, 2, 2, 0, 0, 0
47376, 2, 2, 2, 0, 2, 0
4825, 8, 25, 23, 2, 6, 2
17776, 0, 11, 10, 1, 0, 0
21765, 0, 4, 4, 0, 0, 0
23352, 0, 6, 5, 1, 0, 0
24888, 0, 7, 7, 0, 0, 0
27612, 1, 4, 4, 0, 0, 1
28300, 3, 3, 2, 1, 3, 0
28869, 3, 2, 2, 0, 3, 0
28870, 0, 1, 1, 0, 0, 0
28872, 1, 1, 1, 0, 1, 0
28873, 0, 1, 1, 0, 0, 0
28874, 0, 2, 2, 0, 0, 0
28875, 0, 6, 5, 1, 0, 0
28876, 0, 8, 7, 1, 0, 0
28877, 0, 2, 2, 0, 0, 0
28879, 0, 1, 1, 0, 0, 0
28880, 1, 2, 1, 1, 0, 1
28882, 0, 1, 1, 0, 0, 0
28883, 0, 1, 1, 0, 0, 0
28884, 0, 1, 1, 0, 0, 0
28885, 2, 2, 2, 0, 2, 0
28886, 0, 2, 2, 0, 0, 0
28888, 0, 1, 1, 0, 0, 0
28889, 1, 1, 1, 0, 1, 0
28890, 0, 1, 1, 0, 0, 0
28891, 0, 1, 1, 0, 0, 0
28892, 30, 2, 2, 0, 26, 4
28894, 5, 1, 1, 0, 5, 0
28896, 0, 1, 1, 0, 0, 0
28897, 3, 1, 1, 0, 3, 0
28898, 1, 1, 1, 0, 1, 0
28899, 0, 3, 3, 0, 0, 0
28900, 0, 7, 6, 1, 0, 0
28901, 5, 3, 2, 1, 4, 1
28902, 31, 3, 1, 2, 10, 21
28904, 10, 2, 1, 1, 1, 9
28905, 19, 1, 0, 1, 19, 0
28907, 6, 1, 0, 1, 0, 6
11534, 3, 4, 3, 1, 2, 1
20186, 0, 3, 0, 3, 0, 0
47377, 0, 1, 1, 0, 0, 0
47378, 1, 1, 1, 0, 1, 0
47379, 2, 4, 4, 0, 1, 1
47380, 0, 1, 1, 0, 0, 0
47381, 0, 1, 1, 0, 0, 0
47382, 0, 1, 1, 0, 0, 0
47383, 1, 1, 0, 1, 1, 0
47384, 1, 2, 1, 1, 1, 0
25739, 8, 7, 7, 0, 8, 0
25741, 6, 7, 7, 0, 6, 0
47385, 1, 3, 3, 0, 1, 0
47386, 0, 5, 5, 0, 0, 0
6760, 9, 29, 28, 1, 6, 3
22996, 0, 4, 4, 0, 0, 0
22997, 0, 3, 3, 0, 0, 0
4248, 0, 6, 6, 0, 0, 0
37224, 2, 4, 4, 0, 2, 0
37654, 1, 3, 3, 0, 1, 0
37655, 1, 1, 1, 0, 1, 0
37656, 0, 5, 5, 0, 0, 0
37657, 0, 1, 1, 0, 0, 0
36584, 17, 8, 7, 1, 12, 5
44559, 0, 3, 0, 3, 0, 0
15281, 3, 8, 6, 2, 3, 0
21834, 0, 7, 7, 0, 0, 0
47387, 0, 1, 1, 0, 0, 0
47388, 0, 1, 0, 1, 0, 0
4721, 14, 10, 6, 4, 12, 2
6761, 0, 8, 6, 2, 0, 0
6931, 0, 23, 23, 0, 0, 0
9331, 9, 11, 10, 1, 6, 3
13246, 0, 3, 2, 1, 0, 0
17693, 6, 14, 13, 1, 6, 0
19438, 0, 17, 17, 0, 0, 0
20242, 0, 8, 7, 1, 0, 0
21719, 2, 4, 4, 0, 2, 0
22932, 0, 4, 4, 0, 0, 0
26961, 2, 10, 10, 0, 1, 1
31245, 1, 5, 1, 4, 1, 0
40568, 8, 5, 3, 2, 8, 0
41765, 1, 6, 6, 0, 0, 1
41773, 1, 6, 6, 0, 1, 0
45189, 0, 3, 2, 1, 0, 0
46061, 1, 4, 4, 0, 1, 0
46446, 6, 5, 4, 1, 5, 1
47389, 0, 3, 2, 1, 0, 0
47390, 0, 3, 3, 0, 0, 0
47391, 0, 3, 3, 0, 0, 0
47392, 0, 2, 2, 0, 0, 0
47393, 1, 7, 7, 0, 1, 0
47394, 0, 2, 2, 0, 0, 0
47395, 0, 6, 5, 1, 0, 0
47396, 1, 2, 2, 0, 1, 0
47397, 6, 3, 3, 0, 6, 0
7403, 0, 4, 1, 3, 0, 0
16093, 9, 2, 1, 1, 6, 3
16724, 8, 27, 24, 3, 8, 0
25287, 1, 2, 1, 1, 1, 0
47398, 0, 1, 1, 0, 0, 0
47399, 0, 1, 0, 1, 0, 0
47400, 0, 2, 1, 1, 0, 0
14058, 3, 13, 13, 0, 3, 0
16188, 5, 7, 7, 0, 2, 3
18537, 0, 5, 5, 0, 0, 0
19521, 0, 3, 2, 1, 0, 0
20361, 0, 5, 5, 0, 0, 0
21008, 2, 12, 8, 4, 1, 1
22370, 0, 4, 3, 1, 0, 0
23932, 0, 14, 14, 0, 0, 0
24066, 10, 4, 4, 0, 10, 0
24067, 0, 3, 2, 1, 0, 0
24068, 0, 2, 1, 1, 0, 0
24070, 1, 1, 1, 0, 1, 0
24071, 0, 1, 1, 0, 0, 0
24074, 0, 4, 4, 0, 0, 0
24076, 0, 2, 2, 0, 0, 0
24078, 2, 2, 2, 0, 2, 0
24079, 6, 2, 2, 0, 5, 1
47401, 2, 2, 2, 0, 2, 0
47402, 2, 2, 2, 0, 2, 0
16765, 7, 9, 8, 1, 7, 0
27654, 0, 5, 5, 0, 0, 0
44065, 0, 9, 9, 0, 0, 0
47403, 0, 1, 1, 0, 0, 0
29402, 0, 9, 9, 0, 0, 0
38992, 0, 4, 4, 0, 0, 0
41147, 10, 2, 2, 0, 8, 2
46149, 15, 3, 3, 0, 14, 1
47404, 0, 1, 1, 0, 0, 0
47405, 0, 4, 4, 0, 0, 0
47406, 0, 1, 1, 0, 0, 0
47407, 0, 1, 1, 0, 0, 0
47408, 0, 1, 1, 0, 0, 0
47409, 0, 1, 1, 0, 0, 0
47410, 7, 4, 2, 2, 7, 0
47411, 0, 2, 1, 1, 0, 0
47412, 0, 1, 1, 0, 0, 0
47413, 0, 1, 1, 0, 0, 0
47414, 0, 2, 2, 0, 0, 0
33924, 29, 10, 7, 3, 9, 20
45055, 10, 2, 2, 0, 10, 0
4423, 8, 4, 4, 0, 7, 1
15213, 0, 5, 5, 0, 0, 0
18788, 10, 12, 10, 2, 10, 0
26013, 4, 10, 8, 2, 4, 0
29946, 29, 5, 4, 1, 18, 11
34644, 0, 4, 1, 3, 0, 0
42519, 0, 3, 2, 1, 0, 0
42521, 0, 3, 3, 0, 0, 0
42522, 0, 1, 1, 0, 0, 0
42523, 0, 2, 2, 0, 0, 0
8320, 21, 16, 15, 1, 18, 3
16663, 67, 3, 3, 0, 62, 5
16835, 66, 6, 6, 0, 60, 6
17449, 5, 19, 5, 14, 4, 1
24928, 3, 7, 3, 4, 2, 1
30163, 2, 19, 10, 9, 1, 1
35205, 0, 5, 5, 0, 0, 0
38267, 13, 15, 13, 2, 7, 6
44193, 29, 7, 4, 3, 18, 11
44194, 0, 2, 1, 1, 0, 0
44195, 14, 7, 5, 2, 14, 0
44196, 5, 1, 1, 0, 5, 0
44198, 5, 5, 5, 0, 5, 0
44199, 26, 5, 4, 1, 9, 17
16578, 1, 5, 5, 0, 0, 1
35025, 0, 2, 2, 0, 0, 0
38529, 0, 4, 4, 0, 0, 0
38530, 0, 3, 3, 0, 0, 0
6642, 0, 4, 2, 2, 0, 0
26233, 1, 5, 2, 3, 0, 1
17942, 1, 2, 2, 0, 1, 0
47415, 1, 1, 1, 0, 1, 0
15421, 1, 11, 10, 1, 1, 0
15461, 0, 12, 7, 5, 0, 0
16128, 0, 15, 12, 3, 0, 0
16130, 0, 1, 1, 0, 0, 0
16132, 0, 2, 2, 0, 0, 0
16133, 0, 1, 1, 0, 0, 0
16135, 0, 1, 1, 0, 0, 0
16136, 1, 14, 12, 2, 0, 1
16143, 25, 13, 11, 2, 25, 0
16144, 0, 3, 3, 0, 0, 0
16145, 0, 1, 1, 0, 0, 0
16148, 0, 7, 7, 0, 0, 0
16149, 0, 2, 2, 0, 0, 0
16151, 0, 2, 2, 0, 0, 0
16154, 0, 13, 12, 1, 0, 0
16156, 0, 15, 13, 2, 0, 0
16157, 10, 9, 8, 1, 10, 0
16161, 2, 3, 0, 3, 2, 0
16163, 0, 1, 0, 1, 0, 0
16166, 3, 2, 1, 1, 3, 0
46332, 0, 6, 6, 0, 0, 0
47416, 0, 1, 1, 0, 0, 0
47417, 0, 2, 1, 1, 0, 0
6229, 15, 6, 6, 0, 8, 7
8828, 18, 9, 9, 0, 12, 6
13657, 0, 11, 6, 5, 0, 0
16770, 26, 5, 4, 1, 20, 6
18259, 12, 5, 4, 1, 5, 7
22605, 83, 3, 3, 0, 72, 11
23189, 15, 9, 8, 1, 15, 0
25953, 1, 9, 5, 4, 1, 0
26061, 33, 6, 2, 4, 29, 4
26084, 32, 2, 2, 0, 32, 0
27857, 24, 16, 14, 2, 22, 2
28297, 20, 12, 6, 6, 16, 4
29206, 9, 1, 1, 0, 9, 0
29366, 50, 5, 5, 0, 47, 3
30285, 33, 2, 2, 0, 33, 0
31111, 5, 3, 2, 1, 5, 0
33014, 0, 9, 1, 8, 0, 0
38311, 63, 10, 8, 2, 46, 17
47418, 0, 3, 1, 2, 0, 0
47419, 0, 2, 2, 0, 0, 0
47420, 2, 4, 3, 1, 2, 0
47421, 7, 6, 6, 0, 7, 0
47422, 0, 2, 2, 0, 0, 0
6661, 55, 9, 3, 6, 11, 44
10174, 18, 8, 6, 2, 15, 3
20104, 0, 9, 7, 2, 0, 0
23845, 7, 2, 1, 1, 5, 2
24707, 4, 1, 0, 1, 1, 3
28361, 43, 4, 4, 0, 43, 0
41374, 43, 11, 0, 11, 2, 41
47423, 0, 2, 2, 0, 0, 0
47424, 0, 1, 1, 0, 0, 0
47425, 0, 2, 2, 0, 0, 0
47426, 0, 1, 1, 0, 0, 0
47427, 6, 3, 2, 1, 4, 2
5872, 0, 11, 11, 0, 0, 0
47428, 1, 1, 1, 0, 0, 1
47429, 0, 1, 1, 0, 0, 0
3227, 1, 6, 6, 0, 1, 0
3233, 0, 8, 8, 0, 0, 0
3236, 0, 7, 7, 0, 0, 0
3240, 0, 5, 5, 0, 0, 0
3242, 0, 2, 2, 0, 0, 0
42048, 17, 4, 4, 0, 15, 2
47433, 0, 2, 0, 2, 0, 0
47434, 0, 1, 1, 0, 0, 0
40663, 0, 2, 2, 0, 0, 0
47435, 1, 1, 1, 0, 1, 0
47436, 0, 1, 1, 0, 0, 0
3250, 2, 1, 1, 0, 0, 2
3252, 0, 4, 4, 0, 0, 0
3254, 0, 3, 2, 1, 0, 0
3257, 2, 3, 3, 0, 2, 0
3260, 3, 4, 2, 2, 3, 0
3261, 1, 12, 9, 3, 1, 0
3266, 0, 1, 1, 0, 0, 0
3268, 0, 2, 2, 0, 0, 0
3275, 2, 7, 6, 1, 1, 1
3276, 13, 2, 2, 0, 12, 1
3277, 0, 5, 5, 0, 0, 0
3278, 1, 1, 1, 0, 1, 0
3282, 0, 2, 1, 1, 0, 0
3284, 0, 1, 1, 0, 0, 0
3298, 2, 4, 3, 1, 2, 0
3302, 0, 1, 1, 0, 0, 0
3305, 7, 2, 2, 0, 6, 1
3309, 3, 1, 1, 0, 2, 1
3314, 8, 3, 3, 0, 8, 0
3319, 5, 6, 6, 0, 2, 3
3320, 27, 15, 11, 4, 27, 0
3321, 0, 5, 5, 0, 0, 0
3322, 0, 2, 2, 0, 0, 0
3327, 3, 17, 17, 0, 3, 0
3330, 0, 1, 1, 0, 0, 0
3341, 0, 1, 1, 0, 0, 0
3343, 0, 1, 1, 0, 0, 0
3359, 14, 5, 4, 1, 14, 0
3361, 3, 2, 0, 2, 2, 1
3366, 0, 1, 0, 1, 0, 0
3375, 2, 7, 4, 3, 2, 0
3381, 2, 10, 6, 4, 1, 1
3384, 2, 4, 1, 3, 2, 0
3385, 0, 2, 1, 1, 0, 0
3393, 2, 3, 1, 2, 2, 0
3408, 1, 4, 2, 2, 1, 0
3418, 0, 4, 2, 2, 0, 0
3422, 4, 7, 4, 3, 2, 2
3427, 0, 7, 5, 2, 0, 0
3428, 0, 1, 0, 1, 0, 0
3430, 0, 2, 1, 1, 0, 0
3433, 0, 4, 2, 2, 0, 0
3439, 1, 3, 1, 2, 1, 0
3446, 0, 3, 2, 1, 0, 0
3448, 53, 14, 6, 8, 35, 18
3458, 0, 2, 1, 1, 0, 0
3460, 0, 3, 1, 2, 0, 0
3461, 0, 2, 1, 1, 0, 0
3463, 15, 5, 4, 1, 15, 0
3464, 0, 2, 0, 2, 0, 0
3467, 0, 1, 0, 1, 0, 0
3468, 2, 1, 0, 1, 2, 0
3473, 7, 2, 1, 1, 4, 3
3476, 0, 2, 0, 2, 0, 0
3481, 5, 1, 0, 1, 4, 1
3482, 0, 18, 10, 8, 0, 0
3483, 0, 2, 1, 1, 0, 0
3500, 0, 5, 3, 2, 0, 0
3502, 0, 1, 0, 1, 0, 0
3506, 1, 3, 2, 1, 1, 0
3507, 2, 3, 2, 1, 2, 0
3514, 0, 1, 0, 1, 0, 0
3515, 0, 4, 2, 2, 0, 0
3517, 0, 13, 7, 6, 0, 0
3521, 0, 2, 0, 2, 0, 0
3524, 39, 12, 11, 1, 35, 4
5124, 0, 10, 2, 8, 0, 0
12995, 92, 13, 11, 2, 62, 30
13681, 0, 4, 2, 2, 0, 0
18965, 0, 3, 3, 0, 0, 0
21755, 23, 4, 4, 0, 21, 2
21756, 0, 6, 6, 0, 0, 0
21757, 6, 2, 2, 0, 1, 5
21758, 0, 1, 1, 0, 0, 0
21759, 4, 5, 2, 3, 4, 0
21760, 0, 1, 1, 0, 0, 0
21762, 0, 2, 2, 0, 0, 0
21768, 0, 4, 4, 0, 0, 0
21769, 0, 1, 1, 0, 0, 0
21770, 2, 1, 1, 0, 2, 0
21771, 0, 1, 1, 0, 0, 0
21774, 0, 1, 1, 0, 0, 0
21778, 0, 3, 0, 3, 0, 0
24600, 0, 3, 2, 1, 0, 0
25250, 0, 3, 3, 0, 0, 0
35861, 0, 3, 3, 0, 0, 0
37876, 8, 3, 3, 0, 8, 0
4931, 0, 11, 8, 3, 0, 0
31274, 0, 11, 9, 2, 0, 0
31461, 0, 3, 2, 1, 0, 0
34809, 15, 7, 4, 3, 13, 2
35366, 4, 10, 9, 1, 4, 0
44062, 3, 1, 1, 0, 3, 0
47444, 0, 1, 1, 0, 0, 0
47445, 0, 1, 1, 0, 0, 0
47446, 0, 1, 1, 0, 0, 0
47447, 0, 1, 1, 0, 0, 0
47448, 0, 2, 0, 2, 0, 0
47449, 0, 2, 0, 2, 0, 0
47450, 0, 1, 0, 1, 0, 0
47451, 0, 3, 2, 1, 0, 0
23896, 1, 10, 9, 1, 1, 0
38320, 3, 6, 6, 0, 3, 0
10105, 0, 8, 4, 4, 0, 0
47452, 0, 1, 1, 0, 0, 0
47453, 2, 2, 2, 0, 2, 0
47454, 0, 4, 4, 0, 0, 0
22874, 43, 1, 0, 1, 34, 9
47455, 0, 3, 3, 0, 0, 0
5082, 0, 7, 7, 0, 0, 0
6935, 7, 15, 15, 0, 7, 0
19160, 0, 10, 10, 0, 0, 0
22292, 0, 10, 8, 2, 0, 0
23657, 9, 4, 2, 2, 7, 2
28355, 12, 4, 4, 0, 12, 0
33056, 1, 3, 3, 0, 1, 0
34459, 0, 3, 3, 0, 0, 0
35679, 6, 4, 4, 0, 6, 0
37915, 0, 3, 3, 0, 0, 0
47456, 0, 1, 1, 0, 0, 0
47457, 0, 2, 2, 0, 0, 0
47458, 0, 1, 1, 0, 0, 0
47459, 0, 1, 1, 0, 0, 0
47460, 0, 1, 1, 0, 0, 0
47461, 0, 1, 1, 0, 0, 0
18208, 0, 2, 2, 0, 0, 0
18885, 0, 28, 28, 0, 0, 0
25919, 5, 10, 9, 1, 4, 1
34631, 1, 2, 2, 0, 1, 0
47462, 0, 1, 1, 0, 0, 0
47463, 1, 2, 1, 1, 1, 0
47464, 0, 1, 1, 0, 0, 0
47465, 0, 1, 1, 0, 0, 0
47466, 0, 1, 1, 0, 0, 0
47467, 0, 1, 1, 0, 0, 0
47468, 0, 1, 1, 0, 0, 0
47469, 1, 1, 1, 0, 1, 0
47470, 0, 1, 0, 1, 0, 0
10111, 26, 24, 12, 12, 26, 0
11821, 0, 6, 3, 3, 0, 0
20367, 4, 7, 6, 1, 4, 0
29171, 5, 4, 3, 1, 5, 0
30501, 7, 5, 4, 1, 5, 2
30524, 2, 2, 0, 2, 0, 2
30538, 2, 3, 1, 2, 2, 0
32833, 1, 4, 1, 3, 1, 0
41628, 3, 7, 3, 4, 3, 0
41964, 0, 2, 1, 1, 0, 0
46217, 0, 3, 2, 1, 0, 0
47471, 0, 2, 1, 1, 0, 0
47472, 0, 1, 0, 1, 0, 0
47473, 4, 3, 2, 1, 4, 0
47474, 0, 1, 0, 1, 0, 0
47475, 0, 2, 0, 2, 0, 0
47476, 0, 3, 2, 1, 0, 0
47477, 0, 1, 0, 1, 0, 0
47478, 0, 2, 1, 1, 0, 0
47479, 4, 1, 0, 1, 3, 1
47480, 0, 1, 0, 1, 0, 0
47481, 3, 2, 0, 2, 3, 0
47482, 1, 2, 1, 1, 1, 0
45875, 0, 2, 1, 1, 0, 0
47483, 0, 12, 12, 0, 0, 0
5828, 20, 9, 8, 1, 13, 7
5908, 2, 4, 4, 0, 2, 0
8246, 0, 3, 3, 0, 0, 0
11704, 3, 5, 5, 0, 3, 0
11841, 43, 7, 6, 1, 42, 1
12058, 1, 2, 2, 0, 1, 0
14412, 3, 7, 7, 0, 3, 0
16103, 0, 15, 15, 0, 0, 0
17818, 0, 6, 5, 1, 0, 0
21410, 13, 3, 3, 0, 8, 5
25501, 2, 6, 4, 2, 2, 0
38646, 39, 7, 6, 1, 32, 7
41525, 0, 3, 2, 1, 0, 0
41545, 10, 1, 1, 0, 10, 0
47484, 1, 3, 2, 1, 1, 0
47485, 2, 1, 1, 0, 2, 0
47486, 0, 1, 1, 0, 0, 0
47487, 1, 1, 1, 0, 1, 0
47488, 0, 1, 1, 0, 0, 0
47489, 0, 4, 4, 0, 0, 0
47490, 2, 1, 1, 0, 2, 0
47491, 0, 1, 1, 0, 0, 0
47492, 1, 1, 1, 0, 1, 0
47493, 1, 3, 3, 0, 1, 0
47494, 0, 2, 2, 0, 0, 0
47495, 0, 4, 4, 0, 0, 0
47496, 0, 1, 1, 0, 0, 0
47497, 0, 1, 1, 0, 0, 0
47498, 0, 1, 1, 0, 0, 0
47499, 0, 2, 2, 0, 0, 0
47500, 1, 3, 3, 0, 1, 0
47501, 0, 3, 3, 0, 0, 0
47502, 0, 5, 5, 0, 0, 0
47503, 2, 4, 4, 0, 2, 0
15358, 1, 15, 12, 3, 0, 1
29998, 1, 4, 3, 1, 1, 0
30810, 4, 4, 2, 2, 3, 1
46001, 6, 7, 2, 5, 5, 1
47504, 0, 1, 1, 0, 0, 0
47505, 0, 1, 0, 1, 0, 0
47506, 0, 1, 0, 1, 0, 0
47507, 4, 3, 3, 0, 0, 4
47508, 0, 1, 1, 0, 0, 0
44006, 7, 3, 3, 0, 1, 6
44485, 2, 1, 0, 1, 2, 0
17355, 0, 13, 10, 3, 0, 0
46305, 2, 3, 2, 1, 2, 0
47509, 1, 1, 1, 0, 1, 0
47510, 0, 3, 3, 0, 0, 0
10277, 26, 11, 4, 7, 25, 1
14235, 70, 12, 12, 0, 70, 0
30987, 40, 5, 4, 1, 15, 25
47511, 0, 1, 1, 0, 0, 0
47512, 0, 1, 1, 0, 0, 0
47513, 2, 2, 2, 0, 1, 1
47514, 0, 1, 0, 1, 0, 0
42412, 0, 2, 2, 0, 0, 0
25610, 0, 4, 1, 3, 0, 0
8343, 9, 23, 4, 19, 9, 0
9145, 12, 9, 4, 5, 11, 1
11891, 5, 3, 1, 2, 2, 3
23879, 18, 17, 14, 3, 15, 3
25965, 0, 3, 3, 0, 0, 0
41118, 1, 4, 2, 2, 1, 0
45618, 0, 4, 0, 4, 0, 0
47515, 0, 4, 4, 0, 0, 0
47516, 0, 2, 0, 2, 0, 0
47517, 8, 6, 2, 4, 7, 1
47518, 0, 1, 0, 1, 0, 0
47519, 6, 5, 4, 1, 6, 0
47520, 0, 3, 3, 0, 0, 0
47521, 1, 1, 0, 1, 1, 0
24575, 1, 7, 5, 2, 1, 0
33888, 15, 10, 9, 1, 14, 1
47522, 4, 3, 3, 0, 4, 0
47523, 0, 1, 1, 0, 0, 0
7149, 0, 15, 15, 0, 0, 0
9674, 1, 4, 4, 0, 1, 0
12001, 0, 7, 7, 0, 0, 0
13722, 4, 2, 2, 0, 4, 0
15603, 10, 5, 5, 0, 6, 4
19659, 0, 5, 5, 0, 0, 0
20241, 58, 26, 26, 0, 56, 2
20844, 11, 4, 4, 0, 9, 2
25302, 16, 3, 3, 0, 16, 0
27855, 0, 3, 3, 0, 0, 0
28556, 0, 4, 4, 0, 0, 0
36608, 1, 3, 3, 0, 0, 1
39120, 0, 4, 4, 0, 0, 0
40638, 0, 2, 2, 0, 0, 0
41505, 9, 1, 1, 0, 9, 0
47524, 4, 4, 3, 1, 3, 1
47525, 0, 1, 1, 0, 0, 0
47526, 0, 2, 2, 0, 0, 0
47527, 1, 2, 2, 0, 1, 0
47528, 0, 3, 2, 1, 0, 0
47529, 0, 1, 1, 0, 0, 0
47530, 0, 1, 1, 0, 0, 0
47531, 0, 2, 2, 0, 0, 0
47532, 3, 3, 3, 0, 3, 0
47533, 0, 4, 4, 0, 0, 0
47534, 1, 2, 1, 1, 0, 1
15067, 0, 5, 0, 5, 0, 0
44856, 3, 1, 1, 0, 3, 0
47535, 0, 1, 1, 0, 0, 0
47536, 0, 1, 0, 1, 0, 0
25746, 0, 1, 1, 0, 0, 0
47537, 0, 2, 1, 1, 0, 0
47538, 2, 1, 0, 1, 2, 0
47539, 0, 2, 2, 0, 0, 0
6925, 16, 14, 14, 0, 5, 11
30700, 0, 4, 4, 0, 0, 0
47540, 1, 1, 1, 0, 1, 0
47541, 0, 2, 1, 1, 0, 0
11932, 7, 14, 13, 1, 5, 2
35925, 0, 4, 4, 0, 0, 0
47542, 0, 5, 5, 0, 0, 0
47543, 0, 1, 1, 0, 0, 0
10416, 0, 4, 2, 2, 0, 0
15497, 0, 3, 3, 0, 0, 0
21185, 0, 4, 4, 0, 0, 0
29893, 2, 4, 3, 1, 2, 0
44986, 0, 1, 1, 0, 0, 0
47544, 1, 2, 0, 2, 0, 1
7019, 2, 5, 5, 0, 2, 0
20756, 1, 8, 5, 3, 0, 1
23288, 2, 19, 10, 9, 2, 0
36464, 0, 2, 1, 1, 0, 0
47545, 0, 1, 1, 0, 0, 0
47546, 3, 1, 1, 0, 3, 0
9342, 0, 7, 7, 0, 0, 0
47547, 0, 1, 1, 0, 0, 0
47548, 2, 1, 1, 0, 2, 0
47549, 0, 1, 1, 0, 0, 0
47550, 1, 2, 2, 0, 1, 0
5450, 6, 4, 4, 0, 6, 0
9532, 8, 14, 9, 5, 7, 1
23820, 0, 12, 12, 0, 0, 0
37442, 7, 5, 4, 1, 6, 1
47551, 0, 4, 4, 0, 0, 0
47552, 0, 2, 2, 0, 0, 0
28339, 7, 6, 6, 0, 7, 0
28341, 0, 3, 3, 0, 0, 0
28342, 0, 5, 4, 1, 0, 0
28495, 1, 2, 2, 0, 1, 0
28496, 0, 3, 3, 0, 0, 0
23762, 14, 11, 5, 6, 12, 2
29355, 8, 5, 5, 0, 4, 4
44917, 0, 1, 1, 0, 0, 0
44918, 0, 2, 1, 1, 0, 0
44919, 0, 3, 0, 3, 0, 0
24976, 2, 4, 3, 1, 2, 0
27315, 1, 3, 1, 2, 1, 0
37713, 0, 5, 3, 2, 0, 0
39176, 0, 2, 0, 2, 0, 0
47553, 0, 3, 2, 1, 0, 0
47554, 0, 1, 1, 0, 0, 0
47555, 1, 2, 0, 2, 0, 1
47556, 1, 1, 0, 1, 0, 1
47557, 0, 2, 0, 2, 0, 0
47558, 19, 6, 4, 2, 15, 4
47559, 7, 2, 0, 2, 7, 0
47560, 0, 1, 0, 1, 0, 0
47561, 8, 2, 1, 1, 6, 2
47562, 1, 1, 0, 1, 1, 0
47563, 1, 7, 4, 3, 1, 0
47564, 0, 2, 1, 1, 0, 0
47565, 0, 3, 1, 2, 0, 0
30659, 8, 12, 12, 0, 8, 0
47566, 1, 3, 3, 0, 1, 0
18392, 4, 9, 8, 1, 4, 0
15336, 26, 12, 11, 1, 26, 0
30330, 12, 5, 0, 5, 12, 0
45735, 0, 7, 7, 0, 0, 0
47567, 0, 2, 2, 0, 0, 0
47568, 0, 3, 3, 0, 0, 0
47569, 7, 2, 2, 0, 6, 1
9928, 6, 3, 3, 0, 6, 0
10673, 0, 16, 15, 1, 0, 0
47570, 1, 1, 1, 0, 1, 0
47571, 0, 1, 1, 0, 0, 0
47572, 1, 1, 1, 0, 0, 1
13270, 6, 4, 1, 3, 6, 0
47573, 6, 2, 2, 0, 6, 0
47574, 1, 1, 1, 0, 1, 0
47575, 2, 1, 1, 0, 0, 2
27873, 0, 6, 6, 0, 0, 0
47576, 2, 1, 1, 0, 2, 0
47577, 1, 3, 3, 0, 1, 0
14215, 0, 2, 2, 0, 0, 0
17451, 0, 6, 1, 5, 0, 0
24595, 3, 6, 4, 2, 3, 0
27846, 1, 3, 3, 0, 0, 1
47578, 0, 1, 1, 0, 0, 0
4526, 4, 8, 2, 6, 1, 3
23817, 2, 5, 5, 0, 2, 0
28281, 0, 4, 4, 0, 0, 0
29298, 0, 6, 3, 3, 0, 0
34601, 0, 2, 2, 0, 0, 0
46272, 0, 8, 8, 0, 0, 0
47579, 0, 2, 2, 0, 0, 0
47580, 0, 5, 5, 0, 0, 0
40566, 6, 7, 6, 1, 6, 0
17136, 0, 4, 3, 1, 0, 0
4404, 7, 10, 10, 0, 6, 1
47581, 0, 3, 1, 2, 0, 0
4561, 0, 6, 3, 3, 0, 0
11621, 2, 8, 8, 0, 1, 1
46992, 0, 5, 5, 0, 0, 0
47626, 0, 1, 1, 0, 0, 0
15833, 0, 9, 6, 3, 0, 0
24187, 11, 2, 2, 0, 11, 0
24697, 2, 2, 2, 0, 2, 0
30607, 0, 11, 7, 4, 0, 0
35597, 11, 4, 4, 0, 9, 2
40461, 0, 4, 4, 0, 0, 0
41721, 0, 3, 3, 0, 0, 0
45973, 0, 2, 2, 0, 0, 0
47627, 0, 2, 2, 0, 0, 0
47628, 0, 3, 3, 0, 0, 0
47629, 0, 2, 2, 0, 0, 0
47630, 0, 3, 2, 1, 0, 0
47631, 0, 1, 1, 0, 0, 0
47632, 3, 2, 2, 0, 2, 1
47633, 0, 1, 1, 0, 0, 0
47634, 4, 1, 1, 0, 4, 0
47635, 0, 1, 1, 0, 0, 0
20678, 4, 4, 4, 0, 4, 0
42500, 5, 4, 3, 1, 5, 0
20373, 0, 7, 1, 6, 0, 0
24046, 32, 3, 3, 0, 16, 16
47636, 0, 2, 1, 1, 0, 0
47637, 0, 1, 1, 0, 0, 0
47638, 0, 9, 9, 0, 0, 0
47639, 0, 6, 6, 0, 0, 0
47640, 0, 3, 3, 0, 0, 0
47641, 0, 3, 3, 0, 0, 0
47642, 2, 3, 1, 2, 2, 0
47643, 2, 4, 0, 4, 0, 2
29495, 1, 8, 2, 6, 1, 0
47644, 0, 1, 1, 0, 0, 0
10881, 2, 3, 3, 0, 2, 0
47645, 0, 1, 1, 0, 0, 0
47646, 5, 1, 1, 0, 4, 1
47647, 0, 1, 0, 1, 0, 0
47648, 0, 1, 1, 0, 0, 0
47649, 0, 2, 2, 0, 0, 0
47059, 8, 2, 2, 0, 6, 2
47650, 0, 2, 1, 1, 0, 0
47651, 0, 1, 1, 0, 0, 0
47652, 0, 1, 1, 0, 0, 0
47653, 2, 1, 1, 0, 2, 0
47654, 0, 1, 1, 0, 0, 0
30985, 1, 15, 13, 2, 1, 0
33914, 0, 2, 2, 0, 0, 0
47003, 0, 3, 3, 0, 0, 0
47004, 0, 3, 1, 2, 0, 0
47005, 0, 1, 1, 0, 0, 0
47006, 0, 1, 1, 0, 0, 0
47007, 2, 6, 2, 4, 2, 0
47008, 0, 1, 1, 0, 0, 0
47009, 3, 2, 2, 0, 3, 0
7098, 5, 14, 12, 2, 5, 0
27719, 9, 4, 3, 1, 7, 2
47655, 0, 4, 3, 1, 0, 0
4591, 0, 7, 4, 3, 0, 0
9260, 4, 8, 4, 4, 4, 0
10286, 0, 5, 3, 2, 0, 0
10642, 0, 5, 2, 3, 0, 0
12935, 15, 5, 2, 3, 15, 0
14792, 14, 15, 8, 7, 11, 3
15341, 0, 6, 6, 0, 0, 0
15808, 2, 5, 4, 1, 2, 0
17035, 0, 4, 4, 0, 0, 0
17316, 5, 9, 9, 0, 4, 1
21476, 0, 7, 3, 4, 0, 0
28294, 0, 2, 1, 1, 0, 0
30126, 9, 11, 7, 4, 7, 2
33160, 0, 12, 9, 3, 0, 0
33898, 16, 6, 4, 2, 16, 0
35048, 0, 6, 3, 3, 0, 0
35172, 1, 2, 1, 1, 1, 0
35417, 0, 2, 0, 2, 0, 0
37706, 6, 5, 4, 1, 6, 0
41025, 1, 3, 3, 0, 1, 0
44371, 1, 3, 2, 1, 1, 0
47656, 0, 1, 1, 0, 0, 0
47657, 0, 1, 1, 0, 0, 0
47658, 8, 2, 2, 0, 7, 1
47659, 0, 1, 1, 0, 0, 0
47660, 2, 5, 4, 1, 2, 0
47661, 0, 1, 1, 0, 0, 0
47662, 1, 2, 2, 0, 1, 0
47663, 0, 2, 1, 1, 0, 0
47664, 0, 1, 1, 0, 0, 0
47665, 0, 3, 2, 1, 0, 0
47666, 1, 1, 1, 0, 1, 0
47667, 0, 4, 2, 2, 0, 0
47668, 0, 1, 1, 0, 0, 0
47669, 0, 1, 1, 0, 0, 0
47670, 4, 4, 2, 2, 4, 0
47671, 0, 1, 0, 1, 0, 0
47672, 0, 2, 1, 1, 0, 0
47673, 0, 3, 1, 2, 0, 0
47674, 14, 5, 4, 1, 13, 1
47675, 0, 2, 0, 2, 0, 0
47676, 0, 1, 0, 1, 0, 0
47677, 0, 3, 2, 1, 0, 0
47678, 5, 1, 0, 1, 5, 0
47679, 0, 3, 1, 2, 0, 0
47680, 0, 2, 2, 0, 0, 0
23489, 0, 2, 2, 0, 0, 0
30859, 1, 11, 9, 2, 1, 0
47681, 1, 2, 2, 0, 1, 0
47682, 0, 2, 2, 0, 0, 0
30347, 3, 7, 5, 2, 3, 0
35247, 0, 3, 3, 0, 0, 0
21091, 3, 9, 6, 3, 2, 1
22313, 0, 7, 5, 2, 0, 0
44764, 3, 2, 2, 0, 3, 0
47683, 1, 1, 1, 0, 1, 0
47684, 0, 1, 1, 0, 0, 0
10548, 0, 6, 2, 4, 0, 0
26847, 8, 4, 3, 1, 7, 1
35815, 0, 10, 5, 5, 0, 0
38673, 1, 1, 1, 0, 1, 0
38674, 3, 7, 7, 0, 2, 1
38675, 123, 3, 2, 1, 44, 79
38676, 7, 4, 4, 0, 7, 0
38678, 0, 10, 10, 0, 0, 0
38679, 2, 1, 0, 1, 0, 2
19758, 0, 5, 4, 1, 0, 0
30855, 6, 4, 4, 0, 5, 1
41132, 2, 5, 4, 1, 2, 0
47685, 0, 1, 1, 0, 0, 0
47686, 1, 2, 1, 1, 1, 0
47687, 1, 1, 1, 0, 1, 0
47688, 15, 5, 1, 4, 0, 15
21042, 0, 2, 1, 1, 0, 0
21332, 0, 4, 3, 1, 0, 0
30794, 10, 2, 2, 0, 8, 2
37669, 0, 3, 3, 0, 0, 0
47689, 1, 2, 2, 0, 1, 0
47690, 0, 2, 2, 0, 0, 0
47691, 0, 1, 1, 0, 0, 0
47692, 2, 3, 3, 0, 2, 0
47693, 8, 4, 4, 0, 7, 1
47694, 0, 1, 1, 0, 0, 0
47695, 0, 1, 0, 1, 0, 0
25064, 0, 7, 6, 1, 0, 0
47696, 0, 1, 1, 0, 0, 0
34490, 2, 4, 4, 0, 2, 0
34491, 0, 3, 0, 3, 0, 0
6846, 0, 4, 3, 1, 0, 0
38485, 0, 1, 1, 0, 0, 0
38486, 0, 1, 1, 0, 0, 0
47697, 0, 1, 1, 0, 0, 0
47698, 0, 2, 2, 0, 0, 0
47699, 0, 1, 1, 0, 0, 0
47700, 1, 1, 1, 0, 1, 0
47701, 0, 2, 2, 0, 0, 0
47702, 0, 2, 2, 0, 0, 0
18501, 26, 5, 4, 1, 15, 11
30419, 0, 2, 2, 0, 0, 0
41598, 0, 3, 3, 0, 0, 0
47703, 0, 1, 1, 0, 0, 0
47704, 2, 1, 1, 0, 2, 0
47705, 2, 2, 2, 0, 2, 0
11849, 0, 5, 5, 0, 0, 0
16436, 6, 7, 6, 1, 5, 1
19269, 0, 2, 2, 0, 0, 0
19732, 1, 7, 3, 4, 1, 0
20546, 0, 4, 4, 0, 0, 0
41164, 1, 4, 4, 0, 1, 0
47706, 0, 1, 1, 0, 0, 0
47707, 0, 2, 2, 0, 0, 0
47708, 0, 1, 1, 0, 0, 0
47709, 2, 3, 1, 2, 2, 0
47710, 0, 1, 1, 0, 0, 0
47711, 0, 1, 1, 0, 0, 0
47712, 0, 1, 1, 0, 0, 0
47713, 0, 1, 1, 0, 0, 0
47714, 0, 3, 1, 2, 0, 0
47715, 0, 1, 1, 0, 0, 0
47716, 0, 2, 1, 1, 0, 0
47717, 0, 1, 1, 0, 0, 0
47718, 0, 1, 0, 1, 0, 0
47719, 6, 4, 2, 2, 5, 1
16367, 4, 6, 5, 1, 4, 0
29196, 1, 2, 1, 1, 0, 1
36718, 0, 5, 5, 0, 0, 0
38295, 0, 3, 2, 1, 0, 0
47720, 0, 1, 0, 1, 0, 0
47721, 0, 2, 1, 1, 0, 0
47722, 8, 1, 0, 1, 8, 0
47723, 0, 1, 0, 1, 0, 0
47724, 0, 1, 0, 1, 0, 0
41344, 0, 12, 12, 0, 0, 0
41893, 3, 3, 2, 1, 3, 0
47725, 0, 1, 1, 0, 0, 0
8336, 4, 3, 0, 3, 4, 0
10648, 0, 4, 3, 1, 0, 0
11539, 0, 6, 6, 0, 0, 0
14737, 13, 16, 16, 0, 13, 0
20673, 9, 18, 17, 1, 8, 1
21866, 0, 4, 4, 0, 0, 0
22902, 6, 3, 3, 0, 6, 0
38645, 0, 3, 3, 0, 0, 0
42431, 0, 3, 3, 0, 0, 0
43896, 2, 2, 2, 0, 2, 0
47726, 8, 4, 3, 1, 7, 1
47727, 2, 1, 1, 0, 0, 2
47728, 0, 1, 1, 0, 0, 0
47729, 0, 1, 1, 0, 0, 0
47730, 0, 2, 1, 1, 0, 0
47731, 0, 1, 1, 0, 0, 0
47732, 0, 1, 1, 0, 0, 0
47733, 1, 1, 1, 0, 1, 0
47734, 0, 1, 1, 0, 0, 0
47735, 2, 2, 2, 0, 2, 0
47736, 0, 1, 1, 0, 0, 0
47737, 1, 1, 1, 0, 1, 0
47738, 4, 3, 1, 2, 4, 0
26436, 0, 11, 6, 5, 0, 0
29842, 0, 12, 12, 0, 0, 0
39083, 0, 7, 6, 1, 0, 0
47739, 6, 2, 2, 0, 4, 2
47740, 0, 7, 3, 4, 0, 0
47741, 1, 2, 2, 0, 1, 0
47742, 0, 2, 1, 1, 0, 0
47743, 0, 1, 1, 0, 0, 0
11127, 5, 8, 6, 2, 4, 1
24686, 0, 5, 5, 0, 0, 0
25989, 25, 2, 2, 0, 18, 7
27494, 1, 2, 1, 1, 1, 0
47744, 1, 1, 1, 0, 1, 0
47745, 0, 3, 3, 0, 0, 0
6199, 15, 2, 2, 0, 13, 2
19416, 6, 8, 8, 0, 1, 5
47746, 0, 1, 1, 0, 0, 0
7767, 0, 9, 7, 2, 0, 0
14431, 0, 6, 5, 1, 0, 0
24040, 20, 3, 3, 0, 12, 8
47747, 1, 1, 1, 0, 1, 0
47748, 0, 1, 1, 0, 0, 0
47749, 0, 2, 2, 0, 0, 0
47750, 2, 2, 2, 0, 2, 0
47751, 2, 2, 2, 0, 2, 0
47752, 0, 1, 0, 1, 0, 0
11154, 0, 4, 2, 2, 0, 0
33253, 0, 9, 6, 3, 0, 0
46204, 4, 1, 0, 1, 4, 0
47753, 0, 1, 1, 0, 0, 0
47754, 0, 1, 1, 0, 0, 0
47755, 0, 1, 1, 0, 0, 0
47756, 0, 1, 0, 1, 0, 0
47757, 0, 1, 0, 1, 0, 0
37421, 0, 14, 14, 0, 0, 0
47758, 0, 1, 1, 0, 0, 0
20406, 0, 3, 3, 0, 0, 0
20409, 0, 1, 1, 0, 0, 0
25885, 4, 3, 2, 1, 4, 0
38946, 0, 7, 7, 0, 0, 0
19805, 0, 10, 1, 9, 0, 0
30305, 0, 2, 2, 0, 0, 0
30444, 0, 3, 2, 1, 0, 0
47759, 0, 2, 2, 0, 0, 0
47760, 0, 2, 1, 1, 0, 0
47761, 0, 1, 1, 0, 0, 0
47762, 0, 3, 3, 0, 0, 0
47763, 0, 5, 5, 0, 0, 0
34071, 0, 2, 2, 0, 0, 0
37890, 4, 3, 3, 0, 4, 0
43898, 1, 3, 2, 1, 0, 1
47764, 0, 1, 1, 0, 0, 0
47765, 3, 1, 1, 0, 3, 0
47766, 0, 1, 0, 1, 0, 0
27004, 39, 6, 5, 1, 31, 8
47767, 0, 3, 3, 0, 0, 0
14953, 1, 10, 6, 4, 1, 0
19784, 1, 1, 1, 0, 1, 0
19785, 8, 8, 7, 1, 8, 0
19786, 0, 1, 1, 0, 0, 0
19789, 0, 1, 1, 0, 0, 0
19791, 0, 1, 1, 0, 0, 0
19792, 0, 3, 3, 0, 0, 0
19793, 2, 2, 1, 1, 2, 0
19794, 0, 2, 2, 0, 0, 0
19797, 7, 2, 2, 0, 7, 0
19798, 0, 1, 1, 0, 0, 0
19799, 0, 1, 1, 0, 0, 0
19803, 0, 1, 0, 1, 0, 0
47768, 0, 1, 1, 0, 0, 0
47769, 0, 2, 2, 0, 0, 0
47770, 0, 2, 2, 0, 0, 0
47771, 0, 1, 1, 0, 0, 0
35859, 0, 3, 3, 0, 0, 0
35864, 0, 3, 3, 0, 0, 0
37988, 0, 10, 5, 5, 0, 0
47772, 2, 2, 2, 0, 2, 0
47773, 1, 1, 0, 1, 1, 0
47774, 2, 1, 0, 1, 1, 1
47775, 4, 3, 0, 3, 4, 0
4072, 0, 2, 1, 1, 0, 0
5818, 0, 2, 2, 0, 0, 0
6321, 0, 12, 12, 0, 0, 0
10089, 13, 3, 2, 1, 3, 10
10344, 1, 3, 3, 0, 1, 0
15215, 2, 6, 5, 1, 0, 2
16463, 5, 12, 10, 2, 3, 2
16610, 23, 11, 9, 2, 16, 7
16617, 0, 2, 2, 0, 0, 0
16618, 0, 1, 1, 0, 0, 0
16619, 0, 1, 1, 0, 0, 0
16621, 0, 1, 1, 0, 0, 0
16622, 0, 2, 2, 0, 0, 0
16624, 4, 1, 1, 0, 4, 0
16625, 0, 7, 5, 2, 0, 0
16626, 0, 3, 1, 2, 0, 0
16627, 0, 6, 4, 2, 0, 0
16629, 49, 6, 4, 2, 30, 19
16630, 0, 2, 2, 0, 0, 0
16632, 0, 4, 4, 0, 0, 0
16635, 4, 5, 5, 0, 4, 0
16636, 0, 1, 1, 0, 0, 0
16637, 0, 1, 0, 1, 0, 0
47776, 11, 4, 4, 0, 10, 1
47777, 0, 6, 6, 0, 0, 0
43076, 1, 6, 4, 2, 1, 0
47778, 0, 1, 1, 0, 0, 0
8323, 0, 11, 11, 0, 0, 0
12254, 10, 5, 4, 1, 6, 4
13580, 1, 1, 1, 0, 0, 1
13583, 0, 1, 1, 0, 0, 0
13585, 0, 2, 2, 0, 0, 0
13586, 0, 2, 2, 0, 0, 0
13588, 1, 1, 1, 0, 1, 0
13589, 0, 3, 3, 0, 0, 0
13590, 0, 1, 1, 0, 0, 0
13591, 7, 1, 1, 0, 6, 1
13594, 10, 4, 4, 0, 10, 0
13595, 1, 5, 5, 0, 1, 0
13596, 1, 4, 4, 0, 1, 0
13597, 0, 1, 1, 0, 0, 0
13598, 14, 7, 6, 1, 14, 0
13599, 4, 1, 1, 0, 4, 0
13600, 9, 1, 1, 0, 9, 0
13601, 0, 7, 7, 0, 0, 0
13602, 14, 3, 3, 0, 8, 6
13603, 1, 9, 9, 0, 1, 0
13605, 0, 3, 2, 1, 0, 0
13606, 0, 10, 9, 1, 0, 0
13607, 15, 2, 2, 0, 13, 2
13608, 0, 1, 1, 0, 0, 0
13613, 0, 2, 1, 1, 0, 0
13618, 0, 2, 1, 1, 0, 0
13619, 6, 1, 1, 0, 2, 4
13620, 1, 1, 1, 0, 1, 0
13624, 1, 2, 2, 0, 0, 1
13625, 3, 2, 1, 1, 3, 0
13626, 0, 3, 3, 0, 0, 0
13627, 11, 1, 1, 0, 8, 3
13629, 1, 3, 1, 2, 1, 0
4330, 4, 5, 5, 0, 4, 0
9049, 10, 11, 4, 7, 5, 5
45846, 12, 8, 6, 2, 4, 8
47779, 0, 1, 1, 0, 0, 0
47780, 18, 3, 2, 1, 14, 4
47781, 0, 2, 1, 1, 0, 0
47782, 7, 2, 1, 1, 6, 1
14354, 8, 14, 12, 2, 7, 1
47783, 0, 1, 1, 0, 0, 0
47784, 0, 5, 5, 0, 0, 0
47785, 35, 2, 1, 1, 17, 18
16370, 11, 6, 5, 1, 9, 2
47786, 0, 1, 1, 0, 0, 0
13797, 1, 4, 2, 2, 1, 0
20018, 0, 8, 5, 3, 0, 0
20206, 0, 7, 1, 6, 0, 0
22833, 10, 10, 6, 4, 8, 2
24155, 0, 9, 2, 7, 0, 0
29309, 0, 6, 3, 3, 0, 0
30317, 97, 10, 9, 1, 97, 0
30542, 1, 12, 8, 4, 0, 1
33149, 1, 8, 5, 3, 0, 1
33841, 0, 2, 1, 1, 0, 0
33927, 2, 2, 1, 1, 2, 0
40722, 70, 2, 1, 1, 36, 34
44242, 7, 3, 2, 1, 7, 0
47787, 1, 1, 1, 0, 0, 1
47788, 0, 2, 2, 0, 0, 0
47789, 0, 1, 1, 0, 0, 0
47790, 2, 2, 2, 0, 2, 0
47791, 0, 2, 1, 1, 0, 0
47792, 0, 1, 1, 0, 0, 0
47793, 0, 1, 0, 1, 0, 0
47794, 0, 1, 0, 1, 0, 0
47795, 0, 1, 0, 1, 0, 0
47796, 0, 1, 0, 1, 0, 0
47797, 0, 1, 0, 1, 0, 0
47798, 0, 4, 3, 1, 0, 0
47799, 8, 2, 1, 1, 7, 1
47800, 0, 2, 0, 2, 0, 0
47801, 1, 2, 0, 2, 1, 0
47802, 0, 1, 0, 1, 0, 0
47803, 0, 1, 0, 1, 0, 0
47804, 1, 2, 0, 2, 1, 0
47805, 0, 1, 0, 1, 0, 0
47806, 0, 1, 0, 1, 0, 0
47807, 0, 1, 0, 1, 0, 0
47808, 0, 1, 1, 0, 0, 0
47809, 1, 1, 1, 0, 1, 0
47810, 1, 1, 1, 0, 1, 0
47811, 0, 5, 2, 3, 0, 0
31044, 5, 6, 5, 1, 4, 1
33273, 0, 7, 7, 0, 0, 0
33277, 16, 8, 8, 0, 13, 3
38278, 0, 2, 2, 0, 0, 0
41771, 4, 3, 1, 2, 4, 0
47812, 0, 2, 2, 0, 0, 0
47813, 0, 5, 5, 0, 0, 0
47814, 2, 3, 3, 0, 2, 0
47815, 3, 3, 3, 0, 3, 0
47816, 3, 2, 2, 0, 3, 0
21548, 0, 11, 11, 0, 0, 0
22179, 0, 7, 6, 1, 0, 0
22182, 0, 5, 2, 3, 0, 0
23494, 10, 12, 12, 0, 10, 0
47817, 0, 1, 0, 1, 0, 0
4978, 0, 6, 6, 0, 0, 0
24586, 17, 7, 7, 0, 11, 6
26683, 0, 1, 1, 0, 0, 0
26684, 0, 2, 2, 0, 0, 0
26685, 0, 3, 3, 0, 0, 0
26686, 0, 1, 1, 0, 0, 0
26689, 14, 7, 3, 4, 14, 0
26693, 0, 1, 1, 0, 0, 0
26694, 4, 2, 1, 1, 2, 2
19407, 0, 15, 8, 7, 0, 0
29534, 0, 6, 3, 3, 0, 0
46867, 0, 5, 5, 0, 0, 0
46868, 0, 1, 0, 1, 0, 0
6429, 3, 7, 5, 2, 3, 0
34825, 0, 3, 1, 2, 0, 0
43660, 2, 2, 2, 0, 2, 0
23620, 1, 5, 4, 1, 0, 1
28837, 0, 3, 3, 0, 0, 0
30847, 0, 9, 7, 2, 0, 0
33949, 0, 1, 1, 0, 0, 0
33950, 1, 2, 2, 0, 0, 1
33951, 1, 2, 2, 0, 1, 0
33953, 2, 2, 2, 0, 2, 0
33954, 0, 6, 3, 3, 0, 0
33955, 50, 2, 2, 0, 40, 10
33956, 0, 2, 1, 1, 0, 0
33957, 0, 1, 1, 0, 0, 0
18347, 1, 2, 1, 1, 1, 0
47818, 1, 3, 0, 3, 1, 0
47819, 0, 1, 0, 1, 0, 0
47820, 1, 4, 1, 3, 1, 0
5116, 4, 3, 0, 3, 3, 1
9225, 1, 10, 10, 0, 1, 0
14514, 0, 15, 13, 2, 0, 0
21529, 2, 6, 6, 0, 2, 0
24799, 10, 10, 8, 2, 10, 0
32837, 0, 9, 9, 0, 0, 0
35953, 0, 1, 1, 0, 0, 0
35955, 0, 1, 0, 1, 0, 0
35956, 0, 4, 0, 4, 0, 0
35957, 0, 1, 0, 1, 0, 0
35958, 0, 4, 0, 4, 0, 0
29168, 0, 7, 6, 1, 0, 0
35367, 0, 3, 2, 1, 0, 0
40275, 0, 4, 4, 0, 0, 0
41366, 4, 2, 2, 0, 4, 0
21273, 7, 8, 6, 2, 7, 0
46309, 1, 1, 1, 0, 1, 0
46310, 0, 2, 0, 2, 0, 0
6722, 2, 11, 7, 4, 2, 0
8965, 3, 5, 4, 1, 2, 1
9279, 16, 14, 11, 3, 13, 3
13074, 75, 12, 8, 4, 72, 3
14747, 0, 9, 6, 3, 0, 0
16540, 30, 10, 9, 1, 25, 5
16862, 0, 4, 1, 3, 0, 0
20128, 4, 16, 16, 0, 4, 0
20218, 0, 12, 5, 7, 0, 0
21727, 1, 5, 4, 1, 1, 0
24356, 0, 3, 0, 3, 0, 0
30192, 0, 3, 2, 1, 0, 0
30561, 0, 26, 14, 12, 0, 0
30749, 2, 3, 1, 2, 2, 0
32800, 0, 4, 2, 2, 0, 0
35182, 0, 4, 3, 1, 0, 0
41709, 4, 5, 1, 4, 3, 1
41833, 15, 2, 1, 1, 4, 11
46237, 0, 3, 0, 3, 0, 0
47089, 0, 3, 0, 3, 0, 0
47821, 0, 2, 1, 1, 0, 0
47822, 0, 1, 1, 0, 0, 0
47823, 0, 4, 4, 0, 0, 0
47824, 8, 2, 1, 1, 5, 3
47825, 0, 3, 1, 2, 0, 0
47826, 2, 2, 1, 1, 2, 0
47827, 4, 2, 1, 1, 4, 0
47828, 0, 1, 0, 1, 0, 0
47829, 0, 1, 0, 1, 0, 0
47830, 8, 1, 0, 1, 8, 0
47831, 1, 1, 0, 1, 1, 0
47832, 0, 1, 0, 1, 0, 0
47833, 2, 1, 0, 1, 0, 2
47834, 0, 2, 1, 1, 0, 0
47835, 0, 2, 0, 2, 0, 0
47836, 0, 2, 0, 2, 0, 0
47837, 0, 1, 0, 1, 0, 0
47838, 0, 1, 0, 1, 0, 0
47839, 0, 4, 2, 2, 0, 0
47840, 0, 1, 0, 1, 0, 0
9268, 0, 14, 13, 1, 0, 0
15037, 27, 5, 5, 0, 24, 3
19079, 2, 6, 4, 2, 2, 0
47841, 0, 1, 1, 0, 0, 0
47842, 1, 1, 1, 0, 0, 1
47843, 31, 1, 1, 0, 28, 3
14570, 0, 3, 3, 0, 0, 0
24800, 3, 5, 5, 0, 3, 0
47844, 0, 3, 3, 0, 0, 0
7062, 26, 1, 1, 0, 19, 7
7067, 3, 2, 2, 0, 3, 0
44452, 0, 1, 1, 0, 0, 0
44453, 9, 8, 6, 2, 9, 0
21333, 13, 10, 8, 2, 5, 8
28932, 0, 4, 3, 1, 0, 0
38887, 0, 2, 2, 0, 0, 0
47845, 3, 1, 1, 0, 3, 0
47846, 17, 2, 2, 0, 17, 0
47847, 10, 1, 1, 0, 10, 0
47848, 0, 2, 1, 1, 0, 0
47849, 0, 1, 1, 0, 0, 0
47850, 5, 1, 1, 0, 5, 0
7439, 0, 2, 2, 0, 0, 0
24141, 0, 4, 3, 1, 0, 0
29280, 3, 3, 3, 0, 3, 0
38346, 2, 3, 2, 1, 2, 0
41877, 0, 5, 5, 0, 0, 0
43409, 0, 2, 2, 0, 0, 0
47851, 0, 2, 2, 0, 0, 0
47852, 0, 1, 1, 0, 0, 0
47853, 4, 5, 5, 0, 3, 1
6433, 4, 20, 16, 4, 3, 1
7188, 5, 2, 1, 1, 5, 0
9071, 12, 5, 2, 3, 9, 3
11117, 0, 6, 6, 0, 0, 0
14131, 2, 3, 3, 0, 2, 0
17718, 2, 10, 10, 0, 1, 1
18246, 2, 11, 10, 1, 2, 0
20117, 0, 5, 2, 3, 0, 0
22887, 15, 2, 1, 1, 15, 0
23838, 6, 6, 6, 0, 6, 0
25717, 2, 2, 0, 2, 0, 2
26437, 22, 3, 2, 1, 22, 0
27421, 26, 5, 5, 0, 26, 0
29499, 0, 8, 0, 8, 0, 0
30773, 0, 10, 4, 6, 0, 0
31476, 0, 3, 1, 2, 0, 0
33755, 0, 5, 5, 0, 0, 0
34341, 4, 4, 3, 1, 4, 0
41570, 3, 4, 2, 2, 3, 0
41825, 0, 2, 0, 2, 0, 0
46471, 3, 3, 2, 1, 0, 3
47854, 0, 2, 1, 1, 0, 0
47855, 0, 1, 1, 0, 0, 0
47856, 0, 2, 2, 0, 0, 0
47857, 5, 4, 4, 0, 5, 0
47858, 0, 1, 1, 0, 0, 0
47859, 0, 3, 3, 0, 0, 0
47860, 0, 1, 0, 1, 0, 0
47861, 0, 1, 0, 1, 0, 0
47862, 0, 3, 1, 2, 0, 0
47863, 3, 2, 1, 1, 1, 2
47864, 5, 4, 1, 3, 2, 3
47865, 3, 1, 0, 1, 3, 0
47866, 0, 1, 0, 1, 0, 0
47867, 3, 2, 1, 1, 3, 0
7751, 2, 9, 9, 0, 2, 0
9176, 0, 7, 5, 2, 0, 0
20088, 0, 6, 5, 1, 0, 0
29424, 0, 1, 1, 0, 0, 0
29425, 0, 2, 1, 1, 0, 0
29426, 0, 3, 3, 0, 0, 0
29428, 5, 3, 1, 2, 4, 1
29429, 0, 2, 2, 0, 0, 0
47868, 2, 1, 1, 0, 2, 0
47869, 5, 2, 2, 0, 5, 0
47870, 2, 2, 2, 0, 2, 0
47871, 7, 3, 3, 0, 7, 0
20063, 0, 2, 2, 0, 0, 0
29379, 0, 6, 4, 2, 0, 0
13578, 4, 5, 2, 3, 4, 0
37182, 0, 8, 8, 0, 0, 0
26349, 0, 6, 6, 0, 0, 0
33469, 2, 6, 5, 1, 1, 1
44626, 0, 4, 2, 2, 0, 0
47872, 0, 2, 2, 0, 0, 0
47873, 0, 2, 2, 0, 0, 0
47874, 0, 1, 1, 0, 0, 0
47875, 0, 2, 2, 0, 0, 0
5359, 181, 9, 7, 2, 31, 150
6744, 11, 8, 2, 6, 11, 0
12594, 0, 9, 1, 8, 0, 0
16956, 17, 4, 3, 1, 15, 2
17104, 37, 5, 4, 1, 24, 13
18780, 50, 5, 4, 1, 47, 3
19836, 11, 3, 2, 1, 7, 4
22921, 24, 9, 6, 3, 23, 1
35635, 2, 4, 2, 2, 2, 0
46085, 55, 22, 22, 0, 54, 1
47876, 94, 3, 3, 0, 67, 27
47877, 0, 1, 1, 0, 0, 0
47878, 1, 1, 1, 0, 1, 0
47879, 0, 3, 3, 0, 0, 0
47880, 0, 1, 1, 0, 0, 0
47881, 0, 3, 3, 0, 0, 0
47882, 18, 2, 2, 0, 18, 0
47883, 0, 1, 0, 1, 0, 0
47884, 29, 8, 7, 1, 16, 13
47885, 0, 7, 4, 3, 0, 0
47886, 46, 3, 1, 2, 16, 30
47887, 0, 1, 0, 1, 0, 0
47888, 10, 2, 0, 2, 6, 4
47889, 0, 1, 1, 0, 0, 0
26346, 1, 2, 2, 0, 1, 0
26347, 0, 1, 1, 0, 0, 0
26350, 0, 3, 3, 0, 0, 0
26351, 0, 2, 2, 0, 0, 0
26352, 0, 3, 2, 1, 0, 0
26353, 0, 4, 4, 0, 0, 0
47890, 0, 1, 1, 0, 0, 0
44274, 2, 1, 1, 0, 2, 0
47891, 0, 1, 1, 0, 0, 0
44406, 0, 3, 3, 0, 0, 0
47892, 0, 2, 1, 1, 0, 0
47893, 3, 1, 1, 0, 3, 0
47894, 0, 1, 1, 0, 0, 0
4325, 4, 30, 25, 5, 4, 0
9311, 0, 6, 6, 0, 0, 0
12561, 1, 5, 3, 2, 0, 1
13637, 16, 6, 4, 2, 16, 0
20382, 1, 9, 7, 2, 1, 0
38847, 0, 2, 2, 0, 0, 0
38848, 0, 1, 1, 0, 0, 0
38849, 0, 1, 1, 0, 0, 0
38851, 16, 3, 2, 1, 14, 2
38853, 0, 1, 1, 0, 0, 0
38855, 0, 1, 0, 1, 0, 0
4460, 0, 7, 6, 1, 0, 0
9008, 8, 3, 2, 1, 7, 1
9166, 1, 17, 15, 2, 1, 0
10518, 0, 4, 3, 1, 0, 0
12386, 0, 4, 4, 0, 0, 0
14905, 0, 3, 1, 2, 0, 0
16314, 0, 7, 0, 7, 0, 0
16869, 6, 12, 9, 3, 2, 4
20553, 8, 6, 4, 2, 8, 0
21439, 0, 6, 5, 1, 0, 0
22646, 0, 3, 2, 1, 0, 0
23608, 0, 2, 1, 1, 0, 0
25193, 0, 5, 0, 5, 0, 0
29434, 5, 4, 4, 0, 0, 5
32784, 36, 3, 2, 1, 29, 7
32785, 5, 4, 4, 0, 5, 0
32786, 0, 1, 1, 0, 0, 0
32787, 0, 3, 3, 0, 0, 0
32788, 0, 3, 1, 2, 0, 0
32789, 0, 1, 1, 0, 0, 0
32790, 0, 1, 1, 0, 0, 0
32793, 0, 2, 2, 0, 0, 0
32794, 0, 1, 1, 0, 0, 0
32795, 2, 4, 3, 1, 2, 0
32796, 9, 2, 2, 0, 3, 6
32797, 0, 5, 2, 3, 0, 0
32798, 1, 2, 2, 0, 1, 0
32801, 0, 1, 1, 0, 0, 0
32802, 1, 3, 1, 2, 1, 0
32803, 0, 1, 0, 1, 0, 0
32804, 0, 2, 0, 2, 0, 0
32805, 0, 1, 0, 1, 0, 0
47895, 0, 2, 2, 0, 0, 0
47896, 0, 1, 1, 0, 0, 0
4089, 0, 3, 2, 1, 0, 0
21023, 3, 7, 5, 2, 3, 0
33532, 0, 3, 2, 1, 0, 0
37766, 0, 4, 3, 1, 0, 0
47897, 0, 1, 1, 0, 0, 0
47898, 2, 5, 4, 1, 2, 0
47899, 0, 3, 0, 3, 0, 0
47900, 0, 2, 1, 1, 0, 0
47901, 0, 3, 1, 2, 0, 0
47902, 1, 4, 3, 1, 0, 1
47903, 0, 1, 0, 1, 0, 0
45048, 0, 3, 3, 0, 0, 0
47904, 2, 4, 4, 0, 2, 0
22576, 0, 7, 3, 4, 0, 0
24873, 0, 7, 3, 4, 0, 0
39225, 2, 2, 2, 0, 2, 0
43784, 0, 1, 1, 0, 0, 0
12867, 0, 7, 6, 1, 0, 0
12872, 1, 1, 1, 0, 1, 0
12874, 2, 3, 2, 1, 2, 0
12878, 0, 1, 1, 0, 0, 0
12879, 0, 2, 2, 0, 0, 0
14811, 0, 16, 16, 0, 0, 0
47905, 0, 2, 2, 0, 0, 0
47906, 0, 3, 2, 1, 0, 0
38423, 2, 2, 2, 0, 2, 0
47907, 0, 1, 1, 0, 0, 0
47908, 0, 1, 1, 0, 0, 0
47909, 1, 1, 1, 0, 1, 0
47910, 37, 3, 3, 0, 32, 5
7075, 0, 11, 11, 0, 0, 0
9636, 0, 9, 4, 5, 0, 0
10404, 0, 2, 2, 0, 0, 0
12743, 0, 5, 3, 2, 0, 0
13763, 0, 4, 2, 2, 0, 0
15514, 9, 4, 4, 0, 8, 1
21131, 0, 4, 2, 2, 0, 0
27681, 6, 4, 2, 2, 6, 0
33491, 1, 4, 4, 0, 1, 0
34166, 4, 3, 2, 1, 4, 0
34615, 14, 4, 4, 0, 12, 2
35463, 1, 4, 3, 1, 1, 0
47911, 0, 4, 1, 3, 0, 0
47912, 1, 1, 1, 0, 0, 1
47913, 2, 2, 2, 0, 2, 0
47914, 0, 1, 1, 0, 0, 0
47915, 0, 4, 4, 0, 0, 0
47916, 0, 1, 1, 0, 0, 0
47917, 0, 1, 1, 0, 0, 0
47918, 0, 2, 2, 0, 0, 0
47919, 31, 3, 2, 1, 28, 3
47920, 1, 1, 1, 0, 0, 1
47921, 0, 1, 1, 0, 0, 0
47922, 0, 2, 1, 1, 0, 0
47923, 5, 2, 2, 0, 5, 0
47924, 3, 2, 2, 0, 3, 0
47925, 0, 1, 1, 0, 0, 0
47926, 0, 1, 0, 1, 0, 0
47927, 0, 2, 1, 1, 0, 0
47928, 0, 2, 0, 2, 0, 0
47929, 0, 1, 0, 1, 0, 0
47930, 0, 3, 0, 3, 0, 0
47931, 0, 2, 1, 1, 0, 0
28354, 15, 6, 4, 2, 11, 4
30292, 0, 6, 5, 1, 0, 0
46103, 0, 2, 2, 0, 0, 0
47932, 1, 1, 1, 0, 1, 0
47933, 2, 2, 2, 0, 0, 2
47934, 2, 2, 2, 0, 2, 0
26065, 2, 2, 1, 1, 2, 0
37862, 0, 4, 2, 2, 0, 0
47935, 0, 1, 1, 0, 0, 0
47936, 1, 4, 2, 2, 0, 1
47937, 0, 1, 0, 1, 0, 0
20213, 2, 5, 5, 0, 2, 0
23562, 16, 9, 9, 0, 14, 2
24910, 2, 5, 5, 0, 2, 0
34048, 0, 4, 4, 0, 0, 0
44829, 0, 1, 1, 0, 0, 0
44830, 0, 2, 2, 0, 0, 0
44831, 3, 3, 3, 0, 3, 0
44832, 1, 3, 1, 2, 0, 1
4031, 0, 19, 16, 3, 0, 0
13351, 33, 3, 2, 1, 21, 12
15366, 0, 5, 3, 2, 0, 0
15706, 0, 5, 5, 0, 0, 0
22356, 1, 3, 3, 0, 0, 1
22813, 5, 6, 5, 1, 5, 0
25132, 2, 4, 3, 1, 0, 2
25968, 0, 5, 5, 0, 0, 0
27002, 0, 4, 2, 2, 0, 0
27848, 4, 5, 3, 2, 3, 1
34783, 0, 9, 8, 1, 0, 0
36387, 0, 2, 2, 0, 0, 0
39651, 1, 14, 12, 2, 0, 1
39652, 0, 7, 7, 0, 0, 0
39653, 16, 2, 1, 1, 15, 1
39654, 0, 1, 1, 0, 0, 0
39655, 0, 1, 1, 0, 0, 0
39657, 0, 6, 5, 1, 0, 0
39658, 0, 1, 1, 0, 0, 0
39659, 1, 1, 1, 0, 1, 0
39660, 1, 1, 1, 0, 1, 0
5279, 41, 3, 3, 0, 40, 1
24637, 88, 3, 2, 1, 81, 7
27965, 1, 3, 3, 0, 1, 0
47938, 1, 1, 1, 0, 1, 0
47939, 1, 2, 2, 0, 1, 0
20365, 0, 2, 2, 0, 0, 0
27244, 4, 4, 4, 0, 4, 0
40489, 1, 3, 2, 1, 0, 1
40641, 2, 3, 3, 0, 1, 1
41687, 0, 5, 4, 1, 0, 0
47940, 0, 4, 4, 0, 0, 0
47941, 0, 1, 1, 0, 0, 0
47942, 6, 4, 4, 0, 5, 1
47943, 0, 2, 2, 0, 0, 0
47944, 174, 3, 3, 0, 139, 35
47945, 0, 6, 6, 0, 0, 0
10294, 0, 8, 6, 2, 0, 0
21581, 0, 2, 2, 0, 0, 0
30909, 0, 4, 3, 1, 0, 0
37542, 0, 2, 2, 0, 0, 0
45949, 0, 2, 2, 0, 0, 0
45950, 0, 1, 1, 0, 0, 0
45951, 0, 2, 2, 0, 0, 0
45952, 0, 1, 1, 0, 0, 0
45953, 0, 4, 4, 0, 0, 0
45954, 2, 1, 1, 0, 2, 0
45955, 0, 1, 1, 0, 0, 0
45956, 0, 1, 1, 0, 0, 0
25595, 0, 8, 8, 0, 0, 0
47946, 0, 1, 1, 0, 0, 0
38417, 0, 5, 3, 2, 0, 0
47947, 0, 1, 1, 0, 0, 0
47948, 0, 2, 0, 2, 0, 0
47949, 0, 2, 0, 2, 0, 0
6436, 0, 4, 3, 1, 0, 0
6685, 0, 2, 1, 1, 0, 0
6687, 0, 1, 1, 0, 0, 0
6689, 1, 1, 1, 0, 1, 0
6696, 1, 1, 1, 0, 1, 0
6699, 0, 2, 2, 0, 0, 0
6702, 0, 2, 2, 0, 0, 0
6703, 9, 8, 8, 0, 9, 0
6708, 0, 1, 1, 0, 0, 0
6718, 0, 6, 3, 3, 0, 0
6721, 3, 4, 4, 0, 2, 1
6726, 11, 9, 8, 1, 7, 4
6736, 0, 1, 0, 1, 0, 0
6738, 1, 2, 1, 1, 1, 0
6739, 1, 2, 1, 1, 1, 0
6740, 0, 3, 0, 3, 0, 0
6742, 0, 5, 0, 5, 0, 0
6747, 2, 15, 11, 4, 2, 0
6750, 0, 1, 0, 1, 0, 0
6753, 0, 7, 3, 4, 0, 0
6754, 1, 5, 3, 2, 0, 1
6755, 0, 4, 1, 3, 0, 0
6759, 0, 1, 0, 1, 0, 0
6766, 0, 1, 0, 1, 0, 0
13732, 1, 7, 5, 2, 1, 0
16433, 0, 2, 1, 1, 0, 0
20683, 2, 3, 3, 0, 2, 0
25951, 23, 9, 2, 7, 11, 12
28199, 0, 5, 5, 0, 0, 0
30003, 11, 8, 7, 1, 8, 3
32503, 0, 9, 9, 0, 0, 0
35279, 0, 2, 1, 1, 0, 0
39132, 0, 6, 3, 3, 0, 0
45122, 1, 6, 3, 3, 1, 0
47950, 0, 1, 1, 0, 0, 0
47951, 0, 4, 4, 0, 0, 0
47952, 1, 2, 2, 0, 1, 0
47953, 1, 4, 4, 0, 1, 0
47954, 2, 2, 2, 0, 1, 1
47955, 0, 1, 1, 0, 0, 0
47956, 19, 4, 3, 1, 16, 3
47957, 0, 1, 0, 1, 0, 0
47958, 1, 3, 0, 3, 1, 0
47959, 0, 2, 1, 1, 0, 0
47960, 9, 2, 1, 1, 4, 5
47961, 0, 1, 0, 1, 0, 0
47962, 0, 2, 1, 1, 0, 0
47963, 0, 1, 0, 1, 0, 0
47964, 0, 2, 1, 1, 0, 0
47965, 1, 1, 0, 1, 0, 1
47966, 0, 1, 0, 1, 0, 0
47967, 0, 1, 0, 1, 0, 0
19897, 15, 7, 5, 2, 14, 1
46994, 0, 9, 9, 0, 0, 0
47968, 0, 5, 5, 0, 0, 0
47969, 0, 2, 2, 0, 0, 0
17648, 3, 4, 4, 0, 2, 1
18183, 0, 3, 3, 0, 0, 0
18184, 3, 1, 1, 0, 3, 0
18185, 1, 1, 0, 1, 0, 1
21475, 1, 2, 2, 0, 1, 0
29605, 0, 2, 2, 0, 0, 0
47970, 0, 1, 1, 0, 0, 0
47971, 0, 2, 2, 0, 0, 0
47972, 3, 2, 2, 0, 3, 0
33416, 1, 5, 4, 1, 1, 0
47973, 0, 1, 1, 0, 0, 0
47974, 7, 2, 2, 0, 6, 1
47975, 0, 1, 1, 0, 0, 0
47976, 0, 1, 0, 1, 0, 0
47977, 0, 1, 0, 1, 0, 0
13851, 8, 5, 1, 4, 4, 4
17805, 4, 6, 6, 0, 1, 3
18984, 0, 9, 8, 1, 0, 0
28410, 2, 3, 1, 2, 0, 2
28817, 1, 4, 3, 1, 1, 0
45232, 8, 4, 4, 0, 4, 4
45940, 2, 3, 2, 1, 2, 0
47978, 0, 1, 1, 0, 0, 0
47979, 0, 4, 4, 0, 0, 0
47980, 0, 2, 2, 0, 0, 0
47981, 0, 1, 1, 0, 0, 0
47982, 0, 1, 1, 0, 0, 0
47983, 0, 3, 3, 0, 0, 0
47984, 0, 1, 1, 0, 0, 0
47985, 0, 1, 1, 0, 0, 0
47986, 0, 3, 3, 0, 0, 0
47987, 0, 2, 2, 0, 0, 0
47988, 0, 1, 0, 1, 0, 0
47989, 0, 3, 0, 3, 0, 0
47990, 0, 1, 0, 1, 0, 0
47991, 0, 1, 0, 1, 0, 0
47992, 0, 2, 1, 1, 0, 0
47993, 0, 1, 0, 1, 0, 0
7240, 60, 12, 11, 1, 52, 8
8820, 0, 7, 2, 5, 0, 0
27480, 0, 6, 4, 2, 0, 0
30401, 1, 5, 5, 0, 1, 0
30697, 0, 2, 1, 1, 0, 0
33390, 0, 8, 7, 1, 0, 0
33393, 0, 4, 3, 1, 0, 0
38672, 0, 2, 1, 1, 0, 0
47994, 0, 1, 1, 0, 0, 0
47995, 16, 8, 5, 3, 9, 7
47996, 0, 5, 5, 0, 0, 0
47997, 1, 2, 2, 0, 1, 0
47998, 4, 3, 3, 0, 4, 0
47999, 0, 1, 1, 0, 0, 0
48000, 0, 1, 0, 1, 0, 0
48001, 0, 4, 1, 3, 0, 0
15247, 1, 12, 11, 1, 1, 0
18196, 0, 11, 10, 1, 0, 0
48002, 0, 1, 1, 0, 0, 0
48003, 0, 2, 1, 1, 0, 0
25475, 2, 5, 5, 0, 2, 0
4727, 7, 11, 9, 2, 7, 0
9115, 0, 5, 5, 0, 0, 0
10213, 0, 6, 4, 2, 0, 0
12789, 4, 9, 7, 2, 4, 0
23572, 2, 3, 3, 0, 1, 1
24587, 0, 4, 4, 0, 0, 0
24869, 4, 5, 4, 1, 4, 0
25051, 0, 5, 5, 0, 0, 0
26234, 86, 7, 7, 0, 80, 6
26984, 0, 2, 1, 1, 0, 0
32613, 12, 6, 6, 0, 11, 1
35774, 0, 8, 8, 0, 0, 0
42515, 1, 3, 3, 0, 1, 0
44401, 12, 2, 2, 0, 12, 0
47116, 10, 5, 5, 0, 9, 1
48004, 0, 1, 1, 0, 0, 0
48005, 1, 3, 3, 0, 1, 0
48006, 1, 1, 1, 0, 1, 0
48007, 16, 4, 4, 0, 16, 0
48008, 0, 5, 4, 1, 0, 0
48009, 0, 1, 1, 0, 0, 0
48010, 0, 1, 1, 0, 0, 0
48011, 12, 2, 0, 2, 7, 5
48012, 0, 1, 0, 1, 0, 0
48013, 1, 1, 0, 1, 0, 1
48014, 0, 7, 2, 5, 0, 0
26289, 0, 3, 2, 1, 0, 0
30565, 4, 5, 3, 2, 2, 2
40710, 0, 1, 1, 0, 0, 0
40712, 1, 1, 0, 1, 1, 0
40713, 0, 1, 0, 1, 0, 0
40714, 2, 3, 1, 2, 2, 0
40715, 0, 1, 0, 1, 0, 0
40716, 0, 1, 0, 1, 0, 0
40717, 1, 2, 0, 2, 1, 0
40718, 0, 2, 0, 2, 0, 0
35836, 0, 1, 0, 1, 0, 0
10129, 48, 10, 10, 0, 48, 0
13320, 0, 13, 9, 4, 0, 0
20321, 6, 7, 5, 2, 6, 0
20869, 0, 2, 2, 0, 0, 0
22337, 33, 1, 1, 0, 29, 4
22341, 0, 1, 1, 0, 0, 0
22346, 9, 7, 7, 0, 8, 1
16977, 2, 12, 9, 3, 2, 0
41619, 10, 3, 3, 0, 9, 1
48015, 0, 9, 9, 0, 0, 0
48016, 2, 1, 1, 0, 2, 0
30865, 13, 8, 6, 2, 12, 1
35221, 4, 8, 5, 3, 4, 0
43196, 3, 2, 2, 0, 3, 0
48017, 2, 1, 1, 0, 2, 0
3939, 0, 8, 7, 1, 0, 0
30907, 2, 7, 7, 0, 2, 0
9211, 13, 2, 2, 0, 12, 1
10085, 0, 16, 2, 14, 0, 0
16952, 33, 20, 16, 4, 0, 33
20162, 0, 3, 1, 2, 0, 0
25949, 3, 4, 1, 3, 1, 2
39585, 20, 3, 3, 0, 20, 0
48018, 1, 1, 1, 0, 1, 0
48019, 0, 1, 1, 0, 0, 0
48020, 2, 2, 2, 0, 2, 0
48021, 1, 2, 1, 1, 1, 0
48022, 0, 2, 0, 2, 0, 0
48023, 0, 1, 0, 1, 0, 0
48024, 0, 1, 0, 1, 0, 0
48025, 17, 3, 2, 1, 17, 0
48026, 0, 1, 0, 1, 0, 0
48027, 0, 1, 0, 1, 0, 0
6203, 18, 12, 11, 1, 9, 9
6323, 1, 3, 3, 0, 1, 0
31063, 0, 4, 4, 0, 0, 0
31427, 16, 1, 1, 0, 12, 4
31429, 7, 7, 6, 1, 3, 4
31430, 0, 1, 1, 0, 0, 0
31431, 0, 3, 1, 2, 0, 0
31432, 11, 3, 3, 0, 0, 11
31433, 2, 3, 3, 0, 2, 0
9307, 1, 7, 6, 1, 1, 0
48028, 1, 1, 1, 0, 1, 0
12763, 0, 9, 4, 5, 0, 0
19232, 118, 3, 3, 0, 23, 95
38416, 0, 2, 1, 1, 0, 0
48029, 0, 1, 1, 0, 0, 0
48030, 3, 2, 2, 0, 3, 0
48031, 0, 3, 3, 0, 0, 0
48032, 0, 1, 1, 0, 0, 0
48033, 0, 2, 2, 0, 0, 0
48034, 20, 1, 1, 0, 20, 0
48035, 1, 1, 1, 0, 1, 0
48036, 11, 1, 1, 0, 11, 0
48037, 0, 2, 2, 0, 0, 0
48038, 0, 1, 0, 1, 0, 0
48039, 0, 1, 0, 1, 0, 0
48040, 4, 7, 3, 4, 4, 0
48041, 0, 1, 0, 1, 0, 0
48042, 0, 3, 1, 2, 0, 0
11862, 0, 11, 11, 0, 0, 0
27926, 0, 2, 2, 0, 0, 0
38959, 16, 7, 7, 0, 16, 0
48043, 0, 1, 1, 0, 0, 0
48044, 1, 2, 2, 0, 0, 1
48045, 0, 1, 0, 1, 0, 0
7221, 0, 8, 2, 6, 0, 0
9199, 7, 8, 4, 4, 7, 0
9207, 0, 17, 12, 5, 0, 0
9646, 44, 11, 4, 7, 7, 37
10371, 0, 6, 6, 0, 0, 0
11652, 0, 7, 6, 1, 0, 0
11952, 1, 20, 17, 3, 1, 0
12992, 0, 8, 6, 2, 0, 0
13661, 0, 8, 4, 4, 0, 0
15159, 5, 9, 7, 2, 5, 0
18463, 28, 5, 5, 0, 28, 0
24596, 0, 8, 7, 1, 0, 0
25954, 3, 9, 5, 4, 3, 0
28813, 2, 10, 6, 4, 2, 0
29394, 0, 4, 3, 1, 0, 0
30877, 14, 9, 7, 2, 11, 3
31339, 0, 2, 1, 1, 0, 0
32462, 8, 4, 4, 0, 8, 0
33141, 0, 3, 3, 0, 0, 0
33474, 0, 13, 13, 0, 0, 0
34684, 5, 6, 6, 0, 5, 0
35118, 0, 2, 2, 0, 0, 0
35919, 4, 4, 4, 0, 2, 2
36007, 0, 2, 2, 0, 0, 0
37037, 0, 3, 3, 0, 0, 0
38328, 0, 3, 2, 1, 0, 0
41449, 0, 4, 1, 3, 0, 0
46339, 0, 2, 2, 0, 0, 0
48046, 0, 1, 1, 0, 0, 0
48047, 0, 1, 1, 0, 0, 0
48048, 0, 1, 1, 0, 0, 0
48049, 0, 2, 1, 1, 0, 0
48050, 0, 1, 1, 0, 0, 0
48051, 0, 1, 1, 0, 0, 0
48052, 0, 1, 1, 0, 0, 0
48053, 0, 1, 1, 0, 0, 0
48054, 0, 1, 1, 0, 0, 0
48055, 2, 1, 1, 0, 2, 0
48056, 0, 2, 1, 1, 0, 0
48057, 0, 2, 2, 0, 0, 0
48058, 2, 1, 1, 0, 2, 0
48059, 0, 3, 3, 0, 0, 0
48060, 1, 1, 1, 0, 0, 1
48061, 11, 4, 3, 1, 9, 2
48062, 0, 1, 1, 0, 0, 0
48063, 0, 1, 1, 0, 0, 0
48064, 1, 2, 2, 0, 1, 0
48065, 0, 1, 1, 0, 0, 0
48066, 0, 1, 1, 0, 0, 0
48067, 1, 3, 3, 0, 0, 1
48068, 0, 2, 2, 0, 0, 0
48069, 1, 1, 1, 0, 1, 0
48070, 0, 1, 1, 0, 0, 0
48071, 0, 1, 0, 1, 0, 0
48072, 0, 1, 0, 1, 0, 0
5903, 12, 9, 9, 0, 12, 0
6184, 2, 9, 9, 0, 2, 0
6623, 2, 18, 15, 3, 2, 0
13241, 2, 5, 4, 1, 2, 0
13457, 0, 5, 5, 0, 0, 0
28543, 2, 5, 4, 1, 2, 0
30024, 0, 10, 9, 1, 0, 0
32768, 0, 7, 7, 0, 0, 0
32928, 16, 4, 3, 1, 15, 1
33406, 29, 3, 2, 1, 22, 7
35273, 2, 7, 5, 2, 2, 0
36482, 1, 3, 3, 0, 0, 1
37535, 0, 1, 1, 0, 0, 0
37536, 0, 2, 2, 0, 0, 0
37537, 0, 2, 1, 1, 0, 0
37539, 0, 4, 4, 0, 0, 0
37540, 0, 2, 2, 0, 0, 0
37541, 0, 3, 3, 0, 0, 0
37544, 0, 3, 3, 0, 0, 0
37545, 0, 1, 1, 0, 0, 0
37547, 0, 1, 1, 0, 0, 0
37548, 0, 1, 1, 0, 0, 0
37549, 6, 5, 5, 0, 6, 0
37550, 0, 2, 2, 0, 0, 0
37551, 0, 2, 1, 1, 0, 0
37552, 21, 4, 3, 1, 13, 8
37553, 3, 1, 1, 0, 1, 2
37554, 0, 1, 1, 0, 0, 0
37555, 0, 1, 1, 0, 0, 0
37556, 0, 1, 1, 0, 0, 0
37558, 0, 1, 1, 0, 0, 0
37559, 0, 2, 2, 0, 0, 0
37560, 0, 1, 1, 0, 0, 0
37561, 2, 7, 6, 1, 2, 0
37562, 0, 1, 1, 0, 0, 0
37563, 0, 3, 3, 0, 0, 0
37564, 0, 5, 1, 4, 0, 0
48073, 4, 1, 1, 0, 2, 2
8355, 2, 8, 6, 2, 2, 0
48074, 0, 1, 1, 0, 0, 0
48075, 11, 9, 6, 3, 11, 0
18012, 1, 1, 1, 0, 1, 0
48186, 0, 2, 2, 0, 0, 0
48187, 0, 1, 1, 0, 0, 0
3654, 1, 1, 1, 0, 1, 0
3658, 11, 6, 4, 2, 6, 5
3662, 2, 1, 0, 1, 2, 0
3671, 1, 1, 0, 1, 1, 0
3674, 9, 3, 2, 1, 8, 1
24545, 4, 2, 2, 0, 3, 1
24546, 2, 2, 2, 0, 2, 0
24547, 0, 1, 1, 0, 0, 0
24548, 0, 7, 0, 7, 0, 0
17927, 0, 3, 3, 0, 0, 0
18018, 0, 4, 4, 0, 0, 0
18019, 2, 2, 2, 0, 2, 0
18020, 63, 1, 1, 0, 40, 23
18022, 2, 6, 5, 1, 2, 0
18023, 0, 1, 1, 0, 0, 0
18026, 0, 1, 1, 0, 0, 0
18027, 0, 3, 2, 1, 0, 0
48193, 0, 1, 1, 0, 0, 0
48194, 0, 1, 1, 0, 0, 0
48195, 0, 2, 2, 0, 0, 0
48196, 0, 1, 0, 1, 0, 0
44190, 2, 1, 1, 0, 2, 0
48197, 0, 1, 1, 0, 0, 0
48198, 0, 1, 1, 0, 0, 0
48199, 0, 1, 1, 0, 0, 0
48191, 11, 2, 1, 1, 9, 2
48192, 4, 1, 1, 0, 4, 0
4478, 18, 6, 3, 3, 15, 3
7768, 53, 11, 8, 3, 43, 10
29582, 0, 3, 2, 1, 0, 0
35238, 0, 4, 3, 1, 0, 0
48200, 0, 2, 2, 0, 0, 0
27059, 0, 6, 6, 0, 0, 0
31569, 0, 8, 8, 0, 0, 0
33929, 1, 1, 1, 0, 1, 0
48201, 1, 1, 1, 0, 1, 0
25917, 0, 8, 8, 0, 0, 0
48202, 12, 1, 1, 0, 12, 0
14049, 0, 4, 4, 0, 0, 0
14052, 0, 20, 20, 0, 0, 0
48203, 0, 3, 3, 0, 0, 0
3681, 0, 16, 11, 5, 0, 0
3682, 0, 7, 7, 0, 0, 0
3683, 1, 3, 3, 0, 1, 0
3685, 4, 14, 14, 0, 4, 0
3691, 1, 1, 0, 1, 0, 1
3695, 0, 3, 1, 2, 0, 0
48204, 0, 2, 2, 0, 0, 0
12530, 0, 27, 27, 0, 0, 0
21261, 2, 7, 6, 1, 1, 1
48206, 1, 1, 1, 0, 0, 1
48207, 0, 2, 2, 0, 0, 0
48208, 4, 1, 0, 1, 1, 3
13509, 0, 4, 4, 0, 0, 0
39644, 25, 7, 7, 0, 19, 6
46107, 7, 2, 2, 0, 6, 1
48209, 9, 1, 1, 0, 9, 0
48210, 15, 5, 5, 0, 15, 0
48211, 20, 4, 4, 0, 20, 0
48212, 1, 4, 2, 2, 1, 0
3696, 4, 1, 0, 1, 3, 1
3718, 15, 25, 22, 3, 10, 5
6083, 6, 3, 2, 1, 4, 2
10233, 2, 8, 6, 2, 2, 0
10285, 0, 15, 5, 10, 0, 0
10541, 1, 4, 0, 4, 0, 1
11128, 0, 8, 7, 1, 0, 0
12827, 1, 13, 11, 2, 1, 0
12998, 0, 5, 4, 1, 0, 0
13542, 0, 4, 1, 3, 0, 0
14819, 0, 4, 3, 1, 0, 0
15767, 1, 7, 5, 2, 0, 1
17470, 0, 2, 2, 0, 0, 0
19870, 1, 10, 1, 9, 1, 0
21187, 19, 8, 6, 2, 13, 6
22300, 0, 7, 4, 3, 0, 0
28539, 0, 5, 4, 1, 0, 0
30468, 10, 7, 3, 4, 10, 0
31054, 5, 14, 10, 4, 4, 1
31121, 0, 8, 4, 4, 0, 0
37353, 0, 3, 1, 2, 0, 0
41700, 1, 2, 0, 2, 1, 0
44750, 3, 7, 0, 7, 3, 0
48213, 1, 1, 1, 0, 1, 0
48214, 0, 2, 1, 1, 0, 0
48215, 1, 3, 3, 0, 1, 0
48216, 0, 1, 1, 0, 0, 0
48217, 0, 2, 0, 2, 0, 0
48218, 0, 1, 0, 1, 0, 0
48219, 0, 1, 0, 1, 0, 0
48220, 1, 2, 1, 1, 1, 0
48221, 0, 1, 0, 1, 0, 0
48222, 0, 1, 0, 1, 0, 0
48223, 0, 1, 0, 1, 0, 0
48224, 0, 1, 0, 1, 0, 0
48225, 1, 1, 0, 1, 0, 1
48226, 0, 10, 2, 8, 0, 0
48227, 0, 1, 0, 1, 0, 0
48228, 0, 1, 0, 1, 0, 0
48229, 1, 6, 5, 1, 0, 1
48230, 0, 1, 0, 1, 0, 0
48231, 1, 1, 0, 1, 0, 1
48232, 0, 1, 0, 1, 0, 0
48233, 0, 1, 0, 1, 0, 0
48234, 0, 2, 0, 2, 0, 0
48235, 10, 3, 2, 1, 5, 5
48236, 0, 1, 0, 1, 0, 0
48237, 0, 2, 0, 2, 0, 0
3700, 0, 1, 1, 0, 0, 0
3705, 0, 1, 1, 0, 0, 0
3711, 0, 1, 1, 0, 0, 0
3713, 4, 6, 6, 0, 4, 0
3715, 0, 5, 5, 0, 0, 0
22532, 4, 7, 7, 0, 4, 0
24551, 6, 2, 2, 0, 6, 0
7413, 1, 7, 6, 1, 1, 0
9210, 10, 9, 4, 5, 10, 0
19462, 20, 1, 0, 1, 19, 1
36614, 1, 9, 7, 2, 1, 0
48238, 0, 1, 1, 0, 0, 0
48239, 1, 1, 1, 0, 1, 0
48240, 1, 1, 1, 0, 1, 0
13343, 3, 9, 9, 0, 3, 0
48241, 0, 2, 2, 0, 0, 0
48242, 0, 2, 2, 0, 0, 0
48243, 2, 1, 1, 0, 2, 0
18495, 11, 3, 2, 1, 8, 3
26482, 0, 2, 0, 2, 0, 0
43071, 2, 2, 2, 0, 2, 0
48244, 0, 2, 2, 0, 0, 0
48245, 0, 3, 3, 0, 0, 0
48246, 0, 3, 3, 0, 0, 0
48247, 23, 3, 1, 2, 18, 5
48248, 0, 3, 2, 1, 0, 0
6294, 3, 2, 2, 0, 3, 0
6295, 10, 1, 1, 0, 10, 0
6296, 0, 3, 2, 1, 0, 0
6300, 6, 1, 1, 0, 6, 0
6305, 11, 3, 2, 1, 10, 1
6309, 6, 4, 2, 2, 6, 0
21039, 47, 9, 7, 2, 25, 22
21730, 23, 2, 2, 0, 22, 1
34062, 0, 4, 4, 0, 0, 0
45754, 6, 4, 3, 1, 5, 1
48249, 0, 1, 1, 0, 0, 0
48250, 0, 1, 0, 1, 0, 0
48251, 2, 1, 0, 1, 0, 2
48252, 0, 1, 0, 1, 0, 0
6430, 1, 6, 6, 0, 1, 0
6458, 0, 3, 2, 1, 0, 0
7043, 3, 8, 3, 5, 3, 0
9055, 0, 6, 1, 5, 0, 0
10640, 5, 11, 11, 0, 5, 0
12280, 27, 1, 1, 0, 27, 0
12784, 0, 9, 3, 6, 0, 0
14549, 5, 29, 9, 20, 5, 0
14796, 0, 9, 8, 1, 0, 0
15345, 0, 1, 1, 0, 0, 0
15347, 6, 7, 5, 2, 5, 1
15348, 0, 10, 7, 3, 0, 0
15349, 0, 7, 7, 0, 0, 0
15350, 0, 1, 1, 0, 0, 0
15351, 4, 5, 5, 0, 4, 0
15352, 0, 1, 1, 0, 0, 0
15353, 0, 1, 1, 0, 0, 0
15354, 0, 2, 2, 0, 0, 0
15356, 13, 4, 4, 0, 11, 2
15359, 3, 5, 5, 0, 3, 0
15360, 1, 2, 2, 0, 1, 0
15362, 3, 4, 4, 0, 3, 0
15365, 2, 7, 5, 2, 2, 0
15367, 0, 1, 1, 0, 0, 0
15368, 3, 5, 4, 1, 3, 0
15369, 4, 3, 2, 1, 4, 0
15371, 0, 1, 1, 0, 0, 0
15372, 21, 11, 10, 1, 15, 6
15373, 2, 3, 3, 0, 2, 0
15375, 0, 1, 1, 0, 0, 0
15379, 0, 1, 1, 0, 0, 0
15383, 0, 1, 1, 0, 0, 0
15384, 0, 5, 5, 0, 0, 0
15385, 3, 4, 1, 3, 3, 0
15386, 1, 2, 2, 0, 1, 0
15387, 12, 4, 4, 0, 12, 0
15388, 0, 1, 1, 0, 0, 0
15390, 0, 1, 1, 0, 0, 0
15391, 0, 2, 1, 1, 0, 0
15392, 9, 3, 3, 0, 7, 2
15398, 0, 2, 2, 0, 0, 0
15399, 0, 1, 1, 0, 0, 0
15401, 0, 3, 3, 0, 0, 0
15402, 0, 3, 3, 0, 0, 0
15404, 0, 2, 2, 0, 0, 0
15409, 0, 1, 1, 0, 0, 0
15411, 1, 6, 4, 2, 1, 0
15412, 5, 11, 4, 7, 3, 2
15413, 0, 4, 4, 0, 0, 0
15416, 0, 1, 1, 0, 0, 0
15418, 2, 1, 1, 0, 2, 0
15419, 0, 2, 2, 0, 0, 0
15422, 0, 2, 1, 1, 0, 0
15423, 0, 3, 3, 0, 0, 0
15424, 3, 1, 1, 0, 2, 1
15428, 0, 4, 4, 0, 0, 0
15430, 2, 8, 7, 1, 2, 0
15432, 11, 5, 3, 2, 11, 0
15433, 0, 3, 0, 3, 0, 0
15435, 0, 4, 1, 3, 0, 0
15440, 3, 2, 1, 1, 3, 0
15441, 0, 7, 4, 3, 0, 0
15443, 3, 6, 4, 2, 3, 0
15444, 1, 2, 1, 1, 1, 0
15447, 2, 3, 2, 1, 2, 0
15448, 0, 1, 0, 1, 0, 0
15450, 0, 1, 0, 1, 0, 0
15451, 0, 1, 0, 1, 0, 0
15453, 18, 4, 3, 1, 18, 0
15454, 0, 1, 0, 1, 0, 0
15455, 1, 2, 1, 1, 1, 0
15456, 6, 4, 2, 2, 6, 0
15457, 0, 1, 0, 1, 0, 0
15460, 0, 2, 1, 1, 0, 0
15463, 0, 1, 0, 1, 0, 0
15466, 0, 5, 2, 3, 0, 0
15470, 0, 1, 0, 1, 0, 0
15471, 0, 1, 0, 1, 0, 0
15474, 0, 15, 9, 6, 0, 0
8006, 0, 5, 2, 3, 0, 0
9550, 0, 14, 11, 3, 0, 0
11951, 0, 15, 13, 2, 0, 0
13176, 1, 4, 4, 0, 1, 0
14973, 0, 5, 5, 0, 0, 0
15120, 0, 2, 1, 1, 0, 0
17622, 0, 4, 1, 3, 0, 0
29606, 0, 7, 2, 5, 0, 0
30109, 47, 11, 8, 3, 34, 13
33828, 0, 4, 0, 4, 0, 0
34270, 0, 11, 11, 0, 0, 0
34329, 1, 3, 2, 1, 1, 0
35357, 1, 12, 2, 10, 1, 0
35648, 2, 3, 2, 1, 2, 0
38445, 10, 7, 6, 1, 10, 0
41433, 1, 1, 1, 0, 1, 0
41434, 1, 1, 1, 0, 1, 0
41435, 0, 1, 1, 0, 0, 0
41437, 0, 1, 1, 0, 0, 0
41438, 1, 5, 2, 3, 1, 0
41439, 0, 2, 1, 1, 0, 0
41440, 0, 1, 0, 1, 0, 0
41441, 0, 1, 0, 1, 0, 0
41442, 0, 1, 0, 1, 0, 0
41443, 0, 1, 0, 1, 0, 0
41444, 0, 1, 0, 1, 0, 0
41445, 0, 1, 0, 1, 0, 0
41446, 0, 1, 0, 1, 0, 0
41447, 0, 1, 0, 1, 0, 0
41448, 0, 1, 0, 1, 0, 0
41450, 0, 1, 0, 1, 0, 0
41451, 0, 1, 0, 1, 0, 0
41452, 1, 3, 2, 1, 1, 0
41453, 0, 1, 0, 1, 0, 0
41454, 0, 2, 0, 2, 0, 0
41455, 0, 1, 0, 1, 0, 0
29901, 0, 8, 7, 1, 0, 0
29902, 0, 1, 1, 0, 0, 0
29903, 0, 2, 2, 0, 0, 0
29904, 51, 8, 1, 7, 29, 22
26905, 14, 3, 2, 1, 11, 3
48253, 1, 1, 1, 0, 1, 0
48254, 10, 1, 1, 0, 6, 4
17391, 49, 11, 7, 4, 24, 25
24654, 8, 1, 1, 0, 8, 0
24656, 0, 1, 1, 0, 0, 0
24659, 7, 2, 2, 0, 7, 0
5445, 7, 11, 5, 6, 7, 0
13374, 7, 3, 3, 0, 7, 0
19882, 14, 5, 5, 0, 11, 3
23499, 0, 2, 1, 1, 0, 0
26282, 28, 8, 7, 1, 26, 2
28373, 0, 2, 2, 0, 0, 0
28375, 0, 1, 1, 0, 0, 0
28376, 1, 1, 1, 0, 1, 0
28377, 1, 2, 2, 0, 1, 0
28378, 28, 3, 2, 1, 20, 8
28380, 2, 3, 3, 0, 2, 0
28381, 3, 2, 2, 0, 3, 0
28382, 0, 1, 1, 0, 0, 0
28385, 8, 2, 2, 0, 8, 0
28386, 0, 1, 1, 0, 0, 0
28387, 1, 1, 1, 0, 1, 0
28389, 9, 3, 3, 0, 6, 3
28391, 2, 1, 1, 0, 2, 0
25279, 32, 7, 7, 0, 27, 5
37365, 4, 8, 7, 1, 4, 0
48255, 2, 1, 1, 0, 2, 0
30241, 1, 3, 2, 1, 1, 0
46223, 0, 4, 2, 2, 0, 0
48256, 0, 1, 1, 0, 0, 0
18452, 0, 2, 1, 1, 0, 0
48257, 3, 3, 3, 0, 3, 0
48258, 2, 2, 2, 0, 2, 0
46057, 0, 4, 3, 1, 0, 0
48259, 0, 1, 1, 0, 0, 0
48260, 0, 2, 2, 0, 0, 0
48261, 0, 3, 3, 0, 0, 0
48262, 1, 1, 1, 0, 1, 0
48263, 0, 1, 1, 0, 0, 0
48264, 0, 2, 2, 0, 0, 0
48265, 1, 1, 1, 0, 0, 1
48266, 0, 2, 2, 0, 0, 0
48267, 0, 1, 1, 0, 0, 0
48268, 0, 1, 1, 0, 0, 0
48269, 0, 2, 2, 0, 0, 0
48270, 1, 1, 1, 0, 1, 0
18576, 9, 5, 5, 0, 7, 2
48271, 0, 1, 1, 0, 0, 0
48272, 1, 4, 4, 0, 1, 0
48273, 6, 1, 1, 0, 5, 1
31354, 0, 5, 0, 5, 0, 0
32452, 5, 1, 1, 0, 5, 0
32453, 0, 3, 2, 1, 0, 0
32455, 0, 5, 5, 0, 0, 0
32456, 0, 2, 0, 2, 0, 0
32457, 0, 2, 0, 2, 0, 0
15836, 0, 3, 3, 0, 0, 0
32587, 0, 3, 3, 0, 0, 0
40632, 1, 4, 4, 0, 0, 1
44922, 1, 5, 4, 1, 1, 0
48274, 0, 5, 3, 2, 0, 0
46458, 1, 1, 1, 0, 0, 1
46459, 1, 2, 2, 0, 1, 0
46460, 4, 3, 3, 0, 3, 1
46461, 0, 1, 1, 0, 0, 0
46462, 0, 1, 1, 0, 0, 0
46463, 1, 1, 0, 1, 0, 1
16642, 8, 2, 2, 0, 0, 8
16644, 9, 4, 4, 0, 8, 1
6428, 5, 13, 13, 0, 5, 0
11485, 13, 2, 2, 0, 12, 1
13075, 202, 7, 5, 2, 138, 64
16721, 1, 1, 1, 0, 1, 0
16726, 1, 7, 5, 2, 1, 0
16728, 17, 3, 2, 1, 14, 3
16731, 4, 5, 3, 2, 4, 0
16735, 1, 2, 1, 1, 1, 0
16736, 74, 2, 0, 2, 2, 72
9299, 0, 4, 4, 0, 0, 0
14632, 31, 10, 3, 7, 20, 11
20748, 3, 2, 2, 0, 3, 0
23744, 0, 3, 2, 1, 0, 0
26377, 0, 7, 7, 0, 0, 0
26433, 0, 3, 2, 1, 0, 0
27308, 0, 3, 3, 0, 0, 0
28006, 0, 2, 2, 0, 0, 0
31468, 0, 7, 7, 0, 0, 0
32918, 1, 10, 10, 0, 1, 0
33236, 9, 1, 1, 0, 9, 0
34584, 184, 39, 17, 22, 112, 72
38983, 17, 6, 5, 1, 9, 8
42432, 35, 5, 3, 2, 32, 3
44348, 2, 1, 1, 0, 2, 0
47088, 1, 2, 1, 1, 1, 0
48275, 3, 6, 5, 1, 3, 0
48276, 1, 3, 2, 1, 1, 0
48277, 0, 3, 3, 0, 0, 0
48278, 0, 1, 1, 0, 0, 0
48279, 4, 5, 5, 0, 4, 0
48280, 6, 3, 3, 0, 5, 1
48281, 0, 1, 1, 0, 0, 0
48282, 0, 1, 1, 0, 0, 0
48283, 0, 1, 1, 0, 0, 0
48284, 0, 1, 1, 0, 0, 0
48285, 15, 3, 2, 1, 8, 7
48286, 5, 5, 4, 1, 2, 3
48287, 2, 1, 1, 0, 2, 0
48288, 0, 1, 1, 0, 0, 0
48289, 0, 1, 1, 0, 0, 0
37764, 0, 3, 3, 0, 0, 0
48290, 0, 3, 3, 0, 0, 0
48291, 0, 1, 1, 0, 0, 0
10482, 158, 16, 14, 2, 138, 20
11531, 11, 4, 3, 1, 11, 0
13264, 12, 3, 2, 1, 11, 1
20749, 2, 1, 1, 0, 2, 0
20750, 3, 2, 1, 1, 3, 0
20751, 0, 3, 3, 0, 0, 0
20757, 2, 2, 1, 1, 2, 0
20759, 7, 4, 4, 0, 7, 0
20760, 7, 6, 5, 1, 7, 0
20761, 28, 2, 2, 0, 27, 1
20763, 0, 1, 1, 0, 0, 0
20765, 22, 1, 1, 0, 14, 8
20766, 52, 6, 6, 0, 44, 8
20767, 3, 1, 1, 0, 3, 0
20768, 0, 1, 1, 0, 0, 0
20774, 0, 1, 1, 0, 0, 0
20775, 1, 4, 3, 1, 1, 0
20776, 4, 1, 1, 0, 3, 1
20778, 10, 2, 1, 1, 8, 2
20780, 0, 1, 1, 0, 0, 0
20781, 15, 3, 2, 1, 13, 2
20786, 0, 1, 1, 0, 0, 0
20788, 1, 1, 1, 0, 1, 0
20789, 2, 3, 2, 1, 2, 0
48292, 0, 1, 1, 0, 0, 0
48293, 1, 1, 1, 0, 1, 0
46034, 4, 3, 2, 1, 1, 3
48294, 0, 1, 1, 0, 0, 0
48295, 0, 8, 8, 0, 0, 0
48296, 2, 1, 1, 0, 2, 0
48297, 1, 3, 3, 0, 1, 0
4507, 37, 15, 14, 1, 30, 7
16327, 12, 13, 9, 4, 11, 1
16369, 0, 8, 8, 0, 0, 0
17923, 1, 5, 4, 1, 1, 0
20803, 75, 7, 6, 1, 51, 24
48298, 0, 1, 1, 0, 0, 0
48299, 0, 1, 1, 0, 0, 0
26341, 2, 7, 6, 1, 1, 1
26998, 0, 16, 13, 3, 0, 0
33280, 1, 12, 5, 7, 0, 1
37425, 0, 4, 1, 3, 0, 0
38769, 9, 7, 7, 0, 9, 0
46071, 0, 6, 5, 1, 0, 0
47080, 0, 5, 2, 3, 0, 0
48300, 0, 1, 1, 0, 0, 0
48301, 0, 1, 1, 0, 0, 0
48302, 0, 2, 2, 0, 0, 0
48303, 0, 1, 1, 0, 0, 0
48304, 0, 2, 2, 0, 0, 0
26027, 16, 7, 6, 1, 13, 3
27151, 0, 2, 2, 0, 0, 0
48305, 0, 3, 3, 0, 0, 0
48306, 20, 1, 1, 0, 20, 0
48307, 0, 3, 3, 0, 0, 0
48308, 0, 3, 3, 0, 0, 0
15643, 137, 5, 5, 0, 125, 12
36369, 0, 4, 3, 1, 0, 0
40559, 0, 3, 3, 0, 0, 0
48309, 0, 1, 1, 0, 0, 0
48310, 1, 3, 2, 1, 0, 1
48311, 0, 1, 1, 0, 0, 0
34849, 2, 6, 6, 0, 2, 0
36019, 0, 3, 3, 0, 0, 0
36557, 0, 2, 2, 0, 0, 0
40512, 14, 4, 4, 0, 6, 8
48312, 0, 1, 1, 0, 0, 0
48313, 0, 1, 1, 0, 0, 0
12275, 1, 4, 4, 0, 1, 0
12276, 6, 2, 2, 0, 6, 0
12278, 0, 4, 4, 0, 0, 0
12777, 2, 4, 4, 0, 2, 0
12783, 0, 3, 3, 0, 0, 0
12786, 1, 2, 2, 0, 1, 0
12788, 4, 4, 4, 0, 4, 0
12790, 2, 10, 10, 0, 2, 0
12792, 3, 7, 2, 5, 3, 0
12796, 4, 4, 3, 1, 4, 0
12797, 0, 2, 0, 2, 0, 0
4293, 0, 4, 1, 3, 0, 0
4302, 1, 8, 6, 2, 0, 1
4304, 6, 14, 13, 1, 6, 0
4310, 11, 2, 2, 0, 10, 1
4313, 19, 5, 2, 3, 11, 8
4314, 0, 4, 4, 0, 0, 0
4315, 11, 3, 3, 0, 11, 0
4316, 9, 9, 9, 0, 9, 0
4322, 1, 1, 1, 0, 1, 0
4324, 11, 1, 1, 0, 11, 0
4326, 0, 9, 9, 0, 0, 0
4327, 1, 1, 1, 0, 1, 0
4333, 10, 8, 7, 1, 8, 2
4335, 0, 2, 2, 0, 0, 0
48314, 0, 4, 4, 0, 0, 0
48315, 0, 1, 0, 1, 0, 0
5925, 0, 7, 7, 0, 0, 0
5932, 0, 2, 2, 0, 0, 0
7236, 0, 5, 5, 0, 0, 0
7912, 0, 15, 15, 0, 0, 0
9001, 1, 7, 7, 0, 1, 0
9003, 0, 20, 20, 0, 0, 0
9301, 1, 4, 4, 0, 1, 0
9675, 1, 6, 6, 0, 1, 0
13151, 2, 14, 14, 0, 2, 0
13378, 0, 10, 8, 2, 0, 0
14591, 0, 2, 2, 0, 0, 0
15587, 2, 3, 3, 0, 2, 0
15700, 0, 10, 10, 0, 0, 0
16045, 7, 6, 6, 0, 6, 1
17008, 5, 11, 11, 0, 5, 0
17013, 1, 6, 6, 0, 1, 0
18389, 1, 4, 4, 0, 1, 0
19287, 1, 6, 5, 1, 0, 1
19516, 0, 4, 4, 0, 0, 0
22194, 12, 3, 3, 0, 12, 0
22393, 0, 4, 4, 0, 0, 0
24338, 0, 9, 9, 0, 0, 0
25162, 0, 5, 5, 0, 0, 0
25406, 1, 3, 3, 0, 1, 0
26461, 0, 2, 2, 0, 0, 0
28541, 7, 4, 4, 0, 5, 2
29156, 0, 4, 4, 0, 0, 0
32708, 12, 2, 2, 0, 12, 0
33570, 2, 7, 7, 0, 2, 0
36556, 0, 2, 2, 0, 0, 0
40531, 3, 1, 1, 0, 3, 0
40533, 1, 4, 4, 0, 1, 0
40535, 0, 2, 2, 0, 0, 0
40536, 0, 1, 1, 0, 0, 0
40537, 2, 1, 1, 0, 2, 0
40539, 0, 3, 3, 0, 0, 0
40540, 0, 5, 5, 0, 0, 0
40541, 0, 2, 2, 0, 0, 0
40542, 0, 6, 6, 0, 0, 0
40543, 0, 7, 7, 0, 0, 0
40544, 2, 4, 4, 0, 2, 0
40545, 0, 1, 1, 0, 0, 0
40546, 0, 5, 5, 0, 0, 0
40547, 0, 2, 2, 0, 0, 0
40548, 0, 1, 1, 0, 0, 0
40549, 0, 2, 2, 0, 0, 0
40550, 1, 1, 1, 0, 1, 0
40551, 0, 1, 1, 0, 0, 0
40552, 0, 1, 1, 0, 0, 0
40553, 12, 5, 2, 3, 3, 9
40554, 0, 1, 1, 0, 0, 0
40555, 0, 1, 1, 0, 0, 0
40556, 0, 4, 4, 0, 0, 0
40557, 1, 3, 3, 0, 1, 0
40558, 3, 2, 2, 0, 3, 0
44200, 0, 3, 3, 0, 0, 0
29359, 0, 4, 4, 0, 0, 0
41473, 0, 8, 5, 3, 0, 0
48316, 0, 4, 3, 1, 0, 0
48317, 1, 1, 1, 0, 1, 0
44952, 0, 3, 3, 0, 0, 0
48318, 0, 2, 2, 0, 0, 0
13821, 3, 10, 10, 0, 3, 0
46401, 0, 3, 3, 0, 0, 0
48319, 12, 1, 1, 0, 12, 0
48320, 25, 3, 3, 0, 18, 7
48321, 15, 2, 2, 0, 11, 4
48322, 0, 1, 1, 0, 0, 0
48323, 0, 1, 1, 0, 0, 0
26312, 0, 3, 2, 1, 0, 0
48324, 0, 1, 0, 1, 0, 0
48325, 0, 1, 1, 0, 0, 0
48326, 0, 3, 3, 0, 0, 0
48327, 1, 1, 1, 0, 1, 0
48328, 14, 5, 5, 0, 13, 1
48329, 12, 9, 9, 0, 11, 1
48330, 4, 3, 3, 0, 4, 0
48331, 0, 1, 1, 0, 0, 0
5136, 0, 8, 1, 7, 0, 0
21513, 5, 3, 3, 0, 4, 1
21514, 3, 1, 1, 0, 2, 1
21515, 0, 2, 2, 0, 0, 0
21517, 9, 2, 2, 0, 0, 9
21519, 5, 1, 1, 0, 5, 0
21520, 77, 2, 2, 0, 74, 3
21525, 0, 1, 1, 0, 0, 0
21526, 0, 1, 1, 0, 0, 0
21527, 18, 5, 3, 2, 1, 17
21530, 0, 2, 1, 1, 0, 0
21532, 0, 1, 0, 1, 0, 0
21533, 0, 7, 0, 7, 0, 0
21534, 0, 5, 3, 2, 0, 0
24216, 0, 4, 3, 1, 0, 0
44662, 3, 5, 3, 2, 1, 2
48332, 0, 4, 4, 0, 0, 0
48333, 0, 1, 1, 0, 0, 0
48334, 2, 2, 2, 0, 2, 0
31337, 0, 2, 2, 0, 0, 0
43190, 0, 3, 2, 1, 0, 0
48335, 1, 2, 1, 1, 0, 1
48336, 0, 5, 5, 0, 0, 0
9005, 11, 7, 5, 2, 11, 0
11917, 3, 15, 14, 1, 3, 0
13173, 2, 9, 6, 3, 2, 0
13180, 0, 1, 0, 1, 0, 0
13181, 0, 4, 2, 2, 0, 0
13184, 16, 8, 7, 1, 16, 0
13185, 0, 1, 0, 1, 0, 0
13186, 0, 5, 4, 1, 0, 0
13192, 0, 3, 2, 1, 0, 0
13197, 23, 1, 0, 1, 18, 5
13199, 0, 2, 0, 2, 0, 0
30275, 12, 5, 5, 0, 12, 0
48337, 1, 1, 1, 0, 1, 0
48338, 0, 2, 2, 0, 0, 0
40294, 0, 4, 4, 0, 0, 0
20215, 0, 3, 3, 0, 0, 0
23764, 0, 9, 2, 7, 0, 0
24569, 0, 4, 4, 0, 0, 0
25516, 2, 2, 2, 0, 2, 0
48339, 8, 2, 1, 1, 8, 0
48340, 1, 2, 2, 0, 1, 0
22780, 1, 5, 4, 1, 1, 0
48341, 3, 3, 3, 0, 3, 0
48342, 6, 2, 2, 0, 2, 4
45023, 0, 6, 6, 0, 0, 0
45024, 1, 3, 2, 1, 1, 0
13478, 2, 4, 4, 0, 2, 0
13479, 0, 2, 2, 0, 0, 0
13480, 3, 1, 1, 0, 1, 2
13482, 0, 2, 2, 0, 0, 0
13486, 0, 9, 6, 3, 0, 0
13488, 0, 3, 3, 0, 0, 0
7189, 3, 3, 3, 0, 1, 2
29885, 2, 12, 1, 11, 2, 0
48343, 6, 6, 6, 0, 4, 2
48344, 0, 1, 0, 1, 0, 0
48345, 0, 3, 1, 2, 0, 0
48346, 0, 3, 1, 2, 0, 0
11817, 0, 14, 9, 5, 0, 0
17153, 0, 6, 6, 0, 0, 0
22973, 4, 8, 6, 2, 4, 0
29294, 0, 3, 3, 0, 0, 0
29808, 8, 9, 8, 1, 8, 0
48347, 0, 1, 1, 0, 0, 0
48348, 0, 2, 2, 0, 0, 0
48349, 0, 2, 2, 0, 0, 0
48350, 0, 1, 1, 0, 0, 0
48351, 5, 2, 1, 1, 5, 0
20830, 8, 1, 1, 0, 6, 2
40279, 2, 2, 1, 1, 1, 1
48352, 0, 1, 0, 1, 0, 0
48353, 0, 1, 1, 0, 0, 0
48354, 2, 2, 2, 0, 2, 0
10508, 16, 11, 10, 1, 15, 1
48355, 0, 3, 3, 0, 0, 0
48356, 2, 1, 1, 0, 2, 0
33867, 0, 1, 1, 0, 0, 0
33869, 3, 2, 2, 0, 3, 0
17559, 13, 4, 4, 0, 13, 0
33452, 4, 3, 1, 2, 4, 0
48357, 4, 2, 1, 1, 4, 0
48358, 0, 1, 0, 1, 0, 0
20884, 18, 3, 3, 0, 18, 0
24599, 8, 9, 7, 2, 6, 2
27831, 23, 5, 5, 0, 20, 3
31350, 19, 3, 3, 0, 15, 4
43835, 6, 3, 2, 1, 5, 1
44628, 46, 3, 3, 0, 46, 0
44908, 40, 3, 2, 1, 11, 29
48109, 2, 2, 2, 0, 2, 0
48359, 2, 2, 2, 0, 2, 0
48360, 0, 1, 1, 0, 0, 0
48361, 2, 3, 1, 2, 2, 0
48362, 13, 2, 2, 0, 11, 2
48363, 6, 1, 1, 0, 6, 0
48364, 3, 1, 1, 0, 3, 0
48365, 2, 1, 1, 0, 2, 0
48366, 4, 1, 1, 0, 4, 0
11645, 1, 30, 26, 4, 1, 0
14948, 0, 4, 4, 0, 0, 0
48367, 49, 4, 4, 0, 49, 0
48368, 0, 1, 1, 0, 0, 0
27282, 0, 5, 4, 1, 0, 0
48369, 7, 2, 2, 0, 7, 0
48370, 0, 1, 1, 0, 0, 0
48371, 0, 2, 2, 0, 0, 0
48372, 1, 3, 3, 0, 1, 0
48373, 0, 3, 3, 0, 0, 0
22096, 0, 1, 1, 0, 0, 0
38863, 0, 1, 1, 0, 0, 0
14453, 17, 14, 4, 10, 17, 0
16698, 56, 1, 1, 0, 54, 2
18490, 1, 1, 1, 0, 1, 0
18491, 4, 1, 1, 0, 3, 1
18492, 0, 2, 1, 1, 0, 0
18496, 110, 6, 4, 2, 103, 7
18498, 0, 2, 2, 0, 0, 0
18499, 0, 8, 8, 0, 0, 0
18500, 0, 3, 3, 0, 0, 0
18502, 0, 8, 7, 1, 0, 0
18503, 0, 1, 1, 0, 0, 0
18505, 1, 1, 1, 0, 1, 0
18507, 22, 5, 5, 0, 20, 2
18508, 21, 2, 1, 1, 15, 6
18511, 1, 12, 0, 12, 0, 1
18513, 1, 2, 0, 2, 0, 1
18514, 0, 1, 0, 1, 0, 0
17840, 1, 5, 4, 1, 1, 0
25181, 0, 3, 3, 0, 0, 0
26126, 1, 3, 3, 0, 0, 1
26303, 0, 3, 3, 0, 0, 0
28926, 8, 7, 7, 0, 8, 0
46122, 29, 5, 3, 2, 17, 12
46257, 0, 1, 1, 0, 0, 0
46258, 2, 2, 2, 0, 2, 0
46259, 3, 2, 2, 0, 3, 0
48374, 2, 1, 1, 0, 2, 0
48375, 0, 1, 1, 0, 0, 0
48376, 0, 1, 1, 0, 0, 0
6666, 0, 16, 16, 0, 0, 0
48377, 1, 1, 1, 0, 1, 0
48378, 1, 1, 1, 0, 1, 0
48379, 0, 1, 0, 1, 0, 0
48380, 2, 1, 1, 0, 2, 0
48381, 0, 1, 1, 0, 0, 0
48382, 0, 2, 2, 0, 0, 0
25284, 9, 3, 2, 1, 3, 6
48383, 0, 1, 1, 0, 0, 0
48384, 0, 1, 1, 0, 0, 0
48385, 0, 1, 0, 1, 0, 0
48386, 0, 1, 0, 1, 0, 0
33255, 0, 2, 2, 0, 0, 0
35407, 0, 3, 3, 0, 0, 0
40613, 0, 4, 4, 0, 0, 0
43888, 0, 4, 4, 0, 0, 0
44428, 0, 6, 4, 2, 0, 0
48387, 6, 4, 3, 1, 6, 0
48388, 3, 2, 2, 0, 3, 0
48389, 0, 3, 2, 1, 0, 0
48390, 0, 1, 1, 0, 0, 0
6204, 0, 4, 3, 1, 0, 0
10495, 1, 16, 16, 0, 1, 0
13227, 0, 9, 8, 1, 0, 0
14952, 0, 2, 2, 0, 0, 0
14956, 0, 1, 1, 0, 0, 0
14957, 0, 2, 1, 1, 0, 0
14958, 0, 1, 1, 0, 0, 0
14961, 0, 2, 2, 0, 0, 0
14965, 0, 2, 1, 1, 0, 0
14968, 2, 2, 2, 0, 1, 1
14971, 1, 3, 2, 1, 1, 0
14977, 0, 1, 1, 0, 0, 0
14978, 0, 4, 2, 2, 0, 0
14979, 4, 4, 4, 0, 3, 1
14980, 0, 2, 2, 0, 0, 0
14984, 1, 1, 1, 0, 1, 0
14986, 0, 6, 2, 4, 0, 0
14987, 0, 2, 2, 0, 0, 0
14988, 1, 1, 0, 1, 1, 0
14991, 1, 3, 1, 2, 1, 0
15000, 2, 1, 0, 1, 2, 0
15001, 7, 2, 1, 1, 6, 1
15003, 0, 1, 0, 1, 0, 0
15004, 18, 3, 1, 2, 10, 8
48391, 0, 1, 0, 1, 0, 0
31353, 0, 5, 2, 3, 0, 0
48392, 2, 1, 1, 0, 1, 1
6676, 4, 13, 11, 2, 4, 0
17155, 3, 3, 2, 1, 3, 0
22602, 2, 1, 1, 0, 2, 0
22603, 0, 7, 7, 0, 0, 0
22604, 2, 4, 4, 0, 2, 0
10095, 0, 3, 0, 3, 0, 0
32525, 0, 3, 3, 0, 0, 0
35961, 3, 5, 5, 0, 3, 0
35962, 0, 1, 1, 0, 0, 0
35963, 22, 2, 1, 1, 20, 2
4017, 7, 5, 2, 3, 7, 0
4459, 1, 15, 3, 12, 0, 1
16828, 2, 11, 11, 0, 2, 0
30910, 0, 7, 7, 0, 0, 0
30911, 0, 4, 2, 2, 0, 0
30912, 0, 2, 2, 0, 0, 0
30913, 2, 6, 5, 1, 2, 0
30914, 0, 1, 1, 0, 0, 0
30915, 0, 1, 0, 1, 0, 0
12560, 0, 8, 8, 0, 0, 0
15722, 0, 1, 1, 0, 0, 0
15725, 0, 3, 1, 2, 0, 0
15728, 0, 1, 1, 0, 0, 0
15729, 1, 1, 1, 0, 1, 0
15734, 1, 3, 2, 1, 1, 0
15735, 0, 5, 3, 2, 0, 0
15736, 0, 1, 0, 1, 0, 0
15737, 6, 8, 5, 3, 5, 1
25039, 0, 4, 4, 0, 0, 0
26889, 0, 4, 3, 1, 0, 0
27252, 0, 4, 4, 0, 0, 0
44066, 10, 3, 2, 1, 10, 0
46384, 0, 1, 1, 0, 0, 0
46385, 0, 2, 2, 0, 0, 0
46386, 0, 1, 1, 0, 0, 0
46387, 0, 1, 1, 0, 0, 0
46388, 1, 2, 2, 0, 1, 0
46389, 1, 7, 7, 0, 1, 0
4253, 0, 13, 13, 0, 0, 0
6556, 0, 6, 6, 0, 0, 0
10935, 0, 12, 11, 1, 0, 0
12248, 0, 2, 2, 0, 0, 0
16553, 0, 4, 3, 1, 0, 0
16811, 3, 1, 1, 0, 3, 0
17315, 7, 5, 5, 0, 6, 1
20255, 6, 11, 3, 8, 6, 0
23308, 14, 1, 0, 1, 11, 3
27227, 0, 7, 4, 3, 0, 0
29146, 13, 5, 5, 0, 13, 0
30000, 48, 5, 5, 0, 38, 10
30145, 2, 1, 1, 0, 2, 0
30146, 12, 1, 1, 0, 9, 3
30147, 1, 1, 1, 0, 1, 0
30149, 0, 1, 1, 0, 0, 0
30150, 52, 2, 2, 0, 32, 20
30151, 3, 1, 1, 0, 3, 0
30152, 15, 1, 1, 0, 12, 3
30154, 0, 1, 1, 0, 0, 0
30155, 0, 1, 1, 0, 0, 0
30157, 3, 2, 2, 0, 3, 0
30158, 34, 1, 1, 0, 25, 9
30159, 2, 2, 0, 2, 0, 2
30160, 0, 1, 0, 1, 0, 0
30161, 1, 1, 0, 1, 0, 1
30162, 0, 1, 0, 1, 0, 0
30164, 86, 6, 4, 2, 4, 82
30166, 0, 1, 0, 1, 0, 0
30167, 0, 6, 2, 4, 0, 0
30168, 0, 2, 1, 1, 0, 0
30169, 4, 8, 1, 7, 2, 2
30170, 0, 1, 0, 1, 0, 0
30171, 0, 1, 0, 1, 0, 0
30172, 0, 1, 0, 1, 0, 0
30173, 0, 1, 0, 1, 0, 0
30174, 2, 3, 1, 2, 1, 1
13786, 0, 2, 2, 0, 0, 0
48393, 4, 7, 7, 0, 4, 0
13464, 0, 8, 4, 4, 0, 0
5118, 89, 9, 3, 6, 15, 74
12021, 30, 4, 4, 0, 24, 6
16577, 2, 14, 9, 5, 2, 0
19834, 9, 3, 3, 0, 7, 2
48394, 0, 1, 1, 0, 0, 0
48395, 48, 2, 2, 0, 39, 9
48396, 8, 1, 1, 0, 7, 1
48397, 1, 2, 2, 0, 1, 0
48398, 0, 3, 0, 3, 0, 0
48399, 81, 2, 0, 2, 6, 75
48400, 0, 1, 0, 1, 0, 0
48401, 2, 1, 0, 1, 1, 1
10165, 5, 7, 1, 6, 5, 0
14133, 3, 13, 11, 2, 3, 0
24821, 1, 4, 3, 1, 1, 0
24868, 0, 24, 15, 9, 0, 0
33083, 0, 5, 5, 0, 0, 0
39222, 0, 3, 2, 1, 0, 0
39223, 2, 2, 2, 0, 2, 0
39224, 0, 1, 1, 0, 0, 0
39226, 0, 1, 1, 0, 0, 0
39227, 0, 1, 1, 0, 0, 0
39228, 0, 1, 0, 1, 0, 0
39229, 0, 2, 1, 1, 0, 0
39230, 0, 1, 0, 1, 0, 0
39231, 0, 2, 0, 2, 0, 0
48402, 0, 1, 1, 0, 0, 0
48403, 0, 1, 1, 0, 0, 0
32713, 11, 4, 3, 1, 8, 3
14497, 4, 3, 3, 0, 4, 0
48404, 0, 2, 2, 0, 0, 0
48405, 0, 2, 2, 0, 0, 0
3918, 12, 6, 5, 1, 10, 2
3919, 3, 1, 1, 0, 2, 1
3920, 1, 3, 3, 0, 1, 0
3921, 3, 3, 3, 0, 3, 0
48433, 0, 2, 2, 0, 0, 0
7097, 8, 4, 4, 0, 8, 0
13731, 0, 5, 5, 0, 0, 0
20886, 64, 7, 7, 0, 64, 0
21199, 9, 2, 2, 0, 2, 7
27973, 0, 7, 7, 0, 0, 0
31314, 2, 3, 3, 0, 2, 0
45017, 0, 2, 2, 0, 0, 0
46358, 63, 1, 1, 0, 60, 3
46359, 9, 3, 3, 0, 9, 0
46360, 12, 2, 1, 1, 11, 1
46361, 2, 1, 1, 0, 2, 0
46362, 8, 7, 3, 4, 4, 4
3925, 0, 1, 1, 0, 0, 0
3928, 0, 3, 3, 0, 0, 0
3929, 0, 3, 2, 1, 0, 0
3930, 0, 6, 6, 0, 0, 0
3934, 0, 3, 2, 1, 0, 0
3937, 0, 1, 1, 0, 0, 0
3940, 1, 5, 4, 1, 0, 1
3941, 5, 10, 6, 4, 3, 2
3944, 0, 3, 3, 0, 0, 0
3946, 0, 3, 3, 0, 0, 0
3949, 0, 10, 8, 2, 0, 0
3950, 18, 2, 1, 1, 13, 5
3951, 1, 2, 2, 0, 1, 0
3956, 0, 1, 1, 0, 0, 0
3959, 0, 2, 2, 0, 0, 0
3960, 0, 4, 4, 0, 0, 0
3964, 0, 3, 2, 1, 0, 0
3966, 0, 2, 2, 0, 0, 0
3967, 0, 1, 1, 0, 0, 0
3971, 0, 4, 4, 0, 0, 0
3976, 1, 7, 7, 0, 1, 0
3977, 0, 1, 1, 0, 0, 0
3984, 0, 5, 4, 1, 0, 0
3985, 0, 8, 6, 2, 0, 0
3986, 0, 4, 4, 0, 0, 0
3988, 0, 6, 5, 1, 0, 0
3990, 0, 5, 5, 0, 0, 0
3993, 7, 13, 9, 4, 3, 4
3995, 0, 1, 1, 0, 0, 0
3996, 0, 3, 2, 1, 0, 0
4000, 0, 8, 1, 7, 0, 0
4001, 0, 1, 1, 0, 0, 0
4002, 0, 2, 1, 1, 0, 0
4005, 29, 4, 3, 1, 19, 10
4006, 21, 5, 4, 1, 17, 4
4008, 0, 4, 4, 0, 0, 0
4009, 1, 4, 3, 1, 0, 1
4011, 10, 8, 4, 4, 8, 2
4015, 0, 2, 2, 0, 0, 0
4019, 0, 6, 5, 1, 0, 0
4021, 20, 3, 2, 1, 13, 7
4022, 0, 1, 1, 0, 0, 0
4024, 0, 17, 9, 8, 0, 0
4027, 1, 3, 3, 0, 1, 0
4028, 6, 6, 3, 3, 6, 0
4029, 0, 1, 1, 0, 0, 0
4030, 8, 4, 4, 0, 8, 0
4034, 138, 3, 3, 0, 111, 27
4036, 17, 4, 4, 0, 14, 3
4038, 3, 2, 2, 0, 3, 0
4040, 0, 1, 1, 0, 0, 0
4042, 0, 8, 6, 2, 0, 0
4050, 4, 12, 10, 2, 4, 0
4051, 5, 1, 1, 0, 2, 3
4052, 0, 3, 2, 1, 0, 0
4058, 15, 4, 3, 1, 15, 0
4062, 0, 6, 3, 3, 0, 0
4064, 0, 5, 3, 2, 0, 0
4069, 3, 2, 0, 2, 0, 3
4073, 0, 3, 1, 2, 0, 0
35468, 1, 3, 3, 0, 1, 0
48441, 0, 2, 2, 0, 0, 0
48442, 0, 1, 1, 0, 0, 0
48443, 1, 1, 1, 0, 1, 0
48444, 1, 1, 1, 0, 1, 0
48445, 0, 1, 1, 0, 0, 0
48446, 0, 1, 1, 0, 0, 0
48447, 0, 1, 1, 0, 0, 0
48448, 1, 1, 1, 0, 1, 0
12361, 1, 11, 10, 1, 1, 0
29222, 0, 3, 2, 1, 0, 0
33835, 1, 3, 2, 1, 1, 0
39648, 9, 3, 3, 0, 9, 0
48449, 0, 2, 2, 0, 0, 0
15783, 0, 12, 12, 0, 0, 0
33501, 0, 7, 5, 2, 0, 0
14828, 2, 5, 4, 1, 2, 0
45890, 0, 5, 4, 1, 0, 0
18874, 3, 1, 1, 0, 3, 0
18875, 8, 1, 1, 0, 8, 0
18876, 0, 3, 2, 1, 0, 0
18877, 1, 7, 4, 3, 1, 0
48450, 0, 1, 0, 1, 0, 0
11524, 9, 4, 2, 2, 8, 1
13853, 0, 6, 6, 0, 0, 0
16885, 5, 27, 18, 9, 3, 2
19860, 0, 8, 8, 0, 0, 0
23611, 9, 9, 6, 3, 9, 0
29987, 0, 4, 3, 1, 0, 0
30352, 4, 12, 9, 3, 2, 2
34347, 0, 2, 1, 1, 0, 0
38349, 0, 4, 2, 2, 0, 0
48451, 0, 1, 1, 0, 0, 0
48452, 0, 2, 1, 1, 0, 0
48453, 0, 1, 1, 0, 0, 0
48454, 0, 2, 2, 0, 0, 0
12367, 1, 7, 7, 0, 1, 0
12961, 0, 10, 8, 2, 0, 0
15687, 2, 4, 4, 0, 2, 0
19754, 1, 6, 6, 0, 1, 0
30636, 0, 7, 7, 0, 0, 0
33203, 14, 3, 3, 0, 14, 0
33759, 0, 6, 6, 0, 0, 0
34362, 1, 8, 7, 1, 1, 0
41156, 12, 2, 2, 0, 2, 10
48455, 0, 1, 1, 0, 0, 0
48456, 0, 1, 1, 0, 0, 0
48457, 1, 2, 1, 1, 1, 0
18428, 0, 5, 5, 0, 0, 0
40481, 3, 7, 6, 1, 3, 0
48458, 0, 1, 1, 0, 0, 0
5928, 93, 8, 8, 0, 82, 11
15581, 0, 12, 12, 0, 0, 0
23953, 0, 2, 2, 0, 0, 0
29393, 0, 4, 4, 0, 0, 0
34366, 0, 7, 4, 3, 0, 0
38627, 31, 8, 8, 0, 16, 15
48459, 0, 1, 1, 0, 0, 0
48460, 0, 1, 1, 0, 0, 0
48461, 0, 1, 1, 0, 0, 0
48462, 4, 3, 3, 0, 3, 1
48463, 0, 1, 1, 0, 0, 0
48464, 0, 3, 2, 1, 0, 0
48465, 0, 1, 0, 1, 0, 0
48466, 0, 1, 0, 1, 0, 0
48467, 2, 3, 1, 2, 0, 2
29934, 1, 4, 3, 1, 0, 1
37166, 0, 7, 3, 4, 0, 0
48468, 0, 1, 1, 0, 0, 0
48469, 0, 2, 1, 1, 0, 0
48470, 1, 1, 1, 0, 1, 0
4541, 6, 12, 6, 6, 3, 3
13079, 1, 5, 4, 1, 1, 0
13348, 20, 22, 15, 7, 20, 0
18115, 0, 8, 7, 1, 0, 0
27557, 4, 9, 8, 1, 4, 0
28202, 0, 9, 6, 3, 0, 0
34168, 9, 1, 1, 0, 8, 1
38862, 0, 6, 4, 2, 0, 0
48471, 0, 1, 1, 0, 0, 0
48472, 0, 1, 1, 0, 0, 0
48473, 0, 2, 2, 0, 0, 0
48474, 0, 4, 3, 1, 0, 0
48475, 0, 1, 1, 0, 0, 0
48476, 0, 2, 2, 0, 0, 0
48477, 3, 4, 3, 1, 3, 0
48478, 0, 1, 1, 0, 0, 0
48479, 1, 2, 1, 1, 1, 0
48480, 0, 1, 1, 0, 0, 0
48481, 0, 2, 2, 0, 0, 0
48482, 0, 1, 1, 0, 0, 0
48483, 0, 1, 1, 0, 0, 0
48484, 1, 1, 1, 0, 1, 0
48485, 0, 1, 1, 0, 0, 0
48486, 1, 3, 3, 0, 0, 1
48487, 8, 3, 3, 0, 8, 0
48488, 2, 5, 5, 0, 2, 0
48489, 0, 1, 1, 0, 0, 0
26475, 0, 3, 2, 1, 0, 0
42542, 1, 3, 2, 1, 1, 0
48490, 0, 3, 3, 0, 0, 0
37665, 0, 4, 2, 2, 0, 0
31062, 2, 2, 2, 0, 2, 0
48491, 0, 1, 1, 0, 0, 0
48492, 0, 2, 2, 0, 0, 0
27479, 0, 7, 4, 3, 0, 0
33655, 3, 1, 0, 1, 3, 0
35890, 0, 11, 4, 7, 0, 0
48493, 0, 1, 0, 1, 0, 0
21632, 0, 6, 5, 1, 0, 0
26326, 21, 5, 4, 1, 15, 6
26327, 14, 1, 1, 0, 8, 6
26329, 8, 3, 2, 1, 0, 8
26330, 17, 2, 1, 1, 15, 2
26331, 16, 2, 2, 0, 7, 9
26333, 7, 4, 4, 0, 7, 0
26336, 11, 1, 1, 0, 11, 0
26337, 0, 1, 1, 0, 0, 0
26338, 16, 2, 2, 0, 16, 0
26340, 10, 1, 1, 0, 10, 0
48494, 0, 1, 1, 0, 0, 0
27422, 23, 8, 7, 1, 23, 0
32600, 0, 5, 5, 0, 0, 0
15604, 42, 7, 7, 0, 42, 0
41932, 0, 2, 1, 1, 0, 0
44341, 7, 4, 3, 1, 6, 1
48495, 1, 1, 0, 1, 0, 1
48496, 1, 1, 0, 1, 1, 0
26106, 2, 3, 3, 0, 2, 0
48497, 3, 3, 2, 1, 3, 0
48498, 1, 2, 2, 0, 1, 0
48499, 0, 1, 1, 0, 0, 0
48500, 2, 2, 2, 0, 2, 0
48501, 0, 1, 0, 1, 0, 0
5064, 4, 5, 5, 0, 4, 0
10384, 40, 9, 5, 4, 11, 29
16860, 0, 3, 2, 1, 0, 0
19360, 0, 3, 2, 1, 0, 0
19666, 0, 5, 4, 1, 0, 0
22496, 0, 7, 7, 0, 0, 0
29469, 0, 4, 3, 1, 0, 0
30528, 0, 4, 1, 3, 0, 0
30556, 0, 4, 4, 0, 0, 0
31154, 4, 4, 4, 0, 4, 0
34330, 11, 6, 6, 0, 5, 6
35990, 1, 1, 1, 0, 1, 0
44482, 2, 6, 6, 0, 2, 0
48502, 0, 1, 1, 0, 0, 0
48503, 0, 3, 3, 0, 0, 0
48504, 0, 1, 1, 0, 0, 0
48505, 3, 6, 6, 0, 3, 0
48506, 0, 1, 1, 0, 0, 0
48507, 1, 1, 1, 0, 1, 0
48508, 0, 1, 1, 0, 0, 0
48509, 0, 1, 1, 0, 0, 0
48510, 11, 2, 2, 0, 8, 3
48511, 0, 2, 2, 0, 0, 0
48512, 0, 1, 1, 0, 0, 0
48513, 1, 2, 2, 0, 1, 0
48514, 0, 2, 2, 0, 0, 0
48515, 0, 1, 1, 0, 0, 0
48516, 0, 1, 1, 0, 0, 0
48517, 0, 3, 3, 0, 0, 0
48518, 19, 2, 2, 0, 19, 0
48519, 0, 2, 0, 2, 0, 0
48520, 0, 1, 0, 1, 0, 0
48521, 0, 1, 0, 1, 0, 0
48522, 0, 2, 2, 0, 0, 0
12399, 38, 11, 11, 0, 31, 7
32958, 15, 3, 3, 0, 13, 2
32959, 21, 2, 2, 0, 18, 3
32960, 46, 4, 4, 0, 44, 2
32961, 24, 2, 2, 0, 20, 4
32962, 0, 6, 3, 3, 0, 0
17616, 1, 2, 2, 0, 1, 0
17617, 2, 5, 2, 3, 2, 0
17618, 0, 5, 1, 4, 0, 0
17619, 0, 1, 1, 0, 0, 0
17620, 1, 1, 1, 0, 1, 0
17623, 0, 1, 0, 1, 0, 0
48523, 0, 1, 0, 1, 0, 0
19104, 12, 6, 5, 1, 9, 3
35589, 55, 3, 1, 2, 43, 12
48524, 11, 3, 3, 0, 11, 0
48525, 7, 1, 1, 0, 7, 0
14308, 0, 2, 2, 0, 0, 0
14309, 0, 1, 1, 0, 0, 0
14312, 0, 2, 1, 1, 0, 0
14313, 0, 2, 1, 1, 0, 0
14314, 1, 2, 1, 1, 1, 0
48526, 0, 3, 2, 1, 0, 0
48527, 0, 1, 1, 0, 0, 0
48528, 1, 1, 1, 0, 1, 0
48529, 0, 1, 1, 0, 0, 0
11622, 0, 23, 23, 0, 0, 0
33944, 0, 1, 1, 0, 0, 0
48530, 1, 1, 1, 0, 1, 0
48531, 0, 1, 1, 0, 0, 0
5572, 80, 7, 7, 0, 77, 3
9297, 99, 10, 7, 3, 42, 57
9693, 12, 1, 1, 0, 11, 1
14284, 7, 6, 6, 0, 7, 0
14930, 14, 5, 3, 2, 10, 4
17200, 47, 6, 6, 0, 33, 14
17202, 56, 4, 4, 0, 28, 28
17278, 4, 2, 2, 0, 4, 0
17660, 41, 4, 3, 1, 37, 4
18784, 48, 7, 7, 0, 48, 0
19845, 110, 6, 6, 0, 64, 46
20275, 43, 12, 9, 3, 36, 7
21291, 40, 1, 1, 0, 31, 9
21482, 5, 6, 5, 1, 5, 0
22524, 11, 3, 3, 0, 10, 1
24016, 11, 7, 5, 2, 9, 2
25988, 11, 3, 3, 0, 11, 0
25992, 15, 2, 2, 0, 15, 0
25995, 17, 2, 2, 0, 16, 1
25998, 103, 4, 4, 0, 99, 4
25999, 22, 2, 2, 0, 22, 0
26000, 5, 4, 4, 0, 5, 0
26001, 10, 1, 1, 0, 5, 5
26002, 10, 1, 1, 0, 10, 0
26003, 7, 3, 2, 1, 7, 0
26004, 13, 2, 2, 0, 11, 2
26006, 13, 3, 3, 0, 10, 3
26007, 10, 3, 3, 0, 10, 0
26009, 3, 1, 1, 0, 3, 0
26010, 8, 1, 1, 0, 8, 0
26011, 1, 1, 1, 0, 1, 0
26012, 1, 1, 1, 0, 1, 0
26014, 2, 1, 1, 0, 2, 0
26016, 14, 1, 1, 0, 14, 0
26017, 2, 1, 1, 0, 1, 1
26018, 1, 5, 4, 1, 1, 0
26021, 10, 1, 1, 0, 10, 0
26022, 6, 2, 2, 0, 6, 0
26025, 1, 1, 1, 0, 1, 0
26026, 2, 2, 2, 0, 2, 0
26028, 19, 3, 3, 0, 19, 0
26029, 4, 1, 1, 0, 4, 0
26031, 17, 1, 1, 0, 16, 1
26032, 3, 2, 2, 0, 3, 0
26033, 17, 1, 1, 0, 12, 5
26035, 13, 3, 3, 0, 13, 0
26036, 4, 1, 1, 0, 4, 0
26037, 10, 3, 2, 1, 4, 6
26038, 2, 3, 3, 0, 2, 0
26039, 6, 1, 1, 0, 6, 0
26040, 2, 3, 1, 2, 2, 0
26041, 1, 1, 1, 0, 1, 0
26042, 15, 2, 2, 0, 14, 1
26043, 3, 1, 1, 0, 3, 0
26044, 7, 2, 2, 0, 7, 0
26045, 12, 3, 3, 0, 12, 0
26046, 11, 3, 2, 1, 10, 1
26047, 70, 2, 2, 0, 65, 5
26051, 13, 3, 3, 0, 8, 5
26052, 21, 1, 1, 0, 18, 3
26054, 12, 2, 2, 0, 7, 5
26056, 3, 3, 2, 1, 2, 1
26057, 9, 6, 6, 0, 8, 1
26059, 5, 2, 1, 1, 4, 1
26060, 2, 1, 1, 0, 2, 0
26062, 3, 1, 1, 0, 3, 0
26063, 0, 2, 2, 0, 0, 0
26068, 14, 2, 1, 1, 9, 5
26070, 14, 1, 1, 0, 14, 0
26071, 43, 3, 3, 0, 43, 0
26079, 31, 1, 1, 0, 31, 0
26080, 10, 2, 1, 1, 6, 4
26081, 1, 2, 2, 0, 1, 0
26082, 22, 4, 4, 0, 19, 3
26083, 10, 2, 2, 0, 10, 0
26085, 3, 1, 1, 0, 3, 0
26088, 16, 2, 2, 0, 15, 1
26089, 20, 10, 7, 3, 18, 2
26090, 11, 2, 2, 0, 6, 5
26091, 2, 2, 2, 0, 2, 0
26092, 3, 3, 3, 0, 3, 0
26093, 10, 2, 2, 0, 9, 1
26095, 1, 1, 1, 0, 1, 0
26096, 3, 3, 3, 0, 3, 0
26097, 13, 2, 2, 0, 13, 0
26102, 7, 2, 2, 0, 7, 0
26103, 2, 1, 1, 0, 2, 0
26104, 12, 2, 1, 1, 10, 2
26105, 19, 3, 3, 0, 8, 11
7469, 1, 9, 9, 0, 1, 0
17713, 0, 5, 4, 1, 0, 0
47052, 2, 2, 2, 0, 2, 0
48532, 0, 1, 1, 0, 0, 0
48533, 0, 1, 1, 0, 0, 0
48534, 0, 1, 1, 0, 0, 0
48535, 4, 1, 1, 0, 2, 2
48536, 0, 1, 1, 0, 0, 0
48537, 0, 3, 2, 1, 0, 0
48538, 0, 1, 1, 0, 0, 0
48539, 0, 1, 1, 0, 0, 0
48540, 1, 1, 1, 0, 1, 0
30589, 89, 1, 1, 0, 89, 0
42042, 3, 4, 2, 2, 3, 0
48541, 1, 1, 0, 1, 1, 0
12025, 0, 11, 3, 8, 0, 0
22618, 59, 2, 1, 1, 32, 27
48542, 5, 1, 1, 0, 5, 0
48543, 0, 5, 4, 1, 0, 0
48544, 0, 5, 5, 0, 0, 0
35812, 0, 4, 4, 0, 0, 0
35798, 1, 11, 9, 2, 1, 0
48545, 5, 1, 1, 0, 5, 0
48546, 0, 1, 0, 1, 0, 0
5306, 13, 3, 3, 0, 12, 1
10486, 0, 8, 8, 0, 0, 0
10487, 2, 7, 7, 0, 2, 0
10493, 0, 1, 1, 0, 0, 0
10494, 2, 3, 3, 0, 2, 0
10498, 0, 10, 7, 3, 0, 0
10500, 4, 1, 1, 0, 4, 0
10501, 1, 1, 1, 0, 1, 0
10502, 0, 4, 3, 1, 0, 0
10503, 1, 4, 3, 1, 1, 0
10504, 7, 13, 12, 1, 7, 0
10506, 0, 5, 5, 0, 0, 0
10507, 3, 3, 3, 0, 3, 0
10511, 2, 2, 1, 1, 2, 0
10514, 8, 4, 4, 0, 8, 0
10516, 0, 3, 3, 0, 0, 0
10519, 0, 15, 15, 0, 0, 0
10520, 20, 4, 3, 1, 20, 0
10523, 21, 7, 7, 0, 10, 11
10525, 0, 2, 2, 0, 0, 0
10527, 0, 7, 0, 7, 0, 0
10529, 0, 23, 3, 20, 0, 0
10534, 0, 2, 1, 1, 0, 0
10536, 2, 2, 1, 1, 2, 0
10542, 17, 1, 0, 1, 14, 3
34506, 41, 2, 2, 0, 39, 2
35328, 4, 2, 2, 0, 3, 1
37048, 6, 2, 2, 0, 6, 0
42031, 0, 9, 9, 0, 0, 0
48547, 0, 3, 3, 0, 0, 0
48548, 6, 1, 1, 0, 4, 2
6916, 7, 5, 4, 1, 5, 2
16805, 6, 9, 8, 1, 6, 0
16806, 6, 3, 2, 1, 6, 0
16807, 0, 1, 1, 0, 0, 0
16808, 10, 1, 1, 0, 10, 0
16809, 0, 1, 1, 0, 0, 0
16810, 0, 1, 0, 1, 0, 0
5360, 2, 11, 11, 0, 2, 0
24635, 0, 8, 8, 0, 0, 0
48549, 1, 1, 1, 0, 1, 0
48550, 0, 1, 1, 0, 0, 0
48551, 0, 1, 0, 1, 0, 0
8462, 5, 4, 3, 1, 5, 0
22608, 0, 1, 1, 0, 0, 0
22609, 13, 1, 1, 0, 13, 0
22610, 4, 1, 1, 0, 4, 0
22613, 3, 3, 2, 1, 3, 0
22614, 3, 2, 2, 0, 3, 0
22616, 41, 10, 4, 6, 4, 37
22617, 113, 7, 2, 5, 15, 98
25490, 20, 5, 5, 0, 20, 0
48552, 1, 1, 1, 0, 1, 0
48553, 0, 1, 1, 0, 0, 0
48554, 1, 3, 2, 1, 1, 0
48555, 0, 2, 1, 1, 0, 0
24542, 0, 4, 4, 0, 0, 0
48556, 0, 1, 1, 0, 0, 0
48557, 78, 3, 0, 3, 9, 69
48558, 3, 1, 0, 1, 0, 3
48559, 7, 3, 1, 2, 2, 5
9244, 4, 3, 2, 1, 4, 0
9287, 0, 17, 12, 5, 0, 0
10930, 0, 2, 2, 0, 0, 0
20281, 0, 5, 5, 0, 0, 0
20332, 0, 12, 11, 1, 0, 0
31249, 0, 4, 4, 0, 0, 0
34349, 0, 3, 2, 1, 0, 0
34567, 0, 5, 2, 3, 0, 0
34569, 1, 2, 2, 0, 0, 1
34570, 8, 1, 1, 0, 1, 7
34571, 2, 1, 1, 0, 1, 1
34572, 1, 1, 1, 0, 1, 0
34573, 0, 1, 1, 0, 0, 0
34575, 0, 3, 2, 1, 0, 0
34576, 0, 1, 1, 0, 0, 0
34577, 0, 2, 2, 0, 0, 0
34579, 0, 7, 5, 2, 0, 0
14936, 0, 14, 13, 1, 0, 0
33420, 4, 3, 3, 0, 4, 0
48560, 6, 1, 1, 0, 4, 2
48561, 0, 2, 2, 0, 0, 0
9711, 1, 6, 3, 3, 1, 0
31057, 0, 6, 3, 3, 0, 0
32604, 1, 3, 1, 2, 1, 0
34030, 2, 4, 2, 2, 2, 0
45828, 1, 2, 1, 1, 1, 0
48562, 3, 1, 1, 0, 3, 0
48563, 0, 1, 1, 0, 0, 0
48564, 0, 2, 2, 0, 0, 0
48565, 0, 9, 6, 3, 0, 0
48566, 0, 1, 0, 1, 0, 0
48567, 0, 2, 1, 1, 0, 0
48568, 3, 7, 3, 4, 3, 0
48569, 0, 1, 0, 1, 0, 0
22976, 4, 10, 7, 3, 1, 3
48570, 0, 2, 1, 1, 0, 0
48571, 0, 1, 1, 0, 0, 0
48572, 0, 1, 0, 1, 0, 0
48573, 0, 1, 1, 0, 0, 0
48574, 9, 1, 1, 0, 8, 1
48575, 0, 1, 1, 0, 0, 0
48576, 8, 1, 1, 0, 4, 4
48577, 0, 1, 1, 0, 0, 0
18397, 8, 6, 5, 1, 8, 0
18399, 13, 5, 5, 0, 10, 3
40578, 12, 7, 7, 0, 12, 0
48578, 0, 1, 1, 0, 0, 0
48579, 0, 1, 1, 0, 0, 0
4078, 5, 1, 1, 0, 3, 2
4079, 16, 5, 5, 0, 16, 0
4080, 6, 6, 6, 0, 6, 0
4081, 4, 7, 5, 2, 4, 0
4416, 0, 17, 17, 0, 0, 0
48580, 3, 2, 2, 0, 3, 0
48581, 1, 3, 3, 0, 1, 0
48582, 4, 2, 2, 0, 4, 0
4083, 22, 1, 1, 0, 22, 0
4087, 1, 13, 13, 0, 1, 0
4090, 0, 8, 8, 0, 0, 0
4099, 0, 7, 2, 5, 0, 0
9322, 3, 2, 2, 0, 3, 0
7809, 0, 2, 0, 2, 0, 0
14907, 0, 4, 1, 3, 0, 0
19355, 0, 2, 0, 2, 0, 0
20363, 0, 5, 2, 3, 0, 0
20747, 0, 5, 3, 2, 0, 0
28532, 1, 10, 10, 0, 1, 0
29523, 3, 9, 5, 4, 3, 0
33641, 6, 5, 3, 2, 6, 0
37419, 0, 2, 2, 0, 0, 0
42068, 0, 5, 3, 2, 0, 0
46114, 0, 3, 2, 1, 0, 0
46251, 0, 2, 1, 1, 0, 0
48583, 0, 4, 4, 0, 0, 0
48584, 0, 1, 1, 0, 0, 0
48585, 0, 3, 3, 0, 0, 0
48586, 0, 1, 1, 0, 0, 0
48587, 0, 1, 0, 1, 0, 0
48588, 2, 3, 1, 2, 2, 0
48589, 0, 1, 0, 1, 0, 0
48590, 0, 2, 0, 2, 0, 0
48591, 0, 1, 0, 1, 0, 0
48592, 1, 1, 0, 1, 1, 0
48593, 1, 3, 1, 2, 0, 1
48594, 2, 3, 0, 3, 1, 1
48595, 0, 1, 0, 1, 0, 0
30063, 6, 9, 7, 2, 4, 2
48596, 3, 3, 3, 0, 3, 0
48597, 11, 4, 4, 0, 11, 0
48598, 0, 1, 0, 1, 0, 0
13392, 0, 2, 2, 0, 0, 0
48599, 0, 1, 1, 0, 0, 0
36630, 0, 5, 1, 4, 0, 0
48605, 0, 3, 3, 0, 0, 0
7790, 0, 9, 9, 0, 0, 0
9929, 0, 4, 1, 3, 0, 0
11760, 29, 19, 12, 7, 21, 8
13710, 22, 3, 2, 1, 22, 0
14410, 10, 9, 8, 1, 8, 2
21025, 0, 2, 2, 0, 0, 0
27196, 17, 4, 2, 2, 9, 8
27416, 2, 4, 4, 0, 2, 0
30467, 0, 9, 7, 2, 0, 0
33499, 0, 6, 5, 1, 0, 0
34397, 1, 3, 3, 0, 1, 0
41057, 0, 2, 1, 1, 0, 0
41058, 1, 4, 2, 2, 1, 0
41061, 0, 3, 2, 1, 0, 0
41171, 1, 1, 1, 0, 1, 0
41172, 1, 2, 2, 0, 1, 0
41173, 0, 1, 1, 0, 0, 0
41174, 0, 2, 2, 0, 0, 0
41175, 0, 2, 2, 0, 0, 0
41176, 1, 2, 1, 1, 0, 1
41177, 1, 2, 2, 0, 1, 0
41178, 0, 1, 1, 0, 0, 0
41180, 1, 3, 2, 1, 0, 1
41181, 4, 3, 3, 0, 4, 0
41182, 1, 3, 2, 1, 0, 1
41183, 0, 2, 2, 0, 0, 0
41184, 0, 1, 1, 0, 0, 0
41185, 7, 3, 1, 2, 4, 3
41186, 0, 1, 0, 1, 0, 0
41187, 0, 2, 0, 2, 0, 0
41188, 0, 3, 0, 3, 0, 0
41189, 0, 2, 1, 1, 0, 0
41190, 0, 1, 0, 1, 0, 0
41191, 0, 1, 0, 1, 0, 0
41192, 0, 5, 3, 2, 0, 0
41194, 0, 1, 0, 1, 0, 0
41195, 6, 2, 1, 1, 6, 0
41197, 2, 1, 0, 1, 2, 0
41198, 0, 4, 2, 2, 0, 0
41199, 0, 6, 4, 2, 0, 0
41200, 0, 1, 0, 1, 0, 0
41201, 2, 1, 0, 1, 0, 2
41202, 0, 1, 0, 1, 0, 0
41203, 0, 1, 0, 1, 0, 0
4103, 2, 11, 11, 0, 2, 0
4104, 1, 2, 2, 0, 1, 0
4106, 5, 1, 1, 0, 5, 0
4113, 0, 9, 5, 4, 0, 0
48606, 0, 1, 1, 0, 0, 0
48607, 3, 2, 2, 0, 3, 0
48608, 3, 1, 1, 0, 3, 0
6973, 1, 4, 4, 0, 1, 0
30249, 0, 4, 3, 1, 0, 0
46457, 0, 3, 1, 2, 0, 0
16374, 4, 2, 2, 0, 4, 0
16379, 12, 4, 4, 0, 11, 1
48610, 0, 6, 6, 0, 0, 0
48611, 0, 3, 3, 0, 0, 0
12942, 0, 7, 7, 0, 0, 0
46266, 0, 2, 2, 0, 0, 0
46405, 0, 2, 0, 2, 0, 0
4114, 5, 0, 0, 0, 5, 0
4115, 5, 3, 1, 2, 5, 0
16603, 0, 12, 12, 0, 0, 0
18649, 0, 5, 4, 1, 0, 0
20703, 6, 11, 9, 2, 6, 0
40637, 11, 2, 2, 0, 11, 0
40639, 0, 1, 1, 0, 0, 0
40640, 0, 1, 1, 0, 0, 0
40642, 0, 1, 1, 0, 0, 0
40643, 0, 3, 1, 2, 0, 0
40644, 0, 1, 1, 0, 0, 0
48622, 1, 3, 3, 0, 1, 0
11668, 28, 6, 5, 1, 26, 2
30739, 7, 4, 2, 2, 6, 1
33059, 0, 9, 9, 0, 0, 0
48623, 0, 1, 1, 0, 0, 0
48624, 6, 5, 4, 1, 2, 4
48625, 0, 1, 1, 0, 0, 0
9303, 0, 3, 3, 0, 0, 0
11716, 5, 4, 4, 0, 5, 0
13830, 2, 8, 5, 3, 2, 0
15038, 0, 2, 2, 0, 0, 0
17071, 1, 4, 4, 0, 1, 0
21912, 0, 5, 5, 0, 0, 0
22765, 21, 11, 10, 1, 20, 1
23124, 1, 4, 4, 0, 1, 0
24255, 0, 7, 6, 1, 0, 0
27225, 0, 2, 2, 0, 0, 0
29687, 0, 8, 3, 5, 0, 0
31298, 0, 1, 1, 0, 0, 0
31299, 0, 2, 2, 0, 0, 0
31301, 0, 3, 1, 2, 0, 0
31302, 3, 4, 4, 0, 3, 0
31303, 8, 5, 3, 2, 7, 1
31304, 1, 1, 1, 0, 0, 1
31305, 0, 4, 4, 0, 0, 0
31306, 0, 2, 1, 1, 0, 0
31308, 2, 1, 1, 0, 2, 0
31309, 1, 4, 4, 0, 1, 0
31310, 0, 1, 1, 0, 0, 0
31311, 0, 1, 1, 0, 0, 0
31312, 0, 4, 4, 0, 0, 0
31313, 0, 2, 2, 0, 0, 0
31316, 1, 1, 1, 0, 1, 0
31317, 2, 3, 3, 0, 2, 0
31318, 0, 1, 1, 0, 0, 0
31319, 0, 1, 1, 0, 0, 0
31320, 0, 1, 1, 0, 0, 0
31321, 0, 1, 1, 0, 0, 0
31322, 19, 4, 3, 1, 19, 0
31323, 0, 2, 2, 0, 0, 0
31325, 0, 1, 1, 0, 0, 0
31326, 4, 5, 5, 0, 2, 2
31327, 0, 1, 1, 0, 0, 0
31329, 0, 1, 1, 0, 0, 0
31330, 0, 5, 4, 1, 0, 0
31332, 11, 7, 6, 1, 10, 1
31333, 1, 2, 2, 0, 1, 0
31335, 1, 5, 4, 1, 0, 1
10341, 20, 8, 7, 1, 20, 0
38688, 7, 3, 3, 0, 7, 0
46198, 0, 2, 2, 0, 0, 0
48626, 0, 1, 1, 0, 0, 0
48627, 0, 1, 1, 0, 0, 0
48628, 0, 1, 1, 0, 0, 0
33846, 3, 3, 1, 2, 3, 0
33847, 0, 1, 1, 0, 0, 0
48629, 3, 3, 3, 0, 3, 0
48630, 2, 2, 1, 1, 1, 1
48631, 0, 1, 1, 0, 0, 0
4924, 1, 10, 9, 1, 1, 0
9548, 29, 1, 1, 0, 27, 2
15695, 0, 2, 2, 0, 0, 0
23668, 13, 7, 6, 1, 6, 7
23982, 0, 3, 1, 2, 0, 0
25084, 0, 3, 3, 0, 0, 0
30543, 3, 3, 1, 2, 3, 0
34043, 0, 4, 2, 2, 0, 0
42437, 0, 7, 3, 4, 0, 0
48632, 0, 1, 1, 0, 0, 0
48633, 0, 1, 1, 0, 0, 0
48634, 0, 1, 1, 0, 0, 0
48635, 1, 1, 1, 0, 1, 0
4245, 11, 3, 3, 0, 11, 0
4249, 3, 2, 2, 0, 3, 0
33527, 0, 2, 2, 0, 0, 0
41642, 2, 2, 1, 1, 2, 0
48636, 0, 1, 1, 0, 0, 0
48637, 0, 1, 1, 0, 0, 0
48638, 0, 1, 1, 0, 0, 0
48639, 2, 1, 1, 0, 2, 0
48640, 0, 1, 1, 0, 0, 0
48641, 0, 1, 1, 0, 0, 0
48642, 0, 1, 1, 0, 0, 0
4289, 0, 7, 7, 0, 0, 0
4291, 2, 11, 9, 2, 2, 0
31072, 0, 3, 1, 2, 0, 0
48643, 0, 1, 0, 1, 0, 0
11818, 32, 13, 3, 10, 24, 8
29854, 0, 4, 3, 1, 0, 0
32445, 0, 3, 0, 3, 0, 0
38380, 0, 5, 1, 4, 0, 0
38388, 0, 4, 1, 3, 0, 0
48644, 10, 1, 1, 0, 2, 8
48645, 0, 1, 1, 0, 0, 0
48646, 0, 1, 1, 0, 0, 0
48647, 10, 3, 2, 1, 9, 1
48648, 0, 1, 0, 1, 0, 0
48649, 0, 1, 0, 1, 0, 0
48650, 1, 3, 3, 0, 1, 0
48651, 0, 1, 1, 0, 0, 0
48652, 0, 2, 2, 0, 0, 0
8461, 0, 12, 12, 0, 0, 0
30343, 23, 8, 8, 0, 23, 0
37739, 26, 3, 3, 0, 26, 0
48653, 3, 1, 1, 0, 3, 0
48654, 0, 1, 1, 0, 0, 0
34076, 0, 2, 1, 1, 0, 0
11803, 2, 3, 3, 0, 2, 0
11804, 1, 7, 4, 3, 1, 0
11806, 14, 3, 3, 0, 11, 3
11824, 163, 3, 0, 3, 27, 136
48655, 0, 1, 1, 0, 0, 0
10184, 0, 4, 2, 2, 0, 0
16878, 0, 5, 5, 0, 0, 0
16887, 0, 6, 1, 5, 0, 0
20512, 7, 3, 2, 1, 7, 0
20864, 0, 2, 0, 2, 0, 0
22206, 0, 3, 1, 2, 0, 0
25223, 0, 4, 1, 3, 0, 0
28829, 2, 5, 4, 1, 1, 1
30975, 0, 2, 1, 1, 0, 0
33663, 6, 8, 3, 5, 6, 0
34171, 0, 6, 4, 2, 0, 0
34982, 2, 9, 5, 4, 2, 0
38572, 0, 6, 2, 4, 0, 0
39553, 0, 4, 3, 1, 0, 0
46123, 0, 6, 2, 4, 0, 0
48656, 0, 2, 2, 0, 0, 0
48657, 0, 2, 1, 1, 0, 0
48658, 12, 3, 2, 1, 11, 1
48659, 16, 2, 0, 2, 7, 9
48660, 0, 1, 0, 1, 0, 0
48661, 0, 1, 0, 1, 0, 0
48662, 0, 1, 0, 1, 0, 0
48663, 10, 3, 2, 1, 10, 0
48664, 0, 3, 2, 1, 0, 0
48665, 0, 3, 1, 2, 0, 0
48666, 1, 2, 0, 2, 1, 0
48667, 0, 1, 0, 1, 0, 0
48668, 0, 2, 1, 1, 0, 0
48669, 0, 1, 0, 1, 0, 0
48670, 0, 1, 0, 1, 0, 0
48671, 0, 3, 0, 3, 0, 0
48672, 1, 1, 0, 1, 1, 0
48673, 0, 3, 0, 3, 0, 0
24804, 3, 2, 2, 0, 3, 0
48674, 2, 2, 2, 0, 2, 0
4686, 0, 21, 20, 1, 0, 0
48675, 4, 2, 2, 0, 4, 0
48676, 0, 1, 0, 1, 0, 0
13788, 40, 11, 11, 0, 36, 4
26324, 2, 5, 5, 0, 2, 0
6540, 0, 11, 11, 0, 0, 0
15653, 2, 6, 6, 0, 2, 0
15659, 39, 8, 8, 0, 39, 0
15675, 37, 12, 12, 0, 35, 2
15702, 3, 9, 9, 0, 2, 1
22961, 2, 3, 1, 2, 2, 0
48677, 9, 1, 1, 0, 9, 0
48678, 0, 1, 1, 0, 0, 0
48679, 0, 2, 2, 0, 0, 0
48680, 0, 3, 3, 0, 0, 0
48681, 0, 1, 1, 0, 0, 0
23878, 32, 6, 5, 1, 29, 3
6835, 0, 2, 1, 1, 0, 0
6836, 0, 7, 7, 0, 0, 0
6839, 1, 1, 1, 0, 1, 0
6849, 0, 1, 1, 0, 0, 0
6851, 0, 1, 1, 0, 0, 0
6855, 2, 1, 1, 0, 1, 1
6857, 1, 1, 1, 0, 1, 0
6860, 6, 2, 2, 0, 6, 0
6861, 0, 3, 3, 0, 0, 0
6864, 1, 1, 1, 0, 1, 0
6865, 0, 1, 1, 0, 0, 0
6866, 16, 3, 2, 1, 6, 10
6875, 0, 2, 2, 0, 0, 0
6876, 2, 2, 2, 0, 2, 0
6880, 1, 1, 1, 0, 1, 0
6889, 0, 1, 1, 0, 0, 0
6894, 0, 1, 1, 0, 0, 0
6895, 1, 6, 6, 0, 1, 0
6899, 0, 10, 10, 0, 0, 0
6906, 0, 1, 0, 1, 0, 0
6914, 1, 1, 0, 1, 0, 1
15707, 8, 7, 5, 2, 7, 1
19850, 17, 7, 7, 0, 17, 0
28803, 15, 9, 8, 1, 13, 2
33292, 0, 3, 3, 0, 0, 0
37918, 0, 2, 2, 0, 0, 0
47586, 1, 5, 2, 3, 0, 1
48682, 0, 1, 1, 0, 0, 0
48683, 0, 4, 3, 1, 0, 0
48684, 0, 2, 2, 0, 0, 0
48685, 0, 1, 1, 0, 0, 0
48686, 0, 1, 1, 0, 0, 0
48687, 1, 2, 2, 0, 1, 0
48688, 0, 1, 1, 0, 0, 0
48689, 1, 3, 3, 0, 1, 0
48690, 1, 1, 1, 0, 1, 0
48691, 0, 3, 0, 3, 0, 0
9476, 0, 15, 14, 1, 0, 0
9673, 2, 13, 11, 2, 0, 2
11500, 4, 5, 2, 3, 3, 1
11850, 6, 4, 4, 0, 2, 4
15708, 0, 3, 2, 1, 0, 0
17706, 0, 10, 9, 1, 0, 0
19248, 6, 5, 5, 0, 6, 0
23552, 1, 7, 7, 0, 1, 0
29487, 2, 21, 20, 1, 1, 1
30688, 0, 2, 2, 0, 0, 0
34333, 0, 3, 3, 0, 0, 0
36004, 0, 3, 2, 1, 0, 0
48692, 0, 1, 1, 0, 0, 0
48693, 4, 1, 1, 0, 4, 0
48694, 2, 1, 1, 0, 2, 0
48695, 0, 1, 1, 0, 0, 0
48696, 0, 1, 1, 0, 0, 0
48697, 0, 1, 1, 0, 0, 0
48698, 0, 1, 1, 0, 0, 0
48699, 0, 4, 4, 0, 0, 0
48700, 1, 3, 3, 0, 1, 0
48701, 0, 1, 1, 0, 0, 0
48702, 8, 5, 5, 0, 8, 0
48703, 0, 3, 3, 0, 0, 0
48704, 0, 2, 2, 0, 0, 0
48705, 4, 3, 3, 0, 4, 0
48706, 1, 1, 1, 0, 1, 0
48707, 0, 2, 2, 0, 0, 0
48708, 0, 1, 0, 1, 0, 0
25883, 7, 5, 4, 1, 6, 1
44442, 7, 3, 3, 0, 7, 0
48709, 6, 2, 2, 0, 6, 0
48710, 0, 1, 1, 0, 0, 0
48711, 0, 1, 1, 0, 0, 0
48712, 0, 1, 0, 1, 0, 0
45821, 0, 3, 3, 0, 0, 0
48713, 9, 2, 2, 0, 6, 3
15494, 0, 7, 7, 0, 0, 0
48714, 0, 1, 1, 0, 0, 0
48715, 0, 1, 0, 1, 0, 0
42455, 2, 3, 3, 0, 2, 0
48716, 1, 1, 1, 0, 1, 0
48717, 0, 5, 5, 0, 0, 0
48718, 4, 2, 2, 0, 4, 0
48719, 4, 2, 2, 0, 4, 0
48720, 1, 4, 4, 0, 1, 0
48721, 0, 1, 0, 1, 0, 0
48722, 1, 2, 2, 0, 1, 0
48723, 0, 1, 1, 0, 0, 0
48724, 0, 1, 1, 0, 0, 0
48725, 2, 1, 1, 0, 2, 0
48726, 7, 1, 1, 0, 6, 1
11649, 3, 13, 11, 2, 2, 1
15130, 16, 12, 12, 0, 16, 0
48727, 0, 1, 1, 0, 0, 0
48728, 0, 1, 1, 0, 0, 0
48729, 3, 1, 1, 0, 1, 2
33552, 40, 2, 2, 0, 40, 0
45838, 38, 2, 2, 0, 13, 25
48730, 0, 1, 1, 0, 0, 0
48731, 0, 1, 1, 0, 0, 0
48732, 0, 1, 1, 0, 0, 0
48733, 0, 4, 4, 0, 0, 0
4236, 0, 1, 1, 0, 0, 0
4238, 0, 1, 1, 0, 0, 0
4239, 17, 11, 11, 0, 17, 0
4240, 0, 2, 1, 1, 0, 0
24783, 0, 5, 4, 1, 0, 0
25086, 15, 13, 10, 3, 7, 8
27007, 1, 5, 5, 0, 1, 0
48756, 0, 1, 1, 0, 0, 0
48757, 0, 2, 2, 0, 0, 0
48758, 0, 1, 1, 0, 0, 0
48759, 0, 2, 2, 0, 0, 0
48760, 0, 1, 1, 0, 0, 0
48761, 0, 1, 0, 1, 0, 0
30140, 0, 6, 6, 0, 0, 0
30580, 0, 3, 2, 1, 0, 0
48762, 16, 9, 9, 0, 16, 0
48763, 0, 15, 15, 0, 0, 0
48764, 0, 2, 2, 0, 0, 0
48765, 0, 1, 1, 0, 0, 0
48766, 0, 1, 1, 0, 0, 0
4242, 4, 0, 0, 0, 4, 0
4243, 2, 0, 0, 0, 2, 0
48767, 3, 1, 1, 0, 3, 0
4246, 0, 2, 2, 0, 0, 0
4251, 0, 2, 2, 0, 0, 0
4254, 15, 1, 1, 0, 14, 1
4262, 2, 2, 2, 0, 2, 0
4264, 29, 3, 3, 0, 28, 1
4268, 0, 1, 1, 0, 0, 0
4269, 5, 1, 1, 0, 5, 0
4270, 0, 2, 2, 0, 0, 0
4274, 0, 5, 5, 0, 0, 0
34228, 1, 3, 2, 1, 1, 0
36980, 1, 7, 5, 2, 1, 0
5811, 38, 5, 5, 0, 29, 9
5821, 0, 5, 2, 3, 0, 0
18548, 0, 5, 5, 0, 0, 0
19278, 30, 2, 2, 0, 30, 0
23134, 7, 2, 1, 1, 7, 0
25961, 2, 6, 2, 4, 2, 0
26483, 0, 8, 2, 6, 0, 0
27749, 0, 8, 3, 5, 0, 0
30339, 0, 4, 3, 1, 0, 0
31393, 9, 5, 4, 1, 8, 1
33632, 5, 6, 1, 5, 1, 4
39614, 2, 4, 2, 2, 2, 0
44204, 0, 3, 2, 1, 0, 0
47075, 0, 1, 1, 0, 0, 0
47076, 2, 1, 1, 0, 2, 0
47077, 0, 1, 1, 0, 0, 0
47078, 0, 1, 1, 0, 0, 0
47079, 0, 1, 0, 1, 0, 0
47081, 0, 2, 0, 2, 0, 0
47082, 0, 2, 0, 2, 0, 0
47083, 0, 1, 0, 1, 0, 0
47084, 2, 6, 1, 5, 2, 0
47085, 0, 5, 3, 2, 0, 0
47086, 0, 1, 0, 1, 0, 0
47087, 4, 4, 3, 1, 4, 0
47090, 0, 1, 0, 1, 0, 0
47091, 0, 1, 0, 1, 0, 0
47092, 0, 2, 0, 2, 0, 0
47093, 1, 3, 2, 1, 1, 0
47094, 0, 1, 0, 1, 0, 0
47095, 0, 1, 0, 1, 0, 0
47096, 0, 1, 0, 1, 0, 0
47097, 0, 1, 0, 1, 0, 0
48768, 14, 4, 4, 0, 12, 2
48769, 1, 2, 2, 0, 1, 0
48770, 0, 2, 2, 0, 0, 0
33891, 2, 5, 5, 0, 2, 0
48771, 0, 3, 3, 0, 0, 0
6583, 1, 4, 4, 0, 1, 0
6586, 0, 8, 8, 0, 0, 0
6590, 0, 5, 5, 0, 0, 0
6591, 0, 1, 1, 0, 0, 0
6596, 0, 4, 4, 0, 0, 0
6597, 0, 3, 3, 0, 0, 0
6598, 0, 8, 6, 2, 0, 0
6601, 4, 3, 3, 0, 4, 0
6608, 0, 1, 0, 1, 0, 0
6609, 10, 13, 10, 3, 10, 0
6613, 2, 3, 2, 1, 2, 0
6616, 0, 2, 1, 1, 0, 0
6617, 0, 2, 1, 1, 0, 0
13130, 0, 6, 6, 0, 0, 0
20137, 0, 2, 2, 0, 0, 0
26129, 0, 5, 5, 0, 0, 0
41620, 0, 2, 2, 0, 0, 0
48772, 2, 4, 4, 0, 1, 1
48773, 0, 1, 1, 0, 0, 0
48774, 0, 1, 1, 0, 0, 0
48775, 0, 3, 3, 0, 0, 0
14461, 1, 4, 3, 1, 1, 0
14066, 0, 4, 1, 3, 0, 0
5793, 0, 5, 5, 0, 0, 0
5795, 7, 7, 4, 3, 6, 1
5797, 0, 2, 2, 0, 0, 0
5802, 0, 1, 1, 0, 0, 0
5804, 0, 1, 1, 0, 0, 0
5806, 0, 3, 3, 0, 0, 0
24717, 2, 2, 2, 0, 2, 0
24718, 1, 4, 2, 2, 1, 0
13118, 0, 20, 20, 0, 0, 0
48781, 0, 1, 1, 0, 0, 0
48782, 0, 1, 1, 0, 0, 0
4518, 5, 6, 3, 3, 5, 0
47441, 0, 2, 2, 0, 0, 0
48783, 0, 1, 1, 0, 0, 0
48784, 0, 1, 1, 0, 0, 0
34996, 17, 6, 5, 1, 11, 6
35947, 0, 2, 2, 0, 0, 0
13442, 1, 1, 1, 0, 1, 0
4419, 57, 51, 48, 3, 57, 0
5474, 39, 4, 3, 1, 25, 14
13576, 3, 3, 3, 0, 3, 0
17773, 0, 4, 3, 1, 0, 0
25185, 1, 5, 5, 0, 1, 0
26803, 1, 7, 3, 4, 1, 0
28271, 1, 1, 1, 0, 1, 0
28272, 0, 1, 1, 0, 0, 0
28273, 0, 1, 1, 0, 0, 0
28274, 0, 1, 1, 0, 0, 0
28276, 3, 3, 3, 0, 3, 0
28277, 0, 1, 1, 0, 0, 0
28278, 10, 6, 6, 0, 10, 0
28279, 0, 1, 1, 0, 0, 0
28280, 11, 1, 1, 0, 10, 1
28282, 15, 2, 2, 0, 7, 8
28283, 0, 2, 2, 0, 0, 0
28284, 0, 2, 2, 0, 0, 0
28285, 3, 1, 1, 0, 3, 0
28287, 0, 2, 1, 1, 0, 0
28289, 3, 3, 2, 1, 3, 0
28290, 0, 1, 0, 1, 0, 0
28291, 0, 1, 0, 1, 0, 0
28292, 0, 2, 1, 1, 0, 0
28293, 9, 2, 0, 2, 3, 6
28296, 26, 4, 3, 1, 25, 1
28298, 0, 1, 0, 1, 0, 0
28299, 0, 3, 1, 2, 0, 0
28301, 0, 4, 3, 1, 0, 0
48845, 0, 5, 5, 0, 0, 0
48846, 0, 3, 3, 0, 0, 0
48847, 0, 2, 2, 0, 0, 0
44951, 4, 4, 2, 2, 3, 1
4589, 0, 6, 5, 1, 0, 0
6071, 51, 9, 7, 2, 47, 4
9104, 24, 12, 11, 1, 21, 3
13232, 51, 6, 5, 1, 28, 23
15661, 0, 9, 9, 0, 0, 0
16640, 1, 4, 4, 0, 1, 0
17067, 35, 8, 7, 1, 35, 0
18524, 54, 6, 6, 0, 7, 47
20850, 3, 15, 8, 7, 3, 0
25251, 1, 3, 3, 0, 1, 0
26269, 6, 7, 6, 1, 5, 1
30288, 0, 3, 3, 0, 0, 0
30665, 1, 3, 1, 2, 1, 0
31004, 3, 3, 3, 0, 3, 0
34080, 1, 5, 5, 0, 1, 0
38963, 10, 4, 2, 2, 5, 5
41456, 0, 1, 1, 0, 0, 0
41457, 4, 1, 1, 0, 4, 0
41458, 0, 2, 2, 0, 0, 0
41460, 7, 1, 1, 0, 3, 4
41462, 1, 2, 2, 0, 1, 0
41463, 0, 1, 1, 0, 0, 0
41464, 0, 1, 1, 0, 0, 0
41465, 0, 1, 1, 0, 0, 0
41466, 0, 1, 1, 0, 0, 0
41468, 0, 1, 1, 0, 0, 0
41469, 1, 6, 6, 0, 1, 0
41470, 0, 2, 1, 1, 0, 0
41471, 2, 2, 2, 0, 2, 0
41472, 0, 1, 1, 0, 0, 0
41474, 0, 6, 5, 1, 0, 0
41475, 0, 1, 1, 0, 0, 0
41476, 0, 1, 1, 0, 0, 0
41477, 6, 2, 2, 0, 6, 0
41480, 0, 3, 3, 0, 0, 0
41481, 0, 1, 1, 0, 0, 0
41482, 0, 2, 2, 0, 0, 0
41483, 0, 2, 2, 0, 0, 0
41484, 2, 1, 1, 0, 1, 1
41486, 0, 1, 1, 0, 0, 0
41488, 0, 3, 3, 0, 0, 0
41489, 0, 1, 0, 1, 0, 0
6365, 0, 15, 14, 1, 0, 0
13837, 5, 5, 5, 0, 5, 0
16586, 0, 12, 11, 1, 0, 0
27852, 0, 7, 7, 0, 0, 0
28769, 0, 5, 5, 0, 0, 0
28834, 0, 6, 5, 1, 0, 0
29772, 35, 12, 3, 9, 35, 0
35492, 0, 2, 2, 0, 0, 0
35493, 0, 1, 1, 0, 0, 0
35494, 0, 3, 3, 0, 0, 0
35495, 0, 1, 1, 0, 0, 0
35496, 0, 1, 1, 0, 0, 0
35497, 0, 1, 1, 0, 0, 0
35499, 0, 1, 1, 0, 0, 0
35502, 0, 1, 1, 0, 0, 0
35503, 0, 2, 2, 0, 0, 0
35504, 0, 4, 4, 0, 0, 0
15171, 19, 11, 11, 0, 17, 2
48848, 19, 1, 1, 0, 13, 6
4461, 0, 5, 2, 3, 0, 0
4807, 0, 5, 5, 0, 0, 0
9281, 124, 11, 10, 1, 94, 30
9641, 2, 12, 9, 3, 0, 2
10310, 0, 5, 4, 1, 0, 0
13281, 2, 3, 2, 1, 2, 0
13532, 0, 2, 2, 0, 0, 0
14002, 0, 4, 4, 0, 0, 0
14517, 1, 8, 7, 1, 1, 0
15551, 0, 5, 1, 4, 0, 0
15777, 0, 9, 8, 1, 0, 0
16914, 0, 4, 2, 2, 0, 0
17179, 15, 13, 10, 3, 15, 0
18252, 3, 6, 4, 2, 3, 0
19043, 0, 14, 7, 7, 0, 0
21406, 0, 3, 1, 2, 0, 0
24164, 17, 7, 6, 1, 14, 3
24866, 0, 3, 3, 0, 0, 0
25151, 12, 3, 1, 2, 12, 0
26406, 16, 3, 0, 3, 6, 10
27680, 1, 2, 1, 1, 1, 0
29431, 4, 2, 0, 2, 4, 0
30476, 0, 4, 0, 4, 0, 0
30656, 5, 4, 4, 0, 5, 0
31096, 2, 6, 6, 0, 2, 0
31190, 1, 2, 1, 1, 0, 1
31293, 0, 5, 3, 2, 0, 0
33519, 0, 2, 2, 0, 0, 0
33737, 0, 6, 4, 2, 0, 0
33840, 0, 3, 3, 0, 0, 0
34208, 4, 1, 1, 0, 4, 0
34796, 0, 2, 2, 0, 0, 0
35622, 0, 2, 0, 2, 0, 0
35875, 0, 10, 6, 4, 0, 0
39044, 0, 2, 2, 0, 0, 0
41362, 0, 3, 2, 1, 0, 0
41383, 0, 4, 1, 3, 0, 0
41512, 0, 1, 1, 0, 0, 0
41513, 0, 1, 1, 0, 0, 0
41514, 0, 1, 1, 0, 0, 0
41515, 0, 1, 1, 0, 0, 0
41516, 0, 2, 2, 0, 0, 0
41517, 0, 2, 2, 0, 0, 0
41518, 0, 2, 2, 0, 0, 0
41519, 2, 2, 2, 0, 0, 2
41520, 0, 1, 1, 0, 0, 0
41521, 0, 1, 1, 0, 0, 0
41522, 0, 5, 5, 0, 0, 0
41523, 6, 3, 2, 1, 6, 0
41524, 0, 1, 1, 0, 0, 0
41526, 0, 1, 0, 1, 0, 0
41527, 0, 1, 0, 1, 0, 0
41529, 0, 2, 1, 1, 0, 0
41530, 0, 1, 0, 1, 0, 0
41531, 0, 1, 0, 1, 0, 0
41532, 0, 1, 0, 1, 0, 0
41533, 0, 1, 0, 1, 0, 0
41534, 0, 1, 0, 1, 0, 0
41535, 0, 1, 0, 1, 0, 0
41537, 1, 1, 0, 1, 1, 0
41538, 0, 1, 0, 1, 0, 0
41539, 0, 1, 0, 1, 0, 0
41540, 0, 1, 0, 1, 0, 0
41541, 0, 1, 0, 1, 0, 0
30022, 13, 5, 5, 0, 13, 0
39214, 0, 5, 5, 0, 0, 0
15053, 2, 3, 0, 3, 2, 0
21182, 3, 8, 7, 1, 3, 0
29591, 24, 8, 5, 3, 3, 21
37273, 0, 10, 10, 0, 0, 0
48849, 0, 1, 1, 0, 0, 0
48850, 0, 2, 2, 0, 0, 0
18802, 0, 5, 4, 1, 0, 0
29568, 0, 3, 3, 0, 0, 0
29569, 0, 7, 5, 2, 0, 0
29570, 1, 6, 6, 0, 1, 0
29572, 0, 1, 1, 0, 0, 0
29573, 0, 1, 1, 0, 0, 0
29579, 0, 2, 2, 0, 0, 0
29583, 0, 2, 0, 2, 0, 0
24826, 5, 5, 5, 0, 4, 1
26204, 1, 9, 9, 0, 0, 1
34590, 0, 3, 3, 0, 0, 0
48851, 0, 1, 1, 0, 0, 0
48852, 0, 1, 1, 0, 0, 0
48853, 1, 1, 1, 0, 1, 0
24914, 0, 8, 7, 1, 0, 0
25889, 0, 4, 2, 2, 0, 0
29343, 0, 4, 3, 1, 0, 0
38616, 0, 4, 2, 2, 0, 0
38777, 0, 1, 1, 0, 0, 0
38778, 0, 5, 5, 0, 0, 0
38780, 0, 1, 1, 0, 0, 0
38781, 0, 1, 1, 0, 0, 0
38782, 0, 1, 0, 1, 0, 0
24109, 0, 2, 2, 0, 0, 0
36644, 0, 3, 3, 0, 0, 0
48854, 0, 2, 2, 0, 0, 0
48855, 0, 2, 2, 0, 0, 0
48856, 1, 1, 1, 0, 1, 0
48857, 0, 1, 0, 1, 0, 0
7205, 0, 2, 2, 0, 0, 0
17371, 0, 1, 1, 0, 0, 0
17372, 1, 1, 1, 0, 1, 0
17373, 0, 1, 1, 0, 0, 0
17377, 0, 1, 1, 0, 0, 0
17380, 1, 4, 4, 0, 1, 0
17381, 9, 4, 3, 1, 8, 1
17382, 2, 4, 3, 1, 2, 0
17387, 0, 1, 1, 0, 0, 0
17390, 4, 2, 0, 2, 4, 0
17392, 1, 1, 0, 1, 0, 1
17395, 14, 1, 0, 1, 8, 6
48858, 0, 4, 4, 0, 0, 0
48859, 2, 4, 2, 2, 0, 2
8346, 0, 4, 4, 0, 0, 0
48860, 2, 1, 1, 0, 2, 0
48861, 1, 2, 2, 0, 1, 0
48862, 0, 1, 1, 0, 0, 0
48863, 3, 3, 3, 0, 3, 0
48864, 2, 4, 4, 0, 2, 0
48865, 3, 2, 2, 0, 3, 0
48866, 4, 2, 2, 0, 4, 0
48867, 17, 6, 6, 0, 17, 0
48868, 0, 1, 0, 1, 0, 0
11906, 2, 1, 1, 0, 2, 0
11908, 2, 4, 4, 0, 2, 0
11912, 4, 1, 1, 0, 4, 0
11920, 0, 1, 1, 0, 0, 0
11924, 89, 6, 6, 0, 77, 12
11926, 0, 1, 1, 0, 0, 0
11928, 1, 2, 2, 0, 1, 0
11934, 6, 4, 3, 1, 4, 2
11935, 2, 2, 2, 0, 2, 0
11937, 1, 1, 1, 0, 1, 0
5387, 2, 2, 2, 0, 2, 0
5388, 0, 4, 3, 1, 0, 0
5392, 3, 2, 2, 0, 3, 0
48869, 0, 1, 1, 0, 0, 0
48870, 0, 1, 1, 0, 0, 0
48871, 0, 1, 1, 0, 0, 0
48872, 0, 1, 0, 1, 0, 0
4939, 2, 11, 10, 1, 2, 0
10646, 1, 2, 2, 0, 1, 0
13748, 53, 6, 5, 1, 36, 17
24034, 20, 1, 1, 0, 18, 2
24036, 9, 2, 2, 0, 9, 0
24038, 1, 1, 1, 0, 1, 0
24042, 0, 1, 1, 0, 0, 0
24044, 4, 1, 1, 0, 4, 0
24045, 23, 1, 1, 0, 11, 12
24050, 0, 2, 1, 1, 0, 0
24052, 0, 1, 1, 0, 0, 0
24056, 52, 3, 3, 0, 52, 0
18582, 0, 4, 2, 2, 0, 0
48873, 0, 1, 1, 0, 0, 0
33223, 0, 5, 5, 0, 0, 0
48874, 0, 2, 2, 0, 0, 0
19631, 0, 7, 2, 5, 0, 0
21069, 0, 13, 13, 0, 0, 0
48875, 4, 2, 2, 0, 4, 0
4985, 1, 8, 5, 3, 1, 0
5487, 0, 3, 1, 2, 0, 0
14639, 0, 2, 0, 2, 0, 0
17121, 13, 5, 3, 2, 10, 3
18449, 0, 3, 2, 1, 0, 0
19672, 79, 3, 2, 1, 79, 0
22468, 1, 5, 5, 0, 1, 0
29419, 0, 5, 2, 3, 0, 0
33137, 0, 8, 2, 6, 0, 0
33163, 0, 4, 2, 2, 0, 0
37663, 7, 7, 3, 4, 4, 3
48876, 3, 2, 1, 1, 3, 0
48877, 4, 2, 2, 0, 4, 0
48878, 3, 5, 2, 3, 1, 2
48879, 0, 2, 2, 0, 0, 0
48880, 1, 2, 2, 0, 1, 0
48881, 58, 5, 4, 1, 31, 27
48882, 1, 1, 1, 0, 1, 0
48883, 0, 1, 1, 0, 0, 0
48884, 10, 3, 1, 2, 9, 1
48885, 0, 4, 2, 2, 0, 0
48886, 0, 1, 0, 1, 0, 0
48887, 0, 1, 0, 1, 0, 0
48888, 0, 3, 2, 1, 0, 0
48889, 0, 1, 0, 1, 0, 0
48890, 0, 1, 0, 1, 0, 0
48891, 0, 1, 0, 1, 0, 0
48892, 0, 2, 1, 1, 0, 0
48893, 0, 2, 0, 2, 0, 0
48894, 0, 1, 0, 1, 0, 0
48895, 3, 2, 1, 1, 3, 0
48896, 0, 2, 2, 0, 0, 0
48897, 0, 1, 0, 1, 0, 0
48898, 16, 1, 0, 1, 7, 9
48899, 0, 2, 1, 1, 0, 0
48900, 0, 1, 1, 0, 0, 0
48901, 20, 3, 3, 0, 20, 0
45184, 3, 3, 2, 1, 3, 0
48902, 2, 2, 2, 0, 2, 0
12269, 0, 6, 6, 0, 0, 0
14815, 0, 9, 8, 1, 0, 0
15684, 0, 4, 2, 2, 0, 0
15990, 1, 3, 1, 2, 1, 0
26284, 0, 5, 4, 1, 0, 0
38421, 0, 2, 2, 0, 0, 0
38664, 3, 4, 3, 1, 3, 0
41805, 1, 3, 1, 2, 1, 0
46090, 2, 3, 3, 0, 0, 2
48903, 4, 2, 1, 1, 2, 2
48904, 1, 2, 2, 0, 1, 0
48905, 0, 1, 1, 0, 0, 0
48906, 0, 1, 1, 0, 0, 0
48907, 8, 2, 2, 0, 3, 5
48908, 0, 1, 0, 1, 0, 0
48909, 1, 1, 0, 1, 1, 0
48910, 1, 1, 0, 1, 1, 0
48911, 0, 1, 0, 1, 0, 0
48912, 0, 1, 0, 1, 0, 0
48913, 0, 1, 0, 1, 0, 0
48914, 0, 5, 4, 1, 0, 0
48915, 1, 3, 2, 1, 1, 0
48916, 0, 1, 0, 1, 0, 0
48917, 0, 2, 1, 1, 0, 0
7393, 0, 10, 10, 0, 0, 0
7396, 1, 3, 3, 0, 1, 0
7397, 0, 3, 2, 1, 0, 0
7400, 0, 1, 1, 0, 0, 0
7401, 0, 2, 2, 0, 0, 0
7409, 0, 1, 1, 0, 0, 0
7421, 0, 7, 7, 0, 0, 0
7423, 0, 2, 1, 1, 0, 0
7426, 0, 1, 1, 0, 0, 0
7429, 0, 2, 1, 1, 0, 0
7431, 0, 1, 1, 0, 0, 0
7434, 12, 3, 2, 1, 6, 6
7436, 0, 4, 4, 0, 0, 0
7438, 0, 2, 2, 0, 0, 0
7442, 0, 3, 3, 0, 0, 0
7451, 6, 5, 4, 1, 4, 2
7453, 1, 2, 2, 0, 1, 0
7454, 9, 2, 2, 0, 6, 3
7456, 0, 11, 8, 3, 0, 0
7463, 0, 1, 1, 0, 0, 0
7464, 0, 5, 5, 0, 0, 0
7465, 5, 4, 4, 0, 5, 0
7468, 0, 6, 6, 0, 0, 0
7472, 12, 6, 6, 0, 0, 12
7474, 19, 4, 3, 1, 15, 4
7475, 0, 1, 0, 1, 0, 0
7480, 5, 8, 7, 1, 4, 1
7482, 3, 8, 7, 1, 3, 0
7483, 10, 1, 0, 1, 10, 0
7486, 2, 7, 5, 2, 2, 0
13113, 7, 2, 0, 2, 2, 5
13114, 11, 3, 2, 1, 3, 8
21401, 0, 4, 2, 2, 0, 0
38333, 0, 6, 4, 2, 0, 0
38888, 47, 2, 1, 1, 28, 19
48918, 8, 1, 1, 0, 1, 7
48919, 18, 2, 1, 1, 5, 13
48920, 2, 1, 0, 1, 0, 2
48921, 0, 1, 0, 1, 0, 0
48922, 3, 2, 1, 1, 3, 0
4344, 1, 0, 0, 0, 1, 0
20040, 4, 4, 4, 0, 4, 0
41511, 0, 8, 8, 0, 0, 0
26711, 20, 3, 3, 0, 14, 6
28114, 18, 7, 5, 2, 6, 12
40284, 42, 3, 2, 1, 24, 18
40348, 27, 2, 0, 2, 27, 0
44223, 3, 1, 1, 0, 3, 0
44224, 12, 2, 2, 0, 12, 0
44225, 1, 1, 1, 0, 1, 0
44226, 1, 2, 1, 1, 1, 0
44227, 2, 1, 0, 1, 0, 2
16268, 1, 2, 1, 1, 0, 1
16271, 4, 10, 3, 7, 1, 3
37749, 25, 9, 6, 3, 22, 3
41127, 9, 5, 5, 0, 9, 0
43643, 6, 5, 5, 0, 6, 0
43644, 8, 3, 3, 0, 6, 2
43645, 8, 4, 4, 0, 7, 1
43646, 0, 2, 2, 0, 0, 0
43647, 4, 2, 2, 0, 4, 0
43648, 0, 2, 2, 0, 0, 0
43649, 0, 1, 0, 1, 0, 0
12698, 0, 1, 1, 0, 0, 0
23177, 0, 4, 4, 0, 0, 0
13275, 0, 3, 2, 1, 0, 0
20309, 1, 6, 3, 3, 1, 0
22845, 23, 16, 6, 10, 14, 9
28970, 13, 5, 2, 3, 11, 2
33832, 1, 4, 3, 1, 1, 0
40504, 1, 9, 6, 3, 1, 0
41758, 1, 3, 2, 1, 1, 0
44653, 0, 1, 0, 1, 0, 0
44654, 0, 1, 0, 1, 0, 0
44655, 0, 1, 0, 1, 0, 0
44656, 0, 2, 1, 1, 0, 0
44657, 0, 1, 0, 1, 0, 0
44658, 0, 2, 0, 2, 0, 0
44659, 0, 3, 1, 2, 0, 0
44660, 0, 1, 0, 1, 0, 0
44661, 1, 2, 1, 1, 0, 1
44663, 0, 1, 0, 1, 0, 0
44664, 5, 3, 2, 1, 0, 5
44665, 0, 1, 0, 1, 0, 0
44666, 0, 1, 0, 1, 0, 0
20068, 0, 3, 3, 0, 0, 0
41835, 1, 5, 3, 2, 1, 0
12253, 0, 10, 5, 5, 0, 0
12759, 1, 4, 4, 0, 1, 0
12762, 0, 1, 1, 0, 0, 0
35933, 0, 1, 1, 0, 0, 0
35934, 2, 2, 2, 0, 2, 0
35935, 10, 4, 4, 0, 7, 3
35937, 2, 2, 2, 0, 2, 0
35938, 1, 1, 1, 0, 1, 0
35939, 5, 4, 3, 1, 5, 0
35940, 0, 3, 1, 2, 0, 0
21435, 4, 8, 8, 0, 4, 0
48949, 6, 1, 1, 0, 6, 0
48950, 0, 1, 1, 0, 0, 0
48951, 0, 3, 3, 0, 0, 0
48952, 3, 2, 2, 0, 3, 0
48953, 4, 2, 2, 0, 4, 0
48954, 0, 2, 2, 0, 0, 0
21208, 36, 4, 1, 3, 0, 36
4776, 0, 8, 7, 1, 0, 0
5814, 0, 2, 2, 0, 0, 0
5816, 0, 4, 4, 0, 0, 0
5820, 0, 9, 7, 2, 0, 0
5824, 0, 6, 2, 4, 0, 0
5825, 9, 3, 3, 0, 8, 1
5829, 0, 3, 3, 0, 0, 0
5832, 1, 3, 3, 0, 1, 0
5839, 0, 1, 0, 1, 0, 0
5841, 0, 2, 0, 2, 0, 0
5842, 1, 1, 0, 1, 1, 0
5844, 0, 1, 0, 1, 0, 0
5845, 20, 10, 8, 2, 19, 1
5848, 9, 10, 6, 4, 8, 1
5850, 3, 2, 1, 1, 3, 0
5855, 0, 2, 1, 1, 0, 0
5856, 96, 8, 7, 1, 42, 54
5857, 0, 5, 2, 3, 0, 0
5861, 0, 1, 0, 1, 0, 0
5863, 0, 1, 0, 1, 0, 0
45706, 1, 1, 1, 0, 1, 0
45707, 3, 1, 1, 0, 3, 0
45708, 1, 1, 1, 0, 1, 0
45709, 1, 3, 3, 0, 1, 0
45710, 0, 1, 1, 0, 0, 0
36448, 45, 5, 5, 0, 45, 0
38989, 9, 12, 12, 0, 9, 0
48955, 0, 1, 1, 0, 0, 0
48956, 0, 1, 1, 0, 0, 0
28756, 5, 4, 3, 1, 4, 1
46205, 1, 1, 1, 0, 1, 0
13736, 8, 3, 3, 0, 8, 0
19627, 10, 3, 3, 0, 10, 0
20124, 12, 1, 1, 0, 10, 2
23224, 15, 6, 4, 2, 15, 0
23506, 2, 5, 5, 0, 2, 0
23835, 23, 1, 1, 0, 19, 4
23836, 25, 1, 1, 0, 25, 0
23837, 1, 1, 1, 0, 0, 1
23841, 2, 1, 1, 0, 2, 0
23843, 2, 2, 2, 0, 1, 1
23844, 6, 2, 2, 0, 6, 0
23846, 1, 1, 1, 0, 1, 0
23847, 11, 3, 2, 1, 10, 1
23851, 3, 3, 3, 0, 3, 0
23852, 9, 8, 6, 2, 9, 0
23853, 7, 1, 1, 0, 7, 0
23855, 1, 1, 1, 0, 1, 0
23856, 3, 1, 1, 0, 3, 0
23857, 1, 1, 1, 0, 1, 0
23858, 1, 1, 1, 0, 1, 0
23859, 3, 2, 2, 0, 3, 0
23861, 2, 1, 1, 0, 2, 0
23862, 6, 1, 1, 0, 6, 0
23864, 30, 2, 2, 0, 30, 0
23865, 0, 2, 2, 0, 0, 0
23866, 11, 4, 4, 0, 10, 1
23867, 11, 2, 1, 1, 4, 7
23870, 1, 2, 2, 0, 1, 0
23873, 31, 2, 1, 1, 25, 6
23874, 2, 3, 2, 1, 1, 1
23875, 3, 1, 1, 0, 3, 0
23882, 5, 1, 1, 0, 5, 0
23886, 13, 4, 3, 1, 13, 0
23888, 16, 1, 1, 0, 16, 0
23890, 6, 1, 1, 0, 6, 0
23891, 1, 1, 1, 0, 1, 0
23892, 4, 1, 1, 0, 4, 0
23893, 1, 3, 1, 2, 1, 0
23895, 3, 1, 1, 0, 3, 0
23898, 1, 2, 1, 1, 1, 0
23899, 7, 4, 4, 0, 7, 0
23900, 2, 9, 6, 3, 2, 0
23903, 9, 2, 2, 0, 7, 2
23906, 1, 1, 1, 0, 1, 0
23907, 11, 2, 2, 0, 11, 0
23908, 2, 1, 1, 0, 2, 0
23909, 25, 6, 6, 0, 24, 1
23911, 25, 2, 2, 0, 22, 3
23912, 12, 3, 3, 0, 12, 0
23913, 59, 2, 2, 0, 59, 0
23916, 1, 1, 1, 0, 1, 0
16685, 7, 1, 0, 1, 5, 2
16686, 0, 4, 2, 2, 0, 0
16555, 6, 8, 5, 3, 4, 2
18472, 0, 1, 1, 0, 0, 0
18473, 18, 10, 9, 1, 16, 2
18476, 0, 8, 8, 0, 0, 0
18477, 5, 3, 3, 0, 3, 2
18479, 1, 6, 4, 2, 0, 1
18480, 7, 6, 6, 0, 7, 0
18481, 1, 1, 1, 0, 1, 0
18482, 1, 2, 2, 0, 1, 0
18483, 1, 1, 1, 0, 1, 0
18485, 0, 1, 0, 1, 0, 0
18486, 1, 7, 5, 2, 1, 0
16071, 1, 1, 0, 1, 1, 0
16197, 0, 16, 7, 9, 0, 0
39213, 0, 2, 1, 1, 0, 0
46317, 1, 3, 0, 3, 1, 0
48439, 0, 4, 3, 1, 0, 0
48957, 1, 1, 1, 0, 1, 0
48958, 1, 1, 0, 1, 0, 1
48959, 3, 2, 1, 1, 2, 1
48960, 0, 1, 0, 1, 0, 0
48961, 0, 5, 4, 1, 0, 0
11949, 0, 14, 14, 0, 0, 0
12726, 9, 2, 2, 0, 8, 1
20819, 0, 8, 8, 0, 0, 0
21472, 2, 7, 7, 0, 2, 0
22988, 7, 4, 2, 2, 5, 2
39606, 0, 2, 2, 0, 0, 0
39607, 0, 1, 1, 0, 0, 0
39608, 1, 1, 1, 0, 1, 0
39609, 1, 1, 1, 0, 1, 0
39611, 0, 1, 1, 0, 0, 0
39612, 20, 1, 1, 0, 20, 0
39613, 0, 4, 0, 4, 0, 0
48962, 0, 1, 1, 0, 0, 0
48963, 27, 2, 2, 0, 26, 1
37254, 1, 3, 3, 0, 1, 0
46190, 0, 1, 1, 0, 0, 0
21059, 4, 4, 4, 0, 4, 0
25126, 49, 5, 4, 1, 32, 17
35507, 29, 1, 1, 0, 29, 0
42050, 3, 4, 4, 0, 3, 0
43191, 2, 7, 7, 0, 2, 0
44929, 0, 1, 1, 0, 0, 0
44930, 5, 3, 3, 0, 5, 0
44931, 3, 2, 2, 0, 2, 1
44932, 0, 1, 1, 0, 0, 0
44933, 35, 3, 3, 0, 34, 1
44934, 2, 1, 1, 0, 2, 0
48964, 0, 1, 1, 0, 0, 0
48965, 1, 1, 1, 0, 1, 0
48966, 0, 1, 1, 0, 0, 0
22782, 0, 7, 6, 1, 0, 0
26495, 0, 6, 3, 3, 0, 0
29209, 3, 4, 2, 2, 0, 3
38917, 0, 2, 1, 1, 0, 0
38918, 0, 1, 0, 1, 0, 0
38919, 0, 1, 0, 1, 0, 0
18776, 0, 1, 0, 1, 0, 0
18777, 0, 1, 0, 1, 0, 0
18778, 0, 1, 0, 1, 0, 0
19107, 0, 6, 6, 0, 0, 0
23347, 0, 2, 2, 0, 0, 0
24765, 2, 2, 1, 1, 2, 0
29759, 0, 13, 8, 5, 0, 0
34393, 0, 3, 2, 1, 0, 0
34929, 9, 2, 1, 1, 9, 0
38335, 6, 3, 3, 0, 3, 3
38641, 1, 1, 1, 0, 1, 0
38642, 0, 1, 1, 0, 0, 0
38644, 0, 1, 1, 0, 0, 0
38648, 0, 1, 1, 0, 0, 0
38649, 0, 2, 2, 0, 0, 0
38650, 0, 3, 3, 0, 0, 0
38652, 0, 1, 1, 0, 0, 0
38653, 0, 1, 1, 0, 0, 0
38654, 0, 4, 2, 2, 0, 0
38655, 5, 3, 2, 1, 5, 0
38656, 1, 1, 1, 0, 1, 0
38658, 0, 1, 1, 0, 0, 0
38659, 0, 1, 1, 0, 0, 0
38660, 0, 1, 1, 0, 0, 0
6785, 18, 5, 4, 1, 18, 0
13116, 10, 2, 2, 0, 7, 3
17198, 9, 3, 3, 0, 9, 0
21252, 3, 7, 6, 1, 3, 0
21839, 40, 8, 8, 0, 40, 0
23577, 0, 6, 4, 2, 0, 0
33697, 58, 6, 5, 1, 37, 21
33731, 12, 3, 2, 1, 12, 0
38765, 1, 9, 6, 3, 0, 1
41051, 2, 2, 2, 0, 2, 0
46414, 3, 2, 2, 0, 2, 1
46415, 0, 1, 1, 0, 0, 0
46416, 5, 5, 5, 0, 5, 0
46417, 0, 1, 1, 0, 0, 0
46418, 4, 1, 1, 0, 3, 1
46419, 0, 1, 1, 0, 0, 0
46420, 1, 3, 3, 0, 1, 0
46421, 5, 3, 2, 1, 5, 0
46422, 6, 8, 8, 0, 6, 0
46423, 0, 2, 1, 1, 0, 0
46424, 0, 1, 1, 0, 0, 0
46425, 3, 1, 1, 0, 3, 0
46426, 4, 1, 1, 0, 4, 0
46427, 0, 1, 1, 0, 0, 0
46428, 0, 1, 1, 0, 0, 0
46429, 9, 1, 1, 0, 9, 0
46430, 0, 2, 2, 0, 0, 0
46431, 2, 1, 1, 0, 2, 0
46432, 0, 1, 1, 0, 0, 0
4394, 0, 2, 2, 0, 0, 0
4398, 0, 1, 1, 0, 0, 0
4403, 0, 2, 2, 0, 0, 0
4409, 0, 3, 2, 1, 0, 0
4411, 16, 7, 6, 1, 16, 0
4412, 19, 9, 7, 2, 18, 1
4417, 3, 4, 3, 1, 3, 0
4418, 8, 8, 8, 0, 6, 2
4420, 14, 3, 3, 0, 13, 1
4424, 1, 1, 1, 0, 1, 0
4430, 0, 1, 1, 0, 0, 0
4431, 0, 8, 8, 0, 0, 0
4432, 0, 7, 7, 0, 0, 0
4435, 0, 3, 3, 0, 0, 0
4436, 1, 5, 5, 0, 1, 0
4439, 0, 1, 1, 0, 0, 0
4449, 0, 1, 0, 1, 0, 0
4450, 0, 1, 0, 1, 0, 0
4455, 0, 2, 0, 2, 0, 0
4457, 1, 5, 3, 2, 1, 0
4465, 0, 2, 0, 2, 0, 0
4467, 16, 7, 0, 7, 3, 13
4469, 0, 3, 1, 2, 0, 0
4470, 0, 1, 0, 1, 0, 0
4472, 0, 1, 0, 1, 0, 0
4474, 1, 2, 0, 2, 1, 0
4475, 6, 4, 2, 2, 5, 1
4479, 0, 7, 1, 6, 0, 0
4480, 0, 1, 0, 1, 0, 0
4484, 8, 3, 1, 2, 8, 0
4485, 0, 1, 0, 1, 0, 0
4486, 0, 7, 3, 4, 0, 0
4490, 0, 5, 3, 2, 0, 0
4492, 1, 3, 2, 1, 1, 0
4495, 0, 4, 2, 2, 0, 0
4497, 0, 3, 1, 2, 0, 0
4502, 0, 1, 0, 1, 0, 0
4503, 0, 1, 0, 1, 0, 0
4504, 0, 1, 0, 1, 0, 0
4510, 1, 4, 3, 1, 1, 0
4511, 0, 3, 1, 2, 0, 0
4525, 5, 2, 1, 1, 5, 0
4528, 0, 4, 2, 2, 0, 0
4531, 0, 5, 2, 3, 0, 0
4534, 0, 1, 0, 1, 0, 0
4536, 0, 1, 0, 1, 0, 0
4537, 0, 4, 2, 2, 0, 0
4538, 2, 2, 0, 2, 2, 0
4539, 0, 2, 0, 2, 0, 0
4546, 5, 4, 2, 2, 4, 1
4547, 1, 2, 1, 1, 1, 0
4552, 9, 12, 9, 3, 9, 0
4554, 0, 2, 1, 1, 0, 0
4570, 19, 7, 5, 2, 15, 4
4582, 0, 2, 1, 1, 0, 0
4593, 0, 3, 1, 2, 0, 0
4597, 0, 1, 0, 1, 0, 0
4598, 17, 4, 3, 1, 14, 3
4599, 0, 3, 0, 3, 0, 0
4603, 0, 7, 2, 5, 0, 0
4610, 0, 1, 0, 1, 0, 0
4611, 4, 5, 2, 3, 4, 0
4613, 1, 2, 1, 1, 1, 0
4619, 0, 1, 0, 1, 0, 0
4622, 0, 1, 0, 1, 0, 0
4623, 0, 13, 5, 8, 0, 0
4624, 34, 12, 9, 3, 30, 4
4626, 0, 3, 2, 1, 0, 0
4629, 0, 2, 1, 1, 0, 0
4631, 0, 4, 2, 2, 0, 0
4633, 0, 1, 0, 1, 0, 0
4636, 16, 4, 3, 1, 10, 6
4641, 0, 4, 2, 2, 0, 0
9609, 2, 10, 9, 1, 1, 1
17130, 0, 1, 1, 0, 0, 0
17133, 0, 1, 1, 0, 0, 0
17137, 0, 2, 2, 0, 0, 0
17138, 1, 1, 1, 0, 1, 0
17139, 0, 2, 2, 0, 0, 0
17140, 0, 3, 2, 1, 0, 0
17142, 1, 1, 0, 1, 1, 0
17143, 4, 2, 1, 1, 2, 2
25423, 27, 10, 9, 1, 16, 11
25425, 0, 4, 4, 0, 0, 0
25427, 0, 2, 2, 0, 0, 0
25428, 7, 1, 1, 0, 7, 0
25429, 0, 1, 1, 0, 0, 0
25430, 0, 5, 4, 1, 0, 0
29217, 8, 4, 2, 2, 8, 0
29218, 14, 2, 0, 2, 8, 6
29219, 2, 2, 1, 1, 2, 0
29220, 5, 2, 0, 2, 5, 0
48967, 0, 1, 1, 0, 0, 0
48968, 0, 1, 1, 0, 0, 0
28413, 1, 4, 4, 0, 1, 0
48969, 0, 2, 1, 1, 0, 0
48970, 2, 4, 4, 0, 2, 0
48971, 0, 1, 0, 1, 0, 0
11859, 4, 3, 1, 2, 4, 0
11885, 1, 17, 5, 12, 1, 0
16785, 24, 12, 9, 3, 21, 3
16794, 0, 4, 1, 3, 0, 0
18212, 18, 2, 1, 1, 16, 2
18409, 12, 7, 5, 2, 6, 6
20174, 0, 10, 0, 10, 0, 0
25195, 0, 3, 0, 3, 0, 0
33547, 2, 4, 3, 1, 0, 2
36602, 7, 2, 1, 1, 7, 0
40471, 0, 4, 2, 2, 0, 0
47068, 0, 2, 2, 0, 0, 0
48972, 7, 2, 2, 0, 2, 5
48973, 0, 1, 1, 0, 0, 0
48974, 0, 1, 1, 0, 0, 0
48975, 0, 3, 3, 0, 0, 0
48976, 0, 4, 1, 3, 0, 0
48977, 30, 2, 1, 1, 17, 13
48978, 4, 1, 0, 1, 4, 0
48979, 1, 1, 0, 1, 0, 1
35869, 2, 7, 7, 0, 2, 0
48980, 1, 1, 1, 0, 1, 0
48981, 1, 1, 1, 0, 1, 0
48982, 1, 1, 1, 0, 1, 0
48983, 0, 1, 0, 1, 0, 0
27445, 0, 7, 7, 0, 0, 0
48984, 5, 3, 3, 0, 5, 0
26220, 5, 2, 2, 0, 5, 0
26380, 0, 8, 8, 0, 0, 0
31219, 0, 5, 5, 0, 0, 0
48985, 0, 2, 2, 0, 0, 0
48986, 0, 1, 1, 0, 0, 0
35266, 0, 4, 4, 0, 0, 0
15339, 14, 6, 6, 0, 13, 1
25402, 29, 3, 3, 0, 24, 5
45008, 3, 1, 1, 0, 3, 0
48987, 6, 3, 3, 0, 6, 0
48988, 4, 1, 1, 0, 4, 0
6347, 0, 8, 7, 1, 0, 0
13142, 8, 4, 4, 0, 6, 2
38584, 1, 3, 3, 0, 1, 0
44340, 0, 1, 1, 0, 0, 0
29898, 0, 2, 2, 0, 0, 0
29899, 0, 1, 1, 0, 0, 0
29900, 0, 3, 2, 1, 0, 0
48989, 6, 1, 1, 0, 6, 0
48990, 0, 1, 1, 0, 0, 0
48991, 0, 2, 2, 0, 0, 0
48992, 2, 1, 1, 0, 1, 1
48993, 56, 1, 1, 0, 37, 19
8709, 3, 4, 4, 0, 3, 0
31236, 6, 4, 4, 0, 6, 0
34361, 20, 6, 6, 0, 20, 0
36442, 87, 2, 1, 1, 60, 27
38322, 3, 3, 3, 0, 3, 0
48994, 28, 1, 1, 0, 28, 0
48995, 9, 1, 1, 0, 9, 0
48996, 1, 1, 1, 0, 1, 0
48997, 39, 1, 1, 0, 34, 5
48998, 10, 2, 2, 0, 10, 0
48999, 1, 1, 1, 0, 1, 0
15176, 0, 32, 32, 0, 0, 0
33673, 8, 2, 2, 0, 7, 1
49000, 2, 1, 1, 0, 0, 2
49001, 1, 2, 2, 0, 1, 0
49002, 2, 2, 1, 1, 1, 1
10556, 0, 3, 1, 2, 0, 0
41837, 2, 4, 3, 1, 0, 2
14402, 0, 2, 2, 0, 0, 0
11990, 2, 3, 3, 0, 2, 0
14274, 0, 8, 8, 0, 0, 0
14536, 40, 5, 5, 0, 32, 8
14634, 0, 4, 3, 1, 0, 0
16285, 25, 8, 8, 0, 14, 11
18455, 1, 2, 2, 0, 1, 0
19307, 3, 3, 3, 0, 3, 0
20037, 2, 3, 2, 1, 2, 0
23427, 12, 8, 6, 2, 11, 1
24839, 14, 18, 14, 4, 14, 0
27915, 0, 4, 4, 0, 0, 0
28359, 2, 6, 5, 1, 2, 0
29173, 12, 3, 3, 0, 12, 0
36675, 10, 5, 5, 0, 10, 0
37274, 0, 5, 5, 0, 0, 0
41774, 0, 1, 1, 0, 0, 0
41775, 0, 1, 1, 0, 0, 0
41776, 0, 1, 1, 0, 0, 0
41777, 4, 2, 2, 0, 4, 0
41778, 0, 1, 1, 0, 0, 0
41779, 1, 1, 1, 0, 1, 0
41780, 1, 1, 1, 0, 1, 0
41781, 0, 1, 1, 0, 0, 0
41782, 1, 1, 1, 0, 1, 0
41783, 0, 1, 1, 0, 0, 0
41784, 0, 1, 1, 0, 0, 0
41785, 0, 1, 1, 0, 0, 0
41786, 3, 4, 4, 0, 3, 0
41787, 0, 1, 1, 0, 0, 0
41788, 3, 1, 1, 0, 2, 1
41789, 0, 1, 1, 0, 0, 0
41790, 0, 1, 1, 0, 0, 0
41792, 0, 3, 3, 0, 0, 0
41793, 0, 2, 2, 0, 0, 0
41794, 32, 1, 1, 0, 6, 26
41795, 1, 1, 1, 0, 1, 0
41796, 0, 1, 1, 0, 0, 0
9140, 0, 6, 6, 0, 0, 0
9184, 7, 10, 8, 2, 1, 6
9602, 2, 7, 7, 0, 2, 0
12981, 2, 1, 1, 0, 2, 0
16934, 0, 4, 3, 1, 0, 0
23978, 14, 5, 5, 0, 13, 1
27571, 0, 6, 3, 3, 0, 0
29852, 5, 8, 8, 0, 5, 0
30198, 2, 7, 7, 0, 1, 1
32494, 0, 3, 1, 2, 0, 0
32511, 0, 2, 2, 0, 0, 0
33395, 0, 3, 3, 0, 0, 0
36682, 13, 7, 6, 1, 13, 0
38283, 0, 7, 6, 1, 0, 0
49003, 0, 1, 1, 0, 0, 0
49004, 0, 2, 1, 1, 0, 0
49005, 0, 2, 2, 0, 0, 0
49006, 0, 3, 2, 1, 0, 0
49007, 0, 1, 1, 0, 0, 0
49008, 0, 2, 1, 1, 0, 0
49009, 0, 3, 2, 1, 0, 0
49010, 0, 1, 0, 1, 0, 0
49011, 0, 1, 0, 1, 0, 0
49012, 4, 3, 2, 1, 4, 0
49013, 0, 2, 0, 2, 0, 0
21809, 5, 6, 3, 3, 0, 5
37283, 0, 10, 10, 0, 0, 0
49014, 0, 2, 2, 0, 0, 0
7086, 2, 3, 3, 0, 2, 0
9645, 0, 6, 4, 2, 0, 0
24318, 0, 13, 7, 6, 0, 0
24791, 1, 5, 2, 3, 1, 0
27185, 5, 4, 3, 1, 5, 0
30133, 0, 3, 2, 1, 0, 0
33218, 0, 6, 3, 3, 0, 0
44690, 2, 2, 2, 0, 2, 0
45871, 4, 5, 2, 3, 4, 0
49015, 0, 1, 1, 0, 0, 0
49016, 0, 1, 1, 0, 0, 0
49017, 0, 1, 1, 0, 0, 0
49018, 0, 2, 2, 0, 0, 0
49019, 0, 1, 0, 1, 0, 0
49020, 1, 1, 0, 1, 0, 1
49021, 0, 2, 1, 1, 0, 0
49022, 0, 1, 0, 1, 0, 0
49023, 3, 2, 2, 0, 3, 0
49024, 0, 1, 1, 0, 0, 0
49025, 2, 1, 1, 0, 2, 0
49026, 3, 1, 1, 0, 3, 0
8255, 1, 9, 7, 2, 1, 0
14913, 3, 2, 0, 2, 3, 0
15689, 42, 6, 6, 0, 41, 1
16520, 0, 11, 11, 0, 0, 0
20102, 20, 5, 5, 0, 19, 1
21021, 1, 5, 4, 1, 0, 1
24146, 0, 6, 6, 0, 0, 0
29405, 32, 3, 2, 1, 22, 10
30583, 17, 6, 6, 0, 16, 1
34065, 1, 2, 1, 1, 1, 0
36660, 0, 3, 3, 0, 0, 0
36989, 0, 7, 5, 2, 0, 0
38680, 18, 1, 1, 0, 18, 0
38681, 0, 1, 1, 0, 0, 0
38682, 1, 1, 1, 0, 1, 0
38683, 0, 1, 1, 0, 0, 0
38684, 3, 3, 3, 0, 3, 0
38685, 4, 1, 1, 0, 3, 1
38686, 0, 4, 1, 3, 0, 0
38689, 3, 2, 2, 0, 3, 0
38690, 0, 1, 1, 0, 0, 0
38691, 0, 1, 1, 0, 0, 0
38692, 1, 3, 3, 0, 1, 0
38693, 21, 2, 1, 1, 18, 3
38694, 0, 9, 5, 4, 0, 0
38695, 0, 2, 2, 0, 0, 0
38697, 0, 1, 1, 0, 0, 0
34306, 0, 7, 0, 7, 0, 0
6415, 1, 5, 5, 0, 1, 0
6672, 1, 7, 7, 0, 1, 0
18654, 0, 2, 2, 0, 0, 0
19468, 0, 4, 4, 0, 0, 0
19865, 3, 9, 9, 0, 3, 0
27232, 0, 10, 10, 0, 0, 0
30209, 0, 9, 9, 0, 0, 0
30472, 0, 7, 6, 1, 0, 0
34696, 0, 3, 3, 0, 0, 0
34697, 0, 8, 8, 0, 0, 0
34698, 1, 8, 4, 4, 1, 0
34699, 0, 1, 1, 0, 0, 0
34700, 2, 6, 6, 0, 2, 0
34701, 0, 3, 3, 0, 0, 0
34702, 0, 2, 2, 0, 0, 0
34704, 0, 1, 1, 0, 0, 0
34705, 0, 4, 3, 1, 0, 0
7786, 0, 17, 15, 2, 0, 0
16924, 0, 9, 6, 3, 0, 0
19429, 0, 5, 5, 0, 0, 0
22635, 0, 7, 5, 2, 0, 0
29341, 3, 6, 5, 1, 3, 0
33351, 14, 3, 1, 2, 6, 8
37269, 14, 4, 4, 0, 10, 4
49027, 0, 2, 2, 0, 0, 0
49028, 1, 2, 2, 0, 1, 0
49029, 0, 2, 2, 0, 0, 0
49030, 0, 2, 2, 0, 0, 0
49031, 0, 2, 2, 0, 0, 0
49032, 0, 1, 0, 1, 0, 0
49033, 0, 1, 0, 1, 0, 0
11848, 0, 2, 2, 0, 0, 0
12768, 22, 4, 4, 0, 18, 4
18256, 88, 5, 3, 2, 69, 19
18535, 1, 5, 5, 0, 1, 0
25679, 0, 2, 2, 0, 0, 0
28392, 0, 2, 2, 0, 0, 0
28395, 5, 2, 2, 0, 3, 2
28396, 11, 5, 5, 0, 4, 7
28397, 3, 3, 2, 1, 3, 0
28400, 0, 2, 2, 0, 0, 0
28401, 0, 3, 2, 1, 0, 0
28404, 0, 1, 1, 0, 0, 0
28405, 0, 6, 5, 1, 0, 0
28406, 0, 2, 2, 0, 0, 0
28407, 0, 3, 2, 1, 0, 0
28408, 7, 7, 5, 2, 2, 5
28415, 0, 1, 1, 0, 0, 0
28417, 10, 2, 2, 0, 8, 2
28419, 1, 2, 1, 1, 1, 0
28421, 0, 1, 0, 1, 0, 0
20224, 0, 6, 6, 0, 0, 0
33275, 0, 5, 3, 2, 0, 0
37346, 0, 9, 4, 5, 0, 0
46981, 1, 1, 1, 0, 1, 0
46982, 2, 2, 2, 0, 2, 0
46983, 1, 3, 1, 2, 1, 0
46984, 0, 1, 0, 1, 0, 0
46985, 0, 3, 1, 2, 0, 0
46986, 0, 2, 1, 1, 0, 0
33340, 0, 14, 14, 0, 0, 0
49034, 39, 1, 1, 0, 39, 0
5263, 19, 6, 3, 3, 9, 10
11963, 29, 8, 6, 2, 17, 12
24870, 3, 6, 2, 4, 0, 3
25384, 2, 2, 1, 1, 1, 1
28198, 0, 3, 1, 2, 0, 0
28200, 0, 5, 2, 3, 0, 0
28201, 0, 2, 1, 1, 0, 0
28203, 8, 4, 2, 2, 4, 4
28204, 0, 6, 1, 5, 0, 0
28205, 0, 2, 0, 2, 0, 0
28206, 6, 5, 3, 2, 6, 0
28209, 3, 1, 0, 1, 2, 1
28210, 18, 4, 2, 2, 11, 7
28212, 2, 4, 3, 1, 1, 1
30775, 0, 3, 0, 3, 0, 0
49035, 0, 1, 0, 1, 0, 0
49036, 0, 4, 1, 3, 0, 0
49037, 4, 6, 4, 2, 4, 0
24722, 0, 8, 8, 0, 0, 0
13680, 0, 5, 5, 0, 0, 0
27889, 3, 2, 1, 1, 2, 1
35415, 1, 2, 0, 2, 1, 0
49038, 0, 11, 11, 0, 0, 0
49039, 1, 1, 1, 0, 1, 0
49040, 1, 1, 1, 0, 1, 0
49041, 1, 1, 1, 0, 1, 0
32487, 0, 3, 1, 2, 0, 0
49042, 0, 4, 4, 0, 0, 0
49043, 0, 1, 1, 0, 0, 0
32970, 0, 5, 5, 0, 0, 0
42044, 0, 3, 2, 1, 0, 0
43420, 6, 9, 6, 3, 6, 0
49044, 0, 4, 4, 0, 0, 0
14462, 15, 10, 6, 4, 12, 3
49045, 1, 1, 1, 0, 1, 0
49046, 0, 3, 2, 1, 0, 0
49047, 0, 2, 2, 0, 0, 0
41405, 0, 6, 4, 2, 0, 0
49048, 1, 2, 1, 1, 1, 0
49049, 0, 1, 1, 0, 0, 0
49050, 2, 2, 2, 0, 2, 0
29930, 10, 5, 5, 0, 10, 0
49051, 0, 1, 0, 1, 0, 0
49052, 0, 1, 0, 1, 0, 0
49053, 3, 6, 5, 1, 2, 1
49054, 1, 1, 0, 1, 0, 1
49055, 0, 1, 0, 1, 0, 0
49056, 0, 2, 1, 1, 0, 0
49057, 0, 1, 0, 1, 0, 0
49058, 0, 1, 0, 1, 0, 0
49059, 0, 1, 0, 1, 0, 0
49060, 0, 2, 1, 1, 0, 0
49061, 0, 1, 0, 1, 0, 0
49062, 0, 1, 0, 1, 0, 0
49063, 2, 3, 2, 1, 2, 0
49064, 0, 1, 0, 1, 0, 0
49065, 1, 1, 0, 1, 1, 0
49066, 0, 1, 0, 1, 0, 0
14448, 2, 2, 2, 0, 2, 0
30223, 0, 5, 2, 3, 0, 0
38308, 0, 2, 1, 1, 0, 0
38309, 1, 1, 1, 0, 1, 0
38310, 0, 1, 1, 0, 0, 0
38313, 0, 3, 3, 0, 0, 0
38314, 0, 3, 2, 1, 0, 0
21068, 10, 9, 9, 0, 10, 0
27474, 101, 9, 9, 0, 84, 17
27475, 7, 5, 5, 0, 7, 0
27491, 8, 6, 6, 0, 8, 0
31286, 0, 8, 7, 1, 0, 0
40466, 0, 2, 1, 1, 0, 0
42438, 35, 3, 3, 0, 33, 2
49067, 2, 1, 1, 0, 2, 0
49068, 4, 1, 1, 0, 4, 0
49069, 0, 1, 1, 0, 0, 0
49070, 2, 1, 1, 0, 2, 0
49071, 0, 1, 1, 0, 0, 0
49072, 1, 1, 1, 0, 1, 0
6325, 0, 5, 5, 0, 0, 0
10228, 5, 10, 8, 2, 1, 4
13039, 1, 12, 12, 0, 1, 0
13401, 0, 6, 5, 1, 0, 0
19757, 1, 12, 12, 0, 1, 0
26454, 1, 8, 1, 7, 0, 1
29630, 0, 6, 3, 3, 0, 0
30969, 4, 5, 4, 1, 4, 0
31071, 2, 7, 6, 1, 1, 1
33257, 4, 3, 3, 0, 3, 1
33881, 6, 12, 9, 3, 5, 1
34884, 8, 3, 2, 1, 8, 0
41763, 0, 4, 4, 0, 0, 0
42527, 6, 2, 1, 1, 3, 3
46052, 1, 8, 4, 4, 0, 1
49073, 0, 2, 2, 0, 0, 0
49074, 0, 4, 3, 1, 0, 0
49075, 5, 5, 4, 1, 5, 0
49076, 1, 3, 3, 0, 1, 0
49077, 0, 6, 3, 3, 0, 0
49078, 0, 2, 2, 0, 0, 0
49079, 5, 1, 1, 0, 4, 1
10280, 0, 3, 0, 3, 0, 0
10676, 1, 6, 5, 1, 1, 0
12435, 0, 2, 1, 1, 0, 0
18849, 0, 6, 5, 1, 0, 0
19909, 0, 2, 2, 0, 0, 0
21352, 41, 10, 10, 0, 39, 2
21984, 2, 2, 2, 0, 1, 1
24204, 0, 8, 3, 5, 0, 0
24923, 12, 17, 13, 4, 12, 0
27668, 1, 4, 4, 0, 1, 0
28097, 1, 14, 12, 2, 1, 0
32470, 5, 3, 3, 0, 5, 0
32662, 2, 8, 4, 4, 2, 0
33760, 0, 9, 8, 1, 0, 0
34978, 13, 13, 9, 4, 13, 0
37044, 0, 1, 1, 0, 0, 0
37045, 0, 2, 2, 0, 0, 0
37046, 0, 1, 1, 0, 0, 0
37047, 11, 1, 1, 0, 5, 6
37050, 0, 1, 1, 0, 0, 0
37051, 0, 1, 1, 0, 0, 0
37052, 1, 1, 1, 0, 0, 1
37053, 3, 1, 1, 0, 1, 2
37054, 0, 3, 3, 0, 0, 0
37055, 0, 1, 1, 0, 0, 0
37056, 0, 2, 2, 0, 0, 0
37057, 0, 1, 1, 0, 0, 0
37058, 0, 3, 3, 0, 0, 0
37059, 0, 1, 1, 0, 0, 0
37060, 0, 1, 1, 0, 0, 0
37061, 4, 3, 1, 2, 3, 1
37063, 4, 4, 4, 0, 4, 0
37064, 2, 4, 3, 1, 2, 0
37065, 0, 1, 1, 0, 0, 0
37066, 9, 3, 2, 1, 9, 0
37067, 0, 1, 1, 0, 0, 0
37069, 0, 1, 1, 0, 0, 0
37070, 0, 1, 1, 0, 0, 0
37071, 0, 1, 1, 0, 0, 0
37072, 0, 2, 1, 1, 0, 0
37073, 24, 2, 2, 0, 24, 0
37074, 0, 2, 2, 0, 0, 0
37077, 0, 2, 1, 1, 0, 0
37078, 3, 2, 2, 0, 2, 1
37080, 0, 1, 1, 0, 0, 0
37081, 4, 2, 2, 0, 4, 0
37082, 0, 2, 1, 1, 0, 0
37083, 10, 4, 2, 2, 7, 3
37084, 0, 1, 0, 1, 0, 0
37085, 0, 1, 0, 1, 0, 0
37086, 0, 1, 0, 1, 0, 0
37087, 0, 1, 0, 1, 0, 0
37088, 0, 1, 0, 1, 0, 0
37089, 0, 1, 0, 1, 0, 0
37090, 0, 1, 0, 1, 0, 0
37788, 32, 2, 1, 1, 19, 13
49080, 0, 1, 1, 0, 0, 0
49081, 0, 2, 2, 0, 0, 0
38362, 0, 14, 14, 0, 0, 0
49082, 0, 4, 4, 0, 0, 0
16704, 102, 13, 12, 1, 84, 18
31584, 6, 1, 1, 0, 4, 2
43829, 7, 11, 11, 0, 7, 0
25686, 24, 2, 2, 0, 22, 2
49083, 5, 1, 1, 0, 4, 1
49084, 0, 1, 1, 0, 0, 0
22912, 0, 4, 1, 3, 0, 0
16773, 0, 6, 2, 4, 0, 0
49085, 0, 3, 3, 0, 0, 0
49086, 0, 1, 1, 0, 0, 0
49087, 8, 3, 3, 0, 8, 0
49088, 0, 5, 5, 0, 0, 0
49089, 0, 3, 1, 2, 0, 0
49090, 0, 2, 0, 2, 0, 0
48418, 0, 2, 2, 0, 0, 0
49091, 3, 2, 2, 0, 3, 0
49092, 3, 2, 2, 0, 3, 0
16883, 0, 9, 8, 1, 0, 0
18049, 0, 9, 9, 0, 0, 0
25370, 5, 6, 3, 3, 4, 1
34444, 0, 7, 2, 5, 0, 0
42070, 0, 3, 3, 0, 0, 0
49093, 2, 1, 1, 0, 2, 0
49094, 0, 6, 4, 2, 0, 0
49095, 4, 4, 4, 0, 4, 0
49096, 0, 1, 1, 0, 0, 0
49097, 1, 3, 1, 2, 1, 0
49098, 0, 1, 1, 0, 0, 0
42084, 0, 6, 2, 4, 0, 0
20194, 0, 2, 1, 1, 0, 0
49099, 0, 1, 1, 0, 0, 0
49100, 3, 1, 1, 0, 2, 1
49101, 2, 1, 1, 0, 2, 0
13376, 0, 2, 2, 0, 0, 0
35777, 1, 5, 4, 1, 1, 0
39219, 8, 11, 11, 0, 8, 0
49102, 0, 1, 1, 0, 0, 0
49103, 0, 2, 2, 0, 0, 0
49104, 0, 1, 0, 1, 0, 0
49105, 0, 1, 1, 0, 0, 0
49106, 1, 1, 1, 0, 1, 0
43924, 7, 2, 1, 1, 7, 0
49107, 0, 1, 1, 0, 0, 0
49108, 0, 1, 1, 0, 0, 0
17339, 1, 1, 1, 0, 1, 0
17340, 0, 1, 1, 0, 0, 0
17341, 3, 1, 1, 0, 3, 0
17342, 1, 1, 1, 0, 1, 0
17343, 3, 2, 2, 0, 3, 0
17346, 4, 18, 12, 6, 3, 1
49109, 0, 1, 1, 0, 0, 0
9344, 0, 6, 6, 0, 0, 0
19813, 23, 11, 10, 1, 23, 0
37279, 0, 1, 1, 0, 0, 0
37280, 0, 3, 3, 0, 0, 0
37282, 0, 1, 1, 0, 0, 0
49110, 0, 1, 1, 0, 0, 0
8216, 0, 8, 8, 0, 0, 0
17465, 4, 4, 3, 1, 3, 1
20677, 0, 2, 2, 0, 0, 0
24518, 0, 5, 4, 1, 0, 0
27080, 2, 3, 2, 1, 2, 0
31206, 0, 5, 5, 0, 0, 0
34409, 0, 6, 6, 0, 0, 0
36970, 1, 5, 4, 1, 1, 0
41151, 1, 2, 2, 0, 0, 1
49111, 0, 1, 1, 0, 0, 0
49112, 0, 1, 1, 0, 0, 0
49113, 0, 1, 1, 0, 0, 0
49114, 0, 1, 1, 0, 0, 0
49115, 0, 1, 1, 0, 0, 0
49116, 0, 1, 1, 0, 0, 0
49117, 0, 2, 2, 0, 0, 0
49118, 3, 2, 2, 0, 3, 0
49119, 7, 3, 3, 0, 5, 2
49120, 0, 2, 2, 0, 0, 0
49121, 11, 4, 4, 0, 11, 0
49122, 2, 2, 2, 0, 0, 2
49123, 0, 1, 1, 0, 0, 0
49124, 3, 5, 5, 0, 3, 0
49125, 0, 1, 0, 1, 0, 0
49126, 0, 1, 0, 1, 0, 0
16939, 0, 3, 1, 2, 0, 0
25416, 1, 9, 4, 5, 1, 0
29595, 1, 6, 4, 2, 1, 0
36724, 10, 5, 4, 1, 7, 3
49127, 0, 1, 0, 1, 0, 0
6291, 0, 4, 1, 3, 0, 0
26828, 14, 10, 6, 4, 14, 0
29484, 20, 3, 3, 0, 7, 13
30585, 3, 2, 1, 1, 3, 0
33496, 14, 2, 2, 0, 14, 0
34387, 6, 3, 2, 1, 6, 0
49128, 1, 1, 1, 0, 1, 0
49129, 4, 1, 1, 0, 4, 0
49130, 1, 1, 1, 0, 1, 0
49131, 3, 3, 3, 0, 2, 1
49132, 0, 1, 1, 0, 0, 0
49133, 0, 4, 1, 3, 0, 0
49134, 10, 1, 1, 0, 10, 0
38379, 0, 11, 3, 8, 0, 0
49135, 2, 2, 2, 0, 2, 0
49136, 2, 1, 1, 0, 2, 0
18199, 26, 1, 1, 0, 25, 1
16687, 0, 3, 3, 0, 0, 0
16690, 0, 8, 3, 5, 0, 0
16694, 15, 1, 1, 0, 12, 3
24519, 11, 14, 11, 3, 11, 0
49137, 0, 2, 2, 0, 0, 0
49138, 1, 1, 1, 0, 1, 0
4946, 43, 14, 13, 1, 43, 0
18044, 8, 1, 1, 0, 8, 0
20183, 3, 5, 3, 2, 3, 0
44487, 6, 1, 1, 0, 6, 0
44899, 7, 1, 1, 0, 7, 0
46006, 3, 1, 1, 0, 3, 0
46007, 22, 1, 1, 0, 20, 2
46008, 4, 1, 1, 0, 2, 2
46009, 1, 1, 1, 0, 1, 0
46010, 1, 1, 1, 0, 1, 0
46011, 8, 2, 2, 0, 7, 1
46012, 0, 2, 2, 0, 0, 0
46013, 1, 1, 1, 0, 1, 0
46014, 0, 1, 1, 0, 0, 0
46015, 7, 2, 2, 0, 5, 2
46016, 3, 1, 1, 0, 2, 1
46017, 0, 1, 1, 0, 0, 0
46018, 0, 1, 1, 0, 0, 0
46019, 1, 1, 1, 0, 1, 0
46020, 3, 2, 2, 0, 3, 0
46021, 2, 1, 1, 0, 2, 0
46022, 4, 2, 2, 0, 4, 0
37913, 0, 5, 4, 1, 0, 0
49139, 0, 6, 6, 0, 0, 0
49140, 0, 2, 2, 0, 0, 0
5449, 3, 3, 3, 0, 3, 0
16539, 1, 4, 4, 0, 1, 0
20848, 5, 5, 3, 2, 5, 0
37582, 0, 3, 3, 0, 0, 0
49141, 0, 1, 1, 0, 0, 0
49142, 2, 3, 3, 0, 2, 0
49143, 0, 4, 2, 2, 0, 0
30801, 47, 2, 2, 0, 47, 0
37334, 0, 2, 2, 0, 0, 0
49144, 0, 1, 1, 0, 0, 0
49145, 0, 1, 1, 0, 0, 0
49146, 0, 1, 1, 0, 0, 0
22580, 0, 3, 0, 3, 0, 0
25916, 3, 4, 4, 0, 2, 1
49147, 0, 1, 1, 0, 0, 0
8268, 1, 11, 11, 0, 1, 0
9130, 1, 3, 3, 0, 1, 0
19720, 0, 3, 2, 1, 0, 0
24618, 0, 5, 5, 0, 0, 0
28811, 0, 3, 3, 0, 0, 0
29627, 0, 4, 3, 1, 0, 0
35088, 1, 1, 1, 0, 0, 1
35089, 2, 3, 3, 0, 2, 0
35090, 10, 3, 3, 0, 9, 1
35091, 2, 7, 5, 2, 0, 2
35093, 0, 1, 1, 0, 0, 0
35094, 1, 4, 4, 0, 1, 0
35095, 0, 3, 3, 0, 0, 0
35098, 0, 2, 2, 0, 0, 0
35099, 0, 2, 2, 0, 0, 0
35100, 0, 1, 0, 1, 0, 0
35101, 0, 1, 0, 1, 0, 0
49148, 1, 1, 1, 0, 1, 0
49149, 0, 1, 1, 0, 0, 0
16255, 17, 5, 2, 3, 16, 1
19854, 5, 2, 0, 2, 2, 3
29590, 6, 2, 2, 0, 6, 0
33383, 0, 8, 4, 4, 0, 0
49150, 7, 2, 2, 0, 7, 0
49151, 6, 2, 2, 0, 6, 0
49152, 0, 1, 1, 0, 0, 0
49153, 0, 2, 2, 0, 0, 0
49154, 0, 2, 2, 0, 0, 0
49155, 0, 3, 3, 0, 0, 0
13054, 1, 2, 1, 1, 0, 1
13131, 0, 6, 2, 4, 0, 0
20369, 2, 5, 4, 1, 2, 0
22622, 0, 4, 4, 0, 0, 0
23293, 0, 2, 1, 1, 0, 0
24091, 0, 12, 9, 3, 0, 0
30857, 0, 2, 1, 1, 0, 0
37317, 0, 5, 3, 2, 0, 0
38636, 0, 1, 1, 0, 0, 0
38637, 0, 3, 1, 2, 0, 0
38638, 5, 3, 3, 0, 5, 0
38639, 0, 1, 0, 1, 0, 0
38640, 4, 2, 1, 1, 0, 4
21678, 0, 1, 1, 0, 0, 0
21679, 0, 1, 1, 0, 0, 0
13249, 0, 4, 3, 1, 0, 0
15577, 2, 3, 3, 0, 2, 0
17268, 3, 1, 1, 0, 3, 0
18798, 37, 7, 6, 1, 28, 9
24879, 0, 6, 4, 2, 0, 0
29815, 3, 5, 5, 0, 3, 0
34172, 0, 4, 4, 0, 0, 0
41755, 24, 1, 1, 0, 24, 0
49156, 6, 2, 2, 0, 6, 0
49157, 3, 2, 1, 1, 1, 2
49158, 0, 1, 1, 0, 0, 0
49159, 0, 2, 1, 1, 0, 0
49160, 26, 1, 1, 0, 26, 0
49161, 62, 1, 1, 0, 40, 22
49162, 0, 1, 1, 0, 0, 0
49163, 0, 4, 4, 0, 0, 0
23934, 1, 5, 5, 0, 1, 0
30769, 0, 2, 2, 0, 0, 0
27543, 34, 3, 2, 1, 32, 2
14218, 0, 11, 9, 2, 0, 0
45615, 0, 5, 5, 0, 0, 0
49164, 1, 1, 1, 0, 1, 0
36959, 0, 3, 3, 0, 0, 0
49165, 1, 2, 2, 0, 1, 0
49166, 3, 4, 4, 0, 3, 0
19489, 5, 5, 4, 1, 5, 0
21628, 1, 6, 4, 2, 1, 0
23610, 0, 11, 4, 7, 0, 0
27296, 0, 2, 1, 1, 0, 0
29641, 6, 8, 5, 3, 4, 2
30045, 8, 13, 10, 3, 6, 2
32501, 16, 5, 5, 0, 15, 1
33804, 0, 8, 6, 2, 0, 0
39046, 0, 2, 1, 1, 0, 0
39059, 0, 8, 7, 1, 0, 0
40518, 20, 1, 1, 0, 20, 0
41847, 0, 2, 2, 0, 0, 0
43182, 2, 4, 4, 0, 2, 0
47022, 19, 5, 5, 0, 17, 2
49167, 0, 1, 1, 0, 0, 0
49168, 0, 2, 2, 0, 0, 0
49169, 0, 1, 1, 0, 0, 0
49170, 3, 4, 4, 0, 2, 1
49171, 0, 7, 2, 5, 0, 0
49172, 1, 1, 1, 0, 1, 0
49173, 4, 1, 1, 0, 4, 0
49174, 0, 2, 1, 1, 0, 0
49175, 0, 2, 2, 0, 0, 0
49176, 0, 2, 2, 0, 0, 0
49177, 1, 2, 1, 1, 0, 1
49178, 0, 1, 0, 1, 0, 0
49179, 2, 2, 1, 1, 2, 0
49180, 0, 1, 1, 0, 0, 0
49181, 2, 2, 0, 2, 2, 0
49182, 0, 1, 0, 1, 0, 0
6064, 7, 2, 1, 1, 7, 0
9656, 1, 7, 5, 2, 1, 0
14779, 6, 12, 7, 5, 3, 3
20035, 1, 13, 13, 0, 1, 0
20983, 0, 3, 0, 3, 0, 0
21103, 0, 5, 4, 1, 0, 0
21561, 2, 10, 4, 6, 2, 0
24266, 0, 19, 15, 4, 0, 0
24405, 0, 8, 8, 0, 0, 0
24924, 5, 4, 3, 1, 5, 0
28467, 0, 3, 2, 1, 0, 0
29838, 0, 3, 3, 0, 0, 0
29840, 0, 2, 2, 0, 0, 0
29894, 2, 6, 5, 1, 2, 0
30442, 1, 5, 2, 3, 1, 0
30587, 0, 2, 0, 2, 0, 0
34140, 1, 2, 0, 2, 1, 0
34730, 0, 4, 2, 2, 0, 0
45687, 0, 7, 5, 2, 0, 0
49183, 5, 3, 3, 0, 5, 0
49184, 0, 1, 1, 0, 0, 0
49185, 0, 6, 6, 0, 0, 0
49186, 0, 2, 1, 1, 0, 0
49187, 4, 2, 0, 2, 2, 2
49188, 0, 2, 0, 2, 0, 0
49189, 0, 2, 1, 1, 0, 0
49190, 3, 2, 1, 1, 3, 0
49191, 6, 4, 1, 3, 2, 4
49192, 0, 3, 2, 1, 0, 0
49193, 0, 1, 0, 1, 0, 0
49194, 0, 1, 0, 1, 0, 0
49195, 0, 1, 0, 1, 0, 0
49196, 0, 2, 1, 1, 0, 0
49197, 4, 1, 0, 1, 4, 0
49198, 1, 1, 0, 1, 0, 1
49199, 0, 4, 2, 2, 0, 0
49200, 0, 1, 0, 1, 0, 0
49201, 0, 2, 1, 1, 0, 0
49202, 0, 2, 1, 1, 0, 0
49203, 2, 1, 0, 1, 2, 0
49204, 0, 1, 0, 1, 0, 0
49205, 0, 1, 0, 1, 0, 0
6626, 0, 8, 8, 0, 0, 0
15034, 4, 15, 15, 0, 4, 0
19844, 0, 1, 1, 0, 0, 0
19846, 0, 1, 1, 0, 0, 0
19847, 0, 5, 5, 0, 0, 0
19848, 1, 3, 3, 0, 1, 0
19849, 0, 4, 4, 0, 0, 0
13366, 0, 6, 1, 5, 0, 0
49206, 1, 2, 2, 0, 1, 0
34113, 0, 9, 8, 1, 0, 0
10071, 12, 3, 0, 3, 2, 10
44474, 10, 2, 2, 0, 9, 1
49207, 0, 1, 1, 0, 0, 0
49208, 0, 2, 2, 0, 0, 0
49209, 5, 2, 1, 1, 5, 0
49210, 0, 2, 2, 0, 0, 0
49211, 6, 5, 2, 3, 5, 1
25533, 13, 2, 2, 0, 13, 0
33063, 0, 7, 5, 2, 0, 0
47102, 0, 5, 3, 2, 0, 0
47103, 51, 4, 4, 0, 43, 8
47104, 1, 5, 2, 3, 0, 1
47105, 0, 1, 1, 0, 0, 0
33861, 0, 9, 8, 1, 0, 0
38966, 0, 16, 16, 0, 0, 0
49212, 1, 1, 0, 1, 0, 1
49213, 0, 4, 4, 0, 0, 0
24271, 4, 4, 4, 0, 4, 0
32496, 1, 3, 2, 1, 1, 0
34185, 0, 2, 1, 1, 0, 0
49214, 0, 1, 1, 0, 0, 0
4647, 0, 1, 1, 0, 0, 0
4648, 1, 1, 1, 0, 1, 0
4649, 3, 3, 3, 0, 3, 0
4653, 0, 4, 4, 0, 0, 0
4654, 0, 3, 3, 0, 0, 0
4655, 0, 2, 2, 0, 0, 0
4656, 4, 2, 2, 0, 3, 1
4657, 4, 2, 2, 0, 2, 2
49215, 3, 2, 2, 0, 2, 1
32514, 5, 9, 9, 0, 5, 0
48189, 8, 4, 3, 1, 8, 0
49216, 3, 1, 1, 0, 1, 2
21629, 0, 4, 4, 0, 0, 0
21865, 3, 2, 2, 0, 2, 1
24619, 5, 7, 6, 1, 4, 1
49217, 0, 1, 1, 0, 0, 0
31158, 0, 7, 7, 0, 0, 0
4945, 0, 16, 14, 2, 0, 0
5293, 22, 2, 2, 0, 17, 5
13048, 0, 4, 4, 0, 0, 0
27989, 12, 5, 3, 2, 9, 3
30005, 2, 8, 7, 1, 2, 0
34074, 4, 7, 2, 5, 4, 0
38565, 0, 6, 3, 3, 0, 0
47112, 1, 8, 8, 0, 1, 0
49218, 0, 2, 2, 0, 0, 0
49219, 6, 1, 1, 0, 4, 2
49220, 0, 1, 1, 0, 0, 0
49221, 0, 1, 1, 0, 0, 0
49222, 0, 4, 4, 0, 0, 0
49223, 1, 2, 2, 0, 1, 0
49224, 0, 1, 1, 0, 0, 0
49225, 0, 3, 2, 1, 0, 0
49226, 0, 1, 1, 0, 0, 0
11683, 0, 1, 1, 0, 0, 0
11686, 0, 1, 1, 0, 0, 0
11687, 2, 3, 2, 1, 2, 0
11688, 0, 2, 1, 1, 0, 0
11689, 0, 1, 0, 1, 0, 0
45169, 0, 2, 2, 0, 0, 0
49227, 0, 1, 1, 0, 0, 0
49228, 0, 1, 0, 1, 0, 0
49229, 0, 1, 1, 0, 0, 0
49230, 0, 6, 6, 0, 0, 0
49231, 0, 2, 2, 0, 0, 0
16044, 2, 8, 8, 0, 2, 0
19753, 0, 2, 2, 0, 0, 0
28930, 0, 5, 5, 0, 0, 0
14217, 15, 2, 2, 0, 11, 4
17837, 4, 2, 2, 0, 2, 2
49232, 3, 1, 1, 0, 0, 3
4678, 0, 11, 11, 0, 0, 0
4683, 9, 22, 22, 0, 8, 1
4684, 2, 6, 6, 0, 2, 0
4690, 0, 1, 0, 1, 0, 0
9943, 0, 5, 5, 0, 0, 0
15660, 1, 2, 2, 0, 1, 0
15680, 33, 5, 5, 0, 33, 0
15686, 50, 10, 10, 0, 48, 2
15691, 64, 10, 10, 0, 61, 3
15710, 57, 11, 10, 1, 57, 0
23198, 88, 9, 9, 0, 88, 0
24059, 0, 1, 1, 0, 0, 0
24060, 0, 3, 3, 0, 0, 0
24061, 0, 1, 1, 0, 0, 0
24063, 29, 10, 2, 8, 15, 14
49233, 1, 1, 1, 0, 1, 0
20032, 0, 6, 6, 0, 0, 0
18615, 1, 15, 9, 6, 0, 1
49234, 0, 2, 2, 0, 0, 0
49236, 2, 1, 0, 1, 2, 0
41109, 3, 2, 2, 0, 3, 0
41110, 0, 2, 2, 0, 0, 0
41112, 8, 1, 1, 0, 6, 2
41113, 4, 3, 3, 0, 4, 0
41114, 5, 2, 2, 0, 5, 0
41115, 2, 1, 1, 0, 2, 0
6176, 9, 10, 8, 2, 8, 1
44305, 0, 3, 3, 0, 0, 0
46145, 0, 1, 1, 0, 0, 0
46146, 1, 1, 1, 0, 1, 0
49237, 0, 2, 2, 0, 0, 0
49238, 0, 1, 1, 0, 0, 0
36373, 7, 1, 1, 0, 6, 1
36375, 0, 1, 0, 1, 0, 0
15991, 2, 4, 3, 1, 2, 0
36395, 0, 8, 5, 3, 0, 0
45941, 0, 1, 1, 0, 0, 0
45942, 0, 6, 6, 0, 0, 0
45943, 0, 1, 1, 0, 0, 0
4701, 1, 1, 1, 0, 1, 0
4705, 0, 2, 2, 0, 0, 0
4710, 15, 3, 3, 0, 12, 3
4713, 7, 5, 4, 1, 4, 3
4717, 1, 3, 2, 1, 1, 0
4720, 0, 4, 3, 1, 0, 0
4732, 17, 3, 2, 1, 6, 11
4734, 0, 2, 2, 0, 0, 0
4737, 0, 1, 1, 0, 0, 0
4748, 1, 2, 2, 0, 1, 0
4751, 0, 5, 4, 1, 0, 0
4754, 0, 2, 1, 1, 0, 0
4764, 0, 3, 2, 1, 0, 0
4766, 0, 2, 1, 1, 0, 0
4767, 0, 1, 1, 0, 0, 0
4769, 10, 7, 7, 0, 4, 6
4770, 1, 6, 4, 2, 1, 0
4781, 4, 3, 3, 0, 3, 1
4787, 12, 3, 3, 0, 4, 8
4788, 0, 4, 2, 2, 0, 0
4795, 0, 3, 3, 0, 0, 0
4796, 0, 3, 2, 1, 0, 0
4797, 0, 8, 8, 0, 0, 0
4799, 0, 3, 3, 0, 0, 0
4808, 0, 1, 1, 0, 0, 0
4810, 0, 1, 1, 0, 0, 0
4818, 0, 3, 3, 0, 0, 0
4823, 3, 1, 1, 0, 3, 0
4827, 1, 3, 1, 2, 1, 0
29829, 10, 4, 2, 2, 10, 0
49239, 10, 3, 3, 0, 10, 0
49240, 4, 1, 1, 0, 4, 0
49241, 1, 1, 1, 0, 1, 0
49242, 0, 1, 1, 0, 0, 0
49243, 0, 1, 1, 0, 0, 0
22751, 0, 3, 3, 0, 0, 0
25355, 0, 3, 3, 0, 0, 0
33946, 2, 1, 0, 1, 2, 0
49244, 8, 3, 3, 0, 8, 0
49245, 3, 1, 1, 0, 3, 0
49246, 0, 2, 2, 0, 0, 0
41968, 1, 3, 3, 0, 1, 0
49247, 0, 1, 1, 0, 0, 0
14800, 0, 2, 2, 0, 0, 0
27365, 3, 3, 3, 0, 3, 0
16547, 0, 2, 2, 0, 0, 0
17334, 0, 5, 4, 1, 0, 0
24995, 1, 2, 2, 0, 1, 0
49248, 1, 1, 1, 0, 1, 0
30614, 10, 4, 2, 2, 5, 5
24775, 2, 4, 3, 1, 2, 0
49249, 0, 2, 2, 0, 0, 0
6120, 17, 8, 7, 1, 14, 3
13529, 2, 5, 4, 1, 1, 1
13530, 1, 4, 4, 0, 1, 0
13531, 2, 3, 3, 0, 1, 1
13536, 0, 5, 2, 3, 0, 0
13538, 0, 1, 1, 0, 0, 0
13539, 1, 10, 9, 1, 1, 0
13540, 0, 1, 1, 0, 0, 0
13545, 0, 2, 1, 1, 0, 0
13547, 0, 3, 2, 1, 0, 0
13548, 3, 3, 3, 0, 3, 0
13550, 0, 2, 2, 0, 0, 0
13551, 0, 3, 2, 1, 0, 0
13552, 0, 1, 0, 1, 0, 0
49250, 0, 1, 1, 0, 0, 0
49251, 0, 1, 1, 0, 0, 0
49252, 30, 1, 1, 0, 30, 0
49253, 0, 1, 0, 1, 0, 0
18817, 27, 13, 10, 3, 27, 0
21926, 9, 5, 5, 0, 9, 0
22470, 72, 4, 4, 0, 65, 7
23671, 1, 2, 2, 0, 1, 0
24838, 5, 5, 4, 1, 0, 5
25464, 0, 3, 2, 1, 0, 0
28799, 0, 3, 3, 0, 0, 0
31563, 17, 3, 3, 0, 15, 2
31565, 0, 1, 1, 0, 0, 0
31566, 0, 1, 1, 0, 0, 0
31568, 7, 1, 1, 0, 6, 1
31570, 0, 1, 1, 0, 0, 0
31571, 0, 1, 1, 0, 0, 0
31573, 0, 1, 1, 0, 0, 0
31574, 1, 4, 3, 1, 1, 0
31575, 0, 1, 1, 0, 0, 0
31576, 43, 4, 3, 1, 14, 29
31577, 0, 1, 1, 0, 0, 0
31578, 0, 3, 3, 0, 0, 0
31579, 1, 1, 1, 0, 1, 0
31580, 17, 1, 1, 0, 12, 5
31581, 0, 1, 1, 0, 0, 0
31582, 6, 8, 6, 2, 6, 0
7071, 0, 5, 5, 0, 0, 0
15832, 1, 2, 2, 0, 1, 0
18290, 0, 2, 2, 0, 0, 0
20038, 0, 3, 3, 0, 0, 0
20039, 0, 5, 3, 2, 0, 0
20042, 30, 3, 3, 0, 12, 18
20043, 2, 3, 2, 1, 1, 1
20044, 3, 1, 1, 0, 3, 0
20045, 0, 2, 2, 0, 0, 0
20047, 1, 12, 6, 6, 1, 0
20049, 0, 2, 1, 1, 0, 0
20050, 24, 8, 8, 0, 24, 0
20051, 3, 9, 7, 2, 1, 2
20053, 0, 4, 4, 0, 0, 0
20055, 0, 3, 3, 0, 0, 0
20057, 0, 1, 1, 0, 0, 0
20058, 33, 2, 2, 0, 29, 4
20060, 0, 1, 1, 0, 0, 0
20061, 3, 6, 2, 4, 3, 0
20066, 9, 2, 2, 0, 9, 0
20069, 0, 2, 1, 1, 0, 0
20071, 0, 2, 2, 0, 0, 0
20073, 6, 1, 1, 0, 5, 1
20074, 0, 3, 2, 1, 0, 0
20077, 0, 1, 1, 0, 0, 0
20078, 3, 3, 3, 0, 3, 0
20079, 0, 1, 1, 0, 0, 0
20081, 0, 5, 3, 2, 0, 0
20083, 3, 1, 1, 0, 3, 0
20085, 0, 1, 1, 0, 0, 0
20086, 1, 2, 2, 0, 1, 0
20087, 0, 1, 1, 0, 0, 0
20090, 11, 1, 1, 0, 10, 1
20091, 12, 7, 6, 1, 11, 1
20093, 1, 4, 2, 2, 1, 0
20094, 30, 3, 3, 0, 28, 2
20095, 0, 7, 7, 0, 0, 0
20097, 0, 1, 1, 0, 0, 0
20098, 5, 2, 2, 0, 5, 0
20101, 0, 1, 1, 0, 0, 0
20106, 1, 2, 1, 1, 1, 0
20107, 3, 3, 3, 0, 3, 0
14442, 15, 5, 3, 2, 15, 0
17057, 5, 6, 4, 2, 4, 1
20024, 3, 3, 3, 0, 3, 0
49254, 0, 2, 1, 1, 0, 0
49255, 0, 1, 1, 0, 0, 0
49256, 0, 4, 2, 2, 0, 0
49257, 2, 2, 2, 0, 2, 0
49258, 4, 3, 3, 0, 4, 0
49259, 0, 3, 3, 0, 0, 0
49260, 1, 1, 1, 0, 1, 0
49261, 0, 2, 2, 0, 0, 0
49262, 0, 2, 1, 1, 0, 0
49263, 2, 1, 1, 0, 2, 0
8306, 1, 11, 10, 1, 1, 0
11956, 18, 4, 4, 0, 15, 3
19151, 1, 3, 3, 0, 1, 0
19153, 0, 1, 0, 1, 0, 0
10179, 0, 2, 2, 0, 0, 0
12019, 2, 13, 10, 3, 2, 0
35560, 1, 7, 4, 3, 1, 0
38632, 13, 8, 5, 3, 13, 0
48604, 0, 2, 0, 2, 0, 0
49264, 0, 2, 2, 0, 0, 0
49265, 1, 1, 1, 0, 1, 0
49266, 0, 1, 1, 0, 0, 0
49267, 1, 2, 2, 0, 1, 0
49268, 7, 3, 3, 0, 7, 0
44378, 5, 1, 0, 1, 4, 1
6452, 0, 12, 12, 0, 0, 0
9317, 0, 7, 7, 0, 0, 0
10147, 16, 6, 5, 1, 15, 1
13288, 0, 7, 5, 2, 0, 0
16564, 0, 2, 2, 0, 0, 0
24281, 0, 12, 8, 4, 0, 0
28822, 0, 2, 2, 0, 0, 0
29334, 0, 8, 7, 1, 0, 0
35655, 12, 3, 2, 1, 7, 5
47597, 2, 6, 4, 2, 2, 0
49269, 0, 1, 1, 0, 0, 0
49270, 0, 2, 2, 0, 0, 0
49271, 1, 4, 3, 1, 1, 0
49272, 0, 2, 2, 0, 0, 0
49273, 0, 1, 1, 0, 0, 0
49274, 0, 1, 1, 0, 0, 0
49275, 0, 1, 1, 0, 0, 0
49276, 0, 2, 2, 0, 0, 0
49277, 0, 2, 2, 0, 0, 0
49278, 0, 1, 1, 0, 0, 0
49279, 0, 3, 3, 0, 0, 0
49280, 0, 1, 1, 0, 0, 0
49281, 18, 2, 2, 0, 18, 0
49282, 0, 1, 1, 0, 0, 0
49283, 4, 6, 5, 1, 4, 0
49284, 0, 1, 1, 0, 0, 0
49285, 1, 1, 1, 0, 1, 0
49286, 0, 3, 1, 2, 0, 0
49287, 0, 1, 0, 1, 0, 0
49288, 29, 1, 0, 1, 29, 0
34803, 2, 4, 1, 3, 2, 0
35208, 1, 10, 9, 1, 1, 0
49289, 0, 1, 0, 1, 0, 0
49290, 0, 2, 0, 2, 0, 0
49291, 0, 1, 0, 1, 0, 0
49292, 0, 1, 0, 1, 0, 0
10653, 2, 8, 7, 1, 1, 1
14074, 28, 18, 12, 6, 26, 2
15517, 0, 4, 3, 1, 0, 0
17985, 4, 4, 3, 1, 4, 0
20295, 0, 4, 1, 3, 0, 0
23287, 17, 2, 2, 0, 16, 1
25437, 0, 7, 1, 6, 0, 0
25602, 19, 7, 6, 1, 19, 0
30277, 0, 2, 2, 0, 0, 0
31170, 0, 3, 2, 1, 0, 0
33245, 5, 5, 5, 0, 5, 0
33509, 0, 2, 2, 0, 0, 0
34953, 5, 4, 4, 0, 5, 0
35627, 0, 2, 2, 0, 0, 0
37946, 10, 3, 3, 0, 10, 0
41912, 0, 2, 0, 2, 0, 0
49293, 0, 1, 1, 0, 0, 0
49294, 0, 2, 2, 0, 0, 0
49295, 0, 2, 2, 0, 0, 0
49296, 0, 1, 1, 0, 0, 0
49297, 0, 2, 1, 1, 0, 0
49298, 0, 1, 1, 0, 0, 0
49299, 2, 3, 3, 0, 2, 0
49300, 5, 1, 1, 0, 5, 0
49301, 1, 1, 1, 0, 1, 0
49302, 0, 2, 1, 1, 0, 0
49303, 0, 2, 2, 0, 0, 0
49304, 0, 4, 3, 1, 0, 0
49305, 2, 1, 1, 0, 2, 0
49306, 1, 2, 2, 0, 1, 0
49307, 10, 1, 1, 0, 8, 2
49308, 0, 2, 2, 0, 0, 0
49309, 0, 1, 1, 0, 0, 0
49310, 11, 5, 4, 1, 10, 1
49311, 0, 3, 3, 0, 0, 0
49312, 0, 4, 3, 1, 0, 0
49313, 9, 1, 1, 0, 7, 2
49314, 0, 1, 1, 0, 0, 0
49315, 0, 1, 0, 1, 0, 0
49316, 0, 1, 0, 1, 0, 0
49317, 0, 1, 0, 1, 0, 0
20652, 7, 8, 8, 0, 6, 1
29158, 0, 6, 6, 0, 0, 0
49318, 0, 1, 1, 0, 0, 0
49319, 0, 6, 6, 0, 0, 0
49320, 0, 2, 2, 0, 0, 0
33479, 0, 3, 2, 1, 0, 0
49321, 1, 2, 1, 1, 0, 1
49322, 0, 1, 1, 0, 0, 0
49323, 1, 3, 2, 1, 1, 0
29123, 3, 2, 2, 0, 3, 0
30214, 0, 9, 9, 0, 0, 0
34034, 11, 5, 5, 0, 11, 0
49324, 0, 1, 1, 0, 0, 0
49325, 0, 1, 1, 0, 0, 0
49326, 0, 1, 1, 0, 0, 0
16561, 2, 4, 4, 0, 2, 0
24010, 7, 6, 5, 1, 7, 0
49327, 0, 1, 1, 0, 0, 0
49328, 1, 1, 1, 0, 1, 0
49329, 2, 2, 1, 1, 2, 0
27148, 1, 4, 4, 0, 1, 0
27150, 0, 1, 1, 0, 0, 0
27152, 0, 2, 2, 0, 0, 0
27153, 0, 1, 1, 0, 0, 0
49330, 1, 3, 2, 1, 1, 0
34108, 0, 3, 3, 0, 0, 0
34109, 6, 4, 4, 0, 6, 0
9046, 0, 14, 7, 7, 0, 0
13472, 3, 3, 3, 0, 3, 0
14231, 1, 6, 5, 1, 1, 0
15129, 0, 21, 18, 3, 0, 0
19887, 0, 3, 2, 1, 0, 0
21403, 0, 4, 1, 3, 0, 0
24875, 3, 6, 1, 5, 1, 2
26710, 1, 12, 9, 3, 1, 0
29706, 0, 6, 4, 2, 0, 0
30566, 0, 4, 0, 4, 0, 0
34007, 12, 7, 6, 1, 11, 1
34421, 2, 4, 3, 1, 2, 0
37897, 2, 9, 9, 0, 2, 0
38833, 0, 2, 2, 0, 0, 0
38834, 0, 3, 2, 1, 0, 0
38835, 33, 2, 2, 0, 32, 1
38836, 0, 2, 2, 0, 0, 0
38837, 0, 1, 1, 0, 0, 0
38838, 0, 3, 2, 1, 0, 0
38840, 0, 1, 0, 1, 0, 0
38841, 3, 3, 2, 1, 3, 0
38842, 0, 1, 0, 1, 0, 0
38843, 0, 2, 0, 2, 0, 0
38844, 0, 3, 1, 2, 0, 0
38845, 0, 3, 2, 1, 0, 0
21313, 0, 3, 3, 0, 0, 0
25713, 0, 3, 3, 0, 0, 0
33388, 1, 3, 3, 0, 1, 0
33392, 0, 1, 1, 0, 0, 0
49331, 0, 1, 1, 0, 0, 0
17100, 7, 4, 4, 0, 7, 0
29929, 0, 3, 3, 0, 0, 0
33698, 0, 1, 1, 0, 0, 0
33699, 0, 1, 1, 0, 0, 0
33700, 3, 1, 1, 0, 2, 1
18326, 5, 12, 12, 0, 4, 1
46391, 0, 1, 1, 0, 0, 0
24798, 0, 6, 4, 2, 0, 0
49332, 1, 2, 2, 0, 1, 0
49333, 1, 3, 3, 0, 1, 0
49334, 0, 3, 3, 0, 0, 0
49335, 0, 3, 3, 0, 0, 0
49336, 4, 7, 5, 2, 4, 0
14794, 19, 4, 4, 0, 18, 1
38741, 1, 1, 1, 0, 1, 0
38742, 1, 1, 1, 0, 1, 0
38743, 1, 1, 1, 0, 1, 0
38744, 1, 1, 1, 0, 1, 0
38745, 36, 4, 3, 1, 34, 2
38746, 0, 1, 1, 0, 0, 0
38747, 0, 4, 2, 2, 0, 0
38748, 0, 3, 3, 0, 0, 0
38749, 35, 1, 1, 0, 27, 8
38750, 2, 4, 3, 1, 2, 0
17453, 0, 6, 1, 5, 0, 0
40727, 7, 1, 1, 0, 7, 0
42442, 0, 4, 4, 0, 0, 0
42443, 0, 1, 1, 0, 0, 0
39022, 1, 5, 3, 2, 0, 1
43845, 0, 1, 1, 0, 0, 0
43846, 0, 1, 1, 0, 0, 0
43847, 0, 1, 1, 0, 0, 0
43848, 0, 7, 5, 2, 0, 0
49337, 3, 1, 1, 0, 2, 1
49338, 2, 2, 2, 0, 2, 0
49339, 0, 1, 1, 0, 0, 0
49340, 0, 1, 0, 1, 0, 0
49341, 2, 2, 1, 1, 2, 0
17657, 4, 6, 6, 0, 3, 1
17659, 0, 1, 1, 0, 0, 0
17661, 1, 1, 1, 0, 1, 0
17664, 0, 1, 0, 1, 0, 0
17665, 0, 4, 2, 2, 0, 0
11701, 22, 6, 4, 2, 20, 2
17115, 4, 5, 4, 1, 4, 0
23290, 1, 3, 3, 0, 1, 0
24843, 0, 2, 2, 0, 0, 0
35276, 0, 3, 2, 1, 0, 0
37189, 4, 6, 4, 2, 4, 0
37375, 3, 5, 4, 1, 3, 0
42066, 2, 1, 1, 0, 2, 0
42067, 11, 1, 1, 0, 10, 1
42069, 0, 1, 1, 0, 0, 0
42071, 0, 1, 1, 0, 0, 0
42072, 0, 1, 1, 0, 0, 0
37699, 2, 6, 5, 1, 2, 0
14344, 11, 5, 4, 1, 10, 1
17309, 26, 8, 7, 1, 21, 5
49342, 0, 1, 1, 0, 0, 0
49343, 0, 2, 2, 0, 0, 0
49344, 0, 1, 1, 0, 0, 0
49345, 0, 1, 0, 1, 0, 0
49346, 4, 2, 2, 0, 4, 0
49347, 0, 1, 1, 0, 0, 0
49348, 1, 2, 2, 0, 1, 0
49349, 2, 2, 2, 0, 2, 0
18057, 4, 14, 13, 1, 4, 0
21921, 0, 2, 2, 0, 0, 0
23225, 0, 5, 5, 0, 0, 0
49350, 16, 12, 12, 0, 16, 0
37123, 0, 4, 4, 0, 0, 0
26413, 0, 6, 3, 3, 0, 0
49351, 0, 1, 1, 0, 0, 0
13720, 8, 3, 3, 0, 8, 0
13721, 4, 4, 4, 0, 4, 0
21796, 15, 8, 7, 1, 10, 5
33638, 0, 1, 1, 0, 0, 0
33639, 0, 1, 1, 0, 0, 0
33640, 0, 1, 1, 0, 0, 0
33642, 0, 1, 1, 0, 0, 0
9017, 50, 7, 2, 5, 35, 15
10266, 9, 2, 0, 2, 9, 0
14164, 5, 3, 1, 2, 2, 3
16943, 0, 4, 0, 4, 0, 0
18610, 1, 2, 1, 1, 1, 0
19028, 0, 6, 4, 2, 0, 0
19116, 5, 2, 0, 2, 0, 5
26286, 0, 2, 2, 0, 0, 0
27744, 0, 4, 2, 2, 0, 0
29194, 0, 3, 1, 2, 0, 0
30332, 0, 3, 2, 1, 0, 0
30525, 0, 3, 0, 3, 0, 0
30531, 0, 4, 0, 4, 0, 0
30856, 0, 2, 2, 0, 0, 0
30858, 24, 9, 7, 2, 16, 8
30861, 0, 1, 1, 0, 0, 0
30862, 0, 5, 4, 1, 0, 0
30864, 50, 3, 3, 0, 40, 10
30867, 4, 3, 3, 0, 4, 0
30868, 6, 1, 1, 0, 6, 0
30869, 0, 1, 1, 0, 0, 0
30871, 0, 1, 1, 0, 0, 0
30872, 1, 5, 5, 0, 0, 1
30873, 0, 1, 0, 1, 0, 0
30874, 0, 2, 1, 1, 0, 0
30875, 0, 1, 0, 1, 0, 0
30878, 0, 1, 0, 1, 0, 0
30879, 0, 3, 0, 3, 0, 0
30880, 0, 1, 0, 1, 0, 0
30881, 5, 5, 2, 3, 1, 4
30882, 0, 8, 6, 2, 0, 0
30884, 0, 1, 0, 1, 0, 0
30886, 0, 4, 1, 3, 0, 0
30887, 0, 3, 2, 1, 0, 0
30888, 0, 8, 2, 6, 0, 0
30889, 0, 3, 2, 1, 0, 0
30890, 0, 1, 0, 1, 0, 0
30891, 0, 1, 0, 1, 0, 0
30892, 0, 2, 0, 2, 0, 0
30893, 0, 1, 0, 1, 0, 0
30894, 0, 3, 1, 2, 0, 0
30895, 0, 2, 0, 2, 0, 0
30897, 0, 1, 0, 1, 0, 0
30898, 25, 7, 0, 7, 10, 15
30899, 0, 3, 2, 1, 0, 0
30900, 0, 1, 0, 1, 0, 0
30901, 0, 1, 0, 1, 0, 0
30902, 1, 1, 0, 1, 1, 0
30904, 1, 1, 0, 1, 1, 0
30905, 22, 1, 0, 1, 20, 2
14534, 1, 1, 1, 0, 1, 0
14538, 8, 13, 5, 8, 8, 0
9556, 0, 10, 3, 7, 0, 0
14567, 2, 6, 6, 0, 2, 0
18237, 4, 4, 4, 0, 4, 0
19874, 2, 2, 2, 0, 2, 0
19876, 10, 33, 5, 28, 7, 3
19878, 12, 8, 7, 1, 12, 0
19880, 0, 2, 1, 1, 0, 0
26880, 0, 11, 10, 1, 0, 0
49352, 2, 3, 2, 1, 2, 0
49353, 0, 2, 2, 0, 0, 0
49354, 1, 1, 1, 0, 1, 0
26876, 2, 2, 1, 1, 1, 1
35185, 0, 4, 4, 0, 0, 0
49355, 0, 1, 1, 0, 0, 0
29882, 1, 3, 1, 2, 1, 0
10106, 0, 3, 0, 3, 0, 0
49360, 0, 1, 1, 0, 0, 0
49361, 0, 1, 1, 0, 0, 0
49362, 0, 1, 0, 1, 0, 0
49363, 0, 3, 1, 2, 0, 0
49364, 0, 1, 1, 0, 0, 0
49365, 0, 1, 0, 1, 0, 0
33118, 1, 1, 1, 0, 1, 0
49366, 0, 1, 1, 0, 0, 0
8725, 12, 13, 11, 2, 10, 2
30245, 0, 9, 5, 4, 0, 0
49367, 3, 3, 3, 0, 3, 0
49368, 5, 3, 3, 0, 3, 2
49369, 0, 3, 2, 1, 0, 0
49370, 0, 1, 1, 0, 0, 0
49371, 1, 3, 2, 1, 1, 0
9337, 0, 12, 12, 0, 0, 0
18970, 0, 3, 3, 0, 0, 0
20651, 8, 4, 4, 0, 7, 1
22372, 0, 3, 3, 0, 0, 0
24854, 0, 4, 4, 0, 0, 0
26301, 1, 5, 5, 0, 1, 0
26302, 0, 1, 1, 0, 0, 0
26304, 0, 1, 1, 0, 0, 0
26306, 0, 1, 1, 0, 0, 0
26308, 8, 3, 3, 0, 7, 1
26309, 6, 1, 1, 0, 3, 3
26310, 1, 2, 2, 0, 1, 0
26313, 1, 4, 4, 0, 1, 0
26315, 0, 1, 1, 0, 0, 0
26316, 0, 1, 1, 0, 0, 0
26317, 2, 1, 1, 0, 1, 1
26318, 0, 2, 2, 0, 0, 0
26319, 1, 2, 2, 0, 1, 0
26320, 1, 2, 2, 0, 1, 0
26321, 0, 2, 1, 1, 0, 0
26322, 0, 1, 1, 0, 0, 0
5282, 1, 4, 4, 0, 0, 1
13148, 0, 6, 5, 1, 0, 0
13398, 36, 10, 9, 1, 15, 21
15230, 1, 7, 6, 1, 1, 0
18998, 1, 6, 5, 1, 1, 0
19229, 13, 9, 9, 0, 13, 0
20981, 4, 5, 3, 2, 4, 0
21363, 0, 3, 2, 1, 0, 0
24537, 0, 2, 2, 0, 0, 0
25876, 14, 4, 4, 0, 3, 11
25878, 0, 2, 2, 0, 0, 0
25879, 0, 2, 2, 0, 0, 0
25880, 0, 1, 1, 0, 0, 0
25881, 40, 3, 3, 0, 27, 13
25888, 1, 3, 1, 2, 1, 0
25891, 0, 2, 1, 1, 0, 0
25892, 2, 1, 0, 1, 1, 1
11518, 8, 6, 5, 1, 8, 0
19491, 6, 3, 3, 0, 6, 0
21437, 0, 4, 3, 1, 0, 0
21488, 29, 7, 7, 0, 23, 6
29160, 0, 4, 4, 0, 0, 0
29490, 0, 4, 4, 0, 0, 0
30043, 1, 5, 3, 2, 1, 0
38303, 4, 3, 3, 0, 1, 3
41668, 1, 6, 4, 2, 1, 0
45190, 1, 2, 1, 1, 1, 0
46253, 0, 3, 2, 1, 0, 0
49508, 0, 2, 2, 0, 0, 0
49509, 0, 2, 2, 0, 0, 0
49510, 4, 2, 2, 0, 3, 1
49511, 31, 3, 3, 0, 21, 10
49512, 0, 1, 1, 0, 0, 0
49513, 0, 1, 1, 0, 0, 0
49514, 0, 2, 0, 2, 0, 0
49515, 4, 1, 0, 1, 4, 0
49516, 0, 1, 0, 1, 0, 0
10665, 26, 10, 8, 2, 14, 12
43659, 4, 2, 2, 0, 4, 0
49517, 2, 3, 2, 1, 2, 0
32572, 0, 13, 13, 0, 0, 0
49518, 1, 1, 1, 0, 1, 0
29779, 3, 10, 5, 5, 3, 0
32506, 1, 5, 5, 0, 1, 0
49519, 7, 3, 1, 2, 7, 0
49520, 6, 5, 5, 0, 6, 0
35464, 0, 3, 3, 0, 0, 0
49521, 0, 1, 1, 0, 0, 0
49522, 0, 1, 1, 0, 0, 0
49523, 0, 1, 1, 0, 0, 0
7160, 1, 4, 4, 0, 1, 0
13789, 1, 3, 3, 0, 1, 0
14583, 0, 5, 3, 2, 0, 0
14766, 0, 4, 3, 1, 0, 0
14767, 0, 6, 3, 3, 0, 0
14768, 0, 6, 6, 0, 0, 0
14771, 0, 1, 1, 0, 0, 0
14772, 64, 3, 3, 0, 59, 5
14773, 1, 2, 2, 0, 1, 0
14775, 4, 1, 1, 0, 4, 0
14776, 0, 2, 2, 0, 0, 0
14777, 1, 4, 3, 1, 1, 0
14778, 0, 3, 2, 1, 0, 0
14780, 2, 6, 6, 0, 2, 0
14781, 40, 8, 8, 0, 40, 0
14784, 0, 7, 6, 1, 0, 0
14785, 11, 4, 3, 1, 10, 1
14788, 0, 5, 4, 1, 0, 0
14789, 0, 1, 1, 0, 0, 0
14791, 0, 3, 3, 0, 0, 0
14797, 65, 1, 1, 0, 61, 4
14798, 0, 3, 3, 0, 0, 0
14801, 4, 2, 2, 0, 4, 0
14804, 1, 2, 2, 0, 1, 0
14806, 0, 1, 1, 0, 0, 0
14808, 1, 2, 2, 0, 0, 1
14812, 2, 6, 3, 3, 2, 0
14813, 2, 1, 1, 0, 2, 0
14816, 16, 9, 8, 1, 7, 9
14818, 0, 3, 3, 0, 0, 0
14823, 7, 5, 5, 0, 5, 2
14826, 0, 1, 1, 0, 0, 0
14829, 2, 2, 2, 0, 2, 0
14832, 0, 1, 1, 0, 0, 0
14839, 0, 1, 0, 1, 0, 0
29626, 1, 3, 1, 2, 1, 0
34033, 12, 3, 3, 0, 12, 0
46989, 68, 5, 5, 0, 68, 0
49524, 29, 1, 1, 0, 19, 10
49525, 0, 2, 2, 0, 0, 0
49526, 26, 2, 1, 1, 18, 8
49527, 10, 4, 4, 0, 8, 2
49528, 0, 1, 1, 0, 0, 0
49529, 1, 1, 1, 0, 1, 0
49530, 4, 2, 2, 0, 4, 0
49531, 9, 1, 1, 0, 9, 0
49532, 3, 1, 1, 0, 3, 0
49533, 1, 1, 1, 0, 1, 0
9709, 9, 5, 3, 2, 3, 6
19351, 3, 6, 6, 0, 3, 0
19352, 0, 5, 5, 0, 0, 0
19353, 15, 2, 1, 1, 6, 9
19357, 0, 2, 0, 2, 0, 0
19358, 0, 4, 2, 2, 0, 0
19359, 2, 3, 1, 2, 1, 1
19362, 33, 4, 2, 2, 32, 1
49534, 1, 1, 1, 0, 1, 0
49535, 2, 2, 2, 0, 2, 0
49536, 0, 2, 2, 0, 0, 0
31155, 0, 2, 2, 0, 0, 0
49537, 0, 2, 2, 0, 0, 0
49538, 0, 2, 2, 0, 0, 0
49539, 11, 5, 5, 0, 11, 0
49540, 2, 1, 1, 0, 2, 0
7144, 0, 3, 2, 1, 0, 0
10915, 0, 3, 2, 1, 0, 0
19479, 0, 3, 3, 0, 0, 0
24343, 7, 5, 5, 0, 7, 0
24344, 0, 1, 1, 0, 0, 0
24345, 27, 6, 6, 0, 25, 2
24346, 6, 5, 5, 0, 6, 0
24347, 9, 4, 4, 0, 8, 1
24352, 1, 4, 0, 4, 0, 1
24353, 0, 2, 0, 2, 0, 0
24354, 0, 3, 2, 1, 0, 0
24358, 0, 1, 0, 1, 0, 0
24359, 0, 4, 2, 2, 0, 0
24361, 0, 1, 0, 1, 0, 0
24362, 1, 6, 2, 4, 1, 0
24365, 6, 6, 5, 1, 6, 0
24367, 0, 1, 0, 1, 0, 0
24368, 0, 9, 8, 1, 0, 0
24371, 0, 1, 0, 1, 0, 0
17089, 14, 2, 2, 0, 13, 1
19959, 27, 4, 3, 1, 26, 1
22593, 40, 4, 3, 1, 40, 0
30570, 18, 3, 2, 1, 18, 0
34436, 8, 1, 1, 0, 8, 0
35214, 26, 4, 4, 0, 23, 3
35215, 0, 1, 1, 0, 0, 0
35216, 9, 1, 1, 0, 9, 0
35217, 2, 1, 1, 0, 2, 0
35218, 2, 6, 3, 3, 2, 0
35220, 0, 2, 1, 1, 0, 0
35222, 14, 1, 1, 0, 14, 0
35223, 0, 1, 1, 0, 0, 0
35224, 61, 9, 5, 4, 53, 8
35225, 0, 2, 1, 1, 0, 0
35226, 2, 2, 2, 0, 2, 0
27389, 0, 3, 3, 0, 0, 0
49541, 0, 3, 3, 0, 0, 0
49542, 3, 3, 1, 2, 3, 0
49543, 0, 4, 3, 1, 0, 0
49544, 0, 1, 1, 0, 0, 0
25192, 0, 6, 2, 4, 0, 0
7508, 1, 2, 2, 0, 0, 1
7512, 0, 5, 5, 0, 0, 0
7513, 0, 2, 2, 0, 0, 0
27198, 0, 1, 1, 0, 0, 0
27199, 0, 1, 1, 0, 0, 0
49545, 1, 1, 0, 1, 1, 0
49546, 0, 2, 2, 0, 0, 0
49547, 0, 1, 1, 0, 0, 0
49548, 0, 1, 1, 0, 0, 0
49549, 2, 1, 1, 0, 2, 0
49550, 3, 2, 2, 0, 3, 0
49551, 0, 2, 2, 0, 0, 0
17430, 1, 3, 1, 2, 0, 1
19434, 15, 3, 3, 0, 15, 0
21238, 14, 2, 2, 0, 11, 3
22914, 1, 4, 4, 0, 1, 0
27641, 8, 4, 4, 0, 8, 0
28557, 0, 7, 6, 1, 0, 0
32538, 13, 7, 7, 0, 12, 1
33264, 0, 5, 4, 1, 0, 0
35536, 19, 4, 3, 1, 14, 5
35842, 15, 1, 1, 0, 15, 0
46264, 5, 4, 1, 3, 4, 1
49552, 0, 1, 1, 0, 0, 0
49553, 8, 2, 2, 0, 8, 0
49554, 19, 1, 1, 0, 15, 4
49555, 0, 1, 1, 0, 0, 0
49556, 0, 3, 3, 0, 0, 0
49557, 14, 1, 1, 0, 12, 2
49558, 3, 2, 2, 0, 3, 0
22062, 0, 10, 10, 0, 0, 0
49559, 0, 1, 1, 0, 0, 0
6417, 0, 5, 5, 0, 0, 0
19413, 0, 1, 1, 0, 0, 0
19414, 4, 3, 3, 0, 4, 0
19419, 0, 3, 3, 0, 0, 0
19421, 1, 3, 1, 2, 0, 1
19422, 0, 2, 2, 0, 0, 0
19423, 0, 1, 1, 0, 0, 0
19424, 67, 3, 3, 0, 46, 21
19426, 0, 1, 1, 0, 0, 0
19430, 0, 2, 2, 0, 0, 0
19431, 0, 1, 1, 0, 0, 0
19433, 0, 1, 1, 0, 0, 0
19435, 0, 5, 5, 0, 0, 0
19437, 0, 1, 1, 0, 0, 0
19439, 1, 1, 1, 0, 1, 0
19440, 2, 2, 2, 0, 2, 0
19441, 1, 10, 10, 0, 1, 0
19443, 1, 9, 9, 0, 1, 0
19444, 0, 3, 1, 2, 0, 0
19446, 3, 4, 1, 3, 2, 1
19448, 0, 1, 0, 1, 0, 0
19452, 0, 7, 0, 7, 0, 0
19453, 0, 1, 0, 1, 0, 0
19454, 0, 1, 0, 1, 0, 0
19456, 0, 1, 0, 1, 0, 0
4888, 0, 1, 1, 0, 0, 0
4889, 0, 1, 1, 0, 0, 0
4893, 0, 1, 1, 0, 0, 0
19858, 1, 8, 8, 0, 0, 1
35593, 7, 2, 2, 0, 6, 1
45923, 0, 2, 1, 1, 0, 0
49601, 0, 3, 3, 0, 0, 0
47615, 64, 5, 3, 2, 24, 40
49602, 7, 2, 1, 1, 4, 3
4895, 5, 6, 6, 0, 1, 4
4903, 8, 7, 6, 1, 7, 1
4909, 3, 2, 2, 0, 1, 2
4916, 5, 4, 4, 0, 5, 0
4922, 44, 4, 4, 0, 44, 0
4927, 0, 4, 3, 1, 0, 0
4932, 5, 7, 7, 0, 5, 0
4933, 5, 5, 5, 0, 5, 0
4934, 0, 5, 5, 0, 0, 0
4936, 6, 15, 15, 0, 6, 0
4947, 0, 6, 5, 1, 0, 0
4953, 0, 6, 5, 1, 0, 0
4967, 0, 3, 2, 1, 0, 0
49607, 0, 1, 1, 0, 0, 0
49608, 1, 1, 1, 0, 1, 0
49609, 0, 1, 1, 0, 0, 0
49610, 1, 1, 1, 0, 1, 0
49611, 0, 2, 2, 0, 0, 0
20184, 0, 2, 0, 2, 0, 0
31055, 0, 11, 3, 8, 0, 0
49389, 0, 8, 8, 0, 0, 0
49612, 0, 1, 0, 1, 0, 0
49613, 0, 1, 1, 0, 0, 0
39047, 0, 14, 7, 7, 0, 0
49614, 0, 4, 4, 0, 0, 0
49615, 0, 1, 1, 0, 0, 0
49616, 1, 4, 4, 0, 1, 0
12727, 0, 3, 3, 0, 0, 0
49617, 0, 3, 3, 0, 0, 0
49618, 1, 1, 1, 0, 1, 0
31223, 3, 4, 4, 0, 3, 0
32429, 3, 2, 2, 0, 3, 0
48168, 15, 6, 6, 0, 15, 0
49619, 5, 9, 8, 1, 5, 0
49620, 0, 1, 1, 0, 0, 0
49621, 0, 1, 1, 0, 0, 0
49622, 1, 1, 1, 0, 0, 1
49623, 0, 1, 1, 0, 0, 0
49624, 0, 2, 1, 1, 0, 0
49625, 0, 1, 1, 0, 0, 0
49626, 0, 3, 2, 1, 0, 0
49627, 5, 2, 2, 0, 5, 0
49628, 2, 4, 2, 2, 1, 1
49629, 1, 1, 1, 0, 0, 1
31439, 0, 4, 3, 1, 0, 0
37413, 0, 3, 3, 0, 0, 0
49630, 0, 1, 1, 0, 0, 0
49631, 0, 4, 4, 0, 0, 0
49632, 33, 1, 1, 0, 33, 0
27832, 0, 8, 6, 2, 0, 0
49633, 0, 1, 1, 0, 0, 0
49634, 0, 1, 1, 0, 0, 0
49635, 0, 1, 1, 0, 0, 0
49636, 4, 1, 1, 0, 2, 2
49637, 1, 1, 1, 0, 0, 1
49638, 0, 2, 2, 0, 0, 0
49639, 36, 2, 0, 2, 0, 36
49640, 0, 2, 1, 1, 0, 0
38518, 5, 4, 4, 0, 5, 0
49641, 0, 2, 1, 1, 0, 0
49642, 0, 1, 1, 0, 0, 0
49643, 0, 1, 1, 0, 0, 0
49644, 0, 6, 6, 0, 0, 0
49645, 0, 1, 0, 1, 0, 0
21050, 25, 6, 6, 0, 24, 1
29867, 1, 11, 8, 3, 1, 0
29984, 0, 5, 1, 4, 0, 0
34148, 0, 2, 2, 0, 0, 0
36908, 0, 8, 4, 4, 0, 0
41898, 0, 2, 2, 0, 0, 0
49591, 2, 4, 2, 2, 2, 0
49646, 0, 2, 2, 0, 0, 0
49647, 3, 1, 0, 1, 2, 1
13856, 0, 3, 3, 0, 0, 0
31198, 2, 3, 2, 1, 1, 1
33329, 12, 4, 4, 0, 5, 7
49430, 0, 7, 5, 2, 0, 0
49465, 13, 1, 1, 0, 13, 0
49466, 0, 1, 1, 0, 0, 0
49467, 0, 1, 1, 0, 0, 0
49468, 0, 2, 2, 0, 0, 0
49469, 0, 1, 1, 0, 0, 0
49470, 0, 1, 1, 0, 0, 0
26844, 0, 8, 6, 2, 0, 0
31041, 1, 4, 2, 2, 1, 0
49648, 1, 1, 1, 0, 1, 0
21331, 0, 3, 3, 0, 0, 0
29282, 35, 8, 8, 0, 28, 7
35718, 4, 1, 1, 0, 0, 4
17169, 14, 8, 7, 1, 14, 0
17955, 0, 3, 0, 3, 0, 0
23267, 35, 2, 2, 0, 35, 0
44773, 0, 6, 5, 1, 0, 0
44837, 2, 2, 2, 0, 2, 0
49649, 0, 1, 1, 0, 0, 0
49650, 0, 1, 1, 0, 0, 0
49651, 0, 1, 1, 0, 0, 0
49652, 1, 2, 1, 1, 1, 0
49653, 0, 1, 0, 1, 0, 0
38527, 0, 3, 3, 0, 0, 0
24907, 35, 8, 7, 1, 32, 3
30102, 1, 3, 3, 0, 1, 0
36345, 0, 3, 2, 1, 0, 0
39182, 8, 3, 1, 2, 7, 1
49654, 0, 1, 1, 0, 0, 0
41842, 0, 3, 2, 1, 0, 0
49655, 1, 2, 2, 0, 1, 0
49656, 5, 3, 3, 0, 5, 0
26288, 2, 4, 2, 2, 2, 0
41116, 4, 2, 1, 1, 4, 0
41117, 0, 1, 1, 0, 0, 0
41119, 0, 1, 1, 0, 0, 0
41120, 0, 1, 1, 0, 0, 0
41121, 0, 1, 1, 0, 0, 0
41122, 0, 1, 1, 0, 0, 0
49657, 0, 3, 2, 1, 0, 0
12424, 0, 3, 3, 0, 0, 0
23183, 0, 3, 1, 2, 0, 0
28553, 0, 4, 4, 0, 0, 0
38519, 18, 2, 2, 0, 18, 0
38521, 1, 2, 2, 0, 1, 0
38522, 2, 4, 4, 0, 2, 0
38523, 0, 1, 1, 0, 0, 0
38524, 0, 5, 4, 1, 0, 0
38525, 0, 2, 2, 0, 0, 0
38526, 0, 11, 10, 1, 0, 0
38528, 0, 1, 1, 0, 0, 0
43053, 1, 4, 4, 0, 1, 0
24591, 0, 5, 5, 0, 0, 0
25305, 11, 4, 4, 0, 10, 1
45745, 0, 5, 5, 0, 0, 0
45747, 0, 5, 5, 0, 0, 0
49658, 41, 5, 5, 0, 39, 2
49659, 0, 3, 2, 1, 0, 0
49660, 8, 3, 3, 0, 8, 0
49661, 0, 7, 7, 0, 0, 0
30582, 0, 3, 3, 0, 0, 0
49662, 8, 2, 2, 0, 8, 0
9111, 2, 5, 5, 0, 2, 0
15165, 0, 6, 6, 0, 0, 0
19303, 2, 3, 2, 1, 2, 0
26441, 0, 6, 6, 0, 0, 0
29154, 0, 1, 1, 0, 0, 0
29155, 0, 1, 1, 0, 0, 0
29157, 18, 1, 1, 0, 15, 3
29159, 0, 6, 5, 1, 0, 0
29161, 0, 2, 2, 0, 0, 0
29163, 88, 6, 5, 1, 73, 15
29164, 0, 2, 2, 0, 0, 0
29169, 1, 2, 2, 0, 1, 0
29172, 0, 3, 1, 2, 0, 0
29175, 1, 2, 2, 0, 1, 0
29176, 21, 5, 3, 2, 19, 2
29177, 39, 1, 1, 0, 36, 3
29178, 41, 5, 4, 1, 32, 9
29179, 0, 1, 1, 0, 0, 0
29180, 0, 2, 2, 0, 0, 0
49663, 0, 2, 2, 0, 0, 0
49664, 0, 3, 3, 0, 0, 0
49665, 1, 1, 1, 0, 1, 0
49666, 1, 2, 1, 1, 0, 1
49667, 11, 1, 0, 1, 8, 3
10672, 0, 2, 1, 1, 0, 0
21853, 6, 7, 7, 0, 6, 0
29597, 0, 4, 4, 0, 0, 0
30596, 11, 2, 1, 1, 5, 6
30598, 0, 3, 1, 2, 0, 0
30599, 2, 2, 2, 0, 2, 0
30600, 0, 1, 1, 0, 0, 0
30602, 4, 10, 10, 0, 4, 0
30603, 0, 6, 4, 2, 0, 0
30605, 0, 2, 2, 0, 0, 0
30611, 0, 1, 1, 0, 0, 0
30613, 0, 2, 1, 1, 0, 0
30615, 0, 1, 1, 0, 0, 0
30616, 0, 2, 2, 0, 0, 0
30617, 4, 2, 2, 0, 3, 1
30619, 82, 2, 2, 0, 64, 18
30622, 54, 4, 3, 1, 49, 5
14213, 0, 6, 4, 2, 0, 0
33472, 4, 9, 9, 0, 4, 0
34812, 2, 8, 0, 8, 1, 1
42488, 0, 1, 1, 0, 0, 0
42489, 0, 3, 2, 1, 0, 0
42490, 2, 4, 4, 0, 2, 0
42491, 0, 1, 1, 0, 0, 0
42492, 0, 1, 1, 0, 0, 0
42494, 0, 2, 0, 2, 0, 0
15063, 0, 5, 5, 0, 0, 0
49668, 0, 2, 2, 0, 0, 0
49669, 22, 1, 1, 0, 17, 5
49670, 0, 4, 4, 0, 0, 0
49671, 5, 5, 4, 1, 5, 0
5807, 8, 18, 12, 6, 8, 0
7213, 0, 3, 3, 0, 0, 0
14301, 5, 8, 8, 0, 5, 0
19719, 0, 3, 1, 2, 0, 0
19949, 8, 5, 4, 1, 3, 5
24846, 0, 5, 4, 1, 0, 0
25504, 13, 3, 3, 0, 10, 3
26972, 0, 8, 4, 4, 0, 0
27378, 7, 3, 1, 2, 1, 6
47185, 1, 2, 1, 1, 0, 1
49560, 0, 5, 1, 4, 0, 0
49672, 0, 1, 1, 0, 0, 0
49673, 0, 2, 2, 0, 0, 0
49674, 2, 2, 2, 0, 2, 0
49675, 2, 1, 1, 0, 2, 0
49676, 0, 1, 1, 0, 0, 0
49677, 2, 3, 3, 0, 1, 1
49678, 0, 1, 1, 0, 0, 0
49679, 6, 2, 1, 1, 1, 5
49680, 0, 1, 1, 0, 0, 0
49681, 0, 1, 1, 0, 0, 0
49682, 0, 1, 1, 0, 0, 0
49683, 4, 2, 2, 0, 4, 0
49684, 0, 1, 0, 1, 0, 0
49685, 0, 1, 0, 1, 0, 0
49686, 0, 1, 0, 1, 0, 0
49687, 1, 3, 2, 1, 1, 0
49688, 0, 2, 0, 2, 0, 0
49689, 0, 1, 0, 1, 0, 0
49690, 0, 1, 0, 1, 0, 0
5886, 0, 2, 2, 0, 0, 0
24565, 0, 15, 15, 0, 0, 0
49691, 5, 4, 4, 0, 5, 0
49692, 2, 4, 4, 0, 1, 1
49693, 1, 1, 1, 0, 0, 1
4970, 27, 2, 2, 0, 19, 8
4971, 8, 4, 4, 0, 7, 1
4972, 0, 2, 2, 0, 0, 0
4973, 0, 2, 2, 0, 0, 0
4979, 0, 1, 1, 0, 0, 0
4983, 1, 1, 0, 1, 1, 0
4984, 0, 1, 0, 1, 0, 0
29321, 11, 1, 1, 0, 10, 1
29322, 0, 2, 2, 0, 0, 0
49694, 4, 1, 1, 0, 4, 0
49695, 1, 3, 3, 0, 1, 0
49696, 2, 2, 2, 0, 2, 0
15164, 3, 5, 5, 0, 3, 0
49697, 2, 1, 1, 0, 2, 0
49698, 0, 1, 1, 0, 0, 0
49699, 1, 1, 1, 0, 0, 1
49700, 2, 2, 2, 0, 2, 0
49701, 0, 1, 1, 0, 0, 0
49702, 0, 1, 1, 0, 0, 0
49703, 0, 2, 2, 0, 0, 0
49704, 1, 1, 1, 0, 1, 0
28534, 1, 6, 5, 1, 1, 0
49705, 0, 1, 1, 0, 0, 0
49706, 1, 3, 3, 0, 1, 0
49707, 18, 1, 1, 0, 7, 11
49708, 17, 2, 2, 0, 6, 11
20539, 0, 10, 9, 1, 0, 0
49709, 0, 2, 2, 0, 0, 0
24830, 0, 1, 1, 0, 0, 0
24831, 0, 11, 11, 0, 0, 0
24833, 0, 1, 1, 0, 0, 0
24835, 0, 7, 4, 3, 0, 0
24837, 0, 1, 1, 0, 0, 0
24840, 1, 4, 3, 1, 1, 0
24841, 0, 3, 3, 0, 0, 0
24842, 0, 1, 1, 0, 0, 0
24844, 0, 3, 3, 0, 0, 0
24845, 0, 1, 1, 0, 0, 0
24847, 0, 2, 1, 1, 0, 0
12374, 1, 3, 3, 0, 1, 0
15301, 4, 9, 3, 6, 4, 0
16340, 0, 2, 2, 0, 0, 0
18321, 8, 4, 4, 0, 6, 2
19282, 4, 7, 6, 1, 4, 0
21152, 0, 6, 4, 2, 0, 0
27081, 1, 13, 10, 3, 0, 1
29696, 0, 3, 1, 2, 0, 0
32856, 0, 3, 2, 1, 0, 0
34852, 0, 4, 2, 2, 0, 0
37394, 3, 5, 5, 0, 2, 1
49710, 0, 1, 1, 0, 0, 0
49711, 1, 1, 1, 0, 0, 1
49712, 0, 3, 3, 0, 0, 0
49713, 0, 3, 2, 1, 0, 0
49714, 0, 1, 1, 0, 0, 0
49715, 0, 1, 1, 0, 0, 0
49716, 1, 1, 1, 0, 1, 0
49717, 0, 1, 1, 0, 0, 0
49718, 0, 1, 0, 1, 0, 0
49719, 8, 4, 2, 2, 5, 3
49720, 1, 1, 0, 1, 1, 0
49721, 0, 2, 1, 1, 0, 0
49722, 0, 1, 0, 1, 0, 0
49723, 0, 1, 0, 1, 0, 0
49724, 6, 4, 3, 1, 5, 1
49725, 2, 1, 0, 1, 2, 0
49726, 0, 2, 1, 1, 0, 0
49727, 0, 1, 0, 1, 0, 0
49728, 0, 1, 0, 1, 0, 0
49729, 0, 1, 0, 1, 0, 0
49730, 0, 1, 0, 1, 0, 0
49731, 0, 2, 1, 1, 0, 0
49732, 0, 1, 0, 1, 0, 0
49733, 0, 2, 1, 1, 0, 0
49734, 1, 1, 0, 1, 1, 0
49735, 0, 1, 0, 1, 0, 0
9592, 2, 5, 4, 1, 1, 1
49736, 52, 2, 1, 1, 27, 25
32594, 0, 8, 8, 0, 0, 0
49737, 1, 1, 1, 0, 1, 0
12499, 15, 5, 4, 1, 14, 1
49738, 0, 2, 1, 1, 0, 0
49739, 1, 1, 1, 0, 1, 0
49740, 0, 5, 5, 0, 0, 0
15081, 11, 11, 10, 1, 10, 1
15082, 0, 1, 1, 0, 0, 0
15083, 1, 1, 1, 0, 1, 0
15087, 1, 1, 1, 0, 1, 0
15088, 7, 1, 1, 0, 7, 0
49741, 1, 1, 1, 0, 1, 0
49742, 2, 1, 1, 0, 2, 0
49743, 1, 1, 1, 0, 1, 0
45999, 4, 4, 4, 0, 4, 0
49744, 0, 1, 1, 0, 0, 0
49745, 0, 2, 1, 1, 0, 0
49746, 0, 1, 1, 0, 0, 0
49747, 0, 1, 1, 0, 0, 0
49748, 0, 1, 1, 0, 0, 0
49749, 0, 2, 2, 0, 0, 0
49750, 0, 1, 1, 0, 0, 0
49751, 0, 2, 1, 1, 0, 0
49752, 0, 1, 1, 0, 0, 0
49753, 1, 2, 2, 0, 1, 0
49754, 5, 1, 1, 0, 5, 0
45901, 0, 4, 2, 2, 0, 0
49755, 1, 1, 1, 0, 0, 1
49756, 10, 2, 2, 0, 10, 0
49757, 1, 1, 1, 0, 1, 0
44207, 0, 1, 1, 0, 0, 0
33230, 33, 1, 1, 0, 33, 0
49758, 0, 1, 1, 0, 0, 0
49759, 0, 1, 1, 0, 0, 0
28785, 12, 5, 5, 0, 12, 0
49760, 3, 1, 1, 0, 3, 0
49761, 3, 1, 1, 0, 3, 0
18077, 0, 3, 2, 1, 0, 0
44168, 0, 2, 2, 0, 0, 0
49762, 0, 1, 0, 1, 0, 0
49763, 1, 2, 2, 0, 1, 0
5125, 0, 16, 5, 11, 0, 0
9689, 7, 4, 2, 2, 3, 4
21916, 0, 5, 5, 0, 0, 0
29751, 3, 13, 6, 7, 2, 1
29924, 0, 4, 1, 3, 0, 0
29989, 0, 7, 7, 0, 0, 0
35783, 0, 9, 2, 7, 0, 0
44726, 0, 4, 3, 1, 0, 0
45798, 1, 2, 0, 2, 0, 1
49764, 1, 2, 2, 0, 1, 0
49765, 0, 1, 1, 0, 0, 0
49766, 0, 1, 1, 0, 0, 0
49767, 0, 2, 1, 1, 0, 0
49768, 0, 3, 3, 0, 0, 0
49769, 1, 2, 0, 2, 0, 1
49770, 0, 5, 1, 4, 0, 0
49771, 1, 4, 0, 4, 0, 1
49772, 0, 1, 0, 1, 0, 0
49773, 0, 1, 0, 1, 0, 0
49774, 1, 1, 0, 1, 1, 0
49775, 14, 3, 2, 1, 14, 0
49776, 1, 2, 0, 2, 1, 0
49777, 6, 2, 2, 0, 6, 0
46383, 0, 6, 3, 3, 0, 0
6082, 71, 11, 10, 1, 66, 5
13649, 3, 4, 3, 1, 3, 0
19224, 0, 3, 3, 0, 0, 0
41059, 2, 6, 6, 0, 2, 0
43891, 4, 4, 4, 0, 4, 0
49778, 0, 1, 1, 0, 0, 0
49779, 1, 3, 1, 2, 1, 0
49780, 0, 1, 1, 0, 0, 0
49781, 0, 1, 1, 0, 0, 0
49782, 4, 3, 3, 0, 3, 1
49783, 0, 1, 1, 0, 0, 0
49784, 7, 2, 2, 0, 7, 0
49785, 0, 3, 2, 1, 0, 0
49786, 9, 2, 1, 1, 1, 8
49787, 3, 1, 1, 0, 3, 0
49788, 0, 1, 1, 0, 0, 0
49789, 1, 1, 1, 0, 0, 1
49790, 1, 2, 2, 0, 1, 0
49791, 0, 2, 1, 1, 0, 0
16791, 0, 11, 11, 0, 0, 0
16792, 1, 3, 3, 0, 1, 0
16799, 14, 4, 4, 0, 13, 1
49792, 0, 1, 1, 0, 0, 0
19926, 1, 12, 9, 3, 1, 0
26414, 8, 6, 5, 1, 8, 0
46036, 0, 3, 3, 0, 0, 0
46038, 6, 4, 4, 0, 6, 0
46128, 0, 3, 2, 1, 0, 0
46129, 0, 1, 1, 0, 0, 0
32864, 10, 4, 3, 1, 9, 1
23493, 0, 4, 4, 0, 0, 0
27594, 0, 7, 7, 0, 0, 0
49793, 0, 1, 1, 0, 0, 0
49794, 39, 2, 2, 0, 27, 12
15245, 0, 9, 6, 3, 0, 0
36835, 0, 1, 1, 0, 0, 0
36836, 2, 6, 6, 0, 2, 0
36838, 0, 1, 0, 1, 0, 0
36839, 0, 3, 2, 1, 0, 0
36841, 0, 2, 1, 1, 0, 0
18959, 9, 5, 5, 0, 8, 1
24911, 0, 8, 6, 2, 0, 0
11634, 0, 2, 2, 0, 0, 0
24693, 0, 1, 0, 1, 0, 0
39187, 8, 6, 4, 2, 8, 0
41167, 1, 7, 3, 4, 0, 1
14099, 3, 5, 4, 1, 3, 0
19707, 0, 5, 3, 2, 0, 0
20559, 1, 2, 0, 2, 0, 1
24175, 25, 2, 1, 1, 25, 0
25869, 14, 6, 3, 3, 8, 6
27287, 2, 4, 2, 2, 1, 1
37740, 0, 3, 2, 1, 0, 0
37770, 2, 4, 3, 1, 2, 0
38306, 0, 6, 1, 5, 0, 0
41595, 1, 2, 1, 1, 1, 0
49482, 6, 9, 9, 0, 6, 0
49830, 0, 1, 1, 0, 0, 0
49831, 0, 1, 1, 0, 0, 0
49832, 1, 1, 1, 0, 1, 0
49833, 0, 1, 1, 0, 0, 0
49834, 0, 2, 2, 0, 0, 0
49835, 2, 1, 1, 0, 2, 0
49836, 0, 1, 1, 0, 0, 0
49837, 3, 2, 1, 1, 3, 0
49838, 1, 1, 0, 1, 0, 1
49839, 0, 2, 1, 1, 0, 0
49840, 0, 3, 1, 2, 0, 0
49841, 0, 1, 0, 1, 0, 0
49842, 0, 3, 0, 3, 0, 0
49843, 0, 2, 1, 1, 0, 0
49844, 0, 1, 0, 1, 0, 0
49845, 1, 4, 3, 1, 1, 0
49846, 1, 7, 3, 4, 1, 0
5054, 6, 1, 1, 0, 6, 0
5055, 1, 1, 1, 0, 1, 0
5057, 0, 1, 1, 0, 0, 0
5058, 0, 1, 1, 0, 0, 0
5061, 0, 2, 2, 0, 0, 0
5066, 1, 1, 1, 0, 1, 0
5067, 1, 1, 1, 0, 1, 0
5073, 0, 1, 1, 0, 0, 0
5086, 14, 2, 2, 0, 14, 0
5090, 10, 15, 13, 2, 1, 9
5092, 1, 1, 1, 0, 1, 0
5100, 1, 1, 1, 0, 1, 0
5103, 19, 1, 1, 0, 18, 1
5105, 111, 5, 5, 0, 111, 0
5114, 32, 1, 1, 0, 30, 2
5122, 0, 1, 0, 1, 0, 0
5123, 6, 4, 2, 2, 5, 1
5127, 0, 9, 2, 7, 0, 0
5129, 0, 2, 0, 2, 0, 0
5130, 0, 2, 1, 1, 0, 0
5137, 0, 5, 2, 3, 0, 0
5142, 0, 1, 0, 1, 0, 0
5143, 0, 1, 0, 1, 0, 0
5145, 6, 2, 1, 1, 6, 0
11736, 202, 13, 10, 3, 92, 110
20710, 5, 4, 1, 3, 3, 2
22319, 20, 5, 4, 1, 16, 4
32561, 0, 3, 0, 3, 0, 0
34757, 0, 2, 2, 0, 0, 0
44546, 0, 3, 2, 1, 0, 0
46162, 0, 1, 1, 0, 0, 0
46163, 0, 1, 1, 0, 0, 0
46164, 1, 2, 2, 0, 1, 0
46165, 0, 1, 1, 0, 0, 0
46166, 3, 1, 1, 0, 0, 3
46167, 0, 1, 0, 1, 0, 0
46168, 0, 1, 0, 1, 0, 0
46169, 0, 1, 0, 1, 0, 0
46170, 0, 1, 0, 1, 0, 0
46171, 0, 3, 1, 2, 0, 0
46172, 0, 4, 3, 1, 0, 0
46173, 0, 2, 1, 1, 0, 0
46174, 0, 1, 0, 1, 0, 0
46175, 0, 1, 0, 1, 0, 0
46176, 2, 3, 1, 2, 2, 0
46177, 1, 1, 0, 1, 0, 1
11519, 0, 4, 1, 3, 0, 0
13345, 7, 4, 4, 0, 7, 0
14247, 0, 2, 2, 0, 0, 0
16091, 1, 2, 1, 1, 1, 0
16344, 0, 6, 2, 4, 0, 0
17710, 2, 5, 5, 0, 2, 0
32510, 0, 5, 5, 0, 0, 0
35341, 0, 3, 2, 1, 0, 0
39093, 0, 6, 0, 6, 0, 0
41814, 0, 4, 0, 4, 0, 0
41951, 8, 4, 2, 2, 4, 4
48948, 0, 2, 2, 0, 0, 0
49847, 7, 1, 1, 0, 4, 3
49848, 0, 2, 2, 0, 0, 0
49849, 0, 1, 1, 0, 0, 0
49850, 0, 2, 2, 0, 0, 0
49851, 0, 1, 1, 0, 0, 0
49852, 0, 4, 1, 3, 0, 0
49853, 0, 1, 1, 0, 0, 0
49854, 7, 3, 2, 1, 0, 7
49855, 0, 1, 1, 0, 0, 0
49856, 0, 3, 3, 0, 0, 0
49857, 0, 1, 0, 1, 0, 0
49858, 0, 1, 0, 1, 0, 0
49859, 0, 1, 0, 1, 0, 0
49860, 0, 2, 0, 2, 0, 0
7026, 0, 8, 8, 0, 0, 0
7494, 3, 7, 5, 2, 3, 0
14169, 13, 7, 3, 4, 11, 2
19690, 7, 7, 7, 0, 7, 0
22579, 0, 12, 7, 5, 0, 0
24309, 2, 3, 3, 0, 1, 1
24310, 0, 2, 1, 1, 0, 0
24311, 3, 3, 3, 0, 3, 0
24312, 3, 1, 1, 0, 3, 0
24317, 0, 1, 0, 1, 0, 0
24320, 0, 3, 2, 1, 0, 0
24321, 0, 3, 2, 1, 0, 0
24322, 2, 3, 2, 1, 2, 0
24325, 1, 9, 8, 1, 0, 1
24326, 0, 1, 0, 1, 0, 0
24327, 0, 1, 0, 1, 0, 0
24328, 0, 3, 1, 2, 0, 0
24329, 0, 3, 2, 1, 0, 0
49861, 1, 1, 1, 0, 0, 1
49862, 0, 1, 1, 0, 0, 0
15547, 2, 3, 1, 2, 1, 1
15560, 1, 5, 1, 4, 0, 1
16840, 9, 5, 4, 1, 9, 0
16926, 0, 3, 0, 3, 0, 0
19507, 0, 9, 5, 4, 0, 0
22916, 3, 6, 4, 2, 0, 3
28804, 16, 9, 8, 1, 15, 1
30965, 0, 6, 4, 2, 0, 0
33498, 0, 5, 4, 1, 0, 0
35179, 0, 2, 2, 0, 0, 0
36525, 0, 6, 6, 0, 0, 0
37838, 0, 2, 1, 1, 0, 0
49863, 0, 1, 1, 0, 0, 0
49864, 0, 1, 1, 0, 0, 0
49865, 0, 1, 0, 1, 0, 0
49866, 0, 2, 1, 1, 0, 0
49867, 0, 3, 0, 3, 0, 0
49868, 0, 1, 0, 1, 0, 0
49869, 0, 2, 0, 2, 0, 0
49870, 0, 2, 1, 1, 0, 0
49871, 1, 4, 0, 4, 0, 1
49872, 0, 1, 0, 1, 0, 0
49873, 0, 1, 0, 1, 0, 0
49874, 0, 1, 0, 1, 0, 0
49875, 0, 2, 0, 2, 0, 0
49876, 0, 2, 1, 1, 0, 0
49877, 0, 1, 0, 1, 0, 0
49878, 0, 1, 0, 1, 0, 0
49879, 0, 2, 0, 2, 0, 0
49880, 0, 2, 0, 2, 0, 0
49881, 0, 1, 0, 1, 0, 0
15525, 18, 15, 14, 1, 9, 9
16881, 8, 10, 5, 5, 6, 2
16892, 1, 4, 0, 4, 1, 0
19514, 0, 9, 4, 5, 0, 0
23490, 6, 6, 6, 0, 6, 0
25985, 0, 4, 4, 0, 0, 0
27167, 1, 6, 5, 1, 1, 0
29479, 0, 5, 5, 0, 0, 0
29481, 0, 1, 1, 0, 0, 0
29482, 0, 3, 3, 0, 0, 0
29485, 2, 2, 2, 0, 2, 0
29486, 0, 2, 2, 0, 0, 0
29488, 18, 2, 2, 0, 0, 18
29489, 0, 3, 1, 2, 0, 0
29491, 0, 4, 4, 0, 0, 0
29492, 1, 1, 1, 0, 1, 0
29493, 0, 1, 1, 0, 0, 0
29494, 0, 1, 0, 1, 0, 0
29496, 1, 2, 0, 2, 1, 0
29498, 0, 1, 0, 1, 0, 0
29501, 0, 2, 0, 2, 0, 0
29502, 0, 3, 1, 2, 0, 0
29503, 2, 1, 0, 1, 2, 0
29504, 0, 3, 1, 2, 0, 0
29505, 0, 1, 0, 1, 0, 0
29507, 0, 1, 0, 1, 0, 0
12826, 0, 22, 22, 0, 0, 0
14652, 1, 8, 2, 6, 1, 0
17308, 0, 8, 8, 0, 0, 0
19053, 5, 2, 2, 0, 5, 0
19695, 2, 8, 8, 0, 2, 0
20274, 0, 10, 10, 0, 0, 0
20282, 0, 3, 3, 0, 0, 0
20285, 0, 1, 1, 0, 0, 0
20286, 0, 3, 3, 0, 0, 0
20287, 1, 2, 2, 0, 1, 0
20288, 0, 1, 1, 0, 0, 0
20289, 0, 4, 2, 2, 0, 0
20290, 4, 4, 4, 0, 0, 4
20291, 0, 5, 4, 1, 0, 0
20292, 5, 2, 2, 0, 3, 2
20294, 1, 2, 1, 1, 1, 0
20296, 1, 3, 1, 2, 0, 1
6177, 0, 7, 6, 1, 0, 0
15139, 118, 22, 14, 8, 31, 87
20675, 1, 7, 7, 0, 1, 0
23944, 0, 3, 3, 0, 0, 0
27739, 6, 3, 3, 0, 6, 0
29907, 0, 4, 4, 0, 0, 0
29909, 0, 1, 1, 0, 0, 0
29911, 0, 2, 2, 0, 0, 0
29912, 5, 6, 6, 0, 4, 1
29913, 0, 1, 1, 0, 0, 0
29915, 0, 3, 1, 2, 0, 0
29916, 0, 5, 2, 3, 0, 0
29917, 4, 2, 2, 0, 4, 0
29919, 0, 1, 1, 0, 0, 0
29920, 17, 2, 2, 0, 16, 1
29926, 12, 10, 9, 1, 6, 6
29928, 0, 1, 1, 0, 0, 0
29932, 1, 4, 4, 0, 1, 0
29936, 0, 1, 1, 0, 0, 0
29937, 0, 1, 1, 0, 0, 0
29939, 4, 1, 1, 0, 3, 1
29940, 0, 1, 1, 0, 0, 0
29941, 32, 4, 4, 0, 18, 14
12434, 0, 9, 2, 7, 0, 0
33199, 13, 3, 1, 2, 10, 3
35236, 7, 5, 4, 1, 7, 0
41919, 11, 6, 2, 4, 10, 1
49422, 0, 3, 2, 1, 0, 0
49882, 0, 1, 1, 0, 0, 0
49883, 0, 3, 0, 3, 0, 0
49884, 0, 1, 0, 1, 0, 0
49885, 0, 1, 0, 1, 0, 0
49886, 0, 1, 0, 1, 0, 0
49887, 0, 1, 0, 1, 0, 0
49888, 0, 2, 1, 1, 0, 0
49889, 1, 3, 1, 2, 0, 1
49890, 0, 1, 0, 1, 0, 0
11471, 0, 3, 3, 0, 0, 0
25625, 15, 8, 8, 0, 11, 4
49891, 0, 1, 1, 0, 0, 0
49892, 0, 1, 1, 0, 0, 0
49893, 4, 4, 4, 0, 4, 0
30096, 0, 1, 1, 0, 0, 0
30097, 0, 1, 1, 0, 0, 0
30098, 0, 1, 1, 0, 0, 0
27483, 0, 8, 8, 0, 0, 0
49894, 3, 1, 1, 0, 1, 2
49895, 6, 1, 1, 0, 6, 0
49896, 1, 3, 3, 0, 1, 0
30175, 0, 1, 1, 0, 0, 0
30176, 1, 1, 1, 0, 1, 0
30177, 0, 2, 2, 0, 0, 0
30178, 0, 1, 1, 0, 0, 0
30180, 0, 3, 0, 3, 0, 0
30181, 2, 1, 0, 1, 1, 1
30182, 0, 1, 0, 1, 0, 0
30183, 1, 1, 0, 1, 0, 1
49897, 1, 6, 5, 1, 1, 0
48094, 25, 1, 1, 0, 22, 3
49898, 5, 4, 2, 2, 5, 0
49899, 0, 1, 0, 1, 0, 0
49900, 10, 3, 1, 2, 7, 3
49901, 0, 3, 0, 3, 0, 0
13214, 0, 7, 6, 1, 0, 0
16306, 0, 24, 23, 1, 0, 0
24170, 2, 14, 10, 4, 2, 0
25118, 1, 8, 8, 0, 1, 0
30684, 1, 1, 1, 0, 1, 0
30685, 0, 1, 1, 0, 0, 0
30686, 0, 1, 1, 0, 0, 0
30689, 1, 1, 1, 0, 1, 0
30690, 0, 1, 1, 0, 0, 0
30691, 1, 3, 1, 2, 1, 0
30693, 0, 2, 2, 0, 0, 0
30694, 3, 4, 4, 0, 3, 0
30695, 0, 1, 1, 0, 0, 0
30696, 1, 2, 2, 0, 1, 0
30701, 4, 2, 2, 0, 4, 0
30702, 0, 1, 1, 0, 0, 0
30704, 0, 2, 2, 0, 0, 0
30706, 0, 1, 1, 0, 0, 0
30707, 0, 2, 2, 0, 0, 0
30708, 10, 3, 3, 0, 6, 4
30709, 2, 5, 5, 0, 2, 0
30711, 0, 1, 1, 0, 0, 0
30712, 0, 4, 3, 1, 0, 0
30713, 0, 1, 1, 0, 0, 0
30714, 0, 1, 1, 0, 0, 0
11975, 7, 4, 4, 0, 7, 0
11979, 0, 2, 2, 0, 0, 0
13024, 13, 2, 2, 0, 12, 1
13027, 1, 1, 1, 0, 1, 0
13028, 1, 12, 8, 4, 1, 0
13029, 6, 3, 3, 0, 6, 0
13031, 0, 2, 2, 0, 0, 0
13041, 0, 1, 1, 0, 0, 0
13045, 0, 1, 1, 0, 0, 0
13046, 0, 2, 2, 0, 0, 0
13047, 2, 3, 2, 1, 2, 0
13049, 0, 2, 0, 2, 0, 0
13051, 0, 1, 0, 1, 0, 0
13057, 0, 3, 0, 3, 0, 0
13060, 0, 3, 1, 2, 0, 0
13061, 0, 1, 0, 1, 0, 0
13062, 0, 1, 0, 1, 0, 0
13064, 0, 2, 0, 2, 0, 0
10340, 8, 8, 5, 3, 8, 0
11727, 34, 3, 3, 0, 32, 2
11730, 27, 2, 2, 0, 27, 0
11738, 2, 11, 6, 5, 1, 1
15623, 2, 10, 7, 3, 2, 0
21395, 0, 1, 1, 0, 0, 0
21400, 2, 3, 2, 1, 2, 0
21402, 0, 1, 1, 0, 0, 0
21404, 0, 3, 3, 0, 0, 0
21405, 0, 2, 2, 0, 0, 0
21407, 0, 4, 3, 1, 0, 0
21408, 0, 4, 4, 0, 0, 0
21411, 3, 2, 2, 0, 3, 0
21412, 6, 2, 2, 0, 6, 0
21415, 0, 2, 2, 0, 0, 0
21417, 0, 1, 1, 0, 0, 0
21419, 0, 3, 1, 2, 0, 0
21420, 0, 3, 3, 0, 0, 0
21421, 0, 2, 2, 0, 0, 0
21422, 12, 2, 2, 0, 12, 0
21423, 0, 1, 1, 0, 0, 0
21424, 0, 1, 1, 0, 0, 0
21426, 8, 1, 1, 0, 8, 0
21427, 1, 1, 1, 0, 0, 1
21428, 0, 1, 1, 0, 0, 0
21432, 0, 1, 1, 0, 0, 0
21433, 0, 2, 1, 1, 0, 0
21436, 3, 1, 1, 0, 3, 0
21440, 0, 1, 1, 0, 0, 0
21441, 0, 1, 1, 0, 0, 0
21442, 1, 1, 1, 0, 1, 0
21443, 0, 2, 1, 1, 0, 0
21447, 2, 2, 2, 0, 1, 1
21448, 0, 1, 1, 0, 0, 0
21450, 0, 1, 1, 0, 0, 0
21451, 0, 2, 2, 0, 0, 0
21452, 1, 1, 1, 0, 1, 0
21453, 45, 6, 6, 0, 32, 13
21454, 3, 1, 1, 0, 3, 0
21456, 0, 1, 1, 0, 0, 0
21457, 0, 1, 1, 0, 0, 0
21458, 0, 3, 2, 1, 0, 0
21460, 1, 2, 1, 1, 1, 0
21461, 0, 4, 3, 1, 0, 0
21463, 3, 1, 1, 0, 3, 0
21464, 0, 6, 4, 2, 0, 0
21465, 5, 2, 2, 0, 5, 0
21466, 2, 16, 16, 0, 2, 0
21467, 1, 5, 5, 0, 1, 0
21468, 0, 1, 1, 0, 0, 0
21471, 0, 2, 2, 0, 0, 0
21473, 0, 1, 1, 0, 0, 0
21477, 0, 2, 2, 0, 0, 0
21479, 0, 1, 1, 0, 0, 0
21481, 0, 2, 2, 0, 0, 0
21483, 2, 2, 2, 0, 2, 0
21487, 0, 1, 1, 0, 0, 0
21489, 0, 3, 2, 1, 0, 0
49902, 1, 1, 1, 0, 1, 0
6943, 0, 3, 3, 0, 0, 0
21314, 0, 7, 3, 4, 0, 0
27839, 11, 6, 4, 2, 8, 3
33335, 13, 6, 6, 0, 11, 2
38443, 47, 3, 3, 0, 47, 0
42398, 4, 10, 5, 5, 4, 0
48840, 0, 3, 3, 0, 0, 0
49903, 0, 2, 2, 0, 0, 0
49904, 0, 2, 1, 1, 0, 0
49905, 1, 1, 1, 0, 1, 0
49906, 0, 3, 2, 1, 0, 0
9927, 1, 3, 2, 1, 1, 0
21549, 0, 1, 1, 0, 0, 0
21550, 0, 6, 6, 0, 0, 0
21554, 0, 1, 1, 0, 0, 0
21555, 0, 1, 1, 0, 0, 0
21556, 0, 1, 1, 0, 0, 0
21557, 0, 2, 2, 0, 0, 0
21558, 0, 2, 2, 0, 0, 0
21559, 0, 2, 2, 0, 0, 0
21562, 2, 1, 1, 0, 2, 0
21563, 2, 2, 0, 2, 1, 1
21564, 0, 2, 1, 1, 0, 0
9061, 1, 2, 0, 2, 1, 0
10073, 39, 6, 0, 6, 24, 15
16317, 0, 3, 1, 2, 0, 0
16917, 0, 15, 2, 13, 0, 0
26953, 0, 5, 4, 1, 0, 0
27177, 2, 5, 4, 1, 2, 0
30193, 0, 7, 5, 2, 0, 0
33219, 0, 5, 2, 3, 0, 0
33357, 1, 7, 5, 2, 0, 1
34621, 0, 1, 1, 0, 0, 0
34622, 0, 1, 1, 0, 0, 0
34623, 0, 1, 1, 0, 0, 0
34626, 0, 1, 1, 0, 0, 0
34627, 0, 1, 1, 0, 0, 0
34628, 0, 2, 2, 0, 0, 0
34629, 0, 1, 1, 0, 0, 0
34630, 0, 1, 1, 0, 0, 0
34632, 1, 1, 0, 1, 0, 1
34633, 0, 5, 2, 3, 0, 0
34634, 0, 1, 0, 1, 0, 0
34635, 0, 2, 1, 1, 0, 0
34636, 1, 1, 0, 1, 0, 1
34638, 0, 1, 0, 1, 0, 0
34640, 0, 2, 0, 2, 0, 0
34641, 4, 4, 0, 4, 4, 0
34643, 4, 2, 1, 1, 2, 2
34645, 0, 1, 0, 1, 0, 0
34646, 0, 1, 0, 1, 0, 0
34648, 0, 4, 2, 2, 0, 0
34649, 0, 4, 0, 4, 0, 0
34650, 0, 2, 0, 2, 0, 0
13157, 18, 1, 1, 0, 16, 2
49907, 0, 3, 1, 2, 0, 0
49908, 0, 3, 3, 0, 0, 0
15197, 0, 5, 2, 3, 0, 0
37485, 2, 3, 2, 1, 1, 1
45666, 38, 5, 3, 2, 37, 1
49909, 7, 1, 1, 0, 7, 0
49910, 1, 2, 1, 1, 1, 0
9234, 0, 9, 9, 0, 0, 0
9540, 0, 8, 8, 0, 0, 0
9654, 1, 6, 5, 1, 1, 0
9670, 5, 3, 3, 0, 4, 1
9681, 0, 6, 5, 1, 0, 0
12343, 70, 9, 2, 7, 27, 43
16260, 2, 2, 2, 0, 2, 0
26371, 3, 4, 2, 2, 0, 3
29830, 1, 11, 8, 3, 1, 0
33705, 3, 3, 3, 0, 3, 0
33710, 24, 5, 2, 3, 10, 14
33735, 0, 2, 2, 0, 0, 0
34088, 0, 5, 4, 1, 0, 0
37227, 1, 3, 2, 1, 0, 1
49911, 0, 1, 1, 0, 0, 0
49912, 0, 1, 1, 0, 0, 0
49913, 0, 2, 1, 1, 0, 0
49914, 0, 2, 1, 1, 0, 0
49915, 0, 1, 1, 0, 0, 0
49916, 0, 1, 1, 0, 0, 0
49917, 20, 1, 1, 0, 20, 0
49918, 0, 3, 3, 0, 0, 0
49919, 0, 1, 1, 0, 0, 0
49920, 0, 1, 1, 0, 0, 0
49921, 0, 1, 1, 0, 0, 0
49922, 0, 1, 1, 0, 0, 0
49923, 0, 1, 1, 0, 0, 0
49924, 1, 1, 1, 0, 1, 0
49925, 0, 1, 1, 0, 0, 0
49926, 0, 1, 1, 0, 0, 0
49927, 0, 2, 2, 0, 0, 0
49928, 0, 1, 1, 0, 0, 0
49929, 3, 2, 2, 0, 3, 0
49930, 0, 1, 1, 0, 0, 0
49931, 0, 1, 1, 0, 0, 0
49932, 0, 1, 1, 0, 0, 0
49933, 0, 4, 4, 0, 0, 0
49934, 0, 2, 2, 0, 0, 0
49935, 0, 1, 1, 0, 0, 0
49936, 0, 1, 1, 0, 0, 0
16302, 25, 4, 2, 2, 14, 11
31129, 1, 4, 3, 1, 1, 0
31130, 9, 4, 3, 1, 7, 2
31131, 9, 2, 2, 0, 7, 2
31133, 1, 1, 1, 0, 1, 0
31135, 0, 6, 3, 3, 0, 0
31136, 4, 6, 1, 5, 1, 3
31137, 0, 2, 0, 2, 0, 0
31138, 0, 1, 0, 1, 0, 0
31139, 0, 1, 0, 1, 0, 0
31140, 1, 1, 0, 1, 0, 1
31141, 0, 1, 0, 1, 0, 0
10260, 0, 5, 1, 4, 0, 0
17702, 0, 4, 4, 0, 0, 0
24739, 2, 7, 6, 1, 1, 1
27257, 0, 4, 4, 0, 0, 0
33306, 0, 3, 3, 0, 0, 0
42533, 2, 2, 2, 0, 2, 0
42534, 0, 1, 1, 0, 0, 0
42535, 0, 1, 1, 0, 0, 0
42536, 0, 1, 1, 0, 0, 0
13282, 0, 2, 2, 0, 0, 0
13283, 0, 12, 12, 0, 0, 0
13286, 0, 3, 0, 3, 0, 0
13289, 8, 3, 0, 3, 8, 0
13127, 1, 3, 3, 0, 1, 0
22548, 0, 3, 3, 0, 0, 0
23994, 12, 3, 3, 0, 10, 2
26804, 1, 1, 1, 0, 1, 0
26806, 0, 4, 4, 0, 0, 0
26808, 0, 2, 2, 0, 0, 0
26810, 0, 3, 1, 2, 0, 0
26811, 9, 1, 1, 0, 9, 0
26812, 0, 2, 1, 1, 0, 0
26816, 0, 1, 1, 0, 0, 0
26817, 0, 3, 3, 0, 0, 0
26818, 0, 3, 3, 0, 0, 0
26823, 14, 3, 2, 1, 8, 6
26824, 7, 1, 1, 0, 7, 0
26826, 7, 2, 2, 0, 7, 0
26827, 10, 11, 11, 0, 10, 0
16662, 0, 11, 10, 1, 0, 0
49937, 0, 2, 1, 1, 0, 0
49938, 1, 1, 0, 1, 0, 1
49939, 0, 3, 0, 3, 0, 0
49940, 0, 1, 0, 1, 0, 0
49941, 0, 1, 0, 1, 0, 0
29551, 0, 7, 3, 4, 0, 0
49942, 0, 1, 1, 0, 0, 0
49943, 0, 2, 2, 0, 0, 0
49944, 2, 1, 0, 1, 2, 0
9263, 2, 8, 5, 3, 2, 0
10664, 2, 6, 3, 3, 2, 0
19496, 0, 9, 4, 5, 0, 0
37336, 0, 7, 6, 1, 0, 0
37912, 0, 14, 5, 9, 0, 0
40567, 0, 3, 3, 0, 0, 0
49945, 0, 1, 1, 0, 0, 0
49946, 0, 1, 1, 0, 0, 0
49947, 0, 1, 0, 1, 0, 0
49948, 0, 2, 1, 1, 0, 0
49949, 2, 1, 0, 1, 2, 0
49950, 6, 2, 1, 1, 6, 0
49951, 0, 2, 1, 1, 0, 0
49952, 0, 1, 0, 1, 0, 0
5280, 5, 6, 5, 1, 5, 0
9722, 1, 13, 7, 6, 1, 0
10668, 0, 4, 1, 3, 0, 0
16439, 1, 3, 2, 1, 1, 0
16453, 1, 14, 13, 1, 1, 0
18536, 1, 5, 4, 1, 1, 0
20315, 0, 4, 2, 2, 0, 0
20805, 1, 3, 2, 1, 1, 0
26197, 7, 8, 7, 1, 1, 6
26465, 8, 4, 2, 2, 8, 0
28919, 0, 2, 1, 1, 0, 0
37675, 2, 5, 3, 2, 2, 0
41844, 2, 4, 3, 1, 1, 1
42058, 0, 6, 4, 2, 0, 0
42501, 2, 8, 3, 5, 1, 1
46053, 0, 3, 1, 2, 0, 0
49568, 0, 8, 4, 4, 0, 0
49953, 1, 1, 1, 0, 1, 0
49954, 1, 2, 2, 0, 1, 0
49955, 2, 4, 3, 1, 2, 0
49956, 0, 1, 1, 0, 0, 0
49957, 7, 1, 1, 0, 7, 0
49958, 2, 2, 1, 1, 1, 1
49959, 1, 2, 2, 0, 1, 0
49960, 0, 1, 1, 0, 0, 0
49961, 9, 8, 5, 3, 8, 1
49962, 3, 1, 1, 0, 3, 0
49963, 0, 3, 2, 1, 0, 0
49964, 8, 1, 1, 0, 8, 0
49965, 0, 1, 0, 1, 0, 0
49966, 0, 1, 0, 1, 0, 0
49967, 0, 1, 0, 1, 0, 0
49968, 0, 1, 0, 1, 0, 0
49969, 0, 1, 0, 1, 0, 0
49970, 25, 3, 1, 2, 6, 19
49971, 2, 1, 0, 1, 2, 0
49972, 0, 2, 1, 1, 0, 0
49973, 0, 2, 0, 2, 0, 0
49974, 2, 2, 1, 1, 1, 1
49975, 8, 6, 4, 2, 3, 5
49976, 0, 1, 0, 1, 0, 0
49977, 0, 1, 0, 1, 0, 0
49978, 1, 2, 1, 1, 1, 0
49979, 2, 2, 0, 2, 2, 0
49980, 0, 2, 1, 1, 0, 0
49981, 0, 2, 0, 2, 0, 0
49982, 0, 1, 0, 1, 0, 0
49983, 5, 5, 2, 3, 4, 1
49984, 0, 1, 0, 1, 0, 0
49985, 0, 1, 0, 1, 0, 0
49986, 0, 3, 1, 2, 0, 0
49987, 2, 6, 1, 5, 2, 0
49988, 0, 2, 0, 2, 0, 0
49989, 0, 1, 0, 1, 0, 0
49990, 0, 4, 3, 1, 0, 0
49991, 0, 3, 1, 2, 0, 0
24558, 0, 5, 5, 0, 0, 0
49992, 2, 6, 0, 6, 2, 0
38498, 1, 4, 4, 0, 1, 0
49993, 0, 1, 1, 0, 0, 0
49994, 3, 1, 1, 0, 2, 1
49995, 0, 1, 1, 0, 0, 0
49996, 4, 3, 3, 0, 3, 1
49997, 1, 2, 2, 0, 0, 1
49998, 26, 3, 3, 0, 7, 19
49999, 10, 2, 2, 0, 9, 1
50000, 5, 3, 3, 0, 3, 2
50001, 2, 2, 2, 0, 1, 1
50002, 1, 2, 2, 0, 0, 1
50003, 1, 2, 2, 0, 0, 1
50004, 11, 4, 4, 0, 9, 2
50005, 2, 4, 4, 0, 1, 1
19369, 0, 6, 6, 0, 0, 0
5146, 21, 0, 0, 0, 18, 3
5148, 0, 3, 3, 0, 0, 0
5149, 7, 7, 7, 0, 7, 0
5153, 0, 1, 1, 0, 0, 0
5154, 2, 3, 2, 1, 1, 1
6930, 0, 2, 2, 0, 0, 0
9109, 0, 4, 4, 0, 0, 0
9312, 0, 5, 4, 1, 0, 0
13703, 0, 2, 1, 1, 0, 0
20679, 0, 5, 3, 2, 0, 0
21315, 26, 6, 6, 0, 22, 4
50006, 0, 2, 2, 0, 0, 0
50007, 0, 2, 2, 0, 0, 0
50008, 0, 1, 1, 0, 0, 0
50009, 0, 1, 1, 0, 0, 0
50010, 1, 2, 2, 0, 1, 0
50011, 0, 4, 4, 0, 0, 0
50012, 1, 1, 1, 0, 1, 0
50013, 0, 2, 1, 1, 0, 0
5158, 4, 0, 0, 0, 4, 0
6461, 0, 13, 10, 3, 0, 0
20706, 4, 3, 3, 0, 4, 0
50014, 0, 1, 1, 0, 0, 0
50015, 1, 2, 2, 0, 1, 0
50016, 0, 2, 2, 0, 0, 0
50017, 1, 2, 0, 2, 1, 0
50018, 0, 1, 0, 1, 0, 0
20139, 4, 7, 5, 2, 4, 0
21020, 0, 8, 8, 0, 0, 0
50019, 3, 1, 1, 0, 3, 0
50020, 0, 1, 1, 0, 0, 0
13365, 0, 4, 0, 4, 0, 0
14004, 12, 8, 7, 1, 12, 0
50021, 0, 2, 2, 0, 0, 0
6630, 18, 8, 8, 0, 7, 11
9705, 0, 2, 1, 1, 0, 0
15246, 0, 10, 8, 2, 0, 0
24567, 0, 2, 2, 0, 0, 0
24568, 2, 1, 1, 0, 2, 0
24570, 0, 1, 1, 0, 0, 0
24571, 0, 1, 1, 0, 0, 0
24572, 14, 5, 4, 1, 12, 2
24573, 1, 2, 1, 1, 1, 0
24574, 5, 1, 1, 0, 4, 1
24576, 2, 4, 3, 1, 1, 1
24578, 0, 1, 1, 0, 0, 0
24581, 0, 1, 1, 0, 0, 0
24582, 0, 2, 1, 1, 0, 0
24584, 0, 1, 1, 0, 0, 0
24585, 0, 2, 2, 0, 0, 0
24588, 0, 5, 5, 0, 0, 0
24592, 0, 1, 1, 0, 0, 0
24594, 3, 5, 5, 0, 3, 0
24601, 0, 1, 1, 0, 0, 0
24602, 0, 1, 1, 0, 0, 0
24603, 0, 2, 1, 1, 0, 0
24604, 5, 2, 2, 0, 5, 0
24605, 1, 4, 4, 0, 1, 0
24606, 0, 1, 1, 0, 0, 0
24608, 0, 2, 0, 2, 0, 0
24609, 0, 1, 0, 1, 0, 0
24610, 0, 3, 0, 3, 0, 0
24611, 0, 4, 2, 2, 0, 0
24612, 0, 1, 0, 1, 0, 0
24613, 7, 3, 1, 2, 6, 1
50022, 0, 4, 4, 0, 0, 0
50023, 0, 1, 1, 0, 0, 0
12549, 2, 4, 4, 0, 2, 0
39547, 0, 16, 16, 0, 0, 0
43632, 1, 4, 1, 3, 1, 0
6185, 9, 18, 14, 4, 7, 2
8963, 0, 7, 7, 0, 0, 0
17610, 0, 6, 6, 0, 0, 0
17666, 0, 3, 3, 0, 0, 0
17667, 0, 1, 1, 0, 0, 0
17669, 2, 4, 4, 0, 2, 0
17672, 7, 8, 5, 3, 7, 0
17674, 0, 3, 3, 0, 0, 0
17683, 0, 5, 5, 0, 0, 0
17688, 3, 9, 7, 2, 3, 0
17689, 0, 1, 1, 0, 0, 0
17691, 1, 5, 3, 2, 1, 0
17692, 0, 1, 1, 0, 0, 0
17694, 2, 3, 3, 0, 2, 0
17698, 3, 2, 2, 0, 3, 0
17700, 0, 2, 2, 0, 0, 0
17701, 0, 1, 1, 0, 0, 0
17703, 0, 8, 7, 1, 0, 0
17704, 0, 2, 2, 0, 0, 0
17705, 9, 1, 1, 0, 9, 0
17707, 3, 5, 5, 0, 3, 0
17708, 2, 3, 1, 2, 2, 0
17715, 2, 4, 4, 0, 1, 1
17716, 0, 3, 3, 0, 0, 0
17717, 0, 1, 1, 0, 0, 0
17721, 0, 2, 2, 0, 0, 0
17722, 0, 12, 12, 0, 0, 0
17723, 0, 2, 2, 0, 0, 0
17724, 3, 3, 3, 0, 3, 0
17725, 0, 1, 1, 0, 0, 0
17727, 0, 1, 0, 1, 0, 0
17728, 0, 1, 0, 1, 0, 0
17730, 0, 10, 6, 4, 0, 0
17731, 0, 1, 0, 1, 0, 0
17732, 0, 1, 0, 1, 0, 0
17737, 0, 1, 0, 1, 0, 0
17739, 0, 1, 0, 1, 0, 0
50043, 0, 1, 1, 0, 0, 0
6316, 4, 2, 2, 0, 4, 0
21802, 0, 2, 2, 0, 0, 0
21803, 7, 1, 1, 0, 5, 2
21804, 0, 1, 1, 0, 0, 0
21806, 5, 4, 2, 2, 5, 0
21807, 13, 5, 4, 1, 13, 0
21808, 1, 8, 4, 4, 1, 0
21811, 0, 2, 0, 2, 0, 0
22525, 0, 1, 1, 0, 0, 0
11122, 0, 5, 4, 1, 0, 0
29228, 0, 3, 3, 0, 0, 0
34269, 37, 5, 5, 0, 37, 0
38291, 5, 3, 2, 1, 3, 2
38292, 0, 1, 1, 0, 0, 0
38293, 0, 1, 1, 0, 0, 0
38294, 0, 1, 1, 0, 0, 0
38297, 0, 2, 2, 0, 0, 0
38298, 0, 5, 4, 1, 0, 0
38299, 0, 2, 2, 0, 0, 0
38300, 0, 2, 2, 0, 0, 0
38301, 0, 2, 2, 0, 0, 0
28089, 0, 5, 5, 0, 0, 0
44323, 0, 1, 1, 0, 0, 0
7107, 0, 3, 2, 1, 0, 0
28563, 0, 7, 1, 6, 0, 0
30489, 0, 6, 3, 3, 0, 0
50044, 1, 1, 1, 0, 1, 0
50045, 0, 1, 0, 1, 0, 0
50046, 0, 2, 1, 1, 0, 0
50047, 4, 2, 1, 1, 3, 1
50048, 0, 1, 0, 1, 0, 0
50049, 2, 3, 2, 1, 1, 1
50050, 0, 1, 0, 1, 0, 0
50051, 0, 1, 0, 1, 0, 0
50052, 1, 1, 1, 0, 1, 0
50053, 1, 1, 1, 0, 1, 0
50054, 2, 3, 3, 0, 2, 0
50055, 0, 2, 2, 0, 0, 0
50056, 2, 3, 3, 0, 2, 0
50057, 1, 1, 1, 0, 1, 0
27409, 3, 3, 3, 0, 3, 0
17930, 11, 3, 1, 2, 11, 0
21369, 2, 4, 2, 2, 2, 0
26983, 0, 2, 1, 1, 0, 0
41052, 0, 4, 0, 4, 0, 0
44806, 1, 5, 4, 1, 1, 0
45464, 45, 2, 1, 1, 40, 5
45465, 2, 1, 0, 1, 2, 0
45466, 0, 1, 0, 1, 0, 0
45467, 3, 2, 0, 2, 1, 2
45468, 0, 1, 0, 1, 0, 0
45469, 0, 2, 0, 2, 0, 0
45470, 0, 1, 0, 1, 0, 0
45471, 16, 4, 2, 2, 13, 3
45472, 1, 1, 0, 1, 1, 0
45473, 0, 1, 0, 1, 0, 0
45474, 2, 7, 5, 2, 2, 0
45475, 4, 1, 0, 1, 4, 0
45476, 1, 2, 1, 1, 1, 0
18616, 0, 6, 5, 1, 0, 0
50058, 0, 1, 1, 0, 0, 0
19113, 0, 4, 2, 2, 0, 0
31336, 3, 3, 3, 0, 3, 0
31338, 3, 3, 3, 0, 3, 0
50059, 0, 1, 1, 0, 0, 0
25000, 1, 8, 7, 1, 0, 1
50060, 0, 1, 1, 0, 0, 0
50061, 0, 1, 1, 0, 0, 0
47027, 0, 1, 0, 1, 0, 0
47028, 0, 1, 0, 1, 0, 0
47029, 0, 1, 0, 1, 0, 0
30483, 0, 9, 4, 5, 0, 0
33741, 1, 3, 3, 0, 1, 0
33971, 0, 16, 14, 2, 0, 0
45191, 6, 3, 3, 0, 5, 1
45192, 0, 2, 2, 0, 0, 0
45193, 0, 1, 1, 0, 0, 0
45194, 0, 1, 0, 1, 0, 0
12957, 0, 3, 3, 0, 0, 0
21270, 0, 3, 3, 0, 0, 0
50062, 0, 1, 1, 0, 0, 0
50063, 0, 2, 0, 2, 0, 0
50064, 8, 2, 2, 0, 8, 0
50065, 1, 1, 1, 0, 1, 0
50066, 5, 1, 1, 0, 5, 0
50067, 8, 3, 3, 0, 8, 0
16707, 1, 4, 4, 0, 1, 0
50068, 17, 2, 2, 0, 10, 7
50069, 0, 4, 4, 0, 0, 0
50070, 0, 4, 4, 0, 0, 0
35758, 0, 8, 8, 0, 0, 0
14135, 20, 10, 9, 1, 20, 0
23558, 7, 4, 3, 1, 4, 3
43757, 0, 2, 2, 0, 0, 0
47010, 1, 2, 2, 0, 1, 0
50071, 0, 3, 2, 1, 0, 0
50072, 0, 2, 2, 0, 0, 0
50073, 0, 1, 1, 0, 0, 0
50074, 0, 2, 2, 0, 0, 0
50075, 0, 2, 0, 2, 0, 0
18327, 6, 6, 6, 0, 5, 1
22303, 0, 2, 1, 1, 0, 0
23326, 1, 2, 2, 0, 1, 0
29137, 6, 6, 6, 0, 5, 1
50076, 0, 3, 3, 0, 0, 0
50077, 0, 1, 1, 0, 0, 0
50078, 3, 2, 2, 0, 3, 0
50079, 2, 2, 2, 0, 2, 0
14348, 0, 5, 3, 2, 0, 0
16831, 0, 2, 1, 1, 0, 0
25977, 0, 3, 2, 1, 0, 0
30118, 6, 9, 8, 1, 6, 0
30321, 10, 2, 0, 2, 2, 8
30750, 37, 3, 3, 0, 31, 6
33093, 1, 7, 4, 3, 1, 0
36570, 1, 2, 1, 1, 0, 1
36571, 1, 1, 1, 0, 1, 0
36574, 8, 3, 3, 0, 7, 1
36575, 0, 1, 1, 0, 0, 0
36576, 0, 1, 1, 0, 0, 0
36577, 5, 2, 2, 0, 5, 0
36579, 0, 8, 5, 3, 0, 0
36580, 3, 1, 0, 1, 3, 0
50080, 0, 3, 3, 0, 0, 0
50081, 0, 1, 1, 0, 0, 0
50082, 0, 1, 1, 0, 0, 0
50083, 0, 1, 1, 0, 0, 0
50084, 0, 1, 1, 0, 0, 0
50085, 0, 2, 2, 0, 0, 0
50086, 0, 1, 0, 1, 0, 0
13086, 0, 1, 1, 0, 0, 0
13090, 6, 1, 1, 0, 6, 0
13093, 0, 1, 1, 0, 0, 0
13094, 0, 1, 1, 0, 0, 0
13100, 0, 9, 9, 0, 0, 0
50087, 0, 1, 0, 1, 0, 0
50088, 0, 1, 1, 0, 0, 0
50089, 0, 2, 2, 0, 0, 0
50090, 1, 1, 0, 1, 1, 0
50091, 0, 1, 0, 1, 0, 0
50092, 0, 1, 1, 0, 0, 0
5262, 0, 23, 23, 0, 0, 0
24661, 0, 1, 1, 0, 0, 0
24662, 1, 12, 10, 2, 1, 0
24663, 0, 2, 0, 2, 0, 0
50093, 19, 2, 1, 1, 18, 1
50094, 0, 4, 4, 0, 0, 0
50095, 0, 2, 0, 2, 0, 0
50096, 0, 1, 1, 0, 0, 0
50097, 0, 1, 1, 0, 0, 0
14479, 2, 8, 5, 3, 1, 1
17933, 12, 7, 7, 0, 10, 2
33134, 0, 2, 1, 1, 0, 0
41954, 13, 9, 6, 3, 13, 0
42506, 0, 3, 3, 0, 0, 0
44759, 1, 4, 3, 1, 1, 0
48617, 2, 2, 2, 0, 2, 0
50098, 0, 1, 1, 0, 0, 0
50099, 0, 1, 1, 0, 0, 0
50100, 0, 1, 1, 0, 0, 0
50101, 0, 1, 1, 0, 0, 0
50102, 0, 3, 3, 0, 0, 0
50103, 1, 2, 1, 1, 0, 1
50104, 0, 3, 3, 0, 0, 0
50105, 0, 1, 1, 0, 0, 0
29828, 0, 4, 4, 0, 0, 0
50106, 0, 1, 1, 0, 0, 0
50107, 3, 1, 1, 0, 3, 0
50108, 1, 5, 5, 0, 1, 0
50109, 0, 2, 1, 1, 0, 0
50110, 0, 1, 0, 1, 0, 0
50111, 0, 1, 0, 1, 0, 0
14475, 0, 4, 4, 0, 0, 0
50112, 0, 1, 1, 0, 0, 0
17855, 0, 9, 9, 0, 0, 0
28529, 0, 3, 3, 0, 0, 0
41735, 0, 4, 4, 0, 0, 0
45808, 0, 5, 5, 0, 0, 0
46111, 8, 3, 3, 0, 8, 0
16537, 3, 4, 3, 1, 3, 0
17348, 0, 2, 2, 0, 0, 0
19932, 0, 9, 9, 0, 0, 0
35399, 3, 3, 3, 0, 3, 0
50113, 0, 2, 2, 0, 0, 0
50114, 0, 1, 1, 0, 0, 0
50115, 2, 1, 1, 0, 2, 0
50116, 0, 1, 1, 0, 0, 0
50117, 5, 2, 2, 0, 5, 0
50118, 0, 1, 1, 0, 0, 0
50119, 0, 5, 5, 0, 0, 0
50120, 0, 3, 3, 0, 0, 0
50121, 0, 1, 1, 0, 0, 0
37411, 1, 3, 3, 0, 1, 0
50122, 0, 2, 2, 0, 0, 0
22970, 1, 2, 2, 0, 1, 0
22979, 0, 2, 1, 1, 0, 0
22981, 0, 5, 4, 1, 0, 0
22984, 2, 5, 3, 2, 2, 0
22986, 17, 7, 5, 2, 9, 8
22987, 0, 1, 0, 1, 0, 0
6448, 0, 4, 3, 1, 0, 0
25352, 0, 1, 1, 0, 0, 0
25356, 1, 3, 3, 0, 1, 0
25357, 0, 1, 1, 0, 0, 0
11150, 0, 3, 2, 1, 0, 0
19404, 2, 6, 4, 2, 2, 0
20150, 2, 7, 3, 4, 2, 0
22768, 0, 5, 2, 3, 0, 0
23371, 0, 3, 2, 1, 0, 0
31589, 1, 2, 2, 0, 1, 0
33878, 23, 3, 2, 1, 20, 3
36612, 1, 3, 3, 0, 1, 0
37568, 0, 3, 3, 0, 0, 0
42421, 1, 4, 3, 1, 1, 0
43199, 1, 3, 2, 1, 1, 0
45639, 5, 7, 5, 2, 5, 0
45714, 0, 3, 3, 0, 0, 0
46193, 2, 2, 1, 1, 1, 1
50123, 0, 1, 1, 0, 0, 0
50124, 0, 1, 1, 0, 0, 0
50125, 0, 1, 1, 0, 0, 0
50126, 0, 2, 2, 0, 0, 0
50127, 0, 1, 1, 0, 0, 0
50128, 17, 1, 0, 1, 17, 0
50129, 4, 1, 0, 1, 3, 1
50130, 0, 1, 0, 1, 0, 0
50131, 2, 1, 0, 1, 0, 2
50132, 1, 2, 0, 2, 0, 1
50133, 0, 3, 2, 1, 0, 0
50134, 0, 1, 0, 1, 0, 0
50135, 0, 1, 0, 1, 0, 0
50136, 0, 1, 0, 1, 0, 0
50137, 0, 1, 0, 1, 0, 0
50138, 1, 1, 0, 1, 1, 0
50139, 0, 1, 0, 1, 0, 0
50140, 0, 1, 0, 1, 0, 0
50141, 0, 1, 0, 1, 0, 0
50142, 0, 2, 1, 1, 0, 0
50143, 2, 4, 3, 1, 2, 0
50144, 3, 3, 1, 2, 1, 2
44520, 0, 2, 2, 0, 0, 0
17182, 2, 3, 3, 0, 2, 0
17294, 1, 6, 6, 0, 1, 0
17775, 0, 3, 1, 2, 0, 0
22458, 3, 11, 11, 0, 3, 0
26216, 0, 1, 1, 0, 0, 0
26217, 0, 2, 1, 1, 0, 0
26218, 1, 4, 3, 1, 1, 0
18799, 37, 6, 3, 3, 26, 11
25073, 0, 11, 9, 2, 0, 0
26423, 1, 4, 4, 0, 1, 0
29955, 0, 3, 2, 1, 0, 0
33666, 12, 2, 2, 0, 12, 0
50145, 9, 2, 2, 0, 9, 0
50146, 0, 1, 1, 0, 0, 0
50147, 0, 3, 2, 1, 0, 0
50148, 2, 2, 2, 0, 1, 1
50149, 0, 1, 1, 0, 0, 0
50150, 0, 2, 2, 0, 0, 0
50151, 6, 1, 1, 0, 6, 0
50152, 17, 1, 1, 0, 13, 4
50153, 0, 1, 1, 0, 0, 0
25926, 0, 3, 3, 0, 0, 0
44633, 6, 6, 5, 1, 3, 3
45880, 1, 2, 1, 1, 1, 0
6549, 1, 12, 12, 0, 1, 0
7797, 0, 2, 2, 0, 0, 0
10063, 3, 4, 1, 3, 3, 0
21570, 0, 2, 2, 0, 0, 0
24188, 0, 1, 1, 0, 0, 0
24189, 0, 3, 3, 0, 0, 0
24190, 0, 2, 2, 0, 0, 0
24193, 0, 2, 2, 0, 0, 0
24194, 0, 1, 1, 0, 0, 0
24196, 18, 8, 6, 2, 12, 6
24199, 4, 5, 4, 1, 3, 1
24203, 12, 4, 2, 2, 12, 0
24205, 11, 4, 1, 3, 11, 0
24206, 10, 6, 4, 2, 6, 4
24209, 0, 1, 0, 1, 0, 0
24212, 0, 2, 1, 1, 0, 0
9044, 4, 9, 5, 4, 4, 0
19746, 1, 3, 1, 2, 1, 0
50154, 0, 2, 2, 0, 0, 0
5246, 26, 2, 2, 0, 21, 5
5248, 2, 5, 4, 1, 2, 0
5257, 1, 2, 2, 0, 0, 1
5261, 1, 1, 1, 0, 1, 0
5265, 1, 1, 1, 0, 1, 0
5268, 1, 1, 1, 0, 0, 1
5271, 29, 2, 2, 0, 16, 13
5273, 1, 1, 1, 0, 1, 0
5275, 0, 2, 2, 0, 0, 0
5278, 7, 3, 2, 1, 5, 2
5286, 6, 3, 3, 0, 0, 6
5288, 0, 1, 1, 0, 0, 0
5292, 0, 3, 2, 1, 0, 0
5298, 0, 1, 1, 0, 0, 0
5302, 5, 10, 9, 1, 5, 0
5304, 16, 5, 5, 0, 11, 5
5309, 0, 2, 2, 0, 0, 0
5324, 0, 3, 2, 1, 0, 0
6936, 0, 5, 5, 0, 0, 0
26724, 0, 15, 15, 0, 0, 0
36716, 0, 3, 3, 0, 0, 0
50210, 0, 1, 1, 0, 0, 0
25407, 7, 3, 3, 0, 7, 0
25408, 0, 2, 2, 0, 0, 0
25410, 5, 3, 3, 0, 3, 2
25411, 0, 1, 1, 0, 0, 0
25412, 1, 10, 7, 3, 0, 1
19826, 6, 1, 1, 0, 5, 1
50211, 1, 1, 1, 0, 1, 0
18342, 7, 3, 3, 0, 6, 1
18992, 0, 11, 8, 3, 0, 0
23298, 13, 6, 6, 0, 4, 9
35596, 5, 6, 4, 2, 3, 2
50212, 0, 1, 1, 0, 0, 0
50213, 0, 1, 1, 0, 0, 0
50214, 1, 2, 1, 1, 0, 1
7932, 9, 8, 5, 3, 7, 2
12520, 2, 2, 2, 0, 1, 1
12525, 1, 2, 2, 0, 0, 1
12538, 0, 2, 2, 0, 0, 0
12542, 2, 1, 1, 0, 2, 0
12546, 0, 1, 1, 0, 0, 0
12552, 0, 1, 1, 0, 0, 0
12553, 0, 7, 7, 0, 0, 0
10879, 4, 5, 4, 1, 4, 0
46147, 4, 3, 3, 0, 1, 3
46148, 0, 1, 1, 0, 0, 0
8333, 0, 4, 0, 4, 0, 0
17456, 0, 3, 0, 3, 0, 0
18460, 0, 2, 0, 2, 0, 0
20360, 3, 4, 3, 1, 3, 0
21022, 0, 2, 2, 0, 0, 0
25603, 9, 6, 1, 5, 7, 2
30031, 0, 5, 0, 5, 0, 0
35012, 0, 4, 2, 2, 0, 0
35395, 0, 6, 4, 2, 0, 0
40460, 0, 1, 1, 0, 0, 0
40462, 3, 1, 1, 0, 3, 0
40463, 0, 4, 4, 0, 0, 0
40464, 0, 3, 3, 0, 0, 0
40465, 0, 7, 5, 2, 0, 0
40467, 0, 1, 0, 1, 0, 0
40468, 0, 4, 1, 3, 0, 0
40470, 0, 4, 1, 3, 0, 0
40472, 0, 1, 0, 1, 0, 0
40473, 0, 3, 0, 3, 0, 0
40474, 0, 4, 0, 4, 0, 0
40475, 0, 1, 0, 1, 0, 0
40476, 0, 2, 0, 2, 0, 0
12052, 8, 3, 3, 0, 8, 0
13418, 19, 3, 3, 0, 19, 0
14073, 2, 9, 7, 2, 2, 0
15231, 0, 3, 1, 2, 0, 0
20012, 0, 5, 5, 0, 0, 0
20014, 0, 4, 4, 0, 0, 0
20017, 2, 1, 1, 0, 2, 0
20019, 0, 2, 2, 0, 0, 0
20020, 0, 1, 1, 0, 0, 0
20021, 9, 9, 9, 0, 9, 0
20023, 1, 1, 1, 0, 1, 0
20025, 0, 4, 4, 0, 0, 0
20026, 0, 8, 8, 0, 0, 0
20027, 12, 3, 2, 1, 12, 0
20028, 29, 3, 3, 0, 28, 1
20030, 0, 3, 3, 0, 0, 0
44073, 4, 2, 2, 0, 4, 0
44074, 7, 2, 1, 1, 4, 3
44075, 0, 1, 0, 1, 0, 0
50215, 3, 2, 2, 0, 1, 2
19038, 0, 3, 1, 2, 0, 0
23131, 0, 3, 1, 2, 0, 0
25548, 5, 1, 1, 0, 5, 0
27470, 7, 4, 3, 1, 7, 0
27779, 0, 2, 1, 1, 0, 0
34942, 0, 2, 0, 2, 0, 0
35605, 0, 2, 2, 0, 0, 0
37701, 9, 3, 3, 0, 8, 1
40695, 1, 4, 1, 3, 1, 0
42462, 1, 9, 3, 6, 1, 0
44310, 4, 1, 0, 1, 4, 0
46269, 0, 3, 3, 0, 0, 0
50216, 0, 1, 1, 0, 0, 0
50217, 0, 2, 2, 0, 0, 0
50218, 2, 3, 3, 0, 1, 1
50219, 0, 1, 1, 0, 0, 0
50220, 0, 1, 1, 0, 0, 0
50221, 6, 3, 2, 1, 6, 0
50222, 0, 2, 1, 1, 0, 0
50223, 0, 1, 1, 0, 0, 0
50224, 0, 1, 1, 0, 0, 0
50225, 0, 1, 1, 0, 0, 0
50226, 0, 1, 1, 0, 0, 0
50227, 0, 2, 2, 0, 0, 0
50228, 0, 1, 1, 0, 0, 0
50229, 1, 1, 1, 0, 1, 0
50230, 0, 5, 2, 3, 0, 0
50231, 0, 1, 0, 1, 0, 0
50232, 0, 2, 1, 1, 0, 0
50233, 0, 1, 0, 1, 0, 0
50234, 2, 3, 1, 2, 2, 0
50235, 0, 1, 0, 1, 0, 0
50236, 0, 1, 0, 1, 0, 0
50237, 0, 1, 0, 1, 0, 0
50238, 0, 1, 0, 1, 0, 0
50239, 0, 2, 0, 2, 0, 0
50240, 0, 2, 1, 1, 0, 0
50241, 0, 1, 0, 1, 0, 0
50242, 0, 1, 0, 1, 0, 0
35277, 14, 8, 5, 3, 14, 0
9051, 0, 20, 14, 6, 0, 0
14087, 2, 6, 3, 3, 2, 0
14102, 0, 4, 4, 0, 0, 0
17954, 1, 2, 0, 2, 1, 0
18329, 21, 10, 8, 2, 21, 0
27486, 1, 3, 1, 2, 1, 0
27686, 0, 2, 2, 0, 0, 0
36568, 8, 1, 0, 1, 8, 0
41623, 0, 3, 3, 0, 0, 0
50243, 0, 3, 3, 0, 0, 0
50244, 0, 2, 2, 0, 0, 0
50245, 0, 1, 1, 0, 0, 0
50246, 0, 1, 1, 0, 0, 0
50247, 0, 1, 1, 0, 0, 0
50248, 0, 1, 1, 0, 0, 0
50249, 0, 1, 1, 0, 0, 0
50250, 0, 1, 1, 0, 0, 0
50251, 0, 1, 0, 1, 0, 0
50252, 0, 1, 0, 1, 0, 0
50253, 0, 1, 0, 1, 0, 0
50254, 0, 1, 0, 1, 0, 0
50255, 0, 1, 0, 1, 0, 0
50256, 0, 1, 0, 1, 0, 0
50257, 0, 1, 0, 1, 0, 0
50258, 0, 1, 0, 1, 0, 0
50259, 0, 4, 1, 3, 0, 0
50260, 0, 1, 0, 1, 0, 0
50261, 0, 7, 7, 0, 0, 0
38766, 7, 2, 1, 1, 3, 4
50262, 3, 2, 2, 0, 3, 0
50263, 0, 1, 1, 0, 0, 0
50264, 0, 1, 1, 0, 0, 0
50265, 0, 2, 0, 2, 0, 0
50266, 0, 1, 1, 0, 0, 0
50267, 1, 1, 1, 0, 1, 0
50268, 0, 3, 2, 1, 0, 0
20554, 0, 3, 0, 3, 0, 0
27987, 0, 3, 3, 0, 0, 0
27988, 0, 1, 1, 0, 0, 0
27990, 0, 1, 1, 0, 0, 0
27992, 0, 2, 1, 1, 0, 0
27993, 0, 5, 3, 2, 0, 0
27994, 3, 1, 0, 1, 2, 1
27995, 0, 1, 0, 1, 0, 0
27996, 11, 3, 2, 1, 11, 0
27998, 0, 4, 2, 2, 0, 0
38873, 0, 3, 3, 0, 0, 0
41165, 2, 3, 2, 1, 2, 0
41166, 0, 2, 2, 0, 0, 0
41168, 2, 3, 1, 2, 2, 0
50269, 2, 1, 1, 0, 1, 1
50270, 0, 1, 1, 0, 0, 0
50271, 0, 3, 2, 1, 0, 0
50272, 0, 1, 1, 0, 0, 0
7142, 0, 4, 4, 0, 0, 0
50273, 0, 2, 2, 0, 0, 0
50274, 2, 2, 2, 0, 2, 0
50275, 0, 1, 1, 0, 0, 0
50276, 4, 6, 4, 2, 4, 0
50277, 0, 1, 1, 0, 0, 0
45998, 0, 5, 5, 0, 0, 0
12613, 0, 4, 3, 1, 0, 0
13252, 5, 8, 4, 4, 5, 0
18947, 2, 6, 5, 1, 2, 0
20979, 0, 4, 3, 1, 0, 0
23530, 0, 8, 2, 6, 0, 0
24906, 16, 6, 5, 1, 9, 7
26198, 0, 5, 3, 2, 0, 0
26485, 22, 4, 2, 2, 22, 0
33761, 8, 2, 1, 1, 7, 1
36317, 0, 7, 4, 3, 0, 0
37277, 0, 5, 2, 3, 0, 0
43424, 0, 4, 0, 4, 0, 0
50278, 4, 4, 4, 0, 4, 0
50279, 1, 3, 2, 1, 1, 0
50280, 0, 2, 0, 2, 0, 0
50281, 3, 2, 1, 1, 1, 2
50282, 13, 6, 4, 2, 13, 0
50283, 0, 2, 1, 1, 0, 0
50284, 0, 1, 0, 1, 0, 0
50285, 0, 1, 0, 1, 0, 0
50286, 0, 2, 1, 1, 0, 0
50287, 0, 2, 1, 1, 0, 0
50288, 0, 1, 0, 1, 0, 0
50289, 0, 1, 0, 1, 0, 0
50290, 12, 2, 1, 1, 9, 3
50291, 1, 3, 2, 1, 1, 0
22801, 12, 5, 5, 0, 9, 3
27360, 3, 5, 3, 2, 1, 2
43431, 0, 6, 5, 1, 0, 0
43751, 0, 3, 0, 3, 0, 0
50292, 0, 1, 1, 0, 0, 0
50293, 0, 1, 0, 1, 0, 0
10136, 0, 5, 5, 0, 0, 0
22796, 2, 1, 1, 0, 2, 0
22798, 0, 1, 1, 0, 0, 0
22802, 0, 2, 2, 0, 0, 0
22805, 0, 1, 1, 0, 0, 0
18075, 0, 6, 5, 1, 0, 0
50294, 0, 2, 2, 0, 0, 0
50295, 0, 2, 0, 2, 0, 0
25979, 3, 2, 2, 0, 3, 0
25982, 0, 1, 0, 1, 0, 0
6432, 11, 10, 9, 1, 11, 0
13121, 12, 11, 8, 3, 11, 1
13836, 0, 12, 9, 3, 0, 0
20541, 0, 1, 1, 0, 0, 0
20544, 0, 3, 2, 1, 0, 0
20545, 0, 1, 1, 0, 0, 0
20549, 0, 1, 1, 0, 0, 0
20550, 1, 1, 1, 0, 0, 1
20552, 0, 5, 4, 1, 0, 0
20557, 0, 1, 0, 1, 0, 0
20558, 8, 9, 4, 5, 7, 1
20560, 0, 1, 0, 1, 0, 0
20562, 0, 13, 9, 4, 0, 0
20565, 3, 2, 1, 1, 3, 0
50296, 0, 3, 2, 1, 0, 0
50297, 0, 3, 2, 1, 0, 0
9155, 1, 7, 6, 1, 0, 1
12945, 0, 5, 5, 0, 0, 0
13263, 17, 3, 1, 2, 0, 17
18393, 5, 6, 6, 0, 5, 0
22281, 2, 5, 5, 0, 2, 0
30655, 10, 2, 2, 0, 10, 0
39058, 0, 3, 3, 0, 0, 0
44971, 8, 2, 0, 2, 3, 5
46104, 0, 1, 1, 0, 0, 0
46105, 0, 2, 2, 0, 0, 0
46106, 0, 2, 1, 1, 0, 0
46108, 1, 1, 1, 0, 1, 0
46109, 0, 2, 2, 0, 0, 0
46110, 0, 1, 1, 0, 0, 0
46112, 0, 1, 1, 0, 0, 0
46113, 0, 1, 1, 0, 0, 0
46115, 0, 1, 1, 0, 0, 0
46116, 0, 1, 1, 0, 0, 0
46117, 3, 3, 3, 0, 3, 0
46118, 1, 1, 1, 0, 0, 1
46119, 0, 1, 1, 0, 0, 0
46120, 0, 1, 1, 0, 0, 0
46121, 0, 1, 1, 0, 0, 0
50298, 4, 2, 2, 0, 3, 1
50299, 0, 1, 1, 0, 0, 0
31244, 9, 1, 1, 0, 8, 1
12753, 0, 3, 3, 0, 0, 0
50300, 1, 2, 2, 0, 1, 0
7049, 0, 4, 4, 0, 0, 0
23345, 1, 2, 1, 1, 0, 1
24404, 13, 2, 2, 0, 10, 3
24770, 52, 3, 1, 2, 0, 52
33808, 1, 3, 3, 0, 1, 0
36987, 4, 6, 3, 3, 4, 0
40659, 0, 1, 1, 0, 0, 0
40660, 0, 1, 1, 0, 0, 0
40661, 0, 2, 2, 0, 0, 0
40662, 2, 4, 4, 0, 2, 0
40664, 0, 1, 1, 0, 0, 0
40665, 0, 1, 1, 0, 0, 0
40666, 4, 1, 1, 0, 3, 1
40667, 27, 3, 3, 0, 20, 7
40668, 8, 1, 1, 0, 8, 0
40669, 1, 1, 1, 0, 1, 0
40670, 0, 1, 1, 0, 0, 0
40671, 0, 1, 1, 0, 0, 0
40672, 0, 1, 1, 0, 0, 0
40673, 0, 1, 1, 0, 0, 0
40674, 16, 2, 0, 2, 7, 9
40675, 0, 1, 0, 1, 0, 0
40676, 0, 2, 1, 1, 0, 0
40677, 0, 1, 0, 1, 0, 0
40678, 0, 1, 0, 1, 0, 0
40679, 0, 2, 1, 1, 0, 0
40680, 0, 1, 0, 1, 0, 0
40681, 0, 1, 0, 1, 0, 0
40682, 0, 1, 0, 1, 0, 0
40683, 0, 2, 0, 2, 0, 0
40684, 4, 5, 1, 4, 2, 2
11974, 0, 4, 1, 3, 0, 0
19293, 0, 2, 1, 1, 0, 0
24544, 0, 7, 4, 3, 0, 0
30632, 3, 2, 2, 0, 2, 1
35109, 2, 3, 2, 1, 2, 0
36650, 0, 3, 2, 1, 0, 0
40689, 8, 3, 3, 0, 3, 5
41798, 0, 5, 5, 0, 0, 0
43415, 0, 1, 1, 0, 0, 0
43416, 0, 1, 1, 0, 0, 0
43417, 0, 1, 1, 0, 0, 0
43418, 0, 1, 1, 0, 0, 0
43419, 5, 1, 0, 1, 5, 0
43421, 3, 4, 3, 1, 2, 1
43422, 0, 1, 0, 1, 0, 0
43423, 0, 1, 0, 1, 0, 0
43425, 0, 3, 2, 1, 0, 0
43426, 32, 3, 2, 1, 30, 2
43427, 0, 2, 1, 1, 0, 0
43428, 3, 1, 0, 1, 3, 0
43429, 1, 3, 0, 3, 1, 0
43430, 0, 4, 2, 2, 0, 0
43432, 0, 2, 0, 2, 0, 0
43433, 6, 1, 0, 1, 6, 0
43434, 0, 1, 0, 1, 0, 0
43435, 0, 6, 3, 3, 0, 0
43436, 0, 1, 0, 1, 0, 0
43437, 1, 1, 0, 1, 1, 0
43438, 7, 1, 0, 1, 6, 1
43439, 2, 1, 0, 1, 2, 0
9209, 6, 4, 4, 0, 6, 0
34353, 0, 2, 0, 2, 0, 0
45653, 0, 3, 3, 0, 0, 0
45654, 1, 2, 2, 0, 1, 0
45655, 0, 4, 1, 3, 0, 0
45656, 0, 3, 0, 3, 0, 0
45657, 0, 1, 0, 1, 0, 0
45658, 0, 2, 0, 2, 0, 0
14229, 0, 2, 2, 0, 0, 0
16818, 0, 10, 10, 0, 0, 0
17909, 3, 6, 6, 0, 3, 0
20660, 0, 4, 4, 0, 0, 0
35804, 4, 4, 2, 2, 1, 3
36673, 0, 1, 1, 0, 0, 0
36674, 1, 1, 1, 0, 1, 0
36676, 0, 4, 3, 1, 0, 0
36677, 4, 1, 1, 0, 4, 0
36678, 0, 1, 1, 0, 0, 0
36679, 10, 6, 6, 0, 10, 0
36680, 2, 2, 2, 0, 2, 0
36681, 0, 2, 2, 0, 0, 0
9326, 0, 4, 1, 3, 0, 0
50301, 4, 2, 2, 0, 3, 1
50302, 0, 1, 0, 1, 0, 0
15564, 3, 14, 8, 6, 3, 0
16085, 1, 1, 0, 1, 0, 1
16086, 0, 1, 0, 1, 0, 0
16087, 0, 1, 0, 1, 0, 0
16089, 0, 1, 0, 1, 0, 0
9122, 13, 5, 5, 0, 10, 3
13754, 7, 3, 2, 1, 5, 2
14482, 2, 2, 1, 1, 0, 2
14489, 6, 6, 5, 1, 5, 1
14490, 0, 2, 2, 0, 0, 0
14496, 2, 4, 2, 2, 0, 2
14504, 0, 1, 1, 0, 0, 0
14506, 6, 4, 4, 0, 6, 0
14509, 2, 1, 0, 1, 0, 2
14511, 0, 4, 3, 1, 0, 0
14512, 3, 1, 0, 1, 2, 1
50303, 5, 5, 5, 0, 5, 0
50304, 0, 3, 3, 0, 0, 0
6644, 3, 3, 2, 1, 2, 1
7050, 0, 4, 3, 1, 0, 0
14557, 0, 1, 1, 0, 0, 0
14558, 0, 3, 3, 0, 0, 0
14559, 0, 7, 7, 0, 0, 0
14560, 1, 2, 2, 0, 1, 0
14563, 1, 2, 2, 0, 1, 0
14564, 0, 3, 3, 0, 0, 0
14566, 1, 2, 2, 0, 1, 0
14569, 4, 1, 1, 0, 4, 0
14571, 0, 4, 4, 0, 0, 0
14572, 0, 7, 7, 0, 0, 0
14575, 0, 1, 1, 0, 0, 0
14576, 0, 4, 3, 1, 0, 0
14577, 0, 1, 1, 0, 0, 0
14579, 0, 1, 1, 0, 0, 0
14581, 0, 1, 1, 0, 0, 0
14582, 1, 1, 1, 0, 1, 0
14584, 0, 1, 1, 0, 0, 0
14585, 8, 1, 1, 0, 8, 0
14590, 0, 1, 1, 0, 0, 0
14592, 0, 3, 1, 2, 0, 0
14594, 0, 3, 3, 0, 0, 0
14596, 5, 7, 6, 1, 5, 0
14597, 0, 1, 1, 0, 0, 0
14599, 0, 10, 10, 0, 0, 0
14600, 0, 1, 1, 0, 0, 0
14603, 7, 3, 1, 2, 6, 1
14605, 10, 9, 7, 2, 10, 0
14606, 0, 1, 0, 1, 0, 0
14609, 0, 2, 0, 2, 0, 0
14611, 4, 4, 3, 1, 4, 0
10219, 3, 5, 4, 1, 0, 3
16122, 0, 5, 5, 0, 0, 0
22531, 0, 13, 13, 0, 0, 0
24214, 10, 2, 2, 0, 10, 0
25905, 21, 4, 3, 1, 13, 8
33457, 3, 2, 1, 1, 3, 0
44431, 2, 3, 0, 3, 2, 0
44689, 2, 2, 2, 0, 2, 0
50305, 0, 1, 1, 0, 0, 0
50306, 0, 1, 1, 0, 0, 0
50307, 0, 2, 2, 0, 0, 0
50308, 0, 1, 1, 0, 0, 0
50309, 0, 1, 1, 0, 0, 0
50310, 2, 1, 1, 0, 2, 0
50311, 2, 2, 2, 0, 1, 1
50312, 0, 1, 1, 0, 0, 0
50313, 0, 1, 0, 1, 0, 0
50314, 1, 1, 0, 1, 1, 0
18880, 0, 4, 3, 1, 0, 0
35365, 0, 6, 6, 0, 0, 0
35377, 3, 6, 4, 2, 1, 2
41895, 1, 1, 1, 0, 1, 0
5327, 0, 1, 1, 0, 0, 0
50327, 0, 4, 4, 0, 0, 0
50328, 0, 7, 2, 5, 0, 0
50329, 0, 1, 0, 1, 0, 0
23276, 49, 6, 6, 0, 49, 0
25001, 36, 9, 9, 0, 34, 2
50330, 16, 5, 5, 0, 8, 8
50331, 0, 1, 1, 0, 0, 0
50332, 32, 2, 2, 0, 32, 0
50333, 7, 1, 1, 0, 5, 2
50334, 1, 1, 1, 0, 1, 0
50335, 13, 1, 0, 1, 0, 13
5337, 2, 2, 2, 0, 1, 1
5342, 0, 2, 2, 0, 0, 0
23320, 0, 2, 2, 0, 0, 0
6052, 41, 7, 6, 1, 40, 1
16744, 0, 6, 6, 0, 0, 0
17636, 0, 3, 3, 0, 0, 0
17638, 0, 8, 8, 0, 0, 0
17639, 1, 16, 16, 0, 1, 0
17642, 0, 3, 3, 0, 0, 0
17644, 0, 4, 4, 0, 0, 0
17645, 4, 6, 6, 0, 4, 0
17646, 0, 4, 4, 0, 0, 0
17647, 0, 5, 4, 1, 0, 0
17649, 0, 3, 3, 0, 0, 0
17651, 4, 4, 4, 0, 2, 2
24651, 0, 4, 4, 0, 0, 0
25131, 0, 1, 1, 0, 0, 0
5352, 2, 7, 5, 2, 2, 0
5354, 3, 7, 7, 0, 3, 0
5361, 0, 3, 3, 0, 0, 0
5365, 0, 2, 1, 1, 0, 0
9551, 0, 13, 13, 0, 0, 0
19273, 5, 4, 4, 0, 5, 0
21102, 3, 5, 5, 0, 3, 0
24709, 21, 4, 4, 0, 21, 0
25485, 0, 2, 2, 0, 0, 0
41896, 2, 3, 2, 1, 2, 0
48832, 3, 6, 6, 0, 3, 0
50339, 4, 2, 1, 1, 4, 0
50340, 0, 2, 2, 0, 0, 0
44588, 0, 10, 10, 0, 0, 0
15663, 4, 8, 8, 0, 4, 0
16701, 0, 3, 3, 0, 0, 0
16703, 9, 3, 3, 0, 9, 0
19286, 0, 6, 3, 3, 0, 0
37519, 0, 3, 3, 0, 0, 0
50341, 0, 2, 2, 0, 0, 0
50342, 1, 1, 0, 1, 0, 1
40608, 0, 3, 0, 3, 0, 0
6464, 7, 6, 4, 2, 2, 5
16821, 0, 2, 2, 0, 0, 0
20813, 3, 6, 0, 6, 3, 0
22306, 32, 6, 3, 3, 32, 0
32819, 0, 3, 1, 2, 0, 0
34509, 0, 5, 5, 0, 0, 0
34949, 0, 10, 1, 9, 0, 0
36328, 0, 6, 5, 1, 0, 0
50343, 0, 1, 1, 0, 0, 0
50344, 0, 1, 1, 0, 0, 0
50345, 0, 3, 3, 0, 0, 0
50346, 0, 1, 0, 1, 0, 0
50347, 0, 2, 1, 1, 0, 0
50348, 0, 2, 1, 1, 0, 0
50349, 0, 1, 0, 1, 0, 0
50350, 0, 1, 0, 1, 0, 0
50351, 0, 4, 2, 2, 0, 0
50352, 0, 1, 0, 1, 0, 0
50353, 0, 3, 0, 3, 0, 0
50354, 0, 2, 0, 2, 0, 0
50355, 0, 1, 0, 1, 0, 0
50356, 2, 1, 0, 1, 2, 0
50357, 0, 1, 0, 1, 0, 0
50358, 1, 7, 3, 4, 1, 0
50359, 0, 1, 0, 1, 0, 0
50360, 2, 2, 1, 1, 2, 0
50361, 0, 1, 0, 1, 0, 0
26706, 2, 6, 6, 0, 2, 0
29478, 15, 4, 2, 2, 11, 4
32823, 0, 3, 0, 3, 0, 0
38430, 0, 3, 0, 3, 0, 0
50362, 0, 5, 5, 0, 0, 0
50363, 0, 1, 0, 1, 0, 0
50364, 0, 1, 0, 1, 0, 0
50365, 0, 1, 0, 1, 0, 0
18198, 0, 3, 0, 3, 0, 0
26147, 0, 1, 1, 0, 0, 0
26148, 1, 2, 2, 0, 0, 1
26151, 0, 7, 7, 0, 0, 0
15692, 0, 5, 5, 0, 0, 0
44552, 4, 1, 1, 0, 3, 1
11882, 55, 4, 1, 3, 18, 37
43651, 2, 1, 1, 0, 2, 0
43652, 18, 2, 2, 0, 16, 2
5372, 0, 1, 1, 0, 0, 0
5373, 0, 1, 1, 0, 0, 0
5374, 16, 10, 9, 1, 16, 0
5376, 0, 7, 7, 0, 0, 0
5377, 0, 5, 5, 0, 0, 0
50366, 0, 2, 1, 1, 0, 0
50367, 1, 2, 1, 1, 1, 0
50368, 0, 1, 1, 0, 0, 0
50369, 0, 4, 4, 0, 0, 0
50370, 0, 1, 1, 0, 0, 0
50374, 3, 2, 2, 0, 3, 0
50375, 1, 1, 1, 0, 1, 0
50376, 0, 2, 2, 0, 0, 0
6941, 8, 3, 3, 0, 8, 0
8016, 0, 10, 7, 3, 0, 0
14731, 14, 5, 4, 1, 13, 1
18852, 0, 6, 6, 0, 0, 0
22457, 0, 6, 6, 0, 0, 0
30545, 0, 4, 2, 2, 0, 0
37765, 8, 5, 4, 1, 8, 0
37953, 0, 5, 4, 1, 0, 0
38422, 0, 7, 4, 3, 0, 0
40252, 32, 3, 3, 0, 23, 9
40253, 6, 3, 2, 1, 5, 1
40256, 6, 2, 2, 0, 6, 0
40257, 0, 4, 4, 0, 0, 0
40258, 0, 2, 1, 1, 0, 0
40259, 2, 2, 1, 1, 2, 0
40260, 0, 1, 1, 0, 0, 0
40261, 5, 3, 2, 1, 4, 1
40262, 0, 1, 1, 0, 0, 0
40263, 0, 3, 2, 1, 0, 0
40264, 0, 3, 2, 1, 0, 0
40267, 12, 2, 1, 1, 8, 4
40268, 3, 4, 4, 0, 2, 1
40269, 3, 1, 1, 0, 2, 1
40270, 0, 4, 3, 1, 0, 0
40271, 0, 2, 1, 1, 0, 0
40273, 0, 3, 3, 0, 0, 0
40274, 0, 1, 1, 0, 0, 0
29326, 0, 2, 2, 0, 0, 0
6791, 0, 4, 2, 2, 0, 0
10923, 0, 7, 0, 7, 0, 0
28213, 0, 2, 2, 0, 0, 0
28214, 0, 3, 2, 1, 0, 0
28215, 3, 3, 3, 0, 3, 0
28216, 1, 3, 2, 1, 1, 0
28217, 1, 2, 1, 1, 1, 0
28218, 1, 3, 2, 1, 1, 0
28219, 0, 3, 2, 1, 0, 0
28222, 0, 1, 0, 1, 0, 0
22348, 0, 2, 2, 0, 0, 0
29327, 0, 3, 3, 0, 0, 0
29814, 0, 4, 4, 0, 0, 0
46407, 0, 2, 0, 2, 0, 0
50377, 2, 1, 1, 0, 2, 0
18844, 11, 11, 10, 1, 11, 0
50378, 0, 7, 7, 0, 0, 0
50379, 0, 1, 0, 1, 0, 0
16986, 1, 3, 1, 2, 1, 0
40595, 1, 3, 2, 1, 1, 0
50380, 0, 2, 2, 0, 0, 0
50381, 0, 1, 1, 0, 0, 0
50382, 35, 3, 2, 1, 20, 15
50383, 2, 1, 1, 0, 2, 0
25191, 19, 2, 2, 0, 17, 2
27357, 0, 2, 2, 0, 0, 0
27359, 1, 1, 1, 0, 1, 0
27362, 0, 2, 1, 1, 0, 0
27363, 0, 1, 1, 0, 0, 0
27364, 1, 3, 3, 0, 1, 0
27367, 0, 4, 4, 0, 0, 0
9284, 13, 11, 8, 3, 13, 0
19723, 14, 5, 4, 1, 14, 0
30034, 4, 9, 7, 2, 2, 2
50437, 7, 1, 1, 0, 6, 1
50438, 13, 2, 1, 1, 4, 9
50439, 1, 1, 0, 1, 0, 1
5410, 7, 5, 5, 0, 5, 2
5411, 0, 3, 3, 0, 0, 0
5416, 3, 6, 6, 0, 3, 0
5419, 0, 3, 3, 0, 0, 0
5433, 0, 2, 2, 0, 0, 0
5444, 0, 1, 1, 0, 0, 0
5448, 0, 1, 1, 0, 0, 0
5458, 2, 2, 2, 0, 2, 0
5463, 0, 1, 1, 0, 0, 0
5470, 0, 2, 2, 0, 0, 0
5477, 1, 5, 5, 0, 0, 1
5482, 0, 1, 1, 0, 0, 0
5483, 0, 6, 5, 1, 0, 0
5484, 0, 2, 2, 0, 0, 0
5485, 0, 6, 3, 3, 0, 0
5488, 10, 3, 2, 1, 9, 1
5494, 0, 2, 0, 2, 0, 0
50440, 7, 2, 1, 1, 7, 0
50441, 5, 2, 2, 0, 5, 0
34513, 38, 2, 2, 0, 38, 0
50442, 4, 2, 2, 0, 4, 0
50443, 0, 1, 1, 0, 0, 0
13155, 0, 1, 1, 0, 0, 0
9657, 0, 2, 2, 0, 0, 0
22404, 0, 5, 1, 4, 0, 0
25432, 1, 2, 2, 0, 1, 0
28305, 0, 4, 4, 0, 0, 0
28844, 0, 5, 4, 1, 0, 0
32526, 0, 4, 3, 1, 0, 0
38500, 4, 5, 5, 0, 4, 0
42415, 0, 3, 1, 2, 0, 0
50444, 0, 2, 2, 0, 0, 0
50445, 0, 1, 1, 0, 0, 0
50446, 0, 1, 1, 0, 0, 0
50447, 0, 1, 1, 0, 0, 0
50448, 1, 1, 0, 1, 0, 1
50449, 0, 1, 0, 1, 0, 0
50450, 34, 3, 2, 1, 34, 0
50451, 20, 2, 1, 1, 20, 0
50452, 0, 1, 0, 1, 0, 0
50453, 0, 3, 0, 3, 0, 0
50454, 11, 2, 1, 1, 10, 1
50455, 0, 2, 1, 1, 0, 0
50456, 16, 3, 2, 1, 12, 4
50457, 4, 5, 4, 1, 3, 1
50458, 0, 1, 0, 1, 0, 0
50459, 0, 2, 1, 1, 0, 0
50460, 72, 5, 5, 0, 67, 5
50461, 0, 1, 0, 1, 0, 0
48440, 5, 1, 1, 0, 5, 0
50462, 0, 2, 2, 0, 0, 0
15167, 3, 2, 2, 0, 3, 0
15168, 0, 1, 1, 0, 0, 0
15169, 5, 4, 4, 0, 5, 0
15170, 4, 4, 4, 0, 4, 0
15173, 0, 1, 1, 0, 0, 0
13294, 0, 9, 9, 0, 0, 0
30737, 12, 7, 5, 2, 11, 1
44095, 3, 1, 1, 0, 3, 0
50463, 0, 1, 1, 0, 0, 0
50464, 0, 1, 1, 0, 0, 0
50465, 3, 4, 4, 0, 3, 0
50466, 0, 1, 1, 0, 0, 0
50467, 0, 4, 4, 0, 0, 0
50468, 3, 4, 3, 1, 2, 1
50469, 11, 1, 1, 0, 11, 0
50470, 0, 2, 2, 0, 0, 0
50471, 0, 1, 1, 0, 0, 0
50472, 5, 3, 2, 1, 5, 0
50473, 0, 1, 1, 0, 0, 0
50474, 0, 1, 1, 0, 0, 0
19774, 0, 9, 7, 2, 0, 0
27200, 2, 1, 1, 0, 2, 0
27201, 0, 4, 4, 0, 0, 0
27203, 0, 1, 1, 0, 0, 0
27204, 6, 7, 7, 0, 4, 2
27206, 0, 1, 1, 0, 0, 0
27208, 0, 6, 5, 1, 0, 0
35003, 0, 2, 2, 0, 0, 0
50475, 5, 1, 1, 0, 3, 2
20526, 0, 3, 2, 1, 0, 0
25484, 0, 7, 5, 2, 0, 0
44923, 0, 10, 10, 0, 0, 0
50476, 12, 3, 0, 3, 6, 6
45765, 0, 5, 5, 0, 0, 0
50477, 0, 3, 3, 0, 0, 0
50478, 3, 2, 2, 0, 3, 0
37989, 0, 3, 2, 1, 0, 0
42035, 0, 5, 4, 1, 0, 0
50479, 0, 1, 1, 0, 0, 0
50480, 3, 4, 4, 0, 3, 0
50481, 0, 2, 2, 0, 0, 0
50482, 0, 2, 0, 2, 0, 0
39581, 0, 6, 5, 1, 0, 0
44682, 0, 2, 2, 0, 0, 0
44683, 0, 1, 1, 0, 0, 0
44684, 0, 5, 3, 2, 0, 0
28087, 13, 1, 1, 0, 13, 0
35874, 0, 3, 3, 0, 0, 0
46352, 2, 2, 2, 0, 2, 0
46353, 0, 1, 1, 0, 0, 0
46354, 1, 1, 1, 0, 1, 0
25149, 0, 2, 2, 0, 0, 0
50483, 0, 3, 2, 1, 0, 0
50484, 1, 3, 2, 1, 1, 0
50485, 0, 1, 0, 1, 0, 0
50486, 2, 2, 1, 1, 2, 0
50487, 0, 3, 1, 2, 0, 0
18841, 0, 8, 8, 0, 0, 0
37335, 0, 6, 6, 0, 0, 0
50488, 0, 6, 5, 1, 0, 0
50489, 0, 3, 3, 0, 0, 0
10364, 1, 5, 5, 0, 1, 0
20708, 9, 6, 5, 1, 9, 0
50490, 0, 1, 1, 0, 0, 0
50491, 0, 1, 1, 0, 0, 0
16049, 0, 7, 4, 3, 0, 0
20136, 0, 3, 2, 1, 0, 0
20986, 12, 11, 10, 1, 11, 1
26429, 5, 6, 1, 5, 5, 0
29702, 26, 4, 2, 2, 7, 19
30495, 0, 2, 1, 1, 0, 0
33626, 38, 4, 2, 2, 7, 31
46371, 0, 5, 2, 3, 0, 0
50492, 0, 1, 1, 0, 0, 0
50493, 0, 1, 1, 0, 0, 0
50494, 0, 1, 0, 1, 0, 0
50495, 0, 1, 0, 1, 0, 0
50496, 0, 1, 0, 1, 0, 0
50497, 6, 4, 2, 2, 4, 2
50498, 1, 1, 0, 1, 1, 0
50499, 2, 3, 0, 3, 0, 2
50500, 0, 2, 1, 1, 0, 0
50501, 0, 2, 0, 2, 0, 0
23571, 0, 2, 2, 0, 0, 0
50502, 0, 1, 1, 0, 0, 0
50503, 0, 2, 2, 0, 0, 0
50504, 0, 1, 1, 0, 0, 0
50505, 0, 2, 2, 0, 0, 0
50506, 0, 2, 0, 2, 0, 0
50507, 1, 1, 0, 1, 0, 1
8458, 5, 6, 5, 1, 5, 0
26943, 0, 1, 1, 0, 0, 0
26944, 0, 3, 1, 2, 0, 0
26945, 0, 1, 1, 0, 0, 0
26947, 1, 2, 2, 0, 1, 0
26948, 0, 3, 3, 0, 0, 0
26949, 0, 3, 3, 0, 0, 0
26951, 0, 3, 2, 1, 0, 0
26952, 0, 2, 2, 0, 0, 0
26954, 0, 1, 1, 0, 0, 0
26956, 0, 1, 0, 1, 0, 0
6091, 10, 3, 2, 1, 1, 9
12605, 0, 5, 4, 1, 0, 0
18297, 2, 4, 3, 1, 2, 0
18318, 0, 3, 1, 2, 0, 0
22748, 2, 4, 2, 2, 1, 1
27156, 7, 3, 3, 0, 7, 0
31344, 2, 6, 3, 3, 0, 2
40597, 2, 6, 0, 6, 0, 2
44702, 2, 1, 1, 0, 2, 0
50508, 0, 1, 1, 0, 0, 0
50509, 0, 1, 1, 0, 0, 0
50510, 1, 2, 2, 0, 1, 0
50511, 2, 2, 1, 1, 2, 0
50512, 2, 1, 0, 1, 2, 0
50513, 0, 1, 0, 1, 0, 0
50514, 2, 1, 0, 1, 2, 0
50515, 1, 1, 0, 1, 1, 0
50516, 0, 1, 0, 1, 0, 0
50517, 1, 2, 2, 0, 1, 0
50518, 0, 2, 2, 0, 0, 0
19936, 3, 4, 3, 1, 3, 0
21339, 1, 4, 4, 0, 1, 0
44288, 20, 5, 5, 0, 16, 4
50519, 0, 1, 1, 0, 0, 0
50520, 2, 1, 1, 0, 0, 2
50521, 0, 1, 1, 0, 0, 0
50522, 1, 1, 1, 0, 1, 0
50523, 0, 1, 1, 0, 0, 0
50524, 0, 1, 1, 0, 0, 0
50409, 7, 4, 4, 0, 7, 0
50525, 0, 4, 4, 0, 0, 0
50526, 0, 1, 1, 0, 0, 0
50527, 1, 1, 1, 0, 1, 0
41772, 0, 1, 1, 0, 0, 0
23488, 0, 3, 3, 0, 0, 0
23491, 8, 1, 1, 0, 8, 0
23495, 0, 7, 7, 0, 0, 0
23497, 0, 3, 3, 0, 0, 0
23498, 0, 6, 4, 2, 0, 0
23500, 1, 1, 0, 1, 0, 1
23501, 4, 3, 1, 2, 2, 2
23502, 0, 2, 0, 2, 0, 0
23504, 0, 14, 0, 14, 0, 0
6774, 17, 2, 2, 0, 17, 0
15490, 0, 2, 2, 0, 0, 0
16995, 7, 1, 1, 0, 7, 0
18053, 5, 3, 3, 0, 4, 1
19674, 4, 5, 5, 0, 4, 0
21844, 22, 8, 7, 1, 20, 2
27764, 4, 3, 3, 0, 4, 0
27765, 0, 3, 3, 0, 0, 0
27766, 3, 2, 2, 0, 2, 1
27767, 1, 2, 1, 1, 0, 1
27768, 11, 2, 2, 0, 11, 0
27769, 1, 2, 2, 0, 1, 0
27770, 2, 1, 1, 0, 2, 0
27772, 5, 5, 2, 3, 5, 0
27773, 1, 2, 2, 0, 1, 0
27774, 0, 4, 4, 0, 0, 0
27777, 31, 3, 3, 0, 17, 14
27778, 0, 2, 2, 0, 0, 0
27780, 1, 1, 1, 0, 1, 0
27781, 5, 1, 1, 0, 5, 0
27782, 8, 1, 1, 0, 7, 1
27783, 7, 2, 1, 1, 7, 0
27785, 0, 1, 1, 0, 0, 0
27786, 1, 2, 1, 1, 1, 0
27787, 1, 3, 3, 0, 0, 1
27788, 1, 2, 2, 0, 1, 0
27790, 0, 2, 2, 0, 0, 0
27791, 19, 2, 2, 0, 19, 0
27795, 9, 2, 1, 1, 8, 1
27796, 0, 1, 1, 0, 0, 0
11709, 11, 2, 2, 0, 8, 3
11714, 6, 6, 4, 2, 6, 0
11715, 30, 6, 4, 2, 23, 7
11718, 8, 2, 2, 0, 8, 0
11720, 18, 1, 1, 0, 14, 4
11729, 21, 1, 1, 0, 20, 1
11732, 11, 13, 9, 4, 11, 0
11733, 15, 1, 1, 0, 15, 0
11734, 0, 1, 1, 0, 0, 0
11742, 43, 1, 0, 1, 0, 43
28960, 0, 3, 1, 2, 0, 0
38735, 0, 8, 6, 2, 0, 0
50528, 2, 5, 3, 2, 2, 0
50529, 0, 2, 1, 1, 0, 0
50530, 0, 1, 0, 1, 0, 0
50531, 2, 1, 0, 1, 1, 1
43776, 0, 4, 4, 0, 0, 0
50532, 0, 5, 5, 0, 0, 0
50533, 0, 1, 1, 0, 0, 0
17002, 0, 3, 3, 0, 0, 0
37991, 0, 2, 1, 1, 0, 0
41729, 0, 3, 3, 0, 0, 0
45221, 0, 5, 4, 1, 0, 0
50534, 0, 1, 0, 1, 0, 0
13498, 3, 2, 1, 1, 3, 0
50535, 1, 2, 1, 1, 1, 0
50536, 0, 1, 1, 0, 0, 0
50537, 0, 1, 1, 0, 0, 0
50538, 0, 1, 1, 0, 0, 0
50539, 0, 2, 2, 0, 0, 0
6503, 2, 4, 4, 0, 2, 0
7665, 7, 4, 4, 0, 7, 0
13317, 9, 4, 2, 2, 6, 3
15011, 28, 4, 4, 0, 28, 0
20600, 49, 3, 3, 0, 49, 0
32931, 7, 3, 3, 0, 5, 2
33751, 31, 4, 4, 0, 25, 6
44585, 18, 3, 2, 1, 17, 1
46363, 21, 5, 4, 1, 19, 2
50540, 103, 3, 3, 0, 97, 6
50541, 37, 2, 2, 0, 35, 2
50542, 3, 2, 2, 0, 3, 0
50543, 6, 2, 2, 0, 6, 0
50544, 2, 2, 2, 0, 2, 0
50545, 19, 2, 2, 0, 18, 1
50546, 5, 2, 2, 0, 5, 0
50547, 0, 2, 2, 0, 0, 0
50548, 8, 2, 2, 0, 7, 1
50549, 6, 2, 2, 0, 6, 0
50550, 9, 2, 2, 0, 9, 0
50551, 5, 4, 2, 2, 5, 0
50552, 0, 2, 2, 0, 0, 0
50553, 12, 3, 3, 0, 12, 0
50554, 4, 2, 2, 0, 4, 0
50555, 8, 2, 2, 0, 8, 0
50556, 4, 3, 3, 0, 4, 0
50557, 4, 2, 2, 0, 4, 0
50558, 3, 2, 2, 0, 2, 1
50559, 3, 4, 2, 2, 0, 3
50560, 2, 2, 0, 2, 1, 1
44497, 9, 3, 3, 0, 9, 0
50561, 2, 2, 2, 0, 2, 0
18097, 0, 3, 3, 0, 0, 0
50563, 4, 5, 2, 3, 4, 0
50564, 0, 20, 20, 0, 0, 0
22167, 0, 11, 11, 0, 0, 0
25915, 66, 2, 1, 1, 20, 46
26128, 13, 3, 2, 1, 9, 4
26281, 28, 6, 4, 2, 18, 10
36585, 12, 4, 2, 2, 7, 5
44694, 4, 1, 0, 1, 3, 1
44826, 4, 1, 0, 1, 3, 1
44875, 5, 1, 0, 1, 3, 2
45683, 5, 4, 3, 1, 2, 3
50565, 125, 1, 1, 0, 91, 34
50566, 4, 2, 1, 1, 2, 2
50567, 1, 1, 0, 1, 0, 1
50568, 1, 1, 0, 1, 0, 1
50569, 5, 4, 0, 4, 0, 5
50570, 11, 2, 1, 1, 1, 10
50571, 1, 2, 0, 2, 0, 1
50572, 40, 5, 4, 1, 37, 3
50573, 5, 2, 0, 2, 0, 5
50574, 1, 1, 0, 1, 0, 1
50575, 4, 1, 0, 1, 0, 4
50576, 5, 1, 0, 1, 3, 2
50577, 1, 1, 0, 1, 0, 1
50578, 1, 1, 0, 1, 0, 1
50579, 1, 1, 0, 1, 0, 1
50580, 10, 1, 0, 1, 9, 1
50581, 1, 1, 0, 1, 0, 1
50582, 1, 1, 0, 1, 0, 1
50583, 2, 1, 0, 1, 1, 1
50584, 1, 5, 1, 4, 0, 1
33459, 1, 1, 1, 0, 1, 0
33460, 7, 1, 1, 0, 7, 0
33461, 0, 1, 1, 0, 0, 0
33462, 0, 1, 1, 0, 0, 0
44861, 17, 2, 1, 1, 17, 0
44862, 0, 1, 1, 0, 0, 0
44863, 1, 3, 3, 0, 1, 0
44864, 0, 2, 2, 0, 0, 0
44865, 0, 1, 1, 0, 0, 0
50585, 0, 1, 1, 0, 0, 0
50586, 0, 1, 0, 1, 0, 0
50587, 3, 3, 2, 1, 3, 0
50588, 0, 1, 1, 0, 0, 0
7157, 0, 14, 13, 1, 0, 0
10631, 0, 2, 2, 0, 0, 0
14289, 0, 3, 3, 0, 0, 0
15827, 0, 12, 10, 2, 0, 0
18651, 0, 6, 6, 0, 0, 0
19749, 0, 3, 2, 1, 0, 0
20676, 3, 6, 6, 0, 3, 0
24801, 22, 3, 3, 0, 15, 7
27220, 1, 2, 2, 0, 1, 0
27221, 0, 3, 3, 0, 0, 0
27222, 1, 2, 2, 0, 1, 0
27223, 0, 2, 2, 0, 0, 0
27228, 0, 1, 1, 0, 0, 0
27229, 0, 2, 1, 1, 0, 0
27230, 2, 4, 3, 1, 2, 0
27231, 0, 2, 2, 0, 0, 0
27234, 0, 2, 2, 0, 0, 0
27235, 0, 7, 4, 3, 0, 0
27239, 0, 3, 3, 0, 0, 0
27243, 0, 5, 1, 4, 0, 0
27247, 0, 1, 1, 0, 0, 0
27248, 0, 1, 1, 0, 0, 0
27249, 0, 4, 2, 2, 0, 0
27250, 1, 3, 1, 2, 0, 1
27255, 0, 2, 2, 0, 0, 0
27258, 0, 2, 2, 0, 0, 0
27259, 2, 3, 3, 0, 2, 0
27260, 0, 1, 1, 0, 0, 0
27263, 0, 2, 2, 0, 0, 0
27264, 12, 5, 5, 0, 12, 0
27265, 0, 2, 2, 0, 0, 0
27266, 0, 3, 1, 2, 0, 0
12379, 5, 13, 12, 1, 4, 1
13764, 8, 14, 5, 9, 8, 0
16591, 2, 11, 11, 0, 2, 0
17099, 2, 6, 5, 1, 2, 0
20536, 12, 4, 2, 2, 11, 1
29763, 9, 6, 3, 3, 9, 0
31106, 0, 2, 2, 0, 0, 0
33556, 1, 4, 3, 1, 1, 0
35437, 0, 3, 3, 0, 0, 0
38997, 0, 2, 1, 1, 0, 0
40606, 15, 5, 5, 0, 14, 1
40611, 0, 2, 2, 0, 0, 0
41347, 14, 3, 1, 2, 10, 4
41738, 1, 3, 3, 0, 1, 0
48412, 0, 1, 1, 0, 0, 0
48413, 0, 1, 1, 0, 0, 0
48414, 0, 1, 1, 0, 0, 0
48415, 10, 6, 4, 2, 6, 4
48416, 17, 6, 5, 1, 16, 1
48417, 0, 1, 1, 0, 0, 0
48419, 0, 1, 1, 0, 0, 0
48420, 0, 1, 1, 0, 0, 0
48421, 7, 1, 1, 0, 7, 0
48422, 9, 2, 2, 0, 8, 1
48423, 1, 3, 3, 0, 1, 0
48424, 0, 2, 2, 0, 0, 0
48425, 3, 4, 4, 0, 3, 0
48426, 0, 1, 1, 0, 0, 0
48427, 1, 2, 2, 0, 1, 0
48428, 0, 1, 1, 0, 0, 0
48429, 0, 2, 2, 0, 0, 0
48430, 2, 2, 2, 0, 2, 0
48431, 9, 3, 1, 2, 6, 3
48432, 7, 2, 1, 1, 2, 5
50589, 0, 2, 2, 0, 0, 0
50590, 1, 5, 3, 2, 1, 0
50591, 0, 1, 1, 0, 0, 0
27381, 6, 1, 1, 0, 6, 0
21831, 10, 5, 5, 0, 10, 0
25624, 61, 1, 1, 0, 46, 15
33045, 4, 1, 1, 0, 4, 0
34027, 13, 1, 1, 0, 13, 0
34028, 5, 1, 1, 0, 4, 1
34029, 1, 1, 1, 0, 1, 0
34031, 0, 1, 1, 0, 0, 0
34032, 13, 3, 3, 0, 13, 0
34035, 3, 1, 0, 1, 3, 0
34037, 1, 1, 0, 1, 1, 0
34039, 0, 1, 0, 1, 0, 0
34042, 0, 2, 1, 1, 0, 0
21064, 1, 3, 1, 2, 1, 0
24124, 0, 5, 5, 0, 0, 0
24127, 22, 7, 7, 0, 18, 4
33405, 1, 1, 1, 0, 1, 0
47019, 0, 4, 3, 1, 0, 0
47609, 0, 4, 3, 1, 0, 0
49393, 0, 1, 1, 0, 0, 0
49394, 0, 1, 1, 0, 0, 0
49395, 0, 1, 1, 0, 0, 0
49396, 0, 1, 1, 0, 0, 0
49397, 0, 1, 1, 0, 0, 0
49398, 0, 1, 1, 0, 0, 0
49399, 1, 1, 1, 0, 1, 0
49400, 0, 1, 1, 0, 0, 0
49401, 9, 3, 3, 0, 9, 0
49402, 12, 8, 6, 2, 11, 1
49403, 0, 1, 1, 0, 0, 0
49404, 0, 2, 2, 0, 0, 0
49405, 1, 1, 1, 0, 1, 0
49406, 0, 2, 0, 2, 0, 0
49407, 0, 1, 0, 1, 0, 0
49408, 0, 3, 0, 3, 0, 0
48170, 0, 15, 15, 0, 0, 0
50592, 2, 1, 1, 0, 1, 1
50593, 1, 7, 4, 3, 1, 0
50594, 0, 2, 1, 1, 0, 0
38890, 3, 4, 4, 0, 3, 0
20971, 7, 2, 2, 0, 7, 0
23662, 0, 6, 3, 3, 0, 0
50595, 2, 1, 1, 0, 2, 0
7788, 0, 5, 2, 3, 0, 0
16020, 0, 2, 1, 1, 0, 0
19125, 5, 9, 5, 4, 3, 2
20182, 0, 6, 3, 3, 0, 0
24536, 15, 6, 4, 2, 11, 4
26386, 0, 5, 4, 1, 0, 0
33844, 6, 3, 1, 2, 4, 2
38401, 10, 5, 5, 0, 10, 0
40496, 0, 4, 2, 2, 0, 0
41815, 0, 4, 2, 2, 0, 0
45858, 2, 1, 1, 0, 2, 0
45859, 0, 1, 1, 0, 0, 0
45860, 5, 2, 2, 0, 5, 0
45861, 0, 1, 1, 0, 0, 0
45862, 1, 2, 2, 0, 1, 0
45863, 0, 1, 1, 0, 0, 0
45864, 0, 2, 1, 1, 0, 0
45865, 0, 1, 1, 0, 0, 0
45866, 2, 3, 1, 2, 2, 0
45867, 0, 2, 1, 1, 0, 0
45868, 0, 2, 1, 1, 0, 0
45869, 0, 2, 1, 1, 0, 0
45870, 0, 2, 0, 2, 0, 0
45872, 0, 1, 0, 1, 0, 0
45873, 0, 1, 0, 1, 0, 0
45874, 0, 1, 0, 1, 0, 0
45877, 0, 1, 0, 1, 0, 0
45878, 0, 1, 0, 1, 0, 0
16440, 3, 8, 8, 0, 3, 0
28947, 2, 4, 2, 2, 1, 1
40280, 0, 1, 1, 0, 0, 0
40281, 0, 1, 1, 0, 0, 0
40282, 0, 2, 2, 0, 0, 0
40283, 3, 3, 3, 0, 2, 1
40285, 1, 2, 2, 0, 1, 0
40287, 3, 4, 3, 1, 3, 0
40288, 5, 1, 0, 1, 4, 1
40289, 0, 1, 0, 1, 0, 0
40291, 0, 1, 0, 1, 0, 0
40292, 0, 2, 1, 1, 0, 0
40293, 0, 1, 0, 1, 0, 0
6157, 7, 5, 4, 1, 5, 2
9514, 0, 7, 6, 1, 0, 0
9863, 2, 5, 3, 2, 2, 0
18790, 0, 5, 3, 2, 0, 0
21497, 0, 3, 0, 3, 0, 0
23138, 10, 7, 6, 1, 10, 0
30248, 0, 8, 3, 5, 0, 0
35801, 0, 3, 1, 2, 0, 0
38330, 5, 3, 2, 1, 2, 3
38331, 0, 1, 1, 0, 0, 0
38332, 0, 2, 2, 0, 0, 0
38334, 0, 1, 1, 0, 0, 0
38336, 0, 1, 1, 0, 0, 0
38337, 0, 1, 1, 0, 0, 0
38338, 1, 1, 0, 1, 0, 1
38339, 0, 2, 1, 1, 0, 0
38341, 0, 3, 1, 2, 0, 0
38342, 0, 1, 0, 1, 0, 0
38344, 0, 1, 0, 1, 0, 0
38345, 6, 1, 0, 1, 6, 0
38347, 0, 2, 1, 1, 0, 0
38348, 0, 4, 2, 2, 0, 0
21254, 1, 10, 9, 1, 1, 0
41806, 59, 3, 0, 3, 23, 36
29799, 0, 4, 4, 0, 0, 0
30654, 0, 3, 2, 1, 0, 0
32876, 0, 3, 0, 3, 0, 0
34998, 0, 2, 0, 2, 0, 0
37692, 1, 2, 0, 2, 0, 1
47589, 2, 2, 2, 0, 2, 0
50596, 8, 1, 1, 0, 8, 0
50597, 0, 1, 1, 0, 0, 0
50598, 0, 1, 1, 0, 0, 0
50599, 2, 1, 1, 0, 2, 0
50600, 1, 2, 2, 0, 1, 0
50601, 4, 1, 1, 0, 0, 4
50602, 0, 2, 2, 0, 0, 0
50603, 2, 3, 3, 0, 2, 0
50604, 0, 2, 2, 0, 0, 0
50605, 0, 1, 1, 0, 0, 0
50606, 1, 1, 0, 1, 1, 0
50607, 1, 4, 3, 1, 0, 1
50608, 0, 1, 0, 1, 0, 0
50609, 0, 3, 1, 2, 0, 0
50610, 0, 1, 0, 1, 0, 0
50611, 0, 2, 0, 2, 0, 0
25608, 1, 4, 2, 2, 1, 0
25937, 1, 5, 5, 0, 0, 1
27015, 0, 8, 7, 1, 0, 0
30319, 40, 6, 5, 1, 39, 1
42426, 0, 1, 1, 0, 0, 0
42427, 0, 2, 2, 0, 0, 0
42428, 0, 5, 3, 2, 0, 0
42429, 2, 3, 2, 1, 1, 1
42433, 0, 1, 1, 0, 0, 0
42434, 0, 1, 1, 0, 0, 0
19155, 0, 3, 3, 0, 0, 0
19158, 3, 2, 2, 0, 3, 0
50612, 0, 1, 1, 0, 0, 0
50613, 5, 6, 6, 0, 5, 0
50614, 0, 3, 3, 0, 0, 0
50615, 2, 4, 4, 0, 2, 0
50616, 1, 4, 3, 1, 1, 0
50617, 0, 1, 1, 0, 0, 0
50618, 0, 1, 1, 0, 0, 0
50619, 0, 1, 1, 0, 0, 0
50620, 0, 3, 3, 0, 0, 0
26980, 0, 1, 1, 0, 0, 0
39166, 26, 5, 5, 0, 26, 0
46077, 0, 6, 3, 3, 0, 0
50621, 0, 1, 1, 0, 0, 0
50622, 0, 1, 1, 0, 0, 0
16751, 0, 10, 10, 0, 0, 0
50623, 2, 1, 1, 0, 2, 0
50624, 1, 3, 2, 1, 1, 0
50625, 0, 1, 1, 0, 0, 0
50626, 0, 2, 2, 0, 0, 0
27830, 2, 3, 3, 0, 2, 0
37660, 9, 9, 8, 1, 9, 0
44649, 0, 1, 1, 0, 0, 0
44650, 0, 1, 1, 0, 0, 0
44651, 0, 1, 0, 1, 0, 0
42027, 0, 2, 1, 1, 0, 0
50627, 0, 1, 1, 0, 0, 0
50628, 0, 1, 1, 0, 0, 0
50629, 0, 1, 1, 0, 0, 0
23832, 3, 5, 3, 2, 3, 0
23946, 0, 2, 2, 0, 0, 0
36355, 0, 3, 1, 2, 0, 0
27969, 3, 2, 2, 0, 3, 0
31162, 0, 5, 5, 0, 0, 0
35844, 0, 2, 2, 0, 0, 0
50206, 0, 5, 5, 0, 0, 0
50207, 0, 1, 1, 0, 0, 0
50208, 0, 1, 1, 0, 0, 0
50209, 0, 1, 1, 0, 0, 0
46197, 0, 1, 1, 0, 0, 0
46199, 5, 1, 1, 0, 2, 3
46200, 2, 1, 1, 0, 2, 0
44827, 0, 7, 7, 0, 0, 0
50630, 0, 1, 1, 0, 0, 0
50631, 0, 2, 2, 0, 0, 0
9280, 2, 3, 3, 0, 2, 0
15963, 14, 2, 2, 0, 14, 0
20853, 0, 4, 1, 3, 0, 0
27297, 2, 5, 4, 1, 1, 1
33769, 0, 4, 2, 2, 0, 0
36992, 1, 5, 4, 1, 1, 0
42450, 0, 1, 1, 0, 0, 0
42451, 2, 1, 1, 0, 2, 0
42452, 2, 1, 1, 0, 2, 0
42454, 0, 2, 2, 0, 0, 0
42456, 1, 5, 3, 2, 0, 1
42457, 0, 1, 1, 0, 0, 0
42458, 1, 1, 1, 0, 1, 0
42460, 0, 2, 2, 0, 0, 0
42461, 3, 6, 5, 1, 3, 0
42463, 0, 2, 2, 0, 0, 0
42464, 0, 1, 1, 0, 0, 0
42465, 0, 1, 1, 0, 0, 0
42466, 1, 2, 2, 0, 1, 0
42467, 1, 1, 1, 0, 1, 0
42468, 1, 1, 1, 0, 1, 0
42469, 1, 1, 1, 0, 1, 0
42470, 0, 1, 1, 0, 0, 0
42471, 8, 2, 1, 1, 8, 0
13262, 22, 4, 3, 1, 14, 8
24731, 8, 20, 18, 2, 7, 1
37589, 5, 2, 2, 0, 5, 0
48406, 27, 3, 3, 0, 12, 15
6114, 1, 6, 6, 0, 0, 1
17753, 0, 5, 5, 0, 0, 0
22398, 3, 13, 5, 8, 2, 1
23527, 1, 4, 2, 2, 1, 0
36419, 1, 4, 3, 1, 1, 0
45636, 0, 2, 2, 0, 0, 0
45637, 1, 4, 4, 0, 1, 0
45638, 0, 3, 3, 0, 0, 0
5577, 0, 5, 0, 5, 0, 0
15306, 0, 5, 5, 0, 0, 0
16976, 0, 2, 1, 1, 0, 0
16979, 0, 2, 2, 0, 0, 0
16980, 2, 2, 2, 0, 2, 0
16985, 0, 2, 0, 2, 0, 0
8244, 5, 5, 2, 3, 5, 0
15125, 0, 4, 3, 1, 0, 0
16525, 4, 5, 5, 0, 4, 0
22076, 0, 4, 4, 0, 0, 0
23239, 0, 3, 3, 0, 0, 0
25617, 1, 3, 2, 1, 1, 0
27757, 2, 7, 7, 0, 2, 0
29669, 7, 9, 9, 0, 7, 0
31478, 0, 5, 4, 1, 0, 0
32554, 0, 5, 5, 0, 0, 0
32679, 0, 2, 1, 1, 0, 0
33268, 0, 2, 2, 0, 0, 0
33270, 0, 1, 1, 0, 0, 0
33271, 4, 3, 3, 0, 4, 0
33272, 2, 1, 1, 0, 2, 0
33274, 0, 4, 1, 3, 0, 0
33276, 3, 4, 4, 0, 3, 0
33278, 0, 2, 2, 0, 0, 0
33279, 0, 1, 1, 0, 0, 0
33281, 0, 2, 2, 0, 0, 0
33282, 0, 2, 2, 0, 0, 0
33284, 4, 3, 2, 1, 4, 0
33286, 0, 2, 2, 0, 0, 0
33287, 0, 2, 2, 0, 0, 0
33288, 0, 2, 2, 0, 0, 0
33290, 7, 6, 5, 1, 6, 1
33291, 0, 2, 2, 0, 0, 0
33293, 0, 1, 1, 0, 0, 0
33296, 0, 2, 1, 1, 0, 0
33298, 0, 3, 3, 0, 0, 0
33300, 0, 2, 2, 0, 0, 0
33301, 0, 1, 1, 0, 0, 0
33302, 1, 1, 1, 0, 1, 0
33303, 0, 1, 1, 0, 0, 0
33304, 0, 1, 0, 1, 0, 0
33305, 1, 4, 3, 1, 1, 0
24064, 7, 2, 2, 0, 6, 1
50632, 6, 3, 3, 0, 6, 0
50633, 0, 1, 1, 0, 0, 0
50634, 2, 2, 2, 0, 2, 0
50635, 0, 5, 5, 0, 0, 0
50636, 0, 2, 2, 0, 0, 0
10414, 0, 4, 2, 2, 0, 0
50689, 1, 2, 1, 1, 1, 0
50690, 0, 4, 4, 0, 0, 0
50691, 0, 1, 1, 0, 0, 0
50692, 4, 1, 0, 1, 4, 0
22835, 13, 4, 2, 2, 6, 7
33047, 2, 1, 1, 0, 2, 0
33048, 0, 3, 3, 0, 0, 0
33049, 0, 1, 1, 0, 0, 0
33050, 0, 1, 0, 1, 0, 0
33051, 0, 1, 0, 1, 0, 0
50693, 11, 5, 3, 2, 3, 8
14472, 0, 3, 2, 1, 0, 0
16658, 0, 6, 5, 1, 0, 0
16664, 0, 6, 5, 1, 0, 0
17086, 0, 5, 4, 1, 0, 0
17655, 33, 5, 3, 2, 33, 0
18345, 4, 5, 5, 0, 3, 1
19893, 22, 5, 4, 1, 22, 0
22636, 7, 8, 7, 1, 7, 0
23143, 0, 1, 1, 0, 0, 0
23145, 1, 13, 11, 2, 1, 0
23147, 8, 1, 1, 0, 8, 0
23149, 7, 1, 1, 0, 7, 0
23151, 0, 2, 1, 1, 0, 0
23152, 8, 4, 4, 0, 8, 0
23154, 0, 4, 2, 2, 0, 0
23155, 0, 2, 2, 0, 0, 0
23157, 0, 3, 3, 0, 0, 0
23159, 0, 2, 2, 0, 0, 0
23162, 4, 7, 7, 0, 3, 1
23163, 0, 1, 1, 0, 0, 0
23166, 14, 6, 4, 2, 13, 1
23167, 0, 4, 4, 0, 0, 0
50694, 1, 1, 1, 0, 1, 0
15782, 17, 5, 4, 1, 12, 5
30196, 0, 14, 14, 0, 0, 0
33609, 10, 10, 6, 4, 10, 0
50695, 1, 2, 2, 0, 1, 0
50696, 0, 1, 1, 0, 0, 0
12570, 1, 5, 5, 0, 1, 0
44534, 2, 3, 3, 0, 2, 0
44537, 0, 3, 3, 0, 0, 0
50697, 1, 1, 1, 0, 1, 0
50698, 3, 2, 2, 0, 3, 0
50699, 0, 1, 1, 0, 0, 0
44057, 0, 4, 4, 0, 0, 0
50700, 0, 1, 1, 0, 0, 0
50701, 2, 3, 3, 0, 2, 0
50702, 0, 3, 3, 0, 0, 0
10318, 0, 14, 14, 0, 0, 0
50703, 2, 1, 1, 0, 2, 0
50704, 0, 2, 2, 0, 0, 0
50705, 0, 1, 1, 0, 0, 0
50706, 1, 1, 1, 0, 1, 0
16371, 0, 1, 1, 0, 0, 0
16372, 0, 3, 2, 1, 0, 0
50707, 0, 2, 2, 0, 0, 0
50708, 3, 1, 1, 0, 3, 0
23133, 8, 2, 2, 0, 8, 0
50709, 0, 2, 2, 0, 0, 0
50710, 15, 6, 6, 0, 15, 0
11763, 0, 4, 4, 0, 0, 0
15515, 0, 3, 3, 0, 0, 0
19952, 4, 6, 4, 2, 4, 0
23514, 0, 1, 1, 0, 0, 0
23515, 0, 1, 1, 0, 0, 0
23516, 0, 2, 2, 0, 0, 0
23517, 1, 1, 1, 0, 0, 1
23518, 11, 4, 4, 0, 7, 4
23519, 0, 2, 2, 0, 0, 0
23521, 0, 5, 5, 0, 0, 0
23522, 0, 1, 1, 0, 0, 0
23523, 0, 1, 1, 0, 0, 0
23524, 0, 4, 4, 0, 0, 0
23526, 0, 1, 1, 0, 0, 0
23528, 8, 3, 0, 3, 8, 0
23529, 1, 2, 1, 1, 0, 1
23531, 0, 1, 0, 1, 0, 0
23532, 0, 1, 0, 1, 0, 0
23917, 168, 7, 7, 0, 168, 0
31448, 5, 3, 3, 0, 5, 0
31449, 1, 2, 2, 0, 1, 0
31450, 0, 2, 2, 0, 0, 0
31453, 0, 1, 1, 0, 0, 0
31454, 0, 2, 2, 0, 0, 0
31455, 0, 3, 3, 0, 0, 0
31456, 0, 1, 1, 0, 0, 0
31457, 0, 1, 1, 0, 0, 0
31458, 1, 3, 3, 0, 1, 0
31460, 5, 6, 5, 1, 5, 0
31464, 0, 1, 1, 0, 0, 0
31465, 0, 1, 1, 0, 0, 0
31467, 0, 3, 3, 0, 0, 0
31470, 0, 1, 1, 0, 0, 0
9121, 0, 5, 5, 0, 0, 0
21090, 0, 2, 2, 0, 0, 0
17869, 10, 4, 4, 0, 3, 7
50711, 0, 1, 1, 0, 0, 0
50712, 0, 1, 1, 0, 0, 0
39114, 10, 11, 11, 0, 9, 1
50713, 0, 1, 1, 0, 0, 0
50714, 0, 2, 2, 0, 0, 0
50715, 0, 1, 1, 0, 0, 0
50716, 0, 1, 1, 0, 0, 0
29415, 1, 4, 4, 0, 1, 0
29416, 1, 3, 3, 0, 1, 0
29417, 0, 1, 1, 0, 0, 0
29418, 0, 5, 5, 0, 0, 0
29420, 7, 5, 5, 0, 7, 0
29421, 1, 1, 1, 0, 1, 0
29422, 0, 2, 2, 0, 0, 0
29423, 10, 3, 1, 2, 7, 3
50717, 3, 2, 2, 0, 2, 1
6570, 0, 2, 2, 0, 0, 0
9934, 0, 3, 3, 0, 0, 0
13994, 21, 8, 6, 2, 18, 3
37483, 1, 4, 4, 0, 1, 0
40569, 0, 1, 1, 0, 0, 0
40570, 0, 4, 2, 2, 0, 0
40571, 2, 1, 1, 0, 2, 0
40572, 0, 1, 1, 0, 0, 0
40573, 0, 2, 2, 0, 0, 0
40575, 0, 4, 3, 1, 0, 0
40576, 0, 2, 2, 0, 0, 0
40577, 0, 1, 1, 0, 0, 0
40579, 0, 1, 1, 0, 0, 0
40580, 0, 1, 1, 0, 0, 0
40581, 0, 1, 1, 0, 0, 0
40582, 0, 1, 1, 0, 0, 0
40583, 0, 1, 1, 0, 0, 0
40584, 1, 1, 1, 0, 1, 0
40586, 0, 1, 1, 0, 0, 0
40587, 0, 1, 1, 0, 0, 0
40588, 0, 1, 1, 0, 0, 0
50718, 0, 2, 2, 0, 0, 0
50719, 1, 4, 4, 0, 1, 0
50720, 2, 2, 2, 0, 2, 0
50721, 3, 2, 2, 0, 3, 0
30185, 2, 3, 3, 0, 1, 1
50722, 0, 1, 1, 0, 0, 0
50723, 0, 1, 1, 0, 0, 0
20998, 0, 6, 6, 0, 0, 0
31257, 0, 3, 0, 3, 0, 0
49375, 1, 4, 1, 3, 1, 0
50724, 0, 2, 2, 0, 0, 0
50725, 0, 4, 4, 0, 0, 0
50726, 0, 2, 2, 0, 0, 0
50727, 9, 3, 2, 1, 7, 2
50728, 0, 2, 2, 0, 0, 0
50729, 0, 3, 0, 3, 0, 0
50730, 2, 8, 5, 3, 2, 0
50731, 0, 2, 0, 2, 0, 0
50732, 0, 2, 0, 2, 0, 0
13360, 5, 2, 2, 0, 5, 0
18278, 0, 1, 1, 0, 0, 0
18279, 0, 1, 1, 0, 0, 0
18280, 34, 3, 3, 0, 30, 4
18283, 0, 1, 1, 0, 0, 0
18288, 0, 1, 1, 0, 0, 0
18291, 2, 1, 1, 0, 1, 1
18293, 1, 5, 4, 1, 1, 0
18294, 0, 1, 1, 0, 0, 0
18295, 0, 1, 1, 0, 0, 0
18300, 1, 1, 1, 0, 1, 0
18302, 0, 2, 2, 0, 0, 0
18303, 0, 1, 1, 0, 0, 0
18306, 3, 4, 2, 2, 1, 2
18307, 6, 1, 1, 0, 0, 6
18308, 1, 1, 1, 0, 1, 0
18313, 9, 2, 1, 1, 9, 0
6567, 4, 6, 6, 0, 4, 0
7750, 0, 1, 1, 0, 0, 0
7752, 0, 2, 2, 0, 0, 0
7760, 0, 1, 1, 0, 0, 0
7763, 1, 1, 1, 0, 1, 0
7764, 0, 1, 1, 0, 0, 0
7765, 0, 5, 5, 0, 0, 0
7774, 0, 3, 3, 0, 0, 0
7777, 0, 1, 1, 0, 0, 0
7780, 0, 1, 1, 0, 0, 0
7784, 10, 2, 2, 0, 10, 0
7787, 0, 2, 2, 0, 0, 0
7789, 2, 1, 1, 0, 2, 0
7796, 0, 4, 4, 0, 0, 0
7800, 0, 1, 1, 0, 0, 0
7803, 7, 13, 11, 2, 7, 0
7807, 0, 2, 0, 2, 0, 0
7811, 1, 3, 2, 1, 1, 0
7814, 0, 1, 0, 1, 0, 0
7815, 0, 1, 0, 1, 0, 0
6465, 0, 13, 13, 0, 0, 0
14170, 3, 12, 12, 0, 3, 0
27572, 15, 11, 9, 2, 9, 6
29781, 0, 2, 1, 1, 0, 0
30233, 3, 2, 2, 0, 3, 0
31046, 1, 5, 5, 0, 1, 0
35234, 9, 8, 8, 0, 9, 0
41560, 15, 5, 5, 0, 13, 2
41722, 0, 2, 2, 0, 0, 0
44958, 2, 5, 5, 0, 2, 0
50733, 0, 1, 1, 0, 0, 0
50734, 7, 2, 2, 0, 7, 0
50735, 0, 2, 2, 0, 0, 0
50736, 0, 2, 2, 0, 0, 0
50737, 0, 1, 1, 0, 0, 0
50738, 0, 1, 1, 0, 0, 0
50739, 2, 1, 1, 0, 2, 0
50740, 0, 6, 4, 2, 0, 0
50741, 0, 1, 1, 0, 0, 0
50742, 1, 2, 1, 1, 1, 0
50743, 32, 4, 3, 1, 11, 21
50744, 1, 1, 1, 0, 0, 1
50745, 0, 2, 2, 0, 0, 0
50746, 17, 4, 4, 0, 17, 0
50747, 0, 2, 2, 0, 0, 0
50748, 0, 1, 1, 0, 0, 0
50749, 0, 1, 1, 0, 0, 0
50750, 0, 3, 2, 1, 0, 0
50751, 5, 2, 2, 0, 5, 0
50752, 0, 1, 1, 0, 0, 0
50753, 0, 1, 1, 0, 0, 0
50754, 0, 1, 1, 0, 0, 0
50755, 0, 1, 1, 0, 0, 0
50756, 0, 2, 1, 1, 0, 0
50757, 0, 2, 1, 1, 0, 0
50758, 0, 4, 4, 0, 0, 0
50759, 0, 1, 1, 0, 0, 0
50760, 0, 2, 2, 0, 0, 0
50761, 0, 1, 1, 0, 0, 0
50762, 0, 1, 1, 0, 0, 0
50763, 0, 1, 1, 0, 0, 0
50764, 0, 1, 1, 0, 0, 0
38630, 5, 4, 4, 0, 4, 1
50765, 1, 1, 1, 0, 1, 0
50766, 0, 1, 1, 0, 0, 0
50767, 0, 1, 1, 0, 0, 0
50768, 0, 5, 5, 0, 0, 0
50769, 0, 1, 1, 0, 0, 0
50770, 5, 1, 1, 0, 2, 3
14041, 0, 3, 3, 0, 0, 0
35601, 0, 9, 8, 1, 0, 0
47179, 0, 3, 3, 0, 0, 0
50771, 3, 3, 3, 0, 3, 0
50772, 1, 2, 2, 0, 1, 0
50773, 0, 2, 2, 0, 0, 0
50774, 0, 2, 2, 0, 0, 0
50775, 1, 3, 3, 0, 1, 0
50776, 0, 3, 3, 0, 0, 0
50777, 0, 2, 2, 0, 0, 0
50778, 0, 2, 2, 0, 0, 0
50779, 0, 3, 3, 0, 0, 0
50780, 0, 2, 2, 0, 0, 0
38898, 0, 5, 5, 0, 0, 0
40627, 0, 4, 4, 0, 0, 0
43759, 2, 1, 0, 1, 2, 0
50781, 0, 1, 1, 0, 0, 0
50782, 1, 2, 2, 0, 1, 0
50783, 0, 3, 1, 2, 0, 0
26887, 5, 5, 4, 1, 5, 0
36376, 1, 6, 6, 0, 1, 0
36378, 0, 3, 3, 0, 0, 0
36379, 4, 2, 2, 0, 4, 0
36380, 7, 3, 3, 0, 6, 1
36381, 0, 1, 1, 0, 0, 0
50784, 0, 3, 3, 0, 0, 0
19487, 0, 9, 9, 0, 0, 0
30755, 41, 4, 3, 1, 27, 14
50785, 0, 3, 3, 0, 0, 0
50786, 8, 4, 4, 0, 7, 1
50787, 7, 3, 3, 0, 6, 1
50788, 0, 3, 2, 1, 0, 0
50789, 0, 2, 2, 0, 0, 0
50790, 0, 2, 2, 0, 0, 0
22472, 5, 7, 7, 0, 3, 2
50791, 0, 2, 2, 0, 0, 0
50792, 0, 1, 0, 1, 0, 0
18331, 1, 7, 7, 0, 1, 0
50793, 0, 3, 3, 0, 0, 0
50794, 0, 2, 2, 0, 0, 0
46132, 0, 3, 3, 0, 0, 0
46133, 0, 1, 0, 1, 0, 0
46134, 1, 2, 1, 1, 0, 1
46135, 2, 2, 1, 1, 2, 0
46136, 0, 1, 0, 1, 0, 0
46137, 0, 2, 1, 1, 0, 0
12798, 22, 2, 2, 0, 17, 5
50795, 0, 1, 1, 0, 0, 0
50796, 0, 3, 3, 0, 0, 0
27552, 1, 2, 0, 2, 1, 0
30740, 0, 5, 0, 5, 0, 0
36335, 9, 3, 3, 0, 9, 0
38586, 3, 3, 2, 1, 3, 0
50797, 1, 2, 2, 0, 1, 0
50798, 6, 2, 2, 0, 6, 0
50799, 0, 5, 0, 5, 0, 0
50800, 3, 7, 2, 5, 2, 1
50801, 0, 1, 1, 0, 0, 0
50802, 1, 1, 1, 0, 1, 0
20397, 0, 1, 1, 0, 0, 0
20398, 0, 2, 2, 0, 0, 0
50803, 0, 1, 1, 0, 0, 0
6345, 7, 6, 6, 0, 7, 0
21005, 3, 4, 4, 0, 3, 0
34305, 0, 5, 0, 5, 0, 0
50686, 0, 3, 2, 1, 0, 0
50804, 1, 1, 1, 0, 1, 0
50805, 2, 1, 1, 0, 2, 0
50806, 0, 1, 1, 0, 0, 0
18412, 114, 6, 3, 3, 36, 78
24753, 0, 1, 1, 0, 0, 0
24754, 0, 5, 5, 0, 0, 0
24757, 29, 1, 1, 0, 12, 17
24758, 0, 1, 1, 0, 0, 0
24759, 0, 1, 1, 0, 0, 0
24760, 0, 1, 1, 0, 0, 0
24761, 4, 4, 4, 0, 4, 0
24762, 1, 6, 6, 0, 1, 0
24763, 1, 2, 2, 0, 1, 0
24766, 1, 7, 3, 4, 1, 0
24769, 0, 2, 1, 1, 0, 0
24771, 0, 2, 1, 1, 0, 0
24774, 0, 2, 1, 1, 0, 0
24776, 0, 1, 0, 1, 0, 0
24777, 0, 2, 1, 1, 0, 0
24778, 1, 2, 1, 1, 1, 0
24779, 2, 2, 0, 2, 2, 0
24780, 5, 2, 1, 1, 3, 2
22794, 0, 1, 1, 0, 0, 0
50807, 0, 1, 1, 0, 0, 0
42417, 0, 1, 1, 0, 0, 0
42418, 0, 1, 1, 0, 0, 0
50808, 1, 1, 1, 0, 1, 0
50809, 1, 1, 1, 0, 1, 0
50810, 6, 4, 4, 0, 6, 0
15542, 0, 20, 17, 3, 0, 0
17330, 0, 2, 2, 0, 0, 0
19946, 37, 6, 6, 0, 30, 7
22071, 11, 6, 4, 2, 11, 0
50811, 0, 1, 1, 0, 0, 0
50812, 3, 2, 2, 0, 3, 0
50813, 0, 3, 3, 0, 0, 0
17902, 0, 3, 3, 0, 0, 0
19312, 0, 2, 2, 0, 0, 0
24028, 0, 6, 5, 1, 0, 0
37852, 0, 1, 1, 0, 0, 0
37853, 0, 2, 2, 0, 0, 0
37854, 20, 3, 3, 0, 11, 9
37855, 0, 4, 4, 0, 0, 0
37856, 0, 1, 1, 0, 0, 0
37857, 0, 1, 1, 0, 0, 0
37861, 0, 1, 1, 0, 0, 0
37863, 0, 1, 1, 0, 0, 0
37864, 5, 1, 1, 0, 4, 1
37866, 0, 2, 2, 0, 0, 0
37868, 0, 2, 1, 1, 0, 0
50814, 0, 3, 3, 0, 0, 0
40655, 3, 1, 0, 1, 3, 0
17125, 0, 6, 6, 0, 0, 0
16783, 0, 5, 5, 0, 0, 0
50815, 0, 1, 1, 0, 0, 0
50816, 25, 3, 2, 1, 8, 17
50817, 0, 1, 0, 1, 0, 0
25113, 0, 3, 3, 0, 0, 0
28766, 0, 5, 5, 0, 0, 0
28767, 9, 4, 4, 0, 6, 3
8826, 0, 4, 4, 0, 0, 0
31395, 2, 5, 4, 1, 2, 0
35825, 10, 4, 3, 1, 10, 0
15830, 0, 3, 3, 0, 0, 0
22445, 0, 3, 2, 1, 0, 0
25294, 0, 4, 4, 0, 0, 0
26458, 0, 4, 3, 1, 0, 0
26462, 2, 1, 1, 0, 2, 0
26463, 27, 2, 2, 0, 26, 1
26464, 5, 3, 1, 2, 5, 0
26466, 0, 1, 1, 0, 0, 0
26467, 0, 1, 1, 0, 0, 0
26468, 0, 2, 2, 0, 0, 0
26469, 5, 2, 2, 0, 5, 0
26470, 4, 5, 4, 1, 4, 0
26472, 0, 4, 4, 0, 0, 0
26473, 21, 3, 3, 0, 21, 0
26479, 12, 4, 2, 2, 11, 1
26480, 0, 7, 3, 4, 0, 0
26481, 0, 4, 1, 3, 0, 0
26486, 0, 1, 0, 1, 0, 0
26488, 3, 2, 1, 1, 3, 0
26490, 1, 2, 1, 1, 1, 0
26491, 0, 3, 1, 2, 0, 0
26492, 0, 1, 0, 1, 0, 0
26493, 0, 4, 3, 1, 0, 0
26496, 0, 1, 0, 1, 0, 0
26497, 3, 2, 1, 1, 2, 1
23238, 1, 1, 1, 0, 1, 0
27408, 12, 7, 7, 0, 11, 1
36023, 1, 9, 3, 6, 1, 0
50841, 6, 6, 5, 1, 5, 1
10196, 1, 6, 3, 3, 1, 0
11781, 13, 4, 2, 2, 9, 4
20154, 72, 5, 2, 3, 19, 53
26144, 11, 2, 1, 1, 11, 0
50842, 1, 1, 1, 0, 1, 0
50843, 0, 3, 1, 2, 0, 0
50844, 0, 3, 2, 1, 0, 0
50845, 45, 1, 0, 1, 6, 39
50846, 4, 1, 0, 1, 2, 2
13268, 63, 4, 3, 1, 50, 13
50847, 0, 2, 2, 0, 0, 0
50848, 1, 1, 1, 0, 1, 0
50849, 6, 1, 1, 0, 3, 3
14061, 1, 3, 3, 0, 0, 1
21506, 15, 5, 5, 0, 13, 2
25105, 0, 4, 2, 2, 0, 0
39070, 0, 2, 0, 2, 0, 0
44772, 0, 4, 0, 4, 0, 0
44777, 0, 2, 0, 2, 0, 0
50850, 0, 3, 1, 2, 0, 0
50851, 0, 2, 2, 0, 0, 0
50852, 12, 8, 5, 3, 11, 1
50853, 1, 1, 0, 1, 1, 0
50854, 2, 1, 0, 1, 2, 0
50855, 0, 4, 0, 4, 0, 0
50856, 0, 2, 1, 1, 0, 0
50857, 0, 2, 2, 0, 0, 0
50858, 0, 1, 1, 0, 0, 0
16536, 0, 5, 5, 0, 0, 0
28267, 5, 5, 5, 0, 4, 1
18235, 3, 4, 4, 0, 3, 0
18236, 3, 1, 1, 0, 3, 0
18238, 8, 4, 3, 1, 4, 4
18239, 1, 1, 1, 0, 1, 0
9486, 0, 8, 8, 0, 0, 0
50859, 4, 1, 1, 0, 4, 0
50860, 9, 6, 5, 1, 9, 0
50861, 0, 3, 3, 0, 0, 0
12810, 0, 5, 0, 5, 0, 0
19064, 0, 2, 2, 0, 0, 0
49603, 0, 1, 1, 0, 0, 0
49604, 1, 1, 1, 0, 1, 0
49605, 2, 3, 1, 2, 0, 2
18520, 0, 1, 1, 0, 0, 0
18523, 3, 5, 4, 1, 2, 1
18525, 0, 1, 1, 0, 0, 0
18526, 4, 8, 7, 1, 2, 2
18527, 0, 1, 1, 0, 0, 0
9618, 1, 4, 4, 0, 1, 0
25239, 0, 1, 1, 0, 0, 0
25240, 0, 6, 5, 1, 0, 0
25244, 1, 5, 5, 0, 1, 0
15187, 5, 3, 3, 0, 5, 0
21712, 33, 2, 2, 0, 21, 12
25263, 6, 1, 1, 0, 5, 1
27371, 201, 8, 5, 3, 91, 110
37177, 3, 2, 2, 0, 3, 0
50862, 2, 2, 2, 0, 2, 0
50863, 1, 1, 1, 0, 1, 0
50864, 0, 1, 1, 0, 0, 0
50865, 0, 1, 1, 0, 0, 0
50866, 0, 3, 3, 0, 0, 0
25090, 18, 4, 4, 0, 15, 3
50867, 0, 1, 1, 0, 0, 0
50868, 29, 1, 1, 0, 25, 4
16423, 2, 2, 2, 0, 2, 0
18181, 0, 2, 2, 0, 0, 0
18182, 0, 1, 0, 1, 0, 0
18404, 6, 4, 4, 0, 5, 1
27429, 2, 3, 3, 0, 0, 2
30432, 0, 5, 4, 1, 0, 0
47043, 0, 2, 1, 1, 0, 0
27825, 0, 4, 4, 0, 0, 0
50869, 0, 5, 5, 0, 0, 0
50870, 0, 1, 1, 0, 0, 0
50871, 0, 1, 1, 0, 0, 0
50872, 0, 1, 1, 0, 0, 0
50873, 0, 1, 1, 0, 0, 0
22483, 0, 4, 4, 0, 0, 0
50899, 6, 2, 2, 0, 6, 0
50900, 0, 1, 1, 0, 0, 0
50901, 2, 1, 1, 0, 1, 1
6426, 0, 8, 8, 0, 0, 0
16993, 6, 11, 11, 0, 6, 0
35011, 0, 6, 6, 0, 0, 0
50902, 2, 2, 2, 0, 2, 0
50903, 0, 1, 1, 0, 0, 0
19933, 0, 7, 7, 0, 0, 0
23358, 2, 5, 5, 0, 2, 0
50904, 0, 2, 2, 0, 0, 0
26117, 7, 1, 1, 0, 7, 0
26118, 1, 1, 1, 0, 1, 0
26120, 0, 1, 1, 0, 0, 0
26121, 0, 1, 1, 0, 0, 0
26123, 0, 2, 1, 1, 0, 0
26124, 4, 1, 1, 0, 4, 0
26125, 0, 3, 3, 0, 0, 0
26127, 1, 1, 1, 0, 1, 0
26131, 2, 2, 1, 1, 2, 0
26132, 0, 6, 5, 1, 0, 0
26133, 6, 3, 3, 0, 6, 0
26134, 0, 2, 2, 0, 0, 0
26135, 1, 1, 0, 1, 0, 1
45995, 1, 1, 1, 0, 1, 0
45996, 0, 1, 1, 0, 0, 0
45997, 0, 4, 3, 1, 0, 0
50905, 0, 3, 3, 0, 0, 0
50906, 0, 2, 1, 1, 0, 0
13726, 2, 2, 2, 0, 2, 0
13728, 0, 2, 2, 0, 0, 0
50907, 0, 1, 1, 0, 0, 0
50908, 0, 10, 10, 0, 0, 0
44727, 0, 3, 3, 0, 0, 0
44728, 2, 1, 1, 0, 2, 0
44729, 0, 2, 0, 2, 0, 0
9643, 0, 11, 8, 3, 0, 0
50909, 0, 5, 5, 0, 0, 0
33633, 0, 5, 4, 1, 0, 0
46124, 5, 2, 1, 1, 2, 3
46125, 1, 1, 1, 0, 1, 0
46126, 0, 1, 1, 0, 0, 0
31232, 9, 2, 1, 1, 6, 3
50910, 5, 2, 0, 2, 0, 5
50911, 1, 1, 0, 1, 0, 1
50912, 15, 3, 1, 2, 9, 6
22145, 0, 1, 1, 0, 0, 0
22147, 0, 2, 2, 0, 0, 0
22148, 0, 5, 5, 0, 0, 0
22149, 0, 1, 1, 0, 0, 0
22150, 2, 1, 1, 0, 2, 0
22151, 0, 1, 1, 0, 0, 0
22152, 0, 1, 1, 0, 0, 0
22153, 0, 1, 1, 0, 0, 0
22154, 0, 1, 1, 0, 0, 0
22155, 0, 1, 1, 0, 0, 0
22157, 0, 1, 0, 1, 0, 0
10407, 0, 4, 2, 2, 0, 0
30784, 0, 4, 4, 0, 0, 0
50914, 2, 2, 1, 1, 2, 0
22205, 0, 10, 10, 0, 0, 0
28554, 0, 2, 2, 0, 0, 0
37975, 0, 3, 2, 1, 0, 0
50915, 0, 4, 4, 0, 0, 0
50916, 0, 4, 4, 0, 0, 0
50917, 4, 2, 2, 0, 4, 0
50918, 5, 3, 3, 0, 5, 0
50919, 11, 5, 5, 0, 9, 2
50920, 0, 2, 2, 0, 0, 0
50921, 6, 3, 3, 0, 6, 0
50922, 1, 1, 1, 0, 1, 0
9488, 39, 4, 4, 0, 38, 1
19515, 2, 3, 3, 0, 2, 0
20812, 21, 4, 2, 2, 15, 6
28116, 0, 5, 2, 3, 0, 0
30998, 0, 5, 5, 0, 0, 0
35127, 3, 5, 3, 2, 2, 1
43994, 25, 5, 3, 2, 9, 16
44386, 4, 11, 10, 1, 4, 0
50923, 32, 1, 1, 0, 20, 12
50924, 0, 1, 1, 0, 0, 0
50925, 0, 1, 1, 0, 0, 0
50926, 3, 4, 3, 1, 2, 1
50927, 3, 1, 0, 1, 1, 2
50928, 0, 1, 0, 1, 0, 0
50929, 0, 2, 0, 2, 0, 0
50930, 1, 2, 0, 2, 1, 0
50931, 3, 1, 0, 1, 3, 0
50932, 31, 5, 4, 1, 15, 16
50933, 1, 1, 1, 0, 1, 0
17178, 10, 3, 2, 1, 10, 0
17180, 0, 1, 1, 0, 0, 0
17181, 0, 2, 1, 1, 0, 0
17185, 0, 1, 1, 0, 0, 0
17188, 0, 5, 4, 1, 0, 0
17189, 2, 2, 2, 0, 2, 0
17192, 0, 1, 1, 0, 0, 0
17193, 0, 1, 1, 0, 0, 0
17194, 0, 1, 1, 0, 0, 0
17195, 1, 5, 5, 0, 1, 0
17196, 0, 2, 2, 0, 0, 0
17197, 0, 1, 1, 0, 0, 0
50934, 9, 1, 1, 0, 7, 2
13643, 0, 1, 1, 0, 0, 0
13645, 0, 1, 1, 0, 0, 0
13646, 0, 1, 1, 0, 0, 0
44904, 0, 2, 2, 0, 0, 0
9629, 2, 9, 3, 6, 1, 1
14295, 3, 6, 6, 0, 3, 0
18953, 0, 13, 7, 6, 0, 0
21858, 5, 4, 3, 1, 5, 0
26374, 2, 2, 2, 0, 2, 0
27390, 29, 2, 2, 0, 25, 4
29786, 4, 5, 4, 1, 4, 0
33967, 0, 3, 2, 1, 0, 0
34879, 4, 2, 1, 1, 4, 0
40522, 0, 5, 3, 2, 0, 0
45144, 0, 3, 3, 0, 0, 0
50935, 5, 2, 2, 0, 3, 2
50936, 0, 3, 3, 0, 0, 0
50937, 0, 1, 1, 0, 0, 0
50938, 0, 1, 1, 0, 0, 0
50939, 0, 5, 5, 0, 0, 0
50940, 1, 2, 2, 0, 1, 0
50941, 1, 1, 1, 0, 1, 0
50942, 0, 1, 0, 1, 0, 0
50943, 0, 1, 0, 1, 0, 0
50944, 0, 1, 0, 1, 0, 0
50945, 0, 3, 1, 2, 0, 0
50946, 0, 1, 0, 1, 0, 0
50947, 0, 1, 0, 1, 0, 0
50948, 0, 1, 0, 1, 0, 0
50949, 0, 1, 0, 1, 0, 0
50950, 0, 1, 0, 1, 0, 0
27851, 0, 8, 8, 0, 0, 0
50951, 0, 1, 1, 0, 0, 0
50952, 0, 1, 0, 1, 0, 0
50953, 1, 1, 1, 0, 1, 0
25127, 21, 1, 1, 0, 21, 0
25128, 0, 3, 2, 1, 0, 0
25130, 0, 8, 7, 1, 0, 0
5882, 0, 4, 4, 0, 0, 0
5883, 3, 2, 2, 0, 1, 2
5896, 1, 3, 1, 2, 0, 1
5897, 2, 18, 10, 8, 2, 0
50954, 0, 1, 1, 0, 0, 0
36348, 0, 8, 7, 1, 0, 0
50955, 3, 1, 1, 0, 3, 0
50956, 0, 1, 1, 0, 0, 0
50957, 1, 1, 0, 1, 0, 1
50958, 0, 1, 0, 1, 0, 0
50959, 1, 2, 1, 1, 1, 0
50960, 1, 1, 0, 1, 0, 1
25591, 0, 5, 1, 4, 0, 0
22626, 0, 1, 1, 0, 0, 0
22627, 1, 1, 1, 0, 1, 0
22629, 3, 4, 4, 0, 3, 0
22639, 0, 1, 1, 0, 0, 0
22641, 5, 11, 11, 0, 5, 0
22642, 1, 3, 3, 0, 1, 0
22647, 4, 3, 3, 0, 4, 0
22648, 0, 1, 1, 0, 0, 0
22650, 20, 1, 1, 0, 20, 0
50961, 0, 2, 1, 1, 0, 0
50962, 17, 2, 2, 0, 17, 0
50963, 1, 1, 1, 0, 1, 0
45921, 9, 3, 1, 2, 1, 8
50964, 1, 2, 2, 0, 0, 1
50965, 8, 3, 3, 0, 5, 3
50966, 1, 1, 1, 0, 0, 1
9095, 2, 13, 9, 4, 2, 0
11490, 87, 5, 3, 2, 46, 41
22528, 3, 3, 2, 1, 3, 0
26970, 0, 11, 11, 0, 0, 0
27407, 0, 4, 2, 2, 0, 0
28791, 2, 8, 8, 0, 0, 2
38665, 1, 2, 2, 0, 0, 1
50967, 2, 2, 2, 0, 2, 0
50968, 2, 1, 1, 0, 2, 0
50969, 1, 1, 1, 0, 1, 0
50970, 0, 1, 1, 0, 0, 0
50971, 1, 4, 3, 1, 1, 0
50972, 0, 1, 1, 0, 0, 0
50973, 1, 1, 1, 0, 1, 0
50974, 5, 6, 5, 1, 1, 4
50975, 0, 2, 1, 1, 0, 0
50976, 0, 2, 1, 1, 0, 0
32602, 7, 3, 3, 0, 7, 0
50977, 1, 1, 1, 0, 1, 0
50981, 0, 1, 1, 0, 0, 0
5899, 2, 2, 2, 0, 2, 0
5900, 0, 1, 1, 0, 0, 0
5905, 0, 1, 0, 1, 0, 0
50638, 6, 4, 4, 0, 5, 1
50982, 0, 1, 1, 0, 0, 0
22386, 0, 2, 2, 0, 0, 0
50983, 0, 1, 1, 0, 0, 0
5918, 3, 1, 1, 0, 3, 0
5926, 1, 1, 1, 0, 1, 0
5929, 1, 7, 6, 1, 1, 0
5930, 7, 2, 2, 0, 7, 0
5931, 0, 1, 1, 0, 0, 0
5934, 14, 5, 5, 0, 14, 0
5936, 0, 2, 2, 0, 0, 0
5937, 0, 6, 6, 0, 0, 0
5939, 0, 1, 1, 0, 0, 0
51026, 0, 4, 3, 1, 0, 0
25050, 0, 2, 2, 0, 0, 0
25089, 2, 7, 6, 1, 2, 0
38513, 0, 4, 2, 2, 0, 0
45753, 0, 4, 3, 1, 0, 0
51027, 0, 1, 1, 0, 0, 0
51028, 11, 1, 1, 0, 11, 0
51029, 0, 3, 3, 0, 0, 0
24688, 0, 4, 4, 0, 0, 0
26345, 0, 4, 4, 0, 0, 0
28969, 6, 4, 2, 2, 6, 0
51030, 0, 1, 1, 0, 0, 0
51031, 0, 1, 1, 0, 0, 0
51032, 0, 1, 1, 0, 0, 0
51033, 0, 1, 1, 0, 0, 0
51034, 0, 5, 5, 0, 0, 0
51009, 0, 4, 4, 0, 0, 0
41559, 36, 4, 4, 0, 36, 0
25522, 9, 10, 8, 2, 7, 2
51035, 5, 3, 3, 0, 5, 0
51036, 0, 1, 1, 0, 0, 0
10135, 0, 4, 4, 0, 0, 0
16075, 0, 5, 5, 0, 0, 0
19513, 4, 2, 1, 1, 3, 1
28925, 0, 2, 2, 0, 0, 0
29616, 0, 3, 1, 2, 0, 0
34967, 1, 3, 1, 2, 0, 1
40589, 0, 9, 3, 6, 0, 0
40592, 0, 2, 2, 0, 0, 0
40593, 0, 3, 3, 0, 0, 0
40594, 1, 1, 1, 0, 1, 0
40598, 9, 2, 1, 1, 9, 0
40599, 0, 1, 0, 1, 0, 0
15806, 0, 6, 6, 0, 0, 0
19923, 0, 2, 2, 0, 0, 0
20996, 0, 5, 5, 0, 0, 0
21798, 6, 3, 3, 0, 6, 0
26888, 0, 1, 1, 0, 0, 0
26890, 23, 3, 1, 2, 23, 0
26892, 3, 3, 3, 0, 3, 0
51037, 0, 1, 1, 0, 0, 0
10402, 2, 5, 5, 0, 2, 0
40657, 0, 4, 4, 0, 0, 0
51038, 0, 3, 3, 0, 0, 0
51039, 6, 5, 5, 0, 6, 0
51040, 0, 3, 3, 0, 0, 0
51041, 12, 4, 4, 0, 12, 0
51042, 10, 6, 6, 0, 8, 2
51043, 19, 1, 1, 0, 14, 5
19317, 0, 3, 1, 2, 0, 0
21635, 0, 1, 1, 0, 0, 0
21636, 0, 2, 2, 0, 0, 0
14405, 9, 15, 15, 0, 9, 0
5940, 5, 1, 1, 0, 5, 0
5941, 3, 2, 2, 0, 3, 0
28139, 2, 2, 2, 0, 2, 0
5942, 13, 3, 2, 1, 13, 0
5946, 0, 1, 1, 0, 0, 0
33139, 1, 5, 5, 0, 1, 0
37169, 0, 4, 4, 0, 0, 0
37170, 0, 1, 1, 0, 0, 0
15134, 0, 8, 6, 2, 0, 0
29186, 111, 3, 2, 1, 57, 54
35623, 27, 1, 1, 0, 10, 17
38775, 8, 2, 1, 1, 5, 3
51044, 2, 2, 2, 0, 1, 1
51045, 3, 3, 3, 0, 2, 1
51046, 1, 1, 1, 0, 0, 1
51047, 1, 1, 1, 0, 0, 1
51048, 12, 2, 2, 0, 8, 4
51049, 0, 1, 1, 0, 0, 0
51050, 0, 1, 1, 0, 0, 0
35405, 12, 5, 4, 1, 9, 3
51051, 0, 3, 3, 0, 0, 0
51052, 0, 1, 0, 1, 0, 0
34006, 0, 2, 2, 0, 0, 0
34008, 1, 3, 2, 1, 1, 0
41568, 2, 3, 1, 2, 1, 1
44342, 2, 5, 5, 0, 2, 0
51053, 4, 5, 5, 0, 4, 0
51054, 1, 1, 1, 0, 1, 0
51055, 0, 1, 0, 1, 0, 0
51056, 10, 1, 0, 1, 7, 3
22515, 12, 3, 3, 0, 11, 1
31289, 1, 3, 3, 0, 1, 0
51057, 0, 1, 1, 0, 0, 0
51058, 2, 1, 1, 0, 2, 0
51059, 0, 1, 1, 0, 0, 0
51060, 8, 1, 1, 0, 0, 8
45050, 0, 3, 2, 1, 0, 0
51061, 0, 1, 1, 0, 0, 0
41851, 0, 9, 9, 0, 0, 0
51062, 0, 2, 2, 0, 0, 0
14043, 0, 2, 2, 0, 0, 0
19062, 0, 3, 3, 0, 0, 0
19228, 5, 7, 7, 0, 4, 1
20134, 11, 2, 2, 0, 7, 4
21303, 0, 3, 3, 0, 0, 0
27706, 11, 7, 6, 1, 11, 0
28542, 0, 2, 2, 0, 0, 0
34057, 0, 2, 2, 0, 0, 0
36398, 0, 3, 3, 0, 0, 0
38662, 3, 2, 2, 0, 3, 0
41392, 2, 4, 2, 2, 2, 0
41393, 14, 7, 7, 0, 14, 0
41394, 0, 7, 7, 0, 0, 0
41395, 0, 1, 1, 0, 0, 0
41396, 0, 1, 1, 0, 0, 0
41397, 0, 2, 2, 0, 0, 0
41399, 1, 2, 2, 0, 1, 0
41401, 0, 3, 3, 0, 0, 0
41402, 3, 2, 2, 0, 3, 0
41404, 1, 2, 2, 0, 1, 0
41406, 3, 1, 1, 0, 3, 0
41407, 10, 1, 1, 0, 9, 1
41408, 11, 5, 5, 0, 11, 0
41409, 0, 1, 1, 0, 0, 0
41410, 0, 4, 2, 2, 0, 0
41411, 0, 2, 2, 0, 0, 0
6073, 7, 2, 2, 0, 3, 4
18594, 32, 5, 5, 0, 31, 1
24166, 75, 7, 6, 1, 67, 8
28346, 0, 1, 1, 0, 0, 0
28347, 0, 4, 4, 0, 0, 0
28349, 0, 1, 1, 0, 0, 0
28350, 0, 1, 1, 0, 0, 0
28352, 12, 1, 1, 0, 12, 0
28353, 5, 6, 6, 0, 5, 0
28356, 4, 2, 2, 0, 4, 0
28357, 0, 1, 1, 0, 0, 0
28362, 3, 2, 1, 1, 3, 0
28363, 0, 2, 2, 0, 0, 0
28365, 0, 2, 2, 0, 0, 0
28366, 0, 3, 3, 0, 0, 0
34462, 3, 8, 8, 0, 3, 0
35769, 12, 2, 1, 1, 3, 9
35770, 0, 1, 1, 0, 0, 0
35773, 0, 1, 1, 0, 0, 0
51063, 0, 3, 3, 0, 0, 0
51064, 0, 1, 1, 0, 0, 0
13138, 9, 4, 4, 0, 9, 0
20636, 5, 4, 4, 0, 5, 0
32980, 9, 4, 3, 1, 6, 3
33962, 0, 4, 2, 2, 0, 0
36589, 4, 5, 5, 0, 4, 0
37387, 6, 6, 5, 1, 6, 0
41850, 0, 3, 3, 0, 0, 0
50396, 0, 2, 1, 1, 0, 0
50397, 1, 1, 1, 0, 1, 0
50398, 0, 2, 1, 1, 0, 0
50399, 0, 2, 2, 0, 0, 0
13441, 2, 11, 8, 3, 2, 0
19243, 0, 7, 3, 4, 0, 0
20306, 0, 2, 1, 1, 0, 0
21496, 0, 10, 7, 3, 0, 0
25063, 1, 4, 4, 0, 1, 0
28093, 49, 1, 0, 1, 33, 16
35330, 2, 3, 1, 2, 2, 0
45836, 13, 3, 1, 2, 5, 8
51065, 0, 1, 1, 0, 0, 0
51066, 0, 3, 3, 0, 0, 0
51067, 1, 1, 1, 0, 1, 0
51068, 0, 1, 1, 0, 0, 0
51069, 3, 2, 2, 0, 3, 0
51070, 0, 2, 2, 0, 0, 0
51071, 0, 2, 2, 0, 0, 0
51072, 3, 3, 3, 0, 1, 2
51073, 6, 4, 3, 1, 6, 0
51074, 1, 1, 0, 1, 1, 0
51075, 1, 1, 0, 1, 1, 0
51076, 6, 1, 0, 1, 6, 0
51077, 0, 1, 0, 1, 0, 0
51078, 13, 2, 1, 1, 13, 0
51079, 0, 1, 0, 1, 0, 0
51080, 0, 1, 0, 1, 0, 0
51081, 0, 1, 0, 1, 0, 0
40519, 0, 2, 2, 0, 0, 0
40520, 0, 2, 2, 0, 0, 0
51082, 0, 1, 1, 0, 0, 0
51083, 2, 1, 1, 0, 2, 0
51084, 3, 1, 1, 0, 3, 0
43220, 2, 6, 5, 1, 1, 1
45047, 0, 5, 5, 0, 0, 0
51085, 0, 2, 1, 1, 0, 0
51086, 2, 2, 2, 0, 2, 0
19713, 1, 5, 5, 0, 1, 0
33262, 4, 5, 4, 1, 4, 0
50890, 19, 1, 1, 0, 17, 2
51087, 0, 1, 1, 0, 0, 0
30052, 0, 5, 5, 0, 0, 0
38970, 3, 3, 3, 0, 2, 1
51088, 0, 1, 1, 0, 0, 0
51089, 0, 1, 1, 0, 0, 0
51090, 0, 1, 1, 0, 0, 0
51091, 4, 1, 1, 0, 4, 0
51092, 1, 2, 2, 0, 0, 1
51093, 0, 1, 1, 0, 0, 0
51094, 7, 1, 0, 1, 7, 0
51095, 0, 4, 4, 0, 0, 0
51096, 4, 1, 1, 0, 4, 0
51097, 0, 2, 2, 0, 0, 0
33494, 0, 11, 2, 9, 0, 0
20504, 2, 6, 5, 1, 2, 0
20505, 0, 1, 1, 0, 0, 0
20506, 0, 1, 1, 0, 0, 0
20508, 1, 2, 2, 0, 1, 0
51098, 0, 1, 1, 0, 0, 0
51099, 0, 1, 1, 0, 0, 0
51100, 1, 1, 1, 0, 1, 0
51101, 0, 1, 1, 0, 0, 0
51102, 0, 1, 1, 0, 0, 0
51103, 0, 1, 1, 0, 0, 0
51104, 0, 2, 2, 0, 0, 0
51105, 0, 4, 4, 0, 0, 0
51106, 0, 2, 2, 0, 0, 0
21265, 2, 3, 3, 0, 2, 0
51156, 13, 2, 2, 0, 9, 4
51157, 0, 2, 0, 2, 0, 0
16447, 0, 4, 4, 0, 0, 0
18464, 0, 2, 1, 1, 0, 0
19622, 0, 1, 1, 0, 0, 0
19623, 0, 1, 1, 0, 0, 0
19624, 3, 3, 2, 1, 0, 3
19625, 1, 5, 4, 1, 0, 1
19626, 3, 10, 7, 3, 3, 0
19629, 0, 2, 1, 1, 0, 0
19632, 1, 1, 1, 0, 1, 0
19633, 0, 1, 1, 0, 0, 0
19637, 0, 4, 1, 3, 0, 0
19638, 2, 2, 1, 1, 2, 0
19046, 6, 3, 3, 0, 6, 0
19048, 0, 2, 2, 0, 0, 0
19049, 0, 1, 1, 0, 0, 0
19051, 5, 4, 4, 0, 4, 1
19054, 4, 1, 1, 0, 4, 0
19055, 1, 1, 1, 0, 1, 0
19058, 0, 1, 1, 0, 0, 0
19059, 0, 2, 2, 0, 0, 0
19063, 0, 1, 1, 0, 0, 0
19065, 8, 2, 1, 1, 7, 1
19067, 15, 4, 4, 0, 14, 1
51158, 0, 1, 0, 1, 0, 0
47026, 0, 1, 0, 1, 0, 0
9112, 17, 4, 4, 0, 15, 2
12498, 27, 3, 2, 1, 8, 19
13137, 14, 1, 1, 0, 13, 1
16199, 35, 3, 3, 0, 18, 17
17637, 6, 10, 9, 1, 4, 2
19535, 4, 4, 3, 1, 2, 2
22197, 6, 2, 1, 1, 1, 5
22597, 14, 3, 3, 0, 13, 1
24900, 16, 7, 5, 2, 13, 3
33263, 5, 3, 3, 0, 2, 3
36052, 4, 3, 3, 0, 2, 2
36396, 80, 6, 4, 2, 13, 67
36965, 5, 3, 3, 0, 4, 1
39621, 1, 3, 1, 2, 0, 1
41133, 3, 1, 1, 0, 0, 3
41134, 13, 1, 1, 0, 0, 13
41135, 5, 2, 2, 0, 3, 2
41137, 2, 2, 2, 0, 1, 1
41138, 28, 1, 1, 0, 20, 8
41139, 10, 3, 3, 0, 8, 2
41140, 1, 2, 2, 0, 0, 1
41141, 6, 2, 2, 0, 3, 3
41142, 11, 2, 1, 1, 4, 7
41143, 5, 2, 2, 0, 4, 1
41145, 1, 1, 1, 0, 0, 1
41146, 2, 3, 2, 1, 0, 2
41148, 5, 3, 3, 0, 3, 2
41149, 14, 2, 2, 0, 6, 8
41152, 2, 2, 2, 0, 1, 1
41153, 37, 1, 1, 0, 0, 37
41154, 2, 1, 1, 0, 1, 1
41155, 2, 1, 1, 0, 1, 1
41157, 1, 1, 1, 0, 0, 1
41158, 11, 1, 1, 0, 0, 11
41161, 6, 1, 1, 0, 4, 2
41162, 1, 1, 1, 0, 0, 1
51159, 0, 4, 4, 0, 0, 0
51160, 0, 3, 3, 0, 0, 0
51161, 1, 2, 1, 1, 1, 0
28017, 13, 2, 1, 1, 6, 7
51162, 1, 2, 2, 0, 1, 0
21089, 0, 8, 6, 2, 0, 0
51163, 4, 3, 2, 1, 3, 1
6053, 26, 7, 7, 0, 26, 0
6054, 3, 1, 0, 1, 0, 3
6055, 12, 2, 1, 1, 10, 2
51164, 5, 2, 2, 0, 1, 4
51165, 0, 1, 1, 0, 0, 0
23426, 0, 10, 10, 0, 0, 0
33196, 6, 9, 8, 1, 6, 0
51166, 1, 1, 0, 1, 1, 0
6356, 1, 2, 2, 0, 1, 0
6506, 0, 3, 3, 0, 0, 0
21088, 18, 4, 4, 0, 18, 0
23116, 0, 5, 5, 0, 0, 0
29197, 1, 4, 2, 2, 1, 0
41565, 0, 5, 4, 1, 0, 0
41577, 0, 7, 6, 1, 0, 0
41716, 1, 3, 2, 1, 1, 0
51167, 1, 1, 1, 0, 1, 0
51168, 0, 1, 1, 0, 0, 0
51169, 3, 1, 1, 0, 3, 0
51170, 0, 1, 1, 0, 0, 0
51171, 0, 1, 1, 0, 0, 0
51172, 0, 2, 1, 1, 0, 0
51173, 3, 4, 2, 2, 3, 0
51174, 44, 11, 9, 2, 42, 2
51175, 0, 2, 2, 0, 0, 0
51176, 0, 1, 1, 0, 0, 0
51177, 0, 1, 1, 0, 0, 0
51178, 0, 1, 1, 0, 0, 0
51179, 0, 1, 1, 0, 0, 0
51180, 2, 5, 4, 1, 2, 0
51181, 1, 1, 1, 0, 1, 0
51182, 0, 1, 1, 0, 0, 0
51183, 0, 2, 2, 0, 0, 0
51184, 5, 3, 1, 2, 5, 0
51185, 0, 1, 1, 0, 0, 0
51186, 2, 3, 2, 1, 2, 0
51187, 0, 1, 1, 0, 0, 0
14001, 14, 7, 7, 0, 12, 2
15817, 2, 4, 4, 0, 2, 0
15818, 7, 4, 4, 0, 4, 3
15819, 0, 3, 3, 0, 0, 0
15822, 0, 1, 1, 0, 0, 0
15823, 0, 2, 2, 0, 0, 0
15825, 0, 3, 3, 0, 0, 0
15828, 0, 4, 4, 0, 0, 0
15829, 1, 3, 2, 1, 1, 0
7232, 1, 1, 1, 0, 1, 0
7233, 0, 2, 2, 0, 0, 0
7234, 2, 3, 3, 0, 2, 0
7235, 17, 5, 5, 0, 17, 0
7237, 1, 3, 3, 0, 1, 0
7238, 7, 3, 3, 0, 7, 0
7239, 0, 2, 2, 0, 0, 0
7241, 1, 2, 2, 0, 1, 0
7242, 0, 1, 1, 0, 0, 0
7243, 14, 3, 3, 0, 13, 1
7245, 0, 3, 3, 0, 0, 0
7246, 0, 8, 8, 0, 0, 0
7250, 0, 1, 1, 0, 0, 0
16786, 0, 6, 6, 0, 0, 0
51216, 0, 1, 1, 0, 0, 0
51217, 0, 1, 1, 0, 0, 0
51218, 0, 1, 1, 0, 0, 0
51219, 0, 1, 0, 1, 0, 0
14336, 11, 5, 4, 1, 8, 3
33334, 0, 3, 1, 2, 0, 0
36424, 1, 9, 7, 2, 0, 1
40648, 6, 7, 5, 2, 6, 0
40687, 16, 1, 1, 0, 15, 1
40688, 2, 4, 4, 0, 2, 0
40690, 2, 2, 2, 0, 2, 0
40691, 2, 2, 1, 1, 2, 0
40692, 0, 3, 3, 0, 0, 0
40693, 1, 1, 0, 1, 1, 0
40694, 0, 7, 6, 1, 0, 0
40696, 0, 2, 0, 2, 0, 0
40697, 0, 1, 0, 1, 0, 0
40698, 0, 1, 0, 1, 0, 0
40699, 0, 1, 0, 1, 0, 0
40700, 6, 7, 2, 5, 6, 0
40701, 0, 1, 0, 1, 0, 0
40702, 0, 2, 1, 1, 0, 0
40703, 0, 1, 0, 1, 0, 0
40704, 1, 2, 1, 1, 1, 0
40705, 1, 1, 0, 1, 0, 1
40706, 4, 2, 0, 2, 2, 2
40707, 1, 3, 1, 2, 1, 0
40708, 0, 1, 0, 1, 0, 0
6057, 7, 0, 0, 0, 4, 3
6059, 0, 1, 0, 1, 0, 0
6060, 0, 2, 0, 2, 0, 0
6062, 0, 2, 2, 0, 0, 0
6076, 0, 2, 2, 0, 0, 0
6077, 0, 9, 8, 1, 0, 0
6080, 5, 1, 1, 0, 5, 0
6081, 0, 1, 1, 0, 0, 0
6098, 0, 10, 10, 0, 0, 0
6106, 3, 4, 3, 1, 2, 1
6110, 0, 3, 3, 0, 0, 0
6111, 0, 3, 3, 0, 0, 0
6113, 0, 4, 4, 0, 0, 0
6116, 0, 2, 2, 0, 0, 0
6119, 0, 5, 4, 1, 0, 0
6121, 0, 7, 6, 1, 0, 0
6123, 0, 3, 3, 0, 0, 0
6126, 1, 2, 2, 0, 1, 0
6127, 1, 1, 1, 0, 1, 0
6128, 0, 4, 4, 0, 0, 0
6130, 1, 5, 5, 0, 1, 0
6134, 14, 1, 1, 0, 12, 2
6138, 6, 11, 7, 4, 6, 0
6143, 5, 5, 3, 2, 5, 0
6150, 6, 4, 2, 2, 4, 2
6154, 3, 2, 1, 1, 3, 0
6159, 0, 6, 4, 2, 0, 0
6160, 0, 1, 0, 1, 0, 0
6161, 0, 1, 0, 1, 0, 0
6163, 1, 3, 2, 1, 1, 0
51220, 0, 1, 1, 0, 0, 0
35510, 0, 18, 18, 0, 0, 0
51221, 0, 1, 1, 0, 0, 0
6225, 4, 5, 2, 3, 2, 2
19005, 0, 1, 1, 0, 0, 0
19007, 0, 3, 1, 2, 0, 0
19009, 0, 1, 1, 0, 0, 0
19010, 0, 3, 2, 1, 0, 0
19012, 0, 1, 0, 1, 0, 0
19013, 0, 6, 2, 4, 0, 0
33794, 0, 3, 2, 1, 0, 0
37328, 27, 3, 3, 0, 26, 1
39268, 0, 4, 3, 1, 0, 0
41845, 3, 3, 3, 0, 3, 0
46160, 0, 3, 2, 1, 0, 0
51222, 3, 4, 1, 3, 3, 0
51223, 0, 1, 1, 0, 0, 0
51224, 0, 1, 1, 0, 0, 0
51225, 0, 1, 1, 0, 0, 0
30471, 0, 2, 1, 1, 0, 0
41375, 0, 5, 2, 3, 0, 0
44137, 1, 6, 6, 0, 1, 0
45911, 0, 1, 1, 0, 0, 0
45912, 6, 1, 1, 0, 5, 1
45913, 0, 1, 1, 0, 0, 0
45914, 2, 2, 1, 1, 1, 1
45915, 0, 3, 3, 0, 0, 0
22198, 13, 2, 1, 1, 7, 6
51226, 0, 2, 2, 0, 0, 0
51227, 0, 1, 1, 0, 0, 0
51228, 0, 3, 0, 3, 0, 0
27743, 2, 3, 3, 0, 2, 0
41626, 0, 3, 2, 1, 0, 0
27405, 0, 2, 2, 0, 0, 0
27406, 0, 4, 4, 0, 0, 0
27411, 0, 4, 3, 1, 0, 0
27413, 2, 7, 7, 0, 2, 0
27415, 0, 8, 8, 0, 0, 0
27418, 0, 2, 2, 0, 0, 0
27420, 0, 2, 2, 0, 0, 0
40625, 0, 6, 6, 0, 0, 0
51229, 0, 2, 2, 0, 0, 0
10257, 8, 8, 6, 2, 8, 0
22403, 0, 4, 1, 3, 0, 0
29337, 0, 2, 1, 1, 0, 0
30551, 7, 2, 1, 1, 7, 0
51230, 0, 3, 2, 1, 0, 0
51231, 0, 1, 1, 0, 0, 0
51232, 0, 2, 2, 0, 0, 0
51233, 0, 2, 0, 2, 0, 0
51234, 0, 4, 4, 0, 0, 0
14351, 7, 2, 2, 0, 7, 0
23940, 0, 7, 7, 0, 0, 0
26166, 0, 3, 3, 0, 0, 0
51235, 0, 2, 2, 0, 0, 0
31229, 1, 3, 3, 0, 0, 1
47069, 0, 3, 3, 0, 0, 0
51236, 0, 1, 1, 0, 0, 0
51237, 0, 1, 1, 0, 0, 0
51238, 0, 1, 1, 0, 0, 0
51239, 1, 1, 1, 0, 0, 1
51240, 1, 1, 1, 0, 0, 1
51241, 0, 1, 1, 0, 0, 0
8285, 0, 2, 1, 1, 0, 0
12512, 3, 2, 0, 2, 1, 2
24669, 6, 2, 1, 1, 6, 0
29117, 7, 6, 5, 1, 6, 1
33768, 0, 5, 3, 2, 0, 0
37219, 0, 2, 1, 1, 0, 0
43198, 0, 2, 1, 1, 0, 0
50414, 0, 2, 1, 1, 0, 0
51242, 0, 1, 0, 1, 0, 0
51243, 0, 1, 0, 1, 0, 0
51244, 0, 1, 0, 1, 0, 0
51245, 0, 1, 0, 1, 0, 0
51246, 0, 1, 0, 1, 0, 0
51247, 15, 3, 2, 1, 14, 1
51248, 0, 2, 1, 1, 0, 0
51249, 0, 1, 0, 1, 0, 0
51250, 0, 1, 0, 1, 0, 0
51251, 0, 1, 0, 1, 0, 0
51252, 0, 1, 0, 1, 0, 0
51253, 0, 1, 0, 1, 0, 0
51254, 1, 2, 1, 1, 1, 0
51255, 1, 1, 0, 1, 0, 1
51256, 0, 1, 0, 1, 0, 0
11632, 0, 1, 0, 1, 0, 0
36581, 3, 1, 1, 0, 3, 0
7091, 2, 4, 3, 1, 1, 1
36012, 2, 3, 3, 0, 2, 0
51257, 0, 1, 1, 0, 0, 0
51258, 4, 1, 0, 1, 4, 0
51259, 0, 1, 0, 1, 0, 0
23759, 15, 8, 7, 1, 15, 0
25962, 0, 6, 6, 0, 0, 0
25964, 0, 8, 6, 2, 0, 0
25966, 17, 6, 6, 0, 16, 1
25969, 0, 3, 2, 1, 0, 0
25970, 2, 1, 1, 0, 2, 0
16777, 6, 2, 2, 0, 6, 0
45726, 0, 3, 1, 2, 0, 0
45727, 0, 2, 1, 1, 0, 0
45728, 2, 4, 4, 0, 2, 0
45729, 2, 4, 3, 1, 2, 0
45730, 12, 2, 2, 0, 8, 4
45731, 0, 3, 1, 2, 0, 0
45732, 0, 2, 2, 0, 0, 0
24685, 0, 6, 4, 2, 0, 0
40647, 7, 2, 1, 1, 2, 5
40650, 1, 7, 4, 3, 1, 0
7190, 0, 5, 4, 1, 0, 0
51260, 0, 1, 1, 0, 0, 0
51261, 1, 3, 3, 0, 1, 0
51262, 1, 2, 2, 0, 1, 0
6467, 2, 16, 15, 1, 2, 0
27162, 5, 2, 2, 0, 5, 0
27163, 0, 4, 4, 0, 0, 0
27164, 0, 4, 4, 0, 0, 0
27165, 10, 1, 1, 0, 4, 6
27166, 0, 4, 4, 0, 0, 0
27169, 4, 4, 2, 2, 0, 4
27170, 0, 1, 1, 0, 0, 0
27171, 11, 3, 3, 0, 11, 0
27172, 13, 3, 3, 0, 13, 0
27174, 0, 3, 3, 0, 0, 0
27175, 0, 1, 0, 1, 0, 0
27176, 0, 3, 1, 2, 0, 0
27178, 1, 7, 6, 1, 1, 0
27179, 1, 4, 3, 1, 0, 1
27180, 0, 1, 0, 1, 0, 0
32524, 17, 5, 4, 1, 13, 4
37676, 2, 5, 4, 1, 2, 0
47443, 0, 2, 0, 2, 0, 0
51263, 0, 1, 1, 0, 0, 0
51264, 1, 1, 1, 0, 1, 0
51265, 0, 1, 1, 0, 0, 0
51266, 1, 1, 1, 0, 1, 0
16000, 11, 5, 3, 2, 3, 8
51267, 0, 2, 2, 0, 0, 0
51268, 0, 1, 1, 0, 0, 0
51269, 5, 1, 1, 0, 5, 0
24540, 0, 1, 1, 0, 0, 0
12577, 0, 5, 4, 1, 0, 0
19037, 3, 9, 5, 4, 2, 1
37506, 4, 4, 4, 0, 4, 0
37507, 0, 1, 1, 0, 0, 0
37508, 0, 2, 2, 0, 0, 0
37509, 12, 1, 1, 0, 12, 0
37511, 0, 2, 2, 0, 0, 0
37512, 2, 2, 2, 0, 2, 0
37514, 0, 1, 1, 0, 0, 0
37515, 0, 2, 1, 1, 0, 0
37516, 0, 1, 1, 0, 0, 0
37517, 0, 1, 1, 0, 0, 0
37518, 1, 4, 4, 0, 1, 0
37520, 1, 2, 1, 1, 1, 0
37521, 0, 1, 1, 0, 0, 0
37522, 2, 2, 1, 1, 2, 0
37523, 0, 1, 1, 0, 0, 0
37524, 0, 1, 1, 0, 0, 0
37525, 1, 1, 1, 0, 1, 0
37526, 0, 1, 1, 0, 0, 0
37527, 3, 1, 1, 0, 3, 0
37528, 0, 1, 1, 0, 0, 0
37529, 6, 3, 3, 0, 6, 0
37533, 0, 3, 1, 2, 0, 0
37534, 0, 1, 0, 1, 0, 0
20993, 85, 3, 2, 1, 58, 27
51275, 0, 2, 2, 0, 0, 0
51276, 2, 1, 1, 0, 2, 0
51277, 3, 3, 3, 0, 3, 0
51278, 7, 3, 3, 0, 6, 1
51279, 0, 2, 2, 0, 0, 0
51280, 0, 3, 3, 0, 0, 0
51281, 0, 3, 3, 0, 0, 0
51282, 8, 3, 3, 0, 7, 1
51283, 1, 1, 1, 0, 1, 0
6170, 2, 5, 3, 2, 0, 2
17058, 0, 5, 3, 2, 0, 0
17066, 1, 8, 5, 3, 1, 0
23939, 0, 3, 2, 1, 0, 0
25291, 0, 2, 1, 1, 0, 0
51284, 0, 1, 0, 1, 0, 0
51285, 0, 3, 0, 3, 0, 0
51286, 0, 2, 1, 1, 0, 0
51287, 0, 1, 0, 1, 0, 0
51288, 1, 1, 0, 1, 0, 1
51289, 1, 2, 1, 1, 1, 0
51290, 0, 1, 0, 1, 0, 0
51291, 0, 1, 0, 1, 0, 0
27710, 0, 4, 4, 0, 0, 0
20732, 1, 2, 2, 0, 1, 0
20733, 0, 2, 2, 0, 0, 0
38807, 4, 2, 2, 0, 3, 1
51292, 0, 1, 1, 0, 0, 0
51293, 1, 1, 1, 0, 1, 0
51294, 0, 3, 2, 1, 0, 0
51295, 0, 1, 0, 1, 0, 0
41890, 6, 2, 0, 2, 0, 6
51296, 1, 1, 1, 0, 1, 0
51297, 0, 1, 1, 0, 0, 0
9348, 2, 4, 4, 0, 2, 0
24116, 3, 4, 3, 1, 2, 1
51298, 1, 1, 1, 0, 1, 0
51299, 5, 4, 4, 0, 5, 0
50897, 0, 3, 3, 0, 0, 0
51300, 0, 1, 0, 1, 0, 0
9152, 0, 6, 5, 1, 0, 0
16574, 0, 11, 8, 3, 0, 0
21067, 50, 3, 3, 0, 50, 0
29518, 2, 1, 1, 0, 2, 0
29519, 0, 3, 3, 0, 0, 0
29520, 0, 5, 4, 1, 0, 0
29522, 0, 1, 1, 0, 0, 0
29524, 21, 5, 2, 3, 5, 16
29527, 3, 1, 0, 1, 1, 2
29529, 0, 1, 0, 1, 0, 0
29530, 1, 2, 1, 1, 1, 0
29531, 0, 1, 0, 1, 0, 0
29532, 0, 1, 0, 1, 0, 0
29533, 0, 1, 0, 1, 0, 0
29535, 0, 1, 0, 1, 0, 0
29536, 0, 3, 1, 2, 0, 0
29537, 1, 10, 7, 3, 0, 1
29540, 0, 1, 0, 1, 0, 0
29541, 6, 2, 0, 2, 5, 1
29542, 0, 2, 1, 1, 0, 0
29543, 0, 2, 1, 1, 0, 0
29544, 0, 3, 0, 3, 0, 0
29545, 0, 4, 0, 4, 0, 0
29546, 0, 2, 1, 1, 0, 0
29548, 0, 1, 0, 1, 0, 0
29550, 3, 4, 2, 2, 3, 0
10885, 6, 4, 0, 4, 6, 0
16858, 10, 8, 5, 3, 8, 2
51301, 0, 1, 1, 0, 0, 0
51302, 0, 1, 1, 0, 0, 0
29736, 0, 2, 2, 0, 0, 0
34594, 0, 3, 2, 1, 0, 0
38995, 0, 5, 2, 3, 0, 0
51305, 0, 2, 2, 0, 0, 0
51306, 0, 2, 1, 1, 0, 0
51307, 0, 1, 1, 0, 0, 0
51308, 0, 4, 0, 4, 0, 0
51309, 0, 3, 0, 3, 0, 0
51310, 2, 2, 1, 1, 0, 2
28572, 5, 4, 4, 0, 5, 0
32740, 67, 4, 4, 0, 54, 13
49566, 43, 3, 3, 0, 34, 9
50162, 5, 2, 2, 0, 5, 0
51311, 2, 1, 1, 0, 2, 0
51312, 14, 2, 2, 0, 10, 4
51313, 0, 1, 1, 0, 0, 0
51314, 0, 1, 1, 0, 0, 0
51315, 3, 2, 1, 1, 2, 1
51316, 2, 1, 1, 0, 2, 0
6960, 0, 7, 0, 7, 0, 0
51317, 19, 2, 1, 1, 9, 10
51318, 0, 1, 0, 1, 0, 0
15682, 0, 9, 9, 0, 0, 0
19920, 0, 2, 1, 1, 0, 0
20404, 15, 3, 3, 0, 15, 0
26205, 0, 6, 6, 0, 0, 0
28464, 13, 4, 4, 0, 8, 5
28966, 0, 3, 2, 1, 0, 0
30237, 0, 3, 3, 0, 0, 0
37264, 3, 3, 3, 0, 3, 0
38610, 0, 4, 4, 0, 0, 0
39001, 2, 3, 2, 1, 1, 1
43756, 3, 1, 1, 0, 3, 0
51319, 0, 1, 1, 0, 0, 0
51320, 0, 1, 1, 0, 0, 0
51321, 1, 1, 1, 0, 0, 1
51322, 0, 2, 1, 1, 0, 0
51323, 0, 1, 1, 0, 0, 0
51324, 0, 2, 2, 0, 0, 0
51325, 0, 1, 1, 0, 0, 0
51326, 0, 1, 1, 0, 0, 0
51327, 0, 1, 1, 0, 0, 0
51328, 0, 3, 3, 0, 0, 0
51329, 0, 1, 1, 0, 0, 0
51330, 0, 1, 1, 0, 0, 0
51331, 6, 2, 2, 0, 6, 0
51332, 1, 2, 2, 0, 1, 0
51333, 2, 1, 1, 0, 0, 2
51334, 0, 1, 1, 0, 0, 0
51335, 0, 5, 5, 0, 0, 0
51336, 1, 2, 1, 1, 0, 1
51337, 0, 5, 5, 0, 0, 0
51338, 1, 1, 1, 0, 1, 0
23344, 4, 8, 6, 2, 4, 0
26138, 0, 2, 2, 0, 0, 0
26139, 0, 1, 1, 0, 0, 0
26141, 1, 1, 1, 0, 1, 0
26142, 0, 4, 3, 1, 0, 0
6183, 0, 3, 3, 0, 0, 0
6186, 0, 9, 8, 1, 0, 0
6187, 4, 4, 4, 0, 4, 0
6193, 0, 2, 2, 0, 0, 0
6196, 2, 3, 1, 2, 0, 2
6198, 0, 1, 1, 0, 0, 0
6206, 0, 1, 1, 0, 0, 0
6210, 4, 1, 1, 0, 2, 2
6217, 6, 4, 1, 3, 5, 1
6226, 0, 1, 1, 0, 0, 0
6240, 2, 1, 1, 0, 2, 0
6247, 0, 2, 1, 1, 0, 0
6251, 3, 3, 1, 2, 3, 0
51339, 0, 1, 1, 0, 0, 0
51340, 0, 1, 1, 0, 0, 0
27606, 0, 3, 3, 0, 0, 0
49388, 0, 1, 0, 1, 0, 0
51341, 0, 7, 7, 0, 0, 0
51342, 3, 1, 0, 1, 2, 1
51343, 1, 3, 2, 1, 0, 1
25364, 0, 2, 2, 0, 0, 0
30026, 0, 2, 2, 0, 0, 0
51344, 0, 1, 1, 0, 0, 0
51345, 0, 2, 2, 0, 0, 0
42404, 1, 4, 0, 4, 1, 0
51346, 0, 1, 1, 0, 0, 0
51347, 3, 2, 2, 0, 3, 0
51348, 5, 1, 1, 0, 5, 0
18190, 0, 4, 2, 2, 0, 0
29810, 4, 4, 4, 0, 4, 0
33786, 0, 6, 6, 0, 0, 0
37315, 7, 6, 6, 0, 7, 0
50431, 0, 3, 2, 1, 0, 0
51349, 0, 1, 1, 0, 0, 0
51350, 0, 1, 0, 1, 0, 0
51351, 0, 2, 1, 1, 0, 0
14259, 3, 3, 3, 0, 3, 0
17907, 0, 3, 3, 0, 0, 0
26107, 4, 1, 1, 0, 4, 0
27288, 1, 3, 3, 0, 1, 0
28778, 2, 7, 7, 0, 2, 0
36544, 0, 2, 2, 0, 0, 0
36545, 0, 3, 3, 0, 0, 0
36547, 8, 1, 1, 0, 5, 3
36548, 4, 1, 1, 0, 4, 0
36549, 0, 1, 1, 0, 0, 0
36550, 0, 3, 3, 0, 0, 0
36551, 0, 2, 2, 0, 0, 0
36553, 0, 1, 1, 0, 0, 0
36555, 3, 2, 2, 0, 3, 0
36558, 0, 1, 1, 0, 0, 0
36559, 0, 1, 1, 0, 0, 0
36560, 0, 1, 1, 0, 0, 0
36561, 0, 1, 1, 0, 0, 0
36562, 0, 1, 1, 0, 0, 0
36563, 1, 2, 2, 0, 1, 0
36564, 3, 1, 1, 0, 3, 0
36567, 0, 1, 0, 1, 0, 0
51352, 0, 3, 3, 0, 0, 0
51353, 4, 1, 0, 1, 4, 0
44167, 11, 3, 3, 0, 11, 0
35390, 1, 2, 0, 2, 1, 0
51354, 0, 4, 4, 0, 0, 0
51355, 0, 1, 0, 1, 0, 0
14090, 0, 4, 4, 0, 0, 0
51356, 1, 1, 1, 0, 0, 1
51357, 1, 1, 1, 0, 1, 0
45106, 0, 3, 3, 0, 0, 0
51358, 6, 1, 1, 0, 6, 0
51359, 2, 1, 1, 0, 2, 0
51360, 1, 1, 1, 0, 0, 1
51361, 35, 2, 2, 0, 35, 0
13790, 38, 7, 6, 1, 37, 1
16764, 3, 12, 12, 0, 3, 0
26830, 1, 3, 3, 0, 1, 0
27663, 0, 4, 4, 0, 0, 0
29600, 0, 7, 6, 1, 0, 0
30983, 0, 3, 3, 0, 0, 0
51362, 0, 1, 1, 0, 0, 0
51363, 0, 2, 2, 0, 0, 0
51364, 1, 1, 1, 0, 1, 0
51365, 15, 1, 1, 0, 14, 1
51366, 0, 1, 1, 0, 0, 0
43984, 0, 8, 8, 0, 0, 0
14940, 29, 5, 2, 3, 21, 8
32725, 2, 5, 3, 2, 2, 0
51367, 0, 2, 2, 0, 0, 0
51368, 0, 1, 1, 0, 0, 0
51369, 0, 4, 4, 0, 0, 0
51370, 0, 1, 0, 1, 0, 0
35852, 7, 2, 2, 0, 7, 0
36515, 0, 6, 5, 1, 0, 0
40278, 0, 2, 1, 1, 0, 0
51371, 2, 1, 1, 0, 2, 0
51372, 3, 1, 1, 0, 3, 0
51373, 2, 4, 2, 2, 1, 1
51374, 0, 1, 0, 1, 0, 0
51375, 0, 3, 1, 2, 0, 0
51376, 1, 1, 0, 1, 1, 0
51377, 0, 1, 0, 1, 0, 0
51378, 0, 1, 0, 1, 0, 0
51379, 2, 1, 0, 1, 2, 0
51380, 1, 1, 0, 1, 1, 0
51381, 0, 1, 0, 1, 0, 0
51382, 0, 1, 0, 1, 0, 0
51383, 0, 1, 1, 0, 0, 0
51384, 2, 1, 1, 0, 2, 0
25921, 7, 2, 1, 1, 4, 3
34189, 0, 2, 2, 0, 0, 0
51385, 0, 1, 1, 0, 0, 0
51386, 3, 1, 1, 0, 3, 0
51387, 1, 3, 3, 0, 1, 0
51388, 0, 1, 0, 1, 0, 0
17313, 1, 7, 7, 0, 0, 1
50668, 0, 3, 1, 2, 0, 0
21186, 0, 3, 3, 0, 0, 0
21587, 0, 4, 3, 1, 0, 0
26967, 8, 4, 4, 0, 8, 0
35826, 0, 7, 6, 1, 0, 0
38496, 9, 5, 4, 1, 9, 0
38950, 0, 4, 4, 0, 0, 0
51389, 0, 3, 2, 1, 0, 0
51390, 0, 2, 2, 0, 0, 0
51391, 0, 2, 2, 0, 0, 0
51392, 3, 4, 4, 0, 3, 0
51393, 1, 1, 1, 0, 1, 0
27488, 0, 5, 5, 0, 0, 0
37475, 1, 8, 8, 0, 0, 1
41928, 4, 4, 2, 2, 3, 1
41973, 1, 2, 2, 0, 1, 0
51394, 0, 1, 1, 0, 0, 0
51395, 0, 1, 1, 0, 0, 0
51396, 1, 1, 1, 0, 1, 0
51397, 2, 3, 3, 0, 2, 0
51398, 0, 2, 2, 0, 0, 0
51399, 0, 2, 2, 0, 0, 0
51400, 1, 1, 1, 0, 1, 0
51401, 0, 1, 1, 0, 0, 0
51402, 0, 1, 1, 0, 0, 0
14477, 0, 3, 3, 0, 0, 0
19030, 1, 6, 6, 0, 1, 0
20798, 3, 7, 5, 2, 3, 0
30058, 0, 4, 3, 1, 0, 0
30797, 21, 5, 3, 2, 21, 0
34729, 49, 3, 3, 0, 48, 1
35581, 0, 4, 3, 1, 0, 0
41386, 2, 2, 1, 1, 1, 1
42407, 0, 5, 4, 1, 0, 0
44600, 0, 2, 2, 0, 0, 0
48126, 0, 5, 5, 0, 0, 0
49372, 0, 4, 3, 1, 0, 0
51020, 4, 2, 1, 1, 1, 3
51403, 0, 2, 1, 1, 0, 0
51404, 0, 3, 3, 0, 0, 0
51405, 6, 3, 1, 2, 5, 1
51406, 7, 1, 1, 0, 7, 0
51407, 1, 1, 1, 0, 1, 0
51408, 1, 1, 1, 0, 1, 0
51409, 0, 1, 1, 0, 0, 0
51410, 0, 4, 4, 0, 0, 0
51411, 2, 1, 1, 0, 2, 0
51412, 20, 1, 1, 0, 20, 0
44213, 0, 9, 9, 0, 0, 0
51413, 0, 1, 1, 0, 0, 0
51414, 0, 1, 1, 0, 0, 0
18488, 0, 5, 5, 0, 0, 0
51415, 0, 1, 1, 0, 0, 0
51416, 0, 1, 1, 0, 0, 0
23275, 0, 1, 1, 0, 0, 0
23277, 2, 6, 5, 1, 2, 0
23278, 0, 2, 0, 2, 0, 0
13435, 5, 5, 4, 1, 5, 0
14916, 1, 3, 2, 1, 1, 0
16047, 10, 1, 1, 0, 8, 2
16682, 7, 5, 2, 3, 6, 1
18062, 0, 6, 6, 0, 0, 0
19382, 0, 4, 3, 1, 0, 0
19866, 7, 7, 4, 3, 7, 0
20969, 20, 4, 4, 0, 18, 2
23739, 5, 3, 3, 0, 5, 0
24096, 8, 5, 4, 1, 8, 0
24294, 108, 6, 6, 0, 85, 23
27711, 20, 2, 2, 0, 19, 1
29677, 0, 2, 1, 1, 0, 0
30122, 4, 10, 8, 2, 4, 0
30563, 1, 3, 2, 1, 0, 1
32441, 0, 4, 1, 3, 0, 0
42075, 4, 4, 4, 0, 3, 1
51417, 0, 1, 1, 0, 0, 0
51418, 0, 3, 2, 1, 0, 0
51419, 1, 1, 1, 0, 1, 0
51420, 4, 1, 1, 0, 4, 0
51421, 0, 2, 2, 0, 0, 0
51422, 17, 1, 1, 0, 6, 11
51423, 6, 4, 2, 2, 2, 4
51424, 1, 2, 2, 0, 1, 0
51425, 7, 3, 2, 1, 5, 2
51426, 1, 1, 1, 0, 1, 0
51427, 2, 1, 1, 0, 2, 0
51428, 2, 2, 2, 0, 2, 0
51429, 1, 1, 1, 0, 1, 0
51430, 1, 2, 2, 0, 0, 1
51431, 0, 1, 1, 0, 0, 0
51432, 1, 6, 5, 1, 1, 0
51433, 1, 1, 1, 0, 1, 0
51434, 2, 3, 3, 0, 2, 0
51435, 10, 2, 2, 0, 9, 1
51436, 0, 3, 3, 0, 0, 0
51437, 0, 5, 3, 2, 0, 0
51438, 6, 2, 2, 0, 4, 2
51439, 0, 1, 1, 0, 0, 0
51440, 0, 1, 1, 0, 0, 0
51441, 0, 2, 2, 0, 0, 0
51442, 0, 1, 1, 0, 0, 0
51443, 0, 1, 1, 0, 0, 0
51444, 0, 1, 1, 0, 0, 0
51445, 0, 2, 2, 0, 0, 0
51446, 0, 1, 1, 0, 0, 0
51447, 0, 1, 1, 0, 0, 0
51448, 3, 1, 1, 0, 0, 3
51449, 27, 1, 1, 0, 27, 0
51450, 2, 2, 2, 0, 1, 1
51451, 0, 1, 1, 0, 0, 0
51452, 2, 2, 2, 0, 2, 0
51453, 0, 1, 1, 0, 0, 0
51454, 1, 2, 2, 0, 0, 1
51455, 0, 1, 1, 0, 0, 0
15214, 3, 5, 5, 0, 3, 0
51456, 0, 1, 1, 0, 0, 0
51457, 0, 5, 5, 0, 0, 0
51458, 0, 1, 1, 0, 0, 0
51459, 1, 2, 2, 0, 1, 0
33561, 0, 3, 3, 0, 0, 0
23099, 3, 2, 2, 0, 2, 1
44556, 50, 2, 1, 1, 49, 1
51460, 0, 1, 1, 0, 0, 0
9525, 0, 4, 3, 1, 0, 0
25110, 0, 2, 2, 0, 0, 0
31042, 1, 5, 4, 1, 1, 0
44982, 11, 2, 2, 0, 10, 1
46044, 10, 3, 3, 0, 9, 1
51461, 13, 3, 3, 0, 12, 1
51462, 0, 1, 1, 0, 0, 0
51463, 1, 1, 1, 0, 1, 0
51464, 1, 1, 1, 0, 0, 1
51465, 6, 2, 2, 0, 6, 0
51466, 4, 1, 1, 0, 1, 3
51467, 15, 1, 1, 0, 15, 0
51468, 4, 1, 1, 0, 4, 0
51469, 8, 1, 1, 0, 7, 1
51470, 0, 2, 2, 0, 0, 0
51471, 21, 1, 1, 0, 8, 13
51472, 4, 2, 1, 1, 0, 4
51473, 4, 1, 1, 0, 2, 2
51474, 1, 2, 1, 1, 1, 0
8293, 1, 7, 4, 3, 0, 1
10317, 11, 3, 2, 1, 2, 9
13278, 1, 4, 2, 2, 0, 1
23738, 5, 4, 4, 0, 5, 0
24517, 1, 7, 3, 4, 1, 0
25207, 2, 2, 2, 0, 2, 0
25374, 0, 5, 5, 0, 0, 0
34358, 0, 7, 6, 1, 0, 0
37198, 10, 8, 5, 3, 5, 5
37234, 0, 2, 2, 0, 0, 0
38883, 2, 8, 5, 3, 1, 1
41884, 0, 2, 2, 0, 0, 0
44796, 8, 4, 2, 2, 8, 0
46047, 4, 2, 1, 1, 0, 4
51475, 2, 1, 1, 0, 1, 1
51476, 0, 2, 1, 1, 0, 0
51477, 0, 1, 1, 0, 0, 0
51478, 0, 1, 1, 0, 0, 0
51479, 2, 2, 2, 0, 2, 0
51480, 2, 4, 2, 2, 2, 0
51481, 0, 3, 3, 0, 0, 0
51482, 0, 1, 1, 0, 0, 0
51483, 0, 2, 2, 0, 0, 0
51484, 1, 1, 1, 0, 1, 0
51485, 0, 2, 2, 0, 0, 0
51486, 0, 1, 1, 0, 0, 0
51487, 0, 1, 1, 0, 0, 0
51488, 1, 1, 0, 1, 0, 1
41728, 17, 1, 0, 1, 17, 0
51489, 1, 1, 1, 0, 1, 0
51490, 0, 2, 1, 1, 0, 0
51491, 0, 2, 1, 1, 0, 0
51492, 0, 2, 2, 0, 0, 0
14730, 7, 6, 6, 0, 5, 2
45824, 0, 3, 3, 0, 0, 0
45825, 2, 2, 2, 0, 2, 0
45826, 1, 1, 1, 0, 0, 1
51493, 0, 1, 1, 0, 0, 0
51494, 0, 1, 1, 0, 0, 0
51495, 0, 1, 1, 0, 0, 0
51496, 0, 3, 3, 0, 0, 0
51497, 0, 1, 1, 0, 0, 0
23976, 1, 4, 3, 1, 1, 0
51214, 4, 2, 2, 0, 4, 0
51215, 10, 1, 1, 0, 10, 0
51498, 11, 1, 1, 0, 11, 0
51499, 0, 1, 1, 0, 0, 0
51500, 1, 1, 1, 0, 1, 0
25489, 16, 3, 3, 0, 13, 3
25609, 1, 4, 2, 2, 1, 0
36590, 6, 3, 3, 0, 6, 0
50337, 2, 1, 1, 0, 2, 0
50338, 36, 2, 2, 0, 35, 1
20227, 0, 2, 0, 2, 0, 0
21145, 3, 6, 6, 0, 3, 0
24065, 0, 4, 1, 3, 0, 0
51501, 0, 2, 1, 1, 0, 0
51502, 0, 1, 1, 0, 0, 0
51503, 0, 1, 1, 0, 0, 0
51504, 8, 1, 1, 0, 8, 0
6289, 10, 1, 1, 0, 9, 1
6290, 1, 1, 1, 0, 1, 0
19295, 0, 6, 4, 2, 0, 0
21086, 10, 4, 3, 1, 2, 8
21092, 0, 2, 0, 2, 0, 0
21095, 0, 4, 0, 4, 0, 0
21097, 11, 2, 0, 2, 1, 10
21098, 0, 2, 0, 2, 0, 0
21101, 2, 1, 0, 1, 2, 0
25171, 0, 1, 1, 0, 0, 0
21211, 0, 1, 1, 0, 0, 0
21214, 0, 1, 1, 0, 0, 0
9278, 2, 8, 7, 1, 2, 0
15532, 0, 4, 2, 2, 0, 0
18249, 0, 1, 1, 0, 0, 0
18250, 0, 1, 1, 0, 0, 0
18254, 0, 3, 3, 0, 0, 0
18258, 1, 2, 1, 1, 1, 0
18260, 10, 2, 2, 0, 10, 0
18262, 0, 2, 1, 1, 0, 0
18266, 0, 1, 1, 0, 0, 0
18267, 0, 1, 0, 1, 0, 0
18271, 0, 1, 0, 1, 0, 0
32625, 0, 2, 2, 0, 0, 0
32627, 0, 2, 2, 0, 0, 0
51505, 9, 1, 1, 0, 8, 1
15026, 1, 1, 1, 0, 1, 0
15027, 0, 1, 1, 0, 0, 0
15028, 0, 1, 1, 0, 0, 0
15029, 0, 5, 5, 0, 0, 0
15032, 0, 1, 1, 0, 0, 0
15033, 1, 2, 2, 0, 1, 0
15036, 0, 1, 1, 0, 0, 0
15039, 5, 4, 1, 3, 5, 0
15040, 0, 1, 1, 0, 0, 0
15048, 0, 3, 3, 0, 0, 0
15049, 0, 1, 1, 0, 0, 0
15052, 0, 1, 0, 1, 0, 0
20746, 0, 2, 2, 0, 0, 0
21741, 0, 8, 8, 0, 0, 0
24534, 3, 4, 2, 2, 2, 1
35264, 0, 4, 4, 0, 0, 0
35265, 0, 1, 0, 1, 0, 0
6314, 0, 2, 2, 0, 0, 0
6315, 6, 4, 3, 1, 6, 0
6318, 1, 2, 2, 0, 0, 1
6320, 0, 1, 1, 0, 0, 0
6322, 0, 1, 1, 0, 0, 0
6324, 0, 4, 4, 0, 0, 0
6329, 0, 1, 1, 0, 0, 0
6336, 0, 3, 3, 0, 0, 0
6337, 1, 8, 8, 0, 1, 0
6338, 0, 2, 2, 0, 0, 0
6339, 2, 1, 1, 0, 0, 2
6341, 3, 4, 3, 1, 3, 0
6346, 1, 3, 1, 2, 1, 0
6351, 0, 2, 2, 0, 0, 0
6353, 0, 1, 1, 0, 0, 0
6355, 0, 2, 2, 0, 0, 0
6359, 14, 2, 2, 0, 13, 1
6363, 3, 2, 2, 0, 2, 1
6364, 39, 7, 6, 1, 39, 0
6367, 1, 9, 8, 1, 1, 0
6368, 0, 1, 1, 0, 0, 0
6371, 0, 1, 1, 0, 0, 0
6378, 15, 1, 1, 0, 11, 4
6381, 0, 1, 1, 0, 0, 0
6387, 0, 1, 1, 0, 0, 0
6390, 0, 1, 1, 0, 0, 0
6391, 6, 1, 1, 0, 6, 0
6392, 0, 1, 1, 0, 0, 0
6393, 0, 2, 1, 1, 0, 0
31101, 22, 3, 3, 0, 20, 2
46334, 1, 3, 0, 3, 1, 0
51506, 2, 1, 1, 0, 2, 0
51507, 0, 1, 1, 0, 0, 0
51508, 1, 1, 1, 0, 1, 0
51509, 2, 1, 1, 0, 2, 0
51510, 0, 1, 1, 0, 0, 0
51511, 0, 1, 0, 1, 0, 0
51512, 2, 1, 0, 1, 2, 0
51513, 7, 2, 1, 1, 7, 0
51514, 0, 1, 1, 0, 0, 0
51515, 0, 1, 1, 0, 0, 0
51516, 0, 2, 2, 0, 0, 0
51517, 1, 2, 2, 0, 1, 0
51518, 0, 1, 1, 0, 0, 0
23617, 1, 5, 4, 1, 0, 1
51519, 1, 4, 4, 0, 1, 0
51520, 6, 1, 1, 0, 6, 0
51521, 0, 3, 3, 0, 0, 0
16865, 4, 9, 7, 2, 2, 2
17106, 4, 4, 3, 1, 4, 0
35746, 5, 1, 0, 1, 3, 2
35980, 14, 5, 3, 2, 12, 2
39100, 2, 3, 0, 3, 2, 0
51522, 28, 8, 8, 0, 28, 0
51523, 0, 3, 0, 3, 0, 0
51524, 0, 1, 0, 1, 0, 0
51525, 1, 2, 1, 1, 1, 0
51526, 0, 1, 0, 1, 0, 0
51527, 1, 1, 0, 1, 1, 0
51528, 0, 1, 0, 1, 0, 0
51529, 0, 1, 0, 1, 0, 0
51530, 0, 2, 1, 1, 0, 0
51531, 1, 2, 1, 1, 1, 0
51532, 2, 4, 0, 4, 2, 0
51533, 0, 1, 0, 1, 0, 0
51534, 0, 1, 0, 1, 0, 0
51535, 0, 1, 0, 1, 0, 0
51536, 0, 2, 1, 1, 0, 0
51537, 3, 4, 3, 1, 2, 1
21105, 0, 1, 1, 0, 0, 0
21107, 0, 2, 2, 0, 0, 0
21108, 1, 3, 3, 0, 0, 1
21109, 0, 3, 3, 0, 0, 0
21110, 1, 1, 1, 0, 1, 0
9881, 8, 16, 13, 3, 7, 1
12583, 0, 2, 2, 0, 0, 0
13001, 3, 2, 2, 0, 3, 0
16080, 5, 5, 5, 0, 5, 0
17851, 0, 7, 6, 1, 0, 0
18059, 0, 2, 2, 0, 0, 0
19698, 4, 3, 3, 0, 4, 0
22513, 5, 5, 4, 1, 5, 0
27484, 0, 5, 5, 0, 0, 0
35576, 1, 3, 1, 2, 0, 1
44339, 2, 1, 1, 0, 2, 0
45903, 0, 4, 3, 1, 0, 0
49479, 0, 2, 2, 0, 0, 0
50194, 0, 3, 2, 1, 0, 0
51538, 0, 1, 1, 0, 0, 0
51539, 0, 1, 1, 0, 0, 0
51540, 0, 1, 1, 0, 0, 0
51541, 0, 1, 1, 0, 0, 0
51542, 0, 2, 2, 0, 0, 0
51543, 0, 2, 2, 0, 0, 0
51544, 0, 1, 1, 0, 0, 0
51545, 0, 4, 4, 0, 0, 0
51546, 0, 1, 1, 0, 0, 0
51547, 1, 2, 1, 1, 1, 0
51548, 0, 2, 2, 0, 0, 0
51549, 0, 3, 3, 0, 0, 0
51550, 0, 1, 1, 0, 0, 0
51551, 0, 1, 1, 0, 0, 0
51552, 0, 1, 1, 0, 0, 0
51553, 0, 1, 1, 0, 0, 0
51554, 0, 1, 1, 0, 0, 0
51555, 1, 3, 2, 1, 1, 0
17864, 1, 4, 3, 1, 1, 0
51556, 0, 2, 2, 0, 0, 0
51557, 0, 2, 2, 0, 0, 0
51558, 0, 1, 1, 0, 0, 0
51559, 0, 1, 1, 0, 0, 0
51560, 2, 1, 1, 0, 2, 0
51561, 1, 1, 1, 0, 1, 0
51562, 4, 2, 1, 1, 1, 3
22314, 1, 1, 1, 0, 1, 0
51563, 0, 1, 1, 0, 0, 0
51564, 6, 3, 3, 0, 5, 1
25070, 0, 2, 2, 0, 0, 0
26387, 16, 5, 4, 1, 3, 13
30537, 3, 10, 5, 5, 3, 0
35428, 3, 3, 2, 1, 3, 0
51565, 0, 3, 3, 0, 0, 0
51566, 0, 2, 2, 0, 0, 0
51567, 4, 1, 1, 0, 4, 0
51568, 0, 4, 4, 0, 0, 0
51569, 0, 1, 0, 1, 0, 0
51570, 1, 3, 3, 0, 1, 0
51571, 0, 2, 1, 1, 0, 0
51572, 1, 2, 2, 0, 1, 0
11496, 0, 2, 2, 0, 0, 0
13879, 0, 4, 3, 1, 0, 0
30334, 1, 3, 3, 0, 1, 0
34156, 0, 3, 3, 0, 0, 0
50642, 11, 2, 2, 0, 7, 4
50643, 5, 4, 4, 0, 2, 3
50644, 0, 1, 1, 0, 0, 0
50645, 0, 1, 1, 0, 0, 0
50646, 0, 1, 1, 0, 0, 0
50647, 0, 1, 1, 0, 0, 0
50648, 0, 1, 1, 0, 0, 0
50649, 2, 5, 4, 1, 2, 0
50650, 0, 2, 1, 1, 0, 0
50651, 0, 1, 0, 1, 0, 0
23422, 0, 6, 6, 0, 0, 0
34987, 0, 3, 1, 2, 0, 0
36364, 62, 1, 1, 0, 59, 3
41621, 6, 4, 3, 1, 6, 0
44789, 1, 4, 3, 1, 1, 0
47020, 1, 3, 3, 0, 0, 1
48819, 20, 3, 3, 0, 20, 0
49418, 7, 3, 3, 0, 7, 0
51573, 0, 1, 1, 0, 0, 0
51574, 8, 2, 2, 0, 8, 0
51575, 19, 2, 2, 0, 19, 0
51576, 0, 2, 1, 1, 0, 0
51577, 1, 1, 1, 0, 1, 0
51578, 4, 1, 1, 0, 4, 0
51579, 0, 1, 1, 0, 0, 0
51580, 6, 2, 2, 0, 4, 2
51581, 0, 1, 1, 0, 0, 0
51582, 0, 1, 1, 0, 0, 0
51583, 0, 1, 1, 0, 0, 0
51584, 0, 1, 1, 0, 0, 0
51585, 1, 1, 1, 0, 1, 0
51586, 0, 7, 7, 0, 0, 0
51587, 15, 1, 1, 0, 14, 1
51588, 0, 1, 1, 0, 0, 0
51589, 1, 2, 2, 0, 1, 0
51590, 12, 1, 1, 0, 12, 0
51591, 13, 2, 2, 0, 13, 0
51592, 1, 2, 2, 0, 0, 1
51593, 3, 2, 2, 0, 2, 1
51594, 1, 1, 0, 1, 1, 0
51595, 0, 5, 4, 1, 0, 0
51596, 0, 1, 0, 1, 0, 0
51597, 0, 1, 0, 1, 0, 0
27583, 0, 4, 4, 0, 0, 0
32701, 0, 2, 2, 0, 0, 0
51598, 0, 2, 1, 1, 0, 0
51599, 0, 1, 1, 0, 0, 0
51600, 9, 1, 1, 0, 9, 0
6408, 0, 1, 1, 0, 0, 0
6409, 0, 4, 4, 0, 0, 0
6412, 0, 4, 4, 0, 0, 0
6419, 0, 15, 15, 0, 0, 0
6423, 2, 1, 1, 0, 2, 0
6427, 0, 7, 7, 0, 0, 0
6440, 0, 5, 5, 0, 0, 0
6443, 0, 2, 2, 0, 0, 0
6444, 1, 1, 1, 0, 1, 0
6451, 6, 5, 5, 0, 6, 0
6456, 0, 4, 3, 1, 0, 0
6462, 1, 6, 3, 3, 1, 0
6466, 0, 1, 1, 0, 0, 0
6476, 0, 2, 2, 0, 0, 0
6482, 2, 3, 2, 1, 2, 0
6492, 0, 1, 0, 1, 0, 0
9073, 1, 5, 5, 0, 1, 0
21861, 26, 1, 1, 0, 26, 0
30972, 0, 3, 2, 1, 0, 0
33427, 3, 5, 3, 2, 3, 0
38305, 0, 4, 4, 0, 0, 0
41901, 2, 2, 2, 0, 2, 0
50639, 0, 2, 2, 0, 0, 0
51601, 0, 1, 1, 0, 0, 0
51602, 0, 3, 3, 0, 0, 0
51603, 2, 1, 1, 0, 1, 1
29407, 22, 3, 2, 1, 22, 0
51604, 0, 1, 1, 0, 0, 0
51605, 0, 1, 1, 0, 0, 0
32534, 31, 3, 2, 1, 14, 17
50388, 12, 3, 3, 0, 12, 0
51606, 0, 1, 1, 0, 0, 0
51607, 2, 3, 3, 0, 2, 0
51608, 3, 1, 1, 0, 3, 0
51609, 0, 1, 1, 0, 0, 0
51610, 54, 3, 2, 1, 47, 7
21633, 1, 1, 1, 0, 1, 0
8726, 0, 21, 21, 0, 0, 0
34302, 119, 5, 4, 1, 102, 17
51611, 8, 1, 1, 0, 8, 0
51612, 0, 1, 1, 0, 0, 0
51613, 1, 1, 1, 0, 1, 0
51614, 0, 2, 0, 2, 0, 0
6402, 0, 3, 3, 0, 0, 0
9574, 15, 2, 2, 0, 12, 3
31142, 5, 4, 3, 1, 4, 1
31144, 0, 1, 1, 0, 0, 0
10385, 8, 3, 3, 0, 6, 2
39076, 0, 3, 1, 2, 0, 0
18828, 0, 2, 2, 0, 0, 0
26445, 1, 6, 4, 2, 1, 0
45760, 4, 3, 1, 2, 2, 2
47073, 6, 4, 4, 0, 3, 3
48828, 0, 2, 2, 0, 0, 0
51615, 0, 2, 2, 0, 0, 0
51616, 0, 1, 1, 0, 0, 0
51617, 0, 4, 4, 0, 0, 0
51618, 0, 1, 1, 0, 0, 0
51619, 0, 4, 4, 0, 0, 0
29845, 0, 6, 6, 0, 0, 0
38793, 0, 3, 3, 0, 0, 0
51620, 0, 1, 1, 0, 0, 0
51621, 1, 1, 1, 0, 0, 1
51622, 1, 1, 1, 0, 1, 0
33266, 0, 8, 0, 8, 0, 0
51623, 0, 6, 6, 0, 0, 0
6395, 34, 0, 0, 0, 34, 0
6397, 0, 5, 3, 2, 0, 0
6406, 0, 4, 4, 0, 0, 0
29129, 0, 2, 2, 0, 0, 0
8978, 0, 6, 6, 0, 0, 0
27045, 12, 6, 3, 3, 9, 3
35086, 23, 3, 2, 1, 23, 0
37006, 2, 3, 2, 1, 2, 0
44532, 0, 3, 3, 0, 0, 0
44533, 3, 1, 1, 0, 2, 1
44535, 3, 4, 3, 1, 2, 1
44536, 0, 2, 2, 0, 0, 0
44538, 0, 2, 1, 1, 0, 0
44539, 0, 2, 0, 2, 0, 0
44540, 13, 7, 6, 1, 13, 0
44541, 0, 2, 1, 1, 0, 0
44542, 0, 1, 0, 1, 0, 0
44543, 0, 1, 0, 1, 0, 0
44544, 0, 1, 0, 1, 0, 0
44545, 0, 1, 0, 1, 0, 0
44547, 0, 1, 0, 1, 0, 0
44549, 0, 1, 0, 1, 0, 0
44550, 0, 1, 0, 1, 0, 0
44551, 0, 4, 2, 2, 0, 0
41746, 2, 3, 3, 0, 2, 0
51624, 1, 3, 3, 0, 1, 0
51625, 0, 1, 1, 0, 0, 0
51626, 12, 2, 2, 0, 11, 1
51627, 5, 1, 1, 0, 2, 3
27001, 3, 3, 3, 0, 3, 0
36898, 0, 5, 5, 0, 0, 0
51628, 14, 2, 2, 0, 14, 0
26245, 0, 2, 2, 0, 0, 0
39207, 0, 2, 2, 0, 0, 0
51629, 0, 1, 1, 0, 0, 0
51630, 0, 1, 1, 0, 0, 0
8019, 8, 18, 3, 15, 7, 1
22015, 28, 6, 5, 1, 26, 2
25116, 0, 3, 3, 0, 0, 0
25907, 3, 1, 1, 0, 3, 0
25909, 0, 1, 1, 0, 0, 0
25910, 1, 2, 2, 0, 1, 0
25911, 0, 1, 1, 0, 0, 0
25913, 0, 1, 1, 0, 0, 0
25914, 0, 1, 1, 0, 0, 0
25918, 10, 2, 2, 0, 8, 2
25922, 5, 2, 2, 0, 5, 0
25925, 0, 1, 1, 0, 0, 0
25927, 1, 2, 1, 1, 0, 1
25928, 0, 1, 1, 0, 0, 0
25929, 0, 5, 5, 0, 0, 0
25933, 0, 1, 1, 0, 0, 0
25935, 5, 2, 2, 0, 5, 0
25940, 0, 1, 0, 1, 0, 0
25942, 0, 2, 0, 2, 0, 0
25943, 0, 2, 0, 2, 0, 0
25945, 0, 2, 0, 2, 0, 0
25947, 0, 3, 0, 3, 0, 0
25950, 0, 2, 1, 1, 0, 0
25952, 2, 4, 3, 1, 2, 0
25955, 3, 5, 2, 3, 3, 0
25957, 0, 1, 0, 1, 0, 0
51631, 0, 7, 7, 0, 0, 0
16953, 0, 6, 6, 0, 0, 0
51632, 3, 2, 2, 0, 3, 0
51633, 2, 1, 1, 0, 2, 0
51634, 0, 3, 3, 0, 0, 0
51635, 2, 1, 1, 0, 2, 0
51636, 0, 3, 3, 0, 0, 0
51637, 3, 1, 1, 0, 3, 0
51638, 0, 1, 1, 0, 0, 0
51639, 0, 2, 2, 0, 0, 0
19476, 0, 5, 5, 0, 0, 0
21323, 1, 11, 11, 0, 0, 1
21565, 0, 2, 2, 0, 0, 0
21568, 5, 3, 3, 0, 5, 0
21569, 0, 3, 2, 1, 0, 0
48935, 1, 5, 1, 4, 0, 1
51640, 0, 1, 1, 0, 0, 0
51641, 1, 1, 1, 0, 1, 0
51642, 3, 1, 0, 1, 0, 3
51643, 1, 2, 0, 2, 0, 1
13755, 10, 10, 7, 3, 10, 0
18416, 1, 3, 3, 0, 1, 0
27735, 7, 2, 1, 1, 7, 0
27960, 5, 6, 3, 3, 5, 0
51644, 0, 2, 2, 0, 0, 0
51645, 0, 1, 1, 0, 0, 0
51646, 14, 4, 3, 1, 10, 4
51647, 0, 1, 1, 0, 0, 0
51648, 0, 1, 1, 0, 0, 0
51649, 0, 4, 2, 2, 0, 0
51650, 0, 1, 0, 1, 0, 0
33776, 1, 1, 1, 0, 1, 0
17073, 11, 2, 1, 1, 9, 2
34514, 0, 3, 3, 0, 0, 0
51651, 0, 2, 2, 0, 0, 0
51652, 0, 1, 1, 0, 0, 0
51653, 4, 1, 1, 0, 3, 1
51654, 0, 1, 1, 0, 0, 0
51655, 0, 1, 1, 0, 0, 0
51656, 1, 1, 0, 1, 1, 0
22990, 0, 3, 3, 0, 0, 0
12427, 5, 7, 4, 3, 5, 0
51657, 10, 2, 1, 1, 1, 9
51658, 0, 2, 2, 0, 0, 0
18201, 2, 7, 7, 0, 2, 0
20992, 0, 7, 7, 0, 0, 0
21181, 0, 4, 3, 1, 0, 0
51661, 0, 1, 1, 0, 0, 0
51662, 1, 2, 1, 1, 1, 0
51663, 6, 4, 2, 2, 3, 3
51664, 8, 1, 0, 1, 5, 3
51665, 0, 1, 0, 1, 0, 0
51666, 1, 1, 0, 1, 1, 0
51667, 0, 2, 0, 2, 0, 0
51668, 0, 1, 1, 0, 0, 0
28113, 0, 3, 3, 0, 0, 0
51669, 0, 2, 2, 0, 0, 0
24734, 3, 5, 3, 2, 3, 0
51670, 1, 1, 1, 0, 1, 0
7007, 0, 1, 1, 0, 0, 0
7010, 0, 1, 1, 0, 0, 0
7011, 0, 1, 1, 0, 0, 0
7014, 1, 1, 1, 0, 1, 0
7017, 1, 1, 1, 0, 1, 0
6497, 0, 5, 5, 0, 0, 0
6500, 0, 3, 2, 1, 0, 0
6501, 0, 4, 4, 0, 0, 0
6504, 0, 1, 1, 0, 0, 0
6505, 3, 5, 5, 0, 3, 0
6507, 0, 1, 1, 0, 0, 0
6509, 0, 1, 1, 0, 0, 0
6512, 0, 2, 2, 0, 0, 0
6516, 0, 1, 1, 0, 0, 0
6520, 0, 2, 2, 0, 0, 0
6525, 0, 1, 1, 0, 0, 0
6528, 0, 2, 2, 0, 0, 0
6529, 5, 1, 1, 0, 2, 3
6536, 5, 1, 1, 0, 4, 1
6538, 0, 4, 4, 0, 0, 0
6541, 0, 2, 2, 0, 0, 0
6553, 0, 2, 2, 0, 0, 0
6555, 0, 2, 2, 0, 0, 0
6559, 0, 5, 5, 0, 0, 0
6564, 1, 1, 1, 0, 1, 0
6566, 0, 6, 6, 0, 0, 0
6572, 0, 1, 0, 1, 0, 0
6578, 0, 1, 0, 1, 0, 0
6580, 0, 3, 1, 2, 0, 0
51671, 0, 2, 2, 0, 0, 0
51672, 0, 1, 1, 0, 0, 0
51673, 3, 2, 2, 0, 3, 0
51674, 7, 2, 2, 0, 7, 0
38881, 9, 3, 3, 0, 9, 0
51675, 0, 3, 3, 0, 0, 0
51676, 0, 2, 2, 0, 0, 0
51677, 0, 1, 1, 0, 0, 0
51678, 0, 1, 1, 0, 0, 0
51679, 11, 1, 1, 0, 9, 2
51680, 4, 1, 1, 0, 4, 0
51681, 0, 1, 0, 1, 0, 0
51682, 0, 1, 0, 1, 0, 0
51683, 14, 4, 4, 0, 14, 0
51684, 2, 1, 1, 0, 2, 0
25524, 0, 2, 2, 0, 0, 0
33529, 4, 2, 2, 0, 4, 0
51685, 0, 1, 1, 0, 0, 0
51686, 2, 2, 2, 0, 2, 0
20868, 3, 4, 3, 1, 3, 0
21372, 5, 1, 1, 0, 5, 0
25776, 1, 2, 2, 0, 1, 0
37875, 0, 3, 3, 0, 0, 0
51687, 2, 1, 1, 0, 0, 2
51688, 8, 6, 6, 0, 8, 0
51689, 5, 4, 4, 0, 5, 0
51690, 1, 1, 1, 0, 1, 0
51691, 6, 1, 1, 0, 6, 0
21851, 3, 2, 2, 0, 3, 0
8992, 0, 6, 6, 0, 0, 0
51692, 0, 1, 1, 0, 0, 0
51693, 0, 1, 1, 0, 0, 0
51694, 0, 1, 1, 0, 0, 0
33830, 2, 1, 1, 0, 1, 1
34510, 10, 2, 1, 1, 9, 1
44926, 18, 1, 1, 0, 18, 0
51695, 20, 2, 2, 0, 18, 2
51696, 8, 1, 1, 0, 8, 0
51697, 0, 1, 1, 0, 0, 0
51698, 0, 1, 1, 0, 0, 0
51699, 0, 1, 1, 0, 0, 0
51700, 2, 1, 1, 0, 1, 1
51701, 2, 1, 1, 0, 2, 0
9045, 11, 8, 5, 3, 4, 7
14725, 1, 5, 2, 3, 1, 0
14917, 0, 4, 0, 4, 0, 0
20343, 0, 4, 1, 3, 0, 0
26907, 6, 2, 1, 1, 6, 0
27628, 1, 4, 1, 3, 1, 0
28784, 0, 4, 2, 2, 0, 0
30994, 1, 2, 1, 1, 0, 1
38282, 28, 2, 1, 1, 25, 3
38501, 4, 4, 1, 3, 3, 1
39179, 0, 3, 0, 3, 0, 0
41944, 14, 6, 4, 2, 14, 0
44523, 2, 4, 3, 1, 2, 0
50877, 0, 6, 4, 2, 0, 0
51702, 0, 2, 1, 1, 0, 0
51703, 0, 2, 1, 1, 0, 0
51704, 0, 1, 0, 1, 0, 0
51705, 0, 1, 0, 1, 0, 0
51706, 0, 1, 0, 1, 0, 0
51707, 0, 1, 0, 1, 0, 0
51708, 5, 3, 1, 2, 4, 1
51709, 4, 1, 0, 1, 4, 0
51710, 1, 2, 1, 1, 1, 0
51711, 0, 3, 0, 3, 0, 0
51712, 2, 4, 0, 4, 2, 0
51713, 0, 1, 0, 1, 0, 0
51714, 0, 2, 0, 2, 0, 0
51715, 0, 1, 0, 1, 0, 0
51716, 0, 1, 1, 0, 0, 0
51717, 0, 1, 1, 0, 0, 0
51718, 0, 1, 1, 0, 0, 0
51719, 0, 1, 1, 0, 0, 0
19750, 0, 3, 2, 1, 0, 0
51720, 0, 1, 1, 0, 0, 0
51721, 0, 1, 1, 0, 0, 0
51722, 0, 4, 4, 0, 0, 0
51723, 0, 1, 1, 0, 0, 0
51724, 0, 1, 1, 0, 0, 0
48937, 3, 4, 3, 1, 3, 0
51729, 0, 1, 0, 1, 0, 0
51730, 0, 4, 2, 2, 0, 0
51731, 0, 2, 0, 2, 0, 0
51732, 0, 1, 0, 1, 0, 0
51733, 2, 2, 0, 2, 1, 1
51734, 1, 1, 0, 1, 1, 0
51735, 0, 3, 1, 2, 0, 0
34265, 0, 2, 1, 1, 0, 0
35829, 1, 4, 3, 1, 1, 0
41819, 0, 3, 3, 0, 0, 0
51736, 10, 2, 2, 0, 10, 0
51737, 1, 1, 1, 0, 1, 0
51738, 0, 2, 2, 0, 0, 0
43687, 3, 4, 1, 3, 0, 3
51739, 2, 1, 1, 0, 2, 0
51740, 4, 2, 2, 0, 3, 1
34434, 0, 3, 3, 0, 0, 0
34435, 0, 1, 1, 0, 0, 0
45477, 0, 2, 0, 2, 0, 0
51741, 0, 1, 1, 0, 0, 0
51742, 0, 1, 1, 0, 0, 0
51743, 0, 1, 1, 0, 0, 0
51744, 0, 1, 1, 0, 0, 0
51745, 0, 2, 2, 0, 0, 0
24539, 0, 4, 4, 0, 0, 0
51746, 10, 2, 2, 0, 6, 4
51747, 1, 2, 2, 0, 1, 0
51748, 0, 1, 1, 0, 0, 0
7027, 0, 2, 2, 0, 0, 0
21350, 0, 3, 3, 0, 0, 0
37120, 0, 5, 5, 0, 0, 0
12353, 13, 1, 1, 0, 8, 5
13570, 3, 4, 2, 2, 3, 0
14077, 10, 10, 10, 0, 9, 1
20157, 23, 6, 5, 1, 23, 0
30559, 1, 7, 4, 3, 1, 0
35167, 2, 2, 2, 0, 2, 0
39087, 13, 6, 5, 1, 12, 1
41590, 73, 3, 2, 1, 42, 31
44769, 6, 3, 2, 1, 2, 4
48078, 0, 4, 3, 1, 0, 0
51749, 4, 1, 1, 0, 4, 0
51750, 0, 2, 2, 0, 0, 0
51751, 1, 1, 1, 0, 1, 0
51752, 12, 1, 1, 0, 10, 2
51753, 13, 1, 1, 0, 12, 1
51754, 17, 2, 2, 0, 15, 2
51755, 2, 1, 1, 0, 2, 0
51756, 5, 4, 3, 1, 4, 1
51757, 2, 1, 1, 0, 2, 0
51758, 0, 1, 1, 0, 0, 0
51759, 1, 2, 2, 0, 1, 0
51760, 0, 1, 1, 0, 0, 0
24890, 1, 1, 1, 0, 1, 0
51767, 1, 1, 1, 0, 1, 0
51768, 0, 1, 1, 0, 0, 0
51769, 22, 2, 1, 1, 19, 3
51770, 2, 1, 1, 0, 2, 0
51771, 43, 1, 1, 0, 30, 13
51772, 0, 1, 1, 0, 0, 0
51773, 0, 1, 1, 0, 0, 0
51774, 0, 1, 1, 0, 0, 0
51775, 1, 5, 5, 0, 1, 0
51776, 1, 2, 2, 0, 1, 0
51777, 1, 1, 1, 0, 1, 0
21364, 17, 8, 8, 0, 16, 1
21370, 2, 3, 3, 0, 2, 0
51778, 0, 1, 1, 0, 0, 0
51779, 0, 1, 1, 0, 0, 0
51780, 0, 1, 1, 0, 0, 0
51781, 0, 2, 2, 0, 0, 0
51782, 0, 4, 3, 1, 0, 0
51783, 0, 1, 1, 0, 0, 0
51784, 2, 1, 1, 0, 2, 0
6620, 1, 0, 0, 0, 1, 0
6622, 7, 1, 1, 0, 5, 2
6624, 0, 2, 2, 0, 0, 0
6629, 9, 1, 1, 0, 9, 0
6636, 0, 2, 2, 0, 0, 0
6639, 0, 2, 1, 1, 0, 0
6643, 0, 2, 0, 2, 0, 0
13367, 30, 16, 5, 11, 30, 0
14473, 17, 11, 9, 2, 4, 13
16968, 9, 3, 3, 0, 9, 0
21962, 56, 2, 2, 0, 56, 0
41554, 0, 3, 3, 0, 0, 0
51785, 0, 2, 1, 1, 0, 0
51786, 0, 1, 1, 0, 0, 0
51787, 0, 2, 2, 0, 0, 0
51788, 9, 1, 1, 0, 9, 0
51789, 0, 1, 1, 0, 0, 0
51790, 0, 1, 1, 0, 0, 0
51791, 0, 1, 1, 0, 0, 0
51792, 0, 1, 1, 0, 0, 0
51793, 0, 2, 1, 1, 0, 0
51794, 0, 1, 0, 1, 0, 0
51795, 0, 1, 0, 1, 0, 0
51796, 0, 2, 2, 0, 0, 0
51797, 1, 3, 1, 2, 1, 0
25081, 0, 3, 3, 0, 0, 0
51798, 0, 1, 1, 0, 0, 0
51799, 3, 2, 2, 0, 3, 0
10901, 0, 2, 2, 0, 0, 0
10914, 0, 7, 7, 0, 0, 0
17443, 5, 5, 4, 1, 4, 1
46451, 0, 2, 0, 2, 0, 0
46452, 0, 2, 0, 2, 0, 0
46453, 0, 1, 0, 1, 0, 0
46454, 0, 2, 0, 2, 0, 0
46455, 0, 2, 0, 2, 0, 0
46456, 0, 2, 0, 2, 0, 0
30645, 0, 2, 2, 0, 0, 0
51800, 7, 2, 2, 0, 6, 1
51801, 0, 1, 1, 0, 0, 0
51802, 0, 1, 1, 0, 0, 0
51803, 1, 4, 1, 3, 0, 1
51804, 0, 2, 2, 0, 0, 0
51805, 1, 1, 1, 0, 1, 0
11121, 0, 3, 3, 0, 0, 0
12624, 5, 4, 3, 1, 3, 2
36628, 2, 3, 2, 1, 0, 2
38263, 9, 1, 1, 0, 9, 0
38264, 3, 1, 1, 0, 3, 0
38265, 4, 7, 7, 0, 4, 0
38266, 2, 1, 1, 0, 2, 0
38268, 0, 1, 1, 0, 0, 0
38269, 0, 6, 4, 2, 0, 0
10892, 0, 3, 2, 1, 0, 0
33980, 9, 4, 2, 2, 8, 1
51811, 0, 3, 3, 0, 0, 0
6653, 1, 4, 2, 2, 1, 0
6655, 0, 3, 3, 0, 0, 0
6656, 10, 7, 7, 0, 10, 0
6659, 15, 3, 3, 0, 15, 0
6665, 1, 3, 3, 0, 1, 0
6668, 0, 4, 4, 0, 0, 0
6669, 1, 1, 1, 0, 1, 0
6670, 0, 2, 2, 0, 0, 0
6671, 7, 3, 3, 0, 5, 2
6673, 2, 8, 7, 1, 1, 1
6675, 3, 2, 2, 0, 3, 0
6678, 0, 1, 1, 0, 0, 0
6679, 0, 1, 0, 1, 0, 0
51812, 6, 2, 2, 0, 6, 0
38856, 1, 1, 1, 0, 1, 0
34616, 20, 1, 1, 0, 19, 1
51813, 4, 1, 1, 0, 4, 0
10390, 0, 2, 2, 0, 0, 0
51814, 0, 1, 1, 0, 0, 0
51815, 0, 1, 1, 0, 0, 0
51816, 0, 1, 1, 0, 0, 0
51817, 0, 1, 1, 0, 0, 0
51818, 1, 3, 3, 0, 1, 0
51819, 0, 1, 1, 0, 0, 0
51820, 2, 1, 1, 0, 2, 0
34782, 0, 4, 4, 0, 0, 0
41667, 2, 5, 5, 0, 2, 0
26238, 5, 3, 3, 0, 5, 0
51821, 0, 1, 1, 0, 0, 0
51822, 0, 1, 1, 0, 0, 0
51823, 0, 1, 1, 0, 0, 0
51824, 0, 1, 1, 0, 0, 0
51825, 0, 2, 2, 0, 0, 0
51826, 0, 1, 0, 1, 0, 0
51827, 2, 1, 0, 1, 1, 1
41886, 0, 2, 1, 1, 0, 0
51828, 201, 3, 1, 2, 1, 200
51829, 0, 1, 0, 1, 0, 0
51830, 0, 1, 0, 1, 0, 0
51831, 0, 1, 0, 1, 0, 0
51832, 0, 1, 0, 1, 0, 0
35102, 0, 5, 3, 2, 0, 0
51833, 0, 2, 2, 0, 0, 0
51834, 1, 5, 2, 3, 1, 0
16702, 33, 3, 3, 0, 24, 9
51835, 34, 1, 1, 0, 34, 0
28333, 0, 7, 3, 4, 0, 0
51836, 2, 2, 2, 0, 1, 1
6680, 7, 0, 0, 0, 7, 0
45043, 0, 2, 2, 0, 0, 0
51837, 0, 1, 1, 0, 0, 0
51838, 1, 1, 1, 0, 1, 0
51839, 1, 1, 1, 0, 0, 1
51840, 0, 1, 1, 0, 0, 0
51841, 0, 2, 2, 0, 0, 0
51842, 4, 4, 4, 0, 4, 0
13230, 0, 3, 2, 1, 0, 0
16189, 0, 7, 4, 3, 0, 0
17247, 0, 5, 1, 4, 0, 0
21209, 0, 3, 0, 3, 0, 0
23279, 3, 2, 0, 2, 3, 0
24104, 4, 2, 0, 2, 3, 1
24897, 0, 3, 0, 3, 0, 0
30051, 0, 3, 1, 2, 0, 0
36910, 0, 3, 1, 2, 0, 0
38940, 0, 4, 3, 1, 0, 0
41823, 3, 3, 1, 2, 1, 2
44400, 3, 3, 1, 2, 3, 0
44672, 0, 4, 0, 4, 0, 0
45478, 12, 6, 0, 6, 3, 9
46447, 2, 3, 1, 2, 2, 0
46449, 0, 3, 1, 2, 0, 0
46450, 0, 4, 2, 2, 0, 0
51761, 0, 5, 3, 2, 0, 0
51843, 0, 3, 3, 0, 0, 0
51844, 0, 3, 3, 0, 0, 0
51845, 0, 3, 3, 0, 0, 0
51846, 0, 2, 0, 2, 0, 0
51847, 0, 2, 0, 2, 0, 0
51848, 1, 2, 0, 2, 0, 1
51849, 0, 2, 0, 2, 0, 0
51850, 0, 2, 0, 2, 0, 0
51851, 0, 2, 0, 2, 0, 0
51852, 0, 2, 0, 2, 0, 0
51853, 0, 2, 0, 2, 0, 0
51854, 1, 2, 0, 2, 0, 1
51855, 0, 2, 0, 2, 0, 0
51856, 0, 2, 0, 2, 0, 0
51857, 2, 4, 2, 2, 2, 0
51858, 0, 2, 0, 2, 0, 0
51859, 0, 2, 0, 2, 0, 0
51860, 0, 2, 0, 2, 0, 0
51861, 0, 3, 0, 3, 0, 0
51862, 0, 2, 0, 2, 0, 0
51863, 0, 2, 0, 2, 0, 0
51864, 21, 4, 1, 3, 17, 4
51865, 0, 2, 0, 2, 0, 0
51866, 0, 2, 0, 2, 0, 0
51867, 0, 2, 0, 2, 0, 0
51868, 0, 2, 0, 2, 0, 0
51869, 2, 3, 0, 3, 2, 0
51870, 0, 2, 0, 2, 0, 0
51871, 0, 2, 0, 2, 0, 0
51872, 2, 4, 1, 3, 2, 0
51873, 0, 2, 0, 2, 0, 0
51874, 0, 2, 0, 2, 0, 0
51875, 3, 2, 0, 2, 3, 0
51876, 0, 2, 0, 2, 0, 0
51877, 5, 4, 2, 2, 3, 2
51878, 0, 2, 0, 2, 0, 0
51879, 0, 3, 0, 3, 0, 0
51880, 0, 2, 0, 2, 0, 0
51881, 0, 2, 0, 2, 0, 0
51882, 0, 2, 0, 2, 0, 0
51883, 2, 2, 0, 2, 2, 0
51884, 2, 6, 4, 2, 2, 0
51885, 0, 3, 1, 2, 0, 0
51886, 0, 2, 0, 2, 0, 0
51887, 0, 2, 0, 2, 0, 0
51888, 0, 2, 0, 2, 0, 0
22279, 6, 8, 8, 0, 6, 0
51889, 0, 2, 2, 0, 0, 0
51890, 16, 4, 4, 0, 16, 0
51891, 0, 1, 1, 0, 0, 0
51892, 1, 1, 1, 0, 1, 0
51893, 2, 2, 2, 0, 1, 1
51894, 1, 1, 1, 0, 1, 0
51895, 9, 1, 1, 0, 9, 0
11996, 7, 8, 8, 0, 7, 0
17911, 0, 5, 5, 0, 0, 0
21177, 0, 1, 1, 0, 0, 0
21179, 0, 3, 2, 1, 0, 0
21183, 0, 1, 1, 0, 0, 0
21184, 0, 1, 1, 0, 0, 0
21188, 0, 5, 4, 1, 0, 0
21189, 0, 1, 1, 0, 0, 0
21190, 0, 4, 4, 0, 0, 0
21191, 2, 2, 2, 0, 2, 0
21193, 1, 1, 1, 0, 1, 0
21197, 0, 3, 3, 0, 0, 0
37464, 0, 1, 1, 0, 0, 0
37465, 0, 3, 3, 0, 0, 0
37466, 0, 5, 3, 2, 0, 0
37467, 4, 3, 3, 0, 4, 0
37468, 0, 1, 1, 0, 0, 0
37469, 6, 1, 1, 0, 4, 2
16749, 2, 3, 1, 2, 2, 0
21722, 22, 14, 8, 6, 15, 7
29662, 0, 2, 1, 1, 0, 0
44794, 0, 7, 7, 0, 0, 0
51896, 5, 2, 2, 0, 1, 4
51897, 4, 3, 0, 3, 0, 4
51898, 0, 1, 0, 1, 0, 0
51899, 2, 1, 0, 1, 2, 0
51900, 0, 1, 0, 1, 0, 0
51901, 0, 2, 1, 1, 0, 0
51902, 0, 2, 1, 1, 0, 0
51903, 3, 2, 0, 2, 3, 0
51904, 0, 3, 1, 2, 0, 0
51905, 0, 1, 0, 1, 0, 0
51906, 0, 2, 1, 1, 0, 0
51907, 0, 1, 0, 1, 0, 0
51908, 0, 1, 0, 1, 0, 0
51909, 0, 1, 0, 1, 0, 0
33855, 0, 12, 12, 0, 0, 0
51910, 0, 1, 1, 0, 0, 0
51911, 0, 3, 3, 0, 0, 0
51912, 8, 1, 1, 0, 4, 4
51913, 0, 1, 1, 0, 0, 0
51914, 0, 1, 1, 0, 0, 0
33371, 53, 2, 2, 0, 50, 3
41588, 3, 2, 2, 0, 3, 0
41589, 4, 1, 1, 0, 2, 2
51915, 0, 2, 0, 2, 0, 0
25292, 26, 3, 3, 0, 26, 0
51916, 0, 1, 1, 0, 0, 0
51917, 0, 1, 1, 0, 0, 0
51918, 0, 1, 1, 0, 0, 0
51919, 2, 1, 1, 0, 2, 0
51920, 0, 1, 1, 0, 0, 0
35451, 0, 2, 2, 0, 0, 0
51927, 0, 1, 1, 0, 0, 0
51928, 0, 2, 2, 0, 0, 0
51929, 1, 3, 2, 1, 1, 0
51930, 7, 2, 1, 1, 7, 0
51931, 0, 2, 2, 0, 0, 0
51932, 1, 2, 2, 0, 1, 0
51933, 0, 2, 2, 0, 0, 0
27812, 0, 2, 2, 0, 0, 0
51934, 2, 1, 1, 0, 2, 0
51935, 0, 5, 4, 1, 0, 0
51936, 5, 2, 0, 2, 2, 3
51937, 9, 2, 1, 1, 5, 4
51938, 0, 2, 2, 0, 0, 0
14190, 0, 4, 4, 0, 0, 0
51939, 2, 1, 1, 0, 2, 0
51940, 12, 2, 2, 0, 12, 0
51941, 0, 1, 1, 0, 0, 0
43843, 2, 7, 3, 4, 0, 2
29985, 28, 2, 2, 0, 27, 1
51942, 23, 2, 2, 0, 23, 0
51943, 5, 1, 1, 0, 5, 0
51944, 3, 1, 1, 0, 3, 0
51945, 0, 1, 1, 0, 0, 0
51946, 0, 1, 1, 0, 0, 0
32639, 1, 2, 1, 1, 1, 0
51947, 4, 2, 2, 0, 4, 0
51948, 0, 2, 2, 0, 0, 0
51949, 0, 1, 1, 0, 0, 0
51950, 0, 2, 1, 1, 0, 0
51951, 0, 2, 1, 1, 0, 0
51952, 0, 1, 1, 0, 0, 0
51953, 2, 1, 1, 0, 2, 0
51954, 0, 1, 0, 1, 0, 0
22943, 0, 6, 6, 0, 0, 0
39264, 1, 2, 2, 0, 1, 0
39265, 4, 1, 1, 0, 4, 0
13759, 0, 3, 2, 1, 0, 0
24724, 0, 1, 1, 0, 0, 0
24725, 1, 2, 1, 1, 1, 0
24728, 0, 1, 0, 1, 0, 0
24730, 1, 1, 0, 1, 1, 0
24732, 0, 4, 2, 2, 0, 0
24735, 18, 4, 2, 2, 12, 6
24736, 0, 1, 0, 1, 0, 0
24737, 0, 1, 0, 1, 0, 0
24738, 0, 1, 0, 1, 0, 0
24740, 0, 6, 4, 2, 0, 0
24666, 0, 2, 2, 0, 0, 0
36600, 5, 4, 3, 1, 5, 0
51955, 0, 2, 1, 1, 0, 0
51956, 0, 1, 1, 0, 0, 0
6777, 12, 1, 1, 0, 11, 1
51957, 0, 1, 1, 0, 0, 0
51958, 2, 3, 3, 0, 2, 0
51959, 0, 1, 1, 0, 0, 0
51960, 0, 1, 1, 0, 0, 0
40368, 0, 5, 4, 1, 0, 0
51961, 0, 1, 1, 0, 0, 0
51962, 3, 1, 1, 0, 2, 1
51963, 3, 3, 2, 1, 3, 0
51964, 2, 2, 1, 1, 2, 0
24330, 3, 1, 1, 0, 2, 1
24331, 0, 1, 1, 0, 0, 0
24332, 0, 1, 1, 0, 0, 0
24333, 0, 1, 1, 0, 0, 0
24334, 5, 1, 1, 0, 4, 1
51965, 0, 1, 1, 0, 0, 0
51966, 0, 1, 1, 0, 0, 0
6786, 1, 1, 1, 0, 1, 0
6789, 2, 2, 2, 0, 2, 0
52121, 0, 1, 1, 0, 0, 0
52122, 0, 6, 6, 0, 0, 0
24877, 0, 5, 3, 2, 0, 0
36845, 5, 3, 3, 0, 5, 0
52123, 1, 5, 5, 0, 1, 0
52124, 0, 3, 2, 1, 0, 0
52125, 1, 2, 2, 0, 1, 0
52126, 0, 1, 1, 0, 0, 0
20724, 0, 7, 5, 2, 0, 0
52127, 1, 1, 1, 0, 1, 0
52128, 4, 1, 1, 0, 1, 3
52129, 2, 2, 2, 0, 2, 0
52131, 0, 1, 0, 1, 0, 0
14347, 17, 7, 6, 1, 16, 1
33011, 0, 7, 1, 6, 0, 0
33013, 1, 7, 1, 6, 1, 0
33015, 1, 8, 1, 7, 1, 0
33017, 0, 7, 1, 6, 0, 0
33019, 0, 9, 1, 8, 0, 0
33020, 1, 8, 1, 7, 1, 0
33021, 0, 7, 1, 6, 0, 0
33023, 1, 8, 1, 7, 1, 0
33515, 0, 3, 2, 1, 0, 0
33536, 1, 6, 1, 5, 1, 0
33537, 0, 5, 1, 4, 0, 0
34090, 13, 2, 1, 1, 12, 1
38373, 0, 2, 1, 1, 0, 0
38374, 0, 3, 2, 1, 0, 0
38375, 0, 1, 1, 0, 0, 0
38376, 0, 1, 1, 0, 0, 0
38378, 0, 1, 1, 0, 0, 0
38381, 51, 2, 1, 1, 11, 40
38382, 9, 3, 2, 1, 6, 3
38383, 0, 1, 0, 1, 0, 0
38384, 0, 4, 1, 3, 0, 0
38385, 1, 3, 1, 2, 1, 0
38386, 0, 6, 0, 6, 0, 0
38387, 0, 1, 0, 1, 0, 0
38389, 0, 1, 0, 1, 0, 0
13242, 27, 4, 2, 2, 22, 5
46268, 18, 3, 2, 1, 18, 0
52132, 6, 1, 0, 1, 0, 6
17041, 0, 4, 4, 0, 0, 0
39622, 0, 1, 1, 0, 0, 0
25777, 1, 1, 1, 0, 0, 1
25779, 0, 1, 1, 0, 0, 0
25780, 0, 1, 0, 1, 0, 0
33675, 47, 2, 2, 0, 39, 8
43792, 2, 2, 2, 0, 2, 0
38872, 0, 1, 1, 0, 0, 0
38874, 0, 1, 1, 0, 0, 0
38876, 0, 1, 1, 0, 0, 0
38877, 0, 1, 1, 0, 0, 0
38878, 0, 2, 2, 0, 0, 0
19538, 3, 8, 8, 0, 3, 0
22922, 1, 2, 2, 0, 1, 0
23297, 4, 4, 4, 0, 4, 0
24859, 4, 6, 6, 0, 3, 1
37216, 0, 1, 1, 0, 0, 0
37217, 2, 3, 3, 0, 2, 0
37218, 0, 2, 2, 0, 0, 0
37220, 0, 1, 1, 0, 0, 0
37221, 0, 1, 1, 0, 0, 0
37222, 1, 2, 2, 0, 1, 0
37223, 6, 1, 1, 0, 6, 0
37225, 0, 3, 3, 0, 0, 0
37231, 0, 1, 1, 0, 0, 0
37232, 3, 1, 1, 0, 3, 0
37233, 0, 1, 1, 0, 0, 0
37235, 6, 5, 5, 0, 6, 0
37237, 0, 1, 1, 0, 0, 0
12267, 0, 5, 4, 1, 0, 0
29344, 0, 2, 1, 1, 0, 0
52143, 2, 1, 1, 0, 2, 0
52144, 0, 1, 1, 0, 0, 0
52145, 0, 1, 1, 0, 0, 0
14529, 0, 5, 5, 0, 0, 0
29148, 0, 2, 2, 0, 0, 0
29566, 65, 4, 1, 3, 0, 65
44866, 0, 3, 3, 0, 0, 0
52146, 0, 3, 2, 1, 0, 0
52147, 2, 1, 1, 0, 2, 0
6831, 2, 0, 0, 0, 2, 0
13696, 21, 2, 0, 2, 8, 13
27276, 0, 2, 1, 1, 0, 0
44009, 0, 3, 0, 3, 0, 0
51765, 12, 2, 1, 1, 0, 12
52199, 11, 4, 1, 3, 9, 2
52200, 3, 1, 1, 0, 3, 0
41509, 0, 3, 3, 0, 0, 0
52201, 0, 2, 2, 0, 0, 0
33213, 0, 4, 4, 0, 0, 0
52202, 0, 1, 1, 0, 0, 0
52203, 0, 1, 1, 0, 0, 0
52204, 0, 2, 2, 0, 0, 0
52205, 0, 1, 0, 1, 0, 0
28771, 0, 6, 5, 1, 0, 0
39121, 0, 6, 5, 1, 0, 0
52206, 0, 3, 3, 0, 0, 0
52207, 0, 1, 1, 0, 0, 0
52208, 0, 1, 1, 0, 0, 0
52209, 0, 3, 1, 2, 0, 0
52210, 0, 1, 1, 0, 0, 0
52211, 0, 1, 0, 1, 0, 0
52212, 0, 1, 0, 1, 0, 0
52213, 0, 1, 0, 1, 0, 0
28548, 0, 6, 6, 0, 0, 0
35970, 0, 2, 2, 0, 0, 0
52214, 1, 1, 1, 0, 1, 0
52215, 0, 1, 1, 0, 0, 0
23822, 1, 10, 9, 1, 1, 0
52216, 1, 1, 1, 0, 1, 0
52217, 0, 1, 1, 0, 0, 0
52218, 2, 1, 1, 0, 2, 0
19377, 0, 3, 1, 2, 0, 0
30683, 0, 7, 7, 0, 0, 0
52219, 0, 2, 2, 0, 0, 0
52220, 2, 5, 5, 0, 2, 0
52221, 0, 1, 1, 0, 0, 0
37846, 0, 1, 1, 0, 0, 0
37848, 0, 1, 1, 0, 0, 0
37849, 0, 1, 1, 0, 0, 0
37850, 12, 4, 3, 1, 9, 3
43178, 0, 2, 1, 1, 0, 0
52222, 0, 3, 2, 1, 0, 0
52223, 0, 1, 0, 1, 0, 0
52224, 0, 2, 1, 1, 0, 0
52225, 0, 1, 0, 1, 0, 0
52226, 7, 4, 2, 2, 5, 2
52227, 0, 1, 0, 1, 0, 0
52228, 7, 3, 1, 2, 6, 1
52229, 2, 1, 0, 1, 2, 0
52230, 6, 1, 0, 1, 3, 3
45780, 2, 3, 3, 0, 2, 0
45907, 5, 3, 2, 1, 2, 3
52231, 0, 1, 1, 0, 0, 0
52232, 16, 5, 5, 0, 16, 0
52233, 1, 1, 1, 0, 1, 0
52234, 4, 1, 0, 1, 2, 2
52235, 0, 1, 1, 0, 0, 0
33402, 0, 4, 4, 0, 0, 0
23963, 0, 3, 2, 1, 0, 0
24871, 0, 3, 1, 2, 0, 0
27386, 0, 2, 1, 1, 0, 0
29467, 9, 4, 1, 3, 9, 0
32606, 2, 2, 0, 2, 2, 0
37164, 0, 5, 4, 1, 0, 0
39019, 1, 4, 0, 4, 1, 0
44307, 11, 4, 2, 2, 9, 2
44568, 2, 1, 0, 1, 2, 0
45917, 1, 5, 1, 4, 0, 1
52236, 0, 1, 1, 0, 0, 0
52237, 0, 1, 0, 1, 0, 0
52238, 0, 3, 1, 2, 0, 0
52239, 14, 1, 0, 1, 12, 2
52240, 2, 3, 2, 1, 2, 0
52241, 0, 3, 1, 2, 0, 0
52242, 2, 1, 0, 1, 1, 1
52243, 0, 2, 1, 1, 0, 0
52244, 0, 2, 1, 1, 0, 0
52245, 0, 4, 2, 2, 0, 0
52246, 0, 1, 0, 1, 0, 0
52247, 0, 1, 0, 1, 0, 0
52248, 0, 1, 0, 1, 0, 0
14189, 72, 6, 5, 1, 72, 0
29336, 9, 5, 5, 0, 9, 0
29383, 0, 2, 2, 0, 0, 0
45764, 0, 1, 1, 0, 0, 0
45766, 12, 2, 2, 0, 12, 0
45767, 0, 1, 1, 0, 0, 0
45768, 1, 1, 1, 0, 1, 0
45769, 0, 1, 1, 0, 0, 0
45771, 0, 2, 2, 0, 0, 0
45772, 0, 1, 1, 0, 0, 0
45773, 0, 1, 1, 0, 0, 0
45774, 0, 1, 1, 0, 0, 0
45775, 1, 1, 1, 0, 1, 0
45776, 1, 1, 1, 0, 1, 0
45777, 0, 1, 1, 0, 0, 0
45778, 2, 4, 3, 1, 1, 1
45779, 0, 1, 1, 0, 0, 0
45781, 4, 3, 2, 1, 4, 0
45782, 2, 1, 0, 1, 2, 0
45783, 4, 1, 0, 1, 3, 1
45784, 2, 1, 0, 1, 2, 0
45785, 2, 1, 0, 1, 2, 0
45786, 2, 1, 0, 1, 2, 0
45787, 2, 1, 0, 1, 2, 0
45788, 14, 1, 0, 1, 13, 1
45789, 2, 1, 0, 1, 2, 0
7042, 0, 2, 2, 0, 0, 0
19001, 15, 2, 2, 0, 12, 3
19266, 5, 3, 3, 0, 5, 0
24550, 0, 4, 4, 0, 0, 0
25267, 7, 5, 5, 0, 7, 0
25268, 1, 3, 3, 0, 1, 0
25269, 25, 3, 1, 2, 17, 8
25272, 2, 1, 1, 0, 2, 0
25274, 0, 3, 2, 1, 0, 0
25275, 2, 1, 1, 0, 0, 2
25276, 0, 2, 2, 0, 0, 0
25278, 0, 1, 1, 0, 0, 0
25281, 0, 4, 3, 1, 0, 0
25282, 3, 2, 2, 0, 3, 0
25286, 1, 1, 1, 0, 0, 1
25288, 0, 4, 3, 1, 0, 0
25290, 0, 1, 1, 0, 0, 0
25293, 0, 2, 2, 0, 0, 0
25295, 0, 1, 1, 0, 0, 0
25297, 0, 4, 3, 1, 0, 0
25298, 0, 6, 5, 1, 0, 0
25299, 0, 5, 5, 0, 0, 0
25300, 3, 1, 1, 0, 3, 0
25303, 0, 2, 2, 0, 0, 0
25306, 2, 1, 1, 0, 2, 0
25307, 0, 1, 1, 0, 0, 0
25308, 0, 1, 1, 0, 0, 0
37702, 3, 5, 4, 1, 1, 2
52249, 1, 1, 1, 0, 1, 0
52250, 0, 1, 1, 0, 0, 0
52251, 0, 1, 1, 0, 0, 0
22581, 5, 7, 6, 1, 5, 0
44240, 17, 3, 2, 1, 8, 9
44241, 2, 2, 2, 0, 2, 0
44243, 1, 1, 1, 0, 1, 0
52252, 0, 1, 1, 0, 0, 0
37684, 6, 3, 3, 0, 6, 0
52351, 3, 2, 2, 0, 3, 0
52352, 9, 5, 5, 0, 8, 1
52353, 0, 2, 2, 0, 0, 0
36956, 0, 3, 1, 2, 0, 0
48157, 0, 4, 1, 3, 0, 0
48818, 0, 5, 1, 4, 0, 0
52354, 0, 2, 2, 0, 0, 0
52355, 3, 2, 0, 2, 2, 1
18574, 1, 5, 3, 2, 1, 0
26968, 0, 1, 1, 0, 0, 0
26969, 4, 2, 1, 1, 4, 0
26971, 1, 1, 1, 0, 1, 0
26973, 3, 2, 2, 0, 3, 0
26974, 1, 1, 1, 0, 1, 0
26975, 0, 2, 1, 1, 0, 0
26979, 0, 1, 0, 1, 0, 0
52356, 0, 1, 1, 0, 0, 0
52357, 0, 1, 1, 0, 0, 0
43777, 0, 1, 1, 0, 0, 0
52358, 0, 3, 3, 0, 0, 0
52359, 7, 5, 2, 3, 6, 1
6921, 20, 2, 2, 0, 19, 1
6926, 0, 1, 1, 0, 0, 0
6927, 5, 6, 6, 0, 5, 0
6929, 0, 2, 2, 0, 0, 0
6932, 1, 1, 1, 0, 1, 0
6934, 1, 4, 4, 0, 1, 0
28036, 1, 2, 2, 0, 1, 0
28037, 0, 2, 2, 0, 0, 0
44963, 7, 4, 3, 1, 5, 2
52360, 0, 1, 1, 0, 0, 0
52361, 1, 2, 2, 0, 1, 0
52362, 2, 1, 1, 0, 2, 0
52363, 2, 1, 1, 0, 2, 0
52364, 0, 2, 0, 2, 0, 0
52365, 0, 1, 0, 1, 0, 0
52366, 4, 2, 2, 0, 4, 0
52367, 4, 2, 2, 0, 4, 0
33052, 0, 9, 9, 0, 0, 0
52368, 0, 1, 1, 0, 0, 0
52369, 0, 1, 1, 0, 0, 0
52370, 0, 1, 0, 1, 0, 0
18079, 12, 1, 1, 0, 11, 1
18398, 25, 2, 2, 0, 25, 0
18402, 6, 3, 3, 0, 6, 0
18403, 4, 3, 2, 1, 4, 0
18405, 0, 1, 1, 0, 0, 0
18410, 1, 1, 1, 0, 1, 0
18411, 2, 3, 3, 0, 2, 0
18413, 6, 3, 3, 0, 6, 0
18420, 0, 2, 0, 2, 0, 0
18421, 2, 2, 1, 1, 2, 0
18422, 0, 1, 0, 1, 0, 0
18424, 0, 1, 0, 1, 0, 0
18425, 0, 2, 1, 1, 0, 0
52371, 0, 2, 2, 0, 0, 0
6948, 0, 4, 4, 0, 0, 0
6952, 0, 2, 1, 1, 0, 0
6957, 3, 2, 1, 1, 0, 3
6958, 0, 1, 0, 1, 0, 0
6966, 0, 2, 1, 1, 0, 0
6967, 0, 3, 0, 3, 0, 0
52373, 0, 1, 1, 0, 0, 0
25139, 14, 2, 2, 0, 13, 1
35998, 58, 2, 2, 0, 56, 2
39095, 1, 2, 1, 1, 1, 0
52374, 8, 1, 1, 0, 7, 1
52375, 1, 1, 1, 0, 1, 0
52376, 1, 1, 1, 0, 1, 0
52377, 1, 1, 1, 0, 1, 0
52378, 1, 1, 1, 0, 1, 0
52379, 1, 1, 1, 0, 1, 0
52380, 6, 1, 1, 0, 6, 0
17020, 4, 3, 3, 0, 4, 0
17023, 2, 1, 1, 0, 1, 1
17025, 1, 3, 3, 0, 1, 0
17029, 0, 1, 1, 0, 0, 0
17032, 0, 1, 1, 0, 0, 0
17037, 0, 1, 1, 0, 0, 0
17039, 3, 10, 8, 2, 3, 0
17044, 3, 1, 1, 0, 3, 0
17046, 3, 2, 2, 0, 2, 1
17047, 0, 3, 1, 2, 0, 0
17050, 0, 2, 1, 1, 0, 0
17060, 1, 1, 1, 0, 1, 0
17061, 1, 1, 1, 0, 1, 0
17068, 0, 2, 2, 0, 0, 0
17072, 31, 1, 1, 0, 0, 31
17074, 0, 1, 1, 0, 0, 0
17076, 0, 4, 4, 0, 0, 0
17079, 0, 4, 4, 0, 0, 0
17080, 0, 1, 1, 0, 0, 0
17081, 2, 8, 8, 0, 0, 2
17083, 3, 5, 5, 0, 3, 0
17090, 0, 4, 4, 0, 0, 0
46207, 3, 4, 3, 1, 3, 0
22333, 0, 6, 0, 6, 0, 0
52381, 0, 1, 0, 1, 0, 0
52382, 0, 1, 1, 0, 0, 0
18436, 2, 4, 4, 0, 2, 0
52383, 0, 5, 5, 0, 0, 0
52384, 0, 1, 1, 0, 0, 0
52385, 4, 1, 1, 0, 1, 3
52386, 2, 1, 1, 0, 2, 0
7060, 1, 2, 2, 0, 1, 0
15256, 0, 5, 5, 0, 0, 0
24222, 1, 1, 1, 0, 1, 0
24223, 3, 2, 2, 0, 3, 0
24224, 0, 4, 4, 0, 0, 0
46029, 3, 3, 3, 0, 3, 0
46030, 0, 2, 1, 1, 0, 0
6985, 36, 7, 6, 1, 26, 10
6991, 0, 1, 1, 0, 0, 0
6992, 0, 1, 1, 0, 0, 0
6993, 1, 1, 1, 0, 1, 0
6995, 0, 6, 2, 4, 0, 0
6996, 0, 1, 0, 1, 0, 0
32857, 0, 2, 2, 0, 0, 0
52389, 0, 1, 1, 0, 0, 0
17274, 4, 2, 2, 0, 4, 0
22488, 0, 13, 13, 0, 0, 0
27690, 2, 2, 2, 0, 2, 0
29741, 20, 3, 3, 0, 20, 0
44456, 3, 2, 2, 0, 3, 0
44756, 5, 1, 1, 0, 5, 0
52390, 2, 1, 1, 0, 2, 0
52391, 2, 1, 1, 0, 2, 0
52392, 2, 1, 1, 0, 2, 0
52393, 2, 2, 2, 0, 2, 0
52394, 2, 1, 1, 0, 2, 0
52395, 2, 1, 1, 0, 2, 0
52396, 2, 1, 1, 0, 2, 0
52397, 2, 2, 2, 0, 2, 0
52398, 5, 1, 1, 0, 5, 0
52399, 2, 1, 1, 0, 2, 0
52400, 2, 1, 1, 0, 2, 0
52401, 8, 4, 3, 1, 7, 1
52402, 2, 1, 1, 0, 2, 0
52403, 0, 4, 4, 0, 0, 0
52404, 2, 1, 1, 0, 2, 0
52405, 2, 1, 1, 0, 2, 0
52406, 2, 1, 1, 0, 2, 0
52407, 2, 2, 1, 1, 2, 0
52408, 2, 2, 2, 0, 2, 0
52409, 2, 1, 1, 0, 2, 0
52410, 0, 1, 1, 0, 0, 0
52411, 3, 1, 1, 0, 3, 0
52412, 13, 1, 1, 0, 13, 0
52413, 2, 1, 1, 0, 2, 0
52414, 4, 1, 1, 0, 4, 0
52415, 2, 2, 2, 0, 2, 0
52416, 2, 3, 1, 2, 2, 0
52417, 0, 1, 1, 0, 0, 0
25469, 4, 7, 7, 0, 4, 0
52418, 3, 1, 1, 0, 3, 0
52433, 2, 1, 1, 0, 2, 0
37013, 5, 1, 1, 0, 5, 0
37014, 0, 5, 5, 0, 0, 0
37016, 2, 1, 1, 0, 2, 0
37017, 0, 1, 1, 0, 0, 0
37019, 1, 2, 2, 0, 1, 0
8222, 1, 3, 2, 1, 1, 0
10629, 31, 5, 1, 4, 27, 4
19498, 0, 5, 2, 3, 0, 0
25003, 0, 5, 4, 1, 0, 0
28951, 1, 5, 4, 1, 0, 1
35524, 2, 6, 1, 5, 2, 0
40502, 2, 4, 2, 2, 2, 0
41935, 7, 7, 4, 3, 7, 0
52434, 0, 1, 1, 0, 0, 0
52435, 0, 1, 0, 1, 0, 0
52436, 0, 1, 0, 1, 0, 0
52437, 0, 2, 1, 1, 0, 0
52438, 0, 1, 0, 1, 0, 0
52439, 1, 2, 0, 2, 1, 0
52440, 0, 2, 0, 2, 0, 0
52441, 0, 3, 1, 2, 0, 0
52442, 1, 2, 1, 1, 1, 0
52443, 0, 1, 0, 1, 0, 0
52444, 0, 1, 0, 1, 0, 0
52445, 0, 1, 0, 1, 0, 0
52446, 0, 1, 0, 1, 0, 0
52447, 0, 3, 2, 1, 0, 0
52448, 0, 2, 1, 1, 0, 0
52449, 0, 1, 0, 1, 0, 0
52450, 2, 1, 0, 1, 2, 0
52451, 4, 1, 0, 1, 3, 1
52452, 1, 1, 0, 1, 1, 0
52453, 0, 1, 0, 1, 0, 0
52454, 2, 1, 0, 1, 0, 2
52455, 0, 2, 1, 1, 0, 0
52456, 0, 1, 0, 1, 0, 0
52457, 0, 3, 1, 2, 0, 0
52458, 2, 1, 1, 0, 2, 0
7022, 0, 1, 1, 0, 0, 0
7032, 3, 7, 6, 1, 3, 0
7034, 10, 2, 2, 0, 9, 1
7035, 1, 5, 5, 0, 1, 0
44722, 0, 2, 2, 0, 0, 0
44723, 0, 2, 2, 0, 0, 0
52466, 0, 1, 1, 0, 0, 0
27370, 11, 8, 8, 0, 11, 0
52467, 1, 1, 1, 0, 1, 0
52468, 0, 1, 0, 1, 0, 0
52469, 0, 1, 1, 0, 0, 0
25376, 0, 2, 2, 0, 0, 0
25377, 0, 1, 1, 0, 0, 0
25378, 1, 1, 1, 0, 1, 0
34118, 2, 2, 2, 0, 2, 0
52470, 0, 2, 2, 0, 0, 0
52471, 0, 1, 1, 0, 0, 0
52472, 0, 2, 1, 1, 0, 0
52473, 2, 2, 2, 0, 2, 0
9072, 0, 4, 3, 1, 0, 0
17262, 14, 3, 3, 0, 13, 1
21255, 2, 2, 2, 0, 2, 0
22383, 0, 5, 1, 4, 0, 0
26455, 5, 1, 1, 0, 4, 1
35394, 0, 3, 3, 0, 0, 0
36412, 0, 5, 5, 0, 0, 0
36722, 2, 4, 4, 0, 2, 0
41634, 8, 4, 4, 0, 8, 0
44439, 0, 3, 1, 2, 0, 0
50653, 0, 3, 2, 1, 0, 0
52474, 0, 2, 2, 0, 0, 0
52475, 0, 2, 2, 0, 0, 0
52476, 0, 1, 1, 0, 0, 0
52477, 0, 1, 1, 0, 0, 0
52478, 0, 2, 2, 0, 0, 0
52479, 0, 1, 1, 0, 0, 0
52480, 0, 1, 1, 0, 0, 0
52481, 4, 1, 1, 0, 4, 0
52482, 0, 1, 1, 0, 0, 0
52483, 0, 1, 1, 0, 0, 0
52484, 0, 2, 2, 0, 0, 0
52485, 0, 1, 0, 1, 0, 0
52486, 4, 5, 3, 2, 4, 0
52487, 0, 1, 0, 1, 0, 0
52488, 0, 3, 2, 1, 0, 0
52489, 0, 3, 1, 2, 0, 0
52490, 1, 2, 1, 1, 1, 0
52491, 0, 2, 1, 1, 0, 0
52492, 0, 1, 0, 1, 0, 0
52493, 0, 2, 1, 1, 0, 0
18081, 0, 9, 9, 0, 0, 0
52494, 3, 1, 1, 0, 3, 0
52495, 0, 2, 1, 1, 0, 0
52496, 0, 1, 1, 0, 0, 0
52497, 1, 1, 1, 0, 1, 0
52498, 0, 5, 5, 0, 0, 0
21146, 0, 2, 2, 0, 0, 0
52499, 2, 2, 0, 2, 1, 1
52500, 2, 2, 1, 1, 0, 2
22050, 9, 3, 3, 0, 5, 4
27874, 0, 6, 6, 0, 0, 0
52504, 0, 2, 2, 0, 0, 0
52505, 0, 1, 1, 0, 0, 0
52506, 0, 1, 1, 0, 0, 0
7491, 0, 2, 2, 0, 0, 0
7498, 0, 1, 1, 0, 0, 0
7500, 0, 2, 0, 2, 0, 0
7502, 0, 1, 0, 1, 0, 0
49392, 0, 1, 1, 0, 0, 0
52507, 0, 1, 1, 0, 0, 0
52508, 0, 2, 2, 0, 0, 0
52509, 0, 4, 4, 0, 0, 0
13402, 11, 5, 3, 2, 8, 3
52510, 0, 1, 1, 0, 0, 0
7070, 0, 2, 2, 0, 0, 0
7073, 0, 2, 2, 0, 0, 0
7076, 1, 3, 3, 0, 1, 0
7080, 0, 1, 1, 0, 0, 0
7083, 0, 6, 6, 0, 0, 0
7089, 1, 2, 2, 0, 1, 0
7094, 2, 2, 1, 1, 2, 0
7095, 0, 1, 1, 0, 0, 0
7099, 0, 1, 1, 0, 0, 0
7104, 0, 4, 3, 1, 0, 0
7105, 0, 1, 1, 0, 0, 0
7106, 3, 4, 3, 1, 2, 1
7110, 0, 1, 1, 0, 0, 0
7111, 1, 1, 1, 0, 1, 0
7113, 0, 1, 1, 0, 0, 0
7114, 9, 8, 6, 2, 5, 4
7115, 0, 1, 1, 0, 0, 0
7116, 0, 3, 3, 0, 0, 0
7131, 0, 3, 1, 2, 0, 0
7133, 0, 2, 2, 0, 0, 0
7141, 0, 1, 1, 0, 0, 0
7145, 0, 1, 1, 0, 0, 0
7150, 0, 3, 2, 1, 0, 0
7151, 0, 3, 3, 0, 0, 0
7153, 1, 4, 4, 0, 1, 0
7154, 0, 1, 1, 0, 0, 0
7156, 0, 2, 2, 0, 0, 0
52511, 0, 1, 1, 0, 0, 0
52512, 0, 1, 1, 0, 0, 0
52513, 1, 1, 1, 0, 1, 0
14441, 4, 2, 2, 0, 4, 0
25225, 0, 13, 13, 0, 0, 0
52514, 2, 1, 1, 0, 1, 1
52515, 0, 1, 1, 0, 0, 0
52516, 0, 3, 3, 0, 0, 0
46324, 0, 1, 1, 0, 0, 0
35927, 0, 5, 0, 5, 0, 0
52517, 0, 1, 1, 0, 0, 0
52518, 0, 9, 9, 0, 0, 0
52519, 0, 2, 2, 0, 0, 0
20684, 1, 6, 5, 1, 1, 0
21024, 0, 3, 3, 0, 0, 0
21877, 28, 6, 6, 0, 26, 2
29136, 0, 9, 9, 0, 0, 0
29598, 0, 6, 6, 0, 0, 0
38465, 0, 1, 1, 0, 0, 0
38466, 1, 2, 2, 0, 1, 0
38467, 1, 1, 1, 0, 1, 0
38468, 2, 2, 2, 0, 2, 0
38469, 0, 1, 0, 1, 0, 0
52520, 0, 1, 1, 0, 0, 0
17428, 2, 1, 1, 0, 2, 0
17429, 1, 2, 2, 0, 1, 0
17431, 3, 4, 1, 3, 3, 0
17433, 0, 1, 0, 1, 0, 0
17437, 0, 1, 0, 1, 0, 0
17440, 0, 1, 0, 1, 0, 0
17442, 0, 1, 0, 1, 0, 0
17444, 0, 1, 0, 1, 0, 0
17445, 0, 1, 0, 1, 0, 0
17448, 0, 1, 0, 1, 0, 0
17450, 0, 1, 0, 1, 0, 0
17452, 0, 1, 0, 1, 0, 0
17454, 0, 2, 1, 1, 0, 0
17458, 0, 4, 1, 3, 0, 0
42526, 0, 5, 5, 0, 0, 0
52521, 0, 2, 2, 0, 0, 0
52522, 14, 2, 2, 0, 14, 0
19219, 3, 1, 1, 0, 3, 0
19220, 0, 2, 2, 0, 0, 0
19221, 0, 2, 2, 0, 0, 0
19222, 0, 1, 1, 0, 0, 0
19223, 0, 4, 4, 0, 0, 0
19225, 0, 3, 3, 0, 0, 0
19227, 1, 2, 2, 0, 1, 0
19230, 1, 2, 2, 0, 1, 0
16970, 3, 11, 8, 3, 3, 0
19954, 11, 7, 5, 2, 7, 4
20720, 2, 4, 1, 3, 1, 1
30008, 0, 4, 0, 4, 0, 0
30217, 0, 4, 2, 2, 0, 0
30358, 3, 5, 1, 4, 2, 1
33080, 0, 3, 1, 2, 0, 0
34926, 0, 7, 2, 5, 0, 0
38429, 0, 5, 0, 5, 0, 0
52523, 3, 2, 2, 0, 3, 0
52524, 2, 6, 5, 1, 2, 0
52525, 2, 3, 3, 0, 2, 0
52526, 0, 3, 3, 0, 0, 0
52527, 4, 3, 1, 2, 1, 3
52528, 7, 2, 0, 2, 6, 1
52529, 1, 3, 1, 2, 0, 1
52530, 2, 2, 0, 2, 0, 2
52531, 0, 2, 0, 2, 0, 0
52532, 0, 6, 0, 6, 0, 0
52533, 0, 2, 0, 2, 0, 0
52534, 0, 3, 1, 2, 0, 0
52535, 0, 3, 1, 2, 0, 0
52536, 0, 5, 1, 4, 0, 0
52537, 1, 5, 3, 2, 1, 0
52538, 0, 3, 0, 3, 0, 0
28968, 24, 4, 4, 0, 24, 0
40500, 16, 5, 4, 1, 14, 2
46058, 3, 1, 1, 0, 2, 1
46059, 0, 1, 1, 0, 0, 0
46060, 6, 2, 2, 0, 6, 0
15163, 0, 5, 5, 0, 0, 0
15166, 0, 1, 1, 0, 0, 0
19301, 2, 2, 1, 1, 2, 0
41562, 0, 6, 5, 1, 0, 0
52539, 0, 1, 1, 0, 0, 0
52540, 0, 1, 1, 0, 0, 0
52541, 0, 1, 1, 0, 0, 0
30287, 0, 4, 4, 0, 0, 0
35080, 8, 1, 1, 0, 8, 0
35081, 0, 3, 3, 0, 0, 0
35082, 0, 1, 1, 0, 0, 0
35084, 0, 1, 1, 0, 0, 0
35085, 4, 2, 2, 0, 4, 0
35087, 4, 1, 1, 0, 4, 0
52542, 0, 1, 1, 0, 0, 0
52543, 0, 1, 1, 0, 0, 0
52544, 0, 2, 1, 1, 0, 0
52545, 2, 1, 1, 0, 2, 0
52546, 0, 1, 1, 0, 0, 0
52547, 8, 8, 8, 0, 8, 0
19914, 0, 6, 0, 6, 0, 0
43047, 2, 2, 2, 0, 2, 0
41389, 1, 2, 2, 0, 1, 0
52018, 7, 2, 2, 0, 7, 0
52548, 11, 1, 0, 1, 10, 1
7164, 0, 1, 1, 0, 0, 0
7168, 0, 2, 2, 0, 0, 0
7170, 0, 1, 1, 0, 0, 0
7172, 0, 2, 2, 0, 0, 0
7174, 0, 2, 1, 1, 0, 0
7175, 5, 2, 2, 0, 5, 0
7180, 0, 1, 1, 0, 0, 0
7198, 0, 2, 2, 0, 0, 0
7204, 0, 1, 1, 0, 0, 0
7207, 1, 11, 11, 0, 1, 0
7212, 10, 2, 2, 0, 8, 2
7214, 2, 3, 2, 1, 2, 0
7220, 0, 1, 0, 1, 0, 0
7224, 0, 1, 0, 1, 0, 0
7227, 18, 6, 5, 1, 14, 4
48776, 0, 1, 1, 0, 0, 0
48777, 0, 1, 1, 0, 0, 0
48778, 0, 2, 2, 0, 0, 0
48779, 2, 1, 1, 0, 2, 0
48780, 4, 4, 1, 3, 4, 0
52549, 0, 1, 1, 0, 0, 0
52550, 5, 1, 1, 0, 5, 0
22498, 0, 5, 5, 0, 0, 0
22855, 0, 3, 3, 0, 0, 0
30127, 0, 2, 2, 0, 0, 0
47011, 5, 3, 3, 0, 5, 0
47012, 2, 2, 2, 0, 2, 0
47013, 1, 1, 1, 0, 1, 0
52551, 14, 2, 2, 0, 12, 2
52552, 0, 1, 1, 0, 0, 0
52553, 3, 2, 2, 0, 3, 0
28812, 0, 2, 2, 0, 0, 0
35019, 1, 6, 4, 2, 1, 0
52554, 0, 1, 1, 0, 0, 0
8827, 3, 1, 1, 0, 3, 0
19741, 0, 2, 0, 2, 0, 0
33725, 0, 3, 1, 2, 0, 0
52555, 0, 1, 1, 0, 0, 0
52556, 0, 1, 1, 0, 0, 0
52557, 1, 1, 1, 0, 0, 1
52558, 2, 1, 1, 0, 2, 0
52559, 0, 1, 1, 0, 0, 0
52560, 0, 2, 2, 0, 0, 0
24938, 2, 1, 1, 0, 2, 0
24939, 3, 2, 2, 0, 3, 0
24290, 1, 1, 1, 0, 1, 0
24292, 0, 1, 0, 1, 0, 0
8290, 1, 2, 2, 0, 1, 0
11756, 0, 23, 23, 0, 0, 0
19281, 4, 4, 4, 0, 2, 2
21268, 1, 7, 3, 4, 1, 0
26415, 0, 2, 2, 0, 0, 0
26416, 0, 2, 2, 0, 0, 0
26418, 0, 2, 1, 1, 0, 0
30373, 0, 3, 3, 0, 0, 0
34050, 1, 6, 4, 2, 0, 1
36582, 0, 1, 1, 0, 0, 0
36586, 0, 2, 2, 0, 0, 0
36587, 0, 2, 2, 0, 0, 0
36588, 6, 4, 2, 2, 6, 0
36591, 0, 1, 1, 0, 0, 0
36592, 0, 1, 1, 0, 0, 0
36593, 17, 1, 1, 0, 7, 10
36595, 3, 2, 2, 0, 3, 0
36596, 0, 1, 1, 0, 0, 0
36597, 0, 1, 1, 0, 0, 0
36599, 2, 3, 2, 1, 2, 0
36601, 0, 1, 1, 0, 0, 0
36603, 0, 1, 1, 0, 0, 0
36604, 0, 2, 2, 0, 0, 0
36605, 10, 1, 1, 0, 0, 10
36607, 0, 1, 1, 0, 0, 0
36609, 0, 1, 1, 0, 0, 0
36610, 2, 8, 5, 3, 2, 0
36611, 0, 1, 1, 0, 0, 0
36617, 0, 1, 1, 0, 0, 0
36619, 0, 1, 0, 1, 0, 0
36621, 6, 2, 1, 1, 5, 1
36622, 3, 3, 2, 1, 3, 0
36623, 0, 1, 0, 1, 0, 0
36624, 7, 1, 0, 1, 7, 0
21715, 2, 2, 2, 0, 2, 0
27444, 7, 4, 4, 0, 7, 0
27446, 17, 2, 2, 0, 15, 2
27447, 0, 1, 0, 1, 0, 0
52561, 5, 1, 1, 0, 5, 0
52562, 0, 1, 1, 0, 0, 0
41904, 1, 1, 1, 0, 1, 0
41905, 0, 1, 1, 0, 0, 0
33005, 2, 2, 2, 0, 2, 0
33007, 2, 2, 2, 0, 2, 0
52563, 0, 1, 1, 0, 0, 0
52564, 0, 1, 1, 0, 0, 0
52565, 0, 1, 1, 0, 0, 0
12365, 2, 6, 5, 1, 2, 0
14097, 0, 4, 4, 0, 0, 0
43866, 0, 3, 3, 0, 0, 0
52582, 0, 2, 2, 0, 0, 0
52583, 0, 3, 2, 1, 0, 0
52584, 0, 2, 2, 0, 0, 0
52585, 9, 2, 2, 0, 9, 0
52586, 3, 1, 1, 0, 2, 1
52587, 1, 1, 1, 0, 1, 0
52588, 0, 1, 1, 0, 0, 0
52589, 0, 3, 3, 0, 0, 0
35632, 0, 9, 9, 0, 0, 0
18865, 0, 8, 4, 4, 0, 0
23922, 0, 5, 3, 2, 0, 0
33608, 0, 1, 1, 0, 0, 0
33610, 0, 3, 2, 1, 0, 0
33611, 0, 1, 1, 0, 0, 0
33612, 0, 1, 0, 1, 0, 0
33613, 0, 1, 0, 1, 0, 0
52590, 0, 4, 2, 2, 0, 0
52591, 0, 2, 2, 0, 0, 0
52592, 0, 1, 1, 0, 0, 0
52593, 0, 1, 0, 1, 0, 0
44985, 2, 4, 3, 1, 2, 0
52594, 0, 2, 2, 0, 0, 0
52595, 0, 1, 0, 1, 0, 0
52596, 1, 3, 0, 3, 1, 0
52597, 2, 1, 1, 0, 2, 0
26195, 0, 3, 3, 0, 0, 0
22599, 0, 7, 7, 0, 0, 0
52598, 0, 1, 1, 0, 0, 0
52599, 8, 5, 5, 0, 8, 0
52600, 0, 2, 2, 0, 0, 0
52601, 0, 1, 1, 0, 0, 0
22786, 17, 12, 1, 11, 2, 15
25056, 4, 2, 2, 0, 2, 2
34222, 0, 2, 2, 0, 0, 0
37154, 1, 4, 2, 2, 1, 0
41647, 1, 4, 3, 1, 1, 0
52602, 0, 3, 3, 0, 0, 0
52603, 1, 1, 1, 0, 1, 0
17295, 6, 7, 6, 1, 6, 0
52604, 1, 1, 1, 0, 1, 0
52605, 1, 1, 1, 0, 1, 0
52606, 7, 1, 1, 0, 7, 0
52607, 0, 7, 7, 0, 0, 0
7252, 21, 0, 0, 0, 19, 2
7253, 0, 1, 1, 0, 0, 0
7254, 0, 2, 2, 0, 0, 0
7255, 0, 1, 1, 0, 0, 0
7256, 3, 11, 1, 10, 3, 0
9521, 1, 3, 3, 0, 1, 0
52609, 0, 1, 1, 0, 0, 0
43992, 5, 2, 2, 0, 5, 0
52610, 0, 1, 0, 1, 0, 0
52611, 1, 1, 1, 0, 1, 0
52612, 0, 1, 1, 0, 0, 0
52613, 0, 1, 0, 1, 0, 0
25486, 0, 3, 3, 0, 0, 0
52614, 2, 2, 2, 0, 2, 0
39602, 0, 2, 2, 0, 0, 0
41630, 0, 3, 3, 0, 0, 0
49818, 0, 1, 1, 0, 0, 0
49819, 0, 1, 1, 0, 0, 0
49820, 0, 2, 1, 1, 0, 0
49821, 0, 2, 1, 1, 0, 0
49822, 0, 2, 2, 0, 0, 0
49823, 0, 1, 1, 0, 0, 0
49824, 0, 1, 0, 1, 0, 0
36404, 1, 1, 1, 0, 1, 0
36405, 5, 2, 2, 0, 5, 0
36407, 0, 1, 1, 0, 0, 0
36408, 0, 1, 1, 0, 0, 0
36409, 0, 1, 1, 0, 0, 0
36410, 0, 2, 2, 0, 0, 0
52615, 1, 1, 1, 0, 1, 0
52616, 0, 2, 0, 2, 0, 0
10874, 1, 7, 5, 2, 1, 0
14628, 0, 7, 7, 0, 0, 0
28324, 1, 2, 2, 0, 1, 0
52617, 0, 1, 1, 0, 0, 0
52618, 0, 1, 1, 0, 0, 0
52619, 0, 1, 1, 0, 0, 0
52620, 0, 2, 2, 0, 0, 0
52621, 0, 1, 1, 0, 0, 0
52622, 0, 1, 1, 0, 0, 0
52623, 3, 2, 2, 0, 3, 0
52624, 0, 1, 1, 0, 0, 0
14120, 0, 3, 3, 0, 0, 0
52625, 0, 2, 1, 1, 0, 0
52626, 0, 1, 1, 0, 0, 0
24180, 0, 2, 2, 0, 0, 0
26372, 0, 1, 1, 0, 0, 0
26373, 0, 1, 1, 0, 0, 0
8985, 0, 15, 15, 0, 0, 0
12929, 5, 16, 12, 4, 5, 0
13884, 1, 4, 0, 4, 0, 1
30667, 2, 5, 4, 1, 2, 0
34261, 0, 4, 3, 1, 0, 0
41629, 15, 1, 1, 0, 9, 6
41631, 0, 1, 1, 0, 0, 0
41632, 0, 2, 2, 0, 0, 0
41633, 0, 1, 1, 0, 0, 0
41635, 2, 1, 1, 0, 2, 0
41636, 0, 2, 2, 0, 0, 0
41637, 0, 1, 1, 0, 0, 0
41638, 0, 1, 1, 0, 0, 0
41639, 0, 2, 2, 0, 0, 0
41640, 1, 1, 0, 1, 1, 0
41641, 0, 2, 0, 2, 0, 0
41643, 0, 1, 0, 1, 0, 0
46179, 1, 4, 3, 1, 1, 0
52627, 0, 2, 2, 0, 0, 0
52628, 1, 1, 1, 0, 1, 0
52629, 0, 2, 0, 2, 0, 0
24920, 3, 6, 6, 0, 3, 0
19676, 0, 2, 2, 0, 0, 0
19678, 0, 5, 5, 0, 0, 0
22384, 0, 3, 3, 0, 0, 0
52630, 10, 4, 4, 0, 7, 3
52631, 5, 2, 2, 0, 4, 1
52632, 0, 2, 2, 0, 0, 0
52633, 0, 2, 0, 2, 0, 0
52634, 0, 1, 1, 0, 0, 0
52635, 0, 1, 1, 0, 0, 0
52636, 0, 2, 2, 0, 0, 0
52637, 4, 2, 2, 0, 4, 0
52638, 2, 1, 0, 1, 2, 0
52639, 0, 2, 1, 1, 0, 0
39072, 0, 13, 5, 8, 0, 0
52640, 0, 1, 1, 0, 0, 0
52641, 0, 1, 0, 1, 0, 0
52642, 0, 1, 1, 0, 0, 0
52643, 0, 1, 1, 0, 0, 0
52644, 1, 1, 1, 0, 1, 0
18601, 0, 1, 1, 0, 0, 0
18602, 0, 1, 1, 0, 0, 0
18603, 0, 1, 1, 0, 0, 0
18604, 1, 1, 1, 0, 1, 0
18606, 0, 1, 1, 0, 0, 0
52426, 0, 4, 2, 2, 0, 0
32477, 0, 2, 1, 1, 0, 0
52645, 0, 2, 1, 1, 0, 0
52646, 1, 1, 1, 0, 1, 0
52647, 5, 1, 0, 1, 4, 1
52648, 3, 1, 1, 0, 3, 0
52649, 3, 2, 2, 0, 3, 0
13855, 0, 7, 7, 0, 0, 0
29361, 0, 2, 2, 0, 0, 0
27709, 5, 12, 7, 5, 5, 0
52650, 1, 1, 1, 0, 1, 0
52651, 2, 2, 2, 0, 2, 0
52652, 44, 8, 8, 0, 44, 0
52653, 0, 1, 1, 0, 0, 0
52654, 0, 1, 1, 0, 0, 0
52655, 1, 1, 1, 0, 1, 0
52656, 0, 1, 1, 0, 0, 0
52657, 0, 1, 1, 0, 0, 0
52658, 0, 2, 2, 0, 0, 0
35196, 0, 5, 1, 4, 0, 0
43944, 0, 4, 1, 3, 0, 0
50655, 0, 5, 5, 0, 0, 0
52740, 0, 1, 1, 0, 0, 0
10902, 4, 3, 2, 1, 3, 1
13675, 0, 4, 3, 1, 0, 0
19103, 2, 4, 3, 1, 2, 0
21966, 0, 2, 1, 1, 0, 0
23376, 0, 3, 2, 1, 0, 0
25373, 3, 6, 5, 1, 3, 0
27558, 0, 2, 0, 2, 0, 0
30515, 0, 4, 1, 3, 0, 0
31146, 0, 2, 1, 1, 0, 0
34200, 5, 2, 0, 2, 4, 1
35799, 0, 2, 0, 2, 0, 0
35839, 19, 1, 0, 1, 4, 15
37204, 0, 9, 5, 4, 0, 0
38573, 3, 5, 1, 4, 1, 2
41544, 2, 3, 1, 2, 2, 0
41760, 1, 3, 2, 1, 1, 0
44402, 12, 2, 2, 0, 12, 0
45822, 1, 4, 3, 1, 1, 0
45926, 0, 2, 0, 2, 0, 0
50187, 0, 2, 1, 1, 0, 0
51198, 3, 2, 1, 1, 2, 1
52741, 0, 1, 1, 0, 0, 0
52742, 0, 2, 2, 0, 0, 0
52743, 0, 2, 2, 0, 0, 0
52744, 0, 1, 0, 1, 0, 0
52745, 7, 3, 1, 2, 2, 5
52746, 0, 1, 0, 1, 0, 0
52747, 1, 2, 1, 1, 1, 0
52748, 1, 4, 2, 2, 1, 0
52749, 1, 2, 1, 1, 1, 0
52750, 0, 1, 0, 1, 0, 0
52751, 0, 1, 0, 1, 0, 0
52752, 1, 1, 0, 1, 1, 0
52753, 0, 1, 0, 1, 0, 0
52754, 1, 2, 1, 1, 0, 1
52755, 0, 1, 0, 1, 0, 0
52756, 0, 1, 0, 1, 0, 0
52757, 3, 1, 0, 1, 2, 1
52758, 1, 1, 0, 1, 0, 1
52759, 0, 3, 0, 3, 0, 0
52760, 0, 1, 0, 1, 0, 0
52761, 0, 2, 0, 2, 0, 0
52762, 0, 1, 0, 1, 0, 0
52763, 0, 1, 0, 1, 0, 0
52764, 0, 1, 0, 1, 0, 0
52765, 0, 1, 0, 1, 0, 0
52766, 0, 1, 0, 1, 0, 0
52767, 1, 1, 0, 1, 1, 0
52768, 0, 1, 0, 1, 0, 0
52769, 0, 1, 0, 1, 0, 0
52770, 0, 1, 0, 1, 0, 0
52771, 0, 1, 0, 1, 0, 0
52772, 0, 1, 0, 1, 0, 0
52773, 0, 1, 0, 1, 0, 0
52774, 0, 1, 0, 1, 0, 0
52775, 0, 1, 0, 1, 0, 0
52776, 0, 1, 0, 1, 0, 0
52777, 0, 1, 0, 1, 0, 0
52778, 0, 1, 0, 1, 0, 0
52779, 0, 1, 0, 1, 0, 0
52780, 0, 1, 0, 1, 0, 0
52781, 1, 1, 0, 1, 0, 1
52782, 0, 1, 0, 1, 0, 0
52783, 2, 2, 1, 1, 1, 1
52784, 0, 1, 0, 1, 0, 0
52785, 0, 1, 0, 1, 0, 0
52786, 0, 1, 0, 1, 0, 0
52787, 0, 1, 0, 1, 0, 0
52788, 0, 2, 1, 1, 0, 0
52789, 0, 2, 0, 2, 0, 0
52790, 2, 1, 0, 1, 2, 0
52791, 0, 1, 0, 1, 0, 0
52792, 0, 1, 0, 1, 0, 0
52793, 0, 2, 1, 1, 0, 0
52794, 11, 1, 0, 1, 1, 10
52795, 12, 2, 0, 2, 12, 0
52796, 1, 2, 1, 1, 1, 0
52797, 0, 1, 0, 1, 0, 0
52798, 0, 1, 0, 1, 0, 0
52799, 0, 1, 0, 1, 0, 0
52800, 0, 1, 0, 1, 0, 0
52801, 0, 1, 0, 1, 0, 0
52802, 1, 2, 1, 1, 1, 0
52803, 0, 1, 0, 1, 0, 0
52804, 0, 1, 0, 1, 0, 0
52805, 1, 2, 1, 1, 0, 1
52806, 5, 2, 0, 2, 5, 0
52807, 0, 1, 0, 1, 0, 0
52808, 0, 1, 0, 1, 0, 0
52809, 0, 1, 0, 1, 0, 0
52810, 0, 1, 0, 1, 0, 0
52811, 4, 5, 4, 1, 4, 0
7375, 68, 1, 1, 0, 68, 0
7377, 0, 1, 1, 0, 0, 0
7380, 1, 1, 1, 0, 0, 1
7387, 0, 1, 1, 0, 0, 0
7390, 0, 5, 5, 0, 0, 0
9116, 2, 3, 3, 0, 2, 0
36321, 4, 3, 3, 0, 4, 0
52812, 0, 1, 1, 0, 0, 0
19658, 0, 6, 6, 0, 0, 0
52813, 1, 2, 2, 0, 1, 0
52814, 4, 2, 2, 0, 3, 1
52815, 5, 5, 5, 0, 5, 0
52816, 2, 3, 3, 0, 2, 0
52817, 7, 5, 5, 0, 7, 0
52818, 0, 1, 1, 0, 0, 0
52819, 0, 5, 5, 0, 0, 0
52820, 0, 1, 1, 0, 0, 0
52821, 3, 1, 1, 0, 3, 0
18942, 0, 1, 1, 0, 0, 0
52822, 0, 1, 1, 0, 0, 0
52823, 0, 1, 1, 0, 0, 0
44202, 0, 9, 9, 0, 0, 0
45148, 8, 4, 3, 1, 8, 0
52824, 0, 1, 1, 0, 0, 0
52825, 0, 1, 1, 0, 0, 0
52826, 0, 1, 1, 0, 0, 0
52827, 0, 1, 1, 0, 0, 0
12812, 19, 5, 5, 0, 17, 2
52828, 0, 4, 4, 0, 0, 0
52829, 2, 4, 3, 1, 2, 0
34778, 7, 3, 3, 0, 7, 0
52830, 0, 1, 0, 1, 0, 0
52831, 0, 1, 0, 1, 0, 0
35281, 0, 4, 4, 0, 0, 0
33125, 0, 2, 1, 1, 0, 0
52832, 0, 1, 1, 0, 0, 0
52833, 0, 1, 1, 0, 0, 0
52834, 0, 1, 1, 0, 0, 0
52835, 0, 1, 1, 0, 0, 0
52836, 0, 1, 1, 0, 0, 0
13332, 1, 6, 6, 0, 1, 0
52837, 0, 1, 1, 0, 0, 0
52838, 0, 1, 1, 0, 0, 0
52839, 3, 1, 1, 0, 3, 0
52840, 2, 3, 3, 0, 2, 0
52841, 0, 1, 1, 0, 0, 0
52842, 0, 1, 1, 0, 0, 0
52843, 0, 2, 2, 0, 0, 0
39082, 0, 7, 3, 4, 0, 0
52844, 0, 1, 1, 0, 0, 0
15300, 0, 2, 1, 1, 0, 0
32866, 0, 8, 8, 0, 0, 0
52845, 0, 5, 5, 0, 0, 0
39165, 5, 3, 3, 0, 5, 0
39167, 0, 1, 1, 0, 0, 0
33260, 0, 6, 5, 1, 0, 0
51996, 0, 1, 1, 0, 0, 0
51997, 0, 1, 0, 1, 0, 0
22090, 0, 1, 1, 0, 0, 0
22094, 0, 1, 1, 0, 0, 0
9694, 0, 2, 1, 1, 0, 0
17786, 0, 7, 3, 4, 0, 0
29303, 4, 6, 4, 2, 3, 1
35802, 0, 2, 0, 2, 0, 0
52846, 0, 1, 1, 0, 0, 0
52847, 0, 1, 1, 0, 0, 0
52848, 0, 1, 1, 0, 0, 0
52849, 0, 1, 1, 0, 0, 0
52850, 0, 1, 0, 1, 0, 0
52851, 0, 1, 0, 1, 0, 0
52852, 0, 1, 0, 1, 0, 0
52853, 0, 1, 0, 1, 0, 0
52854, 0, 1, 0, 1, 0, 0
52855, 0, 1, 0, 1, 0, 0
52856, 0, 2, 1, 1, 0, 0
52857, 6, 3, 2, 1, 6, 0
15240, 0, 3, 3, 0, 0, 0
18336, 1, 3, 3, 0, 1, 0
52858, 5, 2, 2, 0, 5, 0
52859, 0, 2, 2, 0, 0, 0
52860, 0, 2, 2, 0, 0, 0
31292, 0, 4, 4, 0, 0, 0
20639, 0, 4, 3, 1, 0, 0
52861, 0, 3, 3, 0, 0, 0
52862, 0, 1, 1, 0, 0, 0
22567, 0, 5, 4, 1, 0, 0
37179, 5, 2, 2, 0, 5, 0
52863, 0, 1, 1, 0, 0, 0
52864, 1, 1, 0, 1, 1, 0
45759, 0, 2, 1, 1, 0, 0
52865, 0, 1, 1, 0, 0, 0
9144, 0, 2, 2, 0, 0, 0
33090, 2, 5, 5, 0, 2, 0
52866, 0, 1, 1, 0, 0, 0
52867, 0, 1, 1, 0, 0, 0
33767, 3, 3, 3, 0, 3, 0
52868, 6, 1, 1, 0, 6, 0
52869, 1, 1, 1, 0, 1, 0
52870, 5, 3, 3, 0, 5, 0
52871, 6, 2, 2, 0, 6, 0
52872, 3, 1, 1, 0, 3, 0
52873, 2, 1, 1, 0, 1, 1
52874, 1, 1, 1, 0, 1, 0
52875, 10, 3, 3, 0, 10, 0
37381, 1, 4, 3, 1, 1, 0
37482, 16, 3, 3, 0, 16, 0
43947, 1, 2, 1, 1, 0, 1
44488, 9, 1, 1, 0, 9, 0
52876, 16, 1, 1, 0, 16, 0
52877, 1, 1, 1, 0, 1, 0
52878, 4, 1, 1, 0, 3, 1
52879, 14, 2, 2, 0, 5, 9
52880, 0, 2, 2, 0, 0, 0
52881, 1, 1, 1, 0, 1, 0
27561, 1, 3, 2, 1, 1, 0
52882, 0, 2, 2, 0, 0, 0
52883, 0, 1, 0, 1, 0, 0
52887, 0, 1, 1, 0, 0, 0
48806, 0, 2, 2, 0, 0, 0
52888, 0, 1, 0, 1, 0, 0
41360, 1, 2, 2, 0, 1, 0
41361, 1, 2, 2, 0, 1, 0
23199, 0, 3, 2, 1, 0, 0
36629, 6, 6, 3, 3, 6, 0
52884, 1, 1, 1, 0, 1, 0
52885, 7, 1, 1, 0, 6, 1
52886, 3, 1, 1, 0, 1, 2
52889, 1, 1, 1, 0, 1, 0
12599, 5, 8, 7, 1, 5, 0
18567, 0, 2, 2, 0, 0, 0
22777, 1, 7, 3, 4, 1, 0
31102, 0, 2, 2, 0, 0, 0
31103, 0, 1, 1, 0, 0, 0
31104, 0, 12, 12, 0, 0, 0
31105, 0, 1, 1, 0, 0, 0
52890, 0, 1, 1, 0, 0, 0
52891, 0, 1, 1, 0, 0, 0
52892, 0, 3, 2, 1, 0, 0
52893, 0, 2, 2, 0, 0, 0
52894, 0, 1, 1, 0, 0, 0
52895, 0, 3, 1, 2, 0, 0
52896, 1, 1, 1, 0, 1, 0
45739, 0, 7, 7, 0, 0, 0
52897, 0, 5, 5, 0, 0, 0
13497, 2, 2, 2, 0, 2, 0
16579, 2, 6, 5, 1, 2, 0
17322, 1, 5, 5, 0, 1, 0
37478, 0, 3, 3, 0, 0, 0
46355, 0, 3, 3, 0, 0, 0
52898, 0, 1, 1, 0, 0, 0
52899, 0, 1, 1, 0, 0, 0
52900, 0, 1, 1, 0, 0, 0
52901, 0, 1, 1, 0, 0, 0
52902, 0, 1, 1, 0, 0, 0
52903, 0, 1, 1, 0, 0, 0
52904, 0, 1, 1, 0, 0, 0
52905, 0, 1, 1, 0, 0, 0
52906, 0, 1, 1, 0, 0, 0
52907, 0, 1, 1, 0, 0, 0
52908, 0, 1, 1, 0, 0, 0
52909, 0, 1, 1, 0, 0, 0
52910, 0, 1, 1, 0, 0, 0
52911, 0, 1, 1, 0, 0, 0
52912, 0, 1, 1, 0, 0, 0
52913, 0, 1, 1, 0, 0, 0
52914, 2, 2, 2, 0, 2, 0
52915, 0, 1, 1, 0, 0, 0
52916, 0, 1, 1, 0, 0, 0
52917, 0, 1, 1, 0, 0, 0
52918, 0, 1, 1, 0, 0, 0
52919, 0, 1, 1, 0, 0, 0
52920, 0, 1, 1, 0, 0, 0
52921, 0, 1, 1, 0, 0, 0
52922, 0, 1, 1, 0, 0, 0
52923, 0, 1, 1, 0, 0, 0
52924, 0, 1, 1, 0, 0, 0
52925, 0, 1, 1, 0, 0, 0
52926, 0, 1, 1, 0, 0, 0
52927, 0, 1, 1, 0, 0, 0
52928, 0, 2, 2, 0, 0, 0
52929, 0, 1, 1, 0, 0, 0
52930, 0, 1, 1, 0, 0, 0
52931, 0, 1, 1, 0, 0, 0
52932, 0, 2, 1, 1, 0, 0
52933, 0, 1, 1, 0, 0, 0
52934, 1, 1, 1, 0, 1, 0
52935, 0, 1, 1, 0, 0, 0
52936, 0, 1, 1, 0, 0, 0
52937, 0, 3, 1, 2, 0, 0
52938, 1, 1, 1, 0, 1, 0
52939, 0, 1, 1, 0, 0, 0
52940, 0, 1, 1, 0, 0, 0
52941, 0, 1, 1, 0, 0, 0
52942, 0, 1, 1, 0, 0, 0
52943, 0, 1, 1, 0, 0, 0
52944, 0, 1, 1, 0, 0, 0
52945, 0, 1, 1, 0, 0, 0
52946, 0, 1, 1, 0, 0, 0
52947, 0, 1, 1, 0, 0, 0
52948, 0, 1, 1, 0, 0, 0
52949, 0, 1, 1, 0, 0, 0
52950, 0, 1, 1, 0, 0, 0
52951, 0, 1, 1, 0, 0, 0
52952, 0, 1, 1, 0, 0, 0
52953, 0, 1, 1, 0, 0, 0
52954, 0, 1, 1, 0, 0, 0
52955, 0, 1, 1, 0, 0, 0
52956, 2, 1, 1, 0, 2, 0
52957, 0, 1, 1, 0, 0, 0
52958, 0, 1, 1, 0, 0, 0
52959, 0, 1, 1, 0, 0, 0
52960, 0, 1, 1, 0, 0, 0
52961, 0, 1, 1, 0, 0, 0
52962, 0, 1, 1, 0, 0, 0
52963, 0, 1, 1, 0, 0, 0
52964, 0, 1, 1, 0, 0, 0
52965, 0, 1, 1, 0, 0, 0
52966, 0, 1, 1, 0, 0, 0
52967, 0, 1, 1, 0, 0, 0
52968, 0, 1, 1, 0, 0, 0
52969, 0, 1, 1, 0, 0, 0
52970, 0, 1, 1, 0, 0, 0
52971, 0, 2, 2, 0, 0, 0
52972, 0, 1, 1, 0, 0, 0
52973, 0, 1, 1, 0, 0, 0
52974, 0, 2, 2, 0, 0, 0
52975, 0, 1, 1, 0, 0, 0
52976, 0, 1, 1, 0, 0, 0
52977, 0, 1, 1, 0, 0, 0
52978, 0, 1, 1, 0, 0, 0
52979, 0, 1, 1, 0, 0, 0
52980, 0, 1, 1, 0, 0, 0
52981, 0, 1, 1, 0, 0, 0
52982, 1, 1, 1, 0, 1, 0
52983, 0, 1, 1, 0, 0, 0
52984, 0, 1, 1, 0, 0, 0
52985, 0, 1, 1, 0, 0, 0
52986, 0, 1, 1, 0, 0, 0
52987, 0, 2, 2, 0, 0, 0
52988, 0, 1, 1, 0, 0, 0
52989, 0, 1, 1, 0, 0, 0
52990, 0, 1, 1, 0, 0, 0
52991, 0, 1, 1, 0, 0, 0
52992, 0, 1, 1, 0, 0, 0
52993, 0, 1, 1, 0, 0, 0
52994, 0, 1, 1, 0, 0, 0
52995, 3, 1, 1, 0, 0, 3
52996, 0, 1, 1, 0, 0, 0
52997, 0, 1, 1, 0, 0, 0
52998, 0, 1, 1, 0, 0, 0
52999, 0, 1, 1, 0, 0, 0
53000, 0, 1, 1, 0, 0, 0
53001, 0, 1, 1, 0, 0, 0
53002, 0, 1, 1, 0, 0, 0
53003, 4, 1, 1, 0, 4, 0
53004, 0, 1, 1, 0, 0, 0
53005, 0, 1, 1, 0, 0, 0
53006, 0, 1, 1, 0, 0, 0
53007, 0, 1, 1, 0, 0, 0
53008, 0, 1, 1, 0, 0, 0
53009, 0, 1, 1, 0, 0, 0
53010, 0, 1, 1, 0, 0, 0
53011, 0, 1, 1, 0, 0, 0
53012, 1, 1, 1, 0, 1, 0
53013, 0, 1, 1, 0, 0, 0
53014, 0, 1, 1, 0, 0, 0
53015, 0, 1, 1, 0, 0, 0
53016, 0, 1, 1, 0, 0, 0
53017, 0, 1, 1, 0, 0, 0
53018, 1, 1, 1, 0, 0, 1
53019, 0, 1, 1, 0, 0, 0
53020, 0, 1, 1, 0, 0, 0
53021, 0, 1, 1, 0, 0, 0
53022, 0, 1, 1, 0, 0, 0
53023, 0, 1, 1, 0, 0, 0
53024, 0, 1, 1, 0, 0, 0
53025, 0, 1, 1, 0, 0, 0
53026, 0, 1, 1, 0, 0, 0
53027, 0, 1, 1, 0, 0, 0
53028, 0, 1, 1, 0, 0, 0
53029, 0, 1, 1, 0, 0, 0
53030, 0, 1, 1, 0, 0, 0
53031, 0, 1, 1, 0, 0, 0
53032, 0, 1, 1, 0, 0, 0
53033, 0, 1, 1, 0, 0, 0
53034, 1, 1, 1, 0, 1, 0
53035, 0, 1, 1, 0, 0, 0
53036, 0, 1, 1, 0, 0, 0
53037, 0, 1, 1, 0, 0, 0
53038, 0, 1, 1, 0, 0, 0
53039, 0, 1, 1, 0, 0, 0
53040, 0, 1, 1, 0, 0, 0
53041, 0, 1, 1, 0, 0, 0
53042, 0, 1, 1, 0, 0, 0
53043, 0, 1, 1, 0, 0, 0
53044, 0, 1, 1, 0, 0, 0
53045, 0, 1, 1, 0, 0, 0
53046, 1, 1, 1, 0, 1, 0
53047, 0, 1, 1, 0, 0, 0
53048, 0, 1, 1, 0, 0, 0
53049, 0, 1, 1, 0, 0, 0
53050, 0, 1, 1, 0, 0, 0
53051, 0, 1, 1, 0, 0, 0
53052, 5, 1, 1, 0, 5, 0
53053, 0, 1, 1, 0, 0, 0
53054, 0, 1, 1, 0, 0, 0
53055, 0, 1, 1, 0, 0, 0
53056, 0, 1, 1, 0, 0, 0
7506, 0, 1, 1, 0, 0, 0
47017, 0, 2, 2, 0, 0, 0
47018, 4, 2, 2, 0, 2, 2
7516, 0, 1, 1, 0, 0, 0
7518, 3, 1, 1, 0, 3, 0
7519, 0, 1, 1, 0, 0, 0
7523, 0, 1, 1, 0, 0, 0
7524, 0, 1, 1, 0, 0, 0
7526, 0, 2, 1, 1, 0, 0
7528, 0, 1, 1, 0, 0, 0
7529, 0, 1, 1, 0, 0, 0
7530, 0, 1, 1, 0, 0, 0
13767, 0, 2, 2, 0, 0, 0
13768, 1, 1, 1, 0, 1, 0
13770, 0, 1, 1, 0, 0, 0
53057, 1, 1, 1, 0, 1, 0
25643, 0, 1, 1, 0, 0, 0
25644, 2, 1, 1, 0, 1, 1
25645, 8, 1, 1, 0, 8, 0
53058, 2, 2, 2, 0, 2, 0
53059, 2, 2, 2, 0, 2, 0
53060, 0, 1, 1, 0, 0, 0
36685, 0, 4, 4, 0, 0, 0
53063, 0, 1, 1, 0, 0, 0
53064, 1, 1, 1, 0, 1, 0
7537, 40, 1, 1, 0, 22, 18
7538, 1, 2, 2, 0, 1, 0
7541, 0, 1, 1, 0, 0, 0
7542, 6, 2, 0, 2, 5, 1
46403, 0, 5, 5, 0, 0, 0
7543, 3, 0, 0, 0, 3, 0
53065, 0, 1, 1, 0, 0, 0
53066, 0, 1, 1, 0, 0, 0
35642, 8, 5, 5, 0, 6, 2
35644, 1, 2, 2, 0, 1, 0
53067, 0, 2, 2, 0, 0, 0
53068, 0, 1, 1, 0, 0, 0
53069, 0, 1, 1, 0, 0, 0
53070, 0, 1, 0, 1, 0, 0
14226, 0, 2, 1, 1, 0, 0
24696, 0, 3, 2, 1, 0, 0
32440, 0, 2, 0, 2, 0, 0
32670, 0, 2, 2, 0, 0, 0
32672, 0, 4, 4, 0, 0, 0
32673, 0, 2, 2, 0, 0, 0
32674, 5, 2, 2, 0, 5, 0
32675, 0, 1, 1, 0, 0, 0
32676, 76, 2, 2, 0, 76, 0
32678, 0, 1, 1, 0, 0, 0
32680, 0, 1, 0, 1, 0, 0
32681, 2, 1, 0, 1, 2, 0
32682, 0, 1, 0, 1, 0, 0
32683, 0, 1, 0, 1, 0, 0
32684, 2, 1, 0, 1, 2, 0
32685, 2, 1, 0, 1, 1, 1
32687, 0, 1, 0, 1, 0, 0
32688, 0, 1, 0, 1, 0, 0
32689, 0, 4, 0, 4, 0, 0
32690, 5, 2, 0, 2, 2, 3
29437, 30, 1, 1, 0, 28, 2
53172, 1, 1, 1, 0, 1, 0
53173, 1, 1, 1, 0, 1, 0
53174, 0, 11, 8, 3, 0, 0
18653, 8, 2, 2, 0, 7, 1
31205, 0, 4, 4, 0, 0, 0
44330, 15, 2, 2, 0, 13, 2
45682, 0, 1, 1, 0, 0, 0
45684, 0, 3, 3, 0, 0, 0
16897, 0, 2, 1, 1, 0, 0
30677, 4, 1, 1, 0, 4, 0
37869, 0, 2, 2, 0, 0, 0
37870, 0, 1, 1, 0, 0, 0
37872, 0, 1, 1, 0, 0, 0
37877, 0, 1, 1, 0, 0, 0
10554, 0, 9, 9, 0, 0, 0
27493, 13, 6, 4, 2, 13, 0
29824, 0, 6, 5, 1, 0, 0
30679, 0, 2, 2, 0, 0, 0
38507, 0, 2, 1, 1, 0, 0
50682, 0, 3, 2, 1, 0, 0
52702, 5, 1, 1, 0, 3, 2
53079, 0, 1, 1, 0, 0, 0
53080, 23, 1, 1, 0, 23, 0
53081, 1, 1, 1, 0, 1, 0
53082, 0, 2, 2, 0, 0, 0
53083, 0, 1, 1, 0, 0, 0
53084, 0, 1, 1, 0, 0, 0
53085, 0, 1, 1, 0, 0, 0
53086, 0, 1, 1, 0, 0, 0
53087, 0, 1, 1, 0, 0, 0
53088, 0, 2, 1, 1, 0, 0
53089, 0, 1, 1, 0, 0, 0
53090, 0, 3, 2, 1, 0, 0
53091, 0, 1, 1, 0, 0, 0
53092, 18, 3, 2, 1, 16, 2
53093, 0, 1, 1, 0, 0, 0
53094, 1, 1, 1, 0, 1, 0
53095, 0, 1, 0, 1, 0, 0
53096, 0, 1, 0, 1, 0, 0
53097, 0, 1, 0, 1, 0, 0
53098, 0, 1, 0, 1, 0, 0
53099, 0, 1, 0, 1, 0, 0
53100, 2, 3, 0, 3, 1, 1
53101, 0, 1, 0, 1, 0, 0
53102, 0, 4, 0, 4, 0, 0
53103, 0, 3, 2, 1, 0, 0
53175, 0, 3, 3, 0, 0, 0
19077, 0, 1, 1, 0, 0, 0
19390, 1, 11, 1, 10, 0, 1
28105, 11, 8, 8, 0, 6, 5
34790, 3, 12, 1, 11, 2, 1
44962, 4, 5, 2, 3, 3, 1
48929, 1, 3, 3, 0, 1, 0
48930, 9, 5, 3, 2, 9, 0
48931, 0, 1, 1, 0, 0, 0
48932, 11, 3, 2, 1, 2, 9
48933, 0, 2, 2, 0, 0, 0
48934, 0, 4, 1, 3, 0, 0
48936, 15, 8, 1, 7, 0, 15
48938, 0, 1, 1, 0, 0, 0
48939, 0, 2, 1, 1, 0, 0
48940, 1, 1, 1, 0, 0, 1
48941, 0, 3, 3, 0, 0, 0
48942, 0, 3, 1, 2, 0, 0
48943, 0, 1, 1, 0, 0, 0
48944, 0, 2, 1, 1, 0, 0
48945, 3, 3, 3, 0, 3, 0
48946, 6, 2, 1, 1, 2, 4
48947, 0, 2, 2, 0, 0, 0
24633, 5, 9, 5, 4, 5, 0
33062, 9, 5, 3, 2, 7, 2
53176, 0, 5, 5, 0, 0, 0
53177, 0, 5, 3, 2, 0, 0
12818, 0, 6, 6, 0, 0, 0
38593, 0, 2, 2, 0, 0, 0
48801, 2, 2, 2, 0, 2, 0
53178, 0, 1, 1, 0, 0, 0
53179, 0, 1, 1, 0, 0, 0
16458, 0, 7, 7, 0, 0, 0
19319, 0, 1, 1, 0, 0, 0
19320, 0, 2, 2, 0, 0, 0
19321, 7, 1, 1, 0, 7, 0
19324, 2, 1, 1, 0, 2, 0
19325, 2, 1, 1, 0, 2, 0
19327, 1, 1, 1, 0, 1, 0
19330, 1, 2, 2, 0, 1, 0
19332, 0, 1, 1, 0, 0, 0
19335, 0, 1, 1, 0, 0, 0
19899, 11, 7, 7, 0, 11, 0
20211, 0, 1, 1, 0, 0, 0
20216, 5, 2, 2, 0, 5, 0
20217, 1, 2, 2, 0, 1, 0
20220, 6, 1, 1, 0, 6, 0
20221, 0, 1, 1, 0, 0, 0
20222, 0, 1, 1, 0, 0, 0
20223, 0, 1, 1, 0, 0, 0
20225, 1, 2, 2, 0, 1, 0
20226, 0, 2, 2, 0, 0, 0
53180, 0, 1, 1, 0, 0, 0
53181, 0, 4, 4, 0, 0, 0
53182, 1, 1, 1, 0, 1, 0
13251, 1, 4, 3, 1, 0, 1
13340, 0, 1, 1, 0, 0, 0
13342, 2, 2, 2, 0, 2, 0
13346, 0, 1, 1, 0, 0, 0
13352, 0, 1, 1, 0, 0, 0
13354, 0, 3, 3, 0, 0, 0
13357, 2, 1, 1, 0, 1, 1
13363, 1, 1, 1, 0, 1, 0
13368, 0, 2, 1, 1, 0, 0
19252, 0, 5, 5, 0, 0, 0
53183, 1, 1, 1, 0, 1, 0
53184, 0, 2, 2, 0, 0, 0
53185, 0, 4, 3, 1, 0, 0
53186, 0, 3, 3, 0, 0, 0
53187, 0, 1, 1, 0, 0, 0
53188, 0, 1, 1, 0, 0, 0
24992, 6, 3, 3, 0, 6, 0
24997, 5, 4, 4, 0, 3, 2
24998, 0, 1, 1, 0, 0, 0
36833, 0, 6, 6, 0, 0, 0
11854, 13, 5, 4, 1, 11, 2
16756, 18, 9, 5, 4, 17, 1
49502, 0, 3, 1, 2, 0, 0
53189, 18, 1, 0, 1, 18, 0
53190, 0, 1, 0, 1, 0, 0
32654, 0, 8, 8, 0, 0, 0
53191, 0, 2, 2, 0, 0, 0
53192, 2, 1, 1, 0, 1, 1
53193, 0, 1, 0, 1, 0, 0
19294, 8, 2, 2, 0, 8, 0
53194, 0, 1, 1, 0, 0, 0
17166, 15, 6, 6, 0, 15, 0
17292, 20, 7, 6, 1, 20, 0
19471, 8, 7, 7, 0, 7, 1
19703, 0, 2, 2, 0, 0, 0
22086, 0, 3, 3, 0, 0, 0
24118, 2, 6, 5, 1, 2, 0
25046, 7, 2, 1, 1, 5, 2
25049, 0, 2, 2, 0, 0, 0
25052, 0, 2, 2, 0, 0, 0
25054, 0, 1, 1, 0, 0, 0
25059, 1, 8, 8, 0, 1, 0
25060, 0, 1, 1, 0, 0, 0
25061, 0, 1, 1, 0, 0, 0
25062, 0, 2, 2, 0, 0, 0
25066, 0, 1, 1, 0, 0, 0
25068, 0, 2, 2, 0, 0, 0
25071, 0, 4, 4, 0, 0, 0
25072, 0, 2, 1, 1, 0, 0
25076, 0, 1, 1, 0, 0, 0
25077, 1, 1, 1, 0, 1, 0
25079, 0, 1, 1, 0, 0, 0
25080, 1, 3, 3, 0, 1, 0
25083, 1, 3, 3, 0, 1, 0
25088, 0, 1, 1, 0, 0, 0
25091, 1, 2, 2, 0, 1, 0
25092, 0, 1, 1, 0, 0, 0
25093, 0, 1, 1, 0, 0, 0
25094, 0, 1, 1, 0, 0, 0
25095, 0, 1, 1, 0, 0, 0
25096, 0, 1, 1, 0, 0, 0
25097, 1, 1, 1, 0, 1, 0
25099, 1, 1, 1, 0, 1, 0
25100, 0, 2, 2, 0, 0, 0
25102, 0, 1, 1, 0, 0, 0
25103, 3, 2, 2, 0, 2, 1
25104, 0, 5, 5, 0, 0, 0
25106, 1, 5, 5, 0, 1, 0
25107, 0, 3, 3, 0, 0, 0
25112, 0, 1, 1, 0, 0, 0
25115, 1, 5, 5, 0, 1, 0
25119, 0, 1, 1, 0, 0, 0
46364, 0, 2, 1, 1, 0, 0
8240, 3, 5, 4, 1, 3, 0
53195, 1, 2, 0, 2, 0, 1
14113, 0, 1, 1, 0, 0, 0
14114, 17, 2, 2, 0, 7, 10
14116, 0, 1, 1, 0, 0, 0
26395, 41, 3, 3, 0, 37, 4
27559, 5, 10, 5, 5, 3, 2
31185, 0, 3, 3, 0, 0, 0
37259, 0, 4, 2, 2, 0, 0
37260, 0, 1, 1, 0, 0, 0
37261, 0, 1, 1, 0, 0, 0
37266, 0, 2, 1, 1, 0, 0
37267, 4, 4, 4, 0, 4, 0
37268, 0, 1, 1, 0, 0, 0
37270, 2, 1, 1, 0, 2, 0
37271, 0, 1, 1, 0, 0, 0
37272, 0, 1, 1, 0, 0, 0
37275, 0, 1, 1, 0, 0, 0
22844, 0, 2, 2, 0, 0, 0
22848, 0, 1, 1, 0, 0, 0
22850, 0, 4, 2, 2, 0, 0
34247, 0, 2, 2, 0, 0, 0
9700, 0, 5, 5, 0, 0, 0
44686, 4, 3, 3, 0, 4, 0
46187, 0, 3, 2, 1, 0, 0
50183, 0, 1, 1, 0, 0, 0
11526, 0, 10, 7, 3, 0, 0
13326, 0, 2, 1, 1, 0, 0
29960, 0, 4, 3, 1, 0, 0
37884, 0, 2, 2, 0, 0, 0
37886, 0, 2, 2, 0, 0, 0
37887, 14, 1, 1, 0, 11, 3
37888, 0, 1, 1, 0, 0, 0
53196, 0, 1, 1, 0, 0, 0
53197, 2, 1, 1, 0, 2, 0
53198, 1, 2, 2, 0, 1, 0
18556, 0, 5, 4, 1, 0, 0
53160, 7, 3, 3, 0, 6, 1
53161, 0, 1, 1, 0, 0, 0
41720, 3, 1, 1, 0, 3, 0
44700, 0, 4, 3, 1, 0, 0
44701, 1, 2, 1, 1, 1, 0
14338, 0, 2, 2, 0, 0, 0
14340, 3, 2, 2, 0, 3, 0
14341, 11, 7, 5, 2, 9, 2
14346, 0, 2, 2, 0, 0, 0
14350, 0, 5, 5, 0, 0, 0
14358, 3, 4, 4, 0, 3, 0
34597, 0, 2, 2, 0, 0, 0
37939, 8, 4, 3, 1, 7, 1
37940, 8, 3, 3, 0, 7, 1
37941, 20, 2, 1, 1, 15, 5
37944, 0, 2, 0, 2, 0, 0
20390, 12, 5, 5, 0, 12, 0
20391, 1, 4, 4, 0, 1, 0
20393, 7, 3, 3, 0, 5, 2
20396, 0, 5, 5, 0, 0, 0
53199, 5, 3, 3, 0, 5, 0
53200, 6, 1, 1, 0, 6, 0
9292, 0, 4, 3, 1, 0, 0
18437, 3, 4, 4, 0, 2, 1
53201, 0, 1, 1, 0, 0, 0
53202, 3, 1, 1, 0, 3, 0
53203, 0, 1, 1, 0, 0, 0
53204, 0, 2, 0, 2, 0, 0
53205, 2, 3, 0, 3, 1, 1
12271, 1, 2, 2, 0, 1, 0
18584, 20, 9, 5, 4, 16, 4
31283, 1, 4, 4, 0, 1, 0
32911, 0, 3, 3, 0, 0, 0
41955, 1, 2, 2, 0, 1, 0
44183, 0, 3, 2, 1, 0, 0
45740, 0, 1, 1, 0, 0, 0
45741, 2, 1, 1, 0, 1, 1
45742, 0, 3, 2, 1, 0, 0
45743, 11, 2, 2, 0, 11, 0
45744, 11, 1, 1, 0, 10, 1
45746, 0, 1, 1, 0, 0, 0
9506, 0, 4, 3, 1, 0, 0
10412, 0, 4, 3, 1, 0, 0
16834, 4, 4, 0, 4, 4, 0
27815, 3, 2, 2, 0, 3, 0
27967, 0, 3, 2, 1, 0, 0
30547, 0, 1, 1, 0, 0, 0
30548, 0, 3, 2, 1, 0, 0
30549, 14, 2, 2, 0, 9, 5
30550, 0, 1, 1, 0, 0, 0
30554, 0, 1, 1, 0, 0, 0
30557, 0, 1, 0, 1, 0, 0
30560, 0, 1, 0, 1, 0, 0
30564, 22, 3, 2, 1, 21, 1
30567, 0, 4, 3, 1, 0, 0
30568, 0, 1, 0, 1, 0, 0
30569, 2, 5, 1, 4, 1, 1
30571, 0, 1, 0, 1, 0, 0
30572, 6, 2, 1, 1, 5, 1
30573, 0, 1, 0, 1, 0, 0
30574, 0, 1, 0, 1, 0, 0
30575, 0, 2, 1, 1, 0, 0
30576, 0, 2, 1, 1, 0, 0
29392, 1, 4, 3, 1, 1, 0
50323, 15, 1, 1, 0, 8, 7
50324, 8, 1, 1, 0, 8, 0
50325, 0, 1, 1, 0, 0, 0
50326, 0, 1, 0, 1, 0, 0
53206, 1, 1, 0, 1, 1, 0
53207, 0, 1, 1, 0, 0, 0
53208, 0, 2, 2, 0, 0, 0
53209, 0, 3, 3, 0, 0, 0
53210, 2, 5, 4, 1, 2, 0
53211, 4, 1, 1, 0, 4, 0
53212, 11, 2, 1, 1, 11, 0
11134, 1, 6, 6, 0, 1, 0
14432, 0, 3, 3, 0, 0, 0
16328, 9, 2, 2, 0, 8, 1
30674, 0, 2, 1, 1, 0, 0
42524, 0, 1, 1, 0, 0, 0
42525, 0, 3, 3, 0, 0, 0
42528, 2, 1, 1, 0, 2, 0
42529, 41, 1, 1, 0, 41, 0
42530, 0, 1, 1, 0, 0, 0
42531, 0, 2, 1, 1, 0, 0
42532, 4, 5, 2, 3, 3, 1
9041, 32, 2, 0, 2, 12, 20
9583, 0, 2, 0, 2, 0, 0
10432, 0, 2, 0, 2, 0, 0
11887, 0, 4, 0, 4, 0, 0
23348, 1, 5, 3, 2, 1, 0
23921, 0, 8, 5, 3, 0, 0
24002, 0, 8, 2, 6, 0, 0
27476, 0, 11, 8, 3, 0, 0
44061, 1, 2, 0, 2, 0, 1
46042, 0, 2, 1, 1, 0, 0
46043, 0, 1, 1, 0, 0, 0
46045, 1, 3, 2, 1, 1, 0
46046, 3, 3, 0, 3, 3, 0
46048, 0, 1, 0, 1, 0, 0
46049, 12, 1, 0, 1, 11, 1
46050, 0, 3, 2, 1, 0, 0
46051, 1, 1, 0, 1, 0, 1
46054, 0, 1, 0, 1, 0, 0
46055, 56, 5, 3, 2, 9, 47
46056, 1, 2, 1, 1, 1, 0
34083, 0, 1, 1, 0, 0, 0
34084, 2, 1, 1, 0, 2, 0
34085, 0, 1, 1, 0, 0, 0
34087, 2, 1, 1, 0, 2, 0
34089, 0, 1, 0, 1, 0, 0
23091, 1, 1, 1, 0, 1, 0
13826, 0, 4, 4, 0, 0, 0
34681, 0, 1, 1, 0, 0, 0
34682, 0, 1, 1, 0, 0, 0
34683, 8, 6, 6, 0, 8, 0
34685, 0, 1, 1, 0, 0, 0
34686, 0, 1, 1, 0, 0, 0
34687, 1, 1, 1, 0, 1, 0
34688, 0, 1, 1, 0, 0, 0
34689, 0, 2, 2, 0, 0, 0
34690, 0, 1, 0, 1, 0, 0
41852, 3, 3, 3, 0, 3, 0
41853, 0, 1, 1, 0, 0, 0
41854, 0, 1, 1, 0, 0, 0
53213, 1, 2, 2, 0, 0, 1
13204, 2, 3, 1, 2, 2, 0
16874, 0, 3, 2, 1, 0, 0
23121, 0, 3, 1, 2, 0, 0
24621, 19, 6, 4, 2, 15, 4
29657, 9, 2, 1, 1, 5, 4
35183, 11, 2, 1, 1, 10, 1
38617, 0, 2, 0, 2, 0, 0
46156, 7, 5, 2, 3, 7, 0
46998, 0, 3, 1, 2, 0, 0
50889, 0, 2, 0, 2, 0, 0
53216, 0, 1, 0, 1, 0, 0
53217, 0, 1, 0, 1, 0, 0
53218, 0, 2, 0, 2, 0, 0
53219, 0, 1, 0, 1, 0, 0
53220, 2, 3, 2, 1, 2, 0
53221, 0, 1, 0, 1, 0, 0
53222, 0, 2, 1, 1, 0, 0
53223, 0, 1, 0, 1, 0, 0
53224, 0, 1, 0, 1, 0, 0
53225, 0, 2, 1, 1, 0, 0
53226, 0, 1, 0, 1, 0, 0
53227, 0, 1, 0, 1, 0, 0
53228, 0, 1, 0, 1, 0, 0
53229, 0, 1, 0, 1, 0, 0
53230, 0, 1, 0, 1, 0, 0
53231, 0, 1, 0, 1, 0, 0
53232, 3, 3, 1, 2, 2, 1
53233, 0, 3, 1, 2, 0, 0
53234, 0, 1, 0, 1, 0, 0
53235, 0, 1, 0, 1, 0, 0
53236, 0, 1, 0, 1, 0, 0
53237, 1, 1, 1, 0, 1, 0
24926, 0, 2, 1, 1, 0, 0
26254, 0, 8, 6, 2, 0, 0
44007, 9, 4, 2, 2, 6, 3
44008, 2, 1, 0, 1, 2, 0
44010, 0, 1, 0, 1, 0, 0
44011, 13, 4, 2, 2, 2, 11
44012, 0, 2, 0, 2, 0, 0
44013, 0, 1, 0, 1, 0, 0
44014, 0, 2, 1, 1, 0, 0
44015, 0, 1, 0, 1, 0, 0
53238, 0, 2, 2, 0, 0, 0
32565, 0, 6, 4, 2, 0, 0
32566, 0, 2, 2, 0, 0, 0
32569, 0, 1, 1, 0, 0, 0
32570, 2, 1, 1, 0, 2, 0
32573, 1, 4, 3, 1, 1, 0
13279, 4, 4, 2, 2, 1, 3
53239, 0, 1, 1, 0, 0, 0
53240, 0, 7, 7, 0, 0, 0
53241, 0, 1, 1, 0, 0, 0
53242, 1, 2, 1, 1, 1, 0
37439, 0, 4, 1, 3, 0, 0
53243, 13, 1, 1, 0, 13, 0
53244, 0, 1, 1, 0, 0, 0
53245, 0, 1, 1, 0, 0, 0
53246, 0, 1, 0, 1, 0, 0
14530, 5, 5, 5, 0, 4, 1
23622, 0, 4, 2, 2, 0, 0
14122, 0, 3, 1, 2, 0, 0
18785, 1, 5, 3, 2, 1, 0
19701, 0, 4, 3, 1, 0, 0
19908, 0, 6, 3, 3, 0, 0
24742, 0, 2, 1, 1, 0, 0
27016, 8, 6, 5, 1, 8, 0
30651, 6, 2, 1, 1, 5, 1
34244, 0, 2, 2, 0, 0, 0
36411, 0, 1, 1, 0, 0, 0
36413, 0, 2, 1, 1, 0, 0
36414, 1, 2, 1, 1, 0, 1
36416, 0, 1, 0, 1, 0, 0
36417, 0, 1, 0, 1, 0, 0
36418, 3, 1, 0, 1, 3, 0
36420, 4, 2, 0, 2, 4, 0
36421, 0, 1, 0, 1, 0, 0
36422, 0, 1, 0, 1, 0, 0
36423, 0, 1, 0, 1, 0, 0
36425, 0, 1, 0, 1, 0, 0
36426, 1, 3, 1, 2, 0, 1
36428, 20, 5, 4, 1, 20, 0
36431, 0, 1, 0, 1, 0, 0
36432, 8, 2, 1, 1, 6, 2
36435, 3, 1, 0, 1, 3, 0
36436, 0, 1, 0, 1, 0, 0
36437, 0, 6, 1, 5, 0, 0
36439, 0, 1, 0, 1, 0, 0
36440, 0, 1, 0, 1, 0, 0
36441, 0, 1, 0, 1, 0, 0
50163, 1, 2, 1, 1, 1, 0
35533, 0, 4, 1, 3, 0, 0
53247, 0, 3, 3, 0, 0, 0
36458, 1, 2, 0, 2, 1, 0
41507, 1, 4, 2, 2, 0, 1
53248, 0, 1, 0, 1, 0, 0
53249, 8, 5, 4, 1, 8, 0
53250, 0, 1, 0, 1, 0, 0
53251, 2, 2, 0, 2, 2, 0
53252, 0, 1, 0, 1, 0, 0
53253, 0, 1, 0, 1, 0, 0
53254, 0, 1, 0, 1, 0, 0
53255, 3, 1, 0, 1, 1, 2
53256, 0, 1, 0, 1, 0, 0
53257, 0, 1, 0, 1, 0, 0
53258, 1, 3, 0, 3, 1, 0
53259, 2, 2, 0, 2, 2, 0
53260, 0, 1, 0, 1, 0, 0
53261, 0, 1, 0, 1, 0, 0
53262, 0, 1, 0, 1, 0, 0
53263, 2, 1, 0, 1, 2, 0
53264, 1, 1, 0, 1, 1, 0
53265, 0, 1, 0, 1, 0, 0
53266, 0, 2, 1, 1, 0, 0
53267, 0, 2, 0, 2, 0, 0
53268, 0, 1, 0, 1, 0, 0
53269, 8, 4, 2, 2, 7, 1
53270, 0, 1, 0, 1, 0, 0
53271, 0, 1, 0, 1, 0, 0
53272, 0, 1, 0, 1, 0, 0
53273, 0, 1, 0, 1, 0, 0
53274, 0, 2, 0, 2, 0, 0
53275, 1, 1, 0, 1, 0, 1
53276, 0, 1, 0, 1, 0, 0
53277, 0, 1, 0, 1, 0, 0
53278, 0, 1, 0, 1, 0, 0
53279, 0, 1, 0, 1, 0, 0
53280, 0, 1, 0, 1, 0, 0
53281, 0, 1, 0, 1, 0, 0
53282, 13, 2, 0, 2, 5, 8
53283, 1, 3, 2, 1, 1, 0
9696, 0, 5, 4, 1, 0, 0
22756, 0, 6, 4, 2, 0, 0
34310, 0, 3, 0, 3, 0, 0
34392, 0, 2, 1, 1, 0, 0
35663, 0, 2, 0, 2, 0, 0
35684, 0, 4, 0, 4, 0, 0
48085, 0, 4, 2, 2, 0, 0
53284, 0, 1, 0, 1, 0, 0
53285, 0, 1, 0, 1, 0, 0
53286, 0, 2, 0, 2, 0, 0
53287, 2, 4, 2, 2, 2, 0
53288, 1, 5, 4, 1, 1, 0
53289, 0, 2, 1, 1, 0, 0
53290, 0, 1, 0, 1, 0, 0
53291, 0, 1, 0, 1, 0, 0
53292, 0, 1, 0, 1, 0, 0
53293, 0, 2, 0, 2, 0, 0
53294, 0, 1, 0, 1, 0, 0
53295, 0, 1, 0, 1, 0, 0
40499, 0, 4, 0, 4, 0, 0
53296, 0, 3, 3, 0, 0, 0
17356, 0, 3, 2, 1, 0, 0
53297, 0, 2, 2, 0, 0, 0
53298, 1, 1, 1, 0, 1, 0
9614, 0, 3, 2, 1, 0, 0
19777, 5, 2, 1, 1, 5, 0
21316, 0, 3, 3, 0, 0, 0
22878, 0, 2, 1, 1, 0, 0
32486, 0, 4, 2, 2, 0, 0
36947, 4, 10, 6, 4, 4, 0
44897, 2, 2, 1, 1, 2, 0
53299, 0, 1, 1, 0, 0, 0
53300, 3, 1, 1, 0, 1, 2
53301, 0, 1, 1, 0, 0, 0
53302, 0, 2, 2, 0, 0, 0
53303, 1, 2, 2, 0, 1, 0
53304, 0, 1, 1, 0, 0, 0
53305, 1, 2, 2, 0, 1, 0
53306, 0, 1, 0, 1, 0, 0
53307, 0, 1, 0, 1, 0, 0
53308, 0, 1, 0, 1, 0, 0
53309, 0, 1, 0, 1, 0, 0
53310, 1, 1, 0, 1, 1, 0
53311, 1, 2, 0, 2, 1, 0
53312, 0, 2, 1, 1, 0, 0
53313, 0, 1, 0, 1, 0, 0
53314, 0, 2, 1, 1, 0, 0
53315, 0, 2, 0, 2, 0, 0
37930, 0, 5, 2, 3, 0, 0
43767, 0, 1, 0, 1, 0, 0
53316, 0, 1, 1, 0, 0, 0
53317, 0, 2, 2, 0, 0, 0
53318, 0, 4, 4, 0, 0, 0
53319, 0, 1, 1, 0, 0, 0
47099, 0, 4, 4, 0, 0, 0
33681, 0, 2, 2, 0, 0, 0
52097, 0, 1, 1, 0, 0, 0
52098, 0, 1, 1, 0, 0, 0
52099, 0, 1, 1, 0, 0, 0
53320, 0, 1, 1, 0, 0, 0
53321, 0, 1, 0, 1, 0, 0
53322, 19, 1, 1, 0, 1, 18
37181, 4, 3, 3, 0, 4, 0
45827, 0, 1, 1, 0, 0, 0
45829, 61, 3, 3, 0, 57, 4
45830, 1, 2, 2, 0, 1, 0
45831, 0, 1, 1, 0, 0, 0
53323, 0, 2, 1, 1, 0, 0
53324, 0, 1, 1, 0, 0, 0
15611, 1, 4, 3, 1, 1, 0
45041, 3, 2, 2, 0, 3, 0
50198, 13, 9, 7, 2, 11, 2
53325, 2, 1, 1, 0, 1, 1
53326, 0, 1, 1, 0, 0, 0
53327, 0, 2, 0, 2, 0, 0
53328, 0, 1, 0, 1, 0, 0
53329, 0, 1, 0, 1, 0, 0
53330, 0, 1, 0, 1, 0, 0
7664, 4, 2, 2, 0, 4, 0
7666, 2, 0, 0, 0, 2, 0
53331, 0, 1, 1, 0, 0, 0
46301, 0, 1, 0, 1, 0, 0
46302, 0, 1, 0, 1, 0, 0
14924, 0, 1, 1, 0, 0, 0
21148, 1, 1, 1, 0, 0, 1
21149, 0, 1, 0, 1, 0, 0
21153, 0, 1, 0, 1, 0, 0
21154, 0, 1, 0, 1, 0, 0
21155, 2, 2, 1, 1, 2, 0
21156, 0, 1, 0, 1, 0, 0
21157, 0, 1, 0, 1, 0, 0
21158, 13, 10, 9, 1, 13, 0
53332, 2, 1, 1, 0, 1, 1
53333, 1, 2, 2, 0, 1, 0
53334, 0, 1, 1, 0, 0, 0
53335, 8, 3, 1, 2, 4, 4
53336, 0, 1, 1, 0, 0, 0
11488, 5, 1, 1, 0, 5, 0
11489, 0, 1, 1, 0, 0, 0
22538, 3, 2, 2, 0, 0, 3
53337, 0, 1, 1, 0, 0, 0
53338, 0, 1, 0, 1, 0, 0
53339, 0, 7, 7, 0, 0, 0
53340, 0, 2, 2, 0, 0, 0
18227, 4, 3, 3, 0, 4, 0
30450, 0, 6, 6, 0, 0, 0
53341, 0, 3, 3, 0, 0, 0
53342, 0, 1, 1, 0, 0, 0
53343, 3, 2, 2, 0, 3, 0
53344, 0, 2, 0, 2, 0, 0
53345, 2, 1, 0, 1, 2, 0
18071, 4, 8, 7, 1, 2, 2
18073, 0, 6, 6, 0, 0, 0
53346, 0, 1, 1, 0, 0, 0
22053, 1, 1, 1, 0, 1, 0
33124, 2, 2, 2, 0, 2, 0
52086, 0, 3, 3, 0, 0, 0
53347, 0, 1, 1, 0, 0, 0
53348, 0, 1, 1, 0, 0, 0
53349, 0, 3, 3, 0, 0, 0
53350, 0, 1, 1, 0, 0, 0
53351, 0, 1, 1, 0, 0, 0
53352, 0, 2, 1, 1, 0, 0
53353, 1, 1, 1, 0, 0, 1
53354, 0, 1, 1, 0, 0, 0
53355, 0, 1, 1, 0, 0, 0
53356, 1, 1, 1, 0, 0, 1
53357, 2, 1, 1, 0, 0, 2
53358, 9, 1, 1, 0, 3, 6
53359, 3, 1, 1, 0, 1, 2
18607, 0, 1, 1, 0, 0, 0
12628, 0, 2, 2, 0, 0, 0
24667, 0, 2, 2, 0, 0, 0
53360, 0, 1, 0, 1, 0, 0
13258, 0, 4, 2, 2, 0, 0
21044, 2, 3, 0, 3, 0, 2
21734, 0, 2, 2, 0, 0, 0
44237, 0, 10, 10, 0, 0, 0
46265, 0, 1, 1, 0, 0, 0
46267, 0, 1, 1, 0, 0, 0
53361, 1, 2, 2, 0, 1, 0
53362, 0, 1, 1, 0, 0, 0
53363, 0, 1, 1, 0, 0, 0
53364, 2, 2, 2, 0, 2, 0
53365, 0, 1, 1, 0, 0, 0
53366, 0, 1, 1, 0, 0, 0
53367, 0, 1, 1, 0, 0, 0
53368, 0, 1, 1, 0, 0, 0
53369, 0, 1, 1, 0, 0, 0
23660, 0, 2, 1, 1, 0, 0
30851, 0, 5, 5, 0, 0, 0
36721, 0, 1, 1, 0, 0, 0
52135, 0, 2, 2, 0, 0, 0
53370, 0, 1, 1, 0, 0, 0
53371, 3, 2, 2, 0, 3, 0
53372, 2, 1, 1, 0, 2, 0
13385, 0, 2, 1, 1, 0, 0
12423, 0, 1, 1, 0, 0, 0
12425, 6, 10, 4, 6, 3, 3
12426, 0, 1, 0, 1, 0, 0
12428, 0, 1, 0, 1, 0, 0
12433, 0, 2, 0, 2, 0, 0
17789, 6, 6, 4, 2, 6, 0
53373, 0, 1, 1, 0, 0, 0
53374, 0, 1, 1, 0, 0, 0
53375, 0, 1, 1, 0, 0, 0
26499, 0, 1, 1, 0, 0, 0
29673, 2, 2, 2, 0, 2, 0
53378, 0, 3, 3, 0, 0, 0
39218, 5, 14, 12, 2, 5, 0
35440, 3, 3, 3, 0, 3, 0
53379, 0, 1, 1, 0, 0, 0
53380, 0, 3, 2, 1, 0, 0
53381, 1, 1, 1, 0, 1, 0
53382, 0, 1, 1, 0, 0, 0
53383, 0, 3, 2, 1, 0, 0
24226, 4, 1, 1, 0, 3, 1
24809, 0, 1, 1, 0, 0, 0
24810, 0, 2, 2, 0, 0, 0
24812, 0, 3, 3, 0, 0, 0
24817, 0, 2, 2, 0, 0, 0
53384, 8, 2, 1, 1, 6, 2
15008, 0, 1, 1, 0, 0, 0
15009, 0, 3, 3, 0, 0, 0
15010, 3, 4, 4, 0, 2, 1
15014, 0, 1, 1, 0, 0, 0
15015, 0, 1, 1, 0, 0, 0
15017, 0, 1, 1, 0, 0, 0
15018, 0, 2, 2, 0, 0, 0
11110, 2, 2, 2, 0, 2, 0
28312, 4, 4, 3, 1, 3, 1
45077, 2, 5, 5, 0, 2, 0
53385, 0, 1, 1, 0, 0, 0
53386, 0, 1, 1, 0, 0, 0
53387, 8, 1, 1, 0, 8, 0
53388, 0, 2, 0, 2, 0, 0
53389, 0, 6, 5, 1, 0, 0
50172, 0, 2, 2, 0, 0, 0
53390, 0, 4, 4, 0, 0, 0
35178, 0, 4, 4, 0, 0, 0
53391, 0, 1, 1, 0, 0, 0
53392, 0, 2, 2, 0, 0, 0
31157, 5, 12, 11, 1, 5, 0
49797, 0, 4, 4, 0, 0, 0
53393, 0, 1, 1, 0, 0, 0
53394, 0, 2, 2, 0, 0, 0
53395, 2, 4, 1, 3, 0, 2
53396, 18, 1, 1, 0, 1, 17
53397, 1, 2, 0, 2, 1, 0
20631, 1, 8, 6, 2, 1, 0
53398, 0, 1, 1, 0, 0, 0
53399, 0, 5, 5, 0, 0, 0
53400, 1, 2, 2, 0, 1, 0
23831, 0, 1, 1, 0, 0, 0
53401, 0, 1, 1, 0, 0, 0
53402, 0, 1, 1, 0, 0, 0
27858, 0, 2, 2, 0, 0, 0
34169, 0, 2, 2, 0, 0, 0
18450, 0, 4, 4, 0, 0, 0
53403, 0, 1, 1, 0, 0, 0
53404, 1, 1, 1, 0, 1, 0
53405, 1, 3, 3, 0, 1, 0
20799, 2, 2, 2, 0, 2, 0
53406, 2, 1, 1, 0, 2, 0
18516, 1, 2, 1, 1, 1, 0
53407, 2, 2, 2, 0, 2, 0
53408, 1, 2, 2, 0, 1, 0
53409, 0, 1, 1, 0, 0, 0
53410, 0, 1, 1, 0, 0, 0
53411, 0, 1, 1, 0, 0, 0
53412, 1, 1, 1, 0, 1, 0
53413, 0, 1, 0, 1, 0, 0
53414, 0, 1, 1, 0, 0, 0
53415, 8, 6, 6, 0, 8, 0
53416, 0, 3, 2, 1, 0, 0
53417, 2, 1, 1, 0, 2, 0
53418, 1, 1, 1, 0, 1, 0
53419, 0, 1, 1, 0, 0, 0
53420, 0, 1, 1, 0, 0, 0
53448, 0, 1, 1, 0, 0, 0
53449, 0, 2, 2, 0, 0, 0
7826, 0, 1, 1, 0, 0, 0
7828, 0, 1, 1, 0, 0, 0
7830, 0, 2, 2, 0, 0, 0
45844, 0, 1, 1, 0, 0, 0
53450, 0, 6, 6, 0, 0, 0
13000, 0, 5, 4, 1, 0, 0
21294, 0, 6, 3, 3, 0, 0
29952, 0, 8, 8, 0, 0, 0
33918, 0, 1, 0, 1, 0, 0
33919, 0, 1, 0, 1, 0, 0
8339, 1, 8, 0, 8, 1, 0
19403, 0, 2, 2, 0, 0, 0
19405, 0, 2, 2, 0, 0, 0
20142, 0, 1, 1, 0, 0, 0
20145, 4, 3, 3, 0, 3, 1
20147, 0, 1, 1, 0, 0, 0
20148, 0, 1, 1, 0, 0, 0
20149, 0, 1, 1, 0, 0, 0
20151, 0, 1, 0, 1, 0, 0
20152, 0, 1, 0, 1, 0, 0
20153, 0, 1, 0, 1, 0, 0
20155, 0, 1, 0, 1, 0, 0
20158, 8, 6, 3, 3, 8, 0
20159, 0, 2, 0, 2, 0, 0
20160, 0, 2, 1, 1, 0, 0
20165, 0, 1, 0, 1, 0, 0
20166, 1, 1, 0, 1, 1, 0
20168, 0, 1, 0, 1, 0, 0
20169, 0, 1, 0, 1, 0, 0
20170, 0, 5, 0, 5, 0, 0
20172, 10, 7, 3, 4, 8, 2
20173, 0, 1, 0, 1, 0, 0
20175, 0, 2, 1, 1, 0, 0
20176, 7, 2, 1, 1, 7, 0
20177, 0, 3, 0, 3, 0, 0
20178, 2, 5, 4, 1, 2, 0
20179, 6, 2, 0, 2, 6, 0
20180, 0, 1, 0, 1, 0, 0
20185, 1, 1, 0, 1, 1, 0
20187, 0, 2, 1, 1, 0, 0
20188, 0, 1, 0, 1, 0, 0
20190, 1, 3, 1, 2, 1, 0
20191, 0, 1, 0, 1, 0, 0
20192, 3, 1, 0, 1, 3, 0
20195, 0, 2, 1, 1, 0, 0
20196, 0, 1, 0, 1, 0, 0
20197, 0, 2, 0, 2, 0, 0
20198, 0, 1, 0, 1, 0, 0
20200, 0, 1, 0, 1, 0, 0
20201, 2, 7, 5, 2, 2, 0
20203, 0, 3, 1, 2, 0, 0
20204, 0, 1, 0, 1, 0, 0
20205, 1, 2, 1, 1, 1, 0
20208, 0, 1, 0, 1, 0, 0
20209, 1, 1, 0, 1, 1, 0
15210, 0, 6, 6, 0, 0, 0
36341, 30, 6, 5, 1, 28, 2
53451, 0, 2, 2, 0, 0, 0
53452, 0, 1, 1, 0, 0, 0
53453, 4, 1, 1, 0, 4, 0
53454, 1, 2, 2, 0, 1, 0
53455, 0, 1, 1, 0, 0, 0
53456, 0, 2, 0, 2, 0, 0
53457, 0, 2, 0, 2, 0, 0
30206, 0, 8, 8, 0, 0, 0
35284, 0, 1, 1, 0, 0, 0
35285, 0, 1, 1, 0, 0, 0
35287, 0, 1, 1, 0, 0, 0
35288, 0, 1, 1, 0, 0, 0
35289, 0, 1, 1, 0, 0, 0
19728, 3, 4, 3, 1, 3, 0
51727, 3, 2, 1, 1, 3, 0
53458, 0, 1, 1, 0, 0, 0
53459, 0, 1, 1, 0, 0, 0
53460, 0, 4, 4, 0, 0, 0
53461, 0, 1, 1, 0, 0, 0
53462, 1, 2, 2, 0, 1, 0
53463, 0, 1, 1, 0, 0, 0
53464, 0, 2, 2, 0, 0, 0
53465, 0, 1, 1, 0, 0, 0
53466, 0, 1, 1, 0, 0, 0
23669, 0, 1, 1, 0, 0, 0
23670, 0, 3, 3, 0, 0, 0
23672, 0, 1, 1, 0, 0, 0
23673, 2, 1, 1, 0, 2, 0
23675, 2, 3, 3, 0, 2, 0
23677, 0, 2, 1, 1, 0, 0
28422, 4, 5, 5, 0, 4, 0
28423, 7, 5, 4, 1, 5, 2
28425, 4, 2, 2, 0, 4, 0
28426, 6, 2, 2, 0, 6, 0
28427, 0, 3, 3, 0, 0, 0
28428, 5, 1, 1, 0, 5, 0
9482, 0, 8, 7, 1, 0, 0
20516, 0, 1, 1, 0, 0, 0
20517, 0, 1, 1, 0, 0, 0
20518, 6, 4, 4, 0, 5, 1
20519, 2, 1, 1, 0, 1, 1
20520, 0, 1, 0, 1, 0, 0
20521, 3, 3, 1, 2, 1, 2
20524, 0, 1, 0, 1, 0, 0
20529, 0, 1, 0, 1, 0, 0
20533, 0, 1, 0, 1, 0, 0
20535, 3, 3, 2, 1, 2, 1
20537, 0, 1, 0, 1, 0, 0
20538, 0, 1, 0, 1, 0, 0
52186, 0, 4, 3, 1, 0, 0
53467, 0, 1, 0, 1, 0, 0
37776, 5, 3, 2, 1, 2, 3
53468, 4, 4, 3, 1, 4, 0
53469, 31, 3, 3, 0, 30, 1
53470, 12, 2, 2, 0, 12, 0
53471, 1, 1, 1, 0, 1, 0
8441, 34, 2, 2, 0, 33, 1
12370, 0, 3, 3, 0, 0, 0
33553, 0, 1, 1, 0, 0, 0
33554, 0, 2, 2, 0, 0, 0
33555, 2, 1, 1, 0, 2, 0
33557, 0, 3, 3, 0, 0, 0
33558, 0, 3, 3, 0, 0, 0
23755, 0, 3, 1, 2, 0, 0
41769, 22, 2, 2, 0, 15, 7
44363, 0, 5, 5, 0, 0, 0
45013, 0, 4, 4, 0, 0, 0
45848, 1, 1, 1, 0, 1, 0
45849, 0, 1, 1, 0, 0, 0
45850, 0, 1, 1, 0, 0, 0
45851, 1, 2, 2, 0, 1, 0
45853, 0, 1, 1, 0, 0, 0
45854, 0, 1, 1, 0, 0, 0
45855, 1, 1, 1, 0, 1, 0
12407, 0, 11, 7, 4, 0, 0
18853, 0, 3, 3, 0, 0, 0
21242, 0, 3, 3, 0, 0, 0
21243, 4, 3, 3, 0, 4, 0
21244, 0, 2, 2, 0, 0, 0
21247, 0, 2, 2, 0, 0, 0
21253, 0, 1, 1, 0, 0, 0
21256, 0, 1, 1, 0, 0, 0
21258, 1, 1, 1, 0, 1, 0
21264, 0, 2, 2, 0, 0, 0
21269, 0, 2, 2, 0, 0, 0
21271, 0, 2, 0, 2, 0, 0
53472, 0, 1, 1, 0, 0, 0
53473, 0, 1, 0, 1, 0, 0
12996, 1, 1, 1, 0, 1, 0
12997, 0, 2, 2, 0, 0, 0
13002, 1, 1, 1, 0, 1, 0
13004, 1, 3, 3, 0, 1, 0
53474, 0, 3, 3, 0, 0, 0
53475, 0, 1, 0, 1, 0, 0
8034, 20, 8, 8, 0, 20, 0
23354, 24, 6, 4, 2, 16, 8
24670, 0, 2, 2, 0, 0, 0
24671, 0, 1, 0, 1, 0, 0
24672, 1, 1, 0, 1, 1, 0
24674, 0, 1, 0, 1, 0, 0
24675, 1, 1, 0, 1, 0, 1
53476, 0, 2, 2, 0, 0, 0
18451, 0, 3, 2, 1, 0, 0
27373, 55, 3, 3, 0, 22, 33
27374, 0, 1, 1, 0, 0, 0
27377, 2, 1, 1, 0, 2, 0
27379, 9, 1, 1, 0, 8, 1
34663, 0, 1, 1, 0, 0, 0
34664, 0, 1, 1, 0, 0, 0
29788, 0, 3, 3, 0, 0, 0
38764, 0, 2, 2, 0, 0, 0
38774, 4, 4, 4, 0, 4, 0
19000, 1, 1, 1, 0, 1, 0
53477, 3, 1, 1, 0, 3, 0
53478, 4, 1, 1, 0, 1, 3
53479, 0, 1, 1, 0, 0, 0
10086, 0, 11, 4, 7, 0, 0
18783, 10, 6, 5, 1, 10, 0
24617, 0, 1, 1, 0, 0, 0
24620, 23, 36, 3, 33, 6, 17
24622, 48, 3, 3, 0, 48, 0
24624, 4, 2, 2, 0, 2, 2
24627, 0, 1, 1, 0, 0, 0
24628, 1, 2, 2, 0, 1, 0
24630, 3, 1, 1, 0, 2, 1
24631, 5, 1, 1, 0, 4, 1
24632, 4, 3, 3, 0, 2, 2
24638, 1, 2, 0, 2, 0, 1
24639, 0, 1, 0, 1, 0, 0
24640, 0, 1, 0, 1, 0, 0
53480, 0, 3, 3, 0, 0, 0
46365, 4, 2, 2, 0, 4, 0
46366, 2, 1, 1, 0, 2, 0
53481, 3, 2, 1, 1, 3, 0
20331, 0, 3, 3, 0, 0, 0
20669, 0, 2, 2, 0, 0, 0
21297, 0, 2, 2, 0, 0, 0
21699, 0, 2, 2, 0, 0, 0
23366, 0, 3, 3, 0, 0, 0
26271, 0, 4, 4, 0, 0, 0
36795, 14, 4, 4, 0, 13, 1
41717, 0, 2, 1, 1, 0, 0
43803, 2, 1, 1, 0, 2, 0
53482, 3, 1, 1, 0, 1, 2
53483, 2, 1, 1, 0, 2, 0
53484, 0, 1, 1, 0, 0, 0
53485, 1, 1, 1, 0, 1, 0
53486, 0, 1, 1, 0, 0, 0
53487, 0, 2, 2, 0, 0, 0
53488, 0, 1, 1, 0, 0, 0
53489, 0, 1, 1, 0, 0, 0
53490, 1, 1, 1, 0, 1, 0
53491, 1, 1, 1, 0, 0, 1
53492, 0, 1, 1, 0, 0, 0
53493, 0, 1, 1, 0, 0, 0
53494, 0, 1, 1, 0, 0, 0
53495, 0, 1, 1, 0, 0, 0
53496, 0, 1, 1, 0, 0, 0
53497, 0, 6, 3, 3, 0, 0
53498, 1, 2, 2, 0, 1, 0
53499, 0, 1, 1, 0, 0, 0
53500, 0, 1, 1, 0, 0, 0
53501, 0, 1, 1, 0, 0, 0
53502, 0, 1, 1, 0, 0, 0
53503, 0, 1, 1, 0, 0, 0
53504, 0, 1, 1, 0, 0, 0
53505, 0, 2, 1, 1, 0, 0
53506, 1, 1, 1, 0, 0, 1
53507, 2, 2, 1, 1, 1, 1
11948, 19, 3, 3, 0, 15, 4
15475, 15, 2, 2, 0, 15, 0
29729, 15, 2, 2, 0, 3, 12
34384, 4, 3, 3, 0, 3, 1
35856, 17, 1, 1, 0, 15, 2
35857, 1, 2, 2, 0, 1, 0
35858, 0, 2, 2, 0, 0, 0
35860, 0, 2, 2, 0, 0, 0
35865, 0, 2, 2, 0, 0, 0
40634, 10, 6, 6, 0, 10, 0
43210, 10, 2, 2, 0, 9, 1
53508, 0, 3, 3, 0, 0, 0
53509, 0, 1, 1, 0, 0, 0
53510, 3, 1, 1, 0, 2, 1
53511, 3, 1, 1, 0, 3, 0
22588, 0, 2, 2, 0, 0, 0
22590, 4, 1, 1, 0, 4, 0
22591, 1, 5, 5, 0, 1, 0
25554, 0, 1, 1, 0, 0, 0
17003, 17, 2, 2, 0, 16, 1
19400, 0, 1, 1, 0, 0, 0
19409, 0, 2, 2, 0, 0, 0
19410, 2, 2, 2, 0, 2, 0
19411, 0, 1, 0, 1, 0, 0
29961, 0, 2, 2, 0, 0, 0
49476, 0, 2, 1, 1, 0, 0
52708, 0, 2, 2, 0, 0, 0
52709, 0, 1, 1, 0, 0, 0
52710, 0, 1, 1, 0, 0, 0
52711, 0, 1, 1, 0, 0, 0
52712, 0, 3, 1, 2, 0, 0
41388, 2, 3, 3, 0, 1, 1
53512, 0, 1, 1, 0, 0, 0
53513, 0, 1, 1, 0, 0, 0
53514, 1, 2, 1, 1, 1, 0
18445, 8, 2, 2, 0, 8, 0
18454, 0, 2, 2, 0, 0, 0
18458, 1, 3, 3, 0, 1, 0
18461, 1, 2, 1, 1, 0, 1
23197, 7, 4, 4, 0, 7, 0
53515, 0, 2, 2, 0, 0, 0
19537, 0, 5, 5, 0, 0, 0
30383, 2, 2, 2, 0, 2, 0
53516, 0, 2, 2, 0, 0, 0
53517, 5, 1, 1, 0, 4, 1
53518, 1, 1, 1, 0, 1, 0
53519, 1, 1, 1, 0, 1, 0
53520, 1, 1, 1, 0, 1, 0
7909, 35, 0, 0, 0, 35, 0
53136, 0, 2, 2, 0, 0, 0
44590, 12, 3, 3, 0, 6, 6
49484, 3, 2, 2, 0, 3, 0
53547, 0, 4, 4, 0, 0, 0
53548, 0, 1, 1, 0, 0, 0
53549, 0, 1, 1, 0, 0, 0
53550, 17, 1, 1, 0, 17, 0
53551, 0, 1, 1, 0, 0, 0
7919, 0, 4, 4, 0, 0, 0
53552, 1, 1, 1, 0, 0, 1
20820, 8, 2, 1, 1, 7, 1
53553, 1, 2, 1, 1, 1, 0
53554, 0, 5, 5, 0, 0, 0
53555, 0, 1, 1, 0, 0, 0
14649, 0, 3, 1, 2, 0, 0
16967, 0, 2, 2, 0, 0, 0
16969, 2, 4, 3, 1, 2, 0
16971, 8, 6, 3, 3, 6, 2
27700, 0, 3, 3, 0, 0, 0
41022, 2, 2, 2, 0, 1, 1
53556, 0, 1, 1, 0, 0, 0
46000, 0, 2, 2, 0, 0, 0
53557, 0, 1, 1, 0, 0, 0
43929, 4, 1, 1, 0, 4, 0
7939, 1, 0, 0, 0, 1, 0
45816, 1, 1, 1, 0, 1, 0
45817, 0, 1, 1, 0, 0, 0
45818, 0, 2, 0, 2, 0, 0
45819, 1, 1, 0, 1, 1, 0
45820, 0, 4, 0, 4, 0, 0
14728, 0, 6, 5, 1, 0, 0
14729, 13, 5, 4, 1, 9, 4
14733, 4, 9, 9, 0, 4, 0
14734, 14, 3, 3, 0, 14, 0
14746, 3, 1, 1, 0, 3, 0
14748, 11, 3, 2, 1, 8, 3
14753, 0, 1, 1, 0, 0, 0
14757, 3, 4, 4, 0, 2, 1
14760, 1, 1, 1, 0, 1, 0
27369, 0, 3, 3, 0, 0, 0
46304, 0, 3, 2, 1, 0, 0
46306, 0, 3, 3, 0, 0, 0
46307, 0, 1, 1, 0, 0, 0
46308, 0, 1, 1, 0, 0, 0
25470, 0, 4, 3, 1, 0, 0
25471, 3, 3, 3, 0, 3, 0
25472, 0, 2, 2, 0, 0, 0
25476, 0, 2, 2, 0, 0, 0
25477, 9, 2, 2, 0, 2, 7
25478, 4, 5, 5, 0, 2, 2
25479, 0, 2, 2, 0, 0, 0
25480, 2, 2, 2, 0, 2, 0
25481, 5, 3, 3, 0, 4, 1
25482, 0, 2, 0, 2, 0, 0
19016, 0, 1, 1, 0, 0, 0
19017, 0, 2, 2, 0, 0, 0
19018, 0, 1, 1, 0, 0, 0
19019, 0, 1, 1, 0, 0, 0
19021, 0, 1, 1, 0, 0, 0
19022, 4, 2, 2, 0, 4, 0
19023, 3, 1, 1, 0, 0, 3
19024, 2, 1, 1, 0, 2, 0
52073, 0, 4, 4, 0, 0, 0
53558, 40, 2, 2, 0, 32, 8
53559, 0, 1, 1, 0, 0, 0
53560, 0, 1, 1, 0, 0, 0
9212, 0, 9, 3, 6, 0, 0
10137, 0, 5, 5, 0, 0, 0
23130, 0, 8, 1, 7, 0, 0
23335, 2, 5, 3, 2, 0, 2
29335, 2, 7, 7, 0, 0, 2
34258, 0, 2, 0, 2, 0, 0
34394, 0, 3, 0, 3, 0, 0
37902, 0, 4, 0, 4, 0, 0
40725, 1, 4, 2, 2, 1, 0
53561, 0, 1, 1, 0, 0, 0
53562, 0, 1, 1, 0, 0, 0
53563, 2, 4, 4, 0, 2, 0
53564, 0, 1, 1, 0, 0, 0
53565, 0, 2, 2, 0, 0, 0
53566, 1, 1, 1, 0, 1, 0
53567, 0, 3, 3, 0, 0, 0
53568, 0, 6, 6, 0, 0, 0
53569, 0, 2, 0, 2, 0, 0
53570, 0, 1, 0, 1, 0, 0
53571, 1, 1, 0, 1, 1, 0
53572, 0, 1, 0, 1, 0, 0
53573, 0, 1, 0, 1, 0, 0
53574, 0, 1, 0, 1, 0, 0
53575, 2, 1, 0, 1, 1, 1
53576, 0, 1, 0, 1, 0, 0
53577, 0, 3, 1, 2, 0, 0
21870, 0, 4, 3, 1, 0, 0
21872, 0, 2, 1, 1, 0, 0
21875, 0, 2, 2, 0, 0, 0
21876, 0, 3, 2, 1, 0, 0
51999, 1, 4, 4, 0, 1, 0
13727, 1, 3, 3, 0, 1, 0
13729, 0, 2, 2, 0, 0, 0
34051, 2, 2, 2, 0, 2, 0
34052, 6, 2, 2, 0, 6, 0
34053, 0, 1, 1, 0, 0, 0
34054, 1, 1, 1, 0, 1, 0
34055, 0, 1, 1, 0, 0, 0
34056, 0, 2, 2, 0, 0, 0
21206, 3, 2, 2, 0, 3, 0
21207, 0, 1, 0, 1, 0, 0
21210, 0, 1, 0, 1, 0, 0
53578, 0, 1, 1, 0, 0, 0
53579, 0, 1, 1, 0, 0, 0
16323, 1, 7, 4, 3, 1, 0
21119, 0, 6, 4, 2, 0, 0
37743, 0, 5, 4, 1, 0, 0
37744, 1, 1, 1, 0, 1, 0
37746, 2, 1, 1, 0, 2, 0
37747, 0, 1, 1, 0, 0, 0
37748, 0, 2, 2, 0, 0, 0
37750, 11, 2, 2, 0, 10, 1
37752, 3, 1, 1, 0, 2, 1
37753, 0, 1, 1, 0, 0, 0
37754, 13, 10, 10, 0, 13, 0
37755, 0, 4, 3, 1, 0, 0
37756, 0, 1, 1, 0, 0, 0
37758, 0, 1, 1, 0, 0, 0
37761, 7, 3, 2, 1, 4, 3
37762, 0, 1, 1, 0, 0, 0
37763, 1, 1, 0, 1, 1, 0
53580, 1, 1, 0, 1, 1, 0
41849, 0, 3, 0, 3, 0, 0
16946, 0, 3, 2, 1, 0, 0
33906, 0, 4, 4, 0, 0, 0
36520, 4, 3, 3, 0, 4, 0
53581, 9, 1, 1, 0, 9, 0
53582, 2, 1, 1, 0, 1, 1
53583, 0, 1, 1, 0, 0, 0
53584, 0, 1, 0, 1, 0, 0
37380, 0, 2, 2, 0, 0, 0
13413, 0, 7, 7, 0, 0, 0
22785, 0, 6, 1, 5, 0, 0
29748, 0, 2, 1, 1, 0, 0
29849, 0, 3, 3, 0, 0, 0
32656, 73, 2, 2, 0, 49, 24
32853, 12, 2, 2, 0, 12, 0
32930, 57, 6, 6, 0, 57, 0
34289, 4, 1, 1, 0, 4, 0
34290, 3, 9, 8, 1, 2, 1
34291, 0, 2, 2, 0, 0, 0
34292, 1, 2, 2, 0, 1, 0
34293, 0, 3, 3, 0, 0, 0
34294, 0, 2, 2, 0, 0, 0
34295, 0, 1, 1, 0, 0, 0
34296, 6, 2, 2, 0, 4, 2
34297, 2, 1, 1, 0, 2, 0
34298, 0, 2, 2, 0, 0, 0
34299, 0, 1, 1, 0, 0, 0
34301, 0, 1, 1, 0, 0, 0
34304, 0, 1, 0, 1, 0, 0
34307, 1, 3, 1, 2, 1, 0
34308, 0, 1, 0, 1, 0, 0
34309, 3, 1, 0, 1, 3, 0
24932, 1, 3, 0, 3, 0, 1
38508, 0, 3, 2, 1, 0, 0
44954, 18, 3, 3, 0, 16, 2
53585, 0, 1, 1, 0, 0, 0
53586, 0, 1, 1, 0, 0, 0
53587, 0, 1, 1, 0, 0, 0
10224, 0, 6, 1, 5, 0, 0
44738, 0, 2, 1, 1, 0, 0
53588, 1, 1, 1, 0, 1, 0
53589, 8, 2, 2, 0, 8, 0
53590, 1, 2, 2, 0, 1, 0
53591, 0, 1, 0, 1, 0, 0
53592, 0, 1, 0, 1, 0, 0
53593, 0, 1, 0, 1, 0, 0
30394, 8, 1, 1, 0, 7, 1
30395, 1, 2, 2, 0, 1, 0
30398, 0, 1, 1, 0, 0, 0
13752, 0, 1, 0, 1, 0, 0
13753, 0, 2, 1, 1, 0, 0
27294, 0, 4, 2, 2, 0, 0
53594, 0, 2, 2, 0, 0, 0
53595, 0, 1, 1, 0, 0, 0
53596, 3, 1, 0, 1, 0, 3
13107, 12, 3, 3, 0, 12, 0
13109, 0, 1, 1, 0, 0, 0
17613, 0, 4, 4, 0, 0, 0
46433, 1, 1, 1, 0, 1, 0
46434, 0, 1, 1, 0, 0, 0
53597, 0, 1, 1, 0, 0, 0
53598, 0, 2, 2, 0, 0, 0
11629, 4, 11, 9, 2, 4, 0
33057, 0, 4, 4, 0, 0, 0
35128, 2, 2, 2, 0, 1, 1
35130, 0, 1, 1, 0, 0, 0
35131, 0, 1, 1, 0, 0, 0
35132, 0, 3, 2, 1, 0, 0
35134, 0, 2, 2, 0, 0, 0
35135, 0, 1, 1, 0, 0, 0
35136, 0, 1, 1, 0, 0, 0
35137, 14, 1, 1, 0, 12, 2
35138, 0, 1, 1, 0, 0, 0
35139, 0, 1, 0, 1, 0, 0
35140, 1, 1, 0, 1, 0, 1
35141, 10, 2, 0, 2, 8, 2
35142, 2, 2, 0, 2, 1, 1
15995, 4, 5, 5, 0, 3, 1
28962, 8, 4, 4, 0, 8, 0
29604, 32, 8, 5, 3, 28, 4
38956, 1, 2, 2, 0, 1, 0
39027, 0, 2, 1, 1, 0, 0
39129, 0, 3, 2, 1, 0, 0
41546, 4, 5, 5, 0, 3, 1
46393, 0, 2, 2, 0, 0, 0
49596, 6, 2, 2, 0, 4, 2
53599, 0, 2, 2, 0, 0, 0
53600, 0, 1, 1, 0, 0, 0
53601, 0, 3, 3, 0, 0, 0
53602, 2, 2, 2, 0, 2, 0
53603, 0, 1, 1, 0, 0, 0
53604, 0, 3, 3, 0, 0, 0
53605, 2, 1, 1, 0, 2, 0
34370, 9, 4, 4, 0, 1, 8
45792, 0, 1, 1, 0, 0, 0
30591, 2, 5, 5, 0, 0, 2
30986, 0, 2, 2, 0, 0, 0
34906, 0, 4, 4, 0, 0, 0
37974, 0, 3, 3, 0, 0, 0
39215, 0, 1, 1, 0, 0, 0
39216, 0, 1, 1, 0, 0, 0
37329, 6, 2, 2, 0, 6, 0
38400, 0, 5, 5, 0, 0, 0
42517, 1, 2, 2, 0, 1, 0
42518, 0, 2, 2, 0, 0, 0
45142, 0, 1, 1, 0, 0, 0
45143, 0, 1, 1, 0, 0, 0
45145, 5, 1, 0, 1, 2, 3
15985, 5, 4, 4, 0, 5, 0
35651, 0, 4, 4, 0, 0, 0
50384, 0, 3, 3, 0, 0, 0
53606, 0, 1, 1, 0, 0, 0
53607, 0, 1, 1, 0, 0, 0
53608, 0, 1, 1, 0, 0, 0
53609, 2, 2, 2, 0, 2, 0
53610, 1, 1, 1, 0, 0, 1
53611, 0, 1, 1, 0, 0, 0
8004, 2, 0, 0, 0, 2, 0
8008, 0, 7, 7, 0, 0, 0
8010, 0, 2, 2, 0, 0, 0
8011, 7, 2, 2, 0, 7, 0
8013, 0, 3, 3, 0, 0, 0
8014, 0, 1, 1, 0, 0, 0
8020, 0, 3, 1, 2, 0, 0
16895, 1, 7, 2, 5, 1, 0
53613, 0, 4, 4, 0, 0, 0
53614, 2, 1, 1, 0, 2, 0
20655, 0, 4, 4, 0, 0, 0
20658, 0, 1, 1, 0, 0, 0
20659, 1, 1, 1, 0, 1, 0
20662, 2, 2, 2, 0, 2, 0
20663, 1, 2, 2, 0, 1, 0
20664, 1, 3, 3, 0, 1, 0
20667, 0, 2, 2, 0, 0, 0
20668, 1, 4, 4, 0, 1, 0
20670, 2, 4, 4, 0, 1, 1
20680, 0, 2, 1, 1, 0, 0
20681, 0, 1, 1, 0, 0, 0
20685, 6, 5, 4, 1, 6, 0
20691, 0, 2, 2, 0, 0, 0
15645, 4, 4, 4, 0, 3, 1
16462, 2, 8, 8, 0, 1, 1
53621, 0, 1, 1, 0, 0, 0
8021, 27, 0, 0, 0, 26, 1
8022, 0, 1, 1, 0, 0, 0
8023, 1, 2, 2, 0, 1, 0
53622, 0, 1, 1, 0, 0, 0
53623, 0, 1, 1, 0, 0, 0
53624, 0, 1, 1, 0, 0, 0
53625, 0, 1, 1, 0, 0, 0
53626, 0, 1, 1, 0, 0, 0
53627, 3, 3, 2, 1, 3, 0
33713, 1, 2, 2, 0, 1, 0
41913, 23, 2, 2, 0, 21, 2
53628, 0, 1, 1, 0, 0, 0
13372, 0, 5, 5, 0, 0, 0
16838, 0, 3, 3, 0, 0, 0
25546, 2, 5, 5, 0, 2, 0
30294, 0, 3, 3, 0, 0, 0
33428, 0, 7, 6, 1, 0, 0
35066, 3, 5, 4, 1, 3, 0
53629, 5, 3, 2, 1, 2, 3
53630, 0, 6, 5, 1, 0, 0
53631, 0, 1, 1, 0, 0, 0
53632, 0, 1, 1, 0, 0, 0
53633, 0, 2, 2, 0, 0, 0
53634, 0, 1, 1, 0, 0, 0
53635, 0, 2, 2, 0, 0, 0
12746, 2, 5, 5, 0, 2, 0
12747, 0, 2, 2, 0, 0, 0
12748, 6, 2, 2, 0, 6, 0
12750, 0, 1, 1, 0, 0, 0
12751, 0, 2, 2, 0, 0, 0
44328, 7, 3, 2, 1, 7, 0
53644, 0, 1, 1, 0, 0, 0
8038, 3, 1, 1, 0, 3, 0
8039, 6, 2, 2, 0, 6, 0
11106, 0, 1, 1, 0, 0, 0
11118, 8, 9, 7, 2, 3, 5
11129, 0, 3, 3, 0, 0, 0
11132, 3, 2, 2, 0, 3, 0
11147, 0, 2, 2, 0, 0, 0
11149, 0, 2, 2, 0, 0, 0
11158, 3, 4, 2, 2, 3, 0
29686, 0, 3, 2, 1, 0, 0
37845, 0, 2, 1, 1, 0, 0
53647, 0, 2, 2, 0, 0, 0
53648, 2, 1, 1, 0, 2, 0
53649, 0, 3, 3, 0, 0, 0
53650, 0, 4, 4, 0, 0, 0
53651, 0, 1, 1, 0, 0, 0
22964, 7, 1, 1, 0, 4, 3
30751, 0, 3, 3, 0, 0, 0
44869, 5, 3, 2, 1, 5, 0
53652, 0, 1, 1, 0, 0, 0
53653, 0, 1, 1, 0, 0, 0
53654, 0, 1, 1, 0, 0, 0
53655, 1, 1, 1, 0, 1, 0
53656, 3, 2, 2, 0, 3, 0
53657, 1, 2, 1, 1, 1, 0
53658, 1, 2, 1, 1, 1, 0
53659, 0, 1, 0, 1, 0, 0
53660, 0, 2, 1, 1, 0, 0
34390, 1, 4, 4, 0, 1, 0
34990, 0, 4, 3, 1, 0, 0
53661, 0, 4, 4, 0, 0, 0
38024, 0, 1, 1, 0, 0, 0
38025, 0, 1, 1, 0, 0, 0
38026, 0, 2, 2, 0, 0, 0
10273, 1, 8, 0, 8, 0, 1
53662, 0, 2, 2, 0, 0, 0
53663, 0, 1, 1, 0, 0, 0
53664, 0, 1, 0, 1, 0, 0
53665, 0, 1, 0, 1, 0, 0
53666, 0, 1, 0, 1, 0, 0
16322, 0, 4, 2, 2, 0, 0
37922, 0, 1, 1, 0, 0, 0
37923, 0, 1, 1, 0, 0, 0
37925, 0, 1, 1, 0, 0, 0
37926, 0, 1, 1, 0, 0, 0
37927, 0, 1, 1, 0, 0, 0
37928, 0, 1, 1, 0, 0, 0
37929, 0, 1, 1, 0, 0, 0
37931, 55, 1, 1, 0, 37, 18
37932, 0, 1, 1, 0, 0, 0
37933, 4, 2, 2, 0, 4, 0
37934, 0, 1, 1, 0, 0, 0
37935, 0, 1, 1, 0, 0, 0
9173, 0, 3, 2, 1, 0, 0
11484, 9, 6, 6, 0, 9, 0
26396, 32, 13, 9, 4, 27, 5
30300, 0, 4, 4, 0, 0, 0
53667, 0, 2, 2, 0, 0, 0
53668, 0, 1, 1, 0, 0, 0
53669, 0, 1, 1, 0, 0, 0
53670, 0, 1, 1, 0, 0, 0
53671, 0, 1, 1, 0, 0, 0
53672, 1, 1, 1, 0, 1, 0
53673, 6, 1, 1, 0, 6, 0
53674, 0, 4, 3, 1, 0, 0
10377, 4, 17, 13, 4, 3, 1
18390, 0, 6, 6, 0, 0, 0
28569, 0, 3, 3, 0, 0, 0
29589, 0, 10, 7, 3, 0, 0
37035, 1, 4, 2, 2, 0, 1
39118, 0, 3, 3, 0, 0, 0
51133, 0, 2, 2, 0, 0, 0
51134, 0, 1, 1, 0, 0, 0
51135, 0, 2, 2, 0, 0, 0
51136, 0, 1, 1, 0, 0, 0
51137, 0, 3, 3, 0, 0, 0
51138, 0, 1, 1, 0, 0, 0
51139, 0, 1, 1, 0, 0, 0
51140, 0, 2, 2, 0, 0, 0
51141, 0, 5, 5, 0, 0, 0
51142, 0, 1, 1, 0, 0, 0
51143, 0, 1, 1, 0, 0, 0
51144, 0, 2, 2, 0, 0, 0
34268, 4, 2, 2, 0, 4, 0
53675, 0, 4, 4, 0, 0, 0
18966, 0, 2, 2, 0, 0, 0
53676, 2, 4, 2, 2, 2, 0
22769, 0, 5, 4, 1, 0, 0
27897, 6, 2, 0, 2, 5, 1
36026, 24, 2, 1, 1, 20, 4
41816, 0, 6, 0, 6, 0, 0
53677, 0, 2, 1, 1, 0, 0
53678, 0, 2, 0, 2, 0, 0
53679, 0, 1, 0, 1, 0, 0
53680, 0, 2, 1, 1, 0, 0
53681, 0, 1, 0, 1, 0, 0
53682, 1, 3, 0, 3, 0, 1
53683, 0, 4, 2, 2, 0, 0
53684, 1, 1, 0, 1, 1, 0
53685, 0, 2, 0, 2, 0, 0
53686, 0, 1, 0, 1, 0, 0
53687, 0, 1, 0, 1, 0, 0
53688, 0, 1, 1, 0, 0, 0
53689, 0, 1, 1, 0, 0, 0
53690, 0, 1, 0, 1, 0, 0
30014, 0, 3, 3, 0, 0, 0
30015, 0, 16, 16, 0, 0, 0
30016, 0, 4, 4, 0, 0, 0
30017, 0, 1, 0, 1, 0, 0
11965, 5, 11, 9, 2, 5, 0
15189, 0, 3, 2, 1, 0, 0
29778, 1, 6, 1, 5, 0, 1
30266, 0, 4, 3, 1, 0, 0
33909, 0, 8, 7, 1, 0, 0
34771, 0, 5, 3, 2, 0, 0
45920, 0, 2, 0, 2, 0, 0
50984, 0, 1, 1, 0, 0, 0
50985, 0, 2, 2, 0, 0, 0
50986, 0, 1, 1, 0, 0, 0
50987, 0, 1, 1, 0, 0, 0
50988, 0, 2, 2, 0, 0, 0
50989, 0, 1, 0, 1, 0, 0
50990, 0, 2, 1, 1, 0, 0
50991, 0, 1, 0, 1, 0, 0
50992, 0, 2, 0, 2, 0, 0
50993, 0, 2, 1, 1, 0, 0
50994, 0, 1, 0, 1, 0, 0
50995, 2, 1, 0, 1, 2, 0
50996, 0, 1, 0, 1, 0, 0
50997, 0, 1, 0, 1, 0, 0
50998, 0, 3, 1, 2, 0, 0
50999, 0, 2, 0, 2, 0, 0
51000, 0, 5, 2, 3, 0, 0
51001, 0, 1, 0, 1, 0, 0
51002, 0, 1, 0, 1, 0, 0
17832, 3, 5, 1, 4, 3, 0
26388, 0, 4, 4, 0, 0, 0
26389, 1, 1, 1, 0, 1, 0
26391, 0, 2, 2, 0, 0, 0
26392, 0, 3, 2, 1, 0, 0
26394, 2, 2, 2, 0, 1, 1
26397, 3, 2, 1, 1, 3, 0
26398, 0, 2, 1, 1, 0, 0
26402, 1, 3, 0, 3, 1, 0
26405, 0, 1, 0, 1, 0, 0
26408, 1, 2, 0, 2, 1, 0
38916, 0, 1, 1, 0, 0, 0
35521, 0, 5, 5, 0, 0, 0
12773, 0, 4, 1, 3, 0, 0
15071, 0, 5, 2, 3, 0, 0
18645, 0, 2, 2, 0, 0, 0
35258, 0, 3, 2, 1, 0, 0
37339, 0, 2, 2, 0, 0, 0
44129, 2, 1, 1, 0, 2, 0
48076, 13, 2, 2, 0, 8, 5
48077, 0, 1, 1, 0, 0, 0
48079, 0, 2, 2, 0, 0, 0
48080, 0, 3, 3, 0, 0, 0
48081, 0, 4, 2, 2, 0, 0
14239, 0, 5, 4, 1, 0, 0
16826, 41, 6, 6, 0, 41, 0
32483, 17, 5, 5, 0, 16, 1
53691, 0, 2, 2, 0, 0, 0
53692, 0, 1, 1, 0, 0, 0
53693, 0, 1, 1, 0, 0, 0
53694, 0, 1, 1, 0, 0, 0
53695, 0, 1, 1, 0, 0, 0
53696, 0, 2, 2, 0, 0, 0
53697, 0, 1, 0, 1, 0, 0
18633, 5, 2, 2, 0, 5, 0
18636, 0, 2, 2, 0, 0, 0
18638, 5, 2, 2, 0, 4, 1
18639, 10, 3, 3, 0, 7, 3
18641, 0, 2, 0, 2, 0, 0
18642, 0, 1, 0, 1, 0, 0
32902, 0, 3, 3, 0, 0, 0
9289, 11, 10, 9, 1, 7, 4
9510, 0, 3, 3, 0, 0, 0
31200, 0, 4, 4, 0, 0, 0
34248, 0, 5, 3, 2, 0, 0
35406, 7, 2, 2, 0, 7, 0
35408, 0, 4, 4, 0, 0, 0
35409, 0, 1, 1, 0, 0, 0
53698, 0, 2, 1, 1, 0, 0
53699, 0, 1, 1, 0, 0, 0
53700, 0, 1, 1, 0, 0, 0
8989, 1, 6, 6, 0, 1, 0
19344, 2, 5, 4, 1, 0, 2
23342, 4, 2, 2, 0, 4, 0
24516, 2, 4, 4, 0, 2, 0
31084, 0, 1, 1, 0, 0, 0
31085, 0, 1, 1, 0, 0, 0
31086, 0, 5, 5, 0, 0, 0
31088, 0, 1, 1, 0, 0, 0
31090, 0, 2, 2, 0, 0, 0
31091, 0, 3, 3, 0, 0, 0
31092, 0, 1, 1, 0, 0, 0
31093, 0, 7, 7, 0, 0, 0
31094, 0, 1, 1, 0, 0, 0
31095, 1, 2, 1, 1, 1, 0
31097, 0, 1, 1, 0, 0, 0
31098, 0, 4, 3, 1, 0, 0
31099, 0, 1, 1, 0, 0, 0
53701, 0, 1, 1, 0, 0, 0
33438, 2, 2, 1, 1, 2, 0
33513, 0, 1, 1, 0, 0, 0
33514, 0, 2, 1, 1, 0, 0
33518, 0, 4, 4, 0, 0, 0
24163, 8, 1, 1, 0, 7, 1
24165, 2, 1, 1, 0, 2, 0
24168, 29, 2, 2, 0, 28, 1
24169, 4, 2, 2, 0, 4, 0
53702, 0, 1, 1, 0, 0, 0
33346, 0, 3, 0, 3, 0, 0
33546, 3, 3, 3, 0, 2, 1
33548, 0, 5, 4, 1, 0, 0
33549, 7, 6, 3, 3, 5, 2
33550, 0, 1, 0, 1, 0, 0
33560, 0, 1, 1, 0, 0, 0
33562, 0, 1, 1, 0, 0, 0
33563, 0, 1, 1, 0, 0, 0
33564, 4, 4, 4, 0, 4, 0
33566, 0, 1, 1, 0, 0, 0
24154, 4, 5, 5, 0, 3, 1
30037, 5, 6, 4, 2, 5, 0
31238, 0, 4, 4, 0, 0, 0
32547, 1, 1, 1, 0, 1, 0
34396, 1, 2, 2, 0, 1, 0
36876, 0, 1, 1, 0, 0, 0
36877, 0, 1, 1, 0, 0, 0
36878, 0, 2, 2, 0, 0, 0
36879, 0, 1, 1, 0, 0, 0
36880, 2, 2, 2, 0, 1, 1
36881, 0, 1, 1, 0, 0, 0
36882, 0, 1, 1, 0, 0, 0
36883, 0, 3, 1, 2, 0, 0
36884, 0, 2, 2, 0, 0, 0
36887, 0, 1, 1, 0, 0, 0
36890, 0, 1, 1, 0, 0, 0
36891, 16, 1, 1, 0, 14, 2
36892, 0, 3, 3, 0, 0, 0
36894, 0, 1, 1, 0, 0, 0
36895, 0, 2, 2, 0, 0, 0
36896, 1, 2, 2, 0, 1, 0
16569, 0, 8, 5, 3, 0, 0
38461, 0, 2, 1, 1, 0, 0
38462, 0, 2, 1, 1, 0, 0
30025, 0, 1, 1, 0, 0, 0
30027, 0, 3, 3, 0, 0, 0
30029, 1, 3, 0, 3, 0, 1
30030, 14, 8, 2, 6, 14, 0
43907, 1, 2, 1, 1, 0, 1
44191, 0, 1, 1, 0, 0, 0
8359, 10, 2, 2, 0, 7, 3
16861, 0, 4, 4, 0, 0, 0
44576, 3, 1, 1, 0, 3, 0
24795, 0, 9, 9, 0, 0, 0
25123, 4, 2, 2, 0, 4, 0
16830, 10, 3, 3, 0, 10, 0
17624, 1, 1, 1, 0, 1, 0
17625, 0, 3, 3, 0, 0, 0
17626, 2, 2, 2, 0, 2, 0
17628, 1, 3, 3, 0, 1, 0
53703, 0, 1, 1, 0, 0, 0
27567, 0, 4, 3, 1, 0, 0
32744, 1, 1, 1, 0, 1, 0
32745, 4, 2, 2, 0, 2, 2
32746, 3, 3, 3, 0, 3, 0
32747, 1, 3, 3, 0, 1, 0
32749, 1, 2, 2, 0, 1, 0
32750, 0, 1, 1, 0, 0, 0
32751, 0, 1, 1, 0, 0, 0
32752, 0, 1, 1, 0, 0, 0
32753, 0, 2, 2, 0, 0, 0
32754, 0, 4, 1, 3, 0, 0
32755, 2, 3, 2, 1, 2, 0
18618, 0, 2, 1, 1, 0, 0
36927, 3, 4, 4, 0, 2, 1
47431, 0, 2, 2, 0, 0, 0
53704, 0, 1, 1, 0, 0, 0
53705, 0, 1, 1, 0, 0, 0
53706, 0, 2, 2, 0, 0, 0
53707, 0, 1, 1, 0, 0, 0
53708, 0, 1, 1, 0, 0, 0
53709, 0, 3, 3, 0, 0, 0
53710, 0, 2, 2, 0, 0, 0
53711, 0, 1, 1, 0, 0, 0
16879, 0, 9, 7, 2, 0, 0
32761, 0, 1, 1, 0, 0, 0
32762, 0, 1, 0, 1, 0, 0
32763, 0, 1, 0, 1, 0, 0
21111, 92, 4, 1, 3, 32, 60
26911, 7, 2, 2, 0, 7, 0
46076, 37, 2, 2, 0, 30, 7
52664, 29, 3, 1, 2, 18, 11
53521, 28, 6, 4, 2, 21, 7
53712, 20, 2, 2, 0, 20, 0
53713, 7, 4, 3, 1, 7, 0
53714, 5, 1, 1, 0, 5, 0
30363, 11, 2, 1, 1, 5, 6
30364, 9, 1, 1, 0, 9, 0
30365, 0, 1, 1, 0, 0, 0
30366, 15, 4, 4, 0, 7, 8
53715, 0, 1, 1, 0, 0, 0
53716, 2, 4, 4, 0, 2, 0
29378, 14, 7, 7, 0, 14, 0
53717, 0, 1, 1, 0, 0, 0
53718, 0, 1, 1, 0, 0, 0
53719, 0, 1, 1, 0, 0, 0
53720, 0, 2, 2, 0, 0, 0
9192, 0, 2, 0, 2, 0, 0
9664, 0, 2, 1, 1, 0, 0
35506, 0, 6, 0, 6, 0, 0
53721, 0, 1, 1, 0, 0, 0
53722, 0, 1, 0, 1, 0, 0
53723, 0, 1, 1, 0, 0, 0
53724, 3, 2, 2, 0, 3, 0
30004, 4, 2, 2, 0, 4, 0
53725, 6, 1, 1, 0, 6, 0
53726, 8, 1, 1, 0, 7, 1
21718, 0, 3, 3, 0, 0, 0
21720, 0, 3, 0, 3, 0, 0
21723, 0, 4, 0, 4, 0, 0
12380, 1, 4, 3, 1, 1, 0
32979, 0, 5, 2, 3, 0, 0
34678, 0, 1, 1, 0, 0, 0
37985, 8, 4, 4, 0, 3, 5
48823, 16, 2, 2, 0, 15, 1
53727, 1, 3, 3, 0, 1, 0
53728, 0, 1, 1, 0, 0, 0
53729, 0, 1, 1, 0, 0, 0
27550, 23, 2, 2, 0, 4, 19
31180, 7, 2, 2, 0, 7, 0
31181, 1, 1, 1, 0, 1, 0
31182, 5, 3, 3, 0, 5, 0
31183, 13, 1, 1, 0, 8, 5
31186, 0, 2, 2, 0, 0, 0
31187, 0, 1, 1, 0, 0, 0
31188, 6, 3, 2, 1, 3, 3
31189, 0, 3, 3, 0, 0, 0
31191, 0, 1, 1, 0, 0, 0
31192, 0, 5, 3, 2, 0, 0
31193, 0, 1, 1, 0, 0, 0
31195, 0, 1, 1, 0, 0, 0
31196, 0, 4, 4, 0, 0, 0
31197, 0, 1, 1, 0, 0, 0
31199, 0, 6, 6, 0, 0, 0
31201, 0, 1, 1, 0, 0, 0
31202, 0, 1, 1, 0, 0, 0
36445, 0, 3, 2, 1, 0, 0
44221, 0, 2, 0, 2, 0, 0
53730, 0, 1, 1, 0, 0, 0
53731, 0, 1, 1, 0, 0, 0
53732, 1, 1, 1, 0, 1, 0
53733, 0, 3, 1, 2, 0, 0
53734, 0, 1, 1, 0, 0, 0
43995, 25, 8, 7, 1, 7, 18
43996, 6, 3, 3, 0, 5, 1
53735, 5, 3, 2, 1, 5, 0
53736, 35, 1, 1, 0, 35, 0
53737, 2, 2, 2, 0, 2, 0
53738, 0, 2, 0, 2, 0, 0
53739, 0, 2, 1, 1, 0, 0
53740, 0, 1, 0, 1, 0, 0
26854, 3, 3, 2, 1, 3, 0
27720, 3, 5, 4, 1, 3, 0
33831, 0, 1, 1, 0, 0, 0
33833, 2, 3, 3, 0, 1, 1
33834, 2, 1, 1, 0, 2, 0
33836, 0, 2, 2, 0, 0, 0
33837, 0, 2, 2, 0, 0, 0
33838, 0, 1, 1, 0, 0, 0
33839, 0, 1, 1, 0, 0, 0
15124, 2, 6, 6, 0, 2, 0
21832, 2, 1, 1, 0, 2, 0
21833, 0, 1, 1, 0, 0, 0
21835, 2, 4, 4, 0, 1, 1
21837, 0, 3, 3, 0, 0, 0
21846, 0, 2, 1, 1, 0, 0
21847, 2, 3, 2, 1, 1, 1
21848, 7, 1, 0, 1, 7, 0
21849, 11, 2, 1, 1, 10, 1
48147, 0, 3, 3, 0, 0, 0
50834, 0, 2, 1, 1, 0, 0
53741, 0, 1, 1, 0, 0, 0
53742, 10, 3, 2, 1, 8, 2
53743, 0, 1, 1, 0, 0, 0
53744, 0, 1, 1, 0, 0, 0
53745, 0, 1, 1, 0, 0, 0
53746, 1, 1, 1, 0, 1, 0
53747, 0, 1, 1, 0, 0, 0
30188, 11, 10, 9, 1, 11, 0
33863, 11, 1, 1, 0, 10, 1
33864, 0, 4, 4, 0, 0, 0
33865, 0, 1, 1, 0, 0, 0
8565, 0, 2, 2, 0, 0, 0
12032, 0, 6, 0, 6, 0, 0
33215, 0, 4, 1, 3, 0, 0
34331, 0, 4, 4, 0, 0, 0
35713, 0, 4, 2, 2, 0, 0
44492, 1, 2, 1, 1, 1, 0
52053, 0, 5, 2, 3, 0, 0
53748, 0, 3, 3, 0, 0, 0
53749, 0, 1, 1, 0, 0, 0
53750, 2, 1, 1, 0, 2, 0
53751, 0, 1, 1, 0, 0, 0
53752, 0, 5, 4, 1, 0, 0
53753, 0, 1, 0, 1, 0, 0
53754, 0, 1, 0, 1, 0, 0
53755, 0, 1, 0, 1, 0, 0
53756, 0, 2, 0, 2, 0, 0
53757, 1, 1, 0, 1, 0, 1
53758, 0, 1, 0, 1, 0, 0
53759, 0, 1, 0, 1, 0, 0
53760, 0, 1, 0, 1, 0, 0
53761, 0, 1, 0, 1, 0, 0
53762, 0, 1, 0, 1, 0, 0
53763, 0, 1, 1, 0, 0, 0
53764, 4, 3, 3, 0, 4, 0
13656, 0, 3, 2, 1, 0, 0
15137, 9, 8, 6, 2, 9, 0
29230, 0, 2, 2, 0, 0, 0
30809, 3, 1, 1, 0, 3, 0
32653, 4, 1, 1, 0, 3, 1
34969, 0, 2, 1, 1, 0, 0
42034, 2, 1, 1, 0, 2, 0
42036, 0, 1, 1, 0, 0, 0
42037, 0, 1, 1, 0, 0, 0
42038, 1, 3, 2, 1, 1, 0
42039, 0, 2, 1, 1, 0, 0
42040, 0, 1, 1, 0, 0, 0
42041, 0, 2, 2, 0, 0, 0
42043, 0, 1, 0, 1, 0, 0
42045, 0, 1, 0, 1, 0, 0
42046, 5, 2, 0, 2, 5, 0
42047, 0, 1, 0, 1, 0, 0
44901, 2, 1, 1, 0, 2, 0
53765, 0, 1, 1, 0, 0, 0
53766, 0, 1, 1, 0, 0, 0
53767, 0, 1, 1, 0, 0, 0
53768, 0, 1, 1, 0, 0, 0
53769, 0, 1, 1, 0, 0, 0
53770, 0, 1, 1, 0, 0, 0
53771, 0, 1, 1, 0, 0, 0
53772, 0, 1, 1, 0, 0, 0
53773, 0, 1, 1, 0, 0, 0
53774, 0, 1, 1, 0, 0, 0
53775, 5, 1, 1, 0, 5, 0
53776, 0, 1, 1, 0, 0, 0
53777, 27, 1, 0, 1, 20, 7
53778, 0, 2, 1, 1, 0, 0
53779, 0, 1, 1, 0, 0, 0
53780, 2, 2, 2, 0, 2, 0
9585, 0, 1, 1, 0, 0, 0
9586, 0, 1, 1, 0, 0, 0
9589, 0, 1, 1, 0, 0, 0
9595, 0, 2, 2, 0, 0, 0
9596, 1, 3, 3, 0, 1, 0
9597, 0, 1, 1, 0, 0, 0
9600, 0, 3, 3, 0, 0, 0
9601, 0, 1, 1, 0, 0, 0
9606, 0, 19, 19, 0, 0, 0
9607, 0, 1, 1, 0, 0, 0
9608, 0, 1, 1, 0, 0, 0
9610, 0, 1, 1, 0, 0, 0
9612, 1, 4, 4, 0, 1, 0
9615, 0, 1, 1, 0, 0, 0
9617, 0, 2, 2, 0, 0, 0
9619, 0, 3, 3, 0, 0, 0
9620, 0, 1, 1, 0, 0, 0
9621, 0, 3, 3, 0, 0, 0
9626, 1, 5, 2, 3, 1, 0
9628, 0, 1, 0, 1, 0, 0
9630, 0, 1, 0, 1, 0, 0
9631, 0, 7, 1, 6, 0, 0
9635, 0, 3, 2, 1, 0, 0
9638, 0, 1, 0, 1, 0, 0
9640, 0, 2, 0, 2, 0, 0
9644, 0, 1, 0, 1, 0, 0
9651, 0, 1, 0, 1, 0, 0
26866, 13, 5, 4, 1, 7, 6
53781, 0, 1, 1, 0, 0, 0
53782, 0, 1, 0, 1, 0, 0
53783, 0, 1, 0, 1, 0, 0
45930, 5, 2, 1, 1, 3, 2
15508, 5, 7, 7, 0, 5, 0
53784, 0, 1, 1, 0, 0, 0
53785, 3, 3, 3, 0, 3, 0
53786, 0, 1, 1, 0, 0, 0
53787, 0, 1, 1, 0, 0, 0
53788, 0, 2, 2, 0, 0, 0
31225, 0, 5, 5, 0, 0, 0
33696, 12, 2, 2, 0, 12, 0
47050, 13, 4, 3, 1, 13, 0
50637, 5, 2, 2, 0, 5, 0
50640, 0, 1, 1, 0, 0, 0
50641, 0, 2, 2, 0, 0, 0
9186, 1, 1, 1, 0, 1, 0
16962, 0, 3, 2, 1, 0, 0
26410, 10, 12, 10, 2, 10, 0
53789, 2, 2, 2, 0, 2, 0
53790, 0, 1, 1, 0, 0, 0
53791, 0, 1, 1, 0, 0, 0
53792, 0, 1, 1, 0, 0, 0
53793, 0, 1, 1, 0, 0, 0
53794, 5, 1, 1, 0, 3, 2
53795, 0, 1, 1, 0, 0, 0
53796, 0, 2, 2, 0, 0, 0
53797, 4, 3, 3, 0, 4, 0
53798, 31, 1, 1, 0, 31, 0
53799, 0, 1, 1, 0, 0, 0
53800, 0, 1, 1, 0, 0, 0
53801, 0, 1, 1, 0, 0, 0
9213, 1, 8, 8, 0, 1, 0
21125, 0, 3, 1, 2, 0, 0
21585, 0, 3, 3, 0, 0, 0
28109, 0, 2, 1, 1, 0, 0
29382, 15, 3, 3, 0, 15, 0
29635, 1, 2, 0, 2, 1, 0
29855, 0, 7, 5, 2, 0, 0
31251, 1, 5, 5, 0, 1, 0
33338, 1, 2, 1, 1, 1, 0
33981, 0, 3, 3, 0, 0, 0
53802, 0, 1, 1, 0, 0, 0
53803, 0, 1, 1, 0, 0, 0
53804, 0, 4, 4, 0, 0, 0
53805, 0, 1, 1, 0, 0, 0
53806, 0, 1, 1, 0, 0, 0
53807, 0, 1, 1, 0, 0, 0
53808, 0, 1, 1, 0, 0, 0
53809, 0, 1, 1, 0, 0, 0
53810, 0, 3, 3, 0, 0, 0
53811, 0, 1, 1, 0, 0, 0
53812, 0, 3, 1, 2, 0, 0
53813, 0, 1, 1, 0, 0, 0
53814, 0, 1, 1, 0, 0, 0
53815, 0, 1, 1, 0, 0, 0
53816, 0, 2, 2, 0, 0, 0
53817, 0, 1, 1, 0, 0, 0
53818, 0, 3, 0, 3, 0, 0
53819, 0, 2, 1, 1, 0, 0
53820, 0, 1, 0, 1, 0, 0
53821, 0, 1, 1, 0, 0, 0
53822, 0, 1, 1, 0, 0, 0
53823, 0, 1, 0, 1, 0, 0
17838, 2, 1, 1, 0, 2, 0
17842, 0, 2, 1, 1, 0, 0
17844, 2, 1, 1, 0, 2, 0
17850, 1, 1, 1, 0, 1, 0
17852, 0, 3, 2, 1, 0, 0
17853, 16, 3, 3, 0, 8, 8
17857, 0, 1, 1, 0, 0, 0
17858, 1, 2, 2, 0, 1, 0
17859, 0, 1, 1, 0, 0, 0
17860, 1, 4, 4, 0, 1, 0
17861, 3, 1, 1, 0, 2, 1
17867, 6, 7, 5, 2, 6, 0
17870, 2, 4, 4, 0, 2, 0
17871, 8, 8, 6, 2, 8, 0
17872, 1, 3, 3, 0, 1, 0
17875, 0, 1, 1, 0, 0, 0
17878, 0, 1, 1, 0, 0, 0
17880, 3, 2, 2, 0, 3, 0
17884, 0, 2, 2, 0, 0, 0
17889, 2, 3, 3, 0, 2, 0
17891, 0, 1, 1, 0, 0, 0
17892, 1, 1, 1, 0, 1, 0
17893, 5, 1, 1, 0, 0, 5
17895, 0, 1, 1, 0, 0, 0
17899, 1, 1, 1, 0, 1, 0
17900, 0, 2, 2, 0, 0, 0
17901, 0, 1, 1, 0, 0, 0
17903, 1, 3, 3, 0, 1, 0
53824, 0, 1, 1, 0, 0, 0
18553, 1, 6, 5, 1, 1, 0
53825, 0, 1, 1, 0, 0, 0
53826, 1, 1, 1, 0, 1, 0
53827, 0, 1, 1, 0, 0, 0
53828, 0, 3, 3, 0, 0, 0
53829, 7, 2, 2, 0, 7, 0
53830, 1, 2, 2, 0, 1, 0
34992, 19, 2, 2, 0, 1, 18
34993, 0, 1, 1, 0, 0, 0
34994, 1, 1, 1, 0, 0, 1
34995, 0, 1, 1, 0, 0, 0
34997, 0, 1, 0, 1, 0, 0
34999, 3, 1, 0, 1, 2, 1
35000, 2, 2, 0, 2, 0, 2
53831, 0, 3, 3, 0, 0, 0
53832, 0, 2, 2, 0, 0, 0
53833, 1, 1, 1, 0, 1, 0
12946, 0, 3, 3, 0, 0, 0
24093, 0, 2, 2, 0, 0, 0
35918, 0, 1, 1, 0, 0, 0
30756, 0, 1, 1, 0, 0, 0
30757, 0, 2, 1, 1, 0, 0
30579, 14, 3, 3, 0, 14, 0
53834, 2, 1, 0, 1, 2, 0
53835, 0, 1, 1, 0, 0, 0
53836, 3, 2, 2, 0, 3, 0
53837, 1, 1, 1, 0, 1, 0
53838, 0, 1, 0, 1, 0, 0
8243, 1, 5, 5, 0, 1, 0
53839, 0, 2, 2, 0, 0, 0
53840, 0, 1, 1, 0, 0, 0
53841, 0, 1, 1, 0, 0, 0
53842, 0, 1, 1, 0, 0, 0
53843, 0, 1, 0, 1, 0, 0
37742, 0, 1, 1, 0, 0, 0
14249, 0, 3, 3, 0, 0, 0
25405, 7, 2, 2, 0, 5, 2
30212, 0, 6, 5, 1, 0, 0
33205, 4, 5, 5, 0, 4, 0
39206, 0, 2, 2, 0, 0, 0
39209, 0, 1, 1, 0, 0, 0
53844, 0, 1, 1, 0, 0, 0
9160, 0, 2, 2, 0, 0, 0
14268, 0, 5, 5, 0, 0, 0
15644, 0, 8, 5, 3, 0, 0
15716, 3, 1, 1, 0, 3, 0
16581, 0, 2, 2, 0, 0, 0
18569, 0, 2, 2, 0, 0, 0
19123, 1, 5, 1, 4, 1, 0
24219, 10, 1, 1, 0, 4, 6
25233, 2, 6, 6, 0, 2, 0
30239, 0, 4, 1, 3, 0, 0
32968, 1, 2, 2, 0, 0, 1
33418, 1, 4, 3, 1, 1, 0
34233, 0, 7, 3, 4, 0, 0
35274, 0, 4, 4, 0, 0, 0
40630, 4, 4, 4, 0, 4, 0
41764, 0, 2, 2, 0, 0, 0
46081, 0, 2, 1, 1, 0, 0
52300, 0, 3, 2, 1, 0, 0
53845, 0, 1, 1, 0, 0, 0
53846, 0, 1, 1, 0, 0, 0
53847, 1, 1, 1, 0, 0, 1
53848, 0, 1, 1, 0, 0, 0
53849, 17, 1, 1, 0, 15, 2
53850, 0, 1, 1, 0, 0, 0
53851, 0, 1, 1, 0, 0, 0
53852, 2, 1, 1, 0, 1, 1
53853, 0, 1, 1, 0, 0, 0
53854, 2, 1, 1, 0, 2, 0
53855, 0, 2, 2, 0, 0, 0
53856, 4, 1, 1, 0, 0, 4
53857, 0, 1, 1, 0, 0, 0
53858, 0, 2, 2, 0, 0, 0
53859, 2, 1, 1, 0, 2, 0
53860, 0, 1, 1, 0, 0, 0
53861, 1, 8, 7, 1, 1, 0
53862, 0, 2, 2, 0, 0, 0
53863, 1, 1, 1, 0, 0, 1
53864, 94, 4, 2, 2, 0, 94
53865, 0, 1, 1, 0, 0, 0
53866, 0, 2, 1, 1, 0, 0
53867, 0, 2, 1, 1, 0, 0
53868, 0, 1, 1, 0, 0, 0
53869, 3, 1, 1, 0, 3, 0
53870, 0, 1, 1, 0, 0, 0
53871, 0, 1, 1, 0, 0, 0
53872, 2, 2, 1, 1, 2, 0
53873, 1, 3, 3, 0, 1, 0
53874, 1, 1, 1, 0, 1, 0
53875, 0, 1, 1, 0, 0, 0
53876, 4, 1, 1, 0, 0, 4
53877, 0, 1, 1, 0, 0, 0
47181, 0, 2, 1, 1, 0, 0
16478, 0, 3, 0, 3, 0, 0
30728, 0, 2, 2, 0, 0, 0
30729, 0, 1, 1, 0, 0, 0
30731, 0, 1, 1, 0, 0, 0
30733, 0, 2, 2, 0, 0, 0
30736, 0, 2, 2, 0, 0, 0
30738, 0, 3, 0, 3, 0, 0
30741, 0, 2, 0, 2, 0, 0
30742, 0, 1, 0, 1, 0, 0
30744, 0, 1, 0, 1, 0, 0
30745, 0, 1, 0, 1, 0, 0
26860, 0, 7, 5, 2, 0, 0
53878, 0, 1, 1, 0, 0, 0
53879, 0, 2, 2, 0, 0, 0
51007, 0, 2, 1, 1, 0, 0
53880, 0, 2, 0, 2, 0, 0
53881, 1, 2, 1, 1, 1, 0
13835, 0, 3, 3, 0, 0, 0
15478, 41, 9, 9, 0, 27, 14
29675, 0, 3, 1, 2, 0, 0
31215, 1, 2, 1, 1, 1, 0
34583, 0, 5, 4, 1, 0, 0
48167, 0, 2, 2, 0, 0, 0
48169, 0, 1, 1, 0, 0, 0
48171, 0, 1, 1, 0, 0, 0
48172, 0, 1, 1, 0, 0, 0
48173, 1, 1, 1, 0, 1, 0
48174, 0, 1, 1, 0, 0, 0
48175, 7, 6, 4, 2, 7, 0
13511, 1, 3, 3, 0, 1, 0
23176, 1, 1, 1, 0, 0, 1
23181, 0, 1, 1, 0, 0, 0
23184, 0, 1, 0, 1, 0, 0
9159, 3, 3, 3, 0, 3, 0
53882, 0, 1, 1, 0, 0, 0
53883, 1, 3, 3, 0, 1, 0
53884, 0, 1, 1, 0, 0, 0
53885, 1, 1, 1, 0, 1, 0
8204, 0, 1, 1, 0, 0, 0
8210, 9, 3, 2, 1, 8, 1
8214, 0, 1, 1, 0, 0, 0
8218, 0, 1, 1, 0, 0, 0
8223, 0, 2, 2, 0, 0, 0
8230, 5, 10, 9, 1, 4, 1
8231, 4, 1, 1, 0, 4, 0
8233, 0, 2, 1, 1, 0, 0
8251, 1, 1, 1, 0, 1, 0
8253, 0, 1, 1, 0, 0, 0
8259, 0, 1, 1, 0, 0, 0
8260, 1, 5, 4, 1, 0, 1
8266, 13, 2, 2, 0, 13, 0
8267, 0, 1, 1, 0, 0, 0
8271, 1, 2, 2, 0, 1, 0
8272, 0, 1, 1, 0, 0, 0
8275, 3, 7, 5, 2, 1, 2
8278, 0, 1, 1, 0, 0, 0
8282, 1, 1, 1, 0, 1, 0
8287, 0, 1, 1, 0, 0, 0
8294, 13, 3, 3, 0, 4, 9
8298, 0, 1, 1, 0, 0, 0
8300, 1, 4, 4, 0, 1, 0
8301, 1, 3, 3, 0, 1, 0
8305, 0, 2, 2, 0, 0, 0
8307, 3, 2, 2, 0, 3, 0
8309, 0, 3, 3, 0, 0, 0
8312, 0, 2, 2, 0, 0, 0
8318, 1, 2, 2, 0, 1, 0
8324, 0, 2, 2, 0, 0, 0
8335, 0, 1, 0, 1, 0, 0
8342, 0, 2, 1, 1, 0, 0
35020, 6, 2, 0, 2, 6, 0
41909, 0, 1, 1, 0, 0, 0
41910, 0, 3, 2, 1, 0, 0
41911, 0, 6, 6, 0, 0, 0
51998, 0, 3, 2, 1, 0, 0
53886, 0, 2, 1, 1, 0, 0
53887, 0, 1, 0, 1, 0, 0
53888, 0, 1, 1, 0, 0, 0
36397, 1, 3, 2, 1, 1, 0
45843, 0, 2, 1, 1, 0, 0
53889, 0, 3, 0, 3, 0, 0
53890, 2, 2, 1, 1, 2, 0
53891, 0, 1, 0, 1, 0, 0
53892, 6, 2, 0, 2, 3, 3
10677, 10, 10, 9, 1, 10, 0
53893, 0, 3, 3, 0, 0, 0
53894, 3, 1, 1, 0, 3, 0
53895, 0, 3, 2, 1, 0, 0
53896, 0, 1, 1, 0, 0, 0
34767, 0, 7, 4, 3, 0, 0
53897, 8, 6, 6, 0, 8, 0
53898, 0, 2, 1, 1, 0, 0
53899, 4, 3, 3, 0, 4, 0
53900, 3, 1, 0, 1, 1, 2
53901, 1, 3, 3, 0, 1, 0
53902, 18, 2, 2, 0, 12, 6
53903, 0, 1, 1, 0, 0, 0
45944, 0, 1, 1, 0, 0, 0
45945, 0, 2, 2, 0, 0, 0
27640, 0, 9, 9, 0, 0, 0
32435, 0, 5, 3, 2, 0, 0
32436, 0, 1, 1, 0, 0, 0
32437, 1, 2, 0, 2, 1, 0
32438, 0, 2, 0, 2, 0, 0
32439, 0, 1, 0, 1, 0, 0
32442, 0, 1, 0, 1, 0, 0
32444, 0, 1, 0, 1, 0, 0
53904, 0, 2, 2, 0, 0, 0
37983, 0, 3, 3, 0, 0, 0
53905, 0, 3, 1, 2, 0, 0
53906, 0, 1, 0, 1, 0, 0
53907, 0, 1, 1, 0, 0, 0
30416, 6, 5, 5, 0, 6, 0
53908, 0, 1, 1, 0, 0, 0
53909, 0, 1, 1, 0, 0, 0
50389, 0, 6, 6, 0, 0, 0
53910, 2, 1, 1, 0, 2, 0
53911, 0, 1, 1, 0, 0, 0
53912, 0, 4, 4, 0, 0, 0
53913, 0, 3, 3, 0, 0, 0
53914, 0, 1, 0, 1, 0, 0
53915, 0, 1, 1, 0, 0, 0
53916, 0, 1, 1, 0, 0, 0
53917, 1, 1, 1, 0, 1, 0
53918, 2, 1, 1, 0, 1, 1
14025, 12, 4, 4, 0, 10, 2
38597, 4, 5, 5, 0, 3, 1
53919, 6, 2, 2, 0, 6, 0
53920, 0, 3, 3, 0, 0, 0
53921, 0, 3, 3, 0, 0, 0
53922, 0, 1, 1, 0, 0, 0
53923, 2, 1, 1, 0, 2, 0
19388, 0, 8, 8, 0, 0, 0
19710, 0, 5, 3, 2, 0, 0
28437, 0, 2, 2, 0, 0, 0
49812, 0, 5, 5, 0, 0, 0
53924, 0, 1, 1, 0, 0, 0
53925, 0, 1, 1, 0, 0, 0
53926, 0, 4, 3, 1, 0, 0
53927, 0, 1, 1, 0, 0, 0
53928, 0, 1, 1, 0, 0, 0
53929, 0, 2, 2, 0, 0, 0
53930, 0, 2, 2, 0, 0, 0
53931, 0, 1, 1, 0, 0, 0
53932, 0, 1, 1, 0, 0, 0
53933, 0, 1, 1, 0, 0, 0
53934, 0, 1, 1, 0, 0, 0
53935, 0, 1, 1, 0, 0, 0
53936, 0, 1, 1, 0, 0, 0
53937, 1, 1, 1, 0, 1, 0
11997, 0, 3, 3, 0, 0, 0
24235, 6, 4, 3, 1, 4, 2
53938, 0, 1, 1, 0, 0, 0
53939, 0, 2, 1, 1, 0, 0
53940, 0, 1, 1, 0, 0, 0
53941, 0, 1, 0, 1, 0, 0
53942, 2, 3, 3, 0, 2, 0
53943, 0, 1, 1, 0, 0, 0
53944, 0, 1, 1, 0, 0, 0
53945, 0, 1, 1, 0, 0, 0
53946, 0, 1, 1, 0, 0, 0
53947, 0, 1, 0, 1, 0, 0
24279, 37, 6, 4, 2, 19, 18
29412, 7, 4, 3, 1, 5, 2
33417, 0, 3, 3, 0, 0, 0
33419, 0, 3, 3, 0, 0, 0
33421, 0, 8, 8, 0, 0, 0
33423, 0, 1, 1, 0, 0, 0
33432, 0, 6, 6, 0, 0, 0
33435, 3, 3, 2, 1, 3, 0
33436, 0, 1, 0, 1, 0, 0
14155, 0, 2, 1, 1, 0, 0
53948, 0, 1, 1, 0, 0, 0
21747, 7, 2, 2, 0, 7, 0
21749, 0, 1, 1, 0, 0, 0
21751, 0, 6, 6, 0, 0, 0
53949, 0, 2, 2, 0, 0, 0
44146, 2, 2, 2, 0, 2, 0
53950, 0, 1, 1, 0, 0, 0
53951, 0, 3, 2, 1, 0, 0
53952, 0, 2, 1, 1, 0, 0
29819, 0, 3, 3, 0, 0, 0
29820, 1, 1, 1, 0, 1, 0
53953, 0, 3, 3, 0, 0, 0
53954, 2, 1, 1, 0, 2, 0
53955, 0, 1, 1, 0, 0, 0
53956, 0, 1, 1, 0, 0, 0
53957, 0, 1, 1, 0, 0, 0
53958, 0, 1, 1, 0, 0, 0
53959, 1, 1, 1, 0, 1, 0
53960, 0, 1, 1, 0, 0, 0
15101, 0, 16, 16, 0, 0, 0
53961, 0, 1, 1, 0, 0, 0
53962, 0, 1, 1, 0, 0, 0
53963, 0, 1, 1, 0, 0, 0
53964, 0, 1, 1, 0, 0, 0
9170, 0, 7, 5, 2, 0, 0
26895, 11, 4, 4, 0, 9, 2
53965, 0, 2, 2, 0, 0, 0
53966, 0, 3, 3, 0, 0, 0
53967, 0, 1, 1, 0, 0, 0
53968, 2, 1, 1, 0, 2, 0
53969, 1, 1, 1, 0, 1, 0
53970, 13, 6, 6, 0, 11, 2
27063, 5, 1, 1, 0, 5, 0
27064, 1, 1, 1, 0, 1, 0
27066, 0, 1, 1, 0, 0, 0
27069, 0, 1, 1, 0, 0, 0
27070, 0, 2, 1, 1, 0, 0
27074, 0, 1, 1, 0, 0, 0
27075, 0, 7, 7, 0, 0, 0
27076, 21, 1, 1, 0, 21, 0
27077, 0, 1, 1, 0, 0, 0
27079, 0, 1, 1, 0, 0, 0
13878, 0, 2, 1, 1, 0, 0
18539, 8, 3, 3, 0, 7, 1
22013, 8, 1, 1, 0, 8, 0
22896, 0, 6, 5, 1, 0, 0
23419, 6, 4, 4, 0, 4, 2
24909, 0, 2, 2, 0, 0, 0
29599, 0, 2, 1, 1, 0, 0
42538, 1, 5, 4, 1, 1, 0
53971, 1, 1, 1, 0, 1, 0
53972, 0, 2, 1, 1, 0, 0
53973, 0, 1, 1, 0, 0, 0
53974, 0, 1, 1, 0, 0, 0
53975, 3, 1, 1, 0, 3, 0
53976, 0, 2, 2, 0, 0, 0
53977, 0, 1, 1, 0, 0, 0
53978, 2, 2, 2, 0, 2, 0
53979, 1, 1, 1, 0, 0, 1
53980, 0, 1, 1, 0, 0, 0
53981, 2, 2, 2, 0, 2, 0
53982, 19, 4, 4, 0, 18, 1
53983, 0, 1, 1, 0, 0, 0
53984, 0, 2, 2, 0, 0, 0
53985, 0, 1, 1, 0, 0, 0
53986, 2, 2, 1, 1, 1, 1
53987, 1, 1, 0, 1, 1, 0
31294, 2, 3, 1, 2, 1, 1
51194, 0, 3, 3, 0, 0, 0
53988, 0, 1, 1, 0, 0, 0
53989, 8, 2, 2, 0, 8, 0
53990, 0, 1, 0, 1, 0, 0
53991, 7, 3, 1, 2, 6, 1
53992, 0, 1, 0, 1, 0, 0
53993, 15, 2, 0, 2, 0, 15
45856, 0, 2, 2, 0, 0, 0
53994, 0, 1, 1, 0, 0, 0
16884, 0, 6, 2, 4, 0, 0
23576, 17, 3, 2, 1, 16, 1
44591, 2, 2, 1, 1, 2, 0
45918, 0, 1, 1, 0, 0, 0
45919, 1, 3, 2, 1, 1, 0
45922, 0, 1, 0, 1, 0, 0
45924, 1, 1, 0, 1, 1, 0
45925, 0, 1, 0, 1, 0, 0
45927, 0, 1, 0, 1, 0, 0
45928, 0, 1, 0, 1, 0, 0
45929, 0, 1, 0, 1, 0, 0
45931, 1, 1, 0, 1, 0, 1
45932, 0, 2, 1, 1, 0, 0
45934, 0, 1, 0, 1, 0, 0
53995, 0, 2, 2, 0, 0, 0
53996, 1, 4, 3, 1, 1, 0
53997, 1, 1, 1, 0, 0, 1
8344, 44, 0, 0, 0, 44, 0
53998, 1, 1, 1, 0, 1, 0
53999, 1, 2, 2, 0, 1, 0
54000, 0, 1, 1, 0, 0, 0
32971, 0, 6, 5, 1, 0, 0
43959, 4, 3, 3, 0, 1, 3
54001, 0, 3, 3, 0, 0, 0
54002, 0, 3, 2, 1, 0, 0
54003, 0, 1, 0, 1, 0, 0
27391, 0, 1, 1, 0, 0, 0
8360, 19, 4, 4, 0, 9, 10
8361, 0, 1, 0, 1, 0, 0
19412, 2, 2, 2, 0, 2, 0
54005, 1, 1, 1, 0, 1, 0
39057, 0, 4, 4, 0, 0, 0
45935, 0, 1, 1, 0, 0, 0
45936, 0, 1, 1, 0, 0, 0
45939, 1, 1, 1, 0, 1, 0
43928, 1, 1, 1, 0, 0, 1
54006, 0, 2, 2, 0, 0, 0
54007, 0, 1, 1, 0, 0, 0
54008, 0, 2, 2, 0, 0, 0
54009, 0, 1, 1, 0, 0, 0
54010, 0, 5, 5, 0, 0, 0
54011, 0, 1, 1, 0, 0, 0
54012, 0, 1, 1, 0, 0, 0
54020, 0, 3, 3, 0, 0, 0
44148, 0, 1, 1, 0, 0, 0
44149, 2, 1, 1, 0, 2, 0
44150, 1, 1, 1, 0, 1, 0
27044, 0, 5, 5, 0, 0, 0
54021, 1, 1, 1, 0, 1, 0
20999, 8, 4, 4, 0, 8, 0
54022, 1, 1, 1, 0, 1, 0
54023, 0, 1, 1, 0, 0, 0
54024, 0, 3, 3, 0, 0, 0
26913, 0, 13, 4, 9, 0, 0
54025, 1, 1, 1, 0, 1, 0
54026, 0, 1, 1, 0, 0, 0
54027, 0, 2, 2, 0, 0, 0
54028, 0, 1, 0, 1, 0, 0
18104, 0, 1, 1, 0, 0, 0
54029, 0, 4, 4, 0, 0, 0
54030, 0, 1, 1, 0, 0, 0
24304, 0, 4, 4, 0, 0, 0
24306, 0, 1, 0, 1, 0, 0
54031, 1, 2, 0, 2, 0, 1
48188, 0, 1, 1, 0, 0, 0
32410, 29, 2, 1, 1, 27, 2
52720, 0, 1, 1, 0, 0, 0
52721, 21, 1, 1, 0, 21, 0
38415, 0, 3, 3, 0, 0, 0
41126, 15, 1, 1, 0, 15, 0
41128, 4, 2, 2, 0, 4, 0
41129, 1, 1, 1, 0, 1, 0
41131, 24, 1, 1, 0, 11, 13
44162, 4, 2, 2, 0, 4, 0
54049, 0, 1, 1, 0, 0, 0
54050, 0, 1, 1, 0, 0, 0
11856, 5, 2, 2, 0, 4, 1
13458, 0, 3, 3, 0, 0, 0
13459, 4, 2, 2, 0, 4, 0
13461, 0, 1, 1, 0, 0, 0
13462, 7, 4, 4, 0, 7, 0
13465, 0, 3, 3, 0, 0, 0
13467, 4, 2, 2, 0, 4, 0
13468, 0, 1, 0, 1, 0, 0
54051, 0, 1, 1, 0, 0, 0
37150, 0, 4, 3, 1, 0, 0
54655, 0, 1, 1, 0, 0, 0
54662, 16, 3, 2, 1, 14, 2
54663, 0, 3, 3, 0, 0, 0
54664, 0, 1, 1, 0, 0, 0
29119, 11, 16, 15, 1, 11, 0
55887, 4, 3, 3, 0, 4, 0
55888, 3, 3, 3, 0, 3, 0
33714, 1, 2, 1, 1, 1, 0
55889, 0, 2, 1, 1, 0, 0
55890, 0, 1, 1, 0, 0, 0
55891, 0, 1, 1, 0, 0, 0
55892, 0, 1, 0, 1, 0, 0
8437, 1, 0, 0, 0, 1, 0
8438, 8, 6, 4, 2, 8, 0
8442, 0, 5, 4, 1, 0, 0
8446, 0, 1, 1, 0, 0, 0
8447, 0, 1, 1, 0, 0, 0
8454, 1, 2, 2, 0, 1, 0
29152, 0, 4, 3, 1, 0, 0
55917, 0, 1, 1, 0, 0, 0
31209, 5, 7, 7, 0, 3, 2
55918, 0, 1, 0, 1, 0, 0
32545, 3, 5, 1, 4, 2, 1
55919, 2, 2, 2, 0, 2, 0
55920, 0, 1, 1, 0, 0, 0
55921, 0, 2, 2, 0, 0, 0
55922, 0, 1, 1, 0, 0, 0
8455, 1, 0, 0, 0, 1, 0
8456, 1, 0, 0, 0, 1, 0
8459, 0, 1, 1, 0, 0, 0
8460, 6, 2, 2, 0, 6, 0
55937, 2, 2, 2, 0, 2, 0
55938, 5, 1, 1, 0, 5, 0
22520, 0, 2, 2, 0, 0, 0
8463, 1, 1, 1, 0, 1, 0
8464, 5, 0, 0, 0, 5, 0
612, 0, 4, 4, 0, 0, 0
28792, 0, 2, 2, 0, 0, 0
28794, 2, 2, 2, 0, 2, 0
28795, 0, 1, 1, 0, 0, 0
28796, 3, 1, 1, 0, 3, 0
28797, 0, 2, 2, 0, 0, 0
28798, 0, 2, 2, 0, 0, 0
8468, 4, 0, 0, 0, 4, 0
46080, 0, 2, 0, 2, 0, 0
55965, 0, 6, 6, 0, 0, 0
8471, 1, 0, 0, 0, 1, 0
31258, 4, 7, 2, 5, 2, 2
55966, 3, 2, 2, 0, 3, 0
55967, 0, 1, 1, 0, 0, 0
55968, 0, 1, 1, 0, 0, 0
55969, 2, 2, 2, 0, 2, 0
15690, 0, 5, 5, 0, 0, 0
45081, 9, 4, 3, 1, 7, 2
45645, 0, 1, 1, 0, 0, 0
45646, 0, 1, 1, 0, 0, 0
45647, 0, 2, 1, 1, 0, 0
45648, 0, 1, 1, 0, 0, 0
45649, 0, 1, 1, 0, 0, 0
19704, 0, 1, 1, 0, 0, 0
19711, 0, 1, 1, 0, 0, 0
19715, 2, 3, 1, 2, 2, 0
19716, 1, 1, 1, 0, 0, 1
19717, 1, 1, 1, 0, 0, 1
19718, 0, 1, 1, 0, 0, 0
19722, 0, 1, 1, 0, 0, 0
19725, 1, 2, 0, 2, 1, 0
19726, 1, 3, 2, 1, 1, 0
19727, 0, 1, 0, 1, 0, 0
19731, 0, 1, 0, 1, 0, 0
19734, 5, 1, 0, 1, 5, 0
19735, 1, 1, 0, 1, 1, 0
19736, 3, 3, 2, 1, 1, 2
19738, 0, 2, 1, 1, 0, 0
19739, 0, 2, 1, 1, 0, 0
19740, 14, 1, 0, 1, 13, 1
19742, 0, 2, 1, 1, 0, 0
19743, 7, 1, 0, 1, 5, 2
19748, 0, 1, 0, 1, 0, 0
52730, 0, 4, 3, 1, 0, 0
55970, 0, 1, 1, 0, 0, 0
55971, 0, 4, 4, 0, 0, 0
55972, 10, 1, 1, 0, 6, 4
55973, 0, 1, 0, 1, 0, 0
38307, 0, 2, 2, 0, 0, 0
55974, 0, 1, 0, 1, 0, 0
30921, 13, 4, 4, 0, 10, 3
55975, 0, 2, 2, 0, 0, 0
35110, 3, 2, 2, 0, 3, 0
55976, 2, 1, 1, 0, 2, 0
14023, 0, 7, 6, 1, 0, 0
49816, 0, 1, 1, 0, 0, 0
49817, 0, 1, 1, 0, 0, 0
28088, 0, 6, 6, 0, 0, 0
55977, 0, 2, 2, 0, 0, 0
55978, 3, 1, 1, 0, 2, 1
38892, 0, 4, 4, 0, 0, 0
55979, 0, 1, 1, 0, 0, 0
55980, 35, 2, 2, 0, 35, 0
25862, 0, 2, 1, 1, 0, 0
55981, 1, 1, 1, 0, 1, 0
55982, 0, 1, 1, 0, 0, 0
55983, 0, 1, 1, 0, 0, 0
35175, 5, 1, 1, 0, 2, 3
40974, 23, 1, 1, 0, 22, 1
52260, 7, 3, 2, 1, 7, 0
55984, 8, 2, 2, 0, 8, 0
55985, 8, 1, 1, 0, 8, 0
55986, 29, 1, 1, 0, 24, 5
55987, 9, 1, 1, 0, 6, 3
55988, 0, 1, 1, 0, 0, 0
27316, 3, 2, 2, 0, 3, 0
54512, 4, 2, 2, 0, 4, 0
54513, 0, 2, 2, 0, 0, 0
54514, 3, 3, 3, 0, 3, 0
54515, 1, 1, 1, 0, 1, 0
8979, 0, 4, 4, 0, 0, 0
17742, 0, 1, 1, 0, 0, 0
17743, 0, 1, 1, 0, 0, 0
17745, 0, 1, 1, 0, 0, 0
17750, 2, 1, 1, 0, 2, 0
31126, 0, 5, 5, 0, 0, 0
44397, 25, 2, 2, 0, 25, 0
22174, 1, 4, 3, 1, 0, 1
46092, 0, 2, 1, 1, 0, 0
54111, 13, 1, 0, 1, 13, 0
55989, 1, 2, 1, 1, 0, 1
55990, 1, 1, 0, 1, 0, 1
55991, 0, 1, 0, 1, 0, 0
55992, 0, 2, 1, 1, 0, 0
55993, 0, 2, 1, 1, 0, 0
55994, 0, 1, 0, 1, 0, 0
55995, 1, 2, 1, 1, 1, 0
19042, 0, 2, 0, 2, 0, 0
22366, 0, 2, 2, 0, 0, 0
33748, 5, 4, 4, 0, 5, 0
33749, 3, 3, 3, 0, 3, 0
33750, 0, 2, 2, 0, 0, 0
33752, 0, 1, 1, 0, 0, 0
33753, 0, 1, 1, 0, 0, 0
33754, 1, 3, 3, 0, 0, 1
33756, 0, 1, 1, 0, 0, 0
33757, 11, 1, 1, 0, 11, 0
33758, 0, 2, 2, 0, 0, 0
33763, 0, 2, 2, 0, 0, 0
33766, 0, 2, 2, 0, 0, 0
33770, 0, 1, 0, 1, 0, 0
33771, 0, 2, 1, 1, 0, 0
33773, 30, 2, 1, 1, 30, 0
33774, 0, 2, 1, 1, 0, 0
33775, 1, 3, 1, 2, 0, 1
25234, 6, 5, 5, 0, 6, 0
55996, 0, 1, 1, 0, 0, 0
55997, 0, 1, 1, 0, 0, 0
55998, 0, 1, 0, 1, 0, 0
27313, 0, 2, 2, 0, 0, 0
36356, 0, 3, 3, 0, 0, 0
36829, 0, 4, 3, 1, 0, 0
49492, 0, 3, 3, 0, 0, 0
55999, 9, 3, 3, 0, 7, 2
56000, 0, 1, 1, 0, 0, 0
56001, 0, 1, 1, 0, 0, 0
56002, 0, 1, 1, 0, 0, 0
56003, 0, 1, 1, 0, 0, 0
56004, 0, 4, 4, 0, 0, 0
56005, 0, 2, 2, 0, 0, 0
56006, 0, 2, 1, 1, 0, 0
56007, 0, 1, 1, 0, 0, 0
10142, 0, 5, 5, 0, 0, 0
27601, 70, 1, 1, 0, 67, 3
56008, 0, 1, 1, 0, 0, 0
56009, 0, 1, 1, 0, 0, 0
52338, 0, 4, 4, 0, 0, 0
52339, 0, 2, 2, 0, 0, 0
52340, 2, 1, 1, 0, 2, 0
52341, 1, 3, 3, 0, 1, 0
52342, 0, 1, 1, 0, 0, 0
52343, 0, 1, 1, 0, 0, 0
52344, 0, 1, 1, 0, 0, 0
56012, 0, 1, 1, 0, 0, 0
56013, 1, 2, 2, 0, 1, 0
56014, 1, 1, 1, 0, 1, 0
10067, 0, 5, 2, 3, 0, 0
56015, 0, 1, 1, 0, 0, 0
34219, 0, 3, 3, 0, 0, 0
56016, 0, 1, 1, 0, 0, 0
56017, 0, 1, 1, 0, 0, 0
56018, 2, 6, 2, 4, 0, 2
56019, 0, 1, 0, 1, 0, 0
56020, 0, 1, 1, 0, 0, 0
56021, 0, 3, 2, 1, 0, 0
56022, 1, 1, 1, 0, 0, 1
56023, 0, 1, 1, 0, 0, 0
56024, 0, 1, 1, 0, 0, 0
56025, 2, 1, 1, 0, 2, 0
56026, 0, 3, 3, 0, 0, 0
45053, 0, 1, 1, 0, 0, 0
14363, 0, 4, 4, 0, 0, 0
17974, 0, 3, 3, 0, 0, 0
41055, 1, 2, 2, 0, 0, 1
41056, 0, 2, 2, 0, 0, 0
41063, 0, 2, 2, 0, 0, 0
41065, 0, 2, 2, 0, 0, 0
41068, 2, 2, 2, 0, 0, 2
56027, 0, 4, 2, 2, 0, 0
56028, 0, 1, 1, 0, 0, 0
37286, 0, 4, 4, 0, 0, 0
22926, 1, 2, 2, 0, 1, 0
29283, 0, 3, 2, 1, 0, 0
30100, 13, 5, 3, 2, 11, 2
44212, 4, 2, 2, 0, 4, 0
56029, 0, 1, 1, 0, 0, 0
56030, 0, 1, 1, 0, 0, 0
38796, 1, 5, 4, 1, 1, 0
56031, 7, 1, 1, 0, 7, 0
56032, 5, 1, 0, 1, 4, 1
56033, 18, 1, 0, 1, 17, 1
56034, 0, 3, 2, 1, 0, 0
56035, 0, 1, 0, 1, 0, 0
56036, 0, 1, 0, 1, 0, 0
56037, 0, 1, 0, 1, 0, 0
56038, 1, 1, 0, 1, 0, 1
14256, 8, 6, 6, 0, 8, 0
8563, 1, 1, 0, 1, 1, 0
8564, 3, 0, 0, 0, 3, 0
8566, 0, 8, 6, 2, 0, 0
8567, 5, 0, 0, 0, 5, 0
8568, 3, 3, 3, 0, 3, 0
18611, 36, 1, 1, 0, 24, 12
56039, 0, 1, 1, 0, 0, 0
23505, 6, 3, 2, 1, 6, 0
17924, 0, 4, 4, 0, 0, 0
56040, 6, 2, 2, 0, 4, 2
56041, 1, 1, 1, 0, 1, 0
33879, 0, 3, 3, 0, 0, 0
43217, 31, 8, 6, 2, 20, 11
26878, 0, 3, 0, 3, 0, 0
32905, 7, 4, 3, 1, 7, 0
33165, 0, 7, 1, 6, 0, 0
34823, 4, 3, 1, 2, 0, 4
37967, 0, 3, 2, 1, 0, 0
39168, 1, 2, 2, 0, 1, 0
45117, 0, 2, 2, 0, 0, 0
45118, 0, 1, 1, 0, 0, 0
45119, 0, 2, 1, 1, 0, 0
45120, 0, 1, 0, 1, 0, 0
45121, 0, 1, 0, 1, 0, 0
45123, 0, 1, 0, 1, 0, 0
45124, 0, 3, 0, 3, 0, 0
45125, 0, 4, 3, 1, 0, 0
45127, 0, 1, 0, 1, 0, 0
45128, 22, 2, 1, 1, 14, 8
45129, 0, 2, 1, 1, 0, 0
56042, 0, 1, 1, 0, 0, 0
56043, 2, 2, 2, 0, 2, 0
56044, 0, 1, 1, 0, 0, 0
56045, 0, 1, 1, 0, 0, 0
56046, 0, 1, 1, 0, 0, 0
56047, 0, 1, 1, 0, 0, 0
56048, 2, 2, 2, 0, 2, 0
56049, 0, 1, 1, 0, 0, 0
56050, 4, 2, 2, 0, 4, 0
19045, 0, 3, 1, 2, 0, 0
56051, 0, 1, 1, 0, 0, 0
56052, 2, 2, 2, 0, 2, 0
56053, 0, 1, 1, 0, 0, 0
56054, 0, 1, 1, 0, 0, 0
56055, 0, 1, 1, 0, 0, 0
26280, 1, 4, 4, 0, 1, 0
10373, 4, 10, 9, 1, 4, 0
45888, 0, 2, 2, 0, 0, 0
56056, 2, 1, 1, 0, 2, 0
56057, 3, 4, 4, 0, 3, 0
56058, 2, 1, 1, 0, 2, 0
44948, 1, 1, 1, 0, 1, 0
21702, 1, 4, 4, 0, 1, 0
38533, 3, 2, 2, 0, 3, 0
56059, 0, 2, 1, 1, 0, 0
56060, 3, 3, 0, 3, 3, 0
56061, 0, 1, 0, 1, 0, 0
56062, 0, 4, 0, 4, 0, 0
52326, 0, 1, 1, 0, 0, 0
52327, 5, 2, 2, 0, 5, 0
52328, 0, 1, 1, 0, 0, 0
52329, 0, 2, 2, 0, 0, 0
52330, 2, 1, 1, 0, 2, 0
52331, 1, 1, 1, 0, 1, 0
52332, 0, 1, 0, 1, 0, 0
52333, 0, 3, 0, 3, 0, 0
52334, 0, 1, 0, 1, 0, 0
52335, 0, 2, 0, 2, 0, 0
52336, 0, 3, 1, 2, 0, 0
52337, 0, 2, 1, 1, 0, 0
56063, 1, 1, 1, 0, 1, 0
56064, 11, 1, 0, 1, 10, 1
51209, 0, 3, 2, 1, 0, 0
56065, 0, 1, 0, 1, 0, 0
56066, 11, 2, 0, 2, 1, 10
56067, 1, 1, 0, 1, 1, 0
19464, 9, 6, 6, 0, 7, 2
44449, 2, 1, 1, 0, 2, 0
56068, 1, 3, 2, 1, 0, 1
56069, 0, 1, 1, 0, 0, 0
56070, 0, 1, 1, 0, 0, 0
56071, 0, 1, 1, 0, 0, 0
56072, 0, 1, 1, 0, 0, 0
56073, 1, 1, 1, 0, 1, 0
56074, 0, 1, 1, 0, 0, 0
13872, 0, 2, 2, 0, 0, 0
29190, 7, 2, 1, 1, 5, 2
51015, 0, 3, 3, 0, 0, 0
51993, 0, 4, 3, 1, 0, 0
51994, 0, 2, 1, 1, 0, 0
51995, 0, 1, 0, 1, 0, 0
56075, 1, 1, 1, 0, 1, 0
21120, 9, 4, 0, 4, 1, 8
56076, 3, 1, 1, 0, 3, 0
56077, 0, 5, 5, 0, 0, 0
56078, 0, 2, 0, 2, 0, 0
27856, 2, 8, 7, 1, 2, 0
35928, 0, 1, 1, 0, 0, 0
23000, 1, 8, 7, 1, 1, 0
45178, 2, 1, 1, 0, 2, 0
50652, 0, 1, 1, 0, 0, 0
50654, 0, 1, 1, 0, 0, 0
50656, 4, 2, 2, 0, 4, 0
50657, 1, 4, 4, 0, 1, 0
50658, 0, 3, 3, 0, 0, 0
54887, 1, 2, 0, 2, 0, 1
32412, 0, 2, 2, 0, 0, 0
35905, 6, 2, 2, 0, 5, 1
56079, 0, 3, 3, 0, 0, 0
26156, 3, 6, 6, 0, 3, 0
40483, 8, 5, 5, 0, 8, 0
56080, 4, 2, 2, 0, 4, 0
30282, 0, 6, 5, 1, 0, 0
56081, 0, 1, 1, 0, 0, 0
56082, 1, 1, 1, 0, 1, 0
56083, 0, 1, 1, 0, 0, 0
9669, 4, 5, 4, 1, 4, 0
31213, 2, 6, 6, 0, 0, 2
56084, 0, 2, 2, 0, 0, 0
56085, 0, 1, 1, 0, 0, 0
56086, 0, 2, 1, 1, 0, 0
56087, 0, 3, 3, 0, 0, 0
56088, 0, 1, 1, 0, 0, 0
56089, 1, 2, 2, 0, 1, 0
56090, 0, 7, 7, 0, 0, 0
56091, 0, 1, 1, 0, 0, 0
43208, 0, 2, 2, 0, 0, 0
56092, 1, 1, 1, 0, 1, 0
56093, 0, 1, 1, 0, 0, 0
14854, 4, 4, 4, 0, 4, 0
56094, 0, 1, 1, 0, 0, 0
56095, 0, 1, 1, 0, 0, 0
56096, 0, 1, 1, 0, 0, 0
56097, 0, 2, 0, 2, 0, 0
55719, 0, 6, 4, 2, 0, 0
45857, 0, 1, 1, 0, 0, 0
12518, 0, 4, 4, 0, 0, 0
50402, 0, 2, 2, 0, 0, 0
56098, 0, 1, 1, 0, 0, 0
56099, 1, 2, 2, 0, 1, 0
29517, 0, 6, 5, 1, 0, 0
29559, 0, 1, 1, 0, 0, 0
29560, 0, 1, 1, 0, 0, 0
29561, 0, 1, 1, 0, 0, 0
29567, 0, 1, 0, 1, 0, 0
45627, 0, 1, 1, 0, 0, 0
45628, 0, 1, 1, 0, 0, 0
45629, 0, 2, 0, 2, 0, 0
45630, 0, 1, 0, 1, 0, 0
16326, 0, 2, 2, 0, 0, 0
16334, 0, 3, 1, 2, 0, 0
45644, 0, 2, 1, 1, 0, 0
13517, 0, 2, 2, 0, 0, 0
15523, 1, 5, 5, 0, 1, 0
31396, 0, 3, 3, 0, 0, 0
38783, 0, 1, 1, 0, 0, 0
38784, 0, 1, 1, 0, 0, 0
38785, 0, 2, 2, 0, 0, 0
38786, 31, 2, 2, 0, 5, 26
38787, 9, 4, 3, 1, 9, 0
38788, 0, 2, 2, 0, 0, 0
38789, 0, 1, 1, 0, 0, 0
38790, 1, 4, 4, 0, 1, 0
38791, 0, 6, 6, 0, 0, 0
38792, 0, 1, 1, 0, 0, 0
38794, 0, 1, 1, 0, 0, 0
38797, 4, 2, 2, 0, 4, 0
38798, 0, 1, 1, 0, 0, 0
38799, 0, 3, 3, 0, 0, 0
38800, 0, 2, 1, 1, 0, 0
38801, 0, 1, 1, 0, 0, 0
38802, 0, 1, 1, 0, 0, 0
38803, 2, 5, 5, 0, 2, 0
56100, 1, 1, 1, 0, 1, 0
35800, 0, 4, 0, 4, 0, 0
56101, 0, 2, 2, 0, 0, 0
32739, 2, 3, 1, 2, 2, 0
20882, 2, 5, 4, 1, 2, 0
26275, 6, 4, 4, 0, 5, 1
34399, 0, 2, 2, 0, 0, 0
39041, 0, 1, 1, 0, 0, 0
39042, 0, 1, 1, 0, 0, 0
39043, 0, 4, 3, 1, 0, 0
39045, 0, 2, 1, 1, 0, 0
39048, 0, 2, 1, 1, 0, 0
39049, 0, 2, 1, 1, 0, 0
19398, 0, 6, 4, 2, 0, 0
35649, 0, 5, 3, 2, 0, 0
53106, 1, 3, 2, 1, 1, 0
56102, 0, 1, 1, 0, 0, 0
56103, 0, 1, 1, 0, 0, 0
56104, 0, 1, 1, 0, 0, 0
56105, 0, 1, 1, 0, 0, 0
56106, 0, 1, 0, 1, 0, 0
56107, 2, 2, 1, 1, 2, 0
23336, 48, 4, 2, 2, 39, 9
23818, 4, 4, 3, 1, 4, 0
24647, 9, 6, 4, 2, 8, 1
25692, 2, 2, 1, 1, 2, 0
31272, 0, 3, 2, 1, 0, 0
35621, 2, 2, 0, 2, 1, 1
35786, 0, 3, 2, 1, 0, 0
36920, 0, 3, 2, 1, 0, 0
38998, 7, 8, 6, 2, 6, 1
44495, 2, 2, 1, 1, 2, 0
49497, 0, 2, 1, 1, 0, 0
52039, 0, 2, 1, 1, 0, 0
52423, 6, 5, 3, 2, 4, 2
53141, 0, 3, 1, 2, 0, 0
54146, 2, 3, 3, 0, 2, 0
56150, 0, 2, 0, 2, 0, 0
56151, 0, 7, 5, 2, 0, 0
56152, 0, 1, 0, 1, 0, 0
56153, 3, 3, 2, 1, 3, 0
56154, 0, 4, 3, 1, 0, 0
56155, 7, 4, 3, 1, 7, 0
56156, 0, 1, 0, 1, 0, 0
56157, 0, 1, 0, 1, 0, 0
56158, 0, 1, 0, 1, 0, 0
56159, 0, 2, 1, 1, 0, 0
56160, 1, 1, 0, 1, 1, 0
56161, 0, 2, 1, 1, 0, 0
56162, 0, 3, 1, 2, 0, 0
56163, 0, 3, 1, 2, 0, 0
56164, 0, 1, 0, 1, 0, 0
56165, 0, 1, 0, 1, 0, 0
56166, 0, 1, 0, 1, 0, 0
56167, 0, 1, 0, 1, 0, 0
56168, 1, 1, 0, 1, 1, 0
56169, 0, 2, 1, 1, 0, 0
56170, 8, 2, 1, 1, 8, 0
56171, 0, 1, 0, 1, 0, 0
56172, 1, 2, 0, 2, 1, 0
56173, 0, 1, 0, 1, 0, 0
56174, 5, 2, 1, 1, 0, 5
56175, 0, 1, 0, 1, 0, 0
56176, 0, 1, 0, 1, 0, 0
56177, 0, 1, 0, 1, 0, 0
56178, 0, 1, 0, 1, 0, 0
34230, 2, 3, 3, 0, 2, 0
34231, 0, 2, 2, 0, 0, 0
34232, 1, 1, 1, 0, 1, 0
34234, 5, 2, 1, 1, 2, 3
26449, 3, 1, 1, 0, 2, 1
26451, 0, 1, 0, 1, 0, 0
56179, 0, 1, 1, 0, 0, 0
10084, 0, 6, 1, 5, 0, 0
22331, 0, 4, 0, 4, 0, 0
56180, 0, 1, 0, 1, 0, 0
56181, 1, 2, 1, 1, 0, 1
56182, 1, 1, 0, 1, 0, 1
56183, 0, 2, 0, 2, 0, 0
56184, 0, 1, 0, 1, 0, 0
56185, 0, 2, 1, 1, 0, 0
20342, 1, 5, 4, 1, 1, 0
29811, 4, 5, 3, 2, 4, 0
41864, 1, 2, 0, 2, 1, 0
42026, 0, 3, 1, 2, 0, 0
56186, 0, 3, 0, 3, 0, 0
56187, 0, 1, 0, 1, 0, 0
56188, 0, 1, 0, 1, 0, 0
56189, 0, 1, 0, 1, 0, 0
56190, 0, 1, 0, 1, 0, 0
56191, 0, 1, 0, 1, 0, 0
56192, 45, 1, 0, 1, 11, 34
56193, 0, 1, 0, 1, 0, 0
29703, 9, 5, 3, 2, 6, 3
54101, 0, 4, 3, 1, 0, 0
54895, 0, 1, 1, 0, 0, 0
54896, 0, 1, 1, 0, 0, 0
54897, 0, 1, 1, 0, 0, 0
54898, 0, 2, 0, 2, 0, 0
54899, 0, 1, 0, 1, 0, 0
54900, 0, 2, 1, 1, 0, 0
54901, 2, 1, 0, 1, 2, 0
54902, 0, 1, 0, 1, 0, 0
21000, 0, 1, 1, 0, 0, 0
21002, 0, 2, 2, 0, 0, 0
21004, 0, 4, 2, 2, 0, 0
21011, 0, 2, 2, 0, 0, 0
21012, 0, 1, 1, 0, 0, 0
21014, 0, 1, 1, 0, 0, 0
21026, 2, 4, 4, 0, 2, 0
21028, 0, 2, 2, 0, 0, 0
21029, 1, 2, 2, 0, 1, 0
21031, 0, 1, 1, 0, 0, 0
21032, 1, 3, 2, 1, 1, 0
21034, 0, 1, 0, 1, 0, 0
21035, 17, 5, 2, 3, 12, 5
21036, 1, 2, 1, 1, 1, 0
21037, 0, 1, 0, 1, 0, 0
21038, 0, 1, 0, 1, 0, 0
21040, 0, 1, 0, 1, 0, 0
21045, 0, 1, 0, 1, 0, 0
15286, 2, 10, 5, 5, 2, 0
16029, 7, 4, 4, 0, 7, 0
22577, 0, 5, 2, 3, 0, 0
23971, 13, 2, 1, 1, 13, 0
36962, 1, 5, 5, 0, 1, 0
37786, 4, 2, 1, 1, 4, 0
39130, 7, 3, 1, 2, 0, 7
40603, 0, 3, 2, 1, 0, 0
56194, 7, 1, 1, 0, 3, 4
56195, 0, 4, 4, 0, 0, 0
56196, 0, 1, 1, 0, 0, 0
56197, 4, 3, 3, 0, 4, 0
56198, 0, 4, 4, 0, 0, 0
56199, 3, 1, 0, 1, 1, 2
56200, 0, 1, 0, 1, 0, 0
56201, 0, 1, 0, 1, 0, 0
56202, 0, 1, 0, 1, 0, 0
56203, 0, 1, 0, 1, 0, 0
56204, 0, 2, 1, 1, 0, 0
56205, 0, 1, 0, 1, 0, 0
56206, 0, 1, 0, 1, 0, 0
56207, 0, 1, 0, 1, 0, 0
56208, 0, 1, 0, 1, 0, 0
56209, 0, 1, 0, 1, 0, 0
56210, 0, 1, 0, 1, 0, 0
56211, 0, 1, 0, 1, 0, 0
56212, 8, 2, 0, 2, 5, 3
56213, 2, 1, 0, 1, 1, 1
56214, 0, 1, 0, 1, 0, 0
56215, 0, 2, 1, 1, 0, 0
56216, 0, 1, 0, 1, 0, 0
56217, 0, 1, 0, 1, 0, 0
56218, 0, 1, 0, 1, 0, 0
56219, 0, 1, 0, 1, 0, 0
56220, 1, 2, 0, 2, 1, 0
56221, 0, 1, 0, 1, 0, 0
56222, 0, 1, 1, 0, 0, 0
8707, 5, 0, 0, 0, 5, 0
8708, 0, 1, 1, 0, 0, 0
8711, 1, 2, 2, 0, 1, 0
8715, 1, 1, 1, 0, 1, 0
34614, 3, 1, 1, 0, 3, 0
56223, 0, 1, 1, 0, 0, 0
56224, 0, 1, 1, 0, 0, 0
56225, 2, 1, 1, 0, 2, 0
56226, 0, 2, 2, 0, 0, 0
16607, 0, 5, 5, 0, 0, 0
56227, 0, 1, 1, 0, 0, 0
54308, 18, 1, 1, 0, 18, 0
56228, 0, 1, 1, 0, 0, 0
8716, 2, 0, 0, 0, 1, 1
8717, 0, 1, 0, 1, 0, 0
8718, 9, 1, 0, 1, 9, 0
8720, 0, 3, 3, 0, 0, 0
8722, 6, 2, 2, 0, 6, 0
17905, 0, 3, 3, 0, 0, 0
8723, 6, 0, 0, 0, 6, 0
29346, 7, 4, 3, 1, 7, 0
56294, 0, 1, 1, 0, 0, 0
56295, 0, 1, 1, 0, 0, 0
8727, 1, 0, 0, 0, 1, 0
56296, 0, 1, 1, 0, 0, 0
53528, 0, 1, 1, 0, 0, 0
53529, 6, 1, 1, 0, 6, 0
22625, 1, 9, 5, 4, 1, 0
48753, 1, 1, 1, 0, 1, 0
48754, 0, 1, 1, 0, 0, 0
39266, 1, 1, 1, 0, 1, 0
39267, 28, 1, 1, 0, 28, 0
16293, 0, 1, 1, 0, 0, 0
16294, 0, 6, 3, 3, 0, 0
16295, 2, 1, 1, 0, 2, 0
16297, 0, 4, 4, 0, 0, 0
16298, 0, 1, 1, 0, 0, 0
16300, 3, 3, 3, 0, 2, 1
16301, 5, 5, 5, 0, 5, 0
16304, 0, 1, 1, 0, 0, 0
16305, 1, 1, 1, 0, 1, 0
16307, 0, 1, 1, 0, 0, 0
16308, 0, 1, 0, 1, 0, 0
16309, 0, 2, 0, 2, 0, 0
16312, 0, 1, 0, 1, 0, 0
16315, 2, 3, 0, 3, 1, 1
16318, 0, 3, 2, 1, 0, 0
16319, 0, 1, 0, 1, 0, 0
16320, 0, 2, 1, 1, 0, 0
16324, 0, 1, 0, 1, 0, 0
9939, 0, 5, 4, 1, 0, 0
10899, 0, 6, 3, 3, 0, 0
13237, 0, 4, 2, 2, 0, 0
14401, 1, 1, 1, 0, 1, 0
30777, 1, 5, 1, 4, 0, 1
30964, 0, 4, 2, 2, 0, 0
32742, 0, 2, 2, 0, 0, 0
32870, 0, 7, 0, 7, 0, 0
34446, 21, 1, 0, 1, 11, 10
37680, 0, 2, 2, 0, 0, 0
38952, 0, 2, 1, 1, 0, 0
44351, 0, 2, 1, 1, 0, 0
56297, 0, 2, 1, 1, 0, 0
56298, 0, 1, 1, 0, 0, 0
56299, 0, 2, 2, 0, 0, 0
56300, 0, 1, 1, 0, 0, 0
56301, 5, 3, 2, 1, 5, 0
56302, 0, 1, 1, 0, 0, 0
56303, 0, 1, 1, 0, 0, 0
56304, 0, 1, 1, 0, 0, 0
56305, 0, 1, 1, 0, 0, 0
56306, 0, 1, 1, 0, 0, 0
56307, 0, 1, 1, 0, 0, 0
56308, 1, 2, 2, 0, 1, 0
56309, 0, 1, 1, 0, 0, 0
56310, 1, 1, 1, 0, 1, 0
56311, 0, 1, 1, 0, 0, 0
56312, 0, 1, 1, 0, 0, 0
56313, 1, 1, 1, 0, 1, 0
56314, 0, 1, 1, 0, 0, 0
56315, 0, 1, 1, 0, 0, 0
56316, 0, 1, 1, 0, 0, 0
56317, 0, 1, 1, 0, 0, 0
56318, 0, 1, 1, 0, 0, 0
56319, 2, 1, 1, 0, 2, 0
56320, 0, 1, 1, 0, 0, 0
56321, 0, 1, 1, 0, 0, 0
56322, 0, 1, 1, 0, 0, 0
56323, 0, 1, 1, 0, 0, 0
56324, 8, 2, 2, 0, 8, 0
56325, 0, 1, 1, 0, 0, 0
56326, 0, 1, 1, 0, 0, 0
56327, 0, 2, 2, 0, 0, 0
56328, 0, 1, 1, 0, 0, 0
56329, 0, 1, 1, 0, 0, 0
56330, 0, 1, 1, 0, 0, 0
56331, 2, 6, 0, 6, 1, 1
56332, 0, 1, 0, 1, 0, 0
56333, 0, 2, 0, 2, 0, 0
56334, 1, 3, 0, 3, 0, 1
56335, 0, 1, 0, 1, 0, 0
56336, 0, 1, 0, 1, 0, 0
56337, 2, 1, 0, 1, 0, 2
56338, 9, 1, 0, 1, 9, 0
56339, 2, 1, 0, 1, 0, 2
56340, 7, 2, 0, 2, 0, 7
56341, 3, 5, 0, 5, 2, 1
56342, 9, 2, 0, 2, 0, 9
56343, 0, 2, 0, 2, 0, 0
56344, 1, 2, 0, 2, 1, 0
56345, 0, 1, 0, 1, 0, 0
56346, 22, 5, 0, 5, 0, 22
32917, 4, 3, 3, 0, 4, 0
56347, 0, 1, 1, 0, 0, 0
29313, 0, 8, 8, 0, 0, 0
41651, 0, 3, 3, 0, 0, 0
42399, 0, 1, 1, 0, 0, 0
42401, 0, 4, 2, 2, 0, 0
42402, 0, 1, 0, 1, 0, 0
42403, 2, 2, 1, 1, 2, 0
42405, 3, 3, 1, 2, 2, 1
56348, 0, 1, 1, 0, 0, 0
56349, 0, 3, 2, 1, 0, 0
56350, 0, 1, 1, 0, 0, 0
56351, 1, 2, 1, 1, 1, 0
56352, 3, 2, 2, 0, 3, 0
56353, 0, 1, 1, 0, 0, 0
22774, 2, 2, 2, 0, 2, 0
54924, 3, 1, 1, 0, 3, 0
56354, 0, 1, 1, 0, 0, 0
56355, 0, 1, 1, 0, 0, 0
56356, 0, 1, 1, 0, 0, 0
56357, 1, 1, 1, 0, 1, 0
56358, 0, 1, 1, 0, 0, 0
56359, 0, 1, 1, 0, 0, 0
56360, 0, 1, 1, 0, 0, 0
56361, 0, 1, 1, 0, 0, 0
56362, 0, 1, 1, 0, 0, 0
56363, 0, 1, 1, 0, 0, 0
56364, 0, 1, 1, 0, 0, 0
56365, 1, 1, 1, 0, 1, 0
56366, 0, 1, 1, 0, 0, 0
56367, 0, 1, 1, 0, 0, 0
56368, 0, 1, 1, 0, 0, 0
56369, 0, 1, 1, 0, 0, 0
56370, 0, 1, 1, 0, 0, 0
56371, 1, 1, 1, 0, 1, 0
56372, 0, 1, 1, 0, 0, 0
56373, 0, 1, 1, 0, 0, 0
56374, 0, 1, 1, 0, 0, 0
56375, 0, 1, 1, 0, 0, 0
56376, 0, 1, 1, 0, 0, 0
56377, 0, 1, 1, 0, 0, 0
56378, 1, 1, 1, 0, 1, 0
56379, 0, 1, 1, 0, 0, 0
56380, 0, 1, 1, 0, 0, 0
56381, 0, 1, 1, 0, 0, 0
56382, 0, 1, 1, 0, 0, 0
56383, 0, 1, 1, 0, 0, 0
56384, 0, 1, 1, 0, 0, 0
56385, 0, 1, 1, 0, 0, 0
56386, 0, 1, 1, 0, 0, 0
56387, 0, 1, 1, 0, 0, 0
56388, 0, 1, 1, 0, 0, 0
56389, 0, 1, 1, 0, 0, 0
56390, 0, 1, 1, 0, 0, 0
56391, 0, 1, 1, 0, 0, 0
56392, 0, 1, 1, 0, 0, 0
56393, 0, 1, 1, 0, 0, 0
56394, 0, 2, 2, 0, 0, 0
56395, 0, 1, 1, 0, 0, 0
56396, 0, 1, 1, 0, 0, 0
56397, 0, 1, 1, 0, 0, 0
56398, 1, 1, 1, 0, 1, 0
56399, 0, 2, 2, 0, 0, 0
56400, 1, 1, 1, 0, 1, 0
56401, 0, 1, 1, 0, 0, 0
56402, 0, 1, 1, 0, 0, 0
56403, 0, 1, 1, 0, 0, 0
56404, 0, 1, 1, 0, 0, 0
56405, 0, 1, 1, 0, 0, 0
56406, 0, 1, 1, 0, 0, 0
56407, 0, 1, 1, 0, 0, 0
56408, 0, 1, 1, 0, 0, 0
56409, 0, 1, 1, 0, 0, 0
56410, 0, 1, 1, 0, 0, 0
56411, 0, 1, 1, 0, 0, 0
56412, 0, 1, 1, 0, 0, 0
56413, 0, 1, 1, 0, 0, 0
16030, 2, 2, 2, 0, 2, 0
16779, 1, 3, 3, 0, 1, 0
35058, 15, 6, 6, 0, 9, 6
38321, 0, 1, 1, 0, 0, 0
38323, 0, 4, 4, 0, 0, 0
38325, 0, 2, 2, 0, 0, 0
38326, 0, 2, 2, 0, 0, 0
38327, 11, 2, 2, 0, 11, 0
38329, 0, 1, 1, 0, 0, 0
56414, 0, 1, 1, 0, 0, 0
56415, 1, 2, 2, 0, 0, 1
56416, 0, 1, 1, 0, 0, 0
56417, 0, 2, 2, 0, 0, 0
56418, 0, 2, 2, 0, 0, 0
56419, 3, 2, 2, 0, 3, 0
16265, 0, 9, 1, 8, 0, 0
33086, 0, 3, 2, 1, 0, 0
38975, 0, 2, 2, 0, 0, 0
46191, 2, 1, 1, 0, 1, 1
46192, 0, 1, 1, 0, 0, 0
46194, 3, 1, 1, 0, 3, 0
46195, 2, 1, 1, 0, 2, 0
46196, 0, 3, 0, 3, 0, 0
10229, 8, 5, 5, 0, 8, 0
38434, 2, 2, 2, 0, 2, 0
38435, 0, 4, 4, 0, 0, 0
38437, 0, 3, 2, 1, 0, 0
38438, 0, 5, 4, 1, 0, 0
38440, 0, 3, 2, 1, 0, 0
38441, 0, 1, 1, 0, 0, 0
38442, 0, 1, 1, 0, 0, 0
38444, 0, 1, 1, 0, 0, 0
38446, 0, 2, 2, 0, 0, 0
38447, 0, 1, 0, 1, 0, 0
38448, 0, 1, 0, 1, 0, 0
38449, 0, 1, 0, 1, 0, 0
30311, 17, 3, 3, 0, 17, 0
30312, 0, 7, 7, 0, 0, 0
30313, 1, 2, 2, 0, 1, 0
30314, 0, 1, 1, 0, 0, 0
30318, 19, 3, 3, 0, 19, 0
30320, 7, 1, 1, 0, 7, 0
30324, 0, 1, 0, 1, 0, 0
30326, 0, 1, 0, 1, 0, 0
30327, 9, 3, 2, 1, 9, 0
30328, 0, 3, 0, 3, 0, 0
30329, 0, 1, 0, 1, 0, 0
23100, 1, 6, 5, 1, 1, 0
23128, 0, 5, 3, 2, 0, 0
30633, 7, 4, 4, 0, 7, 0
34563, 5, 1, 1, 0, 1, 4
34564, 0, 1, 1, 0, 0, 0
34565, 0, 1, 1, 0, 0, 0
46315, 0, 2, 2, 0, 0, 0
55913, 0, 3, 0, 3, 0, 0
56420, 0, 1, 1, 0, 0, 0
56421, 2, 2, 2, 0, 2, 0
56422, 9, 2, 2, 0, 9, 0
56423, 0, 2, 2, 0, 0, 0
56424, 0, 1, 1, 0, 0, 0
56425, 12, 1, 1, 0, 8, 4
56426, 0, 1, 1, 0, 0, 0
54710, 3, 8, 8, 0, 3, 0
56427, 0, 2, 1, 1, 0, 0
56428, 2, 1, 0, 1, 1, 1
56429, 0, 1, 0, 1, 0, 0
56430, 0, 2, 1, 1, 0, 0
17781, 31, 2, 1, 1, 2, 29
17782, 0, 1, 1, 0, 0, 0
17784, 0, 2, 2, 0, 0, 0
17788, 1, 3, 1, 2, 0, 1
56431, 2, 2, 1, 1, 1, 1
56432, 0, 1, 0, 1, 0, 0
56433, 10, 2, 1, 1, 7, 3
23126, 0, 2, 1, 1, 0, 0
24806, 4, 4, 2, 2, 3, 1
25261, 0, 3, 1, 2, 0, 0
25528, 8, 4, 3, 1, 8, 0
32721, 0, 2, 1, 1, 0, 0
34734, 0, 2, 0, 2, 0, 0
43163, 0, 2, 1, 1, 0, 0
44706, 1, 10, 2, 8, 1, 0
45979, 0, 4, 2, 2, 0, 0
51196, 2, 5, 4, 1, 2, 0
52038, 0, 2, 1, 1, 0, 0
52264, 0, 1, 1, 0, 0, 0
52265, 0, 1, 1, 0, 0, 0
52266, 0, 1, 1, 0, 0, 0
52267, 0, 1, 1, 0, 0, 0
52268, 0, 5, 2, 3, 0, 0
52269, 0, 2, 2, 0, 0, 0
52270, 0, 1, 1, 0, 0, 0
52271, 0, 1, 1, 0, 0, 0
52272, 0, 1, 1, 0, 0, 0
52273, 2, 2, 2, 0, 1, 1
52274, 2, 1, 1, 0, 2, 0
52275, 5, 2, 2, 0, 5, 0
52276, 0, 1, 1, 0, 0, 0
52277, 0, 1, 1, 0, 0, 0
52278, 0, 2, 1, 1, 0, 0
52279, 0, 1, 0, 1, 0, 0
52280, 0, 1, 0, 1, 0, 0
52281, 0, 1, 0, 1, 0, 0
52282, 0, 1, 0, 1, 0, 0
52283, 1, 3, 2, 1, 1, 0
52284, 0, 2, 1, 1, 0, 0
52285, 0, 1, 0, 1, 0, 0
52286, 0, 1, 0, 1, 0, 0
52287, 2, 2, 1, 1, 2, 0
52288, 0, 1, 0, 1, 0, 0
52289, 0, 1, 0, 1, 0, 0
52290, 0, 1, 0, 1, 0, 0
52291, 0, 1, 0, 1, 0, 0
52292, 4, 1, 0, 1, 4, 0
52293, 5, 1, 0, 1, 5, 0
52294, 0, 1, 0, 1, 0, 0
52295, 1, 2, 0, 2, 1, 0
52296, 29, 1, 0, 1, 13, 16
52297, 0, 1, 0, 1, 0, 0
52298, 0, 1, 0, 1, 0, 0
52299, 0, 3, 2, 1, 0, 0
56434, 2, 2, 2, 0, 2, 0
24105, 1, 3, 1, 2, 0, 1
24106, 7, 3, 3, 0, 7, 0
24107, 0, 1, 1, 0, 0, 0
24114, 10, 4, 4, 0, 9, 1
24117, 0, 1, 1, 0, 0, 0
24119, 0, 2, 2, 0, 0, 0
24120, 0, 2, 2, 0, 0, 0
24121, 0, 4, 1, 3, 0, 0
24122, 0, 5, 4, 1, 0, 0
24123, 0, 1, 1, 0, 0, 0
24126, 1, 3, 3, 0, 0, 1
24128, 0, 2, 2, 0, 0, 0
24131, 0, 2, 2, 0, 0, 0
24133, 0, 2, 2, 0, 0, 0
24134, 0, 2, 2, 0, 0, 0
24135, 0, 6, 6, 0, 0, 0
24138, 0, 1, 1, 0, 0, 0
24139, 0, 2, 2, 0, 0, 0
24140, 4, 4, 4, 0, 4, 0
24142, 2, 2, 2, 0, 2, 0
24144, 0, 3, 3, 0, 0, 0
24145, 2, 5, 5, 0, 2, 0
24148, 8, 2, 1, 1, 7, 1
24149, 4, 1, 1, 0, 4, 0
56435, 0, 1, 1, 0, 0, 0
56436, 0, 1, 1, 0, 0, 0
56437, 1, 1, 1, 0, 1, 0
56438, 1, 1, 1, 0, 1, 0
56439, 0, 2, 0, 2, 0, 0
56440, 0, 1, 0, 1, 0, 0
11664, 0, 3, 2, 1, 0, 0
56441, 2, 2, 2, 0, 2, 0
56442, 0, 1, 0, 1, 0, 0
56443, 0, 3, 2, 1, 0, 0
56444, 0, 2, 1, 1, 0, 0
56445, 0, 1, 0, 1, 0, 0
38453, 4, 2, 2, 0, 4, 0
8802, 1, 0, 0, 0, 1, 0
8804, 8, 4, 3, 1, 8, 0
8805, 8, 4, 3, 1, 8, 0
8806, 8, 4, 3, 1, 8, 0
8807, 8, 3, 3, 0, 8, 0
8808, 8, 5, 3, 2, 8, 0
8809, 0, 1, 1, 0, 0, 0
8810, 0, 1, 1, 0, 0, 0
8811, 1, 0, 0, 0, 1, 0
8812, 28, 6, 6, 0, 25, 3
8813, 0, 1, 1, 0, 0, 0
8816, 5, 1, 1, 0, 5, 0
8821, 0, 2, 0, 2, 0, 0
56446, 0, 1, 1, 0, 0, 0
56447, 0, 1, 1, 0, 0, 0
54541, 2, 2, 2, 0, 2, 0
56448, 0, 1, 1, 0, 0, 0
56449, 0, 2, 2, 0, 0, 0
56450, 0, 2, 2, 0, 0, 0
8823, 1, 0, 0, 0, 1, 0
8824, 5, 0, 0, 0, 5, 0
8825, 0, 2, 2, 0, 0, 0
46369, 13, 3, 3, 0, 11, 2
56458, 2, 2, 2, 0, 2, 0
8829, 1, 0, 0, 0, 1, 0
8831, 0, 1, 1, 0, 0, 0
8832, 1, 1, 1, 0, 1, 0
38510, 0, 4, 4, 0, 0, 0
56459, 2, 1, 1, 0, 2, 0
56460, 0, 1, 1, 0, 0, 0
8835, 1, 0, 0, 0, 1, 0
56461, 0, 1, 1, 0, 0, 0
34238, 0, 2, 2, 0, 0, 0
41376, 0, 4, 1, 3, 0, 0
56462, 4, 1, 1, 0, 1, 3
56463, 0, 1, 1, 0, 0, 0
38391, 0, 2, 1, 1, 0, 0
54106, 5, 5, 1, 4, 3, 2
56464, 0, 1, 1, 0, 0, 0
56465, 1, 1, 1, 0, 1, 0
56466, 0, 1, 0, 1, 0, 0
18013, 0, 1, 1, 0, 0, 0
20337, 0, 3, 2, 1, 0, 0
38304, 0, 2, 1, 1, 0, 0
56467, 0, 2, 2, 0, 0, 0
56468, 0, 1, 0, 1, 0, 0
56469, 0, 1, 0, 1, 0, 0
56470, 5, 2, 1, 1, 5, 0
56471, 0, 1, 0, 1, 0, 0
31125, 16, 2, 0, 2, 12, 4
56472, 0, 2, 1, 1, 0, 0
56473, 0, 1, 1, 0, 0, 0
56474, 1, 2, 1, 1, 0, 1
56475, 0, 1, 1, 0, 0, 0
56476, 0, 1, 1, 0, 0, 0
56477, 0, 1, 1, 0, 0, 0
30207, 3, 1, 1, 0, 2, 1
30210, 0, 2, 2, 0, 0, 0
25514, 0, 3, 2, 1, 0, 0
30776, 3, 4, 1, 3, 3, 0
56478, 0, 1, 1, 0, 0, 0
56479, 2, 1, 1, 0, 2, 0
56480, 0, 2, 1, 1, 0, 0
13813, 3, 2, 2, 0, 0, 3
15295, 0, 7, 4, 3, 0, 0
26421, 0, 1, 1, 0, 0, 0
26422, 0, 2, 2, 0, 0, 0
26426, 1, 2, 2, 0, 1, 0
26427, 0, 1, 1, 0, 0, 0
26431, 0, 7, 6, 1, 0, 0
56481, 0, 1, 1, 0, 0, 0
56482, 0, 1, 1, 0, 0, 0
10362, 57, 4, 4, 0, 54, 3
20871, 2, 1, 1, 0, 2, 0
35401, 0, 1, 1, 0, 0, 0
35403, 3, 2, 2, 0, 3, 0
54650, 2, 2, 1, 1, 1, 1
56483, 0, 1, 1, 0, 0, 0
56484, 0, 1, 1, 0, 0, 0
56485, 0, 3, 3, 0, 0, 0
56486, 0, 1, 1, 0, 0, 0
35660, 0, 3, 2, 1, 0, 0
56487, 0, 2, 2, 0, 0, 0
22456, 1, 3, 3, 0, 0, 1
23991, 1, 3, 2, 1, 1, 0
37672, 0, 5, 4, 1, 0, 0
55047, 0, 3, 0, 3, 0, 0
56488, 0, 1, 1, 0, 0, 0
56489, 1, 2, 2, 0, 1, 0
56490, 0, 1, 1, 0, 0, 0
56491, 1, 4, 4, 0, 1, 0
56492, 2, 2, 1, 1, 2, 0
56493, 0, 1, 0, 1, 0, 0
56494, 2, 1, 0, 1, 2, 0
56495, 0, 2, 0, 2, 0, 0
56496, 0, 1, 1, 0, 0, 0
56497, 4, 1, 1, 0, 4, 0
56498, 4, 2, 1, 1, 3, 1
16766, 23, 6, 6, 0, 23, 0
16776, 0, 3, 3, 0, 0, 0
56499, 0, 1, 1, 0, 0, 0
56500, 1, 1, 1, 0, 1, 0
33687, 0, 1, 0, 1, 0, 0
33688, 0, 1, 0, 1, 0, 0
56501, 3, 1, 1, 0, 3, 0
56502, 0, 1, 1, 0, 0, 0
56503, 0, 1, 1, 0, 0, 0
33886, 34, 8, 8, 0, 33, 1
56504, 0, 1, 1, 0, 0, 0
56505, 2, 1, 1, 0, 2, 0
56506, 0, 1, 1, 0, 0, 0
56507, 10, 1, 1, 0, 10, 0
56508, 2, 2, 2, 0, 2, 0
56509, 1, 1, 1, 0, 1, 0
56510, 0, 1, 1, 0, 0, 0
56511, 1, 1, 1, 0, 1, 0
56512, 0, 1, 1, 0, 0, 0
56513, 1, 2, 2, 0, 1, 0
56514, 0, 1, 1, 0, 0, 0
25382, 0, 5, 5, 0, 0, 0
52107, 0, 5, 4, 1, 0, 0
16200, 0, 6, 6, 0, 0, 0
20795, 0, 2, 2, 0, 0, 0
21864, 1, 8, 8, 0, 1, 0
32589, 0, 2, 2, 0, 0, 0
36903, 0, 1, 1, 0, 0, 0
36904, 2, 1, 1, 0, 2, 0
36905, 0, 1, 1, 0, 0, 0
36906, 0, 1, 1, 0, 0, 0
36907, 0, 4, 4, 0, 0, 0
36909, 1, 1, 1, 0, 0, 1
36911, 0, 1, 1, 0, 0, 0
36912, 7, 1, 1, 0, 7, 0
36913, 1, 1, 1, 0, 1, 0
36914, 0, 1, 1, 0, 0, 0
36915, 0, 2, 1, 1, 0, 0
36916, 0, 1, 1, 0, 0, 0
36917, 0, 1, 1, 0, 0, 0
36918, 0, 1, 1, 0, 0, 0
36921, 6, 1, 1, 0, 6, 0
36922, 0, 1, 1, 0, 0, 0
36924, 0, 1, 1, 0, 0, 0
36925, 0, 1, 1, 0, 0, 0
36926, 0, 1, 1, 0, 0, 0
36928, 0, 2, 1, 1, 0, 0
36930, 4, 3, 2, 1, 4, 0
36931, 0, 1, 1, 0, 0, 0
36933, 7, 1, 1, 0, 5, 2
36934, 0, 2, 2, 0, 0, 0
36935, 0, 2, 2, 0, 0, 0
36936, 0, 1, 1, 0, 0, 0
36937, 0, 1, 1, 0, 0, 0
36938, 0, 1, 1, 0, 0, 0
36940, 0, 1, 1, 0, 0, 0
36941, 0, 1, 1, 0, 0, 0
36942, 0, 1, 1, 0, 0, 0
36943, 0, 1, 1, 0, 0, 0
36944, 0, 1, 1, 0, 0, 0
36945, 0, 1, 1, 0, 0, 0
36946, 0, 1, 1, 0, 0, 0
36948, 16, 4, 4, 0, 15, 1
36949, 4, 3, 2, 1, 4, 0
36950, 1, 1, 1, 0, 1, 0
36951, 0, 1, 1, 0, 0, 0
36952, 0, 2, 1, 1, 0, 0
36953, 0, 1, 1, 0, 0, 0
36954, 0, 1, 1, 0, 0, 0
36955, 0, 1, 1, 0, 0, 0
36958, 1, 2, 1, 1, 1, 0
36961, 0, 1, 1, 0, 0, 0
36963, 0, 1, 1, 0, 0, 0
36964, 0, 1, 1, 0, 0, 0
36966, 0, 1, 1, 0, 0, 0
36967, 0, 1, 1, 0, 0, 0
36968, 0, 1, 1, 0, 0, 0
36969, 0, 1, 1, 0, 0, 0
36971, 0, 1, 1, 0, 0, 0
36972, 0, 1, 1, 0, 0, 0
36973, 0, 2, 2, 0, 0, 0
36975, 0, 1, 1, 0, 0, 0
36976, 1, 2, 2, 0, 1, 0
36977, 1, 1, 1, 0, 1, 0
36979, 0, 1, 1, 0, 0, 0
36982, 0, 1, 1, 0, 0, 0
36983, 1, 1, 1, 0, 1, 0
36984, 0, 1, 1, 0, 0, 0
36985, 1, 1, 1, 0, 1, 0
36986, 1, 1, 1, 0, 1, 0
36988, 0, 1, 1, 0, 0, 0
36993, 2, 2, 2, 0, 2, 0
36994, 0, 1, 1, 0, 0, 0
36995, 0, 3, 3, 0, 0, 0
36996, 0, 2, 2, 0, 0, 0
36997, 0, 1, 1, 0, 0, 0
36998, 0, 1, 1, 0, 0, 0
36999, 5, 1, 1, 0, 5, 0
37001, 5, 1, 1, 0, 5, 0
37002, 0, 1, 1, 0, 0, 0
37003, 1, 3, 3, 0, 1, 0
37005, 0, 1, 1, 0, 0, 0
37007, 0, 1, 1, 0, 0, 0
37008, 0, 1, 1, 0, 0, 0
37009, 0, 1, 1, 0, 0, 0
37010, 8, 1, 1, 0, 8, 0
10405, 1, 3, 2, 1, 1, 0
10621, 7, 1, 1, 0, 7, 0
10645, 1, 1, 1, 0, 1, 0
10651, 0, 2, 2, 0, 0, 0
10656, 0, 1, 1, 0, 0, 0
10661, 3, 1, 1, 0, 1, 2
10662, 10, 4, 3, 1, 0, 10
10663, 0, 3, 2, 1, 0, 0
10669, 2, 2, 1, 1, 2, 0
10670, 4, 8, 2, 6, 4, 0
10671, 0, 1, 0, 1, 0, 0
24942, 2, 1, 1, 0, 1, 1
50433, 0, 2, 2, 0, 0, 0
27535, 2, 4, 4, 0, 1, 1
27536, 0, 3, 1, 2, 0, 0
21698, 0, 10, 10, 0, 0, 0
27633, 12, 2, 2, 0, 2, 10
27756, 0, 3, 3, 0, 0, 0
35060, 1, 2, 1, 1, 1, 0
41370, 0, 3, 3, 0, 0, 0
47048, 0, 2, 2, 0, 0, 0
47049, 1, 1, 1, 0, 1, 0
47051, 0, 1, 1, 0, 0, 0
47053, 0, 1, 1, 0, 0, 0
47054, 1, 2, 2, 0, 0, 1
47055, 0, 2, 2, 0, 0, 0
47056, 0, 1, 1, 0, 0, 0
47057, 0, 2, 1, 1, 0, 0
47058, 0, 1, 1, 0, 0, 0
47060, 0, 1, 1, 0, 0, 0
47061, 0, 2, 2, 0, 0, 0
47062, 0, 2, 2, 0, 0, 0
47063, 12, 1, 1, 0, 9, 3
47064, 0, 2, 1, 1, 0, 0
47065, 1, 3, 2, 1, 0, 1
47066, 0, 3, 3, 0, 0, 0
47067, 0, 1, 1, 0, 0, 0
47070, 0, 1, 1, 0, 0, 0
47071, 0, 1, 1, 0, 0, 0
47072, 0, 1, 1, 0, 0, 0
13719, 0, 1, 1, 0, 0, 0
13857, 1, 2, 2, 0, 1, 0
18967, 8, 9, 4, 5, 5, 3
21582, 1, 4, 2, 2, 1, 0
26832, 0, 1, 1, 0, 0, 0
26833, 1, 1, 1, 0, 1, 0
26836, 0, 1, 1, 0, 0, 0
26837, 0, 1, 1, 0, 0, 0
26839, 0, 1, 1, 0, 0, 0
26840, 0, 1, 1, 0, 0, 0
26841, 0, 2, 1, 1, 0, 0
26842, 1, 1, 0, 1, 0, 1
26845, 0, 1, 0, 1, 0, 0
26846, 1, 2, 1, 1, 1, 0
26848, 0, 1, 0, 1, 0, 0
26849, 0, 1, 0, 1, 0, 0
26850, 3, 1, 0, 1, 2, 1
26851, 0, 5, 0, 5, 0, 0
26852, 0, 1, 0, 1, 0, 0
26853, 0, 1, 0, 1, 0, 0
26855, 0, 1, 0, 1, 0, 0
26858, 0, 2, 1, 1, 0, 0
26859, 0, 1, 0, 1, 0, 0
26862, 0, 1, 0, 1, 0, 0
26867, 0, 1, 0, 1, 0, 0
26868, 0, 3, 1, 2, 0, 0
26870, 1, 5, 3, 2, 1, 0
26871, 0, 3, 1, 2, 0, 0
26873, 0, 1, 0, 1, 0, 0
26874, 0, 2, 0, 2, 0, 0
26875, 0, 1, 0, 1, 0, 0
26877, 0, 1, 0, 1, 0, 0
26879, 0, 1, 0, 1, 0, 0
26881, 0, 1, 0, 1, 0, 0
26882, 0, 3, 0, 3, 0, 0
26883, 1, 1, 0, 1, 1, 0
26885, 14, 2, 1, 1, 14, 0
20627, 0, 5, 5, 0, 0, 0
56515, 0, 1, 1, 0, 0, 0
30120, 0, 3, 3, 0, 0, 0
48616, 0, 3, 3, 0, 0, 0
56516, 0, 1, 1, 0, 0, 0
56517, 0, 1, 1, 0, 0, 0
56518, 0, 1, 1, 0, 0, 0
56519, 0, 2, 2, 0, 0, 0
9957, 6, 1, 1, 0, 6, 0
14227, 0, 1, 1, 0, 0, 0
14228, 0, 2, 2, 0, 0, 0
14230, 0, 2, 2, 0, 0, 0
14232, 1, 1, 1, 0, 1, 0
14233, 1, 1, 1, 0, 1, 0
14236, 0, 2, 1, 1, 0, 0
14237, 0, 2, 2, 0, 0, 0
14241, 0, 3, 3, 0, 0, 0
14244, 0, 1, 1, 0, 0, 0
14248, 0, 3, 3, 0, 0, 0
14250, 0, 3, 3, 0, 0, 0
14251, 1, 2, 2, 0, 1, 0
14252, 0, 1, 1, 0, 0, 0
14257, 0, 2, 1, 1, 0, 0
14258, 0, 1, 1, 0, 0, 0
14260, 0, 1, 1, 0, 0, 0
14261, 2, 4, 4, 0, 2, 0
14266, 1, 1, 1, 0, 0, 1
14267, 0, 2, 2, 0, 0, 0
14269, 1, 2, 2, 0, 1, 0
14271, 1, 1, 1, 0, 1, 0
14275, 0, 4, 3, 1, 0, 0
14276, 0, 4, 4, 0, 0, 0
14279, 0, 1, 1, 0, 0, 0
14280, 0, 2, 2, 0, 0, 0
14286, 0, 1, 1, 0, 0, 0
14287, 1, 3, 3, 0, 1, 0
14288, 0, 3, 3, 0, 0, 0
14290, 0, 1, 1, 0, 0, 0
14291, 0, 1, 1, 0, 0, 0
14296, 0, 1, 1, 0, 0, 0
32626, 0, 1, 1, 0, 0, 0
54421, 0, 3, 0, 3, 0, 0
56520, 5, 2, 2, 0, 5, 0
56521, 14, 4, 3, 1, 14, 0
56522, 0, 3, 3, 0, 0, 0
56523, 1, 1, 1, 0, 1, 0
56524, 0, 1, 1, 0, 0, 0
56525, 0, 2, 2, 0, 0, 0
48824, 0, 3, 3, 0, 0, 0
36024, 2, 9, 3, 6, 2, 0
41681, 22, 3, 2, 1, 4, 18
56526, 0, 1, 0, 1, 0, 0
15316, 1, 10, 9, 1, 1, 0
22329, 0, 3, 0, 3, 0, 0
25732, 0, 3, 2, 1, 0, 0
30445, 0, 2, 0, 2, 0, 0
33781, 5, 1, 1, 0, 5, 0
34905, 0, 1, 1, 0, 0, 0
34907, 0, 3, 3, 0, 0, 0
34908, 0, 2, 2, 0, 0, 0
34909, 0, 1, 1, 0, 0, 0
34910, 1, 4, 4, 0, 1, 0
34911, 1, 1, 1, 0, 1, 0
34912, 3, 3, 3, 0, 3, 0
34913, 1, 1, 1, 0, 1, 0
34914, 0, 1, 0, 1, 0, 0
34915, 0, 7, 4, 3, 0, 0
34916, 0, 2, 0, 2, 0, 0
34917, 1, 1, 0, 1, 0, 1
34918, 0, 2, 1, 1, 0, 0
34920, 0, 1, 0, 1, 0, 0
34921, 0, 1, 0, 1, 0, 0
34922, 0, 2, 1, 1, 0, 0
34923, 0, 1, 0, 1, 0, 0
34924, 0, 1, 0, 1, 0, 0
34925, 0, 3, 2, 1, 0, 0
34927, 0, 1, 0, 1, 0, 0
34928, 2, 3, 1, 2, 2, 0
34930, 0, 1, 0, 1, 0, 0
34931, 0, 1, 0, 1, 0, 0
34932, 0, 1, 0, 1, 0, 0
34933, 0, 2, 0, 2, 0, 0
34934, 0, 1, 0, 1, 0, 0
34935, 0, 1, 0, 1, 0, 0
34936, 0, 2, 1, 1, 0, 0
34937, 1, 1, 0, 1, 1, 0
34938, 0, 2, 1, 1, 0, 0
34939, 0, 1, 0, 1, 0, 0
34940, 0, 1, 0, 1, 0, 0
34941, 0, 1, 0, 1, 0, 0
34944, 0, 1, 0, 1, 0, 0
34945, 0, 1, 0, 1, 0, 0
34946, 0, 3, 0, 3, 0, 0
34947, 0, 1, 0, 1, 0, 0
54770, 1, 3, 3, 0, 1, 0
56527, 0, 1, 1, 0, 0, 0
14046, 3, 2, 2, 0, 3, 0
55830, 0, 1, 1, 0, 0, 0
55831, 0, 2, 2, 0, 0, 0
55832, 0, 2, 2, 0, 0, 0
55833, 0, 2, 2, 0, 0, 0
55834, 3, 1, 1, 0, 3, 0
19525, 1, 5, 3, 2, 1, 0
22459, 7, 4, 4, 0, 7, 0
22461, 0, 1, 0, 1, 0, 0
43958, 6, 9, 9, 0, 6, 0
43960, 1, 2, 2, 0, 1, 0
43961, 0, 1, 1, 0, 0, 0
26897, 0, 3, 3, 0, 0, 0
56528, 0, 2, 2, 0, 0, 0
12567, 1, 4, 4, 0, 1, 0
27453, 0, 4, 3, 1, 0, 0
28096, 25, 8, 8, 0, 19, 6
37031, 11, 3, 3, 0, 11, 0
37033, 0, 1, 1, 0, 0, 0
37034, 0, 2, 1, 1, 0, 0
37036, 0, 2, 2, 0, 0, 0
13515, 3, 7, 5, 2, 3, 0
31447, 0, 9, 8, 1, 0, 0
53145, 15, 3, 3, 0, 15, 0
53146, 0, 2, 1, 1, 0, 0
53147, 0, 1, 0, 1, 0, 0
53148, 0, 1, 0, 1, 0, 0
53149, 5, 2, 1, 1, 5, 0
53150, 3, 4, 3, 1, 3, 0
53151, 0, 1, 0, 1, 0, 0
53152, 0, 2, 1, 1, 0, 0
53153, 0, 1, 0, 1, 0, 0
53154, 0, 1, 0, 1, 0, 0
53155, 3, 3, 0, 3, 2, 1
53156, 0, 1, 0, 1, 0, 0
53157, 0, 1, 0, 1, 0, 0
53158, 0, 2, 1, 1, 0, 0
14119, 1, 4, 3, 1, 1, 0
56529, 2, 4, 4, 0, 2, 0
56530, 0, 1, 1, 0, 0, 0
56531, 0, 1, 1, 0, 0, 0
56532, 0, 4, 4, 0, 0, 0
18369, 3, 2, 2, 0, 2, 1
50424, 0, 2, 2, 0, 0, 0
50425, 0, 1, 1, 0, 0, 0
50426, 2, 1, 1, 0, 2, 0
50427, 12, 4, 4, 0, 8, 4
50428, 0, 1, 1, 0, 0, 0
50429, 0, 2, 1, 1, 0, 0
50430, 7, 3, 3, 0, 7, 0
50432, 7, 2, 2, 0, 5, 2
44352, 0, 3, 3, 0, 0, 0
29510, 1, 4, 3, 1, 1, 0
56533, 54, 1, 1, 0, 44, 10
44835, 1, 3, 1, 2, 1, 0
44836, 2, 2, 2, 0, 2, 0
26274, 0, 2, 2, 0, 0, 0
46402, 0, 1, 1, 0, 0, 0
46404, 7, 2, 0, 2, 0, 7
46406, 0, 1, 0, 1, 0, 0
34865, 0, 2, 2, 0, 0, 0
43037, 0, 2, 2, 0, 0, 0
50980, 0, 5, 1, 4, 0, 0
56534, 0, 1, 1, 0, 0, 0
56535, 1, 1, 1, 0, 1, 0
56536, 10, 1, 1, 0, 9, 1
56537, 0, 2, 1, 1, 0, 0
56538, 0, 1, 0, 1, 0, 0
56539, 0, 2, 0, 2, 0, 0
9932, 8, 2, 2, 0, 8, 0
22364, 0, 6, 6, 0, 0, 0
24230, 1, 2, 2, 0, 1, 0
28819, 0, 1, 1, 0, 0, 0
28821, 0, 1, 1, 0, 0, 0
28825, 21, 1, 1, 0, 13, 8
28827, 3, 1, 1, 0, 3, 0
28831, 0, 1, 1, 0, 0, 0
28832, 0, 1, 1, 0, 0, 0
28833, 0, 7, 3, 4, 0, 0
28839, 4, 5, 5, 0, 4, 0
28840, 0, 1, 1, 0, 0, 0
28841, 0, 1, 1, 0, 0, 0
28842, 0, 2, 2, 0, 0, 0
28843, 0, 1, 1, 0, 0, 0
36333, 1, 3, 2, 1, 1, 0
56540, 0, 1, 1, 0, 0, 0
56541, 0, 1, 1, 0, 0, 0
46993, 0, 8, 8, 0, 0, 0
15553, 1, 2, 1, 1, 1, 0
24905, 0, 4, 4, 0, 0, 0
29971, 0, 3, 3, 0, 0, 0
30764, 4, 5, 4, 1, 4, 0
32889, 5, 1, 0, 1, 5, 0
34781, 19, 4, 4, 0, 18, 1
35672, 0, 4, 0, 4, 0, 0
36513, 0, 3, 2, 1, 0, 0
37156, 0, 5, 4, 1, 0, 0
44913, 5, 2, 0, 2, 2, 3
56542, 0, 1, 1, 0, 0, 0
56543, 0, 2, 1, 1, 0, 0
56544, 0, 3, 3, 0, 0, 0
56545, 13, 3, 3, 0, 12, 1
56546, 0, 2, 2, 0, 0, 0
56547, 0, 2, 2, 0, 0, 0
56548, 0, 1, 1, 0, 0, 0
56549, 1, 6, 3, 3, 1, 0
56550, 0, 4, 4, 0, 0, 0
56551, 0, 1, 1, 0, 0, 0
56552, 0, 1, 1, 0, 0, 0
56553, 0, 1, 1, 0, 0, 0
56554, 0, 1, 1, 0, 0, 0
56555, 0, 1, 1, 0, 0, 0
56556, 0, 1, 1, 0, 0, 0
56557, 0, 1, 0, 1, 0, 0
56558, 0, 1, 0, 1, 0, 0
56559, 0, 1, 0, 1, 0, 0
56560, 0, 1, 0, 1, 0, 0
56561, 0, 1, 0, 1, 0, 0
56562, 0, 1, 0, 1, 0, 0
56563, 0, 1, 0, 1, 0, 0
56564, 0, 1, 0, 1, 0, 0
56565, 11, 1, 0, 1, 11, 0
56566, 2, 1, 0, 1, 1, 1
56567, 0, 2, 1, 1, 0, 0
56568, 0, 1, 0, 1, 0, 0
56569, 0, 1, 0, 1, 0, 0
56570, 0, 1, 0, 1, 0, 0
56571, 0, 4, 2, 2, 0, 0
8960, 1, 0, 0, 0, 1, 0
8962, 0, 2, 2, 0, 0, 0
8967, 4, 5, 5, 0, 4, 0
8968, 0, 5, 5, 0, 0, 0
8976, 0, 2, 2, 0, 0, 0
8981, 0, 3, 3, 0, 0, 0
8987, 1, 3, 3, 0, 0, 1
8990, 15, 8, 8, 0, 15, 0
8991, 0, 2, 2, 0, 0, 0
8993, 0, 2, 2, 0, 0, 0
8994, 0, 3, 3, 0, 0, 0
9002, 0, 1, 1, 0, 0, 0
56573, 0, 1, 1, 0, 0, 0
44758, 0, 5, 5, 0, 0, 0
56574, 0, 1, 1, 0, 0, 0
56575, 0, 2, 2, 0, 0, 0
56576, 0, 1, 1, 0, 0, 0
56577, 0, 1, 1, 0, 0, 0
16421, 1, 6, 5, 1, 1, 0
56578, 5, 2, 2, 0, 5, 0
56579, 5, 1, 1, 0, 5, 0
56580, 0, 1, 1, 0, 0, 0
56581, 0, 1, 1, 0, 0, 0
56582, 1, 1, 1, 0, 1, 0
27433, 0, 2, 2, 0, 0, 0
55677, 14, 3, 3, 0, 14, 0
55681, 0, 3, 3, 0, 0, 0
55683, 0, 2, 2, 0, 0, 0
55684, 1, 4, 4, 0, 1, 0
55685, 6, 3, 3, 0, 6, 0
56583, 4, 2, 2, 0, 2, 2
15149, 1, 3, 3, 0, 0, 1
37383, 0, 2, 2, 0, 0, 0
56584, 0, 1, 1, 0, 0, 0
56585, 3, 1, 1, 0, 3, 0
56586, 0, 1, 1, 0, 0, 0
56587, 4, 4, 4, 0, 4, 0
56588, 3, 3, 3, 0, 3, 0
56589, 1, 2, 2, 0, 1, 0
20237, 9, 5, 4, 1, 9, 0
55272, 0, 4, 2, 2, 0, 0
56590, 0, 3, 0, 3, 0, 0
42060, 2, 2, 2, 0, 2, 0
55575, 0, 2, 2, 0, 0, 0
48737, 6, 3, 3, 0, 6, 0
54387, 2, 1, 1, 0, 2, 0
54388, 0, 3, 3, 0, 0, 0
54389, 7, 3, 3, 0, 7, 0
54390, 1, 3, 3, 0, 1, 0
22409, 0, 4, 3, 1, 0, 0
9010, 4, 6, 2, 4, 0, 4
9012, 0, 1, 0, 1, 0, 0
9014, 0, 4, 0, 4, 0, 0
9015, 0, 1, 0, 1, 0, 0
9019, 0, 1, 0, 1, 0, 0
9021, 0, 1, 0, 1, 0, 0
9023, 16, 5, 3, 2, 10, 6
9026, 0, 1, 0, 1, 0, 0
9030, 0, 2, 0, 2, 0, 0
9033, 0, 2, 1, 1, 0, 0
9034, 1, 1, 0, 1, 1, 0
9048, 1, 4, 1, 3, 1, 0
9053, 0, 2, 1, 1, 0, 0
9063, 0, 1, 0, 1, 0, 0
9067, 0, 2, 0, 2, 0, 0
9068, 0, 1, 0, 1, 0, 0
9069, 0, 2, 1, 1, 0, 0
56603, 0, 1, 1, 0, 0, 0
56604, 5, 2, 2, 0, 5, 0
56605, 0, 2, 2, 0, 0, 0
56606, 2, 1, 1, 0, 0, 2
56607, 2, 1, 0, 1, 2, 0
56608, 0, 1, 0, 1, 0, 0
18986, 0, 1, 1, 0, 0, 0
56609, 7, 1, 1, 0, 5, 2
56610, 0, 3, 3, 0, 0, 0
56611, 0, 1, 0, 1, 0, 0
12886, 0, 8, 7, 1, 0, 0
29187, 8, 4, 4, 0, 5, 3
39023, 5, 2, 1, 1, 5, 0
40992, 0, 2, 1, 1, 0, 0
43039, 1, 9, 8, 1, 1, 0
56612, 0, 1, 1, 0, 0, 0
56613, 0, 1, 1, 0, 0, 0
56614, 0, 2, 2, 0, 0, 0
56615, 1, 2, 2, 0, 0, 1
56616, 0, 2, 0, 2, 0, 0
56617, 1, 1, 0, 1, 0, 1
30065, 0, 3, 0, 3, 0, 0
56618, 0, 1, 1, 0, 0, 0
56619, 1, 1, 0, 1, 1, 0
31435, 1, 2, 2, 0, 1, 0
31437, 1, 4, 4, 0, 1, 0
31438, 0, 2, 1, 1, 0, 0
31441, 0, 1, 1, 0, 0, 0
21061, 2, 1, 1, 0, 2, 0
21062, 0, 1, 1, 0, 0, 0
21065, 0, 1, 0, 1, 0, 0
21066, 5, 4, 1, 3, 3, 2
56620, 0, 1, 1, 0, 0, 0
56621, 0, 1, 0, 1, 0, 0
36647, 2, 4, 4, 0, 2, 0
56622, 0, 2, 2, 0, 0, 0
12592, 2, 5, 1, 4, 2, 0
20637, 15, 7, 6, 1, 12, 3
30257, 0, 4, 2, 2, 0, 0
48107, 1, 4, 3, 1, 1, 0
55348, 0, 2, 0, 2, 0, 0
56623, 0, 2, 0, 2, 0, 0
56624, 0, 1, 0, 1, 0, 0
56625, 4, 1, 0, 1, 4, 0
56626, 5, 1, 0, 1, 2, 3
56627, 0, 1, 0, 1, 0, 0
56628, 0, 1, 0, 1, 0, 0
56629, 0, 2, 1, 1, 0, 0
56630, 0, 1, 0, 1, 0, 0
56631, 1, 2, 1, 1, 1, 0
56632, 0, 2, 1, 1, 0, 0
56633, 0, 1, 0, 1, 0, 0
56634, 1, 1, 1, 0, 1, 0
56635, 0, 1, 0, 1, 0, 0
56636, 0, 1, 0, 1, 0, 0
37361, 2, 5, 3, 2, 1, 1
45135, 2, 1, 1, 0, 2, 0
56637, 2, 1, 1, 0, 2, 0
56638, 2, 2, 1, 1, 1, 1
56639, 0, 3, 3, 0, 0, 0
56640, 0, 1, 1, 0, 0, 0
56641, 0, 1, 1, 0, 0, 0
56642, 5, 5, 5, 0, 5, 0
20311, 3, 2, 1, 1, 2, 1
32546, 0, 1, 0, 1, 0, 0
22560, 1, 2, 2, 0, 1, 0
39258, 2, 4, 3, 1, 2, 0
39263, 2, 3, 1, 2, 2, 0
54998, 2, 5, 5, 0, 2, 0
56643, 1, 2, 2, 0, 1, 0
56644, 1, 2, 0, 2, 1, 0
17327, 2, 4, 3, 1, 2, 0
23105, 7, 3, 2, 1, 4, 3
41701, 33, 2, 0, 2, 7, 26
44071, 8, 1, 0, 1, 5, 3
44570, 14, 2, 2, 0, 14, 0
56596, 2, 2, 1, 1, 2, 0
56597, 0, 1, 1, 0, 0, 0
56598, 36, 1, 1, 0, 31, 5
56599, 1, 1, 1, 0, 0, 1
56600, 2, 1, 0, 1, 2, 0
56601, 2, 2, 0, 2, 2, 0
56602, 2, 1, 0, 1, 2, 0
30682, 8, 8, 5, 3, 5, 3
50835, 8, 5, 3, 2, 5, 3
54726, 10, 2, 2, 0, 10, 0
56645, 18, 1, 1, 0, 18, 0
9070, 1, 0, 0, 0, 1, 0
9074, 0, 2, 2, 0, 0, 0
9075, 0, 2, 2, 0, 0, 0
9076, 0, 3, 2, 1, 0, 0
9077, 1, 1, 1, 0, 1, 0
9079, 1, 1, 1, 0, 1, 0
9081, 0, 1, 1, 0, 0, 0
9087, 13, 2, 2, 0, 13, 0
9089, 0, 1, 1, 0, 0, 0
9096, 0, 1, 1, 0, 0, 0
9097, 1, 2, 2, 0, 1, 0
9100, 0, 5, 5, 0, 0, 0
9107, 0, 1, 1, 0, 0, 0
9108, 0, 4, 3, 1, 0, 0
9126, 0, 1, 1, 0, 0, 0
9136, 5, 5, 5, 0, 5, 0
9139, 0, 1, 1, 0, 0, 0
9143, 1, 4, 4, 0, 1, 0
34955, 0, 3, 3, 0, 0, 0
35508, 0, 4, 4, 0, 0, 0
35509, 3, 1, 1, 0, 3, 0
19031, 0, 2, 2, 0, 0, 0
19035, 0, 1, 1, 0, 0, 0
19040, 0, 2, 1, 1, 0, 0
56646, 0, 1, 1, 0, 0, 0
55785, 0, 1, 0, 1, 0, 0
20269, 4, 8, 8, 0, 4, 0
56647, 2, 1, 1, 0, 2, 0
21289, 0, 1, 1, 0, 0, 0
21290, 0, 1, 1, 0, 0, 0
56648, 0, 1, 1, 0, 0, 0
40610, 4, 1, 1, 0, 4, 0
40612, 0, 1, 1, 0, 0, 0
40614, 0, 5, 5, 0, 0, 0
56649, 1, 1, 1, 0, 1, 0
14298, 1, 5, 5, 0, 1, 0
14300, 3, 1, 1, 0, 3, 0
14302, 7, 4, 3, 1, 7, 0
21854, 0, 2, 1, 1, 0, 0
49584, 0, 2, 0, 2, 0, 0
56650, 0, 1, 1, 0, 0, 0
56651, 0, 1, 1, 0, 0, 0
56652, 1, 2, 1, 1, 1, 0
43207, 11, 2, 2, 0, 11, 0
24689, 0, 1, 1, 0, 0, 0
24615, 3, 3, 3, 0, 3, 0
17763, 0, 2, 2, 0, 0, 0
18580, 0, 3, 3, 0, 0, 0
26114, 10, 7, 7, 0, 10, 0
28531, 0, 6, 6, 0, 0, 0
28533, 0, 1, 1, 0, 0, 0
28535, 2, 3, 3, 0, 2, 0
28538, 0, 9, 6, 3, 0, 0
28540, 1, 1, 1, 0, 0, 1
28544, 0, 2, 2, 0, 0, 0
28547, 0, 1, 1, 0, 0, 0
28550, 2, 1, 1, 0, 2, 0
28551, 0, 1, 1, 0, 0, 0
28555, 0, 1, 1, 0, 0, 0
28558, 0, 1, 1, 0, 0, 0
28559, 0, 1, 1, 0, 0, 0
28560, 0, 1, 1, 0, 0, 0
28561, 0, 1, 1, 0, 0, 0
28562, 0, 2, 2, 0, 0, 0
46372, 0, 5, 2, 3, 0, 0
56653, 0, 4, 2, 2, 0, 0
22565, 0, 4, 4, 0, 0, 0
54089, 0, 2, 2, 0, 0, 0
56654, 0, 1, 1, 0, 0, 0
56655, 3, 1, 1, 0, 3, 0
56656, 1, 1, 1, 0, 1, 0
11750, 3, 5, 5, 0, 3, 0
16674, 0, 5, 5, 0, 0, 0
18325, 3, 7, 6, 1, 3, 0
18335, 0, 1, 1, 0, 0, 0
18338, 5, 2, 1, 1, 5, 0
56657, 2, 1, 1, 0, 2, 0
56658, 0, 1, 1, 0, 0, 0
56659, 1, 1, 1, 0, 1, 0
56660, 17, 2, 2, 0, 12, 5
56661, 1, 1, 0, 1, 1, 0
9146, 1, 0, 0, 0, 1, 0
9147, 55, 3, 2, 1, 34, 21
9154, 15, 3, 1, 2, 12, 3
9157, 1, 1, 1, 0, 1, 0
9163, 0, 2, 2, 0, 0, 0
9165, 0, 1, 1, 0, 0, 0
9174, 0, 1, 0, 1, 0, 0
9175, 1, 4, 2, 2, 1, 0
9182, 0, 2, 0, 2, 0, 0
56663, 0, 3, 3, 0, 0, 0
11875, 0, 5, 5, 0, 0, 0
44950, 0, 10, 10, 0, 0, 0
56664, 0, 1, 1, 0, 0, 0
52007, 20, 2, 1, 1, 17, 3
56665, 0, 1, 1, 0, 0, 0
21543, 1, 2, 2, 0, 0, 1
21546, 10, 5, 2, 3, 4, 6
56666, 2, 1, 1, 0, 1, 1
56667, 0, 1, 1, 0, 0, 0
56668, 0, 1, 1, 0, 0, 0
56669, 2, 2, 1, 1, 1, 1
56670, 0, 2, 2, 0, 0, 0
56671, 0, 3, 3, 0, 0, 0
9183, 4, 0, 0, 0, 4, 0
9185, 1, 0, 0, 0, 1, 0
9187, 1, 0, 0, 0, 1, 0
9188, 1, 1, 1, 0, 1, 0
9189, 4, 0, 0, 0, 2, 2
9194, 0, 2, 2, 0, 0, 0
9201, 0, 2, 1, 1, 0, 0
9205, 0, 1, 1, 0, 0, 0
9208, 0, 5, 4, 1, 0, 0
9215, 0, 1, 1, 0, 0, 0
9223, 2, 3, 1, 2, 0, 2
9227, 0, 1, 1, 0, 0, 0
9228, 0, 3, 3, 0, 0, 0
9230, 0, 1, 1, 0, 0, 0
9236, 0, 1, 1, 0, 0, 0
9240, 0, 1, 1, 0, 0, 0
9241, 9, 3, 1, 2, 9, 0
9242, 0, 3, 3, 0, 0, 0
9249, 0, 1, 1, 0, 0, 0
9251, 0, 4, 2, 2, 0, 0
9253, 13, 3, 3, 0, 13, 0
9254, 0, 3, 3, 0, 0, 0
9256, 0, 1, 1, 0, 0, 0
9257, 0, 6, 5, 1, 0, 0
9258, 0, 1, 1, 0, 0, 0
9261, 2, 4, 4, 0, 2, 0
9262, 0, 1, 1, 0, 0, 0
9265, 0, 1, 1, 0, 0, 0
9266, 0, 1, 1, 0, 0, 0
9271, 0, 5, 3, 2, 0, 0
9274, 23, 4, 4, 0, 21, 2
9275, 1, 1, 1, 0, 1, 0
9276, 0, 1, 1, 0, 0, 0
9277, 6, 2, 2, 0, 6, 0
9283, 7, 2, 2, 0, 7, 0
9290, 0, 2, 2, 0, 0, 0
9295, 3, 3, 1, 2, 2, 1
9302, 1, 2, 2, 0, 1, 0
19671, 0, 3, 1, 2, 0, 0
34818, 0, 2, 1, 1, 0, 0
35385, 0, 3, 3, 0, 0, 0
56672, 3, 1, 0, 1, 3, 0
56673, 3, 1, 1, 0, 3, 0
56674, 0, 1, 1, 0, 0, 0
54700, 1, 2, 1, 1, 1, 0
56675, 0, 1, 1, 0, 0, 0
28314, 107, 4, 4, 0, 107, 0
44101, 5, 2, 2, 0, 5, 0
45991, 19, 1, 1, 0, 19, 0
53074, 2, 1, 1, 0, 2, 0
53075, 50, 1, 1, 0, 50, 0
53076, 2, 2, 2, 0, 2, 0
53077, 12, 2, 2, 0, 12, 0
53078, 2, 1, 1, 0, 2, 0
56676, 0, 1, 1, 0, 0, 0
56677, 10, 2, 2, 0, 9, 1
56678, 1, 2, 2, 0, 1, 0
56679, 0, 2, 2, 0, 0, 0
56680, 0, 1, 1, 0, 0, 0
56681, 20, 1, 1, 0, 19, 1
56682, 1, 3, 2, 1, 0, 1
24513, 0, 1, 0, 1, 0, 0
9672, 4, 6, 5, 1, 3, 1
55151, 1, 1, 1, 0, 1, 0
55152, 1, 1, 1, 0, 1, 0
55153, 0, 1, 1, 0, 0, 0
28306, 4, 4, 4, 0, 3, 1
36003, 5, 4, 3, 1, 4, 1
52052, 0, 3, 2, 1, 0, 0
54121, 0, 1, 1, 0, 0, 0
54122, 0, 2, 1, 1, 0, 0
54123, 0, 1, 1, 0, 0, 0
54124, 0, 1, 1, 0, 0, 0
54125, 6, 4, 4, 0, 6, 0
54126, 0, 1, 1, 0, 0, 0
54127, 2, 2, 2, 0, 2, 0
54128, 29, 3, 2, 1, 28, 1
54129, 0, 1, 1, 0, 0, 0
54130, 4, 2, 1, 1, 3, 1
54131, 0, 1, 1, 0, 0, 0
54132, 4, 4, 3, 1, 3, 1
54133, 2, 2, 2, 0, 2, 0
54134, 0, 1, 1, 0, 0, 0
56683, 0, 1, 1, 0, 0, 0
29305, 0, 3, 1, 2, 0, 0
56684, 0, 1, 0, 1, 0, 0
16938, 29, 5, 2, 3, 21, 8
21317, 0, 3, 3, 0, 0, 0
23095, 0, 4, 4, 0, 0, 0
26249, 0, 2, 2, 0, 0, 0
30502, 0, 3, 3, 0, 0, 0
31005, 0, 3, 1, 2, 0, 0
33711, 1, 8, 6, 2, 0, 1
35043, 0, 3, 2, 1, 0, 0
35546, 1, 2, 2, 0, 1, 0
37128, 0, 1, 1, 0, 0, 0
37129, 7, 3, 3, 0, 7, 0
37130, 0, 1, 1, 0, 0, 0
37131, 0, 1, 1, 0, 0, 0
37132, 0, 2, 1, 1, 0, 0
37134, 3, 4, 4, 0, 3, 0
37136, 0, 3, 3, 0, 0, 0
37138, 0, 6, 6, 0, 0, 0
37139, 0, 1, 1, 0, 0, 0
37140, 0, 1, 1, 0, 0, 0
37141, 1, 1, 1, 0, 1, 0
37142, 0, 2, 2, 0, 0, 0
37143, 5, 4, 4, 0, 5, 0
37144, 0, 3, 3, 0, 0, 0
37145, 0, 1, 1, 0, 0, 0
37146, 0, 4, 3, 1, 0, 0
37147, 2, 4, 3, 1, 2, 0
37148, 0, 1, 1, 0, 0, 0
37149, 0, 1, 1, 0, 0, 0
37151, 1, 1, 1, 0, 1, 0
37152, 9, 2, 2, 0, 6, 3
37153, 42, 2, 2, 0, 42, 0
37157, 0, 5, 5, 0, 0, 0
37159, 0, 1, 1, 0, 0, 0
37160, 0, 1, 1, 0, 0, 0
37161, 0, 1, 1, 0, 0, 0
37163, 0, 1, 1, 0, 0, 0
37165, 0, 2, 0, 2, 0, 0
37167, 6, 2, 1, 1, 3, 3
37168, 0, 1, 0, 1, 0, 0
24913, 0, 7, 2, 5, 0, 0
33167, 0, 6, 2, 4, 0, 0
48843, 0, 2, 1, 1, 0, 0
55013, 0, 6, 6, 0, 0, 0
55936, 6, 3, 0, 3, 6, 0
56685, 0, 9, 9, 0, 0, 0
56686, 0, 1, 0, 1, 0, 0
56687, 0, 3, 1, 2, 0, 0
56688, 1, 1, 0, 1, 1, 0
56689, 0, 1, 0, 1, 0, 0
56690, 0, 3, 1, 2, 0, 0
56691, 0, 3, 0, 3, 0, 0
56692, 0, 1, 0, 1, 0, 0
56693, 0, 1, 0, 1, 0, 0
56694, 0, 1, 0, 1, 0, 0
56695, 6, 2, 1, 1, 6, 0
56696, 1, 1, 0, 1, 1, 0
56697, 0, 1, 0, 1, 0, 0
56698, 0, 2, 0, 2, 0, 0
56699, 0, 6, 0, 6, 0, 0
56700, 0, 1, 0, 1, 0, 0
56701, 0, 1, 0, 1, 0, 0
56702, 2, 2, 1, 1, 1, 1
56703, 0, 1, 0, 1, 0, 0
56704, 0, 1, 0, 1, 0, 0
54785, 8, 2, 2, 0, 6, 2
56705, 1, 2, 2, 0, 1, 0
34667, 46, 1, 1, 0, 46, 0
34675, 10, 2, 2, 0, 10, 0
56706, 1, 1, 1, 0, 0, 1
56707, 0, 1, 0, 1, 0, 0
56708, 0, 1, 0, 1, 0, 0
56709, 0, 1, 0, 1, 0, 0
56710, 0, 1, 0, 1, 0, 0
32693, 0, 6, 4, 2, 0, 0
56711, 0, 1, 1, 0, 0, 0
18643, 35, 3, 3, 0, 35, 0
56712, 5, 1, 1, 0, 4, 1
56713, 0, 1, 1, 0, 0, 0
56714, 3, 1, 1, 0, 2, 1
29352, 1, 3, 2, 1, 0, 1
56715, 5, 1, 1, 0, 5, 0
56716, 1, 1, 1, 0, 1, 0
56717, 1, 1, 1, 0, 1, 0
56718, 1, 2, 2, 0, 1, 0
56719, 2, 1, 1, 0, 2, 0
32835, 3, 3, 3, 0, 3, 0
56720, 1, 2, 2, 0, 1, 0
56721, 2, 1, 1, 0, 2, 0
19812, 2, 7, 7, 0, 2, 0
27954, 0, 2, 2, 0, 0, 0
39068, 0, 2, 0, 2, 0, 0
52309, 0, 1, 1, 0, 0, 0
52310, 0, 1, 1, 0, 0, 0
52311, 1, 2, 2, 0, 1, 0
52312, 1, 1, 1, 0, 1, 0
52313, 0, 1, 1, 0, 0, 0
52314, 0, 1, 1, 0, 0, 0
52315, 3, 3, 3, 0, 3, 0
52316, 0, 1, 1, 0, 0, 0
52317, 0, 1, 1, 0, 0, 0
52318, 0, 1, 1, 0, 0, 0
52319, 0, 1, 1, 0, 0, 0
52320, 0, 1, 1, 0, 0, 0
52321, 0, 2, 2, 0, 0, 0
52322, 0, 3, 2, 1, 0, 0
52323, 0, 2, 0, 2, 0, 0
52324, 0, 1, 0, 1, 0, 0
40529, 1, 2, 0, 2, 0, 1
27269, 0, 3, 2, 1, 0, 0
39242, 0, 1, 1, 0, 0, 0
39243, 0, 1, 1, 0, 0, 0
39244, 0, 2, 1, 1, 0, 0
23731, 1, 3, 3, 0, 1, 0
24153, 19, 2, 1, 1, 9, 10
25146, 1, 8, 7, 1, 1, 0
29151, 2, 8, 8, 0, 2, 0
31389, 0, 1, 1, 0, 0, 0
31391, 0, 1, 1, 0, 0, 0
31392, 0, 1, 1, 0, 0, 0
31397, 6, 2, 2, 0, 4, 2
31398, 5, 2, 2, 0, 5, 0
31399, 1, 3, 3, 0, 0, 1
31400, 0, 4, 3, 1, 0, 0
31401, 0, 4, 4, 0, 0, 0
31402, 1, 2, 1, 1, 1, 0
31403, 0, 1, 1, 0, 0, 0
31405, 8, 5, 5, 0, 8, 0
31406, 0, 1, 1, 0, 0, 0
31408, 0, 1, 1, 0, 0, 0
31409, 0, 1, 1, 0, 0, 0
31411, 0, 3, 3, 0, 0, 0
31413, 0, 2, 2, 0, 0, 0
31415, 0, 1, 1, 0, 0, 0
31419, 1, 4, 4, 0, 1, 0
31420, 0, 1, 1, 0, 0, 0
31421, 0, 3, 3, 0, 0, 0
31422, 0, 1, 1, 0, 0, 0
31424, 0, 1, 1, 0, 0, 0
31425, 3, 3, 2, 1, 0, 3
23567, 0, 6, 2, 4, 0, 0
36315, 95, 3, 3, 0, 86, 9
56722, 0, 1, 1, 0, 0, 0
56723, 5, 2, 1, 1, 3, 2
56724, 0, 1, 0, 1, 0, 0
13303, 6, 6, 3, 3, 6, 0
13572, 0, 7, 6, 1, 0, 0
32533, 0, 5, 4, 1, 0, 0
33192, 1, 7, 7, 0, 1, 0
33978, 0, 2, 2, 0, 0, 0
33989, 0, 3, 0, 3, 0, 0
34149, 0, 5, 0, 5, 0, 0
35161, 0, 3, 2, 1, 0, 0
39586, 0, 2, 1, 1, 0, 0
44621, 0, 10, 7, 3, 0, 0
54797, 0, 3, 0, 3, 0, 0
56725, 0, 1, 1, 0, 0, 0
56726, 0, 1, 1, 0, 0, 0
56727, 0, 2, 2, 0, 0, 0
56728, 0, 1, 0, 1, 0, 0
56729, 0, 2, 0, 2, 0, 0
56730, 0, 1, 0, 1, 0, 0
56731, 0, 1, 0, 1, 0, 0
56732, 0, 2, 1, 1, 0, 0
56733, 0, 1, 0, 1, 0, 0
56734, 0, 3, 3, 0, 0, 0
56735, 0, 2, 2, 0, 0, 0
56736, 0, 1, 1, 0, 0, 0
56737, 1, 1, 1, 0, 1, 0
9305, 0, 1, 1, 0, 0, 0
9306, 0, 2, 2, 0, 0, 0
9308, 0, 1, 1, 0, 0, 0
9310, 0, 2, 2, 0, 0, 0
9315, 1, 3, 3, 0, 1, 0
9318, 0, 1, 1, 0, 0, 0
9319, 0, 1, 1, 0, 0, 0
9325, 3, 2, 2, 0, 3, 0
9329, 2, 2, 2, 0, 2, 0
9333, 2, 6, 6, 0, 2, 0
9335, 0, 1, 1, 0, 0, 0
9336, 0, 2, 2, 0, 0, 0
9339, 2, 1, 1, 0, 2, 0
9343, 0, 1, 1, 0, 0, 0
9345, 0, 2, 2, 0, 0, 0
56738, 4, 1, 1, 0, 4, 0
56739, 0, 1, 1, 0, 0, 0
56740, 0, 2, 2, 0, 0, 0
56741, 0, 1, 1, 0, 0, 0
56742, 2, 2, 2, 0, 2, 0
56743, 0, 2, 2, 0, 0, 0
56744, 0, 1, 1, 0, 0, 0
27442, 22, 2, 2, 0, 22, 0
44960, 21, 3, 3, 0, 15, 6
45274, 30, 2, 2, 0, 30, 0
55213, 85, 2, 2, 0, 52, 33
56745, 20, 1, 1, 0, 13, 7
56746, 0, 1, 1, 0, 0, 0
56747, 69, 1, 1, 0, 63, 6
56748, 3, 3, 3, 0, 3, 0
56749, 18, 1, 1, 0, 18, 0
56750, 15, 2, 2, 0, 15, 0
56751, 0, 1, 1, 0, 0, 0
56752, 0, 1, 1, 0, 0, 0
16927, 0, 3, 0, 3, 0, 0
25699, 4, 5, 4, 1, 2, 2
48926, 0, 2, 2, 0, 0, 0
56753, 4, 3, 3, 0, 4, 0
56754, 1, 1, 1, 0, 1, 0
54523, 0, 3, 3, 0, 0, 0
10380, 0, 2, 2, 0, 0, 0
14022, 35, 7, 6, 1, 27, 8
21930, 0, 2, 2, 0, 0, 0
36389, 27, 3, 3, 0, 25, 2
51210, 0, 1, 1, 0, 0, 0
51211, 0, 1, 1, 0, 0, 0
51212, 1, 1, 1, 0, 1, 0
51213, 3, 1, 1, 0, 3, 0
37781, 4, 3, 3, 0, 4, 0
56755, 0, 1, 1, 0, 0, 0
56756, 0, 1, 1, 0, 0, 0
56757, 0, 1, 1, 0, 0, 0
56758, 2, 8, 7, 1, 2, 0
56759, 0, 2, 2, 0, 0, 0
56760, 8, 2, 2, 0, 5, 3
56761, 0, 1, 1, 0, 0, 0
56762, 1, 1, 1, 0, 1, 0
38027, 0, 1, 1, 0, 0, 0
38028, 1, 1, 1, 0, 1, 0
38029, 22, 3, 3, 0, 21, 1
38030, 0, 1, 1, 0, 0, 0
56896, 0, 2, 1, 1, 0, 0
56897, 0, 1, 0, 1, 0, 0
56898, 1, 1, 1, 0, 1, 0
56899, 3, 1, 1, 0, 3, 0
56900, 0, 4, 4, 0, 0, 0
56901, 2, 2, 2, 0, 2, 0
35527, 0, 2, 1, 1, 0, 0
54409, 2, 3, 3, 0, 2, 0
56902, 0, 1, 1, 0, 0, 0
56903, 1, 1, 1, 0, 1, 0
56904, 0, 1, 0, 1, 0, 0
56905, 0, 3, 1, 2, 0, 0
56906, 1, 1, 1, 0, 1, 0
56907, 2, 3, 1, 2, 1, 1
56908, 0, 2, 0, 2, 0, 0
16850, 7, 5, 3, 2, 5, 2
20796, 0, 1, 1, 0, 0, 0
20797, 0, 1, 1, 0, 0, 0
20802, 0, 1, 1, 0, 0, 0
20807, 0, 1, 1, 0, 0, 0
20809, 12, 1, 1, 0, 11, 1
20810, 0, 1, 1, 0, 0, 0
20814, 0, 1, 0, 1, 0, 0
56909, 6, 1, 1, 0, 6, 0
56910, 2, 1, 1, 0, 2, 0
56911, 0, 1, 1, 0, 0, 0
56912, 0, 3, 3, 0, 0, 0
11521, 24, 5, 4, 1, 23, 1
15201, 6, 3, 3, 0, 5, 1
19241, 0, 2, 1, 1, 0, 0
33446, 0, 4, 3, 1, 0, 0
42512, 0, 3, 3, 0, 0, 0
43885, 0, 1, 1, 0, 0, 0
43886, 0, 2, 2, 0, 0, 0
43887, 1, 1, 1, 0, 0, 1
43889, 0, 5, 5, 0, 0, 0
43890, 0, 4, 3, 1, 0, 0
43892, 0, 1, 1, 0, 0, 0
43893, 0, 1, 1, 0, 0, 0
43894, 0, 1, 0, 1, 0, 0
43895, 0, 2, 1, 1, 0, 0
56913, 1, 1, 1, 0, 1, 0
16427, 27, 6, 6, 0, 27, 0
28957, 3, 2, 2, 0, 1, 2
56914, 0, 1, 1, 0, 0, 0
56915, 0, 1, 1, 0, 0, 0
12003, 0, 5, 5, 0, 0, 0
16124, 1, 1, 1, 0, 1, 0
18467, 0, 6, 5, 1, 0, 0
36717, 0, 4, 4, 0, 0, 0
41832, 7, 1, 1, 0, 6, 1
53522, 2, 1, 1, 0, 0, 2
53523, 0, 1, 1, 0, 0, 0
53524, 0, 4, 4, 0, 0, 0
53525, 0, 1, 1, 0, 0, 0
53526, 0, 1, 1, 0, 0, 0
53527, 0, 2, 2, 0, 0, 0
56916, 3, 2, 2, 0, 3, 0
56917, 2, 1, 1, 0, 2, 0
23359, 5, 2, 2, 0, 5, 0
41718, 4, 1, 1, 0, 4, 0
56918, 0, 1, 1, 0, 0, 0
56919, 0, 2, 2, 0, 0, 0
56920, 0, 8, 8, 0, 0, 0
56921, 0, 1, 1, 0, 0, 0
56922, 0, 1, 1, 0, 0, 0
56923, 0, 1, 1, 0, 0, 0
56924, 0, 2, 2, 0, 0, 0
56925, 1, 1, 1, 0, 1, 0
56926, 0, 1, 1, 0, 0, 0
17159, 1, 2, 2, 0, 1, 0
17160, 0, 2, 2, 0, 0, 0
56927, 1, 3, 2, 1, 1, 0
56928, 0, 1, 0, 1, 0, 0
34433, 0, 2, 1, 1, 0, 0
35181, 0, 2, 2, 0, 0, 0
56929, 0, 2, 2, 0, 0, 0
29667, 1, 3, 3, 0, 1, 0
44785, 0, 3, 2, 1, 0, 0
56930, 1, 1, 1, 0, 1, 0
56931, 2, 1, 1, 0, 2, 0
56932, 0, 1, 1, 0, 0, 0
56933, 0, 1, 1, 0, 0, 0
56934, 0, 1, 1, 0, 0, 0
56935, 4, 2, 0, 2, 4, 0
56936, 0, 2, 0, 2, 0, 0
56937, 0, 1, 0, 1, 0, 0
56938, 0, 1, 0, 1, 0, 0
27762, 1, 2, 2, 0, 1, 0
34440, 20, 1, 1, 0, 2, 18
35197, 0, 2, 0, 2, 0, 0
36336, 0, 3, 1, 2, 0, 0
36827, 2, 7, 5, 2, 2, 0
39619, 0, 3, 2, 1, 0, 0
45791, 10, 1, 0, 1, 9, 1
52167, 0, 1, 1, 0, 0, 0
52168, 3, 2, 1, 1, 2, 1
52169, 8, 3, 1, 2, 7, 1
52170, 0, 1, 1, 0, 0, 0
52171, 1, 1, 1, 0, 1, 0
52172, 0, 1, 1, 0, 0, 0
52173, 0, 1, 1, 0, 0, 0
52174, 1, 1, 1, 0, 1, 0
52175, 0, 2, 1, 1, 0, 0
52176, 0, 1, 0, 1, 0, 0
52177, 0, 2, 1, 1, 0, 0
52178, 0, 1, 0, 1, 0, 0
52179, 0, 1, 0, 1, 0, 0
52180, 0, 4, 1, 3, 0, 0
52181, 0, 1, 0, 1, 0, 0
52182, 0, 1, 0, 1, 0, 0
52183, 0, 1, 0, 1, 0, 0
52184, 3, 1, 0, 1, 2, 1
52185, 0, 1, 0, 1, 0, 0
52187, 0, 3, 2, 1, 0, 0
56939, 0, 2, 2, 0, 0, 0
56940, 6, 3, 3, 0, 6, 0
56941, 0, 1, 1, 0, 0, 0
56942, 0, 1, 1, 0, 0, 0
41799, 7, 1, 1, 0, 6, 1
41800, 1, 1, 1, 0, 1, 0
41801, 0, 1, 1, 0, 0, 0
56943, 1, 2, 2, 0, 1, 0
56944, 1, 1, 0, 1, 1, 0
21729, 7, 5, 5, 0, 7, 0
38987, 0, 2, 2, 0, 0, 0
25337, 0, 1, 1, 0, 0, 0
56945, 4, 2, 2, 0, 4, 0
56946, 1, 1, 1, 0, 1, 0
56947, 1, 1, 1, 0, 1, 0
56948, 2, 1, 1, 0, 2, 0
56980, 2, 1, 1, 0, 2, 0
21293, 0, 2, 2, 0, 0, 0
34501, 12, 3, 2, 1, 11, 1
34762, 10, 5, 5, 0, 9, 1
56981, 2, 2, 2, 0, 0, 2
15983, 0, 2, 2, 0, 0, 0
46399, 5, 1, 1, 0, 5, 0
56982, 0, 1, 1, 0, 0, 0
56983, 0, 1, 1, 0, 0, 0
56984, 0, 5, 4, 1, 0, 0
56985, 0, 1, 1, 0, 0, 0
56986, 0, 1, 1, 0, 0, 0
56987, 0, 1, 1, 0, 0, 0
56988, 0, 1, 1, 0, 0, 0
56989, 0, 1, 1, 0, 0, 0
56990, 7, 7, 7, 0, 7, 0
52697, 1, 3, 3, 0, 1, 0
53429, 1, 6, 5, 1, 1, 0
9463, 1, 1, 1, 0, 1, 0
9464, 2, 0, 0, 0, 2, 0
9465, 0, 1, 1, 0, 0, 0
9466, 5, 0, 0, 0, 5, 0
41579, 10, 1, 1, 0, 9, 1
56991, 1, 1, 1, 0, 0, 1
56992, 0, 2, 2, 0, 0, 0
9468, 1, 0, 0, 0, 1, 0
9469, 1, 0, 0, 0, 1, 0
9471, 0, 1, 1, 0, 0, 0
9472, 0, 2, 2, 0, 0, 0
9480, 0, 1, 1, 0, 0, 0
9481, 8, 2, 2, 0, 7, 1
9484, 4, 1, 1, 0, 4, 0
9491, 41, 1, 1, 0, 39, 2
9495, 12, 2, 2, 0, 11, 1
9502, 4, 3, 3, 0, 4, 0
9505, 0, 1, 1, 0, 0, 0
9509, 0, 8, 5, 3, 0, 0
9516, 0, 1, 1, 0, 0, 0
9522, 0, 1, 1, 0, 0, 0
9527, 0, 1, 0, 1, 0, 0
9529, 1, 11, 6, 5, 1, 0
41817, 0, 4, 2, 2, 0, 0
56993, 5, 2, 2, 0, 3, 2
56994, 0, 1, 1, 0, 0, 0
56995, 0, 1, 1, 0, 0, 0
56996, 2, 1, 1, 0, 2, 0
56997, 2, 1, 1, 0, 2, 0
56998, 2, 2, 2, 0, 2, 0
56999, 2, 1, 1, 0, 2, 0
57000, 1, 1, 1, 0, 1, 0
55845, 0, 3, 3, 0, 0, 0
54833, 0, 1, 1, 0, 0, 0
54834, 0, 1, 1, 0, 0, 0
54835, 0, 1, 1, 0, 0, 0
57001, 0, 1, 1, 0, 0, 0
57002, 0, 1, 1, 0, 0, 0
57003, 3, 1, 1, 0, 2, 1
57004, 8, 2, 2, 0, 8, 0
37369, 3, 2, 2, 0, 3, 0
55643, 0, 2, 2, 0, 0, 0
18561, 0, 2, 2, 0, 0, 0
35975, 5, 7, 3, 4, 5, 0
57005, 0, 2, 1, 1, 0, 0
57006, 0, 1, 1, 0, 0, 0
57007, 0, 2, 1, 1, 0, 0
57008, 1, 2, 2, 0, 1, 0
57009, 1, 3, 2, 1, 1, 0
57010, 0, 1, 1, 0, 0, 0
27854, 1, 14, 12, 2, 1, 0
30199, 0, 3, 3, 0, 0, 0
35595, 0, 3, 3, 0, 0, 0
49810, 0, 2, 2, 0, 0, 0
50688, 43, 4, 1, 3, 9, 34
56246, 4, 4, 4, 0, 4, 0
57011, 0, 1, 1, 0, 0, 0
57012, 0, 1, 1, 0, 0, 0
57013, 0, 1, 0, 1, 0, 0
57014, 0, 2, 1, 1, 0, 0
57015, 0, 1, 0, 1, 0, 0
45733, 0, 2, 2, 0, 0, 0
45734, 2, 2, 2, 0, 2, 0
15069, 0, 3, 1, 2, 0, 0
17287, 2, 2, 2, 0, 2, 0
33400, 0, 3, 2, 1, 0, 0
33401, 0, 3, 3, 0, 0, 0
19488, 1, 4, 4, 0, 1, 0
54765, 0, 1, 1, 0, 0, 0
54766, 0, 1, 1, 0, 0, 0
54767, 1, 1, 1, 0, 1, 0
40622, 0, 5, 5, 0, 0, 0
45065, 1, 1, 1, 0, 1, 0
45067, 0, 6, 5, 1, 0, 0
29314, 21, 8, 8, 0, 18, 3
57016, 5, 2, 2, 0, 5, 0
57017, 2, 2, 2, 0, 2, 0
57018, 6, 2, 2, 0, 6, 0
57019, 0, 1, 1, 0, 0, 0
57020, 0, 1, 1, 0, 0, 0
57021, 0, 1, 0, 1, 0, 0
17000, 1, 4, 4, 0, 1, 0
23999, 0, 3, 3, 0, 0, 0
27018, 5, 5, 3, 2, 5, 0
30107, 7, 7, 6, 1, 7, 0
38571, 0, 2, 2, 0, 0, 0
41732, 0, 1, 1, 0, 0, 0
41733, 0, 1, 1, 0, 0, 0
41734, 2, 2, 2, 0, 2, 0
41736, 0, 1, 1, 0, 0, 0
41737, 0, 2, 2, 0, 0, 0
41739, 0, 1, 1, 0, 0, 0
41740, 14, 2, 2, 0, 14, 0
41741, 0, 1, 1, 0, 0, 0
41744, 0, 1, 1, 0, 0, 0
41745, 0, 1, 1, 0, 0, 0
41747, 0, 1, 1, 0, 0, 0
41748, 2, 1, 1, 0, 2, 0
41749, 4, 3, 3, 0, 4, 0
41750, 0, 1, 1, 0, 0, 0
41751, 0, 1, 1, 0, 0, 0
41752, 0, 2, 2, 0, 0, 0
41753, 0, 1, 1, 0, 0, 0
54192, 0, 1, 1, 0, 0, 0
54193, 0, 1, 1, 0, 0, 0
54194, 0, 1, 1, 0, 0, 0
26268, 1, 2, 2, 0, 1, 0
38404, 0, 2, 2, 0, 0, 0
38408, 0, 3, 3, 0, 0, 0
38410, 0, 2, 2, 0, 0, 0
57022, 0, 1, 1, 0, 0, 0
57023, 0, 2, 2, 0, 0, 0
57024, 0, 3, 3, 0, 0, 0
57025, 0, 1, 1, 0, 0, 0
20984, 0, 2, 2, 0, 0, 0
20985, 0, 2, 2, 0, 0, 0
20988, 4, 1, 1, 0, 4, 0
20989, 0, 4, 0, 4, 0, 0
57026, 36, 1, 1, 0, 36, 0
57027, 0, 1, 1, 0, 0, 0
26716, 4, 3, 3, 0, 4, 0
35639, 7, 3, 3, 0, 4, 3
40367, 0, 1, 1, 0, 0, 0
40369, 0, 2, 2, 0, 0, 0
40370, 1, 1, 1, 0, 1, 0
40371, 0, 2, 2, 0, 0, 0
40373, 1, 1, 0, 1, 1, 0
44025, 3, 2, 1, 1, 2, 1
52421, 6, 4, 3, 1, 2, 4
57029, 0, 2, 2, 0, 0, 0
57030, 0, 2, 1, 1, 0, 0
57031, 0, 1, 0, 1, 0, 0
9535, 6, 1, 1, 0, 5, 1
9536, 3, 1, 1, 0, 3, 0
9537, 23, 0, 0, 0, 15, 8
9538, 0, 4, 3, 1, 0, 0
9544, 0, 7, 1, 6, 0, 0
48831, 5, 3, 3, 0, 5, 0
57032, 0, 1, 1, 0, 0, 0
57033, 1, 1, 1, 0, 1, 0
33094, 0, 2, 2, 0, 0, 0
57034, 0, 1, 0, 1, 0, 0
57035, 0, 2, 1, 1, 0, 0
29739, 0, 5, 3, 2, 0, 0
57036, 9, 1, 1, 0, 6, 3
9547, 1, 0, 0, 0, 1, 0
9549, 0, 1, 1, 0, 0, 0
57037, 0, 3, 1, 2, 0, 0
57038, 2, 1, 1, 0, 2, 0
9553, 6, 5, 3, 2, 2, 4
9558, 1, 0, 0, 0, 1, 0
9559, 1, 0, 0, 0, 1, 0
9560, 4, 1, 1, 0, 4, 0
9562, 1, 2, 2, 0, 1, 0
9563, 0, 3, 3, 0, 0, 0
57039, 1, 1, 1, 0, 1, 0
9564, 1, 0, 0, 0, 1, 0
9565, 2, 0, 0, 0, 2, 0
9566, 0, 1, 1, 0, 0, 0
9567, 15, 2, 2, 0, 15, 0
9572, 0, 2, 1, 1, 0, 0
55545, 9, 1, 1, 0, 6, 3
57040, 0, 1, 1, 0, 0, 0
57041, 0, 2, 2, 0, 0, 0
57042, 4, 2, 2, 0, 4, 0
57043, 0, 3, 2, 1, 0, 0
32855, 1, 1, 1, 0, 1, 0
57044, 2, 1, 1, 0, 2, 0
57045, 0, 2, 1, 1, 0, 0
31168, 0, 6, 3, 3, 0, 0
57046, 0, 1, 1, 0, 0, 0
57047, 0, 1, 1, 0, 0, 0
9576, 16, 0, 0, 0, 16, 0
9581, 1, 0, 0, 0, 1, 0
9582, 2, 1, 1, 0, 1, 1
9584, 1, 0, 0, 0, 1, 0
46373, 0, 2, 2, 0, 0, 0
20349, 7, 1, 1, 0, 7, 0
57060, 0, 1, 1, 0, 0, 0
30139, 0, 5, 4, 1, 0, 0
34984, 0, 3, 0, 3, 0, 0
57061, 0, 1, 1, 0, 0, 0
57062, 0, 2, 2, 0, 0, 0
55413, 5, 4, 4, 0, 5, 0
38534, 2, 4, 4, 0, 2, 0
57063, 1, 2, 2, 0, 1, 0
57064, 2, 1, 1, 0, 2, 0
57065, 0, 2, 1, 1, 0, 0
57066, 0, 1, 0, 1, 0, 0
57067, 0, 2, 1, 1, 0, 0
55105, 2, 4, 4, 0, 2, 0
57068, 0, 1, 1, 0, 0, 0
57069, 0, 1, 1, 0, 0, 0
57070, 0, 1, 1, 0, 0, 0
57071, 0, 2, 2, 0, 0, 0
57072, 2, 1, 1, 0, 2, 0
57073, 3, 2, 2, 0, 3, 0
57074, 5, 4, 4, 0, 5, 0
57075, 1, 1, 1, 0, 1, 0
57076, 0, 1, 1, 0, 0, 0
57077, 2, 1, 1, 0, 2, 0
57078, 8, 1, 1, 0, 4, 4
55629, 0, 3, 3, 0, 0, 0
57079, 0, 1, 1, 0, 0, 0
57080, 0, 3, 2, 1, 0, 0
57081, 0, 1, 0, 1, 0, 0
38396, 0, 1, 1, 0, 0, 0
57082, 0, 1, 1, 0, 0, 0
38531, 0, 2, 2, 0, 0, 0
41846, 3, 2, 2, 0, 2, 1
41848, 2, 1, 1, 0, 2, 0
43974, 2, 1, 1, 0, 2, 0
57083, 0, 1, 1, 0, 0, 0
57084, 1, 1, 1, 0, 1, 0
57085, 0, 1, 1, 0, 0, 0
30357, 4, 4, 0, 4, 1, 3
30514, 0, 2, 0, 2, 0, 0
50321, 0, 3, 1, 2, 0, 0
52678, 0, 3, 2, 1, 0, 0
52679, 0, 1, 0, 1, 0, 0
52680, 0, 1, 0, 1, 0, 0
52681, 0, 2, 0, 2, 0, 0
52682, 0, 1, 0, 1, 0, 0
52683, 0, 1, 0, 1, 0, 0
34184, 2, 2, 2, 0, 2, 0
57086, 0, 1, 0, 1, 0, 0
57087, 2, 1, 0, 1, 1, 1
54812, 0, 1, 1, 0, 0, 0
9652, 1, 0, 0, 0, 1, 0
9655, 3, 3, 2, 1, 2, 1
9661, 0, 1, 0, 1, 0, 0
57088, 1, 1, 1, 0, 1, 0
57089, 1, 1, 1, 0, 1, 0
57090, 21, 1, 1, 0, 21, 0
10053, 0, 1, 1, 0, 0, 0
57091, 1, 1, 1, 0, 1, 0
57092, 1, 1, 1, 0, 1, 0
31058, 0, 3, 1, 2, 0, 0
57093, 0, 1, 1, 0, 0, 0
57094, 22, 1, 1, 0, 21, 1
9671, 0, 2, 1, 1, 0, 0
9678, 0, 1, 1, 0, 0, 0
9680, 0, 1, 1, 0, 0, 0
9682, 1, 4, 2, 2, 1, 0
9687, 0, 2, 2, 0, 0, 0
41826, 1, 5, 2, 3, 1, 0
57095, 0, 1, 1, 0, 0, 0
21306, 0, 3, 3, 0, 0, 0
34867, 0, 1, 0, 1, 0, 0
54734, 0, 4, 4, 0, 0, 0
57096, 7, 2, 2, 0, 5, 2
19118, 0, 3, 0, 3, 0, 0
29199, 0, 2, 0, 2, 0, 0
29278, 1, 4, 3, 1, 1, 0
30920, 1, 3, 1, 2, 1, 0
32897, 1, 2, 1, 1, 1, 0
53422, 0, 5, 4, 1, 0, 0
57097, 0, 1, 1, 0, 0, 0
57098, 0, 1, 1, 0, 0, 0
57099, 1, 2, 2, 0, 1, 0
57100, 0, 1, 1, 0, 0, 0
57101, 0, 4, 2, 2, 0, 0
57102, 0, 1, 0, 1, 0, 0
57103, 0, 1, 0, 1, 0, 0
57104, 0, 1, 0, 1, 0, 0
57105, 7, 2, 1, 1, 5, 2
57106, 1, 2, 0, 2, 1, 0
57107, 0, 1, 0, 1, 0, 0
57108, 0, 1, 0, 1, 0, 0
57109, 0, 1, 0, 1, 0, 0
57110, 0, 1, 0, 1, 0, 0
57111, 0, 1, 0, 1, 0, 0
57112, 0, 1, 0, 1, 0, 0
57113, 0, 1, 0, 1, 0, 0
57114, 0, 1, 0, 1, 0, 0
57115, 0, 1, 0, 1, 0, 0
57116, 0, 1, 0, 1, 0, 0
57117, 0, 1, 0, 1, 0, 0
57118, 1, 1, 1, 0, 1, 0
33619, 0, 5, 5, 0, 0, 0
9692, 1, 1, 0, 1, 0, 1
57119, 14, 1, 1, 0, 7, 7
24787, 45, 2, 2, 0, 32, 13
33941, 26, 7, 5, 2, 21, 5
35062, 12, 2, 2, 0, 9, 3
35631, 18, 1, 1, 0, 6, 12
55453, 5, 1, 1, 0, 5, 0
57120, 32, 1, 1, 0, 1, 31
57121, 4, 2, 2, 0, 3, 1
57122, 0, 1, 1, 0, 0, 0
57123, 1, 1, 1, 0, 1, 0
57124, 9, 2, 1, 1, 1, 8
9698, 15, 3, 3, 0, 15, 0
57125, 0, 2, 2, 0, 0, 0
57126, 5, 1, 1, 0, 5, 0
57127, 4, 2, 2, 0, 4, 0
9702, 1, 0, 0, 0, 1, 0
9712, 0, 5, 5, 0, 0, 0
9718, 0, 1, 1, 0, 0, 0
9723, 0, 1, 1, 0, 0, 0
9724, 0, 1, 1, 0, 0, 0
9725, 0, 1, 1, 0, 0, 0
53164, 0, 3, 3, 0, 0, 0
54531, 0, 1, 1, 0, 0, 0
34157, 1, 3, 3, 0, 1, 0
57128, 3, 1, 1, 0, 1, 2
44838, 6, 1, 0, 1, 6, 0
57129, 4, 2, 1, 1, 3, 1
57130, 5, 4, 2, 2, 0, 5
9728, 10, 1, 1, 0, 10, 0
34138, 16, 8, 6, 2, 13, 3
34355, 0, 1, 1, 0, 0, 0
34356, 1, 1, 1, 0, 1, 0
34357, 0, 2, 0, 2, 0, 0
57131, 0, 2, 2, 0, 0, 0
9735, 1, 0, 0, 0, 1, 0
9737, 1, 0, 0, 0, 1, 0
35827, 0, 4, 4, 0, 0, 0
55160, 0, 2, 2, 0, 0, 0
55214, 1, 1, 1, 0, 1, 0
55215, 0, 1, 1, 0, 0, 0
55216, 0, 5, 4, 1, 0, 0
31204, 0, 11, 9, 2, 0, 0
57134, 0, 2, 2, 0, 0, 0
57135, 0, 1, 1, 0, 0, 0
57136, 0, 1, 1, 0, 0, 0
57137, 0, 1, 1, 0, 0, 0
57138, 0, 1, 1, 0, 0, 0
57139, 0, 2, 2, 0, 0, 0
23591, 1, 4, 4, 0, 0, 1
32609, 0, 2, 2, 0, 0, 0
32610, 0, 1, 1, 0, 0, 0
32611, 0, 1, 1, 0, 0, 0
32612, 0, 1, 1, 0, 0, 0
32614, 2, 4, 3, 1, 1, 1
57140, 1, 1, 1, 0, 1, 0
57141, 1, 1, 1, 0, 1, 0
54290, 0, 1, 1, 0, 0, 0
54291, 1, 1, 1, 0, 1, 0
54292, 1, 1, 1, 0, 1, 0
54293, 0, 3, 3, 0, 0, 0
19673, 3, 3, 3, 0, 3, 0
57146, 1, 1, 1, 0, 1, 0
22592, 9, 2, 1, 1, 9, 0
54844, 0, 5, 3, 2, 0, 0
57147, 1, 3, 2, 1, 1, 0
57148, 0, 1, 0, 1, 0, 0
57149, 2, 3, 2, 1, 2, 0
33104, 12, 2, 2, 0, 6, 6
33105, 0, 2, 1, 1, 0, 0
33106, 0, 5, 3, 2, 0, 0
52432, 0, 4, 4, 0, 0, 0
55129, 0, 1, 1, 0, 0, 0
54312, 0, 3, 3, 0, 0, 0
25120, 8, 12, 12, 0, 8, 0
57150, 2, 3, 3, 0, 2, 0
57151, 0, 1, 1, 0, 0, 0
57152, 0, 1, 1, 0, 0, 0
57153, 0, 1, 1, 0, 0, 0
24282, 2, 3, 3, 0, 1, 1
31253, 82, 2, 2, 0, 75, 7
37184, 0, 4, 4, 0, 0, 0
57154, 1, 1, 1, 0, 1, 0
28446, 4, 2, 1, 1, 4, 0
37879, 0, 3, 2, 1, 0, 0
47119, 0, 3, 1, 2, 0, 0
52305, 2, 2, 0, 2, 2, 0
55217, 2, 3, 1, 2, 2, 0
57155, 0, 1, 1, 0, 0, 0
57156, 1, 1, 1, 0, 1, 0
56767, 4, 2, 2, 0, 3, 1
11967, 3, 6, 3, 3, 3, 0
35816, 0, 3, 0, 3, 0, 0
54801, 0, 2, 0, 2, 0, 0
57157, 1, 1, 1, 0, 1, 0
57158, 0, 1, 1, 0, 0, 0
57159, 0, 1, 1, 0, 0, 0
22142, 0, 4, 3, 1, 0, 0
25542, 0, 7, 7, 0, 0, 0
33724, 0, 1, 0, 1, 0, 0
33726, 0, 1, 0, 1, 0, 0
22315, 1, 1, 1, 0, 0, 1
22316, 1, 2, 2, 0, 1, 0
22317, 0, 2, 2, 0, 0, 0
22320, 0, 1, 1, 0, 0, 0
22321, 0, 1, 1, 0, 0, 0
22322, 0, 1, 1, 0, 0, 0
22323, 0, 1, 1, 0, 0, 0
22325, 0, 1, 1, 0, 0, 0
22330, 0, 8, 1, 7, 0, 0
22332, 1, 3, 1, 2, 0, 1
22334, 0, 6, 2, 4, 0, 0
22335, 0, 1, 0, 1, 0, 0
57160, 2, 2, 2, 0, 2, 0
25483, 3, 1, 0, 1, 2, 1
45805, 19, 4, 2, 2, 8, 11
57161, 5, 1, 1, 0, 4, 1
57162, 0, 2, 1, 1, 0, 0
57163, 0, 1, 1, 0, 0, 0
57164, 0, 1, 0, 1, 0, 0
57165, 0, 2, 1, 1, 0, 0
57166, 1, 2, 1, 1, 1, 0
57167, 0, 1, 0, 1, 0, 0
57168, 1, 1, 0, 1, 1, 0
57169, 0, 1, 0, 1, 0, 0
57170, 0, 1, 1, 0, 0, 0
57171, 0, 1, 1, 0, 0, 0
25618, 2, 8, 4, 4, 0, 2
29619, 0, 6, 4, 2, 0, 0
29654, 0, 2, 2, 0, 0, 0
29826, 8, 2, 0, 2, 8, 0
45993, 0, 3, 3, 0, 0, 0
47603, 0, 3, 0, 3, 0, 0
57172, 1, 1, 1, 0, 1, 0
57173, 0, 1, 1, 0, 0, 0
57174, 0, 2, 1, 1, 0, 0
57175, 0, 1, 0, 1, 0, 0
57176, 0, 3, 0, 3, 0, 0
57177, 0, 1, 0, 1, 0, 0
57178, 8, 5, 5, 0, 8, 0
57179, 0, 1, 1, 0, 0, 0
57180, 5, 5, 5, 0, 5, 0
57181, 6, 5, 5, 0, 5, 1
57182, 9, 5, 5, 0, 8, 1
57183, 2, 1, 1, 0, 2, 0
57184, 0, 1, 0, 1, 0, 0
32641, 3, 2, 2, 0, 3, 0
57185, 12, 1, 1, 0, 11, 1
57186, 1, 1, 1, 0, 1, 0
57187, 0, 1, 1, 0, 0, 0
57188, 0, 1, 1, 0, 0, 0
57189, 0, 1, 1, 0, 0, 0
57190, 0, 2, 2, 0, 0, 0
9843, 2, 2, 1, 1, 2, 0
9844, 1, 1, 1, 0, 1, 0
9845, 1, 0, 0, 0, 1, 0
20880, 2, 2, 2, 0, 2, 0
28327, 2, 2, 2, 0, 2, 0
36451, 0, 2, 2, 0, 0, 0
39117, 1, 4, 3, 1, 1, 0
57191, 0, 1, 1, 0, 0, 0
57192, 0, 4, 2, 2, 0, 0
9848, 8, 1, 1, 0, 8, 0
9850, 1, 0, 0, 0, 1, 0
57198, 1, 1, 1, 0, 1, 0
57199, 0, 1, 0, 1, 0, 0
9857, 9, 2, 2, 0, 7, 2
9858, 0, 5, 5, 0, 0, 0
9861, 0, 2, 2, 0, 0, 0
9862, 0, 2, 2, 0, 0, 0
9869, 0, 4, 4, 0, 0, 0
9876, 0, 1, 1, 0, 0, 0
55291, 0, 1, 1, 0, 0, 0
55292, 0, 1, 1, 0, 0, 0
57200, 0, 1, 1, 0, 0, 0
57201, 0, 1, 1, 0, 0, 0
35292, 2, 1, 1, 0, 2, 0
57202, 0, 1, 1, 0, 0, 0
57203, 2, 1, 1, 0, 2, 0
34957, 1, 2, 1, 1, 1, 0
57204, 1, 1, 1, 0, 1, 0
57205, 2, 2, 2, 0, 2, 0
57206, 2, 1, 1, 0, 2, 0
57207, 1, 1, 1, 0, 1, 0
57208, 0, 1, 1, 0, 0, 0
57209, 0, 2, 2, 0, 0, 0
57210, 0, 1, 1, 0, 0, 0
57211, 0, 1, 1, 0, 0, 0
57212, 0, 1, 1, 0, 0, 0
57213, 0, 3, 2, 1, 0, 0
39590, 1, 3, 3, 0, 1, 0
23219, 2, 3, 2, 1, 2, 0
57214, 0, 1, 1, 0, 0, 0
20973, 25, 3, 2, 1, 19, 6
54356, 38, 1, 1, 0, 35, 3
57215, 1, 1, 1, 0, 1, 0
57216, 8, 1, 1, 0, 8, 0
57217, 2, 1, 1, 0, 2, 0
57218, 1, 1, 1, 0, 1, 0
57219, 0, 1, 1, 0, 0, 0
57220, 3, 1, 1, 0, 2, 1
57221, 0, 2, 2, 0, 0, 0
9883, 1, 0, 0, 0, 1, 0
9884, 1, 0, 0, 0, 1, 0
9885, 2, 1, 0, 1, 2, 0
9886, 3, 2, 2, 0, 3, 0
55884, 9, 1, 1, 0, 9, 0
57237, 0, 3, 3, 0, 0, 0
9887, 1, 0, 0, 0, 1, 0
57238, 2, 1, 1, 0, 2, 0
10304, 0, 3, 0, 3, 0, 0
25984, 17, 2, 2, 0, 15, 2
26257, 5, 2, 0, 2, 2, 3
30112, 0, 8, 4, 4, 0, 0
30546, 0, 2, 0, 2, 0, 0
45275, 1, 4, 3, 1, 1, 0
54823, 0, 2, 1, 1, 0, 0
55706, 0, 2, 1, 1, 0, 0
57239, 4, 1, 1, 0, 4, 0
57240, 0, 1, 1, 0, 0, 0
57241, 0, 1, 1, 0, 0, 0
57242, 0, 1, 1, 0, 0, 0
57243, 7, 1, 1, 0, 7, 0
57244, 1, 1, 1, 0, 1, 0
57245, 0, 1, 1, 0, 0, 0
57246, 0, 1, 0, 1, 0, 0
57247, 0, 1, 0, 1, 0, 0
57248, 0, 1, 0, 1, 0, 0
57249, 0, 1, 0, 1, 0, 0
57250, 0, 1, 0, 1, 0, 0
57251, 0, 3, 0, 3, 0, 0
57252, 0, 1, 0, 1, 0, 0
57253, 0, 1, 0, 1, 0, 0
57254, 0, 1, 0, 1, 0, 0
57255, 0, 1, 0, 1, 0, 0
57256, 0, 1, 0, 1, 0, 0
57257, 0, 1, 0, 1, 0, 0
57258, 0, 1, 0, 1, 0, 0
57259, 0, 1, 0, 1, 0, 0
57260, 0, 1, 0, 1, 0, 0
57261, 0, 1, 0, 1, 0, 0
57262, 43, 2, 1, 1, 39, 4
19316, 4, 5, 3, 2, 4, 0
50371, 18, 2, 2, 0, 17, 1
57263, 0, 1, 1, 0, 0, 0
57264, 57, 1, 1, 0, 57, 0
57265, 5, 2, 2, 0, 5, 0
57266, 2, 1, 1, 0, 2, 0
57267, 0, 1, 1, 0, 0, 0
57268, 0, 2, 2, 0, 0, 0
57269, 0, 6, 4, 2, 0, 0
57270, 1, 1, 1, 0, 1, 0
57271, 2, 2, 2, 0, 2, 0
32548, 1, 2, 2, 0, 1, 0
19900, 0, 2, 2, 0, 0, 0
50406, 0, 3, 3, 0, 0, 0
52703, 0, 1, 1, 0, 0, 0
18982, 0, 2, 2, 0, 0, 0
33920, 0, 6, 4, 2, 0, 0
22819, 5, 4, 3, 1, 4, 1
45273, 7, 2, 2, 0, 7, 0
57280, 0, 2, 2, 0, 0, 0
57281, 2, 2, 2, 0, 2, 0
57282, 0, 3, 3, 0, 0, 0
41914, 0, 1, 1, 0, 0, 0
41915, 0, 1, 1, 0, 0, 0
41916, 0, 1, 1, 0, 0, 0
44110, 5, 4, 4, 0, 5, 0
57283, 0, 1, 1, 0, 0, 0
57284, 1, 1, 1, 0, 1, 0
57285, 4, 2, 2, 0, 4, 0
9931, 0, 1, 1, 0, 0, 0
9935, 0, 1, 1, 0, 0, 0
9936, 3, 7, 5, 2, 3, 0
9937, 0, 2, 2, 0, 0, 0
9940, 0, 2, 2, 0, 0, 0
9942, 0, 1, 1, 0, 0, 0
9946, 2, 3, 3, 0, 2, 0
9947, 6, 1, 1, 0, 4, 2
9948, 0, 1, 1, 0, 0, 0
9949, 45, 3, 1, 2, 43, 2
57286, 1, 2, 2, 0, 0, 1
57287, 3, 1, 1, 0, 3, 0
57288, 0, 4, 4, 0, 0, 0
57289, 1, 1, 1, 0, 1, 0
57290, 0, 1, 1, 0, 0, 0
40996, 0, 3, 2, 1, 0, 0
43044, 7, 3, 2, 1, 3, 4
55049, 0, 1, 1, 0, 0, 0
55050, 5, 3, 3, 0, 5, 0
55051, 0, 1, 1, 0, 0, 0
55052, 0, 1, 1, 0, 0, 0
24525, 0, 1, 0, 1, 0, 0
24526, 12, 1, 0, 1, 10, 2
24527, 2, 2, 1, 1, 1, 1
24530, 0, 1, 0, 1, 0, 0
57291, 4, 3, 2, 1, 4, 0
57292, 0, 2, 0, 2, 0, 0
57294, 0, 1, 1, 0, 0, 0
57295, 1, 3, 2, 1, 0, 1
57296, 0, 1, 1, 0, 0, 0
57297, 0, 1, 1, 0, 0, 0
9950, 1, 0, 0, 0, 1, 0
9951, 3, 0, 0, 0, 3, 0
57298, 1, 4, 0, 4, 0, 1
34428, 5, 1, 1, 0, 5, 0
37499, 0, 3, 2, 1, 0, 0
46464, 0, 1, 1, 0, 0, 0
46465, 0, 1, 1, 0, 0, 0
46466, 0, 1, 1, 0, 0, 0
46467, 26, 2, 2, 0, 21, 5
46468, 5, 1, 1, 0, 4, 1
46469, 2, 1, 1, 0, 2, 0
46470, 0, 1, 1, 0, 0, 0
46472, 0, 1, 1, 0, 0, 0
46473, 0, 1, 1, 0, 0, 0
46474, 0, 1, 1, 0, 0, 0
46475, 0, 1, 1, 0, 0, 0
46476, 4, 1, 1, 0, 4, 0
46477, 1, 1, 1, 0, 1, 0
46478, 0, 1, 1, 0, 0, 0
46479, 0, 1, 1, 0, 0, 0
57299, 0, 2, 2, 0, 0, 0
22057, 22, 1, 1, 0, 22, 0
57300, 1, 1, 1, 0, 1, 0
45641, 0, 1, 1, 0, 0, 0
45642, 0, 2, 2, 0, 0, 0
45643, 0, 1, 1, 0, 0, 0
57301, 0, 1, 1, 0, 0, 0
57302, 0, 1, 1, 0, 0, 0
57303, 4, 1, 1, 0, 4, 0
57304, 0, 1, 1, 0, 0, 0
43806, 0, 3, 3, 0, 0, 0
51971, 0, 1, 1, 0, 0, 0
51972, 0, 1, 1, 0, 0, 0
51973, 1, 1, 1, 0, 1, 0
51974, 1, 1, 1, 0, 1, 0
51975, 0, 1, 1, 0, 0, 0
51976, 0, 1, 1, 0, 0, 0
51977, 0, 2, 0, 2, 0, 0
51978, 1, 3, 2, 1, 1, 0
44915, 0, 1, 1, 0, 0, 0
44916, 1, 3, 2, 1, 1, 0
12259, 0, 3, 3, 0, 0, 0
57305, 25, 1, 1, 0, 25, 0
57306, 0, 2, 2, 0, 0, 0
57307, 0, 1, 1, 0, 0, 0
35035, 0, 2, 2, 0, 0, 0
44203, 0, 3, 3, 0, 0, 0
25404, 0, 3, 3, 0, 0, 0
46155, 0, 3, 3, 0, 0, 0
48149, 0, 1, 1, 0, 0, 0
48150, 0, 1, 1, 0, 0, 0
48151, 1, 2, 2, 0, 1, 0
48152, 0, 2, 2, 0, 0, 0
48153, 0, 2, 2, 0, 0, 0
48154, 0, 2, 1, 1, 0, 0
48155, 0, 2, 2, 0, 0, 0
48156, 0, 1, 1, 0, 0, 0
48158, 0, 2, 2, 0, 0, 0
48159, 0, 1, 1, 0, 0, 0
48160, 0, 1, 1, 0, 0, 0
48161, 1, 1, 1, 0, 1, 0
48162, 2, 2, 2, 0, 2, 0
48163, 0, 2, 2, 0, 0, 0
48164, 0, 1, 1, 0, 0, 0
48165, 0, 1, 1, 0, 0, 0
48166, 1, 2, 1, 1, 1, 0
57308, 0, 1, 1, 0, 0, 0
57309, 0, 1, 1, 0, 0, 0
57310, 0, 1, 1, 0, 0, 0
17982, 1, 1, 1, 0, 1, 0
57311, 1, 1, 1, 0, 1, 0
57312, 0, 2, 1, 1, 0, 0
33850, 0, 1, 1, 0, 0, 0
33851, 0, 1, 1, 0, 0, 0
21951, 7, 3, 3, 0, 6, 1
21952, 0, 1, 1, 0, 0, 0
21953, 0, 1, 1, 0, 0, 0
21957, 0, 1, 1, 0, 0, 0
21959, 0, 1, 1, 0, 0, 0
21960, 0, 1, 1, 0, 0, 0
21963, 0, 1, 1, 0, 0, 0
21964, 1, 1, 1, 0, 1, 0
21965, 0, 2, 2, 0, 0, 0
21967, 16, 3, 3, 0, 10, 6
21968, 22, 3, 3, 0, 21, 1
21969, 10, 8, 7, 1, 9, 1
57313, 0, 1, 1, 0, 0, 0
57314, 0, 1, 1, 0, 0, 0
57315, 1, 1, 0, 1, 0, 1
57316, 2, 1, 0, 1, 2, 0
57317, 0, 1, 0, 1, 0, 0
27985, 28, 1, 1, 0, 28, 0
27986, 0, 2, 2, 0, 0, 0
29465, 1, 3, 3, 0, 1, 0
48127, 0, 2, 2, 0, 0, 0
48128, 0, 2, 2, 0, 0, 0
48129, 0, 2, 2, 0, 0, 0
57318, 8, 3, 3, 0, 7, 1
22537, 0, 2, 2, 0, 0, 0
25257, 1, 2, 1, 1, 1, 0
57319, 0, 2, 2, 0, 0, 0
57320, 0, 3, 3, 0, 0, 0
57321, 2, 2, 1, 1, 2, 0
57322, 169, 3, 3, 0, 169, 0
25552, 42, 5, 4, 1, 42, 0
57323, 1, 1, 1, 0, 1, 0
30806, 1, 4, 3, 1, 1, 0
45037, 1, 3, 3, 0, 1, 0
35154, 0, 3, 2, 1, 0, 0
57331, 0, 1, 0, 1, 0, 0
57332, 0, 1, 1, 0, 0, 0
32926, 8, 3, 3, 0, 7, 1
45029, 12, 3, 3, 0, 11, 1
41364, 0, 2, 1, 1, 0, 0
41365, 0, 1, 1, 0, 0, 0
18975, 2, 9, 7, 2, 2, 0
55662, 0, 1, 1, 0, 0, 0
57333, 0, 2, 2, 0, 0, 0
14085, 0, 12, 11, 1, 0, 0
28779, 3, 11, 10, 1, 3, 0
30308, 0, 2, 2, 0, 0, 0
37113, 1, 2, 2, 0, 1, 0
37114, 0, 4, 4, 0, 0, 0
37115, 0, 1, 1, 0, 0, 0
37116, 0, 1, 1, 0, 0, 0
37117, 3, 1, 1, 0, 2, 1
37118, 0, 1, 1, 0, 0, 0
37119, 4, 2, 2, 0, 4, 0
37121, 0, 2, 2, 0, 0, 0
37122, 0, 2, 2, 0, 0, 0
37125, 0, 1, 1, 0, 0, 0
37126, 0, 2, 2, 0, 0, 0
32560, 0, 5, 4, 1, 0, 0
46037, 0, 1, 1, 0, 0, 0
35903, 0, 2, 1, 1, 0, 0
57334, 0, 1, 0, 1, 0, 0
57335, 0, 1, 0, 1, 0, 0
16167, 4, 2, 2, 0, 4, 0
16169, 19, 2, 2, 0, 17, 2
16170, 0, 2, 2, 0, 0, 0
14329, 1, 5, 5, 0, 1, 0
18193, 0, 3, 3, 0, 0, 0
23554, 1, 8, 5, 3, 0, 1
30590, 2, 5, 5, 0, 2, 0
32726, 45, 5, 5, 0, 30, 15
42077, 0, 3, 3, 0, 0, 0
46289, 0, 5, 4, 1, 0, 0
54972, 0, 4, 3, 1, 0, 0
57336, 0, 2, 2, 0, 0, 0
57337, 2, 1, 1, 0, 2, 0
57338, 1, 2, 2, 0, 1, 0
57339, 0, 1, 1, 0, 0, 0
57340, 0, 2, 2, 0, 0, 0
57341, 2, 1, 1, 0, 2, 0
57342, 0, 1, 1, 0, 0, 0
57343, 2, 1, 1, 0, 1, 1
57344, 0, 1, 1, 0, 0, 0
57345, 0, 1, 1, 0, 0, 0
57346, 0, 2, 2, 0, 0, 0
57347, 1, 1, 1, 0, 1, 0
57348, 0, 1, 1, 0, 0, 0
18111, 2, 3, 3, 0, 1, 1
18112, 0, 1, 1, 0, 0, 0
18114, 0, 4, 2, 2, 0, 0
18117, 0, 2, 2, 0, 0, 0
23533, 0, 1, 1, 0, 0, 0
23534, 0, 1, 1, 0, 0, 0
16253, 8, 10, 8, 2, 8, 0
57349, 0, 1, 1, 0, 0, 0
57350, 0, 6, 6, 0, 0, 0
57351, 0, 1, 0, 1, 0, 0
18376, 0, 3, 3, 0, 0, 0
57352, 0, 1, 0, 1, 0, 0
57353, 0, 1, 0, 1, 0, 0
57354, 0, 2, 2, 0, 0, 0
44087, 0, 4, 3, 1, 0, 0
55718, 6, 3, 2, 1, 6, 0
57355, 1, 1, 1, 0, 0, 1
57356, 0, 2, 1, 1, 0, 0
57357, 1, 1, 1, 0, 0, 1
57358, 1, 1, 1, 0, 0, 1
57359, 1, 1, 1, 0, 0, 1
57360, 0, 1, 0, 1, 0, 0
57361, 0, 1, 0, 1, 0, 0
57362, 0, 1, 0, 1, 0, 0
57363, 0, 1, 1, 0, 0, 0
10064, 0, 2, 0, 2, 0, 0
10068, 0, 1, 0, 1, 0, 0
10070, 0, 2, 0, 2, 0, 0
10074, 1, 3, 2, 1, 1, 0
10076, 0, 1, 0, 1, 0, 0
10078, 1, 2, 0, 2, 1, 0
10087, 0, 1, 0, 1, 0, 0
10090, 2, 1, 0, 1, 2, 0
10092, 0, 1, 0, 1, 0, 0
10094, 0, 3, 2, 1, 0, 0
10098, 0, 1, 0, 1, 0, 0
10107, 0, 1, 0, 1, 0, 0
10109, 5, 4, 2, 2, 4, 1
10110, 0, 3, 1, 2, 0, 0
10114, 0, 1, 0, 1, 0, 0
10115, 0, 2, 0, 2, 0, 0
10116, 0, 1, 0, 1, 0, 0
10119, 0, 2, 0, 2, 0, 0
10121, 0, 1, 0, 1, 0, 0
13778, 0, 2, 1, 1, 0, 0
55065, 0, 2, 1, 1, 0, 0
22400, 1, 4, 2, 2, 0, 1
22401, 0, 3, 0, 3, 0, 0
22407, 0, 2, 0, 2, 0, 0
22410, 0, 1, 0, 1, 0, 0
22413, 1, 1, 0, 1, 1, 0
40619, 5, 2, 2, 0, 4, 1
45845, 1, 3, 3, 0, 1, 0
57374, 0, 5, 5, 0, 0, 0
57375, 0, 1, 1, 0, 0, 0
57376, 0, 1, 1, 0, 0, 0
57377, 2, 1, 1, 0, 2, 0
40477, 3, 3, 3, 0, 3, 0
57378, 0, 1, 1, 0, 0, 0
57379, 3, 1, 0, 1, 1, 2
57380, 0, 1, 0, 1, 0, 0
57381, 1, 2, 0, 2, 1, 0
57382, 0, 1, 1, 0, 0, 0
13864, 0, 3, 3, 0, 0, 0
57383, 0, 2, 2, 0, 0, 0
57384, 0, 1, 1, 0, 0, 0
57385, 0, 1, 1, 0, 0, 0
22191, 0, 4, 2, 2, 0, 0
57386, 0, 4, 4, 0, 0, 0
57387, 0, 2, 2, 0, 0, 0
57388, 0, 2, 2, 0, 0, 0
57389, 2, 1, 1, 0, 2, 0
54042, 0, 4, 1, 3, 0, 0
57390, 0, 1, 1, 0, 0, 0
57391, 0, 1, 1, 0, 0, 0
16855, 5, 3, 1, 2, 1, 4
57392, 0, 2, 2, 0, 0, 0
57393, 4, 1, 1, 0, 4, 0
57394, 0, 1, 0, 1, 0, 0
52699, 1, 1, 1, 0, 1, 0
57395, 3, 1, 0, 1, 1, 2
34731, 0, 2, 0, 2, 0, 0
57396, 0, 1, 1, 0, 0, 0
57397, 0, 1, 0, 1, 0, 0
57398, 0, 1, 0, 1, 0, 0
39111, 7, 7, 7, 0, 7, 0
39119, 6, 12, 12, 0, 5, 1
57399, 10, 7, 7, 0, 9, 1
57400, 3, 5, 5, 0, 2, 1
57401, 0, 1, 1, 0, 0, 0
18881, 0, 2, 1, 1, 0, 0
30504, 0, 1, 1, 0, 0, 0
30505, 0, 1, 1, 0, 0, 0
30506, 1, 5, 4, 1, 0, 1
30507, 0, 1, 1, 0, 0, 0
30508, 0, 1, 0, 1, 0, 0
30509, 0, 3, 0, 3, 0, 0
30511, 0, 1, 0, 1, 0, 0
30512, 3, 3, 2, 1, 2, 1
30513, 4, 1, 0, 1, 4, 0
30516, 0, 2, 0, 2, 0, 0
30517, 0, 1, 0, 1, 0, 0
30518, 3, 2, 1, 1, 3, 0
30519, 0, 1, 0, 1, 0, 0
30520, 0, 1, 0, 1, 0, 0
30522, 0, 3, 0, 3, 0, 0
30523, 0, 1, 0, 1, 0, 0
30526, 4, 4, 3, 1, 4, 0
30527, 0, 1, 0, 1, 0, 0
30529, 0, 1, 0, 1, 0, 0
30532, 0, 1, 0, 1, 0, 0
30533, 7, 3, 2, 1, 7, 0
30534, 0, 3, 0, 3, 0, 0
30535, 0, 2, 1, 1, 0, 0
30539, 4, 1, 0, 1, 1, 3
30540, 0, 1, 0, 1, 0, 0
30541, 0, 1, 0, 1, 0, 0
23659, 20, 1, 1, 0, 2, 18
30194, 0, 2, 2, 0, 0, 0
30765, 0, 2, 2, 0, 0, 0
30766, 0, 1, 1, 0, 0, 0
30767, 8, 2, 2, 0, 7, 1
30768, 32, 2, 1, 1, 26, 6
30770, 2, 1, 1, 0, 0, 2
30771, 1, 1, 0, 1, 1, 0
30772, 0, 1, 0, 1, 0, 0
30774, 0, 1, 0, 1, 0, 0
30778, 0, 1, 0, 1, 0, 0
57402, 4, 1, 1, 0, 2, 2
57403, 1, 1, 1, 0, 1, 0
57404, 2, 1, 0, 1, 0, 2
19242, 42, 9, 5, 4, 29, 13
57364, 1, 2, 2, 0, 1, 0
57405, 0, 1, 1, 0, 0, 0
57406, 1, 2, 0, 2, 0, 1
18210, 2, 5, 5, 0, 2, 0
57407, 2, 1, 1, 0, 2, 0
57408, 0, 2, 1, 1, 0, 0
57409, 0, 1, 1, 0, 0, 0
57410, 16, 2, 2, 0, 12, 4
57411, 5, 2, 1, 1, 5, 0
57412, 2, 1, 1, 0, 2, 0
10122, 2, 0, 0, 0, 2, 0
10123, 0, 1, 1, 0, 0, 0
10124, 1, 0, 0, 0, 1, 0
10127, 0, 1, 1, 0, 0, 0
10128, 0, 5, 5, 0, 0, 0
57413, 0, 1, 1, 0, 0, 0
57414, 0, 2, 2, 0, 0, 0
57415, 0, 1, 1, 0, 0, 0
57416, 1, 1, 1, 0, 0, 1
43821, 0, 1, 1, 0, 0, 0
43822, 2, 1, 0, 1, 2, 0
43823, 2, 2, 0, 2, 0, 2
10138, 0, 2, 2, 0, 0, 0
10144, 8, 1, 1, 0, 8, 0
10145, 0, 1, 1, 0, 0, 0
13799, 2, 2, 2, 0, 2, 0
57417, 2, 1, 1, 0, 2, 0
30117, 0, 4, 4, 0, 0, 0
34179, 0, 3, 3, 0, 0, 0
48130, 0, 2, 2, 0, 0, 0
48131, 0, 5, 5, 0, 0, 0
10150, 10, 5, 2, 3, 9, 1
10151, 0, 1, 0, 1, 0, 0
10152, 2, 2, 0, 2, 2, 0
57418, 0, 1, 1, 0, 0, 0
57419, 0, 1, 1, 0, 0, 0
57420, 0, 2, 2, 0, 0, 0
57421, 13, 3, 3, 0, 11, 2
28952, 0, 2, 2, 0, 0, 0
57422, 0, 1, 1, 0, 0, 0
57423, 0, 1, 1, 0, 0, 0
57424, 0, 1, 1, 0, 0, 0
10154, 2, 1, 1, 0, 2, 0
10155, 0, 1, 1, 0, 0, 0
10159, 0, 1, 1, 0, 0, 0
10161, 0, 1, 1, 0, 0, 0
10162, 0, 3, 2, 1, 0, 0
10163, 0, 1, 1, 0, 0, 0
10166, 1, 2, 1, 1, 1, 0
10169, 0, 2, 1, 1, 0, 0
14423, 1, 2, 2, 0, 1, 0
26440, 33, 5, 5, 0, 27, 6
35948, 9, 4, 4, 0, 7, 2
37703, 0, 3, 3, 0, 0, 0
44031, 0, 2, 2, 0, 0, 0
44811, 0, 5, 3, 2, 0, 0
53104, 0, 1, 1, 0, 0, 0
53105, 1, 1, 1, 0, 1, 0
53107, 0, 2, 1, 1, 0, 0
53108, 0, 6, 6, 0, 0, 0
53109, 0, 1, 1, 0, 0, 0
53110, 0, 1, 1, 0, 0, 0
53111, 2, 2, 2, 0, 1, 1
53112, 3, 2, 2, 0, 3, 0
53113, 2, 1, 1, 0, 0, 2
53114, 0, 1, 1, 0, 0, 0
53115, 0, 1, 1, 0, 0, 0
53116, 6, 2, 2, 0, 3, 3
53117, 0, 1, 1, 0, 0, 0
53118, 1, 2, 2, 0, 1, 0
53119, 2, 3, 3, 0, 2, 0
53120, 1, 1, 1, 0, 1, 0
53121, 0, 1, 1, 0, 0, 0
53122, 0, 2, 2, 0, 0, 0
53123, 0, 1, 1, 0, 0, 0
53124, 0, 1, 1, 0, 0, 0
53125, 0, 1, 1, 0, 0, 0
53126, 5, 1, 1, 0, 2, 3
53127, 0, 1, 1, 0, 0, 0
53128, 0, 1, 1, 0, 0, 0
53129, 0, 1, 1, 0, 0, 0
53130, 0, 1, 1, 0, 0, 0
53131, 0, 5, 4, 1, 0, 0
53132, 1, 6, 6, 0, 1, 0
53133, 1, 1, 1, 0, 1, 0
53134, 1, 2, 2, 0, 1, 0
53135, 1, 3, 3, 0, 1, 0
53137, 3, 2, 1, 1, 3, 0
53138, 2, 2, 1, 1, 2, 0
53139, 0, 1, 0, 1, 0, 0
53140, 0, 1, 0, 1, 0, 0
53142, 0, 1, 0, 1, 0, 0
57425, 0, 1, 1, 0, 0, 0
57426, 5, 2, 1, 1, 5, 0
12774, 0, 4, 0, 4, 0, 0
29658, 17, 5, 4, 1, 15, 2
29906, 0, 6, 1, 5, 0, 0
38889, 1, 3, 2, 1, 0, 1
43412, 0, 3, 1, 2, 0, 0
54815, 2, 3, 1, 2, 2, 0
57427, 0, 1, 1, 0, 0, 0
57428, 0, 1, 1, 0, 0, 0
57429, 0, 1, 0, 1, 0, 0
57430, 0, 1, 0, 1, 0, 0
57431, 2, 1, 0, 1, 2, 0
57432, 0, 1, 0, 1, 0, 0
57433, 3, 4, 3, 1, 2, 1
10171, 3, 0, 0, 0, 2, 1
10177, 13, 6, 6, 0, 11, 2
10178, 2, 4, 4, 0, 2, 0
10180, 0, 2, 1, 1, 0, 0
10181, 0, 1, 1, 0, 0, 0
10189, 0, 2, 2, 0, 0, 0
10190, 0, 1, 1, 0, 0, 0
10192, 2, 4, 2, 2, 2, 0
10193, 0, 3, 3, 0, 0, 0
10195, 0, 1, 1, 0, 0, 0
10198, 1, 1, 1, 0, 1, 0
10203, 0, 2, 1, 1, 0, 0
10206, 0, 1, 1, 0, 0, 0
10207, 0, 1, 1, 0, 0, 0
10208, 0, 7, 5, 2, 0, 0
10210, 0, 1, 1, 0, 0, 0
10212, 0, 1, 1, 0, 0, 0
10222, 0, 1, 1, 0, 0, 0
10223, 0, 1, 1, 0, 0, 0
10230, 0, 2, 1, 1, 0, 0
10231, 0, 1, 1, 0, 0, 0
10235, 1, 2, 1, 1, 1, 0
10239, 0, 1, 1, 0, 0, 0
10250, 0, 2, 2, 0, 0, 0
10259, 1, 7, 7, 0, 1, 0
10261, 1, 2, 1, 1, 1, 0
10263, 0, 1, 0, 1, 0, 0
10268, 6, 2, 0, 2, 5, 1
10269, 2, 2, 1, 1, 2, 0
10270, 0, 1, 0, 1, 0, 0
10271, 8, 4, 1, 3, 8, 0
10279, 0, 1, 0, 1, 0, 0
10282, 1, 3, 2, 1, 1, 0
10283, 0, 1, 0, 1, 0, 0
15959, 5, 2, 1, 1, 5, 0
28953, 4, 6, 6, 0, 4, 0
29756, 2, 5, 3, 2, 2, 0
44468, 4, 2, 1, 1, 4, 0
57434, 0, 2, 2, 0, 0, 0
57435, 0, 1, 1, 0, 0, 0
57436, 1, 2, 1, 1, 1, 0
57437, 1, 1, 0, 1, 0, 1
57438, 0, 1, 0, 1, 0, 0
57439, 13, 1, 0, 1, 13, 0
57440, 1, 1, 0, 1, 1, 0
57441, 0, 1, 0, 1, 0, 0
57442, 2, 1, 0, 1, 2, 0
57443, 0, 2, 0, 2, 0, 0
57444, 0, 1, 0, 1, 0, 0
57445, 1, 2, 1, 1, 1, 0
57446, 0, 1, 0, 1, 0, 0
18378, 0, 4, 4, 0, 0, 0
55671, 0, 3, 3, 0, 0, 0
55672, 0, 1, 1, 0, 0, 0
55673, 3, 1, 1, 0, 3, 0
57447, 1, 1, 1, 0, 1, 0
57448, 0, 1, 1, 0, 0, 0
57449, 0, 1, 1, 0, 0, 0
57450, 1, 1, 1, 0, 1, 0
11900, 1, 3, 1, 2, 1, 0
34246, 0, 4, 4, 0, 0, 0
57451, 1, 2, 2, 0, 1, 0
57452, 2, 1, 1, 0, 2, 0
57453, 2, 2, 2, 0, 2, 0
57454, 8, 2, 2, 0, 0, 8
57455, 5, 1, 1, 0, 4, 1
57456, 1, 1, 1, 0, 1, 0
57457, 1, 1, 1, 0, 1, 0
57458, 0, 2, 2, 0, 0, 0
57459, 3, 6, 4, 2, 3, 0
57460, 0, 2, 0, 2, 0, 0
25517, 0, 1, 1, 0, 0, 0
15153, 0, 9, 7, 2, 0, 0
23919, 11, 8, 8, 0, 11, 0
55879, 19, 1, 1, 0, 19, 0
57461, 0, 1, 1, 0, 0, 0
57462, 0, 2, 1, 1, 0, 0
57463, 0, 2, 2, 0, 0, 0
57464, 0, 1, 1, 0, 0, 0
57465, 0, 3, 2, 1, 0, 0
57466, 2, 1, 1, 0, 2, 0
57467, 7, 3, 2, 1, 7, 0
57468, 0, 1, 1, 0, 0, 0
57469, 0, 1, 1, 0, 0, 0
57470, 0, 1, 1, 0, 0, 0
17148, 0, 3, 3, 0, 0, 0
55768, 15, 2, 2, 0, 14, 1
57471, 1, 1, 1, 0, 1, 0
22009, 0, 1, 1, 0, 0, 0
32451, 5, 2, 1, 1, 5, 0
38019, 15, 2, 2, 0, 10, 5
46400, 0, 2, 2, 0, 0, 0
57472, 0, 2, 2, 0, 0, 0
57473, 0, 1, 1, 0, 0, 0
57474, 0, 1, 1, 0, 0, 0
12884, 0, 7, 2, 5, 0, 0
57475, 31, 1, 1, 0, 7, 24
57476, 0, 4, 4, 0, 0, 0
57477, 3, 2, 2, 0, 3, 0
17261, 12, 6, 6, 0, 12, 0
55736, 1, 2, 2, 0, 1, 0
57478, 0, 3, 3, 0, 0, 0
57479, 0, 1, 1, 0, 0, 0
57480, 0, 1, 0, 1, 0, 0
16814, 0, 2, 2, 0, 0, 0
27434, 11, 3, 3, 0, 11, 0
29623, 2, 3, 1, 2, 2, 0
29681, 0, 2, 1, 1, 0, 0
32810, 0, 4, 4, 0, 0, 0
44491, 0, 2, 2, 0, 0, 0
51148, 3, 2, 2, 0, 2, 1
51203, 1, 4, 3, 1, 0, 1
54480, 4, 7, 5, 2, 4, 0
57481, 0, 1, 1, 0, 0, 0
57482, 0, 1, 1, 0, 0, 0
57483, 0, 2, 2, 0, 0, 0
57484, 0, 1, 1, 0, 0, 0
57485, 2, 1, 1, 0, 1, 1
57486, 0, 1, 1, 0, 0, 0
57487, 1, 1, 1, 0, 0, 1
57488, 0, 2, 1, 1, 0, 0
57489, 0, 1, 1, 0, 0, 0
57490, 0, 2, 2, 0, 0, 0
57491, 11, 1, 1, 0, 11, 0
57492, 0, 1, 1, 0, 0, 0
57493, 1, 1, 1, 0, 1, 0
57494, 3, 3, 0, 3, 0, 3
22951, 1, 2, 2, 0, 1, 0
57495, 0, 1, 0, 1, 0, 0
57496, 3, 4, 4, 0, 3, 0
57497, 3, 2, 2, 0, 3, 0
22882, 0, 8, 8, 0, 0, 0
57498, 0, 3, 3, 0, 0, 0
57499, 12, 4, 4, 0, 12, 0
17162, 10, 3, 2, 1, 8, 2
57500, 15, 1, 1, 0, 15, 0
41372, 2, 2, 2, 0, 0, 2
57501, 0, 2, 1, 1, 0, 0
57502, 0, 1, 1, 0, 0, 0
32651, 2, 8, 8, 0, 2, 0
37023, 14, 6, 6, 0, 14, 0
57503, 0, 1, 1, 0, 0, 0
57504, 0, 1, 1, 0, 0, 0
57505, 1, 1, 1, 0, 1, 0
34606, 0, 8, 5, 3, 0, 0
41571, 0, 2, 2, 0, 0, 0
50839, 0, 2, 1, 1, 0, 0
57506, 7, 3, 3, 0, 7, 0
57507, 0, 1, 1, 0, 0, 0
32849, 8, 2, 1, 1, 8, 0
32850, 18, 4, 4, 0, 18, 0
32851, 0, 2, 1, 1, 0, 0
57508, 4, 1, 1, 0, 3, 1
57509, 3, 3, 1, 2, 0, 3
57510, 0, 1, 1, 0, 0, 0
57511, 0, 2, 2, 0, 0, 0
57512, 0, 4, 4, 0, 0, 0
57513, 0, 1, 1, 0, 0, 0
57514, 0, 1, 1, 0, 0, 0
57515, 0, 2, 2, 0, 0, 0
57516, 0, 1, 1, 0, 0, 0
13491, 0, 1, 0, 1, 0, 0
14394, 6, 1, 1, 0, 6, 0
14396, 0, 1, 1, 0, 0, 0
14397, 0, 1, 1, 0, 0, 0
57517, 0, 1, 1, 0, 0, 0
57518, 0, 1, 1, 0, 0, 0
57519, 0, 1, 1, 0, 0, 0
18348, 36, 3, 3, 0, 35, 1
47616, 5, 1, 1, 0, 5, 0
47617, 0, 1, 1, 0, 0, 0
47618, 0, 5, 5, 0, 0, 0
47619, 0, 4, 4, 0, 0, 0
57520, 3, 2, 2, 0, 3, 0
10292, 0, 1, 1, 0, 0, 0
10293, 2, 1, 1, 0, 2, 0
10295, 1, 1, 1, 0, 1, 0
10299, 0, 1, 1, 0, 0, 0
57521, 0, 1, 1, 0, 0, 0
10301, 7, 0, 0, 0, 5, 2
34983, 0, 1, 1, 0, 0, 0
46322, 4, 3, 2, 1, 1, 3
57525, 0, 1, 1, 0, 0, 0
10305, 6, 0, 0, 0, 5, 1
52138, 48, 1, 1, 0, 40, 8
10311, 0, 1, 1, 0, 0, 0
10312, 0, 1, 1, 0, 0, 0
10313, 0, 1, 1, 0, 0, 0
10314, 4, 1, 1, 0, 4, 0
10316, 0, 2, 2, 0, 0, 0
10319, 0, 2, 2, 0, 0, 0
10322, 1, 1, 1, 0, 1, 0
10323, 1, 1, 1, 0, 1, 0
10324, 0, 1, 1, 0, 0, 0
10326, 0, 1, 1, 0, 0, 0
10327, 1, 2, 2, 0, 1, 0
10328, 6, 1, 1, 0, 4, 2
10333, 4, 2, 2, 0, 4, 0
10335, 1, 1, 1, 0, 1, 0
10336, 0, 1, 1, 0, 0, 0
10337, 0, 1, 1, 0, 0, 0
10342, 0, 5, 5, 0, 0, 0
10343, 0, 2, 2, 0, 0, 0
10345, 8, 3, 3, 0, 8, 0
10347, 0, 2, 2, 0, 0, 0
10348, 0, 1, 1, 0, 0, 0
10349, 0, 1, 1, 0, 0, 0
10350, 0, 1, 1, 0, 0, 0
10352, 1, 9, 4, 5, 1, 0
10353, 1, 3, 3, 0, 1, 0
10354, 0, 1, 1, 0, 0, 0
10355, 0, 2, 2, 0, 0, 0
10356, 0, 2, 2, 0, 0, 0
10359, 0, 1, 1, 0, 0, 0
10360, 1, 1, 1, 0, 1, 0
10361, 0, 1, 1, 0, 0, 0
57526, 0, 1, 1, 0, 0, 0
57527, 0, 1, 0, 1, 0, 0
57528, 1, 1, 1, 0, 1, 0
14108, 0, 5, 1, 4, 0, 0
29191, 2, 5, 5, 0, 2, 0
34580, 0, 1, 1, 0, 0, 0
34581, 1, 8, 7, 1, 1, 0
34582, 1, 3, 3, 0, 1, 0
34586, 2, 3, 2, 1, 2, 0
34587, 0, 1, 1, 0, 0, 0
34588, 0, 2, 2, 0, 0, 0
34589, 0, 1, 1, 0, 0, 0
34591, 0, 1, 1, 0, 0, 0
34595, 0, 2, 2, 0, 0, 0
34596, 1, 1, 1, 0, 1, 0
34599, 0, 1, 1, 0, 0, 0
34600, 0, 1, 1, 0, 0, 0
34602, 0, 7, 7, 0, 0, 0
34603, 11, 2, 2, 0, 7, 4
34604, 0, 1, 0, 1, 0, 0
34605, 0, 1, 0, 1, 0, 0
57529, 3, 2, 2, 0, 3, 0
57530, 1, 1, 1, 0, 1, 0
57531, 0, 3, 3, 0, 0, 0
36713, 0, 4, 3, 1, 0, 0
41840, 0, 1, 1, 0, 0, 0
41841, 2, 3, 3, 0, 2, 0
16511, 0, 2, 2, 0, 0, 0
55777, 0, 1, 1, 0, 0, 0
55778, 0, 1, 1, 0, 0, 0
55779, 3, 2, 2, 0, 3, 0
55780, 0, 1, 1, 0, 0, 0
55781, 0, 1, 1, 0, 0, 0
57532, 0, 4, 4, 0, 0, 0
57533, 0, 1, 1, 0, 0, 0
57534, 3, 2, 1, 1, 2, 1
57535, 0, 1, 1, 0, 0, 0
57536, 7, 2, 2, 0, 5, 2
28965, 4, 9, 5, 4, 0, 4
41860, 0, 2, 2, 0, 0, 0
41861, 0, 1, 1, 0, 0, 0
41862, 0, 2, 1, 1, 0, 0
41863, 0, 1, 0, 1, 0, 0
41865, 0, 1, 0, 1, 0, 0
41866, 0, 1, 0, 1, 0, 0
41867, 0, 1, 0, 1, 0, 0
41868, 0, 2, 0, 2, 0, 0
41974, 0, 2, 2, 0, 0, 0
41975, 0, 1, 1, 0, 0, 0
41976, 1, 3, 3, 0, 1, 0
41977, 1, 3, 3, 0, 1, 0
10363, 4, 0, 0, 0, 4, 0
10369, 0, 5, 4, 1, 0, 0
10370, 0, 2, 1, 1, 0, 0
10378, 0, 3, 2, 1, 0, 0
10388, 0, 1, 1, 0, 0, 0
10394, 3, 1, 1, 0, 3, 0
10399, 0, 2, 2, 0, 0, 0
10400, 0, 1, 1, 0, 0, 0
10408, 0, 1, 1, 0, 0, 0
10409, 0, 1, 1, 0, 0, 0
10413, 0, 1, 0, 1, 0, 0
10415, 0, 1, 0, 1, 0, 0
10421, 33, 1, 0, 1, 12, 21
10425, 0, 3, 0, 3, 0, 0
10430, 0, 4, 2, 2, 0, 0
10434, 0, 1, 0, 1, 0, 0
36030, 5, 1, 1, 0, 5, 0
36031, 3, 1, 1, 0, 1, 2
36032, 17, 4, 3, 1, 13, 4
36033, 14, 2, 2, 0, 14, 0
36034, 3, 1, 1, 0, 3, 0
36035, 0, 1, 1, 0, 0, 0
57537, 1, 1, 1, 0, 1, 0
57538, 12, 1, 1, 0, 11, 1
57539, 1, 1, 1, 0, 1, 0
57540, 1, 1, 1, 0, 1, 0
34122, 7, 5, 3, 2, 7, 0
57541, 0, 6, 6, 0, 0, 0
57542, 0, 1, 1, 0, 0, 0
13297, 4, 3, 3, 0, 3, 1
27372, 3, 4, 1, 3, 3, 0
57543, 0, 3, 3, 0, 0, 0
25690, 0, 2, 2, 0, 0, 0
56453, 6, 1, 1, 0, 5, 1
56454, 2, 1, 1, 0, 2, 0
56455, 0, 3, 3, 0, 0, 0
56456, 0, 2, 1, 1, 0, 0
56457, 1, 1, 0, 1, 0, 1
31442, 11, 1, 0, 1, 10, 1
57544, 0, 1, 0, 1, 0, 0
57545, 2, 1, 1, 0, 2, 0
57546, 2, 2, 2, 0, 2, 0
57547, 0, 1, 1, 0, 0, 0
57548, 22, 2, 2, 0, 20, 2
57549, 23, 2, 2, 0, 16, 7
57550, 0, 1, 1, 0, 0, 0
13798, 0, 6, 5, 1, 0, 0
24245, 0, 4, 4, 0, 0, 0
48134, 0, 4, 4, 0, 0, 0
55236, 0, 4, 4, 0, 0, 0
57551, 0, 1, 1, 0, 0, 0
57552, 15, 1, 1, 0, 14, 1
57553, 9, 1, 1, 0, 7, 2
57554, 2, 1, 1, 0, 2, 0
24797, 0, 2, 1, 1, 0, 0
29611, 6, 5, 5, 0, 6, 0
43052, 17, 3, 3, 0, 17, 0
56966, 0, 2, 1, 1, 0, 0
57555, 6, 1, 1, 0, 6, 0
57556, 0, 1, 1, 0, 0, 0
57557, 1, 2, 2, 0, 1, 0
57558, 0, 1, 1, 0, 0, 0
31165, 0, 3, 3, 0, 0, 0
57559, 14, 1, 1, 0, 8, 6
22480, 1, 6, 5, 1, 1, 0
57560, 0, 1, 1, 0, 0, 0
57561, 4, 2, 2, 0, 4, 0
57562, 1, 1, 1, 0, 1, 0
39183, 0, 7, 7, 0, 0, 0
52695, 5, 1, 1, 0, 4, 1
57563, 0, 1, 1, 0, 0, 0
57564, 1, 1, 1, 0, 1, 0
57565, 15, 1, 1, 0, 15, 0
57566, 14, 1, 1, 0, 10, 4
57567, 1, 1, 1, 0, 1, 0
57571, 2, 1, 0, 1, 2, 0
43950, 0, 2, 2, 0, 0, 0
32478, 0, 4, 4, 0, 0, 0
35577, 1, 8, 6, 2, 0, 1
43038, 1, 3, 2, 1, 1, 0
55538, 0, 2, 1, 1, 0, 0
57572, 1, 2, 2, 0, 0, 1
57573, 0, 2, 2, 0, 0, 0
34952, 0, 3, 3, 0, 0, 0
57568, 0, 1, 0, 1, 0, 0
57569, 0, 1, 0, 1, 0, 0
57570, 0, 1, 0, 1, 0, 0
23192, 2, 3, 3, 0, 2, 0
10435, 2, 0, 0, 0, 2, 0
10436, 1, 0, 0, 0, 1, 0
10438, 3, 3, 3, 0, 3, 0
10439, 1, 1, 1, 0, 1, 0
57574, 0, 1, 1, 0, 0, 0
30331, 0, 1, 1, 0, 0, 0
30333, 0, 1, 1, 0, 0, 0
30335, 0, 1, 1, 0, 0, 0
30336, 0, 1, 1, 0, 0, 0
30337, 0, 1, 1, 0, 0, 0
10446, 4, 5, 5, 0, 2, 2
10447, 0, 2, 2, 0, 0, 0
11619, 14, 3, 3, 0, 13, 1
31045, 10, 2, 2, 0, 9, 1
32509, 1, 5, 5, 0, 0, 1
34715, 1, 5, 3, 2, 1, 0
44076, 0, 1, 1, 0, 0, 0
44077, 2, 1, 1, 0, 1, 1
44078, 0, 2, 2, 0, 0, 0
44079, 0, 1, 1, 0, 0, 0
44080, 0, 1, 1, 0, 0, 0
44081, 0, 2, 2, 0, 0, 0
44082, 0, 4, 4, 0, 0, 0
44083, 0, 3, 2, 1, 0, 0
44084, 15, 1, 1, 0, 10, 5
44085, 5, 2, 2, 0, 4, 1
44086, 7, 1, 1, 0, 7, 0
57575, 1, 1, 1, 0, 1, 0
57576, 11, 1, 0, 1, 11, 0
57577, 0, 1, 0, 1, 0, 0
55859, 0, 1, 1, 0, 0, 0
16242, 6, 3, 3, 0, 6, 0
16243, 0, 2, 2, 0, 0, 0
16244, 0, 1, 1, 0, 0, 0
16245, 0, 1, 1, 0, 0, 0
16246, 0, 1, 1, 0, 0, 0
16248, 0, 2, 2, 0, 0, 0
16249, 0, 4, 4, 0, 0, 0
16250, 0, 1, 1, 0, 0, 0
16251, 5, 2, 2, 0, 5, 0
16254, 0, 1, 1, 0, 0, 0
16256, 0, 1, 1, 0, 0, 0
16258, 6, 2, 2, 0, 6, 0
16259, 2, 1, 1, 0, 2, 0
16261, 0, 1, 1, 0, 0, 0
55431, 0, 1, 1, 0, 0, 0
36796, 6, 3, 3, 0, 6, 0
41622, 0, 3, 3, 0, 0, 0
54743, 0, 2, 2, 0, 0, 0
57049, 2, 1, 1, 0, 2, 0
57050, 0, 1, 1, 0, 0, 0
57051, 0, 1, 1, 0, 0, 0
57052, 0, 1, 1, 0, 0, 0
57053, 0, 1, 1, 0, 0, 0
57054, 1, 2, 2, 0, 1, 0
57055, 0, 1, 1, 0, 0, 0
57056, 0, 2, 2, 0, 0, 0
57057, 0, 1, 1, 0, 0, 0
57058, 0, 2, 2, 0, 0, 0
13780, 0, 1, 1, 0, 0, 0
13781, 1, 5, 5, 0, 0, 1
13791, 1, 1, 1, 0, 1, 0
13793, 3, 1, 1, 0, 3, 0
13803, 0, 1, 1, 0, 0, 0
13807, 2, 1, 1, 0, 1, 1
13808, 0, 3, 3, 0, 0, 0
13811, 0, 1, 1, 0, 0, 0
13819, 0, 1, 1, 0, 0, 0
13827, 0, 1, 1, 0, 0, 0
13833, 0, 1, 1, 0, 0, 0
13839, 1, 2, 2, 0, 1, 0
13840, 5, 1, 1, 0, 5, 0
13844, 0, 1, 1, 0, 0, 0
13845, 0, 6, 6, 0, 0, 0
13846, 0, 1, 0, 1, 0, 0
26986, 2, 3, 3, 0, 0, 2
35353, 4, 3, 2, 1, 0, 4
36329, 2, 7, 7, 0, 2, 0
56251, 1, 1, 1, 0, 1, 0
56252, 0, 1, 1, 0, 0, 0
56253, 0, 1, 1, 0, 0, 0
56254, 0, 1, 1, 0, 0, 0
56255, 0, 1, 1, 0, 0, 0
56256, 0, 1, 1, 0, 0, 0
56257, 5, 1, 1, 0, 5, 0
56258, 0, 1, 1, 0, 0, 0
56259, 0, 2, 2, 0, 0, 0
56260, 0, 3, 3, 0, 0, 0
56261, 0, 2, 2, 0, 0, 0
56262, 0, 1, 1, 0, 0, 0
56263, 3, 2, 1, 1, 0, 3
56264, 0, 1, 1, 0, 0, 0
56265, 0, 2, 2, 0, 0, 0
56266, 0, 1, 1, 0, 0, 0
56267, 2, 3, 3, 0, 2, 0
56268, 0, 4, 2, 2, 0, 0
56269, 1, 1, 1, 0, 1, 0
56270, 0, 1, 1, 0, 0, 0
56271, 2, 2, 2, 0, 2, 0
56272, 0, 1, 1, 0, 0, 0
57578, 0, 1, 1, 0, 0, 0
57579, 0, 1, 1, 0, 0, 0
11505, 0, 2, 2, 0, 0, 0
30041, 0, 1, 1, 0, 0, 0
30042, 0, 1, 1, 0, 0, 0
30044, 18, 3, 3, 0, 18, 0
29796, 0, 2, 2, 0, 0, 0
57580, 2, 3, 3, 0, 2, 0
57581, 1, 2, 2, 0, 1, 0
57582, 0, 1, 1, 0, 0, 0
11953, 4, 2, 2, 0, 3, 1
11961, 1, 3, 2, 1, 1, 0
11971, 1, 2, 1, 1, 1, 0
11972, 0, 2, 2, 0, 0, 0
36512, 5, 3, 1, 2, 5, 0
41648, 0, 10, 10, 0, 0, 0
41649, 0, 1, 1, 0, 0, 0
41650, 0, 1, 1, 0, 0, 0
41652, 0, 1, 0, 1, 0, 0
41653, 7, 2, 1, 1, 6, 1
18794, 5, 6, 5, 1, 0, 5
47605, 2, 3, 2, 1, 2, 0
57583, 8, 2, 2, 0, 7, 1
50195, 0, 2, 1, 1, 0, 0
57584, 0, 1, 1, 0, 0, 0
57585, 0, 1, 1, 0, 0, 0
57586, 0, 1, 1, 0, 0, 0
57587, 0, 2, 2, 0, 0, 0
14672, 16, 3, 3, 0, 15, 1
14902, 5, 3, 3, 0, 0, 5
57588, 0, 1, 1, 0, 0, 0
13247, 6, 4, 1, 3, 4, 2
16031, 15, 1, 1, 0, 15, 0
26411, 5, 3, 1, 2, 5, 0
27840, 0, 6, 6, 0, 0, 0
28455, 0, 3, 3, 0, 0, 0
31114, 0, 4, 1, 3, 0, 0
32848, 2, 3, 2, 1, 2, 0
36452, 0, 3, 3, 0, 0, 0
37698, 0, 3, 1, 2, 0, 0
38955, 0, 1, 1, 0, 0, 0
38957, 0, 1, 1, 0, 0, 0
38958, 0, 1, 1, 0, 0, 0
38960, 1, 2, 2, 0, 1, 0
38961, 7, 5, 3, 2, 6, 1
38962, 0, 2, 2, 0, 0, 0
38964, 6, 2, 2, 0, 3, 3
38965, 0, 1, 1, 0, 0, 0
38967, 0, 1, 1, 0, 0, 0
38968, 0, 1, 1, 0, 0, 0
38969, 2, 2, 2, 0, 2, 0
38971, 0, 1, 1, 0, 0, 0
38972, 0, 1, 1, 0, 0, 0
38973, 0, 1, 1, 0, 0, 0
38974, 0, 1, 1, 0, 0, 0
38976, 0, 2, 2, 0, 0, 0
38977, 0, 1, 1, 0, 0, 0
38978, 10, 2, 1, 1, 8, 2
38980, 0, 1, 1, 0, 0, 0
38981, 0, 1, 1, 0, 0, 0
38982, 0, 2, 1, 1, 0, 0
38985, 1, 1, 1, 0, 1, 0
38988, 7, 1, 1, 0, 6, 1
38990, 1, 1, 1, 0, 1, 0
38991, 0, 1, 1, 0, 0, 0
38993, 0, 2, 2, 0, 0, 0
38994, 0, 1, 1, 0, 0, 0
38996, 1, 2, 1, 1, 0, 1
38999, 1, 3, 2, 1, 1, 0
39000, 0, 1, 0, 1, 0, 0
39002, 0, 1, 0, 1, 0, 0
39003, 0, 1, 0, 1, 0, 0
39004, 0, 1, 0, 1, 0, 0
39005, 3, 1, 0, 1, 1, 2
39006, 0, 1, 0, 1, 0, 0
39007, 0, 1, 0, 1, 0, 0
39008, 0, 1, 0, 1, 0, 0
39009, 0, 1, 0, 1, 0, 0
39011, 0, 1, 0, 1, 0, 0
39012, 1, 1, 0, 1, 1, 0
39013, 0, 1, 0, 1, 0, 0
39014, 0, 1, 0, 1, 0, 0
39015, 0, 1, 0, 1, 0, 0
39016, 0, 1, 0, 1, 0, 0
39017, 0, 1, 0, 1, 0, 0
39018, 0, 1, 0, 1, 0, 0
39020, 0, 1, 0, 1, 0, 0
39021, 1, 4, 2, 2, 1, 0
39024, 0, 1, 0, 1, 0, 0
39025, 0, 1, 0, 1, 0, 0
39026, 0, 1, 0, 1, 0, 0
39028, 0, 2, 0, 2, 0, 0
39029, 0, 1, 0, 1, 0, 0
39030, 0, 3, 0, 3, 0, 0
57589, 0, 1, 1, 0, 0, 0
57590, 0, 1, 1, 0, 0, 0
57591, 0, 2, 2, 0, 0, 0
10476, 10, 0, 0, 0, 10, 0
10479, 0, 3, 3, 0, 0, 0
10480, 0, 1, 1, 0, 0, 0
57643, 0, 1, 0, 1, 0, 0
57644, 0, 1, 0, 1, 0, 0
12811, 5, 6, 4, 2, 5, 0
15550, 0, 4, 1, 3, 0, 0
14059, 1, 1, 1, 0, 1, 0
14060, 0, 1, 1, 0, 0, 0
14062, 5, 4, 3, 1, 5, 0
14063, 5, 1, 1, 0, 5, 0
14068, 0, 2, 2, 0, 0, 0
14071, 7, 3, 3, 0, 7, 0
14075, 0, 1, 1, 0, 0, 0
14076, 4, 1, 1, 0, 4, 0
14079, 0, 1, 1, 0, 0, 0
14082, 10, 5, 4, 1, 10, 0
14083, 2, 2, 1, 1, 2, 0
14084, 0, 3, 2, 1, 0, 0
14086, 1, 1, 1, 0, 1, 0
14088, 0, 3, 2, 1, 0, 0
14091, 0, 3, 2, 1, 0, 0
14092, 7, 2, 2, 0, 7, 0
14094, 0, 1, 1, 0, 0, 0
14096, 0, 1, 1, 0, 0, 0
14098, 1, 2, 2, 0, 1, 0
14104, 0, 1, 0, 1, 0, 0
57645, 1, 1, 1, 0, 0, 1
57646, 0, 1, 1, 0, 0, 0
36522, 0, 3, 3, 0, 0, 0
35538, 7, 5, 2, 3, 7, 0
44479, 16, 1, 1, 0, 14, 2
50387, 0, 5, 5, 0, 0, 0
54004, 6, 1, 1, 0, 6, 0
55637, 4, 2, 1, 1, 3, 1
57647, 9, 1, 1, 0, 9, 0
57648, 1, 1, 1, 0, 1, 0
57649, 34, 2, 2, 0, 29, 5
57650, 8, 2, 2, 0, 7, 1
57651, 14, 1, 1, 0, 14, 0
57652, 0, 5, 5, 0, 0, 0
57653, 2, 3, 3, 0, 0, 2
57654, 1, 2, 1, 1, 1, 0
49387, 1, 2, 2, 0, 1, 0
57655, 0, 1, 1, 0, 0, 0
57656, 0, 2, 2, 0, 0, 0
57657, 0, 1, 1, 0, 0, 0
57658, 0, 1, 1, 0, 0, 0
27718, 0, 1, 1, 0, 0, 0
57659, 0, 1, 1, 0, 0, 0
57660, 0, 4, 4, 0, 0, 0
15262, 0, 2, 1, 1, 0, 0
26248, 0, 3, 2, 1, 0, 0
26728, 0, 3, 3, 0, 0, 0
27397, 0, 4, 4, 0, 0, 0
28802, 3, 2, 2, 0, 3, 0
32417, 1, 4, 3, 1, 1, 0
32476, 0, 2, 2, 0, 0, 0
37486, 0, 5, 5, 0, 0, 0
37487, 0, 1, 1, 0, 0, 0
37488, 0, 1, 1, 0, 0, 0
37490, 1, 1, 1, 0, 1, 0
37491, 0, 2, 2, 0, 0, 0
37492, 11, 3, 3, 0, 10, 1
37493, 0, 1, 1, 0, 0, 0
37497, 1, 1, 1, 0, 1, 0
37498, 5, 2, 2, 0, 5, 0
37500, 0, 1, 1, 0, 0, 0
37501, 3, 3, 3, 0, 3, 0
37502, 0, 7, 7, 0, 0, 0
37503, 0, 1, 1, 0, 0, 0
37505, 0, 1, 0, 1, 0, 0
57661, 16, 2, 1, 1, 13, 3
57662, 42, 3, 3, 0, 19, 23
55705, 4, 2, 2, 0, 1, 3
57663, 0, 1, 1, 0, 0, 0
14518, 0, 2, 2, 0, 0, 0
16906, 0, 6, 2, 4, 0, 0
57664, 0, 2, 2, 0, 0, 0
57665, 0, 1, 1, 0, 0, 0
57666, 0, 1, 0, 1, 0, 0
57667, 0, 2, 0, 2, 0, 0
24794, 0, 3, 3, 0, 0, 0
11946, 0, 2, 2, 0, 0, 0
35641, 0, 2, 2, 0, 0, 0
10545, 0, 1, 1, 0, 0, 0
10546, 2, 2, 1, 1, 2, 0
57668, 0, 1, 1, 0, 0, 0
10547, 53, 7, 7, 0, 52, 1
10549, 1, 1, 1, 0, 1, 0
10557, 0, 1, 1, 0, 0, 0
10558, 0, 1, 1, 0, 0, 0
10561, 1, 1, 1, 0, 1, 0
10563, 4, 2, 2, 0, 4, 0
10566, 0, 1, 1, 0, 0, 0
10570, 1, 3, 3, 0, 1, 0
10571, 0, 5, 4, 1, 0, 0
10572, 2, 2, 2, 0, 2, 0
10575, 1, 2, 2, 0, 1, 0
10576, 1, 2, 1, 1, 1, 0
45165, 0, 3, 3, 0, 0, 0
32475, 62, 2, 2, 0, 36, 26
43991, 1, 1, 1, 0, 1, 0
57669, 0, 1, 1, 0, 0, 0
25513, 2, 7, 6, 1, 2, 0
25515, 0, 5, 5, 0, 0, 0
57670, 0, 2, 2, 0, 0, 0
57671, 0, 1, 1, 0, 0, 0
57672, 1, 1, 1, 0, 1, 0
57673, 1, 1, 1, 0, 1, 0
10577, 8, 0, 0, 0, 8, 0
57674, 8, 3, 2, 1, 8, 0
34070, 26, 1, 1, 0, 26, 0
34345, 68, 4, 4, 0, 68, 0
43054, 59, 1, 1, 0, 58, 1
56235, 33, 2, 2, 0, 27, 6
57675, 3, 1, 1, 0, 0, 3
57676, 39, 1, 1, 0, 34, 5
57677, 1, 1, 1, 0, 1, 0
57678, 0, 1, 1, 0, 0, 0
57679, 2, 2, 2, 0, 2, 0
57680, 7, 1, 1, 0, 7, 0
57681, 20, 1, 1, 0, 16, 4
57682, 10, 1, 1, 0, 7, 3
43858, 1, 9, 8, 1, 1, 0
48612, 8, 1, 1, 0, 6, 2
48613, 2, 3, 2, 1, 2, 0
48614, 2, 1, 1, 0, 2, 0
48615, 11, 1, 1, 0, 11, 0
48618, 0, 1, 1, 0, 0, 0
48619, 2, 1, 1, 0, 2, 0
48620, 0, 1, 1, 0, 0, 0
48621, 0, 1, 0, 1, 0, 0
31020, 0, 7, 7, 0, 0, 0
57683, 0, 1, 1, 0, 0, 0
57684, 0, 1, 0, 1, 0, 0
33366, 0, 1, 1, 0, 0, 0
38633, 1, 2, 1, 1, 1, 0
22549, 0, 3, 2, 1, 0, 0
25678, 0, 2, 1, 1, 0, 0
32474, 0, 2, 1, 1, 0, 0
44410, 12, 1, 1, 0, 11, 1
44411, 1, 5, 1, 4, 0, 1
44412, 1, 5, 3, 2, 1, 0
44413, 0, 1, 0, 1, 0, 0
44414, 0, 1, 0, 1, 0, 0
44415, 3, 2, 0, 2, 1, 2
44416, 0, 1, 0, 1, 0, 0
44417, 0, 1, 0, 1, 0, 0
44418, 0, 1, 0, 1, 0, 0
44419, 0, 1, 0, 1, 0, 0
44420, 34, 3, 2, 1, 23, 11
44421, 0, 1, 0, 1, 0, 0
44422, 0, 2, 1, 1, 0, 0
44423, 0, 1, 0, 1, 0, 0
44424, 0, 1, 0, 1, 0, 0
44425, 1, 1, 0, 1, 0, 1
44426, 0, 1, 0, 1, 0, 0
44427, 0, 3, 2, 1, 0, 0
44429, 4, 2, 1, 1, 4, 0
44430, 1, 4, 1, 3, 1, 0
44432, 2, 1, 0, 1, 2, 0
44433, 0, 2, 1, 1, 0, 0
44434, 0, 1, 0, 1, 0, 0
44435, 0, 1, 0, 1, 0, 0
44436, 0, 1, 0, 1, 0, 0
44437, 0, 1, 0, 1, 0, 0
44438, 0, 1, 0, 1, 0, 0
44440, 0, 1, 0, 1, 0, 0
44441, 1, 1, 0, 1, 0, 1
16238, 0, 2, 2, 0, 0, 0
57758, 0, 2, 2, 0, 0, 0
16904, 1, 4, 2, 2, 1, 0
55209, 13, 1, 0, 1, 13, 0
57759, 0, 1, 1, 0, 0, 0
57760, 2, 2, 2, 0, 2, 0
57761, 0, 1, 1, 0, 0, 0
57762, 0, 1, 1, 0, 0, 0
10610, 1, 0, 0, 0, 1, 0
10611, 1, 0, 0, 0, 1, 0
55587, 4, 2, 2, 0, 4, 0
55588, 5, 2, 2, 0, 5, 0
55589, 0, 2, 1, 1, 0, 0
55590, 0, 1, 0, 1, 0, 0
55591, 0, 1, 0, 1, 0, 0
10617, 4, 0, 0, 0, 4, 0
13521, 0, 7, 6, 1, 0, 0
23207, 34, 7, 6, 1, 34, 0
34804, 0, 4, 1, 3, 0, 0
35337, 0, 2, 1, 1, 0, 0
51109, 0, 1, 1, 0, 0, 0
51110, 0, 2, 2, 0, 0, 0
51111, 1, 1, 1, 0, 1, 0
51112, 0, 2, 1, 1, 0, 0
51113, 0, 1, 1, 0, 0, 0
51114, 0, 1, 1, 0, 0, 0
51115, 0, 2, 1, 1, 0, 0
51116, 0, 1, 1, 0, 0, 0
51117, 0, 1, 1, 0, 0, 0
51118, 0, 2, 2, 0, 0, 0
51119, 0, 2, 1, 1, 0, 0
51120, 0, 1, 1, 0, 0, 0
51121, 0, 2, 1, 1, 0, 0
51122, 5, 1, 0, 1, 0, 5
51123, 0, 2, 0, 2, 0, 0
57763, 0, 1, 1, 0, 0, 0
57764, 0, 1, 1, 0, 0, 0
57765, 0, 1, 1, 0, 0, 0
38613, 0, 2, 1, 1, 0, 0
55090, 0, 1, 1, 0, 0, 0
55091, 0, 4, 4, 0, 0, 0
34112, 0, 3, 3, 0, 0, 0
57766, 0, 3, 3, 0, 0, 0
57767, 0, 1, 1, 0, 0, 0
22919, 22, 5, 5, 0, 21, 1
43161, 3, 3, 3, 0, 3, 0
57768, 0, 2, 2, 0, 0, 0
41657, 0, 3, 3, 0, 0, 0
43216, 0, 4, 3, 1, 0, 0
55289, 0, 1, 1, 0, 0, 0
55290, 4, 1, 1, 0, 4, 0
57769, 0, 1, 1, 0, 0, 0
57770, 1, 1, 1, 0, 1, 0
57771, 0, 2, 0, 2, 0, 0
15183, 0, 2, 2, 0, 0, 0
15184, 10, 3, 3, 0, 10, 0
16762, 0, 4, 4, 0, 0, 0
30681, 12, 2, 1, 1, 10, 2
32698, 0, 5, 4, 1, 0, 0
37172, 1, 2, 1, 1, 1, 0
37173, 2, 1, 1, 0, 2, 0
37174, 1, 1, 1, 0, 1, 0
37175, 0, 1, 1, 0, 0, 0
37176, 0, 1, 1, 0, 0, 0
37178, 0, 1, 1, 0, 0, 0
37180, 5, 6, 6, 0, 1, 4
37185, 0, 1, 1, 0, 0, 0
37186, 0, 1, 1, 0, 0, 0
37188, 0, 1, 1, 0, 0, 0
37190, 0, 1, 1, 0, 0, 0
37191, 0, 4, 4, 0, 0, 0
37192, 0, 1, 1, 0, 0, 0
37193, 4, 2, 2, 0, 4, 0
37194, 0, 1, 1, 0, 0, 0
37195, 0, 1, 1, 0, 0, 0
37196, 0, 1, 1, 0, 0, 0
37197, 7, 2, 1, 1, 7, 0
38583, 15, 2, 2, 0, 15, 0
57772, 0, 1, 1, 0, 0, 0
57773, 0, 1, 1, 0, 0, 0
57774, 0, 1, 1, 0, 0, 0
54532, 9, 7, 7, 0, 9, 0
14053, 0, 4, 4, 0, 0, 0
57775, 1, 1, 1, 0, 1, 0
57776, 3, 3, 3, 0, 3, 0
56820, 0, 1, 1, 0, 0, 0
52078, 0, 3, 2, 1, 0, 0
34521, 1, 4, 4, 0, 1, 0
57777, 0, 3, 3, 0, 0, 0
57778, 0, 2, 2, 0, 0, 0
57779, 0, 1, 1, 0, 0, 0
57780, 0, 1, 1, 0, 0, 0
57781, 0, 1, 0, 1, 0, 0
57782, 0, 2, 1, 1, 0, 0
45154, 0, 1, 1, 0, 0, 0
45155, 0, 1, 1, 0, 0, 0
45156, 0, 1, 1, 0, 0, 0
13369, 2, 1, 1, 0, 2, 0
13373, 104, 2, 2, 0, 49, 55
13375, 0, 1, 1, 0, 0, 0
13377, 1, 2, 2, 0, 1, 0
13379, 3, 1, 1, 0, 3, 0
13380, 0, 3, 3, 0, 0, 0
13381, 0, 2, 2, 0, 0, 0
13382, 2, 2, 2, 0, 2, 0
53423, 2, 4, 4, 0, 2, 0
57783, 2, 3, 3, 0, 2, 0
33706, 0, 2, 1, 1, 0, 0
12615, 29, 4, 4, 0, 29, 0
55615, 1, 1, 1, 0, 1, 0
55616, 0, 1, 0, 1, 0, 0
55617, 0, 4, 2, 2, 0, 0
20573, 0, 4, 2, 2, 0, 0
38394, 0, 2, 1, 1, 0, 0
52040, 0, 1, 1, 0, 0, 0
52041, 2, 1, 1, 0, 2, 0
52042, 0, 1, 1, 0, 0, 0
52043, 1, 1, 0, 1, 0, 1
35566, 4, 2, 2, 0, 4, 0
24256, 0, 3, 3, 0, 0, 0
57797, 0, 7, 7, 0, 0, 0
11868, 25, 4, 4, 0, 12, 13
10679, 6, 0, 0, 0, 6, 0
57798, 0, 1, 1, 0, 0, 0
57799, 1, 1, 1, 0, 1, 0
13496, 0, 9, 9, 0, 0, 0
34158, 1, 3, 3, 0, 1, 0
34178, 0, 3, 3, 0, 0, 0
34180, 2, 1, 1, 0, 2, 0
22063, 3, 2, 2, 0, 3, 0
27564, 0, 3, 2, 1, 0, 0
35056, 0, 3, 1, 2, 0, 0
43060, 0, 5, 5, 0, 0, 0
44625, 5, 4, 1, 3, 5, 0
47601, 0, 3, 2, 1, 0, 0
52120, 0, 3, 3, 0, 0, 0
54830, 1, 5, 5, 0, 1, 0
55605, 14, 1, 1, 0, 14, 0
57800, 0, 2, 2, 0, 0, 0
57801, 0, 1, 1, 0, 0, 0
57802, 0, 1, 1, 0, 0, 0
57803, 0, 2, 2, 0, 0, 0
57804, 0, 2, 2, 0, 0, 0
57805, 0, 1, 1, 0, 0, 0
57806, 3, 1, 1, 0, 2, 1
57807, 0, 2, 1, 1, 0, 0
57808, 0, 1, 1, 0, 0, 0
57809, 0, 1, 1, 0, 0, 0
57810, 0, 1, 1, 0, 0, 0
57811, 0, 3, 3, 0, 0, 0
57812, 0, 1, 1, 0, 0, 0
57813, 0, 1, 1, 0, 0, 0
57814, 0, 1, 0, 1, 0, 0
32520, 5, 4, 3, 1, 5, 0
57815, 2, 1, 1, 0, 2, 0
41900, 4, 3, 2, 1, 3, 1
57816, 2, 1, 1, 0, 1, 1
16823, 1, 5, 4, 1, 1, 0
57817, 2, 3, 1, 2, 2, 0
57818, 2, 3, 3, 0, 2, 0
57819, 0, 1, 1, 0, 0, 0
57820, 0, 4, 4, 0, 0, 0
57821, 1, 1, 1, 0, 1, 0
57822, 0, 1, 1, 0, 0, 0
57823, 0, 1, 1, 0, 0, 0
57824, 0, 1, 1, 0, 0, 0
57825, 0, 1, 1, 0, 0, 0
57826, 0, 1, 1, 0, 0, 0
57827, 0, 1, 1, 0, 0, 0
33146, 0, 2, 1, 1, 0, 0
33148, 0, 1, 1, 0, 0, 0
33150, 0, 2, 1, 1, 0, 0
33151, 0, 2, 1, 1, 0, 0
33152, 0, 1, 1, 0, 0, 0
57828, 0, 1, 1, 0, 0, 0
57829, 0, 1, 1, 0, 0, 0
57830, 0, 1, 1, 0, 0, 0
57831, 4, 1, 1, 0, 3, 1
38271, 0, 2, 2, 0, 0, 0
57832, 3, 3, 3, 0, 3, 0
57833, 0, 1, 1, 0, 0, 0
57834, 0, 1, 0, 1, 0, 0
35976, 0, 1, 1, 0, 0, 0
35977, 4, 2, 0, 2, 1, 3
57835, 1, 2, 2, 0, 1, 0
57836, 0, 1, 1, 0, 0, 0
57837, 5, 3, 3, 0, 5, 0
57838, 6, 4, 4, 0, 6, 0
57839, 0, 1, 1, 0, 0, 0
39592, 0, 2, 2, 0, 0, 0
43181, 7, 8, 6, 2, 6, 1
45736, 0, 1, 0, 1, 0, 0
57840, 1, 1, 0, 1, 0, 1
16844, 10, 8, 4, 4, 8, 2
23296, 0, 2, 1, 1, 0, 0
30678, 1, 2, 1, 1, 1, 0
32760, 0, 4, 3, 1, 0, 0
38428, 0, 5, 2, 3, 0, 0
41887, 6, 5, 0, 5, 6, 0
57841, 0, 2, 1, 1, 0, 0
57842, 0, 1, 1, 0, 0, 0
57843, 18, 3, 2, 1, 1, 17
57844, 3, 2, 1, 1, 3, 0
57845, 0, 1, 0, 1, 0, 0
57846, 2, 1, 0, 1, 2, 0
57847, 0, 2, 0, 2, 0, 0
57848, 0, 3, 1, 2, 0, 0
57849, 1, 1, 0, 1, 1, 0
57850, 0, 1, 0, 1, 0, 0
57851, 0, 1, 0, 1, 0, 0
57852, 0, 2, 0, 2, 0, 0
57853, 0, 1, 0, 1, 0, 0
57854, 0, 1, 0, 1, 0, 0
57855, 0, 3, 2, 1, 0, 0
13706, 0, 1, 1, 0, 0, 0
13707, 0, 3, 3, 0, 0, 0
57864, 0, 1, 0, 1, 0, 0
57865, 1, 2, 1, 1, 1, 0
44446, 1, 4, 3, 1, 1, 0
57856, 2, 1, 1, 0, 2, 0
57857, 0, 2, 2, 0, 0, 0
57858, 1, 1, 1, 0, 1, 0
57859, 1, 1, 0, 1, 1, 0
57860, 2, 1, 0, 1, 2, 0
57861, 0, 1, 0, 1, 0, 0
57862, 3, 1, 0, 1, 0, 3
57863, 0, 1, 0, 1, 0, 0
57866, 0, 2, 2, 0, 0, 0
57867, 0, 2, 2, 0, 0, 0
57868, 1, 2, 2, 0, 1, 0
57869, 0, 2, 2, 0, 0, 0
14455, 3, 2, 1, 1, 3, 0
34017, 3, 1, 1, 0, 3, 0
56789, 0, 1, 1, 0, 0, 0
56790, 10, 1, 0, 1, 7, 3
10768, 1, 0, 0, 0, 1, 0
10769, 31, 0, 0, 0, 31, 0
10770, 1, 0, 0, 0, 1, 0
57870, 1, 1, 1, 0, 1, 0
57871, 8, 1, 1, 0, 3, 5
57872, 0, 3, 0, 3, 0, 0
57873, 1, 1, 1, 0, 1, 0
57874, 8, 2, 2, 0, 8, 0
57875, 3, 1, 1, 0, 3, 0
53432, 1, 1, 1, 0, 1, 0
53433, 1, 2, 2, 0, 1, 0
21230, 17, 1, 0, 1, 14, 3
57876, 0, 1, 1, 0, 0, 0
57877, 9, 1, 0, 1, 8, 1
57878, 0, 2, 1, 1, 0, 0
57879, 3, 2, 1, 1, 3, 0
48746, 0, 2, 2, 0, 0, 0
57880, 0, 2, 2, 0, 0, 0
57881, 0, 1, 1, 0, 0, 0
57882, 0, 1, 1, 0, 0, 0
57883, 4, 3, 3, 0, 3, 1
57884, 1, 1, 0, 1, 1, 0
57885, 0, 1, 0, 1, 0, 0
57886, 0, 1, 0, 1, 0, 0
57887, 0, 3, 3, 0, 0, 0
57888, 1, 1, 0, 1, 0, 1
57889, 1, 2, 1, 1, 1, 0
57890, 16, 3, 3, 0, 14, 2
54876, 11, 1, 1, 0, 6, 5
57891, 0, 1, 1, 0, 0, 0
57892, 0, 2, 2, 0, 0, 0
57893, 0, 1, 1, 0, 0, 0
57894, 19, 2, 2, 0, 14, 5
23723, 0, 2, 2, 0, 0, 0
57895, 2, 2, 1, 1, 0, 2
57896, 0, 1, 1, 0, 0, 0
23193, 1, 6, 4, 2, 1, 0
40530, 0, 3, 0, 3, 0, 0
33153, 2, 5, 4, 1, 2, 0
33155, 5, 4, 4, 0, 5, 0
33156, 1, 1, 0, 1, 0, 1
17173, 10, 4, 4, 0, 9, 1
54376, 0, 1, 1, 0, 0, 0
54377, 0, 1, 0, 1, 0, 0
54518, 0, 1, 1, 0, 0, 0
54519, 0, 1, 1, 0, 0, 0
54520, 1, 1, 1, 0, 1, 0
57592, 0, 1, 1, 0, 0, 0
57593, 4, 1, 1, 0, 0, 4
57897, 13, 1, 1, 0, 7, 6
57898, 0, 1, 1, 0, 0, 0
42396, 0, 2, 2, 0, 0, 0
24649, 0, 2, 2, 0, 0, 0
39576, 5, 3, 3, 0, 5, 0
58076, 0, 1, 1, 0, 0, 0
58077, 0, 1, 1, 0, 0, 0
58078, 1, 1, 1, 0, 1, 0
58079, 0, 1, 0, 1, 0, 0
58080, 0, 1, 1, 0, 0, 0
58081, 0, 2, 2, 0, 0, 0
58082, 16, 5, 5, 0, 16, 0
58083, 1, 1, 1, 0, 1, 0
58084, 4, 2, 2, 0, 4, 0
58085, 5, 4, 3, 1, 4, 1
58086, 0, 1, 0, 1, 0, 0
58087, 0, 1, 0, 1, 0, 0
58088, 110, 3, 0, 3, 15, 95
58089, 9, 2, 1, 1, 9, 0
58090, 1, 1, 1, 0, 1, 0
22860, 0, 2, 1, 1, 0, 0
58091, 2, 1, 0, 1, 2, 0
58092, 0, 5, 2, 3, 0, 0
58093, 0, 1, 0, 1, 0, 0
58094, 0, 2, 0, 2, 0, 0
58095, 0, 2, 0, 2, 0, 0
35382, 5, 1, 1, 0, 5, 0
58096, 0, 1, 1, 0, 0, 0
58097, 0, 1, 1, 0, 0, 0
58098, 0, 4, 4, 0, 0, 0
35263, 18, 4, 4, 0, 15, 3
58099, 1, 1, 1, 0, 1, 0
58100, 0, 2, 2, 0, 0, 0
33450, 0, 3, 1, 2, 0, 0
41669, 1, 2, 1, 1, 1, 0
58101, 1, 2, 2, 0, 1, 0
58102, 0, 1, 1, 0, 0, 0
15495, 7, 6, 5, 1, 6, 1
17092, 8, 1, 0, 1, 7, 1
21346, 4, 6, 5, 1, 4, 0
27477, 2, 6, 4, 2, 2, 0
35148, 0, 2, 1, 1, 0, 0
54637, 0, 2, 1, 1, 0, 0
58103, 0, 3, 2, 1, 0, 0
58104, 0, 1, 0, 1, 0, 0
58105, 0, 1, 0, 1, 0, 0
58106, 1, 1, 0, 1, 1, 0
58107, 0, 1, 0, 1, 0, 0
58108, 0, 1, 0, 1, 0, 0
58109, 0, 1, 0, 1, 0, 0
58110, 2, 3, 1, 2, 2, 0
58111, 0, 1, 0, 1, 0, 0
58112, 0, 1, 0, 1, 0, 0
58113, 1, 1, 0, 1, 1, 0
58114, 9, 1, 0, 1, 9, 0
58115, 0, 4, 3, 1, 0, 0
58116, 0, 1, 0, 1, 0, 0
58117, 0, 1, 0, 1, 0, 0
58118, 2, 1, 0, 1, 2, 0
58119, 0, 1, 0, 1, 0, 0
58120, 0, 2, 1, 1, 0, 0
58121, 1, 1, 0, 1, 1, 0
58122, 0, 1, 0, 1, 0, 0
54072, 4, 2, 2, 0, 3, 1
56280, 2, 3, 3, 0, 2, 0
58123, 2, 4, 4, 0, 2, 0
58124, 8, 1, 1, 0, 8, 0
58125, 7, 5, 5, 0, 7, 0
10875, 1, 0, 0, 0, 1, 0
10876, 1, 1, 0, 1, 1, 0
10880, 1, 2, 2, 0, 1, 0
10882, 0, 3, 3, 0, 0, 0
10883, 1, 0, 0, 0, 1, 0
10884, 6, 0, 0, 0, 4, 2
10886, 79, 0, 0, 0, 77, 2
10887, 0, 1, 1, 0, 0, 0
10898, 0, 3, 2, 1, 0, 0
10900, 0, 1, 1, 0, 0, 0
10904, 0, 1, 1, 0, 0, 0
10908, 0, 4, 4, 0, 0, 0
10913, 3, 2, 1, 1, 2, 1
54041, 0, 2, 2, 0, 0, 0
58147, 1, 1, 0, 1, 0, 1
58148, 4, 1, 1, 0, 3, 1
17397, 0, 1, 1, 0, 0, 0
58149, 0, 3, 3, 0, 0, 0
17405, 1, 1, 1, 0, 0, 1
16431, 0, 3, 0, 3, 0, 0
44983, 7, 3, 2, 1, 4, 3
48802, 3, 3, 2, 1, 2, 1
50883, 0, 2, 0, 2, 0, 0
55458, 4, 3, 2, 1, 4, 0
58150, 0, 1, 0, 1, 0, 0
58151, 0, 1, 0, 1, 0, 0
58152, 0, 1, 0, 1, 0, 0
58153, 0, 1, 0, 1, 0, 0
58154, 0, 1, 0, 1, 0, 0
58155, 5, 1, 0, 1, 3, 2
58156, 0, 1, 0, 1, 0, 0
58157, 2, 1, 0, 1, 0, 2
58158, 0, 1, 0, 1, 0, 0
58159, 0, 1, 0, 1, 0, 0
58160, 0, 2, 1, 1, 0, 0
58161, 0, 1, 1, 0, 0, 0
54046, 1, 14, 0, 14, 0, 1
58162, 1, 13, 1, 12, 0, 1
58163, 0, 1, 1, 0, 0, 0
58164, 21, 5, 1, 4, 0, 21
10924, 3, 1, 1, 0, 3, 0
10925, 8, 0, 0, 0, 8, 0
58165, 0, 2, 2, 0, 0, 0
58166, 3, 2, 2, 0, 3, 0
58167, 0, 1, 1, 0, 0, 0
10929, 19, 6, 6, 0, 13, 6
10932, 4, 1, 1, 0, 4, 0
10933, 1, 2, 1, 1, 1, 0
10934, 2, 1, 1, 0, 2, 0
10936, 0, 5, 2, 3, 0, 0
10938, 0, 5, 2, 3, 0, 0
58168, 0, 1, 1, 0, 0, 0
22623, 1, 2, 2, 0, 1, 0
10939, 1, 0, 0, 0, 1, 0
16955, 2, 2, 1, 1, 2, 0
45650, 0, 2, 2, 0, 0, 0
45651, 0, 4, 4, 0, 0, 0
45652, 0, 1, 0, 1, 0, 0
58289, 0, 2, 2, 0, 0, 0
58290, 0, 3, 3, 0, 0, 0
58291, 0, 1, 1, 0, 0, 0
58292, 3, 1, 1, 0, 2, 1
58293, 0, 2, 2, 0, 0, 0
58294, 0, 1, 1, 0, 0, 0
58295, 0, 1, 1, 0, 0, 0
34824, 2, 3, 1, 2, 2, 0
44624, 0, 2, 0, 2, 0, 0
54454, 12, 5, 4, 1, 12, 0
54991, 0, 3, 3, 0, 0, 0
58296, 2, 1, 1, 0, 2, 0
58297, 0, 1, 0, 1, 0, 0
58298, 0, 1, 0, 1, 0, 0
58299, 0, 1, 0, 1, 0, 0
58300, 1, 1, 0, 1, 1, 0
58301, 0, 4, 2, 2, 0, 0
58302, 0, 1, 0, 1, 0, 0
52137, 0, 2, 2, 0, 0, 0
58303, 0, 1, 0, 1, 0, 0
16681, 13, 4, 0, 4, 9, 4
17929, 0, 3, 1, 2, 0, 0
23375, 2, 3, 1, 2, 2, 0
23828, 6, 1, 0, 1, 4, 2
35235, 3, 3, 1, 2, 2, 1
44121, 0, 4, 0, 4, 0, 0
44455, 0, 2, 1, 1, 0, 0
52685, 3, 2, 1, 1, 2, 1
55253, 1, 4, 0, 4, 1, 0
58233, 0, 2, 0, 2, 0, 0
58304, 0, 1, 0, 1, 0, 0
58305, 10, 1, 0, 1, 9, 1
58306, 1, 1, 0, 1, 1, 0
58307, 0, 1, 0, 1, 0, 0
58308, 0, 1, 0, 1, 0, 0
58309, 0, 1, 0, 1, 0, 0
58310, 0, 1, 0, 1, 0, 0
58311, 3, 1, 0, 1, 3, 0
58312, 0, 2, 0, 2, 0, 0
58313, 1, 1, 0, 1, 0, 1
58314, 3, 1, 0, 1, 2, 1
58315, 0, 1, 0, 1, 0, 0
58316, 2, 2, 1, 1, 2, 0
58317, 0, 1, 0, 1, 0, 0
58318, 0, 1, 0, 1, 0, 0
58319, 11, 3, 2, 1, 6, 5
58320, 0, 1, 0, 1, 0, 0
58321, 1, 2, 1, 1, 0, 1
28004, 0, 3, 3, 0, 0, 0
43956, 0, 3, 2, 1, 0, 0
58322, 0, 1, 1, 0, 0, 0
43954, 0, 2, 2, 0, 0, 0
43955, 0, 3, 3, 0, 0, 0
54511, 10, 3, 3, 0, 10, 0
13852, 0, 1, 1, 0, 0, 0
13858, 0, 1, 1, 0, 0, 0
18179, 0, 2, 2, 0, 0, 0
40478, 21, 1, 1, 0, 21, 0
40479, 0, 1, 1, 0, 0, 0
40480, 0, 1, 0, 1, 0, 0
25224, 3, 1, 1, 0, 3, 0
25226, 18, 2, 2, 0, 18, 0
25227, 0, 1, 1, 0, 0, 0
58325, 202, 1, 1, 0, 1, 201
58326, 0, 1, 0, 1, 0, 0
24677, 0, 3, 3, 0, 0, 0
41060, 0, 1, 1, 0, 0, 0
41064, 1, 1, 1, 0, 0, 1
41067, 0, 1, 1, 0, 0, 0
41069, 0, 1, 1, 0, 0, 0
58327, 0, 1, 1, 0, 0, 0
58328, 0, 1, 1, 0, 0, 0
52716, 4, 2, 2, 0, 4, 0
31271, 1, 4, 4, 0, 1, 0
58329, 0, 1, 1, 0, 0, 0
58330, 2, 1, 1, 0, 2, 0
58331, 1, 1, 1, 0, 1, 0
58332, 0, 1, 1, 0, 0, 0
58333, 0, 1, 1, 0, 0, 0
58334, 198, 1, 1, 0, 1, 197
58335, 0, 1, 0, 1, 0, 0
58336, 1, 1, 0, 1, 1, 0
58337, 0, 1, 1, 0, 0, 0
35386, 1, 1, 1, 0, 1, 0
58338, 1, 1, 1, 0, 1, 0
50407, 0, 4, 3, 1, 0, 0
58339, 0, 1, 0, 1, 0, 0
33943, 0, 4, 4, 0, 0, 0
34533, 0, 2, 2, 0, 0, 0
37367, 0, 2, 2, 0, 0, 0
37368, 0, 1, 1, 0, 0, 0
37370, 5, 1, 1, 0, 5, 0
37371, 0, 2, 1, 1, 0, 0
37372, 0, 1, 1, 0, 0, 0
37373, 2, 1, 1, 0, 0, 2
37374, 0, 1, 1, 0, 0, 0
37376, 0, 1, 1, 0, 0, 0
37377, 3, 1, 1, 0, 1, 2
37378, 2, 2, 1, 1, 0, 2
37382, 0, 1, 1, 0, 0, 0
37386, 3, 4, 4, 0, 3, 0
37388, 0, 2, 2, 0, 0, 0
37391, 0, 1, 1, 0, 0, 0
37393, 0, 3, 3, 0, 0, 0
37395, 0, 1, 1, 0, 0, 0
37397, 4, 4, 4, 0, 2, 2
37399, 0, 2, 2, 0, 0, 0
58340, 0, 1, 0, 1, 0, 0
58341, 0, 1, 1, 0, 0, 0
58342, 0, 3, 3, 0, 0, 0
58343, 0, 3, 3, 0, 0, 0
58344, 0, 2, 0, 2, 0, 0
58209, 0, 2, 2, 0, 0, 0
58210, 0, 3, 3, 0, 0, 0
44679, 4, 1, 1, 0, 1, 3
44680, 0, 1, 1, 0, 0, 0
44681, 0, 2, 2, 0, 0, 0
11084, 4, 3, 3, 0, 4, 0
58525, 0, 1, 1, 0, 0, 0
58526, 0, 1, 1, 0, 0, 0
58537, 0, 1, 1, 0, 0, 0
54299, 0, 1, 1, 0, 0, 0
54300, 0, 1, 0, 1, 0, 0
58538, 0, 1, 1, 0, 0, 0
58539, 1, 1, 1, 0, 1, 0
23938, 2, 3, 2, 1, 2, 0
58540, 2, 1, 1, 0, 2, 0
58541, 0, 2, 2, 0, 0, 0
58542, 2, 1, 1, 0, 2, 0
58543, 0, 2, 2, 0, 0, 0
37893, 0, 5, 4, 1, 0, 0
49796, 0, 2, 2, 0, 0, 0
58544, 0, 2, 2, 0, 0, 0
58545, 2, 2, 2, 0, 2, 0
58546, 1, 1, 1, 0, 1, 0
58547, 0, 1, 1, 0, 0, 0
12398, 0, 4, 4, 0, 0, 0
58548, 0, 1, 1, 0, 0, 0
58549, 0, 1, 1, 0, 0, 0
58550, 0, 1, 1, 0, 0, 0
58551, 1, 1, 1, 0, 1, 0
58552, 0, 2, 1, 1, 0, 0
58553, 0, 2, 1, 1, 0, 0
43810, 1, 4, 0, 4, 0, 1
51130, 0, 5, 5, 0, 0, 0
58554, 1, 1, 1, 0, 1, 0
58555, 0, 1, 0, 1, 0, 0
58556, 0, 1, 0, 1, 0, 0
58557, 0, 4, 1, 3, 0, 0
58558, 9, 1, 0, 1, 0, 9
58559, 11, 1, 0, 1, 7, 4
58560, 0, 1, 0, 1, 0, 0
58561, 4, 3, 3, 0, 4, 0
58562, 4, 1, 1, 0, 4, 0
58563, 0, 1, 0, 1, 0, 0
58564, 0, 1, 1, 0, 0, 0
58565, 0, 1, 1, 0, 0, 0
11161, 10, 0, 0, 0, 9, 1
26256, 0, 3, 3, 0, 0, 0
58566, 0, 2, 2, 0, 0, 0
58567, 2, 1, 1, 0, 2, 0
58568, 0, 2, 2, 0, 0, 0
58569, 0, 1, 1, 0, 0, 0
58570, 0, 2, 1, 1, 0, 0
24857, 0, 3, 3, 0, 0, 0
30852, 1, 3, 3, 0, 1, 0
34395, 0, 1, 1, 0, 0, 0
34398, 2, 1, 1, 0, 2, 0
34400, 0, 4, 4, 0, 0, 0
34401, 1, 1, 1, 0, 1, 0
34403, 9, 1, 1, 0, 9, 0
34404, 0, 1, 1, 0, 0, 0
34406, 0, 2, 2, 0, 0, 0
27303, 0, 3, 2, 1, 0, 0
51985, 11, 5, 5, 0, 9, 2
55414, 1, 1, 1, 0, 1, 0
55415, 0, 1, 1, 0, 0, 0
55416, 0, 2, 1, 1, 0, 0
55417, 0, 1, 1, 0, 0, 0
45027, 0, 2, 0, 2, 0, 0
44103, 0, 1, 1, 0, 0, 0
44104, 1, 1, 1, 0, 1, 0
44105, 0, 1, 1, 0, 0, 0
44106, 0, 1, 1, 0, 0, 0
21575, 2, 2, 2, 0, 2, 0
33129, 1, 5, 5, 0, 1, 0
54195, 4, 1, 1, 0, 2, 2
54196, 0, 1, 0, 1, 0, 0
54197, 0, 1, 0, 1, 0, 0
54198, 0, 1, 0, 1, 0, 0
43853, 4, 2, 2, 0, 4, 0
58571, 0, 1, 0, 1, 0, 0
58572, 0, 1, 1, 0, 0, 0
58573, 0, 1, 1, 0, 0, 0
32720, 1, 3, 3, 0, 1, 0
58574, 0, 1, 1, 0, 0, 0
32518, 6, 8, 8, 0, 5, 1
46067, 0, 2, 2, 0, 0, 0
27544, 0, 8, 6, 2, 0, 0
58575, 0, 1, 1, 0, 0, 0
58576, 0, 2, 2, 0, 0, 0
40505, 0, 3, 3, 0, 0, 0
19518, 1, 5, 4, 1, 1, 0
52151, 0, 2, 1, 1, 0, 0
52152, 0, 1, 1, 0, 0, 0
52153, 0, 2, 2, 0, 0, 0
52154, 0, 1, 1, 0, 0, 0
52155, 0, 2, 2, 0, 0, 0
21933, 8, 3, 3, 0, 8, 0
26987, 0, 1, 1, 0, 0, 0
26988, 0, 1, 1, 0, 0, 0
26990, 5, 3, 3, 0, 4, 1
26992, 0, 2, 2, 0, 0, 0
26995, 0, 1, 1, 0, 0, 0
26996, 0, 2, 1, 1, 0, 0
27000, 0, 1, 1, 0, 0, 0
27010, 10, 1, 1, 0, 9, 1
27011, 9, 1, 1, 0, 9, 0
27012, 8, 2, 2, 0, 8, 0
27013, 0, 1, 1, 0, 0, 0
27017, 0, 2, 1, 1, 0, 0
15133, 0, 5, 2, 3, 0, 0
31231, 3, 3, 2, 1, 2, 1
54205, 0, 5, 4, 1, 0, 0
54335, 0, 2, 1, 1, 0, 0
56117, 3, 2, 0, 2, 1, 2
58577, 1, 1, 1, 0, 1, 0
58578, 0, 1, 0, 1, 0, 0
58579, 1, 2, 0, 2, 0, 1
58580, 0, 1, 0, 1, 0, 0
58581, 0, 2, 1, 1, 0, 0
58582, 0, 1, 0, 1, 0, 0
58583, 0, 1, 0, 1, 0, 0
58584, 7, 1, 0, 1, 3, 4
58585, 0, 1, 0, 1, 0, 0
58586, 0, 1, 0, 1, 0, 0
58587, 0, 1, 0, 1, 0, 0
58588, 0, 1, 0, 1, 0, 0
58589, 2, 1, 0, 1, 2, 0
58590, 1, 1, 0, 1, 1, 0
58591, 0, 1, 0, 1, 0, 0
58592, 0, 2, 1, 1, 0, 0
58593, 4, 1, 0, 1, 0, 4
14123, 16, 1, 1, 0, 8, 8
14125, 2, 3, 3, 0, 2, 0
14126, 0, 1, 1, 0, 0, 0
14128, 0, 1, 1, 0, 0, 0
14130, 0, 2, 2, 0, 0, 0
14134, 0, 2, 2, 0, 0, 0
14141, 3, 1, 1, 0, 3, 0
14142, 1, 4, 3, 1, 1, 0
14143, 0, 1, 1, 0, 0, 0
14145, 0, 3, 2, 1, 0, 0
14147, 15, 5, 5, 0, 11, 4
14152, 1, 2, 0, 2, 1, 0
14153, 0, 1, 0, 1, 0, 0
58594, 0, 1, 1, 0, 0, 0
58021, 2, 3, 3, 0, 2, 0
25246, 0, 1, 1, 0, 0, 0
25247, 0, 1, 1, 0, 0, 0
25249, 0, 2, 1, 1, 0, 0
25254, 0, 2, 1, 1, 0, 0
25255, 4, 2, 1, 1, 3, 1
25256, 0, 1, 0, 1, 0, 0
58595, 2, 1, 1, 0, 2, 0
58596, 0, 1, 1, 0, 0, 0
58597, 0, 1, 1, 0, 0, 0
58598, 1, 1, 1, 0, 1, 0
58599, 0, 1, 1, 0, 0, 0
58600, 0, 1, 0, 1, 0, 0
58601, 0, 1, 0, 1, 0, 0
58602, 1, 1, 1, 0, 0, 1
58603, 0, 1, 1, 0, 0, 0
58604, 0, 1, 1, 0, 0, 0
15337, 8, 2, 2, 0, 7, 1
15340, 0, 3, 2, 1, 0, 0
13678, 0, 7, 6, 1, 0, 0
43775, 6, 1, 1, 0, 5, 1
45179, 0, 1, 1, 0, 0, 0
45180, 2, 1, 1, 0, 2, 0
45181, 1, 1, 1, 0, 1, 0
45182, 0, 1, 0, 1, 0, 0
45183, 0, 1, 0, 1, 0, 0
45185, 0, 1, 0, 1, 0, 0
45186, 0, 1, 0, 1, 0, 0
45187, 0, 1, 0, 1, 0, 0
45188, 0, 1, 0, 1, 0, 0
58605, 2, 5, 5, 0, 2, 0
27844, 0, 2, 0, 2, 0, 0
44249, 9, 7, 7, 0, 9, 0
44251, 6, 5, 5, 0, 6, 0
44252, 2, 4, 4, 0, 2, 0
58606, 0, 3, 3, 0, 0, 0
58607, 3, 2, 2, 0, 3, 0
58608, 3, 1, 1, 0, 3, 0
58609, 2, 1, 1, 0, 2, 0
58610, 1, 1, 1, 0, 1, 0
58611, 0, 1, 1, 0, 0, 0
58612, 1, 1, 1, 0, 1, 0
58613, 9, 2, 1, 1, 8, 1
11262, 3, 0, 0, 0, 3, 0
11263, 6, 1, 1, 0, 6, 0
11264, 1, 1, 1, 0, 1, 0
11266, 3, 0, 0, 0, 2, 1
27191, 0, 2, 2, 0, 0, 0
27195, 0, 2, 0, 2, 0, 0
13338, 4, 3, 3, 0, 4, 0
18836, 0, 2, 1, 1, 0, 0
28476, 4, 3, 2, 1, 3, 1
43165, 1, 1, 1, 0, 1, 0
43166, 0, 2, 2, 0, 0, 0
43168, 0, 1, 1, 0, 0, 0
43169, 0, 1, 1, 0, 0, 0
43170, 0, 1, 1, 0, 0, 0
43171, 1, 3, 3, 0, 1, 0
43172, 0, 1, 1, 0, 0, 0
43173, 1, 2, 1, 1, 0, 1
43174, 0, 2, 2, 0, 0, 0
43175, 0, 2, 1, 1, 0, 0
43176, 0, 1, 1, 0, 0, 0
43177, 0, 5, 4, 1, 0, 0
43179, 0, 2, 1, 1, 0, 0
43180, 0, 1, 1, 0, 0, 0
43183, 0, 1, 1, 0, 0, 0
43184, 35, 3, 3, 0, 35, 0
43185, 2, 1, 1, 0, 2, 0
43186, 0, 3, 3, 0, 0, 0
43187, 7, 2, 2, 0, 7, 0
43188, 1, 2, 2, 0, 1, 0
43192, 0, 1, 1, 0, 0, 0
43193, 0, 1, 1, 0, 0, 0
43195, 0, 1, 1, 0, 0, 0
43197, 0, 3, 2, 1, 0, 0
43200, 0, 1, 1, 0, 0, 0
43201, 0, 1, 1, 0, 0, 0
43202, 1, 2, 2, 0, 1, 0
43203, 2, 1, 1, 0, 2, 0
43204, 19, 3, 3, 0, 19, 0
43205, 0, 1, 1, 0, 0, 0
43206, 1, 1, 1, 0, 1, 0
43209, 0, 1, 1, 0, 0, 0
43211, 0, 2, 2, 0, 0, 0
43212, 9, 1, 1, 0, 3, 6
43213, 0, 1, 0, 1, 0, 0
43214, 1, 1, 0, 1, 0, 1
43215, 0, 1, 0, 1, 0, 0
43218, 0, 2, 0, 2, 0, 0
43219, 0, 1, 0, 1, 0, 0
58617, 0, 1, 1, 0, 0, 0
58618, 6, 4, 4, 0, 6, 0
11297, 46, 1, 1, 0, 46, 0
11299, 0, 1, 1, 0, 0, 0
11300, 0, 1, 1, 0, 0, 0
11301, 0, 1, 1, 0, 0, 0
38588, 8, 5, 5, 0, 7, 1
38601, 0, 2, 2, 0, 0, 0
38606, 0, 3, 3, 0, 0, 0
57982, 4, 2, 2, 0, 4, 0
58623, 0, 1, 1, 0, 0, 0
58624, 1, 2, 1, 1, 1, 0
58625, 2, 2, 2, 0, 1, 1
58626, 0, 2, 2, 0, 0, 0
58627, 0, 1, 1, 0, 0, 0
58628, 0, 2, 2, 0, 0, 0
58629, 0, 1, 1, 0, 0, 0
58630, 0, 1, 1, 0, 0, 0
11302, 2, 0, 0, 0, 2, 0
11303, 2, 2, 2, 0, 0, 2
58631, 1, 2, 2, 0, 1, 0
58632, 0, 2, 1, 1, 0, 0
58633, 0, 1, 1, 0, 0, 0
44555, 0, 3, 2, 1, 0, 0
58634, 0, 1, 1, 0, 0, 0
58635, 1, 1, 1, 0, 1, 0
19751, 2, 7, 7, 0, 2, 0
38511, 3, 1, 1, 0, 3, 0
38512, 0, 1, 1, 0, 0, 0
38515, 1, 3, 2, 1, 1, 0
38516, 0, 2, 2, 0, 0, 0
38517, 0, 1, 1, 0, 0, 0
58636, 1, 2, 1, 1, 1, 0
58637, 0, 5, 2, 3, 0, 0
58638, 0, 1, 0, 1, 0, 0
58639, 0, 1, 0, 1, 0, 0
24892, 2, 3, 3, 0, 2, 0
24895, 0, 2, 0, 2, 0, 0
24898, 1, 6, 0, 6, 1, 0
24899, 0, 3, 0, 3, 0, 0
21138, 0, 1, 1, 0, 0, 0
21140, 0, 2, 2, 0, 0, 0
12627, 0, 5, 5, 0, 0, 0
17310, 14, 2, 2, 0, 10, 4
17319, 0, 1, 1, 0, 0, 0
17007, 3, 4, 4, 0, 3, 0
55432, 9, 4, 4, 0, 9, 0
58640, 0, 1, 1, 0, 0, 0
58641, 1, 1, 1, 0, 1, 0
56856, 0, 3, 3, 0, 0, 0
58199, 1, 1, 1, 0, 0, 1
58200, 0, 1, 1, 0, 0, 0
58201, 0, 1, 0, 1, 0, 0
58202, 1, 2, 1, 1, 0, 1
58642, 0, 1, 1, 0, 0, 0
58643, 0, 1, 1, 0, 0, 0
56888, 0, 1, 1, 0, 0, 0
23612, 0, 1, 1, 0, 0, 0
27809, 1, 4, 4, 0, 0, 1
44577, 5, 1, 1, 0, 5, 0
58644, 0, 1, 1, 0, 0, 0
14677, 0, 4, 0, 4, 0, 0
44346, 0, 1, 1, 0, 0, 0
44347, 0, 1, 1, 0, 0, 0
58645, 0, 1, 1, 0, 0, 0
58646, 0, 1, 1, 0, 0, 0
54907, 0, 3, 3, 0, 0, 0
58647, 0, 1, 0, 1, 0, 0
12819, 0, 3, 2, 1, 0, 0
15224, 3, 2, 1, 1, 3, 0
16599, 2, 2, 2, 0, 2, 0
42099, 0, 1, 1, 0, 0, 0
42100, 0, 1, 1, 0, 0, 0
42101, 0, 4, 2, 2, 0, 0
42102, 0, 1, 1, 0, 0, 0
58648, 0, 1, 1, 0, 0, 0
37909, 1, 2, 2, 0, 1, 0
37910, 0, 2, 1, 1, 0, 0
37911, 0, 1, 1, 0, 0, 0
37914, 0, 3, 3, 0, 0, 0
58649, 1, 1, 1, 0, 1, 0
58650, 0, 1, 1, 0, 0, 0
46239, 12, 2, 1, 1, 10, 2
46240, 6, 1, 1, 0, 6, 0
46241, 19, 2, 2, 0, 18, 1
46242, 0, 1, 1, 0, 0, 0
41885, 3, 4, 4, 0, 3, 0
23621, 0, 5, 5, 0, 0, 0
58651, 0, 1, 1, 0, 0, 0
58652, 0, 1, 1, 0, 0, 0
58653, 0, 1, 1, 0, 0, 0
40521, 4, 2, 2, 0, 4, 0
58654, 8, 1, 1, 0, 8, 0
12018, 0, 1, 1, 0, 0, 0
12026, 1, 1, 0, 1, 1, 0
12028, 0, 1, 0, 1, 0, 0
12030, 5, 2, 1, 1, 5, 0
38626, 13, 3, 3, 0, 12, 1
38628, 0, 1, 1, 0, 0, 0
38629, 3, 3, 3, 0, 3, 0
38634, 2, 3, 2, 1, 0, 2
38635, 7, 2, 1, 1, 7, 0
13563, 6, 2, 2, 0, 6, 0
18575, 2, 2, 2, 0, 2, 0
22138, 1, 3, 3, 0, 1, 0
28000, 5, 6, 6, 0, 5, 0
29113, 1, 4, 4, 0, 1, 0
35594, 0, 2, 2, 0, 0, 0
41105, 0, 4, 4, 0, 0, 0
44144, 1, 2, 2, 0, 1, 0
45076, 0, 5, 4, 1, 0, 0
45078, 1, 1, 1, 0, 1, 0
45079, 2, 2, 1, 1, 2, 0
45080, 0, 1, 1, 0, 0, 0
45082, 0, 1, 1, 0, 0, 0
45083, 0, 1, 1, 0, 0, 0
45084, 0, 1, 1, 0, 0, 0
45085, 2, 1, 1, 0, 2, 0
45086, 19, 3, 3, 0, 14, 5
45087, 14, 2, 2, 0, 13, 1
45088, 0, 1, 1, 0, 0, 0
45089, 0, 1, 1, 0, 0, 0
45090, 0, 2, 2, 0, 0, 0
45091, 0, 1, 1, 0, 0, 0
45092, 0, 4, 4, 0, 0, 0
45093, 0, 1, 1, 0, 0, 0
45094, 0, 1, 1, 0, 0, 0
45095, 0, 1, 1, 0, 0, 0
45096, 0, 1, 1, 0, 0, 0
45097, 0, 1, 1, 0, 0, 0
45098, 0, 1, 1, 0, 0, 0
45099, 0, 1, 1, 0, 0, 0
45100, 0, 2, 2, 0, 0, 0
45101, 0, 1, 1, 0, 0, 0
45102, 0, 2, 1, 1, 0, 0
45103, 0, 1, 1, 0, 0, 0
45104, 0, 1, 1, 0, 0, 0
45105, 0, 1, 1, 0, 0, 0
45107, 0, 1, 1, 0, 0, 0
45108, 1, 3, 1, 2, 1, 0
45109, 0, 1, 0, 1, 0, 0
45110, 0, 1, 0, 1, 0, 0
45111, 0, 1, 0, 1, 0, 0
45112, 0, 1, 0, 1, 0, 0
45113, 0, 1, 0, 1, 0, 0
45114, 0, 2, 1, 1, 0, 0
45115, 27, 2, 1, 1, 22, 5
58655, 1, 1, 1, 0, 1, 0
58656, 0, 1, 1, 0, 0, 0
58657, 0, 1, 0, 1, 0, 0
58658, 14, 1, 0, 1, 8, 6
27181, 1, 1, 1, 0, 1, 0
27182, 0, 1, 1, 0, 0, 0
27183, 0, 2, 2, 0, 0, 0
54853, 0, 2, 1, 1, 0, 0
56122, 0, 2, 2, 0, 0, 0
58659, 0, 1, 1, 0, 0, 0
58660, 0, 1, 1, 0, 0, 0
16836, 1, 1, 1, 0, 0, 1
16839, 1, 1, 1, 0, 1, 0
16841, 3, 1, 1, 0, 3, 0
16843, 0, 2, 1, 1, 0, 0
41770, 0, 4, 4, 0, 0, 0
42497, 0, 2, 2, 0, 0, 0
54728, 105, 3, 1, 2, 12, 93
22868, 0, 2, 2, 0, 0, 0
49356, 0, 1, 1, 0, 0, 0
49357, 7, 1, 1, 0, 7, 0
49358, 0, 5, 5, 0, 0, 0
49359, 0, 2, 2, 0, 0, 0
45279, 1, 4, 2, 2, 1, 0
54678, 24, 3, 3, 0, 11, 13
55827, 3, 1, 0, 1, 2, 1
58661, 1, 1, 1, 0, 1, 0
58662, 0, 1, 1, 0, 0, 0
58663, 2, 2, 2, 0, 2, 0
58664, 0, 1, 1, 0, 0, 0
58665, 0, 1, 1, 0, 0, 0
58666, 0, 1, 0, 1, 0, 0
58667, 1, 1, 0, 1, 0, 1
58668, 0, 2, 0, 2, 0, 0
58669, 0, 1, 1, 0, 0, 0
58670, 0, 1, 1, 0, 0, 0
16568, 1, 2, 1, 1, 1, 0
35523, 2, 4, 0, 4, 2, 0
44749, 0, 2, 0, 2, 0, 0
44752, 0, 7, 0, 7, 0, 0
48799, 0, 5, 2, 3, 0, 0
58671, 0, 1, 1, 0, 0, 0
58672, 0, 2, 1, 1, 0, 0
58673, 0, 1, 0, 1, 0, 0
58674, 0, 1, 0, 1, 0, 0
58675, 0, 2, 0, 2, 0, 0
58676, 0, 3, 0, 3, 0, 0
58677, 1, 1, 0, 1, 0, 1
58678, 0, 2, 0, 2, 0, 0
58679, 0, 2, 0, 2, 0, 0
58680, 0, 1, 0, 1, 0, 0
58681, 0, 1, 0, 1, 0, 0
33894, 0, 2, 2, 0, 0, 0
37971, 0, 2, 2, 0, 0, 0
18047, 2, 4, 3, 1, 2, 0
36530, 6, 5, 3, 2, 3, 3
44528, 0, 1, 1, 0, 0, 0
11525, 0, 3, 1, 2, 0, 0
24979, 4, 3, 2, 1, 1, 3
14458, 12, 1, 1, 0, 11, 1
27061, 20, 2, 2, 0, 8, 12
58726, 2, 3, 3, 0, 2, 0
58727, 0, 1, 0, 1, 0, 0
11761, 2, 4, 4, 0, 2, 0
58728, 0, 1, 0, 1, 0, 0
16023, 0, 4, 4, 0, 0, 0
29850, 0, 9, 8, 1, 0, 0
58729, 0, 1, 1, 0, 0, 0
58730, 0, 3, 3, 0, 0, 0
58731, 0, 1, 1, 0, 0, 0
58732, 0, 1, 1, 0, 0, 0
58733, 2, 2, 2, 0, 2, 0
58734, 9, 4, 4, 0, 9, 0
58735, 8, 3, 3, 0, 8, 0
58736, 0, 1, 1, 0, 0, 0
58737, 1, 1, 1, 0, 0, 1
58738, 0, 1, 1, 0, 0, 0
53071, 11, 2, 2, 0, 11, 0
51271, 0, 3, 3, 0, 0, 0
52307, 0, 1, 1, 0, 0, 0
52308, 0, 4, 4, 0, 0, 0
55697, 0, 3, 0, 3, 0, 0
58194, 0, 2, 0, 2, 0, 0
58196, 18, 3, 0, 3, 0, 18
58214, 20, 3, 0, 3, 0, 20
58215, 20, 4, 0, 4, 0, 20
58218, 18, 4, 0, 4, 0, 18
58222, 21, 3, 0, 3, 0, 21
58232, 17, 2, 0, 2, 0, 17
58234, 22, 4, 0, 4, 0, 22
58235, 22, 3, 0, 3, 0, 22
58739, 2, 2, 1, 1, 2, 0
58740, 10, 1, 0, 1, 0, 10
58741, 0, 1, 0, 1, 0, 0
58742, 3, 1, 0, 1, 0, 3
58743, 0, 1, 0, 1, 0, 0
58744, 7, 1, 0, 1, 0, 7
58745, 1, 1, 0, 1, 1, 0
58746, 0, 1, 0, 1, 0, 0
58747, 0, 1, 0, 1, 0, 0
58748, 9, 1, 0, 1, 0, 9
58749, 16, 1, 0, 1, 15, 1
58750, 0, 2, 1, 1, 0, 0
58751, 2, 1, 0, 1, 1, 1
58752, 2, 1, 0, 1, 0, 2
58753, 0, 2, 0, 2, 0, 0
58754, 0, 1, 0, 1, 0, 0
58755, 0, 2, 0, 2, 0, 0
58756, 3, 1, 0, 1, 3, 0
58757, 3, 1, 0, 1, 0, 3
37686, 30, 2, 1, 1, 13, 17
53163, 0, 1, 1, 0, 0, 0
11454, 6, 1, 1, 0, 5, 1
11455, 2, 2, 2, 0, 2, 0
11456, 1, 0, 0, 0, 1, 0
11457, 9, 9, 7, 2, 8, 1
11458, 4, 13, 13, 0, 3, 1
11459, 0, 6, 5, 1, 0, 0
11460, 0, 9, 8, 1, 0, 0
11461, 7, 6, 5, 1, 7, 0
11462, 24, 12, 10, 2, 15, 9
11463, 14, 14, 8, 6, 11, 3
11464, 0, 7, 6, 1, 0, 0
11465, 25, 9, 4, 5, 13, 12
14655, 26, 8, 4, 4, 26, 0
23826, 0, 2, 2, 0, 0, 0
58758, 1, 1, 1, 0, 1, 0
14657, 0, 7, 3, 4, 0, 0
14660, 2, 3, 2, 1, 1, 1
14661, 6, 5, 3, 2, 3, 3
14663, 4, 4, 3, 1, 0, 4
14664, 4, 3, 2, 1, 3, 1
14668, 6, 3, 1, 2, 6, 0
14670, 0, 2, 2, 0, 0, 0
58759, 6, 2, 2, 0, 6, 0
58760, 4, 3, 3, 0, 4, 0
58761, 5, 2, 1, 1, 5, 0
14658, 4, 2, 2, 0, 3, 1
14656, 0, 6, 4, 2, 0, 0
23824, 1, 1, 1, 0, 1, 0
23827, 1, 1, 1, 0, 1, 0
11466, 1, 0, 0, 0, 1, 0
11467, 22, 1, 1, 0, 21, 1
11472, 0, 1, 1, 0, 0, 0
11473, 0, 1, 1, 0, 0, 0
11476, 1, 4, 4, 0, 0, 1
12394, 3, 3, 2, 1, 3, 0
20268, 2, 2, 2, 0, 0, 2
27545, 0, 2, 2, 0, 0, 0
27661, 1, 4, 3, 1, 1, 0
29804, 10, 2, 2, 0, 9, 1
39578, 0, 2, 1, 1, 0, 0
39580, 0, 1, 1, 0, 0, 0
39582, 2, 1, 1, 0, 2, 0
39583, 0, 1, 1, 0, 0, 0
39584, 0, 1, 1, 0, 0, 0
39587, 0, 1, 1, 0, 0, 0
39589, 0, 1, 1, 0, 0, 0
39591, 1, 1, 1, 0, 1, 0
39593, 0, 5, 5, 0, 0, 0
39594, 1, 1, 1, 0, 1, 0
39595, 0, 1, 1, 0, 0, 0
39596, 0, 1, 1, 0, 0, 0
39597, 0, 1, 1, 0, 0, 0
39598, 0, 1, 1, 0, 0, 0
39599, 0, 2, 2, 0, 0, 0
39600, 0, 1, 1, 0, 0, 0
39601, 0, 1, 1, 0, 0, 0
58762, 0, 1, 1, 0, 0, 0
41802, 0, 2, 2, 0, 0, 0
11478, 15, 0, 0, 0, 15, 0
23428, 1, 2, 2, 0, 1, 0
33734, 0, 3, 3, 0, 0, 0
34346, 16, 1, 1, 0, 11, 5
55088, 1, 2, 0, 2, 1, 0
11482, 1, 0, 0, 0, 1, 0
58764, 0, 3, 1, 2, 0, 0
58765, 0, 1, 1, 0, 0, 0
58766, 0, 2, 1, 1, 0, 0
11486, 0, 1, 1, 0, 0, 0
11487, 7, 2, 1, 1, 7, 0
58767, 0, 1, 1, 0, 0, 0
58768, 0, 1, 1, 0, 0, 0
58769, 0, 1, 1, 0, 0, 0
11499, 3, 5, 5, 0, 3, 0
11502, 0, 2, 2, 0, 0, 0
11508, 0, 1, 1, 0, 0, 0
11512, 0, 2, 0, 2, 0, 0
11515, 0, 2, 1, 1, 0, 0
11517, 0, 2, 0, 2, 0, 0
58770, 0, 2, 2, 0, 0, 0
58771, 0, 2, 2, 0, 0, 0
58772, 0, 1, 1, 0, 0, 0
12936, 0, 4, 0, 4, 0, 0
58773, 0, 1, 1, 0, 0, 0
58774, 0, 1, 0, 1, 0, 0
37741, 0, 3, 3, 0, 0, 0
44324, 5, 1, 0, 1, 5, 0
44582, 3, 2, 1, 1, 2, 1
50887, 0, 2, 1, 1, 0, 0
58775, 2, 2, 1, 1, 2, 0
58776, 2, 1, 0, 1, 1, 1
58777, 0, 2, 0, 2, 0, 0
58778, 0, 1, 0, 1, 0, 0
58779, 1, 1, 0, 1, 0, 1
58780, 0, 2, 0, 2, 0, 0
58781, 0, 1, 0, 1, 0, 0
58782, 1, 1, 0, 1, 1, 0
58783, 0, 1, 0, 1, 0, 0
58784, 2, 6, 5, 1, 2, 0
58785, 0, 1, 0, 1, 0, 0
58790, 6, 1, 0, 1, 5, 1
58786, 0, 1, 1, 0, 0, 0
58791, 0, 1, 1, 0, 0, 0
58792, 0, 1, 1, 0, 0, 0
58793, 3, 1, 1, 0, 3, 0
43682, 0, 5, 4, 1, 0, 0
58787, 2, 1, 1, 0, 2, 0
58788, 4, 1, 1, 0, 3, 1
58789, 0, 2, 2, 0, 0, 0
35571, 1, 3, 3, 0, 1, 0
37423, 7, 2, 2, 0, 4, 3
58794, 0, 2, 2, 0, 0, 0
41920, 3, 3, 3, 0, 3, 0
54855, 0, 2, 1, 1, 0, 0
56140, 0, 2, 1, 1, 0, 0
58795, 7, 4, 4, 0, 4, 3
58796, 0, 1, 1, 0, 0, 0
58797, 0, 1, 1, 0, 0, 0
58798, 0, 1, 1, 0, 0, 0
58799, 0, 1, 1, 0, 0, 0
58800, 0, 1, 0, 1, 0, 0
58801, 1, 1, 1, 0, 1, 0
58802, 0, 1, 1, 0, 0, 0
11535, 21, 0, 0, 0, 20, 1
11536, 0, 2, 2, 0, 0, 0
37092, 2, 2, 2, 0, 2, 0
37093, 0, 2, 2, 0, 0, 0
11542, 4, 3, 2, 1, 3, 1
11546, 0, 1, 0, 1, 0, 0
58803, 0, 1, 1, 0, 0, 0
43862, 1, 1, 1, 0, 1, 0
54820, 2, 4, 2, 2, 2, 0
58807, 0, 1, 1, 0, 0, 0
58808, 0, 1, 1, 0, 0, 0
58809, 0, 1, 1, 0, 0, 0
11547, 1, 0, 0, 0, 1, 0
11548, 1, 0, 0, 0, 1, 0
11549, 7, 1, 1, 0, 5, 2
25728, 0, 8, 8, 0, 0, 0
45276, 0, 1, 1, 0, 0, 0
45277, 0, 2, 2, 0, 0, 0
45278, 8, 4, 3, 1, 7, 1
45280, 0, 1, 0, 1, 0, 0
58810, 0, 1, 1, 0, 0, 0
58811, 0, 2, 2, 0, 0, 0
12614, 0, 3, 3, 0, 0, 0
12621, 2, 7, 7, 0, 2, 0
34665, 0, 1, 1, 0, 0, 0
44067, 0, 2, 2, 0, 0, 0
58812, 0, 5, 5, 0, 0, 0
58813, 1, 1, 1, 0, 1, 0
43683, 3, 2, 1, 1, 2, 1
43684, 0, 3, 1, 2, 0, 0
43685, 3, 2, 1, 1, 3, 0
40626, 0, 3, 3, 0, 0, 0
54476, 0, 1, 1, 0, 0, 0
54477, 0, 1, 1, 0, 0, 0
54478, 1, 2, 2, 0, 1, 0
58814, 0, 2, 2, 0, 0, 0
58815, 5, 3, 3, 0, 5, 0
31117, 0, 4, 0, 4, 0, 0
39077, 0, 3, 0, 3, 0, 0
57733, 0, 2, 1, 1, 0, 0
57734, 0, 1, 0, 1, 0, 0
57735, 0, 1, 0, 1, 0, 0
57736, 0, 1, 0, 1, 0, 0
57737, 0, 1, 0, 1, 0, 0
57738, 0, 1, 0, 1, 0, 0
57739, 0, 1, 0, 1, 0, 0
57740, 0, 1, 0, 1, 0, 0
58398, 1, 3, 3, 0, 1, 0
58816, 0, 1, 1, 0, 0, 0
58817, 0, 1, 1, 0, 0, 0
58818, 0, 1, 1, 0, 0, 0
58819, 0, 2, 2, 0, 0, 0
14425, 0, 3, 3, 0, 0, 0
16472, 6, 1, 1, 0, 6, 0
40357, 0, 5, 5, 0, 0, 0
44592, 0, 1, 1, 0, 0, 0
44593, 0, 1, 1, 0, 0, 0
44594, 0, 1, 1, 0, 0, 0
23333, 21, 5, 4, 1, 20, 1
26236, 10, 2, 2, 0, 10, 0
28302, 0, 1, 1, 0, 0, 0
28304, 5, 2, 2, 0, 3, 2
28307, 15, 1, 1, 0, 12, 3
28309, 1, 2, 2, 0, 0, 1
28311, 0, 1, 1, 0, 0, 0
28315, 1, 1, 1, 0, 1, 0
28316, 68, 4, 4, 0, 67, 1
28318, 16, 2, 2, 0, 9, 7
28322, 3, 2, 2, 0, 2, 1
28323, 2, 2, 1, 1, 1, 1
28325, 22, 3, 3, 0, 22, 0
28326, 0, 5, 3, 2, 0, 0
28328, 28, 7, 7, 0, 28, 0
28329, 0, 1, 1, 0, 0, 0
28331, 0, 1, 1, 0, 0, 0
28335, 0, 2, 2, 0, 0, 0
58820, 1, 1, 1, 0, 1, 0
58821, 0, 1, 1, 0, 0, 0
44145, 0, 7, 7, 0, 0, 0
58822, 0, 1, 1, 0, 0, 0
58823, 0, 2, 2, 0, 0, 0
58824, 0, 1, 1, 0, 0, 0
58825, 0, 1, 1, 0, 0, 0
58826, 0, 1, 1, 0, 0, 0
58827, 0, 1, 1, 0, 0, 0
58828, 1, 2, 2, 0, 1, 0
58829, 0, 2, 2, 0, 0, 0
58830, 0, 1, 1, 0, 0, 0
15839, 0, 6, 3, 3, 0, 0
50373, 1, 2, 1, 1, 1, 0
55707, 0, 3, 3, 0, 0, 0
58535, 3, 2, 1, 1, 0, 3
58831, 0, 1, 1, 0, 0, 0
58832, 0, 2, 0, 2, 0, 0
58833, 0, 1, 0, 1, 0, 0
58834, 0, 1, 0, 1, 0, 0
58835, 0, 1, 0, 1, 0, 0
54265, 0, 1, 1, 0, 0, 0
11618, 1, 0, 0, 0, 1, 0
11626, 0, 1, 1, 0, 0, 0
11627, 1, 1, 1, 0, 1, 0
58844, 0, 1, 1, 0, 0, 0
58845, 0, 1, 1, 0, 0, 0
16930, 5, 6, 5, 1, 5, 0
28440, 0, 3, 3, 0, 0, 0
54173, 0, 2, 1, 1, 0, 0
58846, 0, 1, 1, 0, 0, 0
58847, 0, 1, 1, 0, 0, 0
58848, 1, 1, 1, 0, 1, 0
58849, 0, 1, 1, 0, 0, 0
58850, 0, 1, 1, 0, 0, 0
58851, 0, 2, 2, 0, 0, 0
58852, 0, 1, 1, 0, 0, 0
58853, 0, 1, 1, 0, 0, 0
58854, 0, 2, 2, 0, 0, 0
58855, 0, 1, 1, 0, 0, 0
58856, 1, 1, 1, 0, 1, 0
58857, 0, 3, 3, 0, 0, 0
58858, 0, 2, 2, 0, 0, 0
58859, 2, 2, 1, 1, 2, 0
58860, 3, 3, 2, 1, 2, 1
58861, 0, 2, 2, 0, 0, 0
58862, 0, 1, 1, 0, 0, 0
58863, 1, 1, 1, 0, 1, 0
11633, 1, 0, 0, 0, 1, 0
15308, 0, 2, 2, 0, 0, 0
55394, 0, 1, 1, 0, 0, 0
55395, 0, 1, 1, 0, 0, 0
58869, 0, 3, 3, 0, 0, 0
58870, 0, 1, 0, 1, 0, 0
11644, 1, 2, 2, 0, 1, 0
11650, 0, 1, 1, 0, 0, 0
11651, 0, 5, 3, 2, 0, 0
11655, 0, 1, 1, 0, 0, 0
11661, 24, 2, 2, 0, 17, 7
11662, 0, 5, 5, 0, 0, 0
58871, 6, 1, 1, 0, 4, 2
58872, 2, 2, 2, 0, 2, 0
58873, 0, 1, 1, 0, 0, 0
58874, 2, 2, 2, 0, 2, 0
58875, 0, 2, 2, 0, 0, 0
58876, 3, 2, 2, 0, 3, 0
58877, 0, 2, 1, 1, 0, 0
58878, 0, 1, 0, 1, 0, 0
35259, 0, 2, 0, 2, 0, 0
58879, 1, 1, 1, 0, 1, 0
58880, 1, 1, 1, 0, 1, 0
29130, 0, 4, 4, 0, 0, 0
31011, 2, 3, 3, 0, 2, 0
58881, 1, 1, 1, 0, 1, 0
58882, 0, 1, 1, 0, 0, 0
58883, 0, 1, 1, 0, 0, 0
27886, 0, 1, 1, 0, 0, 0
12927, 1, 3, 3, 0, 1, 0
30013, 0, 1, 1, 0, 0, 0
58884, 0, 6, 6, 0, 0, 0
58408, 0, 1, 1, 0, 0, 0
58409, 1, 1, 1, 0, 1, 0
54015, 0, 5, 5, 0, 0, 0
44554, 0, 2, 2, 0, 0, 0
58885, 0, 2, 2, 0, 0, 0
12593, 0, 5, 3, 2, 0, 0
35055, 2, 3, 1, 2, 2, 0
44673, 0, 2, 0, 2, 0, 0
58888, 0, 1, 1, 0, 0, 0
58889, 0, 2, 1, 1, 0, 0
19684, 25, 2, 2, 0, 23, 2
19691, 0, 1, 1, 0, 0, 0
11671, 0, 1, 1, 0, 0, 0
11673, 0, 1, 1, 0, 0, 0
11677, 0, 2, 0, 2, 0, 0
11679, 0, 1, 0, 1, 0, 0
54594, 0, 3, 1, 2, 0, 0
58890, 0, 1, 1, 0, 0, 0
19657, 0, 1, 1, 0, 0, 0
19660, 0, 1, 1, 0, 0, 0
19662, 0, 1, 1, 0, 0, 0
19663, 0, 1, 1, 0, 0, 0
19665, 0, 1, 1, 0, 0, 0
19667, 0, 1, 1, 0, 0, 0
11682, 2, 0, 0, 0, 2, 0
24828, 7, 5, 5, 0, 7, 0
58891, 6, 1, 1, 0, 6, 0
58892, 2, 1, 1, 0, 2, 0
58893, 1, 1, 1, 0, 1, 0
58894, 0, 1, 1, 0, 0, 0
58895, 0, 1, 1, 0, 0, 0
58896, 0, 1, 1, 0, 0, 0
49454, 0, 2, 2, 0, 0, 0
49462, 0, 2, 2, 0, 0, 0
58897, 0, 3, 3, 0, 0, 0
58902, 0, 2, 1, 1, 0, 0
11702, 0, 1, 1, 0, 0, 0
11703, 0, 1, 1, 0, 0, 0
54458, 2, 5, 5, 0, 2, 0
58911, 3, 2, 2, 0, 3, 0
55026, 4, 1, 1, 0, 4, 0
55027, 0, 1, 0, 1, 0, 0
58912, 0, 2, 1, 1, 0, 0
58913, 0, 7, 7, 0, 0, 0
45062, 0, 1, 1, 0, 0, 0
45063, 3, 2, 2, 0, 3, 0
58914, 0, 1, 1, 0, 0, 0
34975, 0, 1, 1, 0, 0, 0
58193, 0, 4, 4, 0, 0, 0
35853, 0, 2, 2, 0, 0, 0
58915, 0, 1, 1, 0, 0, 0
21495, 0, 5, 5, 0, 0, 0
37418, 0, 1, 1, 0, 0, 0
58916, 1, 1, 1, 0, 1, 0
21693, 4, 2, 2, 0, 4, 0
21695, 1, 1, 1, 0, 0, 1
21697, 0, 2, 1, 1, 0, 0
21700, 0, 1, 1, 0, 0, 0
21701, 2, 3, 3, 0, 2, 0
21705, 0, 1, 1, 0, 0, 0
21706, 1, 1, 1, 0, 1, 0
21707, 0, 3, 1, 2, 0, 0
21708, 0, 1, 1, 0, 0, 0
21709, 0, 1, 1, 0, 0, 0
21710, 0, 2, 2, 0, 0, 0
21711, 0, 1, 0, 1, 0, 0
23202, 2, 3, 3, 0, 2, 0
54096, 4, 8, 5, 3, 2, 2
58444, 0, 1, 1, 0, 0, 0
58445, 0, 2, 2, 0, 0, 0
19493, 0, 3, 3, 0, 0, 0
27925, 6, 6, 5, 1, 6, 0
33132, 4, 4, 4, 0, 4, 0
41573, 0, 5, 5, 0, 0, 0
41714, 0, 6, 4, 2, 0, 0
43903, 9, 2, 2, 0, 9, 0
43925, 5, 3, 3, 0, 5, 0
49478, 9, 2, 2, 0, 2, 7
49480, 1, 1, 1, 0, 1, 0
49481, 0, 1, 1, 0, 0, 0
49483, 0, 2, 2, 0, 0, 0
49485, 0, 1, 1, 0, 0, 0
49486, 0, 1, 1, 0, 0, 0
49487, 0, 1, 1, 0, 0, 0
49488, 0, 2, 2, 0, 0, 0
49489, 0, 1, 1, 0, 0, 0
49490, 1, 3, 1, 2, 1, 0
49491, 0, 1, 1, 0, 0, 0
49493, 0, 2, 1, 1, 0, 0
49494, 0, 3, 3, 0, 0, 0
49495, 3, 3, 3, 0, 3, 0
49496, 0, 1, 1, 0, 0, 0
49498, 1, 2, 2, 0, 1, 0
49499, 0, 1, 1, 0, 0, 0
49500, 0, 1, 1, 0, 0, 0
49501, 0, 1, 1, 0, 0, 0
49503, 0, 1, 1, 0, 0, 0
49504, 2, 1, 1, 0, 1, 1
49505, 0, 1, 1, 0, 0, 0
49506, 0, 1, 0, 1, 0, 0
49507, 0, 2, 1, 1, 0, 0
33795, 0, 5, 5, 0, 0, 0
58917, 0, 2, 2, 0, 0, 0
21292, 0, 4, 4, 0, 0, 0
25734, 48, 8, 8, 0, 45, 3
27485, 0, 6, 5, 1, 0, 0
29210, 1, 10, 9, 1, 1, 0
30420, 1, 1, 1, 0, 0, 1
30421, 0, 3, 3, 0, 0, 0
30422, 4, 4, 3, 1, 4, 0
30423, 0, 1, 1, 0, 0, 0
30425, 0, 4, 3, 1, 0, 0
30426, 1, 1, 1, 0, 1, 0
30427, 0, 3, 3, 0, 0, 0
30428, 0, 1, 1, 0, 0, 0
30430, 0, 1, 1, 0, 0, 0
30436, 0, 4, 4, 0, 0, 0
30437, 0, 1, 1, 0, 0, 0
30438, 4, 3, 3, 0, 4, 0
30439, 0, 2, 0, 2, 0, 0
30440, 0, 2, 1, 1, 0, 0
30441, 0, 5, 1, 4, 0, 0
19284, 2, 4, 4, 0, 2, 0
36401, 0, 4, 4, 0, 0, 0
44631, 0, 1, 1, 0, 0, 0
44632, 0, 2, 2, 0, 0, 0
44634, 0, 1, 1, 0, 0, 0
44635, 0, 4, 2, 2, 0, 0
44636, 0, 2, 1, 1, 0, 0
44637, 0, 1, 0, 1, 0, 0
44639, 0, 5, 2, 3, 0, 0
44640, 0, 1, 0, 1, 0, 0
44641, 0, 1, 0, 1, 0, 0
44642, 0, 1, 0, 1, 0, 0
15531, 13, 5, 5, 0, 13, 0
29316, 5, 3, 3, 0, 1, 4
31175, 10, 7, 5, 2, 5, 5
38420, 0, 3, 3, 0, 0, 0
42074, 0, 3, 2, 1, 0, 0
43914, 0, 4, 2, 2, 0, 0
50878, 0, 1, 1, 0, 0, 0
50879, 0, 1, 1, 0, 0, 0
50880, 0, 1, 1, 0, 0, 0
50881, 0, 2, 2, 0, 0, 0
50882, 0, 1, 0, 1, 0, 0
50884, 0, 1, 0, 1, 0, 0
50885, 3, 4, 3, 1, 3, 0
23586, 0, 2, 1, 1, 0, 0
36538, 4, 3, 2, 1, 4, 0
54103, 0, 2, 0, 2, 0, 0
54105, 0, 3, 0, 3, 0, 0
54814, 0, 4, 2, 2, 0, 0
58918, 1, 1, 1, 0, 1, 0
58919, 0, 2, 2, 0, 0, 0
58920, 0, 1, 1, 0, 0, 0
58921, 1, 1, 1, 0, 1, 0
58922, 5, 2, 2, 0, 5, 0
58923, 0, 1, 0, 1, 0, 0
58924, 0, 1, 0, 1, 0, 0
58925, 1, 3, 1, 2, 1, 0
58926, 0, 1, 0, 1, 0, 0
58927, 0, 1, 0, 1, 0, 0
58928, 2, 3, 2, 1, 1, 1
58929, 0, 2, 0, 2, 0, 0
46002, 0, 1, 0, 1, 0, 0
18879, 0, 8, 6, 2, 0, 0
58930, 0, 1, 0, 1, 0, 0
58931, 0, 1, 0, 1, 0, 0
58932, 0, 1, 0, 1, 0, 0
11743, 1, 0, 0, 0, 1, 0
11744, 12, 0, 0, 0, 12, 0
55900, 0, 1, 1, 0, 0, 0
46320, 27, 2, 2, 0, 27, 0
46321, 0, 1, 1, 0, 0, 0
11751, 0, 4, 4, 0, 0, 0
11753, 7, 5, 5, 0, 6, 1
11754, 6, 5, 5, 0, 6, 0
11755, 8, 1, 1, 0, 7, 1
11757, 7, 5, 5, 0, 7, 0
11758, 7, 5, 5, 0, 6, 1
13762, 0, 5, 4, 1, 0, 0
34197, 0, 2, 2, 0, 0, 0
48082, 1, 5, 5, 0, 0, 1
55199, 0, 1, 1, 0, 0, 0
55200, 0, 1, 1, 0, 0, 0
55201, 0, 1, 1, 0, 0, 0
55202, 0, 1, 1, 0, 0, 0
55203, 0, 1, 0, 1, 0, 0
55204, 0, 1, 0, 1, 0, 0
35898, 0, 4, 3, 1, 0, 0
58933, 0, 4, 4, 0, 0, 0
58934, 0, 1, 1, 0, 0, 0
58935, 0, 2, 2, 0, 0, 0
58936, 0, 1, 1, 0, 0, 0
58937, 0, 1, 1, 0, 0, 0
17360, 2, 3, 3, 0, 2, 0
23367, 3, 4, 4, 0, 3, 0
33622, 0, 2, 2, 0, 0, 0
44800, 1, 2, 1, 1, 1, 0
56848, 0, 4, 3, 1, 0, 0
58698, 0, 1, 1, 0, 0, 0
58699, 4, 4, 4, 0, 4, 0
58700, 20, 3, 3, 0, 19, 1
58701, 0, 1, 1, 0, 0, 0
58702, 0, 1, 1, 0, 0, 0
58703, 0, 1, 1, 0, 0, 0
58704, 3, 1, 1, 0, 2, 1
58705, 1, 1, 1, 0, 1, 0
58706, 0, 2, 2, 0, 0, 0
58707, 0, 1, 1, 0, 0, 0
58708, 0, 1, 1, 0, 0, 0
58709, 0, 2, 2, 0, 0, 0
58710, 0, 1, 1, 0, 0, 0
58711, 3, 3, 2, 1, 0, 3
58712, 0, 1, 1, 0, 0, 0
58713, 0, 1, 1, 0, 0, 0
58714, 0, 1, 1, 0, 0, 0
58715, 0, 2, 2, 0, 0, 0
58716, 1, 1, 1, 0, 1, 0
58717, 0, 1, 1, 0, 0, 0
58718, 0, 1, 1, 0, 0, 0
58719, 3, 2, 2, 0, 3, 0
58720, 3, 1, 1, 0, 3, 0
11762, 0, 1, 1, 0, 0, 0
11765, 38, 2, 2, 0, 36, 2
11766, 0, 1, 1, 0, 0, 0
58943, 2, 1, 1, 0, 2, 0
30849, 1, 1, 1, 0, 0, 1
30850, 0, 1, 1, 0, 0, 0
30853, 0, 1, 1, 0, 0, 0
30854, 0, 1, 1, 0, 0, 0
11767, 17, 0, 0, 0, 17, 0
219, 0, 2, 2, 0, 0, 0
11768, 7, 1, 1, 0, 7, 0
11771, 1, 1, 1, 0, 1, 0
11772, 5, 0, 0, 0, 5, 0
11773, 2, 1, 1, 0, 2, 0
11774, 0, 1, 1, 0, 0, 0
34453, 14, 4, 4, 0, 14, 0
58950, 1, 1, 1, 0, 1, 0
16661, 0, 11, 11, 0, 0, 0
52670, 0, 2, 2, 0, 0, 0
54439, 0, 1, 1, 0, 0, 0
54440, 0, 3, 3, 0, 0, 0
54441, 0, 1, 1, 0, 0, 0
54442, 0, 1, 1, 0, 0, 0
11780, 8, 3, 2, 1, 8, 0
11782, 0, 2, 2, 0, 0, 0
11784, 0, 3, 3, 0, 0, 0
25973, 0, 2, 2, 0, 0, 0
11785, 17, 0, 0, 0, 16, 1
11789, 0, 2, 2, 0, 0, 0
58952, 0, 2, 2, 0, 0, 0
54828, 40, 4, 2, 2, 34, 6
58953, 0, 1, 0, 1, 0, 0
41169, 2, 2, 2, 0, 2, 0
58954, 0, 1, 0, 1, 0, 0
58955, 1, 2, 0, 2, 1, 0
58956, 0, 1, 0, 1, 0, 0
58957, 0, 1, 0, 1, 0, 0
58958, 0, 1, 0, 1, 0, 0
58959, 0, 1, 0, 1, 0, 0
14522, 0, 1, 1, 0, 0, 0
14523, 0, 1, 1, 0, 0, 0
14524, 0, 2, 2, 0, 0, 0
14525, 1, 1, 1, 0, 1, 0
41820, 0, 3, 3, 0, 0, 0
58972, 0, 1, 0, 1, 0, 0
58973, 2, 1, 1, 0, 2, 0
20863, 0, 2, 0, 2, 0, 0
58695, 12, 3, 3, 0, 12, 0
58974, 0, 1, 1, 0, 0, 0
58975, 0, 1, 1, 0, 0, 0
58976, 16, 1, 1, 0, 8, 8
30353, 8, 8, 2, 6, 8, 0
12408, 20, 2, 0, 2, 8, 12
15719, 10, 3, 2, 1, 10, 0
45946, 0, 1, 1, 0, 0, 0
45947, 4, 1, 1, 0, 4, 0
45948, 0, 1, 0, 1, 0, 0
58977, 0, 1, 1, 0, 0, 0
58978, 0, 1, 1, 0, 0, 0
58979, 0, 1, 1, 0, 0, 0
58980, 0, 1, 1, 0, 0, 0
58981, 0, 1, 1, 0, 0, 0
29825, 0, 7, 7, 0, 0, 0
58984, 11, 1, 1, 0, 6, 5
27913, 3, 3, 2, 1, 2, 1
58985, 3, 1, 0, 1, 2, 1
16365, 4, 2, 1, 1, 3, 1
18958, 0, 3, 3, 0, 0, 0
33208, 0, 2, 1, 1, 0, 0
35559, 2, 5, 3, 2, 2, 0
35761, 0, 5, 5, 0, 0, 0
36367, 0, 2, 1, 1, 0, 0
37837, 0, 3, 0, 3, 0, 0
37881, 0, 2, 1, 1, 0, 0
42504, 1, 4, 2, 2, 1, 0
50318, 1, 3, 2, 1, 1, 0
58986, 0, 7, 4, 3, 0, 0
58987, 0, 2, 2, 0, 0, 0
58988, 1, 1, 0, 1, 1, 0
58989, 0, 1, 0, 1, 0, 0
58990, 0, 1, 0, 1, 0, 0
58991, 0, 1, 0, 1, 0, 0
58992, 1, 1, 0, 1, 1, 0
58993, 0, 1, 0, 1, 0, 0
58994, 0, 2, 1, 1, 0, 0
58995, 0, 1, 0, 1, 0, 0
58996, 2, 1, 0, 1, 2, 0
58997, 0, 2, 0, 2, 0, 0
58998, 0, 2, 1, 1, 0, 0
58999, 0, 2, 0, 2, 0, 0
59000, 0, 3, 2, 1, 0, 0
55120, 18, 3, 2, 1, 16, 2
59001, 0, 1, 1, 0, 0, 0
59002, 0, 1, 1, 0, 0, 0
58132, 0, 2, 2, 0, 0, 0
58133, 0, 1, 1, 0, 0, 0
58134, 0, 1, 1, 0, 0, 0
58135, 0, 1, 1, 0, 0, 0
58136, 0, 3, 0, 3, 0, 0
21312, 0, 2, 1, 1, 0, 0
34737, 0, 3, 1, 2, 0, 0
38867, 8, 2, 2, 0, 8, 0
59003, 0, 1, 1, 0, 0, 0
59004, 0, 3, 3, 0, 0, 0
31282, 12, 6, 4, 2, 5, 7
35780, 0, 2, 1, 1, 0, 0
54813, 0, 1, 1, 0, 0, 0
54816, 0, 1, 0, 1, 0, 0
54817, 0, 1, 0, 1, 0, 0
54818, 0, 1, 0, 1, 0, 0
54819, 0, 1, 0, 1, 0, 0
54821, 0, 2, 0, 2, 0, 0
54822, 0, 1, 0, 1, 0, 0
54824, 2, 3, 2, 1, 2, 0
54825, 0, 1, 0, 1, 0, 0
54826, 0, 1, 0, 1, 0, 0
54827, 0, 3, 1, 2, 0, 0
11825, 1, 0, 0, 0, 1, 0
11828, 0, 2, 2, 0, 0, 0
11830, 2, 1, 1, 0, 2, 0
11831, 0, 3, 3, 0, 0, 0
11832, 2, 1, 1, 0, 2, 0
11835, 2, 1, 1, 0, 2, 0
11837, 0, 2, 1, 1, 0, 0
11838, 0, 1, 0, 1, 0, 0
49382, 2, 1, 1, 0, 2, 0
49383, 0, 1, 0, 1, 0, 0
49384, 0, 2, 0, 2, 0, 0
49385, 0, 1, 0, 1, 0, 0
55131, 5, 1, 1, 0, 5, 0
59005, 0, 1, 1, 0, 0, 0
11839, 1, 2, 2, 0, 1, 0
11840, 1, 0, 0, 0, 1, 0
11845, 0, 3, 2, 1, 0, 0
11847, 0, 2, 2, 0, 0, 0
59010, 0, 1, 0, 1, 0, 0
59011, 13, 1, 1, 0, 13, 0
59012, 30, 1, 1, 0, 30, 0
44246, 0, 5, 4, 1, 0, 0
11855, 3, 0, 0, 0, 2, 1
11857, 11, 1, 1, 0, 11, 0
11858, 2, 3, 2, 1, 2, 0
59015, 0, 1, 1, 0, 0, 0
59016, 4, 1, 1, 0, 4, 0
59017, 2, 1, 1, 0, 2, 0
11864, 1, 1, 1, 0, 1, 0
11866, 1, 1, 1, 0, 1, 0
11867, 5, 0, 0, 0, 5, 0
11869, 1, 2, 2, 0, 1, 0
11871, 0, 1, 1, 0, 0, 0
11872, 2, 2, 2, 0, 1, 1
11873, 4, 2, 2, 0, 4, 0
11874, 0, 2, 2, 0, 0, 0
11879, 0, 3, 1, 2, 0, 0
11880, 0, 1, 0, 1, 0, 0
14449, 0, 3, 1, 2, 0, 0
14456, 0, 1, 0, 1, 0, 0
59020, 0, 1, 1, 0, 0, 0
20249, 0, 4, 2, 2, 0, 0
52064, 0, 2, 2, 0, 0, 0
54467, 0, 1, 1, 0, 0, 0
54468, 6, 1, 1, 0, 5, 1
54469, 0, 1, 1, 0, 0, 0
54470, 0, 1, 1, 0, 0, 0
54471, 0, 1, 1, 0, 0, 0
59024, 0, 3, 3, 0, 0, 0
59025, 0, 1, 1, 0, 0, 0
59026, 0, 2, 1, 1, 0, 0
59027, 0, 2, 0, 2, 0, 0
11883, 0, 2, 2, 0, 0, 0
11884, 0, 1, 1, 0, 0, 0
11889, 0, 1, 0, 1, 0, 0
11896, 23, 4, 3, 1, 23, 0
59028, 5, 3, 3, 0, 5, 0
59029, 0, 1, 1, 0, 0, 0
59030, 1, 1, 1, 0, 1, 0
59031, 0, 1, 1, 0, 0, 0
59032, 0, 1, 1, 0, 0, 0
59033, 0, 1, 1, 0, 0, 0
59034, 0, 1, 1, 0, 0, 0
59035, 0, 1, 0, 1, 0, 0
59036, 3, 3, 2, 1, 3, 0
59037, 1, 1, 0, 1, 1, 0
59038, 0, 4, 4, 0, 0, 0
59039, 1, 1, 1, 0, 1, 0
55518, 16, 2, 1, 1, 15, 1
11904, 13, 1, 1, 0, 12, 1
59040, 1, 2, 2, 0, 1, 0
59041, 0, 2, 2, 0, 0, 0
59042, 2, 1, 1, 0, 2, 0
39186, 0, 3, 3, 0, 0, 0
35886, 0, 8, 8, 0, 0, 0
59043, 0, 1, 1, 0, 0, 0
59044, 1, 1, 1, 0, 1, 0
44967, 0, 2, 0, 2, 0, 0
59045, 17, 1, 1, 0, 17, 0
59046, 0, 1, 1, 0, 0, 0
59047, 6, 2, 2, 0, 6, 0
20980, 2, 6, 6, 0, 2, 0
45839, 0, 2, 2, 0, 0, 0
46216, 0, 1, 1, 0, 0, 0
46218, 0, 1, 1, 0, 0, 0
46219, 0, 1, 1, 0, 0, 0
46220, 0, 1, 1, 0, 0, 0
46221, 0, 1, 1, 0, 0, 0
46222, 0, 1, 0, 1, 0, 0
59048, 0, 1, 1, 0, 0, 0
59049, 0, 1, 1, 0, 0, 0
59050, 2, 1, 1, 0, 1, 1
26730, 0, 2, 1, 1, 0, 0
32719, 0, 3, 2, 1, 0, 0
59051, 0, 1, 1, 0, 0, 0
59052, 1, 1, 1, 0, 1, 0
59053, 0, 1, 1, 0, 0, 0
27581, 21, 1, 1, 0, 20, 1
29403, 8, 4, 2, 2, 6, 2
33055, 0, 2, 2, 0, 0, 0
33061, 0, 3, 3, 0, 0, 0
11945, 3, 0, 0, 0, 2, 1
11947, 0, 5, 0, 5, 0, 0
59054, 1, 1, 1, 0, 1, 0
38596, 1, 2, 2, 0, 1, 0
58017, 1, 2, 1, 1, 1, 0
59055, 0, 1, 1, 0, 0, 0
59056, 0, 1, 1, 0, 0, 0
59057, 1, 1, 1, 0, 0, 1
12807, 0, 2, 2, 0, 0, 0
59058, 0, 1, 1, 0, 0, 0
59059, 0, 1, 1, 0, 0, 0
59060, 0, 1, 0, 1, 0, 0
59061, 1, 1, 1, 0, 1, 0
12588, 0, 3, 3, 0, 0, 0
59062, 0, 2, 2, 0, 0, 0
59063, 2, 1, 1, 0, 2, 0
16533, 4, 1, 0, 1, 4, 0
59064, 3, 2, 2, 0, 1, 2
59065, 1, 1, 0, 1, 0, 1
11976, 1, 5, 4, 1, 1, 0
11977, 1, 1, 1, 0, 1, 0
11978, 2, 1, 1, 0, 2, 0
11980, 0, 1, 1, 0, 0, 0
11983, 0, 2, 2, 0, 0, 0
11987, 0, 1, 0, 1, 0, 0
59068, 0, 1, 1, 0, 0, 0
59069, 0, 1, 1, 0, 0, 0
59070, 0, 1, 0, 1, 0, 0
55170, 0, 1, 1, 0, 0, 0
34351, 9, 1, 1, 0, 6, 3
57933, 2, 5, 1, 4, 2, 0
57934, 0, 5, 2, 3, 0, 0
57935, 0, 4, 0, 4, 0, 0
57936, 0, 4, 0, 4, 0, 0
57937, 0, 4, 0, 4, 0, 0
59078, 0, 1, 0, 1, 0, 0
59079, 0, 1, 0, 1, 0, 0
11991, 10, 2, 2, 0, 6, 4
11992, 2, 0, 0, 0, 2, 0
11993, 11, 1, 0, 1, 4, 7
11995, 64, 4, 2, 2, 25, 39
11999, 9, 2, 2, 0, 9, 0
12000, 1, 4, 4, 0, 1, 0
12004, 2, 1, 0, 1, 0, 2
12005, 0, 1, 0, 1, 0, 0
12008, 39, 2, 1, 1, 38, 1
12014, 0, 1, 0, 1, 0, 0
12015, 0, 1, 0, 1, 0, 0
12016, 0, 6, 4, 2, 0, 0
37364, 0, 3, 3, 0, 0, 0
34881, 2, 1, 1, 0, 2, 0
56799, 6, 2, 2, 0, 6, 0
19938, 0, 2, 2, 0, 0, 0
19939, 0, 3, 3, 0, 0, 0
59080, 0, 1, 1, 0, 0, 0
35347, 3, 5, 3, 2, 1, 2
59084, 0, 1, 1, 0, 0, 0
13335, 1, 1, 1, 0, 1, 0
59081, 1, 2, 2, 0, 0, 1
59082, 0, 1, 1, 0, 0, 0
59083, 0, 1, 0, 1, 0, 0
17835, 0, 2, 1, 1, 0, 0
32859, 1, 4, 4, 0, 1, 0
44325, 3, 1, 0, 1, 3, 0
59085, 0, 1, 0, 1, 0, 0
59086, 0, 1, 0, 1, 0, 0
59087, 0, 1, 0, 1, 0, 0
59088, 0, 1, 0, 1, 0, 0
59089, 0, 1, 0, 1, 0, 0
59090, 0, 1, 0, 1, 0, 0
59091, 0, 3, 3, 0, 0, 0
59092, 3, 3, 3, 0, 3, 0
39247, 0, 2, 2, 0, 0, 0
29312, 44, 2, 1, 1, 26, 18
59094, 4, 2, 2, 0, 4, 0
59095, 4, 1, 0, 1, 0, 4
14647, 0, 4, 4, 0, 0, 0
34154, 0, 1, 1, 0, 0, 0
34159, 13, 1, 1, 0, 13, 0
34160, 0, 2, 0, 2, 0, 0
34161, 0, 2, 0, 2, 0, 0
34162, 0, 1, 0, 1, 0, 0
34163, 0, 1, 0, 1, 0, 0
34164, 0, 2, 0, 2, 0, 0
34165, 0, 1, 0, 1, 0, 0
59096, 0, 1, 1, 0, 0, 0
12036, 5, 3, 3, 0, 5, 0
12038, 1, 0, 0, 0, 1, 0
12039, 34, 2, 2, 0, 29, 5
12040, 0, 1, 1, 0, 0, 0
12042, 5, 4, 4, 0, 5, 0
12043, 11, 2, 2, 0, 8, 3
12044, 0, 1, 1, 0, 0, 0
59098, 0, 1, 1, 0, 0, 0
22853, 26, 3, 2, 1, 22, 4
12048, 1, 0, 0, 0, 1, 0
12049, 6, 0, 0, 0, 6, 0
12050, 3, 0, 0, 0, 3, 0
12054, 0, 1, 1, 0, 0, 0
12056, 0, 1, 1, 0, 0, 0
12059, 6, 0, 0, 0, 1, 5
59189, 0, 2, 2, 0, 0, 0
59190, 0, 1, 1, 0, 0, 0
44881, 2, 1, 1, 0, 2, 0
44882, 1, 1, 1, 0, 0, 1
44883, 0, 1, 1, 0, 0, 0
44884, 1, 2, 0, 2, 0, 1
32925, 0, 1, 1, 0, 0, 0
32927, 0, 1, 1, 0, 0, 0
59191, 5, 1, 1, 0, 5, 0
34450, 0, 3, 3, 0, 0, 0
59192, 1, 1, 1, 0, 1, 0
59193, 0, 1, 1, 0, 0, 0
59194, 0, 1, 0, 1, 0, 0
59195, 1, 2, 2, 0, 1, 0
55797, 1, 3, 3, 0, 1, 0
59196, 0, 2, 2, 0, 0, 0
59197, 0, 1, 1, 0, 0, 0
55657, 0, 2, 2, 0, 0, 0
55658, 0, 1, 1, 0, 0, 0
59198, 0, 1, 1, 0, 0, 0
59199, 0, 3, 1, 2, 0, 0
49587, 2, 1, 1, 0, 2, 0
49588, 0, 3, 3, 0, 0, 0
49589, 2, 1, 1, 0, 2, 0
49590, 1, 1, 1, 0, 1, 0
59200, 0, 1, 0, 1, 0, 0
55632, 0, 4, 4, 0, 0, 0
59183, 0, 1, 1, 0, 0, 0
59184, 0, 2, 0, 2, 0, 0
45833, 2, 2, 2, 0, 2, 0
59201, 4, 4, 4, 0, 4, 0
13319, 7, 4, 2, 2, 6, 1
21085, 19, 3, 2, 1, 9, 10
59202, 3, 1, 1, 0, 3, 0
59203, 0, 1, 1, 0, 0, 0
59204, 1, 1, 1, 0, 1, 0
59205, 0, 1, 0, 1, 0, 0
59206, 0, 1, 1, 0, 0, 0
57328, 0, 2, 2, 0, 0, 0
59207, 1, 1, 1, 0, 0, 1
59208, 0, 1, 1, 0, 0, 0
59209, 0, 1, 1, 0, 0, 0
59210, 0, 1, 1, 0, 0, 0
59211, 0, 1, 1, 0, 0, 0
59212, 0, 1, 1, 0, 0, 0
59213, 3, 4, 4, 0, 3, 0
59214, 0, 1, 1, 0, 0, 0
59215, 0, 1, 0, 1, 0, 0
59216, 0, 1, 0, 1, 0, 0
24648, 31, 2, 1, 1, 23, 8
30490, 2, 5, 3, 2, 2, 0
59162, 0, 1, 1, 0, 0, 0
59163, 2, 1, 1, 0, 2, 0
59164, 0, 1, 0, 1, 0, 0
30340, 0, 1, 0, 1, 0, 0
30491, 27, 2, 2, 0, 10, 17
52084, 0, 2, 2, 0, 0, 0
59217, 14, 2, 2, 0, 14, 0
59218, 0, 2, 2, 0, 0, 0
59219, 3, 1, 1, 0, 3, 0
27868, 2, 3, 1, 2, 2, 0
35535, 0, 2, 1, 1, 0, 0
59106, 0, 2, 2, 0, 0, 0
59107, 1, 1, 1, 0, 1, 0
59220, 0, 1, 0, 1, 0, 0
23679, 0, 2, 1, 1, 0, 0
30018, 28, 2, 1, 1, 28, 0
32873, 134, 4, 3, 1, 44, 90
54723, 0, 5, 4, 1, 0, 0
54724, 0, 2, 2, 0, 0, 0
54725, 18, 4, 4, 0, 18, 0
54727, 8, 2, 2, 0, 8, 0
19872, 0, 4, 1, 3, 0, 0
44754, 0, 3, 0, 3, 0, 0
54736, 1, 2, 0, 2, 1, 0
58271, 2, 4, 2, 2, 1, 1
59221, 0, 1, 1, 0, 0, 0
59222, 1, 1, 1, 0, 1, 0
59223, 0, 1, 0, 1, 0, 0
59224, 2, 2, 1, 1, 1, 1
59225, 1, 2, 1, 1, 1, 0
59226, 0, 1, 0, 1, 0, 0
59227, 0, 1, 0, 1, 0, 0
59228, 0, 1, 0, 1, 0, 0
59229, 0, 2, 0, 2, 0, 0
18084, 1, 1, 1, 0, 1, 0
18085, 0, 1, 1, 0, 0, 0
59230, 0, 1, 1, 0, 0, 0
59231, 0, 1, 1, 0, 0, 0
59232, 0, 1, 0, 1, 0, 0
59233, 0, 1, 1, 0, 0, 0
59234, 0, 1, 1, 0, 0, 0
59235, 0, 3, 3, 0, 0, 0
59236, 1, 1, 0, 1, 0, 1
59237, 0, 1, 0, 1, 0, 0
59238, 1, 1, 0, 1, 0, 1
59239, 1, 1, 0, 1, 0, 1
59240, 1, 1, 0, 1, 1, 0
59241, 0, 1, 0, 1, 0, 0
59242, 1, 2, 0, 2, 0, 1
59243, 4, 2, 0, 2, 1, 3
59244, 0, 3, 0, 3, 0, 0
21983, 0, 1, 1, 0, 0, 0
21986, 9, 1, 1, 0, 0, 9
21987, 0, 1, 1, 0, 0, 0
21989, 0, 1, 0, 1, 0, 0
21991, 0, 2, 0, 2, 0, 0
21992, 2, 2, 1, 1, 2, 0
21993, 0, 1, 0, 1, 0, 0
46377, 2, 6, 4, 2, 2, 0
55229, 8, 2, 0, 2, 8, 0
59245, 0, 3, 3, 0, 0, 0
59246, 9, 3, 2, 1, 2, 7
59247, 0, 1, 0, 1, 0, 0
59248, 0, 2, 0, 2, 0, 0
59249, 0, 1, 1, 0, 0, 0
59250, 0, 2, 2, 0, 0, 0
54491, 0, 1, 1, 0, 0, 0
20867, 0, 2, 2, 0, 0, 0
21114, 0, 7, 7, 0, 0, 0
59251, 0, 1, 1, 0, 0, 0
59252, 0, 1, 0, 1, 0, 0
59253, 0, 1, 1, 0, 0, 0
57371, 3, 3, 3, 0, 2, 1
57372, 0, 1, 0, 1, 0, 0
59254, 1, 1, 1, 0, 1, 0
59255, 0, 1, 1, 0, 0, 0
59256, 0, 1, 1, 0, 0, 0
35539, 4, 2, 0, 2, 0, 4
43819, 0, 3, 0, 3, 0, 0
54592, 0, 2, 1, 1, 0, 0
54593, 0, 1, 0, 1, 0, 0
54595, 0, 2, 0, 2, 0, 0
24236, 0, 9, 7, 2, 0, 0
24237, 0, 2, 2, 0, 0, 0
24239, 0, 1, 1, 0, 0, 0
24241, 6, 1, 0, 1, 0, 6
59257, 3, 1, 1, 0, 3, 0
59258, 0, 1, 1, 0, 0, 0
28021, 0, 5, 3, 2, 0, 0
30638, 10, 9, 8, 1, 9, 1
44385, 0, 1, 1, 0, 0, 0
44387, 0, 2, 0, 2, 0, 0
59259, 2, 1, 1, 0, 2, 0
12243, 1, 0, 0, 0, 1, 0
12247, 0, 1, 1, 0, 0, 0
12252, 0, 5, 5, 0, 0, 0
12255, 0, 2, 0, 2, 0, 0
25500, 22, 9, 8, 1, 12, 10
48785, 0, 2, 2, 0, 0, 0
48786, 1, 1, 1, 0, 0, 1
48787, 0, 1, 1, 0, 0, 0
22791, 4, 3, 1, 2, 3, 1
12268, 0, 1, 1, 0, 0, 0
12273, 1, 0, 0, 0, 1, 0
12277, 17, 3, 3, 0, 11, 6
59261, 0, 1, 1, 0, 0, 0
59262, 0, 1, 1, 0, 0, 0
59263, 0, 1, 1, 0, 0, 0
59264, 0, 3, 3, 0, 0, 0
59265, 0, 2, 2, 0, 0, 0
59266, 0, 1, 1, 0, 0, 0
59267, 0, 1, 0, 1, 0, 0
59268, 0, 2, 1, 1, 0, 0
59269, 0, 1, 0, 1, 0, 0
59270, 0, 1, 0, 1, 0, 0
59271, 0, 1, 0, 1, 0, 0
59272, 0, 2, 1, 1, 0, 0
12281, 0, 1, 1, 0, 0, 0
12285, 5, 1, 1, 0, 4, 1
12286, 0, 1, 1, 0, 0, 0
59275, 1, 1, 1, 0, 1, 0
59276, 0, 2, 2, 0, 0, 0
59277, 0, 1, 1, 0, 0, 0
26342, 0, 1, 1, 0, 0, 0
26343, 0, 1, 1, 0, 0, 0
47032, 1, 1, 1, 0, 1, 0
22764, 1, 5, 5, 0, 1, 0
29707, 1, 7, 5, 2, 0, 1
59278, 0, 1, 1, 0, 0, 0
59279, 1, 2, 2, 0, 1, 0
59280, 0, 1, 1, 0, 0, 0
59281, 0, 1, 1, 0, 0, 0
59282, 0, 3, 2, 1, 0, 0
59283, 0, 1, 1, 0, 0, 0
59284, 0, 1, 1, 0, 0, 0
59285, 0, 1, 0, 1, 0, 0
23979, 6, 5, 2, 3, 6, 0
46445, 0, 1, 1, 0, 0, 0
46448, 0, 2, 2, 0, 0, 0
50037, 0, 6, 6, 0, 0, 0
59286, 1, 1, 1, 0, 1, 0
40560, 0, 1, 1, 0, 0, 0
40561, 0, 1, 1, 0, 0, 0
40562, 3, 1, 1, 0, 3, 0
40563, 0, 1, 1, 0, 0, 0
40564, 0, 1, 1, 0, 0, 0
59287, 0, 1, 1, 0, 0, 0
59288, 2, 1, 1, 0, 2, 0
37921, 0, 1, 1, 0, 0, 0
21781, 8, 2, 2, 0, 6, 2
25188, 0, 5, 3, 2, 0, 0
44297, 0, 1, 1, 0, 0, 0
50024, 0, 3, 0, 3, 0, 0
54490, 0, 4, 3, 1, 0, 0
21598, 7, 4, 2, 2, 7, 0
55252, 0, 1, 1, 0, 0, 0
54035, 0, 1, 1, 0, 0, 0
54036, 0, 1, 1, 0, 0, 0
54037, 0, 3, 1, 2, 0, 0
54038, 0, 1, 1, 0, 0, 0
54039, 0, 1, 1, 0, 0, 0
54040, 0, 1, 1, 0, 0, 0
29803, 4, 2, 1, 1, 0, 4
59289, 0, 3, 3, 0, 0, 0
59290, 0, 1, 1, 0, 0, 0
59291, 0, 1, 1, 0, 0, 0
27845, 0, 1, 1, 0, 0, 0
27847, 0, 1, 1, 0, 0, 0
39616, 0, 1, 1, 0, 0, 0
39617, 0, 1, 1, 0, 0, 0
39618, 0, 1, 1, 0, 0, 0
39620, 0, 1, 0, 1, 0, 0
44968, 9, 2, 2, 0, 7, 2
44969, 0, 2, 2, 0, 0, 0
59292, 2, 1, 1, 0, 1, 1
12342, 2, 0, 0, 0, 1, 1
25592, 1, 1, 1, 0, 0, 1
25594, 5, 1, 1, 0, 5, 0
25596, 0, 1, 1, 0, 0, 0
25597, 2, 1, 1, 0, 0, 2
25599, 0, 2, 2, 0, 0, 0
25601, 2, 3, 0, 3, 1, 1
25604, 0, 1, 0, 1, 0, 0
25605, 2, 3, 2, 1, 2, 0
25606, 0, 2, 0, 2, 0, 0
25607, 0, 1, 0, 1, 0, 0
25611, 0, 1, 0, 1, 0, 0
25613, 0, 1, 0, 1, 0, 0
25614, 0, 1, 0, 1, 0, 0
25615, 0, 1, 0, 1, 0, 0
25621, 1, 3, 0, 3, 1, 0
25622, 1, 1, 0, 1, 0, 1
25623, 0, 1, 0, 1, 0, 0
12344, 1, 0, 0, 0, 1, 0
59310, 1, 1, 1, 0, 1, 0
34095, 0, 1, 1, 0, 0, 0
34096, 0, 2, 2, 0, 0, 0
34097, 0, 1, 1, 0, 0, 0
55444, 2, 1, 0, 1, 2, 0
59311, 0, 2, 2, 0, 0, 0
12354, 0, 1, 1, 0, 0, 0
12359, 0, 1, 1, 0, 0, 0
12360, 0, 1, 1, 0, 0, 0
12362, 0, 1, 1, 0, 0, 0
12363, 7, 5, 5, 0, 6, 1
12368, 0, 1, 1, 0, 0, 0
12373, 0, 2, 2, 0, 0, 0
12375, 5, 1, 1, 0, 5, 0
12377, 1, 1, 1, 0, 1, 0
59315, 4, 1, 1, 0, 4, 0
30116, 0, 6, 6, 0, 0, 0
59316, 0, 1, 1, 0, 0, 0
59317, 4, 1, 1, 0, 4, 0
15622, 1, 4, 4, 0, 1, 0
59318, 3, 1, 1, 0, 1, 2
59319, 1, 1, 1, 0, 1, 0
59320, 1, 2, 1, 1, 1, 0
59321, 2, 3, 2, 1, 2, 0
59322, 0, 2, 2, 0, 0, 0
59323, 3, 2, 2, 0, 3, 0
34707, 36, 4, 4, 0, 36, 0
12383, 77, 2, 2, 0, 66, 11
12387, 0, 1, 1, 0, 0, 0
12388, 4, 7, 6, 1, 4, 0
12389, 0, 1, 1, 0, 0, 0
12400, 0, 1, 1, 0, 0, 0
12401, 0, 1, 1, 0, 0, 0
12402, 0, 1, 1, 0, 0, 0
26442, 9, 11, 10, 1, 8, 1
44761, 8, 6, 2, 4, 7, 1
51725, 0, 2, 2, 0, 0, 0
51726, 0, 1, 1, 0, 0, 0
58804, 0, 1, 1, 0, 0, 0
58805, 0, 1, 1, 0, 0, 0
58806, 0, 2, 2, 0, 0, 0
59334, 3, 1, 1, 0, 3, 0
59335, 0, 1, 1, 0, 0, 0
49452, 5, 3, 2, 1, 5, 0
59336, 0, 3, 3, 0, 0, 0
27272, 1, 3, 2, 1, 1, 0
32562, 0, 4, 0, 4, 0, 0
33829, 0, 3, 0, 3, 0, 0
34126, 0, 1, 1, 0, 0, 0
34127, 0, 1, 1, 0, 0, 0
34128, 22, 2, 2, 0, 22, 0
34129, 0, 1, 1, 0, 0, 0
34131, 0, 1, 1, 0, 0, 0
34133, 0, 2, 2, 0, 0, 0
34134, 28, 1, 1, 0, 20, 8
34135, 0, 1, 1, 0, 0, 0
59337, 0, 1, 1, 0, 0, 0
59338, 0, 1, 1, 0, 0, 0
59339, 0, 1, 1, 0, 0, 0
59340, 0, 3, 3, 0, 0, 0
59341, 0, 1, 0, 1, 0, 0
59342, 0, 1, 0, 1, 0, 0
12409, 5, 1, 1, 0, 5, 0
12412, 2, 1, 1, 0, 2, 0
12413, 1, 1, 0, 1, 0, 1
12414, 2, 0, 0, 0, 2, 0
12415, 0, 2, 2, 0, 0, 0
16287, 2, 2, 2, 0, 2, 0
18052, 1, 4, 3, 1, 1, 0
18367, 0, 2, 2, 0, 0, 0
25721, 0, 4, 3, 1, 0, 0
29813, 0, 3, 3, 0, 0, 0
37247, 0, 2, 2, 0, 0, 0
41359, 1, 3, 3, 0, 1, 0
41921, 0, 1, 1, 0, 0, 0
41922, 0, 1, 1, 0, 0, 0
41923, 0, 1, 1, 0, 0, 0
41924, 0, 1, 1, 0, 0, 0
41925, 1, 2, 2, 0, 1, 0
41926, 0, 2, 2, 0, 0, 0
41927, 0, 1, 1, 0, 0, 0
41929, 5, 4, 4, 0, 5, 0
41930, 0, 1, 1, 0, 0, 0
41931, 0, 1, 1, 0, 0, 0
41933, 0, 1, 1, 0, 0, 0
41934, 0, 1, 1, 0, 0, 0
41936, 0, 2, 2, 0, 0, 0
41937, 0, 1, 1, 0, 0, 0
41938, 0, 1, 1, 0, 0, 0
41939, 0, 1, 1, 0, 0, 0
41940, 0, 1, 1, 0, 0, 0
41941, 0, 1, 1, 0, 0, 0
41942, 0, 1, 1, 0, 0, 0
41943, 0, 1, 1, 0, 0, 0
41945, 0, 1, 1, 0, 0, 0
41946, 3, 1, 1, 0, 3, 0
41947, 0, 1, 1, 0, 0, 0
41948, 2, 1, 1, 0, 2, 0
41949, 0, 1, 1, 0, 0, 0
41950, 2, 2, 1, 1, 2, 0
41952, 2, 1, 1, 0, 2, 0
41953, 0, 3, 3, 0, 0, 0
41956, 0, 1, 1, 0, 0, 0
41957, 2, 2, 2, 0, 2, 0
41959, 0, 2, 2, 0, 0, 0
41960, 0, 1, 1, 0, 0, 0
41961, 0, 2, 2, 0, 0, 0
41962, 2, 2, 1, 1, 2, 0
41963, 2, 1, 1, 0, 2, 0
41965, 0, 1, 1, 0, 0, 0
41966, 0, 1, 1, 0, 0, 0
41967, 0, 1, 1, 0, 0, 0
41970, 15, 1, 1, 0, 15, 0
41971, 0, 1, 1, 0, 0, 0
41972, 1, 1, 1, 0, 1, 0
12437, 5, 0, 0, 0, 5, 0
59441, 2, 1, 1, 0, 2, 0
30779, 1, 1, 1, 0, 1, 0
30780, 0, 1, 0, 1, 0, 0
18058, 2, 2, 1, 1, 2, 0
41018, 4, 5, 4, 1, 3, 1
41369, 4, 5, 5, 0, 3, 1
41371, 0, 1, 1, 0, 0, 0
41373, 0, 2, 1, 1, 0, 0
41377, 0, 1, 0, 1, 0, 0
41378, 1, 2, 0, 2, 1, 0
41379, 0, 3, 1, 2, 0, 0
41380, 0, 1, 0, 1, 0, 0
41381, 0, 1, 0, 1, 0, 0
41382, 0, 1, 0, 1, 0, 0
41384, 0, 1, 0, 1, 0, 0
41385, 0, 1, 0, 1, 0, 0
41387, 0, 1, 0, 1, 0, 0
44231, 9, 5, 4, 1, 4, 5
54460, 5, 3, 2, 1, 5, 0
40990, 1, 1, 1, 0, 1, 0
40991, 5, 1, 1, 0, 5, 0
40993, 1, 2, 2, 0, 1, 0
40994, 0, 1, 1, 0, 0, 0
40995, 0, 4, 3, 1, 0, 0
40997, 23, 3, 3, 0, 23, 0
40998, 0, 1, 1, 0, 0, 0
41000, 0, 1, 1, 0, 0, 0
41001, 0, 1, 1, 0, 0, 0
41002, 0, 1, 1, 0, 0, 0
41003, 0, 1, 1, 0, 0, 0
41004, 0, 2, 2, 0, 0, 0
41005, 0, 1, 1, 0, 0, 0
41006, 0, 2, 2, 0, 0, 0
41007, 5, 2, 2, 0, 5, 0
41008, 1, 3, 3, 0, 1, 0
41010, 0, 2, 2, 0, 0, 0
41011, 0, 2, 2, 0, 0, 0
41012, 0, 4, 4, 0, 0, 0
41013, 1, 1, 1, 0, 0, 1
41014, 4, 2, 1, 1, 4, 0
41015, 0, 3, 3, 0, 0, 0
41016, 8, 2, 2, 0, 8, 0
41017, 26, 1, 1, 0, 15, 11
41020, 0, 1, 1, 0, 0, 0
41021, 2, 2, 2, 0, 2, 0
41023, 3, 2, 2, 0, 3, 0
41024, 5, 2, 2, 0, 3, 2
41026, 3, 2, 2, 0, 3, 0
33526, 7, 10, 9, 1, 7, 0
55849, 1, 1, 1, 0, 1, 0
18821, 0, 3, 3, 0, 0, 0
44737, 0, 6, 6, 0, 0, 0
59462, 0, 1, 1, 0, 0, 0
59463, 3, 1, 1, 0, 2, 1
59464, 0, 1, 0, 1, 0, 0
29558, 2, 2, 2, 0, 2, 0
55749, 1, 3, 1, 2, 1, 0
59465, 1, 1, 1, 0, 1, 0
59466, 4, 1, 1, 0, 4, 0
59467, 0, 1, 1, 0, 0, 0
59468, 0, 1, 1, 0, 0, 0
59469, 12, 1, 1, 0, 12, 0
59470, 1, 6, 5, 1, 1, 0
59475, 3, 1, 1, 0, 3, 0
59476, 0, 1, 0, 1, 0, 0
59477, 1, 1, 1, 0, 1, 0
24786, 3, 4, 0, 4, 3, 0
54928, 0, 2, 2, 0, 0, 0
59478, 0, 3, 3, 0, 0, 0
59479, 2, 2, 2, 0, 2, 0
59480, 11, 2, 1, 1, 5, 6
59481, 0, 1, 0, 1, 0, 0
59482, 8, 1, 0, 1, 6, 2
59483, 52, 1, 0, 1, 27, 25
59471, 0, 3, 2, 1, 0, 0
59472, 0, 1, 1, 0, 0, 0
59473, 0, 1, 1, 0, 0, 0
59474, 0, 1, 1, 0, 0, 0
55354, 0, 3, 2, 1, 0, 0
59484, 0, 5, 0, 5, 0, 0
59485, 0, 1, 0, 1, 0, 0
24916, 0, 4, 3, 1, 0, 0
35104, 3, 5, 3, 2, 3, 0
35794, 0, 3, 3, 0, 0, 0
53442, 1, 4, 2, 2, 0, 1
55035, 0, 1, 0, 1, 0, 0
55036, 0, 1, 0, 1, 0, 0
55037, 0, 1, 0, 1, 0, 0
55038, 0, 2, 0, 2, 0, 0
55039, 1, 1, 0, 1, 1, 0
55040, 0, 2, 0, 2, 0, 0
55041, 0, 2, 0, 2, 0, 0
55042, 0, 1, 0, 1, 0, 0
55043, 0, 1, 0, 1, 0, 0
55044, 0, 1, 0, 1, 0, 0
55045, 0, 1, 0, 1, 0, 0
55046, 2, 1, 0, 1, 2, 0
12493, 12, 3, 3, 0, 11, 1
12494, 20, 1, 1, 0, 20, 0
18180, 0, 1, 1, 0, 0, 0
12501, 0, 5, 3, 2, 0, 0
16683, 6, 2, 1, 1, 6, 0
28477, 0, 4, 3, 1, 0, 0
29691, 1, 3, 1, 2, 1, 0
51006, 0, 5, 3, 2, 0, 0
57597, 0, 3, 2, 1, 0, 0
59488, 5, 2, 2, 0, 1, 4
59489, 1, 1, 0, 1, 0, 1
59490, 1, 1, 0, 1, 1, 0
59491, 0, 2, 0, 2, 0, 0
59492, 2, 1, 0, 1, 2, 0
59493, 0, 1, 0, 1, 0, 0
59494, 0, 1, 0, 1, 0, 0
59495, 4, 5, 4, 1, 3, 1
59496, 1, 1, 0, 1, 1, 0
59497, 0, 1, 0, 1, 0, 0
59498, 0, 1, 1, 0, 0, 0
12509, 6, 0, 0, 0, 6, 0
49455, 1, 2, 2, 0, 1, 0
59504, 1, 1, 1, 0, 1, 0
43781, 4, 1, 1, 0, 4, 0
59505, 0, 1, 1, 0, 0, 0
12514, 2, 1, 1, 0, 2, 0
12515, 18, 3, 2, 1, 18, 0
38667, 4, 2, 2, 0, 4, 0
59506, 6, 1, 1, 0, 4, 2
59507, 2, 4, 4, 0, 2, 0
12516, 7, 0, 0, 0, 7, 0
26285, 0, 3, 3, 0, 0, 0
59508, 1, 2, 1, 1, 1, 0
59509, 1, 2, 1, 1, 1, 0
59510, 0, 1, 1, 0, 0, 0
59511, 0, 1, 1, 0, 0, 0
59512, 0, 1, 1, 0, 0, 0
59513, 0, 1, 1, 0, 0, 0
59514, 0, 1, 1, 0, 0, 0
23813, 0, 1, 1, 0, 0, 0
54939, 0, 3, 3, 0, 0, 0
59515, 4, 3, 3, 0, 4, 0
50829, 0, 2, 1, 1, 0, 0
59516, 0, 1, 1, 0, 0, 0
59517, 1, 1, 1, 0, 1, 0
59518, 0, 1, 1, 0, 0, 0
56123, 0, 1, 0, 1, 0, 0
12559, 0, 2, 2, 0, 0, 0
12568, 1, 4, 4, 0, 1, 0
12569, 0, 1, 1, 0, 0, 0
12573, 1, 1, 1, 0, 1, 0
12574, 0, 2, 2, 0, 0, 0
12576, 0, 4, 3, 1, 0, 0
12578, 1, 3, 3, 0, 0, 1
12586, 1, 3, 1, 2, 1, 0
59519, 27, 1, 1, 0, 26, 1
59520, 0, 1, 1, 0, 0, 0
59521, 0, 1, 0, 1, 0, 0
59522, 0, 1, 0, 1, 0, 0
59523, 0, 2, 1, 1, 0, 0
59524, 0, 1, 0, 1, 0, 0
12813, 4, 5, 5, 0, 4, 0
12814, 0, 1, 1, 0, 0, 0
12815, 1, 1, 0, 1, 0, 1
59525, 0, 4, 4, 0, 0, 0
59526, 0, 1, 1, 0, 0, 0
59527, 0, 1, 1, 0, 0, 0
59528, 0, 1, 1, 0, 0, 0
59529, 0, 1, 1, 0, 0, 0
59530, 0, 1, 1, 0, 0, 0
59531, 3, 2, 2, 0, 3, 0
59532, 0, 2, 2, 0, 0, 0
59533, 1, 1, 1, 0, 1, 0
59534, 0, 2, 2, 0, 0, 0
26229, 0, 3, 3, 0, 0, 0
12596, 3, 0, 0, 0, 3, 0
12597, 1, 0, 0, 0, 1, 0
12598, 9, 1, 1, 0, 9, 0
12600, 3, 1, 1, 0, 3, 0
12601, 0, 3, 3, 0, 0, 0
12602, 6, 3, 3, 0, 5, 1
59535, 0, 1, 1, 0, 0, 0
59536, 1, 1, 1, 0, 1, 0
12608, 0, 2, 2, 0, 0, 0
12610, 0, 3, 3, 0, 0, 0
12611, 13, 4, 4, 0, 8, 5
12619, 0, 1, 1, 0, 0, 0
12620, 0, 1, 1, 0, 0, 0
12626, 1, 2, 2, 0, 1, 0
59537, 2, 1, 1, 0, 2, 0
13567, 2, 3, 3, 0, 2, 0
13569, 0, 3, 2, 1, 0, 0
13574, 1, 3, 3, 0, 1, 0
59538, 0, 1, 1, 0, 0, 0
59539, 1, 2, 2, 0, 1, 0
59540, 0, 1, 1, 0, 0, 0
13565, 1, 1, 1, 0, 1, 0
13566, 0, 1, 1, 0, 0, 0
13571, 0, 1, 1, 0, 0, 0
13575, 1, 1, 1, 0, 1, 0
12887, 5, 3, 1, 2, 5, 0
15208, 0, 2, 1, 1, 0, 0
30121, 0, 3, 2, 1, 0, 0
31119, 1, 2, 1, 1, 1, 0
33034, 3, 5, 4, 1, 3, 0
37320, 0, 3, 2, 1, 0, 0
43050, 0, 4, 2, 2, 0, 0
45884, 0, 1, 1, 0, 0, 0
45885, 3, 1, 1, 0, 3, 0
45886, 0, 1, 1, 0, 0, 0
45887, 0, 1, 1, 0, 0, 0
45889, 1, 3, 2, 1, 1, 0
45891, 0, 1, 1, 0, 0, 0
45892, 3, 2, 2, 0, 3, 0
45893, 2, 1, 1, 0, 1, 1
45894, 0, 1, 1, 0, 0, 0
45895, 0, 1, 0, 1, 0, 0
45896, 7, 1, 0, 1, 7, 0
45897, 0, 1, 0, 1, 0, 0
45898, 0, 1, 0, 1, 0, 0
45899, 2, 1, 0, 1, 2, 0
45900, 0, 1, 0, 1, 0, 0
45902, 0, 1, 0, 1, 0, 0
45904, 0, 1, 0, 1, 0, 0
45905, 0, 2, 1, 1, 0, 0
45906, 0, 1, 0, 1, 0, 0
45908, 0, 1, 0, 1, 0, 0
59541, 0, 1, 1, 0, 0, 0
59542, 0, 1, 1, 0, 0, 0
59543, 0, 1, 1, 0, 0, 0
42098, 0, 3, 3, 0, 0, 0
59544, 0, 1, 1, 0, 0, 0
59545, 0, 1, 1, 0, 0, 0
59546, 0, 1, 1, 0, 0, 0
27687, 0, 4, 3, 1, 0, 0
59547, 0, 1, 1, 0, 0, 0
18792, 0, 2, 1, 1, 0, 0
26910, 0, 2, 2, 0, 0, 0
29793, 0, 4, 3, 1, 0, 0
46312, 1, 1, 1, 0, 1, 0
46313, 9, 1, 0, 1, 6, 3
18072, 4, 3, 3, 0, 1, 3
18076, 0, 1, 0, 1, 0, 0
29672, 2, 3, 3, 0, 2, 0
36014, 3, 5, 4, 1, 3, 0
59554, 2, 3, 3, 0, 2, 0
59555, 0, 1, 0, 1, 0, 0
59556, 0, 1, 1, 0, 0, 0
59557, 0, 2, 2, 0, 0, 0
59558, 0, 4, 4, 0, 0, 0
46181, 0, 1, 1, 0, 0, 0
46182, 0, 1, 1, 0, 0, 0
37246, 0, 4, 4, 0, 0, 0
37249, 0, 1, 0, 1, 0, 0
59559, 0, 1, 0, 1, 0, 0
59560, 0, 1, 1, 0, 0, 0
59561, 0, 1, 1, 0, 0, 0
59562, 0, 1, 1, 0, 0, 0
25589, 0, 7, 1, 6, 0, 0
12692, 9, 1, 1, 0, 9, 0
12693, 1, 1, 1, 0, 1, 0
59571, 0, 1, 1, 0, 0, 0
59572, 2, 1, 1, 0, 2, 0
59573, 2, 2, 2, 0, 2, 0
14540, 2, 4, 4, 0, 2, 0
17756, 0, 5, 5, 0, 0, 0
18082, 0, 9, 7, 2, 0, 0
22307, 0, 3, 3, 0, 0, 0
40620, 0, 3, 3, 0, 0, 0
40621, 0, 2, 2, 0, 0, 0
40623, 7, 2, 2, 0, 7, 0
40624, 0, 2, 2, 0, 0, 0
40628, 0, 2, 2, 0, 0, 0
40629, 0, 2, 2, 0, 0, 0
59574, 2, 2, 2, 0, 2, 0
59575, 0, 2, 2, 0, 0, 0
59576, 0, 1, 1, 0, 0, 0
38577, 0, 3, 3, 0, 0, 0
59577, 0, 1, 1, 0, 0, 0
35636, 1, 1, 1, 0, 1, 0
35637, 1, 1, 1, 0, 1, 0
35640, 1, 1, 1, 0, 1, 0
12855, 0, 17, 17, 0, 0, 0
19260, 0, 5, 4, 1, 0, 0
24177, 7, 2, 2, 0, 4, 3
32473, 0, 1, 1, 0, 0, 0
23512, 5, 1, 1, 0, 4, 1
33674, 1, 1, 1, 0, 1, 0
59604, 0, 1, 0, 1, 0, 0
59605, 2, 1, 0, 1, 2, 0
12728, 0, 1, 0, 1, 0, 0
59616, 0, 1, 1, 0, 0, 0
12740, 6, 0, 0, 0, 6, 0
12741, 0, 2, 2, 0, 0, 0
12742, 1, 1, 1, 0, 1, 0
59617, 5, 3, 3, 0, 5, 0
59618, 0, 1, 1, 0, 0, 0
59619, 0, 2, 2, 0, 0, 0
29275, 0, 2, 2, 0, 0, 0
29276, 0, 2, 2, 0, 0, 0
29277, 2, 2, 2, 0, 2, 0
29279, 0, 1, 1, 0, 0, 0
29281, 0, 1, 1, 0, 0, 0
29286, 2, 3, 3, 0, 2, 0
12752, 15, 0, 0, 0, 14, 1
59621, 1, 1, 1, 0, 1, 0
46069, 0, 4, 2, 2, 0, 0
59622, 4, 2, 2, 0, 4, 0
59623, 0, 2, 2, 0, 0, 0
59624, 2, 2, 2, 0, 2, 0
12765, 4, 2, 1, 1, 3, 1
12769, 7, 2, 2, 0, 6, 1
59651, 0, 5, 5, 0, 0, 0
45462, 11, 1, 0, 1, 7, 4
58463, 0, 1, 1, 0, 0, 0
58464, 0, 1, 1, 0, 0, 0
58465, 0, 1, 1, 0, 0, 0
58466, 0, 1, 0, 1, 0, 0
59652, 0, 1, 1, 0, 0, 0
59653, 0, 1, 1, 0, 0, 0
59654, 0, 2, 2, 0, 0, 0
17297, 0, 3, 2, 1, 0, 0
22890, 1, 2, 1, 1, 1, 0
32877, 0, 3, 0, 3, 0, 0
51023, 0, 2, 0, 2, 0, 0
59659, 0, 1, 0, 1, 0, 0
59660, 2, 1, 0, 1, 2, 0
59661, 0, 1, 0, 1, 0, 0
54109, 0, 3, 2, 1, 0, 0
55821, 0, 3, 2, 1, 0, 0
56890, 0, 2, 0, 2, 0, 0
59662, 0, 1, 1, 0, 0, 0
59663, 1, 2, 2, 0, 1, 0
59664, 0, 1, 1, 0, 0, 0
59665, 0, 1, 0, 1, 0, 0
59666, 0, 1, 0, 1, 0, 0
59667, 0, 2, 0, 2, 0, 0
59668, 1, 1, 0, 1, 1, 0
59669, 0, 2, 0, 2, 0, 0
59670, 0, 1, 0, 1, 0, 0
59671, 0, 1, 0, 1, 0, 0
59672, 2, 2, 1, 1, 2, 0
59673, 1, 1, 0, 1, 0, 1
59674, 0, 1, 0, 1, 0, 0
59675, 0, 1, 0, 1, 0, 0
59676, 0, 1, 0, 1, 0, 0
59677, 4, 5, 3, 2, 1, 3
59678, 1, 1, 0, 1, 1, 0
59679, 0, 1, 0, 1, 0, 0
59680, 1, 2, 1, 1, 1, 0
59681, 0, 1, 0, 1, 0, 0
59682, 3, 2, 2, 0, 3, 0
16081, 0, 5, 5, 0, 0, 0
34495, 0, 2, 2, 0, 0, 0
59683, 1, 1, 1, 0, 1, 0
59684, 0, 1, 1, 0, 0, 0
59685, 2, 3, 3, 0, 2, 0
59686, 1, 1, 1, 0, 1, 0
27887, 5, 2, 2, 0, 3, 2
32730, 0, 2, 1, 1, 0, 0
36639, 2, 3, 3, 0, 2, 0
36640, 12, 2, 2, 0, 12, 0
36641, 3, 1, 1, 0, 3, 0
36642, 0, 1, 1, 0, 0, 0
36643, 4, 2, 2, 0, 3, 1
36645, 0, 1, 1, 0, 0, 0
36646, 0, 1, 1, 0, 0, 0
36648, 0, 1, 1, 0, 0, 0
36649, 1, 2, 1, 1, 0, 1
36652, 0, 1, 1, 0, 0, 0
36653, 0, 1, 1, 0, 0, 0
36655, 16, 2, 2, 0, 15, 1
36656, 0, 1, 1, 0, 0, 0
36657, 0, 1, 1, 0, 0, 0
36658, 0, 1, 1, 0, 0, 0
36659, 0, 2, 2, 0, 0, 0
36662, 0, 2, 2, 0, 0, 0
36663, 0, 2, 2, 0, 0, 0
36665, 0, 1, 0, 1, 0, 0
36667, 0, 1, 0, 1, 0, 0
36668, 0, 2, 1, 1, 0, 0
13327, 0, 3, 0, 3, 0, 0
17174, 10, 1, 0, 1, 10, 0
30971, 0, 3, 1, 2, 0, 0
37257, 0, 2, 1, 1, 0, 0
37440, 0, 5, 1, 4, 0, 0
43788, 0, 2, 1, 1, 0, 0
45057, 0, 6, 2, 4, 0, 0
45737, 7, 4, 2, 2, 3, 4
52722, 1, 2, 1, 1, 1, 0
56121, 11, 1, 0, 1, 9, 2
56959, 3, 3, 1, 2, 3, 0
59436, 0, 3, 2, 1, 0, 0
59705, 0, 1, 1, 0, 0, 0
59706, 0, 1, 1, 0, 0, 0
59707, 0, 1, 1, 0, 0, 0
59708, 0, 1, 0, 1, 0, 0
59709, 0, 1, 0, 1, 0, 0
59710, 0, 1, 0, 1, 0, 0
59711, 0, 1, 0, 1, 0, 0
59712, 0, 2, 1, 1, 0, 0
59713, 0, 1, 0, 1, 0, 0
59714, 0, 1, 0, 1, 0, 0
59715, 0, 1, 0, 1, 0, 0
59716, 0, 1, 0, 1, 0, 0
59717, 0, 1, 0, 1, 0, 0
59718, 2, 1, 0, 1, 2, 0
59719, 0, 1, 0, 1, 0, 0
59720, 0, 1, 0, 1, 0, 0
59721, 0, 1, 0, 1, 0, 0
59722, 5, 1, 0, 1, 5, 0
59723, 0, 1, 0, 1, 0, 0
59724, 2, 2, 1, 1, 2, 0
59725, 2, 2, 1, 1, 1, 1
59726, 0, 1, 0, 1, 0, 0
59727, 0, 1, 0, 1, 0, 0
59728, 0, 1, 0, 1, 0, 0
59729, 0, 2, 0, 2, 0, 0
59730, 0, 1, 0, 1, 0, 0
59731, 0, 1, 0, 1, 0, 0
59732, 0, 1, 0, 1, 0, 0
59733, 0, 1, 0, 1, 0, 0
59734, 1, 1, 0, 1, 0, 1
59735, 0, 1, 0, 1, 0, 0
59736, 0, 1, 0, 1, 0, 0
59737, 0, 1, 0, 1, 0, 0
59738, 0, 1, 0, 1, 0, 0
59739, 6, 1, 1, 0, 6, 0
59740, 2, 2, 2, 0, 2, 0
59741, 0, 2, 2, 0, 0, 0
12799, 0, 4, 4, 0, 0, 0
12803, 0, 1, 0, 1, 0, 0
12804, 0, 2, 0, 2, 0, 0
52010, 47, 1, 0, 1, 31, 16
59742, 0, 1, 1, 0, 0, 0
35244, 2, 2, 0, 2, 2, 0
59743, 0, 1, 1, 0, 0, 0
35126, 9, 1, 1, 0, 8, 1
59753, 1, 1, 1, 0, 1, 0
12816, 27, 2, 2, 0, 21, 6
12820, 0, 1, 0, 1, 0, 0
12825, 7, 3, 3, 0, 5, 2
59755, 0, 1, 1, 0, 0, 0
59756, 3, 2, 1, 1, 3, 0
59757, 1, 1, 1, 0, 1, 0
59760, 2, 2, 2, 0, 2, 0
59761, 2, 2, 1, 1, 2, 0
37878, 9, 1, 0, 1, 9, 0
44311, 1, 4, 4, 0, 0, 1
55856, 7, 1, 1, 0, 7, 0
59762, 0, 1, 1, 0, 0, 0
59763, 0, 1, 1, 0, 0, 0
59764, 0, 1, 0, 1, 0, 0
59765, 1, 1, 0, 1, 1, 0
56778, 0, 2, 0, 2, 0, 0
59766, 0, 1, 1, 0, 0, 0
59767, 1, 1, 0, 1, 0, 1
59831, 0, 1, 1, 0, 0, 0
12851, 0, 2, 2, 0, 0, 0
12856, 0, 1, 1, 0, 0, 0
52387, 5, 2, 2, 0, 5, 0
52388, 0, 1, 1, 0, 0, 0
12857, 1, 0, 0, 0, 1, 0
59834, 11, 1, 1, 0, 0, 11
16755, 50, 7, 7, 0, 49, 1
37251, 5, 4, 4, 0, 4, 1
57949, 29, 2, 2, 0, 28, 1
59835, 1, 1, 1, 0, 1, 0
12864, 5, 2, 2, 0, 5, 0
12865, 2, 2, 2, 0, 2, 0
12866, 2, 2, 2, 0, 2, 0
13475, 0, 6, 6, 0, 0, 0
49423, 1, 3, 1, 2, 1, 0
59836, 0, 4, 3, 1, 0, 0
58721, 5, 5, 4, 1, 5, 0
59837, 1, 1, 1, 0, 1, 0
59838, 0, 2, 2, 0, 0, 0
59839, 1, 2, 2, 0, 1, 0
22583, 6, 3, 0, 3, 5, 1
31426, 2, 1, 1, 0, 2, 0
45014, 0, 2, 2, 0, 0, 0
54200, 1, 5, 3, 2, 1, 0
55384, 0, 3, 3, 0, 0, 0
55499, 102, 3, 3, 0, 39, 63
58011, 1, 1, 1, 0, 0, 1
12881, 4, 2, 2, 0, 4, 0
12885, 0, 1, 1, 0, 0, 0
12888, 0, 1, 1, 0, 0, 0
12889, 0, 1, 1, 0, 0, 0
12892, 0, 1, 0, 1, 0, 0
59840, 0, 1, 1, 0, 0, 0
59841, 0, 1, 1, 0, 0, 0
59842, 0, 1, 1, 0, 0, 0
59843, 1, 1, 1, 0, 0, 1
12893, 27, 2, 2, 0, 26, 1
12895, 1, 1, 1, 0, 1, 0
16274, 15, 3, 3, 0, 15, 0
38564, 5, 3, 3, 0, 4, 1
48108, 6, 5, 5, 0, 6, 0
52005, 4, 2, 1, 1, 2, 2
56861, 0, 3, 3, 0, 0, 0
59845, 0, 2, 2, 0, 0, 0
59846, 1, 1, 1, 0, 1, 0
59847, 0, 1, 1, 0, 0, 0
59848, 0, 1, 1, 0, 0, 0
59849, 1, 2, 2, 0, 1, 0
59850, 0, 2, 2, 0, 0, 0
59851, 0, 3, 3, 0, 0, 0
59852, 1, 2, 2, 0, 1, 0
59853, 1, 1, 1, 0, 0, 1
59854, 2, 1, 1, 0, 2, 0
59855, 0, 1, 1, 0, 0, 0
59856, 0, 1, 1, 0, 0, 0
59857, 0, 2, 1, 1, 0, 0
54938, 1, 1, 1, 0, 1, 0
54940, 0, 1, 1, 0, 0, 0
54941, 1, 1, 0, 1, 0, 1
59858, 0, 1, 1, 0, 0, 0
59859, 0, 2, 1, 1, 0, 0
59860, 0, 1, 1, 0, 0, 0
58865, 7, 3, 3, 0, 6, 1
59861, 4, 3, 3, 0, 4, 0
20887, 7, 4, 3, 1, 7, 0
34326, 0, 3, 1, 2, 0, 0
36537, 0, 2, 0, 2, 0, 0
38285, 0, 4, 3, 1, 0, 0
41510, 10, 3, 1, 2, 9, 1
45972, 4, 1, 1, 0, 1, 3
45974, 0, 1, 1, 0, 0, 0
45975, 0, 1, 1, 0, 0, 0
45976, 0, 1, 1, 0, 0, 0
45977, 0, 1, 0, 1, 0, 0
45978, 0, 1, 0, 1, 0, 0
45980, 0, 1, 0, 1, 0, 0
45981, 0, 1, 0, 1, 0, 0
45982, 0, 1, 0, 1, 0, 0
45983, 0, 1, 0, 1, 0, 0
45984, 0, 1, 0, 1, 0, 0
45985, 0, 1, 0, 1, 0, 0
45986, 1, 1, 0, 1, 1, 0
45987, 0, 1, 0, 1, 0, 0
45988, 0, 2, 1, 1, 0, 0
45989, 0, 1, 0, 1, 0, 0
24881, 1, 3, 1, 2, 1, 0
24904, 19, 3, 3, 0, 19, 0
27652, 0, 4, 3, 1, 0, 0
35254, 0, 2, 0, 2, 0, 0
39055, 2, 2, 1, 1, 2, 0
46243, 0, 5, 4, 1, 0, 0
46244, 0, 1, 1, 0, 0, 0
46245, 0, 1, 1, 0, 0, 0
46246, 0, 1, 1, 0, 0, 0
46247, 0, 1, 1, 0, 0, 0
46248, 0, 1, 1, 0, 0, 0
46249, 1, 1, 1, 0, 0, 1
46250, 0, 1, 1, 0, 0, 0
46252, 1, 1, 1, 0, 1, 0
46254, 2, 5, 3, 2, 2, 0
46255, 0, 1, 0, 1, 0, 0
59862, 0, 1, 0, 1, 0, 0
59863, 0, 1, 1, 0, 0, 0
59864, 0, 1, 1, 0, 0, 0
59865, 3, 1, 1, 0, 3, 0
59866, 0, 1, 1, 0, 0, 0
12919, 3, 1, 1, 0, 3, 0
12920, 1, 1, 1, 0, 1, 0
12921, 13, 0, 0, 0, 13, 0
12925, 46, 1, 0, 1, 39, 7
12928, 0, 1, 1, 0, 0, 0
12930, 0, 2, 2, 0, 0, 0
12932, 0, 1, 1, 0, 0, 0
59867, 0, 3, 3, 0, 0, 0
59868, 0, 1, 1, 0, 0, 0
37479, 0, 2, 2, 0, 0, 0
41592, 0, 5, 5, 0, 0, 0
54986, 0, 3, 3, 0, 0, 0
59869, 0, 1, 1, 0, 0, 0
12941, 65, 2, 1, 1, 55, 10
12943, 13, 7, 6, 1, 12, 1
12944, 0, 1, 1, 0, 0, 0
12951, 0, 1, 1, 0, 0, 0
12952, 4, 2, 2, 0, 4, 0
12955, 2, 1, 0, 1, 1, 1
59879, 0, 7, 7, 0, 0, 0
32706, 4, 4, 4, 0, 4, 0
59880, 0, 1, 1, 0, 0, 0
59881, 0, 1, 1, 0, 0, 0
59882, 1, 1, 1, 0, 1, 0
19509, 0, 2, 1, 1, 0, 0
33722, 6, 1, 0, 1, 3, 3
57754, 0, 2, 1, 1, 0, 0
59884, 0, 1, 0, 1, 0, 0
12965, 14, 1, 1, 0, 14, 0
12966, 0, 3, 3, 0, 0, 0
12969, 1, 2, 2, 0, 1, 0
12972, 3, 5, 5, 0, 3, 0
12973, 0, 1, 1, 0, 0, 0
12978, 0, 3, 3, 0, 0, 0
12979, 0, 1, 1, 0, 0, 0
12980, 0, 1, 1, 0, 0, 0
59885, 0, 1, 1, 0, 0, 0
59886, 0, 1, 1, 0, 0, 0
59887, 4, 1, 1, 0, 3, 1
59888, 0, 1, 1, 0, 0, 0
59889, 0, 4, 4, 0, 0, 0
59890, 0, 1, 1, 0, 0, 0
59891, 4, 1, 1, 0, 4, 0
59892, 0, 2, 2, 0, 0, 0
59893, 0, 1, 0, 1, 0, 0
59894, 0, 1, 0, 1, 0, 0
12984, 4, 0, 0, 0, 3, 1
12985, 7, 2, 1, 1, 7, 0
59895, 4, 1, 1, 0, 4, 0
12987, 1, 1, 1, 0, 1, 0
12988, 0, 2, 2, 0, 0, 0
12989, 29, 0, 0, 0, 23, 6
12990, 0, 1, 1, 0, 0, 0
50035, 0, 1, 1, 0, 0, 0
50036, 0, 1, 1, 0, 0, 0
12993, 6, 0, 0, 0, 6, 0
29287, 0, 1, 1, 0, 0, 0
29288, 0, 1, 1, 0, 0, 0
29289, 9, 1, 1, 0, 9, 0
29290, 0, 2, 2, 0, 0, 0
29291, 0, 2, 2, 0, 0, 0
29293, 0, 1, 1, 0, 0, 0
29295, 0, 3, 2, 1, 0, 0
29296, 0, 2, 2, 0, 0, 0
29299, 1, 10, 10, 0, 1, 0
29300, 0, 1, 1, 0, 0, 0
29302, 0, 1, 0, 1, 0, 0
59896, 0, 1, 1, 0, 0, 0
13006, 3, 0, 0, 0, 2, 1
53072, 2, 1, 1, 0, 2, 0
53073, 0, 1, 1, 0, 0, 0
15307, 8, 3, 3, 0, 2, 6
26155, 0, 1, 1, 0, 0, 0
26157, 1, 2, 2, 0, 1, 0
26158, 0, 1, 1, 0, 0, 0
26160, 0, 1, 1, 0, 0, 0
26161, 0, 1, 1, 0, 0, 0
26162, 0, 1, 1, 0, 0, 0
26164, 0, 1, 1, 0, 0, 0
26165, 0, 1, 1, 0, 0, 0
26167, 0, 1, 1, 0, 0, 0
26169, 0, 1, 1, 0, 0, 0
26170, 0, 1, 1, 0, 0, 0
26171, 0, 1, 1, 0, 0, 0
26174, 0, 2, 2, 0, 0, 0
26175, 0, 1, 1, 0, 0, 0
26177, 0, 1, 1, 0, 0, 0
26179, 0, 1, 1, 0, 0, 0
13018, 4, 2, 2, 0, 4, 0
60038, 0, 1, 1, 0, 0, 0
33984, 6, 1, 1, 0, 6, 0
37794, 1, 5, 3, 2, 0, 1
60079, 0, 1, 1, 0, 0, 0
60080, 1, 1, 1, 0, 1, 0
60081, 1, 1, 1, 0, 1, 0
60082, 1, 1, 1, 0, 1, 0
33937, 0, 3, 1, 2, 0, 0
54701, 0, 2, 1, 1, 0, 0
60083, 0, 1, 1, 0, 0, 0
60084, 0, 2, 1, 1, 0, 0
60085, 0, 1, 1, 0, 0, 0
60086, 0, 1, 1, 0, 0, 0
60087, 0, 1, 1, 0, 0, 0
60088, 12, 1, 1, 0, 12, 0
15127, 0, 3, 3, 0, 0, 0
27665, 7, 6, 6, 0, 7, 0
33885, 1, 2, 1, 1, 1, 0
33887, 0, 2, 2, 0, 0, 0
33890, 0, 4, 2, 2, 0, 0
33892, 0, 1, 1, 0, 0, 0
33893, 0, 2, 2, 0, 0, 0
33895, 0, 2, 2, 0, 0, 0
33896, 0, 1, 1, 0, 0, 0
33897, 0, 2, 1, 1, 0, 0
33899, 0, 1, 1, 0, 0, 0
33900, 0, 1, 1, 0, 0, 0
33901, 0, 1, 1, 0, 0, 0
33902, 2, 4, 3, 1, 2, 0
33903, 7, 2, 2, 0, 7, 0
33904, 0, 1, 1, 0, 0, 0
33905, 0, 1, 1, 0, 0, 0
33908, 0, 1, 1, 0, 0, 0
33910, 0, 1, 1, 0, 0, 0
33911, 1, 1, 1, 0, 1, 0
33912, 2, 1, 1, 0, 2, 0
33913, 2, 1, 1, 0, 2, 0
31002, 36, 2, 2, 0, 25, 11
60089, 1, 1, 1, 0, 1, 0
34609, 0, 1, 1, 0, 0, 0
34610, 3, 1, 1, 0, 3, 0
34611, 0, 1, 1, 0, 0, 0
34612, 3, 1, 1, 0, 3, 0
60090, 0, 1, 1, 0, 0, 0
60091, 0, 1, 1, 0, 0, 0
60114, 0, 1, 1, 0, 0, 0
58971, 0, 3, 0, 3, 0, 0
35578, 0, 1, 1, 0, 0, 0
13065, 20, 1, 0, 1, 16, 4
13066, 5, 1, 1, 0, 5, 0
13067, 0, 2, 2, 0, 0, 0
13069, 0, 2, 2, 0, 0, 0
13070, 0, 2, 2, 0, 0, 0
13071, 0, 2, 2, 0, 0, 0
13072, 0, 2, 2, 0, 0, 0
13073, 2, 0, 0, 0, 2, 0
29212, 0, 2, 2, 0, 0, 0
30643, 0, 1, 1, 0, 0, 0
30644, 0, 1, 1, 0, 0, 0
30646, 0, 2, 2, 0, 0, 0
30647, 0, 2, 2, 0, 0, 0
30648, 0, 2, 1, 1, 0, 0
30652, 0, 1, 1, 0, 0, 0
30653, 1, 3, 3, 0, 1, 0
30657, 0, 4, 3, 1, 0, 0
30660, 8, 1, 1, 0, 8, 0
30661, 3, 1, 1, 0, 3, 0
30662, 0, 2, 2, 0, 0, 0
30668, 3, 1, 0, 1, 3, 0
30672, 0, 1, 0, 1, 0, 0
30673, 0, 1, 0, 1, 0, 0
24251, 1, 2, 1, 1, 0, 1
24253, 0, 1, 1, 0, 0, 0
24258, 0, 1, 1, 0, 0, 0
24259, 0, 1, 1, 0, 0, 0
24260, 2, 1, 1, 0, 2, 0
24262, 0, 2, 2, 0, 0, 0
24263, 0, 1, 1, 0, 0, 0
24264, 0, 1, 1, 0, 0, 0
24267, 0, 3, 3, 0, 0, 0
24268, 0, 1, 1, 0, 0, 0
24270, 0, 2, 2, 0, 0, 0
24272, 1, 1, 1, 0, 0, 1
24273, 4, 3, 1, 2, 3, 1
60115, 0, 1, 1, 0, 0, 0
60116, 0, 1, 1, 0, 0, 0
60117, 0, 2, 2, 0, 0, 0
60118, 0, 2, 2, 0, 0, 0
60119, 0, 1, 1, 0, 0, 0
60120, 0, 1, 1, 0, 0, 0
60121, 0, 1, 0, 1, 0, 0
16441, 10, 2, 2, 0, 9, 1
16442, 4, 5, 5, 0, 4, 0
16445, 0, 5, 5, 0, 0, 0
16446, 0, 2, 2, 0, 0, 0
16450, 1, 3, 1, 2, 1, 0
16454, 36, 7, 7, 0, 30, 6
16457, 0, 1, 1, 0, 0, 0
16461, 0, 2, 1, 1, 0, 0
16464, 1, 1, 1, 0, 1, 0
16467, 0, 3, 2, 1, 0, 0
22377, 3, 2, 1, 1, 3, 0
33009, 17, 7, 7, 0, 17, 0
52420, 0, 1, 1, 0, 0, 0
52422, 11, 1, 1, 0, 9, 2
52424, 0, 1, 1, 0, 0, 0
52425, 1, 1, 1, 0, 1, 0
52427, 0, 2, 1, 1, 0, 0
52428, 0, 1, 0, 1, 0, 0
52429, 0, 1, 0, 1, 0, 0
52430, 4, 2, 0, 2, 4, 0
52431, 0, 1, 0, 1, 0, 0
44344, 4, 1, 1, 0, 4, 0
33246, 0, 3, 3, 0, 0, 0
15142, 0, 3, 3, 0, 0, 0
21113, 0, 3, 2, 1, 0, 0
30961, 8, 2, 2, 0, 7, 1
33977, 8, 2, 2, 0, 4, 4
33979, 3, 1, 1, 0, 3, 0
33982, 0, 1, 0, 1, 0, 0
33983, 1, 7, 5, 2, 1, 0
21124, 0, 3, 1, 2, 0, 0
33204, 5, 3, 3, 0, 4, 1
60122, 0, 1, 1, 0, 0, 0
13102, 0, 2, 2, 0, 0, 0
13103, 3, 2, 2, 0, 3, 0
34343, 0, 1, 1, 0, 0, 0
16473, 1, 4, 4, 0, 1, 0
52687, 0, 1, 1, 0, 0, 0
52688, 1, 1, 1, 0, 1, 0
52689, 0, 1, 1, 0, 0, 0
52690, 0, 3, 1, 2, 0, 0
52691, 0, 1, 0, 1, 0, 0
16026, 2, 2, 2, 0, 2, 0
16028, 0, 2, 2, 0, 0, 0
25894, 4, 1, 1, 0, 4, 0
25895, 0, 1, 0, 1, 0, 0
60133, 3, 3, 3, 0, 2, 1
60134, 3, 1, 0, 1, 3, 0
13117, 0, 6, 6, 0, 0, 0
27814, 4, 2, 1, 1, 4, 0
60135, 0, 1, 1, 0, 0, 0
60136, 2, 3, 2, 1, 1, 1
13123, 1, 1, 1, 0, 1, 0
13126, 4, 4, 3, 1, 4, 0
40651, 0, 1, 1, 0, 0, 0
40652, 2, 6, 5, 1, 2, 0
40653, 0, 1, 1, 0, 0, 0
40654, 0, 1, 1, 0, 0, 0
32592, 12, 3, 3, 0, 12, 0
33843, 0, 2, 2, 0, 0, 0
13133, 3, 1, 1, 0, 3, 0
13134, 4, 2, 2, 0, 2, 2
13135, 0, 3, 2, 1, 0, 0
13136, 1, 0, 0, 0, 1, 0
13139, 0, 1, 1, 0, 0, 0
13140, 0, 1, 1, 0, 0, 0
13141, 0, 1, 1, 0, 0, 0
13145, 9, 1, 1, 0, 9, 0
13149, 1, 3, 3, 0, 1, 0
60139, 2, 1, 1, 0, 2, 0
60140, 0, 1, 1, 0, 0, 0
60141, 4, 1, 1, 0, 4, 0
60142, 0, 1, 1, 0, 0, 0
13153, 0, 1, 1, 0, 0, 0
13160, 0, 2, 0, 2, 0, 0
55012, 1, 1, 1, 0, 1, 0
55014, 0, 1, 0, 1, 0, 0
55015, 0, 1, 0, 1, 0, 0
55016, 0, 1, 0, 1, 0, 0
13162, 13, 0, 0, 0, 12, 1
13164, 0, 1, 1, 0, 0, 0
13166, 7, 1, 1, 0, 7, 0
13167, 0, 3, 3, 0, 0, 0
13168, 0, 1, 1, 0, 0, 0
13169, 0, 2, 2, 0, 0, 0
13170, 0, 2, 1, 1, 0, 0
13171, 0, 3, 3, 0, 0, 0
13172, 0, 1, 1, 0, 0, 0
60146, 0, 2, 2, 0, 0, 0
41818, 7, 1, 1, 0, 3, 4
37109, 65, 1, 1, 0, 65, 0
60158, 1, 1, 1, 0, 1, 0
60159, 1, 1, 1, 0, 1, 0
60160, 2, 1, 1, 0, 2, 0
60161, 0, 1, 1, 0, 0, 0
60162, 1, 1, 1, 0, 1, 0
35465, 0, 1, 1, 0, 0, 0
35466, 0, 2, 2, 0, 0, 0
35467, 0, 2, 2, 0, 0, 0
35469, 0, 2, 1, 1, 0, 0
35470, 0, 1, 0, 1, 0, 0
35471, 0, 3, 0, 3, 0, 0
35473, 29, 1, 0, 1, 9, 20
35474, 0, 2, 1, 1, 0, 0
60163, 0, 1, 1, 0, 0, 0
60164, 0, 1, 0, 1, 0, 0
60165, 0, 2, 1, 1, 0, 0
60166, 2, 1, 0, 1, 0, 2
60167, 6, 1, 0, 1, 1, 5
60168, 0, 1, 1, 0, 0, 0
60157, 1, 1, 1, 0, 1, 0
18366, 0, 1, 1, 0, 0, 0
18368, 0, 1, 1, 0, 0, 0
13201, 4, 1, 0, 1, 3, 1
13202, 0, 2, 0, 2, 0, 0
13206, 0, 2, 2, 0, 0, 0
13209, 5, 1, 1, 0, 5, 0
13210, 0, 1, 1, 0, 0, 0
32846, 0, 1, 1, 0, 0, 0
22495, 0, 1, 1, 0, 0, 0
22499, 0, 1, 1, 0, 0, 0
60169, 0, 1, 1, 0, 0, 0
60183, 0, 1, 1, 0, 0, 0
60184, 0, 1, 1, 0, 0, 0
59097, 0, 2, 1, 1, 0, 0
60185, 1, 2, 1, 1, 1, 0
60186, 0, 2, 0, 2, 0, 0
60187, 0, 1, 0, 1, 0, 0
60188, 0, 1, 0, 1, 0, 0
60189, 1, 1, 0, 1, 1, 0
60190, 1, 1, 0, 1, 1, 0
60191, 3, 1, 0, 1, 3, 0
60192, 2, 1, 0, 1, 2, 0
60193, 0, 1, 0, 1, 0, 0
60194, 0, 1, 0, 1, 0, 0
60195, 2, 2, 1, 1, 0, 2
60196, 0, 1, 0, 1, 0, 0
60197, 0, 1, 0, 1, 0, 0
43056, 8, 3, 3, 0, 4, 4
60198, 0, 1, 1, 0, 0, 0
60199, 4, 2, 2, 0, 4, 0
60200, 1, 1, 1, 0, 1, 0
60201, 0, 1, 0, 1, 0, 0
60202, 2, 1, 0, 1, 1, 1
60203, 12, 2, 1, 1, 8, 4
31043, 6, 3, 3, 0, 5, 1
54577, 0, 1, 1, 0, 0, 0
54578, 19, 1, 1, 0, 15, 4
54579, 0, 1, 0, 1, 0, 0
13216, 1, 1, 1, 0, 1, 0
13219, 0, 1, 1, 0, 0, 0
13221, 0, 1, 1, 0, 0, 0
13225, 0, 1, 0, 1, 0, 0
13229, 1, 3, 2, 1, 1, 0
13231, 0, 1, 0, 1, 0, 0
13233, 0, 1, 0, 1, 0, 0
13234, 0, 6, 3, 3, 0, 0
13240, 5, 3, 2, 1, 1, 4
13253, 0, 1, 0, 1, 0, 0
13257, 0, 1, 0, 1, 0, 0
13260, 0, 1, 0, 1, 0, 0
13261, 0, 1, 0, 1, 0, 0
13266, 0, 1, 0, 1, 0, 0
13269, 0, 1, 0, 1, 0, 0
13276, 0, 1, 0, 1, 0, 0
13277, 0, 4, 0, 4, 0, 0
60204, 0, 3, 1, 2, 0, 0
60205, 3, 1, 1, 0, 3, 0
14544, 0, 1, 1, 0, 0, 0
14546, 6, 7, 1, 6, 3, 3
14552, 1, 1, 0, 1, 1, 0
14553, 0, 1, 0, 1, 0, 0
60206, 0, 1, 0, 1, 0, 0
60207, 0, 1, 1, 0, 0, 0
60208, 0, 1, 1, 0, 0, 0
60209, 0, 1, 1, 0, 0, 0
60210, 0, 1, 1, 0, 0, 0
60211, 0, 1, 1, 0, 0, 0
60212, 0, 1, 1, 0, 0, 0
60213, 5, 1, 1, 0, 5, 0
60214, 0, 1, 1, 0, 0, 0
60215, 0, 1, 1, 0, 0, 0
60216, 0, 1, 1, 0, 0, 0
60217, 0, 1, 1, 0, 0, 0
60218, 0, 1, 1, 0, 0, 0
60219, 0, 3, 3, 0, 0, 0
60220, 0, 1, 1, 0, 0, 0
60221, 0, 1, 1, 0, 0, 0
60222, 0, 1, 1, 0, 0, 0
60223, 0, 1, 1, 0, 0, 0
60224, 0, 1, 1, 0, 0, 0
60225, 0, 1, 1, 0, 0, 0
60226, 0, 1, 1, 0, 0, 0
60227, 0, 1, 0, 1, 0, 0
60228, 0, 1, 0, 1, 0, 0
60229, 0, 1, 0, 1, 0, 0
60230, 0, 1, 0, 1, 0, 0
23967, 43, 3, 1, 2, 43, 0
38464, 3, 4, 2, 2, 3, 0
52346, 0, 2, 1, 1, 0, 0
52347, 2, 2, 1, 1, 2, 0
52350, 0, 2, 1, 1, 0, 0
55427, 0, 2, 0, 2, 0, 0
58195, 0, 2, 0, 2, 0, 0
58216, 0, 1, 0, 1, 0, 0
58217, 3, 1, 0, 1, 0, 3
58219, 9, 1, 0, 1, 0, 9
58220, 0, 2, 0, 2, 0, 0
58221, 9, 1, 0, 1, 0, 9
58223, 3, 1, 0, 1, 0, 3
58224, 7, 1, 0, 1, 0, 7
58225, 0, 1, 0, 1, 0, 0
58226, 0, 1, 0, 1, 0, 0
58227, 0, 1, 0, 1, 0, 0
58228, 1, 2, 0, 2, 0, 1
58229, 0, 1, 0, 1, 0, 0
58230, 1, 3, 0, 3, 0, 1
58231, 8, 1, 0, 1, 0, 8
58236, 0, 1, 0, 1, 0, 0
58237, 0, 1, 0, 1, 0, 0
58238, 5, 2, 1, 1, 5, 0
58239, 0, 2, 0, 2, 0, 0
58240, 7, 1, 0, 1, 0, 7
58241, 2, 1, 0, 1, 2, 0
58242, 0, 1, 0, 1, 0, 0
60231, 0, 1, 1, 0, 0, 0
60232, 0, 2, 2, 0, 0, 0
60233, 1, 1, 0, 1, 0, 1
60234, 1, 1, 1, 0, 1, 0
25523, 6, 2, 1, 1, 5, 1
37585, 7, 3, 2, 1, 5, 2
55258, 0, 2, 1, 1, 0, 0
60235, 0, 2, 1, 1, 0, 0
60236, 0, 1, 0, 1, 0, 0
60237, 14, 2, 1, 1, 14, 0
60238, 0, 2, 1, 1, 0, 0
60239, 0, 1, 0, 1, 0, 0
60240, 0, 1, 0, 1, 0, 0
60241, 2, 2, 1, 1, 1, 1
60242, 0, 1, 0, 1, 0, 0
60243, 0, 2, 0, 2, 0, 0
60244, 15, 2, 0, 2, 6, 9
60245, 0, 1, 0, 1, 0, 0
60246, 12, 3, 2, 1, 12, 0
60247, 0, 3, 2, 1, 0, 0
60248, 0, 1, 0, 1, 0, 0
60249, 0, 1, 0, 1, 0, 0
60250, 0, 2, 1, 1, 0, 0
60251, 4, 1, 0, 1, 4, 0
60252, 0, 2, 1, 1, 0, 0
60253, 1, 1, 0, 1, 1, 0
60254, 0, 1, 0, 1, 0, 0
60255, 0, 1, 0, 1, 0, 0
60256, 0, 1, 0, 1, 0, 0
60257, 1, 2, 1, 1, 0, 1
55704, 0, 7, 7, 0, 0, 0
16068, 0, 1, 1, 0, 0, 0
16069, 1, 1, 1, 0, 1, 0
16070, 0, 1, 1, 0, 0, 0
60258, 0, 2, 2, 0, 0, 0
59457, 0, 3, 2, 1, 0, 0
60259, 0, 1, 1, 0, 0, 0
60260, 0, 1, 1, 0, 0, 0
60261, 0, 1, 1, 0, 0, 0
60262, 1, 1, 1, 0, 1, 0
60263, 2, 1, 1, 0, 1, 1
60264, 0, 1, 1, 0, 0, 0
60265, 0, 1, 1, 0, 0, 0
60266, 0, 1, 1, 0, 0, 0
60267, 0, 1, 1, 0, 0, 0
60268, 0, 1, 0, 1, 0, 0
60269, 3, 1, 0, 1, 3, 0
60270, 0, 1, 0, 1, 0, 0
60271, 0, 1, 0, 1, 0, 0
60272, 0, 1, 0, 1, 0, 0
60273, 0, 1, 0, 1, 0, 0
60274, 0, 1, 0, 1, 0, 0
60275, 0, 2, 1, 1, 0, 0
60276, 0, 1, 0, 1, 0, 0
60277, 0, 2, 2, 0, 0, 0
60278, 0, 1, 0, 1, 0, 0
60279, 0, 2, 1, 1, 0, 0
60280, 0, 1, 0, 1, 0, 0
60281, 0, 1, 1, 0, 0, 0
60282, 0, 1, 1, 0, 0, 0
60283, 0, 1, 1, 0, 0, 0
60284, 0, 1, 1, 0, 0, 0
13292, 0, 1, 1, 0, 0, 0
13295, 13, 2, 2, 0, 5, 8
13296, 1, 2, 2, 0, 1, 0
13301, 0, 1, 1, 0, 0, 0
13302, 0, 2, 1, 1, 0, 0
13304, 2, 1, 1, 0, 2, 0
13312, 3, 3, 3, 0, 2, 1
13314, 0, 2, 2, 0, 0, 0
13316, 0, 1, 0, 1, 0, 0
13321, 2, 1, 0, 1, 2, 0
13324, 0, 2, 1, 1, 0, 0
13325, 0, 1, 0, 1, 0, 0
60285, 0, 2, 2, 0, 0, 0
60286, 0, 1, 1, 0, 0, 0
24246, 9, 1, 0, 1, 4, 5
60287, 8, 4, 3, 1, 6, 2
60288, 0, 1, 1, 0, 0, 0
60289, 0, 1, 1, 0, 0, 0
60290, 2, 1, 1, 0, 1, 1
22070, 1, 3, 3, 0, 1, 0
51270, 1, 1, 1, 0, 1, 0
51272, 0, 2, 1, 1, 0, 0
51273, 0, 1, 1, 0, 0, 0
51274, 1, 1, 1, 0, 1, 0
60291, 2, 1, 1, 0, 2, 0
60292, 0, 1, 1, 0, 0, 0
60293, 0, 2, 2, 0, 0, 0
60294, 0, 1, 1, 0, 0, 0
34174, 4, 2, 2, 0, 4, 0
37414, 0, 9, 9, 0, 0, 0
45036, 2, 1, 1, 0, 2, 0
45038, 0, 1, 1, 0, 0, 0
45039, 0, 3, 3, 0, 0, 0
45040, 6, 2, 2, 0, 4, 2
60295, 0, 2, 2, 0, 0, 0
60296, 0, 1, 1, 0, 0, 0
60297, 2, 2, 1, 1, 2, 0
60298, 0, 2, 2, 0, 0, 0
60299, 0, 1, 1, 0, 0, 0
60300, 0, 1, 1, 0, 0, 0
60301, 0, 1, 1, 0, 0, 0
60302, 0, 1, 0, 1, 0, 0
60303, 0, 3, 0, 3, 0, 0
60304, 0, 1, 0, 1, 0, 0
60305, 1, 1, 0, 1, 1, 0
60306, 0, 1, 0, 1, 0, 0
60307, 3, 1, 1, 0, 3, 0
60308, 1, 1, 1, 0, 1, 0
60309, 0, 2, 2, 0, 0, 0
21501, 1, 4, 3, 1, 1, 0
28472, 0, 5, 4, 1, 0, 0
37767, 13, 2, 2, 0, 10, 3
37769, 0, 2, 2, 0, 0, 0
37771, 0, 1, 1, 0, 0, 0
37772, 0, 1, 1, 0, 0, 0
37773, 0, 1, 1, 0, 0, 0
37775, 3, 1, 1, 0, 1, 2
37777, 0, 1, 1, 0, 0, 0
19504, 3, 3, 1, 2, 0, 3
22816, 0, 1, 1, 0, 0, 0
22822, 0, 2, 2, 0, 0, 0
22825, 0, 1, 1, 0, 0, 0
22826, 0, 1, 1, 0, 0, 0
22828, 0, 2, 2, 0, 0, 0
22829, 0, 2, 2, 0, 0, 0
22830, 0, 1, 1, 0, 0, 0
22834, 1, 2, 0, 2, 0, 1
22837, 0, 1, 0, 1, 0, 0
22838, 1, 2, 0, 2, 0, 1
22840, 0, 1, 0, 1, 0, 0
22841, 1, 3, 1, 2, 1, 0
13334, 1, 0, 0, 0, 1, 0
13337, 2, 2, 2, 0, 1, 1
60328, 1, 1, 0, 1, 1, 0
13339, 0, 1, 1, 0, 0, 0
55066, 14, 3, 3, 0, 14, 0
55068, 3, 2, 2, 0, 3, 0
60329, 2, 3, 2, 1, 0, 2
60330, 0, 1, 0, 1, 0, 0
60331, 0, 1, 1, 0, 0, 0
60332, 1, 1, 1, 0, 1, 0
13561, 1, 5, 4, 1, 0, 1
14528, 5, 2, 2, 0, 5, 0
60333, 0, 1, 0, 1, 0, 0
60334, 0, 2, 2, 0, 0, 0
60335, 2, 2, 1, 1, 2, 0
46086, 0, 1, 1, 0, 0, 0
16876, 0, 4, 3, 1, 0, 0
22948, 0, 3, 0, 3, 0, 0
25174, 0, 4, 2, 2, 0, 0
30046, 21, 4, 2, 2, 13, 8
37422, 0, 1, 1, 0, 0, 0
37424, 2, 3, 2, 1, 0, 2
37427, 0, 2, 2, 0, 0, 0
37428, 0, 1, 1, 0, 0, 0
37430, 1, 1, 1, 0, 1, 0
37431, 0, 1, 1, 0, 0, 0
37432, 0, 1, 1, 0, 0, 0
37433, 0, 1, 1, 0, 0, 0
37434, 0, 1, 1, 0, 0, 0
37436, 1, 1, 0, 1, 1, 0
37437, 0, 4, 3, 1, 0, 0
37438, 2, 2, 0, 2, 1, 1
37441, 0, 1, 0, 1, 0, 0
37443, 0, 2, 0, 2, 0, 0
31163, 0, 1, 1, 0, 0, 0
31166, 0, 1, 1, 0, 0, 0
31167, 0, 1, 1, 0, 0, 0
31169, 0, 1, 0, 1, 0, 0
31172, 0, 3, 1, 2, 0, 0
31173, 0, 1, 0, 1, 0, 0
31174, 0, 1, 0, 1, 0, 0
29728, 0, 1, 1, 0, 0, 0
29730, 1, 2, 2, 0, 0, 1
29733, 0, 2, 1, 1, 0, 0
29734, 0, 1, 1, 0, 0, 0
60336, 0, 4, 4, 0, 0, 0
52130, 1, 1, 1, 0, 1, 0
45152, 2, 3, 3, 0, 2, 0
54547, 0, 3, 3, 0, 0, 0
54548, 3, 2, 2, 0, 3, 0
24027, 0, 3, 2, 1, 0, 0
34791, 0, 2, 0, 2, 0, 0
48436, 0, 2, 2, 0, 0, 0
54805, 0, 4, 1, 3, 0, 0
59606, 0, 4, 2, 2, 0, 0
60337, 0, 1, 1, 0, 0, 0
60338, 0, 1, 1, 0, 0, 0
60339, 0, 1, 1, 0, 0, 0
60340, 0, 1, 0, 1, 0, 0
60341, 2, 1, 1, 0, 2, 0
13387, 4, 1, 1, 0, 4, 0
13389, 1, 1, 1, 0, 1, 0
13390, 8, 0, 0, 0, 8, 0
13391, 40, 0, 0, 0, 38, 2
36353, 0, 2, 2, 0, 0, 0
41027, 0, 2, 2, 0, 0, 0
41028, 0, 1, 1, 0, 0, 0
41029, 2, 1, 1, 0, 2, 0
20368, 1, 11, 8, 3, 1, 0
56872, 0, 2, 1, 1, 0, 0
57789, 23, 3, 2, 1, 19, 4
59803, 0, 1, 1, 0, 0, 0
59804, 0, 1, 1, 0, 0, 0
59805, 0, 1, 1, 0, 0, 0
13403, 10, 0, 0, 0, 9, 1
60354, 0, 1, 1, 0, 0, 0
60355, 1, 1, 1, 0, 1, 0
60356, 3, 3, 3, 0, 3, 0
54328, 0, 3, 3, 0, 0, 0
60357, 3, 3, 1, 2, 3, 0
60358, 2, 3, 3, 0, 2, 0
44454, 0, 2, 2, 0, 0, 0
44457, 0, 1, 1, 0, 0, 0
41624, 2, 1, 1, 0, 2, 0
41625, 2, 3, 2, 1, 0, 2
41627, 1, 4, 2, 2, 1, 0
54107, 0, 2, 2, 0, 0, 0
60359, 0, 1, 1, 0, 0, 0
46178, 2, 2, 2, 0, 2, 0
60360, 0, 1, 1, 0, 0, 0
60361, 2, 2, 2, 0, 2, 0
13430, 8, 1, 1, 0, 7, 1
32507, 0, 7, 7, 0, 0, 0
33362, 6, 5, 3, 2, 5, 1
60362, 0, 1, 1, 0, 0, 0
60363, 0, 1, 1, 0, 0, 0
29594, 0, 3, 1, 2, 0, 0
60364, 4, 2, 2, 0, 4, 0
60365, 1, 1, 1, 0, 1, 0
60366, 1, 2, 2, 0, 1, 0
60367, 0, 1, 1, 0, 0, 0
60368, 0, 1, 0, 1, 0, 0
60369, 2, 1, 0, 1, 2, 0
60370, 2, 2, 0, 2, 1, 1
24414, 0, 1, 1, 0, 0, 0
24415, 0, 1, 1, 0, 0, 0
24416, 3, 3, 3, 0, 3, 0
24417, 9, 2, 2, 0, 9, 0
24418, 2, 2, 2, 0, 2, 0
24420, 1, 1, 0, 1, 1, 0
28921, 0, 1, 1, 0, 0, 0
28923, 0, 1, 1, 0, 0, 0
28924, 1, 5, 3, 2, 0, 1
28927, 1, 2, 2, 0, 0, 1
28929, 0, 3, 3, 0, 0, 0
28933, 0, 4, 3, 1, 0, 0
28934, 2, 1, 1, 0, 1, 1
28935, 1, 1, 1, 0, 1, 0
28937, 0, 1, 1, 0, 0, 0
28941, 0, 2, 2, 0, 0, 0
28942, 4, 1, 1, 0, 4, 0
28943, 1, 1, 1, 0, 1, 0
28945, 0, 3, 3, 0, 0, 0
28946, 0, 1, 1, 0, 0, 0
28948, 0, 1, 1, 0, 0, 0
28949, 0, 1, 1, 0, 0, 0
28950, 0, 1, 1, 0, 0, 0
28954, 0, 2, 2, 0, 0, 0
28956, 0, 1, 1, 0, 0, 0
28958, 0, 1, 0, 1, 0, 0
28959, 0, 2, 1, 1, 0, 0
18065, 8, 9, 9, 0, 6, 2
38585, 20, 2, 2, 0, 10, 10
38587, 0, 1, 1, 0, 0, 0
38589, 0, 1, 1, 0, 0, 0
38590, 0, 1, 1, 0, 0, 0
38591, 15, 2, 2, 0, 15, 0
38592, 0, 2, 1, 1, 0, 0
38595, 6, 1, 1, 0, 6, 0
38600, 0, 1, 1, 0, 0, 0
38602, 2, 5, 5, 0, 2, 0
38603, 0, 1, 1, 0, 0, 0
38604, 0, 1, 1, 0, 0, 0
38605, 0, 2, 2, 0, 0, 0
38607, 0, 2, 2, 0, 0, 0
38608, 2, 1, 1, 0, 2, 0
38609, 0, 1, 1, 0, 0, 0
38611, 0, 2, 2, 0, 0, 0
38612, 0, 2, 2, 0, 0, 0
38615, 0, 1, 0, 1, 0, 0
38619, 0, 1, 0, 1, 0, 0
55663, 0, 1, 1, 0, 0, 0
55664, 0, 1, 1, 0, 0, 0
55665, 1, 1, 0, 1, 1, 0
29754, 2, 3, 3, 0, 2, 0
43807, 0, 2, 1, 1, 0, 0
43808, 0, 2, 2, 0, 0, 0
43809, 0, 1, 1, 0, 0, 0
13444, 3, 2, 2, 0, 3, 0
13446, 0, 1, 1, 0, 0, 0
13447, 0, 1, 1, 0, 0, 0
60371, 1, 1, 1, 0, 1, 0
60372, 0, 2, 0, 2, 0, 0
13448, 5, 1, 1, 0, 5, 0
55243, 0, 2, 2, 0, 0, 0
55244, 0, 2, 2, 0, 0, 0
31036, 0, 3, 0, 3, 0, 0
13761, 2, 1, 1, 0, 2, 0
13765, 0, 1, 0, 1, 0, 0
13455, 2, 1, 1, 0, 2, 0
13456, 5, 0, 0, 0, 4, 1
50028, 6, 2, 2, 0, 6, 0
50029, 0, 1, 1, 0, 0, 0
50030, 0, 1, 1, 0, 0, 0
33721, 3, 2, 2, 0, 3, 0
36043, 1, 1, 1, 0, 1, 0
36044, 0, 2, 2, 0, 0, 0
36045, 1, 1, 1, 0, 1, 0
36046, 1, 1, 1, 0, 1, 0
36048, 4, 2, 2, 0, 4, 0
36049, 0, 1, 1, 0, 0, 0
36050, 0, 2, 2, 0, 0, 0
36051, 0, 2, 2, 0, 0, 0
36053, 0, 1, 1, 0, 0, 0
36054, 7, 1, 1, 0, 7, 0
36056, 0, 2, 2, 0, 0, 0
36057, 1, 1, 1, 0, 1, 0
13470, 12, 1, 1, 0, 12, 0
38935, 0, 1, 1, 0, 0, 0
38936, 0, 1, 1, 0, 0, 0
60385, 0, 1, 1, 0, 0, 0
60386, 0, 1, 1, 0, 0, 0
60387, 0, 1, 0, 1, 0, 0
13503, 0, 1, 1, 0, 0, 0
13504, 0, 4, 4, 0, 0, 0
13506, 0, 6, 4, 2, 0, 0
13507, 0, 3, 2, 1, 0, 0
13512, 0, 1, 1, 0, 0, 0
13518, 0, 1, 1, 0, 0, 0
13520, 0, 3, 1, 2, 0, 0
13522, 0, 2, 0, 2, 0, 0
13524, 0, 1, 0, 1, 0, 0
54764, 6, 3, 3, 0, 5, 1
57961, 0, 2, 1, 1, 0, 0
60389, 0, 2, 2, 0, 0, 0
60390, 0, 1, 0, 1, 0, 0
60391, 0, 2, 1, 1, 0, 0
60392, 0, 1, 0, 1, 0, 0
60393, 1, 1, 0, 1, 0, 1
60394, 1, 1, 0, 1, 0, 1
60395, 0, 1, 0, 1, 0, 0
60396, 0, 1, 0, 1, 0, 0
60397, 0, 1, 0, 1, 0, 0
60398, 0, 1, 0, 1, 0, 0
60399, 0, 1, 0, 1, 0, 0
60400, 0, 1, 0, 1, 0, 0
60401, 0, 1, 0, 1, 0, 0
60402, 0, 1, 0, 1, 0, 0
60403, 1, 3, 2, 1, 1, 0
60404, 0, 1, 0, 1, 0, 0
60405, 0, 1, 0, 1, 0, 0
60406, 0, 1, 0, 1, 0, 0
60407, 1, 2, 1, 1, 1, 0
60408, 0, 1, 0, 1, 0, 0
60409, 0, 1, 0, 1, 0, 0
60410, 0, 1, 1, 0, 0, 0
60411, 0, 1, 1, 0, 0, 0
60412, 2, 2, 2, 0, 2, 0
60413, 0, 1, 1, 0, 0, 0
60414, 1, 4, 4, 0, 1, 0
60415, 0, 1, 1, 0, 0, 0
60416, 0, 1, 0, 1, 0, 0
60417, 0, 1, 1, 0, 0, 0
60418, 0, 2, 1, 1, 0, 0
52061, 0, 3, 3, 0, 0, 0
60419, 0, 1, 1, 0, 0, 0
60420, 0, 2, 2, 0, 0, 0
60421, 0, 2, 2, 0, 0, 0
60422, 0, 2, 1, 1, 0, 0
60423, 0, 1, 0, 1, 0, 0
60424, 0, 1, 0, 1, 0, 0
60425, 0, 1, 0, 1, 0, 0
60426, 0, 1, 0, 1, 0, 0
31445, 0, 1, 1, 0, 0, 0
60427, 3, 2, 2, 0, 3, 0
60428, 0, 1, 0, 1, 0, 0
60429, 10, 2, 1, 1, 3, 7
60430, 1, 2, 2, 0, 1, 0
60431, 0, 1, 1, 0, 0, 0
35579, 0, 2, 1, 1, 0, 0
60432, 0, 1, 1, 0, 0, 0
60433, 0, 1, 1, 0, 0, 0
60434, 0, 1, 1, 0, 0, 0
43794, 3, 1, 0, 1, 2, 1
20413, 0, 5, 5, 0, 0, 0
35375, 2, 1, 1, 0, 0, 2
26435, 0, 5, 5, 0, 0, 0
46435, 0, 2, 2, 0, 0, 0
13553, 17, 0, 0, 0, 17, 0
13555, 6, 2, 2, 0, 6, 0
13558, 0, 4, 4, 0, 0, 0
13560, 3, 6, 5, 1, 3, 0
13562, 1, 0, 0, 0, 1, 0
60445, 0, 1, 1, 0, 0, 0
22573, 4, 2, 1, 1, 3, 1
13579, 5, 0, 0, 0, 5, 0
60446, 0, 1, 0, 1, 0, 0
41390, 0, 1, 1, 0, 0, 0
60447, 1, 1, 1, 0, 0, 1
28012, 0, 4, 2, 2, 0, 0
58982, 0, 1, 1, 0, 0, 0
58983, 0, 2, 1, 1, 0, 0
54087, 0, 4, 4, 0, 0, 0
60448, 0, 5, 5, 0, 0, 0
60449, 0, 1, 1, 0, 0, 0
26894, 5, 5, 4, 1, 4, 1
60450, 0, 1, 1, 0, 0, 0
14039, 0, 1, 1, 0, 0, 0
14045, 14, 10, 8, 2, 12, 2
14047, 0, 2, 2, 0, 0, 0
14048, 0, 1, 1, 0, 0, 0
23805, 0, 1, 1, 0, 0, 0
23806, 2, 1, 1, 0, 2, 0
23807, 0, 1, 1, 0, 0, 0
35419, 0, 3, 3, 0, 0, 0
60451, 0, 1, 1, 0, 0, 0
60452, 0, 1, 1, 0, 0, 0
60453, 0, 1, 1, 0, 0, 0
60454, 0, 2, 1, 1, 0, 0
60455, 0, 1, 0, 1, 0, 0
60456, 0, 1, 1, 0, 0, 0
18083, 0, 3, 2, 1, 0, 0
24011, 0, 2, 2, 0, 0, 0
26412, 0, 6, 5, 1, 0, 0
49453, 0, 1, 1, 0, 0, 0
49456, 0, 1, 1, 0, 0, 0
49457, 0, 1, 1, 0, 0, 0
49458, 0, 1, 1, 0, 0, 0
49459, 0, 1, 1, 0, 0, 0
49460, 0, 2, 2, 0, 0, 0
49461, 2, 1, 1, 0, 2, 0
49463, 0, 1, 1, 0, 0, 0
49464, 0, 1, 1, 0, 0, 0
60457, 1, 1, 1, 0, 1, 0
60458, 0, 5, 5, 0, 0, 0
45056, 0, 1, 1, 0, 0, 0
35615, 0, 4, 3, 1, 0, 0
46075, 0, 4, 4, 0, 0, 0
58479, 0, 1, 1, 0, 0, 0
58480, 0, 1, 1, 0, 0, 0
58481, 0, 2, 2, 0, 0, 0
58482, 0, 1, 1, 0, 0, 0
58483, 0, 2, 2, 0, 0, 0
58484, 0, 1, 1, 0, 0, 0
58485, 0, 1, 1, 0, 0, 0
13633, 14, 0, 0, 0, 11, 3
60461, 0, 4, 4, 0, 0, 0
60462, 7, 4, 4, 0, 7, 0
60463, 0, 1, 1, 0, 0, 0
60464, 2, 1, 1, 0, 2, 0
51925, 0, 4, 4, 0, 0, 0
13638, 3, 0, 0, 0, 3, 0
13639, 7, 0, 0, 0, 5, 2
22170, 0, 2, 1, 1, 0, 0
36844, 0, 2, 2, 0, 0, 0
13650, 1, 2, 2, 0, 1, 0
13652, 0, 2, 2, 0, 0, 0
13659, 0, 1, 1, 0, 0, 0
13660, 11, 2, 2, 0, 11, 0
13666, 0, 2, 1, 1, 0, 0
13667, 0, 1, 1, 0, 0, 0
13668, 0, 1, 1, 0, 0, 0
13673, 0, 3, 3, 0, 0, 0
13676, 0, 1, 1, 0, 0, 0
13679, 2, 1, 1, 0, 2, 0
13682, 0, 1, 1, 0, 0, 0
13684, 20, 1, 1, 0, 20, 0
13686, 0, 1, 1, 0, 0, 0
13692, 0, 1, 0, 1, 0, 0
13697, 3, 1, 0, 1, 2, 1
13702, 0, 1, 0, 1, 0, 0
13704, 0, 1, 0, 1, 0, 0
13705, 1, 3, 2, 1, 1, 0
60466, 1, 1, 1, 0, 1, 0
60467, 1, 1, 1, 0, 1, 0
60468, 0, 1, 1, 0, 0, 0
60469, 0, 1, 1, 0, 0, 0
26378, 0, 4, 4, 0, 0, 0
26379, 0, 1, 1, 0, 0, 0
26381, 0, 1, 1, 0, 0, 0
26382, 5, 5, 5, 0, 5, 0
26384, 1, 4, 4, 0, 1, 0
33082, 0, 5, 5, 0, 0, 0
33195, 0, 3, 3, 0, 0, 0
58510, 0, 1, 1, 0, 0, 0
60470, 0, 2, 2, 0, 0, 0
30231, 0, 4, 4, 0, 0, 0
54910, 14, 5, 5, 0, 14, 0
59818, 0, 1, 1, 0, 0, 0
33810, 2, 3, 3, 0, 2, 0
35910, 1, 2, 2, 0, 1, 0
55668, 2, 5, 5, 0, 2, 0
58423, 0, 2, 2, 0, 0, 0
60471, 3, 2, 2, 0, 3, 0
60472, 2, 1, 1, 0, 1, 1
45823, 0, 1, 1, 0, 0, 0
60473, 0, 1, 1, 0, 0, 0
29354, 0, 2, 2, 0, 0, 0
59312, 0, 1, 1, 0, 0, 0
54339, 3, 2, 2, 0, 3, 0
54340, 0, 1, 1, 0, 0, 0
60474, 0, 1, 0, 1, 0, 0
60475, 0, 2, 2, 0, 0, 0
60002, 3, 2, 2, 0, 3, 0
60476, 1, 1, 1, 0, 1, 0
60477, 0, 2, 2, 0, 0, 0
60478, 6, 2, 2, 0, 6, 0
60479, 0, 1, 0, 1, 0, 0
13708, 1, 0, 0, 0, 1, 0
13709, 1, 0, 0, 0, 1, 0
13711, 0, 1, 1, 0, 0, 0
13712, 15, 1, 1, 0, 14, 1
13713, 0, 1, 1, 0, 0, 0
13714, 0, 1, 1, 0, 0, 0
13716, 1, 2, 1, 1, 1, 0
13723, 1, 0, 0, 0, 1, 0
60484, 0, 1, 1, 0, 0, 0
13733, 4, 0, 0, 0, 3, 1
13734, 0, 6, 6, 0, 0, 0
13738, 3, 1, 1, 0, 3, 0
13739, 2, 0, 0, 0, 1, 1
45070, 0, 1, 1, 0, 0, 0
13744, 2, 0, 0, 0, 1, 1
13745, 1, 1, 1, 0, 1, 0
16960, 4, 2, 2, 0, 2, 2
23208, 0, 2, 2, 0, 0, 0
37205, 0, 4, 3, 1, 0, 0
49808, 0, 3, 3, 0, 0, 0
49809, 0, 1, 1, 0, 0, 0
49811, 0, 1, 1, 0, 0, 0
49813, 0, 1, 0, 1, 0, 0
49814, 0, 1, 0, 1, 0, 0
38562, 2, 3, 3, 0, 2, 0
60491, 0, 3, 0, 3, 0, 0
13757, 1, 0, 0, 0, 1, 0
60492, 2, 1, 1, 0, 2, 0
57197, 0, 1, 1, 0, 0, 0
60493, 0, 2, 2, 0, 0, 0
13775, 2, 1, 1, 0, 2, 0
60500, 1, 1, 1, 0, 1, 0
13777, 3, 0, 0, 0, 3, 0
60501, 0, 4, 4, 0, 0, 0
60502, 4, 1, 1, 0, 1, 3
60503, 3, 1, 1, 0, 3, 0
60504, 1, 1, 1, 0, 1, 0
33802, 0, 2, 2, 0, 0, 0
34425, 4, 4, 3, 1, 4, 0
37719, 0, 2, 1, 1, 0, 0
51192, 0, 3, 3, 0, 0, 0
60505, 0, 1, 1, 0, 0, 0
29609, 0, 8, 3, 5, 0, 0
33378, 0, 2, 1, 1, 0, 0
33660, 15, 3, 2, 1, 7, 8
55908, 0, 1, 1, 0, 0, 0
55909, 6, 1, 1, 0, 6, 0
55910, 0, 1, 1, 0, 0, 0
55911, 0, 1, 0, 1, 0, 0
55912, 0, 1, 0, 1, 0, 0
54451, 0, 2, 2, 0, 0, 0
30101, 0, 1, 1, 0, 0, 0
30103, 0, 1, 1, 0, 0, 0
60506, 0, 1, 1, 0, 0, 0
60507, 0, 1, 1, 0, 0, 0
24929, 0, 2, 1, 1, 0, 0
34078, 2, 2, 2, 0, 1, 1
35363, 17, 2, 1, 1, 17, 0
36325, 0, 3, 2, 1, 0, 0
37664, 0, 1, 1, 0, 0, 0
37666, 0, 2, 2, 0, 0, 0
37667, 0, 2, 2, 0, 0, 0
37671, 2, 1, 1, 0, 2, 0
37674, 4, 1, 1, 0, 3, 1
37677, 0, 1, 1, 0, 0, 0
37679, 0, 1, 1, 0, 0, 0
37681, 9, 1, 1, 0, 8, 1
37682, 0, 1, 1, 0, 0, 0
37685, 0, 1, 1, 0, 0, 0
37687, 0, 2, 2, 0, 0, 0
37688, 8, 3, 2, 1, 8, 0
37689, 0, 2, 1, 1, 0, 0
37690, 0, 1, 1, 0, 0, 0
37691, 0, 1, 0, 1, 0, 0
37693, 0, 1, 0, 1, 0, 0
37694, 1, 1, 0, 1, 0, 1
37695, 1, 3, 1, 2, 1, 0
37697, 0, 1, 0, 1, 0, 0
60508, 1, 1, 1, 0, 1, 0
54569, 0, 2, 1, 1, 0, 0
60509, 1, 1, 1, 0, 1, 0
52668, 4, 3, 2, 1, 4, 0
60510, 0, 1, 1, 0, 0, 0
60511, 0, 1, 0, 1, 0, 0
60512, 0, 1, 1, 0, 0, 0
60513, 1, 1, 1, 0, 1, 0
32694, 1, 2, 2, 0, 1, 0
60514, 1, 1, 1, 0, 1, 0
60515, 0, 3, 3, 0, 0, 0
60516, 1, 1, 1, 0, 1, 0
60517, 1, 2, 2, 0, 1, 0
60518, 4, 1, 1, 0, 3, 1
46028, 0, 3, 3, 0, 0, 0
60519, 0, 1, 1, 0, 0, 0
16820, 0, 2, 2, 0, 0, 0
60520, 0, 1, 1, 0, 0, 0
60521, 3, 2, 2, 0, 3, 0
50886, 3, 1, 1, 0, 3, 0
50888, 0, 1, 1, 0, 0, 0
60522, 6, 2, 2, 0, 6, 0
60523, 0, 2, 2, 0, 0, 0
17167, 3, 4, 4, 0, 3, 0
17168, 12, 4, 4, 0, 12, 0
17172, 7, 6, 6, 0, 7, 0
13850, 7, 0, 0, 0, 4, 3
60525, 0, 3, 3, 0, 0, 0
13859, 1, 0, 0, 0, 1, 0
13862, 0, 1, 1, 0, 0, 0
13863, 1, 1, 1, 0, 1, 0
13867, 0, 2, 1, 1, 0, 0
60526, 0, 1, 1, 0, 0, 0
25634, 0, 1, 1, 0, 0, 0
25637, 1, 1, 1, 0, 1, 0
25638, 0, 1, 0, 1, 0, 0
22394, 16, 1, 1, 0, 16, 0
60527, 0, 2, 2, 0, 0, 0
60528, 1, 1, 1, 0, 1, 0
60529, 0, 1, 1, 0, 0, 0
13873, 22, 0, 0, 0, 17, 5
13880, 0, 1, 0, 1, 0, 0
13881, 1, 0, 0, 0, 1, 0
13882, 11, 0, 0, 0, 7, 4
60537, 3, 1, 1, 0, 3, 0
60538, 3, 1, 1, 0, 3, 0
60539, 0, 1, 1, 0, 0, 0
60540, 2, 1, 1, 0, 2, 0
60541, 0, 1, 1, 0, 0, 0
60542, 4, 2, 2, 0, 4, 0
60543, 1, 2, 1, 1, 1, 0
60544, 3, 1, 1, 0, 3, 0
60545, 2, 2, 2, 0, 2, 0
50316, 1, 2, 2, 0, 1, 0
50317, 2, 3, 3, 0, 2, 0
50319, 0, 1, 1, 0, 0, 0
50320, 0, 1, 1, 0, 0, 0
50322, 0, 1, 1, 0, 0, 0
20364, 0, 2, 2, 0, 0, 0
20366, 0, 1, 1, 0, 0, 0
44583, 0, 1, 1, 0, 0, 0
58387, 0, 1, 1, 0, 0, 0
21052, 6, 5, 5, 0, 6, 0
21055, 0, 3, 3, 0, 0, 0
21058, 1, 3, 3, 0, 1, 0
28140, 0, 1, 1, 0, 0, 0
60546, 0, 1, 0, 1, 0, 0
60547, 0, 1, 1, 0, 0, 0
60548, 0, 1, 1, 0, 0, 0
60549, 2, 1, 0, 1, 2, 0
60550, 0, 1, 0, 1, 0, 0
60551, 1, 1, 0, 1, 1, 0
60552, 1, 1, 1, 0, 1, 0
60553, 14, 3, 3, 0, 8, 6
60554, 0, 1, 1, 0, 0, 0
60555, 2, 1, 0, 1, 1, 1
60556, 0, 2, 2, 0, 0, 0
60557, 1, 2, 2, 0, 1, 0
60558, 0, 1, 1, 0, 0, 0
60559, 0, 1, 1, 0, 0, 0
60560, 0, 1, 1, 0, 0, 0
60561, 0, 1, 1, 0, 0, 0
60562, 1, 1, 1, 0, 1, 0
60563, 0, 1, 1, 0, 0, 0
51149, 0, 2, 2, 0, 0, 0
51150, 0, 1, 1, 0, 0, 0
51151, 0, 2, 2, 0, 0, 0
57795, 0, 1, 1, 0, 0, 0
57796, 0, 2, 2, 0, 0, 0
60564, 0, 1, 0, 1, 0, 0
60565, 1, 1, 1, 0, 1, 0
45229, 0, 1, 1, 0, 0, 0
60566, 0, 1, 1, 0, 0, 0
60567, 1, 1, 1, 0, 1, 0
60568, 0, 1, 1, 0, 0, 0
60569, 0, 1, 1, 0, 0, 0
60570, 0, 1, 1, 0, 0, 0
60571, 0, 1, 1, 0, 0, 0
60572, 0, 1, 1, 0, 0, 0
37209, 27, 2, 2, 0, 24, 3
45631, 11, 1, 1, 0, 10, 1
56852, 13, 3, 3, 0, 7, 6
60573, 0, 1, 1, 0, 0, 0
60574, 2, 1, 1, 0, 2, 0
60575, 0, 1, 1, 0, 0, 0
32863, 2, 1, 1, 0, 0, 2
32865, 1, 1, 1, 0, 1, 0
32868, 5, 2, 2, 0, 5, 0
32869, 0, 1, 1, 0, 0, 0
37039, 1, 1, 1, 0, 1, 0
37040, 1, 2, 2, 0, 1, 0
37041, 0, 1, 1, 0, 0, 0
37042, 0, 1, 1, 0, 0, 0
44870, 24, 3, 3, 0, 18, 6
58007, 25, 2, 2, 0, 19, 6
60576, 2, 2, 2, 0, 2, 0
18827, 0, 6, 6, 0, 0, 0
60577, 0, 1, 1, 0, 0, 0
60578, 0, 1, 1, 0, 0, 0
60579, 0, 1, 1, 0, 0, 0
60580, 0, 1, 1, 0, 0, 0
60581, 0, 1, 1, 0, 0, 0
60582, 0, 1, 1, 0, 0, 0
44964, 0, 1, 1, 0, 0, 0
28020, 0, 1, 1, 0, 0, 0
28022, 0, 1, 1, 0, 0, 0
28023, 0, 11, 11, 0, 0, 0
28025, 0, 1, 0, 1, 0, 0
28026, 0, 1, 0, 1, 0, 0
13992, 1, 0, 0, 0, 1, 0
13995, 0, 1, 1, 0, 0, 0
13996, 0, 2, 1, 1, 0, 0
13998, 50, 3, 3, 0, 14, 36
45611, 0, 1, 1, 0, 0, 0
45612, 3, 2, 1, 1, 1, 2
45613, 9, 2, 2, 0, 9, 0
45614, 0, 3, 3, 0, 0, 0
31148, 0, 4, 4, 0, 0, 0
32668, 1, 1, 1, 0, 1, 0
13999, 5, 1, 1, 0, 5, 0
14000, 0, 1, 1, 0, 0, 0
14003, 2, 0, 0, 0, 2, 0
24398, 1, 1, 1, 0, 1, 0
22534, 0, 2, 2, 0, 0, 0
22535, 0, 1, 1, 0, 0, 0
22536, 0, 1, 0, 1, 0, 0
60584, 1, 3, 3, 0, 1, 0
47186, 0, 4, 4, 0, 0, 0
60585, 0, 1, 1, 0, 0, 0
17093, 0, 4, 4, 0, 0, 0
17094, 0, 1, 1, 0, 0, 0
17096, 1, 1, 1, 0, 1, 0
17105, 0, 1, 1, 0, 0, 0
17108, 0, 1, 1, 0, 0, 0
17109, 0, 1, 1, 0, 0, 0
17111, 0, 1, 1, 0, 0, 0
17113, 10, 3, 3, 0, 10, 0
17117, 4, 1, 1, 0, 4, 0
17119, 0, 1, 1, 0, 0, 0
20991, 0, 1, 1, 0, 0, 0
14018, 4, 4, 3, 1, 3, 1
14019, 1, 2, 2, 0, 1, 0
14021, 0, 10, 10, 0, 0, 0
41644, 0, 1, 1, 0, 0, 0
41645, 0, 1, 1, 0, 0, 0
41646, 3, 1, 1, 0, 3, 0
14026, 0, 1, 1, 0, 0, 0
14029, 0, 2, 2, 0, 0, 0
14030, 0, 1, 1, 0, 0, 0
14032, 1, 1, 1, 0, 1, 0
14033, 9, 1, 1, 0, 9, 0
14035, 0, 1, 1, 0, 0, 0
14036, 0, 3, 0, 3, 0, 0
32484, 12, 4, 4, 0, 11, 1
54684, 0, 2, 1, 1, 0, 0
60593, 0, 1, 1, 0, 0, 0
60594, 0, 1, 1, 0, 0, 0
60595, 2, 1, 1, 0, 2, 0
53171, 0, 2, 2, 0, 0, 0
60596, 0, 1, 1, 0, 0, 0
33026, 16, 4, 4, 0, 16, 0
33027, 4, 3, 3, 0, 4, 0
33029, 0, 2, 2, 0, 0, 0
33030, 0, 5, 5, 0, 0, 0
33032, 0, 2, 2, 0, 0, 0
60597, 0, 1, 1, 0, 0, 0
45231, 2, 1, 1, 0, 2, 0
20645, 1, 1, 1, 0, 1, 0
20646, 1, 1, 1, 0, 1, 0
14054, 8, 0, 0, 0, 8, 0
60631, 0, 1, 1, 0, 0, 0
60632, 0, 2, 2, 0, 0, 0
60633, 0, 1, 1, 0, 0, 0
60634, 0, 1, 1, 0, 0, 0
25703, 0, 1, 1, 0, 0, 0
25704, 0, 1, 1, 0, 0, 0
20572, 2, 1, 1, 0, 1, 1
60635, 1, 1, 1, 0, 1, 0
60636, 4, 1, 1, 0, 3, 1
30066, 1, 1, 1, 0, 1, 0
60637, 0, 3, 3, 0, 0, 0
60638, 0, 2, 2, 0, 0, 0
35525, 4, 1, 1, 0, 4, 0
60639, 0, 1, 1, 0, 0, 0
55147, 0, 1, 1, 0, 0, 0
37578, 8, 4, 4, 0, 8, 0
60640, 0, 1, 1, 0, 0, 0
60641, 0, 2, 0, 2, 0, 0
60642, 0, 1, 0, 1, 0, 0
60646, 0, 1, 1, 0, 0, 0
60643, 5, 3, 3, 0, 5, 0
60644, 0, 2, 2, 0, 0, 0
60645, 5, 3, 3, 0, 4, 1
31221, 0, 2, 1, 1, 0, 0
46070, 1, 2, 2, 0, 1, 0
46072, 0, 2, 2, 0, 0, 0
46073, 0, 2, 2, 0, 0, 0
46074, 0, 2, 2, 0, 0, 0
46078, 0, 1, 0, 1, 0, 0
46079, 1, 1, 0, 1, 1, 0
46082, 0, 1, 0, 1, 0, 0
60647, 0, 1, 1, 0, 0, 0
60648, 1, 1, 1, 0, 1, 0
60649, 5, 3, 3, 0, 5, 0
60650, 3, 6, 5, 1, 1, 2
20625, 1, 1, 1, 0, 1, 0
14118, 5, 1, 1, 0, 5, 0
14121, 7, 0, 0, 0, 7, 0
60651, 0, 1, 1, 0, 0, 0
60652, 1, 1, 1, 0, 1, 0
45794, 11, 2, 2, 0, 11, 0
45795, 1, 2, 2, 0, 1, 0
60653, 0, 1, 1, 0, 0, 0
60654, 1, 1, 1, 0, 1, 0
54403, 0, 3, 3, 0, 0, 0
54404, 0, 1, 1, 0, 0, 0
33088, 1, 3, 1, 2, 0, 1
54879, 0, 2, 0, 2, 0, 0
60655, 0, 1, 1, 0, 0, 0
60656, 3, 2, 2, 0, 3, 0
60657, 1, 1, 1, 0, 1, 0
60658, 0, 1, 0, 1, 0, 0
60659, 0, 1, 0, 1, 0, 0
60660, 0, 1, 0, 1, 0, 0
60661, 0, 1, 0, 1, 0, 0
60662, 0, 1, 1, 0, 0, 0
14159, 0, 1, 1, 0, 0, 0
14160, 0, 2, 2, 0, 0, 0
14165, 0, 2, 1, 1, 0, 0
14166, 0, 3, 0, 3, 0, 0
14167, 0, 1, 0, 1, 0, 0
14168, 2, 1, 0, 1, 2, 0
18944, 9, 5, 5, 0, 9, 0
27281, 0, 4, 3, 1, 0, 0
34383, 0, 4, 3, 1, 0, 0
43410, 0, 3, 2, 1, 0, 0
50818, 9, 4, 3, 1, 7, 2
55479, 4, 5, 5, 0, 4, 0
56828, 0, 2, 2, 0, 0, 0
56829, 0, 1, 1, 0, 0, 0
56830, 0, 2, 2, 0, 0, 0
56831, 1, 1, 1, 0, 0, 1
56832, 5, 3, 2, 1, 5, 0
56833, 1, 3, 2, 1, 0, 1
56834, 3, 1, 1, 0, 3, 0
56835, 0, 1, 1, 0, 0, 0
56836, 3, 2, 1, 1, 3, 0
56837, 0, 2, 2, 0, 0, 0
56838, 0, 1, 1, 0, 0, 0
56839, 0, 2, 2, 0, 0, 0
56840, 0, 2, 2, 0, 0, 0
56841, 0, 1, 0, 1, 0, 0
56842, 0, 2, 1, 1, 0, 0
56843, 1, 1, 0, 1, 1, 0
56844, 0, 2, 1, 1, 0, 0
56845, 0, 1, 0, 1, 0, 0
56846, 4, 1, 0, 1, 4, 0
56847, 0, 2, 1, 1, 0, 0
56849, 10, 1, 0, 1, 9, 1
56850, 11, 2, 1, 1, 9, 2
56851, 0, 1, 0, 1, 0, 0
60663, 0, 1, 1, 0, 0, 0
60664, 0, 1, 1, 0, 0, 0
60665, 0, 1, 1, 0, 0, 0
60666, 0, 1, 1, 0, 0, 0
60667, 0, 1, 1, 0, 0, 0
60668, 7, 2, 2, 0, 7, 0
60669, 0, 1, 1, 0, 0, 0
14171, 0, 1, 1, 0, 0, 0
41821, 2, 2, 2, 0, 2, 0
15812, 0, 8, 7, 1, 0, 0
19779, 0, 3, 3, 0, 0, 0
29464, 4, 2, 2, 0, 4, 0
29791, 5, 4, 4, 0, 5, 0
32552, 0, 3, 2, 1, 0, 0
35531, 0, 3, 3, 0, 0, 0
37947, 1, 5, 5, 0, 1, 0
37948, 0, 1, 1, 0, 0, 0
37949, 0, 1, 1, 0, 0, 0
37950, 0, 2, 2, 0, 0, 0
37951, 0, 3, 1, 2, 0, 0
37954, 0, 2, 2, 0, 0, 0
37955, 0, 3, 3, 0, 0, 0
37956, 0, 1, 1, 0, 0, 0
37957, 0, 1, 1, 0, 0, 0
37958, 0, 1, 1, 0, 0, 0
37960, 0, 2, 2, 0, 0, 0
37962, 0, 1, 1, 0, 0, 0
37964, 0, 2, 2, 0, 0, 0
37965, 1, 2, 2, 0, 1, 0
37966, 0, 1, 1, 0, 0, 0
37969, 3, 1, 1, 0, 3, 0
37970, 1, 1, 1, 0, 1, 0
34202, 0, 2, 2, 0, 0, 0
32577, 27, 4, 3, 1, 27, 0
35555, 30, 2, 2, 0, 28, 2
60670, 58, 3, 3, 0, 37, 21
60671, 10, 4, 3, 1, 6, 4
60672, 0, 4, 4, 0, 0, 0
60673, 0, 1, 1, 0, 0, 0
60674, 1, 1, 1, 0, 1, 0
60675, 0, 1, 1, 0, 0, 0
60676, 0, 2, 2, 0, 0, 0
60677, 0, 1, 1, 0, 0, 0
60678, 0, 1, 1, 0, 0, 0
60679, 5, 2, 2, 0, 5, 0
60680, 3, 2, 2, 0, 3, 0
60681, 0, 2, 2, 0, 0, 0
14191, 0, 1, 1, 0, 0, 0
14196, 0, 3, 2, 1, 0, 0
14197, 1, 2, 1, 1, 1, 0
14198, 0, 1, 1, 0, 0, 0
14199, 0, 1, 1, 0, 0, 0
14201, 2, 2, 2, 0, 2, 0
14203, 0, 1, 1, 0, 0, 0
14204, 0, 2, 2, 0, 0, 0
14205, 0, 1, 1, 0, 0, 0
14206, 0, 1, 1, 0, 0, 0
14207, 0, 1, 1, 0, 0, 0
14208, 0, 1, 1, 0, 0, 0
14210, 0, 1, 1, 0, 0, 0
14211, 1, 3, 3, 0, 1, 0
14220, 0, 1, 1, 0, 0, 0
14222, 2, 2, 1, 1, 2, 0
15608, 0, 3, 2, 1, 0, 0
57699, 0, 2, 1, 1, 0, 0
60687, 0, 2, 2, 0, 0, 0
60688, 0, 1, 1, 0, 0, 0
60689, 0, 1, 0, 1, 0, 0
60690, 0, 1, 0, 1, 0, 0
60691, 0, 2, 2, 0, 0, 0
60692, 1, 1, 1, 0, 1, 0
42484, 0, 3, 3, 0, 0, 0
60693, 3, 1, 1, 0, 3, 0
56891, 37, 2, 2, 0, 37, 0
60694, 5, 1, 1, 0, 4, 1
60695, 1, 2, 2, 0, 1, 0
60696, 19, 1, 1, 0, 19, 0
60697, 11, 1, 1, 0, 10, 1
14224, 5, 0, 0, 0, 5, 0
16094, 1, 3, 3, 0, 1, 0
60698, 0, 1, 1, 0, 0, 0
60699, 3, 4, 4, 0, 3, 0
24988, 2, 1, 1, 0, 1, 1
25531, 0, 1, 1, 0, 0, 0
25532, 0, 1, 1, 0, 0, 0
25534, 0, 1, 1, 0, 0, 0
25535, 0, 2, 1, 1, 0, 0
25536, 0, 2, 2, 0, 0, 0
25537, 5, 2, 2, 0, 4, 1
25538, 0, 1, 1, 0, 0, 0
25540, 1, 4, 4, 0, 1, 0
25543, 0, 1, 1, 0, 0, 0
25544, 2, 1, 1, 0, 2, 0
25545, 0, 2, 2, 0, 0, 0
25547, 0, 4, 4, 0, 0, 0
25689, 0, 2, 1, 1, 0, 0
34754, 0, 1, 1, 0, 0, 0
34756, 7, 1, 1, 0, 6, 1
34758, 1, 2, 1, 1, 0, 1
34760, 4, 2, 2, 0, 4, 0
34761, 1, 3, 3, 0, 1, 0
34765, 0, 1, 1, 0, 0, 0
34766, 0, 1, 1, 0, 0, 0
34768, 1, 1, 1, 0, 0, 1
34769, 0, 1, 0, 1, 0, 0
31161, 3, 6, 2, 4, 3, 0
33667, 5, 1, 1, 0, 4, 1
56247, 0, 1, 1, 0, 0, 0
56248, 0, 2, 2, 0, 0, 0
56249, 0, 1, 1, 0, 0, 0
56250, 0, 1, 1, 0, 0, 0
54424, 0, 2, 1, 1, 0, 0
60700, 0, 1, 1, 0, 0, 0
39107, 0, 1, 1, 0, 0, 0
39108, 0, 1, 1, 0, 0, 0
39109, 0, 1, 0, 1, 0, 0
60701, 0, 1, 1, 0, 0, 0
60702, 4, 2, 2, 0, 4, 0
60703, 0, 1, 1, 0, 0, 0
60704, 0, 1, 1, 0, 0, 0
44481, 2, 3, 3, 0, 2, 0
60705, 2, 2, 2, 0, 2, 0
60706, 0, 1, 1, 0, 0, 0
19119, 0, 2, 1, 1, 0, 0
19531, 2, 2, 1, 1, 1, 1
31288, 0, 2, 2, 0, 0, 0
31355, 5, 5, 1, 4, 4, 1
49578, 1, 4, 3, 1, 1, 0
52083, 0, 2, 2, 0, 0, 0
52085, 0, 3, 3, 0, 0, 0
52087, 0, 2, 2, 0, 0, 0
52088, 0, 4, 4, 0, 0, 0
52089, 0, 2, 2, 0, 0, 0
52090, 0, 1, 1, 0, 0, 0
52091, 0, 1, 1, 0, 0, 0
52092, 0, 3, 3, 0, 0, 0
52093, 8, 3, 3, 0, 8, 0
52094, 0, 1, 1, 0, 0, 0
52095, 5, 3, 2, 1, 5, 0
52096, 0, 2, 0, 2, 0, 0
60009, 1, 1, 1, 0, 0, 1
60010, 0, 2, 0, 2, 0, 0
60707, 5, 1, 1, 0, 4, 1
60708, 0, 1, 1, 0, 0, 0
55829, 1, 1, 1, 0, 1, 0
30759, 1, 3, 2, 1, 1, 0
30760, 0, 1, 1, 0, 0, 0
30761, 0, 1, 1, 0, 0, 0
30762, 0, 2, 1, 1, 0, 0
22775, 0, 2, 1, 1, 0, 0
28101, 0, 2, 0, 2, 0, 0
32827, 0, 3, 0, 3, 0, 0
47120, 0, 3, 3, 0, 0, 0
56281, 0, 2, 2, 0, 0, 0
59745, 0, 4, 2, 2, 0, 0
60092, 0, 1, 1, 0, 0, 0
60093, 0, 1, 1, 0, 0, 0
60094, 0, 3, 3, 0, 0, 0
60095, 0, 1, 1, 0, 0, 0
60096, 0, 1, 1, 0, 0, 0
60097, 0, 3, 2, 1, 0, 0
60098, 0, 1, 1, 0, 0, 0
60099, 0, 2, 2, 0, 0, 0
60100, 0, 1, 1, 0, 0, 0
60101, 0, 1, 1, 0, 0, 0
60102, 0, 2, 1, 1, 0, 0
60103, 0, 1, 1, 0, 0, 0
60104, 0, 2, 1, 1, 0, 0
60105, 0, 1, 0, 1, 0, 0
60106, 0, 2, 0, 2, 0, 0
60107, 0, 1, 0, 1, 0, 0
60108, 0, 1, 0, 1, 0, 0
60109, 0, 1, 0, 1, 0, 0
60110, 0, 1, 0, 1, 0, 0
60111, 0, 1, 0, 1, 0, 0
60112, 2, 4, 2, 2, 2, 0
60113, 1, 1, 0, 1, 0, 1
54032, 0, 1, 1, 0, 0, 0
54033, 1, 1, 1, 0, 1, 0
54034, 0, 1, 1, 0, 0, 0
60709, 0, 1, 1, 0, 0, 0
21918, 1, 1, 1, 0, 0, 1
21919, 0, 1, 1, 0, 0, 0
21920, 3, 1, 1, 0, 2, 1
23757, 21, 3, 1, 2, 6, 15
14318, 12, 2, 2, 0, 10, 2
20246, 0, 3, 0, 3, 0, 0
59996, 1, 1, 1, 0, 1, 0
59997, 0, 1, 1, 0, 0, 0
59998, 1, 1, 1, 0, 1, 0
59999, 0, 2, 2, 0, 0, 0
60000, 0, 1, 1, 0, 0, 0
60001, 0, 1, 1, 0, 0, 0
14321, 1, 0, 0, 0, 1, 0
14323, 0, 1, 1, 0, 0, 0
14324, 0, 2, 2, 0, 0, 0
14326, 0, 2, 2, 0, 0, 0
14327, 1, 2, 2, 0, 1, 0
14331, 6, 5, 3, 2, 6, 0
60731, 0, 3, 1, 2, 0, 0
60732, 0, 2, 1, 1, 0, 0
14541, 1, 4, 3, 1, 1, 0
29891, 1, 3, 2, 1, 1, 0
29895, 0, 2, 2, 0, 0, 0
14335, 4, 1, 0, 1, 4, 0
60733, 1, 1, 1, 0, 1, 0
44693, 0, 4, 4, 0, 0, 0
33825, 2, 1, 1, 0, 2, 0
54380, 1, 1, 1, 0, 1, 0
54381, 0, 2, 2, 0, 0, 0
54382, 1, 1, 1, 0, 1, 0
54383, 0, 1, 1, 0, 0, 0
60734, 0, 7, 7, 0, 0, 0
23765, 3, 3, 1, 2, 3, 0
60735, 0, 4, 4, 0, 0, 0
27721, 1, 2, 1, 1, 1, 0
27888, 4, 2, 1, 1, 3, 1
29764, 0, 3, 2, 1, 0, 0
34288, 7, 2, 1, 1, 4, 3
34724, 0, 3, 0, 3, 0, 0
49577, 1, 2, 0, 2, 1, 0
50685, 0, 2, 0, 2, 0, 0
52581, 2, 2, 1, 1, 0, 2
60736, 0, 1, 0, 1, 0, 0
60737, 0, 1, 0, 1, 0, 0
60738, 0, 1, 0, 1, 0, 0
60739, 0, 1, 0, 1, 0, 0
60740, 0, 1, 0, 1, 0, 0
60741, 0, 1, 0, 1, 0, 0
60742, 0, 1, 0, 1, 0, 0
60743, 0, 1, 0, 1, 0, 0
60744, 0, 1, 0, 1, 0, 0
60745, 1, 3, 2, 1, 1, 0
60746, 0, 1, 0, 1, 0, 0
60747, 0, 1, 0, 1, 0, 0
60748, 2, 2, 1, 1, 0, 2
60749, 0, 1, 0, 1, 0, 0
60750, 0, 1, 0, 1, 0, 0
60751, 0, 1, 0, 1, 0, 0
60752, 0, 1, 0, 1, 0, 0
60753, 0, 1, 0, 1, 0, 0
60754, 0, 1, 0, 1, 0, 0
60755, 6, 1, 0, 1, 4, 2
60756, 2, 1, 0, 1, 2, 0
60757, 0, 2, 0, 2, 0, 0
60758, 0, 1, 0, 1, 0, 0
60759, 3, 2, 2, 0, 3, 0
60760, 16, 2, 2, 0, 5, 11
60761, 0, 2, 2, 0, 0, 0
14361, 2, 1, 1, 0, 2, 0
60762, 0, 2, 2, 0, 0, 0
60763, 9, 1, 1, 0, 9, 0
15988, 0, 1, 1, 0, 0, 0
56960, 0, 2, 0, 2, 0, 0
60764, 0, 2, 1, 1, 0, 0
60765, 0, 1, 0, 1, 0, 0
60766, 0, 1, 1, 0, 0, 0
14399, 3, 0, 0, 0, 3, 0
14400, 7, 0, 0, 0, 7, 0
14404, 7, 3, 3, 0, 7, 0
14406, 0, 4, 4, 0, 0, 0
14408, 0, 3, 3, 0, 0, 0
14409, 0, 4, 4, 0, 0, 0
18835, 0, 2, 1, 1, 0, 0
60769, 0, 1, 1, 0, 0, 0
14411, 8, 0, 0, 0, 7, 1
14413, 0, 3, 3, 0, 0, 0
60770, 0, 1, 1, 0, 0, 0
60771, 0, 1, 1, 0, 0, 0
14414, 7, 0, 0, 0, 7, 0
14415, 9, 0, 0, 0, 9, 0
14416, 1, 0, 0, 0, 1, 0
14418, 0, 1, 1, 0, 0, 0
14419, 0, 1, 1, 0, 0, 0
14420, 9, 6, 6, 0, 7, 2
50025, 7, 1, 1, 0, 7, 0
14421, 2, 0, 0, 0, 2, 0
14422, 6, 1, 1, 0, 6, 0
14424, 90, 3, 3, 0, 89, 1
14426, 0, 4, 4, 0, 0, 0
14434, 1, 1, 1, 0, 1, 0
14443, 0, 4, 4, 0, 0, 0
44247, 3, 1, 1, 0, 3, 0
60772, 0, 2, 2, 0, 0, 0
60773, 1, 1, 1, 0, 1, 0
60774, 1, 1, 1, 0, 1, 0
60775, 1, 1, 1, 0, 1, 0
60776, 0, 3, 3, 0, 0, 0
47149, 0, 1, 1, 0, 0, 0
27311, 0, 5, 4, 1, 0, 0
60123, 0, 1, 1, 0, 0, 0
60124, 0, 2, 2, 0, 0, 0
60125, 0, 1, 1, 0, 0, 0
60126, 4, 3, 3, 0, 4, 0
60127, 2, 3, 3, 0, 2, 0
60777, 1, 1, 1, 0, 1, 0
27971, 5, 1, 1, 0, 4, 1
27972, 4, 2, 2, 0, 4, 0
27975, 0, 1, 0, 1, 0, 0
27978, 2, 1, 0, 1, 2, 0
27980, 0, 2, 1, 1, 0, 0
60782, 3, 1, 1, 0, 3, 0
29645, 3, 3, 3, 0, 3, 0
60783, 5, 1, 1, 0, 2, 3
14467, 0, 3, 3, 0, 0, 0
14468, 0, 2, 2, 0, 0, 0
14470, 3, 2, 2, 0, 3, 0
14478, 0, 2, 2, 0, 0, 0
31269, 45, 2, 1, 1, 41, 4
60784, 0, 1, 1, 0, 0, 0
60785, 3, 2, 2, 0, 3, 0
60786, 0, 1, 1, 0, 0, 0
60787, 3, 1, 1, 0, 2, 1
60788, 9, 1, 0, 1, 3, 6
60789, 0, 4, 4, 0, 0, 0
60790, 0, 1, 0, 1, 0, 0
60791, 0, 1, 0, 1, 0, 0
60792, 1, 3, 3, 0, 1, 0
60793, 1, 1, 1, 0, 1, 0
14480, 7, 1, 1, 0, 6, 1
14481, 1, 0, 0, 0, 1, 0
41869, 0, 4, 3, 1, 0, 0
57697, 1, 1, 1, 0, 1, 0
57698, 0, 2, 2, 0, 0, 0
57700, 0, 1, 1, 0, 0, 0
57701, 12, 1, 1, 0, 7, 5
57702, 0, 1, 1, 0, 0, 0
57703, 2, 5, 3, 2, 2, 0
57704, 11, 1, 1, 0, 11, 0
57705, 0, 1, 1, 0, 0, 0
57706, 0, 1, 1, 0, 0, 0
57707, 0, 1, 1, 0, 0, 0
57708, 0, 2, 2, 0, 0, 0
57709, 0, 1, 1, 0, 0, 0
57710, 0, 1, 1, 0, 0, 0
57711, 0, 2, 2, 0, 0, 0
57712, 0, 1, 1, 0, 0, 0
57713, 0, 1, 1, 0, 0, 0
57714, 1, 1, 0, 1, 0, 1
60795, 0, 1, 1, 0, 0, 0
60796, 0, 1, 1, 0, 0, 0
60797, 0, 1, 1, 0, 0, 0
23302, 19, 4, 4, 0, 19, 0
27864, 4, 3, 3, 0, 3, 1
30053, 0, 1, 0, 1, 0, 0
30054, 0, 1, 0, 1, 0, 0
30055, 0, 2, 0, 2, 0, 0
30056, 0, 1, 0, 1, 0, 0
60798, 0, 2, 2, 0, 0, 0
60799, 0, 2, 2, 0, 0, 0
60800, 0, 1, 1, 0, 0, 0
60801, 1, 1, 1, 0, 1, 0
60802, 2, 1, 1, 0, 1, 1
60803, 0, 2, 2, 0, 0, 0
25893, 5, 1, 1, 0, 3, 2
28016, 0, 2, 1, 1, 0, 0
32495, 1, 2, 1, 1, 1, 0
41870, 3, 3, 3, 0, 3, 0
41872, 1, 1, 1, 0, 1, 0
41873, 0, 1, 1, 0, 0, 0
41874, 0, 1, 1, 0, 0, 0
41875, 5, 1, 1, 0, 5, 0
41876, 0, 1, 1, 0, 0, 0
41878, 4, 2, 2, 0, 3, 1
41879, 0, 1, 1, 0, 0, 0
41880, 0, 1, 1, 0, 0, 0
41882, 1, 2, 2, 0, 1, 0
41883, 0, 1, 1, 0, 0, 0
41888, 1, 1, 0, 1, 1, 0
41889, 0, 1, 0, 1, 0, 0
41891, 6, 1, 0, 1, 6, 0
41892, 2, 2, 1, 1, 1, 1
15499, 13, 1, 1, 0, 13, 0
14521, 0, 1, 1, 0, 0, 0
32628, 0, 8, 8, 0, 0, 0
19254, 0, 7, 6, 1, 0, 0
19255, 0, 1, 1, 0, 0, 0
19257, 9, 2, 2, 0, 7, 2
19261, 0, 2, 1, 1, 0, 0
19262, 0, 2, 2, 0, 0, 0
19263, 0, 2, 2, 0, 0, 0
19264, 0, 1, 1, 0, 0, 0
19265, 1, 1, 1, 0, 1, 0
19267, 3, 2, 2, 0, 1, 2
19274, 0, 1, 1, 0, 0, 0
19276, 2, 2, 2, 0, 2, 0
19277, 2, 1, 1, 0, 2, 0
19297, 0, 1, 1, 0, 0, 0
19298, 0, 2, 2, 0, 0, 0
19299, 0, 1, 1, 0, 0, 0
19300, 5, 3, 3, 0, 5, 0
19302, 1, 1, 1, 0, 1, 0
19304, 0, 6, 6, 0, 0, 0
19306, 6, 1, 1, 0, 4, 2
19309, 0, 1, 1, 0, 0, 0
19313, 0, 2, 1, 1, 0, 0
19315, 2, 1, 0, 1, 2, 0
42094, 11, 1, 1, 0, 5, 6
23724, 0, 1, 1, 0, 0, 0
23725, 0, 1, 1, 0, 0, 0
23726, 0, 1, 1, 0, 0, 0
23732, 2, 1, 1, 0, 2, 0
23733, 0, 2, 2, 0, 0, 0
23737, 0, 1, 1, 0, 0, 0
23741, 0, 1, 0, 1, 0, 0
23742, 1, 2, 1, 1, 1, 0
23745, 0, 2, 0, 2, 0, 0
23747, 0, 1, 0, 1, 0, 0
23749, 0, 1, 0, 1, 0, 0
23750, 4, 1, 0, 1, 4, 0
23751, 0, 1, 0, 1, 0, 0
23752, 0, 1, 0, 1, 0, 0
23754, 0, 1, 0, 1, 0, 0
23758, 0, 1, 0, 1, 0, 0
23760, 0, 1, 0, 1, 0, 0
60804, 24, 2, 2, 0, 21, 3
60805, 0, 1, 1, 0, 0, 0
29664, 0, 2, 2, 0, 0, 0
29665, 0, 1, 1, 0, 0, 0
29668, 3, 2, 2, 0, 3, 0
29674, 7, 6, 3, 3, 5, 2
29676, 0, 1, 0, 1, 0, 0
29678, 0, 1, 0, 1, 0, 0
29682, 1, 1, 0, 1, 1, 0
29683, 0, 3, 1, 2, 0, 0
29684, 1, 1, 0, 1, 1, 0
29688, 0, 1, 0, 1, 0, 0
29689, 0, 1, 0, 1, 0, 0
29690, 0, 3, 2, 1, 0, 0
29692, 0, 2, 1, 1, 0, 0
29693, 1, 2, 1, 1, 0, 1
29695, 0, 1, 0, 1, 0, 0
29698, 0, 1, 0, 1, 0, 0
29699, 1, 2, 1, 1, 1, 0
43964, 1, 3, 3, 0, 1, 0
60806, 22, 2, 2, 0, 22, 0
60807, 0, 1, 1, 0, 0, 0
60808, 13, 1, 0, 1, 10, 3
60809, 26, 1, 0, 1, 5, 21
60810, 0, 1, 1, 0, 0, 0
14539, 12, 0, 0, 0, 11, 1
58053, 0, 1, 1, 0, 0, 0
58054, 1, 1, 1, 0, 1, 0
60816, 2, 2, 2, 0, 2, 0
60817, 5, 3, 3, 0, 3, 2
52348, 4, 1, 1, 0, 4, 0
52349, 0, 1, 1, 0, 0, 0
60818, 0, 1, 0, 1, 0, 0
60819, 0, 1, 1, 0, 0, 0
60820, 0, 1, 1, 0, 0, 0
60821, 0, 1, 1, 0, 0, 0
60822, 0, 1, 1, 0, 0, 0
54465, 0, 5, 5, 0, 0, 0
58068, 0, 1, 1, 0, 0, 0
58069, 0, 1, 1, 0, 0, 0
58070, 0, 2, 2, 0, 0, 0
60823, 0, 1, 1, 0, 0, 0
60824, 0, 1, 1, 0, 0, 0
60825, 0, 1, 1, 0, 0, 0
60826, 0, 1, 1, 0, 0, 0
60827, 0, 1, 0, 1, 0, 0
60828, 1, 1, 1, 0, 1, 0
60829, 0, 1, 1, 0, 0, 0
17158, 1, 5, 3, 2, 1, 0
48097, 0, 5, 5, 0, 0, 0
54905, 0, 2, 2, 0, 0, 0
60830, 4, 1, 1, 0, 4, 0
14614, 15, 2, 2, 0, 14, 1
14615, 1, 1, 1, 0, 1, 0
15148, 0, 5, 4, 1, 0, 0
60831, 0, 3, 3, 0, 0, 0
14617, 3, 0, 0, 0, 3, 0
14620, 0, 2, 2, 0, 0, 0
14624, 0, 1, 1, 0, 0, 0
14626, 0, 1, 1, 0, 0, 0
14630, 0, 1, 1, 0, 0, 0
14633, 0, 1, 0, 1, 0, 0
14635, 0, 1, 0, 1, 0, 0
14636, 0, 1, 0, 1, 0, 0
14640, 0, 1, 0, 1, 0, 0
28112, 1, 3, 3, 0, 1, 0
60832, 1, 1, 0, 1, 0, 1
60833, 8, 2, 1, 1, 7, 1
60835, 1, 1, 1, 0, 1, 0
60836, 0, 1, 1, 0, 0, 0
31347, 0, 3, 2, 1, 0, 0
60837, 0, 1, 1, 0, 0, 0
60838, 0, 3, 3, 0, 0, 0
60839, 0, 3, 3, 0, 0, 0
14642, 1, 0, 0, 0, 1, 0
14643, 1, 2, 2, 0, 1, 0
14646, 0, 1, 1, 0, 0, 0
14648, 0, 1, 0, 1, 0, 0
14650, 0, 2, 0, 2, 0, 0
14651, 0, 1, 0, 1, 0, 0
29747, 0, 3, 2, 1, 0, 0
54745, 0, 2, 2, 0, 0, 0
55627, 0, 2, 1, 1, 0, 0
55628, 0, 1, 1, 0, 0, 0
55630, 0, 1, 1, 0, 0, 0
55631, 0, 1, 0, 1, 0, 0
14654, 3, 0, 0, 0, 2, 1
35824, 0, 6, 6, 0, 0, 0
60841, 0, 1, 1, 0, 0, 0
35995, 0, 4, 0, 4, 0, 0
60842, 0, 1, 1, 0, 0, 0
14673, 1, 2, 2, 0, 1, 0
14674, 0, 1, 1, 0, 0, 0
14675, 2, 1, 1, 0, 2, 0
55409, 23, 1, 1, 0, 20, 3
14678, 5, 0, 0, 0, 4, 1
14679, 1, 0, 0, 0, 1, 0
60843, 4, 1, 1, 0, 3, 1
18102, 0, 2, 2, 0, 0, 0
48602, 0, 2, 1, 1, 0, 0
19523, 0, 2, 1, 1, 0, 0
26263, 5, 2, 2, 0, 5, 0
26287, 3, 1, 1, 0, 1, 2
26290, 0, 5, 5, 0, 0, 0
26292, 0, 2, 1, 1, 0, 0
37358, 0, 4, 3, 1, 0, 0
37405, 20, 1, 1, 0, 20, 0
37406, 5, 5, 5, 0, 3, 2
37407, 0, 1, 1, 0, 0, 0
60844, 0, 2, 2, 0, 0, 0
60845, 0, 1, 1, 0, 0, 0
60846, 1, 3, 3, 0, 1, 0
15556, 1, 3, 1, 2, 1, 0
20846, 0, 2, 2, 0, 0, 0
36527, 1, 5, 2, 3, 0, 1
45806, 0, 1, 1, 0, 0, 0
45807, 1, 1, 1, 0, 0, 1
45809, 0, 1, 0, 1, 0, 0
45811, 0, 1, 0, 1, 0, 0
45812, 0, 1, 0, 1, 0, 0
45813, 2, 1, 0, 1, 2, 0
45814, 0, 2, 0, 2, 0, 0
22172, 0, 1, 1, 0, 0, 0
15575, 0, 1, 1, 0, 0, 0
15582, 2, 1, 1, 0, 2, 0
15583, 0, 2, 2, 0, 0, 0
15589, 0, 1, 1, 0, 0, 0
15594, 0, 1, 1, 0, 0, 0
15605, 0, 1, 1, 0, 0, 0
15610, 0, 1, 1, 0, 0, 0
60847, 0, 2, 2, 0, 0, 0
60848, 2, 2, 2, 0, 2, 0
60490, 0, 2, 1, 1, 0, 0
60849, 0, 1, 1, 0, 0, 0
60850, 0, 1, 1, 0, 0, 0
60851, 7, 3, 2, 1, 5, 2
60852, 0, 2, 2, 0, 0, 0
39060, 0, 2, 1, 1, 0, 0
41684, 2, 2, 2, 0, 2, 0
41685, 5, 2, 2, 0, 5, 0
35421, 0, 2, 2, 0, 0, 0
60853, 1, 1, 0, 1, 1, 0
60872, 0, 2, 2, 0, 0, 0
16544, 1, 3, 2, 1, 0, 1
45157, 2, 1, 0, 1, 2, 0
60873, 0, 1, 1, 0, 0, 0
60874, 1, 2, 2, 0, 1, 0
60875, 0, 1, 0, 1, 0, 0
60876, 1, 1, 0, 1, 1, 0
60877, 0, 1, 0, 1, 0, 0
60878, 0, 1, 1, 0, 0, 0
60879, 0, 2, 2, 0, 0, 0
60880, 0, 1, 1, 0, 0, 0
60881, 1, 1, 1, 0, 1, 0
60882, 0, 1, 1, 0, 0, 0
60883, 0, 2, 2, 0, 0, 0
60884, 1, 1, 1, 0, 1, 0
60885, 0, 1, 0, 1, 0, 0
60886, 1, 1, 0, 1, 1, 0
60887, 0, 1, 1, 0, 0, 0
20965, 1, 1, 1, 0, 1, 0
20966, 0, 2, 2, 0, 0, 0
20967, 1, 1, 1, 0, 1, 0
20968, 4, 2, 2, 0, 4, 0
20970, 0, 1, 1, 0, 0, 0
60888, 6, 1, 1, 0, 3, 3
60889, 0, 1, 1, 0, 0, 0
52067, 1, 3, 3, 0, 1, 0
46186, 11, 2, 2, 0, 8, 3
20605, 2, 4, 4, 0, 2, 0
28458, 10, 6, 6, 0, 10, 0
42505, 7, 2, 2, 0, 7, 0
44398, 0, 2, 2, 0, 0, 0
50400, 0, 1, 1, 0, 0, 0
50401, 0, 2, 2, 0, 0, 0
50403, 0, 1, 1, 0, 0, 0
50404, 1, 2, 2, 0, 1, 0
50405, 1, 1, 1, 0, 1, 0
50408, 0, 1, 1, 0, 0, 0
50410, 0, 1, 1, 0, 0, 0
50411, 0, 1, 1, 0, 0, 0
50412, 0, 3, 3, 0, 0, 0
50413, 0, 1, 1, 0, 0, 0
50415, 0, 1, 1, 0, 0, 0
50416, 0, 2, 2, 0, 0, 0
60890, 0, 1, 1, 0, 0, 0
60891, 24, 2, 2, 0, 24, 0
60892, 27, 2, 2, 0, 26, 1
32536, 0, 2, 2, 0, 0, 0
52066, 29, 5, 2, 3, 21, 8
60893, 0, 1, 1, 0, 0, 0
60894, 2, 1, 1, 0, 2, 0
60895, 0, 1, 1, 0, 0, 0
60896, 0, 1, 1, 0, 0, 0
41342, 0, 2, 2, 0, 0, 0
59801, 0, 1, 1, 0, 0, 0
59802, 0, 2, 2, 0, 0, 0
27615, 3, 3, 2, 1, 3, 0
16657, 0, 3, 2, 1, 0, 0
16659, 0, 1, 1, 0, 0, 0
16660, 0, 4, 4, 0, 0, 0
16665, 0, 4, 3, 1, 0, 0
16668, 0, 3, 2, 1, 0, 0
16670, 0, 3, 1, 2, 0, 0
16671, 0, 2, 1, 1, 0, 0
16673, 4, 2, 2, 0, 4, 0
16675, 0, 1, 1, 0, 0, 0
16676, 0, 1, 1, 0, 0, 0
16679, 0, 1, 1, 0, 0, 0
16680, 0, 1, 0, 1, 0, 0
30990, 2, 5, 4, 1, 1, 1
17829, 2, 2, 2, 0, 2, 0
17830, 0, 1, 1, 0, 0, 0
17831, 0, 1, 1, 0, 0, 0
17833, 1, 2, 2, 0, 1, 0
17834, 0, 2, 2, 0, 0, 0
17836, 14, 1, 1, 0, 14, 0
54692, 0, 1, 1, 0, 0, 0
54693, 0, 1, 1, 0, 0, 0
54694, 0, 1, 0, 1, 0, 0
60897, 3, 1, 1, 0, 1, 2
14761, 7, 0, 0, 0, 7, 0
60898, 0, 1, 1, 0, 0, 0
15099, 0, 3, 3, 0, 0, 0
56229, 1, 1, 1, 0, 1, 0
56230, 6, 1, 1, 0, 6, 0
56231, 15, 1, 1, 0, 6, 9
56232, 7, 2, 2, 0, 5, 2
56233, 0, 1, 1, 0, 0, 0
56234, 0, 1, 1, 0, 0, 0
56236, 0, 1, 0, 1, 0, 0
60899, 0, 1, 1, 0, 0, 0
60900, 0, 1, 1, 0, 0, 0
60901, 0, 2, 1, 1, 0, 0
60902, 0, 1, 1, 0, 0, 0
60903, 1, 1, 1, 0, 1, 0
60904, 1, 1, 1, 0, 1, 0
24711, 0, 3, 3, 0, 0, 0
60905, 0, 1, 0, 1, 0, 0
60906, 1, 1, 1, 0, 1, 0
60907, 0, 1, 1, 0, 0, 0
55418, 0, 1, 1, 0, 0, 0
55419, 3, 1, 1, 0, 3, 0
55420, 0, 1, 1, 0, 0, 0
24514, 0, 1, 1, 0, 0, 0
24515, 1, 2, 2, 0, 1, 0
60908, 0, 1, 1, 0, 0, 0
55385, 0, 2, 1, 1, 0, 0
55386, 0, 1, 1, 0, 0, 0
36041, 0, 1, 1, 0, 0, 0
36042, 0, 1, 0, 1, 0, 0
33128, 1, 7, 6, 1, 1, 0
53376, 0, 8, 8, 0, 0, 0
54504, 1, 3, 3, 0, 1, 0
60909, 46, 3, 2, 1, 17, 29
60910, 2, 1, 1, 0, 2, 0
60911, 2, 4, 3, 1, 2, 0
60912, 5, 2, 2, 0, 5, 0
60913, 3, 2, 2, 0, 3, 0
60914, 0, 1, 1, 0, 0, 0
54166, 2, 3, 1, 2, 1, 1
49795, 40, 1, 1, 0, 40, 0
58013, 0, 3, 2, 1, 0, 0
58014, 1, 1, 1, 0, 1, 0
58015, 1, 1, 1, 0, 1, 0
33084, 4, 4, 4, 0, 3, 1
45007, 0, 2, 2, 0, 0, 0
55269, 3, 1, 1, 0, 3, 0
60915, 0, 2, 2, 0, 0, 0
60916, 0, 1, 1, 0, 0, 0
60917, 0, 2, 2, 0, 0, 0
60918, 2, 4, 4, 0, 2, 0
14844, 0, 2, 2, 0, 0, 0
14853, 0, 2, 2, 0, 0, 0
14857, 20, 1, 1, 0, 14, 6
60920, 0, 4, 4, 0, 0, 0
58268, 0, 1, 1, 0, 0, 0
38020, 0, 1, 0, 1, 0, 0
55194, 0, 2, 2, 0, 0, 0
60921, 0, 1, 1, 0, 0, 0
60922, 0, 1, 1, 0, 0, 0
60923, 0, 1, 1, 0, 0, 0
15996, 22, 3, 3, 0, 12, 10
15997, 2, 3, 3, 0, 2, 0
15999, 3, 3, 3, 0, 3, 0
20978, 0, 4, 3, 1, 0, 0
55767, 1, 2, 1, 1, 1, 0
55769, 1, 1, 1, 0, 1, 0
54489, 0, 3, 3, 0, 0, 0
60924, 0, 1, 1, 0, 0, 0
60925, 0, 1, 1, 0, 0, 0
60926, 0, 1, 1, 0, 0, 0
15613, 0, 1, 1, 0, 0, 0
25870, 0, 2, 2, 0, 0, 0
29708, 1, 4, 3, 1, 0, 1
60927, 0, 1, 1, 0, 0, 0
60928, 1, 1, 1, 0, 1, 0
37587, 6, 2, 2, 0, 5, 1
60929, 1, 1, 1, 0, 1, 0
60930, 1, 1, 1, 0, 1, 0
23042, 7, 1, 1, 0, 7, 0
38402, 0, 5, 3, 2, 0, 0
48180, 1, 3, 2, 1, 0, 1
60931, 0, 1, 1, 0, 0, 0
60932, 0, 1, 1, 0, 0, 0
60933, 0, 1, 1, 0, 0, 0
60934, 0, 1, 1, 0, 0, 0
60935, 0, 1, 1, 0, 0, 0
60936, 0, 1, 1, 0, 0, 0
60937, 0, 1, 1, 0, 0, 0
60938, 0, 1, 1, 0, 0, 0
60939, 0, 1, 0, 1, 0, 0
60940, 0, 1, 0, 1, 0, 0
60941, 0, 1, 0, 1, 0, 0
60942, 0, 1, 0, 1, 0, 0
60943, 0, 1, 1, 0, 0, 0
14897, 7, 0, 0, 0, 7, 0
14898, 17, 0, 0, 0, 17, 0
14915, 0, 2, 0, 2, 0, 0
14919, 0, 3, 0, 3, 0, 0
55374, 0, 2, 2, 0, 0, 0
21583, 0, 1, 1, 0, 0, 0
21588, 0, 1, 0, 1, 0, 0
21589, 1, 1, 0, 1, 0, 1
21590, 3, 2, 1, 1, 3, 0
21591, 9, 1, 0, 1, 9, 0
21592, 0, 1, 0, 1, 0, 0
21594, 0, 1, 0, 1, 0, 0
21599, 0, 1, 0, 1, 0, 0
32432, 2, 4, 3, 1, 2, 0
44878, 3, 3, 3, 0, 3, 0
57028, 35, 1, 1, 0, 26, 9
59786, 38, 1, 1, 0, 33, 5
60979, 1, 1, 1, 0, 1, 0
60980, 0, 2, 2, 0, 0, 0
60981, 0, 1, 1, 0, 0, 0
60982, 3, 1, 1, 0, 3, 0
60983, 0, 2, 1, 1, 0, 0
60984, 0, 1, 0, 1, 0, 0
60985, 0, 1, 0, 1, 0, 0
29345, 0, 5, 2, 3, 0, 0
54183, 0, 2, 1, 1, 0, 0
60986, 0, 2, 2, 0, 0, 0
60987, 0, 1, 0, 1, 0, 0
60988, 0, 1, 0, 1, 0, 0
60989, 0, 1, 0, 1, 0, 0
14920, 11, 0, 0, 0, 9, 2
60990, 0, 1, 1, 0, 0, 0
60991, 5, 3, 3, 0, 5, 0
36022, 0, 1, 0, 1, 0, 0
47623, 0, 3, 3, 0, 0, 0
60992, 0, 1, 1, 0, 0, 0
60993, 0, 2, 2, 0, 0, 0
60994, 0, 2, 1, 1, 0, 0
56800, 0, 1, 1, 0, 0, 0
56801, 21, 1, 1, 0, 2, 19
56802, 0, 2, 2, 0, 0, 0
56803, 11, 1, 1, 0, 11, 0
36899, 14, 6, 6, 0, 12, 2
14942, 1, 0, 0, 0, 1, 0
14943, 1, 4, 3, 1, 1, 0
60999, 2, 1, 1, 0, 2, 0
61000, 3, 1, 0, 1, 0, 3
52081, 0, 2, 1, 1, 0, 0
61020, 0, 1, 1, 0, 0, 0
61021, 0, 1, 1, 0, 0, 0
61022, 0, 1, 1, 0, 0, 0
61023, 0, 1, 1, 0, 0, 0
61024, 0, 1, 1, 0, 0, 0
61025, 0, 1, 1, 0, 0, 0
61026, 0, 1, 1, 0, 0, 0
61027, 0, 1, 1, 0, 0, 0
61028, 0, 1, 1, 0, 0, 0
61029, 0, 1, 1, 0, 0, 0
61030, 0, 1, 1, 0, 0, 0
61031, 0, 1, 1, 0, 0, 0
61032, 0, 1, 1, 0, 0, 0
61033, 0, 1, 1, 0, 0, 0
61034, 0, 1, 1, 0, 0, 0
61035, 0, 1, 1, 0, 0, 0
61036, 0, 1, 1, 0, 0, 0
61037, 0, 1, 1, 0, 0, 0
61038, 0, 1, 1, 0, 0, 0
61039, 0, 1, 1, 0, 0, 0
61040, 0, 2, 2, 0, 0, 0
61041, 0, 1, 1, 0, 0, 0
61042, 0, 1, 1, 0, 0, 0
61043, 0, 1, 1, 0, 0, 0
61044, 0, 1, 1, 0, 0, 0
61045, 0, 1, 1, 0, 0, 0
61046, 0, 1, 1, 0, 0, 0
61047, 0, 1, 1, 0, 0, 0
61048, 0, 1, 1, 0, 0, 0
61049, 0, 1, 1, 0, 0, 0
61050, 0, 1, 1, 0, 0, 0
61051, 1, 1, 1, 0, 1, 0
61052, 0, 1, 1, 0, 0, 0
61053, 0, 1, 1, 0, 0, 0
61054, 0, 1, 0, 1, 0, 0
61055, 0, 1, 0, 1, 0, 0
61057, 2, 2, 2, 0, 1, 1
61058, 0, 1, 1, 0, 0, 0
61059, 6, 1, 1, 0, 5, 1
61060, 0, 1, 1, 0, 0, 0
61061, 0, 1, 1, 0, 0, 0
61062, 0, 1, 1, 0, 0, 0
41343, 2, 3, 3, 0, 2, 0
41726, 0, 2, 2, 0, 0, 0
51124, 0, 1, 1, 0, 0, 0
51125, 12, 3, 3, 0, 7, 5
51126, 0, 1, 1, 0, 0, 0
51127, 1, 2, 2, 0, 1, 0
51128, 0, 2, 2, 0, 0, 0
51129, 0, 1, 1, 0, 0, 0
51131, 0, 1, 1, 0, 0, 0
51132, 1, 1, 0, 1, 0, 1
61063, 1, 1, 1, 0, 1, 0
45717, 0, 1, 0, 1, 0, 0
61064, 0, 1, 1, 0, 0, 0
54625, 0, 3, 3, 0, 0, 0
42093, 4, 3, 3, 0, 4, 0
61065, 29, 1, 1, 0, 8, 21
61066, 0, 1, 1, 0, 0, 0
61067, 0, 3, 3, 0, 0, 0
61068, 0, 1, 1, 0, 0, 0
61069, 0, 1, 1, 0, 0, 0
16822, 2, 1, 1, 0, 2, 0
58073, 0, 5, 5, 0, 0, 0
61071, 0, 1, 1, 0, 0, 0
31345, 0, 1, 1, 0, 0, 0
31346, 0, 1, 1, 0, 0, 0
31348, 0, 1, 1, 0, 0, 0
31349, 1, 2, 2, 0, 1, 0
31351, 0, 1, 0, 1, 0, 0
31352, 0, 1, 0, 1, 0, 0
61072, 5, 2, 2, 0, 5, 0
61073, 1, 1, 1, 0, 1, 0
43642, 0, 1, 1, 0, 0, 0
61074, 1, 1, 1, 0, 1, 0
29410, 5, 1, 1, 0, 4, 1
59907, 0, 1, 1, 0, 0, 0
59908, 0, 1, 1, 0, 0, 0
15020, 12, 0, 0, 0, 11, 1
15021, 0, 1, 1, 0, 0, 0
15022, 0, 1, 1, 0, 0, 0
15023, 0, 1, 1, 0, 0, 0
50676, 2, 4, 4, 0, 2, 0
61075, 2, 2, 2, 0, 1, 1
46031, 0, 1, 1, 0, 0, 0
46032, 0, 1, 1, 0, 0, 0
46033, 0, 1, 1, 0, 0, 0
32697, 0, 2, 2, 0, 0, 0
27270, 0, 6, 4, 2, 0, 0
50204, 0, 5, 5, 0, 0, 0
15054, 2, 0, 0, 0, 2, 0
15066, 0, 2, 0, 2, 0, 0
15075, 0, 2, 0, 2, 0, 0
15076, 4, 1, 0, 1, 4, 0
61076, 0, 3, 3, 0, 0, 0
61077, 0, 1, 1, 0, 0, 0
61078, 0, 1, 1, 0, 0, 0
29181, 3, 1, 1, 0, 3, 0
61079, 0, 1, 1, 0, 0, 0
61086, 0, 1, 1, 0, 0, 0
61087, 1, 1, 1, 0, 1, 0
61088, 0, 1, 1, 0, 0, 0
21281, 1, 2, 2, 0, 1, 0
21283, 2, 1, 1, 0, 2, 0
21284, 6, 1, 1, 0, 3, 3
19958, 0, 2, 1, 1, 0, 0
52701, 1, 1, 1, 0, 1, 0
36352, 0, 3, 2, 1, 0, 0
61089, 0, 1, 1, 0, 0, 0
61090, 0, 1, 1, 0, 0, 0
61091, 0, 2, 2, 0, 0, 0
61092, 0, 1, 0, 1, 0, 0
61093, 0, 1, 0, 1, 0, 0
61094, 2, 4, 3, 1, 2, 0
61095, 0, 1, 1, 0, 0, 0
29139, 0, 3, 2, 1, 0, 0
52100, 5, 3, 3, 0, 4, 1
52101, 0, 1, 1, 0, 0, 0
52102, 17, 1, 1, 0, 17, 0
15092, 2, 1, 1, 0, 1, 1
15094, 3, 0, 0, 0, 3, 0
15098, 0, 2, 1, 1, 0, 0
15100, 0, 2, 2, 0, 0, 0
15102, 0, 1, 1, 0, 0, 0
15103, 1, 1, 1, 0, 1, 0
15108, 2, 1, 1, 0, 2, 0
15110, 0, 2, 1, 1, 0, 0
15111, 0, 1, 1, 0, 0, 0
15112, 0, 1, 1, 0, 0, 0
15118, 0, 1, 1, 0, 0, 0
15119, 0, 1, 1, 0, 0, 0
15121, 0, 1, 1, 0, 0, 0
15126, 0, 2, 2, 0, 0, 0
15128, 0, 4, 4, 0, 0, 0
15132, 1, 4, 2, 2, 1, 0
15135, 0, 1, 1, 0, 0, 0
15144, 0, 1, 1, 0, 0, 0
15145, 0, 1, 1, 0, 0, 0
15151, 0, 1, 1, 0, 0, 0
15152, 0, 2, 2, 0, 0, 0
61098, 0, 2, 1, 1, 0, 0
35146, 0, 3, 2, 1, 0, 0
40365, 0, 2, 2, 0, 0, 0
54756, 0, 2, 0, 2, 0, 0
60023, 2, 4, 3, 1, 2, 0
61099, 1, 1, 1, 0, 1, 0
61100, 0, 1, 0, 1, 0, 0
61101, 0, 1, 1, 0, 0, 0
58412, 0, 2, 2, 0, 0, 0
58468, 6, 2, 2, 0, 3, 3
61102, 0, 1, 1, 0, 0, 0
61103, 1, 1, 1, 0, 1, 0
61104, 0, 1, 1, 0, 0, 0
61105, 0, 1, 1, 0, 0, 0
61106, 0, 1, 1, 0, 0, 0
61107, 0, 1, 1, 0, 0, 0
61108, 0, 1, 1, 0, 0, 0
59780, 0, 1, 1, 0, 0, 0
59781, 0, 3, 2, 1, 0, 0
50173, 0, 1, 1, 0, 0, 0
50174, 1, 1, 1, 0, 1, 0
19469, 1, 1, 1, 0, 1, 0
32468, 13, 2, 2, 0, 9, 4
57629, 73, 3, 2, 1, 11, 62
61109, 6, 2, 2, 0, 6, 0
61110, 3, 2, 2, 0, 3, 0
61111, 1, 2, 2, 0, 1, 0
61112, 1, 1, 1, 0, 1, 0
61113, 2, 2, 2, 0, 2, 0
61114, 0, 4, 4, 0, 0, 0
30143, 0, 2, 0, 2, 0, 0
32809, 0, 4, 4, 0, 0, 0
32811, 0, 1, 0, 1, 0, 0
32812, 0, 1, 0, 1, 0, 0
32814, 0, 1, 0, 1, 0, 0
32816, 0, 1, 0, 1, 0, 0
32818, 0, 2, 1, 1, 0, 0
32821, 0, 1, 0, 1, 0, 0
32822, 0, 2, 1, 1, 0, 0
32825, 0, 1, 0, 1, 0, 0
32826, 0, 1, 0, 1, 0, 0
32828, 1, 1, 0, 1, 1, 0
32829, 0, 1, 0, 1, 0, 0
32830, 0, 1, 0, 1, 0, 0
32832, 0, 1, 0, 1, 0, 0
15158, 5, 0, 0, 0, 5, 0
15160, 0, 2, 2, 0, 0, 0
17979, 0, 4, 4, 0, 0, 0
15961, 2, 1, 1, 0, 2, 0
61120, 0, 1, 1, 0, 0, 0
15177, 0, 1, 1, 0, 0, 0
15178, 0, 1, 1, 0, 0, 0
15180, 0, 1, 1, 0, 0, 0
15182, 0, 2, 2, 0, 0, 0
15185, 0, 1, 1, 0, 0, 0
15186, 0, 1, 1, 0, 0, 0
15191, 0, 2, 2, 0, 0, 0
15192, 0, 1, 0, 1, 0, 0
15194, 0, 1, 0, 1, 0, 0
15196, 4, 3, 1, 2, 2, 2
52197, 0, 2, 2, 0, 0, 0
52198, 0, 1, 0, 1, 0, 0
52193, 1, 2, 2, 0, 1, 0
52194, 0, 1, 1, 0, 0, 0
61121, 3, 1, 0, 1, 0, 3
15199, 0, 2, 2, 0, 0, 0
15200, 21, 1, 1, 0, 20, 1
61122, 0, 1, 1, 0, 0, 0
61123, 2, 1, 1, 0, 2, 0
20633, 0, 2, 1, 1, 0, 0
54466, 1, 2, 2, 0, 1, 0
61124, 0, 1, 1, 0, 0, 0
61125, 0, 2, 0, 2, 0, 0
15207, 0, 6, 6, 0, 0, 0
15217, 0, 2, 2, 0, 0, 0
23307, 4, 2, 2, 0, 4, 0
26456, 0, 4, 4, 0, 0, 0
46102, 0, 1, 1, 0, 0, 0
27664, 3, 3, 3, 0, 3, 0
27666, 4, 3, 3, 0, 4, 0
27669, 0, 3, 3, 0, 0, 0
27671, 0, 1, 1, 0, 0, 0
30279, 0, 2, 1, 1, 0, 0
44925, 0, 1, 1, 0, 0, 0
15220, 0, 5, 5, 0, 0, 0
15223, 1, 1, 1, 0, 0, 1
15225, 0, 1, 1, 0, 0, 0
15226, 1, 1, 1, 0, 1, 0
15227, 0, 1, 1, 0, 0, 0
15236, 0, 1, 1, 0, 0, 0
15237, 3, 2, 2, 0, 3, 0
15241, 0, 1, 1, 0, 0, 0
15242, 0, 4, 4, 0, 0, 0
15251, 6, 2, 1, 1, 3, 3
15255, 0, 2, 2, 0, 0, 0
15257, 0, 1, 1, 0, 0, 0
15258, 0, 1, 1, 0, 0, 0
15260, 0, 1, 0, 1, 0, 0
15261, 2, 1, 0, 1, 2, 0
15264, 0, 1, 0, 1, 0, 0
15265, 0, 1, 0, 1, 0, 0
15268, 0, 1, 0, 1, 0, 0
15271, 0, 1, 0, 1, 0, 0
15278, 0, 1, 0, 1, 0, 0
15280, 0, 1, 0, 1, 0, 0
15282, 0, 2, 1, 1, 0, 0
15283, 1, 1, 0, 1, 1, 0
15285, 0, 1, 0, 1, 0, 0
15287, 2, 1, 0, 1, 2, 0
15290, 0, 1, 0, 1, 0, 0
15298, 0, 4, 3, 1, 0, 0
61126, 2, 1, 1, 0, 2, 0
61127, 0, 1, 1, 0, 0, 0
61128, 0, 2, 2, 0, 0, 0
39127, 0, 3, 3, 0, 0, 0
39128, 1, 3, 3, 0, 1, 0
61129, 0, 3, 3, 0, 0, 0
61130, 1, 1, 1, 0, 1, 0
16538, 0, 1, 1, 0, 0, 0
16541, 0, 2, 2, 0, 0, 0
16542, 0, 1, 1, 0, 0, 0
16543, 1, 2, 2, 0, 1, 0
16545, 23, 1, 1, 0, 23, 0
16548, 0, 1, 1, 0, 0, 0
16549, 0, 1, 1, 0, 0, 0
61131, 1, 1, 1, 0, 1, 0
19935, 0, 3, 0, 3, 0, 0
28782, 18, 3, 3, 0, 18, 0
54272, 4, 1, 1, 0, 4, 0
54273, 1, 3, 3, 0, 1, 0
54274, 0, 2, 2, 0, 0, 0
54275, 0, 4, 4, 0, 0, 0
54276, 0, 2, 2, 0, 0, 0
61138, 0, 1, 1, 0, 0, 0
61139, 0, 2, 2, 0, 0, 0
58395, 0, 2, 2, 0, 0, 0
57742, 0, 4, 4, 0, 0, 0
61140, 3, 2, 2, 0, 3, 0
61141, 1, 1, 1, 0, 1, 0
61142, 4, 3, 3, 0, 4, 0
61143, 1, 2, 2, 0, 1, 0
61144, 0, 1, 1, 0, 0, 0
61145, 0, 1, 1, 0, 0, 0
61146, 0, 1, 1, 0, 0, 0
54444, 0, 5, 5, 0, 0, 0
33158, 0, 1, 1, 0, 0, 0
33159, 0, 1, 1, 0, 0, 0
33161, 7, 4, 4, 0, 7, 0
33162, 1, 1, 1, 0, 1, 0
61147, 0, 1, 1, 0, 0, 0
55054, 6, 1, 1, 0, 2, 4
22141, 1, 2, 2, 0, 1, 0
61148, 0, 1, 1, 0, 0, 0
61149, 0, 1, 0, 1, 0, 0
61150, 0, 3, 1, 2, 0, 0
61151, 0, 5, 5, 0, 0, 0
61152, 2, 1, 1, 0, 2, 0
55220, 0, 5, 5, 0, 0, 0
61153, 7, 1, 1, 0, 6, 1
61154, 1, 1, 1, 0, 1, 0
15303, 21, 1, 1, 0, 21, 0
15304, 0, 3, 3, 0, 0, 0
15305, 2, 1, 1, 0, 2, 0
61155, 0, 1, 1, 0, 0, 0
15312, 0, 1, 1, 0, 0, 0
15314, 0, 1, 1, 0, 0, 0
61156, 0, 1, 1, 0, 0, 0
61157, 0, 1, 1, 0, 0, 0
61158, 20, 2, 1, 1, 14, 6
61159, 0, 1, 1, 0, 0, 0
61160, 1, 3, 2, 1, 1, 0
61161, 0, 2, 2, 0, 0, 0
61162, 0, 1, 1, 0, 0, 0
34144, 17, 2, 2, 0, 15, 2
35727, 0, 2, 2, 0, 0, 0
44775, 0, 3, 2, 1, 0, 0
52577, 1, 5, 5, 0, 1, 0
54781, 3, 2, 1, 1, 3, 0
55882, 3, 2, 2, 0, 3, 0
61163, 9, 1, 1, 0, 6, 3
61164, 2, 1, 1, 0, 2, 0
61165, 0, 1, 1, 0, 0, 0
61166, 0, 1, 1, 0, 0, 0
61167, 0, 1, 1, 0, 0, 0
61168, 0, 1, 1, 0, 0, 0
61169, 1, 2, 2, 0, 1, 0
61170, 0, 1, 1, 0, 0, 0
61171, 0, 1, 0, 1, 0, 0
61172, 0, 1, 0, 1, 0, 0
61173, 0, 2, 0, 2, 0, 0
61174, 2, 1, 0, 1, 2, 0
61175, 0, 1, 0, 1, 0, 0
30626, 0, 5, 5, 0, 0, 0
44517, 1, 2, 2, 0, 1, 0
45685, 1, 2, 2, 0, 1, 0
61176, 0, 3, 3, 0, 0, 0
61177, 0, 1, 1, 0, 0, 0
61178, 0, 1, 1, 0, 0, 0
61179, 0, 1, 1, 0, 0, 0
61180, 0, 1, 1, 0, 0, 0
61181, 0, 2, 2, 0, 0, 0
61182, 0, 1, 1, 0, 0, 0
61183, 1, 2, 2, 0, 1, 0
61184, 0, 2, 2, 0, 0, 0
38352, 0, 1, 1, 0, 0, 0
37359, 0, 1, 1, 0, 0, 0
37362, 0, 1, 1, 0, 0, 0
37363, 0, 1, 1, 0, 0, 0
17331, 0, 1, 1, 0, 0, 0
17332, 0, 1, 1, 0, 0, 0
61185, 0, 1, 1, 0, 0, 0
45150, 0, 1, 1, 0, 0, 0
55404, 2, 1, 1, 0, 2, 0
25375, 0, 2, 1, 1, 0, 0
15331, 1, 0, 0, 0, 1, 0
15332, 10, 0, 0, 0, 10, 0
15333, 4, 0, 0, 0, 4, 0
59385, 0, 2, 2, 0, 0, 0
54860, 1, 1, 1, 0, 1, 0
15343, 3, 1, 1, 0, 2, 1
15344, 2, 2, 2, 0, 2, 0
61199, 0, 1, 1, 0, 0, 0
61200, 0, 1, 1, 0, 0, 0
61201, 0, 2, 2, 0, 0, 0
61202, 1, 3, 1, 2, 1, 0
61203, 6, 1, 1, 0, 6, 0
61204, 0, 1, 1, 0, 0, 0
61205, 0, 1, 1, 0, 0, 0
61206, 2, 1, 1, 0, 1, 1
61207, 0, 1, 1, 0, 0, 0
61208, 0, 1, 1, 0, 0, 0
25519, 2, 2, 1, 1, 2, 0
25521, 0, 1, 1, 0, 0, 0
25526, 0, 3, 3, 0, 0, 0
61209, 0, 1, 1, 0, 0, 0
34359, 31, 4, 3, 1, 31, 0
61210, 0, 1, 1, 0, 0, 0
61211, 0, 1, 1, 0, 0, 0
61212, 0, 1, 1, 0, 0, 0
61213, 0, 1, 1, 0, 0, 0
61214, 0, 1, 1, 0, 0, 0
61215, 0, 3, 3, 0, 0, 0
45218, 6, 1, 1, 0, 6, 0
61216, 0, 1, 1, 0, 0, 0
61217, 19, 2, 2, 0, 11, 8
61218, 0, 1, 1, 0, 0, 0
50179, 0, 2, 2, 0, 0, 0
50181, 0, 2, 2, 0, 0, 0
56795, 1, 1, 1, 0, 1, 0
35204, 1, 4, 4, 0, 1, 0
58532, 0, 1, 1, 0, 0, 0
44839, 2, 4, 4, 0, 2, 0
61219, 0, 1, 1, 0, 0, 0
61220, 2, 1, 1, 0, 2, 0
61221, 0, 2, 1, 1, 0, 0
38403, 0, 5, 5, 0, 0, 0
55011, 5, 2, 2, 0, 5, 0
55560, 1, 1, 1, 0, 1, 0
61222, 0, 1, 1, 0, 0, 0
61223, 0, 1, 0, 1, 0, 0
52000, 0, 2, 1, 1, 0, 0
52001, 1, 3, 3, 0, 0, 1
52002, 1, 1, 1, 0, 1, 0
52003, 0, 2, 1, 1, 0, 0
52004, 0, 1, 1, 0, 0, 0
52006, 13, 1, 0, 1, 12, 1
54372, 0, 4, 4, 0, 0, 0
61224, 2, 5, 5, 0, 1, 1
61225, 0, 1, 1, 0, 0, 0
61226, 0, 1, 1, 0, 0, 0
61227, 0, 2, 0, 2, 0, 0
61228, 0, 1, 1, 0, 0, 0
61229, 0, 1, 1, 0, 0, 0
61230, 1, 1, 1, 0, 1, 0
61231, 0, 1, 1, 0, 0, 0
61232, 0, 5, 5, 0, 0, 0
59747, 202, 2, 2, 0, 2, 200
61233, 1, 1, 1, 0, 0, 1
61234, 0, 1, 0, 1, 0, 0
43796, 0, 1, 1, 0, 0, 0
43797, 11, 2, 2, 0, 10, 1
61235, 2, 2, 2, 0, 2, 0
61236, 0, 2, 2, 0, 0, 0
45690, 0, 1, 1, 0, 0, 0
23594, 0, 2, 2, 0, 0, 0
59372, 0, 2, 2, 0, 0, 0
58367, 1, 2, 2, 0, 1, 0
61240, 1, 1, 1, 0, 1, 0
61241, 0, 2, 2, 0, 0, 0
61242, 0, 1, 0, 1, 0, 0
61243, 2, 1, 0, 1, 1, 1
61244, 1, 2, 0, 2, 1, 0
58967, 2, 5, 5, 0, 2, 0
61245, 0, 1, 1, 0, 0, 0
61246, 2, 1, 1, 0, 2, 0
61247, 1, 2, 2, 0, 1, 0
61248, 9, 1, 1, 0, 9, 0
61249, 3, 1, 0, 1, 2, 1
20130, 40, 1, 1, 0, 40, 0
61250, 0, 1, 1, 0, 0, 0
44278, 0, 1, 1, 0, 0, 0
44279, 0, 1, 1, 0, 0, 0
44033, 0, 1, 1, 0, 0, 0
44034, 17, 2, 2, 0, 12, 5
61251, 0, 2, 0, 2, 0, 0
61252, 0, 1, 0, 1, 0, 0
61253, 0, 1, 1, 0, 0, 0
61254, 1, 3, 3, 0, 1, 0
46290, 2, 3, 2, 1, 2, 0
46291, 0, 2, 2, 0, 0, 0
46292, 0, 2, 1, 1, 0, 0
46293, 0, 1, 0, 1, 0, 0
46294, 0, 1, 0, 1, 0, 0
46295, 0, 1, 0, 1, 0, 0
15477, 0, 2, 2, 0, 0, 0
44374, 0, 7, 7, 0, 0, 0
52671, 0, 2, 2, 0, 0, 0
55246, 18, 3, 2, 1, 18, 0
38737, 0, 1, 1, 0, 0, 0
61255, 0, 1, 1, 0, 0, 0
33818, 33, 2, 2, 0, 32, 1
45802, 0, 1, 1, 0, 0, 0
45803, 0, 1, 1, 0, 0, 0
45804, 0, 1, 1, 0, 0, 0
21625, 6, 2, 2, 0, 6, 0
61256, 8, 3, 3, 0, 8, 0
61257, 0, 2, 2, 0, 0, 0
61258, 0, 1, 1, 0, 0, 0
43225, 0, 1, 1, 0, 0, 0
41897, 0, 1, 1, 0, 0, 0
41902, 0, 1, 1, 0, 0, 0
28107, 1, 1, 1, 0, 1, 0
28110, 0, 2, 2, 0, 0, 0
28111, 0, 1, 1, 0, 0, 0
28115, 0, 1, 1, 0, 0, 0
28117, 0, 1, 0, 1, 0, 0
28118, 4, 1, 0, 1, 3, 1
15503, 1, 0, 0, 0, 1, 0
15507, 0, 2, 2, 0, 0, 0
15509, 0, 1, 1, 0, 0, 0
15510, 0, 2, 1, 1, 0, 0
15511, 0, 1, 1, 0, 0, 0
15512, 0, 1, 1, 0, 0, 0
15519, 1, 1, 1, 0, 1, 0
15520, 0, 2, 2, 0, 0, 0
15524, 0, 2, 2, 0, 0, 0
15528, 0, 3, 3, 0, 0, 0
15530, 0, 2, 2, 0, 0, 0
15537, 0, 1, 1, 0, 0, 0
15540, 0, 3, 3, 0, 0, 0
15541, 0, 2, 1, 1, 0, 0
15549, 0, 1, 0, 1, 0, 0
15552, 0, 1, 0, 1, 0, 0
15559, 0, 1, 0, 1, 0, 0
15562, 0, 1, 0, 1, 0, 0
15563, 0, 1, 0, 1, 0, 0
15565, 0, 1, 0, 1, 0, 0
15566, 0, 1, 0, 1, 0, 0
15567, 0, 1, 0, 1, 0, 0
15569, 0, 4, 3, 1, 0, 0
61262, 3, 1, 1, 0, 3, 0
61263, 0, 1, 1, 0, 0, 0
61264, 0, 1, 1, 0, 0, 0
33778, 0, 1, 1, 0, 0, 0
33779, 0, 1, 1, 0, 0, 0
61265, 1, 2, 2, 0, 1, 0
61266, 1, 1, 1, 0, 1, 0
61267, 0, 1, 1, 0, 0, 0
61268, 1, 1, 1, 0, 1, 0
61269, 0, 1, 1, 0, 0, 0
34889, 0, 3, 1, 2, 0, 0
61270, 0, 1, 0, 1, 0, 0
61271, 1, 1, 0, 1, 0, 1
61272, 0, 1, 0, 1, 0, 0
48603, 0, 5, 3, 2, 0, 0
61273, 0, 1, 1, 0, 0, 0
61274, 0, 2, 2, 0, 0, 0
61275, 1, 1, 1, 0, 1, 0
61276, 0, 1, 1, 0, 0, 0
15571, 15, 0, 0, 0, 14, 1
15572, 0, 1, 1, 0, 0, 0
15573, 0, 1, 1, 0, 0, 0
61277, 0, 1, 0, 1, 0, 0
32640, 4, 5, 5, 0, 4, 0
34024, 4, 1, 0, 1, 3, 1
57723, 0, 1, 1, 0, 0, 0
57724, 0, 1, 0, 1, 0, 0
57725, 0, 1, 0, 1, 0, 0
57726, 0, 1, 0, 1, 0, 0
57727, 0, 1, 0, 1, 0, 0
61278, 0, 1, 1, 0, 0, 0
18383, 0, 1, 1, 0, 0, 0
22082, 0, 1, 1, 0, 0, 0
22087, 0, 2, 1, 1, 0, 0
61279, 0, 3, 3, 0, 0, 0
61280, 0, 1, 1, 0, 0, 0
61281, 0, 1, 1, 0, 0, 0
34187, 0, 3, 3, 0, 0, 0
34188, 0, 1, 1, 0, 0, 0
34190, 0, 1, 1, 0, 0, 0
34191, 1, 1, 1, 0, 1, 0
34193, 4, 4, 4, 0, 4, 0
34194, 2, 1, 1, 0, 2, 0
34195, 0, 1, 1, 0, 0, 0
46159, 2, 2, 2, 0, 2, 0
46161, 1, 1, 0, 1, 0, 1
15614, 3, 0, 0, 0, 3, 0
15618, 8, 1, 1, 0, 8, 0
15620, 0, 2, 1, 1, 0, 0
15621, 1, 2, 2, 0, 1, 0
15624, 0, 1, 1, 0, 0, 0
15626, 1, 1, 1, 0, 1, 0
15628, 0, 2, 2, 0, 0, 0
15629, 1, 1, 1, 0, 1, 0
15630, 18, 7, 5, 2, 17, 1
61291, 0, 1, 0, 1, 0, 0
61292, 1, 1, 1, 0, 1, 0
61293, 1, 1, 1, 0, 1, 0
16092, 11, 1, 1, 0, 11, 0
16932, 0, 3, 2, 1, 0, 0
18470, 0, 2, 2, 0, 0, 0
20854, 0, 7, 7, 0, 0, 0
23271, 0, 2, 2, 0, 0, 0
24698, 3, 7, 7, 0, 3, 0
35278, 9, 2, 2, 0, 9, 0
44790, 0, 2, 2, 0, 0, 0
49374, 0, 2, 2, 0, 0, 0
49575, 0, 2, 1, 1, 0, 0
60171, 2, 1, 1, 0, 2, 0
60172, 0, 1, 1, 0, 0, 0
60173, 0, 1, 1, 0, 0, 0
60174, 0, 1, 1, 0, 0, 0
60175, 2, 1, 1, 0, 2, 0
60176, 0, 1, 1, 0, 0, 0
60177, 0, 2, 2, 0, 0, 0
60178, 0, 1, 1, 0, 0, 0
60179, 0, 1, 1, 0, 0, 0
60180, 0, 1, 1, 0, 0, 0
61294, 0, 1, 1, 0, 0, 0
21828, 3, 1, 1, 0, 3, 0
61295, 1, 1, 1, 0, 1, 0
15647, 13, 10, 10, 0, 13, 0
15648, 0, 4, 4, 0, 0, 0
15649, 0, 1, 1, 0, 0, 0
15650, 1, 2, 2, 0, 1, 0
15651, 0, 6, 6, 0, 0, 0
15654, 1, 2, 2, 0, 1, 0
15655, 0, 3, 3, 0, 0, 0
15656, 0, 1, 1, 0, 0, 0
15657, 0, 1, 1, 0, 0, 0
15658, 0, 6, 6, 0, 0, 0
15662, 0, 1, 1, 0, 0, 0
15664, 0, 6, 6, 0, 0, 0
15665, 0, 2, 2, 0, 0, 0
15667, 0, 5, 5, 0, 0, 0
15668, 0, 5, 5, 0, 0, 0
15669, 0, 1, 1, 0, 0, 0
15670, 0, 9, 9, 0, 0, 0
15671, 0, 1, 1, 0, 0, 0
15672, 0, 1, 1, 0, 0, 0
15673, 0, 3, 3, 0, 0, 0
15676, 3, 3, 3, 0, 3, 0
15677, 1, 1, 1, 0, 1, 0
15679, 0, 1, 1, 0, 0, 0
15681, 2, 3, 3, 0, 2, 0
15683, 0, 1, 1, 0, 0, 0
15688, 0, 2, 2, 0, 0, 0
15693, 0, 2, 2, 0, 0, 0
15694, 0, 8, 8, 0, 0, 0
15696, 0, 1, 1, 0, 0, 0
15697, 0, 1, 1, 0, 0, 0
15698, 0, 1, 1, 0, 0, 0
15699, 0, 1, 1, 0, 0, 0
15701, 0, 1, 1, 0, 0, 0
15703, 0, 1, 1, 0, 0, 0
15704, 8, 6, 6, 0, 7, 1
15705, 0, 1, 1, 0, 0, 0
15709, 0, 2, 2, 0, 0, 0
15711, 0, 1, 0, 1, 0, 0
15712, 0, 1, 0, 1, 0, 0
61307, 0, 2, 2, 0, 0, 0
27803, 2, 7, 6, 1, 2, 0
61308, 0, 2, 2, 0, 0, 0
61309, 0, 1, 1, 0, 0, 0
61310, 0, 1, 1, 0, 0, 0
61311, 1, 1, 1, 0, 1, 0
52108, 0, 2, 2, 0, 0, 0
52109, 1, 1, 1, 0, 1, 0
61312, 0, 1, 1, 0, 0, 0
59953, 0, 3, 3, 0, 0, 0
61313, 0, 1, 1, 0, 0, 0
53546, 22, 1, 1, 0, 20, 2
15717, 5, 0, 0, 0, 4, 1
61318, 0, 1, 1, 0, 0, 0
61322, 1, 1, 1, 0, 0, 1
61323, 1, 1, 1, 0, 1, 0
15740, 1, 0, 0, 0, 1, 0
15741, 3, 0, 0, 0, 3, 0
49799, 0, 4, 4, 0, 0, 0
54484, 21, 2, 2, 0, 21, 0
54485, 1, 2, 2, 0, 1, 0
54486, 3, 2, 2, 0, 3, 0
54487, 0, 5, 5, 0, 0, 0
54488, 0, 2, 2, 0, 0, 0
55485, 0, 1, 1, 0, 0, 0
55486, 0, 1, 1, 0, 0, 0
61324, 0, 1, 1, 0, 0, 0
61325, 2, 1, 0, 1, 0, 2
61326, 0, 1, 1, 0, 0, 0
54635, 21, 1, 0, 1, 19, 2
56119, 0, 2, 1, 1, 0, 0
59343, 0, 1, 1, 0, 0, 0
59344, 3, 2, 2, 0, 3, 0
59345, 0, 1, 1, 0, 0, 0
59346, 1, 2, 2, 0, 1, 0
61327, 0, 1, 1, 0, 0, 0
61328, 1, 1, 1, 0, 1, 0
17147, 6, 3, 2, 1, 6, 0
61329, 2, 1, 1, 0, 2, 0
61330, 0, 1, 1, 0, 0, 0
15763, 3, 0, 0, 0, 3, 0
15764, 1, 0, 0, 0, 1, 0
15769, 4, 1, 1, 0, 4, 0
15771, 0, 1, 1, 0, 0, 0
15774, 12, 3, 3, 0, 7, 5
15775, 3, 3, 3, 0, 3, 0
15787, 0, 2, 1, 1, 0, 0
15788, 12, 2, 2, 0, 12, 0
61340, 0, 1, 1, 0, 0, 0
61341, 9, 1, 1, 0, 7, 2
61342, 1, 1, 1, 0, 1, 0
61343, 0, 1, 1, 0, 0, 0
61344, 0, 2, 2, 0, 0, 0
61345, 0, 2, 2, 0, 0, 0
55025, 0, 1, 1, 0, 0, 0
15789, 8, 0, 0, 0, 7, 1
41574, 1, 2, 2, 0, 1, 0
48600, 0, 1, 1, 0, 0, 0
48601, 0, 1, 1, 0, 0, 0
58360, 0, 3, 0, 3, 0, 0
15796, 0, 1, 1, 0, 0, 0
61346, 0, 2, 2, 0, 0, 0
61347, 2, 1, 1, 0, 1, 1
15804, 1, 1, 1, 0, 1, 0
15811, 0, 1, 1, 0, 0, 0
15814, 0, 1, 1, 0, 0, 0
54582, 0, 3, 2, 1, 0, 0
61348, 0, 1, 1, 0, 0, 0
15816, 1, 0, 0, 0, 1, 0
55624, 0, 4, 4, 0, 0, 0
15831, 7, 1, 1, 0, 7, 0
15840, 0, 1, 1, 0, 0, 0
15841, 0, 1, 0, 1, 0, 0
22945, 0, 3, 1, 2, 0, 0
38243, 0, 1, 1, 0, 0, 0
38244, 0, 1, 1, 0, 0, 0
32716, 0, 2, 2, 0, 0, 0
35840, 13, 1, 1, 0, 10, 3
61349, 0, 1, 1, 0, 0, 0
35924, 0, 2, 2, 0, 0, 0
43773, 8, 1, 1, 0, 8, 0
45620, 0, 1, 1, 0, 0, 0
45621, 0, 1, 1, 0, 0, 0
45622, 1, 2, 2, 0, 1, 0
45623, 8, 1, 0, 1, 8, 0
45624, 8, 1, 0, 1, 7, 1
19901, 2, 1, 1, 0, 1, 1
61350, 1, 3, 3, 0, 1, 0
61351, 0, 1, 1, 0, 0, 0
61352, 1, 1, 1, 0, 1, 0
61353, 0, 1, 1, 0, 0, 0
61354, 0, 1, 1, 0, 0, 0
61355, 1, 1, 1, 0, 1, 0
24295, 0, 5, 5, 0, 0, 0
29331, 8, 2, 2, 0, 7, 1
29338, 0, 2, 2, 0, 0, 0
29339, 0, 1, 1, 0, 0, 0
29340, 0, 1, 1, 0, 0, 0
29342, 0, 1, 1, 0, 0, 0
29347, 68, 2, 1, 1, 66, 2
29348, 0, 2, 0, 2, 0, 0
29350, 6, 1, 0, 1, 5, 1
29351, 2, 2, 1, 1, 2, 0
61356, 0, 1, 1, 0, 0, 0
61357, 1, 1, 1, 0, 1, 0
17204, 3, 4, 0, 4, 2, 1
61358, 0, 1, 0, 1, 0, 0
61359, 0, 1, 0, 1, 0, 0
57720, 1, 2, 2, 0, 1, 0
57721, 0, 2, 2, 0, 0, 0
57722, 0, 3, 1, 2, 0, 0
29470, 0, 2, 1, 1, 0, 0
35541, 0, 2, 0, 2, 0, 0
35787, 0, 3, 2, 1, 0, 0
35788, 0, 4, 3, 1, 0, 0
35789, 0, 2, 2, 0, 0, 0
35790, 0, 1, 1, 0, 0, 0
35791, 0, 4, 4, 0, 0, 0
35792, 0, 1, 1, 0, 0, 0
35793, 1, 2, 1, 1, 1, 0
35796, 0, 1, 1, 0, 0, 0
35797, 0, 1, 1, 0, 0, 0
35803, 0, 2, 0, 2, 0, 0
51979, 2, 1, 1, 0, 2, 0
33397, 2, 2, 1, 1, 1, 1
33398, 0, 1, 1, 0, 0, 0
61360, 3, 1, 1, 0, 3, 0
61361, 0, 1, 1, 0, 0, 0
22911, 0, 8, 8, 0, 0, 0
35610, 0, 2, 2, 0, 0, 0
37199, 1, 3, 3, 0, 1, 0
38366, 0, 2, 2, 0, 0, 0
33176, 0, 3, 3, 0, 0, 0
55083, 0, 3, 2, 1, 0, 0
61362, 0, 1, 1, 0, 0, 0
61363, 0, 1, 0, 1, 0, 0
61364, 1, 3, 2, 1, 1, 0
16768, 2, 7, 4, 3, 1, 1
16778, 2, 3, 3, 0, 2, 0
57753, 0, 1, 0, 1, 0, 0
55870, 0, 3, 0, 3, 0, 0
59930, 0, 3, 2, 1, 0, 0
61365, 0, 1, 1, 0, 0, 0
61366, 0, 1, 1, 0, 0, 0
61367, 0, 1, 1, 0, 0, 0
61368, 0, 1, 1, 0, 0, 0
57955, 4, 2, 1, 1, 4, 0
57956, 0, 1, 1, 0, 0, 0
57957, 0, 1, 1, 0, 0, 0
57958, 0, 1, 1, 0, 0, 0
57959, 0, 1, 1, 0, 0, 0
19163, 2, 5, 5, 0, 2, 0
20855, 10, 1, 1, 0, 8, 2
20858, 1, 1, 1, 0, 1, 0
20859, 0, 2, 2, 0, 0, 0
20862, 0, 2, 0, 2, 0, 0
61369, 0, 1, 1, 0, 0, 0
58347, 0, 1, 1, 0, 0, 0
58348, 0, 1, 1, 0, 0, 0
58349, 1, 3, 3, 0, 1, 0
58350, 2, 1, 1, 0, 2, 0
58351, 0, 1, 1, 0, 0, 0
61370, 0, 1, 1, 0, 0, 0
61371, 0, 1, 1, 0, 0, 0
61372, 0, 1, 0, 1, 0, 0
55273, 0, 3, 3, 0, 0, 0
61373, 0, 1, 1, 0, 0, 0
61374, 0, 1, 0, 1, 0, 0
16859, 0, 3, 3, 0, 0, 0
28484, 0, 4, 4, 0, 0, 0
32845, 0, 2, 2, 0, 0, 0
61375, 0, 1, 1, 0, 0, 0
61376, 0, 2, 2, 0, 0, 0
61377, 0, 1, 1, 0, 0, 0
61378, 0, 2, 2, 0, 0, 0
61379, 0, 1, 1, 0, 0, 0
61380, 10, 1, 0, 1, 3, 7
50391, 1, 1, 1, 0, 1, 0
50392, 0, 1, 1, 0, 0, 0
50393, 0, 1, 1, 0, 0, 0
50394, 0, 1, 1, 0, 0, 0
50395, 0, 1, 0, 1, 0, 0
61381, 0, 2, 2, 0, 0, 0
61382, 0, 1, 1, 0, 0, 0
34789, 0, 1, 1, 0, 0, 0
34792, 1, 1, 0, 1, 1, 0
34793, 0, 3, 0, 3, 0, 0
31051, 0, 5, 3, 2, 0, 0
42502, 0, 2, 2, 0, 0, 0
61383, 1, 2, 2, 0, 1, 0
61384, 0, 1, 1, 0, 0, 0
61385, 0, 2, 2, 0, 0, 0
27850, 94, 1, 1, 0, 90, 4
30128, 11, 4, 4, 0, 11, 0
47430, 4, 1, 1, 0, 4, 0
47432, 0, 1, 1, 0, 0, 0
30190, 3, 2, 2, 0, 0, 3
30191, 3, 2, 2, 0, 2, 1
38532, 0, 2, 1, 1, 0, 0
30970, 0, 1, 1, 0, 0, 0
30973, 0, 2, 2, 0, 0, 0
30974, 0, 2, 2, 0, 0, 0
30976, 0, 1, 1, 0, 0, 0
30977, 0, 2, 2, 0, 0, 0
30979, 15, 6, 5, 1, 13, 2
30980, 0, 2, 2, 0, 0, 0
30984, 0, 1, 1, 0, 0, 0
31033, 1, 2, 1, 1, 1, 0
54612, 0, 1, 1, 0, 0, 0
54613, 0, 1, 1, 0, 0, 0
54614, 1, 1, 1, 0, 1, 0
54615, 1, 2, 2, 0, 1, 0
54616, 0, 1, 0, 1, 0, 0
56871, 0, 1, 1, 0, 0, 0
56873, 0, 1, 1, 0, 0, 0
56874, 0, 1, 1, 0, 0, 0
30624, 1, 3, 3, 0, 1, 0
30625, 0, 1, 1, 0, 0, 0
30627, 0, 1, 1, 0, 0, 0
30628, 0, 1, 1, 0, 0, 0
30629, 1, 4, 4, 0, 1, 0
30631, 0, 1, 1, 0, 0, 0
30634, 0, 2, 2, 0, 0, 0
30635, 0, 1, 1, 0, 0, 0
30639, 0, 1, 1, 0, 0, 0
30640, 0, 1, 1, 0, 0, 0
30641, 0, 1, 1, 0, 0, 0
17825, 1, 1, 1, 0, 1, 0
17826, 8, 1, 0, 1, 3, 5
17827, 6, 1, 0, 1, 1, 5
17828, 9, 1, 0, 1, 4, 5
61386, 0, 1, 1, 0, 0, 0
61387, 0, 2, 2, 0, 0, 0
61388, 0, 1, 1, 0, 0, 0
61389, 0, 1, 1, 0, 0, 0
61390, 0, 1, 1, 0, 0, 0
61391, 0, 1, 1, 0, 0, 0
61392, 1, 1, 1, 0, 1, 0
61393, 0, 2, 2, 0, 0, 0
61394, 1, 1, 1, 0, 1, 0
61395, 4, 1, 1, 0, 2, 2
40523, 0, 2, 2, 0, 0, 0
40524, 15, 1, 1, 0, 13, 2
40525, 0, 2, 1, 1, 0, 0
40526, 0, 1, 0, 1, 0, 0
40528, 6, 3, 2, 1, 6, 0
54845, 0, 1, 1, 0, 0, 0
54846, 2, 2, 2, 0, 2, 0
54847, 5, 2, 2, 0, 1, 4
54848, 0, 2, 2, 0, 0, 0
54849, 2, 1, 1, 0, 2, 0
54850, 0, 1, 1, 0, 0, 0
20348, 0, 3, 2, 1, 0, 0
27870, 9, 1, 0, 1, 9, 0
34794, 2, 1, 1, 0, 2, 0
34797, 0, 3, 2, 1, 0, 0
34799, 0, 1, 0, 1, 0, 0
34800, 0, 1, 0, 1, 0, 0
34801, 2, 2, 1, 1, 1, 1
34802, 0, 1, 0, 1, 0, 0
34805, 0, 1, 0, 1, 0, 0
34806, 0, 1, 0, 1, 0, 0
34807, 0, 1, 0, 1, 0, 0
34808, 0, 1, 0, 1, 0, 0
34811, 0, 1, 0, 1, 0, 0
34813, 1, 4, 2, 2, 1, 0
34814, 0, 1, 0, 1, 0, 0
34817, 0, 1, 0, 1, 0, 0
34819, 0, 2, 0, 2, 0, 0
34820, 0, 3, 1, 2, 0, 0
34821, 0, 1, 0, 1, 0, 0
29969, 0, 1, 1, 0, 0, 0
29970, 0, 1, 1, 0, 0, 0
29974, 1, 2, 2, 0, 0, 1
29976, 0, 1, 1, 0, 0, 0
29977, 1, 1, 0, 1, 1, 0
34827, 0, 2, 2, 0, 0, 0
34829, 0, 7, 7, 0, 0, 0
34830, 0, 1, 0, 1, 0, 0
55156, 3, 2, 2, 0, 2, 1
32973, 0, 3, 2, 1, 0, 0
16950, 5, 1, 1, 0, 5, 0
22585, 7, 2, 2, 0, 4, 3
27658, 2, 4, 4, 0, 2, 0
52071, 0, 1, 1, 0, 0, 0
52072, 0, 1, 1, 0, 0, 0
52074, 0, 3, 3, 0, 0, 0
52075, 1, 2, 2, 0, 1, 0
52076, 0, 1, 1, 0, 0, 0
52077, 28, 4, 3, 1, 11, 17
52079, 0, 2, 2, 0, 0, 0
52080, 0, 2, 2, 0, 0, 0
25499, 0, 2, 2, 0, 0, 0
41839, 0, 1, 1, 0, 0, 0
61396, 2, 5, 5, 0, 2, 0
61397, 5, 1, 1, 0, 5, 0
61398, 0, 1, 1, 0, 0, 0
43948, 0, 4, 3, 1, 0, 0
54800, 0, 5, 1, 4, 0, 0
55934, 0, 4, 3, 1, 0, 0
61399, 1, 1, 1, 0, 1, 0
32910, 24, 2, 2, 0, 22, 2
32913, 0, 2, 2, 0, 0, 0
59966, 0, 1, 1, 0, 0, 0
59967, 0, 1, 1, 0, 0, 0
59968, 1, 1, 1, 0, 1, 0
60319, 0, 2, 2, 0, 0, 0
36340, 1, 2, 2, 0, 1, 0
58170, 0, 3, 2, 1, 0, 0
61400, 0, 1, 1, 0, 0, 0
61401, 1, 2, 2, 0, 1, 0
61402, 0, 1, 1, 0, 0, 0
61403, 2, 1, 1, 0, 2, 0
41699, 0, 2, 1, 1, 0, 0
43871, 0, 2, 1, 1, 0, 0
58272, 1, 2, 2, 0, 1, 0
58273, 0, 1, 1, 0, 0, 0
58274, 0, 1, 1, 0, 0, 0
58275, 2, 2, 2, 0, 2, 0
58276, 2, 2, 2, 0, 2, 0
18962, 0, 4, 4, 0, 0, 0
18969, 0, 1, 1, 0, 0, 0
18971, 0, 1, 1, 0, 0, 0
18976, 0, 2, 2, 0, 0, 0
18977, 1, 3, 3, 0, 1, 0
18983, 3, 1, 1, 0, 3, 0
54793, 1, 3, 3, 0, 1, 0
61404, 0, 2, 2, 0, 0, 0
61405, 1, 2, 2, 0, 1, 0
61406, 2, 2, 1, 1, 2, 0
61407, 0, 1, 0, 1, 0, 0
61408, 2, 1, 1, 0, 2, 0
61409, 1, 2, 2, 0, 1, 0
61410, 0, 1, 1, 0, 0, 0
61411, 0, 1, 1, 0, 0, 0
61412, 9, 2, 2, 0, 5, 4
61413, 1, 1, 1, 0, 1, 0
61414, 0, 1, 1, 0, 0, 0
22478, 0, 3, 3, 0, 0, 0
46202, 0, 3, 3, 0, 0, 0
58504, 0, 1, 0, 1, 0, 0
23975, 24, 3, 2, 1, 14, 10
55774, 0, 2, 2, 0, 0, 0
61415, 0, 1, 1, 0, 0, 0
61416, 0, 1, 1, 0, 0, 0
61417, 2, 2, 1, 1, 1, 1
61418, 0, 1, 1, 0, 0, 0
61419, 0, 1, 1, 0, 0, 0
61420, 0, 1, 1, 0, 0, 0
20705, 5, 6, 5, 1, 4, 1
61421, 4, 2, 2, 0, 4, 0
61422, 0, 1, 1, 0, 0, 0
61423, 0, 2, 2, 0, 0, 0
32920, 4, 3, 3, 0, 4, 0
33938, 0, 2, 2, 0, 0, 0
33939, 0, 1, 1, 0, 0, 0
33940, 0, 1, 1, 0, 0, 0
30111, 0, 2, 2, 0, 0, 0
31233, 2, 4, 3, 1, 2, 0
37253, 0, 2, 2, 0, 0, 0
42499, 0, 5, 3, 2, 0, 0
42503, 2, 3, 3, 0, 2, 0
42507, 6, 2, 2, 0, 6, 0
42509, 0, 2, 2, 0, 0, 0
42510, 0, 1, 1, 0, 0, 0
42511, 3, 2, 1, 1, 2, 1
42513, 2, 2, 2, 0, 2, 0
42514, 0, 1, 1, 0, 0, 0
61424, 13, 9, 9, 0, 12, 1
61425, 10, 7, 7, 0, 10, 0
61426, 1, 1, 1, 0, 0, 1
61427, 0, 1, 1, 0, 0, 0
61428, 2, 5, 5, 0, 2, 0
61429, 0, 1, 1, 0, 0, 0
61430, 0, 1, 1, 0, 0, 0
61431, 0, 2, 1, 1, 0, 0
61432, 2, 1, 1, 0, 2, 0
61433, 0, 1, 1, 0, 0, 0
61434, 0, 1, 1, 0, 0, 0
61435, 1, 1, 1, 0, 0, 1
33783, 1, 3, 2, 1, 1, 0
61436, 0, 4, 4, 0, 0, 0
15957, 2, 0, 0, 0, 2, 0
18549, 0, 5, 5, 0, 0, 0
61011, 0, 1, 1, 0, 0, 0
61012, 0, 1, 1, 0, 0, 0
61013, 0, 1, 1, 0, 0, 0
61014, 0, 1, 1, 0, 0, 0
61015, 0, 1, 1, 0, 0, 0
61016, 8, 4, 3, 1, 6, 2
61017, 0, 2, 2, 0, 0, 0
61018, 0, 3, 3, 0, 0, 0
61019, 0, 1, 1, 0, 0, 0
61455, 0, 1, 1, 0, 0, 0
55862, 0, 2, 1, 1, 0, 0
55863, 1, 1, 1, 0, 1, 0
55864, 0, 1, 0, 1, 0, 0
55865, 0, 1, 0, 1, 0, 0
33739, 1, 6, 6, 0, 1, 0
15966, 1, 1, 1, 0, 0, 1
15967, 1, 1, 1, 0, 1, 0
15975, 1, 0, 0, 0, 1, 0
15978, 0, 2, 2, 0, 0, 0
15979, 0, 1, 1, 0, 0, 0
15981, 3, 1, 1, 0, 3, 0
29980, 1, 2, 2, 0, 1, 0
47620, 0, 1, 1, 0, 0, 0
47621, 0, 1, 1, 0, 0, 0
47622, 0, 1, 1, 0, 0, 0
47624, 0, 1, 1, 0, 0, 0
47625, 0, 1, 0, 1, 0, 0
57145, 0, 3, 3, 0, 0, 0
61457, 0, 1, 1, 0, 0, 0
15984, 2, 0, 0, 0, 2, 0
61458, 2, 1, 1, 0, 2, 0
61459, 0, 1, 1, 0, 0, 0
61460, 0, 1, 1, 0, 0, 0
61461, 0, 1, 1, 0, 0, 0
27058, 10, 1, 1, 0, 10, 0
37704, 0, 2, 1, 1, 0, 0
37705, 0, 1, 1, 0, 0, 0
37707, 1, 1, 1, 0, 1, 0
37709, 2, 1, 1, 0, 2, 0
37710, 0, 1, 1, 0, 0, 0
37712, 0, 1, 1, 0, 0, 0
37714, 0, 1, 0, 1, 0, 0
37715, 2, 1, 0, 1, 2, 0
37716, 0, 1, 0, 1, 0, 0
37717, 0, 1, 0, 1, 0, 0
37720, 0, 1, 0, 1, 0, 0
37721, 0, 1, 0, 1, 0, 0
30061, 18, 1, 1, 0, 13, 5
15992, 8, 0, 0, 0, 8, 0
61462, 1, 1, 1, 0, 1, 0
61463, 0, 1, 1, 0, 0, 0
61464, 0, 1, 0, 1, 0, 0
45879, 0, 1, 1, 0, 0, 0
45881, 0, 1, 1, 0, 0, 0
45882, 0, 4, 4, 0, 0, 0
32550, 4, 4, 4, 0, 4, 0
61465, 0, 1, 1, 0, 0, 0
61466, 0, 1, 1, 0, 0, 0
32447, 23, 1, 1, 0, 21, 2
33680, 0, 7, 7, 0, 0, 0
34738, 6, 2, 1, 1, 6, 0
47602, 0, 2, 1, 1, 0, 0
55313, 0, 5, 5, 0, 0, 0
55602, 12, 1, 1, 0, 12, 0
55790, 0, 1, 1, 0, 0, 0
55791, 0, 1, 1, 0, 0, 0
55792, 0, 1, 1, 0, 0, 0
55793, 0, 1, 1, 0, 0, 0
55794, 0, 1, 1, 0, 0, 0
55795, 0, 2, 1, 1, 0, 0
55796, 0, 1, 1, 0, 0, 0
55798, 0, 1, 1, 0, 0, 0
55799, 0, 1, 0, 1, 0, 0
55800, 0, 1, 0, 1, 0, 0
55801, 0, 1, 0, 1, 0, 0
55802, 0, 1, 0, 1, 0, 0
35904, 0, 2, 2, 0, 0, 0
35906, 0, 2, 2, 0, 0, 0
61467, 1, 1, 1, 0, 1, 0
61468, 2, 1, 1, 0, 2, 0
61469, 0, 1, 1, 0, 0, 0
16021, 2, 1, 1, 0, 2, 0
16024, 0, 1, 1, 0, 0, 0
46228, 0, 2, 2, 0, 0, 0
46229, 1, 1, 1, 0, 1, 0
46230, 9, 4, 1, 3, 6, 3
46231, 0, 2, 0, 2, 0, 0
46232, 2, 1, 0, 1, 1, 1
46233, 0, 1, 0, 1, 0, 0
46234, 1, 2, 1, 1, 1, 0
46235, 2, 2, 1, 1, 0, 2
46236, 0, 1, 0, 1, 0, 0
46238, 0, 1, 0, 1, 0, 0
56763, 24, 2, 2, 0, 24, 0
61497, 0, 1, 1, 0, 0, 0
61498, 0, 1, 1, 0, 0, 0
61499, 0, 1, 1, 0, 0, 0
44705, 1, 5, 5, 0, 1, 0
54561, 4, 1, 1, 0, 3, 1
54562, 6, 2, 2, 0, 5, 1
54563, 0, 1, 1, 0, 0, 0
54564, 0, 1, 0, 1, 0, 0
54565, 0, 1, 0, 1, 0, 0
61500, 2, 1, 1, 0, 1, 1
16032, 0, 1, 1, 0, 0, 0
16033, 20, 1, 1, 0, 15, 5
16035, 0, 2, 2, 0, 0, 0
61502, 0, 1, 1, 0, 0, 0
61503, 0, 1, 1, 0, 0, 0
24793, 20, 2, 2, 0, 18, 2
35714, 3, 1, 1, 0, 3, 0
35715, 23, 1, 1, 0, 10, 13
35716, 20, 1, 1, 0, 16, 4
16041, 32, 0, 0, 0, 32, 0
48927, 2, 3, 3, 0, 2, 0
61510, 2, 2, 2, 0, 1, 1
61511, 1, 1, 1, 0, 1, 0
16050, 14, 0, 0, 0, 14, 0
61512, 0, 2, 1, 1, 0, 0
16052, 5, 2, 2, 0, 5, 0
44977, 0, 1, 1, 0, 0, 0
44978, 0, 2, 2, 0, 0, 0
44979, 2, 1, 1, 0, 1, 1
16054, 3, 0, 0, 0, 3, 0
16066, 0, 1, 1, 0, 0, 0
16067, 0, 1, 1, 0, 0, 0
36006, 3, 2, 2, 0, 2, 1
45012, 0, 1, 1, 0, 0, 0
45015, 0, 1, 1, 0, 0, 0
45016, 0, 1, 1, 0, 0, 0
45018, 0, 1, 1, 0, 0, 0
16073, 33, 8, 7, 1, 31, 2
16074, 0, 1, 1, 0, 0, 0
52103, 0, 1, 1, 0, 0, 0
52104, 0, 1, 1, 0, 0, 0
52105, 0, 1, 1, 0, 0, 0
61516, 0, 2, 2, 0, 0, 0
61517, 0, 1, 1, 0, 0, 0
61518, 0, 1, 1, 0, 0, 0
35192, 0, 3, 3, 0, 0, 0
16095, 0, 1, 1, 0, 0, 0
16096, 0, 1, 1, 0, 0, 0
51153, 8, 8, 8, 0, 8, 0
54108, 0, 1, 1, 0, 0, 0
54110, 0, 1, 1, 0, 0, 0
16098, 2, 0, 0, 0, 2, 0
16099, 32, 2, 2, 0, 31, 1
16101, 0, 1, 1, 0, 0, 0
16105, 0, 1, 1, 0, 0, 0
61534, 0, 1, 1, 0, 0, 0
31100, 26, 5, 2, 3, 22, 4
16107, 2, 0, 0, 0, 2, 0
16108, 8, 0, 0, 0, 7, 1
37206, 0, 1, 0, 1, 0, 0
37208, 1, 6, 5, 1, 1, 0
17635, 0, 2, 2, 0, 0, 0
22016, 2, 5, 5, 0, 2, 0
35016, 7, 1, 1, 0, 5, 2
39169, 0, 3, 3, 0, 0, 0
41556, 0, 1, 1, 0, 0, 0
41557, 0, 5, 4, 1, 0, 0
41558, 0, 1, 1, 0, 0, 0
41561, 0, 2, 1, 1, 0, 0
41564, 0, 1, 1, 0, 0, 0
41566, 3, 2, 2, 0, 3, 0
41567, 2, 1, 1, 0, 2, 0
41569, 0, 1, 1, 0, 0, 0
41572, 0, 1, 1, 0, 0, 0
41575, 6, 4, 3, 1, 6, 0
61535, 0, 1, 1, 0, 0, 0
46329, 0, 2, 1, 1, 0, 0
61536, 0, 1, 1, 0, 0, 0
61537, 1, 2, 2, 0, 1, 0
16123, 0, 1, 1, 0, 0, 0
61538, 1, 1, 1, 0, 1, 0
44713, 9, 1, 1, 0, 9, 0
57939, 0, 1, 1, 0, 0, 0
61539, 5, 2, 2, 0, 5, 0
61540, 0, 2, 2, 0, 0, 0
61541, 0, 1, 1, 0, 0, 0
32479, 0, 3, 1, 2, 0, 0
32480, 0, 3, 2, 1, 0, 0
32481, 0, 1, 1, 0, 0, 0
49800, 1, 1, 1, 0, 1, 0
49801, 7, 2, 2, 0, 4, 3
49802, 3, 1, 1, 0, 3, 0
49803, 0, 2, 1, 1, 0, 0
49804, 0, 1, 1, 0, 0, 0
43408, 0, 1, 1, 0, 0, 0
43413, 0, 1, 0, 1, 0, 0
43414, 0, 1, 0, 1, 0, 0
61544, 0, 3, 3, 0, 0, 0
33551, 6, 1, 0, 1, 4, 2
59014, 0, 5, 5, 0, 0, 0
61545, 0, 3, 3, 0, 0, 0
61546, 0, 1, 0, 1, 0, 0
61547, 38, 1, 0, 1, 38, 0
57784, 0, 2, 1, 1, 0, 0
16864, 0, 2, 1, 1, 0, 0
33107, 1, 1, 0, 1, 1, 0
45211, 5, 5, 3, 2, 5, 0
51193, 0, 3, 2, 1, 0, 0
55439, 1, 2, 1, 1, 1, 0
61548, 0, 1, 0, 1, 0, 0
61549, 0, 1, 0, 1, 0, 0
61550, 0, 1, 0, 1, 0, 0
61551, 0, 2, 1, 1, 0, 0
61552, 0, 1, 0, 1, 0, 0
61553, 0, 1, 0, 1, 0, 0
61554, 1, 1, 0, 1, 0, 1
61555, 0, 1, 0, 1, 0, 0
61556, 0, 2, 0, 2, 0, 0
61557, 0, 2, 0, 2, 0, 0
61558, 0, 1, 0, 1, 0, 0
61559, 0, 1, 0, 1, 0, 0
61560, 0, 1, 0, 1, 0, 0
61561, 3, 1, 0, 1, 3, 0
61562, 0, 1, 0, 1, 0, 0
61563, 0, 1, 0, 1, 0, 0
61564, 0, 1, 0, 1, 0, 0
61565, 0, 1, 0, 1, 0, 0
61566, 0, 1, 0, 1, 0, 0
61567, 2, 2, 1, 1, 1, 1
61568, 0, 1, 0, 1, 0, 0
61569, 0, 2, 0, 2, 0, 0
61570, 0, 1, 0, 1, 0, 0
61571, 0, 1, 0, 1, 0, 0
61572, 0, 2, 1, 1, 0, 0
61573, 0, 1, 0, 1, 0, 0
61574, 0, 1, 0, 1, 0, 0
61575, 2, 2, 1, 1, 2, 0
61576, 0, 1, 0, 1, 0, 0
61577, 0, 1, 0, 1, 0, 0
61578, 0, 3, 3, 0, 0, 0
61579, 1, 1, 0, 1, 0, 1
61580, 6, 2, 1, 1, 5, 1
16177, 1, 0, 0, 0, 1, 0
61584, 18, 1, 1, 0, 11, 7
22931, 2, 2, 2, 0, 2, 0
22933, 0, 2, 2, 0, 0, 0
22934, 0, 1, 1, 0, 0, 0
22936, 0, 2, 2, 0, 0, 0
22937, 0, 1, 1, 0, 0, 0
16191, 12, 0, 0, 0, 12, 0
16192, 1, 0, 0, 0, 1, 0
16193, 19, 0, 0, 0, 14, 5
16194, 0, 1, 1, 0, 0, 0
16198, 14, 0, 0, 0, 13, 1
16201, 1, 2, 2, 0, 1, 0
44171, 1, 2, 1, 1, 1, 0
55224, 0, 3, 3, 0, 0, 0
61585, 2, 2, 1, 1, 2, 0
16205, 0, 1, 1, 0, 0, 0
16206, 1, 2, 2, 0, 1, 0
16207, 0, 1, 1, 0, 0, 0
61441, 1, 2, 1, 1, 1, 0
61586, 0, 2, 2, 0, 0, 0
19856, 20, 2, 2, 0, 20, 0
20629, 2, 4, 4, 0, 1, 1
60496, 0, 2, 2, 0, 0, 0
60600, 1, 1, 1, 0, 1, 0
60601, 21, 1, 1, 0, 21, 0
60602, 1, 1, 1, 0, 1, 0
60603, 0, 2, 1, 1, 0, 0
60604, 0, 1, 1, 0, 0, 0
61587, 1, 1, 1, 0, 1, 0
22140, 5, 3, 3, 0, 3, 2
61588, 4, 1, 1, 0, 3, 1
33454, 7, 1, 1, 0, 2, 5
33455, 0, 1, 1, 0, 0, 0
33456, 0, 1, 1, 0, 0, 0
30499, 3, 2, 1, 1, 1, 2
59910, 0, 1, 1, 0, 0, 0
59911, 0, 2, 1, 1, 0, 0
59912, 0, 1, 0, 1, 0, 0
59913, 0, 1, 0, 1, 0, 0
23311, 0, 3, 2, 1, 0, 0
57785, 19, 2, 2, 0, 16, 3
57786, 2, 3, 3, 0, 2, 0
57787, 2, 3, 3, 0, 2, 0
57788, 5, 1, 1, 0, 5, 0
57790, 1, 1, 1, 0, 0, 1
57791, 0, 1, 1, 0, 0, 0
55155, 1, 1, 1, 0, 1, 0
61589, 0, 1, 1, 0, 0, 0
28964, 0, 1, 1, 0, 0, 0
28967, 0, 2, 2, 0, 0, 0
28971, 0, 4, 3, 1, 0, 0
28972, 1, 3, 3, 0, 1, 0
16237, 9, 0, 0, 0, 8, 1
16239, 1, 0, 0, 0, 1, 0
16241, 0, 2, 1, 1, 0, 0
31597, 31, 4, 3, 1, 22, 9
16753, 0, 2, 2, 0, 0, 0
61591, 0, 1, 1, 0, 0, 0
59295, 2, 3, 3, 0, 2, 0
61592, 5, 1, 1, 0, 4, 1
61593, 0, 1, 1, 0, 0, 0
55820, 0, 1, 1, 0, 0, 0
61594, 3, 2, 2, 0, 3, 0
61595, 4, 2, 2, 0, 4, 0
61596, 0, 2, 2, 0, 0, 0
61597, 0, 2, 2, 0, 0, 0
16263, 2, 2, 2, 0, 0, 2
61598, 0, 1, 1, 0, 0, 0
23557, 0, 1, 1, 0, 0, 0
23559, 0, 2, 2, 0, 0, 0
35687, 2, 2, 2, 0, 2, 0
54138, 16, 4, 3, 1, 12, 4
60128, 0, 3, 2, 1, 0, 0
60129, 0, 1, 1, 0, 0, 0
60130, 0, 2, 2, 0, 0, 0
29743, 1, 1, 1, 0, 0, 1
29749, 0, 8, 8, 0, 0, 0
29750, 4, 1, 1, 0, 4, 0
29753, 1, 8, 6, 2, 0, 1
29755, 5, 3, 3, 0, 4, 1
29757, 0, 1, 1, 0, 0, 0
29760, 0, 1, 1, 0, 0, 0
29761, 59, 1, 1, 0, 59, 0
29766, 0, 1, 1, 0, 0, 0
29769, 1, 2, 1, 1, 1, 0
29770, 0, 1, 0, 1, 0, 0
29774, 9, 3, 2, 1, 0, 9
29776, 0, 1, 0, 1, 0, 0
29777, 0, 2, 0, 2, 0, 0
19519, 0, 2, 2, 0, 0, 0
19522, 1, 1, 0, 1, 1, 0
19527, 0, 1, 0, 1, 0, 0
19528, 0, 1, 0, 1, 0, 0
19530, 0, 2, 1, 1, 0, 0
16276, 0, 3, 3, 0, 0, 0
16277, 1, 1, 1, 0, 1, 0
16278, 0, 2, 2, 0, 0, 0
16279, 0, 1, 1, 0, 0, 0
16282, 0, 1, 1, 0, 0, 0
16284, 0, 1, 1, 0, 0, 0
16286, 0, 1, 1, 0, 0, 0
16288, 0, 1, 1, 0, 0, 0
61609, 0, 1, 1, 0, 0, 0
29133, 0, 1, 1, 0, 0, 0
29134, 0, 1, 1, 0, 0, 0
29138, 0, 1, 1, 0, 0, 0
29141, 0, 1, 0, 1, 0, 0
46336, 1, 1, 1, 0, 1, 0
46337, 0, 1, 1, 0, 0, 0
59434, 0, 4, 4, 0, 0, 0
61610, 0, 2, 2, 0, 0, 0
61611, 0, 1, 1, 0, 0, 0
61612, 1, 1, 1, 0, 1, 0
61613, 0, 1, 0, 1, 0, 0
61614, 12, 4, 4, 0, 12, 0
39198, 0, 2, 2, 0, 0, 0
48111, 0, 1, 1, 0, 0, 0
48112, 0, 1, 0, 1, 0, 0
48113, 13, 1, 0, 1, 11, 2
48114, 0, 2, 1, 1, 0, 0
48115, 0, 1, 0, 1, 0, 0
48116, 0, 1, 0, 1, 0, 0
29513, 1, 1, 1, 0, 1, 0
61615, 0, 1, 1, 0, 0, 0
61616, 0, 1, 1, 0, 0, 0
61617, 0, 1, 1, 0, 0, 0
61618, 0, 1, 1, 0, 0, 0
48100, 0, 1, 1, 0, 0, 0
48101, 0, 2, 2, 0, 0, 0
61619, 0, 1, 1, 0, 0, 0
61620, 0, 1, 1, 0, 0, 0
16325, 1, 0, 0, 0, 1, 0
33745, 0, 3, 2, 1, 0, 0
44965, 0, 2, 2, 0, 0, 0
61621, 0, 3, 3, 0, 0, 0
61622, 4, 2, 2, 0, 3, 1
17329, 11, 1, 1, 0, 11, 0
25680, 0, 1, 1, 0, 0, 0
25681, 2, 1, 1, 0, 2, 0
25682, 3, 2, 2, 0, 3, 0
25685, 1, 1, 1, 0, 1, 0
25688, 0, 1, 1, 0, 0, 0
25691, 0, 2, 2, 0, 0, 0
25693, 2, 1, 1, 0, 2, 0
25694, 1, 1, 1, 0, 1, 0
25695, 7, 4, 4, 0, 7, 0
16339, 1, 1, 1, 0, 1, 0
16341, 0, 4, 4, 0, 0, 0
24792, 0, 4, 4, 0, 0, 0
61623, 12, 2, 2, 0, 9, 3
61624, 0, 1, 0, 1, 0, 0
60623, 0, 2, 2, 0, 0, 0
61625, 1, 1, 1, 0, 1, 0
16345, 7, 1, 1, 0, 6, 1
16346, 0, 1, 1, 0, 0, 0
16347, 8, 1, 1, 0, 8, 0
54559, 0, 2, 1, 1, 0, 0
61626, 1, 1, 1, 0, 1, 0
61627, 0, 1, 1, 0, 0, 0
61640, 0, 1, 1, 0, 0, 0
54359, 2, 1, 1, 0, 2, 0
54360, 0, 2, 2, 0, 0, 0
54361, 0, 1, 1, 0, 0, 0
54493, 0, 2, 2, 0, 0, 0
61641, 0, 1, 1, 0, 0, 0
61642, 0, 1, 1, 0, 0, 0
61643, 0, 1, 1, 0, 0, 0
16936, 0, 4, 2, 2, 0, 0
54768, 0, 1, 1, 0, 0, 0
54769, 0, 1, 1, 0, 0, 0
54771, 0, 1, 1, 0, 0, 0
54772, 0, 1, 1, 0, 0, 0
54773, 0, 1, 1, 0, 0, 0
54774, 3, 2, 2, 0, 3, 0
54775, 1, 1, 1, 0, 1, 0
54776, 0, 1, 1, 0, 0, 0
54777, 1, 1, 1, 0, 0, 1
35831, 0, 2, 1, 1, 0, 0
35877, 0, 4, 4, 0, 0, 0
48136, 0, 2, 2, 0, 0, 0
56237, 0, 1, 1, 0, 0, 0
56238, 0, 1, 1, 0, 0, 0
56239, 0, 2, 2, 0, 0, 0
56240, 0, 1, 1, 0, 0, 0
56241, 0, 1, 1, 0, 0, 0
56242, 0, 1, 1, 0, 0, 0
56243, 0, 1, 1, 0, 0, 0
56244, 0, 1, 1, 0, 0, 0
56245, 2, 1, 1, 0, 1, 1
61644, 0, 1, 1, 0, 0, 0
43989, 0, 1, 1, 0, 0, 0
59964, 0, 2, 2, 0, 0, 0
61648, 2, 2, 1, 1, 2, 0
57964, 0, 4, 4, 0, 0, 0
20378, 1, 3, 3, 0, 1, 0
39032, 8, 1, 1, 0, 7, 1
39033, 1, 3, 2, 1, 1, 0
39034, 9, 1, 1, 0, 9, 0
21917, 1, 10, 10, 0, 1, 0
25312, 5, 3, 3, 0, 5, 0
58261, 0, 2, 1, 1, 0, 0
19919, 0, 4, 2, 2, 0, 0
54568, 0, 1, 1, 0, 0, 0
54570, 0, 1, 0, 1, 0, 0
61654, 1, 1, 1, 0, 1, 0
24299, 0, 1, 0, 1, 0, 0
28092, 0, 1, 1, 0, 0, 0
27922, 7, 6, 5, 1, 6, 1
42096, 0, 1, 1, 0, 0, 0
42097, 10, 2, 1, 1, 10, 0
16382, 6, 6, 3, 3, 6, 0
16383, 0, 3, 3, 0, 0, 0
16385, 0, 3, 3, 0, 0, 0
16386, 4, 2, 2, 0, 4, 0
61657, 0, 1, 1, 0, 0, 0
61658, 1, 2, 2, 0, 0, 1
27327, 2, 1, 1, 0, 2, 0
27328, 0, 2, 2, 0, 0, 0
48190, 0, 2, 2, 0, 0, 0
61659, 2, 1, 0, 1, 1, 1
26417, 1, 2, 2, 0, 1, 0
22185, 0, 3, 3, 0, 0, 0
27827, 0, 3, 3, 0, 0, 0
27828, 0, 1, 1, 0, 0, 0
27829, 0, 1, 1, 0, 0, 0
27834, 0, 1, 1, 0, 0, 0
27835, 4, 1, 1, 0, 4, 0
27837, 7, 3, 2, 1, 6, 1
61660, 0, 1, 1, 0, 0, 0
61661, 1, 1, 1, 0, 1, 0
52571, 0, 3, 3, 0, 0, 0
52572, 5, 3, 3, 0, 5, 0
52573, 0, 6, 6, 0, 0, 0
42436, 0, 5, 5, 0, 0, 0
41654, 0, 3, 2, 1, 0, 0
60724, 4, 2, 2, 0, 4, 0
60725, 0, 1, 1, 0, 0, 0
60726, 8, 1, 1, 0, 8, 0
60727, 0, 1, 1, 0, 0, 0
60728, 0, 1, 1, 0, 0, 0
60729, 1, 1, 1, 0, 1, 0
60730, 0, 1, 1, 0, 0, 0
44714, 0, 4, 4, 0, 0, 0
58063, 1, 1, 1, 0, 1, 0
58064, 0, 2, 2, 0, 0, 0
58065, 1, 1, 1, 0, 1, 0
58066, 6, 1, 1, 0, 3, 3
16432, 0, 2, 1, 1, 0, 0
16434, 1, 1, 0, 1, 1, 0
32499, 1, 3, 3, 0, 1, 0
56854, 0, 3, 3, 0, 0, 0
58010, 0, 2, 2, 0, 0, 0
27964, 0, 2, 2, 0, 0, 0
38884, 0, 1, 1, 0, 0, 0
38886, 0, 2, 2, 0, 0, 0
61699, 0, 1, 1, 0, 0, 0
61700, 0, 1, 1, 0, 0, 0
16438, 1, 0, 0, 0, 1, 0
61702, 0, 3, 3, 0, 0, 0
61703, 5, 2, 2, 0, 5, 0
61704, 4, 3, 3, 0, 4, 0
61705, 0, 1, 1, 0, 0, 0
61706, 1, 1, 1, 0, 1, 0
61707, 0, 1, 1, 0, 0, 0
61708, 0, 2, 2, 0, 0, 0
61709, 0, 1, 0, 1, 0, 0
22192, 4, 1, 1, 0, 1, 3
22193, 0, 4, 4, 0, 0, 0
16700, 0, 3, 3, 0, 0, 0
61710, 3, 2, 2, 0, 3, 0
61711, 0, 1, 1, 0, 0, 0
61712, 33, 1, 1, 0, 33, 0
61713, 0, 1, 1, 0, 0, 0
61714, 0, 1, 1, 0, 0, 0
16469, 4, 0, 0, 0, 4, 0
16470, 3, 0, 0, 0, 3, 0
16471, 2, 1, 1, 0, 2, 0
61715, 11, 5, 5, 0, 10, 1
16474, 25, 1, 1, 0, 7, 18
16477, 1, 1, 0, 1, 1, 0
61716, 0, 3, 3, 0, 0, 0
61717, 2, 1, 1, 0, 2, 0
61718, 3, 3, 0, 3, 0, 3
37345, 0, 2, 2, 0, 0, 0
37906, 0, 5, 3, 2, 0, 0
58414, 0, 3, 3, 0, 0, 0
58415, 1, 1, 1, 0, 0, 1
58416, 0, 1, 1, 0, 0, 0
58417, 0, 1, 1, 0, 0, 0
58418, 0, 1, 1, 0, 0, 0
58419, 0, 1, 1, 0, 0, 0
58420, 0, 1, 1, 0, 0, 0
58421, 1, 1, 1, 0, 1, 0
58422, 0, 1, 1, 0, 0, 0
58424, 0, 1, 1, 0, 0, 0
58425, 0, 1, 1, 0, 0, 0
58426, 1, 1, 1, 0, 1, 0
58427, 0, 1, 1, 0, 0, 0
58428, 0, 1, 1, 0, 0, 0
58429, 0, 1, 1, 0, 0, 0
58430, 0, 1, 1, 0, 0, 0
58431, 0, 1, 1, 0, 0, 0
25201, 1, 2, 2, 0, 1, 0
43680, 0, 2, 1, 1, 0, 0
43789, 9, 2, 0, 2, 8, 1
61719, 2, 1, 1, 0, 2, 0
61720, 0, 1, 1, 0, 0, 0
61721, 2, 1, 1, 0, 2, 0
61722, 8, 1, 0, 1, 8, 0
61723, 0, 1, 0, 1, 0, 0
61724, 0, 1, 0, 1, 0, 0
61725, 0, 1, 1, 0, 0, 0
57602, 0, 2, 2, 0, 0, 0
61726, 0, 1, 1, 0, 0, 0
61439, 0, 3, 3, 0, 0, 0
54837, 0, 3, 3, 0, 0, 0
16512, 14, 0, 0, 0, 14, 0
16514, 1, 1, 0, 1, 1, 0
16516, 3, 3, 3, 0, 3, 0
16519, 3, 4, 4, 0, 3, 0
21355, 7, 4, 4, 0, 5, 2
50199, 0, 2, 2, 0, 0, 0
22601, 0, 3, 3, 0, 0, 0
44260, 0, 1, 1, 0, 0, 0
61729, 1, 2, 2, 0, 1, 0
16522, 3, 0, 0, 0, 3, 0
16528, 4, 3, 2, 1, 4, 0
16529, 0, 1, 0, 1, 0, 0
16530, 0, 2, 1, 1, 0, 0
61735, 0, 2, 2, 0, 0, 0
16532, 1, 0, 0, 0, 1, 0
37584, 0, 2, 2, 0, 0, 0
42076, 3, 2, 2, 0, 3, 0
50832, 0, 4, 4, 0, 0, 0
61736, 0, 2, 2, 0, 0, 0
61737, 0, 1, 1, 0, 0, 0
61738, 0, 1, 1, 0, 0, 0
61739, 0, 1, 1, 0, 0, 0
61740, 0, 1, 1, 0, 0, 0
61741, 1, 1, 1, 0, 1, 0
61742, 1, 1, 1, 0, 1, 0
61743, 0, 1, 1, 0, 0, 0
61744, 0, 1, 1, 0, 0, 0
61745, 0, 2, 2, 0, 0, 0
34382, 0, 2, 2, 0, 0, 0
36900, 0, 1, 1, 0, 0, 0
61746, 0, 2, 2, 0, 0, 0
16551, 0, 4, 4, 0, 0, 0
33870, 0, 1, 0, 1, 0, 0
33871, 0, 1, 0, 1, 0, 0
33873, 0, 1, 0, 1, 0, 0
61747, 2, 2, 2, 0, 2, 0
16573, 0, 2, 2, 0, 0, 0
16575, 0, 1, 1, 0, 0, 0
16576, 1, 1, 1, 0, 1, 0
16580, 0, 1, 1, 0, 0, 0
16583, 0, 1, 1, 0, 0, 0
16587, 0, 3, 1, 2, 0, 0
56766, 0, 1, 1, 0, 0, 0
61748, 0, 1, 1, 0, 0, 0
61749, 1, 1, 1, 0, 1, 0
23929, 18, 2, 2, 0, 18, 0
30184, 36, 3, 2, 1, 31, 5
56451, 6, 1, 1, 0, 6, 0
61750, 7, 4, 3, 1, 7, 0
61751, 1, 1, 1, 0, 1, 0
61752, 0, 3, 2, 1, 0, 0
61753, 8, 2, 2, 0, 8, 0
61754, 18, 1, 1, 0, 18, 0
61755, 28, 1, 1, 0, 21, 7
61756, 1, 1, 1, 0, 1, 0
61757, 25, 1, 1, 0, 19, 6
50669, 3, 3, 2, 1, 1, 2
50670, 0, 2, 2, 0, 0, 0
50671, 0, 1, 1, 0, 0, 0
50672, 0, 1, 1, 0, 0, 0
50673, 0, 2, 2, 0, 0, 0
50674, 16, 1, 1, 0, 14, 2
50675, 16, 2, 2, 0, 4, 12
50677, 1, 1, 1, 0, 1, 0
50678, 2, 1, 1, 0, 2, 0
50679, 0, 2, 2, 0, 0, 0
50680, 0, 1, 1, 0, 0, 0
50681, 0, 1, 1, 0, 0, 0
50683, 0, 2, 1, 1, 0, 0
50684, 0, 1, 0, 1, 0, 0
50687, 3, 2, 0, 2, 3, 0
38023, 4, 2, 2, 0, 4, 0
43770, 0, 2, 2, 0, 0, 0
61758, 0, 1, 1, 0, 0, 0
61759, 11, 1, 1, 0, 11, 0
61760, 0, 1, 1, 0, 0, 0
61761, 1, 1, 1, 0, 0, 1
61762, 0, 1, 1, 0, 0, 0
61763, 0, 1, 0, 1, 0, 0
61764, 0, 1, 0, 1, 0, 0
16589, 0, 1, 1, 0, 0, 0
16593, 0, 3, 2, 1, 0, 0
16594, 0, 1, 1, 0, 0, 0
16595, 0, 1, 1, 0, 0, 0
16598, 0, 1, 1, 0, 0, 0
16601, 0, 4, 4, 0, 0, 0
61765, 3, 2, 2, 0, 2, 1
61766, 1, 1, 1, 0, 1, 0
22963, 13, 2, 2, 0, 12, 1
58245, 2, 1, 0, 1, 2, 0
61767, 2, 3, 1, 2, 0, 2
61768, 1, 3, 1, 2, 1, 0
61769, 0, 1, 0, 1, 0, 0
61770, 0, 1, 0, 1, 0, 0
16604, 0, 1, 1, 0, 0, 0
16605, 5, 0, 0, 0, 5, 0
61771, 0, 1, 1, 0, 0, 0
16608, 4, 0, 0, 0, 4, 0
18426, 28, 3, 2, 1, 28, 0
54268, 0, 2, 2, 0, 0, 0
37977, 7, 2, 2, 0, 7, 0
50193, 0, 1, 1, 0, 0, 0
50196, 0, 1, 0, 1, 0, 0
20725, 0, 1, 1, 0, 0, 0
20726, 0, 1, 1, 0, 0, 0
51980, 19, 1, 1, 0, 19, 0
60373, 18, 2, 2, 0, 18, 0
16638, 10, 0, 0, 0, 10, 0
16639, 0, 1, 1, 0, 0, 0
55510, 5, 3, 2, 1, 3, 2
61773, 0, 3, 2, 1, 0, 0
61774, 0, 1, 1, 0, 0, 0
22962, 19, 4, 1, 3, 19, 0
35781, 0, 2, 1, 1, 0, 0
50666, 0, 7, 1, 6, 0, 0
61775, 0, 1, 0, 1, 0, 0
61776, 0, 1, 0, 1, 0, 0
61777, 0, 2, 0, 2, 0, 0
61778, 0, 1, 0, 1, 0, 0
61779, 0, 3, 1, 2, 0, 0
61780, 1, 1, 0, 1, 1, 0
61781, 2, 1, 0, 1, 2, 0
61782, 0, 1, 0, 1, 0, 0
61783, 0, 1, 0, 1, 0, 0
20976, 2, 1, 1, 0, 2, 0
20977, 1, 1, 1, 0, 1, 0
20982, 0, 2, 2, 0, 0, 0
61784, 0, 1, 0, 1, 0, 0
54169, 0, 2, 2, 0, 0, 0
55503, 0, 1, 1, 0, 0, 0
55504, 6, 2, 2, 0, 3, 3
58839, 0, 2, 2, 0, 0, 0
59820, 0, 1, 1, 0, 0, 0
59821, 0, 2, 2, 0, 0, 0
59822, 0, 1, 1, 0, 0, 0
59823, 0, 2, 2, 0, 0, 0
59824, 4, 2, 2, 0, 1, 3
59825, 0, 1, 1, 0, 0, 0
59826, 0, 1, 1, 0, 0, 0
59827, 0, 2, 1, 1, 0, 0
59828, 0, 1, 0, 1, 0, 0
36403, 28, 3, 2, 1, 17, 11
61786, 0, 1, 1, 0, 0, 0
61787, 12, 2, 2, 0, 11, 1
61788, 2, 1, 1, 0, 2, 0
19470, 1, 1, 1, 0, 1, 0
55906, 3, 2, 1, 1, 3, 0
61789, 0, 1, 1, 0, 0, 0
46988, 1, 1, 1, 0, 1, 0
46990, 0, 2, 2, 0, 0, 0
61790, 4, 5, 5, 0, 2, 2
44514, 0, 1, 1, 0, 0, 0
44515, 0, 1, 1, 0, 0, 0
44516, 0, 1, 1, 0, 0, 0
44518, 0, 1, 1, 0, 0, 0
44519, 1, 2, 0, 2, 1, 0
46093, 0, 1, 0, 1, 0, 0
16695, 1, 0, 0, 0, 1, 0
16697, 1, 0, 0, 0, 1, 0
16699, 0, 1, 1, 0, 0, 0
16705, 0, 1, 1, 0, 0, 0
16708, 0, 2, 2, 0, 0, 0
16710, 9, 1, 1, 0, 9, 0
16711, 4, 1, 1, 0, 3, 1
16714, 0, 3, 3, 0, 0, 0
16715, 0, 1, 0, 1, 0, 0
16716, 0, 1, 0, 1, 0, 0
44188, 0, 4, 4, 0, 0, 0
61793, 0, 2, 2, 0, 0, 0
33074, 0, 5, 2, 3, 0, 0
54665, 0, 1, 1, 0, 0, 0
54666, 0, 1, 1, 0, 0, 0
54667, 1, 1, 1, 0, 1, 0
54668, 30, 1, 1, 0, 13, 17
54669, 0, 1, 1, 0, 0, 0
54670, 0, 2, 2, 0, 0, 0
54671, 0, 1, 1, 0, 0, 0
54672, 0, 1, 1, 0, 0, 0
54673, 1, 1, 1, 0, 1, 0
54674, 0, 1, 1, 0, 0, 0
54675, 0, 1, 1, 0, 0, 0
54676, 0, 2, 2, 0, 0, 0
54677, 0, 1, 1, 0, 0, 0
54679, 0, 1, 1, 0, 0, 0
54680, 1, 2, 2, 0, 1, 0
54681, 0, 1, 1, 0, 0, 0
54682, 0, 2, 1, 1, 0, 0
40276, 0, 1, 1, 0, 0, 0
61794, 0, 2, 2, 0, 0, 0
27575, 0, 3, 1, 2, 0, 0
27823, 7, 2, 0, 2, 7, 0
29320, 0, 8, 0, 8, 0, 0
29617, 0, 2, 0, 2, 0, 0
30465, 0, 2, 1, 1, 0, 0
31113, 2, 4, 0, 4, 1, 1
33265, 1, 2, 1, 1, 0, 1
33738, 0, 4, 4, 0, 0, 0
34102, 11, 1, 0, 1, 11, 0
34784, 0, 2, 1, 1, 0, 0
35173, 0, 2, 1, 1, 0, 0
37978, 0, 2, 1, 1, 0, 0
46227, 0, 3, 0, 3, 0, 0
61795, 0, 1, 0, 1, 0, 0
61796, 1, 1, 0, 1, 0, 1
61797, 0, 1, 0, 1, 0, 0
61798, 0, 1, 0, 1, 0, 0
61799, 0, 1, 0, 1, 0, 0
61800, 0, 1, 0, 1, 0, 0
61801, 0, 1, 0, 1, 0, 0
61802, 0, 1, 0, 1, 0, 0
61803, 0, 1, 0, 1, 0, 0
61804, 0, 1, 0, 1, 0, 0
61805, 0, 1, 0, 1, 0, 0
61806, 0, 1, 0, 1, 0, 0
61807, 0, 1, 0, 1, 0, 0
61808, 0, 1, 0, 1, 0, 0
61809, 1, 1, 0, 1, 0, 1
61810, 0, 1, 0, 1, 0, 0
61811, 0, 2, 1, 1, 0, 0
61812, 0, 1, 0, 1, 0, 0
61813, 0, 1, 0, 1, 0, 0
61814, 0, 1, 0, 1, 0, 0
61815, 1, 2, 0, 2, 1, 0
61816, 0, 3, 0, 3, 0, 0
61817, 0, 1, 0, 1, 0, 0
61818, 0, 1, 0, 1, 0, 0
61819, 0, 1, 0, 1, 0, 0
61820, 3, 1, 0, 1, 3, 0
61822, 0, 1, 1, 0, 0, 0
61823, 4, 5, 4, 1, 4, 0
54608, 1, 1, 1, 0, 1, 0
54609, 0, 1, 1, 0, 0, 0
54610, 0, 4, 0, 4, 0, 0
54611, 0, 1, 0, 1, 0, 0
61824, 0, 1, 1, 0, 0, 0
61825, 0, 1, 1, 0, 0, 0
20299, 0, 2, 1, 1, 0, 0
44981, 2, 2, 1, 1, 2, 0
46003, 1, 2, 1, 1, 1, 0
55106, 5, 1, 0, 1, 4, 1
55327, 1, 1, 0, 1, 1, 0
55328, 0, 2, 0, 2, 0, 0
55329, 0, 1, 0, 1, 0, 0
55330, 0, 1, 0, 1, 0, 0
55331, 0, 1, 0, 1, 0, 0
55332, 0, 1, 0, 1, 0, 0
55333, 0, 1, 0, 1, 0, 0
55334, 1, 2, 0, 2, 0, 1
55335, 0, 1, 0, 1, 0, 0
55336, 0, 1, 0, 1, 0, 0
55337, 0, 1, 0, 1, 0, 0
55338, 0, 1, 0, 1, 0, 0
55339, 0, 1, 0, 1, 0, 0
55340, 1, 1, 0, 1, 0, 1
55341, 0, 1, 0, 1, 0, 0
55342, 0, 1, 0, 1, 0, 0
55343, 5, 2, 1, 1, 5, 0
55344, 0, 1, 0, 1, 0, 0
55345, 0, 1, 0, 1, 0, 0
55346, 1, 2, 1, 1, 0, 1
55347, 0, 1, 0, 1, 0, 0
55349, 0, 2, 1, 1, 0, 0
55350, 3, 4, 2, 2, 3, 0
55351, 5, 6, 5, 1, 5, 0
55352, 0, 1, 0, 1, 0, 0
55353, 0, 3, 2, 1, 0, 0
34026, 0, 2, 1, 1, 0, 0
61843, 0, 1, 0, 1, 0, 0
61844, 0, 1, 0, 1, 0, 0
61845, 6, 1, 0, 1, 1, 5
61846, 7, 5, 1, 4, 6, 1
61847, 0, 1, 0, 1, 0, 0
61848, 0, 2, 0, 2, 0, 0
61849, 0, 1, 0, 1, 0, 0
19159, 0, 2, 2, 0, 0, 0
25152, 0, 3, 2, 1, 0, 0
29847, 0, 1, 1, 0, 0, 0
29848, 0, 1, 1, 0, 0, 0
29853, 0, 1, 1, 0, 0, 0
29857, 0, 2, 2, 0, 0, 0
29859, 18, 2, 2, 0, 17, 1
29861, 0, 4, 0, 4, 0, 0
29863, 0, 1, 0, 1, 0, 0
29864, 0, 1, 0, 1, 0, 0
29868, 0, 1, 0, 1, 0, 0
29869, 0, 3, 2, 1, 0, 0
29871, 0, 1, 0, 1, 0, 0
29872, 0, 1, 0, 1, 0, 0
29873, 1, 2, 1, 1, 1, 0
29874, 0, 1, 0, 1, 0, 0
29875, 0, 3, 1, 2, 0, 0
29876, 0, 1, 0, 1, 0, 0
29877, 0, 1, 0, 1, 0, 0
29880, 0, 1, 0, 1, 0, 0
29881, 7, 1, 0, 1, 6, 1
29883, 0, 1, 0, 1, 0, 0
29884, 1, 3, 2, 1, 1, 0
29886, 0, 1, 0, 1, 0, 0
29888, 0, 1, 0, 1, 0, 0
16739, 3, 0, 0, 0, 3, 0
16740, 5, 0, 0, 0, 5, 0
16742, 8, 0, 0, 0, 8, 0
16745, 4, 2, 2, 0, 4, 0
16746, 1, 1, 1, 0, 1, 0
16747, 3, 0, 0, 0, 3, 0
16748, 11, 0, 0, 0, 11, 0
25731, 2, 1, 1, 0, 2, 0
25733, 4, 3, 3, 0, 4, 0
25736, 0, 1, 1, 0, 0, 0
25737, 2, 1, 1, 0, 2, 0
25740, 0, 4, 4, 0, 0, 0
25742, 22, 1, 0, 1, 14, 8
16754, 2, 1, 1, 0, 2, 0
43841, 0, 2, 2, 0, 0, 0
61851, 0, 1, 1, 0, 0, 0
61852, 0, 1, 1, 0, 0, 0
61853, 0, 2, 2, 0, 0, 0
61854, 0, 1, 1, 0, 0, 0
61855, 0, 1, 1, 0, 0, 0
61856, 0, 1, 1, 0, 0, 0
61857, 2, 2, 2, 0, 2, 0
61858, 0, 1, 1, 0, 0, 0
61859, 0, 1, 1, 0, 0, 0
61860, 0, 1, 1, 0, 0, 0
61861, 0, 1, 1, 0, 0, 0
61862, 0, 1, 0, 1, 0, 0
16758, 0, 1, 1, 0, 0, 0
16759, 49, 3, 3, 0, 49, 0
17302, 0, 2, 1, 1, 0, 0
24751, 13, 1, 1, 0, 13, 0
45691, 2, 5, 3, 2, 2, 0
54908, 6, 2, 0, 2, 6, 0
55477, 0, 2, 1, 1, 0, 0
56949, 0, 1, 1, 0, 0, 0
56950, 0, 1, 1, 0, 0, 0
56951, 5, 1, 1, 0, 4, 1
56952, 0, 2, 1, 1, 0, 0
56953, 0, 2, 2, 0, 0, 0
56954, 1, 1, 1, 0, 0, 1
56955, 0, 2, 2, 0, 0, 0
56956, 0, 2, 0, 2, 0, 0
56957, 0, 1, 0, 1, 0, 0
56958, 0, 1, 0, 1, 0, 0
56961, 0, 1, 0, 1, 0, 0
56962, 0, 1, 0, 1, 0, 0
56963, 7, 4, 2, 2, 4, 3
56964, 0, 1, 0, 1, 0, 0
56965, 0, 1, 0, 1, 0, 0
56967, 0, 1, 0, 1, 0, 0
24883, 0, 3, 2, 1, 0, 0
33475, 0, 1, 1, 0, 0, 0
30342, 56, 2, 1, 1, 16, 40
46157, 13, 1, 0, 1, 12, 1
16763, 2, 0, 0, 0, 2, 0
61870, 0, 1, 1, 0, 0, 0
61871, 0, 1, 1, 0, 0, 0
29659, 0, 3, 3, 0, 0, 0
61872, 24, 1, 1, 0, 24, 0
36824, 0, 4, 4, 0, 0, 0
36825, 0, 3, 2, 1, 0, 0
61873, 0, 1, 1, 0, 0, 0
18534, 0, 2, 2, 0, 0, 0
41812, 0, 2, 1, 1, 0, 0
56775, 0, 1, 1, 0, 0, 0
56776, 0, 2, 2, 0, 0, 0
56777, 2, 1, 1, 0, 2, 0
56779, 0, 1, 0, 1, 0, 0
56780, 0, 1, 0, 1, 0, 0
56781, 4, 1, 0, 1, 2, 2
56782, 0, 1, 0, 1, 0, 0
56783, 0, 2, 1, 1, 0, 0
23203, 0, 6, 6, 0, 0, 0
38666, 0, 1, 1, 0, 0, 0
38668, 2, 1, 0, 1, 2, 0
38669, 0, 1, 0, 1, 0, 0
38670, 0, 1, 0, 1, 0, 0
42485, 0, 1, 1, 0, 0, 0
16781, 5, 0, 0, 0, 5, 0
16782, 16, 2, 2, 0, 15, 1
54045, 1, 3, 2, 1, 1, 0
60377, 0, 2, 2, 0, 0, 0
61874, 0, 2, 2, 0, 0, 0
19927, 0, 1, 1, 0, 0, 0
19929, 0, 1, 1, 0, 0, 0
19934, 0, 2, 2, 0, 0, 0
35561, 11, 4, 3, 1, 10, 1
35618, 0, 3, 3, 0, 0, 0
35914, 0, 3, 0, 3, 0, 0
38419, 0, 1, 1, 0, 0, 0
38424, 0, 1, 1, 0, 0, 0
38425, 0, 2, 2, 0, 0, 0
38426, 4, 1, 1, 0, 4, 0
38427, 2, 2, 2, 0, 2, 0
38432, 0, 2, 1, 1, 0, 0
61875, 0, 1, 1, 0, 0, 0
16801, 0, 2, 2, 0, 0, 0
16802, 1, 1, 1, 0, 1, 0
16804, 1, 1, 1, 0, 1, 0
61876, 0, 1, 1, 0, 0, 0
61878, 0, 2, 2, 0, 0, 0
61879, 0, 3, 3, 0, 0, 0
18770, 2, 2, 1, 1, 2, 0
36450, 2, 3, 2, 1, 2, 0
45203, 12, 2, 1, 1, 12, 0
55455, 0, 2, 0, 2, 0, 0
59916, 2, 2, 1, 1, 2, 0
61880, 0, 1, 0, 1, 0, 0
61881, 0, 1, 0, 1, 0, 0
61882, 1, 1, 0, 1, 1, 0
61883, 0, 1, 0, 1, 0, 0
61884, 0, 1, 0, 1, 0, 0
61885, 0, 1, 0, 1, 0, 0
61886, 0, 1, 0, 1, 0, 0
61887, 0, 1, 0, 1, 0, 0
61888, 0, 2, 0, 2, 0, 0
61889, 0, 1, 0, 1, 0, 0
61890, 0, 1, 0, 1, 0, 0
61891, 2, 1, 0, 1, 2, 0
61892, 2, 1, 0, 1, 2, 0
61893, 0, 1, 0, 1, 0, 0
61894, 0, 2, 1, 1, 0, 0
37973, 0, 5, 5, 0, 0, 0
61895, 0, 1, 1, 0, 0, 0
61896, 0, 1, 1, 0, 0, 0
61897, 2, 2, 2, 0, 2, 0
61898, 0, 1, 1, 0, 0, 0
61899, 1, 1, 1, 0, 1, 0
61900, 0, 1, 1, 0, 0, 0
61901, 1, 2, 2, 0, 1, 0
40617, 0, 1, 1, 0, 0, 0
61902, 0, 2, 2, 0, 0, 0
29365, 0, 3, 3, 0, 0, 0
44858, 5, 1, 1, 0, 5, 0
55436, 1, 1, 1, 0, 1, 0
55437, 0, 2, 2, 0, 0, 0
55438, 5, 4, 4, 0, 5, 0
59354, 7, 2, 2, 0, 7, 0
61903, 0, 1, 1, 0, 0, 0
61904, 2, 1, 1, 0, 0, 2
48844, 0, 3, 2, 1, 0, 0
58460, 10, 2, 2, 0, 7, 3
59362, 0, 1, 1, 0, 0, 0
59363, 0, 2, 2, 0, 0, 0
59364, 0, 1, 1, 0, 0, 0
59365, 1, 2, 2, 0, 1, 0
59366, 0, 1, 1, 0, 0, 0
59367, 27, 1, 1, 0, 26, 1
45756, 0, 2, 1, 1, 0, 0
60497, 6, 1, 0, 1, 6, 0
61905, 8, 2, 2, 0, 7, 1
61906, 0, 1, 0, 1, 0, 0
34465, 29, 7, 7, 0, 29, 0
39193, 0, 4, 2, 2, 0, 0
44120, 3, 1, 1, 0, 3, 0
44122, 0, 1, 0, 1, 0, 0
33744, 0, 2, 2, 0, 0, 0
56591, 0, 1, 1, 0, 0, 0
56592, 0, 1, 1, 0, 0, 0
56593, 0, 1, 0, 1, 0, 0
16848, 14, 0, 0, 0, 12, 2
16851, 1, 1, 0, 1, 0, 1
16856, 1, 1, 1, 0, 0, 1
16866, 0, 1, 1, 0, 0, 0
16868, 0, 1, 1, 0, 0, 0
16872, 0, 1, 1, 0, 0, 0
16873, 0, 1, 1, 0, 0, 0
16875, 1, 3, 3, 0, 1, 0
16882, 0, 1, 0, 1, 0, 0
16886, 0, 1, 0, 1, 0, 0
16888, 0, 1, 0, 1, 0, 0
16889, 1, 1, 0, 1, 1, 0
16890, 0, 1, 0, 1, 0, 0
16893, 0, 1, 0, 1, 0, 0
16894, 0, 1, 0, 1, 0, 0
16896, 0, 3, 0, 3, 0, 0
16898, 0, 1, 0, 1, 0, 0
16900, 1, 1, 0, 1, 1, 0
16902, 0, 1, 0, 1, 0, 0
16907, 0, 2, 1, 1, 0, 0
16910, 0, 1, 0, 1, 0, 0
16911, 0, 1, 0, 1, 0, 0
16915, 0, 3, 1, 2, 0, 0
16916, 3, 2, 0, 2, 1, 2
16919, 1, 2, 0, 2, 1, 0
16921, 0, 6, 4, 2, 0, 0
16922, 0, 2, 1, 1, 0, 0
16928, 0, 1, 0, 1, 0, 0
16929, 0, 1, 0, 1, 0, 0
16931, 8, 2, 0, 2, 8, 0
16935, 0, 1, 0, 1, 0, 0
16940, 0, 1, 0, 1, 0, 0
16941, 0, 1, 0, 1, 0, 0
16942, 0, 1, 0, 1, 0, 0
16944, 0, 1, 0, 1, 0, 0
43795, 6, 2, 2, 0, 6, 0
61907, 1, 5, 5, 0, 1, 0
61908, 0, 1, 0, 1, 0, 0
61909, 0, 1, 0, 1, 0, 0
61910, 0, 1, 0, 1, 0, 0
61911, 1, 1, 1, 0, 1, 0
61912, 4, 1, 1, 0, 4, 0
61913, 0, 1, 0, 1, 0, 0
61914, 2, 3, 3, 0, 2, 0
61915, 3, 2, 2, 0, 3, 0
61916, 1, 1, 1, 0, 1, 0
61917, 0, 1, 1, 0, 0, 0
61918, 1, 1, 1, 0, 1, 0
61919, 0, 1, 1, 0, 0, 0
33464, 0, 1, 1, 0, 0, 0
33465, 12, 2, 1, 1, 8, 4
33466, 0, 3, 3, 0, 0, 0
43670, 0, 3, 3, 0, 0, 0
57962, 0, 2, 2, 0, 0, 0
60314, 1, 2, 2, 0, 1, 0
60315, 1, 1, 1, 0, 1, 0
60316, 0, 1, 0, 1, 0, 0
61922, 0, 1, 1, 0, 0, 0
61923, 0, 1, 0, 1, 0, 0
61924, 0, 2, 1, 1, 0, 0
61925, 1, 1, 1, 0, 1, 0
61926, 0, 1, 1, 0, 0, 0
37321, 1, 3, 3, 0, 0, 1
61927, 0, 2, 2, 0, 0, 0
61928, 1, 1, 1, 0, 1, 0
61929, 0, 1, 1, 0, 0, 0
61930, 1, 1, 0, 1, 1, 0
61931, 0, 1, 0, 1, 0, 0
61932, 0, 1, 1, 0, 0, 0
61933, 1, 2, 2, 0, 1, 0
61934, 0, 1, 1, 0, 0, 0
61935, 6, 2, 2, 0, 6, 0
16951, 0, 1, 1, 0, 0, 0
61936, 0, 1, 0, 1, 0, 0
16954, 8, 1, 1, 0, 8, 0
61937, 0, 1, 1, 0, 0, 0
16958, 0, 1, 1, 0, 0, 0
16959, 0, 1, 1, 0, 0, 0
61938, 2, 3, 1, 2, 0, 2
24982, 0, 4, 4, 0, 0, 0
61939, 1, 1, 1, 0, 1, 0
61940, 0, 1, 1, 0, 0, 0
61941, 0, 1, 0, 1, 0, 0
16963, 6, 0, 0, 0, 5, 1
61942, 1, 1, 1, 0, 1, 0
61943, 0, 1, 1, 0, 0, 0
53428, 8, 4, 3, 1, 6, 2
61944, 0, 3, 3, 0, 0, 0
61945, 0, 3, 3, 0, 0, 0
61946, 0, 3, 3, 0, 0, 0
61947, 8, 3, 3, 0, 6, 2
61948, 1, 1, 1, 0, 0, 1
61949, 0, 1, 1, 0, 0, 0
61950, 1, 1, 1, 0, 1, 0
16988, 0, 6, 6, 0, 0, 0
16994, 0, 3, 3, 0, 0, 0
16996, 1, 0, 0, 0, 1, 0
16998, 4, 1, 1, 0, 3, 1
16999, 0, 1, 1, 0, 0, 0
17001, 1, 3, 3, 0, 0, 1
17005, 0, 1, 1, 0, 0, 0
17009, 0, 3, 3, 0, 0, 0
17012, 7, 3, 3, 0, 7, 0
17015, 0, 1, 0, 1, 0, 0
49416, 0, 3, 3, 0, 0, 0
61951, 0, 1, 1, 0, 0, 0
61952, 0, 2, 2, 0, 0, 0
59430, 0, 5, 5, 0, 0, 0
61953, 1, 1, 1, 0, 1, 0
61954, 0, 1, 1, 0, 0, 0
61955, 0, 2, 1, 1, 0, 0
61956, 0, 1, 1, 0, 0, 0
17016, 7, 1, 1, 0, 7, 0
61957, 3, 1, 1, 0, 2, 1
61958, 0, 1, 1, 0, 0, 0
17019, 1, 0, 0, 0, 1, 0
61959, 4, 2, 2, 0, 4, 0
46141, 0, 2, 2, 0, 0, 0
46142, 0, 1, 1, 0, 0, 0
46143, 0, 2, 2, 0, 0, 0
61960, 0, 2, 2, 0, 0, 0
61961, 6, 1, 0, 1, 6, 0
61962, 0, 1, 1, 0, 0, 0
61963, 0, 2, 2, 0, 0, 0
61964, 3, 1, 1, 0, 3, 0
61965, 0, 1, 1, 0, 0, 0
24275, 9, 2, 1, 1, 6, 3
24276, 9, 2, 2, 0, 9, 0
24278, 2, 2, 2, 0, 1, 1
24283, 0, 3, 3, 0, 0, 0
24284, 0, 1, 1, 0, 0, 0
55586, 0, 1, 1, 0, 0, 0
58253, 0, 2, 0, 2, 0, 0
59584, 4, 2, 1, 1, 4, 0
61966, 2, 1, 1, 0, 1, 1
61967, 0, 3, 2, 1, 0, 0
61968, 0, 1, 0, 1, 0, 0
61969, 10, 2, 1, 1, 1, 9
61970, 0, 3, 1, 2, 0, 0
61971, 0, 1, 1, 0, 0, 0
61972, 0, 1, 1, 0, 0, 0
29216, 4, 1, 1, 0, 4, 0
18816, 8, 2, 2, 0, 7, 1
22363, 0, 2, 2, 0, 0, 0
22886, 0, 3, 3, 0, 0, 0
29204, 0, 5, 4, 1, 0, 0
37484, 0, 2, 2, 0, 0, 0
44493, 3, 3, 3, 0, 3, 0
52055, 0, 1, 1, 0, 0, 0
52056, 0, 1, 1, 0, 0, 0
52057, 0, 1, 1, 0, 0, 0
52058, 6, 1, 1, 0, 6, 0
52059, 4, 1, 1, 0, 4, 0
52060, 6, 5, 5, 0, 5, 1
52062, 0, 2, 2, 0, 0, 0
52063, 0, 1, 1, 0, 0, 0
52065, 1, 1, 1, 0, 1, 0
43906, 0, 1, 1, 0, 0, 0
43909, 0, 1, 1, 0, 0, 0
43910, 2, 2, 2, 0, 1, 1
43911, 0, 2, 2, 0, 0, 0
43912, 0, 1, 1, 0, 0, 0
43913, 0, 1, 1, 0, 0, 0
43915, 0, 1, 1, 0, 0, 0
43916, 0, 1, 1, 0, 0, 0
43917, 0, 1, 1, 0, 0, 0
43918, 1, 2, 0, 2, 0, 1
43919, 0, 3, 1, 2, 0, 0
43920, 0, 1, 0, 1, 0, 0
43921, 0, 2, 1, 1, 0, 0
61973, 1, 1, 1, 0, 1, 0
61974, 1, 1, 0, 1, 0, 1
22966, 6, 3, 3, 0, 6, 0
37255, 0, 1, 1, 0, 0, 0
37258, 0, 3, 2, 1, 0, 0
61975, 0, 1, 1, 0, 0, 0
61976, 0, 1, 1, 0, 0, 0
53536, 3, 5, 5, 0, 3, 0
53537, 1, 1, 1, 0, 1, 0
53538, 2, 1, 1, 0, 2, 0
53539, 0, 1, 1, 0, 0, 0
53540, 0, 2, 1, 1, 0, 0
53541, 7, 1, 1, 0, 7, 0
53542, 6, 1, 1, 0, 5, 1
53543, 0, 3, 3, 0, 0, 0
51763, 0, 1, 1, 0, 0, 0
51764, 1, 1, 1, 0, 0, 1
51766, 14, 1, 1, 0, 7, 7
61977, 0, 1, 0, 1, 0, 0
61978, 10, 1, 1, 0, 9, 1
20730, 6, 2, 2, 0, 6, 0
61979, 1, 1, 1, 0, 1, 0
61980, 1, 1, 1, 0, 1, 0
61981, 0, 1, 1, 0, 0, 0
61982, 0, 2, 2, 0, 0, 0
61983, 2, 2, 2, 0, 1, 1
61984, 0, 1, 1, 0, 0, 0
19945, 0, 2, 2, 0, 0, 0
20845, 20, 2, 2, 0, 20, 0
20847, 0, 1, 0, 1, 0, 0
20852, 0, 1, 0, 1, 0, 0
61987, 0, 1, 1, 0, 0, 0
30006, 0, 3, 3, 0, 0, 0
59381, 0, 1, 1, 0, 0, 0
59382, 11, 3, 3, 0, 7, 4
59383, 0, 1, 1, 0, 0, 0
59384, 0, 1, 0, 1, 0, 0
25166, 0, 1, 1, 0, 0, 0
59550, 4, 1, 1, 0, 4, 0
59551, 0, 1, 1, 0, 0, 0
59552, 0, 1, 1, 0, 0, 0
61988, 0, 1, 0, 1, 0, 0
61989, 0, 1, 0, 1, 0, 0
61990, 0, 1, 0, 1, 0, 0
61991, 6, 1, 0, 1, 2, 4
61992, 0, 1, 0, 1, 0, 0
17122, 7, 4, 4, 0, 7, 0
17123, 0, 1, 1, 0, 0, 0
43926, 0, 1, 1, 0, 0, 0
43927, 1, 2, 2, 0, 1, 0
17127, 3, 1, 1, 0, 3, 0
17128, 1, 1, 1, 0, 1, 0
23299, 0, 1, 1, 0, 0, 0
23301, 0, 1, 1, 0, 0, 0
23305, 0, 1, 1, 0, 0, 0
23964, 1, 1, 1, 0, 1, 0
23965, 1, 1, 1, 0, 1, 0
25199, 1, 4, 1, 3, 1, 0
37577, 0, 3, 3, 0, 0, 0
40360, 11, 4, 4, 0, 11, 0
50659, 0, 3, 3, 0, 0, 0
50660, 0, 2, 2, 0, 0, 0
50661, 17, 2, 2, 0, 14, 3
50662, 0, 2, 2, 0, 0, 0
50663, 1, 2, 0, 2, 0, 1
50664, 4, 3, 0, 3, 4, 0
50665, 0, 2, 0, 2, 0, 0
50667, 0, 2, 0, 2, 0, 0
61994, 0, 2, 2, 0, 0, 0
53439, 0, 6, 6, 0, 0, 0
61995, 0, 1, 1, 0, 0, 0
61996, 0, 2, 2, 0, 0, 0
61997, 0, 1, 1, 0, 0, 0
61998, 3, 1, 1, 0, 3, 0
61999, 2, 1, 1, 0, 2, 0
17149, 0, 1, 1, 0, 0, 0
22954, 0, 1, 1, 0, 0, 0
22955, 2, 1, 1, 0, 2, 0
17151, 15, 0, 0, 0, 12, 3
17152, 0, 4, 4, 0, 0, 0
17154, 0, 2, 2, 0, 0, 0
17156, 4, 0, 0, 0, 4, 0
17161, 1, 0, 0, 0, 1, 0
17163, 0, 1, 1, 0, 0, 0
17165, 1, 1, 1, 0, 1, 0
55078, 12, 1, 1, 0, 12, 0
55245, 1, 1, 1, 0, 1, 0
62000, 0, 1, 1, 0, 0, 0
62001, 0, 2, 2, 0, 0, 0
62002, 0, 1, 1, 0, 0, 0
62003, 3, 2, 2, 0, 3, 0
62004, 0, 1, 1, 0, 0, 0
62005, 0, 1, 1, 0, 0, 0
62006, 0, 1, 1, 0, 0, 0
24557, 0, 3, 3, 0, 0, 0
47583, 4, 1, 1, 0, 3, 1
47584, 0, 1, 1, 0, 0, 0
47585, 2, 1, 1, 0, 0, 2
47587, 0, 1, 1, 0, 0, 0
47588, 4, 1, 1, 0, 2, 2
47590, 0, 1, 1, 0, 0, 0
62011, 0, 2, 2, 0, 0, 0
30386, 16, 4, 4, 0, 15, 1
62012, 0, 1, 1, 0, 0, 0
62013, 3, 1, 1, 0, 3, 0
62014, 4, 2, 2, 0, 3, 1
62015, 0, 1, 1, 0, 0, 0
60348, 0, 3, 3, 0, 0, 0
62016, 0, 2, 2, 0, 0, 0
44572, 0, 1, 1, 0, 0, 0
44573, 0, 1, 1, 0, 0, 0
44574, 4, 3, 2, 1, 4, 0
17199, 2, 0, 0, 0, 1, 1
17203, 0, 1, 1, 0, 0, 0
48083, 0, 3, 2, 1, 0, 0
52046, 0, 1, 1, 0, 0, 0
52047, 8, 2, 2, 0, 8, 0
52048, 4, 1, 1, 0, 4, 0
52049, 0, 1, 1, 0, 0, 0
52050, 0, 1, 0, 1, 0, 0
52051, 0, 1, 0, 1, 0, 0
62022, 0, 1, 1, 0, 0, 0
19250, 5, 4, 4, 0, 2, 3
29782, 2, 3, 3, 0, 2, 0
29784, 0, 2, 1, 1, 0, 0
29785, 0, 1, 1, 0, 0, 0
29787, 0, 1, 1, 0, 0, 0
29789, 0, 1, 1, 0, 0, 0
29792, 0, 1, 1, 0, 0, 0
29794, 0, 1, 1, 0, 0, 0
29795, 0, 1, 1, 0, 0, 0
29798, 0, 2, 1, 1, 0, 0
29802, 1, 1, 1, 0, 1, 0
22168, 0, 3, 2, 1, 0, 0
27385, 0, 4, 3, 1, 0, 0
35565, 5, 1, 0, 1, 5, 0
54852, 2, 2, 1, 1, 2, 0
60854, 0, 1, 0, 1, 0, 0
60855, 0, 1, 0, 1, 0, 0
60856, 0, 2, 0, 2, 0, 0
60857, 2, 4, 3, 1, 2, 0
60858, 0, 1, 0, 1, 0, 0
60859, 0, 1, 0, 1, 0, 0
60860, 0, 2, 1, 1, 0, 0
60861, 14, 1, 0, 1, 8, 6
60862, 0, 1, 0, 1, 0, 0
60863, 1, 1, 0, 1, 1, 0
60864, 1, 1, 0, 1, 1, 0
60865, 0, 1, 0, 1, 0, 0
60866, 0, 1, 0, 1, 0, 0
60867, 0, 1, 0, 1, 0, 0
60868, 0, 1, 0, 1, 0, 0
60869, 0, 1, 0, 1, 0, 0
60870, 0, 1, 0, 1, 0, 0
60871, 0, 1, 0, 1, 0, 0
59553, 0, 1, 1, 0, 0, 0
22481, 12, 1, 1, 0, 12, 0
32578, 0, 4, 4, 0, 0, 0
32580, 1, 2, 1, 1, 1, 0
26443, 6, 4, 3, 1, 5, 1
62023, 3, 2, 2, 0, 3, 0
62024, 1, 1, 1, 0, 1, 0
62025, 0, 1, 1, 0, 0, 0
24555, 11, 2, 2, 0, 11, 0
24556, 3, 3, 3, 0, 3, 0
33545, 4, 6, 6, 0, 3, 1
36467, 0, 1, 1, 0, 0, 0
36468, 7, 1, 1, 0, 5, 2
36469, 0, 1, 1, 0, 0, 0
36470, 0, 1, 1, 0, 0, 0
36472, 0, 3, 2, 1, 0, 0
36473, 2, 1, 1, 0, 0, 2
36474, 5, 2, 2, 0, 3, 2
36475, 0, 2, 2, 0, 0, 0
36476, 0, 1, 1, 0, 0, 0
36477, 0, 4, 3, 1, 0, 0
36478, 0, 2, 2, 0, 0, 0
36479, 0, 2, 2, 0, 0, 0
36480, 0, 1, 1, 0, 0, 0
27306, 4, 2, 1, 1, 3, 1
62026, 0, 1, 1, 0, 0, 0
62027, 1, 1, 0, 1, 0, 1
62028, 1, 1, 0, 1, 1, 0
32521, 0, 2, 2, 0, 0, 0
62029, 0, 1, 1, 0, 0, 0
62030, 0, 1, 1, 0, 0, 0
62031, 0, 3, 3, 0, 0, 0
62032, 0, 1, 1, 0, 0, 0
62033, 2, 1, 1, 0, 2, 0
62034, 0, 2, 2, 0, 0, 0
62035, 3, 3, 1, 2, 3, 0
62036, 0, 2, 2, 0, 0, 0
62037, 1, 1, 1, 0, 0, 1
62038, 0, 3, 3, 0, 0, 0
62039, 0, 2, 1, 1, 0, 0
62040, 0, 1, 0, 1, 0, 0
62041, 0, 1, 0, 1, 0, 0
62042, 0, 1, 1, 0, 0, 0
62043, 6, 3, 2, 1, 6, 0
62044, 0, 1, 0, 1, 0, 0
17244, 16, 2, 2, 0, 6, 10
17245, 2, 2, 2, 0, 2, 0
17246, 1, 2, 1, 1, 1, 0
62068, 2, 1, 1, 0, 2, 0
44217, 1, 1, 1, 0, 1, 0
55055, 1, 1, 1, 0, 1, 0
55056, 1, 1, 1, 0, 1, 0
17255, 2, 0, 0, 0, 2, 0
17256, 30, 1, 1, 0, 30, 0
62076, 0, 1, 1, 0, 0, 0
62077, 0, 2, 2, 0, 0, 0
62078, 0, 1, 1, 0, 0, 0
62079, 1, 2, 2, 0, 1, 0
62080, 3, 3, 3, 0, 3, 0
54100, 0, 2, 2, 0, 0, 0
62081, 0, 1, 1, 0, 0, 0
62082, 8, 1, 1, 0, 8, 0
17263, 1, 1, 1, 0, 1, 0
17264, 0, 1, 1, 0, 0, 0
17265, 1, 1, 1, 0, 1, 0
17267, 7, 0, 0, 0, 7, 0
17271, 2, 1, 1, 0, 2, 0
17272, 0, 1, 1, 0, 0, 0
18989, 0, 2, 2, 0, 0, 0
41351, 24, 1, 1, 0, 24, 0
57938, 0, 1, 1, 0, 0, 0
17276, 4, 1, 1, 0, 3, 1
17277, 5, 1, 1, 0, 3, 2
62084, 8, 1, 1, 0, 7, 1
62085, 0, 1, 0, 1, 0, 0
17281, 7, 0, 0, 0, 7, 0
17283, 0, 2, 2, 0, 0, 0
17290, 0, 1, 1, 0, 0, 0
17293, 0, 1, 1, 0, 0, 0
17296, 0, 1, 1, 0, 0, 0
17298, 1, 1, 1, 0, 1, 0
17301, 0, 3, 1, 2, 0, 0
17307, 4, 3, 2, 1, 4, 0
39116, 4, 3, 3, 0, 4, 0
62098, 2, 1, 1, 0, 2, 0
62099, 0, 1, 1, 0, 0, 0
62100, 1, 1, 1, 0, 1, 0
62101, 0, 1, 1, 0, 0, 0
62102, 0, 1, 1, 0, 0, 0
62103, 0, 1, 1, 0, 0, 0
41857, 0, 1, 1, 0, 0, 0
41858, 0, 1, 1, 0, 0, 0
62104, 0, 1, 1, 0, 0, 0
54398, 0, 2, 1, 1, 0, 0
62105, 1, 1, 1, 0, 1, 0
62106, 4, 1, 1, 0, 4, 0
62107, 0, 1, 0, 1, 0, 0
62108, 0, 1, 0, 1, 0, 0
62109, 0, 1, 0, 1, 0, 0
62110, 2, 2, 2, 0, 2, 0
55128, 0, 1, 0, 1, 0, 0
62111, 0, 2, 2, 0, 0, 0
17324, 0, 1, 1, 0, 0, 0
17326, 0, 1, 1, 0, 0, 0
17328, 1, 0, 0, 0, 1, 0
17337, 0, 2, 1, 1, 0, 0
17338, 1, 1, 1, 0, 1, 0
62144, 0, 1, 1, 0, 0, 0
62145, 0, 7, 7, 0, 0, 0
17349, 0, 1, 1, 0, 0, 0
17350, 0, 2, 2, 0, 0, 0
17357, 0, 1, 0, 1, 0, 0
17358, 0, 2, 1, 1, 0, 0
32727, 0, 3, 2, 1, 0, 0
57685, 0, 1, 1, 0, 0, 0
57686, 0, 1, 1, 0, 0, 0
57687, 0, 1, 1, 0, 0, 0
57688, 0, 2, 2, 0, 0, 0
57689, 0, 1, 1, 0, 0, 0
57690, 0, 1, 1, 0, 0, 0
57691, 0, 1, 1, 0, 0, 0
57692, 0, 1, 1, 0, 0, 0
17359, 21, 2, 2, 0, 21, 0
17361, 0, 1, 1, 0, 0, 0
17362, 2, 2, 2, 0, 2, 0
17363, 8, 0, 0, 0, 7, 1
17367, 4, 2, 2, 0, 4, 0
17368, 1, 1, 1, 0, 1, 0
17369, 0, 1, 1, 0, 0, 0
41050, 2, 2, 2, 0, 2, 0
41053, 0, 1, 0, 1, 0, 0
50827, 2, 2, 2, 0, 2, 0
55397, 12, 2, 2, 0, 10, 2
62154, 3, 1, 1, 0, 3, 0
62155, 4, 1, 1, 0, 4, 0
62156, 3, 2, 2, 0, 3, 0
62157, 0, 3, 3, 0, 0, 0
62158, 2, 1, 1, 0, 2, 0
62159, 10, 3, 3, 0, 5, 5
62160, 2, 1, 1, 0, 2, 0
62161, 2, 1, 1, 0, 2, 0
62162, 3, 1, 1, 0, 3, 0
28808, 0, 4, 4, 0, 0, 0
62163, 1, 1, 1, 0, 1, 0
62164, 0, 1, 1, 0, 0, 0
35968, 0, 3, 3, 0, 0, 0
62165, 0, 2, 2, 0, 0, 0
62166, 0, 1, 1, 0, 0, 0
44873, 0, 2, 2, 0, 0, 0
25170, 4, 1, 1, 0, 4, 0
30595, 4, 4, 3, 1, 3, 1
31254, 2, 5, 4, 1, 2, 0
32759, 1, 1, 1, 0, 1, 0
33646, 0, 3, 3, 0, 0, 0
33797, 0, 3, 3, 0, 0, 0
44910, 0, 2, 2, 0, 0, 0
48120, 0, 2, 2, 0, 0, 0
57608, 0, 1, 1, 0, 0, 0
57609, 4, 1, 1, 0, 2, 2
57610, 10, 1, 1, 0, 6, 4
57611, 0, 1, 1, 0, 0, 0
57612, 1, 1, 1, 0, 0, 1
57613, 0, 1, 1, 0, 0, 0
57614, 0, 1, 1, 0, 0, 0
57615, 0, 1, 1, 0, 0, 0
57616, 0, 2, 1, 1, 0, 0
57617, 1, 4, 3, 1, 1, 0
57618, 0, 1, 1, 0, 0, 0
57619, 2, 2, 2, 0, 2, 0
57620, 0, 1, 1, 0, 0, 0
57621, 0, 1, 1, 0, 0, 0
57622, 2, 1, 1, 0, 2, 0
57623, 0, 1, 1, 0, 0, 0
57624, 1, 1, 1, 0, 1, 0
57625, 0, 1, 0, 1, 0, 0
57626, 1, 4, 2, 2, 1, 0
57627, 0, 1, 0, 1, 0, 0
59300, 0, 1, 1, 0, 0, 0
59301, 0, 1, 1, 0, 0, 0
59302, 0, 1, 1, 0, 0, 0
62167, 1, 1, 1, 0, 1, 0
29128, 9, 3, 2, 1, 9, 0
50830, 0, 2, 1, 1, 0, 0
56120, 4, 5, 2, 3, 4, 0
62174, 0, 2, 0, 2, 0, 0
62175, 0, 1, 0, 1, 0, 0
62176, 0, 2, 1, 1, 0, 0
62177, 1, 1, 0, 1, 0, 1
62178, 0, 1, 0, 1, 0, 0
62179, 0, 2, 1, 1, 0, 0
62180, 0, 1, 0, 1, 0, 0
62181, 0, 1, 0, 1, 0, 0
62182, 0, 1, 0, 1, 0, 0
62183, 0, 1, 0, 1, 0, 0
17912, 2, 2, 2, 0, 2, 0
17914, 0, 1, 0, 1, 0, 0
17915, 1, 1, 0, 1, 0, 1
17917, 0, 2, 1, 1, 0, 0
62184, 0, 3, 3, 0, 0, 0
62185, 3, 2, 2, 0, 2, 1
62186, 2, 2, 2, 0, 2, 0
62187, 2, 1, 1, 0, 2, 0
22304, 0, 1, 1, 0, 0, 0
34350, 5, 2, 2, 0, 3, 2
32806, 1, 2, 1, 1, 1, 0
62193, 0, 1, 1, 0, 0, 0
60317, 0, 1, 1, 0, 0, 0
60318, 0, 2, 2, 0, 0, 0
35626, 0, 2, 2, 0, 0, 0
62194, 2, 1, 1, 0, 2, 0
62195, 2, 2, 2, 0, 2, 0
17762, 37, 1, 1, 0, 37, 0
21860, 0, 2, 2, 0, 0, 0
27621, 0, 2, 2, 0, 0, 0
33119, 71, 2, 2, 0, 28, 43
33120, 2, 1, 1, 0, 2, 0
33121, 9, 1, 1, 0, 9, 0
33123, 12, 1, 1, 0, 12, 0
33127, 21, 2, 2, 0, 20, 1
33130, 15, 1, 1, 0, 12, 3
62196, 0, 1, 1, 0, 0, 0
62197, 1, 1, 1, 0, 1, 0
62198, 9, 2, 1, 1, 3, 6
55618, 8, 1, 1, 0, 8, 0
55619, 0, 2, 2, 0, 0, 0
58691, 0, 2, 2, 0, 0, 0
62199, 0, 1, 1, 0, 0, 0
62200, 1, 1, 1, 0, 1, 0
62205, 0, 1, 1, 0, 0, 0
18200, 1, 3, 2, 1, 1, 0
44140, 4, 1, 0, 1, 4, 0
44781, 0, 1, 1, 0, 0, 0
44782, 16, 2, 1, 1, 9, 7
44783, 0, 1, 1, 0, 0, 0
44784, 0, 1, 1, 0, 0, 0
44786, 1, 1, 1, 0, 0, 1
44787, 0, 1, 1, 0, 0, 0
44788, 0, 1, 1, 0, 0, 0
44791, 0, 1, 1, 0, 0, 0
44792, 0, 2, 2, 0, 0, 0
44793, 0, 1, 1, 0, 0, 0
44795, 0, 1, 1, 0, 0, 0
44797, 0, 1, 1, 0, 0, 0
44798, 0, 1, 0, 1, 0, 0
44799, 0, 1, 0, 1, 0, 0
44801, 5, 2, 0, 2, 5, 0
44802, 13, 2, 1, 1, 13, 0
44803, 0, 1, 0, 1, 0, 0
44804, 0, 1, 0, 1, 0, 0
44805, 0, 2, 1, 1, 0, 0
44807, 0, 2, 1, 1, 0, 0
44808, 0, 1, 0, 1, 0, 0
44809, 6, 3, 2, 1, 6, 0
44810, 8, 1, 0, 1, 6, 2
44812, 0, 1, 0, 1, 0, 0
44813, 0, 1, 0, 1, 0, 0
34864, 26, 2, 2, 0, 25, 1
62206, 0, 1, 1, 0, 0, 0
62207, 0, 2, 2, 0, 0, 0
62208, 0, 1, 1, 0, 0, 0
62209, 0, 1, 1, 0, 0, 0
46203, 0, 4, 4, 0, 0, 0
59870, 0, 2, 2, 0, 0, 0
62210, 0, 1, 1, 0, 0, 0
62211, 0, 1, 0, 1, 0, 0
62212, 0, 1, 0, 1, 0, 0
62213, 6, 1, 1, 0, 4, 2
62214, 0, 1, 1, 0, 0, 0
17460, 11, 0, 0, 0, 8, 3
17461, 8, 2, 2, 0, 8, 0
58184, 2, 1, 1, 0, 2, 0
58185, 0, 2, 2, 0, 0, 0
17463, 0, 1, 1, 0, 0, 0
62215, 0, 1, 0, 1, 0, 0
17469, 3, 0, 0, 0, 3, 0
17471, 23, 0, 0, 0, 23, 0
17472, 2, 0, 0, 0, 2, 0
29308, 2, 2, 2, 0, 2, 0
34519, 1, 2, 2, 0, 1, 0
62222, 0, 1, 1, 0, 0, 0
62223, 0, 1, 1, 0, 0, 0
62224, 0, 1, 1, 0, 0, 0
34979, 0, 1, 1, 0, 0, 0
62225, 1, 1, 1, 0, 1, 0
33102, 0, 1, 1, 0, 0, 0
33103, 1, 1, 1, 0, 1, 0
62226, 1, 1, 1, 0, 1, 0
62227, 0, 1, 1, 0, 0, 0
62228, 0, 1, 1, 0, 0, 0
62229, 0, 1, 1, 0, 0, 0
61298, 0, 2, 2, 0, 0, 0
62230, 0, 1, 1, 0, 0, 0
62231, 0, 2, 2, 0, 0, 0
54567, 0, 3, 3, 0, 0, 0
62232, 1, 2, 2, 0, 1, 0
46397, 0, 1, 1, 0, 0, 0
46398, 0, 1, 1, 0, 0, 0
43949, 0, 2, 0, 2, 0, 0
54660, 0, 1, 1, 0, 0, 0
54661, 3, 3, 1, 2, 3, 0
25359, 0, 2, 2, 0, 0, 0
62233, 0, 1, 1, 0, 0, 0
62234, 1, 1, 1, 0, 1, 0
54657, 20, 2, 0, 2, 5, 15
62235, 7, 1, 1, 0, 7, 0
51152, 2, 3, 3, 0, 1, 1
51154, 0, 3, 3, 0, 0, 0
51155, 0, 7, 7, 0, 0, 0
17555, 3, 0, 0, 0, 3, 0
32500, 0, 1, 1, 0, 0, 0
22065, 1, 1, 1, 0, 1, 0
29131, 7, 2, 2, 0, 7, 0
17561, 1, 0, 0, 0, 1, 0
62240, 1, 1, 1, 0, 1, 0
62241, 3, 1, 1, 0, 3, 0
17573, 3, 0, 0, 0, 3, 0
17574, 2, 0, 0, 0, 1, 1
17575, 3, 0, 0, 0, 3, 0
59398, 0, 1, 1, 0, 0, 0
59399, 0, 2, 2, 0, 0, 0
59400, 0, 1, 1, 0, 0, 0
59401, 0, 2, 2, 0, 0, 0
59402, 0, 1, 1, 0, 0, 0
59403, 0, 1, 1, 0, 0, 0
59404, 0, 1, 1, 0, 0, 0
59405, 4, 4, 4, 0, 4, 0
23996, 0, 6, 6, 0, 0, 0
62242, 0, 1, 1, 0, 0, 0
26731, 12, 4, 2, 2, 9, 3
54167, 0, 2, 2, 0, 0, 0
54168, 0, 1, 1, 0, 0, 0
54170, 0, 3, 2, 1, 0, 0
54171, 1, 3, 2, 1, 1, 0
54172, 0, 1, 1, 0, 0, 0
41917, 0, 2, 2, 0, 0, 0
41918, 3, 1, 1, 0, 3, 0
19755, 2, 1, 1, 0, 2, 0
19756, 4, 1, 1, 0, 4, 0
19760, 0, 1, 1, 0, 0, 0
19765, 0, 1, 0, 1, 0, 0
62243, 2, 1, 1, 0, 2, 0
62244, 0, 2, 2, 0, 0, 0
49391, 3, 3, 2, 1, 2, 1
62267, 5, 1, 1, 0, 5, 0
54546, 0, 1, 1, 0, 0, 0
17615, 1, 0, 0, 0, 1, 0
62270, 1, 1, 1, 0, 1, 0
38290, 0, 1, 1, 0, 0, 0
30240, 0, 5, 0, 5, 0, 0
55081, 0, 5, 0, 5, 0, 0
62271, 0, 1, 0, 1, 0, 0
62272, 0, 1, 0, 1, 0, 0
62273, 0, 1, 0, 1, 0, 0
62274, 1, 2, 2, 0, 1, 0
62275, 2, 1, 1, 0, 2, 0
62276, 0, 3, 3, 0, 0, 0
62277, 1, 1, 1, 0, 1, 0
17653, 13, 2, 1, 1, 12, 1
21341, 0, 1, 1, 0, 0, 0
17656, 1, 2, 2, 0, 0, 1
48923, 0, 1, 1, 0, 0, 0
48924, 0, 1, 1, 0, 0, 0
48925, 1, 1, 1, 0, 1, 0
61297, 0, 1, 1, 0, 0, 0
61299, 2, 1, 1, 0, 2, 0
61300, 3, 3, 3, 0, 3, 0
61301, 0, 1, 1, 0, 0, 0
61302, 0, 1, 1, 0, 0, 0
31048, 0, 2, 2, 0, 0, 0
31049, 1, 6, 5, 1, 0, 1
31050, 0, 1, 1, 0, 0, 0
31052, 0, 1, 1, 0, 0, 0
31056, 0, 1, 1, 0, 0, 0
29844, 0, 2, 2, 0, 0, 0
38938, 0, 2, 2, 0, 0, 0
62283, 0, 2, 1, 1, 0, 0
62284, 2, 1, 1, 0, 2, 0
62285, 0, 1, 1, 0, 0, 0
62286, 0, 1, 1, 0, 0, 0
32421, 0, 5, 5, 0, 0, 0
54789, 13, 2, 2, 0, 11, 2
55675, 0, 1, 0, 1, 0, 0
55676, 0, 1, 0, 1, 0, 0
54999, 4, 2, 2, 0, 4, 0
62287, 0, 1, 1, 0, 0, 0
23418, 57, 1, 1, 0, 56, 1
37574, 0, 2, 2, 0, 0, 0
48788, 0, 1, 1, 0, 0, 0
48789, 9, 1, 1, 0, 8, 1
48790, 13, 1, 1, 0, 13, 0
48791, 0, 2, 2, 0, 0, 0
48792, 1, 1, 1, 0, 1, 0
48793, 0, 5, 5, 0, 0, 0
48794, 6, 1, 1, 0, 5, 1
48795, 7, 1, 1, 0, 7, 0
48796, 0, 1, 1, 0, 0, 0
48797, 0, 1, 1, 0, 0, 0
48798, 0, 3, 3, 0, 0, 0
48800, 0, 2, 1, 1, 0, 0
48803, 7, 1, 1, 0, 7, 0
48804, 0, 1, 1, 0, 0, 0
48805, 0, 1, 1, 0, 0, 0
48807, 0, 1, 1, 0, 0, 0
48808, 0, 3, 3, 0, 0, 0
48809, 0, 4, 3, 1, 0, 0
48810, 0, 1, 1, 0, 0, 0
48811, 1, 2, 2, 0, 1, 0
48812, 0, 1, 1, 0, 0, 0
48813, 0, 1, 1, 0, 0, 0
48814, 0, 1, 1, 0, 0, 0
48815, 0, 4, 4, 0, 0, 0
48816, 0, 1, 1, 0, 0, 0
48817, 0, 1, 1, 0, 0, 0
48820, 0, 1, 1, 0, 0, 0
48821, 0, 1, 1, 0, 0, 0
48822, 0, 1, 1, 0, 0, 0
48825, 0, 1, 1, 0, 0, 0
48826, 0, 1, 1, 0, 0, 0
48827, 0, 2, 2, 0, 0, 0
48829, 0, 1, 0, 1, 0, 0
33028, 0, 2, 2, 0, 0, 0
33031, 5, 3, 3, 0, 5, 0
33033, 0, 2, 2, 0, 0, 0
62288, 0, 1, 1, 0, 0, 0
59580, 2, 2, 2, 0, 2, 0
62289, 1, 1, 1, 0, 1, 0
62290, 1, 1, 1, 0, 1, 0
62291, 10, 1, 1, 0, 8, 2
30999, 0, 5, 3, 2, 0, 0
35103, 0, 1, 1, 0, 0, 0
35105, 0, 1, 1, 0, 0, 0
35106, 0, 1, 1, 0, 0, 0
35107, 0, 2, 2, 0, 0, 0
35108, 0, 1, 1, 0, 0, 0
35112, 0, 4, 4, 0, 0, 0
35113, 0, 1, 1, 0, 0, 0
35114, 0, 2, 1, 1, 0, 0
35115, 1, 1, 1, 0, 1, 0
35116, 0, 1, 1, 0, 0, 0
35117, 1, 2, 2, 0, 1, 0
35119, 0, 1, 0, 1, 0, 0
35120, 12, 3, 1, 2, 11, 1
35121, 0, 1, 0, 1, 0, 0
35122, 0, 1, 0, 1, 0, 0
35123, 9, 4, 2, 2, 7, 2
62292, 2, 1, 1, 0, 2, 0
62293, 1, 1, 1, 0, 1, 0
62294, 0, 2, 2, 0, 0, 0
62296, 5, 1, 1, 0, 2, 3
62297, 0, 1, 1, 0, 0, 0
62298, 18, 1, 1, 0, 13, 5
62299, 1, 1, 1, 0, 1, 0
62300, 0, 1, 0, 1, 0, 0
62301, 0, 1, 0, 1, 0, 0
62302, 0, 2, 0, 2, 0, 0
62303, 0, 2, 2, 0, 0, 0
62304, 0, 1, 1, 0, 0, 0
17754, 1, 0, 0, 0, 1, 0
17755, 33, 0, 0, 0, 33, 0
17758, 0, 5, 5, 0, 0, 0
17759, 0, 3, 3, 0, 0, 0
17760, 8, 4, 4, 0, 8, 0
21349, 7, 2, 2, 0, 7, 0
62305, 0, 1, 1, 0, 0, 0
17765, 2, 2, 2, 0, 2, 0
45151, 104, 4, 4, 0, 87, 17
17770, 4, 0, 0, 0, 1, 3
17771, 3, 0, 0, 0, 2, 1
62307, 0, 1, 1, 0, 0, 0
62308, 1, 2, 2, 0, 1, 0
54249, 0, 4, 2, 2, 0, 0
62309, 0, 1, 1, 0, 0, 0
62310, 0, 1, 1, 0, 0, 0
62311, 0, 1, 1, 0, 0, 0
17777, 5, 0, 0, 0, 5, 0
23990, 1, 3, 1, 2, 1, 0
62323, 0, 1, 0, 1, 0, 0
17790, 0, 2, 2, 0, 0, 0
17792, 42, 0, 0, 0, 18, 24
17793, 2, 1, 1, 0, 2, 0
17797, 0, 4, 3, 1, 0, 0
17800, 1, 1, 0, 1, 1, 0
60608, 0, 2, 2, 0, 0, 0
62325, 0, 1, 1, 0, 0, 0
17802, 2, 0, 0, 0, 2, 0
17803, 0, 1, 1, 0, 0, 0
17807, 2, 0, 0, 0, 2, 0
17808, 29, 4, 3, 1, 9, 20
17809, 8, 2, 2, 0, 8, 0
17810, 0, 4, 4, 0, 0, 0
17813, 5, 2, 2, 0, 4, 1
17814, 2, 3, 0, 3, 2, 0
17817, 0, 1, 0, 1, 0, 0
17819, 0, 1, 0, 1, 0, 0
17820, 18, 2, 0, 2, 10, 8
62326, 3, 1, 1, 0, 3, 0
62327, 0, 1, 1, 0, 0, 0
62328, 0, 1, 1, 0, 0, 0
62329, 23, 2, 0, 2, 6, 17
58949, 0, 4, 4, 0, 0, 0
27620, 0, 2, 2, 0, 0, 0
28447, 2, 1, 1, 0, 2, 0
28449, 0, 1, 1, 0, 0, 0
28450, 1, 1, 1, 0, 1, 0
28451, 0, 3, 1, 2, 0, 0
28452, 0, 3, 3, 0, 0, 0
28453, 0, 2, 1, 1, 0, 0
28454, 0, 1, 1, 0, 0, 0
28456, 1, 2, 2, 0, 1, 0
28459, 2, 2, 2, 0, 2, 0
28461, 1, 2, 2, 0, 1, 0
28462, 0, 1, 1, 0, 0, 0
28463, 2, 2, 2, 0, 2, 0
28466, 1, 1, 1, 0, 1, 0
28468, 0, 1, 1, 0, 0, 0
28469, 0, 1, 1, 0, 0, 0
28470, 0, 1, 1, 0, 0, 0
28471, 1, 3, 3, 0, 0, 1
28475, 0, 1, 1, 0, 0, 0
28482, 0, 1, 1, 0, 0, 0
28483, 0, 1, 1, 0, 0, 0
28485, 2, 1, 1, 0, 2, 0
62330, 0, 2, 2, 0, 0, 0
62331, 0, 2, 2, 0, 0, 0
62332, 0, 1, 1, 0, 0, 0
62333, 0, 3, 3, 0, 0, 0
41831, 1, 6, 5, 1, 0, 1
62334, 0, 1, 1, 0, 0, 0
62335, 0, 1, 1, 0, 0, 0
62342, 0, 1, 1, 0, 0, 0
35444, 0, 1, 1, 0, 0, 0
35446, 0, 1, 1, 0, 0, 0
35447, 0, 1, 1, 0, 0, 0
35449, 0, 1, 1, 0, 0, 0
35450, 0, 1, 1, 0, 0, 0
35453, 4, 3, 2, 1, 2, 2
35454, 0, 2, 1, 1, 0, 0
62343, 2, 1, 1, 0, 2, 0
62344, 0, 1, 1, 0, 0, 0
59152, 0, 3, 2, 1, 0, 0
62345, 0, 1, 1, 0, 0, 0
62346, 1, 1, 1, 0, 0, 1
62347, 0, 1, 1, 0, 0, 0
62348, 1, 1, 1, 0, 1, 0
58722, 5, 4, 3, 1, 5, 0
60074, 0, 8, 8, 0, 0, 0
60075, 2, 1, 1, 0, 2, 0
60076, 12, 3, 3, 0, 12, 0
62349, 0, 1, 0, 1, 0, 0
52713, 0, 2, 2, 0, 0, 0
62350, 1, 1, 1, 0, 1, 0
62351, 0, 1, 1, 0, 0, 0
62352, 0, 1, 1, 0, 0, 0
62353, 0, 1, 1, 0, 0, 0
62354, 0, 1, 1, 0, 0, 0
32599, 8, 3, 2, 1, 6, 2
32601, 0, 4, 3, 1, 0, 0
47033, 31, 3, 3, 0, 29, 2
47034, 0, 1, 1, 0, 0, 0
47035, 0, 1, 1, 0, 0, 0
47036, 2, 1, 1, 0, 1, 1
47037, 0, 1, 0, 1, 0, 0
47038, 0, 2, 1, 1, 0, 0
47039, 0, 2, 1, 1, 0, 0
47040, 2, 2, 1, 1, 2, 0
47041, 0, 3, 2, 1, 0, 0
47042, 4, 2, 1, 1, 4, 0
47044, 8, 1, 0, 1, 6, 2
47045, 0, 2, 1, 1, 0, 0
47046, 0, 2, 1, 1, 0, 0
35646, 11, 1, 1, 0, 11, 0
62355, 0, 1, 1, 0, 0, 0
62356, 0, 1, 1, 0, 0, 0
62357, 0, 1, 0, 1, 0, 0
58265, 1, 1, 1, 0, 1, 0
45160, 4, 1, 1, 0, 4, 0
33963, 0, 2, 1, 1, 0, 0
33964, 0, 1, 1, 0, 0, 0
33965, 0, 2, 1, 1, 0, 0
33966, 0, 3, 3, 0, 0, 0
33968, 4, 2, 2, 0, 4, 0
33969, 0, 1, 1, 0, 0, 0
33970, 0, 1, 1, 0, 0, 0
33972, 0, 1, 1, 0, 0, 0
42516, 4, 2, 1, 1, 3, 1
62358, 0, 1, 1, 0, 0, 0
62359, 0, 2, 1, 1, 0, 0
62360, 8, 2, 2, 0, 8, 0
62361, 0, 2, 2, 0, 0, 0
62362, 0, 1, 1, 0, 0, 0
62363, 0, 1, 1, 0, 0, 0
62364, 14, 1, 1, 0, 13, 1
62365, 0, 2, 2, 0, 0, 0
17908, 28, 0, 0, 0, 25, 3
62368, 0, 1, 1, 0, 0, 0
62369, 3, 1, 1, 0, 3, 0
62370, 0, 1, 1, 0, 0, 0
17919, 1, 1, 1, 0, 1, 0
17922, 0, 2, 2, 0, 0, 0
17928, 0, 1, 1, 0, 0, 0
62374, 0, 1, 1, 0, 0, 0
59832, 3, 1, 1, 0, 3, 0
62375, 0, 1, 1, 0, 0, 0
17931, 1, 1, 1, 0, 1, 0
17932, 8, 3, 3, 0, 8, 0
17934, 3, 2, 2, 0, 3, 0
17935, 4, 2, 2, 0, 4, 0
44219, 0, 4, 4, 0, 0, 0
44220, 0, 4, 4, 0, 0, 0
40295, 0, 2, 2, 0, 0, 0
40296, 3, 3, 2, 1, 3, 0
62376, 0, 1, 1, 0, 0, 0
17939, 1, 0, 0, 0, 1, 0
17940, 1, 0, 0, 0, 1, 0
17941, 1, 0, 0, 0, 1, 0
17945, 0, 3, 3, 0, 0, 0
17947, 0, 1, 0, 1, 0, 0
17948, 0, 1, 0, 1, 0, 0
17949, 23, 3, 2, 1, 22, 1
17950, 0, 1, 0, 1, 0, 0
17951, 0, 2, 1, 1, 0, 0
17953, 0, 1, 0, 1, 0, 0
17956, 0, 2, 1, 1, 0, 0
21923, 0, 2, 2, 0, 0, 0
21924, 0, 1, 1, 0, 0, 0
21925, 0, 2, 2, 0, 0, 0
21929, 0, 1, 1, 0, 0, 0
62377, 4, 2, 2, 0, 1, 3
62378, 10, 1, 1, 0, 9, 1
62379, 13, 1, 1, 0, 13, 0
19376, 1, 2, 0, 2, 0, 1
31266, 0, 2, 0, 2, 0, 0
33012, 0, 2, 0, 2, 0, 0
55708, 0, 2, 0, 2, 0, 0
55709, 1, 1, 0, 1, 0, 1
55710, 0, 1, 0, 1, 0, 0
55711, 0, 1, 0, 1, 0, 0
55712, 0, 1, 0, 1, 0, 0
55713, 0, 1, 0, 1, 0, 0
55714, 0, 1, 0, 1, 0, 0
55715, 0, 1, 0, 1, 0, 0
55716, 0, 1, 0, 1, 0, 0
55717, 0, 1, 0, 1, 0, 0
55720, 0, 1, 0, 1, 0, 0
55721, 0, 1, 0, 1, 0, 0
55722, 5, 1, 0, 1, 4, 1
55723, 1, 1, 0, 1, 1, 0
55724, 0, 1, 0, 1, 0, 0
55725, 0, 3, 1, 2, 0, 0
17958, 13, 0, 0, 0, 10, 3
17960, 0, 1, 1, 0, 0, 0
17964, 4, 1, 1, 0, 4, 0
17965, 0, 4, 4, 0, 0, 0
17966, 1, 2, 2, 0, 1, 0
17967, 3, 2, 2, 0, 3, 0
17968, 0, 1, 1, 0, 0, 0
17969, 2, 2, 2, 0, 2, 0
17971, 0, 1, 1, 0, 0, 0
17972, 1, 1, 1, 0, 1, 0
17973, 2, 3, 3, 0, 2, 0
17975, 1, 1, 1, 0, 1, 0
17976, 1, 0, 0, 0, 1, 0
17978, 0, 1, 1, 0, 0, 0
17981, 2, 1, 1, 0, 2, 0
59946, 2, 2, 2, 0, 2, 0
62380, 0, 4, 4, 0, 0, 0
62381, 0, 1, 1, 0, 0, 0
19895, 10, 4, 4, 0, 8, 2
19896, 4, 4, 4, 0, 3, 1
24985, 2, 4, 3, 1, 1, 1
62382, 1, 1, 0, 1, 0, 1
62383, 2, 2, 1, 1, 2, 0
20635, 0, 2, 1, 1, 0, 0
21743, 2, 1, 1, 0, 2, 0
45461, 1, 3, 3, 0, 1, 0
49448, 0, 2, 1, 1, 0, 0
58361, 0, 1, 1, 0, 0, 0
58362, 1, 1, 1, 0, 1, 0
58363, 1, 2, 2, 0, 0, 1
58364, 0, 1, 1, 0, 0, 0
58365, 2, 2, 2, 0, 2, 0
58366, 0, 2, 2, 0, 0, 0
58368, 0, 1, 1, 0, 0, 0
58369, 2, 1, 1, 0, 2, 0
58370, 0, 1, 1, 0, 0, 0
58371, 0, 1, 1, 0, 0, 0
58372, 0, 1, 1, 0, 0, 0
58373, 0, 2, 2, 0, 0, 0
58374, 0, 2, 2, 0, 0, 0
58375, 0, 1, 1, 0, 0, 0
58376, 2, 2, 2, 0, 2, 0
58377, 0, 1, 1, 0, 0, 0
58378, 0, 1, 1, 0, 0, 0
58379, 3, 2, 2, 0, 2, 1
58380, 0, 1, 1, 0, 0, 0
58381, 0, 1, 1, 0, 0, 0
58382, 0, 4, 4, 0, 0, 0
62384, 0, 1, 1, 0, 0, 0
19894, 0, 3, 3, 0, 0, 0
59810, 0, 1, 1, 0, 0, 0
62385, 0, 1, 1, 0, 0, 0
62386, 0, 1, 1, 0, 0, 0
62387, 0, 1, 1, 0, 0, 0
62391, 0, 1, 1, 0, 0, 0
18015, 3, 0, 0, 0, 3, 0
44565, 0, 4, 4, 0, 0, 0
56853, 0, 3, 3, 0, 0, 0
56855, 0, 2, 2, 0, 0, 0
56857, 0, 2, 2, 0, 0, 0
56858, 2, 3, 3, 0, 2, 0
56859, 4, 2, 2, 0, 1, 3
56860, 0, 2, 2, 0, 0, 0
56862, 0, 2, 2, 0, 0, 0
56863, 0, 2, 0, 2, 0, 0
56864, 0, 2, 0, 2, 0, 0
56865, 0, 2, 0, 2, 0, 0
56866, 0, 2, 0, 2, 0, 0
62392, 4, 1, 1, 0, 4, 0
62393, 2, 2, 2, 0, 2, 0
62394, 3, 2, 2, 0, 3, 0
62395, 0, 1, 1, 0, 0, 0
62396, 0, 2, 2, 0, 0, 0
62397, 0, 1, 1, 0, 0, 0
62398, 0, 1, 1, 0, 0, 0
62399, 0, 1, 1, 0, 0, 0
62400, 1, 1, 1, 0, 1, 0
44098, 0, 2, 2, 0, 0, 0
62401, 0, 1, 1, 0, 0, 0
62402, 1, 1, 1, 0, 1, 0
18028, 1, 0, 0, 0, 1, 0
18029, 1, 1, 1, 0, 1, 0
18031, 0, 1, 1, 0, 0, 0
23322, 4, 2, 2, 0, 4, 0
23324, 2, 2, 2, 0, 2, 0
23325, 0, 2, 2, 0, 0, 0
23327, 0, 1, 1, 0, 0, 0
23328, 1, 1, 1, 0, 1, 0
23329, 0, 1, 1, 0, 0, 0
23330, 0, 2, 2, 0, 0, 0
23331, 1, 1, 1, 0, 1, 0
23334, 0, 2, 2, 0, 0, 0
23337, 0, 2, 2, 0, 0, 0
23339, 1, 3, 3, 0, 1, 0
23340, 3, 1, 1, 0, 2, 1
23341, 0, 2, 2, 0, 0, 0
23346, 1, 2, 2, 0, 1, 0
23349, 0, 1, 1, 0, 0, 0
23351, 4, 1, 1, 0, 4, 0
23353, 0, 1, 1, 0, 0, 0
23355, 2, 3, 3, 0, 2, 0
23356, 0, 1, 1, 0, 0, 0
23357, 0, 1, 1, 0, 0, 0
23360, 1, 2, 2, 0, 1, 0
23362, 0, 1, 1, 0, 0, 0
23370, 9, 1, 1, 0, 9, 0
23378, 0, 1, 1, 0, 0, 0
23380, 0, 1, 1, 0, 0, 0
23381, 6, 2, 2, 0, 6, 0
23384, 0, 1, 1, 0, 0, 0
18039, 3, 0, 0, 0, 3, 0
18042, 0, 2, 2, 0, 0, 0
18045, 1, 0, 0, 0, 1, 0
18046, 1, 0, 0, 0, 1, 0
18048, 5, 0, 0, 0, 5, 0
18050, 1, 0, 0, 0, 1, 0
62424, 0, 2, 2, 0, 0, 0
62425, 0, 2, 2, 0, 0, 0
62426, 0, 1, 1, 0, 0, 0
29737, 0, 6, 6, 0, 0, 0
61445, 0, 1, 1, 0, 0, 0
61446, 0, 5, 5, 0, 0, 0
61447, 0, 4, 4, 0, 0, 0
18067, 0, 2, 2, 0, 0, 0
18069, 0, 2, 2, 0, 0, 0
62427, 13, 1, 1, 0, 13, 0
20228, 0, 1, 1, 0, 0, 0
20229, 1, 1, 1, 0, 1, 0
20230, 1, 2, 1, 1, 1, 0
20231, 2, 1, 1, 0, 2, 0
20232, 10, 3, 3, 0, 9, 1
20234, 0, 2, 2, 0, 0, 0
20236, 0, 1, 0, 1, 0, 0
20238, 0, 1, 0, 1, 0, 0
62450, 8, 1, 1, 0, 6, 2
62451, 4, 1, 1, 0, 2, 2
62452, 0, 1, 0, 1, 0, 0
59175, 4, 2, 1, 1, 4, 0
62453, 7, 1, 1, 0, 4, 3
62454, 3, 1, 1, 0, 3, 0
62455, 0, 1, 1, 0, 0, 0
62456, 1, 1, 1, 0, 1, 0
62457, 0, 1, 1, 0, 0, 0
18098, 13, 0, 0, 0, 13, 0
18099, 0, 2, 2, 0, 0, 0
18101, 0, 1, 1, 0, 0, 0
18103, 1, 1, 1, 0, 1, 0
18106, 2, 0, 0, 0, 2, 0
18107, 4, 0, 0, 0, 4, 0
18108, 0, 1, 1, 0, 0, 0
18109, 2, 0, 0, 0, 2, 0
18110, 1, 0, 0, 0, 1, 0
23951, 9, 5, 4, 1, 8, 1
62464, 0, 1, 1, 0, 0, 0
36016, 5, 3, 3, 0, 5, 0
36017, 0, 1, 1, 0, 0, 0
54213, 0, 1, 1, 0, 0, 0
26709, 0, 2, 2, 0, 0, 0
26714, 0, 1, 1, 0, 0, 0
26715, 0, 1, 1, 0, 0, 0
26718, 0, 1, 1, 0, 0, 0
26719, 0, 1, 1, 0, 0, 0
26720, 1, 1, 1, 0, 1, 0
26721, 0, 1, 1, 0, 0, 0
26723, 0, 2, 2, 0, 0, 0
26725, 4, 3, 3, 0, 4, 0
26727, 0, 1, 1, 0, 0, 0
62471, 1, 1, 1, 0, 1, 0
62472, 0, 2, 2, 0, 0, 0
62473, 0, 1, 1, 0, 0, 0
62474, 0, 1, 0, 1, 0, 0
62475, 0, 1, 0, 1, 0, 0
55430, 0, 3, 3, 0, 0, 0
60379, 0, 1, 1, 0, 0, 0
60380, 0, 1, 1, 0, 0, 0
60381, 0, 1, 1, 0, 0, 0
60382, 0, 1, 1, 0, 0, 0
46095, 10, 8, 8, 0, 9, 1
18152, 0, 3, 3, 0, 0, 0
18154, 3, 1, 1, 0, 3, 0
62476, 0, 2, 2, 0, 0, 0
62477, 0, 1, 1, 0, 0, 0
62478, 1, 1, 1, 0, 1, 0
62479, 5, 2, 2, 0, 5, 0
43667, 0, 2, 1, 1, 0, 0
52133, 42, 1, 1, 0, 42, 0
52134, 0, 4, 2, 2, 0, 0
44208, 4, 2, 2, 0, 4, 0
62480, 0, 2, 2, 0, 0, 0
62481, 0, 1, 1, 0, 0, 0
62482, 0, 1, 1, 0, 0, 0
62483, 1, 1, 1, 0, 1, 0
56110, 0, 1, 1, 0, 0, 0
56111, 0, 1, 1, 0, 0, 0
62509, 0, 1, 1, 0, 0, 0
18188, 2, 2, 2, 0, 0, 2
18192, 2, 2, 2, 0, 2, 0
18195, 10, 2, 2, 0, 8, 2
18197, 0, 3, 3, 0, 0, 0
62514, 4, 3, 3, 0, 4, 0
62515, 0, 1, 1, 0, 0, 0
18203, 9, 2, 1, 1, 4, 5
62516, 2, 2, 2, 0, 2, 0
30811, 0, 1, 0, 1, 0, 0
58692, 0, 1, 1, 0, 0, 0
18209, 4, 0, 0, 0, 4, 0
18211, 3, 1, 1, 0, 3, 0
18213, 1, 0, 0, 0, 1, 0
62517, 0, 1, 1, 0, 0, 0
62518, 1, 1, 1, 0, 1, 0
62519, 0, 1, 1, 0, 0, 0
23927, 0, 3, 3, 0, 0, 0
56796, 2, 2, 2, 0, 2, 0
56797, 2, 1, 1, 0, 2, 0
56804, 0, 2, 2, 0, 0, 0
62548, 0, 1, 1, 0, 0, 0
62549, 1, 1, 1, 0, 0, 1
62550, 2, 2, 2, 0, 1, 1
62551, 0, 1, 1, 0, 0, 0
62552, 3, 1, 1, 0, 2, 1
62553, 0, 2, 1, 1, 0, 0
62554, 1, 3, 3, 0, 1, 0
62555, 1, 1, 1, 0, 1, 0
62556, 0, 1, 1, 0, 0, 0
62557, 0, 1, 1, 0, 0, 0
62558, 1, 3, 2, 1, 1, 0
62559, 0, 1, 1, 0, 0, 0
62560, 1, 2, 2, 0, 1, 0
62561, 0, 1, 1, 0, 0, 0
62562, 0, 1, 1, 0, 0, 0
44937, 4, 6, 6, 0, 4, 0
62563, 1, 1, 1, 0, 1, 0
62564, 2, 1, 1, 0, 2, 0
62565, 4, 2, 2, 0, 4, 0
62566, 1, 1, 0, 1, 1, 0
62567, 0, 1, 0, 1, 0, 0
62568, 1, 1, 0, 1, 0, 1
18240, 7, 0, 0, 0, 7, 0
18241, 12, 0, 0, 0, 9, 3
62569, 0, 1, 0, 1, 0, 0
18244, 0, 2, 2, 0, 0, 0
62570, 5, 3, 3, 0, 5, 0
62571, 4, 2, 2, 0, 4, 0
62572, 0, 4, 4, 0, 0, 0
62573, 8, 1, 1, 0, 8, 0
62574, 4, 1, 1, 0, 2, 2
62575, 15, 1, 1, 0, 9, 6
62576, 0, 2, 2, 0, 0, 0
62577, 0, 4, 4, 0, 0, 0
62578, 1, 1, 1, 0, 1, 0
62579, 0, 1, 1, 0, 0, 0
41803, 0, 2, 1, 1, 0, 0
41804, 2, 2, 2, 0, 2, 0
54538, 2, 1, 1, 0, 2, 0
62580, 0, 1, 1, 0, 0, 0
48928, 0, 1, 1, 0, 0, 0
29996, 0, 1, 1, 0, 0, 0
29997, 0, 3, 3, 0, 0, 0
29999, 0, 1, 0, 1, 0, 0
18273, 4, 2, 2, 0, 4, 0
62583, 0, 1, 1, 0, 0, 0
62584, 0, 1, 1, 0, 0, 0
57693, 0, 1, 1, 0, 0, 0
57694, 1, 2, 1, 1, 0, 1
57695, 0, 1, 1, 0, 0, 0
57696, 0, 1, 1, 0, 0, 0
62585, 0, 1, 1, 0, 0, 0
62586, 0, 1, 1, 0, 0, 0
44894, 0, 1, 1, 0, 0, 0
62587, 1, 1, 1, 0, 0, 1
32465, 0, 9, 3, 6, 0, 0
62588, 9, 1, 1, 0, 8, 1
62589, 0, 1, 1, 0, 0, 0
62590, 0, 1, 1, 0, 0, 0
62591, 0, 1, 1, 0, 0, 0
55904, 0, 2, 0, 2, 0, 0
62594, 0, 1, 1, 0, 0, 0
62595, 1, 1, 1, 0, 1, 0
54406, 0, 1, 1, 0, 0, 0
54407, 0, 1, 1, 0, 0, 0
62596, 0, 2, 2, 0, 0, 0
54580, 6, 2, 2, 0, 3, 3
54581, 2, 1, 1, 0, 2, 0
62597, 4, 2, 2, 0, 4, 0
62598, 0, 2, 2, 0, 0, 0
62599, 1, 1, 0, 1, 1, 0
62600, 0, 1, 1, 0, 0, 0
62601, 10, 1, 1, 0, 8, 2
62602, 0, 1, 1, 0, 0, 0
56817, 0, 1, 1, 0, 0, 0
62603, 0, 1, 1, 0, 0, 0
31115, 0, 2, 1, 1, 0, 0
52574, 1, 1, 1, 0, 1, 0
52575, 2, 1, 1, 0, 2, 0
52576, 0, 1, 1, 0, 0, 0
52578, 0, 1, 1, 0, 0, 0
52579, 0, 1, 1, 0, 0, 0
52580, 0, 1, 1, 0, 0, 0
62604, 0, 3, 3, 0, 0, 0
62605, 0, 2, 2, 0, 0, 0
18343, 0, 2, 2, 0, 0, 0
62609, 1, 1, 1, 0, 1, 0
18349, 0, 3, 3, 0, 0, 0
18350, 0, 1, 1, 0, 0, 0
18351, 0, 2, 2, 0, 0, 0
18354, 0, 1, 1, 0, 0, 0
18355, 0, 1, 1, 0, 0, 0
18356, 2, 1, 1, 0, 1, 1
18358, 1, 4, 4, 0, 1, 0
18359, 0, 1, 1, 0, 0, 0
18360, 0, 1, 1, 0, 0, 0
62611, 1, 1, 1, 0, 1, 0
62612, 0, 1, 1, 0, 0, 0
62613, 2, 1, 1, 0, 2, 0
62614, 0, 2, 0, 2, 0, 0
40513, 2, 2, 2, 0, 2, 0
40514, 8, 2, 2, 0, 8, 0
40515, 0, 1, 1, 0, 0, 0
40516, 0, 2, 2, 0, 0, 0
40517, 2, 2, 2, 0, 2, 0
18361, 15, 1, 1, 0, 15, 0
18362, 0, 2, 2, 0, 0, 0
18365, 1, 0, 0, 0, 1, 0
18370, 23, 0, 0, 0, 21, 2
18372, 0, 1, 1, 0, 0, 0
62627, 0, 1, 1, 0, 0, 0
36330, 0, 2, 1, 1, 0, 0
54423, 2, 3, 0, 3, 1, 1
55462, 3, 3, 2, 1, 2, 1
62628, 0, 1, 1, 0, 0, 0
62629, 0, 1, 0, 1, 0, 0
62630, 0, 1, 0, 1, 0, 0
62631, 0, 1, 0, 1, 0, 0
62632, 1, 1, 0, 1, 1, 0
62633, 0, 1, 0, 1, 0, 0
62634, 0, 1, 0, 1, 0, 0
62635, 0, 3, 2, 1, 0, 0
62636, 1, 1, 0, 1, 0, 1
62637, 1, 1, 0, 1, 1, 0
62638, 2, 2, 1, 1, 1, 1
62639, 0, 1, 0, 1, 0, 0
62640, 2, 4, 3, 1, 2, 0
62641, 0, 1, 0, 1, 0, 0
62642, 0, 1, 0, 1, 0, 0
18379, 5, 0, 0, 0, 4, 1
62643, 0, 1, 1, 0, 0, 0
62644, 2, 1, 1, 0, 2, 0
62645, 2, 2, 2, 0, 2, 0
62646, 2, 1, 1, 0, 2, 0
62647, 0, 1, 0, 1, 0, 0
18384, 3, 0, 0, 0, 3, 0
18385, 4, 0, 0, 0, 3, 1
62651, 0, 1, 1, 0, 0, 0
62652, 0, 1, 1, 0, 0, 0
18388, 10, 0, 0, 0, 10, 0
62653, 0, 1, 1, 0, 0, 0
62654, 0, 1, 1, 0, 0, 0
18394, 4, 0, 0, 0, 4, 0
18395, 0, 1, 1, 0, 0, 0
18396, 0, 1, 1, 0, 0, 0
62655, 4, 3, 3, 0, 4, 0
59501, 0, 2, 2, 0, 0, 0
37027, 2, 2, 2, 0, 2, 0
37030, 0, 2, 2, 0, 0, 0
22523, 0, 3, 1, 2, 0, 0
39101, 15, 1, 0, 1, 14, 1
45749, 0, 1, 1, 0, 0, 0
45750, 0, 3, 3, 0, 0, 0
45751, 2, 1, 1, 0, 2, 0
45752, 0, 1, 1, 0, 0, 0
45755, 0, 2, 0, 2, 0, 0
45757, 0, 1, 0, 1, 0, 0
45758, 0, 1, 0, 1, 0, 0
45761, 4, 1, 0, 1, 4, 0
45762, 0, 1, 0, 1, 0, 0
45763, 1, 1, 0, 1, 1, 0
34313, 14, 1, 1, 0, 14, 0
34314, 0, 2, 2, 0, 0, 0
34315, 0, 2, 2, 0, 0, 0
34318, 0, 2, 2, 0, 0, 0
59406, 8, 2, 2, 0, 8, 0
62656, 0, 1, 1, 0, 0, 0
62657, 1, 1, 1, 0, 1, 0
62658, 0, 1, 1, 0, 0, 0
62659, 1, 1, 1, 0, 1, 0
54367, 0, 4, 4, 0, 0, 0
18427, 0, 2, 2, 0, 0, 0
18430, 3, 3, 3, 0, 2, 1
18431, 0, 1, 1, 0, 0, 0
18432, 1, 1, 1, 0, 1, 0
62690, 2, 2, 2, 0, 2, 0
62691, 0, 2, 2, 0, 0, 0
18434, 1, 0, 0, 0, 1, 0
62693, 2, 1, 1, 0, 2, 0
18438, 14, 1, 1, 0, 14, 0
18439, 0, 1, 1, 0, 0, 0
18440, 0, 1, 1, 0, 0, 0
62694, 0, 1, 1, 0, 0, 0
18442, 1, 0, 0, 0, 1, 0
18443, 6, 0, 0, 0, 6, 0
54555, 3, 1, 1, 0, 3, 0
62695, 0, 2, 1, 1, 0, 0
18465, 0, 1, 1, 0, 0, 0
18468, 0, 4, 2, 2, 0, 0
18471, 4, 1, 1, 0, 4, 0
62696, 0, 1, 1, 0, 0, 0
62697, 2, 2, 2, 0, 2, 0
62700, 0, 1, 1, 0, 0, 0
62701, 0, 1, 1, 0, 0, 0
62702, 1, 1, 1, 0, 1, 0
62703, 0, 1, 1, 0, 0, 0
62704, 0, 1, 1, 0, 0, 0
62705, 9, 2, 1, 1, 8, 1
62706, 0, 1, 1, 0, 0, 0
62707, 1, 1, 1, 0, 1, 0
62708, 0, 1, 1, 0, 0, 0
62709, 0, 1, 1, 0, 0, 0
62710, 0, 1, 1, 0, 0, 0
62711, 0, 1, 0, 1, 0, 0
62712, 0, 1, 0, 1, 0, 0
57717, 11, 5, 5, 0, 9, 2
62713, 0, 1, 1, 0, 0, 0
62714, 2, 3, 3, 0, 2, 0
62715, 1, 1, 1, 0, 1, 0
52675, 2, 1, 0, 1, 2, 0
54052, 1, 1, 1, 0, 0, 1
54053, 0, 2, 1, 1, 0, 0
54054, 0, 1, 0, 1, 0, 0
54055, 0, 1, 0, 1, 0, 0
54056, 0, 1, 0, 1, 0, 0
54057, 0, 2, 1, 1, 0, 0
54058, 0, 1, 0, 1, 0, 0
54059, 0, 2, 0, 2, 0, 0
54060, 3, 2, 0, 2, 1, 2
54061, 0, 2, 0, 2, 0, 0
54062, 0, 1, 0, 1, 0, 0
54063, 0, 1, 0, 1, 0, 0
36626, 0, 1, 1, 0, 0, 0
36627, 1, 1, 1, 0, 1, 0
44735, 0, 2, 2, 0, 0, 0
44736, 0, 2, 2, 0, 0, 0
44739, 0, 1, 1, 0, 0, 0
44740, 0, 1, 1, 0, 0, 0
44741, 0, 1, 1, 0, 0, 0
44742, 0, 1, 1, 0, 0, 0
44743, 2, 4, 2, 2, 2, 0
44744, 0, 3, 1, 2, 0, 0
44745, 0, 1, 0, 1, 0, 0
44747, 0, 1, 0, 1, 0, 0
44748, 0, 1, 0, 1, 0, 0
44751, 0, 2, 0, 2, 0, 0
44755, 2, 1, 0, 1, 2, 0
42416, 0, 3, 0, 3, 0, 0
43844, 1, 3, 3, 0, 1, 0
45214, 2, 2, 2, 0, 2, 0
54408, 0, 1, 1, 0, 0, 0
54410, 0, 1, 1, 0, 0, 0
54411, 0, 1, 1, 0, 0, 0
54412, 0, 3, 1, 2, 0, 0
54413, 0, 1, 1, 0, 0, 0
54414, 0, 2, 2, 0, 0, 0
54415, 0, 1, 1, 0, 0, 0
54416, 0, 1, 0, 1, 0, 0
54417, 0, 1, 0, 1, 0, 0
54418, 0, 1, 0, 1, 0, 0
54419, 0, 1, 0, 1, 0, 0
54420, 0, 1, 0, 1, 0, 0
54422, 0, 1, 0, 1, 0, 0
54425, 0, 1, 0, 1, 0, 0
54426, 0, 3, 2, 1, 0, 0
28489, 0, 1, 1, 0, 0, 0
25160, 0, 3, 3, 0, 0, 0
25161, 0, 1, 1, 0, 0, 0
25163, 0, 1, 1, 0, 0, 0
25164, 0, 1, 1, 0, 0, 0
40484, 0, 1, 1, 0, 0, 0
40485, 0, 1, 1, 0, 0, 0
40486, 0, 1, 1, 0, 0, 0
40487, 0, 1, 1, 0, 0, 0
40488, 0, 2, 2, 0, 0, 0
40490, 1, 1, 1, 0, 1, 0
40491, 0, 1, 1, 0, 0, 0
40492, 0, 2, 1, 1, 0, 0
40493, 0, 1, 0, 1, 0, 0
40494, 0, 2, 0, 2, 0, 0
40495, 0, 1, 0, 1, 0, 0
40497, 8, 2, 0, 2, 5, 3
40498, 0, 2, 0, 2, 0, 0
62720, 9, 3, 3, 0, 9, 0
62721, 0, 1, 0, 1, 0, 0
62722, 0, 2, 2, 0, 0, 0
62723, 2, 2, 1, 1, 2, 0
41683, 0, 2, 2, 0, 0, 0
54508, 1, 1, 1, 0, 1, 0
18517, 1, 0, 0, 0, 1, 0
62724, 1, 1, 1, 0, 1, 0
62725, 0, 1, 1, 0, 0, 0
62726, 0, 1, 1, 0, 0, 0
62727, 1, 1, 1, 0, 0, 1
62728, 0, 1, 0, 1, 0, 0
62729, 0, 1, 0, 1, 0, 0
18530, 20, 0, 0, 0, 19, 1
18532, 0, 1, 1, 0, 0, 0
18540, 0, 1, 1, 0, 0, 0
18541, 0, 2, 1, 1, 0, 0
18545, 1, 1, 1, 0, 1, 0
18551, 1, 1, 1, 0, 1, 0
18559, 0, 1, 1, 0, 0, 0
18560, 0, 1, 1, 0, 0, 0
18564, 0, 2, 2, 0, 0, 0
18565, 8, 1, 1, 0, 7, 1
18568, 0, 1, 1, 0, 0, 0
18573, 0, 1, 1, 0, 0, 0
23937, 0, 4, 3, 1, 0, 0
25509, 3, 5, 5, 0, 2, 1
34274, 4, 4, 4, 0, 2, 2
44612, 1, 2, 1, 1, 0, 1
62730, 0, 1, 0, 1, 0, 0
62731, 0, 1, 0, 1, 0, 0
62732, 0, 1, 0, 1, 0, 0
62733, 0, 1, 0, 1, 0, 0
62734, 0, 2, 0, 2, 0, 0
62735, 0, 2, 1, 1, 0, 0
62736, 0, 1, 0, 1, 0, 0
62737, 1, 1, 0, 1, 0, 1
62738, 0, 1, 0, 1, 0, 0
62739, 12, 3, 2, 1, 12, 0
62740, 0, 1, 0, 1, 0, 0
62741, 0, 1, 0, 1, 0, 0
62742, 0, 1, 0, 1, 0, 0
62743, 0, 1, 0, 1, 0, 0
62744, 0, 1, 0, 1, 0, 0
62745, 0, 1, 0, 1, 0, 0
62746, 0, 1, 0, 1, 0, 0
62747, 0, 1, 0, 1, 0, 0
62748, 0, 2, 0, 2, 0, 0
62749, 0, 1, 0, 1, 0, 0
62750, 0, 1, 0, 1, 0, 0
62751, 0, 1, 0, 1, 0, 0
62752, 0, 1, 0, 1, 0, 0
62753, 0, 1, 0, 1, 0, 0
62754, 2, 2, 2, 0, 1, 1
62755, 0, 1, 1, 0, 0, 0
62756, 73, 2, 0, 2, 3, 70
62757, 0, 1, 1, 0, 0, 0
39184, 0, 2, 2, 0, 0, 0
62758, 0, 1, 1, 0, 0, 0
41834, 3, 1, 0, 1, 3, 0
57606, 1, 3, 2, 1, 1, 0
62759, 0, 3, 3, 0, 0, 0
62760, 0, 4, 4, 0, 0, 0
21577, 1, 2, 2, 0, 1, 0
18581, 1, 1, 0, 1, 0, 1
18583, 12, 3, 0, 3, 10, 2
18587, 2, 2, 1, 1, 1, 1
18589, 2, 1, 0, 1, 2, 0
18591, 0, 1, 0, 1, 0, 0
35879, 0, 4, 4, 0, 0, 0
62761, 0, 1, 1, 0, 0, 0
62762, 0, 1, 1, 0, 0, 0
62763, 0, 2, 2, 0, 0, 0
62764, 1, 1, 1, 0, 1, 0
62765, 0, 2, 2, 0, 0, 0
62766, 1, 2, 1, 1, 1, 0
33542, 0, 4, 3, 1, 0, 0
18593, 1, 1, 1, 0, 1, 0
18598, 8, 1, 1, 0, 8, 0
36399, 0, 3, 3, 0, 0, 0
57755, 2, 1, 1, 0, 2, 0
57756, 0, 1, 1, 0, 0, 0
57757, 0, 1, 1, 0, 0, 0
23314, 21, 3, 2, 1, 20, 1
30372, 0, 2, 2, 0, 0, 0
30923, 0, 4, 3, 1, 0, 0
33133, 7, 9, 8, 1, 5, 2
33387, 0, 3, 1, 2, 0, 0
37112, 1, 4, 4, 0, 1, 0
44232, 0, 4, 2, 2, 0, 0
58260, 0, 2, 0, 2, 0, 0
60625, 0, 2, 1, 1, 0, 0
62767, 0, 1, 1, 0, 0, 0
62768, 0, 1, 1, 0, 0, 0
62769, 12, 2, 2, 0, 12, 0
62770, 0, 1, 1, 0, 0, 0
62771, 0, 1, 1, 0, 0, 0
62772, 0, 1, 1, 0, 0, 0
62773, 0, 1, 1, 0, 0, 0
62774, 0, 1, 1, 0, 0, 0
62775, 0, 1, 1, 0, 0, 0
62776, 0, 1, 1, 0, 0, 0
62777, 0, 2, 2, 0, 0, 0
62778, 1, 1, 1, 0, 0, 1
62779, 0, 1, 1, 0, 0, 0
62780, 0, 1, 1, 0, 0, 0
62781, 0, 1, 1, 0, 0, 0
62782, 0, 2, 2, 0, 0, 0
62783, 0, 1, 0, 1, 0, 0
62784, 0, 1, 0, 1, 0, 0
62785, 0, 1, 0, 1, 0, 0
62786, 0, 1, 0, 1, 0, 0
62787, 0, 1, 0, 1, 0, 0
62788, 0, 1, 0, 1, 0, 0
62789, 0, 1, 0, 1, 0, 0
62790, 0, 1, 0, 1, 0, 0
62791, 0, 1, 0, 1, 0, 0
62792, 0, 2, 1, 1, 0, 0
62793, 3, 2, 1, 1, 3, 0
50435, 8, 1, 1, 0, 7, 1
18600, 1, 0, 0, 0, 1, 0
62794, 0, 2, 2, 0, 0, 0
62795, 0, 1, 1, 0, 0, 0
18609, 10, 0, 0, 0, 10, 0
18620, 1, 0, 0, 0, 1, 0
18622, 0, 1, 1, 0, 0, 0
18623, 1, 2, 2, 0, 1, 0
18624, 5, 3, 3, 0, 5, 0
18625, 0, 2, 2, 0, 0, 0
18626, 0, 1, 1, 0, 0, 0
18627, 0, 2, 2, 0, 0, 0
18628, 0, 1, 1, 0, 0, 0
58211, 5, 2, 2, 0, 5, 0
51762, 18, 1, 0, 1, 18, 0
54043, 0, 2, 1, 1, 0, 0
54044, 0, 3, 1, 2, 0, 0
54047, 3, 2, 1, 1, 3, 0
18631, 1, 1, 0, 1, 1, 0
18632, 1, 0, 0, 0, 1, 0
29637, 0, 2, 1, 1, 0, 0
35650, 0, 1, 1, 0, 0, 0
35652, 1, 1, 0, 1, 0, 1
52704, 0, 1, 1, 0, 0, 0
52705, 0, 1, 1, 0, 0, 0
52706, 0, 1, 1, 0, 0, 0
18644, 0, 1, 1, 0, 0, 0
18646, 0, 1, 1, 0, 0, 0
18650, 0, 1, 1, 0, 0, 0
18652, 0, 1, 1, 0, 0, 0
62803, 0, 1, 0, 1, 0, 0
18655, 4, 1, 1, 0, 3, 1
35193, 0, 3, 2, 1, 0, 0
43833, 1, 2, 1, 1, 1, 0
47598, 0, 2, 1, 1, 0, 0
49586, 0, 3, 1, 2, 0, 0
61472, 0, 2, 1, 1, 0, 0
62112, 0, 1, 1, 0, 0, 0
62113, 0, 1, 1, 0, 0, 0
62114, 0, 1, 1, 0, 0, 0
62115, 0, 1, 1, 0, 0, 0
62116, 12, 3, 2, 1, 12, 0
62117, 0, 1, 0, 1, 0, 0
62118, 0, 1, 0, 1, 0, 0
62119, 0, 1, 0, 1, 0, 0
62120, 0, 1, 0, 1, 0, 0
62121, 0, 1, 0, 1, 0, 0
62122, 0, 1, 0, 1, 0, 0
62123, 2, 2, 0, 2, 2, 0
62124, 1, 1, 0, 1, 0, 1
62125, 0, 1, 0, 1, 0, 0
62126, 0, 1, 0, 1, 0, 0
62127, 0, 2, 1, 1, 0, 0
62128, 3, 2, 1, 1, 3, 0
62129, 1, 1, 0, 1, 1, 0
62130, 0, 1, 0, 1, 0, 0
62131, 0, 1, 0, 1, 0, 0
62132, 0, 2, 0, 2, 0, 0
62133, 0, 1, 0, 1, 0, 0
62134, 0, 2, 1, 1, 0, 0
62804, 0, 1, 1, 0, 0, 0
62805, 0, 1, 1, 0, 0, 0
48135, 4, 3, 3, 0, 1, 3
62806, 0, 1, 1, 0, 0, 0
55667, 12, 2, 2, 0, 10, 2
23768, 0, 2, 2, 0, 0, 0
27698, 0, 3, 3, 0, 0, 0
33414, 16, 2, 2, 0, 15, 1
37316, 0, 1, 1, 0, 0, 0
37318, 0, 1, 1, 0, 0, 0
37319, 0, 2, 2, 0, 0, 0
37322, 0, 1, 1, 0, 0, 0
37323, 0, 2, 2, 0, 0, 0
37324, 0, 1, 1, 0, 0, 0
37325, 0, 2, 2, 0, 0, 0
37326, 0, 1, 0, 1, 0, 0
62807, 2, 2, 2, 0, 2, 0
27456, 3, 2, 1, 1, 3, 0
29328, 0, 2, 1, 1, 0, 0
47591, 0, 4, 4, 0, 0, 0
47592, 2, 2, 2, 0, 2, 0
47593, 0, 1, 1, 0, 0, 0
47594, 0, 1, 1, 0, 0, 0
47595, 0, 1, 1, 0, 0, 0
47596, 0, 3, 2, 1, 0, 0
47599, 2, 1, 0, 1, 2, 0
47600, 0, 1, 0, 1, 0, 0
47604, 0, 2, 0, 2, 0, 0
47606, 0, 5, 1, 4, 0, 0
47607, 0, 2, 1, 1, 0, 0
47608, 0, 1, 0, 1, 0, 0
47610, 0, 2, 1, 1, 0, 0
47611, 0, 1, 0, 1, 0, 0
47612, 2, 1, 0, 1, 2, 0
47613, 0, 1, 0, 1, 0, 0
47614, 0, 1, 0, 1, 0, 0
62808, 0, 2, 0, 2, 0, 0
62809, 0, 1, 0, 1, 0, 0
62810, 0, 3, 2, 1, 0, 0
62811, 2, 2, 1, 1, 2, 0
62812, 0, 1, 0, 1, 0, 0
62813, 3, 1, 0, 1, 2, 1
62814, 0, 2, 0, 2, 0, 0
62815, 1, 2, 1, 1, 1, 0
62816, 1, 1, 1, 0, 1, 0
62817, 1, 1, 1, 0, 1, 0
25468, 4, 2, 0, 2, 3, 1
54971, 1, 2, 2, 0, 0, 1
54973, 0, 1, 1, 0, 0, 0
54974, 0, 1, 1, 0, 0, 0
54975, 0, 1, 1, 0, 0, 0
54976, 0, 1, 1, 0, 0, 0
54977, 0, 3, 2, 1, 0, 0
54978, 0, 1, 0, 1, 0, 0
54979, 0, 1, 0, 1, 0, 0
54980, 0, 1, 0, 1, 0, 0
54981, 0, 2, 0, 2, 0, 0
54982, 0, 1, 0, 1, 0, 0
54983, 0, 1, 0, 1, 0, 0
54984, 0, 1, 0, 1, 0, 0
54985, 3, 1, 0, 1, 2, 1
37026, 0, 1, 1, 0, 0, 0
37028, 1, 1, 1, 0, 1, 0
37029, 1, 1, 1, 0, 1, 0
62266, 0, 1, 1, 0, 0, 0
58281, 1, 1, 1, 0, 1, 0
58282, 0, 2, 2, 0, 0, 0
58283, 0, 1, 1, 0, 0, 0
55487, 1, 1, 1, 0, 1, 0
62818, 3, 2, 2, 0, 3, 0
30906, 0, 2, 2, 0, 0, 0
62819, 0, 2, 2, 0, 0, 0
62820, 1, 2, 1, 1, 1, 0
62821, 0, 2, 1, 1, 0, 0
29841, 0, 2, 0, 2, 0, 0
62822, 0, 1, 1, 0, 0, 0
62823, 0, 1, 0, 1, 0, 0
19955, 0, 2, 2, 0, 0, 0
22947, 0, 3, 1, 2, 0, 0
28788, 14, 5, 3, 2, 14, 0
56968, 1, 1, 1, 0, 1, 0
56969, 1, 1, 0, 1, 1, 0
56970, 0, 2, 0, 2, 0, 0
62824, 0, 2, 2, 0, 0, 0
30399, 0, 1, 1, 0, 0, 0
30400, 0, 1, 1, 0, 0, 0
30402, 0, 2, 2, 0, 0, 0
30403, 0, 1, 1, 0, 0, 0
30406, 0, 1, 1, 0, 0, 0
30407, 0, 1, 1, 0, 0, 0
30408, 0, 1, 1, 0, 0, 0
30409, 10, 5, 4, 1, 10, 0
30410, 0, 1, 1, 0, 0, 0
30411, 0, 2, 2, 0, 0, 0
30413, 17, 1, 1, 0, 8, 9
30414, 0, 1, 1, 0, 0, 0
30417, 1, 1, 1, 0, 1, 0
30418, 0, 2, 2, 0, 0, 0
35336, 2, 4, 4, 0, 2, 0
54829, 3, 1, 1, 0, 3, 0
54831, 0, 1, 1, 0, 0, 0
54832, 0, 1, 1, 0, 0, 0
62825, 1, 2, 2, 0, 1, 0
35049, 0, 8, 3, 5, 0, 0
39102, 0, 6, 6, 0, 0, 0
55082, 0, 1, 0, 1, 0, 0
62826, 0, 1, 1, 0, 0, 0
34352, 8, 3, 0, 3, 6, 2
37340, 0, 1, 1, 0, 0, 0
37341, 0, 1, 1, 0, 0, 0
37342, 0, 2, 2, 0, 0, 0
37344, 0, 1, 1, 0, 0, 0
37347, 0, 1, 1, 0, 0, 0
37349, 9, 2, 2, 0, 9, 0
37350, 1, 1, 1, 0, 1, 0
37351, 0, 1, 1, 0, 0, 0
37352, 0, 1, 1, 0, 0, 0
37355, 0, 2, 2, 0, 0, 0
37356, 6, 2, 1, 1, 6, 0
37357, 0, 1, 1, 0, 0, 0
62827, 2, 1, 1, 0, 2, 0
62828, 0, 2, 2, 0, 0, 0
62829, 5, 1, 1, 0, 5, 0
57142, 0, 1, 1, 0, 0, 0
57143, 0, 1, 1, 0, 0, 0
57144, 0, 1, 1, 0, 0, 0
27859, 0, 3, 3, 0, 0, 0
34020, 0, 1, 1, 0, 0, 0
34021, 0, 2, 2, 0, 0, 0
62830, 0, 1, 1, 0, 0, 0
62831, 0, 1, 1, 0, 0, 0
62832, 1, 1, 1, 0, 1, 0
38406, 0, 2, 1, 1, 0, 0
38409, 0, 1, 1, 0, 0, 0
38413, 2, 1, 0, 1, 2, 0
38414, 0, 1, 0, 1, 0, 0
40604, 0, 1, 1, 0, 0, 0
40605, 0, 1, 1, 0, 0, 0
40607, 0, 2, 2, 0, 0, 0
62833, 0, 1, 1, 0, 0, 0
27597, 1, 1, 1, 0, 1, 0
62834, 7, 1, 1, 0, 7, 0
62835, 1, 2, 1, 1, 1, 0
55610, 0, 1, 1, 0, 0, 0
29846, 1, 1, 1, 0, 1, 0
62836, 0, 1, 1, 0, 0, 0
59023, 0, 2, 2, 0, 0, 0
18769, 3, 0, 0, 0, 3, 0
43048, 0, 2, 0, 2, 0, 0
62844, 2, 1, 1, 0, 2, 0
58020, 0, 1, 1, 0, 0, 0
18779, 2, 0, 0, 0, 2, 0
18786, 0, 1, 1, 0, 0, 0
18787, 0, 3, 3, 0, 0, 0
18789, 0, 1, 1, 0, 0, 0
18793, 0, 1, 1, 0, 0, 0
54186, 0, 1, 1, 0, 0, 0
54187, 1, 1, 1, 0, 1, 0
45668, 0, 3, 3, 0, 0, 0
45670, 4, 3, 3, 0, 4, 0
62846, 0, 3, 3, 0, 0, 0
62847, 0, 2, 2, 0, 0, 0
62848, 7, 2, 2, 0, 7, 0
62849, 1, 2, 2, 0, 1, 0
62850, 0, 1, 1, 0, 0, 0
44257, 0, 1, 1, 0, 0, 0
44258, 0, 1, 1, 0, 0, 0
43785, 1, 1, 1, 0, 1, 0
43786, 4, 1, 1, 0, 4, 0
43787, 1, 1, 1, 0, 1, 0
62851, 0, 2, 2, 0, 0, 0
62852, 0, 1, 1, 0, 0, 0
62853, 0, 1, 1, 0, 0, 0
62854, 0, 1, 1, 0, 0, 0
62855, 0, 1, 1, 0, 0, 0
62856, 0, 1, 1, 0, 0, 0
18801, 3, 0, 0, 0, 3, 0
62857, 1, 1, 1, 0, 1, 0
18818, 3, 1, 1, 0, 1, 2
43223, 17, 2, 2, 0, 15, 2
43224, 5, 1, 1, 0, 4, 1
62860, 0, 1, 0, 1, 0, 0
18830, 1, 1, 1, 0, 1, 0
18831, 0, 1, 1, 0, 0, 0
18832, 0, 1, 1, 0, 0, 0
62861, 0, 1, 1, 0, 0, 0
44512, 6, 1, 0, 1, 4, 2
18840, 9, 0, 0, 0, 9, 0
18845, 19, 1, 1, 0, 19, 0
18848, 8, 1, 1, 0, 5, 3
18851, 0, 1, 1, 0, 0, 0
18854, 0, 6, 6, 0, 0, 0
18855, 1, 0, 0, 0, 1, 0
33250, 5, 3, 2, 1, 5, 0
38864, 5, 1, 1, 0, 4, 1
38865, 0, 1, 1, 0, 0, 0
38866, 59, 1, 1, 0, 0, 59
38868, 0, 1, 1, 0, 0, 0
38869, 0, 1, 1, 0, 0, 0
38871, 19, 2, 2, 0, 18, 1
19782, 0, 1, 1, 0, 0, 0
18870, 5, 1, 1, 0, 5, 0
18872, 0, 2, 2, 0, 0, 0
62933, 15, 2, 1, 1, 4, 11
18873, 2, 0, 0, 0, 1, 1
62937, 0, 1, 1, 0, 0, 0
62938, 0, 1, 1, 0, 0, 0
62939, 0, 1, 1, 0, 0, 0
18883, 0, 3, 3, 0, 0, 0
18884, 0, 1, 1, 0, 0, 0
18886, 2, 2, 2, 0, 2, 0
18887, 0, 1, 1, 0, 0, 0
20266, 5, 1, 1, 0, 5, 0
24918, 9, 6, 5, 1, 6, 3
26960, 0, 2, 2, 0, 0, 0
27271, 4, 1, 1, 0, 1, 3
27273, 8, 1, 1, 0, 8, 0
27275, 0, 1, 1, 0, 0, 0
27278, 0, 2, 2, 0, 0, 0
27279, 0, 2, 2, 0, 0, 0
27283, 0, 2, 2, 0, 0, 0
27285, 1, 3, 3, 0, 1, 0
27286, 0, 1, 1, 0, 0, 0
27289, 0, 1, 1, 0, 0, 0
27290, 0, 1, 1, 0, 0, 0
27291, 0, 1, 1, 0, 0, 0
27292, 0, 1, 0, 1, 0, 0
27295, 0, 1, 0, 1, 0, 0
27299, 0, 3, 1, 2, 0, 0
18889, 1, 0, 0, 0, 1, 0
58128, 7, 4, 4, 0, 7, 0
62941, 0, 2, 2, 0, 0, 0
35249, 0, 3, 3, 0, 0, 0
35252, 0, 4, 4, 0, 0, 0
35253, 0, 1, 0, 1, 0, 0
62942, 1, 1, 1, 0, 1, 0
62943, 49, 1, 1, 0, 24, 25
62944, 0, 3, 3, 0, 0, 0
62945, 2, 2, 1, 1, 2, 0
62946, 0, 1, 0, 1, 0, 0
54016, 0, 3, 3, 0, 0, 0
62947, 0, 1, 1, 0, 0, 0
62948, 0, 1, 1, 0, 0, 0
62949, 0, 1, 1, 0, 0, 0
62950, 0, 1, 1, 0, 0, 0
62951, 1, 1, 1, 0, 1, 0
39194, 1, 1, 1, 0, 1, 0
55298, 9, 1, 1, 0, 9, 0
62952, 0, 2, 2, 0, 0, 0
62953, 0, 1, 1, 0, 0, 0
52301, 5, 3, 3, 0, 5, 0
18943, 10, 5, 5, 0, 10, 0
18945, 6, 5, 5, 0, 6, 0
18948, 5, 3, 3, 0, 5, 0
18949, 3, 5, 5, 0, 3, 0
62975, 3, 1, 1, 0, 3, 0
62976, 2, 1, 1, 0, 2, 0
62977, 1, 1, 1, 0, 1, 0
55944, 4, 3, 3, 0, 4, 0
28007, 0, 3, 1, 2, 0, 0
28008, 0, 1, 1, 0, 0, 0
28009, 2, 1, 1, 0, 1, 1
28011, 0, 1, 1, 0, 0, 0
28019, 0, 1, 0, 1, 0, 0
62978, 0, 1, 1, 0, 0, 0
62979, 2, 2, 2, 0, 2, 0
62980, 0, 1, 1, 0, 0, 0
62981, 0, 1, 1, 0, 0, 0
62982, 0, 1, 1, 0, 0, 0
62983, 2, 1, 1, 0, 2, 0
62984, 0, 1, 1, 0, 0, 0
62985, 1, 1, 1, 0, 1, 0
62986, 0, 1, 1, 0, 0, 0
62987, 0, 1, 0, 1, 0, 0
60967, 0, 3, 3, 0, 0, 0
62991, 0, 1, 1, 0, 0, 0
18996, 0, 1, 0, 1, 0, 0
62992, 0, 1, 1, 0, 0, 0
53544, 0, 1, 0, 1, 0, 0
19681, 0, 3, 3, 0, 0, 0
25045, 0, 2, 1, 1, 0, 0
56821, 2, 3, 2, 1, 1, 1
62996, 0, 1, 0, 1, 0, 0
62997, 2, 1, 0, 1, 2, 0
62998, 0, 1, 0, 1, 0, 0
62999, 0, 1, 0, 1, 0, 0
63000, 0, 1, 0, 1, 0, 0
63001, 0, 1, 0, 1, 0, 0
63002, 0, 2, 1, 1, 0, 0
63003, 0, 1, 0, 1, 0, 0
63004, 0, 1, 0, 1, 0, 0
63005, 0, 1, 0, 1, 0, 0
63006, 0, 1, 0, 1, 0, 0
19025, 6, 0, 0, 0, 6, 0
33261, 0, 2, 2, 0, 0, 0
34079, 0, 2, 2, 0, 0, 0
43034, 7, 1, 1, 0, 7, 0
43035, 0, 1, 1, 0, 0, 0
43036, 0, 1, 1, 0, 0, 0
43040, 0, 1, 1, 0, 0, 0
43041, 0, 1, 1, 0, 0, 0
43042, 0, 1, 1, 0, 0, 0
43043, 0, 1, 1, 0, 0, 0
43045, 0, 1, 1, 0, 0, 0
43046, 0, 1, 1, 0, 0, 0
63011, 5, 1, 1, 0, 5, 0
48146, 0, 3, 3, 0, 0, 0
59066, 1, 2, 2, 0, 0, 1
63012, 1, 1, 1, 0, 1, 0
63013, 0, 1, 1, 0, 0, 0
63014, 2, 1, 1, 0, 2, 0
63015, 0, 1, 1, 0, 0, 0
63016, 0, 1, 1, 0, 0, 0
30009, 0, 2, 2, 0, 0, 0
52325, 0, 1, 1, 0, 0, 0
63017, 1, 3, 1, 2, 0, 1
63018, 4, 2, 1, 1, 0, 4
63019, 0, 3, 1, 2, 0, 0
63020, 6, 5, 2, 3, 0, 6
24884, 4, 2, 1, 1, 3, 1
27880, 0, 1, 1, 0, 0, 0
27882, 0, 1, 1, 0, 0, 0
63021, 0, 1, 1, 0, 0, 0
63022, 1, 1, 1, 0, 1, 0
35967, 0, 2, 2, 0, 0, 0
43656, 0, 3, 2, 1, 0, 0
43657, 9, 4, 3, 1, 5, 4
43658, 0, 1, 1, 0, 0, 0
43661, 0, 1, 1, 0, 0, 0
43662, 0, 1, 1, 0, 0, 0
43663, 0, 1, 1, 0, 0, 0
43664, 2, 1, 1, 0, 2, 0
43665, 0, 1, 1, 0, 0, 0
43666, 0, 1, 1, 0, 0, 0
43668, 0, 1, 1, 0, 0, 0
43669, 0, 1, 1, 0, 0, 0
43671, 4, 4, 4, 0, 4, 0
43672, 0, 1, 1, 0, 0, 0
43673, 0, 1, 1, 0, 0, 0
43674, 1, 4, 4, 0, 1, 0
43675, 0, 1, 1, 0, 0, 0
43676, 10, 1, 1, 0, 9, 1
43677, 0, 1, 1, 0, 0, 0
43678, 0, 1, 1, 0, 0, 0
43679, 1, 2, 2, 0, 1, 0
63023, 0, 1, 0, 1, 0, 0
22169, 0, 1, 1, 0, 0, 0
54207, 6, 2, 1, 1, 3, 3
19072, 1, 0, 0, 0, 1, 0
63024, 10, 1, 1, 0, 9, 1
63025, 3, 1, 1, 0, 3, 0
55903, 0, 3, 3, 0, 0, 0
49451, 4, 2, 1, 1, 4, 0
63028, 3, 1, 1, 0, 2, 1
63029, 12, 1, 1, 0, 11, 1
63030, 1, 1, 1, 0, 0, 1
63031, 3, 1, 1, 0, 1, 2
63032, 0, 1, 0, 1, 0, 0
19105, 10, 4, 3, 1, 10, 0
19108, 0, 2, 2, 0, 0, 0
19109, 0, 1, 1, 0, 0, 0
19110, 5, 3, 3, 0, 5, 0
19115, 0, 1, 1, 0, 0, 0
19117, 7, 1, 0, 1, 7, 0
19124, 0, 1, 0, 1, 0, 0
55401, 13, 1, 1, 0, 13, 0
63033, 0, 1, 1, 0, 0, 0
63034, 0, 1, 1, 0, 0, 0
63035, 0, 1, 1, 0, 0, 0
41808, 24, 2, 2, 0, 11, 13
59901, 0, 1, 1, 0, 0, 0
59902, 0, 2, 2, 0, 0, 0
59903, 0, 3, 3, 0, 0, 0
54343, 1, 2, 2, 0, 1, 0
55731, 0, 2, 2, 0, 0, 0
55770, 0, 2, 2, 0, 0, 0
55771, 0, 1, 1, 0, 0, 0
55772, 2, 1, 1, 0, 2, 0
55773, 0, 1, 1, 0, 0, 0
55775, 1, 2, 1, 1, 1, 0
44380, 0, 1, 1, 0, 0, 0
35841, 0, 4, 4, 0, 0, 0
63036, 0, 1, 0, 1, 0, 0
63037, 1, 1, 1, 0, 1, 0
19126, 4, 2, 2, 0, 4, 0
19128, 12, 1, 1, 0, 11, 1
19130, 3, 0, 0, 0, 3, 0
57941, 18, 2, 2, 0, 15, 3
63039, 1, 1, 1, 0, 1, 0
34092, 30, 1, 1, 0, 13, 17
42086, 0, 2, 2, 0, 0, 0
55086, 14, 1, 1, 0, 14, 0
63040, 0, 1, 1, 0, 0, 0
63041, 3, 1, 1, 0, 3, 0
34677, 0, 1, 1, 0, 0, 0
35063, 5, 1, 1, 0, 5, 0
35064, 0, 2, 2, 0, 0, 0
35065, 0, 2, 2, 0, 0, 0
35068, 0, 3, 1, 2, 0, 0
35069, 0, 6, 4, 2, 0, 0
37408, 1, 1, 1, 0, 1, 0
37409, 0, 3, 3, 0, 0, 0
37410, 0, 1, 1, 0, 0, 0
37412, 1, 1, 1, 0, 0, 1
37417, 0, 1, 1, 0, 0, 0
35177, 0, 1, 1, 0, 0, 0
63042, 0, 1, 1, 0, 0, 0
23973, 0, 2, 2, 0, 0, 0
29822, 2, 2, 2, 0, 2, 0
62045, 11, 3, 3, 0, 6, 5
62046, 3, 1, 1, 0, 1, 2
62047, 0, 1, 1, 0, 0, 0
62048, 0, 1, 1, 0, 0, 0
62049, 0, 1, 1, 0, 0, 0
62050, 0, 1, 1, 0, 0, 0
62051, 0, 1, 1, 0, 0, 0
62052, 0, 1, 1, 0, 0, 0
62053, 0, 1, 0, 1, 0, 0
62054, 0, 1, 0, 1, 0, 0
62055, 0, 1, 0, 1, 0, 0
62056, 0, 1, 0, 1, 0, 0
22891, 1, 2, 2, 0, 1, 0
22892, 0, 1, 1, 0, 0, 0
22895, 0, 1, 1, 0, 0, 0
22901, 0, 1, 1, 0, 0, 0
22904, 0, 1, 1, 0, 0, 0
22905, 0, 1, 1, 0, 0, 0
22907, 0, 1, 1, 0, 0, 0
22908, 0, 1, 1, 0, 0, 0
22915, 0, 3, 2, 1, 0, 0
22918, 0, 1, 1, 0, 0, 0
22920, 8, 3, 2, 1, 7, 1
22923, 0, 1, 1, 0, 0, 0
22927, 1, 2, 2, 0, 1, 0
22930, 1, 1, 0, 1, 0, 1
19157, 1, 1, 1, 0, 1, 0
19161, 32, 0, 0, 0, 32, 0
19162, 0, 1, 1, 0, 0, 0
32922, 2, 1, 1, 0, 2, 0
19166, 5, 0, 0, 0, 5, 0
58189, 0, 3, 2, 1, 0, 0
50422, 1, 2, 1, 1, 1, 0
54314, 0, 1, 0, 1, 0, 0
54315, 0, 2, 0, 2, 0, 0
54316, 0, 1, 0, 1, 0, 0
54317, 0, 3, 0, 3, 0, 0
54318, 0, 1, 0, 1, 0, 0
54319, 0, 2, 1, 1, 0, 0
63053, 0, 1, 1, 0, 0, 0
57969, 0, 2, 2, 0, 0, 0
22203, 18, 2, 2, 0, 11, 7
22204, 0, 1, 1, 0, 0, 0
56284, 1, 2, 1, 1, 0, 1
63054, 1, 1, 1, 0, 1, 0
63055, 0, 1, 0, 1, 0, 0
63056, 0, 1, 1, 0, 0, 0
63057, 0, 1, 1, 0, 0, 0
63058, 0, 1, 1, 0, 0, 0
63061, 0, 1, 1, 0, 0, 0
63062, 6, 1, 1, 0, 6, 0
20634, 0, 3, 3, 0, 0, 0
63063, 0, 1, 1, 0, 0, 0
63064, 0, 1, 1, 0, 0, 0
63065, 0, 1, 1, 0, 0, 0
63066, 0, 1, 1, 0, 0, 0
63067, 0, 2, 2, 0, 0, 0
60622, 0, 2, 2, 0, 0, 0
63068, 1, 1, 1, 0, 1, 0
19234, 0, 1, 0, 1, 0, 0
19237, 3, 3, 1, 2, 2, 1
56788, 1, 2, 2, 0, 0, 1
60488, 0, 3, 3, 0, 0, 0
63070, 1, 2, 2, 0, 1, 0
34385, 0, 1, 1, 0, 0, 0
27713, 0, 3, 0, 3, 0, 0
19246, 0, 1, 1, 0, 0, 0
19247, 0, 2, 2, 0, 0, 0
19251, 1, 3, 3, 0, 1, 0
63071, 0, 1, 1, 0, 0, 0
63072, 1, 1, 1, 0, 1, 0
63073, 0, 1, 1, 0, 0, 0
63074, 1, 1, 1, 0, 1, 0
63075, 2, 2, 1, 1, 2, 0
63076, 0, 1, 1, 0, 0, 0
63077, 0, 1, 1, 0, 0, 0
63078, 0, 1, 1, 0, 0, 0
56976, 0, 2, 2, 0, 0, 0
33809, 0, 3, 3, 0, 0, 0
58397, 6, 5, 5, 0, 6, 0
58399, 0, 1, 1, 0, 0, 0
58400, 0, 1, 1, 0, 0, 0
41593, 1, 1, 1, 0, 1, 0
41594, 0, 1, 1, 0, 0, 0
35671, 2, 3, 2, 1, 2, 0
55851, 1, 2, 1, 1, 0, 1
55852, 9, 1, 1, 0, 9, 0
55853, 2, 3, 3, 0, 2, 0
55854, 1, 1, 1, 0, 1, 0
63079, 1, 1, 1, 0, 1, 0
63080, 0, 1, 1, 0, 0, 0
63081, 1, 1, 1, 0, 1, 0
34266, 0, 2, 1, 1, 0, 0
63082, 0, 1, 1, 0, 0, 0
63083, 0, 1, 1, 0, 0, 0
41859, 0, 1, 1, 0, 0, 0
60028, 0, 9, 9, 0, 0, 0
63088, 0, 1, 1, 0, 0, 0
25711, 0, 2, 2, 0, 0, 0
29738, 10, 3, 2, 1, 8, 2
29740, 1, 1, 1, 0, 1, 0
19341, 0, 1, 1, 0, 0, 0
19343, 0, 1, 1, 0, 0, 0
19346, 0, 1, 0, 1, 0, 0
19347, 0, 1, 0, 1, 0, 0
22999, 0, 2, 1, 1, 0, 0
23002, 0, 1, 1, 0, 0, 0
23003, 0, 1, 1, 0, 0, 0
23004, 1, 1, 1, 0, 1, 0
25401, 1, 1, 1, 0, 1, 0
59601, 0, 1, 1, 0, 0, 0
59602, 0, 2, 2, 0, 0, 0
22067, 0, 2, 2, 0, 0, 0
22068, 0, 2, 2, 0, 0, 0
22502, 0, 2, 2, 0, 0, 0
22504, 0, 1, 1, 0, 0, 0
22505, 0, 3, 2, 1, 0, 0
22507, 10, 2, 2, 0, 9, 1
22509, 0, 1, 1, 0, 0, 0
22510, 4, 1, 1, 0, 4, 0
22511, 0, 3, 3, 0, 0, 0
22512, 0, 2, 1, 1, 0, 0
19364, 8, 0, 0, 0, 8, 0
19365, 1, 0, 0, 0, 1, 0
19368, 0, 2, 2, 0, 0, 0
19370, 0, 1, 1, 0, 0, 0
19373, 0, 4, 0, 4, 0, 0
19374, 0, 1, 0, 1, 0, 0
19375, 0, 1, 0, 1, 0, 0
19379, 1, 1, 1, 0, 1, 0
19380, 0, 1, 1, 0, 0, 0
19381, 25, 2, 1, 1, 16, 9
63091, 0, 1, 1, 0, 0, 0
63092, 0, 2, 2, 0, 0, 0
63093, 3, 1, 1, 0, 3, 0
19389, 0, 1, 1, 0, 0, 0
52113, 4, 6, 1, 5, 4, 0
19391, 15, 2, 0, 2, 10, 5
24853, 1, 3, 3, 0, 0, 1
24855, 0, 2, 2, 0, 0, 0
24858, 8, 3, 3, 0, 7, 1
24861, 12, 3, 3, 0, 11, 1
24864, 15, 1, 1, 0, 15, 0
24865, 0, 1, 1, 0, 0, 0
24872, 1, 2, 0, 2, 1, 0
24874, 0, 1, 0, 1, 0, 0
24882, 0, 1, 0, 1, 0, 0
19397, 1, 1, 1, 0, 1, 0
19399, 3, 0, 0, 0, 2, 1
63095, 1, 1, 0, 1, 0, 1
63096, 0, 1, 1, 0, 0, 0
63097, 1, 1, 1, 0, 1, 0
63098, 0, 1, 1, 0, 0, 0
63099, 4, 1, 1, 0, 2, 2
63109, 0, 1, 0, 1, 0, 0
63110, 0, 1, 1, 0, 0, 0
63111, 4, 1, 1, 0, 4, 0
63112, 0, 1, 1, 0, 0, 0
63113, 0, 2, 1, 1, 0, 0
58687, 0, 2, 1, 1, 0, 0
63114, 0, 1, 1, 0, 0, 0
25147, 0, 1, 1, 0, 0, 0
25150, 1, 1, 1, 0, 1, 0
25153, 27, 2, 1, 1, 23, 4
25154, 1, 1, 0, 1, 1, 0
25156, 0, 1, 0, 1, 0, 0
25158, 1, 1, 0, 1, 1, 0
61001, 1, 1, 1, 0, 0, 1
29440, 14, 3, 3, 0, 8, 6
63115, 0, 1, 1, 0, 0, 0
63116, 1, 1, 1, 0, 1, 0
63119, 1, 1, 1, 0, 1, 0
26899, 0, 1, 1, 0, 0, 0
26900, 2, 1, 1, 0, 2, 0
26901, 0, 1, 1, 0, 0, 0
26902, 54, 1, 1, 0, 53, 1
26904, 0, 1, 1, 0, 0, 0
26906, 148, 1, 1, 0, 51, 97
26909, 0, 2, 1, 1, 0, 0
26914, 0, 1, 1, 0, 0, 0
32618, 33, 1, 1, 0, 29, 4
19458, 1, 0, 0, 0, 1, 0
19460, 0, 1, 0, 1, 0, 0
19461, 1, 0, 0, 0, 1, 0
19465, 0, 1, 1, 0, 0, 0
19466, 0, 1, 1, 0, 0, 0
19467, 0, 1, 1, 0, 0, 0
63121, 0, 2, 2, 0, 0, 0
19477, 1, 5, 2, 3, 1, 0
19480, 0, 1, 1, 0, 0, 0
19482, 0, 1, 0, 1, 0, 0
59185, 17, 2, 2, 0, 12, 5
59186, 3, 3, 2, 1, 3, 0
34520, 0, 1, 1, 0, 0, 0
34522, 0, 1, 1, 0, 0, 0
34523, 0, 1, 0, 1, 0, 0
63122, 0, 1, 1, 0, 0, 0
19486, 2, 1, 1, 0, 2, 0
19490, 0, 1, 1, 0, 0, 0
19494, 0, 1, 1, 0, 0, 0
19497, 0, 1, 0, 1, 0, 0
19505, 3, 1, 0, 1, 0, 3
19510, 0, 1, 0, 1, 0, 0
19511, 0, 1, 0, 1, 0, 0
63123, 0, 1, 1, 0, 0, 0
39203, 15, 2, 1, 1, 10, 5
63124, 0, 1, 1, 0, 0, 0
52139, 0, 1, 1, 0, 0, 0
63125, 0, 1, 0, 1, 0, 0
52141, 0, 1, 1, 0, 0, 0
52142, 0, 1, 0, 1, 0, 0
63126, 1, 1, 1, 0, 0, 1
63127, 0, 1, 1, 0, 0, 0
63128, 0, 1, 1, 0, 0, 0
60077, 0, 1, 1, 0, 0, 0
60078, 0, 2, 2, 0, 0, 0
63135, 0, 1, 1, 0, 0, 0
29831, 0, 1, 1, 0, 0, 0
63136, 0, 1, 1, 0, 0, 0
63137, 0, 2, 1, 1, 0, 0
19536, 10, 0, 0, 0, 7, 3
19541, 0, 1, 1, 0, 0, 0
19544, 0, 1, 1, 0, 0, 0
63138, 0, 2, 2, 0, 0, 0
54233, 11, 3, 3, 0, 11, 0
54234, 4, 3, 3, 0, 4, 0
54238, 0, 4, 4, 0, 0, 0
54239, 7, 3, 3, 0, 7, 0
39054, 0, 1, 0, 1, 0, 0
34136, 1, 2, 2, 0, 1, 0
34460, 0, 3, 2, 1, 0, 0
34461, 0, 4, 3, 1, 0, 0
34464, 3, 2, 2, 0, 2, 1
34466, 4, 2, 2, 0, 4, 0
34467, 0, 1, 1, 0, 0, 0
36385, 1, 1, 1, 0, 1, 0
36386, 2, 1, 1, 0, 1, 1
36388, 0, 1, 1, 0, 0, 0
36390, 0, 1, 1, 0, 0, 0
36392, 0, 1, 1, 0, 0, 0
36393, 0, 1, 1, 0, 0, 0
36394, 0, 1, 1, 0, 0, 0
61448, 0, 1, 1, 0, 0, 0
61449, 0, 1, 1, 0, 0, 0
61450, 0, 2, 2, 0, 0, 0
61451, 0, 1, 1, 0, 0, 0
61452, 0, 1, 1, 0, 0, 0
54447, 0, 1, 1, 0, 0, 0
28433, 0, 3, 3, 0, 0, 0
58962, 0, 1, 1, 0, 0, 0
58963, 1, 1, 1, 0, 0, 1
58964, 0, 1, 1, 0, 0, 0
58965, 0, 1, 1, 0, 0, 0
58966, 1, 2, 2, 0, 1, 0
58968, 2, 1, 1, 0, 2, 0
58969, 0, 1, 1, 0, 0, 0
58970, 0, 1, 0, 1, 0, 0
34870, 0, 2, 1, 1, 0, 0
54949, 1, 2, 2, 0, 1, 0
54950, 6, 1, 1, 0, 5, 1
54951, 3, 3, 2, 1, 3, 0
63139, 0, 1, 1, 0, 0, 0
63140, 4, 2, 2, 0, 4, 0
63141, 2, 2, 2, 0, 2, 0
63142, 1, 1, 1, 0, 1, 0
63143, 1, 1, 1, 0, 1, 0
63144, 0, 1, 0, 1, 0, 0
63145, 0, 1, 0, 1, 0, 0
63146, 0, 1, 0, 1, 0, 0
44613, 0, 1, 1, 0, 0, 0
44614, 0, 1, 1, 0, 0, 0
44615, 2, 1, 1, 0, 0, 2
44616, 0, 1, 1, 0, 0, 0
44617, 0, 1, 1, 0, 0, 0
44618, 0, 1, 1, 0, 0, 0
44619, 0, 1, 0, 1, 0, 0
44620, 0, 1, 0, 1, 0, 0
44622, 0, 1, 0, 1, 0, 0
44623, 0, 1, 0, 1, 0, 0
44627, 3, 2, 1, 1, 0, 3
33181, 11, 7, 6, 1, 11, 0
55855, 0, 1, 1, 0, 0, 0
55009, 7, 3, 3, 0, 7, 0
55010, 8, 2, 2, 0, 8, 0
58615, 3, 2, 1, 1, 1, 2
58616, 0, 1, 1, 0, 0, 0
35391, 0, 1, 1, 0, 0, 0
63150, 0, 1, 1, 0, 0, 0
38490, 0, 1, 1, 0, 0, 0
38492, 0, 1, 1, 0, 0, 0
49805, 1, 3, 3, 0, 1, 0
49806, 1, 1, 1, 0, 1, 0
49807, 4, 2, 2, 0, 2, 2
27841, 2, 1, 0, 1, 2, 0
41697, 10, 1, 1, 0, 6, 4
41698, 0, 2, 2, 0, 0, 0
41702, 0, 1, 0, 1, 0, 0
41703, 3, 2, 0, 2, 3, 0
41704, 0, 1, 0, 1, 0, 0
41706, 0, 1, 0, 1, 0, 0
41707, 1, 2, 1, 1, 1, 0
41708, 1, 2, 1, 1, 1, 0
41710, 0, 1, 0, 1, 0, 0
41711, 0, 2, 1, 1, 0, 0
41712, 0, 2, 1, 1, 0, 0
41713, 2, 3, 2, 1, 1, 1
19619, 3, 0, 0, 0, 3, 0
22747, 0, 1, 1, 0, 0, 0
22749, 0, 1, 1, 0, 0, 0
22752, 0, 2, 2, 0, 0, 0
22753, 0, 1, 1, 0, 0, 0
22754, 2, 3, 3, 0, 1, 1
22757, 0, 3, 3, 0, 0, 0
22761, 0, 1, 1, 0, 0, 0
22762, 0, 1, 1, 0, 0, 0
22763, 0, 1, 1, 0, 0, 0
22766, 0, 1, 1, 0, 0, 0
22770, 2, 2, 2, 0, 2, 0
22772, 0, 1, 1, 0, 0, 0
22773, 6, 2, 2, 0, 6, 0
22778, 0, 2, 2, 0, 0, 0
22781, 2, 2, 2, 0, 2, 0
22783, 0, 1, 1, 0, 0, 0
63152, 0, 1, 1, 0, 0, 0
34081, 0, 1, 1, 0, 0, 0
63153, 0, 1, 1, 0, 0, 0
63154, 3, 3, 3, 0, 3, 0
63155, 2, 1, 1, 0, 2, 0
19655, 1, 0, 0, 0, 1, 0
19680, 0, 1, 1, 0, 0, 0
63161, 0, 1, 1, 0, 0, 0
19683, 8, 0, 0, 0, 8, 0
63162, 0, 1, 1, 0, 0, 0
63163, 0, 2, 2, 0, 0, 0
63164, 1, 1, 1, 0, 1, 0
63165, 8, 3, 3, 0, 8, 0
63166, 0, 1, 0, 1, 0, 0
35894, 2, 2, 2, 0, 2, 0
32549, 0, 1, 1, 0, 0, 0
32553, 0, 1, 1, 0, 0, 0
32555, 0, 1, 1, 0, 0, 0
32556, 0, 1, 1, 0, 0, 0
32557, 0, 2, 2, 0, 0, 0
32558, 1, 2, 2, 0, 1, 0
32559, 0, 1, 1, 0, 0, 0
32563, 0, 1, 0, 1, 0, 0
32564, 0, 2, 1, 1, 0, 0
27619, 0, 2, 2, 0, 0, 0
27622, 0, 1, 1, 0, 0, 0
27623, 0, 2, 2, 0, 0, 0
27625, 0, 1, 1, 0, 0, 0
27626, 0, 2, 2, 0, 0, 0
27627, 0, 1, 1, 0, 0, 0
27630, 0, 1, 1, 0, 0, 0
27631, 1, 2, 2, 0, 1, 0
27632, 0, 1, 1, 0, 0, 0
27634, 0, 1, 1, 0, 0, 0
27635, 0, 1, 1, 0, 0, 0
27636, 0, 1, 1, 0, 0, 0
63167, 0, 1, 1, 0, 0, 0
63168, 0, 3, 3, 0, 0, 0
63169, 2, 1, 1, 0, 2, 0
19692, 55, 2, 2, 0, 55, 0
19693, 0, 2, 2, 0, 0, 0
19697, 3, 2, 2, 0, 3, 0
19700, 0, 2, 2, 0, 0, 0
59093, 5, 1, 1, 0, 4, 1
63170, 1, 1, 1, 0, 1, 0
63171, 0, 1, 1, 0, 0, 0
63172, 1, 2, 2, 0, 1, 0
63173, 3, 1, 1, 0, 3, 0
63174, 0, 1, 1, 0, 0, 0
45196, 0, 2, 2, 0, 0, 0
24374, 4, 2, 2, 0, 4, 0
59687, 0, 1, 1, 0, 0, 0
59688, 0, 4, 4, 0, 0, 0
59689, 0, 1, 1, 0, 0, 0
59690, 0, 1, 1, 0, 0, 0
59691, 2, 1, 1, 0, 2, 0
59692, 0, 1, 0, 1, 0, 0
59693, 0, 2, 1, 1, 0, 0
59694, 0, 2, 0, 2, 0, 0
59695, 0, 1, 0, 1, 0, 0
59696, 0, 1, 0, 1, 0, 0
59697, 0, 1, 0, 1, 0, 0
59698, 0, 1, 0, 1, 0, 0
59699, 0, 1, 0, 1, 0, 0
59700, 0, 1, 0, 1, 0, 0
59701, 0, 1, 0, 1, 0, 0
63177, 1, 1, 1, 0, 1, 0
63178, 4, 1, 1, 0, 4, 0
63179, 0, 1, 1, 0, 0, 0
51982, 0, 1, 1, 0, 0, 0
51983, 0, 1, 1, 0, 0, 0
54337, 9, 1, 1, 0, 9, 0
61192, 0, 1, 1, 0, 0, 0
61193, 1, 2, 2, 0, 0, 1
61194, 0, 1, 0, 1, 0, 0
63180, 0, 2, 2, 0, 0, 0
63181, 0, 1, 1, 0, 0, 0
63182, 0, 1, 1, 0, 0, 0
63183, 0, 1, 1, 0, 0, 0
27304, 0, 1, 0, 1, 0, 0
63184, 2, 1, 1, 0, 2, 0
19766, 5, 0, 0, 0, 5, 0
19767, 1, 1, 1, 0, 1, 0
19768, 3, 0, 0, 0, 3, 0
19769, 0, 3, 2, 1, 0, 0
19770, 3, 0, 0, 0, 3, 0
45689, 0, 1, 1, 0, 0, 0
34429, 53, 3, 3, 0, 41, 12
54738, 7, 1, 1, 0, 6, 1
54739, 0, 1, 1, 0, 0, 0
54740, 1, 1, 1, 0, 1, 0
54741, 0, 1, 1, 0, 0, 0
54742, 0, 1, 1, 0, 0, 0
19783, 5, 0, 0, 0, 3, 2
63186, 0, 1, 1, 0, 0, 0
63187, 0, 1, 1, 0, 0, 0
63188, 0, 1, 1, 0, 0, 0
63189, 0, 1, 1, 0, 0, 0
63190, 2, 1, 1, 0, 2, 0
63191, 0, 1, 1, 0, 0, 0
63192, 0, 2, 2, 0, 0, 0
63193, 0, 1, 1, 0, 0, 0
63194, 1, 1, 1, 0, 1, 0
63195, 0, 1, 1, 0, 0, 0
63196, 0, 1, 0, 1, 0, 0
63197, 1, 1, 0, 1, 0, 1
54369, 6, 3, 1, 2, 3, 3
63198, 1, 1, 1, 0, 1, 0
34273, 8, 2, 2, 0, 6, 2
52727, 7, 3, 3, 0, 5, 2
52728, 0, 2, 2, 0, 0, 0
19810, 0, 2, 2, 0, 0, 0
19814, 1, 4, 3, 1, 1, 0
19816, 13, 1, 0, 1, 13, 0
19817, 0, 1, 0, 1, 0, 0
20127, 1, 1, 0, 1, 1, 0
21047, 6, 1, 0, 1, 6, 0
35164, 0, 3, 2, 1, 0, 0
35431, 7, 5, 2, 3, 5, 2
35505, 20, 2, 1, 1, 16, 4
35647, 3, 3, 2, 1, 3, 0
63199, 0, 1, 0, 1, 0, 0
63200, 0, 2, 0, 2, 0, 0
63201, 0, 1, 0, 1, 0, 0
63202, 0, 1, 0, 1, 0, 0
63203, 0, 1, 0, 1, 0, 0
63204, 0, 1, 0, 1, 0, 0
63205, 0, 2, 0, 2, 0, 0
63206, 0, 1, 0, 1, 0, 0
63207, 0, 2, 0, 2, 0, 0
63208, 0, 1, 0, 1, 0, 0
63209, 1, 1, 0, 1, 1, 0
63210, 0, 1, 0, 1, 0, 0
63211, 0, 1, 0, 1, 0, 0
63212, 0, 2, 1, 1, 0, 0
63213, 0, 1, 0, 1, 0, 0
63214, 0, 3, 2, 1, 0, 0
63215, 0, 1, 0, 1, 0, 0
63216, 0, 1, 0, 1, 0, 0
63217, 0, 1, 0, 1, 0, 0
63218, 0, 1, 0, 1, 0, 0
33189, 0, 1, 1, 0, 0, 0
33190, 0, 1, 1, 0, 0, 0
33191, 0, 1, 1, 0, 0, 0
63219, 1, 1, 1, 0, 1, 0
63220, 0, 1, 1, 0, 0, 0
21308, 2, 2, 2, 0, 2, 0
31277, 8, 5, 5, 0, 8, 0
55357, 5, 2, 2, 0, 4, 1
61678, 0, 1, 1, 0, 0, 0
61679, 0, 1, 1, 0, 0, 0
61680, 3, 1, 1, 0, 3, 0
61681, 19, 1, 1, 0, 14, 5
61682, 1, 1, 1, 0, 1, 0
61683, 0, 1, 1, 0, 0, 0
61684, 0, 1, 1, 0, 0, 0
61685, 0, 1, 1, 0, 0, 0
61686, 0, 1, 1, 0, 0, 0
61687, 0, 1, 1, 0, 0, 0
61688, 0, 1, 1, 0, 0, 0
61689, 0, 2, 2, 0, 0, 0
61690, 5, 1, 1, 0, 5, 0
61691, 0, 1, 1, 0, 0, 0
61692, 0, 2, 2, 0, 0, 0
61693, 2, 1, 1, 0, 2, 0
19827, 2, 0, 0, 0, 2, 0
19828, 0, 1, 1, 0, 0, 0
22064, 3, 1, 1, 0, 2, 1
19835, 1, 0, 0, 0, 1, 0
19838, 0, 1, 1, 0, 0, 0
23721, 0, 1, 1, 0, 0, 0
63317, 0, 1, 1, 0, 0, 0
19841, 6, 0, 0, 0, 6, 0
19842, 3, 0, 0, 0, 3, 0
19843, 1, 0, 0, 0, 1, 0
33307, 0, 1, 1, 0, 0, 0
33308, 2, 2, 2, 0, 2, 0
33309, 0, 1, 1, 0, 0, 0
33310, 1, 3, 3, 0, 1, 0
33311, 1, 1, 1, 0, 1, 0
33312, 0, 1, 1, 0, 0, 0
33313, 2, 2, 2, 0, 2, 0
33315, 0, 1, 0, 1, 0, 0
33316, 0, 2, 1, 1, 0, 0
33318, 0, 3, 1, 2, 0, 0
63318, 0, 1, 1, 0, 0, 0
59796, 0, 1, 1, 0, 0, 0
59797, 0, 1, 1, 0, 0, 0
59798, 1, 1, 1, 0, 1, 0
59799, 0, 1, 1, 0, 0, 0
46027, 3, 2, 2, 0, 3, 0
63319, 0, 1, 1, 0, 0, 0
63320, 19, 6, 6, 0, 19, 0
63321, 3, 3, 3, 0, 3, 0
19859, 0, 2, 2, 0, 0, 0
19862, 1, 0, 0, 0, 1, 0
19864, 26, 0, 0, 0, 11, 15
63322, 1, 1, 1, 0, 1, 0
33408, 0, 1, 1, 0, 0, 0
33409, 2, 1, 1, 0, 2, 0
33410, 0, 2, 2, 0, 0, 0
63323, 6, 2, 2, 0, 6, 0
63324, 0, 1, 1, 0, 0, 0
55360, 0, 3, 3, 0, 0, 0
63325, 0, 1, 1, 0, 0, 0
63326, 1, 1, 1, 0, 1, 0
63327, 1, 1, 1, 0, 1, 0
19886, 0, 1, 0, 1, 0, 0
33811, 1, 1, 1, 0, 1, 0
33812, 0, 1, 1, 0, 0, 0
34106, 27, 2, 2, 0, 27, 0
19888, 15, 1, 1, 0, 15, 0
19889, 6, 0, 0, 0, 6, 0
30360, 0, 3, 0, 3, 0, 0
63329, 0, 1, 0, 1, 0, 0
19891, 1, 0, 0, 0, 1, 0
58447, 2, 1, 1, 0, 2, 0
63330, 0, 1, 1, 0, 0, 0
19898, 4, 1, 1, 0, 4, 0
62542, 2, 1, 1, 0, 2, 0
19905, 0, 1, 1, 0, 0, 0
19906, 0, 1, 1, 0, 0, 0
19907, 14, 2, 2, 0, 6, 8
19910, 0, 3, 2, 1, 0, 0
19911, 4, 1, 1, 0, 4, 0
19912, 0, 1, 0, 1, 0, 0
19915, 0, 2, 1, 1, 0, 0
19917, 0, 1, 0, 1, 0, 0
19921, 1, 0, 0, 0, 1, 0
19922, 10, 0, 0, 0, 10, 0
19924, 0, 1, 1, 0, 0, 0
63339, 0, 2, 2, 0, 0, 0
63340, 2, 1, 1, 0, 2, 0
63341, 1, 2, 2, 0, 1, 0
63342, 2, 1, 1, 0, 2, 0
63343, 0, 1, 0, 1, 0, 0
19941, 2, 0, 0, 0, 2, 0
19943, 1, 0, 0, 0, 1, 0
19944, 2, 0, 0, 0, 2, 0
19948, 0, 1, 1, 0, 0, 0
19951, 0, 1, 1, 0, 0, 0
19953, 0, 1, 1, 0, 0, 0
19957, 0, 1, 0, 1, 0, 0
33171, 1, 3, 3, 0, 1, 0
54502, 4, 2, 2, 0, 4, 0
63353, 1, 1, 1, 0, 1, 0
46068, 0, 1, 1, 0, 0, 0
62017, 0, 2, 2, 0, 0, 0
63354, 0, 1, 1, 0, 0, 0
63355, 2, 1, 1, 0, 2, 0
63356, 0, 2, 1, 1, 0, 0
63357, 0, 2, 1, 1, 0, 0
24158, 0, 1, 1, 0, 0, 0
24159, 1, 4, 3, 1, 1, 0
24160, 1, 1, 1, 0, 1, 0
24161, 0, 1, 1, 0, 0, 0
24162, 0, 1, 1, 0, 0, 0
63371, 0, 1, 1, 0, 0, 0
23584, 0, 2, 2, 0, 0, 0
28268, 2, 1, 1, 0, 2, 0
41662, 0, 7, 7, 0, 0, 0
55687, 1, 1, 1, 0, 1, 0
34186, 0, 6, 3, 3, 0, 0
38277, 0, 3, 2, 1, 0, 0
38497, 0, 1, 1, 0, 0, 0
38502, 0, 2, 1, 1, 0, 0
38503, 0, 1, 0, 1, 0, 0
38504, 0, 1, 0, 1, 0, 0
38505, 0, 1, 0, 1, 0, 0
26210, 4, 1, 1, 0, 4, 0
54503, 0, 1, 1, 0, 0, 0
54505, 0, 1, 1, 0, 0, 0
54506, 1, 1, 1, 0, 1, 0
54507, 0, 1, 1, 0, 0, 0
20713, 13, 4, 3, 1, 13, 0
33206, 0, 2, 2, 0, 0, 0
34530, 0, 1, 1, 0, 0, 0
34535, 3, 1, 1, 0, 3, 0
45209, 3, 2, 2, 0, 2, 1
45210, 0, 2, 2, 0, 0, 0
37338, 0, 1, 1, 0, 0, 0
34831, 4, 3, 2, 1, 4, 0
34832, 0, 2, 2, 0, 0, 0
34833, 0, 1, 1, 0, 0, 0
34834, 2, 4, 4, 0, 2, 0
34835, 0, 1, 1, 0, 0, 0
34837, 0, 1, 1, 0, 0, 0
34838, 0, 3, 3, 0, 0, 0
34840, 0, 1, 1, 0, 0, 0
34841, 0, 1, 1, 0, 0, 0
34844, 0, 1, 1, 0, 0, 0
34845, 8, 1, 1, 0, 6, 2
34846, 0, 2, 2, 0, 0, 0
34847, 0, 1, 1, 0, 0, 0
34848, 0, 2, 2, 0, 0, 0
34850, 1, 1, 1, 0, 1, 0
34851, 0, 1, 1, 0, 0, 0
34853, 0, 1, 0, 1, 0, 0
34854, 0, 2, 0, 2, 0, 0
34855, 0, 1, 0, 1, 0, 0
34858, 1, 2, 1, 1, 1, 0
63372, 0, 2, 2, 0, 0, 0
42537, 1, 1, 1, 0, 1, 0
42539, 0, 2, 2, 0, 0, 0
42540, 1, 1, 1, 0, 1, 0
42543, 4, 3, 3, 0, 4, 0
42544, 0, 3, 3, 0, 0, 0
38488, 0, 1, 1, 0, 0, 0
61456, 2, 2, 2, 0, 2, 0
39110, 5, 3, 3, 0, 5, 0
39113, 6, 8, 8, 0, 6, 0
60963, 2, 2, 2, 0, 2, 0
63373, 6, 2, 2, 0, 6, 0
63374, 0, 1, 1, 0, 0, 0
63375, 0, 1, 1, 0, 0, 0
63376, 2, 2, 2, 0, 2, 0
45131, 0, 1, 1, 0, 0, 0
45132, 0, 1, 1, 0, 0, 0
45133, 0, 2, 2, 0, 0, 0
45134, 0, 1, 1, 0, 0, 0
43766, 0, 2, 2, 0, 0, 0
47106, 0, 1, 1, 0, 0, 0
47107, 0, 1, 1, 0, 0, 0
47108, 0, 1, 1, 0, 0, 0
47109, 0, 1, 1, 0, 0, 0
47110, 0, 1, 1, 0, 0, 0
47111, 0, 1, 1, 0, 0, 0
47113, 7, 1, 1, 0, 7, 0
47114, 0, 1, 1, 0, 0, 0
47115, 0, 1, 1, 0, 0, 0
63377, 1, 1, 1, 0, 1, 0
54071, 1, 3, 2, 1, 0, 1
61653, 0, 2, 2, 0, 0, 0
63378, 0, 2, 2, 0, 0, 0
63379, 0, 2, 2, 0, 0, 0
63380, 0, 1, 0, 1, 0, 0
63381, 9, 2, 1, 1, 8, 1
63382, 0, 1, 0, 1, 0, 0
63383, 0, 1, 0, 1, 0, 0
55006, 8, 2, 2, 0, 8, 0
55939, 14, 2, 2, 0, 13, 1
57920, 2, 2, 2, 0, 2, 0
57921, 0, 1, 1, 0, 0, 0
57922, 8, 1, 1, 0, 8, 0
57923, 0, 1, 1, 0, 0, 0
57924, 1, 1, 1, 0, 1, 0
57925, 0, 1, 1, 0, 0, 0
57926, 0, 1, 1, 0, 0, 0
63384, 1, 1, 1, 0, 1, 0
63385, 0, 1, 1, 0, 0, 0
47178, 0, 2, 2, 0, 0, 0
47180, 1, 1, 1, 0, 1, 0
47182, 0, 1, 1, 0, 0, 0
47183, 0, 1, 1, 0, 0, 0
47184, 23, 1, 1, 0, 17, 6
63386, 1, 1, 1, 0, 1, 0
30011, 0, 1, 1, 0, 0, 0
24664, 0, 1, 1, 0, 0, 0
54220, 5, 2, 2, 0, 5, 0
63387, 0, 1, 1, 0, 0, 0
27449, 0, 1, 1, 0, 0, 0
54392, 1, 1, 1, 0, 1, 0
54393, 0, 1, 1, 0, 0, 0
63388, 13, 1, 1, 0, 13, 0
54522, 10, 1, 1, 0, 10, 0
63389, 0, 1, 1, 0, 0, 0
35833, 29, 2, 2, 0, 29, 0
63390, 0, 1, 1, 0, 0, 0
63391, 0, 1, 1, 0, 0, 0
63392, 0, 1, 1, 0, 0, 0
63393, 0, 1, 1, 0, 0, 0
20108, 3, 0, 0, 0, 3, 0
34120, 0, 2, 2, 0, 0, 0
59408, 0, 1, 1, 0, 0, 0
59409, 0, 2, 2, 0, 0, 0
59410, 1, 3, 3, 0, 1, 0
59411, 0, 1, 1, 0, 0, 0
59412, 0, 1, 1, 0, 0, 0
59413, 0, 1, 0, 1, 0, 0
59414, 1, 1, 0, 1, 1, 0
20119, 0, 1, 1, 0, 0, 0
20120, 0, 1, 1, 0, 0, 0
20121, 0, 1, 1, 0, 0, 0
20123, 3, 1, 1, 0, 3, 0
20125, 3, 0, 0, 0, 2, 1
20126, 6, 0, 0, 0, 6, 0
20129, 0, 1, 1, 0, 0, 0
20131, 0, 2, 2, 0, 0, 0
20132, 7, 3, 1, 2, 0, 7
20133, 0, 1, 1, 0, 0, 0
20140, 0, 1, 1, 0, 0, 0
63447, 1, 1, 1, 0, 1, 0
58534, 2, 2, 2, 0, 2, 0
63450, 0, 1, 1, 0, 0, 0
44511, 0, 5, 1, 4, 0, 0
54401, 3, 4, 1, 3, 3, 0
58171, 0, 4, 4, 0, 0, 0
63451, 0, 1, 1, 0, 0, 0
63452, 0, 1, 1, 0, 0, 0
63453, 0, 2, 2, 0, 0, 0
63454, 0, 1, 1, 0, 0, 0
63455, 1, 1, 0, 1, 0, 1
63456, 0, 1, 0, 1, 0, 0
63457, 0, 2, 1, 1, 0, 0
63458, 0, 1, 0, 1, 0, 0
63459, 0, 1, 0, 1, 0, 0
63460, 0, 2, 0, 2, 0, 0
63461, 1, 1, 0, 1, 1, 0
63462, 0, 1, 1, 0, 0, 0
34023, 0, 3, 3, 0, 0, 0
63463, 0, 1, 1, 0, 0, 0
63464, 0, 1, 1, 0, 0, 0
23606, 31, 2, 2, 0, 17, 14
63465, 0, 1, 1, 0, 0, 0
63466, 0, 1, 1, 0, 0, 0
63467, 1, 1, 1, 0, 1, 0
63468, 0, 2, 2, 0, 0, 0
63469, 0, 3, 2, 1, 0, 0
20210, 1, 0, 0, 0, 1, 0
63470, 0, 1, 1, 0, 0, 0
55620, 4, 1, 1, 0, 4, 0
55621, 0, 2, 2, 0, 0, 0
20247, 4, 2, 1, 1, 4, 0
20252, 0, 3, 1, 2, 0, 0
20254, 0, 1, 0, 1, 0, 0
22385, 4, 1, 1, 0, 3, 1
22389, 4, 2, 2, 0, 4, 0
22390, 0, 1, 1, 0, 0, 0
22392, 0, 3, 3, 0, 0, 0
49825, 0, 1, 1, 0, 0, 0
63471, 0, 1, 1, 0, 0, 0
63472, 0, 7, 7, 0, 0, 0
63473, 4, 2, 2, 0, 4, 0
20264, 3, 0, 0, 0, 3, 0
20265, 1, 0, 0, 0, 1, 0
32634, 0, 1, 1, 0, 0, 0
32635, 1, 1, 1, 0, 1, 0
32636, 0, 1, 1, 0, 0, 0
63491, 4, 2, 2, 0, 3, 1
63492, 1, 1, 1, 0, 0, 1
63010, 4, 2, 1, 1, 4, 0
63493, 1, 1, 1, 0, 1, 0
20297, 2, 0, 0, 0, 2, 0
20300, 6, 2, 2, 0, 6, 0
20303, 11, 1, 1, 0, 7, 4
20305, 0, 1, 1, 0, 0, 0
20312, 0, 1, 0, 1, 0, 0
20314, 0, 1, 0, 1, 0, 0
20324, 0, 1, 0, 1, 0, 0
58277, 20, 3, 3, 0, 18, 2
63498, 13, 1, 1, 0, 13, 0
63499, 0, 1, 1, 0, 0, 0
63500, 1, 4, 2, 2, 0, 1
63501, 0, 1, 1, 0, 0, 0
63502, 0, 1, 1, 0, 0, 0
63503, 0, 1, 1, 0, 0, 0
63504, 0, 2, 2, 0, 0, 0
63505, 15, 3, 3, 0, 8, 7
63506, 0, 1, 1, 0, 0, 0
62544, 1, 2, 2, 0, 1, 0
62545, 2, 1, 1, 0, 2, 0
62546, 1, 1, 1, 0, 1, 0
62547, 0, 1, 1, 0, 0, 0
59829, 0, 1, 0, 1, 0, 0
63509, 1, 1, 1, 0, 1, 0
63510, 0, 1, 1, 0, 0, 0
43160, 3, 2, 2, 0, 3, 0
55185, 10, 4, 4, 0, 5, 5
63494, 2, 1, 1, 0, 1, 1
63495, 0, 1, 1, 0, 0, 0
63496, 1, 1, 1, 0, 0, 1
63497, 9, 1, 1, 0, 1, 8
33099, 0, 1, 1, 0, 0, 0
20329, 0, 1, 1, 0, 0, 0
20338, 1, 1, 1, 0, 1, 0
63511, 0, 1, 1, 0, 0, 0
63512, 2, 1, 1, 0, 2, 0
20345, 18, 0, 0, 0, 18, 0
20347, 11, 0, 0, 0, 11, 0
20350, 0, 1, 1, 0, 0, 0
20351, 0, 2, 2, 0, 0, 0
20353, 3, 1, 1, 0, 3, 0
63513, 0, 1, 1, 0, 0, 0
63514, 0, 1, 1, 0, 0, 0
20358, 1, 0, 0, 0, 1, 0
63515, 2, 2, 2, 0, 2, 0
63516, 2, 2, 2, 0, 2, 0
63517, 0, 1, 1, 0, 0, 0
63518, 0, 1, 1, 0, 0, 0
63519, 0, 1, 1, 0, 0, 0
20376, 4, 0, 0, 0, 4, 0
20377, 7, 0, 0, 0, 7, 0
20379, 24, 0, 0, 0, 21, 3
20385, 0, 1, 0, 1, 0, 0
63541, 2, 1, 1, 0, 2, 0
63542, 0, 1, 1, 0, 0, 0
20386, 5, 0, 0, 0, 1, 4
20387, 18, 0, 0, 0, 14, 4
20388, 0, 5, 5, 0, 0, 0
20399, 20, 0, 0, 0, 20, 0
55582, 3, 3, 3, 0, 3, 0
63543, 0, 6, 6, 0, 0, 0
20405, 2, 0, 0, 0, 2, 0
54154, 1, 1, 1, 0, 1, 0
20411, 7, 2, 0, 2, 7, 0
20412, 0, 1, 1, 0, 0, 0
20414, 0, 1, 1, 0, 0, 0
63555, 7, 1, 1, 0, 7, 0
63556, 1, 1, 1, 0, 1, 0
63557, 0, 1, 1, 0, 0, 0
63558, 0, 1, 1, 0, 0, 0
35006, 1, 1, 1, 0, 1, 0
35007, 0, 1, 0, 1, 0, 0
45669, 0, 1, 1, 0, 0, 0
63559, 0, 1, 0, 1, 0, 0
63560, 1, 1, 1, 0, 0, 1
63561, 0, 1, 1, 0, 0, 0
63562, 0, 1, 0, 1, 0, 0
63563, 1, 2, 2, 0, 1, 0
63564, 0, 1, 1, 0, 0, 0
63565, 0, 1, 1, 0, 0, 0
63566, 0, 2, 2, 0, 0, 0
63567, 1, 2, 1, 1, 1, 0
44868, 2, 1, 1, 0, 2, 0
63568, 1, 1, 1, 0, 1, 0
63569, 0, 1, 1, 0, 0, 0
63570, 0, 1, 1, 0, 0, 0
63571, 0, 1, 1, 0, 0, 0
63572, 8, 1, 1, 0, 1, 7
63573, 0, 1, 0, 1, 0, 0
63588, 0, 1, 1, 0, 0, 0
20495, 9, 2, 2, 0, 9, 0
20496, 1, 1, 1, 0, 1, 0
63589, 0, 1, 1, 0, 0, 0
20498, 6, 0, 0, 0, 6, 0
20499, 1, 1, 1, 0, 1, 0
20500, 0, 1, 1, 0, 0, 0
20501, 0, 1, 1, 0, 0, 0
20502, 0, 1, 1, 0, 0, 0
20503, 0, 1, 1, 0, 0, 0
20509, 6, 2, 2, 0, 6, 0
20510, 1, 1, 1, 0, 1, 0
20511, 0, 1, 1, 0, 0, 0
20513, 0, 1, 1, 0, 0, 0
20514, 0, 1, 1, 0, 0, 0
20515, 2, 0, 0, 0, 2, 0
63607, 0, 1, 1, 0, 0, 0
63608, 0, 1, 1, 0, 0, 0
23815, 0, 1, 1, 0, 0, 0
63600, 0, 1, 1, 0, 0, 0
63601, 0, 1, 1, 0, 0, 0
63609, 0, 1, 0, 1, 0, 0
63610, 0, 1, 0, 1, 0, 0
28801, 2, 1, 1, 0, 2, 0
55188, 0, 1, 1, 0, 0, 0
63611, 0, 1, 1, 0, 0, 0
63612, 0, 2, 2, 0, 0, 0
55566, 18, 2, 1, 1, 9, 9
62901, 0, 1, 1, 0, 0, 0
62902, 2, 2, 2, 0, 2, 0
62903, 0, 1, 0, 1, 0, 0
63613, 0, 2, 2, 0, 0, 0
63614, 5, 1, 1, 0, 5, 0
63615, 0, 2, 2, 0, 0, 0
63616, 0, 1, 1, 0, 0, 0
63617, 0, 1, 0, 1, 0, 0
63618, 3, 2, 2, 0, 2, 1
63619, 0, 1, 1, 0, 0, 0
63620, 0, 2, 2, 0, 0, 0
63621, 0, 1, 1, 0, 0, 0
63624, 0, 1, 0, 1, 0, 0
50031, 0, 1, 1, 0, 0, 0
50032, 0, 1, 1, 0, 0, 0
50033, 0, 1, 1, 0, 0, 0
50034, 5, 1, 1, 0, 5, 0
29661, 0, 3, 3, 0, 0, 0
46208, 0, 1, 1, 0, 0, 0
46209, 1, 1, 1, 0, 0, 1
46210, 0, 1, 1, 0, 0, 0
46211, 0, 1, 1, 0, 0, 0
46212, 0, 2, 1, 1, 0, 0
46213, 6, 1, 1, 0, 6, 0
46214, 0, 1, 1, 0, 0, 0
46215, 0, 2, 2, 0, 0, 0
63550, 2, 2, 2, 0, 1, 1
63551, 0, 1, 1, 0, 0, 0
63552, 2, 1, 1, 0, 2, 0
63553, 2, 1, 1, 0, 2, 0
63554, 0, 1, 0, 1, 0, 0
51017, 0, 1, 1, 0, 0, 0
51018, 0, 1, 1, 0, 0, 0
51019, 0, 1, 1, 0, 0, 0
51021, 0, 1, 1, 0, 0, 0
51022, 0, 1, 1, 0, 0, 0
51024, 0, 2, 1, 1, 0, 0
51025, 0, 1, 0, 1, 0, 0
63630, 0, 1, 1, 0, 0, 0
20598, 1, 0, 0, 0, 1, 0
20599, 4, 0, 0, 0, 4, 0
20603, 0, 1, 1, 0, 0, 0
63631, 19, 2, 1, 1, 6, 13
63632, 1, 1, 1, 0, 1, 0
63633, 2, 2, 2, 0, 2, 0
63634, 0, 2, 1, 1, 0, 0
60068, 38, 1, 1, 0, 38, 0
63635, 7, 1, 1, 0, 7, 0
63636, 0, 1, 0, 1, 0, 0
63637, 1, 1, 0, 1, 1, 0
63638, 0, 1, 0, 1, 0, 0
20607, 12, 0, 0, 0, 12, 0
20609, 0, 1, 1, 0, 0, 0
20610, 0, 1, 1, 0, 0, 0
20612, 28, 1, 1, 0, 28, 0
20613, 0, 2, 2, 0, 0, 0
20614, 0, 1, 1, 0, 0, 0
20616, 0, 1, 1, 0, 0, 0
20619, 6, 2, 2, 0, 5, 1
20620, 1, 1, 1, 0, 1, 0
20621, 0, 1, 1, 0, 0, 0
20624, 14, 0, 0, 0, 14, 0
63641, 1, 1, 1, 0, 1, 0
63642, 0, 4, 4, 0, 0, 0
20647, 7, 0, 0, 0, 6, 1
55514, 0, 2, 2, 0, 0, 0
55515, 3, 2, 2, 0, 3, 0
54088, 0, 2, 2, 0, 0, 0
54090, 0, 1, 1, 0, 0, 0
54091, 0, 2, 2, 0, 0, 0
54092, 2, 1, 1, 0, 2, 0
55399, 1, 2, 2, 0, 1, 0
63650, 2, 1, 1, 0, 2, 0
63651, 2, 3, 3, 0, 2, 0
63652, 0, 1, 1, 0, 0, 0
63653, 2, 2, 2, 0, 2, 0
63654, 1, 2, 2, 0, 1, 0
63655, 0, 1, 1, 0, 0, 0
63656, 0, 1, 1, 0, 0, 0
44464, 1, 2, 1, 1, 0, 1
63657, 0, 1, 1, 0, 0, 0
63658, 0, 2, 2, 0, 0, 0
55626, 4, 2, 2, 0, 4, 0
63659, 0, 1, 1, 0, 0, 0
63660, 0, 1, 1, 0, 0, 0
63661, 0, 1, 1, 0, 0, 0
63662, 1, 1, 1, 0, 1, 0
63663, 1, 3, 3, 0, 1, 0
63664, 1, 2, 2, 0, 1, 0
63665, 9, 5, 5, 0, 8, 1
63666, 4, 2, 2, 0, 4, 0
63667, 0, 1, 0, 1, 0, 0
63668, 0, 1, 1, 0, 0, 0
63669, 8, 2, 1, 1, 5, 3
63670, 0, 1, 1, 0, 0, 0
20702, 0, 5, 5, 0, 0, 0
20704, 5, 1, 1, 0, 5, 0
20712, 1, 2, 1, 1, 1, 0
63675, 0, 2, 2, 0, 0, 0
63676, 1, 1, 1, 0, 1, 0
53166, 8, 6, 6, 0, 7, 1
63677, 0, 1, 1, 0, 0, 0
63678, 0, 2, 2, 0, 0, 0
63679, 3, 6, 6, 0, 3, 0
63680, 9, 1, 1, 0, 7, 2
63681, 1, 3, 3, 0, 1, 0
20714, 0, 3, 3, 0, 0, 0
20715, 1, 1, 1, 0, 0, 1
20717, 2, 2, 2, 0, 2, 0
20718, 0, 1, 1, 0, 0, 0
20722, 5, 1, 1, 0, 4, 1
20723, 2, 0, 0, 0, 2, 0
59305, 4, 2, 2, 0, 4, 0
63684, 0, 2, 2, 0, 0, 0
63685, 1, 1, 1, 0, 1, 0
23773, 3, 2, 2, 0, 3, 0
23774, 5, 4, 3, 1, 4, 1
42474, 16, 2, 2, 0, 16, 0
61821, 3, 2, 2, 0, 3, 0
63686, 0, 3, 3, 0, 0, 0
63687, 0, 1, 1, 0, 0, 0
63688, 3, 1, 1, 0, 3, 0
63689, 2, 1, 1, 0, 2, 0
63690, 1, 2, 2, 0, 1, 0
63691, 0, 1, 1, 0, 0, 0
63692, 18, 2, 2, 0, 14, 4
63693, 0, 2, 2, 0, 0, 0
63694, 0, 1, 1, 0, 0, 0
63774, 0, 1, 1, 0, 0, 0
63775, 0, 1, 1, 0, 0, 0
63776, 1, 2, 2, 0, 1, 0
63777, 2, 2, 2, 0, 2, 0
63778, 1, 1, 1, 0, 1, 0
63779, 0, 1, 1, 0, 0, 0
63780, 0, 1, 1, 0, 0, 0
63781, 1, 1, 1, 0, 1, 0
63782, 1, 1, 1, 0, 1, 0
63783, 1, 1, 1, 0, 1, 0
21163, 2, 1, 1, 0, 2, 0
21165, 0, 2, 2, 0, 0, 0
63784, 0, 1, 1, 0, 0, 0
63785, 0, 1, 1, 0, 0, 0
63786, 0, 2, 2, 0, 0, 0
44362, 0, 1, 1, 0, 0, 0
44364, 1, 1, 1, 0, 0, 1
44365, 0, 1, 1, 0, 0, 0
44366, 0, 1, 1, 0, 0, 0
44367, 3, 1, 1, 0, 3, 0
44368, 0, 1, 0, 1, 0, 0
22993, 3, 2, 2, 0, 3, 0
33792, 1, 4, 4, 0, 1, 0
35572, 0, 1, 1, 0, 0, 0
35574, 0, 1, 1, 0, 0, 0
35575, 0, 1, 1, 0, 0, 0
39175, 1, 2, 1, 1, 0, 1
63787, 0, 1, 1, 0, 0, 0
63788, 0, 1, 1, 0, 0, 0
63789, 1, 1, 1, 0, 1, 0
52190, 14, 2, 2, 0, 0, 14
63790, 0, 1, 1, 0, 0, 0
63791, 0, 1, 1, 0, 0, 0
63792, 0, 1, 1, 0, 0, 0
63793, 0, 1, 1, 0, 0, 0
63794, 0, 1, 1, 0, 0, 0
44851, 0, 1, 1, 0, 0, 0
44852, 0, 1, 1, 0, 0, 0
44853, 0, 2, 2, 0, 0, 0
63795, 1, 2, 2, 0, 0, 1
35598, 0, 1, 1, 0, 0, 0
35599, 0, 1, 1, 0, 0, 0
35603, 0, 1, 1, 0, 0, 0
35604, 0, 2, 1, 1, 0, 0
20790, 2, 0, 0, 0, 2, 0
20791, 0, 1, 1, 0, 0, 0
20792, 1, 0, 0, 0, 1, 0
63796, 0, 2, 1, 1, 0, 0
63797, 0, 1, 1, 0, 0, 0
63798, 0, 2, 2, 0, 0, 0
58690, 0, 1, 0, 1, 0, 0
63799, 0, 1, 1, 0, 0, 0
36529, 0, 2, 0, 2, 0, 0
46345, 0, 3, 2, 1, 0, 0
61316, 0, 3, 1, 2, 0, 0
63800, 0, 2, 1, 1, 0, 0
63801, 0, 1, 0, 1, 0, 0
63802, 0, 1, 0, 1, 0, 0
63803, 0, 1, 0, 1, 0, 0
63804, 0, 1, 0, 1, 0, 0
63805, 0, 1, 0, 1, 0, 0
63806, 2, 1, 0, 1, 2, 0
63807, 0, 1, 0, 1, 0, 0
63808, 0, 1, 0, 1, 0, 0
63809, 3, 1, 0, 1, 3, 0
63810, 0, 1, 0, 1, 0, 0
63811, 0, 1, 0, 1, 0, 0
63812, 4, 1, 0, 1, 4, 0
63813, 0, 1, 0, 1, 0, 0
63814, 1, 2, 1, 1, 1, 0
63815, 1, 1, 0, 1, 1, 0
63816, 0, 1, 0, 1, 0, 0
63817, 0, 2, 2, 0, 0, 0
63818, 1, 1, 1, 0, 1, 0
44855, 0, 1, 1, 0, 0, 0
63819, 0, 1, 1, 0, 0, 0
20822, 4, 0, 0, 0, 4, 0
20825, 10, 0, 0, 0, 9, 1
63820, 1, 1, 1, 0, 1, 0
54391, 0, 6, 6, 0, 0, 0
20833, 2, 0, 0, 0, 2, 0
27955, 1, 1, 1, 0, 1, 0
27956, 0, 1, 1, 0, 0, 0
27957, 0, 1, 1, 0, 0, 0
27959, 0, 4, 2, 2, 0, 0
20842, 6, 0, 0, 0, 6, 0
63827, 0, 2, 2, 0, 0, 0
63828, 0, 1, 1, 0, 0, 0
63829, 0, 1, 1, 0, 0, 0
63830, 0, 3, 3, 0, 0, 0
63831, 5, 2, 2, 0, 5, 0
63832, 0, 3, 3, 0, 0, 0
36828, 0, 3, 3, 0, 0, 0
63833, 0, 1, 1, 0, 0, 0
29959, 0, 3, 3, 0, 0, 0
63834, 0, 1, 1, 0, 0, 0
20870, 2, 1, 1, 0, 2, 0
63835, 3, 3, 3, 0, 3, 0
63836, 2, 2, 2, 0, 2, 0
63837, 0, 1, 1, 0, 0, 0
63838, 2, 2, 2, 0, 2, 0
63839, 0, 5, 5, 0, 0, 0
20872, 10, 0, 0, 0, 10, 0
20873, 8, 1, 1, 0, 7, 1
20874, 3, 0, 0, 0, 3, 0
34275, 0, 5, 5, 0, 0, 0
63844, 11, 1, 1, 0, 3, 8
63845, 2, 1, 1, 0, 2, 0
63846, 0, 1, 1, 0, 0, 0
20878, 11, 2, 1, 1, 9, 2
20881, 4, 2, 1, 1, 0, 4
63850, 1, 1, 0, 1, 1, 0
54114, 0, 2, 2, 0, 0, 0
20888, 0, 1, 0, 1, 0, 0
62320, 0, 1, 1, 0, 0, 0
62321, 0, 1, 1, 0, 0, 0
62322, 0, 1, 1, 0, 0, 0
39245, 0, 1, 1, 0, 0, 0
38728, 0, 1, 1, 0, 0, 0
38730, 0, 1, 1, 0, 0, 0
63851, 0, 1, 1, 0, 0, 0
43782, 6, 1, 1, 0, 6, 0
63852, 0, 1, 1, 0, 0, 0
63853, 0, 1, 0, 1, 0, 0
63854, 0, 2, 1, 1, 0, 0
63855, 0, 1, 1, 0, 0, 0
63856, 0, 1, 1, 0, 0, 0
63857, 0, 2, 1, 1, 0, 0
32710, 0, 3, 3, 0, 0, 0
57132, 3, 1, 1, 0, 3, 0
57133, 1, 1, 1, 0, 1, 0
63858, 0, 1, 1, 0, 0, 0
63859, 0, 1, 1, 0, 0, 0
63860, 0, 1, 1, 0, 0, 0
63861, 0, 1, 1, 0, 0, 0
55262, 0, 1, 1, 0, 0, 0
55263, 0, 1, 1, 0, 0, 0
55264, 0, 2, 2, 0, 0, 0
55265, 0, 1, 1, 0, 0, 0
20964, 6, 2, 2, 0, 6, 0
63862, 2, 1, 1, 0, 2, 0
63863, 0, 1, 1, 0, 0, 0
63864, 2, 1, 1, 0, 2, 0
57970, 1, 2, 2, 0, 1, 0
57971, 0, 1, 1, 0, 0, 0
57972, 0, 1, 1, 0, 0, 0
49419, 1, 3, 3, 0, 1, 0
59314, 0, 3, 2, 1, 0, 0
39115, 14, 8, 8, 0, 14, 0
54098, 0, 2, 2, 0, 0, 0
57899, 3, 1, 0, 1, 1, 2
20974, 2, 0, 0, 0, 2, 0
44671, 4, 1, 1, 0, 4, 0
59933, 0, 1, 1, 0, 0, 0
59934, 0, 2, 2, 0, 0, 0
59935, 0, 1, 1, 0, 0, 0
56124, 0, 1, 1, 0, 0, 0
56125, 1, 1, 1, 0, 1, 0
56126, 0, 1, 1, 0, 0, 0
56127, 1, 1, 1, 0, 1, 0
56128, 2, 3, 2, 1, 2, 0
63865, 1, 1, 1, 0, 1, 0
55567, 0, 1, 1, 0, 0, 0
63866, 0, 1, 0, 1, 0, 0
63363, 1, 3, 3, 0, 1, 0
63364, 2, 1, 1, 0, 1, 1
63365, 0, 1, 1, 0, 0, 0
63366, 0, 1, 1, 0, 0, 0
63367, 2, 1, 1, 0, 2, 0
31150, 32, 3, 2, 1, 6, 26
63867, 9, 3, 3, 0, 6, 3
63868, 0, 1, 0, 1, 0, 0
45200, 3, 2, 2, 0, 3, 0
63869, 1, 1, 1, 0, 1, 0
63870, 2, 1, 1, 0, 2, 0
61195, 5, 2, 2, 0, 4, 1
61196, 12, 1, 1, 0, 11, 1
56805, 0, 1, 1, 0, 0, 0
56806, 0, 1, 1, 0, 0, 0
56807, 0, 1, 1, 0, 0, 0
56808, 0, 1, 0, 1, 0, 0
63871, 0, 1, 1, 0, 0, 0
21048, 1, 0, 0, 0, 1, 0
21051, 0, 2, 2, 0, 0, 0
21054, 1, 1, 1, 0, 1, 0
21056, 3, 2, 2, 0, 3, 0
21057, 0, 1, 1, 0, 0, 0
21060, 0, 1, 0, 1, 0, 0
45042, 3, 2, 2, 0, 3, 0
63872, 0, 2, 2, 0, 0, 0
63873, 0, 2, 2, 0, 0, 0
63874, 0, 1, 1, 0, 0, 0
63875, 1, 1, 1, 0, 1, 0
61056, 0, 1, 1, 0, 0, 0
21084, 3, 1, 0, 1, 2, 1
63879, 0, 1, 1, 0, 0, 0
63883, 3, 1, 0, 1, 0, 3
21112, 0, 1, 1, 0, 0, 0
21117, 0, 2, 2, 0, 0, 0
21118, 50, 1, 0, 1, 50, 0
21122, 0, 2, 1, 1, 0, 0
21123, 0, 1, 0, 1, 0, 0
21129, 0, 4, 0, 4, 0, 0
21130, 0, 2, 0, 2, 0, 0
21132, 2, 1, 0, 1, 1, 1
54331, 0, 1, 1, 0, 0, 0
54332, 0, 1, 1, 0, 0, 0
54333, 10, 2, 2, 0, 9, 1
54334, 0, 1, 1, 0, 0, 0
63886, 0, 1, 1, 0, 0, 0
21134, 0, 1, 1, 0, 0, 0
21135, 1, 1, 1, 0, 1, 0
21136, 0, 1, 1, 0, 0, 0
21137, 0, 1, 1, 0, 0, 0
21143, 2, 0, 0, 0, 1, 1
21144, 19, 0, 0, 0, 19, 0
35866, 2, 2, 2, 0, 2, 0
63887, 0, 1, 1, 0, 0, 0
55032, 0, 1, 1, 0, 0, 0
55033, 0, 1, 1, 0, 0, 0
55034, 0, 1, 1, 0, 0, 0
21160, 2, 0, 0, 0, 2, 0
21161, 11, 0, 0, 0, 10, 1
21162, 0, 1, 1, 0, 0, 0
63888, 0, 2, 2, 0, 0, 0
21166, 2, 0, 0, 0, 2, 0
63889, 0, 4, 4, 0, 0, 0
44629, 0, 2, 2, 0, 0, 0
54600, 4, 1, 1, 0, 4, 0
58179, 0, 2, 2, 0, 0, 0
58180, 0, 2, 2, 0, 0, 0
58181, 0, 1, 1, 0, 0, 0
58182, 0, 1, 0, 1, 0, 0
63891, 0, 1, 1, 0, 0, 0
63892, 1, 1, 1, 0, 1, 0
21198, 10, 0, 0, 0, 10, 0
63895, 0, 1, 1, 0, 0, 0
63445, 0, 1, 1, 0, 0, 0
63446, 1, 1, 1, 0, 1, 0
21202, 1, 1, 1, 0, 1, 0
21203, 5, 0, 0, 0, 5, 0
63897, 1, 1, 1, 0, 1, 0
63898, 0, 1, 1, 0, 0, 0
62910, 0, 1, 0, 1, 0, 0
63899, 0, 1, 1, 0, 0, 0
63900, 0, 1, 1, 0, 0, 0
63901, 2, 1, 1, 0, 2, 0
63902, 0, 3, 3, 0, 0, 0
21231, 0, 2, 2, 0, 0, 0
21233, 0, 1, 1, 0, 0, 0
21235, 0, 2, 2, 0, 0, 0
21236, 12, 0, 0, 0, 9, 3
21237, 0, 6, 6, 0, 0, 0
21239, 0, 1, 1, 0, 0, 0
21241, 0, 3, 1, 2, 0, 0
31285, 1, 1, 1, 0, 1, 0
31287, 0, 2, 2, 0, 0, 0
31291, 0, 1, 1, 0, 0, 0
31296, 0, 2, 0, 2, 0, 0
63918, 2, 2, 2, 0, 2, 0
63919, 2, 1, 1, 0, 2, 0
60589, 0, 1, 1, 0, 0, 0
60590, 0, 1, 1, 0, 0, 0
60591, 0, 1, 1, 0, 0, 0
60592, 0, 2, 1, 1, 0, 0
63920, 1, 1, 1, 0, 1, 0
21272, 2, 1, 1, 0, 2, 0
63921, 0, 1, 1, 0, 0, 0
59940, 0, 1, 1, 0, 0, 0
59941, 0, 1, 1, 0, 0, 0
63922, 1, 1, 1, 0, 1, 0
63931, 0, 2, 2, 0, 0, 0
63932, 0, 2, 1, 1, 0, 0
63933, 0, 1, 1, 0, 0, 0
63934, 0, 1, 1, 0, 0, 0
63935, 0, 1, 1, 0, 0, 0
63936, 0, 1, 0, 1, 0, 0
63937, 0, 1, 0, 1, 0, 0
21286, 5, 0, 0, 0, 3, 2
21288, 0, 1, 0, 1, 0, 0
63938, 0, 2, 2, 0, 0, 0
21295, 2, 0, 0, 0, 2, 0
21296, 9, 0, 0, 0, 7, 2
21298, 0, 2, 1, 1, 0, 0
21301, 0, 1, 1, 0, 0, 0
21307, 0, 1, 1, 0, 0, 0
21309, 0, 1, 1, 0, 0, 0
21310, 0, 1, 1, 0, 0, 0
21311, 0, 2, 2, 0, 0, 0
21318, 0, 2, 2, 0, 0, 0
44173, 0, 1, 1, 0, 0, 0
63939, 1, 1, 1, 0, 1, 0
24977, 4, 1, 1, 0, 4, 0
24981, 0, 1, 1, 0, 0, 0
24983, 5, 2, 2, 0, 5, 0
50434, 0, 1, 1, 0, 0, 0
21322, 0, 1, 1, 0, 0, 0
63940, 0, 1, 0, 1, 0, 0
21325, 1, 0, 0, 0, 1, 0
21326, 11, 1, 1, 0, 11, 0
21327, 0, 6, 6, 0, 0, 0
21328, 2, 0, 0, 0, 2, 0
29432, 21, 2, 1, 1, 18, 3
63956, 0, 1, 1, 0, 0, 0
63957, 0, 2, 2, 0, 0, 0
63958, 1, 1, 1, 0, 1, 0
63959, 1, 1, 0, 1, 1, 0
63960, 0, 1, 0, 1, 0, 0
24014, 0, 1, 1, 0, 0, 0
21336, 3, 0, 0, 0, 3, 0
63974, 3, 1, 1, 0, 0, 3
54732, 31, 2, 0, 2, 12, 19
61186, 13, 1, 1, 0, 9, 4
63975, 0, 1, 1, 0, 0, 0
63976, 0, 1, 0, 1, 0, 0
63977, 0, 1, 1, 0, 0, 0
21347, 1, 1, 1, 0, 1, 0
21348, 2, 2, 2, 0, 1, 1
21351, 0, 2, 2, 0, 0, 0
21353, 5, 1, 1, 0, 5, 0
21356, 0, 2, 2, 0, 0, 0
55758, 0, 1, 1, 0, 0, 0
55759, 0, 1, 1, 0, 0, 0
30458, 0, 4, 2, 2, 0, 0
50197, 0, 1, 1, 0, 0, 0
50200, 0, 1, 1, 0, 0, 0
50201, 0, 1, 1, 0, 0, 0
44603, 3, 1, 1, 0, 3, 0
54243, 0, 2, 2, 0, 0, 0
63979, 0, 1, 1, 0, 0, 0
63980, 0, 1, 1, 0, 0, 0
63981, 0, 1, 1, 0, 0, 0
62608, 1, 3, 1, 2, 1, 0
63982, 0, 1, 1, 0, 0, 0
63983, 0, 1, 0, 1, 0, 0
63984, 2, 2, 0, 2, 1, 1
63985, 3, 1, 0, 1, 0, 3
21366, 0, 1, 1, 0, 0, 0
21367, 2, 1, 1, 0, 2, 0
21368, 9, 6, 6, 0, 8, 1
21371, 3, 3, 3, 0, 3, 0
22395, 2, 3, 3, 0, 2, 0
22396, 0, 3, 3, 0, 0, 0
63990, 0, 1, 1, 0, 0, 0
63991, 0, 1, 1, 0, 0, 0
63761, 2, 2, 2, 0, 2, 0
63762, 0, 1, 1, 0, 0, 0
23123, 0, 4, 3, 1, 0, 0
46368, 0, 1, 1, 0, 0, 0
46370, 0, 2, 2, 0, 0, 0
46374, 0, 2, 2, 0, 0, 0
46375, 0, 2, 2, 0, 0, 0
46376, 1, 1, 1, 0, 1, 0
46378, 0, 1, 1, 0, 0, 0
46379, 0, 1, 1, 0, 0, 0
46380, 0, 1, 1, 0, 0, 0
46381, 2, 2, 2, 0, 2, 0
46382, 0, 1, 1, 0, 0, 0
34319, 51, 1, 0, 1, 13, 38
54261, 2, 2, 0, 2, 2, 0
63992, 0, 1, 1, 0, 0, 0
63993, 0, 1, 0, 1, 0, 0
63994, 0, 1, 0, 1, 0, 0
63995, 0, 1, 0, 1, 0, 0
63996, 0, 1, 0, 1, 0, 0
63997, 0, 1, 0, 1, 0, 0
63998, 0, 1, 0, 1, 0, 0
63999, 1, 1, 1, 0, 1, 0
64000, 0, 1, 1, 0, 0, 0
64001, 0, 1, 1, 0, 0, 0
49427, 5, 1, 1, 0, 5, 0
49428, 0, 2, 2, 0, 0, 0
49429, 0, 1, 0, 1, 0, 0
49431, 1, 1, 0, 1, 1, 0
49432, 2, 1, 0, 1, 2, 0
49433, 0, 3, 2, 1, 0, 0
49434, 0, 1, 0, 1, 0, 0
49435, 0, 1, 0, 1, 0, 0
49436, 0, 1, 0, 1, 0, 0
49437, 0, 1, 0, 1, 0, 0
49438, 0, 1, 0, 1, 0, 0
49439, 0, 1, 0, 1, 0, 0
49440, 0, 1, 0, 1, 0, 0
49441, 0, 2, 1, 1, 0, 0
49442, 0, 1, 0, 1, 0, 0
49443, 0, 1, 0, 1, 0, 0
49444, 3, 1, 0, 1, 0, 3
49445, 0, 2, 1, 1, 0, 0
49446, 0, 1, 0, 1, 0, 0
49447, 0, 1, 0, 1, 0, 0
49449, 0, 1, 0, 1, 0, 0
49450, 0, 1, 0, 1, 0, 0
64002, 0, 1, 1, 0, 0, 0
64003, 0, 1, 0, 1, 0, 0
33875, 1, 2, 1, 1, 1, 0
64004, 0, 1, 0, 1, 0, 0
64005, 0, 1, 1, 0, 0, 0
64006, 1, 1, 1, 0, 0, 1
64007, 1, 1, 1, 0, 1, 0
64008, 0, 1, 1, 0, 0, 0
64009, 0, 2, 2, 0, 0, 0
64010, 14, 1, 1, 0, 13, 1
29843, 0, 1, 1, 0, 0, 0
29442, 69, 2, 1, 1, 48, 21
61189, 0, 3, 3, 0, 0, 0
61190, 1, 2, 2, 0, 1, 0
61191, 0, 1, 1, 0, 0, 0
59458, 0, 2, 1, 1, 0, 0
64011, 1, 1, 1, 0, 1, 0
34706, 0, 1, 1, 0, 0, 0
34708, 0, 1, 1, 0, 0, 0
64012, 3, 2, 2, 0, 2, 1
45163, 0, 2, 2, 0, 0, 0
64013, 0, 1, 1, 0, 0, 0
39075, 0, 2, 1, 1, 0, 0
48132, 3, 1, 1, 0, 2, 1
48133, 0, 1, 1, 0, 0, 0
48137, 1, 1, 1, 0, 1, 0
48138, 3, 2, 2, 0, 2, 1
48139, 0, 3, 2, 1, 0, 0
48140, 1, 2, 1, 1, 1, 0
48141, 0, 1, 0, 1, 0, 0
48142, 0, 2, 1, 1, 0, 0
48143, 0, 1, 0, 1, 0, 0
48144, 0, 1, 0, 1, 0, 0
64014, 0, 1, 1, 0, 0, 0
64015, 0, 1, 1, 0, 0, 0
64016, 0, 1, 1, 0, 0, 0
64017, 0, 1, 1, 0, 0, 0
64018, 0, 1, 0, 1, 0, 0
64019, 0, 1, 1, 0, 0, 0
32765, 7, 4, 4, 0, 7, 0
37566, 7, 2, 2, 0, 6, 1
37569, 0, 1, 1, 0, 0, 0
37570, 0, 1, 1, 0, 0, 0
37572, 1, 1, 1, 0, 0, 1
37576, 0, 1, 1, 0, 0, 0
37580, 0, 1, 1, 0, 0, 0
37581, 1, 1, 1, 0, 0, 1
37586, 0, 1, 1, 0, 0, 0
21498, 0, 1, 0, 1, 0, 0
21503, 0, 1, 0, 1, 0, 0
64021, 0, 2, 1, 1, 0, 0
21505, 9, 0, 0, 0, 7, 2
21507, 0, 2, 2, 0, 0, 0
64022, 0, 1, 1, 0, 0, 0
64023, 0, 1, 1, 0, 0, 0
64024, 0, 1, 1, 0, 0, 0
64025, 0, 1, 1, 0, 0, 0
64026, 0, 1, 1, 0, 0, 0
64027, 0, 1, 1, 0, 0, 0
64028, 0, 1, 1, 0, 0, 0
64029, 0, 1, 1, 0, 0, 0
64030, 0, 1, 1, 0, 0, 0
64031, 0, 1, 1, 0, 0, 0
64032, 0, 1, 1, 0, 0, 0
64033, 0, 1, 1, 0, 0, 0
64034, 0, 1, 0, 1, 0, 0
64035, 0, 1, 0, 1, 0, 0
21508, 25, 1, 1, 0, 24, 1
21510, 0, 1, 1, 0, 0, 0
21511, 0, 1, 1, 0, 0, 0
49412, 0, 2, 2, 0, 0, 0
64036, 0, 1, 1, 0, 0, 0
64037, 0, 1, 1, 0, 0, 0
64038, 0, 1, 1, 0, 0, 0
64039, 0, 1, 0, 1, 0, 0
32703, 0, 4, 0, 4, 0, 0
34338, 0, 2, 0, 2, 0, 0
34378, 0, 3, 3, 0, 0, 0
34722, 0, 2, 0, 2, 0, 0
35042, 0, 1, 1, 0, 0, 0
35044, 0, 1, 1, 0, 0, 0
35045, 0, 1, 1, 0, 0, 0
35046, 0, 1, 1, 0, 0, 0
35047, 0, 2, 2, 0, 0, 0
35050, 0, 1, 0, 1, 0, 0
35052, 0, 1, 0, 1, 0, 0
35054, 0, 1, 0, 1, 0, 0
35057, 0, 1, 0, 1, 0, 0
25627, 0, 2, 2, 0, 0, 0
29512, 0, 2, 0, 2, 0, 0
33109, 0, 2, 0, 2, 0, 0
38458, 0, 3, 1, 2, 0, 0
55945, 0, 2, 1, 1, 0, 0
59754, 1, 1, 0, 1, 1, 0
61649, 8, 2, 2, 0, 8, 0
64040, 0, 1, 1, 0, 0, 0
64041, 0, 1, 1, 0, 0, 0
64042, 0, 1, 1, 0, 0, 0
64043, 1, 1, 1, 0, 0, 1
64044, 0, 4, 2, 2, 0, 0
64045, 0, 1, 0, 1, 0, 0
64046, 2, 2, 0, 2, 2, 0
64047, 0, 1, 0, 1, 0, 0
64048, 0, 1, 0, 1, 0, 0
64049, 0, 1, 0, 1, 0, 0
64050, 0, 1, 0, 1, 0, 0
64051, 0, 1, 0, 1, 0, 0
64052, 0, 1, 0, 1, 0, 0
64053, 0, 1, 0, 1, 0, 0
64054, 0, 1, 0, 1, 0, 0
64055, 0, 1, 0, 1, 0, 0
64056, 0, 1, 0, 1, 0, 0
64057, 0, 1, 0, 1, 0, 0
64058, 0, 1, 0, 1, 0, 0
64059, 0, 1, 0, 1, 0, 0
64060, 0, 2, 0, 2, 0, 0
64061, 0, 2, 0, 2, 0, 0
64062, 0, 3, 1, 2, 0, 0
64063, 0, 1, 0, 1, 0, 0
64064, 0, 2, 1, 1, 0, 0
64065, 0, 1, 0, 1, 0, 0
64066, 0, 1, 0, 1, 0, 0
64067, 0, 1, 0, 1, 0, 0
64068, 4, 1, 0, 1, 0, 4
64069, 0, 2, 1, 1, 0, 0
30270, 0, 2, 0, 2, 0, 0
35414, 0, 3, 0, 3, 0, 0
35416, 0, 2, 1, 1, 0, 0
64070, 0, 1, 0, 1, 0, 0
64082, 0, 1, 1, 0, 0, 0
25705, 3, 1, 1, 0, 3, 0
54370, 0, 1, 1, 0, 0, 0
54371, 0, 1, 1, 0, 0, 0
21542, 1, 0, 0, 0, 1, 0
23925, 0, 3, 3, 0, 0, 0
29114, 0, 1, 1, 0, 0, 0
29115, 1, 1, 1, 0, 1, 0
29116, 0, 1, 1, 0, 0, 0
29118, 0, 2, 2, 0, 0, 0
29121, 1, 1, 1, 0, 1, 0
29124, 19, 2, 2, 0, 19, 0
29125, 0, 2, 2, 0, 0, 0
29126, 0, 1, 1, 0, 0, 0
29127, 0, 1, 1, 0, 0, 0
29132, 0, 1, 1, 0, 0, 0
64083, 0, 2, 2, 0, 0, 0
64084, 15, 1, 1, 0, 11, 4
64085, 3, 1, 1, 0, 3, 0
64086, 7, 2, 2, 0, 7, 0
64087, 0, 1, 1, 0, 0, 0
64088, 0, 1, 1, 0, 0, 0
64100, 1, 1, 1, 0, 1, 0
21855, 0, 2, 1, 1, 0, 0
61831, 0, 2, 2, 0, 0, 0
61832, 0, 1, 0, 1, 0, 0
61833, 0, 1, 0, 1, 0, 0
61834, 5, 2, 0, 2, 4, 1
61835, 7, 2, 1, 1, 0, 7
61836, 3, 1, 0, 1, 3, 0
21573, 19, 1, 1, 0, 19, 0
21576, 0, 2, 2, 0, 0, 0
21578, 0, 1, 1, 0, 0, 0
21579, 0, 1, 1, 0, 0, 0
64103, 4, 3, 3, 0, 4, 0
64104, 0, 1, 1, 0, 0, 0
64105, 1, 1, 1, 0, 1, 0
64106, 2, 1, 1, 0, 0, 2
64107, 0, 1, 1, 0, 0, 0
64108, 0, 2, 2, 0, 0, 0
44945, 7, 1, 1, 0, 7, 0
64074, 1, 1, 1, 0, 1, 0
45616, 1, 2, 2, 0, 1, 0
45617, 0, 2, 1, 1, 0, 0
45619, 0, 1, 0, 1, 0, 0
63534, 1, 2, 2, 0, 1, 0
63535, 0, 1, 1, 0, 0, 0
63536, 0, 1, 1, 0, 0, 0
63537, 0, 1, 1, 0, 0, 0
63538, 0, 1, 1, 0, 0, 0
64109, 0, 1, 1, 0, 0, 0
64110, 0, 1, 1, 0, 0, 0
54571, 0, 2, 2, 0, 0, 0
54572, 0, 1, 1, 0, 0, 0
54573, 0, 1, 1, 0, 0, 0
54574, 0, 2, 2, 0, 0, 0
54575, 0, 1, 1, 0, 0, 0
29649, 5, 1, 1, 0, 4, 1
29650, 0, 2, 2, 0, 0, 0
29651, 33, 2, 2, 0, 31, 2
29652, 1, 1, 1, 0, 0, 1
29653, 5, 2, 2, 0, 4, 1
29656, 0, 2, 2, 0, 0, 0
29663, 0, 2, 2, 0, 0, 0
34516, 14, 1, 1, 0, 11, 3
34517, 0, 1, 1, 0, 0, 0
34518, 0, 1, 1, 0, 0, 0
35887, 0, 1, 1, 0, 0, 0
35888, 0, 1, 1, 0, 0, 0
25189, 2, 1, 1, 0, 2, 0
25190, 0, 2, 1, 1, 0, 0
25194, 0, 1, 0, 1, 0, 0
25198, 0, 2, 0, 2, 0, 0
29330, 0, 2, 1, 1, 0, 0
64111, 0, 1, 1, 0, 0, 0
64112, 0, 1, 1, 0, 0, 0
64113, 1, 1, 1, 0, 1, 0
35143, 1, 1, 1, 0, 1, 0
35144, 0, 1, 1, 0, 0, 0
35145, 0, 1, 1, 0, 0, 0
35147, 0, 2, 1, 1, 0, 0
35149, 0, 2, 2, 0, 0, 0
35150, 0, 2, 2, 0, 0, 0
35151, 0, 1, 1, 0, 0, 0
35152, 0, 2, 2, 0, 0, 0
35153, 5, 4, 3, 1, 2, 3
35155, 0, 1, 1, 0, 0, 0
35156, 0, 1, 1, 0, 0, 0
35157, 0, 1, 1, 0, 0, 0
35158, 0, 1, 1, 0, 0, 0
35159, 0, 1, 1, 0, 0, 0
35160, 0, 1, 1, 0, 0, 0
35163, 0, 1, 1, 0, 0, 0
35165, 0, 1, 1, 0, 0, 0
35166, 4, 1, 1, 0, 4, 0
35168, 0, 1, 1, 0, 0, 0
35169, 0, 1, 1, 0, 0, 0
35170, 0, 1, 1, 0, 0, 0
35171, 0, 1, 1, 0, 0, 0
35174, 0, 1, 1, 0, 0, 0
57522, 0, 1, 1, 0, 0, 0
57523, 1, 2, 2, 0, 1, 0
57524, 4, 1, 1, 0, 3, 1
64114, 4, 2, 2, 0, 4, 0
64115, 0, 1, 1, 0, 0, 0
64116, 0, 1, 1, 0, 0, 0
64117, 0, 1, 1, 0, 0, 0
59101, 0, 1, 1, 0, 0, 0
38372, 0, 1, 1, 0, 0, 0
22965, 0, 2, 0, 2, 0, 0
64127, 0, 1, 1, 0, 0, 0
64128, 0, 1, 0, 1, 0, 0
64129, 1, 2, 1, 1, 1, 0
64130, 0, 1, 0, 1, 0, 0
64131, 0, 2, 1, 1, 0, 0
64132, 0, 1, 0, 1, 0, 0
64133, 0, 1, 0, 1, 0, 0
64134, 0, 1, 0, 1, 0, 0
64135, 0, 1, 0, 1, 0, 0
64136, 1, 1, 1, 0, 1, 0
64137, 0, 1, 0, 1, 0, 0
64138, 0, 1, 0, 1, 0, 0
64139, 0, 1, 0, 1, 0, 0
64140, 1, 1, 0, 1, 1, 0
64141, 0, 1, 0, 1, 0, 0
24915, 0, 3, 1, 2, 0, 0
24917, 0, 1, 1, 0, 0, 0
24919, 0, 1, 1, 0, 0, 0
24930, 0, 1, 0, 1, 0, 0
24933, 0, 3, 0, 3, 0, 0
24934, 0, 1, 0, 1, 0, 0
21627, 3, 0, 0, 0, 3, 0
29376, 0, 2, 2, 0, 0, 0
62251, 24, 2, 2, 0, 17, 7
64144, 0, 2, 2, 0, 0, 0
64145, 0, 2, 2, 0, 0, 0
21634, 3, 0, 0, 0, 3, 0
40366, 1, 3, 3, 0, 1, 0
59076, 9, 3, 3, 0, 9, 0
59630, 0, 1, 1, 0, 0, 0
59631, 7, 5, 5, 0, 7, 0
59632, 2, 1, 1, 0, 2, 0
59633, 0, 1, 1, 0, 0, 0
59634, 1, 1, 1, 0, 0, 1
59635, 0, 1, 0, 1, 0, 0
59636, 0, 1, 0, 1, 0, 0
64146, 9, 1, 1, 0, 9, 0
27398, 0, 2, 2, 0, 0, 0
27399, 2, 1, 1, 0, 0, 2
27400, 6, 1, 1, 0, 5, 1
64147, 4, 3, 3, 0, 4, 0
64148, 5, 4, 4, 0, 4, 1
64149, 0, 1, 1, 0, 0, 0
64150, 0, 1, 1, 0, 0, 0
64151, 0, 1, 1, 0, 0, 0
32921, 0, 2, 2, 0, 0, 0
64207, 7, 1, 0, 1, 5, 2
64208, 84, 2, 1, 1, 14, 70
64209, 2, 1, 0, 1, 0, 2
64210, 0, 1, 1, 0, 0, 0
21677, 13, 0, 0, 0, 13, 0
22953, 0, 4, 4, 0, 0, 0
21682, 1, 0, 0, 0, 1, 0
62428, 1, 1, 1, 0, 1, 0
64230, 0, 1, 1, 0, 0, 0
64231, 2, 1, 1, 0, 2, 0
64232, 0, 1, 1, 0, 0, 0
57326, 1, 1, 1, 0, 1, 0
57327, 0, 3, 3, 0, 0, 0
57329, 0, 2, 1, 1, 0, 0
21713, 0, 2, 2, 0, 0, 0
21714, 0, 1, 1, 0, 0, 0
21716, 7, 2, 0, 2, 7, 0
63896, 1, 1, 1, 0, 1, 0
21717, 1, 0, 0, 0, 1, 0
64235, 0, 1, 1, 0, 0, 0
64236, 1, 1, 1, 0, 1, 0
64237, 0, 1, 1, 0, 0, 0
64238, 0, 5, 5, 0, 0, 0
64239, 0, 1, 1, 0, 0, 0
21725, 0, 1, 1, 0, 0, 0
21728, 1, 2, 2, 0, 1, 0
21735, 0, 2, 1, 1, 0, 0
64240, 1, 1, 1, 0, 1, 0
64241, 1, 1, 1, 0, 1, 0
21736, 2, 1, 0, 1, 1, 1
21738, 0, 1, 1, 0, 0, 0
21740, 0, 1, 0, 1, 0, 0
64253, 2, 1, 1, 0, 2, 0
64254, 0, 1, 1, 0, 0, 0
64255, 1, 1, 0, 1, 1, 0
21752, 1, 0, 0, 0, 1, 0
21753, 20, 1, 1, 0, 18, 2
34742, 0, 1, 1, 0, 0, 0
54076, 0, 1, 1, 0, 0, 0
54077, 0, 1, 1, 0, 0, 0
54078, 0, 1, 1, 0, 0, 0
54079, 0, 1, 1, 0, 0, 0
54080, 27, 1, 1, 0, 26, 1
54081, 0, 1, 1, 0, 0, 0
54082, 2, 1, 1, 0, 2, 0
60683, 37, 2, 0, 2, 21, 16
64263, 0, 1, 1, 0, 0, 0
64264, 0, 1, 0, 1, 0, 0
64265, 0, 1, 0, 1, 0, 0
64266, 0, 2, 1, 1, 0, 0
27697, 0, 2, 1, 1, 0, 0
33186, 0, 3, 3, 0, 0, 0
59788, 1, 1, 1, 0, 1, 0
59789, 0, 1, 1, 0, 0, 0
59790, 0, 1, 1, 0, 0, 0
21783, 0, 1, 1, 0, 0, 0
21784, 2, 1, 1, 0, 1, 1
37471, 2, 3, 3, 0, 2, 0
60321, 16, 2, 2, 0, 12, 4
60435, 7, 2, 2, 0, 7, 0
60436, 0, 1, 1, 0, 0, 0
60437, 0, 1, 1, 0, 0, 0
60438, 0, 1, 1, 0, 0, 0
60439, 12, 6, 6, 0, 12, 0
60440, 0, 1, 1, 0, 0, 0
60441, 0, 1, 1, 0, 0, 0
60442, 0, 1, 1, 0, 0, 0
64296, 1, 1, 1, 0, 1, 0
21794, 11, 0, 0, 0, 8, 3
21797, 1, 1, 1, 0, 1, 0
21799, 0, 1, 0, 1, 0, 0
57193, 1, 2, 1, 1, 1, 0
64310, 0, 1, 1, 0, 0, 0
64311, 12, 1, 0, 1, 3, 9
61314, 1, 1, 1, 0, 1, 0
25431, 0, 5, 4, 1, 0, 0
64312, 1, 1, 1, 0, 1, 0
27799, 1, 1, 1, 0, 1, 0
27802, 2, 1, 0, 1, 2, 0
27805, 2, 2, 1, 1, 2, 0
53430, 0, 2, 2, 0, 0, 0
53431, 0, 1, 1, 0, 0, 0
55875, 0, 1, 1, 0, 0, 0
58285, 0, 1, 1, 0, 0, 0
28807, 0, 4, 4, 0, 0, 0
55157, 1, 1, 1, 0, 1, 0
63710, 0, 7, 7, 0, 0, 0
64313, 0, 1, 1, 0, 0, 0
64314, 0, 2, 2, 0, 0, 0
31176, 1, 1, 1, 0, 1, 0
31179, 1, 1, 1, 0, 1, 0
44381, 0, 1, 1, 0, 0, 0
44382, 2, 1, 1, 0, 2, 0
44383, 3, 1, 1, 0, 3, 0
44384, 0, 1, 1, 0, 0, 0
43783, 0, 4, 4, 0, 0, 0
64315, 3, 1, 1, 0, 3, 0
64316, 1, 1, 1, 0, 1, 0
64317, 0, 1, 1, 0, 0, 0
64318, 0, 1, 1, 0, 0, 0
62486, 0, 2, 1, 1, 0, 0
21852, 0, 1, 1, 0, 0, 0
21856, 0, 1, 1, 0, 0, 0
21859, 1, 1, 1, 0, 1, 0
64319, 0, 2, 2, 0, 0, 0
64320, 1, 1, 1, 0, 1, 0
64321, 0, 1, 1, 0, 0, 0
64322, 0, 1, 1, 0, 0, 0
27898, 0, 6, 6, 0, 0, 0
64323, 0, 1, 1, 0, 0, 0
64324, 0, 1, 1, 0, 0, 0
64325, 3, 3, 3, 0, 3, 0
64326, 1, 1, 1, 0, 1, 0
64327, 0, 1, 0, 1, 0, 0
64328, 0, 1, 1, 0, 0, 0
21863, 0, 1, 1, 0, 0, 0
21868, 2, 0, 0, 0, 1, 1
54530, 0, 1, 1, 0, 0, 0
62930, 0, 1, 1, 0, 0, 0
62931, 0, 1, 1, 0, 0, 0
62932, 0, 2, 2, 0, 0, 0
24242, 0, 1, 1, 0, 0, 0
24243, 0, 1, 1, 0, 0, 0
24244, 0, 1, 1, 0, 0, 0
64330, 0, 1, 1, 0, 0, 0
21878, 6, 0, 0, 0, 6, 0
46089, 1, 2, 2, 0, 1, 0
55195, 0, 1, 1, 0, 0, 0
55196, 6, 1, 1, 0, 6, 0
55197, 10, 5, 5, 0, 10, 0
55198, 10, 8, 8, 0, 10, 0
35619, 0, 1, 1, 0, 0, 0
64331, 1, 1, 1, 0, 1, 0
48747, 0, 3, 3, 0, 0, 0
64332, 1, 1, 1, 0, 1, 0
54153, 2, 3, 3, 0, 2, 0
64337, 0, 1, 1, 0, 0, 0
21893, 6, 1, 1, 0, 6, 0
21894, 0, 1, 1, 0, 0, 0
23563, 0, 2, 2, 0, 0, 0
53424, 0, 1, 1, 0, 0, 0
53425, 0, 4, 4, 0, 0, 0
53426, 3, 4, 4, 0, 3, 0
53427, 0, 1, 0, 1, 0, 0
64339, 1, 1, 1, 0, 1, 0
33623, 0, 5, 4, 1, 0, 0
64340, 0, 1, 0, 1, 0, 0
21911, 0, 1, 1, 0, 0, 0
21913, 1, 1, 1, 0, 1, 0
21914, 0, 2, 2, 0, 0, 0
21915, 0, 1, 1, 0, 0, 0
64365, 0, 1, 1, 0, 0, 0
64366, 0, 1, 1, 0, 0, 0
64367, 2, 1, 1, 0, 2, 0
44389, 0, 1, 1, 0, 0, 0
44390, 1, 2, 2, 0, 1, 0
44391, 2, 1, 1, 0, 2, 0
44392, 0, 3, 3, 0, 0, 0
36013, 1, 1, 1, 0, 1, 0
64368, 0, 1, 1, 0, 0, 0
64369, 0, 1, 1, 0, 0, 0
21932, 1, 0, 0, 0, 1, 0
21934, 0, 1, 1, 0, 0, 0
21935, 1, 1, 1, 0, 1, 0
44289, 0, 1, 1, 0, 0, 0
44290, 4, 2, 2, 0, 4, 0
44291, 0, 2, 2, 0, 0, 0
60326, 1, 1, 1, 0, 1, 0
60327, 1, 1, 1, 0, 1, 0
21947, 19, 0, 0, 0, 17, 2
21948, 4, 0, 0, 0, 4, 0
21949, 12, 1, 1, 0, 12, 0
21950, 1, 1, 1, 0, 1, 0
64372, 8, 1, 1, 0, 5, 3
64119, 3, 2, 2, 0, 3, 0
64373, 2, 1, 1, 0, 2, 0
64374, 0, 1, 1, 0, 0, 0
64375, 1, 1, 1, 0, 1, 0
48117, 0, 1, 1, 0, 0, 0
48118, 0, 1, 1, 0, 0, 0
48119, 0, 1, 1, 0, 0, 0
64376, 0, 1, 1, 0, 0, 0
64377, 2, 1, 1, 0, 2, 0
55400, 2, 2, 2, 0, 2, 0
54298, 17, 4, 4, 0, 17, 0
64378, 0, 1, 1, 0, 0, 0
64379, 13, 2, 2, 0, 9, 4
64380, 0, 1, 1, 0, 0, 0
29833, 0, 2, 2, 0, 0, 0
58472, 5, 2, 2, 0, 2, 3
45235, 0, 1, 1, 0, 0, 0
45236, 0, 1, 1, 0, 0, 0
45237, 1, 2, 1, 1, 1, 0
54889, 0, 1, 1, 0, 0, 0
54890, 0, 1, 1, 0, 0, 0
54891, 0, 1, 1, 0, 0, 0
64381, 0, 1, 0, 1, 0, 0
59157, 2, 1, 1, 0, 2, 0
59158, 2, 1, 1, 0, 2, 0
59159, 0, 1, 0, 1, 0, 0
29992, 0, 2, 0, 2, 0, 0
54430, 1, 2, 2, 0, 1, 0
57628, 0, 1, 1, 0, 0, 0
57630, 0, 1, 1, 0, 0, 0
57631, 0, 3, 1, 2, 0, 0
57632, 2, 1, 1, 0, 2, 0
57633, 0, 2, 2, 0, 0, 0
57634, 0, 1, 0, 1, 0, 0
57635, 2, 1, 0, 1, 2, 0
57636, 0, 1, 0, 1, 0, 0
57637, 24, 3, 2, 1, 24, 0
57638, 3, 2, 1, 1, 3, 0
57639, 0, 1, 0, 1, 0, 0
57640, 0, 1, 0, 1, 0, 0
57641, 0, 1, 0, 1, 0, 0
57642, 0, 1, 0, 1, 0, 0
39171, 0, 3, 2, 1, 0, 0
64382, 0, 1, 0, 1, 0, 0
27693, 0, 2, 1, 1, 0, 0
63280, 0, 2, 0, 2, 0, 0
64387, 0, 1, 0, 1, 0, 0
64388, 2, 1, 0, 1, 0, 2
64389, 0, 2, 0, 2, 0, 0
64390, 0, 1, 0, 1, 0, 0
64391, 4, 1, 0, 1, 0, 4
64392, 0, 1, 0, 1, 0, 0
64393, 5, 1, 0, 1, 4, 1
64394, 0, 1, 0, 1, 0, 0
64395, 0, 1, 0, 1, 0, 0
64396, 1, 1, 0, 1, 1, 0
64397, 0, 1, 0, 1, 0, 0
64398, 0, 1, 0, 1, 0, 0
22005, 8, 0, 0, 0, 8, 0
22007, 1, 2, 2, 0, 1, 0
64399, 3, 1, 1, 0, 3, 0
22012, 1, 0, 0, 0, 1, 0
30368, 2, 1, 1, 0, 2, 0
30370, 0, 1, 1, 0, 0, 0
30377, 0, 1, 0, 1, 0, 0
30379, 0, 1, 0, 1, 0, 0
30380, 0, 1, 0, 1, 0, 0
64410, 0, 1, 1, 0, 0, 0
64411, 1, 1, 1, 0, 1, 0
64412, 2, 1, 1, 0, 2, 0
64413, 0, 1, 1, 0, 0, 0
50823, 5, 4, 4, 0, 5, 0
64414, 0, 1, 1, 0, 0, 0
64415, 0, 2, 2, 0, 0, 0
34410, 0, 1, 1, 0, 0, 0
64416, 1, 1, 1, 0, 1, 0
64417, 1, 2, 2, 0, 1, 0
64418, 2, 1, 1, 0, 2, 0
26109, 2, 1, 1, 0, 2, 0
64419, 0, 1, 1, 0, 0, 0
54482, 1, 1, 1, 0, 1, 0
54483, 0, 1, 1, 0, 0, 0
63400, 6, 3, 3, 0, 6, 0
28441, 0, 2, 2, 0, 0, 0
50838, 0, 1, 1, 0, 0, 0
50840, 0, 1, 1, 0, 0, 0
64420, 0, 1, 1, 0, 0, 0
64421, 0, 1, 1, 0, 0, 0
64422, 0, 1, 1, 0, 0, 0
64423, 0, 1, 1, 0, 0, 0
64424, 3, 1, 1, 0, 3, 0
64425, 0, 1, 1, 0, 0, 0
64426, 0, 1, 1, 0, 0, 0
62843, 19, 1, 1, 0, 19, 0
22056, 1, 0, 0, 0, 1, 0
22059, 0, 1, 1, 0, 0, 0
54329, 0, 3, 3, 0, 0, 0
64430, 0, 2, 2, 0, 0, 0
64431, 3, 2, 2, 0, 3, 0
64432, 0, 1, 1, 0, 0, 0
64433, 5, 1, 0, 1, 1, 4
22074, 0, 1, 1, 0, 0, 0
22075, 2, 2, 2, 0, 2, 0
22077, 1, 0, 0, 0, 1, 0
60143, 0, 1, 1, 0, 0, 0
64435, 2, 1, 1, 0, 2, 0
64436, 0, 1, 1, 0, 0, 0
64437, 0, 1, 1, 0, 0, 0
64438, 1, 1, 1, 0, 1, 0
64439, 2, 3, 0, 3, 2, 0
64440, 0, 1, 0, 1, 0, 0
64441, 0, 1, 1, 0, 0, 0
63394, 0, 2, 2, 0, 0, 0
52306, 0, 3, 2, 1, 0, 0
54432, 11, 2, 1, 1, 11, 0
55955, 0, 2, 1, 1, 0, 0
63234, 0, 2, 2, 0, 0, 0
64463, 0, 1, 1, 0, 0, 0
64464, 0, 1, 1, 0, 0, 0
64465, 0, 1, 1, 0, 0, 0
64466, 0, 1, 1, 0, 0, 0
64467, 0, 1, 0, 1, 0, 0
64468, 0, 1, 0, 1, 0, 0
64469, 0, 1, 0, 1, 0, 0
64470, 0, 1, 0, 1, 0, 0
64471, 0, 1, 0, 1, 0, 0
64472, 0, 1, 0, 1, 0, 0
64473, 0, 1, 0, 1, 0, 0
64474, 0, 2, 1, 1, 0, 0
64475, 0, 1, 0, 1, 0, 0
64476, 1, 2, 0, 2, 1, 0
64477, 1, 2, 1, 1, 1, 0
64478, 0, 1, 0, 1, 0, 0
64479, 0, 1, 0, 1, 0, 0
64480, 0, 1, 0, 1, 0, 0
64481, 0, 1, 0, 1, 0, 0
64482, 0, 1, 0, 1, 0, 0
64483, 0, 1, 0, 1, 0, 0
64484, 0, 2, 1, 1, 0, 0
30213, 11, 1, 0, 1, 10, 1
31014, 2, 4, 2, 2, 0, 2
35439, 0, 3, 2, 1, 0, 0
39061, 0, 1, 1, 0, 0, 0
39062, 0, 1, 1, 0, 0, 0
39063, 5, 1, 1, 0, 3, 2
39064, 0, 1, 1, 0, 0, 0
39065, 0, 2, 0, 2, 0, 0
39066, 0, 2, 1, 1, 0, 0
39069, 0, 1, 0, 1, 0, 0
39071, 2, 3, 2, 1, 2, 0
39073, 0, 1, 0, 1, 0, 0
39074, 0, 1, 0, 1, 0, 0
39078, 0, 1, 0, 1, 0, 0
39080, 0, 1, 0, 1, 0, 0
39081, 0, 1, 0, 1, 0, 0
39084, 0, 1, 0, 1, 0, 0
39085, 0, 2, 0, 2, 0, 0
39086, 8, 3, 1, 2, 8, 0
39088, 0, 2, 1, 1, 0, 0
39089, 0, 3, 1, 2, 0, 0
39090, 0, 2, 0, 2, 0, 0
39091, 0, 1, 0, 1, 0, 0
39092, 0, 1, 0, 1, 0, 0
39094, 0, 1, 0, 1, 0, 0
39096, 0, 1, 0, 1, 0, 0
39097, 0, 1, 0, 1, 0, 0
39098, 0, 1, 0, 1, 0, 0
39099, 0, 2, 0, 2, 0, 0
33341, 2, 2, 2, 0, 1, 1
33342, 0, 1, 1, 0, 0, 0
33343, 0, 1, 0, 1, 0, 0
33344, 0, 1, 0, 1, 0, 0
27596, 0, 2, 1, 1, 0, 0
53143, 0, 1, 1, 0, 0, 0
53144, 0, 2, 2, 0, 0, 0
42025, 28, 2, 1, 1, 27, 1
63422, 4, 1, 0, 1, 4, 0
64350, 0, 2, 0, 2, 0, 0
64351, 0, 1, 0, 1, 0, 0
54147, 0, 1, 1, 0, 0, 0
54148, 8, 1, 1, 0, 7, 1
56826, 0, 1, 1, 0, 0, 0
64485, 0, 1, 1, 0, 0, 0
64486, 0, 1, 1, 0, 0, 0
64487, 6, 1, 1, 0, 6, 0
64488, 2, 1, 1, 0, 2, 0
64489, 0, 1, 1, 0, 0, 0
64490, 0, 1, 1, 0, 0, 0
64491, 1, 1, 1, 0, 1, 0
55659, 10, 1, 0, 1, 8, 2
64492, 1, 1, 1, 0, 1, 0
64493, 0, 1, 1, 0, 0, 0
64494, 0, 1, 1, 0, 0, 0
64495, 0, 1, 0, 1, 0, 0
54450, 0, 1, 1, 0, 0, 0
64496, 0, 1, 1, 0, 0, 0
64497, 0, 2, 0, 2, 0, 0
64498, 0, 1, 0, 1, 0, 0
35669, 0, 5, 2, 3, 0, 0
37400, 0, 1, 1, 0, 0, 0
37401, 1, 1, 1, 0, 1, 0
37402, 1, 1, 1, 0, 1, 0
37403, 1, 1, 0, 1, 1, 0
37404, 4, 1, 0, 1, 0, 4
64359, 0, 2, 2, 0, 0, 0
64360, 0, 1, 1, 0, 0, 0
44396, 0, 1, 1, 0, 0, 0
44399, 0, 1, 1, 0, 0, 0
44403, 0, 1, 1, 0, 0, 0
44404, 1, 1, 1, 0, 1, 0
54452, 0, 2, 1, 1, 0, 0
60148, 0, 1, 1, 0, 0, 0
60149, 0, 1, 0, 1, 0, 0
60150, 0, 1, 0, 1, 0, 0
60151, 0, 1, 0, 1, 0, 0
60152, 0, 1, 0, 1, 0, 0
60153, 0, 1, 0, 1, 0, 0
60154, 0, 1, 0, 1, 0, 0
60155, 0, 1, 0, 1, 0, 0
60156, 0, 1, 0, 1, 0, 0
64517, 0, 3, 3, 0, 0, 0
64518, 0, 1, 1, 0, 0, 0
64519, 0, 1, 1, 0, 0, 0
34787, 0, 2, 2, 0, 0, 0
41761, 0, 1, 1, 0, 0, 0
41762, 0, 1, 1, 0, 0, 0
22158, 1, 0, 0, 0, 1, 0
22163, 0, 1, 1, 0, 0, 0
54373, 0, 1, 1, 0, 0, 0
54374, 0, 1, 1, 0, 0, 0
54375, 0, 1, 1, 0, 0, 0
22164, 10, 0, 0, 0, 10, 0
22166, 0, 2, 2, 0, 0, 0
25434, 1, 2, 0, 2, 1, 0
22176, 0, 1, 1, 0, 0, 0
22178, 0, 1, 1, 0, 0, 0
64523, 0, 1, 1, 0, 0, 0
22184, 0, 1, 1, 0, 0, 0
58062, 0, 2, 2, 0, 0, 0
64525, 0, 1, 1, 0, 0, 0
64526, 4, 2, 2, 0, 4, 0
64530, 0, 1, 0, 1, 0, 0
64531, 4, 1, 1, 0, 3, 1
64532, 0, 1, 1, 0, 0, 0
64533, 0, 1, 1, 0, 0, 0
22199, 0, 1, 1, 0, 0, 0
22200, 0, 1, 0, 1, 0, 0
22201, 1, 4, 0, 4, 1, 0
22202, 4, 1, 1, 0, 4, 0
22208, 24, 1, 1, 0, 22, 2
22209, 0, 1, 1, 0, 0, 0
22211, 0, 1, 1, 0, 0, 0
33645, 6, 1, 1, 0, 6, 0
64536, 0, 1, 1, 0, 0, 0
64537, 1, 1, 1, 0, 1, 0
64538, 0, 1, 1, 0, 0, 0
64539, 0, 1, 0, 1, 0, 0
37795, 0, 2, 2, 0, 0, 0
63546, 0, 3, 3, 0, 0, 0
64540, 0, 1, 1, 0, 0, 0
64541, 0, 1, 0, 1, 0, 0
64542, 0, 1, 0, 1, 0, 0
64183, 24, 2, 1, 1, 20, 4
64543, 0, 1, 1, 0, 0, 0
64544, 1, 1, 1, 0, 1, 0
22280, 0, 4, 4, 0, 0, 0
22282, 4, 0, 0, 0, 3, 1
64566, 5, 1, 1, 0, 0, 5
22284, 1, 0, 0, 0, 1, 0
35580, 0, 1, 0, 1, 0, 0
35583, 0, 2, 0, 2, 0, 0
64569, 0, 1, 0, 1, 0, 0
64570, 0, 1, 0, 1, 0, 0
22294, 0, 1, 0, 1, 0, 0
22297, 1, 2, 0, 2, 1, 0
22298, 0, 1, 0, 1, 0, 0
64571, 0, 1, 1, 0, 0, 0
64572, 1, 1, 1, 0, 1, 0
64573, 0, 1, 1, 0, 0, 0
64574, 0, 2, 2, 0, 0, 0
64575, 0, 2, 0, 2, 0, 0
34066, 1, 4, 4, 0, 1, 0
64576, 0, 1, 1, 0, 0, 0
22305, 2, 0, 0, 0, 2, 0
22308, 0, 1, 1, 0, 0, 0
22309, 0, 1, 1, 0, 0, 0
22311, 0, 2, 2, 0, 0, 0
35427, 4, 1, 1, 0, 4, 0
35429, 1, 1, 0, 1, 0, 1
35430, 0, 1, 0, 1, 0, 0
64586, 0, 1, 0, 1, 0, 0
22336, 2, 0, 0, 0, 2, 0
35248, 2, 1, 1, 0, 1, 1
54277, 0, 1, 1, 0, 0, 0
54278, 1, 1, 1, 0, 1, 0
54279, 0, 3, 3, 0, 0, 0
54280, 0, 1, 1, 0, 0, 0
54281, 7, 1, 1, 0, 7, 0
54282, 0, 1, 1, 0, 0, 0
64590, 0, 1, 1, 0, 0, 0
64591, 1, 2, 0, 2, 1, 0
64592, 1, 1, 1, 0, 1, 0
54587, 1, 1, 1, 0, 1, 0
22349, 3, 1, 1, 0, 2, 1
22350, 0, 2, 2, 0, 0, 0
22352, 0, 1, 1, 0, 0, 0
22355, 0, 2, 1, 1, 0, 0
22361, 0, 1, 1, 0, 0, 0
22367, 0, 1, 1, 0, 0, 0
22369, 0, 1, 1, 0, 0, 0
22374, 0, 1, 1, 0, 0, 0
22380, 0, 2, 1, 1, 0, 0
22382, 0, 1, 0, 1, 0, 0
35908, 0, 1, 1, 0, 0, 0
44678, 0, 3, 3, 0, 0, 0
36511, 0, 2, 2, 0, 0, 0
64602, 0, 1, 1, 0, 0, 0
64603, 0, 1, 1, 0, 0, 0
64604, 0, 2, 2, 0, 0, 0
43802, 0, 2, 2, 0, 0, 0
64605, 0, 3, 3, 0, 0, 0
64610, 0, 1, 1, 0, 0, 0
64611, 1, 1, 1, 0, 1, 0
64612, 4, 3, 3, 0, 4, 0
64613, 0, 1, 1, 0, 0, 0
64614, 0, 1, 1, 0, 0, 0
64615, 0, 1, 1, 0, 0, 0
54115, 0, 1, 1, 0, 0, 0
54116, 8, 1, 1, 0, 8, 0
54117, 0, 1, 1, 0, 0, 0
64616, 0, 1, 1, 0, 0, 0
64617, 0, 1, 1, 0, 0, 0
55622, 3, 1, 1, 0, 3, 0
55623, 0, 1, 1, 0, 0, 0
64618, 0, 1, 0, 1, 0, 0
64619, 22, 1, 0, 1, 21, 1
64620, 0, 3, 3, 0, 0, 0
25380, 0, 1, 1, 0, 0, 0
22446, 1, 1, 1, 0, 1, 0
22447, 2, 0, 0, 0, 2, 0
22449, 1, 1, 1, 0, 1, 0
22451, 0, 1, 1, 0, 0, 0
22453, 6, 1, 1, 0, 6, 0
22454, 0, 1, 1, 0, 0, 0
22455, 0, 3, 3, 0, 0, 0
64628, 0, 1, 0, 1, 0, 0
22467, 18, 1, 1, 0, 16, 2
22469, 1, 0, 0, 0, 1, 0
22474, 0, 1, 1, 0, 0, 0
22479, 0, 4, 4, 0, 0, 0
64631, 1, 2, 2, 0, 1, 0
64632, 2, 1, 1, 0, 1, 1
22482, 0, 1, 1, 0, 0, 0
22486, 1, 0, 0, 0, 1, 0
22501, 0, 1, 1, 0, 0, 0
54720, 1, 2, 2, 0, 1, 0
64634, 1, 1, 1, 0, 1, 0
22516, 5, 2, 2, 0, 5, 0
22518, 4, 0, 0, 0, 4, 0
22519, 3, 0, 0, 0, 3, 0
22521, 4, 0, 0, 0, 3, 1
22522, 0, 1, 1, 0, 0, 0
30057, 0, 1, 0, 1, 0, 0
22526, 25, 3, 3, 0, 25, 0
22527, 0, 1, 1, 0, 0, 0
43779, 0, 2, 2, 0, 0, 0
43780, 0, 3, 2, 1, 0, 0
34772, 7, 1, 0, 1, 6, 1
54436, 1, 3, 2, 1, 1, 0
56112, 12, 4, 2, 2, 11, 1
56113, 1, 2, 1, 1, 1, 0
56114, 0, 1, 0, 1, 0, 0
56115, 0, 1, 0, 1, 0, 0
56116, 0, 4, 1, 3, 0, 0
56118, 0, 1, 0, 1, 0, 0
24552, 2, 1, 1, 0, 2, 0
22539, 30, 1, 1, 0, 25, 5
22540, 0, 1, 1, 0, 0, 0
22541, 1, 1, 1, 0, 1, 0
22542, 0, 1, 1, 0, 0, 0
22543, 0, 2, 1, 1, 0, 0
22544, 0, 1, 1, 0, 0, 0
22545, 0, 1, 1, 0, 0, 0
22546, 0, 1, 1, 0, 0, 0
22547, 1, 1, 1, 0, 1, 0
22550, 0, 1, 1, 0, 0, 0
22551, 0, 1, 1, 0, 0, 0
22552, 0, 1, 1, 0, 0, 0
22553, 0, 1, 1, 0, 0, 0
22554, 0, 1, 1, 0, 0, 0
22555, 0, 1, 1, 0, 0, 0
22556, 1, 1, 0, 1, 0, 1
22557, 0, 1, 0, 1, 0, 0
22559, 1, 1, 1, 0, 1, 0
22561, 2, 0, 0, 0, 2, 0
22562, 0, 1, 1, 0, 0, 0
22564, 2, 2, 2, 0, 2, 0
22568, 0, 1, 0, 1, 0, 0
22578, 0, 1, 0, 1, 0, 0
62520, 0, 2, 2, 0, 0, 0
62521, 0, 1, 1, 0, 0, 0
50336, 0, 3, 3, 0, 0, 0
64656, 1, 1, 1, 0, 1, 0
64657, 0, 1, 1, 0, 0, 0
64658, 0, 1, 1, 0, 0, 0
64659, 0, 1, 1, 0, 0, 0
64660, 0, 1, 1, 0, 0, 0
64661, 1, 1, 1, 0, 1, 0
64662, 1, 1, 1, 0, 1, 0
64663, 2, 1, 1, 0, 2, 0
22582, 1, 0, 0, 0, 1, 0
22584, 3, 1, 1, 0, 2, 1
22586, 0, 3, 3, 0, 0, 0
64664, 0, 1, 0, 1, 0, 0
64665, 0, 1, 1, 0, 0, 0
24701, 0, 1, 1, 0, 0, 0
24702, 0, 1, 0, 1, 0, 0
24703, 0, 4, 3, 1, 0, 0
64666, 4, 1, 1, 0, 3, 1
22594, 0, 1, 1, 0, 0, 0
33135, 0, 1, 1, 0, 0, 0
22596, 4, 0, 0, 0, 4, 0
22598, 0, 3, 3, 0, 0, 0
22600, 3, 0, 0, 0, 3, 0
30259, 23, 1, 1, 0, 23, 0
37839, 0, 1, 1, 0, 0, 0
37840, 0, 1, 1, 0, 0, 0
37841, 0, 1, 1, 0, 0, 0
37842, 1, 1, 1, 0, 1, 0
37843, 0, 1, 0, 1, 0, 0
37844, 0, 1, 0, 1, 0, 0
33078, 0, 1, 1, 0, 0, 0
33079, 3, 1, 1, 0, 3, 0
33089, 16, 2, 1, 1, 15, 1
33091, 0, 1, 1, 0, 0, 0
33092, 1, 1, 1, 0, 1, 0
59444, 0, 1, 1, 0, 0, 0
59445, 0, 2, 1, 1, 0, 0
64694, 0, 2, 2, 0, 0, 0
64695, 4, 1, 1, 0, 4, 0
55378, 47, 2, 2, 0, 13, 34
29948, 0, 2, 2, 0, 0, 0
33233, 0, 2, 2, 0, 0, 0
55943, 0, 1, 1, 0, 0, 0
55946, 0, 1, 1, 0, 0, 0
55947, 0, 1, 1, 0, 0, 0
55948, 0, 1, 1, 0, 0, 0
55949, 0, 2, 1, 1, 0, 0
55950, 0, 2, 2, 0, 0, 0
55951, 5, 2, 2, 0, 2, 3
55952, 0, 1, 1, 0, 0, 0
55953, 0, 1, 1, 0, 0, 0
55954, 0, 2, 1, 1, 0, 0
55956, 0, 1, 1, 0, 0, 0
55957, 0, 1, 1, 0, 0, 0
55958, 0, 2, 2, 0, 0, 0
55959, 0, 2, 1, 1, 0, 0
55960, 0, 2, 0, 2, 0, 0
55961, 0, 2, 1, 1, 0, 0
23926, 0, 2, 2, 0, 0, 0
30593, 0, 3, 3, 0, 0, 0
31012, 0, 2, 2, 0, 0, 0
33251, 0, 1, 1, 0, 0, 0
33252, 0, 1, 1, 0, 0, 0
33256, 0, 1, 1, 0, 0, 0
33258, 4, 1, 1, 0, 4, 0
33259, 0, 1, 1, 0, 0, 0
64696, 1, 1, 1, 0, 1, 0
29184, 12, 2, 1, 1, 6, 6
33140, 0, 2, 2, 0, 0, 0
63268, 2, 3, 1, 2, 0, 2
64697, 0, 1, 1, 0, 0, 0
64698, 0, 1, 1, 0, 0, 0
64699, 0, 1, 1, 0, 0, 0
64700, 0, 1, 1, 0, 0, 0
64701, 0, 3, 1, 2, 0, 0
32975, 0, 1, 0, 1, 0, 0
32976, 0, 1, 0, 1, 0, 0
32977, 0, 2, 1, 1, 0, 0
32978, 0, 5, 3, 2, 0, 0
29311, 16, 3, 1, 2, 11, 5
35530, 1, 1, 1, 0, 0, 1
35532, 0, 2, 1, 1, 0, 0
35534, 0, 1, 0, 1, 0, 0
35537, 0, 2, 0, 2, 0, 0
35540, 0, 3, 2, 1, 0, 0
35543, 0, 1, 0, 1, 0, 0
33066, 1, 3, 3, 0, 1, 0
33068, 1, 1, 1, 0, 1, 0
33069, 0, 4, 4, 0, 0, 0
33070, 6, 2, 2, 0, 6, 0
33071, 2, 2, 2, 0, 2, 0
33072, 0, 3, 3, 0, 0, 0
22619, 8, 0, 0, 0, 7, 1
22621, 9, 0, 0, 0, 9, 0
64702, 1, 2, 2, 0, 1, 0
44377, 0, 1, 1, 0, 0, 0
64703, 0, 1, 1, 0, 0, 0
64704, 1, 1, 1, 0, 1, 0
59844, 0, 1, 1, 0, 0, 0
25744, 0, 1, 1, 0, 0, 0
25745, 0, 1, 1, 0, 0, 0
64705, 7, 4, 4, 0, 6, 1
28917, 0, 1, 1, 0, 0, 0
28918, 1, 1, 1, 0, 1, 0
32657, 1, 4, 4, 0, 1, 0
64173, 0, 1, 1, 0, 0, 0
64174, 0, 1, 1, 0, 0, 0
64706, 0, 1, 1, 0, 0, 0
27452, 0, 1, 1, 0, 0, 0
27455, 0, 3, 3, 0, 0, 0
58903, 0, 1, 1, 0, 0, 0
64716, 0, 2, 2, 0, 0, 0
59775, 0, 2, 2, 0, 0, 0
38456, 0, 4, 3, 1, 0, 0
57915, 0, 2, 1, 1, 0, 0
62490, 0, 1, 1, 0, 0, 0
61506, 0, 1, 1, 0, 0, 0
64717, 0, 1, 1, 0, 0, 0
37784, 2, 1, 1, 0, 1, 1
37785, 0, 1, 1, 0, 0, 0
37787, 0, 1, 1, 0, 0, 0
37789, 3, 3, 3, 0, 3, 0
37791, 0, 1, 1, 0, 0, 0
37792, 0, 1, 1, 0, 0, 0
37797, 0, 1, 1, 0, 0, 0
58434, 0, 1, 1, 0, 0, 0
44558, 0, 1, 1, 0, 0, 0
64737, 6, 1, 0, 1, 6, 0
64738, 0, 1, 1, 0, 0, 0
44272, 2, 2, 2, 0, 2, 0
64739, 0, 1, 1, 0, 0, 0
64740, 1, 2, 2, 0, 1, 0
64741, 0, 1, 1, 0, 0, 0
64742, 2, 2, 2, 0, 2, 0
64743, 0, 3, 3, 0, 0, 0
44486, 0, 5, 5, 0, 0, 0
55493, 4, 3, 3, 0, 4, 0
55495, 14, 7, 7, 0, 14, 0
64721, 0, 1, 1, 0, 0, 0
44987, 0, 2, 2, 0, 0, 0
64744, 0, 1, 1, 0, 0, 0
64745, 1, 1, 1, 0, 1, 0
64746, 0, 1, 1, 0, 0, 0
22743, 10, 1, 1, 0, 8, 2
22744, 1, 1, 1, 0, 1, 0
64747, 0, 1, 0, 1, 0, 0
58944, 13, 3, 3, 0, 11, 2
24975, 0, 2, 2, 0, 0, 0
63508, 0, 2, 2, 0, 0, 0
64748, 0, 1, 1, 0, 0, 0
64749, 0, 1, 1, 0, 0, 0
64750, 0, 2, 2, 0, 0, 0
27333, 0, 2, 1, 1, 0, 0
64751, 0, 1, 1, 0, 0, 0
64752, 0, 2, 2, 0, 0, 0
22795, 1, 0, 0, 0, 1, 0
35023, 0, 1, 1, 0, 0, 0
63051, 0, 1, 1, 0, 0, 0
22809, 2, 1, 1, 0, 2, 0
22810, 0, 1, 1, 0, 0, 0
22812, 6, 1, 1, 0, 6, 0
22814, 1, 2, 2, 0, 1, 0
27432, 0, 1, 1, 0, 0, 0
64760, 0, 2, 2, 0, 0, 0
29643, 1, 1, 1, 0, 1, 0
64761, 0, 1, 0, 1, 0, 0
64762, 0, 1, 0, 1, 0, 0
58836, 1, 1, 1, 0, 1, 0
58837, 0, 1, 1, 0, 0, 0
58838, 0, 1, 1, 0, 0, 0
60948, 0, 2, 2, 0, 0, 0
60949, 3, 2, 2, 0, 3, 0
64763, 0, 1, 1, 0, 0, 0
59626, 3, 1, 1, 0, 3, 0
59627, 0, 1, 0, 1, 0, 0
59628, 0, 1, 0, 1, 0, 0
59629, 0, 2, 0, 2, 0, 0
64778, 21, 1, 1, 0, 17, 4
64779, 1, 1, 1, 0, 1, 0
64780, 0, 1, 1, 0, 0, 0
22856, 0, 1, 1, 0, 0, 0
22857, 0, 1, 1, 0, 0, 0
22859, 1, 1, 1, 0, 0, 1
22862, 1, 1, 0, 1, 1, 0
22866, 1, 2, 2, 0, 1, 0
22872, 0, 1, 1, 0, 0, 0
54686, 1, 2, 2, 0, 1, 0
64306, 0, 1, 1, 0, 0, 0
30789, 0, 2, 1, 1, 0, 0
64781, 0, 2, 2, 0, 0, 0
64782, 0, 1, 0, 1, 0, 0
22875, 0, 4, 3, 1, 0, 0
22876, 1, 1, 1, 0, 1, 0
22877, 0, 1, 1, 0, 0, 0
22880, 0, 1, 1, 0, 0, 0
22881, 0, 3, 3, 0, 0, 0
22884, 4, 2, 2, 0, 3, 1
22885, 0, 2, 2, 0, 0, 0
64783, 0, 2, 0, 2, 0, 0
42486, 2, 1, 1, 0, 2, 0
42487, 0, 2, 2, 0, 0, 0
56109, 2, 1, 1, 0, 2, 0
64784, 0, 1, 1, 0, 0, 0
64785, 0, 1, 1, 0, 0, 0
64786, 0, 1, 1, 0, 0, 0
64787, 0, 1, 0, 1, 0, 0
64788, 0, 1, 1, 0, 0, 0
34777, 1, 1, 1, 0, 1, 0
34779, 0, 1, 1, 0, 0, 0
34780, 0, 2, 1, 1, 0, 0
64789, 0, 1, 1, 0, 0, 0
43771, 1, 1, 1, 0, 1, 0
64790, 0, 1, 1, 0, 0, 0
43159, 0, 1, 1, 0, 0, 0
64791, 0, 1, 1, 0, 0, 0
64792, 1, 2, 2, 0, 1, 0
64793, 2, 1, 1, 0, 2, 0
59433, 0, 1, 1, 0, 0, 0
59435, 0, 1, 1, 0, 0, 0
43804, 5, 1, 1, 0, 5, 0
32858, 0, 1, 1, 0, 0, 0
64794, 0, 1, 0, 1, 0, 0
22939, 7, 0, 0, 0, 7, 0
22940, 0, 1, 1, 0, 0, 0
64804, 1, 1, 1, 0, 1, 0
64805, 0, 1, 0, 1, 0, 0
55301, 73, 1, 1, 0, 71, 2
62263, 21, 2, 2, 0, 18, 3
63231, 4, 1, 1, 0, 3, 1
63232, 3, 1, 1, 0, 3, 0
64823, 0, 1, 1, 0, 0, 0
64824, 19, 1, 1, 0, 19, 0
64825, 4, 1, 1, 0, 4, 0
64826, 3, 1, 1, 0, 3, 0
64849, 0, 1, 1, 0, 0, 0
22967, 4, 1, 1, 0, 4, 0
22968, 1, 1, 1, 0, 1, 0
33525, 0, 2, 2, 0, 0, 0
64850, 3, 2, 2, 0, 3, 0
64851, 0, 2, 1, 1, 0, 0
64852, 0, 2, 1, 1, 0, 0
64854, 0, 1, 1, 0, 0, 0
44995, 1, 1, 1, 0, 1, 0
22989, 0, 3, 3, 0, 0, 0
22992, 3, 1, 1, 0, 3, 0
22994, 0, 2, 2, 0, 0, 0
22995, 0, 1, 1, 0, 0, 0
23007, 30, 0, 0, 0, 26, 4
23008, 0, 1, 1, 0, 0, 0
23009, 0, 1, 1, 0, 0, 0
23010, 0, 1, 0, 1, 0, 0
23011, 0, 1, 0, 1, 0, 0
64857, 0, 1, 1, 0, 0, 0
64858, 2, 2, 2, 0, 2, 0
54566, 0, 1, 1, 0, 0, 0
64859, 0, 1, 1, 0, 0, 0
64860, 0, 1, 0, 1, 0, 0
59960, 0, 2, 2, 0, 0, 0
48407, 0, 1, 1, 0, 0, 0
48408, 1, 1, 1, 0, 1, 0
48409, 2, 1, 1, 0, 2, 0
48410, 0, 1, 1, 0, 0, 0
48411, 4, 1, 0, 1, 4, 0
34659, 0, 2, 1, 1, 0, 0
53167, 0, 3, 3, 0, 0, 0
62864, 5, 2, 2, 0, 5, 0
63333, 2, 1, 1, 0, 2, 0
63334, 0, 1, 1, 0, 0, 0
63335, 0, 2, 2, 0, 0, 0
63336, 1, 1, 1, 0, 0, 1
63337, 0, 1, 0, 1, 0, 0
63338, 0, 1, 0, 1, 0, 0
56277, 1, 2, 2, 0, 1, 0
56278, 2, 3, 3, 0, 0, 2
56279, 0, 1, 1, 0, 0, 0
56282, 0, 1, 1, 0, 0, 0
56283, 0, 1, 1, 0, 0, 0
56285, 0, 1, 1, 0, 0, 0
56286, 0, 1, 1, 0, 0, 0
56287, 0, 1, 1, 0, 0, 0
56288, 0, 1, 1, 0, 0, 0
56289, 0, 1, 1, 0, 0, 0
56290, 0, 1, 1, 0, 0, 0
56291, 5, 3, 3, 0, 4, 1
56292, 0, 1, 0, 1, 0, 0
56293, 0, 1, 0, 1, 0, 0
64861, 0, 1, 1, 0, 0, 0
64862, 3, 1, 1, 0, 3, 0
64863, 2, 1, 0, 1, 2, 0
40720, 0, 1, 1, 0, 0, 0
23040, 4, 0, 0, 0, 3, 1
23043, 0, 1, 1, 0, 0, 0
23044, 0, 2, 2, 0, 0, 0
23045, 12, 0, 0, 0, 12, 0
63524, 0, 5, 5, 0, 0, 0
64864, 0, 1, 1, 0, 0, 0
64865, 0, 1, 1, 0, 0, 0
64866, 0, 1, 1, 0, 0, 0
64867, 0, 1, 1, 0, 0, 0
64868, 0, 1, 1, 0, 0, 0
64869, 0, 2, 2, 0, 0, 0
64870, 0, 1, 1, 0, 0, 0
64871, 0, 1, 1, 0, 0, 0
64872, 1, 1, 1, 0, 1, 0
64873, 2, 1, 1, 0, 2, 0
64874, 0, 1, 1, 0, 0, 0
64875, 1, 1, 1, 0, 1, 0
23093, 0, 1, 1, 0, 0, 0
64919, 0, 1, 1, 0, 0, 0
55828, 2, 2, 2, 0, 2, 0
23097, 20, 1, 1, 0, 17, 3
23098, 0, 10, 10, 0, 0, 0
23101, 3, 0, 0, 0, 2, 1
23103, 8, 0, 0, 0, 8, 0
23104, 0, 1, 1, 0, 0, 0
23111, 0, 1, 1, 0, 0, 0
23113, 0, 1, 1, 0, 0, 0
23114, 0, 3, 3, 0, 0, 0
23115, 1, 1, 1, 0, 1, 0
23120, 0, 1, 1, 0, 0, 0
23127, 0, 1, 0, 1, 0, 0
59648, 3, 1, 1, 0, 2, 1
23132, 1, 0, 0, 0, 1, 0
23135, 0, 1, 1, 0, 0, 0
23136, 0, 1, 1, 0, 0, 0
23137, 9, 4, 4, 0, 9, 0
23139, 5, 0, 0, 0, 3, 2
64921, 0, 1, 0, 1, 0, 0
64922, 1, 2, 1, 1, 1, 0
64923, 2, 1, 0, 1, 2, 0
64924, 1, 1, 0, 1, 1, 0
64925, 0, 1, 0, 1, 0, 0
64926, 1, 1, 1, 0, 1, 0
54836, 1, 2, 2, 0, 1, 0
42440, 0, 3, 3, 0, 0, 0
55842, 0, 1, 1, 0, 0, 0
55843, 0, 1, 1, 0, 0, 0
55844, 0, 2, 2, 0, 0, 0
64927, 1, 1, 1, 0, 0, 1
44298, 1, 2, 2, 0, 1, 0
64928, 0, 1, 1, 0, 0, 0
48830, 0, 1, 1, 0, 0, 0
48833, 0, 1, 1, 0, 0, 0
48834, 1, 1, 1, 0, 0, 1
48835, 1, 1, 1, 0, 1, 0
48836, 0, 1, 1, 0, 0, 0
48837, 0, 2, 2, 0, 0, 0
48838, 0, 1, 1, 0, 0, 0
48839, 0, 1, 0, 1, 0, 0
58016, 0, 2, 2, 0, 0, 0
58018, 0, 1, 1, 0, 0, 0
58019, 5, 2, 2, 0, 5, 0
44859, 72, 2, 2, 0, 71, 1
23168, 10, 3, 3, 0, 8, 2
23169, 1, 1, 1, 0, 1, 0
23170, 1, 1, 1, 0, 1, 0
23171, 1, 1, 1, 0, 1, 0
23172, 2, 1, 0, 1, 1, 1
23173, 0, 1, 0, 1, 0, 0
64929, 0, 2, 1, 1, 0, 0
23185, 7, 0, 0, 0, 7, 0
23186, 18, 0, 0, 0, 18, 0
23187, 0, 1, 1, 0, 0, 0
23190, 2, 1, 1, 0, 2, 0
23194, 0, 1, 1, 0, 0, 0
23195, 0, 2, 2, 0, 0, 0
60063, 0, 2, 2, 0, 0, 0
64934, 0, 1, 1, 0, 0, 0
61694, 0, 1, 1, 0, 0, 0
61695, 2, 1, 1, 0, 2, 0
23200, 0, 1, 1, 0, 0, 0
23201, 2, 2, 2, 0, 2, 0
23204, 0, 1, 1, 0, 0, 0
23205, 0, 1, 1, 0, 0, 0
23209, 0, 1, 1, 0, 0, 0
23210, 1, 1, 1, 0, 1, 0
23211, 2, 1, 1, 0, 2, 0
23213, 0, 1, 1, 0, 0, 0
23214, 4, 2, 2, 0, 4, 0
23215, 0, 1, 1, 0, 0, 0
23216, 3, 1, 1, 0, 1, 2
23222, 1, 1, 1, 0, 1, 0
23223, 5, 1, 1, 0, 5, 0
23226, 0, 1, 1, 0, 0, 0
32535, 0, 1, 1, 0, 0, 0
32537, 0, 1, 1, 0, 0, 0
32539, 0, 1, 1, 0, 0, 0
32540, 1, 1, 0, 1, 1, 0
64079, 0, 4, 4, 0, 0, 0
64936, 0, 1, 1, 0, 0, 0
64937, 0, 1, 1, 0, 0, 0
31586, 0, 1, 1, 0, 0, 0
31587, 0, 1, 1, 0, 0, 0
31588, 0, 1, 1, 0, 0, 0
31590, 0, 1, 1, 0, 0, 0
31591, 0, 1, 0, 1, 0, 0
31592, 0, 1, 0, 1, 0, 0
31593, 0, 1, 0, 1, 0, 0
31594, 0, 1, 0, 1, 0, 0
31595, 0, 1, 0, 1, 0, 0
31596, 0, 1, 0, 1, 0, 0
64938, 0, 1, 1, 0, 0, 0
32460, 0, 1, 1, 0, 0, 0
32630, 2, 1, 1, 0, 2, 0
32631, 0, 1, 1, 0, 0, 0
30988, 0, 2, 1, 1, 0, 0
30991, 0, 1, 1, 0, 0, 0
30992, 1, 1, 1, 0, 1, 0
30993, 0, 2, 2, 0, 0, 0
30995, 4, 1, 0, 1, 4, 0
23265, 7, 0, 0, 0, 7, 0
64962, 5, 2, 2, 0, 4, 1
28810, 5, 2, 2, 0, 5, 0
64963, 0, 1, 1, 0, 0, 0
64964, 0, 1, 1, 0, 0, 0
23280, 9, 5, 5, 0, 9, 0
43073, 0, 2, 2, 0, 0, 0
64966, 1, 1, 1, 0, 1, 0
64967, 0, 1, 1, 0, 0, 0
64968, 0, 2, 2, 0, 0, 0
23286, 1, 0, 0, 0, 1, 0
23291, 3, 1, 1, 0, 3, 0
23292, 2, 2, 2, 0, 2, 0
23294, 0, 1, 1, 0, 0, 0
64969, 0, 1, 1, 0, 0, 0
64970, 0, 3, 3, 0, 0, 0
23295, 6, 0, 0, 0, 6, 0
64971, 0, 1, 1, 0, 0, 0
55406, 0, 1, 1, 0, 0, 0
55407, 0, 1, 1, 0, 0, 0
55408, 0, 1, 1, 0, 0, 0
44946, 1, 1, 1, 0, 1, 0
23309, 0, 1, 1, 0, 0, 0
23312, 17, 0, 0, 0, 16, 1
23315, 0, 1, 0, 1, 0, 0
64974, 0, 1, 1, 0, 0, 0
64975, 0, 4, 4, 0, 0, 0
23316, 1, 0, 0, 0, 1, 0
23318, 1, 0, 0, 0, 1, 0
23319, 1, 0, 0, 0, 1, 0
23321, 1, 0, 0, 0, 1, 0
64976, 0, 1, 1, 0, 0, 0
59603, 1, 1, 1, 0, 1, 0
50892, 35, 1, 1, 0, 14, 21
50893, 0, 2, 2, 0, 0, 0
50894, 0, 2, 2, 0, 0, 0
64977, 1, 1, 0, 1, 1, 0
24335, 0, 1, 1, 0, 0, 0
24336, 0, 1, 1, 0, 0, 0
24337, 0, 1, 1, 0, 0, 0
24339, 0, 1, 1, 0, 0, 0
64978, 0, 1, 1, 0, 0, 0
64979, 3, 2, 2, 0, 3, 0
26957, 4, 2, 2, 0, 4, 0
26958, 0, 1, 1, 0, 0, 0
26959, 4, 1, 1, 0, 4, 0
26962, 0, 1, 1, 0, 0, 0
26963, 0, 1, 1, 0, 0, 0
26964, 4, 3, 3, 0, 4, 0
26965, 5, 3, 3, 0, 5, 0
54158, 1, 2, 1, 1, 1, 0
63084, 0, 1, 0, 1, 0, 0
64980, 1, 1, 1, 0, 1, 0
64981, 2, 1, 1, 0, 1, 1
64982, 0, 1, 1, 0, 0, 0
52692, 1, 1, 1, 0, 1, 0
64983, 0, 2, 1, 1, 0, 0
64984, 0, 1, 0, 1, 0, 0
64985, 7, 1, 1, 0, 7, 0
64986, 1, 1, 1, 0, 1, 0
64987, 0, 1, 1, 0, 0, 0
35384, 0, 1, 1, 0, 0, 0
64988, 1, 2, 2, 0, 1, 0
57751, 12, 1, 0, 1, 10, 2
57752, 3, 1, 0, 1, 3, 0
25177, 1, 1, 1, 0, 1, 0
25184, 0, 1, 1, 0, 0, 0
25186, 0, 1, 1, 0, 0, 0
64989, 0, 2, 2, 0, 0, 0
64990, 0, 1, 1, 0, 0, 0
64991, 1, 1, 1, 0, 1, 0
26251, 0, 1, 1, 0, 0, 0
26252, 0, 3, 3, 0, 0, 0
26253, 0, 6, 6, 0, 0, 0
55367, 3, 3, 3, 0, 1, 2
55368, 0, 1, 0, 1, 0, 0
63772, 0, 2, 2, 0, 0, 0
64992, 0, 1, 0, 1, 0, 0
64993, 0, 1, 0, 1, 0, 0
43839, 1, 2, 2, 0, 1, 0
64994, 2, 2, 2, 0, 2, 0
64995, 2, 1, 1, 0, 2, 0
63849, 0, 3, 3, 0, 0, 0
63622, 25, 3, 3, 0, 23, 2
64996, 0, 1, 1, 0, 0, 0
23421, 0, 2, 2, 0, 0, 0
23425, 0, 2, 2, 0, 0, 0
55647, 2, 2, 2, 0, 2, 0
55648, 8, 1, 0, 1, 0, 8
23430, 5, 0, 0, 0, 5, 0
23431, 10, 1, 1, 0, 10, 0
23432, 13, 1, 1, 0, 13, 0
23433, 0, 2, 2, 0, 0, 0
23434, 0, 1, 1, 0, 0, 0
59100, 0, 1, 1, 0, 0, 0
23435, 2, 0, 0, 0, 2, 0
23436, 0, 1, 1, 0, 0, 0
62592, 1, 1, 1, 0, 1, 0
62593, 6, 2, 2, 0, 6, 0
23439, 6, 0, 0, 0, 6, 0
52714, 1, 1, 1, 0, 1, 0
65001, 1, 1, 1, 0, 1, 0
65012, 1, 2, 2, 0, 1, 0
65013, 0, 1, 1, 0, 0, 0
65014, 0, 1, 1, 0, 0, 0
65015, 0, 2, 2, 0, 0, 0
23555, 0, 1, 1, 0, 0, 0
65016, 0, 2, 2, 0, 0, 0
44848, 2, 1, 0, 1, 2, 0
54497, 3, 2, 0, 2, 2, 1
54498, 1, 2, 1, 1, 1, 0
65017, 0, 1, 1, 0, 0, 0
65018, 0, 1, 1, 0, 0, 0
23484, 2, 0, 0, 0, 2, 0
23485, 0, 3, 3, 0, 0, 0
23486, 8, 1, 1, 0, 8, 0
23487, 1, 1, 1, 0, 1, 0
65019, 4, 1, 1, 0, 4, 0
65023, 0, 1, 0, 1, 0, 0
23507, 0, 1, 1, 0, 0, 0
23508, 0, 1, 1, 0, 0, 0
65024, 1, 1, 1, 0, 1, 0
65025, 0, 4, 4, 0, 0, 0
65026, 2, 2, 2, 0, 2, 0
65027, 0, 1, 0, 1, 0, 0
65028, 1, 1, 0, 1, 1, 0
53612, 0, 2, 1, 1, 0, 0
65029, 1, 1, 1, 0, 1, 0
44108, 1, 1, 1, 0, 1, 0
44109, 0, 1, 1, 0, 0, 0
65042, 0, 1, 1, 0, 0, 0
36508, 0, 1, 1, 0, 0, 0
36509, 0, 1, 1, 0, 0, 0
36514, 0, 1, 1, 0, 0, 0
36516, 0, 1, 1, 0, 0, 0
36518, 3, 1, 1, 0, 3, 0
36523, 0, 1, 1, 0, 0, 0
36524, 0, 1, 1, 0, 0, 0
36526, 2, 1, 0, 1, 2, 0
36528, 1, 1, 0, 1, 1, 0
36533, 0, 1, 0, 1, 0, 0
36534, 0, 3, 2, 1, 0, 0
36535, 0, 1, 0, 1, 0, 0
36536, 0, 2, 0, 2, 0, 0
23551, 0, 3, 2, 1, 0, 0
65043, 2, 2, 2, 0, 2, 0
23560, 5, 0, 0, 0, 5, 0
23564, 0, 2, 2, 0, 0, 0
23565, 0, 1, 1, 0, 0, 0
23568, 0, 1, 1, 0, 0, 0
23574, 0, 4, 4, 0, 0, 0
23575, 0, 1, 1, 0, 0, 0
23578, 0, 1, 1, 0, 0, 0
23582, 0, 1, 1, 0, 0, 0
23583, 0, 1, 1, 0, 0, 0
23587, 1, 2, 2, 0, 1, 0
23588, 0, 1, 1, 0, 0, 0
23589, 1, 3, 2, 1, 1, 0
23593, 0, 1, 1, 0, 0, 0
23596, 1, 3, 2, 1, 1, 0
65044, 3, 2, 2, 0, 3, 0
65045, 0, 1, 1, 0, 0, 0
65046, 3, 1, 1, 0, 3, 0
65047, 3, 1, 1, 0, 3, 0
65048, 0, 2, 2, 0, 0, 0
65049, 0, 1, 0, 1, 0, 0
23598, 1, 0, 0, 0, 1, 0
23599, 7, 0, 0, 0, 7, 0
23600, 0, 1, 1, 0, 0, 0
23602, 3, 0, 0, 0, 3, 0
23603, 0, 1, 1, 0, 0, 0
65050, 0, 2, 1, 1, 0, 0
65051, 0, 1, 0, 1, 0, 0
65052, 5, 4, 3, 1, 4, 1
65053, 1, 1, 0, 1, 1, 0
65054, 1, 2, 1, 1, 1, 0
65055, 0, 1, 0, 1, 0, 0
65056, 0, 1, 0, 1, 0, 0
65057, 0, 2, 2, 0, 0, 0
65058, 0, 1, 1, 0, 0, 0
23615, 0, 1, 1, 0, 0, 0
23616, 0, 1, 1, 0, 0, 0
23619, 0, 1, 1, 0, 0, 0
55914, 0, 1, 0, 1, 0, 0
65059, 1, 1, 1, 0, 1, 0
33635, 1, 1, 1, 0, 1, 0
33636, 0, 1, 1, 0, 0, 0
65060, 0, 1, 1, 0, 0, 0
65061, 1, 1, 1, 0, 1, 0
65062, 2, 1, 1, 0, 2, 0
65063, 0, 1, 1, 0, 0, 0
44284, 0, 2, 2, 0, 0, 0
52464, 0, 4, 3, 1, 0, 0
65070, 0, 1, 1, 0, 0, 0
65071, 0, 2, 2, 0, 0, 0
65072, 0, 1, 1, 0, 0, 0
65073, 0, 1, 1, 0, 0, 0
55137, 0, 1, 1, 0, 0, 0
65074, 1, 2, 2, 0, 1, 0
65075, 0, 1, 1, 0, 0, 0
50390, 1, 1, 1, 0, 1, 0
23658, 1, 0, 0, 0, 1, 0
65085, 6, 3, 1, 2, 4, 2
30302, 1, 2, 2, 0, 1, 0
23678, 2, 1, 1, 0, 2, 0
65087, 0, 1, 1, 0, 0, 0
65088, 0, 2, 2, 0, 0, 0
65089, 0, 1, 1, 0, 0, 0
65090, 1, 2, 2, 0, 1, 0
65091, 3, 2, 2, 0, 3, 0
65092, 0, 1, 1, 0, 0, 0
65093, 0, 2, 2, 0, 0, 0
30497, 0, 4, 4, 0, 0, 0
65094, 1, 1, 1, 0, 1, 0
65095, 1, 1, 1, 0, 1, 0
65096, 0, 1, 0, 1, 0, 0
65097, 0, 2, 2, 0, 0, 0
65098, 1, 1, 1, 0, 1, 0
65032, 0, 1, 1, 0, 0, 0
65033, 0, 1, 1, 0, 0, 0
24807, 2, 2, 1, 1, 2, 0
30105, 0, 2, 2, 0, 0, 0
36347, 5, 2, 2, 0, 5, 0
64453, 0, 1, 1, 0, 0, 0
64454, 0, 1, 1, 0, 0, 0
64455, 0, 1, 1, 0, 0, 0
64456, 2, 1, 1, 0, 1, 1
64457, 0, 1, 1, 0, 0, 0
64458, 2, 1, 1, 0, 2, 0
64459, 0, 1, 1, 0, 0, 0
64460, 0, 1, 1, 0, 0, 0
64461, 0, 1, 1, 0, 0, 0
65111, 1, 1, 1, 0, 1, 0
65112, 0, 1, 1, 0, 0, 0
38831, 3, 2, 2, 0, 3, 0
65113, 1, 1, 1, 0, 1, 0
65114, 0, 2, 2, 0, 0, 0
65115, 0, 1, 1, 0, 0, 0
65116, 0, 1, 0, 1, 0, 0
64754, 2, 2, 2, 0, 2, 0
64755, 0, 1, 1, 0, 0, 0
65117, 15, 1, 1, 0, 9, 6
65118, 1, 1, 1, 0, 1, 0
65119, 1, 1, 0, 1, 0, 1
44124, 0, 2, 2, 0, 0, 0
65120, 0, 1, 1, 0, 0, 0
32637, 7, 3, 1, 2, 3, 4
62496, 1, 2, 2, 0, 1, 0
65121, 7, 2, 1, 1, 7, 0
65122, 6, 1, 1, 0, 6, 0
65123, 0, 1, 0, 1, 0, 0
65124, 0, 1, 0, 1, 0, 0
23767, 17, 0, 0, 0, 12, 5
23769, 5, 0, 0, 0, 5, 0
23772, 1, 0, 0, 0, 1, 0
65125, 7, 2, 2, 0, 7, 0
65126, 4, 2, 2, 0, 4, 0
65127, 0, 3, 3, 0, 0, 0
33228, 0, 3, 3, 0, 0, 0
54838, 1, 1, 1, 0, 1, 0
54839, 2, 1, 1, 0, 0, 2
54840, 0, 1, 1, 0, 0, 0
54841, 0, 1, 1, 0, 0, 0
54842, 0, 1, 1, 0, 0, 0
54843, 1, 3, 2, 1, 1, 0
55249, 9, 1, 1, 0, 9, 0
55895, 0, 2, 1, 1, 0, 0
55896, 0, 1, 1, 0, 0, 0
55897, 0, 2, 2, 0, 0, 0
55898, 0, 1, 0, 1, 0, 0
65128, 0, 1, 1, 0, 0, 0
65129, 2, 2, 1, 1, 1, 1
65130, 0, 1, 1, 0, 0, 0
65131, 0, 1, 0, 1, 0, 0
32906, 0, 2, 0, 2, 0, 0
56141, 0, 3, 1, 2, 0, 0
60344, 4, 4, 3, 1, 3, 1
63256, 0, 1, 1, 0, 0, 0
63257, 0, 1, 1, 0, 0, 0
63258, 0, 2, 2, 0, 0, 0
63259, 0, 1, 1, 0, 0, 0
63260, 0, 1, 0, 1, 0, 0
63261, 0, 1, 0, 1, 0, 0
63262, 0, 2, 1, 1, 0, 0
63263, 0, 1, 0, 1, 0, 0
63264, 0, 1, 0, 1, 0, 0
63265, 0, 2, 1, 1, 0, 0
63266, 0, 1, 0, 1, 0, 0
63267, 0, 1, 0, 1, 0, 0
63269, 0, 1, 0, 1, 0, 0
63270, 0, 1, 0, 1, 0, 0
63271, 0, 1, 0, 1, 0, 0
63272, 0, 1, 0, 1, 0, 0
63273, 5, 1, 0, 1, 5, 0
63274, 0, 1, 0, 1, 0, 0
63275, 0, 2, 1, 1, 0, 0
63276, 0, 1, 0, 1, 0, 0
63277, 1, 1, 0, 1, 1, 0
63278, 0, 1, 0, 1, 0, 0
63279, 0, 1, 0, 1, 0, 0
63281, 1, 1, 0, 1, 1, 0
63282, 0, 1, 0, 1, 0, 0
36826, 2, 2, 2, 0, 2, 0
47100, 1, 3, 3, 0, 1, 0
47101, 0, 2, 2, 0, 0, 0
50417, 0, 1, 1, 0, 0, 0
50418, 0, 1, 1, 0, 0, 0
50419, 0, 1, 1, 0, 0, 0
50420, 0, 1, 1, 0, 0, 0
43972, 10, 1, 1, 0, 8, 2
65132, 0, 1, 1, 0, 0, 0
63045, 2, 3, 2, 1, 2, 0
63046, 0, 1, 0, 1, 0, 0
63047, 0, 1, 0, 1, 0, 0
30106, 0, 1, 1, 0, 0, 0
30110, 0, 1, 1, 0, 0, 0
30113, 0, 1, 1, 0, 0, 0
30114, 1, 3, 3, 0, 1, 0
30115, 0, 2, 1, 1, 0, 0
30124, 1, 1, 1, 0, 1, 0
30125, 0, 1, 1, 0, 0, 0
30129, 0, 1, 1, 0, 0, 0
30131, 0, 1, 1, 0, 0, 0
30136, 0, 1, 1, 0, 0, 0
65157, 0, 1, 1, 0, 0, 0
65158, 0, 1, 1, 0, 0, 0
23812, 1, 0, 0, 0, 1, 0
65159, 1, 1, 1, 0, 1, 0
65160, 0, 1, 1, 0, 0, 0
65161, 2, 2, 1, 1, 2, 0
65162, 5, 1, 1, 0, 5, 0
65163, 0, 2, 2, 0, 0, 0
65164, 1, 1, 1, 0, 1, 0
64181, 1, 1, 1, 0, 1, 0
64182, 1, 1, 1, 0, 1, 0
64184, 0, 1, 0, 1, 0, 0
64185, 0, 1, 0, 1, 0, 0
64186, 0, 1, 0, 1, 0, 0
64187, 10, 1, 0, 1, 5, 5
64188, 0, 1, 0, 1, 0, 0
64189, 4, 3, 1, 2, 2, 2
64190, 0, 1, 0, 1, 0, 0
64191, 3, 1, 0, 1, 3, 0
64192, 0, 1, 0, 1, 0, 0
64193, 0, 1, 0, 1, 0, 0
64194, 0, 1, 0, 1, 0, 0
64195, 0, 1, 0, 1, 0, 0
64196, 1, 1, 0, 1, 1, 0
23823, 1, 0, 0, 0, 1, 0
23829, 4, 0, 0, 0, 4, 0
23830, 2, 0, 0, 0, 2, 0
23833, 6, 1, 1, 0, 6, 0
34337, 0, 3, 3, 0, 0, 0
65170, 0, 1, 1, 0, 0, 0
36337, 0, 1, 1, 0, 0, 0
36338, 0, 1, 1, 0, 0, 0
36339, 0, 1, 1, 0, 0, 0
36342, 0, 1, 1, 0, 0, 0
36343, 1, 2, 2, 0, 1, 0
36344, 4, 2, 2, 0, 3, 1
36346, 0, 1, 1, 0, 0, 0
36349, 1, 1, 1, 0, 1, 0
36354, 0, 1, 1, 0, 0, 0
36358, 0, 1, 1, 0, 0, 0
36359, 0, 1, 1, 0, 0, 0
36360, 0, 1, 1, 0, 0, 0
36361, 0, 1, 1, 0, 0, 0
36362, 0, 1, 1, 0, 0, 0
36363, 0, 1, 1, 0, 0, 0
65171, 0, 1, 1, 0, 0, 0
65172, 1, 1, 1, 0, 1, 0
26223, 0, 1, 1, 0, 0, 0
26224, 1, 1, 1, 0, 1, 0
26225, 0, 1, 1, 0, 0, 0
44779, 0, 1, 1, 0, 0, 0
58961, 0, 2, 2, 0, 0, 0
65173, 1, 3, 3, 0, 1, 0
65174, 2, 2, 2, 0, 2, 0
65175, 3, 1, 1, 0, 3, 0
65176, 2, 2, 0, 2, 2, 0
32711, 0, 1, 1, 0, 0, 0
32714, 0, 1, 1, 0, 0, 0
32715, 4, 1, 1, 0, 3, 1
32718, 0, 1, 1, 0, 0, 0
32722, 3, 2, 2, 0, 2, 1
32723, 0, 1, 1, 0, 0, 0
32728, 0, 1, 1, 0, 0, 0
32729, 4, 1, 1, 0, 4, 0
32731, 0, 1, 1, 0, 0, 0
32732, 1, 2, 2, 0, 1, 0
32736, 0, 1, 0, 1, 0, 0
32738, 0, 1, 0, 1, 0, 0
65177, 2, 1, 1, 0, 2, 0
65178, 0, 1, 1, 0, 0, 0
44018, 3, 2, 1, 1, 3, 0
55228, 0, 5, 5, 0, 0, 0
24012, 0, 1, 1, 0, 0, 0
58864, 0, 1, 1, 0, 0, 0
58866, 0, 1, 1, 0, 0, 0
58867, 0, 1, 1, 0, 0, 0
58868, 0, 1, 1, 0, 0, 0
65179, 0, 1, 1, 0, 0, 0
65180, 0, 2, 2, 0, 0, 0
65181, 0, 1, 1, 0, 0, 0
65182, 1, 1, 1, 0, 1, 0
65183, 0, 1, 1, 0, 0, 0
44719, 0, 1, 1, 0, 0, 0
43857, 0, 2, 2, 0, 0, 0
64261, 5, 2, 2, 0, 5, 0
64309, 3, 2, 2, 0, 3, 0
65184, 0, 1, 1, 0, 0, 0
33524, 1, 2, 2, 0, 1, 0
65185, 0, 1, 1, 0, 0, 0
23918, 0, 3, 3, 0, 0, 0
23920, 0, 2, 1, 1, 0, 0
23924, 0, 1, 1, 0, 0, 0
23928, 11, 1, 1, 0, 11, 0
23930, 1, 1, 1, 0, 1, 0
23936, 0, 3, 3, 0, 0, 0
23941, 0, 4, 4, 0, 0, 0
23943, 2, 3, 3, 0, 2, 0
23945, 0, 3, 2, 1, 0, 0
23950, 1, 2, 2, 0, 1, 0
25372, 22, 1, 1, 0, 21, 1
53377, 2, 1, 1, 0, 2, 0
34213, 0, 1, 1, 0, 0, 0
34214, 0, 1, 1, 0, 0, 0
34215, 0, 1, 1, 0, 0, 0
34216, 0, 1, 1, 0, 0, 0
34217, 0, 1, 1, 0, 0, 0
34218, 0, 2, 2, 0, 0, 0
65186, 1, 1, 1, 0, 1, 0
65187, 1, 1, 1, 0, 1, 0
65188, 0, 1, 1, 0, 0, 0
65189, 0, 1, 1, 0, 0, 0
65190, 0, 2, 2, 0, 0, 0
65191, 1, 1, 1, 0, 1, 0
23955, 3, 1, 1, 0, 3, 0
23956, 1, 2, 2, 0, 1, 0
23957, 0, 1, 1, 0, 0, 0
52136, 0, 1, 0, 1, 0, 0
65193, 0, 2, 2, 0, 0, 0
23972, 0, 1, 1, 0, 0, 0
23974, 0, 1, 1, 0, 0, 0
65196, 1, 1, 1, 0, 1, 0
23983, 7, 0, 0, 0, 7, 0
23986, 0, 1, 1, 0, 0, 0
23987, 4, 2, 1, 1, 1, 3
23989, 0, 1, 1, 0, 0, 0
65197, 0, 1, 0, 1, 0, 0
65198, 0, 1, 1, 0, 0, 0
44319, 7, 1, 0, 1, 7, 0
52114, 3, 3, 2, 1, 2, 1
63718, 0, 2, 1, 1, 0, 0
65199, 2, 1, 1, 0, 1, 1
65200, 5, 1, 0, 1, 5, 0
65201, 0, 1, 0, 1, 0, 0
65202, 0, 2, 0, 2, 0, 0
65203, 0, 1, 0, 1, 0, 0
23995, 0, 1, 1, 0, 0, 0
23998, 0, 1, 1, 0, 0, 0
24000, 10, 0, 0, 0, 9, 1
65204, 0, 1, 1, 0, 0, 0
24004, 0, 2, 2, 0, 0, 0
24005, 1, 1, 1, 0, 1, 0
24006, 0, 2, 2, 0, 0, 0
24007, 0, 1, 1, 0, 0, 0
24008, 2, 1, 1, 0, 0, 2
65205, 4, 1, 1, 0, 4, 0
24015, 5, 1, 0, 1, 4, 1
24018, 0, 2, 2, 0, 0, 0
24020, 0, 1, 1, 0, 0, 0
24026, 0, 3, 2, 1, 0, 0
27923, 1, 1, 1, 0, 1, 0
27927, 8, 2, 2, 0, 8, 0
45217, 0, 1, 1, 0, 0, 0
51922, 2, 1, 1, 0, 1, 1
51923, 0, 1, 1, 0, 0, 0
51924, 0, 1, 1, 0, 0, 0
51926, 0, 1, 0, 1, 0, 0
24031, 10, 0, 0, 0, 9, 1
24032, 0, 1, 1, 0, 0, 0
24033, 0, 1, 1, 0, 0, 0
57367, 6, 1, 1, 0, 3, 3
57368, 0, 3, 1, 2, 0, 0
57369, 2, 1, 1, 0, 2, 0
59386, 18, 1, 1, 0, 18, 0
59387, 0, 1, 0, 1, 0, 0
65206, 0, 1, 1, 0, 0, 0
33217, 0, 2, 1, 1, 0, 0
50895, 5, 1, 1, 0, 5, 0
50896, 0, 2, 2, 0, 0, 0
50898, 1, 1, 0, 1, 1, 0
38369, 7, 1, 1, 0, 3, 4
65207, 0, 1, 1, 0, 0, 0
65208, 0, 1, 1, 0, 0, 0
31159, 0, 2, 0, 2, 0, 0
55275, 2, 2, 2, 0, 2, 0
61519, 1, 2, 2, 0, 1, 0
61520, 0, 1, 1, 0, 0, 0
61521, 0, 1, 1, 0, 0, 0
61522, 0, 1, 1, 0, 0, 0
61523, 0, 1, 1, 0, 0, 0
61524, 12, 1, 1, 0, 12, 0
61525, 0, 1, 1, 0, 0, 0
61526, 0, 1, 1, 0, 0, 0
61527, 0, 1, 1, 0, 0, 0
61528, 0, 1, 0, 1, 0, 0
31240, 1, 2, 2, 0, 1, 0
31241, 1, 2, 2, 0, 1, 0
24057, 1, 0, 0, 0, 1, 0
24058, 1, 0, 0, 0, 1, 0
54699, 0, 2, 1, 1, 0, 0
65222, 0, 1, 1, 0, 0, 0
65223, 0, 1, 1, 0, 0, 0
24082, 15, 0, 0, 0, 13, 2
24083, 0, 2, 1, 1, 0, 0
24085, 1, 2, 2, 0, 1, 0
24086, 1, 1, 1, 0, 1, 0
24089, 0, 1, 1, 0, 0, 0
24094, 0, 1, 1, 0, 0, 0
24100, 1, 0, 0, 0, 1, 0
24101, 4, 2, 2, 0, 4, 0
24102, 1, 1, 1, 0, 1, 0
24103, 1, 1, 1, 0, 1, 0
63719, 0, 1, 1, 0, 0, 0
65228, 0, 1, 1, 0, 0, 0
54453, 0, 1, 1, 0, 0, 0
54455, 0, 1, 1, 0, 0, 0
54456, 4, 2, 0, 2, 2, 2
65229, 1, 1, 1, 0, 1, 0
36686, 0, 3, 3, 0, 0, 0
65230, 0, 1, 1, 0, 0, 0
65231, 0, 1, 0, 1, 0, 0
65232, 0, 1, 0, 1, 0, 0
65233, 0, 1, 0, 1, 0, 0
26208, 0, 1, 1, 0, 0, 0
26209, 0, 1, 0, 1, 0, 0
50828, 0, 4, 3, 1, 0, 0
58521, 0, 2, 2, 0, 0, 0
61483, 7, 4, 4, 0, 7, 0
63429, 0, 1, 1, 0, 0, 0
63430, 0, 1, 1, 0, 0, 0
63431, 0, 1, 1, 0, 0, 0
63432, 0, 1, 1, 0, 0, 0
63433, 0, 1, 1, 0, 0, 0
63434, 0, 2, 1, 1, 0, 0
63435, 0, 1, 1, 0, 0, 0
63436, 0, 1, 1, 0, 0, 0
63437, 0, 1, 1, 0, 0, 0
63438, 0, 1, 1, 0, 0, 0
63439, 0, 1, 1, 0, 0, 0
63440, 2, 2, 2, 0, 0, 2
27742, 2, 2, 2, 0, 2, 0
55807, 0, 2, 2, 0, 0, 0
59915, 0, 2, 2, 0, 0, 0
59917, 0, 1, 1, 0, 0, 0
59918, 0, 1, 1, 0, 0, 0
59919, 0, 1, 1, 0, 0, 0
59920, 1, 1, 1, 0, 0, 1
59921, 0, 1, 1, 0, 0, 0
59922, 1, 1, 1, 0, 1, 0
59923, 0, 1, 1, 0, 0, 0
59924, 0, 1, 1, 0, 0, 0
59925, 0, 1, 1, 0, 0, 0
24152, 1, 0, 0, 0, 1, 0
24156, 0, 2, 1, 1, 0, 0
54325, 5, 5, 5, 0, 5, 0
54326, 2, 4, 4, 0, 2, 0
65236, 2, 3, 2, 1, 2, 0
65237, 0, 1, 1, 0, 0, 0
65238, 0, 1, 1, 0, 0, 0
65239, 0, 1, 1, 0, 0, 0
65240, 1, 1, 1, 0, 0, 1
27451, 0, 5, 4, 1, 0, 0
52568, 2, 2, 0, 2, 0, 2
62306, 7, 2, 1, 1, 7, 0
62967, 0, 2, 1, 1, 0, 0
63185, 0, 2, 1, 1, 0, 0
65102, 0, 1, 1, 0, 0, 0
65103, 0, 1, 0, 1, 0, 0
65104, 0, 1, 0, 1, 0, 0
65105, 0, 1, 0, 1, 0, 0
65106, 2, 1, 0, 1, 2, 0
65107, 0, 1, 0, 1, 0, 0
65108, 0, 1, 0, 1, 0, 0
65109, 0, 1, 0, 1, 0, 0
65110, 0, 1, 0, 1, 0, 0
35880, 0, 2, 2, 0, 0, 0
63594, 0, 3, 3, 0, 0, 0
65241, 2, 3, 3, 0, 2, 0
24172, 9, 0, 0, 0, 8, 1
24173, 9, 0, 0, 0, 6, 3
24174, 0, 3, 3, 0, 0, 0
24178, 1, 2, 2, 0, 1, 0
24179, 0, 1, 1, 0, 0, 0
65242, 0, 1, 1, 0, 0, 0
65243, 0, 1, 0, 1, 0, 0
24181, 5, 0, 0, 0, 5, 0
24183, 0, 1, 1, 0, 0, 0
24184, 3, 2, 2, 0, 3, 0
24185, 2, 2, 2, 0, 2, 0
24186, 0, 1, 0, 1, 0, 0
33988, 3, 2, 2, 0, 3, 0
65248, 0, 1, 1, 0, 0, 0
65249, 0, 1, 1, 0, 0, 0
65250, 2, 1, 1, 0, 2, 0
65251, 2, 1, 1, 0, 2, 0
24215, 0, 2, 2, 0, 0, 0
24217, 1, 4, 4, 0, 1, 0
24218, 2, 0, 0, 0, 2, 0
24220, 0, 1, 0, 1, 0, 0
24221, 0, 1, 0, 1, 0, 0
24228, 8, 0, 0, 0, 8, 0
24229, 3, 1, 1, 0, 3, 0
24720, 2, 1, 1, 0, 1, 1
65256, 0, 1, 1, 0, 0, 0
39173, 0, 1, 1, 0, 0, 0
39174, 7, 2, 0, 2, 5, 2
39178, 1, 1, 0, 1, 1, 0
39180, 0, 1, 0, 1, 0, 0
39181, 0, 1, 0, 1, 0, 0
65257, 0, 1, 0, 1, 0, 0
24247, 0, 1, 1, 0, 0, 0
24248, 0, 1, 1, 0, 0, 0
24249, 0, 1, 0, 1, 0, 0
44975, 0, 1, 1, 0, 0, 0
29441, 1, 5, 5, 0, 1, 0
30958, 0, 1, 1, 0, 0, 0
30959, 4, 1, 1, 0, 4, 0
30962, 0, 1, 1, 0, 0, 0
30963, 0, 1, 0, 1, 0, 0
30966, 0, 1, 0, 1, 0, 0
65259, 0, 1, 1, 0, 0, 0
24274, 1, 0, 0, 0, 1, 0
65260, 1, 2, 2, 0, 1, 0
64912, 0, 2, 2, 0, 0, 0
65261, 0, 1, 1, 0, 0, 0
65262, 0, 1, 1, 0, 0, 0
65263, 0, 3, 3, 0, 0, 0
65264, 2, 1, 1, 0, 2, 0
65265, 0, 1, 0, 1, 0, 0
65266, 0, 1, 0, 1, 0, 0
65267, 0, 1, 0, 1, 0, 0
65269, 0, 2, 0, 2, 0, 0
65270, 0, 2, 1, 1, 0, 0
24293, 3, 0, 0, 0, 3, 0
59453, 2, 1, 1, 0, 2, 0
59454, 1, 1, 1, 0, 1, 0
59455, 0, 1, 1, 0, 0, 0
59456, 0, 2, 2, 0, 0, 0
59459, 0, 1, 1, 0, 0, 0
59460, 0, 1, 1, 0, 0, 0
59461, 0, 1, 1, 0, 0, 0
65271, 0, 1, 1, 0, 0, 0
65272, 0, 1, 1, 0, 0, 0
24300, 1, 0, 0, 0, 1, 0
24302, 0, 1, 1, 0, 0, 0
24303, 0, 1, 1, 0, 0, 0
24307, 3, 0, 0, 0, 3, 0
65273, 0, 1, 1, 0, 0, 0
65274, 1, 1, 1, 0, 1, 0
65275, 1, 2, 2, 0, 1, 0
65276, 1, 1, 1, 0, 1, 0
65277, 0, 2, 2, 0, 0, 0
65278, 0, 1, 1, 0, 0, 0
65279, 0, 1, 1, 0, 0, 0
65280, 0, 1, 1, 0, 0, 0
65281, 0, 1, 1, 0, 0, 0
54721, 27, 1, 1, 0, 27, 0
55625, 6, 1, 1, 0, 5, 1
58498, 0, 2, 2, 0, 0, 0
65282, 0, 1, 1, 0, 0, 0
65283, 0, 1, 1, 0, 0, 0
65284, 0, 1, 0, 1, 0, 0
65285, 0, 1, 0, 1, 0, 0
65286, 0, 1, 1, 0, 0, 0
65287, 7, 1, 1, 0, 7, 0
65288, 0, 1, 1, 0, 0, 0
65034, 2, 1, 1, 0, 0, 2
65035, 1, 1, 1, 0, 1, 0
65036, 0, 1, 1, 0, 0, 0
65037, 0, 1, 1, 0, 0, 0
65038, 1, 2, 2, 0, 1, 0
65039, 1, 3, 3, 0, 1, 0
65040, 0, 1, 1, 0, 0, 0
65041, 0, 1, 0, 1, 0, 0
35422, 0, 2, 0, 2, 0, 0
65302, 0, 1, 1, 0, 0, 0
51188, 0, 1, 1, 0, 0, 0
51189, 1, 1, 1, 0, 1, 0
51190, 2, 1, 1, 0, 2, 0
51191, 0, 1, 1, 0, 0, 0
51195, 0, 1, 1, 0, 0, 0
51197, 0, 1, 1, 0, 0, 0
51199, 0, 2, 2, 0, 0, 0
51200, 0, 1, 1, 0, 0, 0
51201, 0, 1, 1, 0, 0, 0
51202, 0, 1, 1, 0, 0, 0
51204, 1, 1, 1, 0, 1, 0
51205, 0, 1, 1, 0, 0, 0
51206, 0, 2, 2, 0, 0, 0
51207, 0, 1, 1, 0, 0, 0
51208, 1, 1, 0, 1, 1, 0
65303, 1, 1, 1, 0, 1, 0
24375, 0, 2, 2, 0, 0, 0
24376, 1, 1, 1, 0, 1, 0
24377, 1, 1, 1, 0, 1, 0
65309, 0, 1, 1, 0, 0, 0
65310, 1, 1, 1, 0, 1, 0
65311, 0, 1, 1, 0, 0, 0
65312, 0, 2, 2, 0, 0, 0
34422, 3, 1, 1, 0, 3, 0
34423, 0, 1, 1, 0, 0, 0
34424, 0, 1, 1, 0, 0, 0
52503, 0, 1, 1, 0, 0, 0
24402, 1, 2, 1, 1, 1, 0
31147, 0, 1, 1, 0, 0, 0
31149, 1, 1, 1, 0, 1, 0
31151, 0, 1, 1, 0, 0, 0
31153, 0, 2, 2, 0, 0, 0
31156, 0, 2, 2, 0, 0, 0
31160, 0, 1, 0, 1, 0, 0
24403, 1, 0, 0, 0, 1, 0
65318, 1, 1, 1, 0, 1, 0
24408, 2, 0, 0, 0, 2, 0
24409, 2, 2, 2, 0, 1, 1
65333, 0, 1, 1, 0, 0, 0
29633, 0, 2, 0, 2, 0, 0
30218, 4, 2, 2, 0, 4, 0
30219, 0, 1, 1, 0, 0, 0
30221, 0, 1, 1, 0, 0, 0
30224, 0, 1, 1, 0, 0, 0
30226, 0, 1, 1, 0, 0, 0
30230, 0, 2, 2, 0, 0, 0
30232, 0, 1, 1, 0, 0, 0
30235, 0, 1, 1, 0, 0, 0
30238, 0, 4, 2, 2, 0, 0
30242, 0, 2, 0, 2, 0, 0
30244, 0, 2, 1, 1, 0, 0
30246, 0, 1, 0, 1, 0, 0
30247, 0, 2, 1, 1, 0, 0
30250, 0, 1, 0, 1, 0, 0
30251, 0, 1, 0, 1, 0, 0
30252, 0, 2, 1, 1, 0, 0
30253, 0, 1, 0, 1, 0, 0
30255, 0, 1, 0, 1, 0, 0
30256, 3, 1, 0, 1, 3, 0
65334, 0, 1, 1, 0, 0, 0
24421, 5, 0, 0, 0, 2, 3
24422, 6, 0, 0, 0, 6, 0
56827, 0, 1, 1, 0, 0, 0
65335, 4, 1, 1, 0, 4, 0
65336, 0, 1, 1, 0, 0, 0
24452, 2, 0, 0, 0, 1, 1
55221, 3, 1, 1, 0, 0, 3
55222, 0, 1, 1, 0, 0, 0
65344, 1, 1, 1, 0, 1, 0
65345, 1, 1, 1, 0, 1, 0
65346, 1, 2, 1, 1, 1, 0
65347, 0, 1, 0, 1, 0, 0
65348, 0, 1, 1, 0, 0, 0
65349, 0, 1, 1, 0, 0, 0
65350, 3, 2, 2, 0, 3, 0
65351, 0, 1, 1, 0, 0, 0
65352, 1, 1, 0, 1, 1, 0
65353, 0, 1, 0, 1, 0, 0
65354, 0, 1, 0, 1, 0, 0
65355, 3, 1, 1, 0, 3, 0
65356, 0, 1, 1, 0, 0, 0
65357, 1, 1, 1, 0, 1, 0
65358, 0, 1, 1, 0, 0, 0
65359, 6, 1, 1, 0, 3, 3
65360, 0, 1, 1, 0, 0, 0
65361, 2, 1, 1, 0, 1, 1
28430, 0, 1, 1, 0, 0, 0
28431, 0, 2, 2, 0, 0, 0
28432, 0, 1, 1, 0, 0, 0
28434, 2, 2, 2, 0, 2, 0
28435, 0, 2, 2, 0, 0, 0
28438, 0, 5, 5, 0, 0, 0
28439, 0, 1, 1, 0, 0, 0
28442, 2, 2, 0, 2, 2, 0
33693, 0, 3, 3, 0, 0, 0
65362, 0, 1, 1, 0, 0, 0
65363, 1, 1, 1, 0, 1, 0
24512, 2, 0, 0, 0, 2, 0
65365, 0, 1, 1, 0, 0, 0
63148, 0, 1, 1, 0, 0, 0
24533, 2, 0, 0, 0, 1, 1
24538, 0, 1, 1, 0, 0, 0
24541, 13, 0, 0, 0, 12, 1
24543, 1, 2, 2, 0, 1, 0
65368, 0, 1, 1, 0, 0, 0
24549, 2, 1, 1, 0, 2, 0
24553, 1, 1, 1, 0, 1, 0
24554, 1, 0, 0, 0, 1, 0
44953, 3, 1, 1, 0, 3, 0
24562, 1, 2, 2, 0, 1, 0
65371, 0, 1, 1, 0, 0, 0
65372, 0, 1, 1, 0, 0, 0
24564, 1, 0, 0, 0, 1, 0
24566, 1, 1, 1, 0, 1, 0
65373, 1, 1, 1, 0, 1, 0
64587, 0, 1, 0, 1, 0, 0
49567, 2, 2, 2, 0, 2, 0
61529, 11, 3, 1, 2, 10, 1
65374, 0, 1, 1, 0, 0, 0
65375, 0, 1, 0, 1, 0, 0
62469, 3, 1, 1, 0, 3, 0
62470, 0, 1, 1, 0, 0, 0
65376, 7, 3, 3, 0, 7, 0
65377, 4, 2, 2, 0, 4, 0
65378, 3, 2, 2, 0, 3, 0
65379, 1, 1, 1, 0, 1, 0
65380, 0, 1, 1, 0, 0, 0
65381, 1, 1, 1, 0, 1, 0
65382, 2, 2, 2, 0, 1, 1
65383, 0, 1, 1, 0, 0, 0
65384, 1, 1, 1, 0, 1, 0
65385, 0, 1, 1, 0, 0, 0
24614, 1, 0, 0, 0, 1, 0
60614, 1, 1, 1, 0, 1, 0
60615, 0, 1, 1, 0, 0, 0
60616, 0, 2, 2, 0, 0, 0
60617, 0, 1, 0, 1, 0, 0
33877, 0, 3, 3, 0, 0, 0
65386, 2, 1, 1, 0, 1, 1
65387, 0, 2, 2, 0, 0, 0
65388, 0, 1, 1, 0, 0, 0
34710, 1, 2, 2, 0, 1, 0
63233, 0, 1, 1, 0, 0, 0
63235, 1, 1, 1, 0, 1, 0
63236, 2, 1, 1, 0, 1, 1
63237, 0, 3, 3, 0, 0, 0
63238, 0, 1, 0, 1, 0, 0
63239, 0, 1, 0, 1, 0, 0
24645, 0, 1, 1, 0, 0, 0
59306, 0, 1, 1, 0, 0, 0
59307, 0, 4, 4, 0, 0, 0
59308, 0, 1, 1, 0, 0, 0
59309, 0, 2, 1, 1, 0, 0
24650, 1, 0, 0, 0, 1, 0
64766, 0, 1, 1, 0, 0, 0
64767, 0, 3, 1, 2, 0, 0
64768, 0, 1, 0, 1, 0, 0
64769, 0, 1, 0, 1, 0, 0
64770, 0, 2, 1, 1, 0, 0
64771, 0, 1, 0, 1, 0, 0
64772, 0, 1, 0, 1, 0, 0
64773, 4, 1, 0, 1, 4, 0
64774, 0, 1, 0, 1, 0, 0
64775, 0, 1, 0, 1, 0, 0
64776, 0, 3, 2, 1, 0, 0
64777, 2, 1, 0, 1, 0, 2
65390, 0, 1, 1, 0, 0, 0
65391, 0, 1, 1, 0, 0, 0
65392, 0, 1, 1, 0, 0, 0
65393, 0, 1, 1, 0, 0, 0
65394, 1, 1, 0, 1, 0, 1
65395, 0, 2, 1, 1, 0, 0
65396, 0, 1, 1, 0, 0, 0
65397, 0, 1, 1, 0, 0, 0
65398, 0, 1, 1, 0, 0, 0
24660, 3, 0, 0, 0, 3, 0
24665, 3, 0, 0, 0, 1, 2
24668, 8, 0, 0, 0, 8, 0
65406, 0, 1, 1, 0, 0, 0
65407, 0, 1, 1, 0, 0, 0
24676, 17, 0, 0, 0, 13, 4
24678, 0, 2, 2, 0, 0, 0
32743, 0, 2, 2, 0, 0, 0
24690, 9, 0, 0, 0, 8, 1
24692, 0, 4, 4, 0, 0, 0
24694, 1, 0, 0, 0, 1, 0
24695, 3, 0, 0, 0, 3, 0
57794, 22, 1, 1, 0, 22, 0
59443, 0, 1, 1, 0, 0, 0
63246, 0, 1, 1, 0, 0, 0
63247, 0, 2, 2, 0, 0, 0
63248, 2, 1, 1, 0, 2, 0
63249, 0, 1, 1, 0, 0, 0
63250, 0, 1, 1, 0, 0, 0
65424, 2, 1, 1, 0, 2, 0
55604, 0, 1, 1, 0, 0, 0
24714, 3, 0, 0, 0, 3, 0
24716, 8, 0, 0, 0, 8, 0
38559, 4, 3, 2, 1, 2, 2
65429, 0, 1, 1, 0, 0, 0
65430, 0, 1, 1, 0, 0, 0
65431, 0, 1, 1, 0, 0, 0
65432, 0, 1, 1, 0, 0, 0
65433, 0, 1, 1, 0, 0, 0
65434, 0, 1, 1, 0, 0, 0
65435, 0, 1, 1, 0, 0, 0
24721, 6, 0, 0, 0, 6, 0
24723, 0, 1, 1, 0, 0, 0
65436, 0, 1, 1, 0, 0, 0
64558, 1, 3, 3, 0, 1, 0
43814, 2, 1, 1, 0, 2, 0
43815, 0, 1, 1, 0, 0, 0
43816, 0, 1, 1, 0, 0, 0
43817, 0, 1, 1, 0, 0, 0
43818, 9, 1, 1, 0, 7, 2
65437, 0, 1, 1, 0, 0, 0
65337, 0, 1, 0, 1, 0, 0
65338, 7, 2, 1, 1, 1, 6
24741, 3, 0, 0, 0, 3, 0
24744, 2, 0, 0, 0, 2, 0
24746, 3, 0, 0, 0, 3, 0
24748, 0, 10, 10, 0, 0, 0
24750, 6, 0, 0, 0, 6, 0
24752, 4, 0, 0, 0, 4, 0
65438, 1, 1, 1, 0, 1, 0
65439, 1, 1, 1, 0, 1, 0
65440, 3, 1, 1, 0, 2, 1
65441, 0, 1, 0, 1, 0, 0
65442, 0, 1, 0, 1, 0, 0
65443, 0, 2, 0, 2, 0, 0
65444, 0, 1, 0, 1, 0, 0
34150, 0, 1, 1, 0, 0, 0
65445, 0, 1, 1, 0, 0, 0
65446, 1, 1, 1, 0, 1, 0
65447, 0, 1, 1, 0, 0, 0
24784, 4, 0, 0, 0, 4, 0
24789, 0, 2, 1, 1, 0, 0
24790, 0, 1, 1, 0, 0, 0
35212, 3, 2, 2, 0, 3, 0
65448, 0, 1, 1, 0, 0, 0
65449, 4, 1, 1, 0, 1, 3
65450, 0, 1, 0, 1, 0, 0
61666, 1, 2, 2, 0, 1, 0
61667, 0, 1, 1, 0, 0, 0
61668, 0, 1, 0, 1, 0, 0
61669, 5, 1, 0, 1, 5, 0
61670, 0, 1, 0, 1, 0, 0
61671, 0, 1, 0, 1, 0, 0
61672, 1, 1, 0, 1, 1, 0
61673, 0, 1, 0, 1, 0, 0
61674, 1, 1, 0, 1, 0, 1
65451, 1, 1, 1, 0, 0, 1
65452, 4, 1, 1, 0, 4, 0
24808, 0, 1, 0, 1, 0, 0
46285, 4, 1, 1, 0, 4, 0
65453, 0, 1, 1, 0, 0, 0
65454, 2, 1, 1, 0, 2, 0
24820, 16, 2, 2, 0, 16, 0
24822, 0, 1, 1, 0, 0, 0
24823, 10, 1, 1, 0, 10, 0
55004, 0, 1, 1, 0, 0, 0
55205, 3, 3, 3, 0, 3, 0
24825, 1, 0, 0, 0, 1, 0
24827, 1, 1, 1, 0, 1, 0
24829, 4, 1, 1, 0, 4, 0
65459, 2, 2, 2, 0, 2, 0
65460, 3, 2, 1, 1, 3, 0
65461, 0, 1, 1, 0, 0, 0
65462, 0, 1, 1, 0, 0, 0
65464, 0, 1, 0, 1, 0, 0
24852, 5, 0, 0, 0, 5, 0
65465, 0, 1, 1, 0, 0, 0
65466, 0, 2, 2, 0, 0, 0
55650, 12, 2, 2, 0, 12, 0
55652, 0, 3, 3, 0, 0, 0
65467, 0, 2, 1, 1, 0, 0
65468, 4, 1, 1, 0, 1, 3
65469, 0, 1, 1, 0, 0, 0
65470, 1, 1, 1, 0, 1, 0
52739, 0, 1, 1, 0, 0, 0
24885, 3, 0, 0, 0, 3, 0
24889, 17, 2, 2, 0, 14, 3
39551, 3, 1, 1, 0, 3, 0
39552, 0, 1, 1, 0, 0, 0
65471, 1, 1, 1, 0, 1, 0
65472, 1, 1, 1, 0, 1, 0
54886, 0, 4, 4, 0, 0, 0
65474, 1, 1, 1, 0, 1, 0
65475, 0, 1, 1, 0, 0, 0
65476, 17, 2, 1, 1, 4, 13
60383, 0, 1, 1, 0, 0, 0
65477, 0, 1, 1, 0, 0, 0
65478, 6, 1, 1, 0, 2, 4
65479, 1, 1, 1, 0, 1, 0
65480, 0, 1, 1, 0, 0, 0
65481, 4, 2, 2, 0, 4, 0
65403, 0, 3, 3, 0, 0, 0
65404, 0, 1, 0, 1, 0, 0
65405, 0, 1, 0, 1, 0, 0
65482, 0, 3, 3, 0, 0, 0
24940, 24, 0, 0, 0, 24, 0
24949, 7, 0, 0, 0, 7, 0
24950, 2, 0, 0, 0, 1, 1
24951, 0, 1, 0, 1, 0, 0
33478, 0, 2, 2, 0, 0, 0
64942, 0, 3, 3, 0, 0, 0
65487, 0, 1, 1, 0, 0, 0
65488, 0, 1, 1, 0, 0, 0
43688, 6, 2, 2, 0, 6, 0
43689, 0, 1, 0, 1, 0, 0
43690, 0, 1, 0, 1, 0, 0
43691, 0, 1, 0, 1, 0, 0
43692, 0, 1, 0, 1, 0, 0
43693, 0, 1, 0, 1, 0, 0
43694, 0, 1, 0, 1, 0, 0
43695, 0, 1, 0, 1, 0, 0
43696, 0, 1, 0, 1, 0, 0
43697, 0, 1, 0, 1, 0, 0
43698, 0, 1, 0, 1, 0, 0
43699, 0, 1, 0, 1, 0, 0
43700, 0, 1, 0, 1, 0, 0
43701, 0, 1, 0, 1, 0, 0
43702, 0, 1, 0, 1, 0, 0
43703, 0, 1, 0, 1, 0, 0
43704, 0, 1, 0, 1, 0, 0
43705, 0, 1, 0, 1, 0, 0
43706, 0, 1, 0, 1, 0, 0
43707, 0, 1, 0, 1, 0, 0
43708, 0, 1, 0, 1, 0, 0
43709, 0, 1, 0, 1, 0, 0
43710, 0, 1, 0, 1, 0, 0
43711, 0, 1, 0, 1, 0, 0
43712, 0, 1, 0, 1, 0, 0
43713, 0, 1, 0, 1, 0, 0
43714, 0, 1, 0, 1, 0, 0
43715, 0, 1, 0, 1, 0, 0
43716, 0, 1, 0, 1, 0, 0
43717, 0, 1, 0, 1, 0, 0
43718, 0, 1, 0, 1, 0, 0
43719, 0, 1, 0, 1, 0, 0
43720, 0, 1, 0, 1, 0, 0
43721, 0, 1, 0, 1, 0, 0
43722, 0, 1, 0, 1, 0, 0
43723, 0, 1, 0, 1, 0, 0
43724, 0, 1, 0, 1, 0, 0
43725, 0, 1, 0, 1, 0, 0
43726, 0, 1, 0, 1, 0, 0
43727, 0, 1, 0, 1, 0, 0
43728, 0, 1, 0, 1, 0, 0
43729, 0, 1, 0, 1, 0, 0
43730, 0, 1, 0, 1, 0, 0
43731, 0, 1, 0, 1, 0, 0
43732, 0, 1, 0, 1, 0, 0
43733, 0, 1, 0, 1, 0, 0
43734, 0, 1, 0, 1, 0, 0
43735, 0, 1, 0, 1, 0, 0
43736, 0, 1, 0, 1, 0, 0
43737, 0, 1, 0, 1, 0, 0
43738, 0, 1, 0, 1, 0, 0
43739, 0, 2, 0, 2, 0, 0
43740, 0, 1, 0, 1, 0, 0
43741, 0, 1, 0, 1, 0, 0
43742, 0, 1, 0, 1, 0, 0
43743, 0, 1, 0, 1, 0, 0
43744, 0, 1, 0, 1, 0, 0
43745, 0, 1, 0, 1, 0, 0
43746, 0, 1, 0, 1, 0, 0
43747, 0, 1, 0, 1, 0, 0
43748, 0, 1, 0, 1, 0, 0
43749, 0, 1, 0, 1, 0, 0
43750, 0, 1, 0, 1, 0, 0
43752, 0, 1, 0, 1, 0, 0
43753, 0, 1, 0, 1, 0, 0
43754, 0, 1, 0, 1, 0, 0
43755, 0, 1, 0, 1, 0, 0
56818, 0, 2, 2, 0, 0, 0
56819, 0, 3, 0, 3, 0, 0
65489, 0, 1, 1, 0, 0, 0
65493, 3, 2, 2, 0, 3, 0
65498, 0, 1, 0, 1, 0, 0
65499, 1, 1, 1, 0, 1, 0
24991, 1, 0, 0, 0, 1, 0
55030, 1, 4, 4, 0, 1, 0
65500, 0, 2, 2, 0, 0, 0
58284, 3, 1, 1, 0, 3, 0
65501, 1, 1, 1, 0, 1, 0
43069, 34, 2, 2, 0, 26, 8
55666, 0, 1, 1, 0, 0, 0
65502, 1, 1, 1, 0, 1, 0
25005, 3, 0, 0, 0, 3, 0
65505, 0, 1, 1, 0, 0, 0
65506, 0, 1, 1, 0, 0, 0
36831, 0, 1, 1, 0, 0, 0
36832, 0, 1, 1, 0, 0, 0
61837, 0, 1, 1, 0, 0, 0
61838, 0, 1, 1, 0, 0, 0
61839, 0, 1, 1, 0, 0, 0
61840, 0, 1, 1, 0, 0, 0
61841, 0, 1, 1, 0, 0, 0
61842, 0, 1, 1, 0, 0, 0
34774, 0, 8, 8, 0, 0, 0
27914, 4, 4, 4, 0, 4, 0
65507, 0, 1, 1, 0, 0, 0
60066, 1, 1, 1, 0, 1, 0
60067, 0, 1, 1, 0, 0, 0
64071, 1, 2, 2, 0, 1, 0
64072, 0, 1, 1, 0, 0, 0
54240, 0, 2, 2, 0, 0, 0
54241, 0, 2, 2, 0, 0, 0
54242, 0, 2, 2, 0, 0, 0
54244, 0, 1, 1, 0, 0, 0
54245, 8, 1, 1, 0, 7, 1
54246, 9, 1, 1, 0, 9, 0
54247, 0, 1, 0, 1, 0, 0
54248, 0, 2, 1, 1, 0, 0
54250, 0, 2, 1, 1, 0, 0
54251, 0, 2, 1, 1, 0, 0
54252, 0, 1, 0, 1, 0, 0
54253, 0, 1, 0, 1, 0, 0
54254, 0, 1, 0, 1, 0, 0
54255, 0, 1, 0, 1, 0, 0
54256, 0, 1, 0, 1, 0, 0
54257, 0, 1, 0, 1, 0, 0
41688, 0, 1, 1, 0, 0, 0
41689, 0, 1, 1, 0, 0, 0
41690, 2, 1, 1, 0, 2, 0
41691, 0, 2, 1, 1, 0, 0
41692, 1, 1, 1, 0, 1, 0
41693, 0, 1, 1, 0, 0, 0
41694, 0, 1, 1, 0, 0, 0
41695, 0, 1, 1, 0, 0, 0
41696, 0, 1, 0, 1, 0, 0
65508, 0, 1, 0, 1, 0, 0
36539, 1, 1, 1, 0, 1, 0
36540, 0, 1, 1, 0, 0, 0
36541, 1, 2, 2, 0, 1, 0
36542, 0, 3, 3, 0, 0, 0
36543, 0, 2, 2, 0, 0, 0
65509, 2, 1, 1, 0, 2, 0
65510, 0, 2, 2, 0, 0, 0
44685, 9, 3, 3, 0, 9, 0
25043, 10, 0, 0, 0, 10, 0
25044, 0, 1, 1, 0, 0, 0
60613, 0, 1, 1, 0, 0, 0
65511, 1, 1, 1, 0, 1, 0
54880, 0, 1, 0, 1, 0, 0
54881, 0, 1, 0, 1, 0, 0
54882, 0, 1, 0, 1, 0, 0
54883, 0, 1, 0, 1, 0, 0
54884, 0, 1, 0, 1, 0, 0
35586, 0, 5, 5, 0, 0, 0
65512, 5, 2, 2, 0, 0, 5
65513, 1, 1, 1, 0, 1, 0
62256, 0, 2, 2, 0, 0, 0
65514, 0, 1, 1, 0, 0, 0
65515, 0, 1, 1, 0, 0, 0
65516, 0, 1, 1, 0, 0, 0
64889, 0, 1, 1, 0, 0, 0
64890, 0, 1, 0, 1, 0, 0
65517, 2, 2, 2, 0, 2, 0
65518, 0, 1, 1, 0, 0, 0
65519, 2, 2, 2, 0, 2, 0
65520, 0, 1, 1, 0, 0, 0
59422, 3, 3, 2, 1, 3, 0
61599, 0, 1, 1, 0, 0, 0
61600, 0, 1, 1, 0, 0, 0
61601, 0, 2, 2, 0, 0, 0
61602, 0, 1, 1, 0, 0, 0
61603, 0, 1, 1, 0, 0, 0
61604, 0, 1, 1, 0, 0, 0
61605, 0, 1, 1, 0, 0, 0
61606, 0, 1, 1, 0, 0, 0
61607, 1, 1, 1, 0, 1, 0
61608, 0, 1, 1, 0, 0, 0
25720, 0, 3, 3, 0, 0, 0
64449, 0, 1, 1, 0, 0, 0
64450, 0, 3, 3, 0, 0, 0
64451, 1, 1, 1, 0, 1, 0
64452, 0, 2, 0, 2, 0, 0
25122, 1, 0, 0, 0, 1, 0
25124, 1, 0, 0, 0, 1, 0
25125, 13, 0, 0, 0, 13, 0
56273, 0, 2, 1, 1, 0, 0
65521, 0, 1, 1, 0, 0, 0
65522, 0, 1, 1, 0, 0, 0
65523, 0, 2, 2, 0, 0, 0
65524, 0, 2, 2, 0, 0, 0
65525, 0, 1, 1, 0, 0, 0
65526, 0, 1, 0, 1, 0, 0
46318, 2, 2, 2, 0, 2, 0
25133, 1, 0, 0, 0, 1, 0
25140, 3, 1, 0, 1, 2, 1
65532, 0, 1, 1, 0, 0, 0
65533, 0, 1, 0, 1, 0, 0
64448, 0, 1, 1, 0, 0, 0
65534, 0, 1, 1, 0, 0, 0
65535, 0, 1, 1, 0, 0, 0
64200, 1, 1, 1, 0, 0, 1
64201, 0, 1, 1, 0, 0, 0
61485, 0, 1, 1, 0, 0, 0
61486, 0, 1, 1, 0, 0, 0
61487, 0, 1, 1, 0, 0, 0
61488, 0, 2, 0, 2, 0, 0
65536, 0, 1, 0, 1, 0, 0
65537, 0, 1, 0, 1, 0, 0
65538, 0, 1, 0, 1, 0, 0
65539, 0, 1, 0, 1, 0, 0
54529, 0, 4, 4, 0, 0, 0
25172, 1, 0, 0, 0, 1, 0
25173, 7, 1, 1, 0, 7, 0
25175, 1, 0, 0, 0, 1, 0
25176, 1, 1, 1, 0, 1, 0
65550, 0, 1, 1, 0, 0, 0
46130, 4, 1, 1, 0, 4, 0
65551, 0, 2, 2, 0, 0, 0
65562, 2, 2, 2, 0, 2, 0
25203, 0, 1, 1, 0, 0, 0
25206, 2, 0, 0, 0, 2, 0
65565, 0, 4, 4, 0, 0, 0
44872, 6, 3, 3, 0, 6, 0
35426, 1, 4, 4, 0, 1, 0
48734, 0, 1, 1, 0, 0, 0
48735, 0, 1, 1, 0, 0, 0
48736, 1, 2, 2, 0, 0, 1
48738, 1, 1, 1, 0, 1, 0
48739, 0, 1, 1, 0, 0, 0
48740, 0, 3, 3, 0, 0, 0
48741, 1, 1, 1, 0, 1, 0
48742, 1, 1, 1, 0, 0, 1
48743, 2, 1, 1, 0, 0, 2
48744, 0, 1, 1, 0, 0, 0
48745, 0, 1, 1, 0, 0, 0
48748, 0, 1, 1, 0, 0, 0
48749, 0, 4, 3, 1, 0, 0
25362, 0, 1, 1, 0, 0, 0
65574, 0, 1, 1, 0, 0, 0
65575, 1, 1, 1, 0, 0, 1
65576, 3, 1, 1, 0, 3, 0
32586, 0, 2, 1, 1, 0, 0
61080, 0, 1, 1, 0, 0, 0
61081, 0, 2, 2, 0, 0, 0
61082, 0, 1, 1, 0, 0, 0
61083, 0, 1, 0, 1, 0, 0
61084, 0, 2, 1, 1, 0, 0
61085, 0, 1, 0, 1, 0, 0
65589, 0, 1, 1, 0, 0, 0
65590, 0, 1, 1, 0, 0, 0
25258, 5, 0, 0, 0, 5, 0
25259, 9, 0, 0, 0, 9, 0
25260, 0, 3, 3, 0, 0, 0
65594, 1, 1, 1, 0, 1, 0
65595, 0, 1, 1, 0, 0, 0
25264, 3, 0, 0, 0, 3, 0
52118, 0, 2, 2, 0, 0, 0
65596, 4, 3, 3, 0, 4, 0
65597, 0, 3, 3, 0, 0, 0
62269, 0, 2, 0, 2, 0, 0
65598, 0, 2, 2, 0, 0, 0
55548, 0, 2, 2, 0, 0, 0
65420, 0, 1, 1, 0, 0, 0
65421, 0, 1, 1, 0, 0, 0
62887, 1, 1, 1, 0, 1, 0
65599, 0, 1, 1, 0, 0, 0
41727, 0, 1, 1, 0, 0, 0
32588, 0, 1, 1, 0, 0, 0
35943, 2, 2, 2, 0, 2, 0
25309, 1, 0, 0, 0, 1, 0
25310, 3, 1, 1, 0, 1, 2
25311, 5, 0, 0, 0, 5, 0
41432, 1, 1, 0, 1, 0, 1
65607, 0, 1, 1, 0, 0, 0
44675, 0, 2, 2, 0, 0, 0
65608, 2, 1, 1, 0, 2, 0
65609, 0, 1, 1, 0, 0, 0
65610, 0, 1, 1, 0, 0, 0
65611, 1, 2, 2, 0, 1, 0
65612, 2, 1, 1, 0, 2, 0
65613, 1, 1, 1, 0, 1, 0
65614, 0, 1, 1, 0, 0, 0
65615, 1, 1, 1, 0, 1, 0
65616, 0, 2, 2, 0, 0, 0
65617, 0, 2, 2, 0, 0, 0
25335, 3, 1, 1, 0, 3, 0
25336, 1, 1, 1, 0, 1, 0
25338, 26, 0, 0, 0, 26, 0
25339, 0, 1, 1, 0, 0, 0
62673, 0, 2, 2, 0, 0, 0
65618, 0, 1, 0, 1, 0, 0
65619, 8, 1, 0, 1, 6, 2
41665, 0, 2, 2, 0, 0, 0
33676, 2, 1, 1, 0, 2, 0
33677, 0, 3, 3, 0, 0, 0
62430, 0, 1, 1, 0, 0, 0
62431, 1, 1, 1, 0, 1, 0
62432, 0, 1, 0, 1, 0, 0
62433, 0, 1, 0, 1, 0, 0
62434, 0, 1, 0, 1, 0, 0
62435, 2, 1, 0, 1, 2, 0
62436, 0, 1, 0, 1, 0, 0
62437, 0, 1, 0, 1, 0, 0
62438, 0, 1, 0, 1, 0, 0
62439, 0, 1, 0, 1, 0, 0
62440, 5, 1, 0, 1, 5, 0
62441, 0, 1, 0, 1, 0, 0
62442, 0, 1, 0, 1, 0, 0
62443, 0, 1, 0, 1, 0, 0
62444, 0, 1, 0, 1, 0, 0
62445, 0, 1, 0, 1, 0, 0
62446, 1, 1, 0, 1, 1, 0
65620, 0, 1, 0, 1, 0, 0
65621, 0, 1, 0, 1, 0, 0
65622, 0, 1, 0, 1, 0, 0
27424, 5, 1, 1, 0, 2, 3
27604, 0, 2, 2, 0, 0, 0
36714, 0, 3, 2, 1, 0, 0
36719, 0, 2, 2, 0, 0, 0
36720, 0, 2, 2, 0, 0, 0
25363, 2, 0, 0, 0, 2, 0
58074, 0, 1, 1, 0, 0, 0
58075, 0, 2, 1, 1, 0, 0
64521, 9, 1, 1, 0, 9, 0
65636, 2, 1, 1, 0, 1, 1
25371, 1, 0, 0, 0, 1, 0
25383, 3, 1, 1, 0, 3, 0
65643, 0, 1, 0, 1, 0, 0
38360, 0, 1, 1, 0, 0, 0
38361, 0, 1, 1, 0, 0, 0
38363, 12, 2, 2, 0, 7, 5
38364, 0, 1, 1, 0, 0, 0
38365, 0, 1, 1, 0, 0, 0
38367, 2, 3, 3, 0, 2, 0
38368, 0, 1, 0, 1, 0, 0
63948, 0, 3, 3, 0, 0, 0
25403, 0, 1, 1, 0, 0, 0
25415, 28, 1, 0, 1, 20, 8
25417, 0, 1, 1, 0, 0, 0
25418, 0, 1, 1, 0, 0, 0
25419, 2, 2, 2, 0, 2, 0
25420, 0, 1, 1, 0, 0, 0
25421, 0, 1, 0, 1, 0, 0
65665, 0, 1, 1, 0, 0, 0
64606, 0, 2, 2, 0, 0, 0
65666, 0, 1, 1, 0, 0, 0
65667, 0, 1, 0, 1, 0, 0
65668, 0, 1, 1, 0, 0, 0
65669, 1, 2, 2, 0, 1, 0
28032, 2, 1, 0, 1, 2, 0
65673, 0, 2, 0, 2, 0, 0
65674, 1, 1, 1, 0, 1, 0
30802, 1, 3, 2, 1, 1, 0
35548, 0, 1, 1, 0, 0, 0
35551, 5, 2, 2, 0, 4, 1
65675, 0, 1, 0, 1, 0, 0
65676, 0, 1, 0, 1, 0, 0
65677, 0, 1, 0, 1, 0, 0
65678, 145, 1, 1, 0, 121, 24
25488, 0, 1, 1, 0, 0, 0
25491, 0, 1, 1, 0, 0, 0
25493, 0, 1, 1, 0, 0, 0
35921, 1, 1, 1, 0, 1, 0
60013, 0, 1, 1, 0, 0, 0
60014, 0, 2, 2, 0, 0, 0
60015, 0, 1, 1, 0, 0, 0
60016, 0, 1, 1, 0, 0, 0
30474, 0, 4, 2, 2, 0, 0
54795, 3, 1, 1, 0, 3, 0
54796, 0, 4, 4, 0, 0, 0
54798, 0, 1, 0, 1, 0, 0
54799, 0, 1, 0, 1, 0, 0
54802, 1, 1, 0, 1, 1, 0
54803, 0, 1, 0, 1, 0, 0
25494, 6, 0, 0, 0, 5, 1
25495, 1, 1, 1, 0, 1, 0
25496, 6, 0, 0, 0, 6, 0
25497, 0, 1, 1, 0, 0, 0
25498, 2, 1, 1, 0, 2, 0
65680, 2, 1, 1, 0, 1, 1
55808, 2, 1, 0, 1, 2, 0
65684, 0, 1, 1, 0, 0, 0
65685, 1, 1, 1, 0, 1, 0
25502, 8, 0, 0, 0, 1, 7
25503, 3, 3, 2, 1, 3, 0
25505, 1, 1, 1, 0, 1, 0
25506, 0, 1, 1, 0, 0, 0
25508, 23, 0, 0, 0, 22, 1
25511, 0, 1, 1, 0, 0, 0
25512, 0, 1, 1, 0, 0, 0
65686, 0, 1, 1, 0, 0, 0
25518, 1, 0, 0, 0, 1, 0
65687, 0, 1, 1, 0, 0, 0
65688, 0, 1, 1, 0, 0, 0
65689, 0, 1, 1, 0, 0, 0
52660, 1, 2, 2, 0, 1, 0
52661, 0, 2, 1, 1, 0, 0
52662, 0, 1, 1, 0, 0, 0
52663, 0, 1, 0, 1, 0, 0
25530, 4, 0, 0, 0, 4, 0
39554, 0, 1, 1, 0, 0, 0
65690, 1, 2, 1, 1, 1, 0
44184, 0, 1, 1, 0, 0, 0
65691, 1, 1, 1, 0, 1, 0
65692, 0, 1, 1, 0, 0, 0
65693, 0, 1, 1, 0, 0, 0
65694, 0, 1, 1, 0, 0, 0
25549, 0, 1, 1, 0, 0, 0
25550, 0, 1, 1, 0, 0, 0
65695, 0, 1, 1, 0, 0, 0
65696, 10, 3, 2, 1, 7, 3
49826, 0, 1, 1, 0, 0, 0
49827, 0, 1, 1, 0, 0, 0
49828, 0, 1, 1, 0, 0, 0
25557, 2, 1, 1, 0, 2, 0
25558, 1, 1, 1, 0, 1, 0
65700, 0, 1, 1, 0, 0, 0
65701, 0, 3, 3, 0, 0, 0
52156, 0, 1, 1, 0, 0, 0
52157, 4, 1, 1, 0, 3, 1
52158, 3, 1, 1, 0, 3, 0
52159, 1, 2, 2, 0, 1, 0
52160, 0, 2, 2, 0, 0, 0
52161, 0, 1, 1, 0, 0, 0
52162, 0, 1, 1, 0, 0, 0
52163, 4, 1, 0, 1, 4, 0
65702, 0, 1, 1, 0, 0, 0
65703, 0, 1, 1, 0, 0, 0
65704, 0, 1, 1, 0, 0, 0
65705, 5, 1, 1, 0, 4, 1
65706, 0, 1, 1, 0, 0, 0
65707, 0, 1, 1, 0, 0, 0
65709, 2, 1, 0, 1, 1, 1
65710, 0, 1, 0, 1, 0, 0
65711, 0, 1, 1, 0, 0, 0
65712, 1, 1, 1, 0, 1, 0
65713, 0, 1, 1, 0, 0, 0
48103, 0, 1, 1, 0, 0, 0
65714, 0, 1, 1, 0, 0, 0
55962, 1, 1, 1, 0, 1, 0
55963, 0, 2, 2, 0, 0, 0
55964, 1, 1, 1, 0, 1, 0
65715, 0, 1, 1, 0, 0, 0
65716, 0, 1, 1, 0, 0, 0
65717, 0, 1, 0, 1, 0, 0
65718, 0, 1, 0, 1, 0, 0
64329, 2, 2, 2, 0, 2, 0
30484, 0, 2, 1, 1, 0, 0
25628, 0, 1, 0, 1, 0, 0
59807, 24, 2, 2, 0, 8, 16
65719, 1, 1, 1, 0, 1, 0
25630, 7, 0, 0, 0, 7, 0
25631, 3, 0, 0, 0, 2, 1
25632, 1, 0, 0, 0, 1, 0
53616, 0, 1, 1, 0, 0, 0
64179, 1, 1, 1, 0, 1, 0
25642, 1, 0, 0, 0, 1, 0
55633, 1, 1, 1, 0, 1, 0
55634, 0, 3, 3, 0, 0, 0
59567, 5, 2, 2, 0, 5, 0
59568, 0, 3, 3, 0, 0, 0
59569, 0, 3, 3, 0, 0, 0
59570, 0, 1, 1, 0, 0, 0
65722, 1, 1, 1, 0, 1, 0
43635, 3, 6, 5, 1, 1, 2
25672, 5, 0, 0, 0, 5, 0
25673, 2, 2, 2, 0, 2, 0
25674, 1, 1, 1, 0, 1, 0
25675, 4, 0, 0, 0, 4, 0
25676, 0, 1, 1, 0, 0, 0
25677, 4, 0, 0, 0, 4, 0
62522, 1, 1, 1, 0, 1, 0
40277, 0, 2, 0, 2, 0, 0
65724, 4, 2, 2, 0, 4, 0
47031, 0, 3, 1, 2, 0, 0
46062, 0, 1, 1, 0, 0, 0
46063, 0, 1, 1, 0, 0, 0
46064, 28, 1, 1, 0, 28, 0
46065, 6, 1, 1, 0, 4, 2
46066, 0, 1, 1, 0, 0, 0
25696, 36, 1, 1, 0, 35, 1
25701, 1, 1, 1, 0, 1, 0
25702, 0, 1, 1, 0, 0, 0
65725, 1, 1, 1, 0, 1, 0
25707, 15, 2, 2, 0, 15, 0
25708, 2, 1, 1, 0, 2, 0
54965, 0, 1, 1, 0, 0, 0
54966, 0, 1, 1, 0, 0, 0
25712, 0, 1, 1, 0, 0, 0
25714, 0, 1, 1, 0, 0, 0
25715, 0, 1, 1, 0, 0, 0
25716, 0, 1, 0, 1, 0, 0
25718, 10, 0, 0, 0, 8, 2
25719, 0, 2, 2, 0, 0, 0
50160, 0, 2, 2, 0, 0, 0
65747, 1, 1, 1, 0, 1, 0
29832, 0, 1, 1, 0, 0, 0
29835, 0, 1, 1, 0, 0, 0
29836, 1, 1, 1, 0, 1, 0
29839, 0, 1, 1, 0, 0, 0
65748, 1, 1, 1, 0, 1, 0
65749, 5, 1, 1, 0, 5, 0
45801, 0, 1, 1, 0, 0, 0
64075, 0, 1, 1, 0, 0, 0
64076, 0, 2, 2, 0, 0, 0
64077, 1, 1, 1, 0, 1, 0
25748, 0, 1, 1, 0, 0, 0
25749, 0, 1, 1, 0, 0, 0
25750, 0, 1, 1, 0, 0, 0
25751, 4, 2, 1, 1, 3, 1
25752, 13, 0, 0, 0, 13, 0
62899, 0, 1, 1, 0, 0, 0
62900, 0, 1, 1, 0, 0, 0
65649, 0, 1, 0, 1, 0, 0
55689, 2, 3, 3, 0, 2, 0
63582, 0, 2, 2, 0, 0, 0
63583, 0, 1, 1, 0, 0, 0
63584, 1, 1, 1, 0, 1, 0
63585, 0, 1, 1, 0, 0, 0
65751, 0, 1, 0, 1, 0, 0
65752, 3, 1, 1, 0, 3, 0
65753, 0, 1, 0, 1, 0, 0
65754, 0, 1, 0, 1, 0, 0
65755, 0, 1, 0, 1, 0, 0
65756, 0, 1, 0, 1, 0, 0
65757, 0, 1, 1, 0, 0, 0
65758, 6, 2, 2, 0, 6, 0
25775, 1, 0, 0, 0, 1, 0
25781, 6, 0, 0, 0, 4, 2
65760, 4, 1, 1, 0, 4, 0
65761, 0, 1, 1, 0, 0, 0
65762, 0, 2, 2, 0, 0, 0
65763, 2, 1, 1, 0, 2, 0
65764, 0, 1, 1, 0, 0, 0
43832, 0, 2, 2, 0, 0, 0
63286, 1, 2, 2, 0, 0, 1
63909, 0, 4, 4, 0, 0, 0
64246, 4, 1, 1, 0, 3, 1
64247, 0, 1, 1, 0, 0, 0
64248, 0, 1, 1, 0, 0, 0
65765, 0, 1, 1, 0, 0, 0
27576, 0, 3, 0, 3, 0, 0
30592, 0, 3, 3, 0, 0, 0
65766, 1, 1, 1, 0, 1, 0
30205, 1, 2, 2, 0, 0, 1
65767, 2, 2, 2, 0, 2, 0
65768, 1, 1, 1, 0, 1, 0
65769, 0, 1, 1, 0, 0, 0
50169, 0, 2, 1, 1, 0, 0
65770, 0, 3, 3, 0, 0, 0
28759, 0, 4, 3, 1, 0, 0
32415, 0, 3, 3, 0, 0, 0
56824, 0, 2, 2, 0, 0, 0
60018, 0, 1, 1, 0, 0, 0
60019, 6, 1, 1, 0, 6, 0
60020, 0, 1, 1, 0, 0, 0
60021, 0, 1, 1, 0, 0, 0
60022, 0, 1, 1, 0, 0, 0
60024, 1, 1, 1, 0, 1, 0
60025, 0, 1, 1, 0, 0, 0
60026, 0, 1, 1, 0, 0, 0
60027, 0, 2, 1, 1, 0, 0
60029, 2, 2, 1, 1, 2, 0
60030, 0, 1, 0, 1, 0, 0
60031, 0, 1, 0, 1, 0, 0
60032, 0, 1, 0, 1, 0, 0
60033, 0, 2, 1, 1, 0, 0
60034, 0, 1, 0, 1, 0, 0
60035, 0, 1, 0, 1, 0, 0
60036, 0, 1, 0, 1, 0, 0
60037, 0, 1, 0, 1, 0, 0
65771, 0, 1, 1, 0, 0, 0
52419, 3, 1, 1, 0, 3, 0
61633, 0, 2, 2, 0, 0, 0
63726, 0, 1, 1, 0, 0, 0
63727, 0, 1, 1, 0, 0, 0
65772, 0, 2, 2, 0, 0, 0
29385, 0, 3, 2, 1, 0, 0
33350, 0, 3, 1, 2, 0, 0
35654, 0, 2, 2, 0, 0, 0
35656, 0, 1, 0, 1, 0, 0
35657, 0, 1, 0, 1, 0, 0
35659, 0, 1, 0, 1, 0, 0
35661, 0, 1, 0, 1, 0, 0
35662, 0, 1, 0, 1, 0, 0
35664, 0, 2, 1, 1, 0, 0
35665, 0, 1, 0, 1, 0, 0
35666, 0, 1, 0, 1, 0, 0
35668, 0, 1, 0, 1, 0, 0
35670, 0, 1, 0, 1, 0, 0
35673, 0, 1, 0, 1, 0, 0
65775, 0, 2, 2, 0, 0, 0
65776, 0, 1, 1, 0, 0, 0
65777, 0, 1, 1, 0, 0, 0
65778, 0, 1, 1, 0, 0, 0
65779, 0, 1, 1, 0, 0, 0
39603, 31, 2, 2, 0, 28, 3
55502, 0, 2, 2, 0, 0, 0
65780, 1, 1, 0, 1, 1, 0
65781, 1, 1, 1, 0, 1, 0
44768, 1, 5, 4, 1, 1, 0
25871, 0, 2, 2, 0, 0, 0
46319, 8, 1, 1, 0, 8, 0
59586, 1, 1, 1, 0, 1, 0
59587, 3, 1, 1, 0, 3, 0
59588, 0, 2, 2, 0, 0, 0
59589, 0, 1, 1, 0, 0, 0
59590, 0, 1, 1, 0, 0, 0
59591, 2, 1, 1, 0, 2, 0
59592, 0, 1, 1, 0, 0, 0
59593, 0, 1, 1, 0, 0, 0
59594, 0, 1, 1, 0, 0, 0
59595, 1, 2, 2, 0, 1, 0
59596, 0, 1, 0, 1, 0, 0
59597, 0, 1, 0, 1, 0, 0
59598, 0, 1, 0, 1, 0, 0
59599, 0, 1, 0, 1, 0, 0
59600, 0, 3, 0, 3, 0, 0
60781, 1, 2, 2, 0, 1, 0
65786, 0, 1, 0, 1, 0, 0
65787, 0, 1, 0, 1, 0, 0
62340, 0, 2, 2, 0, 0, 0
62341, 1, 1, 0, 1, 1, 0
63945, 0, 1, 1, 0, 0, 0
63946, 0, 1, 0, 1, 0, 0
65789, 0, 1, 1, 0, 0, 0
46340, 0, 1, 1, 0, 0, 0
46341, 0, 1, 1, 0, 0, 0
46342, 0, 1, 1, 0, 0, 0
46344, 0, 2, 2, 0, 0, 0
46347, 2, 1, 1, 0, 2, 0
46348, 1, 1, 1, 0, 0, 1
46349, 0, 1, 0, 1, 0, 0
46350, 2, 1, 0, 1, 2, 0
46351, 0, 1, 0, 1, 0, 0
65790, 1, 2, 2, 0, 1, 0
25903, 3, 0, 0, 0, 3, 0
25904, 1, 0, 0, 0, 1, 0
65791, 0, 1, 0, 1, 0, 0
25906, 1, 0, 0, 0, 1, 0
65792, 2, 1, 1, 0, 2, 0
65793, 0, 1, 1, 0, 0, 0
65794, 0, 2, 0, 2, 0, 0
65795, 0, 1, 0, 1, 0, 0
65796, 0, 1, 0, 1, 0, 0
65797, 0, 1, 0, 1, 0, 0
32464, 5, 1, 1, 0, 2, 3
63009, 19, 1, 1, 0, 18, 1
65798, 0, 2, 2, 0, 0, 0
65799, 2, 1, 1, 0, 2, 0
65800, 0, 1, 1, 0, 0, 0
65801, 3, 2, 2, 0, 3, 0
65802, 1, 2, 2, 0, 1, 0
65803, 0, 1, 1, 0, 0, 0
64535, 0, 1, 1, 0, 0, 0
65804, 0, 1, 1, 0, 0, 0
65805, 2, 2, 2, 0, 2, 0
65806, 1, 4, 4, 0, 1, 0
65807, 3, 1, 1, 0, 3, 0
55402, 0, 3, 2, 1, 0, 0
59972, 0, 2, 0, 2, 0, 0
65808, 0, 2, 2, 0, 0, 0
65809, 0, 1, 1, 0, 0, 0
65810, 0, 1, 1, 0, 0, 0
65811, 1, 1, 0, 1, 1, 0
65812, 0, 2, 2, 0, 0, 0
32766, 0, 2, 2, 0, 0, 0
65813, 0, 1, 1, 0, 0, 0
65814, 0, 1, 1, 0, 0, 0
65815, 0, 1, 1, 0, 0, 0
55754, 2, 1, 1, 0, 1, 1
25974, 16, 0, 0, 0, 15, 1
60044, 13, 3, 3, 0, 9, 4
62867, 11, 1, 1, 0, 11, 0
62868, 0, 1, 1, 0, 0, 0
62869, 0, 1, 0, 1, 0, 0
62870, 0, 1, 0, 1, 0, 0
62871, 0, 1, 0, 1, 0, 0
62872, 0, 1, 0, 1, 0, 0
62873, 0, 1, 0, 1, 0, 0
25987, 1, 1, 1, 0, 1, 0
29147, 0, 1, 0, 1, 0, 0
29149, 0, 1, 1, 0, 0, 0
29150, 0, 2, 2, 0, 0, 0
41811, 0, 3, 1, 2, 0, 0
51967, 0, 1, 0, 1, 0, 0
51968, 0, 1, 0, 1, 0, 0
51969, 1, 1, 0, 1, 1, 0
51970, 0, 2, 1, 1, 0, 0
65821, 0, 1, 1, 0, 0, 0
65822, 0, 1, 1, 0, 0, 0
65823, 0, 3, 3, 0, 0, 0
30267, 0, 1, 1, 0, 0, 0
33826, 0, 2, 1, 1, 0, 0
33827, 0, 1, 0, 1, 0, 0
65824, 0, 1, 1, 0, 0, 0
29226, 0, 2, 1, 1, 0, 0
29231, 0, 1, 0, 1, 0, 0
29232, 9, 1, 0, 1, 7, 2
65825, 0, 1, 1, 0, 0, 0
32878, 0, 1, 0, 1, 0, 0
65826, 0, 1, 1, 0, 0, 0
65827, 1, 1, 1, 0, 1, 0
64091, 4, 4, 4, 0, 4, 0
29381, 0, 1, 1, 0, 0, 0
29384, 2, 1, 1, 0, 0, 2
29387, 0, 1, 1, 0, 0, 0
33848, 0, 1, 1, 0, 0, 0
33849, 0, 1, 1, 0, 0, 0
65828, 0, 2, 0, 2, 0, 0
65829, 2, 1, 0, 1, 2, 0
65830, 0, 1, 0, 1, 0, 0
65831, 0, 1, 0, 1, 0, 0
65832, 0, 1, 0, 1, 0, 0
65833, 0, 1, 0, 1, 0, 0
65834, 0, 1, 0, 1, 0, 0
65835, 0, 1, 0, 1, 0, 0
33110, 0, 1, 0, 1, 0, 0
33111, 0, 1, 0, 1, 0, 0
32644, 0, 2, 2, 0, 0, 0
65836, 0, 1, 0, 1, 0, 0
35986, 0, 2, 1, 1, 0, 0
65837, 0, 1, 1, 0, 0, 0
65838, 0, 2, 2, 0, 0, 0
31060, 0, 1, 1, 0, 0, 0
31061, 0, 1, 1, 0, 0, 0
31064, 10, 1, 0, 1, 4, 6
31065, 0, 1, 0, 1, 0, 0
31066, 0, 1, 0, 1, 0, 0
31067, 0, 1, 0, 1, 0, 0
31068, 0, 1, 0, 1, 0, 0
33935, 2, 5, 3, 2, 2, 0
59931, 1, 1, 0, 1, 1, 0
34237, 0, 1, 1, 0, 0, 0
34240, 0, 1, 1, 0, 0, 0
34241, 0, 1, 1, 0, 0, 0
34242, 0, 2, 1, 1, 0, 0
34245, 1, 1, 1, 0, 1, 0
34249, 0, 2, 2, 0, 0, 0
34250, 0, 1, 1, 0, 0, 0
34252, 0, 1, 1, 0, 0, 0
34253, 0, 1, 1, 0, 0, 0
34254, 0, 2, 2, 0, 0, 0
34255, 0, 1, 1, 0, 0, 0
34256, 0, 1, 1, 0, 0, 0
34257, 0, 1, 1, 0, 0, 0
34259, 0, 2, 0, 2, 0, 0
34260, 0, 1, 0, 1, 0, 0
34262, 0, 1, 0, 1, 0, 0
34263, 2, 1, 0, 1, 2, 0
34264, 5, 1, 0, 1, 4, 1
34267, 0, 1, 0, 1, 0, 0
65839, 3, 1, 1, 0, 3, 0
33856, 1, 2, 2, 0, 0, 1
33857, 0, 2, 2, 0, 0, 0
33858, 0, 1, 1, 0, 0, 0
33860, 1, 3, 3, 0, 1, 0
33862, 2, 2, 2, 0, 2, 0
35255, 0, 1, 1, 0, 0, 0
35256, 29, 2, 1, 1, 25, 4
65840, 0, 1, 1, 0, 0, 0
65841, 0, 1, 1, 0, 0, 0
54223, 12, 2, 1, 1, 12, 0
65842, 0, 1, 1, 0, 0, 0
65843, 0, 1, 0, 1, 0, 0
32650, 0, 4, 4, 0, 0, 0
30389, 0, 2, 2, 0, 0, 0
30392, 0, 1, 1, 0, 0, 0
30393, 0, 2, 1, 1, 0, 0
63763, 1, 1, 1, 0, 1, 0
65844, 0, 1, 1, 0, 0, 0
33785, 8, 2, 2, 0, 4, 4
33788, 0, 1, 1, 0, 0, 0
33789, 0, 1, 1, 0, 0, 0
35689, 0, 7, 7, 0, 0, 0
65845, 0, 1, 0, 1, 0, 0
31203, 1, 4, 4, 0, 1, 0
31207, 0, 1, 1, 0, 0, 0
31210, 0, 1, 1, 0, 0, 0
31211, 0, 1, 1, 0, 0, 0
31212, 0, 1, 1, 0, 0, 0
31216, 0, 1, 1, 0, 0, 0
31217, 1, 2, 1, 1, 1, 0
31218, 0, 1, 1, 0, 0, 0
31222, 0, 2, 2, 0, 0, 0
31224, 0, 1, 1, 0, 0, 0
31226, 4, 2, 2, 0, 4, 0
31228, 0, 1, 1, 0, 0, 0
31234, 0, 1, 1, 0, 0, 0
31235, 0, 1, 1, 0, 0, 0
33328, 0, 1, 0, 1, 0, 0
52068, 0, 2, 2, 0, 0, 0
52069, 2, 2, 1, 1, 2, 0
52070, 0, 2, 0, 2, 0, 0
65846, 2, 1, 1, 0, 2, 0
33634, 5, 1, 1, 0, 5, 0
65847, 0, 2, 2, 0, 0, 0
65848, 0, 1, 1, 0, 0, 0
56823, 4, 3, 1, 2, 4, 0
56825, 0, 1, 1, 0, 0, 0
65849, 1, 1, 1, 0, 1, 0
44599, 0, 1, 1, 0, 0, 0
44601, 0, 1, 1, 0, 0, 0
44602, 0, 1, 0, 1, 0, 0
60611, 4, 2, 1, 1, 3, 1
65850, 2, 1, 1, 0, 2, 0
64171, 0, 1, 1, 0, 0, 0
33801, 0, 1, 1, 0, 0, 0
33805, 0, 2, 2, 0, 0, 0
33806, 11, 1, 1, 0, 11, 0
33807, 2, 1, 1, 0, 2, 0
49414, 0, 2, 2, 0, 0, 0
61478, 0, 1, 1, 0, 0, 0
61479, 0, 1, 1, 0, 0, 0
61480, 0, 1, 1, 0, 0, 0
61481, 0, 1, 1, 0, 0, 0
61482, 0, 1, 1, 0, 0, 0
61484, 0, 1, 1, 0, 0, 0
30289, 1, 2, 2, 0, 0, 1
30291, 1, 1, 1, 0, 1, 0
30293, 0, 1, 1, 0, 0, 0
30295, 0, 1, 1, 0, 0, 0
30296, 0, 1, 1, 0, 0, 0
30298, 0, 1, 1, 0, 0, 0
30301, 0, 1, 1, 0, 0, 0
55435, 0, 1, 1, 0, 0, 0
33187, 3, 2, 2, 0, 3, 0
30788, 0, 1, 1, 0, 0, 0
30790, 0, 1, 1, 0, 0, 0
30792, 0, 1, 1, 0, 0, 0
30793, 1, 1, 1, 0, 1, 0
65851, 3, 1, 1, 0, 3, 0
65852, 0, 1, 1, 0, 0, 0
33568, 0, 1, 1, 0, 0, 0
33569, 0, 1, 1, 0, 0, 0
33572, 0, 1, 1, 0, 0, 0
33573, 0, 1, 1, 0, 0, 0
33575, 1, 4, 4, 0, 1, 0
33576, 1, 2, 2, 0, 1, 0
33577, 4, 1, 1, 0, 3, 1
33578, 0, 2, 2, 0, 0, 0
33579, 0, 1, 1, 0, 0, 0
33580, 0, 1, 1, 0, 0, 0
35743, 9, 1, 1, 0, 9, 0
35745, 0, 2, 2, 0, 0, 0
33508, 1, 1, 1, 0, 1, 0
33510, 0, 2, 1, 1, 0, 0
33511, 1, 1, 1, 0, 1, 0
35413, 0, 1, 0, 1, 0, 0
65853, 0, 1, 1, 0, 0, 0
65854, 0, 1, 1, 0, 0, 0
58024, 0, 1, 1, 0, 0, 0
65313, 0, 1, 1, 0, 0, 0
65314, 0, 2, 2, 0, 0, 0
65315, 0, 1, 1, 0, 0, 0
65316, 0, 1, 1, 0, 0, 0
65317, 0, 1, 1, 0, 0, 0
64094, 0, 1, 1, 0, 0, 0
64095, 0, 1, 1, 0, 0, 0
64096, 0, 1, 1, 0, 0, 0
64097, 0, 1, 1, 0, 0, 0
64098, 18, 1, 1, 0, 14, 4
64099, 1, 1, 0, 1, 1, 0
59897, 3, 1, 1, 0, 3, 0
59898, 0, 1, 1, 0, 0, 0
59899, 0, 2, 2, 0, 0, 0
59900, 0, 2, 2, 0, 0, 0
26111, 1, 1, 1, 0, 1, 0
26112, 17, 0, 0, 0, 16, 1
26113, 0, 1, 1, 0, 0, 0
26115, 0, 1, 1, 0, 0, 0
46276, 8, 1, 1, 0, 7, 1
65873, 0, 1, 1, 0, 0, 0
65874, 1, 1, 1, 0, 1, 0
65658, 0, 1, 0, 1, 0, 0
65877, 0, 2, 2, 0, 0, 0
65878, 5, 1, 1, 0, 4, 1
65879, 0, 1, 1, 0, 0, 0
65880, 2, 1, 1, 0, 2, 0
26136, 7, 0, 0, 0, 7, 0
26137, 0, 1, 1, 0, 0, 0
65887, 1, 1, 1, 0, 1, 0
59961, 1, 1, 1, 0, 1, 0
59962, 0, 1, 1, 0, 0, 0
59963, 1, 1, 1, 0, 1, 0
59965, 0, 1, 1, 0, 0, 0
40501, 0, 1, 1, 0, 0, 0
40506, 0, 1, 1, 0, 0, 0
40508, 0, 1, 1, 0, 0, 0
40509, 2, 1, 1, 0, 2, 0
40510, 2, 1, 1, 0, 2, 0
41824, 0, 1, 1, 0, 0, 0
41827, 0, 1, 0, 1, 0, 0
41828, 0, 1, 0, 1, 0, 0
41829, 0, 1, 0, 1, 0, 0
41830, 3, 2, 1, 1, 3, 0
26153, 0, 1, 1, 0, 0, 0
26154, 0, 1, 1, 0, 0, 0
65896, 1, 1, 1, 0, 1, 0
65897, 0, 1, 0, 1, 0, 0
48183, 0, 2, 2, 0, 0, 0
65898, 2, 1, 1, 0, 2, 0
65899, 0, 1, 1, 0, 0, 0
65901, 0, 1, 1, 0, 0, 0
65902, 1, 1, 1, 0, 1, 0
65903, 0, 1, 1, 0, 0, 0
65904, 0, 1, 1, 0, 0, 0
26194, 1, 2, 1, 1, 1, 0
65919, 0, 1, 0, 1, 0, 0
26199, 1, 0, 0, 0, 1, 0
26203, 0, 1, 0, 1, 0, 0
65920, 4, 1, 1, 0, 4, 0
65921, 0, 1, 1, 0, 0, 0
65922, 0, 1, 1, 0, 0, 0
65923, 0, 1, 0, 1, 0, 0
63306, 2, 2, 2, 0, 2, 0
26207, 14, 0, 0, 0, 11, 3
26212, 1, 0, 0, 0, 1, 0
65926, 0, 1, 1, 0, 0, 0
26214, 1, 0, 0, 0, 1, 0
26215, 5, 0, 0, 0, 5, 0
26219, 4, 0, 0, 0, 4, 0
26221, 0, 1, 1, 0, 0, 0
26222, 0, 1, 1, 0, 0, 0
65927, 0, 1, 1, 0, 0, 0
26226, 2, 1, 1, 0, 2, 0
63297, 2, 3, 2, 1, 2, 0
65928, 5, 1, 1, 0, 5, 0
65929, 7, 1, 1, 0, 7, 0
45030, 0, 3, 3, 0, 0, 0
64709, 4, 2, 2, 0, 4, 0
64710, 1, 1, 1, 0, 1, 0
26239, 0, 4, 4, 0, 0, 0
26241, 0, 1, 1, 0, 0, 0
26242, 0, 1, 1, 0, 0, 0
26243, 0, 1, 1, 0, 0, 0
26244, 1, 3, 3, 0, 1, 0
26246, 5, 1, 1, 0, 5, 0
26250, 1, 0, 0, 0, 1, 0
65932, 1, 3, 3, 0, 1, 0
51989, 3, 1, 1, 0, 2, 1
51990, 0, 1, 1, 0, 0, 0
51991, 0, 1, 0, 1, 0, 0
26260, 8, 0, 0, 0, 5, 3
65933, 0, 1, 1, 0, 0, 0
65934, 1, 1, 1, 0, 1, 0
65935, 0, 1, 1, 0, 0, 0
65936, 2, 1, 1, 0, 2, 0
65937, 1, 1, 1, 0, 1, 0
65938, 0, 1, 1, 0, 0, 0
34143, 1, 1, 1, 0, 1, 0
65939, 0, 1, 1, 0, 0, 0
65940, 0, 2, 2, 0, 0, 0
65941, 0, 1, 0, 1, 0, 0
43636, 1, 1, 1, 0, 1, 0
43637, 0, 1, 1, 0, 0, 0
43638, 3, 1, 1, 0, 3, 0
43639, 1, 1, 1, 0, 1, 0
43640, 13, 1, 0, 1, 13, 0
26294, 0, 1, 1, 0, 0, 0
26300, 0, 1, 1, 0, 0, 0
36670, 0, 1, 1, 0, 0, 0
36672, 1, 1, 1, 0, 0, 1
60624, 0, 1, 1, 0, 0, 0
65945, 2, 2, 2, 0, 2, 0
65946, 2, 2, 2, 0, 2, 0
26323, 3, 0, 0, 0, 3, 0
45674, 0, 2, 1, 1, 0, 0
64211, 0, 1, 1, 0, 0, 0
64212, 0, 3, 3, 0, 0, 0
64213, 0, 2, 1, 1, 0, 0
64214, 0, 1, 0, 1, 0, 0
64215, 3, 1, 0, 1, 2, 1
64216, 1, 1, 0, 1, 1, 0
64217, 0, 1, 0, 1, 0, 0
64218, 1, 1, 0, 1, 1, 0
64219, 0, 1, 0, 1, 0, 0
64220, 0, 2, 1, 1, 0, 0
64221, 0, 1, 0, 1, 0, 0
64222, 0, 1, 0, 1, 0, 0
64223, 0, 1, 0, 1, 0, 0
64224, 1, 1, 0, 1, 1, 0
64225, 0, 2, 0, 2, 0, 0
64226, 0, 1, 0, 1, 0, 0
64227, 0, 1, 0, 1, 0, 0
64228, 0, 1, 0, 1, 0, 0
64229, 0, 1, 0, 1, 0, 0
62492, 5, 3, 3, 0, 5, 0
65948, 0, 1, 1, 0, 0, 0
62188, 0, 2, 1, 1, 0, 0
65949, 0, 1, 0, 1, 0, 0
65950, 0, 1, 0, 1, 0, 0
65951, 0, 1, 0, 1, 0, 0
65218, 0, 1, 1, 0, 0, 0
65219, 0, 1, 1, 0, 0, 0
65220, 1, 1, 1, 0, 1, 0
65221, 0, 1, 0, 1, 0, 0
65952, 0, 1, 1, 0, 0, 0
33682, 1, 3, 2, 1, 1, 0
62018, 0, 2, 2, 0, 0, 0
41730, 0, 2, 2, 0, 0, 0
50157, 0, 1, 1, 0, 0, 0
50158, 0, 1, 1, 0, 0, 0
50159, 0, 2, 2, 0, 0, 0
50161, 0, 5, 2, 3, 0, 0
50164, 0, 1, 0, 1, 0, 0
50165, 0, 1, 0, 1, 0, 0
50166, 0, 1, 0, 1, 0, 0
50167, 0, 1, 0, 1, 0, 0
50168, 0, 1, 0, 1, 0, 0
26354, 4, 0, 0, 0, 1, 3
59067, 0, 1, 1, 0, 0, 0
56822, 0, 2, 2, 0, 0, 0
65979, 0, 1, 1, 0, 0, 0
65980, 0, 1, 1, 0, 0, 0
26368, 11, 0, 0, 0, 9, 2
26369, 0, 2, 2, 0, 0, 0
26370, 0, 1, 1, 0, 0, 0
65981, 0, 1, 0, 1, 0, 0
26375, 1, 0, 0, 0, 1, 0
26376, 5, 0, 0, 0, 5, 0
65982, 0, 1, 1, 0, 0, 0
65983, 0, 1, 0, 1, 0, 0
59151, 0, 2, 2, 0, 0, 0
65885, 0, 1, 1, 0, 0, 0
65886, 0, 1, 0, 1, 0, 0
65989, 5, 2, 1, 1, 4, 1
65990, 0, 1, 0, 1, 0, 0
65991, 1, 1, 1, 0, 1, 0
65992, 16, 1, 1, 0, 16, 0
65993, 9, 1, 1, 0, 9, 0
65994, 1, 1, 1, 0, 1, 0
58477, 0, 2, 2, 0, 0, 0
61132, 0, 1, 1, 0, 0, 0
61133, 2, 1, 1, 0, 2, 0
61134, 1, 1, 1, 0, 1, 0
61135, 1, 1, 1, 0, 1, 0
61136, 0, 1, 1, 0, 0, 0
61137, 2, 1, 1, 0, 2, 0
65995, 0, 1, 1, 0, 0, 0
34332, 0, 2, 2, 0, 0, 0
26432, 12, 1, 1, 0, 11, 1
26434, 0, 1, 1, 0, 0, 0
37474, 1, 3, 2, 1, 0, 1
62972, 0, 2, 2, 0, 0, 0
62973, 0, 1, 1, 0, 0, 0
62974, 0, 1, 1, 0, 0, 0
26439, 0, 1, 1, 0, 0, 0
26446, 7, 1, 1, 0, 7, 0
46039, 23, 3, 3, 0, 21, 2
52029, 0, 1, 1, 0, 0, 0
52030, 6, 4, 4, 0, 6, 0
52031, 0, 1, 1, 0, 0, 0
52032, 0, 1, 1, 0, 0, 0
52033, 7, 5, 5, 0, 7, 0
52034, 1, 1, 1, 0, 1, 0
52035, 0, 1, 0, 1, 0, 0
65996, 1, 1, 1, 0, 1, 0
65997, 0, 1, 1, 0, 0, 0
65998, 0, 1, 1, 0, 0, 0
65999, 0, 1, 1, 0, 0, 0
66000, 0, 1, 1, 0, 0, 0
45171, 0, 1, 1, 0, 0, 0
45172, 0, 1, 1, 0, 0, 0
45173, 1, 1, 1, 0, 1, 0
26448, 1, 0, 0, 0, 1, 0
66001, 0, 1, 1, 0, 0, 0
26457, 1, 0, 0, 0, 1, 0
54651, 0, 1, 1, 0, 0, 0
64722, 0, 1, 1, 0, 0, 0
66004, 0, 1, 1, 0, 0, 0
66005, 1, 1, 1, 0, 1, 0
66006, 0, 1, 1, 0, 0, 0
66007, 2, 2, 2, 0, 2, 0
46094, 0, 1, 1, 0, 0, 0
46096, 0, 1, 1, 0, 0, 0
46097, 5, 1, 1, 0, 4, 1
46098, 0, 1, 1, 0, 0, 0
35335, 0, 1, 1, 0, 0, 0
35338, 3, 1, 1, 0, 3, 0
35340, 6, 3, 3, 0, 6, 0
35342, 1, 2, 1, 1, 1, 0
35344, 0, 1, 0, 1, 0, 0
35345, 0, 1, 0, 1, 0, 0
35346, 0, 2, 0, 2, 0, 0
35348, 0, 2, 1, 1, 0, 0
35349, 0, 1, 0, 1, 0, 0
35350, 0, 2, 1, 1, 0, 0
35352, 0, 1, 0, 1, 0, 0
35355, 0, 1, 0, 1, 0, 0
35356, 0, 2, 1, 1, 0, 0
35358, 0, 1, 0, 1, 0, 0
35360, 0, 1, 0, 1, 0, 0
35361, 0, 1, 0, 1, 0, 0
35362, 0, 1, 0, 1, 0, 0
64564, 0, 1, 1, 0, 0, 0
26498, 2, 0, 0, 0, 2, 0
65816, 2, 1, 1, 0, 2, 0
65817, 0, 1, 0, 1, 0, 0
40656, 7, 1, 1, 0, 7, 0
66008, 0, 1, 1, 0, 0, 0
58388, 0, 1, 1, 0, 0, 0
58389, 0, 1, 1, 0, 0, 0
58390, 0, 1, 1, 0, 0, 0
58391, 0, 1, 1, 0, 0, 0
58392, 0, 1, 1, 0, 0, 0
66014, 0, 1, 1, 0, 0, 0
66015, 0, 1, 1, 0, 0, 0
62845, 0, 1, 0, 1, 0, 0
66016, 0, 1, 1, 0, 0, 0
50831, 0, 2, 2, 0, 0, 0
65588, 0, 1, 1, 0, 0, 0
45071, 0, 2, 2, 0, 0, 0
45072, 4, 2, 2, 0, 4, 0
63640, 0, 1, 1, 0, 0, 0
42477, 1, 1, 1, 0, 1, 0
42478, 0, 1, 0, 1, 0, 0
34503, 1, 2, 2, 0, 1, 0
66017, 2, 1, 1, 0, 2, 0
62921, 0, 1, 1, 0, 0, 0
62922, 0, 2, 2, 0, 0, 0
66087, 1, 1, 1, 0, 1, 0
66089, 0, 1, 1, 0, 0, 0
66093, 0, 1, 0, 1, 0, 0
45074, 0, 1, 1, 0, 0, 0
64124, 0, 1, 1, 0, 0, 0
43971, 0, 1, 1, 0, 0, 0
66106, 0, 1, 1, 0, 0, 0
66107, 1, 1, 1, 0, 1, 0
66108, 0, 1, 0, 1, 0, 0
63955, 0, 1, 1, 0, 0, 0
61791, 1, 2, 2, 0, 1, 0
61792, 2, 1, 1, 0, 2, 0
59944, 14, 1, 1, 0, 11, 3
66777, 14, 1, 1, 0, 14, 0
66778, 3, 1, 1, 0, 3, 0
66779, 2, 1, 1, 0, 2, 0
56594, 3, 1, 1, 0, 3, 0
56595, 1, 1, 0, 1, 1, 0
35269, 2, 1, 1, 0, 2, 0
35392, 0, 3, 3, 0, 0, 0
55480, 2, 3, 3, 0, 1, 1
66805, 0, 1, 1, 0, 0, 0
66806, 0, 1, 1, 0, 0, 0
66807, 0, 1, 1, 0, 0, 0
27605, 0, 2, 2, 0, 0, 0
42406, 0, 4, 4, 0, 0, 0
34719, 0, 4, 4, 0, 0, 0
44115, 2, 2, 2, 0, 2, 0
54303, 1, 1, 1, 0, 1, 0
54304, 0, 1, 1, 0, 0, 0
54305, 1, 1, 1, 0, 1, 0
54306, 0, 1, 1, 0, 0, 0
54307, 1, 4, 3, 1, 1, 0
37011, 0, 1, 1, 0, 0, 0
54311, 6, 2, 2, 0, 6, 0
65408, 2, 1, 1, 0, 2, 0
45711, 1, 2, 2, 0, 1, 0
45712, 0, 2, 2, 0, 0, 0
66808, 0, 1, 1, 0, 0, 0
66809, 12, 1, 1, 0, 11, 1
37327, 0, 1, 1, 0, 0, 0
66810, 2, 1, 1, 0, 2, 0
66811, 1, 1, 1, 0, 1, 0
27916, 0, 1, 1, 0, 0, 0
66812, 0, 1, 1, 0, 0, 0
66863, 1, 1, 0, 1, 0, 1
37778, 1, 1, 1, 0, 1, 0
37779, 0, 1, 1, 0, 0, 0
64168, 35, 1, 1, 0, 33, 2
66869, 0, 2, 2, 0, 0, 0
66870, 0, 3, 3, 0, 0, 0
65020, 0, 1, 1, 0, 0, 0
65021, 0, 1, 1, 0, 0, 0
66185, 0, 1, 0, 1, 0, 0
66186, 0, 1, 0, 1, 0, 0
66871, 0, 1, 1, 0, 0, 0
66872, 0, 1, 1, 0, 0, 0
66873, 0, 1, 1, 0, 0, 0
34207, 2, 1, 1, 0, 1, 1
66874, 0, 2, 2, 0, 0, 0
66875, 0, 3, 3, 0, 0, 0
34695, 0, 1, 1, 0, 0, 0
41655, 0, 2, 2, 0, 0, 0
41656, 4, 1, 1, 0, 3, 1
26740, 2, 0, 0, 0, 2, 0
35972, 0, 2, 2, 0, 0, 0
66878, 1, 1, 1, 0, 0, 1
66882, 4, 1, 1, 0, 2, 2
66883, 0, 1, 1, 0, 0, 0
26779, 1, 0, 0, 0, 1, 0
55267, 4, 1, 1, 0, 4, 0
64244, 0, 1, 1, 0, 0, 0
64245, 0, 1, 1, 0, 0, 0
61533, 0, 2, 2, 0, 0, 0
66508, 0, 1, 0, 1, 0, 0
55836, 0, 1, 1, 0, 0, 0
55837, 0, 2, 1, 1, 0, 0
46188, 0, 2, 2, 0, 0, 0
66891, 7, 1, 1, 0, 6, 1
66892, 0, 1, 1, 0, 0, 0
61652, 0, 1, 1, 0, 0, 0
63908, 0, 3, 3, 0, 0, 0
66893, 0, 1, 1, 0, 0, 0
66894, 0, 1, 1, 0, 0, 0
33018, 4, 6, 5, 1, 4, 0
43836, 0, 2, 2, 0, 0, 0
66895, 3, 6, 6, 0, 3, 0
66896, 8, 7, 7, 0, 8, 0
66897, 0, 1, 1, 0, 0, 0
66898, 7, 4, 4, 0, 7, 0
66899, 7, 4, 4, 0, 7, 0
66905, 0, 1, 1, 0, 0, 0
66906, 0, 2, 1, 1, 0, 0
33539, 0, 7, 7, 0, 0, 0
66907, 3, 1, 1, 0, 3, 0
66908, 0, 1, 1, 0, 0, 0
29965, 1, 3, 2, 1, 0, 1
55511, 14, 2, 2, 0, 9, 5
64274, 0, 1, 0, 1, 0, 0
64275, 0, 1, 0, 1, 0, 0
64276, 0, 1, 0, 1, 0, 0
64277, 0, 3, 1, 2, 0, 0
64278, 0, 1, 0, 1, 0, 0
33661, 1, 1, 1, 0, 1, 0
33662, 0, 1, 0, 1, 0, 0
33664, 2, 1, 0, 1, 2, 0
33665, 0, 1, 0, 1, 0, 0
54744, 0, 1, 1, 0, 0, 0
54746, 0, 1, 1, 0, 0, 0
54747, 1, 2, 2, 0, 1, 0
54748, 0, 1, 1, 0, 0, 0
54749, 1, 1, 1, 0, 1, 0
54750, 0, 1, 1, 0, 0, 0
54751, 1, 1, 1, 0, 1, 0
54752, 0, 1, 1, 0, 0, 0
54753, 0, 2, 1, 1, 0, 0
54754, 3, 1, 0, 1, 3, 0
54755, 0, 1, 0, 1, 0, 0
54757, 0, 1, 0, 1, 0, 0
54758, 1, 2, 1, 1, 1, 0
54759, 12, 1, 0, 1, 6, 6
54760, 0, 1, 0, 1, 0, 0
54761, 0, 1, 0, 1, 0, 0
66909, 0, 1, 1, 0, 0, 0
66910, 0, 2, 2, 0, 0, 0
66911, 0, 1, 1, 0, 0, 0
66912, 0, 1, 1, 0, 0, 0
66913, 0, 3, 2, 1, 0, 0
66914, 10, 1, 1, 0, 10, 0
49564, 3, 2, 2, 0, 2, 1
62497, 0, 1, 1, 0, 0, 0
62498, 0, 1, 1, 0, 0, 0
62499, 0, 2, 2, 0, 0, 0
62500, 1, 1, 1, 0, 1, 0
62501, 2, 1, 0, 1, 2, 0
62502, 0, 1, 0, 1, 0, 0
62503, 0, 2, 0, 2, 0, 0
62504, 0, 1, 0, 1, 0, 0
62505, 0, 1, 0, 1, 0, 0
62506, 0, 1, 0, 1, 0, 0
62507, 0, 1, 0, 1, 0, 0
62508, 0, 1, 0, 1, 0, 0
36842, 0, 1, 1, 0, 0, 0
36843, 0, 1, 1, 0, 0, 0
66915, 0, 1, 1, 0, 0, 0
66916, 0, 1, 1, 0, 0, 0
66917, 0, 1, 1, 0, 0, 0
66918, 0, 1, 1, 0, 0, 0
66919, 0, 1, 1, 0, 0, 0
66920, 0, 1, 1, 0, 0, 0
66921, 1, 1, 1, 0, 1, 0
66922, 0, 1, 1, 0, 0, 0
40686, 1, 2, 2, 0, 1, 0
47014, 6, 1, 1, 0, 6, 0
47015, 0, 3, 3, 0, 0, 0
64089, 0, 1, 1, 0, 0, 0
64090, 0, 1, 1, 0, 0, 0
31107, 1, 1, 1, 0, 1, 0
31108, 0, 1, 1, 0, 0, 0
31109, 0, 1, 0, 1, 0, 0
31110, 0, 1, 0, 1, 0, 0
31112, 0, 1, 0, 1, 0, 0
31116, 2, 1, 0, 1, 1, 1
31118, 0, 1, 0, 1, 0, 0
31122, 0, 1, 0, 1, 0, 0
31123, 0, 1, 0, 1, 0, 0
31124, 3, 1, 0, 1, 3, 0
59423, 0, 1, 1, 0, 0, 0
35764, 0, 2, 1, 1, 0, 0
59969, 0, 2, 2, 0, 0, 0
59970, 0, 4, 4, 0, 0, 0
59971, 0, 1, 0, 1, 0, 0
59973, 3, 2, 0, 2, 0, 3
59974, 2, 1, 0, 1, 1, 1
59975, 1, 1, 0, 1, 0, 1
59976, 0, 1, 0, 1, 0, 0
59977, 0, 1, 0, 1, 0, 0
59978, 0, 1, 0, 1, 0, 0
59979, 0, 1, 0, 1, 0, 0
59980, 0, 1, 0, 1, 0, 0
59981, 0, 1, 0, 1, 0, 0
59982, 0, 1, 0, 1, 0, 0
59983, 0, 1, 0, 1, 0, 0
59984, 0, 1, 0, 1, 0, 0
59985, 0, 1, 0, 1, 0, 0
59986, 0, 1, 0, 1, 0, 0
59987, 0, 1, 0, 1, 0, 0
59988, 0, 1, 0, 1, 0, 0
59989, 0, 1, 0, 1, 0, 0
59990, 0, 1, 0, 1, 0, 0
59991, 0, 1, 0, 1, 0, 0
59992, 0, 1, 0, 1, 0, 0
59993, 0, 1, 0, 1, 0, 0
59994, 0, 2, 1, 1, 0, 0
45659, 0, 1, 1, 0, 0, 0
45660, 0, 1, 0, 1, 0, 0
54989, 0, 4, 4, 0, 0, 0
55457, 0, 1, 1, 0, 0, 0
55459, 3, 1, 1, 0, 3, 0
44973, 2, 2, 2, 0, 2, 0
55031, 0, 2, 2, 0, 0, 0
58499, 1, 1, 1, 0, 1, 0
58500, 0, 1, 1, 0, 0, 0
58501, 0, 1, 1, 0, 0, 0
58502, 0, 1, 1, 0, 0, 0
58503, 0, 1, 1, 0, 0, 0
50175, 0, 1, 1, 0, 0, 0
50176, 0, 1, 1, 0, 0, 0
55422, 4, 1, 1, 0, 4, 0
55423, 0, 1, 1, 0, 0, 0
41757, 0, 1, 1, 0, 0, 0
41759, 0, 1, 1, 0, 0, 0
66923, 0, 1, 1, 0, 0, 0
66924, 0, 1, 1, 0, 0, 0
28568, 0, 5, 5, 0, 0, 0
28570, 0, 1, 1, 0, 0, 0
26938, 1, 0, 0, 0, 1, 0
26939, 2, 0, 0, 0, 2, 0
66634, 0, 1, 1, 0, 0, 0
66635, 1, 1, 1, 0, 1, 0
66636, 0, 1, 1, 0, 0, 0
66637, 0, 1, 1, 0, 0, 0
66638, 0, 1, 1, 0, 0, 0
66639, 0, 1, 1, 0, 0, 0
66928, 3, 1, 1, 0, 3, 0
66931, 0, 1, 1, 0, 0, 0
66932, 0, 1, 1, 0, 0, 0
66933, 4, 1, 1, 0, 3, 1
66934, 1, 1, 1, 0, 1, 0
66935, 0, 1, 1, 0, 0, 0
66936, 0, 1, 1, 0, 0, 0
66937, 3, 1, 1, 0, 3, 0
66938, 0, 4, 4, 0, 0, 0
59954, 0, 1, 0, 1, 0, 0
44393, 11, 1, 1, 0, 11, 0
62969, 0, 1, 1, 0, 0, 0
66939, 0, 2, 2, 0, 0, 0
32575, 0, 2, 2, 0, 0, 0
43878, 0, 1, 1, 0, 0, 0
66940, 0, 1, 1, 0, 0, 0
35676, 43, 1, 1, 0, 41, 2
53168, 1, 1, 1, 0, 1, 0
53169, 0, 1, 0, 1, 0, 0
53170, 0, 1, 0, 1, 0, 0
66941, 3, 1, 1, 0, 3, 0
66377, 0, 2, 1, 1, 0, 0
36449, 0, 2, 2, 0, 0, 0
66942, 0, 1, 1, 0, 0, 0
66943, 0, 1, 0, 1, 0, 0
66944, 0, 1, 0, 1, 0, 0
66945, 0, 1, 0, 1, 0, 0
66946, 0, 1, 1, 0, 0, 0
66947, 2, 1, 1, 0, 2, 0
66948, 0, 2, 2, 0, 0, 0
27042, 8, 1, 1, 0, 8, 0
27043, 0, 3, 3, 0, 0, 0
66950, 0, 1, 1, 0, 0, 0
66958, 0, 1, 1, 0, 0, 0
66959, 1, 1, 1, 0, 1, 0
66960, 0, 1, 1, 0, 0, 0
27060, 0, 1, 1, 0, 0, 0
27062, 0, 1, 1, 0, 0, 0
66965, 0, 1, 1, 0, 0, 0
48434, 1, 1, 1, 0, 0, 1
48435, 0, 1, 1, 0, 0, 0
48437, 6, 2, 2, 0, 6, 0
48438, 1, 1, 1, 0, 1, 0
66966, 0, 2, 2, 0, 0, 0
62971, 1, 4, 4, 0, 1, 0
66967, 0, 2, 2, 0, 0, 0
55242, 0, 1, 1, 0, 0, 0
60062, 0, 5, 5, 0, 0, 0
59649, 1, 1, 1, 0, 1, 0
59650, 1, 1, 1, 0, 1, 0
30089, 7, 3, 3, 0, 7, 0
30090, 0, 2, 2, 0, 0, 0
30094, 0, 1, 0, 1, 0, 0
30095, 0, 1, 0, 1, 0, 0
54068, 0, 3, 3, 0, 0, 0
66986, 0, 1, 1, 0, 0, 0
66987, 26, 1, 1, 0, 10, 16
66988, 2, 1, 1, 0, 2, 0
63706, 0, 2, 1, 1, 0, 0
66989, 0, 1, 0, 1, 0, 0
66990, 1, 2, 1, 1, 1, 0
44069, 0, 1, 1, 0, 0, 0
66999, 0, 1, 1, 0, 0, 0
33704, 0, 3, 3, 0, 0, 0
58490, 0, 1, 1, 0, 0, 0
58491, 0, 2, 2, 0, 0, 0
58492, 6, 2, 2, 0, 6, 0
58493, 0, 2, 2, 0, 0, 0
67000, 0, 1, 1, 0, 0, 0
67001, 0, 1, 1, 0, 0, 0
54500, 0, 2, 2, 0, 0, 0
54501, 0, 1, 1, 0, 0, 0
57373, 0, 1, 1, 0, 0, 0
50824, 0, 1, 1, 0, 0, 0
50825, 0, 1, 1, 0, 0, 0
50826, 0, 1, 1, 0, 0, 0
50833, 0, 1, 1, 0, 0, 0
50836, 0, 2, 1, 1, 0, 0
27144, 12, 0, 0, 0, 12, 0
27145, 0, 1, 1, 0, 0, 0
27146, 8, 1, 1, 0, 8, 0
27147, 1, 0, 0, 0, 1, 0
27154, 10, 0, 0, 0, 10, 0
27155, 0, 2, 2, 0, 0, 0
27705, 0, 2, 1, 1, 0, 0
67090, 3, 1, 1, 0, 3, 0
67091, 0, 6, 6, 0, 0, 0
67092, 1, 1, 0, 1, 1, 0
58385, 13, 1, 1, 0, 10, 3
67093, 4, 3, 3, 0, 4, 0
67094, 0, 2, 1, 1, 0, 0
67104, 1, 2, 2, 0, 1, 0
58898, 0, 1, 1, 0, 0, 0
58899, 0, 1, 1, 0, 0, 0
58900, 0, 1, 1, 0, 0, 0
67105, 0, 2, 1, 1, 0, 0
63490, 2, 1, 1, 0, 2, 0
67111, 0, 1, 1, 0, 0, 0
67112, 0, 1, 1, 0, 0, 0
34965, 3, 4, 3, 1, 3, 0
66482, 0, 1, 1, 0, 0, 0
65601, 1, 2, 2, 0, 1, 0
67116, 1, 1, 1, 0, 1, 0
67117, 0, 1, 1, 0, 0, 0
66904, 0, 2, 0, 2, 0, 0
67118, 0, 2, 0, 2, 0, 0
67119, 0, 1, 1, 0, 0, 0
67120, 0, 1, 1, 0, 0, 0
33703, 0, 1, 1, 0, 0, 0
33707, 2, 1, 1, 0, 2, 0
33708, 1, 1, 1, 0, 1, 0
33709, 2, 2, 2, 0, 2, 0
67121, 0, 1, 1, 0, 0, 0
67122, 0, 1, 1, 0, 0, 0
44843, 1, 1, 1, 0, 0, 1
67123, 0, 1, 1, 0, 0, 0
64877, 22, 2, 1, 1, 7, 15
59785, 0, 1, 1, 0, 0, 0
67124, 1, 1, 1, 0, 1, 0
67125, 1, 1, 1, 0, 1, 0
67126, 0, 1, 1, 0, 0, 0
50821, 3, 3, 2, 1, 3, 0
67127, 13, 1, 1, 0, 6, 7
67128, 0, 1, 1, 0, 0, 0
27305, 33, 0, 0, 0, 22, 11
27307, 1, 1, 1, 0, 0, 1
27309, 23, 2, 2, 0, 0, 23
27310, 0, 1, 1, 0, 0, 0
67129, 0, 1, 0, 1, 0, 0
57988, 0, 1, 1, 0, 0, 0
59883, 5, 1, 1, 0, 2, 3
64522, 0, 1, 1, 0, 0, 0
67130, 0, 2, 2, 0, 0, 0
27570, 0, 3, 1, 2, 0, 0
27331, 9, 0, 0, 0, 4, 5
67131, 0, 1, 1, 0, 0, 0
58697, 0, 1, 1, 0, 0, 0
67156, 0, 1, 1, 0, 0, 0
67157, 1, 1, 1, 0, 1, 0
30272, 22, 1, 1, 0, 22, 0
33616, 6, 4, 4, 0, 6, 0
64202, 0, 1, 1, 0, 0, 0
64203, 6, 1, 1, 0, 6, 0
64204, 6, 4, 4, 0, 5, 1
67158, 0, 1, 1, 0, 0, 0
67159, 0, 1, 1, 0, 0, 0
67160, 1, 1, 1, 0, 1, 0
67161, 1, 1, 0, 1, 0, 1
38351, 1, 1, 1, 0, 1, 0
67162, 0, 1, 1, 0, 0, 0
67163, 0, 1, 1, 0, 0, 0
67164, 0, 1, 1, 0, 0, 0
56129, 2, 4, 3, 1, 2, 0
56130, 0, 1, 1, 0, 0, 0
56131, 0, 1, 1, 0, 0, 0
56132, 0, 2, 1, 1, 0, 0
56133, 0, 2, 2, 0, 0, 0
56134, 0, 1, 1, 0, 0, 0
56135, 0, 2, 1, 1, 0, 0
56136, 0, 1, 0, 1, 0, 0
56137, 0, 1, 0, 1, 0, 0
56138, 0, 1, 0, 1, 0, 0
56139, 1, 2, 1, 1, 1, 0
56142, 0, 1, 0, 1, 0, 0
56143, 0, 1, 0, 1, 0, 0
56144, 0, 1, 0, 1, 0, 0
56145, 0, 1, 0, 1, 0, 0
56146, 0, 1, 0, 1, 0, 0
56147, 0, 1, 0, 1, 0, 0
56148, 0, 1, 0, 1, 0, 0
44266, 0, 2, 1, 1, 0, 0
64198, 0, 1, 0, 1, 0, 0
67166, 2, 1, 1, 0, 2, 0
67167, 0, 1, 1, 0, 0, 0
67168, 0, 1, 1, 0, 0, 0
67169, 0, 1, 1, 0, 0, 0
67170, 0, 1, 1, 0, 0, 0
58001, 1, 1, 1, 0, 1, 0
58002, 0, 1, 1, 0, 0, 0
58003, 0, 1, 0, 1, 0, 0
58004, 0, 1, 0, 1, 0, 0
67171, 0, 2, 2, 0, 0, 0
44250, 0, 4, 4, 0, 0, 0
44254, 5, 4, 4, 0, 4, 1
27383, 0, 2, 2, 0, 0, 0
27384, 0, 1, 1, 0, 0, 0
27387, 0, 1, 1, 0, 0, 0
27388, 0, 1, 1, 0, 0, 0
43686, 1, 1, 1, 0, 1, 0
35556, 0, 2, 1, 1, 0, 0
38894, 1, 1, 1, 0, 1, 0
38895, 0, 3, 3, 0, 0, 0
38896, 0, 2, 2, 0, 0, 0
38900, 4, 2, 1, 1, 4, 0
27394, 13, 0, 0, 0, 13, 0
27395, 1, 0, 0, 0, 1, 0
27401, 2, 0, 0, 0, 2, 0
27402, 0, 1, 1, 0, 0, 0
27403, 5, 0, 0, 0, 5, 0
67173, 0, 1, 0, 1, 0, 0
45002, 3, 3, 3, 0, 3, 0
45003, 0, 1, 0, 1, 0, 0
67174, 3, 1, 1, 0, 3, 0
54806, 1, 2, 2, 0, 1, 0
54807, 1, 1, 1, 0, 1, 0
54808, 0, 1, 1, 0, 0, 0
54809, 0, 1, 1, 0, 0, 0
54810, 0, 1, 1, 0, 0, 0
67175, 0, 1, 1, 0, 0, 0
47001, 6, 1, 1, 0, 3, 3
47002, 9, 3, 3, 0, 5, 4
27430, 0, 1, 1, 0, 0, 0
27431, 1, 1, 1, 0, 1, 0
27435, 0, 2, 2, 0, 0, 0
27436, 2, 1, 1, 0, 2, 0
27437, 1, 1, 1, 0, 1, 0
27441, 1, 1, 1, 0, 1, 0
54215, 0, 3, 3, 0, 0, 0
62510, 3, 1, 1, 0, 2, 1
27450, 7, 0, 0, 0, 7, 0
67198, 0, 1, 1, 0, 0, 0
27457, 2, 2, 2, 0, 2, 0
27467, 1, 0, 0, 0, 1, 0
27468, 2, 2, 2, 0, 2, 0
27469, 0, 1, 1, 0, 0, 0
27471, 0, 1, 1, 0, 0, 0
27478, 0, 1, 1, 0, 0, 0
27481, 6, 2, 2, 0, 5, 1
27489, 0, 2, 2, 0, 0, 0
27490, 0, 1, 1, 0, 0, 0
66991, 0, 2, 2, 0, 0, 0
67239, 1, 1, 1, 0, 0, 1
54363, 9, 2, 2, 0, 8, 1
67240, 2, 1, 1, 0, 1, 1
67241, 7, 3, 3, 0, 7, 0
67242, 3, 1, 1, 0, 3, 0
44113, 0, 3, 3, 0, 0, 0
54120, 6, 2, 2, 0, 3, 3
67243, 0, 1, 1, 0, 0, 0
67244, 1, 1, 1, 0, 1, 0
54525, 0, 1, 1, 0, 0, 0
54526, 2, 1, 1, 0, 2, 0
54527, 0, 1, 0, 1, 0, 0
54528, 0, 1, 0, 1, 0, 0
67245, 0, 1, 1, 0, 0, 0
67246, 3, 2, 2, 0, 3, 0
27534, 7, 0, 0, 0, 7, 0
67248, 1, 1, 1, 0, 1, 0
27537, 1, 0, 0, 0, 1, 0
27538, 17, 2, 2, 0, 6, 11
27540, 0, 1, 0, 1, 0, 0
27541, 1, 0, 0, 0, 1, 0
27542, 1, 0, 0, 0, 1, 0
27549, 0, 1, 1, 0, 0, 0
27551, 0, 1, 0, 1, 0, 0
27553, 0, 1, 0, 1, 0, 0
27554, 0, 1, 0, 1, 0, 0
27555, 0, 2, 1, 1, 0, 0
27560, 0, 1, 0, 1, 0, 0
27563, 3, 1, 0, 1, 3, 0
27565, 0, 1, 0, 1, 0, 0
27568, 0, 1, 0, 1, 0, 0
27569, 0, 1, 0, 1, 0, 0
27573, 0, 1, 0, 1, 0, 0
27574, 0, 2, 1, 1, 0, 0
27578, 0, 1, 0, 1, 0, 0
54904, 2, 3, 3, 0, 2, 0
67250, 0, 1, 1, 0, 0, 0
67251, 0, 1, 1, 0, 0, 0
67252, 1, 1, 1, 0, 1, 0
37895, 0, 1, 1, 0, 0, 0
37896, 0, 1, 1, 0, 0, 0
37898, 0, 1, 1, 0, 0, 0
37899, 0, 1, 1, 0, 0, 0
37900, 0, 1, 1, 0, 0, 0
37904, 2, 2, 1, 1, 2, 0
37905, 0, 1, 0, 1, 0, 0
37907, 0, 1, 0, 1, 0, 0
54702, 0, 2, 1, 1, 0, 0
27584, 1, 0, 0, 0, 1, 0
27585, 1, 1, 1, 0, 1, 0
27586, 1, 0, 0, 0, 1, 0
27587, 1, 0, 0, 0, 1, 0
27588, 1, 0, 0, 0, 1, 0
27589, 1, 0, 0, 0, 1, 0
27590, 1, 0, 0, 0, 1, 0
27591, 1, 0, 0, 0, 1, 0
27592, 2, 0, 0, 0, 2, 0
67254, 1, 1, 1, 0, 1, 0
67255, 3, 2, 2, 0, 3, 0
42049, 0, 2, 2, 0, 0, 0
42051, 0, 1, 1, 0, 0, 0
42052, 0, 1, 1, 0, 0, 0
42053, 0, 1, 1, 0, 0, 0
27600, 4, 0, 0, 0, 2, 2
27602, 1, 1, 1, 0, 1, 0
27610, 0, 1, 1, 0, 0, 0
27613, 0, 1, 1, 0, 0, 0
29183, 1, 1, 1, 0, 1, 0
29185, 4, 1, 1, 0, 4, 0
27616, 1, 0, 0, 0, 1, 0
27617, 2, 0, 0, 0, 2, 0
27618, 0, 1, 1, 0, 0, 0
63361, 0, 1, 0, 1, 0, 0
27637, 1, 0, 0, 0, 1, 0
27638, 1, 0, 0, 0, 1, 0
27639, 7, 0, 0, 0, 7, 0
27902, 0, 3, 3, 0, 0, 0
27642, 1, 0, 0, 0, 1, 0
27643, 1, 0, 0, 0, 1, 0
27644, 2, 0, 0, 0, 2, 0
27645, 0, 1, 1, 0, 0, 0
27646, 2, 1, 1, 0, 2, 0
27647, 1, 0, 0, 0, 1, 0
27648, 42, 1, 1, 0, 41, 1
27649, 1, 1, 1, 0, 1, 0
27650, 0, 1, 1, 0, 0, 0
27655, 0, 1, 1, 0, 0, 0
27657, 3, 1, 1, 0, 3, 0
27659, 0, 3, 3, 0, 0, 0
27660, 0, 1, 1, 0, 0, 0
27662, 0, 1, 1, 0, 0, 0
67258, 0, 1, 1, 0, 0, 0
67259, 5, 2, 2, 0, 5, 0
67260, 0, 1, 1, 0, 0, 0
67261, 8, 1, 1, 0, 8, 0
59948, 0, 2, 1, 1, 0, 0
67262, 1, 1, 1, 0, 1, 0
67263, 0, 1, 1, 0, 0, 0
67264, 0, 1, 1, 0, 0, 0
67265, 1, 1, 0, 1, 1, 0
67266, 0, 1, 0, 1, 0, 0
67267, 0, 1, 0, 1, 0, 0
67268, 0, 1, 0, 1, 0, 0
67269, 1, 1, 1, 0, 1, 0
27673, 1, 0, 0, 0, 1, 0
27675, 0, 1, 1, 0, 0, 0
27676, 0, 1, 1, 0, 0, 0
27677, 5, 1, 1, 0, 5, 0
27678, 0, 1, 1, 0, 0, 0
27679, 0, 1, 1, 0, 0, 0
27682, 0, 1, 1, 0, 0, 0
27684, 0, 1, 1, 0, 0, 0
27688, 0, 1, 1, 0, 0, 0
27689, 0, 3, 3, 0, 0, 0
27692, 0, 1, 1, 0, 0, 0
27694, 0, 1, 1, 0, 0, 0
27695, 0, 1, 1, 0, 0, 0
27699, 0, 1, 1, 0, 0, 0
27701, 0, 1, 1, 0, 0, 0
27703, 0, 1, 1, 0, 0, 0
27704, 1, 1, 1, 0, 1, 0
27707, 1, 1, 1, 0, 1, 0
27712, 1, 1, 0, 1, 1, 0
27714, 0, 1, 0, 1, 0, 0
67271, 0, 2, 2, 0, 0, 0
67272, 0, 1, 1, 0, 0, 0
67273, 0, 1, 1, 0, 0, 0
67274, 0, 1, 1, 0, 0, 0
67275, 0, 1, 1, 0, 0, 0
27715, 1, 0, 0, 0, 1, 0
27716, 1, 0, 0, 0, 1, 0
27717, 1, 0, 0, 0, 1, 0
27722, 1, 1, 1, 0, 0, 1
27723, 0, 1, 1, 0, 0, 0
27724, 1, 0, 0, 0, 1, 0
30451, 1, 3, 3, 0, 1, 0
27734, 1, 0, 0, 0, 1, 0
27736, 1, 0, 0, 0, 1, 0
27737, 1, 0, 0, 0, 1, 0
27740, 0, 2, 2, 0, 0, 0
27741, 0, 1, 1, 0, 0, 0
27747, 0, 2, 0, 2, 0, 0
27750, 0, 1, 0, 1, 0, 0
27751, 6, 1, 0, 1, 0, 6
27753, 3, 1, 0, 1, 3, 0
27754, 2, 2, 0, 2, 1, 1
67306, 0, 1, 1, 0, 0, 0
67307, 1, 2, 2, 0, 1, 0
67308, 0, 3, 3, 0, 0, 0
28142, 3, 1, 0, 1, 3, 0
67309, 0, 1, 0, 1, 0, 0
67310, 0, 1, 0, 1, 0, 0
34785, 0, 2, 2, 0, 0, 0
34788, 0, 1, 0, 1, 0, 0
67311, 0, 1, 1, 0, 0, 0
67312, 0, 1, 1, 0, 0, 0
27755, 9, 0, 0, 0, 9, 0
27758, 2, 0, 0, 0, 2, 0
63724, 4, 1, 1, 0, 3, 1
63348, 4, 1, 1, 0, 4, 0
63349, 1, 1, 1, 0, 1, 0
65578, 0, 1, 0, 1, 0, 0
63481, 0, 1, 1, 0, 0, 0
64838, 0, 1, 1, 0, 0, 0
64839, 0, 1, 1, 0, 0, 0
46206, 0, 1, 0, 1, 0, 0
67313, 0, 1, 1, 0, 0, 0
42479, 0, 1, 1, 0, 0, 0
42480, 0, 1, 1, 0, 0, 0
42482, 1, 1, 1, 0, 1, 0
42483, 0, 1, 1, 0, 0, 0
27797, 1, 0, 0, 0, 1, 0
67314, 1, 2, 2, 0, 1, 0
67315, 6, 1, 1, 0, 6, 0
67316, 0, 2, 2, 0, 0, 0
67317, 0, 1, 1, 0, 0, 0
27807, 5, 0, 0, 0, 5, 0
27808, 1, 0, 0, 0, 1, 0
44938, 1, 1, 1, 0, 1, 0
66438, 1, 1, 0, 1, 1, 0
27817, 0, 1, 1, 0, 0, 0
27821, 0, 1, 0, 1, 0, 0
27822, 0, 1, 0, 1, 0, 0
58486, 1, 2, 2, 0, 1, 0
63069, 0, 1, 0, 1, 0, 0
31017, 0, 1, 1, 0, 0, 0
31018, 0, 1, 1, 0, 0, 0
31019, 0, 2, 1, 1, 0, 0
31021, 0, 1, 1, 0, 0, 0
31022, 0, 1, 1, 0, 0, 0
31023, 0, 1, 1, 0, 0, 0
31025, 2, 1, 1, 0, 2, 0
31026, 0, 1, 1, 0, 0, 0
31028, 0, 1, 1, 0, 0, 0
31032, 2, 2, 1, 1, 2, 0
31037, 0, 1, 0, 1, 0, 0
31038, 7, 1, 0, 1, 6, 1
31039, 0, 1, 0, 1, 0, 0
31040, 0, 1, 0, 1, 0, 0
67321, 0, 1, 1, 0, 0, 0
67322, 1, 1, 1, 0, 1, 0
61285, 4, 1, 1, 0, 0, 4
40361, 2, 3, 2, 1, 1, 1
65773, 0, 1, 1, 0, 0, 0
63229, 0, 1, 1, 0, 0, 0
27842, 1, 0, 0, 0, 1, 0
67323, 0, 2, 2, 0, 0, 0
27849, 2, 0, 0, 0, 1, 1
27853, 0, 4, 4, 0, 0, 0
27860, 0, 1, 1, 0, 0, 0
27861, 0, 1, 1, 0, 0, 0
27863, 0, 1, 1, 0, 0, 0
27866, 0, 1, 1, 0, 0, 0
67325, 0, 1, 1, 0, 0, 0
67326, 0, 1, 1, 0, 0, 0
67327, 16, 2, 2, 0, 12, 4
67328, 0, 1, 1, 0, 0, 0
67329, 0, 1, 0, 1, 0, 0
27869, 0, 1, 1, 0, 0, 0
27872, 16, 0, 0, 0, 14, 2
27875, 0, 2, 1, 1, 0, 0
27877, 5, 0, 0, 0, 4, 1
27879, 0, 1, 1, 0, 0, 0
67332, 0, 1, 1, 0, 0, 0
67333, 0, 2, 0, 2, 0, 0
27884, 4, 0, 0, 0, 4, 0
27885, 2, 0, 0, 0, 2, 0
27890, 5, 1, 0, 1, 1, 4
67334, 0, 1, 1, 0, 0, 0
27891, 1, 0, 0, 0, 1, 0
27896, 0, 1, 1, 0, 0, 0
27899, 0, 1, 1, 0, 0, 0
27901, 8, 0, 0, 0, 6, 2
27903, 1, 0, 0, 0, 1, 0
27904, 1, 0, 0, 0, 1, 0
27905, 1, 0, 0, 0, 1, 0
27906, 1, 1, 1, 0, 1, 0
27907, 7, 0, 0, 0, 6, 1
66784, 3, 1, 1, 0, 3, 0
67335, 12, 1, 1, 0, 9, 3
67336, 1, 2, 2, 0, 1, 0
67337, 0, 1, 1, 0, 0, 0
27917, 1, 0, 0, 0, 1, 0
27918, 2, 0, 0, 0, 2, 0
27920, 0, 1, 1, 0, 0, 0
67338, 1, 1, 1, 0, 1, 0
64345, 2, 1, 1, 0, 2, 0
60536, 0, 1, 1, 0, 0, 0
64371, 0, 1, 1, 0, 0, 0
61514, 0, 4, 4, 0, 0, 0
65986, 0, 1, 1, 0, 0, 0
65987, 2, 1, 1, 0, 2, 0
45168, 1, 3, 3, 0, 1, 0
57325, 0, 1, 1, 0, 0, 0
64352, 1, 1, 1, 0, 1, 0
53535, 0, 1, 1, 0, 0, 0
63744, 0, 1, 1, 0, 0, 0
63745, 0, 1, 1, 0, 0, 0
63746, 0, 1, 0, 1, 0, 0
63747, 0, 1, 0, 1, 0, 0
64650, 0, 1, 1, 0, 0, 0
64651, 0, 1, 1, 0, 0, 0
67344, 1, 1, 1, 0, 1, 0
27961, 4, 0, 0, 0, 4, 0
27962, 0, 1, 1, 0, 0, 0
27963, 0, 1, 1, 0, 0, 0
67345, 1, 1, 1, 0, 1, 0
55529, 0, 1, 1, 0, 0, 0
55530, 0, 1, 1, 0, 0, 0
55531, 0, 1, 1, 0, 0, 0
55532, 0, 2, 2, 0, 0, 0
55533, 1, 2, 2, 0, 0, 1
55534, 7, 1, 1, 0, 4, 3
55535, 2, 1, 1, 0, 2, 0
55536, 0, 1, 1, 0, 0, 0
55537, 0, 1, 1, 0, 0, 0
27984, 1, 0, 0, 0, 1, 0
66501, 32, 2, 1, 1, 28, 4
28001, 3, 2, 2, 0, 3, 0
28002, 3, 2, 2, 0, 3, 0
28005, 0, 1, 1, 0, 0, 0
66503, 0, 2, 0, 2, 0, 0
67350, 3, 1, 1, 0, 3, 0
67351, 1, 1, 1, 0, 1, 0
28028, 3, 0, 0, 0, 3, 0
28029, 2, 2, 2, 0, 2, 0
28030, 4, 2, 2, 0, 4, 0
28031, 1, 0, 0, 0, 1, 0
28033, 0, 1, 1, 0, 0, 0
28034, 1, 0, 0, 0, 1, 0
28035, 1, 0, 0, 0, 1, 0
67353, 2, 4, 4, 0, 2, 0
65629, 0, 1, 1, 0, 0, 0
65630, 0, 1, 0, 1, 0, 0
65631, 0, 1, 0, 1, 0, 0
65632, 0, 1, 0, 1, 0, 0
65633, 0, 1, 0, 1, 0, 0
67354, 0, 1, 1, 0, 0, 0
59112, 0, 1, 1, 0, 0, 0
59113, 0, 1, 1, 0, 0, 0
59114, 0, 1, 1, 0, 0, 0
67355, 0, 1, 1, 0, 0, 0
55488, 2, 1, 1, 0, 2, 0
67356, 0, 1, 1, 0, 0, 0
67357, 0, 1, 1, 0, 0, 0
67358, 9, 1, 1, 0, 8, 1
67359, 0, 1, 1, 0, 0, 0
45910, 3, 2, 0, 2, 2, 1
54914, 1, 4, 2, 2, 1, 0
61655, 0, 1, 1, 0, 0, 0
61656, 3, 3, 1, 2, 3, 0
65570, 0, 1, 0, 1, 0, 0
65571, 2, 2, 1, 1, 2, 0
65572, 0, 2, 1, 1, 0, 0
65573, 0, 1, 0, 1, 0, 0
67360, 0, 1, 0, 1, 0, 0
67361, 0, 1, 1, 0, 0, 0
66192, 0, 2, 2, 0, 0, 0
67362, 0, 2, 2, 0, 0, 0
67363, 0, 1, 1, 0, 0, 0
33986, 13, 4, 3, 1, 12, 1
34745, 2, 2, 2, 0, 2, 0
35868, 3, 1, 1, 0, 3, 0
35870, 0, 1, 1, 0, 0, 0
35871, 6, 1, 1, 0, 6, 0
35872, 0, 1, 1, 0, 0, 0
35873, 0, 1, 1, 0, 0, 0
35876, 0, 1, 1, 0, 0, 0
35878, 0, 1, 1, 0, 0, 0
35882, 4, 1, 0, 1, 4, 0
28090, 1, 0, 0, 0, 1, 0
28091, 5, 0, 0, 0, 5, 0
28094, 0, 1, 1, 0, 0, 0
28099, 0, 1, 0, 1, 0, 0
28100, 1, 1, 0, 1, 1, 0
57603, 0, 2, 2, 0, 0, 0
67373, 0, 1, 1, 0, 0, 0
67374, 0, 1, 1, 0, 0, 0
67375, 0, 1, 1, 0, 0, 0
67376, 0, 1, 1, 0, 0, 0
28103, 1, 0, 0, 0, 1, 0
51806, 17, 1, 1, 0, 13, 4
67377, 0, 2, 2, 0, 0, 0
67378, 0, 1, 1, 0, 0, 0
67379, 0, 1, 1, 0, 0, 0
67380, 0, 1, 1, 0, 0, 0
67381, 2, 1, 1, 0, 2, 0
58250, 0, 1, 1, 0, 0, 0
58251, 0, 1, 0, 1, 0, 0
58252, 0, 1, 0, 1, 0, 0
58254, 0, 1, 0, 1, 0, 0
58255, 0, 1, 0, 1, 0, 0
58256, 0, 1, 0, 1, 0, 0
58257, 0, 1, 0, 1, 0, 0
58258, 0, 1, 0, 1, 0, 0
58259, 0, 1, 0, 1, 0, 0
58262, 1, 1, 0, 1, 0, 1
58263, 0, 1, 0, 1, 0, 0
58264, 0, 1, 0, 1, 0, 0
28136, 3, 1, 1, 0, 2, 1
28137, 4, 3, 2, 1, 4, 0
28138, 0, 1, 0, 1, 0, 0
67384, 0, 1, 1, 0, 0, 0
67385, 0, 1, 1, 0, 0, 0
67386, 2, 1, 1, 0, 2, 0
67387, 2, 2, 2, 0, 2, 0
67388, 1, 1, 1, 0, 0, 1
49409, 1, 1, 1, 0, 1, 0
44849, 7, 1, 1, 0, 7, 0
67389, 1, 1, 1, 0, 1, 0
28153, 1, 0, 0, 0, 1, 0
28154, 2, 1, 1, 0, 2, 0
28155, 1, 1, 1, 0, 1, 0
67395, 0, 1, 0, 1, 0, 0
62219, 0, 2, 2, 0, 0, 0
67396, 0, 1, 0, 1, 0, 0
28194, 1, 0, 0, 0, 1, 0
28195, 1, 0, 0, 0, 1, 0
67402, 4, 2, 1, 1, 4, 0
64289, 0, 2, 2, 0, 0, 0
67403, 1, 1, 1, 0, 1, 0
63227, 2, 2, 2, 0, 2, 0
67404, 1, 1, 1, 0, 1, 0
63407, 0, 4, 3, 1, 0, 0
67405, 0, 1, 1, 0, 0, 0
67406, 0, 1, 0, 1, 0, 0
67415, 1, 1, 1, 0, 1, 0
67416, 1, 1, 1, 0, 1, 0
67417, 0, 1, 1, 0, 0, 0
67418, 0, 1, 1, 0, 0, 0
67419, 0, 1, 1, 0, 0, 0
67420, 0, 1, 1, 0, 0, 0
67421, 0, 1, 1, 0, 0, 0
67422, 0, 1, 1, 0, 0, 0
41658, 0, 1, 1, 0, 0, 0
41659, 7, 1, 0, 1, 7, 0
67423, 0, 1, 1, 0, 0, 0
67424, 1, 1, 1, 0, 1, 0
67425, 1, 1, 1, 0, 1, 0
67426, 0, 1, 1, 0, 0, 0
28269, 26, 0, 0, 0, 26, 0
67427, 0, 1, 1, 0, 0, 0
67428, 7, 1, 1, 0, 4, 3
67429, 0, 1, 1, 0, 0, 0
67430, 0, 1, 1, 0, 0, 0
67431, 1, 1, 1, 0, 1, 0
66150, 4, 2, 2, 0, 4, 0
67432, 0, 1, 1, 0, 0, 0
67433, 0, 1, 1, 0, 0, 0
67434, 2, 1, 1, 0, 2, 0
67435, 0, 1, 1, 0, 0, 0
32515, 0, 6, 6, 0, 0, 0
62140, 1, 2, 2, 0, 1, 0
62141, 4, 2, 2, 0, 4, 0
62142, 1, 3, 2, 1, 1, 0
37883, 0, 3, 3, 0, 0, 0
67436, 0, 1, 1, 0, 0, 0
67437, 0, 1, 1, 0, 0, 0
67438, 0, 1, 1, 0, 0, 0
54102, 0, 1, 1, 0, 0, 0
54104, 5, 2, 1, 1, 5, 0
36902, 1, 2, 1, 1, 1, 0
41355, 1, 3, 2, 1, 1, 0
67346, 2, 1, 0, 1, 0, 2
67347, 0, 1, 0, 1, 0, 0
33349, 12, 3, 2, 1, 8, 4
34735, 1, 2, 1, 1, 1, 0
63406, 0, 1, 1, 0, 0, 0
63408, 0, 1, 1, 0, 0, 0
63409, 1, 2, 2, 0, 0, 1
67439, 0, 2, 2, 0, 0, 0
59608, 0, 2, 1, 1, 0, 0
60310, 0, 1, 0, 1, 0, 0
60311, 1, 3, 0, 3, 1, 0
60312, 1, 2, 0, 2, 0, 1
60313, 0, 2, 1, 1, 0, 0
62993, 0, 1, 1, 0, 0, 0
52115, 0, 3, 3, 0, 0, 0
52116, 4, 3, 3, 0, 4, 0
35396, 0, 1, 1, 0, 0, 0
35398, 0, 1, 0, 1, 0, 0
67440, 0, 1, 1, 0, 0, 0
62493, 0, 1, 1, 0, 0, 0
62494, 1, 2, 1, 1, 1, 0
62495, 11, 1, 0, 1, 7, 4
28340, 5, 3, 3, 0, 5, 0
28343, 0, 1, 1, 0, 0, 0
55122, 0, 1, 1, 0, 0, 0
67441, 0, 2, 2, 0, 0, 0
67442, 0, 1, 1, 0, 0, 0
67443, 0, 1, 1, 0, 0, 0
28345, 1, 0, 0, 0, 1, 0
67445, 0, 1, 1, 0, 0, 0
62994, 2, 2, 2, 0, 2, 0
62995, 0, 1, 1, 0, 0, 0
67446, 1, 1, 1, 0, 1, 0
59416, 4, 2, 2, 0, 4, 0
59417, 0, 1, 1, 0, 0, 0
67447, 2, 1, 1, 0, 2, 0
60978, 4, 1, 1, 0, 4, 0
46139, 1, 2, 1, 1, 1, 0
55872, 0, 2, 0, 2, 0, 0
62191, 0, 2, 1, 1, 0, 0
67472, 0, 1, 0, 1, 0, 0
67473, 4, 1, 0, 1, 4, 0
67474, 0, 1, 0, 1, 0, 0
67475, 0, 1, 0, 1, 0, 0
67476, 0, 1, 0, 1, 0, 0
67477, 0, 1, 0, 1, 0, 0
67478, 0, 1, 0, 1, 0, 0
67479, 0, 1, 0, 1, 0, 0
67480, 0, 1, 0, 1, 0, 0
67481, 0, 1, 0, 1, 0, 0
67482, 0, 1, 0, 1, 0, 0
67483, 0, 1, 0, 1, 0, 0
67484, 1, 2, 1, 1, 1, 0
44670, 3, 1, 1, 0, 1, 2
54588, 1, 1, 1, 0, 1, 0
45718, 0, 1, 1, 0, 0, 0
66360, 0, 3, 3, 0, 0, 0
67485, 1, 1, 1, 0, 1, 0
67486, 0, 1, 1, 0, 0, 0
67492, 0, 1, 1, 0, 0, 0
67493, 0, 1, 1, 0, 0, 0
42414, 0, 1, 1, 0, 0, 0
64555, 0, 1, 1, 0, 0, 0
65988, 0, 1, 1, 0, 0, 0
67494, 2, 1, 1, 0, 2, 0
67510, 0, 1, 1, 0, 0, 0
67511, 1, 1, 1, 0, 1, 0
67518, 0, 1, 1, 0, 0, 0
67522, 0, 1, 1, 0, 0, 0
67523, 0, 1, 1, 0, 0, 0
67524, 0, 1, 1, 0, 0, 0
67525, 0, 1, 1, 0, 0, 0
67526, 0, 1, 1, 0, 0, 0
67527, 0, 1, 0, 1, 0, 0
67528, 4, 1, 0, 1, 0, 4
67529, 1, 1, 1, 0, 1, 0
57732, 0, 1, 1, 0, 0, 0
60145, 5, 3, 2, 1, 4, 1
64554, 0, 1, 1, 0, 0, 0
55053, 0, 1, 1, 0, 0, 0
67530, 0, 1, 1, 0, 0, 0
67531, 0, 1, 1, 0, 0, 0
66318, 1, 1, 1, 0, 1, 0
48102, 13, 2, 2, 0, 12, 1
59428, 3, 2, 2, 0, 3, 0
59429, 0, 1, 1, 0, 0, 0
59431, 0, 1, 1, 0, 0, 0
28493, 0, 1, 1, 0, 0, 0
67532, 23, 1, 1, 0, 23, 0
63648, 1, 2, 2, 0, 1, 0
67534, 2, 1, 1, 0, 2, 0
67535, 2, 2, 2, 0, 2, 0
67536, 3, 4, 4, 0, 3, 0
67537, 0, 2, 2, 0, 0, 0
54687, 0, 3, 3, 0, 0, 0
63414, 6, 2, 2, 0, 6, 0
63415, 0, 3, 2, 1, 0, 0
63416, 0, 1, 1, 0, 0, 0
63417, 0, 1, 1, 0, 0, 0
63418, 1, 1, 1, 0, 1, 0
67538, 0, 1, 1, 0, 0, 0
67539, 2, 1, 1, 0, 2, 0
67540, 0, 1, 1, 0, 0, 0
67541, 0, 1, 1, 0, 0, 0
67542, 0, 1, 0, 1, 0, 0
28566, 1, 1, 1, 0, 0, 1
28567, 1, 0, 0, 0, 1, 0
67548, 0, 1, 0, 1, 0, 0
67549, 1, 1, 1, 0, 1, 0
63840, 0, 1, 1, 0, 0, 0
63734, 0, 1, 1, 0, 0, 0
67552, 0, 1, 0, 1, 0, 0
58682, 1, 2, 2, 0, 1, 0
67553, 1, 1, 1, 0, 1, 0
67554, 0, 1, 1, 0, 0, 0
67555, 0, 1, 1, 0, 0, 0
67556, 0, 1, 1, 0, 0, 0
67557, 0, 1, 1, 0, 0, 0
59771, 5, 3, 1, 2, 4, 1
67558, 1, 1, 1, 0, 1, 0
67559, 0, 1, 1, 0, 0, 0
67560, 0, 1, 0, 1, 0, 0
67594, 0, 1, 1, 0, 0, 0
67605, 0, 1, 1, 0, 0, 0
67208, 0, 2, 1, 1, 0, 0
67606, 0, 1, 1, 0, 0, 0
67607, 1, 1, 1, 0, 1, 0
55907, 0, 2, 1, 1, 0, 0
44136, 0, 3, 3, 0, 0, 0
44138, 0, 1, 0, 1, 0, 0
35184, 0, 2, 2, 0, 0, 0
67609, 1, 2, 0, 2, 1, 0
67610, 0, 1, 0, 1, 0, 0
65294, 0, 1, 1, 0, 0, 0
65295, 0, 1, 1, 0, 0, 0
65296, 0, 2, 2, 0, 0, 0
65297, 0, 1, 1, 0, 0, 0
65298, 1, 1, 1, 0, 1, 0
65299, 0, 1, 1, 0, 0, 0
65300, 0, 1, 1, 0, 0, 0
67611, 0, 1, 1, 0, 0, 0
67612, 0, 1, 1, 0, 0, 0
66551, 2, 1, 1, 0, 2, 0
66552, 0, 1, 1, 0, 0, 0
37250, 20, 1, 0, 1, 19, 1
57990, 0, 1, 1, 0, 0, 0
57991, 1, 1, 1, 0, 1, 0
57992, 0, 1, 1, 0, 0, 0
57993, 0, 1, 1, 0, 0, 0
57994, 0, 1, 1, 0, 0, 0
57995, 0, 1, 0, 1, 0, 0
57996, 0, 1, 0, 1, 0, 0
57997, 0, 2, 1, 1, 0, 0
57998, 0, 1, 0, 1, 0, 0
57999, 0, 2, 0, 2, 0, 0
58000, 0, 1, 0, 1, 0, 0
59115, 0, 1, 1, 0, 0, 0
46261, 3, 1, 0, 1, 3, 0
57745, 0, 1, 1, 0, 0, 0
57746, 0, 1, 1, 0, 0, 0
57747, 0, 1, 0, 1, 0, 0
57748, 0, 1, 0, 1, 0, 0
67613, 0, 2, 2, 0, 0, 0
67614, 1, 1, 1, 0, 1, 0
44022, 1, 1, 1, 0, 1, 0
44023, 0, 1, 1, 0, 0, 0
44024, 3, 1, 0, 1, 2, 1
35194, 0, 1, 1, 0, 0, 0
35198, 0, 5, 2, 3, 0, 0
35199, 0, 1, 0, 1, 0, 0
35200, 0, 1, 0, 1, 0, 0
67615, 0, 1, 1, 0, 0, 0
67616, 1, 1, 1, 0, 1, 0
64545, 0, 2, 1, 1, 0, 0
67791, 0, 1, 1, 0, 0, 0
67792, 0, 1, 0, 1, 0, 0
67793, 0, 1, 0, 1, 0, 0
67794, 0, 1, 1, 0, 0, 0
66458, 0, 2, 2, 0, 0, 0
66459, 0, 1, 1, 0, 0, 0
66460, 2, 2, 2, 0, 2, 0
28745, 15, 1, 1, 0, 11, 4
28747, 1, 1, 1, 0, 1, 0
28750, 0, 1, 1, 0, 0, 0
28751, 0, 2, 2, 0, 0, 0
28752, 0, 1, 1, 0, 0, 0
28753, 2, 1, 1, 0, 2, 0
28754, 1, 1, 1, 0, 1, 0
28755, 2, 0, 0, 0, 2, 0
28760, 0, 1, 1, 0, 0, 0
28762, 0, 1, 1, 0, 0, 0
51921, 0, 1, 1, 0, 0, 0
28763, 5, 0, 0, 0, 5, 0
28764, 0, 2, 2, 0, 0, 0
28765, 1, 0, 0, 0, 1, 0
67806, 0, 1, 0, 1, 0, 0
28768, 41, 1, 1, 0, 41, 0
28773, 0, 1, 1, 0, 0, 0
28774, 0, 2, 2, 0, 0, 0
28775, 0, 1, 1, 0, 0, 0
28776, 0, 1, 1, 0, 0, 0
28780, 1, 1, 1, 0, 0, 1
28781, 0, 1, 1, 0, 0, 0
62511, 10, 1, 1, 0, 10, 0
61785, 0, 1, 1, 0, 0, 0
28783, 1, 1, 1, 0, 1, 0
28787, 3, 1, 1, 0, 2, 1
28790, 0, 1, 1, 0, 0, 0
67103, 0, 3, 3, 0, 0, 0
67807, 0, 1, 1, 0, 0, 0
67808, 0, 1, 0, 1, 0, 0
59625, 0, 1, 1, 0, 0, 0
47023, 0, 2, 2, 0, 0, 0
67040, 1, 2, 2, 0, 1, 0
41661, 19, 1, 1, 0, 19, 0
62245, 0, 1, 1, 0, 0, 0
62246, 0, 1, 1, 0, 0, 0
62247, 0, 1, 1, 0, 0, 0
62248, 0, 1, 1, 0, 0, 0
62249, 0, 1, 1, 0, 0, 0
62250, 0, 3, 0, 3, 0, 0
33728, 4, 2, 2, 0, 4, 0
55087, 2, 1, 1, 0, 2, 0
55089, 4, 3, 0, 3, 4, 0
67810, 0, 1, 1, 0, 0, 0
28845, 10, 0, 0, 0, 10, 0
47437, 0, 1, 1, 0, 0, 0
47438, 0, 1, 1, 0, 0, 0
47439, 0, 1, 1, 0, 0, 0
47440, 0, 1, 1, 0, 0, 0
47442, 1, 2, 1, 1, 0, 1
67813, 0, 1, 1, 0, 0, 0
67814, 2, 2, 2, 0, 2, 0
67815, 2, 2, 2, 0, 2, 0
67816, 1, 1, 1, 0, 1, 0
28863, 4, 1, 1, 0, 4, 0
60131, 5, 1, 1, 0, 5, 0
54443, 0, 1, 1, 0, 0, 0
54445, 0, 2, 2, 0, 0, 0
67833, 0, 3, 3, 0, 0, 0
67834, 0, 1, 1, 0, 0, 0
67835, 2, 3, 2, 1, 2, 0
55138, 5, 2, 2, 0, 4, 1
64654, 2, 1, 1, 0, 2, 0
64655, 0, 1, 1, 0, 0, 0
54066, 0, 1, 1, 0, 0, 0
54067, 9, 1, 1, 0, 9, 0
67844, 2, 2, 2, 0, 2, 0
67845, 0, 2, 2, 0, 0, 0
67846, 1, 1, 1, 0, 1, 0
67847, 0, 1, 1, 0, 0, 0
67848, 0, 1, 1, 0, 0, 0
67849, 0, 1, 1, 0, 0, 0
67850, 0, 1, 1, 0, 0, 0
64462, 0, 1, 0, 1, 0, 0
28961, 1, 0, 0, 0, 1, 0
61646, 0, 1, 1, 0, 0, 0
61647, 16, 1, 1, 0, 14, 2
67852, 0, 1, 1, 0, 0, 0
58437, 1, 1, 1, 0, 1, 0
58438, 0, 1, 1, 0, 0, 0
64627, 0, 1, 1, 0, 0, 0
45158, 0, 1, 1, 0, 0, 0
45159, 1, 1, 1, 0, 1, 0
28975, 1, 0, 0, 0, 1, 0
67853, 0, 2, 2, 0, 0, 0
29203, 0, 2, 0, 2, 0, 0
29735, 6, 1, 0, 1, 5, 1
34181, 1, 2, 1, 1, 1, 0
59909, 0, 3, 2, 1, 0, 0
67854, 0, 1, 1, 0, 0, 0
67855, 0, 1, 0, 1, 0, 0
67856, 1, 1, 0, 1, 0, 1
67857, 0, 1, 0, 1, 0, 0
67858, 0, 1, 0, 1, 0, 0
67859, 0, 1, 0, 1, 0, 0
67860, 3, 1, 0, 1, 3, 0
67861, 0, 1, 0, 1, 0, 0
67862, 0, 1, 0, 1, 0, 0
67863, 0, 1, 0, 1, 0, 0
67864, 0, 2, 0, 2, 0, 0
67865, 3, 1, 0, 1, 3, 0
67866, 0, 1, 0, 1, 0, 0
67867, 0, 1, 0, 1, 0, 0
67868, 0, 1, 0, 1, 0, 0
67869, 5, 1, 0, 1, 4, 1
67870, 0, 1, 0, 1, 0, 0
67871, 2, 1, 0, 1, 0, 2
67872, 1, 2, 1, 1, 1, 0
67873, 0, 1, 0, 1, 0, 0
67874, 0, 1, 0, 1, 0, 0
67875, 5, 1, 0, 1, 3, 2
67876, 0, 1, 0, 1, 0, 0
64405, 0, 1, 1, 0, 0, 0
64406, 1, 1, 1, 0, 1, 0
64407, 0, 1, 1, 0, 0, 0
33064, 2, 1, 1, 0, 2, 0
33065, 0, 1, 1, 0, 0, 0
35432, 0, 1, 1, 0, 0, 0
35433, 0, 1, 1, 0, 0, 0
30032, 0, 2, 1, 1, 0, 0
30033, 0, 1, 1, 0, 0, 0
30035, 0, 1, 1, 0, 0, 0
30038, 0, 1, 1, 0, 0, 0
30040, 0, 1, 1, 0, 0, 0
34714, 0, 1, 1, 0, 0, 0
34717, 4, 2, 2, 0, 3, 1
34718, 0, 1, 1, 0, 0, 0
34720, 6, 1, 1, 0, 6, 0
34721, 0, 1, 1, 0, 0, 0
34723, 1, 1, 0, 1, 0, 1
35438, 0, 1, 1, 0, 0, 0
35441, 0, 1, 1, 0, 0, 0
35442, 0, 2, 1, 1, 0, 0
35443, 11, 1, 0, 1, 8, 3
49471, 0, 1, 1, 0, 0, 0
49472, 3, 2, 2, 0, 3, 0
49473, 1, 1, 0, 1, 1, 0
29399, 0, 1, 1, 0, 0, 0
66166, 0, 1, 1, 0, 0, 0
29592, 0, 4, 3, 1, 0, 0
29593, 0, 1, 1, 0, 0, 0
29602, 0, 1, 1, 0, 0, 0
29603, 0, 1, 1, 0, 0, 0
29607, 0, 1, 1, 0, 0, 0
29613, 0, 1, 1, 0, 0, 0
29614, 0, 1, 0, 1, 0, 0
29615, 0, 1, 0, 1, 0, 0
29618, 0, 1, 0, 1, 0, 0
29620, 0, 1, 0, 1, 0, 0
29621, 0, 1, 0, 1, 0, 0
29624, 0, 1, 0, 1, 0, 0
29629, 0, 1, 0, 1, 0, 0
29631, 0, 1, 0, 1, 0, 0
29632, 0, 1, 0, 1, 0, 0
29634, 0, 1, 0, 1, 0, 0
29636, 0, 1, 0, 1, 0, 0
67882, 0, 1, 1, 0, 0, 0
35709, 0, 1, 1, 0, 0, 0
63821, 0, 1, 1, 0, 0, 0
63822, 4, 2, 2, 0, 4, 0
63823, 0, 2, 2, 0, 0, 0
42078, 0, 1, 1, 0, 0, 0
42079, 0, 1, 1, 0, 0, 0
42080, 6, 1, 1, 0, 6, 0
42082, 0, 1, 1, 0, 0, 0
42083, 0, 2, 2, 0, 0, 0
42085, 0, 1, 1, 0, 0, 0
42087, 0, 1, 1, 0, 0, 0
42088, 0, 1, 1, 0, 0, 0
42089, 5, 1, 1, 0, 3, 2
54368, 0, 1, 1, 0, 0, 0
67883, 1, 1, 1, 0, 1, 0
33658, 0, 1, 1, 0, 0, 0
33659, 0, 1, 1, 0, 0, 0
67884, 0, 1, 1, 0, 0, 0
35616, 1, 1, 1, 0, 1, 0
67890, 0, 1, 1, 0, 0, 0
67893, 0, 1, 1, 0, 0, 0
67894, 0, 1, 1, 0, 0, 0
67895, 0, 4, 4, 0, 0, 0
67896, 0, 1, 0, 1, 0, 0
63696, 0, 1, 0, 1, 0, 0
63697, 0, 1, 0, 1, 0, 0
63698, 0, 1, 0, 1, 0, 0
63699, 0, 1, 0, 1, 0, 0
63700, 0, 1, 0, 1, 0, 0
63701, 1, 1, 0, 1, 1, 0
63702, 0, 1, 0, 1, 0, 0
62421, 1, 1, 1, 0, 1, 0
62422, 1, 1, 1, 0, 0, 1
62423, 0, 1, 1, 0, 0, 0
57595, 1, 1, 1, 0, 1, 0
57596, 0, 1, 1, 0, 0, 0
57598, 0, 1, 1, 0, 0, 0
57599, 0, 1, 1, 0, 0, 0
57600, 0, 1, 1, 0, 0, 0
57601, 0, 2, 2, 0, 0, 0
57604, 4, 1, 1, 0, 4, 0
57605, 0, 1, 1, 0, 0, 0
57607, 3, 2, 2, 0, 3, 0
32488, 0, 1, 1, 0, 0, 0
32489, 1, 1, 1, 0, 1, 0
35209, 0, 1, 1, 0, 0, 0
65542, 0, 3, 3, 0, 0, 0
29639, 1, 1, 1, 0, 1, 0
29640, 0, 2, 2, 0, 0, 0
67919, 6, 1, 1, 0, 4, 2
67920, 0, 1, 1, 0, 0, 0
39170, 0, 2, 1, 1, 0, 0
67921, 0, 1, 1, 0, 0, 0
63720, 0, 1, 1, 0, 0, 0
63721, 4, 1, 1, 0, 4, 0
54097, 0, 2, 2, 0, 0, 0
54099, 0, 1, 1, 0, 0, 0
67578, 0, 1, 1, 0, 0, 0
33441, 0, 4, 4, 0, 0, 0
51003, 0, 1, 1, 0, 0, 0
51004, 0, 1, 1, 0, 0, 0
51005, 0, 1, 1, 0, 0, 0
51008, 0, 2, 2, 0, 0, 0
51010, 0, 1, 1, 0, 0, 0
51011, 0, 1, 1, 0, 0, 0
51012, 0, 1, 1, 0, 0, 0
51013, 0, 1, 1, 0, 0, 0
51014, 0, 1, 1, 0, 0, 0
51016, 0, 1, 0, 1, 0, 0
62168, 0, 1, 1, 0, 0, 0
62169, 2, 1, 1, 0, 2, 0
62170, 0, 1, 1, 0, 0, 0
62171, 0, 1, 1, 0, 0, 0
37309, 0, 1, 1, 0, 0, 0
37310, 0, 1, 1, 0, 0, 0
37311, 8, 1, 1, 0, 7, 1
37312, 0, 1, 1, 0, 0, 0
37313, 0, 1, 1, 0, 0, 0
37314, 0, 1, 1, 0, 0, 0
67922, 0, 1, 1, 0, 0, 0
67923, 0, 1, 1, 0, 0, 0
61440, 8, 1, 1, 0, 7, 1
55276, 0, 2, 2, 0, 0, 0
67568, 0, 1, 1, 0, 0, 0
67569, 0, 1, 1, 0, 0, 0
67570, 0, 1, 1, 0, 0, 0
41585, 1, 1, 1, 0, 1, 0
59949, 0, 1, 1, 0, 0, 0
59950, 0, 1, 1, 0, 0, 0
59951, 0, 1, 1, 0, 0, 0
59952, 0, 2, 2, 0, 0, 0
35724, 0, 1, 1, 0, 0, 0
35725, 0, 1, 1, 0, 0, 0
35726, 0, 1, 1, 0, 0, 0
66094, 0, 2, 0, 2, 0, 0
67924, 0, 2, 1, 1, 0, 0
67925, 0, 1, 0, 1, 0, 0
55809, 0, 2, 2, 0, 0, 0
55810, 10, 1, 1, 0, 10, 0
49592, 0, 1, 1, 0, 0, 0
49593, 2, 2, 1, 1, 2, 0
49594, 0, 2, 2, 0, 0, 0
49595, 0, 1, 1, 0, 0, 0
49597, 0, 1, 1, 0, 0, 0
49598, 0, 1, 1, 0, 0, 0
49599, 1, 2, 2, 0, 1, 0
49600, 0, 1, 1, 0, 0, 0
63914, 0, 3, 3, 0, 0, 0
34012, 0, 1, 1, 0, 0, 0
54446, 0, 1, 1, 0, 0, 0
46316, 0, 2, 2, 0, 0, 0
66670, 0, 1, 1, 0, 0, 0
66671, 0, 1, 1, 0, 0, 0
66672, 0, 1, 1, 0, 0, 0
66673, 1, 1, 1, 0, 1, 0
66674, 0, 1, 1, 0, 0, 0
66675, 0, 1, 1, 0, 0, 0
66676, 1, 1, 1, 0, 1, 0
59325, 0, 1, 1, 0, 0, 0
59326, 2, 2, 2, 0, 2, 0
59327, 0, 1, 1, 0, 0, 0
59328, 0, 1, 1, 0, 0, 0
59329, 0, 1, 0, 1, 0, 0
59330, 0, 1, 0, 1, 0, 0
55746, 0, 1, 1, 0, 0, 0
55747, 0, 1, 1, 0, 0, 0
55748, 0, 1, 1, 0, 0, 0
55750, 0, 2, 2, 0, 0, 0
55751, 0, 1, 0, 1, 0, 0
55752, 0, 1, 0, 1, 0, 0
67959, 0, 2, 2, 0, 0, 0
67960, 0, 1, 1, 0, 0, 0
62623, 0, 3, 3, 0, 0, 0
67961, 4, 1, 1, 0, 4, 0
29557, 1, 1, 1, 0, 1, 0
29142, 2, 0, 0, 0, 2, 0
67966, 0, 1, 1, 0, 0, 0
52261, 0, 1, 1, 0, 0, 0
52262, 11, 3, 3, 0, 11, 0
52263, 0, 1, 0, 1, 0, 0
55096, 8, 1, 1, 0, 8, 0
59374, 0, 1, 1, 0, 0, 0
59375, 0, 1, 1, 0, 0, 0
59376, 0, 1, 1, 0, 0, 0
59377, 0, 1, 1, 0, 0, 0
59378, 0, 1, 0, 1, 0, 0
59379, 1, 2, 1, 1, 1, 0
57222, 0, 1, 1, 0, 0, 0
57223, 0, 1, 1, 0, 0, 0
57224, 0, 1, 1, 0, 0, 0
57225, 2, 1, 1, 0, 2, 0
57226, 0, 2, 2, 0, 0, 0
57227, 0, 1, 1, 0, 0, 0
57228, 0, 1, 1, 0, 0, 0
57229, 0, 2, 2, 0, 0, 0
57230, 0, 1, 1, 0, 0, 0
57231, 2, 1, 1, 0, 2, 0
57232, 0, 1, 1, 0, 0, 0
57233, 0, 2, 2, 0, 0, 0
57234, 0, 1, 1, 0, 0, 0
57235, 0, 1, 1, 0, 0, 0
67967, 0, 2, 2, 0, 0, 0
67968, 0, 1, 0, 1, 0, 0
67969, 0, 1, 1, 0, 0, 0
67970, 0, 1, 1, 0, 0, 0
54685, 0, 2, 2, 0, 0, 0
54688, 0, 1, 1, 0, 0, 0
55755, 0, 1, 1, 0, 0, 0
55756, 0, 1, 1, 0, 0, 0
67971, 0, 1, 0, 1, 0, 0
29195, 0, 2, 2, 0, 0, 0
29198, 0, 1, 0, 1, 0, 0
29200, 2, 1, 0, 1, 2, 0
29205, 0, 1, 0, 1, 0, 0
67972, 0, 1, 1, 0, 0, 0
67973, 0, 1, 0, 1, 0, 0
29806, 1, 3, 3, 0, 1, 0
32691, 2, 2, 2, 0, 2, 0
67974, 1, 3, 2, 1, 1, 0
29214, 0, 1, 1, 0, 0, 0
29215, 0, 1, 1, 0, 0, 0
33534, 1, 3, 3, 0, 0, 1
34360, 0, 1, 1, 0, 0, 0
34363, 0, 3, 3, 0, 0, 0
34364, 0, 1, 1, 0, 0, 0
34365, 0, 1, 1, 0, 0, 0
34367, 0, 1, 1, 0, 0, 0
34368, 0, 2, 2, 0, 0, 0
34369, 6, 1, 1, 0, 5, 1
34371, 0, 1, 1, 0, 0, 0
34372, 1, 1, 1, 0, 1, 0
34374, 0, 2, 2, 0, 0, 0
34375, 0, 2, 2, 0, 0, 0
34377, 0, 1, 1, 0, 0, 0
34379, 1, 1, 1, 0, 1, 0
58840, 0, 3, 3, 0, 0, 0
58841, 0, 1, 1, 0, 0, 0
58842, 1, 1, 0, 1, 1, 0
29233, 2, 1, 1, 0, 1, 1
53436, 0, 1, 1, 0, 0, 0
53437, 0, 1, 1, 0, 0, 0
53438, 0, 1, 1, 0, 0, 0
53440, 0, 1, 1, 0, 0, 0
53441, 0, 1, 1, 0, 0, 0
53443, 0, 1, 1, 0, 0, 0
53444, 1, 1, 1, 0, 0, 1
53445, 0, 1, 1, 0, 0, 0
53446, 0, 1, 1, 0, 0, 0
53447, 0, 1, 1, 0, 0, 0
67975, 0, 1, 1, 0, 0, 0
67976, 0, 1, 1, 0, 0, 0
67977, 0, 1, 1, 0, 0, 0
67978, 2, 1, 1, 0, 2, 0
67979, 0, 1, 1, 0, 0, 0
64249, 0, 1, 1, 0, 0, 0
64250, 0, 1, 1, 0, 0, 0
67980, 2, 1, 1, 0, 2, 0
50178, 0, 1, 1, 0, 0, 0
50180, 0, 2, 2, 0, 0, 0
67981, 0, 1, 1, 0, 0, 0
67982, 0, 1, 1, 0, 0, 0
29310, 18, 0, 0, 0, 18, 0
67984, 3, 3, 3, 0, 3, 0
29315, 0, 2, 2, 0, 0, 0
29318, 0, 1, 0, 1, 0, 0
29319, 0, 2, 1, 1, 0, 0
67985, 0, 3, 0, 3, 0, 0
29323, 14, 0, 0, 0, 14, 0
29329, 0, 1, 1, 0, 0, 0
48750, 2, 3, 3, 0, 2, 0
48751, 2, 3, 3, 0, 2, 0
41358, 1, 2, 2, 0, 1, 0
60064, 0, 1, 1, 0, 0, 0
60065, 0, 1, 1, 0, 0, 0
67987, 1, 1, 1, 0, 1, 0
67988, 1, 1, 1, 0, 1, 0
55474, 23, 1, 1, 0, 23, 0
55475, 1, 1, 1, 0, 1, 0
55476, 0, 1, 1, 0, 0, 0
67989, 3, 1, 1, 0, 3, 0
67990, 0, 1, 1, 0, 0, 0
67991, 1, 1, 1, 0, 1, 0
29356, 10, 0, 0, 0, 9, 1
29357, 6, 1, 0, 1, 6, 0
29363, 0, 1, 1, 0, 0, 0
29364, 0, 1, 1, 0, 0, 0
67992, 0, 2, 2, 0, 0, 0
55057, 0, 2, 2, 0, 0, 0
55058, 0, 1, 1, 0, 0, 0
55059, 0, 1, 1, 0, 0, 0
55060, 0, 1, 1, 0, 0, 0
55061, 0, 1, 1, 0, 0, 0
55062, 1, 1, 1, 0, 1, 0
55063, 1, 1, 1, 0, 1, 0
29367, 1, 0, 0, 0, 1, 0
29369, 2, 1, 1, 0, 2, 0
29370, 0, 1, 1, 0, 0, 0
29371, 1, 2, 2, 0, 1, 0
29372, 0, 1, 1, 0, 0, 0
29373, 1, 1, 1, 0, 1, 0
29377, 5, 3, 2, 1, 5, 0
67993, 0, 1, 1, 0, 0, 0
67994, 0, 3, 3, 0, 0, 0
67995, 0, 1, 1, 0, 0, 0
67996, 0, 1, 1, 0, 0, 0
61197, 0, 4, 4, 0, 0, 0
49378, 22, 2, 2, 0, 9, 13
67584, 0, 1, 1, 0, 0, 0
67585, 0, 1, 1, 0, 0, 0
67586, 1, 1, 0, 1, 0, 1
67587, 0, 1, 0, 1, 0, 0
67588, 0, 1, 0, 1, 0, 0
67721, 0, 4, 4, 0, 0, 0
67998, 0, 1, 1, 0, 0, 0
35511, 0, 3, 3, 0, 0, 0
35512, 0, 1, 1, 0, 0, 0
35513, 2, 2, 2, 0, 2, 0
35514, 0, 1, 1, 0, 0, 0
29388, 1, 0, 0, 0, 1, 0
29391, 3, 1, 1, 0, 3, 0
29395, 0, 1, 0, 1, 0, 0
50192, 0, 2, 1, 1, 0, 0
61863, 9, 1, 0, 1, 6, 3
63972, 0, 1, 0, 1, 0, 0
29401, 3, 0, 0, 0, 3, 0
29404, 1, 2, 2, 0, 1, 0
50978, 5, 1, 0, 1, 5, 0
50979, 0, 1, 0, 1, 0, 0
29406, 9, 0, 0, 0, 8, 1
68000, 0, 1, 1, 0, 0, 0
68001, 0, 1, 1, 0, 0, 0
68002, 0, 1, 1, 0, 0, 0
29411, 0, 2, 2, 0, 0, 0
29414, 0, 1, 0, 1, 0, 0
68004, 4, 2, 2, 0, 4, 0
68005, 0, 1, 1, 0, 0, 0
68006, 0, 2, 2, 0, 0, 0
68007, 0, 2, 2, 0, 0, 0
68008, 0, 1, 0, 1, 0, 0
38390, 2, 1, 1, 0, 2, 0
29433, 1, 1, 1, 0, 1, 0
29435, 10, 0, 0, 0, 10, 0
34653, 0, 1, 1, 0, 0, 0
34654, 1, 2, 2, 0, 1, 0
34655, 0, 1, 1, 0, 0, 0
34656, 1, 1, 1, 0, 1, 0
34657, 1, 1, 0, 1, 1, 0
34658, 0, 1, 0, 1, 0, 0
34660, 1, 1, 0, 1, 0, 1
34661, 0, 1, 0, 1, 0, 0
62406, 0, 1, 1, 0, 0, 0
62407, 0, 1, 1, 0, 0, 0
62408, 1, 1, 1, 0, 0, 1
29438, 3, 0, 0, 0, 3, 0
34316, 0, 3, 3, 0, 0, 0
55699, 2, 1, 1, 0, 2, 0
64894, 0, 4, 4, 0, 0, 0
65955, 0, 1, 1, 0, 0, 0
65956, 4, 1, 1, 0, 0, 4
65957, 0, 1, 1, 0, 0, 0
65958, 2, 1, 1, 0, 0, 2
65959, 2, 1, 1, 0, 2, 0
65960, 0, 1, 1, 0, 0, 0
65961, 5, 1, 1, 0, 5, 0
65962, 2, 1, 1, 0, 2, 0
65963, 0, 1, 1, 0, 0, 0
65964, 0, 1, 1, 0, 0, 0
65965, 2, 2, 2, 0, 2, 0
63586, 0, 1, 1, 0, 0, 0
63587, 0, 1, 1, 0, 0, 0
68009, 0, 1, 1, 0, 0, 0
68010, 0, 1, 1, 0, 0, 0
68011, 0, 1, 1, 0, 0, 0
29474, 2, 2, 0, 2, 2, 0
29475, 0, 1, 0, 1, 0, 0
29477, 0, 1, 0, 1, 0, 0
67079, 0, 1, 1, 0, 0, 0
66003, 0, 1, 1, 0, 0, 0
66488, 0, 1, 1, 0, 0, 0
55303, 0, 2, 2, 0, 0, 0
68012, 0, 1, 0, 1, 0, 0
68013, 1, 1, 1, 0, 1, 0
68014, 0, 1, 0, 1, 0, 0
35984, 0, 1, 0, 1, 0, 0
35985, 0, 1, 0, 1, 0, 0
67031, 0, 3, 1, 2, 0, 0
67369, 0, 1, 1, 0, 0, 0
67370, 1, 1, 0, 1, 0, 1
68016, 0, 2, 2, 0, 0, 0
68017, 0, 2, 2, 0, 0, 0
29508, 10, 0, 0, 0, 7, 3
29511, 0, 1, 1, 0, 0, 0
29515, 0, 2, 2, 0, 0, 0
29516, 0, 1, 1, 0, 0, 0
68022, 0, 1, 0, 1, 0, 0
68023, 0, 1, 1, 0, 0, 0
68024, 24, 1, 1, 0, 6, 18
58060, 0, 2, 2, 0, 0, 0
62698, 0, 1, 0, 1, 0, 0
29555, 2, 0, 0, 0, 1, 1
49561, 0, 1, 1, 0, 0, 0
49562, 0, 1, 1, 0, 0, 0
49563, 0, 1, 1, 0, 0, 0
49565, 0, 1, 1, 0, 0, 0
49569, 0, 1, 0, 1, 0, 0
49570, 0, 1, 0, 1, 0, 0
49571, 1, 1, 0, 1, 1, 0
49572, 0, 2, 1, 1, 0, 0
49573, 0, 1, 0, 1, 0, 0
49574, 0, 1, 0, 1, 0, 0
49576, 0, 1, 0, 1, 0, 0
49579, 0, 1, 0, 1, 0, 0
49580, 3, 2, 0, 2, 3, 0
49581, 0, 3, 0, 3, 0, 0
49582, 0, 1, 0, 1, 0, 0
49583, 0, 1, 0, 1, 0, 0
49585, 0, 1, 0, 1, 0, 0
45272, 0, 2, 2, 0, 0, 0
68025, 0, 1, 1, 0, 0, 0
68026, 1, 1, 1, 0, 1, 0
62913, 2, 2, 0, 2, 0, 2
68027, 1, 1, 0, 1, 1, 0
68028, 0, 1, 0, 1, 0, 0
68029, 0, 1, 0, 1, 0, 0
68030, 0, 1, 0, 1, 0, 0
68031, 0, 1, 0, 1, 0, 0
68032, 0, 3, 2, 1, 0, 0
68033, 0, 1, 0, 1, 0, 0
68034, 1, 1, 1, 0, 1, 0
30916, 47, 2, 2, 0, 47, 0
58471, 1, 2, 2, 0, 1, 0
68035, 0, 1, 1, 0, 0, 0
68066, 0, 1, 0, 1, 0, 0
38942, 0, 1, 1, 0, 0, 0
38943, 0, 3, 3, 0, 0, 0
38945, 0, 1, 1, 0, 0, 0
38947, 0, 1, 1, 0, 0, 0
38948, 0, 2, 2, 0, 0, 0
38949, 0, 1, 1, 0, 0, 0
38951, 0, 4, 4, 0, 0, 0
38953, 6, 4, 1, 3, 2, 4
63949, 2, 1, 1, 0, 2, 0
63950, 0, 1, 1, 0, 0, 0
63951, 0, 1, 1, 0, 0, 0
63952, 0, 1, 1, 0, 0, 0
63953, 0, 1, 1, 0, 0, 0
68067, 0, 2, 2, 0, 0, 0
68068, 0, 1, 1, 0, 0, 0
65890, 0, 1, 1, 0, 0, 0
65891, 3, 1, 0, 1, 3, 0
65892, 0, 1, 0, 1, 0, 0
65893, 0, 1, 0, 1, 0, 0
29644, 75, 0, 0, 0, 62, 13
68073, 0, 2, 2, 0, 0, 0
62537, 1, 1, 1, 0, 1, 0
68074, 2, 1, 1, 0, 2, 0
58244, 2, 1, 0, 1, 2, 0
68075, 0, 1, 1, 0, 0, 0
68076, 0, 1, 1, 0, 0, 0
68077, 0, 2, 2, 0, 0, 0
63944, 7, 1, 1, 0, 7, 0
68078, 0, 1, 1, 0, 0, 0
68079, 1, 1, 1, 0, 1, 0
68080, 1, 1, 1, 0, 1, 0
68081, 0, 1, 1, 0, 0, 0
68082, 1, 1, 0, 1, 1, 0
65244, 0, 1, 1, 0, 0, 0
65245, 0, 1, 1, 0, 0, 0
65246, 0, 1, 1, 0, 0, 0
65247, 0, 3, 1, 2, 0, 0
54113, 4, 2, 2, 0, 4, 0
55211, 3, 1, 1, 0, 3, 0
55212, 0, 1, 1, 0, 0, 0
29704, 2, 0, 0, 0, 2, 0
29705, 24, 0, 0, 0, 18, 6
68096, 0, 1, 1, 0, 0, 0
68097, 0, 2, 2, 0, 0, 0
68098, 0, 2, 2, 0, 0, 0
68099, 2, 1, 1, 0, 2, 0
65327, 0, 1, 1, 0, 0, 0
58197, 4, 7, 4, 3, 4, 0
55867, 0, 1, 1, 0, 0, 0
55868, 0, 2, 2, 0, 0, 0
55869, 1, 1, 1, 0, 1, 0
55871, 0, 1, 0, 1, 0, 0
66702, 11, 1, 0, 1, 6, 5
68103, 0, 1, 1, 0, 0, 0
68104, 1, 1, 1, 0, 1, 0
67461, 3, 1, 1, 0, 0, 3
68105, 0, 1, 1, 0, 0, 0
50819, 27, 2, 2, 0, 26, 1
64802, 1, 1, 1, 0, 1, 0
46225, 0, 2, 2, 0, 0, 0
68106, 0, 2, 1, 1, 0, 0
68107, 0, 1, 1, 0, 0, 0
66507, 0, 2, 1, 1, 0, 0
68108, 0, 1, 1, 0, 0, 0
68109, 0, 1, 1, 0, 0, 0
31479, 1, 4, 2, 2, 1, 0
58140, 1, 3, 1, 2, 0, 1
62928, 0, 4, 1, 3, 0, 0
65329, 0, 3, 1, 2, 0, 0
66838, 0, 4, 2, 2, 0, 0
68110, 0, 2, 0, 2, 0, 0
68111, 0, 2, 0, 2, 0, 0
68112, 0, 2, 0, 2, 0, 0
68113, 0, 2, 0, 2, 0, 0
68114, 0, 2, 0, 2, 0, 0
68115, 0, 2, 0, 2, 0, 0
68116, 1, 3, 1, 2, 1, 0
68117, 0, 3, 1, 2, 0, 0
68118, 0, 1, 1, 0, 0, 0
68119, 3, 2, 2, 0, 3, 0
53636, 0, 2, 2, 0, 0, 0
53637, 2, 1, 1, 0, 2, 0
53638, 0, 1, 1, 0, 0, 0
53639, 0, 1, 1, 0, 0, 0
53640, 0, 1, 1, 0, 0, 0
53641, 0, 1, 1, 0, 0, 0
53642, 0, 1, 1, 0, 0, 0
53643, 1, 2, 2, 0, 1, 0
68120, 0, 1, 0, 1, 0, 0
29805, 19, 0, 0, 0, 6, 13
29807, 0, 1, 1, 0, 0, 0
68122, 0, 2, 2, 0, 0, 0
68123, 0, 3, 3, 0, 0, 0
68124, 8, 3, 3, 0, 8, 0
68125, 2, 3, 3, 0, 2, 0
29809, 49, 0, 0, 0, 49, 0
29816, 0, 5, 5, 0, 0, 0
68126, 2, 1, 1, 0, 2, 0
66181, 1, 1, 1, 0, 1, 0
45153, 0, 1, 1, 0, 0, 0
68127, 8, 2, 2, 0, 5, 3
68128, 0, 5, 5, 0, 0, 0
68129, 1, 5, 5, 0, 1, 0
68130, 3, 2, 2, 0, 3, 0
68131, 3, 2, 2, 0, 3, 0
42420, 0, 3, 3, 0, 0, 0
59178, 0, 4, 4, 0, 0, 0
29896, 5, 0, 0, 0, 4, 1
67201, 0, 1, 1, 0, 0, 0
67202, 0, 1, 1, 0, 0, 0
67203, 0, 1, 1, 0, 0, 0
67204, 0, 1, 1, 0, 0, 0
67205, 0, 1, 1, 0, 0, 0
67206, 4, 1, 0, 1, 3, 1
67207, 0, 1, 0, 1, 0, 0
67209, 0, 1, 0, 1, 0, 0
29905, 17, 0, 0, 0, 13, 4
30215, 11, 1, 1, 0, 10, 1
68155, 2, 1, 1, 0, 2, 0
68156, 3, 1, 1, 0, 3, 0
34198, 0, 1, 1, 0, 0, 0
34199, 0, 3, 3, 0, 0, 0
68157, 0, 1, 1, 0, 0, 0
32904, 0, 1, 1, 0, 0, 0
65628, 0, 2, 2, 0, 0, 0
68158, 0, 1, 1, 0, 0, 0
68159, 1, 1, 1, 0, 1, 0
68160, 0, 1, 1, 0, 0, 0
59168, 3, 1, 1, 0, 3, 0
30307, 1, 4, 4, 0, 1, 0
30310, 0, 1, 1, 0, 0, 0
54962, 1, 3, 3, 0, 1, 0
54963, 0, 2, 0, 2, 0, 0
54964, 0, 1, 0, 1, 0, 0
68161, 0, 1, 0, 1, 0, 0
29944, 0, 1, 1, 0, 0, 0
29945, 0, 1, 1, 0, 0, 0
29949, 1, 2, 2, 0, 1, 0
29950, 1, 2, 2, 0, 1, 0
29951, 0, 1, 1, 0, 0, 0
29953, 0, 1, 1, 0, 0, 0
29954, 0, 1, 1, 0, 0, 0
29957, 0, 1, 1, 0, 0, 0
29958, 0, 1, 1, 0, 0, 0
29964, 0, 2, 2, 0, 0, 0
29966, 0, 2, 2, 0, 0, 0
29967, 0, 2, 2, 0, 0, 0
29968, 2, 1, 1, 0, 2, 0
63100, 0, 1, 1, 0, 0, 0
68162, 0, 1, 1, 0, 0, 0
68163, 0, 1, 1, 0, 0, 0
46394, 0, 1, 1, 0, 0, 0
46396, 0, 1, 1, 0, 0, 0
29978, 37, 0, 0, 0, 35, 2
29981, 10, 0, 0, 0, 10, 0
29982, 1, 0, 0, 0, 1, 0
29983, 14, 0, 0, 0, 5, 9
29988, 0, 1, 1, 0, 0, 0
66038, 0, 1, 1, 0, 0, 0
66039, 1, 1, 1, 0, 1, 0
66040, 0, 1, 0, 1, 0, 0
29993, 1, 1, 0, 1, 0, 1
29994, 0, 1, 0, 1, 0, 0
34662, 0, 1, 0, 1, 0, 0
68167, 0, 1, 1, 0, 0, 0
30001, 0, 3, 3, 0, 0, 0
30002, 0, 4, 4, 0, 0, 0
68168, 0, 1, 1, 0, 0, 0
68169, 0, 1, 0, 1, 0, 0
68170, 1, 1, 1, 0, 1, 0
30019, 0, 1, 1, 0, 0, 0
30021, 9, 1, 1, 0, 9, 0
30023, 0, 1, 1, 0, 0, 0
68171, 0, 2, 2, 0, 0, 0
68177, 0, 1, 0, 1, 0, 0
68178, 0, 1, 0, 1, 0, 0
63548, 0, 2, 2, 0, 0, 0
68179, 0, 1, 1, 0, 0, 0
30048, 1, 0, 0, 0, 1, 0
30062, 0, 1, 1, 0, 0, 0
30064, 0, 1, 1, 0, 0, 0
68186, 1, 1, 1, 0, 1, 0
68187, 0, 1, 1, 0, 0, 0
68188, 13, 2, 2, 0, 5, 8
68189, 3, 1, 1, 0, 3, 0
68190, 0, 2, 2, 0, 0, 0
68191, 1, 2, 2, 0, 1, 0
68192, 0, 1, 0, 1, 0, 0
68193, 4, 1, 1, 0, 4, 0
68194, 7, 5, 5, 0, 6, 1
58169, 1, 1, 1, 0, 1, 0
30099, 1, 0, 0, 0, 1, 0
68195, 1, 1, 1, 0, 1, 0
68196, 0, 1, 1, 0, 0, 0
68197, 0, 1, 1, 0, 0, 0
68198, 1, 1, 0, 1, 0, 1
30104, 1, 0, 0, 0, 1, 0
33322, 0, 2, 2, 0, 0, 0
33324, 0, 1, 0, 1, 0, 0
33325, 0, 1, 0, 1, 0, 0
68199, 0, 1, 1, 0, 0, 0
68200, 18, 2, 1, 1, 14, 4
68201, 0, 1, 0, 1, 0, 0
68202, 1, 1, 0, 1, 0, 1
68203, 7, 2, 1, 1, 3, 4
68204, 0, 1, 1, 0, 0, 0
55784, 0, 2, 2, 0, 0, 0
30137, 2, 0, 0, 0, 2, 0
30138, 35, 0, 0, 0, 21, 14
30144, 6, 3, 2, 1, 6, 0
37882, 6, 1, 0, 1, 4, 2
54645, 0, 1, 1, 0, 0, 0
54646, 0, 1, 0, 1, 0, 0
54647, 3, 4, 2, 2, 3, 0
54648, 0, 1, 0, 1, 0, 0
54649, 0, 1, 0, 1, 0, 0
68205, 0, 3, 3, 0, 0, 0
68206, 5, 2, 2, 0, 5, 0
68207, 6, 2, 2, 0, 6, 0
62487, 1, 1, 1, 0, 0, 1
62488, 0, 2, 2, 0, 0, 0
62489, 0, 2, 2, 0, 0, 0
68208, 1, 1, 1, 0, 1, 0
61489, 0, 1, 1, 0, 0, 0
61490, 6, 3, 3, 0, 5, 1
61491, 0, 1, 0, 1, 0, 0
61864, 1, 4, 0, 4, 1, 0
68209, 0, 2, 2, 0, 0, 0
68210, 0, 1, 0, 1, 0, 0
68211, 1, 1, 0, 1, 0, 1
68212, 0, 1, 0, 1, 0, 0
67742, 0, 3, 1, 2, 0, 0
68213, 0, 1, 1, 0, 0, 0
31127, 3, 1, 1, 0, 3, 0
30187, 0, 1, 1, 0, 0, 0
68221, 1, 1, 1, 0, 1, 0
35034, 0, 1, 1, 0, 0, 0
35036, 0, 2, 2, 0, 0, 0
35037, 1, 1, 1, 0, 1, 0
68222, 1, 1, 1, 0, 1, 0
66410, 18, 1, 0, 1, 7, 11
68223, 1, 1, 1, 0, 1, 0
64499, 0, 1, 1, 0, 0, 0
64500, 0, 1, 1, 0, 0, 0
64501, 0, 1, 1, 0, 0, 0
64502, 0, 1, 1, 0, 0, 0
64503, 0, 1, 1, 0, 0, 0
36326, 1, 3, 3, 0, 1, 0
62312, 0, 1, 1, 0, 0, 0
62313, 0, 1, 1, 0, 0, 0
62314, 0, 1, 0, 1, 0, 0
30202, 1, 2, 2, 0, 1, 0
68226, 0, 1, 1, 0, 0, 0
68227, 0, 1, 0, 1, 0, 0
30216, 0, 1, 1, 0, 0, 0
68228, 1, 1, 1, 0, 1, 0
68039, 0, 1, 1, 0, 0, 0
68040, 1, 1, 1, 0, 1, 0
68041, 0, 1, 1, 0, 0, 0
59351, 2, 2, 2, 0, 2, 0
68229, 0, 1, 1, 0, 0, 0
30260, 0, 1, 1, 0, 0, 0
30261, 0, 1, 1, 0, 0, 0
30264, 1, 1, 1, 0, 1, 0
30265, 2, 1, 0, 1, 2, 0
68230, 0, 1, 1, 0, 0, 0
30271, 3, 0, 0, 0, 3, 0
56784, 15, 1, 1, 0, 14, 1
68231, 0, 1, 1, 0, 0, 0
68232, 0, 1, 1, 0, 0, 0
68233, 0, 1, 1, 0, 0, 0
68234, 0, 1, 1, 0, 0, 0
30276, 13, 2, 2, 0, 9, 4
30280, 1, 1, 1, 0, 1, 0
30281, 0, 1, 0, 1, 0, 0
30284, 10, 0, 0, 0, 10, 0
30304, 7, 0, 0, 0, 7, 0
36058, 3, 1, 1, 0, 3, 0
68235, 1, 1, 1, 0, 1, 0
65143, 0, 1, 0, 1, 0, 0
64279, 0, 2, 2, 0, 0, 0
64280, 4, 1, 1, 0, 4, 0
65671, 8, 1, 1, 0, 8, 0
68236, 0, 1, 1, 0, 0, 0
68237, 0, 1, 1, 0, 0, 0
35272, 0, 1, 1, 0, 0, 0
35275, 0, 1, 1, 0, 0, 0
68249, 0, 1, 1, 0, 0, 0
67467, 0, 1, 1, 0, 0, 0
30344, 0, 1, 1, 0, 0, 0
30345, 0, 1, 1, 0, 0, 0
30346, 0, 1, 1, 0, 0, 0
30348, 0, 2, 0, 2, 0, 0
30350, 0, 1, 0, 1, 0, 0
30351, 0, 1, 0, 1, 0, 0
30354, 0, 1, 0, 1, 0, 0
30355, 0, 1, 0, 1, 0, 0
30359, 0, 1, 0, 1, 0, 0
68182, 0, 1, 1, 0, 0, 0
68250, 0, 1, 1, 0, 0, 0
68251, 0, 1, 0, 1, 0, 0
68252, 0, 1, 1, 0, 0, 0
68253, 0, 1, 1, 0, 0, 0
68254, 0, 1, 1, 0, 0, 0
30362, 0, 1, 1, 0, 0, 0
68256, 0, 1, 1, 0, 0, 0
62282, 0, 1, 1, 0, 0, 0
68257, 0, 1, 1, 0, 0, 0
68258, 0, 2, 2, 0, 0, 0
68259, 0, 1, 1, 0, 0, 0
68260, 0, 1, 1, 0, 0, 0
30381, 4, 0, 0, 0, 4, 0
30382, 0, 3, 3, 0, 0, 0
30384, 0, 1, 1, 0, 0, 0
68261, 0, 1, 1, 0, 0, 0
68262, 1, 1, 1, 0, 1, 0
53165, 5, 1, 0, 1, 5, 0
54221, 0, 1, 1, 0, 0, 0
54222, 0, 1, 1, 0, 0, 0
54224, 0, 1, 0, 1, 0, 0
54225, 0, 1, 0, 1, 0, 0
54226, 4, 2, 0, 2, 4, 0
54227, 0, 1, 0, 1, 0, 0
54228, 0, 1, 0, 1, 0, 0
54229, 0, 1, 0, 1, 0, 0
54230, 0, 1, 0, 1, 0, 0
54231, 2, 1, 0, 1, 0, 2
54232, 1, 3, 2, 1, 0, 1
36010, 41, 1, 1, 0, 38, 3
68263, 0, 1, 1, 0, 0, 0
68265, 0, 1, 1, 0, 0, 0
68266, 0, 1, 1, 0, 0, 0
68267, 0, 2, 2, 0, 0, 0
68268, 2, 1, 1, 0, 2, 0
68269, 0, 1, 1, 0, 0, 0
68270, 2, 1, 1, 0, 2, 0
30447, 0, 1, 1, 0, 0, 0
30452, 0, 2, 2, 0, 0, 0
30453, 0, 1, 1, 0, 0, 0
30454, 0, 2, 2, 0, 0, 0
30457, 0, 4, 3, 1, 0, 0
30459, 1, 2, 1, 1, 1, 0
30460, 2, 1, 0, 1, 0, 2
30461, 0, 1, 0, 1, 0, 0
30463, 0, 2, 1, 1, 0, 0
30464, 0, 1, 0, 1, 0, 0
30466, 1, 1, 0, 1, 1, 0
30469, 1, 1, 0, 1, 1, 0
30470, 0, 1, 0, 1, 0, 0
30473, 0, 3, 0, 3, 0, 0
30477, 0, 2, 0, 2, 0, 0
30478, 0, 1, 0, 1, 0, 0
30479, 0, 1, 0, 1, 0, 0
30480, 0, 1, 0, 1, 0, 0
30481, 0, 1, 0, 1, 0, 0
30482, 0, 1, 0, 1, 0, 0
30488, 0, 1, 0, 1, 0, 0
35529, 0, 2, 1, 1, 0, 0
68271, 0, 1, 1, 0, 0, 0
68272, 0, 1, 0, 1, 0, 0
59563, 8, 1, 1, 0, 8, 0
68273, 0, 1, 1, 0, 0, 0
30492, 34, 0, 0, 0, 29, 5
30494, 0, 1, 1, 0, 0, 0
30496, 0, 1, 1, 0, 0, 0
30500, 19, 0, 0, 0, 14, 5
68276, 2, 2, 2, 0, 2, 0
68277, 3, 2, 2, 0, 3, 0
68278, 0, 3, 3, 0, 0, 0
68279, 0, 1, 1, 0, 0, 0
68280, 0, 1, 1, 0, 0, 0
68281, 2, 1, 1, 0, 2, 0
68282, 0, 1, 1, 0, 0, 0
68283, 2, 3, 3, 0, 2, 0
68284, 1, 1, 1, 0, 1, 0
68285, 1, 4, 4, 0, 1, 0
68286, 0, 1, 1, 0, 0, 0
68287, 2, 2, 2, 0, 2, 0
68288, 2, 2, 2, 0, 2, 0
68289, 0, 1, 0, 1, 0, 0
68290, 0, 1, 1, 0, 0, 0
68291, 0, 1, 1, 0, 0, 0
68292, 0, 1, 1, 0, 0, 0
68293, 0, 1, 1, 0, 0, 0
68294, 0, 1, 1, 0, 0, 0
41660, 1, 1, 1, 0, 1, 0
34340, 0, 3, 1, 2, 0, 0
68295, 0, 1, 0, 1, 0, 0
68296, 0, 1, 0, 1, 0, 0
30594, 0, 1, 1, 0, 0, 0
30577, 7, 0, 0, 0, 7, 0
30578, 4, 0, 0, 0, 4, 0
30584, 0, 1, 0, 1, 0, 0
30586, 0, 3, 2, 1, 0, 0
30588, 0, 2, 0, 2, 0, 0
34752, 2, 1, 1, 0, 2, 0
68297, 0, 1, 1, 0, 0, 0
44469, 1, 2, 2, 0, 1, 0
68298, 1, 1, 1, 0, 1, 0
68299, 0, 3, 3, 0, 0, 0
48177, 0, 1, 1, 0, 0, 0
48178, 0, 1, 1, 0, 0, 0
48179, 0, 1, 1, 0, 0, 0
48181, 0, 1, 1, 0, 0, 0
48182, 0, 1, 1, 0, 0, 0
48184, 1, 2, 2, 0, 1, 0
48185, 1, 1, 1, 0, 0, 1
68136, 1, 2, 1, 1, 1, 0
68300, 2, 2, 2, 0, 2, 0
68301, 0, 1, 1, 0, 0, 0
68302, 2, 2, 2, 0, 2, 0
68303, 0, 3, 3, 0, 0, 0
68304, 0, 1, 0, 1, 0, 0
68305, 0, 1, 0, 1, 0, 0
65002, 0, 1, 1, 0, 0, 0
55208, 5, 1, 0, 1, 3, 2
55761, 0, 6, 6, 0, 0, 0
66827, 1, 1, 1, 0, 1, 0
66828, 0, 3, 3, 0, 0, 0
66829, 0, 1, 1, 0, 0, 0
66830, 0, 1, 0, 1, 0, 0
66538, 1, 1, 1, 0, 1, 0
66539, 0, 1, 0, 1, 0, 0
36456, 0, 2, 2, 0, 0, 0
68306, 0, 1, 1, 0, 0, 0
64895, 10, 3, 3, 0, 10, 0
35828, 1, 1, 1, 0, 1, 0
35830, 0, 1, 0, 1, 0, 0
66467, 0, 1, 1, 0, 0, 0
66468, 2, 2, 2, 0, 2, 0
68308, 1, 1, 1, 0, 1, 0
68309, 0, 1, 1, 0, 0, 0
68310, 0, 1, 1, 0, 0, 0
64020, 0, 1, 1, 0, 0, 0
68312, 1, 1, 1, 0, 1, 0
68313, 1, 1, 1, 0, 1, 0
68314, 1, 1, 1, 0, 1, 0
34751, 0, 4, 4, 0, 0, 0
35973, 1, 2, 2, 0, 1, 0
55512, 7, 2, 2, 0, 7, 0
30727, 4, 0, 0, 0, 4, 0
34334, 0, 1, 1, 0, 0, 0
34336, 3, 2, 2, 0, 1, 2
68317, 0, 1, 1, 0, 0, 0
68318, 0, 2, 2, 0, 0, 0
68319, 0, 1, 1, 0, 0, 0
30746, 16, 0, 0, 0, 15, 1
30747, 0, 1, 1, 0, 0, 0
68320, 0, 1, 1, 0, 0, 0
68321, 0, 1, 1, 0, 0, 0
52256, 0, 2, 1, 1, 0, 0
66624, 1, 2, 2, 0, 1, 0
68322, 0, 2, 2, 0, 0, 0
68323, 0, 1, 0, 1, 0, 0
68324, 0, 1, 0, 1, 0, 0
48110, 0, 2, 0, 2, 0, 0
68326, 1, 1, 1, 0, 1, 0
68327, 0, 2, 2, 0, 0, 0
68328, 0, 2, 2, 0, 0, 0
30785, 1, 1, 1, 0, 1, 0
30786, 0, 1, 1, 0, 0, 0
30787, 0, 1, 1, 0, 0, 0
56274, 0, 2, 1, 1, 0, 0
30795, 8, 2, 2, 0, 6, 2
30796, 0, 1, 1, 0, 0, 0
30798, 9, 1, 1, 0, 3, 6
65650, 1, 1, 1, 0, 1, 0
65651, 0, 2, 2, 0, 0, 0
30799, 9, 0, 0, 0, 9, 0
30800, 5, 0, 0, 0, 5, 0
30803, 14, 2, 2, 0, 14, 0
30807, 0, 1, 1, 0, 0, 0
59369, 1, 1, 1, 0, 1, 0
59370, 0, 1, 1, 0, 0, 0
59371, 2, 1, 1, 0, 2, 0
68331, 2, 2, 2, 0, 2, 0
30842, 3, 0, 0, 0, 3, 0
30843, 0, 1, 1, 0, 0, 0
30844, 0, 1, 1, 0, 0, 0
30846, 12, 0, 0, 0, 9, 3
30848, 0, 1, 0, 1, 0, 0
55467, 0, 2, 2, 0, 0, 0
55468, 2, 1, 1, 0, 2, 0
68335, 2, 1, 1, 0, 2, 0
68336, 4, 3, 3, 0, 3, 1
68337, 0, 4, 4, 0, 0, 0
68338, 0, 5, 5, 0, 0, 0
68339, 8, 5, 5, 0, 8, 0
68340, 6, 4, 4, 0, 6, 0
55654, 1, 1, 1, 0, 1, 0
55655, 0, 2, 2, 0, 0, 0
62918, 0, 1, 1, 0, 0, 0
58527, 1, 1, 1, 0, 1, 0
58528, 0, 1, 1, 0, 0, 0
58529, 0, 1, 1, 0, 0, 0
58530, 0, 1, 1, 0, 0, 0
58531, 1, 1, 1, 0, 0, 1
66126, 0, 1, 1, 0, 0, 0
68359, 1, 1, 1, 0, 1, 0
68360, 0, 1, 1, 0, 0, 0
68342, 0, 1, 1, 0, 0, 0
63703, 0, 1, 1, 0, 0, 0
30917, 0, 1, 1, 0, 0, 0
30919, 0, 1, 1, 0, 0, 0
30922, 0, 2, 2, 0, 0, 0
68369, 2, 2, 2, 0, 2, 0
68370, 0, 1, 1, 0, 0, 0
68371, 1, 1, 1, 0, 1, 0
68372, 0, 1, 1, 0, 0, 0
67046, 61, 1, 1, 0, 53, 8
44850, 26, 1, 1, 0, 25, 1
61645, 4, 1, 1, 0, 4, 0
30967, 10, 0, 0, 0, 6, 4
35491, 0, 1, 1, 0, 0, 0
32516, 6, 1, 1, 0, 6, 0
32517, 1, 3, 3, 0, 1, 0
68373, 0, 1, 1, 0, 0, 0
68374, 0, 1, 1, 0, 0, 0
68375, 0, 1, 0, 1, 0, 0
68376, 0, 1, 0, 1, 0, 0
34966, 0, 1, 0, 1, 0, 0
34970, 0, 1, 0, 1, 0, 0
34971, 0, 1, 0, 1, 0, 0
34972, 1, 1, 0, 1, 0, 1
54995, 0, 2, 2, 0, 0, 0
30996, 108, 1, 1, 0, 108, 0
30997, 0, 1, 1, 0, 0, 0
31000, 0, 1, 1, 0, 0, 0
31001, 2, 1, 1, 0, 2, 0
31003, 0, 1, 1, 0, 0, 0
31006, 0, 1, 1, 0, 0, 0
31007, 0, 1, 1, 0, 0, 0
31008, 0, 2, 2, 0, 0, 0
31013, 3, 1, 1, 0, 3, 0
68377, 0, 1, 1, 0, 0, 0
68378, 0, 1, 1, 0, 0, 0
65664, 2, 1, 1, 0, 2, 0
68379, 1, 1, 0, 1, 0, 1
31015, 9, 0, 0, 0, 9, 0
68380, 0, 1, 1, 0, 0, 0
68381, 0, 1, 1, 0, 0, 0
63295, 32, 2, 1, 1, 20, 12
68382, 0, 1, 1, 0, 0, 0
68383, 0, 1, 1, 0, 0, 0
68384, 4, 1, 1, 0, 2, 2
68385, 0, 1, 1, 0, 0, 0
55274, 39, 1, 1, 0, 38, 1
39199, 0, 2, 2, 0, 0, 0
65750, 0, 1, 1, 0, 0, 0
68386, 0, 1, 1, 0, 0, 0
34206, 0, 1, 0, 1, 0, 0
68387, 2, 1, 1, 0, 1, 1
68388, 0, 1, 1, 0, 0, 0
68389, 0, 1, 0, 1, 0, 0
31083, 6, 0, 0, 0, 5, 1
68390, 2, 2, 2, 0, 2, 0
68391, 0, 1, 1, 0, 0, 0
68392, 0, 1, 1, 0, 0, 0
68393, 0, 1, 1, 0, 0, 0
68394, 0, 1, 1, 0, 0, 0
68395, 0, 1, 1, 0, 0, 0
68396, 0, 4, 4, 0, 0, 0
68397, 2, 1, 1, 0, 2, 0
68401, 3, 2, 2, 0, 3, 0
52019, 0, 1, 1, 0, 0, 0
52020, 0, 1, 1, 0, 0, 0
52021, 1, 1, 1, 0, 0, 1
52022, 1, 1, 1, 0, 1, 0
52023, 0, 1, 1, 0, 0, 0
52024, 0, 2, 1, 1, 0, 0
52025, 0, 1, 0, 1, 0, 0
52026, 0, 1, 0, 1, 0, 0
52027, 0, 1, 0, 1, 0, 0
52028, 0, 1, 0, 1, 0, 0
68402, 0, 1, 1, 0, 0, 0
68403, 0, 1, 1, 0, 0, 0
68404, 2, 1, 0, 1, 2, 0
68405, 0, 1, 1, 0, 0, 0
68406, 0, 1, 1, 0, 0, 0
68407, 0, 1, 1, 0, 0, 0
46270, 7, 1, 1, 0, 7, 0
68414, 0, 1, 1, 0, 0, 0
68415, 1, 1, 1, 0, 1, 0
68416, 0, 1, 1, 0, 0, 0
66156, 0, 2, 2, 0, 0, 0
35434, 1, 1, 1, 0, 1, 0
35435, 0, 1, 1, 0, 0, 0
68420, 1, 1, 1, 0, 1, 0
62672, 1, 3, 3, 0, 1, 0
68421, 0, 1, 1, 0, 0, 0
68422, 0, 1, 1, 0, 0, 0
43851, 1, 1, 1, 0, 1, 0
33172, 1, 2, 2, 0, 1, 0
33173, 2, 1, 1, 0, 2, 0
33174, 1, 1, 1, 0, 1, 0
33175, 0, 2, 2, 0, 0, 0
68423, 1, 1, 1, 0, 0, 1
51108, 0, 3, 3, 0, 0, 0
68424, 0, 1, 1, 0, 0, 0
68425, 0, 5, 5, 0, 0, 0
31237, 21, 0, 0, 0, 18, 3
31239, 0, 2, 1, 1, 0, 0
68426, 0, 1, 1, 0, 0, 0
59500, 0, 1, 1, 0, 0, 0
31247, 9, 1, 1, 0, 8, 1
31248, 0, 1, 1, 0, 0, 0
31250, 0, 1, 1, 0, 0, 0
31252, 1, 2, 2, 0, 1, 0
31256, 12, 1, 1, 0, 10, 2
31260, 0, 1, 0, 1, 0, 0
31262, 0, 1, 0, 1, 0, 0
31263, 0, 1, 0, 1, 0, 0
31264, 0, 1, 0, 1, 0, 0
31265, 0, 1, 0, 1, 0, 0
31267, 0, 1, 0, 1, 0, 0
31268, 0, 1, 0, 1, 0, 0
66441, 0, 2, 2, 0, 0, 0
68430, 0, 1, 1, 0, 0, 0
35704, 0, 1, 1, 0, 0, 0
35705, 0, 2, 2, 0, 0, 0
35706, 1, 1, 1, 0, 1, 0
35707, 0, 1, 1, 0, 0, 0
62699, 0, 2, 2, 0, 0, 0
31270, 0, 1, 1, 0, 0, 0
31275, 0, 2, 2, 0, 0, 0
31276, 0, 2, 2, 0, 0, 0
31278, 0, 1, 1, 0, 0, 0
31280, 0, 1, 1, 0, 0, 0
59936, 0, 1, 1, 0, 0, 0
59937, 2, 1, 1, 0, 2, 0
59938, 2, 2, 2, 0, 2, 0
54893, 8, 1, 0, 1, 4, 4
55312, 0, 1, 1, 0, 0, 0
68431, 1, 1, 1, 0, 1, 0
68447, 0, 1, 1, 0, 0, 0
68448, 3, 3, 3, 0, 3, 0
68449, 3, 3, 3, 0, 3, 0
68450, 4, 2, 2, 0, 4, 0
68451, 0, 1, 1, 0, 0, 0
68452, 0, 1, 1, 0, 0, 0
68453, 1, 1, 1, 0, 0, 1
66504, 0, 3, 1, 2, 0, 0
68454, 4, 4, 4, 0, 4, 0
68455, 0, 2, 2, 0, 0, 0
64161, 0, 1, 1, 0, 0, 0
33992, 0, 1, 1, 0, 0, 0
33993, 2, 2, 0, 2, 2, 0
33994, 4, 4, 1, 3, 1, 3
33995, 0, 1, 0, 1, 0, 0
68456, 1, 1, 1, 0, 1, 0
53617, 0, 2, 2, 0, 0, 0
53618, 3, 2, 2, 0, 2, 1
53619, 0, 2, 1, 1, 0, 0
53620, 0, 1, 0, 1, 0, 0
68462, 1, 1, 1, 0, 1, 0
68366, 0, 1, 1, 0, 0, 0
68367, 0, 1, 0, 1, 0, 0
68463, 0, 1, 1, 0, 0, 0
68464, 0, 1, 1, 0, 0, 0
68465, 2, 2, 2, 0, 2, 0
68466, 2, 2, 2, 0, 2, 0
63695, 0, 1, 1, 0, 0, 0
53062, 5, 1, 1, 0, 5, 0
68468, 0, 1, 1, 0, 0, 0
60495, 0, 1, 1, 0, 0, 0
55893, 0, 3, 3, 0, 0, 0
55894, 0, 1, 1, 0, 0, 0
61453, 0, 3, 3, 0, 0, 0
39649, 19, 1, 1, 0, 18, 1
39650, 0, 3, 3, 0, 0, 0
32422, 0, 1, 1, 0, 0, 0
68469, 1, 1, 1, 0, 1, 0
68470, 0, 2, 0, 2, 0, 0
68471, 0, 1, 0, 1, 0, 0
38560, 0, 1, 1, 0, 0, 0
38561, 0, 1, 1, 0, 0, 0
38563, 0, 1, 1, 0, 0, 0
38566, 0, 1, 1, 0, 0, 0
38567, 0, 1, 1, 0, 0, 0
38568, 0, 1, 1, 0, 0, 0
38569, 0, 1, 1, 0, 0, 0
38570, 0, 2, 1, 1, 0, 0
38575, 0, 1, 1, 0, 0, 0
58006, 0, 1, 1, 0, 0, 0
65743, 0, 1, 1, 0, 0, 0
65744, 4, 1, 1, 0, 4, 0
65745, 0, 1, 1, 0, 0, 0
65746, 0, 1, 1, 0, 0, 0
39260, 0, 1, 1, 0, 0, 0
39261, 0, 1, 0, 1, 0, 0
68488, 0, 1, 1, 0, 0, 0
66890, 0, 4, 4, 0, 0, 0
68489, 0, 1, 1, 0, 0, 0
68490, 0, 2, 2, 0, 0, 0
66206, 0, 1, 1, 0, 0, 0
66207, 0, 1, 1, 0, 0, 0
66208, 0, 1, 1, 0, 0, 0
66209, 0, 1, 1, 0, 0, 0
66210, 0, 1, 1, 0, 0, 0
68491, 13, 1, 0, 1, 4, 9
68492, 0, 1, 0, 1, 0, 0
68493, 1, 1, 0, 1, 0, 1
68494, 0, 1, 0, 1, 0, 0
68495, 2, 1, 1, 0, 2, 0
68496, 0, 1, 1, 0, 0, 0
68497, 1, 1, 1, 0, 1, 0
68498, 0, 1, 1, 0, 0, 0
68499, 0, 1, 1, 0, 0, 0
68500, 0, 1, 1, 0, 0, 0
68501, 0, 1, 1, 0, 0, 0
68502, 1, 1, 1, 0, 1, 0
63485, 7, 2, 1, 1, 7, 0
63486, 1, 2, 0, 2, 0, 1
68503, 0, 1, 1, 0, 0, 0
31443, 2, 2, 2, 0, 2, 0
31444, 2, 2, 2, 0, 2, 0
31446, 7, 0, 0, 0, 7, 0
67566, 2, 2, 2, 0, 2, 0
68507, 1, 1, 1, 0, 1, 0
68508, 0, 1, 1, 0, 0, 0
31472, 0, 2, 2, 0, 0, 0
31473, 6, 1, 1, 0, 6, 0
31475, 0, 1, 1, 0, 0, 0
31477, 0, 1, 1, 0, 0, 0
31481, 0, 1, 1, 0, 0, 0
68521, 0, 1, 1, 0, 0, 0
38272, 0, 1, 1, 0, 0, 0
38273, 0, 2, 2, 0, 0, 0
38274, 8, 1, 1, 0, 8, 0
38275, 0, 1, 1, 0, 0, 0
38276, 0, 1, 1, 0, 0, 0
38279, 1, 1, 1, 0, 0, 1
38280, 0, 1, 1, 0, 0, 0
38281, 1, 1, 1, 0, 1, 0
38284, 0, 1, 1, 0, 0, 0
38286, 0, 1, 1, 0, 0, 0
54791, 0, 1, 1, 0, 0, 0
54792, 0, 1, 1, 0, 0, 0
68523, 1, 1, 0, 1, 0, 1
33380, 1, 1, 1, 0, 1, 0
59806, 1, 1, 1, 0, 1, 0
54064, 0, 1, 1, 0, 0, 0
54065, 0, 1, 1, 0, 0, 0
68524, 0, 1, 1, 0, 0, 0
32418, 0, 1, 0, 1, 0, 0
33002, 0, 1, 1, 0, 0, 0
33003, 0, 2, 2, 0, 0, 0
33178, 1, 1, 1, 0, 1, 0
33179, 1, 1, 1, 0, 1, 0
33180, 0, 1, 1, 0, 0, 0
33182, 0, 2, 2, 0, 0, 0
34170, 0, 1, 1, 0, 0, 0
34417, 0, 1, 1, 0, 0, 0
34418, 0, 1, 1, 0, 0, 0
34419, 6, 1, 1, 0, 2, 4
34420, 0, 1, 1, 0, 0, 0
31516, 3, 0, 0, 0, 3, 0
35896, 0, 1, 1, 0, 0, 0
35897, 0, 2, 2, 0, 0, 0
35899, 3, 2, 2, 0, 3, 0
35900, 0, 1, 1, 0, 0, 0
35901, 0, 1, 0, 1, 0, 0
62529, 1, 1, 1, 0, 1, 0
62530, 1, 1, 1, 0, 1, 0
62531, 0, 4, 2, 2, 0, 0
62532, 0, 1, 0, 1, 0, 0
62533, 0, 1, 0, 1, 0, 0
68540, 0, 2, 2, 0, 0, 0
62958, 0, 1, 1, 0, 0, 0
62959, 6, 1, 1, 0, 6, 0
66134, 0, 1, 1, 0, 0, 0
66135, 0, 1, 1, 0, 0, 0
65067, 0, 1, 1, 0, 0, 0
65068, 0, 2, 2, 0, 0, 0
65069, 0, 2, 2, 0, 0, 0
31562, 8, 0, 0, 0, 8, 0
67176, 0, 2, 2, 0, 0, 0
68541, 0, 1, 1, 0, 0, 0
68542, 1, 1, 1, 0, 1, 0
68543, 1, 1, 0, 1, 1, 0
68544, 0, 1, 1, 0, 0, 0
68545, 0, 1, 1, 0, 0, 0
68546, 0, 1, 1, 0, 0, 0
31598, 0, 1, 1, 0, 0, 0
31599, 1, 1, 1, 0, 1, 0
67256, 0, 1, 1, 0, 0, 0
68572, 6, 1, 1, 0, 6, 0
68579, 0, 4, 3, 1, 0, 0
67817, 2, 1, 1, 0, 0, 2
60710, 9, 1, 1, 0, 8, 1
60711, 2, 4, 4, 0, 2, 0
60712, 0, 1, 1, 0, 0, 0
60713, 0, 2, 2, 0, 0, 0
60714, 0, 1, 1, 0, 0, 0
60715, 0, 1, 1, 0, 0, 0
60716, 3, 1, 1, 0, 3, 0
60717, 0, 1, 1, 0, 0, 0
60718, 0, 1, 0, 1, 0, 0
60719, 0, 1, 0, 1, 0, 0
60720, 0, 1, 0, 1, 0, 0
60721, 0, 3, 0, 3, 0, 0
68586, 0, 1, 1, 0, 0, 0
44286, 0, 1, 1, 0, 0, 0
44287, 2, 1, 1, 0, 2, 0
68595, 0, 1, 1, 0, 0, 0
68596, 0, 1, 1, 0, 0, 0
68597, 0, 1, 1, 0, 0, 0
68674, 0, 1, 1, 0, 0, 0
68680, 0, 1, 1, 0, 0, 0
58516, 3, 2, 2, 0, 3, 0
58517, 0, 3, 3, 0, 0, 0
68682, 3, 1, 1, 0, 3, 0
68684, 0, 1, 1, 0, 0, 0
68685, 2, 1, 1, 0, 2, 0
68686, 0, 1, 1, 0, 0, 0
68687, 0, 1, 1, 0, 0, 0
68716, 0, 1, 1, 0, 0, 0
62911, 0, 1, 1, 0, 0, 0
62912, 8, 1, 1, 0, 8, 0
62914, 0, 1, 0, 1, 0, 0
49376, 2, 2, 2, 0, 2, 0
49377, 0, 1, 1, 0, 0, 0
49379, 0, 1, 1, 0, 0, 0
49380, 0, 1, 1, 0, 0, 0
49381, 0, 1, 1, 0, 0, 0
65905, 0, 1, 1, 0, 0, 0
65906, 0, 1, 1, 0, 0, 0
65907, 0, 2, 2, 0, 0, 0
65908, 0, 1, 0, 1, 0, 0
65909, 14, 1, 0, 1, 5, 9
65910, 0, 2, 1, 1, 0, 0
65911, 0, 1, 0, 1, 0, 0
65912, 0, 1, 0, 1, 0, 0
65913, 0, 1, 0, 1, 0, 0
65914, 0, 1, 0, 1, 0, 0
65915, 0, 1, 0, 1, 0, 0
65916, 1, 1, 0, 1, 1, 0
59657, 0, 2, 2, 0, 0, 0
67066, 8, 1, 1, 0, 7, 1
67879, 0, 1, 1, 0, 0, 0
67880, 0, 2, 2, 0, 0, 0
67881, 0, 1, 1, 0, 0, 0
68738, 1, 1, 1, 0, 1, 0
66525, 0, 1, 1, 0, 0, 0
66526, 0, 1, 1, 0, 0, 0
66527, 5, 1, 1, 0, 5, 0
35620, 0, 1, 1, 0, 0, 0
64199, 0, 1, 1, 0, 0, 0
61288, 0, 1, 1, 0, 0, 0
61289, 0, 1, 1, 0, 0, 0
61290, 0, 1, 1, 0, 0, 0
68748, 1, 1, 1, 0, 1, 0
68749, 1, 2, 2, 0, 1, 0
59170, 7, 2, 1, 1, 6, 1
68759, 0, 1, 0, 1, 0, 0
68760, 0, 1, 0, 1, 0, 0
68761, 1, 1, 0, 1, 1, 0
68762, 0, 1, 0, 1, 0, 0
68763, 0, 1, 0, 1, 0, 0
68764, 0, 1, 0, 1, 0, 0
68765, 0, 1, 0, 1, 0, 0
68766, 0, 1, 1, 0, 0, 0
68767, 1, 1, 1, 0, 1, 0
33143, 0, 1, 1, 0, 0, 0
33144, 1, 1, 1, 0, 1, 0
37994, 2, 1, 0, 1, 2, 0
68768, 0, 1, 1, 0, 0, 0
65152, 0, 1, 1, 0, 0, 0
65153, 0, 1, 1, 0, 0, 0
65154, 0, 1, 1, 0, 0, 0
65155, 0, 2, 2, 0, 0, 0
68793, 2, 1, 1, 0, 2, 0
62615, 0, 2, 2, 0, 0, 0
62616, 1, 1, 1, 0, 1, 0
62617, 0, 1, 1, 0, 0, 0
62618, 0, 2, 2, 0, 0, 0
62619, 2, 1, 1, 0, 2, 0
62620, 0, 2, 2, 0, 0, 0
62621, 8, 1, 1, 0, 8, 0
62622, 0, 2, 2, 0, 0, 0
68801, 1, 1, 1, 0, 1, 0
68802, 1, 2, 2, 0, 1, 0
68803, 1, 1, 1, 0, 0, 1
41070, 7, 1, 1, 0, 7, 0
68808, 2, 1, 1, 0, 2, 0
68809, 0, 1, 1, 0, 0, 0
68444, 0, 2, 2, 0, 0, 0
68445, 5, 2, 2, 0, 5, 0
68446, 0, 1, 0, 1, 0, 0
68827, 0, 1, 1, 0, 0, 0
35237, 0, 2, 1, 1, 0, 0
35239, 0, 1, 0, 1, 0, 0
35240, 5, 1, 0, 1, 0, 5
35241, 0, 1, 0, 1, 0, 0
35242, 0, 1, 0, 1, 0, 0
35243, 1, 2, 1, 1, 0, 1
35245, 1, 1, 0, 1, 1, 0
35246, 0, 1, 0, 1, 0, 0
66820, 0, 1, 0, 1, 0, 0
54733, 0, 7, 5, 2, 0, 0
62094, 0, 2, 1, 1, 0, 0
67049, 0, 1, 0, 1, 0, 0
67050, 0, 1, 0, 1, 0, 0
67051, 0, 1, 0, 1, 0, 0
67052, 0, 2, 1, 1, 0, 0
67053, 0, 1, 0, 1, 0, 0
67054, 1, 1, 0, 1, 1, 0
67055, 2, 1, 0, 1, 2, 0
68830, 1, 1, 1, 0, 1, 0
68831, 0, 1, 1, 0, 0, 0
44707, 0, 1, 0, 1, 0, 0
67397, 0, 1, 1, 0, 0, 0
59641, 1, 1, 1, 0, 1, 0
59642, 0, 1, 1, 0, 0, 0
59643, 0, 1, 1, 0, 0, 0
59644, 0, 1, 1, 0, 0, 0
68843, 1, 1, 1, 0, 1, 0
68850, 0, 1, 1, 0, 0, 0
33216, 0, 2, 2, 0, 0, 0
32647, 0, 1, 1, 0, 0, 0
33098, 0, 5, 5, 0, 0, 0
62523, 0, 1, 1, 0, 0, 0
62524, 0, 1, 1, 0, 0, 0
62525, 1, 1, 1, 0, 1, 0
68854, 1, 1, 1, 0, 1, 0
68855, 0, 1, 1, 0, 0, 0
68857, 1, 1, 1, 0, 1, 0
34069, 0, 1, 1, 0, 0, 0
68877, 7, 1, 1, 0, 5, 2
68878, 1, 1, 1, 0, 0, 1
68879, 0, 3, 3, 0, 0, 0
68932, 0, 1, 0, 1, 0, 0
59928, 0, 1, 1, 0, 0, 0
68933, 0, 1, 1, 0, 0, 0
68934, 0, 1, 1, 0, 0, 0
65341, 0, 1, 1, 0, 0, 0
56877, 0, 1, 1, 0, 0, 0
56878, 0, 1, 1, 0, 0, 0
56879, 0, 1, 1, 0, 0, 0
56880, 0, 3, 2, 1, 0, 0
56881, 0, 1, 1, 0, 0, 0
56882, 0, 2, 1, 1, 0, 0
56883, 0, 1, 0, 1, 0, 0
56884, 0, 1, 0, 1, 0, 0
56885, 0, 1, 0, 1, 0, 0
56886, 1, 1, 0, 1, 1, 0
68935, 1, 1, 1, 0, 1, 0
68936, 0, 1, 1, 0, 0, 0
68937, 0, 1, 1, 0, 0, 0
32965, 2, 3, 3, 0, 2, 0
66323, 0, 1, 1, 0, 0, 0
57978, 0, 3, 3, 0, 0, 0
68956, 0, 1, 1, 0, 0, 0
68960, 1, 7, 7, 0, 1, 0
60132, 1, 1, 1, 0, 1, 0
68961, 0, 2, 2, 0, 0, 0
61697, 4, 1, 1, 0, 4, 0
61698, 0, 2, 2, 0, 0, 0
33193, 0, 1, 1, 0, 0, 0
33197, 0, 1, 1, 0, 0, 0
33198, 0, 1, 1, 0, 0, 0
33200, 0, 1, 1, 0, 0, 0
33201, 0, 2, 2, 0, 0, 0
33202, 0, 3, 1, 2, 0, 0
33207, 0, 1, 1, 0, 0, 0
33209, 0, 1, 1, 0, 0, 0
33210, 0, 2, 2, 0, 0, 0
33212, 15, 2, 1, 1, 13, 2
33221, 0, 1, 1, 0, 0, 0
33222, 3, 2, 2, 0, 3, 0
33224, 0, 1, 1, 0, 0, 0
33225, 0, 2, 2, 0, 0, 0
33226, 0, 1, 1, 0, 0, 0
33227, 1, 1, 1, 0, 1, 0
68977, 0, 1, 1, 0, 0, 0
68978, 1, 1, 1, 0, 1, 0
63598, 1, 1, 1, 0, 1, 0
63599, 0, 2, 1, 1, 0, 0
69035, 2, 1, 1, 0, 2, 0
69036, 0, 1, 1, 0, 0, 0
43049, 0, 1, 1, 0, 0, 0
43051, 0, 1, 0, 1, 0, 0
52729, 1, 1, 1, 0, 1, 0
69039, 0, 2, 2, 0, 0, 0
69048, 0, 1, 1, 0, 0, 0
37366, 1, 1, 1, 0, 1, 0
65661, 0, 2, 1, 1, 0, 0
69053, 0, 1, 1, 0, 0, 0
41797, 4, 1, 1, 0, 4, 0
54429, 0, 1, 1, 0, 0, 0
68986, 2, 1, 1, 0, 1, 1
68987, 0, 1, 1, 0, 0, 0
68988, 0, 1, 1, 0, 0, 0
68989, 0, 1, 0, 1, 0, 0
35895, 0, 9, 9, 0, 0, 0
69081, 0, 1, 1, 0, 0, 0
69082, 0, 1, 1, 0, 0, 0
69084, 1, 1, 1, 0, 1, 0
69139, 4, 1, 1, 0, 4, 0
69140, 0, 1, 1, 0, 0, 0
34441, 0, 2, 2, 0, 0, 0
69165, 0, 1, 1, 0, 0, 0
69166, 0, 1, 1, 0, 0, 0
69167, 2, 1, 1, 0, 2, 0
69168, 0, 2, 2, 0, 0, 0
69169, 0, 1, 1, 0, 0, 0
69170, 1, 1, 1, 0, 1, 0
69171, 1, 1, 1, 0, 1, 0
69172, 0, 1, 1, 0, 0, 0
69227, 0, 1, 1, 0, 0, 0
59348, 0, 1, 1, 0, 0, 0
59349, 3, 1, 1, 0, 3, 0
59350, 0, 1, 1, 0, 0, 0
59352, 0, 1, 1, 0, 0, 0
59353, 0, 1, 1, 0, 0, 0
62889, 3, 2, 2, 0, 3, 0
62890, 0, 1, 1, 0, 0, 0
62891, 3, 3, 3, 0, 3, 0
62892, 0, 1, 1, 0, 0, 0
34488, 0, 2, 2, 0, 0, 0
67926, 0, 1, 1, 0, 0, 0
37992, 0, 3, 2, 1, 0, 0
67986, 0, 3, 0, 3, 0, 0
69261, 0, 1, 1, 0, 0, 0
69298, 0, 1, 0, 1, 0, 0
69299, 0, 1, 0, 1, 0, 0
55923, 0, 1, 1, 0, 0, 0
55924, 0, 1, 1, 0, 0, 0
55925, 0, 2, 2, 0, 0, 0
55926, 0, 2, 0, 2, 0, 0
55927, 0, 1, 0, 1, 0, 0
55928, 0, 1, 0, 1, 0, 0
55929, 0, 1, 0, 1, 0, 0
55930, 0, 1, 0, 1, 0, 0
55931, 0, 1, 0, 1, 0, 0
55932, 0, 1, 0, 1, 0, 0
55933, 0, 1, 0, 1, 0, 0
55935, 0, 1, 0, 1, 0, 0
69300, 0, 2, 2, 0, 0, 0
35562, 14, 2, 2, 0, 14, 0
68710, 2, 2, 1, 1, 2, 0
69309, 1, 1, 1, 0, 1, 0
67027, 1, 1, 1, 0, 1, 0
67028, 0, 1, 1, 0, 0, 0
69328, 0, 1, 1, 0, 0, 0
69333, 0, 1, 1, 0, 0, 0
69334, 0, 1, 0, 1, 0, 0
69335, 0, 1, 1, 0, 0, 0
69336, 0, 1, 1, 0, 0, 0
69337, 0, 1, 1, 0, 0, 0
69338, 1, 1, 1, 0, 1, 0
32531, 0, 1, 1, 0, 0, 0
69339, 0, 1, 1, 0, 0, 0
69340, 0, 1, 1, 0, 0, 0
69341, 0, 1, 0, 1, 0, 0
69342, 0, 1, 0, 1, 0, 0
69343, 0, 1, 0, 1, 0, 0
69360, 0, 1, 1, 0, 0, 0
59791, 0, 1, 1, 0, 0, 0
59792, 0, 1, 1, 0, 0, 0
59793, 0, 1, 1, 0, 0, 0
59794, 0, 1, 1, 0, 0, 0
32408, 1, 0, 0, 0, 1, 0
32409, 1, 0, 0, 0, 1, 0
69090, 2, 1, 1, 0, 2, 0
69091, 0, 1, 1, 0, 0, 0
69092, 0, 1, 1, 0, 0, 0
68600, 0, 2, 2, 0, 0, 0
32419, 20, 0, 0, 0, 16, 4
32423, 21, 0, 0, 0, 19, 2
32424, 5, 1, 1, 0, 5, 0
32425, 2, 1, 1, 0, 2, 0
32426, 0, 2, 2, 0, 0, 0
32427, 18, 1, 1, 0, 18, 0
32428, 4, 0, 0, 0, 2, 2
32433, 1, 0, 0, 0, 1, 0
32448, 6, 1, 1, 0, 0, 6
32449, 0, 1, 1, 0, 0, 0
32450, 0, 1, 1, 0, 0, 0
69014, 0, 1, 1, 0, 0, 0
57979, 0, 1, 1, 0, 0, 0
57980, 1, 1, 1, 0, 1, 0
57981, 0, 1, 1, 0, 0, 0
57983, 0, 1, 1, 0, 0, 0
57984, 0, 1, 0, 1, 0, 0
57985, 0, 1, 0, 1, 0, 0
57986, 0, 1, 0, 1, 0, 0
32461, 1, 0, 0, 0, 1, 0
32463, 1, 0, 0, 0, 1, 0
32466, 1, 0, 0, 0, 1, 0
32467, 2, 0, 0, 0, 1, 1
32469, 0, 1, 1, 0, 0, 0
32471, 1, 1, 0, 1, 0, 1
69382, 0, 1, 1, 0, 0, 0
58172, 0, 1, 1, 0, 0, 0
58173, 0, 1, 1, 0, 0, 0
58174, 3, 3, 2, 1, 1, 2
58175, 0, 1, 0, 1, 0, 0
58176, 0, 1, 0, 1, 0, 0
58177, 3, 1, 0, 1, 3, 0
63399, 3, 1, 1, 0, 3, 0
63401, 0, 1, 0, 1, 0, 0
32485, 7, 0, 0, 0, 2, 5
69391, 0, 1, 1, 0, 0, 0
32497, 1, 0, 0, 0, 1, 0
32502, 0, 2, 2, 0, 0, 0
32504, 5, 1, 1, 0, 5, 0
32505, 2, 2, 2, 0, 2, 0
32508, 37, 0, 0, 0, 30, 7
32512, 1, 1, 1, 0, 1, 0
32513, 1, 0, 0, 0, 1, 0
69392, 27, 1, 1, 0, 26, 1
32519, 1, 0, 0, 0, 1, 0
69393, 0, 1, 1, 0, 0, 0
32522, 4, 0, 0, 0, 4, 0
32523, 0, 3, 3, 0, 0, 0
61665, 0, 1, 0, 1, 0, 0
32527, 7, 0, 0, 0, 4, 3
32528, 0, 1, 1, 0, 0, 0
32529, 0, 2, 0, 2, 0, 0
32532, 7, 1, 1, 0, 7, 0
35820, 8, 3, 3, 0, 5, 3
55804, 0, 3, 3, 0, 0, 0
32542, 0, 1, 1, 0, 0, 0
32543, 2, 0, 0, 0, 2, 0
32576, 1, 0, 0, 0, 1, 0
33730, 0, 1, 1, 0, 0, 0
33732, 0, 1, 1, 0, 0, 0
32581, 3, 0, 0, 0, 2, 1
32582, 1, 1, 1, 0, 1, 0
32583, 10, 0, 0, 0, 10, 0
32584, 0, 1, 1, 0, 0, 0
32585, 7, 0, 0, 0, 7, 0
32590, 1, 0, 0, 0, 1, 0
32591, 1, 0, 0, 0, 1, 0
32593, 1, 1, 1, 0, 1, 0
32595, 5, 1, 1, 0, 5, 0
32597, 0, 1, 1, 0, 0, 0
32605, 6, 0, 0, 0, 6, 0
32608, 1, 0, 0, 0, 1, 0
32615, 1, 0, 0, 0, 1, 0
32616, 1, 1, 1, 0, 1, 0
68841, 1, 1, 1, 0, 1, 0
32619, 1, 0, 0, 0, 1, 0
32620, 26, 0, 0, 0, 26, 0
32622, 0, 1, 1, 0, 0, 0
32624, 1, 0, 0, 0, 1, 0
32629, 3, 0, 0, 0, 3, 0
32632, 1, 0, 0, 0, 1, 0
32633, 4, 0, 0, 0, 4, 0
32638, 2, 1, 1, 0, 2, 0
69406, 0, 1, 1, 0, 0, 0
32642, 4, 1, 1, 0, 4, 0
32643, 1, 0, 0, 0, 1, 0
32648, 1, 0, 0, 0, 1, 0
32649, 9, 0, 0, 0, 9, 0
32652, 0, 1, 1, 0, 0, 0
32655, 1, 0, 0, 0, 1, 0
32658, 0, 1, 1, 0, 0, 0
32659, 2, 1, 1, 0, 2, 0
32660, 0, 1, 1, 0, 0, 0
32661, 0, 1, 1, 0, 0, 0
32663, 0, 1, 0, 1, 0, 0
32664, 0, 1, 0, 1, 0, 0
69407, 0, 1, 1, 0, 0, 0
69408, 0, 1, 1, 0, 0, 0
32665, 1, 1, 0, 1, 1, 0
32666, 19, 0, 0, 0, 19, 0
32667, 0, 1, 1, 0, 0, 0
69409, 0, 2, 2, 0, 0, 0
46184, 11, 2, 2, 0, 11, 0
58514, 13, 1, 1, 0, 13, 0
60964, 0, 1, 1, 0, 0, 0
60965, 0, 1, 1, 0, 0, 0
60966, 0, 1, 1, 0, 0, 0
60968, 0, 1, 1, 0, 0, 0
60969, 0, 1, 1, 0, 0, 0
60970, 0, 1, 1, 0, 0, 0
60971, 0, 1, 1, 0, 0, 0
60972, 0, 1, 1, 0, 0, 0
60973, 1, 1, 1, 0, 1, 0
60974, 0, 1, 1, 0, 0, 0
60975, 0, 1, 1, 0, 0, 0
60976, 1, 1, 1, 0, 1, 0
60977, 0, 1, 1, 0, 0, 0
69410, 0, 1, 1, 0, 0, 0
32692, 1, 0, 0, 0, 1, 0
32695, 1, 0, 0, 0, 1, 0
32696, 4, 0, 0, 0, 2, 2
69415, 0, 1, 1, 0, 0, 0
32702, 9, 0, 0, 0, 8, 1
32704, 1, 0, 0, 0, 1, 0
32707, 4, 1, 1, 0, 4, 0
69418, 0, 1, 1, 0, 0, 0
69419, 0, 1, 1, 0, 0, 0
32709, 12, 0, 0, 0, 12, 0
55238, 1, 1, 0, 1, 0, 1
55239, 0, 1, 0, 1, 0, 0
38860, 19, 3, 3, 0, 19, 0
52112, 0, 2, 2, 0, 0, 0
63129, 0, 1, 1, 0, 0, 0
63130, 0, 1, 1, 0, 0, 0
63131, 1, 1, 1, 0, 1, 0
63132, 0, 1, 1, 0, 0, 0
63133, 1, 1, 1, 0, 1, 0
64952, 0, 1, 1, 0, 0, 0
64953, 0, 1, 1, 0, 0, 0
64954, 0, 1, 0, 1, 0, 0
64955, 0, 1, 0, 1, 0, 0
69420, 0, 1, 1, 0, 0, 0
69421, 0, 1, 1, 0, 0, 0
69422, 0, 1, 1, 0, 0, 0
69423, 0, 1, 1, 0, 0, 0
69424, 0, 1, 1, 0, 0, 0
69425, 3, 3, 3, 0, 3, 0
37021, 0, 1, 1, 0, 0, 0
37022, 2, 1, 1, 0, 2, 0
37024, 0, 1, 1, 0, 0, 0
37025, 0, 1, 0, 1, 0, 0
69426, 0, 1, 1, 0, 0, 0
69427, 0, 1, 1, 0, 0, 0
69429, 0, 1, 1, 0, 0, 0
69430, 1, 1, 1, 0, 1, 0
62073, 7, 2, 2, 0, 7, 0
69431, 0, 1, 1, 0, 0, 0
69432, 0, 1, 1, 0, 0, 0
32764, 2, 0, 0, 0, 2, 0
43934, 1, 2, 2, 0, 1, 0
43935, 0, 1, 1, 0, 0, 0
43936, 2, 1, 1, 0, 2, 0
69433, 0, 1, 1, 0, 0, 0
64594, 15, 1, 1, 0, 12, 3
62316, 0, 2, 2, 0, 0, 0
69434, 0, 1, 1, 0, 0, 0
69435, 1, 1, 1, 0, 1, 0
33489, 11, 4, 4, 0, 9, 2
68947, 1, 1, 1, 0, 1, 0
32807, 1, 0, 0, 0, 1, 0
69437, 1, 1, 1, 0, 1, 0
69438, 0, 1, 1, 0, 0, 0
69439, 0, 1, 1, 0, 0, 0
34452, 3, 1, 1, 0, 2, 1
69440, 0, 2, 2, 0, 0, 0
69441, 2, 2, 2, 0, 2, 0
32836, 2, 0, 0, 0, 2, 0
32838, 3, 0, 0, 0, 3, 0
32839, 1, 0, 0, 0, 1, 0
32840, 7, 0, 0, 0, 7, 0
32843, 1, 0, 0, 0, 1, 0
32844, 11, 0, 0, 0, 11, 0
69455, 0, 1, 1, 0, 0, 0
69456, 0, 1, 1, 0, 0, 0
69457, 0, 1, 1, 0, 0, 0
69458, 0, 1, 1, 0, 0, 0
69459, 0, 1, 1, 0, 0, 0
69460, 0, 2, 2, 0, 0, 0
55743, 0, 2, 2, 0, 0, 0
59744, 0, 1, 1, 0, 0, 0
59746, 0, 1, 1, 0, 0, 0
59748, 1, 1, 0, 1, 1, 0
59749, 0, 1, 0, 1, 0, 0
59750, 0, 1, 0, 1, 0, 0
59751, 0, 2, 1, 1, 0, 0
59752, 0, 1, 0, 1, 0, 0
32854, 1, 0, 0, 0, 1, 0
32860, 1, 0, 0, 0, 1, 0
32861, 3, 0, 0, 0, 2, 1
69464, 0, 2, 2, 0, 0, 0
69465, 0, 2, 2, 0, 0, 0
69466, 0, 1, 1, 0, 0, 0
69467, 8, 1, 1, 0, 8, 0
69468, 0, 1, 1, 0, 0, 0
69469, 0, 1, 1, 0, 0, 0
32871, 8, 2, 2, 0, 8, 0
32872, 0, 1, 1, 0, 0, 0
32874, 0, 1, 1, 0, 0, 0
32875, 1, 1, 1, 0, 1, 0
34726, 3, 1, 0, 1, 3, 0
65855, 2, 1, 1, 0, 2, 0
65856, 0, 1, 1, 0, 0, 0
65857, 0, 1, 1, 0, 0, 0
65858, 0, 1, 1, 0, 0, 0
65859, 5, 1, 0, 1, 5, 0
65860, 0, 1, 0, 1, 0, 0
65861, 0, 1, 0, 1, 0, 0
65862, 0, 1, 0, 1, 0, 0
65863, 0, 1, 0, 1, 0, 0
65864, 0, 1, 0, 1, 0, 0
65865, 0, 1, 0, 1, 0, 0
65866, 0, 2, 0, 2, 0, 0
65867, 0, 1, 0, 1, 0, 0
65868, 0, 1, 0, 1, 0, 0
65869, 0, 1, 0, 1, 0, 0
32886, 2, 0, 0, 0, 2, 0
32887, 0, 1, 1, 0, 0, 0
32888, 1, 0, 0, 0, 1, 0
32891, 1, 0, 0, 0, 1, 0
32892, 2, 0, 0, 0, 2, 0
32893, 2, 0, 0, 0, 2, 0
32894, 1, 0, 0, 0, 1, 0
32895, 20, 0, 0, 0, 12, 8
32896, 12, 1, 1, 0, 0, 12
32898, 0, 1, 1, 0, 0, 0
32899, 0, 1, 0, 1, 0, 0
32900, 3, 1, 0, 1, 3, 0
62675, 1, 3, 1, 2, 0, 1
69495, 0, 1, 1, 0, 0, 0
32901, 5, 0, 0, 0, 5, 0
69496, 0, 1, 1, 0, 0, 0
69497, 0, 1, 1, 0, 0, 0
69498, 0, 1, 1, 0, 0, 0
32907, 3, 0, 0, 0, 3, 0
32908, 0, 1, 1, 0, 0, 0
32909, 1, 0, 0, 0, 1, 0
69086, 0, 1, 1, 0, 0, 0
32914, 6, 0, 0, 0, 5, 1
32915, 0, 1, 1, 0, 0, 0
32916, 1, 0, 0, 0, 1, 0
69503, 1, 1, 1, 0, 1, 0
69504, 1, 1, 1, 0, 1, 0
32923, 1, 0, 0, 0, 1, 0
32924, 4, 0, 0, 0, 4, 0
54384, 1, 1, 1, 0, 1, 0
32929, 1, 1, 1, 0, 1, 0
60325, 6, 2, 2, 0, 6, 0
66142, 0, 2, 2, 0, 0, 0
67038, 0, 1, 1, 0, 0, 0
67039, 0, 1, 1, 0, 0, 0
32932, 0, 1, 1, 0, 0, 0
32933, 5, 0, 0, 0, 2, 3
69505, 0, 1, 1, 0, 0, 0
69506, 0, 1, 1, 0, 0, 0
66608, 0, 2, 2, 0, 0, 0
66609, 1, 1, 1, 0, 1, 0
66610, 2, 1, 1, 0, 2, 0
69507, 0, 1, 0, 1, 0, 0
69508, 2, 1, 0, 1, 0, 2
69509, 0, 1, 0, 1, 0, 0
69510, 0, 1, 0, 1, 0, 0
32957, 2, 0, 0, 0, 2, 0
63008, 1, 1, 1, 0, 1, 0
33347, 105, 1, 1, 0, 99, 6
67943, 1, 1, 1, 0, 1, 0
67944, 0, 2, 2, 0, 0, 0
67945, 0, 1, 1, 0, 0, 0
67946, 2, 1, 1, 0, 2, 0
67947, 0, 1, 1, 0, 0, 0
67948, 0, 1, 1, 0, 0, 0
67949, 0, 1, 1, 0, 0, 0
67005, 0, 1, 1, 0, 0, 0
67006, 0, 1, 1, 0, 0, 0
32966, 0, 1, 1, 0, 0, 0
32967, 0, 1, 1, 0, 0, 0
32974, 2, 0, 0, 0, 2, 0
68893, 1, 1, 1, 0, 1, 0
68894, 0, 1, 0, 1, 0, 0
57792, 5, 1, 1, 0, 2, 3
69514, 1, 1, 1, 0, 1, 0
68785, 1, 1, 1, 0, 1, 0
69523, 1, 2, 2, 0, 1, 0
69524, 6, 2, 2, 0, 3, 3
69525, 4, 2, 2, 0, 4, 0
68412, 0, 1, 1, 0, 0, 0
68413, 1, 1, 1, 0, 1, 0
62799, 0, 1, 1, 0, 0, 0
68582, 1, 1, 1, 0, 1, 0
68583, 3, 1, 1, 0, 3, 0
69526, 0, 1, 1, 0, 0, 0
69527, 0, 2, 2, 0, 0, 0
33507, 2, 1, 0, 1, 2, 0
35710, 1, 1, 0, 1, 1, 0
61003, 1, 3, 1, 2, 1, 0
63027, 0, 2, 1, 1, 0, 0
67504, 0, 2, 1, 1, 0, 0
69528, 0, 1, 1, 0, 0, 0
69529, 1, 1, 0, 1, 0, 1
69530, 4, 2, 1, 1, 4, 0
69531, 0, 1, 0, 1, 0, 0
69532, 0, 1, 0, 1, 0, 0
69533, 2, 2, 1, 1, 2, 0
69534, 0, 1, 0, 1, 0, 0
69535, 0, 1, 0, 1, 0, 0
69536, 0, 1, 0, 1, 0, 0
69537, 0, 1, 0, 1, 0, 0
69538, 0, 1, 0, 1, 0, 0
69539, 0, 1, 0, 1, 0, 0
69540, 0, 1, 0, 1, 0, 0
69541, 0, 1, 0, 1, 0, 0
69542, 1, 3, 2, 1, 1, 0
69543, 0, 1, 0, 1, 0, 0
69544, 1, 1, 0, 1, 0, 1
69545, 0, 1, 0, 1, 0, 0
69546, 0, 1, 0, 1, 0, 0
69547, 0, 1, 0, 1, 0, 0
69548, 2, 1, 0, 1, 0, 2
69549, 0, 1, 0, 1, 0, 0
69550, 4, 2, 1, 1, 3, 1
69551, 1, 1, 0, 1, 1, 0
69552, 0, 1, 0, 1, 0, 0
69553, 1, 1, 0, 1, 1, 0
33035, 22, 1, 0, 1, 22, 0
33036, 1, 0, 0, 0, 1, 0
33037, 10, 0, 0, 0, 9, 1
69554, 0, 1, 1, 0, 0, 0
69555, 0, 1, 1, 0, 0, 0
33053, 1, 0, 0, 0, 1, 0
33054, 2, 0, 0, 0, 1, 1
69558, 0, 1, 1, 0, 0, 0
69559, 0, 1, 1, 0, 0, 0
69560, 3, 1, 1, 0, 3, 0
33075, 1, 0, 0, 0, 1, 0
33076, 3, 0, 0, 0, 3, 0
61004, 0, 1, 1, 0, 0, 0
65662, 1, 1, 1, 0, 1, 0
68418, 0, 3, 3, 0, 0, 0
33095, 1, 0, 0, 0, 1, 0
60609, 0, 2, 2, 0, 0, 0
33097, 13, 0, 0, 0, 12, 1
33100, 1, 0, 0, 0, 1, 0
33101, 2, 0, 0, 0, 2, 0
33108, 1, 0, 0, 0, 1, 0
33112, 10, 0, 0, 0, 10, 0
33113, 0, 1, 1, 0, 0, 0
33114, 3, 0, 0, 0, 3, 0
33115, 0, 1, 1, 0, 0, 0
33116, 16, 1, 0, 1, 16, 0
33117, 4, 1, 1, 0, 3, 1
68720, 0, 2, 1, 1, 0, 0
68721, 1, 1, 1, 0, 1, 0
68722, 0, 1, 0, 1, 0, 0
68723, 0, 1, 0, 1, 0, 0
68724, 4, 2, 1, 1, 1, 3
68725, 2, 1, 0, 1, 2, 0
54048, 0, 1, 1, 0, 0, 0
33131, 51, 0, 0, 0, 34, 17
69562, 0, 1, 1, 0, 0, 0
69563, 1, 1, 1, 0, 1, 0
33142, 1, 0, 0, 0, 1, 0
65364, 3, 1, 1, 0, 3, 0
33157, 2, 0, 0, 0, 1, 1
65635, 0, 1, 1, 0, 0, 0
33164, 9, 0, 0, 0, 9, 0
33168, 5, 0, 0, 0, 4, 1
33169, 0, 1, 1, 0, 0, 0
33170, 0, 1, 0, 1, 0, 0
69572, 1, 1, 1, 0, 1, 0
68085, 0, 1, 1, 0, 0, 0
68086, 0, 1, 1, 0, 0, 0
68087, 1, 1, 1, 0, 1, 0
68088, 0, 1, 1, 0, 0, 0
68089, 0, 1, 1, 0, 0, 0
68090, 0, 1, 1, 0, 0, 0
33185, 3, 0, 0, 0, 3, 0
69575, 1, 1, 1, 0, 1, 0
69576, 0, 1, 1, 0, 0, 0
66063, 0, 1, 1, 0, 0, 0
66064, 0, 1, 1, 0, 0, 0
60460, 0, 1, 0, 1, 0, 0
57966, 0, 1, 1, 0, 0, 0
57967, 0, 1, 0, 1, 0, 0
69577, 0, 1, 1, 0, 0, 0
40362, 0, 2, 2, 0, 0, 0
68712, 3, 1, 1, 0, 3, 0
33229, 1, 0, 0, 0, 1, 0
33234, 2, 1, 1, 0, 2, 0
33235, 0, 1, 1, 0, 0, 0
33238, 0, 2, 2, 0, 0, 0
33239, 0, 2, 2, 0, 0, 0
33240, 5, 0, 0, 0, 5, 0
33241, 5, 0, 0, 0, 5, 0
33243, 5, 0, 0, 0, 5, 0
33244, 4, 0, 0, 0, 4, 0
33247, 2, 0, 0, 0, 1, 1
33248, 1, 0, 0, 0, 1, 0
69581, 1, 1, 1, 0, 1, 0
69582, 2, 1, 1, 0, 2, 0
69583, 0, 1, 1, 0, 0, 0
69584, 5, 1, 1, 0, 4, 1
68804, 0, 1, 1, 0, 0, 0
69586, 1, 2, 2, 0, 1, 0
69587, 3, 1, 1, 0, 2, 1
54560, 7, 2, 2, 0, 7, 0
69588, 0, 1, 1, 0, 0, 0
68902, 0, 1, 1, 0, 0, 0
69589, 0, 1, 1, 0, 0, 0
69590, 0, 1, 1, 0, 0, 0
69591, 1, 1, 1, 0, 0, 1
69062, 0, 2, 2, 0, 0, 0
33320, 0, 2, 2, 0, 0, 0
33321, 1, 0, 0, 0, 1, 0
33326, 1, 0, 0, 0, 1, 0
33330, 0, 1, 1, 0, 0, 0
33331, 1, 1, 1, 0, 1, 0
33332, 0, 1, 1, 0, 0, 0
33649, 1, 1, 1, 0, 1, 0
33650, 0, 2, 2, 0, 0, 0
33651, 5, 1, 1, 0, 5, 0
33652, 1, 1, 1, 0, 1, 0
33339, 4, 0, 0, 0, 4, 0
54630, 4, 3, 3, 0, 4, 0
69593, 0, 1, 1, 0, 0, 0
33352, 1, 4, 3, 1, 0, 1
33353, 0, 1, 1, 0, 0, 0
33354, 0, 1, 1, 0, 0, 0
33358, 4, 2, 2, 0, 4, 0
33359, 0, 1, 1, 0, 0, 0
69594, 0, 1, 1, 0, 0, 0
69595, 0, 1, 0, 1, 0, 0
69596, 0, 2, 1, 1, 0, 0
43953, 0, 1, 1, 0, 0, 0
33361, 8, 0, 0, 0, 4, 4
33363, 1, 1, 1, 0, 1, 0
69616, 0, 1, 1, 0, 0, 0
69617, 0, 2, 2, 0, 0, 0
69618, 0, 1, 1, 0, 0, 0
69619, 0, 1, 1, 0, 0, 0
33364, 4, 1, 1, 0, 3, 1
33365, 5, 1, 1, 0, 3, 2
33367, 1, 0, 0, 0, 1, 0
33368, 9, 0, 0, 0, 7, 2
33369, 1, 0, 0, 0, 1, 0
33370, 1, 0, 0, 0, 1, 0
33373, 0, 1, 1, 0, 0, 0
33374, 0, 1, 1, 0, 0, 0
33376, 0, 2, 2, 0, 0, 0
33377, 0, 1, 1, 0, 0, 0
33379, 0, 1, 1, 0, 0, 0
33384, 1, 0, 0, 0, 1, 0
33386, 0, 1, 1, 0, 0, 0
55365, 5, 1, 1, 0, 5, 0
69621, 0, 1, 1, 0, 0, 0
33399, 1, 0, 0, 0, 1, 0
69622, 1, 1, 1, 0, 1, 0
69623, 0, 1, 1, 0, 0, 0
69624, 1, 1, 1, 0, 1, 0
33407, 1, 1, 0, 1, 1, 0
33411, 8, 0, 0, 0, 8, 0
33412, 0, 1, 1, 0, 0, 0
33413, 1, 0, 0, 0, 1, 0
69626, 0, 1, 1, 0, 0, 0
69627, 0, 1, 1, 0, 0, 0
69628, 1, 1, 1, 0, 1, 0
69629, 0, 1, 1, 0, 0, 0
69630, 0, 2, 2, 0, 0, 0
33440, 0, 2, 2, 0, 0, 0
33442, 0, 1, 1, 0, 0, 0
33443, 0, 1, 0, 1, 0, 0
33444, 0, 1, 0, 1, 0, 0
33445, 1, 1, 0, 1, 1, 0
33448, 0, 1, 0, 1, 0, 0
33449, 0, 1, 0, 1, 0, 0
33451, 0, 2, 1, 1, 0, 0
33453, 0, 1, 0, 1, 0, 0
64557, 3, 2, 2, 0, 3, 0
67468, 0, 2, 2, 0, 0, 0
69631, 0, 1, 1, 0, 0, 0
33458, 0, 1, 1, 0, 0, 0
33463, 1, 0, 0, 0, 1, 0
69634, 0, 2, 2, 0, 0, 0
33468, 8, 0, 0, 0, 8, 0
68824, 0, 1, 1, 0, 0, 0
69280, 0, 1, 1, 0, 0, 0
33477, 0, 1, 1, 0, 0, 0
33480, 3, 0, 0, 0, 3, 0
33481, 0, 1, 1, 0, 0, 0
33482, 2, 0, 0, 0, 2, 0
33483, 6, 3, 3, 0, 6, 0
33484, 0, 1, 1, 0, 0, 0
33485, 0, 1, 1, 0, 0, 0
33486, 2, 2, 2, 0, 2, 0
33487, 1, 1, 1, 0, 1, 0
33490, 3, 1, 1, 0, 3, 0
33492, 0, 2, 2, 0, 0, 0
33493, 1, 2, 2, 0, 1, 0
33495, 0, 1, 1, 0, 0, 0
33497, 1, 1, 1, 0, 1, 0
59438, 0, 1, 1, 0, 0, 0
59439, 0, 1, 1, 0, 0, 0
33505, 1, 0, 0, 0, 1, 0
33506, 13, 0, 0, 0, 13, 0
33512, 4, 0, 0, 0, 1, 3
34220, 0, 1, 1, 0, 0, 0
34221, 0, 1, 1, 0, 0, 0
65657, 0, 2, 0, 2, 0, 0
33520, 5, 0, 0, 0, 5, 0
33522, 0, 1, 1, 0, 0, 0
33530, 20, 1, 1, 0, 20, 0
33531, 4, 1, 1, 0, 3, 1
66822, 0, 1, 1, 0, 0, 0
33535, 31, 0, 0, 0, 4, 27
33541, 0, 1, 1, 0, 0, 0
33543, 0, 2, 2, 0, 0, 0
33544, 2, 2, 2, 0, 2, 0
69636, 0, 1, 0, 1, 0, 0
69637, 0, 1, 1, 0, 0, 0
69638, 1, 1, 1, 0, 1, 0
48084, 0, 2, 2, 0, 0, 0
48086, 0, 3, 3, 0, 0, 0
33567, 1, 0, 0, 0, 1, 0
69640, 1, 1, 1, 0, 1, 0
69641, 1, 1, 1, 0, 1, 0
69642, 1, 1, 1, 0, 1, 0
69643, 0, 1, 1, 0, 0, 0
69644, 0, 1, 1, 0, 0, 0
68941, 0, 1, 1, 0, 0, 0
54778, 61, 2, 2, 0, 60, 1
69645, 0, 1, 1, 0, 0, 0
69646, 7, 1, 1, 0, 5, 2
69670, 0, 1, 1, 0, 0, 0
44553, 0, 1, 1, 0, 0, 0
67891, 0, 1, 1, 0, 0, 0
67892, 0, 1, 1, 0, 0, 0
33614, 6, 0, 0, 0, 5, 1
33615, 4, 2, 2, 0, 4, 0
66430, 0, 4, 4, 0, 0, 0
33618, 10, 0, 0, 0, 9, 1
33620, 13, 0, 0, 0, 11, 2
33621, 0, 1, 1, 0, 0, 0
33624, 14, 1, 1, 0, 14, 0
33625, 3, 1, 1, 0, 3, 0
65473, 0, 1, 1, 0, 0, 0
33627, 0, 3, 3, 0, 0, 0
33628, 3, 2, 2, 0, 3, 0
33629, 0, 1, 1, 0, 0, 0
33630, 5, 2, 2, 0, 4, 1
33631, 0, 1, 0, 1, 0, 0
69675, 0, 1, 1, 0, 0, 0
33637, 1, 0, 0, 0, 1, 0
68670, 0, 1, 1, 0, 0, 0
68671, 0, 2, 2, 0, 0, 0
33643, 1, 0, 0, 0, 1, 0
33644, 1, 0, 0, 0, 1, 0
33647, 1, 0, 0, 0, 1, 0
33648, 1, 0, 0, 0, 1, 0
33654, 1, 0, 0, 0, 1, 0
33656, 0, 2, 2, 0, 0, 0
33657, 0, 2, 2, 0, 0, 0
69683, 0, 2, 2, 0, 0, 0
33672, 3, 0, 0, 0, 3, 0
54112, 13, 1, 1, 0, 13, 0
63961, 0, 1, 1, 0, 0, 0
63962, 0, 1, 1, 0, 0, 0
63963, 0, 1, 0, 1, 0, 0
33679, 1, 0, 0, 0, 1, 0
33683, 34, 1, 1, 0, 34, 0
33685, 0, 3, 3, 0, 0, 0
33686, 2, 1, 1, 0, 2, 0
33689, 1, 0, 0, 0, 1, 0
33690, 10, 0, 0, 0, 10, 0
33691, 0, 1, 1, 0, 0, 0
33692, 6, 0, 0, 0, 6, 0
33694, 0, 1, 1, 0, 0, 0
33695, 0, 1, 1, 0, 0, 0
64638, 0, 1, 1, 0, 0, 0
64639, 0, 1, 1, 0, 0, 0
64640, 0, 1, 1, 0, 0, 0
64641, 2, 1, 0, 1, 2, 0
33701, 1, 0, 0, 0, 1, 0
33702, 1, 0, 0, 0, 1, 0
69688, 0, 1, 1, 0, 0, 0
69689, 0, 1, 1, 0, 0, 0
69690, 1, 1, 1, 0, 1, 0
69691, 0, 1, 1, 0, 0, 0
68698, 0, 1, 1, 0, 0, 0
33715, 2, 0, 0, 0, 2, 0
33716, 6, 0, 0, 0, 6, 0
33717, 2, 0, 0, 0, 2, 0
33720, 3, 3, 3, 0, 3, 0
69692, 0, 1, 1, 0, 0, 0
68672, 0, 1, 1, 0, 0, 0
36015, 0, 1, 1, 0, 0, 0
33729, 3, 1, 1, 0, 3, 0
33733, 35, 0, 0, 0, 35, 0
69695, 1, 1, 1, 0, 1, 0
33742, 5, 1, 1, 0, 0, 5
33743, 0, 1, 1, 0, 0, 0
33746, 0, 1, 0, 1, 0, 0
69696, 0, 1, 1, 0, 0, 0
33747, 12, 0, 0, 0, 11, 1
69697, 0, 1, 1, 0, 0, 0
58056, 0, 1, 1, 0, 0, 0
55433, 0, 1, 1, 0, 0, 0
58266, 17, 2, 2, 0, 13, 4
67469, 0, 2, 2, 0, 0, 0
69698, 0, 1, 1, 0, 0, 0
69699, 0, 1, 1, 0, 0, 0
60320, 0, 1, 1, 0, 0, 0
69700, 1, 1, 0, 1, 0, 1
33780, 1, 0, 0, 0, 1, 0
33782, 2, 1, 1, 0, 2, 0
33784, 10, 0, 0, 0, 8, 2
33791, 0, 1, 1, 0, 0, 0
33793, 0, 1, 1, 0, 0, 0
33796, 0, 1, 1, 0, 0, 0
33798, 0, 1, 1, 0, 0, 0
33800, 1, 1, 1, 0, 1, 0
66554, 0, 1, 1, 0, 0, 0
69704, 0, 1, 1, 0, 0, 0
69705, 2, 1, 1, 0, 2, 0
33813, 2, 0, 0, 0, 2, 0
33817, 1, 0, 0, 0, 1, 0
33819, 0, 1, 1, 0, 0, 0
33820, 0, 1, 1, 0, 0, 0
33821, 0, 1, 1, 0, 0, 0
33822, 0, 1, 0, 1, 0, 0
33823, 1, 0, 0, 0, 1, 0
33842, 1, 0, 0, 0, 1, 0
33845, 1, 0, 0, 0, 1, 0
33852, 11, 0, 0, 0, 11, 0
33853, 1, 0, 0, 0, 1, 0
33854, 5, 0, 0, 0, 5, 0
69718, 0, 1, 1, 0, 0, 0
69719, 1, 1, 1, 0, 1, 0
33866, 1, 0, 0, 0, 1, 0
33874, 4, 0, 0, 0, 1, 3
33876, 8, 0, 0, 0, 7, 1
33880, 0, 1, 1, 0, 0, 0
33883, 0, 2, 2, 0, 0, 0
65216, 0, 1, 1, 0, 0, 0
65217, 1, 1, 1, 0, 1, 0
63475, 0, 1, 1, 0, 0, 0
69722, 0, 2, 2, 0, 0, 0
69723, 0, 1, 1, 0, 0, 0
69724, 0, 1, 1, 0, 0, 0
69725, 0, 2, 2, 0, 0, 0
69726, 2, 2, 2, 0, 2, 0
69727, 0, 1, 1, 0, 0, 0
69728, 0, 2, 2, 0, 0, 0
69729, 0, 1, 0, 1, 0, 0
33916, 3, 0, 0, 0, 3, 0
33921, 5, 0, 0, 0, 5, 0
33922, 2, 0, 0, 0, 2, 0
33926, 1, 1, 1, 0, 1, 0
33928, 1, 0, 0, 0, 1, 0
33930, 1, 0, 0, 0, 1, 0
33931, 5, 0, 0, 0, 5, 0
33933, 0, 4, 3, 1, 0, 0
33936, 20, 0, 0, 0, 18, 2
34152, 2, 2, 2, 0, 2, 0
34153, 3, 1, 1, 0, 3, 0
33942, 4, 0, 0, 0, 4, 0
33945, 7, 0, 0, 0, 7, 0
33947, 6, 0, 0, 0, 5, 1
69730, 0, 1, 0, 1, 0, 0
69731, 1, 1, 1, 0, 1, 0
61315, 0, 1, 1, 0, 0, 0
61317, 0, 1, 0, 1, 0, 0
33959, 0, 1, 1, 0, 0, 0
33960, 1, 1, 0, 1, 1, 0
65147, 0, 1, 1, 0, 0, 0
33974, 5, 0, 0, 0, 5, 0
33975, 0, 1, 1, 0, 0, 0
33976, 3, 0, 0, 0, 3, 0
33985, 0, 1, 1, 0, 0, 0
33987, 1, 1, 1, 0, 1, 0
33991, 0, 1, 1, 0, 0, 0
33996, 1, 0, 0, 0, 1, 0
33997, 2, 0, 0, 0, 1, 1
54969, 3, 2, 2, 0, 3, 0
54987, 1, 2, 2, 0, 1, 0
54988, 0, 1, 1, 0, 0, 0
54990, 1, 2, 2, 0, 1, 0
54992, 0, 2, 2, 0, 0, 0
54993, 0, 5, 5, 0, 0, 0
54994, 0, 1, 1, 0, 0, 0
54996, 0, 2, 2, 0, 0, 0
54997, 3, 1, 1, 0, 0, 3
69739, 0, 1, 1, 0, 0, 0
69740, 0, 1, 1, 0, 0, 0
34009, 1, 0, 0, 0, 1, 0
34010, 12, 0, 0, 0, 10, 2
34011, 0, 2, 2, 0, 0, 0
34013, 2, 0, 0, 0, 2, 0
34014, 22, 0, 0, 0, 21, 1
34015, 0, 1, 1, 0, 0, 0
34016, 1, 0, 0, 0, 1, 0
34018, 2, 0, 0, 0, 2, 0
34019, 1, 0, 0, 0, 1, 0
34022, 3, 0, 0, 0, 3, 0
34025, 1, 0, 0, 0, 1, 0
69754, 1, 1, 1, 0, 1, 0
69755, 0, 1, 1, 0, 0, 0
66140, 0, 1, 1, 0, 0, 0
66141, 0, 1, 1, 0, 0, 0
56791, 0, 1, 1, 0, 0, 0
34044, 2, 0, 0, 0, 2, 0
34045, 11, 0, 0, 0, 10, 1
34047, 9, 0, 0, 0, 9, 0
34049, 0, 3, 3, 0, 0, 0
34058, 1, 0, 0, 0, 1, 0
34059, 45, 0, 0, 0, 45, 0
34060, 2, 1, 1, 0, 2, 0
34061, 0, 2, 2, 0, 0, 0
34063, 0, 2, 2, 0, 0, 0
34064, 0, 1, 1, 0, 0, 0
69756, 1, 1, 1, 0, 1, 0
34072, 0, 1, 1, 0, 0, 0
34073, 9, 0, 0, 0, 9, 0
34077, 1, 0, 0, 0, 1, 0
69759, 0, 1, 1, 0, 0, 0
34091, 0, 1, 1, 0, 0, 0
34093, 1, 0, 0, 0, 1, 0
34094, 13, 0, 0, 0, 13, 0
34099, 0, 1, 1, 0, 0, 0
34100, 0, 2, 2, 0, 0, 0
34101, 2, 1, 1, 0, 2, 0
34103, 0, 1, 1, 0, 0, 0
34105, 1, 1, 1, 0, 1, 0
34107, 0, 1, 1, 0, 0, 0
52148, 0, 1, 1, 0, 0, 0
52149, 3, 2, 2, 0, 3, 0
52150, 0, 1, 1, 0, 0, 0
34110, 4, 0, 0, 0, 2, 2
34114, 2, 0, 0, 0, 1, 1
34116, 0, 1, 1, 0, 0, 0
34123, 0, 1, 0, 1, 0, 0
34124, 0, 1, 0, 1, 0, 0
34125, 0, 1, 0, 1, 0, 0
69765, 0, 1, 1, 0, 0, 0
69766, 0, 1, 1, 0, 0, 0
55121, 0, 1, 1, 0, 0, 0
66653, 0, 1, 1, 0, 0, 0
54302, 2, 1, 1, 0, 2, 0
55507, 5, 3, 3, 0, 5, 0
67650, 1, 1, 1, 0, 1, 0
34141, 1, 0, 0, 0, 1, 0
34142, 6, 0, 0, 0, 6, 0
34145, 0, 2, 2, 0, 0, 0
34146, 0, 1, 1, 0, 0, 0
34147, 1, 1, 1, 0, 1, 0
34151, 2, 0, 0, 0, 2, 0
69767, 1, 1, 1, 0, 1, 0
69768, 0, 1, 1, 0, 0, 0
69769, 0, 1, 1, 0, 0, 0
69770, 10, 1, 1, 0, 10, 0
34167, 1, 0, 0, 0, 1, 0
34173, 5, 0, 0, 0, 5, 0
34176, 1, 0, 0, 0, 1, 0
34177, 1, 0, 0, 0, 1, 0
69776, 0, 1, 1, 0, 0, 0
34182, 2, 0, 0, 0, 1, 1
69778, 1, 1, 1, 0, 1, 0
69779, 1, 2, 2, 0, 1, 0
69780, 0, 2, 2, 0, 0, 0
69781, 3, 1, 1, 0, 3, 0
34196, 1, 1, 0, 1, 1, 0
34201, 10, 0, 0, 0, 8, 2
34203, 0, 2, 2, 0, 0, 0
34204, 0, 1, 1, 0, 0, 0
34205, 0, 1, 0, 1, 0, 0
69788, 0, 1, 0, 1, 0, 0
34209, 0, 1, 1, 0, 0, 0
34210, 1, 0, 0, 0, 1, 0
34211, 4, 0, 0, 0, 4, 0
34212, 0, 1, 1, 0, 0, 0
34224, 1, 0, 0, 0, 1, 0
34225, 1, 0, 0, 0, 1, 0
34226, 2, 0, 0, 0, 2, 0
34227, 27, 0, 0, 0, 9, 18
34229, 0, 1, 1, 0, 0, 0
59389, 2, 2, 2, 0, 2, 0
34235, 9, 0, 0, 0, 8, 1
62929, 0, 1, 1, 0, 0, 0
69791, 0, 1, 1, 0, 0, 0
34408, 0, 1, 1, 0, 0, 0
46004, 0, 1, 1, 0, 0, 0
46005, 0, 1, 1, 0, 0, 0
34271, 4, 0, 0, 0, 1, 3
67908, 0, 4, 2, 2, 0, 0
69797, 0, 1, 1, 0, 0, 0
69799, 0, 1, 1, 0, 0, 0
49411, 0, 1, 1, 0, 0, 0
49413, 0, 2, 2, 0, 0, 0
49415, 4, 1, 1, 0, 4, 0
49417, 0, 2, 2, 0, 0, 0
49420, 5, 2, 1, 1, 4, 1
49421, 0, 2, 2, 0, 0, 0
49424, 0, 1, 0, 1, 0, 0
49425, 0, 1, 0, 1, 0, 0
49426, 0, 1, 0, 1, 0, 0
69800, 5, 1, 1, 0, 3, 2
34317, 1, 1, 1, 0, 1, 0
34320, 0, 1, 1, 0, 0, 0
34324, 0, 1, 0, 1, 0, 0
69801, 0, 1, 1, 0, 0, 0
34327, 1, 0, 0, 0, 1, 0
34328, 1, 0, 0, 0, 1, 0
69802, 0, 1, 1, 0, 0, 0
69803, 0, 1, 0, 1, 0, 0
66154, 5, 1, 1, 0, 4, 1
68907, 0, 1, 1, 0, 0, 0
34342, 14, 0, 0, 0, 13, 1
35778, 4, 1, 1, 0, 4, 0
35779, 0, 1, 1, 0, 0, 0
35782, 1, 1, 1, 0, 1, 0
35784, 0, 1, 1, 0, 0, 0
34348, 0, 1, 1, 0, 0, 0
62883, 2, 2, 2, 0, 2, 0
69804, 0, 1, 1, 0, 0, 0
69806, 0, 1, 1, 0, 0, 0
69807, 0, 1, 1, 0, 0, 0
34354, 6, 0, 0, 0, 5, 1
50386, 0, 1, 1, 0, 0, 0
69808, 0, 1, 1, 0, 0, 0
34380, 1, 0, 0, 0, 1, 0
34381, 1, 0, 0, 0, 1, 0
60487, 26, 1, 1, 0, 19, 7
34386, 1, 0, 0, 0, 1, 0
34389, 12, 0, 0, 0, 10, 2
34391, 0, 1, 1, 0, 0, 0
69809, 0, 1, 1, 0, 0, 0
60995, 0, 3, 3, 0, 0, 0
69810, 0, 1, 1, 0, 0, 0
69811, 1, 1, 1, 0, 1, 0
34411, 5, 0, 0, 0, 4, 1
34412, 0, 4, 4, 0, 0, 0
34413, 6, 0, 0, 0, 5, 1
34414, 1, 0, 0, 0, 1, 0
34416, 1, 0, 0, 0, 1, 0
34426, 1, 1, 1, 0, 1, 0
34427, 0, 1, 1, 0, 0, 0
34430, 0, 1, 1, 0, 0, 0
34431, 0, 1, 1, 0, 0, 0
34432, 0, 1, 0, 1, 0, 0
34437, 10, 0, 0, 0, 8, 2
34438, 4, 0, 0, 0, 4, 0
34439, 1, 0, 0, 0, 1, 0
34443, 0, 1, 0, 1, 0, 0
34445, 1, 0, 0, 0, 1, 0
34448, 1, 0, 0, 0, 1, 0
34449, 5, 0, 0, 0, 5, 0
34451, 1, 0, 0, 0, 1, 0
34454, 1, 1, 1, 0, 1, 0
34455, 1, 1, 1, 0, 1, 0
34456, 0, 1, 1, 0, 0, 0
34457, 1, 1, 1, 0, 1, 0
34458, 0, 1, 1, 0, 0, 0
69821, 0, 1, 1, 0, 0, 0
51304, 0, 2, 2, 0, 0, 0
54174, 18, 3, 3, 0, 18, 0
69822, 0, 1, 1, 0, 0, 0
69823, 0, 2, 2, 0, 0, 0
69824, 0, 1, 1, 0, 0, 0
69825, 1, 2, 2, 0, 1, 0
69826, 0, 1, 1, 0, 0, 0
69827, 0, 1, 1, 0, 0, 0
69828, 3, 1, 1, 0, 3, 0
59582, 13, 1, 0, 1, 12, 1
69831, 0, 1, 1, 0, 0, 0
69832, 2, 1, 1, 0, 1, 1
63483, 0, 3, 3, 0, 0, 0
69833, 3, 2, 2, 0, 3, 0
34492, 10, 0, 0, 0, 6, 4
34493, 4, 0, 0, 0, 4, 0
34494, 3, 0, 0, 0, 1, 2
34497, 1, 0, 0, 0, 1, 0
34498, 2, 0, 0, 0, 2, 0
34499, 13, 0, 0, 0, 13, 0
34500, 4, 0, 0, 0, 2, 2
34502, 1, 0, 0, 0, 1, 0
34504, 1, 0, 0, 0, 1, 0
34507, 5, 1, 1, 0, 5, 0
34508, 0, 2, 2, 0, 0, 0
34511, 0, 3, 3, 0, 0, 0
69836, 0, 1, 1, 0, 0, 0
34524, 2, 0, 0, 0, 2, 0
34526, 0, 1, 1, 0, 0, 0
34528, 2, 1, 1, 0, 2, 0
34529, 0, 1, 1, 0, 0, 0
69839, 0, 1, 1, 0, 0, 0
69840, 0, 1, 1, 0, 0, 0
62416, 0, 1, 1, 0, 0, 0
62417, 0, 1, 1, 0, 0, 0
62418, 9, 3, 3, 0, 6, 3
62419, 0, 2, 2, 0, 0, 0
34537, 1, 0, 0, 0, 1, 0
38698, 0, 1, 1, 0, 0, 0
69841, 1, 1, 1, 0, 0, 1
69842, 0, 1, 0, 1, 0, 0
69843, 0, 1, 0, 1, 0, 0
34560, 1, 0, 0, 0, 1, 0
34561, 3, 0, 0, 0, 3, 0
34562, 3, 0, 0, 0, 1, 2
34566, 1, 0, 0, 0, 1, 0
69845, 0, 1, 1, 0, 0, 0
44118, 2, 1, 1, 0, 2, 0
62465, 34, 1, 0, 1, 21, 13
62663, 7, 1, 1, 0, 6, 1
62664, 0, 1, 1, 0, 0, 0
62665, 2, 1, 1, 0, 2, 0
62666, 1, 1, 1, 0, 0, 1
62667, 0, 1, 1, 0, 0, 0
62668, 0, 2, 2, 0, 0, 0
62669, 0, 1, 1, 0, 0, 0
62670, 4, 2, 2, 0, 4, 0
62671, 0, 1, 1, 0, 0, 0
62674, 16, 1, 0, 1, 7, 9
62676, 0, 1, 0, 1, 0, 0
62677, 5, 2, 1, 1, 4, 1
62678, 1, 1, 0, 1, 1, 0
62679, 0, 1, 0, 1, 0, 0
62680, 0, 1, 0, 1, 0, 0
62681, 0, 1, 0, 1, 0, 0
62682, 0, 2, 1, 1, 0, 0
46152, 5, 1, 1, 0, 5, 0
34607, 7, 0, 0, 0, 7, 0
34608, 1, 0, 0, 0, 1, 0
54631, 18, 2, 2, 0, 17, 1
63916, 0, 1, 1, 0, 0, 0
63917, 2, 1, 1, 0, 2, 0
34618, 1, 1, 1, 0, 1, 0
34619, 17, 0, 0, 0, 8, 9
69303, 0, 1, 1, 0, 0, 0
69304, 0, 1, 1, 0, 0, 0
69305, 0, 1, 1, 0, 0, 0
69853, 0, 2, 2, 0, 0, 0
69044, 1, 2, 1, 1, 1, 0
34651, 3, 0, 0, 0, 3, 0
34652, 1, 0, 0, 0, 1, 0
69854, 0, 1, 1, 0, 0, 0
34668, 0, 2, 2, 0, 0, 0
34669, 0, 1, 1, 0, 0, 0
34670, 0, 1, 1, 0, 0, 0
34671, 0, 1, 1, 0, 0, 0
34672, 0, 1, 1, 0, 0, 0
34673, 0, 1, 1, 0, 0, 0
34674, 0, 3, 3, 0, 0, 0
34676, 0, 1, 1, 0, 0, 0
34679, 12, 0, 0, 0, 12, 0
34680, 1, 0, 0, 0, 1, 0
69860, 1, 1, 1, 0, 1, 0
69861, 1, 2, 2, 0, 1, 0
34694, 0, 2, 2, 0, 0, 0
56977, 2, 2, 2, 0, 2, 0
69862, 1, 2, 2, 0, 1, 0
42091, 1, 1, 1, 0, 1, 0
42092, 0, 1, 1, 0, 0, 0
34711, 0, 1, 0, 1, 0, 0
34712, 7, 0, 0, 0, 3, 4
34713, 1, 0, 0, 0, 1, 0
69864, 1, 1, 1, 0, 1, 0
69865, 0, 1, 1, 0, 0, 0
55660, 0, 1, 1, 0, 0, 0
34732, 0, 1, 0, 1, 0, 0
34733, 0, 1, 0, 1, 0, 0
34739, 13, 1, 0, 1, 2, 11
64408, 1, 1, 1, 0, 1, 0
50185, 0, 1, 1, 0, 0, 0
50186, 2, 1, 1, 0, 2, 0
50188, 0, 1, 1, 0, 0, 0
50189, 0, 1, 1, 0, 0, 0
50190, 0, 1, 1, 0, 0, 0
50191, 0, 1, 1, 0, 0, 0
34744, 3, 0, 0, 0, 3, 0
34747, 1, 0, 0, 0, 1, 0
34748, 1, 0, 0, 0, 1, 0
34749, 4, 0, 0, 0, 4, 0
34750, 6, 0, 0, 0, 6, 0
69866, 0, 1, 1, 0, 0, 0
58067, 0, 1, 0, 1, 0, 0
65134, 0, 2, 2, 0, 0, 0
34770, 8, 0, 0, 0, 5, 3
34773, 0, 1, 1, 0, 0, 0
34775, 7, 1, 1, 0, 6, 1
34776, 0, 1, 0, 1, 0, 0
68677, 0, 3, 3, 0, 0, 0
65740, 0, 1, 1, 0, 0, 0
69872, 1, 1, 1, 0, 1, 0
65548, 0, 1, 0, 1, 0, 0
69873, 1, 2, 2, 0, 1, 0
69874, 2, 2, 2, 0, 2, 0
34826, 1, 0, 0, 0, 1, 0
69875, 0, 4, 4, 0, 0, 0
69876, 2, 1, 1, 0, 2, 0
66722, 0, 2, 2, 0, 0, 0
66723, 0, 1, 1, 0, 0, 0
66724, 0, 1, 0, 1, 0, 0
65978, 0, 3, 3, 0, 0, 0
69877, 1, 1, 1, 0, 1, 0
69878, 0, 1, 1, 0, 0, 0
34859, 2, 0, 0, 0, 1, 1
34861, 0, 1, 1, 0, 0, 0
34862, 1, 2, 2, 0, 1, 0
62173, 11, 2, 1, 1, 11, 0
34866, 2, 0, 0, 0, 2, 0
34868, 5, 0, 0, 0, 5, 0
34869, 4, 0, 0, 0, 1, 3
34871, 15, 1, 1, 0, 13, 2
34872, 1, 1, 1, 0, 0, 1
34873, 1, 1, 1, 0, 1, 0
34874, 10, 0, 0, 0, 7, 3
34875, 2, 0, 0, 0, 2, 0
34876, 3, 3, 3, 0, 3, 0
69879, 0, 1, 1, 0, 0, 0
69880, 2, 2, 2, 0, 2, 0
69881, 2, 2, 2, 0, 2, 0
34878, 0, 1, 0, 1, 0, 0
34880, 1, 0, 0, 0, 1, 0
34882, 11, 0, 0, 0, 11, 0
34883, 0, 1, 1, 0, 0, 0
34885, 0, 1, 1, 0, 0, 0
36318, 0, 2, 2, 0, 0, 0
69882, 0, 1, 1, 0, 0, 0
34886, 1, 0, 0, 0, 1, 0
69883, 0, 5, 5, 0, 0, 0
69302, 10, 1, 0, 1, 2, 8
34891, 17, 0, 0, 0, 10, 7
34892, 20, 0, 0, 0, 16, 4
34893, 0, 1, 1, 0, 0, 0
34894, 0, 1, 1, 0, 0, 0
34895, 0, 1, 0, 1, 0, 0
34896, 5, 1, 1, 0, 5, 0
34897, 10, 1, 1, 0, 7, 3
69884, 0, 1, 1, 0, 0, 0
69885, 1, 1, 1, 0, 1, 0
68052, 0, 1, 1, 0, 0, 0
67022, 0, 3, 2, 1, 0, 0
67023, 0, 1, 1, 0, 0, 0
34950, 1, 0, 0, 0, 1, 0
34954, 1, 1, 1, 0, 1, 0
34956, 1, 0, 0, 0, 1, 0
34958, 1, 0, 0, 0, 1, 0
34959, 8, 0, 0, 0, 6, 2
34960, 1, 0, 0, 0, 1, 0
34961, 3, 1, 1, 0, 3, 0
34962, 1, 1, 1, 0, 1, 0
34963, 1, 0, 0, 0, 1, 0
34973, 2, 0, 0, 0, 2, 0
69411, 0, 2, 2, 0, 0, 0
69412, 0, 1, 1, 0, 0, 0
69413, 49, 1, 1, 0, 11, 38
34976, 2, 0, 0, 0, 1, 1
34977, 1, 1, 0, 1, 1, 0
37659, 0, 1, 1, 0, 0, 0
34981, 3, 0, 0, 0, 3, 0
34985, 1, 0, 0, 0, 1, 0
34988, 0, 1, 0, 1, 0, 0
69899, 0, 1, 0, 1, 0, 0
35946, 7, 5, 5, 0, 7, 0
68063, 0, 5, 5, 0, 0, 0
69900, 0, 1, 1, 0, 0, 0
69901, 0, 3, 3, 0, 0, 0
35001, 24, 0, 0, 0, 23, 1
35002, 0, 2, 2, 0, 0, 0
35004, 2, 0, 0, 0, 2, 0
35005, 9, 0, 0, 0, 9, 0
35008, 1, 0, 0, 0, 1, 0
67576, 0, 1, 1, 0, 0, 0
35013, 17, 1, 1, 0, 17, 0
35014, 1, 1, 1, 0, 1, 0
35015, 0, 1, 1, 0, 0, 0
69903, 0, 1, 1, 0, 0, 0
35022, 1, 0, 0, 0, 1, 0
35026, 0, 1, 1, 0, 0, 0
35027, 5, 0, 0, 0, 5, 0
35028, 0, 1, 1, 0, 0, 0
35029, 3, 0, 0, 0, 3, 0
35030, 2, 0, 0, 0, 2, 0
35031, 1, 0, 0, 0, 1, 0
35032, 1, 0, 0, 0, 1, 0
35033, 1, 0, 0, 0, 1, 0
69913, 1, 1, 0, 1, 0, 1
35039, 1, 0, 0, 0, 1, 0
35041, 1, 0, 0, 0, 1, 0
38392, 0, 1, 1, 0, 0, 0
38393, 0, 1, 1, 0, 0, 0
69914, 0, 1, 1, 0, 0, 0
69915, 0, 1, 1, 0, 0, 0
69916, 0, 1, 1, 0, 0, 0
35059, 2, 0, 0, 0, 2, 0
35061, 2, 0, 0, 0, 1, 1
63043, 0, 1, 1, 0, 0, 0
63044, 0, 1, 1, 0, 0, 0
69919, 0, 2, 2, 0, 0, 0
69920, 0, 1, 1, 0, 0, 0
69921, 0, 2, 2, 0, 0, 0
69924, 0, 2, 2, 0, 0, 0
69925, 0, 1, 1, 0, 0, 0
69926, 0, 1, 1, 0, 0, 0
69927, 3, 2, 2, 0, 3, 0
66763, 0, 1, 1, 0, 0, 0
46999, 0, 2, 2, 0, 0, 0
69928, 0, 1, 1, 0, 0, 0
69929, 0, 1, 1, 0, 0, 0
69930, 0, 1, 1, 0, 0, 0
69931, 0, 1, 1, 0, 0, 0
69932, 0, 1, 1, 0, 0, 0
69933, 0, 1, 1, 0, 0, 0
69934, 32, 2, 1, 1, 4, 28
35124, 2, 0, 0, 0, 2, 0
69935, 1, 1, 1, 0, 1, 0
69936, 0, 1, 1, 0, 0, 0
49390, 0, 1, 0, 1, 0, 0
66258, 0, 1, 0, 1, 0, 0
69937, 1, 2, 2, 0, 1, 0
69938, 0, 2, 2, 0, 0, 0
69939, 0, 1, 1, 0, 0, 0
35176, 0, 2, 0, 2, 0, 0
35180, 4, 0, 0, 0, 3, 1
35186, 1, 0, 0, 0, 1, 0
35189, 5, 0, 0, 0, 3, 2
35190, 10, 0, 0, 0, 10, 0
35191, 0, 1, 1, 0, 0, 0
35201, 2, 0, 0, 0, 2, 0
35202, 6, 0, 0, 0, 5, 1
35206, 0, 2, 2, 0, 0, 0
35207, 0, 2, 2, 0, 0, 0
35210, 5, 0, 0, 0, 3, 2
35211, 4, 0, 0, 0, 4, 0
49373, 0, 1, 1, 0, 0, 0
35227, 1, 0, 0, 0, 1, 0
35228, 2, 0, 0, 0, 2, 0
35229, 13, 0, 0, 0, 7, 6
35230, 0, 4, 4, 0, 0, 0
55372, 1, 1, 1, 0, 1, 0
55373, 0, 1, 1, 0, 0, 0
69941, 0, 1, 1, 0, 0, 0
57976, 0, 1, 1, 0, 0, 0
57977, 0, 1, 1, 0, 0, 0
69942, 0, 1, 1, 0, 0, 0
55179, 7, 1, 1, 0, 6, 1
55180, 0, 1, 1, 0, 0, 0
55181, 0, 1, 1, 0, 0, 0
55182, 0, 4, 4, 0, 0, 0
35257, 1, 0, 0, 0, 1, 0
35260, 2, 0, 0, 0, 2, 0
35261, 11, 1, 1, 0, 11, 0
35262, 1, 1, 1, 0, 1, 0
35267, 1, 1, 1, 0, 1, 0
35268, 1, 0, 0, 0, 1, 0
35270, 3, 1, 1, 0, 3, 0
69951, 1, 1, 1, 0, 1, 0
65425, 1, 1, 1, 0, 1, 0
35280, 1, 0, 0, 0, 1, 0
35282, 3, 0, 0, 0, 3, 0
35283, 1, 0, 0, 0, 1, 0
35290, 1, 0, 0, 0, 1, 0
35291, 1, 0, 0, 0, 1, 0
69953, 0, 1, 1, 0, 0, 0
69961, 1, 1, 0, 1, 0, 1
45234, 0, 2, 2, 0, 0, 0
69962, 0, 1, 1, 0, 0, 0
69963, 1, 2, 2, 0, 1, 0
66839, 0, 1, 1, 0, 0, 0
35326, 11, 0, 0, 0, 8, 3
35327, 0, 1, 1, 0, 0, 0
35329, 1, 0, 0, 0, 1, 0
35331, 3, 0, 0, 0, 2, 1
35332, 0, 1, 1, 0, 0, 0
69964, 1, 1, 1, 0, 1, 0
69965, 1, 1, 1, 0, 1, 0
69966, 1, 1, 1, 0, 1, 0
69967, 0, 1, 1, 0, 0, 0
35364, 5, 0, 0, 0, 5, 0
35368, 4, 0, 0, 0, 1, 3
35369, 7, 0, 0, 0, 6, 1
35370, 4, 0, 0, 0, 4, 0
35371, 1, 0, 0, 0, 1, 0
35372, 3, 0, 0, 0, 3, 0
35373, 0, 1, 1, 0, 0, 0
35374, 3, 0, 0, 0, 3, 0
35378, 0, 1, 1, 0, 0, 0
35379, 3, 0, 0, 0, 3, 0
35380, 2, 2, 2, 0, 2, 0
35381, 0, 1, 1, 0, 0, 0
69848, 16, 1, 1, 0, 15, 1
35383, 2, 0, 0, 0, 2, 0
35387, 1, 0, 0, 0, 1, 0
35389, 14, 2, 1, 1, 14, 0
35400, 5, 0, 0, 0, 5, 0
35404, 7, 1, 1, 0, 7, 0
41670, 0, 1, 1, 0, 0, 0
41671, 0, 1, 1, 0, 0, 0
41672, 0, 1, 1, 0, 0, 0
41673, 0, 1, 1, 0, 0, 0
41674, 0, 1, 1, 0, 0, 0
41675, 0, 1, 1, 0, 0, 0
41676, 0, 1, 1, 0, 0, 0
41677, 0, 1, 1, 0, 0, 0
69279, 0, 2, 0, 2, 0, 0
69971, 0, 1, 0, 1, 0, 0
69972, 0, 1, 0, 1, 0, 0
69973, 0, 1, 0, 1, 0, 0
69974, 0, 1, 0, 1, 0, 0
69975, 0, 1, 0, 1, 0, 0
69976, 0, 2, 1, 1, 0, 0
69977, 1, 2, 1, 1, 1, 0
69978, 0, 1, 0, 1, 0, 0
69979, 0, 1, 0, 1, 0, 0
69980, 0, 1, 0, 1, 0, 0
69981, 0, 1, 0, 1, 0, 0
69982, 0, 1, 0, 1, 0, 0
69983, 0, 1, 0, 1, 0, 0
69984, 0, 1, 0, 1, 0, 0
69985, 0, 1, 0, 1, 0, 0
69986, 0, 1, 0, 1, 0, 0
69987, 0, 1, 0, 1, 0, 0
69988, 0, 1, 0, 1, 0, 0
69989, 0, 1, 0, 1, 0, 0
69990, 0, 1, 0, 1, 0, 0
69991, 0, 1, 0, 1, 0, 0
69992, 0, 1, 0, 1, 0, 0
69993, 0, 1, 0, 1, 0, 0
69994, 0, 1, 0, 1, 0, 0
69995, 0, 1, 0, 1, 0, 0
69996, 0, 1, 0, 1, 0, 0
35412, 3, 0, 0, 0, 3, 0
35418, 2, 0, 0, 0, 2, 0
35420, 8, 0, 0, 0, 7, 1
35423, 1, 0, 0, 0, 1, 0
35424, 23, 0, 0, 0, 20, 3
35911, 0, 1, 1, 0, 0, 0
35912, 0, 2, 0, 2, 0, 0
69999, 0, 1, 0, 1, 0, 0
69958, 0, 1, 1, 0, 0, 0
35436, 1, 0, 0, 0, 1, 0
70002, 0, 3, 3, 0, 0, 0
70003, 0, 2, 1, 1, 0, 0
35462, 2, 1, 1, 0, 2, 0
70004, 0, 1, 1, 0, 0, 0
70005, 1, 1, 1, 0, 1, 0
66419, 0, 1, 1, 0, 0, 0
55905, 1, 1, 0, 1, 0, 1
70006, 0, 1, 1, 0, 0, 0
62390, 17, 2, 1, 1, 16, 1
66309, 1, 1, 1, 0, 1, 0
35515, 2, 0, 0, 0, 2, 0
35516, 4, 1, 1, 0, 4, 0
35517, 1, 1, 1, 0, 1, 0
35518, 0, 1, 1, 0, 0, 0
35519, 1, 0, 0, 0, 1, 0
58446, 0, 1, 1, 0, 0, 0
35526, 4, 0, 0, 0, 3, 1
65652, 0, 2, 0, 2, 0, 0
59172, 2, 3, 1, 2, 2, 0
69033, 0, 1, 1, 0, 0, 0
35544, 3, 0, 0, 0, 3, 0
35545, 1, 0, 0, 0, 1, 0
35547, 2, 0, 0, 0, 1, 1
70027, 0, 1, 1, 0, 0, 0
63312, 0, 1, 0, 1, 0, 0
63313, 0, 1, 0, 1, 0, 0
63314, 2, 2, 1, 1, 1, 1
63315, 0, 1, 0, 1, 0, 0
35557, 0, 1, 1, 0, 0, 0
35558, 1, 2, 2, 0, 1, 0
70028, 11, 1, 1, 0, 10, 1
35563, 0, 2, 2, 0, 0, 0
35569, 1, 0, 0, 0, 1, 0
35570, 4, 0, 0, 0, 4, 0
64362, 0, 2, 2, 0, 0, 0
64363, 1, 2, 2, 0, 1, 0
35584, 20, 1, 1, 0, 6, 14
35585, 3, 2, 2, 0, 3, 0
35587, 10, 0, 0, 0, 9, 1
35588, 1, 0, 0, 0, 1, 0
35590, 0, 3, 3, 0, 0, 0
35591, 0, 1, 1, 0, 0, 0
66968, 1, 1, 1, 0, 1, 0
35606, 4, 0, 0, 0, 3, 1
35607, 1, 1, 0, 1, 1, 0
35608, 3, 0, 0, 0, 3, 0
35609, 18, 0, 0, 0, 17, 1
35611, 0, 1, 1, 0, 0, 0
35613, 0, 1, 0, 1, 0, 0
35614, 2, 0, 0, 0, 2, 0
35617, 3, 0, 0, 0, 2, 1
70030, 0, 1, 0, 1, 0, 0
35624, 0, 1, 1, 0, 0, 0
35628, 0, 1, 0, 1, 0, 0
35629, 1, 0, 0, 0, 1, 0
35630, 1, 0, 0, 0, 1, 0
70031, 1, 1, 1, 0, 1, 0
70032, 0, 1, 1, 0, 0, 0
70033, 0, 1, 1, 0, 0, 0
70034, 0, 1, 1, 0, 0, 0
70035, 0, 1, 1, 0, 0, 0
35645, 1, 1, 1, 0, 1, 0
70036, 0, 1, 1, 0, 0, 0
70037, 4, 1, 1, 0, 4, 0
35653, 3, 0, 0, 0, 3, 0
70040, 0, 2, 2, 0, 0, 0
70041, 0, 1, 1, 0, 0, 0
70042, 0, 1, 0, 1, 0, 0
70043, 0, 4, 4, 0, 0, 0
35674, 1, 0, 0, 0, 1, 0
35675, 5, 0, 0, 0, 5, 0
35677, 11, 0, 0, 0, 10, 1
35678, 1, 0, 0, 0, 1, 0
35680, 0, 1, 1, 0, 0, 0
35681, 2, 0, 0, 0, 2, 0
35683, 13, 0, 0, 0, 6, 7
35685, 1, 0, 0, 0, 1, 0
35686, 2, 1, 1, 0, 2, 0
35688, 11, 0, 0, 0, 8, 3
69021, 0, 1, 1, 0, 0, 0
69022, 0, 1, 1, 0, 0, 0
56275, 10, 2, 2, 0, 9, 1
70047, 1, 1, 1, 0, 1, 0
43902, 1, 1, 1, 0, 1, 0
70048, 0, 1, 1, 0, 0, 0
68795, 0, 2, 2, 0, 0, 0
35711, 1, 0, 0, 0, 1, 0
35712, 7, 0, 0, 0, 6, 1
69271, 9, 2, 2, 0, 8, 1
54706, 0, 1, 1, 0, 0, 0
54707, 0, 1, 0, 1, 0, 0
54708, 3, 2, 1, 1, 3, 0
35913, 0, 1, 1, 0, 0, 0
35717, 2, 0, 0, 0, 2, 0
35720, 2, 0, 0, 0, 2, 0
35721, 3, 2, 2, 0, 3, 0
35722, 2, 1, 1, 0, 1, 1
35723, 0, 1, 1, 0, 0, 0
35728, 1, 1, 1, 0, 1, 0
35729, 5, 1, 1, 0, 5, 0
70058, 0, 1, 1, 0, 0, 0
35732, 1, 1, 1, 0, 1, 0
35733, 0, 1, 1, 0, 0, 0
69124, 0, 2, 2, 0, 0, 0
70062, 0, 1, 1, 0, 0, 0
70063, 2, 2, 2, 0, 2, 0
35744, 1, 1, 1, 0, 1, 0
69377, 0, 1, 1, 0, 0, 0
35754, 1, 0, 0, 0, 1, 0
35755, 1, 0, 0, 0, 1, 0
35756, 3, 0, 0, 0, 3, 0
35757, 1, 0, 0, 0, 1, 0
35759, 1, 0, 0, 0, 1, 0
35760, 39, 0, 0, 0, 25, 14
35765, 0, 1, 1, 0, 0, 0
35766, 29, 1, 0, 1, 23, 6
35768, 0, 1, 1, 0, 0, 0
70071, 3, 1, 1, 0, 3, 0
70074, 0, 1, 1, 0, 0, 0
35785, 1, 0, 0, 0, 1, 0
70075, 0, 1, 1, 0, 0, 0
69405, 3, 1, 1, 0, 3, 0
65875, 2, 1, 1, 0, 2, 0
65876, 0, 1, 0, 1, 0, 0
35807, 1, 0, 0, 0, 1, 0
35808, 1, 0, 0, 0, 1, 0
35809, 1, 0, 0, 0, 1, 0
35810, 2, 0, 0, 0, 2, 0
35814, 0, 2, 1, 1, 0, 0
35817, 5, 0, 0, 0, 5, 0
35818, 0, 2, 2, 0, 0, 0
35819, 0, 3, 3, 0, 0, 0
35821, 1, 0, 0, 0, 1, 0
35822, 1, 0, 0, 0, 1, 0
35823, 2, 0, 0, 0, 2, 0
70077, 0, 1, 1, 0, 0, 0
35832, 1, 0, 0, 0, 1, 0
35834, 0, 1, 1, 0, 0, 0
35847, 3, 1, 1, 0, 3, 0
35848, 1, 1, 1, 0, 1, 0
35849, 2, 1, 1, 0, 2, 0
35850, 3, 0, 0, 0, 3, 0
35851, 1, 0, 0, 0, 1, 0
35854, 5, 0, 0, 0, 3, 2
35855, 0, 1, 1, 0, 0, 0
35862, 0, 1, 1, 0, 0, 0
35867, 0, 1, 1, 0, 0, 0
69819, 0, 1, 1, 0, 0, 0
70084, 0, 1, 1, 0, 0, 0
70085, 0, 1, 1, 0, 0, 0
70086, 0, 1, 1, 0, 0, 0
35884, 2, 0, 0, 0, 2, 0
35885, 1, 0, 0, 0, 1, 0
35889, 14, 0, 0, 0, 11, 3
35891, 0, 1, 1, 0, 0, 0
35892, 0, 1, 1, 0, 0, 0
35893, 0, 1, 0, 1, 0, 0
35902, 16, 0, 0, 0, 16, 0
55390, 2, 1, 1, 0, 2, 0
69461, 2, 2, 2, 0, 1, 1
69462, 1, 1, 1, 0, 1, 0
35915, 3, 0, 0, 0, 1, 2
35916, 0, 1, 0, 1, 0, 0
35917, 0, 1, 0, 1, 0, 0
35922, 1, 0, 0, 0, 1, 0
35923, 12, 0, 0, 0, 11, 1
35926, 0, 1, 1, 0, 0, 0
70101, 1, 1, 0, 1, 0, 1
62926, 0, 1, 1, 0, 0, 0
62927, 0, 1, 1, 0, 0, 0
68141, 0, 1, 1, 0, 0, 0
68142, 0, 1, 0, 1, 0, 0
68143, 0, 1, 0, 1, 0, 0
68144, 0, 1, 0, 1, 0, 0
68145, 0, 3, 2, 1, 0, 0
68146, 0, 1, 0, 1, 0, 0
68147, 0, 1, 0, 1, 0, 0
68148, 1, 1, 0, 1, 1, 0
68149, 0, 1, 0, 1, 0, 0
68150, 1, 1, 0, 1, 1, 0
70102, 1, 1, 1, 0, 1, 0
70103, 2, 1, 1, 0, 2, 0
63423, 3, 1, 1, 0, 3, 0
63424, 0, 1, 0, 1, 0, 0
35944, 1, 0, 0, 0, 1, 0
35945, 4, 0, 0, 0, 4, 0
35950, 2, 1, 1, 0, 2, 0
35951, 3, 0, 0, 0, 3, 0
35960, 1, 0, 0, 0, 1, 0
63358, 0, 1, 1, 0, 0, 0
63359, 0, 1, 1, 0, 0, 0
35964, 3, 0, 0, 0, 1, 2
35965, 4, 0, 0, 0, 4, 0
35969, 0, 1, 1, 0, 0, 0
35971, 0, 1, 1, 0, 0, 0
35974, 1, 1, 1, 0, 0, 1
44002, 4, 1, 1, 0, 4, 0
35978, 2, 0, 0, 0, 2, 0
35979, 2, 0, 0, 0, 2, 0
35981, 0, 1, 1, 0, 0, 0
35982, 4, 0, 0, 0, 4, 0
35983, 1, 0, 0, 0, 1, 0
35989, 1, 0, 0, 0, 1, 0
68898, 27, 1, 1, 0, 16, 11
35996, 2, 0, 0, 0, 2, 0
35997, 1, 0, 0, 0, 1, 0
35999, 0, 2, 2, 0, 0, 0
36000, 0, 1, 1, 0, 0, 0
36001, 3, 1, 1, 0, 2, 1
36002, 0, 2, 2, 0, 0, 0
70123, 0, 2, 1, 1, 0, 0
70124, 1, 1, 1, 0, 1, 0
70125, 6, 1, 1, 0, 0, 6
36009, 1, 0, 0, 0, 1, 0
62008, 0, 1, 1, 0, 0, 0
62009, 1, 2, 2, 0, 1, 0
62010, 0, 1, 1, 0, 0, 0
36011, 10, 0, 0, 0, 10, 0
70126, 1, 1, 1, 0, 1, 0
36020, 2, 0, 0, 0, 1, 1
36021, 7, 0, 0, 0, 4, 3
36025, 2, 1, 1, 0, 2, 0
70127, 0, 1, 0, 1, 0, 0
36036, 1, 0, 0, 0, 1, 0
36037, 2, 1, 1, 0, 2, 0
36038, 1, 0, 0, 0, 1, 0
36039, 11, 1, 1, 0, 6, 5
36040, 2, 1, 1, 0, 2, 0
69481, 0, 2, 2, 0, 0, 0
70128, 1, 1, 1, 0, 1, 0
44496, 2, 2, 2, 0, 2, 0
70136, 0, 2, 0, 2, 0, 0
70155, 0, 2, 1, 1, 0, 0
67195, 0, 1, 1, 0, 0, 0
67196, 1, 1, 1, 0, 1, 0
63708, 0, 1, 1, 0, 0, 0
63709, 0, 1, 1, 0, 0, 0
50385, 5, 1, 1, 0, 5, 0
70156, 0, 1, 1, 0, 0, 0
70157, 3, 2, 2, 0, 3, 0
70158, 2, 2, 2, 0, 2, 0
66505, 0, 1, 0, 1, 0, 0
66506, 0, 1, 0, 1, 0, 0
65728, 0, 3, 2, 1, 0, 0
70254, 1, 1, 1, 0, 1, 0
44088, 0, 1, 1, 0, 0, 0
44578, 0, 1, 1, 0, 0, 0
44579, 1, 1, 1, 0, 1, 0
44580, 1, 1, 1, 0, 1, 0
44581, 1, 1, 1, 0, 1, 0
65142, 0, 3, 3, 0, 0, 0
54188, 1, 1, 1, 0, 1, 0
59356, 0, 1, 1, 0, 0, 0
59357, 5, 3, 3, 0, 5, 0
59358, 0, 1, 1, 0, 0, 0
59359, 1, 1, 1, 0, 1, 0
59360, 0, 1, 1, 0, 0, 0
59432, 0, 1, 1, 0, 0, 0
46300, 0, 2, 1, 1, 0, 0
65699, 0, 1, 1, 0, 0, 0
54295, 0, 1, 1, 0, 0, 0
45675, 0, 1, 1, 0, 0, 0
70421, 0, 1, 1, 0, 0, 0
63725, 0, 1, 1, 0, 0, 0
50822, 0, 1, 1, 0, 0, 0
68355, 1, 1, 1, 0, 1, 0
60384, 0, 1, 1, 0, 0, 0
54494, 0, 1, 1, 0, 0, 0
54495, 0, 1, 1, 0, 0, 0
54496, 0, 1, 1, 0, 0, 0
70422, 0, 1, 1, 0, 0, 0
69192, 0, 1, 1, 0, 0, 0
69193, 0, 1, 1, 0, 0, 0
43840, 27, 2, 2, 0, 26, 1
51728, 0, 2, 2, 0, 0, 0
70423, 0, 1, 1, 0, 0, 0
44898, 3, 1, 1, 0, 3, 0
70424, 0, 1, 1, 0, 0, 0
70425, 0, 1, 1, 0, 0, 0
70426, 3, 1, 1, 0, 2, 1
52015, 0, 1, 1, 0, 0, 0
54218, 0, 1, 1, 0, 0, 0
54219, 0, 1, 1, 0, 0, 0
70427, 0, 1, 1, 0, 0, 0
70428, 1, 1, 1, 0, 1, 0
70284, 18, 1, 1, 0, 10, 8
64348, 0, 1, 1, 0, 0, 0
64349, 3, 3, 2, 1, 3, 0
59418, 0, 1, 1, 0, 0, 0
59419, 2, 1, 1, 0, 2, 0
59420, 0, 1, 1, 0, 0, 0
59421, 6, 1, 0, 1, 6, 0
65738, 1, 2, 2, 0, 1, 0
70457, 0, 1, 1, 0, 0, 0
70458, 0, 2, 2, 0, 0, 0
67179, 0, 2, 2, 0, 0, 0
69079, 0, 1, 1, 0, 0, 0
70635, 0, 2, 2, 0, 0, 0
54709, 4, 1, 1, 0, 2, 2
54711, 7, 1, 1, 0, 4, 3
54712, 2, 1, 1, 0, 2, 0
54713, 0, 1, 1, 0, 0, 0
54714, 0, 1, 1, 0, 0, 0
54715, 0, 1, 1, 0, 0, 0
54716, 3, 1, 0, 1, 0, 3
54717, 0, 1, 0, 1, 0, 0
64507, 0, 1, 1, 0, 0, 0
64508, 0, 1, 1, 0, 0, 0
64509, 0, 1, 1, 0, 0, 0
64510, 0, 1, 1, 0, 0, 0
64511, 0, 1, 0, 1, 0, 0
64512, 0, 1, 0, 1, 0, 0
64513, 0, 1, 0, 1, 0, 0
64514, 0, 1, 0, 1, 0, 0
64515, 0, 1, 0, 1, 0, 0
64516, 0, 1, 0, 1, 0, 0
68517, 0, 3, 1, 2, 0, 0
68610, 0, 1, 1, 0, 0, 0
67941, 0, 1, 1, 0, 0, 0
67953, 0, 1, 1, 0, 0, 0
67954, 0, 1, 1, 0, 0, 0
44730, 1, 2, 2, 0, 1, 0
69017, 0, 2, 1, 1, 0, 0
67901, 0, 1, 1, 0, 0, 0
67902, 0, 1, 1, 0, 0, 0
67903, 3, 2, 1, 1, 0, 3
70639, 0, 1, 1, 0, 0, 0
62925, 0, 1, 1, 0, 0, 0
54266, 0, 1, 1, 0, 0, 0
68093, 5, 3, 3, 0, 5, 0
68094, 0, 4, 4, 0, 0, 0
70395, 8, 2, 2, 0, 8, 0
70665, 0, 1, 1, 0, 0, 0
70666, 1, 1, 1, 0, 1, 0
70668, 0, 1, 1, 0, 0, 0
70690, 1, 2, 2, 0, 0, 1
70691, 2, 1, 1, 0, 1, 1
70692, 0, 2, 2, 0, 0, 0
70693, 0, 2, 2, 0, 0, 0
36316, 1, 1, 1, 0, 1, 0
36319, 3, 2, 2, 0, 3, 0
36320, 2, 2, 2, 0, 2, 0
36322, 0, 2, 2, 0, 0, 0
36323, 0, 1, 1, 0, 0, 0
36324, 1, 2, 1, 1, 1, 0
36332, 0, 1, 1, 0, 0, 0
36334, 0, 2, 0, 2, 0, 0
70700, 2, 1, 1, 0, 2, 0
70701, 0, 2, 2, 0, 0, 0
70702, 0, 1, 1, 0, 0, 0
70703, 0, 1, 1, 0, 0, 0
54353, 2, 2, 2, 0, 2, 0
59390, 0, 1, 1, 0, 0, 0
59391, 0, 1, 1, 0, 0, 0
59392, 0, 2, 2, 0, 0, 0
59393, 0, 1, 1, 0, 0, 0
59394, 0, 1, 1, 0, 0, 0
59395, 0, 1, 1, 0, 0, 0
59396, 0, 1, 1, 0, 0, 0
70704, 3, 1, 1, 0, 3, 0
70705, 0, 1, 1, 0, 0, 0
36365, 0, 2, 2, 0, 0, 0
36366, 0, 1, 1, 0, 0, 0
36368, 0, 1, 1, 0, 0, 0
36370, 0, 1, 1, 0, 0, 0
38734, 0, 3, 3, 0, 0, 0
44369, 1, 1, 1, 0, 0, 1
44370, 0, 1, 1, 0, 0, 0
44372, 0, 1, 1, 0, 0, 0
36400, 0, 1, 1, 0, 0, 0
36402, 0, 1, 0, 1, 0, 0
70709, 0, 1, 1, 0, 0, 0
60944, 0, 1, 1, 0, 0, 0
60945, 0, 1, 1, 0, 0, 0
60946, 0, 1, 0, 1, 0, 0
70710, 0, 1, 1, 0, 0, 0
54601, 1, 1, 1, 0, 1, 0
54602, 4, 1, 1, 0, 4, 0
54603, 1, 2, 2, 0, 1, 0
62915, 0, 3, 3, 0, 0, 0
70712, 0, 1, 1, 0, 0, 0
55281, 0, 1, 1, 0, 0, 0
70713, 0, 1, 1, 0, 0, 0
36443, 0, 1, 1, 0, 0, 0
36444, 0, 1, 1, 0, 0, 0
36447, 0, 1, 1, 0, 0, 0
36453, 0, 1, 1, 0, 0, 0
36454, 0, 1, 1, 0, 0, 0
36455, 0, 1, 1, 0, 0, 0
36457, 5, 1, 0, 1, 1, 4
36459, 0, 1, 0, 1, 0, 0
68152, 1, 1, 1, 0, 1, 0
66041, 0, 1, 1, 0, 0, 0
66042, 0, 1, 1, 0, 0, 0
66043, 1, 1, 1, 0, 1, 0
70714, 0, 1, 1, 0, 0, 0
70715, 0, 1, 1, 0, 0, 0
36460, 15, 1, 0, 1, 9, 6
36461, 1, 1, 1, 0, 1, 0
36462, 0, 5, 5, 0, 0, 0
36463, 0, 1, 1, 0, 0, 0
36465, 0, 2, 1, 1, 0, 0
64882, 0, 1, 1, 0, 0, 0
44112, 0, 1, 1, 0, 0, 0
44114, 1, 1, 1, 0, 1, 0
54394, 0, 2, 2, 0, 0, 0
54395, 2, 2, 2, 0, 2, 0
54396, 0, 1, 1, 0, 0, 0
69073, 0, 2, 2, 0, 0, 0
69074, 0, 3, 3, 0, 0, 0
69075, 0, 3, 3, 0, 0, 0
69076, 0, 1, 1, 0, 0, 0
69077, 7, 3, 3, 0, 7, 0
70718, 0, 1, 1, 0, 0, 0
70719, 0, 1, 1, 0, 0, 0
70720, 0, 1, 1, 0, 0, 0
69829, 0, 1, 1, 0, 0, 0
69830, 0, 1, 0, 1, 0, 0
70721, 0, 1, 1, 0, 0, 0
70722, 0, 1, 1, 0, 0, 0
44214, 0, 1, 1, 0, 0, 0
44215, 0, 1, 1, 0, 0, 0
36569, 0, 1, 1, 0, 0, 0
42495, 1, 1, 1, 0, 0, 1
42496, 1, 1, 1, 0, 0, 1
70728, 0, 1, 1, 0, 0, 0
70729, 1, 1, 1, 0, 1, 0
70730, 0, 1, 1, 0, 0, 0
70731, 0, 1, 1, 0, 0, 0
38578, 13, 1, 0, 1, 13, 0
62626, 0, 2, 1, 1, 0, 0
66432, 11, 1, 0, 1, 11, 0
66889, 8, 1, 0, 1, 6, 2
67180, 14, 1, 0, 1, 9, 5
70734, 0, 2, 1, 1, 0, 0
70735, 0, 1, 0, 1, 0, 0
70736, 2, 1, 0, 1, 2, 0
70737, 0, 1, 0, 1, 0, 0
70738, 0, 1, 0, 1, 0, 0
70739, 0, 2, 1, 1, 0, 0
70740, 0, 1, 0, 1, 0, 0
70741, 0, 1, 0, 1, 0, 0
70742, 0, 1, 0, 1, 0, 0
44648, 0, 1, 1, 0, 0, 0
55528, 0, 1, 1, 0, 0, 0
61501, 0, 2, 2, 0, 0, 0
70743, 1, 2, 2, 0, 1, 0
44896, 1, 1, 1, 0, 1, 0
70744, 1, 1, 1, 0, 1, 0
70745, 0, 1, 1, 0, 0, 0
70746, 1, 1, 1, 0, 1, 0
48841, 1, 1, 1, 0, 0, 1
48842, 0, 1, 1, 0, 0, 0
70455, 0, 1, 1, 0, 0, 0
70456, 1, 1, 1, 0, 1, 0
58475, 0, 2, 2, 0, 0, 0
67900, 7, 1, 1, 0, 7, 0
43790, 2, 2, 2, 0, 2, 0
55132, 6, 1, 1, 0, 6, 0
43057, 0, 2, 2, 0, 0, 0
64797, 0, 2, 2, 0, 0, 0
70747, 0, 1, 1, 0, 0, 0
69383, 0, 1, 1, 0, 0, 0
69384, 0, 1, 1, 0, 0, 0
69385, 0, 1, 1, 0, 0, 0
44345, 0, 1, 1, 0, 0, 0
64630, 0, 1, 1, 0, 0, 0
43633, 0, 1, 1, 0, 0, 0
43634, 2, 1, 1, 0, 2, 0
56764, 1, 1, 1, 0, 0, 1
56765, 0, 1, 1, 0, 0, 0
62988, 0, 1, 1, 0, 0, 0
47030, 16, 1, 0, 1, 11, 5
46997, 0, 1, 1, 0, 0, 0
47000, 0, 2, 2, 0, 0, 0
62096, 0, 1, 1, 0, 0, 0
62097, 0, 1, 1, 0, 0, 0
70749, 1, 1, 0, 1, 0, 1
70750, 0, 1, 1, 0, 0, 0
70751, 0, 1, 1, 0, 0, 0
70752, 0, 1, 1, 0, 0, 0
70282, 0, 1, 0, 1, 0, 0
55492, 1, 1, 1, 0, 1, 0
55020, 0, 1, 0, 1, 0, 0
70789, 0, 1, 0, 1, 0, 0
45044, 0, 3, 3, 0, 0, 0
45045, 0, 1, 1, 0, 0, 0
43226, 0, 1, 1, 0, 0, 0
43227, 0, 1, 1, 0, 0, 0
43228, 0, 1, 1, 0, 0, 0
43229, 0, 1, 1, 0, 0, 0
70790, 0, 1, 1, 0, 0, 0
70791, 0, 1, 1, 0, 0, 0
70792, 0, 1, 1, 0, 0, 0
70793, 0, 1, 0, 1, 0, 0
70794, 0, 1, 0, 1, 0, 0
70795, 0, 1, 0, 1, 0, 0
70796, 0, 1, 0, 1, 0, 0
70797, 0, 1, 0, 1, 0, 0
70798, 0, 1, 0, 1, 0, 0
70799, 0, 1, 0, 1, 0, 0
70800, 0, 1, 0, 1, 0, 0
70801, 0, 1, 0, 1, 0, 0
70802, 0, 1, 0, 1, 0, 0
70803, 0, 1, 0, 1, 0, 0
70804, 0, 1, 0, 1, 0, 0
70805, 0, 1, 0, 1, 0, 0
55426, 0, 1, 1, 0, 0, 0
70450, 0, 3, 3, 0, 0, 0
70817, 0, 1, 1, 0, 0, 0
39056, 0, 1, 1, 0, 0, 0
66537, 1, 1, 1, 0, 1, 0
69667, 0, 2, 2, 0, 0, 0
68599, 0, 1, 1, 0, 0, 0
63964, 0, 2, 2, 0, 0, 0
63965, 0, 1, 1, 0, 0, 0
63966, 1, 1, 1, 0, 0, 1
63967, 0, 1, 1, 0, 0, 0
63968, 0, 2, 2, 0, 0, 0
58139, 0, 3, 3, 0, 0, 0
44187, 0, 2, 2, 0, 0, 0
36834, 10, 0, 0, 0, 10, 0
36846, 8, 0, 0, 0, 7, 1
70830, 0, 1, 0, 1, 0, 0
70831, 1, 1, 1, 0, 1, 0
70832, 1, 1, 1, 0, 1, 0
70833, 0, 1, 1, 0, 0, 0
54959, 1, 2, 2, 0, 1, 0
54960, 0, 1, 1, 0, 0, 0
54961, 0, 1, 1, 0, 0, 0
68881, 0, 1, 1, 0, 0, 0
68882, 0, 1, 1, 0, 0, 0
70835, 0, 1, 0, 1, 0, 0
70843, 0, 1, 1, 0, 0, 0
70844, 0, 1, 1, 0, 0, 0
70845, 0, 1, 1, 0, 0, 0
70846, 1, 1, 1, 0, 1, 0
70847, 1, 1, 1, 0, 1, 0
70848, 2, 1, 1, 0, 2, 0
70849, 2, 2, 2, 0, 2, 0
70850, 4, 2, 2, 0, 4, 0
70851, 0, 2, 2, 0, 0, 0
36901, 14, 1, 1, 0, 14, 0
68820, 0, 1, 1, 0, 0, 0
63294, 5, 1, 1, 0, 5, 0
70852, 0, 1, 1, 0, 0, 0
62458, 1, 1, 1, 0, 1, 0
41506, 0, 2, 2, 0, 0, 0
70853, 1, 1, 1, 0, 1, 0
70854, 2, 2, 2, 0, 2, 0
70855, 2, 2, 2, 0, 2, 0
70856, 0, 1, 1, 0, 0, 0
69444, 0, 1, 1, 0, 0, 0
69445, 0, 1, 1, 0, 0, 0
69446, 1, 1, 1, 0, 1, 0
69447, 0, 1, 1, 0, 0, 0
55470, 1, 2, 2, 0, 1, 0
70857, 3, 2, 2, 0, 3, 0
70858, 0, 1, 1, 0, 0, 0
67392, 1, 1, 1, 0, 1, 0
67393, 0, 1, 1, 0, 0, 0
67394, 0, 1, 1, 0, 0, 0
70859, 2, 2, 1, 1, 2, 0
70860, 0, 3, 3, 0, 0, 0
70861, 1, 1, 0, 1, 1, 0
70862, 0, 2, 2, 0, 0, 0
70863, 0, 1, 1, 0, 0, 0
42030, 0, 1, 1, 0, 0, 0
42032, 0, 1, 1, 0, 0, 0
42033, 3, 1, 1, 0, 3, 0
70130, 0, 2, 2, 0, 0, 0
70864, 3, 1, 0, 1, 3, 0
37095, 0, 1, 0, 1, 0, 0
70865, 0, 1, 1, 0, 0, 0
70866, 0, 1, 1, 0, 0, 0
64118, 0, 1, 1, 0, 0, 0
37110, 0, 1, 1, 0, 0, 0
70867, 0, 2, 2, 0, 0, 0
70868, 0, 2, 2, 0, 0, 0
70869, 0, 1, 1, 0, 0, 0
70870, 0, 1, 1, 0, 0, 0
70871, 0, 1, 1, 0, 0, 0
70872, 2, 1, 1, 0, 2, 0
70873, 0, 1, 1, 0, 0, 0
70874, 0, 1, 1, 0, 0, 0
70875, 0, 1, 1, 0, 0, 0
70594, 0, 1, 0, 1, 0, 0
70595, 0, 1, 0, 1, 0, 0
70876, 0, 4, 4, 0, 0, 0
70877, 1, 1, 1, 0, 1, 0
58683, 0, 1, 1, 0, 0, 0
58684, 1, 1, 1, 0, 1, 0
58685, 0, 1, 1, 0, 0, 0
58686, 0, 1, 1, 0, 0, 0
58688, 0, 1, 1, 0, 0, 0
58689, 0, 1, 1, 0, 0, 0
67697, 4, 1, 1, 0, 4, 0
70878, 0, 1, 0, 1, 0, 0
37171, 3, 0, 0, 0, 3, 0
70880, 0, 1, 1, 0, 0, 0
70881, 1, 1, 1, 0, 1, 0
70882, 0, 2, 2, 0, 0, 0
70883, 0, 1, 1, 0, 0, 0
70884, 0, 1, 0, 1, 0, 0
41597, 0, 1, 1, 0, 0, 0
41599, 0, 1, 0, 1, 0, 0
55139, 0, 1, 0, 1, 0, 0
70885, 0, 1, 1, 0, 0, 0
37210, 4, 2, 2, 0, 4, 0
37211, 0, 1, 1, 0, 0, 0
37213, 0, 1, 0, 1, 0, 0
70886, 1, 1, 1, 0, 1, 0
70887, 1, 1, 1, 0, 1, 0
70888, 0, 1, 1, 0, 0, 0
38470, 11, 1, 1, 0, 11, 0
70889, 0, 1, 1, 0, 0, 0
70890, 0, 1, 1, 0, 0, 0
70891, 0, 1, 1, 0, 0, 0
55739, 9, 1, 1, 0, 9, 0
70892, 0, 1, 1, 0, 0, 0
70893, 0, 1, 1, 0, 0, 0
70894, 1, 1, 1, 0, 1, 0
70895, 0, 1, 1, 0, 0, 0
37284, 20, 0, 0, 0, 20, 0
37285, 0, 2, 2, 0, 0, 0
37287, 2, 0, 0, 0, 2, 0
70896, 0, 1, 1, 0, 0, 0
63287, 2, 1, 1, 0, 2, 0
63288, 4, 1, 0, 1, 4, 0
60997, 0, 2, 2, 0, 0, 0
60998, 3, 1, 1, 0, 3, 0
37303, 4, 1, 0, 1, 3, 1
37304, 1, 1, 1, 0, 0, 1
70908, 0, 1, 1, 0, 0, 0
70909, 1, 1, 1, 0, 1, 0
37331, 0, 1, 1, 0, 0, 0
37332, 3, 1, 1, 0, 3, 0
70910, 0, 1, 1, 0, 0, 0
52110, 0, 2, 1, 1, 0, 0
61581, 0, 1, 1, 0, 0, 0
61582, 1, 2, 2, 0, 1, 0
61583, 0, 1, 0, 1, 0, 0
70912, 0, 1, 1, 0, 0, 0
69186, 0, 1, 0, 1, 0, 0
70913, 1, 1, 1, 0, 1, 0
70914, 0, 2, 2, 0, 0, 0
70915, 5, 1, 1, 0, 4, 1
66851, 3, 1, 1, 0, 3, 0
66852, 0, 1, 0, 1, 0, 0
66853, 0, 1, 0, 1, 0, 0
66854, 0, 1, 0, 1, 0, 0
66855, 0, 1, 0, 1, 0, 0
70916, 1, 2, 2, 0, 1, 0
70917, 0, 1, 0, 1, 0, 0
44152, 1, 1, 1, 0, 1, 0
44153, 1, 1, 1, 0, 1, 0
44154, 0, 1, 1, 0, 0, 0
70918, 0, 1, 1, 0, 0, 0
37420, 26, 0, 0, 0, 23, 3
66239, 0, 2, 1, 1, 0, 0
70922, 0, 1, 1, 0, 0, 0
54073, 0, 1, 0, 1, 0, 0
37470, 93, 0, 0, 0, 81, 12
37472, 0, 1, 1, 0, 0, 0
37473, 0, 1, 1, 0, 0, 0
37477, 0, 1, 1, 0, 0, 0
37480, 1, 1, 0, 1, 1, 0
66611, 0, 1, 0, 1, 0, 0
70928, 0, 1, 1, 0, 0, 0
67113, 0, 1, 1, 0, 0, 0
67114, 0, 2, 2, 0, 0, 0
70929, 0, 1, 1, 0, 0, 0
66080, 6, 1, 1, 0, 6, 0
70933, 1, 1, 1, 0, 1, 0
64552, 0, 1, 1, 0, 0, 0
64553, 1, 1, 1, 0, 0, 1
70934, 0, 1, 1, 0, 0, 0
70935, 0, 1, 1, 0, 0, 0
70937, 0, 1, 1, 0, 0, 0
67021, 9, 2, 1, 1, 8, 1
70948, 1, 1, 1, 0, 1, 0
63087, 3, 2, 2, 0, 3, 0
65366, 2, 2, 2, 0, 2, 0
65367, 0, 2, 2, 0, 0, 0
62260, 0, 2, 2, 0, 0, 0
71015, 0, 1, 1, 0, 0, 0
71016, 0, 1, 1, 0, 0, 0
54269, 0, 1, 1, 0, 0, 0
54270, 5, 1, 1, 0, 4, 1
54271, 0, 1, 1, 0, 0, 0
69655, 2, 2, 2, 0, 2, 0
71121, 0, 1, 1, 0, 0, 0
71125, 2, 1, 1, 0, 1, 1
71217, 2, 2, 2, 0, 2, 0
71218, 3, 3, 3, 0, 3, 0
71055, 8, 1, 1, 0, 3, 5
71219, 0, 1, 1, 0, 0, 0
71220, 0, 1, 1, 0, 0, 0
43824, 1, 1, 1, 0, 1, 0
64920, 0, 1, 1, 0, 0, 0
71230, 0, 1, 1, 0, 0, 0
71233, 1, 1, 1, 0, 1, 0
71234, 7, 1, 1, 0, 7, 0
37662, 10, 0, 0, 0, 9, 1
71235, 0, 1, 1, 0, 0, 0
71236, 0, 1, 0, 1, 0, 0
71237, 0, 1, 1, 0, 0, 0
71238, 1, 1, 1, 0, 1, 0
56792, 0, 1, 1, 0, 0, 0
56793, 0, 1, 0, 1, 0, 0
56794, 1, 1, 0, 1, 1, 0
71240, 0, 2, 2, 0, 0, 0
66644, 0, 1, 1, 0, 0, 0
65490, 0, 1, 1, 0, 0, 0
65491, 0, 1, 1, 0, 0, 0
65492, 0, 1, 1, 0, 0, 0
64728, 0, 1, 1, 0, 0, 0
64729, 0, 1, 1, 0, 0, 0
64730, 1, 1, 0, 1, 0, 1
66046, 4, 2, 2, 0, 4, 0
71241, 5, 1, 1, 0, 5, 0
71242, 0, 1, 1, 0, 0, 0
71243, 5, 1, 0, 1, 5, 0
71244, 0, 2, 2, 0, 0, 0
55381, 0, 1, 1, 0, 0, 0
64343, 0, 1, 1, 0, 0, 0
64344, 0, 1, 1, 0, 0, 0
71245, 0, 1, 1, 0, 0, 0
71246, 1, 1, 1, 0, 1, 0
71247, 0, 2, 2, 0, 0, 0
71248, 1, 1, 1, 0, 1, 0
71249, 1, 1, 1, 0, 1, 0
71250, 0, 1, 1, 0, 0, 0
71251, 1, 1, 1, 0, 1, 0
71252, 3, 1, 1, 0, 3, 0
55469, 0, 1, 1, 0, 0, 0
71253, 0, 2, 2, 0, 0, 0
71254, 0, 1, 1, 0, 0, 0
37783, 1, 0, 0, 0, 1, 0
71266, 0, 1, 0, 1, 0, 0
71000, 3, 2, 2, 0, 3, 0
62281, 1, 1, 1, 0, 1, 0
71269, 0, 1, 1, 0, 0, 0
71270, 0, 1, 1, 0, 0, 0
71271, 0, 1, 1, 0, 0, 0
71272, 0, 1, 1, 0, 0, 0
71273, 0, 1, 1, 0, 0, 0
71274, 0, 1, 1, 0, 0, 0
37836, 22, 0, 0, 0, 11, 11
71300, 1, 1, 1, 0, 1, 0
69844, 0, 1, 0, 1, 0, 0
62019, 0, 1, 1, 0, 0, 0
37880, 0, 1, 1, 0, 0, 0
52715, 1, 1, 1, 0, 0, 1
37891, 0, 1, 1, 0, 0, 0
37892, 0, 1, 0, 1, 0, 0
70651, 0, 1, 1, 0, 0, 0
71301, 0, 1, 1, 0, 0, 0
71302, 0, 2, 2, 0, 0, 0
71303, 0, 1, 1, 0, 0, 0
37917, 1, 0, 0, 0, 1, 0
37972, 0, 1, 1, 0, 0, 0
37980, 0, 1, 0, 1, 0, 0
37981, 3, 1, 0, 1, 3, 0
37936, 11, 0, 0, 0, 11, 0
37937, 0, 1, 1, 0, 0, 0
37938, 0, 1, 1, 0, 0, 0
55299, 3, 1, 1, 0, 3, 0
65602, 6, 2, 2, 0, 2, 4
65603, 0, 1, 1, 0, 0, 0
65604, 0, 1, 0, 1, 0, 0
67887, 0, 1, 1, 0, 0, 0
67888, 0, 1, 1, 0, 0, 0
71304, 1, 1, 1, 0, 1, 0
71305, 1, 2, 2, 0, 1, 0
71306, 1, 1, 1, 0, 1, 0
71307, 1, 1, 1, 0, 1, 0
71308, 0, 1, 0, 1, 0, 0
37984, 1, 1, 1, 0, 1, 0
37986, 11, 1, 1, 0, 11, 0
37987, 0, 2, 2, 0, 0, 0
37990, 0, 1, 1, 0, 0, 0
71309, 0, 1, 1, 0, 0, 0
60050, 0, 2, 2, 0, 0, 0
66335, 6, 1, 1, 0, 6, 0
62539, 0, 1, 1, 0, 0, 0
62540, 0, 1, 1, 0, 0, 0
44063, 0, 1, 1, 0, 0, 0
44064, 0, 1, 1, 0, 0, 0
66074, 4, 2, 1, 1, 4, 0
66095, 0, 1, 0, 1, 0, 0
71311, 0, 1, 0, 1, 0, 0
71312, 0, 1, 1, 0, 0, 0
71313, 0, 1, 1, 0, 0, 0
44093, 0, 1, 1, 0, 0, 0
64281, 0, 1, 1, 0, 0, 0
64282, 0, 2, 0, 2, 0, 0
46284, 0, 2, 1, 1, 0, 0
71314, 0, 1, 0, 1, 0, 0
71315, 0, 1, 0, 1, 0, 0
48087, 0, 6, 6, 0, 0, 0
71319, 1, 1, 1, 0, 1, 0
71320, 0, 1, 0, 1, 0, 0
67673, 0, 2, 2, 0, 0, 0
71350, 0, 1, 1, 0, 0, 0
65077, 0, 1, 1, 0, 0, 0
65078, 0, 1, 1, 0, 0, 0
65079, 2, 2, 2, 0, 2, 0
65080, 0, 1, 1, 0, 0, 0
65081, 0, 1, 1, 0, 0, 0
65082, 0, 1, 1, 0, 0, 0
62318, 0, 1, 1, 0, 0, 0
62319, 1, 1, 1, 0, 1, 0
71353, 0, 1, 0, 1, 0, 0
71354, 0, 1, 1, 0, 0, 0
68166, 0, 1, 1, 0, 0, 0
71239, 3, 1, 1, 0, 3, 0
38493, 1, 1, 1, 0, 1, 0
71360, 0, 1, 1, 0, 0, 0
65224, 0, 1, 1, 0, 0, 0
54516, 10, 1, 1, 0, 10, 0
68361, 3, 3, 1, 2, 3, 0
68362, 0, 1, 1, 0, 0, 0
70372, 0, 1, 1, 0, 0, 0
70373, 0, 1, 1, 0, 0, 0
70374, 0, 1, 1, 0, 0, 0
38317, 0, 1, 1, 0, 0, 0
38318, 1, 3, 3, 0, 0, 1
52164, 0, 1, 1, 0, 0, 0
52165, 0, 1, 1, 0, 0, 0
52166, 0, 1, 1, 0, 0, 0
54652, 0, 2, 2, 0, 0, 0
71372, 0, 1, 1, 0, 0, 0
71373, 4, 1, 0, 1, 0, 4
71374, 0, 1, 1, 0, 0, 0
71375, 0, 1, 1, 0, 0, 0
65083, 0, 1, 1, 0, 0, 0
67767, 3, 1, 1, 0, 3, 0
71379, 6, 1, 1, 0, 6, 0
66859, 0, 1, 1, 0, 0, 0
58212, 0, 1, 1, 0, 0, 0
71385, 0, 1, 1, 0, 0, 0
69603, 0, 2, 1, 1, 0, 0
71386, 0, 2, 2, 0, 0, 0
70315, 0, 1, 1, 0, 0, 0
70316, 0, 1, 0, 1, 0, 0
54320, 3, 1, 1, 0, 3, 0
54321, 4, 3, 3, 0, 4, 0
54322, 0, 3, 3, 0, 0, 0
54323, 3, 2, 2, 0, 2, 1
71387, 2, 2, 2, 0, 2, 0
71388, 1, 1, 1, 0, 1, 0
71390, 0, 1, 0, 1, 0, 0
71391, 0, 1, 1, 0, 0, 0
71393, 16, 1, 1, 0, 5, 11
67106, 0, 1, 1, 0, 0, 0
67107, 0, 3, 3, 0, 0, 0
38242, 1, 0, 0, 0, 1, 0
71394, 1, 1, 1, 0, 1, 0
71395, 0, 1, 1, 0, 0, 0
71396, 0, 1, 1, 0, 0, 0
70347, 0, 1, 1, 0, 0, 0
38287, 2, 0, 0, 0, 2, 0
45175, 2, 2, 2, 0, 2, 0
66981, 0, 1, 1, 0, 0, 0
38316, 2, 0, 0, 0, 2, 0
66090, 4, 1, 1, 0, 4, 0
68715, 0, 1, 1, 0, 0, 0
55176, 8, 1, 1, 0, 8, 0
55177, 0, 1, 1, 0, 0, 0
71403, 0, 1, 1, 0, 0, 0
38350, 1, 0, 0, 0, 1, 0
38353, 1, 0, 0, 0, 1, 0
38358, 1, 0, 0, 0, 1, 0
38359, 2, 0, 0, 0, 1, 1
67545, 2, 1, 0, 1, 2, 0
71405, 2, 1, 1, 0, 2, 0
71406, 1, 1, 1, 0, 1, 0
38370, 4, 1, 0, 1, 4, 0
68836, 4, 1, 1, 0, 1, 3
71408, 1, 2, 2, 0, 1, 0
71409, 0, 1, 0, 1, 0, 0
71410, 0, 1, 0, 1, 0, 0
71411, 0, 1, 0, 1, 0, 0
71412, 0, 1, 0, 1, 0, 0
71413, 3, 1, 1, 0, 3, 0
71414, 0, 2, 2, 0, 0, 0
66050, 0, 1, 1, 0, 0, 0
66051, 0, 1, 1, 0, 0, 0
66052, 0, 1, 1, 0, 0, 0
38399, 22, 0, 0, 0, 22, 0
68072, 1, 1, 1, 0, 1, 0
71419, 0, 2, 2, 0, 0, 0
71420, 0, 1, 1, 0, 0, 0
64403, 43, 1, 1, 0, 43, 0
68399, 4, 2, 2, 0, 4, 0
69210, 6, 1, 1, 0, 6, 0
64803, 0, 1, 0, 1, 0, 0
38454, 22, 0, 0, 0, 15, 7
38459, 0, 1, 1, 0, 0, 0
38460, 0, 1, 0, 1, 0, 0
38463, 3, 0, 0, 0, 3, 0
38487, 2, 0, 0, 0, 2, 0
38494, 2, 0, 0, 0, 2, 0
38495, 2, 0, 0, 0, 2, 0
71435, 0, 1, 1, 0, 0, 0
71436, 0, 1, 1, 0, 0, 0
71437, 2, 1, 1, 0, 1, 1
39192, 6, 1, 1, 0, 6, 0
71438, 0, 1, 1, 0, 0, 0
38535, 3, 0, 0, 0, 2, 1
38536, 0, 1, 0, 1, 0, 0
71442, 0, 1, 1, 0, 0, 0
71443, 1, 1, 1, 0, 0, 1
71447, 0, 1, 1, 0, 0, 0
71448, 0, 1, 0, 1, 0, 0
67830, 0, 4, 4, 0, 0, 0
71449, 1, 1, 1, 0, 1, 0
38579, 0, 1, 1, 0, 0, 0
38580, 0, 1, 1, 0, 0, 0
38581, 6, 0, 0, 0, 6, 0
67756, 0, 1, 1, 0, 0, 0
71450, 0, 1, 0, 1, 0, 0
66647, 3, 1, 1, 0, 3, 0
71416, 0, 1, 1, 0, 0, 0
46158, 0, 3, 3, 0, 0, 0
64806, 1, 1, 1, 0, 1, 0
64807, 0, 1, 1, 0, 0, 0
54310, 0, 2, 2, 0, 0, 0
54313, 0, 1, 1, 0, 0, 0
70286, 1, 1, 1, 0, 1, 0
70287, 0, 1, 1, 0, 0, 0
70288, 0, 1, 1, 0, 0, 0
55440, 0, 1, 1, 0, 0, 0
71453, 0, 1, 0, 1, 0, 0
71454, 0, 1, 1, 0, 0, 0
63545, 0, 1, 1, 0, 0, 0
63547, 0, 1, 1, 0, 0, 0
63549, 3, 1, 0, 1, 2, 1
71457, 0, 1, 1, 0, 0, 0
71458, 0, 1, 1, 0, 0, 0
71459, 0, 1, 1, 0, 0, 0
55577, 0, 2, 1, 1, 0, 0
65144, 0, 1, 0, 1, 0, 0
65145, 0, 1, 0, 1, 0, 0
65146, 1, 1, 0, 1, 1, 0
71460, 0, 1, 1, 0, 0, 0
71461, 1, 1, 1, 0, 1, 0
71462, 0, 1, 1, 0, 0, 0
71463, 1, 1, 1, 0, 0, 1
71464, 1, 1, 1, 0, 1, 0
69381, 0, 1, 1, 0, 0, 0
45832, 0, 1, 1, 0, 0, 0
45834, 0, 2, 1, 1, 0, 0
45835, 0, 1, 1, 0, 0, 0
45840, 0, 1, 1, 0, 0, 0
45842, 0, 1, 1, 0, 0, 0
61237, 0, 1, 1, 0, 0, 0
61238, 0, 1, 1, 0, 0, 0
61239, 0, 1, 1, 0, 0, 0
71467, 1, 1, 1, 0, 1, 0
70723, 0, 2, 2, 0, 0, 0
71468, 1, 1, 1, 0, 1, 0
71469, 1, 1, 1, 0, 1, 0
69403, 0, 2, 2, 0, 0, 0
41508, 0, 1, 1, 0, 0, 0
38732, 7, 0, 0, 0, 7, 0
38733, 0, 1, 1, 0, 0, 0
54448, 2, 2, 2, 0, 2, 0
64383, 0, 1, 1, 0, 0, 0
64384, 0, 1, 1, 0, 0, 0
64385, 0, 1, 1, 0, 0, 0
64386, 0, 1, 1, 0, 0, 0
64166, 0, 2, 2, 0, 0, 0
64167, 0, 1, 0, 1, 0, 0
66833, 4, 2, 2, 0, 4, 0
71478, 0, 1, 1, 0, 0, 0
71479, 0, 1, 0, 1, 0, 0
38767, 30, 1, 1, 0, 26, 4
38768, 0, 1, 1, 0, 0, 0
38771, 0, 1, 1, 0, 0, 0
38772, 0, 1, 1, 0, 0, 0
71480, 0, 1, 1, 0, 0, 0
71481, 0, 2, 2, 0, 0, 0
71482, 2, 2, 2, 0, 2, 0
71483, 3, 1, 1, 0, 3, 0
61303, 0, 1, 1, 0, 0, 0
61304, 0, 1, 1, 0, 0, 0
66291, 0, 1, 1, 0, 0, 0
66292, 4, 3, 3, 0, 4, 0
66293, 3, 3, 3, 0, 3, 0
38776, 1, 0, 0, 0, 1, 0
44320, 2, 2, 2, 0, 2, 0
54433, 21, 1, 1, 0, 21, 0
71489, 1, 1, 1, 0, 1, 0
71490, 1, 1, 1, 0, 1, 0
71491, 0, 1, 1, 0, 0, 0
71492, 0, 1, 0, 1, 0, 0
66463, 3, 1, 1, 0, 2, 1
61473, 0, 1, 1, 0, 0, 0
62874, 0, 1, 1, 0, 0, 0
62875, 0, 1, 1, 0, 0, 0
62876, 0, 1, 1, 0, 0, 0
62877, 0, 1, 1, 0, 0, 0
62878, 0, 1, 1, 0, 0, 0
62879, 0, 4, 4, 0, 0, 0
62880, 1, 1, 0, 1, 1, 0
62881, 0, 1, 0, 1, 0, 0
59957, 0, 2, 2, 0, 0, 0
59958, 0, 1, 1, 0, 0, 0
59959, 0, 1, 0, 1, 0, 0
71493, 0, 1, 1, 0, 0, 0
71494, 1, 2, 2, 0, 1, 0
71495, 1, 1, 1, 0, 1, 0
71496, 2, 1, 1, 0, 2, 0
71497, 1, 1, 1, 0, 1, 0
71498, 0, 1, 0, 1, 0, 0
62648, 0, 1, 1, 0, 0, 0
62649, 0, 1, 1, 0, 0, 0
71500, 0, 1, 1, 0, 0, 0
71501, 0, 1, 1, 0, 0, 0
71502, 0, 2, 2, 0, 0, 0
71503, 0, 1, 1, 0, 0, 0
71504, 0, 1, 1, 0, 0, 0
71505, 1, 1, 1, 0, 1, 0
71506, 0, 2, 2, 0, 0, 0
71507, 2, 1, 0, 1, 0, 2
44003, 3, 1, 1, 0, 3, 0
44004, 0, 1, 1, 0, 0, 0
38858, 1, 1, 1, 0, 1, 0
38859, 6, 1, 1, 0, 6, 0
71514, 0, 1, 1, 0, 0, 0
38861, 0, 1, 1, 0, 0, 0
71518, 0, 2, 2, 0, 0, 0
71519, 2, 1, 1, 0, 2, 0
68601, 0, 1, 1, 0, 0, 0
58357, 0, 1, 1, 0, 0, 0
58358, 0, 1, 0, 1, 0, 0
58359, 0, 2, 1, 1, 0, 0
38891, 6, 2, 2, 0, 6, 0
71533, 0, 1, 1, 0, 0, 0
71534, 3, 3, 3, 0, 3, 0
71535, 0, 1, 1, 0, 0, 0
68135, 0, 1, 0, 1, 0, 0
68137, 0, 1, 0, 1, 0, 0
68138, 0, 1, 0, 1, 0, 0
68139, 0, 1, 0, 1, 0, 0
61542, 2, 2, 2, 0, 2, 0
61543, 5, 3, 3, 0, 3, 2
71537, 1, 2, 2, 0, 1, 0
71538, 0, 1, 1, 0, 0, 0
71279, 0, 1, 1, 0, 0, 0
71545, 0, 1, 1, 0, 0, 0
71546, 0, 2, 2, 0, 0, 0
71547, 6, 3, 2, 1, 6, 0
38934, 1, 2, 2, 0, 1, 0
71549, 0, 1, 1, 0, 0, 0
38939, 0, 1, 1, 0, 0, 0
38941, 1, 0, 0, 0, 1, 0
69176, 1, 1, 1, 0, 1, 0
69177, 1, 1, 0, 1, 0, 1
71552, 0, 1, 1, 0, 0, 0
67563, 2, 1, 1, 0, 2, 0
67564, 1, 1, 1, 0, 1, 0
67565, 0, 2, 2, 0, 0, 0
70376, 0, 1, 1, 0, 0, 0
71553, 0, 2, 2, 0, 0, 0
71554, 0, 1, 0, 1, 0, 0
70383, 8, 1, 1, 0, 8, 0
71555, 0, 1, 1, 0, 0, 0
71556, 0, 2, 2, 0, 0, 0
66548, 2, 1, 0, 1, 0, 2
66549, 0, 1, 0, 1, 0, 0
66550, 0, 1, 0, 1, 0, 0
71557, 0, 1, 1, 0, 0, 0
71559, 0, 1, 0, 1, 0, 0
71560, 2, 1, 1, 0, 2, 0
71561, 0, 1, 1, 0, 0, 0
41907, 0, 1, 1, 0, 0, 0
71562, 1, 1, 1, 0, 1, 0
71563, 0, 1, 1, 0, 0, 0
39031, 1, 0, 0, 0, 1, 0
66800, 0, 1, 1, 0, 0, 0
63395, 0, 1, 1, 0, 0, 0
63396, 0, 1, 1, 0, 0, 0
63397, 0, 1, 0, 1, 0, 0
63398, 0, 1, 0, 1, 0, 0
46088, 1, 2, 1, 1, 1, 0
55375, 0, 1, 0, 1, 0, 0
39051, 0, 2, 2, 0, 0, 0
39052, 1, 1, 1, 0, 1, 0
39053, 3, 3, 2, 1, 2, 1
62970, 6, 2, 2, 0, 6, 0
71573, 0, 1, 1, 0, 0, 0
71575, 2, 2, 2, 0, 2, 0
71576, 2, 2, 2, 0, 2, 0
71003, 1, 1, 1, 0, 1, 0
71577, 0, 1, 1, 0, 0, 0
71578, 0, 1, 1, 0, 0, 0
71579, 0, 1, 1, 0, 0, 0
71580, 0, 1, 1, 0, 0, 0
71581, 0, 1, 1, 0, 0, 0
71582, 0, 1, 1, 0, 0, 0
71583, 0, 1, 1, 0, 0, 0
39103, 1, 1, 1, 0, 1, 0
39104, 0, 1, 1, 0, 0, 0
39105, 0, 1, 1, 0, 0, 0
39106, 0, 1, 1, 0, 0, 0
60951, 14, 3, 3, 0, 14, 0
70258, 11, 1, 1, 0, 7, 4
54639, 2, 2, 2, 0, 2, 0
67930, 0, 1, 1, 0, 0, 0
71584, 0, 1, 1, 0, 0, 0
60618, 0, 1, 1, 0, 0, 0
69237, 0, 2, 2, 0, 0, 0
71588, 2, 1, 1, 0, 2, 0
71589, 1, 1, 0, 1, 1, 0
54182, 1, 3, 3, 0, 1, 0
58025, 0, 1, 1, 0, 0, 0
58026, 0, 1, 1, 0, 0, 0
58027, 0, 1, 1, 0, 0, 0
58028, 0, 1, 1, 0, 0, 0
58029, 0, 1, 1, 0, 0, 0
58030, 0, 1, 1, 0, 0, 0
58031, 1, 2, 2, 0, 1, 0
58032, 1, 1, 1, 0, 1, 0
58033, 0, 1, 1, 0, 0, 0
58034, 2, 1, 1, 0, 2, 0
58035, 0, 1, 1, 0, 0, 0
58036, 0, 1, 1, 0, 0, 0
58037, 1, 1, 1, 0, 1, 0
58038, 0, 1, 1, 0, 0, 0
58039, 0, 1, 1, 0, 0, 0
58040, 1, 2, 2, 0, 1, 0
58041, 0, 4, 4, 0, 0, 0
58042, 0, 1, 0, 1, 0, 0
58043, 0, 1, 0, 1, 0, 0
58044, 0, 2, 1, 1, 0, 0
58045, 0, 1, 0, 1, 0, 0
58046, 0, 1, 0, 1, 0, 0
58047, 0, 2, 0, 2, 0, 0
58048, 0, 1, 0, 1, 0, 0
58049, 0, 1, 0, 1, 0, 0
58050, 2, 1, 0, 1, 1, 1
58051, 0, 1, 0, 1, 0, 0
55846, 2, 3, 1, 2, 2, 0
67134, 11, 1, 1, 0, 0, 11
67135, 0, 1, 1, 0, 0, 0
67136, 1, 1, 1, 0, 0, 1
67137, 0, 1, 1, 0, 0, 0
67138, 0, 1, 0, 1, 0, 0
67139, 0, 1, 0, 1, 0, 0
67140, 0, 1, 0, 1, 0, 0
67141, 0, 1, 0, 1, 0, 0
71591, 2, 2, 2, 0, 2, 0
71592, 2, 2, 2, 0, 2, 0
70565, 0, 2, 2, 0, 0, 0
71596, 0, 1, 1, 0, 0, 0
39185, 1, 0, 0, 0, 1, 0
70017, 0, 2, 2, 0, 0, 0
39196, 26, 0, 0, 0, 26, 0
54903, 0, 1, 1, 0, 0, 0
54906, 0, 1, 1, 0, 0, 0
39200, 16, 1, 1, 0, 16, 0
39201, 0, 1, 1, 0, 0, 0
39202, 3, 1, 1, 0, 3, 0
39204, 1, 1, 1, 0, 1, 0
39205, 0, 1, 1, 0, 0, 0
71606, 0, 1, 0, 1, 0, 0
55814, 0, 1, 0, 1, 0, 0
55815, 0, 1, 0, 1, 0, 0
71607, 0, 1, 1, 0, 0, 0
71608, 2, 1, 1, 0, 2, 0
59006, 0, 1, 1, 0, 0, 0
59007, 0, 2, 2, 0, 0, 0
39269, 1, 0, 0, 0, 1, 0
69857, 0, 1, 1, 0, 0, 0
71611, 0, 1, 1, 0, 0, 0
71612, 1, 1, 1, 0, 1, 0
71613, 1, 1, 1, 0, 1, 0
71615, 0, 2, 2, 0, 0, 0
71616, 0, 1, 0, 1, 0, 0
71617, 0, 1, 1, 0, 0, 0
70906, 0, 2, 1, 1, 0, 0
70907, 2, 2, 2, 0, 2, 0
71614, 1, 1, 1, 0, 0, 1
66785, 11, 1, 1, 0, 8, 3
71618, 1, 1, 1, 0, 1, 0
64998, 0, 3, 2, 1, 0, 0
68070, 0, 2, 2, 0, 0, 0
66289, 0, 1, 1, 0, 0, 0
66290, 0, 1, 1, 0, 0, 0
63591, 0, 1, 1, 0, 0, 0
63592, 0, 1, 1, 0, 0, 0
71627, 0, 2, 2, 0, 0, 0
67918, 2, 1, 1, 0, 2, 0
71628, 0, 1, 1, 0, 0, 0
71629, 2, 1, 0, 1, 2, 0
60767, 3, 1, 1, 0, 3, 0
61868, 0, 1, 1, 0, 0, 0
61869, 0, 1, 1, 0, 0, 0
44907, 0, 1, 1, 0, 0, 0
44909, 0, 1, 1, 0, 0, 0
44911, 1, 1, 0, 1, 1, 0
44912, 0, 1, 0, 1, 0, 0
71658, 0, 1, 1, 0, 0, 0
71659, 2, 1, 1, 0, 2, 0
71660, 0, 2, 2, 0, 0, 0
71661, 1, 1, 1, 0, 1, 0
71662, 0, 1, 1, 0, 0, 0
71663, 0, 1, 1, 0, 0, 0
71665, 0, 1, 0, 1, 0, 0
71666, 0, 2, 2, 0, 0, 0
54851, 0, 1, 1, 0, 0, 0
54854, 0, 1, 0, 1, 0, 0
54856, 0, 1, 0, 1, 0, 0
54857, 0, 1, 0, 1, 0, 0
54858, 0, 1, 0, 1, 0, 0
54859, 0, 2, 0, 2, 0, 0
57946, 0, 1, 1, 0, 0, 0
57947, 1, 1, 1, 0, 1, 0
55608, 0, 3, 3, 0, 0, 0
71226, 0, 1, 1, 0, 0, 0
71227, 0, 1, 1, 0, 0, 0
41580, 1, 1, 1, 0, 1, 0
41581, 0, 1, 1, 0, 0, 0
41582, 0, 1, 1, 0, 0, 0
41583, 0, 1, 0, 1, 0, 0
64527, 0, 1, 1, 0, 0, 0
64528, 0, 1, 1, 0, 0, 0
64529, 0, 1, 1, 0, 0, 0
71739, 0, 1, 1, 0, 0, 0
66420, 0, 1, 0, 1, 0, 0
71754, 0, 1, 1, 0, 0, 0
68942, 0, 1, 1, 0, 0, 0
68943, 0, 1, 1, 0, 0, 0
71755, 0, 1, 1, 0, 0, 0
70559, 1, 2, 1, 1, 1, 0
71756, 2, 2, 2, 0, 2, 0
71757, 0, 1, 1, 0, 0, 0
61728, 4, 1, 0, 1, 3, 1
45748, 0, 2, 2, 0, 0, 0
63876, 0, 1, 1, 0, 0, 0
63877, 0, 1, 1, 0, 0, 0
63878, 0, 2, 1, 1, 0, 0
59293, 0, 1, 1, 0, 0, 0
59294, 3, 1, 1, 0, 3, 0
59296, 2, 1, 1, 0, 2, 0
59297, 0, 1, 1, 0, 0, 0
59298, 0, 1, 1, 0, 0, 0
59299, 1, 1, 1, 0, 1, 0
61287, 3, 5, 1, 4, 0, 3
39548, 32, 0, 0, 0, 18, 14
39549, 2, 2, 2, 0, 2, 0
62954, 0, 1, 1, 0, 0, 0
62955, 0, 2, 2, 0, 0, 0
62956, 1, 1, 1, 0, 0, 1
62957, 0, 1, 0, 1, 0, 0
71804, 1, 1, 1, 0, 1, 0
71805, 0, 1, 1, 0, 0, 0
71806, 0, 2, 2, 0, 0, 0
39577, 2, 0, 0, 0, 1, 1
65133, 1, 1, 1, 0, 1, 0
65135, 0, 1, 1, 0, 0, 0
65136, 2, 1, 0, 1, 2, 0
39604, 4, 1, 1, 0, 4, 0
39615, 7, 0, 0, 0, 7, 0
71812, 0, 1, 1, 0, 0, 0
71813, 2, 1, 1, 0, 2, 0
71814, 0, 1, 1, 0, 0, 0
68650, 6, 2, 2, 0, 6, 0
71818, 0, 1, 1, 0, 0, 0
71819, 0, 1, 1, 0, 0, 0
71820, 0, 3, 3, 0, 0, 0
71821, 0, 1, 1, 0, 0, 0
71822, 0, 1, 1, 0, 0, 0
69189, 0, 1, 1, 0, 0, 0
71823, 1, 1, 1, 0, 1, 0
71824, 0, 1, 0, 1, 0, 0
57965, 1, 1, 1, 0, 1, 0
56771, 0, 1, 1, 0, 0, 0
56772, 0, 1, 1, 0, 0, 0
56773, 1, 1, 1, 0, 1, 0
56774, 3, 4, 4, 0, 3, 0
59120, 3, 1, 0, 1, 3, 0
71844, 2, 2, 2, 0, 2, 0
71864, 1, 1, 1, 0, 1, 0
55173, 0, 2, 2, 0, 0, 0
55174, 2, 1, 1, 0, 2, 0
70008, 8, 4, 4, 0, 8, 0
70013, 7, 4, 4, 0, 7, 0
71874, 0, 1, 1, 0, 0, 0
71875, 0, 2, 2, 0, 0, 0
68185, 0, 1, 0, 1, 0, 0
44989, 0, 1, 1, 0, 0, 0
60170, 1, 1, 1, 0, 1, 0
63742, 1, 1, 1, 0, 1, 0
71876, 0, 3, 3, 0, 0, 0
58614, 0, 1, 1, 0, 0, 0
71877, 2, 2, 2, 0, 2, 0
67546, 0, 1, 1, 0, 0, 0
44060, 2, 3, 3, 0, 2, 0
69291, 3, 2, 2, 0, 3, 0
71917, 0, 2, 2, 0, 0, 0
71918, 0, 1, 1, 0, 0, 0
71919, 0, 1, 1, 0, 0, 0
71792, 0, 1, 0, 1, 0, 0
60811, 0, 1, 1, 0, 0, 0
60812, 0, 1, 1, 0, 0, 0
60813, 1, 1, 1, 0, 1, 0
60814, 0, 1, 1, 0, 0, 0
60815, 0, 1, 1, 0, 0, 0
71930, 0, 1, 1, 0, 0, 0
71931, 3, 2, 2, 0, 3, 0
71932, 1, 1, 1, 0, 1, 0
53421, 0, 1, 1, 0, 0, 0
55084, 0, 1, 1, 0, 0, 0
55085, 0, 1, 1, 0, 0, 0
54953, 11, 3, 3, 0, 10, 1
71938, 0, 1, 1, 0, 0, 0
71939, 0, 1, 1, 0, 0, 0
63301, 0, 2, 2, 0, 0, 0
59814, 0, 1, 1, 0, 0, 0
71944, 2, 1, 0, 1, 1, 1
66077, 2, 2, 1, 1, 2, 0
68457, 0, 1, 1, 0, 0, 0
42419, 0, 1, 1, 0, 0, 0
42422, 0, 2, 2, 0, 0, 0
42423, 0, 1, 1, 0, 0, 0
66187, 1, 1, 1, 0, 0, 1
66188, 0, 1, 0, 1, 0, 0
66415, 1, 1, 1, 0, 1, 0
68183, 1, 1, 1, 0, 1, 0
71966, 2, 2, 2, 0, 2, 0
72026, 0, 1, 1, 0, 0, 0
72030, 1, 1, 0, 1, 1, 0
72031, 1, 1, 1, 0, 1, 0
72032, 2, 1, 1, 0, 2, 0
72063, 0, 1, 1, 0, 0, 0
61731, 0, 1, 1, 0, 0, 0
61732, 0, 2, 2, 0, 0, 0
61733, 0, 1, 1, 0, 0, 0
61734, 0, 1, 1, 0, 0, 0
54762, 0, 1, 1, 0, 0, 0
54763, 0, 1, 1, 0, 0, 0
66886, 7, 1, 1, 0, 7, 0
66887, 2, 3, 3, 0, 2, 0
66888, 3, 2, 2, 0, 3, 0
70775, 0, 1, 1, 0, 0, 0
68461, 0, 1, 1, 0, 0, 0
56978, 0, 1, 1, 0, 0, 0
72067, 0, 1, 1, 0, 0, 0
72068, 1, 1, 1, 0, 1, 0
55642, 3, 1, 1, 0, 3, 0
72071, 2, 2, 2, 0, 2, 0
72072, 6, 2, 2, 0, 3, 3
63242, 4, 1, 1, 0, 4, 0
63912, 0, 1, 1, 0, 0, 0
72121, 2, 1, 1, 0, 2, 0
67352, 0, 1, 1, 0, 0, 0
48148, 8, 1, 0, 1, 7, 1
72175, 0, 1, 1, 0, 0, 0
61470, 0, 1, 1, 0, 0, 0
61471, 0, 1, 1, 0, 0, 0
72199, 0, 1, 1, 0, 0, 0
72200, 4, 2, 1, 1, 4, 0
69121, 2, 1, 1, 0, 2, 0
55361, 0, 2, 1, 1, 0, 0
72258, 2, 5, 5, 0, 2, 0
72259, 0, 5, 5, 0, 0, 0
72260, 4, 6, 6, 0, 4, 0
72261, 3, 6, 6, 0, 3, 0
72262, 0, 1, 1, 0, 0, 0
72263, 0, 1, 0, 1, 0, 0
69748, 0, 2, 2, 0, 0, 0
72264, 3, 2, 2, 0, 3, 0
64689, 0, 1, 1, 0, 0, 0
67796, 0, 1, 0, 1, 0, 0
72289, 0, 1, 0, 1, 0, 0
72290, 0, 1, 1, 0, 0, 0
72293, 0, 1, 1, 0, 0, 0
69856, 0, 1, 1, 0, 0, 0
63175, 2, 1, 1, 0, 2, 0
63176, 0, 1, 0, 1, 0, 0
59704, 0, 1, 1, 0, 0, 0
71522, 0, 1, 1, 0, 0, 0
71523, 1, 1, 1, 0, 1, 0
71524, 0, 1, 0, 1, 0, 0
72336, 1, 1, 1, 0, 1, 0
72339, 1, 2, 2, 0, 1, 0
71841, 0, 2, 2, 0, 0, 0
71842, 0, 1, 0, 1, 0, 0
63595, 13, 1, 1, 0, 13, 0
72349, 0, 1, 1, 0, 0, 0
72350, 0, 1, 0, 1, 0, 0
72351, 0, 1, 0, 1, 0, 0
64833, 0, 1, 1, 0, 0, 0
44893, 0, 1, 1, 0, 0, 0
42444, 2, 1, 1, 0, 2, 0
70822, 1, 1, 1, 0, 1, 0
70823, 0, 1, 1, 0, 0, 0
58432, 10, 1, 1, 0, 0, 10
64170, 0, 2, 2, 0, 0, 0
41838, 0, 1, 0, 1, 0, 0
72361, 0, 1, 1, 0, 0, 0
72363, 1, 1, 1, 0, 1, 0
64724, 0, 1, 1, 0, 0, 0
40211, 1, 0, 0, 0, 1, 0
72384, 0, 1, 1, 0, 0, 0
72394, 0, 1, 1, 0, 0, 0
54014, 0, 1, 1, 0, 0, 0
54017, 0, 1, 1, 0, 0, 0
54018, 0, 1, 1, 0, 0, 0
54019, 0, 1, 1, 0, 0, 0
71048, 2, 2, 2, 0, 2, 0
72395, 0, 1, 1, 0, 0, 0
72396, 0, 1, 1, 0, 0, 0
70825, 1, 1, 1, 0, 1, 0
70826, 0, 1, 1, 0, 0, 0
70827, 0, 1, 1, 0, 0, 0
70828, 3, 1, 1, 0, 1, 2
70829, 0, 1, 1, 0, 0, 0
64546, 0, 1, 1, 0, 0, 0
64547, 0, 1, 1, 0, 0, 0
64548, 0, 1, 1, 0, 0, 0
64549, 0, 1, 1, 0, 0, 0
63716, 5, 1, 1, 0, 4, 1
44771, 3, 2, 1, 1, 3, 0
64358, 3, 2, 0, 2, 0, 3
70178, 0, 3, 2, 1, 0, 0
70404, 3, 1, 0, 1, 3, 0
72401, 0, 1, 0, 1, 0, 0
72402, 0, 1, 0, 1, 0, 0
72403, 0, 1, 0, 1, 0, 0
72404, 0, 1, 0, 1, 0, 0
72405, 0, 1, 0, 1, 0, 0
63943, 0, 1, 0, 1, 0, 0
69316, 0, 1, 1, 0, 0, 0
67276, 0, 1, 0, 1, 0, 0
67277, 0, 1, 0, 1, 0, 0
67278, 0, 1, 0, 1, 0, 0
67279, 0, 1, 0, 1, 0, 0
67280, 1, 1, 0, 1, 1, 0
67281, 0, 1, 0, 1, 0, 0
67282, 0, 1, 0, 1, 0, 0
67283, 0, 1, 0, 1, 0, 0
64160, 1, 1, 1, 0, 1, 0
72417, 1, 1, 1, 0, 1, 0
72418, 0, 2, 2, 0, 0, 0
69348, 0, 1, 1, 0, 0, 0
72419, 0, 1, 1, 0, 0, 0
72420, 0, 1, 0, 1, 0, 0
72421, 0, 1, 1, 0, 0, 0
72100, 2, 2, 2, 0, 2, 0
72101, 0, 1, 1, 0, 0, 0
72102, 2, 2, 2, 0, 2, 0
72103, 0, 1, 1, 0, 0, 0
54556, 0, 1, 1, 0, 0, 0
54557, 0, 1, 1, 0, 0, 0
54558, 0, 1, 1, 0, 0, 0
50913, 0, 1, 0, 1, 0, 0
67811, 0, 1, 0, 1, 0, 0
67812, 0, 1, 0, 1, 0, 0
72498, 1, 1, 1, 0, 1, 0
40349, 0, 1, 1, 0, 0, 0
40350, 0, 1, 1, 0, 0, 0
40351, 0, 1, 1, 0, 0, 0
40352, 0, 1, 1, 0, 0, 0
40353, 0, 1, 1, 0, 0, 0
40354, 0, 1, 1, 0, 0, 0
40355, 2, 2, 2, 0, 2, 0
40356, 0, 1, 1, 0, 0, 0
40358, 3, 1, 1, 0, 3, 0
40363, 0, 1, 1, 0, 0, 0
40364, 0, 1, 1, 0, 0, 0
72499, 0, 3, 3, 0, 0, 0
72500, 3, 1, 0, 1, 0, 3
72501, 0, 1, 1, 0, 0, 0
68886, 0, 1, 1, 0, 0, 0
68887, 0, 1, 1, 0, 0, 0
68888, 0, 1, 0, 1, 0, 0
67210, 0, 1, 1, 0, 0, 0
64172, 8, 1, 1, 0, 6, 2
59368, 0, 1, 1, 0, 0, 0
69190, 3, 1, 1, 0, 3, 0
72513, 0, 1, 0, 1, 0, 0
72514, 1, 1, 0, 1, 1, 0
72515, 0, 1, 1, 0, 0, 0
72516, 0, 1, 1, 0, 0, 0
67571, 0, 1, 1, 0, 0, 0
65301, 0, 2, 2, 0, 0, 0
72522, 0, 1, 1, 0, 0, 0
72523, 0, 1, 1, 0, 0, 0
44444, 0, 1, 1, 0, 0, 0
44445, 0, 1, 1, 0, 0, 0
72524, 2, 1, 1, 0, 2, 0
72525, 0, 2, 2, 0, 0, 0
72526, 1, 2, 1, 1, 1, 0
72527, 0, 2, 2, 0, 0, 0
68311, 4, 1, 1, 0, 3, 1
68945, 3, 1, 1, 0, 3, 0
64162, 0, 1, 1, 0, 0, 0
64163, 0, 1, 1, 0, 0, 0
64164, 0, 1, 1, 0, 0, 0
63419, 0, 1, 1, 0, 0, 0
63420, 0, 1, 1, 0, 0, 0
72528, 0, 1, 1, 0, 0, 0
50372, 0, 2, 2, 0, 0, 0
69089, 2, 1, 1, 0, 2, 0
72052, 0, 1, 1, 0, 0, 0
62717, 15, 1, 1, 0, 5, 10
70406, 2, 2, 0, 2, 0, 2
70407, 0, 1, 0, 1, 0, 0
67763, 0, 2, 2, 0, 0, 0
67764, 0, 1, 1, 0, 0, 0
62660, 0, 2, 2, 0, 0, 0
62661, 5, 1, 1, 0, 5, 0
62662, 2, 2, 2, 0, 2, 0
72536, 3, 1, 0, 1, 3, 0
63225, 0, 1, 1, 0, 0, 0
63226, 0, 1, 1, 0, 0, 0
63228, 0, 1, 1, 0, 0, 0
40600, 8, 0, 0, 0, 8, 0
40601, 3, 0, 0, 0, 3, 0
65150, 9, 1, 1, 0, 9, 0
40609, 1, 0, 0, 0, 1, 0
72537, 2, 1, 1, 0, 1, 1
67737, 43, 1, 1, 0, 1, 42
40635, 0, 1, 1, 0, 0, 0
66302, 0, 1, 1, 0, 0, 0
66303, 0, 1, 1, 0, 0, 0
66304, 0, 1, 1, 0, 0, 0
66305, 0, 1, 1, 0, 0, 0
72541, 0, 1, 1, 0, 0, 0
40658, 1, 0, 0, 0, 1, 0
52570, 0, 2, 1, 1, 0, 0
40685, 2, 0, 0, 0, 2, 0
54929, 1, 2, 1, 1, 1, 0
72542, 0, 1, 1, 0, 0, 0
72543, 0, 1, 1, 0, 0, 0
44691, 4, 1, 1, 0, 4, 0
44692, 0, 2, 2, 0, 0, 0
70248, 3, 1, 1, 0, 2, 1
55251, 8, 1, 1, 0, 8, 0
40709, 7, 0, 0, 0, 7, 0
72544, 4, 1, 1, 0, 0, 4
72545, 0, 1, 1, 0, 0, 0
40723, 0, 2, 2, 0, 0, 0
40724, 7, 1, 1, 0, 5, 2
72548, 1, 1, 1, 0, 1, 0
40728, 0, 1, 1, 0, 0, 0
72556, 1, 1, 1, 0, 1, 0
72557, 0, 1, 1, 0, 0, 0
72569, 0, 1, 1, 0, 0, 0
72573, 3, 1, 0, 1, 1, 2
52253, 8, 2, 2, 0, 6, 2
52254, 0, 1, 1, 0, 0, 0
52255, 0, 1, 1, 0, 0, 0
52257, 2, 1, 0, 1, 0, 2
52119, 17, 1, 1, 0, 10, 7
68515, 3, 2, 1, 1, 0, 3
68516, 0, 1, 1, 0, 0, 0
68518, 0, 1, 0, 1, 0, 0
68519, 0, 1, 0, 1, 0, 0
72574, 0, 1, 1, 0, 0, 0
54861, 0, 1, 1, 0, 0, 0
54862, 0, 2, 2, 0, 0, 0
54863, 0, 1, 1, 0, 0, 0
54864, 0, 1, 1, 0, 0, 0
54865, 0, 1, 1, 0, 0, 0
54866, 0, 1, 0, 1, 0, 0
54867, 0, 1, 0, 1, 0, 0
54868, 0, 1, 0, 1, 0, 0
54869, 0, 1, 0, 1, 0, 0
54870, 0, 2, 1, 1, 0, 0
54871, 0, 1, 0, 1, 0, 0
54872, 0, 1, 0, 1, 0, 0
54873, 0, 1, 0, 1, 0, 0
54874, 0, 1, 0, 1, 0, 0
54875, 0, 2, 1, 1, 0, 0
72575, 0, 1, 0, 1, 0, 0
72576, 0, 1, 1, 0, 0, 0
72577, 0, 1, 1, 0, 0, 0
72578, 0, 1, 0, 1, 0, 0
69065, 0, 1, 1, 0, 0, 0
69066, 0, 1, 1, 0, 0, 0
72582, 0, 1, 1, 0, 0, 0
72583, 0, 1, 0, 1, 0, 0
72585, 0, 1, 1, 0, 0, 0
72586, 0, 1, 1, 0, 0, 0
54787, 0, 1, 1, 0, 0, 0
54788, 0, 1, 0, 1, 0, 0
70100, 0, 1, 1, 0, 0, 0
72249, 0, 1, 1, 0, 0, 0
72616, 0, 1, 1, 0, 0, 0
72133, 0, 1, 1, 0, 0, 0
54350, 1, 3, 3, 0, 1, 0
70552, 2, 1, 1, 0, 2, 0
70553, 0, 1, 1, 0, 0, 0
70554, 3, 1, 1, 0, 3, 0
70555, 0, 2, 2, 0, 0, 0
62135, 12, 1, 1, 0, 12, 0
62136, 0, 1, 1, 0, 0, 0
62137, 0, 1, 1, 0, 0, 0
62919, 5, 1, 1, 0, 4, 1
62920, 0, 1, 0, 1, 0, 0
72644, 2, 1, 1, 0, 2, 0
72648, 0, 1, 1, 0, 0, 0
66267, 2, 2, 2, 0, 2, 0
72655, 1, 1, 1, 0, 1, 0
72622, 0, 1, 1, 0, 0, 0
72623, 0, 1, 1, 0, 0, 0
72664, 0, 2, 2, 0, 0, 0
72667, 2, 1, 1, 0, 2, 0
69185, 0, 2, 2, 0, 0, 0
72668, 1, 1, 1, 0, 1, 0
70223, 0, 1, 1, 0, 0, 0
69154, 5, 2, 2, 0, 4, 1
69387, 0, 2, 2, 0, 0, 0
69388, 0, 1, 0, 1, 0, 0
69389, 0, 1, 0, 1, 0, 0
70148, 1, 1, 1, 0, 1, 0
72669, 0, 1, 1, 0, 0, 0
72673, 0, 1, 1, 0, 0, 0
72674, 7, 7, 7, 0, 7, 0
72675, 0, 7, 7, 0, 0, 0
70143, 3, 1, 0, 1, 2, 1
72697, 0, 1, 1, 0, 0, 0
72698, 0, 1, 1, 0, 0, 0
72699, 0, 1, 1, 0, 0, 0
40975, 0, 1, 1, 0, 0, 0
40977, 0, 1, 0, 1, 0, 0
71620, 0, 1, 1, 0, 0, 0
71621, 6, 2, 2, 0, 5, 1
71622, 0, 2, 2, 0, 0, 0
72705, 0, 1, 1, 0, 0, 0
72706, 0, 1, 1, 0, 0, 0
55494, 0, 1, 1, 0, 0, 0
72722, 0, 1, 1, 0, 0, 0
62071, 0, 1, 1, 0, 0, 0
62072, 3, 2, 1, 1, 2, 1
62074, 1, 1, 1, 0, 1, 0
66589, 1, 1, 1, 0, 1, 0
72308, 0, 1, 1, 0, 0, 0
72309, 3, 1, 0, 1, 0, 3
72310, 0, 1, 0, 1, 0, 0
72723, 0, 1, 0, 1, 0, 0
69918, 3, 2, 2, 0, 3, 0
59942, 0, 1, 1, 0, 0, 0
71402, 0, 1, 1, 0, 0, 0
72727, 0, 1, 1, 0, 0, 0
58198, 1, 1, 0, 1, 1, 0
54338, 0, 1, 1, 0, 0, 0
55064, 0, 1, 1, 0, 0, 0
41106, 9, 0, 0, 0, 9, 0
41107, 5, 0, 0, 0, 5, 0
41108, 0, 1, 1, 0, 0, 0
62146, 0, 1, 1, 0, 0, 0
62147, 0, 1, 1, 0, 0, 0
72733, 2, 1, 1, 0, 2, 0
72734, 1, 1, 1, 0, 1, 0
41123, 46, 0, 0, 0, 46, 0
41124, 0, 1, 1, 0, 0, 0
70139, 0, 1, 1, 0, 0, 0
70140, 1, 1, 1, 0, 1, 0
62065, 0, 2, 1, 1, 0, 0
72736, 1, 1, 1, 0, 1, 0
55606, 4, 1, 1, 0, 3, 1
72737, 0, 2, 2, 0, 0, 0
72738, 1, 1, 1, 0, 1, 0
64930, 0, 1, 1, 0, 0, 0
64931, 0, 1, 0, 1, 0, 0
43758, 0, 1, 0, 1, 0, 0
72739, 0, 1, 1, 0, 0, 0
72740, 0, 1, 1, 0, 0, 0
72741, 0, 2, 2, 0, 0, 0
41163, 3, 0, 0, 0, 3, 0
41170, 7, 0, 0, 0, 7, 0
72742, 3, 2, 2, 0, 2, 1
44598, 13, 1, 1, 0, 12, 1
72743, 16, 1, 0, 1, 10, 6
65739, 0, 3, 3, 0, 0, 0
64290, 0, 1, 1, 0, 0, 0
51145, 0, 1, 1, 0, 0, 0
71090, 9, 1, 1, 0, 5, 4
72748, 1, 1, 1, 0, 1, 0
72754, 0, 1, 1, 0, 0, 0
72752, 0, 1, 1, 0, 0, 0
72755, 1, 1, 1, 0, 1, 0
54689, 9, 2, 2, 0, 9, 0
54690, 3, 3, 3, 0, 3, 0
72756, 1, 1, 0, 1, 0, 1
72757, 0, 1, 1, 0, 0, 0
72758, 1, 1, 1, 0, 1, 0
69102, 2, 2, 1, 1, 2, 0
42021, 0, 1, 1, 0, 0, 0
42022, 0, 1, 1, 0, 0, 0
42023, 0, 1, 1, 0, 0, 0
42024, 32, 1, 1, 0, 27, 5
66831, 0, 3, 3, 0, 0, 0
66832, 0, 1, 1, 0, 0, 0
66834, 1, 1, 1, 0, 1, 0
72759, 0, 1, 1, 0, 0, 0
66717, 0, 1, 1, 0, 0, 0
71911, 0, 3, 3, 0, 0, 0
72760, 0, 1, 1, 0, 0, 0
72761, 0, 1, 0, 1, 0, 0
57930, 0, 1, 1, 0, 0, 0
57931, 0, 1, 1, 0, 0, 0
57932, 0, 1, 1, 0, 0, 0
41341, 6, 0, 0, 0, 6, 0
41345, 11, 0, 0, 0, 11, 0
41346, 0, 1, 1, 0, 0, 0
41348, 0, 1, 1, 0, 0, 0
41349, 0, 1, 1, 0, 0, 0
41350, 0, 1, 0, 1, 0, 0
41352, 0, 1, 1, 0, 0, 0
41353, 0, 1, 1, 0, 0, 0
41354, 2, 1, 1, 0, 2, 0
41356, 0, 1, 1, 0, 0, 0
41357, 5, 1, 1, 0, 5, 0
64736, 0, 7, 7, 0, 0, 0
41363, 19, 0, 0, 0, 19, 0
72773, 0, 1, 1, 0, 0, 0
72774, 2, 2, 2, 0, 2, 0
71347, 0, 1, 1, 0, 0, 0
63405, 14, 1, 0, 1, 6, 8
71638, 0, 1, 0, 1, 0, 0
41391, 10, 0, 0, 0, 7, 3
72775, 0, 2, 2, 0, 0, 0
72776, 2, 2, 2, 0, 2, 0
72777, 3, 1, 1, 0, 3, 0
72778, 1, 1, 1, 0, 1, 0
72779, 0, 1, 1, 0, 0, 0
72780, 0, 1, 1, 0, 0, 0
72781, 0, 3, 3, 0, 0, 0
72782, 0, 1, 1, 0, 0, 0
72783, 1, 1, 1, 0, 1, 0
72784, 2, 3, 3, 0, 2, 0
72785, 4, 2, 2, 0, 4, 0
72786, 0, 1, 1, 0, 0, 0
66961, 2, 1, 1, 0, 2, 0
72787, 4, 2, 2, 0, 4, 0
72788, 0, 1, 1, 0, 0, 0
41428, 6, 0, 0, 0, 6, 0
41429, 0, 1, 1, 0, 0, 0
41430, 2, 0, 0, 0, 2, 0
72790, 0, 1, 1, 0, 0, 0
65030, 0, 1, 1, 0, 0, 0
72791, 0, 1, 1, 0, 0, 0
72792, 0, 1, 1, 0, 0, 0
66454, 2, 1, 1, 0, 2, 0
72793, 1, 1, 1, 0, 1, 0
72307, 0, 1, 1, 0, 0, 0
72794, 0, 1, 1, 0, 0, 0
72795, 0, 1, 1, 0, 0, 0
71330, 0, 1, 1, 0, 0, 0
71331, 0, 1, 1, 0, 0, 0
71332, 0, 1, 1, 0, 0, 0
54341, 0, 1, 1, 0, 0, 0
54342, 1, 1, 1, 0, 1, 0
54344, 8, 1, 1, 0, 2, 6
54345, 0, 1, 1, 0, 0, 0
41542, 3, 0, 0, 0, 3, 0
41547, 0, 1, 1, 0, 0, 0
72797, 3, 2, 2, 0, 3, 0
72798, 4, 3, 3, 0, 3, 1
72799, 0, 1, 0, 1, 0, 0
68678, 0, 1, 1, 0, 0, 0
68679, 0, 1, 1, 0, 0, 0
54216, 8, 1, 1, 0, 6, 2
42090, 3, 1, 1, 0, 3, 0
54622, 0, 2, 2, 0, 0, 0
45909, 0, 2, 2, 0, 0, 0
60006, 0, 2, 2, 0, 0, 0
72800, 0, 1, 1, 0, 0, 0
71075, 1, 1, 1, 0, 1, 0
72801, 0, 1, 1, 0, 0, 0
44765, 1, 1, 1, 0, 0, 1
44766, 0, 1, 1, 0, 0, 0
44767, 0, 1, 1, 0, 0, 0
44770, 0, 1, 1, 0, 0, 0
44774, 0, 1, 0, 1, 0, 0
44776, 0, 1, 0, 1, 0, 0
44778, 0, 1, 0, 1, 0, 0
41591, 4, 0, 0, 0, 4, 0
41596, 20, 0, 0, 0, 20, 0
63156, 12, 2, 2, 0, 12, 0
63158, 2, 2, 2, 0, 1, 1
67521, 1, 2, 2, 0, 1, 0
72807, 1, 1, 1, 0, 1, 0
72808, 0, 1, 0, 1, 0, 0
72813, 0, 1, 1, 0, 0, 0
68020, 14, 1, 1, 0, 14, 0
68021, 20, 1, 1, 0, 9, 11
41663, 0, 1, 1, 0, 0, 0
41678, 51, 1, 1, 0, 50, 1
41679, 0, 1, 1, 0, 0, 0
41680, 1, 1, 1, 0, 1, 0
72816, 0, 3, 3, 0, 0, 0
72817, 1, 2, 2, 0, 1, 0
72818, 0, 1, 1, 0, 0, 0
72819, 0, 1, 1, 0, 0, 0
72820, 0, 1, 1, 0, 0, 0
67828, 0, 3, 3, 0, 0, 0
72821, 1, 1, 1, 0, 1, 0
72822, 1, 1, 1, 0, 1, 0
41719, 3, 0, 0, 0, 3, 0
41723, 15, 0, 0, 0, 15, 0
41724, 0, 1, 1, 0, 0, 0
72823, 0, 1, 1, 0, 0, 0
54589, 0, 1, 1, 0, 0, 0
54590, 2, 1, 1, 0, 2, 0
55302, 0, 1, 1, 0, 0, 0
55304, 3, 1, 1, 0, 3, 0
55305, 0, 1, 1, 0, 0, 0
54075, 0, 1, 1, 0, 0, 0
68838, 0, 1, 1, 0, 0, 0
68839, 1, 1, 1, 0, 1, 0
72829, 3, 2, 2, 0, 3, 0
41767, 0, 1, 1, 0, 0, 0
41768, 0, 1, 0, 1, 0, 0
68248, 0, 1, 0, 1, 0, 0
72830, 0, 1, 1, 0, 0, 0
72831, 0, 1, 1, 0, 0, 0
72832, 0, 1, 1, 0, 0, 0
72833, 0, 1, 1, 0, 0, 0
72834, 0, 1, 1, 0, 0, 0
72835, 0, 1, 1, 0, 0, 0
72836, 0, 1, 1, 0, 0, 0
72837, 0, 1, 1, 0, 0, 0
72838, 1, 1, 1, 0, 1, 0
41807, 0, 1, 1, 0, 0, 0
41810, 0, 1, 0, 1, 0, 0
41813, 0, 1, 0, 1, 0, 0
62610, 0, 1, 0, 1, 0, 0
72839, 0, 1, 0, 1, 0, 0
67889, 8, 1, 0, 1, 5, 3
72842, 0, 2, 2, 0, 0, 0
72843, 0, 1, 0, 1, 0, 0
72844, 1, 1, 1, 0, 1, 0
72494, 0, 1, 1, 0, 0, 0
41855, 7, 0, 0, 0, 7, 0
41856, 0, 1, 1, 0, 0, 0
60610, 0, 1, 1, 0, 0, 0
72848, 1, 1, 1, 0, 1, 0
72849, 1, 1, 1, 0, 1, 0
72850, 0, 1, 1, 0, 0, 0
57365, 7, 1, 1, 0, 1, 6
57366, 1, 1, 1, 0, 0, 1
44687, 3, 1, 1, 0, 3, 0
72851, 0, 2, 2, 0, 0, 0
41894, 2, 0, 0, 0, 2, 0
69490, 0, 1, 0, 1, 0, 0
71636, 2, 1, 1, 0, 0, 2
71637, 0, 1, 1, 0, 0, 0
72853, 0, 1, 1, 0, 0, 0
72854, 0, 1, 1, 0, 0, 0
72855, 0, 1, 1, 0, 0, 0
72856, 0, 2, 2, 0, 0, 0
55822, 1, 1, 1, 0, 1, 0
55823, 1, 1, 1, 0, 1, 0
66692, 0, 1, 1, 0, 0, 0
66693, 1, 1, 1, 0, 1, 0
66694, 0, 1, 1, 0, 0, 0
72857, 0, 1, 1, 0, 0, 0
72858, 0, 1, 1, 0, 0, 0
72859, 0, 1, 1, 0, 0, 0
72860, 0, 1, 1, 0, 0, 0
72861, 0, 1, 0, 1, 0, 0
72862, 0, 1, 1, 0, 0, 0
72863, 0, 1, 1, 0, 0, 0
63629, 0, 1, 1, 0, 0, 0
72864, 2, 1, 1, 0, 2, 0
72865, 1, 1, 1, 0, 1, 0
72866, 0, 1, 1, 0, 0, 0
72867, 0, 1, 1, 0, 0, 0
70430, 1, 1, 1, 0, 1, 0
61662, 3, 2, 2, 0, 2, 1
70015, 0, 1, 1, 0, 0, 0
72868, 0, 1, 1, 0, 0, 0
42028, 0, 1, 1, 0, 0, 0
42029, 1, 1, 1, 0, 0, 1
72873, 0, 1, 1, 0, 0, 0
72874, 0, 1, 1, 0, 0, 0
70755, 0, 1, 1, 0, 0, 0
42054, 14, 0, 0, 0, 14, 0
42055, 2, 1, 1, 0, 2, 0
42056, 0, 1, 1, 0, 0, 0
42057, 1, 1, 1, 0, 1, 0
42059, 3, 1, 1, 0, 3, 0
42061, 36, 0, 0, 0, 33, 3
42062, 0, 1, 1, 0, 0, 0
42063, 0, 1, 1, 0, 0, 0
42065, 0, 1, 1, 0, 0, 0
44780, 0, 1, 1, 0, 0, 0
55108, 0, 1, 1, 0, 0, 0
55109, 0, 1, 1, 0, 0, 0
42095, 0, 1, 1, 0, 0, 0
57743, 0, 1, 1, 0, 0, 0
57744, 0, 1, 1, 0, 0, 0
72878, 0, 1, 0, 1, 0, 0
72879, 2, 1, 1, 0, 2, 0
65290, 0, 1, 1, 0, 0, 0
63402, 4, 1, 1, 0, 4, 0
63403, 0, 1, 1, 0, 0, 0
72887, 2, 2, 2, 0, 2, 0
72888, 0, 1, 1, 0, 0, 0
68798, 0, 1, 1, 0, 0, 0
68799, 0, 1, 1, 0, 0, 0
72889, 1, 1, 1, 0, 1, 0
72893, 0, 1, 1, 0, 0, 0
70018, 4, 1, 1, 0, 4, 0
70019, 0, 1, 1, 0, 0, 0
72895, 0, 1, 0, 1, 0, 0
68659, 0, 1, 0, 1, 0, 0
69173, 0, 1, 1, 0, 0, 0
62940, 0, 1, 1, 0, 0, 0
58178, 0, 1, 1, 0, 0, 0
44560, 0, 1, 1, 0, 0, 0
44561, 0, 1, 1, 0, 0, 0
44562, 0, 1, 1, 0, 0, 0
44563, 1, 1, 1, 0, 1, 0
44564, 0, 1, 1, 0, 0, 0
44566, 0, 1, 1, 0, 0, 0
67450, 0, 1, 1, 0, 0, 0
72964, 0, 1, 1, 0, 0, 0
66799, 3, 1, 1, 0, 3, 0
70976, 0, 1, 1, 0, 0, 0
57194, 3, 3, 3, 0, 2, 1
72968, 1, 1, 0, 1, 0, 1
72274, 0, 1, 1, 0, 0, 0
72275, 0, 1, 1, 0, 0, 0
66331, 0, 2, 1, 1, 0, 0
66332, 0, 1, 1, 0, 0, 0
66333, 0, 1, 0, 1, 0, 0
69286, 0, 3, 3, 0, 0, 0
69287, 0, 2, 2, 0, 0, 0
69288, 0, 1, 1, 0, 0, 0
69289, 0, 1, 1, 0, 0, 0
69290, 0, 1, 0, 1, 0, 0
72971, 0, 1, 1, 0, 0, 0
72972, 0, 1, 1, 0, 0, 0
72978, 1, 1, 1, 0, 1, 0
72979, 1, 1, 1, 0, 1, 0
72983, 1, 1, 1, 0, 1, 0
59331, 0, 2, 2, 0, 0, 0
59332, 0, 1, 1, 0, 0, 0
59333, 0, 2, 2, 0, 0, 0
64271, 0, 1, 1, 0, 0, 0
64520, 0, 1, 1, 0, 0, 0
66473, 1, 1, 0, 1, 1, 0
66844, 1, 1, 1, 0, 1, 0
63482, 0, 3, 1, 2, 0, 0
73010, 1, 1, 1, 0, 1, 0
73012, 0, 1, 1, 0, 0, 0
52259, 0, 1, 1, 0, 0, 0
69078, 0, 1, 1, 0, 0, 0
73021, 0, 1, 1, 0, 0, 0
73028, 0, 3, 3, 0, 0, 0
42425, 17, 0, 0, 0, 17, 0
73029, 0, 1, 0, 1, 0, 0
64577, 0, 1, 1, 0, 0, 0
64578, 0, 1, 1, 0, 0, 0
64579, 0, 1, 1, 0, 0, 0
64580, 0, 1, 1, 0, 0, 0
64581, 0, 1, 1, 0, 0, 0
64582, 0, 2, 2, 0, 0, 0
64583, 0, 1, 1, 0, 0, 0
64584, 0, 1, 1, 0, 0, 0
42435, 24, 0, 0, 0, 23, 1
42439, 0, 1, 1, 0, 0, 0
42446, 49, 0, 0, 0, 49, 0
42447, 0, 1, 1, 0, 0, 0
42448, 0, 1, 1, 0, 0, 0
42449, 0, 1, 1, 0, 0, 0
73030, 0, 1, 1, 0, 0, 0
73031, 0, 1, 1, 0, 0, 0
73032, 1, 1, 1, 0, 1, 0
73033, 1, 1, 1, 0, 1, 0
42472, 11, 0, 0, 0, 10, 1
42473, 0, 1, 1, 0, 0, 0
42475, 6, 1, 1, 0, 6, 0
42476, 5, 3, 3, 0, 5, 0
58410, 3, 1, 1, 0, 3, 0
58411, 1, 1, 1, 0, 1, 0
73034, 0, 1, 1, 0, 0, 0
42498, 2, 0, 0, 0, 2, 0
73036, 2, 1, 1, 0, 2, 0
73037, 0, 1, 1, 0, 0, 0
73039, 1, 1, 1, 0, 1, 0
54201, 8, 4, 4, 0, 8, 0
54202, 0, 3, 3, 0, 0, 0
54204, 0, 4, 4, 0, 0, 0
54206, 6, 3, 3, 0, 6, 0
55562, 0, 1, 0, 1, 0, 0
73040, 0, 2, 2, 0, 0, 0
56869, 0, 1, 1, 0, 0, 0
56870, 0, 1, 1, 0, 0, 0
44500, 2, 3, 3, 0, 2, 0
73042, 0, 1, 1, 0, 0, 0
73044, 4, 4, 4, 0, 4, 0
73045, 11, 5, 5, 0, 10, 1
73046, 5, 3, 3, 0, 5, 0
73047, 9, 5, 5, 0, 8, 1
64950, 0, 2, 2, 0, 0, 0
57729, 0, 1, 1, 0, 0, 0
57730, 1, 1, 1, 0, 1, 0
57731, 0, 1, 1, 0, 0, 0
73052, 0, 1, 1, 0, 0, 0
73053, 0, 1, 1, 0, 0, 0
73054, 0, 1, 1, 0, 0, 0
73055, 0, 1, 1, 0, 0, 0
73056, 0, 1, 1, 0, 0, 0
54641, 12, 3, 3, 0, 12, 0
73073, 1, 1, 1, 0, 1, 0
65625, 13, 2, 1, 1, 4, 9
71672, 1, 1, 0, 1, 1, 0
73015, 0, 1, 1, 0, 0, 0
60480, 0, 1, 1, 0, 0, 0
66019, 10, 1, 1, 0, 10, 0
70474, 0, 1, 1, 0, 0, 0
73086, 1, 1, 1, 0, 1, 0
73087, 0, 1, 1, 0, 0, 0
73088, 2, 1, 1, 0, 2, 0
73089, 2, 2, 2, 0, 2, 0
66433, 4, 2, 2, 0, 4, 0
73090, 0, 1, 1, 0, 0, 0
71740, 0, 1, 0, 1, 0, 0
73098, 0, 1, 1, 0, 0, 0
73121, 0, 1, 1, 0, 0, 0
73150, 0, 1, 0, 1, 0, 0
59138, 11, 1, 1, 0, 8, 3
59139, 0, 1, 1, 0, 0, 0
59140, 1, 1, 1, 0, 0, 1
59141, 2, 2, 2, 0, 2, 0
59142, 0, 1, 1, 0, 0, 0
59143, 0, 1, 1, 0, 0, 0
59144, 0, 1, 1, 0, 0, 0
59145, 0, 1, 1, 0, 0, 0
59146, 0, 1, 1, 0, 0, 0
59147, 1, 2, 2, 0, 1, 0
59148, 0, 1, 1, 0, 0, 0
59149, 1, 1, 1, 0, 1, 0
59150, 0, 1, 1, 0, 0, 0
59153, 0, 1, 1, 0, 0, 0
59154, 0, 1, 1, 0, 0, 0
59155, 2, 1, 1, 0, 2, 0
59156, 0, 1, 0, 1, 0, 0
57960, 0, 1, 1, 0, 0, 0
57963, 0, 1, 1, 0, 0, 0
69390, 1, 1, 1, 0, 1, 0
72824, 1, 1, 1, 0, 1, 0
73158, 0, 2, 2, 0, 0, 0
64731, 0, 1, 0, 1, 0, 0
58724, 0, 1, 1, 0, 0, 0
58725, 1, 1, 1, 0, 1, 0
73203, 3, 1, 1, 0, 1, 2
67186, 0, 2, 2, 0, 0, 0
70080, 0, 1, 1, 0, 0, 0
70081, 0, 1, 1, 0, 0, 0
63707, 0, 1, 1, 0, 0, 0
73210, 0, 1, 1, 0, 0, 0
54459, 0, 1, 1, 0, 0, 0
54461, 0, 1, 0, 1, 0, 0
64354, 1, 1, 1, 0, 1, 0
51107, 0, 1, 1, 0, 0, 0
54968, 0, 1, 1, 0, 0, 0
61920, 0, 2, 2, 0, 0, 0
70650, 0, 1, 1, 0, 0, 0
73212, 2, 1, 1, 0, 2, 0
73213, 0, 1, 1, 0, 0, 0
73214, 0, 1, 1, 0, 0, 0
54585, 0, 1, 1, 0, 0, 0
70129, 15, 1, 0, 1, 5, 10
73257, 2, 1, 1, 0, 2, 0
73258, 0, 1, 1, 0, 0, 0
70367, 0, 1, 1, 0, 0, 0
73275, 0, 1, 0, 1, 0, 0
73276, 0, 1, 1, 0, 0, 0
73282, 1, 1, 1, 0, 1, 0
71775, 0, 1, 1, 0, 0, 0
70009, 5, 3, 3, 0, 5, 0
70010, 0, 3, 3, 0, 0, 0
70011, 0, 4, 4, 0, 0, 0
70012, 0, 3, 3, 0, 0, 0
64125, 0, 1, 1, 0, 0, 0
64126, 1, 1, 1, 0, 1, 0
55184, 0, 1, 1, 0, 0, 0
73306, 0, 2, 2, 0, 0, 0
73307, 2, 1, 1, 0, 2, 0
70153, 0, 1, 1, 0, 0, 0
55448, 0, 2, 1, 1, 0, 0
57900, 0, 1, 1, 0, 0, 0
57901, 0, 1, 1, 0, 0, 0
57902, 8, 1, 1, 0, 7, 1
57903, 0, 1, 1, 0, 0, 0
57904, 0, 1, 1, 0, 0, 0
57905, 0, 2, 0, 2, 0, 0
57906, 0, 1, 0, 1, 0, 0
57907, 0, 1, 0, 1, 0, 0
57908, 0, 1, 0, 1, 0, 0
57909, 11, 1, 0, 1, 10, 1
57910, 0, 1, 0, 1, 0, 0
57911, 0, 1, 0, 1, 0, 0
57912, 0, 1, 0, 1, 0, 0
57913, 0, 1, 0, 1, 0, 0
57914, 0, 1, 0, 1, 0, 0
57916, 1, 1, 0, 1, 1, 0
57917, 1, 2, 1, 1, 1, 0
57918, 0, 1, 0, 1, 0, 0
64534, 1, 1, 1, 0, 1, 0
44354, 4, 1, 1, 0, 4, 0
44185, 6, 1, 1, 0, 6, 0
44186, 0, 2, 2, 0, 0, 0
70408, 1, 1, 1, 0, 0, 1
70409, 0, 1, 1, 0, 0, 0
73336, 0, 1, 1, 0, 0, 0
43055, 0, 1, 1, 0, 0, 0
43058, 0, 1, 1, 0, 0, 0
43059, 0, 1, 1, 0, 0, 0
43070, 0, 1, 1, 0, 0, 0
43072, 0, 1, 1, 0, 0, 0
43074, 0, 1, 1, 0, 0, 0
65568, 0, 1, 1, 0, 0, 0
70608, 0, 2, 1, 1, 0, 0
73349, 0, 3, 3, 0, 0, 0
70763, 0, 1, 1, 0, 0, 0
70764, 3, 1, 1, 0, 2, 1
55001, 0, 2, 2, 0, 0, 0
55002, 4, 1, 1, 0, 4, 0
55003, 0, 1, 1, 0, 0, 0
73395, 0, 1, 1, 0, 0, 0
73396, 0, 1, 1, 0, 0, 0
65579, 0, 3, 2, 1, 0, 0
65580, 3, 1, 0, 1, 3, 0
65581, 0, 1, 0, 1, 0, 0
65582, 0, 1, 0, 1, 0, 0
65583, 0, 1, 0, 1, 0, 0
65584, 0, 1, 0, 1, 0, 0
58286, 0, 1, 0, 1, 0, 0
71851, 0, 1, 1, 0, 0, 0
71852, 0, 1, 1, 0, 0, 0
73397, 1, 1, 1, 0, 0, 1
73400, 0, 4, 4, 0, 0, 0
44267, 13, 2, 2, 0, 13, 0
73523, 0, 2, 2, 0, 0, 0
67133, 0, 1, 1, 0, 0, 0
43164, 0, 1, 0, 1, 0, 0
68552, 0, 2, 1, 1, 0, 0
68553, 0, 1, 1, 0, 0, 0
68554, 0, 1, 1, 0, 0, 0
63421, 0, 1, 1, 0, 0, 0
73542, 1, 1, 1, 0, 1, 0
60047, 0, 2, 1, 1, 0, 0
73543, 1, 1, 1, 0, 1, 0
67759, 0, 2, 2, 0, 0, 0
73544, 0, 1, 1, 0, 0, 0
63344, 17, 2, 2, 0, 17, 0
67699, 0, 1, 1, 0, 0, 0
67700, 5, 2, 2, 0, 5, 0
67701, 4, 1, 1, 0, 2, 2
67702, 0, 1, 1, 0, 0, 0
67703, 0, 2, 2, 0, 0, 0
67704, 0, 1, 0, 1, 0, 0
73545, 0, 1, 0, 1, 0, 0
68344, 21, 1, 1, 0, 20, 1
68346, 0, 2, 2, 0, 0, 0
68348, 0, 2, 2, 0, 0, 0
68350, 0, 2, 2, 0, 0, 0
71392, 0, 1, 1, 0, 0, 0
73552, 0, 1, 1, 0, 0, 0
73553, 0, 1, 1, 0, 0, 0
73554, 0, 1, 1, 0, 0, 0
73555, 0, 1, 1, 0, 0, 0
73563, 0, 1, 1, 0, 0, 0
63925, 0, 1, 1, 0, 0, 0
63926, 0, 1, 1, 0, 0, 0
63927, 0, 1, 1, 0, 0, 0
68962, 0, 1, 1, 0, 0, 0
68963, 0, 1, 1, 0, 0, 0
68964, 0, 1, 1, 0, 0, 0
73570, 0, 1, 0, 1, 0, 0
73571, 0, 1, 0, 1, 0, 0
73572, 1, 1, 0, 1, 0, 1
73573, 0, 1, 0, 1, 0, 0
73574, 0, 1, 0, 1, 0, 0
73575, 0, 1, 0, 1, 0, 0
73576, 0, 1, 0, 1, 0, 0
73577, 0, 1, 0, 1, 0, 0
73578, 0, 1, 0, 1, 0, 0
60482, 0, 2, 2, 0, 0, 0
68697, 6, 3, 3, 0, 6, 0
69611, 0, 2, 1, 1, 0, 0
44447, 2, 1, 1, 0, 2, 0
73596, 1, 1, 1, 0, 1, 0
73597, 6, 5, 5, 0, 6, 0
73648, 1, 1, 1, 0, 1, 0
67496, 0, 2, 2, 0, 0, 0
66168, 0, 1, 1, 0, 0, 0
66840, 0, 1, 1, 0, 0, 0
54362, 3, 2, 2, 0, 3, 0
54364, 1, 1, 1, 0, 0, 1
54365, 0, 2, 2, 0, 0, 0
54366, 0, 1, 1, 0, 0, 0
73678, 0, 1, 1, 0, 0, 0
66076, 0, 1, 1, 0, 0, 0
66078, 0, 1, 0, 1, 0, 0
71737, 5, 1, 1, 0, 5, 0
67193, 0, 1, 1, 0, 0, 0
72108, 0, 1, 1, 0, 0, 0
72109, 0, 1, 1, 0, 0, 0
72110, 2, 2, 2, 0, 2, 0
69226, 5, 1, 1, 0, 4, 1
60485, 0, 1, 1, 0, 0, 0
59380, 0, 1, 1, 0, 0, 0
54164, 6, 1, 1, 0, 6, 0
67790, 0, 1, 1, 0, 0, 0
67575, 3, 1, 1, 0, 3, 0
73713, 0, 1, 1, 0, 0, 0
73714, 0, 1, 1, 0, 0, 0
73753, 2, 2, 2, 0, 2, 0
73754, 0, 1, 1, 0, 0, 0
54084, 0, 2, 2, 0, 0, 0
54085, 2, 1, 1, 0, 1, 1
73763, 1, 2, 2, 0, 1, 0
58137, 0, 2, 2, 0, 0, 0
58138, 2, 2, 2, 0, 2, 0
58141, 0, 1, 1, 0, 0, 0
58142, 26, 1, 1, 0, 25, 1
58143, 0, 1, 1, 0, 0, 0
58144, 0, 2, 2, 0, 0, 0
58145, 3, 1, 1, 0, 2, 1
58146, 0, 2, 2, 0, 0, 0
73766, 0, 1, 1, 0, 0, 0
65530, 2, 2, 2, 0, 2, 0
65531, 0, 1, 1, 0, 0, 0
44210, 1, 1, 1, 0, 0, 1
66980, 0, 1, 1, 0, 0, 0
64429, 9, 2, 0, 2, 6, 3
67153, 4, 2, 2, 0, 4, 0
67155, 2, 2, 2, 0, 2, 0
43945, 0, 1, 0, 1, 0, 0
43946, 0, 1, 0, 1, 0, 0
73772, 1, 1, 1, 0, 1, 0
70330, 0, 1, 1, 0, 0, 0
70331, 0, 1, 1, 0, 0, 0
70332, 1, 1, 1, 0, 1, 0
70333, 1, 1, 1, 0, 1, 0
70334, 0, 1, 1, 0, 0, 0
70335, 0, 1, 1, 0, 0, 0
66296, 4, 1, 1, 0, 1, 3
66297, 0, 1, 1, 0, 0, 0
73773, 1, 1, 1, 0, 1, 0
73786, 0, 2, 1, 1, 0, 0
73787, 1, 1, 1, 0, 0, 1
71366, 0, 1, 1, 0, 0, 0
71367, 1, 1, 1, 0, 1, 0
73794, 1, 1, 1, 0, 1, 0
43631, 2, 0, 0, 0, 2, 0
43641, 2, 0, 0, 0, 2, 0
73796, 1, 1, 1, 0, 1, 0
43650, 2, 0, 0, 0, 2, 0
70944, 0, 1, 1, 0, 0, 0
70945, 0, 1, 1, 0, 0, 0
43654, 2, 0, 0, 0, 2, 0
43655, 3, 0, 0, 0, 3, 0
73800, 1, 1, 1, 0, 1, 0
43681, 2, 0, 0, 0, 2, 0
64142, 2, 2, 2, 0, 2, 0
64143, 1, 2, 2, 0, 1, 0
43764, 2, 1, 1, 0, 2, 0
43765, 14, 0, 0, 0, 12, 2
43768, 5, 0, 0, 0, 5, 0
43769, 0, 1, 1, 0, 0, 0
43772, 2, 0, 0, 0, 2, 0
43774, 2, 0, 0, 0, 2, 0
43778, 2, 0, 0, 0, 2, 0
73804, 0, 1, 1, 0, 0, 0
60840, 0, 1, 1, 0, 0, 0
43791, 2, 0, 0, 0, 2, 0
43793, 2, 0, 0, 0, 2, 0
44306, 0, 1, 1, 0, 0, 0
43800, 2, 0, 0, 0, 2, 0
43801, 9, 0, 0, 0, 9, 0
43811, 7, 0, 0, 0, 7, 0
43812, 0, 2, 2, 0, 0, 0
43813, 0, 2, 2, 0, 0, 0
43820, 2, 0, 0, 0, 2, 0
73809, 0, 1, 1, 0, 0, 0
43825, 2, 0, 0, 0, 2, 0
43826, 2, 0, 0, 0, 2, 0
43827, 2, 0, 0, 0, 2, 0
43828, 11, 0, 0, 0, 11, 0
59955, 1, 2, 2, 0, 1, 0
59956, 2, 1, 1, 0, 2, 0
43830, 2, 0, 0, 0, 2, 0
43831, 2, 0, 0, 0, 2, 0
43834, 3, 0, 0, 0, 2, 1
43837, 2, 0, 0, 0, 2, 0
43838, 5, 0, 0, 0, 5, 0
43842, 0, 1, 1, 0, 0, 0
43849, 2, 0, 0, 0, 2, 0
43850, 2, 0, 0, 0, 2, 0
43852, 8, 1, 1, 0, 8, 0
73813, 0, 1, 1, 0, 0, 0
43854, 5, 0, 0, 0, 4, 1
43855, 3, 0, 0, 0, 3, 0
43859, 2, 0, 0, 0, 2, 0
43860, 2, 0, 0, 0, 2, 0
43861, 7, 0, 0, 0, 7, 0
43863, 4, 1, 1, 0, 4, 0
43864, 4, 1, 1, 0, 4, 0
43867, 2, 0, 0, 0, 2, 0
43868, 11, 0, 0, 0, 6, 5
43869, 0, 1, 1, 0, 0, 0
43870, 0, 1, 0, 1, 0, 0
43872, 2, 0, 0, 0, 2, 0
43873, 6, 0, 0, 0, 3, 3
43874, 6, 0, 0, 0, 6, 0
43875, 0, 1, 1, 0, 0, 0
43876, 3, 0, 0, 0, 3, 0
43877, 2, 0, 0, 0, 2, 0
43879, 3, 0, 0, 0, 2, 1
43881, 2, 0, 0, 0, 2, 0
43882, 2, 0, 0, 0, 2, 0
43883, 2, 0, 0, 0, 2, 0
43884, 2, 0, 0, 0, 2, 0
43897, 3, 0, 0, 0, 2, 1
43899, 2, 0, 0, 0, 2, 0
43900, 2, 0, 0, 0, 2, 0
43901, 4, 0, 0, 0, 4, 0
71726, 0, 1, 1, 0, 0, 0
43904, 2, 0, 0, 0, 2, 0
43905, 2, 0, 0, 0, 2, 0
43922, 2, 0, 0, 0, 2, 0
43923, 2, 0, 0, 0, 2, 0
73816, 1, 1, 1, 0, 1, 0
73817, 0, 1, 1, 0, 0, 0
73818, 0, 1, 1, 0, 0, 0
43930, 0, 1, 1, 0, 0, 0
43931, 4, 0, 0, 0, 4, 0
43932, 0, 1, 1, 0, 0, 0
43933, 2, 0, 0, 0, 2, 0
43937, 3, 0, 0, 0, 3, 0
43938, 0, 1, 1, 0, 0, 0
43939, 26, 0, 0, 0, 26, 0
43940, 1, 2, 2, 0, 1, 0
43941, 0, 1, 1, 0, 0, 0
43942, 1, 1, 1, 0, 1, 0
73821, 1, 1, 1, 0, 1, 0
43943, 3, 0, 0, 0, 3, 0
43951, 3, 0, 0, 0, 3, 0
43952, 2, 0, 0, 0, 2, 0
43957, 2, 0, 0, 0, 2, 0
43962, 2, 0, 0, 0, 2, 0
43963, 7, 0, 0, 0, 7, 0
43965, 2, 0, 0, 0, 2, 0
43966, 2, 1, 1, 0, 2, 0
43967, 2, 0, 0, 0, 2, 0
43968, 2, 0, 0, 0, 2, 0
43969, 3, 1, 1, 0, 3, 0
43973, 2, 0, 0, 0, 2, 0
43975, 3, 1, 1, 0, 3, 0
43976, 1, 2, 2, 0, 1, 0
43977, 7, 0, 0, 0, 7, 0
43978, 0, 1, 1, 0, 0, 0
43979, 2, 1, 1, 0, 2, 0
43980, 2, 0, 0, 0, 2, 0
43981, 2, 0, 0, 0, 2, 0
43982, 5, 0, 0, 0, 5, 0
43983, 9, 0, 0, 0, 7, 2
43985, 3, 0, 0, 0, 3, 0
43986, 3, 0, 0, 0, 3, 0
43987, 0, 2, 2, 0, 0, 0
43988, 2, 0, 0, 0, 2, 0
43990, 2, 0, 0, 0, 2, 0
43993, 0, 1, 1, 0, 0, 0
43997, 5, 1, 0, 1, 3, 2
43998, 0, 1, 0, 1, 0, 0
58205, 2, 1, 1, 0, 2, 0
58206, 45, 1, 0, 1, 32, 13
58207, 1, 1, 0, 1, 1, 0
58208, 0, 1, 0, 1, 0, 0
71958, 0, 2, 2, 0, 0, 0
43999, 4, 0, 0, 0, 4, 0
44000, 2, 0, 0, 0, 2, 0
44001, 2, 0, 0, 0, 2, 0
44005, 2, 0, 0, 0, 2, 0
72627, 0, 1, 0, 1, 0, 0
72073, 0, 1, 0, 1, 0, 0
44016, 2, 0, 0, 0, 2, 0
44017, 2, 0, 0, 0, 2, 0
44019, 11, 0, 0, 0, 10, 1
44020, 12, 0, 0, 0, 11, 1
44021, 1, 1, 1, 0, 1, 0
44026, 2, 0, 0, 0, 2, 0
44027, 2, 0, 0, 0, 2, 0
44028, 2, 0, 0, 0, 2, 0
44029, 3, 0, 0, 0, 3, 0
44030, 3, 0, 0, 0, 3, 0
44032, 3, 0, 0, 0, 2, 1
50436, 0, 1, 1, 0, 0, 0
58843, 0, 1, 1, 0, 0, 0
67458, 0, 1, 1, 0, 0, 0
44333, 2, 1, 1, 0, 2, 0
66646, 4, 1, 1, 0, 4, 0
44058, 2, 0, 0, 0, 2, 0
44059, 2, 0, 0, 0, 2, 0
73838, 1, 1, 1, 0, 1, 0
73839, 1, 1, 1, 0, 1, 0
44068, 7, 0, 0, 0, 7, 0
44072, 2, 0, 0, 0, 2, 0
67056, 0, 1, 1, 0, 0, 0
68594, 2, 2, 2, 0, 2, 0
44089, 3, 0, 0, 0, 3, 0
44090, 0, 1, 1, 0, 0, 0
44091, 2, 0, 0, 0, 2, 0
44092, 2, 0, 0, 0, 2, 0
44094, 2, 0, 0, 0, 2, 0
44096, 0, 1, 1, 0, 0, 0
44097, 5, 0, 0, 0, 4, 1
44099, 4, 0, 0, 0, 4, 0
44102, 0, 1, 1, 0, 0, 0
44107, 3, 0, 0, 0, 3, 0
73845, 0, 1, 1, 0, 0, 0
44111, 2, 0, 0, 0, 2, 0
44116, 11, 1, 1, 0, 10, 1
44117, 0, 1, 1, 0, 0, 0
44119, 2, 0, 0, 0, 2, 0
44123, 14, 2, 2, 0, 14, 0
44125, 1, 1, 1, 0, 1, 0
44126, 4, 0, 0, 0, 4, 0
44127, 2, 1, 1, 0, 2, 0
44128, 2, 0, 0, 0, 2, 0
58940, 0, 1, 1, 0, 0, 0
58941, 0, 1, 1, 0, 0, 0
58942, 1, 1, 1, 0, 1, 0
44135, 2, 0, 0, 0, 2, 0
44139, 2, 0, 0, 0, 2, 0
44141, 0, 2, 2, 0, 0, 0
44142, 2, 0, 0, 0, 2, 0
44143, 22, 1, 1, 0, 8, 14
44147, 2, 0, 0, 0, 2, 0
44151, 2, 0, 0, 0, 2, 0
44155, 13, 0, 0, 0, 13, 0
44156, 0, 1, 1, 0, 0, 0
44157, 0, 1, 1, 0, 0, 0
44158, 6, 0, 0, 0, 6, 0
44159, 0, 1, 1, 0, 0, 0
44160, 3, 0, 0, 0, 3, 0
44163, 2, 0, 0, 0, 2, 0
44164, 3, 0, 0, 0, 3, 0
44165, 2, 0, 0, 0, 2, 0
44166, 4, 0, 0, 0, 3, 1
44169, 1, 1, 1, 0, 1, 0
44170, 0, 1, 1, 0, 0, 0
44172, 3, 0, 0, 0, 2, 1
44174, 4, 0, 0, 0, 4, 0
44175, 2, 0, 0, 0, 2, 0
44176, 2, 0, 0, 0, 2, 0
44177, 3, 0, 0, 0, 3, 0
44178, 2, 0, 0, 0, 2, 0
44179, 2, 0, 0, 0, 2, 0
44181, 2, 0, 0, 0, 2, 0
44182, 5, 0, 0, 0, 5, 0
44189, 3, 0, 0, 0, 3, 0
73848, 0, 1, 1, 0, 0, 0
44192, 9, 0, 0, 0, 6, 3
70192, 0, 1, 1, 0, 0, 0
70193, 1, 2, 1, 1, 1, 0
73850, 0, 1, 1, 0, 0, 0
73851, 1, 1, 1, 0, 1, 0
67593, 0, 1, 0, 1, 0, 0
44205, 2, 0, 0, 0, 2, 0
44206, 3, 0, 0, 0, 3, 0
44211, 2, 0, 0, 0, 2, 0
44216, 4, 0, 0, 0, 4, 0
44218, 2, 0, 0, 0, 2, 0
44222, 3, 0, 0, 0, 3, 0
66191, 0, 3, 3, 0, 0, 0
44228, 2, 0, 0, 0, 2, 0
44229, 4, 0, 0, 0, 3, 1
44230, 3, 0, 0, 0, 2, 1
44233, 6, 0, 0, 0, 6, 0
44234, 2, 0, 0, 0, 2, 0
44235, 2, 0, 0, 0, 2, 0
44236, 8, 0, 0, 0, 8, 0
44239, 2, 0, 0, 0, 2, 0
54434, 3, 1, 1, 0, 3, 0
73857, 0, 1, 1, 0, 0, 0
44244, 2, 0, 0, 0, 2, 0
44245, 2, 0, 0, 0, 2, 0
44248, 3, 0, 0, 0, 2, 1
44253, 4, 3, 3, 0, 4, 0
73858, 0, 2, 2, 0, 0, 0
44255, 2, 0, 0, 0, 2, 0
44256, 2, 0, 0, 0, 2, 0
44259, 2, 0, 0, 0, 2, 0
44261, 2, 0, 0, 0, 2, 0
44262, 6, 0, 0, 0, 5, 1
44263, 2, 1, 0, 1, 2, 0
44265, 58, 0, 0, 0, 47, 11
44268, 0, 1, 1, 0, 0, 0
44269, 0, 1, 1, 0, 0, 0
44270, 1, 1, 1, 0, 1, 0
44271, 0, 1, 1, 0, 0, 0
63743, 3, 1, 1, 0, 3, 0
73860, 0, 1, 1, 0, 0, 0
44273, 2, 0, 0, 0, 2, 0
44275, 4, 0, 0, 0, 4, 0
44276, 3, 0, 0, 0, 3, 0
44277, 0, 1, 1, 0, 0, 0
44280, 7, 0, 0, 0, 7, 0
44281, 0, 1, 1, 0, 0, 0
44282, 5, 0, 0, 0, 4, 1
44283, 4, 0, 0, 0, 4, 0
44285, 2, 0, 0, 0, 2, 0
73863, 0, 1, 1, 0, 0, 0
66566, 0, 1, 0, 1, 0, 0
44816, 9, 1, 1, 0, 9, 0
44817, 0, 5, 5, 0, 0, 0
44292, 2, 0, 0, 0, 2, 0
44293, 7, 0, 0, 0, 7, 0
44294, 2, 0, 0, 0, 2, 0
44295, 2, 1, 1, 0, 2, 0
73867, 2, 1, 1, 0, 2, 0
44308, 3, 0, 0, 0, 2, 1
44309, 3, 0, 0, 0, 3, 0
44312, 7, 0, 0, 0, 7, 0
44313, 0, 1, 1, 0, 0, 0
44314, 0, 1, 1, 0, 0, 0
44315, 4, 0, 0, 0, 4, 0
44316, 2, 0, 0, 0, 2, 0
44317, 2, 0, 0, 0, 2, 0
44318, 2, 0, 0, 0, 2, 0
73870, 0, 1, 1, 0, 0, 0
44321, 2, 0, 0, 0, 2, 0
44322, 4, 0, 0, 0, 3, 1
44326, 3, 0, 0, 0, 3, 0
44327, 2, 0, 0, 0, 2, 0
44329, 3, 0, 0, 0, 3, 0
44331, 2, 0, 0, 0, 2, 0
44332, 2, 0, 0, 0, 2, 0
73871, 0, 1, 1, 0, 0, 0
44334, 7, 0, 0, 0, 7, 0
44335, 2, 0, 0, 0, 2, 0
44336, 3, 1, 1, 0, 3, 0
44337, 1, 1, 1, 0, 1, 0
44338, 8, 0, 0, 0, 8, 0
73791, 3, 1, 1, 0, 3, 0
44343, 5, 0, 0, 0, 5, 0
44349, 14, 0, 0, 0, 13, 1
44350, 0, 1, 1, 0, 0, 0
44353, 7, 0, 0, 0, 7, 0
44355, 0, 3, 3, 0, 0, 0
44356, 41, 0, 0, 0, 33, 8
44357, 0, 1, 1, 0, 0, 0
44358, 1, 1, 1, 0, 1, 0
44359, 0, 2, 2, 0, 0, 0
44360, 0, 1, 1, 0, 0, 0
44361, 0, 1, 1, 0, 0, 0
55584, 2, 3, 0, 3, 0, 2
73874, 2, 2, 2, 0, 2, 0
44373, 7, 0, 0, 0, 6, 1
44375, 2, 0, 0, 0, 2, 0
44376, 2, 0, 0, 0, 2, 0
44379, 2, 0, 0, 0, 2, 0
73877, 4, 2, 2, 0, 4, 0
73878, 1, 3, 3, 0, 1, 0
73879, 5, 2, 2, 0, 4, 1
44388, 5, 0, 0, 0, 5, 0
70301, 7, 1, 1, 0, 6, 1
44394, 4, 0, 0, 0, 4, 0
44395, 2, 0, 0, 0, 2, 0
58052, 0, 1, 1, 0, 0, 0
53434, 0, 1, 1, 0, 0, 0
53435, 0, 1, 1, 0, 0, 0
44405, 5, 0, 0, 0, 4, 1
44407, 2, 0, 0, 0, 2, 0
44408, 3, 0, 0, 0, 3, 0
44409, 2, 0, 0, 0, 2, 0
54918, 0, 1, 1, 0, 0, 0
54919, 0, 1, 1, 0, 0, 0
73881, 1, 1, 1, 0, 1, 0
69567, 0, 1, 1, 0, 0, 0
69568, 0, 1, 1, 0, 0, 0
69569, 1, 2, 1, 1, 0, 1
69570, 2, 1, 1, 0, 2, 0
69571, 0, 1, 0, 1, 0, 0
55611, 7, 1, 1, 0, 6, 1
67647, 0, 1, 1, 0, 0, 0
44443, 0, 1, 1, 0, 0, 0
44448, 3, 0, 0, 0, 3, 0
44450, 2, 0, 0, 0, 2, 0
44451, 2, 0, 0, 0, 2, 0
46356, 2, 1, 1, 0, 2, 0
46357, 0, 1, 1, 0, 0, 0
44845, 0, 1, 1, 0, 0, 0
44459, 3, 1, 1, 0, 3, 0
44460, 12, 0, 0, 0, 10, 2
44461, 2, 0, 0, 0, 2, 0
44462, 12, 1, 1, 0, 8, 4
44463, 1, 1, 1, 0, 1, 0
44465, 2, 0, 0, 0, 2, 0
44466, 2, 0, 0, 0, 2, 0
44467, 2, 0, 0, 0, 2, 0
44470, 8, 1, 1, 0, 6, 2
44471, 1, 1, 1, 0, 1, 0
44472, 0, 1, 1, 0, 0, 0
44473, 2, 0, 0, 0, 2, 0
44475, 0, 1, 1, 0, 0, 0
44476, 0, 1, 1, 0, 0, 0
44477, 0, 1, 1, 0, 0, 0
44478, 4, 0, 0, 0, 4, 0
44480, 0, 1, 1, 0, 0, 0
44484, 2, 0, 0, 0, 2, 0
44489, 2, 0, 0, 0, 2, 0
44494, 1, 1, 1, 0, 1, 0
44498, 6, 0, 0, 0, 5, 1
44499, 5, 3, 3, 0, 4, 1
73897, 4, 2, 2, 0, 4, 0
44501, 2, 0, 0, 0, 2, 0
44502, 2, 0, 0, 0, 2, 0
44503, 2, 0, 0, 0, 2, 0
44504, 4, 0, 0, 0, 3, 1
44505, 4, 0, 0, 0, 4, 0
44506, 2, 0, 0, 0, 2, 0
44507, 2, 0, 0, 0, 2, 0
44508, 6, 0, 0, 0, 6, 0
44510, 7, 0, 0, 0, 5, 2
44513, 2, 0, 0, 0, 2, 0
44521, 4, 0, 0, 0, 2, 2
44522, 7, 0, 0, 0, 6, 1
44524, 0, 1, 1, 0, 0, 0
44525, 2, 0, 0, 0, 2, 0
44526, 3, 0, 0, 0, 3, 0
44527, 2, 1, 1, 0, 2, 0
44529, 6, 1, 1, 0, 6, 0
44530, 0, 1, 1, 0, 0, 0
44531, 2, 1, 1, 0, 2, 0
73903, 0, 1, 1, 0, 0, 0
46274, 6, 6, 5, 1, 6, 0
67904, 22, 4, 4, 0, 18, 4
67905, 6, 4, 4, 0, 6, 0
67906, 0, 2, 2, 0, 0, 0
67907, 1, 4, 4, 0, 1, 0
73904, 1, 1, 1, 0, 1, 0
73905, 0, 6, 6, 0, 0, 0
73906, 1, 2, 2, 0, 1, 0
73907, 5, 1, 1, 0, 4, 1
73908, 0, 2, 2, 0, 0, 0
73909, 0, 1, 1, 0, 0, 0
73910, 1, 2, 2, 0, 0, 1
73911, 0, 1, 0, 1, 0, 0
54199, 0, 1, 1, 0, 0, 0
44557, 3, 0, 0, 0, 2, 1
44569, 2, 0, 0, 0, 2, 0
44571, 2, 0, 0, 0, 2, 0
44575, 7, 0, 0, 0, 7, 0
44584, 2, 0, 0, 0, 2, 0
44586, 4, 2, 2, 0, 4, 0
73914, 0, 1, 1, 0, 0, 0
44587, 2, 0, 0, 0, 2, 0
44589, 2, 0, 0, 0, 2, 0
73915, 0, 1, 0, 1, 0, 0
73916, 0, 1, 0, 1, 0, 0
44595, 4, 0, 0, 0, 4, 0
44596, 5, 0, 0, 0, 5, 0
44597, 2, 0, 0, 0, 2, 0
44604, 2, 0, 0, 0, 2, 0
44605, 2, 0, 0, 0, 2, 0
44606, 2, 0, 0, 0, 2, 0
44607, 3, 1, 1, 0, 3, 0
73917, 0, 1, 1, 0, 0, 0
73918, 0, 1, 1, 0, 0, 0
44609, 2, 0, 0, 0, 2, 0
44610, 2, 0, 0, 0, 2, 0
44611, 4, 0, 0, 0, 3, 1
44630, 0, 1, 1, 0, 0, 0
44643, 3, 0, 0, 0, 3, 0
44644, 4, 0, 0, 0, 4, 0
44645, 2, 0, 0, 0, 2, 0
44646, 2, 0, 0, 0, 2, 0
44647, 2, 0, 0, 0, 2, 0
44652, 2, 0, 0, 0, 2, 0
55398, 5, 1, 0, 1, 5, 0
44667, 2, 1, 1, 0, 2, 0
44669, 0, 1, 1, 0, 0, 0
44674, 3, 0, 0, 0, 3, 0
44676, 4, 0, 0, 0, 4, 0
44677, 0, 1, 1, 0, 0, 0
44688, 2, 0, 0, 0, 2, 0
44695, 3, 0, 0, 0, 2, 1
44696, 2, 0, 0, 0, 2, 0
44697, 2, 0, 0, 0, 2, 0
44698, 2, 0, 0, 0, 2, 0
44703, 5, 0, 0, 0, 5, 0
44704, 2, 0, 0, 0, 2, 0
44708, 5, 0, 0, 0, 5, 0
44709, 2, 0, 0, 0, 2, 0
44710, 2, 0, 0, 0, 2, 0
44711, 4, 0, 0, 0, 4, 0
44712, 2, 0, 0, 0, 2, 0
44715, 3, 0, 0, 0, 3, 0
44716, 2, 0, 0, 0, 2, 0
44717, 6, 0, 0, 0, 6, 0
44718, 2, 0, 0, 0, 2, 0
44720, 2, 0, 0, 0, 2, 0
44721, 11, 0, 0, 0, 11, 0
44724, 2, 0, 0, 0, 2, 0
44725, 3, 0, 0, 0, 3, 0
56876, 5, 1, 1, 0, 5, 0
44732, 7, 0, 0, 0, 6, 1
44733, 0, 1, 1, 0, 0, 0
44734, 2, 1, 1, 0, 2, 0
73935, 0, 1, 1, 0, 0, 0
55564, 7, 3, 3, 0, 7, 0
44757, 6, 0, 0, 0, 6, 0
44760, 3, 0, 0, 0, 3, 0
44762, 6, 0, 0, 0, 6, 0
44763, 3, 0, 0, 0, 3, 0
73939, 0, 1, 1, 0, 0, 0
67451, 9, 1, 1, 0, 8, 1
73940, 0, 1, 0, 1, 0, 0
73941, 0, 1, 1, 0, 0, 0
44814, 5, 0, 0, 0, 4, 1
44815, 2, 0, 0, 0, 2, 0
44818, 0, 1, 1, 0, 0, 0
44819, 0, 1, 1, 0, 0, 0
44820, 2, 0, 0, 0, 2, 0
44821, 3, 0, 0, 0, 3, 0
44822, 4, 0, 0, 0, 4, 0
44823, 2, 0, 0, 0, 2, 0
44824, 2, 0, 0, 0, 2, 0
44825, 2, 0, 0, 0, 2, 0
44828, 3, 0, 0, 0, 3, 0
73942, 0, 2, 2, 0, 0, 0
73943, 3, 2, 2, 0, 3, 0
73944, 2, 2, 2, 0, 2, 0
44833, 2, 0, 0, 0, 2, 0
44834, 3, 0, 0, 0, 2, 1
50562, 2, 1, 1, 0, 2, 0
44840, 2, 0, 0, 0, 2, 0
44841, 2, 0, 0, 0, 2, 0
44842, 5, 0, 0, 0, 5, 0
73945, 0, 1, 0, 1, 0, 0
44844, 2, 0, 0, 0, 2, 0
44846, 5, 0, 0, 0, 5, 0
44854, 3, 0, 0, 0, 3, 0
44860, 2, 0, 0, 0, 2, 0
44867, 4, 1, 1, 0, 4, 0
44871, 0, 2, 2, 0, 0, 0
73949, 1, 1, 1, 0, 1, 0
73950, 0, 1, 1, 0, 0, 0
73951, 0, 1, 1, 0, 0, 0
73952, 0, 1, 1, 0, 0, 0
73953, 4, 1, 1, 0, 4, 0
44874, 2, 0, 0, 0, 2, 0
44876, 2, 0, 0, 0, 2, 0
44877, 2, 0, 0, 0, 2, 0
44879, 2, 0, 0, 0, 2, 0
44880, 2, 1, 1, 0, 2, 0
44885, 2, 0, 0, 0, 2, 0
44886, 4, 0, 0, 0, 4, 0
44887, 2, 0, 0, 0, 2, 0
44888, 5, 0, 0, 0, 5, 0
44889, 4, 0, 0, 0, 4, 0
44890, 2, 0, 0, 0, 2, 0
44895, 4, 0, 0, 0, 4, 0
44900, 2, 0, 0, 0, 2, 0
44902, 3, 0, 0, 0, 3, 0
44903, 2, 0, 0, 0, 2, 0
44905, 2, 0, 0, 0, 2, 0
44906, 2, 0, 0, 0, 2, 0
58055, 0, 1, 0, 1, 0, 0
44914, 2, 0, 0, 0, 2, 0
44920, 3, 0, 0, 0, 3, 0
44921, 0, 1, 1, 0, 0, 0
73961, 0, 1, 1, 0, 0, 0
44927, 0, 1, 1, 0, 0, 0
44928, 2, 0, 0, 0, 2, 0
59388, 0, 1, 1, 0, 0, 0
44935, 2, 0, 0, 0, 2, 0
44936, 2, 0, 0, 0, 2, 0
73963, 2, 1, 1, 0, 2, 0
44939, 2, 0, 0, 0, 2, 0
44940, 2, 0, 0, 0, 2, 0
44941, 5, 0, 0, 0, 5, 0
44942, 0, 2, 2, 0, 0, 0
44943, 2, 0, 0, 0, 2, 0
44944, 2, 0, 0, 0, 2, 0
44947, 2, 0, 0, 0, 2, 0
44949, 2, 0, 0, 0, 2, 0
73965, 1, 1, 1, 0, 1, 0
73966, 1, 1, 0, 1, 0, 1
44955, 0, 1, 1, 0, 0, 0
44956, 3, 0, 0, 0, 3, 0
44957, 4, 0, 0, 0, 4, 0
73967, 1, 2, 2, 0, 1, 0
44959, 2, 0, 0, 0, 2, 0
44961, 0, 2, 2, 0, 0, 0
70299, 0, 2, 2, 0, 0, 0
44970, 2, 0, 0, 0, 2, 0
44972, 2, 0, 0, 0, 2, 0
44974, 9, 0, 0, 0, 8, 1
44976, 2, 1, 1, 0, 2, 0
44980, 2, 0, 0, 0, 2, 0
44984, 2, 0, 0, 0, 2, 0
44988, 2, 0, 0, 0, 2, 0
44990, 2, 0, 0, 0, 2, 0
44991, 3, 0, 0, 0, 3, 0
44992, 3, 0, 0, 0, 3, 0
44993, 2, 0, 0, 0, 2, 0
44994, 3, 0, 0, 0, 3, 0
44996, 2, 0, 0, 0, 2, 0
44997, 2, 0, 0, 0, 2, 0
44998, 6, 0, 0, 0, 6, 0
44999, 0, 3, 3, 0, 0, 0
45000, 2, 0, 0, 0, 2, 0
45001, 2, 0, 0, 0, 2, 0
45004, 2, 0, 0, 0, 2, 0
45005, 2, 0, 0, 0, 2, 0
45009, 2, 0, 0, 0, 2, 0
45010, 2, 0, 0, 0, 2, 0
45011, 3, 0, 0, 0, 2, 1
45019, 2, 0, 0, 0, 2, 0
45020, 4, 0, 0, 0, 4, 0
45021, 2, 0, 0, 0, 2, 0
45022, 4, 0, 0, 0, 4, 0
45025, 2, 0, 0, 0, 2, 0
45026, 2, 0, 0, 0, 2, 0
45028, 2, 0, 0, 0, 2, 0
45031, 6, 2, 2, 0, 6, 0
45032, 1, 1, 1, 0, 0, 1
45033, 0, 2, 2, 0, 0, 0
45034, 4, 0, 0, 0, 4, 0
45035, 2, 0, 0, 0, 2, 0
73969, 0, 1, 1, 0, 0, 0
45046, 11, 0, 0, 0, 11, 0
45049, 4, 0, 0, 0, 3, 1
45051, 3, 0, 0, 0, 3, 0
45052, 6, 0, 0, 0, 5, 1
45054, 2, 0, 0, 0, 2, 0
45064, 3, 0, 0, 0, 2, 1
45068, 3, 0, 0, 0, 2, 1
45069, 0, 1, 0, 1, 0, 0
73972, 0, 1, 1, 0, 0, 0
73973, 1, 1, 1, 0, 1, 0
73974, 0, 1, 1, 0, 0, 0
73975, 0, 1, 1, 0, 0, 0
45073, 3, 1, 1, 0, 2, 1
45075, 2, 0, 0, 0, 2, 0
73980, 1, 1, 1, 0, 1, 0
73981, 0, 1, 1, 0, 0, 0
67577, 0, 1, 1, 0, 0, 0
66193, 3, 1, 1, 0, 3, 0
66194, 0, 1, 1, 0, 0, 0
66195, 0, 1, 1, 0, 0, 0
66196, 0, 1, 1, 0, 0, 0
66197, 1, 1, 0, 1, 0, 1
45116, 2, 0, 0, 0, 2, 0
73985, 0, 1, 1, 0, 0, 0
73986, 0, 1, 1, 0, 0, 0
68699, 0, 1, 1, 0, 0, 0
68700, 0, 1, 0, 1, 0, 0
45130, 3, 0, 0, 0, 2, 1
45136, 17, 1, 1, 0, 17, 0
45137, 0, 1, 1, 0, 0, 0
45139, 0, 1, 1, 0, 0, 0
45140, 0, 1, 1, 0, 0, 0
45141, 0, 1, 1, 0, 0, 0
45146, 5, 1, 1, 0, 5, 0
45147, 1, 1, 1, 0, 1, 0
45149, 0, 1, 1, 0, 0, 0
73265, 5, 1, 1, 0, 4, 1
45161, 3, 0, 0, 0, 3, 0
45162, 2, 0, 0, 0, 2, 0
45164, 2, 0, 0, 0, 2, 0
45166, 2, 0, 0, 0, 2, 0
45167, 2, 0, 0, 0, 2, 0
73996, 1, 1, 1, 0, 1, 0
45170, 2, 0, 0, 0, 2, 0
45174, 2, 0, 0, 0, 2, 0
45176, 2, 0, 0, 0, 2, 0
45177, 2, 0, 0, 0, 2, 0
73997, 3, 1, 1, 0, 3, 0
45195, 20, 0, 0, 0, 18, 2
45197, 2, 0, 0, 0, 2, 0
45199, 2, 0, 0, 0, 2, 0
73998, 0, 1, 1, 0, 0, 0
73999, 3, 1, 1, 0, 3, 0
45201, 2, 0, 0, 0, 2, 0
45202, 2, 0, 0, 0, 2, 0
45204, 0, 1, 1, 0, 0, 0
45205, 1, 1, 1, 0, 1, 0
45206, 2, 0, 0, 0, 2, 0
45207, 2, 0, 0, 0, 2, 0
45208, 6, 0, 0, 0, 6, 0
74000, 17, 1, 1, 0, 17, 0
70224, 0, 1, 1, 0, 0, 0
45212, 2, 0, 0, 0, 2, 0
45213, 2, 0, 0, 0, 2, 0
45215, 2, 0, 0, 0, 2, 0
45216, 2, 0, 0, 0, 2, 0
45219, 0, 1, 1, 0, 0, 0
45220, 3, 0, 0, 0, 3, 0
45222, 2, 0, 0, 0, 2, 0
45223, 4, 1, 1, 0, 4, 0
45224, 0, 1, 1, 0, 0, 0
45225, 1, 1, 1, 0, 1, 0
45226, 11, 0, 0, 0, 11, 0
45227, 2, 0, 0, 0, 2, 0
45228, 9, 0, 0, 0, 9, 0
45230, 2, 0, 0, 0, 2, 0
45233, 12, 0, 0, 0, 12, 0
66594, 3, 1, 1, 0, 3, 0
45238, 2, 0, 0, 0, 2, 0
45239, 2, 0, 0, 0, 2, 0
45240, 2, 0, 0, 0, 2, 0
45241, 2, 0, 0, 0, 2, 0
69293, 1, 1, 1, 0, 1, 0
74012, 0, 1, 1, 0, 0, 0
73064, 0, 1, 1, 0, 0, 0
74031, 0, 1, 1, 0, 0, 0
55812, 0, 1, 1, 0, 0, 0
55813, 9, 1, 1, 0, 9, 0
70508, 1, 1, 1, 0, 1, 0
74091, 1, 3, 2, 1, 1, 0
74095, 0, 1, 1, 0, 0, 0
74106, 0, 1, 1, 0, 0, 0
74107, 0, 1, 1, 0, 0, 0
72028, 0, 1, 1, 0, 0, 0
72029, 0, 1, 1, 0, 0, 0
73261, 0, 2, 2, 0, 0, 0
60324, 1, 2, 2, 0, 1, 0
66629, 1, 1, 1, 0, 1, 0
66630, 0, 1, 1, 0, 0, 0
68648, 0, 1, 1, 0, 0, 0
70059, 0, 2, 2, 0, 0, 0
70060, 3, 1, 1, 0, 2, 1
70061, 0, 1, 1, 0, 0, 0
68432, 0, 1, 1, 0, 0, 0
68433, 0, 1, 1, 0, 0, 0
68434, 0, 1, 1, 0, 0, 0
68435, 1, 2, 2, 0, 1, 0
68436, 0, 1, 1, 0, 0, 0
68437, 2, 1, 0, 1, 2, 0
68438, 0, 2, 1, 1, 0, 0
68439, 1, 1, 0, 1, 1, 0
68440, 0, 1, 0, 1, 0, 0
45738, 0, 1, 0, 1, 0, 0
74168, 0, 1, 1, 0, 0, 0
67736, 0, 1, 1, 0, 0, 0
59303, 7, 1, 1, 0, 3, 4
59304, 0, 1, 1, 0, 0, 0
66544, 0, 1, 1, 0, 0, 0
66545, 0, 1, 1, 0, 0, 0
66546, 0, 1, 1, 0, 0, 0
73548, 0, 1, 1, 0, 0, 0
74177, 1, 1, 1, 0, 1, 0
67643, 0, 1, 1, 0, 0, 0
67644, 0, 2, 1, 1, 0, 0
67645, 0, 1, 0, 1, 0, 0
69771, 0, 1, 0, 1, 0, 0
69772, 0, 1, 0, 1, 0, 0
69773, 0, 1, 0, 1, 0, 0
72695, 3, 2, 2, 0, 3, 0
45463, 0, 1, 0, 1, 0, 0
50155, 0, 1, 1, 0, 0, 0
50156, 0, 1, 1, 0, 0, 0
74247, 1, 1, 0, 1, 1, 0
61338, 0, 1, 0, 1, 0, 0
74248, 0, 1, 1, 0, 0, 0
74258, 0, 1, 1, 0, 0, 0
74259, 0, 1, 1, 0, 0, 0
66421, 1, 1, 1, 0, 1, 0
74262, 1, 1, 1, 0, 1, 0
74264, 3, 1, 1, 0, 2, 1
74265, 0, 1, 1, 0, 0, 0
74266, 1, 2, 2, 0, 1, 0
74267, 1, 1, 1, 0, 1, 0
74268, 3, 1, 1, 0, 3, 0
74272, 0, 1, 1, 0, 0, 0
59871, 0, 2, 1, 1, 0, 0
59872, 0, 1, 1, 0, 0, 0
59873, 0, 1, 1, 0, 0, 0
59874, 0, 1, 1, 0, 0, 0
59875, 1, 1, 1, 0, 1, 0
59876, 0, 1, 1, 0, 0, 0
72069, 2, 1, 1, 0, 2, 0
72070, 1, 2, 2, 0, 1, 0
71645, 3, 1, 1, 0, 3, 0
71646, 0, 1, 1, 0, 0, 0
74297, 0, 1, 1, 0, 0, 0
64891, 0, 2, 2, 0, 0, 0
74306, 1, 1, 1, 0, 1, 0
60007, 0, 1, 0, 1, 0, 0
60008, 0, 1, 0, 1, 0, 0
46297, 7, 1, 1, 0, 7, 0
46298, 0, 2, 2, 0, 0, 0
74310, 1, 1, 1, 0, 1, 0
74311, 0, 1, 1, 0, 0, 0
69011, 0, 2, 2, 0, 0, 0
46099, 0, 1, 1, 0, 0, 0
46100, 0, 1, 1, 0, 0, 0
46101, 0, 1, 1, 0, 0, 0
74316, 0, 1, 1, 0, 0, 0
71163, 0, 1, 1, 0, 0, 0
71164, 5, 2, 2, 0, 5, 0
74317, 0, 1, 1, 0, 0, 0
60626, 0, 1, 1, 0, 0, 0
60627, 0, 1, 1, 0, 0, 0
70277, 3, 1, 1, 0, 3, 0
62189, 0, 1, 1, 0, 0, 0
62190, 0, 1, 1, 0, 0, 0
62192, 0, 1, 1, 0, 0, 0
45625, 6, 0, 0, 0, 5, 1
45626, 2, 0, 0, 0, 2, 0
45632, 0, 1, 1, 0, 0, 0
45633, 0, 1, 1, 0, 0, 0
45634, 3, 0, 0, 0, 3, 0
45635, 0, 1, 1, 0, 0, 0
45640, 28, 0, 0, 0, 27, 1
45661, 10, 1, 1, 0, 10, 0
45662, 7, 1, 1, 0, 7, 0
45663, 0, 1, 1, 0, 0, 0
45664, 25, 0, 0, 0, 25, 0
45665, 0, 2, 2, 0, 0, 0
45667, 0, 2, 2, 0, 0, 0
46035, 0, 1, 1, 0, 0, 0
45671, 23, 0, 0, 0, 22, 1
45672, 2, 1, 1, 0, 2, 0
45673, 0, 1, 1, 0, 0, 0
45686, 6, 0, 0, 0, 6, 0
45688, 0, 2, 2, 0, 0, 0
74326, 0, 2, 2, 0, 0, 0
61495, 2, 1, 1, 0, 2, 0
45715, 6, 0, 0, 0, 6, 0
71670, 0, 1, 0, 1, 0, 0
69661, 0, 1, 1, 0, 0, 0
69662, 1, 1, 1, 0, 1, 0
69663, 0, 1, 1, 0, 0, 0
74331, 0, 1, 1, 0, 0, 0
60587, 0, 5, 5, 0, 0, 0
74332, 2, 1, 1, 0, 2, 0
74333, 1, 1, 1, 0, 1, 0
74334, 0, 1, 1, 0, 0, 0
45790, 4, 0, 0, 0, 4, 0
45793, 1, 0, 0, 0, 1, 0
68919, 0, 1, 1, 0, 0, 0
68920, 1, 1, 1, 0, 1, 0
45796, 9, 0, 0, 0, 1, 8
45797, 1, 0, 0, 0, 1, 0
45799, 7, 0, 0, 0, 7, 0
45800, 6, 0, 0, 0, 4, 2
71996, 0, 1, 0, 1, 0, 0
71997, 0, 1, 0, 1, 0, 0
58951, 1, 1, 1, 0, 1, 0
45815, 1, 0, 0, 0, 1, 0
74356, 0, 1, 1, 0, 0, 0
54885, 0, 1, 1, 0, 0, 0
55136, 0, 1, 0, 1, 0, 0
64334, 0, 2, 2, 0, 0, 0
74360, 0, 1, 1, 0, 0, 0
74361, 1, 1, 0, 1, 0, 1
73501, 0, 1, 1, 0, 0, 0
47117, 77, 1, 1, 0, 62, 15
74362, 1, 1, 1, 0, 1, 0
74363, 0, 3, 3, 0, 0, 0
45916, 2, 0, 0, 0, 2, 0
74365, 0, 1, 1, 0, 0, 0
74366, 0, 2, 1, 1, 0, 0
58506, 2, 2, 2, 0, 2, 0
58507, 0, 2, 2, 0, 0, 0
58508, 2, 1, 1, 0, 2, 0
74368, 0, 1, 0, 1, 0, 0
74369, 0, 1, 1, 0, 0, 0
74370, 0, 1, 1, 0, 0, 0
68411, 0, 2, 0, 2, 0, 0
45990, 3, 0, 0, 0, 3, 0
45992, 0, 1, 1, 0, 0, 0
45994, 0, 1, 1, 0, 0, 0
74295, 0, 2, 2, 0, 0, 0
74296, 2, 1, 1, 0, 2, 0
74371, 1, 1, 1, 0, 1, 0
73775, 0, 1, 1, 0, 0, 0
46023, 18, 0, 0, 0, 14, 4
46024, 0, 1, 1, 0, 0, 0
46025, 0, 1, 1, 0, 0, 0
46026, 0, 1, 1, 0, 0, 0
74372, 5, 1, 1, 0, 2, 3
74376, 4, 1, 1, 0, 4, 0
46040, 0, 1, 1, 0, 0, 0
46041, 7, 2, 2, 0, 7, 0
74379, 0, 1, 0, 1, 0, 0
74380, 2, 1, 1, 0, 2, 0
69472, 0, 1, 1, 0, 0, 0
74381, 0, 1, 1, 0, 0, 0
68873, 0, 1, 1, 0, 0, 0
68874, 0, 1, 1, 0, 0, 0
68875, 0, 1, 0, 1, 0, 0
74391, 0, 1, 1, 0, 0, 0
46084, 8, 0, 0, 0, 8, 0
46087, 1, 0, 0, 0, 1, 0
46091, 2, 0, 0, 0, 2, 0
70195, 1, 1, 1, 0, 1, 0
61496, 0, 1, 0, 1, 0, 0
46127, 1, 0, 0, 0, 1, 0
46131, 4, 0, 0, 0, 4, 0
46138, 5, 0, 0, 0, 5, 0
46140, 1, 0, 0, 0, 1, 0
46144, 1, 0, 0, 0, 1, 0
46150, 0, 1, 1, 0, 0, 0
46151, 0, 1, 1, 0, 0, 0
60342, 0, 1, 1, 0, 0, 0
46153, 6, 0, 0, 0, 6, 0
46154, 0, 1, 1, 0, 0, 0
74395, 0, 1, 1, 0, 0, 0
74396, 0, 2, 1, 1, 0, 0
74397, 2, 1, 1, 0, 1, 1
74398, 2, 1, 1, 0, 2, 0
74399, 1, 1, 1, 0, 1, 0
46180, 3, 0, 0, 0, 2, 1
46183, 1, 0, 0, 0, 1, 0
46185, 5, 0, 0, 0, 4, 1
69250, 0, 2, 2, 0, 0, 0
69251, 15, 1, 1, 0, 15, 0
46189, 1, 0, 0, 0, 1, 0
74401, 0, 1, 1, 0, 0, 0
74402, 0, 1, 1, 0, 0, 0
74408, 0, 1, 0, 1, 0, 0
74409, 0, 2, 2, 0, 0, 0
74410, 3, 1, 1, 0, 3, 0
46224, 8, 0, 0, 0, 4, 4
46226, 0, 1, 0, 1, 0, 0
72507, 0, 1, 1, 0, 0, 0
72508, 1, 1, 1, 0, 1, 0
72509, 0, 1, 0, 1, 0, 0
70963, 1, 1, 1, 0, 1, 0
70964, 0, 1, 1, 0, 0, 0
64855, 0, 1, 1, 0, 0, 0
74416, 0, 2, 2, 0, 0, 0
46256, 1, 0, 0, 0, 1, 0
63773, 1, 1, 1, 0, 1, 0
46262, 6, 0, 0, 0, 5, 1
46263, 0, 1, 1, 0, 0, 0
46271, 26, 0, 0, 0, 18, 8
46273, 0, 1, 1, 0, 0, 0
46275, 0, 1, 1, 0, 0, 0
46283, 17, 1, 1, 0, 17, 0
74423, 0, 1, 1, 0, 0, 0
74424, 1, 1, 1, 0, 1, 0
46286, 24, 0, 0, 0, 24, 0
46287, 0, 1, 1, 0, 0, 0
68172, 0, 1, 1, 0, 0, 0
68173, 0, 1, 1, 0, 0, 0
68174, 3, 1, 1, 0, 2, 1
74425, 8, 2, 2, 0, 5, 3
46299, 1, 0, 0, 0, 1, 0
46303, 5, 0, 0, 0, 5, 0
46314, 4, 0, 0, 0, 4, 0
74426, 0, 1, 0, 1, 0, 0
46325, 3, 0, 0, 0, 2, 1
46326, 7, 0, 0, 0, 5, 2
46327, 0, 1, 1, 0, 0, 0
46328, 0, 1, 1, 0, 0, 0
46330, 2, 0, 0, 0, 1, 1
46333, 0, 1, 1, 0, 0, 0
46335, 4, 0, 0, 0, 4, 0
46338, 15, 0, 0, 0, 15, 0
67592, 0, 1, 1, 0, 0, 0
67655, 3, 1, 1, 0, 3, 0
67656, 17, 1, 1, 0, 17, 0
46367, 8, 0, 0, 0, 8, 0
46390, 1, 0, 0, 0, 1, 0
46392, 3, 0, 0, 0, 3, 0
46408, 1, 0, 0, 0, 1, 0
46409, 2, 0, 0, 0, 1, 1
46411, 6, 0, 0, 0, 5, 1
46412, 3, 0, 0, 0, 2, 1
46413, 0, 1, 0, 1, 0, 0
74427, 1, 1, 1, 0, 1, 0
74428, 0, 1, 1, 0, 0, 0
74429, 0, 1, 1, 0, 0, 0
74430, 1, 1, 1, 0, 1, 0
74431, 0, 1, 1, 0, 0, 0
74432, 1, 1, 1, 0, 1, 0
74433, 0, 5, 5, 0, 0, 0
62683, 1, 1, 1, 0, 1, 0
62684, 0, 1, 1, 0, 0, 0
62685, 0, 2, 2, 0, 0, 0
74436, 0, 1, 0, 1, 0, 0
59426, 0, 1, 1, 0, 0, 0
46480, 1, 0, 0, 0, 1, 0
58269, 27, 1, 1, 0, 23, 4
74442, 1, 1, 1, 0, 1, 0
69968, 0, 2, 2, 0, 0, 0
74443, 0, 1, 1, 0, 0, 0
67331, 1, 1, 1, 0, 1, 0
74448, 0, 1, 0, 1, 0, 0
74449, 0, 1, 1, 0, 0, 0
74454, 1, 1, 1, 0, 1, 0
74459, 1, 2, 2, 0, 1, 0
74460, 0, 1, 1, 0, 0, 0
55117, 0, 1, 1, 0, 0, 0
55118, 1, 1, 1, 0, 1, 0
55119, 0, 1, 1, 0, 0, 0
52666, 27, 1, 1, 0, 27, 0
67804, 0, 2, 2, 0, 0, 0
72609, 3, 1, 1, 0, 1, 2
74479, 1, 1, 1, 0, 1, 0
74480, 1, 1, 1, 0, 1, 0
72341, 0, 1, 1, 0, 0, 0
72342, 0, 1, 0, 1, 0, 0
72343, 0, 1, 0, 1, 0, 0
64847, 1, 1, 1, 0, 1, 0
74503, 0, 1, 1, 0, 0, 0
74504, 1, 1, 1, 0, 1, 0
74505, 2, 1, 1, 0, 1, 1
74511, 2, 1, 1, 0, 2, 0
74512, 1, 1, 1, 0, 1, 0
59176, 9, 1, 1, 0, 9, 0
74514, 0, 1, 1, 0, 0, 0
74515, 2, 1, 0, 1, 1, 1
64092, 0, 2, 0, 2, 0, 0
74516, 0, 1, 1, 0, 0, 0
74517, 1, 1, 1, 0, 1, 0
64205, 1, 2, 2, 0, 1, 0
74529, 3, 1, 1, 0, 3, 0
55376, 0, 1, 1, 0, 0, 0
55377, 0, 1, 1, 0, 0, 0
70172, 1, 1, 0, 1, 0, 1
70173, 0, 1, 0, 1, 0, 0
70038, 1, 2, 2, 0, 1, 0
55250, 0, 2, 2, 0, 0, 0
69592, 0, 1, 0, 1, 0, 0
74572, 0, 1, 1, 0, 0, 0
72847, 1, 1, 1, 0, 1, 0
70285, 0, 2, 2, 0, 0, 0
67590, 1, 1, 1, 0, 1, 0
72145, 2, 1, 1, 0, 2, 0
71758, 0, 1, 1, 0, 0, 0
74587, 1, 1, 1, 0, 1, 0
74589, 0, 1, 1, 0, 0, 0
74590, 0, 1, 1, 0, 0, 0
58494, 0, 1, 1, 0, 0, 0
58495, 3, 1, 1, 0, 3, 0
58496, 0, 1, 1, 0, 0, 0
58497, 0, 1, 1, 0, 0, 0
67059, 0, 1, 1, 0, 0, 0
67060, 0, 1, 1, 0, 0, 0
67061, 1, 1, 1, 0, 1, 0
67062, 0, 1, 0, 1, 0, 0
67063, 2, 2, 1, 1, 2, 0
67064, 0, 1, 0, 1, 0, 0
62485, 0, 2, 0, 2, 0, 0
63351, 1, 1, 1, 0, 1, 0
63352, 1, 1, 1, 0, 1, 0
50027, 1, 1, 1, 0, 1, 0
50421, 0, 1, 1, 0, 0, 0
50423, 0, 1, 1, 0, 0, 0
60011, 0, 1, 1, 0, 0, 0
59947, 1, 1, 1, 0, 0, 1
59759, 3, 1, 0, 1, 3, 0
69597, 0, 1, 1, 0, 0, 0
69598, 0, 1, 1, 0, 0, 0
69599, 0, 1, 0, 1, 0, 0
69600, 0, 1, 0, 1, 0, 0
69601, 0, 1, 0, 1, 0, 0
69602, 2, 2, 1, 1, 2, 0
69604, 0, 1, 0, 1, 0, 0
69605, 0, 1, 0, 1, 0, 0
69606, 0, 1, 0, 1, 0, 0
69607, 0, 1, 0, 1, 0, 0
69608, 0, 1, 0, 1, 0, 0
69609, 0, 1, 0, 1, 0, 0
69610, 0, 1, 0, 1, 0, 0
69612, 0, 1, 0, 1, 0, 0
69613, 0, 1, 0, 1, 0, 0
69614, 0, 1, 0, 1, 0, 0
69615, 0, 1, 0, 1, 0, 0
66189, 0, 1, 0, 1, 0, 0
74618, 0, 1, 0, 1, 0, 0
74619, 0, 1, 0, 1, 0, 0
74620, 0, 1, 0, 1, 0, 0
74623, 0, 1, 0, 1, 0, 0
74624, 0, 1, 0, 1, 0, 0
74625, 0, 1, 0, 1, 0, 0
74626, 0, 1, 0, 1, 0, 0
74627, 0, 1, 0, 1, 0, 0
74628, 1, 1, 1, 0, 1, 0
46995, 0, 1, 1, 0, 0, 0
74629, 0, 1, 1, 0, 0, 0
74630, 0, 1, 1, 0, 0, 0
74631, 0, 2, 2, 0, 0, 0
74632, 4, 1, 1, 0, 4, 0
74633, 5, 1, 0, 1, 4, 1
74634, 1, 1, 0, 1, 0, 1
74636, 0, 2, 1, 1, 0, 0
63479, 1, 3, 3, 0, 1, 0
63735, 0, 3, 2, 1, 0, 0
74660, 0, 2, 2, 0, 0, 0
72076, 0, 1, 1, 0, 0, 0
72305, 0, 2, 2, 0, 0, 0
68175, 0, 2, 2, 0, 0, 0
46979, 7, 0, 0, 0, 7, 0
46980, 0, 1, 1, 0, 0, 0
46987, 15, 0, 0, 0, 14, 1
65319, 0, 1, 1, 0, 0, 0
65320, 1, 1, 1, 0, 1, 0
65321, 0, 2, 2, 0, 0, 0
65322, 4, 1, 1, 0, 4, 0
65323, 0, 1, 1, 0, 0, 0
65324, 0, 1, 1, 0, 0, 0
65325, 0, 1, 1, 0, 0, 0
46991, 5, 0, 0, 0, 5, 0
46996, 6, 0, 0, 0, 6, 0
74673, 1, 1, 1, 0, 1, 0
74674, 0, 1, 1, 0, 0, 0
74675, 2, 1, 1, 0, 2, 0
47016, 2, 0, 0, 0, 2, 0
47021, 2, 0, 0, 0, 2, 0
47024, 0, 1, 1, 0, 0, 0
47025, 0, 1, 1, 0, 0, 0
68274, 0, 1, 1, 0, 0, 0
68275, 0, 1, 0, 1, 0, 0
47047, 1, 0, 0, 0, 1, 0
74679, 0, 1, 1, 0, 0, 0
59655, 1, 2, 2, 0, 1, 0
59656, 1, 1, 1, 0, 1, 0
68673, 0, 2, 2, 0, 0, 0
74680, 0, 1, 0, 1, 0, 0
47074, 4, 0, 0, 0, 4, 0
74682, 0, 2, 2, 0, 0, 0
74683, 0, 1, 1, 0, 0, 0
74684, 1, 1, 1, 0, 1, 0
74685, 2, 1, 1, 0, 2, 0
59503, 0, 2, 2, 0, 0, 0
62216, 6, 1, 1, 0, 0, 6
62217, 0, 2, 2, 0, 0, 0
62218, 0, 1, 1, 0, 0, 0
62220, 0, 1, 1, 0, 0, 0
62221, 2, 1, 1, 0, 2, 0
47118, 0, 1, 1, 0, 0, 0
47121, 0, 2, 2, 0, 0, 0
47122, 2, 1, 1, 0, 1, 1
47123, 1, 1, 1, 0, 0, 1
47124, 0, 2, 2, 0, 0, 0
47125, 0, 1, 1, 0, 0, 0
47126, 0, 1, 1, 0, 0, 0
47127, 0, 1, 1, 0, 0, 0
47128, 0, 1, 0, 1, 0, 0
57793, 3, 1, 1, 0, 3, 0
74704, 0, 2, 2, 0, 0, 0
74705, 0, 1, 1, 0, 0, 0
64956, 0, 1, 1, 0, 0, 0
64957, 0, 1, 1, 0, 0, 0
64958, 0, 2, 2, 0, 0, 0
64959, 0, 1, 0, 1, 0, 0
47148, 1, 0, 0, 0, 1, 0
74715, 0, 1, 1, 0, 0, 0
74722, 2, 1, 1, 0, 2, 0
74723, 1, 2, 2, 0, 1, 0
55471, 0, 1, 1, 0, 0, 0
74724, 0, 1, 1, 0, 0, 0
71783, 2, 1, 0, 1, 1, 1
68474, 0, 2, 2, 0, 0, 0
69656, 0, 1, 0, 1, 0, 0
69657, 0, 1, 0, 1, 0, 0
74740, 0, 1, 1, 0, 0, 0
74741, 0, 1, 1, 0, 0, 0
50820, 0, 1, 1, 0, 0, 0
67099, 0, 1, 1, 0, 0, 0
55899, 0, 1, 1, 0, 0, 0
59447, 0, 1, 0, 1, 0, 0
59448, 0, 1, 0, 1, 0, 0
59449, 0, 1, 0, 1, 0, 0
59450, 0, 1, 0, 1, 0, 0
71297, 1, 1, 1, 0, 1, 0
67596, 0, 1, 1, 0, 0, 0
72572, 0, 2, 2, 0, 0, 0
70302, 0, 1, 1, 0, 0, 0
70303, 0, 1, 1, 0, 0, 0
70304, 0, 1, 1, 0, 0, 0
70305, 2, 1, 1, 0, 2, 0
70306, 0, 1, 0, 1, 0, 0
64401, 0, 1, 1, 0, 0, 0
64402, 0, 1, 0, 1, 0, 0
74805, 0, 1, 0, 1, 0, 0
74815, 0, 1, 1, 0, 0, 0
62862, 0, 1, 1, 0, 0, 0
70642, 0, 1, 1, 0, 0, 0
70643, 0, 1, 0, 1, 0, 0
70644, 0, 1, 0, 1, 0, 0
70645, 0, 1, 0, 1, 0, 0
74824, 0, 1, 1, 0, 0, 0
74825, 2, 2, 2, 0, 2, 0
74829, 1, 1, 1, 0, 1, 0
70905, 0, 1, 1, 0, 0, 0
74417, 5, 1, 1, 0, 4, 1
74419, 0, 2, 2, 0, 0, 0
74867, 3, 1, 1, 0, 2, 1
74884, 0, 1, 1, 0, 0, 0
74885, 1, 1, 1, 0, 1, 0
74889, 2, 2, 2, 0, 2, 0
74899, 0, 1, 0, 1, 0, 0
72312, 0, 2, 2, 0, 0, 0
74911, 1, 1, 1, 0, 1, 0
74913, 2, 1, 1, 0, 2, 0
74916, 0, 1, 1, 0, 0, 0
74917, 0, 1, 1, 0, 0, 0
69206, 3, 3, 3, 0, 3, 0
69207, 3, 3, 3, 0, 3, 0
69208, 0, 1, 1, 0, 0, 0
67751, 0, 1, 1, 0, 0, 0
67752, 0, 2, 2, 0, 0, 0
69470, 0, 1, 1, 0, 0, 0
69471, 1, 1, 0, 1, 1, 0
74574, 0, 1, 1, 0, 0, 0
74954, 0, 1, 1, 0, 0, 0
47582, 4, 1, 1, 0, 4, 0
71602, 0, 1, 1, 0, 0, 0
74971, 0, 1, 1, 0, 0, 0
74972, 0, 1, 1, 0, 0, 0
74973, 0, 1, 1, 0, 0, 0
65541, 0, 1, 1, 0, 0, 0
65543, 0, 1, 1, 0, 0, 0
74995, 0, 1, 1, 0, 0, 0
74996, 0, 1, 1, 0, 0, 0
54203, 0, 3, 3, 0, 0, 0
75013, 1, 1, 1, 0, 1, 0
75014, 0, 1, 1, 0, 0, 0
58246, 0, 2, 2, 0, 0, 0
58247, 2, 1, 1, 0, 2, 0
70170, 0, 2, 2, 0, 0, 0
75016, 2, 1, 1, 0, 2, 0
75063, 0, 1, 1, 0, 0, 0
75065, 0, 2, 2, 0, 0, 0
75066, 0, 1, 1, 0, 0, 0
75067, 2, 1, 1, 0, 2, 0
55403, 4, 1, 1, 0, 4, 0
55695, 0, 1, 1, 0, 0, 0
55696, 0, 1, 1, 0, 0, 0
73001, 0, 1, 1, 0, 0, 0
73002, 0, 1, 1, 0, 0, 0
54449, 0, 1, 0, 1, 0, 0
75079, 0, 1, 1, 0, 0, 0
63756, 0, 1, 1, 0, 0, 0
63757, 0, 1, 1, 0, 0, 0
63758, 0, 2, 2, 0, 0, 0
70685, 0, 1, 1, 0, 0, 0
70159, 0, 1, 1, 0, 0, 0
70160, 0, 1, 1, 0, 0, 0
68509, 2, 1, 1, 0, 2, 0
68510, 1, 3, 3, 0, 1, 0
75089, 2, 1, 1, 0, 2, 0
75090, 0, 1, 1, 0, 0, 0
75091, 0, 1, 1, 0, 0, 0
75092, 0, 1, 1, 0, 0, 0
75093, 2, 1, 1, 0, 2, 0
56809, 0, 1, 1, 0, 0, 0
56810, 0, 1, 1, 0, 0, 0
56811, 0, 1, 1, 0, 0, 0
56812, 0, 1, 1, 0, 0, 0
56813, 0, 1, 1, 0, 0, 0
56814, 0, 2, 2, 0, 0, 0
56815, 0, 1, 0, 1, 0, 0
56816, 0, 1, 0, 1, 0, 0
62934, 0, 1, 1, 0, 0, 0
62935, 0, 1, 1, 0, 0, 0
62936, 2, 1, 1, 0, 1, 1
72809, 0, 1, 1, 0, 0, 0
72810, 0, 1, 1, 0, 0, 0
72811, 0, 1, 1, 0, 0, 0
72812, 0, 1, 1, 0, 0, 0
58509, 0, 1, 1, 0, 0, 0
62686, 0, 3, 3, 0, 0, 0
62687, 0, 1, 0, 1, 0, 0
62688, 0, 1, 0, 1, 0, 0
75099, 0, 1, 1, 0, 0, 0
75113, 0, 1, 1, 0, 0, 0
62624, 0, 1, 1, 0, 0, 0
62625, 0, 1, 1, 0, 0, 0
61005, 1, 1, 1, 0, 1, 0
55636, 1, 2, 2, 0, 1, 0
75114, 1, 1, 1, 0, 1, 0
75118, 0, 1, 1, 0, 0, 0
75122, 0, 1, 1, 0, 0, 0
74211, 2, 1, 1, 0, 2, 0
74212, 0, 1, 1, 0, 0, 0
75125, 1, 1, 1, 0, 1, 0
64910, 0, 1, 1, 0, 0, 0
64911, 0, 1, 1, 0, 0, 0
72136, 0, 1, 1, 0, 0, 0
69249, 0, 1, 1, 0, 0, 0
69223, 1, 1, 1, 0, 1, 0
75137, 0, 1, 1, 0, 0, 0
60181, 2, 1, 1, 0, 2, 0
60524, 0, 1, 1, 0, 0, 0
66927, 0, 1, 1, 0, 0, 0
75146, 0, 1, 1, 0, 0, 0
75147, 1, 1, 1, 0, 1, 0
66836, 0, 1, 1, 0, 0, 0
66837, 0, 2, 2, 0, 0, 0
72904, 6, 1, 1, 0, 6, 0
75150, 0, 1, 1, 0, 0, 0
62143, 1, 1, 1, 0, 1, 0
49477, 4, 1, 1, 0, 4, 0
48088, 22, 0, 0, 0, 22, 0
48089, 0, 1, 1, 0, 0, 0
48090, 0, 1, 1, 0, 0, 0
48091, 0, 1, 1, 0, 0, 0
48092, 0, 1, 1, 0, 0, 0
48093, 0, 1, 1, 0, 0, 0
48095, 0, 1, 1, 0, 0, 0
48096, 0, 1, 1, 0, 0, 0
48098, 0, 1, 0, 1, 0, 0
48099, 8, 0, 0, 0, 6, 2
48104, 38, 0, 0, 0, 26, 12
48105, 0, 1, 1, 0, 0, 0
48106, 0, 1, 0, 1, 0, 0
75153, 1, 1, 1, 0, 1, 0
48121, 1, 0, 0, 0, 1, 0
48122, 8, 0, 0, 0, 5, 3
48123, 1, 1, 0, 1, 1, 0
48124, 15, 0, 0, 0, 12, 3
48125, 0, 1, 1, 0, 0, 0
48145, 1, 0, 0, 0, 1, 0
75154, 0, 2, 2, 0, 0, 0
68740, 0, 1, 1, 0, 0, 0
70391, 3, 2, 2, 0, 3, 0
48176, 1, 0, 0, 0, 1, 0
64156, 18, 1, 1, 0, 14, 4
48205, 1, 0, 0, 0, 1, 0
75213, 0, 1, 1, 0, 0, 0
58693, 0, 1, 1, 0, 0, 0
58694, 0, 1, 1, 0, 0, 0
52665, 1, 1, 1, 0, 1, 0
75216, 2, 1, 1, 0, 1, 1
71846, 21, 1, 1, 0, 11, 10
66215, 9, 1, 1, 0, 7, 2
73305, 0, 2, 2, 0, 0, 0
60349, 0, 1, 1, 0, 0, 0
60350, 0, 1, 1, 0, 0, 0
60351, 0, 1, 0, 1, 0, 0
75234, 0, 1, 1, 0, 0, 0
75235, 0, 1, 0, 1, 0, 0
75236, 0, 1, 1, 0, 0, 0
75240, 0, 1, 1, 0, 0, 0
75241, 0, 2, 2, 0, 0, 0
69850, 0, 1, 0, 1, 0, 0
75243, 0, 2, 2, 0, 0, 0
55553, 0, 1, 1, 0, 0, 0
55554, 0, 2, 2, 0, 0, 0
68729, 4, 1, 0, 1, 2, 2
56149, 3, 1, 0, 1, 3, 0
72414, 0, 1, 1, 0, 0, 0
55124, 2, 2, 2, 0, 2, 0
55125, 1, 3, 3, 0, 1, 0
55126, 0, 1, 1, 0, 0, 0
55127, 0, 1, 1, 0, 0, 0
75274, 2, 1, 1, 0, 2, 0
75275, 0, 1, 0, 1, 0, 0
75279, 0, 1, 1, 0, 0, 0
75280, 0, 1, 1, 0, 0, 0
75295, 1, 1, 1, 0, 1, 0
66446, 1, 1, 1, 0, 1, 0
66447, 0, 1, 1, 0, 0, 0
71310, 0, 1, 1, 0, 0, 0
62420, 0, 1, 1, 0, 0, 0
65683, 0, 1, 1, 0, 0, 0
58061, 0, 1, 1, 0, 0, 0
65930, 10, 1, 1, 0, 10, 0
67212, 0, 1, 1, 0, 0, 0
67213, 0, 1, 1, 0, 0, 0
67214, 0, 1, 1, 0, 0, 0
67215, 0, 1, 1, 0, 0, 0
67216, 0, 1, 1, 0, 0, 0
67217, 0, 1, 1, 0, 0, 0
67218, 0, 1, 1, 0, 0, 0
67219, 1, 2, 2, 0, 1, 0
67220, 0, 1, 1, 0, 0, 0
67221, 0, 1, 1, 0, 0, 0
67222, 0, 1, 1, 0, 0, 0
67223, 0, 1, 1, 0, 0, 0
67224, 0, 1, 1, 0, 0, 0
67225, 0, 1, 1, 0, 0, 0
67226, 0, 1, 1, 0, 0, 0
67227, 0, 1, 1, 0, 0, 0
67228, 0, 1, 1, 0, 0, 0
67229, 0, 1, 1, 0, 0, 0
67230, 0, 1, 1, 0, 0, 0
67231, 0, 1, 1, 0, 0, 0
67232, 0, 1, 1, 0, 0, 0
67233, 0, 1, 1, 0, 0, 0
67234, 0, 1, 1, 0, 0, 0
62535, 1, 1, 0, 1, 0, 1
50182, 1, 1, 1, 0, 1, 0
75348, 0, 3, 3, 0, 0, 0
68353, 0, 1, 1, 0, 0, 0
68354, 4, 2, 2, 0, 4, 0
75349, 0, 1, 1, 0, 0, 0
75350, 0, 1, 1, 0, 0, 0
75351, 1, 1, 1, 0, 1, 0
75352, 1, 1, 1, 0, 1, 0
75353, 1, 1, 1, 0, 1, 0
71224, 4, 1, 1, 0, 1, 3
75361, 1, 1, 1, 0, 0, 1
74082, 1, 1, 1, 0, 1, 0
75369, 0, 2, 2, 0, 0, 0
75370, 0, 1, 1, 0, 0, 0
75385, 0, 1, 1, 0, 0, 0
75386, 1, 1, 1, 0, 1, 0
75387, 0, 1, 1, 0, 0, 0
75391, 2, 1, 1, 0, 2, 0
67573, 1, 3, 3, 0, 1, 0
69711, 0, 1, 1, 0, 0, 0
69712, 0, 1, 1, 0, 0, 0
69713, 0, 1, 1, 0, 0, 0
75392, 1, 1, 1, 0, 1, 0
68719, 0, 1, 1, 0, 0, 0
70112, 3, 2, 2, 0, 0, 3
75205, 0, 1, 1, 0, 0, 0
75206, 1, 1, 1, 0, 1, 0
75207, 0, 1, 1, 0, 0, 0
75405, 0, 1, 1, 0, 0, 0
75406, 0, 1, 1, 0, 0, 0
75411, 1, 1, 1, 0, 1, 0
63973, 0, 1, 0, 1, 0, 0
66055, 0, 1, 0, 1, 0, 0
75418, 2, 1, 1, 0, 2, 0
75419, 1, 1, 1, 0, 1, 0
69199, 0, 1, 1, 0, 0, 0
75430, 0, 1, 1, 0, 0, 0
63350, 5, 1, 0, 1, 5, 0
73077, 2, 2, 2, 0, 2, 0
73078, 0, 1, 1, 0, 0, 0
48609, 4, 0, 0, 0, 3, 1
73691, 0, 1, 1, 0, 0, 0
73692, 0, 1, 1, 0, 0, 0
75453, 2, 1, 1, 0, 2, 0
71893, 0, 1, 1, 0, 0, 0
71894, 0, 1, 0, 1, 0, 0
71006, 0, 1, 1, 0, 0, 0
69203, 1, 1, 1, 0, 1, 0
75483, 0, 1, 1, 0, 0, 0
75484, 0, 1, 1, 0, 0, 0
75510, 0, 1, 1, 0, 0, 0
66127, 0, 1, 1, 0, 0, 0
72639, 1, 1, 1, 0, 1, 0
75541, 4, 3, 3, 0, 4, 0
75546, 0, 1, 0, 1, 0, 0
75550, 0, 1, 1, 0, 0, 0
75551, 0, 1, 1, 0, 0, 0
75552, 1, 1, 1, 0, 1, 0
75553, 0, 1, 1, 0, 0, 0
48752, 4, 0, 0, 0, 4, 0
75556, 0, 1, 1, 0, 0, 0
48755, 14, 0, 0, 0, 11, 3
75561, 0, 1, 1, 0, 0, 0
74125, 0, 1, 1, 0, 0, 0
74126, 4, 1, 1, 0, 1, 3
74127, 0, 1, 1, 0, 0, 0
74128, 1, 1, 1, 0, 1, 0
54141, 3, 2, 2, 0, 2, 1
75062, 0, 1, 1, 0, 0, 0
53645, 0, 1, 1, 0, 0, 0
53646, 0, 1, 1, 0, 0, 0
54400, 2, 2, 2, 0, 2, 0
67017, 0, 1, 1, 0, 0, 0
64355, 0, 1, 1, 0, 0, 0
64356, 0, 1, 1, 0, 0, 0
61993, 2, 1, 1, 0, 1, 1
71678, 7, 1, 1, 0, 5, 2
72139, 0, 1, 1, 0, 0, 0
75595, 1, 1, 1, 0, 1, 0
67692, 4, 1, 1, 0, 1, 3
75603, 0, 1, 1, 0, 0, 0
75605, 0, 2, 2, 0, 0, 0
75606, 1, 1, 0, 1, 0, 1
57973, 5, 1, 1, 0, 0, 5
57974, 0, 1, 1, 0, 0, 0
61829, 0, 1, 1, 0, 0, 0
61830, 0, 1, 1, 0, 0, 0
61508, 0, 1, 1, 0, 0, 0
61509, 0, 1, 1, 0, 0, 0
71803, 2, 1, 1, 0, 2, 0
75608, 0, 1, 1, 0, 0, 0
55763, 5, 1, 0, 1, 5, 0
75609, 1, 1, 1, 0, 1, 0
69126, 0, 1, 1, 0, 0, 0
69362, 1, 2, 1, 1, 1, 0
69512, 0, 1, 1, 0, 0, 0
75624, 0, 1, 1, 0, 0, 0
75625, 1, 1, 1, 0, 1, 0
64443, 0, 1, 1, 0, 0, 0
52735, 0, 1, 1, 0, 0, 0
52736, 0, 1, 1, 0, 0, 0
75631, 3, 1, 1, 0, 3, 0
75632, 0, 1, 1, 0, 0, 0
63311, 1, 2, 2, 0, 1, 0
55860, 0, 1, 1, 0, 0, 0
54457, 0, 1, 1, 0, 0, 0
59099, 0, 1, 1, 0, 0, 0
75640, 1, 1, 1, 0, 1, 0
52044, 0, 1, 1, 0, 0, 0
52045, 0, 1, 1, 0, 0, 0
75649, 4, 4, 4, 0, 4, 0
75650, 4, 4, 4, 0, 4, 0
75655, 0, 1, 1, 0, 0, 0
75674, 0, 3, 3, 0, 0, 0
73990, 0, 1, 1, 0, 0, 0
75681, 0, 1, 1, 0, 0, 0
75682, 0, 2, 2, 0, 0, 0
75683, 0, 1, 1, 0, 0, 0
75684, 0, 2, 2, 0, 0, 0
75685, 0, 2, 2, 0, 0, 0
75651, 0, 1, 1, 0, 0, 0
75690, 0, 1, 1, 0, 0, 0
74982, 0, 1, 1, 0, 0, 0
75693, 2, 2, 2, 0, 2, 0
75694, 2, 1, 1, 0, 2, 0
75695, 2, 3, 3, 0, 2, 0
75715, 0, 2, 2, 0, 0, 0
75716, 0, 2, 2, 0, 0, 0
75717, 0, 1, 1, 0, 0, 0
58356, 2, 4, 4, 0, 2, 0
63425, 0, 1, 1, 0, 0, 0
63426, 0, 1, 1, 0, 0, 0
63427, 0, 1, 0, 1, 0, 0
63428, 0, 1, 0, 1, 0, 0
72846, 1, 1, 1, 0, 1, 0
75722, 1, 2, 2, 0, 1, 0
67821, 0, 1, 0, 1, 0, 0
75738, 0, 1, 1, 0, 0, 0
75739, 0, 1, 1, 0, 0, 0
75325, 0, 2, 2, 0, 0, 0
74577, 0, 1, 0, 1, 0, 0
69477, 0, 1, 0, 1, 0, 0
75747, 1, 1, 1, 0, 1, 0
49235, 1, 0, 0, 0, 1, 0
75759, 0, 1, 1, 0, 0, 0
67452, 0, 2, 2, 0, 0, 0
67453, 0, 2, 2, 0, 0, 0
67454, 0, 1, 1, 0, 0, 0
75761, 0, 1, 1, 0, 0, 0
75762, 1, 1, 1, 0, 1, 0
69093, 0, 1, 1, 0, 0, 0
69094, 0, 1, 1, 0, 0, 0
69063, 0, 1, 1, 0, 0, 0
69064, 0, 2, 2, 0, 0, 0
74807, 0, 1, 1, 0, 0, 0
74808, 0, 1, 1, 0, 0, 0
67043, 0, 1, 1, 0, 0, 0
75775, 12, 1, 1, 0, 12, 0
75776, 0, 1, 1, 0, 0, 0
69297, 1, 2, 1, 1, 1, 0
62063, 6, 1, 1, 0, 5, 1
62064, 0, 1, 1, 0, 0, 0
75784, 1, 1, 1, 0, 0, 1
75787, 1, 1, 1, 0, 1, 0
55688, 8, 2, 2, 0, 8, 0
74466, 2, 1, 1, 0, 2, 0
74467, 0, 1, 1, 0, 0, 0
74468, 0, 1, 1, 0, 0, 0
71222, 1, 1, 1, 0, 1, 0
69147, 16, 1, 1, 0, 16, 0
75841, 1, 1, 1, 0, 1, 0
69365, 0, 1, 1, 0, 0, 0
49386, 5, 0, 0, 0, 4, 1
75843, 0, 1, 1, 0, 0, 0
63120, 0, 1, 1, 0, 0, 0
71117, 2, 1, 1, 0, 2, 0
75844, 0, 1, 1, 0, 0, 0
49410, 1, 0, 0, 0, 1, 0
64683, 0, 2, 2, 0, 0, 0
68971, 0, 1, 1, 0, 0, 0
49474, 13, 0, 0, 0, 13, 0
49475, 0, 1, 1, 0, 0, 0
74535, 0, 1, 1, 0, 0, 0
75845, 0, 2, 2, 0, 0, 0
75846, 0, 1, 1, 0, 0, 0
75847, 0, 1, 1, 0, 0, 0
75848, 0, 1, 1, 0, 0, 0
75849, 0, 1, 1, 0, 0, 0
68730, 0, 1, 1, 0, 0, 0
68731, 0, 1, 1, 0, 0, 0
68732, 0, 1, 1, 0, 0, 0
68733, 0, 1, 1, 0, 0, 0
68734, 0, 1, 1, 0, 0, 0
63332, 2, 1, 1, 0, 2, 0
61476, 3, 2, 2, 0, 3, 0
61477, 5, 2, 2, 0, 5, 0
66971, 0, 1, 1, 0, 0, 0
66972, 0, 1, 1, 0, 0, 0
63484, 1, 2, 2, 0, 1, 0
70539, 1, 1, 1, 0, 1, 0
68747, 0, 1, 1, 0, 0, 0
69639, 2, 1, 1, 0, 0, 2
75929, 0, 1, 1, 0, 0, 0
75930, 0, 1, 1, 0, 0, 0
65076, 0, 1, 1, 0, 0, 0
60343, 0, 1, 1, 0, 0, 0
60345, 0, 1, 1, 0, 0, 0
60346, 0, 1, 1, 0, 0, 0
60347, 0, 1, 1, 0, 0, 0
75934, 2, 1, 1, 0, 1, 1
74611, 0, 1, 1, 0, 0, 0
75935, 0, 1, 1, 0, 0, 0
63639, 1, 1, 1, 0, 1, 0
49606, 2, 0, 0, 0, 1, 1
50874, 0, 2, 2, 0, 0, 0
50875, 0, 1, 1, 0, 0, 0
50876, 5, 1, 1, 0, 5, 0
72354, 1, 1, 1, 0, 1, 0
66330, 0, 1, 1, 0, 0, 0
66930, 0, 1, 0, 1, 0, 0
75980, 0, 1, 0, 1, 0, 0
75988, 0, 1, 1, 0, 0, 0
54619, 0, 1, 1, 0, 0, 0
54620, 0, 1, 1, 0, 0, 0
54621, 0, 2, 2, 0, 0, 0
76000, 0, 1, 1, 0, 0, 0
69112, 2, 2, 2, 0, 2, 0
69113, 3, 1, 1, 0, 3, 0
67727, 5, 1, 1, 0, 5, 0
76011, 0, 1, 1, 0, 0, 0
76012, 1, 1, 1, 0, 1, 0
54145, 0, 2, 0, 2, 0, 0
65567, 6, 1, 0, 1, 6, 0
54397, 1, 2, 2, 0, 1, 0
54399, 3, 1, 1, 0, 3, 0
76038, 0, 1, 0, 1, 0, 0
66929, 0, 1, 1, 0, 0, 0
72802, 2, 2, 2, 0, 2, 0
65655, 0, 1, 1, 0, 0, 0
65656, 0, 1, 1, 0, 0, 0
49798, 0, 1, 1, 0, 0, 0
71790, 3, 1, 1, 0, 1, 2
76044, 1, 1, 1, 0, 0, 1
49815, 1, 0, 0, 0, 1, 0
49829, 3, 0, 0, 0, 3, 0
54933, 0, 1, 1, 0, 0, 0
54934, 0, 1, 1, 0, 0, 0
72236, 0, 1, 1, 0, 0, 0
76076, 0, 1, 1, 0, 0, 0
70834, 0, 1, 1, 0, 0, 0
68607, 0, 1, 1, 0, 0, 0
68608, 0, 1, 1, 0, 0, 0
68609, 0, 1, 1, 0, 0, 0
61675, 0, 1, 1, 0, 0, 0
76083, 0, 1, 1, 0, 0, 0
72910, 1, 1, 1, 0, 1, 0
73762, 0, 2, 2, 0, 0, 0
74226, 0, 1, 1, 0, 0, 0
74227, 0, 1, 1, 0, 0, 0
74339, 1, 1, 1, 0, 1, 0
76086, 1, 1, 1, 0, 1, 0
76087, 0, 1, 1, 0, 0, 0
76090, 0, 1, 1, 0, 0, 0
63302, 0, 1, 1, 0, 0, 0
76093, 0, 1, 1, 0, 0, 0
64259, 9, 1, 1, 0, 9, 0
71859, 0, 1, 1, 0, 0, 0
50026, 1, 0, 0, 0, 1, 0
50038, 1, 0, 0, 0, 1, 0
50039, 1, 0, 0, 0, 1, 0
50040, 5, 0, 0, 0, 5, 0
50041, 0, 2, 2, 0, 0, 0
50042, 1, 0, 0, 0, 1, 0
67823, 5, 1, 1, 0, 5, 0
72953, 0, 1, 1, 0, 0, 0
72954, 0, 1, 1, 0, 0, 0
72955, 1, 1, 1, 0, 1, 0
66394, 0, 1, 1, 0, 0, 0
52111, 1, 1, 1, 0, 1, 0
76125, 1, 1, 1, 0, 1, 0
76127, 1, 1, 1, 0, 1, 0
69349, 1, 1, 1, 0, 1, 0
69350, 0, 1, 1, 0, 0, 0
69277, 3, 1, 1, 0, 3, 0
69278, 0, 1, 1, 0, 0, 0
76129, 0, 1, 1, 0, 0, 0
50170, 1, 0, 0, 0, 1, 0
50171, 6, 0, 0, 0, 6, 0
50177, 17, 0, 0, 0, 14, 3
50184, 1, 0, 0, 0, 1, 0
50202, 4, 0, 0, 0, 4, 0
50203, 14, 0, 0, 0, 8, 6
50205, 0, 1, 0, 1, 0, 0
66964, 1, 1, 1, 0, 0, 1
76135, 0, 1, 1, 0, 0, 0
72088, 0, 1, 1, 0, 0, 0
72089, 1, 1, 1, 0, 0, 1
65426, 0, 1, 1, 0, 0, 0
76138, 1, 1, 1, 0, 1, 0
76140, 0, 2, 2, 0, 0, 0
50315, 1, 0, 0, 0, 1, 0
76149, 0, 1, 1, 0, 0, 0
62484, 1, 1, 1, 0, 1, 0
52188, 0, 1, 1, 0, 0, 0
52189, 0, 1, 1, 0, 0, 0
52191, 19, 1, 1, 0, 16, 3
69155, 3, 1, 0, 1, 3, 0
54155, 0, 1, 1, 0, 0, 0
54156, 0, 2, 2, 0, 0, 0
54157, 0, 1, 1, 0, 0, 0
54159, 0, 1, 1, 0, 0, 0
54160, 0, 1, 1, 0, 0, 0
54161, 0, 1, 1, 0, 0, 0
54162, 0, 1, 1, 0, 0, 0
54163, 5, 1, 1, 0, 4, 1
76173, 0, 1, 0, 1, 0, 0
76176, 0, 2, 2, 0, 0, 0
76182, 0, 1, 1, 0, 0, 0
76184, 0, 1, 1, 0, 0, 0
76185, 0, 1, 1, 0, 0, 0
76190, 0, 1, 1, 0, 0, 0
76191, 0, 1, 1, 0, 0, 0
58945, 2, 2, 2, 0, 2, 0
72912, 0, 1, 1, 0, 0, 0
72913, 0, 1, 1, 0, 0, 0
71570, 0, 1, 1, 0, 0, 0
76196, 0, 1, 1, 0, 0, 0
54135, 0, 1, 1, 0, 0, 0
54136, 1, 1, 1, 0, 0, 1
54137, 32, 1, 1, 0, 30, 2
54139, 0, 1, 1, 0, 0, 0
54140, 0, 2, 2, 0, 0, 0
54142, 0, 1, 1, 0, 0, 0
54143, 0, 1, 1, 0, 0, 0
54144, 0, 1, 1, 0, 0, 0
58442, 0, 1, 1, 0, 0, 0
58443, 0, 1, 1, 0, 0, 0
75700, 0, 1, 1, 0, 0, 0
75701, 0, 1, 1, 0, 0, 0
75702, 0, 1, 1, 0, 0, 0
64308, 0, 2, 2, 0, 0, 0
75185, 0, 1, 1, 0, 0, 0
65215, 0, 2, 2, 0, 0, 0
76227, 1, 1, 1, 0, 1, 0
76228, 0, 1, 1, 0, 0, 0
76229, 0, 1, 1, 0, 0, 0
55522, 0, 2, 2, 0, 0, 0
55523, 0, 1, 1, 0, 0, 0
55524, 0, 1, 1, 0, 0, 0
55525, 0, 1, 1, 0, 0, 0
55526, 0, 1, 1, 0, 0, 0
55527, 0, 1, 1, 0, 0, 0
68472, 0, 2, 2, 0, 0, 0
68473, 0, 1, 1, 0, 0, 0
69428, 0, 1, 1, 0, 0, 0
54695, 0, 1, 1, 0, 0, 0
54696, 0, 1, 1, 0, 0, 0
54697, 0, 1, 1, 0, 0, 0
54698, 0, 1, 0, 1, 0, 0
74539, 0, 2, 2, 0, 0, 0
71903, 0, 1, 1, 0, 0, 0
71904, 0, 1, 1, 0, 0, 0
71905, 0, 1, 1, 0, 0, 0
68216, 2, 1, 1, 0, 2, 0
76239, 0, 1, 1, 0, 0, 0
76244, 0, 1, 1, 0, 0, 0
76245, 0, 2, 2, 0, 0, 0
76246, 0, 1, 1, 0, 0, 0
62086, 2, 2, 0, 2, 0, 2
70419, 4, 1, 0, 1, 4, 0
58522, 0, 1, 1, 0, 0, 0
58523, 0, 1, 1, 0, 0, 0
58524, 0, 1, 0, 1, 0, 0
76247, 0, 1, 1, 0, 0, 0
76263, 1, 1, 1, 0, 1, 0
76264, 0, 1, 1, 0, 0, 0
55513, 1, 1, 1, 0, 1, 0
76283, 0, 1, 1, 0, 0, 0
67303, 0, 2, 2, 0, 0, 0
76284, 1, 1, 1, 0, 0, 1
72254, 4, 1, 1, 0, 4, 0
70724, 0, 1, 1, 0, 0, 0
70725, 0, 1, 1, 0, 0, 0
70726, 0, 1, 0, 1, 0, 0
76287, 1, 1, 1, 0, 1, 0
74189, 1, 1, 1, 0, 1, 0
76288, 0, 1, 1, 0, 0, 0
66768, 1, 1, 1, 0, 0, 1
66769, 1, 1, 1, 0, 1, 0
66770, 0, 1, 0, 1, 0, 0
70320, 0, 1, 0, 1, 0, 0
63089, 0, 2, 2, 0, 0, 0
73301, 1, 1, 1, 0, 1, 0
55008, 0, 1, 1, 0, 0, 0
67663, 2, 1, 1, 0, 2, 0
71525, 0, 1, 1, 0, 0, 0
71526, 0, 1, 1, 0, 0, 0
71527, 0, 1, 0, 1, 0, 0
71528, 0, 1, 0, 1, 0, 0
71529, 0, 1, 0, 1, 0, 0
71530, 0, 1, 0, 1, 0, 0
54626, 0, 1, 1, 0, 0, 0
54627, 2, 1, 1, 0, 2, 0
54628, 0, 1, 1, 0, 0, 0
54629, 0, 1, 1, 0, 0, 0
65942, 5, 1, 1, 0, 5, 0
76317, 0, 2, 2, 0, 0, 0
76319, 1, 1, 1, 0, 1, 0
74117, 2, 1, 1, 0, 2, 0
74789, 3, 2, 2, 0, 2, 1
58515, 0, 1, 1, 0, 0, 0
76346, 0, 1, 1, 0, 0, 0
76347, 0, 1, 1, 0, 0, 0
76348, 1, 1, 1, 0, 1, 0
50837, 1, 0, 0, 0, 1, 0
65552, 17, 2, 2, 0, 17, 0
65561, 5, 2, 2, 0, 4, 1
65644, 3, 1, 1, 0, 3, 0
65645, 0, 2, 2, 0, 0, 0
65646, 1, 1, 1, 0, 1, 0
65647, 0, 2, 2, 0, 0, 0
76353, 0, 1, 1, 0, 0, 0
76354, 0, 1, 1, 0, 0, 0
76355, 0, 1, 1, 0, 0, 0
71013, 0, 1, 1, 0, 0, 0
62916, 3, 1, 1, 0, 3, 0
62917, 1, 1, 1, 0, 1, 0
55571, 6, 3, 3, 0, 6, 0
55572, 0, 4, 4, 0, 0, 0
50891, 0, 1, 1, 0, 0, 0
66576, 0, 1, 1, 0, 0, 0
66577, 0, 1, 1, 0, 0, 0
66578, 0, 1, 1, 0, 0, 0
66579, 0, 1, 0, 1, 0, 0
66580, 0, 1, 0, 1, 0, 0
66581, 0, 1, 0, 1, 0, 0
66582, 0, 1, 0, 1, 0, 0
76379, 0, 1, 1, 0, 0, 0
76380, 11, 1, 1, 0, 11, 0
76381, 0, 1, 1, 0, 0, 0
76382, 1, 1, 1, 0, 1, 0
76383, 1, 1, 1, 0, 1, 0
55230, 0, 1, 1, 0, 0, 0
58022, 0, 1, 0, 1, 0, 0
62884, 0, 1, 1, 0, 0, 0
62885, 2, 2, 2, 0, 2, 0
62886, 0, 2, 2, 0, 0, 0
72398, 0, 1, 1, 0, 0, 0
72399, 0, 1, 1, 0, 0, 0
70978, 0, 1, 1, 0, 0, 0
76423, 0, 1, 1, 0, 0, 0
76424, 0, 1, 1, 0, 0, 0
66013, 0, 2, 2, 0, 0, 0
66011, 0, 1, 1, 0, 0, 0
68812, 0, 1, 1, 0, 0, 0
68813, 0, 1, 0, 1, 0, 0
70473, 0, 1, 0, 1, 0, 0
76431, 0, 1, 1, 0, 0, 0
76432, 0, 1, 0, 1, 0, 0
76436, 2, 1, 1, 0, 2, 0
53534, 5, 2, 2, 0, 5, 0
71810, 0, 1, 1, 0, 0, 0
70932, 0, 3, 3, 0, 0, 0
76465, 0, 1, 0, 1, 0, 0
51146, 40, 0, 0, 0, 38, 2
51147, 0, 1, 1, 0, 0, 0
74205, 0, 1, 1, 0, 0, 0
64361, 1, 1, 1, 0, 1, 0
76481, 0, 1, 1, 0, 0, 0
76485, 0, 1, 1, 0, 0, 0
62904, 0, 2, 2, 0, 0, 0
62905, 0, 1, 1, 0, 0, 0
62906, 3, 2, 2, 0, 3, 0
62907, 12, 1, 1, 0, 11, 1
62908, 1, 2, 2, 0, 1, 0
76486, 1, 1, 1, 0, 1, 0
72365, 0, 1, 1, 0, 0, 0
76487, 0, 1, 1, 0, 0, 0
74160, 0, 1, 1, 0, 0, 0
76488, 0, 2, 1, 1, 0, 0
76489, 0, 1, 1, 0, 0, 0
66534, 1, 1, 1, 0, 1, 0
66535, 0, 3, 3, 0, 0, 0
74533, 0, 1, 1, 0, 0, 0
74534, 0, 1, 1, 0, 0, 0
76518, 0, 1, 1, 0, 0, 0
76520, 1, 1, 1, 0, 1, 0
76523, 1, 1, 1, 0, 1, 0
76524, 0, 1, 1, 0, 0, 0
51303, 1, 0, 0, 0, 1, 0
62888, 0, 1, 1, 0, 0, 0
74191, 2, 3, 3, 0, 2, 0
74192, 0, 1, 1, 0, 0, 0
76554, 0, 2, 2, 0, 0, 0
76555, 0, 1, 1, 0, 0, 0
76557, 0, 1, 1, 0, 0, 0
54189, 0, 2, 2, 0, 0, 0
54190, 0, 2, 2, 0, 0, 0
58536, 0, 1, 1, 0, 0, 0
55881, 4, 1, 1, 0, 4, 0
76559, 0, 1, 1, 0, 0, 0
76563, 0, 1, 1, 0, 0, 0
76564, 2, 1, 1, 0, 0, 2
76565, 0, 1, 1, 0, 0, 0
76566, 0, 1, 1, 0, 0, 0
76572, 0, 1, 1, 0, 0, 0
76573, 0, 3, 3, 0, 0, 0
69049, 1, 1, 1, 0, 1, 0
76583, 0, 1, 1, 0, 0, 0
64197, 0, 1, 1, 0, 0, 0
59610, 0, 1, 1, 0, 0, 0
59611, 0, 1, 1, 0, 0, 0
59612, 0, 2, 2, 0, 0, 0
59613, 1, 1, 1, 0, 1, 0
59614, 1, 1, 1, 0, 1, 0
66677, 3, 1, 1, 0, 3, 0
76593, 0, 1, 1, 0, 0, 0
75781, 0, 1, 1, 0, 0, 0
54212, 12, 2, 2, 0, 6, 6
61664, 2, 2, 2, 0, 2, 0
76601, 0, 1, 1, 0, 0, 0
76604, 1, 1, 1, 0, 1, 0
63671, 1, 1, 1, 0, 1, 0
63672, 1, 1, 1, 0, 1, 0
63673, 0, 1, 1, 0, 0, 0
75645, 0, 3, 3, 0, 0, 0
76614, 0, 1, 1, 0, 0, 0
71733, 0, 1, 1, 0, 0, 0
71734, 0, 1, 1, 0, 0, 0
54179, 0, 2, 2, 0, 0, 0
66815, 0, 1, 1, 0, 0, 0
66816, 0, 1, 1, 0, 0, 0
66817, 0, 1, 1, 0, 0, 0
66818, 0, 1, 1, 0, 0, 0
66819, 0, 1, 1, 0, 0, 0
76617, 0, 1, 1, 0, 0, 0
69191, 0, 1, 0, 1, 0, 0
54093, 0, 1, 1, 0, 0, 0
54094, 0, 1, 1, 0, 0, 0
54095, 0, 1, 1, 0, 0, 0
73425, 0, 1, 1, 0, 0, 0
76656, 3, 1, 0, 1, 0, 3
76662, 0, 1, 1, 0, 0, 0
76663, 0, 1, 1, 0, 0, 0
75322, 0, 1, 0, 1, 0, 0
75323, 2, 2, 1, 1, 2, 0
51659, 2, 1, 1, 0, 2, 0
51660, 1, 1, 1, 0, 1, 0
76670, 0, 1, 1, 0, 0, 0
73112, 0, 1, 0, 1, 0, 0
76671, 0, 1, 1, 0, 0, 0
76678, 0, 1, 1, 0, 0, 0
76682, 0, 1, 1, 0, 0, 0
55680, 0, 3, 3, 0, 0, 0
76696, 0, 1, 1, 0, 0, 0
75272, 0, 1, 1, 0, 0, 0
55805, 0, 1, 1, 0, 0, 0
62066, 1, 1, 1, 0, 1, 0
76706, 1, 1, 1, 0, 1, 0
54703, 0, 2, 2, 0, 0, 0
60722, 0, 1, 1, 0, 0, 0
60723, 0, 1, 0, 1, 0, 0
71428, 1, 1, 1, 0, 1, 0
71429, 0, 1, 1, 0, 0, 0
73332, 0, 1, 0, 1, 0, 0
64941, 0, 2, 2, 0, 0, 0
69069, 0, 1, 0, 1, 0, 0
76716, 1, 2, 2, 0, 1, 0
51807, 0, 1, 1, 0, 0, 0
51808, 0, 1, 1, 0, 0, 0
51809, 0, 1, 0, 1, 0, 0
51810, 2, 1, 1, 0, 2, 0
74823, 0, 1, 1, 0, 0, 0
76728, 0, 1, 1, 0, 0, 0
68639, 0, 2, 0, 2, 0, 0
76683, 3, 1, 0, 1, 3, 0
76729, 0, 1, 0, 1, 0, 0
76730, 0, 2, 1, 1, 0, 0
76731, 0, 1, 0, 1, 0, 0
76732, 0, 1, 0, 1, 0, 0
76733, 0, 1, 0, 1, 0, 0
76734, 0, 1, 0, 1, 0, 0
76735, 0, 1, 0, 1, 0, 0
76736, 0, 1, 0, 1, 0, 0
76737, 0, 1, 0, 1, 0, 0
76738, 0, 1, 0, 1, 0, 0
76739, 0, 1, 0, 1, 0, 0
76740, 0, 1, 0, 1, 0, 0
76741, 0, 1, 0, 1, 0, 0
76742, 0, 1, 0, 1, 0, 0
76743, 0, 1, 0, 1, 0, 0
76744, 0, 1, 0, 1, 0, 0
76745, 0, 1, 0, 1, 0, 0
76746, 0, 1, 0, 1, 0, 0
76747, 0, 1, 0, 1, 0, 0
76748, 0, 1, 0, 1, 0, 0
76749, 0, 1, 0, 1, 0, 0
76750, 0, 1, 0, 1, 0, 0
76751, 0, 1, 0, 1, 0, 0
76752, 0, 1, 0, 1, 0, 0
76753, 0, 1, 0, 1, 0, 0
76754, 0, 1, 0, 1, 0, 0
76755, 0, 1, 0, 1, 0, 0
76756, 0, 1, 0, 1, 0, 0
76757, 0, 1, 0, 1, 0, 0
76758, 0, 1, 0, 1, 0, 0
76759, 0, 1, 0, 1, 0, 0
74583, 17, 3, 3, 0, 12, 5
76764, 1, 1, 1, 0, 1, 0
57950, 4, 2, 2, 0, 4, 0
67095, 2, 1, 1, 0, 1, 1
67096, 1, 1, 1, 0, 1, 0
67097, 0, 1, 1, 0, 0, 0
68504, 0, 2, 2, 0, 0, 0
62858, 0, 2, 2, 0, 0, 0
62859, 0, 1, 1, 0, 0, 0
76777, 0, 1, 0, 1, 0, 0
72744, 1, 1, 1, 0, 0, 1
66601, 0, 1, 1, 0, 0, 0
66602, 0, 1, 1, 0, 0, 0
63404, 0, 1, 1, 0, 0, 0
74304, 0, 1, 1, 0, 0, 0
73238, 1, 1, 1, 0, 1, 0
76787, 0, 1, 1, 0, 0, 0
51981, 0, 1, 1, 0, 0, 0
51984, 1, 0, 0, 0, 1, 0
51986, 11, 0, 0, 0, 11, 0
51987, 7, 0, 0, 0, 7, 0
51988, 1, 0, 0, 0, 1, 0
75049, 0, 2, 2, 0, 0, 0
51992, 1, 0, 0, 0, 1, 0
76791, 0, 1, 1, 0, 0, 0
52008, 0, 1, 1, 0, 0, 0
52009, 0, 1, 1, 0, 0, 0
52011, 6, 2, 2, 0, 6, 0
52012, 0, 1, 0, 1, 0, 0
74143, 1, 1, 1, 0, 1, 0
52013, 6, 0, 0, 0, 6, 0
52014, 0, 2, 2, 0, 0, 0
52016, 25, 1, 1, 0, 24, 1
52017, 1, 1, 1, 0, 1, 0
73666, 0, 1, 1, 0, 0, 0
73667, 0, 1, 1, 0, 0, 0
73617, 0, 1, 1, 0, 0, 0
76792, 2, 1, 1, 0, 2, 0
76793, 0, 1, 1, 0, 0, 0
76794, 0, 2, 2, 0, 0, 0
52036, 3, 0, 0, 0, 3, 0
52037, 0, 1, 1, 0, 0, 0
76796, 0, 1, 1, 0, 0, 0
76797, 0, 1, 1, 0, 0, 0
76798, 0, 1, 1, 0, 0, 0
76799, 0, 1, 1, 0, 0, 0
76800, 0, 1, 1, 0, 0, 0
52054, 30, 0, 0, 0, 6, 24
76801, 5, 4, 4, 0, 5, 0
76802, 4, 5, 5, 0, 4, 0
76803, 7, 4, 4, 0, 7, 0
76804, 0, 4, 4, 0, 0, 0
76805, 5, 4, 4, 0, 5, 0
60961, 0, 1, 0, 1, 0, 0
76806, 1, 1, 1, 0, 1, 0
62895, 0, 1, 0, 1, 0, 0
62896, 1, 1, 0, 1, 1, 0
62897, 0, 1, 0, 1, 0, 0
62898, 0, 1, 0, 1, 0, 0
52082, 8, 0, 0, 0, 6, 2
74780, 1, 1, 1, 0, 1, 0
74781, 0, 1, 1, 0, 0, 0
74782, 0, 1, 1, 0, 0, 0
71341, 1, 1, 1, 0, 1, 0
52106, 1, 0, 0, 0, 1, 0
52117, 1, 0, 0, 0, 1, 0
76810, 1, 1, 1, 0, 1, 0
76811, 0, 1, 0, 1, 0, 0
52140, 2, 0, 0, 0, 2, 0
76813, 0, 2, 2, 0, 0, 0
64078, 1, 1, 1, 0, 0, 1
64080, 0, 1, 1, 0, 0, 0
52192, 14, 0, 0, 0, 14, 0
52195, 11, 0, 0, 0, 10, 1
52196, 10, 0, 0, 0, 9, 1
52302, 0, 1, 1, 0, 0, 0
64073, 0, 1, 1, 0, 0, 0
67800, 0, 1, 1, 0, 0, 0
67801, 1, 1, 1, 0, 1, 0
67802, 0, 1, 1, 0, 0, 0
67803, 0, 1, 1, 0, 0, 0
68991, 2, 1, 1, 0, 2, 0
70646, 5, 2, 2, 0, 5, 0
70647, 3, 2, 2, 0, 3, 0
72020, 0, 1, 1, 0, 0, 0
72021, 0, 1, 1, 0, 0, 0
76850, 0, 2, 1, 1, 0, 0
52258, 3, 0, 0, 0, 3, 0
61454, 0, 4, 4, 0, 0, 0
76851, 0, 1, 1, 0, 0, 0
76852, 0, 1, 1, 0, 0, 0
76853, 0, 1, 1, 0, 0, 0
76854, 0, 1, 1, 0, 0, 0
76855, 0, 1, 1, 0, 0, 0
68217, 0, 1, 1, 0, 0, 0
68218, 0, 1, 1, 0, 0, 0
68219, 3, 1, 0, 1, 1, 2
76856, 0, 1, 1, 0, 0, 0
52303, 29, 0, 0, 0, 22, 7
52304, 0, 1, 1, 0, 0, 0
52345, 8, 0, 0, 0, 8, 0
76161, 0, 1, 1, 0, 0, 0
69896, 0, 1, 1, 0, 0, 0
52372, 2, 0, 0, 0, 2, 0
76880, 1, 1, 1, 0, 1, 0
76225, 0, 1, 1, 0, 0, 0
52459, 21, 0, 0, 0, 20, 1
52460, 0, 1, 1, 0, 0, 0
52461, 0, 1, 1, 0, 0, 0
52462, 0, 1, 1, 0, 0, 0
52463, 2, 1, 1, 0, 2, 0
52465, 1, 2, 2, 0, 1, 0
76884, 0, 1, 1, 0, 0, 0
75355, 0, 2, 1, 1, 0, 0
76893, 0, 2, 2, 0, 0, 0
76894, 2, 1, 1, 0, 2, 0
59758, 0, 1, 1, 0, 0, 0
76900, 0, 1, 0, 1, 0, 0
52501, 1, 0, 0, 0, 1, 0
52502, 2, 0, 0, 0, 2, 0
76910, 0, 1, 0, 1, 0, 0
64733, 0, 2, 2, 0, 0, 0
67081, 0, 1, 1, 0, 0, 0
67082, 14, 2, 2, 0, 14, 0
76930, 2, 1, 1, 0, 2, 0
76932, 0, 1, 1, 0, 0, 0
76933, 0, 1, 0, 1, 0, 0
55067, 0, 2, 2, 0, 0, 0
61198, 1, 1, 0, 1, 1, 0
73534, 0, 1, 1, 0, 0, 0
52566, 6, 0, 0, 0, 6, 0
52567, 5, 0, 0, 0, 5, 0
52569, 2, 0, 0, 0, 2, 0
76962, 0, 1, 1, 0, 0, 0
65137, 0, 1, 1, 0, 0, 0
52608, 1, 0, 0, 0, 1, 0
76982, 3, 2, 2, 0, 3, 0
76983, 0, 2, 2, 0, 0, 0
76984, 1, 3, 3, 0, 1, 0
73250, 0, 1, 0, 1, 0, 0
73251, 0, 1, 0, 1, 0, 0
60955, 9, 1, 1, 0, 9, 0
60956, 0, 1, 1, 0, 0, 0
60957, 1, 2, 2, 0, 1, 0
52659, 1, 0, 0, 0, 1, 0
77003, 10, 1, 1, 0, 1, 9
69018, 0, 1, 1, 0, 0, 0
69019, 0, 1, 1, 0, 0, 0
69020, 1, 1, 0, 1, 0, 1
52667, 1, 2, 2, 0, 1, 0
52669, 0, 1, 1, 0, 0, 0
52672, 0, 1, 1, 0, 0, 0
52673, 0, 1, 1, 0, 0, 0
52674, 0, 1, 1, 0, 0, 0
77004, 1, 1, 1, 0, 1, 0
52676, 1, 1, 1, 0, 1, 0
52677, 4, 0, 0, 0, 1, 3
52684, 1, 0, 0, 0, 1, 0
52686, 1, 0, 0, 0, 1, 0
52693, 1, 0, 0, 0, 1, 0
52694, 1, 0, 0, 0, 1, 0
52696, 1, 0, 0, 0, 1, 0
77006, 2, 1, 1, 0, 2, 0
52698, 1, 0, 0, 0, 1, 0
52700, 2, 0, 0, 0, 2, 0
52707, 2, 0, 0, 0, 2, 0
52717, 1, 1, 1, 0, 1, 0
52718, 0, 1, 1, 0, 0, 0
52719, 1, 0, 0, 0, 1, 0
52723, 2, 1, 1, 0, 2, 0
52724, 1, 1, 1, 0, 1, 0
52725, 4, 0, 0, 0, 4, 0
52726, 1, 0, 0, 0, 1, 0
52731, 1, 0, 0, 0, 1, 0
52732, 1, 0, 0, 0, 1, 0
52733, 1, 0, 0, 0, 1, 0
52734, 2, 0, 0, 0, 2, 0
52737, 1, 0, 0, 0, 1, 0
52738, 3, 0, 0, 0, 3, 0
77009, 1, 1, 1, 0, 1, 0
77010, 1, 1, 1, 0, 1, 0
76053, 0, 1, 0, 1, 0, 0
56768, 0, 3, 3, 0, 0, 0
56769, 0, 1, 1, 0, 0, 0
71476, 0, 1, 1, 0, 0, 0
77011, 0, 1, 1, 0, 0, 0
66733, 0, 1, 1, 0, 0, 0
77012, 0, 1, 1, 0, 0, 0
63625, 2, 1, 1, 0, 2, 0
63626, 0, 1, 1, 0, 0, 0
66057, 1, 1, 1, 0, 1, 0
66058, 1, 1, 1, 0, 1, 0
69040, 0, 1, 1, 0, 0, 0
66070, 0, 1, 1, 0, 0, 0
77058, 0, 2, 2, 0, 0, 0
77059, 0, 1, 1, 0, 0, 0
77060, 1, 1, 1, 0, 1, 0
77061, 0, 1, 1, 0, 0, 0
77062, 0, 1, 1, 0, 0, 0
77063, 0, 1, 1, 0, 0, 0
77064, 0, 1, 1, 0, 0, 0
53061, 10, 0, 0, 0, 10, 0
56889, 0, 2, 2, 0, 0, 0
72226, 1, 2, 1, 1, 1, 0
69059, 0, 1, 1, 0, 0, 0
73441, 2, 1, 1, 0, 2, 0
77068, 1, 1, 1, 0, 1, 0
77069, 0, 1, 1, 0, 0, 0
77070, 1, 1, 1, 0, 1, 0
65494, 0, 1, 1, 0, 0, 0
65495, 0, 1, 1, 0, 0, 0
77071, 0, 1, 1, 0, 0, 0
53159, 8, 0, 0, 0, 5, 3
71295, 1, 1, 1, 0, 1, 0
71296, 0, 2, 2, 0, 0, 0
53162, 1, 0, 0, 0, 1, 0
77072, 7, 5, 5, 0, 7, 0
77073, 10, 8, 8, 0, 10, 0
55093, 0, 2, 2, 0, 0, 0
66220, 2, 2, 1, 1, 1, 1
58474, 0, 1, 1, 0, 0, 0
53214, 2, 0, 0, 0, 1, 1
53215, 0, 2, 0, 2, 0, 0
77081, 1, 1, 1, 0, 1, 0
55580, 1, 1, 1, 0, 1, 0
55581, 2, 1, 1, 0, 2, 0
77085, 0, 1, 1, 0, 0, 0
77086, 0, 1, 1, 0, 0, 0
77087, 0, 1, 1, 0, 0, 0
77088, 0, 1, 1, 0, 0, 0
77089, 0, 1, 1, 0, 0, 0
55550, 2, 1, 1, 0, 2, 0
77091, 0, 1, 1, 0, 0, 0
77092, 0, 1, 1, 0, 0, 0
77095, 0, 1, 0, 1, 0, 0
75788, 0, 1, 1, 0, 0, 0
73004, 10, 1, 1, 0, 4, 6
77125, 0, 1, 1, 0, 0, 0
70089, 0, 1, 1, 0, 0, 0
70090, 6, 1, 1, 0, 6, 0
71797, 0, 1, 1, 0, 0, 0
77134, 1, 1, 0, 1, 0, 1
77143, 2, 1, 1, 0, 2, 0
77146, 3, 2, 2, 0, 3, 0
77147, 3, 1, 1, 0, 3, 0
77148, 3, 3, 3, 0, 3, 0
77150, 0, 3, 3, 0, 0, 0
71807, 1, 1, 1, 0, 1, 0
59815, 0, 1, 1, 0, 0, 0
59816, 0, 1, 1, 0, 0, 0
59817, 0, 1, 1, 0, 0, 0
55107, 4, 4, 4, 0, 4, 0
70532, 0, 1, 1, 0, 0, 0
77170, 1, 1, 1, 0, 1, 0
77171, 0, 1, 1, 0, 0, 0
77172, 0, 1, 1, 0, 0, 0
77173, 0, 1, 1, 0, 0, 0
71886, 0, 2, 2, 0, 0, 0
71887, 0, 1, 1, 0, 0, 0
71888, 0, 2, 2, 0, 0, 0
71889, 0, 2, 2, 0, 0, 0
53530, 1, 0, 0, 0, 1, 0
53531, 4, 1, 1, 0, 4, 0
53532, 1, 1, 1, 0, 1, 0
53533, 0, 1, 1, 0, 0, 0
53545, 1, 0, 0, 0, 1, 0
68842, 2, 1, 1, 0, 2, 0
75506, 0, 1, 0, 1, 0, 0
77188, 0, 1, 1, 0, 0, 0
53615, 3, 0, 0, 0, 2, 1
76517, 2, 1, 1, 0, 2, 0
77201, 1, 1, 1, 0, 1, 0
71067, 2, 1, 1, 0, 2, 0
75448, 6, 1, 1, 0, 5, 1
70614, 0, 1, 1, 0, 0, 0
77204, 0, 1, 1, 0, 0, 0
62062, 0, 1, 1, 0, 0, 0
77214, 2, 1, 1, 0, 2, 0
68860, 0, 1, 1, 0, 0, 0
77215, 0, 1, 1, 0, 0, 0
67730, 0, 2, 2, 0, 0, 0
67731, 2, 2, 2, 0, 2, 0
77221, 1, 1, 1, 0, 1, 0
77222, 1, 1, 1, 0, 1, 0
77223, 0, 1, 1, 0, 0, 0
69108, 0, 2, 2, 0, 0, 0
69109, 0, 1, 1, 0, 0, 0
69110, 0, 2, 2, 0, 0, 0
69111, 0, 1, 0, 1, 0, 0
76019, 3, 4, 4, 0, 3, 0
77227, 1, 1, 1, 0, 1, 0
77228, 0, 1, 0, 1, 0, 0
67595, 0, 1, 1, 0, 0, 0
73272, 0, 1, 1, 0, 0, 0
74063, 0, 1, 1, 0, 0, 0
74994, 0, 1, 1, 0, 0, 0
77233, 2, 2, 2, 0, 2, 0
74403, 7, 1, 0, 1, 7, 0
77234, 0, 1, 0, 1, 0, 0
77235, 0, 1, 0, 1, 0, 0
77236, 0, 1, 0, 1, 0, 0
77237, 0, 1, 0, 1, 0, 0
77238, 0, 1, 0, 1, 0, 0
77239, 0, 1, 0, 1, 0, 0
77240, 0, 1, 0, 1, 0, 0
77241, 0, 1, 0, 1, 0, 0
77242, 1, 2, 1, 1, 1, 0
77243, 2, 1, 0, 1, 2, 0
77244, 0, 1, 0, 1, 0, 0
77245, 0, 1, 0, 1, 0, 0
77246, 0, 1, 0, 1, 0, 0
77247, 0, 1, 0, 1, 0, 0
77248, 4, 1, 1, 0, 4, 0
77251, 0, 1, 1, 0, 0, 0
63489, 0, 1, 1, 0, 0, 0
55651, 12, 3, 3, 0, 12, 0
77255, 0, 1, 1, 0, 0, 0
77256, 0, 1, 1, 0, 0, 0
77257, 1, 1, 1, 0, 1, 0
77259, 0, 1, 1, 0, 0, 0
68708, 0, 1, 0, 1, 0, 0
77266, 0, 2, 2, 0, 0, 0
77268, 0, 1, 1, 0, 0, 0
61282, 12, 2, 2, 0, 11, 1
68717, 0, 1, 1, 0, 0, 0
77288, 0, 1, 1, 0, 0, 0
77289, 1, 1, 1, 0, 1, 0
69486, 0, 1, 1, 0, 0, 0
69487, 1, 2, 2, 0, 1, 0
69488, 3, 1, 1, 0, 3, 0
69489, 0, 1, 1, 0, 0, 0
77103, 0, 1, 1, 0, 0, 0
77104, 0, 1, 1, 0, 0, 0
77105, 0, 1, 1, 0, 0, 0
77290, 1, 1, 0, 1, 1, 0
77291, 0, 1, 0, 1, 0, 0
54013, 3, 0, 0, 0, 2, 1
77301, 0, 1, 1, 0, 0, 0
64714, 0, 2, 2, 0, 0, 0
70536, 0, 1, 1, 0, 0, 0
70537, 0, 1, 1, 0, 0, 0
54069, 11, 1, 1, 0, 9, 2
54070, 3, 1, 1, 0, 3, 0
54074, 5, 0, 0, 0, 5, 0
54654, 0, 1, 1, 0, 0, 0
54083, 1, 0, 0, 0, 1, 0
77314, 0, 1, 1, 0, 0, 0
54086, 5, 0, 0, 0, 5, 0
75777, 0, 1, 1, 0, 0, 0
75778, 2, 2, 2, 0, 2, 0
75779, 0, 2, 2, 0, 0, 0
54286, 1, 1, 1, 0, 1, 0
54118, 7, 1, 1, 0, 6, 1
54119, 30, 1, 1, 0, 23, 7
54551, 1, 1, 1, 0, 1, 0
54552, 0, 1, 1, 0, 0, 0
54553, 1, 2, 2, 0, 1, 0
54554, 0, 1, 1, 0, 0, 0
76356, 1, 1, 1, 0, 1, 0
76357, 0, 2, 2, 0, 0, 0
76358, 2, 2, 2, 0, 2, 0
76359, 3, 2, 2, 0, 3, 0
77316, 1, 1, 1, 0, 0, 1
54351, 2, 1, 0, 1, 0, 2
73960, 0, 1, 1, 0, 0, 0
54704, 1, 3, 3, 0, 1, 0
54705, 0, 1, 1, 0, 0, 0
54691, 0, 2, 2, 0, 0, 0
54149, 11, 0, 0, 0, 11, 0
54150, 51, 2, 2, 0, 51, 0
54217, 4, 2, 2, 0, 4, 0
54151, 15, 0, 0, 0, 15, 0
54152, 8, 0, 0, 0, 8, 0
77318, 0, 1, 1, 0, 0, 0
71929, 0, 1, 1, 0, 0, 0
54165, 14, 0, 0, 0, 4, 10
54175, 0, 1, 1, 0, 0, 0
54176, 0, 1, 1, 0, 0, 0
54177, 0, 1, 1, 0, 0, 0
54178, 0, 1, 1, 0, 0, 0
54180, 1, 1, 1, 0, 1, 0
54181, 60, 1, 1, 0, 51, 9
54184, 0, 1, 1, 0, 0, 0
54185, 0, 2, 2, 0, 0, 0
54191, 2, 0, 0, 0, 2, 0
77320, 0, 1, 1, 0, 0, 0
54208, 2, 0, 0, 0, 2, 0
54209, 3, 0, 0, 0, 3, 0
54210, 4, 0, 0, 0, 2, 2
54211, 2, 0, 0, 0, 2, 0
54214, 14, 0, 0, 0, 14, 0
66995, 0, 1, 1, 0, 0, 0
65943, 0, 2, 2, 0, 0, 0
77322, 0, 1, 0, 1, 0, 0
54235, 0, 2, 2, 0, 0, 0
54236, 0, 2, 2, 0, 0, 0
54237, 0, 1, 1, 0, 0, 0
77323, 0, 1, 1, 0, 0, 0
54544, 2, 1, 1, 0, 2, 0
54545, 2, 2, 1, 1, 1, 1
54258, 29, 0, 0, 0, 19, 10
54259, 0, 1, 0, 1, 0, 0
54260, 0, 1, 0, 1, 0, 0
54262, 2, 0, 0, 0, 2, 0
54263, 2, 0, 0, 0, 2, 0
54264, 12, 0, 0, 0, 12, 0
54267, 17, 0, 0, 0, 17, 0
74302, 0, 1, 1, 0, 0, 0
54283, 7, 0, 0, 0, 7, 0
54284, 0, 1, 1, 0, 0, 0
54285, 0, 1, 1, 0, 0, 0
54287, 6, 0, 0, 0, 5, 1
54288, 0, 1, 1, 0, 0, 0
54289, 0, 1, 1, 0, 0, 0
54294, 14, 0, 0, 0, 14, 0
54296, 8, 0, 0, 0, 8, 0
54297, 5, 4, 4, 0, 5, 0
75569, 0, 1, 1, 0, 0, 0
54301, 2, 0, 0, 0, 2, 0
64832, 3, 1, 1, 0, 3, 0
77328, 0, 1, 1, 0, 0, 0
77330, 0, 1, 1, 0, 0, 0
54309, 2, 0, 0, 0, 2, 0
55788, 2, 1, 1, 0, 2, 0
71036, 2, 2, 2, 0, 2, 0
71037, 3, 1, 1, 0, 3, 0
77332, 4, 2, 2, 0, 4, 0
54324, 9, 2, 2, 0, 8, 1
54327, 0, 2, 2, 0, 0, 0
77333, 0, 1, 1, 0, 0, 0
54330, 2, 0, 0, 0, 2, 0
64684, 0, 1, 1, 0, 0, 0
54336, 2, 0, 0, 0, 2, 0
54346, 7, 0, 0, 0, 7, 0
54347, 2, 0, 0, 0, 2, 0
54348, 8, 0, 0, 0, 8, 0
54349, 7, 0, 0, 0, 4, 3
54352, 7, 2, 2, 0, 7, 0
54354, 4, 0, 0, 0, 4, 0
54355, 13, 0, 0, 0, 13, 0
54357, 0, 1, 1, 0, 0, 0
54358, 15, 0, 0, 0, 15, 0
74223, 0, 4, 4, 0, 0, 0
74224, 4, 3, 3, 0, 4, 0
72014, 0, 1, 1, 0, 0, 0
72015, 0, 1, 1, 0, 0, 0
54378, 8, 0, 0, 0, 8, 0
54379, 7, 0, 0, 0, 7, 0
54385, 5, 0, 0, 0, 5, 0
54386, 2, 0, 0, 0, 2, 0
66278, 0, 1, 1, 0, 0, 0
66279, 4, 1, 1, 0, 4, 0
76024, 0, 1, 1, 0, 0, 0
77335, 0, 1, 1, 0, 0, 0
54402, 7, 0, 0, 0, 7, 0
54405, 10, 0, 0, 0, 9, 1
54427, 9, 0, 0, 0, 9, 0
54428, 4, 0, 0, 0, 4, 0
54431, 20, 0, 0, 0, 20, 0
54435, 18, 0, 0, 0, 17, 1
54437, 0, 1, 1, 0, 0, 0
54438, 11, 0, 0, 0, 11, 0
54542, 1, 2, 2, 0, 1, 0
54543, 1, 2, 2, 0, 1, 0
74985, 0, 1, 1, 0, 0, 0
76179, 0, 1, 1, 0, 0, 0
76180, 0, 1, 1, 0, 0, 0
54462, 9, 0, 0, 0, 9, 0
54463, 0, 1, 1, 0, 0, 0
54464, 2, 0, 0, 0, 2, 0
54472, 4, 0, 0, 0, 3, 1
54473, 12, 0, 0, 0, 12, 0
54474, 0, 1, 1, 0, 0, 0
54475, 0, 1, 1, 0, 0, 0
54479, 13, 0, 0, 0, 9, 4
54481, 3, 1, 1, 0, 3, 0
54492, 19, 0, 0, 0, 19, 0
77339, 0, 1, 1, 0, 0, 0
54499, 2, 0, 0, 0, 2, 0
73956, 1, 1, 1, 0, 1, 0
54509, 9, 1, 1, 0, 9, 0
54510, 8, 0, 0, 0, 8, 0
54915, 2, 2, 2, 0, 2, 0
71124, 1, 2, 2, 0, 1, 0
77341, 3, 3, 3, 0, 3, 0
54517, 0, 1, 1, 0, 0, 0
54521, 7, 0, 0, 0, 7, 0
54524, 0, 1, 1, 0, 0, 0
77346, 1, 1, 1, 0, 1, 0
54533, 4, 0, 0, 0, 4, 0
54534, 59, 0, 0, 0, 58, 1
54535, 23, 1, 1, 0, 22, 1
54536, 1, 1, 1, 0, 1, 0
54537, 0, 1, 1, 0, 0, 0
54539, 2, 0, 0, 0, 2, 0
54540, 9, 0, 0, 0, 8, 1
54549, 6, 0, 0, 0, 6, 0
54550, 3, 0, 0, 0, 3, 0
77353, 1, 1, 1, 0, 1, 0
65894, 1, 2, 1, 1, 1, 0
54576, 12, 0, 0, 0, 12, 0
63476, 0, 1, 1, 0, 0, 0
77354, 1, 1, 1, 0, 1, 0
54583, 5, 0, 0, 0, 4, 1
54584, 9, 0, 0, 0, 9, 0
54586, 12, 0, 0, 0, 11, 1
77355, 0, 1, 1, 0, 0, 0
54591, 5, 0, 0, 0, 5, 0
54596, 2, 0, 0, 0, 2, 0
54597, 4, 0, 0, 0, 3, 1
54598, 6, 0, 0, 0, 6, 0
54599, 17, 0, 0, 0, 17, 0
54604, 12, 0, 0, 0, 11, 1
54605, 8, 0, 0, 0, 8, 0
54606, 16, 0, 0, 0, 16, 0
54607, 3, 0, 0, 0, 3, 0
54617, 2, 0, 0, 0, 2, 0
54618, 3, 0, 0, 0, 3, 0
54623, 4, 0, 0, 0, 3, 1
54624, 3, 0, 0, 0, 3, 0
77358, 0, 2, 2, 0, 0, 0
54632, 0, 1, 1, 0, 0, 0
54633, 13, 1, 1, 0, 7, 6
54634, 0, 1, 1, 0, 0, 0
54636, 0, 1, 1, 0, 0, 0
54638, 0, 1, 0, 1, 0, 0
54640, 2, 0, 0, 0, 2, 0
54642, 12, 0, 0, 0, 12, 0
54643, 14, 0, 0, 0, 12, 2
54644, 0, 1, 1, 0, 0, 0
77359, 2, 1, 1, 0, 2, 0
54653, 2, 0, 0, 0, 2, 0
54656, 3, 0, 0, 0, 3, 0
54658, 1, 2, 0, 2, 0, 1
54659, 1, 0, 0, 0, 1, 0
77362, 1, 1, 1, 0, 1, 0
54683, 3, 0, 0, 0, 3, 0
77363, 0, 1, 1, 0, 0, 0
77365, 0, 1, 1, 0, 0, 0
77366, 2, 1, 1, 0, 2, 0
54718, 10, 0, 0, 0, 10, 0
54719, 1, 1, 1, 0, 1, 0
54722, 2, 0, 0, 0, 2, 0
70207, 0, 1, 0, 1, 0, 0
70208, 0, 1, 0, 1, 0, 0
70209, 2, 1, 0, 1, 2, 0
70210, 2, 1, 0, 1, 1, 1
70211, 0, 1, 0, 1, 0, 0
70212, 1, 1, 0, 1, 0, 1
70213, 0, 1, 0, 1, 0, 0
70214, 1, 1, 0, 1, 1, 0
70215, 0, 1, 0, 1, 0, 0
70216, 0, 1, 0, 1, 0, 0
70217, 0, 1, 0, 1, 0, 0
70218, 0, 1, 0, 1, 0, 0
54729, 14, 0, 0, 0, 9, 5
54730, 5, 0, 0, 0, 4, 1
54731, 0, 1, 1, 0, 0, 0
54735, 2, 1, 1, 0, 2, 0
54737, 1, 1, 0, 1, 1, 0
77367, 0, 1, 1, 0, 0, 0
77368, 0, 1, 1, 0, 0, 0
72934, 0, 1, 1, 0, 0, 0
72935, 0, 1, 1, 0, 0, 0
75588, 0, 2, 2, 0, 0, 0
75589, 1, 1, 1, 0, 1, 0
75590, 1, 1, 1, 0, 1, 0
54779, 1, 2, 2, 0, 1, 0
54780, 0, 1, 1, 0, 0, 0
54782, 1, 1, 1, 0, 1, 0
54783, 0, 1, 1, 0, 0, 0
54784, 0, 1, 1, 0, 0, 0
54786, 0, 1, 1, 0, 0, 0
54790, 5, 1, 1, 0, 5, 0
54794, 3, 0, 0, 0, 3, 0
54804, 53, 0, 0, 0, 37, 16
54811, 12, 0, 0, 0, 12, 0
77372, 0, 3, 3, 0, 0, 0
69164, 0, 1, 1, 0, 0, 0
74862, 0, 1, 1, 0, 0, 0
77373, 0, 1, 1, 0, 0, 0
54877, 12, 0, 0, 0, 12, 0
54878, 0, 1, 1, 0, 0, 0
77374, 4, 3, 2, 1, 3, 1
54888, 3, 0, 0, 0, 3, 0
54892, 2, 0, 0, 0, 2, 0
54894, 0, 1, 0, 1, 0, 0
77378, 0, 1, 1, 0, 0, 0
77379, 0, 1, 1, 0, 0, 0
54909, 0, 1, 1, 0, 0, 0
54911, 1, 1, 1, 0, 1, 0
54912, 3, 0, 0, 0, 2, 1
54913, 0, 1, 0, 1, 0, 0
54916, 5, 0, 0, 0, 5, 0
54917, 5, 0, 0, 0, 5, 0
54920, 4, 0, 0, 0, 4, 0
54921, 4, 1, 1, 0, 4, 0
54922, 5, 1, 1, 0, 5, 0
54923, 0, 1, 1, 0, 0, 0
54925, 2, 0, 0, 0, 2, 0
54926, 6, 1, 1, 0, 6, 0
54927, 1, 1, 1, 0, 1, 0
77380, 1, 1, 1, 0, 1, 0
54930, 25, 0, 0, 0, 24, 1
54931, 2, 0, 0, 0, 2, 0
54932, 4, 0, 0, 0, 4, 0
54935, 12, 0, 0, 0, 12, 0
54936, 0, 1, 1, 0, 0, 0
54937, 2, 0, 0, 0, 2, 0
54942, 2, 0, 0, 0, 2, 0
54943, 2, 0, 0, 0, 2, 0
54944, 2, 0, 0, 0, 2, 0
54945, 2, 0, 0, 0, 2, 0
54946, 2, 0, 0, 0, 2, 0
54947, 5, 0, 0, 0, 5, 0
54948, 4, 0, 0, 0, 4, 0
77381, 0, 1, 1, 0, 0, 0
72735, 0, 1, 1, 0, 0, 0
75491, 1, 1, 1, 0, 1, 0
54952, 2, 0, 0, 0, 2, 0
54954, 0, 1, 1, 0, 0, 0
54955, 1, 1, 1, 0, 1, 0
54956, 2, 0, 0, 0, 2, 0
54957, 10, 0, 0, 0, 9, 1
54958, 2, 1, 1, 0, 2, 0
77382, 1, 1, 1, 0, 1, 0
54967, 4, 0, 0, 0, 4, 0
54970, 2, 0, 0, 0, 2, 0
77383, 1, 1, 0, 1, 1, 0
77384, 0, 2, 2, 0, 0, 0
65623, 1, 1, 1, 0, 1, 0
65624, 0, 1, 1, 0, 0, 0
55000, 2, 0, 0, 0, 2, 0
55005, 9, 1, 1, 0, 9, 0
66114, 0, 1, 1, 0, 0, 0
55007, 20, 0, 0, 0, 20, 0
66387, 0, 2, 2, 0, 0, 0
66388, 0, 2, 2, 0, 0, 0
55017, 2, 0, 0, 0, 2, 0
55018, 3, 0, 0, 0, 3, 0
55019, 0, 1, 1, 0, 0, 0
55021, 10, 0, 0, 0, 10, 0
55022, 7, 0, 0, 0, 7, 0
55023, 3, 1, 1, 0, 3, 0
55024, 2, 0, 0, 0, 2, 0
55028, 2, 0, 0, 0, 2, 0
55029, 27, 0, 0, 0, 27, 0
76350, 0, 2, 2, 0, 0, 0
55048, 2, 0, 0, 0, 2, 0
55069, 14, 1, 0, 1, 10, 4
55070, 0, 1, 1, 0, 0, 0
55071, 1, 1, 0, 1, 0, 1
55072, 8, 0, 0, 0, 8, 0
55073, 2, 0, 0, 0, 2, 0
55074, 7, 0, 0, 0, 7, 0
55075, 4, 1, 1, 0, 4, 0
55076, 1, 1, 1, 0, 1, 0
55077, 13, 0, 0, 0, 13, 0
55079, 0, 1, 1, 0, 0, 0
55080, 2, 0, 0, 0, 2, 0
73837, 0, 1, 1, 0, 0, 0
55092, 2, 0, 0, 0, 2, 0
55094, 7, 0, 0, 0, 7, 0
55095, 0, 1, 1, 0, 0, 0
55097, 4, 0, 0, 0, 4, 0
55098, 4, 0, 0, 0, 3, 1
55099, 0, 1, 1, 0, 0, 0
55100, 2, 0, 0, 0, 2, 0
55101, 11, 0, 0, 0, 11, 0
55102, 0, 1, 1, 0, 0, 0
55103, 3, 0, 0, 0, 3, 0
55104, 2, 0, 0, 0, 2, 0
67188, 7, 4, 4, 0, 7, 0
77392, 2, 1, 1, 0, 2, 0
55110, 2, 0, 0, 0, 2, 0
55111, 2, 0, 0, 0, 2, 0
55112, 3, 0, 0, 0, 3, 0
55113, 5, 0, 0, 0, 5, 0
55114, 5, 0, 0, 0, 5, 0
55115, 9, 0, 0, 0, 9, 0
55116, 2, 0, 0, 0, 2, 0
55123, 3, 0, 0, 0, 3, 0
55130, 7, 0, 0, 0, 6, 1
55133, 15, 0, 0, 0, 15, 0
55134, 2, 0, 0, 0, 2, 0
55135, 2, 0, 0, 0, 2, 0
72234, 0, 1, 1, 0, 0, 0
72235, 0, 1, 1, 0, 0, 0
55140, 4, 1, 1, 0, 4, 0
55141, 7, 0, 0, 0, 4, 3
55142, 2, 0, 0, 0, 2, 0
55143, 3, 0, 0, 0, 2, 1
55144, 3, 0, 0, 0, 3, 0
55145, 7, 0, 0, 0, 7, 0
55146, 9, 0, 0, 0, 9, 0
55148, 3, 0, 0, 0, 3, 0
55149, 4, 0, 0, 0, 4, 0
55150, 0, 1, 1, 0, 0, 0
55154, 2, 0, 0, 0, 2, 0
55158, 4, 0, 0, 0, 4, 0
55159, 5, 1, 0, 1, 5, 0
55161, 2, 0, 0, 0, 2, 0
55162, 2, 0, 0, 0, 2, 0
55163, 7, 0, 0, 0, 7, 0
55164, 2, 0, 0, 0, 2, 0
55165, 4, 1, 1, 0, 3, 1
55166, 0, 1, 1, 0, 0, 0
55167, 7, 0, 0, 0, 7, 0
55168, 2, 0, 0, 0, 2, 0
55169, 2, 0, 0, 0, 2, 0
55171, 2, 0, 0, 0, 2, 0
55172, 19, 0, 0, 0, 18, 1
55175, 2, 0, 0, 0, 2, 0
55178, 9, 0, 0, 0, 9, 0
55183, 2, 0, 0, 0, 2, 0
55186, 1, 1, 1, 0, 1, 0
55187, 1, 1, 1, 0, 1, 0
55189, 2, 0, 0, 0, 2, 0
55190, 2, 0, 0, 0, 2, 0
55191, 2, 0, 0, 0, 2, 0
55192, 2, 0, 0, 0, 2, 0
55193, 5, 0, 0, 0, 5, 0
77401, 0, 6, 6, 0, 0, 0
55206, 2, 0, 0, 0, 2, 0
55207, 2, 0, 0, 0, 2, 0
55210, 2, 0, 0, 0, 2, 0
77404, 0, 1, 1, 0, 0, 0
58887, 2, 2, 1, 1, 1, 1
67286, 0, 1, 1, 0, 0, 0
67287, 0, 1, 1, 0, 0, 0
67288, 0, 1, 1, 0, 0, 0
67289, 0, 1, 1, 0, 0, 0
67290, 0, 1, 1, 0, 0, 0
67291, 0, 1, 1, 0, 0, 0
67292, 0, 1, 1, 0, 0, 0
67293, 0, 1, 1, 0, 0, 0
67294, 0, 1, 1, 0, 0, 0
67295, 0, 2, 1, 1, 0, 0
67296, 0, 1, 0, 1, 0, 0
55218, 8, 0, 0, 0, 8, 0
55219, 2, 0, 0, 0, 2, 0
55223, 4, 0, 0, 0, 4, 0
55225, 5, 0, 0, 0, 2, 3
55226, 2, 1, 0, 1, 2, 0
55227, 0, 1, 0, 1, 0, 0
55231, 2, 0, 0, 0, 2, 0
55232, 2, 0, 0, 0, 2, 0
55233, 9, 0, 0, 0, 9, 0
55234, 5, 1, 1, 0, 5, 0
55235, 2, 1, 1, 0, 2, 0
55237, 4, 0, 0, 0, 4, 0
55240, 10, 0, 0, 0, 10, 0
55241, 0, 1, 1, 0, 0, 0
64712, 0, 1, 1, 0, 0, 0
64713, 1, 2, 2, 0, 1, 0
64715, 0, 1, 1, 0, 0, 0
55247, 2, 0, 0, 0, 2, 0
55248, 2, 0, 0, 0, 2, 0
55254, 2, 0, 0, 0, 2, 0
55255, 2, 0, 0, 0, 2, 0
55256, 2, 0, 0, 0, 2, 0
55257, 8, 0, 0, 0, 7, 1
55259, 2, 0, 0, 0, 2, 0
55260, 5, 0, 0, 0, 4, 1
55261, 2, 1, 1, 0, 2, 0
55266, 3, 0, 0, 0, 3, 0
77407, 0, 1, 1, 0, 0, 0
77408, 0, 1, 1, 0, 0, 0
55268, 2, 0, 0, 0, 2, 0
55270, 2, 0, 0, 0, 2, 0
55271, 30, 0, 0, 0, 30, 0
55277, 0, 1, 1, 0, 0, 0
55278, 0, 1, 1, 0, 0, 0
55279, 0, 1, 0, 1, 0, 0
77410, 0, 1, 1, 0, 0, 0
55280, 2, 0, 0, 0, 2, 0
55282, 6, 0, 0, 0, 6, 0
55283, 6, 0, 0, 0, 6, 0
55284, 34, 0, 0, 0, 19, 15
55285, 0, 1, 1, 0, 0, 0
55286, 0, 1, 0, 1, 0, 0
55287, 2, 0, 0, 0, 2, 0
55288, 2, 0, 0, 0, 2, 0
66223, 0, 1, 1, 0, 0, 0
55293, 4, 0, 0, 0, 4, 0
55294, 2, 0, 0, 0, 2, 0
55295, 2, 0, 0, 0, 2, 0
55296, 19, 0, 0, 0, 15, 4
55297, 0, 1, 0, 1, 0, 0
55300, 9, 0, 0, 0, 7, 2
72115, 1, 1, 1, 0, 0, 1
55306, 2, 0, 0, 0, 2, 0
55307, 2, 0, 0, 0, 2, 0
55308, 2, 1, 1, 0, 2, 0
55309, 2, 0, 0, 0, 2, 0
55310, 2, 0, 0, 0, 2, 0
55311, 2, 0, 0, 0, 2, 0
55314, 2, 0, 0, 0, 2, 0
55315, 5, 0, 0, 0, 5, 0
55316, 2, 0, 0, 0, 2, 0
55317, 6, 0, 0, 0, 5, 1
55318, 4, 0, 0, 0, 3, 1
55319, 2, 0, 0, 0, 2, 0
55320, 2, 0, 0, 0, 2, 0
55321, 10, 1, 1, 0, 10, 0
55322, 0, 1, 1, 0, 0, 0
55323, 13, 0, 0, 0, 11, 2
55324, 1, 1, 0, 1, 1, 0
55325, 0, 1, 0, 1, 0, 0
77417, 0, 1, 1, 0, 0, 0
55326, 2, 0, 0, 0, 2, 0
68618, 2, 2, 2, 0, 2, 0
77418, 1, 1, 1, 0, 1, 0
77419, 0, 1, 1, 0, 0, 0
77420, 1, 1, 1, 0, 1, 0
77421, 1, 1, 1, 0, 1, 0
77422, 0, 1, 1, 0, 0, 0
77423, 1, 1, 1, 0, 1, 0
55355, 8, 0, 0, 0, 7, 1
55356, 2, 0, 0, 0, 2, 0
55358, 0, 1, 1, 0, 0, 0
55359, 0, 1, 1, 0, 0, 0
55362, 4, 0, 0, 0, 4, 0
55363, 0, 1, 1, 0, 0, 0
55364, 11, 0, 0, 0, 8, 3
55366, 0, 1, 1, 0, 0, 0
77424, 1, 1, 1, 0, 1, 0
55369, 2, 0, 0, 0, 2, 0
55370, 2, 0, 0, 0, 2, 0
55371, 2, 0, 0, 0, 2, 0
66801, 0, 1, 0, 1, 0, 0
66802, 0, 1, 0, 1, 0, 0
66803, 0, 1, 0, 1, 0, 0
55379, 2, 0, 0, 0, 2, 0
55380, 2, 0, 0, 0, 2, 0
55382, 8, 0, 0, 0, 8, 0
55383, 2, 0, 0, 0, 2, 0
55387, 2, 3, 3, 0, 2, 0
55388, 3, 1, 1, 0, 3, 0
55389, 3, 1, 1, 0, 3, 0
55391, 3, 0, 0, 0, 3, 0
55392, 9, 0, 0, 0, 6, 3
55393, 0, 1, 1, 0, 0, 0
55396, 2, 0, 0, 0, 2, 0
75796, 5, 2, 2, 0, 4, 1
55405, 2, 0, 0, 0, 2, 0
55410, 0, 1, 0, 1, 0, 0
55411, 3, 0, 0, 0, 2, 1
55412, 7, 0, 0, 0, 7, 0
74597, 2, 1, 1, 0, 2, 0
74598, 1, 2, 2, 0, 1, 0
76997, 0, 1, 1, 0, 0, 0
55421, 5, 0, 0, 0, 4, 1
69396, 0, 1, 1, 0, 0, 0
55424, 2, 0, 0, 0, 2, 0
55425, 3, 0, 0, 0, 3, 0
55428, 2, 0, 0, 0, 2, 0
55429, 5, 0, 0, 0, 5, 0
72976, 0, 1, 1, 0, 0, 0
55434, 2, 0, 0, 0, 2, 0
65066, 4, 3, 3, 0, 4, 0
67410, 12, 3, 3, 0, 11, 1
77433, 2, 1, 1, 0, 2, 0
55441, 3, 0, 0, 0, 3, 0
55442, 27, 1, 1, 0, 9, 18
55443, 1, 1, 1, 0, 1, 0
55445, 2, 0, 0, 0, 2, 0
55446, 3, 0, 0, 0, 3, 0
55447, 4, 0, 0, 0, 4, 0
55449, 0, 1, 1, 0, 0, 0
55450, 2, 0, 0, 0, 2, 0
55451, 2, 0, 0, 0, 2, 0
55452, 4, 0, 0, 0, 4, 0
55454, 0, 1, 1, 0, 0, 0
55456, 2, 0, 0, 0, 2, 0
77434, 0, 1, 1, 0, 0, 0
77435, 0, 1, 1, 0, 0, 0
55460, 12, 1, 1, 0, 12, 0
55461, 1, 1, 1, 0, 1, 0
55463, 3, 0, 0, 0, 3, 0
55464, 4, 0, 0, 0, 4, 0
55465, 5, 0, 0, 0, 4, 1
55466, 3, 0, 0, 0, 3, 0
55472, 2, 0, 0, 0, 2, 0
55473, 4, 0, 0, 0, 2, 2
63754, 0, 1, 1, 0, 0, 0
63755, 0, 1, 1, 0, 0, 0
55478, 4, 0, 0, 0, 4, 0
77436, 1, 1, 1, 0, 1, 0
55481, 8, 0, 0, 0, 8, 0
55482, 7, 0, 0, 0, 6, 1
55483, 0, 1, 1, 0, 0, 0
55484, 0, 1, 1, 0, 0, 0
55489, 3, 0, 0, 0, 3, 0
55490, 2, 0, 0, 0, 2, 0
55491, 3, 0, 0, 0, 3, 0
65977, 3, 1, 1, 0, 3, 0
55496, 9, 0, 0, 0, 6, 3
55497, 5, 0, 0, 0, 5, 0
55498, 3, 1, 1, 0, 3, 0
64297, 0, 1, 0, 1, 0, 0
64298, 0, 1, 0, 1, 0, 0
64299, 0, 1, 0, 1, 0, 0
55500, 2, 0, 0, 0, 2, 0
55501, 2, 0, 0, 0, 2, 0
55505, 3, 0, 0, 0, 3, 0
55506, 0, 1, 1, 0, 0, 0
55508, 1, 1, 1, 0, 1, 0
55509, 1, 1, 1, 0, 1, 0
55516, 5, 0, 0, 0, 4, 1
55517, 3, 0, 0, 0, 2, 1
55519, 0, 1, 1, 0, 0, 0
55520, 0, 1, 1, 0, 0, 0
55521, 2, 0, 0, 0, 2, 0
55539, 5, 0, 0, 0, 5, 0
55540, 2, 0, 0, 0, 2, 0
55541, 6, 0, 0, 0, 6, 0
55542, 2, 0, 0, 0, 2, 0
55543, 5, 0, 0, 0, 5, 0
55544, 2, 0, 0, 0, 2, 0
55546, 2, 0, 0, 0, 2, 0
55547, 19, 0, 0, 0, 19, 0
55549, 2, 0, 0, 0, 2, 0
55551, 3, 0, 0, 0, 3, 0
55552, 2, 0, 0, 0, 2, 0
55555, 4, 1, 1, 0, 4, 0
55556, 2, 1, 1, 0, 2, 0
55557, 0, 2, 2, 0, 0, 0
55558, 3, 0, 0, 0, 3, 0
55559, 0, 2, 1, 1, 0, 0
55561, 3, 0, 0, 0, 3, 0
55563, 2, 0, 0, 0, 2, 0
55565, 0, 2, 2, 0, 0, 0
69296, 0, 1, 1, 0, 0, 0
55568, 2, 0, 0, 0, 2, 0
55569, 2, 0, 0, 0, 2, 0
55570, 2, 0, 0, 0, 2, 0
55573, 2, 1, 1, 0, 2, 0
55574, 2, 0, 0, 0, 2, 0
55576, 14, 0, 0, 0, 14, 0
55578, 2, 0, 0, 0, 2, 0
55579, 3, 0, 0, 0, 2, 1
66068, 2, 1, 1, 0, 2, 0
55583, 4, 0, 0, 0, 3, 1
55585, 4, 0, 0, 0, 4, 0
55592, 5, 0, 0, 0, 5, 0
55593, 5, 0, 0, 0, 2, 3
55594, 2, 0, 0, 0, 2, 0
55595, 10, 0, 0, 0, 9, 1
55596, 2, 0, 0, 0, 2, 0
55597, 2, 0, 0, 0, 2, 0
55598, 2, 0, 0, 0, 2, 0
55599, 2, 0, 0, 0, 2, 0
55600, 3, 0, 0, 0, 3, 0
55601, 6, 0, 0, 0, 6, 0
55603, 4, 0, 0, 0, 4, 0
73728, 0, 1, 1, 0, 0, 0
55607, 5, 0, 0, 0, 5, 0
55609, 2, 0, 0, 0, 2, 0
67832, 0, 1, 1, 0, 0, 0
55612, 3, 0, 0, 0, 3, 0
55613, 2, 0, 0, 0, 2, 0
55614, 4, 0, 0, 0, 2, 2
55635, 3, 1, 1, 0, 3, 0
55638, 3, 1, 1, 0, 2, 1
55639, 6, 1, 0, 1, 6, 0
63151, 0, 2, 2, 0, 0, 0
55640, 7, 0, 0, 0, 5, 2
55641, 0, 1, 1, 0, 0, 0
70501, 0, 1, 1, 0, 0, 0
55644, 2, 0, 0, 0, 2, 0
55645, 4, 1, 1, 0, 4, 0
55646, 3, 0, 0, 0, 3, 0
55649, 5, 0, 0, 0, 5, 0
55653, 0, 3, 3, 0, 0, 0
55656, 2, 0, 0, 0, 2, 0
55661, 2, 0, 0, 0, 2, 0
55669, 0, 1, 1, 0, 0, 0
55670, 0, 3, 3, 0, 0, 0
55674, 2, 0, 0, 0, 2, 0
55678, 1, 1, 1, 0, 1, 0
55679, 0, 1, 1, 0, 0, 0
55682, 1, 1, 1, 0, 1, 0
55686, 3, 1, 1, 0, 3, 0
55690, 0, 3, 3, 0, 0, 0
55691, 2, 0, 0, 0, 2, 0
55692, 3, 1, 1, 0, 3, 0
55693, 2, 1, 1, 0, 1, 1
55694, 4, 0, 0, 0, 3, 1
55698, 2, 0, 0, 0, 2, 0
55700, 2, 0, 0, 0, 2, 0
55701, 3, 0, 0, 0, 3, 0
55702, 9, 0, 0, 0, 9, 0
55703, 5, 0, 0, 0, 3, 2
74582, 0, 1, 1, 0, 0, 0
77450, 11, 1, 1, 0, 4, 7
55726, 2, 0, 0, 0, 2, 0
55727, 2, 0, 0, 0, 2, 0
55728, 2, 0, 0, 0, 2, 0
55729, 3, 0, 0, 0, 3, 0
55730, 11, 1, 1, 0, 11, 0
55732, 13, 1, 1, 0, 13, 0
74481, 1, 1, 1, 0, 1, 0
74482, 0, 1, 1, 0, 0, 0
74483, 0, 1, 1, 0, 0, 0
55733, 2, 0, 0, 0, 2, 0
55734, 16, 0, 0, 0, 16, 0
55735, 0, 1, 1, 0, 0, 0
55737, 0, 1, 1, 0, 0, 0
55738, 3, 0, 0, 0, 3, 0
55740, 0, 1, 1, 0, 0, 0
55741, 2, 0, 0, 0, 2, 0
55742, 11, 0, 0, 0, 7, 4
55744, 7, 0, 0, 0, 7, 0
55745, 2, 1, 1, 0, 2, 0
77451, 0, 1, 1, 0, 0, 0
55753, 2, 0, 0, 0, 2, 0
55757, 6, 0, 0, 0, 6, 0
55760, 2, 0, 0, 0, 2, 0
55762, 3, 1, 1, 0, 3, 0
55764, 2, 0, 0, 0, 2, 0
55765, 8, 0, 0, 0, 7, 1
55766, 3, 0, 0, 0, 3, 0
77453, 0, 1, 1, 0, 0, 0
55776, 2, 0, 0, 0, 2, 0
55782, 2, 0, 0, 0, 2, 0
55783, 5, 1, 0, 1, 5, 0
55786, 2, 0, 0, 0, 2, 0
55787, 6, 0, 0, 0, 6, 0
55789, 2, 0, 0, 0, 2, 0
55803, 2, 0, 0, 0, 2, 0
55806, 6, 0, 0, 0, 6, 0
72531, 6, 1, 1, 0, 6, 0
55811, 4, 0, 0, 0, 4, 0
55816, 10, 0, 0, 0, 9, 1
55817, 40, 0, 0, 0, 40, 0
55818, 2, 2, 2, 0, 2, 0
55819, 0, 1, 1, 0, 0, 0
77463, 0, 1, 1, 0, 0, 0
77464, 1, 1, 1, 0, 1, 0
55824, 4, 1, 1, 0, 4, 0
55825, 0, 2, 2, 0, 0, 0
55826, 3, 0, 0, 0, 2, 1
55835, 2, 0, 0, 0, 2, 0
55838, 8, 0, 0, 0, 8, 0
55839, 2, 0, 0, 0, 2, 0
55840, 2, 0, 0, 0, 2, 0
55841, 2, 0, 0, 0, 2, 0
55847, 2, 0, 0, 0, 2, 0
55848, 3, 0, 0, 0, 3, 0
55850, 3, 0, 0, 0, 2, 1
77473, 0, 1, 1, 0, 0, 0
55857, 4, 0, 0, 0, 3, 1
55858, 2, 0, 0, 0, 2, 0
55861, 3, 0, 0, 0, 2, 1
55866, 3, 0, 0, 0, 3, 0
55873, 3, 0, 0, 0, 3, 0
55874, 2, 0, 0, 0, 2, 0
55876, 2, 0, 0, 0, 2, 0
55877, 2, 0, 0, 0, 2, 0
55878, 3, 0, 0, 0, 3, 0
55880, 0, 1, 1, 0, 0, 0
55883, 3, 2, 2, 0, 3, 0
77480, 0, 1, 1, 0, 0, 0
77481, 1, 1, 1, 0, 1, 0
55885, 0, 1, 1, 0, 0, 0
55886, 0, 1, 1, 0, 0, 0
55901, 2, 0, 0, 0, 2, 0
55902, 10, 0, 0, 0, 10, 0
55915, 7, 0, 0, 0, 7, 0
55916, 1, 0, 0, 0, 1, 0
77485, 0, 2, 2, 0, 0, 0
55940, 0, 1, 1, 0, 0, 0
55941, 0, 1, 1, 0, 0, 0
55942, 1, 1, 1, 0, 1, 0
77486, 0, 1, 0, 1, 0, 0
77492, 1, 1, 1, 0, 1, 0
61515, 0, 1, 1, 0, 0, 0
77505, 0, 1, 0, 1, 0, 0
56010, 19, 0, 0, 0, 19, 0
56011, 4, 0, 0, 0, 4, 0
70096, 0, 2, 2, 0, 0, 0
73438, 0, 1, 1, 0, 0, 0
65564, 0, 1, 1, 0, 0, 0
74918, 0, 1, 1, 0, 0, 0
77511, 0, 3, 3, 0, 0, 0
77515, 0, 1, 1, 0, 0, 0
69352, 0, 1, 0, 1, 0, 0
77519, 0, 1, 0, 1, 0, 0
77521, 0, 2, 2, 0, 0, 0
77526, 0, 1, 1, 0, 0, 0
56108, 1, 0, 0, 0, 1, 0
62138, 3, 1, 1, 0, 3, 0
62139, 0, 1, 1, 0, 0, 0
77527, 0, 1, 1, 0, 0, 0
77528, 4, 2, 2, 0, 4, 0
77529, 3, 2, 2, 0, 3, 0
77530, 2, 2, 2, 0, 2, 0
77531, 2, 2, 2, 0, 2, 0
77532, 0, 1, 1, 0, 0, 0
77534, 0, 1, 1, 0, 0, 0
66688, 0, 1, 1, 0, 0, 0
66689, 0, 1, 1, 0, 0, 0
66690, 0, 1, 1, 0, 0, 0
66691, 0, 1, 0, 1, 0, 0
68641, 0, 1, 1, 0, 0, 0
68642, 5, 1, 0, 1, 3, 2
77535, 0, 1, 1, 0, 0, 0
58270, 7, 1, 1, 0, 7, 0
73776, 0, 1, 0, 1, 0, 0
64178, 0, 1, 0, 1, 0, 0
77538, 1, 1, 1, 0, 1, 0
77539, 0, 1, 1, 0, 0, 0
56276, 0, 1, 0, 1, 0, 0
77540, 1, 1, 1, 0, 1, 0
66490, 2, 1, 1, 0, 2, 0
70200, 5, 1, 1, 0, 4, 1
76095, 0, 1, 1, 0, 0, 0
76096, 0, 1, 1, 0, 0, 0
77542, 1, 6, 6, 0, 1, 0
77543, 1, 2, 2, 0, 1, 0
77544, 2, 4, 4, 0, 2, 0
77545, 1, 2, 2, 0, 1, 0
77546, 3, 2, 2, 0, 3, 0
77547, 1, 2, 2, 0, 1, 0
77548, 1, 2, 2, 0, 1, 0
77549, 2, 2, 2, 0, 2, 0
77550, 0, 1, 0, 1, 0, 0
77552, 0, 1, 1, 0, 0, 0
77553, 0, 1, 1, 0, 0, 0
77554, 0, 1, 1, 0, 0, 0
77555, 1, 1, 1, 0, 1, 0
77556, 0, 1, 1, 0, 0, 0
77557, 0, 1, 1, 0, 0, 0
68417, 0, 1, 1, 0, 0, 0
77565, 1, 1, 1, 0, 1, 0
56452, 0, 1, 1, 0, 0, 0
77577, 0, 1, 1, 0, 0, 0
77578, 0, 1, 1, 0, 0, 0
77585, 1, 1, 1, 0, 1, 0
66536, 0, 1, 1, 0, 0, 0
77586, 0, 2, 2, 0, 0, 0
70021, 0, 1, 1, 0, 0, 0
70022, 0, 1, 1, 0, 0, 0
77590, 1, 1, 1, 0, 1, 0
77592, 0, 1, 1, 0, 0, 0
77593, 0, 1, 1, 0, 0, 0
62449, 0, 1, 1, 0, 0, 0
70384, 0, 1, 1, 0, 0, 0
68711, 0, 1, 1, 0, 0, 0
56572, 2, 0, 0, 0, 2, 0
75128, 0, 1, 1, 0, 0, 0
75129, 0, 1, 1, 0, 0, 0
77611, 1, 1, 1, 0, 1, 0
68995, 0, 1, 0, 1, 0, 0
66334, 1, 1, 1, 0, 1, 0
66881, 0, 1, 1, 0, 0, 0
73579, 0, 1, 0, 1, 0, 0
77622, 2, 1, 1, 0, 2, 0
77626, 0, 1, 1, 0, 0, 0
77627, 0, 1, 1, 0, 0, 0
77628, 1, 1, 1, 0, 1, 0
77633, 4, 3, 3, 0, 4, 0
67761, 0, 1, 1, 0, 0, 0
77651, 0, 1, 1, 0, 0, 0
75276, 0, 1, 1, 0, 0, 0
58621, 0, 1, 1, 0, 0, 0
58622, 0, 2, 1, 1, 0, 0
56662, 9, 0, 0, 0, 9, 0
63947, 0, 1, 1, 0, 0, 0
71648, 0, 1, 1, 0, 0, 0
77682, 0, 1, 1, 0, 0, 0
77689, 1, 1, 1, 0, 1, 0
69846, 0, 1, 1, 0, 0, 0
69847, 0, 1, 0, 1, 0, 0
57715, 0, 2, 2, 0, 0, 0
57716, 0, 1, 1, 0, 0, 0
57718, 0, 1, 1, 0, 0, 0
57719, 2, 1, 1, 0, 1, 1
77703, 1, 1, 1, 0, 1, 0
59943, 0, 1, 1, 0, 0, 0
69777, 0, 1, 1, 0, 0, 0
58023, 2, 1, 1, 0, 1, 1
77710, 0, 1, 1, 0, 0, 0
77711, 0, 1, 1, 0, 0, 0
56770, 2, 0, 0, 0, 2, 0
56785, 0, 1, 1, 0, 0, 0
56786, 10, 1, 1, 0, 9, 1
56787, 1, 1, 1, 0, 1, 0
75330, 1, 1, 1, 0, 1, 0
75331, 0, 1, 1, 0, 0, 0
75332, 0, 2, 2, 0, 0, 0
75333, 0, 1, 1, 0, 0, 0
75334, 0, 1, 1, 0, 0, 0
75335, 0, 1, 0, 1, 0, 0
56798, 6, 0, 0, 0, 6, 0
77714, 0, 1, 0, 1, 0, 0
77718, 1, 1, 1, 0, 1, 0
71847, 0, 2, 2, 0, 0, 0
72196, 1, 1, 1, 0, 1, 0
72197, 0, 1, 1, 0, 0, 0
72105, 0, 1, 1, 0, 0, 0
72106, 0, 1, 1, 0, 0, 0
77721, 0, 1, 1, 0, 0, 0
77722, 0, 2, 2, 0, 0, 0
77723, 1, 1, 1, 0, 1, 0
77724, 0, 1, 1, 0, 0, 0
68615, 0, 1, 0, 1, 0, 0
77725, 0, 1, 1, 0, 0, 0
56867, 16, 0, 0, 0, 12, 4
56868, 0, 1, 0, 1, 0, 0
56875, 1, 0, 0, 0, 1, 0
56887, 19, 0, 0, 0, 19, 0
56892, 1, 2, 2, 0, 1, 0
56893, 0, 1, 1, 0, 0, 0
56894, 8, 0, 0, 0, 8, 0
56895, 5, 0, 0, 0, 4, 1
77733, 2, 1, 1, 0, 2, 0
73658, 0, 1, 1, 0, 0, 0
72080, 13, 2, 2, 0, 8, 5
72081, 5, 2, 2, 0, 5, 0
77737, 0, 1, 1, 0, 0, 0
77739, 0, 1, 1, 0, 0, 0
66071, 2, 2, 2, 0, 2, 0
77746, 0, 1, 1, 0, 0, 0
77747, 0, 1, 1, 0, 0, 0
56971, 1, 0, 0, 0, 1, 0
56972, 3, 0, 0, 0, 3, 0
56973, 9, 0, 0, 0, 8, 1
56974, 0, 1, 1, 0, 0, 0
56975, 0, 2, 2, 0, 0, 0
56979, 1, 0, 0, 0, 1, 0
77749, 0, 2, 2, 0, 0, 0
77750, 1, 1, 1, 0, 1, 0
77751, 4, 3, 3, 0, 4, 0
77752, 0, 1, 1, 0, 0, 0
77753, 3, 3, 3, 0, 3, 0
77754, 2, 1, 1, 0, 2, 0
77755, 3, 3, 3, 0, 3, 0
77758, 0, 2, 2, 0, 0, 0
77766, 0, 1, 1, 0, 0, 0
62447, 0, 1, 1, 0, 0, 0
62448, 0, 1, 1, 0, 0, 0
57048, 6, 0, 0, 0, 6, 0
77785, 0, 1, 1, 0, 0, 0
77786, 1, 1, 1, 0, 0, 1
57059, 1, 0, 0, 0, 1, 0
77790, 1, 1, 1, 0, 1, 0
77791, 0, 1, 1, 0, 0, 0
77793, 1, 1, 1, 0, 1, 0
77794, 2, 2, 2, 0, 2, 0
74102, 0, 1, 1, 0, 0, 0
74103, 0, 1, 1, 0, 0, 0
77799, 0, 1, 1, 0, 0, 0
64622, 0, 1, 1, 0, 0, 0
64623, 7, 1, 1, 0, 4, 3
64624, 0, 1, 1, 0, 0, 0
64625, 0, 1, 1, 0, 0, 0
64626, 0, 1, 1, 0, 0, 0
63052, 5, 1, 1, 0, 5, 0
74952, 0, 1, 1, 0, 0, 0
68925, 0, 1, 1, 0, 0, 0
68926, 0, 1, 1, 0, 0, 0
73657, 1, 1, 1, 0, 1, 0
68181, 7, 2, 2, 0, 7, 0
77815, 0, 1, 1, 0, 0, 0
77820, 2, 1, 1, 0, 2, 0
77824, 1, 2, 2, 0, 1, 0
77836, 1, 1, 1, 0, 1, 0
66528, 5, 4, 4, 0, 5, 0
77837, 0, 1, 0, 1, 0, 0
57195, 1, 0, 0, 0, 1, 0
57196, 6, 0, 0, 0, 6, 0
70313, 0, 1, 1, 0, 0, 0
57236, 8, 0, 0, 0, 8, 0
61630, 0, 1, 1, 0, 0, 0
61631, 0, 1, 1, 0, 0, 0
61632, 0, 1, 1, 0, 0, 0
61634, 0, 1, 1, 0, 0, 0
61635, 0, 1, 0, 1, 0, 0
68865, 0, 2, 1, 1, 0, 0
68866, 0, 1, 1, 0, 0, 0
68867, 0, 1, 1, 0, 0, 0
68868, 0, 1, 1, 0, 0, 0
68869, 0, 1, 1, 0, 0, 0
68870, 0, 1, 1, 0, 0, 0
68871, 0, 1, 1, 0, 0, 0
57272, 13, 0, 0, 0, 13, 0
57273, 0, 1, 1, 0, 0, 0
57274, 0, 1, 1, 0, 0, 0
57275, 0, 1, 1, 0, 0, 0
57276, 0, 1, 1, 0, 0, 0
57277, 0, 1, 1, 0, 0, 0
57278, 1, 0, 0, 0, 1, 0
57279, 1, 0, 0, 0, 1, 0
77854, 0, 1, 1, 0, 0, 0
57293, 3, 0, 0, 0, 3, 0
77855, 1, 1, 0, 1, 0, 1
77859, 0, 1, 1, 0, 0, 0
77860, 1, 1, 1, 0, 1, 0
60012, 0, 1, 1, 0, 0, 0
58352, 7, 3, 3, 0, 7, 0
60039, 0, 1, 1, 0, 0, 0
60040, 0, 1, 1, 0, 0, 0
60041, 0, 1, 1, 0, 0, 0
60042, 2, 1, 1, 0, 2, 0
60043, 0, 1, 1, 0, 0, 0
60045, 0, 1, 1, 0, 0, 0
60046, 0, 1, 1, 0, 0, 0
60048, 0, 1, 1, 0, 0, 0
60049, 0, 1, 1, 0, 0, 0
60051, 0, 1, 1, 0, 0, 0
60052, 1, 1, 1, 0, 1, 0
60053, 11, 1, 1, 0, 11, 0
60054, 0, 1, 1, 0, 0, 0
60055, 0, 1, 1, 0, 0, 0
60056, 0, 1, 1, 0, 0, 0
60057, 0, 1, 1, 0, 0, 0
60058, 1, 2, 2, 0, 1, 0
60059, 0, 1, 1, 0, 0, 0
60060, 0, 1, 1, 0, 0, 0
60061, 0, 1, 1, 0, 0, 0
57324, 3, 0, 0, 0, 3, 0
57330, 2, 0, 0, 0, 2, 0
71153, 0, 1, 0, 1, 0, 0
57370, 23, 0, 0, 0, 2, 21
77879, 1, 2, 1, 1, 1, 0
77880, 0, 1, 1, 0, 0, 0
72058, 0, 2, 2, 0, 0, 0
77881, 0, 1, 0, 1, 0, 0
77781, 0, 1, 1, 0, 0, 0
70754, 0, 1, 0, 1, 0, 0
70558, 1, 1, 0, 1, 1, 0
61772, 7, 1, 1, 0, 7, 0
62963, 0, 1, 1, 0, 0, 0
77891, 0, 1, 1, 0, 0, 0
64180, 14, 1, 1, 0, 14, 0
64876, 1, 1, 1, 0, 1, 0
76575, 0, 1, 0, 1, 0, 0
74915, 0, 1, 1, 0, 0, 0
70161, 5, 1, 1, 0, 5, 0
70162, 2, 1, 1, 0, 2, 0
77926, 3, 1, 1, 0, 2, 1
71789, 0, 1, 1, 0, 0, 0
77929, 0, 1, 1, 0, 0, 0
77930, 0, 2, 2, 0, 0, 0
62317, 0, 1, 1, 0, 0, 0
59355, 0, 1, 1, 0, 0, 0
60953, 0, 1, 1, 0, 0, 0
60954, 0, 1, 0, 1, 0, 0
68666, 0, 1, 0, 1, 0, 0
68667, 0, 1, 0, 1, 0, 0
74538, 0, 1, 1, 0, 0, 0
76411, 3, 1, 1, 0, 3, 0
77946, 0, 1, 1, 0, 0, 0
66902, 0, 1, 1, 0, 0, 0
66903, 0, 1, 1, 0, 0, 0
68805, 0, 1, 1, 0, 0, 0
68806, 0, 1, 1, 0, 0, 0
77951, 0, 1, 1, 0, 0, 0
77952, 0, 1, 1, 0, 0, 0
69209, 0, 1, 1, 0, 0, 0
57594, 8, 0, 0, 0, 4, 4
77957, 1, 1, 1, 0, 1, 0
66556, 0, 1, 1, 0, 0, 0
66557, 0, 1, 1, 0, 0, 0
77958, 1, 1, 1, 0, 1, 0
77959, 1, 1, 1, 0, 1, 0
77960, 0, 1, 1, 0, 0, 0
70617, 0, 1, 0, 1, 0, 0
70618, 0, 1, 0, 1, 0, 0
70619, 0, 1, 0, 1, 0, 0
70620, 0, 1, 0, 1, 0, 0
70621, 0, 1, 0, 1, 0, 0
70622, 0, 1, 0, 1, 0, 0
70623, 1, 1, 0, 1, 0, 1
70624, 1, 1, 0, 1, 1, 0
70625, 0, 1, 0, 1, 0, 0
70626, 0, 1, 0, 1, 0, 0
77961, 1, 1, 1, 0, 1, 0
69323, 0, 1, 1, 0, 0, 0
69324, 0, 1, 1, 0, 0, 0
69325, 0, 1, 1, 0, 0, 0
64120, 0, 1, 1, 0, 0, 0
64121, 0, 1, 1, 0, 0, 0
66502, 0, 1, 1, 0, 0, 0
67463, 0, 1, 1, 0, 0, 0
67464, 0, 1, 1, 0, 0, 0
60598, 0, 1, 1, 0, 0, 0
60599, 0, 1, 0, 1, 0, 0
68091, 0, 1, 0, 1, 0, 0
65818, 0, 1, 1, 0, 0, 0
57728, 1, 0, 0, 0, 1, 0
57741, 3, 0, 0, 0, 3, 0
57749, 8, 0, 0, 0, 7, 1
57750, 4, 0, 0, 0, 4, 0
67172, 1, 2, 2, 0, 1, 0
76457, 0, 1, 1, 0, 0, 0
77986, 1, 1, 1, 0, 1, 0
67033, 6, 1, 1, 0, 6, 0
70561, 0, 1, 1, 0, 0, 0
70562, 0, 1, 1, 0, 0, 0
70563, 0, 1, 1, 0, 0, 0
70564, 0, 1, 1, 0, 0, 0
77992, 0, 1, 1, 0, 0, 0
77995, 0, 1, 1, 0, 0, 0
77996, 0, 2, 1, 1, 0, 0
78000, 0, 1, 1, 0, 0, 0
78006, 0, 2, 2, 0, 0, 0
78007, 4, 2, 2, 0, 4, 0
72642, 0, 1, 0, 1, 0, 0
69043, 0, 1, 1, 0, 0, 0
78026, 1, 1, 1, 0, 1, 0
57919, 2, 0, 0, 0, 2, 0
78027, 1, 2, 2, 0, 1, 0
78028, 0, 1, 1, 0, 0, 0
57927, 11, 0, 0, 0, 4, 7
57928, 2, 0, 0, 0, 2, 0
57929, 2, 1, 1, 0, 2, 0
77564, 0, 1, 1, 0, 0, 0
57940, 17, 0, 0, 0, 11, 6
57942, 0, 1, 1, 0, 0, 0
57943, 10, 1, 1, 0, 6, 4
57944, 1, 1, 1, 0, 1, 0
57945, 6, 0, 0, 0, 5, 1
57948, 6, 0, 0, 0, 5, 1
57951, 0, 1, 1, 0, 0, 0
57952, 0, 1, 1, 0, 0, 0
57953, 0, 1, 1, 0, 0, 0
57954, 0, 1, 1, 0, 0, 0
78030, 0, 1, 1, 0, 0, 0
78031, 0, 1, 1, 0, 0, 0
78032, 0, 1, 1, 0, 0, 0
57968, 12, 0, 0, 0, 10, 2
78034, 1, 1, 1, 0, 1, 0
57975, 1, 0, 0, 0, 1, 0
78035, 0, 1, 1, 0, 0, 0
57987, 12, 0, 0, 0, 12, 0
57989, 1, 0, 0, 0, 1, 0
58005, 4, 0, 0, 0, 4, 0
58008, 6, 0, 0, 0, 6, 0
58009, 1, 0, 0, 0, 1, 0
58012, 5, 0, 0, 0, 5, 0
78038, 0, 1, 1, 0, 0, 0
78039, 0, 1, 1, 0, 0, 0
78040, 0, 1, 1, 0, 0, 0
58057, 6, 0, 0, 0, 6, 0
58058, 0, 1, 1, 0, 0, 0
58059, 0, 1, 1, 0, 0, 0
78041, 0, 1, 1, 0, 0, 0
78042, 0, 1, 1, 0, 0, 0
58071, 17, 0, 0, 0, 11, 6
58072, 11, 0, 0, 0, 11, 0
68669, 2, 2, 2, 0, 2, 0
68951, 0, 1, 1, 0, 0, 0
68775, 0, 2, 0, 2, 0, 0
71285, 0, 1, 0, 1, 0, 0
71286, 0, 1, 0, 1, 0, 0
71287, 0, 1, 0, 1, 0, 0
71288, 0, 1, 0, 1, 0, 0
71289, 0, 1, 0, 1, 0, 0
71290, 0, 1, 0, 1, 0, 0
71291, 0, 1, 0, 1, 0, 0
69956, 0, 1, 1, 0, 0, 0
77811, 0, 1, 1, 0, 0, 0
78050, 1, 1, 1, 0, 1, 0
78053, 0, 3, 3, 0, 0, 0
78054, 3, 3, 3, 0, 3, 0
60630, 0, 3, 3, 0, 0, 0
70923, 0, 1, 1, 0, 0, 0
78055, 0, 1, 1, 0, 0, 0
78056, 3, 2, 2, 0, 3, 0
78057, 2, 2, 2, 0, 2, 0
58126, 13, 0, 0, 0, 13, 0
58127, 0, 1, 1, 0, 0, 0
58129, 0, 1, 1, 0, 0, 0
58130, 0, 1, 1, 0, 0, 0
58131, 0, 1, 1, 0, 0, 0
70398, 0, 1, 1, 0, 0, 0
78058, 2, 1, 1, 0, 2, 0
78059, 0, 2, 2, 0, 0, 0
63305, 0, 1, 1, 0, 0, 0
78060, 0, 1, 0, 1, 0, 0
77387, 0, 1, 1, 0, 0, 0
58183, 4, 0, 0, 0, 4, 0
58186, 11, 0, 0, 0, 4, 7
58187, 0, 1, 0, 1, 0, 0
58188, 2, 0, 0, 0, 2, 0
58190, 9, 0, 0, 0, 4, 5
58191, 0, 1, 0, 1, 0, 0
58192, 4, 0, 0, 0, 4, 0
78076, 1, 1, 1, 0, 1, 0
58203, 2, 0, 0, 0, 2, 0
58204, 2, 0, 0, 0, 2, 0
58473, 2, 1, 0, 1, 2, 0
58213, 4, 0, 0, 0, 3, 1
78078, 0, 1, 1, 0, 0, 0
58243, 14, 0, 0, 0, 13, 1
58248, 38, 0, 0, 0, 14, 24
58249, 0, 1, 0, 1, 0, 0
58267, 0, 2, 2, 0, 0, 0
72886, 0, 1, 1, 0, 0, 0
58278, 0, 1, 1, 0, 0, 0
58279, 0, 1, 1, 0, 0, 0
58280, 1, 1, 1, 0, 1, 0
58287, 3, 0, 0, 0, 3, 0
58288, 2, 0, 0, 0, 2, 0
78083, 0, 1, 1, 0, 0, 0
78084, 1, 1, 1, 0, 1, 0
78085, 0, 1, 1, 0, 0, 0
65682, 9, 1, 1, 0, 9, 0
71801, 0, 1, 1, 0, 0, 0
71802, 0, 1, 1, 0, 0, 0
58323, 3, 0, 0, 0, 3, 0
58324, 4, 0, 0, 0, 4, 0
78090, 2, 1, 1, 0, 2, 0
58345, 2, 1, 1, 0, 2, 0
58346, 1, 1, 1, 0, 1, 0
58353, 0, 2, 2, 0, 0, 0
58354, 0, 1, 1, 0, 0, 0
58355, 0, 1, 1, 0, 0, 0
78097, 0, 1, 1, 0, 0, 0
78098, 0, 1, 1, 0, 0, 0
78099, 1, 1, 1, 0, 1, 0
58383, 7, 0, 0, 0, 7, 0
58384, 1, 0, 0, 0, 1, 0
58386, 1, 0, 0, 0, 1, 0
58393, 9, 0, 0, 0, 6, 3
58394, 0, 1, 1, 0, 0, 0
58396, 1, 0, 0, 0, 1, 0
78100, 4, 3, 3, 0, 4, 0
78101, 0, 5, 5, 0, 0, 0
78102, 3, 3, 3, 0, 3, 0
78103, 0, 2, 2, 0, 0, 0
78104, 2, 1, 1, 0, 2, 0
58401, 38, 0, 0, 0, 28, 10
58402, 0, 1, 1, 0, 0, 0
58403, 0, 1, 1, 0, 0, 0
58404, 0, 1, 1, 0, 0, 0
58405, 0, 1, 0, 1, 0, 0
58406, 11, 0, 0, 0, 11, 0
58407, 0, 1, 1, 0, 0, 0
58413, 1, 0, 0, 0, 1, 0
58433, 3, 0, 0, 0, 3, 0
58435, 3, 0, 0, 0, 2, 1
58436, 1, 0, 0, 0, 1, 0
58439, 4, 0, 0, 0, 3, 1
58440, 3, 1, 1, 0, 2, 1
58441, 0, 1, 1, 0, 0, 0
58448, 8, 0, 0, 0, 8, 0
58449, 0, 1, 1, 0, 0, 0
58450, 2, 0, 0, 0, 2, 0
58451, 1, 0, 0, 0, 1, 0
58452, 19, 0, 0, 0, 19, 0
58453, 0, 1, 1, 0, 0, 0
58454, 2, 1, 1, 0, 2, 0
58455, 0, 1, 1, 0, 0, 0
58456, 0, 1, 1, 0, 0, 0
58457, 0, 1, 1, 0, 0, 0
58458, 3, 0, 0, 0, 3, 0
58459, 0, 1, 1, 0, 0, 0
58461, 1, 1, 1, 0, 1, 0
58462, 9, 0, 0, 0, 9, 0
58467, 1, 0, 0, 0, 1, 0
58469, 1, 1, 1, 0, 1, 0
58470, 1, 0, 0, 0, 1, 0
72256, 0, 1, 1, 0, 0, 0
72257, 0, 1, 0, 1, 0, 0
58476, 1, 0, 0, 0, 1, 0
58478, 27, 0, 0, 0, 27, 0
58487, 4, 0, 0, 0, 4, 0
58488, 1, 0, 0, 0, 1, 0
58489, 15, 0, 0, 0, 15, 0
74225, 0, 1, 1, 0, 0, 0
58505, 2, 0, 0, 0, 2, 0
78114, 2, 1, 1, 0, 2, 0
78115, 0, 2, 2, 0, 0, 0
58511, 12, 0, 0, 0, 12, 0
58512, 5, 0, 0, 0, 4, 1
58513, 4, 0, 0, 0, 4, 0
58518, 9, 1, 1, 0, 9, 0
58519, 0, 1, 1, 0, 0, 0
58520, 1, 2, 2, 0, 1, 0
58533, 16, 0, 0, 0, 16, 0
78121, 0, 1, 0, 1, 0, 0
78128, 0, 2, 2, 0, 0, 0
78135, 3, 1, 1, 0, 3, 0
74820, 3, 1, 1, 0, 2, 1
78148, 0, 1, 0, 1, 0, 0
76937, 2, 1, 1, 0, 2, 0
71137, 0, 1, 1, 0, 0, 0
74094, 2, 2, 2, 0, 2, 0
58619, 7, 0, 0, 0, 7, 0
58620, 0, 1, 1, 0, 0, 0
78156, 0, 1, 1, 0, 0, 0
72286, 0, 1, 1, 0, 0, 0
75181, 0, 1, 1, 0, 0, 0
75182, 0, 1, 1, 0, 0, 0
58696, 1, 1, 1, 0, 1, 0
59645, 1, 1, 1, 0, 1, 0
65540, 0, 1, 1, 0, 0, 0
66285, 1, 1, 1, 0, 1, 0
58723, 4, 0, 0, 0, 4, 0
74465, 1, 1, 1, 0, 1, 0
75474, 0, 3, 3, 0, 0, 0
78180, 2, 1, 1, 0, 2, 0
65411, 0, 1, 1, 0, 0, 0
65412, 0, 1, 1, 0, 0, 0
78181, 0, 1, 1, 0, 0, 0
78182, 0, 1, 1, 0, 0, 0
78183, 0, 1, 0, 1, 0, 0
77475, 2, 1, 1, 0, 2, 0
63606, 0, 1, 1, 0, 0, 0
78184, 0, 1, 1, 0, 0, 0
78186, 0, 1, 1, 0, 0, 0
58763, 1, 0, 0, 0, 1, 0
78195, 0, 1, 1, 0, 0, 0
71558, 0, 1, 0, 1, 0, 0
72146, 0, 1, 1, 0, 0, 0
72147, 0, 1, 1, 0, 0, 0
78212, 0, 1, 1, 0, 0, 0
78213, 1, 1, 1, 0, 0, 1
78214, 1, 2, 1, 1, 1, 0
72540, 0, 1, 0, 1, 0, 0
67073, 0, 1, 0, 1, 0, 0
58886, 28, 0, 0, 0, 26, 2
58901, 15, 1, 1, 0, 12, 3
58904, 20, 0, 0, 0, 19, 1
58905, 0, 1, 1, 0, 0, 0
58906, 0, 1, 1, 0, 0, 0
58907, 0, 1, 1, 0, 0, 0
58908, 1, 0, 0, 0, 1, 0
58909, 4, 0, 0, 0, 4, 0
58910, 3, 0, 0, 0, 3, 0
78230, 0, 1, 1, 0, 0, 0
78231, 1, 1, 1, 0, 1, 0
58938, 4, 0, 0, 0, 4, 0
58939, 0, 1, 1, 0, 0, 0
58946, 0, 1, 1, 0, 0, 0
58947, 0, 1, 0, 1, 0, 0
58948, 8, 0, 0, 0, 7, 1
78239, 1, 1, 1, 0, 0, 1
58960, 1, 0, 0, 0, 1, 0
78240, 0, 1, 1, 0, 0, 0
69820, 0, 1, 1, 0, 0, 0
78242, 0, 1, 1, 0, 0, 0
59008, 8, 0, 0, 0, 8, 0
59009, 0, 1, 1, 0, 0, 0
59811, 0, 1, 1, 0, 0, 0
59812, 0, 1, 1, 0, 0, 0
59013, 19, 0, 0, 0, 17, 2
59018, 2, 0, 0, 0, 2, 0
59019, 2, 0, 0, 0, 2, 0
59021, 8, 0, 0, 0, 8, 0
59022, 0, 1, 1, 0, 0, 0
78254, 0, 1, 1, 0, 0, 0
78255, 3, 1, 1, 0, 3, 0
78256, 0, 1, 1, 0, 0, 0
72551, 0, 2, 2, 0, 0, 0
78264, 0, 1, 1, 0, 0, 0
78273, 2, 1, 1, 0, 2, 0
68575, 0, 1, 1, 0, 0, 0
59071, 28, 2, 2, 0, 26, 2
59072, 0, 3, 3, 0, 0, 0
59073, 2, 1, 1, 0, 2, 0
59074, 15, 1, 1, 0, 12, 3
59075, 0, 1, 1, 0, 0, 0
59077, 0, 2, 2, 0, 0, 0
71692, 0, 1, 1, 0, 0, 0
69282, 4, 1, 1, 0, 4, 0
70083, 0, 1, 1, 0, 0, 0
78292, 2, 1, 1, 0, 2, 0
59102, 2, 0, 0, 0, 2, 0
59103, 2, 0, 0, 0, 2, 0
59104, 3, 0, 0, 0, 3, 0
59105, 2, 0, 0, 0, 2, 0
59108, 2, 0, 0, 0, 2, 0
59109, 2, 0, 0, 0, 2, 0
59110, 2, 1, 1, 0, 2, 0
59111, 2, 0, 0, 0, 2, 0
59116, 2, 0, 0, 0, 2, 0
59117, 12, 0, 0, 0, 12, 0
59118, 0, 1, 1, 0, 0, 0
59119, 1, 2, 2, 0, 1, 0
78300, 0, 2, 2, 0, 0, 0
59121, 2, 0, 0, 0, 2, 0
59122, 2, 0, 0, 0, 2, 0
59123, 2, 0, 0, 0, 2, 0
59124, 4, 1, 1, 0, 4, 0
59125, 2, 1, 1, 0, 2, 0
59126, 2, 0, 0, 0, 2, 0
59127, 3, 0, 0, 0, 3, 0
59128, 4, 0, 0, 0, 2, 2
59129, 2, 0, 0, 0, 2, 0
59130, 4, 0, 0, 0, 2, 2
59131, 2, 0, 0, 0, 2, 0
59132, 2, 0, 0, 0, 2, 0
59133, 2, 0, 0, 0, 2, 0
59134, 2, 0, 0, 0, 2, 0
59135, 2, 0, 0, 0, 2, 0
59136, 3, 0, 0, 0, 3, 0
59137, 2, 0, 0, 0, 2, 0
74850, 8, 1, 1, 0, 8, 0
78301, 0, 2, 2, 0, 0, 0
59160, 2, 0, 0, 0, 2, 0
59161, 2, 0, 0, 0, 2, 0
59165, 4, 0, 0, 0, 3, 1
59166, 2, 0, 0, 0, 2, 0
59167, 2, 0, 0, 0, 2, 0
59169, 2, 0, 0, 0, 2, 0
59171, 2, 1, 1, 0, 2, 0
59173, 2, 0, 0, 0, 2, 0
59174, 2, 0, 0, 0, 2, 0
59177, 6, 0, 0, 0, 6, 0
59179, 2, 0, 0, 0, 2, 0
59180, 2, 0, 0, 0, 2, 0
59181, 2, 0, 0, 0, 2, 0
59182, 2, 0, 0, 0, 2, 0
78304, 0, 1, 1, 0, 0, 0
59187, 7, 0, 0, 0, 7, 0
59188, 0, 1, 1, 0, 0, 0
70346, 0, 2, 2, 0, 0, 0
74131, 0, 1, 1, 0, 0, 0
78309, 1, 1, 1, 0, 1, 0
76408, 1, 1, 1, 0, 1, 0
78311, 0, 1, 1, 0, 0, 0
78312, 0, 1, 1, 0, 0, 0
66162, 0, 1, 1, 0, 0, 0
66163, 0, 1, 1, 0, 0, 0
66164, 1, 1, 1, 0, 1, 0
66165, 0, 1, 1, 0, 0, 0
70695, 0, 1, 0, 1, 0, 0
78325, 0, 1, 1, 0, 0, 0
59260, 9, 0, 0, 0, 9, 0
59273, 5, 0, 0, 0, 5, 0
59274, 0, 1, 1, 0, 0, 0
78335, 1, 1, 1, 0, 1, 0
78336, 0, 1, 1, 0, 0, 0
78337, 0, 1, 1, 0, 0, 0
72048, 0, 1, 1, 0, 0, 0
59313, 1, 0, 0, 0, 1, 0
70120, 0, 1, 1, 0, 0, 0
70121, 0, 1, 1, 0, 0, 0
59324, 5, 0, 0, 0, 5, 0
78341, 0, 1, 1, 0, 0, 0
78342, 0, 1, 1, 0, 0, 0
76108, 2, 1, 1, 0, 2, 0
59347, 1, 0, 0, 0, 1, 0
74025, 0, 1, 1, 0, 0, 0
74961, 1, 1, 1, 0, 1, 0
59361, 1, 0, 0, 0, 1, 0
63988, 0, 1, 1, 0, 0, 0
63989, 0, 1, 1, 0, 0, 0
78358, 0, 1, 1, 0, 0, 0
59373, 2, 0, 0, 0, 2, 0
64346, 1, 2, 2, 0, 1, 0
64347, 0, 1, 1, 0, 0, 0
59397, 1, 0, 0, 0, 1, 0
59407, 0, 1, 1, 0, 0, 0
78360, 2, 1, 1, 0, 2, 0
59415, 3, 0, 0, 0, 3, 0
75574, 0, 1, 1, 0, 0, 0
75575, 1, 1, 1, 0, 1, 0
59424, 4, 0, 0, 0, 4, 0
59425, 2, 0, 0, 0, 2, 0
59427, 2, 0, 0, 0, 2, 0
59437, 5, 0, 0, 0, 5, 0
59440, 1, 0, 0, 0, 1, 0
59442, 1, 0, 0, 0, 1, 0
59446, 4, 0, 0, 0, 4, 0
59451, 6, 0, 0, 0, 6, 0
59452, 3, 0, 0, 0, 3, 0
77835, 1, 1, 1, 0, 1, 0
78364, 0, 1, 1, 0, 0, 0
78365, 0, 1, 1, 0, 0, 0
78366, 0, 1, 1, 0, 0, 0
69204, 0, 1, 1, 0, 0, 0
72282, 0, 1, 1, 0, 0, 0
63576, 5, 1, 1, 0, 5, 0
59486, 2, 0, 0, 0, 2, 0
59487, 0, 1, 1, 0, 0, 0
78421, 0, 1, 1, 0, 0, 0
59499, 1, 0, 0, 0, 1, 0
59502, 8, 0, 0, 0, 8, 0
78424, 0, 1, 1, 0, 0, 0
78429, 0, 1, 1, 0, 0, 0
78430, 1, 1, 1, 0, 1, 0
78431, 0, 1, 1, 0, 0, 0
78441, 1, 1, 1, 0, 1, 0
59548, 3, 0, 0, 0, 3, 0
59549, 2, 0, 0, 0, 2, 0
59564, 5, 0, 0, 0, 5, 0
59565, 0, 1, 1, 0, 0, 0
59566, 1, 1, 1, 0, 1, 0
78443, 0, 2, 2, 0, 0, 0
59578, 4, 0, 0, 0, 4, 0
59579, 1, 0, 0, 0, 1, 0
59581, 10, 0, 0, 0, 7, 3
59583, 0, 1, 1, 0, 0, 0
59585, 2, 0, 0, 0, 2, 0
78456, 0, 1, 1, 0, 0, 0
59607, 11, 0, 0, 0, 11, 0
59609, 1, 0, 0, 0, 1, 0
78458, 0, 1, 1, 0, 0, 0
59615, 1, 1, 1, 0, 1, 0
59620, 1, 0, 0, 0, 1, 0
78462, 0, 1, 1, 0, 0, 0
78463, 1, 1, 1, 0, 1, 0
75179, 0, 1, 1, 0, 0, 0
78469, 1, 1, 1, 0, 1, 0
78470, 0, 2, 2, 0, 0, 0
78471, 2, 1, 1, 0, 2, 0
59637, 3, 0, 0, 0, 3, 0
59638, 3, 0, 0, 0, 3, 0
59639, 0, 1, 1, 0, 0, 0
59640, 2, 0, 0, 0, 2, 0
78472, 0, 1, 1, 0, 0, 0
59646, 3, 0, 0, 0, 3, 0
59647, 1, 0, 0, 0, 1, 0
78474, 0, 1, 1, 0, 0, 0
59658, 1, 0, 0, 0, 1, 0
78475, 0, 1, 0, 1, 0, 0
78476, 1, 1, 0, 1, 0, 1
78477, 0, 1, 1, 0, 0, 0
78480, 1, 1, 1, 0, 1, 0
78481, 0, 1, 1, 0, 0, 0
59702, 9, 0, 0, 0, 8, 1
59703, 5, 0, 0, 0, 5, 0
70759, 1, 1, 1, 0, 1, 0
78483, 1, 1, 1, 0, 1, 0
76867, 1, 1, 1, 0, 1, 0
59768, 38, 0, 0, 0, 30, 8
59769, 0, 1, 1, 0, 0, 0
59770, 0, 1, 1, 0, 0, 0
59772, 26, 0, 0, 0, 26, 0
59773, 4, 0, 0, 0, 4, 0
59774, 20, 0, 0, 0, 20, 0
59776, 0, 1, 1, 0, 0, 0
59777, 0, 1, 1, 0, 0, 0
59778, 4, 0, 0, 0, 4, 0
59779, 0, 1, 1, 0, 0, 0
59782, 5, 1, 1, 0, 5, 0
59783, 1, 1, 1, 0, 1, 0
59784, 0, 1, 1, 0, 0, 0
59787, 0, 1, 1, 0, 0, 0
59795, 1, 0, 0, 0, 1, 0
59800, 4, 0, 0, 0, 4, 0
59808, 1, 1, 1, 0, 1, 0
59809, 0, 1, 1, 0, 0, 0
59813, 3, 0, 0, 0, 3, 0
59819, 1, 0, 0, 0, 1, 0
59830, 2, 0, 0, 0, 1, 1
59833, 0, 1, 1, 0, 0, 0
78498, 2, 1, 0, 1, 2, 0
78500, 2, 1, 1, 0, 2, 0
78502, 0, 1, 1, 0, 0, 0
59877, 4, 0, 0, 0, 3, 1
59878, 9, 0, 0, 0, 9, 0
66666, 0, 1, 1, 0, 0, 0
78514, 0, 1, 1, 0, 0, 0
78515, 0, 1, 1, 0, 0, 0
78517, 0, 1, 1, 0, 0, 0
78518, 0, 1, 1, 0, 0, 0
78519, 0, 1, 1, 0, 0, 0
59904, 6, 0, 0, 0, 6, 0
59905, 1, 0, 0, 0, 1, 0
59906, 25, 0, 0, 0, 25, 0
59914, 8, 0, 0, 0, 5, 3
59926, 3, 0, 0, 0, 2, 1
59927, 6, 1, 1, 0, 6, 0
59929, 6, 0, 0, 0, 6, 0
59932, 2, 0, 0, 0, 2, 0
78529, 1, 1, 1, 0, 1, 0
59939, 1, 0, 0, 0, 1, 0
59945, 0, 1, 1, 0, 0, 0
78531, 3, 1, 1, 0, 3, 0
78533, 0, 1, 1, 0, 0, 0
59995, 2, 0, 0, 0, 2, 0
60003, 10, 0, 0, 0, 9, 1
60004, 0, 1, 0, 1, 0, 0
60005, 26, 0, 0, 0, 25, 1
60017, 5, 0, 0, 0, 5, 0
76329, 0, 2, 2, 0, 0, 0
78536, 2, 1, 1, 0, 2, 0
68953, 1, 1, 1, 0, 1, 0
71225, 0, 1, 1, 0, 0, 0
75465, 4, 1, 1, 0, 4, 0
60069, 0, 1, 1, 0, 0, 0
60070, 0, 1, 1, 0, 0, 0
60071, 0, 1, 1, 0, 0, 0
60072, 0, 2, 2, 0, 0, 0
60073, 0, 1, 1, 0, 0, 0
78540, 0, 1, 1, 0, 0, 0
68480, 0, 1, 1, 0, 0, 0
78544, 1, 1, 1, 0, 1, 0
78549, 2, 2, 2, 0, 2, 0
78550, 2, 2, 2, 0, 2, 0
60137, 7, 0, 0, 0, 6, 1
60138, 1, 0, 0, 0, 1, 0
60144, 1, 0, 0, 0, 1, 0
60147, 11, 0, 0, 0, 10, 1
78563, 0, 1, 0, 1, 0, 0
78565, 0, 1, 1, 0, 0, 0
60182, 4, 0, 0, 0, 3, 1
78567, 0, 1, 1, 0, 0, 0
77936, 0, 1, 1, 0, 0, 0
78568, 0, 2, 2, 0, 0, 0
72120, 0, 1, 1, 0, 0, 0
78575, 0, 1, 1, 0, 0, 0
78576, 0, 1, 1, 0, 0, 0
72317, 0, 1, 1, 0, 0, 0
72318, 0, 1, 1, 0, 0, 0
64843, 1, 1, 1, 0, 1, 0
64844, 0, 2, 2, 0, 0, 0
78578, 0, 1, 1, 0, 0, 0
78591, 0, 1, 1, 0, 0, 0
60322, 2, 1, 1, 0, 1, 1
60323, 0, 1, 1, 0, 0, 0
78605, 1, 1, 1, 0, 1, 0
60352, 7, 0, 0, 0, 7, 0
60353, 9, 0, 0, 0, 6, 3
78609, 0, 1, 1, 0, 0, 0
75795, 0, 1, 1, 0, 0, 0
74859, 1, 1, 1, 0, 1, 0
74860, 0, 1, 1, 0, 0, 0
78613, 1, 1, 1, 0, 1, 0
60374, 1, 0, 0, 0, 1, 0
60375, 10, 1, 1, 0, 9, 1
60376, 1, 1, 1, 0, 1, 0
60378, 1, 0, 0, 0, 1, 0
60388, 1, 0, 0, 0, 1, 0
78623, 0, 1, 0, 1, 0, 0
78624, 0, 1, 1, 0, 0, 0
78625, 2, 1, 1, 0, 2, 0
78627, 2, 2, 2, 0, 2, 0
71909, 0, 1, 1, 0, 0, 0
71910, 0, 1, 1, 0, 0, 0
60443, 2, 0, 0, 0, 2, 0
60444, 0, 1, 1, 0, 0, 0
60459, 21, 0, 0, 0, 13, 8
77113, 3, 1, 1, 0, 3, 0
77114, 0, 2, 2, 0, 0, 0
78657, 0, 1, 1, 0, 0, 0
60465, 8, 0, 0, 0, 4, 4
73679, 0, 1, 1, 0, 0, 0
73680, 1, 1, 1, 0, 1, 0
60481, 17, 0, 0, 0, 14, 3
60483, 0, 1, 0, 1, 0, 0
60486, 1, 0, 0, 0, 1, 0
60489, 2, 1, 0, 1, 2, 0
60494, 1, 0, 0, 0, 1, 0
60498, 0, 1, 1, 0, 0, 0
60499, 1, 0, 0, 0, 1, 0
73331, 0, 1, 0, 1, 0, 0
60530, 5, 0, 0, 0, 5, 0
60531, 0, 2, 2, 0, 0, 0
60532, 3, 0, 0, 0, 2, 1
60533, 2, 1, 1, 0, 2, 0
60534, 0, 2, 2, 0, 0, 0
60535, 2, 0, 0, 0, 2, 0
78689, 0, 1, 1, 0, 0, 0
78690, 0, 1, 1, 0, 0, 0
78691, 1, 1, 1, 0, 1, 0
68057, 2, 1, 1, 0, 2, 0
68058, 0, 1, 0, 1, 0, 0
60583, 1, 0, 0, 0, 1, 0
60586, 8, 0, 0, 0, 8, 0
60588, 5, 0, 0, 0, 5, 0
78713, 0, 1, 1, 0, 0, 0
78714, 0, 1, 1, 0, 0, 0
60605, 10, 0, 0, 0, 10, 0
60606, 0, 1, 1, 0, 0, 0
60607, 11, 0, 0, 0, 9, 2
60612, 4, 0, 0, 0, 3, 1
60619, 22, 0, 0, 0, 21, 1
60620, 0, 1, 1, 0, 0, 0
60621, 0, 1, 1, 0, 0, 0
60628, 14, 0, 0, 0, 14, 0
60629, 0, 2, 2, 0, 0, 0
72952, 1, 1, 1, 0, 1, 0
78726, 0, 1, 1, 0, 0, 0
77282, 0, 1, 1, 0, 0, 0
77283, 0, 1, 1, 0, 0, 0
77284, 0, 1, 1, 0, 0, 0
62091, 0, 1, 1, 0, 0, 0
62092, 0, 1, 1, 0, 0, 0
62093, 0, 1, 1, 0, 0, 0
62095, 0, 1, 0, 1, 0, 0
68834, 0, 1, 1, 0, 0, 0
60682, 41, 0, 0, 0, 36, 5
60684, 0, 1, 1, 0, 0, 0
60685, 0, 2, 2, 0, 0, 0
60686, 0, 1, 0, 1, 0, 0
72465, 0, 2, 2, 0, 0, 0
64607, 0, 2, 1, 1, 0, 0
64608, 0, 1, 1, 0, 0, 0
77698, 1, 1, 1, 0, 1, 0
70664, 7, 3, 3, 0, 7, 0
78753, 2, 2, 2, 0, 2, 0
78754, 0, 1, 1, 0, 0, 0
78755, 0, 1, 1, 0, 0, 0
78756, 2, 1, 1, 0, 2, 0
78757, 0, 1, 1, 0, 0, 0
78764, 2, 1, 1, 0, 2, 0
78765, 0, 1, 1, 0, 0, 0
78766, 0, 1, 1, 0, 0, 0
60768, 0, 1, 1, 0, 0, 0
60778, 4, 0, 0, 0, 4, 0
60779, 0, 1, 1, 0, 0, 0
60780, 1, 0, 0, 0, 1, 0
78778, 0, 1, 1, 0, 0, 0
60794, 4, 0, 0, 0, 2, 2
63525, 0, 1, 0, 1, 0, 0
63526, 2, 1, 0, 1, 2, 0
74784, 0, 1, 1, 0, 0, 0
71540, 0, 1, 1, 0, 0, 0
71541, 0, 1, 0, 1, 0, 0
60834, 2, 0, 0, 0, 2, 0
62061, 0, 1, 1, 0, 0, 0
78807, 1, 1, 1, 0, 1, 0
64795, 0, 1, 1, 0, 0, 0
64796, 0, 1, 1, 0, 0, 0
64798, 0, 1, 1, 0, 0, 0
64799, 0, 1, 1, 0, 0, 0
64800, 0, 1, 1, 0, 0, 0
64801, 0, 1, 1, 0, 0, 0
74969, 0, 1, 1, 0, 0, 0
78816, 0, 1, 1, 0, 0, 0
69161, 4, 1, 1, 0, 4, 0
69162, 0, 1, 0, 1, 0, 0
78826, 0, 1, 1, 0, 0, 0
60919, 3, 0, 0, 0, 3, 0
60947, 3, 0, 0, 0, 3, 0
78840, 1, 1, 1, 0, 1, 0
60950, 10, 0, 0, 0, 10, 0
60952, 2, 0, 0, 0, 2, 0
78841, 1, 1, 1, 0, 1, 0
60958, 7, 0, 0, 0, 6, 1
60959, 0, 1, 1, 0, 0, 0
60960, 0, 1, 1, 0, 0, 0
60962, 9, 0, 0, 0, 9, 0
78842, 0, 1, 1, 0, 0, 0
76141, 0, 2, 2, 0, 0, 0
77132, 0, 2, 2, 0, 0, 0
60996, 7, 0, 0, 0, 7, 0
61002, 1, 0, 0, 0, 1, 0
61006, 9, 0, 0, 0, 9, 0
61007, 0, 1, 1, 0, 0, 0
61008, 0, 2, 2, 0, 0, 0
61009, 0, 1, 1, 0, 0, 0
61010, 0, 1, 1, 0, 0, 0
76771, 1, 1, 1, 0, 1, 0
76772, 2, 2, 1, 1, 1, 1
71686, 0, 1, 1, 0, 0, 0
71687, 0, 1, 0, 1, 0, 0
71688, 0, 1, 0, 1, 0, 0
71689, 0, 1, 0, 1, 0, 0
61070, 2, 0, 0, 0, 2, 0
77614, 0, 1, 1, 0, 0, 0
78858, 1, 1, 1, 0, 1, 0
78859, 0, 1, 0, 1, 0, 0
70999, 4, 2, 2, 0, 4, 0
61096, 2, 0, 0, 0, 2, 0
61097, 0, 1, 1, 0, 0, 0
78875, 1, 1, 1, 0, 1, 0
61115, 17, 0, 0, 0, 17, 0
61116, 0, 1, 1, 0, 0, 0
61117, 0, 1, 1, 0, 0, 0
61118, 0, 1, 1, 0, 0, 0
61119, 0, 1, 1, 0, 0, 0
78885, 0, 1, 0, 1, 0, 0
78894, 0, 1, 1, 0, 0, 0
78898, 1, 1, 1, 0, 1, 0
69246, 0, 1, 1, 0, 0, 0
69247, 0, 1, 1, 0, 0, 0
78903, 2, 1, 1, 0, 2, 0
78905, 1, 1, 1, 0, 1, 0
61187, 0, 1, 1, 0, 0, 0
61188, 1, 0, 0, 0, 1, 0
78909, 1, 1, 1, 0, 1, 0
76778, 2, 1, 1, 0, 2, 0
76779, 0, 2, 2, 0, 0, 0
66654, 0, 1, 1, 0, 0, 0
66655, 0, 1, 1, 0, 0, 0
63715, 0, 1, 1, 0, 0, 0
78915, 0, 1, 1, 0, 0, 0
78610, 1, 1, 1, 0, 1, 0
63911, 3, 1, 1, 0, 3, 0
70993, 0, 1, 1, 0, 0, 0
61259, 5, 0, 0, 0, 4, 1
61260, 3, 1, 0, 1, 3, 0
61261, 2, 0, 0, 0, 2, 0
72659, 1, 1, 1, 0, 1, 0
78927, 0, 1, 1, 0, 0, 0
78928, 1, 1, 1, 0, 1, 0
61283, 2, 1, 1, 0, 2, 0
61284, 0, 1, 1, 0, 0, 0
61286, 3, 0, 0, 0, 3, 0
61296, 6, 0, 0, 0, 6, 0
65720, 0, 1, 1, 0, 0, 0
61305, 2, 1, 1, 0, 2, 0
61306, 2, 2, 2, 0, 2, 0
78951, 1, 1, 1, 0, 1, 0
61319, 10, 0, 0, 0, 10, 0
61320, 0, 2, 2, 0, 0, 0
61321, 0, 1, 1, 0, 0, 0
61331, 1, 0, 0, 0, 1, 0
61332, 1, 0, 0, 0, 1, 0
61333, 6, 0, 0, 0, 6, 0
61334, 1, 0, 0, 0, 1, 0
61335, 3, 0, 0, 0, 3, 0
61336, 12, 1, 1, 0, 12, 0
61337, 7, 0, 0, 0, 7, 0
61339, 2, 0, 0, 0, 2, 0
71679, 0, 1, 1, 0, 0, 0
78992, 1, 1, 1, 0, 1, 0
78993, 0, 1, 1, 0, 0, 0
78995, 0, 1, 1, 0, 0, 0
78996, 1, 1, 1, 0, 1, 0
73068, 0, 1, 1, 0, 0, 0
73069, 0, 1, 0, 1, 0, 0
73070, 0, 1, 0, 1, 0, 0
78998, 1, 1, 1, 0, 1, 0
79001, 0, 1, 1, 0, 0, 0
79002, 1, 1, 1, 0, 1, 0
72191, 3, 1, 1, 0, 2, 1
79003, 0, 1, 1, 0, 0, 0
79004, 0, 1, 1, 0, 0, 0
79005, 0, 1, 1, 0, 0, 0
79006, 0, 1, 1, 0, 0, 0
79007, 0, 1, 1, 0, 0, 0
79008, 0, 1, 1, 0, 0, 0
65416, 4, 5, 5, 0, 4, 0
65417, 5, 6, 6, 0, 5, 0
70244, 2, 2, 2, 0, 2, 0
70245, 6, 1, 1, 0, 6, 0
70246, 1, 1, 1, 0, 1, 0
70247, 4, 1, 1, 0, 4, 0
79009, 0, 1, 0, 1, 0, 0
61437, 10, 0, 0, 0, 10, 0
61438, 0, 1, 1, 0, 0, 0
61442, 28, 0, 0, 0, 25, 3
61443, 0, 1, 1, 0, 0, 0
61444, 0, 1, 1, 0, 0, 0
61474, 16, 0, 0, 0, 11, 5
61475, 3, 0, 0, 0, 3, 0
72474, 0, 1, 1, 0, 0, 0
61492, 1, 0, 0, 0, 1, 0
61493, 30, 1, 1, 0, 30, 0
61494, 2, 1, 1, 0, 2, 0
79016, 0, 1, 1, 0, 0, 0
79017, 0, 1, 0, 1, 0, 0
61504, 2, 0, 0, 0, 2, 0
61505, 8, 0, 0, 0, 8, 0
61507, 3, 0, 0, 0, 3, 0
61513, 1, 0, 0, 0, 1, 0
79035, 0, 2, 2, 0, 0, 0
67003, 0, 1, 1, 0, 0, 0
61530, 0, 1, 1, 0, 0, 0
61531, 0, 1, 1, 0, 0, 0
61532, 0, 1, 1, 0, 0, 0
79040, 0, 1, 1, 0, 0, 0
79049, 4, 1, 1, 0, 4, 0
71977, 0, 1, 1, 0, 0, 0
66009, 0, 1, 1, 0, 0, 0
66010, 0, 1, 0, 1, 0, 0
66529, 0, 1, 1, 0, 0, 0
61590, 7, 0, 0, 0, 7, 0
70463, 4, 1, 1, 0, 4, 0
75507, 0, 1, 1, 0, 0, 0
75508, 0, 1, 1, 0, 0, 0
75509, 0, 1, 1, 0, 0, 0
66469, 0, 1, 1, 0, 0, 0
61628, 2, 0, 0, 0, 2, 0
61629, 14, 0, 0, 0, 13, 1
61636, 11, 0, 0, 0, 9, 2
61637, 0, 1, 1, 0, 0, 0
61638, 26, 0, 0, 0, 25, 1
61639, 0, 1, 1, 0, 0, 0
67910, 0, 2, 2, 0, 0, 0
67911, 0, 1, 1, 0, 0, 0
61650, 11, 1, 1, 0, 7, 4
61651, 3, 0, 0, 0, 3, 0
79078, 0, 1, 1, 0, 0, 0
61663, 6, 0, 0, 0, 6, 0
79083, 1, 1, 1, 0, 1, 0
79084, 0, 1, 1, 0, 0, 0
61676, 3, 0, 0, 0, 3, 0
61677, 0, 1, 1, 0, 0, 0
74222, 0, 1, 1, 0, 0, 0
69034, 0, 1, 1, 0, 0, 0
79085, 0, 1, 1, 0, 0, 0
79086, 0, 1, 1, 0, 0, 0
79087, 0, 1, 1, 0, 0, 0
61696, 5, 0, 0, 0, 3, 2
61701, 3, 0, 0, 0, 3, 0
79090, 0, 2, 2, 0, 0, 0
79091, 1, 2, 2, 0, 1, 0
79092, 0, 1, 1, 0, 0, 0
79095, 0, 1, 1, 0, 0, 0
69083, 0, 1, 1, 0, 0, 0
79099, 0, 1, 1, 0, 0, 0
61727, 1, 0, 0, 0, 1, 0
61730, 3, 0, 0, 0, 2, 1
62800, 2, 3, 3, 0, 2, 0
69400, 0, 1, 1, 0, 0, 0
69401, 0, 1, 1, 0, 0, 0
69402, 0, 1, 1, 0, 0, 0
63759, 0, 1, 0, 1, 0, 0
72944, 0, 1, 1, 0, 0, 0
75399, 0, 1, 1, 0, 0, 0
68895, 0, 1, 1, 0, 0, 0
68896, 0, 1, 1, 0, 0, 0
71198, 14, 1, 1, 0, 9, 5
61826, 4, 0, 0, 0, 4, 0
61827, 0, 1, 1, 0, 0, 0
61828, 0, 1, 1, 0, 0, 0
79123, 0, 1, 0, 1, 0, 0
79124, 0, 1, 0, 1, 0, 0
79125, 0, 1, 0, 1, 0, 0
61850, 1, 0, 0, 0, 1, 0
79130, 1, 1, 1, 0, 1, 0
61865, 1, 0, 0, 0, 1, 0
61866, 5, 0, 0, 0, 5, 0
61867, 1, 0, 0, 0, 1, 0
61877, 2, 0, 0, 0, 2, 0
77141, 0, 1, 1, 0, 0, 0
79142, 1, 1, 1, 0, 1, 0
66321, 2, 2, 2, 0, 2, 0
79148, 0, 1, 1, 0, 0, 0
61921, 2, 0, 0, 0, 2, 0
79151, 2, 1, 1, 0, 2, 0
77993, 1, 1, 1, 0, 1, 0
77994, 0, 1, 1, 0, 0, 0
79162, 0, 1, 1, 0, 0, 0
79164, 0, 1, 1, 0, 0, 0
79165, 2, 1, 1, 0, 2, 0
79166, 0, 1, 0, 1, 0, 0
73381, 0, 1, 1, 0, 0, 0
73382, 0, 1, 1, 0, 0, 0
61985, 3, 0, 0, 0, 3, 0
61986, 5, 0, 0, 0, 5, 0
79172, 0, 1, 1, 0, 0, 0
67519, 4, 1, 1, 0, 3, 1
62007, 3, 0, 0, 0, 3, 0
62020, 2, 0, 0, 0, 2, 0
62021, 9, 0, 0, 0, 9, 0
78267, 0, 1, 1, 0, 0, 0
63885, 11, 1, 1, 0, 3, 8
76816, 1, 1, 1, 0, 1, 0
62057, 2, 0, 0, 0, 2, 0
62058, 2, 0, 0, 0, 2, 0
62059, 5, 0, 0, 0, 5, 0
62060, 0, 1, 1, 0, 0, 0
62067, 3, 0, 0, 0, 2, 1
62069, 32, 0, 0, 0, 29, 3
62070, 1, 2, 2, 0, 1, 0
79178, 1, 1, 1, 0, 1, 0
62075, 1, 0, 0, 0, 1, 0
79180, 0, 1, 1, 0, 0, 0
68818, 10, 1, 1, 0, 9, 1
68819, 0, 1, 1, 0, 0, 0
62083, 1, 0, 0, 0, 1, 0
65971, 0, 1, 1, 0, 0, 0
62087, 27, 0, 0, 0, 24, 3
62088, 0, 1, 1, 0, 0, 0
62089, 2, 0, 0, 0, 2, 0
62090, 4, 0, 0, 0, 2, 2
73749, 0, 1, 1, 0, 0, 0
69813, 5, 4, 4, 0, 5, 0
79189, 0, 1, 1, 0, 0, 0
64101, 3, 1, 1, 0, 3, 0
64102, 0, 1, 1, 0, 0, 0
76874, 0, 1, 1, 0, 0, 0
62148, 27, 1, 1, 0, 25, 2
62149, 1, 1, 1, 0, 1, 0
62150, 0, 1, 1, 0, 0, 0
62151, 16, 1, 1, 0, 16, 0
62152, 0, 2, 2, 0, 0, 0
62153, 2, 1, 1, 0, 2, 0
79199, 0, 1, 1, 0, 0, 0
62172, 1, 0, 0, 0, 1, 0
72890, 0, 1, 1, 0, 0, 0
79206, 1, 1, 1, 0, 1, 0
62201, 7, 1, 1, 0, 7, 0
62202, 1, 1, 1, 0, 1, 0
62203, 2, 0, 0, 0, 2, 0
62204, 2, 0, 0, 0, 2, 0
62236, 25, 0, 0, 0, 25, 0
62237, 0, 1, 1, 0, 0, 0
62238, 0, 1, 1, 0, 0, 0
62239, 1, 0, 0, 0, 1, 0
62252, 3, 1, 1, 0, 3, 0
79229, 0, 1, 1, 0, 0, 0
62253, 8, 0, 0, 0, 8, 0
62254, 23, 0, 0, 0, 21, 2
62255, 0, 1, 1, 0, 0, 0
62257, 0, 1, 1, 0, 0, 0
62258, 3, 1, 1, 0, 3, 0
70298, 0, 1, 1, 0, 0, 0
62259, 2, 0, 0, 0, 2, 0
62261, 5, 0, 0, 0, 5, 0
62262, 2, 0, 0, 0, 2, 0
62264, 2, 1, 1, 0, 2, 0
62265, 0, 1, 1, 0, 0, 0
62268, 17, 0, 0, 0, 15, 2
62278, 1, 0, 0, 0, 1, 0
62279, 2, 0, 0, 0, 1, 1
62280, 1, 0, 0, 0, 1, 0
73599, 0, 1, 1, 0, 0, 0
62295, 1, 0, 0, 0, 1, 0
62315, 2, 0, 0, 0, 2, 0
62324, 2, 0, 0, 0, 2, 0
67743, 0, 1, 0, 1, 0, 0
62336, 1, 0, 0, 0, 1, 0
62337, 2, 1, 1, 0, 2, 0
62338, 1, 1, 1, 0, 1, 0
62339, 1, 0, 0, 0, 1, 0
79263, 0, 1, 1, 0, 0, 0
63104, 0, 1, 1, 0, 0, 0
63105, 0, 1, 1, 0, 0, 0
62366, 2, 0, 0, 0, 2, 0
62367, 23, 0, 0, 0, 20, 3
79160, 1, 1, 1, 0, 1, 0
62371, 10, 0, 0, 0, 2, 8
62372, 0, 1, 0, 1, 0, 0
62373, 0, 1, 0, 1, 0, 0
79277, 0, 1, 1, 0, 0, 0
79278, 1, 1, 1, 0, 1, 0
62388, 21, 0, 0, 0, 15, 6
62389, 1, 1, 1, 0, 1, 0
67784, 0, 1, 1, 0, 0, 0
79279, 0, 2, 2, 0, 0, 0
62403, 6, 0, 0, 0, 6, 0
62404, 0, 1, 1, 0, 0, 0
62405, 0, 1, 1, 0, 0, 0
62409, 15, 0, 0, 0, 8, 7
62410, 0, 1, 0, 1, 0, 0
62411, 1, 0, 0, 0, 1, 0
62412, 1, 0, 0, 0, 1, 0
62413, 10, 0, 0, 0, 10, 0
62414, 1, 0, 0, 0, 1, 0
62415, 3, 0, 0, 0, 3, 0
67579, 0, 1, 1, 0, 0, 0
68889, 0, 1, 1, 0, 0, 0
68890, 0, 1, 1, 0, 0, 0
62429, 14, 0, 0, 0, 14, 0
71474, 0, 1, 0, 1, 0, 0
72087, 0, 2, 2, 0, 0, 0
62459, 2, 0, 0, 0, 2, 0
62460, 4, 0, 0, 0, 4, 0
62461, 0, 1, 1, 0, 0, 0
62462, 0, 2, 2, 0, 0, 0
62463, 10, 0, 0, 0, 9, 1
62466, 0, 1, 1, 0, 0, 0
62467, 0, 1, 0, 1, 0, 0
62468, 0, 2, 1, 1, 0, 0
79289, 0, 1, 1, 0, 0, 0
79290, 0, 1, 1, 0, 0, 0
79291, 0, 1, 1, 0, 0, 0
62491, 1, 0, 0, 0, 1, 0
66650, 1, 1, 1, 0, 1, 0
66651, 0, 1, 0, 1, 0, 0
66652, 0, 1, 0, 1, 0, 0
79295, 0, 1, 0, 1, 0, 0
62512, 6, 1, 1, 0, 6, 0
62513, 8, 1, 1, 0, 7, 1
67951, 0, 1, 1, 0, 0, 0
71283, 4, 1, 1, 0, 3, 1
79303, 0, 1, 1, 0, 0, 0
62526, 3, 0, 0, 0, 3, 0
62527, 0, 1, 1, 0, 0, 0
62528, 0, 1, 1, 0, 0, 0
62534, 1, 0, 0, 0, 1, 0
62536, 2, 0, 0, 0, 2, 0
62538, 4, 0, 0, 0, 4, 0
62541, 1, 0, 0, 0, 1, 0
62543, 3, 0, 0, 0, 3, 0
79304, 2, 1, 1, 0, 2, 0
79305, 0, 1, 1, 0, 0, 0
79306, 0, 1, 1, 0, 0, 0
64635, 0, 1, 0, 1, 0, 0
62581, 1, 0, 0, 0, 1, 0
62582, 1, 0, 0, 0, 1, 0
73268, 0, 2, 2, 0, 0, 0
73269, 1, 1, 1, 0, 1, 0
67899, 3, 1, 1, 0, 3, 0
72283, 0, 1, 1, 0, 0, 0
62606, 43, 1, 1, 0, 36, 7
62607, 2, 2, 2, 0, 2, 0
79316, 1, 1, 1, 0, 1, 0
79317, 0, 1, 1, 0, 0, 0
79320, 1, 1, 1, 0, 1, 0
79321, 1, 1, 1, 0, 1, 0
62650, 1, 0, 0, 0, 1, 0
73612, 0, 1, 1, 0, 0, 0
73580, 0, 1, 1, 0, 0, 0
73581, 1, 1, 1, 0, 1, 0
79322, 1, 1, 1, 0, 1, 0
71703, 0, 1, 1, 0, 0, 0
79323, 0, 1, 1, 0, 0, 0
62689, 9, 0, 0, 0, 5, 4
62692, 1, 0, 0, 0, 1, 0
70343, 0, 1, 1, 0, 0, 0
70344, 0, 1, 1, 0, 0, 0
62716, 11, 0, 0, 0, 7, 4
62718, 0, 1, 0, 1, 0, 0
62719, 0, 1, 0, 1, 0, 0
73948, 0, 1, 1, 0, 0, 0
79336, 0, 1, 1, 0, 0, 0
78847, 0, 2, 2, 0, 0, 0
73022, 0, 1, 0, 1, 0, 0
73023, 0, 2, 0, 2, 0, 0
73024, 0, 1, 0, 1, 0, 0
73025, 0, 1, 0, 1, 0, 0
73026, 0, 1, 0, 1, 0, 0
67016, 4, 1, 1, 0, 4, 0
77944, 0, 1, 1, 0, 0, 0
62796, 2, 0, 0, 0, 2, 0
62797, 3, 0, 0, 0, 3, 0
62798, 0, 1, 1, 0, 0, 0
62801, 3, 0, 0, 0, 3, 0
62802, 0, 1, 1, 0, 0, 0
79354, 0, 1, 1, 0, 0, 0
79355, 0, 1, 1, 0, 0, 0
79356, 0, 1, 1, 0, 0, 0
79357, 1, 1, 1, 0, 1, 0
70020, 0, 1, 1, 0, 0, 0
68753, 0, 1, 1, 0, 0, 0
68754, 0, 1, 1, 0, 0, 0
62837, 8, 0, 0, 0, 8, 0
62838, 23, 0, 0, 0, 22, 1
62839, 0, 3, 3, 0, 0, 0
62840, 11, 0, 0, 0, 10, 1
62841, 0, 1, 0, 1, 0, 0
62842, 3, 0, 0, 0, 3, 0
66706, 3, 1, 1, 0, 3, 0
62863, 30, 0, 0, 0, 28, 2
62865, 0, 1, 1, 0, 0, 0
62866, 0, 1, 1, 0, 0, 0
74313, 0, 1, 1, 0, 0, 0
66425, 0, 1, 1, 0, 0, 0
62882, 2, 0, 0, 0, 1, 1
62893, 3, 0, 0, 0, 3, 0
62894, 1, 0, 0, 0, 1, 0
79369, 0, 1, 1, 0, 0, 0
79371, 0, 1, 1, 0, 0, 0
62909, 1, 0, 0, 0, 1, 0
72426, 0, 1, 1, 0, 0, 0
73041, 0, 1, 1, 0, 0, 0
62923, 4, 0, 0, 0, 4, 0
62924, 1, 0, 0, 0, 1, 0
79380, 2, 1, 1, 0, 2, 0
79381, 0, 2, 2, 0, 0, 0
62960, 18, 0, 0, 0, 17, 1
62961, 0, 1, 1, 0, 0, 0
62962, 0, 1, 1, 0, 0, 0
62964, 2, 0, 0, 0, 2, 0
62965, 14, 0, 0, 0, 14, 0
62966, 5, 0, 0, 0, 5, 0
62968, 0, 1, 1, 0, 0, 0
79391, 1, 1, 1, 0, 1, 0
62989, 4, 0, 0, 0, 4, 0
62990, 4, 0, 0, 0, 2, 2
63007, 1, 0, 0, 0, 1, 0
79396, 0, 1, 0, 1, 0, 0
79397, 1, 1, 0, 1, 0, 1
79398, 0, 1, 0, 1, 0, 0
74603, 0, 1, 1, 0, 0, 0
74604, 0, 1, 1, 0, 0, 0
63026, 13, 0, 0, 0, 12, 1
73703, 0, 1, 1, 0, 0, 0
73704, 1, 1, 1, 0, 1, 0
73705, 0, 1, 1, 0, 0, 0
73706, 0, 1, 1, 0, 0, 0
73707, 0, 1, 1, 0, 0, 0
63038, 1, 0, 0, 0, 1, 0
63048, 3, 0, 0, 0, 3, 0
63049, 0, 3, 3, 0, 0, 0
63050, 1, 1, 1, 0, 1, 0
63059, 4, 0, 0, 0, 4, 0
63060, 0, 1, 1, 0, 0, 0
68565, 2, 1, 1, 0, 2, 0
68807, 0, 1, 1, 0, 0, 0
79415, 2, 2, 2, 0, 2, 0
78163, 1, 1, 1, 0, 1, 0
63085, 1, 0, 0, 0, 1, 0
63086, 2, 1, 1, 0, 2, 0
63090, 4, 0, 0, 0, 3, 1
70954, 0, 1, 1, 0, 0, 0
63094, 13, 0, 0, 0, 13, 0
66776, 0, 1, 0, 1, 0, 0
63101, 2, 0, 0, 0, 2, 0
63102, 8, 0, 0, 0, 7, 1
63103, 5, 0, 0, 0, 5, 0
63106, 1, 0, 0, 0, 1, 0
63107, 2, 0, 0, 0, 2, 0
63108, 1, 0, 0, 0, 1, 0
63117, 10, 0, 0, 0, 6, 4
63118, 0, 1, 0, 1, 0, 0
63134, 3, 0, 0, 0, 3, 0
79452, 0, 1, 1, 0, 0, 0
79454, 0, 2, 2, 0, 0, 0
63147, 1, 0, 0, 0, 1, 0
63149, 1, 0, 0, 0, 1, 0
79458, 0, 1, 1, 0, 0, 0
63157, 0, 1, 1, 0, 0, 0
68922, 0, 2, 2, 0, 0, 0
63159, 40, 0, 0, 0, 35, 5
63160, 0, 1, 1, 0, 0, 0
79460, 0, 1, 1, 0, 0, 0
67101, 1, 1, 1, 0, 1, 0
63221, 6, 0, 0, 0, 6, 0
63222, 3, 0, 0, 0, 3, 0
63223, 0, 1, 1, 0, 0, 0
63224, 4, 0, 0, 0, 3, 1
63230, 8, 0, 0, 0, 8, 0
63240, 8, 0, 0, 0, 5, 3
63241, 1, 0, 0, 0, 1, 0
63243, 12, 0, 0, 0, 12, 0
63244, 0, 1, 1, 0, 0, 0
63245, 1, 1, 1, 0, 1, 0
79478, 0, 1, 1, 0, 0, 0
63251, 20, 1, 1, 0, 19, 1
63252, 0, 1, 1, 0, 0, 0
63253, 0, 1, 1, 0, 0, 0
63254, 2, 2, 2, 0, 2, 0
63255, 2, 0, 0, 0, 2, 0
63283, 4, 0, 0, 0, 4, 0
63284, 1, 0, 0, 0, 1, 0
63285, 7, 0, 0, 0, 7, 0
79479, 0, 1, 1, 0, 0, 0
63289, 5, 0, 0, 0, 3, 2
63290, 0, 1, 0, 1, 0, 0
63291, 1, 1, 0, 1, 1, 0
79480, 0, 1, 1, 0, 0, 0
63292, 1, 0, 0, 0, 1, 0
63293, 4, 0, 0, 0, 3, 1
69746, 0, 1, 1, 0, 0, 0
69747, 1, 1, 1, 0, 0, 1
63296, 0, 1, 1, 0, 0, 0
63298, 1, 0, 0, 0, 1, 0
63299, 3, 0, 0, 0, 3, 0
63300, 0, 1, 1, 0, 0, 0
63303, 4, 0, 0, 0, 3, 1
63304, 0, 1, 1, 0, 0, 0
63307, 1, 0, 0, 0, 1, 0
63308, 1, 0, 0, 0, 1, 0
63309, 3, 0, 0, 0, 3, 0
63310, 12, 0, 0, 0, 12, 0
79481, 1, 1, 1, 0, 1, 0
63316, 1, 0, 0, 0, 1, 0
72552, 2, 2, 2, 0, 2, 0
79484, 0, 1, 1, 0, 0, 0
63328, 1, 0, 0, 0, 1, 0
63331, 1, 0, 0, 0, 1, 0
71028, 0, 1, 1, 0, 0, 0
79487, 0, 1, 0, 1, 0, 0
63345, 0, 1, 1, 0, 0, 0
63346, 0, 1, 1, 0, 0, 0
63347, 0, 1, 1, 0, 0, 0
79493, 0, 2, 2, 0, 0, 0
63360, 1, 0, 0, 0, 1, 0
63362, 2, 0, 0, 0, 2, 0
63368, 4, 0, 0, 0, 4, 0
63369, 0, 1, 1, 0, 0, 0
63370, 0, 1, 1, 0, 0, 0
77882, 2, 1, 1, 0, 2, 0
77883, 0, 1, 1, 0, 0, 0
66348, 0, 1, 1, 0, 0, 0
66349, 0, 1, 0, 1, 0, 0
71898, 0, 1, 1, 0, 0, 0
63410, 7, 0, 0, 0, 7, 0
63411, 0, 1, 1, 0, 0, 0
63412, 3, 0, 0, 0, 2, 1
63413, 3, 0, 0, 0, 3, 0
70322, 0, 1, 1, 0, 0, 0
63441, 25, 0, 0, 0, 23, 2
63442, 3, 0, 0, 0, 1, 2
63443, 11, 0, 0, 0, 8, 3
63444, 0, 1, 1, 0, 0, 0
63448, 4, 0, 0, 0, 4, 0
63449, 1, 1, 1, 0, 1, 0
65731, 7, 1, 1, 0, 7, 0
79517, 0, 1, 1, 0, 0, 0
79518, 0, 1, 1, 0, 0, 0
63474, 2, 0, 0, 0, 2, 0
63477, 3, 1, 1, 0, 3, 0
63478, 11, 0, 0, 0, 11, 0
78558, 1, 2, 2, 0, 1, 0
63480, 6, 0, 0, 0, 4, 2
63487, 3, 0, 0, 0, 3, 0
63488, 0, 1, 1, 0, 0, 0
69757, 0, 1, 1, 0, 0, 0
69758, 0, 2, 2, 0, 0, 0
68505, 0, 1, 0, 1, 0, 0
68506, 0, 1, 0, 1, 0, 0
63507, 1, 0, 0, 0, 1, 0
63520, 15, 0, 0, 0, 12, 3
63521, 0, 1, 1, 0, 0, 0
63522, 0, 1, 1, 0, 0, 0
63523, 4, 0, 0, 0, 4, 0
63527, 81, 0, 0, 0, 81, 0
63528, 0, 1, 1, 0, 0, 0
63529, 0, 1, 1, 0, 0, 0
63530, 0, 1, 1, 0, 0, 0
63531, 0, 1, 1, 0, 0, 0
63532, 1, 1, 1, 0, 1, 0
63533, 1, 2, 2, 0, 1, 0
79525, 0, 1, 1, 0, 0, 0
63539, 1, 0, 0, 0, 1, 0
63540, 1, 0, 0, 0, 1, 0
79529, 0, 2, 2, 0, 0, 0
63544, 1, 0, 0, 0, 1, 0
79537, 1, 1, 1, 0, 1, 0
66588, 0, 1, 1, 0, 0, 0
79538, 0, 1, 1, 0, 0, 0
79542, 5, 1, 1, 0, 3, 2
63574, 5, 0, 0, 0, 1, 4
63575, 0, 1, 0, 1, 0, 0
70349, 0, 1, 1, 0, 0, 0
63577, 4, 0, 0, 0, 3, 1
63578, 1, 1, 0, 1, 0, 1
63579, 1, 0, 0, 0, 1, 0
63580, 4, 0, 0, 0, 4, 0
63581, 0, 1, 1, 0, 0, 0
63590, 1, 0, 0, 0, 1, 0
63593, 1, 0, 0, 0, 1, 0
63596, 0, 1, 1, 0, 0, 0
63597, 0, 1, 1, 0, 0, 0
63602, 1, 0, 0, 0, 1, 0
63603, 4, 0, 0, 0, 4, 0
63604, 0, 1, 1, 0, 0, 0
63605, 0, 1, 1, 0, 0, 0
66112, 1, 1, 1, 0, 1, 0
63623, 3, 1, 1, 0, 2, 1
65729, 4, 1, 1, 0, 4, 0
79559, 0, 1, 1, 0, 0, 0
63627, 2, 1, 0, 1, 1, 1
63628, 3, 1, 0, 1, 1, 2
73564, 0, 1, 1, 0, 0, 0
79563, 0, 1, 1, 0, 0, 0
63643, 2, 0, 0, 0, 2, 0
63644, 13, 0, 0, 0, 10, 3
63645, 0, 1, 1, 0, 0, 0
63646, 0, 1, 1, 0, 0, 0
63647, 0, 1, 1, 0, 0, 0
63649, 1, 0, 0, 0, 1, 0
73529, 5, 1, 1, 0, 5, 0
79578, 0, 2, 2, 0, 0, 0
79579, 0, 1, 1, 0, 0, 0
76448, 0, 1, 1, 0, 0, 0
76449, 0, 1, 1, 0, 0, 0
63674, 1, 0, 0, 0, 1, 0
79565, 1, 2, 2, 0, 1, 0
79566, 0, 1, 1, 0, 0, 0
63682, 3, 0, 0, 0, 3, 0
63683, 1, 0, 0, 0, 1, 0
79586, 0, 1, 1, 0, 0, 0
66471, 0, 1, 1, 0, 0, 0
63704, 22, 0, 0, 0, 19, 3
63705, 2, 1, 1, 0, 2, 0
63711, 2, 0, 0, 0, 2, 0
63712, 2, 0, 0, 0, 2, 0
63713, 1, 0, 0, 0, 1, 0
63714, 3, 0, 0, 0, 3, 0
79589, 0, 1, 1, 0, 0, 0
79590, 0, 1, 1, 0, 0, 0
79591, 0, 1, 1, 0, 0, 0
63717, 2, 0, 0, 0, 2, 0
79592, 0, 1, 1, 0, 0, 0
79593, 0, 1, 1, 0, 0, 0
63722, 1, 0, 0, 0, 1, 0
63723, 1, 0, 0, 0, 1, 0
63728, 4, 0, 0, 0, 4, 0
63729, 1, 0, 0, 0, 1, 0
63730, 1, 0, 0, 0, 1, 0
63731, 4, 0, 0, 0, 4, 0
63732, 0, 1, 1, 0, 0, 0
63733, 7, 0, 0, 0, 4, 3
63736, 3, 0, 0, 0, 3, 0
63737, 2, 0, 0, 0, 2, 0
63738, 2, 1, 1, 0, 2, 0
63739, 1, 1, 1, 0, 1, 0
63740, 2, 0, 0, 0, 2, 0
63741, 1, 0, 0, 0, 1, 0
72981, 0, 1, 1, 0, 0, 0
63748, 2, 1, 1, 0, 2, 0
63749, 1, 0, 0, 0, 1, 0
63750, 13, 0, 0, 0, 5, 8
63751, 0, 3, 1, 2, 0, 0
63752, 10, 0, 0, 0, 4, 6
63753, 1, 0, 0, 0, 1, 0
63760, 3, 0, 0, 0, 3, 0
79597, 1, 1, 1, 0, 1, 0
63764, 4, 0, 0, 0, 4, 0
63765, 0, 1, 1, 0, 0, 0
63766, 1, 0, 0, 0, 1, 0
63767, 3, 0, 0, 0, 2, 1
63768, 1, 0, 0, 0, 1, 0
63769, 22, 0, 0, 0, 20, 2
63770, 0, 1, 1, 0, 0, 0
63771, 1, 0, 0, 0, 1, 0
70970, 0, 2, 2, 0, 0, 0
79606, 1, 1, 1, 0, 1, 0
63824, 1, 0, 0, 0, 1, 0
63825, 2, 0, 0, 0, 2, 0
63826, 3, 0, 0, 0, 3, 0
79614, 5, 1, 1, 0, 5, 0
79615, 0, 2, 2, 0, 0, 0
63841, 5, 0, 0, 0, 5, 0
63842, 2, 0, 0, 0, 2, 0
63843, 4, 0, 0, 0, 2, 2
74872, 0, 1, 1, 0, 0, 0
74873, 0, 1, 0, 1, 0, 0
63847, 17, 0, 0, 0, 17, 0
63848, 0, 1, 1, 0, 0, 0
79621, 0, 1, 1, 0, 0, 0
65966, 2, 1, 1, 0, 2, 0
65967, 0, 1, 1, 0, 0, 0
65968, 0, 2, 2, 0, 0, 0
63880, 6, 0, 0, 0, 6, 0
63881, 0, 1, 1, 0, 0, 0
63882, 0, 1, 1, 0, 0, 0
63884, 4, 0, 0, 0, 4, 0
64960, 0, 1, 1, 0, 0, 0
64961, 0, 1, 0, 1, 0, 0
63890, 3, 0, 0, 0, 3, 0
63893, 3, 0, 0, 0, 3, 0
63894, 1, 0, 0, 0, 1, 0
63903, 16, 0, 0, 0, 12, 4
63904, 1, 1, 1, 0, 0, 1
63905, 0, 1, 1, 0, 0, 0
63906, 0, 1, 1, 0, 0, 0
63907, 0, 1, 0, 1, 0, 0
63910, 2, 0, 0, 0, 2, 0
63913, 3, 0, 0, 0, 3, 0
63915, 3, 0, 0, 0, 3, 0
75379, 1, 2, 2, 0, 1, 0
79648, 0, 1, 1, 0, 0, 0
63923, 10, 0, 0, 0, 10, 0
63924, 0, 1, 1, 0, 0, 0
63928, 4, 0, 0, 0, 3, 1
63929, 2, 1, 1, 0, 2, 0
75342, 1, 1, 1, 0, 1, 0
63930, 6, 0, 0, 0, 4, 2
63941, 1, 0, 0, 0, 1, 0
63942, 1, 0, 0, 0, 1, 0
63954, 5, 0, 0, 0, 5, 0
63969, 1, 0, 0, 0, 1, 0
63970, 2, 0, 0, 0, 2, 0
63971, 3, 0, 0, 0, 3, 0
63978, 6, 0, 0, 0, 6, 0
63986, 2, 0, 0, 0, 2, 0
63987, 1, 0, 0, 0, 1, 0
79662, 1, 1, 1, 0, 1, 0
64081, 1, 0, 0, 0, 1, 0
69491, 0, 1, 1, 0, 0, 0
69492, 0, 1, 0, 1, 0, 0
71147, 2, 1, 1, 0, 2, 0
79678, 2, 1, 1, 0, 2, 0
64093, 4, 0, 0, 0, 4, 0
79679, 0, 1, 1, 0, 0, 0
79680, 1, 1, 1, 0, 1, 0
79684, 0, 1, 1, 0, 0, 0
73093, 0, 1, 1, 0, 0, 0
73094, 0, 1, 1, 0, 0, 0
79686, 0, 1, 1, 0, 0, 0
64122, 14, 0, 0, 0, 8, 6
64123, 0, 1, 1, 0, 0, 0
79687, 1, 1, 1, 0, 1, 0
79688, 0, 1, 1, 0, 0, 0
79689, 0, 1, 1, 0, 0, 0
72472, 0, 1, 1, 0, 0, 0
79691, 0, 1, 1, 0, 0, 0
79692, 3, 2, 2, 0, 2, 1
79693, 1, 1, 1, 0, 1, 0
64152, 15, 0, 0, 0, 13, 2
64153, 38, 0, 0, 0, 29, 9
64154, 5, 0, 0, 0, 1, 4
64155, 2, 0, 0, 0, 2, 0
64157, 0, 1, 1, 0, 0, 0
64158, 1, 1, 1, 0, 1, 0
64159, 11, 0, 0, 0, 11, 0
64165, 18, 0, 0, 0, 18, 0
64169, 0, 1, 0, 1, 0, 0
64175, 2, 0, 0, 0, 2, 0
64176, 6, 0, 0, 0, 6, 0
64177, 11, 0, 0, 0, 10, 1
68613, 0, 1, 1, 0, 0, 0
68614, 0, 1, 0, 1, 0, 0
79699, 0, 1, 1, 0, 0, 0
79700, 0, 1, 1, 0, 0, 0
79701, 0, 1, 1, 0, 0, 0
79702, 0, 1, 1, 0, 0, 0
79703, 0, 1, 1, 0, 0, 0
75378, 1, 1, 1, 0, 1, 0
64206, 8, 0, 0, 0, 3, 5
67077, 0, 3, 1, 2, 0, 0
68773, 0, 1, 0, 1, 0, 0
68774, 0, 1, 0, 1, 0, 0
68776, 3, 1, 0, 1, 3, 0
68777, 0, 1, 0, 1, 0, 0
68778, 0, 1, 0, 1, 0, 0
68779, 0, 1, 0, 1, 0, 0
68780, 0, 1, 0, 1, 0, 0
68781, 0, 1, 0, 1, 0, 0
79707, 0, 1, 1, 0, 0, 0
64233, 1, 0, 0, 0, 1, 0
64234, 3, 0, 0, 0, 3, 0
64242, 10, 0, 0, 0, 10, 0
64243, 0, 1, 1, 0, 0, 0
64251, 5, 0, 0, 0, 4, 1
64252, 1, 0, 0, 0, 1, 0
79711, 0, 1, 1, 0, 0, 0
64256, 1, 0, 0, 0, 1, 0
64257, 4, 0, 0, 0, 3, 1
64258, 3, 1, 1, 0, 2, 1
66868, 0, 1, 1, 0, 0, 0
64260, 0, 1, 1, 0, 0, 0
64262, 1, 1, 1, 0, 1, 0
64267, 5, 0, 0, 0, 5, 0
64268, 0, 3, 3, 0, 0, 0
64269, 8, 0, 0, 0, 4, 4
64270, 5, 0, 0, 0, 5, 0
64272, 24, 1, 1, 0, 24, 0
64273, 1, 1, 1, 0, 1, 0
64283, 14, 0, 0, 0, 14, 0
64284, 2, 1, 1, 0, 2, 0
64285, 15, 0, 0, 0, 11, 4
64286, 0, 1, 1, 0, 0, 0
64287, 1, 0, 0, 0, 1, 0
64288, 3, 0, 0, 0, 3, 0
64291, 2, 1, 1, 0, 2, 0
64292, 3, 2, 2, 0, 3, 0
64293, 1, 1, 1, 0, 1, 0
64294, 20, 0, 0, 0, 20, 0
64295, 0, 1, 1, 0, 0, 0
64300, 1, 0, 0, 0, 1, 0
64301, 1, 0, 0, 0, 1, 0
64302, 1, 0, 0, 0, 1, 0
64303, 15, 0, 0, 0, 6, 9
64304, 3, 1, 0, 1, 0, 3
64305, 0, 1, 0, 1, 0, 0
64307, 1, 0, 0, 0, 1, 0
68568, 0, 3, 3, 0, 0, 0
68571, 0, 1, 0, 1, 0, 0
79718, 0, 1, 1, 0, 0, 0
79719, 1, 1, 1, 0, 1, 0
79720, 0, 1, 1, 0, 0, 0
72141, 3, 1, 1, 0, 3, 0
79723, 0, 1, 1, 0, 0, 0
64333, 17, 0, 0, 0, 17, 0
64335, 1, 1, 1, 0, 1, 0
64336, 0, 1, 1, 0, 0, 0
79726, 0, 1, 1, 0, 0, 0
64338, 2, 0, 0, 0, 2, 0
64341, 11, 0, 0, 0, 9, 2
64342, 0, 1, 0, 1, 0, 0
79729, 0, 1, 1, 0, 0, 0
64353, 3, 0, 0, 0, 3, 0
64357, 18, 0, 0, 0, 11, 7
79732, 0, 1, 0, 1, 0, 0
64364, 1, 0, 0, 0, 1, 0
64370, 1, 0, 0, 0, 1, 0
74920, 0, 1, 1, 0, 0, 0
74921, 0, 1, 1, 0, 0, 0
67399, 0, 1, 1, 0, 0, 0
67400, 2, 1, 1, 0, 2, 0
67401, 0, 1, 0, 1, 0, 0
76808, 13, 2, 1, 1, 0, 13
76809, 0, 1, 0, 1, 0, 0
64400, 2, 0, 0, 0, 2, 0
64404, 0, 1, 1, 0, 0, 0
64409, 1, 0, 0, 0, 1, 0
79747, 0, 1, 1, 0, 0, 0
79748, 1, 2, 2, 0, 1, 0
78051, 2, 1, 1, 0, 2, 0
64427, 1, 0, 0, 0, 1, 0
64428, 1, 0, 0, 0, 1, 0
64434, 1, 0, 0, 0, 1, 0
72381, 0, 1, 1, 0, 0, 0
64442, 1, 0, 0, 0, 1, 0
64444, 8, 0, 0, 0, 5, 3
64445, 24, 0, 0, 0, 24, 0
64446, 0, 1, 1, 0, 0, 0
64447, 0, 1, 1, 0, 0, 0
79752, 0, 1, 1, 0, 0, 0
68612, 0, 4, 4, 0, 0, 0
72208, 0, 1, 1, 0, 0, 0
64504, 1, 0, 0, 0, 1, 0
64505, 8, 1, 1, 0, 8, 0
64506, 0, 1, 1, 0, 0, 0
74606, 0, 1, 1, 0, 0, 0
74607, 0, 1, 1, 0, 0, 0
64524, 5, 0, 0, 0, 5, 0
64550, 5, 0, 0, 0, 5, 0
64551, 3, 0, 0, 0, 3, 0
64556, 3, 1, 1, 0, 3, 0
64559, 6, 0, 0, 0, 6, 0
64560, 0, 1, 1, 0, 0, 0
64561, 0, 1, 1, 0, 0, 0
64562, 2, 0, 0, 0, 2, 0
64563, 4, 0, 0, 0, 4, 0
64565, 4, 0, 0, 0, 4, 0
64567, 4, 0, 0, 0, 4, 0
64568, 3, 0, 0, 0, 3, 0
64585, 1, 0, 0, 0, 1, 0
64588, 12, 0, 0, 0, 12, 0
64589, 0, 1, 1, 0, 0, 0
64593, 1, 0, 0, 0, 1, 0
64595, 1, 0, 0, 0, 1, 0
64596, 1, 0, 0, 0, 1, 0
64597, 3, 0, 0, 0, 3, 0
64598, 3, 0, 0, 0, 3, 0
64599, 0, 1, 1, 0, 0, 0
64600, 0, 1, 1, 0, 0, 0
64601, 5, 0, 0, 0, 4, 1
64609, 2, 0, 0, 0, 2, 0
79775, 0, 1, 1, 0, 0, 0
79776, 2, 1, 1, 0, 1, 1
70111, 0, 1, 1, 0, 0, 0
70113, 0, 2, 2, 0, 0, 0
64621, 2, 0, 0, 0, 2, 0
64629, 1, 0, 0, 0, 1, 0
79784, 1, 1, 1, 0, 1, 0
64633, 1, 0, 0, 0, 1, 0
64636, 2, 0, 0, 0, 2, 0
64637, 4, 0, 0, 0, 4, 0
74863, 0, 1, 1, 0, 0, 0
64642, 1, 0, 0, 0, 1, 0
64643, 1, 0, 0, 0, 1, 0
64644, 12, 1, 1, 0, 11, 1
64645, 2, 1, 1, 0, 2, 0
64646, 0, 1, 1, 0, 0, 0
64647, 3, 1, 1, 0, 0, 3
64648, 7, 0, 0, 0, 7, 0
64649, 18, 0, 0, 0, 9, 9
64652, 2, 0, 0, 0, 2, 0
64653, 3, 0, 0, 0, 3, 0
64667, 6, 0, 0, 0, 6, 0
64668, 0, 1, 1, 0, 0, 0
64669, 2, 0, 0, 0, 2, 0
64670, 4, 0, 0, 0, 3, 1
64671, 2, 0, 0, 0, 2, 0
64672, 2, 1, 1, 0, 2, 0
64673, 3, 0, 0, 0, 3, 0
64674, 2, 0, 0, 0, 2, 0
64675, 2, 0, 0, 0, 2, 0
64676, 3, 0, 0, 0, 3, 0
64677, 9, 0, 0, 0, 9, 0
64678, 2, 0, 0, 0, 2, 0
64679, 2, 0, 0, 0, 2, 0
64680, 3, 0, 0, 0, 3, 0
64681, 2, 0, 0, 0, 2, 0
64682, 10, 0, 0, 0, 10, 0
64685, 2, 0, 0, 0, 2, 0
64686, 2, 0, 0, 0, 2, 0
64687, 2, 0, 0, 0, 2, 0
64688, 2, 0, 0, 0, 2, 0
64690, 2, 0, 0, 0, 2, 0
64691, 2, 0, 0, 0, 2, 0
64692, 3, 0, 0, 0, 3, 0
64693, 0, 1, 1, 0, 0, 0
66399, 2, 1, 1, 0, 2, 0
77605, 2, 1, 1, 0, 2, 0
64707, 1, 0, 0, 0, 1, 0
64708, 3, 0, 0, 0, 3, 0
64711, 9, 0, 0, 0, 9, 0
64718, 6, 0, 0, 0, 6, 0
64719, 7, 0, 0, 0, 7, 0
64720, 1, 0, 0, 0, 1, 0
64723, 11, 0, 0, 0, 11, 0
64725, 11, 0, 0, 0, 11, 0
64726, 3, 0, 0, 0, 2, 1
64727, 4, 0, 0, 0, 4, 0
64732, 29, 0, 0, 0, 18, 11
64734, 13, 0, 0, 0, 12, 1
64735, 0, 1, 1, 0, 0, 0
79804, 2, 2, 2, 0, 2, 0
64753, 1, 0, 0, 0, 1, 0
79821, 1, 2, 2, 0, 1, 0
64756, 4, 0, 0, 0, 4, 0
64757, 13, 0, 0, 0, 12, 1
64758, 28, 0, 0, 0, 10, 18
64759, 12, 0, 0, 0, 10, 2
64764, 5, 0, 0, 0, 5, 0
64765, 4, 0, 0, 0, 2, 2
64808, 1, 0, 0, 0, 1, 0
64809, 1, 0, 0, 0, 1, 0
64810, 1, 0, 0, 0, 1, 0
64811, 4, 0, 0, 0, 4, 0
64812, 1, 0, 0, 0, 1, 0
64813, 4, 0, 0, 0, 4, 0
64814, 13, 0, 0, 0, 13, 0
64815, 8, 0, 0, 0, 8, 0
64816, 3, 0, 0, 0, 2, 1
64817, 1, 0, 0, 0, 1, 0
64818, 1, 0, 0, 0, 1, 0
64819, 11, 1, 1, 0, 11, 0
64820, 0, 1, 1, 0, 0, 0
64821, 0, 1, 1, 0, 0, 0
64822, 0, 1, 1, 0, 0, 0
75790, 0, 2, 2, 0, 0, 0
64827, 3, 0, 0, 0, 3, 0
64828, 2, 0, 0, 0, 2, 0
64829, 2, 0, 0, 0, 2, 0
64830, 3, 0, 0, 0, 3, 0
64831, 2, 0, 0, 0, 2, 0
64834, 2, 0, 0, 0, 2, 0
64835, 3, 0, 0, 0, 2, 1
64836, 11, 0, 0, 0, 6, 5
64837, 0, 1, 1, 0, 0, 0
64840, 5, 0, 0, 0, 4, 1
64841, 1, 1, 0, 1, 0, 1
64842, 3, 0, 0, 0, 3, 0
64845, 2, 0, 0, 0, 2, 0
64846, 2, 0, 0, 0, 2, 0
64848, 1, 0, 0, 0, 1, 0
79832, 0, 1, 1, 0, 0, 0
64853, 2, 0, 0, 0, 2, 0
64856, 1, 0, 0, 0, 1, 0
64878, 0, 1, 1, 0, 0, 0
64879, 0, 1, 0, 1, 0, 0
64880, 0, 1, 0, 1, 0, 0
64881, 0, 1, 0, 1, 0, 0
64883, 8, 0, 0, 0, 8, 0
64884, 0, 2, 2, 0, 0, 0
64885, 6, 0, 0, 0, 6, 0
64886, 1, 0, 0, 0, 1, 0
64887, 2, 0, 0, 0, 2, 0
64888, 0, 1, 1, 0, 0, 0
64892, 6, 0, 0, 0, 5, 1
64893, 6, 0, 0, 0, 5, 1
64896, 1, 1, 1, 0, 1, 0
64897, 7, 0, 0, 0, 7, 0
64898, 0, 1, 1, 0, 0, 0
64899, 5, 0, 0, 0, 5, 0
64900, 0, 1, 1, 0, 0, 0
64901, 1, 0, 0, 0, 1, 0
64902, 5, 3, 3, 0, 4, 1
64903, 2, 3, 3, 0, 2, 0
64904, 5, 2, 2, 0, 5, 0
64905, 4, 2, 2, 0, 4, 0
79845, 0, 3, 3, 0, 0, 0
79846, 0, 1, 1, 0, 0, 0
64906, 7, 0, 0, 0, 7, 0
64907, 10, 1, 1, 0, 10, 0
70379, 0, 1, 1, 0, 0, 0
64908, 2, 0, 0, 0, 2, 0
64909, 1, 0, 0, 0, 1, 0
64913, 11, 1, 1, 0, 5, 6
64914, 0, 1, 1, 0, 0, 0
64915, 0, 1, 1, 0, 0, 0
64916, 1, 1, 1, 0, 1, 0
64917, 0, 1, 1, 0, 0, 0
64918, 1, 0, 0, 0, 1, 0
64932, 17, 0, 0, 0, 16, 1
64933, 0, 1, 0, 1, 0, 0
64935, 1, 0, 0, 0, 1, 0
64939, 1, 0, 0, 0, 1, 0
64940, 5, 0, 0, 0, 5, 0
64943, 2, 0, 0, 0, 2, 0
64944, 5, 1, 1, 0, 5, 0
64945, 3, 0, 0, 0, 3, 0
64946, 5, 0, 0, 0, 5, 0
64947, 1, 0, 0, 0, 1, 0
64948, 3, 1, 1, 0, 3, 0
64949, 1, 1, 1, 0, 1, 0
64951, 3, 0, 0, 0, 3, 0
79864, 0, 1, 1, 0, 0, 0
79865, 0, 1, 1, 0, 0, 0
79866, 2, 2, 2, 0, 2, 0
64965, 2, 0, 0, 0, 2, 0
64972, 10, 0, 0, 0, 9, 1
64973, 0, 1, 1, 0, 0, 0
79876, 2, 1, 1, 0, 2, 0
64997, 12, 1, 1, 0, 11, 1
64999, 0, 2, 2, 0, 0, 0
65000, 1, 0, 0, 0, 1, 0
65003, 2, 0, 0, 0, 2, 0
65004, 1, 1, 1, 0, 1, 0
79881, 0, 1, 1, 0, 0, 0
65005, 1, 0, 0, 0, 1, 0
65006, 2, 0, 0, 0, 2, 0
65007, 16, 0, 0, 0, 13, 3
65008, 14, 0, 0, 0, 14, 0
65009, 0, 1, 1, 0, 0, 0
65010, 2, 0, 0, 0, 2, 0
65011, 2, 0, 0, 0, 2, 0
75500, 0, 1, 1, 0, 0, 0
65022, 4, 0, 0, 0, 3, 1
79886, 2, 1, 1, 0, 2, 0
79887, 0, 1, 1, 0, 0, 0
65031, 2, 0, 0, 0, 2, 0
79890, 0, 1, 1, 0, 0, 0
79891, 0, 1, 1, 0, 0, 0
79894, 1, 1, 1, 0, 1, 0
79895, 2, 1, 1, 0, 2, 0
65064, 6, 0, 0, 0, 6, 0
65065, 2, 1, 1, 0, 2, 0
67409, 0, 2, 2, 0, 0, 0
79900, 0, 1, 1, 0, 0, 0
79901, 1, 1, 1, 0, 1, 0
65084, 2, 0, 0, 0, 2, 0
65086, 1, 0, 0, 0, 1, 0
65099, 27, 0, 0, 0, 27, 0
65100, 0, 1, 1, 0, 0, 0
65101, 0, 1, 1, 0, 0, 0
70900, 0, 1, 1, 0, 0, 0
70901, 0, 1, 1, 0, 0, 0
70902, 0, 1, 0, 1, 0, 0
65138, 8, 0, 0, 0, 8, 0
65139, 3, 0, 0, 0, 3, 0
65140, 9, 0, 0, 0, 7, 2
65141, 2, 0, 0, 0, 2, 0
65148, 4, 0, 0, 0, 4, 0
65149, 3, 0, 0, 0, 3, 0
65151, 11, 0, 0, 0, 11, 0
65156, 12, 1, 1, 0, 9, 3
79922, 1, 1, 1, 0, 1, 0
65165, 1, 0, 0, 0, 1, 0
65166, 5, 0, 0, 0, 5, 0
65167, 13, 2, 2, 0, 11, 2
65168, 0, 2, 2, 0, 0, 0
69060, 0, 2, 2, 0, 0, 0
65169, 1, 0, 0, 0, 1, 0
79928, 0, 1, 1, 0, 0, 0
65192, 3, 0, 0, 0, 3, 0
65194, 4, 0, 0, 0, 4, 0
65195, 0, 1, 1, 0, 0, 0
66382, 0, 1, 1, 0, 0, 0
65209, 13, 0, 0, 0, 10, 3
65210, 1, 0, 0, 0, 1, 0
65211, 4, 0, 0, 0, 4, 0
65212, 5, 0, 0, 0, 5, 0
65213, 0, 1, 1, 0, 0, 0
65214, 18, 0, 0, 0, 18, 0
65225, 7, 1, 1, 0, 7, 0
65226, 1, 0, 0, 0, 1, 0
65227, 1, 0, 0, 0, 1, 0
65234, 5, 0, 0, 0, 5, 0
65235, 0, 1, 1, 0, 0, 0
65252, 16, 0, 0, 0, 14, 2
65253, 11, 0, 0, 0, 11, 0
65254, 0, 1, 1, 0, 0, 0
65255, 2, 0, 0, 0, 2, 0
65258, 1, 0, 0, 0, 1, 0
65268, 3, 0, 0, 0, 3, 0
71159, 0, 1, 1, 0, 0, 0
71160, 0, 1, 1, 0, 0, 0
65289, 1, 0, 0, 0, 1, 0
65291, 1, 0, 0, 0, 1, 0
65292, 12, 0, 0, 0, 12, 0
65293, 2, 0, 0, 0, 2, 0
79963, 0, 1, 1, 0, 0, 0
79964, 0, 1, 1, 0, 0, 0
65304, 2, 2, 2, 0, 2, 0
65305, 6, 0, 0, 0, 6, 0
65306, 0, 1, 1, 0, 0, 0
65307, 2, 0, 0, 0, 2, 0
65308, 3, 0, 0, 0, 3, 0
79967, 0, 1, 1, 0, 0, 0
79971, 0, 1, 1, 0, 0, 0
65326, 3, 0, 0, 0, 3, 0
65328, 18, 0, 0, 0, 15, 3
65330, 0, 1, 1, 0, 0, 0
65331, 0, 1, 0, 1, 0, 0
65332, 12, 0, 0, 0, 11, 1
68996, 0, 1, 1, 0, 0, 0
79973, 1, 1, 1, 0, 1, 0
65339, 2, 0, 0, 0, 2, 0
65340, 2, 0, 0, 0, 2, 0
65342, 2, 0, 0, 0, 2, 0
65343, 2, 0, 0, 0, 2, 0
66155, 2, 1, 1, 0, 2, 0
79985, 0, 1, 1, 0, 0, 0
65369, 4, 0, 0, 0, 4, 0
65370, 0, 1, 1, 0, 0, 0
75233, 1, 1, 1, 0, 1, 0
65389, 1, 0, 0, 0, 1, 0
65399, 9, 1, 1, 0, 9, 0
65400, 0, 1, 1, 0, 0, 0
65401, 1, 1, 1, 0, 1, 0
65402, 0, 1, 1, 0, 0, 0
65409, 4, 0, 0, 0, 4, 0
65410, 1, 0, 0, 0, 1, 0
65413, 5, 0, 0, 0, 5, 0
65414, 0, 1, 1, 0, 0, 0
65415, 4, 0, 0, 0, 4, 0
65418, 17, 0, 0, 0, 9, 8
65419, 1, 1, 1, 0, 1, 0
65422, 6, 0, 0, 0, 6, 0
65423, 0, 1, 1, 0, 0, 0
65427, 4, 0, 0, 0, 4, 0
65428, 2, 0, 0, 0, 2, 0
72938, 0, 1, 1, 0, 0, 0
65455, 1, 0, 0, 0, 1, 0
65456, 1, 0, 0, 0, 1, 0
65457, 9, 0, 0, 0, 3, 6
65458, 7, 0, 0, 0, 6, 1
65463, 1, 0, 0, 0, 1, 0
66281, 2, 2, 2, 0, 2, 0
79068, 0, 2, 2, 0, 0, 0
65483, 2, 0, 0, 0, 2, 0
65484, 0, 1, 1, 0, 0, 0
65485, 15, 0, 0, 0, 13, 2
65486, 0, 1, 1, 0, 0, 0
65496, 2, 0, 0, 0, 2, 0
65497, 2, 0, 0, 0, 2, 0
65503, 11, 0, 0, 0, 11, 0
65504, 1, 0, 0, 0, 1, 0
65527, 8, 0, 0, 0, 7, 1
65528, 0, 1, 1, 0, 0, 0
65529, 2, 0, 0, 0, 2, 0
80023, 2, 1, 1, 0, 2, 0
65544, 3, 0, 0, 0, 3, 0
65545, 2, 0, 0, 0, 1, 1
65546, 9, 0, 0, 0, 9, 0
65547, 1, 0, 0, 0, 1, 0
65549, 1, 0, 0, 0, 1, 0
65553, 0, 1, 1, 0, 0, 0
65554, 0, 1, 1, 0, 0, 0
65555, 2, 1, 1, 0, 2, 0
65556, 0, 1, 1, 0, 0, 0
65557, 0, 1, 1, 0, 0, 0
65558, 0, 1, 1, 0, 0, 0
65559, 1, 1, 1, 0, 1, 0
65560, 0, 1, 1, 0, 0, 0
79328, 3, 1, 1, 0, 3, 0
65563, 8, 1, 1, 0, 8, 0
65566, 9, 0, 0, 0, 7, 2
65569, 16, 0, 0, 0, 15, 1
80030, 0, 1, 1, 0, 0, 0
80031, 2, 2, 1, 1, 2, 0
65577, 2, 0, 0, 0, 2, 0
65585, 3, 0, 0, 0, 3, 0
65586, 5, 0, 0, 0, 5, 0
65587, 0, 1, 1, 0, 0, 0
65591, 5, 0, 0, 0, 5, 0
65592, 3, 3, 2, 1, 3, 0
76966, 1, 1, 1, 0, 1, 0
65593, 1, 0, 0, 0, 1, 0
80033, 0, 1, 1, 0, 0, 0
65600, 6, 0, 0, 0, 5, 1
80035, 2, 1, 1, 0, 2, 0
80036, 0, 2, 2, 0, 0, 0
65605, 3, 1, 1, 0, 3, 0
65606, 2, 1, 1, 0, 2, 0
70072, 3, 1, 1, 0, 3, 0
66341, 2, 2, 1, 1, 2, 0
76091, 0, 1, 1, 0, 0, 0
65626, 0, 1, 1, 0, 0, 0
65627, 0, 1, 0, 1, 0, 0
65634, 11, 0, 0, 0, 11, 0
65637, 8, 0, 0, 0, 8, 0
65638, 0, 1, 1, 0, 0, 0
65639, 0, 1, 1, 0, 0, 0
65640, 2, 0, 0, 0, 2, 0
65641, 0, 1, 1, 0, 0, 0
65642, 1, 0, 0, 0, 1, 0
65648, 1, 0, 0, 0, 1, 0
65653, 5, 1, 1, 0, 5, 0
65654, 2, 1, 1, 0, 2, 0
65659, 1, 0, 0, 0, 1, 0
65660, 1, 0, 0, 0, 1, 0
65663, 10, 0, 0, 0, 5, 5
80046, 1, 1, 1, 0, 1, 0
65670, 1, 0, 0, 0, 1, 0
65672, 0, 1, 1, 0, 0, 0
65679, 1, 1, 1, 0, 1, 0
72333, 0, 1, 0, 1, 0, 0
65681, 4, 0, 0, 0, 4, 0
65697, 9, 0, 0, 0, 9, 0
65698, 0, 1, 1, 0, 0, 0
65708, 2, 0, 0, 0, 2, 0
65721, 7, 0, 0, 0, 7, 0
65723, 1, 0, 0, 0, 1, 0
80062, 0, 1, 1, 0, 0, 0
80063, 0, 1, 1, 0, 0, 0
80064, 0, 2, 2, 0, 0, 0
65726, 15, 0, 0, 0, 7, 8
65727, 1, 0, 0, 0, 1, 0
65730, 3, 0, 0, 0, 3, 0
65732, 2, 0, 0, 0, 2, 0
65733, 3, 0, 0, 0, 3, 0
65734, 7, 0, 0, 0, 7, 0
65735, 0, 1, 1, 0, 0, 0
65736, 0, 1, 1, 0, 0, 0
65737, 2, 1, 1, 0, 2, 0
80066, 0, 1, 1, 0, 0, 0
65741, 6, 0, 0, 0, 6, 0
65742, 1, 0, 0, 0, 1, 0
72996, 0, 1, 1, 0, 0, 0
70184, 0, 1, 1, 0, 0, 0
65759, 1, 0, 0, 0, 1, 0
65774, 1, 0, 0, 0, 1, 0
65782, 9, 1, 1, 0, 8, 1
65783, 2, 1, 1, 0, 2, 0
65784, 0, 2, 2, 0, 0, 0
65785, 0, 1, 1, 0, 0, 0
65788, 1, 0, 0, 0, 1, 0
80083, 0, 1, 1, 0, 0, 0
80085, 0, 1, 1, 0, 0, 0
80086, 0, 1, 1, 0, 0, 0
65819, 6, 0, 0, 0, 6, 0
65820, 0, 1, 1, 0, 0, 0
80094, 0, 1, 1, 0, 0, 0
72590, 0, 1, 1, 0, 0, 0
65870, 5, 0, 0, 0, 5, 0
65871, 9, 0, 0, 0, 8, 1
65872, 19, 0, 0, 0, 17, 2
65881, 1, 0, 0, 0, 1, 0
65882, 2, 0, 0, 0, 2, 0
65883, 2, 0, 0, 0, 2, 0
65884, 2, 1, 1, 0, 1, 1
65888, 15, 1, 1, 0, 10, 5
65889, 1, 0, 0, 0, 1, 0
80098, 2, 1, 1, 0, 1, 1
65895, 11, 0, 0, 0, 8, 3
65900, 2, 0, 0, 0, 2, 0
65917, 1, 0, 0, 0, 1, 0
65918, 1, 0, 0, 0, 1, 0
65924, 38, 0, 0, 0, 31, 7
65925, 0, 2, 2, 0, 0, 0
73569, 0, 2, 2, 0, 0, 0
65931, 0, 1, 1, 0, 0, 0
65944, 0, 1, 1, 0, 0, 0
65947, 2, 0, 0, 0, 2, 0
65953, 1, 0, 0, 0, 1, 0
65954, 1, 0, 0, 0, 1, 0
65969, 1, 0, 0, 0, 1, 0
65970, 6, 0, 0, 0, 6, 0
65972, 4, 0, 0, 0, 4, 0
65973, 4, 0, 0, 0, 4, 0
65974, 17, 0, 0, 0, 17, 0
65975, 0, 1, 1, 0, 0, 0
65976, 5, 0, 0, 0, 5, 0
65984, 2, 0, 0, 0, 2, 0
65985, 3, 0, 0, 0, 2, 1
68849, 0, 1, 1, 0, 0, 0
66002, 2, 0, 0, 0, 2, 0
80128, 1, 1, 1, 0, 1, 0
66012, 10, 0, 0, 0, 10, 0
66018, 7, 0, 0, 0, 7, 0
66020, 6, 0, 0, 0, 5, 1
66021, 3, 0, 0, 0, 3, 0
66022, 7, 1, 1, 0, 6, 1
66023, 1, 1, 1, 0, 1, 0
66024, 0, 1, 1, 0, 0, 0
66025, 2, 0, 0, 0, 2, 0
66026, 24, 0, 0, 0, 24, 0
66027, 0, 2, 2, 0, 0, 0
66028, 0, 1, 1, 0, 0, 0
66029, 0, 1, 1, 0, 0, 0
66030, 2, 0, 0, 0, 2, 0
66031, 2, 0, 0, 0, 2, 0
66032, 7, 0, 0, 0, 7, 0
66033, 8, 0, 0, 0, 5, 3
66034, 26, 0, 0, 0, 23, 3
66035, 6, 0, 0, 0, 6, 0
66036, 10, 0, 0, 0, 8, 2
66037, 5, 0, 0, 0, 5, 0
66044, 7, 0, 0, 0, 7, 0
66045, 8, 0, 0, 0, 8, 0
80130, 0, 1, 1, 0, 0, 0
80131, 0, 1, 1, 0, 0, 0
80132, 0, 1, 1, 0, 0, 0
66047, 6, 0, 0, 0, 6, 0
66048, 11, 0, 0, 0, 11, 0
66049, 5, 0, 0, 0, 5, 0
66053, 7, 1, 1, 0, 4, 3
66054, 3, 0, 0, 0, 3, 0
66056, 7, 0, 0, 0, 7, 0
66059, 3, 0, 0, 0, 3, 0
66060, 2, 0, 0, 0, 2, 0
66061, 4, 0, 0, 0, 4, 0
66062, 0, 1, 1, 0, 0, 0
66065, 3, 0, 0, 0, 3, 0
66066, 6, 0, 0, 0, 6, 0
66067, 3, 0, 0, 0, 3, 0
66069, 4, 0, 0, 0, 4, 0
66072, 3, 0, 0, 0, 3, 0
66073, 3, 1, 1, 0, 3, 0
66079, 0, 2, 2, 0, 0, 0
66075, 8, 0, 0, 0, 8, 0
66081, 6, 0, 0, 0, 5, 1
66082, 8, 0, 0, 0, 8, 0
66083, 0, 1, 1, 0, 0, 0
66084, 0, 1, 1, 0, 0, 0
66085, 0, 1, 1, 0, 0, 0
66086, 2, 0, 0, 0, 2, 0
66088, 10, 0, 0, 0, 10, 0
66091, 1, 0, 0, 0, 1, 0
66092, 1, 0, 0, 0, 1, 0
66096, 7, 0, 0, 0, 7, 0
66097, 2, 0, 0, 0, 1, 1
66098, 8, 0, 0, 0, 8, 0
66099, 0, 1, 1, 0, 0, 0
66100, 0, 1, 1, 0, 0, 0
66101, 11, 0, 0, 0, 9, 2
66102, 0, 1, 1, 0, 0, 0
66103, 0, 1, 1, 0, 0, 0
66104, 2, 0, 0, 0, 1, 1
66105, 2, 0, 0, 0, 2, 0
66109, 4, 1, 1, 0, 4, 0
66110, 1, 1, 1, 0, 1, 0
66111, 1, 0, 0, 0, 1, 0
66113, 2, 0, 0, 0, 2, 0
66115, 5, 0, 0, 0, 5, 0
66116, 2, 0, 0, 0, 2, 0
66117, 4, 0, 0, 0, 4, 0
66118, 2, 0, 0, 0, 2, 0
66119, 2, 0, 0, 0, 2, 0
66120, 10, 0, 0, 0, 10, 0
66121, 0, 1, 1, 0, 0, 0
66122, 1, 0, 0, 0, 1, 0
66123, 5, 0, 0, 0, 4, 1
66124, 6, 0, 0, 0, 5, 1
66125, 2, 1, 1, 0, 1, 1
80145, 0, 1, 1, 0, 0, 0
66128, 2, 0, 0, 0, 2, 0
66129, 13, 0, 0, 0, 10, 3
66130, 3, 0, 0, 0, 3, 0
66131, 2, 1, 1, 0, 0, 2
66132, 2, 0, 0, 0, 2, 0
66133, 0, 1, 1, 0, 0, 0
66136, 3, 0, 0, 0, 3, 0
66137, 15, 0, 0, 0, 4, 11
66138, 1, 1, 0, 1, 0, 1
66139, 1, 0, 0, 0, 1, 0
66143, 3, 1, 1, 0, 3, 0
66144, 0, 1, 1, 0, 0, 0
66145, 2, 1, 1, 0, 2, 0
66146, 5, 0, 0, 0, 5, 0
66147, 1, 0, 0, 0, 1, 0
66148, 1, 0, 0, 0, 1, 0
66149, 1, 0, 0, 0, 1, 0
66151, 1, 0, 0, 0, 1, 0
66152, 1, 0, 0, 0, 1, 0
66153, 8, 0, 0, 0, 8, 0
66157, 4, 0, 0, 0, 4, 0
66158, 5, 0, 0, 0, 5, 0
66159, 7, 0, 0, 0, 7, 0
66160, 1, 0, 0, 0, 1, 0
66161, 1, 0, 0, 0, 1, 0
66167, 1, 0, 0, 0, 1, 0
66169, 3, 0, 0, 0, 1, 2
66170, 3, 0, 0, 0, 3, 0
66171, 2, 0, 0, 0, 2, 0
66172, 14, 0, 0, 0, 14, 0
66173, 1, 0, 0, 0, 1, 0
66174, 3, 0, 0, 0, 2, 1
66175, 1, 0, 0, 0, 1, 0
66176, 8, 0, 0, 0, 8, 0
66177, 5, 0, 0, 0, 5, 0
66178, 2, 0, 0, 0, 2, 0
66179, 4, 0, 0, 0, 4, 0
66180, 2, 0, 0, 0, 2, 0
66182, 1, 0, 0, 0, 1, 0
66183, 1, 0, 0, 0, 1, 0
66184, 1, 0, 0, 0, 1, 0
66190, 1, 0, 0, 0, 1, 0
71187, 0, 1, 1, 0, 0, 0
66198, 1, 0, 0, 0, 1, 0
66199, 1, 0, 0, 0, 1, 0
66200, 1, 0, 0, 0, 1, 0
66201, 22, 0, 0, 0, 19, 3
66202, 0, 1, 1, 0, 0, 0
66203, 0, 1, 1, 0, 0, 0
66204, 0, 1, 1, 0, 0, 0
66205, 4, 0, 0, 0, 4, 0
66211, 8, 0, 0, 0, 8, 0
66212, 14, 0, 0, 0, 2, 12
66213, 1, 0, 0, 0, 1, 0
66214, 1, 0, 0, 0, 1, 0
66216, 0, 1, 1, 0, 0, 0
66217, 1, 0, 0, 0, 1, 0
66218, 1, 0, 0, 0, 1, 0
66219, 1, 0, 0, 0, 1, 0
80147, 1, 1, 1, 0, 1, 0
66221, 4, 0, 0, 0, 3, 1
66222, 1, 0, 0, 0, 1, 0
66224, 1, 0, 0, 0, 1, 0
66225, 1, 0, 0, 0, 1, 0
66226, 1, 1, 1, 0, 1, 0
66227, 2, 0, 0, 0, 2, 0
66228, 1, 0, 0, 0, 1, 0
66229, 9, 0, 0, 0, 9, 0
66230, 1, 0, 0, 0, 1, 0
66231, 1, 0, 0, 0, 1, 0
66232, 4, 0, 0, 0, 4, 0
66233, 2, 0, 0, 0, 1, 1
66234, 3, 0, 0, 0, 3, 0
66235, 0, 1, 1, 0, 0, 0
66236, 5, 0, 0, 0, 4, 1
66237, 1, 0, 0, 0, 1, 0
66238, 8, 0, 0, 0, 7, 1
66240, 1, 0, 0, 0, 1, 0
66241, 13, 0, 0, 0, 11, 2
66242, 1, 0, 0, 0, 1, 0
66243, 3, 0, 0, 0, 3, 0
66244, 0, 1, 1, 0, 0, 0
66245, 3, 0, 0, 0, 3, 0
66246, 5, 0, 0, 0, 5, 0
66247, 0, 1, 1, 0, 0, 0
66248, 2, 0, 0, 0, 2, 0
66249, 1, 0, 0, 0, 1, 0
66250, 1, 0, 0, 0, 1, 0
66251, 2, 0, 0, 0, 1, 1
66252, 0, 1, 0, 1, 0, 0
66253, 1, 0, 0, 0, 1, 0
66254, 1, 0, 0, 0, 1, 0
66255, 5, 0, 0, 0, 5, 0
66256, 0, 1, 1, 0, 0, 0
66257, 1, 0, 0, 0, 1, 0
66259, 4, 0, 0, 0, 4, 0
66260, 3, 0, 0, 0, 3, 0
66261, 0, 1, 1, 0, 0, 0
66262, 1, 0, 0, 0, 1, 0
66263, 1, 0, 0, 0, 1, 0
66264, 2, 0, 0, 0, 2, 0
66265, 5, 0, 0, 0, 5, 0
66266, 2, 0, 0, 0, 2, 0
66268, 4, 0, 0, 0, 4, 0
66269, 1, 0, 0, 0, 1, 0
66270, 3, 0, 0, 0, 3, 0
66271, 2, 0, 0, 0, 2, 0
66272, 5, 0, 0, 0, 5, 0
66273, 1, 0, 0, 0, 1, 0
66274, 7, 0, 0, 0, 7, 0
66275, 3, 0, 0, 0, 3, 0
66276, 0, 1, 1, 0, 0, 0
66277, 0, 1, 1, 0, 0, 0
66280, 8, 0, 0, 0, 7, 1
66282, 2, 0, 0, 0, 1, 1
66283, 4, 0, 0, 0, 4, 0
66284, 1, 0, 0, 0, 1, 0
66286, 6, 0, 0, 0, 1, 5
66287, 2, 0, 0, 0, 2, 0
66288, 1, 0, 0, 0, 1, 0
80151, 0, 2, 2, 0, 0, 0
80152, 3, 2, 2, 0, 3, 0
66294, 2, 0, 0, 0, 2, 0
66295, 2, 0, 0, 0, 2, 0
66298, 1, 0, 0, 0, 1, 0
66299, 2, 0, 0, 0, 2, 0
66300, 14, 0, 0, 0, 9, 5
66301, 2, 0, 0, 0, 2, 0
66306, 7, 0, 0, 0, 5, 2
66307, 0, 1, 1, 0, 0, 0
66308, 1, 0, 0, 0, 1, 0
66310, 3, 0, 0, 0, 3, 0
66311, 3, 0, 0, 0, 3, 0
66312, 1, 0, 0, 0, 1, 0
66313, 1, 0, 0, 0, 1, 0
66314, 12, 0, 0, 0, 11, 1
66315, 0, 1, 1, 0, 0, 0
66316, 1, 0, 0, 0, 1, 0
66317, 1, 0, 0, 0, 1, 0
66319, 3, 0, 0, 0, 3, 0
66320, 7, 1, 1, 0, 6, 1
66322, 0, 1, 1, 0, 0, 0
66324, 1, 1, 1, 0, 1, 0
66325, 1, 0, 0, 0, 1, 0
66326, 2, 1, 1, 0, 2, 0
66327, 2, 1, 1, 0, 2, 0
80156, 0, 1, 1, 0, 0, 0
66328, 4, 0, 0, 0, 4, 0
66329, 0, 1, 1, 0, 0, 0
66336, 2, 0, 0, 0, 2, 0
66337, 1, 2, 2, 0, 1, 0
80157, 1, 1, 1, 0, 1, 0
66338, 5, 1, 1, 0, 1, 4
66339, 2, 0, 0, 0, 2, 0
66340, 1, 0, 0, 0, 1, 0
66342, 1, 0, 0, 0, 1, 0
66343, 4, 2, 2, 0, 4, 0
66344, 1, 1, 1, 0, 1, 0
66345, 1, 1, 1, 0, 1, 0
66346, 0, 1, 1, 0, 0, 0
66347, 1, 0, 0, 0, 1, 0
66350, 1, 0, 0, 0, 1, 0
66351, 1, 0, 0, 0, 1, 0
66352, 1, 0, 0, 0, 1, 0
66353, 1, 0, 0, 0, 1, 0
66354, 3, 0, 0, 0, 3, 0
66355, 1, 0, 0, 0, 1, 0
66356, 2, 0, 0, 0, 2, 0
66357, 1, 0, 0, 0, 1, 0
66358, 3, 1, 1, 0, 3, 0
66359, 1, 1, 1, 0, 1, 0
66361, 1, 0, 0, 0, 1, 0
66362, 5, 0, 0, 0, 3, 2
66363, 0, 1, 1, 0, 0, 0
66364, 2, 0, 0, 0, 2, 0
66365, 1, 0, 0, 0, 1, 0
66366, 7, 0, 0, 0, 7, 0
66367, 2, 0, 0, 0, 2, 0
66368, 5, 0, 0, 0, 5, 0
66369, 0, 1, 1, 0, 0, 0
66370, 0, 1, 1, 0, 0, 0
66371, 3, 0, 0, 0, 3, 0
66372, 1, 0, 0, 0, 1, 0
66373, 2, 0, 0, 0, 1, 1
66374, 3, 1, 1, 0, 3, 0
66375, 1, 1, 1, 0, 1, 0
66376, 1, 0, 0, 0, 1, 0
66378, 5, 0, 0, 0, 3, 2
66379, 1, 0, 0, 0, 1, 0
66380, 1, 0, 0, 0, 1, 0
66381, 1, 0, 0, 0, 1, 0
66383, 1, 0, 0, 0, 1, 0
66384, 2, 0, 0, 0, 1, 1
66385, 1, 0, 0, 0, 1, 0
66386, 1, 0, 0, 0, 1, 0
66389, 1, 0, 0, 0, 1, 0
66390, 2, 0, 0, 0, 2, 0
66391, 0, 1, 1, 0, 0, 0
66392, 1, 0, 0, 0, 1, 0
66393, 1, 0, 0, 0, 1, 0
66395, 1, 0, 0, 0, 1, 0
66396, 1, 0, 0, 0, 1, 0
66397, 1, 0, 0, 0, 1, 0
66398, 1, 0, 0, 0, 1, 0
66400, 1, 0, 0, 0, 1, 0
66401, 4, 0, 0, 0, 4, 0
66402, 1, 0, 0, 0, 1, 0
66403, 4, 2, 2, 0, 4, 0
66404, 1, 1, 1, 0, 1, 0
66405, 1, 1, 1, 0, 1, 0
66406, 1, 0, 0, 0, 1, 0
66407, 1, 0, 0, 0, 1, 0
66408, 6, 0, 0, 0, 5, 1
66409, 0, 1, 1, 0, 0, 0
66411, 2, 0, 0, 0, 2, 0
66412, 1, 0, 0, 0, 1, 0
66413, 1, 0, 0, 0, 1, 0
66414, 1, 0, 0, 0, 1, 0
66416, 1, 0, 0, 0, 1, 0
66417, 1, 0, 0, 0, 1, 0
66418, 1, 0, 0, 0, 1, 0
66422, 4, 0, 0, 0, 4, 0
66423, 0, 1, 1, 0, 0, 0
66424, 0, 1, 1, 0, 0, 0
66426, 2, 0, 0, 0, 2, 0
66427, 1, 0, 0, 0, 1, 0
66428, 3, 0, 0, 0, 2, 1
66429, 0, 1, 1, 0, 0, 0
66431, 3, 0, 0, 0, 3, 0
66434, 5, 1, 1, 0, 3, 2
66435, 3, 0, 0, 0, 2, 1
66436, 0, 1, 0, 1, 0, 0
66437, 5, 0, 0, 0, 5, 0
66439, 1, 0, 0, 0, 1, 0
66440, 10, 0, 0, 0, 10, 0
66442, 1, 0, 0, 0, 1, 0
66443, 4, 0, 0, 0, 4, 0
66444, 0, 1, 1, 0, 0, 0
66445, 1, 0, 0, 0, 1, 0
66448, 5, 2, 2, 0, 5, 0
66449, 0, 1, 1, 0, 0, 0
66450, 1, 1, 1, 0, 1, 0
66451, 1, 1, 1, 0, 1, 0
66452, 0, 1, 1, 0, 0, 0
66453, 1, 0, 0, 0, 1, 0
66455, 2, 1, 1, 0, 2, 0
66456, 1, 1, 1, 0, 1, 0
66457, 4, 1, 1, 0, 4, 0
79428, 1, 1, 1, 0, 1, 0
66461, 1, 0, 0, 0, 1, 0
66462, 2, 0, 0, 0, 2, 0
66464, 1, 0, 0, 0, 1, 0
66465, 1, 0, 0, 0, 1, 0
66466, 1, 0, 0, 0, 1, 0
66470, 1, 0, 0, 0, 1, 0
66472, 4, 0, 0, 0, 3, 1
66474, 3, 0, 0, 0, 2, 1
66475, 1, 0, 0, 0, 1, 0
66476, 1, 0, 0, 0, 1, 0
66477, 6, 0, 0, 0, 6, 0
66478, 4, 0, 0, 0, 4, 0
66479, 1, 1, 1, 0, 1, 0
66480, 3, 0, 0, 0, 3, 0
66481, 1, 0, 0, 0, 1, 0
66483, 1, 0, 0, 0, 1, 0
66484, 1, 0, 0, 0, 1, 0
66485, 3, 0, 0, 0, 2, 1
66486, 4, 1, 1, 0, 1, 3
66487, 3, 0, 0, 0, 3, 0
66489, 2, 0, 0, 0, 2, 0
80162, 0, 1, 1, 0, 0, 0
66491, 2, 0, 0, 0, 2, 0
66492, 0, 1, 1, 0, 0, 0
66493, 6, 0, 0, 0, 4, 2
66494, 0, 1, 1, 0, 0, 0
66495, 17, 0, 0, 0, 12, 5
66496, 0, 1, 1, 0, 0, 0
66497, 0, 1, 0, 1, 0, 0
66498, 0, 1, 0, 1, 0, 0
66499, 6, 0, 0, 0, 4, 2
66500, 1, 0, 0, 0, 1, 0
67582, 0, 1, 0, 1, 0, 0
66509, 5, 1, 1, 0, 3, 2
66510, 2, 1, 1, 0, 2, 0
66511, 1, 0, 0, 0, 1, 0
66512, 2, 0, 0, 0, 2, 0
66513, 5, 1, 1, 0, 5, 0
66514, 1, 1, 1, 0, 1, 0
66515, 1, 0, 0, 0, 1, 0
66516, 2, 0, 0, 0, 2, 0
66517, 2, 0, 0, 0, 1, 1
66518, 8, 0, 0, 0, 7, 1
66519, 0, 1, 1, 0, 0, 0
66520, 0, 1, 1, 0, 0, 0
66521, 1, 0, 0, 0, 1, 0
66522, 1, 0, 0, 0, 1, 0
66523, 4, 0, 0, 0, 3, 1
66524, 1, 0, 0, 0, 1, 0
69707, 0, 1, 1, 0, 0, 0
69708, 1, 1, 1, 0, 1, 0
66530, 3, 0, 0, 0, 3, 0
66531, 4, 0, 0, 0, 4, 0
66532, 1, 0, 0, 0, 1, 0
66533, 1, 0, 0, 0, 1, 0
66540, 1, 0, 0, 0, 1, 0
66541, 1, 0, 0, 0, 1, 0
66542, 4, 0, 0, 0, 4, 0
66543, 1, 0, 0, 0, 1, 0
66547, 13, 0, 0, 0, 10, 3
66553, 1, 0, 0, 0, 1, 0
66555, 1, 0, 0, 0, 1, 0
66558, 1, 0, 0, 0, 1, 0
66559, 1, 0, 0, 0, 1, 0
66560, 1, 0, 0, 0, 1, 0
66561, 3, 0, 0, 0, 3, 0
66562, 2, 0, 0, 0, 2, 0
66563, 7, 0, 0, 0, 2, 5
66564, 0, 1, 0, 1, 0, 0
66565, 5, 0, 0, 0, 5, 0
66567, 6, 0, 0, 0, 5, 1
66568, 1, 0, 0, 0, 1, 0
66569, 1, 0, 0, 0, 1, 0
66570, 1, 0, 0, 0, 1, 0
66571, 5, 0, 0, 0, 5, 0
66572, 0, 1, 1, 0, 0, 0
66573, 4, 0, 0, 0, 4, 0
66574, 1, 0, 0, 0, 1, 0
66575, 1, 0, 0, 0, 1, 0
66583, 9, 0, 0, 0, 8, 1
66584, 1, 0, 0, 0, 1, 0
66585, 1, 0, 0, 0, 1, 0
66586, 1, 0, 0, 0, 1, 0
66587, 1, 0, 0, 0, 1, 0
66590, 2, 0, 0, 0, 2, 0
66591, 3, 0, 0, 0, 3, 0
66592, 0, 1, 1, 0, 0, 0
66593, 1, 1, 1, 0, 1, 0
66595, 2, 0, 0, 0, 2, 0
66596, 1, 0, 0, 0, 1, 0
66597, 2, 0, 0, 0, 2, 0
66598, 1, 1, 1, 0, 1, 0
66599, 1, 0, 0, 0, 1, 0
66600, 1, 0, 0, 0, 1, 0
66603, 8, 0, 0, 0, 8, 0
66604, 3, 0, 0, 0, 2, 1
66605, 1, 0, 0, 0, 1, 0
66606, 2, 0, 0, 0, 1, 1
66607, 2, 0, 0, 0, 2, 0
66612, 2, 0, 0, 0, 2, 0
66613, 4, 0, 0, 0, 4, 0
66614, 0, 1, 1, 0, 0, 0
66615, 1, 0, 0, 0, 1, 0
66616, 3, 0, 0, 0, 3, 0
66617, 1, 0, 0, 0, 1, 0
66618, 2, 0, 0, 0, 2, 0
66619, 0, 1, 1, 0, 0, 0
66620, 1, 0, 0, 0, 1, 0
66621, 9, 0, 0, 0, 6, 3
66622, 0, 2, 2, 0, 0, 0
66623, 2, 0, 0, 0, 2, 0
66625, 2, 0, 0, 0, 2, 0
66626, 0, 1, 1, 0, 0, 0
66627, 1, 0, 0, 0, 1, 0
66628, 1, 0, 0, 0, 1, 0
66631, 1, 0, 0, 0, 1, 0
66632, 1, 0, 0, 0, 1, 0
66633, 1, 0, 0, 0, 1, 0
66640, 1, 0, 0, 0, 1, 0
66641, 2, 0, 0, 0, 2, 0
66642, 1, 0, 0, 0, 1, 0
66643, 2, 0, 0, 0, 2, 0
66645, 3, 0, 0, 0, 3, 0
80168, 0, 1, 1, 0, 0, 0
66648, 2, 0, 0, 0, 2, 0
66649, 0, 1, 1, 0, 0, 0
66656, 2, 0, 0, 0, 2, 0
66657, 4, 1, 1, 0, 4, 0
66658, 0, 1, 1, 0, 0, 0
66659, 0, 1, 1, 0, 0, 0
66660, 1, 1, 1, 0, 1, 0
66661, 2, 0, 0, 0, 2, 0
66662, 0, 1, 1, 0, 0, 0
66663, 1, 0, 0, 0, 1, 0
66664, 3, 0, 0, 0, 3, 0
66665, 0, 1, 1, 0, 0, 0
66667, 5, 0, 0, 0, 5, 0
66668, 1, 0, 0, 0, 1, 0
66669, 1, 0, 0, 0, 1, 0
66678, 0, 1, 1, 0, 0, 0
66679, 0, 1, 1, 0, 0, 0
66680, 2, 0, 0, 0, 2, 0
66681, 4, 0, 0, 0, 4, 0
66682, 0, 2, 2, 0, 0, 0
66683, 4, 0, 0, 0, 2, 2
66684, 1, 0, 0, 0, 1, 0
66685, 1, 0, 0, 0, 1, 0
66686, 10, 0, 0, 0, 10, 0
66687, 1, 0, 0, 0, 1, 0
66695, 1, 0, 0, 0, 1, 0
66696, 1, 0, 0, 0, 1, 0
66697, 3, 0, 0, 0, 3, 0
66698, 0, 1, 1, 0, 0, 0
66699, 8, 0, 0, 0, 3, 5
66700, 0, 1, 1, 0, 0, 0
66701, 4, 0, 0, 0, 4, 0
66703, 4, 0, 0, 0, 4, 0
66704, 0, 2, 2, 0, 0, 0
66705, 1, 0, 0, 0, 1, 0
66707, 1, 0, 0, 0, 1, 0
66708, 1, 0, 0, 0, 1, 0
66709, 1, 0, 0, 0, 1, 0
66710, 17, 0, 0, 0, 17, 0
66711, 0, 1, 1, 0, 0, 0
66712, 0, 1, 1, 0, 0, 0
66713, 0, 1, 1, 0, 0, 0
66714, 1, 0, 0, 0, 1, 0
66715, 1, 0, 0, 0, 1, 0
66716, 1, 0, 0, 0, 1, 0
66718, 10, 0, 0, 0, 8, 2
66719, 11, 0, 0, 0, 11, 0
66720, 9, 0, 0, 0, 9, 0
66721, 2, 0, 0, 0, 2, 0
66725, 2, 0, 0, 0, 2, 0
66726, 2, 0, 0, 0, 2, 0
66727, 2, 0, 0, 0, 2, 0
66728, 2, 0, 0, 0, 2, 0
66729, 4, 0, 0, 0, 4, 0
66730, 24, 1, 1, 0, 4, 20
66731, 1, 2, 2, 0, 1, 0
80170, 1, 1, 1, 0, 1, 0
66732, 2, 0, 0, 0, 2, 0
66734, 18, 0, 0, 0, 16, 2
66735, 0, 1, 1, 0, 0, 0
66736, 24, 0, 0, 0, 24, 0
66737, 2, 0, 0, 0, 2, 0
66738, 8, 1, 1, 0, 8, 0
66739, 0, 1, 1, 0, 0, 0
66740, 1, 1, 1, 0, 1, 0
66741, 1, 0, 0, 0, 1, 0
66742, 9, 0, 0, 0, 9, 0
66743, 0, 1, 1, 0, 0, 0
66744, 0, 1, 1, 0, 0, 0
66745, 1, 0, 0, 0, 1, 0
66746, 1, 0, 0, 0, 1, 0
66747, 1, 0, 0, 0, 1, 0
66748, 1, 0, 0, 0, 1, 0
66749, 1, 0, 0, 0, 1, 0
66750, 1, 0, 0, 0, 1, 0
66751, 3, 0, 0, 0, 3, 0
66752, 2, 0, 0, 0, 2, 0
66753, 0, 1, 1, 0, 0, 0
66754, 1, 0, 0, 0, 1, 0
66755, 1, 0, 0, 0, 1, 0
66756, 1, 0, 0, 0, 1, 0
66757, 1, 0, 0, 0, 1, 0
66758, 1, 0, 0, 0, 1, 0
66759, 1, 0, 0, 0, 1, 0
66760, 2, 0, 0, 0, 2, 0
66761, 5, 0, 0, 0, 5, 0
66762, 0, 1, 1, 0, 0, 0
66764, 1, 0, 0, 0, 1, 0
66765, 1, 0, 0, 0, 1, 0
66766, 1, 0, 0, 0, 1, 0
66767, 1, 0, 0, 0, 1, 0
66771, 8, 0, 0, 0, 8, 0
66772, 0, 1, 1, 0, 0, 0
66773, 1, 0, 0, 0, 1, 0
66774, 1, 0, 0, 0, 1, 0
66775, 8, 0, 0, 0, 8, 0
66780, 1, 0, 0, 0, 1, 0
66781, 1, 0, 0, 0, 1, 0
66782, 5, 0, 0, 0, 5, 0
66783, 1, 0, 0, 0, 1, 0
66786, 23, 0, 0, 0, 20, 3
66787, 0, 1, 1, 0, 0, 0
66788, 0, 1, 1, 0, 0, 0
66789, 0, 1, 1, 0, 0, 0
66790, 15, 0, 0, 0, 15, 0
66791, 0, 1, 1, 0, 0, 0
66792, 2, 1, 1, 0, 2, 0
66793, 1, 0, 0, 0, 1, 0
66794, 1, 0, 0, 0, 1, 0
66795, 3, 0, 0, 0, 2, 1
66796, 3, 0, 0, 0, 3, 0
66797, 3, 0, 0, 0, 3, 0
66798, 1, 0, 0, 0, 1, 0
66804, 2, 0, 0, 0, 2, 0
80173, 0, 2, 2, 0, 0, 0
66813, 1, 0, 0, 0, 1, 0
66814, 1, 0, 0, 0, 1, 0
66821, 3, 0, 0, 0, 3, 0
66823, 2, 0, 0, 0, 2, 0
66824, 1, 0, 0, 0, 1, 0
66825, 5, 0, 0, 0, 5, 0
66826, 5, 0, 0, 0, 5, 0
80175, 0, 1, 1, 0, 0, 0
80176, 0, 1, 1, 0, 0, 0
66835, 1, 0, 0, 0, 1, 0
66841, 5, 0, 0, 0, 4, 1
66842, 25, 0, 0, 0, 18, 7
66843, 2, 1, 1, 0, 2, 0
75823, 0, 1, 1, 0, 0, 0
66845, 6, 0, 0, 0, 6, 0
66846, 0, 1, 1, 0, 0, 0
66847, 16, 0, 0, 0, 3, 13
66848, 1, 0, 0, 0, 1, 0
66849, 12, 0, 0, 0, 10, 2
66850, 0, 1, 1, 0, 0, 0
66856, 4, 0, 0, 0, 4, 0
66857, 0, 1, 1, 0, 0, 0
66858, 0, 1, 1, 0, 0, 0
66860, 4, 0, 0, 0, 3, 1
66861, 0, 1, 0, 1, 0, 0
66862, 1, 0, 0, 0, 1, 0
66864, 9, 0, 0, 0, 9, 0
66865, 4, 1, 1, 0, 4, 0
66866, 3, 2, 1, 1, 3, 0
66867, 1, 0, 0, 0, 1, 0
66876, 4, 0, 0, 0, 4, 0
66877, 2, 0, 0, 0, 2, 0
66879, 9, 0, 0, 0, 6, 3
66880, 0, 1, 1, 0, 0, 0
79182, 1, 2, 2, 0, 1, 0
66884, 2, 0, 0, 0, 2, 0
66885, 2, 0, 0, 0, 2, 0
71879, 1, 2, 2, 0, 1, 0
79041, 0, 1, 1, 0, 0, 0
66900, 2, 0, 0, 0, 2, 0
66901, 1, 0, 0, 0, 1, 0
75140, 0, 1, 1, 0, 0, 0
66925, 1, 0, 0, 0, 1, 0
66926, 12, 0, 0, 0, 11, 1
80195, 0, 1, 1, 0, 0, 0
80196, 0, 1, 1, 0, 0, 0
75949, 0, 1, 1, 0, 0, 0
80206, 0, 2, 2, 0, 0, 0
66949, 1, 0, 0, 0, 1, 0
66951, 2, 0, 0, 0, 2, 0
66952, 0, 1, 1, 0, 0, 0
66953, 2, 0, 0, 0, 2, 0
66954, 5, 2, 2, 0, 5, 0
66955, 1, 1, 1, 0, 1, 0
66956, 1, 1, 1, 0, 1, 0
66957, 1, 0, 0, 0, 1, 0
80208, 0, 1, 1, 0, 0, 0
66962, 1, 0, 0, 0, 1, 0
66963, 1, 0, 0, 0, 1, 0
66969, 2, 0, 0, 0, 2, 0
66970, 1, 0, 0, 0, 1, 0
66973, 1, 0, 0, 0, 1, 0
66974, 14, 0, 0, 0, 11, 3
66975, 0, 1, 1, 0, 0, 0
66976, 0, 2, 2, 0, 0, 0
66977, 31, 1, 1, 0, 29, 2
69003, 0, 1, 1, 0, 0, 0
69004, 3, 1, 1, 0, 1, 2
69005, 0, 1, 1, 0, 0, 0
66978, 4, 0, 0, 0, 4, 0
66979, 4, 0, 0, 0, 4, 0
66982, 1, 0, 0, 0, 1, 0
66983, 1, 0, 0, 0, 1, 0
66984, 1, 0, 0, 0, 1, 0
66985, 1, 0, 0, 0, 1, 0
71542, 0, 1, 1, 0, 0, 0
71543, 0, 1, 1, 0, 0, 0
71544, 0, 2, 2, 0, 0, 0
80212, 0, 1, 1, 0, 0, 0
80213, 1, 1, 1, 0, 1, 0
66992, 23, 0, 0, 0, 23, 0
66993, 6, 0, 0, 0, 6, 0
66994, 0, 1, 1, 0, 0, 0
66996, 2, 0, 0, 0, 2, 0
66997, 2, 0, 0, 0, 2, 0
66998, 6, 0, 0, 0, 5, 1
67002, 2, 0, 0, 0, 2, 0
67004, 4, 0, 0, 0, 4, 0
67007, 10, 0, 0, 0, 8, 2
67008, 42, 0, 0, 0, 18, 24
67009, 0, 1, 1, 0, 0, 0
67010, 0, 1, 0, 1, 0, 0
67011, 0, 1, 0, 1, 0, 0
67012, 50, 0, 0, 0, 50, 0
67013, 0, 1, 1, 0, 0, 0
67014, 0, 1, 1, 0, 0, 0
67015, 0, 1, 1, 0, 0, 0
78642, 0, 1, 1, 0, 0, 0
67018, 14, 0, 0, 0, 14, 0
67019, 0, 1, 1, 0, 0, 0
67020, 8, 0, 0, 0, 5, 3
75740, 5, 1, 1, 0, 5, 0
75741, 0, 1, 1, 0, 0, 0
67024, 5, 0, 0, 0, 5, 0
67025, 2, 0, 0, 0, 2, 0
67026, 0, 1, 1, 0, 0, 0
67029, 33, 0, 0, 0, 25, 8
67030, 0, 1, 0, 1, 0, 0
67032, 9, 0, 0, 0, 8, 1
67034, 2, 0, 0, 0, 2, 0
67035, 25, 0, 0, 0, 8, 17
67036, 0, 1, 1, 0, 0, 0
67037, 0, 1, 0, 1, 0, 0
80217, 1, 1, 1, 0, 1, 0
67041, 1, 0, 0, 0, 1, 0
67042, 4, 0, 0, 0, 4, 0
67044, 1, 0, 0, 0, 1, 0
67045, 6, 0, 0, 0, 6, 0
67047, 0, 1, 1, 0, 0, 0
67048, 0, 1, 1, 0, 0, 0
80218, 0, 1, 1, 0, 0, 0
67057, 6, 0, 0, 0, 6, 0
67058, 0, 1, 1, 0, 0, 0
80219, 1, 1, 1, 0, 1, 0
67065, 2, 0, 0, 0, 1, 1
67067, 0, 1, 1, 0, 0, 0
67068, 2, 0, 0, 0, 2, 0
67069, 1, 0, 0, 0, 1, 0
67070, 1, 0, 0, 0, 1, 0
67071, 25, 0, 0, 0, 20, 5
67072, 0, 1, 1, 0, 0, 0
67074, 31, 0, 0, 0, 13, 18
67075, 0, 1, 1, 0, 0, 0
67076, 0, 1, 1, 0, 0, 0
67078, 2, 0, 0, 0, 2, 0
67080, 7, 0, 0, 0, 7, 0
67083, 2, 0, 0, 0, 2, 0
67084, 1, 0, 0, 0, 1, 0
67085, 9, 0, 0, 0, 9, 0
67086, 19, 0, 0, 0, 8, 11
67087, 0, 1, 1, 0, 0, 0
67088, 9, 0, 0, 0, 9, 0
67089, 2, 0, 0, 0, 2, 0
80222, 0, 1, 1, 0, 0, 0
80223, 0, 1, 1, 0, 0, 0
79459, 0, 1, 1, 0, 0, 0
67098, 1, 0, 0, 0, 1, 0
67100, 1, 0, 0, 0, 1, 0
67102, 3, 0, 0, 0, 3, 0
80224, 1, 1, 1, 0, 1, 0
67108, 1, 0, 0, 0, 1, 0
67109, 1, 0, 0, 0, 1, 0
67110, 1, 0, 0, 0, 1, 0
67115, 8, 0, 0, 0, 2, 6
70672, 0, 1, 0, 1, 0, 0
67132, 2, 0, 0, 0, 2, 0
80235, 0, 1, 0, 1, 0, 0
80236, 0, 1, 0, 1, 0, 0
80237, 0, 1, 0, 1, 0, 0
67142, 4, 0, 0, 0, 3, 1
67143, 23, 0, 0, 0, 15, 8
67144, 0, 1, 1, 0, 0, 0
67145, 4, 0, 0, 0, 4, 0
67146, 9, 0, 0, 0, 8, 1
67147, 0, 1, 1, 0, 0, 0
67148, 16, 0, 0, 0, 15, 1
67149, 5, 0, 0, 0, 5, 0
67150, 2, 0, 0, 0, 1, 1
67151, 0, 1, 0, 1, 0, 0
67152, 2, 0, 0, 0, 2, 0
67154, 1, 1, 1, 0, 1, 0
80238, 0, 1, 1, 0, 0, 0
67165, 2, 0, 0, 0, 2, 0
80239, 1, 1, 1, 0, 1, 0
67177, 4, 0, 0, 0, 4, 0
67178, 1, 0, 0, 0, 1, 0
67181, 0, 1, 0, 1, 0, 0
67182, 2, 0, 0, 0, 1, 1
67183, 1, 0, 0, 0, 1, 0
67184, 2, 0, 0, 0, 1, 1
67185, 2, 0, 0, 0, 2, 0
67187, 5, 0, 0, 0, 4, 1
67189, 4, 1, 1, 0, 4, 0
67190, 0, 1, 1, 0, 0, 0
67191, 0, 1, 1, 0, 0, 0
74035, 0, 1, 1, 0, 0, 0
67192, 2, 0, 0, 0, 2, 0
67194, 4, 0, 0, 0, 4, 0
67197, 1, 0, 0, 0, 1, 0
67199, 1, 0, 0, 0, 1, 0
67200, 2, 3, 3, 0, 2, 0
67211, 2, 0, 0, 0, 1, 1
80259, 2, 1, 1, 0, 2, 0
67235, 1, 0, 0, 0, 1, 0
67236, 1, 0, 0, 0, 1, 0
67237, 2, 0, 0, 0, 2, 0
67238, 1, 0, 0, 0, 1, 0
80267, 0, 1, 1, 0, 0, 0
70925, 0, 1, 1, 0, 0, 0
67247, 1, 0, 0, 0, 1, 0
67249, 1, 0, 0, 0, 1, 0
67253, 2, 0, 0, 0, 2, 0
67488, 0, 3, 3, 0, 0, 0
67257, 1, 0, 0, 0, 1, 0
67270, 0, 1, 1, 0, 0, 0
80284, 0, 1, 1, 0, 0, 0
67284, 5, 0, 0, 0, 5, 0
67285, 4, 0, 0, 0, 4, 0
67297, 7, 0, 0, 0, 3, 4
67298, 2, 0, 0, 0, 2, 0
67299, 2, 0, 0, 0, 2, 0
67300, 5, 0, 0, 0, 5, 0
67301, 18, 0, 0, 0, 14, 4
67302, 0, 1, 1, 0, 0, 0
67304, 6, 0, 0, 0, 5, 1
67305, 9, 0, 0, 0, 7, 2
67318, 7, 0, 0, 0, 7, 0
67319, 52, 0, 0, 0, 28, 24
67320, 1, 1, 1, 0, 0, 1
67324, 3, 0, 0, 0, 3, 0
67330, 1, 0, 0, 0, 1, 0
67339, 2, 0, 0, 0, 1, 1
67340, 2, 1, 0, 1, 0, 2
67341, 4, 0, 0, 0, 4, 0
67342, 0, 1, 1, 0, 0, 0
67343, 1, 0, 0, 0, 1, 0
67348, 1, 0, 0, 0, 1, 0
67349, 1, 0, 0, 0, 1, 0
67364, 22, 0, 0, 0, 19, 3
67365, 0, 1, 1, 0, 0, 0
67366, 0, 1, 1, 0, 0, 0
67367, 3, 0, 0, 0, 3, 0
67368, 5, 0, 0, 0, 5, 0
67371, 2, 0, 0, 0, 2, 0
67372, 3, 0, 0, 0, 3, 0
67382, 5, 0, 0, 0, 1, 4
67383, 0, 1, 0, 1, 0, 0
80301, 0, 1, 1, 0, 0, 0
80302, 1, 1, 1, 0, 1, 0
67390, 4, 0, 0, 0, 3, 1
67391, 13, 0, 0, 0, 10, 3
67398, 1, 0, 0, 0, 1, 0
80305, 0, 1, 1, 0, 0, 0
69042, 0, 1, 1, 0, 0, 0
80306, 0, 1, 1, 0, 0, 0
67407, 3, 0, 0, 0, 1, 2
67408, 0, 2, 1, 1, 0, 0
71980, 1, 1, 1, 0, 1, 0
67411, 1, 0, 0, 0, 1, 0
67412, 2, 0, 0, 0, 2, 0
67413, 4, 0, 0, 0, 3, 1
67414, 3, 0, 0, 0, 3, 0
80314, 0, 1, 1, 0, 0, 0
67444, 1, 0, 0, 0, 1, 0
80319, 0, 1, 1, 0, 0, 0
67448, 5, 0, 0, 0, 4, 1
67449, 0, 1, 1, 0, 0, 0
67455, 7, 0, 0, 0, 7, 0
67456, 0, 1, 1, 0, 0, 0
67457, 5, 0, 0, 0, 5, 0
67459, 6, 0, 0, 0, 6, 0
67460, 2, 0, 0, 0, 2, 0
80321, 0, 1, 0, 1, 0, 0
67462, 3, 0, 0, 0, 3, 0
67465, 13, 0, 0, 0, 13, 0
67466, 0, 1, 1, 0, 0, 0
67470, 2, 0, 0, 0, 2, 0
67471, 3, 0, 0, 0, 3, 0
78202, 1, 1, 1, 0, 1, 0
78203, 0, 2, 2, 0, 0, 0
67487, 12, 0, 0, 0, 12, 0
67489, 0, 1, 1, 0, 0, 0
67490, 0, 1, 1, 0, 0, 0
67491, 0, 1, 1, 0, 0, 0
67495, 24, 0, 0, 0, 23, 1
67497, 1, 1, 1, 0, 0, 1
67498, 22, 0, 0, 0, 7, 15
67499, 1, 1, 0, 1, 1, 0
67500, 2, 1, 0, 1, 2, 0
67501, 0, 1, 0, 1, 0, 0
67502, 0, 1, 0, 1, 0, 0
67503, 15, 0, 0, 0, 15, 0
67505, 1, 1, 1, 0, 0, 1
67506, 0, 1, 1, 0, 0, 0
67507, 5, 0, 0, 0, 5, 0
67508, 0, 1, 1, 0, 0, 0
67509, 7, 0, 0, 0, 6, 1
67512, 2, 0, 0, 0, 2, 0
67513, 15, 0, 0, 0, 15, 0
67514, 1, 1, 1, 0, 1, 0
67515, 0, 2, 2, 0, 0, 0
67516, 0, 1, 1, 0, 0, 0
67517, 0, 1, 1, 0, 0, 0
67520, 2, 0, 0, 0, 1, 1
70238, 0, 1, 1, 0, 0, 0
70239, 0, 1, 1, 0, 0, 0
70240, 0, 1, 1, 0, 0, 0
70241, 0, 1, 1, 0, 0, 0
70242, 0, 1, 1, 0, 0, 0
67533, 4, 0, 0, 0, 4, 0
80334, 0, 1, 1, 0, 0, 0
80335, 2, 2, 2, 0, 2, 0
67543, 2, 0, 0, 0, 2, 0
67544, 1, 0, 0, 0, 1, 0
67547, 2, 0, 0, 0, 2, 0
67550, 5, 0, 0, 0, 5, 0
67551, 1, 0, 0, 0, 1, 0
67561, 7, 0, 0, 0, 7, 0
67562, 0, 1, 1, 0, 0, 0
67567, 1, 0, 0, 0, 1, 0
67572, 19, 0, 0, 0, 17, 2
67574, 0, 1, 1, 0, 0, 0
67580, 6, 0, 0, 0, 6, 0
67581, 3, 0, 0, 0, 2, 1
67583, 3, 0, 0, 0, 1, 2
67589, 2, 0, 0, 0, 2, 0
67591, 9, 0, 0, 0, 9, 0
67597, 2, 0, 0, 0, 2, 0
67598, 3, 0, 0, 0, 2, 1
67599, 6, 0, 0, 0, 6, 0
67600, 6, 1, 1, 0, 3, 3
67601, 2, 0, 0, 0, 2, 0
67602, 6, 0, 0, 0, 6, 0
67603, 6, 0, 0, 0, 5, 1
67604, 4, 0, 0, 0, 2, 2
67608, 1, 0, 0, 0, 1, 0
67617, 1, 0, 0, 0, 1, 0
67618, 4, 0, 0, 0, 4, 0
67619, 1, 0, 0, 0, 1, 0
67620, 4, 0, 0, 0, 1, 3
67621, 1, 0, 0, 0, 1, 0
67622, 1, 0, 0, 0, 1, 0
67623, 1, 0, 0, 0, 1, 0
67624, 1, 0, 0, 0, 1, 0
67625, 2, 1, 1, 0, 2, 0
67626, 1, 1, 1, 0, 1, 0
67627, 2, 0, 0, 0, 2, 0
67628, 2, 1, 1, 0, 0, 2
67629, 13, 0, 0, 0, 11, 2
67630, 1, 0, 0, 0, 1, 0
67631, 2, 0, 0, 0, 2, 0
67632, 7, 0, 0, 0, 7, 0
67633, 0, 1, 1, 0, 0, 0
67634, 0, 1, 1, 0, 0, 0
67635, 2, 0, 0, 0, 2, 0
67636, 1, 0, 0, 0, 1, 0
67637, 3, 0, 0, 0, 2, 1
67638, 0, 1, 1, 0, 0, 0
67639, 0, 1, 0, 1, 0, 0
67640, 1, 0, 0, 0, 1, 0
67641, 1, 0, 0, 0, 1, 0
67642, 2, 0, 0, 0, 2, 0
67646, 1, 0, 0, 0, 1, 0
67648, 1, 0, 0, 0, 1, 0
67649, 2, 0, 0, 0, 2, 0
67651, 1, 0, 0, 0, 1, 0
67652, 1, 0, 0, 0, 1, 0
67653, 3, 0, 0, 0, 2, 1
67654, 1, 0, 0, 0, 1, 0
80350, 0, 1, 1, 0, 0, 0
80351, 0, 1, 1, 0, 0, 0
67657, 6, 0, 0, 0, 5, 1
67658, 0, 2, 2, 0, 0, 0
67659, 2, 0, 0, 0, 2, 0
67660, 1, 0, 0, 0, 1, 0
67661, 1, 0, 0, 0, 1, 0
67662, 1, 0, 0, 0, 1, 0
67664, 1, 0, 0, 0, 1, 0
67665, 1, 0, 0, 0, 1, 0
67666, 1, 0, 0, 0, 1, 0
67667, 3, 0, 0, 0, 2, 1
67668, 3, 0, 0, 0, 2, 1
67669, 0, 2, 2, 0, 0, 0
67670, 1, 0, 0, 0, 1, 0
67671, 5, 1, 0, 1, 5, 0
67672, 1, 1, 1, 0, 0, 1
67674, 0, 1, 1, 0, 0, 0
67675, 2, 0, 0, 0, 1, 1
67676, 1, 0, 0, 0, 1, 0
67677, 1, 0, 0, 0, 1, 0
67678, 1, 0, 0, 0, 1, 0
67679, 1, 0, 0, 0, 1, 0
67680, 2, 0, 0, 0, 2, 0
67681, 1, 0, 0, 0, 1, 0
67682, 2, 0, 0, 0, 1, 1
67683, 1, 0, 0, 0, 1, 0
67684, 3, 0, 0, 0, 2, 1
67685, 1, 0, 0, 0, 1, 0
67686, 1, 0, 0, 0, 1, 0
67687, 1, 0, 0, 0, 1, 0
67688, 1, 0, 0, 0, 1, 0
67689, 1, 0, 0, 0, 1, 0
67690, 6, 0, 0, 0, 6, 0
67691, 1, 0, 0, 0, 1, 0
67693, 2, 0, 0, 0, 2, 0
67694, 1, 0, 0, 0, 1, 0
67695, 1, 0, 0, 0, 1, 0
67696, 1, 0, 0, 0, 1, 0
67698, 1, 0, 0, 0, 1, 0
69448, 6, 1, 1, 0, 6, 0
67705, 1, 0, 0, 0, 1, 0
67706, 1, 0, 0, 0, 1, 0
67707, 6, 0, 0, 0, 4, 2
67708, 7, 0, 0, 0, 6, 1
67709, 1, 0, 0, 0, 1, 0
67710, 1, 0, 0, 0, 1, 0
67711, 1, 0, 0, 0, 1, 0
67712, 2, 0, 0, 0, 1, 1
67713, 1, 0, 0, 0, 1, 0
67714, 1, 0, 0, 0, 1, 0
67715, 1, 0, 0, 0, 1, 0
67716, 1, 0, 0, 0, 1, 0
67717, 4, 0, 0, 0, 3, 1
67718, 2, 0, 0, 0, 2, 0
67719, 2, 0, 0, 0, 2, 0
67720, 2, 0, 0, 0, 2, 0
67722, 2, 0, 0, 0, 2, 0
67723, 1, 2, 2, 0, 1, 0
67724, 1, 0, 0, 0, 1, 0
67725, 1, 0, 0, 0, 1, 0
67726, 3, 0, 0, 0, 3, 0
67728, 1, 0, 0, 0, 1, 0
67729, 7, 0, 0, 0, 7, 0
67732, 2, 0, 0, 0, 2, 0
67733, 6, 0, 0, 0, 5, 1
67734, 6, 0, 0, 0, 4, 2
67735, 8, 0, 0, 0, 8, 0
77533, 1, 1, 0, 1, 1, 0
67738, 3, 0, 0, 0, 3, 0
67739, 1, 0, 0, 0, 1, 0
67740, 3, 0, 0, 0, 3, 0
67741, 1, 0, 0, 0, 1, 0
67744, 4, 1, 1, 0, 3, 1
67745, 1, 1, 1, 0, 1, 0
67746, 3, 0, 0, 0, 3, 0
67747, 8, 0, 0, 0, 8, 0
67748, 0, 1, 1, 0, 0, 0
67749, 0, 1, 1, 0, 0, 0
67750, 1, 0, 0, 0, 1, 0
67753, 2, 0, 0, 0, 1, 1
67754, 2, 0, 0, 0, 2, 0
67755, 0, 1, 1, 0, 0, 0
67757, 17, 0, 0, 0, 17, 0
67758, 1, 0, 0, 0, 1, 0
67760, 7, 0, 0, 0, 5, 2
67762, 1, 0, 0, 0, 1, 0
67765, 3, 0, 0, 0, 3, 0
67766, 7, 0, 0, 0, 6, 1
67768, 13, 0, 0, 0, 13, 0
67769, 0, 1, 1, 0, 0, 0
67770, 1, 0, 0, 0, 1, 0
67771, 1, 0, 0, 0, 1, 0
67772, 1, 0, 0, 0, 1, 0
67773, 3, 0, 0, 0, 3, 0
67774, 0, 1, 1, 0, 0, 0
67775, 0, 1, 1, 0, 0, 0
67776, 1, 0, 0, 0, 1, 0
67777, 1, 0, 0, 0, 1, 0
67778, 2, 0, 0, 0, 2, 0
67779, 4, 0, 0, 0, 4, 0
67780, 0, 1, 1, 0, 0, 0
67781, 1, 0, 0, 0, 1, 0
67782, 3, 0, 0, 0, 3, 0
67783, 1, 0, 0, 0, 1, 0
67785, 4, 0, 0, 0, 4, 0
67786, 1, 0, 0, 0, 1, 0
67787, 1, 0, 0, 0, 1, 0
67788, 1, 0, 0, 0, 1, 0
67789, 1, 0, 0, 0, 1, 0
67795, 2, 0, 0, 0, 2, 0
67797, 7, 0, 0, 0, 7, 0
67798, 0, 1, 1, 0, 0, 0
67799, 1, 0, 0, 0, 1, 0
67805, 1, 0, 0, 0, 1, 0
67809, 2, 0, 0, 0, 2, 0
67818, 1, 0, 0, 0, 1, 0
67819, 3, 0, 0, 0, 3, 0
67820, 2, 0, 0, 0, 2, 0
67822, 3, 0, 0, 0, 2, 1
67824, 3, 0, 0, 0, 3, 0
67825, 4, 0, 0, 0, 4, 0
67826, 1, 0, 0, 0, 1, 0
67827, 1, 0, 0, 0, 1, 0
67829, 5, 0, 0, 0, 5, 0
67831, 1, 0, 0, 0, 1, 0
68398, 7, 2, 2, 0, 7, 0
67836, 2, 0, 0, 0, 2, 0
67837, 2, 0, 0, 0, 2, 0
67838, 0, 1, 1, 0, 0, 0
67839, 1, 0, 0, 0, 1, 0
67840, 1, 0, 0, 0, 1, 0
67841, 14, 0, 0, 0, 9, 5
67842, 2, 1, 0, 1, 2, 0
67843, 0, 1, 0, 1, 0, 0
67851, 5, 0, 0, 0, 3, 2
68735, 0, 1, 0, 1, 0, 0
67877, 7, 0, 0, 0, 7, 0
67878, 1, 0, 0, 0, 1, 0
67885, 2, 0, 0, 0, 2, 0
67886, 0, 1, 1, 0, 0, 0
67897, 3, 0, 0, 0, 3, 0
67898, 2, 0, 0, 0, 2, 0
67909, 7, 0, 0, 0, 7, 0
67912, 4, 0, 0, 0, 4, 0
67913, 1, 0, 0, 0, 1, 0
67914, 6, 0, 0, 0, 2, 4
67915, 0, 1, 1, 0, 0, 0
67916, 10, 0, 0, 0, 10, 0
67917, 1, 0, 0, 0, 1, 0
76306, 0, 1, 1, 0, 0, 0
67927, 11, 0, 0, 0, 11, 0
67928, 4, 0, 0, 0, 4, 0
67929, 2, 0, 0, 0, 2, 0
67931, 16, 0, 0, 0, 1, 15
67932, 1, 0, 0, 0, 1, 0
67933, 4, 0, 0, 0, 4, 0
67934, 1, 0, 0, 0, 1, 0
67935, 1, 0, 0, 0, 1, 0
67936, 1, 0, 0, 0, 1, 0
67937, 36, 0, 0, 0, 19, 17
67938, 0, 1, 1, 0, 0, 0
67939, 0, 1, 1, 0, 0, 0
67940, 0, 1, 0, 1, 0, 0
67942, 2, 0, 0, 0, 2, 0
80384, 0, 1, 1, 0, 0, 0
67950, 4, 0, 0, 0, 4, 0
67952, 1, 0, 0, 0, 1, 0
67955, 7, 0, 0, 0, 7, 0
67956, 2, 0, 0, 0, 2, 0
67957, 10, 0, 0, 0, 7, 3
67958, 0, 1, 1, 0, 0, 0
67962, 8, 0, 0, 0, 8, 0
67963, 0, 1, 1, 0, 0, 0
67964, 5, 1, 1, 0, 5, 0
67965, 10, 2, 2, 0, 10, 0
70350, 1, 1, 1, 0, 1, 0
80393, 0, 1, 1, 0, 0, 0
67983, 2, 0, 0, 0, 2, 0
80397, 2, 1, 1, 0, 2, 0
80398, 1, 1, 1, 0, 1, 0
80399, 0, 2, 2, 0, 0, 0
67997, 2, 0, 0, 0, 2, 0
67999, 1, 0, 0, 0, 1, 0
68003, 3, 0, 0, 0, 1, 2
68015, 2, 0, 0, 0, 1, 1
68018, 6, 0, 0, 0, 2, 4
68019, 0, 1, 0, 1, 0, 0
69285, 0, 1, 1, 0, 0, 0
72118, 0, 2, 2, 0, 0, 0
68580, 0, 1, 1, 0, 0, 0
68581, 0, 1, 0, 1, 0, 0
80419, 0, 1, 1, 0, 0, 0
68036, 8, 0, 0, 0, 8, 0
68037, 7, 0, 0, 0, 7, 0
68038, 13, 0, 0, 0, 11, 2
68042, 3, 0, 0, 0, 3, 0
68043, 45, 0, 0, 0, 43, 2
68044, 0, 1, 1, 0, 0, 0
68045, 0, 1, 1, 0, 0, 0
68046, 31, 0, 0, 0, 19, 12
68047, 0, 1, 1, 0, 0, 0
68048, 0, 1, 1, 0, 0, 0
68049, 0, 1, 1, 0, 0, 0
68050, 0, 1, 1, 0, 0, 0
68051, 0, 1, 0, 1, 0, 0
68053, 25, 0, 0, 0, 17, 8
68054, 0, 1, 1, 0, 0, 0
68055, 21, 0, 0, 0, 21, 0
68056, 7, 0, 0, 0, 7, 0
68059, 11, 0, 0, 0, 11, 0
68060, 3, 0, 0, 0, 3, 0
68061, 29, 1, 1, 0, 28, 1
68062, 1, 1, 1, 0, 1, 0
68064, 19, 0, 0, 0, 19, 0
68065, 0, 1, 1, 0, 0, 0
68069, 19, 0, 0, 0, 5, 14
68071, 0, 1, 0, 1, 0, 0
68083, 7, 0, 0, 0, 7, 0
68084, 14, 0, 0, 0, 13, 1
68092, 4, 0, 0, 0, 4, 0
68095, 1, 0, 0, 0, 1, 0
68100, 3, 0, 0, 0, 3, 0
68101, 1, 1, 1, 0, 1, 0
68102, 4, 0, 0, 0, 4, 0
79653, 0, 3, 3, 0, 0, 0
68121, 3, 0, 0, 0, 3, 0
68132, 3, 0, 0, 0, 3, 0
68133, 15, 0, 0, 0, 14, 1
68134, 0, 1, 0, 1, 0, 0
68140, 1, 0, 0, 0, 1, 0
80438, 0, 1, 1, 0, 0, 0
68151, 5, 0, 0, 0, 4, 1
68153, 3, 0, 0, 0, 3, 0
68154, 2, 0, 0, 0, 2, 0
68164, 2, 1, 1, 0, 2, 0
68165, 1, 1, 1, 0, 1, 0
68176, 2, 0, 0, 0, 2, 0
68180, 2, 0, 0, 0, 1, 1
68184, 1, 0, 0, 0, 1, 0
72024, 0, 1, 0, 1, 0, 0
68527, 0, 1, 0, 1, 0, 0
74388, 1, 2, 2, 0, 1, 0
74389, 0, 2, 2, 0, 0, 0
70753, 0, 1, 1, 0, 0, 0
68214, 5, 1, 1, 0, 5, 0
68215, 0, 1, 1, 0, 0, 0
68220, 1, 0, 0, 0, 1, 0
68224, 9, 1, 1, 0, 9, 0
68225, 0, 1, 1, 0, 0, 0
68238, 12, 0, 0, 0, 8, 4
68239, 0, 1, 1, 0, 0, 0
68240, 12, 0, 0, 0, 11, 1
68241, 0, 1, 1, 0, 0, 0
68242, 17, 0, 0, 0, 10, 7
68243, 0, 1, 1, 0, 0, 0
68244, 0, 1, 0, 1, 0, 0
68245, 0, 1, 0, 1, 0, 0
68246, 0, 1, 0, 1, 0, 0
68247, 2, 0, 0, 0, 2, 0
68255, 4, 0, 0, 0, 3, 1
68264, 1, 0, 0, 0, 1, 0
80470, 1, 1, 1, 0, 1, 0
80471, 0, 1, 1, 0, 0, 0
80478, 3, 1, 1, 0, 3, 0
68307, 2, 0, 0, 0, 2, 0
68315, 17, 0, 0, 0, 17, 0
68316, 5, 0, 0, 0, 4, 1
68325, 2, 0, 0, 0, 2, 0
68329, 6, 0, 0, 0, 5, 1
68330, 0, 1, 1, 0, 0, 0
68332, 1, 0, 0, 0, 1, 0
68333, 15, 0, 0, 0, 11, 4
68334, 1, 1, 1, 0, 1, 0
68341, 6, 0, 0, 0, 6, 0
68343, 3, 0, 0, 0, 1, 2
68345, 1, 1, 1, 0, 1, 0
68347, 0, 1, 1, 0, 0, 0
68349, 0, 1, 1, 0, 0, 0
68351, 0, 1, 1, 0, 0, 0
68352, 1, 0, 0, 0, 1, 0
71508, 1, 1, 1, 0, 1, 0
68356, 1, 0, 0, 0, 1, 0
68357, 1, 0, 0, 0, 1, 0
68358, 1, 0, 0, 0, 1, 0
68363, 1, 0, 0, 0, 1, 0
68364, 21, 0, 0, 0, 13, 8
68365, 0, 1, 0, 1, 0, 0
68368, 13, 0, 0, 0, 3, 10
68400, 4, 0, 0, 0, 4, 0
68408, 4, 0, 0, 0, 4, 0
68409, 2, 0, 0, 0, 2, 0
68410, 3, 0, 0, 0, 3, 0
68419, 2, 0, 0, 0, 2, 0
68427, 1, 0, 0, 0, 1, 0
68428, 3, 0, 0, 0, 3, 0
68429, 0, 1, 1, 0, 0, 0
68441, 7, 0, 0, 0, 7, 0
68442, 0, 1, 1, 0, 0, 0
68443, 1, 0, 0, 0, 1, 0
68458, 1, 0, 0, 0, 1, 0
68459, 6, 0, 0, 0, 5, 1
68460, 4, 0, 0, 0, 3, 1
68467, 4, 0, 0, 0, 4, 0
68475, 14, 0, 0, 0, 14, 0
68476, 1, 0, 0, 0, 1, 0
68477, 3, 0, 0, 0, 3, 0
68478, 4, 0, 0, 0, 4, 0
68479, 0, 1, 1, 0, 0, 0
68481, 7, 0, 0, 0, 7, 0
68482, 5, 0, 0, 0, 3, 2
68483, 10, 0, 0, 0, 10, 0
68484, 0, 1, 1, 0, 0, 0
68485, 0, 1, 1, 0, 0, 0
68486, 12, 0, 0, 0, 10, 2
68487, 0, 1, 1, 0, 0, 0
77020, 0, 1, 1, 0, 0, 0
80542, 0, 1, 1, 0, 0, 0
80545, 1, 1, 1, 0, 1, 0
68511, 2, 0, 0, 0, 1, 1
68512, 14, 0, 0, 0, 9, 5
68513, 1, 1, 1, 0, 1, 0
68514, 0, 1, 0, 1, 0, 0
68520, 1, 0, 0, 0, 1, 0
68522, 1, 0, 0, 0, 1, 0
68525, 2, 0, 0, 0, 2, 0
68526, 1, 0, 0, 0, 1, 0
68528, 15, 0, 0, 0, 15, 0
68529, 0, 1, 1, 0, 0, 0
68530, 0, 1, 1, 0, 0, 0
68531, 0, 1, 1, 0, 0, 0
68532, 6, 0, 0, 0, 3, 3
68533, 16, 0, 0, 0, 16, 0
68534, 0, 1, 1, 0, 0, 0
68535, 3, 0, 0, 0, 3, 0
68536, 9, 0, 0, 0, 7, 2
68537, 4, 0, 0, 0, 4, 0
68538, 3, 0, 0, 0, 2, 1
68539, 8, 0, 0, 0, 6, 2
68547, 6, 1, 1, 0, 5, 1
68548, 1, 1, 1, 0, 1, 0
68549, 4, 1, 1, 0, 4, 0
68550, 1, 1, 1, 0, 1, 0
68551, 3, 0, 0, 0, 3, 0
68555, 1, 0, 0, 0, 1, 0
68556, 2, 0, 0, 0, 2, 0
68557, 5, 0, 0, 0, 4, 1
68558, 2, 0, 0, 0, 2, 0
68559, 5, 0, 0, 0, 5, 0
68560, 9, 0, 0, 0, 9, 0
68561, 5, 0, 0, 0, 3, 2
68562, 25, 0, 0, 0, 25, 0
68563, 0, 2, 2, 0, 0, 0
68564, 0, 1, 1, 0, 0, 0
68566, 2, 0, 0, 0, 2, 0
68567, 10, 0, 0, 0, 6, 4
68569, 3, 0, 0, 0, 3, 0
68570, 0, 1, 1, 0, 0, 0
68573, 1, 0, 0, 0, 1, 0
68574, 1, 0, 0, 0, 1, 0
68576, 2, 0, 0, 0, 2, 0
68577, 17, 0, 0, 0, 15, 2
68578, 1, 0, 0, 0, 1, 0
80547, 0, 1, 1, 0, 0, 0
68584, 7, 0, 0, 0, 7, 0
68585, 1, 0, 0, 0, 1, 0
68587, 11, 0, 0, 0, 10, 1
68588, 5, 0, 0, 0, 5, 0
68589, 2, 0, 0, 0, 2, 0
68590, 1, 0, 0, 0, 1, 0
68591, 4, 0, 0, 0, 4, 0
68592, 1, 0, 0, 0, 1, 0
68593, 2, 0, 0, 0, 2, 0
80549, 1, 1, 1, 0, 1, 0
68598, 3, 0, 0, 0, 2, 1
68602, 3, 0, 0, 0, 3, 0
68603, 1, 0, 0, 0, 1, 0
68604, 6, 0, 0, 0, 3, 3
68605, 1, 0, 0, 0, 1, 0
68606, 1, 0, 0, 0, 1, 0
68611, 6, 0, 0, 0, 6, 0
68616, 1, 0, 0, 0, 1, 0
68617, 1, 0, 0, 0, 1, 0
80552, 2, 1, 1, 0, 2, 0
68619, 5, 0, 0, 0, 5, 0
68620, 8, 0, 0, 0, 8, 0
68621, 5, 0, 0, 0, 5, 0
68622, 1, 0, 0, 0, 1, 0
68623, 20, 0, 0, 0, 20, 0
68624, 18, 0, 0, 0, 18, 0
68625, 0, 1, 1, 0, 0, 0
68626, 12, 0, 0, 0, 12, 0
68627, 1, 0, 0, 0, 1, 0
68628, 1, 0, 0, 0, 1, 0
68629, 5, 0, 0, 0, 4, 1
68630, 1, 1, 1, 0, 1, 0
68631, 1, 0, 0, 0, 1, 0
68632, 2, 0, 0, 0, 2, 0
68633, 3, 0, 0, 0, 2, 1
68634, 2, 0, 0, 0, 2, 0
68635, 1, 0, 0, 0, 1, 0
68636, 1, 0, 0, 0, 1, 0
68637, 2, 0, 0, 0, 2, 0
68638, 9, 0, 0, 0, 1, 8
68640, 1, 0, 0, 0, 1, 0
68643, 1, 0, 0, 0, 1, 0
68644, 4, 0, 0, 0, 4, 0
68645, 3, 0, 0, 0, 3, 0
68646, 1, 0, 0, 0, 1, 0
68647, 11, 0, 0, 0, 11, 0
68649, 4, 0, 0, 0, 4, 0
68651, 1, 1, 1, 0, 1, 0
68652, 0, 1, 1, 0, 0, 0
68653, 10, 0, 0, 0, 7, 3
68654, 2, 0, 0, 0, 2, 0
68655, 19, 0, 0, 0, 19, 0
68656, 2, 0, 0, 0, 1, 1
68657, 0, 1, 0, 1, 0, 0
68658, 3, 0, 0, 0, 3, 0
68660, 5, 0, 0, 0, 5, 0
68661, 3, 0, 0, 0, 3, 0
68662, 4, 0, 0, 0, 4, 0
68663, 5, 0, 0, 0, 5, 0
68664, 3, 0, 0, 0, 3, 0
68665, 0, 1, 1, 0, 0, 0
68668, 2, 0, 0, 0, 2, 0
80556, 1, 1, 1, 0, 1, 0
68675, 1, 0, 0, 0, 1, 0
68676, 15, 0, 0, 0, 13, 2
68681, 2, 0, 0, 0, 1, 1
68683, 1, 0, 0, 0, 1, 0
80558, 0, 1, 1, 0, 0, 0
68688, 7, 0, 0, 0, 7, 0
68689, 3, 0, 0, 0, 3, 0
68690, 0, 1, 1, 0, 0, 0
68691, 3, 0, 0, 0, 3, 0
68692, 1, 0, 0, 0, 1, 0
68693, 1, 0, 0, 0, 1, 0
68694, 8, 0, 0, 0, 5, 3
68695, 6, 0, 0, 0, 6, 0
68696, 0, 1, 1, 0, 0, 0
76002, 3, 1, 1, 0, 3, 0
68701, 11, 0, 0, 0, 11, 0
68702, 1, 1, 1, 0, 1, 0
68703, 15, 0, 0, 0, 11, 4
68704, 2, 1, 1, 0, 2, 0
70812, 0, 1, 1, 0, 0, 0
68705, 2, 0, 0, 0, 2, 0
68706, 1, 0, 0, 0, 1, 0
68707, 10, 0, 0, 0, 6, 4
68709, 4, 0, 0, 0, 2, 2
68713, 1, 0, 0, 0, 1, 0
68714, 4, 0, 0, 0, 3, 1
68718, 1, 0, 0, 0, 1, 0
80564, 0, 1, 1, 0, 0, 0
68726, 7, 0, 0, 0, 7, 0
68727, 0, 1, 1, 0, 0, 0
68728, 0, 1, 1, 0, 0, 0
68736, 3, 0, 0, 0, 3, 0
68737, 2, 0, 0, 0, 2, 0
68739, 1, 0, 0, 0, 1, 0
68741, 1, 0, 0, 0, 1, 0
68742, 1, 0, 0, 0, 1, 0
68743, 1, 0, 0, 0, 1, 0
68744, 6, 0, 0, 0, 5, 1
68745, 3, 0, 0, 0, 3, 0
68746, 1, 0, 0, 0, 1, 0
68750, 9, 0, 0, 0, 8, 1
68751, 2, 0, 0, 0, 2, 0
68752, 5, 0, 0, 0, 5, 0
68755, 2, 0, 0, 0, 2, 0
68756, 1, 0, 0, 0, 1, 0
68757, 1, 0, 0, 0, 1, 0
68758, 3, 0, 0, 0, 3, 0
68769, 10, 0, 0, 0, 7, 3
68770, 1, 0, 0, 0, 1, 0
68771, 3, 0, 0, 0, 3, 0
68772, 1, 0, 0, 0, 1, 0
68782, 4, 1, 0, 1, 4, 0
68783, 13, 1, 1, 0, 10, 3
68784, 3, 1, 1, 0, 3, 0
80568, 0, 1, 1, 0, 0, 0
80569, 0, 2, 2, 0, 0, 0
68786, 4, 0, 0, 0, 4, 0
68787, 0, 1, 1, 0, 0, 0
68788, 5, 1, 1, 0, 5, 0
68789, 4, 0, 0, 0, 4, 0
68790, 9, 0, 0, 0, 9, 0
68791, 0, 1, 1, 0, 0, 0
68792, 5, 0, 0, 0, 5, 0
68794, 14, 0, 0, 0, 9, 5
68796, 6, 1, 1, 0, 5, 1
68797, 3, 1, 1, 0, 3, 0
68800, 1, 0, 0, 0, 1, 0
68810, 5, 0, 0, 0, 4, 1
68811, 0, 1, 1, 0, 0, 0
68814, 3, 0, 0, 0, 3, 0
68815, 1, 0, 0, 0, 1, 0
68816, 5, 0, 0, 0, 5, 0
68817, 1, 0, 0, 0, 1, 0
72570, 0, 1, 1, 0, 0, 0
68821, 9, 0, 0, 0, 7, 2
68822, 0, 1, 1, 0, 0, 0
68823, 0, 1, 1, 0, 0, 0
68825, 1, 0, 0, 0, 1, 0
68826, 1, 0, 0, 0, 1, 0
68828, 7, 0, 0, 0, 4, 3
68829, 1, 1, 1, 0, 1, 0
80578, 0, 1, 1, 0, 0, 0
68832, 5, 0, 0, 0, 5, 0
68833, 18, 0, 0, 0, 9, 9
68835, 2, 0, 0, 0, 2, 0
68837, 2, 0, 0, 0, 2, 0
68840, 1, 0, 0, 0, 1, 0
68844, 2, 0, 0, 0, 1, 1
68845, 13, 0, 0, 0, 10, 3
68846, 0, 1, 1, 0, 0, 0
68847, 2, 1, 1, 0, 2, 0
68848, 1, 1, 1, 0, 1, 0
68851, 9, 0, 0, 0, 8, 1
68852, 0, 1, 0, 1, 0, 0
68853, 1, 0, 0, 0, 1, 0
68856, 5, 0, 0, 0, 5, 0
68858, 2, 0, 0, 0, 2, 0
68859, 7, 0, 0, 0, 7, 0
68861, 5, 0, 0, 0, 5, 0
68862, 5, 0, 0, 0, 5, 0
68863, 0, 1, 1, 0, 0, 0
68864, 9, 0, 0, 0, 3, 6
68872, 3, 0, 0, 0, 3, 0
68876, 8, 0, 0, 0, 8, 0
68880, 1, 0, 0, 0, 1, 0
68883, 1, 0, 0, 0, 1, 0
68884, 6, 0, 0, 0, 6, 0
68885, 0, 1, 1, 0, 0, 0
68891, 14, 0, 0, 0, 14, 0
68892, 0, 1, 1, 0, 0, 0
68897, 3, 0, 0, 0, 3, 0
68899, 1, 0, 0, 0, 1, 0
68900, 44, 0, 0, 0, 40, 4
68901, 5, 0, 0, 0, 3, 2
68903, 2, 0, 0, 0, 1, 1
68904, 7, 1, 1, 0, 6, 1
68905, 1, 1, 1, 0, 1, 0
68906, 4, 0, 0, 0, 3, 1
68908, 2, 0, 0, 0, 2, 0
68909, 11, 0, 0, 0, 11, 0
68910, 1, 0, 0, 0, 1, 0
68911, 1, 0, 0, 0, 1, 0
68912, 10, 0, 0, 0, 10, 0
68913, 4, 1, 1, 0, 4, 0
68914, 0, 1, 1, 0, 0, 0
68915, 3, 1, 1, 0, 3, 0
80584, 0, 1, 1, 0, 0, 0
80585, 0, 1, 1, 0, 0, 0
68916, 1, 0, 0, 0, 1, 0
68917, 1, 0, 0, 0, 1, 0
68918, 1, 0, 0, 0, 1, 0
68921, 8, 0, 0, 0, 8, 0
68923, 0, 2, 2, 0, 0, 0
68924, 1, 2, 2, 0, 1, 0
80586, 0, 1, 1, 0, 0, 0
68927, 2, 0, 0, 0, 1, 1
68928, 4, 0, 0, 0, 2, 2
68929, 3, 0, 0, 0, 3, 0
68930, 2, 0, 0, 0, 2, 0
68931, 11, 0, 0, 0, 11, 0
68938, 3, 1, 1, 0, 3, 0
68939, 1, 1, 1, 0, 1, 0
68940, 1, 0, 0, 0, 1, 0
68944, 4, 0, 0, 0, 4, 0
68946, 1, 0, 0, 0, 1, 0
77584, 1, 1, 1, 0, 1, 0
68948, 1, 0, 0, 0, 1, 0
68949, 3, 0, 0, 0, 1, 2
68950, 10, 0, 0, 0, 10, 0
68952, 18, 0, 0, 0, 11, 7
68954, 5, 0, 0, 0, 5, 0
68955, 1, 0, 0, 0, 1, 0
68957, 3, 0, 0, 0, 3, 0
68958, 2, 0, 0, 0, 2, 0
68959, 5, 0, 0, 0, 5, 0
68965, 37, 0, 0, 0, 16, 21
68966, 5, 0, 0, 0, 1, 4
68967, 1, 0, 0, 0, 1, 0
68968, 5, 0, 0, 0, 5, 0
68969, 1, 0, 0, 0, 1, 0
68970, 1, 0, 0, 0, 1, 0
68972, 8, 2, 2, 0, 7, 1
68973, 1, 1, 1, 0, 1, 0
68974, 1, 1, 1, 0, 1, 0
68975, 0, 1, 1, 0, 0, 0
68976, 1, 0, 0, 0, 1, 0
68979, 3, 1, 1, 0, 3, 0
68980, 1, 1, 1, 0, 1, 0
68981, 3, 0, 0, 0, 3, 0
68982, 3, 0, 0, 0, 1, 2
68983, 2, 1, 1, 0, 1, 1
68984, 1, 0, 0, 0, 1, 0
68985, 7, 0, 0, 0, 6, 1
69013, 0, 1, 0, 1, 0, 0
68990, 13, 0, 0, 0, 9, 4
72366, 0, 1, 1, 0, 0, 0
68992, 8, 0, 0, 0, 8, 0
68993, 2, 0, 0, 0, 1, 1
68994, 1, 0, 0, 0, 1, 0
68997, 2, 0, 0, 0, 2, 0
68998, 3, 0, 0, 0, 3, 0
68999, 0, 1, 1, 0, 0, 0
69000, 8, 0, 0, 0, 8, 0
69001, 4, 0, 0, 0, 4, 0
69002, 23, 0, 0, 0, 21, 2
69006, 11, 0, 0, 0, 11, 0
69007, 0, 1, 1, 0, 0, 0
69008, 3, 0, 0, 0, 3, 0
69009, 16, 1, 1, 0, 6, 10
69010, 2, 1, 1, 0, 1, 1
69012, 3, 0, 0, 0, 2, 1
69015, 4, 0, 0, 0, 4, 0
69016, 7, 0, 0, 0, 7, 0
80590, 0, 1, 0, 1, 0, 0
69023, 6, 0, 0, 0, 6, 0
69024, 1, 0, 0, 0, 1, 0
69025, 9, 0, 0, 0, 7, 2
69026, 1, 0, 0, 0, 1, 0
69027, 1, 0, 0, 0, 1, 0
69028, 1, 0, 0, 0, 1, 0
69029, 8, 1, 1, 0, 8, 0
69030, 1, 1, 1, 0, 1, 0
69031, 4, 0, 0, 0, 4, 0
69032, 3, 0, 0, 0, 3, 0
80591, 0, 2, 2, 0, 0, 0
69037, 6, 0, 0, 0, 5, 1
69038, 2, 0, 0, 0, 2, 0
69041, 1, 0, 0, 0, 1, 0
80598, 1, 1, 1, 0, 1, 0
69045, 1, 0, 0, 0, 1, 0
69046, 2, 0, 0, 0, 2, 0
69047, 3, 0, 0, 0, 3, 0
69050, 10, 0, 0, 0, 9, 1
69051, 2, 0, 0, 0, 2, 0
69052, 1, 0, 0, 0, 1, 0
69054, 4, 0, 0, 0, 4, 0
69055, 18, 0, 0, 0, 17, 1
69056, 0, 1, 1, 0, 0, 0
69057, 0, 1, 0, 1, 0, 0
69058, 2, 0, 0, 0, 2, 0
69061, 1, 0, 0, 0, 1, 0
69067, 6, 0, 0, 0, 4, 2
69068, 0, 1, 1, 0, 0, 0
69070, 2, 0, 0, 0, 2, 0
69071, 1, 0, 0, 0, 1, 0
69072, 2, 0, 0, 0, 2, 0
79568, 9, 2, 2, 0, 9, 0
79573, 0, 3, 3, 0, 0, 0
79574, 4, 2, 2, 0, 4, 0
69080, 1, 0, 0, 0, 1, 0
69085, 18, 0, 0, 0, 18, 0
69087, 3, 0, 0, 0, 3, 0
69088, 11, 0, 0, 0, 3, 8
69095, 2, 0, 0, 0, 2, 0
69096, 7, 1, 1, 0, 5, 2
69097, 0, 1, 1, 0, 0, 0
69098, 0, 1, 1, 0, 0, 0
69099, 4, 1, 1, 0, 4, 0
69100, 2, 0, 0, 0, 2, 0
69101, 8, 0, 0, 0, 7, 1
75984, 1, 1, 1, 0, 1, 0
69103, 2, 0, 0, 0, 2, 0
69104, 2, 0, 0, 0, 2, 0
69105, 3, 0, 0, 0, 3, 0
69106, 26, 0, 0, 0, 20, 6
69107, 0, 1, 1, 0, 0, 0
70583, 2, 1, 1, 0, 2, 0
69114, 12, 0, 0, 0, 9, 3
69115, 7, 0, 0, 0, 7, 0
69116, 2, 1, 1, 0, 2, 0
69117, 1, 0, 0, 0, 1, 0
69118, 2, 0, 0, 0, 2, 0
69119, 2, 0, 0, 0, 2, 0
69120, 1, 0, 0, 0, 1, 0
69122, 11, 0, 0, 0, 10, 1
69123, 9, 0, 0, 0, 7, 2
69125, 2, 0, 0, 0, 2, 0
69127, 14, 0, 0, 0, 14, 0
69128, 0, 1, 1, 0, 0, 0
69129, 9, 0, 0, 0, 9, 0
69130, 2, 1, 1, 0, 2, 0
69131, 41, 2, 2, 0, 20, 21
69132, 1, 1, 1, 0, 1, 0
69133, 1, 1, 1, 0, 1, 0
69134, 0, 1, 1, 0, 0, 0
69135, 0, 1, 0, 1, 0, 0
69136, 0, 2, 1, 1, 0, 0
69137, 12, 0, 0, 0, 6, 6
69138, 2, 0, 0, 0, 2, 0
69141, 15, 0, 0, 0, 15, 0
69142, 0, 1, 1, 0, 0, 0
69143, 1, 0, 0, 0, 1, 0
69144, 5, 0, 0, 0, 3, 2
69145, 13, 0, 0, 0, 12, 1
69146, 0, 1, 1, 0, 0, 0
69148, 0, 1, 1, 0, 0, 0
69149, 7, 0, 0, 0, 7, 0
69150, 0, 1, 1, 0, 0, 0
69151, 3, 0, 0, 0, 3, 0
69152, 0, 1, 1, 0, 0, 0
69153, 1, 0, 0, 0, 1, 0
69156, 0, 1, 1, 0, 0, 0
69157, 5, 0, 0, 0, 5, 0
69158, 4, 0, 0, 0, 3, 1
69159, 1, 0, 0, 0, 1, 0
69160, 2, 0, 0, 0, 2, 0
79230, 0, 1, 1, 0, 0, 0
79231, 0, 1, 1, 0, 0, 0
69163, 8, 0, 0, 0, 3, 5
69174, 1, 0, 0, 0, 1, 0
69175, 7, 0, 0, 0, 6, 1
69178, 8, 0, 0, 0, 8, 0
69179, 0, 1, 1, 0, 0, 0
69180, 3, 0, 0, 0, 2, 1
69181, 1, 0, 0, 0, 1, 0
69182, 1, 0, 0, 0, 1, 0
69183, 1, 0, 0, 0, 1, 0
69184, 1, 0, 0, 0, 1, 0
69187, 1, 0, 0, 0, 1, 0
69188, 1, 0, 0, 0, 1, 0
74187, 2, 1, 1, 0, 2, 0
80606, 0, 1, 1, 0, 0, 0
69194, 3, 1, 1, 0, 3, 0
69195, 1, 1, 1, 0, 1, 0
69196, 3, 0, 0, 0, 3, 0
69197, 6, 0, 0, 0, 4, 2
69198, 0, 1, 0, 1, 0, 0
69200, 2, 0, 0, 0, 2, 0
69201, 4, 0, 0, 0, 4, 0
69202, 1, 0, 0, 0, 1, 0
69205, 5, 0, 0, 0, 4, 1
69211, 0, 1, 1, 0, 0, 0
69212, 0, 1, 1, 0, 0, 0
69213, 12, 0, 0, 0, 3, 9
69214, 0, 1, 1, 0, 0, 0
69215, 0, 1, 1, 0, 0, 0
69216, 1, 0, 0, 0, 1, 0
69217, 8, 0, 0, 0, 8, 0
69218, 0, 1, 1, 0, 0, 0
69219, 2, 1, 1, 0, 2, 0
69220, 0, 1, 1, 0, 0, 0
80609, 0, 1, 1, 0, 0, 0
80610, 0, 1, 1, 0, 0, 0
69221, 5, 1, 1, 0, 5, 0
69222, 1, 1, 1, 0, 1, 0
69224, 2, 0, 0, 0, 2, 0
69225, 8, 0, 0, 0, 5, 3
69228, 1, 0, 0, 0, 1, 0
69229, 2, 0, 0, 0, 2, 0
69230, 3, 0, 0, 0, 3, 0
69231, 0, 2, 2, 0, 0, 0
69232, 5, 0, 0, 0, 1, 4
69233, 5, 0, 0, 0, 5, 0
69234, 2, 0, 0, 0, 2, 0
69235, 0, 1, 1, 0, 0, 0
69236, 1, 0, 0, 0, 1, 0
69238, 1, 0, 0, 0, 1, 0
69239, 1, 0, 0, 0, 1, 0
69240, 3, 0, 0, 0, 1, 2
69241, 3, 0, 0, 0, 2, 1
69242, 12, 1, 1, 0, 12, 0
69243, 2, 1, 1, 0, 2, 0
69244, 1, 0, 0, 0, 1, 0
69245, 13, 0, 0, 0, 11, 2
69248, 2, 0, 0, 0, 2, 0
69252, 19, 0, 0, 0, 19, 0
69253, 0, 1, 1, 0, 0, 0
69254, 7, 0, 0, 0, 7, 0
69255, 0, 1, 1, 0, 0, 0
69256, 0, 1, 1, 0, 0, 0
69257, 4, 0, 0, 0, 3, 1
69258, 7, 0, 0, 0, 7, 0
69259, 1, 0, 0, 0, 1, 0
69260, 10, 0, 0, 0, 8, 2
69262, 1, 0, 0, 0, 1, 0
69263, 4, 0, 0, 0, 4, 0
69264, 10, 0, 0, 0, 9, 1
69265, 11, 0, 0, 0, 11, 0
69266, 0, 1, 1, 0, 0, 0
69267, 1, 0, 0, 0, 1, 0
69268, 3, 1, 1, 0, 2, 1
69269, 1, 0, 0, 0, 1, 0
69270, 3, 0, 0, 0, 3, 0
71750, 0, 1, 1, 0, 0, 0
69272, 2, 0, 0, 0, 2, 0
69273, 3, 0, 0, 0, 2, 1
69274, 2, 0, 0, 0, 1, 1
69275, 6, 0, 0, 0, 5, 1
69276, 1, 0, 0, 0, 1, 0
72325, 4, 1, 1, 0, 4, 0
69281, 11, 0, 0, 0, 11, 0
69283, 0, 1, 1, 0, 0, 0
69284, 0, 1, 1, 0, 0, 0
69292, 1, 0, 0, 0, 1, 0
69294, 1, 0, 0, 0, 1, 0
69295, 2, 0, 0, 0, 2, 0
69301, 1, 0, 0, 0, 1, 0
80614, 0, 1, 1, 0, 0, 0
80615, 0, 1, 1, 0, 0, 0
80616, 0, 1, 0, 1, 0, 0
69306, 1, 0, 0, 0, 1, 0
69307, 2, 0, 0, 0, 2, 0
69308, 0, 1, 1, 0, 0, 0
69310, 1, 0, 0, 0, 1, 0
69311, 1, 0, 0, 0, 1, 0
69312, 5, 0, 0, 0, 5, 0
69313, 0, 1, 1, 0, 0, 0
69314, 1, 0, 0, 0, 1, 0
69315, 3, 0, 0, 0, 3, 0
69317, 14, 0, 0, 0, 14, 0
69318, 0, 1, 1, 0, 0, 0
69319, 7, 0, 0, 0, 6, 1
69320, 1, 1, 1, 0, 1, 0
69321, 0, 2, 2, 0, 0, 0
69322, 2, 0, 0, 0, 2, 0
69326, 19, 0, 0, 0, 13, 6
69327, 0, 1, 1, 0, 0, 0
69329, 2, 0, 0, 0, 2, 0
69330, 6, 0, 0, 0, 6, 0
69331, 0, 1, 1, 0, 0, 0
69332, 8, 0, 0, 0, 8, 0
69344, 2, 0, 0, 0, 2, 0
69345, 5, 0, 0, 0, 5, 0
69346, 0, 1, 1, 0, 0, 0
69347, 3, 1, 1, 0, 3, 0
69351, 1, 0, 0, 0, 1, 0
69353, 1, 0, 0, 0, 1, 0
69354, 2, 0, 0, 0, 2, 0
69355, 7, 0, 0, 0, 5, 2
69356, 7, 1, 1, 0, 7, 0
69357, 0, 1, 1, 0, 0, 0
69358, 0, 2, 2, 0, 0, 0
69359, 4, 1, 1, 0, 3, 1
69361, 8, 0, 0, 0, 8, 0
76102, 3, 1, 1, 0, 3, 0
69363, 5, 0, 0, 0, 5, 0
69364, 4, 0, 0, 0, 4, 0
69366, 1, 0, 0, 0, 1, 0
69367, 4, 0, 0, 0, 4, 0
69368, 23, 0, 0, 0, 13, 10
69369, 0, 1, 1, 0, 0, 0
69370, 2, 0, 0, 0, 1, 1
69371, 15, 0, 0, 0, 9, 6
69372, 0, 1, 1, 0, 0, 0
69373, 0, 1, 1, 0, 0, 0
69374, 2, 0, 0, 0, 2, 0
69375, 4, 0, 0, 0, 1, 3
69376, 0, 1, 0, 1, 0, 0
69378, 1, 1, 1, 0, 1, 0
69379, 13, 0, 0, 0, 12, 1
69380, 5, 0, 0, 0, 4, 1
69386, 1, 0, 0, 0, 1, 0
69394, 1, 0, 0, 0, 1, 0
69395, 1, 0, 0, 0, 1, 0
69397, 2, 0, 0, 0, 2, 0
69398, 2, 0, 0, 0, 2, 0
69399, 1, 0, 0, 0, 1, 0
69404, 1, 0, 0, 0, 1, 0
71776, 0, 1, 1, 0, 0, 0
75069, 0, 1, 1, 0, 0, 0
75070, 0, 1, 0, 1, 0, 0
75071, 0, 1, 0, 1, 0, 0
75072, 0, 1, 0, 1, 0, 0
69414, 1, 0, 0, 0, 1, 0
69416, 3, 0, 0, 0, 3, 0
69417, 1, 0, 0, 0, 1, 0
80641, 0, 1, 1, 0, 0, 0
69436, 3, 0, 0, 0, 3, 0
69442, 2, 0, 0, 0, 2, 0
69443, 4, 0, 0, 0, 4, 0
73295, 0, 1, 1, 0, 0, 0
69449, 2, 0, 0, 0, 2, 0
69450, 2, 0, 0, 0, 2, 0
69451, 2, 0, 0, 0, 2, 0
69452, 13, 0, 0, 0, 10, 3
69453, 0, 1, 1, 0, 0, 0
69454, 0, 1, 0, 1, 0, 0
80657, 0, 1, 1, 0, 0, 0
69463, 2, 0, 0, 0, 1, 1
72546, 0, 1, 1, 0, 0, 0
72547, 0, 1, 1, 0, 0, 0
69473, 9, 0, 0, 0, 9, 0
69474, 2, 0, 0, 0, 1, 1
69475, 2, 0, 0, 0, 2, 0
69476, 2, 0, 0, 0, 2, 0
69478, 1, 0, 0, 0, 1, 0
69479, 2, 0, 0, 0, 2, 0
69480, 14, 0, 0, 0, 10, 4
69482, 0, 1, 1, 0, 0, 0
69483, 2, 0, 0, 0, 2, 0
69484, 1, 1, 1, 0, 1, 0
69485, 5, 0, 0, 0, 5, 0
69493, 3, 0, 0, 0, 3, 0
69494, 5, 0, 0, 0, 5, 0
69499, 1, 1, 1, 0, 1, 0
69500, 2, 0, 0, 0, 2, 0
69501, 4, 0, 0, 0, 4, 0
69502, 0, 1, 1, 0, 0, 0
69511, 1, 0, 0, 0, 1, 0
69513, 1, 0, 0, 0, 1, 0
69515, 1, 0, 0, 0, 1, 0
69516, 7, 0, 0, 0, 7, 0
69517, 0, 1, 1, 0, 0, 0
69518, 0, 1, 1, 0, 0, 0
69519, 0, 1, 1, 0, 0, 0
69520, 4, 0, 0, 0, 4, 0
69521, 2, 0, 0, 0, 1, 1
69522, 2, 0, 0, 0, 2, 0
80662, 0, 1, 1, 0, 0, 0
80663, 0, 1, 1, 0, 0, 0
72266, 1, 2, 1, 1, 1, 0
80664, 2, 2, 2, 0, 2, 0
80665, 1, 2, 2, 0, 1, 0
73432, 1, 1, 1, 0, 1, 0
69556, 3, 0, 0, 0, 3, 0
69557, 1, 0, 0, 0, 1, 0
77678, 0, 1, 1, 0, 0, 0
69561, 3, 0, 0, 0, 3, 0
69564, 1, 0, 0, 0, 1, 0
69565, 1, 0, 0, 0, 1, 0
69566, 3, 0, 0, 0, 3, 0
69573, 2, 0, 0, 0, 2, 0
69574, 8, 0, 0, 0, 4, 4
69578, 2, 0, 0, 0, 2, 0
69579, 2, 0, 0, 0, 2, 0
69580, 1, 0, 0, 0, 1, 0
76637, 0, 1, 1, 0, 0, 0
69585, 5, 0, 0, 0, 5, 0
69620, 7, 0, 0, 0, 5, 2
69625, 2, 0, 0, 0, 2, 0
69632, 4, 0, 0, 0, 4, 0
69633, 1, 0, 0, 0, 1, 0
69635, 1, 1, 1, 0, 1, 0
77852, 0, 1, 1, 0, 0, 0
77853, 0, 1, 0, 1, 0, 0
69647, 3, 1, 1, 0, 3, 0
69648, 1, 1, 1, 0, 1, 0
69649, 3, 0, 0, 0, 1, 2
69650, 2, 0, 0, 0, 1, 1
69651, 1, 0, 0, 0, 1, 0
69652, 5, 0, 0, 0, 4, 1
69653, 0, 1, 1, 0, 0, 0
69654, 1, 0, 0, 0, 1, 0
70785, 3, 3, 3, 0, 3, 0
69658, 4, 0, 0, 0, 4, 0
69659, 3, 0, 0, 0, 3, 0
69660, 2, 0, 0, 0, 2, 0
69664, 6, 0, 0, 0, 6, 0
69665, 2, 1, 1, 0, 2, 0
69666, 9, 0, 0, 0, 5, 4
69668, 2, 0, 0, 0, 2, 0
69669, 2, 0, 0, 0, 2, 0
69671, 5, 0, 0, 0, 5, 0
69672, 1, 0, 0, 0, 1, 0
69673, 1, 0, 0, 0, 1, 0
69674, 1, 0, 0, 0, 1, 0
69676, 2, 0, 0, 0, 2, 0
69677, 3, 0, 0, 0, 3, 0
69678, 0, 1, 1, 0, 0, 0
69679, 0, 1, 1, 0, 0, 0
69680, 2, 0, 0, 0, 1, 1
69681, 5, 0, 0, 0, 4, 1
69682, 0, 1, 1, 0, 0, 0
69684, 4, 0, 0, 0, 4, 0
69685, 0, 1, 1, 0, 0, 0
69686, 0, 1, 1, 0, 0, 0
69687, 0, 1, 1, 0, 0, 0
69693, 3, 0, 0, 0, 3, 0
69694, 2, 0, 0, 0, 2, 0
69701, 16, 0, 0, 0, 8, 8
69702, 0, 1, 1, 0, 0, 0
69703, 0, 1, 1, 0, 0, 0
69706, 1, 0, 0, 0, 1, 0
69709, 3, 0, 0, 0, 3, 0
69710, 1, 0, 0, 0, 1, 0
69714, 11, 0, 0, 0, 11, 0
69715, 0, 1, 1, 0, 0, 0
69716, 2, 0, 0, 0, 2, 0
69717, 7, 0, 0, 0, 4, 3
69720, 2, 0, 0, 0, 2, 0
69721, 1, 0, 0, 0, 1, 0
69732, 8, 0, 0, 0, 8, 0
69733, 0, 1, 1, 0, 0, 0
69734, 0, 1, 1, 0, 0, 0
69735, 1, 0, 0, 0, 1, 0
69736, 1, 0, 0, 0, 1, 0
69737, 18, 0, 0, 0, 10, 8
69738, 0, 1, 0, 1, 0, 0
69741, 5, 0, 0, 0, 5, 0
69742, 1, 0, 0, 0, 1, 0
69743, 3, 0, 0, 0, 3, 0
69744, 2, 0, 0, 0, 2, 0
69745, 1, 0, 0, 0, 1, 0
69749, 6, 1, 1, 0, 6, 0
69750, 0, 2, 2, 0, 0, 0
69751, 1, 0, 0, 0, 1, 0
69752, 4, 0, 0, 0, 4, 0
69753, 1, 0, 0, 0, 1, 0
69760, 2, 0, 0, 0, 2, 0
69761, 1, 0, 0, 0, 1, 0
69762, 22, 0, 0, 0, 15, 7
69763, 5, 0, 0, 0, 5, 0
69764, 1, 0, 0, 0, 1, 0
72217, 0, 1, 1, 0, 0, 0
72218, 0, 2, 2, 0, 0, 0
72219, 0, 1, 1, 0, 0, 0
69774, 6, 0, 0, 0, 6, 0
69775, 1, 0, 0, 0, 1, 0
69782, 1, 0, 0, 0, 1, 0
69783, 4, 1, 1, 0, 4, 0
69784, 0, 3, 3, 0, 0, 0
69785, 7, 1, 1, 0, 7, 0
69786, 1, 1, 1, 0, 1, 0
69787, 0, 1, 1, 0, 0, 0
69789, 1, 0, 0, 0, 1, 0
69790, 1, 0, 0, 0, 1, 0
69792, 1, 0, 0, 0, 1, 0
69793, 5, 0, 0, 0, 3, 2
69794, 0, 1, 0, 1, 0, 0
69795, 1, 0, 0, 0, 1, 0
69796, 2, 0, 0, 0, 2, 0
69798, 1, 0, 0, 0, 1, 0
69805, 1, 0, 0, 0, 1, 0
69812, 3, 0, 0, 0, 3, 0
80714, 0, 1, 1, 0, 0, 0
80715, 2, 1, 1, 0, 2, 0
80716, 0, 2, 2, 0, 0, 0
80717, 1, 1, 1, 0, 1, 0
69814, 1, 0, 0, 0, 1, 0
69815, 22, 0, 0, 0, 10, 12
69816, 10, 0, 0, 0, 9, 1
69817, 0, 1, 1, 0, 0, 0
69818, 1, 1, 1, 0, 1, 0
80720, 0, 1, 1, 0, 0, 0
69834, 2, 0, 0, 0, 1, 1
69835, 1, 0, 0, 0, 1, 0
69837, 9, 0, 0, 0, 9, 0
69838, 0, 1, 1, 0, 0, 0
69849, 0, 1, 0, 1, 0, 0
69851, 6, 1, 1, 0, 6, 0
69852, 1, 1, 1, 0, 1, 0
69855, 3, 0, 0, 0, 3, 0
69858, 13, 0, 0, 0, 13, 0
69859, 0, 1, 1, 0, 0, 0
69863, 2, 0, 0, 0, 2, 0
69867, 2, 0, 0, 0, 2, 0
69868, 28, 0, 0, 0, 11, 17
69869, 0, 1, 1, 0, 0, 0
69870, 0, 1, 1, 0, 0, 0
69871, 0, 1, 0, 1, 0, 0
69886, 3, 0, 0, 0, 3, 0
69887, 22, 0, 0, 0, 3, 19
69888, 1, 1, 0, 1, 1, 0
69889, 15, 0, 0, 0, 10, 5
69890, 0, 1, 1, 0, 0, 0
69891, 0, 1, 1, 0, 0, 0
69892, 0, 1, 0, 1, 0, 0
69893, 8, 0, 0, 0, 7, 1
69894, 0, 1, 1, 0, 0, 0
69895, 5, 0, 0, 0, 5, 0
69897, 1, 0, 0, 0, 1, 0
69898, 1, 0, 0, 0, 1, 0
69902, 1, 0, 0, 0, 1, 0
69904, 1, 0, 0, 0, 1, 0
69905, 15, 1, 0, 1, 15, 0
69906, 0, 2, 2, 0, 0, 0
69907, 2, 1, 1, 0, 1, 1
69908, 0, 1, 1, 0, 0, 0
69909, 0, 1, 1, 0, 0, 0
69910, 7, 0, 0, 0, 7, 0
69911, 3, 0, 0, 0, 3, 0
69912, 1, 0, 0, 0, 1, 0
69917, 12, 0, 0, 0, 12, 0
80737, 0, 1, 1, 0, 0, 0
80738, 0, 1, 1, 0, 0, 0
80739, 1, 1, 1, 0, 1, 0
69922, 1, 0, 0, 0, 1, 0
69923, 6, 0, 0, 0, 6, 0
77637, 2, 1, 1, 0, 1, 1
77638, 0, 1, 1, 0, 0, 0
77639, 0, 1, 0, 1, 0, 0
77640, 0, 1, 0, 1, 0, 0
77641, 1, 1, 0, 1, 1, 0
77642, 0, 1, 0, 1, 0, 0
69940, 13, 0, 0, 0, 9, 4
69943, 2, 0, 0, 0, 2, 0
69944, 1, 0, 0, 0, 1, 0
69945, 2, 0, 0, 0, 2, 0
69946, 0, 1, 1, 0, 0, 0
69947, 1, 0, 0, 0, 1, 0
69948, 1, 0, 0, 0, 1, 0
69949, 9, 0, 0, 0, 9, 0
69950, 4, 1, 1, 0, 4, 0
69952, 1, 0, 0, 0, 1, 0
69954, 1, 0, 0, 0, 1, 0
69955, 6, 0, 0, 0, 5, 1
69957, 2, 0, 0, 0, 2, 0
69959, 7, 0, 0, 0, 7, 0
69960, 0, 1, 1, 0, 0, 0
69969, 3, 0, 0, 0, 3, 0
69970, 1, 0, 0, 0, 1, 0
69997, 2, 0, 0, 0, 2, 0
69998, 1, 0, 0, 0, 1, 0
70000, 13, 1, 1, 0, 12, 1
70001, 0, 1, 1, 0, 0, 0
70007, 2, 0, 0, 0, 2, 0
70014, 2, 0, 0, 0, 2, 0
70016, 4, 0, 0, 0, 4, 0
70023, 1, 0, 0, 0, 1, 0
70024, 2, 0, 0, 0, 2, 0
70025, 5, 1, 1, 0, 5, 0
70026, 1, 1, 1, 0, 1, 0
70029, 2, 0, 0, 0, 2, 0
70039, 8, 0, 0, 0, 8, 0
70044, 1, 0, 0, 0, 1, 0
70045, 2, 0, 0, 0, 2, 0
70046, 0, 1, 1, 0, 0, 0
70049, 2, 0, 0, 0, 2, 0
70050, 2, 0, 0, 0, 2, 0
70051, 3, 1, 1, 0, 2, 1
70052, 2, 0, 0, 0, 2, 0
70053, 12, 0, 0, 0, 12, 0
70054, 17, 0, 0, 0, 13, 4
70055, 1, 0, 0, 0, 1, 0
70056, 1, 0, 0, 0, 1, 0
70057, 2, 0, 0, 0, 1, 1
70064, 1, 0, 0, 0, 1, 0
70065, 2, 0, 0, 0, 2, 0
70066, 0, 2, 2, 0, 0, 0
70067, 4, 0, 0, 0, 2, 2
70068, 4, 1, 1, 0, 4, 0
70069, 8, 2, 2, 0, 8, 0
72423, 0, 1, 1, 0, 0, 0
70070, 2, 0, 0, 0, 2, 0
71044, 0, 3, 3, 0, 0, 0
70073, 1, 0, 0, 0, 1, 0
70076, 1, 0, 0, 0, 1, 0
70078, 1, 0, 0, 0, 1, 0
70079, 2, 0, 0, 0, 2, 0
70082, 1, 0, 0, 0, 1, 0
70087, 1, 0, 0, 0, 1, 0
70088, 3, 0, 0, 0, 3, 0
80789, 0, 1, 1, 0, 0, 0
80790, 0, 1, 1, 0, 0, 0
80791, 0, 1, 1, 0, 0, 0
80792, 0, 1, 1, 0, 0, 0
70091, 7, 0, 0, 0, 6, 1
70092, 0, 1, 0, 1, 0, 0
70093, 1, 0, 0, 0, 1, 0
70094, 1, 0, 0, 0, 1, 0
70095, 3, 0, 0, 0, 3, 0
70097, 1, 0, 0, 0, 1, 0
70098, 6, 0, 0, 0, 6, 0
70099, 3, 0, 0, 0, 3, 0
80794, 0, 1, 0, 1, 0, 0
70104, 1, 0, 0, 0, 1, 0
70105, 2, 0, 0, 0, 2, 0
70106, 3, 2, 2, 0, 3, 0
70107, 7, 0, 0, 0, 7, 0
70108, 1, 0, 0, 0, 1, 0
70109, 2, 0, 0, 0, 2, 0
70110, 15, 0, 0, 0, 7, 8
80795, 0, 1, 0, 1, 0, 0
70114, 17, 0, 0, 0, 14, 3
70115, 1, 0, 0, 0, 1, 0
70116, 4, 0, 0, 0, 3, 1
70117, 2, 0, 0, 0, 2, 0
70118, 1, 0, 0, 0, 1, 0
70119, 1, 0, 0, 0, 1, 0
70122, 6, 0, 0, 0, 2, 4
70131, 1, 0, 0, 0, 1, 0
70132, 2, 0, 0, 0, 2, 0
70133, 4, 0, 0, 0, 3, 1
70134, 2, 0, 0, 0, 2, 0
70135, 7, 0, 0, 0, 7, 0
70137, 2, 0, 0, 0, 2, 0
70138, 2, 0, 0, 0, 2, 0
73354, 4, 1, 1, 0, 2, 2
70141, 1, 0, 0, 0, 1, 0
70142, 2, 0, 0, 0, 1, 1
70144, 7, 1, 1, 0, 5, 2
70145, 1, 1, 1, 0, 1, 0
70146, 1, 0, 0, 0, 1, 0
70147, 1, 0, 0, 0, 1, 0
70149, 1, 0, 0, 0, 1, 0
70150, 7, 0, 0, 0, 3, 4
70151, 3, 0, 0, 0, 3, 0
70152, 1, 0, 0, 0, 1, 0
70154, 3, 0, 0, 0, 3, 0
70163, 3, 0, 0, 0, 3, 0
70164, 8, 0, 0, 0, 8, 0
70165, 8, 0, 0, 0, 8, 0
70166, 10, 0, 0, 0, 7, 3
70167, 7, 1, 1, 0, 7, 0
70168, 1, 2, 2, 0, 1, 0
70169, 3, 0, 0, 0, 3, 0
70171, 4, 0, 0, 0, 4, 0
70174, 22, 0, 0, 0, 22, 0
70175, 0, 1, 1, 0, 0, 0
70176, 2, 0, 0, 0, 2, 0
70177, 7, 0, 0, 0, 7, 0
70179, 1, 0, 0, 0, 1, 0
70180, 3, 0, 0, 0, 3, 0
70181, 6, 0, 0, 0, 5, 1
70182, 2, 1, 1, 0, 2, 0
80804, 0, 1, 1, 0, 0, 0
70183, 1, 0, 0, 0, 1, 0
70185, 11, 0, 0, 0, 9, 2
70186, 7, 0, 0, 0, 7, 0
70187, 3, 0, 0, 0, 3, 0
70188, 0, 1, 1, 0, 0, 0
70189, 2, 0, 0, 0, 2, 0
70190, 9, 0, 0, 0, 6, 3
70191, 1, 0, 0, 0, 1, 0
70194, 1, 0, 0, 0, 1, 0
70196, 1, 0, 0, 0, 1, 0
70197, 6, 2, 2, 0, 6, 0
70198, 0, 2, 2, 0, 0, 0
70199, 0, 1, 1, 0, 0, 0
70201, 12, 0, 0, 0, 11, 1
70202, 0, 1, 1, 0, 0, 0
70203, 1, 1, 1, 0, 1, 0
70204, 6, 0, 0, 0, 6, 0
70205, 1, 0, 0, 0, 1, 0
70206, 9, 0, 0, 0, 9, 0
70219, 4, 0, 0, 0, 4, 0
70220, 1, 0, 0, 0, 1, 0
70221, 7, 0, 0, 0, 7, 0
70222, 1, 0, 0, 0, 1, 0
70225, 2, 0, 0, 0, 2, 0
70226, 11, 0, 0, 0, 6, 5
70227, 2, 0, 0, 0, 2, 0
70228, 2, 0, 0, 0, 2, 0
70229, 10, 0, 0, 0, 10, 0
70230, 0, 1, 1, 0, 0, 0
70231, 5, 0, 0, 0, 5, 0
70232, 0, 1, 1, 0, 0, 0
70233, 3, 0, 0, 0, 3, 0
70234, 13, 0, 0, 0, 12, 1
70235, 0, 1, 1, 0, 0, 0
70236, 3, 0, 0, 0, 3, 0
70237, 0, 1, 1, 0, 0, 0
70243, 2, 0, 0, 0, 2, 0
70249, 1, 0, 0, 0, 1, 0
70250, 3, 0, 0, 0, 3, 0
70251, 1, 0, 0, 0, 1, 0
70252, 9, 0, 0, 0, 9, 0
70253, 2, 0, 0, 0, 2, 0
70255, 1, 0, 0, 0, 1, 0
70256, 1, 0, 0, 0, 1, 0
70257, 1, 0, 0, 0, 1, 0
71585, 0, 1, 1, 0, 0, 0
71586, 1, 1, 1, 0, 1, 0
70259, 4, 0, 0, 0, 3, 1
70260, 12, 2, 2, 0, 11, 1
70261, 1, 1, 1, 0, 1, 0
70262, 1, 1, 1, 0, 1, 0
70263, 3, 0, 0, 0, 3, 0
70264, 7, 0, 0, 0, 7, 0
70265, 7, 0, 0, 0, 4, 3
70266, 0, 1, 0, 1, 0, 0
70267, 3, 0, 0, 0, 2, 1
70268, 7, 0, 0, 0, 7, 0
70269, 0, 2, 2, 0, 0, 0
70270, 2, 0, 0, 0, 2, 0
70271, 5, 0, 0, 0, 5, 0
70272, 9, 0, 0, 0, 8, 1
70273, 2, 0, 0, 0, 2, 0
70274, 3, 0, 0, 0, 3, 0
70275, 2, 0, 0, 0, 2, 0
70276, 2, 0, 0, 0, 2, 0
70278, 11, 0, 0, 0, 11, 0
70279, 3, 0, 0, 0, 3, 0
70280, 2, 0, 0, 0, 2, 0
70281, 3, 0, 0, 0, 3, 0
70283, 2, 0, 0, 0, 2, 0
75045, 0, 1, 0, 1, 0, 0
70289, 2, 0, 0, 0, 2, 0
70290, 2, 0, 0, 0, 2, 0
70291, 2, 0, 0, 0, 2, 0
70292, 13, 0, 0, 0, 11, 2
70293, 10, 1, 1, 0, 3, 7
70294, 1, 1, 1, 0, 1, 0
70295, 4, 0, 0, 0, 3, 1
70296, 10, 1, 1, 0, 10, 0
70297, 3, 0, 0, 0, 3, 0
70300, 2, 0, 0, 0, 2, 0
80811, 0, 1, 1, 0, 0, 0
80812, 0, 1, 1, 0, 0, 0
70307, 2, 0, 0, 0, 2, 0
70308, 2, 0, 0, 0, 2, 0
70309, 2, 0, 0, 0, 2, 0
70310, 3, 0, 0, 0, 3, 0
70311, 2, 0, 0, 0, 2, 0
70312, 2, 0, 0, 0, 2, 0
70314, 4, 0, 0, 0, 4, 0
70317, 3, 0, 0, 0, 3, 0
70318, 18, 0, 0, 0, 18, 0
70319, 2, 0, 0, 0, 2, 0
70321, 4, 0, 0, 0, 4, 0
70323, 2, 0, 0, 0, 2, 0
70324, 2, 0, 0, 0, 2, 0
70325, 2, 0, 0, 0, 2, 0
70326, 7, 0, 0, 0, 7, 0
70327, 0, 1, 1, 0, 0, 0
70328, 2, 0, 0, 0, 2, 0
70329, 2, 0, 0, 0, 2, 0
70336, 2, 0, 0, 0, 2, 0
70337, 2, 0, 0, 0, 2, 0
70338, 2, 0, 0, 0, 2, 0
70339, 5, 1, 1, 0, 5, 0
70340, 2, 2, 2, 0, 2, 0
77293, 3, 1, 1, 0, 3, 0
70341, 2, 0, 0, 0, 2, 0
70342, 2, 0, 0, 0, 2, 0
70345, 11, 0, 0, 0, 9, 2
70348, 8, 0, 0, 0, 8, 0
70351, 5, 0, 0, 0, 5, 0
70352, 4, 0, 0, 0, 3, 1
70353, 6, 0, 0, 0, 2, 4
70354, 0, 1, 0, 1, 0, 0
70355, 5, 0, 0, 0, 5, 0
70356, 2, 0, 0, 0, 2, 0
70357, 2, 0, 0, 0, 2, 0
70358, 3, 0, 0, 0, 3, 0
70359, 0, 1, 1, 0, 0, 0
70360, 5, 0, 0, 0, 5, 0
70361, 0, 1, 1, 0, 0, 0
70362, 0, 2, 2, 0, 0, 0
70363, 2, 0, 0, 0, 2, 0
70364, 2, 0, 0, 0, 2, 0
70365, 3, 0, 0, 0, 3, 0
70366, 4, 1, 1, 0, 4, 0
70368, 3, 0, 0, 0, 3, 0
70369, 3, 0, 0, 0, 3, 0
70370, 7, 0, 0, 0, 6, 1
70371, 4, 1, 1, 0, 4, 0
70375, 2, 2, 2, 0, 2, 0
70377, 2, 0, 0, 0, 2, 0
70378, 2, 1, 1, 0, 2, 0
70380, 2, 0, 0, 0, 2, 0
70381, 4, 0, 0, 0, 4, 0
70382, 0, 1, 1, 0, 0, 0
70385, 2, 0, 0, 0, 2, 0
70386, 3, 0, 0, 0, 2, 1
70387, 4, 0, 0, 0, 4, 0
70388, 3, 0, 0, 0, 3, 0
70389, 2, 0, 0, 0, 2, 0
70390, 3, 1, 1, 0, 3, 0
77819, 8, 1, 1, 0, 8, 0
70392, 2, 0, 0, 0, 2, 0
70393, 2, 0, 0, 0, 2, 0
70394, 2, 0, 0, 0, 2, 0
70396, 2, 0, 0, 0, 2, 0
70397, 2, 0, 0, 0, 2, 0
70399, 2, 1, 1, 0, 2, 0
70400, 6, 4, 4, 0, 6, 0
70401, 0, 1, 1, 0, 0, 0
70402, 0, 2, 2, 0, 0, 0
70403, 0, 1, 1, 0, 0, 0
70405, 5, 0, 0, 0, 5, 0
80830, 1, 1, 0, 1, 0, 1
70410, 1, 0, 0, 0, 1, 0
70411, 3, 0, 0, 0, 1, 2
70412, 7, 0, 0, 0, 7, 0
70413, 0, 1, 1, 0, 0, 0
70414, 0, 2, 2, 0, 0, 0
70415, 2, 0, 0, 0, 2, 0
70416, 4, 0, 0, 0, 4, 0
70417, 2, 0, 0, 0, 2, 0
70418, 2, 0, 0, 0, 2, 0
70420, 2, 0, 0, 0, 2, 0
80831, 0, 1, 1, 0, 0, 0
80832, 0, 1, 0, 1, 0, 0
70429, 6, 0, 0, 0, 6, 0
70431, 3, 0, 0, 0, 3, 0
70432, 0, 2, 2, 0, 0, 0
70433, 4, 0, 0, 0, 4, 0
70434, 2, 0, 0, 0, 2, 0
70435, 7, 0, 0, 0, 7, 0
70436, 15, 0, 0, 0, 15, 0
70437, 4, 0, 0, 0, 4, 0
70438, 1, 0, 0, 0, 1, 0
70439, 2, 1, 1, 0, 2, 0
70440, 1, 1, 1, 0, 1, 0
70441, 3, 1, 1, 0, 3, 0
70442, 0, 1, 1, 0, 0, 0
70443, 1, 1, 1, 0, 1, 0
70444, 5, 0, 0, 0, 5, 0
70445, 1, 0, 0, 0, 1, 0
70446, 1, 0, 0, 0, 1, 0
70447, 6, 0, 0, 0, 6, 0
70448, 0, 1, 1, 0, 0, 0
70449, 1, 0, 0, 0, 1, 0
70451, 2, 0, 0, 0, 1, 1
70452, 4, 0, 0, 0, 4, 0
70453, 0, 1, 1, 0, 0, 0
70454, 0, 1, 1, 0, 0, 0
70459, 2, 0, 0, 0, 2, 0
70460, 11, 0, 0, 0, 6, 5
70461, 5, 0, 0, 0, 5, 0
70462, 10, 1, 1, 0, 10, 0
70464, 3, 0, 0, 0, 3, 0
70465, 3, 0, 0, 0, 3, 0
70466, 3, 0, 0, 0, 3, 0
70467, 2, 0, 0, 0, 2, 0
70468, 3, 0, 0, 0, 3, 0
70469, 12, 0, 0, 0, 12, 0
70470, 3, 0, 0, 0, 3, 0
70471, 18, 0, 0, 0, 10, 8
70472, 0, 1, 0, 1, 0, 0
70475, 2, 0, 0, 0, 2, 0
70476, 8, 0, 0, 0, 7, 1
70477, 2, 0, 0, 0, 2, 0
70478, 3, 0, 0, 0, 3, 0
70479, 2, 0, 0, 0, 2, 0
70480, 4, 0, 0, 0, 3, 1
70481, 6, 0, 0, 0, 5, 1
70482, 4, 0, 0, 0, 4, 0
70483, 1, 0, 0, 0, 1, 0
70484, 1, 1, 1, 0, 1, 0
70485, 10, 0, 0, 0, 10, 0
70486, 0, 1, 1, 0, 0, 0
70487, 1, 0, 0, 0, 1, 0
70488, 3, 1, 1, 0, 3, 0
70489, 1, 0, 0, 0, 1, 0
70490, 9, 0, 0, 0, 4, 5
70491, 0, 1, 1, 0, 0, 0
70492, 6, 0, 0, 0, 5, 1
70493, 1, 0, 0, 0, 1, 0
70494, 1, 0, 0, 0, 1, 0
70495, 2, 0, 0, 0, 1, 1
70496, 1, 0, 0, 0, 1, 0
70497, 1, 0, 0, 0, 1, 0
70498, 2, 0, 0, 0, 2, 0
70499, 0, 1, 1, 0, 0, 0
70500, 1, 0, 0, 0, 1, 0
70502, 6, 1, 1, 0, 6, 0
70503, 0, 1, 1, 0, 0, 0
70504, 6, 0, 0, 0, 6, 0
70505, 0, 1, 1, 0, 0, 0
70506, 3, 0, 0, 0, 2, 1
70507, 12, 1, 1, 0, 12, 0
70509, 4, 0, 0, 0, 4, 0
70510, 3, 0, 0, 0, 3, 0
70511, 1, 0, 0, 0, 1, 0
70512, 4, 0, 0, 0, 4, 0
70513, 1, 0, 0, 0, 1, 0
70514, 5, 0, 0, 0, 5, 0
70515, 0, 1, 1, 0, 0, 0
70516, 6, 0, 0, 0, 3, 3
70517, 0, 1, 0, 1, 0, 0
70518, 1, 0, 0, 0, 1, 0
70519, 4, 0, 0, 0, 4, 0
70520, 4, 0, 0, 0, 3, 1
70521, 8, 0, 0, 0, 8, 0
70522, 1, 1, 1, 0, 1, 0
70523, 6, 0, 0, 0, 6, 0
70524, 1, 0, 0, 0, 1, 0
70525, 15, 0, 0, 0, 13, 2
70526, 2, 0, 0, 0, 2, 0
70527, 1, 0, 0, 0, 1, 0
70528, 4, 0, 0, 0, 4, 0
70529, 5, 0, 0, 0, 4, 1
70530, 5, 0, 0, 0, 5, 0
70531, 3, 0, 0, 0, 3, 0
70533, 6, 0, 0, 0, 2, 4
70534, 3, 0, 0, 0, 3, 0
70535, 2, 0, 0, 0, 2, 0
70538, 9, 0, 0, 0, 2, 7
70540, 3, 0, 0, 0, 2, 1
70541, 1, 0, 0, 0, 1, 0
70542, 1, 0, 0, 0, 1, 0
70543, 2, 0, 0, 0, 2, 0
70544, 1, 0, 0, 0, 1, 0
70545, 4, 0, 0, 0, 4, 0
70546, 1, 0, 0, 0, 1, 0
70547, 5, 0, 0, 0, 2, 3
70548, 1, 0, 0, 0, 1, 0
70549, 4, 1, 1, 0, 4, 0
70550, 1, 1, 1, 0, 1, 0
70551, 1, 0, 0, 0, 1, 0
80842, 0, 1, 1, 0, 0, 0
70556, 3, 1, 1, 0, 3, 0
70557, 1, 1, 1, 0, 1, 0
70560, 1, 0, 0, 0, 1, 0
70566, 2, 0, 0, 0, 2, 0
70567, 7, 0, 0, 0, 7, 0
70568, 0, 1, 1, 0, 0, 0
70569, 0, 1, 1, 0, 0, 0
70570, 7, 0, 0, 0, 7, 0
70571, 1, 0, 0, 0, 1, 0
70572, 7, 0, 0, 0, 7, 0
70573, 6, 0, 0, 0, 6, 0
70574, 4, 0, 0, 0, 3, 1
70575, 1, 0, 0, 0, 1, 0
70576, 3, 0, 0, 0, 2, 1
70577, 12, 0, 0, 0, 8, 4
70578, 0, 2, 2, 0, 0, 0
70579, 4, 0, 0, 0, 4, 0
70580, 1, 0, 0, 0, 1, 0
70581, 7, 0, 0, 0, 7, 0
70582, 0, 1, 1, 0, 0, 0
80843, 0, 1, 1, 0, 0, 0
70584, 5, 0, 0, 0, 4, 1
70585, 1, 2, 2, 0, 1, 0
76139, 3, 1, 1, 0, 3, 0
70586, 1, 0, 0, 0, 1, 0
70587, 3, 0, 0, 0, 3, 0
70588, 1, 0, 0, 0, 1, 0
70589, 23, 0, 0, 0, 19, 4
70590, 0, 1, 1, 0, 0, 0
70591, 2, 0, 0, 0, 2, 0
70592, 2, 0, 0, 0, 2, 0
70593, 1, 0, 0, 0, 1, 0
70596, 7, 1, 1, 0, 7, 0
70597, 1, 1, 1, 0, 1, 0
70598, 18, 0, 0, 0, 7, 11
70599, 1, 0, 0, 0, 1, 0
70600, 13, 0, 0, 0, 9, 4
70601, 0, 1, 1, 0, 0, 0
70602, 0, 1, 0, 1, 0, 0
70603, 3, 0, 0, 0, 3, 0
70604, 2, 0, 0, 0, 2, 0
70605, 2, 0, 0, 0, 1, 1
70606, 3, 0, 0, 0, 2, 1
70607, 1, 0, 0, 0, 1, 0
70609, 4, 0, 0, 0, 4, 0
70610, 1, 0, 0, 0, 1, 0
70611, 6, 1, 1, 0, 4, 2
70612, 2, 0, 0, 0, 2, 0
70613, 2, 0, 0, 0, 2, 0
70615, 2, 0, 0, 0, 2, 0
70616, 3, 0, 0, 0, 3, 0
70627, 1, 0, 0, 0, 1, 0
70628, 1, 0, 0, 0, 1, 0
70629, 7, 0, 0, 0, 7, 0
70630, 3, 0, 0, 0, 3, 0
70631, 2, 0, 0, 0, 2, 0
70632, 2, 0, 0, 0, 2, 0
70633, 11, 0, 0, 0, 6, 5
70634, 0, 1, 0, 1, 0, 0
70636, 3, 0, 0, 0, 3, 0
70637, 2, 0, 0, 0, 2, 0
70638, 7, 0, 0, 0, 7, 0
70640, 26, 0, 0, 0, 24, 2
70641, 0, 1, 1, 0, 0, 0
70648, 0, 2, 2, 0, 0, 0
70649, 0, 1, 1, 0, 0, 0
70652, 1, 0, 0, 0, 1, 0
70653, 1, 0, 0, 0, 1, 0
70654, 1, 0, 0, 0, 1, 0
70655, 1, 0, 0, 0, 1, 0
70656, 1, 0, 0, 0, 1, 0
70657, 4, 0, 0, 0, 4, 0
70658, 7, 0, 0, 0, 7, 0
70659, 2, 0, 0, 0, 2, 0
70660, 4, 0, 0, 0, 4, 0
70661, 3, 0, 0, 0, 3, 0
70662, 0, 2, 2, 0, 0, 0
70663, 2, 1, 1, 0, 2, 0
80846, 0, 1, 1, 0, 0, 0
80847, 0, 1, 1, 0, 0, 0
80848, 0, 1, 1, 0, 0, 0
80849, 0, 1, 1, 0, 0, 0
70667, 4, 0, 0, 0, 4, 0
70669, 1, 0, 0, 0, 1, 0
70670, 1, 0, 0, 0, 1, 0
70671, 2, 0, 0, 0, 2, 0
70673, 4, 0, 0, 0, 1, 3
70674, 13, 0, 0, 0, 13, 0
70675, 0, 2, 2, 0, 0, 0
70676, 0, 1, 1, 0, 0, 0
70677, 9, 0, 0, 0, 9, 0
70678, 0, 1, 1, 0, 0, 0
70679, 6, 0, 0, 0, 5, 1
70680, 4, 0, 0, 0, 3, 1
70681, 3, 0, 0, 0, 3, 0
70682, 2, 0, 0, 0, 2, 0
70683, 4, 0, 0, 0, 1, 3
70684, 3, 0, 0, 0, 3, 0
70686, 3, 0, 0, 0, 3, 0
70687, 3, 1, 1, 0, 3, 0
70688, 0, 1, 1, 0, 0, 0
70689, 1, 1, 1, 0, 1, 0
70694, 1, 0, 0, 0, 1, 0
70696, 1, 0, 0, 0, 1, 0
70697, 4, 1, 1, 0, 4, 0
70698, 1, 1, 1, 0, 1, 0
70699, 1, 0, 0, 0, 1, 0
70706, 3, 0, 0, 0, 3, 0
70707, 1, 0, 0, 0, 1, 0
70708, 2, 0, 0, 0, 2, 0
70711, 2, 0, 0, 0, 2, 0
70716, 4, 0, 0, 0, 3, 1
70717, 1, 0, 0, 0, 1, 0
70727, 3, 0, 0, 0, 3, 0
70732, 7, 0, 0, 0, 7, 0
70733, 0, 1, 1, 0, 0, 0
70748, 2, 0, 0, 0, 2, 0
80875, 0, 1, 0, 1, 0, 0
70756, 1, 0, 0, 0, 1, 0
70757, 2, 0, 0, 0, 2, 0
70758, 5, 0, 0, 0, 5, 0
70760, 2, 0, 0, 0, 1, 1
70761, 3, 1, 1, 0, 2, 1
70762, 7, 2, 2, 0, 7, 0
72600, 1, 1, 1, 0, 1, 0
72601, 0, 1, 1, 0, 0, 0
72602, 0, 1, 1, 0, 0, 0
70765, 3, 0, 0, 0, 2, 1
70766, 1, 0, 0, 0, 1, 0
70767, 2, 0, 0, 0, 1, 1
70768, 1, 0, 0, 0, 1, 0
70769, 1, 0, 0, 0, 1, 0
70770, 2, 1, 1, 0, 1, 1
70771, 1, 1, 0, 1, 1, 0
70772, 1, 0, 0, 0, 1, 0
70773, 1, 0, 0, 0, 1, 0
70774, 3, 0, 0, 0, 3, 0
70776, 2, 0, 0, 0, 2, 0
70777, 2, 0, 0, 0, 2, 0
70778, 5, 0, 0, 0, 5, 0
70779, 4, 1, 1, 0, 4, 0
70780, 8, 2, 2, 0, 7, 1
73175, 1, 1, 1, 0, 1, 0
73176, 0, 1, 1, 0, 0, 0
70781, 2, 0, 0, 0, 2, 0
70782, 3, 0, 0, 0, 3, 0
70783, 0, 1, 1, 0, 0, 0
70784, 2, 0, 0, 0, 2, 0
70786, 4, 2, 2, 0, 4, 0
80878, 0, 1, 1, 0, 0, 0
80879, 0, 1, 1, 0, 0, 0
80880, 2, 1, 1, 0, 2, 0
70787, 1, 0, 0, 0, 1, 0
70788, 3, 0, 0, 0, 1, 2
70806, 1, 0, 0, 0, 1, 0
70807, 3, 0, 0, 0, 3, 0
70808, 5, 0, 0, 0, 3, 2
70809, 3, 0, 0, 0, 3, 0
70810, 2, 0, 0, 0, 2, 0
70811, 3, 0, 0, 0, 2, 1
70813, 2, 0, 0, 0, 2, 0
70814, 0, 1, 1, 0, 0, 0
70815, 10, 0, 0, 0, 10, 0
70816, 0, 1, 1, 0, 0, 0
70818, 4, 0, 0, 0, 4, 0
70819, 0, 1, 1, 0, 0, 0
70820, 7, 0, 0, 0, 6, 1
70821, 0, 1, 1, 0, 0, 0
70824, 1, 0, 0, 0, 1, 0
80884, 0, 1, 1, 0, 0, 0
70836, 2, 0, 0, 0, 2, 0
70837, 3, 0, 0, 0, 3, 0
70838, 10, 0, 0, 0, 10, 0
70839, 7, 0, 0, 0, 7, 0
70840, 7, 0, 0, 0, 5, 2
70841, 0, 1, 1, 0, 0, 0
70842, 0, 1, 0, 1, 0, 0
78939, 0, 1, 1, 0, 0, 0
79325, 1, 1, 1, 0, 1, 0
79326, 0, 1, 1, 0, 0, 0
70879, 1, 0, 0, 0, 1, 0
70897, 6, 0, 0, 0, 6, 0
70898, 7, 0, 0, 0, 5, 2
70899, 1, 0, 0, 0, 1, 0
70903, 3, 0, 0, 0, 3, 0
70904, 3, 0, 0, 0, 3, 0
70911, 1, 0, 0, 0, 1, 0
79301, 0, 1, 1, 0, 0, 0
79302, 1, 1, 0, 1, 0, 1
70919, 1, 0, 0, 0, 1, 0
70920, 3, 0, 0, 0, 3, 0
70921, 2, 0, 0, 0, 2, 0
70924, 2, 0, 0, 0, 2, 0
70926, 1, 0, 0, 0, 1, 0
70927, 3, 0, 0, 0, 3, 0
70930, 1, 0, 0, 0, 1, 0
70931, 5, 0, 0, 0, 5, 0
70936, 7, 0, 0, 0, 7, 0
70938, 1, 0, 0, 0, 1, 0
70939, 4, 0, 0, 0, 2, 2
70940, 3, 0, 0, 0, 3, 0
70941, 2, 0, 0, 0, 2, 0
70942, 4, 0, 0, 0, 4, 0
70943, 2, 0, 0, 0, 2, 0
70946, 2, 0, 0, 0, 2, 0
70947, 0, 1, 1, 0, 0, 0
70949, 1, 0, 0, 0, 1, 0
70950, 4, 0, 0, 0, 4, 0
70951, 0, 1, 1, 0, 0, 0
70952, 0, 1, 1, 0, 0, 0
70953, 2, 0, 0, 0, 2, 0
70955, 2, 0, 0, 0, 2, 0
70956, 2, 0, 0, 0, 2, 0
70957, 3, 0, 0, 0, 3, 0
70958, 2, 0, 0, 0, 2, 0
70959, 1, 0, 0, 0, 1, 0
70960, 1, 0, 0, 0, 1, 0
70961, 2, 0, 0, 0, 2, 0
70962, 1, 0, 0, 0, 1, 0
80931, 0, 1, 1, 0, 0, 0
70965, 1, 0, 0, 0, 1, 0
70966, 1, 0, 0, 0, 1, 0
70967, 2, 0, 0, 0, 2, 0
70968, 1, 0, 0, 0, 1, 0
70969, 1, 0, 0, 0, 1, 0
70971, 1, 0, 0, 0, 1, 0
70972, 1, 0, 0, 0, 1, 0
70973, 1, 1, 1, 0, 1, 0
70974, 1, 0, 0, 0, 1, 0
70975, 5, 0, 0, 0, 4, 1
70977, 1, 0, 0, 0, 1, 0
70979, 6, 0, 0, 0, 2, 4
70980, 1, 0, 0, 0, 1, 0
70981, 1, 0, 0, 0, 1, 0
70982, 1, 0, 0, 0, 1, 0
70983, 11, 0, 0, 0, 10, 1
70984, 0, 1, 0, 1, 0, 0
70985, 4, 0, 0, 0, 4, 0
70986, 1, 0, 0, 0, 1, 0
70987, 4, 0, 0, 0, 4, 0
70988, 0, 1, 1, 0, 0, 0
70989, 4, 0, 0, 0, 4, 0
70990, 0, 1, 1, 0, 0, 0
70991, 5, 0, 0, 0, 4, 1
70992, 2, 0, 0, 0, 2, 0
70994, 8, 0, 0, 0, 3, 5
70995, 1, 0, 0, 0, 1, 0
70996, 3, 0, 0, 0, 3, 0
70997, 0, 1, 1, 0, 0, 0
70998, 1, 0, 0, 0, 1, 0
71001, 2, 0, 0, 0, 2, 0
71002, 0, 1, 1, 0, 0, 0
71004, 1, 0, 0, 0, 1, 0
71005, 2, 0, 0, 0, 2, 0
71007, 3, 0, 0, 0, 3, 0
71008, 2, 0, 0, 0, 2, 0
71009, 1, 0, 0, 0, 1, 0
71010, 4, 0, 0, 0, 4, 0
71011, 0, 1, 1, 0, 0, 0
71012, 2, 0, 0, 0, 2, 0
71014, 5, 0, 0, 0, 5, 0
71017, 1, 0, 0, 0, 1, 0
71018, 2, 0, 0, 0, 2, 0
71019, 1, 0, 0, 0, 1, 0
71020, 1, 0, 0, 0, 1, 0
71021, 1, 0, 0, 0, 1, 0
71022, 4, 0, 0, 0, 4, 0
71023, 1, 0, 0, 0, 1, 0
71024, 2, 0, 0, 0, 2, 0
71025, 2, 0, 0, 0, 1, 1
71026, 1, 0, 0, 0, 1, 0
71027, 9, 0, 0, 0, 2, 7
71029, 1, 0, 0, 0, 1, 0
71030, 2, 1, 1, 0, 2, 0
71031, 2, 0, 0, 0, 2, 0
71032, 1, 0, 0, 0, 1, 0
71033, 3, 0, 0, 0, 3, 0
71034, 0, 1, 1, 0, 0, 0
71035, 0, 1, 1, 0, 0, 0
71038, 1, 0, 0, 0, 1, 0
71039, 1, 0, 0, 0, 1, 0
71040, 6, 0, 0, 0, 5, 1
71041, 2, 0, 0, 0, 2, 0
71042, 1, 0, 0, 0, 1, 0
71043, 1, 0, 0, 0, 1, 0
71045, 2, 0, 0, 0, 2, 0
71046, 1, 0, 0, 0, 1, 0
71047, 2, 0, 0, 0, 2, 0
71049, 19, 0, 0, 0, 19, 0
71050, 9, 0, 0, 0, 8, 1
71051, 2, 0, 0, 0, 2, 0
71052, 1, 0, 0, 0, 1, 0
71053, 3, 0, 0, 0, 2, 1
71054, 5, 0, 0, 0, 4, 1
71056, 6, 0, 0, 0, 2, 4
71057, 6, 1, 1, 0, 5, 1
71058, 1, 1, 1, 0, 1, 0
71059, 0, 1, 1, 0, 0, 0
71060, 12, 0, 0, 0, 11, 1
71061, 0, 2, 2, 0, 0, 0
71062, 0, 1, 1, 0, 0, 0
71063, 1, 0, 0, 0, 1, 0
71064, 3, 0, 0, 0, 3, 0
71065, 4, 0, 0, 0, 2, 2
71066, 0, 1, 0, 1, 0, 0
71068, 1, 0, 0, 0, 1, 0
71069, 1, 0, 0, 0, 1, 0
71070, 2, 0, 0, 0, 2, 0
71071, 2, 0, 0, 0, 2, 0
71072, 3, 0, 0, 0, 3, 0
71073, 1, 0, 0, 0, 1, 0
71074, 3, 0, 0, 0, 1, 2
71076, 1, 0, 0, 0, 1, 0
71077, 5, 0, 0, 0, 3, 2
71078, 8, 0, 0, 0, 8, 0
71079, 3, 0, 0, 0, 3, 0
71080, 2, 0, 0, 0, 2, 0
71081, 1, 0, 0, 0, 1, 0
71082, 1, 0, 0, 0, 1, 0
71083, 1, 0, 0, 0, 1, 0
71084, 4, 0, 0, 0, 4, 0
71085, 1, 0, 0, 0, 1, 0
71086, 1, 0, 0, 0, 1, 0
71087, 2, 0, 0, 0, 2, 0
71088, 12, 0, 0, 0, 12, 0
71089, 0, 1, 1, 0, 0, 0
71091, 1, 0, 0, 0, 1, 0
71092, 1, 0, 0, 0, 1, 0
71093, 4, 1, 1, 0, 4, 0
71094, 2, 1, 1, 0, 2, 0
71095, 4, 0, 0, 0, 4, 0
71096, 1, 0, 0, 0, 1, 0
71097, 1, 0, 0, 0, 1, 0
71098, 1, 0, 0, 0, 1, 0
71099, 3, 0, 0, 0, 2, 1
71100, 1, 0, 0, 0, 1, 0
71101, 2, 0, 0, 0, 1, 1
71102, 15, 0, 0, 0, 15, 0
71103, 0, 1, 1, 0, 0, 0
71104, 0, 1, 1, 0, 0, 0
71105, 0, 2, 2, 0, 0, 0
71106, 1, 1, 1, 0, 1, 0
71107, 0, 1, 1, 0, 0, 0
71108, 0, 1, 1, 0, 0, 0
71109, 0, 1, 1, 0, 0, 0
71110, 2, 0, 0, 0, 1, 1
71111, 1, 0, 0, 0, 1, 0
71112, 1, 0, 0, 0, 1, 0
71113, 3, 0, 0, 0, 3, 0
71114, 1, 1, 1, 0, 1, 0
71115, 6, 0, 0, 0, 6, 0
71116, 2, 0, 0, 0, 2, 0
71118, 3, 0, 0, 0, 2, 1
71119, 1, 0, 0, 0, 1, 0
71120, 2, 0, 0, 0, 2, 0
71122, 4, 0, 0, 0, 4, 0
71123, 4, 0, 0, 0, 2, 2
71126, 1, 0, 0, 0, 1, 0
71127, 10, 0, 0, 0, 10, 0
71128, 1, 0, 0, 0, 1, 0
71129, 1, 0, 0, 0, 1, 0
71130, 1, 0, 0, 0, 1, 0
71131, 7, 0, 0, 0, 7, 0
71132, 0, 1, 1, 0, 0, 0
71133, 1, 0, 0, 0, 1, 0
71134, 1, 0, 0, 0, 1, 0
71135, 1, 0, 0, 0, 1, 0
71136, 1, 0, 0, 0, 1, 0
71138, 1, 0, 0, 0, 1, 0
71139, 10, 0, 0, 0, 6, 4
71140, 1, 0, 0, 0, 1, 0
71141, 1, 0, 0, 0, 1, 0
71142, 1, 0, 0, 0, 1, 0
71143, 2, 0, 0, 0, 2, 0
71144, 8, 1, 1, 0, 6, 2
71145, 1, 1, 1, 0, 1, 0
71146, 1, 0, 0, 0, 1, 0
71148, 2, 0, 0, 0, 1, 1
71149, 1, 0, 0, 0, 1, 0
71150, 1, 0, 0, 0, 1, 0
71151, 1, 0, 0, 0, 1, 0
71152, 1, 0, 0, 0, 1, 0
71154, 1, 0, 0, 0, 1, 0
71155, 2, 0, 0, 0, 2, 0
71156, 5, 0, 0, 0, 2, 3
71157, 2, 0, 0, 0, 2, 0
71158, 1, 0, 0, 0, 1, 0
71161, 1, 0, 0, 0, 1, 0
71162, 1, 0, 0, 0, 1, 0
80757, 1, 1, 1, 0, 1, 0
80758, 0, 1, 1, 0, 0, 0
71165, 6, 0, 0, 0, 6, 0
71166, 0, 1, 1, 0, 0, 0
71167, 1, 0, 0, 0, 1, 0
71168, 1, 0, 0, 0, 1, 0
71169, 6, 0, 0, 0, 5, 1
71170, 4, 0, 0, 0, 4, 0
71171, 1, 0, 0, 0, 1, 0
71172, 1, 0, 0, 0, 1, 0
71173, 1, 0, 0, 0, 1, 0
71174, 1, 0, 0, 0, 1, 0
71175, 2, 0, 0, 0, 2, 0
71176, 3, 0, 0, 0, 2, 1
71177, 2, 0, 0, 0, 2, 0
71178, 3, 0, 0, 0, 1, 2
71179, 1, 0, 0, 0, 1, 0
71180, 5, 0, 0, 0, 5, 0
71181, 0, 1, 1, 0, 0, 0
71182, 0, 2, 2, 0, 0, 0
71183, 1, 0, 0, 0, 1, 0
71184, 2, 0, 0, 0, 2, 0
71185, 2, 0, 0, 0, 2, 0
71186, 3, 0, 0, 0, 3, 0
71188, 1, 0, 0, 0, 1, 0
71189, 8, 0, 0, 0, 6, 2
71190, 0, 1, 1, 0, 0, 0
71191, 13, 1, 1, 0, 13, 0
71192, 1, 1, 1, 0, 1, 0
71193, 2, 0, 0, 0, 2, 0
71194, 4, 0, 0, 0, 4, 0
71195, 0, 1, 1, 0, 0, 0
71196, 1, 0, 0, 0, 1, 0
71197, 9, 0, 0, 0, 4, 5
71199, 0, 1, 1, 0, 0, 0
71200, 5, 0, 0, 0, 4, 1
71201, 2, 0, 0, 0, 2, 0
71202, 1, 0, 0, 0, 1, 0
71203, 2, 0, 0, 0, 2, 0
71204, 1, 0, 0, 0, 1, 0
71205, 3, 1, 1, 0, 2, 1
71206, 2, 1, 1, 0, 2, 0
80939, 0, 1, 1, 0, 0, 0
71207, 7, 1, 1, 0, 7, 0
71208, 0, 1, 1, 0, 0, 0
71209, 2, 0, 0, 0, 2, 0
71210, 1, 0, 0, 0, 1, 0
71211, 1, 0, 0, 0, 1, 0
71212, 2, 0, 0, 0, 2, 0
71213, 3, 0, 0, 0, 3, 0
71214, 4, 0, 0, 0, 4, 0
71215, 10, 0, 0, 0, 8, 2
71216, 3, 1, 1, 0, 3, 0
80941, 1, 1, 1, 0, 1, 0
71221, 1, 0, 0, 0, 1, 0
80942, 0, 1, 1, 0, 0, 0
71223, 1, 0, 0, 0, 1, 0
71228, 1, 0, 0, 0, 1, 0
71229, 1, 0, 0, 0, 1, 0
71231, 4, 0, 0, 0, 3, 1
71232, 2, 0, 0, 0, 2, 0
78978, 0, 1, 1, 0, 0, 0
78979, 0, 1, 1, 0, 0, 0
78980, 0, 1, 1, 0, 0, 0
72273, 0, 1, 1, 0, 0, 0
71255, 8, 0, 0, 0, 6, 2
71256, 2, 0, 0, 0, 2, 0
71257, 2, 0, 0, 0, 2, 0
71258, 9, 1, 1, 0, 8, 1
71259, 1, 1, 1, 0, 1, 0
71260, 0, 1, 1, 0, 0, 0
71261, 4, 0, 0, 0, 3, 1
71262, 0, 1, 1, 0, 0, 0
71263, 2, 0, 0, 0, 1, 1
71264, 1, 0, 0, 0, 1, 0
71265, 1, 0, 0, 0, 1, 0
71267, 5, 0, 0, 0, 5, 0
71268, 0, 1, 1, 0, 0, 0
71275, 5, 0, 0, 0, 5, 0
71276, 0, 1, 1, 0, 0, 0
71277, 2, 0, 0, 0, 1, 1
71278, 2, 0, 0, 0, 2, 0
71280, 2, 0, 0, 0, 2, 0
71281, 1, 0, 0, 0, 1, 0
71282, 8, 0, 0, 0, 2, 6
71284, 1, 0, 0, 0, 1, 0
71292, 2, 0, 0, 0, 2, 0
71293, 1, 0, 0, 0, 1, 0
71294, 1, 0, 0, 0, 1, 0
71298, 1, 0, 0, 0, 1, 0
71299, 2, 0, 0, 0, 2, 0
71316, 1, 0, 0, 0, 1, 0
71317, 1, 0, 0, 0, 1, 0
71318, 3, 0, 0, 0, 2, 1
80965, 0, 1, 1, 0, 0, 0
71321, 3, 0, 0, 0, 3, 0
71322, 1, 0, 0, 0, 1, 0
71323, 1, 0, 0, 0, 1, 0
71324, 1, 0, 0, 0, 1, 0
71325, 2, 0, 0, 0, 2, 0
71326, 1, 0, 0, 0, 1, 0
71327, 1, 0, 0, 0, 1, 0
71328, 1, 0, 0, 0, 1, 0
71329, 1, 0, 0, 0, 1, 0
71333, 3, 0, 0, 0, 3, 0
71334, 7, 0, 0, 0, 2, 5
71335, 1, 1, 0, 1, 1, 0
71336, 5, 0, 0, 0, 5, 0
71337, 2, 0, 0, 0, 2, 0
71338, 9, 0, 0, 0, 6, 3
71339, 0, 1, 1, 0, 0, 0
71340, 0, 1, 0, 1, 0, 0
71342, 6, 0, 0, 0, 6, 0
71343, 0, 1, 1, 0, 0, 0
71344, 0, 1, 1, 0, 0, 0
71345, 6, 0, 0, 0, 6, 0
71346, 3, 1, 1, 0, 3, 0
71348, 8, 0, 0, 0, 8, 0
71349, 1, 0, 0, 0, 1, 0
71351, 2, 0, 0, 0, 2, 0
71352, 2, 0, 0, 0, 2, 0
71355, 8, 0, 0, 0, 4, 4
71356, 1, 0, 0, 0, 1, 0
71357, 2, 0, 0, 0, 1, 1
71358, 4, 0, 0, 0, 3, 1
71359, 1, 1, 0, 1, 1, 0
71361, 1, 0, 0, 0, 1, 0
71362, 4, 0, 0, 0, 3, 1
71363, 2, 0, 0, 0, 2, 0
71364, 2, 0, 0, 0, 2, 0
71365, 7, 0, 0, 0, 7, 0
71368, 1, 0, 0, 0, 1, 0
71369, 1, 0, 0, 0, 1, 0
71370, 7, 0, 0, 0, 7, 0
71371, 3, 0, 0, 0, 3, 0
71376, 8, 0, 0, 0, 5, 3
71377, 4, 0, 0, 0, 4, 0
71378, 2, 0, 0, 0, 2, 0
71380, 7, 0, 0, 0, 7, 0
71381, 0, 1, 1, 0, 0, 0
71382, 2, 0, 0, 0, 2, 0
71383, 1, 0, 0, 0, 1, 0
71384, 3, 0, 0, 0, 3, 0
71389, 1, 0, 0, 0, 1, 0
72326, 0, 1, 0, 1, 0, 0
71397, 2, 0, 0, 0, 2, 0
71398, 5, 0, 0, 0, 5, 0
71399, 1, 0, 0, 0, 1, 0
71400, 1, 0, 0, 0, 1, 0
71401, 1, 0, 0, 0, 1, 0
71404, 5, 0, 0, 0, 4, 1
71407, 1, 0, 0, 0, 1, 0
71415, 3, 0, 0, 0, 3, 0
71417, 3, 0, 0, 0, 3, 0
71418, 0, 1, 1, 0, 0, 0
71421, 4, 0, 0, 0, 4, 0
71422, 3, 0, 0, 0, 3, 0
71423, 2, 0, 0, 0, 2, 0
71424, 4, 0, 0, 0, 2, 2
71425, 1, 0, 0, 0, 1, 0
71426, 1, 0, 0, 0, 1, 0
71427, 1, 0, 0, 0, 1, 0
71430, 7, 0, 0, 0, 7, 0
71431, 1, 0, 0, 0, 1, 0
71432, 7, 0, 0, 0, 7, 0
71433, 3, 0, 0, 0, 3, 0
71434, 2, 0, 0, 0, 2, 0
80977, 0, 1, 0, 1, 0, 0
71439, 2, 0, 0, 0, 2, 0
71440, 4, 0, 0, 0, 4, 0
71441, 4, 0, 0, 0, 4, 0
71444, 1, 0, 0, 0, 1, 0
71445, 3, 0, 0, 0, 3, 0
71446, 0, 1, 1, 0, 0, 0
71451, 11, 0, 0, 0, 11, 0
71452, 11, 0, 0, 0, 11, 0
71455, 2, 0, 0, 0, 2, 0
71456, 3, 1, 1, 0, 3, 0
71465, 1, 0, 0, 0, 1, 0
71466, 5, 0, 0, 0, 4, 1
71470, 4, 1, 1, 0, 4, 0
71471, 1, 1, 1, 0, 1, 0
71472, 0, 1, 1, 0, 0, 0
71473, 1, 0, 0, 0, 1, 0
71475, 6, 0, 0, 0, 4, 2
71477, 4, 0, 0, 0, 4, 0
71484, 2, 0, 0, 0, 2, 0
71485, 1, 0, 0, 0, 1, 0
71486, 2, 0, 0, 0, 2, 0
71487, 4, 0, 0, 0, 3, 1
71488, 1, 0, 0, 0, 1, 0
71499, 1, 0, 0, 0, 1, 0
71509, 5, 0, 0, 0, 5, 0
71510, 0, 1, 1, 0, 0, 0
71511, 1, 0, 0, 0, 1, 0
71512, 1, 0, 0, 0, 1, 0
71513, 4, 0, 0, 0, 4, 0
71515, 3, 1, 1, 0, 3, 0
71516, 1, 1, 1, 0, 1, 0
71517, 0, 1, 1, 0, 0, 0
73152, 0, 2, 2, 0, 0, 0
71520, 3, 0, 0, 0, 3, 0
71521, 2, 0, 0, 0, 2, 0
71531, 6, 1, 1, 0, 6, 0
71532, 0, 1, 1, 0, 0, 0
71536, 1, 0, 0, 0, 1, 0
71539, 13, 0, 0, 0, 10, 3
71548, 2, 0, 0, 0, 2, 0
71550, 2, 0, 0, 0, 2, 0
71551, 2, 0, 0, 0, 2, 0
81000, 0, 1, 1, 0, 0, 0
71564, 12, 0, 0, 0, 12, 0
71565, 0, 1, 1, 0, 0, 0
71566, 2, 0, 0, 0, 2, 0
71567, 10, 0, 0, 0, 5, 5
71568, 0, 1, 0, 1, 0, 0
71569, 10, 0, 0, 0, 9, 1
71571, 8, 0, 0, 0, 8, 0
71572, 1, 0, 0, 0, 1, 0
71574, 4, 0, 0, 0, 4, 0
71587, 7, 0, 0, 0, 7, 0
71590, 3, 0, 0, 0, 3, 0
71593, 1, 0, 0, 0, 1, 0
71594, 1, 0, 0, 0, 1, 0
71595, 1, 0, 0, 0, 1, 0
71597, 3, 0, 0, 0, 3, 0
71598, 2, 0, 0, 0, 2, 0
71599, 0, 1, 1, 0, 0, 0
71600, 4, 0, 0, 0, 3, 1
71601, 1, 0, 0, 0, 1, 0
71603, 8, 0, 0, 0, 8, 0
71604, 2, 0, 0, 0, 1, 1
71605, 1, 0, 0, 0, 1, 0
71609, 4, 0, 0, 0, 4, 0
71610, 2, 0, 0, 0, 2, 0
71619, 1, 0, 0, 0, 1, 0
71623, 1, 0, 0, 0, 1, 0
71624, 4, 0, 0, 0, 4, 0
71625, 7, 0, 0, 0, 7, 0
71626, 0, 1, 1, 0, 0, 0
81010, 0, 2, 2, 0, 0, 0
71630, 1, 0, 0, 0, 1, 0
71631, 9, 0, 0, 0, 9, 0
71632, 0, 1, 1, 0, 0, 0
71633, 2, 0, 0, 0, 2, 0
71634, 2, 1, 1, 0, 1, 1
71635, 1, 0, 0, 0, 1, 0
71639, 4, 0, 0, 0, 4, 0
71640, 0, 1, 1, 0, 0, 0
71641, 2, 0, 0, 0, 2, 0
71642, 2, 0, 0, 0, 2, 0
71643, 4, 0, 0, 0, 4, 0
71644, 2, 0, 0, 0, 2, 0
71647, 1, 0, 0, 0, 1, 0
71649, 1, 0, 0, 0, 1, 0
71650, 1, 0, 0, 0, 1, 0
71651, 1, 0, 0, 0, 1, 0
71652, 1, 0, 0, 0, 1, 0
71653, 1, 0, 0, 0, 1, 0
71654, 2, 0, 0, 0, 2, 0
71655, 1, 0, 0, 0, 1, 0
71656, 1, 0, 0, 0, 1, 0
71657, 1, 0, 0, 0, 1, 0
71664, 4, 0, 0, 0, 4, 0
71667, 2, 0, 0, 0, 1, 1
71668, 2, 0, 0, 0, 2, 0
71669, 1, 0, 0, 0, 1, 0
71671, 2, 0, 0, 0, 2, 0
71673, 1, 0, 0, 0, 1, 0
71674, 17, 0, 0, 0, 8, 9
71675, 0, 1, 0, 1, 0, 0
71676, 3, 0, 0, 0, 3, 0
71677, 0, 1, 1, 0, 0, 0
71680, 2, 0, 0, 0, 2, 0
71681, 2, 0, 0, 0, 2, 0
71682, 2, 0, 0, 0, 2, 0
71683, 2, 0, 0, 0, 2, 0
71684, 2, 0, 0, 0, 2, 0
71685, 2, 0, 0, 0, 2, 0
71690, 2, 0, 0, 0, 2, 0
71691, 2, 0, 0, 0, 2, 0
71693, 2, 0, 0, 0, 2, 0
71694, 2, 0, 0, 0, 2, 0
71695, 2, 0, 0, 0, 2, 0
71696, 2, 0, 0, 0, 2, 0
71697, 2, 0, 0, 0, 2, 0
71698, 2, 0, 0, 0, 2, 0
71699, 2, 0, 0, 0, 2, 0
71700, 2, 0, 0, 0, 2, 0
71701, 2, 0, 0, 0, 2, 0
71702, 2, 0, 0, 0, 2, 0
71704, 9, 0, 0, 0, 9, 0
71705, 2, 0, 0, 0, 2, 0
71706, 2, 0, 0, 0, 2, 0
71707, 2, 0, 0, 0, 2, 0
71708, 2, 0, 0, 0, 2, 0
71709, 2, 0, 0, 0, 2, 0
71710, 2, 0, 0, 0, 2, 0
71711, 2, 0, 0, 0, 2, 0
71712, 2, 0, 0, 0, 2, 0
71713, 2, 0, 0, 0, 2, 0
71714, 2, 0, 0, 0, 2, 0
71715, 2, 0, 0, 0, 2, 0
71716, 2, 0, 0, 0, 2, 0
71717, 2, 0, 0, 0, 2, 0
71718, 2, 0, 0, 0, 2, 0
71719, 6, 0, 0, 0, 6, 0
71720, 2, 0, 0, 0, 2, 0
71721, 19, 1, 1, 0, 10, 9
71722, 0, 1, 1, 0, 0, 0
71723, 2, 0, 0, 0, 2, 0
71724, 2, 0, 0, 0, 2, 0
71725, 2, 0, 0, 0, 2, 0
71727, 3, 0, 0, 0, 3, 0
71728, 4, 0, 0, 0, 2, 2
71729, 2, 0, 0, 0, 2, 0
71730, 2, 0, 0, 0, 2, 0
71731, 2, 0, 0, 0, 2, 0
71732, 2, 0, 0, 0, 2, 0
71735, 2, 0, 0, 0, 2, 0
71736, 2, 0, 0, 0, 2, 0
71738, 1, 0, 0, 0, 1, 0
71741, 2, 0, 0, 0, 2, 0
71742, 4, 0, 0, 0, 3, 1
71743, 1, 0, 0, 0, 1, 0
71744, 4, 0, 0, 0, 4, 0
71745, 6, 0, 0, 0, 6, 0
71746, 8, 1, 1, 0, 7, 1
71747, 7, 2, 2, 0, 6, 1
71915, 0, 2, 0, 2, 0, 0
71748, 3, 0, 0, 0, 3, 0
71749, 0, 1, 1, 0, 0, 0
71751, 1, 0, 0, 0, 1, 0
71752, 1, 0, 0, 0, 1, 0
71753, 2, 0, 0, 0, 2, 0
81018, 1, 1, 1, 0, 1, 0
71759, 5, 0, 0, 0, 1, 4
71760, 3, 0, 0, 0, 3, 0
71761, 1, 0, 0, 0, 1, 0
71762, 1, 0, 0, 0, 1, 0
71763, 5, 0, 0, 0, 5, 0
71764, 0, 1, 1, 0, 0, 0
71765, 6, 0, 0, 0, 6, 0
71766, 0, 1, 1, 0, 0, 0
71767, 1, 0, 0, 0, 1, 0
71768, 2, 0, 0, 0, 2, 0
71769, 2, 0, 0, 0, 2, 0
71770, 1, 0, 0, 0, 1, 0
71771, 3, 0, 0, 0, 3, 0
71772, 1, 0, 0, 0, 1, 0
71773, 1, 0, 0, 0, 1, 0
71774, 2, 0, 0, 0, 2, 0
71777, 6, 0, 0, 0, 6, 0
71778, 2, 0, 0, 0, 2, 0
71779, 0, 1, 1, 0, 0, 0
71780, 1, 0, 0, 0, 1, 0
71781, 2, 0, 0, 0, 2, 0
71782, 1, 0, 0, 0, 1, 0
71784, 7, 0, 0, 0, 7, 0
71785, 1, 0, 0, 0, 1, 0
71786, 1, 0, 0, 0, 1, 0
71787, 1, 0, 0, 0, 1, 0
71788, 1, 0, 0, 0, 1, 0
71791, 1, 0, 0, 0, 1, 0
71793, 2, 0, 0, 0, 2, 0
71794, 1, 0, 0, 0, 1, 0
71795, 3, 0, 0, 0, 3, 0
71796, 1, 0, 0, 0, 1, 0
71798, 4, 0, 0, 0, 4, 0
71799, 1, 0, 0, 0, 1, 0
71800, 1, 0, 0, 0, 1, 0
71808, 1, 0, 0, 0, 1, 0
71809, 3, 0, 0, 0, 3, 0
71811, 2, 0, 0, 0, 2, 0
71815, 5, 0, 0, 0, 5, 0
71816, 4, 0, 0, 0, 4, 0
71817, 1, 0, 0, 0, 1, 0
71825, 2, 0, 0, 0, 2, 0
71826, 5, 0, 0, 0, 4, 1
71827, 0, 1, 1, 0, 0, 0
71828, 0, 1, 1, 0, 0, 0
71829, 1, 0, 0, 0, 1, 0
71830, 2, 0, 0, 0, 2, 0
71831, 2, 1, 1, 0, 2, 0
71832, 2, 0, 0, 0, 2, 0
71833, 3, 2, 2, 0, 2, 1
74234, 3, 1, 1, 0, 3, 0
71834, 10, 0, 0, 0, 10, 0
71835, 0, 1, 1, 0, 0, 0
71836, 1, 1, 1, 0, 1, 0
71837, 1, 0, 0, 0, 1, 0
71838, 1, 2, 1, 1, 1, 0
71839, 7, 0, 0, 0, 7, 0
71840, 0, 1, 1, 0, 0, 0
71843, 1, 0, 0, 0, 1, 0
81029, 1, 1, 1, 0, 1, 0
71845, 4, 0, 0, 0, 4, 0
71848, 0, 1, 1, 0, 0, 0
71849, 0, 1, 1, 0, 0, 0
71850, 1, 0, 0, 0, 1, 0
71853, 1, 0, 0, 0, 1, 0
71854, 31, 0, 0, 0, 11, 20
71855, 1, 1, 1, 0, 0, 1
71856, 0, 2, 2, 0, 0, 0
71857, 0, 1, 0, 1, 0, 0
71858, 1, 0, 0, 0, 1, 0
71860, 3, 0, 0, 0, 2, 1
71861, 4, 0, 0, 0, 1, 3
71862, 0, 1, 0, 1, 0, 0
71863, 1, 0, 0, 0, 1, 0
71865, 4, 0, 0, 0, 4, 0
71866, 2, 0, 0, 0, 2, 0
71867, 2, 0, 0, 0, 2, 0
71868, 2, 0, 0, 0, 2, 0
71869, 2, 0, 0, 0, 2, 0
71870, 1, 0, 0, 0, 1, 0
71871, 1, 0, 0, 0, 1, 0
71872, 4, 0, 0, 0, 4, 0
71873, 1, 0, 0, 0, 1, 0
81033, 1, 1, 1, 0, 1, 0
71878, 3, 0, 0, 0, 3, 0
71880, 10, 0, 0, 0, 9, 1
71881, 6, 0, 0, 0, 6, 0
71882, 2, 0, 0, 0, 2, 0
71883, 4, 0, 0, 0, 3, 1
71884, 4, 0, 0, 0, 4, 0
71885, 1, 0, 0, 0, 1, 0
71890, 1, 0, 0, 0, 1, 0
71891, 1, 0, 0, 0, 1, 0
71892, 2, 0, 0, 0, 2, 0
71895, 2, 0, 0, 0, 2, 0
71896, 0, 1, 1, 0, 0, 0
71897, 1, 0, 0, 0, 1, 0
71899, 1, 0, 0, 0, 1, 0
71900, 7, 0, 0, 0, 7, 0
71901, 1, 0, 0, 0, 1, 0
71902, 1, 0, 0, 0, 1, 0
71906, 11, 0, 0, 0, 9, 2
71907, 8, 0, 0, 0, 7, 1
71908, 1, 0, 0, 0, 1, 0
71912, 3, 0, 0, 0, 3, 0
71913, 0, 1, 1, 0, 0, 0
71914, 1, 0, 0, 0, 1, 0
71916, 1, 0, 0, 0, 1, 0
71920, 3, 0, 0, 0, 3, 0
71921, 0, 1, 1, 0, 0, 0
71922, 2, 0, 0, 0, 2, 0
71923, 3, 0, 0, 0, 3, 0
71924, 3, 0, 0, 0, 3, 0
71925, 0, 1, 1, 0, 0, 0
71926, 3, 0, 0, 0, 3, 0
71927, 3, 0, 0, 0, 3, 0
71928, 0, 1, 1, 0, 0, 0
71937, 3, 1, 1, 0, 3, 0
71933, 1, 0, 0, 0, 1, 0
71934, 1, 0, 0, 0, 1, 0
71935, 1, 0, 0, 0, 1, 0
71936, 1, 0, 0, 0, 1, 0
71940, 3, 0, 0, 0, 3, 0
71941, 5, 0, 0, 0, 4, 1
71942, 0, 1, 1, 0, 0, 0
71943, 1, 0, 0, 0, 1, 0
71945, 9, 0, 0, 0, 9, 0
71946, 2, 0, 0, 0, 2, 0
71947, 1, 0, 0, 0, 1, 0
71948, 2, 0, 0, 0, 2, 0
71949, 1, 0, 0, 0, 1, 0
71950, 1, 0, 0, 0, 1, 0
71951, 4, 0, 0, 0, 4, 0
71952, 2, 0, 0, 0, 2, 0
71953, 2, 0, 0, 0, 2, 0
71954, 2, 0, 0, 0, 2, 0
71955, 2, 0, 0, 0, 2, 0
71956, 3, 0, 0, 0, 3, 0
71957, 5, 0, 0, 0, 4, 1
71959, 2, 0, 0, 0, 2, 0
71960, 3, 0, 0, 0, 3, 0
71961, 2, 0, 0, 0, 2, 0
71962, 4, 0, 0, 0, 4, 0
71963, 2, 0, 0, 0, 2, 0
71964, 2, 0, 0, 0, 2, 0
71965, 5, 0, 0, 0, 5, 0
71967, 5, 0, 0, 0, 5, 0
71968, 1, 0, 0, 0, 1, 0
71969, 3, 0, 0, 0, 1, 2
71970, 3, 0, 0, 0, 3, 0
71971, 1, 0, 0, 0, 1, 0
71972, 7, 0, 0, 0, 7, 0
71973, 3, 0, 0, 0, 3, 0
71974, 3, 0, 0, 0, 3, 0
71975, 1, 1, 1, 0, 1, 0
71976, 2, 0, 0, 0, 2, 0
71978, 5, 0, 0, 0, 5, 0
71979, 1, 0, 0, 0, 1, 0
71981, 12, 0, 0, 0, 9, 3
71982, 0, 2, 0, 2, 0, 0
71983, 1, 0, 0, 0, 1, 0
71984, 1, 0, 0, 0, 1, 0
71985, 8, 0, 0, 0, 5, 3
71986, 0, 1, 1, 0, 0, 0
71987, 7, 0, 0, 0, 7, 0
71988, 1, 0, 0, 0, 1, 0
71989, 2, 0, 0, 0, 2, 0
71990, 12, 0, 0, 0, 10, 2
71991, 0, 1, 1, 0, 0, 0
71992, 2, 0, 0, 0, 2, 0
71993, 8, 0, 0, 0, 3, 5
71994, 4, 0, 0, 0, 2, 2
71995, 1, 0, 0, 0, 1, 0
71998, 1, 0, 0, 0, 1, 0
71999, 1, 0, 0, 0, 1, 0
72000, 2, 0, 0, 0, 1, 1
72001, 3, 0, 0, 0, 3, 0
72002, 1, 1, 1, 0, 1, 0
72003, 0, 2, 2, 0, 0, 0
72004, 7, 0, 0, 0, 7, 0
72005, 2, 0, 0, 0, 2, 0
72006, 3, 0, 0, 0, 2, 1
72007, 1, 0, 0, 0, 1, 0
72008, 3, 0, 0, 0, 3, 0
72009, 0, 1, 1, 0, 0, 0
72010, 3, 0, 0, 0, 3, 0
72011, 2, 0, 0, 0, 2, 0
72012, 1, 0, 0, 0, 1, 0
72013, 3, 0, 0, 0, 3, 0
72016, 4, 0, 0, 0, 4, 0
72017, 4, 0, 0, 0, 4, 0
72018, 1, 0, 0, 0, 1, 0
72019, 5, 0, 0, 0, 5, 0
72022, 3, 0, 0, 0, 3, 0
72023, 9, 0, 0, 0, 6, 3
72025, 1, 0, 0, 0, 1, 0
72027, 2, 0, 0, 0, 2, 0
81044, 0, 1, 1, 0, 0, 0
72033, 1, 0, 0, 0, 1, 0
72034, 1, 0, 0, 0, 1, 0
72035, 1, 0, 0, 0, 1, 0
72036, 1, 0, 0, 0, 1, 0
72037, 1, 0, 0, 0, 1, 0
72038, 3, 0, 0, 0, 3, 0
72039, 1, 0, 0, 0, 1, 0
72040, 2, 0, 0, 0, 2, 0
72041, 1, 0, 0, 0, 1, 0
72042, 1, 0, 0, 0, 1, 0
72043, 4, 1, 1, 0, 3, 1
72044, 6, 0, 0, 0, 6, 0
72045, 3, 0, 0, 0, 3, 0
72046, 2, 0, 0, 0, 2, 0
72047, 2, 0, 0, 0, 1, 1
72049, 1, 0, 0, 0, 1, 0
72050, 1, 0, 0, 0, 1, 0
72051, 2, 0, 0, 0, 2, 0
72053, 6, 0, 0, 0, 5, 1
72054, 1, 0, 0, 0, 1, 0
72055, 8, 0, 0, 0, 8, 0
72056, 1, 1, 1, 0, 1, 0
72057, 1, 1, 1, 0, 0, 1
72059, 3, 0, 0, 0, 1, 2
72060, 18, 0, 0, 0, 9, 9
72061, 1, 0, 0, 0, 1, 0
72062, 2, 0, 0, 0, 2, 0
72064, 7, 0, 0, 0, 4, 3
72065, 3, 1, 1, 0, 2, 1
72066, 2, 1, 1, 0, 2, 0
81046, 0, 1, 1, 0, 0, 0
81047, 0, 1, 1, 0, 0, 0
81048, 0, 1, 0, 1, 0, 0
72074, 2, 0, 0, 0, 2, 0
72075, 0, 1, 1, 0, 0, 0
72077, 2, 0, 0, 0, 2, 0
72078, 1, 0, 0, 0, 1, 0
72079, 4, 0, 0, 0, 3, 1
72082, 0, 1, 0, 1, 0, 0
77738, 0, 1, 1, 0, 0, 0
72083, 8, 0, 0, 0, 8, 0
72084, 1, 0, 0, 0, 1, 0
72085, 1, 0, 0, 0, 1, 0
72086, 2, 0, 0, 0, 1, 1
72090, 2, 0, 0, 0, 1, 1
72091, 1, 0, 0, 0, 1, 0
72092, 1, 0, 0, 0, 1, 0
72093, 2, 0, 0, 0, 2, 0
72094, 1, 1, 1, 0, 1, 0
72095, 2, 0, 0, 0, 2, 0
72096, 1, 0, 0, 0, 1, 0
72097, 1, 0, 0, 0, 1, 0
72098, 4, 0, 0, 0, 4, 0
72099, 4, 0, 0, 0, 4, 0
72104, 1, 0, 0, 0, 1, 0
72107, 1, 0, 0, 0, 1, 0
72111, 15, 0, 0, 0, 3, 12
72112, 1, 0, 0, 0, 1, 0
72113, 4, 0, 0, 0, 4, 0
72114, 1, 0, 0, 0, 1, 0
81052, 0, 1, 0, 1, 0, 0
72116, 1, 0, 0, 0, 1, 0
72117, 2, 0, 0, 0, 1, 1
72119, 5, 0, 0, 0, 5, 0
81053, 0, 1, 1, 0, 0, 0
72122, 12, 0, 0, 0, 10, 2
72123, 0, 1, 1, 0, 0, 0
72124, 0, 1, 1, 0, 0, 0
72125, 6, 0, 0, 0, 6, 0
72126, 0, 1, 1, 0, 0, 0
72127, 0, 1, 1, 0, 0, 0
72128, 0, 1, 1, 0, 0, 0
72129, 0, 1, 1, 0, 0, 0
72130, 4, 1, 1, 0, 4, 0
72131, 1, 1, 1, 0, 1, 0
72132, 1, 0, 0, 0, 1, 0
72134, 5, 0, 0, 0, 4, 1
72135, 0, 1, 1, 0, 0, 0
72137, 3, 0, 0, 0, 3, 0
72138, 0, 1, 1, 0, 0, 0
72140, 8, 0, 0, 0, 6, 2
72142, 1, 0, 0, 0, 1, 0
72143, 6, 0, 0, 0, 6, 0
72144, 1, 0, 0, 0, 1, 0
72148, 1, 0, 0, 0, 1, 0
72149, 2, 0, 0, 0, 2, 0
72150, 9, 0, 0, 0, 3, 6
72151, 0, 1, 1, 0, 0, 0
72152, 0, 1, 0, 1, 0, 0
72153, 1, 0, 0, 0, 1, 0
72154, 3, 0, 0, 0, 3, 0
72155, 7, 0, 0, 0, 6, 1
72156, 3, 0, 0, 0, 2, 1
72157, 3, 0, 0, 0, 3, 0
72158, 8, 0, 0, 0, 4, 4
72159, 2, 0, 0, 0, 2, 0
72160, 6, 0, 0, 0, 6, 0
72161, 2, 0, 0, 0, 2, 0
72162, 4, 0, 0, 0, 2, 2
72163, 16, 0, 0, 0, 4, 12
72164, 0, 1, 0, 1, 0, 0
72165, 0, 1, 0, 1, 0, 0
72166, 3, 0, 0, 0, 3, 0
72167, 5, 0, 0, 0, 2, 3
72168, 8, 0, 0, 0, 7, 1
72169, 3, 0, 0, 0, 3, 0
72170, 0, 1, 1, 0, 0, 0
72171, 3, 0, 0, 0, 3, 0
72172, 1, 0, 0, 0, 1, 0
72173, 1, 0, 0, 0, 1, 0
72174, 5, 0, 0, 0, 4, 1
72176, 5, 0, 0, 0, 5, 0
72177, 0, 1, 1, 0, 0, 0
72178, 1, 0, 0, 0, 1, 0
72179, 14, 0, 0, 0, 13, 1
72180, 1, 0, 0, 0, 1, 0
72181, 4, 0, 0, 0, 2, 2
72182, 0, 1, 1, 0, 0, 0
72183, 1, 0, 0, 0, 1, 0
72184, 8, 0, 0, 0, 8, 0
72185, 9, 0, 0, 0, 6, 3
72186, 0, 1, 0, 1, 0, 0
72187, 6, 0, 0, 0, 6, 0
72188, 2, 0, 0, 0, 2, 0
72189, 1, 0, 0, 0, 1, 0
72190, 1, 0, 0, 0, 1, 0
72192, 1, 0, 0, 0, 1, 0
72193, 6, 0, 0, 0, 6, 0
72194, 0, 1, 1, 0, 0, 0
72195, 1, 0, 0, 0, 1, 0
72198, 1, 0, 0, 0, 1, 0
73173, 0, 1, 1, 0, 0, 0
72201, 1, 1, 1, 0, 1, 0
72202, 1, 0, 0, 0, 1, 0
72203, 3, 0, 0, 0, 2, 1
72204, 2, 0, 0, 0, 2, 0
72205, 2, 0, 0, 0, 2, 0
72206, 6, 0, 0, 0, 6, 0
72207, 0, 1, 1, 0, 0, 0
72209, 3, 0, 0, 0, 3, 0
72210, 1, 0, 0, 0, 1, 0
72211, 10, 0, 0, 0, 3, 7
72212, 2, 0, 0, 0, 2, 0
72213, 2, 0, 0, 0, 2, 0
72214, 0, 1, 1, 0, 0, 0
72215, 1, 0, 0, 0, 1, 0
72216, 3, 0, 0, 0, 3, 0
72220, 2, 0, 0, 0, 1, 1
72221, 12, 0, 0, 0, 12, 0
72222, 2, 0, 0, 0, 2, 0
72223, 1, 0, 0, 0, 1, 0
72224, 1, 0, 0, 0, 1, 0
72225, 1, 0, 0, 0, 1, 0
72227, 5, 0, 0, 0, 4, 1
72228, 5, 0, 0, 0, 5, 0
72229, 0, 2, 2, 0, 0, 0
72230, 2, 0, 0, 0, 2, 0
72231, 0, 1, 1, 0, 0, 0
72232, 1, 0, 0, 0, 1, 0
72233, 1, 0, 0, 0, 1, 0
72237, 5, 0, 0, 0, 4, 1
72238, 2, 0, 0, 0, 2, 0
72239, 1, 0, 0, 0, 1, 0
72240, 1, 0, 0, 0, 1, 0
72241, 1, 0, 0, 0, 1, 0
72242, 1, 0, 0, 0, 1, 0
72243, 5, 0, 0, 0, 5, 0
72244, 3, 0, 0, 0, 2, 1
72245, 10, 0, 0, 0, 10, 0
72246, 0, 1, 1, 0, 0, 0
72247, 0, 2, 2, 0, 0, 0
72248, 0, 1, 1, 0, 0, 0
72250, 4, 0, 0, 0, 4, 0
72251, 0, 1, 1, 0, 0, 0
72252, 4, 1, 1, 0, 4, 0
72253, 2, 1, 1, 0, 2, 0
72255, 2, 0, 0, 0, 1, 1
81061, 5, 2, 2, 0, 5, 0
72265, 10, 0, 0, 0, 7, 3
72267, 4, 0, 0, 0, 4, 0
72268, 3, 0, 0, 0, 3, 0
72269, 3, 0, 0, 0, 3, 0
72270, 1, 0, 0, 0, 1, 0
72271, 2, 1, 1, 0, 2, 0
72272, 1, 1, 1, 0, 1, 0
72276, 2, 0, 0, 0, 2, 0
72277, 0, 1, 1, 0, 0, 0
72278, 1, 0, 0, 0, 1, 0
72279, 1, 0, 0, 0, 1, 0
72280, 1, 1, 1, 0, 1, 0
72281, 1, 0, 0, 0, 1, 0
72284, 1, 0, 0, 0, 1, 0
72285, 1, 0, 0, 0, 1, 0
72287, 3, 1, 1, 0, 2, 1
72288, 5, 0, 0, 0, 4, 1
72291, 8, 0, 0, 0, 8, 0
72292, 0, 1, 1, 0, 0, 0
72294, 3, 2, 2, 0, 3, 0
72295, 1, 1, 1, 0, 1, 0
72296, 3, 1, 1, 0, 2, 1
81068, 0, 1, 1, 0, 0, 0
72297, 8, 1, 1, 0, 8, 0
72298, 6, 1, 1, 0, 2, 4
72299, 1, 1, 1, 0, 0, 1
72300, 1, 0, 0, 0, 1, 0
72301, 1, 0, 0, 0, 1, 0
72302, 1, 0, 0, 0, 1, 0
72303, 1, 0, 0, 0, 1, 0
72304, 1, 1, 1, 0, 1, 0
72306, 2, 0, 0, 0, 2, 0
72311, 3, 0, 0, 0, 3, 0
72313, 2, 0, 0, 0, 2, 0
72314, 2, 0, 0, 0, 2, 0
72315, 5, 0, 0, 0, 5, 0
72316, 1, 0, 0, 0, 1, 0
72319, 2, 0, 0, 0, 2, 0
72320, 8, 0, 0, 0, 8, 0
72321, 0, 1, 1, 0, 0, 0
72322, 1, 0, 0, 0, 1, 0
72323, 1, 0, 0, 0, 1, 0
72324, 5, 0, 0, 0, 3, 2
72327, 6, 0, 0, 0, 6, 0
72328, 0, 1, 1, 0, 0, 0
72329, 0, 1, 1, 0, 0, 0
72330, 0, 1, 1, 0, 0, 0
72331, 0, 1, 1, 0, 0, 0
72332, 4, 0, 0, 0, 4, 0
72334, 1, 0, 0, 0, 1, 0
72335, 1, 0, 0, 0, 1, 0
72337, 2, 0, 0, 0, 2, 0
72338, 5, 0, 0, 0, 5, 0
74090, 3, 1, 1, 0, 3, 0
72340, 1, 0, 0, 0, 1, 0
72344, 1, 0, 0, 0, 1, 0
72345, 2, 0, 0, 0, 1, 1
72346, 1, 0, 0, 0, 1, 0
72347, 1, 0, 0, 0, 1, 0
72348, 1, 0, 0, 0, 1, 0
72352, 1, 0, 0, 0, 1, 0
72353, 5, 0, 0, 0, 5, 0
72355, 2, 1, 1, 0, 1, 1
72356, 3, 0, 0, 0, 3, 0
72357, 2, 1, 1, 0, 2, 0
72358, 5, 0, 0, 0, 4, 1
72359, 4, 0, 0, 0, 4, 0
72360, 1, 0, 0, 0, 1, 0
72362, 6, 0, 0, 0, 6, 0
72364, 3, 0, 0, 0, 1, 2
72367, 1, 0, 0, 0, 1, 0
72368, 10, 0, 0, 0, 10, 0
72369, 1, 0, 0, 0, 1, 0
72370, 5, 0, 0, 0, 4, 1
72371, 1, 0, 0, 0, 1, 0
72372, 1, 0, 0, 0, 1, 0
72373, 1, 0, 0, 0, 1, 0
72374, 10, 0, 0, 0, 5, 5
72375, 1, 0, 0, 0, 1, 0
72376, 1, 0, 0, 0, 1, 0
72377, 2, 1, 1, 0, 2, 0
72378, 1, 1, 1, 0, 1, 0
72379, 1, 0, 0, 0, 1, 0
72380, 1, 0, 0, 0, 1, 0
72382, 1, 0, 0, 0, 1, 0
72383, 8, 0, 0, 0, 8, 0
72385, 7, 0, 0, 0, 7, 0
72386, 8, 0, 0, 0, 7, 1
72387, 1, 0, 0, 0, 1, 0
72388, 1, 0, 0, 0, 1, 0
72389, 3, 0, 0, 0, 3, 0
72390, 1, 0, 0, 0, 1, 0
72391, 1, 0, 0, 0, 1, 0
72392, 7, 0, 0, 0, 7, 0
72393, 3, 1, 1, 0, 1, 2
72397, 3, 0, 0, 0, 2, 1
72400, 1, 0, 0, 0, 1, 0
72406, 2, 0, 0, 0, 2, 0
72407, 1, 0, 0, 0, 1, 0
72408, 2, 0, 0, 0, 1, 1
72409, 1, 0, 0, 0, 1, 0
72410, 3, 0, 0, 0, 1, 2
72411, 2, 1, 0, 1, 2, 0
72412, 1, 0, 0, 0, 1, 0
72413, 1, 0, 0, 0, 1, 0
72415, 7, 1, 1, 0, 7, 0
72416, 2, 0, 0, 0, 2, 0
72422, 6, 0, 0, 0, 5, 1
72424, 3, 0, 0, 0, 2, 1
72425, 2, 0, 0, 0, 2, 0
72427, 3, 0, 0, 0, 2, 1
72428, 2, 0, 0, 0, 2, 0
72429, 13, 0, 0, 0, 11, 2
72430, 0, 1, 1, 0, 0, 0
72431, 3, 1, 1, 0, 3, 0
72432, 4, 1, 1, 0, 4, 0
72433, 3, 0, 0, 0, 3, 0
72434, 0, 1, 1, 0, 0, 0
72435, 4, 0, 0, 0, 4, 0
72436, 2, 0, 0, 0, 2, 0
72437, 4, 0, 0, 0, 4, 0
72438, 3, 0, 0, 0, 3, 0
72439, 0, 1, 1, 0, 0, 0
72440, 2, 0, 0, 0, 2, 0
72441, 4, 0, 0, 0, 3, 1
72442, 4, 0, 0, 0, 4, 0
72443, 2, 0, 0, 0, 2, 0
72444, 3, 0, 0, 0, 3, 0
72445, 4, 0, 0, 0, 4, 0
72446, 2, 0, 0, 0, 2, 0
72447, 3, 0, 0, 0, 3, 0
72448, 2, 0, 0, 0, 2, 0
72449, 3, 1, 1, 0, 3, 0
72450, 1, 1, 1, 0, 1, 0
72451, 2, 0, 0, 0, 2, 0
72452, 2, 0, 0, 0, 2, 0
72453, 2, 0, 0, 0, 2, 0
72454, 2, 0, 0, 0, 2, 0
72455, 6, 0, 0, 0, 6, 0
72456, 0, 1, 1, 0, 0, 0
72457, 3, 0, 0, 0, 3, 0
72458, 2, 0, 0, 0, 2, 0
72459, 13, 0, 0, 0, 13, 0
72460, 1, 1, 1, 0, 0, 1
72461, 2, 0, 0, 0, 2, 0
72462, 3, 0, 0, 0, 3, 0
72463, 2, 0, 0, 0, 2, 0
72464, 7, 0, 0, 0, 4, 3
72466, 3, 1, 1, 0, 3, 0
72467, 2, 2, 2, 0, 2, 0
81077, 1, 1, 1, 0, 1, 0
72468, 2, 0, 0, 0, 2, 0
72469, 6, 0, 0, 0, 6, 0
72470, 0, 1, 1, 0, 0, 0
72471, 2, 0, 0, 0, 2, 0
72473, 3, 0, 0, 0, 2, 1
72475, 3, 0, 0, 0, 3, 0
72476, 3, 0, 0, 0, 3, 0
72477, 0, 1, 1, 0, 0, 0
72478, 2, 0, 0, 0, 2, 0
72479, 7, 0, 0, 0, 4, 3
72480, 2, 1, 1, 0, 2, 0
75455, 3, 1, 1, 0, 3, 0
72481, 7, 0, 0, 0, 7, 0
72482, 1, 0, 0, 0, 1, 0
72483, 4, 0, 0, 0, 4, 0
72484, 1, 1, 1, 0, 1, 0
72485, 3, 1, 1, 0, 1, 2
81078, 0, 1, 1, 0, 0, 0
75224, 0, 1, 0, 1, 0, 0
72486, 1, 0, 0, 0, 1, 0
72487, 1, 0, 0, 0, 1, 0
72488, 3, 0, 0, 0, 3, 0
72489, 0, 1, 1, 0, 0, 0
72490, 6, 0, 0, 0, 6, 0
72491, 1, 0, 0, 0, 1, 0
72492, 1, 0, 0, 0, 1, 0
72493, 1, 0, 0, 0, 1, 0
72495, 1, 0, 0, 0, 1, 0
72496, 1, 0, 0, 0, 1, 0
72497, 1, 0, 0, 0, 1, 0
72502, 5, 0, 0, 0, 5, 0
72503, 2, 0, 0, 0, 2, 0
72504, 1, 0, 0, 0, 1, 0
72505, 1, 0, 0, 0, 1, 0
72506, 1, 0, 0, 0, 1, 0
72510, 1, 0, 0, 0, 1, 0
72511, 1, 0, 0, 0, 1, 0
72512, 11, 0, 0, 0, 7, 4
72517, 2, 1, 1, 0, 2, 0
72518, 1, 1, 1, 0, 1, 0
72519, 1, 0, 0, 0, 1, 0
72520, 1, 0, 0, 0, 1, 0
72521, 2, 0, 0, 0, 2, 0
72529, 2, 0, 0, 0, 2, 0
72530, 3, 0, 0, 0, 3, 0
72532, 4, 0, 0, 0, 4, 0
72533, 0, 1, 1, 0, 0, 0
72534, 0, 2, 2, 0, 0, 0
72535, 3, 0, 0, 0, 3, 0
72538, 1, 0, 0, 0, 1, 0
72539, 1, 0, 0, 0, 1, 0
72549, 1, 0, 0, 0, 1, 0
72550, 3, 0, 0, 0, 1, 2
72553, 1, 0, 0, 0, 1, 0
72554, 1, 0, 0, 0, 1, 0
72555, 3, 0, 0, 0, 3, 0
72558, 1, 0, 0, 0, 1, 0
72559, 4, 1, 1, 0, 4, 0
72560, 0, 1, 1, 0, 0, 0
72561, 0, 1, 1, 0, 0, 0
72562, 1, 0, 0, 0, 1, 0
72563, 1, 0, 0, 0, 1, 0
72564, 1, 0, 0, 0, 1, 0
72565, 1, 0, 0, 0, 1, 0
72566, 1, 0, 0, 0, 1, 0
72567, 1, 0, 0, 0, 1, 0
72568, 2, 0, 0, 0, 2, 0
72571, 1, 0, 0, 0, 1, 0
72579, 1, 0, 0, 0, 1, 0
72580, 6, 0, 0, 0, 6, 0
72581, 1, 0, 0, 0, 1, 0
72584, 1, 0, 0, 0, 1, 0
72587, 1, 0, 0, 0, 1, 0
72588, 1, 0, 0, 0, 1, 0
72589, 1, 0, 0, 0, 1, 0
72591, 1, 0, 0, 0, 1, 0
72592, 1, 0, 0, 0, 1, 0
72593, 6, 0, 0, 0, 6, 0
72594, 0, 1, 1, 0, 0, 0
72595, 1, 0, 0, 0, 1, 0
72596, 1, 0, 0, 0, 1, 0
72597, 1, 0, 0, 0, 1, 0
72598, 1, 0, 0, 0, 1, 0
72599, 1, 0, 0, 0, 1, 0
72603, 16, 0, 0, 0, 10, 6
72604, 0, 1, 0, 1, 0, 0
72605, 3, 0, 0, 0, 3, 0
72606, 0, 1, 1, 0, 0, 0
72607, 7, 0, 0, 0, 6, 1
72608, 2, 0, 0, 0, 2, 0
72610, 4, 0, 0, 0, 4, 0
72611, 4, 0, 0, 0, 3, 1
72612, 3, 0, 0, 0, 3, 0
72613, 0, 1, 1, 0, 0, 0
72614, 3, 0, 0, 0, 3, 0
72615, 3, 0, 0, 0, 2, 1
72617, 2, 0, 0, 0, 2, 0
72618, 3, 0, 0, 0, 3, 0
72619, 0, 1, 1, 0, 0, 0
72620, 2, 0, 0, 0, 2, 0
72621, 2, 0, 0, 0, 2, 0
72624, 2, 1, 1, 0, 2, 0
72625, 3, 0, 0, 0, 3, 0
72626, 0, 1, 1, 0, 0, 0
72628, 2, 0, 0, 0, 2, 0
72629, 1, 0, 0, 0, 1, 0
72630, 3, 0, 0, 0, 3, 0
72631, 4, 0, 0, 0, 4, 0
72632, 0, 1, 1, 0, 0, 0
72633, 0, 1, 1, 0, 0, 0
72634, 1, 0, 0, 0, 1, 0
72635, 4, 2, 2, 0, 4, 0
72636, 2, 2, 2, 0, 2, 0
72637, 0, 2, 2, 0, 0, 0
72638, 3, 2, 2, 0, 3, 0
72640, 6, 0, 0, 0, 6, 0
72641, 3, 0, 0, 0, 3, 0
72643, 3, 0, 0, 0, 3, 0
72645, 1, 0, 0, 0, 1, 0
72646, 1, 0, 0, 0, 1, 0
72647, 1, 0, 0, 0, 1, 0
72649, 3, 1, 1, 0, 2, 1
72650, 2, 0, 0, 0, 2, 0
72651, 5, 0, 0, 0, 5, 0
72652, 4, 0, 0, 0, 4, 0
72653, 0, 1, 1, 0, 0, 0
72654, 2, 0, 0, 0, 2, 0
72656, 1, 0, 0, 0, 1, 0
72657, 1, 0, 0, 0, 1, 0
72658, 1, 0, 0, 0, 1, 0
72660, 1, 0, 0, 0, 1, 0
72661, 1, 0, 0, 0, 1, 0
72662, 3, 0, 0, 0, 3, 0
72663, 1, 0, 0, 0, 1, 0
72665, 3, 0, 0, 0, 3, 0
72666, 9, 0, 0, 0, 3, 6
81109, 0, 1, 1, 0, 0, 0
72670, 5, 0, 0, 0, 4, 1
72671, 3, 0, 0, 0, 3, 0
72672, 0, 1, 1, 0, 0, 0
72676, 3, 0, 0, 0, 2, 1
72677, 11, 0, 0, 0, 11, 0
72678, 1, 0, 0, 0, 1, 0
72679, 11, 0, 0, 0, 10, 1
72680, 0, 1, 1, 0, 0, 0
72681, 1, 0, 0, 0, 1, 0
72682, 1, 0, 0, 0, 1, 0
72683, 7, 0, 0, 0, 7, 0
72684, 0, 1, 1, 0, 0, 0
72685, 2, 0, 0, 0, 2, 0
72686, 3, 0, 0, 0, 3, 0
72687, 3, 0, 0, 0, 3, 0
72688, 0, 1, 1, 0, 0, 0
72689, 13, 0, 0, 0, 8, 5
72690, 0, 1, 1, 0, 0, 0
72691, 0, 1, 1, 0, 0, 0
72692, 1, 0, 0, 0, 1, 0
72693, 1, 0, 0, 0, 1, 0
72694, 5, 0, 0, 0, 3, 2
72696, 2, 0, 0, 0, 2, 0
72700, 4, 0, 0, 0, 4, 0
72701, 2, 0, 0, 0, 2, 0
72702, 5, 0, 0, 0, 3, 2
72703, 2, 0, 0, 0, 2, 0
72704, 10, 0, 0, 0, 4, 6
72707, 2, 0, 0, 0, 2, 0
72708, 2, 0, 0, 0, 2, 0
72709, 3, 0, 0, 0, 3, 0
72710, 2, 0, 0, 0, 2, 0
72711, 1, 0, 0, 0, 1, 0
72712, 6, 0, 0, 0, 5, 1
72713, 4, 0, 0, 0, 4, 0
72714, 3, 0, 0, 0, 3, 0
72715, 0, 1, 1, 0, 0, 0
72716, 2, 0, 0, 0, 2, 0
72717, 2, 0, 0, 0, 2, 0
72718, 2, 0, 0, 0, 2, 0
72719, 2, 0, 0, 0, 2, 0
72720, 2, 0, 0, 0, 2, 0
72721, 1, 0, 0, 0, 1, 0
72724, 2, 0, 0, 0, 2, 0
72725, 1, 0, 0, 0, 1, 0
72726, 7, 0, 0, 0, 2, 5
72728, 5, 1, 1, 0, 4, 1
72729, 3, 1, 1, 0, 3, 0
72730, 0, 2, 2, 0, 0, 0
72731, 0, 2, 2, 0, 0, 0
72732, 4, 0, 0, 0, 4, 0
80588, 0, 1, 1, 0, 0, 0
81115, 1, 1, 1, 0, 1, 0
72745, 1, 0, 0, 0, 1, 0
72746, 3, 0, 0, 0, 3, 0
72747, 0, 1, 1, 0, 0, 0
72749, 1, 0, 0, 0, 1, 0
72750, 3, 0, 0, 0, 3, 0
72751, 2, 0, 0, 0, 2, 0
72753, 2, 0, 0, 0, 2, 0
72762, 14, 0, 0, 0, 7, 7
72763, 2, 0, 0, 0, 2, 0
72764, 8, 0, 0, 0, 7, 1
72765, 0, 1, 1, 0, 0, 0
72766, 4, 0, 0, 0, 4, 0
72767, 4, 0, 0, 0, 4, 0
72768, 1, 0, 0, 0, 1, 0
72769, 20, 0, 0, 0, 20, 0
72770, 0, 1, 1, 0, 0, 0
72771, 0, 1, 1, 0, 0, 0
72772, 2, 1, 1, 0, 2, 0
81119, 1, 1, 1, 0, 1, 0
81121, 0, 1, 1, 0, 0, 0
72789, 5, 0, 0, 0, 5, 0
72796, 1, 0, 0, 0, 1, 0
81127, 0, 1, 0, 1, 0, 0
72803, 1, 0, 0, 0, 1, 0
72804, 2, 0, 0, 0, 2, 0
72805, 3, 0, 0, 0, 3, 0
72806, 2, 0, 0, 0, 2, 0
72814, 3, 0, 0, 0, 1, 2
72815, 1, 0, 0, 0, 1, 0
72825, 3, 0, 0, 0, 3, 0
72826, 10, 0, 0, 0, 10, 0
72827, 0, 1, 1, 0, 0, 0
72828, 3, 0, 0, 0, 3, 0
73649, 1, 1, 1, 0, 1, 0
72840, 3, 0, 0, 0, 3, 0
72841, 3, 0, 0, 0, 3, 0
72845, 1, 0, 0, 0, 1, 0
72852, 1, 0, 0, 0, 1, 0
72869, 2, 0, 0, 0, 2, 0
72870, 2, 0, 0, 0, 2, 0
72871, 2, 0, 0, 0, 2, 0
72872, 1, 0, 0, 0, 1, 0
72875, 6, 0, 0, 0, 6, 0
72876, 4, 0, 0, 0, 1, 3
72877, 3, 0, 0, 0, 1, 2
72880, 2, 0, 0, 0, 2, 0
72881, 1, 0, 0, 0, 1, 0
72882, 1, 0, 0, 0, 1, 0
72883, 7, 0, 0, 0, 6, 1
72884, 3, 0, 0, 0, 3, 0
72885, 0, 1, 1, 0, 0, 0
72891, 2, 0, 0, 0, 2, 0
72892, 4, 0, 0, 0, 1, 3
72894, 2, 0, 0, 0, 2, 0
72896, 2, 0, 0, 0, 2, 0
72897, 3, 0, 0, 0, 3, 0
72898, 18, 1, 1, 0, 15, 3
72899, 1, 1, 1, 0, 1, 0
72900, 2, 0, 0, 0, 1, 1
72901, 0, 1, 0, 1, 0, 0
72902, 4, 0, 0, 0, 3, 1
72903, 2, 0, 0, 0, 1, 1
72905, 1, 0, 0, 0, 1, 0
72906, 1, 0, 0, 0, 1, 0
72907, 1, 0, 0, 0, 1, 0
72908, 3, 0, 0, 0, 2, 1
72909, 1, 0, 0, 0, 1, 0
72911, 3, 0, 0, 0, 3, 0
72914, 6, 1, 1, 0, 6, 0
72915, 0, 1, 1, 0, 0, 0
72916, 0, 1, 1, 0, 0, 0
72917, 1, 1, 1, 0, 1, 0
72918, 0, 1, 1, 0, 0, 0
72919, 0, 1, 1, 0, 0, 0
72920, 2, 1, 1, 0, 2, 0
72921, 3, 0, 0, 0, 1, 2
72922, 4, 0, 0, 0, 4, 0
72923, 1, 0, 0, 0, 1, 0
72924, 2, 0, 0, 0, 2, 0
72925, 2, 1, 1, 0, 2, 0
72926, 1, 1, 1, 0, 1, 0
72927, 1, 0, 0, 0, 1, 0
72928, 6, 0, 0, 0, 3, 3
72929, 4, 0, 0, 0, 4, 0
72930, 0, 1, 1, 0, 0, 0
72931, 1, 0, 0, 0, 1, 0
72932, 2, 1, 1, 0, 2, 0
72933, 1, 0, 0, 0, 1, 0
72936, 2, 0, 0, 0, 1, 1
72937, 8, 0, 0, 0, 4, 4
72939, 3, 0, 0, 0, 3, 0
72940, 1, 0, 0, 0, 1, 0
72941, 3, 0, 0, 0, 3, 0
72942, 1, 0, 0, 0, 1, 0
72943, 2, 0, 0, 0, 1, 1
72945, 2, 0, 0, 0, 2, 0
72946, 0, 1, 1, 0, 0, 0
72947, 6, 0, 0, 0, 5, 1
72948, 0, 1, 1, 0, 0, 0
72949, 0, 1, 1, 0, 0, 0
72950, 1, 0, 0, 0, 1, 0
72951, 1, 0, 0, 0, 1, 0
72956, 2, 0, 0, 0, 2, 0
72957, 1, 0, 0, 0, 1, 0
72958, 1, 0, 0, 0, 1, 0
72959, 8, 0, 0, 0, 1, 7
72960, 1, 0, 0, 0, 1, 0
72961, 1, 0, 0, 0, 1, 0
72962, 1, 0, 0, 0, 1, 0
72963, 2, 0, 0, 0, 1, 1
72965, 7, 0, 0, 0, 6, 1
72966, 0, 1, 1, 0, 0, 0
72967, 1, 1, 1, 0, 1, 0
72969, 1, 0, 0, 0, 1, 0
72970, 4, 0, 0, 0, 3, 1
72973, 6, 0, 0, 0, 6, 0
72974, 1, 0, 0, 0, 1, 0
72975, 1, 0, 0, 0, 1, 0
72977, 1, 0, 0, 0, 1, 0
72980, 1, 0, 0, 0, 1, 0
72982, 1, 0, 0, 0, 1, 0
72984, 9, 0, 0, 0, 9, 0
72985, 0, 1, 1, 0, 0, 0
72986, 1, 0, 0, 0, 1, 0
72987, 3, 0, 0, 0, 3, 0
72988, 2, 0, 0, 0, 2, 0
72989, 2, 0, 0, 0, 2, 0
72990, 2, 0, 0, 0, 2, 0
72991, 1, 0, 0, 0, 1, 0
72992, 1, 0, 0, 0, 1, 0
72993, 1, 0, 0, 0, 1, 0
72994, 3, 0, 0, 0, 2, 1
72995, 0, 1, 1, 0, 0, 0
72997, 9, 0, 0, 0, 7, 2
72998, 8, 0, 0, 0, 5, 3
72999, 1, 2, 1, 1, 0, 1
73000, 1, 0, 0, 0, 1, 0
73003, 1, 0, 0, 0, 1, 0
73005, 3, 0, 0, 0, 3, 0
73006, 0, 1, 1, 0, 0, 0
73007, 2, 0, 0, 0, 2, 0
73008, 2, 0, 0, 0, 2, 0
73009, 5, 0, 0, 0, 4, 1
73011, 5, 1, 1, 0, 4, 1
73013, 3, 0, 0, 0, 3, 0
73014, 0, 1, 1, 0, 0, 0
73016, 1, 0, 0, 0, 1, 0
73017, 4, 1, 1, 0, 4, 0
73018, 1, 1, 1, 0, 1, 0
73019, 3, 0, 0, 0, 3, 0
73020, 1, 0, 0, 0, 1, 0
73027, 5, 0, 0, 0, 5, 0
73035, 1, 0, 0, 0, 1, 0
81160, 0, 1, 1, 0, 0, 0
73038, 2, 0, 0, 0, 2, 0
73043, 1, 0, 0, 0, 1, 0
77273, 4, 4, 4, 0, 4, 0
77274, 0, 5, 5, 0, 0, 0
77275, 0, 2, 2, 0, 0, 0
77276, 0, 1, 1, 0, 0, 0
77277, 0, 1, 1, 0, 0, 0
77278, 0, 1, 0, 1, 0, 0
73048, 3, 0, 0, 0, 3, 0
73049, 1, 0, 0, 0, 1, 0
73050, 2, 0, 0, 0, 2, 0
73051, 3, 0, 0, 0, 3, 0
73057, 18, 0, 0, 0, 18, 0
73058, 0, 1, 1, 0, 0, 0
73059, 0, 1, 1, 0, 0, 0
73060, 0, 1, 1, 0, 0, 0
73061, 1, 0, 0, 0, 1, 0
73062, 2, 0, 0, 0, 2, 0
73063, 7, 0, 0, 0, 2, 5
73065, 3, 0, 0, 0, 2, 1
73066, 3, 1, 1, 0, 3, 0
73067, 2, 1, 1, 0, 2, 0
81162, 0, 1, 1, 0, 0, 0
73071, 2, 0, 0, 0, 2, 0
73072, 0, 1, 1, 0, 0, 0
73074, 4, 0, 0, 0, 4, 0
73075, 1, 0, 0, 0, 1, 0
73076, 1, 0, 0, 0, 1, 0
81164, 1, 1, 1, 0, 1, 0
73079, 2, 0, 0, 0, 2, 0
73080, 2, 0, 0, 0, 2, 0
73081, 2, 0, 0, 0, 2, 0
73082, 1, 0, 0, 0, 1, 0
73083, 1, 0, 0, 0, 1, 0
73084, 2, 0, 0, 0, 2, 0
73085, 3, 0, 0, 0, 3, 0
81165, 2, 1, 1, 0, 1, 1
73091, 2, 0, 0, 0, 2, 0
73092, 2, 0, 0, 0, 2, 0
73095, 2, 0, 0, 0, 2, 0
73096, 2, 0, 0, 0, 2, 0
73097, 2, 0, 0, 0, 2, 0
73099, 10, 0, 0, 0, 7, 3
73100, 1, 0, 0, 0, 1, 0
73101, 2, 0, 0, 0, 2, 0
73102, 2, 1, 1, 0, 2, 0
73103, 1, 1, 1, 0, 1, 0
73104, 1, 0, 0, 0, 1, 0
73105, 1, 0, 0, 0, 1, 0
73106, 2, 0, 0, 0, 2, 0
73107, 3, 0, 0, 0, 3, 0
73108, 1, 0, 0, 0, 1, 0
73109, 5, 0, 0, 0, 5, 0
73110, 2, 0, 0, 0, 1, 1
73111, 1, 0, 0, 0, 1, 0
73113, 1, 0, 0, 0, 1, 0
73114, 2, 0, 0, 0, 2, 0
73115, 6, 0, 0, 0, 6, 0
73116, 0, 1, 1, 0, 0, 0
73117, 4, 0, 0, 0, 2, 2
73118, 6, 0, 0, 0, 4, 2
73119, 1, 0, 0, 0, 1, 0
73120, 1, 0, 0, 0, 1, 0
73122, 1, 0, 0, 0, 1, 0
73123, 6, 0, 0, 0, 6, 0
73124, 2, 0, 0, 0, 1, 1
73125, 1, 0, 0, 0, 1, 0
73126, 1, 0, 0, 0, 1, 0
73127, 2, 0, 0, 0, 2, 0
73128, 7, 0, 0, 0, 6, 1
73129, 1, 0, 0, 0, 1, 0
73130, 1, 0, 0, 0, 1, 0
73131, 1, 0, 0, 0, 1, 0
73132, 3, 0, 0, 0, 3, 0
73133, 0, 1, 1, 0, 0, 0
73134, 3, 0, 0, 0, 2, 1
73135, 2, 0, 0, 0, 2, 0
73136, 2, 0, 0, 0, 2, 0
73137, 1, 0, 0, 0, 1, 0
73138, 1, 0, 0, 0, 1, 0
73139, 3, 0, 0, 0, 1, 2
73140, 1, 0, 0, 0, 1, 0
73141, 1, 0, 0, 0, 1, 0
73142, 1, 0, 0, 0, 1, 0
73143, 5, 0, 0, 0, 5, 0
73144, 4, 0, 0, 0, 2, 2
73145, 1, 0, 0, 0, 1, 0
73146, 5, 0, 0, 0, 5, 0
73147, 6, 0, 0, 0, 6, 0
73148, 2, 0, 0, 0, 2, 0
73149, 3, 0, 0, 0, 3, 0
73151, 3, 0, 0, 0, 3, 0
73153, 1, 0, 0, 0, 1, 0
73154, 2, 0, 0, 0, 2, 0
73155, 0, 1, 1, 0, 0, 0
73156, 2, 0, 0, 0, 2, 0
73157, 1, 0, 0, 0, 1, 0
73159, 2, 0, 0, 0, 2, 0
73160, 4, 0, 0, 0, 1, 3
73161, 0, 1, 0, 1, 0, 0
73162, 1, 0, 0, 0, 1, 0
73163, 1, 0, 0, 0, 1, 0
73164, 1, 1, 1, 0, 1, 0
73165, 6, 0, 0, 0, 6, 0
73166, 0, 1, 1, 0, 0, 0
73167, 0, 1, 1, 0, 0, 0
73168, 1, 0, 0, 0, 1, 0
73169, 2, 0, 0, 0, 1, 1
73170, 1, 0, 0, 0, 1, 0
73171, 1, 0, 0, 0, 1, 0
73172, 3, 0, 0, 0, 3, 0
73174, 2, 0, 0, 0, 2, 0
73177, 2, 0, 0, 0, 2, 0
73178, 4, 0, 0, 0, 4, 0
73179, 2, 0, 0, 0, 2, 0
73180, 24, 0, 0, 0, 24, 0
73181, 0, 1, 1, 0, 0, 0
73182, 0, 1, 1, 0, 0, 0
73183, 0, 1, 1, 0, 0, 0
73184, 0, 1, 1, 0, 0, 0
73185, 0, 1, 1, 0, 0, 0
73186, 0, 1, 1, 0, 0, 0
73187, 0, 1, 1, 0, 0, 0
73188, 0, 1, 1, 0, 0, 0
73189, 0, 1, 1, 0, 0, 0
73190, 0, 1, 1, 0, 0, 0
73191, 0, 2, 2, 0, 0, 0
73192, 0, 1, 1, 0, 0, 0
73193, 0, 1, 1, 0, 0, 0
73194, 0, 1, 1, 0, 0, 0
73195, 0, 1, 1, 0, 0, 0
73196, 0, 1, 1, 0, 0, 0
73197, 3, 0, 0, 0, 3, 0
73198, 1, 0, 0, 0, 1, 0
73199, 12, 0, 0, 0, 4, 8
73200, 0, 1, 0, 1, 0, 0
73201, 1, 0, 0, 0, 1, 0
73202, 3, 0, 0, 0, 3, 0
73204, 6, 0, 0, 0, 6, 0
73205, 1, 0, 0, 0, 1, 0
73206, 4, 0, 0, 0, 4, 0
73207, 1, 0, 0, 0, 1, 0
73208, 7, 0, 0, 0, 7, 0
73209, 0, 2, 2, 0, 0, 0
73211, 1, 0, 0, 0, 1, 0
73215, 2, 0, 0, 0, 2, 0
73216, 3, 0, 0, 0, 3, 0
73217, 2, 0, 0, 0, 2, 0
73218, 2, 0, 0, 0, 2, 0
73219, 3, 0, 0, 0, 3, 0
73220, 1, 0, 0, 0, 1, 0
73221, 2, 0, 0, 0, 2, 0
73222, 0, 1, 1, 0, 0, 0
73223, 1, 0, 0, 0, 1, 0
73224, 3, 0, 0, 0, 3, 0
73225, 2, 0, 0, 0, 1, 1
73226, 7, 0, 0, 0, 4, 3
73227, 3, 0, 0, 0, 3, 0
73228, 5, 0, 0, 0, 2, 3
73229, 0, 1, 0, 1, 0, 0
73230, 2, 0, 0, 0, 2, 0
73231, 10, 0, 0, 0, 10, 0
73232, 2, 0, 0, 0, 2, 0
73233, 4, 0, 0, 0, 4, 0
73234, 8, 0, 0, 0, 3, 5
73235, 1, 0, 0, 0, 1, 0
73236, 5, 0, 0, 0, 3, 2
73237, 0, 1, 1, 0, 0, 0
73239, 1, 0, 0, 0, 1, 0
73240, 3, 0, 0, 0, 3, 0
73241, 3, 1, 1, 0, 0, 3
73242, 14, 0, 0, 0, 14, 0
73243, 0, 1, 1, 0, 0, 0
73244, 0, 1, 1, 0, 0, 0
73245, 1, 0, 0, 0, 1, 0
73246, 2, 0, 0, 0, 2, 0
73247, 2, 0, 0, 0, 2, 0
73248, 2, 0, 0, 0, 2, 0
73249, 7, 0, 0, 0, 7, 0
73252, 2, 0, 0, 0, 2, 0
73253, 2, 0, 0, 0, 2, 0
73254, 4, 0, 0, 0, 4, 0
73255, 4, 0, 0, 0, 4, 0
73256, 2, 0, 0, 0, 2, 0
73259, 1, 0, 0, 0, 1, 0
73260, 3, 0, 0, 0, 3, 0
73262, 3, 0, 0, 0, 3, 0
73263, 8, 0, 0, 0, 8, 0
73264, 0, 1, 1, 0, 0, 0
73266, 5, 1, 1, 0, 3, 2
73267, 2, 0, 0, 0, 2, 0
73270, 2, 0, 0, 0, 2, 0
73271, 2, 0, 0, 0, 2, 0
73273, 2, 0, 0, 0, 2, 0
73274, 0, 1, 1, 0, 0, 0
73277, 1, 0, 0, 0, 1, 0
73278, 3, 0, 0, 0, 3, 0
73279, 1, 0, 0, 0, 1, 0
73280, 4, 0, 0, 0, 2, 2
73281, 4, 0, 0, 0, 4, 0
73283, 2, 1, 1, 0, 2, 0
73284, 1, 1, 1, 0, 1, 0
73285, 2, 0, 0, 0, 2, 0
73286, 1, 0, 0, 0, 1, 0
73287, 1, 0, 0, 0, 1, 0
73288, 3, 0, 0, 0, 1, 2
73289, 4, 0, 0, 0, 4, 0
73290, 0, 1, 1, 0, 0, 0
73291, 3, 0, 0, 0, 3, 0
73292, 4, 0, 0, 0, 4, 0
73293, 0, 1, 1, 0, 0, 0
73294, 0, 1, 1, 0, 0, 0
73296, 5, 0, 0, 0, 5, 0
73297, 0, 1, 1, 0, 0, 0
73298, 2, 0, 0, 0, 2, 0
73299, 1, 0, 0, 0, 1, 0
73300, 1, 0, 0, 0, 1, 0
73302, 1, 0, 0, 0, 1, 0
73303, 2, 0, 0, 0, 1, 1
73304, 1, 0, 0, 0, 1, 0
73308, 1, 0, 0, 0, 1, 0
73309, 6, 0, 0, 0, 6, 0
73310, 0, 1, 1, 0, 0, 0
73311, 0, 1, 1, 0, 0, 0
73312, 3, 0, 0, 0, 2, 1
73313, 3, 0, 0, 0, 1, 2
73314, 4, 0, 0, 0, 4, 0
73315, 3, 1, 1, 0, 2, 1
73316, 1, 1, 1, 0, 1, 0
73317, 1, 0, 0, 0, 1, 0
73318, 4, 1, 1, 0, 4, 0
73319, 0, 2, 2, 0, 0, 0
73320, 2, 1, 1, 0, 2, 0
73321, 9, 0, 0, 0, 9, 0
73322, 1, 0, 0, 0, 1, 0
73323, 1, 0, 0, 0, 1, 0
73324, 1, 0, 0, 0, 1, 0
73325, 4, 0, 0, 0, 4, 0
73326, 1, 0, 0, 0, 1, 0
73327, 3, 0, 0, 0, 1, 2
73328, 5, 0, 0, 0, 1, 4
73329, 2, 0, 0, 0, 2, 0
73330, 1, 0, 0, 0, 1, 0
73333, 4, 0, 0, 0, 2, 2
73334, 5, 0, 0, 0, 5, 0
73335, 1, 0, 0, 0, 1, 0
73337, 2, 0, 0, 0, 1, 1
73338, 2, 0, 0, 0, 2, 0
73339, 2, 1, 1, 0, 2, 0
73340, 7, 1, 1, 0, 5, 2
73341, 1, 2, 2, 0, 1, 0
73342, 2, 0, 0, 0, 2, 0
73343, 3, 0, 0, 0, 3, 0
73344, 2, 0, 0, 0, 2, 0
73345, 2, 0, 0, 0, 2, 0
73346, 2, 0, 0, 0, 1, 1
73347, 1, 0, 0, 0, 1, 0
73348, 3, 0, 0, 0, 2, 1
73350, 2, 0, 0, 0, 2, 0
73351, 2, 0, 0, 0, 2, 0
73352, 2, 1, 1, 0, 2, 0
73353, 4, 0, 0, 0, 4, 0
73355, 2, 0, 0, 0, 2, 0
73356, 2, 0, 0, 0, 2, 0
73357, 3, 0, 0, 0, 3, 0
73358, 2, 0, 0, 0, 2, 0
73359, 4, 0, 0, 0, 2, 2
73360, 2, 0, 0, 0, 2, 0
73361, 2, 0, 0, 0, 2, 0
73362, 3, 0, 0, 0, 2, 1
73363, 2, 0, 0, 0, 2, 0
73364, 2, 0, 0, 0, 2, 0
73365, 2, 0, 0, 0, 2, 0
73366, 2, 0, 0, 0, 2, 0
73367, 3, 0, 0, 0, 3, 0
73368, 3, 0, 0, 0, 2, 1
73369, 0, 1, 0, 1, 0, 0
73370, 3, 0, 0, 0, 3, 0
73371, 0, 1, 1, 0, 0, 0
73372, 2, 0, 0, 0, 2, 0
73374, 2, 0, 0, 0, 2, 0
73375, 3, 0, 0, 0, 2, 1
73376, 2, 0, 0, 0, 2, 0
73377, 2, 0, 0, 0, 2, 0
73378, 5, 0, 0, 0, 5, 0
73379, 4, 0, 0, 0, 4, 0
73380, 2, 0, 0, 0, 2, 0
73383, 3, 0, 0, 0, 2, 1
73384, 5, 0, 0, 0, 3, 2
73385, 0, 1, 0, 1, 0, 0
73386, 4, 0, 0, 0, 4, 0
73387, 2, 0, 0, 0, 2, 0
73388, 2, 0, 0, 0, 2, 0
73389, 3, 0, 0, 0, 3, 0
73390, 6, 1, 1, 0, 6, 0
73391, 3, 1, 1, 0, 3, 0
76690, 0, 1, 1, 0, 0, 0
73392, 2, 0, 0, 0, 2, 0
73393, 2, 1, 1, 0, 2, 0
73394, 3, 0, 0, 0, 3, 0
73398, 2, 0, 0, 0, 2, 0
73399, 0, 1, 1, 0, 0, 0
73401, 4, 0, 0, 0, 4, 0
73402, 12, 0, 0, 0, 12, 0
73403, 0, 1, 1, 0, 0, 0
73404, 0, 1, 1, 0, 0, 0
73405, 0, 1, 1, 0, 0, 0
73406, 0, 1, 1, 0, 0, 0
73407, 0, 1, 1, 0, 0, 0
73408, 0, 1, 1, 0, 0, 0
73409, 3, 0, 0, 0, 2, 1
73410, 2, 0, 0, 0, 2, 0
73411, 3, 1, 1, 0, 3, 0
73412, 1, 1, 1, 0, 1, 0
73413, 2, 0, 0, 0, 2, 0
73414, 14, 0, 0, 0, 12, 2
73415, 0, 1, 1, 0, 0, 0
73416, 2, 1, 1, 0, 2, 0
81195, 0, 1, 1, 0, 0, 0
73417, 2, 0, 0, 0, 2, 0
73418, 2, 0, 0, 0, 2, 0
73419, 2, 0, 0, 0, 2, 0
73420, 2, 0, 0, 0, 2, 0
73421, 6, 0, 0, 0, 3, 3
73422, 2, 0, 0, 0, 2, 0
73423, 2, 1, 1, 0, 2, 0
73424, 4, 0, 0, 0, 4, 0
73426, 2, 0, 0, 0, 2, 0
73427, 2, 0, 0, 0, 2, 0
73428, 2, 0, 0, 0, 2, 0
73429, 2, 0, 0, 0, 2, 0
73430, 3, 0, 0, 0, 3, 0
73431, 2, 0, 0, 0, 2, 0
73433, 2, 0, 0, 0, 2, 0
73434, 3, 0, 0, 0, 3, 0
73435, 5, 0, 0, 0, 5, 0
73436, 5, 0, 0, 0, 5, 0
73437, 0, 1, 1, 0, 0, 0
73439, 2, 0, 0, 0, 2, 0
73440, 3, 0, 0, 0, 2, 1
78326, 1, 1, 1, 0, 1, 0
73442, 3, 0, 0, 0, 3, 0
73443, 3, 1, 1, 0, 3, 0
73444, 1, 1, 1, 0, 1, 0
73445, 3, 1, 1, 0, 3, 0
73446, 1, 1, 1, 0, 1, 0
73447, 6, 1, 0, 1, 4, 2
73448, 0, 1, 1, 0, 0, 0
73449, 1, 1, 0, 1, 0, 1
73450, 3, 0, 0, 0, 3, 0
73451, 2, 0, 0, 0, 2, 0
73452, 2, 0, 0, 0, 2, 0
73453, 3, 0, 0, 0, 3, 0
73454, 0, 2, 2, 0, 0, 0
73455, 2, 0, 0, 0, 2, 0
73456, 2, 0, 0, 0, 2, 0
73457, 3, 1, 1, 0, 3, 0
73458, 1, 1, 1, 0, 1, 0
73459, 3, 0, 0, 0, 2, 1
73460, 2, 0, 0, 0, 2, 0
73461, 5, 0, 0, 0, 5, 0
73462, 0, 1, 1, 0, 0, 0
73463, 2, 0, 0, 0, 2, 0
73464, 2, 0, 0, 0, 2, 0
73465, 3, 0, 0, 0, 3, 0
73466, 3, 0, 0, 0, 3, 0
73467, 2, 0, 0, 0, 2, 0
73468, 2, 0, 0, 0, 2, 0
73469, 2, 0, 0, 0, 2, 0
73470, 2, 0, 0, 0, 2, 0
73471, 2, 0, 0, 0, 2, 0
73472, 2, 0, 0, 0, 2, 0
73473, 2, 0, 0, 0, 2, 0
73474, 2, 0, 0, 0, 2, 0
73475, 3, 0, 0, 0, 3, 0
73476, 0, 1, 1, 0, 0, 0
73477, 2, 0, 0, 0, 2, 0
73478, 2, 0, 0, 0, 2, 0
73479, 2, 0, 0, 0, 2, 0
73480, 2, 0, 0, 0, 2, 0
73481, 8, 0, 0, 0, 6, 2
73482, 0, 1, 1, 0, 0, 0
73483, 2, 0, 0, 0, 2, 0
73484, 2, 0, 0, 0, 2, 0
73485, 2, 0, 0, 0, 2, 0
73486, 3, 0, 0, 0, 3, 0
73487, 2, 0, 0, 0, 2, 0
73488, 2, 0, 0, 0, 2, 0
73489, 4, 0, 0, 0, 2, 2
73490, 5, 1, 1, 0, 4, 1
73491, 1, 1, 1, 0, 1, 0
73492, 4, 1, 1, 0, 4, 0
73493, 2, 1, 1, 0, 2, 0
73494, 2, 0, 0, 0, 2, 0
73495, 3, 0, 0, 0, 3, 0
73496, 2, 0, 0, 0, 2, 0
73497, 2, 0, 0, 0, 2, 0
73498, 2, 0, 0, 0, 2, 0
73499, 2, 0, 0, 0, 2, 0
73500, 3, 0, 0, 0, 3, 0
73502, 2, 0, 0, 0, 2, 0
73503, 3, 0, 0, 0, 2, 1
73504, 2, 0, 0, 0, 2, 0
73505, 2, 0, 0, 0, 2, 0
73506, 2, 0, 0, 0, 2, 0
73507, 2, 0, 0, 0, 2, 0
73508, 2, 0, 0, 0, 2, 0
73509, 2, 0, 0, 0, 2, 0
73510, 2, 0, 0, 0, 2, 0
73511, 2, 0, 0, 0, 2, 0
73512, 3, 0, 0, 0, 3, 0
73513, 2, 1, 1, 0, 2, 0
73514, 2, 0, 0, 0, 2, 0
73515, 2, 0, 0, 0, 2, 0
73516, 2, 1, 1, 0, 2, 0
73517, 2, 0, 0, 0, 2, 0
73518, 2, 0, 0, 0, 2, 0
73519, 2, 0, 0, 0, 2, 0
73520, 2, 0, 0, 0, 2, 0
73521, 2, 0, 0, 0, 2, 0
73522, 2, 0, 0, 0, 2, 0
73524, 1, 0, 0, 0, 1, 0
73525, 1, 0, 0, 0, 1, 0
73526, 2, 0, 0, 0, 2, 0
73527, 3, 0, 0, 0, 3, 0
73528, 2, 0, 0, 0, 2, 0
73530, 1, 0, 0, 0, 1, 0
73531, 1, 0, 0, 0, 1, 0
73532, 4, 0, 0, 0, 4, 0
73533, 2, 0, 0, 0, 2, 0
73535, 4, 1, 1, 0, 4, 0
73536, 0, 1, 1, 0, 0, 0
73537, 1, 0, 0, 0, 1, 0
73538, 3, 0, 0, 0, 3, 0
73539, 0, 1, 1, 0, 0, 0
73540, 3, 0, 0, 0, 3, 0
73541, 5, 0, 0, 0, 3, 2
73546, 1, 0, 0, 0, 1, 0
73547, 1, 0, 0, 0, 1, 0
73549, 4, 0, 0, 0, 4, 0
73550, 2, 1, 1, 0, 2, 0
73551, 1, 0, 0, 0, 1, 0
73556, 2, 0, 0, 0, 2, 0
73557, 1, 0, 0, 0, 1, 0
73558, 2, 0, 0, 0, 2, 0
73559, 1, 0, 0, 0, 1, 0
73560, 1, 0, 0, 0, 1, 0
73561, 2, 0, 0, 0, 2, 0
73562, 1, 0, 0, 0, 1, 0
73565, 1, 0, 0, 0, 1, 0
73566, 4, 0, 0, 0, 4, 0
73567, 1, 0, 0, 0, 1, 0
73568, 1, 0, 0, 0, 1, 0
73582, 5, 0, 0, 0, 5, 0
73583, 2, 0, 0, 0, 2, 0
73584, 2, 0, 0, 0, 2, 0
73585, 3, 0, 0, 0, 3, 0
73586, 2, 0, 0, 0, 2, 0
73587, 2, 0, 0, 0, 2, 0
73588, 3, 0, 0, 0, 3, 0
73589, 2, 0, 0, 0, 2, 0
73590, 2, 0, 0, 0, 2, 0
73591, 1, 0, 0, 0, 1, 0
73592, 1, 0, 0, 0, 1, 0
73593, 8, 0, 0, 0, 3, 5
73594, 2, 0, 0, 0, 1, 1
73595, 2, 0, 0, 0, 2, 0
81204, 1, 2, 2, 0, 1, 0
81205, 2, 1, 1, 0, 2, 0
81206, 1, 1, 1, 0, 1, 0
81207, 1, 1, 1, 0, 1, 0
81208, 0, 1, 1, 0, 0, 0
73598, 1, 0, 0, 0, 1, 0
73600, 1, 0, 0, 0, 1, 0
73601, 2, 0, 0, 0, 2, 0
73602, 1, 0, 0, 0, 1, 0
73603, 2, 0, 0, 0, 2, 0
73604, 4, 0, 0, 0, 3, 1
73605, 0, 1, 1, 0, 0, 0
73606, 1, 0, 0, 0, 1, 0
73607, 1, 0, 0, 0, 1, 0
73608, 2, 0, 0, 0, 2, 0
73609, 2, 0, 0, 0, 2, 0
73610, 2, 0, 0, 0, 2, 0
73611, 1, 0, 0, 0, 1, 0
73613, 6, 0, 0, 0, 6, 0
73614, 1, 0, 0, 0, 1, 0
73615, 1, 0, 0, 0, 1, 0
73616, 9, 0, 0, 0, 6, 3
73618, 4, 0, 0, 0, 4, 0
73619, 0, 1, 1, 0, 0, 0
73620, 1, 0, 0, 0, 1, 0
73621, 4, 0, 0, 0, 4, 0
73622, 1, 0, 0, 0, 1, 0
73623, 1, 0, 0, 0, 1, 0
73624, 4, 0, 0, 0, 4, 0
73625, 0, 1, 1, 0, 0, 0
73626, 0, 1, 1, 0, 0, 0
73627, 0, 1, 1, 0, 0, 0
73628, 4, 0, 0, 0, 3, 1
73629, 0, 1, 1, 0, 0, 0
73630, 9, 0, 0, 0, 4, 5
73631, 1, 1, 1, 0, 1, 0
73632, 0, 1, 1, 0, 0, 0
73633, 1, 0, 0, 0, 1, 0
73634, 4, 0, 0, 0, 2, 2
73635, 1, 0, 0, 0, 1, 0
73636, 5, 0, 0, 0, 5, 0
73637, 0, 1, 1, 0, 0, 0
73638, 0, 1, 1, 0, 0, 0
73639, 2, 0, 0, 0, 2, 0
73640, 6, 0, 0, 0, 6, 0
73641, 1, 0, 0, 0, 1, 0
73642, 1, 0, 0, 0, 1, 0
73643, 7, 0, 0, 0, 5, 2
73644, 3, 0, 0, 0, 3, 0
73645, 2, 0, 0, 0, 2, 0
73646, 1, 0, 0, 0, 1, 0
73647, 3, 0, 0, 0, 3, 0
73650, 1, 0, 0, 0, 1, 0
73651, 2, 0, 0, 0, 2, 0
73652, 6, 0, 0, 0, 5, 1
73653, 0, 2, 2, 0, 0, 0
73654, 1, 0, 0, 0, 1, 0
73655, 1, 0, 0, 0, 1, 0
73656, 1, 0, 0, 0, 1, 0
73659, 1, 0, 0, 0, 1, 0
73660, 4, 0, 0, 0, 4, 0
73661, 2, 0, 0, 0, 2, 0
73662, 8, 0, 0, 0, 6, 2
73663, 0, 1, 1, 0, 0, 0
73664, 2, 0, 0, 0, 2, 0
73665, 0, 1, 1, 0, 0, 0
73668, 1, 0, 0, 0, 1, 0
73669, 2, 0, 0, 0, 2, 0
73670, 3, 0, 0, 0, 3, 0
73671, 0, 1, 1, 0, 0, 0
73672, 1, 0, 0, 0, 1, 0
73673, 1, 0, 0, 0, 1, 0
73674, 3, 0, 0, 0, 3, 0
73675, 1, 0, 0, 0, 1, 0
73676, 1, 0, 0, 0, 1, 0
73677, 4, 0, 0, 0, 4, 0
73681, 1, 0, 0, 0, 1, 0
73682, 13, 0, 0, 0, 12, 1
73683, 0, 1, 1, 0, 0, 0
73684, 0, 1, 1, 0, 0, 0
73685, 0, 1, 1, 0, 0, 0
73686, 0, 1, 0, 1, 0, 0
73687, 6, 0, 0, 0, 6, 0
73688, 1, 0, 0, 0, 1, 0
73689, 1, 0, 0, 0, 1, 0
73690, 1, 0, 0, 0, 1, 0
73693, 1, 0, 0, 0, 1, 0
73694, 13, 1, 1, 0, 10, 3
73695, 0, 1, 1, 0, 0, 0
73696, 0, 1, 1, 0, 0, 0
73697, 1, 1, 1, 0, 1, 0
73698, 4, 0, 0, 0, 4, 0
73699, 1, 0, 0, 0, 1, 0
73700, 1, 0, 0, 0, 1, 0
73701, 1, 0, 0, 0, 1, 0
73702, 1, 0, 0, 0, 1, 0
81214, 0, 1, 1, 0, 0, 0
73708, 2, 0, 0, 0, 2, 0
73709, 1, 0, 0, 0, 1, 0
73710, 2, 0, 0, 0, 2, 0
73711, 2, 0, 0, 0, 2, 0
73712, 1, 0, 0, 0, 1, 0
73715, 2, 0, 0, 0, 2, 0
73716, 2, 0, 0, 0, 2, 0
73717, 2, 0, 0, 0, 2, 0
73718, 2, 0, 0, 0, 2, 0
73719, 2, 0, 0, 0, 2, 0
73720, 2, 0, 0, 0, 2, 0
73721, 2, 0, 0, 0, 2, 0
73722, 2, 0, 0, 0, 2, 0
73723, 2, 0, 0, 0, 2, 0
73724, 2, 0, 0, 0, 2, 0
73725, 3, 0, 0, 0, 2, 1
73726, 2, 0, 0, 0, 2, 0
73727, 6, 0, 0, 0, 3, 3
73729, 3, 0, 0, 0, 3, 0
73730, 2, 0, 0, 0, 2, 0
73731, 2, 0, 0, 0, 2, 0
73732, 2, 0, 0, 0, 2, 0
73733, 2, 0, 0, 0, 2, 0
73734, 3, 0, 0, 0, 3, 0
73735, 3, 1, 1, 0, 3, 0
73736, 1, 1, 1, 0, 1, 0
73737, 2, 0, 0, 0, 2, 0
73738, 2, 0, 0, 0, 2, 0
73739, 2, 0, 0, 0, 2, 0
73740, 2, 0, 0, 0, 2, 0
73741, 2, 0, 0, 0, 2, 0
73742, 2, 0, 0, 0, 2, 0
73743, 2, 0, 0, 0, 2, 0
73744, 2, 0, 0, 0, 2, 0
73745, 3, 1, 1, 0, 3, 0
73746, 3, 1, 1, 0, 3, 0
75134, 0, 1, 1, 0, 0, 0
73747, 4, 0, 0, 0, 2, 2
73748, 2, 0, 0, 0, 2, 0
73750, 3, 0, 0, 0, 2, 1
73751, 1, 0, 0, 0, 1, 0
73752, 1, 0, 0, 0, 1, 0
81216, 1, 1, 1, 0, 1, 0
73755, 4, 0, 0, 0, 4, 0
73756, 1, 0, 0, 0, 1, 0
73757, 2, 0, 0, 0, 2, 0
73758, 3, 0, 0, 0, 3, 0
73759, 5, 0, 0, 0, 5, 0
73760, 2, 0, 0, 0, 2, 0
73761, 6, 0, 0, 0, 6, 0
73764, 1, 0, 0, 0, 1, 0
73765, 5, 0, 0, 0, 5, 0
73767, 1, 0, 0, 0, 1, 0
73768, 1, 0, 0, 0, 1, 0
73769, 1, 0, 0, 0, 1, 0
73770, 10, 0, 0, 0, 10, 0
73771, 2, 0, 0, 0, 2, 0
73774, 1, 0, 0, 0, 1, 0
73777, 1, 0, 0, 0, 1, 0
73778, 2, 0, 0, 0, 1, 1
73779, 6, 0, 0, 0, 6, 0
73780, 0, 1, 1, 0, 0, 0
73781, 2, 0, 0, 0, 2, 0
73782, 2, 0, 0, 0, 2, 0
73783, 7, 0, 0, 0, 5, 2
73784, 2, 0, 0, 0, 2, 0
73785, 2, 0, 0, 0, 2, 0
73788, 3, 0, 0, 0, 3, 0
73789, 2, 0, 0, 0, 1, 1
73790, 0, 1, 0, 1, 0, 0
73792, 1, 0, 0, 0, 1, 0
73793, 1, 0, 0, 0, 1, 0
73795, 1, 0, 0, 0, 1, 0
73797, 5, 0, 0, 0, 5, 0
73798, 0, 1, 1, 0, 0, 0
73799, 0, 1, 1, 0, 0, 0
73801, 3, 0, 0, 0, 3, 0
73802, 1, 1, 1, 0, 1, 0
73803, 0, 1, 1, 0, 0, 0
81230, 1, 1, 1, 0, 1, 0
73805, 4, 0, 0, 0, 3, 1
73806, 1, 0, 0, 0, 1, 0
73807, 2, 0, 0, 0, 2, 0
73808, 2, 0, 0, 0, 2, 0
73810, 1, 0, 0, 0, 1, 0
73811, 1, 0, 0, 0, 1, 0
73812, 1, 0, 0, 0, 1, 0
73814, 3, 0, 0, 0, 3, 0
73815, 1, 0, 0, 0, 1, 0
73819, 3, 0, 0, 0, 3, 0
73820, 3, 0, 0, 0, 3, 0
73822, 1, 0, 0, 0, 1, 0
73823, 7, 0, 0, 0, 6, 1
73824, 1, 0, 0, 0, 1, 0
73825, 1, 0, 0, 0, 1, 0
73826, 2, 0, 0, 0, 2, 0
73827, 1, 0, 0, 0, 1, 0
73828, 5, 0, 0, 0, 4, 1
73829, 6, 0, 0, 0, 6, 0
73830, 0, 1, 1, 0, 0, 0
73831, 2, 0, 0, 0, 2, 0
73832, 4, 0, 0, 0, 2, 2
73833, 1, 0, 0, 0, 1, 0
73834, 1, 0, 0, 0, 1, 0
73835, 1, 0, 0, 0, 1, 0
73836, 2, 0, 0, 0, 2, 0
73840, 1, 0, 0, 0, 1, 0
73841, 1, 0, 0, 0, 1, 0
73842, 2, 0, 0, 0, 2, 0
73843, 1, 0, 0, 0, 1, 0
73844, 2, 0, 0, 0, 1, 1
73846, 1, 0, 0, 0, 1, 0
73847, 1, 0, 0, 0, 1, 0
73849, 3, 0, 0, 0, 1, 2
73852, 1, 0, 0, 0, 1, 0
73853, 1, 0, 0, 0, 1, 0
73854, 3, 0, 0, 0, 3, 0
73855, 1, 0, 0, 0, 1, 0
73856, 1, 0, 0, 0, 1, 0
73859, 1, 0, 0, 0, 1, 0
73861, 1, 0, 0, 0, 1, 0
73862, 1, 0, 0, 0, 1, 0
73864, 1, 0, 0, 0, 1, 0
73865, 1, 0, 0, 0, 1, 0
73866, 2, 0, 0, 0, 2, 0
73868, 5, 0, 0, 0, 5, 0
73869, 2, 0, 0, 0, 1, 1
73872, 5, 0, 0, 0, 4, 1
73873, 1, 1, 0, 1, 1, 0
81239, 0, 2, 2, 0, 0, 0
81240, 2, 1, 1, 0, 2, 0
73875, 1, 0, 0, 0, 1, 0
73876, 2, 0, 0, 0, 2, 0
81241, 1, 2, 2, 0, 1, 0
73880, 2, 0, 0, 0, 2, 0
73882, 3, 0, 0, 0, 3, 0
73883, 0, 1, 1, 0, 0, 0
73884, 4, 0, 0, 0, 4, 0
73885, 1, 0, 0, 0, 1, 0
73886, 2, 0, 0, 0, 2, 0
73887, 1, 0, 0, 0, 1, 0
73888, 4, 0, 0, 0, 4, 0
73889, 0, 1, 1, 0, 0, 0
73890, 0, 1, 1, 0, 0, 0
73891, 0, 1, 1, 0, 0, 0
73892, 1, 0, 0, 0, 1, 0
73893, 5, 0, 0, 0, 5, 0
73894, 0, 1, 1, 0, 0, 0
73895, 1, 0, 0, 0, 1, 0
73896, 1, 0, 0, 0, 1, 0
73898, 0, 1, 1, 0, 0, 0
73899, 2, 1, 1, 0, 2, 0
73900, 1, 0, 0, 0, 1, 0
73901, 2, 0, 0, 0, 2, 0
73902, 3, 0, 0, 0, 2, 1
73912, 5, 0, 0, 0, 5, 0
73913, 1, 0, 0, 0, 1, 0
73919, 1, 0, 0, 0, 1, 0
73920, 1, 0, 0, 0, 1, 0
73921, 1, 0, 0, 0, 1, 0
73922, 1, 0, 0, 0, 1, 0
73923, 1, 0, 0, 0, 1, 0
73924, 1, 0, 0, 0, 1, 0
73925, 1, 0, 0, 0, 1, 0
73926, 1, 0, 0, 0, 1, 0
73927, 2, 0, 0, 0, 2, 0
73928, 3, 0, 0, 0, 3, 0
73929, 1, 0, 0, 0, 1, 0
73930, 1, 0, 0, 0, 1, 0
73931, 1, 0, 0, 0, 1, 0
73932, 1, 0, 0, 0, 1, 0
73933, 1, 0, 0, 0, 1, 0
73934, 2, 0, 0, 0, 2, 0
73936, 3, 0, 0, 0, 3, 0
73937, 0, 1, 1, 0, 0, 0
73938, 0, 1, 1, 0, 0, 0
73946, 1, 0, 0, 0, 1, 0
73947, 1, 0, 0, 0, 1, 0
73954, 1, 0, 0, 0, 1, 0
73955, 1, 0, 0, 0, 1, 0
73957, 1, 0, 0, 0, 1, 0
73958, 1, 0, 0, 0, 1, 0
73959, 1, 0, 0, 0, 1, 0
73962, 1, 0, 0, 0, 1, 0
81253, 0, 1, 1, 0, 0, 0
73964, 1, 0, 0, 0, 1, 0
73968, 2, 0, 0, 0, 2, 0
73970, 1, 0, 0, 0, 1, 0
73971, 1, 0, 0, 0, 1, 0
73976, 3, 0, 0, 0, 2, 1
73977, 0, 1, 1, 0, 0, 0
73978, 1, 0, 0, 0, 1, 0
73979, 1, 0, 0, 0, 1, 0
73982, 1, 0, 0, 0, 1, 0
73983, 2, 0, 0, 0, 2, 0
73984, 0, 1, 1, 0, 0, 0
73987, 1, 0, 0, 0, 1, 0
73988, 1, 0, 0, 0, 1, 0
73989, 2, 0, 0, 0, 1, 1
73991, 1, 0, 0, 0, 1, 0
73992, 13, 0, 0, 0, 11, 2
73993, 0, 2, 2, 0, 0, 0
73994, 0, 1, 1, 0, 0, 0
73995, 3, 0, 0, 0, 3, 0
74001, 3, 1, 1, 0, 3, 0
74002, 1, 1, 1, 0, 1, 0
74003, 1, 0, 0, 0, 1, 0
74004, 2, 0, 0, 0, 2, 0
74005, 4, 0, 0, 0, 4, 0
74006, 7, 0, 0, 0, 7, 0
74007, 2, 0, 0, 0, 2, 0
74008, 2, 0, 0, 0, 2, 0
74009, 2, 0, 0, 0, 2, 0
74010, 1, 0, 0, 0, 1, 0
74011, 1, 0, 0, 0, 1, 0
74013, 1, 0, 0, 0, 1, 0
74014, 1, 0, 0, 0, 1, 0
74015, 1, 0, 0, 0, 1, 0
74016, 2, 0, 0, 0, 2, 0
74017, 1, 0, 0, 0, 1, 0
74018, 1, 0, 0, 0, 1, 0
74019, 3, 0, 0, 0, 3, 0
74020, 0, 2, 2, 0, 0, 0
74021, 3, 0, 0, 0, 3, 0
74022, 1, 1, 1, 0, 1, 0
74023, 0, 2, 2, 0, 0, 0
74024, 2, 0, 0, 0, 2, 0
74026, 3, 0, 0, 0, 2, 1
74027, 0, 1, 1, 0, 0, 0
74028, 1, 0, 0, 0, 1, 0
74029, 1, 0, 0, 0, 1, 0
74030, 11, 0, 0, 0, 9, 2
74032, 1, 0, 0, 0, 1, 0
74033, 2, 0, 0, 0, 2, 0
74034, 0, 1, 1, 0, 0, 0
74036, 1, 0, 0, 0, 1, 0
74037, 3, 0, 0, 0, 3, 0
74038, 1, 0, 0, 0, 1, 0
74039, 1, 0, 0, 0, 1, 0
74040, 1, 0, 0, 0, 1, 0
74041, 1, 0, 0, 0, 1, 0
74042, 1, 0, 0, 0, 1, 0
74043, 1, 0, 0, 0, 1, 0
74044, 1, 0, 0, 0, 1, 0
74045, 6, 1, 1, 0, 6, 0
74046, 5, 1, 1, 0, 5, 0
74047, 0, 2, 2, 0, 0, 0
74048, 0, 2, 2, 0, 0, 0
80829, 0, 1, 1, 0, 0, 0
74049, 1, 0, 0, 0, 1, 0
74050, 1, 0, 0, 0, 1, 0
74051, 1, 0, 0, 0, 1, 0
74052, 4, 0, 0, 0, 4, 0
74053, 1, 0, 0, 0, 1, 0
74054, 1, 0, 0, 0, 1, 0
74055, 4, 0, 0, 0, 1, 3
74056, 1, 0, 0, 0, 1, 0
74057, 5, 0, 0, 0, 5, 0
74058, 1, 0, 0, 0, 1, 0
74059, 7, 0, 0, 0, 4, 3
74060, 1, 0, 0, 0, 1, 0
74061, 5, 0, 0, 0, 5, 0
74062, 1, 0, 0, 0, 1, 0
74064, 2, 0, 0, 0, 2, 0
74065, 1, 0, 0, 0, 1, 0
74066, 6, 0, 0, 0, 5, 1
74067, 0, 1, 1, 0, 0, 0
74068, 13, 0, 0, 0, 4, 9
74069, 0, 1, 1, 0, 0, 0
74070, 1, 0, 0, 0, 1, 0
74071, 1, 0, 0, 0, 1, 0
74072, 5, 0, 0, 0, 4, 1
74073, 3, 0, 0, 0, 2, 1
74074, 3, 0, 0, 0, 3, 0
74075, 6, 0, 0, 0, 6, 0
74076, 1, 0, 0, 0, 1, 0
74077, 1, 0, 0, 0, 1, 0
74078, 2, 0, 0, 0, 2, 0
74079, 0, 1, 1, 0, 0, 0
74080, 1, 0, 0, 0, 1, 0
74081, 1, 0, 0, 0, 1, 0
74083, 2, 0, 0, 0, 2, 0
74084, 0, 1, 1, 0, 0, 0
74085, 1, 0, 0, 0, 1, 0
74086, 2, 0, 0, 0, 2, 0
74087, 1, 0, 0, 0, 1, 0
74088, 1, 0, 0, 0, 1, 0
74089, 1, 0, 0, 0, 1, 0
74092, 1, 0, 0, 0, 1, 0
74093, 5, 0, 0, 0, 1, 4
81265, 2, 1, 1, 0, 2, 0
74096, 2, 0, 0, 0, 2, 0
74097, 2, 0, 0, 0, 2, 0
74098, 2, 0, 0, 0, 2, 0
74099, 13, 0, 0, 0, 10, 3
74100, 0, 1, 1, 0, 0, 0
74101, 0, 1, 1, 0, 0, 0
74104, 1, 0, 0, 0, 1, 0
74105, 1, 0, 0, 0, 1, 0
74108, 1, 0, 0, 0, 1, 0
74109, 1, 0, 0, 0, 1, 0
74110, 5, 0, 0, 0, 4, 1
74111, 2, 0, 0, 0, 2, 0
74112, 3, 0, 0, 0, 2, 1
74113, 0, 1, 0, 1, 0, 0
74114, 5, 0, 0, 0, 5, 0
74115, 1, 1, 1, 0, 1, 0
74116, 1, 0, 0, 0, 1, 0
74118, 1, 0, 0, 0, 1, 0
74119, 1, 0, 0, 0, 1, 0
74120, 2, 0, 0, 0, 2, 0
74121, 1, 0, 0, 0, 1, 0
74122, 1, 0, 0, 0, 1, 0
74123, 2, 0, 0, 0, 1, 1
74124, 1, 0, 0, 0, 1, 0
81268, 0, 1, 1, 0, 0, 0
74129, 1, 0, 0, 0, 1, 0
74130, 1, 0, 0, 0, 1, 0
74132, 6, 0, 0, 0, 6, 0
74133, 1, 0, 0, 0, 1, 0
74134, 2, 0, 0, 0, 2, 0
74135, 2, 0, 0, 0, 2, 0
74136, 2, 0, 0, 0, 2, 0
74137, 1, 0, 0, 0, 1, 0
74138, 1, 0, 0, 0, 1, 0
74139, 1, 0, 0, 0, 1, 0
74140, 2, 0, 0, 0, 2, 0
74141, 4, 0, 0, 0, 4, 0
74142, 4, 0, 0, 0, 1, 3
74144, 3, 0, 0, 0, 3, 0
74145, 4, 0, 0, 0, 4, 0
74146, 1, 0, 0, 0, 1, 0
74147, 1, 0, 0, 0, 1, 0
74148, 1, 0, 0, 0, 1, 0
74149, 2, 0, 0, 0, 1, 1
74150, 1, 0, 0, 0, 1, 0
74151, 6, 0, 0, 0, 6, 0
74152, 7, 0, 0, 0, 5, 2
74153, 4, 0, 0, 0, 4, 0
74154, 3, 0, 0, 0, 3, 0
74155, 0, 1, 1, 0, 0, 0
74156, 2, 0, 0, 0, 2, 0
74157, 1, 0, 0, 0, 1, 0
74158, 5, 0, 0, 0, 2, 3
74159, 2, 0, 0, 0, 2, 0
74161, 5, 0, 0, 0, 5, 0
74162, 1, 0, 0, 0, 1, 0
74163, 4, 1, 1, 0, 4, 0
74164, 2, 1, 1, 0, 2, 0
74165, 0, 2, 2, 0, 0, 0
74166, 4, 0, 0, 0, 4, 0
74167, 1, 1, 1, 0, 1, 0
74169, 1, 0, 0, 0, 1, 0
74170, 3, 0, 0, 0, 2, 1
74171, 1, 0, 0, 0, 1, 0
74172, 2, 0, 0, 0, 2, 0
74173, 6, 0, 0, 0, 3, 3
74174, 2, 0, 0, 0, 1, 1
74175, 1, 0, 0, 0, 1, 0
74176, 2, 0, 0, 0, 2, 0
74178, 2, 0, 0, 0, 2, 0
74179, 2, 0, 0, 0, 2, 0
74180, 2, 0, 0, 0, 2, 0
74181, 2, 0, 0, 0, 2, 0
74182, 2, 0, 0, 0, 2, 0
74183, 3, 0, 0, 0, 3, 0
74184, 5, 0, 0, 0, 5, 0
74185, 1, 0, 0, 0, 1, 0
74186, 4, 0, 0, 0, 2, 2
74188, 1, 0, 0, 0, 1, 0
74190, 1, 0, 0, 0, 1, 0
81275, 1, 1, 1, 0, 1, 0
74193, 1, 0, 0, 0, 1, 0
74194, 4, 0, 0, 0, 4, 0
74195, 1, 0, 0, 0, 1, 0
74196, 2, 0, 0, 0, 2, 0
74197, 1, 0, 0, 0, 1, 0
74198, 1, 0, 0, 0, 1, 0
74199, 1, 0, 0, 0, 1, 0
74200, 2, 1, 1, 0, 2, 0
74201, 2, 0, 0, 0, 2, 0
74202, 4, 1, 1, 0, 4, 0
74203, 2, 1, 1, 0, 2, 0
74204, 0, 2, 2, 0, 0, 0
74206, 4, 0, 0, 0, 4, 0
74207, 4, 0, 0, 0, 4, 0
74208, 2, 0, 0, 0, 2, 0
74209, 2, 0, 0, 0, 2, 0
74210, 2, 0, 0, 0, 2, 0
76389, 3, 1, 1, 0, 3, 0
74213, 2, 0, 0, 0, 2, 0
74214, 3, 0, 0, 0, 3, 0
74215, 3, 0, 0, 0, 3, 0
74216, 9, 0, 0, 0, 9, 0
74217, 2, 0, 0, 0, 2, 0
74218, 1, 0, 0, 0, 1, 0
74219, 1, 0, 0, 0, 1, 0
74220, 4, 0, 0, 0, 4, 0
74221, 1, 0, 0, 0, 1, 0
74228, 2, 0, 0, 0, 2, 0
74229, 4, 0, 0, 0, 4, 0
74230, 3, 0, 0, 0, 2, 1
74231, 1, 0, 0, 0, 1, 0
74232, 1, 0, 0, 0, 1, 0
74233, 1, 0, 0, 0, 1, 0
74235, 1, 0, 0, 0, 1, 0
74236, 5, 0, 0, 0, 3, 2
74237, 2, 0, 0, 0, 2, 0
74238, 0, 1, 1, 0, 0, 0
74239, 1, 0, 0, 0, 1, 0
74240, 1, 0, 0, 0, 1, 0
74241, 2, 0, 0, 0, 2, 0
74242, 2, 0, 0, 0, 2, 0
74243, 2, 0, 0, 0, 2, 0
74244, 1, 0, 0, 0, 1, 0
74245, 1, 0, 0, 0, 1, 0
74246, 1, 0, 0, 0, 1, 0
74249, 2, 0, 0, 0, 2, 0
74250, 1, 0, 0, 0, 1, 0
74251, 1, 0, 0, 0, 1, 0
74252, 8, 0, 0, 0, 4, 4
74253, 0, 1, 0, 1, 0, 0
74254, 2, 0, 0, 0, 1, 1
74255, 1, 0, 0, 0, 1, 0
74256, 8, 0, 0, 0, 8, 0
74257, 0, 1, 1, 0, 0, 0
74260, 4, 0, 0, 0, 4, 0
74261, 0, 1, 1, 0, 0, 0
74263, 1, 0, 0, 0, 1, 0
74269, 1, 0, 0, 0, 1, 0
74270, 1, 0, 0, 0, 1, 0
74271, 1, 0, 0, 0, 1, 0
74273, 6, 0, 0, 0, 6, 0
74274, 1, 0, 0, 0, 1, 0
74275, 3, 0, 0, 0, 2, 1
74276, 2, 0, 0, 0, 2, 0
74277, 0, 1, 1, 0, 0, 0
74278, 1, 0, 0, 0, 1, 0
74279, 1, 0, 0, 0, 1, 0
74280, 1, 0, 0, 0, 1, 0
74281, 1, 0, 0, 0, 1, 0
74282, 4, 0, 0, 0, 4, 0
74283, 1, 0, 0, 0, 1, 0
74284, 1, 0, 0, 0, 1, 0
74285, 3, 1, 1, 0, 3, 0
74286, 2, 1, 1, 0, 2, 0
74287, 1, 2, 2, 0, 1, 0
74288, 7, 0, 0, 0, 7, 0
74289, 10, 0, 0, 0, 10, 0
74290, 1, 0, 0, 0, 1, 0
74291, 4, 1, 1, 0, 3, 1
74292, 1, 1, 1, 0, 1, 0
74293, 1, 0, 0, 0, 1, 0
74294, 3, 0, 0, 0, 1, 2
74298, 3, 0, 0, 0, 3, 0
74299, 1, 0, 0, 0, 1, 0
74300, 1, 0, 0, 0, 1, 0
74301, 1, 0, 0, 0, 1, 0
74303, 2, 0, 0, 0, 2, 0
74305, 3, 0, 0, 0, 2, 1
74307, 1, 0, 0, 0, 1, 0
74308, 11, 0, 0, 0, 10, 1
74309, 0, 1, 1, 0, 0, 0
74312, 3, 0, 0, 0, 2, 1
74314, 3, 0, 0, 0, 2, 1
74315, 4, 0, 0, 0, 2, 2
74318, 2, 0, 0, 0, 1, 1
74319, 1, 0, 0, 0, 1, 0
74320, 2, 0, 0, 0, 2, 0
74321, 1, 0, 0, 0, 1, 0
74322, 1, 0, 0, 0, 1, 0
74323, 1, 0, 0, 0, 1, 0
74324, 1, 0, 0, 0, 1, 0
74325, 1, 0, 0, 0, 1, 0
74327, 2, 0, 0, 0, 2, 0
74328, 2, 0, 0, 0, 2, 0
74329, 2, 0, 0, 0, 2, 0
74330, 1, 0, 0, 0, 1, 0
81284, 0, 1, 1, 0, 0, 0
74335, 1, 0, 0, 0, 1, 0
74336, 1, 0, 0, 0, 1, 0
74337, 2, 0, 0, 0, 2, 0
74338, 0, 1, 1, 0, 0, 0
81285, 0, 1, 1, 0, 0, 0
74340, 1, 0, 0, 0, 1, 0
74341, 3, 0, 0, 0, 3, 0
74342, 0, 1, 1, 0, 0, 0
74343, 1, 0, 0, 0, 1, 0
74344, 1, 0, 0, 0, 1, 0
74345, 1, 0, 0, 0, 1, 0
74346, 1, 0, 0, 0, 1, 0
74347, 1, 0, 0, 0, 1, 0
74348, 1, 0, 0, 0, 1, 0
74349, 1, 0, 0, 0, 1, 0
74350, 1, 0, 0, 0, 1, 0
74351, 1, 0, 0, 0, 1, 0
74352, 1, 0, 0, 0, 1, 0
74353, 1, 0, 0, 0, 1, 0
74354, 1, 0, 0, 0, 1, 0
74355, 1, 0, 0, 0, 1, 0
74357, 4, 0, 0, 0, 3, 1
74358, 1, 0, 0, 0, 1, 0
74359, 1, 0, 0, 0, 1, 0
74364, 1, 0, 0, 0, 1, 0
74367, 1, 0, 0, 0, 1, 0
74373, 2, 0, 0, 0, 2, 0
74374, 1, 0, 0, 0, 1, 0
74375, 1, 0, 0, 0, 1, 0
81292, 0, 1, 1, 0, 0, 0
74377, 4, 0, 0, 0, 4, 0
74378, 0, 1, 1, 0, 0, 0
81293, 0, 1, 1, 0, 0, 0
81294, 0, 1, 1, 0, 0, 0
74382, 2, 0, 0, 0, 2, 0
74383, 2, 0, 0, 0, 2, 0
74384, 2, 0, 0, 0, 2, 0
74385, 1, 0, 0, 0, 1, 0
74386, 1, 0, 0, 0, 1, 0
74387, 1, 0, 0, 0, 1, 0
74390, 1, 0, 0, 0, 1, 0
74392, 1, 0, 0, 0, 1, 0
74393, 2, 0, 0, 0, 2, 0
74394, 3, 0, 0, 0, 3, 0
74400, 2, 0, 0, 0, 2, 0
74404, 0, 1, 1, 0, 0, 0
74405, 0, 2, 2, 0, 0, 0
74406, 1, 0, 0, 0, 1, 0
74407, 1, 0, 0, 0, 1, 0
74411, 6, 0, 0, 0, 6, 0
74412, 0, 1, 1, 0, 0, 0
74413, 0, 1, 1, 0, 0, 0
74414, 0, 1, 1, 0, 0, 0
74415, 0, 1, 1, 0, 0, 0
74418, 0, 1, 1, 0, 0, 0
74420, 1, 0, 0, 0, 1, 0
74421, 1, 0, 0, 0, 1, 0
74422, 1, 0, 0, 0, 1, 0
81310, 0, 1, 1, 0, 0, 0
81311, 0, 1, 0, 1, 0, 0
81312, 0, 1, 0, 1, 0, 0
74434, 7, 0, 0, 0, 5, 2
74435, 1, 0, 0, 0, 1, 0
74437, 1, 0, 0, 0, 1, 0
74438, 1, 0, 0, 0, 1, 0
74439, 1, 0, 0, 0, 1, 0
74440, 2, 0, 0, 0, 2, 0
74441, 2, 0, 0, 0, 2, 0
74444, 2, 0, 0, 0, 2, 0
74445, 2, 0, 0, 0, 2, 0
74446, 2, 0, 0, 0, 2, 0
74447, 1, 0, 0, 0, 1, 0
74450, 2, 0, 0, 0, 2, 0
74451, 2, 0, 0, 0, 2, 0
74452, 3, 0, 0, 0, 3, 0
74453, 0, 1, 1, 0, 0, 0
74455, 1, 0, 0, 0, 1, 0
74456, 2, 0, 0, 0, 2, 0
74457, 2, 0, 0, 0, 2, 0
74458, 2, 0, 0, 0, 2, 0
74461, 4, 0, 0, 0, 4, 0
74462, 0, 1, 1, 0, 0, 0
74463, 1, 0, 0, 0, 1, 0
74464, 1, 0, 0, 0, 1, 0
74469, 2, 0, 0, 0, 2, 0
74470, 2, 0, 0, 0, 1, 1
74471, 1, 0, 0, 0, 1, 0
74472, 3, 0, 0, 0, 3, 0
74473, 1, 0, 0, 0, 1, 0
74474, 1, 0, 0, 0, 1, 0
74475, 4, 0, 0, 0, 4, 0
74476, 0, 1, 1, 0, 0, 0
74477, 0, 1, 1, 0, 0, 0
74478, 3, 0, 0, 0, 3, 0
74484, 1, 0, 0, 0, 1, 0
74485, 3, 0, 0, 0, 3, 0
74486, 3, 0, 0, 0, 1, 2
74487, 3, 0, 0, 0, 3, 0
74488, 1, 0, 0, 0, 1, 0
74489, 3, 0, 0, 0, 3, 0
74490, 5, 0, 0, 0, 3, 2
74491, 5, 1, 0, 1, 1, 4
74492, 4, 1, 0, 1, 2, 2
74493, 0, 1, 0, 1, 0, 0
78801, 0, 1, 1, 0, 0, 0
78802, 0, 1, 0, 1, 0, 0
74494, 1, 0, 0, 0, 1, 0
74495, 4, 1, 1, 0, 4, 0
74496, 1, 1, 1, 0, 1, 0
74497, 3, 0, 0, 0, 3, 0
74498, 1, 0, 0, 0, 1, 0
74499, 6, 0, 0, 0, 6, 0
74500, 0, 1, 1, 0, 0, 0
74501, 0, 1, 1, 0, 0, 0
74502, 0, 1, 1, 0, 0, 0
74506, 3, 0, 0, 0, 3, 0
74507, 4, 0, 0, 0, 4, 0
74508, 2, 0, 0, 0, 1, 1
74509, 1, 0, 0, 0, 1, 0
74510, 1, 1, 1, 0, 1, 0
81324, 0, 1, 1, 0, 0, 0
74513, 2, 0, 0, 0, 2, 0
74518, 2, 0, 0, 0, 2, 0
74519, 1, 0, 0, 0, 1, 0
74520, 1, 0, 0, 0, 1, 0
74521, 2, 0, 0, 0, 1, 1
74522, 2, 0, 0, 0, 2, 0
74523, 0, 1, 1, 0, 0, 0
74524, 3, 0, 0, 0, 2, 1
74525, 1, 1, 1, 0, 1, 0
74526, 2, 0, 0, 0, 1, 1
74527, 2, 0, 0, 0, 1, 1
74528, 2, 0, 0, 0, 2, 0
77122, 0, 1, 1, 0, 0, 0
74530, 1, 0, 0, 0, 1, 0
74531, 2, 0, 0, 0, 2, 0
74532, 3, 0, 0, 0, 3, 0
74536, 1, 0, 0, 0, 1, 0
74537, 1, 0, 0, 0, 1, 0
74540, 1, 0, 0, 0, 1, 0
74541, 1, 0, 0, 0, 1, 0
74542, 1, 0, 0, 0, 1, 0
74543, 3, 0, 0, 0, 3, 0
74544, 1, 0, 0, 0, 1, 0
74545, 3, 0, 0, 0, 1, 2
74546, 1, 0, 0, 0, 1, 0
74547, 1, 0, 0, 0, 1, 0
74548, 2, 0, 0, 0, 2, 0
74549, 8, 1, 1, 0, 6, 2
74550, 0, 1, 1, 0, 0, 0
74551, 6, 0, 0, 0, 6, 0
74552, 1, 0, 0, 0, 1, 0
74553, 1, 0, 0, 0, 1, 0
74554, 3, 0, 0, 0, 3, 0
74555, 1, 1, 1, 0, 1, 0
74556, 1, 0, 0, 0, 1, 0
74557, 1, 0, 0, 0, 1, 0
74558, 4, 0, 0, 0, 4, 0
74559, 0, 1, 1, 0, 0, 0
74560, 0, 1, 1, 0, 0, 0
74561, 1, 0, 0, 0, 1, 0
74562, 3, 0, 0, 0, 3, 0
74563, 3, 0, 0, 0, 2, 1
74564, 9, 0, 0, 0, 9, 0
74565, 0, 1, 1, 0, 0, 0
74566, 3, 0, 0, 0, 3, 0
74567, 0, 1, 1, 0, 0, 0
74568, 1, 0, 0, 0, 1, 0
74569, 1, 0, 0, 0, 1, 0
74570, 1, 0, 0, 0, 1, 0
74571, 1, 0, 0, 0, 1, 0
74573, 2, 0, 0, 0, 2, 0
74575, 3, 0, 0, 0, 3, 0
74576, 1, 0, 0, 0, 1, 0
74578, 2, 0, 0, 0, 2, 0
74579, 0, 1, 1, 0, 0, 0
74580, 1, 0, 0, 0, 1, 0
74581, 1, 0, 0, 0, 1, 0
74584, 1, 1, 1, 0, 1, 0
74585, 1, 0, 0, 0, 1, 0
74586, 1, 0, 0, 0, 1, 0
74588, 4, 0, 0, 0, 4, 0
74591, 1, 0, 0, 0, 1, 0
74592, 1, 0, 0, 0, 1, 0
74593, 2, 0, 0, 0, 1, 1
74594, 3, 0, 0, 0, 1, 2
74595, 5, 0, 0, 0, 5, 0
74596, 2, 0, 0, 0, 2, 0
74599, 2, 0, 0, 0, 2, 0
74600, 1, 0, 0, 0, 1, 0
74601, 1, 0, 0, 0, 1, 0
74602, 1, 0, 0, 0, 1, 0
74605, 1, 0, 0, 0, 1, 0
74608, 1, 0, 0, 0, 1, 0
74609, 2, 0, 0, 0, 2, 0
74610, 1, 0, 0, 0, 1, 0
74612, 1, 0, 0, 0, 1, 0
74613, 2, 0, 0, 0, 2, 0
74614, 1, 0, 0, 0, 1, 0
74615, 1, 0, 0, 0, 1, 0
74616, 4, 0, 0, 0, 4, 0
74617, 3, 0, 0, 0, 3, 0
74621, 1, 0, 0, 0, 1, 0
74622, 8, 0, 0, 0, 4, 4
74635, 1, 0, 0, 0, 1, 0
74637, 2, 0, 0, 0, 2, 0
74638, 2, 0, 0, 0, 2, 0
74639, 3, 0, 0, 0, 3, 0
74640, 1, 0, 0, 0, 1, 0
74641, 1, 0, 0, 0, 1, 0
74642, 1, 0, 0, 0, 1, 0
74643, 1, 0, 0, 0, 1, 0
74644, 2, 0, 0, 0, 2, 0
74645, 2, 0, 0, 0, 2, 0
74646, 2, 0, 0, 0, 2, 0
74647, 3, 0, 0, 0, 2, 1
74648, 3, 1, 1, 0, 3, 0
74649, 3, 0, 0, 0, 3, 0
74650, 2, 0, 0, 0, 2, 0
74651, 3, 1, 1, 0, 3, 0
74652, 1, 1, 1, 0, 1, 0
74653, 2, 0, 0, 0, 2, 0
74654, 2, 0, 0, 0, 2, 0
74655, 2, 0, 0, 0, 2, 0
74656, 2, 1, 1, 0, 2, 0
74657, 2, 0, 0, 0, 2, 0
74658, 3, 0, 0, 0, 2, 1
74659, 2, 0, 0, 0, 2, 0
74661, 1, 0, 0, 0, 1, 0
74662, 1, 0, 0, 0, 1, 0
74663, 1, 0, 0, 0, 1, 0
74664, 1, 0, 0, 0, 1, 0
74665, 4, 0, 0, 0, 4, 0
74666, 0, 1, 1, 0, 0, 0
74667, 5, 0, 0, 0, 5, 0
74668, 0, 1, 1, 0, 0, 0
74669, 8, 0, 0, 0, 8, 0
74670, 2, 0, 0, 0, 2, 0
74671, 2, 0, 0, 0, 2, 0
74672, 0, 1, 1, 0, 0, 0
74676, 6, 0, 0, 0, 6, 0
74677, 2, 0, 0, 0, 1, 1
74678, 0, 1, 0, 1, 0, 0
74681, 1, 0, 0, 0, 1, 0
81345, 0, 1, 1, 0, 0, 0
81346, 0, 1, 1, 0, 0, 0
74686, 2, 0, 0, 0, 2, 0
74687, 1, 0, 0, 0, 1, 0
74688, 1, 0, 0, 0, 1, 0
74689, 1, 0, 0, 0, 1, 0
74690, 1, 0, 0, 0, 1, 0
74691, 4, 0, 0, 0, 4, 0
74692, 1, 0, 0, 0, 1, 0
74693, 1, 0, 0, 0, 1, 0
74694, 1, 0, 0, 0, 1, 0
74695, 1, 0, 0, 0, 1, 0
74696, 3, 0, 0, 0, 2, 1
74697, 0, 1, 1, 0, 0, 0
74698, 1, 0, 0, 0, 1, 0
74699, 3, 0, 0, 0, 3, 0
74700, 1, 0, 0, 0, 1, 0
74701, 3, 0, 0, 0, 2, 1
74702, 2, 0, 0, 0, 2, 0
74703, 3, 0, 0, 0, 3, 0
74706, 2, 0, 0, 0, 2, 0
74707, 7, 0, 0, 0, 7, 0
74708, 0, 1, 1, 0, 0, 0
74709, 3, 1, 1, 0, 3, 0
74710, 1, 1, 1, 0, 1, 0
74711, 4, 0, 0, 0, 3, 1
74712, 1, 0, 0, 0, 1, 0
74713, 1, 0, 0, 0, 1, 0
74714, 1, 0, 0, 0, 1, 0
74716, 4, 0, 0, 0, 2, 2
74717, 0, 1, 1, 0, 0, 0
74718, 1, 0, 0, 0, 1, 0
74719, 1, 0, 0, 0, 1, 0
74720, 1, 0, 0, 0, 1, 0
74721, 1, 0, 0, 0, 1, 0
74725, 1, 0, 0, 0, 1, 0
74726, 3, 0, 0, 0, 3, 0
74727, 0, 1, 1, 0, 0, 0
74728, 0, 1, 1, 0, 0, 0
74729, 1, 0, 0, 0, 1, 0
74730, 1, 0, 0, 0, 1, 0
74731, 2, 0, 0, 0, 1, 1
74732, 4, 1, 1, 0, 4, 0
74733, 1, 1, 1, 0, 1, 0
74734, 5, 0, 0, 0, 5, 0
74735, 0, 1, 1, 0, 0, 0
74736, 0, 1, 1, 0, 0, 0
74737, 0, 1, 1, 0, 0, 0
74738, 1, 0, 0, 0, 1, 0
74739, 2, 0, 0, 0, 2, 0
74742, 1, 0, 0, 0, 1, 0
74743, 3, 0, 0, 0, 3, 0
74744, 1, 0, 0, 0, 1, 0
74745, 1, 0, 0, 0, 1, 0
74746, 1, 0, 0, 0, 1, 0
74747, 1, 0, 0, 0, 1, 0
74748, 1, 0, 0, 0, 1, 0
74749, 1, 0, 0, 0, 1, 0
74750, 1, 0, 0, 0, 1, 0
74751, 1, 0, 0, 0, 1, 0
74752, 2, 0, 0, 0, 2, 0
74753, 1, 0, 0, 0, 1, 0
74754, 2, 0, 0, 0, 1, 1
74755, 1, 0, 0, 0, 1, 0
74756, 2, 0, 0, 0, 2, 0
74757, 3, 1, 1, 0, 3, 0
74758, 1, 0, 0, 0, 1, 0
74759, 1, 0, 0, 0, 1, 0
74760, 1, 0, 0, 0, 1, 0
74761, 1, 0, 0, 0, 1, 0
74762, 1, 0, 0, 0, 1, 0
74763, 1, 0, 0, 0, 1, 0
74764, 2, 0, 0, 0, 2, 0
74765, 0, 1, 1, 0, 0, 0
74766, 1, 0, 0, 0, 1, 0
74767, 1, 0, 0, 0, 1, 0
74768, 1, 0, 0, 0, 1, 0
74769, 3, 0, 0, 0, 3, 0
74770, 0, 1, 1, 0, 0, 0
74771, 2, 0, 0, 0, 2, 0
74772, 1, 0, 0, 0, 1, 0
74773, 1, 0, 0, 0, 1, 0
74774, 1, 0, 0, 0, 1, 0
74775, 1, 0, 0, 0, 1, 0
74776, 1, 0, 0, 0, 1, 0
74777, 13, 0, 0, 0, 11, 2
74778, 0, 1, 1, 0, 0, 0
74779, 4, 0, 0, 0, 4, 0
74783, 1, 0, 0, 0, 1, 0
74785, 2, 0, 0, 0, 2, 0
74786, 2, 0, 0, 0, 2, 0
74787, 1, 0, 0, 0, 1, 0
74788, 3, 1, 1, 0, 3, 0
74790, 0, 1, 1, 0, 0, 0
74791, 8, 0, 0, 0, 8, 0
74792, 1, 0, 0, 0, 1, 0
74793, 1, 0, 0, 0, 1, 0
74794, 1, 0, 0, 0, 1, 0
74795, 1, 0, 0, 0, 1, 0
74796, 2, 0, 0, 0, 2, 0
74797, 1, 0, 0, 0, 1, 0
74798, 1, 0, 0, 0, 1, 0
74799, 1, 0, 0, 0, 1, 0
74800, 2, 0, 0, 0, 2, 0
74801, 1, 0, 0, 0, 1, 0
74802, 2, 0, 0, 0, 1, 1
74803, 1, 0, 0, 0, 1, 0
74804, 3, 0, 0, 0, 3, 0
74806, 1, 0, 0, 0, 1, 0
74809, 7, 0, 0, 0, 2, 5
74810, 3, 0, 0, 0, 3, 0
74811, 7, 0, 0, 0, 7, 0
74812, 3, 0, 0, 0, 3, 0
74813, 1, 0, 0, 0, 1, 0
74814, 3, 0, 0, 0, 2, 1
74816, 1, 0, 0, 0, 1, 0
74817, 2, 0, 0, 0, 2, 0
74818, 3, 0, 0, 0, 3, 0
74819, 2, 0, 0, 0, 2, 0
74821, 1, 0, 0, 0, 1, 0
74822, 1, 0, 0, 0, 1, 0
81364, 2, 1, 1, 0, 2, 0
74826, 4, 0, 0, 0, 4, 0
74827, 1, 0, 0, 0, 1, 0
74828, 1, 0, 0, 0, 1, 0
74830, 3, 0, 0, 0, 3, 0
74831, 1, 0, 0, 0, 1, 0
74832, 2, 0, 0, 0, 2, 0
74833, 2, 0, 0, 0, 2, 0
74834, 2, 0, 0, 0, 2, 0
74835, 3, 0, 0, 0, 2, 1
74836, 3, 0, 0, 0, 3, 0
74837, 1, 0, 0, 0, 1, 0
74838, 1, 0, 0, 0, 1, 0
74839, 1, 0, 0, 0, 1, 0
74840, 3, 0, 0, 0, 3, 0
74841, 3, 0, 0, 0, 3, 0
74842, 0, 1, 1, 0, 0, 0
74843, 1, 0, 0, 0, 1, 0
74844, 1, 0, 0, 0, 1, 0
74845, 2, 0, 0, 0, 2, 0
74846, 1, 1, 1, 0, 1, 0
74847, 3, 0, 0, 0, 3, 0
74848, 4, 0, 0, 0, 4, 0
74849, 1, 0, 0, 0, 1, 0
74851, 1, 1, 1, 0, 1, 0
74852, 0, 2, 2, 0, 0, 0
74853, 0, 2, 2, 0, 0, 0
74854, 1, 0, 0, 0, 1, 0
74855, 3, 0, 0, 0, 3, 0
74856, 3, 0, 0, 0, 2, 1
74857, 1, 0, 0, 0, 1, 0
74858, 2, 0, 0, 0, 2, 0
74861, 1, 0, 0, 0, 1, 0
74864, 1, 0, 0, 0, 1, 0
74865, 5, 0, 0, 0, 4, 1
74866, 1, 0, 0, 0, 1, 0
81367, 0, 1, 1, 0, 0, 0
74868, 1, 0, 0, 0, 1, 0
74869, 2, 0, 0, 0, 2, 0
74870, 3, 0, 0, 0, 3, 0
74871, 2, 0, 0, 0, 2, 0
74874, 2, 0, 0, 0, 2, 0
74875, 1, 1, 1, 0, 1, 0
74876, 2, 0, 0, 0, 2, 0
74877, 17, 0, 0, 0, 12, 5
74878, 2, 0, 0, 0, 2, 0
74879, 1, 0, 0, 0, 1, 0
74880, 1, 0, 0, 0, 1, 0
74881, 2, 0, 0, 0, 2, 0
74882, 1, 0, 0, 0, 1, 0
74883, 7, 0, 0, 0, 7, 0
74886, 2, 0, 0, 0, 2, 0
74887, 5, 0, 0, 0, 5, 0
74888, 0, 1, 1, 0, 0, 0
74890, 7, 0, 0, 0, 6, 1
74891, 0, 1, 1, 0, 0, 0
74892, 0, 1, 1, 0, 0, 0
74893, 0, 1, 1, 0, 0, 0
74894, 1, 0, 0, 0, 1, 0
74895, 3, 0, 0, 0, 3, 0
74896, 3, 0, 0, 0, 3, 0
74897, 1, 0, 0, 0, 1, 0
74898, 1, 0, 0, 0, 1, 0
74900, 1, 0, 0, 0, 1, 0
74901, 2, 0, 0, 0, 2, 0
74902, 2, 0, 0, 0, 2, 0
74903, 2, 0, 0, 0, 2, 0
74904, 4, 0, 0, 0, 4, 0
74905, 9, 1, 1, 0, 9, 0
74906, 0, 1, 1, 0, 0, 0
74907, 1, 1, 1, 0, 1, 0
74908, 6, 0, 0, 0, 2, 4
74909, 1, 0, 0, 0, 1, 0
74910, 1, 0, 0, 0, 1, 0
74912, 2, 0, 0, 0, 1, 1
74914, 1, 0, 0, 0, 1, 0
74919, 1, 0, 0, 0, 1, 0
74922, 1, 0, 0, 0, 1, 0
74923, 2, 0, 0, 0, 2, 0
74924, 2, 0, 0, 0, 1, 1
74925, 1, 0, 0, 0, 1, 0
74926, 2, 0, 0, 0, 2, 0
74927, 1, 0, 0, 0, 1, 0
74928, 3, 0, 0, 0, 3, 0
74929, 0, 1, 1, 0, 0, 0
74930, 6, 0, 0, 0, 6, 0
74931, 3, 1, 1, 0, 3, 0
74932, 8, 1, 1, 0, 7, 1
75637, 0, 1, 1, 0, 0, 0
74933, 2, 0, 0, 0, 2, 0
74934, 6, 0, 0, 0, 6, 0
74935, 0, 1, 1, 0, 0, 0
74936, 1, 0, 0, 0, 1, 0
74937, 1, 0, 0, 0, 1, 0
74938, 1, 0, 0, 0, 1, 0
74939, 1, 0, 0, 0, 1, 0
74940, 2, 0, 0, 0, 2, 0
74941, 1, 0, 0, 0, 1, 0
74942, 1, 0, 0, 0, 1, 0
74943, 1, 0, 0, 0, 1, 0
74944, 3, 0, 0, 0, 3, 0
74945, 2, 0, 0, 0, 2, 0
74946, 7, 1, 1, 0, 7, 0
74947, 1, 1, 1, 0, 1, 0
74948, 2, 0, 0, 0, 2, 0
74949, 1, 0, 0, 0, 1, 0
74950, 5, 0, 0, 0, 5, 0
74951, 1, 0, 0, 0, 1, 0
74953, 1, 0, 0, 0, 1, 0
74955, 1, 0, 0, 0, 1, 0
74956, 1, 0, 0, 0, 1, 0
74957, 1, 0, 0, 0, 1, 0
74958, 2, 0, 0, 0, 1, 1
74959, 2, 0, 0, 0, 2, 0
74960, 4, 0, 0, 0, 3, 1
74962, 2, 0, 0, 0, 2, 0
74963, 1, 0, 0, 0, 1, 0
74964, 1, 0, 0, 0, 1, 0
74965, 4, 0, 0, 0, 4, 0
74966, 2, 0, 0, 0, 2, 0
74967, 0, 1, 1, 0, 0, 0
74968, 1, 0, 0, 0, 1, 0
74970, 2, 0, 0, 0, 1, 1
74974, 2, 0, 0, 0, 2, 0
74975, 2, 0, 0, 0, 2, 0
74976, 3, 1, 1, 0, 3, 0
74977, 1, 1, 1, 0, 1, 0
74978, 1, 0, 0, 0, 1, 0
74979, 4, 0, 0, 0, 2, 2
74980, 4, 0, 0, 0, 4, 0
74981, 3, 0, 0, 0, 3, 0
74983, 6, 0, 0, 0, 4, 2
74984, 1, 0, 0, 0, 1, 0
74986, 3, 0, 0, 0, 3, 0
74987, 3, 0, 0, 0, 3, 0
74988, 2, 0, 0, 0, 2, 0
74989, 1, 0, 0, 0, 1, 0
74990, 1, 0, 0, 0, 1, 0
74991, 3, 0, 0, 0, 3, 0
74992, 0, 1, 1, 0, 0, 0
74993, 3, 0, 0, 0, 3, 0
74997, 1, 0, 0, 0, 1, 0
74998, 1, 0, 0, 0, 1, 0
74999, 3, 0, 0, 0, 3, 0
75000, 1, 0, 0, 0, 1, 0
75001, 1, 0, 0, 0, 1, 0
75002, 2, 0, 0, 0, 1, 1
75003, 1, 0, 0, 0, 1, 0
75004, 4, 1, 1, 0, 3, 1
75005, 1, 1, 1, 0, 1, 0
75006, 1, 0, 0, 0, 1, 0
75007, 2, 0, 0, 0, 2, 0
75008, 1, 0, 0, 0, 1, 0
75009, 2, 0, 0, 0, 2, 0
75010, 1, 1, 1, 0, 1, 0
75011, 2, 0, 0, 0, 2, 0
75012, 1, 0, 0, 0, 1, 0
75015, 1, 0, 0, 0, 1, 0
81381, 0, 1, 1, 0, 0, 0
75017, 2, 0, 0, 0, 2, 0
75018, 1, 0, 0, 0, 1, 0
75019, 2, 0, 0, 0, 2, 0
75020, 1, 0, 0, 0, 1, 0
75021, 1, 0, 0, 0, 1, 0
75022, 1, 0, 0, 0, 1, 0
75023, 2, 0, 0, 0, 1, 1
75024, 1, 0, 0, 0, 1, 0
75025, 3, 0, 0, 0, 3, 0
75026, 1, 0, 0, 0, 1, 0
75027, 1, 0, 0, 0, 1, 0
75028, 1, 0, 0, 0, 1, 0
75029, 1, 0, 0, 0, 1, 0
75030, 2, 1, 1, 0, 2, 0
75031, 2, 1, 1, 0, 2, 0
81382, 0, 1, 1, 0, 0, 0
75032, 1, 0, 0, 0, 1, 0
75033, 1, 0, 0, 0, 1, 0
75034, 1, 0, 0, 0, 1, 0
75035, 2, 0, 0, 0, 2, 0
75036, 1, 0, 0, 0, 1, 0
75037, 1, 0, 0, 0, 1, 0
75038, 6, 0, 0, 0, 6, 0
75039, 1, 0, 0, 0, 1, 0
75040, 2, 0, 0, 0, 2, 0
75041, 3, 0, 0, 0, 3, 0
75042, 1, 0, 0, 0, 1, 0
75043, 2, 0, 0, 0, 2, 0
75044, 1, 0, 0, 0, 1, 0
75046, 2, 0, 0, 0, 2, 0
75047, 0, 1, 1, 0, 0, 0
75048, 4, 0, 0, 0, 4, 0
75050, 4, 0, 0, 0, 4, 0
75051, 0, 1, 1, 0, 0, 0
75052, 3, 0, 0, 0, 3, 0
75053, 2, 0, 0, 0, 1, 1
75054, 6, 0, 0, 0, 6, 0
75055, 2, 0, 0, 0, 1, 1
75056, 2, 0, 0, 0, 2, 0
75057, 1, 0, 0, 0, 1, 0
75058, 2, 0, 0, 0, 2, 0
75059, 1, 0, 0, 0, 1, 0
75060, 1, 0, 0, 0, 1, 0
75061, 2, 0, 0, 0, 2, 0
75064, 1, 0, 0, 0, 1, 0
75068, 7, 0, 0, 0, 6, 1
75073, 1, 0, 0, 0, 1, 0
75074, 2, 0, 0, 0, 1, 1
75075, 1, 0, 0, 0, 1, 0
75076, 5, 0, 0, 0, 3, 2
75077, 2, 0, 0, 0, 2, 0
75078, 0, 1, 1, 0, 0, 0
75080, 1, 0, 0, 0, 1, 0
75081, 4, 0, 0, 0, 4, 0
75082, 0, 1, 1, 0, 0, 0
75083, 6, 0, 0, 0, 6, 0
75084, 1, 0, 0, 0, 1, 0
75085, 1, 0, 0, 0, 1, 0
75086, 1, 0, 0, 0, 1, 0
75087, 4, 0, 0, 0, 2, 2
75088, 1, 0, 0, 0, 1, 0
75094, 1, 0, 0, 0, 1, 0
75095, 2, 1, 1, 0, 2, 0
75096, 1, 1, 1, 0, 1, 0
75097, 1, 0, 0, 0, 1, 0
75098, 1, 0, 0, 0, 1, 0
75100, 1, 0, 0, 0, 1, 0
75101, 2, 0, 0, 0, 2, 0
75102, 0, 1, 1, 0, 0, 0
75103, 1, 0, 0, 0, 1, 0
75104, 1, 0, 0, 0, 1, 0
75105, 1, 0, 0, 0, 1, 0
75106, 1, 0, 0, 0, 1, 0
75107, 1, 0, 0, 0, 1, 0
75108, 1, 0, 0, 0, 1, 0
75109, 12, 0, 0, 0, 4, 8
75110, 0, 1, 0, 1, 0, 0
75111, 1, 0, 0, 0, 1, 0
75112, 1, 0, 0, 0, 1, 0
75115, 1, 0, 0, 0, 1, 0
75116, 1, 0, 0, 0, 1, 0
75117, 4, 0, 0, 0, 4, 0
75119, 2, 1, 1, 0, 2, 0
75120, 1, 1, 1, 0, 1, 0
75121, 2, 0, 0, 0, 2, 0
75123, 2, 0, 0, 0, 2, 0
75124, 6, 0, 0, 0, 4, 2
75126, 4, 1, 1, 0, 4, 0
75127, 1, 1, 1, 0, 1, 0
75130, 1, 0, 0, 0, 1, 0
75131, 1, 0, 0, 0, 1, 0
75132, 2, 0, 0, 0, 2, 0
75133, 1, 0, 0, 0, 1, 0
75135, 9, 0, 0, 0, 9, 0
75136, 1, 0, 0, 0, 1, 0
75138, 1, 0, 0, 0, 1, 0
75139, 3, 0, 0, 0, 3, 0
75141, 3, 0, 0, 0, 3, 0
75142, 0, 1, 1, 0, 0, 0
75143, 1, 0, 0, 0, 1, 0
75144, 1, 0, 0, 0, 1, 0
75145, 1, 0, 0, 0, 1, 0
75148, 1, 0, 0, 0, 1, 0
75149, 3, 0, 0, 0, 2, 1
75151, 1, 0, 0, 0, 1, 0
75152, 1, 0, 0, 0, 1, 0
75155, 2, 0, 0, 0, 2, 0
75156, 1, 0, 0, 0, 1, 0
75157, 7, 0, 0, 0, 6, 1
75158, 1, 0, 0, 0, 1, 0
75159, 1, 0, 0, 0, 1, 0
75160, 1, 0, 0, 0, 1, 0
75161, 1, 0, 0, 0, 1, 0
75162, 2, 0, 0, 0, 1, 1
75163, 1, 0, 0, 0, 1, 0
75164, 1, 0, 0, 0, 1, 0
75165, 1, 0, 0, 0, 1, 0
75166, 1, 0, 0, 0, 1, 0
75167, 2, 0, 0, 0, 2, 0
75168, 0, 1, 1, 0, 0, 0
75169, 1, 0, 0, 0, 1, 0
75170, 1, 0, 0, 0, 1, 0
75171, 1, 0, 0, 0, 1, 0
75172, 1, 0, 0, 0, 1, 0
75173, 1, 0, 0, 0, 1, 0
75174, 1, 0, 0, 0, 1, 0
75175, 1, 0, 0, 0, 1, 0
75176, 3, 0, 0, 0, 3, 0
75177, 1, 0, 0, 0, 1, 0
75178, 3, 0, 0, 0, 2, 1
75180, 3, 0, 0, 0, 2, 1
75183, 2, 0, 0, 0, 2, 0
75184, 2, 0, 0, 0, 2, 0
75186, 1, 0, 0, 0, 1, 0
75187, 3, 0, 0, 0, 3, 0
75188, 0, 1, 1, 0, 0, 0
75189, 5, 0, 0, 0, 4, 1
75190, 1, 0, 0, 0, 1, 0
75191, 1, 0, 0, 0, 1, 0
75192, 5, 0, 0, 0, 4, 1
75193, 1, 0, 0, 0, 1, 0
75194, 1, 0, 0, 0, 1, 0
75195, 2, 0, 0, 0, 2, 0
75196, 1, 0, 0, 0, 1, 0
75197, 1, 0, 0, 0, 1, 0
75198, 3, 0, 0, 0, 3, 0
75199, 0, 1, 1, 0, 0, 0
75200, 1, 0, 0, 0, 1, 0
75201, 3, 1, 1, 0, 3, 0
75202, 1, 1, 1, 0, 1, 0
75203, 3, 0, 0, 0, 3, 0
75204, 0, 1, 1, 0, 0, 0
75208, 2, 0, 0, 0, 2, 0
75209, 1, 0, 0, 0, 1, 0
75210, 1, 0, 0, 0, 1, 0
75211, 1, 0, 0, 0, 1, 0
75212, 1, 0, 0, 0, 1, 0
75214, 1, 0, 0, 0, 1, 0
75215, 1, 0, 0, 0, 1, 0
75217, 3, 0, 0, 0, 3, 0
75218, 2, 0, 0, 0, 2, 0
75219, 1, 0, 0, 0, 1, 0
75220, 1, 0, 0, 0, 1, 0
75221, 1, 0, 0, 0, 1, 0
75222, 1, 0, 0, 0, 1, 0
75223, 1, 0, 0, 0, 1, 0
75225, 1, 0, 0, 0, 1, 0
75226, 2, 0, 0, 0, 1, 1
75227, 2, 0, 0, 0, 1, 1
75228, 1, 0, 0, 0, 1, 0
75229, 1, 0, 0, 0, 1, 0
75230, 2, 0, 0, 0, 1, 1
75231, 1, 0, 0, 0, 1, 0
75232, 1, 0, 0, 0, 1, 0
75237, 5, 0, 0, 0, 5, 0
75238, 1, 1, 1, 0, 0, 1
75239, 1, 0, 0, 0, 1, 0
75242, 2, 0, 0, 0, 2, 0
75244, 4, 0, 0, 0, 2, 2
75245, 3, 0, 0, 0, 3, 0
75246, 2, 0, 0, 0, 2, 0
75247, 1, 0, 0, 0, 1, 0
75248, 4, 0, 0, 0, 4, 0
75249, 0, 1, 1, 0, 0, 0
75250, 2, 0, 0, 0, 2, 0
75251, 5, 0, 0, 0, 5, 0
75252, 1, 0, 0, 0, 1, 0
75253, 1, 0, 0, 0, 1, 0
75254, 1, 0, 0, 0, 1, 0
75255, 7, 0, 0, 0, 6, 1
75256, 2, 0, 0, 0, 2, 0
75257, 2, 0, 0, 0, 2, 0
75258, 2, 0, 0, 0, 2, 0
75259, 2, 0, 0, 0, 2, 0
75260, 1, 0, 0, 0, 1, 0
75261, 1, 0, 0, 0, 1, 0
75262, 2, 0, 0, 0, 2, 0
75263, 1, 0, 0, 0, 1, 0
75264, 1, 0, 0, 0, 1, 0
75265, 3, 0, 0, 0, 3, 0
75266, 1, 0, 0, 0, 1, 0
75267, 1, 0, 0, 0, 1, 0
75268, 1, 0, 0, 0, 1, 0
75269, 6, 0, 0, 0, 6, 0
75270, 3, 0, 0, 0, 2, 1
75271, 2, 0, 0, 0, 2, 0
75273, 2, 0, 0, 0, 2, 0
75277, 3, 0, 0, 0, 2, 1
75278, 0, 1, 1, 0, 0, 0
75281, 1, 0, 0, 0, 1, 0
75282, 1, 0, 0, 0, 1, 0
75283, 1, 0, 0, 0, 1, 0
75284, 1, 0, 0, 0, 1, 0
75285, 1, 0, 0, 0, 1, 0
75286, 1, 0, 0, 0, 1, 0
75287, 1, 0, 0, 0, 1, 0
75288, 2, 0, 0, 0, 2, 0
75289, 1, 0, 0, 0, 1, 0
75290, 1, 0, 0, 0, 1, 0
75291, 2, 0, 0, 0, 2, 0
75292, 2, 0, 0, 0, 2, 0
75293, 2, 0, 0, 0, 2, 0
75294, 2, 0, 0, 0, 2, 0
75296, 1, 0, 0, 0, 1, 0
75297, 2, 0, 0, 0, 2, 0
75298, 1, 0, 0, 0, 1, 0
75299, 3, 0, 0, 0, 2, 1
75300, 0, 1, 1, 0, 0, 0
75301, 4, 0, 0, 0, 4, 0
75302, 2, 0, 0, 0, 2, 0
75303, 2, 0, 0, 0, 2, 0
75304, 2, 0, 0, 0, 2, 0
75305, 1, 0, 0, 0, 1, 0
75306, 1, 0, 0, 0, 1, 0
75307, 2, 0, 0, 0, 2, 0
75308, 4, 0, 0, 0, 4, 0
75309, 3, 0, 0, 0, 2, 1
75310, 3, 0, 0, 0, 3, 0
75311, 3, 0, 0, 0, 2, 1
75312, 0, 1, 1, 0, 0, 0
75313, 1, 0, 0, 0, 1, 0
75314, 1, 0, 0, 0, 1, 0
75315, 2, 1, 1, 0, 2, 0
75316, 1, 1, 1, 0, 1, 0
75317, 4, 2, 2, 0, 4, 0
75318, 2, 1, 1, 0, 2, 0
75319, 1, 1, 1, 0, 1, 0
75320, 0, 1, 1, 0, 0, 0
75321, 1, 0, 0, 0, 1, 0
77476, 2, 1, 1, 0, 2, 0
75324, 1, 0, 0, 0, 1, 0
75326, 8, 0, 0, 0, 2, 6
75327, 3, 0, 0, 0, 3, 0
75328, 4, 0, 0, 0, 2, 2
75329, 1, 0, 0, 0, 1, 0
75336, 1, 0, 0, 0, 1, 0
75337, 3, 0, 0, 0, 3, 0
75338, 0, 1, 1, 0, 0, 0
75339, 1, 0, 0, 0, 1, 0
75340, 4, 0, 0, 0, 4, 0
75341, 1, 0, 0, 0, 1, 0
75343, 1, 0, 0, 0, 1, 0
75344, 1, 0, 0, 0, 1, 0
75345, 2, 0, 0, 0, 2, 0
75346, 2, 0, 0, 0, 2, 0
75347, 1, 0, 0, 0, 1, 0
75354, 7, 0, 0, 0, 6, 1
75356, 1, 0, 0, 0, 1, 0
75357, 1, 0, 0, 0, 1, 0
75358, 1, 0, 0, 0, 1, 0
75359, 10, 0, 0, 0, 3, 7
75360, 2, 0, 0, 0, 2, 0
75362, 4, 0, 0, 0, 4, 0
75363, 0, 1, 1, 0, 0, 0
75364, 2, 0, 0, 0, 2, 0
75365, 1, 0, 0, 0, 1, 0
75366, 2, 0, 0, 0, 2, 0
75367, 2, 0, 0, 0, 2, 0
75368, 4, 0, 0, 0, 4, 0
75371, 2, 0, 0, 0, 2, 0
75372, 1, 0, 0, 0, 1, 0
75373, 1, 0, 0, 0, 1, 0
75374, 2, 0, 0, 0, 2, 0
75375, 1, 0, 0, 0, 1, 0
75376, 2, 1, 1, 0, 2, 0
75377, 1, 1, 1, 0, 1, 0
75380, 6, 1, 1, 0, 6, 0
75381, 1, 2, 2, 0, 1, 0
75382, 1, 1, 1, 0, 1, 0
75383, 1, 1, 1, 0, 1, 0
81406, 1, 2, 2, 0, 1, 0
75384, 4, 0, 0, 0, 2, 2
75388, 2, 0, 0, 0, 2, 0
75389, 1, 0, 0, 0, 1, 0
75390, 10, 0, 0, 0, 1, 9
75393, 2, 1, 1, 0, 2, 0
75394, 1, 1, 1, 0, 1, 0
75395, 3, 0, 0, 0, 3, 0
75396, 2, 0, 0, 0, 2, 0
75397, 5, 0, 0, 0, 5, 0
75398, 0, 1, 1, 0, 0, 0
75400, 2, 0, 0, 0, 2, 0
75401, 1, 0, 0, 0, 1, 0
75402, 6, 1, 1, 0, 2, 4
75403, 2, 1, 1, 0, 2, 0
75404, 1, 0, 0, 0, 1, 0
75407, 2, 0, 0, 0, 2, 0
75408, 1, 0, 0, 0, 1, 0
75409, 1, 0, 0, 0, 1, 0
75410, 1, 0, 0, 0, 1, 0
75412, 5, 0, 0, 0, 1, 4
75413, 7, 0, 0, 0, 7, 0
75414, 0, 1, 1, 0, 0, 0
75415, 4, 0, 0, 0, 4, 0
75416, 2, 0, 0, 0, 2, 0
75417, 1, 0, 0, 0, 1, 0
75420, 3, 0, 0, 0, 2, 1
75421, 0, 1, 1, 0, 0, 0
75422, 1, 0, 0, 0, 1, 0
75423, 1, 0, 0, 0, 1, 0
75424, 1, 0, 0, 0, 1, 0
75425, 1, 0, 0, 0, 1, 0
75426, 1, 0, 0, 0, 1, 0
75427, 1, 0, 0, 0, 1, 0
75428, 1, 0, 0, 0, 1, 0
75429, 1, 0, 0, 0, 1, 0
75431, 1, 0, 0, 0, 1, 0
75432, 1, 0, 0, 0, 1, 0
75433, 2, 0, 0, 0, 2, 0
75434, 8, 0, 0, 0, 8, 0
75435, 0, 1, 1, 0, 0, 0
75436, 0, 1, 1, 0, 0, 0
75437, 14, 0, 0, 0, 5, 9
75438, 0, 1, 1, 0, 0, 0
75439, 4, 0, 0, 0, 4, 0
75440, 1, 0, 0, 0, 1, 0
75441, 1, 0, 0, 0, 1, 0
75442, 3, 0, 0, 0, 3, 0
75443, 2, 0, 0, 0, 2, 0
75444, 0, 1, 1, 0, 0, 0
75445, 1, 0, 0, 0, 1, 0
75446, 1, 0, 0, 0, 1, 0
75447, 1, 0, 0, 0, 1, 0
75449, 0, 1, 1, 0, 0, 0
75450, 1, 0, 0, 0, 1, 0
75451, 1, 0, 0, 0, 1, 0
75452, 1, 0, 0, 0, 1, 0
75454, 2, 0, 0, 0, 2, 0
75456, 2, 0, 0, 0, 2, 0
75457, 2, 0, 0, 0, 2, 0
75458, 3, 0, 0, 0, 3, 0
75459, 1, 0, 0, 0, 1, 0
75460, 1, 0, 0, 0, 1, 0
75461, 3, 0, 0, 0, 3, 0
75462, 1, 0, 0, 0, 1, 0
75463, 3, 0, 0, 0, 3, 0
75464, 0, 1, 1, 0, 0, 0
75466, 2, 0, 0, 0, 2, 0
75467, 1, 0, 0, 0, 1, 0
75468, 1, 0, 0, 0, 1, 0
75469, 1, 0, 0, 0, 1, 0
75470, 1, 0, 0, 0, 1, 0
75471, 1, 0, 0, 0, 1, 0
75472, 1, 0, 0, 0, 1, 0
75473, 2, 0, 0, 0, 2, 0
75475, 7, 2, 2, 0, 5, 2
75476, 1, 1, 1, 0, 1, 0
75477, 2, 0, 0, 0, 2, 0
75478, 2, 0, 0, 0, 2, 0
75479, 2, 0, 0, 0, 2, 0
75480, 4, 0, 0, 0, 3, 1
75481, 1, 2, 2, 0, 1, 0
81416, 1, 1, 1, 0, 1, 0
75482, 3, 0, 0, 0, 2, 1
75485, 3, 0, 0, 0, 3, 0
75486, 2, 0, 0, 0, 2, 0
75487, 0, 1, 1, 0, 0, 0
75488, 1, 0, 0, 0, 1, 0
75489, 1, 0, 0, 0, 1, 0
75490, 1, 0, 0, 0, 1, 0
75492, 2, 0, 0, 0, 2, 0
75493, 1, 0, 0, 0, 1, 0
75494, 2, 0, 0, 0, 1, 1
75495, 1, 0, 0, 0, 1, 0
75496, 1, 0, 0, 0, 1, 0
75497, 3, 0, 0, 0, 3, 0
75498, 4, 0, 0, 0, 1, 3
75499, 1, 0, 0, 0, 1, 0
75501, 3, 0, 0, 0, 2, 1
75502, 1, 0, 0, 0, 1, 0
75503, 4, 0, 0, 0, 4, 0
75504, 0, 1, 1, 0, 0, 0
75505, 1, 0, 0, 0, 1, 0
75511, 2, 0, 0, 0, 2, 0
75512, 0, 1, 1, 0, 0, 0
75513, 1, 0, 0, 0, 1, 0
75514, 1, 0, 0, 0, 1, 0
75515, 1, 0, 0, 0, 1, 0
75516, 1, 0, 0, 0, 1, 0
75517, 1, 0, 0, 0, 1, 0
75518, 1, 0, 0, 0, 1, 0
75519, 1, 0, 0, 0, 1, 0
75520, 1, 1, 1, 0, 1, 0
75521, 2, 1, 1, 0, 2, 0
75522, 1, 1, 1, 0, 1, 0
75523, 1, 0, 0, 0, 1, 0
75524, 1, 0, 0, 0, 1, 0
75525, 1, 0, 0, 0, 1, 0
75526, 3, 0, 0, 0, 2, 1
75527, 0, 1, 1, 0, 0, 0
75528, 1, 0, 0, 0, 1, 0
75529, 1, 0, 0, 0, 1, 0
75530, 10, 0, 0, 0, 1, 9
75531, 1, 0, 0, 0, 1, 0
75532, 2, 0, 0, 0, 1, 1
75533, 1, 0, 0, 0, 1, 0
75534, 1, 0, 0, 0, 1, 0
75535, 1, 0, 0, 0, 1, 0
75536, 3, 0, 0, 0, 3, 0
75537, 1, 0, 0, 0, 1, 0
75538, 1, 0, 0, 0, 1, 0
75539, 1, 0, 0, 0, 1, 0
75540, 1, 0, 0, 0, 1, 0
81421, 0, 1, 1, 0, 0, 0
75542, 1, 0, 0, 0, 1, 0
75543, 1, 0, 0, 0, 1, 0
75544, 2, 0, 0, 0, 2, 0
75545, 2, 0, 0, 0, 2, 0
75547, 1, 0, 0, 0, 1, 0
75548, 1, 0, 0, 0, 1, 0
75549, 2, 0, 0, 0, 1, 1
75554, 2, 0, 0, 0, 2, 0
75555, 3, 0, 0, 0, 3, 0
75557, 1, 0, 0, 0, 1, 0
75558, 2, 0, 0, 0, 1, 1
75559, 1, 0, 0, 0, 1, 0
75560, 2, 0, 0, 0, 2, 0
75562, 3, 0, 0, 0, 2, 1
75563, 4, 0, 0, 0, 4, 0
75564, 1, 0, 0, 0, 1, 0
75565, 3, 0, 0, 0, 3, 0
75566, 0, 1, 1, 0, 0, 0
75567, 0, 1, 1, 0, 0, 0
75568, 1, 0, 0, 0, 1, 0
75570, 1, 0, 0, 0, 1, 0
75571, 1, 0, 0, 0, 1, 0
75572, 1, 0, 0, 0, 1, 0
75573, 1, 0, 0, 0, 1, 0
75576, 1, 0, 0, 0, 1, 0
75577, 1, 0, 0, 0, 1, 0
75578, 2, 0, 0, 0, 2, 0
75579, 2, 0, 0, 0, 2, 0
75580, 1, 0, 0, 0, 1, 0
75581, 2, 0, 0, 0, 2, 0
75582, 0, 1, 1, 0, 0, 0
75583, 2, 0, 0, 0, 2, 0
75584, 0, 1, 1, 0, 0, 0
75585, 1, 0, 0, 0, 1, 0
75586, 3, 0, 0, 0, 3, 0
75587, 1, 0, 0, 0, 1, 0
75591, 1, 0, 0, 0, 1, 0
75592, 1, 0, 0, 0, 1, 0
75593, 1, 0, 0, 0, 1, 0
75594, 1, 0, 0, 0, 1, 0
75596, 2, 0, 0, 0, 2, 0
75597, 2, 0, 0, 0, 2, 0
75598, 2, 0, 0, 0, 2, 0
75599, 2, 0, 0, 0, 2, 0
75600, 1, 0, 0, 0, 1, 0
75601, 1, 0, 0, 0, 1, 0
75602, 1, 0, 0, 0, 1, 0
75604, 3, 0, 0, 0, 3, 0
75607, 2, 0, 0, 0, 2, 0
75610, 1, 0, 0, 0, 1, 0
75611, 1, 0, 0, 0, 1, 0
75612, 4, 0, 0, 0, 4, 0
75613, 7, 0, 0, 0, 5, 2
75614, 8, 0, 0, 0, 3, 5
75615, 3, 0, 0, 0, 2, 1
75616, 4, 0, 0, 0, 4, 0
75617, 4, 0, 0, 0, 4, 0
75618, 2, 0, 0, 0, 2, 0
75619, 2, 0, 0, 0, 2, 0
75620, 4, 1, 1, 0, 4, 0
75621, 4, 0, 0, 0, 3, 1
75622, 1, 0, 0, 0, 1, 0
75623, 2, 0, 0, 0, 1, 1
75626, 1, 0, 0, 0, 1, 0
75627, 1, 0, 0, 0, 1, 0
75628, 1, 0, 0, 0, 1, 0
75629, 1, 0, 0, 0, 1, 0
75630, 1, 0, 0, 0, 1, 0
75633, 1, 0, 0, 0, 1, 0
75634, 2, 0, 0, 0, 2, 0
75635, 0, 1, 1, 0, 0, 0
75636, 1, 0, 0, 0, 1, 0
75638, 1, 0, 0, 0, 1, 0
75639, 2, 0, 0, 0, 2, 0
75641, 2, 0, 0, 0, 2, 0
75642, 0, 1, 1, 0, 0, 0
75643, 1, 0, 0, 0, 1, 0
75644, 4, 0, 0, 0, 4, 0
75646, 1, 0, 0, 0, 1, 0
75647, 1, 0, 0, 0, 1, 0
75648, 5, 0, 0, 0, 1, 4
75652, 1, 0, 0, 0, 1, 0
75653, 2, 0, 0, 0, 2, 0
75654, 2, 0, 0, 0, 2, 0
75656, 1, 0, 0, 0, 1, 0
75657, 1, 0, 0, 0, 1, 0
75658, 1, 0, 0, 0, 1, 0
75659, 1, 0, 0, 0, 1, 0
75660, 2, 0, 0, 0, 2, 0
75661, 4, 0, 0, 0, 4, 0
75662, 1, 0, 0, 0, 1, 0
75663, 1, 0, 0, 0, 1, 0
75664, 3, 1, 1, 0, 3, 0
75665, 1, 1, 1, 0, 1, 0
75666, 4, 0, 0, 0, 4, 0
75667, 1, 0, 0, 0, 1, 0
75668, 2, 0, 0, 0, 2, 0
75669, 2, 0, 0, 0, 1, 1
75670, 2, 0, 0, 0, 2, 0
75671, 0, 1, 1, 0, 0, 0
75672, 1, 0, 0, 0, 1, 0
75673, 1, 0, 0, 0, 1, 0
75675, 2, 0, 0, 0, 2, 0
75676, 3, 0, 0, 0, 3, 0
75677, 0, 1, 1, 0, 0, 0
75678, 1, 0, 0, 0, 1, 0
75679, 1, 0, 0, 0, 1, 0
75680, 2, 0, 0, 0, 1, 1
75686, 2, 0, 0, 0, 2, 0
75687, 1, 0, 0, 0, 1, 0
75688, 1, 0, 0, 0, 1, 0
75689, 2, 0, 0, 0, 1, 1
75691, 1, 0, 0, 0, 1, 0
75692, 1, 0, 0, 0, 1, 0
75696, 1, 0, 0, 0, 1, 0
75697, 1, 0, 0, 0, 1, 0
75698, 1, 0, 0, 0, 1, 0
75699, 3, 0, 0, 0, 3, 0
75703, 1, 0, 0, 0, 1, 0
75704, 1, 0, 0, 0, 1, 0
75705, 2, 0, 0, 0, 2, 0
75706, 3, 0, 0, 0, 3, 0
75707, 0, 1, 1, 0, 0, 0
75708, 1, 0, 0, 0, 1, 0
75709, 1, 0, 0, 0, 1, 0
75710, 1, 0, 0, 0, 1, 0
75711, 2, 0, 0, 0, 1, 1
75712, 5, 0, 0, 0, 1, 4
75713, 0, 1, 0, 1, 0, 0
75714, 1, 0, 0, 0, 1, 0
75718, 3, 1, 1, 0, 3, 0
75719, 1, 1, 1, 0, 1, 0
75720, 0, 1, 1, 0, 0, 0
75721, 3, 0, 0, 0, 2, 1
75723, 1, 0, 0, 0, 1, 0
75724, 1, 0, 0, 0, 1, 0
75725, 6, 0, 0, 0, 3, 3
75726, 0, 1, 1, 0, 0, 0
75727, 2, 0, 0, 0, 2, 0
75728, 2, 0, 0, 0, 2, 0
75729, 12, 1, 1, 0, 3, 9
75730, 1, 1, 1, 0, 1, 0
75731, 0, 1, 0, 1, 0, 0
75732, 0, 1, 0, 1, 0, 0
75733, 0, 1, 0, 1, 0, 0
75734, 0, 1, 0, 1, 0, 0
75735, 0, 1, 0, 1, 0, 0
75736, 0, 1, 0, 1, 0, 0
75737, 0, 1, 0, 1, 0, 0
79826, 0, 1, 1, 0, 0, 0
75742, 1, 0, 0, 0, 1, 0
75743, 2, 0, 0, 0, 2, 0
75744, 1, 0, 0, 0, 1, 0
75745, 2, 1, 1, 0, 2, 0
75746, 1, 1, 1, 0, 1, 0
75748, 3, 0, 0, 0, 2, 1
75749, 2, 1, 1, 0, 2, 0
75750, 1, 1, 1, 0, 1, 0
75751, 1, 0, 0, 0, 1, 0
75752, 1, 0, 0, 0, 1, 0
75753, 1, 0, 0, 0, 1, 0
75754, 2, 0, 0, 0, 2, 0
75755, 0, 1, 1, 0, 0, 0
75756, 1, 0, 0, 0, 1, 0
75757, 1, 0, 0, 0, 1, 0
75758, 2, 0, 0, 0, 1, 1
75760, 4, 0, 0, 0, 4, 0
75763, 1, 0, 0, 0, 1, 0
75764, 1, 0, 0, 0, 1, 0
75765, 2, 0, 0, 0, 2, 0
75766, 2, 0, 0, 0, 2, 0
75767, 6, 2, 2, 0, 6, 0
75768, 1, 1, 1, 0, 1, 0
75769, 0, 1, 1, 0, 0, 0
75770, 0, 1, 1, 0, 0, 0
75771, 0, 1, 1, 0, 0, 0
75772, 1, 1, 1, 0, 1, 0
75773, 3, 1, 1, 0, 3, 0
75774, 2, 1, 1, 0, 2, 0
81439, 0, 1, 1, 0, 0, 0
81440, 2, 1, 1, 0, 2, 0
75780, 1, 0, 0, 0, 1, 0
75782, 2, 0, 0, 0, 2, 0
75783, 3, 0, 0, 0, 2, 1
81441, 0, 1, 0, 1, 0, 0
75785, 1, 0, 0, 0, 1, 0
75786, 1, 0, 0, 0, 1, 0
75789, 2, 0, 0, 0, 2, 0
75791, 2, 0, 0, 0, 2, 0
75792, 0, 1, 1, 0, 0, 0
75793, 5, 1, 1, 0, 4, 1
75794, 1, 1, 1, 0, 1, 0
75797, 1, 1, 1, 0, 1, 0
75798, 2, 0, 0, 0, 2, 0
75799, 1, 0, 0, 0, 1, 0
75800, 2, 0, 0, 0, 2, 0
75801, 1, 0, 0, 0, 1, 0
75802, 1, 0, 0, 0, 1, 0
75803, 9, 0, 0, 0, 2, 7
75804, 0, 1, 0, 1, 0, 0
75805, 1, 0, 0, 0, 1, 0
75806, 2, 0, 0, 0, 2, 0
75807, 1, 0, 0, 0, 1, 0
75808, 1, 0, 0, 0, 1, 0
75809, 5, 0, 0, 0, 5, 0
75810, 0, 1, 1, 0, 0, 0
75811, 0, 1, 1, 0, 0, 0
75812, 0, 1, 1, 0, 0, 0
75813, 5, 0, 0, 0, 4, 1
75814, 2, 0, 0, 0, 2, 0
75815, 1, 0, 0, 0, 1, 0
75816, 5, 0, 0, 0, 5, 0
75817, 0, 1, 1, 0, 0, 0
75818, 0, 1, 1, 0, 0, 0
75819, 0, 1, 1, 0, 0, 0
75820, 1, 0, 0, 0, 1, 0
75821, 1, 0, 0, 0, 1, 0
75822, 1, 0, 0, 0, 1, 0
75824, 1, 1, 1, 0, 1, 0
75825, 5, 0, 0, 0, 3, 2
75826, 1, 0, 0, 0, 1, 0
75827, 1, 0, 0, 0, 1, 0
75828, 1, 0, 0, 0, 1, 0
75829, 1, 0, 0, 0, 1, 0
75830, 1, 0, 0, 0, 1, 0
75831, 4, 0, 0, 0, 1, 3
75832, 1, 0, 0, 0, 1, 0
75833, 1, 0, 0, 0, 1, 0
75834, 1, 0, 0, 0, 1, 0
75835, 2, 0, 0, 0, 1, 1
75836, 1, 0, 0, 0, 1, 0
75837, 1, 0, 0, 0, 1, 0
75838, 1, 0, 0, 0, 1, 0
75839, 1, 0, 0, 0, 1, 0
75840, 1, 0, 0, 0, 1, 0
75842, 4, 0, 0, 0, 4, 0
75850, 3, 0, 0, 0, 2, 1
75851, 2, 1, 1, 0, 2, 0
75852, 1, 1, 1, 0, 1, 0
75853, 1, 0, 0, 0, 1, 0
75854, 2, 0, 0, 0, 2, 0
75855, 4, 0, 0, 0, 4, 0
75856, 2, 0, 0, 0, 2, 0
75857, 2, 0, 0, 0, 2, 0
75858, 4, 0, 0, 0, 4, 0
75859, 1, 0, 0, 0, 1, 0
75860, 2, 0, 0, 0, 2, 0
75861, 0, 1, 1, 0, 0, 0
75862, 8, 0, 0, 0, 1, 7
75863, 2, 1, 0, 1, 2, 0
75864, 0, 1, 0, 1, 0, 0
75865, 0, 1, 0, 1, 0, 0
81244, 0, 1, 1, 0, 0, 0
75866, 1, 0, 0, 0, 1, 0
75867, 4, 3, 3, 0, 4, 0
75868, 4, 5, 5, 0, 4, 0
75869, 4, 4, 4, 0, 4, 0
75870, 0, 3, 3, 0, 0, 0
81448, 3, 1, 1, 0, 3, 0
81449, 2, 2, 2, 0, 2, 0
75871, 2, 0, 0, 0, 2, 0
75872, 0, 1, 1, 0, 0, 0
75873, 1, 0, 0, 0, 1, 0
75874, 1, 0, 0, 0, 1, 0
75875, 1, 0, 0, 0, 1, 0
75876, 1, 0, 0, 0, 1, 0
75877, 1, 0, 0, 0, 1, 0
75878, 1, 0, 0, 0, 1, 0
75879, 2, 0, 0, 0, 1, 1
75880, 1, 0, 0, 0, 1, 0
75881, 1, 0, 0, 0, 1, 0
75882, 1, 0, 0, 0, 1, 0
75883, 1, 0, 0, 0, 1, 0
75884, 1, 0, 0, 0, 1, 0
75885, 1, 0, 0, 0, 1, 0
75886, 1, 0, 0, 0, 1, 0
75887, 4, 0, 0, 0, 4, 0
75888, 1, 0, 0, 0, 1, 0
75889, 1, 0, 0, 0, 1, 0
75890, 1, 0, 0, 0, 1, 0
75891, 1, 0, 0, 0, 1, 0
75892, 4, 0, 0, 0, 1, 3
75893, 1, 0, 0, 0, 1, 0
75894, 2, 0, 0, 0, 2, 0
75895, 2, 1, 1, 0, 0, 2
75896, 1, 0, 0, 0, 1, 0
75897, 1, 0, 0, 0, 1, 0
75898, 1, 0, 0, 0, 1, 0
75899, 1, 0, 0, 0, 1, 0
75900, 1, 0, 0, 0, 1, 0
75901, 1, 0, 0, 0, 1, 0
75902, 1, 0, 0, 0, 1, 0
75903, 7, 0, 0, 0, 4, 3
75904, 0, 1, 1, 0, 0, 0
75905, 1, 0, 0, 0, 1, 0
75906, 1, 0, 0, 0, 1, 0
75907, 1, 0, 0, 0, 1, 0
75908, 1, 0, 0, 0, 1, 0
75909, 1, 0, 0, 0, 1, 0
75910, 1, 0, 0, 0, 1, 0
75911, 1, 0, 0, 0, 1, 0
75912, 1, 0, 0, 0, 1, 0
75913, 1, 0, 0, 0, 1, 0
75914, 1, 0, 0, 0, 1, 0
75915, 1, 0, 0, 0, 1, 0
75916, 1, 0, 0, 0, 1, 0
75917, 1, 0, 0, 0, 1, 0
75918, 1, 0, 0, 0, 1, 0
75919, 1, 0, 0, 0, 1, 0
75920, 1, 0, 0, 0, 1, 0
75921, 1, 0, 0, 0, 1, 0
75922, 1, 0, 0, 0, 1, 0
75923, 2, 1, 1, 0, 2, 0
75924, 2, 2, 2, 0, 2, 0
81450, 1, 1, 1, 0, 1, 0
75925, 1, 0, 0, 0, 1, 0
75926, 4, 0, 0, 0, 2, 2
75927, 3, 0, 0, 0, 3, 0
75928, 1, 0, 0, 0, 1, 0
75931, 4, 1, 1, 0, 4, 0
75932, 0, 1, 1, 0, 0, 0
75933, 1, 1, 1, 0, 1, 0
81452, 0, 1, 1, 0, 0, 0
75936, 1, 0, 0, 0, 1, 0
75937, 2, 0, 0, 0, 2, 0
75938, 2, 0, 0, 0, 2, 0
75939, 2, 0, 0, 0, 2, 0
75940, 2, 0, 0, 0, 2, 0
75941, 1, 0, 0, 0, 1, 0
75942, 3, 0, 0, 0, 3, 0
75943, 4, 0, 0, 0, 2, 2
75944, 1, 0, 0, 0, 1, 0
75945, 1, 0, 0, 0, 1, 0
75946, 2, 0, 0, 0, 1, 1
75947, 1, 0, 0, 0, 1, 0
75948, 2, 0, 0, 0, 1, 1
75950, 1, 0, 0, 0, 1, 0
75951, 1, 0, 0, 0, 1, 0
75952, 1, 0, 0, 0, 1, 0
75953, 3, 0, 0, 0, 2, 1
75954, 1, 0, 0, 0, 1, 0
75955, 1, 0, 0, 0, 1, 0
75956, 1, 0, 0, 0, 1, 0
75957, 1, 0, 0, 0, 1, 0
75958, 1, 0, 0, 0, 1, 0
75959, 2, 0, 0, 0, 2, 0
75960, 1, 0, 0, 0, 1, 0
75961, 3, 0, 0, 0, 2, 1
75962, 1, 0, 0, 0, 1, 0
75963, 1, 0, 0, 0, 1, 0
75964, 2, 0, 0, 0, 2, 0
75965, 1, 0, 0, 0, 1, 0
75966, 4, 0, 0, 0, 1, 3
75967, 3, 0, 0, 0, 3, 0
75968, 1, 0, 0, 0, 1, 0
75969, 1, 0, 0, 0, 1, 0
75970, 1, 0, 0, 0, 1, 0
75971, 1, 0, 0, 0, 1, 0
75972, 1, 0, 0, 0, 1, 0
75973, 4, 0, 0, 0, 1, 3
75974, 1, 0, 0, 0, 1, 0
75975, 1, 0, 0, 0, 1, 0
75976, 2, 0, 0, 0, 2, 0
75977, 1, 0, 0, 0, 1, 0
75978, 4, 0, 0, 0, 4, 0
75979, 1, 0, 0, 0, 1, 0
75981, 2, 0, 0, 0, 2, 0
75982, 1, 0, 0, 0, 1, 0
75983, 2, 0, 0, 0, 1, 1
75985, 1, 0, 0, 0, 1, 0
75986, 1, 0, 0, 0, 1, 0
75987, 1, 0, 0, 0, 1, 0
75989, 1, 0, 0, 0, 1, 0
75990, 1, 0, 0, 0, 1, 0
75991, 1, 0, 0, 0, 1, 0
75992, 2, 0, 0, 0, 2, 0
75993, 8, 0, 0, 0, 4, 4
75994, 0, 1, 1, 0, 0, 0
75995, 3, 0, 0, 0, 2, 1
75996, 2, 0, 0, 0, 2, 0
75997, 0, 1, 1, 0, 0, 0
75998, 3, 1, 1, 0, 3, 0
75999, 1, 1, 1, 0, 1, 0
76001, 2, 0, 0, 0, 2, 0
76003, 4, 0, 0, 0, 3, 1
76004, 2, 0, 0, 0, 1, 1
76005, 6, 0, 0, 0, 4, 2
76006, 1, 2, 1, 1, 1, 0
81455, 1, 1, 1, 0, 1, 0
76007, 1, 0, 0, 0, 1, 0
76008, 1, 0, 0, 0, 1, 0
76009, 1, 0, 0, 0, 1, 0
76010, 1, 0, 0, 0, 1, 0
76013, 1, 0, 0, 0, 1, 0
76014, 1, 0, 0, 0, 1, 0
76015, 4, 0, 0, 0, 4, 0
76016, 1, 0, 0, 0, 1, 0
76017, 6, 0, 0, 0, 4, 2
76018, 0, 1, 1, 0, 0, 0
79412, 3, 2, 2, 0, 3, 0
79413, 2, 2, 2, 0, 2, 0
76020, 4, 0, 0, 0, 3, 1
76021, 1, 0, 0, 0, 1, 0
76022, 1, 0, 0, 0, 1, 0
76023, 2, 0, 0, 0, 2, 0
76025, 4, 0, 0, 0, 1, 3
76026, 1, 0, 0, 0, 1, 0
76027, 1, 0, 0, 0, 1, 0
76028, 1, 0, 0, 0, 1, 0
76029, 2, 0, 0, 0, 2, 0
76030, 2, 0, 0, 0, 2, 0
76031, 3, 0, 0, 0, 1, 2
76032, 4, 0, 0, 0, 4, 0
76033, 1, 0, 0, 0, 1, 0
76034, 2, 0, 0, 0, 2, 0
76035, 0, 1, 1, 0, 0, 0
76036, 1, 0, 0, 0, 1, 0
76037, 1, 0, 0, 0, 1, 0
76039, 1, 0, 0, 0, 1, 0
76040, 1, 0, 0, 0, 1, 0
76041, 1, 0, 0, 0, 1, 0
76042, 2, 0, 0, 0, 2, 0
76043, 1, 0, 0, 0, 1, 0
76045, 1, 0, 0, 0, 1, 0
76046, 3, 0, 0, 0, 2, 1
76047, 2, 0, 0, 0, 2, 0
76048, 2, 0, 0, 0, 2, 0
76049, 0, 1, 1, 0, 0, 0
76050, 1, 0, 0, 0, 1, 0
76051, 1, 1, 1, 0, 1, 0
76052, 1, 0, 0, 0, 1, 0
76054, 1, 0, 0, 0, 1, 0
76055, 1, 0, 0, 0, 1, 0
76056, 1, 0, 0, 0, 1, 0
76057, 1, 0, 0, 0, 1, 0
76058, 1, 0, 0, 0, 1, 0
76059, 1, 0, 0, 0, 1, 0
76060, 3, 0, 0, 0, 3, 0
76061, 0, 1, 1, 0, 0, 0
76062, 1, 0, 0, 0, 1, 0
76063, 1, 0, 0, 0, 1, 0
76064, 2, 0, 0, 0, 2, 0
76065, 3, 1, 1, 0, 3, 0
76066, 1, 1, 1, 0, 1, 0
76067, 2, 0, 0, 0, 2, 0
76068, 3, 0, 0, 0, 3, 0
76069, 3, 0, 0, 0, 3, 0
76070, 2, 0, 0, 0, 2, 0
76071, 0, 1, 1, 0, 0, 0
76072, 6, 0, 0, 0, 3, 3
76073, 2, 1, 1, 0, 2, 0
76074, 2, 1, 1, 0, 2, 0
81463, 0, 1, 1, 0, 0, 0
76075, 6, 0, 0, 0, 2, 4
76077, 1, 0, 0, 0, 1, 0
76078, 2, 0, 0, 0, 2, 0
76079, 2, 0, 0, 0, 2, 0
76080, 1, 0, 0, 0, 1, 0
76081, 3, 0, 0, 0, 3, 0
76082, 3, 0, 0, 0, 3, 0
76084, 5, 0, 0, 0, 4, 1
76085, 1, 0, 0, 0, 1, 0
76088, 1, 0, 0, 0, 1, 0
76089, 1, 0, 0, 0, 1, 0
76092, 1, 0, 0, 0, 1, 0
76094, 2, 0, 0, 0, 2, 0
76097, 1, 0, 0, 0, 1, 0
76098, 2, 1, 1, 0, 2, 0
76099, 1, 1, 1, 0, 1, 0
76100, 1, 1, 1, 0, 1, 0
76101, 2, 0, 0, 0, 2, 0
76103, 1, 0, 0, 0, 1, 0
76104, 2, 1, 1, 0, 2, 0
76105, 1, 1, 1, 0, 1, 0
76106, 2, 0, 0, 0, 1, 1
76107, 1, 0, 0, 0, 1, 0
76109, 1, 0, 0, 0, 1, 0
76110, 2, 0, 0, 0, 2, 0
76111, 1, 0, 0, 0, 1, 0
76112, 1, 0, 0, 0, 1, 0
76113, 1, 0, 0, 0, 1, 0
76114, 2, 0, 0, 0, 2, 0
76115, 20, 0, 0, 0, 1, 19
76116, 0, 1, 0, 1, 0, 0
76117, 0, 1, 0, 1, 0, 0
76118, 3, 0, 0, 0, 3, 0
76119, 3, 0, 0, 0, 3, 0
76120, 1, 0, 0, 0, 1, 0
76121, 1, 0, 0, 0, 1, 0
76122, 1, 0, 0, 0, 1, 0
76123, 3, 0, 0, 0, 2, 1
76124, 1, 0, 0, 0, 1, 0
81470, 0, 1, 1, 0, 0, 0
76126, 1, 0, 0, 0, 1, 0
76128, 1, 0, 0, 0, 1, 0
76130, 1, 0, 0, 0, 1, 0
76131, 1, 0, 0, 0, 1, 0
76132, 1, 0, 0, 0, 1, 0
76133, 1, 0, 0, 0, 1, 0
76134, 2, 0, 0, 0, 2, 0
76136, 2, 0, 0, 0, 2, 0
76137, 5, 0, 0, 0, 5, 0
76142, 3, 0, 0, 0, 2, 1
76143, 2, 0, 0, 0, 2, 0
76144, 0, 1, 1, 0, 0, 0
76145, 3, 0, 0, 0, 3, 0
76146, 0, 1, 1, 0, 0, 0
76147, 1, 0, 0, 0, 1, 0
76148, 1, 0, 0, 0, 1, 0
76150, 2, 0, 0, 0, 1, 1
76151, 4, 0, 0, 0, 4, 0
76152, 0, 1, 1, 0, 0, 0
76153, 1, 2, 2, 0, 0, 1
76154, 0, 1, 1, 0, 0, 0
76155, 3, 0, 0, 0, 2, 1
76156, 5, 0, 0, 0, 5, 0
76157, 1, 0, 0, 0, 1, 0
76158, 2, 0, 0, 0, 2, 0
76159, 1, 0, 0, 0, 1, 0
76160, 3, 0, 0, 0, 3, 0
76162, 2, 0, 0, 0, 2, 0
76163, 4, 0, 0, 0, 3, 1
76164, 0, 1, 1, 0, 0, 0
76165, 0, 1, 1, 0, 0, 0
76166, 0, 1, 0, 1, 0, 0
76167, 1, 0, 0, 0, 1, 0
76168, 2, 0, 0, 0, 2, 0
76169, 2, 0, 0, 0, 2, 0
76170, 1, 0, 0, 0, 1, 0
76171, 3, 0, 0, 0, 3, 0
76172, 0, 1, 1, 0, 0, 0
76174, 1, 0, 0, 0, 1, 0
76175, 3, 0, 0, 0, 3, 0
76177, 4, 0, 0, 0, 4, 0
76178, 1, 0, 0, 0, 1, 0
76181, 5, 0, 0, 0, 5, 0
76183, 2, 0, 0, 0, 2, 0
76186, 2, 0, 0, 0, 1, 1
76187, 4, 0, 0, 0, 3, 1
76188, 1, 0, 0, 0, 1, 0
76189, 1, 0, 0, 0, 1, 0
76192, 1, 0, 0, 0, 1, 0
76193, 1, 0, 0, 0, 1, 0
76194, 1, 0, 0, 0, 1, 0
76195, 2, 0, 0, 0, 2, 0
76197, 2, 0, 0, 0, 1, 1
76198, 2, 0, 0, 0, 1, 1
76199, 3, 0, 0, 0, 3, 0
76200, 1, 0, 0, 0, 1, 0
76201, 1, 0, 0, 0, 1, 0
76202, 2, 0, 0, 0, 2, 0
76203, 1, 0, 0, 0, 1, 0
76204, 1, 0, 0, 0, 1, 0
76205, 1, 0, 0, 0, 1, 0
76206, 3, 0, 0, 0, 3, 0
76207, 1, 0, 0, 0, 1, 0
76208, 1, 0, 0, 0, 1, 0
76209, 1, 0, 0, 0, 1, 0
76210, 2, 0, 0, 0, 2, 0
76211, 2, 0, 0, 0, 2, 0
76212, 0, 1, 1, 0, 0, 0
76213, 3, 0, 0, 0, 1, 2
76214, 3, 0, 0, 0, 3, 0
76215, 0, 1, 1, 0, 0, 0
76216, 3, 0, 0, 0, 3, 0
76217, 2, 0, 0, 0, 2, 0
76218, 1, 0, 0, 0, 1, 0
76219, 1, 0, 0, 0, 1, 0
76220, 3, 0, 0, 0, 3, 0
76221, 0, 1, 1, 0, 0, 0
76222, 3, 0, 0, 0, 1, 2
76223, 2, 0, 0, 0, 2, 0
76224, 2, 0, 0, 0, 1, 1
76226, 3, 0, 0, 0, 3, 0
76230, 1, 0, 0, 0, 1, 0
76231, 7, 0, 0, 0, 7, 0
76232, 2, 0, 0, 0, 2, 0
76233, 1, 0, 0, 0, 1, 0
76234, 2, 0, 0, 0, 2, 0
76235, 3, 0, 0, 0, 3, 0
76236, 0, 1, 1, 0, 0, 0
76237, 5, 0, 0, 0, 5, 0
76238, 3, 0, 0, 0, 3, 0
76240, 2, 0, 0, 0, 2, 0
76241, 2, 0, 0, 0, 2, 0
76242, 1, 0, 0, 0, 1, 0
76243, 1, 0, 0, 0, 1, 0
76248, 1, 0, 0, 0, 1, 0
76249, 1, 0, 0, 0, 1, 0
76250, 1, 0, 0, 0, 1, 0
76251, 2, 0, 0, 0, 2, 0
76252, 3, 0, 0, 0, 3, 0
76253, 1, 0, 0, 0, 1, 0
76254, 2, 0, 0, 0, 2, 0
76255, 1, 0, 0, 0, 1, 0
76256, 4, 0, 0, 0, 4, 0
76257, 3, 0, 0, 0, 3, 0
76258, 1, 0, 0, 0, 1, 0
76259, 1, 0, 0, 0, 1, 0
76260, 1, 0, 0, 0, 1, 0
76261, 1, 0, 0, 0, 1, 0
76262, 1, 0, 0, 0, 1, 0
76265, 1, 0, 0, 0, 1, 0
76266, 1, 0, 0, 0, 1, 0
76267, 3, 0, 0, 0, 3, 0
76268, 2, 0, 0, 0, 1, 1
76269, 1, 0, 0, 0, 1, 0
76270, 1, 0, 0, 0, 1, 0
76271, 1, 0, 0, 0, 1, 0
76272, 1, 0, 0, 0, 1, 0
76273, 2, 0, 0, 0, 1, 1
76274, 2, 0, 0, 0, 2, 0
76275, 4, 0, 0, 0, 4, 0
76276, 0, 1, 1, 0, 0, 0
76277, 3, 0, 0, 0, 2, 1
76278, 1, 0, 0, 0, 1, 0
76279, 1, 0, 0, 0, 1, 0
76280, 1, 0, 0, 0, 1, 0
76281, 1, 0, 0, 0, 1, 0
76282, 1, 0, 0, 0, 1, 0
76285, 3, 0, 0, 0, 3, 0
76286, 1, 0, 0, 0, 1, 0
76289, 1, 0, 0, 0, 1, 0
76290, 1, 0, 0, 0, 1, 0
76291, 3, 0, 0, 0, 2, 1
76292, 2, 0, 0, 0, 2, 0
76293, 3, 0, 0, 0, 3, 0
76294, 1, 0, 0, 0, 1, 0
76295, 1, 0, 0, 0, 1, 0
76296, 1, 0, 0, 0, 1, 0
76297, 1, 0, 0, 0, 1, 0
76298, 2, 0, 0, 0, 2, 0
76299, 2, 0, 0, 0, 1, 1
76300, 1, 0, 0, 0, 1, 0
76301, 1, 0, 0, 0, 1, 0
76302, 1, 0, 0, 0, 1, 0
76303, 1, 0, 0, 0, 1, 0
76304, 1, 0, 0, 0, 1, 0
76305, 1, 0, 0, 0, 1, 0
76307, 1, 0, 0, 0, 1, 0
76308, 2, 0, 0, 0, 2, 0
76309, 4, 0, 0, 0, 3, 1
76310, 1, 0, 0, 0, 1, 0
76311, 1, 0, 0, 0, 1, 0
76312, 4, 0, 0, 0, 4, 0
76313, 0, 1, 1, 0, 0, 0
76314, 5, 1, 1, 0, 5, 0
76315, 0, 1, 1, 0, 0, 0
76316, 1, 1, 1, 0, 1, 0
76318, 1, 0, 0, 0, 1, 0
76320, 2, 0, 0, 0, 2, 0
76321, 3, 0, 0, 0, 3, 0
76322, 1, 0, 0, 0, 1, 0
76323, 1, 0, 0, 0, 1, 0
76324, 1, 0, 0, 0, 1, 0
76325, 1, 0, 0, 0, 1, 0
76326, 4, 0, 0, 0, 1, 3
76327, 1, 0, 0, 0, 1, 0
76328, 1, 0, 0, 0, 1, 0
76330, 3, 0, 0, 0, 3, 0
76331, 1, 0, 0, 0, 1, 0
76332, 1, 0, 0, 0, 1, 0
76333, 2, 0, 0, 0, 2, 0
76334, 0, 1, 1, 0, 0, 0
76335, 3, 0, 0, 0, 3, 0
76336, 2, 0, 0, 0, 2, 0
76337, 3, 0, 0, 0, 3, 0
76338, 2, 0, 0, 0, 2, 0
76339, 1, 0, 0, 0, 1, 0
76340, 1, 0, 0, 0, 1, 0
76341, 1, 0, 0, 0, 1, 0
76342, 3, 0, 0, 0, 3, 0
76343, 4, 0, 0, 0, 4, 0
76344, 1, 0, 0, 0, 1, 0
76345, 1, 0, 0, 0, 1, 0
76349, 2, 0, 0, 0, 2, 0
76351, 3, 0, 0, 0, 2, 1
76352, 0, 2, 2, 0, 0, 0
76360, 1, 0, 0, 0, 1, 0
76361, 3, 0, 0, 0, 3, 0
76362, 1, 0, 0, 0, 1, 0
76363, 1, 0, 0, 0, 1, 0
76364, 1, 0, 0, 0, 1, 0
76365, 1, 0, 0, 0, 1, 0
76366, 4, 0, 0, 0, 2, 2
76367, 0, 1, 1, 0, 0, 0
76368, 1, 0, 0, 0, 1, 0
76369, 1, 0, 0, 0, 1, 0
76370, 1, 0, 0, 0, 1, 0
76371, 2, 0, 0, 0, 2, 0
76372, 0, 1, 1, 0, 0, 0
76373, 1, 0, 0, 0, 1, 0
76374, 1, 0, 0, 0, 1, 0
76375, 2, 0, 0, 0, 2, 0
76376, 3, 0, 0, 0, 3, 0
76377, 0, 1, 1, 0, 0, 0
76378, 2, 0, 0, 0, 2, 0
76384, 0, 1, 1, 0, 0, 0
76385, 0, 1, 1, 0, 0, 0
76386, 7, 0, 0, 0, 7, 0
76387, 0, 1, 1, 0, 0, 0
76388, 0, 1, 1, 0, 0, 0
76390, 2, 0, 0, 0, 2, 0
76391, 3, 0, 0, 0, 1, 2
76392, 2, 0, 0, 0, 1, 1
76393, 4, 0, 0, 0, 1, 3
76394, 1, 0, 0, 0, 1, 0
76395, 7, 0, 0, 0, 4, 3
76396, 1, 0, 0, 0, 1, 0
76397, 1, 0, 0, 0, 1, 0
76398, 1, 0, 0, 0, 1, 0
76399, 1, 0, 0, 0, 1, 0
76400, 1, 0, 0, 0, 1, 0
76401, 1, 0, 0, 0, 1, 0
76402, 1, 1, 1, 0, 1, 0
76403, 1, 0, 0, 0, 1, 0
76404, 3, 0, 0, 0, 3, 0
76405, 0, 1, 1, 0, 0, 0
76406, 1, 0, 0, 0, 1, 0
76407, 3, 0, 0, 0, 2, 1
76409, 3, 1, 1, 0, 3, 0
76410, 1, 0, 0, 0, 1, 0
76412, 1, 0, 0, 0, 1, 0
76413, 4, 0, 0, 0, 3, 1
76414, 1, 0, 0, 0, 1, 0
76415, 2, 0, 0, 0, 2, 0
76416, 2, 0, 0, 0, 2, 0
76417, 1, 0, 0, 0, 1, 0
76418, 3, 0, 0, 0, 3, 0
76419, 0, 1, 1, 0, 0, 0
76420, 1, 0, 0, 0, 1, 0
76421, 1, 0, 0, 0, 1, 0
76422, 1, 0, 0, 0, 1, 0
76425, 1, 0, 0, 0, 1, 0
76426, 1, 0, 0, 0, 1, 0
76427, 1, 1, 1, 0, 1, 0
76428, 2, 0, 0, 0, 2, 0
76429, 2, 0, 0, 0, 2, 0
76430, 2, 0, 0, 0, 2, 0
76433, 3, 0, 0, 0, 3, 0
76434, 0, 1, 1, 0, 0, 0
76435, 3, 0, 0, 0, 3, 0
81516, 0, 1, 1, 0, 0, 0
76437, 1, 0, 0, 0, 1, 0
76438, 1, 0, 0, 0, 1, 0
76439, 2, 0, 0, 0, 1, 1
76440, 2, 0, 0, 0, 1, 1
76441, 1, 0, 0, 0, 1, 0
76442, 1, 0, 0, 0, 1, 0
76443, 9, 0, 0, 0, 1, 8
76444, 0, 1, 0, 1, 0, 0
76445, 1, 0, 0, 0, 1, 0
76446, 1, 0, 0, 0, 1, 0
76447, 6, 0, 0, 0, 5, 1
76450, 2, 0, 0, 0, 2, 0
76451, 1, 0, 0, 0, 1, 0
76452, 1, 0, 0, 0, 1, 0
76453, 1, 0, 0, 0, 1, 0
76454, 3, 0, 0, 0, 3, 0
76455, 1, 0, 0, 0, 1, 0
76456, 3, 0, 0, 0, 2, 1
76458, 2, 0, 0, 0, 2, 0
76459, 1, 0, 0, 0, 1, 0
76460, 1, 0, 0, 0, 1, 0
76461, 1, 0, 0, 0, 1, 0
76462, 4, 1, 1, 0, 4, 0
76463, 1, 1, 1, 0, 1, 0
76464, 1, 0, 0, 0, 1, 0
76466, 2, 0, 0, 0, 2, 0
76467, 1, 0, 0, 0, 1, 0
76468, 1, 0, 0, 0, 1, 0
76469, 1, 0, 0, 0, 1, 0
76470, 1, 0, 0, 0, 1, 0
76471, 1, 0, 0, 0, 1, 0
76472, 1, 0, 0, 0, 1, 0
76473, 1, 0, 0, 0, 1, 0
76474, 1, 0, 0, 0, 1, 0
76475, 1, 0, 0, 0, 1, 0
76476, 1, 0, 0, 0, 1, 0
76477, 2, 0, 0, 0, 2, 0
76478, 2, 0, 0, 0, 2, 0
76479, 1, 0, 0, 0, 1, 0
76480, 2, 0, 0, 0, 2, 0
76482, 4, 0, 0, 0, 1, 3
76483, 0, 1, 0, 1, 0, 0
76484, 1, 0, 0, 0, 1, 0
76490, 2, 0, 0, 0, 2, 0
76491, 2, 0, 0, 0, 2, 0
76492, 3, 0, 0, 0, 3, 0
76493, 2, 0, 0, 0, 2, 0
76494, 2, 0, 0, 0, 2, 0
76495, 2, 0, 0, 0, 2, 0
76496, 1, 0, 0, 0, 1, 0
76497, 1, 0, 0, 0, 1, 0
76498, 2, 0, 0, 0, 2, 0
76499, 1, 0, 0, 0, 1, 0
76500, 4, 0, 0, 0, 4, 0
76501, 3, 0, 0, 0, 3, 0
76502, 3, 0, 0, 0, 3, 0
76503, 1, 0, 0, 0, 1, 0
76504, 2, 0, 0, 0, 2, 0
76505, 3, 0, 0, 0, 1, 2
76506, 2, 0, 0, 0, 2, 0
76507, 1, 0, 0, 0, 1, 0
76508, 1, 0, 0, 0, 1, 0
76509, 24, 0, 0, 0, 6, 18
76510, 0, 1, 1, 0, 0, 0
76511, 0, 1, 0, 1, 0, 0
76512, 0, 1, 0, 1, 0, 0
76513, 1, 0, 0, 0, 1, 0
76514, 1, 0, 0, 0, 1, 0
76515, 1, 0, 0, 0, 1, 0
76516, 1, 0, 0, 0, 1, 0
76519, 2, 0, 0, 0, 2, 0
76521, 2, 0, 0, 0, 1, 1
76522, 2, 0, 0, 0, 1, 1
76525, 1, 0, 0, 0, 1, 0
76526, 1, 0, 0, 0, 1, 0
76527, 1, 0, 0, 0, 1, 0
76528, 1, 0, 0, 0, 1, 0
76529, 1, 0, 0, 0, 1, 0
76530, 3, 0, 0, 0, 1, 2
76531, 1, 0, 0, 0, 1, 0
76532, 1, 0, 0, 0, 1, 0
76533, 16, 0, 0, 0, 1, 15
76534, 1, 0, 0, 0, 1, 0
76535, 2, 0, 0, 0, 1, 1
76536, 1, 0, 0, 0, 1, 0
76537, 1, 0, 0, 0, 1, 0
76538, 1, 0, 0, 0, 1, 0
76539, 1, 0, 0, 0, 1, 0
76540, 1, 0, 0, 0, 1, 0
76541, 1, 0, 0, 0, 1, 0
76542, 1, 0, 0, 0, 1, 0
76543, 1, 0, 0, 0, 1, 0
76544, 1, 0, 0, 0, 1, 0
76545, 1, 0, 0, 0, 1, 0
76546, 1, 0, 0, 0, 1, 0
76547, 1, 0, 0, 0, 1, 0
76548, 3, 1, 1, 0, 3, 0
76549, 0, 1, 1, 0, 0, 0
76550, 0, 1, 1, 0, 0, 0
76551, 3, 0, 0, 0, 3, 0
76552, 3, 0, 0, 0, 3, 0
76553, 1, 0, 0, 0, 1, 0
76556, 1, 0, 0, 0, 1, 0
76558, 2, 0, 0, 0, 1, 1
76560, 2, 0, 0, 0, 2, 0
76561, 1, 0, 0, 0, 1, 0
76562, 1, 0, 0, 0, 1, 0
76567, 6, 0, 0, 0, 6, 0
76568, 1, 0, 0, 0, 1, 0
76569, 1, 0, 0, 0, 1, 0
76570, 3, 0, 0, 0, 2, 1
76571, 2, 0, 0, 0, 2, 0
76574, 2, 0, 0, 0, 2, 0
76576, 2, 0, 0, 0, 2, 0
76577, 1, 0, 0, 0, 1, 0
76578, 1, 0, 0, 0, 1, 0
76579, 1, 0, 0, 0, 1, 0
76580, 1, 1, 1, 0, 1, 0
76581, 3, 0, 0, 0, 3, 0
76582, 0, 1, 1, 0, 0, 0
76584, 2, 0, 0, 0, 2, 0
76585, 0, 1, 1, 0, 0, 0
76586, 2, 0, 0, 0, 2, 0
76587, 5, 0, 0, 0, 4, 1
76588, 3, 0, 0, 0, 3, 0
76589, 1, 0, 0, 0, 1, 0
76590, 2, 1, 1, 0, 2, 0
76591, 5, 3, 3, 0, 5, 0
79511, 2, 1, 1, 0, 2, 0
79512, 1, 2, 2, 0, 1, 0
76592, 1, 0, 0, 0, 1, 0
76594, 9, 0, 0, 0, 9, 0
76595, 0, 1, 1, 0, 0, 0
76596, 0, 3, 3, 0, 0, 0
76597, 1, 0, 0, 0, 1, 0
76598, 1, 0, 0, 0, 1, 0
76599, 1, 0, 0, 0, 1, 0
76600, 1, 0, 0, 0, 1, 0
76602, 1, 0, 0, 0, 1, 0
76603, 1, 0, 0, 0, 1, 0
76605, 1, 0, 0, 0, 1, 0
76606, 1, 0, 0, 0, 1, 0
76607, 2, 0, 0, 0, 1, 1
76608, 1, 0, 0, 0, 1, 0
76609, 1, 0, 0, 0, 1, 0
76610, 1, 0, 0, 0, 1, 0
76611, 1, 0, 0, 0, 1, 0
76612, 2, 0, 0, 0, 2, 0
76613, 1, 0, 0, 0, 1, 0
76615, 2, 0, 0, 0, 2, 0
76616, 1, 0, 0, 0, 1, 0
76618, 1, 0, 0, 0, 1, 0
76619, 5, 0, 0, 0, 2, 3
76620, 1, 0, 0, 0, 1, 0
76621, 1, 0, 0, 0, 1, 0
76622, 5, 0, 0, 0, 5, 0
76623, 0, 1, 1, 0, 0, 0
76624, 0, 1, 1, 0, 0, 0
76625, 0, 1, 1, 0, 0, 0
76626, 0, 1, 1, 0, 0, 0
76627, 1, 0, 0, 0, 1, 0
76628, 2, 0, 0, 0, 2, 0
76629, 1, 0, 0, 0, 1, 0
76630, 2, 0, 0, 0, 2, 0
76631, 4, 1, 1, 0, 4, 0
76632, 1, 1, 1, 0, 1, 0
76633, 0, 1, 1, 0, 0, 0
76634, 5, 0, 0, 0, 5, 0
76635, 0, 1, 1, 0, 0, 0
76636, 2, 0, 0, 0, 2, 0
76638, 1, 0, 0, 0, 1, 0
76639, 2, 0, 0, 0, 1, 1
76640, 1, 0, 0, 0, 1, 0
76641, 1, 1, 1, 0, 1, 0
76642, 2, 0, 0, 0, 2, 0
76643, 0, 1, 1, 0, 0, 0
76644, 1, 0, 0, 0, 1, 0
76645, 1, 0, 0, 0, 1, 0
76646, 1, 0, 0, 0, 1, 0
76647, 2, 0, 0, 0, 2, 0
76648, 3, 0, 0, 0, 1, 2
76649, 0, 1, 0, 1, 0, 0
76650, 2, 0, 0, 0, 1, 1
76651, 1, 0, 0, 0, 1, 0
76652, 1, 0, 0, 0, 1, 0
76653, 1, 0, 0, 0, 1, 0
76654, 2, 0, 0, 0, 2, 0
76655, 1, 0, 0, 0, 1, 0
76657, 1, 0, 0, 0, 1, 0
76658, 2, 0, 0, 0, 1, 1
76659, 1, 0, 0, 0, 1, 0
76660, 2, 0, 0, 0, 2, 0
76661, 0, 1, 1, 0, 0, 0
76664, 3, 0, 0, 0, 3, 0
76665, 2, 0, 0, 0, 2, 0
76666, 1, 0, 0, 0, 1, 0
76667, 2, 0, 0, 0, 2, 0
76668, 2, 0, 0, 0, 2, 0
76669, 3, 0, 0, 0, 3, 0
76672, 2, 0, 0, 0, 2, 0
76673, 6, 1, 1, 0, 5, 1
76674, 0, 1, 1, 0, 0, 0
76675, 0, 1, 1, 0, 0, 0
76676, 0, 2, 2, 0, 0, 0
76677, 3, 1, 1, 0, 3, 0
81534, 1, 1, 1, 0, 0, 1
76679, 4, 0, 0, 0, 4, 0
76680, 1, 0, 0, 0, 1, 0
76681, 2, 0, 0, 0, 2, 0
76684, 0, 1, 1, 0, 0, 0
76685, 2, 1, 1, 0, 2, 0
76686, 1, 2, 2, 0, 1, 0
76687, 1, 0, 0, 0, 1, 0
76688, 2, 0, 0, 0, 2, 0
76689, 1, 0, 0, 0, 1, 0
76691, 5, 0, 0, 0, 5, 0
76692, 2, 0, 0, 0, 2, 0
76693, 1, 0, 0, 0, 1, 0
76694, 7, 0, 0, 0, 2, 5
76695, 2, 0, 0, 0, 2, 0
76697, 4, 0, 0, 0, 3, 1
76698, 2, 0, 0, 0, 2, 0
76699, 0, 1, 1, 0, 0, 0
76700, 1, 0, 0, 0, 1, 0
76701, 2, 0, 0, 0, 2, 0
76702, 2, 0, 0, 0, 2, 0
76703, 1, 0, 0, 0, 1, 0
76704, 1, 0, 0, 0, 1, 0
76705, 1, 0, 0, 0, 1, 0
76707, 4, 0, 0, 0, 4, 0
76708, 0, 1, 1, 0, 0, 0
76709, 1, 0, 0, 0, 1, 0
76710, 1, 0, 0, 0, 1, 0
76711, 1, 0, 0, 0, 1, 0
76712, 1, 0, 0, 0, 1, 0
76713, 4, 0, 0, 0, 4, 0
76714, 1, 1, 1, 0, 1, 0
76715, 1, 0, 0, 0, 1, 0
76717, 1, 0, 0, 0, 1, 0
76718, 2, 0, 0, 0, 1, 1
76719, 1, 0, 0, 0, 1, 0
76720, 4, 0, 0, 0, 4, 0
76721, 1, 0, 0, 0, 1, 0
76722, 2, 0, 0, 0, 2, 0
76723, 0, 1, 1, 0, 0, 0
76724, 1, 0, 0, 0, 1, 0
76725, 1, 0, 0, 0, 1, 0
76726, 1, 0, 0, 0, 1, 0
76727, 1, 0, 0, 0, 1, 0
76760, 1, 0, 0, 0, 1, 0
76761, 2, 0, 0, 0, 2, 0
76762, 1, 0, 0, 0, 1, 0
76763, 2, 0, 0, 0, 2, 0
76765, 3, 0, 0, 0, 2, 1
76766, 4, 0, 0, 0, 4, 0
76767, 0, 1, 1, 0, 0, 0
76768, 1, 1, 1, 0, 1, 0
76769, 2, 0, 0, 0, 2, 0
76770, 1, 0, 0, 0, 1, 0
76773, 4, 0, 0, 0, 2, 2
76774, 1, 0, 0, 0, 1, 0
76775, 1, 0, 0, 0, 1, 0
76776, 1, 0, 0, 0, 1, 0
76780, 1, 0, 0, 0, 1, 0
76781, 2, 1, 0, 1, 2, 0
76782, 1, 0, 0, 0, 1, 0
76783, 3, 0, 0, 0, 3, 0
76784, 1, 0, 0, 0, 1, 0
76785, 1, 0, 0, 0, 1, 0
76786, 1, 0, 0, 0, 1, 0
76788, 1, 0, 0, 0, 1, 0
76789, 2, 0, 0, 0, 1, 1
76790, 1, 0, 0, 0, 1, 0
76795, 10, 0, 0, 0, 8, 2
81549, 0, 1, 1, 0, 0, 0
81550, 3, 2, 2, 0, 3, 0
76807, 2, 0, 0, 0, 2, 0
81556, 1, 1, 0, 1, 0, 1
81557, 0, 1, 0, 1, 0, 0
76812, 3, 0, 0, 0, 2, 1
76814, 2, 0, 0, 0, 2, 0
76815, 3, 0, 0, 0, 2, 1
76817, 1, 0, 0, 0, 1, 0
76818, 1, 0, 0, 0, 1, 0
76819, 3, 1, 1, 0, 3, 0
76820, 2, 0, 0, 0, 2, 0
76821, 2, 0, 0, 0, 2, 0
76822, 5, 0, 0, 0, 5, 0
76823, 0, 1, 1, 0, 0, 0
76824, 6, 0, 0, 0, 5, 1
76825, 0, 1, 1, 0, 0, 0
76826, 0, 1, 1, 0, 0, 0
76827, 2, 0, 0, 0, 2, 0
76828, 2, 0, 0, 0, 2, 0
76829, 4, 0, 0, 0, 3, 1
76830, 1, 0, 0, 0, 1, 0
76831, 2, 0, 0, 0, 2, 0
76832, 3, 0, 0, 0, 3, 0
76833, 1, 0, 0, 0, 1, 0
76834, 6, 0, 0, 0, 5, 1
76835, 0, 1, 1, 0, 0, 0
76836, 1, 0, 0, 0, 1, 0
76837, 2, 0, 0, 0, 2, 0
76838, 1, 0, 0, 0, 1, 0
76839, 1, 0, 0, 0, 1, 0
76840, 1, 0, 0, 0, 1, 0
76841, 2, 0, 0, 0, 2, 0
76842, 0, 1, 1, 0, 0, 0
76843, 1, 0, 0, 0, 1, 0
76844, 1, 0, 0, 0, 1, 0
76845, 1, 0, 0, 0, 1, 0
76846, 3, 0, 0, 0, 2, 1
76847, 1, 0, 0, 0, 1, 0
76848, 2, 0, 0, 0, 2, 0
76849, 2, 0, 0, 0, 2, 0
76857, 1, 0, 0, 0, 1, 0
76858, 2, 0, 0, 0, 1, 1
76859, 1, 0, 0, 0, 1, 0
76860, 10, 0, 0, 0, 4, 6
76861, 1, 1, 1, 0, 1, 0
76862, 1, 0, 0, 0, 1, 0
76863, 1, 0, 0, 0, 1, 0
76864, 1, 0, 0, 0, 1, 0
76865, 1, 0, 0, 0, 1, 0
76866, 2, 0, 0, 0, 2, 0
76868, 1, 0, 0, 0, 1, 0
76869, 2, 0, 0, 0, 2, 0
76870, 0, 1, 1, 0, 0, 0
76871, 1, 0, 0, 0, 1, 0
76872, 4, 0, 0, 0, 4, 0
76873, 0, 2, 2, 0, 0, 0
76875, 2, 0, 0, 0, 2, 0
76876, 4, 0, 0, 0, 4, 0
76877, 3, 0, 0, 0, 3, 0
76878, 2, 0, 0, 0, 2, 0
76879, 2, 0, 0, 0, 2, 0
76881, 3, 0, 0, 0, 2, 1
76882, 1, 0, 0, 0, 1, 0
76883, 1, 0, 0, 0, 1, 0
76885, 2, 0, 0, 0, 2, 0
76886, 1, 0, 0, 0, 1, 0
76887, 3, 0, 0, 0, 3, 0
76888, 1, 0, 0, 0, 1, 0
76889, 2, 0, 0, 0, 2, 0
76890, 1, 0, 0, 0, 1, 0
76891, 1, 0, 0, 0, 1, 0
76892, 3, 0, 0, 0, 2, 1
76895, 3, 0, 0, 0, 2, 1
76896, 1, 0, 0, 0, 1, 0
76897, 2, 0, 0, 0, 1, 1
76898, 1, 1, 1, 0, 1, 0
76899, 1, 0, 0, 0, 1, 0
76901, 2, 0, 0, 0, 2, 0
76902, 2, 0, 0, 0, 2, 0
76903, 2, 0, 0, 0, 2, 0
76904, 2, 0, 0, 0, 2, 0
76905, 2, 0, 0, 0, 2, 0
76906, 2, 0, 0, 0, 2, 0
76907, 3, 0, 0, 0, 3, 0
76908, 2, 0, 0, 0, 1, 1
76909, 2, 0, 0, 0, 2, 0
76911, 1, 0, 0, 0, 1, 0
76912, 4, 0, 0, 0, 4, 0
76913, 2, 0, 0, 0, 2, 0
76914, 2, 0, 0, 0, 2, 0
76915, 1, 0, 0, 0, 1, 0
76916, 1, 0, 0, 0, 1, 0
76917, 12, 0, 0, 0, 6, 6
76918, 0, 1, 1, 0, 0, 0
76919, 0, 1, 1, 0, 0, 0
76920, 0, 1, 0, 1, 0, 0
76921, 0, 1, 0, 1, 0, 0
76922, 1, 0, 0, 0, 1, 0
76923, 2, 0, 0, 0, 2, 0
76924, 3, 0, 0, 0, 3, 0
76925, 2, 0, 0, 0, 2, 0
76926, 3, 0, 0, 0, 1, 2
76927, 5, 0, 0, 0, 3, 2
76928, 0, 1, 0, 1, 0, 0
76929, 2, 0, 0, 0, 1, 1
81573, 0, 1, 1, 0, 0, 0
76931, 2, 0, 0, 0, 2, 0
76934, 1, 0, 0, 0, 1, 0
76935, 1, 0, 0, 0, 1, 0
76936, 1, 0, 0, 0, 1, 0
76938, 2, 0, 0, 0, 2, 0
76939, 3, 1, 1, 0, 3, 0
76940, 1, 1, 1, 0, 1, 0
76941, 2, 0, 0, 0, 2, 0
76942, 1, 0, 0, 0, 1, 0
76943, 2, 0, 0, 0, 2, 0
76944, 0, 1, 1, 0, 0, 0
76945, 1, 0, 0, 0, 1, 0
76946, 3, 0, 0, 0, 3, 0
76947, 0, 1, 1, 0, 0, 0
76948, 1, 0, 0, 0, 1, 0
76949, 5, 0, 0, 0, 4, 1
76950, 0, 1, 1, 0, 0, 0
76951, 2, 0, 0, 0, 2, 0
76952, 2, 0, 0, 0, 2, 0
76953, 2, 0, 0, 0, 2, 0
76954, 4, 0, 0, 0, 4, 0
76955, 2, 0, 0, 0, 2, 0
76956, 1, 0, 0, 0, 1, 0
76957, 1, 0, 0, 0, 1, 0
76958, 1, 0, 0, 0, 1, 0
76959, 1, 0, 0, 0, 1, 0
76960, 1, 0, 0, 0, 1, 0
76961, 1, 0, 0, 0, 1, 0
76963, 1, 0, 0, 0, 1, 0
76964, 1, 0, 0, 0, 1, 0
76965, 2, 0, 0, 0, 2, 0
76967, 5, 0, 0, 0, 5, 0
76968, 6, 0, 0, 0, 6, 0
76969, 0, 1, 1, 0, 0, 0
76970, 0, 1, 1, 0, 0, 0
76971, 0, 1, 1, 0, 0, 0
76972, 0, 1, 1, 0, 0, 0
76973, 2, 0, 0, 0, 2, 0
76974, 0, 1, 1, 0, 0, 0
76975, 3, 0, 0, 0, 3, 0
76976, 1, 0, 0, 0, 1, 0
76977, 1, 0, 0, 0, 1, 0
76978, 1, 0, 0, 0, 1, 0
76979, 1, 0, 0, 0, 1, 0
76980, 1, 0, 0, 0, 1, 0
76981, 1, 0, 0, 0, 1, 0
81576, 2, 1, 1, 0, 2, 0
76985, 5, 0, 0, 0, 4, 1
76986, 1, 0, 0, 0, 1, 0
76987, 1, 0, 0, 0, 1, 0
76988, 1, 0, 0, 0, 1, 0
76989, 1, 0, 0, 0, 1, 0
76990, 2, 0, 0, 0, 2, 0
76991, 0, 1, 1, 0, 0, 0
76992, 1, 0, 0, 0, 1, 0
76993, 2, 0, 0, 0, 2, 0
76994, 1, 1, 1, 0, 0, 1
81577, 2, 1, 0, 1, 1, 1
76995, 1, 0, 0, 0, 1, 0
76996, 1, 0, 0, 0, 1, 0
76998, 1, 0, 0, 0, 1, 0
76999, 2, 0, 0, 0, 2, 0
77000, 2, 0, 0, 0, 2, 0
77001, 2, 0, 0, 0, 1, 1
77002, 3, 0, 0, 0, 2, 1
77005, 1, 0, 0, 0, 1, 0
81580, 0, 1, 1, 0, 0, 0
77007, 2, 0, 0, 0, 2, 0
77008, 1, 0, 0, 0, 1, 0
77013, 6, 0, 0, 0, 6, 0
77014, 0, 1, 1, 0, 0, 0
77015, 0, 1, 1, 0, 0, 0
77016, 0, 1, 1, 0, 0, 0
77017, 0, 1, 1, 0, 0, 0
77018, 2, 0, 0, 0, 2, 0
77019, 1, 0, 0, 0, 1, 0
77021, 1, 0, 0, 0, 1, 0
77022, 1, 0, 0, 0, 1, 0
77023, 3, 0, 0, 0, 3, 0
77024, 0, 1, 1, 0, 0, 0
77025, 1, 0, 0, 0, 1, 0
77026, 3, 0, 0, 0, 3, 0
77027, 1, 0, 0, 0, 1, 0
77028, 3, 0, 0, 0, 3, 0
77029, 0, 1, 1, 0, 0, 0
77030, 1, 0, 0, 0, 1, 0
77031, 2, 1, 1, 0, 2, 0
77032, 1, 1, 1, 0, 1, 0
77033, 1, 0, 0, 0, 1, 0
77034, 1, 0, 0, 0, 1, 0
77035, 1, 0, 0, 0, 1, 0
77036, 1, 0, 0, 0, 1, 0
77037, 2, 0, 0, 0, 2, 0
77038, 3, 0, 0, 0, 3, 0
77039, 1, 0, 0, 0, 1, 0
77040, 2, 0, 0, 0, 1, 1
77041, 0, 1, 0, 1, 0, 0
77042, 1, 0, 0, 0, 1, 0
77043, 1, 0, 0, 0, 1, 0
77044, 1, 0, 0, 0, 1, 0
77045, 1, 0, 0, 0, 1, 0
77046, 1, 0, 0, 0, 1, 0
77047, 1, 0, 0, 0, 1, 0
77048, 2, 0, 0, 0, 2, 0
77049, 1, 0, 0, 0, 1, 0
77050, 1, 0, 0, 0, 1, 0
77051, 1, 0, 0, 0, 1, 0
77052, 5, 0, 0, 0, 5, 0
77053, 0, 1, 1, 0, 0, 0
77054, 3, 0, 0, 0, 3, 0
77055, 4, 0, 0, 0, 1, 3
77056, 2, 0, 0, 0, 2, 0
77057, 2, 0, 0, 0, 2, 0
77065, 1, 0, 0, 0, 1, 0
77066, 1, 0, 0, 0, 1, 0
77067, 2, 0, 0, 0, 1, 1
77074, 1, 0, 0, 0, 1, 0
77075, 1, 0, 0, 0, 1, 0
77076, 3, 0, 0, 0, 2, 1
77077, 0, 1, 1, 0, 0, 0
77078, 2, 0, 0, 0, 2, 0
77079, 6, 0, 0, 0, 6, 0
77080, 1, 0, 0, 0, 1, 0
77082, 2, 0, 0, 0, 2, 0
77083, 2, 0, 0, 0, 2, 0
77084, 12, 1, 1, 0, 6, 6
77090, 1, 0, 0, 0, 1, 0
77093, 8, 0, 0, 0, 3, 5
77094, 0, 1, 1, 0, 0, 0
77096, 1, 0, 0, 0, 1, 0
77097, 1, 0, 0, 0, 1, 0
77098, 3, 0, 0, 0, 1, 2
77099, 1, 0, 0, 0, 1, 0
77100, 1, 0, 0, 0, 1, 0
77101, 2, 0, 0, 0, 2, 0
77102, 2, 1, 1, 0, 2, 0
77106, 2, 0, 0, 0, 2, 0
77107, 2, 0, 0, 0, 2, 0
77108, 3, 0, 0, 0, 3, 0
77109, 3, 1, 1, 0, 3, 0
77110, 1, 1, 1, 0, 1, 0
77111, 3, 1, 1, 0, 3, 0
77112, 1, 1, 1, 0, 1, 0
77115, 1, 0, 0, 0, 1, 0
77116, 1, 0, 0, 0, 1, 0
77117, 4, 0, 0, 0, 4, 0
77118, 0, 1, 1, 0, 0, 0
77119, 1, 0, 0, 0, 1, 0
77120, 2, 0, 0, 0, 1, 1
77121, 1, 0, 0, 0, 1, 0
77123, 2, 1, 1, 0, 2, 0
77124, 1, 1, 1, 0, 1, 0
77126, 1, 0, 0, 0, 1, 0
77127, 1, 0, 0, 0, 1, 0
77128, 1, 0, 0, 0, 1, 0
77129, 2, 1, 1, 0, 1, 1
77130, 1, 0, 0, 0, 1, 0
77131, 2, 0, 0, 0, 2, 0
77133, 2, 0, 0, 0, 1, 1
77135, 3, 0, 0, 0, 3, 0
77136, 1, 0, 0, 0, 1, 0
77137, 1, 0, 0, 0, 1, 0
77138, 1, 0, 0, 0, 1, 0
77139, 1, 0, 0, 0, 1, 0
77140, 1, 0, 0, 0, 1, 0
77142, 1, 0, 0, 0, 1, 0
77144, 1, 0, 0, 0, 1, 0
77145, 1, 0, 0, 0, 1, 0
77149, 1, 0, 0, 0, 1, 0
77151, 4, 0, 0, 0, 4, 0
77152, 0, 1, 1, 0, 0, 0
77153, 0, 1, 1, 0, 0, 0
77154, 0, 1, 1, 0, 0, 0
77155, 3, 0, 0, 0, 2, 1
77156, 1, 0, 0, 0, 1, 0
77157, 1, 0, 0, 0, 1, 0
77158, 1, 0, 0, 0, 1, 0
77159, 5, 0, 0, 0, 5, 0
77160, 0, 1, 1, 0, 0, 0
77161, 0, 1, 1, 0, 0, 0
77162, 0, 1, 1, 0, 0, 0
77163, 4, 0, 0, 0, 4, 0
77164, 0, 1, 1, 0, 0, 0
77165, 2, 0, 0, 0, 1, 1
77166, 1, 0, 0, 0, 1, 0
77167, 1, 0, 0, 0, 1, 0
77168, 3, 1, 1, 0, 2, 1
77169, 1, 1, 1, 0, 1, 0
77174, 4, 0, 0, 0, 4, 0
77175, 0, 1, 1, 0, 0, 0
77176, 0, 1, 1, 0, 0, 0
77177, 0, 1, 1, 0, 0, 0
77178, 2, 0, 0, 0, 1, 1
77179, 2, 0, 0, 0, 2, 0
77180, 2, 0, 0, 0, 2, 0
77181, 1, 0, 0, 0, 1, 0
77182, 1, 0, 0, 0, 1, 0
77183, 1, 0, 0, 0, 1, 0
77184, 2, 0, 0, 0, 2, 0
77185, 1, 0, 0, 0, 1, 0
77186, 1, 0, 0, 0, 1, 0
77187, 2, 0, 0, 0, 2, 0
77189, 1, 1, 1, 0, 1, 0
77190, 1, 0, 0, 0, 1, 0
77191, 4, 0, 0, 0, 4, 0
77192, 1, 0, 0, 0, 1, 0
77193, 2, 0, 0, 0, 2, 0
77194, 1, 0, 0, 0, 1, 0
77195, 3, 0, 0, 0, 3, 0
77196, 0, 1, 1, 0, 0, 0
77197, 1, 0, 0, 0, 1, 0
77198, 5, 1, 1, 0, 3, 2
77199, 1, 1, 1, 0, 1, 0
77200, 1, 0, 0, 0, 1, 0
77202, 1, 0, 0, 0, 1, 0
77203, 3, 0, 0, 0, 1, 2
77205, 1, 0, 0, 0, 1, 0
77206, 1, 0, 0, 0, 1, 0
77207, 1, 0, 0, 0, 1, 0
77208, 1, 0, 0, 0, 1, 0
77209, 3, 0, 0, 0, 3, 0
77210, 2, 0, 0, 0, 2, 0
77211, 1, 0, 0, 0, 1, 0
77212, 1, 0, 0, 0, 1, 0
77213, 1, 0, 0, 0, 1, 0
77216, 1, 0, 0, 0, 1, 0
77217, 1, 0, 0, 0, 1, 0
77218, 3, 0, 0, 0, 3, 0
77219, 0, 1, 1, 0, 0, 0
77220, 0, 1, 1, 0, 0, 0
77224, 1, 0, 0, 0, 1, 0
77225, 2, 0, 0, 0, 1, 1
77226, 1, 0, 0, 0, 1, 0
77229, 1, 0, 0, 0, 1, 0
77230, 1, 0, 0, 0, 1, 0
77231, 1, 0, 0, 0, 1, 0
77232, 1, 0, 0, 0, 1, 0
81621, 1, 1, 1, 0, 1, 0
81623, 2, 1, 1, 0, 2, 0
79919, 0, 1, 1, 0, 0, 0
79920, 0, 1, 1, 0, 0, 0
77249, 1, 0, 0, 0, 1, 0
77250, 2, 0, 0, 0, 1, 1
77252, 3, 0, 0, 0, 3, 0
77253, 2, 0, 0, 0, 2, 0
77254, 1, 0, 0, 0, 1, 0
77258, 3, 0, 0, 0, 1, 2
77260, 3, 0, 0, 0, 3, 0
77261, 1, 0, 0, 0, 1, 0
77262, 2, 0, 0, 0, 2, 0
77263, 1, 0, 0, 0, 1, 0
77264, 4, 0, 0, 0, 4, 0
77265, 2, 0, 0, 0, 2, 0
77267, 2, 0, 0, 0, 2, 0
77269, 2, 0, 0, 0, 2, 0
77270, 0, 1, 1, 0, 0, 0
77271, 3, 0, 0, 0, 3, 0
77272, 0, 1, 1, 0, 0, 0
77279, 2, 0, 0, 0, 2, 0
77280, 0, 1, 1, 0, 0, 0
77281, 1, 0, 0, 0, 1, 0
77285, 1, 0, 0, 0, 1, 0
77286, 3, 0, 0, 0, 2, 1
77287, 2, 0, 0, 0, 2, 0
77292, 1, 0, 0, 0, 1, 0
77294, 1, 0, 0, 0, 1, 0
77295, 5, 1, 1, 0, 5, 0
77296, 6, 2, 2, 0, 6, 0
77297, 0, 2, 2, 0, 0, 0
80765, 0, 1, 1, 0, 0, 0
77298, 1, 0, 0, 0, 1, 0
77299, 1, 0, 0, 0, 1, 0
77300, 1, 0, 0, 0, 1, 0
77302, 1, 0, 0, 0, 1, 0
77303, 2, 0, 0, 0, 1, 1
77304, 1, 1, 1, 0, 1, 0
77305, 1, 0, 0, 0, 1, 0
77306, 1, 0, 0, 0, 1, 0
77307, 1, 0, 0, 0, 1, 0
77308, 1, 0, 0, 0, 1, 0
77309, 1, 0, 0, 0, 1, 0
77310, 1, 0, 0, 0, 1, 0
77311, 2, 0, 0, 0, 2, 0
77312, 2, 0, 0, 0, 2, 0
77313, 1, 0, 0, 0, 1, 0
77315, 1, 0, 0, 0, 1, 0
77317, 1, 0, 0, 0, 1, 0
77319, 4, 0, 0, 0, 2, 2
77321, 1, 0, 0, 0, 1, 0
77324, 1, 0, 0, 0, 1, 0
77325, 4, 0, 0, 0, 3, 1
77326, 2, 1, 1, 0, 0, 2
77327, 0, 1, 1, 0, 0, 0
77329, 1, 0, 0, 0, 1, 0
77331, 1, 0, 0, 0, 1, 0
81641, 0, 1, 1, 0, 0, 0
81642, 1, 1, 1, 0, 1, 0
81643, 0, 1, 1, 0, 0, 0
77334, 2, 0, 0, 0, 2, 0
77336, 3, 0, 0, 0, 3, 0
77337, 2, 0, 0, 0, 2, 0
77338, 1, 0, 0, 0, 1, 0
77340, 1, 0, 0, 0, 1, 0
77342, 2, 0, 0, 0, 2, 0
77343, 4, 0, 0, 0, 3, 1
77344, 0, 1, 1, 0, 0, 0
77345, 1, 0, 0, 0, 1, 0
77347, 2, 0, 0, 0, 2, 0
77348, 2, 0, 0, 0, 2, 0
77349, 1, 0, 0, 0, 1, 0
77350, 4, 1, 1, 0, 4, 0
77351, 5, 1, 1, 0, 5, 0
77352, 0, 1, 1, 0, 0, 0
77356, 3, 0, 0, 0, 3, 0
77357, 1, 0, 0, 0, 1, 0
77360, 1, 0, 0, 0, 1, 0
77361, 2, 0, 0, 0, 2, 0
77364, 1, 0, 0, 0, 1, 0
77369, 1, 0, 0, 0, 1, 0
77370, 2, 0, 0, 0, 2, 0
77371, 1, 0, 0, 0, 1, 0
79675, 1, 1, 1, 0, 1, 0
77375, 4, 0, 0, 0, 4, 0
77376, 0, 1, 1, 0, 0, 0
77377, 0, 1, 1, 0, 0, 0
77385, 1, 0, 0, 0, 1, 0
77386, 1, 0, 0, 0, 1, 0
77388, 2, 0, 0, 0, 2, 0
77389, 0, 1, 1, 0, 0, 0
77390, 1, 0, 0, 0, 1, 0
77391, 1, 0, 0, 0, 1, 0
77393, 1, 0, 0, 0, 1, 0
77394, 1, 0, 0, 0, 1, 0
77395, 1, 0, 0, 0, 1, 0
77396, 1, 0, 0, 0, 1, 0
77397, 1, 0, 0, 0, 1, 0
77398, 1, 0, 0, 0, 1, 0
77399, 4, 0, 0, 0, 4, 0
77400, 0, 1, 1, 0, 0, 0
77402, 1, 0, 0, 0, 1, 0
77403, 1, 0, 0, 0, 1, 0
77405, 4, 0, 0, 0, 3, 1
77406, 1, 0, 0, 0, 1, 0
77409, 1, 0, 0, 0, 1, 0
77411, 1, 0, 0, 0, 1, 0
77412, 1, 0, 0, 0, 1, 0
77413, 1, 0, 0, 0, 1, 0
77414, 4, 0, 0, 0, 1, 3
77415, 0, 1, 0, 1, 0, 0
77416, 1, 0, 0, 0, 1, 0
77425, 1, 0, 0, 0, 1, 0
77426, 3, 1, 1, 0, 3, 0
77427, 3, 1, 1, 0, 2, 1
77428, 0, 1, 1, 0, 0, 0
77429, 4, 0, 0, 0, 4, 0
77430, 1, 1, 1, 0, 0, 1
77431, 1, 0, 0, 0, 1, 0
77432, 1, 0, 0, 0, 1, 0
77437, 3, 0, 0, 0, 3, 0
77438, 0, 1, 1, 0, 0, 0
77439, 2, 0, 0, 0, 1, 1
77440, 1, 0, 0, 0, 1, 0
77441, 2, 1, 1, 0, 2, 0
77442, 1, 0, 0, 0, 1, 0
77443, 2, 0, 0, 0, 2, 0
77444, 4, 0, 0, 0, 4, 0
77445, 1, 0, 0, 0, 1, 0
77446, 4, 0, 0, 0, 3, 1
77447, 0, 1, 0, 1, 0, 0
77448, 1, 0, 0, 0, 1, 0
77449, 1, 0, 0, 0, 1, 0
77452, 1, 0, 0, 0, 1, 0
77454, 1, 0, 0, 0, 1, 0
77455, 4, 0, 0, 0, 3, 1
77456, 3, 0, 0, 0, 3, 0
77457, 1, 0, 0, 0, 1, 0
77458, 1, 0, 0, 0, 1, 0
77459, 1, 0, 0, 0, 1, 0
77460, 4, 0, 0, 0, 4, 0
77461, 1, 2, 2, 0, 1, 0
77462, 1, 1, 1, 0, 1, 0
81681, 1, 1, 1, 0, 1, 0
77465, 1, 0, 0, 0, 1, 0
77466, 4, 1, 1, 0, 4, 0
77467, 0, 1, 1, 0, 0, 0
77468, 1, 1, 1, 0, 1, 0
77469, 1, 0, 0, 0, 1, 0
77470, 1, 0, 0, 0, 1, 0
77471, 1, 0, 0, 0, 1, 0
77472, 1, 0, 0, 0, 1, 0
77474, 1, 0, 0, 0, 1, 0
81682, 0, 1, 1, 0, 0, 0
77477, 1, 0, 0, 0, 1, 0
77478, 1, 0, 0, 0, 1, 0
77479, 2, 0, 0, 0, 2, 0
77482, 4, 0, 0, 0, 4, 0
77483, 1, 0, 0, 0, 1, 0
77484, 2, 0, 0, 0, 2, 0
77487, 1, 0, 0, 0, 1, 0
77488, 3, 0, 0, 0, 3, 0
77489, 1, 0, 0, 0, 1, 0
77490, 1, 0, 0, 0, 1, 0
77491, 1, 0, 0, 0, 1, 0
77493, 1, 0, 0, 0, 1, 0
77494, 2, 0, 0, 0, 1, 1
77495, 2, 0, 0, 0, 2, 0
77496, 0, 1, 1, 0, 0, 0
77497, 1, 0, 0, 0, 1, 0
77498, 2, 0, 0, 0, 2, 0
77499, 1, 1, 1, 0, 1, 0
77500, 2, 0, 0, 0, 2, 0
77501, 2, 0, 0, 0, 2, 0
77502, 1, 0, 0, 0, 1, 0
77503, 2, 0, 0, 0, 2, 0
77504, 1, 0, 0, 0, 1, 0
77506, 1, 0, 0, 0, 1, 0
77507, 1, 0, 0, 0, 1, 0
77508, 1, 0, 0, 0, 1, 0
77509, 2, 0, 0, 0, 2, 0
77510, 1, 0, 0, 0, 1, 0
77512, 2, 0, 0, 0, 2, 0
77513, 1, 0, 0, 0, 1, 0
77514, 1, 0, 0, 0, 1, 0
77516, 1, 0, 0, 0, 1, 0
77517, 1, 0, 0, 0, 1, 0
77518, 1, 0, 0, 0, 1, 0
77520, 1, 0, 0, 0, 1, 0
77522, 1, 0, 0, 0, 1, 0
77523, 1, 0, 0, 0, 1, 0
77524, 4, 0, 0, 0, 4, 0
77525, 0, 1, 1, 0, 0, 0
81066, 0, 2, 2, 0, 0, 0
77536, 1, 0, 0, 0, 1, 0
77537, 1, 0, 0, 0, 1, 0
77541, 1, 0, 0, 0, 1, 0
81698, 0, 1, 1, 0, 0, 0
81699, 0, 1, 1, 0, 0, 0
81700, 2, 1, 1, 0, 2, 0
81701, 0, 1, 1, 0, 0, 0
81702, 0, 1, 1, 0, 0, 0
81703, 1, 1, 1, 0, 1, 0
81704, 9, 2, 2, 0, 9, 0
77551, 2, 0, 0, 0, 2, 0
81705, 0, 1, 1, 0, 0, 0
77558, 2, 0, 0, 0, 2, 0
77559, 1, 0, 0, 0, 1, 0
77560, 3, 0, 0, 0, 3, 0
77561, 2, 0, 0, 0, 2, 0
77562, 0, 1, 1, 0, 0, 0
77563, 1, 0, 0, 0, 1, 0
77566, 1, 0, 0, 0, 1, 0
77567, 1, 0, 0, 0, 1, 0
77568, 4, 0, 0, 0, 2, 2
77569, 2, 0, 0, 0, 2, 0
77570, 0, 1, 1, 0, 0, 0
77571, 1, 0, 0, 0, 1, 0
77572, 1, 0, 0, 0, 1, 0
77573, 4, 0, 0, 0, 4, 0
77574, 1, 0, 0, 0, 1, 0
77575, 2, 0, 0, 0, 2, 0
77576, 1, 0, 0, 0, 1, 0
77579, 1, 0, 0, 0, 1, 0
77580, 1, 0, 0, 0, 1, 0
77581, 2, 0, 0, 0, 2, 0
77582, 1, 0, 0, 0, 1, 0
77583, 2, 0, 0, 0, 2, 0
77587, 1, 0, 0, 0, 1, 0
77588, 1, 0, 0, 0, 1, 0
77589, 1, 0, 0, 0, 1, 0
77591, 2, 0, 0, 0, 2, 0
77594, 2, 0, 0, 0, 2, 0
77595, 6, 0, 0, 0, 6, 0
77596, 0, 1, 1, 0, 0, 0
77597, 0, 1, 1, 0, 0, 0
77598, 0, 1, 1, 0, 0, 0
77599, 3, 0, 0, 0, 3, 0
77600, 0, 1, 1, 0, 0, 0
77601, 2, 0, 0, 0, 2, 0
77602, 1, 0, 0, 0, 1, 0
77603, 2, 0, 0, 0, 1, 1
77604, 1, 0, 0, 0, 1, 0
77606, 1, 0, 0, 0, 1, 0
77607, 1, 0, 0, 0, 1, 0
77608, 2, 0, 0, 0, 2, 0
77609, 3, 0, 0, 0, 2, 1
77610, 1, 0, 0, 0, 1, 0
77612, 1, 0, 0, 0, 1, 0
77613, 1, 0, 0, 0, 1, 0
77615, 2, 0, 0, 0, 2, 0
77616, 1, 0, 0, 0, 1, 0
77617, 2, 0, 0, 0, 2, 0
77618, 2, 0, 0, 0, 2, 0
77619, 2, 0, 0, 0, 2, 0
77620, 0, 1, 1, 0, 0, 0
77621, 1, 0, 0, 0, 1, 0
81715, 0, 1, 1, 0, 0, 0
77623, 1, 0, 0, 0, 1, 0
77624, 3, 0, 0, 0, 3, 0
77625, 3, 0, 0, 0, 1, 2
77629, 1, 0, 0, 0, 1, 0
77630, 1, 0, 0, 0, 1, 0
77631, 8, 0, 0, 0, 7, 1
77632, 1, 0, 0, 0, 1, 0
77634, 1, 0, 0, 0, 1, 0
77635, 1, 0, 0, 0, 1, 0
77636, 1, 0, 0, 0, 1, 0
81716, 1, 1, 1, 0, 0, 1
77643, 2, 0, 0, 0, 2, 0
77644, 1, 0, 0, 0, 1, 0
77645, 4, 0, 0, 0, 3, 1
77646, 0, 1, 1, 0, 0, 0
77647, 3, 0, 0, 0, 2, 1
77648, 1, 0, 0, 0, 1, 0
77649, 2, 0, 0, 0, 2, 0
77650, 1, 0, 0, 0, 1, 0
77652, 1, 0, 0, 0, 1, 0
77653, 3, 0, 0, 0, 2, 1
77654, 2, 0, 0, 0, 2, 0
77655, 3, 0, 0, 0, 2, 1
77656, 1, 0, 0, 0, 1, 0
77657, 2, 0, 0, 0, 2, 0
77658, 2, 0, 0, 0, 2, 0
77659, 2, 0, 0, 0, 2, 0
77660, 1, 0, 0, 0, 1, 0
77661, 2, 0, 0, 0, 2, 0
77662, 2, 0, 0, 0, 1, 1
77663, 1, 0, 0, 0, 1, 0
77664, 1, 0, 0, 0, 1, 0
77665, 2, 0, 0, 0, 1, 1
77666, 3, 0, 0, 0, 3, 0
77667, 1, 0, 0, 0, 1, 0
77668, 2, 0, 0, 0, 2, 0
77669, 2, 0, 0, 0, 2, 0
77670, 2, 0, 0, 0, 2, 0
77671, 1, 0, 0, 0, 1, 0
77672, 8, 0, 0, 0, 8, 0
77673, 2, 0, 0, 0, 2, 0
77674, 1, 0, 0, 0, 1, 0
77675, 1, 0, 0, 0, 1, 0
77676, 2, 0, 0, 0, 2, 0
77677, 1, 0, 0, 0, 1, 0
77679, 2, 0, 0, 0, 1, 1
77680, 1, 0, 0, 0, 1, 0
77681, 1, 0, 0, 0, 1, 0
77683, 1, 0, 0, 0, 1, 0
77684, 3, 0, 0, 0, 3, 0
77685, 0, 1, 1, 0, 0, 0
77686, 1, 0, 0, 0, 1, 0
77687, 2, 0, 0, 0, 2, 0
77688, 0, 1, 1, 0, 0, 0
77690, 4, 0, 0, 0, 4, 0
77691, 0, 1, 1, 0, 0, 0
77692, 0, 1, 1, 0, 0, 0
77693, 0, 1, 1, 0, 0, 0
77694, 1, 0, 0, 0, 1, 0
77695, 1, 0, 0, 0, 1, 0
77696, 1, 0, 0, 0, 1, 0
77697, 2, 0, 0, 0, 2, 0
77699, 3, 0, 0, 0, 3, 0
77700, 1, 0, 0, 0, 1, 0
77701, 1, 0, 0, 0, 1, 0
77702, 1, 1, 1, 0, 1, 0
77704, 1, 0, 0, 0, 1, 0
77705, 1, 0, 0, 0, 1, 0
77706, 1, 0, 0, 0, 1, 0
77707, 1, 0, 0, 0, 1, 0
77708, 2, 0, 0, 0, 2, 0
77709, 1, 0, 0, 0, 1, 0
77712, 2, 0, 0, 0, 2, 0
77713, 2, 0, 0, 0, 2, 0
77715, 3, 0, 0, 0, 3, 0
77716, 2, 0, 0, 0, 2, 0
77717, 1, 0, 0, 0, 1, 0
77719, 1, 0, 0, 0, 1, 0
77720, 1, 0, 0, 0, 1, 0
77726, 1, 0, 0, 0, 1, 0
77727, 1, 0, 0, 0, 1, 0
77728, 1, 0, 0, 0, 1, 0
77729, 1, 0, 0, 0, 1, 0
77730, 1, 0, 0, 0, 1, 0
77731, 2, 0, 0, 0, 1, 1
77732, 1, 0, 0, 0, 1, 0
77734, 3, 0, 0, 0, 3, 0
77735, 2, 0, 0, 0, 2, 0
77736, 1, 0, 0, 0, 1, 0
77740, 1, 0, 0, 0, 1, 0
77741, 1, 0, 0, 0, 1, 0
77742, 3, 0, 0, 0, 3, 0
77743, 0, 1, 1, 0, 0, 0
77744, 2, 0, 0, 0, 2, 0
77745, 2, 0, 0, 0, 2, 0
77748, 2, 0, 0, 0, 2, 0
81726, 0, 1, 1, 0, 0, 0
77756, 2, 0, 0, 0, 1, 1
77757, 1, 0, 0, 0, 1, 0
77759, 1, 0, 0, 0, 1, 0
77760, 2, 0, 0, 0, 1, 1
77761, 1, 0, 0, 0, 1, 0
77762, 1, 0, 0, 0, 1, 0
77763, 1, 0, 0, 0, 1, 0
77764, 9, 0, 0, 0, 1, 8
77765, 3, 0, 0, 0, 3, 0
77767, 2, 0, 0, 0, 2, 0
77768, 1, 0, 0, 0, 1, 0
77769, 1, 0, 0, 0, 1, 0
77770, 1, 0, 0, 0, 1, 0
77771, 2, 0, 0, 0, 2, 0
77772, 1, 0, 0, 0, 1, 0
77773, 2, 0, 0, 0, 2, 0
77774, 2, 0, 0, 0, 1, 1
77775, 2, 1, 1, 0, 2, 0
77776, 1, 1, 1, 0, 1, 0
77777, 1, 0, 0, 0, 1, 0
77778, 1, 0, 0, 0, 1, 0
77779, 1, 0, 0, 0, 1, 0
77780, 1, 0, 0, 0, 1, 0
77782, 1, 0, 0, 0, 1, 0
77783, 9, 0, 0, 0, 6, 3
77784, 1, 0, 0, 0, 1, 0
77787, 1, 0, 0, 0, 1, 0
77788, 1, 0, 0, 0, 1, 0
77789, 1, 0, 0, 0, 1, 0
77792, 1, 0, 0, 0, 1, 0
81728, 1, 1, 1, 0, 1, 0
77795, 2, 0, 0, 0, 2, 0
77796, 3, 0, 0, 0, 3, 0
77797, 2, 0, 0, 0, 2, 0
77798, 4, 0, 0, 0, 4, 0
77800, 1, 0, 0, 0, 1, 0
77801, 1, 0, 0, 0, 1, 0
77802, 1, 0, 0, 0, 1, 0
77803, 1, 0, 0, 0, 1, 0
77804, 2, 0, 0, 0, 2, 0
77805, 0, 1, 1, 0, 0, 0
77806, 1, 0, 0, 0, 1, 0
77807, 1, 0, 0, 0, 1, 0
77808, 1, 0, 0, 0, 1, 0
77809, 1, 0, 0, 0, 1, 0
77810, 1, 0, 0, 0, 1, 0
77812, 3, 0, 0, 0, 3, 0
77813, 5, 0, 0, 0, 5, 0
77814, 0, 1, 1, 0, 0, 0
77816, 1, 0, 0, 0, 1, 0
77817, 1, 0, 0, 0, 1, 0
77818, 1, 0, 0, 0, 1, 0
81731, 0, 1, 1, 0, 0, 0
77821, 1, 0, 0, 0, 1, 0
77822, 2, 0, 0, 0, 2, 0
77823, 0, 1, 1, 0, 0, 0
77825, 3, 0, 0, 0, 3, 0
77826, 6, 0, 0, 0, 6, 0
77827, 0, 1, 1, 0, 0, 0
77828, 0, 1, 1, 0, 0, 0
77829, 0, 1, 1, 0, 0, 0
77830, 0, 1, 1, 0, 0, 0
77831, 1, 0, 0, 0, 1, 0
77832, 1, 0, 0, 0, 1, 0
77833, 1, 0, 0, 0, 1, 0
77834, 1, 0, 0, 0, 1, 0
77838, 1, 0, 0, 0, 1, 0
77839, 1, 0, 0, 0, 1, 0
77840, 1, 0, 0, 0, 1, 0
77841, 1, 0, 0, 0, 1, 0
77842, 1, 0, 0, 0, 1, 0
77843, 3, 0, 0, 0, 3, 0
77844, 0, 1, 1, 0, 0, 0
77845, 0, 1, 1, 0, 0, 0
77846, 1, 0, 0, 0, 1, 0
77847, 2, 0, 0, 0, 2, 0
77848, 1, 0, 0, 0, 1, 0
77849, 1, 0, 0, 0, 1, 0
77850, 1, 0, 0, 0, 1, 0
77851, 1, 0, 0, 0, 1, 0
77856, 2, 0, 0, 0, 2, 0
77857, 0, 1, 1, 0, 0, 0
77858, 1, 0, 0, 0, 1, 0
77861, 1, 0, 0, 0, 1, 0
77862, 2, 0, 0, 0, 2, 0
77863, 1, 0, 0, 0, 1, 0
77864, 1, 0, 0, 0, 1, 0
77865, 1, 0, 0, 0, 1, 0
77866, 1, 0, 0, 0, 1, 0
77867, 1, 0, 0, 0, 1, 0
77868, 3, 0, 0, 0, 3, 0
77869, 3, 0, 0, 0, 3, 0
77870, 2, 0, 0, 0, 2, 0
77871, 1, 0, 0, 0, 1, 0
77872, 1, 0, 0, 0, 1, 0
77873, 3, 0, 0, 0, 3, 0
77874, 0, 1, 1, 0, 0, 0
77875, 0, 1, 1, 0, 0, 0
77876, 2, 0, 0, 0, 2, 0
77877, 2, 0, 0, 0, 2, 0
77878, 3, 0, 0, 0, 2, 1
81742, 1, 1, 1, 0, 1, 0
77884, 6, 0, 0, 0, 5, 1
77885, 1, 0, 0, 0, 1, 0
77886, 1, 0, 0, 0, 1, 0
77887, 1, 0, 0, 0, 1, 0
77888, 2, 0, 0, 0, 2, 0
77889, 2, 0, 0, 0, 2, 0
77890, 1, 0, 0, 0, 1, 0
77892, 6, 0, 0, 0, 4, 2
77893, 1, 0, 0, 0, 1, 0
77894, 2, 1, 1, 0, 2, 0
77895, 2, 1, 1, 0, 2, 0
77896, 1, 0, 0, 0, 1, 0
77897, 4, 0, 0, 0, 4, 0
77898, 0, 1, 1, 0, 0, 0
77899, 1, 0, 0, 0, 1, 0
77900, 3, 0, 0, 0, 3, 0
77901, 0, 1, 1, 0, 0, 0
77902, 1, 0, 0, 0, 1, 0
77903, 1, 0, 0, 0, 1, 0
77904, 1, 0, 0, 0, 1, 0
77905, 1, 0, 0, 0, 1, 0
77906, 1, 0, 0, 0, 1, 0
77907, 1, 0, 0, 0, 1, 0
77908, 2, 0, 0, 0, 2, 0
77909, 2, 0, 0, 0, 2, 0
77910, 1, 0, 0, 0, 1, 0
77911, 1, 0, 0, 0, 1, 0
77912, 2, 0, 0, 0, 2, 0
77913, 1, 0, 0, 0, 1, 0
77914, 3, 0, 0, 0, 3, 0
77915, 2, 0, 0, 0, 2, 0
77916, 2, 0, 0, 0, 2, 0
77917, 2, 0, 0, 0, 1, 1
77918, 2, 0, 0, 0, 1, 1
77919, 1, 0, 0, 0, 1, 0
77920, 1, 0, 0, 0, 1, 0
77921, 1, 0, 0, 0, 1, 0
77922, 4, 0, 0, 0, 4, 0
77923, 0, 1, 1, 0, 0, 0
77924, 0, 1, 1, 0, 0, 0
77925, 1, 0, 0, 0, 1, 0
81745, 0, 1, 1, 0, 0, 0
77927, 1, 1, 1, 0, 1, 0
77928, 1, 0, 0, 0, 1, 0
77931, 3, 0, 0, 0, 3, 0
77932, 2, 0, 0, 0, 2, 0
77933, 1, 0, 0, 0, 1, 0
77934, 2, 0, 0, 0, 2, 0
77935, 1, 0, 0, 0, 1, 0
77937, 2, 0, 0, 0, 2, 0
77938, 0, 1, 1, 0, 0, 0
77939, 2, 0, 0, 0, 2, 0
77940, 1, 0, 0, 0, 1, 0
77941, 5, 0, 0, 0, 5, 0
77942, 3, 0, 0, 0, 3, 0
77943, 2, 0, 0, 0, 2, 0
77945, 1, 1, 1, 0, 1, 0
77947, 1, 0, 0, 0, 1, 0
77948, 1, 0, 0, 0, 1, 0
77949, 1, 0, 0, 0, 1, 0
77950, 1, 0, 0, 0, 1, 0
77953, 2, 0, 0, 0, 2, 0
77954, 1, 0, 0, 0, 1, 0
77955, 6, 0, 0, 0, 6, 0
77956, 0, 1, 1, 0, 0, 0
77962, 2, 0, 0, 0, 2, 0
77963, 1, 0, 0, 0, 1, 0
77964, 1, 0, 0, 0, 1, 0
77965, 2, 0, 0, 0, 2, 0
77966, 0, 1, 1, 0, 0, 0
77967, 1, 0, 0, 0, 1, 0
77968, 3, 0, 0, 0, 3, 0
77969, 2, 0, 0, 0, 2, 0
77970, 1, 0, 0, 0, 1, 0
77971, 1, 0, 0, 0, 1, 0
77972, 2, 0, 0, 0, 2, 0
77973, 1, 0, 0, 0, 1, 0
77974, 2, 0, 0, 0, 2, 0
77975, 0, 1, 1, 0, 0, 0
77976, 1, 0, 0, 0, 1, 0
77977, 1, 0, 0, 0, 1, 0
77978, 5, 0, 0, 0, 5, 0
77979, 0, 1, 1, 0, 0, 0
77980, 1, 0, 0, 0, 1, 0
77981, 1, 0, 0, 0, 1, 0
77982, 1, 0, 0, 0, 1, 0
77983, 1, 0, 0, 0, 1, 0
77984, 1, 0, 0, 0, 1, 0
77985, 1, 0, 0, 0, 1, 0
77987, 2, 0, 0, 0, 2, 0
77988, 1, 0, 0, 0, 1, 0
77989, 2, 0, 0, 0, 1, 1
77990, 1, 0, 0, 0, 1, 0
77991, 1, 0, 0, 0, 1, 0
77997, 1, 0, 0, 0, 1, 0
77998, 1, 0, 0, 0, 1, 0
77999, 2, 0, 0, 0, 2, 0
78001, 4, 0, 0, 0, 4, 0
78002, 3, 0, 0, 0, 2, 1
78003, 1, 0, 0, 0, 1, 0
78004, 1, 0, 0, 0, 1, 0
78005, 3, 0, 0, 0, 3, 0
78008, 1, 0, 0, 0, 1, 0
78009, 1, 0, 0, 0, 1, 0
78010, 8, 0, 0, 0, 1, 7
78011, 0, 1, 0, 1, 0, 0
78012, 2, 0, 0, 0, 2, 0
78013, 0, 1, 1, 0, 0, 0
78014, 1, 0, 0, 0, 1, 0
78015, 1, 0, 0, 0, 1, 0
78016, 1, 0, 0, 0, 1, 0
78017, 1, 0, 0, 0, 1, 0
78018, 3, 0, 0, 0, 3, 0
78019, 1, 0, 0, 0, 1, 0
78020, 1, 0, 0, 0, 1, 0
78021, 16, 0, 0, 0, 1, 15
78022, 0, 1, 0, 1, 0, 0
78023, 1, 0, 0, 0, 1, 0
78024, 1, 1, 1, 0, 1, 0
78025, 1, 0, 0, 0, 1, 0
78029, 1, 0, 0, 0, 1, 0
78033, 1, 0, 0, 0, 1, 0
78036, 3, 0, 0, 0, 1, 2
78037, 1, 0, 0, 0, 1, 0
78043, 2, 0, 0, 0, 2, 0
78044, 0, 1, 1, 0, 0, 0
78045, 2, 0, 0, 0, 2, 0
78046, 3, 0, 0, 0, 1, 2
78047, 1, 0, 0, 0, 1, 0
78048, 2, 0, 0, 0, 2, 0
78049, 1, 0, 0, 0, 1, 0
78052, 1, 0, 0, 0, 1, 0
81762, 0, 1, 1, 0, 0, 0
78061, 13, 0, 0, 0, 8, 5
78062, 0, 1, 1, 0, 0, 0
78063, 0, 1, 1, 0, 0, 0
78064, 0, 1, 1, 0, 0, 0
78065, 0, 1, 1, 0, 0, 0
78066, 0, 1, 1, 0, 0, 0
78067, 0, 1, 1, 0, 0, 0
78068, 0, 1, 0, 1, 0, 0
78069, 0, 1, 0, 1, 0, 0
78070, 2, 0, 0, 0, 2, 0
78071, 2, 0, 0, 0, 2, 0
78072, 8, 0, 0, 0, 3, 5
78073, 2, 0, 0, 0, 2, 0
78074, 1, 0, 0, 0, 1, 0
78075, 1, 0, 0, 0, 1, 0
78077, 1, 0, 0, 0, 1, 0
78079, 1, 0, 0, 0, 1, 0
78080, 2, 0, 0, 0, 2, 0
78081, 2, 0, 0, 0, 2, 0
78082, 2, 0, 0, 0, 2, 0
78086, 2, 0, 0, 0, 2, 0
78087, 0, 1, 1, 0, 0, 0
78088, 1, 0, 0, 0, 1, 0
78089, 1, 0, 0, 0, 1, 0
81772, 0, 1, 1, 0, 0, 0
81773, 0, 1, 1, 0, 0, 0
78091, 1, 0, 0, 0, 1, 0
78092, 1, 0, 0, 0, 1, 0
78093, 2, 0, 0, 0, 2, 0
78094, 1, 0, 0, 0, 1, 0
78095, 1, 0, 0, 0, 1, 0
78096, 1, 0, 0, 0, 1, 0
78105, 2, 0, 0, 0, 2, 0
78106, 0, 1, 1, 0, 0, 0
78107, 1, 0, 0, 0, 1, 0
78108, 1, 0, 0, 0, 1, 0
78109, 2, 0, 0, 0, 1, 1
78110, 1, 0, 0, 0, 1, 0
78111, 1, 0, 0, 0, 1, 0
78112, 4, 0, 0, 0, 3, 1
78113, 0, 1, 1, 0, 0, 0
78116, 1, 0, 0, 0, 1, 0
78117, 1, 0, 0, 0, 1, 0
78118, 1, 0, 0, 0, 1, 0
78119, 1, 0, 0, 0, 1, 0
78120, 1, 0, 0, 0, 1, 0
78122, 6, 0, 0, 0, 6, 0
78123, 0, 1, 1, 0, 0, 0
78124, 1, 0, 0, 0, 1, 0
78125, 2, 0, 0, 0, 2, 0
78126, 0, 1, 1, 0, 0, 0
78127, 1, 0, 0, 0, 1, 0
78129, 5, 0, 0, 0, 3, 2
78130, 2, 0, 0, 0, 2, 0
78131, 0, 1, 1, 0, 0, 0
78132, 1, 0, 0, 0, 1, 0
78133, 2, 0, 0, 0, 2, 0
78134, 0, 1, 1, 0, 0, 0
81778, 0, 1, 1, 0, 0, 0
78136, 1, 0, 0, 0, 1, 0
78137, 3, 0, 0, 0, 3, 0
78138, 0, 1, 1, 0, 0, 0
78139, 1, 0, 0, 0, 1, 0
78140, 1, 0, 0, 0, 1, 0
78141, 1, 0, 0, 0, 1, 0
78142, 1, 0, 0, 0, 1, 0
78143, 1, 0, 0, 0, 1, 0
78144, 2, 0, 0, 0, 2, 0
78145, 0, 1, 1, 0, 0, 0
78146, 1, 0, 0, 0, 1, 0
78147, 1, 0, 0, 0, 1, 0
78149, 5, 0, 0, 0, 1, 4
78150, 1, 0, 0, 0, 1, 0
78151, 1, 0, 0, 0, 1, 0
78152, 1, 0, 0, 0, 1, 0
78153, 1, 0, 0, 0, 1, 0
78154, 1, 0, 0, 0, 1, 0
78155, 2, 0, 0, 0, 2, 0
78157, 1, 0, 0, 0, 1, 0
78158, 1, 0, 0, 0, 1, 0
78159, 1, 0, 0, 0, 1, 0
78160, 1, 0, 0, 0, 1, 0
78161, 2, 0, 0, 0, 2, 0
78162, 1, 0, 0, 0, 1, 0
78164, 1, 0, 0, 0, 1, 0
78165, 1, 0, 0, 0, 1, 0
78166, 1, 0, 0, 0, 1, 0
78167, 1, 0, 0, 0, 1, 0
78168, 2, 0, 0, 0, 2, 0
78169, 3, 0, 0, 0, 3, 0
78170, 0, 2, 2, 0, 0, 0
78171, 4, 0, 0, 0, 4, 0
78172, 0, 1, 1, 0, 0, 0
78173, 1, 0, 0, 0, 1, 0
78174, 3, 0, 0, 0, 3, 0
78175, 1, 0, 0, 0, 1, 0
78176, 2, 0, 0, 0, 1, 1
78177, 3, 0, 0, 0, 3, 0
78178, 0, 1, 1, 0, 0, 0
78179, 1, 0, 0, 0, 1, 0
78185, 2, 0, 0, 0, 2, 0
78187, 1, 0, 0, 0, 1, 0
78188, 1, 0, 0, 0, 1, 0
78189, 1, 0, 0, 0, 1, 0
78190, 1, 0, 0, 0, 1, 0
78191, 1, 0, 0, 0, 1, 0
78192, 1, 0, 0, 0, 1, 0
78193, 2, 0, 0, 0, 2, 0
78194, 2, 0, 0, 0, 1, 1
78196, 6, 0, 0, 0, 2, 4
78197, 1, 0, 0, 0, 1, 0
78198, 5, 0, 0, 0, 5, 0
78199, 0, 1, 1, 0, 0, 0
78200, 3, 0, 0, 0, 3, 0
78201, 1, 0, 0, 0, 1, 0
78204, 1, 0, 0, 0, 1, 0
78205, 1, 0, 0, 0, 1, 0
78206, 1, 0, 0, 0, 1, 0
78207, 1, 0, 0, 0, 1, 0
78208, 7, 0, 0, 0, 4, 3
78209, 1, 0, 0, 0, 1, 0
78210, 1, 0, 0, 0, 1, 0
78211, 1, 0, 0, 0, 1, 0
78215, 3, 0, 0, 0, 1, 2
78216, 1, 0, 0, 0, 1, 0
78217, 2, 0, 0, 0, 2, 0
78218, 3, 0, 0, 0, 3, 0
78219, 0, 1, 1, 0, 0, 0
78220, 2, 0, 0, 0, 2, 0
78221, 1, 0, 0, 0, 1, 0
78222, 1, 0, 0, 0, 1, 0
78223, 1, 0, 0, 0, 1, 0
78224, 1, 0, 0, 0, 1, 0
78225, 1, 0, 0, 0, 1, 0
78226, 1, 0, 0, 0, 1, 0
78227, 3, 0, 0, 0, 3, 0
78228, 0, 2, 2, 0, 0, 0
78229, 1, 2, 2, 0, 1, 0
81782, 2, 1, 1, 0, 2, 0
78232, 2, 0, 0, 0, 2, 0
78233, 1, 0, 0, 0, 1, 0
78234, 3, 0, 0, 0, 3, 0
78235, 0, 1, 1, 0, 0, 0
78236, 3, 0, 0, 0, 3, 0
78237, 1, 0, 0, 0, 1, 0
78238, 3, 0, 0, 0, 1, 2
78241, 1, 0, 0, 0, 1, 0
78243, 3, 3, 3, 0, 3, 0
78244, 5, 3, 3, 0, 5, 0
78245, 3, 3, 3, 0, 3, 0
78246, 0, 1, 1, 0, 0, 0
78247, 3, 2, 2, 0, 3, 0
78248, 1, 0, 0, 0, 1, 0
78249, 1, 0, 0, 0, 1, 0
78250, 1, 0, 0, 0, 1, 0
78251, 2, 0, 0, 0, 2, 0
78252, 2, 1, 1, 0, 2, 0
78253, 2, 0, 0, 0, 2, 0
81786, 0, 1, 1, 0, 0, 0
81787, 0, 1, 1, 0, 0, 0
78257, 1, 0, 0, 0, 1, 0
78258, 1, 0, 0, 0, 1, 0
78259, 2, 0, 0, 0, 2, 0
78260, 0, 1, 1, 0, 0, 0
78261, 2, 0, 0, 0, 2, 0
78262, 0, 2, 2, 0, 0, 0
78263, 2, 0, 0, 0, 2, 0
78265, 1, 0, 0, 0, 1, 0
78266, 1, 0, 0, 0, 1, 0
78268, 2, 0, 0, 0, 2, 0
78269, 1, 0, 0, 0, 1, 0
78270, 2, 0, 0, 0, 2, 0
78271, 0, 1, 1, 0, 0, 0
78272, 1, 0, 0, 0, 1, 0
78274, 2, 0, 0, 0, 2, 0
78275, 1, 0, 0, 0, 1, 0
78276, 6, 0, 0, 0, 5, 1
78277, 0, 1, 1, 0, 0, 0
78278, 0, 1, 1, 0, 0, 0
78279, 1, 0, 0, 0, 1, 0
78280, 1, 0, 0, 0, 1, 0
78281, 4, 0, 0, 0, 1, 3
78282, 2, 0, 0, 0, 2, 0
78283, 1, 0, 0, 0, 1, 0
78284, 1, 0, 0, 0, 1, 0
78285, 3, 1, 1, 0, 3, 0
78286, 1, 1, 1, 0, 1, 0
78287, 2, 0, 0, 0, 2, 0
78288, 2, 0, 0, 0, 2, 0
78289, 3, 0, 0, 0, 3, 0
78290, 0, 1, 1, 0, 0, 0
78291, 1, 0, 0, 0, 1, 0
78293, 1, 0, 0, 0, 1, 0
78294, 1, 0, 0, 0, 1, 0
78295, 1, 0, 0, 0, 1, 0
78296, 2, 0, 0, 0, 1, 1
78297, 1, 0, 0, 0, 1, 0
78298, 1, 0, 0, 0, 1, 0
78299, 1, 0, 0, 0, 1, 0
78302, 2, 0, 0, 0, 2, 0
78303, 0, 1, 1, 0, 0, 0
78305, 1, 0, 0, 0, 1, 0
78306, 1, 0, 0, 0, 1, 0
78307, 1, 0, 0, 0, 1, 0
78308, 1, 0, 0, 0, 1, 0
78310, 1, 0, 0, 0, 1, 0
78313, 1, 0, 0, 0, 1, 0
78314, 1, 0, 0, 0, 1, 0
78315, 1, 0, 0, 0, 1, 0
78316, 1, 0, 0, 0, 1, 0
78317, 1, 0, 0, 0, 1, 0
78318, 1, 0, 0, 0, 1, 0
78319, 1, 0, 0, 0, 1, 0
78320, 3, 0, 0, 0, 3, 0
78321, 0, 1, 1, 0, 0, 0
78322, 1, 0, 0, 0, 1, 0
78323, 1, 0, 0, 0, 1, 0
78324, 2, 0, 0, 0, 2, 0
78327, 2, 0, 0, 0, 1, 1
78328, 1, 0, 0, 0, 1, 0
78329, 1, 0, 0, 0, 1, 0
78330, 2, 0, 0, 0, 2, 0
78331, 2, 0, 0, 0, 2, 0
78332, 3, 0, 0, 0, 3, 0
78333, 3, 0, 0, 0, 3, 0
78334, 0, 1, 1, 0, 0, 0
78338, 1, 0, 0, 0, 1, 0
78339, 2, 0, 0, 0, 2, 0
78340, 1, 0, 0, 0, 1, 0
78343, 1, 0, 0, 0, 1, 0
78344, 2, 0, 0, 0, 2, 0
78345, 0, 1, 1, 0, 0, 0
78346, 2, 0, 0, 0, 2, 0
78347, 0, 1, 1, 0, 0, 0
78348, 2, 0, 0, 0, 2, 0
78349, 1, 0, 0, 0, 1, 0
78350, 11, 0, 0, 0, 9, 2
78351, 0, 1, 1, 0, 0, 0
78352, 0, 1, 1, 0, 0, 0
78353, 0, 1, 1, 0, 0, 0
78354, 0, 1, 1, 0, 0, 0
78355, 0, 1, 1, 0, 0, 0
78356, 0, 1, 0, 1, 0, 0
78357, 5, 0, 0, 0, 1, 4
78359, 4, 0, 0, 0, 4, 0
78361, 2, 0, 0, 0, 2, 0
78362, 1, 0, 0, 0, 1, 0
78363, 1, 0, 0, 0, 1, 0
78367, 1, 0, 0, 0, 1, 0
78368, 1, 0, 0, 0, 1, 0
78369, 3, 0, 0, 0, 3, 0
78370, 5, 0, 0, 0, 1, 4
78371, 5, 0, 0, 0, 1, 4
78372, 5, 0, 0, 0, 1, 4
78373, 5, 0, 0, 0, 1, 4
78374, 5, 0, 0, 0, 1, 4
78375, 5, 0, 0, 0, 1, 4
78376, 5, 0, 0, 0, 1, 4
78377, 5, 0, 0, 0, 1, 4
78378, 5, 0, 0, 0, 1, 4
78379, 5, 0, 0, 0, 1, 4
78380, 5, 0, 0, 0, 1, 4
78381, 5, 0, 0, 0, 1, 4
78382, 5, 0, 0, 0, 1, 4
78383, 5, 0, 0, 0, 1, 4
78384, 5, 0, 0, 0, 1, 4
78385, 5, 0, 0, 0, 1, 4
78386, 5, 0, 0, 0, 1, 4
78387, 5, 0, 0, 0, 1, 4
78388, 5, 0, 0, 0, 1, 4
78389, 5, 0, 0, 0, 1, 4
78390, 5, 0, 0, 0, 1, 4
78391, 5, 0, 0, 0, 1, 4
78392, 5, 0, 0, 0, 1, 4
78393, 5, 0, 0, 0, 1, 4
78394, 5, 0, 0, 0, 1, 4
78395, 5, 0, 0, 0, 1, 4
78396, 5, 0, 0, 0, 1, 4
78397, 5, 0, 0, 0, 1, 4
78398, 5, 0, 0, 0, 1, 4
78399, 5, 0, 0, 0, 1, 4
78400, 5, 0, 0, 0, 1, 4
78401, 5, 0, 0, 0, 1, 4
78402, 5, 0, 0, 0, 1, 4
78403, 5, 0, 0, 0, 1, 4
78404, 5, 0, 0, 0, 1, 4
78405, 5, 0, 0, 0, 1, 4
78406, 5, 0, 0, 0, 1, 4
78407, 5, 0, 0, 0, 1, 4
78408, 5, 0, 0, 0, 1, 4
78409, 5, 0, 0, 0, 1, 4
78410, 5, 0, 0, 0, 1, 4
78411, 5, 0, 0, 0, 1, 4
78412, 5, 0, 0, 0, 1, 4
78413, 5, 0, 0, 0, 1, 4
78414, 5, 0, 0, 0, 1, 4
78415, 5, 0, 0, 0, 1, 4
78416, 2, 0, 0, 0, 1, 1
78417, 7, 0, 0, 0, 7, 0
78418, 0, 1, 1, 0, 0, 0
78419, 0, 1, 1, 0, 0, 0
78420, 0, 1, 1, 0, 0, 0
78422, 1, 0, 0, 0, 1, 0
78423, 3, 0, 0, 0, 3, 0
78425, 1, 0, 0, 0, 1, 0
78426, 3, 0, 0, 0, 3, 0
78427, 0, 1, 1, 0, 0, 0
78428, 1, 1, 1, 0, 1, 0
78432, 1, 0, 0, 0, 1, 0
78433, 1, 0, 0, 0, 1, 0
78434, 1, 0, 0, 0, 1, 0
78435, 1, 0, 0, 0, 1, 0
78436, 1, 0, 0, 0, 1, 0
78437, 2, 0, 0, 0, 2, 0
78438, 1, 0, 0, 0, 1, 0
78439, 2, 0, 0, 0, 1, 1
78440, 1, 0, 0, 0, 1, 0
78442, 1, 0, 0, 0, 1, 0
78444, 1, 0, 0, 0, 1, 0
78445, 3, 0, 0, 0, 3, 0
78446, 0, 1, 1, 0, 0, 0
78447, 1, 0, 0, 0, 1, 0
78448, 4, 0, 0, 0, 3, 1
78449, 0, 1, 1, 0, 0, 0
78450, 0, 1, 1, 0, 0, 0
78451, 2, 0, 0, 0, 2, 0
78452, 1, 0, 0, 0, 1, 0
78453, 3, 1, 0, 1, 2, 1
78454, 5, 2, 1, 1, 4, 1
81039, 1, 1, 1, 0, 1, 0
81040, 0, 1, 1, 0, 0, 0
81041, 0, 1, 1, 0, 0, 0
78455, 1, 0, 0, 0, 1, 0
78457, 1, 0, 0, 0, 1, 0
78459, 1, 0, 0, 0, 1, 0
78460, 1, 0, 0, 0, 1, 0
78461, 1, 0, 0, 0, 1, 0
78464, 2, 0, 0, 0, 2, 0
78465, 0, 1, 1, 0, 0, 0
78466, 1, 0, 0, 0, 1, 0
78467, 1, 0, 0, 0, 1, 0
78468, 1, 0, 0, 0, 1, 0
78473, 1, 0, 0, 0, 1, 0
78478, 1, 0, 0, 0, 1, 0
78479, 1, 0, 0, 0, 1, 0
78484, 1, 0, 0, 0, 1, 0
78485, 1, 0, 0, 0, 1, 0
78486, 2, 0, 0, 0, 1, 1
78487, 2, 0, 0, 0, 2, 0
78488, 0, 1, 1, 0, 0, 0
78489, 1, 0, 0, 0, 1, 0
78490, 1, 0, 0, 0, 1, 0
78491, 2, 0, 0, 0, 2, 0
78492, 1, 0, 0, 0, 1, 0
78493, 1, 0, 0, 0, 1, 0
78494, 2, 0, 0, 0, 2, 0
78495, 0, 1, 1, 0, 0, 0
78496, 1, 0, 0, 0, 1, 0
78497, 1, 0, 0, 0, 1, 0
78835, 0, 1, 1, 0, 0, 0
78499, 1, 0, 0, 0, 1, 0
81800, 0, 1, 1, 0, 0, 0
78501, 1, 0, 0, 0, 1, 0
78503, 1, 0, 0, 0, 1, 0
78504, 3, 1, 1, 0, 3, 0
78505, 1, 1, 1, 0, 1, 0
78506, 1, 0, 0, 0, 1, 0
78507, 1, 0, 0, 0, 1, 0
78508, 1, 0, 0, 0, 1, 0
78509, 2, 1, 1, 0, 2, 0
78510, 1, 1, 1, 0, 1, 0
78511, 1, 0, 0, 0, 1, 0
78512, 2, 0, 0, 0, 2, 0
78513, 1, 0, 0, 0, 1, 0
78516, 2, 0, 0, 0, 2, 0
78520, 1, 0, 0, 0, 1, 0
78521, 2, 0, 0, 0, 1, 1
78522, 1, 0, 0, 0, 1, 0
78523, 3, 0, 0, 0, 3, 0
78524, 0, 1, 1, 0, 0, 0
78525, 2, 0, 0, 0, 2, 0
78526, 4, 0, 0, 0, 4, 0
78527, 1, 0, 0, 0, 1, 0
78528, 1, 0, 0, 0, 1, 0
78530, 1, 0, 0, 0, 1, 0
78532, 1, 0, 0, 0, 1, 0
78534, 1, 0, 0, 0, 1, 0
78535, 2, 0, 0, 0, 2, 0
78537, 1, 0, 0, 0, 1, 0
78538, 1, 0, 0, 0, 1, 0
78539, 2, 0, 0, 0, 2, 0
78541, 1, 0, 0, 0, 1, 0
78542, 3, 0, 0, 0, 3, 0
78543, 3, 0, 0, 0, 3, 0
78545, 1, 0, 0, 0, 1, 0
78546, 1, 0, 0, 0, 1, 0
78547, 1, 0, 0, 0, 1, 0
78548, 1, 0, 0, 0, 1, 0
78551, 2, 0, 0, 0, 2, 0
78552, 2, 0, 0, 0, 2, 0
78553, 2, 0, 0, 0, 2, 0
78554, 3, 0, 0, 0, 2, 1
78555, 1, 0, 0, 0, 1, 0
78556, 1, 0, 0, 0, 1, 0
78557, 1, 0, 0, 0, 1, 0
78559, 1, 0, 0, 0, 1, 0
78560, 1, 0, 0, 0, 1, 0
78561, 1, 0, 0, 0, 1, 0
78562, 2, 0, 0, 0, 2, 0
78564, 2, 0, 0, 0, 2, 0
78566, 5, 0, 0, 0, 2, 3
78569, 1, 0, 0, 0, 1, 0
78570, 2, 0, 0, 0, 2, 0
78571, 2, 0, 0, 0, 2, 0
78572, 0, 1, 1, 0, 0, 0
78573, 1, 0, 0, 0, 1, 0
78574, 1, 0, 0, 0, 1, 0
78577, 1, 0, 0, 0, 1, 0
78579, 1, 0, 0, 0, 1, 0
78580, 1, 0, 0, 0, 1, 0
78581, 2, 0, 0, 0, 2, 0
78582, 0, 1, 1, 0, 0, 0
78583, 1, 0, 0, 0, 1, 0
78584, 1, 0, 0, 0, 1, 0
78585, 2, 0, 0, 0, 2, 0
78586, 3, 0, 0, 0, 3, 0
78587, 3, 0, 0, 0, 3, 0
78588, 0, 1, 1, 0, 0, 0
78589, 1, 0, 0, 0, 1, 0
78590, 1, 0, 0, 0, 1, 0
78592, 1, 0, 0, 0, 1, 0
78593, 1, 0, 0, 0, 1, 0
78594, 2, 2, 2, 0, 2, 0
78595, 4, 3, 3, 0, 4, 0
81805, 1, 1, 1, 0, 1, 0
81806, 3, 1, 1, 0, 3, 0
81807, 0, 2, 2, 0, 0, 0
78596, 1, 0, 0, 0, 1, 0
78597, 3, 1, 1, 0, 3, 0
78598, 1, 1, 1, 0, 1, 0
78599, 1, 0, 0, 0, 1, 0
78600, 4, 0, 0, 0, 1, 3
78601, 3, 0, 0, 0, 1, 2
78602, 3, 0, 0, 0, 3, 0
78603, 0, 1, 1, 0, 0, 0
78604, 2, 0, 0, 0, 2, 0
78606, 1, 0, 0, 0, 1, 0
78607, 1, 0, 0, 0, 1, 0
78608, 1, 0, 0, 0, 1, 0
78611, 1, 0, 0, 0, 1, 0
78612, 1, 0, 0, 0, 1, 0
78614, 1, 0, 0, 0, 1, 0
78615, 1, 0, 0, 0, 1, 0
78616, 1, 0, 0, 0, 1, 0
78617, 1, 0, 0, 0, 1, 0
78618, 1, 0, 0, 0, 1, 0
78619, 8, 0, 0, 0, 7, 1
78620, 2, 0, 0, 0, 2, 0
78621, 0, 1, 1, 0, 0, 0
78622, 1, 0, 0, 0, 1, 0
81812, 0, 1, 1, 0, 0, 0
78626, 5, 0, 0, 0, 5, 0
78628, 1, 0, 0, 0, 1, 0
78629, 1, 0, 0, 0, 1, 0
78630, 1, 0, 0, 0, 1, 0
78631, 1, 0, 0, 0, 1, 0
78632, 1, 0, 0, 0, 1, 0
78633, 1, 0, 0, 0, 1, 0
78634, 1, 0, 0, 0, 1, 0
78635, 1, 0, 0, 0, 1, 0
78636, 4, 1, 1, 0, 3, 1
78637, 1, 2, 2, 0, 1, 0
78638, 2, 2, 2, 0, 2, 0
78639, 1, 0, 0, 0, 1, 0
78640, 2, 0, 0, 0, 2, 0
78641, 1, 0, 0, 0, 1, 0
78643, 1, 0, 0, 0, 1, 0
78644, 1, 0, 0, 0, 1, 0
78645, 1, 0, 0, 0, 1, 0
78646, 5, 0, 0, 0, 3, 2
78647, 1, 0, 0, 0, 1, 0
78648, 1, 0, 0, 0, 1, 0
78649, 2, 0, 0, 0, 2, 0
78650, 2, 0, 0, 0, 2, 0
78651, 1, 0, 0, 0, 1, 0
78652, 1, 0, 0, 0, 1, 0
78653, 1, 0, 0, 0, 1, 0
78654, 2, 0, 0, 0, 2, 0
78655, 1, 0, 0, 0, 1, 0
78656, 1, 0, 0, 0, 1, 0
78658, 2, 0, 0, 0, 2, 0
78659, 1, 0, 0, 0, 1, 0
78660, 2, 0, 0, 0, 1, 1
78661, 3, 0, 0, 0, 3, 0
78662, 1, 0, 0, 0, 1, 0
78663, 2, 0, 0, 0, 2, 0
78664, 0, 1, 1, 0, 0, 0
78665, 1, 0, 0, 0, 1, 0
78666, 2, 0, 0, 0, 2, 0
78667, 2, 0, 0, 0, 2, 0
78668, 1, 0, 0, 0, 1, 0
78669, 1, 0, 0, 0, 1, 0
78670, 1, 0, 0, 0, 1, 0
78671, 1, 0, 0, 0, 1, 0
78672, 1, 0, 0, 0, 1, 0
78673, 2, 0, 0, 0, 2, 0
78674, 1, 0, 0, 0, 1, 0
78675, 1, 0, 0, 0, 1, 0
78676, 2, 0, 0, 0, 1, 1
78677, 1, 0, 0, 0, 1, 0
78678, 1, 0, 0, 0, 1, 0
78679, 1, 0, 0, 0, 1, 0
78680, 2, 0, 0, 0, 1, 1
78681, 1, 0, 0, 0, 1, 0
78682, 1, 0, 0, 0, 1, 0
78683, 2, 0, 0, 0, 2, 0
78684, 0, 1, 1, 0, 0, 0
78685, 1, 0, 0, 0, 1, 0
78686, 1, 0, 0, 0, 1, 0
78687, 2, 0, 0, 0, 2, 0
78688, 2, 0, 0, 0, 2, 0
78692, 1, 0, 0, 0, 1, 0
78693, 1, 0, 0, 0, 1, 0
78694, 2, 0, 0, 0, 1, 1
78695, 2, 1, 1, 0, 2, 0
78696, 1, 0, 0, 0, 1, 0
78697, 1, 0, 0, 0, 1, 0
78698, 1, 0, 0, 0, 1, 0
78699, 2, 0, 0, 0, 1, 1
78700, 1, 0, 0, 0, 1, 0
78701, 1, 0, 0, 0, 1, 0
78702, 1, 0, 0, 0, 1, 0
78703, 2, 0, 0, 0, 2, 0
78704, 1, 0, 0, 0, 1, 0
78705, 4, 0, 0, 0, 2, 2
78706, 0, 1, 1, 0, 0, 0
78707, 0, 1, 0, 1, 0, 0
78708, 1, 0, 0, 0, 1, 0
78709, 1, 0, 0, 0, 1, 0
78710, 1, 0, 0, 0, 1, 0
78711, 1, 0, 0, 0, 1, 0
78712, 2, 0, 0, 0, 1, 1
78715, 1, 0, 0, 0, 1, 0
78716, 1, 0, 0, 0, 1, 0
78717, 1, 0, 0, 0, 1, 0
78718, 1, 0, 0, 0, 1, 0
78719, 1, 0, 0, 0, 1, 0
78720, 1, 0, 0, 0, 1, 0
78721, 1, 0, 0, 0, 1, 0
78722, 1, 0, 0, 0, 1, 0
78723, 1, 0, 0, 0, 1, 0
78724, 1, 0, 0, 0, 1, 0
78725, 1, 0, 0, 0, 1, 0
78727, 2, 0, 0, 0, 2, 0
78728, 2, 0, 0, 0, 2, 0
78729, 0, 1, 1, 0, 0, 0
78730, 2, 0, 0, 0, 1, 1
78731, 1, 0, 0, 0, 1, 0
78732, 1, 0, 0, 0, 1, 0
78733, 1, 0, 0, 0, 1, 0
78734, 1, 0, 0, 0, 1, 0
78735, 1, 0, 0, 0, 1, 0
78736, 1, 0, 0, 0, 1, 0
78737, 3, 0, 0, 0, 3, 0
78738, 0, 1, 1, 0, 0, 0
78739, 2, 0, 0, 0, 2, 0
78740, 3, 0, 0, 0, 3, 0
78741, 0, 1, 1, 0, 0, 0
78742, 1, 0, 0, 0, 1, 0
78743, 1, 0, 0, 0, 1, 0
78744, 1, 0, 0, 0, 1, 0
78745, 1, 0, 0, 0, 1, 0
78746, 1, 0, 0, 0, 1, 0
78747, 1, 0, 0, 0, 1, 0
78748, 2, 0, 0, 0, 1, 1
78749, 2, 0, 0, 0, 2, 0
78750, 1, 0, 0, 0, 1, 0
78751, 1, 0, 0, 0, 1, 0
78752, 1, 0, 0, 0, 1, 0
81824, 0, 1, 1, 0, 0, 0
78758, 3, 0, 0, 0, 2, 1
78759, 2, 0, 0, 0, 2, 0
78760, 5, 0, 0, 0, 5, 0
78761, 0, 1, 1, 0, 0, 0
78762, 0, 1, 1, 0, 0, 0
78763, 0, 1, 1, 0, 0, 0
81826, 0, 2, 2, 0, 0, 0
78767, 1, 0, 0, 0, 1, 0
78768, 1, 0, 0, 0, 1, 0
78769, 1, 0, 0, 0, 1, 0
78770, 1, 0, 0, 0, 1, 0
78771, 1, 0, 0, 0, 1, 0
78772, 1, 0, 0, 0, 1, 0
78773, 1, 0, 0, 0, 1, 0
78774, 2, 0, 0, 0, 2, 0
78775, 2, 0, 0, 0, 2, 0
78776, 3, 0, 0, 0, 2, 1
78777, 1, 1, 1, 0, 1, 0
78779, 2, 0, 0, 0, 2, 0
78780, 2, 1, 1, 0, 2, 0
78781, 2, 0, 0, 0, 2, 0
78782, 3, 0, 0, 0, 3, 0
78783, 0, 1, 1, 0, 0, 0
78784, 2, 0, 0, 0, 2, 0
78785, 1, 0, 0, 0, 1, 0
78786, 1, 0, 0, 0, 1, 0
78787, 1, 1, 1, 0, 1, 0
78788, 1, 0, 0, 0, 1, 0
78789, 1, 0, 0, 0, 1, 0
78790, 1, 0, 0, 0, 1, 0
78791, 5, 0, 0, 0, 5, 0
78792, 2, 0, 0, 0, 2, 0
78793, 1, 0, 0, 0, 1, 0
78794, 2, 0, 0, 0, 2, 0
78795, 3, 0, 0, 0, 3, 0
78796, 0, 1, 1, 0, 0, 0
78797, 1, 0, 0, 0, 1, 0
78798, 1, 0, 0, 0, 1, 0
78799, 2, 0, 0, 0, 2, 0
78800, 0, 1, 1, 0, 0, 0
78803, 1, 0, 0, 0, 1, 0
78804, 1, 0, 0, 0, 1, 0
78805, 2, 0, 0, 0, 2, 0
78806, 1, 0, 0, 0, 1, 0
78808, 1, 0, 0, 0, 1, 0
78809, 1, 0, 0, 0, 1, 0
78810, 2, 0, 0, 0, 1, 1
78811, 1, 0, 0, 0, 1, 0
78812, 2, 0, 0, 0, 2, 0
78813, 2, 0, 0, 0, 2, 0
78814, 2, 0, 0, 0, 2, 0
78815, 0, 1, 1, 0, 0, 0
78817, 1, 0, 0, 0, 1, 0
78818, 1, 0, 0, 0, 1, 0
78819, 1, 0, 0, 0, 1, 0
78820, 1, 0, 0, 0, 1, 0
78821, 1, 0, 0, 0, 1, 0
78822, 1, 0, 0, 0, 1, 0
78823, 1, 0, 0, 0, 1, 0
78824, 1, 0, 0, 0, 1, 0
78825, 2, 0, 0, 0, 2, 0
78827, 1, 0, 0, 0, 1, 0
78828, 2, 0, 0, 0, 2, 0
78829, 2, 0, 0, 0, 2, 0
78830, 1, 0, 0, 0, 1, 0
78831, 1, 0, 0, 0, 1, 0
78832, 1, 0, 0, 0, 1, 0
78833, 1, 0, 0, 0, 1, 0
78834, 1, 0, 0, 0, 1, 0
78836, 2, 0, 0, 0, 2, 0
78837, 1, 0, 0, 0, 1, 0
78838, 2, 0, 0, 0, 2, 0
78839, 0, 1, 1, 0, 0, 0
78843, 2, 0, 0, 0, 2, 0
78844, 2, 0, 0, 0, 2, 0
78845, 1, 0, 0, 0, 1, 0
78846, 2, 0, 0, 0, 2, 0
78848, 1, 0, 0, 0, 1, 0
78849, 2, 0, 0, 0, 2, 0
78850, 1, 0, 0, 0, 1, 0
78851, 1, 0, 0, 0, 1, 0
78852, 3, 0, 0, 0, 2, 1
78853, 1, 0, 0, 0, 1, 0
78854, 1, 0, 0, 0, 1, 0
78855, 1, 0, 0, 0, 1, 0
78856, 2, 0, 0, 0, 2, 0
78857, 0, 1, 1, 0, 0, 0
78860, 1, 0, 0, 0, 1, 0
78861, 2, 0, 0, 0, 2, 0
78862, 1, 0, 0, 0, 1, 0
78863, 1, 0, 0, 0, 1, 0
78864, 1, 0, 0, 0, 1, 0
78865, 1, 0, 0, 0, 1, 0
78866, 1, 0, 0, 0, 1, 0
78867, 6, 0, 0, 0, 6, 0
78868, 0, 1, 1, 0, 0, 0
78869, 2, 0, 0, 0, 2, 0
78870, 0, 1, 1, 0, 0, 0
78871, 1, 0, 0, 0, 1, 0
78872, 1, 0, 0, 0, 1, 0
78873, 2, 0, 0, 0, 2, 0
78874, 0, 1, 1, 0, 0, 0
78876, 2, 1, 1, 0, 2, 0
78877, 2, 1, 1, 0, 2, 0
78878, 1, 0, 0, 0, 1, 0
78879, 1, 0, 0, 0, 1, 0
78880, 1, 0, 0, 0, 1, 0
78881, 1, 0, 0, 0, 1, 0
78882, 2, 0, 0, 0, 2, 0
78883, 1, 0, 0, 0, 1, 0
78884, 1, 0, 0, 0, 1, 0
78886, 1, 0, 0, 0, 1, 0
78887, 2, 1, 1, 0, 2, 0
78888, 1, 0, 0, 0, 1, 0
78889, 1, 0, 0, 0, 1, 0
78890, 1, 0, 0, 0, 1, 0
78891, 3, 0, 0, 0, 3, 0
78892, 0, 1, 1, 0, 0, 0
78893, 2, 0, 0, 0, 2, 0
78895, 3, 0, 0, 0, 3, 0
78896, 4, 0, 0, 0, 4, 0
78897, 1, 0, 0, 0, 1, 0
78899, 1, 0, 0, 0, 1, 0
78900, 3, 0, 0, 0, 1, 2
78901, 1, 0, 0, 0, 1, 0
78902, 1, 0, 0, 0, 1, 0
81840, 0, 1, 1, 0, 0, 0
78904, 1, 0, 0, 0, 1, 0
78906, 1, 0, 0, 0, 1, 0
78907, 1, 0, 0, 0, 1, 0
78908, 1, 0, 0, 0, 1, 0
78910, 1, 0, 0, 0, 1, 0
78911, 3, 0, 0, 0, 3, 0
78912, 0, 1, 1, 0, 0, 0
78913, 1, 0, 0, 0, 1, 0
78914, 1, 0, 0, 0, 1, 0
78916, 1, 0, 0, 0, 1, 0
78917, 1, 0, 0, 0, 1, 0
78918, 2, 0, 0, 0, 2, 0
78919, 1, 0, 0, 0, 1, 0
78920, 1, 0, 0, 0, 1, 0
78921, 1, 0, 0, 0, 1, 0
78922, 1, 0, 0, 0, 1, 0
78923, 1, 0, 0, 0, 1, 0
78924, 2, 0, 0, 0, 1, 1
78925, 1, 0, 0, 0, 1, 0
78926, 1, 0, 0, 0, 1, 0
78929, 3, 0, 0, 0, 3, 0
78930, 0, 1, 1, 0, 0, 0
78931, 1, 0, 0, 0, 1, 0
78932, 1, 0, 0, 0, 1, 0
78933, 1, 0, 0, 0, 1, 0
78934, 1, 0, 0, 0, 1, 0
78935, 2, 0, 0, 0, 2, 0
78936, 3, 0, 0, 0, 3, 0
78937, 2, 0, 0, 0, 2, 0
78938, 1, 0, 0, 0, 1, 0
78940, 1, 0, 0, 0, 1, 0
78941, 2, 0, 0, 0, 2, 0
78942, 2, 1, 1, 0, 0, 2
78943, 1, 0, 0, 0, 1, 0
78944, 1, 0, 0, 0, 1, 0
78945, 2, 0, 0, 0, 2, 0
78946, 2, 0, 0, 0, 1, 1
78947, 1, 0, 0, 0, 1, 0
78948, 1, 0, 0, 0, 1, 0
78949, 4, 0, 0, 0, 4, 0
78950, 0, 1, 1, 0, 0, 0
78952, 4, 0, 0, 0, 2, 2
78953, 1, 0, 0, 0, 1, 0
78954, 2, 0, 0, 0, 1, 1
78955, 1, 0, 0, 0, 1, 0
78956, 2, 1, 1, 0, 2, 0
78957, 1, 1, 1, 0, 1, 0
78958, 2, 0, 0, 0, 2, 0
78959, 0, 1, 1, 0, 0, 0
78960, 1, 0, 0, 0, 1, 0
78961, 1, 0, 0, 0, 1, 0
78962, 2, 0, 0, 0, 1, 1
78963, 1, 0, 0, 0, 1, 0
78964, 1, 0, 0, 0, 1, 0
78965, 1, 0, 0, 0, 1, 0
78966, 1, 0, 0, 0, 1, 0
78967, 1, 0, 0, 0, 1, 0
78968, 1, 0, 0, 0, 1, 0
78969, 1, 0, 0, 0, 1, 0
78970, 1, 0, 0, 0, 1, 0
78971, 1, 0, 0, 0, 1, 0
78972, 1, 0, 0, 0, 1, 0
78973, 1, 0, 0, 0, 1, 0
78974, 3, 1, 1, 0, 2, 1
78975, 1, 1, 1, 0, 1, 0
78976, 0, 1, 0, 1, 0, 0
78977, 1, 0, 0, 0, 1, 0
78981, 1, 0, 0, 0, 1, 0
78982, 3, 0, 0, 0, 2, 1
78983, 1, 0, 0, 0, 1, 0
78984, 2, 0, 0, 0, 1, 1
78985, 22, 1, 0, 1, 2, 20
78986, 0, 1, 1, 0, 0, 0
78987, 1, 1, 0, 1, 0, 1
78988, 2, 0, 0, 0, 2, 0
78989, 0, 1, 1, 0, 0, 0
78990, 1, 0, 0, 0, 1, 0
78991, 1, 0, 0, 0, 1, 0
78994, 1, 0, 0, 0, 1, 0
78997, 1, 0, 0, 0, 1, 0
78999, 1, 0, 0, 0, 1, 0
79000, 1, 0, 0, 0, 1, 0
79010, 1, 1, 1, 0, 1, 0
79011, 1, 0, 0, 0, 1, 0
79012, 4, 0, 0, 0, 4, 0
79013, 0, 1, 1, 0, 0, 0
79014, 2, 0, 0, 0, 1, 1
79015, 1, 0, 0, 0, 1, 0
79018, 1, 0, 0, 0, 1, 0
79019, 1, 0, 0, 0, 1, 0
79020, 1, 0, 0, 0, 1, 0
79021, 1, 0, 0, 0, 1, 0
79022, 2, 0, 0, 0, 2, 0
79023, 2, 0, 0, 0, 2, 0
79024, 1, 0, 0, 0, 1, 0
79025, 2, 0, 0, 0, 1, 1
79026, 1, 0, 0, 0, 1, 0
79027, 2, 0, 0, 0, 1, 1
79028, 0, 1, 0, 1, 0, 0
79029, 2, 0, 0, 0, 2, 0
79030, 4, 0, 0, 0, 1, 3
79031, 1, 0, 0, 0, 1, 0
79032, 1, 0, 0, 0, 1, 0
79033, 1, 0, 0, 0, 1, 0
79034, 1, 0, 0, 0, 1, 0
79036, 2, 0, 0, 0, 1, 1
79037, 2, 0, 0, 0, 2, 0
79038, 0, 1, 1, 0, 0, 0
79039, 4, 0, 0, 0, 4, 0
79042, 1, 0, 0, 0, 1, 0
79043, 1, 0, 0, 0, 1, 0
79044, 1, 0, 0, 0, 1, 0
79045, 1, 0, 0, 0, 1, 0
79046, 1, 0, 0, 0, 1, 0
79047, 1, 0, 0, 0, 1, 0
79048, 1, 0, 0, 0, 1, 0
79050, 0, 1, 1, 0, 0, 0
79051, 1, 0, 0, 0, 1, 0
79052, 2, 0, 0, 0, 2, 0
79053, 0, 1, 1, 0, 0, 0
79054, 1, 0, 0, 0, 1, 0
79055, 1, 0, 0, 0, 1, 0
79056, 1, 0, 0, 0, 1, 0
79057, 3, 0, 0, 0, 3, 0
79058, 1, 0, 0, 0, 1, 0
79059, 2, 1, 1, 0, 2, 0
79060, 2, 1, 1, 0, 2, 0
79061, 2, 0, 0, 0, 1, 1
79062, 1, 0, 0, 0, 1, 0
79063, 2, 0, 0, 0, 1, 1
79064, 3, 0, 0, 0, 2, 1
79065, 1, 0, 0, 0, 1, 0
79066, 1, 0, 0, 0, 1, 0
79067, 1, 0, 0, 0, 1, 0
79069, 3, 1, 1, 0, 3, 0
79070, 0, 1, 1, 0, 0, 0
79071, 1, 0, 0, 0, 1, 0
79072, 1, 0, 0, 0, 1, 0
79073, 2, 0, 0, 0, 2, 0
79074, 0, 1, 1, 0, 0, 0
79075, 1, 0, 0, 0, 1, 0
79076, 1, 0, 0, 0, 1, 0
79077, 2, 0, 0, 0, 2, 0
79079, 1, 0, 0, 0, 1, 0
79080, 1, 0, 0, 0, 1, 0
79081, 1, 0, 0, 0, 1, 0
79082, 2, 0, 0, 0, 2, 0
79088, 1, 0, 0, 0, 1, 0
79089, 1, 0, 0, 0, 1, 0
79093, 2, 0, 0, 0, 2, 0
79094, 1, 0, 0, 0, 1, 0
79096, 1, 0, 0, 0, 1, 0
79097, 1, 0, 0, 0, 1, 0
79098, 1, 0, 0, 0, 1, 0
79100, 1, 0, 0, 0, 1, 0
79101, 1, 0, 0, 0, 1, 0
79102, 1, 0, 0, 0, 1, 0
79103, 1, 0, 0, 0, 1, 0
79104, 1, 0, 0, 0, 1, 0
79105, 1, 0, 0, 0, 1, 0
79106, 1, 0, 0, 0, 1, 0
79107, 1, 0, 0, 0, 1, 0
79108, 3, 0, 0, 0, 2, 1
79109, 2, 0, 0, 0, 1, 1
79110, 1, 0, 0, 0, 1, 0
79111, 1, 0, 0, 0, 1, 0
79112, 3, 0, 0, 0, 3, 0
79113, 1, 0, 0, 0, 1, 0
79114, 2, 0, 0, 0, 2, 0
79115, 1, 0, 0, 0, 1, 0
79116, 4, 0, 0, 0, 2, 2
79117, 0, 1, 1, 0, 0, 0
79118, 2, 0, 0, 0, 2, 0
79119, 0, 1, 1, 0, 0, 0
79120, 1, 0, 0, 0, 1, 0
79121, 1, 0, 0, 0, 1, 0
79122, 1, 0, 0, 0, 1, 0
79126, 1, 0, 0, 0, 1, 0
79127, 1, 0, 0, 0, 1, 0
79128, 1, 0, 0, 0, 1, 0
79129, 1, 0, 0, 0, 1, 0
79131, 2, 0, 0, 0, 2, 0
79132, 0, 1, 1, 0, 0, 0
79133, 3, 0, 0, 0, 3, 0
79134, 2, 0, 0, 0, 2, 0
79135, 1, 1, 1, 0, 1, 0
79136, 1, 0, 0, 0, 1, 0
79137, 2, 0, 0, 0, 2, 0
79138, 1, 0, 0, 0, 1, 0
79139, 2, 0, 0, 0, 2, 0
79140, 0, 1, 1, 0, 0, 0
79141, 2, 0, 0, 0, 2, 0
79143, 3, 2, 2, 0, 3, 0
79144, 2, 2, 2, 0, 2, 0
79145, 2, 2, 2, 0, 2, 0
79146, 1, 0, 0, 0, 1, 0
79147, 1, 0, 0, 0, 1, 0
79149, 1, 0, 0, 0, 1, 0
79150, 1, 0, 0, 0, 1, 0
81856, 0, 1, 1, 0, 0, 0
79152, 3, 0, 0, 0, 3, 0
79153, 2, 0, 0, 0, 2, 0
79154, 1, 0, 0, 0, 1, 0
79155, 1, 0, 0, 0, 1, 0
79156, 2, 0, 0, 0, 2, 0
79157, 2, 0, 0, 0, 2, 0
79158, 1, 0, 0, 0, 1, 0
79159, 1, 0, 0, 0, 1, 0
79161, 2, 0, 0, 0, 2, 0
79163, 1, 0, 0, 0, 1, 0
81860, 0, 1, 1, 0, 0, 0
79167, 1, 0, 0, 0, 1, 0
79168, 1, 0, 0, 0, 1, 0
79169, 1, 0, 0, 0, 1, 0
79170, 3, 0, 0, 0, 3, 0
79171, 1, 0, 0, 0, 1, 0
79173, 1, 0, 0, 0, 1, 0
79174, 1, 0, 0, 0, 1, 0
79175, 1, 0, 0, 0, 1, 0
79176, 6, 0, 0, 0, 1, 5
79177, 0, 1, 0, 1, 0, 0
79179, 1, 0, 0, 0, 1, 0
79181, 2, 0, 0, 0, 2, 0
81864, 1, 1, 1, 0, 1, 0
79183, 1, 0, 0, 0, 1, 0
79184, 1, 0, 0, 0, 1, 0
79185, 1, 0, 0, 0, 1, 0
79186, 1, 0, 0, 0, 1, 0
79187, 1, 0, 0, 0, 1, 0
79188, 1, 0, 0, 0, 1, 0
79190, 1, 0, 0, 0, 1, 0
79191, 3, 0, 0, 0, 3, 0
79192, 3, 0, 0, 0, 3, 0
79193, 1, 0, 0, 0, 1, 0
79194, 4, 0, 0, 0, 4, 0
79195, 0, 1, 1, 0, 0, 0
79196, 0, 1, 1, 0, 0, 0
79197, 0, 1, 1, 0, 0, 0
79198, 1, 0, 0, 0, 1, 0
79200, 2, 0, 0, 0, 2, 0
79201, 1, 0, 0, 0, 1, 0
79202, 2, 0, 0, 0, 2, 0
79203, 0, 1, 1, 0, 0, 0
79204, 1, 0, 0, 0, 1, 0
79205, 1, 0, 0, 0, 1, 0
81867, 0, 1, 1, 0, 0, 0
79207, 1, 0, 0, 0, 1, 0
79208, 1, 0, 0, 0, 1, 0
79209, 2, 0, 0, 0, 2, 0
79210, 1, 0, 0, 0, 1, 0
79211, 1, 0, 0, 0, 1, 0
79212, 1, 0, 0, 0, 1, 0
79213, 2, 0, 0, 0, 2, 0
79214, 1, 0, 0, 0, 1, 0
79215, 1, 0, 0, 0, 1, 0
79216, 1, 0, 0, 0, 1, 0
79217, 1, 0, 0, 0, 1, 0
79218, 1, 0, 0, 0, 1, 0
79219, 1, 0, 0, 0, 1, 0
79220, 4, 0, 0, 0, 3, 1
79221, 1, 0, 0, 0, 1, 0
79222, 2, 0, 0, 0, 1, 1
79223, 1, 0, 0, 0, 1, 0
79224, 1, 0, 0, 0, 1, 0
79225, 2, 0, 0, 0, 1, 1
79226, 2, 0, 0, 0, 2, 0
79227, 0, 1, 1, 0, 0, 0
79228, 1, 0, 0, 0, 1, 0
79232, 1, 0, 0, 0, 1, 0
79233, 2, 0, 0, 0, 1, 1
79234, 1, 0, 0, 0, 1, 0
79235, 2, 0, 0, 0, 2, 0
79236, 2, 0, 0, 0, 2, 0
79237, 1, 0, 0, 0, 1, 0
79238, 2, 0, 0, 0, 1, 1
79239, 1, 0, 0, 0, 1, 0
79240, 1, 0, 0, 0, 1, 0
79241, 1, 0, 0, 0, 1, 0
79242, 1, 0, 0, 0, 1, 0
79243, 1, 0, 0, 0, 1, 0
79244, 1, 0, 0, 0, 1, 0
79245, 1, 0, 0, 0, 1, 0
79246, 1, 0, 0, 0, 1, 0
79247, 2, 0, 0, 0, 2, 0
79248, 1, 0, 0, 0, 1, 0
79249, 2, 0, 0, 0, 2, 0
79250, 0, 1, 1, 0, 0, 0
79251, 2, 0, 0, 0, 2, 0
79252, 2, 0, 0, 0, 2, 0
79253, 0, 1, 1, 0, 0, 0
79254, 1, 0, 0, 0, 1, 0
79255, 3, 1, 1, 0, 3, 0
79256, 0, 1, 1, 0, 0, 0
79257, 1, 1, 1, 0, 1, 0
79258, 1, 0, 0, 0, 1, 0
79259, 1, 0, 0, 0, 1, 0
79260, 1, 0, 0, 0, 1, 0
79261, 3, 0, 0, 0, 3, 0
79262, 1, 0, 0, 0, 1, 0
79264, 2, 0, 0, 0, 2, 0
79265, 1, 0, 0, 0, 1, 0
79266, 2, 0, 0, 0, 1, 1
79267, 1, 0, 0, 0, 1, 0
79268, 1, 0, 0, 0, 1, 0
79269, 1, 0, 0, 0, 1, 0
79270, 1, 0, 0, 0, 1, 0
79271, 2, 0, 0, 0, 2, 0
79272, 0, 1, 1, 0, 0, 0
79273, 1, 0, 0, 0, 1, 0
79274, 1, 0, 0, 0, 1, 0
79275, 1, 0, 0, 0, 1, 0
79276, 6, 0, 0, 0, 1, 5
79280, 2, 0, 0, 0, 2, 0
79281, 1, 0, 0, 0, 1, 0
79282, 1, 0, 0, 0, 1, 0
79283, 1, 0, 0, 0, 1, 0
79284, 1, 0, 0, 0, 1, 0
79285, 1, 0, 0, 0, 1, 0
79286, 3, 0, 0, 0, 2, 1
79287, 1, 0, 0, 0, 1, 0
79288, 1, 0, 0, 0, 1, 0
79292, 2, 0, 0, 0, 2, 0
79293, 0, 1, 1, 0, 0, 0
79294, 1, 0, 0, 0, 1, 0
79296, 1, 1, 1, 0, 1, 0
79297, 3, 0, 0, 0, 3, 0
79298, 0, 1, 1, 0, 0, 0
79299, 2, 0, 0, 0, 1, 1
79300, 0, 1, 0, 1, 0, 0
79307, 1, 0, 0, 0, 1, 0
79308, 1, 0, 0, 0, 1, 0
79309, 1, 0, 0, 0, 1, 0
79310, 1, 0, 0, 0, 1, 0
79311, 1, 0, 0, 0, 1, 0
79312, 2, 0, 0, 0, 2, 0
79313, 2, 0, 0, 0, 2, 0
79314, 0, 1, 1, 0, 0, 0
79315, 2, 0, 0, 0, 2, 0
79318, 1, 0, 0, 0, 1, 0
79319, 1, 0, 0, 0, 1, 0
79324, 2, 0, 0, 0, 1, 1
79327, 1, 0, 0, 0, 1, 0
79329, 2, 0, 0, 0, 2, 0
79330, 0, 1, 1, 0, 0, 0
79331, 1, 0, 0, 0, 1, 0
79332, 1, 0, 0, 0, 1, 0
79333, 2, 0, 0, 0, 1, 1
79334, 2, 0, 0, 0, 2, 0
79335, 0, 1, 1, 0, 0, 0
79337, 1, 0, 0, 0, 1, 0
79338, 1, 0, 0, 0, 1, 0
79339, 1, 0, 0, 0, 1, 0
79340, 1, 0, 0, 0, 1, 0
79341, 2, 0, 0, 0, 2, 0
79342, 0, 1, 1, 0, 0, 0
79343, 1, 0, 0, 0, 1, 0
79344, 3, 0, 0, 0, 3, 0
79345, 4, 0, 0, 0, 4, 0
79346, 0, 1, 1, 0, 0, 0
79347, 1, 0, 0, 0, 1, 0
79348, 1, 0, 0, 0, 1, 0
79349, 1, 0, 0, 0, 1, 0
79350, 1, 0, 0, 0, 1, 0
79351, 1, 0, 0, 0, 1, 0
79352, 1, 0, 0, 0, 1, 0
79353, 1, 0, 0, 0, 1, 0
79358, 1, 0, 0, 0, 1, 0
79359, 1, 0, 0, 0, 1, 0
79360, 2, 0, 0, 0, 2, 0
79361, 0, 1, 1, 0, 0, 0
79362, 1, 0, 0, 0, 1, 0
79363, 1, 0, 0, 0, 1, 0
79364, 1, 0, 0, 0, 1, 0
79365, 2, 0, 0, 0, 1, 1
79366, 1, 0, 0, 0, 1, 0
79367, 1, 0, 0, 0, 1, 0
79368, 1, 0, 0, 0, 1, 0
79370, 3, 0, 0, 0, 2, 1
79372, 1, 0, 0, 0, 1, 0
79373, 1, 0, 0, 0, 1, 0
79374, 3, 0, 0, 0, 3, 0
79375, 0, 1, 1, 0, 0, 0
79376, 1, 0, 0, 0, 1, 0
79377, 1, 0, 0, 0, 1, 0
79378, 1, 0, 0, 0, 1, 0
79379, 1, 0, 0, 0, 1, 0
79382, 1, 0, 0, 0, 1, 0
79383, 1, 0, 0, 0, 1, 0
79384, 1, 0, 0, 0, 1, 0
79385, 2, 0, 0, 0, 2, 0
79386, 1, 0, 0, 0, 1, 0
79387, 1, 0, 0, 0, 1, 0
79388, 2, 0, 0, 0, 2, 0
79389, 2, 0, 0, 0, 2, 0
79390, 1, 0, 0, 0, 1, 0
79392, 1, 0, 0, 0, 1, 0
79393, 1, 0, 0, 0, 1, 0
79394, 1, 0, 0, 0, 1, 0
79395, 1, 0, 0, 0, 1, 0
79399, 1, 0, 0, 0, 1, 0
79400, 1, 0, 0, 0, 1, 0
79401, 1, 0, 0, 0, 1, 0
79402, 3, 1, 1, 0, 3, 0
79403, 3, 1, 1, 0, 3, 0
79404, 1, 0, 0, 0, 1, 0
79405, 1, 0, 0, 0, 1, 0
79406, 1, 0, 0, 0, 1, 0
79407, 1, 0, 0, 0, 1, 0
79408, 1, 0, 0, 0, 1, 0
79409, 2, 0, 0, 0, 2, 0
79410, 2, 0, 0, 0, 1, 1
79411, 1, 0, 0, 0, 1, 0
79414, 1, 0, 0, 0, 1, 0
81891, 1, 1, 1, 0, 1, 0
79416, 1, 0, 0, 0, 1, 0
79417, 1, 0, 0, 0, 1, 0
79418, 8, 0, 0, 0, 8, 0
79419, 2, 0, 0, 0, 2, 0
79420, 1, 0, 0, 0, 1, 0
79421, 2, 0, 0, 0, 2, 0
79422, 2, 0, 0, 0, 1, 1
79423, 2, 0, 0, 0, 2, 0
79424, 1, 0, 0, 0, 1, 0
79425, 1, 0, 0, 0, 1, 0
79426, 2, 0, 0, 0, 2, 0
79427, 1, 0, 0, 0, 1, 0
79429, 1, 0, 0, 0, 1, 0
79430, 1, 0, 0, 0, 1, 0
79431, 1, 0, 0, 0, 1, 0
79432, 10, 0, 0, 0, 5, 5
79433, 0, 1, 1, 0, 0, 0
79434, 0, 1, 1, 0, 0, 0
79435, 0, 1, 0, 1, 0, 0
79436, 1, 0, 0, 0, 1, 0
79437, 1, 0, 0, 0, 1, 0
79438, 1, 0, 0, 0, 1, 0
79439, 1, 0, 0, 0, 1, 0
79440, 1, 0, 0, 0, 1, 0
79441, 1, 0, 0, 0, 1, 0
79442, 1, 0, 0, 0, 1, 0
79443, 2, 1, 1, 0, 2, 0
79444, 1, 1, 1, 0, 1, 0
79445, 1, 0, 0, 0, 1, 0
79446, 5, 2, 2, 0, 4, 1
79447, 2, 1, 1, 0, 2, 0
79448, 1, 1, 1, 0, 1, 0
79449, 1, 2, 2, 0, 1, 0
79450, 0, 1, 0, 1, 0, 0
81892, 0, 1, 1, 0, 0, 0
79451, 1, 0, 0, 0, 1, 0
79453, 2, 0, 0, 0, 1, 1
79455, 1, 0, 0, 0, 1, 0
79456, 1, 0, 0, 0, 1, 0
79457, 1, 0, 0, 0, 1, 0
79461, 1, 0, 0, 0, 1, 0
79462, 2, 0, 0, 0, 2, 0
79463, 2, 0, 0, 0, 2, 0
79464, 0, 1, 1, 0, 0, 0
79465, 1, 0, 0, 0, 1, 0
79466, 1, 0, 0, 0, 1, 0
79467, 2, 0, 0, 0, 2, 0
79468, 1, 0, 0, 0, 1, 0
79469, 2, 0, 0, 0, 1, 1
79470, 0, 1, 0, 1, 0, 0
79471, 2, 1, 1, 0, 2, 0
79472, 2, 1, 1, 0, 2, 0
81894, 0, 1, 1, 0, 0, 0
79473, 2, 0, 0, 0, 1, 1
79474, 2, 0, 0, 0, 2, 0
79475, 2, 0, 0, 0, 2, 0
79476, 0, 1, 1, 0, 0, 0
79477, 2, 0, 0, 0, 2, 0
79482, 1, 0, 0, 0, 1, 0
79483, 1, 0, 0, 0, 1, 0
79485, 1, 0, 0, 0, 1, 0
79486, 1, 0, 0, 0, 1, 0
79488, 2, 0, 0, 0, 2, 0
79489, 3, 0, 0, 0, 3, 0
79490, 0, 1, 1, 0, 0, 0
79491, 1, 0, 0, 0, 1, 0
79492, 1, 0, 0, 0, 1, 0
79494, 2, 0, 0, 0, 2, 0
79495, 1, 0, 0, 0, 1, 0
79496, 1, 0, 0, 0, 1, 0
79497, 1, 0, 0, 0, 1, 0
79498, 1, 0, 0, 0, 1, 0
79499, 1, 0, 0, 0, 1, 0
79500, 2, 0, 0, 0, 2, 0
79501, 2, 0, 0, 0, 1, 1
79502, 0, 1, 0, 1, 0, 0
79503, 1, 0, 0, 0, 1, 0
79504, 1, 0, 0, 0, 1, 0
79505, 1, 0, 0, 0, 1, 0
79506, 1, 0, 0, 0, 1, 0
79507, 1, 0, 0, 0, 1, 0
79508, 1, 0, 0, 0, 1, 0
79509, 2, 0, 0, 0, 2, 0
79510, 2, 0, 0, 0, 2, 0
79513, 2, 0, 0, 0, 2, 0
79514, 0, 1, 1, 0, 0, 0
79515, 1, 0, 0, 0, 1, 0
79516, 1, 0, 0, 0, 1, 0
79519, 1, 0, 0, 0, 1, 0
79520, 6, 0, 0, 0, 2, 4
79521, 1, 0, 0, 0, 1, 0
79522, 2, 0, 0, 0, 2, 0
79523, 2, 1, 1, 0, 2, 0
79524, 1, 1, 1, 0, 1, 0
79526, 2, 0, 0, 0, 2, 0
79527, 1, 0, 0, 0, 1, 0
79528, 1, 0, 0, 0, 1, 0
79530, 2, 0, 0, 0, 2, 0
79531, 1, 0, 0, 0, 1, 0
79532, 2, 0, 0, 0, 2, 0
79533, 1, 0, 0, 0, 1, 0
79534, 3, 0, 0, 0, 3, 0
79535, 0, 1, 1, 0, 0, 0
79536, 0, 1, 1, 0, 0, 0
79539, 1, 0, 0, 0, 1, 0
79540, 1, 0, 0, 0, 1, 0
79541, 1, 0, 0, 0, 1, 0
79984, 0, 1, 1, 0, 0, 0
79543, 4, 0, 0, 0, 4, 0
79544, 1, 0, 0, 0, 1, 0
79545, 1, 0, 0, 0, 1, 0
79546, 1, 0, 0, 0, 1, 0
79547, 1, 0, 0, 0, 1, 0
79548, 2, 0, 0, 0, 1, 1
79549, 2, 0, 0, 0, 2, 0
79550, 1, 0, 0, 0, 1, 0
79551, 2, 0, 0, 0, 2, 0
79552, 2, 0, 0, 0, 2, 0
79553, 1, 0, 0, 0, 1, 0
79554, 1, 0, 0, 0, 1, 0
79555, 1, 0, 0, 0, 1, 0
79556, 1, 0, 0, 0, 1, 0
79557, 1, 0, 0, 0, 1, 0
79558, 2, 0, 0, 0, 2, 0
79560, 1, 0, 0, 0, 1, 0
79561, 1, 0, 0, 0, 1, 0
79562, 1, 0, 0, 0, 1, 0
79564, 1, 0, 0, 0, 1, 0
81898, 1, 1, 1, 0, 1, 0
79567, 1, 0, 0, 0, 1, 0
79569, 0, 1, 1, 0, 0, 0
79570, 0, 1, 1, 0, 0, 0
79571, 0, 1, 1, 0, 0, 0
79572, 0, 2, 2, 0, 0, 0
79575, 1, 0, 0, 0, 1, 0
79576, 6, 0, 0, 0, 3, 3
79577, 2, 0, 0, 0, 2, 0
79580, 1, 0, 0, 0, 1, 0
79581, 2, 0, 0, 0, 2, 0
79582, 1, 0, 0, 0, 1, 0
79583, 1, 0, 0, 0, 1, 0
79584, 1, 0, 0, 0, 1, 0
79585, 1, 0, 0, 0, 1, 0
79587, 1, 0, 0, 0, 1, 0
79588, 1, 0, 0, 0, 1, 0
79594, 1, 0, 0, 0, 1, 0
79595, 2, 0, 0, 0, 2, 0
79596, 1, 0, 0, 0, 1, 0
79598, 2, 1, 1, 0, 2, 0
79599, 1, 1, 1, 0, 1, 0
79600, 1, 0, 0, 0, 1, 0
79601, 1, 0, 0, 0, 1, 0
79602, 3, 0, 0, 0, 3, 0
79603, 1, 0, 0, 0, 1, 0
79604, 2, 0, 0, 0, 2, 0
79605, 0, 1, 1, 0, 0, 0
79607, 2, 0, 0, 0, 2, 0
79608, 0, 1, 1, 0, 0, 0
79609, 1, 0, 0, 0, 1, 0
79610, 1, 0, 0, 0, 1, 0
79611, 1, 0, 0, 0, 1, 0
79612, 4, 0, 0, 0, 4, 0
79613, 0, 1, 1, 0, 0, 0
79616, 1, 0, 0, 0, 1, 0
79617, 1, 0, 0, 0, 1, 0
79618, 3, 0, 0, 0, 1, 2
79619, 3, 0, 0, 0, 3, 0
79620, 2, 0, 0, 0, 2, 0
79622, 2, 0, 0, 0, 2, 0
79623, 1, 0, 0, 0, 1, 0
79624, 1, 0, 0, 0, 1, 0
79626, 4, 0, 0, 0, 4, 0
79627, 1, 0, 0, 0, 1, 0
79628, 2, 0, 0, 0, 1, 1
79629, 1, 0, 0, 0, 1, 0
79630, 7, 0, 0, 0, 6, 1
79631, 2, 0, 0, 0, 2, 0
79632, 0, 1, 1, 0, 0, 0
79633, 1, 1, 1, 0, 1, 0
79634, 2, 0, 0, 0, 2, 0
79635, 1, 0, 0, 0, 1, 0
79636, 1, 0, 0, 0, 1, 0
79637, 2, 0, 0, 0, 2, 0
79638, 1, 0, 0, 0, 1, 0
79639, 1, 0, 0, 0, 1, 0
79640, 1, 0, 0, 0, 1, 0
79641, 1, 0, 0, 0, 1, 0
79642, 1, 0, 0, 0, 1, 0
79643, 1, 0, 0, 0, 1, 0
79644, 1, 0, 0, 0, 1, 0
79645, 2, 0, 0, 0, 2, 0
79646, 4, 0, 0, 0, 1, 3
79647, 1, 0, 0, 0, 1, 0
79649, 1, 0, 0, 0, 1, 0
79650, 1, 0, 0, 0, 1, 0
79651, 1, 0, 0, 0, 1, 0
79652, 3, 0, 0, 0, 3, 0
79654, 4, 0, 0, 0, 4, 0
79655, 2, 0, 0, 0, 2, 0
79656, 1, 0, 0, 0, 1, 0
79657, 3, 0, 0, 0, 3, 0
79658, 0, 1, 1, 0, 0, 0
79659, 0, 1, 1, 0, 0, 0
79660, 1, 0, 0, 0, 1, 0
79661, 1, 0, 0, 0, 1, 0
79663, 2, 0, 0, 0, 2, 0
79664, 1, 0, 0, 0, 1, 0
79665, 1, 0, 0, 0, 1, 0
79666, 2, 0, 0, 0, 2, 0
79667, 1, 0, 0, 0, 1, 0
79668, 2, 0, 0, 0, 2, 0
79669, 2, 0, 0, 0, 2, 0
79670, 1, 0, 0, 0, 1, 0
79671, 2, 0, 0, 0, 2, 0
79672, 1, 0, 0, 0, 1, 0
79673, 1, 0, 0, 0, 1, 0
79674, 1, 0, 0, 0, 1, 0
79676, 2, 0, 0, 0, 2, 0
79677, 1, 0, 0, 0, 1, 0
81917, 0, 1, 1, 0, 0, 0
79681, 2, 0, 0, 0, 2, 0
79682, 0, 1, 1, 0, 0, 0
79683, 1, 0, 0, 0, 1, 0
79685, 1, 0, 0, 0, 1, 0
79690, 1, 0, 0, 0, 1, 0
79694, 1, 0, 0, 0, 1, 0
79695, 2, 0, 0, 0, 2, 0
79696, 0, 1, 1, 0, 0, 0
79697, 1, 0, 0, 0, 1, 0
79698, 1, 0, 0, 0, 1, 0
79704, 2, 0, 0, 0, 2, 0
79705, 0, 2, 2, 0, 0, 0
79706, 2, 0, 0, 0, 2, 0
79708, 1, 0, 0, 0, 1, 0
79709, 1, 0, 0, 0, 1, 0
79710, 4, 0, 0, 0, 4, 0
79712, 1, 0, 0, 0, 1, 0
79713, 1, 0, 0, 0, 1, 0
79714, 2, 0, 0, 0, 2, 0
79715, 1, 0, 0, 0, 1, 0
79716, 1, 0, 0, 0, 1, 0
79717, 3, 0, 0, 0, 3, 0
79721, 1, 0, 0, 0, 1, 0
79722, 1, 0, 0, 0, 1, 0
79724, 1, 0, 0, 0, 1, 0
79725, 1, 0, 0, 0, 1, 0
79727, 1, 0, 0, 0, 1, 0
79728, 1, 0, 0, 0, 1, 0
79730, 1, 0, 0, 0, 1, 0
79731, 1, 0, 0, 0, 1, 0
79733, 1, 0, 0, 0, 1, 0
79734, 2, 0, 0, 0, 2, 0
79735, 0, 1, 1, 0, 0, 0
79736, 2, 0, 0, 0, 2, 0
79737, 0, 1, 1, 0, 0, 0
79738, 1, 0, 0, 0, 1, 0
79739, 1, 0, 0, 0, 1, 0
79740, 1, 0, 0, 0, 1, 0
79741, 1, 0, 0, 0, 1, 0
79742, 1, 0, 0, 0, 1, 0
79743, 1, 0, 0, 0, 1, 0
79744, 1, 0, 0, 0, 1, 0
79745, 1, 0, 0, 0, 1, 0
79746, 1, 0, 0, 0, 1, 0
81922, 1, 1, 1, 0, 1, 0
79749, 1, 0, 0, 0, 1, 0
79750, 1, 0, 0, 0, 1, 0
79751, 1, 0, 0, 0, 1, 0
79753, 1, 0, 0, 0, 1, 0
79754, 1, 0, 0, 0, 1, 0
79755, 1, 0, 0, 0, 1, 0
79756, 1, 0, 0, 0, 1, 0
79757, 2, 0, 0, 0, 2, 0
79758, 3, 0, 0, 0, 1, 2
79759, 1, 0, 0, 0, 1, 0
79760, 1, 0, 0, 0, 1, 0
79761, 1, 0, 0, 0, 1, 0
79762, 2, 0, 0, 0, 2, 0
79763, 0, 1, 1, 0, 0, 0
79764, 1, 0, 0, 0, 1, 0
79765, 1, 0, 0, 0, 1, 0
79766, 1, 0, 0, 0, 1, 0
79767, 7, 0, 0, 0, 3, 4
79768, 0, 1, 1, 0, 0, 0
79769, 1, 0, 0, 0, 1, 0
79770, 1, 0, 0, 0, 1, 0
79771, 1, 0, 0, 0, 1, 0
79772, 1, 0, 0, 0, 1, 0
79773, 1, 0, 0, 0, 1, 0
79774, 1, 0, 0, 0, 1, 0
79777, 1, 0, 0, 0, 1, 0
79778, 3, 0, 0, 0, 3, 0
79779, 0, 1, 1, 0, 0, 0
79780, 0, 1, 1, 0, 0, 0
79781, 1, 0, 0, 0, 1, 0
79782, 1, 0, 0, 0, 1, 0
79783, 1, 0, 0, 0, 1, 0
79785, 1, 0, 0, 0, 1, 0
79786, 1, 0, 0, 0, 1, 0
79787, 1, 0, 0, 0, 1, 0
79788, 3, 0, 0, 0, 3, 0
79789, 1, 0, 0, 0, 1, 0
79790, 1, 0, 0, 0, 1, 0
79791, 1, 0, 0, 0, 1, 0
79792, 1, 0, 0, 0, 1, 0
79793, 3, 0, 0, 0, 1, 2
79794, 1, 0, 0, 0, 1, 0
79795, 2, 0, 0, 0, 2, 0
79796, 0, 1, 1, 0, 0, 0
79797, 2, 0, 0, 0, 1, 1
79798, 1, 0, 0, 0, 1, 0
79799, 1, 0, 0, 0, 1, 0
79800, 1, 0, 0, 0, 1, 0
79801, 1, 0, 0, 0, 1, 0
79802, 1, 0, 0, 0, 1, 0
79803, 1, 0, 0, 0, 1, 0
81926, 1, 1, 1, 0, 1, 0
79805, 1, 0, 0, 0, 1, 0
79806, 2, 0, 0, 0, 2, 0
79807, 2, 0, 0, 0, 2, 0
79808, 0, 1, 1, 0, 0, 0
79809, 1, 0, 0, 0, 1, 0
79810, 1, 0, 0, 0, 1, 0
79811, 1, 0, 0, 0, 1, 0
79812, 1, 0, 0, 0, 1, 0
79813, 1, 0, 0, 0, 1, 0
79814, 1, 0, 0, 0, 1, 0
79815, 2, 0, 0, 0, 2, 0
79816, 1, 0, 0, 0, 1, 0
79817, 1, 0, 0, 0, 1, 0
79818, 2, 0, 0, 0, 2, 0
79819, 0, 1, 1, 0, 0, 0
79820, 1, 0, 0, 0, 1, 0
79822, 2, 0, 0, 0, 1, 1
79823, 2, 0, 0, 0, 1, 1
79824, 1, 0, 0, 0, 1, 0
79825, 1, 0, 0, 0, 1, 0
79827, 6, 0, 0, 0, 5, 1
79828, 1, 0, 0, 0, 1, 0
79829, 2, 0, 0, 0, 2, 0
79830, 1, 0, 0, 0, 1, 0
79831, 1, 0, 0, 0, 1, 0
79833, 1, 0, 0, 0, 1, 0
79834, 1, 0, 0, 0, 1, 0
79835, 1, 0, 0, 0, 1, 0
79836, 1, 0, 0, 0, 1, 0
79837, 5, 0, 0, 0, 2, 3
79838, 2, 0, 0, 0, 2, 0
79839, 0, 1, 1, 0, 0, 0
79840, 1, 0, 0, 0, 1, 0
79841, 1, 0, 0, 0, 1, 0
79842, 1, 0, 0, 0, 1, 0
79843, 1, 0, 0, 0, 1, 0
79844, 1, 0, 0, 0, 1, 0
79847, 1, 0, 0, 0, 1, 0
79848, 1, 0, 0, 0, 1, 0
79849, 1, 0, 0, 0, 1, 0
79850, 1, 0, 0, 0, 1, 0
79851, 3, 0, 0, 0, 3, 0
79852, 0, 1, 1, 0, 0, 0
79853, 1, 0, 0, 0, 1, 0
79854, 1, 0, 0, 0, 1, 0
79855, 1, 0, 0, 0, 1, 0
79856, 1, 0, 0, 0, 1, 0
79857, 1, 0, 0, 0, 1, 0
79858, 1, 0, 0, 0, 1, 0
79859, 3, 0, 0, 0, 2, 1
79860, 0, 1, 1, 0, 0, 0
79861, 1, 0, 0, 0, 1, 0
79862, 1, 0, 0, 0, 1, 0
79863, 1, 0, 0, 0, 1, 0
81936, 1, 1, 1, 0, 1, 0
79867, 1, 0, 0, 0, 1, 0
79868, 1, 0, 0, 0, 1, 0
79869, 2, 0, 0, 0, 2, 0
79870, 0, 1, 1, 0, 0, 0
79871, 3, 0, 0, 0, 1, 2
79872, 1, 0, 0, 0, 1, 0
79873, 1, 0, 0, 0, 1, 0
79874, 1, 0, 0, 0, 1, 0
79875, 1, 0, 0, 0, 1, 0
81938, 0, 1, 1, 0, 0, 0
79877, 1, 0, 0, 0, 1, 0
79878, 1, 0, 0, 0, 1, 0
79879, 1, 0, 0, 0, 1, 0
79880, 1, 0, 0, 0, 1, 0
79882, 1, 0, 0, 0, 1, 0
79883, 2, 0, 0, 0, 1, 1
79884, 1, 0, 0, 0, 1, 0
79885, 1, 0, 0, 0, 1, 0
79888, 1, 0, 0, 0, 1, 0
79889, 1, 0, 0, 0, 1, 0
79892, 1, 0, 0, 0, 1, 0
79893, 1, 0, 0, 0, 1, 0
81940, 0, 1, 1, 0, 0, 0
79896, 1, 0, 0, 0, 1, 0
79897, 1, 0, 0, 0, 1, 0
79898, 1, 0, 0, 0, 1, 0
79899, 1, 0, 0, 0, 1, 0
79902, 2, 0, 0, 0, 2, 0
79903, 1, 0, 0, 0, 1, 0
79904, 3, 0, 0, 0, 3, 0
79905, 2, 0, 0, 0, 2, 0
79906, 0, 1, 1, 0, 0, 0
79907, 2, 0, 0, 0, 2, 0
79908, 0, 2, 2, 0, 0, 0
79909, 2, 0, 0, 0, 2, 0
79910, 1, 0, 0, 0, 1, 0
79911, 1, 0, 0, 0, 1, 0
79912, 1, 0, 0, 0, 1, 0
79913, 2, 0, 0, 0, 2, 0
79914, 2, 0, 0, 0, 2, 0
79915, 1, 0, 0, 0, 1, 0
79916, 1, 0, 0, 0, 1, 0
79917, 2, 0, 0, 0, 2, 0
79918, 0, 1, 1, 0, 0, 0
79921, 1, 0, 0, 0, 1, 0
79923, 1, 0, 0, 0, 1, 0
79924, 1, 0, 0, 0, 1, 0
79925, 2, 0, 0, 0, 2, 0
79926, 1, 0, 0, 0, 1, 0
79927, 1, 0, 0, 0, 1, 0
79929, 2, 0, 0, 0, 2, 0
79930, 1, 0, 0, 0, 1, 0
79931, 1, 0, 0, 0, 1, 0
79932, 1, 0, 0, 0, 1, 0
79933, 5, 0, 0, 0, 3, 2
79934, 0, 2, 2, 0, 0, 0
79935, 2, 0, 0, 0, 2, 0
79936, 0, 1, 1, 0, 0, 0
79937, 1, 0, 0, 0, 1, 0
79938, 1, 0, 0, 0, 1, 0
79939, 1, 0, 0, 0, 1, 0
79940, 3, 0, 0, 0, 3, 0
79941, 1, 0, 0, 0, 1, 0
79942, 1, 0, 0, 0, 1, 0
79943, 1, 0, 0, 0, 1, 0
79944, 3, 1, 1, 0, 3, 0
79945, 0, 1, 1, 0, 0, 0
79946, 2, 1, 1, 0, 2, 0
81943, 0, 1, 1, 0, 0, 0
79947, 1, 0, 0, 0, 1, 0
79948, 1, 0, 0, 0, 1, 0
79949, 1, 0, 0, 0, 1, 0
79950, 1, 0, 0, 0, 1, 0
79951, 1, 0, 0, 0, 1, 0
79952, 3, 0, 0, 0, 3, 0
79953, 1, 0, 0, 0, 1, 0
79954, 1, 0, 0, 0, 1, 0
79955, 1, 0, 0, 0, 1, 0
79956, 1, 0, 0, 0, 1, 0
79957, 1, 0, 0, 0, 1, 0
79958, 1, 0, 0, 0, 1, 0
79959, 2, 0, 0, 0, 1, 1
79960, 2, 0, 0, 0, 1, 1
79961, 1, 0, 0, 0, 1, 0
79962, 1, 0, 0, 0, 1, 0
79965, 1, 0, 0, 0, 1, 0
79966, 1, 0, 0, 0, 1, 0
79968, 1, 0, 0, 0, 1, 0
79969, 1, 0, 0, 0, 1, 0
79970, 1, 0, 0, 0, 1, 0
79972, 1, 0, 0, 0, 1, 0
79974, 2, 0, 0, 0, 2, 0
79975, 1, 0, 0, 0, 1, 0
79976, 2, 0, 0, 0, 2, 0
79977, 0, 1, 1, 0, 0, 0
79978, 2, 0, 0, 0, 2, 0
79979, 0, 2, 2, 0, 0, 0
79980, 2, 0, 0, 0, 2, 0
79981, 1, 0, 0, 0, 1, 0
79982, 1, 0, 0, 0, 1, 0
79983, 1, 0, 0, 0, 1, 0
79986, 1, 0, 0, 0, 1, 0
79987, 1, 0, 0, 0, 1, 0
79988, 2, 0, 0, 0, 2, 0
79989, 1, 0, 0, 0, 1, 0
79990, 1, 0, 0, 0, 1, 0
79991, 2, 0, 0, 0, 2, 0
79992, 0, 1, 1, 0, 0, 0
79993, 2, 0, 0, 0, 2, 0
79994, 1, 0, 0, 0, 1, 0
79995, 1, 0, 0, 0, 1, 0
79996, 1, 0, 0, 0, 1, 0
79997, 1, 0, 0, 0, 1, 0
79998, 1, 0, 0, 0, 1, 0
79999, 3, 1, 1, 0, 3, 0
80000, 1, 1, 1, 0, 1, 0
80001, 0, 1, 1, 0, 0, 0
80002, 1, 0, 0, 0, 1, 0
80003, 3, 0, 0, 0, 3, 0
80004, 0, 1, 1, 0, 0, 0
80005, 0, 1, 1, 0, 0, 0
80006, 1, 0, 0, 0, 1, 0
80007, 1, 0, 0, 0, 1, 0
80008, 4, 0, 0, 0, 2, 2
80009, 0, 1, 1, 0, 0, 0
80010, 1, 0, 0, 0, 1, 0
80011, 1, 0, 0, 0, 1, 0
80012, 1, 0, 0, 0, 1, 0
80013, 1, 0, 0, 0, 1, 0
80014, 1, 0, 0, 0, 1, 0
80015, 1, 0, 0, 0, 1, 0
80016, 5, 0, 0, 0, 2, 3
80017, 2, 0, 0, 0, 2, 0
80018, 0, 1, 1, 0, 0, 0
80019, 2, 0, 0, 0, 2, 0
80020, 1, 0, 0, 0, 1, 0
80021, 1, 0, 0, 0, 1, 0
80022, 1, 0, 0, 0, 1, 0
80024, 1, 0, 0, 0, 1, 0
80025, 1, 0, 0, 0, 1, 0
80026, 2, 0, 0, 0, 1, 1
80027, 1, 0, 0, 0, 1, 0
80028, 1, 0, 0, 0, 1, 0
80029, 1, 0, 0, 0, 1, 0
81947, 1, 1, 1, 0, 0, 1
80032, 1, 0, 0, 0, 1, 0
80034, 1, 0, 0, 0, 1, 0
80037, 1, 0, 0, 0, 1, 0
80038, 1, 0, 0, 0, 1, 0
80039, 1, 0, 0, 0, 1, 0
80040, 1, 0, 0, 0, 1, 0
80041, 2, 1, 1, 0, 2, 0
80042, 1, 1, 1, 0, 1, 0
80043, 3, 0, 0, 0, 3, 0
80044, 2, 0, 0, 0, 1, 1
80045, 1, 0, 0, 0, 1, 0
80047, 1, 0, 0, 0, 1, 0
80048, 1, 0, 0, 0, 1, 0
80049, 1, 0, 0, 0, 1, 0
80050, 1, 0, 0, 0, 1, 0
80051, 4, 0, 0, 0, 1, 3
80052, 0, 1, 0, 1, 0, 0
80053, 1, 0, 0, 0, 1, 0
80054, 1, 0, 0, 0, 1, 0
80055, 2, 0, 0, 0, 2, 0
80056, 1, 0, 0, 0, 1, 0
80057, 1, 0, 0, 0, 1, 0
80058, 1, 0, 0, 0, 1, 0
80059, 1, 0, 0, 0, 1, 0
80060, 1, 0, 0, 0, 1, 0
80061, 1, 0, 0, 0, 1, 0
80065, 1, 0, 0, 0, 1, 0
80067, 1, 0, 0, 0, 1, 0
80068, 3, 0, 0, 0, 1, 2
80069, 1, 0, 0, 0, 1, 0
80070, 2, 1, 1, 0, 2, 0
80071, 1, 1, 1, 0, 1, 0
80072, 1, 0, 0, 0, 1, 0
80073, 1, 0, 0, 0, 1, 0
80074, 1, 0, 0, 0, 1, 0
80075, 1, 0, 0, 0, 1, 0
80076, 1, 0, 0, 0, 1, 0
80077, 1, 0, 0, 0, 1, 0
80078, 1, 0, 0, 0, 1, 0
80079, 1, 0, 0, 0, 1, 0
80080, 2, 0, 0, 0, 2, 0
80081, 0, 1, 1, 0, 0, 0
80082, 1, 0, 0, 0, 1, 0
80084, 1, 1, 1, 0, 1, 0
80087, 1, 0, 0, 0, 1, 0
80088, 1, 0, 0, 0, 1, 0
80089, 1, 0, 0, 0, 1, 0
80090, 4, 0, 0, 0, 1, 3
80091, 1, 0, 0, 0, 1, 0
80092, 2, 0, 0, 0, 2, 0
80093, 1, 0, 0, 0, 1, 0
80095, 2, 0, 0, 0, 2, 0
80096, 0, 1, 1, 0, 0, 0
80097, 1, 0, 0, 0, 1, 0
80099, 2, 0, 0, 0, 2, 0
80100, 1, 0, 0, 0, 1, 0
80101, 1, 0, 0, 0, 1, 0
80102, 1, 0, 0, 0, 1, 0
80103, 1, 0, 0, 0, 1, 0
80104, 2, 1, 1, 0, 2, 0
80105, 1, 1, 1, 0, 1, 0
80106, 1, 0, 0, 0, 1, 0
80107, 1, 0, 0, 0, 1, 0
80108, 1, 0, 0, 0, 1, 0
80109, 1, 0, 0, 0, 1, 0
80110, 1, 0, 0, 0, 1, 0
80111, 2, 0, 0, 0, 2, 0
80112, 0, 1, 1, 0, 0, 0
80113, 1, 0, 0, 0, 1, 0
80114, 2, 0, 0, 0, 1, 1
80115, 0, 1, 0, 1, 0, 0
80116, 1, 0, 0, 0, 1, 0
80117, 1, 0, 0, 0, 1, 0
80118, 2, 0, 0, 0, 2, 0
80119, 1, 0, 0, 0, 1, 0
80120, 2, 0, 0, 0, 2, 0
80121, 0, 1, 1, 0, 0, 0
80122, 2, 0, 0, 0, 1, 1
80123, 0, 1, 0, 1, 0, 0
80124, 2, 1, 1, 0, 2, 0
80125, 1, 1, 1, 0, 1, 0
80126, 1, 0, 0, 0, 1, 0
80127, 1, 0, 0, 0, 1, 0
80129, 1, 0, 0, 0, 1, 0
80133, 1, 0, 0, 0, 1, 0
80134, 1, 0, 0, 0, 1, 0
80135, 2, 0, 0, 0, 1, 1
80136, 2, 0, 0, 0, 1, 1
80137, 1, 0, 0, 0, 1, 0
80138, 1, 0, 0, 0, 1, 0
80139, 2, 0, 0, 0, 2, 0
80140, 1, 0, 0, 0, 1, 0
80141, 2, 0, 0, 0, 2, 0
80142, 0, 1, 1, 0, 0, 0
80143, 1, 0, 0, 0, 1, 0
80144, 1, 0, 0, 0, 1, 0
80146, 1, 0, 0, 0, 1, 0
80148, 1, 0, 0, 0, 1, 0
80149, 2, 0, 0, 0, 2, 0
80150, 1, 0, 0, 0, 1, 0
80153, 1, 0, 0, 0, 1, 0
80154, 1, 0, 0, 0, 1, 0
80155, 1, 0, 0, 0, 1, 0
80158, 1, 0, 0, 0, 1, 0
80159, 1, 0, 0, 0, 1, 0
80160, 2, 0, 0, 0, 1, 1
80161, 1, 0, 0, 0, 1, 0
80163, 1, 0, 0, 0, 1, 0
80164, 1, 0, 0, 0, 1, 0
80165, 2, 0, 0, 0, 2, 0
80166, 1, 0, 0, 0, 1, 0
80167, 1, 0, 0, 0, 1, 0
80169, 1, 0, 0, 0, 1, 0
80171, 1, 1, 1, 0, 1, 0
80172, 1, 0, 0, 0, 1, 0
80174, 1, 0, 0, 0, 1, 0
80177, 3, 0, 0, 0, 3, 0
80178, 0, 1, 1, 0, 0, 0
80179, 0, 1, 1, 0, 0, 0
80180, 1, 0, 0, 0, 1, 0
80181, 3, 0, 0, 0, 3, 0
80182, 1, 0, 0, 0, 1, 0
80183, 2, 0, 0, 0, 1, 1
80184, 2, 0, 0, 0, 1, 1
80185, 2, 0, 0, 0, 2, 0
80186, 0, 1, 1, 0, 0, 0
80187, 1, 0, 0, 0, 1, 0
80188, 2, 0, 0, 0, 1, 1
80189, 1, 0, 0, 0, 1, 0
80190, 6, 0, 0, 0, 4, 2
80191, 0, 1, 0, 1, 0, 0
80192, 1, 0, 0, 0, 1, 0
80193, 1, 0, 0, 0, 1, 0
80194, 2, 0, 0, 0, 2, 0
80197, 2, 0, 0, 0, 1, 1
80198, 1, 0, 0, 0, 1, 0
80199, 1, 0, 0, 0, 1, 0
80200, 2, 0, 0, 0, 2, 0
80201, 2, 0, 0, 0, 2, 0
80202, 0, 1, 1, 0, 0, 0
80203, 2, 0, 0, 0, 2, 0
80204, 2, 0, 0, 0, 2, 0
80205, 5, 0, 0, 0, 1, 4
80207, 1, 0, 0, 0, 1, 0
80209, 1, 0, 0, 0, 1, 0
80210, 1, 0, 0, 0, 1, 0
80211, 1, 0, 0, 0, 1, 0
80214, 2, 0, 0, 0, 2, 0
80215, 0, 1, 1, 0, 0, 0
80216, 1, 0, 0, 0, 1, 0
80220, 1, 0, 0, 0, 1, 0
80221, 1, 0, 0, 0, 1, 0
80225, 1, 0, 0, 0, 1, 0
80226, 1, 0, 0, 0, 1, 0
80227, 2, 0, 0, 0, 2, 0
80228, 1, 0, 0, 0, 1, 0
80229, 1, 0, 0, 0, 1, 0
80230, 1, 0, 0, 0, 1, 0
80231, 2, 0, 0, 0, 2, 0
80232, 0, 1, 1, 0, 0, 0
80233, 2, 0, 0, 0, 2, 0
80234, 1, 0, 0, 0, 1, 0
80240, 1, 0, 0, 0, 1, 0
80241, 1, 0, 0, 0, 1, 0
80242, 1, 0, 0, 0, 1, 0
80243, 15, 5, 5, 0, 15, 0
80244, 1, 1, 1, 0, 1, 0
80245, 0, 3, 3, 0, 0, 0
80246, 0, 1, 1, 0, 0, 0
80247, 0, 1, 1, 0, 0, 0
80248, 0, 3, 3, 0, 0, 0
80249, 0, 1, 1, 0, 0, 0
80250, 0, 1, 1, 0, 0, 0
80251, 4, 4, 4, 0, 4, 0
80252, 1, 1, 1, 0, 1, 0
80253, 0, 1, 1, 0, 0, 0
80254, 0, 3, 3, 0, 0, 0
80255, 9, 3, 3, 0, 9, 0
80256, 0, 3, 3, 0, 0, 0
80257, 0, 3, 3, 0, 0, 0
81972, 1, 1, 1, 0, 1, 0
81973, 10, 1, 1, 0, 10, 0
80258, 0, 2, 2, 0, 0, 0
81974, 1, 2, 2, 0, 1, 0
80260, 1, 0, 0, 0, 1, 0
80261, 2, 1, 1, 0, 2, 0
80262, 0, 1, 1, 0, 0, 0
80263, 1, 0, 0, 0, 1, 0
80264, 1, 0, 0, 0, 1, 0
80265, 1, 0, 0, 0, 1, 0
80266, 1, 0, 0, 0, 1, 0
80268, 1, 0, 0, 0, 1, 0
80269, 1, 0, 0, 0, 1, 0
80270, 1, 0, 0, 0, 1, 0
80271, 1, 0, 0, 0, 1, 0
80272, 1, 0, 0, 0, 1, 0
80273, 2, 0, 0, 0, 2, 0
80274, 0, 1, 1, 0, 0, 0
80275, 2, 0, 0, 0, 2, 0
80276, 0, 1, 1, 0, 0, 0
80277, 1, 0, 0, 0, 1, 0
80278, 1, 0, 0, 0, 1, 0
80279, 2, 1, 1, 0, 2, 0
80280, 1, 1, 1, 0, 1, 0
80281, 1, 0, 0, 0, 1, 0
80282, 1, 0, 0, 0, 1, 0
80283, 1, 0, 0, 0, 1, 0
80285, 1, 0, 0, 0, 1, 0
80286, 1, 0, 0, 0, 1, 0
80287, 1, 0, 0, 0, 1, 0
80288, 2, 1, 1, 0, 2, 0
80289, 1, 1, 1, 0, 1, 0
80290, 1, 0, 0, 0, 1, 0
80291, 1, 0, 0, 0, 1, 0
80292, 1, 0, 0, 0, 1, 0
80293, 1, 0, 0, 0, 1, 0
80294, 1, 0, 0, 0, 1, 0
80295, 1, 0, 0, 0, 1, 0
80296, 3, 0, 0, 0, 2, 1
80297, 1, 0, 0, 0, 1, 0
80298, 1, 0, 0, 0, 1, 0
80299, 1, 0, 0, 0, 1, 0
80300, 1, 0, 0, 0, 1, 0
80303, 1, 0, 0, 0, 1, 0
80304, 1, 0, 0, 0, 1, 0
80307, 3, 0, 0, 0, 3, 0
80308, 0, 1, 1, 0, 0, 0
80309, 0, 1, 1, 0, 0, 0
80310, 1, 0, 0, 0, 1, 0
80311, 1, 0, 0, 0, 1, 0
80312, 1, 0, 0, 0, 1, 0
80313, 1, 0, 0, 0, 1, 0
80315, 1, 0, 0, 0, 1, 0
80316, 1, 0, 0, 0, 1, 0
80317, 1, 0, 0, 0, 1, 0
80318, 1, 0, 0, 0, 1, 0
80320, 3, 0, 0, 0, 3, 0
80322, 1, 0, 0, 0, 1, 0
80323, 1, 0, 0, 0, 1, 0
80324, 1, 0, 0, 0, 1, 0
80325, 1, 0, 0, 0, 1, 0
80326, 1, 0, 0, 0, 1, 0
80327, 3, 2, 2, 0, 2, 1
80328, 0, 1, 1, 0, 0, 0
80329, 1, 0, 0, 0, 1, 0
80330, 1, 0, 0, 0, 1, 0
80331, 1, 0, 0, 0, 1, 0
80332, 1, 0, 0, 0, 1, 0
80333, 1, 0, 0, 0, 1, 0
81982, 2, 1, 1, 0, 2, 0
80336, 1, 0, 0, 0, 1, 0
80337, 1, 0, 0, 0, 1, 0
80338, 2, 0, 0, 0, 1, 1
80339, 4, 0, 0, 0, 4, 0
80340, 1, 0, 0, 0, 1, 0
80341, 1, 0, 0, 0, 1, 0
80342, 2, 0, 0, 0, 1, 1
80343, 1, 0, 0, 0, 1, 0
80344, 1, 0, 0, 0, 1, 0
80345, 1, 0, 0, 0, 1, 0
80346, 1, 0, 0, 0, 1, 0
80347, 1, 0, 0, 0, 1, 0
80348, 1, 0, 0, 0, 1, 0
80349, 2, 0, 0, 0, 1, 1
80352, 3, 0, 0, 0, 3, 0
80353, 2, 1, 1, 0, 2, 0
80354, 0, 2, 2, 0, 0, 0
80355, 4, 0, 0, 0, 4, 0
80356, 0, 1, 1, 0, 0, 0
80357, 0, 1, 1, 0, 0, 0
80358, 0, 1, 1, 0, 0, 0
80359, 1, 0, 0, 0, 1, 0
80360, 3, 0, 0, 0, 3, 0
80361, 0, 1, 1, 0, 0, 0
80362, 1, 0, 0, 0, 1, 0
80363, 1, 0, 0, 0, 1, 0
80364, 1, 0, 0, 0, 1, 0
80365, 1, 0, 0, 0, 1, 0
80366, 1, 0, 0, 0, 1, 0
80367, 1, 1, 1, 0, 1, 0
80368, 1, 0, 0, 0, 1, 0
80369, 1, 0, 0, 0, 1, 0
80370, 1, 0, 0, 0, 1, 0
80371, 1, 0, 0, 0, 1, 0
80372, 1, 0, 0, 0, 1, 0
80373, 2, 0, 0, 0, 1, 1
80374, 2, 0, 0, 0, 1, 1
80375, 1, 0, 0, 0, 1, 0
80376, 1, 0, 0, 0, 1, 0
80377, 1, 0, 0, 0, 1, 0
80378, 1, 0, 0, 0, 1, 0
80379, 3, 0, 0, 0, 1, 2
80380, 2, 0, 0, 0, 2, 0
80381, 0, 1, 1, 0, 0, 0
80382, 1, 0, 0, 0, 1, 0
80383, 1, 0, 0, 0, 1, 0
80385, 1, 0, 0, 0, 1, 0
80386, 1, 0, 0, 0, 1, 0
80387, 3, 0, 0, 0, 2, 1
80388, 0, 1, 1, 0, 0, 0
80389, 1, 0, 0, 0, 1, 0
80390, 1, 0, 0, 0, 1, 0
80391, 1, 0, 0, 0, 1, 0
80392, 1, 0, 0, 0, 1, 0
80394, 1, 0, 0, 0, 1, 0
80395, 1, 0, 0, 0, 1, 0
80396, 1, 0, 0, 0, 1, 0
80400, 2, 0, 0, 0, 1, 1
80401, 1, 0, 0, 0, 1, 0
80402, 1, 0, 0, 0, 1, 0
80403, 1, 0, 0, 0, 1, 0
80404, 1, 0, 0, 0, 1, 0
80405, 1, 0, 0, 0, 1, 0
80406, 2, 0, 0, 0, 2, 0
80407, 0, 1, 1, 0, 0, 0
80408, 2, 0, 0, 0, 2, 0
80409, 1, 0, 0, 0, 1, 0
80410, 2, 0, 0, 0, 1, 1
80411, 1, 0, 0, 0, 1, 0
80412, 1, 0, 0, 0, 1, 0
80413, 2, 0, 0, 0, 2, 0
80414, 0, 1, 1, 0, 0, 0
80415, 1, 0, 0, 0, 1, 0
80416, 2, 0, 0, 0, 2, 0
80417, 2, 0, 0, 0, 2, 0
80418, 1, 0, 0, 0, 1, 0
80420, 1, 0, 0, 0, 1, 0
80421, 1, 0, 0, 0, 1, 0
80422, 2, 0, 0, 0, 2, 0
80423, 2, 0, 0, 0, 2, 0
80424, 0, 1, 1, 0, 0, 0
80425, 1, 0, 0, 0, 1, 0
80426, 1, 0, 0, 0, 1, 0
80427, 2, 0, 0, 0, 2, 0
80428, 1, 0, 0, 0, 1, 0
80429, 3, 0, 0, 0, 1, 2
80430, 1, 0, 0, 0, 1, 0
80431, 1, 0, 0, 0, 1, 0
80432, 1, 0, 0, 0, 1, 0
80433, 1, 0, 0, 0, 1, 0
80434, 1, 0, 0, 0, 1, 0
80435, 1, 0, 0, 0, 1, 0
80436, 1, 0, 0, 0, 1, 0
80437, 2, 0, 0, 0, 1, 1
80439, 1, 0, 0, 0, 1, 0
80440, 1, 0, 0, 0, 1, 0
80441, 1, 0, 0, 0, 1, 0
80442, 1, 0, 0, 0, 1, 0
80443, 1, 0, 0, 0, 1, 0
80444, 1, 0, 0, 0, 1, 0
80445, 2, 0, 0, 0, 2, 0
80446, 1, 0, 0, 0, 1, 0
80447, 1, 0, 0, 0, 1, 0
80448, 1, 0, 0, 0, 1, 0
80449, 1, 0, 0, 0, 1, 0
80450, 1, 0, 0, 0, 1, 0
80451, 1, 0, 0, 0, 1, 0
80452, 1, 0, 0, 0, 1, 0
80453, 2, 0, 0, 0, 2, 0
80454, 1, 0, 0, 0, 1, 0
80455, 1, 0, 0, 0, 1, 0
80456, 1, 0, 0, 0, 1, 0
80457, 1, 0, 0, 0, 1, 0
80458, 2, 0, 0, 0, 1, 1
80459, 1, 0, 0, 0, 1, 0
80460, 2, 0, 0, 0, 2, 0
80461, 1, 0, 0, 0, 1, 0
80462, 3, 0, 0, 0, 3, 0
80463, 0, 1, 1, 0, 0, 0
80464, 2, 0, 0, 0, 2, 0
80465, 0, 1, 1, 0, 0, 0
80466, 1, 0, 0, 0, 1, 0
80467, 1, 0, 0, 0, 1, 0
80468, 1, 0, 0, 0, 1, 0
80469, 2, 0, 0, 0, 2, 0
80472, 4, 0, 0, 0, 4, 0
80473, 2, 0, 0, 0, 1, 1
80474, 4, 0, 0, 0, 2, 2
80475, 1, 0, 0, 0, 1, 0
80476, 3, 0, 0, 0, 3, 0
80477, 0, 1, 1, 0, 0, 0
80480, 0, 1, 1, 0, 0, 0
80479, 1, 0, 0, 0, 1, 0
80481, 1, 0, 0, 0, 1, 0
80482, 1, 0, 0, 0, 1, 0
80483, 1, 0, 0, 0, 1, 0
80484, 1, 0, 0, 0, 1, 0
80485, 1, 0, 0, 0, 1, 0
80486, 1, 0, 0, 0, 1, 0
80487, 1, 0, 0, 0, 1, 0
80488, 1, 0, 0, 0, 1, 0
80489, 3, 0, 0, 0, 2, 1
80490, 1, 0, 0, 0, 1, 0
80491, 2, 0, 0, 0, 2, 0
80492, 0, 1, 1, 0, 0, 0
80493, 1, 0, 0, 0, 1, 0
80494, 2, 0, 0, 0, 1, 1
80495, 1, 0, 0, 0, 1, 0
80496, 1, 0, 0, 0, 1, 0
80497, 2, 0, 0, 0, 2, 0
80498, 1, 0, 0, 0, 1, 0
80499, 2, 0, 0, 0, 1, 1
80500, 0, 1, 0, 1, 0, 0
80501, 2, 0, 0, 0, 2, 0
80502, 0, 1, 1, 0, 0, 0
80503, 2, 1, 1, 0, 2, 0
80504, 1, 1, 1, 0, 1, 0
80505, 4, 0, 0, 0, 2, 2
80506, 0, 1, 1, 0, 0, 0
80507, 3, 0, 0, 0, 3, 0
80508, 0, 1, 1, 0, 0, 0
80509, 0, 1, 1, 0, 0, 0
80510, 5, 0, 0, 0, 1, 4
80511, 2, 0, 0, 0, 2, 0
80512, 0, 1, 1, 0, 0, 0
80513, 1, 0, 0, 0, 1, 0
80514, 1, 0, 0, 0, 1, 0
80515, 1, 0, 0, 0, 1, 0
80516, 1, 0, 0, 0, 1, 0
80517, 1, 0, 0, 0, 1, 0
80518, 1, 0, 0, 0, 1, 0
80519, 1, 0, 0, 0, 1, 0
80520, 2, 0, 0, 0, 2, 0
80521, 1, 0, 0, 0, 1, 0
80522, 1, 0, 0, 0, 1, 0
80523, 1, 0, 0, 0, 1, 0
80524, 1, 0, 0, 0, 1, 0
80525, 1, 0, 0, 0, 1, 0
80526, 4, 2, 2, 0, 4, 0
80527, 4, 2, 2, 0, 4, 0
80528, 0, 3, 3, 0, 0, 0
80529, 3, 2, 2, 0, 3, 0
82000, 0, 1, 1, 0, 0, 0
80530, 1, 0, 0, 0, 1, 0
80531, 12, 0, 0, 0, 1, 11
80532, 0, 1, 0, 1, 0, 0
80533, 0, 1, 0, 1, 0, 0
80534, 1, 0, 0, 0, 1, 0
80535, 1, 0, 0, 0, 1, 0
80536, 1, 0, 0, 0, 1, 0
80537, 1, 0, 0, 0, 1, 0
80538, 1, 0, 0, 0, 1, 0
80539, 1, 0, 0, 0, 1, 0
80540, 1, 0, 0, 0, 1, 0
80541, 1, 0, 0, 0, 1, 0
80543, 1, 0, 0, 0, 1, 0
80544, 2, 0, 0, 0, 1, 1
80546, 1, 0, 0, 0, 1, 0
80548, 2, 0, 0, 0, 1, 1
80550, 2, 0, 0, 0, 2, 0
80551, 0, 1, 1, 0, 0, 0
82005, 0, 1, 1, 0, 0, 0
80553, 1, 0, 0, 0, 1, 0
80554, 1, 0, 0, 0, 1, 0
80555, 1, 0, 0, 0, 1, 0
80557, 2, 0, 0, 0, 1, 1
80559, 1, 0, 0, 0, 1, 0
80560, 4, 0, 0, 0, 4, 0
80561, 0, 1, 1, 0, 0, 0
80562, 0, 1, 1, 0, 0, 0
80563, 0, 1, 1, 0, 0, 0
80565, 1, 0, 0, 0, 1, 0
80566, 2, 0, 0, 0, 2, 0
80567, 0, 1, 1, 0, 0, 0
80570, 1, 0, 0, 0, 1, 0
80571, 2, 1, 1, 0, 2, 0
80572, 1, 1, 1, 0, 1, 0
80573, 1, 0, 0, 0, 1, 0
80574, 1, 0, 0, 0, 1, 0
80575, 1, 0, 0, 0, 1, 0
80576, 2, 0, 0, 0, 2, 0
80577, 1, 0, 0, 0, 1, 0
80579, 1, 0, 0, 0, 1, 0
80580, 1, 0, 0, 0, 1, 0
80581, 1, 0, 0, 0, 1, 0
80582, 2, 0, 0, 0, 2, 0
80583, 2, 0, 0, 0, 2, 0
80587, 1, 0, 0, 0, 1, 0
80589, 1, 0, 0, 0, 1, 0
80592, 2, 0, 0, 0, 2, 0
80593, 3, 0, 0, 0, 3, 0
80594, 0, 1, 1, 0, 0, 0
80595, 12, 1, 1, 0, 7, 5
80596, 2, 0, 0, 0, 1, 1
80597, 1, 0, 0, 0, 1, 0
80599, 1, 0, 0, 0, 1, 0
80600, 2, 0, 0, 0, 2, 0
80601, 1, 0, 0, 0, 1, 0
80602, 1, 0, 0, 0, 1, 0
80603, 1, 0, 0, 0, 1, 0
80604, 1, 0, 0, 0, 1, 0
80605, 2, 0, 0, 0, 2, 0
80607, 1, 0, 0, 0, 1, 0
80608, 1, 0, 0, 0, 1, 0
80611, 1, 0, 0, 0, 1, 0
80612, 1, 0, 0, 0, 1, 0
80613, 1, 0, 0, 0, 1, 0
80617, 1, 0, 0, 0, 1, 0
80618, 1, 0, 0, 0, 1, 0
80619, 3, 0, 0, 0, 3, 0
80620, 0, 1, 1, 0, 0, 0
80621, 0, 1, 1, 0, 0, 0
80622, 1, 0, 0, 0, 1, 0
80623, 1, 0, 0, 0, 1, 0
80624, 1, 0, 0, 0, 1, 0
80625, 1, 1, 1, 0, 1, 0
80626, 2, 0, 0, 0, 2, 0
80627, 2, 0, 0, 0, 2, 0
80628, 0, 1, 1, 0, 0, 0
80629, 2, 0, 0, 0, 2, 0
80630, 0, 1, 1, 0, 0, 0
80631, 2, 0, 0, 0, 2, 0
80632, 0, 1, 1, 0, 0, 0
80633, 1, 0, 0, 0, 1, 0
80634, 1, 0, 0, 0, 1, 0
80635, 2, 0, 0, 0, 2, 0
80636, 2, 0, 0, 0, 1, 1
80637, 1, 0, 0, 0, 1, 0
80638, 1, 0, 0, 0, 1, 0
80639, 1, 0, 0, 0, 1, 0
80640, 1, 0, 0, 0, 1, 0
80642, 1, 0, 0, 0, 1, 0
80643, 2, 0, 0, 0, 2, 0
80644, 2, 0, 0, 0, 2, 0
80645, 0, 1, 1, 0, 0, 0
80646, 9, 0, 0, 0, 9, 0
80647, 0, 1, 1, 0, 0, 0
80648, 0, 1, 1, 0, 0, 0
80649, 0, 1, 1, 0, 0, 0
80650, 0, 1, 1, 0, 0, 0
80651, 0, 1, 1, 0, 0, 0
80652, 0, 1, 1, 0, 0, 0
80653, 1, 0, 0, 0, 1, 0
80654, 1, 0, 0, 0, 1, 0
80655, 1, 0, 0, 0, 1, 0
80656, 1, 0, 0, 0, 1, 0
80658, 1, 0, 0, 0, 1, 0
80659, 1, 0, 0, 0, 1, 0
80660, 1, 0, 0, 0, 1, 0
80661, 1, 0, 0, 0, 1, 0
80666, 1, 0, 0, 0, 1, 0
80667, 1, 0, 0, 0, 1, 0
80668, 1, 0, 0, 0, 1, 0
80669, 1, 0, 0, 0, 1, 0
80670, 1, 0, 0, 0, 1, 0
80671, 1, 0, 0, 0, 1, 0
80672, 1, 0, 0, 0, 1, 0
80673, 1, 0, 0, 0, 1, 0
80674, 1, 0, 0, 0, 1, 0
80675, 1, 0, 0, 0, 1, 0
80676, 1, 0, 0, 0, 1, 0
80677, 1, 0, 0, 0, 1, 0
80678, 1, 0, 0, 0, 1, 0
80679, 1, 0, 0, 0, 1, 0
80680, 1, 0, 0, 0, 1, 0
80681, 1, 0, 0, 0, 1, 0
80682, 1, 0, 0, 0, 1, 0
80683, 1, 0, 0, 0, 1, 0
80684, 1, 0, 0, 0, 1, 0
80685, 3, 0, 0, 0, 3, 0
80686, 0, 1, 1, 0, 0, 0
80687, 1, 1, 1, 0, 0, 1
80688, 1, 0, 0, 0, 1, 0
80689, 1, 0, 0, 0, 1, 0
80690, 1, 0, 0, 0, 1, 0
80691, 1, 0, 0, 0, 1, 0
80692, 3, 0, 0, 0, 3, 0
80693, 0, 1, 1, 0, 0, 0
80694, 1, 0, 0, 0, 1, 0
80695, 1, 0, 0, 0, 1, 0
80696, 1, 0, 0, 0, 1, 0
80697, 1, 0, 0, 0, 1, 0
80698, 2, 0, 0, 0, 2, 0
80699, 0, 1, 1, 0, 0, 0
80700, 1, 0, 0, 0, 1, 0
80701, 1, 0, 0, 0, 1, 0
80702, 1, 0, 0, 0, 1, 0
80703, 1, 0, 0, 0, 1, 0
80704, 2, 0, 0, 0, 1, 1
80705, 1, 0, 0, 0, 1, 0
80706, 1, 0, 0, 0, 1, 0
80707, 1, 0, 0, 0, 1, 0
80708, 1, 0, 0, 0, 1, 0
80709, 1, 0, 0, 0, 1, 0
80710, 2, 0, 0, 0, 2, 0
80711, 0, 1, 1, 0, 0, 0
80712, 1, 0, 0, 0, 1, 0
80713, 1, 0, 0, 0, 1, 0
80718, 1, 0, 0, 0, 1, 0
80719, 1, 0, 0, 0, 1, 0
80721, 2, 0, 0, 0, 2, 0
80722, 0, 1, 1, 0, 0, 0
80723, 1, 0, 0, 0, 1, 0
80724, 1, 0, 0, 0, 1, 0
80725, 1, 0, 0, 0, 1, 0
80726, 1, 0, 0, 0, 1, 0
80727, 1, 0, 0, 0, 1, 0
80728, 1, 0, 0, 0, 1, 0
80729, 1, 0, 0, 0, 1, 0
80730, 1, 0, 0, 0, 1, 0
80731, 2, 1, 1, 0, 2, 0
80732, 0, 1, 1, 0, 0, 0
80733, 1, 0, 0, 0, 1, 0
80734, 1, 0, 0, 0, 1, 0
80735, 1, 0, 0, 0, 1, 0
80736, 1, 0, 0, 0, 1, 0
80740, 1, 0, 0, 0, 1, 0
80741, 1, 0, 0, 0, 1, 0
80742, 1, 0, 0, 0, 1, 0
80743, 3, 0, 0, 0, 3, 0
80744, 1, 0, 0, 0, 1, 0
80745, 1, 0, 0, 0, 1, 0
80746, 1, 0, 0, 0, 1, 0
80747, 1, 0, 0, 0, 1, 0
80748, 2, 0, 0, 0, 2, 0
80749, 1, 0, 0, 0, 1, 0
80750, 1, 0, 0, 0, 1, 0
80751, 1, 0, 0, 0, 1, 0
80752, 2, 0, 0, 0, 2, 0
80753, 0, 1, 1, 0, 0, 0
80754, 1, 0, 0, 0, 1, 0
80755, 1, 0, 0, 0, 1, 0
80756, 1, 1, 1, 0, 1, 0
80759, 1, 0, 0, 0, 1, 0
80760, 2, 0, 0, 0, 2, 0
80761, 0, 1, 1, 0, 0, 0
80762, 1, 0, 0, 0, 1, 0
80763, 2, 0, 0, 0, 2, 0
80764, 0, 1, 1, 0, 0, 0
80766, 1, 0, 0, 0, 1, 0
80767, 1, 0, 0, 0, 1, 0
80768, 1, 0, 0, 0, 1, 0
80769, 2, 0, 0, 0, 2, 0
80770, 1, 0, 0, 0, 1, 0
80771, 2, 0, 0, 0, 2, 0
80772, 2, 0, 0, 0, 1, 1
80773, 2, 0, 0, 0, 2, 0
80774, 1, 0, 0, 0, 1, 0
80775, 1, 0, 0, 0, 1, 0
80776, 1, 0, 0, 0, 1, 0
80777, 2, 0, 0, 0, 2, 0
80778, 1, 0, 0, 0, 1, 0
80779, 2, 0, 0, 0, 2, 0
80780, 2, 0, 0, 0, 2, 0
80781, 0, 1, 1, 0, 0, 0
80782, 2, 0, 0, 0, 2, 0
80783, 0, 1, 1, 0, 0, 0
80784, 2, 0, 0, 0, 1, 1
80785, 1, 0, 0, 0, 1, 0
80786, 2, 1, 0, 1, 1, 1
80787, 1, 1, 0, 1, 0, 1
80788, 2, 0, 0, 0, 2, 0
80793, 1, 0, 0, 0, 1, 0
80796, 1, 0, 0, 0, 1, 0
80797, 1, 0, 0, 0, 1, 0
80798, 2, 0, 0, 0, 1, 1
80799, 1, 0, 0, 0, 1, 0
80800, 1, 0, 0, 0, 1, 0
80801, 1, 0, 0, 0, 1, 0
80802, 2, 0, 0, 0, 2, 0
80803, 0, 1, 1, 0, 0, 0
80805, 3, 0, 0, 0, 1, 2
80806, 1, 0, 0, 0, 1, 0
80807, 1, 0, 0, 0, 1, 0
80808, 1, 0, 0, 0, 1, 0
80809, 1, 0, 0, 0, 1, 0
80810, 1, 0, 0, 0, 1, 0
80813, 1, 0, 0, 0, 1, 0
80814, 1, 0, 0, 0, 1, 0
80815, 2, 0, 0, 0, 1, 1
80816, 1, 0, 0, 0, 1, 0
80817, 3, 1, 1, 0, 3, 0
80818, 0, 1, 1, 0, 0, 0
80819, 3, 1, 1, 0, 3, 0
80820, 0, 1, 1, 0, 0, 0
80821, 1, 0, 0, 0, 1, 0
80822, 3, 0, 0, 0, 2, 1
80823, 0, 1, 1, 0, 0, 0
80824, 1, 0, 0, 0, 1, 0
80825, 2, 1, 1, 0, 2, 0
80826, 4, 2, 2, 0, 4, 0
80827, 0, 1, 1, 0, 0, 0
80828, 1, 1, 1, 0, 1, 0
80833, 1, 0, 0, 0, 1, 0
80834, 2, 0, 0, 0, 2, 0
80835, 0, 1, 1, 0, 0, 0
80836, 1, 0, 0, 0, 1, 0
80837, 2, 0, 0, 0, 2, 0
80838, 0, 1, 1, 0, 0, 0
80839, 2, 0, 0, 0, 2, 0
80840, 0, 1, 1, 0, 0, 0
80841, 1, 0, 0, 0, 1, 0
80844, 3, 0, 0, 0, 1, 2
80845, 2, 0, 0, 0, 2, 0
80850, 3, 0, 0, 0, 2, 1
80851, 2, 0, 0, 0, 2, 0
80852, 0, 1, 1, 0, 0, 0
80853, 1, 0, 0, 0, 1, 0
80854, 2, 0, 0, 0, 2, 0
80855, 0, 1, 1, 0, 0, 0
80856, 1, 0, 0, 0, 1, 0
80857, 1, 0, 0, 0, 1, 0
80858, 2, 0, 0, 0, 2, 0
80859, 1, 0, 0, 0, 1, 0
80860, 2, 0, 0, 0, 2, 0
80861, 0, 1, 1, 0, 0, 0
80862, 1, 0, 0, 0, 1, 0
80863, 1, 0, 0, 0, 1, 0
80864, 1, 0, 0, 0, 1, 0
80865, 1, 0, 0, 0, 1, 0
80866, 1, 0, 0, 0, 1, 0
80867, 2, 0, 0, 0, 2, 0
80868, 0, 1, 1, 0, 0, 0
80869, 1, 0, 0, 0, 1, 0
80870, 1, 0, 0, 0, 1, 0
80871, 1, 0, 0, 0, 1, 0
80872, 1, 0, 0, 0, 1, 0
80873, 4, 0, 0, 0, 2, 2
80874, 0, 1, 1, 0, 0, 0
80876, 1, 0, 0, 0, 1, 0
80877, 1, 0, 0, 0, 1, 0
80881, 1, 0, 0, 0, 1, 0
80882, 2, 0, 0, 0, 2, 0
80883, 1, 0, 0, 0, 1, 0
80885, 1, 0, 0, 0, 1, 0
80886, 1, 0, 0, 0, 1, 0
80887, 1, 0, 0, 0, 1, 0
80888, 1, 0, 0, 0, 1, 0
80889, 1, 0, 0, 0, 1, 0
80890, 1, 0, 0, 0, 1, 0
80891, 2, 0, 0, 0, 1, 1
80892, 2, 0, 0, 0, 2, 0
80893, 6, 0, 0, 0, 1, 5
80894, 0, 1, 0, 1, 0, 0
80895, 1, 0, 0, 0, 1, 0
80896, 1, 0, 0, 0, 1, 0
80897, 1, 0, 0, 0, 1, 0
80898, 2, 2, 2, 0, 2, 0
80899, 2, 1, 1, 0, 2, 0
80900, 1, 0, 0, 0, 1, 0
80901, 1, 0, 0, 0, 1, 0
80902, 1, 0, 0, 0, 1, 0
80903, 1, 0, 0, 0, 1, 0
80904, 2, 0, 0, 0, 2, 0
80905, 0, 1, 1, 0, 0, 0
80906, 1, 0, 0, 0, 1, 0
80907, 4, 3, 3, 0, 4, 0
80908, 3, 4, 4, 0, 3, 0
80909, 4, 2, 2, 0, 4, 0
80910, 4, 3, 3, 0, 4, 0
80911, 2, 2, 2, 0, 2, 0
80912, 1, 2, 2, 0, 1, 0
80913, 1, 0, 0, 0, 1, 0
80914, 1, 0, 0, 0, 1, 0
80915, 1, 0, 0, 0, 1, 0
80916, 2, 0, 0, 0, 2, 0
80917, 2, 0, 0, 0, 2, 0
80918, 2, 0, 0, 0, 2, 0
80919, 1, 0, 0, 0, 1, 0
80920, 1, 0, 0, 0, 1, 0
80921, 1, 0, 0, 0, 1, 0
80922, 1, 0, 0, 0, 1, 0
80923, 1, 0, 0, 0, 1, 0
80924, 1, 0, 0, 0, 1, 0
80925, 1, 0, 0, 0, 1, 0
80926, 1, 0, 0, 0, 1, 0
80927, 2, 0, 0, 0, 2, 0
80928, 0, 1, 1, 0, 0, 0
80929, 2, 0, 0, 0, 2, 0
80930, 1, 0, 0, 0, 1, 0
80932, 1, 0, 0, 0, 1, 0
80933, 1, 0, 0, 0, 1, 0
80934, 1, 0, 0, 0, 1, 0
80935, 1, 0, 0, 0, 1, 0
80936, 1, 0, 0, 0, 1, 0
80937, 2, 0, 0, 0, 2, 0
80938, 0, 1, 1, 0, 0, 0
80940, 1, 0, 0, 0, 1, 0
80943, 2, 0, 0, 0, 2, 0
80944, 2, 0, 0, 0, 2, 0
80945, 0, 1, 1, 0, 0, 0
80946, 6, 0, 0, 0, 6, 0
80947, 0, 1, 1, 0, 0, 0
80948, 0, 1, 1, 0, 0, 0
80949, 0, 1, 1, 0, 0, 0
80950, 0, 1, 1, 0, 0, 0
80951, 1, 0, 0, 0, 1, 0
80952, 1, 0, 0, 0, 1, 0
80953, 3, 0, 0, 0, 2, 1
80954, 1, 0, 0, 0, 1, 0
80955, 2, 0, 0, 0, 2, 0
80956, 0, 1, 1, 0, 0, 0
80957, 1, 0, 0, 0, 1, 0
80958, 1, 0, 0, 0, 1, 0
80959, 1, 0, 0, 0, 1, 0
80960, 2, 0, 0, 0, 1, 1
80961, 1, 0, 0, 0, 1, 0
80962, 2, 0, 0, 0, 2, 0
80963, 1, 0, 0, 0, 1, 0
80964, 3, 1, 1, 0, 2, 1
80966, 2, 0, 0, 0, 2, 0
80967, 0, 1, 1, 0, 0, 0
80968, 1, 0, 0, 0, 1, 0
80969, 1, 0, 0, 0, 1, 0
80970, 1, 0, 0, 0, 1, 0
80971, 1, 0, 0, 0, 1, 0
80972, 1, 0, 0, 0, 1, 0
80973, 1, 0, 0, 0, 1, 0
80974, 1, 0, 0, 0, 1, 0
80975, 1, 0, 0, 0, 1, 0
80976, 1, 0, 0, 0, 1, 0
80978, 1, 0, 0, 0, 1, 0
80979, 1, 0, 0, 0, 1, 0
80980, 1, 0, 0, 0, 1, 0
80981, 1, 0, 0, 0, 1, 0
80982, 1, 0, 0, 0, 1, 0
80983, 1, 0, 0, 0, 1, 0
80984, 2, 0, 0, 0, 2, 0
80985, 0, 1, 1, 0, 0, 0
80986, 1, 0, 0, 0, 1, 0
80987, 1, 0, 0, 0, 1, 0
80988, 1, 0, 0, 0, 1, 0
80989, 1, 0, 0, 0, 1, 0
80990, 1, 0, 0, 0, 1, 0
80991, 1, 0, 0, 0, 1, 0
80992, 1, 0, 0, 0, 1, 0
80993, 1, 0, 0, 0, 1, 0
80994, 3, 0, 0, 0, 3, 0
80995, 1, 0, 0, 0, 1, 0
80996, 1, 0, 0, 0, 1, 0
80997, 1, 0, 0, 0, 1, 0
80998, 1, 0, 0, 0, 1, 0
80999, 1, 0, 0, 0, 1, 0
81001, 1, 0, 0, 0, 1, 0
81002, 1, 0, 0, 0, 1, 0
81003, 1, 0, 0, 0, 1, 0
81004, 2, 0, 0, 0, 2, 0
81005, 1, 0, 0, 0, 1, 0
81006, 3, 0, 0, 0, 3, 0
81007, 0, 1, 1, 0, 0, 0
81008, 0, 1, 1, 0, 0, 0
81009, 1, 0, 0, 0, 1, 0
81011, 2, 0, 0, 0, 2, 0
81012, 2, 1, 1, 0, 2, 0
81013, 1, 1, 1, 0, 1, 0
81014, 1, 0, 0, 0, 1, 0
81015, 4, 0, 0, 0, 2, 2
81016, 0, 1, 1, 0, 0, 0
81017, 1, 0, 0, 0, 1, 0
81019, 2, 1, 1, 0, 2, 0
81020, 1, 1, 1, 0, 1, 0
81021, 2, 0, 0, 0, 2, 0
81022, 0, 1, 1, 0, 0, 0
81023, 1, 0, 0, 0, 1, 0
81024, 2, 0, 0, 0, 2, 0
81025, 0, 1, 1, 0, 0, 0
81026, 1, 0, 0, 0, 1, 0
81027, 1, 0, 0, 0, 1, 0
81028, 1, 0, 0, 0, 1, 0
81030, 1, 0, 0, 0, 1, 0
81031, 1, 0, 0, 0, 1, 0
81032, 3, 0, 0, 0, 3, 0
81034, 2, 0, 0, 0, 2, 0
81035, 0, 2, 2, 0, 0, 0
81036, 2, 0, 0, 0, 2, 0
81037, 1, 0, 0, 0, 1, 0
81038, 1, 0, 0, 0, 1, 0
81042, 1, 0, 0, 0, 1, 0
81043, 1, 0, 0, 0, 1, 0
81045, 1, 0, 0, 0, 1, 0
81049, 1, 0, 0, 0, 1, 0
81050, 2, 0, 0, 0, 2, 0
81051, 0, 1, 1, 0, 0, 0
81054, 1, 1, 1, 0, 1, 0
81055, 1, 0, 0, 0, 1, 0
81056, 1, 0, 0, 0, 1, 0
81057, 1, 0, 0, 0, 1, 0
81058, 4, 0, 0, 0, 4, 0
81059, 0, 1, 1, 0, 0, 0
81060, 0, 1, 1, 0, 0, 0
81062, 6, 1, 1, 0, 6, 0
81063, 4, 1, 1, 0, 4, 0
81064, 5, 0, 0, 0, 5, 0
81065, 4, 0, 0, 0, 1, 3
81067, 1, 0, 0, 0, 1, 0
81069, 1, 0, 0, 0, 1, 0
81070, 1, 0, 0, 0, 1, 0
81071, 1, 0, 0, 0, 1, 0
81072, 1, 0, 0, 0, 1, 0
81073, 1, 0, 0, 0, 1, 0
81074, 1, 0, 0, 0, 1, 0
81075, 1, 0, 0, 0, 1, 0
81076, 1, 0, 0, 0, 1, 0
81079, 3, 1, 1, 0, 3, 0
81080, 0, 1, 1, 0, 0, 0
81081, 1, 1, 1, 0, 1, 0
81082, 2, 0, 0, 0, 2, 0
81083, 0, 1, 1, 0, 0, 0
81084, 1, 0, 0, 0, 1, 0
81085, 3, 0, 0, 0, 3, 0
81086, 0, 1, 1, 0, 0, 0
81087, 1, 0, 0, 0, 1, 0
81088, 2, 0, 0, 0, 2, 0
81089, 3, 0, 0, 0, 2, 1
81090, 1, 0, 0, 0, 1, 0
81091, 1, 0, 0, 0, 1, 0
81092, 1, 0, 0, 0, 1, 0
81093, 3, 1, 1, 0, 2, 1
81094, 1, 1, 1, 0, 1, 0
81095, 1, 0, 0, 0, 1, 0
81096, 1, 0, 0, 0, 1, 0
81097, 1, 0, 0, 0, 1, 0
81098, 1, 0, 0, 0, 1, 0
81099, 1, 0, 0, 0, 1, 0
81100, 1, 0, 0, 0, 1, 0
81101, 1, 0, 0, 0, 1, 0
81102, 1, 0, 0, 0, 1, 0
81103, 1, 0, 0, 0, 1, 0
81104, 1, 0, 0, 0, 1, 0
81105, 1, 0, 0, 0, 1, 0
81106, 2, 0, 0, 0, 1, 1
81107, 0, 1, 0, 1, 0, 0
81108, 1, 0, 0, 0, 1, 0
81110, 1, 0, 0, 0, 1, 0
81111, 1, 0, 0, 0, 1, 0
81112, 1, 0, 0, 0, 1, 0
81113, 1, 0, 0, 0, 1, 0
81114, 1, 0, 0, 0, 1, 0
81116, 1, 0, 0, 0, 1, 0
81117, 1, 0, 0, 0, 1, 0
81118, 1, 0, 0, 0, 1, 0
81120, 1, 0, 0, 0, 1, 0
81122, 1, 0, 0, 0, 1, 0
81123, 1, 0, 0, 0, 1, 0
81124, 1, 0, 0, 0, 1, 0
81125, 1, 0, 0, 0, 1, 0
81126, 1, 0, 0, 0, 1, 0
81128, 1, 0, 0, 0, 1, 0
81129, 2, 0, 0, 0, 2, 0
81130, 0, 1, 1, 0, 0, 0
81131, 1, 0, 0, 0, 1, 0
81132, 1, 0, 0, 0, 1, 0
81133, 1, 0, 0, 0, 1, 0
81134, 1, 0, 0, 0, 1, 0
81135, 2, 0, 0, 0, 2, 0
81136, 0, 1, 1, 0, 0, 0
81137, 1, 0, 0, 0, 1, 0
81138, 1, 0, 0, 0, 1, 0
81139, 1, 0, 0, 0, 1, 0
81140, 1, 0, 0, 0, 1, 0
81141, 1, 0, 0, 0, 1, 0
81142, 2, 0, 0, 0, 1, 1
81143, 3, 0, 0, 0, 1, 2
81144, 1, 0, 0, 0, 1, 0
81145, 1, 0, 0, 0, 1, 0
81146, 1, 0, 0, 0, 1, 0
81147, 1, 0, 0, 0, 1, 0
81148, 2, 0, 0, 0, 2, 0
81149, 1, 0, 0, 0, 1, 0
81150, 1, 0, 0, 0, 1, 0
81151, 1, 0, 0, 0, 1, 0
81152, 1, 0, 0, 0, 1, 0
81153, 1, 0, 0, 0, 1, 0
81154, 1, 0, 0, 0, 1, 0
81155, 2, 0, 0, 0, 2, 0
81156, 0, 1, 1, 0, 0, 0
81157, 1, 0, 0, 0, 1, 0
81158, 2, 1, 1, 0, 2, 0
81159, 1, 1, 1, 0, 1, 0
81161, 1, 0, 0, 0, 1, 0
81163, 1, 0, 0, 0, 1, 0
82060, 0, 1, 0, 1, 0, 0
81166, 1, 0, 0, 0, 1, 0
81167, 1, 0, 0, 0, 1, 0
81168, 1, 0, 0, 0, 1, 0
81169, 2, 1, 1, 0, 1, 1
81170, 1, 0, 0, 0, 1, 0
81171, 1, 0, 0, 0, 1, 0
81172, 1, 0, 0, 0, 1, 0
81173, 1, 0, 0, 0, 1, 0
81174, 1, 0, 0, 0, 1, 0
81175, 2, 0, 0, 0, 2, 0
81176, 0, 1, 1, 0, 0, 0
81177, 1, 0, 0, 0, 1, 0
81178, 1, 0, 0, 0, 1, 0
81179, 1, 0, 0, 0, 1, 0
81180, 1, 0, 0, 0, 1, 0
81181, 2, 0, 0, 0, 2, 0
81182, 1, 0, 0, 0, 1, 0
81183, 1, 0, 0, 0, 1, 0
81184, 1, 0, 0, 0, 1, 0
81185, 1, 0, 0, 0, 1, 0
81186, 1, 0, 0, 0, 1, 0
81187, 1, 0, 0, 0, 1, 0
81188, 2, 0, 0, 0, 2, 0
81189, 3, 0, 0, 0, 3, 0
81190, 1, 0, 0, 0, 1, 0
81191, 1, 0, 0, 0, 1, 0
81192, 1, 0, 0, 0, 1, 0
81193, 1, 0, 0, 0, 1, 0
81194, 3, 0, 0, 0, 1, 2
81196, 1, 0, 0, 0, 1, 0
81197, 1, 0, 0, 0, 1, 0
81198, 1, 0, 0, 0, 1, 0
81199, 2, 0, 0, 0, 2, 0
81200, 1, 0, 0, 0, 1, 0
81201, 1, 0, 0, 0, 1, 0
81202, 2, 0, 0, 0, 2, 0
81203, 0, 1, 1, 0, 0, 0
81209, 1, 0, 0, 0, 1, 0
81210, 1, 0, 0, 0, 1, 0
81211, 1, 0, 0, 0, 1, 0
81212, 2, 0, 0, 0, 2, 0
81213, 0, 1, 1, 0, 0, 0
81215, 1, 0, 0, 0, 1, 0
81217, 3, 0, 0, 0, 2, 1
81218, 2, 0, 0, 0, 1, 1
81219, 3, 0, 0, 0, 3, 0
81220, 0, 1, 1, 0, 0, 0
81221, 0, 1, 1, 0, 0, 0
81222, 1, 0, 0, 0, 1, 0
81223, 1, 0, 0, 0, 1, 0
81224, 2, 0, 0, 0, 2, 0
81225, 1, 1, 1, 0, 1, 0
81226, 1, 0, 0, 0, 1, 0
81227, 1, 0, 0, 0, 1, 0
81228, 1, 0, 0, 0, 1, 0
81229, 2, 0, 0, 0, 2, 0
82070, 0, 1, 1, 0, 0, 0
81231, 1, 0, 0, 0, 1, 0
81232, 1, 0, 0, 0, 1, 0
81233, 2, 0, 0, 0, 1, 1
81234, 0, 1, 0, 1, 0, 0
81235, 1, 0, 0, 0, 1, 0
81236, 1, 0, 0, 0, 1, 0
81237, 1, 0, 0, 0, 1, 0
81238, 1, 0, 0, 0, 1, 0
81242, 2, 0, 0, 0, 1, 1
81243, 1, 0, 0, 0, 1, 0
81245, 2, 0, 0, 0, 2, 0
81246, 0, 1, 1, 0, 0, 0
81247, 3, 0, 0, 0, 2, 1
81248, 0, 1, 1, 0, 0, 0
81249, 1, 0, 0, 0, 1, 0
81250, 2, 0, 0, 0, 1, 1
81251, 1, 0, 0, 0, 1, 0
81252, 1, 0, 0, 0, 1, 0
81254, 1, 0, 0, 0, 1, 0
81255, 1, 0, 0, 0, 1, 0
81256, 1, 0, 0, 0, 1, 0
81257, 1, 0, 0, 0, 1, 0
81258, 1, 0, 0, 0, 1, 0
81259, 1, 0, 0, 0, 1, 0
81260, 1, 0, 0, 0, 1, 0
81261, 1, 0, 0, 0, 1, 0
81262, 1, 0, 0, 0, 1, 0
81263, 1, 0, 0, 0, 1, 0
81264, 1, 0, 0, 0, 1, 0
81266, 1, 0, 0, 0, 1, 0
81267, 1, 0, 0, 0, 1, 0
81269, 3, 2, 2, 0, 3, 0
81270, 1, 1, 1, 0, 1, 0
81271, 1, 1, 1, 0, 1, 0
81272, 1, 0, 0, 0, 1, 0
81273, 2, 0, 0, 0, 2, 0
81274, 0, 1, 1, 0, 0, 0
81276, 1, 0, 0, 0, 1, 0
81277, 1, 0, 0, 0, 1, 0
81278, 2, 0, 0, 0, 2, 0
81279, 0, 1, 1, 0, 0, 0
81280, 2, 0, 0, 0, 1, 1
81281, 1, 0, 0, 0, 1, 0
81282, 1, 0, 0, 0, 1, 0
81283, 1, 0, 0, 0, 1, 0
81286, 2, 0, 0, 0, 2, 0
81287, 0, 1, 1, 0, 0, 0
81288, 1, 0, 0, 0, 1, 0
81289, 2, 0, 0, 0, 2, 0
81290, 1, 1, 1, 0, 1, 0
81291, 1, 0, 0, 0, 1, 0
81295, 2, 1, 1, 0, 2, 0
81296, 1, 1, 1, 0, 1, 0
81297, 1, 0, 0, 0, 1, 0
81298, 2, 0, 0, 0, 2, 0
81299, 0, 1, 1, 0, 0, 0
81300, 1, 0, 0, 0, 1, 0
81301, 1, 0, 0, 0, 1, 0
81302, 10, 2, 2, 0, 10, 0
81303, 1, 1, 1, 0, 1, 0
81304, 0, 1, 1, 0, 0, 0
81305, 0, 1, 1, 0, 0, 0
81306, 0, 1, 1, 0, 0, 0
81307, 3, 1, 1, 0, 1, 2
81308, 2, 0, 0, 0, 2, 0
81309, 1, 1, 1, 0, 1, 0
82079, 0, 1, 1, 0, 0, 0
81313, 1, 0, 0, 0, 1, 0
81314, 1, 0, 0, 0, 1, 0
81315, 1, 0, 0, 0, 1, 0
81316, 1, 0, 0, 0, 1, 0
81317, 1, 0, 0, 0, 1, 0
81318, 2, 0, 0, 0, 2, 0
81319, 1, 0, 0, 0, 1, 0
81320, 2, 0, 0, 0, 2, 0
81321, 2, 0, 0, 0, 2, 0
81322, 1, 0, 0, 0, 1, 0
81323, 1, 0, 0, 0, 1, 0
81325, 1, 0, 0, 0, 1, 0
81326, 1, 0, 0, 0, 1, 0
81327, 1, 0, 0, 0, 1, 0
81328, 1, 0, 0, 0, 1, 0
81329, 4, 0, 0, 0, 4, 0
81330, 1, 0, 0, 0, 1, 0
81331, 2, 0, 0, 0, 2, 0
81332, 0, 1, 1, 0, 0, 0
81333, 1, 0, 0, 0, 1, 0
81334, 1, 0, 0, 0, 1, 0
81335, 1, 0, 0, 0, 1, 0
81336, 1, 0, 0, 0, 1, 0
81337, 1, 0, 0, 0, 1, 0
81338, 2, 0, 0, 0, 2, 0
81339, 0, 1, 1, 0, 0, 0
81340, 2, 1, 1, 0, 2, 0
81341, 0, 1, 1, 0, 0, 0
81342, 2, 0, 0, 0, 2, 0
81343, 1, 0, 0, 0, 1, 0
81344, 1, 0, 0, 0, 1, 0
81347, 4, 0, 0, 0, 3, 1
81348, 0, 1, 1, 0, 0, 0
81349, 0, 1, 1, 0, 0, 0
81350, 1, 0, 0, 0, 1, 0
81351, 1, 0, 0, 0, 1, 0
81352, 1, 0, 0, 0, 1, 0
81353, 1, 0, 0, 0, 1, 0
81354, 1, 0, 0, 0, 1, 0
81355, 1, 0, 0, 0, 1, 0
81356, 1, 0, 0, 0, 1, 0
81357, 3, 0, 0, 0, 3, 0
81358, 0, 1, 1, 0, 0, 0
81359, 0, 1, 1, 0, 0, 0
81360, 1, 0, 0, 0, 1, 0
81361, 1, 0, 0, 0, 1, 0
81362, 1, 0, 0, 0, 1, 0
81363, 1, 0, 0, 0, 1, 0
81365, 1, 0, 0, 0, 1, 0
81366, 1, 0, 0, 0, 1, 0
81368, 1, 0, 0, 0, 1, 0
81369, 1, 0, 0, 0, 1, 0
81370, 1, 0, 0, 0, 1, 0
81371, 1, 0, 0, 0, 1, 0
81372, 2, 0, 0, 0, 2, 0
81373, 0, 1, 1, 0, 0, 0
81374, 1, 0, 0, 0, 1, 0
81375, 1, 0, 0, 0, 1, 0
81376, 1, 0, 0, 0, 1, 0
81377, 2, 0, 0, 0, 2, 0
81378, 1, 1, 1, 0, 0, 1
81379, 1, 0, 0, 0, 1, 0
81380, 1, 0, 0, 0, 1, 0
81383, 1, 0, 0, 0, 1, 0
81384, 2, 0, 0, 0, 1, 1
81385, 1, 0, 0, 0, 1, 0
81386, 1, 0, 0, 0, 1, 0
81387, 1, 0, 0, 0, 1, 0
81388, 2, 0, 0, 0, 2, 0
81389, 1, 0, 0, 0, 1, 0
81390, 1, 0, 0, 0, 1, 0
81391, 1, 0, 0, 0, 1, 0
81392, 1, 0, 0, 0, 1, 0
81393, 2, 0, 0, 0, 1, 1
81394, 1, 0, 0, 0, 1, 0
81395, 1, 0, 0, 0, 1, 0
81396, 2, 1, 1, 0, 2, 0
81397, 1, 1, 1, 0, 1, 0
81398, 2, 0, 0, 0, 1, 1
81399, 1, 0, 0, 0, 1, 0
81400, 2, 0, 0, 0, 1, 1
81401, 1, 0, 0, 0, 1, 0
81402, 1, 0, 0, 0, 1, 0
81403, 1, 0, 0, 0, 1, 0
81404, 1, 0, 0, 0, 1, 0
81405, 1, 0, 0, 0, 1, 0
81407, 1, 0, 0, 0, 1, 0
81408, 1, 0, 0, 0, 1, 0
81409, 1, 0, 0, 0, 1, 0
81410, 4, 0, 0, 0, 4, 0
81411, 0, 1, 1, 0, 0, 0
81412, 0, 1, 1, 0, 0, 0
81413, 0, 1, 1, 0, 0, 0
81414, 1, 0, 0, 0, 1, 0
81415, 1, 0, 0, 0, 1, 0
81417, 1, 0, 0, 0, 1, 0
81418, 1, 0, 0, 0, 1, 0
81419, 1, 0, 0, 0, 1, 0
81420, 1, 0, 0, 0, 1, 0
81422, 2, 0, 0, 0, 1, 1
81423, 1, 0, 0, 0, 1, 0
81424, 1, 0, 0, 0, 1, 0
81425, 1, 0, 0, 0, 1, 0
81426, 1, 0, 0, 0, 1, 0
81427, 1, 0, 0, 0, 1, 0
81428, 2, 0, 0, 0, 2, 0
81429, 0, 1, 1, 0, 0, 0
81430, 1, 0, 0, 0, 1, 0
81431, 1, 0, 0, 0, 1, 0
81432, 2, 0, 0, 0, 2, 0
81433, 0, 1, 1, 0, 0, 0
81434, 1, 0, 0, 0, 1, 0
81435, 1, 0, 0, 0, 1, 0
81436, 1, 0, 0, 0, 1, 0
81437, 1, 0, 0, 0, 1, 0
81438, 1, 0, 0, 0, 1, 0
81442, 1, 0, 0, 0, 1, 0
81443, 1, 0, 0, 0, 1, 0
81444, 1, 0, 0, 0, 1, 0
81445, 1, 0, 0, 0, 1, 0
81446, 1, 0, 0, 0, 1, 0
81447, 1, 0, 0, 0, 1, 0
82094, 1, 1, 1, 0, 1, 0
81451, 1, 0, 0, 0, 1, 0
81453, 1, 0, 0, 0, 1, 0
81454, 1, 0, 0, 0, 1, 0
81456, 1, 0, 0, 0, 1, 0
81457, 1, 0, 0, 0, 1, 0
81458, 2, 0, 0, 0, 2, 0
81459, 0, 1, 1, 0, 0, 0
81460, 1, 0, 0, 0, 1, 0
81461, 1, 0, 0, 0, 1, 0
81462, 1, 0, 0, 0, 1, 0
81464, 2, 0, 0, 0, 2, 0
81465, 0, 1, 1, 0, 0, 0
81466, 1, 0, 0, 0, 1, 0
81467, 2, 0, 0, 0, 2, 0
81468, 0, 1, 1, 0, 0, 0
81469, 1, 0, 0, 0, 1, 0
81471, 1, 0, 0, 0, 1, 0
81472, 1, 0, 0, 0, 1, 0
81473, 1, 0, 0, 0, 1, 0
81474, 1, 0, 0, 0, 1, 0
81475, 1, 0, 0, 0, 1, 0
81476, 1, 0, 0, 0, 1, 0
81477, 1, 0, 0, 0, 1, 0
81478, 1, 0, 0, 0, 1, 0
81479, 2, 0, 0, 0, 2, 0
81480, 0, 1, 1, 0, 0, 0
81481, 1, 0, 0, 0, 1, 0
81482, 2, 0, 0, 0, 2, 0
81483, 2, 0, 0, 0, 1, 1
81484, 1, 0, 0, 0, 1, 0
81485, 1, 0, 0, 0, 1, 0
81486, 1, 0, 0, 0, 1, 0
81487, 2, 0, 0, 0, 2, 0
81488, 1, 0, 0, 0, 1, 0
81489, 1, 0, 0, 0, 1, 0
81490, 1, 0, 0, 0, 1, 0
81491, 1, 0, 0, 0, 1, 0
81492, 1, 0, 0, 0, 1, 0
81493, 1, 0, 0, 0, 1, 0
81494, 1, 0, 0, 0, 1, 0
81495, 1, 0, 0, 0, 1, 0
81496, 1, 0, 0, 0, 1, 0
81497, 3, 0, 0, 0, 1, 2
81498, 1, 0, 0, 0, 1, 0
81499, 2, 0, 0, 0, 2, 0
81500, 0, 1, 1, 0, 0, 0
81501, 3, 0, 0, 0, 3, 0
81502, 0, 2, 2, 0, 0, 0
81503, 1, 0, 0, 0, 1, 0
81504, 1, 0, 0, 0, 1, 0
81505, 1, 0, 0, 0, 1, 0
81506, 1, 0, 0, 0, 1, 0
81507, 1, 0, 0, 0, 1, 0
81508, 1, 0, 0, 0, 1, 0
81509, 1, 0, 0, 0, 1, 0
81510, 1, 0, 0, 0, 1, 0
81511, 1, 0, 0, 0, 1, 0
81512, 2, 0, 0, 0, 2, 0
81513, 0, 1, 1, 0, 0, 0
81514, 1, 0, 0, 0, 1, 0
81515, 1, 0, 0, 0, 1, 0
81517, 1, 0, 0, 0, 1, 0
81518, 1, 0, 0, 0, 1, 0
81519, 1, 0, 0, 0, 1, 0
81520, 1, 0, 0, 0, 1, 0
81521, 2, 0, 0, 0, 2, 0
81522, 0, 1, 1, 0, 0, 0
81523, 1, 0, 0, 0, 1, 0
81524, 1, 0, 0, 0, 1, 0
81525, 1, 0, 0, 0, 1, 0
81526, 1, 0, 0, 0, 1, 0
81527, 1, 0, 0, 0, 1, 0
81528, 1, 0, 0, 0, 1, 0
81529, 1, 0, 0, 0, 1, 0
81530, 1, 0, 0, 0, 1, 0
81531, 1, 0, 0, 0, 1, 0
81532, 1, 0, 0, 0, 1, 0
81533, 3, 1, 1, 0, 3, 0
81535, 1, 0, 0, 0, 1, 0
81536, 1, 0, 0, 0, 1, 0
81537, 2, 0, 0, 0, 2, 0
81538, 0, 1, 1, 0, 0, 0
81539, 3, 0, 0, 0, 3, 0
81540, 0, 1, 1, 0, 0, 0
81541, 0, 1, 1, 0, 0, 0
81542, 1, 0, 0, 0, 1, 0
81543, 2, 0, 0, 0, 2, 0
81544, 1, 1, 1, 0, 1, 0
82114, 0, 1, 1, 0, 0, 0
81545, 1, 0, 0, 0, 1, 0
81546, 1, 0, 0, 0, 1, 0
81547, 1, 0, 0, 0, 1, 0
81548, 2, 0, 0, 0, 1, 1
81551, 1, 0, 0, 0, 1, 0
81552, 1, 0, 0, 0, 1, 0
81553, 1, 0, 0, 0, 1, 0
81554, 1, 1, 1, 0, 1, 0
81555, 1, 0, 0, 0, 1, 0
81558, 1, 0, 0, 0, 1, 0
81559, 1, 0, 0, 0, 1, 0
81560, 2, 0, 0, 0, 1, 1
81561, 1, 0, 0, 0, 1, 0
81562, 1, 0, 0, 0, 1, 0
81563, 1, 0, 0, 0, 1, 0
81564, 1, 0, 0, 0, 1, 0
81565, 1, 0, 0, 0, 1, 0
81566, 1, 0, 0, 0, 1, 0
81567, 2, 0, 0, 0, 2, 0
81568, 0, 1, 1, 0, 0, 0
81569, 1, 0, 0, 0, 1, 0
81570, 1, 0, 0, 0, 1, 0
81571, 1, 0, 0, 0, 1, 0
81572, 1, 0, 0, 0, 1, 0
81574, 1, 0, 0, 0, 1, 0
81575, 1, 0, 0, 0, 1, 0
81578, 2, 0, 0, 0, 2, 0
81579, 0, 1, 1, 0, 0, 0
81581, 1, 0, 0, 0, 1, 0
81582, 1, 0, 0, 0, 1, 0
81583, 2, 0, 0, 0, 2, 0
81584, 0, 2, 2, 0, 0, 0
81585, 2, 0, 0, 0, 2, 0
81586, 0, 1, 1, 0, 0, 0
81587, 1, 0, 0, 0, 1, 0
81588, 3, 0, 0, 0, 2, 1
81589, 0, 1, 1, 0, 0, 0
81590, 2, 1, 1, 0, 2, 0
81591, 1, 1, 1, 0, 1, 0
81592, 1, 0, 0, 0, 1, 0
81593, 1, 0, 0, 0, 1, 0
81594, 1, 0, 0, 0, 1, 0
81595, 1, 0, 0, 0, 1, 0
81596, 1, 0, 0, 0, 1, 0
81597, 1, 0, 0, 0, 1, 0
81598, 1, 0, 0, 0, 1, 0
81599, 1, 0, 0, 0, 1, 0
81600, 1, 0, 0, 0, 1, 0
81601, 1, 0, 0, 0, 1, 0
81602, 1, 0, 0, 0, 1, 0
81603, 1, 0, 0, 0, 1, 0
81604, 1, 0, 0, 0, 1, 0
81605, 1, 0, 0, 0, 1, 0
81606, 2, 0, 0, 0, 2, 0
81607, 0, 1, 1, 0, 0, 0
81608, 1, 0, 0, 0, 1, 0
81609, 1, 0, 0, 0, 1, 0
81610, 1, 0, 0, 0, 1, 0
81611, 5, 0, 0, 0, 5, 0
81612, 0, 2, 2, 0, 0, 0
81613, 0, 2, 2, 0, 0, 0
81614, 1, 1, 1, 0, 1, 0
81615, 1, 1, 1, 0, 1, 0
81616, 3, 0, 0, 0, 3, 0
81617, 0, 1, 1, 0, 0, 0
81618, 0, 1, 1, 0, 0, 0
81619, 1, 0, 0, 0, 1, 0
81620, 1, 0, 0, 0, 1, 0
81622, 1, 0, 0, 0, 1, 0
82123, 0, 1, 1, 0, 0, 0
81624, 1, 1, 1, 0, 1, 0
81625, 1, 0, 0, 0, 1, 0
81626, 1, 0, 0, 0, 1, 0
81627, 1, 0, 0, 0, 1, 0
81628, 1, 0, 0, 0, 1, 0
81629, 1, 0, 0, 0, 1, 0
81630, 1, 0, 0, 0, 1, 0
81631, 1, 0, 0, 0, 1, 0
81632, 1, 0, 0, 0, 1, 0
81633, 3, 0, 0, 0, 1, 2
81634, 0, 1, 0, 1, 0, 0
81635, 1, 0, 0, 0, 1, 0
81636, 1, 0, 0, 0, 1, 0
81637, 2, 0, 0, 0, 1, 1
81638, 0, 1, 0, 1, 0, 0
81639, 2, 0, 0, 0, 2, 0
81640, 0, 1, 1, 0, 0, 0
81644, 1, 0, 0, 0, 1, 0
81645, 1, 0, 0, 0, 1, 0
81646, 1, 0, 0, 0, 1, 0
81647, 1, 0, 0, 0, 1, 0
81648, 1, 0, 0, 0, 1, 0
81649, 1, 0, 0, 0, 1, 0
81650, 3, 0, 0, 0, 3, 0
81651, 0, 1, 1, 0, 0, 0
81652, 0, 2, 2, 0, 0, 0
81653, 3, 0, 0, 0, 3, 0
81654, 0, 1, 1, 0, 0, 0
81655, 1, 0, 0, 0, 1, 0
81656, 1, 0, 0, 0, 1, 0
81657, 1, 0, 0, 0, 1, 0
81658, 1, 0, 0, 0, 1, 0
81659, 1, 0, 0, 0, 1, 0
81660, 1, 0, 0, 0, 1, 0
81661, 1, 0, 0, 0, 1, 0
81662, 2, 0, 0, 0, 2, 0
81663, 0, 1, 1, 0, 0, 0
81664, 1, 0, 0, 0, 1, 0
81665, 1, 0, 0, 0, 1, 0
81666, 1, 0, 0, 0, 1, 0
81667, 1, 0, 0, 0, 1, 0
81668, 1, 0, 0, 0, 1, 0
81669, 2, 0, 0, 0, 2, 0
81670, 0, 1, 1, 0, 0, 0
81671, 1, 0, 0, 0, 1, 0
81672, 2, 0, 0, 0, 2, 0
81673, 0, 1, 1, 0, 0, 0
81674, 1, 0, 0, 0, 1, 0
81675, 1, 0, 0, 0, 1, 0
81676, 1, 0, 0, 0, 1, 0
81677, 1, 0, 0, 0, 1, 0
81678, 1, 0, 0, 0, 1, 0
81679, 2, 0, 0, 0, 2, 0
81680, 0, 1, 1, 0, 0, 0
81683, 1, 0, 0, 0, 1, 0
81684, 1, 0, 0, 0, 1, 0
81685, 1, 0, 0, 0, 1, 0
81686, 1, 0, 0, 0, 1, 0
81687, 1, 0, 0, 0, 1, 0
81688, 1, 0, 0, 0, 1, 0
81689, 1, 0, 0, 0, 1, 0
81690, 4, 1, 1, 0, 2, 2
81691, 1, 1, 1, 0, 1, 0
81692, 0, 1, 0, 1, 0, 0
81693, 1, 0, 0, 0, 1, 0
81694, 1, 0, 0, 0, 1, 0
81695, 3, 0, 0, 0, 3, 0
81696, 0, 1, 1, 0, 0, 0
81697, 0, 1, 1, 0, 0, 0
81706, 1, 0, 0, 0, 1, 0
81707, 1, 0, 0, 0, 1, 0
81708, 1, 0, 0, 0, 1, 0
81709, 2, 0, 0, 0, 1, 1
81710, 1, 0, 0, 0, 1, 0
81711, 1, 0, 0, 0, 1, 0
81712, 1, 0, 0, 0, 1, 0
81713, 1, 0, 0, 0, 1, 0
81714, 1, 0, 0, 0, 1, 0
81717, 2, 0, 0, 0, 2, 0
81718, 0, 1, 1, 0, 0, 0
81719, 1, 0, 0, 0, 1, 0
81720, 1, 0, 0, 0, 1, 0
81721, 1, 0, 0, 0, 1, 0
81722, 2, 0, 0, 0, 2, 0
81723, 1, 0, 0, 0, 1, 0
81724, 1, 0, 0, 0, 1, 0
81725, 1, 0, 0, 0, 1, 0
81727, 1, 0, 0, 0, 1, 0
81729, 1, 0, 0, 0, 1, 0
81730, 1, 0, 0, 0, 1, 0
81732, 1, 0, 0, 0, 1, 0
81733, 2, 0, 0, 0, 1, 1
81734, 1, 0, 0, 0, 1, 0
81735, 1, 0, 0, 0, 1, 0
81736, 1, 0, 0, 0, 1, 0
81737, 1, 0, 0, 0, 1, 0
81738, 2, 0, 0, 0, 2, 0
81739, 2, 0, 0, 0, 2, 0
81740, 1, 0, 0, 0, 1, 0
81741, 1, 0, 0, 0, 1, 0
81743, 2, 0, 0, 0, 2, 0
81744, 1, 0, 0, 0, 1, 0
81746, 1, 0, 0, 0, 1, 0
81747, 1, 0, 0, 0, 1, 0
81748, 1, 0, 0, 0, 1, 0
81749, 1, 0, 0, 0, 1, 0
81750, 2, 0, 0, 0, 2, 0
81751, 0, 1, 1, 0, 0, 0
81752, 1, 0, 0, 0, 1, 0
81753, 1, 0, 0, 0, 1, 0
81754, 1, 0, 0, 0, 1, 0
81755, 1, 0, 0, 0, 1, 0
81756, 1, 0, 0, 0, 1, 0
81757, 1, 0, 0, 0, 1, 0
81758, 3, 0, 0, 0, 1, 2
81759, 2, 0, 0, 0, 2, 0
81760, 0, 1, 1, 0, 0, 0
81761, 1, 0, 0, 0, 1, 0
81763, 1, 0, 0, 0, 1, 0
81764, 1, 0, 0, 0, 1, 0
81765, 1, 0, 0, 0, 1, 0
81766, 1, 0, 0, 0, 1, 0
81767, 1, 0, 0, 0, 1, 0
81768, 1, 0, 0, 0, 1, 0
81769, 1, 0, 0, 0, 1, 0
81770, 1, 0, 0, 0, 1, 0
81771, 2, 0, 0, 0, 1, 1
81774, 1, 0, 0, 0, 1, 0
81775, 4, 1, 1, 0, 2, 2
81776, 2, 1, 1, 0, 2, 0
82127, 0, 1, 1, 0, 0, 0
81777, 2, 0, 0, 0, 2, 0
81779, 1, 0, 0, 0, 1, 0
81780, 1, 0, 0, 0, 1, 0
81781, 3, 0, 0, 0, 1, 2
81783, 2, 0, 0, 0, 1, 1
81784, 1, 0, 0, 0, 1, 0
81785, 1, 0, 0, 0, 1, 0
81788, 1, 0, 0, 0, 1, 0
81789, 2, 0, 0, 0, 2, 0
81790, 1, 0, 0, 0, 1, 0
81791, 1, 0, 0, 0, 1, 0
81792, 1, 0, 0, 0, 1, 0
81793, 1, 0, 0, 0, 1, 0
81794, 1, 0, 0, 0, 1, 0
81795, 1, 0, 0, 0, 1, 0
81796, 1, 0, 0, 0, 1, 0
81797, 3, 0, 0, 0, 3, 0
81798, 0, 1, 1, 0, 0, 0
81799, 1, 0, 0, 0, 1, 0
81801, 1, 0, 0, 0, 1, 0
81802, 1, 0, 0, 0, 1, 0
81803, 3, 0, 0, 0, 1, 2
81804, 1, 0, 0, 0, 1, 0
81808, 1, 0, 0, 0, 1, 0
81809, 1, 0, 0, 0, 1, 0
81810, 1, 0, 0, 0, 1, 0
81811, 1, 0, 0, 0, 1, 0
81813, 3, 0, 0, 0, 3, 0
81814, 0, 1, 1, 0, 0, 0
81815, 1, 0, 0, 0, 1, 0
81816, 1, 0, 0, 0, 1, 0
81817, 2, 0, 0, 0, 2, 0
81818, 0, 1, 1, 0, 0, 0
81819, 1, 0, 0, 0, 1, 0
81820, 1, 0, 0, 0, 1, 0
81821, 1, 0, 0, 0, 1, 0
81822, 1, 0, 0, 0, 1, 0
81823, 1, 0, 0, 0, 1, 0
81825, 1, 0, 0, 0, 1, 0
81827, 2, 0, 0, 0, 2, 0
81828, 1, 0, 0, 0, 1, 0
81829, 1, 0, 0, 0, 1, 0
81830, 1, 0, 0, 0, 1, 0
81831, 1, 0, 0, 0, 1, 0
81832, 1, 0, 0, 0, 1, 0
81833, 2, 0, 0, 0, 1, 1
81834, 1, 0, 0, 0, 1, 0
81835, 1, 0, 0, 0, 1, 0
81836, 1, 0, 0, 0, 1, 0
81837, 1, 0, 0, 0, 1, 0
81838, 2, 0, 0, 0, 2, 0
81839, 0, 1, 1, 0, 0, 0
81841, 1, 0, 0, 0, 1, 0
81842, 3, 0, 0, 0, 1, 2
81843, 1, 0, 0, 0, 1, 0
81844, 1, 0, 0, 0, 1, 0
81845, 1, 0, 0, 0, 1, 0
81846, 1, 0, 0, 0, 1, 0
81847, 2, 0, 0, 0, 2, 0
81848, 1, 0, 0, 0, 1, 0
81849, 1, 0, 0, 0, 1, 0
81850, 1, 0, 0, 0, 1, 0
81851, 1, 0, 0, 0, 1, 0
81852, 1, 0, 0, 0, 1, 0
81853, 2, 0, 0, 0, 2, 0
81854, 1, 0, 0, 0, 1, 0
81855, 1, 0, 0, 0, 1, 0
81857, 3, 0, 0, 0, 2, 1
81858, 0, 1, 1, 0, 0, 0
81859, 1, 0, 0, 0, 1, 0
81861, 1, 0, 0, 0, 1, 0
81862, 2, 0, 0, 0, 2, 0
81863, 0, 1, 1, 0, 0, 0
81865, 1, 0, 0, 0, 1, 0
81866, 1, 0, 0, 0, 1, 0
81868, 2, 0, 0, 0, 2, 0
81869, 0, 1, 1, 0, 0, 0
81870, 1, 0, 0, 0, 1, 0
81871, 1, 0, 0, 0, 1, 0
81872, 2, 0, 0, 0, 2, 0
81873, 0, 1, 1, 0, 0, 0
81874, 1, 0, 0, 0, 1, 0
81875, 2, 0, 0, 0, 2, 0
81876, 2, 0, 0, 0, 2, 0
81877, 1, 1, 1, 0, 0, 1
81878, 12, 0, 0, 0, 1, 11
81879, 0, 1, 0, 1, 0, 0
81880, 1, 0, 0, 0, 1, 0
81881, 1, 0, 0, 0, 1, 0
81882, 1, 0, 0, 0, 1, 0
81883, 1, 0, 0, 0, 1, 0
81884, 1, 0, 0, 0, 1, 0
81885, 2, 1, 1, 0, 2, 0
81886, 1, 1, 1, 0, 1, 0
81887, 1, 0, 0, 0, 1, 0
81888, 1, 0, 0, 0, 1, 0
81889, 1, 0, 0, 0, 1, 0
81890, 1, 0, 0, 0, 1, 0
81893, 1, 0, 0, 0, 1, 0
81895, 1, 0, 0, 0, 1, 0
81896, 1, 0, 0, 0, 1, 0
81897, 1, 0, 0, 0, 1, 0
81899, 1, 0, 0, 0, 1, 0
81900, 1, 0, 0, 0, 1, 0
81901, 1, 0, 0, 0, 1, 0
81902, 1, 0, 0, 0, 1, 0
81903, 2, 0, 0, 0, 2, 0
81904, 0, 1, 1, 0, 0, 0
81905, 1, 0, 0, 0, 1, 0
81906, 1, 0, 0, 0, 1, 0
81907, 5, 0, 0, 0, 5, 0
81908, 0, 1, 1, 0, 0, 0
81909, 0, 1, 1, 0, 0, 0
81910, 0, 1, 1, 0, 0, 0
81911, 0, 1, 1, 0, 0, 0
81912, 2, 0, 0, 0, 2, 0
81913, 0, 1, 1, 0, 0, 0
81914, 1, 0, 0, 0, 1, 0
81915, 1, 0, 0, 0, 1, 0
81916, 1, 0, 0, 0, 1, 0
81918, 1, 0, 0, 0, 1, 0
81919, 1, 0, 0, 0, 1, 0
81920, 1, 0, 0, 0, 1, 0
81921, 1, 0, 0, 0, 1, 0
81923, 1, 0, 0, 0, 1, 0
81924, 1, 0, 0, 0, 1, 0
81925, 1, 0, 0, 0, 1, 0
81927, 2, 0, 0, 0, 1, 1
81928, 1, 0, 0, 0, 1, 0
81929, 3, 0, 0, 0, 3, 0
81930, 0, 1, 1, 0, 0, 0
81931, 0, 1, 1, 0, 0, 0
81932, 2, 0, 0, 0, 2, 0
81933, 0, 1, 1, 0, 0, 0
81934, 1, 0, 0, 0, 1, 0
81935, 4, 0, 0, 0, 1, 3
81937, 1, 0, 0, 0, 1, 0
81939, 1, 0, 0, 0, 1, 0
81941, 1, 0, 0, 0, 1, 0
81942, 1, 0, 0, 0, 1, 0
81944, 2, 0, 0, 0, 2, 0
81945, 0, 1, 1, 0, 0, 0
81946, 1, 0, 0, 0, 1, 0
81948, 1, 0, 0, 0, 1, 0
81949, 1, 0, 0, 0, 1, 0
81950, 1, 0, 0, 0, 1, 0
81951, 1, 0, 0, 0, 1, 0
81952, 1, 0, 0, 0, 1, 0
81953, 1, 0, 0, 0, 1, 0
81954, 1, 0, 0, 0, 1, 0
81955, 2, 0, 0, 0, 2, 0
81956, 0, 1, 1, 0, 0, 0
81957, 1, 0, 0, 0, 1, 0
81958, 1, 0, 0, 0, 1, 0
81959, 2, 0, 0, 0, 2, 0
81960, 0, 1, 1, 0, 0, 0
81961, 1, 0, 0, 0, 1, 0
81962, 1, 0, 0, 0, 1, 0
81963, 2, 0, 0, 0, 2, 0
81964, 0, 1, 1, 0, 0, 0
81965, 2, 0, 0, 0, 2, 0
81966, 0, 1, 1, 0, 0, 0
81967, 2, 0, 0, 0, 2, 0
81968, 2, 0, 0, 0, 1, 1
81969, 1, 0, 0, 0, 1, 0
81970, 1, 0, 0, 0, 1, 0
81971, 1, 0, 0, 0, 1, 0
82136, 0, 2, 2, 0, 0, 0
81975, 1, 0, 0, 0, 1, 0
81976, 1, 0, 0, 0, 1, 0
81977, 1, 0, 0, 0, 1, 0
81978, 1, 0, 0, 0, 1, 0
81979, 1, 0, 0, 0, 1, 0
81980, 1, 0, 0, 0, 1, 0
81981, 1, 0, 0, 0, 1, 0
81983, 2, 0, 0, 0, 1, 1
81984, 1, 0, 0, 0, 1, 0
81985, 1, 0, 0, 0, 1, 0
81986, 1, 0, 0, 0, 1, 0
81987, 1, 0, 0, 0, 1, 0
81988, 1, 0, 0, 0, 1, 0
81989, 1, 0, 0, 0, 1, 0
81990, 2, 0, 0, 0, 2, 0
81991, 1, 0, 0, 0, 1, 0
81992, 1, 0, 0, 0, 1, 0
81993, 4, 0, 0, 0, 4, 0
81994, 1, 0, 0, 0, 1, 0
81995, 1, 0, 0, 0, 1, 0
81996, 1, 0, 0, 0, 1, 0
81997, 1, 0, 0, 0, 1, 0
81998, 1, 0, 0, 0, 1, 0
81999, 2, 0, 0, 0, 1, 1
82001, 1, 0, 0, 0, 1, 0
82002, 1, 0, 0, 0, 1, 0
82003, 1, 0, 0, 0, 1, 0
82004, 1, 0, 0, 0, 1, 0
82006, 1, 0, 0, 0, 1, 0
82007, 1, 0, 0, 0, 1, 0
82008, 1, 0, 0, 0, 1, 0
82009, 2, 0, 0, 0, 2, 0
82010, 2, 0, 0, 0, 2, 0
82011, 1, 0, 0, 0, 1, 0
82012, 1, 0, 0, 0, 1, 0
82013, 1, 0, 0, 0, 1, 0
82014, 1, 0, 0, 0, 1, 0
82015, 1, 0, 0, 0, 1, 0
82016, 1, 0, 0, 0, 1, 0
82017, 2, 0, 0, 0, 2, 0
82018, 1, 0, 0, 0, 1, 0
82019, 2, 0, 0, 0, 2, 0
82020, 0, 1, 1, 0, 0, 0
82021, 1, 0, 0, 0, 1, 0
82022, 1, 0, 0, 0, 1, 0
82023, 1, 0, 0, 0, 1, 0
82024, 1, 0, 0, 0, 1, 0
82025, 1, 0, 0, 0, 1, 0
82026, 1, 0, 0, 0, 1, 0
82027, 1, 0, 0, 0, 1, 0
82028, 1, 0, 0, 0, 1, 0
82029, 1, 0, 0, 0, 1, 0
82030, 1, 0, 0, 0, 1, 0
82031, 1, 0, 0, 0, 1, 0
82032, 1, 0, 0, 0, 1, 0
82033, 2, 0, 0, 0, 2, 0
82034, 1, 0, 0, 0, 1, 0
82035, 2, 0, 0, 0, 2, 0
82036, 0, 1, 1, 0, 0, 0
82037, 1, 0, 0, 0, 1, 0
82038, 3, 0, 0, 0, 1, 2
82039, 1, 0, 0, 0, 1, 0
82040, 1, 0, 0, 0, 1, 0
82041, 2, 0, 0, 0, 2, 0
82042, 1, 0, 0, 0, 1, 0
82043, 2, 1, 1, 0, 2, 0
82044, 1, 1, 1, 0, 1, 0
82045, 1, 0, 0, 0, 1, 0
82046, 2, 0, 0, 0, 2, 0
82047, 0, 1, 1, 0, 0, 0
82048, 1, 0, 0, 0, 1, 0
82049, 1, 0, 0, 0, 1, 0
82050, 2, 0, 0, 0, 1, 1
82051, 2, 0, 0, 0, 2, 0
82052, 1, 0, 0, 0, 1, 0
82053, 1, 0, 0, 0, 1, 0
82054, 1, 0, 0, 0, 1, 0
82055, 1, 0, 0, 0, 1, 0
82056, 1, 0, 0, 0, 1, 0
82057, 1, 0, 0, 0, 1, 0
82058, 1, 0, 0, 0, 1, 0
82059, 1, 0, 0, 0, 1, 0
82061, 1, 0, 0, 0, 1, 0
82062, 2, 0, 0, 0, 2, 0
82063, 1, 0, 0, 0, 1, 0
82064, 1, 0, 0, 0, 1, 0
82065, 1, 0, 0, 0, 1, 0
82066, 1, 0, 0, 0, 1, 0
82067, 1, 0, 0, 0, 1, 0
82068, 2, 1, 1, 0, 2, 0
82069, 1, 1, 1, 0, 1, 0
82071, 2, 0, 0, 0, 1, 1
82072, 1, 0, 0, 0, 1, 0
82073, 2, 0, 0, 0, 2, 0
82074, 0, 1, 1, 0, 0, 0
82075, 2, 0, 0, 0, 2, 0
82076, 5, 0, 0, 0, 1, 4
82077, 1, 0, 0, 0, 1, 0
82078, 2, 0, 0, 0, 2, 0
82080, 2, 0, 0, 0, 2, 0
82081, 0, 1, 1, 0, 0, 0
82082, 1, 0, 0, 0, 1, 0
82083, 1, 0, 0, 0, 1, 0
82084, 1, 0, 0, 0, 1, 0
82085, 3, 1, 1, 0, 3, 0
82086, 1, 1, 1, 0, 1, 0
82087, 0, 1, 1, 0, 0, 0
82088, 1, 0, 0, 0, 1, 0
82089, 1, 0, 0, 0, 1, 0
82090, 1, 0, 0, 0, 1, 0
82091, 1, 0, 0, 0, 1, 0
82092, 1, 0, 0, 0, 1, 0
82093, 1, 0, 0, 0, 1, 0
82095, 3, 1, 1, 0, 3, 0
82096, 0, 1, 1, 0, 0, 0
82097, 1, 1, 1, 0, 1, 0
82098, 1, 0, 0, 0, 1, 0
82099, 2, 0, 0, 0, 2, 0
82100, 0, 1, 1, 0, 0, 0
82101, 1, 0, 0, 0, 1, 0
82102, 4, 0, 0, 0, 4, 0
82103, 0, 1, 1, 0, 0, 0
82104, 0, 1, 1, 0, 0, 0
82105, 0, 1, 1, 0, 0, 0
82106, 1, 0, 0, 0, 1, 0
82107, 2, 0, 0, 0, 2, 0
82108, 0, 1, 1, 0, 0, 0
82109, 1, 0, 0, 0, 1, 0
82110, 7, 0, 0, 0, 1, 6
82111, 0, 1, 0, 1, 0, 0
82112, 1, 0, 0, 0, 1, 0
82113, 1, 0, 0, 0, 1, 0
82115, 1, 0, 0, 0, 1, 0
82116, 1, 0, 0, 0, 1, 0
82117, 1, 0, 0, 0, 1, 0
82118, 1, 0, 0, 0, 1, 0
82119, 3, 0, 0, 0, 3, 0
82120, 0, 1, 1, 0, 0, 0
82121, 0, 1, 1, 0, 0, 0
82122, 1, 0, 0, 0, 1, 0
82124, 1, 0, 0, 0, 1, 0
82125, 1, 0, 0, 0, 1, 0
82126, 2, 0, 0, 0, 2, 0
82128, 1, 0, 0, 0, 1, 0
82129, 1, 1, 1, 0, 1, 0
82130, 1, 0, 0, 0, 1, 0
82131, 1, 0, 0, 0, 1, 0
82132, 1, 0, 0, 0, 1, 0
82133, 1, 0, 0, 0, 1, 0
82134, 1, 0, 0, 0, 1, 0
82135, 1, 0, 0, 0, 1, 0
82137, 1, 0, 0, 0, 1, 0
82138, 1, 0, 0, 0, 1, 0
82139, 1, 0, 0, 0, 1, 0
82140, 1, 0, 0, 0, 1, 0
82141, 2, 0, 0, 0, 2, 0
82142, 0, 1, 1, 0, 0, 0
82143, 2, 0, 0, 0, 2, 0
