node_id, total_out, total_in, pos_in, neg_in, pos_out,neg_out
0, 1, 0, 0, 0, 0, 1
1, 1, 2, 1, 1, 0, 1
128552, 0, 1, 0, 1, 0, 0
2, 1, 1, 1, 0, 1, 0
3, 0, 4, 4, 0, 0, 0
4, 14, 1, 1, 0, 9, 5
5, 989, 1356, 1222, 134, 498, 491
155, 472, 440, 388, 52, 410, 62
558, 17, 400, 322, 78, 17, 0
1509, 174, 265, 190, 75, 58, 116
2282, 285, 726, 707, 19, 154, 131
2984, 53, 146, 127, 19, 29, 24
7263, 8, 6, 5, 1, 8, 0
10876, 51, 80, 65, 15, 51, 0
48703, 21, 16, 13, 3, 21, 0
51253, 13, 5, 5, 0, 13, 0
87217, 12, 33, 33, 0, 11, 1
98617, 0, 2, 2, 0, 0, 0
100981, 2, 2, 2, 0, 1, 1
101858, 0, 1, 1, 0, 0, 0
8, 0, 47, 1, 46, 0, 0
20, 970, 841, 789, 52, 967, 3
50, 134, 216, 210, 6, 127, 7
52, 254, 397, 349, 48, 127, 127
183, 23, 85, 80, 5, 12, 11
197, 82, 249, 241, 8, 81, 1
245, 103, 188, 184, 4, 76, 27
264, 56, 347, 30, 317, 55, 1
302, 79, 125, 120, 5, 75, 4
311, 196, 333, 323, 10, 70, 126
317, 224, 465, 444, 21, 212, 12
350, 85, 150, 145, 5, 76, 9
361, 93, 292, 282, 10, 57, 36
410, 534, 712, 543, 169, 52, 482
430, 273, 626, 559, 67, 60, 213
450, 476, 1289, 1246, 43, 426, 50
453, 391, 658, 631, 27, 173, 218
481, 97, 304, 278, 26, 90, 7
532, 149, 593, 484, 109, 71, 78
544, 267, 386, 363, 23, 189, 78
655, 1236, 814, 701, 113, 43, 1193
671, 401, 474, 444, 30, 337, 64
691, 409, 499, 481, 18, 123, 286
727, 172, 263, 259, 4, 76, 96
731, 105, 175, 172, 3, 95, 10
744, 102, 652, 580, 72, 6, 96
819, 57, 257, 244, 13, 45, 12
851, 524, 1176, 1139, 37, 451, 73
855, 475, 847, 786, 61, 224, 251
865, 204, 605, 172, 433, 145, 59
904, 294, 425, 416, 9, 281, 13
913, 220, 725, 704, 21, 138, 82
931, 234, 684, 664, 20, 157, 77
966, 1508, 723, 651, 72, 291, 1217
974, 179, 174, 169, 5, 145, 34
999, 38, 60, 56, 4, 37, 1
1003, 413, 648, 590, 58, 82, 331
1005, 0, 113, 2, 111, 0, 0
1017, 203, 339, 310, 29, 125, 78
1037, 391, 540, 517, 23, 381, 10
1090, 109, 291, 278, 13, 30, 79
1118, 1171, 484, 348, 136, 34, 1137
1119, 98, 456, 251, 205, 98, 0
1229, 96, 127, 118, 9, 96, 0
1262, 117, 188, 97, 91, 69, 48
1268, 46, 60, 34, 26, 37, 9
1269, 182, 204, 180, 24, 182, 0
1278, 229, 295, 277, 18, 224, 5
1287, 517, 867, 842, 25, 517, 0
1289, 149, 388, 381, 7, 146, 3
1296, 284, 479, 458, 21, 224, 60
1304, 161, 84, 81, 3, 147, 14
1305, 134, 176, 165, 11, 106, 28
1306, 513, 278, 266, 12, 183, 330
1321, 419, 868, 846, 22, 363, 56
1327, 222, 292, 280, 12, 174, 48
1328, 231, 708, 701, 7, 221, 10
1331, 94, 76, 69, 7, 69, 25
1334, 359, 1067, 1040, 27, 125, 234
1336, 150, 195, 182, 13, 135, 15
1352, 567, 1297, 1190, 107, 476, 91
1438, 404, 394, 372, 22, 371, 33
1441, 274, 392, 374, 18, 240, 34
1444, 452, 302, 300, 2, 219, 233
1450, 81, 140, 125, 15, 81, 0
1456, 251, 289, 270, 19, 244, 7
1463, 150, 140, 139, 1, 150, 0
1466, 282, 255, 238, 17, 181, 101
1469, 109, 196, 188, 8, 108, 1
1478, 210, 162, 161, 1, 186, 24
1480, 662, 893, 835, 58, 585, 77
1485, 258, 294, 280, 14, 249, 9
1486, 184, 278, 255, 23, 130, 54
1487, 249, 263, 245, 18, 248, 1
1488, 253, 567, 547, 20, 185, 68
1491, 217, 99, 69, 30, 2, 215
1492, 224, 613, 601, 12, 193, 31
1493, 217, 413, 377, 36, 172, 45
1495, 201, 476, 469, 7, 181, 20
1502, 222, 748, 727, 21, 209, 13
1506, 65, 68, 62, 6, 64, 1
1511, 116, 282, 226, 56, 116, 0
1512, 539, 198, 172, 26, 110, 429
1541, 94, 244, 232, 12, 75, 19
1578, 165, 272, 201, 71, 145, 20
1605, 423, 546, 522, 24, 419, 4
1611, 113, 107, 85, 22, 107, 6
1622, 229, 76, 56, 20, 192, 37
1638, 14, 13, 13, 0, 14, 0
1652, 1736, 629, 518, 111, 174, 1562
1682, 1224, 925, 747, 178, 104, 1120
1687, 381, 297, 273, 24, 304, 77
1707, 148, 129, 126, 3, 138, 10
1713, 17, 237, 157, 80, 15, 2
1741, 42, 66, 33, 33, 24, 18
1750, 35, 81, 69, 12, 25, 10
1818, 71, 80, 57, 23, 71, 0
1819, 99, 351, 311, 40, 99, 0
1829, 53, 134, 115, 19, 27, 26
1831, 201, 269, 201, 68, 185, 16
1834, 2, 41, 23, 18, 2, 0
1853, 0, 114, 8, 106, 0, 0
1864, 83, 142, 137, 5, 57, 26
1865, 171, 617, 602, 15, 145, 26
1867, 52, 326, 309, 17, 46, 6
1869, 131, 274, 271, 3, 57, 74
1882, 323, 512, 445, 67, 107, 216
1894, 549, 490, 353, 137, 21, 528
1937, 137, 343, 332, 11, 137, 0
1953, 59, 97, 91, 6, 53, 6
1970, 335, 579, 566, 13, 318, 17
2040, 227, 371, 365, 6, 171, 56
2116, 107, 639, 563, 76, 105, 2
2133, 146, 210, 191, 19, 116, 30
2183, 803, 476, 343, 133, 96, 707
2193, 166, 176, 167, 9, 134, 32
2197, 79, 101, 99, 2, 79, 0
2243, 250, 160, 121, 39, 250, 0
2261, 18, 254, 247, 7, 6, 12
2268, 134, 235, 234, 1, 133, 1
2271, 175, 402, 396, 6, 175, 0
2278, 26, 56, 46, 10, 25, 1
2286, 204, 353, 330, 23, 107, 97
2287, 198, 458, 439, 19, 172, 26
2293, 130, 1492, 1464, 28, 109, 21
2339, 241, 333, 309, 24, 213, 28
2347, 65, 55, 50, 5, 63, 2
2355, 283, 221, 213, 8, 214, 69
2358, 545, 143, 136, 7, 545, 0
2363, 163, 1073, 1027, 46, 110, 53
2475, 3, 543, 3, 540, 1, 2
2486, 285, 186, 180, 6, 139, 146
2505, 351, 390, 359, 31, 98, 253
2547, 12, 29, 24, 5, 11, 1
2550, 257, 291, 270, 21, 257, 0
2557, 354, 393, 371, 22, 201, 153
2579, 137, 534, 516, 18, 82, 55
2657, 94, 116, 112, 4, 78, 16
2677, 171, 518, 507, 11, 119, 52
2719, 64, 38, 35, 3, 58, 6
2723, 0, 26, 14, 12, 0, 0
2738, 281, 605, 592, 13, 261, 20
2755, 157, 58, 32, 26, 157, 0
2772, 52, 51, 49, 2, 32, 20
2776, 1, 18, 2, 16, 1, 0
2842, 404, 516, 507, 9, 125, 279
2850, 77, 47, 46, 1, 75, 2
2947, 136, 204, 193, 11, 105, 31
2971, 36, 75, 71, 4, 33, 3
2995, 50, 21, 16, 5, 47, 3
3103, 82, 138, 128, 10, 81, 1
3133, 222, 435, 425, 10, 213, 9
3137, 142, 361, 357, 4, 95, 47
3141, 135, 383, 369, 14, 135, 0
3142, 114, 119, 113, 6, 64, 50
3144, 269, 526, 473, 53, 127, 142
3167, 137, 155, 144, 11, 133, 4
3168, 131, 468, 461, 7, 119, 12
3171, 101, 503, 488, 15, 62, 39
3172, 46, 134, 90, 44, 46, 0
3177, 582, 337, 277, 60, 177, 405
3194, 130, 221, 217, 4, 66, 64
3201, 119, 319, 314, 5, 65, 54
3205, 82, 601, 564, 37, 35, 47
3210, 154, 313, 306, 7, 135, 19
3211, 225, 196, 179, 17, 56, 169
3216, 81, 84, 83, 1, 81, 0
3230, 141, 159, 149, 10, 93, 48
3244, 360, 383, 374, 9, 327, 33
3249, 789, 482, 438, 44, 176, 613
3277, 246, 286, 276, 10, 141, 105
3325, 67, 60, 57, 3, 58, 9
3338, 180, 349, 336, 13, 117, 63
3339, 97, 236, 229, 7, 84, 13
3343, 238, 666, 640, 26, 236, 2
3358, 392, 434, 418, 16, 342, 50
3372, 126, 66, 66, 0, 120, 6
3396, 33, 43, 40, 3, 32, 1
3438, 166, 394, 366, 28, 62, 104
3615, 265, 265, 262, 3, 150, 115
3619, 304, 226, 204, 22, 195, 109
3723, 178, 523, 504, 19, 150, 28
3751, 132, 94, 92, 2, 65, 67
3760, 119, 124, 119, 5, 89, 30
3762, 53, 214, 210, 4, 37, 16
3763, 135, 239, 236, 3, 116, 19
3798, 38, 31, 10, 21, 33, 5
3802, 224, 213, 205, 8, 181, 43
3835, 23, 63, 60, 3, 19, 4
3838, 40, 84, 47, 37, 34, 6
3845, 372, 248, 242, 6, 161, 211
3847, 397, 465, 451, 14, 320, 77
3876, 89, 69, 64, 5, 81, 8
3879, 324, 411, 399, 12, 306, 18
3890, 306, 1077, 989, 88, 185, 121
3903, 206, 284, 278, 6, 87, 119
3904, 87, 129, 120, 9, 80, 7
3905, 238, 274, 266, 8, 106, 132
3923, 96, 44, 44, 0, 95, 1
4080, 240, 451, 396, 55, 190, 50
4167, 146, 503, 481, 22, 145, 1
4173, 91, 111, 90, 21, 85, 6
4192, 59, 93, 90, 3, 57, 2
4232, 142, 155, 151, 4, 139, 3
4234, 109, 103, 100, 3, 85, 24
4308, 203, 318, 296, 22, 80, 123
4313, 234, 273, 266, 7, 150, 84
4360, 198, 391, 378, 13, 184, 14
4436, 10, 11, 9, 2, 8, 2
4446, 4, 7, 6, 1, 4, 0
4489, 220, 430, 411, 19, 213, 7
4494, 229, 287, 268, 19, 104, 125
4528, 61, 186, 174, 12, 40, 21
4542, 236, 593, 583, 10, 235, 1
4550, 253, 49, 47, 2, 95, 158
4561, 218, 44, 41, 3, 213, 5
4590, 36, 51, 27, 24, 36, 0
4599, 68, 61, 57, 4, 68, 0
4640, 134, 138, 133, 5, 86, 48
4689, 48, 293, 281, 12, 48, 0
4726, 86, 63, 61, 2, 80, 6
4774, 45, 52, 46, 6, 43, 2
4820, 49, 54, 48, 6, 38, 11
4874, 95, 89, 81, 8, 71, 24
4887, 14, 21, 15, 6, 14, 0
4900, 54, 164, 160, 4, 42, 12
4948, 412, 602, 551, 51, 333, 79
4959, 195, 332, 321, 11, 186, 9
4994, 15, 6, 3, 3, 9, 6
5003, 279, 186, 181, 5, 196, 83
5033, 99, 189, 186, 3, 98, 1
5054, 180, 187, 180, 7, 180, 0
5071, 113, 95, 88, 7, 113, 0
5157, 6, 15, 5, 10, 6, 0
5291, 101, 208, 199, 9, 83, 18
5373, 61, 46, 46, 0, 58, 3
5396, 36, 55, 52, 3, 35, 1
5496, 175, 260, 243, 17, 71, 104
5507, 165, 171, 166, 5, 157, 8
5564, 82, 118, 115, 3, 75, 7
5578, 2, 8, 1, 7, 2, 0
5603, 10, 15, 9, 6, 7, 3
5626, 6, 7, 6, 1, 5, 1
5641, 345, 104, 78, 26, 62, 283
5727, 56, 69, 59, 10, 54, 2
5729, 0, 22, 10, 12, 0, 0
5761, 33, 35, 28, 7, 23, 10
5768, 16, 81, 78, 3, 14, 2
5773, 202, 391, 353, 38, 198, 4
5819, 15, 21, 17, 4, 15, 0
5882, 309, 195, 183, 12, 157, 152
6025, 125, 69, 65, 4, 68, 57
6128, 183, 152, 144, 8, 111, 72
6176, 53, 103, 64, 39, 44, 9
6296, 718, 316, 185, 131, 42, 676
6306, 158, 277, 263, 14, 80, 78
6328, 24, 21, 13, 8, 23, 1
6364, 105, 359, 334, 25, 66, 39
6392, 2, 17, 6, 11, 2, 0
6462, 58, 102, 101, 1, 57, 1
6482, 83, 56, 50, 6, 64, 19
6559, 140, 106, 106, 0, 97, 43
6655, 53, 114, 111, 3, 53, 0
6719, 154, 253, 251, 2, 138, 16
6743, 57, 66, 64, 2, 57, 0
6800, 369, 553, 531, 22, 353, 16
6827, 66, 117, 115, 2, 66, 0
6834, 58, 36, 31, 5, 58, 0
6836, 97, 94, 85, 9, 78, 19
7062, 43, 36, 34, 2, 43, 0
7089, 25, 29, 26, 3, 25, 0
7233, 16, 20, 16, 4, 15, 1
7235, 22, 17, 17, 0, 17, 5
7269, 360, 133, 123, 10, 62, 298
7279, 110, 136, 132, 4, 95, 15
7385, 16, 80, 75, 5, 16, 0
7674, 112, 203, 195, 8, 89, 23
7821, 23, 23, 10, 13, 23, 0
7845, 17, 87, 83, 4, 17, 0
7855, 382, 359, 346, 13, 121, 261
7998, 58, 56, 56, 0, 58, 0
8357, 50, 36, 36, 0, 50, 0
8533, 111, 164, 160, 4, 104, 7
8544, 115, 130, 129, 1, 80, 35
8684, 83, 140, 85, 55, 45, 38
8835, 168, 139, 137, 2, 151, 17
8930, 170, 287, 281, 6, 114, 56
8968, 317, 281, 275, 6, 229, 88
9071, 173, 393, 382, 11, 154, 19
9116, 58, 52, 47, 5, 50, 8
9282, 267, 339, 339, 0, 240, 27
9310, 63, 123, 83, 40, 63, 0
9343, 85, 132, 112, 20, 81, 4
9665, 83, 151, 84, 67, 83, 0
9698, 43, 72, 64, 8, 39, 4
9825, 133, 51, 43, 8, 103, 30
9829, 109, 129, 121, 8, 90, 19
9846, 313, 370, 365, 5, 145, 168
9870, 2, 6, 1, 5, 2, 0
9979, 101, 137, 131, 6, 85, 16
10132, 79, 66, 65, 1, 75, 4
10158, 160, 263, 257, 6, 143, 17
10197, 243, 282, 274, 8, 243, 0
10369, 582, 568, 559, 9, 348, 234
10390, 105, 59, 58, 1, 95, 10
10428, 1181, 293, 239, 54, 66, 1115
10430, 159, 174, 167, 7, 106, 53
10509, 0, 36, 2, 34, 0, 0
10661, 1, 4, 0, 4, 1, 0
10750, 96, 112, 111, 1, 59, 37
10782, 55, 46, 46, 0, 45, 10
10818, 15, 3, 0, 3, 15, 0
10822, 0, 4, 2, 2, 0, 0
10873, 27, 33, 28, 5, 26, 1
10932, 1, 2, 0, 2, 0, 1
11002, 82, 46, 41, 5, 74, 8
11056, 1, 1, 0, 1, 1, 0
11086, 191, 58, 32, 26, 189, 2
11205, 88, 73, 13, 60, 79, 9
11305, 38, 46, 45, 1, 31, 7
11409, 295, 139, 125, 14, 233, 62
11445, 227, 709, 696, 13, 147, 80
11598, 166, 269, 257, 12, 166, 0
11640, 185, 298, 290, 8, 185, 0
11675, 67, 55, 54, 1, 58, 9
11751, 26, 47, 45, 2, 26, 0
11818, 49, 73, 71, 2, 22, 27
12179, 21, 28, 24, 4, 20, 1
12200, 0, 57, 1, 56, 0, 0
12211, 195, 77, 72, 5, 160, 35
12359, 136, 183, 175, 8, 25, 111
12467, 216, 204, 183, 21, 95, 121
12661, 5, 69, 4, 65, 5, 0
12664, 2, 1, 0, 1, 2, 0
12797, 41, 123, 119, 4, 41, 0
12976, 0, 12, 2, 10, 0, 0
13025, 4, 2, 1, 1, 1, 3
13106, 44, 238, 230, 8, 37, 7
13199, 87, 111, 101, 10, 87, 0
13248, 39, 88, 80, 8, 29, 10
13303, 147, 170, 165, 5, 102, 45
13335, 48, 59, 54, 5, 40, 8
13518, 19, 45, 43, 2, 10, 9
13539, 39, 29, 22, 7, 36, 3
13551, 0, 9, 0, 9, 0, 0
13683, 64, 31, 23, 8, 59, 5
14124, 11, 117, 15, 102, 11, 0
14126, 20, 10, 9, 1, 18, 2
14203, 53, 58, 58, 0, 50, 3
14366, 0, 4, 3, 1, 0, 0
14416, 6, 70, 8, 62, 5, 1
15132, 77, 63, 58, 5, 65, 12
15203, 45, 34, 33, 1, 45, 0
15285, 98, 118, 116, 2, 98, 0
15505, 5, 70, 3, 67, 5, 0
15654, 11, 15, 12, 3, 11, 0
15979, 3, 15, 9, 6, 3, 0
16001, 36, 46, 43, 3, 36, 0
16308, 29, 28, 28, 0, 28, 1
16331, 198, 196, 187, 9, 185, 13
16351, 184, 136, 126, 10, 49, 135
16531, 41, 31, 31, 0, 41, 0
16560, 0, 19, 0, 19, 0, 0
16572, 27, 16, 14, 2, 27, 0
16697, 176, 45, 20, 25, 164, 12
16733, 6, 5, 3, 2, 6, 0
16751, 110, 94, 88, 6, 110, 0
16786, 19, 19, 15, 4, 9, 10
16821, 5, 61, 1, 60, 0, 5
16925, 141, 148, 145, 3, 128, 13
16926, 462, 413, 399, 14, 371, 91
16930, 120, 83, 80, 3, 53, 67
16941, 16, 27, 23, 4, 16, 0
16955, 4, 9, 8, 1, 4, 0
16971, 45, 69, 61, 8, 45, 0
16981, 15, 12, 12, 0, 15, 0
16985, 42, 39, 33, 6, 37, 5
16992, 47, 77, 45, 32, 47, 0
16993, 157, 170, 163, 7, 156, 1
16995, 213, 333, 302, 31, 213, 0
17001, 37, 15, 15, 0, 36, 1
17005, 159, 326, 300, 26, 156, 3
17006, 113, 109, 104, 5, 93, 20
17007, 86, 130, 119, 11, 82, 4
17012, 108, 114, 108, 6, 52, 56
17013, 204, 264, 245, 19, 204, 0
17014, 85, 115, 107, 8, 84, 1
17015, 107, 114, 111, 3, 106, 1
17019, 21, 42, 39, 3, 21, 0
17020, 147, 252, 226, 26, 82, 65
17025, 87, 117, 110, 7, 85, 2
17026, 700, 199, 192, 7, 290, 410
17030, 127, 164, 155, 9, 83, 44
17042, 125, 145, 117, 28, 125, 0
17048, 105, 193, 186, 7, 105, 0
17059, 646, 152, 121, 31, 34, 612
17069, 366, 349, 337, 12, 234, 132
17072, 116, 98, 93, 5, 79, 37
17073, 127, 203, 200, 3, 125, 2
17102, 43, 39, 35, 4, 34, 9
17337, 100, 139, 134, 5, 93, 7
17343, 79, 83, 81, 2, 63, 16
17344, 103, 41, 41, 0, 103, 0
17349, 72, 208, 179, 29, 69, 3
17354, 369, 679, 649, 30, 219, 150
17359, 66, 38, 35, 3, 66, 0
17360, 79, 77, 64, 13, 77, 2
17362, 38, 88, 85, 3, 38, 0
17376, 308, 323, 319, 4, 278, 30
17381, 99, 209, 174, 35, 83, 16
17386, 97, 78, 76, 2, 96, 1
17391, 149, 202, 165, 37, 147, 2
17393, 107, 89, 86, 3, 107, 0
17394, 101, 109, 100, 9, 93, 8
17396, 137, 274, 266, 8, 117, 20
17398, 143, 229, 220, 9, 143, 0
17404, 66, 90, 84, 6, 66, 0
17414, 11, 13, 13, 0, 11, 0
17416, 31, 18, 17, 1, 31, 0
17724, 189, 62, 59, 3, 175, 14
17789, 51, 39, 38, 1, 23, 28
18148, 14, 10, 8, 2, 11, 3
18489, 44, 16, 16, 0, 42, 2
18761, 55, 104, 99, 5, 55, 0
18921, 28, 14, 14, 0, 28, 0
19229, 96, 79, 79, 0, 64, 32
19416, 87, 65, 65, 0, 80, 7
19500, 5, 18, 17, 1, 3, 2
19907, 24, 15, 15, 0, 24, 0
20036, 64, 128, 125, 3, 44, 20
20109, 10, 11, 9, 2, 10, 0
20275, 38, 46, 42, 4, 38, 0
20383, 16, 32, 7, 25, 16, 0
20449, 0, 5, 0, 5, 0, 0
20597, 44, 39, 21, 18, 25, 19
20741, 54, 74, 72, 2, 39, 15
21263, 7, 8, 7, 1, 7, 0
21277, 166, 125, 123, 2, 101, 65
21286, 31, 74, 30, 44, 31, 0
21643, 29, 19, 12, 7, 28, 1
21664, 74, 55, 53, 2, 74, 0
22070, 109, 95, 89, 6, 81, 28
22313, 43, 64, 62, 2, 35, 8
22431, 67, 119, 116, 3, 66, 1
22466, 56, 27, 1, 26, 54, 2
22939, 8, 39, 1, 38, 8, 0
23419, 90, 48, 47, 1, 90, 0
23467, 227, 131, 125, 6, 200, 27
23494, 3, 3, 2, 1, 3, 0
23510, 17, 30, 29, 1, 15, 2
23515, 217, 138, 127, 11, 193, 24
23532, 298, 392, 380, 12, 286, 12
23559, 33, 41, 40, 1, 33, 0
24131, 42, 58, 54, 4, 39, 3
24135, 131, 102, 94, 8, 109, 22
24138, 9, 51, 7, 44, 9, 0
24633, 1, 2, 1, 1, 1, 0
24881, 202, 58, 49, 9, 202, 0
25564, 0, 24, 0, 24, 0, 0
25689, 29, 34, 9, 25, 26, 3
25696, 21, 4, 0, 4, 12, 9
25798, 18, 6, 6, 0, 7, 11
26084, 209, 66, 56, 10, 209, 0
26099, 34, 25, 9, 16, 33, 1
26167, 44, 134, 16, 118, 40, 4
26168, 72, 155, 149, 6, 67, 5
26335, 11, 68, 10, 58, 11, 0
26515, 12, 6, 5, 1, 12, 0
26986, 118, 17, 6, 11, 116, 2
27187, 204, 263, 252, 11, 203, 1
27190, 47, 68, 44, 24, 47, 0
27205, 117, 184, 165, 19, 102, 15
27207, 11, 9, 1, 8, 10, 1
27208, 52, 53, 52, 1, 52, 0
27210, 151, 228, 220, 8, 140, 11
27211, 176, 91, 87, 4, 143, 33
27212, 28, 31, 30, 1, 28, 0
27216, 95, 211, 203, 8, 95, 0
27254, 155, 177, 167, 10, 134, 21
27257, 52, 53, 50, 3, 52, 0
27262, 167, 179, 176, 3, 153, 14
27271, 157, 150, 143, 7, 134, 23
27274, 100, 139, 136, 3, 98, 2
27280, 112, 47, 43, 4, 107, 5
27775, 133, 186, 171, 15, 125, 8
28280, 48, 29, 28, 1, 39, 9
28937, 280, 310, 296, 14, 265, 15
29144, 16, 15, 13, 2, 13, 3
29226, 93, 89, 86, 3, 79, 14
29244, 23, 15, 14, 1, 23, 0
29247, 10, 22, 5, 17, 10, 0
29352, 0, 29, 7, 22, 0, 0
29547, 24, 29, 23, 6, 24, 0
29632, 151, 215, 210, 5, 149, 2
29900, 69, 40, 38, 2, 67, 2
31416, 153, 106, 102, 4, 145, 8
31709, 73, 27, 23, 4, 72, 1
31838, 68, 60, 55, 5, 62, 6
32195, 22, 8, 8, 0, 17, 5
32692, 46, 29, 28, 1, 46, 0
33928, 0, 1, 0, 1, 0, 0
33931, 461, 398, 369, 29, 219, 242
33932, 122, 104, 102, 2, 122, 0
33936, 153, 53, 50, 3, 153, 0
33937, 73, 51, 51, 0, 70, 3
33939, 124, 146, 144, 2, 100, 24
33943, 65, 108, 98, 10, 65, 0
33945, 43, 30, 26, 4, 42, 1
33948, 125, 78, 74, 4, 125, 0
33955, 84, 46, 46, 0, 84, 0
33958, 118, 76, 19, 57, 117, 1
33959, 99, 201, 192, 9, 95, 4
33960, 198, 332, 323, 9, 190, 8
33964, 108, 100, 97, 3, 108, 0
33975, 188, 111, 106, 5, 128, 60
33978, 60, 55, 46, 9, 60, 0
33984, 27, 29, 27, 2, 26, 1
33990, 141, 193, 179, 14, 125, 16
37770, 4, 8, 2, 6, 2, 2
37925, 5, 182, 177, 5, 1, 4
38108, 10, 5, 5, 0, 10, 0
38109, 69, 58, 58, 0, 67, 2
38429, 8, 9, 3, 6, 7, 1
38430, 1, 2, 1, 1, 1, 0
38432, 0, 2, 1, 1, 0, 0
38519, 8, 25, 6, 19, 8, 0
38936, 18, 15, 10, 5, 18, 0
39030, 1, 6, 1, 5, 1, 0
39202, 1, 1, 0, 1, 1, 0
40530, 33, 56, 53, 3, 22, 11
43474, 229, 33, 20, 13, 29, 200
43811, 46, 26, 26, 0, 43, 3
43812, 57, 55, 51, 4, 47, 10
43911, 1, 1, 0, 1, 1, 0
44569, 38, 26, 25, 1, 29, 9
47911, 53, 21, 21, 0, 39, 14
48738, 36, 26, 26, 0, 19, 17
48756, 41, 87, 77, 10, 40, 1
48759, 194, 284, 38, 246, 194, 0
48768, 153, 146, 61, 85, 112, 41
51764, 4, 1, 0, 1, 3, 1
57053, 264, 238, 26, 212, 257, 7
57055, 9, 7, 6, 1, 9, 0
57078, 80, 82, 79, 3, 80, 0
57084, 1, 166, 0, 166, 1, 0
57087, 85, 53, 51, 2, 73, 12
57089, 38, 35, 33, 2, 38, 0
57094, 92, 82, 78, 4, 91, 1
57105, 47, 51, 48, 3, 43, 4
58003, 1, 4, 0, 4, 1, 0
58731, 3, 133, 1, 132, 3, 0
58745, 27, 47, 9, 38, 27, 0
58757, 90, 77, 71, 6, 53, 37
58764, 0, 68, 0, 68, 0, 0
58784, 63, 79, 76, 3, 56, 7
58810, 7, 4, 0, 4, 7, 0
58813, 9, 8, 3, 5, 9, 0
59755, 1, 22, 0, 22, 1, 0
62462, 9, 6, 4, 2, 9, 0
62648, 8, 5, 4, 1, 7, 1
63667, 0, 30, 0, 30, 0, 0
63672, 2, 21, 4, 17, 2, 0
63686, 9, 26, 8, 18, 9, 0
63689, 294, 251, 232, 19, 192, 102
63691, 102, 188, 175, 13, 96, 6
63694, 197, 271, 263, 8, 117, 80
63696, 51, 73, 67, 6, 45, 6
63705, 249, 186, 176, 10, 119, 130
63712, 67, 119, 115, 4, 55, 12
65840, 3, 3, 1, 2, 2, 1
66455, 9, 11, 1, 10, 9, 0
66457, 17, 43, 23, 20, 15, 2
66459, 13, 46, 4, 42, 13, 0
66463, 25, 93, 8, 85, 25, 0
66466, 181, 126, 15, 111, 181, 0
66467, 5, 75, 8, 67, 5, 0
66468, 59, 131, 27, 104, 59, 0
66477, 0, 36, 0, 36, 0, 0
66479, 132, 107, 104, 3, 57, 75
66481, 157, 179, 171, 8, 155, 2
66485, 50, 37, 2, 35, 50, 0
66492, 0, 4, 1, 3, 0, 0
66493, 0, 5, 1, 4, 0, 0
67729, 100, 167, 162, 5, 92, 8
67746, 149, 52, 22, 30, 57, 92
67840, 15, 39, 34, 5, 15, 0
67847, 87, 90, 86, 4, 87, 0
69901, 0, 2, 1, 1, 0, 0
69902, 0, 1, 0, 1, 0, 0
77253, 127, 157, 150, 7, 111, 16
77260, 41, 107, 60, 47, 41, 0
77262, 87, 88, 86, 2, 84, 3
77264, 72, 101, 95, 6, 72, 0
77267, 6, 45, 3, 42, 6, 0
77508, 6, 8, 7, 1, 6, 0
79417, 128, 41, 40, 1, 127, 1
80775, 19, 6, 2, 4, 19, 0
80803, 3, 14, 4, 10, 3, 0
80808, 13, 66, 2, 64, 12, 1
80816, 4, 33, 2, 31, 4, 0
82332, 3, 4, 3, 1, 3, 0
82372, 44, 41, 41, 0, 44, 0
88810, 1, 2, 1, 1, 1, 0
92135, 3, 41, 0, 41, 3, 0
92164, 5, 90, 4, 86, 4, 1
92799, 56, 178, 106, 72, 56, 0
92823, 47, 64, 27, 37, 47, 0
92825, 15, 31, 31, 0, 15, 0
92832, 81, 191, 179, 12, 81, 0
92837, 40, 51, 51, 0, 40, 0
92840, 17, 2, 2, 0, 17, 0
93549, 3, 3, 2, 1, 3, 0
93793, 2, 2, 1, 1, 2, 0
94603, 45, 53, 35, 18, 43, 2
94797, 4, 20, 2, 18, 4, 0
95003, 66, 29, 28, 1, 66, 0
95502, 63, 62, 61, 1, 63, 0
95614, 10, 158, 6, 152, 10, 0
95668, 43, 47, 43, 4, 43, 0
96104, 2, 73, 0, 73, 2, 0
96116, 115, 68, 60, 8, 82, 33
96180, 48, 20, 9, 11, 48, 0
96450, 7, 54, 5, 49, 7, 0
96537, 14, 99, 6, 93, 13, 1
96702, 3, 40, 5, 35, 3, 0
96703, 41, 39, 38, 1, 37, 4
96825, 16, 23, 21, 2, 14, 2
97330, 83, 184, 180, 4, 81, 2
97335, 2, 87, 5, 82, 2, 0
97724, 9, 9, 9, 0, 9, 0
98284, 27, 38, 3, 35, 27, 0
98393, 1, 3, 2, 1, 1, 0
98491, 31, 31, 30, 1, 29, 2
98532, 6, 22, 1, 21, 6, 0
98571, 0, 4, 1, 3, 0, 0
98779, 64, 22, 2, 20, 60, 4
99330, 44, 8, 4, 4, 43, 1
99462, 28, 23, 21, 2, 27, 1
99749, 8, 39, 3, 36, 8, 0
99800, 20, 14, 13, 1, 19, 1
99820, 4, 5, 1, 4, 4, 0
100046, 29, 42, 25, 17, 26, 3
100067, 2, 26, 2, 24, 2, 0
100261, 1, 18, 1, 17, 0, 1
100288, 1, 36, 1, 35, 1, 0
100303, 4, 39, 4, 35, 4, 0
100342, 6, 9, 2, 7, 6, 0
100353, 2, 43, 4, 39, 2, 0
100401, 26, 20, 19, 1, 26, 0
100435, 38, 22, 22, 0, 38, 0
100452, 6, 27, 4, 23, 6, 0
100493, 3, 30, 5, 25, 3, 0
100525, 9, 6, 2, 4, 7, 2
100585, 2, 27, 2, 25, 2, 0
100658, 7, 38, 2, 36, 3, 4
100669, 11, 20, 4, 16, 10, 1
100864, 0, 2, 1, 1, 0, 0
100942, 2, 44, 1, 43, 2, 0
100958, 1, 110, 1, 109, 1, 0
101027, 49, 57, 57, 0, 43, 6
101130, 0, 15, 2, 13, 0, 0
101283, 0, 13, 0, 13, 0, 0
101448, 31, 21, 20, 1, 31, 0
101472, 3, 60, 3, 57, 3, 0
101678, 2, 1, 0, 1, 2, 0
101869, 0, 8, 2, 6, 0, 0
102149, 103, 31, 5, 26, 103, 0
102350, 3, 13, 8, 5, 3, 0
102394, 1, 2, 0, 2, 1, 0
102664, 2, 5, 0, 5, 2, 0
102728, 5, 17, 5, 12, 5, 0
102824, 4, 1, 0, 1, 3, 1
102892, 0, 1, 0, 1, 0, 0
103208, 29, 20, 20, 0, 28, 1
103221, 2, 2, 1, 1, 2, 0
103299, 7, 16, 0, 16, 5, 2
103435, 1, 24, 1, 23, 1, 0
103463, 0, 24, 0, 24, 0, 0
103474, 0, 169, 6, 163, 0, 0
103775, 39, 9, 8, 1, 26, 13
103907, 30, 14, 1, 13, 29, 1
103985, 49, 73, 53, 20, 49, 0
104053, 0, 1, 0, 1, 0, 0
104079, 1, 6, 0, 6, 1, 0
104181, 0, 50, 0, 50, 0, 0
104205, 0, 1, 0, 1, 0, 0
104292, 17, 17, 15, 2, 14, 3
104546, 151, 84, 82, 2, 144, 7
104547, 191, 96, 92, 4, 190, 1
104635, 0, 16, 0, 16, 0, 0
104689, 7, 26, 1, 25, 6, 1
104810, 13, 72, 13, 59, 13, 0
105031, 14, 12, 9, 3, 13, 1
105286, 0, 1, 0, 1, 0, 0
105325, 0, 18, 2, 16, 0, 0
105371, 85, 61, 60, 1, 85, 0
105450, 0, 1, 0, 1, 0, 0
105757, 4, 7, 3, 4, 4, 0
106148, 30, 97, 25, 72, 30, 0
106263, 3, 17, 2, 15, 3, 0
106580, 73, 9, 9, 0, 73, 0
106863, 1, 18, 1, 17, 1, 0
106936, 18, 16, 15, 1, 15, 3
106945, 0, 1, 0, 1, 0, 0
107008, 70, 38, 36, 2, 70, 0
107046, 14, 32, 4, 28, 14, 0
107056, 0, 7, 0, 7, 0, 0
107093, 0, 3, 0, 3, 0, 0
107262, 0, 14, 0, 14, 0, 0
107304, 1, 38, 1, 37, 1, 0
107339, 0, 6, 0, 6, 0, 0
107713, 9, 4, 3, 1, 9, 0
107876, 1, 13, 2, 11, 1, 0
107927, 0, 5, 0, 5, 0, 0
107930, 58, 34, 33, 1, 57, 1
108126, 43, 45, 41, 4, 39, 4
108283, 8, 5, 5, 0, 7, 1
108351, 0, 2, 0, 2, 0, 0
108361, 1, 1, 0, 1, 1, 0
108500, 0, 40, 0, 40, 0, 0
108725, 28, 36, 36, 0, 26, 2
108806, 44, 35, 32, 3, 42, 2
109126, 41, 22, 20, 2, 40, 1
109212, 21, 16, 1, 15, 21, 0
109702, 122, 198, 192, 6, 115, 7
109844, 0, 10, 1, 9, 0, 0
109884, 42, 36, 35, 1, 40, 2
110205, 39, 39, 38, 1, 30, 9
110633, 27, 14, 7, 7, 26, 1
110700, 25, 20, 2, 18, 23, 2
110711, 4, 5, 2, 3, 4, 0
110770, 8, 7, 1, 6, 0, 8
110867, 2, 7, 1, 6, 2, 0
111042, 3, 15, 11, 4, 3, 0
111093, 73, 73, 54, 19, 59, 14
111530, 8, 10, 0, 10, 8, 0
111535, 7, 6, 0, 6, 6, 1
111569, 0, 175, 5, 170, 0, 0
111579, 8, 16, 6, 10, 8, 0
111596, 2, 1, 0, 1, 2, 0
111844, 37, 43, 39, 4, 37, 0
111962, 33, 9, 9, 0, 33, 0
112123, 0, 39, 0, 39, 0, 0
112131, 37, 36, 20, 16, 24, 13
112450, 1, 1, 0, 1, 1, 0
112489, 14, 15, 11, 4, 14, 0
112519, 1, 14, 2, 12, 1, 0
112586, 2057, 113, 43, 70, 2057, 0
112779, 466, 168, 7, 161, 466, 0
112892, 1021, 65, 12, 53, 1021, 0
113590, 0, 4, 3, 1, 0, 0
113877, 0, 2, 0, 2, 0, 0
113974, 0, 2, 0, 2, 0, 0
113979, 9, 34, 1, 33, 9, 0
113980, 0, 1, 0, 1, 0, 0
113982, 0, 4, 2, 2, 0, 0
113998, 0, 1, 0, 1, 0, 0
114018, 37, 32, 29, 3, 32, 5
114038, 2, 1, 0, 1, 2, 0
114083, 14, 21, 4, 17, 14, 0
114139, 2, 2, 0, 2, 1, 1
114208, 13, 42, 10, 32, 13, 0
114220, 214, 100, 15, 85, 214, 0
114299, 3, 44, 3, 41, 3, 0
114396, 2, 35, 1, 34, 1, 1
114406, 14, 23, 10, 13, 11, 3
114530, 6, 9, 1, 8, 3, 3
114542, 6, 3, 0, 3, 0, 6
114636, 18, 44, 2, 42, 18, 0
114637, 5, 28, 3, 25, 5, 0
114646, 1, 39, 0, 39, 1, 0
114782, 0, 13, 0, 13, 0, 0
114862, 3, 5, 1, 4, 3, 0
114883, 0, 1, 0, 1, 0, 0
114936, 38, 24, 22, 2, 35, 3
114955, 0, 5, 1, 4, 0, 0
114987, 3, 30, 3, 27, 3, 0
115080, 6, 18, 8, 10, 5, 1
115089, 14, 9, 6, 3, 11, 3
115265, 19, 9, 9, 0, 19, 0
115267, 82, 37, 36, 1, 82, 0
115273, 0, 4, 1, 3, 0, 0
115355, 67, 44, 42, 2, 63, 4
115567, 8, 6, 6, 0, 8, 0
115573, 7, 20, 0, 20, 7, 0
115623, 107, 55, 16, 39, 98, 9
115692, 20, 33, 5, 28, 20, 0
115868, 28, 27, 22, 5, 28, 0
115910, 59, 88, 86, 2, 59, 0
116080, 1, 15, 1, 14, 1, 0
116096, 2, 6, 0, 6, 2, 0
116125, 1, 52, 0, 52, 1, 0
116163, 1, 46, 0, 46, 1, 0
116166, 1, 1, 0, 1, 1, 0
116167, 1, 10, 1, 9, 1, 0
116327, 1, 6, 0, 6, 1, 0
116329, 22, 23, 19, 4, 21, 1
116341, 0, 11, 0, 11, 0, 0
116390, 3, 2, 1, 1, 2, 1
116402, 0, 1, 0, 1, 0, 0
116414, 16, 8, 8, 0, 16, 0
116433, 1, 4, 0, 4, 1, 0
116757, 1, 45, 1, 44, 0, 1
116770, 0, 48, 4, 44, 0, 0
116818, 0, 2, 0, 2, 0, 0
116821, 1, 4, 0, 4, 1, 0
116971, 0, 2, 0, 2, 0, 0
117013, 14, 9, 8, 1, 13, 1
117020, 0, 1, 0, 1, 0, 0
117074, 52, 49, 48, 1, 52, 0
117085, 2, 10, 2, 8, 2, 0
117107, 2, 21, 1, 20, 2, 0
117290, 72, 105, 102, 3, 70, 2
117304, 31, 25, 23, 2, 31, 0
117310, 91, 33, 31, 2, 91, 0
117493, 1, 15, 0, 15, 0, 1
117544, 52, 31, 29, 2, 50, 2
117759, 1, 2, 0, 2, 1, 0
117890, 13, 27, 2, 25, 8, 5
118004, 41, 24, 22, 2, 41, 0
118260, 4, 20, 4, 16, 4, 0
118425, 5, 13, 3, 10, 5, 0
118593, 1, 1, 0, 1, 0, 1
118823, 24, 37, 33, 4, 24, 0
118850, 6, 8, 6, 2, 6, 0
118930, 1, 1, 0, 1, 0, 1
119061, 36, 12, 11, 1, 36, 0
119183, 43, 10, 6, 4, 40, 3
119223, 57, 17, 12, 5, 56, 1
119473, 31, 31, 7, 24, 26, 5
119490, 0, 3, 0, 3, 0, 0
119505, 3, 8, 2, 6, 3, 0
119507, 4, 9, 2, 7, 4, 0
119646, 3, 6, 4, 2, 3, 0
119689, 1, 23, 0, 23, 1, 0
119721, 13, 5, 5, 0, 13, 0
119983, 0, 2, 0, 2, 0, 0
119993, 0, 15, 1, 14, 0, 0
120080, 0, 6, 0, 6, 0, 0
120142, 0, 8, 0, 8, 0, 0
120185, 9, 6, 6, 0, 9, 0
120267, 0, 11, 0, 11, 0, 0
120307, 29, 33, 31, 2, 23, 6
120328, 0, 9, 0, 9, 0, 0
120398, 23, 16, 16, 0, 21, 2
120440, 10, 6, 6, 0, 10, 0
120488, 0, 8, 0, 8, 0, 0
120785, 36, 8, 3, 5, 34, 2
121016, 2, 2, 2, 0, 2, 0
121082, 81, 57, 0, 57, 81, 0
121094, 0, 12, 0, 12, 0, 0
121108, 0, 2, 0, 2, 0, 0
121111, 33, 22, 20, 2, 33, 0
121225, 0, 1, 0, 1, 0, 0
121226, 0, 1, 0, 1, 0, 0
121227, 29, 10, 8, 2, 27, 2
121349, 0, 15, 1, 14, 0, 0
121463, 0, 1, 0, 1, 0, 0
121477, 0, 2, 0, 2, 0, 0
121484, 47, 28, 26, 2, 47, 0
121575, 0, 2, 0, 2, 0, 0
121661, 2, 1, 0, 1, 2, 0
121702, 26, 33, 32, 1, 25, 1
121710, 525, 97, 66, 31, 525, 0
121782, 2, 1, 0, 1, 2, 0
121826, 0, 1, 0, 1, 0, 0
121865, 96, 42, 33, 9, 37, 59
121952, 12, 9, 9, 0, 12, 0
121954, 1, 6, 0, 6, 1, 0
121964, 5, 6, 6, 0, 5, 0
121974, 0, 1, 0, 1, 0, 0
121988, 43, 34, 32, 2, 43, 0
121994, 0, 2, 0, 2, 0, 0
122021, 0, 1, 0, 1, 0, 0
122022, 44, 32, 22, 10, 27, 17
122027, 1, 40, 2, 38, 1, 0
122045, 0, 2, 0, 2, 0, 0
122047, 96, 62, 61, 1, 96, 0
122107, 25, 39, 39, 0, 25, 0
122190, 0, 1, 0, 1, 0, 0
122282, 1, 1, 0, 1, 1, 0
122412, 0, 3, 0, 3, 0, 0
122426, 72, 23, 21, 2, 72, 0
122448, 11, 14, 6, 8, 11, 0
122464, 1, 1, 0, 1, 1, 0
122567, 12, 31, 0, 31, 2, 10
122578, 3, 14, 1, 13, 3, 0
122637, 0, 8, 0, 8, 0, 0
123046, 0, 12, 0, 12, 0, 0
123048, 148, 129, 120, 9, 140, 8
123085, 43, 41, 41, 0, 43, 0
123100, 0, 2, 0, 2, 0, 0
123114, 100, 143, 138, 5, 100, 0
123298, 3, 30, 0, 30, 2, 1
123404, 47, 89, 85, 4, 47, 0
123412, 0, 2, 0, 2, 0, 0
123511, 56, 42, 39, 3, 54, 2
123514, 3, 14, 4, 10, 3, 0
123603, 1, 1, 0, 1, 1, 0
123607, 7, 14, 5, 9, 5, 2
123620, 61, 16, 13, 3, 61, 0
123621, 22, 22, 13, 9, 1, 21
124290, 10, 14, 12, 2, 10, 0
124359, 0, 1, 0, 1, 0, 0
124388, 34, 26, 24, 2, 33, 1
124442, 0, 1, 0, 1, 0, 0
124448, 0, 1, 0, 1, 0, 0
124450, 3, 10, 0, 10, 3, 0
124496, 5, 14, 0, 14, 5, 0
124552, 0, 15, 3, 12, 0, 0
124645, 4, 8, 4, 4, 4, 0
124829, 7, 6, 5, 1, 7, 0
124863, 2, 5, 0, 5, 0, 2
125050, 1, 14, 2, 12, 1, 0
125209, 0, 1, 0, 1, 0, 0
125220, 19, 21, 0, 21, 19, 0
125282, 0, 2, 0, 2, 0, 0
125301, 2, 2, 0, 2, 0, 2
125385, 11, 23, 7, 16, 11, 0
125427, 0, 3, 0, 3, 0, 0
125473, 0, 2, 0, 2, 0, 0
125475, 2, 4, 0, 4, 0, 2
125479, 0, 2, 0, 2, 0, 0
125537, 0, 1, 0, 1, 0, 0
125555, 6, 16, 2, 14, 6, 0
125563, 0, 1, 0, 1, 0, 0
125632, 24, 13, 7, 6, 21, 3
125657, 37, 31, 31, 0, 37, 0
125693, 2, 4, 2, 2, 2, 0
125697, 0, 2, 0, 2, 0, 0
125727, 0, 5, 0, 5, 0, 0
125772, 0, 2, 0, 2, 0, 0
125835, 0, 2, 0, 2, 0, 0
125887, 8, 14, 13, 1, 8, 0
125929, 0, 2, 0, 2, 0, 0
125947, 0, 2, 0, 2, 0, 0
125960, 0, 4, 0, 4, 0, 0
125964, 0, 1, 0, 1, 0, 0
126065, 0, 1, 0, 1, 0, 0
126068, 39, 40, 40, 0, 39, 0
126113, 0, 1, 0, 1, 0, 0
126118, 5, 6, 5, 1, 5, 0
126121, 0, 10, 0, 10, 0, 0
126254, 11, 9, 9, 0, 11, 0
126255, 6, 11, 4, 7, 5, 1
126355, 0, 3, 0, 3, 0, 0
126618, 60, 24, 24, 0, 50, 10
126631, 4, 2, 0, 2, 0, 4
126642, 4, 4, 0, 4, 4, 0
126682, 17, 6, 6, 0, 17, 0
126836, 31, 23, 21, 2, 31, 0
127085, 47, 47, 46, 1, 47, 0
127120, 23, 34, 31, 3, 16, 7
127161, 0, 7, 0, 7, 0, 0
127316, 1, 1, 0, 1, 0, 1
127328, 0, 1, 0, 1, 0, 0
127418, 0, 12, 0, 12, 0, 0
127479, 0, 1, 0, 1, 0, 0
127936, 27, 11, 11, 0, 27, 0
128087, 67, 63, 55, 8, 65, 2
128193, 3, 2, 0, 2, 3, 0
128194, 0, 1, 0, 1, 0, 0
128239, 10, 5, 5, 0, 10, 0
128266, 0, 1, 0, 1, 0, 0
128269, 0, 2, 0, 2, 0, 0
128276, 0, 2, 0, 2, 0, 0
128327, 2, 22, 3, 19, 2, 0
128332, 15, 15, 0, 15, 15, 0
128359, 0, 4, 0, 4, 0, 0
128401, 0, 9, 0, 9, 0, 0
128451, 0, 4, 0, 4, 0, 0
128454, 8, 37, 1, 36, 8, 0
128589, 38, 12, 1, 11, 34, 4
128809, 0, 6, 0, 6, 0, 0
128826, 0, 10, 0, 10, 0, 0
129192, 0, 1, 0, 1, 0, 0
129395, 0, 1, 0, 1, 0, 0
129471, 2, 1, 0, 1, 2, 0
130537, 0, 1, 0, 1, 0, 0
130538, 13, 16, 16, 0, 13, 0
130704, 7, 6, 5, 1, 7, 0
130892, 8, 9, 8, 1, 8, 0
130896, 0, 1, 0, 1, 0, 0
131174, 0, 1, 0, 1, 0, 0
131251, 0, 5, 0, 5, 0, 0
131308, 0, 1, 0, 1, 0, 0
131667, 1, 18, 0, 18, 0, 1
6, 2, 0, 0, 0, 0, 2
7, 6, 172, 1, 171, 4, 2
2636, 12, 26, 16, 10, 12, 0
7415, 10, 14, 12, 2, 10, 0
14297, 62, 225, 209, 16, 44, 18
16168, 0, 4, 0, 4, 0, 0
16169, 0, 4, 0, 4, 0, 0
9, 1, 0, 0, 0, 1, 0
10, 7, 2, 2, 0, 6, 1
25, 144, 3478, 3338, 140, 44, 100
409, 168, 275, 256, 19, 162, 6
411, 0, 1, 1, 0, 0, 0
412, 66, 20, 20, 0, 48, 18
413, 466, 270, 256, 14, 109, 357
414, 12, 1083, 1010, 73, 3, 9
11, 1, 0, 0, 0, 1, 0
12, 0, 1, 1, 0, 0, 0
13, 1, 0, 0, 0, 1, 0
14, 20, 183, 182, 1, 20, 0
593, 214, 319, 306, 13, 159, 55
677, 64, 537, 460, 77, 26, 38
1282, 6, 17, 16, 1, 4, 2
3884, 88, 153, 148, 5, 84, 4
5454, 38, 106, 106, 0, 13, 25
7085, 163, 90, 85, 5, 156, 7
7602, 111, 100, 92, 8, 107, 4
12134, 371, 329, 292, 37, 370, 1
12854, 1, 1, 1, 0, 1, 0
13898, 49, 11, 11, 0, 49, 0
18457, 56, 31, 31, 0, 40, 16
19223, 2, 6, 4, 2, 2, 0
19343, 4, 47, 39, 8, 4, 0
20462, 185, 71, 67, 4, 162, 23
20784, 7, 11, 11, 0, 7, 0
21060, 16, 14, 13, 1, 16, 0
24250, 2, 2, 1, 1, 2, 0
93217, 1, 2, 2, 0, 1, 0
15, 3, 0, 0, 0, 3, 0
16, 2, 3, 3, 0, 2, 0
17, 0, 1, 1, 0, 0, 0
18, 77, 126, 112, 14, 53, 24
570, 292, 533, 504, 29, 100, 192
3614, 6, 163, 156, 7, 5, 1
689, 323, 699, 674, 25, 136, 187
923, 128, 203, 199, 4, 126, 2
1027, 257, 899, 890, 9, 254, 3
1095, 163, 202, 193, 9, 141, 22
1303, 148, 297, 294, 3, 135, 13
1379, 112, 114, 109, 5, 79, 33
1396, 126, 177, 156, 21, 115, 11
1781, 87, 106, 98, 8, 78, 9
1784, 242, 394, 374, 20, 85, 157
1891, 238, 535, 516, 19, 146, 92
1907, 30, 267, 264, 3, 29, 1
1948, 145, 146, 141, 5, 145, 0
1958, 100, 92, 90, 2, 91, 9
1972, 73, 192, 185, 7, 71, 2
2263, 195, 120, 116, 4, 71, 124
2766, 24, 39, 27, 12, 22, 2
2841, 547, 129, 127, 2, 547, 0
3314, 51, 115, 111, 4, 36, 15
3324, 93, 448, 439, 9, 67, 26
3828, 103, 461, 431, 30, 103, 0
3915, 7, 490, 472, 18, 5, 2
3967, 73, 84, 83, 1, 73, 0
4169, 527, 870, 790, 80, 212, 315
4357, 59, 120, 111, 9, 48, 11
4447, 131, 94, 93, 1, 84, 47
5203, 237, 373, 323, 50, 170, 67
5290, 20, 41, 41, 0, 15, 5
6338, 180, 179, 154, 25, 164, 16
6671, 3, 1, 1, 0, 3, 0
7588, 135, 295, 290, 5, 126, 9
7766, 344, 616, 493, 123, 176, 168
9697, 57, 38, 37, 1, 22, 35
11499, 101, 110, 107, 3, 66, 35
11521, 233, 127, 87, 40, 229, 4
13514, 45, 59, 58, 1, 38, 7
14184, 8, 42, 3, 39, 3, 5
14520, 39, 53, 50, 3, 39, 0
15186, 0, 26, 0, 26, 0, 0
16209, 78, 96, 88, 8, 72, 6
16232, 216, 126, 118, 8, 196, 20
16779, 2, 2, 2, 0, 2, 0
17898, 0, 14, 0, 14, 0, 0
18780, 42, 53, 52, 1, 36, 6
19358, 173, 103, 97, 6, 60, 113
20719, 0, 8, 0, 8, 0, 0
21258, 42, 29, 17, 12, 38, 4
21726, 0, 3, 0, 3, 0, 0
24163, 48, 25, 25, 0, 47, 1
25525, 0, 7, 0, 7, 0, 0
25757, 3, 14, 5, 9, 2, 1
32745, 0, 5, 0, 5, 0, 0
37720, 0, 3, 0, 3, 0, 0
37721, 0, 3, 0, 3, 0, 0
48766, 42, 26, 23, 3, 39, 3
63654, 22, 14, 13, 1, 19, 3
82381, 32, 36, 31, 5, 30, 2
95203, 0, 2, 2, 0, 0, 0
96048, 2, 2, 2, 0, 2, 0
97487, 3, 42, 28, 14, 3, 0
100145, 3, 3, 3, 0, 3, 0
101412, 0, 1, 1, 0, 0, 0
103007, 0, 3, 3, 0, 0, 0
105881, 25, 6, 3, 3, 25, 0
19, 2, 0, 0, 0, 1, 1
21, 25, 24, 22, 2, 25, 0
35, 140, 580, 562, 18, 104, 36
57, 137, 1109, 1001, 108, 89, 48
79, 532, 406, 344, 62, 178, 354
106, 167, 663, 622, 41, 70, 97
131, 139, 821, 730, 91, 97, 42
143, 206, 192, 153, 39, 182, 24
161, 260, 1357, 1252, 105, 95, 165
169, 278, 519, 489, 30, 110, 168
203, 109, 351, 332, 19, 39, 70
219, 42, 835, 778, 57, 32, 10
247, 49, 657, 615, 42, 49, 0
251, 43, 34, 33, 1, 43, 0
267, 109, 914, 899, 15, 106, 3
304, 19, 10, 3, 7, 19, 0
309, 10, 166, 147, 19, 6, 4
312, 95, 144, 141, 3, 68, 27
314, 91, 186, 174, 12, 90, 1
363, 166, 519, 505, 14, 36, 130
364, 110, 255, 245, 10, 106, 4
365, 295, 863, 778, 85, 165, 130
366, 517, 1566, 1536, 30, 419, 98
382, 406, 603, 560, 43, 232, 174
386, 2, 125, 117, 8, 1, 1
391, 43, 82, 71, 11, 38, 5
433, 198, 1405, 1295, 110, 120, 78
459, 50, 123, 118, 5, 38, 12
483, 32, 265, 259, 6, 32, 0
515, 118, 156, 141, 15, 106, 12
539, 38, 56, 55, 1, 31, 7
546, 160, 155, 106, 49, 33, 127
551, 113, 200, 196, 4, 90, 23
554, 116, 206, 186, 20, 45, 71
565, 100, 127, 118, 9, 57, 43
664, 59, 85, 83, 2, 59, 0
680, 10, 86, 55, 31, 9, 1
687, 99, 142, 117, 25, 61, 38
693, 95, 317, 293, 24, 85, 10
709, 180, 260, 236, 24, 179, 1
715, 372, 897, 851, 46, 306, 66
771, 83, 158, 152, 6, 77, 6
778, 42, 84, 79, 5, 40, 2
791, 121, 274, 265, 9, 85, 36
809, 162, 112, 104, 8, 155, 7
857, 259, 136, 134, 2, 67, 192
869, 28, 32, 31, 1, 27, 1
876, 164, 898, 861, 37, 127, 37
914, 224, 1103, 1067, 36, 124, 100
946, 161, 329, 266, 63, 41, 120
967, 81, 438, 420, 18, 36, 45
988, 78, 161, 156, 5, 71, 7
1002, 116, 764, 750, 14, 72, 44
1024, 180, 207, 191, 16, 162, 18
1026, 99, 308, 304, 4, 85, 14
1032, 94, 306, 289, 17, 60, 34
1075, 85, 310, 297, 13, 78, 7
1089, 43, 1259, 1225, 34, 43, 0
1121, 145, 144, 98, 46, 37, 108
1140, 57, 59, 57, 2, 19, 38
1211, 5, 215, 203, 12, 2, 3
1246, 50, 172, 150, 22, 38, 12
1274, 376, 586, 573, 13, 369, 7
1285, 60, 216, 201, 15, 54, 6
1288, 432, 482, 454, 28, 269, 163
1302, 332, 264, 237, 27, 83, 249
1313, 181, 608, 597, 11, 106, 75
1345, 212, 535, 504, 31, 151, 61
1348, 383, 589, 560, 29, 57, 326
1349, 6, 314, 300, 14, 4, 2
1360, 81, 75, 72, 3, 75, 6
1372, 67, 87, 83, 4, 67, 0
1378, 326, 335, 316, 19, 147, 179
1390, 6, 50, 50, 0, 6, 0
1395, 3, 3, 3, 0, 3, 0
1397, 349, 761, 720, 41, 67, 282
1401, 32, 63, 62, 1, 14, 18
1404, 216, 477, 423, 54, 21, 195
1434, 77, 202, 197, 5, 67, 10
1451, 239, 190, 115, 75, 12, 227
1457, 182, 290, 265, 25, 34, 148
1481, 150, 155, 147, 8, 121, 29
1510, 161, 318, 309, 9, 140, 21
1533, 87, 424, 407, 17, 34, 53
1537, 17, 18, 10, 8, 8, 9
1547, 125, 532, 512, 20, 115, 10
1566, 54, 264, 252, 12, 52, 2
1597, 1, 15, 14, 1, 1, 0
1604, 89, 111, 101, 10, 73, 16
1606, 298, 183, 167, 16, 230, 68
1614, 118, 153, 151, 2, 118, 0
1617, 37, 36, 34, 2, 37, 0
1624, 48, 125, 123, 2, 40, 8
1631, 72, 40, 40, 0, 72, 0
1685, 423, 694, 674, 20, 65, 358
1688, 128, 101, 100, 1, 128, 0
1691, 93, 284, 246, 38, 82, 11
1704, 59, 114, 108, 6, 44, 15
1742, 3, 31, 29, 2, 3, 0
1744, 28, 53, 49, 4, 21, 7
1753, 290, 135, 124, 11, 289, 1
1783, 53, 297, 278, 19, 39, 14
1787, 92, 516, 486, 30, 66, 26
1802, 139, 100, 94, 6, 71, 68
1814, 159, 143, 137, 6, 158, 1
1825, 224, 287, 230, 57, 124, 100
1833, 133, 105, 96, 9, 128, 5
1851, 42, 28, 26, 2, 22, 20
1895, 161, 277, 271, 6, 54, 107
1909, 232, 322, 316, 6, 98, 134
1929, 186, 302, 281, 21, 176, 10
1945, 273, 684, 656, 28, 252, 21
1955, 195, 589, 521, 68, 185, 10
1956, 123, 146, 137, 9, 120, 3
1957, 158, 224, 213, 11, 93, 65
1962, 276, 164, 146, 18, 105, 171
1966, 59, 60, 53, 7, 35, 24
1971, 3, 7, 3, 4, 2, 1
1973, 64, 58, 50, 8, 15, 49
2021, 36, 71, 63, 8, 35, 1
2023, 85, 141, 126, 15, 78, 7
2038, 4, 184, 167, 17, 3, 1
2044, 278, 404, 388, 16, 231, 47
2047, 115, 81, 78, 3, 68, 47
2077, 1, 15, 11, 4, 1, 0
2094, 150, 421, 410, 11, 125, 25
2200, 235, 390, 367, 23, 144, 91
2202, 214, 151, 133, 18, 115, 99
2210, 96, 259, 252, 7, 89, 7
2244, 35, 116, 110, 6, 34, 1
2267, 87, 100, 98, 2, 87, 0
2272, 154, 139, 126, 13, 113, 41
2279, 172, 343, 236, 107, 150, 22
2283, 415, 248, 247, 1, 396, 19
2296, 28, 44, 39, 5, 26, 2
2306, 103, 129, 115, 14, 103, 0
2335, 200, 344, 329, 15, 106, 94
2340, 60, 80, 71, 9, 41, 19
2342, 4, 5, 3, 2, 4, 0
2344, 97, 242, 238, 4, 94, 3
2387, 134, 450, 436, 14, 96, 38
2397, 33, 45, 38, 7, 23, 10
2398, 92, 162, 128, 34, 78, 14
2401, 169, 151, 142, 9, 138, 31
2402, 82, 417, 361, 56, 57, 25
2405, 44, 441, 429, 12, 31, 13
2412, 14, 42, 38, 4, 14, 0
2415, 60, 30, 28, 2, 57, 3
2435, 77, 65, 65, 0, 76, 1
2437, 59, 17, 15, 2, 34, 25
2451, 220, 149, 148, 1, 199, 21
2506, 517, 277, 211, 66, 3, 514
2520, 26, 82, 77, 5, 10, 16
2540, 138, 267, 262, 5, 138, 0
2588, 31, 68, 66, 2, 31, 0
2611, 89, 97, 90, 7, 56, 33
2621, 98, 166, 156, 10, 95, 3
2628, 23, 20, 19, 1, 23, 0
2670, 29, 100, 100, 0, 28, 1
2790, 163, 191, 184, 7, 163, 0
2835, 205, 75, 61, 14, 204, 1
2854, 59, 62, 61, 1, 17, 42
2857, 115, 57, 53, 4, 108, 7
2895, 90, 138, 131, 7, 54, 36
2907, 70, 96, 96, 0, 61, 9
2914, 174, 191, 177, 14, 122, 52
2942, 39, 60, 55, 5, 36, 3
2955, 253, 170, 168, 2, 248, 5
2987, 64, 159, 154, 5, 48, 16
3060, 192, 372, 360, 12, 129, 63
3093, 47, 63, 61, 2, 45, 2
3116, 186, 239, 209, 30, 93, 93
3125, 66, 86, 80, 6, 47, 19
3138, 43, 55, 52, 3, 1, 42
3139, 209, 172, 169, 3, 153, 56
3146, 28, 146, 134, 12, 14, 14
3157, 65, 73, 69, 4, 65, 0
3162, 126, 221, 212, 9, 61, 65
3165, 111, 71, 67, 4, 82, 29
3169, 254, 91, 83, 8, 72, 182
3176, 279, 956, 936, 20, 158, 121
3183, 222, 243, 230, 13, 137, 85
3187, 109, 105, 102, 3, 102, 7
3197, 59, 375, 366, 9, 37, 22
3204, 272, 423, 404, 19, 177, 95
3212, 70, 55, 54, 1, 67, 3
3232, 27, 39, 36, 3, 15, 12
3241, 125, 343, 332, 11, 95, 30
3247, 249, 239, 179, 60, 210, 39
3253, 199, 820, 736, 84, 199, 0
3259, 180, 582, 555, 27, 87, 93
3303, 101, 120, 97, 23, 48, 53
3321, 215, 292, 268, 24, 172, 43
3322, 77, 111, 107, 4, 76, 1
3326, 134, 62, 57, 5, 131, 3
3371, 146, 354, 340, 14, 94, 52
3375, 8, 21, 19, 2, 8, 0
3382, 17, 58, 49, 9, 15, 2
3399, 88, 204, 198, 6, 44, 44
3424, 170, 269, 261, 8, 60, 110
3485, 196, 122, 115, 7, 117, 79
3532, 89, 103, 99, 4, 88, 1
3543, 121, 436, 427, 9, 95, 26
3561, 41, 83, 68, 15, 19, 22
3587, 58, 183, 146, 37, 53, 5
3622, 20, 59, 56, 3, 20, 0
3626, 117, 401, 375, 26, 53, 64
3627, 26, 44, 36, 8, 24, 2
3689, 38, 36, 33, 3, 34, 4
3697, 315, 522, 501, 21, 103, 212
3745, 181, 116, 85, 31, 166, 15
3749, 157, 906, 868, 38, 122, 35
3765, 342, 177, 173, 4, 342, 0
3766, 89, 167, 166, 1, 89, 0
3784, 141, 232, 221, 11, 69, 72
3805, 81, 505, 434, 71, 5, 76
3812, 85, 139, 136, 3, 85, 0
3844, 53, 132, 127, 5, 36, 17
3863, 99, 81, 77, 4, 62, 37
3864, 111, 157, 152, 5, 58, 53
3886, 94, 121, 111, 10, 88, 6
3901, 99, 51, 46, 5, 19, 80
3928, 25, 120, 116, 4, 24, 1
3958, 0, 64, 57, 7, 0, 0
4025, 19, 125, 114, 11, 19, 0
4120, 93, 72, 68, 4, 89, 4
4121, 33, 26, 23, 3, 32, 1
4157, 67, 30, 29, 1, 62, 5
4175, 18, 141, 139, 2, 17, 1
4177, 95, 170, 162, 8, 88, 7
4181, 134, 116, 111, 5, 46, 88
4233, 104, 50, 48, 2, 15, 89
4256, 511, 333, 279, 54, 485, 26
4257, 72, 38, 36, 2, 72, 0
4260, 38, 26, 22, 4, 14, 24
4320, 181, 273, 228, 45, 82, 99
4355, 18, 23, 22, 1, 16, 2
4356, 67, 68, 64, 4, 66, 1
4380, 57, 87, 81, 6, 41, 16
4388, 66, 89, 87, 2, 52, 14
4400, 18, 18, 18, 0, 14, 4
4438, 47, 29, 24, 5, 23, 24
4455, 236, 70, 68, 2, 236, 0
4457, 62, 63, 59, 4, 53, 9
4485, 150, 104, 101, 3, 150, 0
4506, 2, 8, 7, 1, 1, 1
4512, 1, 12, 8, 4, 1, 0
4580, 57, 77, 75, 2, 46, 11
4581, 223, 74, 71, 3, 223, 0
4582, 33, 10, 7, 3, 30, 3
4594, 33, 24, 15, 9, 32, 1
4613, 64, 24, 23, 1, 61, 3
4655, 76, 164, 155, 9, 76, 0
4657, 118, 310, 307, 3, 81, 37
4700, 17, 14, 13, 1, 12, 5
4704, 438, 261, 255, 6, 264, 174
4710, 215, 141, 134, 7, 212, 3
4728, 1, 31, 21, 10, 0, 1
4746, 161, 160, 145, 15, 149, 12
4779, 61, 51, 49, 2, 59, 2
4807, 16, 16, 15, 1, 16, 0
4876, 59, 59, 58, 1, 58, 1
4916, 188, 103, 91, 12, 49, 139
5123, 50, 50, 48, 2, 34, 16
5135, 94, 434, 395, 39, 39, 55
5148, 347, 644, 621, 23, 147, 200
5149, 69, 141, 141, 0, 67, 2
5162, 73, 268, 253, 15, 47, 26
5166, 78, 115, 107, 8, 34, 44
5198, 0, 5, 5, 0, 0, 0
5213, 201, 593, 565, 28, 71, 130
5228, 190, 108, 96, 12, 74, 116
5256, 22, 28, 20, 8, 18, 4
5275, 43, 123, 118, 5, 36, 7
5305, 2, 5, 5, 0, 2, 0
5311, 55, 85, 81, 4, 23, 32
5377, 202, 408, 403, 5, 80, 122
5484, 62, 192, 167, 25, 53, 9
5522, 315, 119, 106, 13, 310, 5
5527, 4, 273, 239, 34, 4, 0
5540, 59, 68, 68, 0, 40, 19
5552, 54, 154, 144, 10, 28, 26
5556, 137, 85, 84, 1, 137, 0
5561, 219, 302, 291, 11, 214, 5
5592, 135, 709, 693, 16, 60, 75
5650, 112, 229, 220, 9, 109, 3
5674, 67, 23, 22, 1, 58, 9
5714, 118, 189, 175, 14, 64, 54
5731, 40, 151, 143, 8, 34, 6
5734, 17, 93, 88, 5, 17, 0
5754, 62, 92, 90, 2, 53, 9
5769, 88, 123, 121, 2, 86, 2
5770, 72, 113, 110, 3, 71, 1
5934, 68, 165, 156, 9, 58, 10
5983, 302, 449, 434, 15, 125, 177
5992, 195, 271, 264, 7, 171, 24
6003, 13, 28, 27, 1, 13, 0
6055, 206, 750, 723, 27, 95, 111
6255, 81, 98, 96, 2, 78, 3
6257, 249, 259, 241, 18, 140, 109
6273, 65, 174, 171, 3, 65, 0
6275, 33, 232, 227, 5, 33, 0
6276, 99, 337, 308, 29, 58, 41
6279, 272, 443, 430, 13, 38, 234
6281, 94, 215, 207, 8, 92, 2
6286, 51, 104, 99, 5, 51, 0
6293, 87, 151, 142, 9, 83, 4
6297, 48, 177, 168, 9, 40, 8
6301, 40, 75, 70, 5, 22, 18
6302, 662, 155, 122, 33, 40, 622
6304, 43, 129, 127, 2, 31, 12
6305, 83, 93, 83, 10, 58, 25
6307, 151, 161, 146, 15, 119, 32
6337, 336, 105, 103, 2, 308, 28
6339, 299, 156, 143, 13, 278, 21
6387, 58, 62, 52, 10, 47, 11
6410, 53, 174, 172, 2, 43, 10
6421, 71, 64, 62, 2, 71, 0
6435, 5, 11, 7, 4, 2, 3
6463, 38, 34, 33, 1, 38, 0
6481, 28, 15, 14, 1, 27, 1
6533, 84, 62, 62, 0, 83, 1
6688, 95, 94, 92, 2, 57, 38
6711, 54, 45, 45, 0, 51, 3
6725, 39, 213, 206, 7, 32, 7
6727, 56, 51, 44, 7, 49, 7
6783, 74, 74, 73, 1, 73, 1
6799, 212, 208, 199, 9, 40, 172
6816, 127, 266, 252, 14, 99, 28
6826, 72, 43, 40, 3, 63, 9
6828, 56, 112, 96, 16, 56, 0
6830, 18, 22, 21, 1, 13, 5
6847, 84, 373, 358, 15, 40, 44
6866, 98, 71, 69, 2, 92, 6
6879, 14, 37, 33, 4, 9, 5
6911, 178, 287, 266, 21, 94, 84
6945, 58, 73, 70, 3, 45, 13
6993, 104, 266, 259, 7, 96, 8
7129, 16, 22, 22, 0, 16, 0
7130, 295, 126, 119, 7, 185, 110
7175, 45, 30, 30, 0, 45, 0
7188, 30, 65, 63, 2, 29, 1
7234, 129, 62, 57, 5, 62, 67
7336, 45, 129, 117, 12, 40, 5
7371, 85, 99, 93, 6, 33, 52
7374, 208, 165, 157, 8, 26, 182
7404, 76, 55, 53, 2, 14, 62
7406, 190, 128, 124, 4, 76, 114
7409, 2, 6, 6, 0, 2, 0
7460, 84, 162, 138, 24, 84, 0
7474, 1, 25, 25, 0, 1, 0
7503, 32, 43, 29, 14, 31, 1
7529, 161, 324, 313, 11, 139, 22
7682, 280, 230, 224, 6, 79, 201
7752, 0, 11, 9, 2, 0, 0
7755, 20, 46, 44, 2, 20, 0
7769, 44, 55, 54, 1, 29, 15
7846, 138, 77, 72, 5, 127, 11
7872, 2, 9, 9, 0, 2, 0
7928, 99, 145, 141, 4, 68, 31
7989, 36, 61, 48, 13, 35, 1
8017, 37, 29, 27, 2, 21, 16
8022, 2, 11, 10, 1, 2, 0
8169, 138, 114, 108, 6, 100, 38
8248, 47, 117, 105, 12, 37, 10
8263, 30, 12, 12, 0, 24, 6
8320, 32, 46, 45, 1, 30, 2
8337, 19, 37, 24, 13, 19, 0
8358, 27, 79, 68, 11, 18, 9
8427, 40, 46, 38, 8, 31, 9
8488, 82, 58, 55, 3, 82, 0
8518, 45, 228, 216, 12, 39, 6
8521, 34, 59, 52, 7, 32, 2
8528, 131, 62, 59, 3, 93, 38
8568, 63, 36, 34, 2, 62, 1
8658, 61, 59, 58, 1, 55, 6
8778, 128, 269, 119, 150, 74, 54
8828, 17, 67, 59, 8, 11, 6
8830, 65, 219, 208, 11, 57, 8
8861, 31, 147, 141, 6, 18, 13
8946, 11, 82, 77, 5, 4, 7
8960, 2, 34, 32, 2, 0, 2
9004, 89, 117, 106, 11, 71, 18
9019, 81, 233, 222, 11, 65, 16
9053, 253, 83, 71, 12, 42, 211
9082, 132, 170, 164, 6, 88, 44
9090, 34, 21, 21, 0, 30, 4
9097, 2, 2, 2, 0, 2, 0
9199, 179, 81, 73, 8, 178, 1
9234, 248, 163, 137, 26, 113, 135
9264, 54, 26, 25, 1, 51, 3
9272, 11, 150, 142, 8, 11, 0
9277, 4, 127, 124, 3, 4, 0
9289, 100, 104, 103, 1, 88, 12
9291, 121, 51, 45, 6, 118, 3
9342, 53, 102, 95, 7, 50, 3
9364, 91, 226, 213, 13, 79, 12
9377, 9, 17, 16, 1, 9, 0
9384, 188, 378, 362, 16, 32, 156
9430, 79, 118, 116, 2, 75, 4
9663, 134, 181, 175, 6, 79, 55
9671, 23, 25, 20, 5, 23, 0
9673, 119, 143, 130, 13, 110, 9
9720, 133, 218, 209, 9, 95, 38
9785, 70, 202, 190, 12, 29, 41
9793, 148, 39, 37, 2, 101, 47
9862, 67, 72, 61, 11, 46, 21
9909, 23, 13, 13, 0, 22, 1
9949, 11, 50, 47, 3, 8, 3
10015, 6, 15, 15, 0, 6, 0
10074, 0, 4, 4, 0, 0, 0
10146, 21, 55, 47, 8, 21, 0
10154, 197, 77, 71, 6, 193, 4
10165, 58, 62, 59, 3, 56, 2
10189, 7, 16, 15, 1, 7, 0
10235, 73, 32, 31, 1, 35, 38
10581, 63, 32, 26, 6, 62, 1
10808, 145, 75, 67, 8, 145, 0
10821, 95, 124, 122, 2, 95, 0
10827, 68, 81, 73, 8, 35, 33
10851, 26, 36, 32, 4, 24, 2
10862, 100, 458, 246, 212, 43, 57
10897, 68, 40, 37, 3, 64, 4
10967, 340, 114, 54, 60, 187, 153
11047, 25, 84, 82, 2, 10, 15
11141, 50, 46, 46, 0, 50, 0
11171, 18, 3, 3, 0, 17, 1
11192, 196, 25, 22, 3, 196, 0
11197, 16, 49, 43, 6, 12, 4
11366, 11, 5, 5, 0, 10, 1
11594, 45, 40, 37, 3, 39, 6
11596, 108, 71, 68, 3, 97, 11
11597, 38, 824, 804, 20, 38, 0
11614, 127, 106, 95, 11, 76, 51
11628, 99, 134, 127, 7, 84, 15
11629, 39, 134, 134, 0, 37, 2
11639, 0, 317, 259, 58, 0, 0
11641, 15, 9, 8, 1, 15, 0
11648, 42, 34, 34, 0, 33, 9
11777, 76, 84, 83, 1, 76, 0
11778, 11, 22, 21, 1, 11, 0
11803, 37, 38, 38, 0, 37, 0
11912, 300, 86, 79, 7, 300, 0
11933, 27, 103, 99, 4, 2, 25
11940, 91, 109, 108, 1, 73, 18
11981, 11, 7, 7, 0, 11, 0
12094, 113, 118, 118, 0, 106, 7
12181, 196, 236, 231, 5, 188, 8
12183, 116, 61, 59, 2, 110, 6
12184, 167, 306, 302, 4, 126, 41
12188, 14, 19, 18, 1, 14, 0
12249, 78, 47, 41, 6, 69, 9
12287, 12, 14, 10, 4, 11, 1
12301, 20, 25, 25, 0, 20, 0
12319, 123, 100, 100, 0, 82, 41
12320, 558, 105, 91, 14, 556, 2
12326, 14, 8, 8, 0, 14, 0
12361, 82, 147, 143, 4, 71, 11
12366, 21, 46, 42, 4, 19, 2
12421, 112, 140, 140, 0, 111, 1
12507, 41, 56, 52, 4, 27, 14
12597, 0, 19, 7, 12, 0, 0
12599, 62, 24, 23, 1, 62, 0
12844, 10, 25, 23, 2, 10, 0
12845, 96, 133, 132, 1, 82, 14
12848, 7, 80, 77, 3, 7, 0
12961, 148, 141, 140, 1, 148, 0
12978, 62, 55, 50, 5, 53, 9
13044, 22, 14, 13, 1, 22, 0
13075, 61, 150, 144, 6, 34, 27
13255, 198, 73, 68, 5, 194, 4
13267, 227, 49, 46, 3, 178, 49
13284, 23, 20, 19, 1, 22, 1
13304, 99, 113, 94, 19, 40, 59
13307, 15, 35, 33, 2, 12, 3
13318, 0, 3, 3, 0, 0, 0
13350, 5, 8, 8, 0, 5, 0
13392, 54, 48, 43, 5, 34, 20
13506, 149, 380, 362, 18, 84, 65
13534, 0, 7, 7, 0, 0, 0
13664, 6, 7, 7, 0, 6, 0
13665, 5, 7, 6, 1, 5, 0
13666, 2, 4, 4, 0, 2, 0
13824, 17, 33, 33, 0, 16, 1
13931, 36, 38, 38, 0, 36, 0
13944, 60, 272, 254, 18, 56, 4
13946, 32, 22, 19, 3, 30, 2
13976, 74, 165, 147, 18, 66, 8
14250, 9, 5, 4, 1, 9, 0
14508, 2, 4, 4, 0, 2, 0
14509, 4, 11, 8, 3, 4, 0
14518, 46, 77, 76, 1, 25, 21
14522, 29, 102, 100, 2, 25, 4
14523, 54, 180, 174, 6, 54, 0
14539, 7, 10, 9, 1, 7, 0
14650, 108, 58, 55, 3, 108, 0
14675, 20, 30, 25, 5, 20, 0
14716, 46, 47, 46, 1, 46, 0
14767, 108, 175, 173, 2, 63, 45
14841, 12, 15, 14, 1, 11, 1
14904, 3, 138, 132, 6, 3, 0
14974, 43, 25, 24, 1, 37, 6
15023, 102, 166, 159, 7, 55, 47
15034, 14, 73, 72, 1, 14, 0
15144, 1, 2, 2, 0, 1, 0
15190, 63, 80, 68, 12, 23, 40
15387, 13, 4, 3, 1, 8, 5
15436, 30, 25, 25, 0, 25, 5
15513, 1, 3, 3, 0, 1, 0
15561, 42, 56, 46, 10, 19, 23
15591, 21, 42, 41, 1, 21, 0
15626, 16, 100, 87, 13, 16, 0
15640, 22, 69, 68, 1, 20, 2
15737, 5, 3, 3, 0, 5, 0
15807, 2, 3, 3, 0, 2, 0
15812, 38, 88, 65, 23, 32, 6
15841, 3, 18, 18, 0, 3, 0
15910, 20, 21, 17, 4, 19, 1
16013, 35, 58, 57, 1, 20, 15
16029, 20, 11, 9, 2, 20, 0
16053, 47, 79, 78, 1, 47, 0
16094, 70, 164, 155, 9, 60, 10
16116, 55, 35, 35, 0, 55, 0
16132, 7, 66, 63, 3, 7, 0
16203, 39, 31, 30, 1, 37, 2
16225, 58, 31, 30, 1, 57, 1
16236, 27, 12, 11, 1, 27, 0
16267, 3, 3, 3, 0, 3, 0
16290, 44, 16, 16, 0, 44, 0
16329, 8, 18, 17, 1, 8, 0
16435, 173, 40, 38, 2, 173, 0
16555, 59, 42, 42, 0, 59, 0
16564, 104, 44, 44, 0, 104, 0
16639, 375, 240, 231, 9, 336, 39
16645, 3, 28, 27, 1, 3, 0
16726, 2, 12, 10, 2, 2, 0
16744, 74, 93, 88, 5, 55, 19
16748, 30, 12, 11, 1, 29, 1
16770, 27, 28, 22, 6, 20, 7
16795, 96, 210, 208, 2, 80, 16
16833, 118, 59, 57, 2, 108, 10
16843, 6, 88, 80, 8, 6, 0
16933, 775, 478, 455, 23, 155, 620
16973, 507, 748, 691, 57, 40, 467
17008, 28, 134, 129, 5, 28, 0
17011, 463, 336, 308, 28, 272, 191
17086, 16, 17, 17, 0, 14, 2
17216, 194, 114, 112, 2, 194, 0
17222, 80, 42, 20, 22, 79, 1
17412, 133, 93, 86, 7, 68, 65
17418, 110, 275, 249, 26, 104, 6
17510, 182, 175, 172, 3, 182, 0
17519, 62, 97, 94, 3, 60, 2
17643, 59, 81, 79, 2, 38, 21
17761, 109, 161, 157, 4, 47, 62
17798, 30, 19, 16, 3, 18, 12
17814, 70, 53, 51, 2, 70, 0
17931, 16, 30, 30, 0, 16, 0
17975, 1, 3, 3, 0, 1, 0
17987, 91, 19, 16, 3, 77, 14
18016, 20, 19, 19, 0, 20, 0
18051, 39, 54, 52, 2, 34, 5
18126, 86, 100, 98, 2, 78, 8
18150, 2, 2, 2, 0, 2, 0
18482, 56, 41, 40, 1, 56, 0
18569, 59, 12, 12, 0, 59, 0
18652, 9, 1, 1, 0, 7, 2
18846, 1, 4, 4, 0, 1, 0
18906, 26, 44, 43, 1, 24, 2
18929, 26, 27, 26, 1, 26, 0
18954, 21, 3, 3, 0, 17, 4
18957, 53, 65, 63, 2, 14, 39
18985, 2, 6, 5, 1, 2, 0
19067, 6, 2, 2, 0, 6, 0
19085, 0, 4, 4, 0, 0, 0
19182, 66, 169, 159, 10, 64, 2
19301, 11, 51, 50, 1, 11, 0
19328, 18, 46, 43, 3, 18, 0
19439, 179, 60, 59, 1, 157, 22
19487, 4, 5, 5, 0, 4, 0
19523, 82, 253, 247, 6, 70, 12
19524, 78, 47, 42, 5, 60, 18
19530, 1, 3, 2, 1, 1, 0
19658, 12, 1, 1, 0, 12, 0
19682, 123, 91, 90, 1, 114, 9
19698, 23, 9, 8, 1, 20, 3
19785, 7, 3, 2, 1, 7, 0
19931, 20, 11, 10, 1, 20, 0
19991, 2, 5, 5, 0, 2, 0
19997, 93, 139, 122, 17, 77, 16
20010, 70, 22, 19, 3, 70, 0
20161, 50, 27, 26, 1, 28, 22
20214, 13, 19, 16, 3, 6, 7
20248, 34, 45, 45, 0, 32, 2
20272, 26, 34, 31, 3, 26, 0
20382, 38, 41, 37, 4, 37, 1
20480, 26, 122, 119, 3, 26, 0
20516, 21, 21, 20, 1, 20, 1
20523, 2, 11, 10, 1, 2, 0
20543, 45, 12, 9, 3, 45, 0
20555, 1, 8, 5, 3, 1, 0
20721, 9, 14, 13, 1, 9, 0
20732, 22, 14, 12, 2, 21, 1
20759, 114, 171, 161, 10, 42, 72
20824, 114, 98, 98, 0, 114, 0
20853, 8, 1, 1, 0, 8, 0
20945, 8, 40, 39, 1, 6, 2
21081, 1, 2, 2, 0, 1, 0
21135, 32, 265, 247, 18, 20, 12
21136, 20, 17, 16, 1, 20, 0
21157, 156, 71, 63, 8, 156, 0
21168, 59, 195, 194, 1, 59, 0
21169, 25, 129, 129, 0, 25, 0
21249, 104, 333, 313, 20, 104, 0
21372, 3, 1, 1, 0, 3, 0
21400, 154, 88, 84, 4, 154, 0
21424, 66, 38, 34, 4, 25, 41
21616, 52, 48, 48, 0, 29, 23
21620, 82, 99, 91, 8, 74, 8
21738, 146, 58, 56, 2, 102, 44
21753, 21, 78, 77, 1, 21, 0
21762, 2, 4, 2, 2, 2, 0
21806, 24, 35, 32, 3, 22, 2
21862, 45, 41, 40, 1, 41, 4
22028, 18, 61, 59, 2, 18, 0
22052, 0, 13, 11, 2, 0, 0
22057, 173, 134, 125, 9, 125, 48
22110, 1, 5, 5, 0, 1, 0
22175, 79, 66, 64, 2, 73, 6
22185, 100, 36, 35, 1, 96, 4
22225, 175, 54, 50, 4, 172, 3
22553, 32, 25, 8, 17, 30, 2
22614, 281, 82, 80, 2, 281, 0
22678, 59, 65, 63, 2, 59, 0
22787, 41, 252, 238, 14, 31, 10
23011, 9, 6, 6, 0, 8, 1
23251, 79, 208, 205, 3, 77, 2
23319, 119, 28, 28, 0, 118, 1
23423, 137, 58, 58, 0, 128, 9
23469, 33, 20, 19, 1, 30, 3
23614, 4, 8, 7, 1, 4, 0
23624, 577, 63, 60, 3, 577, 0
23664, 48, 15, 15, 0, 48, 0
23758, 11, 10, 8, 2, 9, 2
24161, 223, 36, 35, 1, 223, 0
24307, 60, 207, 193, 14, 19, 41
24469, 203, 87, 86, 1, 203, 0
24497, 126, 99, 92, 7, 126, 0
24529, 111, 175, 172, 3, 109, 2
24535, 51, 46, 46, 0, 51, 0
24612, 35, 83, 81, 2, 35, 0
24812, 40, 20, 20, 0, 39, 1
24830, 38, 28, 27, 1, 34, 4
24917, 188, 86, 79, 7, 118, 70
25209, 1, 10, 9, 1, 1, 0
25282, 8, 17, 9, 8, 6, 2
25652, 107, 36, 33, 3, 104, 3
25974, 70, 118, 110, 8, 69, 1
26106, 14, 6, 6, 0, 14, 0
26159, 46, 27, 25, 2, 33, 13
26463, 288, 21, 20, 1, 288, 0
26468, 8, 6, 6, 0, 6, 2
26784, 8, 6, 6, 0, 8, 0
26971, 11, 15, 13, 2, 10, 1
27048, 74, 16, 15, 1, 74, 0
27713, 3, 4, 4, 0, 3, 0
28348, 16, 108, 105, 3, 10, 6
28499, 24, 29, 26, 3, 24, 0
28545, 5, 61, 60, 1, 5, 0
28860, 189, 73, 62, 11, 12, 177
29114, 32, 40, 25, 15, 23, 9
29633, 0, 18, 16, 2, 0, 0
29792, 55, 31, 30, 1, 55, 0
30023, 0, 4, 4, 0, 0, 0
30434, 21, 36, 26, 10, 19, 2
30709, 68, 84, 13, 71, 63, 5
30719, 3, 8, 3, 5, 3, 0
30982, 0, 3, 3, 0, 0, 0
31248, 155, 129, 121, 8, 78, 77
31289, 47, 66, 59, 7, 33, 14
31424, 1, 6, 5, 1, 1, 0
31553, 64, 26, 24, 2, 44, 20
31761, 63, 63, 63, 0, 37, 26
31930, 19, 56, 56, 0, 18, 1
31937, 55, 29, 21, 8, 54, 1
32371, 21, 201, 192, 9, 21, 0
32432, 5, 3, 2, 1, 4, 1
33875, 1, 7, 4, 3, 0, 1
34363, 74, 68, 65, 3, 59, 15
34640, 37, 16, 16, 0, 36, 1
35605, 14, 16, 5, 11, 14, 0
35801, 2, 1, 1, 0, 2, 0
36029, 1, 20, 20, 0, 1, 0
36644, 45, 26, 21, 5, 33, 12
36698, 41, 101, 97, 4, 36, 5
36775, 28, 14, 13, 1, 26, 2
37164, 54, 20, 20, 0, 52, 2
37178, 32, 21, 20, 1, 32, 0
37332, 73, 92, 92, 0, 72, 1
37497, 1, 1, 1, 0, 1, 0
37813, 58, 46, 45, 1, 55, 3
37992, 34, 19, 18, 1, 26, 8
38591, 59, 91, 88, 3, 59, 0
38696, 49, 45, 11, 34, 49, 0
38964, 54, 20, 10, 10, 54, 0
39239, 106, 36, 35, 1, 104, 2
39550, 13, 6, 6, 0, 13, 0
39780, 10, 4, 4, 0, 10, 0
41417, 42, 17, 15, 2, 38, 4
41779, 3, 19, 19, 0, 3, 0
42175, 1, 23, 1, 22, 1, 0
42701, 3, 46, 43, 3, 2, 1
42918, 28, 30, 30, 0, 28, 0
43044, 145, 72, 70, 2, 144, 1
43555, 0, 123, 123, 0, 0, 0
43746, 17, 10, 9, 1, 13, 4
44113, 0, 14, 14, 0, 0, 0
44835, 12, 12, 12, 0, 12, 0
45078, 15, 11, 11, 0, 13, 2
45467, 71, 37, 36, 1, 71, 0
46032, 306, 222, 217, 5, 306, 0
46099, 0, 42, 42, 0, 0, 0
46686, 16, 87, 83, 4, 16, 0
46791, 0, 2, 2, 0, 0, 0
47153, 4, 34, 0, 34, 3, 1
48147, 2, 4, 4, 0, 2, 0
48238, 0, 5, 5, 0, 0, 0
48602, 76, 44, 41, 3, 73, 3
48666, 4, 13, 11, 2, 4, 0
48720, 214, 38, 36, 2, 214, 0
48793, 208, 133, 117, 16, 208, 0
49859, 3, 27, 27, 0, 3, 0
50121, 0, 5, 3, 2, 0, 0
50236, 18, 36, 32, 4, 18, 0
50268, 5, 5, 5, 0, 5, 0
50524, 24, 406, 400, 6, 20, 4
50845, 1, 5, 5, 0, 1, 0
51481, 95, 14, 13, 1, 95, 0
51674, 42, 12, 9, 3, 42, 0
51867, 2, 19, 1, 18, 1, 1
51902, 8, 29, 24, 5, 8, 0
51975, 0, 7, 6, 1, 0, 0
52035, 13, 5, 2, 3, 10, 3
53716, 17, 19, 18, 1, 13, 4
54931, 7, 7, 7, 0, 7, 0
54994, 235, 97, 84, 13, 235, 0
55323, 6, 19, 17, 2, 6, 0
56498, 3, 9, 8, 1, 3, 0
58559, 71, 31, 31, 0, 67, 4
58661, 14, 10, 5, 5, 13, 1
58744, 101, 82, 80, 2, 79, 22
59356, 1, 1, 1, 0, 1, 0
59492, 43, 17, 17, 0, 43, 0
59791, 0, 3, 1, 2, 0, 0
60120, 5, 8, 7, 1, 4, 1
60379, 5, 11, 11, 0, 5, 0
60397, 0, 12, 11, 1, 0, 0
61167, 19, 14, 14, 0, 19, 0
64155, 24, 11, 11, 0, 24, 0
64453, 8, 23, 23, 0, 8, 0
65005, 3, 18, 18, 0, 3, 0
65451, 22, 6, 6, 0, 22, 0
65666, 9, 12, 12, 0, 9, 0
67512, 0, 10, 9, 1, 0, 0
67986, 31, 2, 2, 0, 31, 0
71858, 10, 8, 8, 0, 10, 0
72018, 12, 14, 14, 0, 12, 0
73151, 6, 3, 3, 0, 2, 4
75666, 4, 2, 2, 0, 4, 0
75699, 1, 2, 2, 0, 1, 0
76080, 2, 4, 4, 0, 2, 0
77238, 138, 167, 164, 3, 137, 1
77847, 1, 3, 3, 0, 1, 0
79380, 51, 147, 138, 9, 49, 2
80121, 0, 4, 3, 1, 0, 0
87902, 0, 2, 2, 0, 0, 0
89240, 0, 2, 2, 0, 0, 0
92501, 0, 1, 1, 0, 0, 0
92502, 0, 1, 1, 0, 0, 0
92503, 0, 1, 1, 0, 0, 0
92504, 0, 2, 1, 1, 0, 0
92505, 0, 1, 1, 0, 0, 0
92506, 0, 1, 1, 0, 0, 0
92507, 0, 1, 1, 0, 0, 0
92508, 0, 1, 1, 0, 0, 0
92509, 0, 1, 1, 0, 0, 0
92510, 0, 1, 1, 0, 0, 0
92874, 28, 39, 38, 1, 19, 9
97516, 2, 7, 7, 0, 2, 0
102652, 63, 72, 67, 5, 63, 0
114385, 117, 165, 101, 64, 114, 3
117270, 71, 111, 95, 16, 70, 1
1981, 11, 37, 34, 3, 11, 0
2224, 189, 481, 471, 10, 149, 40
2385, 49, 84, 80, 4, 47, 2
3161, 138, 219, 209, 10, 131, 7
6300, 15, 107, 106, 1, 13, 2
9983, 28, 10, 10, 0, 27, 1
14521, 10, 77, 73, 4, 8, 2
18153, 14, 14, 13, 1, 14, 0
24656, 53, 66, 65, 1, 53, 0
29999, 8, 31, 29, 2, 7, 1
34109, 187, 65, 64, 1, 186, 1
64252, 3, 8, 8, 0, 2, 1
71053, 1, 1, 1, 0, 1, 0
71525, 4, 6, 6, 0, 4, 0
72573, 124, 34, 34, 0, 124, 0
22, 1, 1, 0, 1, 1, 0
23, 327, 467, 373, 94, 118, 209
121, 1, 2, 0, 2, 1, 0
122, 22, 8, 5, 3, 19, 3
175, 348, 616, 601, 15, 324, 24
260, 3, 14, 5, 9, 3, 0
270, 40, 147, 139, 8, 26, 14
444, 3, 2, 1, 1, 1, 2
496, 115, 114, 98, 16, 71, 44
569, 47, 54, 38, 16, 25, 22
793, 67, 87, 78, 9, 46, 21
831, 207, 199, 174, 25, 199, 8
930, 189, 295, 280, 15, 120, 69
1123, 14, 20, 18, 2, 14, 0
1127, 252, 326, 299, 27, 78, 174
1200, 4, 7, 6, 1, 4, 0
1266, 110, 163, 154, 9, 105, 5
1323, 99, 41, 37, 4, 95, 4
1325, 212, 142, 139, 3, 212, 0
1448, 41, 43, 40, 3, 39, 2
1458, 182, 28, 28, 0, 177, 5
1459, 17, 15, 14, 1, 17, 0
1482, 396, 151, 141, 10, 68, 328
1503, 213, 226, 214, 12, 190, 23
1504, 325, 291, 273, 18, 205, 120
1532, 185, 97, 13, 84, 1, 184
1572, 2, 3, 0, 3, 1, 1
1608, 690, 209, 204, 5, 690, 0
1702, 322, 287, 274, 13, 255, 67
1757, 120, 98, 87, 11, 112, 8
1830, 220, 82, 64, 18, 220, 0
1931, 18, 27, 19, 8, 10, 8
1984, 159, 140, 126, 14, 74, 85
2292, 212, 1833, 1673, 160, 207, 5
2320, 0, 13, 11, 2, 0, 0
2350, 61, 66, 58, 8, 36, 25
2634, 6, 11, 7, 4, 6, 0
2665, 90, 41, 36, 5, 89, 1
2899, 4, 2, 0, 2, 4, 0
3007, 1, 47, 8, 39, 0, 1
3112, 312, 236, 207, 29, 173, 139
3180, 33, 32, 30, 2, 32, 1
3228, 171, 243, 227, 16, 102, 69
3334, 125, 161, 154, 7, 123, 2
3363, 129, 144, 135, 9, 123, 6
3726, 18, 41, 40, 1, 18, 0
3850, 29, 12, 8, 4, 29, 0
3996, 45, 48, 46, 2, 6, 39
4152, 2, 2, 1, 1, 1, 1
4275, 321, 96, 94, 2, 321, 0
4440, 0, 4, 2, 2, 0, 0
4508, 0, 2, 1, 1, 0, 0
4629, 40, 483, 434, 49, 5, 35
4678, 0, 17, 1, 16, 0, 0
5000, 97, 159, 121, 38, 76, 21
5025, 32, 19, 17, 2, 24, 8
5544, 130, 94, 83, 11, 11, 119
5680, 49, 17, 17, 0, 49, 0
5817, 74, 46, 44, 2, 74, 0
5864, 0, 4, 3, 1, 0, 0
5918, 7, 144, 9, 135, 6, 1
6144, 22, 15, 9, 6, 19, 3
6274, 245, 205, 185, 20, 57, 188
6488, 242, 157, 135, 22, 221, 21
6683, 10, 12, 9, 3, 10, 0
7047, 93, 164, 125, 39, 78, 15
7095, 38, 28, 26, 2, 37, 1
7338, 333, 84, 63, 21, 43, 290
7714, 81, 53, 51, 2, 44, 37
8073, 8, 5, 4, 1, 7, 1
8145, 126, 231, 221, 10, 88, 38
8217, 11, 10, 10, 0, 10, 1
8616, 34, 24, 20, 4, 22, 12
8665, 294, 330, 268, 62, 253, 41
9395, 4, 78, 65, 13, 3, 1
9610, 117, 65, 64, 1, 109, 8
9716, 49, 40, 38, 2, 41, 8
10027, 19, 16, 11, 5, 19, 0
10440, 14, 19, 19, 0, 14, 0
10726, 37, 25, 25, 0, 37, 0
10757, 163, 129, 123, 6, 155, 8
11049, 2, 5, 1, 4, 2, 0
11421, 0, 8, 5, 3, 0, 0
11571, 7, 9, 6, 3, 5, 2
12799, 25, 21, 15, 6, 21, 4
13233, 77, 31, 30, 1, 76, 1
13603, 53, 24, 21, 3, 37, 16
13803, 1, 7, 5, 2, 1, 0
14139, 0, 9, 0, 9, 0, 0
14780, 21, 18, 10, 8, 20, 1
14825, 57, 28, 23, 5, 38, 19
15263, 2, 27, 5, 22, 2, 0
16608, 33, 124, 118, 6, 31, 2
16621, 0, 9, 0, 9, 0, 0
17036, 117, 127, 115, 12, 96, 21
17163, 25, 9, 9, 0, 25, 0
17849, 0, 7, 0, 7, 0, 0
18047, 0, 6, 1, 5, 0, 0
18272, 1, 8, 1, 7, 1, 0
18581, 7, 7, 5, 2, 7, 0
19064, 29, 116, 23, 93, 24, 5
19443, 108, 41, 39, 2, 43, 65
19563, 41, 48, 34, 14, 41, 0
19970, 1, 4, 3, 1, 1, 0
20533, 34, 22, 22, 0, 34, 0
20733, 41, 36, 32, 4, 34, 7
21283, 113, 156, 132, 24, 77, 36
21390, 108, 152, 152, 0, 108, 0
21570, 253, 78, 76, 2, 246, 7
21711, 0, 4, 0, 4, 0, 0
21712, 0, 2, 0, 2, 0, 0
22594, 0, 15, 9, 6, 0, 0
23477, 274, 205, 181, 24, 204, 70
23967, 5, 3, 3, 0, 4, 1
24103, 13, 59, 57, 2, 12, 1
25091, 1, 1, 1, 0, 1, 0
25595, 127, 52, 51, 1, 127, 0
25927, 0, 3, 1, 2, 0, 0
25989, 6, 36, 5, 31, 6, 0
27192, 85, 178, 160, 18, 78, 7
27256, 47, 39, 38, 1, 47, 0
27405, 6, 56, 52, 4, 5, 1
27590, 47, 11, 4, 7, 47, 0
28086, 294, 64, 53, 11, 293, 1
29529, 15, 21, 15, 6, 15, 0
29978, 1, 2, 1, 1, 1, 0
30723, 5, 9, 7, 2, 5, 0
31017, 3, 8, 1, 7, 2, 1
31466, 166, 75, 67, 8, 166, 0
33329, 10, 5, 1, 4, 1, 9
33615, 26, 57, 4, 53, 12, 14
33782, 5, 7, 4, 3, 4, 1
37380, 1, 7, 2, 5, 0, 1
38615, 1, 2, 0, 2, 1, 0
38679, 0, 2, 1, 1, 0, 0
39356, 14, 5, 5, 0, 13, 1
39743, 1, 9, 5, 4, 1, 0
39837, 0, 2, 1, 1, 0, 0
40599, 1, 3, 2, 1, 1, 0
46227, 7, 18, 12, 6, 6, 1
55025, 0, 6, 0, 6, 0, 0
56167, 89, 147, 143, 4, 47, 42
61719, 14, 12, 7, 5, 14, 0
65221, 0, 3, 2, 1, 0, 0
66464, 106, 89, 74, 15, 81, 25
66483, 86, 51, 39, 12, 0, 86
73352, 5, 11, 5, 6, 5, 0
81845, 0, 3, 2, 1, 0, 0
82363, 74, 30, 28, 2, 74, 0
82389, 74, 45, 42, 3, 67, 7
90955, 0, 1, 0, 1, 0, 0
90956, 0, 1, 0, 1, 0, 0
90957, 0, 1, 0, 1, 0, 0
90958, 0, 2, 0, 2, 0, 0
90959, 0, 1, 0, 1, 0, 0
90960, 0, 1, 0, 1, 0, 0
91690, 2, 1, 0, 1, 0, 2
92816, 67, 104, 98, 6, 52, 15
93167, 1, 5, 0, 5, 1, 0
93676, 0, 1, 0, 1, 0, 0
93872, 5, 6, 6, 0, 5, 0
94142, 0, 1, 0, 1, 0, 0
94654, 0, 3, 2, 1, 0, 0
95264, 0, 1, 0, 1, 0, 0
95459, 13, 10, 7, 3, 13, 0
96614, 3, 1, 0, 1, 1, 2
97828, 0, 10, 0, 10, 0, 0
97915, 61, 31, 11, 20, 55, 6
98278, 0, 1, 0, 1, 0, 0
99261, 0, 2, 1, 1, 0, 0
99513, 36, 48, 47, 1, 36, 0
99515, 7, 27, 7, 20, 4, 3
100065, 4, 4, 3, 1, 4, 0
100656, 2, 7, 4, 3, 0, 2
100817, 6, 14, 2, 12, 6, 0
101926, 2, 6, 5, 1, 1, 1
102198, 0, 1, 0, 1, 0, 0
102538, 0, 9, 2, 7, 0, 0
102581, 0, 1, 0, 1, 0, 0
103083, 0, 7, 0, 7, 0, 0
103113, 2, 2, 0, 2, 0, 2
103640, 0, 2, 0, 2, 0, 0
103986, 0, 2, 0, 2, 0, 0
104088, 1, 3, 2, 1, 1, 0
104733, 5, 5, 3, 2, 5, 0
105817, 1, 2, 1, 1, 0, 1
106298, 2, 1, 0, 1, 0, 2
106325, 84, 62, 59, 3, 84, 0
106507, 1, 1, 0, 1, 1, 0
106634, 2, 9, 1, 8, 2, 0
107214, 0, 2, 0, 2, 0, 0
107323, 16, 39, 30, 9, 12, 4
107457, 4, 6, 5, 1, 3, 1
107636, 9, 5, 4, 1, 7, 2
108041, 0, 2, 0, 2, 0, 0
108233, 0, 3, 2, 1, 0, 0
108254, 0, 4, 1, 3, 0, 0
109441, 0, 4, 0, 4, 0, 0
110129, 0, 4, 1, 3, 0, 0
111249, 1, 22, 1, 21, 0, 1
112202, 0, 1, 0, 1, 0, 0
112314, 1, 1, 0, 1, 1, 0
112431, 2, 1, 0, 1, 0, 2
112539, 0, 1, 0, 1, 0, 0
113293, 0, 1, 0, 1, 0, 0
113322, 4, 7, 3, 4, 3, 1
113738, 3, 17, 14, 3, 3, 0
113919, 0, 1, 0, 1, 0, 0
114181, 0, 2, 1, 1, 0, 0
114221, 0, 1, 0, 1, 0, 0
114346, 57, 124, 121, 3, 50, 7
114421, 0, 1, 0, 1, 0, 0
114731, 23, 16, 10, 6, 17, 6
114763, 0, 1, 0, 1, 0, 0
114948, 0, 1, 0, 1, 0, 0
115069, 16, 11, 7, 4, 16, 0
115081, 0, 1, 0, 1, 0, 0
115148, 1, 2, 2, 0, 1, 0
115226, 0, 1, 0, 1, 0, 0
115240, 0, 2, 0, 2, 0, 0
115505, 20, 15, 7, 8, 20, 0
115596, 0, 1, 0, 1, 0, 0
115686, 0, 1, 0, 1, 0, 0
115975, 0, 4, 0, 4, 0, 0
116043, 6, 4, 2, 2, 0, 6
116138, 0, 2, 0, 2, 0, 0
116767, 0, 1, 0, 1, 0, 0
117174, 0, 1, 0, 1, 0, 0
117253, 1, 1, 0, 1, 1, 0
117322, 4, 1, 0, 1, 4, 0
117616, 4, 5, 5, 0, 4, 0
118918, 0, 1, 0, 1, 0, 0
119030, 4, 1, 1, 0, 4, 0
119234, 0, 1, 0, 1, 0, 0
119470, 0, 1, 0, 1, 0, 0
119874, 8, 9, 1, 8, 8, 0
119905, 0, 1, 0, 1, 0, 0
120169, 0, 16, 0, 16, 0, 0
120170, 0, 8, 0, 8, 0, 0
120703, 0, 1, 0, 1, 0, 0
120842, 1, 2, 1, 1, 1, 0
120973, 0, 1, 0, 1, 0, 0
121098, 63, 53, 51, 2, 62, 1
121569, 0, 1, 0, 1, 0, 0
121570, 0, 1, 0, 1, 0, 0
122701, 0, 1, 0, 1, 0, 0
123732, 0, 1, 0, 1, 0, 0
124137, 21, 7, 3, 4, 20, 1
124197, 3, 12, 0, 12, 3, 0
126464, 0, 1, 0, 1, 0, 0
127703, 22, 13, 13, 0, 22, 0
128721, 0, 1, 0, 1, 0, 0
128812, 0, 4, 0, 4, 0, 0
129907, 0, 1, 0, 1, 0, 0
130406, 0, 1, 0, 1, 0, 0
130736, 0, 26, 3, 23, 0, 0
24, 1, 0, 0, 0, 1, 0
205, 96, 24, 23, 1, 64, 32
549, 225, 676, 624, 52, 219, 6
665, 190, 189, 156, 33, 87, 103
666, 311, 759, 629, 130, 187, 124
717, 207, 358, 288, 70, 129, 78
943, 110, 152, 110, 42, 42, 68
1120, 78, 165, 131, 34, 59, 19
1373, 8, 96, 70, 26, 7, 1
1494, 172, 468, 424, 44, 46, 126
1816, 40, 302, 130, 172, 40, 0
1832, 129, 201, 194, 7, 93, 36
1905, 173, 398, 380, 18, 94, 79
2007, 47, 59, 36, 23, 25, 22
2050, 37, 28, 2, 26, 37, 0
2285, 381, 921, 872, 49, 327, 54
2332, 106, 242, 237, 5, 105, 1
2337, 104, 73, 71, 2, 100, 4
2751, 51, 69, 67, 2, 51, 0
2975, 107, 78, 60, 18, 107, 0
3079, 52, 120, 15, 105, 16, 36
3147, 104, 614, 591, 23, 59, 45
3710, 285, 291, 273, 18, 140, 145
4174, 219, 108, 93, 15, 204, 15
4185, 87, 129, 114, 15, 61, 26
4265, 44, 39, 29, 10, 37, 7
4830, 63, 26, 20, 6, 56, 7
5410, 149, 93, 63, 30, 143, 6
5612, 21, 125, 8, 117, 18, 3
6146, 118, 248, 237, 11, 95, 23
6271, 61, 146, 117, 29, 59, 2
6712, 3, 5, 3, 2, 1, 2
8323, 110, 105, 99, 6, 107, 3
8660, 120, 140, 132, 8, 67, 53
9080, 53, 108, 100, 8, 51, 2
9108, 23, 19, 16, 3, 19, 4
10103, 45, 78, 69, 9, 31, 14
11772, 177, 274, 262, 12, 63, 114
12047, 74, 316, 202, 114, 40, 34
12100, 35, 206, 202, 4, 20, 15
12217, 59, 86, 69, 17, 52, 7
12905, 23, 45, 43, 2, 21, 2
13632, 55, 44, 44, 0, 51, 4
14545, 130, 78, 67, 11, 112, 18
16212, 107, 62, 58, 4, 107, 0
16400, 13, 30, 13, 17, 13, 0
20238, 1, 1, 0, 1, 1, 0
21279, 72, 158, 131, 27, 16, 56
21736, 0, 42, 35, 7, 0, 0
21935, 23, 12, 10, 2, 20, 3
21966, 11, 197, 184, 13, 10, 1
23507, 17, 62, 29, 33, 2, 15
23561, 224, 376, 346, 30, 149, 75
25636, 22, 32, 30, 2, 11, 11
26200, 41, 114, 66, 48, 38, 3
28212, 2, 11, 4, 7, 2, 0
28662, 0, 7, 1, 6, 0, 0
29780, 10, 32, 14, 18, 8, 2
31829, 3, 16, 5, 11, 3, 0
32399, 15, 14, 10, 4, 13, 2
36036, 0, 32, 0, 32, 0, 0
37788, 22, 30, 5, 25, 22, 0
38385, 0, 15, 0, 15, 0, 0
42489, 0, 9, 0, 9, 0, 0
48925, 6, 11, 11, 0, 6, 0
79412, 16, 15, 9, 6, 12, 4
80820, 6, 5, 1, 4, 6, 0
97931, 41, 39, 10, 29, 41, 0
101364, 5, 13, 5, 8, 4, 1
102294, 10, 60, 7, 53, 7, 3
102457, 1, 24, 1, 23, 1, 0
106877, 2, 25, 1, 24, 2, 0
109882, 91, 61, 48, 13, 91, 0
109937, 3, 18, 1, 17, 3, 0
110146, 0, 5, 1, 4, 0, 0
110157, 5, 12, 0, 12, 5, 0
112491, 0, 12, 0, 12, 0, 0
129462, 0, 3, 0, 3, 0, 0
26, 1, 2, 1, 1, 1, 0
27, 4, 13, 2, 11, 4, 0
353, 1743, 385, 371, 14, 1740, 3
640, 60, 77, 66, 11, 51, 9
28, 1, 0, 0, 0, 1, 0
29, 0, 1, 1, 0, 0, 0
30, 1, 0, 0, 0, 1, 0
31, 140, 163, 153, 10, 63, 77
462, 213, 95, 91, 4, 81, 132
555, 109, 424, 409, 15, 72, 37
1322, 229, 393, 364, 29, 150, 79
1474, 187, 219, 191, 28, 162, 25
1505, 227, 250, 242, 8, 208, 19
1951, 420, 387, 337, 50, 294, 126
2118, 163, 213, 196, 17, 100, 63
2630, 7, 42, 15, 27, 6, 1
2839, 83, 45, 37, 8, 83, 0
3871, 190, 210, 202, 8, 54, 136
3931, 156, 218, 206, 12, 145, 11
4742, 54, 199, 183, 16, 26, 28
4910, 122, 189, 183, 6, 29, 93
5078, 108, 81, 76, 5, 56, 52
6199, 44, 59, 56, 3, 40, 4
7080, 142, 224, 214, 10, 107, 35
9221, 0, 349, 19, 330, 0, 0
10605, 34, 58, 23, 35, 28, 6
11349, 233, 257, 167, 90, 230, 3
12955, 96, 140, 127, 13, 93, 3
14325, 3, 28, 3, 25, 3, 0
15187, 16, 34, 0, 34, 9, 7
16115, 127, 164, 138, 26, 79, 48
17875, 0, 4, 1, 3, 0, 0
17886, 8, 21, 0, 21, 8, 0
19586, 0, 7, 0, 7, 0, 0
20335, 0, 3, 0, 3, 0, 0
20348, 0, 5, 0, 5, 0, 0
20351, 0, 8, 0, 8, 0, 0
21642, 97, 183, 179, 4, 94, 3
21707, 0, 6, 0, 6, 0, 0
23259, 153, 239, 223, 16, 86, 67
23975, 0, 6, 0, 6, 0, 0
24245, 21, 73, 17, 56, 21, 0
24348, 1, 3, 1, 2, 1, 0
24349, 11, 7, 3, 4, 11, 0
24787, 4, 3, 1, 2, 4, 0
25681, 3, 5, 1, 4, 3, 0
25954, 0, 7, 0, 7, 0, 0
27195, 0, 6, 0, 6, 0, 0
27242, 0, 6, 0, 6, 0, 0
27246, 0, 7, 0, 7, 0, 0
28219, 0, 12, 0, 12, 0, 0
29148, 91, 99, 93, 6, 76, 15
29742, 0, 5, 1, 4, 0, 0
29743, 0, 6, 1, 5, 0, 0
29744, 0, 9, 0, 9, 0, 0
29745, 0, 3, 0, 3, 0, 0
29746, 0, 3, 0, 3, 0, 0
29747, 0, 4, 0, 4, 0, 0
29748, 0, 4, 0, 4, 0, 0
29749, 0, 1, 0, 1, 0, 0
29750, 0, 3, 0, 3, 0, 0
29751, 0, 3, 0, 3, 0, 0
29752, 0, 2, 0, 2, 0, 0
29753, 0, 2, 0, 2, 0, 0
29754, 0, 1, 0, 1, 0, 0
29755, 0, 1, 0, 1, 0, 0
29756, 0, 5, 0, 5, 0, 0
29757, 0, 2, 0, 2, 0, 0
29758, 0, 3, 0, 3, 0, 0
29759, 0, 3, 0, 3, 0, 0
29760, 0, 4, 0, 4, 0, 0
29761, 0, 6, 0, 6, 0, 0
29762, 0, 5, 0, 5, 0, 0
29763, 0, 4, 0, 4, 0, 0
29764, 0, 7, 0, 7, 0, 0
29765, 0, 1, 0, 1, 0, 0
29766, 0, 5, 0, 5, 0, 0
38634, 28, 122, 10, 112, 14, 14
66480, 72, 84, 69, 15, 52, 20
73582, 0, 14, 0, 14, 0, 0
79395, 4, 54, 32, 22, 1, 3
95545, 95, 74, 69, 5, 48, 47
103972, 5, 26, 1, 25, 5, 0
104630, 93, 89, 80, 9, 73, 20
106022, 1, 4, 1, 3, 1, 0
106636, 10, 5, 2, 3, 10, 0
108063, 0, 1, 0, 1, 0, 0
108064, 0, 2, 1, 1, 0, 0
108589, 0, 1, 0, 1, 0, 0
120604, 1, 6, 5, 1, 0, 1
32, 1, 0, 0, 0, 1, 0
33, 1, 1, 1, 0, 0, 1
34, 1, 0, 0, 0, 0, 1
263, 279, 347, 337, 10, 183, 96
370, 124, 291, 281, 10, 114, 10
643, 61, 50, 47, 3, 36, 25
922, 138, 194, 191, 3, 81, 57
1440, 226, 296, 289, 7, 189, 37
1782, 71, 377, 366, 11, 71, 0
1842, 158, 179, 169, 10, 133, 25
2157, 10, 10, 9, 1, 10, 0
2276, 221, 315, 300, 15, 90, 131
2406, 20, 206, 206, 0, 20, 0
2941, 147, 276, 265, 11, 14, 133
3017, 160, 340, 324, 16, 141, 19
3384, 128, 136, 112, 24, 88, 40
3750, 95, 297, 289, 8, 49, 46
3951, 104, 255, 249, 6, 72, 32
4341, 84, 120, 114, 6, 70, 14
4579, 176, 135, 133, 2, 172, 4
4663, 6, 58, 54, 4, 6, 0
4665, 134, 380, 347, 33, 78, 56
5216, 102, 76, 72, 4, 90, 12
5398, 151, 159, 145, 14, 120, 31
7003, 31, 38, 38, 0, 31, 0
7307, 2, 27, 23, 4, 2, 0
7576, 60, 176, 83, 93, 60, 0
7906, 92, 86, 80, 6, 92, 0
9078, 5, 3, 3, 0, 5, 0
11033, 49, 45, 42, 3, 31, 18
11216, 18, 39, 38, 1, 12, 6
11716, 20, 92, 50, 42, 20, 0
12067, 62, 135, 133, 2, 26, 36
12193, 4, 28, 2, 26, 2, 2
13893, 149, 102, 99, 3, 103, 46
14632, 78, 140, 137, 3, 70, 8
14883, 140, 236, 215, 21, 123, 17
16762, 117, 51, 45, 6, 91, 26
18277, 93, 129, 123, 6, 25, 68
23587, 35, 19, 19, 0, 35, 0
27905, 0, 20, 0, 20, 0, 0
28196, 0, 3, 0, 3, 0, 0
28197, 0, 4, 0, 4, 0, 0
28198, 0, 4, 0, 4, 0, 0
28274, 24, 168, 164, 4, 21, 3
29445, 191, 88, 84, 4, 47, 144
31593, 1, 43, 0, 43, 1, 0
31720, 64, 38, 38, 0, 63, 1
32263, 74, 36, 35, 1, 72, 2
35807, 1, 6, 1, 5, 1, 0
37772, 72, 310, 48, 262, 69, 3
38556, 0, 145, 4, 141, 0, 0
38967, 0, 12, 0, 12, 0, 0
39945, 36, 32, 12, 20, 22, 14
41376, 0, 28, 3, 25, 0, 0
43219, 2, 19, 4, 15, 2, 0
44421, 24, 130, 3, 127, 24, 0
44580, 1, 7, 1, 6, 1, 0
45099, 0, 30, 0, 30, 0, 0
49299, 0, 13, 0, 13, 0, 0
49301, 0, 21, 0, 21, 0, 0
49640, 0, 7, 0, 7, 0, 0
49845, 6, 1, 0, 1, 2, 4
51627, 13, 26, 2, 24, 11, 2
51653, 2, 51, 2, 49, 2, 0
52491, 0, 6, 0, 6, 0, 0
52517, 1, 21, 2, 19, 1, 0
52899, 1, 15, 1, 14, 1, 0
53454, 0, 4, 0, 4, 0, 0
59959, 0, 3, 0, 3, 0, 0
62946, 0, 4, 0, 4, 0, 0
77676, 0, 3, 0, 3, 0, 0
79857, 1, 5, 0, 5, 1, 0
92224, 0, 2, 0, 2, 0, 0
92225, 0, 2, 0, 2, 0, 0
36, 1, 0, 0, 0, 1, 0
37, 4, 9, 9, 0, 4, 0
62669, 0, 3, 3, 0, 0, 0
64220, 1, 3, 2, 1, 1, 0
65506, 2, 3, 3, 0, 2, 0
85419, 0, 1, 1, 0, 0, 0
38, 1, 0, 0, 0, 1, 0
39, 95, 126, 118, 8, 54, 41
578, 901, 737, 614, 123, 193, 708
1291, 191, 192, 186, 6, 95, 96
1324, 68, 82, 81, 1, 66, 2
1403, 85, 163, 148, 15, 61, 24
1697, 81, 115, 107, 8, 75, 6
2346, 107, 118, 114, 4, 96, 11
2733, 184, 199, 189, 10, 132, 52
3236, 67, 121, 111, 10, 56, 11
3589, 4, 6, 6, 0, 4, 0
3753, 116, 257, 238, 19, 112, 4
4154, 89, 85, 82, 3, 81, 8
4199, 33, 47, 43, 4, 33, 0
4216, 65, 278, 259, 19, 65, 0
4350, 82, 130, 122, 8, 50, 32
4481, 8, 5, 3, 2, 8, 0
4802, 19, 30, 27, 3, 9, 10
5325, 154, 126, 114, 12, 85, 69
5673, 75, 57, 54, 3, 58, 17
5853, 48, 30, 28, 2, 46, 2
8618, 40, 106, 87, 19, 0, 40
8697, 5, 14, 11, 3, 2, 3
10572, 188, 192, 145, 47, 15, 173
11168, 61, 47, 27, 20, 61, 0
11938, 102, 30, 26, 4, 92, 10
12564, 6, 6, 3, 3, 4, 2
12713, 297, 43, 33, 10, 10, 287
15629, 6, 2, 2, 0, 6, 0
16830, 0, 4, 0, 4, 0, 0
19181, 3, 22, 3, 19, 2, 1
20362, 0, 10, 0, 10, 0, 0
20491, 9, 123, 1, 122, 9, 0
20676, 0, 8, 0, 8, 0, 0
21468, 8, 16, 6, 10, 5, 3
21490, 0, 6, 0, 6, 0, 0
22335, 9, 9, 9, 0, 9, 0
22540, 3, 9, 4, 5, 2, 1
23190, 16, 13, 11, 2, 14, 2
24770, 0, 22, 0, 22, 0, 0
26545, 21, 12, 11, 1, 20, 1
26699, 3, 3, 1, 2, 2, 1
30262, 0, 7, 0, 7, 0, 0
33750, 34, 16, 12, 4, 34, 0
36714, 65, 31, 25, 6, 63, 2
36716, 5, 2, 0, 2, 4, 1
37977, 24, 23, 20, 3, 23, 1
38862, 16, 12, 7, 5, 15, 1
52327, 0, 4, 0, 4, 0, 0
60621, 0, 3, 0, 3, 0, 0
61631, 30, 30, 29, 1, 30, 0
80801, 79, 50, 46, 4, 77, 2
92327, 1, 2, 0, 2, 1, 0
92361, 0, 1, 0, 1, 0, 0
92362, 0, 1, 0, 1, 0, 0
99967, 0, 7, 0, 7, 0, 0
102318, 0, 1, 0, 1, 0, 0
106002, 0, 1, 0, 1, 0, 0
40, 1, 0, 0, 0, 1, 0
41, 60, 74, 72, 2, 31, 29
584, 152, 198, 195, 3, 43, 109
957, 25, 15, 13, 2, 25, 0
1771, 3, 3, 3, 0, 3, 0
1866, 162, 153, 150, 3, 143, 19
2072, 82, 81, 80, 1, 69, 13
3894, 144, 197, 177, 20, 132, 12
4213, 50, 156, 149, 7, 42, 8
7765, 3, 86, 85, 1, 3, 0
8113, 88, 170, 168, 2, 80, 8
9800, 58, 94, 88, 6, 57, 1
11975, 190, 112, 106, 6, 142, 48
12280, 82, 103, 85, 18, 46, 36
16808, 8, 5, 1, 4, 7, 1
19568, 73, 100, 100, 0, 72, 1
20286, 0, 2, 0, 2, 0, 0
21739, 0, 17, 0, 17, 0, 0
22050, 0, 3, 0, 3, 0, 0
24238, 5, 76, 9, 67, 5, 0
24888, 15, 16, 13, 3, 12, 3
28043, 2, 66, 1, 65, 1, 1
31498, 4, 31, 4, 27, 4, 0
34580, 11, 77, 1, 76, 11, 0
36046, 45, 31, 30, 1, 32, 13
36534, 0, 4, 0, 4, 0, 0
43129, 0, 4, 0, 4, 0, 0
44602, 0, 16, 1, 15, 0, 0
45630, 19, 21, 19, 2, 19, 0
45631, 1, 2, 0, 2, 1, 0
45632, 0, 1, 0, 1, 0, 0
45633, 0, 10, 0, 10, 0, 0
96866, 1, 1, 1, 0, 1, 0
42, 2, 0, 0, 0, 0, 2
43, 0, 2, 1, 1, 0, 0
44, 0, 3, 1, 2, 0, 0
45, 1, 0, 0, 0, 1, 0
46, 0, 3, 3, 0, 0, 0
47, 1, 0, 0, 0, 0, 1
48, 51, 36, 34, 2, 48, 3
538, 47, 84, 79, 5, 45, 2
841, 54, 22, 21, 1, 54, 0
1615, 201, 291, 288, 3, 200, 1
2220, 594, 207, 202, 5, 566, 28
2257, 34, 29, 18, 11, 33, 1
2998, 130, 181, 172, 9, 113, 17
3174, 66, 48, 47, 1, 59, 7
3179, 12, 26, 26, 0, 12, 0
3347, 132, 157, 154, 3, 106, 26
6530, 123, 105, 101, 4, 105, 18
6844, 5, 9, 9, 0, 5, 0
7073, 23, 22, 22, 0, 23, 0
7084, 28, 17, 17, 0, 18, 10
11142, 4, 1, 1, 0, 4, 0
11143, 96, 54, 52, 2, 89, 7
11603, 16, 17, 17, 0, 13, 3
14845, 3, 46, 4, 42, 2, 1
15697, 0, 1, 0, 1, 0, 0
15698, 76, 42, 42, 0, 54, 22
15699, 25, 6, 6, 0, 25, 0
82357, 28, 22, 21, 1, 28, 0
99788, 8, 12, 9, 3, 8, 0
101111, 7, 13, 13, 0, 7, 0
49, 1, 0, 0, 0, 0, 1
307, 199, 436, 402, 34, 51, 148
647, 112, 279, 274, 5, 79, 33
878, 95, 299, 281, 18, 78, 17
1083, 158, 402, 388, 14, 106, 52
1265, 121, 63, 63, 0, 114, 7
1916, 44, 30, 25, 5, 43, 1
1947, 122, 44, 44, 0, 99, 23
2034, 134, 173, 171, 2, 134, 0
2039, 33, 42, 37, 5, 24, 9
3066, 272, 194, 179, 15, 25, 247
3158, 44, 76, 71, 5, 44, 0
3623, 178, 158, 136, 22, 46, 132
3775, 300, 83, 82, 1, 295, 5
4018, 168, 269, 32, 237, 168, 0
4082, 34, 42, 41, 1, 34, 0
4101, 127, 74, 72, 2, 127, 0
4188, 68, 186, 182, 4, 63, 5
4193, 66, 42, 38, 4, 53, 13
4222, 73, 153, 138, 15, 64, 9
4950, 73, 118, 108, 10, 29, 44
5129, 37, 24, 23, 1, 29, 8
5151, 82, 45, 42, 3, 82, 0
5358, 111, 75, 70, 5, 36, 75
5494, 46, 30, 30, 0, 44, 2
5666, 16, 25, 15, 10, 13, 3
5905, 35, 152, 151, 1, 34, 1
6303, 45, 167, 164, 3, 19, 26
7341, 40, 332, 301, 31, 17, 23
8790, 35, 25, 22, 3, 32, 3
8831, 291, 171, 153, 18, 271, 20
8953, 265, 322, 309, 13, 153, 112
9228, 96, 75, 74, 1, 96, 0
9397, 37, 40, 38, 2, 33, 4
9756, 56, 54, 51, 3, 56, 0
9787, 89, 31, 25, 6, 83, 6
9974, 369, 159, 141, 18, 331, 38
9995, 37, 153, 126, 27, 36, 1
10157, 26, 116, 79, 37, 24, 2
10970, 80, 98, 96, 2, 59, 21
11239, 237, 146, 137, 9, 129, 108
13732, 104, 337, 336, 1, 104, 0
13788, 45, 24, 23, 1, 36, 9
14011, 29, 41, 40, 1, 28, 1
14136, 0, 8, 2, 6, 0, 0
14535, 43, 145, 143, 2, 43, 0
15942, 151, 149, 148, 1, 149, 2
17514, 74, 93, 91, 2, 53, 21
18311, 58, 114, 112, 2, 53, 5
18788, 22, 45, 41, 4, 10, 12
19393, 71, 38, 35, 3, 24, 47
20717, 24, 18, 16, 2, 21, 3
21189, 48, 119, 119, 0, 45, 3
21461, 142, 142, 125, 17, 129, 13
21952, 47, 128, 127, 1, 46, 1
22373, 83, 109, 109, 0, 60, 23
22403, 18, 31, 24, 7, 13, 5
23102, 10, 6, 2, 4, 9, 1
24134, 70, 84, 84, 0, 67, 3
24459, 5, 11, 10, 1, 5, 0
28709, 19, 29, 27, 2, 16, 3
31912, 19, 12, 12, 0, 19, 0
33459, 0, 7, 0, 7, 0, 0
34415, 51, 22, 21, 1, 51, 0
37436, 0, 8, 0, 8, 0, 0
44757, 81, 169, 165, 4, 79, 2
60411, 0, 18, 0, 18, 0, 0
80971, 0, 1, 1, 0, 0, 0
51, 1, 0, 0, 0, 1, 0
212, 19, 94, 70, 24, 6, 13
1361, 122, 286, 283, 3, 119, 3
1362, 213, 54, 52, 2, 213, 0
1365, 140, 405, 378, 27, 105, 35
1376, 250, 205, 199, 6, 250, 0
1497, 128, 449, 429, 20, 116, 12
1607, 159, 392, 382, 10, 114, 45
1647, 106, 113, 109, 4, 104, 2
1650, 190, 295, 285, 10, 110, 80
1863, 119, 142, 140, 2, 118, 1
2002, 41, 17, 14, 3, 41, 0
2099, 39, 21, 19, 2, 37, 2
2934, 16, 26, 21, 5, 15, 1
3220, 278, 228, 211, 17, 207, 71
3836, 4, 25, 10, 15, 4, 0
3856, 157, 236, 216, 20, 97, 60
3857, 171, 131, 129, 2, 170, 1
3860, 159, 33, 31, 2, 159, 0
3861, 50, 87, 83, 4, 48, 2
3907, 72, 205, 198, 7, 69, 3
4924, 74, 163, 150, 13, 62, 12
5051, 98, 340, 317, 23, 56, 42
5268, 70, 30, 18, 12, 60, 10
5375, 3, 13, 9, 4, 3, 0
7145, 70, 180, 169, 11, 65, 5
9757, 225, 231, 217, 14, 198, 27
10741, 15, 15, 12, 3, 14, 1
11577, 0, 14, 11, 3, 0, 0
12509, 53, 26, 25, 1, 53, 0
14353, 5, 86, 0, 86, 5, 0
14584, 79, 46, 45, 1, 79, 0
14721, 1, 1, 0, 1, 0, 1
16316, 23, 71, 69, 2, 19, 4
17085, 0, 4, 3, 1, 0, 0
17358, 136, 127, 114, 13, 94, 42
17408, 67, 105, 98, 7, 58, 9
18010, 77, 47, 23, 24, 77, 0
18015, 13, 49, 46, 3, 13, 0
19333, 9, 8, 7, 1, 9, 0
21255, 817, 228, 168, 60, 817, 0
21309, 60, 67, 59, 8, 54, 6
21526, 4, 6, 3, 3, 4, 0
21940, 8, 91, 4, 87, 8, 0
21941, 8, 16, 3, 13, 8, 0
22542, 37, 56, 52, 4, 30, 7
24430, 6, 10, 9, 1, 4, 2
25220, 0, 9, 1, 8, 0, 0
27267, 29, 66, 62, 4, 28, 1
27281, 96, 244, 203, 41, 95, 1
27746, 6, 1, 0, 1, 5, 1
28652, 76, 53, 48, 5, 73, 3
32669, 12, 64, 10, 54, 12, 0
41035, 7, 17, 5, 12, 7, 0
41260, 1, 57, 20, 37, 1, 0
48792, 110, 169, 159, 10, 82, 28
49603, 68, 35, 27, 8, 67, 1
51195, 0, 1, 0, 1, 0, 0
51196, 1, 1, 0, 1, 1, 0
51197, 0, 1, 0, 1, 0, 0
52283, 0, 6, 1, 5, 0, 0
58753, 48, 59, 34, 25, 46, 2
59471, 0, 24, 6, 18, 0, 0
66496, 0, 7, 1, 6, 0, 0
69737, 6, 16, 5, 11, 5, 1
77259, 27, 43, 34, 9, 26, 1
79365, 65, 293, 272, 21, 33, 32
92165, 3, 20, 6, 14, 3, 0
92170, 51, 40, 39, 1, 34, 17
95588, 2, 15, 5, 10, 2, 0
95627, 105, 104, 86, 18, 104, 1
99122, 1, 41, 5, 36, 1, 0
99179, 1, 1, 0, 1, 0, 1
99738, 81, 29, 27, 2, 81, 0
100370, 0, 21, 0, 21, 0, 0
100819, 1, 18, 5, 13, 1, 0
103695, 27, 29, 24, 5, 22, 5
107567, 3, 3, 1, 2, 3, 0
108779, 3, 29, 2, 27, 3, 0
109075, 0, 1, 0, 1, 0, 0
109225, 2, 8, 2, 6, 2, 0
111577, 205, 163, 131, 32, 202, 3
111910, 23, 45, 38, 7, 16, 7
113552, 2, 21, 1, 20, 2, 0
115812, 0, 9, 0, 9, 0, 0
115866, 0, 12, 0, 12, 0, 0
115973, 0, 14, 0, 14, 0, 0
116012, 0, 4, 1, 3, 0, 0
116029, 0, 3, 2, 1, 0, 0
116090, 0, 15, 0, 15, 0, 0
116122, 2, 10, 0, 10, 1, 1
116134, 0, 29, 1, 28, 0, 0
116185, 1, 5, 1, 4, 1, 0
116186, 1, 9, 3, 6, 1, 0
116308, 5, 19, 0, 19, 3, 2
116313, 0, 9, 0, 9, 0, 0
116355, 0, 31, 0, 31, 0, 0
116470, 0, 12, 1, 11, 0, 0
116488, 0, 11, 0, 11, 0, 0
116508, 0, 15, 0, 15, 0, 0
116615, 0, 3, 0, 3, 0, 0
116624, 1, 4, 0, 4, 1, 0
116645, 0, 13, 0, 13, 0, 0
116837, 0, 6, 0, 6, 0, 0
116851, 0, 40, 0, 40, 0, 0
117083, 1, 3, 0, 3, 1, 0
117188, 0, 5, 0, 5, 0, 0
117391, 0, 1, 0, 1, 0, 0
118458, 5, 14, 4, 10, 5, 0
118474, 3, 14, 4, 10, 3, 0
118682, 2, 3, 1, 2, 1, 1
118788, 5, 6, 1, 5, 5, 0
118864, 0, 3, 0, 3, 0, 0
119510, 0, 7, 0, 7, 0, 0
120877, 32, 4, 2, 2, 32, 0
122516, 0, 3, 1, 2, 0, 0
126170, 0, 2, 0, 2, 0, 0
130226, 2, 6, 2, 4, 2, 0
130291, 0, 2, 0, 2, 0, 0
53, 1, 3, 1, 2, 1, 0
54, 0, 3, 1, 2, 0, 0
55, 2, 0, 0, 0, 0, 2
56, 40, 39, 20, 19, 40, 0
167, 1893, 421, 399, 22, 1893, 0
321, 1780, 334, 281, 53, 1776, 4
441, 138, 91, 84, 7, 126, 12
1817, 82, 100, 84, 16, 81, 1
2489, 10, 33, 11, 22, 9, 1
2601, 46, 44, 37, 7, 34, 12
2848, 7, 7, 3, 4, 7, 0
3830, 55, 97, 90, 7, 25, 30
4621, 10, 7, 7, 0, 8, 2
6886, 0, 2, 2, 0, 0, 0
7303, 2, 11, 5, 6, 2, 0
8567, 6, 2, 2, 0, 0, 6
11123, 2, 3, 2, 1, 2, 0
12471, 18, 24, 8, 16, 18, 0
12472, 0, 1, 1, 0, 0, 0
12473, 0, 2, 2, 0, 0, 0
1443, 161, 87, 70, 17, 158, 3
1636, 70, 121, 107, 14, 61, 9
2010, 769, 346, 293, 53, 393, 376
2161, 43, 134, 108, 26, 39, 4
2395, 5, 63, 8, 55, 2, 3
2560, 42, 240, 217, 23, 41, 1
2879, 85, 128, 107, 21, 59, 26
4738, 6, 10, 8, 2, 4, 2
4940, 199, 68, 46, 22, 196, 3
5549, 11, 15, 14, 1, 11, 0
5591, 127, 192, 39, 153, 108, 19
6269, 74, 20, 14, 6, 70, 4
8148, 63, 87, 62, 25, 38, 25
9871, 42, 49, 45, 4, 20, 22
10902, 34, 15, 12, 3, 30, 4
11998, 39, 35, 33, 2, 36, 3
12060, 116, 138, 133, 5, 115, 1
12177, 97, 108, 103, 5, 74, 23
12535, 69, 97, 74, 23, 68, 1
15275, 44, 60, 55, 5, 36, 8
15347, 110, 89, 82, 7, 2, 108
15543, 159, 187, 180, 7, 92, 67
16936, 392, 404, 374, 30, 310, 82
17375, 133, 145, 140, 5, 123, 10
21254, 34, 72, 68, 4, 23, 11
21610, 3, 4, 4, 0, 3, 0
22657, 129, 99, 67, 32, 119, 10
26339, 1, 9, 3, 6, 1, 0
27218, 65, 103, 98, 5, 62, 3
28766, 12, 14, 11, 3, 9, 3
29738, 35, 26, 21, 5, 34, 1
30644, 8, 40, 14, 26, 7, 1
32583, 7, 7, 6, 1, 7, 0
33574, 8, 24, 18, 6, 7, 1
34978, 18, 50, 49, 1, 18, 0
36617, 0, 68, 1, 67, 0, 0
37142, 1, 15, 2, 13, 1, 0
38968, 8, 62, 10, 52, 5, 3
40174, 2, 2, 0, 2, 1, 1
40360, 14, 9, 1, 8, 14, 0
41237, 6, 24, 6, 18, 6, 0
42347, 9, 19, 1, 18, 8, 1
43653, 34, 12, 12, 0, 32, 2
46717, 10, 15, 2, 13, 10, 0
52516, 7, 14, 1, 13, 6, 1
54055, 139, 75, 21, 54, 139, 0
55110, 16, 34, 3, 31, 16, 0
65850, 1, 2, 0, 2, 1, 0
83703, 1, 2, 2, 0, 1, 0
89635, 0, 1, 0, 1, 0, 0
89636, 0, 1, 0, 1, 0, 0
89637, 0, 1, 0, 1, 0, 0
129523, 11, 8, 8, 0, 11, 0
129543, 12, 7, 5, 2, 12, 0
58, 1, 0, 0, 0, 1, 0
59, 21, 2, 2, 0, 21, 0
2313, 10, 9, 9, 0, 10, 0
2316, 11, 23, 23, 0, 8, 3
11104, 173, 152, 148, 4, 158, 15
12127, 65, 124, 117, 7, 35, 30
12130, 57, 64, 64, 0, 57, 0
15823, 5, 5, 5, 0, 5, 0
16820, 34, 31, 29, 2, 34, 0
17843, 39, 44, 43, 1, 38, 1
20039, 4, 5, 5, 0, 3, 1
28279, 33, 29, 29, 0, 33, 0
31789, 29, 19, 19, 0, 29, 0
34904, 13, 6, 5, 1, 12, 1
44353, 23, 17, 15, 2, 21, 2
49799, 6, 13, 12, 1, 6, 0
57847, 12, 11, 11, 0, 12, 0
59681, 18, 24, 24, 0, 18, 0
62558, 9, 7, 7, 0, 9, 0
63047, 28, 26, 26, 0, 28, 0
63120, 7, 7, 7, 0, 7, 0
93216, 0, 1, 1, 0, 0, 0
60, 1, 0, 0, 0, 1, 0
61, 1, 4, 4, 0, 1, 0
62, 1, 0, 0, 0, 1, 0
63, 11, 28, 10, 18, 11, 0
661, 393, 437, 359, 78, 86, 307
2177, 1, 4, 3, 1, 1, 0
2178, 4, 7, 6, 1, 4, 0
4139, 1, 1, 1, 0, 1, 0
5181, 81, 21, 20, 1, 81, 0
6023, 15, 38, 20, 18, 15, 0
6396, 9, 28, 15, 13, 8, 1
11291, 3, 5, 3, 2, 3, 0
93530, 2, 8, 5, 3, 2, 0
64, 1, 0, 0, 0, 0, 1
65, 0, 2, 1, 1, 0, 0
66, 4, 0, 0, 0, 1, 3
67, 2, 4, 3, 1, 2, 0
68, 2, 4, 3, 1, 2, 0
69, 8, 10, 6, 4, 8, 0
70, 0, 1, 1, 0, 0, 0
43052, 12, 15, 13, 2, 11, 1
55192, 5, 5, 5, 0, 5, 0
88584, 0, 1, 1, 0, 0, 0
42941, 244, 48, 31, 17, 244, 0
44535, 10, 41, 6, 35, 10, 0
45533, 1, 2, 1, 1, 1, 0
46135, 1, 1, 1, 0, 1, 0
71, 1, 0, 0, 0, 1, 0
72, 2, 6, 6, 0, 2, 0
182, 2, 1, 1, 0, 2, 0
73, 1, 0, 0, 0, 1, 0
74, 1, 1, 0, 1, 0, 1
75, 11, 9, 4, 5, 11, 0
2309, 30, 29, 26, 3, 30, 0
3242, 36, 37, 37, 0, 36, 0
4042, 9, 13, 4, 9, 9, 0
4043, 14, 11, 6, 5, 14, 0
4044, 0, 40, 37, 3, 0, 0
4087, 46, 55, 52, 3, 36, 10
5252, 3, 7, 6, 1, 3, 0
5420, 8, 11, 5, 6, 8, 0
19823, 5, 5, 4, 1, 5, 0
98417, 4, 4, 3, 1, 4, 0
76, 1, 0, 0, 0, 0, 1
77, 1, 3, 1, 2, 1, 0
11538, 1, 3, 3, 0, 1, 0
78, 1, 0, 0, 0, 1, 0
199, 17, 24, 23, 1, 16, 1
425, 94, 47, 47, 0, 28, 66
445, 64, 258, 184, 74, 55, 9
552, 176, 330, 304, 26, 43, 133
657, 200, 435, 413, 22, 124, 76
700, 47, 100, 94, 6, 45, 2
713, 20, 274, 37, 237, 20, 0
729, 120, 127, 123, 4, 105, 15
750, 75, 140, 129, 11, 73, 2
842, 105, 150, 147, 3, 72, 33
847, 13, 63, 58, 5, 11, 2
944, 129, 145, 111, 34, 74, 55
963, 61, 109, 106, 3, 31, 30
1004, 139, 149, 141, 8, 86, 53
1092, 170, 381, 373, 8, 151, 19
1117, 82, 132, 126, 6, 79, 3
1166, 254, 71, 67, 4, 254, 0
1308, 51, 93, 88, 5, 46, 5
1442, 109, 60, 54, 6, 68, 41
1449, 84, 70, 68, 2, 73, 11
1812, 21, 20, 20, 0, 21, 0
1820, 97, 163, 115, 48, 91, 6
1884, 64, 249, 243, 6, 36, 28
1923, 25, 41, 37, 4, 21, 4
1943, 33, 30, 29, 1, 33, 0
1946, 130, 288, 245, 43, 89, 41
2345, 107, 106, 102, 4, 73, 34
2480, 58, 133, 108, 25, 48, 10
2503, 67, 60, 55, 5, 55, 12
2643, 111, 193, 184, 9, 69, 42
2763, 109, 139, 134, 5, 93, 16
3000, 16, 68, 31, 37, 6, 10
3064, 4, 218, 203, 15, 4, 0
3067, 49, 141, 125, 16, 44, 5
3151, 40, 183, 158, 25, 38, 2
3616, 31, 39, 39, 0, 31, 0
3625, 119, 138, 121, 17, 75, 44
3691, 68, 182, 148, 34, 58, 10
3927, 84, 106, 100, 6, 59, 25
3930, 75, 180, 135, 45, 71, 4
3965, 14, 84, 29, 55, 4, 10
3972, 57, 79, 78, 1, 28, 29
4040, 43, 105, 27, 78, 23, 20
4272, 41, 60, 58, 2, 35, 6
4273, 31, 92, 79, 13, 30, 1
4303, 4, 11, 4, 7, 4, 0
4381, 46, 95, 89, 6, 40, 6
4775, 115, 142, 135, 7, 76, 39
4870, 74, 124, 113, 11, 42, 32
4872, 67, 121, 114, 7, 56, 11
4906, 215, 133, 121, 12, 110, 105
5395, 90, 84, 80, 4, 54, 36
5482, 128, 58, 55, 3, 127, 1
5517, 342, 243, 195, 48, 339, 3
5562, 50, 93, 23, 70, 45, 5
5668, 38, 75, 30, 45, 23, 15
5669, 632, 251, 171, 80, 91, 541
5765, 43, 44, 42, 2, 43, 0
5928, 8, 29, 1, 28, 3, 5
6034, 76, 116, 107, 9, 67, 9
6288, 22, 60, 50, 10, 22, 0
6298, 213, 264, 260, 4, 133, 80
6309, 123, 160, 152, 8, 45, 78
6349, 127, 178, 123, 55, 122, 5
6713, 86, 89, 74, 15, 16, 70
7078, 91, 221, 209, 12, 77, 14
7131, 1, 2, 0, 2, 0, 1
7377, 10, 43, 39, 4, 7, 3
7715, 8, 84, 6, 78, 7, 1
7717, 15, 138, 18, 120, 15, 0
8007, 31, 24, 24, 0, 25, 6
8222, 24, 16, 13, 3, 24, 0
8242, 24, 54, 52, 2, 22, 2
8687, 0, 3, 0, 3, 0, 0
8833, 94, 450, 433, 17, 77, 17
9230, 26, 102, 96, 6, 26, 0
9459, 2, 24, 1, 23, 2, 0
9622, 250, 128, 119, 9, 249, 1
9763, 164, 300, 297, 3, 102, 62
10264, 133, 101, 99, 2, 132, 1
10358, 32, 32, 27, 5, 27, 5
10371, 7, 100, 3, 97, 4, 3
10372, 2, 31, 1, 30, 2, 0
10456, 11, 18, 5, 13, 8, 3
10599, 71, 50, 47, 3, 43, 28
10938, 402, 75, 50, 25, 401, 1
11450, 85, 99, 77, 22, 85, 0
11667, 2, 67, 51, 16, 2, 0
11687, 115, 65, 60, 5, 80, 35
11720, 218, 196, 180, 16, 217, 1
11783, 36, 40, 29, 11, 36, 0
11856, 226, 180, 174, 6, 226, 0
11875, 294, 189, 183, 6, 294, 0
11910, 336, 152, 105, 47, 336, 0
12016, 178, 324, 89, 235, 54, 124
12066, 0, 7, 0, 7, 0, 0
12203, 6, 14, 13, 1, 5, 1
12489, 1, 3, 1, 2, 1, 0
12600, 11, 11, 9, 2, 10, 1
12673, 6, 3, 2, 1, 6, 0
12760, 168, 102, 94, 8, 90, 78
12940, 27, 37, 24, 13, 26, 1
12994, 35, 36, 25, 11, 35, 0
13095, 41, 249, 37, 212, 40, 1
13116, 32, 77, 73, 4, 19, 13
13264, 74, 43, 35, 8, 60, 14
13906, 4, 1, 0, 1, 4, 0
14039, 10, 14, 8, 6, 7, 3
14040, 4, 9, 5, 4, 4, 0
14041, 9, 11, 7, 4, 7, 2
14125, 4, 19, 5, 14, 3, 1
14131, 0, 28, 18, 10, 0, 0
14140, 0, 9, 0, 9, 0, 0
14202, 0, 65, 0, 65, 0, 0
14209, 3, 7, 6, 1, 3, 0
14709, 0, 5, 0, 5, 0, 0
14794, 0, 6, 0, 6, 0, 0
15273, 0, 8, 0, 8, 0, 0
15282, 81, 33, 27, 6, 42, 39
15391, 18, 41, 38, 3, 18, 0
15533, 10, 3, 0, 3, 10, 0
15917, 22, 26, 17, 9, 19, 3
16332, 2, 6, 1, 5, 2, 0
17041, 103, 83, 77, 6, 97, 6
17110, 13, 29, 18, 11, 13, 0
17831, 46, 66, 64, 2, 36, 10
17996, 61, 148, 110, 38, 61, 0
18064, 290, 110, 100, 10, 62, 228
18530, 49, 37, 36, 1, 49, 0
18535, 29, 43, 41, 2, 27, 2
18585, 5, 25, 2, 23, 5, 0
18586, 0, 2, 1, 1, 0, 0
18587, 0, 3, 1, 2, 0, 0
18828, 139, 231, 172, 59, 61, 78
18915, 163, 52, 41, 11, 27, 136
19052, 138, 280, 65, 215, 113, 25
19207, 28, 70, 27, 43, 28, 0
19392, 6, 9, 2, 7, 5, 1
19402, 0, 8, 0, 8, 0, 0
19407, 0, 7, 0, 7, 0, 0
19588, 0, 5, 0, 5, 0, 0
19676, 2, 7, 3, 4, 2, 0
19867, 40, 49, 47, 2, 31, 9
19887, 16, 7, 4, 3, 16, 0
20004, 23, 16, 16, 0, 20, 3
20402, 0, 8, 0, 8, 0, 0
20680, 0, 7, 0, 7, 0, 0
20753, 1, 4, 1, 3, 1, 0
20994, 123, 99, 64, 35, 123, 0
21599, 0, 5, 0, 5, 0, 0
21608, 41, 8, 7, 1, 41, 0
21718, 0, 5, 0, 5, 0, 0
22134, 17, 25, 6, 19, 12, 5
22156, 9, 12, 1, 11, 6, 3
22663, 0, 6, 0, 6, 0, 0
22854, 0, 23, 0, 23, 0, 0
22930, 58, 24, 8, 16, 57, 1
23258, 22, 89, 4, 85, 3, 19
23320, 1, 6, 0, 6, 0, 1
23321, 8, 93, 0, 93, 6, 2
23375, 2, 88, 12, 76, 2, 0
23488, 37, 32, 31, 1, 37, 0
23508, 30, 27, 26, 1, 30, 0
23509, 42, 98, 85, 13, 35, 7
23543, 47, 52, 50, 2, 34, 13
24150, 94, 40, 31, 9, 93, 1
24188, 1, 66, 2, 64, 1, 0
24895, 2, 40, 0, 40, 1, 1
24896, 1, 8, 0, 8, 1, 0
25664, 11, 40, 32, 8, 10, 1
25684, 15, 8, 5, 3, 15, 0
25824, 0, 13, 0, 13, 0, 0
26488, 0, 6, 0, 6, 0, 0
26489, 0, 6, 0, 6, 0, 0
26535, 1, 5, 0, 5, 0, 1
26551, 1, 5, 0, 5, 0, 1
26993, 17, 29, 29, 0, 17, 0
27181, 0, 51, 0, 51, 0, 0
27249, 0, 10, 0, 10, 0, 0
27425, 0, 6, 0, 6, 0, 0
27829, 4, 8, 0, 8, 2, 2
28134, 0, 3, 0, 3, 0, 0
28251, 36, 15, 9, 6, 36, 0
28679, 1, 40, 2, 38, 1, 0
28730, 36, 23, 21, 2, 17, 19
28863, 1, 17, 3, 14, 1, 0
29103, 0, 5, 0, 5, 0, 0
29292, 2, 2, 0, 2, 2, 0
29439, 16, 8, 8, 0, 13, 3
29779, 2, 6, 2, 4, 0, 2
30311, 89, 84, 34, 50, 85, 4
30380, 15, 153, 10, 143, 4, 11
30472, 2, 3, 0, 3, 2, 0
30716, 0, 7, 0, 7, 0, 0
31590, 0, 8, 0, 8, 0, 0
32033, 188, 44, 38, 6, 188, 0
32203, 42, 105, 15, 90, 39, 3
32237, 59, 47, 36, 11, 56, 3
32741, 0, 5, 0, 5, 0, 0
33089, 28, 4, 3, 1, 28, 0
33378, 8, 15, 12, 3, 8, 0
33656, 4, 94, 92, 2, 0, 4
34107, 40, 15, 5, 10, 16, 24
34255, 0, 3, 0, 3, 0, 0
34322, 5, 7, 2, 5, 4, 1
34439, 6, 7, 5, 2, 6, 0
34579, 3, 54, 3, 51, 3, 0
34976, 17, 34, 22, 12, 17, 0
35997, 32, 229, 29, 200, 26, 6
36096, 0, 2, 0, 2, 0, 0
36227, 8, 10, 2, 8, 6, 2
36768, 8, 12, 9, 3, 7, 1
37057, 4, 7, 3, 4, 4, 0
37087, 0, 9, 0, 9, 0, 0
37235, 1, 4, 2, 2, 0, 1
37535, 29, 38, 24, 14, 14, 15
37749, 1, 11, 0, 11, 0, 1
37785, 8, 22, 13, 9, 8, 0
38020, 13, 57, 8, 49, 13, 0
38308, 0, 4, 1, 3, 0, 0
38368, 0, 5, 0, 5, 0, 0
38491, 0, 2, 0, 2, 0, 0
38534, 2, 17, 10, 7, 1, 1
38535, 9, 56, 15, 41, 9, 0
38942, 129, 46, 45, 1, 121, 8
38971, 30, 168, 13, 155, 27, 3
39133, 0, 5, 0, 5, 0, 0
39135, 0, 3, 0, 3, 0, 0
39343, 12, 10, 4, 6, 11, 1
39460, 34, 80, 0, 80, 34, 0
39941, 3, 9, 3, 6, 3, 0
40372, 6, 28, 5, 23, 6, 0
40404, 3, 3, 3, 0, 3, 0
40509, 1, 18, 0, 18, 1, 0
41066, 1, 6, 0, 6, 1, 0
41532, 0, 3, 0, 3, 0, 0
41544, 5, 12, 6, 6, 5, 0
41664, 12, 32, 7, 25, 12, 0
41703, 0, 17, 0, 17, 0, 0
42044, 9, 24, 16, 8, 9, 0
42062, 82, 36, 18, 18, 82, 0
42486, 0, 4, 0, 4, 0, 0
42524, 3, 2, 1, 1, 3, 0
42737, 1, 46, 2, 44, 1, 0
42788, 0, 16, 1, 15, 0, 0
42842, 0, 6, 0, 6, 0, 0
42878, 90, 111, 94, 17, 90, 0
43222, 1, 24, 0, 24, 1, 0
43942, 127, 17, 6, 11, 127, 0
44018, 17, 20, 3, 17, 17, 0
44204, 1, 11, 0, 11, 1, 0
44205, 2, 18, 0, 18, 2, 0
44412, 1, 19, 2, 17, 1, 0
44413, 1, 4, 0, 4, 1, 0
45890, 1, 7, 2, 5, 1, 0
45916, 1, 15, 0, 15, 1, 0
46000, 24, 38, 12, 26, 19, 5
46201, 9, 82, 45, 37, 9, 0
46484, 7, 54, 7, 47, 4, 3
47687, 3, 1, 0, 1, 3, 0
48377, 3, 9, 7, 2, 3, 0
48826, 0, 5, 0, 5, 0, 0
48832, 0, 4, 0, 4, 0, 0
48833, 0, 4, 0, 4, 0, 0
49472, 3, 37, 0, 37, 3, 0
49510, 15, 29, 8, 21, 11, 4
49559, 4, 4, 2, 2, 3, 1
49754, 2, 27, 1, 26, 2, 0
50526, 1, 8, 1, 7, 1, 0
50646, 1, 10, 2, 8, 1, 0
51522, 0, 3, 0, 3, 0, 0
51571, 5, 2, 1, 1, 4, 1
52115, 0, 2, 0, 2, 0, 0
52276, 4, 16, 1, 15, 3, 1
52352, 126, 182, 179, 3, 126, 0
52510, 4, 55, 2, 53, 4, 0
53851, 0, 6, 0, 6, 0, 0
54373, 0, 5, 0, 5, 0, 0
54378, 0, 3, 0, 3, 0, 0
54381, 0, 3, 0, 3, 0, 0
54382, 0, 2, 0, 2, 0, 0
54588, 0, 5, 0, 5, 0, 0
54649, 36, 41, 18, 23, 35, 1
54758, 12, 31, 0, 31, 12, 0
55135, 2, 4, 3, 1, 1, 1
55170, 89, 72, 65, 7, 89, 0
55358, 1, 20, 5, 15, 0, 1
55657, 1, 24, 11, 13, 0, 1
55694, 1, 7, 1, 6, 0, 1
56139, 28, 27, 15, 12, 28, 0
56159, 1, 13, 3, 10, 1, 0
56386, 7, 2, 0, 2, 6, 1
56456, 88, 36, 19, 17, 88, 0
56495, 1, 20, 0, 20, 1, 0
56751, 3, 102, 97, 5, 3, 0
56752, 172, 45, 31, 14, 172, 0
56838, 1, 5, 0, 5, 1, 0
57056, 2, 57, 4, 53, 2, 0
57471, 30, 99, 96, 3, 30, 0
58844, 0, 9, 0, 9, 0, 0
59754, 0, 11, 1, 10, 0, 0
59756, 0, 8, 1, 7, 0, 0
59757, 0, 8, 0, 8, 0, 0
59758, 0, 6, 0, 6, 0, 0
59759, 0, 3, 1, 2, 0, 0
59760, 0, 1, 0, 1, 0, 0
59761, 0, 4, 3, 1, 0, 0
59762, 0, 2, 0, 2, 0, 0
59763, 0, 6, 0, 6, 0, 0
59764, 14, 2, 1, 1, 13, 1
59765, 0, 9, 1, 8, 0, 0
59766, 0, 1, 0, 1, 0, 0
59767, 0, 1, 0, 1, 0, 0
59768, 0, 1, 0, 1, 0, 0
59769, 0, 1, 0, 1, 0, 0
59770, 0, 1, 0, 1, 0, 0
59771, 0, 1, 0, 1, 0, 0
59772, 0, 1, 0, 1, 0, 0
59773, 0, 1, 0, 1, 0, 0
59774, 0, 1, 0, 1, 0, 0
59775, 0, 1, 0, 1, 0, 0
59776, 0, 1, 0, 1, 0, 0
59777, 0, 1, 0, 1, 0, 0
59778, 0, 1, 0, 1, 0, 0
59779, 0, 7, 0, 7, 0, 0
59780, 0, 1, 0, 1, 0, 0
59781, 0, 1, 0, 1, 0, 0
59782, 0, 1, 0, 1, 0, 0
59783, 0, 1, 0, 1, 0, 0
59784, 0, 3, 0, 3, 0, 0
59785, 0, 6, 0, 6, 0, 0
59786, 0, 1, 0, 1, 0, 0
59787, 0, 1, 0, 1, 0, 0
59788, 0, 4, 1, 3, 0, 0
59789, 0, 1, 0, 1, 0, 0
59790, 0, 3, 0, 3, 0, 0
59792, 0, 1, 0, 1, 0, 0
59793, 0, 1, 0, 1, 0, 0
59794, 0, 1, 0, 1, 0, 0
63646, 4, 15, 0, 15, 4, 0
80824, 30, 66, 65, 1, 30, 0
82359, 3, 62, 37, 25, 2, 1
94973, 6, 33, 3, 30, 6, 0
96181, 7, 11, 5, 6, 7, 0
98336, 101, 141, 132, 9, 101, 0
100017, 63, 78, 73, 5, 55, 8
101802, 30, 34, 33, 1, 28, 2
103539, 1, 12, 0, 12, 1, 0
105627, 2, 4, 1, 3, 2, 0
108333, 3, 12, 1, 11, 3, 0
109675, 1, 99, 2, 97, 1, 0
117487, 54, 26, 24, 2, 54, 0
80, 1, 0, 0, 0, 0, 1
81, 1, 5, 4, 1, 0, 1
85113, 0, 1, 0, 1, 0, 0
82, 1, 0, 0, 0, 1, 0
83, 11, 10, 6, 4, 11, 0
39909, 109, 74, 73, 1, 109, 0
84, 1, 0, 0, 0, 1, 0
85, 3, 12, 12, 0, 3, 0
55239, 22, 15, 15, 0, 22, 0
86, 5, 3, 3, 0, 5, 0
87, 21, 22, 21, 1, 20, 1
88, 46, 26, 24, 2, 39, 7
89, 3, 2, 2, 0, 3, 0
93482, 0, 3, 3, 0, 0, 0
94398, 1, 1, 1, 0, 1, 0
2364, 228, 166, 161, 5, 162, 66
3472, 57, 88, 84, 4, 43, 14
3617, 30, 214, 212, 2, 21, 9
11070, 72, 105, 100, 5, 72, 0
11447, 20, 15, 15, 0, 17, 3
14556, 125, 110, 109, 1, 125, 0
15582, 101, 136, 128, 8, 86, 15
26470, 25, 29, 29, 0, 25, 0
30728, 3, 4, 4, 0, 3, 0
32047, 11, 7, 4, 3, 11, 0
34330, 15, 51, 48, 3, 14, 1
39492, 1, 1, 1, 0, 1, 0
50650, 2, 2, 2, 0, 2, 0
53663, 18, 7, 7, 0, 18, 0
632, 119, 216, 203, 13, 108, 11
1808, 108, 147, 144, 3, 107, 1
1925, 184, 168, 158, 10, 169, 15
2266, 60, 192, 183, 9, 47, 13
2291, 33, 88, 81, 7, 32, 1
3240, 26, 49, 49, 0, 25, 1
3801, 58, 112, 110, 2, 58, 0
5456, 95, 63, 61, 2, 75, 20
5717, 47, 120, 112, 8, 28, 19
6329, 24, 27, 22, 5, 24, 0
6465, 89, 57, 51, 6, 34, 55
6904, 0, 2, 0, 2, 0, 0
9016, 16, 23, 20, 3, 14, 2
9850, 1, 1, 0, 1, 0, 1
10149, 0, 8, 0, 8, 0, 0
11604, 285, 254, 241, 13, 220, 65
13779, 288, 119, 114, 5, 288, 0
14370, 0, 1, 0, 1, 0, 0
14371, 0, 1, 0, 1, 0, 0
14372, 24, 10, 10, 0, 16, 8
14373, 0, 1, 1, 0, 0, 0
14374, 0, 2, 0, 2, 0, 0
90, 3, 0, 0, 0, 2, 1
91, 1, 5, 3, 2, 1, 0
92, 1, 0, 0, 0, 1, 0
93, 19, 50, 44, 6, 18, 1
1788, 121, 227, 224, 3, 59, 62
4197, 98, 129, 127, 2, 64, 34
4652, 14, 15, 13, 2, 13, 1
21314, 183, 154, 148, 6, 59, 124
57096, 22, 7, 6, 1, 22, 0
82147, 20, 44, 37, 7, 0, 20
94, 1, 1, 0, 1, 1, 0
95, 0, 35, 13, 22, 0, 0
96, 1, 0, 0, 0, 1, 0
97, 44, 6, 6, 0, 44, 0
352, 140, 161, 154, 7, 135, 5
1699, 60, 110, 105, 5, 27, 33
2084, 176, 327, 317, 10, 176, 0
3833, 19, 90, 68, 22, 2, 17
3877, 140, 94, 93, 1, 140, 0
4333, 16, 33, 32, 1, 12, 4
5639, 59, 77, 71, 6, 6, 53
9381, 264, 132, 131, 1, 139, 125
14544, 129, 150, 137, 13, 122, 7
15296, 78, 50, 49, 1, 68, 10
15438, 25, 20, 19, 1, 24, 1
19164, 19, 37, 37, 0, 15, 4
22056, 103, 64, 60, 4, 40, 63
24455, 25, 35, 33, 2, 22, 3
24878, 0, 12, 11, 1, 0, 0
39036, 19, 19, 19, 0, 19, 0
41729, 4, 6, 5, 1, 4, 0
44593, 2, 2, 2, 0, 2, 0
48595, 7, 26, 26, 0, 7, 0
51189, 4, 9, 9, 0, 3, 1
51267, 0, 3, 3, 0, 0, 0
51268, 0, 2, 2, 0, 0, 0
51269, 3, 2, 1, 1, 2, 1
51270, 28, 20, 20, 0, 26, 2
51271, 1, 1, 1, 0, 1, 0
98, 1, 0, 0, 0, 1, 0
99, 1, 0, 0, 0, 0, 1
100, 6, 8, 7, 1, 6, 0
1904, 47, 27, 26, 1, 43, 4
101, 1, 0, 0, 0, 0, 1
102, 32, 26, 23, 3, 29, 3
328, 318, 118, 112, 6, 318, 0
8174, 81, 20, 20, 0, 80, 1
13772, 52, 64, 64, 0, 35, 17
14665, 53, 53, 52, 1, 53, 0
16275, 41, 37, 32, 5, 41, 0
27987, 0, 6, 0, 6, 0, 0
39094, 3, 4, 2, 2, 3, 0
43121, 1, 2, 1, 1, 1, 0
44425, 1, 4, 4, 0, 1, 0
44685, 4, 16, 13, 3, 3, 1
44903, 4, 82, 82, 0, 4, 0
45983, 1, 5, 4, 1, 1, 0
53660, 58, 20, 19, 1, 58, 0
55076, 2, 2, 1, 1, 1, 1
65924, 8, 11, 5, 6, 8, 0
73150, 2, 2, 2, 0, 2, 0
77016, 14, 6, 6, 0, 13, 1
80954, 10, 9, 9, 0, 10, 0
86146, 0, 2, 2, 0, 0, 0
86405, 0, 1, 1, 0, 0, 0
86406, 0, 1, 1, 0, 0, 0
103, 1, 0, 0, 0, 1, 0
104, 104, 63, 62, 1, 104, 0
1600, 110, 33, 32, 1, 110, 0
2430, 120, 45, 45, 0, 120, 0
3193, 46, 88, 87, 1, 42, 4
3380, 131, 622, 614, 8, 82, 49
3654, 70, 216, 211, 5, 70, 0
3842, 150, 415, 395, 20, 28, 122
3883, 107, 260, 259, 1, 69, 38
4389, 139, 234, 225, 9, 88, 51
5566, 130, 77, 69, 8, 99, 31
7283, 156, 147, 146, 1, 154, 2
8282, 104, 52, 50, 2, 104, 0
8950, 26, 47, 46, 1, 25, 1
9167, 27, 159, 159, 0, 23, 4
9353, 70, 68, 66, 2, 70, 0
9928, 5, 30, 30, 0, 5, 0
10113, 104, 82, 79, 3, 102, 2
10425, 40, 154, 151, 3, 39, 1
11410, 133, 230, 226, 4, 132, 1
11903, 135, 132, 132, 0, 135, 0
11914, 97, 156, 153, 3, 87, 10
12132, 130, 111, 110, 1, 130, 0
12753, 10, 24, 24, 0, 10, 0
13329, 68, 46, 32, 14, 54, 14
13769, 11, 77, 74, 3, 11, 0
14532, 69, 39, 37, 2, 59, 10
14946, 34, 49, 49, 0, 32, 2
15344, 14, 113, 111, 2, 9, 5
15519, 67, 103, 103, 0, 60, 7
15594, 78, 100, 91, 9, 77, 1
15861, 140, 103, 101, 2, 90, 50
19541, 36, 20, 14, 6, 20, 16
21187, 108, 66, 66, 0, 108, 0
21188, 84, 47, 47, 0, 84, 0
21621, 184, 113, 110, 3, 180, 4
21972, 21, 68, 68, 0, 21, 0
23234, 73, 171, 170, 1, 36, 37
24458, 42, 71, 71, 0, 42, 0
24539, 29, 63, 63, 0, 29, 0
24718, 98, 62, 62, 0, 77, 21
26314, 7, 44, 33, 11, 7, 0
26585, 16, 29, 28, 1, 14, 2
28456, 20, 80, 76, 4, 19, 1
29865, 168, 104, 102, 2, 168, 0
30040, 12, 10, 10, 0, 12, 0
30708, 281, 187, 182, 5, 263, 18
34669, 50, 100, 100, 0, 50, 0
35562, 112, 82, 81, 1, 111, 1
36337, 73, 58, 57, 1, 73, 0
38190, 41, 52, 51, 1, 41, 0
39299, 52, 116, 116, 0, 43, 9
42753, 28, 52, 49, 3, 28, 0
45474, 53, 93, 92, 1, 44, 9
47279, 100, 63, 62, 1, 100, 0
48846, 14, 13, 12, 1, 14, 0
50351, 44, 28, 27, 1, 44, 0
53563, 35, 29, 29, 0, 35, 0
54678, 65, 42, 42, 0, 65, 0
57708, 62, 58, 58, 0, 62, 0
58986, 6, 16, 16, 0, 6, 0
60810, 51, 41, 41, 0, 51, 0
60886, 48, 36, 36, 0, 48, 0
62135, 17, 15, 15, 0, 17, 0
64036, 4, 10, 10, 0, 4, 0
64479, 11, 21, 21, 0, 11, 0
65169, 12, 11, 11, 0, 12, 0
65318, 152, 72, 72, 0, 152, 0
68591, 25, 15, 15, 0, 25, 0
68688, 7, 14, 14, 0, 7, 0
68722, 0, 4, 4, 0, 0, 0
68723, 12, 7, 7, 0, 12, 0
69088, 110, 51, 51, 0, 110, 0
70082, 1, 2, 2, 0, 1, 0
79154, 2, 2, 2, 0, 2, 0
105, 1, 1, 0, 1, 1, 0
135, 123, 192, 175, 17, 110, 13
1235, 114, 76, 74, 2, 114, 0
1612, 10, 57, 52, 5, 4, 6
2058, 34, 53, 21, 32, 34, 0
3868, 5, 16, 8, 8, 5, 0
4362, 30, 31, 31, 0, 30, 0
4510, 1, 11, 4, 7, 1, 0
4540, 107, 224, 215, 9, 101, 6
9819, 21, 26, 23, 3, 20, 1
10401, 27, 76, 49, 27, 27, 0
13476, 38, 126, 71, 55, 36, 2
13669, 72, 68, 52, 16, 72, 0
14507, 114, 96, 44, 52, 114, 0
14566, 2, 2, 0, 2, 2, 0
15136, 176, 260, 238, 22, 127, 49
17350, 177, 140, 130, 10, 171, 6
17377, 89, 105, 100, 5, 36, 53
19725, 2, 6, 0, 6, 2, 0
21312, 46, 77, 60, 17, 46, 0
24273, 91, 163, 159, 4, 66, 25
24416, 1, 3, 1, 2, 0, 1
25832, 1, 3, 0, 3, 1, 0
26090, 1, 44, 2, 42, 1, 0
26091, 39, 34, 5, 29, 39, 0
26572, 41, 69, 2, 67, 39, 2
27721, 11, 5, 4, 1, 8, 3
28539, 24, 20, 10, 10, 24, 0
31079, 0, 5, 2, 3, 0, 0
33092, 115, 62, 61, 1, 29, 86
33957, 8, 10, 5, 5, 6, 2
61359, 49, 87, 70, 17, 49, 0
63710, 88, 111, 89, 22, 53, 35
94812, 3, 9, 5, 4, 3, 0
95648, 120, 47, 4, 43, 120, 0
95775, 0, 13, 0, 13, 0, 0
96067, 0, 14, 0, 14, 0, 0
109370, 2, 4, 1, 3, 2, 0
110067, 0, 35, 0, 35, 0, 0
117661, 72, 83, 80, 3, 72, 0
122367, 3, 2, 1, 1, 3, 0
122515, 1, 2, 0, 2, 1, 0
122699, 0, 3, 0, 3, 0, 0
127902, 5, 4, 0, 4, 5, 0
128901, 1, 1, 0, 1, 1, 0
131256, 4, 6, 2, 4, 4, 0
107, 1, 0, 0, 0, 1, 0
108, 4, 3, 2, 1, 1, 3
3376, 198, 236, 195, 41, 114, 84
6278, 44, 292, 178, 114, 24, 20
9400, 0, 1, 0, 1, 0, 0
109, 1, 0, 0, 0, 1, 0
110, 2, 6, 6, 0, 2, 0
1149, 192, 379, 336, 43, 45, 147
111, 2, 2, 2, 0, 2, 0
112, 3, 9, 9, 0, 3, 0
113, 12, 24, 13, 11, 3, 9
41294, 2, 3, 3, 0, 2, 0
313, 100, 195, 180, 15, 60, 40
3089, 256, 94, 73, 21, 243, 13
3862, 172, 141, 138, 3, 143, 29
5204, 12, 18, 11, 7, 11, 1
7639, 9, 7, 4, 3, 8, 1
47751, 1, 22, 19, 3, 1, 0
93560, 168, 139, 42, 97, 159, 9
94651, 9, 19, 1, 18, 4, 5
114, 1, 0, 0, 0, 1, 0
115, 1, 0, 0, 0, 0, 1
116, 178, 220, 207, 13, 150, 28
323, 147, 256, 246, 10, 146, 1
491, 83, 81, 77, 4, 67, 16
910, 41, 58, 53, 5, 31, 10
961, 250, 307, 293, 14, 112, 138
1133, 67, 212, 203, 9, 43, 24
1215, 35, 22, 22, 0, 27, 8
1273, 2, 2, 2, 0, 2, 0
1353, 23, 86, 81, 5, 21, 2
1418, 327, 108, 84, 24, 21, 306
1690, 334, 244, 231, 13, 219, 115
1810, 98, 175, 167, 8, 96, 2
1828, 137, 185, 154, 31, 135, 2
1835, 19, 34, 31, 3, 19, 0
1961, 64, 87, 81, 6, 49, 15
2198, 39, 74, 73, 1, 32, 7
2247, 36, 28, 27, 1, 23, 13
2931, 139, 80, 68, 12, 138, 1
2959, 76, 97, 87, 10, 73, 3
2980, 92, 125, 114, 11, 90, 2
3135, 85, 31, 27, 4, 85, 0
3261, 3, 5, 4, 1, 3, 0
3573, 137, 82, 76, 6, 112, 25
4527, 42, 23, 19, 4, 39, 3
4662, 92, 121, 119, 2, 89, 3
4957, 31, 63, 53, 10, 26, 5
5079, 367, 47, 42, 5, 367, 0
5188, 32, 44, 40, 4, 32, 0
5399, 33, 57, 48, 9, 31, 2
5897, 71, 101, 98, 3, 31, 40
6243, 70, 106, 104, 2, 57, 13
6330, 56, 74, 65, 9, 51, 5
6721, 100, 127, 116, 11, 79, 21
8156, 99, 112, 108, 4, 72, 27
9441, 89, 65, 63, 2, 78, 11
9954, 129, 73, 72, 1, 51, 78
10017, 19, 10, 10, 0, 13, 6
10431, 120, 56, 52, 4, 119, 1
11684, 45, 60, 57, 3, 39, 6
12842, 25, 27, 19, 8, 23, 2
13035, 30, 41, 32, 9, 27, 3
13473, 91, 40, 39, 1, 58, 33
15774, 0, 5, 3, 2, 0, 0
16976, 19, 30, 30, 0, 17, 2
19178, 76, 40, 39, 1, 66, 10
19353, 12, 12, 8, 4, 12, 0
20216, 36, 51, 48, 3, 30, 6
22658, 27, 38, 38, 0, 23, 4
23078, 27, 30, 29, 1, 26, 1
25629, 12, 13, 11, 2, 12, 0
28318, 88, 91, 91, 0, 88, 0
32599, 3, 2, 2, 0, 3, 0
33754, 104, 160, 152, 8, 101, 3
33944, 50, 46, 41, 5, 50, 0
34858, 30, 24, 17, 7, 29, 1
36686, 3, 33, 8, 25, 3, 0
40052, 3, 1, 1, 0, 3, 0
47852, 193, 86, 77, 9, 160, 33
48372, 0, 18, 0, 18, 0, 0
54858, 0, 8, 0, 8, 0, 0
57072, 27, 29, 24, 5, 27, 0
58733, 77, 71, 39, 32, 75, 2
63711, 5, 5, 5, 0, 5, 0
67647, 0, 13, 0, 13, 0, 0
77232, 133, 500, 482, 18, 89, 44
92155, 172, 145, 137, 8, 98, 74
93203, 69, 13, 11, 2, 69, 0
96253, 6, 2, 2, 0, 6, 0
99093, 52, 59, 56, 3, 50, 2
102958, 25, 40, 40, 0, 19, 6
103276, 5, 12, 0, 12, 4, 1
103928, 12, 12, 9, 3, 12, 0
104821, 0, 5, 0, 5, 0, 0
105547, 6, 4, 4, 0, 6, 0
105600, 24, 11, 11, 0, 9, 15
112298, 66, 29, 16, 13, 66, 0
113248, 0, 1, 0, 1, 0, 0
115448, 32, 21, 16, 5, 32, 0
117716, 41, 41, 35, 6, 35, 6
125640, 880, 3, 2, 1, 10, 870
117, 1, 0, 0, 0, 0, 1
118, 9, 23, 17, 6, 9, 0
5777, 119, 171, 153, 18, 90, 29
6958, 28, 53, 50, 3, 22, 6
7079, 44, 154, 150, 4, 42, 2
11289, 48, 67, 52, 15, 45, 3
43179, 18, 7, 7, 0, 13, 5
51661, 0, 2, 2, 0, 0, 0
119, 1, 0, 0, 0, 0, 1
120, 5, 10, 8, 2, 5, 0
30989, 13, 14, 13, 1, 12, 1
32919, 105, 112, 65, 47, 100, 5
50208, 3, 2, 1, 1, 3, 0
52469, 2, 5, 5, 0, 2, 0
735, 882, 257, 247, 10, 881, 1
3994, 30, 87, 87, 0, 28, 2
6494, 7, 18, 17, 1, 7, 0
10144, 85, 47, 41, 6, 71, 14
11466, 2, 9, 9, 0, 2, 0
23470, 57, 15, 6, 9, 57, 0
33095, 11, 9, 9, 0, 11, 0
33828, 4, 2, 2, 0, 2, 2
45038, 31, 21, 14, 7, 31, 0
54910, 0, 1, 1, 0, 0, 0
54911, 0, 1, 1, 0, 0, 0
54912, 0, 2, 2, 0, 0, 0
54913, 0, 1, 1, 0, 0, 0
54914, 0, 1, 1, 0, 0, 0
96444, 2, 3, 2, 1, 2, 0
101981, 0, 2, 1, 1, 0, 0
103762, 5, 6, 3, 3, 5, 0
123, 1, 0, 0, 0, 1, 0
124, 0, 1, 1, 0, 0, 0
125, 1, 0, 0, 0, 1, 0
126, 1, 4, 3, 1, 1, 0
3477, 3, 6, 6, 0, 3, 0
127, 1, 0, 0, 0, 1, 0
128, 37, 37, 37, 0, 35, 2
438, 21, 39, 35, 4, 20, 1
2378, 169, 275, 220, 55, 50, 119
4514, 69, 159, 148, 11, 62, 7
5502, 40, 25, 21, 4, 40, 0
19573, 37, 24, 23, 1, 18, 19
20669, 0, 49, 0, 49, 0, 0
20860, 24, 19, 19, 0, 22, 2
21363, 4, 3, 3, 0, 4, 0
21364, 9, 11, 11, 0, 9, 0
21861, 10, 46, 46, 0, 10, 0
24872, 9, 8, 8, 0, 9, 0
26214, 1, 23, 2, 21, 1, 0
27954, 205, 127, 127, 0, 196, 9
28648, 4, 2, 2, 0, 4, 0
29152, 3, 2, 2, 0, 3, 0
29867, 79, 40, 40, 0, 75, 4
30324, 3, 9, 8, 1, 3, 0
30325, 18, 20, 19, 1, 17, 1
30553, 5, 1, 1, 0, 5, 0
31883, 4, 7, 7, 0, 4, 0
48441, 99, 20, 20, 0, 99, 0
50560, 6, 3, 3, 0, 6, 0
83631, 0, 2, 2, 0, 0, 0
111323, 29, 20, 20, 0, 28, 1
129, 4, 1, 1, 0, 4, 0
130, 18, 9, 8, 1, 18, 0
105268, 31, 24, 24, 0, 31, 0
2134, 99, 38, 37, 1, 95, 4
2889, 40, 38, 38, 0, 38, 2
2904, 51, 136, 130, 6, 51, 0
3069, 5, 42, 33, 9, 0, 5
12226, 0, 1, 1, 0, 0, 0
12227, 5, 6, 6, 0, 5, 0
15495, 37, 44, 40, 4, 36, 1
104416, 16, 3, 3, 0, 16, 0
696, 42, 46, 43, 3, 40, 2
1175, 13, 14, 13, 1, 13, 0
1231, 216, 74, 70, 4, 215, 1
1394, 146, 156, 153, 3, 119, 27
1674, 30, 18, 17, 1, 30, 0
1893, 183, 74, 73, 1, 183, 0
1950, 109, 100, 90, 10, 62, 47
2284, 75, 80, 77, 3, 75, 0
2288, 21, 128, 128, 0, 5, 16
3163, 127, 85, 76, 9, 34, 93
3198, 98, 113, 112, 1, 91, 7
3848, 24, 236, 215, 21, 22, 2
3878, 40, 29, 28, 1, 37, 3
4144, 44, 29, 23, 6, 42, 2
4562, 59, 42, 37, 5, 39, 20
4643, 54, 54, 52, 2, 54, 0
5206, 86, 49, 46, 3, 76, 10
6163, 103, 71, 69, 2, 49, 54
6340, 91, 108, 105, 3, 54, 37
6534, 70, 89, 73, 16, 45, 25
10083, 118, 94, 87, 7, 108, 10
10570, 84, 94, 90, 4, 38, 46
12762, 3, 5, 4, 1, 2, 1
13300, 36, 92, 84, 8, 28, 8
16507, 101, 90, 90, 0, 52, 49
17735, 0, 9, 0, 9, 0, 0
17893, 0, 6, 0, 6, 0, 0
19051, 1, 17, 0, 17, 1, 0
19248, 0, 4, 0, 4, 0, 0
20110, 44, 60, 59, 1, 44, 0
20205, 0, 13, 0, 13, 0, 0
20322, 0, 8, 0, 8, 0, 0
20396, 0, 7, 0, 7, 0, 0
20414, 0, 6, 0, 6, 0, 0
20549, 0, 5, 0, 5, 0, 0
20550, 0, 4, 0, 4, 0, 0
20724, 0, 9, 0, 9, 0, 0
21250, 0, 10, 0, 10, 0, 0
22049, 0, 6, 1, 5, 0, 0
22958, 58, 20, 18, 2, 56, 2
23468, 88, 128, 118, 10, 0, 88
25205, 57, 66, 56, 10, 53, 4
27219, 0, 6, 0, 6, 0, 0
27426, 0, 12, 0, 12, 0, 0
27525, 0, 8, 0, 8, 0, 0
28128, 0, 4, 0, 4, 0, 0
28131, 0, 2, 0, 2, 0, 0
28785, 0, 6, 0, 6, 0, 0
30714, 0, 5, 0, 5, 0, 0
30997, 48, 10, 9, 1, 40, 8
36210, 0, 4, 0, 4, 0, 0
40612, 0, 3, 0, 3, 0, 0
42826, 0, 8, 0, 8, 0, 0
52131, 0, 5, 0, 5, 0, 0
58794, 38, 40, 35, 5, 24, 14
58951, 0, 7, 0, 7, 0, 0
66471, 50, 18, 16, 2, 26, 24
72699, 0, 2, 0, 2, 0, 0
72700, 0, 4, 0, 4, 0, 0
73357, 0, 4, 0, 4, 0, 0
73359, 0, 4, 0, 4, 0, 0
74520, 0, 3, 0, 3, 0, 0
78538, 0, 5, 0, 5, 0, 0
78539, 0, 1, 0, 1, 0, 0
78540, 0, 1, 0, 1, 0, 0
78541, 0, 1, 0, 1, 0, 0
78542, 0, 2, 0, 2, 0, 0
78543, 0, 2, 0, 2, 0, 0
78544, 0, 1, 0, 1, 0, 0
132, 1, 0, 0, 0, 1, 0
133, 14, 6, 6, 0, 11, 3
1290, 74, 103, 96, 7, 62, 12
1489, 51, 150, 145, 5, 51, 0
4220, 58, 112, 105, 7, 52, 6
5423, 57, 149, 141, 8, 54, 3
5424, 76, 13, 9, 4, 74, 2
5425, 0, 1, 0, 1, 0, 0
5426, 69, 77, 41, 36, 66, 3
95260, 0, 2, 2, 0, 0, 0
103607, 59, 60, 57, 3, 58, 1
105218, 0, 1, 0, 1, 0, 0
134, 4, 0, 0, 0, 4, 0
2022, 63, 70, 60, 10, 63, 0
147, 138, 165, 152, 13, 79, 59
368, 71, 174, 161, 13, 70, 1
408, 117, 199, 183, 16, 75, 42
656, 11, 132, 115, 17, 9, 2
784, 175, 170, 156, 14, 172, 3
1016, 37, 149, 135, 14, 18, 19
1052, 18, 38, 38, 0, 18, 0
1307, 67, 93, 90, 3, 51, 16
1380, 105, 56, 55, 1, 105, 0
1499, 74, 352, 322, 30, 67, 7
1565, 63, 57, 53, 4, 48, 15
1952, 101, 350, 305, 45, 94, 7
2018, 4, 1, 1, 0, 4, 0
2019, 42, 67, 59, 8, 35, 7
2024, 55, 40, 36, 4, 51, 4
3159, 175, 191, 165, 26, 118, 57
3483, 75, 161, 143, 18, 59, 16
3624, 36, 81, 77, 4, 24, 12
3709, 85, 218, 208, 10, 58, 27
3829, 54, 281, 273, 8, 39, 15
3979, 27, 42, 36, 6, 23, 4
4008, 47, 97, 92, 5, 16, 31
5703, 35, 96, 85, 11, 21, 14
5962, 1, 6, 2, 4, 1, 0
6564, 63, 45, 42, 3, 63, 0
6822, 165, 83, 76, 7, 158, 7
7343, 72, 62, 61, 1, 70, 2
9270, 122, 122, 114, 8, 90, 32
9504, 53, 163, 155, 8, 50, 3
9528, 63, 58, 49, 9, 59, 4
12700, 27, 29, 27, 2, 27, 0
12701, 30, 60, 57, 3, 18, 12
21272, 25, 120, 114, 6, 24, 1
22780, 36, 35, 25, 10, 3, 33
22874, 4, 16, 13, 3, 4, 0
23288, 7, 13, 12, 1, 7, 0
23574, 27, 21, 17, 4, 14, 13
44140, 0, 4, 4, 0, 0, 0
45867, 85, 64, 60, 4, 51, 34
58786, 54, 57, 57, 0, 54, 0
69757, 0, 10, 8, 2, 0, 0
94326, 6, 7, 7, 0, 6, 0
94864, 15, 35, 31, 4, 15, 0
95443, 2, 60, 5, 55, 0, 2
96110, 2, 10, 4, 6, 2, 0
97753, 0, 4, 0, 4, 0, 0
100236, 0, 1, 0, 1, 0, 0
103342, 55, 83, 70, 13, 36, 19
104336, 3, 12, 2, 10, 3, 0
107311, 1, 3, 3, 0, 1, 0
110668, 0, 3, 2, 1, 0, 0
110869, 4, 9, 6, 3, 3, 1
110899, 0, 1, 0, 1, 0, 0
136, 1, 0, 0, 0, 1, 0
137, 0, 4, 2, 2, 0, 0
138, 1, 0, 0, 0, 1, 0
139, 0, 8, 5, 3, 0, 0
140, 1, 0, 0, 0, 0, 1
141, 150, 185, 175, 10, 87, 63
797, 74, 57, 55, 2, 67, 7
1152, 59, 101, 95, 6, 33, 26
1168, 33, 38, 34, 4, 19, 14
1267, 99, 102, 81, 21, 98, 1
1446, 69, 73, 61, 12, 42, 27
1710, 39, 51, 51, 0, 33, 6
1954, 35, 339, 309, 30, 35, 0
2264, 56, 43, 42, 1, 56, 0
2362, 186, 198, 187, 11, 182, 4
2399, 216, 167, 162, 5, 188, 28
2484, 119, 151, 146, 5, 107, 12
2925, 20, 118, 8, 110, 20, 0
3090, 132, 52, 50, 2, 129, 3
3150, 15, 39, 32, 7, 14, 1
3202, 145, 69, 61, 8, 145, 0
5019, 2, 40, 0, 40, 2, 0
5353, 0, 3, 0, 3, 0, 0
5404, 20, 9, 9, 0, 20, 0
5976, 5, 40, 2, 38, 5, 0
6919, 0, 6, 0, 6, 0, 0
7132, 0, 6, 0, 6, 0, 0
7532, 28, 16, 15, 1, 26, 2
7759, 267, 160, 140, 20, 212, 55
8049, 66, 47, 45, 2, 62, 4
9308, 10, 7, 6, 1, 10, 0
9516, 2, 24, 2, 22, 2, 0
11265, 2, 20, 4, 16, 2, 0
12777, 0, 37, 0, 37, 0, 0
13247, 1, 20, 1, 19, 1, 0
14307, 0, 16, 0, 16, 0, 0
14579, 3, 26, 8, 18, 2, 1
15207, 4, 22, 1, 21, 4, 0
18514, 33, 22, 20, 2, 24, 9
19092, 48, 28, 26, 2, 47, 1
20882, 64, 54, 54, 0, 64, 0
21316, 54, 51, 51, 0, 50, 4
21408, 65, 55, 51, 4, 65, 0
21905, 7, 12, 3, 9, 4, 3
22571, 0, 4, 0, 4, 0, 0
23544, 3, 6, 0, 6, 3, 0
23745, 7, 27, 22, 5, 7, 0
24342, 13, 17, 17, 0, 13, 0
25481, 0, 4, 0, 4, 0, 0
25697, 14, 30, 15, 15, 13, 1
26255, 2, 31, 1, 30, 1, 1
27383, 0, 10, 1, 9, 0, 0
29105, 1, 84, 0, 84, 1, 0
31739, 0, 14, 0, 14, 0, 0
33325, 0, 7, 0, 7, 0, 0
33471, 213, 57, 32, 25, 213, 0
34412, 0, 4, 0, 4, 0, 0
37544, 10, 24, 3, 21, 8, 2
39529, 23, 44, 2, 42, 23, 0
40980, 0, 2, 0, 2, 0, 0
42870, 0, 23, 0, 23, 0, 0
43882, 0, 8, 0, 8, 0, 0
49790, 0, 5, 0, 5, 0, 0
49791, 0, 13, 0, 13, 0, 0
49792, 0, 1, 0, 1, 0, 0
49793, 0, 1, 0, 1, 0, 0
49794, 0, 2, 0, 2, 0, 0
49795, 2, 6, 3, 3, 2, 0
49796, 0, 3, 0, 3, 0, 0
49797, 0, 2, 1, 1, 0, 0
57081, 1, 44, 1, 43, 1, 0
79404, 67, 96, 93, 3, 61, 6
80785, 20, 41, 37, 4, 20, 0
94369, 79, 14, 11, 3, 79, 0
97121, 0, 2, 0, 2, 0, 0
105908, 0, 73, 0, 73, 0, 0
111907, 0, 1, 0, 1, 0, 0
142, 1, 0, 0, 0, 0, 1
168, 20, 86, 80, 6, 15, 5
423, 18, 200, 183, 17, 15, 3
600, 0, 4, 4, 0, 0, 0
1043, 34, 157, 156, 1, 30, 4
1960, 101, 204, 190, 14, 57, 44
2174, 50, 28, 23, 5, 49, 1
2275, 46, 39, 34, 5, 10, 36
2671, 7, 40, 33, 7, 6, 1
3340, 52, 70, 68, 2, 44, 8
4165, 1, 7, 6, 1, 1, 0
4554, 40, 87, 75, 12, 38, 2
5758, 167, 138, 123, 15, 83, 84
6116, 9, 48, 47, 1, 9, 0
7296, 38, 11, 10, 1, 38, 0
7500, 13, 20, 18, 2, 13, 0
7939, 50, 32, 30, 2, 23, 27
8115, 52, 74, 66, 8, 47, 5
8504, 24, 30, 30, 0, 22, 2
8636, 3, 184, 9, 175, 3, 0
8725, 34, 17, 17, 0, 16, 18
9096, 141, 114, 67, 47, 122, 19
11474, 56, 47, 43, 4, 54, 2
12315, 8, 36, 22, 14, 8, 0
12504, 629, 147, 122, 25, 42, 587
12787, 121, 87, 81, 6, 121, 0
13319, 11, 6, 6, 0, 11, 0
13500, 84, 27, 25, 2, 82, 2
13733, 64, 42, 40, 2, 23, 41
13993, 4, 5, 5, 0, 4, 0
15239, 169, 24, 22, 2, 169, 0
17365, 8, 5, 4, 1, 8, 0
18318, 18, 23, 20, 3, 18, 0
20312, 0, 7, 0, 7, 0, 0
21300, 53, 51, 49, 2, 53, 0
21481, 17, 74, 73, 1, 17, 0
21759, 1, 1, 1, 0, 0, 1
22101, 52, 18, 16, 2, 51, 1
22736, 128, 144, 137, 7, 125, 3
23977, 1, 22, 17, 5, 1, 0
24525, 7, 16, 16, 0, 7, 0
24582, 23, 13, 13, 0, 19, 4
24584, 6, 100, 97, 3, 6, 0
25019, 1, 1, 1, 0, 1, 0
25569, 4, 4, 4, 0, 4, 0
26203, 4, 4, 2, 2, 3, 1
27264, 57, 50, 47, 3, 56, 1
29314, 3, 2, 2, 0, 3, 0
30361, 5, 9, 5, 4, 3, 2
31062, 42, 24, 23, 1, 42, 0
32131, 0, 17, 0, 17, 0, 0
32670, 0, 4, 1, 3, 0, 0
33908, 5, 7, 6, 1, 5, 0
34807, 1, 4, 4, 0, 0, 1
34949, 51, 35, 33, 2, 49, 2
35251, 3, 75, 3, 72, 3, 0
36437, 3, 3, 2, 1, 3, 0
37279, 3, 1, 1, 0, 2, 1
37498, 45, 120, 15, 105, 35, 10
38723, 0, 3, 2, 1, 0, 0
38778, 25, 3, 3, 0, 24, 1
39054, 38, 72, 64, 8, 38, 0
39465, 2, 10, 6, 4, 2, 0
39781, 44, 41, 39, 2, 43, 1
40136, 0, 2, 0, 2, 0, 0
42877, 0, 4, 0, 4, 0, 0
46230, 1, 4, 3, 1, 1, 0
47600, 7, 7, 7, 0, 6, 1
48043, 4, 15, 11, 4, 2, 2
48981, 0, 10, 5, 5, 0, 0
49121, 1, 1, 0, 1, 1, 0
51162, 143, 57, 57, 0, 143, 0
54409, 5, 1, 0, 1, 5, 0
55359, 6, 9, 3, 6, 4, 2
55360, 2, 8, 1, 7, 1, 1
58608, 1, 16, 16, 0, 1, 0
58759, 0, 17, 13, 4, 0, 0
64093, 1, 3, 3, 0, 1, 0
68531, 1, 1, 1, 0, 1, 0
71944, 2, 7, 7, 0, 2, 0
76099, 2, 7, 7, 0, 2, 0
78616, 1, 2, 2, 0, 1, 0
87224, 1, 4, 4, 0, 1, 0
90121, 1, 2, 2, 0, 1, 0
92577, 0, 1, 1, 0, 0, 0
92578, 0, 1, 1, 0, 0, 0
92579, 0, 1, 1, 0, 0, 0
92580, 0, 1, 1, 0, 0, 0
92581, 0, 1, 0, 1, 0, 0
93595, 46, 27, 26, 1, 46, 0
94012, 11, 31, 24, 7, 11, 0
95728, 105, 32, 16, 16, 105, 0
97666, 114, 61, 57, 4, 110, 4
97858, 33, 13, 12, 1, 28, 5
98312, 0, 3, 3, 0, 0, 0
102244, 33, 35, 33, 2, 30, 3
102503, 25, 8, 5, 3, 21, 4
103382, 68, 46, 43, 3, 57, 11
103581, 12, 2, 2, 0, 10, 2
103954, 7, 5, 1, 4, 6, 1
104695, 0, 6, 5, 1, 0, 0
105253, 0, 2, 1, 1, 0, 0
106330, 19, 8, 6, 2, 19, 0
106343, 0, 2, 2, 0, 0, 0
106644, 28, 31, 30, 1, 25, 3
108628, 5, 25, 15, 10, 4, 1
109817, 8, 14, 7, 7, 8, 0
109842, 2, 1, 1, 0, 2, 0
109874, 4, 7, 7, 0, 4, 0
110797, 20, 11, 5, 6, 20, 0
112119, 0, 24, 1, 23, 0, 0
112763, 0, 5, 4, 1, 0, 0
113183, 11, 3, 2, 1, 11, 0
113682, 34, 80, 80, 0, 30, 4
119796, 0, 1, 1, 0, 0, 0
123648, 3, 6, 5, 1, 3, 0
128116, 17, 3, 3, 0, 17, 0
130801, 0, 1, 1, 0, 0, 0
144, 1, 3, 2, 1, 1, 0
145, 11, 16, 14, 2, 11, 0
5287, 3, 13, 13, 0, 3, 0
25305, 6, 6, 5, 1, 5, 1
103488, 68, 65, 47, 18, 68, 0
146, 1, 2, 2, 0, 0, 1
755, 14, 17, 17, 0, 13, 1
1068, 1, 5, 0, 5, 1, 0
1150, 97, 64, 60, 4, 58, 39
1332, 98, 134, 127, 7, 90, 8
1665, 1, 16, 11, 5, 1, 0
2646, 0, 8, 3, 5, 0, 0
3510, 67, 133, 127, 6, 23, 44
4427, 0, 3, 1, 2, 0, 0
4804, 46, 45, 44, 1, 42, 4
4890, 52, 71, 69, 2, 48, 4
4907, 33, 35, 35, 0, 23, 10
4965, 23, 62, 55, 7, 21, 2
6593, 0, 4, 0, 4, 0, 0
6738, 2, 6, 2, 4, 2, 0
6894, 93, 137, 125, 12, 91, 2
7658, 176, 73, 64, 9, 156, 20
9457, 84, 91, 86, 5, 84, 0
9458, 102, 103, 93, 10, 99, 3
10926, 0, 5, 4, 1, 0, 0
12086, 12, 40, 39, 1, 12, 0
12648, 2, 3, 1, 2, 1, 1
14149, 11, 17, 7, 10, 11, 0
14964, 0, 12, 0, 12, 0, 0
15182, 0, 28, 0, 28, 0, 0
16136, 3, 28, 2, 26, 2, 1
16366, 2, 6, 0, 6, 1, 1
16775, 21, 33, 28, 5, 19, 2
16818, 2, 7, 0, 7, 2, 0
17060, 75, 97, 96, 1, 75, 0
17413, 81, 99, 97, 2, 80, 1
17422, 24, 61, 46, 15, 22, 2
17628, 0, 2, 1, 1, 0, 0
18614, 0, 8, 3, 5, 0, 0
19137, 0, 3, 1, 2, 0, 0
19194, 1, 19, 16, 3, 1, 0
20353, 0, 10, 0, 10, 0, 0
20400, 0, 4, 0, 4, 0, 0
22498, 0, 2, 1, 1, 0, 0
22646, 2, 14, 4, 10, 2, 0
23261, 0, 8, 0, 8, 0, 0
27275, 7, 123, 110, 13, 2, 5
28906, 0, 5, 1, 4, 0, 0
29983, 0, 4, 1, 3, 0, 0
33965, 96, 72, 65, 7, 89, 7
35545, 81, 4, 3, 1, 81, 0
39388, 4, 2, 0, 2, 1, 3
39794, 0, 5, 1, 4, 0, 0
40666, 4, 5, 1, 4, 1, 3
42765, 15, 15, 15, 0, 12, 3
54886, 0, 3, 0, 3, 0, 0
58805, 56, 46, 43, 3, 56, 0
59220, 7, 9, 7, 2, 7, 0
77255, 67, 75, 67, 8, 67, 0
92839, 185, 297, 251, 46, 185, 0
92872, 0, 3, 0, 3, 0, 0
98242, 25, 21, 18, 3, 25, 0
100414, 2, 7, 0, 7, 1, 1
103505, 10, 11, 1, 10, 10, 0
106734, 0, 4, 0, 4, 0, 0
108977, 0, 2, 1, 1, 0, 0
109578, 0, 3, 0, 3, 0, 0
109750, 0, 8, 1, 7, 0, 0
110987, 0, 2, 0, 2, 0, 0
111100, 91, 156, 150, 6, 90, 1
112324, 0, 2, 0, 2, 0, 0
112340, 0, 3, 0, 3, 0, 0
112396, 0, 24, 1, 23, 0, 0
113733, 37, 33, 30, 3, 37, 0
113937, 5, 12, 11, 1, 5, 0
114160, 0, 1, 0, 1, 0, 0
115209, 2, 19, 0, 19, 2, 0
122993, 78, 54, 47, 7, 75, 3
148, 1, 0, 0, 0, 1, 0
149, 0, 2, 1, 1, 0, 0
150, 1, 1, 1, 0, 1, 0
151, 2, 14, 14, 0, 2, 0
1902, 248, 181, 174, 7, 153, 95
17305, 18, 18, 18, 0, 10, 8
152, 1, 0, 0, 0, 1, 0
153, 11, 20, 17, 3, 11, 0
3404, 22, 29, 26, 3, 22, 0
3405, 20, 26, 25, 1, 20, 0
3407, 23, 30, 27, 3, 23, 0
3408, 33, 36, 30, 6, 33, 0
3410, 13, 20, 17, 3, 13, 0
3478, 43, 57, 53, 4, 42, 1
4230, 2, 21, 18, 3, 2, 0
13169, 0, 14, 11, 3, 0, 0
38193, 4, 12, 12, 0, 4, 0
66700, 16, 11, 11, 0, 16, 0
154, 1, 0, 0, 0, 1, 0
636, 141, 119, 106, 13, 100, 41
889, 64, 49, 48, 1, 34, 30
921, 32, 57, 55, 2, 31, 1
1354, 36, 64, 60, 4, 36, 0
1447, 309, 136, 134, 2, 307, 2
1821, 181, 174, 158, 16, 116, 65
2246, 15, 16, 10, 6, 8, 7
2274, 45, 162, 151, 11, 12, 33
2744, 61, 82, 72, 10, 61, 0
3148, 63, 61, 55, 6, 52, 11
3921, 389, 239, 190, 49, 386, 3
3945, 87, 49, 46, 3, 64, 23
3977, 29, 73, 69, 4, 18, 11
4117, 139, 142, 141, 1, 139, 0
4138, 7, 25, 24, 1, 7, 0
4544, 137, 83, 77, 6, 128, 9
4648, 3, 13, 3, 10, 0, 3
5483, 124, 111, 110, 1, 79, 45
5766, 164, 159, 149, 10, 144, 20
5945, 76, 92, 50, 42, 71, 5
6046, 0, 5, 2, 3, 0, 0
6341, 79, 130, 126, 4, 79, 0
6613, 70, 131, 128, 3, 68, 2
6943, 76, 97, 67, 30, 67, 9
7355, 73, 153, 152, 1, 67, 6
8081, 42, 65, 63, 2, 42, 0
10187, 121, 99, 96, 3, 97, 24
10260, 171, 233, 214, 19, 79, 92
10395, 63, 36, 32, 4, 53, 10
11114, 99, 128, 122, 6, 66, 33
12444, 12, 19, 17, 2, 12, 0
14272, 66, 48, 47, 1, 59, 7
14492, 15, 16, 14, 2, 15, 0
14822, 46, 9, 3, 6, 16, 30
15362, 57, 81, 74, 7, 51, 6
15425, 28, 17, 16, 1, 28, 0
16975, 111, 175, 165, 10, 105, 6
16977, 31, 28, 28, 0, 31, 0
16982, 50, 124, 109, 15, 46, 4
16996, 86, 102, 91, 11, 86, 0
17044, 93, 116, 108, 8, 91, 2
17047, 93, 175, 170, 5, 93, 0
17058, 11, 31, 28, 3, 10, 1
17202, 90, 133, 121, 12, 86, 4
17363, 66, 71, 64, 7, 66, 0
17373, 88, 320, 299, 21, 88, 0
17374, 99, 162, 151, 11, 94, 5
17392, 36, 49, 45, 4, 36, 0
17462, 107, 105, 104, 1, 55, 52
17890, 0, 3, 0, 3, 0, 0
22137, 180, 124, 122, 2, 179, 1
22276, 14, 8, 8, 0, 14, 0
27200, 177, 177, 166, 11, 26, 151
27265, 71, 80, 76, 4, 55, 16
28241, 268, 168, 162, 6, 264, 4
29299, 8, 11, 8, 3, 7, 1
30032, 19, 33, 28, 5, 6, 13
32032, 440, 106, 78, 28, 407, 33
32798, 32, 21, 20, 1, 25, 7
33933, 26, 137, 118, 19, 3, 23
33979, 69, 71, 66, 5, 69, 0
33980, 76, 62, 56, 6, 73, 3
34896, 1, 4, 2, 2, 1, 0
35513, 0, 3, 0, 3, 0, 0
44961, 0, 2, 0, 2, 0, 0
46975, 138, 136, 128, 8, 137, 1
47535, 1, 8, 1, 7, 1, 0
50230, 23, 6, 4, 2, 21, 2
50550, 0, 15, 14, 1, 0, 0
57076, 104, 129, 109, 20, 101, 3
58327, 41, 43, 42, 1, 40, 1
61722, 0, 2, 0, 2, 0, 0
63716, 168, 193, 183, 10, 147, 21
66460, 41, 58, 55, 3, 41, 0
67846, 41, 44, 43, 1, 41, 0
79474, 0, 4, 0, 4, 0, 0
82383, 22, 35, 33, 2, 14, 8
84031, 0, 2, 0, 2, 0, 0
90866, 0, 3, 0, 3, 0, 0
93051, 0, 1, 0, 1, 0, 0
93052, 0, 2, 0, 2, 0, 0
93053, 0, 1, 0, 1, 0, 0
93054, 0, 1, 1, 0, 0, 0
93055, 0, 1, 0, 1, 0, 0
93056, 0, 1, 0, 1, 0, 0
93057, 0, 1, 0, 1, 0, 0
93058, 0, 1, 0, 1, 0, 0
93059, 0, 1, 0, 1, 0, 0
93060, 0, 1, 0, 1, 0, 0
95116, 32, 14, 9, 5, 32, 0
95382, 0, 7, 3, 4, 0, 0
97842, 95, 116, 101, 15, 2, 93
100626, 2, 7, 0, 7, 2, 0
102344, 64, 67, 63, 4, 55, 9
105121, 23, 50, 48, 2, 13, 10
105551, 22, 58, 53, 5, 19, 3
106604, 3, 56, 3, 53, 3, 0
107533, 10, 7, 7, 0, 10, 0
108540, 22, 5, 4, 1, 22, 0
109191, 5, 29, 1, 28, 5, 0
109569, 3, 2, 0, 2, 3, 0
109779, 1, 10, 0, 10, 1, 0
109869, 3, 1, 0, 1, 3, 0
111227, 0, 1, 0, 1, 0, 0
112173, 17, 16, 15, 1, 17, 0
113753, 25, 39, 2, 37, 25, 0
115258, 0, 2, 0, 2, 0, 0
115749, 0, 1, 0, 1, 0, 0
116079, 87, 76, 69, 7, 87, 0
116314, 34, 34, 32, 2, 34, 0
116711, 0, 41, 27, 14, 0, 0
117813, 0, 1, 0, 1, 0, 0
118248, 0, 1, 0, 1, 0, 0
118249, 0, 1, 0, 1, 0, 0
118600, 0, 1, 0, 1, 0, 0
118802, 54, 41, 39, 2, 54, 0
121367, 0, 1, 0, 1, 0, 0
121459, 4, 1, 0, 1, 4, 0
121767, 0, 1, 0, 1, 0, 0
121784, 0, 1, 0, 1, 0, 0
121897, 638, 90, 78, 12, 636, 2
122631, 0, 2, 2, 0, 0, 0
123327, 0, 1, 0, 1, 0, 0
125681, 0, 2, 0, 2, 0, 0
126094, 0, 15, 14, 1, 0, 0
128390, 0, 3, 0, 3, 0, 0
128712, 1, 4, 0, 4, 1, 0
129863, 1, 7, 0, 7, 0, 1
130014, 0, 2, 0, 2, 0, 0
156, 1, 0, 0, 0, 1, 0
157, 0, 1, 1, 0, 0, 0
158, 1, 0, 0, 0, 0, 1
159, 8, 17, 4, 13, 8, 0
768, 22, 52, 48, 4, 21, 1
2329, 4, 16, 10, 6, 4, 0
3106, 206, 91, 81, 10, 199, 7
15393, 2, 7, 5, 2, 2, 0
23157, 8, 3, 3, 0, 8, 0
160, 83, 30, 20, 10, 56, 27
1484, 65, 34, 34, 0, 53, 12
2138, 2, 3, 0, 3, 2, 0
2269, 114, 169, 163, 6, 93, 21
16708, 203, 102, 95, 7, 82, 121
58752, 155, 133, 130, 3, 151, 4
86434, 0, 3, 1, 2, 0, 0
94270, 9, 6, 2, 4, 9, 0
98582, 27, 16, 7, 9, 27, 0
105335, 0, 10, 0, 10, 0, 0
111947, 2, 10, 10, 0, 2, 0
118073, 5, 31, 24, 7, 5, 0
556, 38, 41, 35, 6, 29, 9
2014, 44, 29, 28, 1, 22, 22
2414, 100, 52, 51, 1, 74, 26
2648, 248, 391, 380, 11, 166, 82
2900, 50, 118, 112, 6, 50, 0
2963, 79, 154, 147, 7, 56, 23
3335, 14, 4, 3, 1, 13, 1
3572, 94, 46, 44, 2, 67, 27
3618, 57, 36, 34, 2, 57, 0
4029, 141, 86, 85, 1, 140, 1
5074, 21, 19, 12, 7, 16, 5
5997, 54, 51, 47, 4, 40, 14
6579, 74, 215, 184, 31, 35, 39
6873, 1, 1, 0, 1, 1, 0
6874, 7, 56, 22, 34, 7, 0
6883, 1, 1, 0, 1, 1, 0
6884, 1, 1, 0, 1, 1, 0
6955, 1, 1, 0, 1, 1, 0
7082, 92, 98, 90, 8, 91, 1
7179, 1, 1, 0, 1, 1, 0
7433, 1, 1, 0, 1, 1, 0
7657, 9, 6, 2, 4, 9, 0
7827, 66, 41, 36, 5, 61, 5
8486, 1, 1, 0, 1, 1, 0
9317, 111, 243, 238, 5, 72, 39
10370, 3, 2, 0, 2, 2, 1
10828, 110, 94, 88, 6, 91, 19
11116, 16, 35, 27, 8, 14, 2
11247, 769, 200, 158, 42, 75, 694
12049, 92, 66, 63, 3, 92, 0
12111, 21, 11, 10, 1, 20, 1
13327, 131, 80, 71, 9, 131, 0
14186, 0, 8, 0, 8, 0, 0
14285, 10, 12, 9, 3, 8, 2
14473, 21, 33, 18, 15, 17, 4
14633, 260, 74, 71, 3, 260, 0
15054, 11, 21, 9, 12, 11, 0
15191, 0, 21, 2, 19, 0, 0
15363, 6, 13, 4, 9, 6, 0
15756, 37, 74, 74, 0, 24, 13
18128, 1, 169, 168, 1, 1, 0
18631, 1, 7, 1, 6, 1, 0
19149, 0, 10, 1, 9, 0, 0
20074, 2, 1, 0, 1, 2, 0
20303, 0, 3, 0, 3, 0, 0
20665, 0, 11, 0, 11, 0, 0
20691, 1, 35, 1, 34, 1, 0
22015, 0, 7, 0, 7, 0, 0
22918, 7, 14, 3, 11, 7, 0
25022, 0, 7, 6, 1, 0, 0
25786, 53, 30, 29, 1, 52, 1
26015, 171, 160, 154, 6, 158, 13
26390, 0, 5, 0, 5, 0, 0
26391, 0, 8, 0, 8, 0, 0
26392, 0, 7, 0, 7, 0, 0
27647, 0, 25, 0, 25, 0, 0
28220, 0, 20, 0, 20, 0, 0
28486, 0, 5, 0, 5, 0, 0
28840, 2, 24, 1, 23, 2, 0
31359, 7, 2, 0, 2, 7, 0
31360, 0, 2, 1, 1, 0, 0
31361, 0, 2, 1, 1, 0, 0
32117, 4, 6, 4, 2, 3, 1
32130, 0, 14, 1, 13, 0, 0
34428, 68, 83, 82, 1, 64, 4
34962, 0, 4, 0, 4, 0, 0
35399, 0, 2, 1, 1, 0, 0
35783, 3, 6, 1, 5, 2, 1
36094, 0, 20, 0, 20, 0, 0
36188, 6, 12, 3, 9, 4, 2
36333, 0, 9, 0, 9, 0, 0
36755, 1, 9, 0, 9, 1, 0
37200, 0, 4, 0, 4, 0, 0
37208, 2, 21, 5, 16, 2, 0
37263, 1, 30, 0, 30, 1, 0
37537, 1, 8, 0, 8, 1, 0
37538, 0, 36, 1, 35, 0, 0
37859, 0, 13, 0, 13, 0, 0
38184, 32, 9, 7, 2, 32, 0
38231, 0, 30, 2, 28, 0, 0
38282, 3, 10, 8, 2, 3, 0
38369, 0, 4, 0, 4, 0, 0
38557, 1, 4, 0, 4, 1, 0
39567, 0, 7, 0, 7, 0, 0
40510, 0, 6, 1, 5, 0, 0
40976, 0, 6, 0, 6, 0, 0
41016, 0, 5, 0, 5, 0, 0
41017, 0, 4, 0, 4, 0, 0
43309, 1, 5, 1, 4, 1, 0
44618, 1, 9, 0, 9, 1, 0
47196, 0, 3, 0, 3, 0, 0
47936, 7, 34, 5, 29, 6, 1
48427, 0, 5, 0, 5, 0, 0
48475, 0, 9, 0, 9, 0, 0
48782, 0, 3, 0, 3, 0, 0
51482, 6, 4, 3, 1, 6, 0
53199, 0, 3, 0, 3, 0, 0
59516, 0, 11, 0, 11, 0, 0
60622, 0, 2, 0, 2, 0, 0
61211, 0, 6, 0, 6, 0, 0
63614, 0, 2, 0, 2, 0, 0
64710, 0, 2, 0, 2, 0, 0
66105, 0, 6, 0, 6, 0, 0
66106, 0, 3, 0, 3, 0, 0
66107, 0, 2, 0, 2, 0, 0
68572, 0, 7, 0, 7, 0, 0
70881, 0, 3, 0, 3, 0, 0
72827, 0, 5, 0, 5, 0, 0
72828, 0, 2, 0, 2, 0, 0
72829, 0, 1, 0, 1, 0, 0
72830, 0, 2, 0, 2, 0, 0
72831, 0, 1, 0, 1, 0, 0
72832, 0, 2, 0, 2, 0, 0
72833, 0, 1, 0, 1, 0, 0
72834, 0, 4, 0, 4, 0, 0
72835, 0, 4, 0, 4, 0, 0
72836, 0, 3, 0, 3, 0, 0
72837, 0, 1, 0, 1, 0, 0
72838, 0, 2, 0, 2, 0, 0
72839, 0, 1, 0, 1, 0, 0
72840, 0, 1, 0, 1, 0, 0
72841, 0, 1, 0, 1, 0, 0
72842, 0, 2, 0, 2, 0, 0
72843, 0, 2, 0, 2, 0, 0
72844, 0, 2, 0, 2, 0, 0
72845, 0, 2, 0, 2, 0, 0
72846, 0, 2, 0, 2, 0, 0
72847, 0, 2, 0, 2, 0, 0
72848, 0, 2, 0, 2, 0, 0
72849, 0, 1, 0, 1, 0, 0
72850, 0, 1, 0, 1, 0, 0
72851, 0, 2, 0, 2, 0, 0
72852, 0, 1, 0, 1, 0, 0
72853, 0, 3, 0, 3, 0, 0
72854, 0, 2, 1, 1, 0, 0
72855, 0, 4, 0, 4, 0, 0
72856, 0, 5, 0, 5, 0, 0
72857, 0, 2, 0, 2, 0, 0
72858, 0, 2, 0, 2, 0, 0
72859, 0, 2, 0, 2, 0, 0
72860, 0, 4, 0, 4, 0, 0
72861, 0, 1, 0, 1, 0, 0
82360, 40, 50, 47, 3, 28, 12
162, 6, 2, 2, 0, 6, 0
163, 3, 8, 7, 1, 3, 0
100448, 14, 3, 3, 0, 14, 0
112917, 0, 1, 1, 0, 0, 0
5816, 1, 1, 1, 0, 1, 0
164, 1, 2, 0, 2, 1, 0
165, 44, 36, 36, 0, 44, 0
306, 88, 76, 63, 13, 84, 4
337, 137, 36, 34, 2, 137, 0
1454, 213, 54, 45, 9, 212, 1
1798, 105, 73, 70, 3, 55, 50
2130, 8, 2, 2, 0, 8, 0
2799, 103, 70, 69, 1, 76, 27
2996, 118, 70, 54, 16, 116, 2
3042, 8, 9, 9, 0, 8, 0
3131, 18, 34, 22, 12, 17, 1
3203, 14, 33, 32, 1, 13, 1
3738, 44, 31, 30, 1, 31, 13
3872, 94, 74, 73, 1, 65, 29
4587, 48, 16, 15, 1, 48, 0
5394, 53, 30, 29, 1, 53, 0
6236, 39, 64, 63, 1, 36, 3
7589, 85, 65, 65, 0, 85, 0
7707, 20, 123, 120, 3, 17, 3
8359, 46, 11, 11, 0, 46, 0
23084, 7, 11, 10, 1, 7, 0
95280, 94, 65, 65, 0, 72, 22
166, 1, 1, 1, 0, 1, 0
185, 3, 7, 6, 1, 2, 1
193, 3, 5, 5, 0, 2, 1
244, 66, 100, 98, 2, 48, 18
316, 137, 58, 47, 11, 137, 0
345, 126, 137, 134, 3, 119, 7
360, 11, 127, 122, 5, 11, 0
428, 13, 41, 39, 2, 10, 3
454, 94, 100, 100, 0, 92, 2
470, 259, 75, 70, 5, 258, 1
477, 2, 6, 5, 1, 2, 0
526, 42, 40, 39, 1, 37, 5
550, 72, 56, 54, 2, 66, 6
592, 18, 17, 17, 0, 15, 3
634, 1, 182, 147, 35, 0, 1
673, 43, 95, 72, 23, 39, 4
734, 39, 25, 22, 3, 39, 0
743, 67, 117, 108, 9, 53, 14
780, 85, 32, 31, 1, 76, 9
782, 76, 66, 65, 1, 75, 1
812, 217, 67, 52, 15, 217, 0
816, 280, 85, 83, 2, 280, 0
838, 126, 95, 92, 3, 115, 11
899, 59, 117, 115, 2, 54, 5
918, 112, 373, 340, 33, 37, 75
954, 15, 28, 27, 1, 15, 0
990, 6, 15, 11, 4, 6, 0
1001, 110, 52, 51, 1, 110, 0
1029, 228, 40, 37, 3, 226, 2
1039, 61, 130, 128, 2, 47, 14
1060, 83, 86, 81, 5, 69, 14
1079, 59, 44, 42, 2, 49, 10
1102, 7, 18, 15, 3, 7, 0
1165, 61, 34, 34, 0, 45, 16
1292, 126, 144, 137, 7, 2, 124
1330, 37, 139, 134, 5, 37, 0
1333, 79, 282, 271, 11, 73, 6
1337, 26, 22, 22, 0, 25, 1
1358, 168, 102, 98, 4, 164, 4
1364, 95, 148, 141, 7, 77, 18
1370, 233, 148, 144, 4, 231, 2
1388, 0, 9, 9, 0, 0, 0
1392, 13, 38, 30, 8, 11, 2
1431, 107, 75, 69, 6, 85, 22
1465, 37, 11, 10, 1, 36, 1
1467, 41, 35, 34, 1, 36, 5
1473, 66, 81, 76, 5, 65, 1
1475, 65, 77, 73, 4, 42, 23
1477, 132, 168, 161, 7, 130, 2
1498, 106, 88, 87, 1, 56, 50
1500, 68, 25, 23, 2, 20, 48
1518, 1, 3, 3, 0, 1, 0
1542, 8, 16, 10, 6, 6, 2
1544, 111, 43, 42, 1, 109, 2
1545, 34, 32, 30, 2, 34, 0
1549, 76, 20, 14, 6, 76, 0
1609, 60, 33, 32, 1, 56, 4
1645, 4, 5, 3, 2, 4, 0
1683, 75, 90, 89, 1, 75, 0
1684, 34, 105, 92, 13, 34, 0
1686, 108, 64, 61, 3, 107, 1
1705, 48, 109, 104, 5, 48, 0
1837, 16, 40, 29, 11, 14, 2
1856, 37, 83, 59, 24, 34, 3
1898, 20, 42, 38, 4, 20, 0
2033, 39, 134, 132, 2, 39, 0
2043, 191, 96, 90, 6, 188, 3
2135, 195, 197, 169, 28, 47, 148
2218, 26, 8, 8, 0, 26, 0
2254, 115, 69, 64, 5, 115, 0
2256, 149, 53, 50, 3, 145, 4
2265, 73, 97, 92, 5, 72, 1
2338, 27, 32, 27, 5, 26, 1
2341, 78, 212, 199, 13, 71, 7
2343, 42, 42, 41, 1, 35, 7
2348, 84, 68, 65, 3, 83, 1
2377, 27, 43, 43, 0, 22, 5
2450, 7, 47, 44, 3, 5, 2
2466, 412, 186, 170, 16, 410, 2
2473, 33, 75, 73, 2, 30, 3
2567, 182, 70, 69, 1, 107, 75
2578, 22, 80, 70, 10, 22, 0
2652, 3, 94, 86, 8, 3, 0
2718, 371, 171, 168, 3, 176, 195
2721, 37, 35, 34, 1, 35, 2
2748, 44, 19, 17, 2, 22, 22
2786, 10, 13, 12, 1, 10, 0
2800, 74, 77, 68, 9, 74, 0
2803, 51, 53, 42, 11, 42, 9
2804, 228, 109, 104, 5, 191, 37
2859, 110, 88, 84, 4, 97, 13
2864, 22, 31, 30, 1, 22, 0
2868, 28, 10, 10, 0, 21, 7
2892, 30, 110, 104, 6, 26, 4
2993, 18, 18, 18, 0, 18, 0
3037, 39, 11, 11, 0, 37, 2
3128, 10, 34, 34, 0, 10, 0
3130, 21, 22, 22, 0, 21, 0
3134, 65, 24, 23, 1, 58, 7
3145, 91, 117, 104, 13, 76, 15
3152, 172, 62, 57, 5, 74, 98
3160, 86, 228, 225, 3, 63, 23
3175, 33, 31, 29, 2, 26, 7
3178, 219, 177, 152, 25, 135, 84
3186, 109, 203, 194, 9, 81, 28
3188, 7, 11, 10, 1, 7, 0
3190, 88, 201, 191, 10, 78, 10
3213, 97, 109, 34, 75, 1, 96
3215, 74, 44, 43, 1, 74, 0
3217, 18, 24, 19, 5, 17, 1
3226, 76, 211, 206, 5, 62, 14
3245, 59, 54, 50, 4, 57, 2
3246, 82, 71, 63, 8, 44, 38
3270, 105, 56, 52, 4, 105, 0
3280, 315, 277, 274, 3, 312, 3
3297, 19, 112, 106, 6, 11, 8
3323, 68, 68, 64, 4, 5, 63
3336, 21, 105, 95, 10, 8, 13
3345, 54, 75, 69, 6, 27, 27
3383, 40, 30, 27, 3, 35, 5
3434, 3, 7, 7, 0, 1, 2
3453, 98, 265, 261, 4, 86, 12
3512, 106, 19, 11, 8, 104, 2
3521, 34, 21, 17, 4, 31, 3
3583, 147, 108, 104, 4, 147, 0
3591, 0, 12, 10, 2, 0, 0
3646, 79, 92, 81, 11, 76, 3
3656, 172, 122, 106, 16, 171, 1
3668, 24, 43, 42, 1, 20, 4
3676, 73, 27, 25, 2, 73, 0
3736, 263, 148, 137, 11, 261, 2
3771, 10, 17, 16, 1, 9, 1
3834, 103, 92, 90, 2, 103, 0
3840, 39, 103, 93, 10, 34, 5
3851, 150, 151, 148, 3, 150, 0
3854, 5, 67, 64, 3, 4, 1
3865, 22, 47, 45, 2, 19, 3
3897, 68, 38, 38, 0, 68, 0
3898, 123, 136, 127, 9, 123, 0
3906, 216, 125, 95, 30, 185, 31
3942, 74, 97, 92, 5, 24, 50
3952, 10, 8, 7, 1, 6, 4
3978, 28, 16, 13, 3, 28, 0
4028, 4, 5, 5, 0, 4, 0
4039, 94, 46, 39, 7, 91, 3
4047, 34, 20, 14, 6, 32, 2
4072, 21, 43, 40, 3, 20, 1
4109, 16, 33, 32, 1, 13, 3
4116, 8, 19, 17, 2, 8, 0
4178, 14, 18, 17, 1, 13, 1
4200, 169, 102, 96, 6, 120, 49
4214, 5, 5, 3, 2, 1, 4
4261, 38, 436, 418, 18, 26, 12
4334, 5, 6, 5, 1, 5, 0
4361, 89, 46, 35, 11, 88, 1
4445, 2, 2, 2, 0, 2, 0
4450, 2, 5, 4, 1, 1, 1
4476, 3, 6, 5, 1, 3, 0
4478, 83, 41, 40, 1, 79, 4
4492, 44, 88, 77, 11, 24, 20
4549, 9, 9, 8, 1, 9, 0
4556, 126, 23, 19, 4, 123, 3
4575, 1, 5, 5, 0, 1, 0
4576, 27, 38, 34, 4, 27, 0
4588, 54, 59, 56, 3, 52, 2
4612, 85, 89, 87, 2, 79, 6
4616, 9, 5, 5, 0, 7, 2
4636, 83, 41, 38, 3, 21, 62
4656, 32, 41, 39, 2, 27, 5
4714, 7, 6, 6, 0, 7, 0
4747, 51, 24, 18, 6, 51, 0
4748, 127, 52, 45, 7, 125, 2
4755, 3, 21, 18, 3, 3, 0
4785, 93, 131, 85, 46, 65, 28
4799, 65, 89, 88, 1, 63, 2
4809, 234, 70, 62, 8, 175, 59
4819, 26, 9, 8, 1, 25, 1
4834, 11, 12, 11, 1, 9, 2
4866, 8, 11, 11, 0, 8, 0
4885, 13, 33, 28, 5, 8, 5
4896, 40, 23, 16, 7, 40, 0
4897, 43, 25, 24, 1, 42, 1
4922, 38, 35, 32, 3, 36, 2
4966, 364, 114, 109, 5, 359, 5
4967, 62, 53, 48, 5, 62, 0
4989, 15, 15, 13, 2, 15, 0
5020, 32, 48, 39, 9, 31, 1
5065, 51, 44, 25, 19, 47, 4
5126, 73, 108, 103, 5, 71, 2
5139, 12, 20, 15, 5, 12, 0
5155, 128, 63, 62, 1, 98, 30
5175, 44, 14, 11, 3, 35, 9
5227, 100, 241, 234, 7, 98, 2
5233, 0, 3, 3, 0, 0, 0
5251, 12, 23, 22, 1, 12, 0
5280, 9, 20, 18, 2, 8, 1
5310, 1, 2, 2, 0, 1, 0
5333, 80, 79, 77, 2, 80, 0
5339, 35, 61, 56, 5, 34, 1
5387, 37, 36, 36, 0, 36, 1
5397, 120, 78, 78, 0, 120, 0
5455, 87, 45, 42, 3, 80, 7
5460, 32, 110, 100, 10, 3, 29
5555, 48, 80, 67, 13, 48, 0
5560, 395, 64, 61, 3, 395, 0
5590, 56, 43, 42, 1, 43, 13
5596, 3, 20, 18, 2, 3, 0
5611, 83, 74, 72, 2, 62, 21
5617, 45, 86, 85, 1, 45, 0
5658, 248, 161, 155, 6, 176, 72
5720, 8, 16, 11, 5, 8, 0
5756, 79, 43, 40, 3, 72, 7
5846, 27, 24, 22, 2, 27, 0
5907, 42, 40, 39, 1, 31, 11
5927, 51, 37, 35, 2, 48, 3
5982, 67, 72, 70, 2, 65, 2
6064, 26, 23, 23, 0, 25, 1
6074, 4, 13, 12, 1, 4, 0
6253, 35, 24, 16, 8, 24, 11
6267, 113, 168, 150, 18, 88, 25
6280, 100, 252, 236, 16, 96, 4
6347, 28, 46, 41, 5, 21, 7
6350, 38, 93, 92, 1, 35, 3
6399, 37, 90, 84, 6, 33, 4
6464, 31, 18, 14, 4, 29, 2
6549, 1, 22, 18, 4, 1, 0
6555, 1, 2, 2, 0, 1, 0
6607, 38, 16, 14, 2, 34, 4
6645, 125, 137, 113, 24, 109, 16
6704, 9, 49, 47, 2, 4, 5
6726, 83, 227, 211, 16, 78, 5
6733, 14, 53, 53, 0, 10, 4
6813, 32, 22, 21, 1, 30, 2
6825, 242, 125, 122, 3, 238, 4
6831, 20, 26, 24, 2, 18, 2
6833, 7, 25, 24, 1, 3, 4
6848, 45, 30, 29, 1, 45, 0
6861, 5, 12, 12, 0, 5, 0
6868, 18, 33, 29, 4, 17, 1
6872, 101, 113, 111, 2, 94, 7
6902, 17, 25, 19, 6, 8, 9
7063, 291, 196, 189, 7, 279, 12
7086, 58, 64, 64, 0, 43, 15
7096, 15, 9, 9, 0, 11, 4
7217, 30, 36, 28, 8, 29, 1
7247, 24, 27, 25, 2, 19, 5
7276, 35, 26, 25, 1, 35, 0
7281, 196, 69, 59, 10, 194, 2
7293, 130, 232, 229, 3, 94, 36
7324, 100, 31, 20, 11, 49, 51
7410, 228, 73, 63, 10, 113, 115
7519, 77, 120, 105, 15, 71, 6
7534, 181, 39, 38, 1, 168, 13
7564, 50, 59, 57, 2, 50, 0
7571, 31, 35, 33, 2, 23, 8
7597, 9, 43, 38, 5, 9, 0
7599, 88, 48, 47, 1, 76, 12
7604, 24, 11, 9, 2, 19, 5
7646, 29, 118, 113, 5, 0, 29
7651, 81, 50, 50, 0, 67, 14
7667, 5, 6, 6, 0, 5, 0
7761, 11, 40, 39, 1, 4, 7
7767, 44, 158, 157, 1, 36, 8
7768, 35, 34, 32, 2, 35, 0
7776, 21, 15, 15, 0, 21, 0
7828, 65, 37, 36, 1, 63, 2
7829, 17, 20, 20, 0, 17, 0
7856, 8, 40, 2, 38, 8, 0
7869, 50, 19, 17, 2, 43, 7
8031, 78, 56, 54, 2, 78, 0
8034, 120, 146, 135, 11, 110, 10
8087, 1, 1, 1, 0, 0, 1
8112, 47, 44, 42, 2, 47, 0
8179, 1, 1, 1, 0, 1, 0
8316, 68, 33, 32, 1, 68, 0
8339, 57, 65, 64, 1, 56, 1
8350, 1, 8, 8, 0, 1, 0
8352, 8, 6, 6, 0, 8, 0
8430, 7, 11, 9, 2, 7, 0
8443, 0, 2, 2, 0, 0, 0
8545, 7, 23, 18, 5, 7, 0
8721, 1, 6, 6, 0, 1, 0
8851, 92, 39, 38, 1, 57, 35
8872, 118, 78, 73, 5, 69, 49
8966, 25, 11, 11, 0, 25, 0
8982, 57, 37, 34, 3, 57, 0
9017, 8, 3, 2, 1, 8, 0
9051, 66, 106, 105, 1, 64, 2
9062, 0, 2, 2, 0, 0, 0
9144, 24, 48, 47, 1, 24, 0
9188, 47, 41, 37, 4, 28, 19
9265, 177, 27, 21, 6, 177, 0
9279, 96, 43, 42, 1, 92, 4
9318, 86, 90, 89, 1, 40, 46
9319, 10, 6, 6, 0, 9, 1
9349, 180, 394, 386, 8, 167, 13
9403, 99, 158, 151, 7, 41, 58
9507, 65, 44, 42, 2, 65, 0
9602, 48, 30, 29, 1, 48, 0
9672, 23, 19, 18, 1, 23, 0
9675, 230, 40, 36, 4, 183, 47
9701, 33, 19, 18, 1, 28, 5
9747, 4, 1, 1, 0, 4, 0
9992, 33, 28, 27, 1, 33, 0
10012, 69, 67, 65, 2, 62, 7
10039, 6, 19, 10, 9, 5, 1
10122, 4, 2, 2, 0, 2, 2
10178, 86, 93, 80, 13, 82, 4
10198, 37, 19, 19, 0, 37, 0
10261, 13, 14, 14, 0, 13, 0
10321, 55, 43, 41, 2, 43, 12
10540, 21, 48, 45, 3, 6, 15
10552, 21, 16, 16, 0, 19, 2
10577, 15, 9, 8, 1, 14, 1
10630, 46, 50, 48, 2, 46, 0
10724, 3, 7, 7, 0, 1, 2
10742, 2, 1, 1, 0, 2, 0
10745, 14, 31, 30, 1, 13, 1
10778, 153, 128, 123, 5, 113, 40
10785, 101, 24, 23, 1, 101, 0
10861, 129, 56, 51, 5, 103, 26
10923, 91, 91, 89, 2, 91, 0
10969, 6, 3, 2, 1, 5, 1
11120, 28, 9, 9, 0, 20, 8
11185, 3, 14, 13, 1, 3, 0
11435, 64, 38, 34, 4, 31, 33
11497, 143, 122, 103, 19, 110, 33
11537, 21, 37, 35, 2, 16, 5
11642, 8, 15, 14, 1, 7, 1
11769, 73, 29, 29, 0, 73, 0
11795, 37, 38, 38, 0, 37, 0
11911, 85, 49, 48, 1, 85, 0
11919, 323, 153, 145, 8, 238, 85
12093, 42, 22, 21, 1, 23, 19
12096, 13, 12, 11, 1, 12, 1
12235, 14, 4, 3, 1, 14, 0
12260, 18, 29, 21, 8, 18, 0
12499, 0, 8, 8, 0, 0, 0
12549, 251, 101, 100, 1, 217, 34
12698, 131, 118, 114, 4, 48, 83
12908, 0, 5, 4, 1, 0, 0
12979, 32, 49, 46, 3, 31, 1
13047, 8, 9, 6, 3, 7, 1
13082, 11, 21, 19, 2, 7, 4
13099, 47, 17, 17, 0, 36, 11
13104, 18, 12, 8, 4, 9, 9
13129, 30, 24, 19, 5, 27, 3
13151, 27, 11, 10, 1, 25, 2
13152, 18, 10, 9, 1, 16, 2
13217, 41, 167, 162, 5, 6, 35
13225, 42, 45, 43, 2, 41, 1
13263, 6, 5, 4, 1, 6, 0
13268, 204, 163, 159, 4, 204, 0
13285, 19, 19, 17, 2, 18, 1
13301, 118, 71, 70, 1, 118, 0
13419, 42, 4, 3, 1, 37, 5
13536, 10, 12, 12, 0, 9, 1
13652, 3, 4, 4, 0, 3, 0
13657, 2, 6, 4, 2, 2, 0
13704, 0, 5, 5, 0, 0, 0
13719, 27, 34, 33, 1, 27, 0
13767, 4, 18, 14, 4, 2, 2
13863, 44, 108, 97, 11, 34, 10
14097, 2, 126, 94, 32, 0, 2
14215, 2, 4, 4, 0, 2, 0
14228, 73, 66, 64, 2, 70, 3
14322, 38, 38, 37, 1, 33, 5
14363, 2, 6, 6, 0, 2, 0
14418, 22, 13, 13, 0, 22, 0
14432, 327, 74, 68, 6, 322, 5
14440, 71, 95, 75, 20, 66, 5
14588, 34, 27, 24, 3, 33, 1
14756, 2, 3, 3, 0, 2, 0
14763, 25, 22, 20, 2, 18, 7
14801, 17, 31, 24, 7, 15, 2
14807, 159, 123, 110, 13, 143, 16
14908, 2, 2, 2, 0, 2, 0
15027, 25, 11, 11, 0, 23, 2
15068, 57, 32, 23, 9, 57, 0
15088, 2, 1, 1, 0, 2, 0
15095, 7, 5, 5, 0, 7, 0
15104, 46, 18, 16, 2, 45, 1
15201, 6, 13, 12, 1, 6, 0
15253, 1, 5, 5, 0, 1, 0
15303, 7, 4, 4, 0, 7, 0
15395, 74, 103, 98, 5, 72, 2
15463, 66, 141, 127, 14, 64, 2
15566, 8, 5, 5, 0, 8, 0
15639, 66, 35, 35, 0, 66, 0
15643, 20, 12, 12, 0, 20, 0
15678, 2, 10, 10, 0, 2, 0
15694, 27, 23, 22, 1, 21, 6
15775, 2, 2, 2, 0, 2, 0
15824, 6, 3, 3, 0, 6, 0
15848, 33, 39, 35, 4, 13, 20
15879, 13, 24, 17, 7, 11, 2
15894, 7, 5, 4, 1, 7, 0
15939, 45, 26, 24, 2, 44, 1
15958, 23, 9, 8, 1, 23, 0
16173, 19, 9, 8, 1, 19, 0
16222, 3, 11, 10, 1, 2, 1
16286, 0, 2, 2, 0, 0, 0
16289, 19, 29, 28, 1, 19, 0
16294, 88, 96, 91, 5, 88, 0
16359, 13, 16, 14, 2, 12, 1
16370, 5, 8, 7, 1, 5, 0
16452, 1, 1, 1, 0, 1, 0
16508, 8, 12, 11, 1, 8, 0
16514, 15, 15, 14, 1, 15, 0
16516, 188, 112, 108, 4, 158, 30
16529, 0, 3, 3, 0, 0, 0
16559, 44, 11, 8, 3, 43, 1
16612, 13, 30, 29, 1, 8, 5
16632, 74, 30, 30, 0, 42, 32
16643, 120, 87, 85, 2, 120, 0
16707, 0, 4, 4, 0, 0, 0
16724, 21, 26, 24, 2, 21, 0
16743, 21, 29, 27, 2, 18, 3
16758, 0, 2, 2, 0, 0, 0
16778, 63, 25, 22, 3, 63, 0
17074, 987, 124, 99, 25, 173, 814
17133, 33, 16, 15, 1, 33, 0
17140, 11, 11, 11, 0, 11, 0
17245, 1, 1, 1, 0, 1, 0
17317, 46, 13, 13, 0, 46, 0
17395, 88, 91, 87, 4, 83, 5
17424, 25, 60, 56, 4, 6, 19
17665, 9, 11, 9, 2, 9, 0
17680, 19, 17, 17, 0, 19, 0
17697, 14, 95, 93, 2, 1, 13
17757, 81, 14, 13, 1, 80, 1
17777, 1, 17, 17, 0, 0, 1
17791, 59, 52, 44, 8, 55, 4
17836, 19, 16, 15, 1, 19, 0
17934, 17, 6, 5, 1, 17, 0
18220, 27, 8, 6, 2, 10, 17
18240, 32, 22, 22, 0, 26, 6
18288, 1, 3, 3, 0, 1, 0
18312, 30, 34, 33, 1, 25, 5
18507, 10, 10, 10, 0, 10, 0
18534, 25, 19, 19, 0, 22, 3
18602, 47, 11, 10, 1, 47, 0
18638, 2, 3, 2, 1, 2, 0
18653, 5, 13, 11, 2, 5, 0
18720, 9, 12, 12, 0, 9, 0
18782, 8, 6, 5, 1, 8, 0
18885, 23, 6, 5, 1, 23, 0
18932, 43, 63, 47, 16, 42, 1
18963, 25, 41, 37, 4, 10, 15
19042, 1, 6, 5, 1, 1, 0
19077, 27, 12, 8, 4, 27, 0
19102, 180, 65, 51, 14, 176, 4
19103, 25, 38, 38, 0, 25, 0
19256, 0, 5, 2, 3, 0, 0
19261, 36, 18, 18, 0, 36, 0
19373, 11, 7, 7, 0, 9, 2
19433, 60, 15, 12, 3, 59, 1
19570, 1, 9, 9, 0, 1, 0
19655, 17, 13, 6, 7, 17, 0
19667, 1, 4, 4, 0, 0, 1
19826, 86, 69, 68, 1, 68, 18
19876, 88, 99, 93, 6, 88, 0
20038, 147, 87, 85, 2, 140, 7
20227, 47, 10, 9, 1, 47, 0
20233, 55, 33, 33, 0, 51, 4
20461, 35, 24, 23, 1, 35, 0
21158, 93, 23, 20, 3, 48, 45
21161, 25, 16, 16, 0, 25, 0
21195, 102, 64, 62, 2, 101, 1
21256, 50, 30, 29, 1, 47, 3
21264, 186, 169, 164, 5, 127, 59
21289, 22, 26, 24, 2, 21, 1
21292, 14, 12, 9, 3, 14, 0
21297, 86, 11, 10, 1, 86, 0
21299, 99, 57, 50, 7, 98, 1
21310, 36, 172, 158, 14, 34, 2
21387, 69, 40, 39, 1, 60, 9
21635, 46, 15, 14, 1, 39, 7
21888, 4, 20, 16, 4, 4, 0
21976, 6, 15, 14, 1, 6, 0
22010, 170, 36, 34, 2, 170, 0
22488, 0, 2, 2, 0, 0, 0
22634, 74, 32, 32, 0, 73, 1
22651, 6, 9, 8, 1, 5, 1
22682, 0, 3, 3, 0, 0, 0
22758, 14, 42, 40, 2, 13, 1
22818, 19, 14, 14, 0, 17, 2
22969, 22, 38, 35, 3, 22, 0
22985, 67, 36, 27, 9, 32, 35
23076, 30, 11, 9, 2, 26, 4
23473, 81, 89, 87, 2, 57, 24
23480, 151, 58, 46, 12, 38, 113
23600, 99, 101, 100, 1, 88, 11
24474, 67, 62, 62, 0, 67, 0
24494, 64, 33, 33, 0, 64, 0
24692, 40, 106, 102, 4, 20, 20
24851, 4, 4, 4, 0, 4, 0
24886, 28, 26, 22, 4, 28, 0
25333, 4, 16, 15, 1, 4, 0
25554, 16, 5, 5, 0, 14, 2
25930, 18, 12, 9, 3, 12, 6
25944, 1, 6, 6, 0, 1, 0
26494, 1, 2, 2, 0, 1, 0
26690, 15, 17, 17, 0, 13, 2
26914, 2, 5, 5, 0, 2, 0
27493, 29, 21, 20, 1, 27, 2
27760, 35, 16, 13, 3, 35, 0
28305, 83, 73, 65, 8, 57, 26
28347, 307, 85, 84, 1, 307, 0
28427, 9, 10, 10, 0, 9, 0
28497, 3, 4, 4, 0, 3, 0
28834, 3, 7, 6, 1, 2, 1
29392, 257, 91, 90, 1, 257, 0
29412, 3, 3, 2, 1, 3, 0
29428, 33, 7, 6, 1, 32, 1
29507, 148, 47, 42, 5, 130, 18
29634, 0, 7, 4, 3, 0, 0
30019, 16, 16, 14, 2, 16, 0
30517, 52, 42, 41, 1, 52, 0
30816, 110, 125, 118, 7, 108, 2
31539, 51, 47, 45, 2, 35, 16
32078, 17, 13, 13, 0, 17, 0
32123, 0, 4, 4, 0, 0, 0
32213, 30, 28, 28, 0, 30, 0
32880, 7, 3, 2, 1, 6, 1
32925, 4, 5, 5, 0, 3, 1
32937, 26, 21, 21, 0, 26, 0
33232, 15, 12, 12, 0, 14, 1
33399, 83, 24, 18, 6, 83, 0
33967, 108, 128, 126, 2, 82, 26
33971, 49, 40, 38, 2, 49, 0
33996, 183, 148, 142, 6, 128, 55
34012, 1, 1, 1, 0, 1, 0
34097, 8, 11, 10, 1, 8, 0
34201, 2, 6, 6, 0, 2, 0
35093, 19, 12, 9, 3, 14, 5
35421, 3, 3, 3, 0, 3, 0
35628, 13, 28, 28, 0, 13, 0
35965, 32, 20, 19, 1, 13, 19
36313, 2, 2, 2, 0, 2, 0
36341, 7, 7, 7, 0, 7, 0
36385, 72, 32, 28, 4, 72, 0
36521, 22, 8, 7, 1, 22, 0
36952, 32, 24, 23, 1, 32, 0
37365, 25, 31, 26, 5, 5, 20
37566, 105, 20, 19, 1, 98, 7
37802, 9, 7, 7, 0, 9, 0
38107, 64, 49, 46, 3, 64, 0
38944, 22, 17, 17, 0, 22, 0
39050, 17, 10, 8, 2, 16, 1
39808, 37, 24, 23, 1, 34, 3
39948, 66, 23, 21, 2, 66, 0
40303, 29, 51, 50, 1, 27, 2
40862, 14, 19, 18, 1, 14, 0
41333, 21, 18, 17, 1, 17, 4
41895, 47, 46, 44, 2, 45, 2
41951, 5, 13, 10, 3, 5, 0
42111, 13, 3, 2, 1, 13, 0
42122, 2, 28, 27, 1, 2, 0
42124, 10, 5, 4, 1, 9, 1
43429, 143, 22, 21, 1, 141, 2
43656, 0, 4, 4, 0, 0, 0
44282, 33, 14, 14, 0, 25, 8
44524, 23, 17, 13, 4, 20, 3
45622, 19, 13, 13, 0, 19, 0
46309, 136, 28, 28, 0, 136, 0
46460, 82, 45, 41, 4, 77, 5
47206, 74, 44, 41, 3, 72, 2
47254, 13, 2, 2, 0, 11, 2
47386, 111, 80, 62, 18, 97, 14
47645, 36, 39, 39, 0, 36, 0
48304, 3, 2, 2, 0, 2, 1
48754, 90, 44, 34, 10, 90, 0
48765, 71, 27, 25, 2, 13, 58
48780, 84, 49, 41, 8, 79, 5
48863, 41, 33, 32, 1, 38, 3
49669, 5, 6, 6, 0, 5, 0
50262, 3, 2, 2, 0, 3, 0
51623, 0, 2, 1, 1, 0, 0
52433, 0, 4, 4, 0, 0, 0
52751, 5, 3, 3, 0, 5, 0
52852, 5, 13, 5, 8, 5, 0
53047, 1, 1, 1, 0, 1, 0
54274, 0, 3, 3, 0, 0, 0
54967, 0, 11, 10, 1, 0, 0
56622, 2, 3, 2, 1, 2, 0
57058, 0, 1, 1, 0, 0, 0
57059, 0, 3, 3, 0, 0, 0
57060, 2, 12, 12, 0, 2, 0
57061, 10, 4, 4, 0, 9, 1
57062, 5, 10, 10, 0, 5, 0
57063, 1, 2, 2, 0, 1, 0
57064, 30, 39, 38, 1, 28, 2
57067, 14, 7, 6, 1, 14, 0
57068, 6, 14, 13, 1, 6, 0
57069, 39, 9, 9, 0, 38, 1
57070, 6, 4, 4, 0, 6, 0
57071, 0, 1, 1, 0, 0, 0
57073, 0, 1, 1, 0, 0, 0
57074, 18, 18, 18, 0, 18, 0
57075, 10, 13, 11, 2, 10, 0
57083, 78, 33, 30, 3, 78, 0
57095, 6, 3, 3, 0, 6, 0
57097, 28, 36, 36, 0, 28, 0
57099, 26, 14, 14, 0, 25, 1
57101, 578, 43, 32, 11, 523, 55
57103, 30, 23, 19, 4, 28, 2
57432, 6, 7, 7, 0, 6, 0
58211, 1, 2, 2, 0, 1, 0
58741, 29, 36, 33, 3, 18, 11
58762, 47, 6, 5, 1, 47, 0
58789, 33, 30, 26, 4, 17, 16
58808, 0, 14, 8, 6, 0, 0
58812, 42, 47, 45, 2, 42, 0
58825, 73, 33, 33, 0, 58, 15
59970, 23, 11, 11, 0, 23, 0
60033, 1, 5, 5, 0, 1, 0
60090, 413, 81, 72, 9, 413, 0
60091, 22, 19, 19, 0, 22, 0
60137, 6, 3, 2, 1, 5, 1
61044, 67, 32, 32, 0, 67, 0
63650, 30, 41, 40, 1, 28, 2
63657, 68, 43, 34, 9, 1, 67
63659, 17, 3, 3, 0, 17, 0
63663, 3, 4, 4, 0, 3, 0
63664, 28, 14, 14, 0, 28, 0
63665, 610, 140, 136, 4, 79, 531
63668, 13, 17, 10, 7, 13, 0
63676, 74, 169, 164, 5, 60, 14
63726, 14, 3, 3, 0, 14, 0
63961, 11, 8, 8, 0, 9, 2
63963, 3, 3, 3, 0, 3, 0
64975, 8, 12, 10, 2, 8, 0
65780, 1, 3, 3, 0, 1, 0
66501, 639, 145, 111, 34, 635, 4
66905, 25, 4, 4, 0, 23, 2
67092, 0, 13, 13, 0, 0, 0
67614, 4, 4, 4, 0, 4, 0
67836, 3, 9, 8, 1, 3, 0
68347, 1, 1, 1, 0, 1, 0
68806, 4, 3, 3, 0, 4, 0
69234, 12, 2, 2, 0, 12, 0
70296, 2, 7, 7, 0, 2, 0
70737, 95, 21, 11, 10, 95, 0
73363, 13, 13, 9, 4, 13, 0
75074, 0, 4, 4, 0, 0, 0
77223, 12, 6, 4, 2, 12, 0
77231, 31, 20, 19, 1, 30, 1
79249, 4, 4, 4, 0, 3, 1
79362, 30, 24, 22, 2, 22, 8
79386, 36, 38, 35, 3, 36, 0
79397, 16, 8, 8, 0, 16, 0
79400, 17, 9, 8, 1, 17, 0
79419, 30, 7, 5, 2, 29, 1
79420, 51, 50, 47, 3, 44, 7
79422, 0, 7, 7, 0, 0, 0
79425, 38, 37, 36, 1, 36, 2
80782, 41, 6, 5, 1, 41, 0
80787, 27, 27, 25, 2, 27, 0
80802, 17, 19, 19, 0, 17, 0
82385, 32, 28, 24, 4, 23, 9
82394, 8, 38, 38, 0, 8, 0
82395, 20, 10, 10, 0, 17, 3
83969, 0, 3, 1, 2, 0, 0
84016, 4, 2, 2, 0, 4, 0
84238, 0, 2, 2, 0, 0, 0
84239, 0, 2, 2, 0, 0, 0
84988, 7, 5, 4, 1, 4, 3
85411, 2, 3, 3, 0, 2, 0
86990, 0, 2, 1, 1, 0, 0
89695, 2, 1, 1, 0, 2, 0
89696, 0, 1, 1, 0, 0, 0
89697, 0, 1, 1, 0, 0, 0
89698, 0, 1, 1, 0, 0, 0
89699, 0, 1, 1, 0, 0, 0
89700, 0, 1, 1, 0, 0, 0
89701, 0, 1, 1, 0, 0, 0
89702, 0, 1, 1, 0, 0, 0
89703, 5, 3, 3, 0, 4, 1
89704, 0, 2, 2, 0, 0, 0
89705, 0, 1, 1, 0, 0, 0
89706, 0, 1, 1, 0, 0, 0
89707, 0, 1, 1, 0, 0, 0
92136, 16, 17, 17, 0, 16, 0
92802, 19, 44, 28, 16, 17, 2
92803, 73, 24, 20, 4, 45, 28
92807, 98, 72, 66, 6, 49, 49
92811, 29, 6, 5, 1, 27, 2
92829, 41, 8, 7, 1, 36, 5
92844, 30, 18, 14, 4, 28, 2
93270, 0, 1, 1, 0, 0, 0
93508, 10, 12, 10, 2, 10, 0
93897, 3, 5, 5, 0, 3, 0
94020, 0, 4, 3, 1, 0, 0
94065, 3, 1, 1, 0, 3, 0
94317, 18, 6, 6, 0, 15, 3
94405, 28, 29, 25, 4, 28, 0
94422, 1, 1, 1, 0, 0, 1
94517, 50, 29, 24, 5, 50, 0
94585, 35, 43, 40, 3, 35, 0
94646, 19, 17, 15, 2, 17, 2
94659, 0, 2, 2, 0, 0, 0
94671, 28, 16, 11, 5, 27, 1
94705, 14, 7, 7, 0, 14, 0
94786, 4, 6, 6, 0, 4, 0
94863, 64, 31, 31, 0, 62, 2
95151, 49, 45, 40, 5, 49, 0
95196, 5, 5, 5, 0, 5, 0
95262, 4, 5, 5, 0, 2, 2
95292, 1, 3, 3, 0, 1, 0
95562, 7, 3, 3, 0, 7, 0
95563, 32, 18, 18, 0, 31, 1
95564, 0, 1, 1, 0, 0, 0
95831, 1, 1, 1, 0, 1, 0
95927, 63, 63, 58, 5, 62, 1
95962, 36, 51, 48, 3, 17, 19
95973, 2, 2, 2, 0, 2, 0
96050, 4, 1, 1, 0, 4, 0
96138, 3, 3, 3, 0, 3, 0
96139, 4, 11, 11, 0, 4, 0
96199, 2, 1, 1, 0, 2, 0
96304, 34, 27, 27, 0, 34, 0
96325, 17, 23, 19, 4, 15, 2
96379, 11, 4, 4, 0, 11, 0
96410, 8, 3, 2, 1, 8, 0
96496, 11, 6, 6, 0, 11, 0
96542, 2, 9, 8, 1, 2, 0
96696, 16, 9, 8, 1, 16, 0
96708, 0, 2, 2, 0, 0, 0
96711, 7, 13, 12, 1, 7, 0
96743, 25, 36, 12, 24, 23, 2
96755, 2, 6, 6, 0, 2, 0
96926, 14, 5, 2, 3, 11, 3
96932, 6, 6, 3, 3, 6, 0
96979, 7, 15, 14, 1, 7, 0
97158, 142, 46, 23, 23, 84, 58
97203, 0, 8, 8, 0, 0, 0
97244, 9, 6, 4, 2, 5, 4
97336, 260, 26, 23, 3, 253, 7
97366, 105, 27, 26, 1, 105, 0
97431, 1, 5, 4, 1, 1, 0
97541, 31, 22, 18, 4, 29, 2
97555, 8, 12, 12, 0, 8, 0
97985, 13, 33, 31, 2, 13, 0
98057, 71, 37, 30, 7, 71, 0
98091, 13, 11, 11, 0, 13, 0
98206, 43, 26, 19, 7, 41, 2
98254, 14, 6, 6, 0, 12, 2
98301, 8, 4, 4, 0, 8, 0
98451, 20, 43, 43, 0, 12, 8
98670, 2, 6, 6, 0, 2, 0
98738, 6, 7, 6, 1, 5, 1
98795, 3, 10, 9, 1, 3, 0
98823, 0, 1, 1, 0, 0, 0
98910, 2, 3, 3, 0, 2, 0
98914, 0, 2, 2, 0, 0, 0
98939, 22, 31, 30, 1, 22, 0
99055, 0, 1, 1, 0, 0, 0
99070, 0, 2, 2, 0, 0, 0
99137, 0, 1, 1, 0, 0, 0
99204, 5, 3, 3, 0, 5, 0
99277, 1, 2, 2, 0, 1, 0
99393, 4, 4, 4, 0, 4, 0
99427, 13, 7, 6, 1, 13, 0
99785, 0, 13, 13, 0, 0, 0
99838, 0, 4, 2, 2, 0, 0
99839, 74, 50, 49, 1, 74, 0
99884, 0, 4, 3, 1, 0, 0
99899, 3, 3, 3, 0, 3, 0
100088, 11, 13, 12, 1, 11, 0
100246, 44, 25, 24, 1, 44, 0
100284, 0, 4, 4, 0, 0, 0
100372, 149, 97, 62, 35, 149, 0
100436, 0, 1, 1, 0, 0, 0
100475, 10, 8, 6, 2, 10, 0
100503, 1, 1, 1, 0, 1, 0
100571, 8, 15, 13, 2, 7, 1
100578, 9, 6, 5, 1, 9, 0
100595, 14, 7, 7, 0, 14, 0
100607, 15, 75, 70, 5, 14, 1
100625, 5, 5, 5, 0, 5, 0
100651, 2, 3, 3, 0, 2, 0
101266, 45, 18, 17, 1, 45, 0
101356, 56, 33, 27, 6, 56, 0
101397, 2, 3, 3, 0, 2, 0
101422, 40, 14, 9, 5, 40, 0
101430, 27, 47, 39, 8, 12, 15
101431, 3, 5, 3, 2, 3, 0
101502, 6, 6, 5, 1, 6, 0
101560, 27, 10, 8, 2, 26, 1
101621, 11, 3, 3, 0, 11, 0
101650, 1, 1, 1, 0, 1, 0
101673, 15, 16, 16, 0, 13, 2
101743, 3, 8, 8, 0, 2, 1
102580, 6, 12, 11, 1, 6, 0
102582, 13, 34, 27, 7, 12, 1
102904, 6, 6, 6, 0, 6, 0
103056, 12, 11, 9, 2, 12, 0
103081, 10, 12, 11, 1, 10, 0
103154, 11, 9, 7, 2, 8, 3
103196, 2, 4, 4, 0, 2, 0
103372, 0, 1, 1, 0, 0, 0
103422, 1, 1, 1, 0, 1, 0
103498, 24, 16, 16, 0, 23, 1
103520, 2, 1, 1, 0, 2, 0
103571, 0, 9, 9, 0, 0, 0
103733, 1, 3, 1, 2, 1, 0
103750, 31, 35, 33, 2, 31, 0
103816, 17, 17, 17, 0, 14, 3
103864, 1, 2, 2, 0, 1, 0
103869, 18, 19, 19, 0, 16, 2
103993, 3, 2, 2, 0, 3, 0
104051, 39, 2, 2, 0, 39, 0
104082, 17, 25, 20, 5, 16, 1
104460, 18, 28, 28, 0, 18, 0
104488, 3, 34, 7, 27, 3, 0
104617, 11, 4, 4, 0, 10, 1
104618, 8, 12, 11, 1, 8, 0
104652, 1, 1, 1, 0, 1, 0
104894, 0, 3, 3, 0, 0, 0
104908, 0, 1, 1, 0, 0, 0
104911, 1, 3, 3, 0, 1, 0
105045, 3, 4, 3, 1, 3, 0
105071, 31, 49, 46, 3, 27, 4
105143, 21, 12, 7, 5, 19, 2
105254, 55, 51, 45, 6, 42, 13
105273, 17, 4, 4, 0, 17, 0
105331, 6, 7, 5, 2, 6, 0
105386, 37, 15, 14, 1, 30, 7
105411, 33, 28, 24, 4, 30, 3
105936, 16, 3, 2, 1, 15, 1
106076, 6, 7, 6, 1, 5, 1
106100, 17, 8, 7, 1, 17, 0
106130, 8, 21, 20, 1, 8, 0
106191, 32, 25, 23, 2, 32, 0
106297, 47, 40, 30, 10, 39, 8
106477, 17, 10, 7, 3, 13, 4
106516, 21, 15, 14, 1, 21, 0
106537, 57, 23, 22, 1, 57, 0
106583, 65, 31, 23, 8, 65, 0
106586, 36, 7, 7, 0, 34, 2
106591, 2, 2, 2, 0, 2, 0
106713, 18, 4, 4, 0, 18, 0
106716, 5, 9, 6, 3, 5, 0
106814, 29, 29, 19, 10, 28, 1
106822, 52, 44, 44, 0, 51, 1
106847, 0, 3, 3, 0, 0, 0
106853, 31, 16, 9, 7, 31, 0
106956, 2, 5, 5, 0, 1, 1
107049, 0, 1, 1, 0, 0, 0
107070, 28, 15, 13, 2, 28, 0
107089, 8, 6, 5, 1, 8, 0
107097, 2, 3, 3, 0, 2, 0
107177, 23, 7, 6, 1, 22, 1
107223, 35, 24, 23, 1, 33, 2
107243, 37, 33, 31, 2, 36, 1
107253, 151, 13, 13, 0, 19, 132
107335, 0, 1, 1, 0, 0, 0
107348, 3, 2, 2, 0, 3, 0
107454, 21, 10, 9, 1, 21, 0
107558, 2, 2, 2, 0, 2, 0
107563, 17, 13, 13, 0, 17, 0
107589, 3, 13, 11, 2, 3, 0
107694, 11, 5, 5, 0, 11, 0
107776, 1, 8, 8, 0, 1, 0
107810, 23, 10, 10, 0, 23, 0
107835, 11, 28, 25, 3, 11, 0
107860, 5, 4, 4, 0, 5, 0
107861, 21, 22, 22, 0, 21, 0
107974, 62, 16, 16, 0, 61, 1
108007, 25, 21, 13, 8, 25, 0
108023, 7, 9, 8, 1, 6, 1
108043, 18, 20, 17, 3, 15, 3
108054, 8, 2, 2, 0, 8, 0
108119, 3, 5, 5, 0, 3, 0
108149, 4, 2, 1, 1, 4, 0
108260, 181, 46, 45, 1, 181, 0
108388, 26, 23, 20, 3, 15, 11
108396, 2, 2, 2, 0, 2, 0
108479, 5, 6, 5, 1, 5, 0
108571, 10, 3, 3, 0, 10, 0
108590, 7, 4, 2, 2, 7, 0
108649, 0, 3, 3, 0, 0, 0
108702, 21, 20, 20, 0, 21, 0
108728, 12, 3, 3, 0, 12, 0
108839, 63, 12, 12, 0, 62, 1
108926, 3, 3, 3, 0, 3, 0
108967, 3, 7, 7, 0, 3, 0
109042, 0, 3, 3, 0, 0, 0
109065, 7, 12, 12, 0, 7, 0
109156, 5, 4, 2, 2, 3, 2
109246, 77, 39, 34, 5, 77, 0
109272, 5, 3, 3, 0, 5, 0
109283, 0, 2, 2, 0, 0, 0
109348, 10, 2, 2, 0, 10, 0
109462, 30, 21, 21, 0, 30, 0
109470, 0, 1, 1, 0, 0, 0
109514, 98, 32, 17, 15, 98, 0
109527, 10, 8, 6, 2, 8, 2
109529, 1, 1, 1, 0, 1, 0
109535, 53, 5, 5, 0, 53, 0
109552, 10, 11, 10, 1, 10, 0
109563, 15, 6, 5, 1, 15, 0
109573, 0, 2, 2, 0, 0, 0
109574, 0, 1, 1, 0, 0, 0
109596, 5, 6, 5, 1, 4, 1
109621, 7, 1, 1, 0, 7, 0
109653, 5, 6, 6, 0, 5, 0
109666, 9, 13, 13, 0, 4, 5
109792, 194, 15, 13, 2, 193, 1
109838, 8, 5, 4, 1, 7, 1
109853, 14, 14, 14, 0, 11, 3
109871, 0, 5, 1, 4, 0, 0
109872, 1, 4, 4, 0, 1, 0
109873, 0, 5, 5, 0, 0, 0
109875, 0, 1, 1, 0, 0, 0
109894, 3, 1, 1, 0, 3, 0
109971, 0, 1, 1, 0, 0, 0
110010, 4, 6, 5, 1, 4, 0
110086, 0, 1, 1, 0, 0, 0
110108, 1, 1, 1, 0, 1, 0
110117, 6, 2, 2, 0, 6, 0
110122, 0, 1, 1, 0, 0, 0
110123, 4, 3, 3, 0, 4, 0
110140, 17, 22, 14, 8, 16, 1
110158, 5, 4, 3, 1, 5, 0
110256, 17, 4, 4, 0, 17, 0
110258, 1, 1, 1, 0, 1, 0
110351, 5, 3, 3, 0, 5, 0
110427, 0, 1, 1, 0, 0, 0
110430, 0, 5, 1, 4, 0, 0
110438, 0, 5, 5, 0, 0, 0
110527, 93, 27, 25, 2, 93, 0
110534, 0, 2, 2, 0, 0, 0
110555, 1, 1, 1, 0, 0, 1
110603, 0, 1, 1, 0, 0, 0
110625, 1, 5, 4, 1, 1, 0
110648, 5, 10, 3, 7, 5, 0
110670, 4, 3, 3, 0, 2, 2
110673, 0, 1, 1, 0, 0, 0
110679, 18, 6, 6, 0, 18, 0
110736, 25, 28, 21, 7, 24, 1
110782, 0, 2, 1, 1, 0, 0
110827, 0, 1, 1, 0, 0, 0
111061, 0, 3, 3, 0, 0, 0
111091, 3, 2, 1, 1, 3, 0
111127, 0, 4, 4, 0, 0, 0
111136, 0, 1, 1, 0, 0, 0
111171, 0, 1, 1, 0, 0, 0
111173, 3, 2, 2, 0, 3, 0
111184, 15, 12, 8, 4, 15, 0
111216, 3, 44, 5, 39, 3, 0
111253, 1, 4, 4, 0, 1, 0
111254, 8, 3, 3, 0, 6, 2
111255, 2, 4, 2, 2, 1, 1
111256, 0, 1, 1, 0, 0, 0
111262, 4, 3, 3, 0, 4, 0
111275, 0, 1, 1, 0, 0, 0
111276, 11, 6, 5, 1, 8, 3
111284, 0, 1, 1, 0, 0, 0
111285, 1, 1, 1, 0, 1, 0
111327, 0, 1, 1, 0, 0, 0
111348, 6, 3, 2, 1, 6, 0
111354, 0, 2, 2, 0, 0, 0
111372, 2, 4, 3, 1, 2, 0
111374, 5, 19, 14, 5, 5, 0
111388, 0, 1, 1, 0, 0, 0
111392, 170, 12, 6, 6, 3, 167
111484, 2, 3, 3, 0, 2, 0
111485, 1, 4, 3, 1, 1, 0
111488, 15, 12, 9, 3, 15, 0
111508, 0, 8, 5, 3, 0, 0
111515, 369, 43, 37, 6, 368, 1
111543, 3, 1, 1, 0, 3, 0
111576, 9, 4, 2, 2, 9, 0
111578, 0, 4, 4, 0, 0, 0
111591, 22, 12, 7, 5, 22, 0
111597, 27, 13, 10, 3, 27, 0
111604, 0, 1, 1, 0, 0, 0
111608, 10, 4, 4, 0, 10, 0
111624, 15, 8, 8, 0, 15, 0
111625, 2, 3, 3, 0, 2, 0
111627, 0, 3, 1, 2, 0, 0
111628, 0, 1, 1, 0, 0, 0
111808, 2, 2, 2, 0, 2, 0
111845, 24, 23, 21, 2, 24, 0
111869, 51, 10, 7, 3, 51, 0
111915, 0, 1, 1, 0, 0, 0
111964, 8, 4, 4, 0, 8, 0
111968, 0, 3, 2, 1, 0, 0
111969, 0, 1, 1, 0, 0, 0
111971, 0, 1, 1, 0, 0, 0
111973, 0, 3, 2, 1, 0, 0
112019, 0, 2, 2, 0, 0, 0
112068, 2, 1, 1, 0, 2, 0
112083, 0, 1, 1, 0, 0, 0
112176, 0, 1, 1, 0, 0, 0
112216, 2, 1, 1, 0, 2, 0
112229, 0, 1, 1, 0, 0, 0
115269, 11, 4, 4, 0, 8, 3
115507, 5, 3, 3, 0, 5, 0
115581, 0, 1, 1, 0, 0, 0
115582, 0, 3, 3, 0, 0, 0
33485, 7, 7, 4, 3, 7, 0
97277, 11, 23, 23, 0, 10, 1
100785, 18, 11, 11, 0, 17, 1
105289, 0, 3, 1, 2, 0, 0
106335, 0, 1, 0, 1, 0, 0
107801, 1, 11, 0, 11, 1, 0
114495, 0, 5, 0, 5, 0, 0
300, 0, 3, 2, 1, 0, 0
1213, 335, 272, 246, 26, 330, 5
2389, 7, 74, 72, 2, 5, 2
4358, 1, 35, 3, 32, 1, 0
4891, 27, 14, 12, 2, 26, 1
5913, 83, 77, 74, 3, 82, 1
5947, 51, 35, 16, 19, 49, 2
9936, 1, 3, 2, 1, 1, 0
11568, 14, 32, 17, 15, 14, 0
11937, 47, 61, 58, 3, 28, 19
12027, 29, 65, 52, 13, 29, 0
18809, 1, 1, 0, 1, 1, 0
19592, 3, 23, 4, 19, 3, 0
23487, 7, 56, 2, 54, 7, 0
24467, 21, 49, 41, 8, 14, 7
26080, 79, 76, 21, 55, 16, 63
35572, 7, 27, 25, 2, 7, 0
45224, 6, 13, 0, 13, 4, 2
67192, 1, 2, 1, 1, 1, 0
71035, 4, 1, 0, 1, 4, 0
71110, 0, 3, 2, 1, 0, 0
76213, 3, 1, 0, 1, 3, 0
76818, 0, 2, 1, 1, 0, 0
98153, 0, 16, 4, 12, 0, 0
100091, 1, 1, 0, 1, 1, 0
100402, 2, 3, 0, 3, 2, 0
101745, 2, 1, 0, 1, 2, 0
102813, 3, 8, 4, 4, 2, 1
104395, 4, 5, 1, 4, 4, 0
105468, 14, 37, 3, 34, 14, 0
105812, 0, 2, 0, 2, 0, 0
107112, 1, 1, 0, 1, 1, 0
107178, 1, 2, 0, 2, 1, 0
107859, 7, 32, 0, 32, 7, 0
108399, 0, 1, 0, 1, 0, 0
109006, 0, 3, 0, 3, 0, 0
109590, 0, 17, 0, 17, 0, 0
110167, 0, 1, 0, 1, 0, 0
110260, 0, 3, 0, 3, 0, 0
110346, 0, 1, 0, 1, 0, 0
110839, 1, 2, 1, 1, 0, 1
111189, 1, 1, 0, 1, 1, 0
111640, 0, 1, 0, 1, 0, 0
111702, 4, 5, 1, 4, 4, 0
111899, 0, 4, 0, 4, 0, 0
112023, 17, 30, 2, 28, 17, 0
112792, 3, 3, 1, 2, 3, 0
113376, 0, 1, 0, 1, 0, 0
113737, 2, 1, 0, 1, 1, 1
113755, 0, 1, 0, 1, 0, 0
113756, 0, 1, 0, 1, 0, 0
114129, 0, 2, 0, 2, 0, 0
114302, 1, 25, 4, 21, 1, 0
114494, 0, 3, 0, 3, 0, 0
115207, 1, 18, 1, 17, 0, 1
115412, 0, 8, 1, 7, 0, 0
115421, 2, 3, 0, 3, 0, 2
115434, 0, 1, 0, 1, 0, 0
115729, 22, 34, 0, 34, 16, 6
115916, 0, 1, 0, 1, 0, 0
116574, 71, 2, 0, 2, 71, 0
116893, 0, 1, 0, 1, 0, 0
117185, 1, 8, 0, 8, 1, 0
117798, 4, 20, 1, 19, 4, 0
118208, 1, 4, 0, 4, 1, 0
118252, 0, 2, 1, 1, 0, 0
118509, 0, 3, 0, 3, 0, 0
119309, 94, 15, 1, 14, 93, 1
119348, 0, 2, 0, 2, 0, 0
119349, 0, 1, 0, 1, 0, 0
119350, 0, 1, 0, 1, 0, 0
119920, 0, 8, 0, 8, 0, 0
119943, 3, 16, 1, 15, 2, 1
119994, 5, 6, 1, 5, 5, 0
120009, 0, 4, 0, 4, 0, 0
120011, 0, 1, 0, 1, 0, 0
120195, 0, 1, 0, 1, 0, 0
120360, 0, 4, 0, 4, 0, 0
120561, 0, 1, 0, 1, 0, 0
120606, 0, 2, 0, 2, 0, 0
120612, 1, 1, 0, 1, 1, 0
120613, 0, 1, 0, 1, 0, 0
120643, 0, 1, 0, 1, 0, 0
120979, 0, 1, 0, 1, 0, 0
121220, 0, 21, 0, 21, 0, 0
121533, 1, 1, 0, 1, 0, 1
121691, 4, 3, 1, 2, 3, 1
121716, 0, 1, 0, 1, 0, 0
121780, 0, 2, 0, 2, 0, 0
121827, 0, 1, 0, 1, 0, 0
121846, 0, 1, 0, 1, 0, 0
121852, 0, 1, 0, 1, 0, 0
121950, 1, 6, 0, 6, 1, 0
121958, 1, 1, 0, 1, 1, 0
122217, 0, 1, 0, 1, 0, 0
122323, 0, 1, 0, 1, 0, 0
122474, 2, 7, 6, 1, 2, 0
122508, 0, 1, 0, 1, 0, 0
122627, 1, 3, 2, 1, 1, 0
123220, 0, 2, 0, 2, 0, 0
123368, 0, 1, 0, 1, 0, 0
124310, 0, 2, 0, 2, 0, 0
124346, 1, 3, 2, 1, 0, 1
124361, 1, 1, 0, 1, 1, 0
124363, 3, 4, 0, 4, 1, 2
124597, 2, 2, 0, 2, 1, 1
124750, 1, 2, 0, 2, 1, 0
124788, 1, 2, 0, 2, 1, 0
124801, 0, 1, 0, 1, 0, 0
124898, 0, 1, 0, 1, 0, 0
125305, 0, 1, 0, 1, 0, 0
125373, 2, 2, 1, 1, 2, 0
125404, 1, 1, 0, 1, 1, 0
125976, 0, 1, 0, 1, 0, 0
125977, 0, 1, 0, 1, 0, 0
126447, 2, 1, 0, 1, 2, 0
127964, 0, 1, 0, 1, 0, 0
128151, 0, 1, 0, 1, 0, 0
128258, 0, 2, 0, 2, 0, 0
128291, 0, 1, 0, 1, 0, 0
128292, 0, 1, 0, 1, 0, 0
128293, 0, 1, 0, 1, 0, 0
128294, 0, 1, 0, 1, 0, 0
129377, 1, 1, 0, 1, 1, 0
129466, 0, 1, 0, 1, 0, 0
130206, 0, 2, 0, 2, 0, 0
130605, 1, 10, 7, 3, 1, 0
131065, 0, 8, 0, 8, 0, 0
131214, 0, 1, 0, 1, 0, 0
170, 1, 1, 0, 1, 1, 0
171, 0, 1, 1, 0, 0, 0
172, 1, 0, 0, 0, 1, 0
173, 1, 5, 4, 1, 1, 0
174, 1, 0, 0, 0, 0, 1
2901, 106, 169, 158, 11, 89, 17
4620, 68, 62, 59, 3, 53, 15
4771, 178, 117, 115, 2, 178, 0
6785, 22, 36, 30, 6, 22, 0
10095, 4, 16, 10, 6, 4, 0
10973, 207, 57, 41, 16, 206, 1
11046, 35, 17, 16, 1, 35, 0
14429, 5, 5, 5, 0, 5, 0
16610, 16, 10, 10, 0, 16, 0
16759, 11, 16, 16, 0, 11, 0
16922, 66, 148, 138, 10, 58, 8
16923, 95, 81, 80, 1, 94, 1
16927, 98, 97, 94, 3, 97, 1
16983, 12, 12, 12, 0, 12, 0
16997, 64, 127, 122, 5, 57, 7
17045, 50, 49, 46, 3, 50, 0
17066, 68, 65, 63, 2, 67, 1
17371, 146, 38, 38, 0, 146, 0
17411, 145, 47, 45, 2, 145, 0
17567, 3, 9, 8, 1, 2, 1
17973, 2, 17, 7, 10, 1, 1
24923, 0, 6, 3, 3, 0, 0
26032, 5, 59, 56, 3, 5, 0
27129, 166, 108, 94, 14, 165, 1
27186, 39, 42, 39, 3, 35, 4
27263, 58, 68, 68, 0, 56, 2
27268, 57, 56, 54, 2, 51, 6
28779, 225, 158, 140, 18, 222, 3
31072, 171, 17, 17, 0, 171, 0
33863, 45, 15, 14, 1, 42, 3
33952, 43, 20, 18, 2, 36, 7
33981, 52, 28, 24, 4, 52, 0
33982, 2, 1, 1, 0, 2, 0
38828, 30, 25, 23, 2, 30, 0
40440, 274, 45, 36, 9, 274, 0
42230, 5, 13, 13, 0, 5, 0
46487, 12, 49, 5, 44, 9, 3
47892, 23, 4, 2, 2, 23, 0
48182, 17, 31, 28, 3, 15, 2
63695, 19, 14, 14, 0, 19, 0
63729, 1, 2, 1, 1, 0, 1
66499, 41, 31, 29, 2, 41, 0
77225, 10, 5, 4, 1, 10, 0
77233, 15, 16, 16, 0, 15, 0
77241, 54, 80, 79, 1, 54, 0
77266, 12, 30, 20, 10, 10, 2
82369, 4, 5, 5, 0, 4, 0
97495, 4, 3, 3, 0, 2, 2
98129, 6, 8, 8, 0, 6, 0
101028, 13, 36, 6, 30, 6, 7
103009, 18, 23, 20, 3, 16, 2
103216, 8, 3, 3, 0, 8, 0
103609, 64, 14, 10, 4, 52, 12
105141, 12, 12, 11, 1, 11, 1
107300, 75, 53, 50, 3, 75, 0
107382, 5, 3, 2, 1, 3, 2
107743, 1, 5, 4, 1, 1, 0
111240, 54, 31, 28, 3, 54, 0
112950, 21, 35, 33, 2, 21, 0
113265, 1, 4, 3, 1, 1, 0
113587, 20, 10, 6, 4, 20, 0
113899, 16, 6, 6, 0, 16, 0
114569, 3, 4, 4, 0, 3, 0
115067, 19, 30, 27, 3, 19, 0
115169, 40, 15, 15, 0, 29, 11
115949, 21, 26, 26, 0, 21, 0
116374, 2, 1, 1, 0, 1, 1
117036, 18, 4, 4, 0, 18, 0
117279, 66, 55, 52, 3, 64, 2
117300, 55, 54, 50, 4, 54, 1
117852, 17, 5, 5, 0, 17, 0
117967, 19, 6, 6, 0, 18, 1
118404, 61, 23, 20, 3, 61, 0
118558, 0, 3, 3, 0, 0, 0
119699, 57, 17, 16, 1, 37, 20
120020, 40, 33, 32, 1, 25, 15
120524, 0, 1, 1, 0, 0, 0
120559, 33, 87, 84, 3, 33, 0
120730, 16, 19, 18, 1, 12, 4
120919, 5, 1, 1, 0, 5, 0
121353, 0, 1, 1, 0, 0, 0
121971, 14, 33, 28, 5, 1, 13
122260, 73, 56, 49, 7, 73, 0
122634, 0, 1, 1, 0, 0, 0
122767, 0, 1, 0, 1, 0, 0
123020, 7, 5, 3, 2, 7, 0
123023, 9, 10, 10, 0, 9, 0
123269, 26, 21, 18, 3, 26, 0
123322, 0, 3, 3, 0, 0, 0
123474, 8, 5, 5, 0, 8, 0
123533, 1, 1, 1, 0, 1, 0
123713, 16, 19, 6, 13, 3, 13
123838, 24, 19, 19, 0, 24, 0
123883, 5, 1, 0, 1, 3, 2
124150, 10, 4, 4, 0, 10, 0
124233, 19, 31, 30, 1, 19, 0
124891, 29, 12, 11, 1, 29, 0
125144, 8, 10, 8, 2, 7, 1
126842, 2, 3, 3, 0, 2, 0
126959, 7, 7, 7, 0, 7, 0
126966, 11, 12, 12, 0, 11, 0
127694, 0, 7, 0, 7, 0, 0
131497, 1, 4, 4, 0, 1, 0
176, 1, 1, 0, 1, 1, 0
177, 6, 6, 4, 2, 4, 2
36427, 2, 3, 3, 0, 2, 0
41911, 0, 4, 3, 1, 0, 0
50153, 1, 2, 1, 1, 1, 0
178, 1, 0, 0, 0, 1, 0
179, 0, 3, 3, 0, 0, 0
180, 1, 0, 0, 0, 1, 0
181, 3, 8, 6, 2, 3, 0
23115, 3, 6, 5, 1, 2, 1
64138, 2, 3, 3, 0, 2, 0
64139, 1, 1, 1, 0, 1, 0
3500, 66, 125, 9, 116, 66, 0
14935, 45, 5, 4, 1, 34, 11
17421, 19, 26, 6, 20, 18, 1
52207, 5, 8, 5, 3, 0, 5
92849, 1, 2, 0, 2, 0, 1
103430, 8, 9, 8, 1, 8, 0
106211, 28, 9, 5, 4, 28, 0
184, 1, 0, 0, 0, 1, 0
186, 6, 3, 3, 0, 6, 0
187, 39, 21, 19, 2, 35, 4
21891, 9, 14, 14, 0, 7, 2
351, 34, 8, 8, 0, 34, 0
2008, 14, 30, 21, 9, 8, 6
2114, 9, 9, 7, 2, 9, 0
2115, 0, 1, 1, 0, 0, 0
2117, 10, 17, 17, 0, 9, 1
3781, 43, 65, 64, 1, 42, 1
3881, 57, 19, 14, 5, 56, 1
4153, 281, 46, 28, 18, 281, 0
5771, 51, 85, 84, 1, 25, 26
6272, 106, 224, 208, 16, 92, 14
13198, 18, 8, 6, 2, 18, 0
93363, 11, 9, 8, 1, 11, 0
95781, 0, 1, 1, 0, 0, 0
97205, 1, 4, 4, 0, 1, 0
97849, 1, 1, 1, 0, 1, 0
188, 1, 0, 0, 0, 1, 0
189, 2, 12, 5, 7, 1, 1
47666, 2, 2, 2, 0, 2, 0
190, 2, 0, 0, 0, 1, 1
191, 0, 1, 1, 0, 0, 0
192, 0, 1, 0, 1, 0, 0
194, 2, 4, 2, 2, 2, 0
98741, 2, 7, 0, 7, 2, 0
195, 2, 0, 0, 0, 2, 0
196, 6, 4, 3, 1, 6, 0
211, 664, 115, 109, 6, 664, 0
324, 46, 60, 59, 1, 41, 5
57788, 172, 170, 137, 33, 172, 0
66494, 75, 86, 81, 5, 74, 1
95702, 13, 8, 8, 0, 13, 0
107268, 1, 1, 1, 0, 1, 0
113884, 20, 19, 18, 1, 20, 0
122784, 20, 8, 8, 0, 20, 0
122870, 0, 2, 2, 0, 0, 0
198, 3, 2, 2, 0, 3, 0
200, 16, 12, 12, 0, 16, 0
201, 8, 5, 4, 1, 8, 0
440, 5, 4, 4, 0, 4, 1
879, 3, 3, 3, 0, 3, 0
1105, 90, 63, 59, 4, 63, 27
5548, 33, 17, 17, 0, 33, 0
5886, 5, 9, 9, 0, 5, 0
16178, 7, 7, 7, 0, 7, 0
18479, 0, 6, 0, 6, 0, 0
42156, 1, 4, 3, 1, 1, 0
7452, 3, 4, 4, 0, 3, 0
9007, 8, 47, 44, 3, 8, 0
202, 1, 0, 0, 0, 0, 1
540, 219, 108, 106, 2, 79, 140
2737, 112, 133, 126, 7, 64, 48
4179, 87, 60, 45, 15, 71, 16
4522, 0, 46, 14, 32, 0, 0
5767, 2, 44, 24, 20, 2, 0
7289, 83, 133, 120, 13, 66, 17
8172, 2, 37, 1, 36, 2, 0
8353, 16, 56, 48, 8, 15, 1
8434, 74, 163, 150, 13, 74, 0
8685, 0, 4, 0, 4, 0, 0
9374, 11, 24, 23, 1, 10, 1
9630, 7, 72, 5, 67, 7, 0
12405, 8, 80, 4, 76, 6, 2
12792, 6, 16, 16, 0, 6, 0
14296, 10, 56, 22, 34, 0, 10
15258, 31, 23, 19, 4, 30, 1
15272, 1, 27, 2, 25, 0, 1
19489, 35, 146, 143, 3, 35, 0
20374, 164, 80, 57, 23, 164, 0
26394, 0, 4, 0, 4, 0, 0
26810, 24, 43, 31, 12, 7, 17
29681, 0, 5, 1, 4, 0, 0
32730, 1, 7, 0, 7, 1, 0
38969, 7, 85, 4, 81, 5, 2
43218, 3, 12, 2, 10, 3, 0
43289, 2, 2, 1, 1, 2, 0
44574, 0, 8, 0, 8, 0, 0
45089, 0, 10, 0, 10, 0, 0
47471, 1, 5, 3, 2, 1, 0
48628, 7, 5, 4, 1, 7, 0
49352, 0, 4, 0, 4, 0, 0
53008, 0, 3, 0, 3, 0, 0
56155, 0, 5, 3, 2, 0, 0
56348, 127, 145, 141, 4, 127, 0
57245, 2, 36, 1, 35, 2, 0
63540, 0, 11, 0, 11, 0, 0
76440, 0, 6, 0, 6, 0, 0
80027, 0, 3, 0, 3, 0, 0
92529, 0, 2, 0, 2, 0, 0
93077, 0, 1, 1, 0, 0, 0
113773, 58, 27, 23, 4, 54, 4
204, 1, 1, 1, 0, 1, 0
278, 6, 62, 29, 33, 5, 1
667, 1, 1, 0, 1, 1, 0
936, 15, 9, 8, 1, 15, 0
1006, 33, 17, 17, 0, 33, 0
1359, 85, 52, 51, 1, 83, 2
1398, 5, 8, 8, 0, 4, 1
1602, 266, 68, 57, 11, 265, 1
1880, 46, 37, 34, 3, 40, 6
2092, 0, 3, 1, 2, 0, 0
2104, 1, 1, 1, 0, 1, 0
2132, 44, 20, 16, 4, 27, 17
3043, 68, 11, 8, 3, 68, 0
3515, 0, 7, 0, 7, 0, 0
4459, 23, 43, 25, 18, 23, 0
4525, 0, 2, 2, 0, 0, 0
4937, 18, 10, 9, 1, 16, 2
5667, 6, 7, 3, 4, 0, 6
8347, 24, 16, 11, 5, 24, 0
13720, 2, 17, 0, 17, 1, 1
14849, 1, 1, 1, 0, 1, 0
15481, 0, 1, 1, 0, 0, 0
15482, 0, 2, 1, 1, 0, 0
15483, 0, 2, 0, 2, 0, 0
15484, 0, 1, 1, 0, 0, 0
15485, 0, 1, 0, 1, 0, 0
15486, 0, 1, 0, 1, 0, 0
15487, 0, 2, 0, 2, 0, 0
15488, 0, 1, 0, 1, 0, 0
15489, 0, 1, 0, 1, 0, 0
15490, 0, 1, 0, 1, 0, 0
15491, 0, 1, 0, 1, 0, 0
15492, 0, 1, 0, 1, 0, 0
15493, 0, 3, 1, 2, 0, 0
15494, 3, 1, 1, 0, 3, 0
15496, 0, 1, 1, 0, 0, 0
15497, 0, 2, 0, 2, 0, 0
15498, 12, 3, 3, 0, 10, 2
15499, 0, 1, 0, 1, 0, 0
15500, 0, 3, 0, 3, 0, 0
15501, 2, 5, 0, 5, 0, 2
15502, 0, 1, 0, 1, 0, 0
15503, 0, 1, 0, 1, 0, 0
15504, 0, 2, 0, 2, 0, 0
15506, 0, 1, 0, 1, 0, 0
15507, 0, 1, 0, 1, 0, 0
15508, 0, 1, 0, 1, 0, 0
53257, 6, 20, 2, 18, 6, 0
93616, 0, 1, 0, 1, 0, 0
94569, 0, 1, 1, 0, 0, 0
94570, 0, 1, 0, 1, 0, 0
94915, 0, 1, 1, 0, 0, 0
206, 7, 7, 7, 0, 7, 0
207, 2, 2, 1, 1, 2, 0
25379, 9, 10, 8, 2, 8, 1
208, 2, 0, 0, 0, 1, 1
209, 44, 39, 36, 3, 42, 2
2418, 52, 110, 107, 3, 51, 1
6277, 19, 161, 150, 11, 19, 0
8045, 8, 41, 37, 4, 8, 0
11862, 389, 216, 213, 3, 389, 0
12157, 62, 66, 65, 1, 61, 1
12163, 19, 18, 18, 0, 19, 0
14616, 11, 259, 255, 4, 11, 0
15260, 17, 24, 23, 1, 16, 1
18170, 63, 77, 74, 3, 61, 2
18316, 13, 23, 22, 1, 13, 0
19945, 121, 35, 34, 1, 111, 10
20230, 104, 99, 49, 50, 102, 2
23150, 25, 75, 71, 4, 25, 0
25099, 17, 54, 34, 20, 17, 0
32085, 3, 7, 7, 0, 3, 0
47236, 7, 17, 8, 9, 3, 4
47795, 16, 34, 34, 0, 16, 0
48338, 62, 111, 29, 82, 45, 17
52758, 8, 93, 88, 5, 2, 6
52987, 4, 10, 10, 0, 4, 0
53970, 17, 16, 15, 1, 16, 1
67660, 29, 22, 22, 0, 29, 0
68012, 36, 16, 14, 2, 36, 0
70436, 9, 7, 7, 0, 9, 0
81296, 0, 2, 0, 2, 0, 0
210, 2, 0, 0, 0, 2, 0
277, 15, 20, 18, 2, 11, 4
475, 211, 101, 100, 1, 204, 7
503, 3, 10, 10, 0, 3, 0
684, 79, 30, 28, 2, 69, 10
938, 93, 71, 55, 16, 50, 43
949, 143, 126, 111, 15, 37, 106
998, 67, 39, 39, 0, 66, 1
1018, 1, 1, 1, 0, 1, 0
1157, 73, 60, 55, 5, 68, 5
1326, 84, 28, 28, 0, 82, 2
1338, 29, 35, 33, 2, 28, 1
1445, 23, 30, 27, 3, 23, 0
1468, 67, 14, 13, 1, 50, 17
1479, 18, 63, 63, 0, 14, 4
1616, 29, 72, 71, 1, 29, 0
1653, 60, 11, 10, 1, 60, 0
1739, 8, 9, 7, 2, 6, 2
1754, 54, 43, 42, 1, 54, 0
1855, 12, 8, 8, 0, 6, 6
2036, 9, 96, 91, 5, 9, 0
2144, 20, 60, 38, 22, 13, 7
2262, 96, 168, 157, 11, 90, 6
2270, 33, 22, 18, 4, 32, 1
2273, 55, 40, 38, 2, 55, 0
2280, 62, 45, 43, 2, 41, 21
2474, 4, 5, 4, 1, 0, 4
2798, 8, 3, 2, 1, 8, 0
2982, 39, 31, 31, 0, 38, 1
3054, 36, 45, 40, 5, 28, 8
3077, 25, 30, 29, 1, 25, 0
3107, 0, 1, 1, 0, 0, 0
3108, 15, 11, 10, 1, 13, 2
3109, 111, 60, 60, 0, 111, 0
3110, 34, 29, 27, 2, 30, 4
3111, 10, 5, 5, 0, 10, 0
3113, 16, 5, 5, 0, 16, 0
3114, 13, 31, 28, 3, 12, 1
3115, 8, 10, 9, 1, 8, 0
3117, 15, 9, 8, 1, 15, 0
3118, 4, 5, 5, 0, 4, 0
3119, 0, 2, 2, 0, 0, 0
3120, 0, 3, 3, 0, 0, 0
3121, 1, 4, 3, 1, 1, 0
3122, 2, 4, 4, 0, 2, 0
3123, 0, 1, 1, 0, 0, 0
3124, 9, 5, 5, 0, 3, 6
3126, 0, 1, 1, 0, 0, 0
3127, 12, 23, 21, 2, 10, 2
3129, 9, 16, 13, 3, 8, 1
3132, 119, 51, 51, 0, 108, 11
3136, 20, 25, 23, 2, 12, 8
3140, 129, 95, 83, 12, 99, 30
3143, 2, 4, 4, 0, 2, 0
3149, 41, 40, 34, 6, 38, 3
3153, 6, 20, 20, 0, 6, 0
3154, 5, 5, 4, 1, 5, 0
3155, 1, 1, 1, 0, 1, 0
3156, 7, 9, 9, 0, 6, 1
3164, 1, 2, 2, 0, 1, 0
3166, 1, 14, 14, 0, 1, 0
3170, 65, 68, 68, 0, 51, 14
3173, 0, 1, 1, 0, 0, 0
3181, 0, 2, 2, 0, 0, 0
3182, 0, 2, 2, 0, 0, 0
3184, 187, 8, 8, 0, 187, 0
3185, 0, 1, 1, 0, 0, 0
3189, 22, 24, 21, 3, 19, 3
3191, 19, 10, 10, 0, 14, 5
3192, 90, 73, 68, 5, 59, 31
3195, 76, 51, 46, 5, 19, 57
3196, 17, 17, 16, 1, 17, 0
3199, 81, 16, 13, 3, 81, 0
3200, 3, 3, 3, 0, 3, 0
3206, 0, 2, 1, 1, 0, 0
3207, 24, 47, 45, 2, 24, 0
3208, 13, 17, 13, 4, 13, 0
3209, 13, 5, 5, 0, 12, 1
3214, 0, 3, 3, 0, 0, 0
3218, 35, 32, 32, 0, 32, 3
3219, 78, 62, 62, 0, 35, 43
3221, 6, 2, 2, 0, 6, 0
3222, 75, 34, 32, 2, 74, 1
3223, 160, 114, 108, 6, 147, 13
3224, 17, 13, 13, 0, 17, 0
3225, 32, 16, 12, 4, 28, 4
3227, 1, 2, 2, 0, 1, 0
3229, 16, 21, 20, 1, 12, 4
3231, 203, 39, 31, 8, 203, 0
3233, 173, 124, 124, 0, 173, 0
3234, 70, 25, 25, 0, 55, 15
3235, 10, 40, 39, 1, 6, 4
3237, 209, 60, 59, 1, 197, 12
3238, 90, 87, 86, 1, 82, 8
3239, 15, 9, 8, 1, 5, 10
3243, 14, 20, 19, 1, 14, 0
3248, 44, 16, 16, 0, 44, 0
3250, 19, 23, 22, 1, 17, 2
3251, 33, 3, 2, 1, 7, 26
3252, 1, 5, 5, 0, 1, 0
3370, 67, 55, 48, 7, 33, 34
3373, 139, 22, 21, 1, 139, 0
3422, 55, 74, 66, 8, 55, 0
3800, 11, 106, 93, 13, 0, 11
4183, 8, 6, 5, 1, 7, 1
4244, 62, 40, 39, 1, 58, 4
4650, 1, 13, 2, 11, 1, 0
4982, 58, 94, 84, 10, 55, 3
5656, 12, 38, 35, 3, 12, 0
6008, 56, 32, 31, 1, 53, 3
6299, 49, 67, 62, 5, 49, 0
6810, 93, 69, 69, 0, 93, 0
6832, 41, 56, 55, 1, 40, 1
7541, 19, 14, 11, 3, 19, 0
8131, 12, 9, 9, 0, 12, 0
8563, 155, 111, 106, 5, 151, 4
9686, 31, 15, 14, 1, 31, 0
10323, 97, 27, 24, 3, 93, 4
10349, 21, 22, 21, 1, 21, 0
11802, 862, 71, 64, 7, 862, 0
12508, 66, 79, 76, 3, 66, 0
14757, 8, 14, 11, 3, 8, 0
14879, 39, 20, 19, 1, 39, 0
15988, 11, 4, 2, 2, 11, 0
16592, 35, 13, 13, 0, 26, 9
18129, 5, 2, 2, 0, 5, 0
19633, 34, 27, 26, 1, 33, 1
20536, 25, 20, 18, 2, 24, 1
21313, 47, 19, 15, 4, 47, 0
23506, 22, 12, 12, 0, 22, 0
23564, 67, 12, 11, 1, 67, 0
23594, 8, 32, 30, 2, 8, 0
26574, 4, 6, 6, 0, 4, 0
28288, 75, 43, 43, 0, 72, 3
28871, 7, 6, 6, 0, 7, 0
30530, 38, 10, 9, 1, 38, 0
32026, 13, 31, 25, 6, 11, 2
47741, 2, 11, 11, 0, 2, 0
55930, 32, 12, 12, 0, 31, 1
63649, 10, 5, 5, 0, 10, 0
67257, 34, 21, 20, 1, 17, 17
93321, 4, 1, 1, 0, 4, 0
93713, 1, 2, 2, 0, 1, 0
93838, 9, 5, 5, 0, 8, 1
93887, 29, 16, 14, 2, 21, 8
93979, 15, 15, 14, 1, 15, 0
94077, 1, 4, 4, 0, 1, 0
94289, 10, 4, 4, 0, 10, 0
94615, 2, 8, 6, 2, 2, 0
94739, 0, 2, 2, 0, 0, 0
95227, 11, 3, 3, 0, 11, 0
99275, 1, 2, 2, 0, 1, 0
101561, 21, 3, 3, 0, 21, 0
104089, 6, 6, 6, 0, 2, 4
105498, 18, 12, 10, 2, 18, 0
106028, 8, 2, 2, 0, 8, 0
106915, 5, 4, 3, 1, 5, 0
106916, 0, 2, 2, 0, 0, 0
107210, 6, 2, 2, 0, 5, 1
2425, 36, 198, 173, 25, 25, 11
101797, 37, 12, 9, 3, 36, 1
115895, 90, 34, 31, 3, 30, 60
213, 1, 0, 0, 0, 0, 1
214, 0, 1, 0, 1, 0, 0
215, 1, 0, 0, 0, 1, 0
216, 1, 0, 0, 0, 1, 0
217, 140, 58, 55, 3, 140, 0
795, 16, 132, 131, 1, 13, 3
3045, 63, 117, 109, 8, 58, 5
3651, 10, 52, 48, 4, 10, 0
3867, 45, 163, 160, 3, 42, 3
3870, 90, 102, 101, 1, 85, 5
3875, 62, 88, 87, 1, 60, 2
4337, 122, 100, 98, 2, 121, 1
4363, 42, 46, 45, 1, 42, 0
5075, 86, 46, 46, 0, 85, 1
5589, 45, 79, 75, 4, 42, 3
6653, 106, 32, 32, 0, 106, 0
7185, 41, 46, 39, 7, 38, 3
8134, 104, 93, 93, 0, 93, 11
11646, 44, 49, 45, 4, 36, 8
11766, 153, 73, 72, 1, 149, 4
11788, 135, 106, 103, 3, 134, 1
11906, 28, 44, 44, 0, 28, 0
11939, 112, 94, 89, 5, 64, 48
12140, 100, 115, 111, 4, 100, 0
12643, 50, 95, 94, 1, 50, 0
12710, 232, 65, 61, 4, 231, 1
12843, 71, 31, 30, 1, 58, 13
13242, 101, 55, 55, 0, 32, 69
13420, 103, 42, 41, 1, 103, 0
14095, 74, 85, 70, 15, 74, 0
14487, 64, 22, 20, 2, 64, 0
14941, 37, 29, 29, 0, 37, 0
15661, 24, 37, 37, 0, 22, 2
16520, 55, 31, 31, 0, 55, 0
18257, 87, 37, 37, 0, 87, 0
18844, 67, 36, 34, 2, 60, 7
19961, 19, 20, 16, 4, 16, 3
19999, 60, 51, 51, 0, 53, 7
20097, 42, 25, 25, 0, 42, 0
22514, 94, 50, 49, 1, 94, 0
23283, 38, 57, 56, 1, 38, 0
24446, 197, 64, 53, 11, 156, 41
24449, 47, 37, 35, 2, 45, 2
24463, 18, 32, 32, 0, 16, 2
24655, 16, 51, 51, 0, 16, 0
24904, 107, 45, 41, 4, 97, 10
25539, 34, 19, 18, 1, 34, 0
25560, 18, 34, 33, 1, 9, 9
25561, 192, 95, 92, 3, 191, 1
25983, 30, 35, 33, 2, 28, 2
27696, 4, 8, 7, 1, 4, 0
27955, 80, 79, 79, 0, 80, 0
28480, 12, 16, 16, 0, 10, 2
28524, 111, 116, 97, 19, 92, 19
30729, 124, 205, 202, 3, 119, 5
30786, 1, 53, 52, 1, 1, 0
31876, 7, 15, 15, 0, 1, 6
34294, 46, 61, 44, 17, 46, 0
34297, 59, 60, 60, 0, 59, 0
36110, 43, 81, 80, 1, 36, 7
36163, 8, 9, 9, 0, 8, 0
36949, 41, 39, 39, 0, 41, 0
36951, 31, 29, 29, 0, 31, 0
37820, 14, 5, 5, 0, 14, 0
38549, 2, 8, 8, 0, 2, 0
39370, 26, 13, 13, 0, 26, 0
39599, 81, 47, 46, 1, 58, 23
41142, 14, 25, 25, 0, 14, 0
41896, 6, 14, 14, 0, 6, 0
41990, 68, 41, 41, 0, 27, 41
42606, 152, 56, 56, 0, 152, 0
42616, 125, 44, 41, 3, 113, 12
42620, 19, 31, 31, 0, 19, 0
42623, 8, 7, 7, 0, 6, 2
44426, 76, 52, 42, 10, 76, 0
44427, 65, 32, 31, 1, 64, 1
44680, 3, 75, 75, 0, 3, 0
46437, 78, 30, 29, 1, 78, 0
47211, 12, 12, 12, 0, 12, 0
47265, 30, 21, 21, 0, 30, 0
48294, 1, 22, 21, 1, 1, 0
48359, 2, 1, 1, 0, 2, 0
49555, 188, 96, 63, 33, 188, 0
51768, 16, 14, 14, 0, 14, 2
54662, 59, 47, 47, 0, 58, 1
57549, 16, 26, 26, 0, 16, 0
59984, 0, 6, 5, 1, 0, 0
59986, 21, 12, 12, 0, 21, 0
59987, 30, 27, 27, 0, 30, 0
61291, 3, 6, 6, 0, 3, 0
61295, 3, 7, 7, 0, 3, 0
218, 1, 0, 0, 0, 1, 0
1222, 17, 39, 35, 4, 17, 0
5728, 7, 211, 187, 24, 6, 1
8125, 0, 21, 0, 21, 0, 0
35467, 75, 49, 31, 18, 72, 3
43826, 1, 45, 1, 44, 0, 1
50902, 6, 9, 4, 5, 5, 1
58018, 0, 4, 0, 4, 0, 0
81244, 9, 5, 2, 3, 9, 0
220, 1, 0, 0, 0, 1, 0
221, 25, 15, 15, 0, 25, 0
685, 48, 52, 51, 1, 48, 0
2467, 56, 33, 32, 1, 56, 0
5654, 154, 70, 69, 1, 153, 1
9439, 18, 6, 4, 2, 18, 0
9440, 10, 34, 6, 28, 10, 0
9442, 0, 4, 4, 0, 0, 0
11592, 37, 23, 22, 1, 37, 0
11593, 58, 39, 34, 5, 47, 11
13053, 84, 58, 54, 4, 38, 46
13176, 4, 2, 2, 0, 4, 0
19748, 12, 19, 16, 3, 11, 1
24776, 6, 9, 7, 2, 6, 0
34499, 14, 10, 10, 0, 14, 0
34500, 30, 18, 18, 0, 29, 1
34605, 5, 4, 4, 0, 5, 0
35123, 43, 32, 29, 3, 43, 0
38793, 33, 38, 36, 2, 33, 0
222, 1, 1, 1, 0, 1, 0
223, 1, 2, 2, 0, 1, 0
224, 1, 1, 1, 0, 1, 0
225, 2, 2, 2, 0, 2, 0
226, 1, 0, 0, 0, 0, 1
227, 0, 1, 0, 1, 0, 0
228, 2, 0, 0, 0, 2, 0
229, 3, 10, 9, 1, 3, 0
230, 4, 12, 11, 1, 4, 0
32021, 15, 94, 83, 11, 14, 1
88487, 0, 1, 1, 0, 0, 0
21623, 2, 4, 4, 0, 2, 0
65203, 2, 3, 3, 0, 2, 0
84800, 1, 2, 2, 0, 1, 0
88220, 1, 1, 1, 0, 1, 0
231, 1, 0, 0, 0, 1, 0
232, 1, 0, 0, 0, 1, 0
233, 1, 0, 0, 0, 1, 0
234, 0, 2, 2, 0, 0, 0
235, 1, 0, 0, 0, 1, 0
236, 3, 8, 7, 1, 3, 0
940, 2, 2, 1, 1, 1, 1
2792, 1, 3, 3, 0, 1, 0
48758, 521, 200, 165, 35, 521, 0
237, 1, 0, 0, 0, 1, 0
238, 1, 1, 1, 0, 1, 0
271, 0, 6, 4, 2, 0, 0
239, 1, 0, 0, 0, 0, 1
240, 0, 1, 0, 1, 0, 0
241, 1, 0, 0, 0, 1, 0
242, 1, 2, 2, 0, 1, 0
243, 2, 0, 0, 0, 2, 0
1452, 3, 36, 0, 36, 3, 0
2691, 56, 43, 39, 4, 42, 14
5489, 40, 33, 33, 0, 40, 0
5686, 20, 8, 7, 1, 20, 0
23603, 50, 36, 35, 1, 47, 3
25274, 12, 12, 10, 2, 9, 3
28839, 7, 10, 10, 0, 6, 1
30834, 1, 8, 2, 6, 1, 0
65130, 0, 4, 1, 3, 0, 0
93768, 1, 6, 0, 6, 1, 0
93837, 2, 12, 1, 11, 2, 0
95159, 1, 2, 0, 2, 1, 0
95887, 0, 2, 0, 2, 0, 0
96564, 754, 47, 41, 6, 754, 0
97090, 2, 6, 0, 6, 1, 1
97353, 1, 2, 1, 1, 1, 0
7644, 294, 42, 38, 4, 14, 280
8235, 3, 42, 4, 38, 3, 0
21017, 0, 30, 1, 29, 0, 0
21498, 7, 14, 8, 6, 6, 1
21499, 0, 2, 0, 2, 0, 0
95205, 16, 16, 15, 1, 16, 0
97565, 0, 3, 2, 1, 0, 0
102163, 0, 5, 1, 4, 0, 0
109998, 0, 28, 0, 28, 0, 0
110201, 0, 6, 0, 6, 0, 0
117431, 20, 12, 12, 0, 20, 0
122247, 7, 9, 8, 1, 7, 0
246, 1, 0, 0, 0, 1, 0
548, 38, 35, 34, 1, 34, 4
2743, 33, 73, 67, 6, 22, 11
4248, 42, 96, 92, 4, 41, 1
5745, 82, 58, 57, 1, 61, 21
8210, 54, 84, 80, 4, 31, 23
9860, 42, 63, 60, 3, 28, 14
10325, 41, 62, 57, 5, 41, 0
18777, 0, 45, 39, 6, 0, 0
21965, 33, 19, 19, 0, 33, 0
24542, 33, 133, 130, 3, 33, 0
29806, 64, 41, 39, 2, 62, 2
248, 1, 0, 0, 0, 0, 1
249, 0, 2, 1, 1, 0, 0
250, 4, 1, 1, 0, 4, 0
252, 162, 75, 74, 1, 162, 0
253, 1, 3, 3, 0, 1, 0
254, 4, 7, 6, 1, 2, 2
3374, 31, 44, 43, 1, 18, 13
5189, 68, 73, 68, 5, 58, 10
6282, 40, 244, 238, 6, 40, 0
10541, 19, 15, 11, 4, 13, 6
12692, 5, 11, 9, 2, 3, 2
19252, 19, 17, 14, 3, 17, 2
20834, 19, 21, 20, 1, 18, 1
21479, 5, 17, 14, 3, 5, 0
21480, 2, 14, 13, 1, 2, 0
261, 8, 1, 1, 0, 7, 1
424, 3, 1, 1, 0, 2, 1
676, 15, 34, 33, 1, 10, 5
995, 39, 53, 49, 4, 38, 1
1590, 6, 4, 3, 1, 6, 0
2481, 53, 26, 23, 3, 49, 4
3031, 7, 2, 2, 0, 5, 2
4336, 83, 58, 56, 2, 78, 5
4456, 133, 96, 85, 11, 68, 65
4479, 5, 6, 4, 2, 5, 0
4534, 3, 3, 3, 0, 3, 0
4781, 13, 29, 10, 19, 9, 4
5034, 10, 17, 15, 2, 10, 0
5199, 0, 9, 6, 3, 0, 0
5237, 23, 20, 17, 3, 22, 1
6115, 9, 9, 8, 1, 9, 0
6283, 39, 37, 34, 3, 38, 1
7223, 17, 44, 29, 15, 15, 2
7907, 8, 6, 5, 1, 6, 2
8244, 5, 3, 3, 0, 5, 0
8704, 2, 12, 9, 3, 2, 0
10081, 1, 2, 2, 0, 0, 1
10918, 19, 12, 12, 0, 15, 4
11240, 35, 45, 43, 2, 34, 1
12041, 505, 169, 162, 7, 505, 0
12182, 150, 40, 25, 15, 146, 4
12527, 34, 36, 27, 9, 32, 2
13463, 6, 4, 3, 1, 6, 0
14731, 32, 21, 21, 0, 30, 2
15853, 108, 32, 30, 2, 108, 0
16372, 10, 8, 7, 1, 7, 3
16582, 5, 9, 9, 0, 5, 0
17282, 290, 34, 33, 1, 59, 231
18601, 299, 247, 229, 18, 293, 6
18962, 41, 39, 38, 1, 35, 6
19288, 106, 179, 175, 4, 66, 40
19845, 2, 5, 4, 1, 2, 0
19995, 16, 4, 4, 0, 13, 3
20284, 21, 42, 39, 3, 21, 0
20839, 13, 48, 47, 1, 13, 0
21125, 42, 39, 38, 1, 41, 1
21144, 194, 77, 75, 2, 194, 0
21173, 156, 147, 147, 0, 156, 0
21665, 182, 27, 24, 3, 182, 0
22393, 7, 16, 15, 1, 4, 3
23210, 13, 11, 7, 4, 13, 0
23307, 0, 4, 4, 0, 0, 0
24673, 0, 3, 3, 0, 0, 0
26130, 28, 12, 11, 1, 28, 0
26195, 1, 1, 1, 0, 1, 0
26513, 14, 5, 5, 0, 14, 0
26725, 122, 121, 121, 0, 121, 1
27161, 1, 1, 1, 0, 1, 0
27421, 0, 3, 3, 0, 0, 0
27882, 27, 15, 14, 1, 27, 0
27940, 8, 8, 8, 0, 8, 0
28285, 65, 31, 30, 1, 65, 0
29469, 8, 7, 4, 3, 8, 0
29852, 3, 1, 1, 0, 1, 2
30140, 11, 6, 5, 1, 11, 0
30758, 3, 4, 3, 1, 3, 0
31473, 3, 8, 8, 0, 3, 0
32545, 4, 3, 3, 0, 4, 0
33257, 6, 3, 3, 0, 6, 0
33390, 6, 2, 2, 0, 6, 0
34671, 14, 11, 6, 5, 14, 0
34864, 2, 1, 1, 0, 2, 0
35639, 55, 40, 33, 7, 55, 0
37262, 1, 5, 3, 2, 1, 0
38541, 73, 49, 46, 3, 73, 0
41202, 11, 4, 4, 0, 10, 1
41948, 2, 8, 2, 6, 2, 0
43165, 10, 6, 6, 0, 8, 2
43465, 0, 2, 2, 0, 0, 0
43886, 6, 7, 7, 0, 6, 0
44570, 5, 1, 1, 0, 4, 1
47145, 6, 3, 3, 0, 4, 2
47263, 21, 14, 14, 0, 21, 0
48141, 1, 1, 1, 0, 1, 0
49935, 7, 26, 24, 2, 3, 4
53225, 12, 7, 4, 3, 12, 0
53569, 1, 4, 4, 0, 1, 0
55971, 1, 1, 1, 0, 1, 0
57399, 13, 4, 4, 0, 12, 1
62621, 19, 7, 7, 0, 18, 1
66054, 3, 5, 4, 1, 3, 0
68188, 9, 15, 15, 0, 5, 4
68264, 6, 2, 2, 0, 6, 0
73184, 7, 3, 3, 0, 7, 0
74032, 8, 6, 6, 0, 8, 0
87616, 5, 1, 1, 0, 2, 3
91490, 0, 1, 1, 0, 0, 0
91491, 0, 1, 1, 0, 0, 0
91492, 0, 1, 1, 0, 0, 0
91493, 0, 1, 1, 0, 0, 0
91494, 0, 1, 1, 0, 0, 0
91495, 0, 1, 1, 0, 0, 0
91496, 0, 2, 2, 0, 0, 0
91497, 0, 1, 1, 0, 0, 0
91498, 0, 2, 2, 0, 0, 0
91499, 0, 3, 3, 0, 0, 0
91500, 0, 1, 1, 0, 0, 0
91501, 0, 1, 1, 0, 0, 0
91502, 0, 2, 1, 1, 0, 0
91503, 0, 1, 1, 0, 0, 0
64189, 3, 6, 5, 1, 3, 0
7254, 38, 24, 20, 4, 35, 3
7255, 0, 1, 0, 1, 0, 0
7256, 48, 11, 11, 0, 48, 0
7257, 8, 4, 3, 1, 7, 1
255, 1, 0, 0, 0, 1, 0
256, 3, 3, 3, 0, 2, 1
1161, 45, 7, 5, 2, 39, 6
8028, 1, 1, 0, 1, 1, 0
257, 1, 0, 0, 0, 1, 0
258, 0, 1, 1, 0, 0, 0
259, 1, 0, 0, 0, 1, 0
43828, 15, 12, 7, 5, 14, 1
131177, 0, 2, 2, 0, 0, 0
262, 0, 4, 2, 2, 0, 0
265, 1, 4, 4, 0, 1, 0
266, 0, 1, 1, 0, 0, 0
1314, 15, 10, 10, 0, 11, 4
1470, 25, 17, 17, 0, 25, 0
2253, 167, 171, 167, 4, 84, 83
2756, 57, 43, 43, 0, 40, 17
3737, 83, 271, 254, 17, 75, 8
4993, 8, 25, 23, 2, 7, 1
5730, 542, 70, 61, 9, 542, 0
6167, 18, 38, 27, 11, 16, 2
6487, 75, 54, 53, 1, 60, 15
6939, 3, 7, 3, 4, 3, 0
9684, 53, 43, 42, 1, 48, 5
9880, 55, 29, 26, 3, 44, 11
10457, 12, 21, 9, 12, 12, 0
10985, 26, 44, 44, 0, 24, 2
11165, 4, 11, 3, 8, 4, 0
11527, 15, 102, 94, 8, 7, 8
12590, 1, 26, 1, 25, 1, 0
14298, 33, 55, 52, 3, 32, 1
19354, 3, 41, 23, 18, 2, 1
20113, 19, 8, 8, 0, 12, 7
20329, 0, 3, 0, 3, 0, 0
22089, 21, 19, 19, 0, 21, 0
22537, 0, 4, 1, 3, 0, 0
25429, 21, 38, 35, 3, 19, 2
26766, 87, 74, 65, 9, 41, 46
26785, 37, 8, 8, 0, 35, 2
26962, 1, 5, 0, 5, 1, 0
27672, 3, 16, 0, 16, 1, 2
28218, 0, 5, 0, 5, 0, 0
28537, 27, 23, 23, 0, 25, 2
29276, 37, 10, 10, 0, 37, 0
31730, 0, 18, 0, 18, 0, 0
33744, 29, 15, 4, 11, 29, 0
35485, 0, 7, 0, 7, 0, 0
35486, 0, 7, 0, 7, 0, 0
35487, 0, 6, 0, 6, 0, 0
37943, 1, 6, 1, 5, 1, 0
38612, 8, 21, 6, 15, 8, 0
38908, 2, 10, 0, 10, 2, 0
39321, 1, 6, 1, 5, 1, 0
40751, 10, 55, 3, 52, 6, 4
41049, 1, 1, 0, 1, 1, 0
41051, 1, 1, 0, 1, 1, 0
41057, 1, 1, 0, 1, 1, 0
41809, 0, 9, 1, 8, 0, 0
41961, 7, 12, 4, 8, 1, 6
42045, 1, 24, 1, 23, 1, 0
46001, 0, 4, 0, 4, 0, 0
48046, 2, 2, 0, 2, 2, 0
51711, 11, 7, 7, 0, 11, 0
54946, 1, 4, 0, 4, 1, 0
55357, 2, 3, 0, 3, 2, 0
57354, 1, 3, 0, 3, 1, 0
57381, 1, 6, 0, 6, 1, 0
59210, 3, 4, 1, 3, 3, 0
61593, 8, 2, 0, 2, 8, 0
64162, 3, 2, 2, 0, 3, 0
67043, 69, 130, 130, 0, 69, 0
67241, 3, 5, 3, 2, 3, 0
68670, 1, 1, 0, 1, 1, 0
73361, 0, 5, 0, 5, 0, 0
76187, 0, 7, 0, 7, 0, 0
77138, 3, 3, 2, 1, 3, 0
77288, 3, 1, 0, 1, 3, 0
78397, 2, 9, 0, 9, 2, 0
82841, 0, 1, 0, 1, 0, 0
82842, 0, 1, 0, 1, 0, 0
82843, 0, 1, 0, 1, 0, 0
82844, 0, 1, 0, 1, 0, 0
82845, 0, 3, 0, 3, 0, 0
82846, 0, 1, 0, 1, 0, 0
82847, 0, 1, 0, 1, 0, 0
87726, 12, 17, 17, 0, 11, 1
92797, 69, 83, 81, 2, 39, 30
93589, 0, 16, 2, 14, 0, 0
93605, 4, 2, 2, 0, 4, 0
130132, 0, 4, 4, 0, 0, 0
9612, 23, 31, 22, 9, 13, 10
11655, 234, 168, 158, 10, 234, 0
18528, 59, 169, 164, 5, 24, 35
20854, 13, 10, 10, 0, 13, 0
26331, 26, 11, 11, 0, 24, 2
29387, 1, 2, 2, 0, 1, 0
29388, 16, 8, 7, 1, 13, 3
60242, 17, 10, 10, 0, 17, 0
103734, 2, 1, 1, 0, 2, 0
105501, 13, 7, 4, 3, 13, 0
108305, 0, 2, 2, 0, 0, 0
108306, 0, 1, 1, 0, 0, 0
118143, 1, 8, 1, 7, 1, 0
745, 13, 2, 2, 0, 13, 0
1471, 51, 28, 27, 1, 51, 0
1959, 67, 57, 56, 1, 43, 24
4259, 38, 70, 68, 2, 38, 0
4892, 168, 42, 41, 1, 162, 6
5009, 34, 27, 26, 1, 34, 0
5029, 65, 94, 93, 1, 57, 8
5739, 65, 268, 263, 5, 65, 0
8393, 25, 32, 31, 1, 23, 2
10747, 4, 6, 6, 0, 4, 0
12210, 51, 67, 66, 1, 51, 0
14313, 1, 2, 1, 1, 1, 0
15389, 97, 58, 56, 2, 97, 0
16278, 32, 39, 38, 1, 32, 0
16827, 160, 41, 39, 2, 160, 0
29394, 44, 39, 38, 1, 44, 0
29902, 11, 11, 11, 0, 11, 0
30642, 1, 2, 2, 0, 1, 0
30836, 6, 16, 16, 0, 6, 0
31790, 218, 95, 91, 4, 203, 15
33856, 54, 61, 56, 5, 52, 2
86694, 1, 2, 2, 0, 1, 0
268, 2, 0, 0, 0, 2, 0
269, 1, 0, 0, 0, 0, 1
4530, 100, 81, 77, 4, 77, 23
5072, 6, 19, 15, 4, 6, 0
14175, 0, 33, 1, 32, 0, 0
16700, 15, 7, 7, 0, 10, 5
21603, 0, 1, 0, 1, 0, 0
21604, 0, 1, 0, 1, 0, 0
21605, 2, 3, 1, 2, 1, 1
93267, 1, 1, 0, 1, 1, 0
104260, 0, 2, 0, 2, 0, 0
272, 1, 1, 1, 0, 1, 0
273, 1, 6, 6, 0, 1, 0
274, 1, 0, 0, 0, 1, 0
275, 18, 11, 11, 0, 18, 0
1527, 2, 5, 5, 0, 2, 0
25088, 8, 25, 24, 1, 8, 0
36296, 6, 27, 4, 23, 6, 0
276, 3, 0, 0, 0, 3, 0
279, 14, 34, 33, 1, 14, 0
1531, 11, 6, 4, 2, 8, 3
13072, 10, 9, 7, 2, 10, 0
1116, 12, 7, 1, 6, 10, 2
1221, 141, 53, 49, 4, 130, 11
7077, 78, 72, 60, 12, 46, 32
8149, 0, 7, 6, 1, 0, 0
280, 1, 0, 0, 0, 1, 0
281, 8, 11, 11, 0, 8, 0
1755, 43, 34, 33, 1, 43, 0
61701, 8, 27, 27, 0, 8, 0
66396, 29, 24, 24, 0, 29, 0
68440, 23, 26, 26, 0, 23, 0
71707, 20, 14, 13, 1, 20, 0
282, 1, 0, 0, 0, 0, 1
283, 1, 4, 3, 1, 1, 0
284, 1, 0, 0, 0, 1, 0
285, 1, 0, 0, 0, 1, 0
286, 3, 6, 6, 0, 3, 0
287, 1, 0, 0, 0, 1, 0
288, 8, 13, 12, 1, 8, 0
2281, 2, 8, 8, 0, 2, 0
31411, 3, 5, 5, 0, 3, 0
289, 7, 7, 7, 0, 7, 0
290, 7, 7, 7, 0, 7, 0
291, 7, 7, 7, 0, 7, 0
292, 7, 7, 7, 0, 7, 0
293, 7, 7, 7, 0, 7, 0
294, 7, 7, 7, 0, 7, 0
295, 7, 7, 7, 0, 7, 0
296, 8, 7, 7, 0, 8, 0
3414, 117, 94, 88, 6, 108, 9
297, 1, 0, 0, 0, 1, 0
298, 31, 19, 18, 1, 27, 4
7208, 97, 41, 27, 14, 97, 0
7373, 20, 10, 9, 1, 12, 8
9229, 32, 32, 32, 0, 27, 5
9231, 1, 5, 3, 2, 1, 0
9232, 1, 2, 1, 1, 0, 1
9233, 0, 2, 0, 2, 0, 0
9235, 5, 16, 12, 4, 5, 0
299, 1, 0, 0, 0, 1, 0
301, 1, 0, 0, 0, 1, 0
1000, 2, 11, 5, 6, 2, 0
1613, 10, 8, 8, 0, 10, 0
14593, 49, 26, 25, 1, 49, 0
17379, 79, 52, 45, 7, 15, 64
20267, 57, 96, 91, 5, 49, 8
31548, 43, 48, 44, 4, 26, 17
66743, 0, 3, 0, 3, 0, 0
70674, 0, 3, 0, 3, 0, 0
92611, 0, 2, 2, 0, 0, 0
104867, 3, 5, 5, 0, 3, 0
109444, 0, 3, 3, 0, 0, 0
118828, 9, 11, 11, 0, 9, 0
303, 1, 0, 0, 0, 0, 1
15472, 7, 17, 17, 0, 7, 0
40570, 0, 6, 5, 1, 0, 0
305, 10, 1, 0, 1, 7, 3
308, 22, 32, 31, 1, 21, 1
310, 84, 64, 63, 1, 84, 0
451, 6, 1, 1, 0, 6, 0
1104, 11, 21, 20, 1, 9, 2
1190, 23, 14, 7, 7, 15, 8
3316, 44, 6, 6, 0, 44, 0
4155, 36, 32, 30, 2, 36, 0
5214, 19, 7, 7, 0, 18, 1
8129, 9, 6, 4, 2, 8, 1
9618, 1, 1, 1, 0, 1, 0
10863, 63, 67, 64, 3, 39, 24
11522, 0, 21, 0, 21, 0, 0
12718, 0, 3, 0, 3, 0, 0
26410, 5, 1, 1, 0, 4, 1
28800, 2, 3, 3, 0, 1, 1
30214, 6, 3, 3, 0, 6, 0
35853, 9, 14, 13, 1, 9, 0
46139, 2, 4, 4, 0, 0, 2
47292, 6, 3, 3, 0, 2, 4
52205, 0, 6, 0, 6, 0, 0
54938, 8, 3, 3, 0, 8, 0
82577, 2, 1, 1, 0, 2, 0
82578, 1, 2, 2, 0, 1, 0
83721, 0, 1, 0, 1, 0, 0
92800, 17, 46, 45, 1, 16, 1
92817, 41, 27, 27, 0, 41, 0
100109, 4, 11, 6, 5, 4, 0
103222, 15, 3, 2, 1, 11, 4
104073, 7, 11, 9, 2, 7, 0
104358, 6, 3, 2, 1, 4, 2
104405, 3, 9, 8, 1, 3, 0
104698, 12, 24, 1, 23, 2, 10
104720, 0, 1, 1, 0, 0, 0
104722, 0, 1, 1, 0, 0, 0
104723, 1, 7, 4, 3, 0, 1
104725, 2, 2, 2, 0, 2, 0
104762, 16, 8, 6, 2, 16, 0
104765, 4, 2, 2, 0, 4, 0
104769, 1, 1, 1, 0, 1, 0
104823, 22, 19, 18, 1, 22, 0
104824, 49, 23, 20, 3, 36, 13
104906, 3, 2, 2, 0, 3, 0
105115, 0, 2, 2, 0, 0, 0
105190, 10, 8, 8, 0, 10, 0
105314, 0, 1, 1, 0, 0, 0
1748, 5, 7, 7, 0, 5, 0
1969, 92, 245, 233, 12, 65, 27
2376, 102, 136, 130, 6, 57, 45
2938, 7, 14, 7, 7, 7, 0
3391, 44, 22, 19, 3, 44, 0
3541, 53, 70, 67, 3, 19, 34
3661, 3, 14, 3, 11, 2, 1
4115, 38, 86, 83, 3, 30, 8
5613, 114, 150, 22, 128, 85, 29
7267, 1, 8, 0, 8, 1, 0
7494, 0, 7, 0, 7, 0, 0
10865, 0, 7, 0, 7, 0, 0
10871, 0, 6, 0, 6, 0, 0
11870, 311, 137, 130, 7, 311, 0
12052, 40, 37, 34, 3, 9, 31
14577, 5, 12, 0, 12, 5, 0
14603, 1, 1, 1, 0, 1, 0
17378, 1, 12, 0, 12, 0, 1
18649, 9, 14, 12, 2, 8, 1
18830, 3, 59, 17, 42, 3, 0
19062, 21, 15, 13, 2, 21, 0
19787, 58, 147, 54, 93, 58, 0
20293, 0, 8, 0, 8, 0, 0
20812, 13, 15, 10, 5, 13, 0
21746, 0, 16, 0, 16, 0, 0
22167, 1, 2, 0, 2, 1, 0
24832, 3, 4, 2, 2, 1, 2
25290, 82, 58, 56, 2, 81, 1
26274, 10, 14, 2, 12, 6, 4
26506, 0, 17, 3, 14, 0, 0
27728, 2, 13, 5, 8, 1, 1
30309, 98, 143, 121, 22, 76, 22
31733, 32, 26, 26, 0, 32, 0
32001, 2, 14, 7, 7, 2, 0
32126, 0, 3, 0, 3, 0, 0
33616, 21, 30, 3, 27, 13, 8
34136, 0, 3, 0, 3, 0, 0
36703, 2, 1, 0, 1, 2, 0
37215, 6, 3, 3, 0, 5, 1
37216, 15, 4, 4, 0, 14, 1
37683, 4, 5, 3, 2, 4, 0
37746, 0, 3, 0, 3, 0, 0
37747, 0, 3, 0, 3, 0, 0
38533, 5, 22, 11, 11, 4, 1
38966, 2, 54, 6, 48, 2, 0
39013, 0, 7, 0, 7, 0, 0
39431, 5, 11, 7, 4, 5, 0
39721, 4, 10, 2, 8, 3, 1
39722, 13, 13, 1, 12, 9, 4
41754, 0, 13, 0, 13, 0, 0
41908, 9, 10, 3, 7, 9, 0
42488, 0, 6, 0, 6, 0, 0
42603, 22, 95, 13, 82, 20, 2
42793, 0, 6, 0, 6, 0, 0
44021, 0, 14, 0, 14, 0, 0
45062, 1, 33, 4, 29, 0, 1
45079, 0, 18, 0, 18, 0, 0
45592, 0, 5, 1, 4, 0, 0
48724, 3, 15, 0, 15, 2, 1
49221, 10, 10, 0, 10, 0, 10
49712, 2, 3, 0, 3, 2, 0
49823, 0, 9, 0, 9, 0, 0
49851, 3, 23, 16, 7, 0, 3
50128, 0, 19, 1, 18, 0, 0
50386, 1, 4, 0, 4, 1, 0
50475, 2, 21, 3, 18, 2, 0
51216, 20, 11, 8, 3, 20, 0
51748, 0, 14, 0, 14, 0, 0
51969, 2, 4, 1, 3, 2, 0
52341, 0, 10, 0, 10, 0, 0
52344, 0, 6, 0, 6, 0, 0
52345, 0, 5, 0, 5, 0, 0
52532, 0, 5, 0, 5, 0, 0
53744, 0, 4, 0, 4, 0, 0
53745, 0, 3, 0, 3, 0, 0
54034, 12, 5, 2, 3, 5, 7
59966, 12, 10, 3, 7, 0, 12
60332, 0, 2, 0, 2, 0, 0
65154, 0, 4, 0, 4, 0, 0
73518, 4, 5, 5, 0, 4, 0
79603, 0, 1, 0, 1, 0, 0
79604, 0, 1, 0, 1, 0, 0
79605, 0, 1, 0, 1, 0, 0
79606, 0, 1, 1, 0, 0, 0
79607, 0, 1, 0, 1, 0, 0
79608, 0, 1, 0, 1, 0, 0
79609, 0, 1, 0, 1, 0, 0
111902, 10, 3, 3, 0, 10, 0
17158, 91, 26, 25, 1, 53, 38
23450, 7, 3, 3, 0, 7, 0
23451, 7, 10, 10, 0, 7, 0
26252, 2, 1, 1, 0, 2, 0
26417, 1, 1, 1, 0, 1, 0
36133, 5, 9, 9, 0, 5, 0
43604, 2, 2, 2, 0, 2, 0
43766, 0, 1, 0, 1, 0, 0
94577, 8, 5, 5, 0, 7, 1
100172, 126, 30, 21, 9, 125, 1
103901, 12, 16, 15, 1, 12, 0
702, 86, 53, 51, 2, 86, 0
1355, 24, 13, 13, 0, 24, 0
1371, 51, 103, 100, 3, 51, 0
1603, 31, 17, 15, 2, 31, 0
1751, 13, 3, 3, 0, 13, 0
2294, 18, 8, 6, 2, 14, 4
2429, 72, 48, 45, 3, 72, 0
2448, 9, 11, 11, 0, 9, 0
2685, 2, 6, 6, 0, 2, 0
3041, 125, 43, 42, 1, 120, 5
3882, 41, 21, 21, 0, 41, 0
3895, 38, 23, 23, 0, 37, 1
3899, 37, 30, 28, 2, 37, 0
4312, 5, 3, 3, 0, 5, 0
4558, 112, 51, 49, 2, 109, 3
5541, 12, 6, 6, 0, 12, 0
7126, 39, 23, 21, 2, 39, 0
8133, 10, 9, 8, 1, 8, 2
9640, 70, 19, 19, 0, 70, 0
14760, 29, 16, 16, 0, 27, 2
21590, 19, 42, 40, 2, 18, 1
96576, 27, 7, 7, 0, 27, 0
100029, 0, 1, 1, 0, 0, 0
618, 7, 22, 15, 7, 6, 1
2106, 8, 11, 4, 7, 5, 3
4934, 1, 16, 9, 7, 1, 0
6063, 0, 5, 0, 5, 0, 0
6221, 4, 28, 2, 26, 4, 0
7376, 0, 28, 0, 28, 0, 0
9633, 0, 3, 0, 3, 0, 0
14094, 159, 35, 32, 3, 159, 0
16189, 10, 21, 5, 16, 10, 0
18052, 0, 6, 0, 6, 0, 0
18336, 0, 23, 0, 23, 0, 0
20395, 0, 6, 0, 6, 0, 0
20397, 0, 8, 0, 8, 0, 0
20398, 0, 10, 0, 10, 0, 0
20399, 0, 7, 0, 7, 0, 0
20562, 0, 5, 0, 5, 0, 0
20714, 0, 6, 0, 6, 0, 0
22938, 3, 34, 0, 34, 3, 0
22988, 0, 19, 2, 17, 0, 0
23145, 0, 4, 0, 4, 0, 0
25299, 0, 5, 0, 5, 0, 0
28323, 0, 8, 0, 8, 0, 0
29643, 0, 4, 0, 4, 0, 0
29644, 0, 8, 0, 8, 0, 0
29645, 0, 5, 0, 5, 0, 0
29646, 0, 5, 0, 5, 0, 0
32754, 0, 4, 0, 4, 0, 0
36757, 0, 2, 0, 2, 0, 0
42545, 0, 6, 0, 6, 0, 0
42588, 0, 4, 0, 4, 0, 0
45565, 3, 19, 1, 18, 3, 0
46215, 0, 2, 0, 2, 0, 0
47940, 45, 20, 2, 18, 45, 0
48786, 273, 67, 19, 48, 272, 1
68573, 0, 2, 0, 2, 0, 0
70926, 0, 14, 2, 12, 0, 0
80821, 0, 15, 0, 15, 0, 0
92151, 5, 16, 3, 13, 5, 0
93630, 0, 20, 2, 18, 0, 0
93966, 0, 1, 0, 1, 0, 0
98525, 1, 6, 1, 5, 1, 0
98526, 1, 5, 2, 3, 1, 0
98561, 2, 6, 1, 5, 2, 0
98929, 1, 12, 3, 9, 1, 0
101081, 0, 3, 0, 3, 0, 0
101848, 0, 37, 0, 37, 0, 0
103060, 9, 23, 0, 23, 9, 0
103782, 3, 22, 1, 21, 1, 2
109571, 0, 10, 0, 10, 0, 0
116201, 1, 37, 0, 37, 1, 0
1580, 39, 138, 137, 1, 21, 18
7807, 2, 30, 6, 24, 2, 0
8298, 0, 15, 1, 14, 0, 0
14323, 0, 9, 0, 9, 0, 0
16382, 2, 39, 2, 37, 2, 0
17533, 7, 12, 9, 3, 7, 0
18451, 4, 14, 5, 9, 4, 0
18452, 3, 11, 6, 5, 3, 0
24106, 104, 119, 119, 0, 62, 42
25911, 18, 3, 3, 0, 17, 1
102134, 0, 25, 1, 24, 0, 0
801, 71, 48, 43, 5, 67, 4
2227, 25, 45, 44, 1, 16, 9
2827, 45, 41, 39, 2, 31, 14
4176, 20, 10, 8, 2, 17, 3
6400, 1, 2, 0, 2, 1, 0
6665, 1, 7, 0, 7, 1, 0
7581, 20, 24, 24, 0, 18, 2
15801, 2, 6, 6, 0, 2, 0
19499, 8, 9, 7, 2, 8, 0
20564, 0, 10, 0, 10, 0, 0
20605, 0, 3, 0, 3, 0, 0
20829, 43, 59, 35, 24, 38, 5
20929, 2, 4, 0, 4, 2, 0
21030, 1, 3, 1, 2, 0, 1
21637, 20, 47, 45, 2, 4, 16
23430, 0, 8, 0, 8, 0, 0
24957, 0, 5, 0, 5, 0, 0
27679, 18, 34, 27, 7, 17, 1
27985, 0, 7, 0, 7, 0, 0
30263, 0, 8, 0, 8, 0, 0
33065, 0, 3, 0, 3, 0, 0
33846, 0, 8, 0, 8, 0, 0
33938, 38, 47, 45, 2, 37, 1
36189, 0, 7, 0, 7, 0, 0
36190, 0, 5, 0, 5, 0, 0
41511, 0, 2, 0, 2, 0, 0
42830, 0, 4, 0, 4, 0, 0
46627, 0, 5, 0, 5, 0, 0
50129, 0, 4, 0, 4, 0, 0
59810, 0, 5, 0, 5, 0, 0
70818, 4, 6, 5, 1, 4, 0
82183, 0, 2, 0, 2, 0, 0
90868, 0, 2, 0, 2, 0, 0
92256, 0, 1, 0, 1, 0, 0
92257, 0, 1, 0, 1, 0, 0
92258, 0, 1, 1, 0, 0, 0
92259, 0, 1, 1, 0, 0, 0
92260, 0, 1, 0, 1, 0, 0
92261, 0, 3, 0, 3, 0, 0
92262, 0, 1, 0, 1, 0, 0
92263, 0, 1, 0, 1, 0, 0
92264, 0, 2, 0, 2, 0, 0
92265, 0, 1, 0, 1, 0, 0
92266, 0, 1, 0, 1, 0, 0
3537, 1, 1, 1, 0, 1, 0
4045, 115, 264, 260, 4, 106, 9
4235, 327, 198, 175, 23, 78, 249
5726, 36, 92, 87, 5, 35, 1
6266, 160, 119, 116, 3, 51, 109
8482, 50, 47, 47, 0, 28, 22
9505, 204, 142, 138, 4, 136, 68
10706, 24, 91, 90, 1, 24, 0
11004, 5, 7, 6, 1, 2, 3
11845, 16, 193, 181, 12, 13, 3
24631, 50, 36, 35, 1, 50, 0
27027, 237, 209, 190, 19, 155, 82
52637, 8, 4, 4, 0, 8, 0
315, 8, 3, 3, 0, 8, 0
318, 8, 5, 5, 0, 8, 0
319, 8, 2, 2, 0, 8, 0
5588, 50, 12, 11, 1, 48, 2
21282, 41, 63, 58, 5, 9, 32
69126, 26, 17, 17, 0, 25, 1
1263, 40, 62, 53, 9, 38, 2
1399, 204, 32, 19, 13, 203, 1
1413, 12, 10, 8, 2, 12, 0
1993, 0, 12, 7, 5, 0, 0
2331, 48, 28, 27, 1, 48, 0
3769, 15, 17, 16, 1, 15, 0
4159, 4, 3, 2, 1, 4, 0
4535, 24, 61, 61, 0, 24, 0
4622, 15, 21, 20, 1, 15, 0
4846, 34, 24, 21, 3, 30, 4
8820, 17, 5, 4, 1, 17, 0
10896, 1, 1, 1, 0, 1, 0
11288, 15, 4, 3, 1, 12, 3
11600, 23, 15, 14, 1, 17, 6
13950, 5, 1, 1, 0, 5, 0
14530, 51, 36, 35, 1, 51, 0
17636, 120, 26, 22, 4, 120, 0
20805, 1, 16, 11, 5, 1, 0
23829, 2, 3, 1, 2, 2, 0
23830, 0, 1, 1, 0, 0, 0
29290, 1, 2, 2, 0, 1, 0
30501, 0, 3, 2, 1, 0, 0
32234, 16, 10, 9, 1, 16, 0
33385, 10, 12, 8, 4, 10, 0
56822, 2, 6, 6, 0, 1, 1
63054, 0, 3, 3, 0, 0, 0
71770, 3, 1, 1, 0, 3, 0
79721, 2, 2, 2, 0, 2, 0
93980, 9, 20, 18, 2, 9, 0
95672, 37, 34, 26, 8, 37, 0
97550, 17, 11, 10, 1, 17, 0
98262, 0, 1, 1, 0, 0, 0
101072, 1, 5, 5, 0, 1, 0
101400, 0, 1, 1, 0, 0, 0
105661, 2, 1, 1, 0, 2, 0
108989, 0, 2, 2, 0, 0, 0
109097, 18, 3, 1, 2, 18, 0
109594, 0, 1, 1, 0, 0, 0
110054, 3, 2, 1, 1, 2, 1
110971, 27, 8, 6, 2, 25, 2
111582, 1, 3, 2, 1, 1, 0
111585, 1, 1, 1, 0, 0, 1
112033, 0, 1, 1, 0, 0, 0
4546, 5, 37, 36, 1, 5, 0
16183, 29, 18, 18, 0, 28, 1
16988, 13, 16, 11, 5, 13, 0
17002, 50, 92, 71, 21, 44, 6
17063, 96, 107, 100, 7, 96, 0
17334, 40, 26, 24, 2, 38, 2
17355, 27, 4, 4, 0, 27, 0
33956, 52, 72, 60, 12, 52, 0
57082, 22, 21, 19, 2, 22, 0
67837, 26, 17, 17, 0, 24, 2
93309, 35, 91, 82, 9, 35, 0
96697, 0, 4, 1, 3, 0, 0
98807, 47, 21, 18, 3, 46, 1
105568, 26, 43, 41, 2, 26, 0
108028, 30, 10, 9, 1, 24, 6
111162, 44, 10, 10, 0, 44, 0
115211, 3, 4, 0, 4, 2, 1
115336, 18, 6, 6, 0, 18, 0
115566, 50, 34, 30, 4, 50, 0
117410, 19, 26, 24, 2, 19, 0
117880, 16, 15, 15, 0, 15, 1
121466, 22, 29, 25, 4, 22, 0
122087, 53, 37, 34, 3, 50, 3
122226, 15, 15, 13, 2, 15, 0
122264, 1, 5, 3, 2, 1, 0
122897, 8, 6, 6, 0, 8, 0
123341, 12, 10, 8, 2, 12, 0
123756, 63, 66, 54, 12, 20, 43
124194, 1, 5, 5, 0, 1, 0
124408, 11, 17, 13, 4, 11, 0
125722, 4, 10, 1, 9, 4, 0
125803, 19, 13, 11, 2, 17, 2
128664, 39, 13, 11, 2, 39, 0
129094, 78, 39, 30, 9, 78, 0
129105, 14, 18, 17, 1, 14, 0
129154, 1, 1, 0, 1, 1, 0
129358, 0, 2, 0, 2, 0, 0
129588, 2, 2, 1, 1, 2, 0
130280, 17, 13, 13, 0, 17, 0
675, 99, 174, 164, 10, 98, 1
10493, 9, 10, 8, 2, 6, 3
10879, 118, 175, 163, 12, 65, 53
40156, 7, 4, 3, 1, 7, 0
11941, 148, 106, 106, 0, 127, 21
320, 2, 1, 1, 0, 2, 0
376, 41, 37, 34, 3, 40, 1
396, 1, 4, 2, 2, 1, 0
397, 1, 3, 3, 0, 1, 0
398, 3, 4, 4, 0, 3, 0
420, 2, 4, 4, 0, 1, 1
435, 40, 50, 46, 4, 40, 0
448, 9, 16, 12, 4, 9, 0
471, 0, 4, 4, 0, 0, 0
495, 1, 1, 1, 0, 1, 0
513, 30, 24, 23, 1, 29, 1
525, 3, 3, 3, 0, 3, 0
528, 28, 26, 11, 15, 23, 5
530, 11, 14, 13, 1, 10, 1
536, 10, 12, 11, 1, 10, 0
537, 3, 2, 2, 0, 3, 0
547, 13, 9, 8, 1, 13, 0
564, 2, 5, 4, 1, 2, 0
583, 2, 1, 1, 0, 2, 0
595, 3, 3, 3, 0, 3, 0
596, 5, 14, 13, 1, 5, 0
603, 13, 14, 11, 3, 13, 0
607, 144, 42, 28, 14, 72, 72
609, 11, 5, 5, 0, 11, 0
623, 0, 7, 6, 1, 0, 0
704, 6, 9, 4, 5, 6, 0
740, 5, 1, 1, 0, 5, 0
741, 3, 2, 2, 0, 3, 0
753, 0, 4, 4, 0, 0, 0
754, 1, 2, 2, 0, 1, 0
758, 28, 32, 30, 2, 21, 7
763, 1, 1, 1, 0, 1, 0
766, 16, 11, 11, 0, 16, 0
772, 2, 3, 3, 0, 2, 0
794, 1, 3, 3, 0, 1, 0
805, 0, 2, 2, 0, 0, 0
822, 3, 3, 2, 1, 1, 2
827, 66, 18, 12, 6, 66, 0
835, 4, 7, 6, 1, 4, 0
861, 2, 12, 12, 0, 2, 0
888, 41, 73, 66, 7, 29, 12
890, 1, 2, 2, 0, 1, 0
891, 1, 2, 2, 0, 1, 0
892, 1, 2, 2, 0, 1, 0
895, 1, 4, 3, 1, 1, 0
896, 1, 2, 1, 1, 1, 0
897, 57, 39, 37, 2, 54, 3
906, 0, 2, 2, 0, 0, 0
911, 6, 6, 6, 0, 5, 1
915, 3, 3, 3, 0, 3, 0
916, 18, 12, 12, 0, 18, 0
929, 4, 1, 1, 0, 4, 0
942, 17, 5, 4, 1, 13, 4
951, 0, 4, 1, 3, 0, 0
1041, 2, 5, 5, 0, 2, 0
1062, 4, 4, 4, 0, 4, 0
1094, 4, 1, 1, 0, 4, 0
1112, 1, 1, 1, 0, 1, 0
1124, 1, 1, 1, 0, 1, 0
1126, 2, 1, 1, 0, 2, 0
1143, 2, 6, 6, 0, 2, 0
1151, 131, 89, 83, 6, 69, 62
1243, 21, 7, 5, 2, 21, 0
1249, 6, 3, 2, 1, 5, 1
1257, 1, 2, 2, 0, 1, 0
1270, 14, 11, 6, 5, 13, 1
1350, 3, 3, 2, 1, 3, 0
1356, 92, 44, 42, 2, 91, 1
1357, 60, 36, 36, 0, 57, 3
1366, 8, 11, 11, 0, 8, 0
1405, 2, 1, 1, 0, 2, 0
1416, 2, 3, 2, 1, 1, 1
1455, 38, 35, 31, 4, 31, 7
1476, 111, 71, 65, 6, 97, 14
1529, 0, 2, 2, 0, 0, 0
1563, 1, 4, 4, 0, 1, 0
1576, 5, 5, 5, 0, 4, 1
1596, 2, 3, 3, 0, 2, 0
1658, 4, 5, 5, 0, 4, 0
1766, 5, 3, 3, 0, 5, 0
1805, 2, 4, 4, 0, 2, 0
1823, 11, 28, 10, 18, 9, 2
1836, 9, 18, 18, 0, 9, 0
1845, 6, 2, 1, 1, 6, 0
1846, 1, 1, 1, 0, 1, 0
1870, 54, 30, 29, 1, 54, 0
1883, 2, 1, 1, 0, 2, 0
1896, 4, 10, 9, 1, 3, 1
1906, 40, 74, 73, 1, 37, 3
1911, 20, 13, 8, 5, 11, 9
1918, 3, 6, 3, 3, 3, 0
1922, 1, 1, 1, 0, 1, 0
1932, 3, 1, 1, 0, 3, 0
1944, 10, 6, 5, 1, 10, 0
2000, 6, 3, 3, 0, 6, 0
2012, 15, 11, 6, 5, 15, 0
2013, 29, 8, 8, 0, 29, 0
2037, 77, 13, 13, 0, 77, 0
2087, 2, 4, 4, 0, 2, 0
2110, 0, 2, 1, 1, 0, 0
2124, 1, 1, 1, 0, 1, 0
2139, 6, 4, 3, 1, 6, 0
2208, 5, 5, 3, 2, 1, 4
2237, 1, 1, 1, 0, 1, 0
2240, 25, 11, 9, 2, 18, 7
2241, 5, 2, 2, 0, 5, 0
2245, 2, 4, 4, 0, 2, 0
2248, 75, 12, 12, 0, 75, 0
2251, 9, 9, 8, 1, 9, 0
2255, 56, 56, 56, 0, 56, 0
2258, 36, 56, 49, 7, 33, 3
2290, 24, 3, 2, 1, 24, 0
2295, 0, 5, 4, 1, 0, 0
2311, 0, 4, 4, 0, 0, 0
2325, 1, 2, 2, 0, 1, 0
2357, 29, 25, 23, 2, 29, 0
2366, 3, 3, 2, 1, 2, 1
2431, 5, 5, 5, 0, 5, 0
2465, 3, 2, 2, 0, 3, 0
2478, 6, 2, 1, 1, 6, 0
2538, 6, 7, 6, 1, 6, 0
2552, 18, 4, 3, 1, 10, 8
2561, 0, 4, 2, 2, 0, 0
2608, 11, 10, 9, 1, 8, 3
2631, 31, 16, 11, 5, 31, 0
2632, 3, 3, 2, 1, 3, 0
2642, 15, 12, 11, 1, 14, 1
2645, 1, 1, 1, 0, 1, 0
2647, 3, 2, 2, 0, 1, 2
2655, 1, 8, 6, 2, 1, 0
2656, 2, 2, 2, 0, 2, 0
2659, 2, 1, 1, 0, 2, 0
2662, 13, 2, 2, 0, 9, 4
2664, 7, 5, 5, 0, 7, 0
2667, 1, 2, 2, 0, 1, 0
2669, 12, 4, 3, 1, 10, 2
2683, 28, 35, 33, 2, 25, 3
2684, 45, 7, 6, 1, 45, 0
2688, 45, 21, 21, 0, 45, 0
2706, 3, 5, 5, 0, 3, 0
2729, 29, 38, 29, 9, 28, 1
2730, 14, 36, 14, 22, 14, 0
2742, 5, 6, 3, 3, 5, 0
2746, 26, 9, 9, 0, 24, 2
2747, 23, 13, 13, 0, 21, 2
2757, 1, 3, 3, 0, 1, 0
2758, 1, 7, 6, 1, 1, 0
2791, 7, 11, 10, 1, 7, 0
2812, 1, 1, 1, 0, 1, 0
2816, 3, 3, 2, 1, 3, 0
2830, 2, 3, 3, 0, 2, 0
2834, 3, 11, 11, 0, 3, 0
2852, 5, 5, 5, 0, 5, 0
2858, 1, 1, 1, 0, 1, 0
2876, 16, 43, 37, 6, 12, 4
2939, 4, 4, 3, 1, 4, 0
2954, 5, 14, 1, 13, 4, 1
2956, 7, 13, 13, 0, 3, 4
2968, 1, 2, 1, 1, 1, 0
2970, 1, 1, 1, 0, 1, 0
2979, 5, 4, 4, 0, 4, 1
2992, 9, 12, 12, 0, 9, 0
3019, 0, 2, 2, 0, 0, 0
3087, 5, 5, 3, 2, 5, 0
3088, 59, 21, 20, 1, 59, 0
3102, 1, 7, 1, 6, 1, 0
3254, 2, 1, 1, 0, 2, 0
3267, 1, 16, 6, 10, 1, 0
3269, 3, 2, 1, 1, 3, 0
3274, 2, 2, 2, 0, 2, 0
3279, 3, 3, 3, 0, 3, 0
3281, 1, 2, 2, 0, 1, 0
3285, 4, 7, 7, 0, 4, 0
3288, 5, 4, 2, 2, 2, 3
3290, 14, 7, 6, 1, 12, 2
3296, 5, 5, 5, 0, 5, 0
3298, 6, 10, 10, 0, 6, 0
3308, 11, 4, 4, 0, 11, 0
3312, 5, 2, 2, 0, 5, 0
3320, 14, 13, 13, 0, 14, 0
3344, 6, 1, 1, 0, 6, 0
3353, 0, 4, 4, 0, 0, 0
3354, 2, 2, 1, 1, 0, 2
3357, 3, 8, 8, 0, 3, 0
3369, 41, 35, 35, 0, 32, 9
3390, 1, 2, 2, 0, 1, 0
3402, 4, 2, 2, 0, 4, 0
3412, 11, 14, 8, 6, 11, 0
3415, 2, 1, 1, 0, 2, 0
3416, 2, 3, 3, 0, 2, 0
3419, 2, 1, 1, 0, 2, 0
3429, 1, 2, 1, 1, 1, 0
3430, 0, 2, 2, 0, 0, 0
3432, 1, 6, 6, 0, 1, 0
3450, 6, 6, 6, 0, 6, 0
3451, 25, 12, 12, 0, 22, 3
3462, 0, 3, 3, 0, 0, 0
3471, 3, 2, 2, 0, 3, 0
3479, 15, 5, 4, 1, 15, 0
3501, 2, 4, 4, 0, 2, 0
3502, 8, 8, 7, 1, 8, 0
3509, 4, 4, 4, 0, 2, 2
3511, 2, 3, 3, 0, 2, 0
3513, 15, 20, 5, 15, 14, 1
3531, 6, 2, 2, 0, 3, 3
3533, 4, 25, 3, 22, 4, 0
3565, 1, 4, 4, 0, 1, 0
3570, 19, 11, 11, 0, 19, 0
3576, 22, 26, 23, 3, 22, 0
3601, 1, 4, 4, 0, 1, 0
3602, 1, 2, 2, 0, 1, 0
3633, 3, 2, 2, 0, 3, 0
3640, 15, 3, 3, 0, 13, 2
3645, 2, 1, 1, 0, 2, 0
3657, 7, 6, 6, 0, 5, 2
3660, 1, 2, 2, 0, 1, 0
3675, 23, 9, 7, 2, 23, 0
3679, 47, 31, 26, 5, 42, 5
3713, 5, 6, 6, 0, 5, 0
3722, 14, 13, 9, 4, 14, 0
3727, 4, 4, 4, 0, 4, 0
3739, 61, 42, 42, 0, 26, 35
3772, 7, 2, 2, 0, 7, 0
3790, 0, 5, 4, 1, 0, 0
3794, 2, 3, 2, 1, 2, 0
3795, 3, 2, 2, 0, 2, 1
3818, 0, 56, 0, 56, 0, 0
3841, 8, 21, 20, 1, 8, 0
3855, 3, 7, 7, 0, 3, 0
3874, 50, 33, 33, 0, 24, 26
3885, 14, 19, 19, 0, 14, 0
3887, 17, 8, 8, 0, 17, 0
3888, 12, 18, 17, 1, 11, 1
3889, 21, 13, 12, 1, 19, 2
3908, 33, 52, 51, 1, 29, 4
3922, 4, 3, 3, 0, 4, 0
3926, 2, 2, 2, 0, 2, 0
3944, 5, 9, 8, 1, 5, 0
3956, 5, 5, 5, 0, 5, 0
3989, 1, 2, 2, 0, 1, 0
4010, 1, 1, 1, 0, 1, 0
4016, 66, 60, 58, 2, 65, 1
4069, 59, 19, 15, 4, 58, 1
4074, 14, 13, 11, 2, 10, 4
4098, 7, 4, 3, 1, 7, 0
4099, 8, 12, 11, 1, 8, 0
4107, 3, 15, 15, 0, 3, 0
4147, 12, 6, 6, 0, 12, 0
4211, 1, 2, 1, 1, 1, 0
4246, 5, 7, 7, 0, 5, 0
4298, 25, 5, 5, 0, 23, 2
4307, 1, 2, 2, 0, 1, 0
4373, 5, 3, 2, 1, 5, 0
4390, 1, 2, 2, 0, 1, 0
4393, 1, 2, 2, 0, 1, 0
4417, 365, 87, 85, 2, 362, 3
4418, 5, 15, 15, 0, 5, 0
4419, 18, 15, 14, 1, 11, 7
4420, 0, 1, 1, 0, 0, 0
4421, 1, 2, 2, 0, 1, 0
4422, 0, 1, 1, 0, 0, 0
4423, 5, 3, 3, 0, 5, 0
4424, 15, 16, 16, 0, 8, 7
4425, 0, 1, 1, 0, 0, 0
4426, 3, 3, 3, 0, 3, 0
4428, 0, 1, 1, 0, 0, 0
4429, 4, 2, 2, 0, 4, 0
4430, 0, 2, 2, 0, 0, 0
4431, 1, 1, 1, 0, 1, 0
4432, 0, 3, 2, 1, 0, 0
4433, 1, 6, 6, 0, 0, 1
4434, 12, 15, 15, 0, 12, 0
4435, 3, 5, 2, 3, 3, 0
4437, 36, 16, 14, 2, 36, 0
4439, 4, 3, 3, 0, 4, 0
4441, 0, 1, 1, 0, 0, 0
4442, 1, 2, 2, 0, 1, 0
4443, 0, 2, 2, 0, 0, 0
4444, 0, 1, 1, 0, 0, 0
4448, 0, 3, 3, 0, 0, 0
4449, 1, 1, 1, 0, 1, 0
4451, 15, 8, 8, 0, 15, 0
4452, 1, 6, 3, 3, 1, 0
4453, 11, 12, 11, 1, 11, 0
4454, 0, 1, 1, 0, 0, 0
4458, 0, 2, 2, 0, 0, 0
4460, 30, 15, 15, 0, 29, 1
4461, 0, 1, 1, 0, 0, 0
4462, 0, 3, 3, 0, 0, 0
4463, 1, 7, 7, 0, 1, 0
4464, 0, 1, 1, 0, 0, 0
4465, 0, 1, 1, 0, 0, 0
4466, 6, 10, 10, 0, 5, 1
4467, 31, 43, 31, 12, 31, 0
4468, 4, 5, 5, 0, 4, 0
4469, 0, 1, 1, 0, 0, 0
4470, 4, 6, 6, 0, 4, 0
4471, 1, 11, 9, 2, 1, 0
4472, 33, 22, 21, 1, 33, 0
4473, 0, 1, 1, 0, 0, 0
4474, 0, 4, 3, 1, 0, 0
4475, 3, 12, 11, 1, 3, 0
4477, 40, 22, 22, 0, 36, 4
4480, 10, 6, 6, 0, 10, 0
4482, 0, 1, 1, 0, 0, 0
4483, 1, 2, 2, 0, 1, 0
4484, 2, 2, 2, 0, 2, 0
4486, 78, 65, 64, 1, 77, 1
4487, 29, 14, 13, 1, 27, 2
4488, 0, 2, 2, 0, 0, 0
4490, 3, 8, 8, 0, 3, 0
4491, 9, 8, 8, 0, 9, 0
4493, 0, 1, 1, 0, 0, 0
4495, 0, 1, 1, 0, 0, 0
4496, 0, 1, 1, 0, 0, 0
4497, 0, 8, 1, 7, 0, 0
4498, 0, 1, 1, 0, 0, 0
4499, 2, 3, 3, 0, 2, 0
4500, 0, 1, 1, 0, 0, 0
4501, 0, 1, 1, 0, 0, 0
4502, 44, 15, 13, 2, 40, 4
4503, 0, 1, 1, 0, 0, 0
4504, 0, 5, 1, 4, 0, 0
4505, 0, 1, 1, 0, 0, 0
4507, 1, 3, 2, 1, 1, 0
4509, 5, 19, 18, 1, 5, 0
4511, 9, 11, 11, 0, 9, 0
4513, 3, 6, 6, 0, 3, 0
4515, 0, 1, 1, 0, 0, 0
4516, 0, 2, 2, 0, 0, 0
4517, 0, 1, 1, 0, 0, 0
4518, 1, 3, 3, 0, 1, 0
4519, 0, 2, 2, 0, 0, 0
4520, 11, 8, 7, 1, 11, 0
4521, 1, 1, 1, 0, 1, 0
4523, 0, 1, 1, 0, 0, 0
4524, 0, 3, 1, 2, 0, 0
4526, 0, 2, 2, 0, 0, 0
4529, 0, 1, 1, 0, 0, 0
4531, 0, 1, 1, 0, 0, 0
4532, 0, 1, 1, 0, 0, 0
4533, 0, 1, 1, 0, 0, 0
4536, 0, 1, 1, 0, 0, 0
4537, 1, 1, 1, 0, 1, 0
4538, 6, 1, 1, 0, 6, 0
4539, 1, 1, 1, 0, 1, 0
4541, 0, 24, 2, 22, 0, 0
4543, 2, 2, 1, 1, 2, 0
4545, 1, 5, 5, 0, 1, 0
4547, 0, 2, 2, 0, 0, 0
4548, 76, 39, 37, 2, 76, 0
4551, 4, 16, 14, 2, 4, 0
4552, 35, 19, 19, 0, 23, 12
4553, 0, 2, 2, 0, 0, 0
4555, 7, 3, 3, 0, 7, 0
4557, 0, 2, 2, 0, 0, 0
4559, 1, 1, 1, 0, 1, 0
4560, 2, 1, 1, 0, 2, 0
4563, 100, 143, 138, 5, 44, 56
4564, 2, 2, 2, 0, 1, 1
4565, 0, 1, 1, 0, 0, 0
4566, 0, 1, 1, 0, 0, 0
4567, 0, 1, 1, 0, 0, 0
4568, 2, 1, 1, 0, 2, 0
4569, 1, 2, 2, 0, 1, 0
4570, 2, 4, 4, 0, 2, 0
4571, 0, 2, 2, 0, 0, 0
4572, 0, 1, 1, 0, 0, 0
4573, 0, 1, 1, 0, 0, 0
4574, 4, 4, 4, 0, 4, 0
4577, 0, 1, 1, 0, 0, 0
4578, 18, 12, 12, 0, 9, 9
4583, 4, 12, 11, 1, 4, 0
4584, 1, 4, 4, 0, 1, 0
4585, 55, 10, 9, 1, 55, 0
4586, 0, 5, 4, 1, 0, 0
4589, 0, 1, 1, 0, 0, 0
4591, 149, 120, 116, 4, 128, 21
4592, 0, 1, 1, 0, 0, 0
4593, 0, 1, 1, 0, 0, 0
4595, 47, 32, 32, 0, 40, 7
4596, 0, 1, 1, 0, 0, 0
4597, 4, 5, 4, 1, 4, 0
4598, 0, 2, 2, 0, 0, 0
4600, 1, 3, 3, 0, 1, 0
4601, 3, 3, 2, 1, 3, 0
4602, 0, 1, 1, 0, 0, 0
4603, 5, 2, 2, 0, 1, 4
4604, 0, 1, 1, 0, 0, 0
4605, 2, 2, 2, 0, 2, 0
4606, 0, 1, 1, 0, 0, 0
4607, 0, 1, 1, 0, 0, 0
4608, 3, 1, 1, 0, 3, 0
4609, 107, 15, 9, 6, 106, 1
4610, 0, 1, 1, 0, 0, 0
4611, 0, 1, 1, 0, 0, 0
4614, 12, 3, 3, 0, 12, 0
4615, 5, 9, 8, 1, 4, 1
4617, 0, 1, 1, 0, 0, 0
4618, 0, 1, 1, 0, 0, 0
4619, 0, 1, 1, 0, 0, 0
4623, 1, 1, 1, 0, 1, 0
4624, 0, 1, 1, 0, 0, 0
4625, 3, 1, 1, 0, 2, 1
4626, 64, 65, 64, 1, 55, 9
4627, 0, 1, 1, 0, 0, 0
4628, 1, 3, 2, 1, 1, 0
4630, 0, 1, 1, 0, 0, 0
4631, 0, 1, 1, 0, 0, 0
4632, 0, 1, 1, 0, 0, 0
4633, 0, 1, 1, 0, 0, 0
4634, 1, 4, 2, 2, 1, 0
4635, 65, 37, 33, 4, 35, 30
4637, 1, 2, 2, 0, 1, 0
4638, 73, 27, 25, 2, 39, 34
4639, 0, 1, 1, 0, 0, 0
4641, 1, 1, 1, 0, 1, 0
4642, 2, 4, 4, 0, 2, 0
4644, 12, 5, 5, 0, 11, 1
4645, 0, 1, 1, 0, 0, 0
4646, 1, 1, 1, 0, 1, 0
4647, 0, 2, 2, 0, 0, 0
4649, 0, 1, 1, 0, 0, 0
4651, 1, 8, 7, 1, 1, 0
4653, 1, 1, 1, 0, 1, 0
4654, 0, 1, 1, 0, 0, 0
4658, 0, 2, 2, 0, 0, 0
4659, 1, 1, 1, 0, 1, 0
4660, 0, 1, 1, 0, 0, 0
4661, 0, 1, 1, 0, 0, 0
4664, 0, 2, 2, 0, 0, 0
4666, 59, 63, 62, 1, 54, 5
4667, 8, 17, 15, 2, 8, 0
4668, 8, 6, 6, 0, 8, 0
4669, 0, 1, 1, 0, 0, 0
4670, 1, 1, 1, 0, 1, 0
4671, 1, 2, 2, 0, 1, 0
4672, 0, 1, 1, 0, 0, 0
4673, 8, 5, 1, 4, 4, 4
4674, 1, 6, 3, 3, 0, 1
4675, 0, 1, 1, 0, 0, 0
4676, 0, 1, 1, 0, 0, 0
4677, 0, 1, 1, 0, 0, 0
4679, 8, 8, 6, 2, 7, 1
4680, 0, 3, 3, 0, 0, 0
4681, 11, 4, 4, 0, 9, 2
4682, 2, 6, 5, 1, 2, 0
4683, 0, 1, 1, 0, 0, 0
4684, 1, 1, 1, 0, 1, 0
4685, 7, 4, 3, 1, 5, 2
4686, 10, 7, 6, 1, 9, 1
4687, 0, 2, 2, 0, 0, 0
4688, 1, 1, 1, 0, 0, 1
4690, 1, 5, 2, 3, 1, 0
4691, 0, 1, 1, 0, 0, 0
4692, 0, 4, 4, 0, 0, 0
4693, 0, 1, 1, 0, 0, 0
4694, 0, 2, 1, 1, 0, 0
4695, 0, 1, 1, 0, 0, 0
4696, 0, 1, 1, 0, 0, 0
4697, 0, 17, 12, 5, 0, 0
4698, 0, 1, 1, 0, 0, 0
4699, 0, 2, 2, 0, 0, 0
4701, 11, 10, 9, 1, 11, 0
4702, 1, 1, 1, 0, 1, 0
4703, 1, 3, 3, 0, 1, 0
4705, 6, 3, 3, 0, 6, 0
4706, 2, 4, 4, 0, 2, 0
4707, 10, 5, 5, 0, 10, 0
4708, 2, 2, 2, 0, 2, 0
4709, 2, 2, 2, 0, 2, 0
4711, 0, 1, 1, 0, 0, 0
4712, 0, 5, 3, 2, 0, 0
4713, 0, 2, 2, 0, 0, 0
4715, 124, 118, 115, 3, 73, 51
4716, 3, 4, 2, 2, 3, 0
4717, 0, 1, 1, 0, 0, 0
4718, 0, 1, 1, 0, 0, 0
4719, 0, 2, 2, 0, 0, 0
4720, 0, 1, 1, 0, 0, 0
4721, 75, 94, 86, 8, 75, 0
4722, 0, 1, 1, 0, 0, 0
4723, 0, 1, 1, 0, 0, 0
4724, 1, 2, 2, 0, 1, 0
4725, 0, 1, 1, 0, 0, 0
4727, 4, 3, 3, 0, 4, 0
4729, 2, 4, 4, 0, 2, 0
4730, 3, 3, 3, 0, 3, 0
4731, 3, 1, 1, 0, 3, 0
4732, 0, 1, 1, 0, 0, 0
4733, 0, 1, 1, 0, 0, 0
4734, 0, 1, 1, 0, 0, 0
4735, 1, 16, 7, 9, 1, 0
4736, 1, 9, 1, 8, 1, 0
4737, 0, 1, 1, 0, 0, 0
4739, 9, 11, 6, 5, 9, 0
4740, 120, 58, 52, 6, 103, 17
4741, 6, 4, 4, 0, 6, 0
4743, 1, 4, 4, 0, 1, 0
4744, 72, 26, 26, 0, 72, 0
4745, 0, 2, 1, 1, 0, 0
4749, 0, 3, 1, 2, 0, 0
4750, 6, 8, 8, 0, 5, 1
4751, 2, 1, 1, 0, 1, 1
4752, 0, 1, 1, 0, 0, 0
4753, 0, 1, 1, 0, 0, 0
4754, 0, 10, 9, 1, 0, 0
4756, 4, 36, 28, 8, 4, 0
4757, 0, 1, 1, 0, 0, 0
4758, 0, 1, 1, 0, 0, 0
4759, 3, 9, 4, 5, 3, 0
4760, 0, 1, 1, 0, 0, 0
4761, 0, 2, 2, 0, 0, 0
4762, 1, 3, 3, 0, 1, 0
4763, 0, 1, 1, 0, 0, 0
4764, 4, 7, 6, 1, 4, 0
4765, 0, 2, 2, 0, 0, 0
4766, 8, 5, 5, 0, 7, 1
4767, 0, 1, 1, 0, 0, 0
4768, 0, 1, 1, 0, 0, 0
4769, 0, 1, 1, 0, 0, 0
4770, 40, 33, 30, 3, 37, 3
4772, 28, 23, 20, 3, 28, 0
4773, 0, 1, 1, 0, 0, 0
4776, 0, 1, 1, 0, 0, 0
4777, 1, 3, 1, 2, 1, 0
4778, 7, 6, 3, 3, 7, 0
4780, 0, 2, 2, 0, 0, 0
4782, 10, 16, 15, 1, 10, 0
4783, 1, 2, 2, 0, 1, 0
4784, 0, 1, 1, 0, 0, 0
4786, 0, 3, 3, 0, 0, 0
4787, 0, 2, 1, 1, 0, 0
4788, 0, 3, 2, 1, 0, 0
4789, 0, 4, 2, 2, 0, 0
4790, 0, 2, 1, 1, 0, 0
4791, 0, 2, 1, 1, 0, 0
4792, 0, 1, 1, 0, 0, 0
4793, 0, 1, 1, 0, 0, 0
4794, 0, 1, 1, 0, 0, 0
4795, 0, 3, 1, 2, 0, 0
4796, 0, 1, 1, 0, 0, 0
4797, 15, 7, 7, 0, 13, 2
4798, 23, 14, 10, 4, 16, 7
4800, 7, 10, 9, 1, 7, 0
4801, 5, 1, 1, 0, 5, 0
4803, 2, 13, 1, 12, 1, 1
4805, 5, 4, 3, 1, 5, 0
4806, 0, 1, 1, 0, 0, 0
4808, 73, 11, 11, 0, 73, 0
4810, 0, 1, 1, 0, 0, 0
4811, 3, 1, 1, 0, 3, 0
4812, 0, 1, 1, 0, 0, 0
4813, 0, 8, 6, 2, 0, 0
4814, 0, 1, 1, 0, 0, 0
4815, 0, 1, 1, 0, 0, 0
4816, 0, 1, 1, 0, 0, 0
4817, 9, 30, 25, 5, 9, 0
4818, 1, 2, 2, 0, 1, 0
4821, 0, 1, 1, 0, 0, 0
4822, 1, 2, 2, 0, 1, 0
4823, 2, 13, 11, 2, 2, 0
4824, 1, 5, 5, 0, 1, 0
4825, 7, 3, 2, 1, 7, 0
4826, 5, 3, 2, 1, 4, 1
4827, 0, 1, 1, 0, 0, 0
4828, 0, 1, 1, 0, 0, 0
4829, 0, 1, 1, 0, 0, 0
4831, 0, 1, 1, 0, 0, 0
4832, 9, 15, 9, 6, 9, 0
4833, 0, 1, 1, 0, 0, 0
4835, 10, 35, 34, 1, 1, 9
4836, 0, 2, 1, 1, 0, 0
4837, 0, 1, 1, 0, 0, 0
4838, 41, 24, 22, 2, 41, 0
4839, 0, 1, 1, 0, 0, 0
4840, 0, 1, 1, 0, 0, 0
4841, 6, 7, 7, 0, 6, 0
4842, 0, 1, 1, 0, 0, 0
4843, 0, 1, 1, 0, 0, 0
4844, 2, 3, 3, 0, 2, 0
4845, 1, 2, 2, 0, 1, 0
4847, 1, 2, 2, 0, 1, 0
4848, 2, 1, 1, 0, 2, 0
4849, 0, 1, 1, 0, 0, 0
4850, 1, 3, 3, 0, 1, 0
4851, 23, 8, 7, 1, 20, 3
4852, 0, 3, 1, 2, 0, 0
4853, 0, 2, 1, 1, 0, 0
4854, 10, 4, 2, 2, 10, 0
4855, 0, 3, 1, 2, 0, 0
4856, 0, 1, 1, 0, 0, 0
4857, 0, 2, 1, 1, 0, 0
4858, 0, 1, 1, 0, 0, 0
4859, 0, 1, 1, 0, 0, 0
4860, 1, 7, 6, 1, 1, 0
4861, 0, 1, 1, 0, 0, 0
4862, 14, 6, 4, 2, 3, 11
4863, 21, 26, 26, 0, 21, 0
4864, 0, 3, 2, 1, 0, 0
4865, 8, 20, 19, 1, 6, 2
4867, 0, 2, 2, 0, 0, 0
4868, 0, 3, 3, 0, 0, 0
4869, 0, 4, 1, 3, 0, 0
4871, 0, 1, 1, 0, 0, 0
4873, 4, 3, 3, 0, 4, 0
4875, 5, 3, 3, 0, 5, 0
4877, 0, 1, 1, 0, 0, 0
4878, 1, 5, 5, 0, 1, 0
4879, 4, 3, 3, 0, 4, 0
4880, 0, 1, 1, 0, 0, 0
4881, 0, 1, 1, 0, 0, 0
4882, 17, 32, 19, 13, 17, 0
4883, 2, 4, 4, 0, 2, 0
4884, 6, 4, 4, 0, 6, 0
4886, 0, 4, 3, 1, 0, 0
4888, 0, 2, 1, 1, 0, 0
4889, 15, 18, 14, 4, 9, 6
4893, 0, 5, 5, 0, 0, 0
4894, 5, 2, 2, 0, 5, 0
4895, 16, 5, 5, 0, 15, 1
4898, 43, 22, 22, 0, 43, 0
4899, 2, 3, 3, 0, 2, 0
4901, 0, 1, 1, 0, 0, 0
4902, 2, 1, 1, 0, 2, 0
4903, 2, 1, 1, 0, 2, 0
4904, 0, 2, 2, 0, 0, 0
4905, 11, 15, 14, 1, 11, 0
4908, 1, 3, 3, 0, 1, 0
4909, 0, 1, 1, 0, 0, 0
4911, 7, 2, 2, 0, 6, 1
4912, 5, 6, 6, 0, 5, 0
4913, 0, 1, 1, 0, 0, 0
4914, 0, 1, 1, 0, 0, 0
4915, 0, 1, 1, 0, 0, 0
4917, 6, 14, 13, 1, 6, 0
4918, 0, 1, 1, 0, 0, 0
4919, 0, 1, 1, 0, 0, 0
4920, 3, 6, 6, 0, 3, 0
4921, 0, 4, 4, 0, 0, 0
4923, 0, 5, 5, 0, 0, 0
4925, 1, 1, 1, 0, 1, 0
4926, 0, 1, 1, 0, 0, 0
4927, 44, 48, 48, 0, 44, 0
4928, 0, 2, 2, 0, 0, 0
4929, 1, 6, 5, 1, 0, 1
4930, 0, 1, 1, 0, 0, 0
4931, 0, 50, 27, 23, 0, 0
4932, 22, 37, 23, 14, 22, 0
4933, 0, 1, 1, 0, 0, 0
4935, 14, 3, 3, 0, 14, 0
4936, 0, 1, 1, 0, 0, 0
4938, 5, 3, 3, 0, 5, 0
4939, 0, 1, 1, 0, 0, 0
4941, 10, 8, 8, 0, 8, 2
4942, 0, 1, 1, 0, 0, 0
4943, 0, 1, 1, 0, 0, 0
4944, 4, 7, 7, 0, 4, 0
4945, 57, 27, 27, 0, 57, 0
4946, 1, 1, 1, 0, 1, 0
4947, 0, 1, 1, 0, 0, 0
4949, 0, 1, 1, 0, 0, 0
4951, 0, 1, 1, 0, 0, 0
4952, 0, 1, 1, 0, 0, 0
4953, 7, 7, 7, 0, 7, 0
4954, 0, 1, 1, 0, 0, 0
4955, 0, 3, 3, 0, 0, 0
4956, 2, 2, 2, 0, 2, 0
4958, 0, 7, 6, 1, 0, 0
4960, 0, 1, 1, 0, 0, 0
4961, 0, 1, 1, 0, 0, 0
4962, 0, 1, 1, 0, 0, 0
4963, 20, 5, 5, 0, 20, 0
4964, 18, 19, 17, 2, 18, 0
4968, 2, 3, 2, 1, 2, 0
4969, 0, 1, 1, 0, 0, 0
4970, 0, 1, 1, 0, 0, 0
4971, 0, 1, 1, 0, 0, 0
4972, 0, 1, 1, 0, 0, 0
4973, 0, 6, 1, 5, 0, 0
4974, 21, 22, 19, 3, 21, 0
4975, 1, 11, 8, 3, 0, 1
4976, 11, 9, 8, 1, 10, 1
4977, 0, 1, 1, 0, 0, 0
4978, 0, 1, 1, 0, 0, 0
4979, 0, 1, 1, 0, 0, 0
4980, 0, 4, 1, 3, 0, 0
4981, 2, 14, 12, 2, 2, 0
4983, 10, 17, 16, 1, 5, 5
4984, 0, 3, 3, 0, 0, 0
4985, 0, 1, 1, 0, 0, 0
4986, 0, 2, 2, 0, 0, 0
4987, 0, 6, 6, 0, 0, 0
4988, 6, 11, 11, 0, 6, 0
4990, 0, 1, 1, 0, 0, 0
4991, 0, 1, 1, 0, 0, 0
4992, 108, 119, 117, 2, 100, 8
4995, 0, 1, 1, 0, 0, 0
4996, 0, 2, 2, 0, 0, 0
4997, 0, 1, 1, 0, 0, 0
4998, 0, 1, 1, 0, 0, 0
4999, 1, 1, 1, 0, 1, 0
5001, 1, 1, 1, 0, 1, 0
5002, 0, 1, 1, 0, 0, 0
5004, 0, 1, 1, 0, 0, 0
5005, 0, 6, 4, 2, 0, 0
5006, 12, 21, 19, 2, 11, 1
5007, 0, 1, 1, 0, 0, 0
5008, 0, 2, 1, 1, 0, 0
5010, 0, 1, 1, 0, 0, 0
5011, 7, 1, 1, 0, 7, 0
5012, 1, 1, 1, 0, 1, 0
5013, 0, 1, 1, 0, 0, 0
5014, 0, 1, 1, 0, 0, 0
5015, 0, 1, 1, 0, 0, 0
5016, 2, 4, 1, 3, 2, 0
5017, 0, 6, 6, 0, 0, 0
5018, 4, 4, 4, 0, 4, 0
5021, 19, 13, 12, 1, 19, 0
5022, 35, 24, 20, 4, 34, 1
5023, 27, 14, 13, 1, 16, 11
5024, 0, 1, 1, 0, 0, 0
5026, 0, 1, 1, 0, 0, 0
5027, 0, 1, 1, 0, 0, 0
5028, 0, 1, 1, 0, 0, 0
5030, 0, 1, 1, 0, 0, 0
5031, 7, 6, 6, 0, 6, 1
5032, 0, 1, 1, 0, 0, 0
5035, 2, 1, 1, 0, 2, 0
5036, 5, 1, 1, 0, 5, 0
5037, 0, 3, 2, 1, 0, 0
5038, 0, 1, 1, 0, 0, 0
5039, 2, 6, 3, 3, 2, 0
5040, 0, 1, 1, 0, 0, 0
5041, 12, 14, 14, 0, 9, 3
5042, 1, 10, 9, 1, 1, 0
5043, 0, 1, 1, 0, 0, 0
5044, 0, 2, 1, 1, 0, 0
5045, 0, 1, 1, 0, 0, 0
5046, 13, 12, 6, 6, 12, 1
5047, 10, 6, 6, 0, 10, 0
5048, 0, 5, 4, 1, 0, 0
5049, 5, 3, 3, 0, 5, 0
5050, 0, 1, 1, 0, 0, 0
5052, 0, 1, 1, 0, 0, 0
5053, 52, 23, 23, 0, 52, 0
5055, 0, 1, 1, 0, 0, 0
5056, 0, 2, 2, 0, 0, 0
5057, 3, 4, 2, 2, 3, 0
5058, 0, 1, 1, 0, 0, 0
5059, 0, 2, 2, 0, 0, 0
5060, 12, 14, 12, 2, 12, 0
5061, 0, 1, 1, 0, 0, 0
5062, 0, 1, 1, 0, 0, 0
5063, 9, 1, 1, 0, 9, 0
5064, 0, 1, 1, 0, 0, 0
5066, 0, 1, 1, 0, 0, 0
5067, 0, 1, 1, 0, 0, 0
5068, 6, 8, 7, 1, 6, 0
5069, 0, 4, 1, 3, 0, 0
5070, 4, 14, 12, 2, 4, 0
5073, 0, 1, 1, 0, 0, 0
5076, 0, 1, 1, 0, 0, 0
5077, 3, 2, 2, 0, 1, 2
5080, 0, 2, 2, 0, 0, 0
5081, 39, 13, 12, 1, 37, 2
5082, 33, 20, 11, 9, 25, 8
5083, 0, 1, 1, 0, 0, 0
5084, 1, 3, 2, 1, 1, 0
5085, 0, 2, 2, 0, 0, 0
5086, 0, 1, 1, 0, 0, 0
5087, 123, 13, 13, 0, 123, 0
5088, 7, 4, 4, 0, 2, 5
5089, 0, 3, 3, 0, 0, 0
5090, 0, 1, 1, 0, 0, 0
5091, 1, 2, 2, 0, 1, 0
5092, 0, 1, 1, 0, 0, 0
5093, 0, 1, 1, 0, 0, 0
5094, 0, 1, 1, 0, 0, 0
5095, 9, 3, 3, 0, 7, 2
5096, 0, 1, 1, 0, 0, 0
5097, 0, 1, 1, 0, 0, 0
5098, 0, 1, 1, 0, 0, 0
5099, 37, 20, 20, 0, 36, 1
5100, 0, 2, 2, 0, 0, 0
5101, 0, 3, 3, 0, 0, 0
5102, 0, 2, 2, 0, 0, 0
5103, 36, 22, 20, 2, 31, 5
5104, 6, 4, 4, 0, 6, 0
5105, 88, 103, 101, 2, 61, 27
5106, 32, 16, 7, 9, 31, 1
5107, 1, 2, 2, 0, 1, 0
5108, 9, 27, 24, 3, 9, 0
5109, 0, 2, 2, 0, 0, 0
5110, 13, 7, 6, 1, 9, 4
5111, 0, 2, 2, 0, 0, 0
5112, 0, 1, 1, 0, 0, 0
5113, 0, 1, 1, 0, 0, 0
5114, 0, 1, 1, 0, 0, 0
5115, 5, 6, 5, 1, 5, 0
5116, 0, 1, 1, 0, 0, 0
5117, 0, 2, 2, 0, 0, 0
5118, 0, 1, 1, 0, 0, 0
5119, 0, 1, 1, 0, 0, 0
5120, 0, 1, 1, 0, 0, 0
5121, 3, 5, 4, 1, 3, 0
5122, 16, 7, 7, 0, 16, 0
5124, 0, 1, 1, 0, 0, 0
5125, 0, 1, 1, 0, 0, 0
5127, 0, 2, 2, 0, 0, 0
5128, 9, 10, 7, 3, 8, 1
5130, 0, 1, 1, 0, 0, 0
5131, 0, 1, 1, 0, 0, 0
5132, 2, 3, 3, 0, 2, 0
5133, 1, 3, 2, 1, 1, 0
5134, 0, 3, 3, 0, 0, 0
5136, 16, 10, 9, 1, 13, 3
5137, 0, 1, 1, 0, 0, 0
5138, 0, 6, 4, 2, 0, 0
5140, 1, 3, 3, 0, 1, 0
5141, 12, 14, 12, 2, 11, 1
5142, 2, 1, 1, 0, 1, 1
5143, 0, 1, 1, 0, 0, 0
5144, 0, 1, 1, 0, 0, 0
5145, 1, 9, 9, 0, 1, 0
5146, 5, 3, 0, 3, 5, 0
5147, 13, 8, 8, 0, 11, 2
5150, 0, 1, 1, 0, 0, 0
5152, 0, 1, 1, 0, 0, 0
5153, 0, 2, 2, 0, 0, 0
5154, 17, 4, 4, 0, 16, 1
5156, 0, 1, 1, 0, 0, 0
5158, 2, 2, 2, 0, 2, 0
5159, 0, 1, 1, 0, 0, 0
5160, 0, 1, 1, 0, 0, 0
5161, 0, 3, 3, 0, 0, 0
5163, 3, 3, 3, 0, 3, 0
5164, 0, 1, 1, 0, 0, 0
5165, 7, 6, 6, 0, 7, 0
5167, 14, 13, 12, 1, 13, 1
5168, 0, 4, 4, 0, 0, 0
5169, 0, 2, 2, 0, 0, 0
5170, 0, 1, 1, 0, 0, 0
5171, 46, 34, 32, 2, 44, 2
5172, 0, 1, 1, 0, 0, 0
5173, 0, 1, 1, 0, 0, 0
5174, 0, 1, 1, 0, 0, 0
5176, 9, 10, 9, 1, 9, 0
5177, 0, 3, 1, 2, 0, 0
5178, 0, 1, 1, 0, 0, 0
5179, 0, 1, 1, 0, 0, 0
5180, 0, 8, 8, 0, 0, 0
5182, 0, 6, 6, 0, 0, 0
5183, 0, 1, 1, 0, 0, 0
5184, 0, 10, 10, 0, 0, 0
5185, 0, 1, 1, 0, 0, 0
5186, 2, 1, 1, 0, 2, 0
5187, 0, 1, 1, 0, 0, 0
5190, 0, 1, 1, 0, 0, 0
5191, 1, 5, 5, 0, 1, 0
5192, 42, 14, 8, 6, 40, 2
5193, 0, 8, 2, 6, 0, 0
5194, 1, 5, 5, 0, 1, 0
5195, 0, 1, 1, 0, 0, 0
5196, 0, 1, 1, 0, 0, 0
5197, 3, 2, 1, 1, 3, 0
5200, 28, 9, 8, 1, 21, 7
5201, 0, 1, 1, 0, 0, 0
5202, 4, 5, 5, 0, 3, 1
5205, 4, 12, 11, 1, 4, 0
5207, 0, 1, 1, 0, 0, 0
5208, 23, 5, 5, 0, 21, 2
5209, 0, 1, 1, 0, 0, 0
5210, 0, 3, 3, 0, 0, 0
5211, 10, 34, 34, 0, 10, 0
5212, 0, 1, 1, 0, 0, 0
5215, 0, 1, 1, 0, 0, 0
5217, 1, 5, 5, 0, 1, 0
5218, 0, 2, 2, 0, 0, 0
5219, 3, 11, 11, 0, 3, 0
5220, 0, 1, 1, 0, 0, 0
5221, 17, 5, 4, 1, 17, 0
5222, 3, 4, 4, 0, 3, 0
5223, 16, 7, 5, 2, 16, 0
5224, 12, 6, 6, 0, 12, 0
5225, 69, 24, 23, 1, 69, 0
5226, 0, 3, 3, 0, 0, 0
5229, 4, 1, 1, 0, 4, 0
5230, 0, 1, 1, 0, 0, 0
5231, 0, 2, 2, 0, 0, 0
5232, 0, 1, 1, 0, 0, 0
5234, 1, 3, 3, 0, 0, 1
5235, 0, 2, 2, 0, 0, 0
5236, 3, 11, 11, 0, 3, 0
5238, 2, 2, 2, 0, 2, 0
5239, 0, 1, 1, 0, 0, 0
5240, 24, 21, 21, 0, 24, 0
5241, 12, 10, 8, 2, 12, 0
5242, 2, 3, 3, 0, 2, 0
5243, 9, 12, 9, 3, 5, 4
5244, 7, 4, 4, 0, 7, 0
5245, 51, 21, 19, 2, 44, 7
5246, 2, 8, 7, 1, 2, 0
5247, 5, 3, 3, 0, 5, 0
5248, 0, 1, 1, 0, 0, 0
5249, 4, 2, 1, 1, 4, 0
5250, 34, 12, 12, 0, 34, 0
5253, 23, 30, 27, 3, 23, 0
5254, 1, 10, 10, 0, 1, 0
5255, 2, 2, 2, 0, 2, 0
5257, 38, 22, 21, 1, 35, 3
5258, 3, 10, 4, 6, 3, 0
5259, 2, 2, 2, 0, 2, 0
5260, 22, 24, 22, 2, 21, 1
5261, 9, 31, 14, 17, 6, 3
5262, 6, 6, 6, 0, 6, 0
5263, 1, 2, 1, 1, 0, 1
5264, 1, 8, 8, 0, 1, 0
5265, 0, 1, 1, 0, 0, 0
5266, 0, 1, 1, 0, 0, 0
5267, 4, 6, 5, 1, 4, 0
5269, 0, 1, 1, 0, 0, 0
5270, 0, 1, 1, 0, 0, 0
5271, 2, 1, 1, 0, 2, 0
5272, 2, 3, 3, 0, 2, 0
5273, 0, 2, 2, 0, 0, 0
5274, 7, 5, 5, 0, 7, 0
5276, 8, 10, 9, 1, 6, 2
5277, 0, 1, 1, 0, 0, 0
5278, 64, 31, 30, 1, 57, 7
5279, 0, 1, 1, 0, 0, 0
5281, 0, 1, 1, 0, 0, 0
5282, 0, 2, 2, 0, 0, 0
5283, 11, 4, 4, 0, 11, 0
5284, 0, 6, 5, 1, 0, 0
5285, 0, 6, 1, 5, 0, 0
5286, 21, 12, 12, 0, 21, 0
5288, 1, 1, 1, 0, 1, 0
5289, 0, 3, 1, 2, 0, 0
5292, 0, 2, 2, 0, 0, 0
5293, 2, 4, 3, 1, 2, 0
5294, 0, 1, 1, 0, 0, 0
5295, 2, 10, 9, 1, 2, 0
5296, 0, 1, 1, 0, 0, 0
5297, 5, 4, 4, 0, 5, 0
5298, 0, 1, 1, 0, 0, 0
5299, 0, 1, 1, 0, 0, 0
5300, 0, 1, 1, 0, 0, 0
5301, 0, 3, 1, 2, 0, 0
5302, 0, 1, 1, 0, 0, 0
5303, 0, 1, 1, 0, 0, 0
5304, 1, 6, 1, 5, 0, 1
5306, 0, 2, 2, 0, 0, 0
5307, 0, 1, 1, 0, 0, 0
5308, 5, 4, 3, 1, 3, 2
5309, 2, 2, 2, 0, 2, 0
5312, 4, 16, 14, 2, 3, 1
5313, 20, 7, 7, 0, 14, 6
5314, 2, 11, 11, 0, 2, 0
5315, 2, 2, 2, 0, 2, 0
5316, 0, 6, 5, 1, 0, 0
5317, 0, 1, 1, 0, 0, 0
5318, 0, 1, 1, 0, 0, 0
5319, 0, 2, 1, 1, 0, 0
5320, 0, 1, 1, 0, 0, 0
5321, 17, 26, 6, 20, 15, 2
5322, 1, 3, 3, 0, 1, 0
5323, 8, 13, 13, 0, 8, 0
5324, 5, 2, 2, 0, 5, 0
5326, 0, 1, 1, 0, 0, 0
5327, 4, 6, 6, 0, 4, 0
5328, 0, 1, 1, 0, 0, 0
5329, 0, 1, 1, 0, 0, 0
5330, 0, 1, 1, 0, 0, 0
5331, 0, 1, 1, 0, 0, 0
5332, 0, 1, 1, 0, 0, 0
5334, 0, 1, 1, 0, 0, 0
5335, 0, 1, 1, 0, 0, 0
5336, 0, 1, 1, 0, 0, 0
5337, 1, 1, 1, 0, 1, 0
5338, 0, 1, 1, 0, 0, 0
5340, 3, 5, 5, 0, 2, 1
5341, 0, 1, 1, 0, 0, 0
5342, 0, 2, 2, 0, 0, 0
5343, 3, 4, 4, 0, 3, 0
5344, 0, 1, 1, 0, 0, 0
5345, 3, 4, 2, 2, 2, 1
5346, 0, 1, 1, 0, 0, 0
5347, 0, 1, 1, 0, 0, 0
5348, 4, 4, 2, 2, 4, 0
5349, 17, 15, 15, 0, 17, 0
5350, 0, 1, 1, 0, 0, 0
5351, 0, 1, 1, 0, 0, 0
5352, 0, 1, 1, 0, 0, 0
5354, 0, 1, 1, 0, 0, 0
5355, 1197, 124, 102, 22, 1191, 6
5356, 0, 1, 1, 0, 0, 0
5357, 0, 1, 1, 0, 0, 0
5359, 0, 1, 1, 0, 0, 0
5360, 0, 1, 1, 0, 0, 0
5361, 67, 32, 32, 0, 67, 0
5362, 0, 2, 2, 0, 0, 0
5363, 1, 1, 1, 0, 1, 0
5364, 0, 2, 2, 0, 0, 0
5365, 0, 1, 1, 0, 0, 0
5610, 14, 6, 6, 0, 11, 3
6263, 2, 6, 5, 1, 2, 0
6838, 1, 2, 2, 0, 1, 0
7810, 12, 18, 17, 1, 12, 0
8450, 14, 18, 17, 1, 12, 2
8651, 2, 13, 7, 6, 2, 0
8869, 8, 14, 14, 0, 8, 0
10270, 33, 21, 15, 6, 32, 1
11176, 1, 4, 4, 0, 1, 0
12160, 30, 117, 113, 4, 30, 0
12465, 41, 17, 13, 4, 23, 18
12935, 10, 10, 7, 3, 8, 2
14084, 20, 19, 8, 11, 18, 2
14587, 69, 51, 49, 2, 52, 17
15225, 3, 2, 2, 0, 3, 0
15847, 0, 4, 3, 1, 0, 0
15850, 1, 4, 4, 0, 1, 0
15954, 3, 2, 2, 0, 2, 1
16084, 5, 6, 6, 0, 5, 0
16732, 0, 4, 4, 0, 0, 0
16954, 72, 30, 21, 9, 71, 1
17023, 42, 5, 4, 1, 41, 1
21267, 88, 76, 37, 39, 84, 4
21398, 33, 43, 42, 1, 33, 0
21978, 0, 3, 2, 1, 0, 0
22808, 3, 2, 2, 0, 3, 0
23572, 114, 24, 20, 4, 114, 0
24791, 128, 61, 46, 15, 48, 80
25265, 0, 3, 2, 1, 0, 0
26568, 8, 7, 7, 0, 7, 1
28117, 7, 12, 12, 0, 7, 0
29453, 11, 4, 4, 0, 10, 1
29706, 1, 3, 3, 0, 1, 0
32854, 40, 27, 26, 1, 40, 0
34144, 8, 2, 2, 0, 8, 0
35013, 0, 3, 3, 0, 0, 0
39062, 2, 2, 2, 0, 2, 0
39186, 8, 37, 35, 2, 8, 0
40915, 13, 18, 17, 1, 13, 0
42169, 3, 4, 4, 0, 3, 0
44400, 1, 4, 4, 0, 1, 0
44626, 8, 12, 11, 1, 8, 0
53479, 16, 13, 10, 3, 13, 3
55896, 3, 3, 3, 0, 3, 0
55911, 1, 1, 1, 0, 1, 0
58015, 15, 11, 7, 4, 15, 0
58730, 0, 10, 2, 8, 0, 0
63052, 3, 3, 3, 0, 3, 0
65854, 7, 7, 7, 0, 7, 0
67832, 2, 3, 3, 0, 2, 0
77430, 2, 2, 2, 0, 2, 0
87984, 5, 3, 1, 2, 4, 1
90215, 95, 58, 55, 3, 94, 1
93344, 0, 2, 2, 0, 0, 0
93377, 0, 1, 1, 0, 0, 0
93378, 0, 3, 3, 0, 0, 0
93492, 12, 10, 9, 1, 10, 2
93542, 5, 1, 1, 0, 5, 0
93584, 7, 2, 2, 0, 7, 0
93631, 2, 2, 2, 0, 2, 0
93632, 3, 1, 1, 0, 3, 0
93655, 0, 5, 4, 1, 0, 0
93803, 0, 1, 1, 0, 0, 0
93805, 13, 1, 1, 0, 13, 0
93869, 1, 3, 3, 0, 1, 0
93870, 5, 4, 2, 2, 5, 0
93871, 14, 6, 5, 1, 14, 0
93875, 0, 1, 1, 0, 0, 0
93876, 0, 2, 1, 1, 0, 0
94816, 2, 4, 3, 1, 2, 0
95296, 2, 4, 2, 2, 2, 0
95374, 9, 3, 3, 0, 9, 0
95376, 3, 6, 6, 0, 3, 0
95424, 16, 13, 12, 1, 16, 0
95435, 2, 2, 2, 0, 2, 0
95436, 6, 4, 4, 0, 6, 0
95437, 0, 2, 1, 1, 0, 0
95438, 3, 2, 2, 0, 3, 0
95439, 1, 4, 3, 1, 1, 0
95440, 6, 1, 1, 0, 6, 0
95441, 0, 1, 1, 0, 0, 0
95445, 0, 2, 2, 0, 0, 0
95446, 5, 4, 3, 1, 5, 0
95447, 1, 1, 1, 0, 1, 0
95452, 1, 1, 1, 0, 1, 0
95453, 2, 1, 1, 0, 1, 1
96980, 5, 5, 5, 0, 4, 1
98881, 0, 5, 4, 1, 0, 0
99129, 15, 10, 9, 1, 15, 0
100657, 11, 14, 7, 7, 11, 0
101781, 10, 24, 23, 1, 9, 1
104191, 14, 14, 8, 6, 14, 0
104792, 0, 1, 1, 0, 0, 0
104797, 0, 1, 1, 0, 0, 0
104801, 7, 2, 1, 1, 7, 0
105673, 107, 94, 78, 16, 107, 0
106514, 24, 10, 5, 5, 24, 0
106587, 2, 2, 2, 0, 2, 0
106588, 1, 1, 1, 0, 1, 0
106589, 2, 1, 1, 0, 2, 0
106590, 1, 2, 2, 0, 1, 0
106637, 0, 1, 1, 0, 0, 0
106638, 26, 7, 6, 1, 25, 1
106639, 0, 1, 1, 0, 0, 0
106640, 0, 1, 1, 0, 0, 0
106842, 1, 6, 2, 4, 1, 0
107343, 0, 1, 1, 0, 0, 0
107344, 0, 1, 1, 0, 0, 0
107345, 1, 2, 1, 1, 1, 0
107346, 1, 1, 1, 0, 1, 0
107347, 1, 2, 2, 0, 1, 0
107397, 1, 1, 1, 0, 0, 1
107398, 0, 1, 1, 0, 0, 0
107399, 0, 1, 1, 0, 0, 0
107400, 3, 3, 3, 0, 3, 0
322, 4, 0, 0, 0, 4, 0
17046, 84, 59, 57, 2, 84, 0
27196, 69, 60, 59, 1, 69, 0
58729, 64, 31, 24, 7, 64, 0
92834, 11, 45, 35, 10, 11, 0
2219, 16, 17, 17, 0, 15, 1
2304, 33, 170, 165, 5, 28, 5
6061, 3, 9, 9, 0, 3, 0
10610, 20, 34, 34, 0, 20, 0
13486, 13, 38, 38, 0, 13, 0
13564, 33, 10, 9, 1, 27, 6
14497, 73, 48, 48, 0, 70, 3
17575, 1, 5, 1, 4, 0, 1
19441, 11, 9, 9, 0, 11, 0
19740, 24, 48, 48, 0, 23, 1
21152, 12, 28, 23, 5, 12, 0
21160, 31, 91, 91, 0, 23, 8
22855, 74, 96, 96, 0, 74, 0
24557, 6, 15, 15, 0, 6, 0
28473, 39, 51, 50, 1, 39, 0
29477, 1, 1, 1, 0, 1, 0
29914, 15, 14, 14, 0, 15, 0
32477, 22, 12, 12, 0, 21, 1
34101, 42, 37, 35, 2, 42, 0
34936, 0, 4, 4, 0, 0, 0
42133, 42, 34, 33, 1, 41, 1
56753, 10, 23, 23, 0, 9, 1
58239, 9, 28, 27, 1, 9, 0
65187, 1, 2, 2, 0, 1, 0
69619, 0, 8, 0, 8, 0, 0
72020, 14, 11, 10, 1, 14, 0
73847, 2, 5, 5, 0, 2, 0
91900, 0, 1, 1, 0, 0, 0
91901, 0, 3, 3, 0, 0, 0
91902, 0, 1, 1, 0, 0, 0
93433, 0, 3, 0, 3, 0, 0
325, 1, 0, 0, 0, 0, 1
326, 18, 14, 12, 2, 18, 0
3843, 32, 35, 34, 1, 18, 14
9295, 1, 7, 6, 1, 1, 0
28574, 1, 1, 1, 0, 1, 0
31279, 0, 1, 1, 0, 0, 0
31280, 10, 7, 7, 0, 10, 0
109458, 0, 1, 1, 0, 0, 0
327, 1, 0, 0, 0, 0, 1
1053, 19, 84, 80, 4, 18, 1
2324, 4, 23, 21, 2, 4, 0
5574, 13, 8, 8, 0, 13, 0
6367, 3, 32, 30, 2, 3, 0
8230, 4, 6, 6, 0, 3, 1
9065, 8, 19, 14, 5, 6, 2
9493, 0, 3, 2, 1, 0, 0
9550, 10, 8, 7, 1, 10, 0
9946, 5, 36, 27, 9, 5, 0
10376, 47, 37, 31, 6, 47, 0
11090, 13, 15, 14, 1, 13, 0
12144, 58, 49, 49, 0, 58, 0
18224, 18, 20, 19, 1, 18, 0
19476, 8, 78, 77, 1, 8, 0
20616, 9, 38, 36, 2, 9, 0
20794, 0, 5, 5, 0, 0, 0
21036, 4, 5, 5, 0, 4, 0
21335, 2, 3, 3, 0, 1, 1
21661, 9, 8, 8, 0, 9, 0
24206, 2, 11, 6, 5, 2, 0
24714, 55, 21, 21, 0, 55, 0
24902, 67, 32, 32, 0, 67, 0
26596, 33, 86, 78, 8, 14, 19
26683, 1, 3, 3, 0, 1, 0
27075, 17, 15, 13, 2, 15, 2
27608, 13, 4, 4, 0, 13, 0
28048, 0, 3, 2, 1, 0, 0
28297, 59, 46, 45, 1, 48, 11
29230, 208, 79, 79, 0, 146, 62
29489, 13, 19, 16, 3, 13, 0
29934, 19, 20, 20, 0, 19, 0
29935, 2, 7, 7, 0, 2, 0
31479, 9, 17, 16, 1, 9, 0
31944, 3, 10, 9, 1, 3, 0
32013, 67, 57, 54, 3, 67, 0
32902, 6, 5, 4, 1, 6, 0
33736, 33, 26, 24, 2, 29, 4
34547, 9, 11, 6, 5, 9, 0
35040, 0, 4, 4, 0, 0, 0
36270, 10, 11, 10, 1, 10, 0
36470, 3, 5, 5, 0, 3, 0
37036, 14, 21, 18, 3, 14, 0
38143, 9, 7, 6, 1, 9, 0
38562, 0, 8, 5, 3, 0, 0
38688, 46, 40, 40, 0, 42, 4
39357, 6, 12, 12, 0, 5, 1
39627, 10, 14, 14, 0, 10, 0
40731, 1, 9, 8, 1, 1, 0
42629, 1, 2, 2, 0, 1, 0
44582, 1, 3, 2, 1, 1, 0
44992, 3, 7, 6, 1, 3, 0
46695, 5, 8, 7, 1, 5, 0
47499, 1, 2, 2, 0, 1, 0
47519, 0, 2, 1, 1, 0, 0
47663, 7, 43, 41, 2, 7, 0
50575, 12, 8, 8, 0, 12, 0
50754, 2, 10, 10, 0, 2, 0
50946, 30, 35, 30, 5, 30, 0
51938, 11, 20, 11, 9, 10, 1
52611, 12, 14, 13, 1, 12, 0
53241, 0, 2, 2, 0, 0, 0
53470, 2, 6, 5, 1, 2, 0
53557, 0, 2, 1, 1, 0, 0
54184, 9, 11, 9, 2, 9, 0
55385, 28, 15, 14, 1, 26, 2
55824, 7, 6, 6, 0, 7, 0
56057, 9, 20, 16, 4, 9, 0
56638, 0, 2, 2, 0, 0, 0
58403, 29, 35, 34, 1, 29, 0
58427, 6, 7, 7, 0, 6, 0
60001, 11, 9, 7, 2, 9, 2
60032, 0, 3, 3, 0, 0, 0
60043, 19, 11, 10, 1, 19, 0
60582, 5, 10, 10, 0, 5, 0
61075, 5, 6, 6, 0, 5, 0
61465, 7, 6, 6, 0, 7, 0
61985, 3, 2, 2, 0, 3, 0
62280, 1, 6, 6, 0, 1, 0
63053, 20, 17, 15, 2, 20, 0
63832, 2, 17, 14, 3, 2, 0
64358, 34, 24, 24, 0, 34, 0
64359, 19, 10, 10, 0, 19, 0
64360, 9, 15, 15, 0, 9, 0
64452, 0, 5, 5, 0, 0, 0
64754, 53, 14, 14, 0, 53, 0
65923, 2, 16, 12, 4, 2, 0
65967, 0, 2, 2, 0, 0, 0
66549, 0, 4, 4, 0, 0, 0
68177, 1, 2, 1, 1, 1, 0
68501, 21, 22, 22, 0, 21, 0
69182, 2, 5, 5, 0, 2, 0
70031, 13, 9, 9, 0, 13, 0
70210, 2, 6, 6, 0, 2, 0
70826, 0, 2, 2, 0, 0, 0
71753, 7, 6, 5, 1, 7, 0
72033, 26, 12, 12, 0, 26, 0
72151, 72, 24, 24, 0, 72, 0
72239, 12, 5, 5, 0, 12, 0
72380, 0, 4, 4, 0, 0, 0
72492, 1, 5, 5, 0, 1, 0
72603, 0, 4, 4, 0, 0, 0
72728, 0, 4, 4, 0, 0, 0
73481, 0, 4, 4, 0, 0, 0
73983, 4, 5, 5, 0, 4, 0
77768, 5, 4, 4, 0, 5, 0
77950, 0, 2, 2, 0, 0, 0
78101, 0, 2, 2, 0, 0, 0
78614, 4, 2, 2, 0, 4, 0
78643, 1, 7, 7, 0, 1, 0
78670, 2, 2, 2, 0, 2, 0
78671, 2, 4, 4, 0, 2, 0
79539, 3, 2, 2, 0, 3, 0
80223, 1, 4, 3, 1, 1, 0
80472, 0, 2, 2, 0, 0, 0
80627, 7, 3, 3, 0, 7, 0
80890, 1, 4, 4, 0, 1, 0
81175, 0, 2, 2, 0, 0, 0
81375, 0, 2, 2, 0, 0, 0
81386, 0, 2, 2, 0, 0, 0
81682, 1, 2, 2, 0, 1, 0
81775, 0, 2, 2, 0, 0, 0
81971, 0, 2, 2, 0, 0, 0
82012, 1, 2, 2, 0, 1, 0
82223, 5, 4, 2, 2, 5, 0
82460, 1, 1, 1, 0, 1, 0
82673, 0, 3, 2, 1, 0, 0
82850, 1, 2, 2, 0, 1, 0
83050, 0, 2, 2, 0, 0, 0
83144, 2, 1, 1, 0, 2, 0
83260, 1, 2, 2, 0, 1, 0
83517, 0, 2, 2, 0, 0, 0
83570, 5, 1, 1, 0, 5, 0
83695, 1, 1, 1, 0, 1, 0
83844, 4, 1, 1, 0, 4, 0
83846, 2, 2, 1, 1, 2, 0
83870, 2, 1, 1, 0, 1, 1
84249, 1, 2, 2, 0, 1, 0
84251, 1, 1, 1, 0, 1, 0
84264, 2, 2, 2, 0, 2, 0
84276, 1, 1, 1, 0, 1, 0
84281, 1, 1, 1, 0, 1, 0
84304, 1, 1, 1, 0, 1, 0
84339, 2, 3, 3, 0, 2, 0
84471, 3, 3, 3, 0, 3, 0
84482, 1, 4, 3, 1, 1, 0
84503, 4, 2, 2, 0, 4, 0
84505, 12, 9, 9, 0, 12, 0
84517, 17, 4, 4, 0, 17, 0
84688, 2, 2, 2, 0, 2, 0
84700, 0, 3, 3, 0, 0, 0
84746, 4, 1, 1, 0, 4, 0
84783, 0, 2, 2, 0, 0, 0
84788, 0, 2, 2, 0, 0, 0
84811, 0, 2, 2, 0, 0, 0
84822, 0, 2, 2, 0, 0, 0
84876, 0, 2, 2, 0, 0, 0
85011, 0, 2, 1, 1, 0, 0
85160, 0, 2, 2, 0, 0, 0
85162, 1, 2, 2, 0, 1, 0
85188, 3, 3, 3, 0, 3, 0
85192, 0, 2, 2, 0, 0, 0
85338, 0, 2, 2, 0, 0, 0
85370, 16, 5, 4, 1, 11, 5
85395, 4, 1, 1, 0, 4, 0
85397, 1, 2, 2, 0, 1, 0
85427, 1, 2, 2, 0, 1, 0
85472, 1, 1, 1, 0, 1, 0
85860, 5, 1, 1, 0, 5, 0
85876, 3, 3, 3, 0, 3, 0
86490, 3, 3, 3, 0, 3, 0
86647, 3, 2, 2, 0, 3, 0
86666, 0, 2, 2, 0, 0, 0
86708, 0, 1, 1, 0, 0, 0
86709, 0, 1, 1, 0, 0, 0
86710, 0, 1, 1, 0, 0, 0
86711, 0, 1, 1, 0, 0, 0
86712, 0, 1, 1, 0, 0, 0
86713, 0, 1, 1, 0, 0, 0
86714, 0, 1, 1, 0, 0, 0
86715, 0, 1, 1, 0, 0, 0
86716, 0, 1, 1, 0, 0, 0
86717, 1, 1, 1, 0, 1, 0
86718, 0, 1, 1, 0, 0, 0
86719, 0, 1, 1, 0, 0, 0
86720, 0, 2, 2, 0, 0, 0
86721, 0, 1, 1, 0, 0, 0
86722, 0, 1, 1, 0, 0, 0
86723, 0, 1, 1, 0, 0, 0
86724, 0, 1, 1, 0, 0, 0
86725, 0, 1, 1, 0, 0, 0
86726, 0, 1, 1, 0, 0, 0
86727, 0, 1, 1, 0, 0, 0
86728, 0, 1, 1, 0, 0, 0
86729, 0, 1, 1, 0, 0, 0
86730, 0, 1, 1, 0, 0, 0
86731, 0, 1, 1, 0, 0, 0
86732, 0, 1, 1, 0, 0, 0
86733, 0, 1, 1, 0, 0, 0
86734, 0, 1, 1, 0, 0, 0
86735, 0, 1, 1, 0, 0, 0
86736, 0, 2, 2, 0, 0, 0
86737, 0, 1, 1, 0, 0, 0
86738, 0, 1, 1, 0, 0, 0
86739, 0, 1, 1, 0, 0, 0
86740, 0, 2, 2, 0, 0, 0
86741, 0, 1, 1, 0, 0, 0
86742, 0, 1, 1, 0, 0, 0
86743, 0, 1, 1, 0, 0, 0
86744, 0, 1, 1, 0, 0, 0
86745, 0, 1, 1, 0, 0, 0
86746, 0, 1, 1, 0, 0, 0
86747, 0, 1, 1, 0, 0, 0
86748, 0, 1, 1, 0, 0, 0
86749, 0, 1, 1, 0, 0, 0
86750, 0, 1, 1, 0, 0, 0
86751, 0, 1, 1, 0, 0, 0
86752, 0, 1, 1, 0, 0, 0
86753, 0, 1, 1, 0, 0, 0
86754, 0, 1, 1, 0, 0, 0
86755, 0, 1, 1, 0, 0, 0
86756, 0, 1, 1, 0, 0, 0
86757, 0, 1, 1, 0, 0, 0
86758, 0, 1, 1, 0, 0, 0
86759, 0, 1, 1, 0, 0, 0
86760, 0, 1, 1, 0, 0, 0
86761, 0, 1, 1, 0, 0, 0
86762, 0, 1, 1, 0, 0, 0
86763, 0, 1, 1, 0, 0, 0
86764, 0, 1, 1, 0, 0, 0
86765, 0, 1, 1, 0, 0, 0
86766, 0, 1, 1, 0, 0, 0
86767, 0, 1, 1, 0, 0, 0
86768, 0, 1, 1, 0, 0, 0
86769, 0, 1, 1, 0, 0, 0
86770, 0, 1, 1, 0, 0, 0
86771, 0, 1, 1, 0, 0, 0
86772, 0, 1, 1, 0, 0, 0
86773, 0, 1, 1, 0, 0, 0
86774, 0, 1, 1, 0, 0, 0
86775, 0, 1, 1, 0, 0, 0
86776, 0, 1, 1, 0, 0, 0
86777, 0, 1, 1, 0, 0, 0
86778, 0, 1, 1, 0, 0, 0
86779, 0, 1, 1, 0, 0, 0
86780, 0, 1, 1, 0, 0, 0
86781, 0, 1, 1, 0, 0, 0
86782, 0, 1, 1, 0, 0, 0
86783, 0, 1, 1, 0, 0, 0
86784, 0, 1, 1, 0, 0, 0
86785, 0, 1, 1, 0, 0, 0
86786, 0, 1, 1, 0, 0, 0
86787, 0, 1, 1, 0, 0, 0
86788, 0, 1, 1, 0, 0, 0
86789, 0, 1, 1, 0, 0, 0
86790, 0, 1, 1, 0, 0, 0
86791, 0, 1, 1, 0, 0, 0
86792, 0, 1, 1, 0, 0, 0
86793, 0, 1, 1, 0, 0, 0
86794, 0, 1, 1, 0, 0, 0
86795, 0, 1, 1, 0, 0, 0
86796, 0, 1, 1, 0, 0, 0
86797, 9, 1, 1, 0, 9, 0
86798, 0, 1, 1, 0, 0, 0
86799, 0, 1, 1, 0, 0, 0
86800, 0, 1, 1, 0, 0, 0
86801, 0, 1, 1, 0, 0, 0
86802, 0, 1, 1, 0, 0, 0
86803, 0, 1, 1, 0, 0, 0
86804, 0, 1, 1, 0, 0, 0
86805, 0, 1, 1, 0, 0, 0
86806, 0, 1, 1, 0, 0, 0
86807, 0, 1, 1, 0, 0, 0
86808, 0, 1, 1, 0, 0, 0
86809, 0, 1, 1, 0, 0, 0
86810, 0, 1, 1, 0, 0, 0
86811, 0, 1, 1, 0, 0, 0
86812, 0, 1, 1, 0, 0, 0
86813, 0, 1, 1, 0, 0, 0
86814, 0, 1, 1, 0, 0, 0
86815, 0, 1, 1, 0, 0, 0
86816, 0, 1, 1, 0, 0, 0
86817, 0, 1, 1, 0, 0, 0
86818, 0, 1, 1, 0, 0, 0
86819, 0, 1, 1, 0, 0, 0
86820, 0, 1, 1, 0, 0, 0
86821, 0, 1, 1, 0, 0, 0
329, 1, 0, 0, 0, 1, 0
330, 12, 10, 9, 1, 12, 0
10569, 15, 12, 10, 2, 15, 0
14019, 11, 11, 11, 0, 10, 1
18082, 7, 3, 3, 0, 7, 0
120249, 1, 2, 1, 1, 1, 0
120494, 0, 1, 1, 0, 0, 0
331, 1, 0, 0, 0, 0, 1
332, 0, 2, 1, 1, 0, 0
333, 1, 0, 0, 0, 1, 0
334, 1, 0, 0, 0, 1, 0
335, 1, 0, 0, 0, 1, 0
336, 1, 0, 0, 0, 1, 0
1926, 69, 33, 32, 1, 69, 0
2717, 8, 5, 5, 0, 8, 0
3492, 3, 5, 5, 0, 1, 2
4294, 5, 6, 6, 0, 5, 0
4338, 26, 9, 9, 0, 26, 0
7029, 15, 4, 4, 0, 15, 0
11904, 37, 63, 57, 6, 32, 5
13243, 25, 16, 13, 3, 25, 0
13845, 3, 2, 2, 0, 3, 0
14977, 67, 9, 5, 4, 37, 30
15133, 58, 55, 52, 3, 45, 13
19162, 15, 18, 18, 0, 15, 0
24532, 73, 13, 12, 1, 72, 1
25879, 0, 1, 1, 0, 0, 0
25880, 10, 4, 4, 0, 10, 0
25881, 0, 1, 1, 0, 0, 0
25882, 0, 2, 2, 0, 0, 0
25883, 9, 7, 7, 0, 9, 0
25884, 0, 12, 7, 5, 0, 0
30242, 1, 7, 6, 1, 1, 0
61233, 3, 5, 5, 0, 3, 0
94145, 8, 2, 2, 0, 8, 0
338, 10, 1, 1, 0, 7, 3
339, 1, 1, 1, 0, 1, 0
340, 1, 4, 3, 1, 0, 1
341, 10, 6, 5, 1, 10, 0
342, 0, 1, 1, 0, 0, 0
343, 0, 1, 0, 1, 0, 0
344, 8, 21, 18, 3, 7, 1
346, 3, 11, 8, 3, 3, 0
347, 10, 2, 2, 0, 10, 0
348, 1, 1, 1, 0, 1, 0
34301, 69, 77, 72, 5, 57, 12
30701, 1, 6, 0, 6, 0, 1
11786, 86, 54, 54, 0, 86, 0
22256, 26, 29, 29, 0, 26, 0
69233, 7, 4, 4, 0, 7, 0
75369, 0, 3, 3, 0, 0, 0
75374, 1, 1, 1, 0, 1, 0
75587, 0, 1, 1, 0, 0, 0
75588, 0, 1, 1, 0, 0, 0
2623, 28, 23, 17, 6, 28, 0
8051, 42, 21, 21, 0, 42, 0
38564, 3, 5, 4, 1, 3, 0
61078, 2, 26, 25, 1, 2, 0
62741, 3, 20, 10, 10, 3, 0
63857, 3, 2, 2, 0, 3, 0
1453, 107, 87, 63, 24, 84, 23
2716, 19, 15, 15, 0, 19, 0
3331, 31, 72, 70, 2, 31, 0
7660, 21, 24, 23, 1, 21, 0
11250, 585, 150, 142, 8, 564, 21
14589, 48, 40, 40, 0, 48, 0
27279, 242, 207, 199, 8, 239, 3
30798, 1, 1, 1, 0, 1, 0
32551, 36, 38, 38, 0, 34, 2
8311, 2, 2, 2, 0, 2, 0
9568, 0, 1, 1, 0, 0, 0
48276, 0, 2, 2, 0, 0, 0
349, 1, 0, 0, 0, 1, 0
674, 82, 102, 95, 7, 76, 6
8804, 159, 54, 53, 1, 158, 1
15307, 9, 31, 18, 13, 9, 0
18190, 34, 34, 29, 5, 33, 1
82375, 259, 24, 17, 7, 259, 0
12736, 25, 81, 69, 12, 23, 2
31273, 22, 8, 6, 2, 21, 1
37479, 4, 18, 17, 1, 4, 0
823, 16, 6, 3, 3, 12, 4
1411, 18, 18, 17, 1, 18, 0
1862, 51, 33, 32, 1, 51, 0
2289, 41, 35, 34, 1, 39, 2
2433, 28, 26, 25, 1, 19, 9
2482, 30, 16, 12, 4, 30, 0
3397, 55, 18, 17, 1, 50, 5
3585, 98, 74, 71, 3, 2, 96
3866, 29, 54, 51, 3, 27, 2
4068, 73, 18, 16, 2, 73, 0
4304, 4, 6, 6, 0, 4, 0
5409, 133, 107, 103, 4, 130, 3
5545, 46, 26, 25, 1, 45, 1
5546, 17, 5, 5, 0, 14, 3
5547, 16, 20, 14, 6, 16, 0
5550, 31, 23, 21, 2, 17, 14
5551, 116, 79, 74, 5, 116, 0
5553, 37, 17, 16, 1, 36, 1
5554, 14, 1, 1, 0, 14, 0
5557, 0, 3, 1, 2, 0, 0
5558, 77, 29, 29, 0, 66, 11
5559, 32, 11, 11, 0, 28, 4
5563, 8, 6, 4, 2, 7, 1
5565, 56, 20, 20, 0, 56, 0
5567, 0, 5, 0, 5, 0, 0
5568, 17, 14, 10, 4, 17, 0
5569, 2, 6, 2, 4, 2, 0
356, 168, 107, 104, 3, 165, 3
392, 3, 3, 3, 0, 3, 0
464, 48, 66, 61, 5, 46, 2
498, 12, 33, 12, 21, 12, 0
829, 14, 17, 15, 2, 12, 2
846, 2, 2, 2, 0, 2, 0
948, 9, 21, 21, 0, 9, 0
959, 78, 51, 51, 0, 75, 3
1087, 54, 32, 27, 5, 28, 26
1096, 19, 7, 6, 1, 8, 11
1180, 9, 26, 26, 0, 6, 3
1197, 63, 42, 33, 9, 10, 53
1202, 5, 10, 9, 1, 5, 0
1294, 32, 32, 31, 1, 31, 1
1298, 4, 15, 14, 1, 4, 0
1341, 11, 6, 6, 0, 11, 0
1415, 0, 17, 17, 0, 0, 0
1426, 3, 11, 9, 2, 2, 1
1490, 62, 31, 30, 1, 62, 0
1519, 7, 8, 8, 0, 7, 0
1610, 31, 16, 16, 0, 31, 0
1689, 13, 5, 5, 0, 12, 1
1756, 34, 20, 18, 2, 23, 11
1785, 30, 50, 48, 2, 28, 2
1800, 3, 5, 5, 0, 3, 0
1822, 24, 20, 14, 6, 21, 3
1912, 2, 1, 1, 0, 1, 1
1977, 32, 16, 14, 2, 32, 0
2159, 17, 18, 18, 0, 17, 0
2252, 50, 39, 39, 0, 42, 8
2259, 0, 2, 2, 0, 0, 0
2277, 18, 26, 25, 1, 18, 0
2434, 11, 12, 12, 0, 11, 0
2436, 94, 37, 33, 4, 94, 0
2524, 5, 4, 2, 2, 5, 0
2606, 5, 9, 9, 0, 5, 0
2620, 77, 67, 59, 8, 77, 0
2650, 21, 19, 7, 12, 16, 5
2761, 3, 3, 3, 0, 3, 0
2878, 14, 87, 85, 2, 14, 0
2898, 54, 11, 7, 4, 52, 2
2927, 33, 43, 27, 16, 14, 19
2929, 12, 6, 6, 0, 12, 0
2964, 24, 16, 16, 0, 21, 3
3076, 11, 3, 3, 0, 11, 0
3329, 1, 1, 1, 0, 1, 0
3368, 17, 9, 9, 0, 17, 0
3379, 4, 4, 4, 0, 4, 0
3385, 48, 50, 48, 2, 43, 5
3392, 155, 86, 80, 6, 150, 5
3418, 38, 20, 12, 8, 38, 0
3496, 2, 3, 3, 0, 1, 1
3652, 0, 2, 2, 0, 0, 0
3688, 7, 19, 19, 0, 7, 0
3690, 24, 19, 17, 2, 24, 0
3696, 36, 17, 17, 0, 35, 1
3730, 5, 4, 4, 0, 4, 1
3747, 58, 4, 3, 1, 58, 0
3852, 59, 28, 26, 2, 57, 2
4005, 0, 6, 4, 2, 0, 0
4119, 28, 11, 10, 1, 28, 0
4223, 2, 1, 1, 0, 2, 0
4407, 5, 2, 2, 0, 5, 0
5407, 52, 20, 20, 0, 51, 1
5510, 12, 9, 9, 0, 12, 0
5595, 1, 1, 1, 0, 1, 0
5608, 1, 2, 2, 0, 1, 0
5697, 49, 23, 21, 2, 48, 1
5698, 5, 13, 10, 3, 5, 0
5755, 15, 11, 10, 1, 14, 1
5783, 20, 65, 65, 0, 20, 0
5788, 2, 4, 3, 1, 1, 1
5799, 27, 16, 15, 1, 27, 0
5805, 21, 4, 4, 0, 21, 0
5833, 27, 77, 75, 2, 27, 0
5960, 30, 25, 22, 3, 30, 0
5961, 40, 37, 23, 14, 22, 18
6017, 12, 6, 5, 1, 12, 0
6021, 39, 24, 24, 0, 39, 0
6031, 43, 54, 40, 14, 37, 6
6033, 53, 34, 27, 7, 14, 39
6051, 0, 2, 1, 1, 0, 0
6094, 2, 6, 6, 0, 2, 0
6162, 4, 2, 2, 0, 4, 0
6229, 35, 24, 18, 6, 31, 4
6235, 2, 3, 3, 0, 2, 0
6242, 3, 5, 3, 2, 3, 0
6332, 142, 88, 87, 1, 73, 69
6334, 7, 8, 7, 1, 7, 0
6346, 10, 10, 10, 0, 10, 0
6358, 1, 1, 1, 0, 1, 0
6441, 3, 5, 4, 1, 3, 0
6508, 13, 2, 2, 0, 12, 1
6561, 5, 2, 2, 0, 5, 0
6631, 12, 10, 10, 0, 10, 2
6664, 0, 4, 1, 3, 0, 0
6696, 34, 34, 28, 6, 24, 10
6715, 8, 4, 4, 0, 8, 0
6757, 116, 34, 34, 0, 116, 0
6897, 2, 8, 7, 1, 2, 0
6969, 33, 20, 19, 1, 27, 6
7021, 2, 8, 6, 2, 2, 0
7141, 1, 3, 3, 0, 1, 0
7229, 6, 7, 7, 0, 6, 0
7316, 49, 12, 12, 0, 48, 1
7348, 41, 35, 34, 1, 39, 2
7605, 4, 3, 2, 1, 3, 1
7641, 10, 7, 7, 0, 9, 1
7686, 1, 3, 3, 0, 1, 0
7695, 13, 35, 31, 4, 6, 7
7700, 44, 13, 12, 1, 44, 0
7735, 3, 4, 4, 0, 3, 0
7883, 11, 1, 1, 0, 11, 0
7898, 4, 3, 3, 0, 3, 1
7924, 9, 10, 9, 1, 8, 1
7971, 77, 53, 51, 2, 61, 16
8006, 15, 24, 21, 3, 15, 0
8078, 1, 2, 2, 0, 1, 0
8363, 23, 25, 24, 1, 11, 12
8371, 1, 2, 2, 0, 1, 0
8377, 0, 6, 5, 1, 0, 0
8474, 3, 4, 4, 0, 3, 0
8496, 55, 114, 64, 50, 52, 3
8509, 2, 2, 1, 1, 2, 0
8510, 3, 2, 2, 0, 3, 0
8527, 5, 7, 2, 5, 5, 0
8546, 76, 35, 34, 1, 76, 0
8642, 14, 21, 17, 4, 14, 0
8686, 5, 6, 1, 5, 0, 5
8730, 23, 12, 12, 0, 23, 0
8866, 82, 27, 27, 0, 82, 0
8903, 18, 9, 9, 0, 18, 0
8938, 23, 19, 9, 10, 10, 13
8991, 24, 14, 14, 0, 24, 0
9043, 25, 58, 56, 2, 20, 5
9079, 76, 9, 8, 1, 76, 0
9133, 3, 1, 1, 0, 2, 1
9172, 9, 16, 6, 10, 1, 8
9181, 52, 40, 27, 13, 3, 49
9241, 1, 1, 1, 0, 1, 0
9263, 2, 1, 1, 0, 2, 0
9320, 18, 17, 17, 0, 18, 0
9419, 1, 2, 2, 0, 1, 0
9658, 20, 30, 19, 11, 19, 1
9695, 28, 7, 7, 0, 28, 0
9730, 4, 4, 4, 0, 4, 0
9755, 1, 6, 2, 4, 0, 1
9851, 5, 4, 2, 2, 5, 0
9973, 28, 12, 12, 0, 26, 2
10121, 1, 6, 6, 0, 1, 0
10140, 19, 8, 3, 5, 6, 13
10170, 15, 8, 6, 2, 15, 0
10232, 1, 2, 2, 0, 1, 0
10233, 1, 3, 3, 0, 1, 0
10251, 10, 9, 6, 3, 7, 3
10331, 32, 27, 26, 1, 22, 10
10362, 41, 16, 15, 1, 40, 1
10445, 16, 27, 23, 4, 15, 1
10558, 3, 1, 1, 0, 3, 0
10629, 122, 84, 84, 0, 77, 45
10683, 1, 1, 1, 0, 1, 0
10707, 4, 3, 2, 1, 4, 0
10780, 212, 25, 25, 0, 212, 0
10929, 2, 6, 6, 0, 2, 0
10935, 15, 17, 16, 1, 14, 1
10971, 5, 2, 2, 0, 5, 0
11010, 2, 5, 4, 1, 2, 0
11039, 29, 38, 37, 1, 22, 7
11065, 1, 3, 3, 0, 1, 0
11136, 5, 5, 5, 0, 5, 0
11300, 7, 7, 6, 1, 3, 4
11382, 66, 104, 101, 3, 61, 5
11405, 2, 1, 1, 0, 2, 0
11448, 5, 2, 2, 0, 5, 0
11491, 53, 12, 9, 3, 48, 5
11701, 136, 230, 223, 7, 136, 0
12001, 5, 14, 12, 2, 5, 0
12053, 85, 55, 55, 0, 83, 2
12146, 11, 14, 14, 0, 11, 0
12180, 89, 94, 88, 6, 75, 14
12266, 14, 9, 7, 2, 13, 1
12377, 10, 26, 26, 0, 9, 1
12407, 7, 21, 4, 17, 6, 1
12517, 2, 1, 1, 0, 2, 0
12605, 28, 30, 27, 3, 18, 10
12660, 2, 3, 3, 0, 1, 1
12727, 32, 29, 27, 2, 32, 0
12969, 20, 31, 31, 0, 20, 0
13029, 0, 2, 2, 0, 0, 0
13031, 37, 9, 9, 0, 37, 0
13150, 9, 8, 7, 1, 9, 0
13168, 8, 8, 8, 0, 8, 0
13181, 7, 5, 5, 0, 5, 2
13328, 41, 103, 96, 7, 29, 12
13391, 0, 6, 6, 0, 0, 0
13404, 34, 35, 30, 5, 33, 1
13508, 1, 4, 3, 1, 1, 0
13542, 22, 10, 9, 1, 22, 0
13589, 3, 2, 2, 0, 3, 0
13809, 6, 8, 8, 0, 6, 0
13875, 14, 25, 25, 0, 14, 0
13896, 8, 15, 14, 1, 2, 6
14005, 1, 3, 3, 0, 1, 0
14027, 1, 3, 3, 0, 1, 0
14063, 21, 20, 20, 0, 17, 4
14082, 1, 3, 3, 0, 1, 0
14200, 19, 19, 18, 1, 18, 1
14275, 11, 9, 9, 0, 11, 0
14291, 59, 43, 38, 5, 59, 0
14357, 5, 6, 6, 0, 5, 0
14407, 312, 50, 41, 9, 310, 2
14419, 31, 25, 24, 1, 26, 5
14437, 58, 50, 39, 11, 58, 0
14515, 11, 8, 8, 0, 10, 1
14586, 57, 54, 53, 1, 57, 0
14626, 7, 4, 3, 1, 7, 0
14627, 12, 7, 7, 0, 12, 0
14630, 1, 3, 3, 0, 1, 0
14758, 69, 15, 14, 1, 40, 29
14762, 44, 41, 33, 8, 44, 0
14796, 0, 11, 6, 5, 0, 0
14989, 0, 9, 4, 5, 0, 0
15110, 6, 2, 2, 0, 6, 0
15279, 4, 3, 3, 0, 4, 0
15306, 9, 2, 1, 1, 2, 7
15388, 23, 28, 24, 4, 22, 1
15416, 2, 6, 6, 0, 2, 0
15437, 115, 77, 52, 25, 28, 87
15529, 31, 19, 19, 0, 31, 0
15574, 5, 4, 4, 0, 5, 0
15681, 6, 6, 5, 1, 6, 0
15907, 41, 38, 34, 4, 32, 9
15919, 17, 5, 4, 1, 14, 3
15953, 1, 2, 2, 0, 1, 0
15998, 14, 16, 16, 0, 13, 1
16015, 7, 8, 3, 5, 6, 1
16099, 15, 5, 3, 2, 15, 0
16219, 19, 22, 20, 2, 19, 0
16220, 39, 8, 7, 1, 39, 0
16436, 26, 12, 11, 1, 26, 0
16625, 6, 4, 4, 0, 5, 1
16710, 14, 9, 7, 2, 14, 0
16714, 0, 2, 2, 0, 0, 0
16736, 19, 11, 8, 3, 19, 0
16746, 16, 13, 13, 0, 15, 1
16825, 35, 16, 16, 0, 32, 3
16867, 59, 48, 46, 2, 59, 0
17087, 34, 39, 36, 3, 33, 1
17320, 76, 13, 11, 2, 75, 1
17458, 10, 5, 4, 1, 10, 0
17532, 23, 10, 10, 0, 20, 3
17580, 2, 1, 1, 0, 2, 0
17707, 2, 3, 2, 1, 1, 1
17728, 19, 13, 13, 0, 15, 4
17758, 118, 68, 53, 15, 111, 7
17822, 12, 16, 15, 1, 12, 0
17823, 2, 1, 1, 0, 2, 0
17953, 5, 1, 1, 0, 1, 4
18055, 87, 11, 10, 1, 87, 0
18073, 1, 1, 1, 0, 0, 1
18498, 22, 19, 19, 0, 22, 0
18536, 46, 10, 9, 1, 46, 0
18594, 35, 24, 23, 1, 35, 0
18629, 3, 12, 12, 0, 3, 0
18645, 25, 11, 11, 0, 25, 0
18778, 13, 6, 6, 0, 9, 4
18833, 1, 6, 1, 5, 0, 1
18872, 6, 11, 6, 5, 6, 0
18941, 18, 5, 5, 0, 18, 0
18947, 101, 16, 15, 1, 101, 0
18953, 5, 7, 7, 0, 4, 1
18956, 24, 3, 2, 1, 24, 0
19177, 1, 3, 2, 1, 1, 0
19187, 1, 1, 1, 0, 1, 0
19379, 9, 3, 3, 0, 8, 1
19482, 11, 8, 6, 2, 11, 0
19502, 1, 5, 5, 0, 1, 0
19585, 1, 2, 2, 0, 1, 0
19732, 69, 3, 3, 0, 49, 20
19738, 2, 4, 3, 1, 0, 2
19786, 54, 45, 42, 3, 50, 4
19857, 3, 2, 2, 0, 3, 0
19993, 8, 5, 4, 1, 8, 0
20092, 36, 28, 25, 3, 26, 10
20151, 3, 13, 11, 2, 1, 2
20190, 0, 3, 1, 2, 0, 0
20217, 1, 3, 3, 0, 1, 0
20381, 4, 4, 3, 1, 4, 0
20524, 62, 26, 26, 0, 62, 0
20525, 46, 2, 2, 0, 31, 15
20695, 57, 22, 20, 2, 54, 3
20731, 2, 18, 13, 5, 1, 1
20747, 13, 7, 7, 0, 12, 1
20862, 88, 18, 17, 1, 49, 39
20895, 81, 146, 140, 6, 64, 17
20960, 1, 3, 3, 0, 1, 0
21000, 6, 6, 5, 1, 6, 0
21059, 6, 5, 5, 0, 6, 0
21065, 6, 3, 3, 0, 5, 1
21410, 4, 5, 5, 0, 4, 0
21494, 136, 35, 34, 1, 127, 9
21598, 16, 10, 10, 0, 16, 0
21633, 5, 4, 4, 0, 5, 0
21756, 7, 5, 5, 0, 7, 0
21876, 39, 7, 3, 4, 39, 0
21886, 19, 15, 11, 4, 8, 11
21898, 14, 39, 37, 2, 12, 2
21907, 31, 13, 12, 1, 30, 1
21942, 23, 14, 14, 0, 23, 0
21956, 18, 21, 16, 5, 14, 4
22017, 13, 4, 4, 0, 13, 0
22071, 3, 9, 8, 1, 3, 0
22084, 3, 2, 2, 0, 3, 0
22114, 5, 6, 5, 1, 5, 0
22136, 41, 32, 31, 1, 41, 0
22230, 2, 2, 2, 0, 2, 0
22448, 1, 6, 5, 1, 1, 0
22494, 94, 48, 47, 1, 88, 6
22552, 1, 1, 1, 0, 1, 0
22757, 0, 2, 2, 0, 0, 0
22975, 1, 2, 2, 0, 1, 0
23031, 7, 5, 5, 0, 6, 1
23035, 17, 10, 7, 3, 17, 0
23093, 5, 11, 11, 0, 4, 1
23155, 19, 48, 44, 4, 19, 0
23260, 9, 71, 6, 65, 9, 0
23512, 70, 78, 72, 6, 62, 8
23534, 9, 13, 13, 0, 9, 0
23550, 38, 6, 3, 3, 36, 2
23569, 6, 2, 2, 0, 6, 0
23597, 31, 13, 12, 1, 31, 0
23599, 29, 18, 16, 2, 27, 2
23724, 8, 10, 9, 1, 8, 0
23976, 9, 6, 4, 2, 8, 1
23998, 17, 13, 13, 0, 17, 0
24031, 62, 82, 72, 10, 61, 1
24343, 25, 51, 45, 6, 23, 2
24345, 18, 10, 9, 1, 18, 0
24486, 24, 29, 25, 4, 24, 0
24715, 17, 10, 10, 0, 17, 0
24859, 21, 17, 16, 1, 15, 6
24961, 5, 8, 7, 1, 5, 0
25048, 5, 2, 1, 1, 5, 0
25052, 0, 4, 1, 3, 0, 0
25084, 7, 5, 5, 0, 7, 0
25116, 2, 3, 3, 0, 2, 0
25122, 18, 27, 27, 0, 17, 1
25237, 0, 2, 2, 0, 0, 0
25310, 3, 3, 3, 0, 3, 0
25396, 2, 7, 6, 1, 2, 0
25415, 20, 28, 27, 1, 20, 0
25546, 11, 4, 4, 0, 8, 3
25788, 30, 10, 10, 0, 24, 6
25892, 0, 2, 2, 0, 0, 0
25919, 33, 22, 22, 0, 33, 0
26280, 3, 4, 4, 0, 3, 0
26358, 32, 13, 12, 1, 31, 1
26383, 2, 14, 14, 0, 2, 0
26414, 1, 3, 3, 0, 1, 0
26555, 4, 2, 2, 0, 3, 1
26556, 1, 2, 2, 0, 1, 0
26655, 4, 3, 3, 0, 4, 0
26895, 8, 13, 12, 1, 8, 0
27367, 137, 73, 51, 22, 74, 63
27418, 9, 11, 11, 0, 9, 0
27489, 3, 5, 5, 0, 3, 0
27528, 5, 5, 2, 3, 5, 0
27604, 19, 54, 41, 13, 17, 2
27625, 19, 13, 12, 1, 15, 4
27673, 14, 18, 18, 0, 14, 0
27755, 2, 6, 6, 0, 2, 0
28022, 8, 11, 9, 2, 5, 3
28421, 5, 6, 6, 0, 5, 0
28441, 6, 3, 1, 2, 6, 0
29008, 5, 3, 2, 1, 4, 1
29020, 1, 8, 6, 2, 1, 0
29415, 1, 1, 1, 0, 1, 0
29623, 4, 7, 5, 2, 4, 0
29735, 17, 45, 44, 1, 15, 2
29834, 5, 13, 11, 2, 3, 2
29974, 0, 4, 4, 0, 0, 0
30458, 5, 13, 12, 1, 5, 0
30542, 5, 5, 4, 1, 5, 0
30590, 23, 9, 8, 1, 21, 2
30611, 14, 13, 13, 0, 14, 0
30871, 0, 7, 6, 1, 0, 0
30995, 11, 17, 17, 0, 11, 0
31415, 0, 7, 7, 0, 0, 0
32151, 2, 3, 3, 0, 2, 0
32160, 2, 2, 2, 0, 2, 0
32397, 1, 6, 4, 2, 1, 0
32489, 28, 3, 3, 0, 28, 0
32691, 2, 5, 5, 0, 2, 0
33192, 3, 7, 6, 1, 3, 0
33208, 3, 6, 5, 1, 2, 1
33233, 3, 8, 7, 1, 3, 0
33245, 0, 8, 8, 0, 0, 0
33392, 1, 2, 2, 0, 1, 0
33415, 25, 25, 24, 1, 25, 0
33663, 17, 19, 19, 0, 17, 0
33689, 4, 7, 6, 1, 4, 0
34085, 55, 3, 3, 0, 14, 41
34120, 30, 42, 38, 4, 29, 1
34467, 32, 6, 5, 1, 32, 0
34781, 7, 3, 2, 1, 4, 3
35306, 43, 14, 8, 6, 11, 32
35717, 12, 10, 10, 0, 12, 0
35731, 19, 9, 7, 2, 18, 1
36009, 2, 3, 3, 0, 2, 0
36401, 0, 9, 8, 1, 0, 0
36574, 0, 4, 4, 0, 0, 0
36778, 4, 1, 1, 0, 4, 0
37477, 4, 8, 7, 1, 4, 0
37525, 7, 7, 7, 0, 7, 0
37645, 1, 1, 1, 0, 1, 0
37847, 2, 2, 2, 0, 2, 0
37912, 171, 61, 59, 2, 170, 1
38181, 0, 2, 2, 0, 0, 0
38960, 1, 3, 3, 0, 1, 0
39055, 12, 7, 6, 1, 11, 1
39060, 0, 2, 2, 0, 0, 0
39341, 9, 26, 22, 4, 6, 3
39554, 17, 15, 13, 2, 13, 4
39786, 12, 10, 7, 3, 12, 0
40010, 8, 7, 7, 0, 8, 0
40253, 6, 6, 6, 0, 6, 0
40461, 3, 9, 7, 2, 3, 0
40474, 0, 2, 2, 0, 0, 0
40911, 8, 3, 2, 1, 8, 0
41203, 1, 1, 1, 0, 1, 0
41371, 0, 9, 9, 0, 0, 0
41781, 1, 2, 2, 0, 1, 0
41905, 1, 6, 6, 0, 1, 0
41922, 39, 6, 6, 0, 37, 2
42072, 0, 5, 0, 5, 0, 0
42103, 19, 17, 16, 1, 18, 1
43119, 3, 9, 7, 2, 3, 0
43907, 2, 13, 10, 3, 2, 0
44187, 3, 6, 6, 0, 3, 0
44856, 2, 4, 4, 0, 0, 2
44998, 16, 15, 14, 1, 12, 4
46138, 1, 2, 2, 0, 1, 0
46240, 40, 76, 67, 9, 39, 1
46448, 0, 3, 2, 1, 0, 0
47416, 15, 4, 4, 0, 15, 0
47701, 6, 6, 5, 1, 5, 1
47816, 22, 24, 23, 1, 22, 0
47943, 0, 2, 2, 0, 0, 0
48034, 3, 5, 5, 0, 3, 0
48752, 54, 21, 21, 0, 53, 1
48823, 91, 26, 26, 0, 91, 0
49035, 111, 109, 91, 18, 76, 35
49564, 0, 35, 34, 1, 0, 0
50952, 7, 9, 8, 1, 7, 0
51416, 4, 7, 6, 1, 4, 0
52549, 2, 4, 4, 0, 1, 1
52820, 0, 4, 4, 0, 0, 0
53650, 26, 6, 6, 0, 26, 0
54113, 11, 4, 4, 0, 11, 0
56002, 0, 2, 2, 0, 0, 0
56558, 5, 14, 14, 0, 5, 0
56910, 22, 11, 11, 0, 22, 0
58164, 7, 5, 4, 1, 7, 0
58788, 53, 28, 27, 1, 53, 0
59414, 1, 6, 6, 0, 1, 0
61515, 5, 15, 15, 0, 5, 0
62001, 56, 19, 17, 2, 55, 1
62408, 2, 4, 3, 1, 1, 1
62411, 27, 10, 10, 0, 27, 0
62723, 4, 2, 2, 0, 4, 0
63118, 11, 7, 6, 1, 11, 0
63644, 9, 2, 1, 1, 8, 1
63669, 58, 12, 9, 3, 58, 0
63674, 15, 21, 18, 3, 15, 0
63722, 0, 3, 3, 0, 0, 0
63889, 0, 1, 1, 0, 0, 0
63890, 0, 2, 2, 0, 0, 0
63891, 0, 1, 1, 0, 0, 0
63892, 0, 1, 1, 0, 0, 0
63893, 0, 1, 1, 0, 0, 0
63894, 0, 1, 1, 0, 0, 0
63895, 0, 1, 1, 0, 0, 0
63896, 0, 1, 1, 0, 0, 0
63897, 0, 2, 2, 0, 0, 0
63898, 0, 1, 1, 0, 0, 0
63899, 0, 1, 1, 0, 0, 0
63900, 0, 1, 1, 0, 0, 0
63901, 0, 1, 1, 0, 0, 0
63902, 4, 4, 4, 0, 4, 0
63903, 0, 1, 1, 0, 0, 0
63904, 0, 1, 1, 0, 0, 0
63905, 1, 1, 1, 0, 1, 0
63906, 0, 1, 1, 0, 0, 0
63907, 0, 1, 1, 0, 0, 0
63908, 0, 1, 1, 0, 0, 0
63909, 0, 1, 1, 0, 0, 0
63910, 4, 6, 5, 1, 4, 0
63911, 1, 1, 1, 0, 1, 0
63912, 3, 2, 2, 0, 3, 0
63913, 1, 1, 1, 0, 1, 0
63914, 14, 9, 9, 0, 14, 0
63915, 0, 2, 2, 0, 0, 0
63916, 0, 1, 1, 0, 0, 0
63917, 0, 1, 1, 0, 0, 0
63918, 0, 3, 2, 1, 0, 0
63919, 1, 1, 1, 0, 0, 1
63920, 7, 6, 5, 1, 7, 0
63921, 0, 1, 1, 0, 0, 0
63922, 4, 1, 1, 0, 4, 0
63923, 0, 1, 1, 0, 0, 0
63924, 0, 1, 1, 0, 0, 0
63925, 0, 1, 1, 0, 0, 0
63926, 0, 1, 1, 0, 0, 0
63927, 0, 1, 1, 0, 0, 0
63928, 0, 4, 4, 0, 0, 0
63929, 0, 1, 1, 0, 0, 0
63930, 1, 1, 1, 0, 1, 0
63931, 0, 1, 1, 0, 0, 0
63932, 0, 1, 1, 0, 0, 0
63933, 0, 2, 1, 1, 0, 0
63934, 0, 1, 1, 0, 0, 0
63935, 1, 1, 1, 0, 1, 0
63936, 0, 1, 1, 0, 0, 0
63937, 0, 1, 1, 0, 0, 0
63938, 0, 1, 1, 0, 0, 0
63939, 0, 1, 1, 0, 0, 0
63940, 0, 1, 1, 0, 0, 0
63941, 0, 1, 1, 0, 0, 0
63942, 0, 1, 1, 0, 0, 0
63943, 0, 1, 1, 0, 0, 0
63944, 2, 3, 3, 0, 2, 0
63945, 0, 1, 1, 0, 0, 0
63946, 0, 1, 1, 0, 0, 0
63947, 0, 1, 1, 0, 0, 0
63948, 0, 1, 1, 0, 0, 0
63949, 0, 1, 1, 0, 0, 0
63950, 0, 1, 1, 0, 0, 0
63951, 16, 1, 1, 0, 1, 15
63952, 14, 5, 5, 0, 13, 1
63953, 0, 1, 1, 0, 0, 0
63954, 5, 7, 4, 3, 5, 0
63955, 0, 1, 1, 0, 0, 0
63956, 0, 1, 1, 0, 0, 0
63957, 0, 2, 2, 0, 0, 0
63958, 0, 1, 1, 0, 0, 0
63959, 3, 1, 1, 0, 3, 0
63960, 0, 1, 1, 0, 0, 0
63962, 0, 1, 1, 0, 0, 0
63964, 0, 1, 1, 0, 0, 0
63965, 0, 1, 1, 0, 0, 0
63966, 0, 1, 1, 0, 0, 0
63967, 1, 1, 1, 0, 1, 0
63968, 0, 2, 1, 1, 0, 0
63969, 0, 1, 1, 0, 0, 0
63970, 0, 1, 1, 0, 0, 0
63971, 0, 1, 1, 0, 0, 0
63972, 0, 1, 1, 0, 0, 0
63973, 4, 4, 1, 3, 4, 0
63974, 0, 1, 1, 0, 0, 0
63975, 13, 14, 14, 0, 13, 0
63976, 3, 10, 5, 5, 3, 0
63977, 0, 2, 2, 0, 0, 0
63978, 3, 1, 1, 0, 3, 0
63979, 1, 1, 1, 0, 0, 1
63980, 0, 1, 1, 0, 0, 0
63981, 0, 2, 1, 1, 0, 0
63982, 20, 2, 1, 1, 20, 0
63983, 0, 1, 1, 0, 0, 0
63984, 0, 1, 1, 0, 0, 0
63985, 0, 1, 1, 0, 0, 0
63986, 0, 2, 2, 0, 0, 0
63987, 0, 1, 1, 0, 0, 0
63988, 0, 1, 1, 0, 0, 0
63989, 0, 1, 1, 0, 0, 0
63990, 1, 2, 2, 0, 1, 0
63991, 1, 3, 3, 0, 0, 1
63992, 0, 1, 1, 0, 0, 0
63993, 1, 1, 1, 0, 1, 0
63994, 1, 3, 3, 0, 1, 0
63995, 0, 1, 1, 0, 0, 0
63996, 0, 1, 1, 0, 0, 0
63997, 0, 1, 1, 0, 0, 0
63998, 0, 1, 1, 0, 0, 0
63999, 0, 1, 1, 0, 0, 0
64000, 0, 1, 1, 0, 0, 0
64001, 0, 1, 1, 0, 0, 0
64002, 0, 3, 3, 0, 0, 0
64003, 9, 3, 3, 0, 9, 0
64004, 0, 2, 2, 0, 0, 0
64005, 7, 12, 11, 1, 3, 4
64006, 0, 1, 1, 0, 0, 0
64007, 0, 3, 2, 1, 0, 0
64008, 5, 4, 4, 0, 5, 0
64009, 0, 1, 1, 0, 0, 0
64010, 0, 2, 2, 0, 0, 0
67277, 21, 12, 12, 0, 19, 2
67745, 31, 47, 40, 7, 31, 0
69576, 7, 4, 4, 0, 6, 1
76334, 44, 10, 8, 2, 44, 0
77548, 2, 4, 4, 0, 2, 0
79413, 34, 23, 21, 2, 34, 0
80807, 66, 28, 23, 5, 66, 0
82382, 57, 27, 26, 1, 53, 4
91203, 3, 2, 2, 0, 3, 0
92143, 51, 12, 8, 4, 51, 0
92146, 2, 4, 4, 0, 2, 0
92847, 73, 77, 75, 2, 60, 13
93258, 21, 17, 16, 1, 21, 0
93432, 0, 1, 1, 0, 0, 0
93456, 20, 18, 14, 4, 20, 0
93483, 14, 10, 10, 0, 14, 0
93808, 2, 1, 1, 0, 2, 0
93819, 0, 1, 1, 0, 0, 0
93889, 7, 8, 3, 5, 5, 2
93934, 10, 6, 5, 1, 8, 2
93978, 4, 4, 4, 0, 4, 0
93981, 4, 9, 8, 1, 4, 0
94030, 1, 5, 5, 0, 1, 0
94158, 0, 2, 1, 1, 0, 0
94161, 2, 3, 3, 0, 1, 1
94165, 0, 24, 14, 10, 0, 0
94179, 0, 4, 4, 0, 0, 0
94187, 0, 1, 1, 0, 0, 0
94244, 1, 4, 4, 0, 1, 0
94322, 2, 1, 1, 0, 2, 0
94351, 1, 3, 3, 0, 1, 0
94358, 2, 3, 3, 0, 2, 0
94367, 12, 7, 7, 0, 12, 0
94411, 54, 20, 20, 0, 49, 5
94412, 6, 3, 3, 0, 6, 0
94516, 0, 1, 1, 0, 0, 0
94598, 6, 4, 3, 1, 6, 0
94776, 0, 1, 1, 0, 0, 0
94807, 11, 14, 13, 1, 10, 1
94969, 8, 4, 4, 0, 8, 0
94970, 2, 1, 1, 0, 2, 0
95036, 44, 13, 10, 3, 44, 0
95188, 0, 2, 2, 0, 0, 0
95198, 46, 8, 4, 4, 46, 0
95201, 0, 1, 1, 0, 0, 0
95321, 1, 2, 2, 0, 1, 0
95391, 0, 1, 1, 0, 0, 0
95392, 1, 1, 1, 0, 1, 0
95474, 3, 3, 2, 1, 3, 0
95535, 0, 1, 1, 0, 0, 0
95584, 1, 2, 1, 1, 1, 0
95827, 3, 3, 3, 0, 3, 0
95854, 29, 17, 17, 0, 29, 0
95874, 0, 3, 3, 0, 0, 0
95918, 6, 1, 1, 0, 6, 0
95979, 0, 2, 1, 1, 0, 0
96075, 4, 2, 1, 1, 4, 0
96167, 6, 2, 2, 0, 6, 0
96250, 0, 1, 1, 0, 0, 0
96251, 0, 1, 1, 0, 0, 0
96254, 0, 1, 1, 0, 0, 0
96374, 0, 3, 2, 1, 0, 0
96446, 37, 22, 18, 4, 21, 16
96560, 0, 1, 1, 0, 0, 0
96561, 0, 1, 1, 0, 0, 0
96780, 12, 13, 13, 0, 11, 1
96783, 9, 3, 3, 0, 9, 0
97099, 0, 2, 2, 0, 0, 0
97152, 0, 2, 2, 0, 0, 0
97173, 3, 12, 12, 0, 3, 0
97629, 9, 5, 5, 0, 8, 1
97889, 12, 11, 11, 0, 12, 0
98094, 35, 14, 13, 1, 35, 0
99080, 74, 22, 22, 0, 73, 1
99219, 0, 1, 1, 0, 0, 0
99280, 8, 8, 7, 1, 7, 1
99384, 0, 3, 1, 2, 0, 0
99417, 14, 5, 5, 0, 13, 1
100041, 12, 3, 3, 0, 12, 0
100193, 0, 1, 1, 0, 0, 0
100357, 0, 3, 3, 0, 0, 0
100396, 4, 15, 13, 2, 4, 0
100738, 0, 3, 3, 0, 0, 0
101154, 2, 2, 1, 1, 2, 0
101459, 0, 2, 2, 0, 0, 0
101545, 2, 3, 1, 2, 2, 0
101699, 2, 3, 3, 0, 2, 0
101806, 0, 3, 3, 0, 0, 0
102059, 0, 1, 1, 0, 0, 0
102060, 0, 1, 1, 0, 0, 0
102177, 1, 3, 3, 0, 1, 0
102383, 13, 12, 12, 0, 13, 0
102391, 8, 11, 11, 0, 8, 0
102623, 0, 1, 1, 0, 0, 0
102884, 3, 3, 2, 1, 3, 0
103219, 0, 1, 1, 0, 0, 0
103220, 0, 1, 1, 0, 0, 0
103847, 2, 2, 2, 0, 1, 1
103922, 17, 18, 12, 6, 17, 0
103941, 2, 5, 5, 0, 2, 0
104016, 7, 8, 8, 0, 7, 0
104039, 6, 1, 1, 0, 6, 0
104045, 5, 3, 3, 0, 5, 0
104114, 4, 4, 4, 0, 4, 0
104199, 2, 1, 1, 0, 2, 0
104200, 0, 2, 2, 0, 0, 0
104628, 8, 11, 4, 7, 8, 0
104716, 0, 1, 1, 0, 0, 0
104789, 11, 11, 9, 2, 10, 1
105298, 2, 1, 1, 0, 2, 0
105521, 0, 1, 1, 0, 0, 0
105522, 6, 2, 2, 0, 6, 0
105703, 4, 4, 4, 0, 4, 0
105704, 9, 3, 2, 1, 5, 4
106172, 26, 4, 3, 1, 26, 0
106476, 0, 2, 2, 0, 0, 0
106704, 0, 2, 2, 0, 0, 0
106746, 1, 3, 2, 1, 1, 0
106838, 0, 2, 2, 0, 0, 0
106920, 6, 2, 2, 0, 6, 0
107059, 4, 2, 2, 0, 3, 1
107199, 0, 1, 1, 0, 0, 0
108618, 20, 40, 35, 5, 19, 1
108749, 8, 7, 3, 4, 8, 0
108782, 0, 1, 1, 0, 0, 0
108892, 0, 4, 2, 2, 0, 0
109120, 3, 2, 1, 1, 3, 0
109123, 0, 1, 1, 0, 0, 0
109281, 4, 6, 3, 3, 4, 0
109566, 13, 23, 22, 1, 13, 0
109580, 1, 5, 5, 0, 1, 0
109606, 1, 2, 2, 0, 1, 0
109997, 2, 1, 1, 0, 2, 0
110040, 1, 2, 2, 0, 1, 0
110374, 0, 1, 1, 0, 0, 0
110890, 0, 1, 1, 0, 0, 0
110958, 4, 2, 2, 0, 4, 0
110967, 0, 2, 2, 0, 0, 0
111386, 7, 4, 4, 0, 7, 0
111715, 0, 1, 1, 0, 0, 0
111751, 1, 5, 3, 2, 1, 0
111800, 0, 1, 1, 0, 0, 0
111802, 2, 1, 1, 0, 2, 0
111825, 2, 3, 2, 1, 2, 0
111840, 0, 3, 3, 0, 0, 0
111937, 0, 2, 2, 0, 0, 0
354, 1, 0, 0, 0, 1, 0
355, 1, 0, 0, 0, 1, 0
3287, 45, 50, 49, 1, 40, 5
3436, 30, 77, 71, 6, 18, 12
3911, 61, 48, 46, 2, 59, 2
6889, 34, 49, 46, 3, 34, 0
11441, 71, 16, 15, 1, 10, 61
12819, 64, 64, 59, 5, 54, 10
13763, 25, 46, 42, 4, 23, 2
18147, 70, 28, 27, 1, 70, 0
18256, 70, 34, 34, 0, 70, 0
25971, 1, 1, 1, 0, 1, 0
31325, 1, 1, 1, 0, 1, 0
34701, 1, 1, 1, 0, 1, 0
34746, 1, 1, 1, 0, 1, 0
34788, 1, 1, 1, 0, 1, 0
35276, 1, 1, 1, 0, 1, 0
37678, 1, 1, 1, 0, 1, 0
105844, 4, 2, 2, 0, 4, 0
112838, 5, 3, 3, 0, 5, 0
357, 1, 0, 0, 0, 1, 0
358, 1, 0, 0, 0, 1, 0
359, 1, 0, 0, 0, 1, 0
8629, 50, 130, 127, 3, 47, 3
14793, 5, 9, 4, 5, 3, 2
17076, 13, 16, 16, 0, 13, 0
33929, 21, 27, 27, 0, 21, 0
35190, 3, 21, 11, 10, 2, 1
47147, 33, 31, 20, 11, 32, 1
47501, 0, 25, 1, 24, 0, 0
82396, 0, 53, 2, 51, 0, 0
99488, 0, 3, 0, 3, 0, 0
105410, 0, 2, 0, 2, 0, 0
107566, 1, 34, 1, 33, 1, 0
108076, 0, 21, 0, 21, 0, 0
110843, 2, 38, 1, 37, 2, 0
122970, 25, 44, 43, 1, 22, 3
362, 4, 0, 0, 0, 4, 0
732, 68, 13, 11, 2, 59, 9
2191, 77, 66, 54, 12, 72, 5
10333, 3, 7, 3, 4, 3, 0
19318, 1, 25, 1, 24, 1, 0
23026, 10, 4, 0, 4, 9, 1
23294, 0, 5, 0, 5, 0, 0
24921, 6, 7, 3, 4, 3, 3
24929, 1, 16, 0, 16, 1, 0
30436, 3, 7, 0, 7, 2, 1
32400, 0, 10, 0, 10, 0, 0
37255, 0, 5, 0, 5, 0, 0
38554, 2, 50, 3, 47, 0, 2
38555, 12, 34, 6, 28, 12, 0
39883, 2, 39, 1, 38, 1, 1
39956, 0, 43, 1, 42, 0, 0
40043, 4, 15, 4, 11, 3, 1
42190, 0, 16, 0, 16, 0, 0
42786, 0, 6, 0, 6, 0, 0
43201, 8, 8, 7, 1, 8, 0
44848, 0, 4, 0, 4, 0, 0
46213, 0, 4, 0, 4, 0, 0
46457, 0, 4, 0, 4, 0, 0
46489, 279, 45, 11, 34, 279, 0
47672, 0, 5, 0, 5, 0, 0
49372, 0, 6, 0, 6, 0, 0
49409, 0, 7, 0, 7, 0, 0
49419, 0, 8, 1, 7, 0, 0
51215, 0, 5, 0, 5, 0, 0
55572, 29, 18, 7, 11, 29, 0
56263, 2, 26, 5, 21, 2, 0
57211, 1, 13, 3, 10, 1, 0
59518, 0, 7, 0, 7, 0, 0
63829, 3, 4, 3, 1, 3, 0
66470, 39, 65, 43, 22, 32, 7
67018, 10, 19, 17, 2, 10, 0
82404, 2, 8, 1, 7, 2, 0
92245, 0, 1, 0, 1, 0, 0
92246, 0, 1, 0, 1, 0, 0
92247, 0, 1, 0, 1, 0, 0
92248, 0, 1, 0, 1, 0, 0
92249, 0, 1, 0, 1, 0, 0
106019, 39, 17, 13, 4, 39, 0
108191, 9, 2, 0, 2, 9, 0
109706, 17, 2, 0, 2, 17, 0
110023, 0, 13, 0, 13, 0, 0
115136, 13, 21, 14, 7, 12, 1
121726, 0, 1, 0, 1, 0, 0
124466, 5, 2, 1, 1, 5, 0
129697, 0, 1, 0, 1, 0, 0
130807, 0, 7, 0, 7, 0, 0
6499, 22, 22, 21, 1, 21, 1
10854, 71, 9, 9, 0, 10, 61
13715, 10, 15, 15, 0, 10, 0
18918, 15, 34, 6, 28, 12, 3
27723, 4, 2, 2, 0, 4, 0
97169, 11, 14, 14, 0, 9, 2
2488, 1, 3, 1, 2, 1, 0
2674, 1, 3, 0, 3, 1, 0
2727, 2, 3, 0, 3, 2, 0
2753, 1, 1, 0, 1, 1, 0
3578, 10, 12, 12, 0, 9, 1
6422, 24, 25, 23, 2, 22, 2
6438, 19, 18, 17, 1, 19, 0
9717, 37, 47, 45, 2, 34, 3
10565, 16, 22, 21, 1, 16, 0
10614, 16, 22, 21, 1, 16, 0
10788, 0, 8, 0, 8, 0, 0
11204, 1, 2, 0, 2, 1, 0
12058, 1, 45, 3, 42, 1, 0
13094, 8, 15, 13, 2, 4, 4
13776, 1, 1, 0, 1, 1, 0
14766, 29, 23, 22, 1, 28, 1
16777, 22, 4, 3, 1, 18, 4
17035, 43, 30, 27, 3, 43, 0
17920, 0, 4, 0, 4, 0, 0
18357, 1, 2, 1, 1, 0, 1
19567, 18, 23, 20, 3, 18, 0
19660, 20, 17, 16, 1, 15, 5
19733, 34, 86, 81, 5, 23, 11
20518, 40, 31, 16, 15, 18, 22
20769, 35, 32, 24, 8, 20, 15
21007, 18, 16, 14, 2, 17, 1
22281, 1, 2, 0, 2, 1, 0
22653, 31, 11, 10, 1, 31, 0
22905, 0, 13, 0, 13, 0, 0
23666, 10, 29, 8, 21, 9, 1
25082, 26, 13, 6, 7, 25, 1
26379, 11, 3, 1, 2, 7, 4
26380, 32, 45, 45, 0, 32, 0
29033, 1, 12, 3, 9, 1, 0
30387, 8, 12, 8, 4, 6, 2
30925, 0, 4, 0, 4, 0, 0
34420, 12, 5, 4, 1, 11, 1
36331, 0, 7, 0, 7, 0, 0
36414, 5, 9, 8, 1, 5, 0
36811, 5, 5, 5, 0, 4, 1
36917, 4, 4, 4, 0, 4, 0
37254, 0, 2, 0, 2, 0, 0
37256, 43, 15, 14, 1, 42, 1
37257, 2, 1, 0, 1, 0, 2
37258, 0, 2, 0, 2, 0, 0
37259, 0, 2, 0, 2, 0, 0
37260, 0, 3, 0, 3, 0, 0
37261, 0, 2, 0, 2, 0, 0
37488, 2, 5, 2, 3, 2, 0
38275, 2, 1, 0, 1, 2, 0
54092, 5, 16, 6, 10, 5, 0
63018, 3, 6, 4, 2, 3, 0
63697, 65, 68, 51, 17, 53, 12
79405, 62, 65, 62, 3, 61, 1
94691, 7, 8, 8, 0, 7, 0
95079, 1, 4, 1, 3, 0, 1
95111, 0, 1, 0, 1, 0, 0
95146, 0, 1, 0, 1, 0, 0
95316, 5, 5, 4, 1, 5, 0
96375, 40, 52, 49, 3, 40, 0
96993, 0, 1, 0, 1, 0, 0
97673, 4, 16, 6, 10, 4, 0
97809, 2, 4, 3, 1, 2, 0
99190, 42, 14, 5, 9, 42, 0
99616, 0, 5, 2, 3, 0, 0
99940, 17, 16, 15, 1, 17, 0
100272, 31, 17, 15, 2, 31, 0
101399, 0, 2, 1, 1, 0, 0
102417, 0, 1, 0, 1, 0, 0
102789, 5, 6, 0, 6, 3, 2
103914, 6, 9, 9, 0, 6, 0
106069, 3, 1, 0, 1, 2, 1
106364, 0, 2, 0, 2, 0, 0
106750, 17, 14, 11, 3, 17, 0
107134, 0, 1, 0, 1, 0, 0
107254, 0, 3, 1, 2, 0, 0
121733, 4, 3, 3, 0, 4, 0
129965, 30, 27, 24, 3, 30, 0
130895, 12, 14, 14, 0, 12, 0
131123, 31, 20, 19, 1, 31, 0
1496, 15, 88, 83, 5, 5, 10
1786, 83, 124, 117, 7, 61, 22
2217, 96, 105, 102, 3, 60, 36
2403, 58, 97, 95, 2, 44, 14
3005, 1, 11, 0, 11, 0, 1
3946, 27, 25, 24, 1, 27, 0
5738, 41, 89, 85, 4, 37, 4
6152, 1, 22, 3, 19, 1, 0
6823, 23, 15, 15, 0, 23, 0
7183, 246, 78, 73, 5, 245, 1
8079, 21, 32, 32, 0, 21, 0
8547, 40, 38, 37, 1, 28, 12
9112, 2, 6, 6, 0, 2, 0
9284, 21, 12, 10, 2, 21, 0
10641, 16, 16, 16, 0, 16, 0
10662, 1, 8, 0, 8, 1, 0
10934, 46, 24, 20, 4, 34, 12
11314, 4, 6, 6, 0, 3, 1
12000, 66, 62, 62, 0, 44, 22
12305, 14, 11, 10, 1, 13, 1
12725, 2, 40, 2, 38, 2, 0
13409, 38, 45, 41, 4, 38, 0
14207, 0, 6, 0, 6, 0, 0
14208, 0, 6, 0, 6, 0, 0
15528, 49, 22, 20, 2, 47, 2
17189, 0, 3, 1, 2, 0, 0
17537, 5, 5, 5, 0, 5, 0
17561, 0, 7, 0, 7, 0, 0
17925, 0, 8, 0, 8, 0, 0
18180, 6, 18, 10, 8, 4, 2
18217, 0, 3, 0, 3, 0, 0
18838, 1, 3, 0, 3, 1, 0
19245, 0, 6, 0, 6, 0, 0
19246, 0, 4, 0, 4, 0, 0
19951, 0, 4, 0, 4, 0, 0
20212, 0, 7, 0, 7, 0, 0
20213, 0, 5, 0, 5, 0, 0
20436, 0, 2, 0, 2, 0, 0
21880, 107, 39, 32, 7, 3, 104
22517, 45, 21, 21, 0, 40, 5
22595, 1, 8, 0, 8, 1, 0
22662, 0, 3, 0, 3, 0, 0
24237, 20, 13, 12, 1, 17, 3
24261, 64, 59, 58, 1, 64, 0
24490, 1, 62, 61, 1, 1, 0
24549, 63, 37, 35, 2, 33, 30
24932, 0, 2, 0, 2, 0, 0
24933, 0, 2, 0, 2, 0, 0
25049, 71, 43, 42, 1, 65, 6
25272, 0, 7, 0, 7, 0, 0
26325, 94, 38, 38, 0, 94, 0
26401, 0, 5, 0, 5, 0, 0
27579, 8, 8, 8, 0, 7, 1
29179, 11, 13, 13, 0, 11, 0
29236, 8, 13, 13, 0, 7, 1
30873, 10, 16, 15, 1, 10, 0
30883, 38, 22, 22, 0, 34, 4
30926, 0, 3, 0, 3, 0, 0
34138, 16, 13, 13, 0, 3, 13
36475, 0, 3, 0, 3, 0, 0
37753, 0, 3, 0, 3, 0, 0
38070, 6, 8, 2, 6, 6, 0
38117, 0, 8, 0, 8, 0, 0
38252, 1, 1, 0, 1, 1, 0
38391, 38, 79, 75, 4, 32, 6
40682, 0, 12, 1, 11, 0, 0
41822, 2, 6, 0, 6, 2, 0
42519, 0, 4, 0, 4, 0, 0
43806, 0, 3, 0, 3, 0, 0
43807, 0, 9, 0, 9, 0, 0
45068, 0, 12, 0, 12, 0, 0
45075, 4, 56, 2, 54, 4, 0
46076, 31, 21, 19, 2, 31, 0
46214, 0, 4, 0, 4, 0, 0
49579, 0, 4, 0, 4, 0, 0
49646, 0, 13, 1, 12, 0, 0
50995, 28, 28, 28, 0, 28, 0
52175, 1, 9, 1, 8, 0, 1
52371, 1, 1, 1, 0, 0, 1
53204, 2, 5, 5, 0, 2, 0
56494, 22, 7, 3, 4, 22, 0
56951, 0, 6, 0, 6, 0, 0
57489, 6, 3, 1, 2, 6, 0
58184, 6, 8, 8, 0, 6, 0
58235, 29, 17, 16, 1, 29, 0
60305, 0, 2, 0, 2, 0, 0
60556, 0, 71, 51, 20, 0, 0
61455, 0, 2, 0, 2, 0, 0
62111, 0, 9, 0, 9, 0, 0
63555, 0, 5, 0, 5, 0, 0
64672, 0, 5, 0, 5, 0, 0
67826, 8, 9, 9, 0, 7, 1
70458, 0, 5, 0, 5, 0, 0
73434, 0, 2, 0, 2, 0, 0
76007, 0, 3, 0, 3, 0, 0
76744, 0, 3, 0, 3, 0, 0
79121, 0, 8, 0, 8, 0, 0
79124, 0, 2, 0, 2, 0, 0
79128, 0, 3, 0, 3, 0, 0
85544, 0, 2, 0, 2, 0, 0
91096, 1, 1, 1, 0, 1, 0
92167, 1, 20, 3, 17, 1, 0
93082, 0, 2, 0, 2, 0, 0
93083, 0, 1, 0, 1, 0, 0
95622, 6, 10, 10, 0, 6, 0
96424, 230, 14, 10, 4, 224, 6
100307, 0, 3, 0, 3, 0, 0
102021, 1, 7, 0, 7, 1, 0
104313, 18, 15, 13, 2, 17, 1
104750, 15, 18, 16, 2, 12, 3
105764, 5, 8, 7, 1, 5, 0
108269, 20, 51, 40, 11, 20, 0
109355, 2, 6, 4, 2, 2, 0
109605, 1, 6, 6, 0, 1, 0
111867, 10, 26, 24, 2, 10, 0
113126, 43, 20, 20, 0, 42, 1
119300, 11, 10, 10, 0, 11, 0
119391, 11, 11, 7, 4, 11, 0
123299, 4, 2, 2, 0, 4, 0
125239, 0, 4, 3, 1, 0, 0
125823, 0, 3, 3, 0, 0, 0
128120, 15, 13, 12, 1, 15, 0
130697, 0, 4, 4, 0, 0, 0
367, 1, 0, 0, 0, 1, 0
1420, 406, 150, 147, 3, 393, 13
10625, 19, 15, 15, 0, 18, 1
12178, 29, 14, 11, 3, 29, 0
17692, 42, 36, 36, 0, 40, 2
19817, 2, 10, 7, 3, 2, 0
23188, 0, 4, 4, 0, 0, 0
25649, 74, 64, 64, 0, 52, 22
27178, 34, 29, 24, 5, 34, 0
28353, 3, 3, 3, 0, 3, 0
39090, 1, 6, 6, 0, 1, 0
50089, 14, 9, 7, 2, 10, 4
68054, 3, 7, 7, 0, 3, 0
70923, 1, 1, 1, 0, 1, 0
111946, 22, 11, 11, 0, 19, 3
369, 1, 0, 0, 0, 1, 0
105905, 0, 37, 0, 37, 0, 0
371, 1, 0, 0, 0, 1, 0
372, 30, 126, 117, 9, 3, 27
32751, 0, 4, 0, 4, 0, 0
32752, 0, 2, 0, 2, 0, 0
33765, 211, 68, 50, 18, 203, 8
37854, 1, 17, 0, 17, 1, 0
40815, 4, 34, 3, 31, 4, 0
40891, 0, 11, 5, 6, 0, 0
41442, 3, 5, 1, 4, 3, 0
41443, 2, 8, 4, 4, 2, 0
41444, 2, 11, 5, 6, 2, 0
41445, 2, 13, 6, 7, 2, 0
41673, 0, 5, 1, 4, 0, 0
41689, 1, 22, 3, 19, 1, 0
43072, 40, 22, 6, 16, 39, 1
43170, 0, 13, 1, 12, 0, 0
43735, 1, 9, 0, 9, 1, 0
49302, 0, 7, 0, 7, 0, 0
51512, 0, 5, 0, 5, 0, 0
52343, 0, 5, 0, 5, 0, 0
53868, 0, 15, 0, 15, 0, 0
58183, 0, 3, 0, 3, 0, 0
76620, 0, 1, 0, 1, 0, 0
76621, 0, 1, 0, 1, 0, 0
373, 1, 0, 0, 0, 0, 1
374, 11, 5, 4, 1, 10, 1
5875, 69, 101, 99, 2, 68, 1
6899, 3, 18, 18, 0, 3, 0
24292, 1, 1, 0, 1, 1, 0
52816, 14, 8, 8, 0, 14, 0
375, 2, 2, 2, 0, 2, 0
95661, 3, 1, 1, 0, 3, 0
2314, 34, 15, 15, 0, 25, 9
3048, 12, 21, 18, 3, 12, 0
3049, 20, 14, 14, 0, 20, 0
3050, 18, 19, 19, 0, 18, 0
3052, 14, 16, 14, 2, 14, 0
3053, 5, 9, 8, 1, 5, 0
6734, 30, 10, 10, 0, 30, 0
7935, 7, 14, 9, 5, 6, 1
14881, 6, 7, 6, 1, 6, 0
15028, 20, 11, 10, 1, 20, 0
15029, 2, 3, 3, 0, 2, 0
16323, 11, 5, 5, 0, 11, 0
28529, 71, 78, 78, 0, 50, 21
30459, 79, 74, 74, 0, 76, 3
31841, 22, 15, 14, 1, 22, 0
31908, 1, 2, 2, 0, 1, 0
32128, 74, 28, 28, 0, 47, 27
36559, 2, 3, 2, 1, 2, 0
37318, 1, 1, 1, 0, 1, 0
39885, 1, 3, 3, 0, 1, 0
68426, 11, 5, 5, 0, 11, 0
74464, 0, 1, 1, 0, 0, 0
74465, 0, 1, 1, 0, 0, 0
74466, 0, 1, 1, 0, 0, 0
102665, 29, 21, 21, 0, 29, 0
377, 1, 0, 0, 0, 1, 0
378, 1, 1, 1, 0, 0, 1
85599, 8, 3, 2, 1, 8, 0
379, 1, 0, 0, 0, 1, 0
380, 0, 1, 1, 0, 0, 0
381, 1, 0, 0, 0, 1, 0
726, 23, 4, 3, 1, 23, 0
1826, 40, 30, 29, 1, 34, 6
1949, 63, 89, 75, 14, 62, 1
2637, 70, 81, 69, 12, 69, 1
3292, 13, 21, 13, 8, 11, 2
4023, 32, 80, 77, 3, 29, 3
4162, 10, 13, 4, 9, 7, 3
4168, 104, 58, 55, 3, 101, 3
5583, 1, 1, 1, 0, 1, 0
5903, 102, 87, 77, 10, 19, 83
6079, 65, 37, 35, 2, 52, 13
6824, 20, 26, 12, 14, 20, 0
7253, 21, 26, 25, 1, 21, 0
7558, 107, 28, 19, 9, 102, 5
7669, 52, 41, 39, 2, 52, 0
8130, 2, 2, 2, 0, 2, 0
8187, 0, 13, 0, 13, 0, 0
10138, 1, 1, 0, 1, 1, 0
10665, 2, 3, 2, 1, 2, 0
10722, 104, 68, 50, 18, 85, 19
12186, 0, 9, 1, 8, 0, 0
12773, 15, 13, 11, 2, 15, 0
13495, 5, 9, 5, 4, 5, 0
15664, 3, 7, 1, 6, 3, 0
16407, 44, 36, 19, 17, 29, 15
17259, 9, 13, 12, 1, 8, 1
17633, 1, 1, 1, 0, 1, 0
19203, 2, 5, 4, 1, 2, 0
19329, 3, 13, 1, 12, 3, 0
19775, 5, 1, 0, 1, 4, 1
19777, 2, 10, 4, 6, 2, 0
20193, 78, 56, 56, 0, 72, 6
20482, 3, 2, 1, 1, 1, 2
20684, 10, 11, 8, 3, 10, 0
21323, 4, 5, 3, 2, 4, 0
21959, 12, 8, 7, 1, 12, 0
22370, 17, 9, 2, 7, 7, 10
23322, 0, 8, 0, 8, 0, 0
23697, 1, 2, 1, 1, 1, 0
24434, 26, 31, 27, 4, 19, 7
24722, 3, 22, 21, 1, 3, 0
24919, 0, 2, 0, 2, 0, 0
25006, 2, 2, 0, 2, 2, 0
26922, 3, 5, 3, 2, 3, 0
27140, 0, 2, 2, 0, 0, 0
27470, 1, 2, 1, 1, 1, 0
28556, 1, 1, 1, 0, 1, 0
28663, 104, 64, 63, 1, 103, 1
29106, 1, 1, 0, 1, 1, 0
30569, 1, 2, 0, 2, 1, 0
30570, 0, 28, 1, 27, 0, 0
31742, 0, 9, 0, 9, 0, 0
31743, 0, 9, 0, 9, 0, 0
32813, 0, 7, 3, 4, 0, 0
33884, 4, 5, 2, 3, 4, 0
35400, 9, 5, 5, 0, 8, 1
35424, 0, 9, 0, 9, 0, 0
35521, 4, 14, 12, 2, 4, 0
37705, 1, 2, 1, 1, 1, 0
37752, 0, 3, 0, 3, 0, 0
40923, 1, 1, 1, 0, 1, 0
42683, 0, 13, 2, 11, 0, 0
43235, 2, 3, 0, 3, 2, 0
43296, 5, 7, 4, 3, 5, 0
43958, 1, 4, 1, 3, 1, 0
44279, 0, 3, 0, 3, 0, 0
44493, 0, 36, 3, 33, 0, 0
44760, 230, 169, 164, 5, 230, 0
44807, 41, 31, 28, 3, 39, 2
46531, 1, 3, 0, 3, 1, 0
47120, 1, 4, 3, 1, 1, 0
47388, 13, 5, 2, 3, 2, 11
49697, 4, 29, 4, 25, 4, 0
49827, 15, 16, 7, 9, 15, 0
50274, 25, 9, 8, 1, 25, 0
52537, 0, 47, 0, 47, 0, 0
54876, 1, 1, 0, 1, 0, 1
57863, 18, 19, 18, 1, 18, 0
63553, 0, 5, 0, 5, 0, 0
66104, 0, 2, 0, 2, 0, 0
66108, 0, 2, 0, 2, 0, 0
66109, 0, 2, 0, 2, 0, 0
68207, 0, 2, 0, 2, 0, 0
69238, 10, 10, 8, 2, 9, 1
71550, 7, 10, 9, 1, 7, 0
74799, 1, 1, 0, 1, 1, 0
79760, 2, 4, 0, 4, 2, 0
84948, 1, 3, 2, 1, 1, 0
89955, 0, 2, 0, 2, 0, 0
92946, 0, 1, 0, 1, 0, 0
92947, 0, 1, 0, 1, 0, 0
92948, 0, 1, 0, 1, 0, 0
92949, 0, 1, 0, 1, 0, 0
92950, 0, 1, 0, 1, 0, 0
94681, 8, 2, 1, 1, 8, 0
95470, 6, 2, 1, 1, 4, 2
97814, 0, 1, 0, 1, 0, 0
97965, 19, 32, 31, 1, 18, 1
98970, 0, 5, 3, 2, 0, 0
101980, 28, 25, 22, 3, 26, 2
102016, 4, 3, 3, 0, 4, 0
102525, 0, 2, 0, 2, 0, 0
103078, 0, 1, 0, 1, 0, 0
103567, 2, 1, 0, 1, 2, 0
103852, 0, 1, 0, 1, 0, 0
103893, 0, 1, 0, 1, 0, 0
104930, 1, 1, 0, 1, 1, 0
105039, 0, 1, 0, 1, 0, 0
105623, 1, 1, 0, 1, 1, 0
105953, 35, 9, 7, 2, 35, 0
106097, 0, 6, 1, 5, 0, 0
106184, 0, 1, 0, 1, 0, 0
106363, 1, 1, 0, 1, 1, 0
107001, 4, 8, 6, 2, 2, 2
107475, 0, 1, 0, 1, 0, 0
107476, 0, 1, 0, 1, 0, 0
107482, 0, 1, 0, 1, 0, 0
107523, 0, 2, 0, 2, 0, 0
110557, 1, 2, 0, 2, 1, 0
111004, 3, 4, 1, 3, 3, 0
111650, 1, 2, 0, 2, 1, 0
112284, 0, 2, 0, 2, 0, 0
128247, 13, 6, 4, 2, 13, 0
383, 1, 0, 0, 0, 1, 0
384, 0, 1, 1, 0, 0, 0
385, 2, 1, 0, 1, 2, 0
63647, 4, 7, 5, 2, 4, 0
32725, 8, 24, 9, 15, 5, 3
387, 1, 0, 0, 0, 1, 0
388, 0, 1, 1, 0, 0, 0
389, 1, 0, 0, 0, 1, 0
390, 1, 0, 0, 0, 1, 0
14828, 74, 51, 49, 2, 61, 13
16147, 56, 48, 44, 4, 54, 2
20993, 6, 19, 15, 4, 6, 0
82486, 0, 2, 1, 1, 0, 0
92267, 0, 1, 1, 0, 0, 0
393, 2, 2, 2, 0, 2, 0
3934, 5, 5, 5, 0, 5, 0
29961, 5, 11, 11, 0, 4, 1
394, 1, 1, 1, 0, 1, 0
395, 7, 9, 7, 2, 7, 0
10438, 5, 5, 4, 1, 4, 1
10439, 2, 4, 4, 0, 2, 0
399, 2, 2, 2, 0, 2, 0
400, 140, 110, 109, 1, 140, 0
591, 44, 37, 37, 0, 44, 0
2017, 27, 11, 9, 2, 27, 0
3542, 58, 53, 51, 2, 46, 12
3853, 30, 27, 26, 1, 30, 0
3893, 50, 87, 87, 0, 50, 0
4184, 41, 57, 56, 1, 38, 3
4195, 155, 148, 144, 4, 92, 63
5501, 38, 36, 34, 2, 38, 0
9962, 26, 30, 30, 0, 26, 0
10361, 49, 26, 22, 4, 42, 7
10494, 2, 2, 2, 0, 2, 0
11477, 66, 74, 54, 20, 52, 14
11589, 30, 16, 16, 0, 30, 0
11611, 9, 13, 13, 0, 9, 0
11789, 68, 83, 83, 0, 68, 0
11796, 76, 114, 114, 0, 76, 0
11878, 64, 34, 34, 0, 62, 2
11879, 0, 14, 14, 0, 0, 0
11880, 6, 29, 29, 0, 4, 2
12612, 76, 124, 121, 3, 55, 21
14091, 21, 18, 15, 3, 21, 0
16765, 32, 22, 22, 0, 21, 11
18105, 66, 66, 66, 0, 60, 6
20930, 63, 71, 69, 2, 62, 1
20996, 15, 6, 6, 0, 15, 0
21639, 254, 69, 40, 29, 245, 9
24183, 7, 54, 34, 20, 7, 0
25751, 0, 60, 58, 2, 0, 0
26863, 50, 76, 73, 3, 30, 20
31493, 22, 9, 9, 0, 19, 3
33056, 16, 40, 36, 4, 14, 2
33091, 45, 34, 32, 2, 42, 3
33185, 73, 30, 30, 0, 72, 1
34070, 82, 35, 34, 1, 22, 60
40361, 21, 27, 27, 0, 21, 0
40749, 38, 28, 27, 1, 38, 0
41950, 41, 52, 51, 1, 39, 2
42608, 16, 13, 12, 1, 16, 0
42942, 1, 3, 3, 0, 1, 0
43520, 23, 10, 10, 0, 23, 0
44310, 73, 15, 9, 6, 73, 0
44320, 36, 15, 14, 1, 36, 0
44682, 9, 4, 4, 0, 9, 0
45383, 30, 21, 20, 1, 30, 0
45453, 18, 20, 20, 0, 18, 0
46425, 28, 37, 35, 2, 22, 6
51163, 72, 47, 47, 0, 72, 0
54423, 9, 13, 11, 2, 5, 4
55335, 9, 10, 9, 1, 9, 0
56511, 14, 12, 6, 6, 14, 0
56581, 43, 14, 14, 0, 43, 0
56867, 45, 45, 45, 0, 45, 0
58107, 12, 9, 9, 0, 8, 4
58935, 4, 7, 7, 0, 1, 3
59528, 0, 2, 2, 0, 0, 0
59952, 22, 20, 20, 0, 22, 0
61889, 31, 15, 11, 4, 31, 0
64813, 2, 1, 1, 0, 2, 0
65654, 12, 19, 19, 0, 12, 0
65658, 14, 14, 14, 0, 13, 1
65660, 13, 16, 16, 0, 13, 0
65915, 1, 1, 1, 0, 1, 0
68666, 0, 1, 1, 0, 0, 0
68667, 0, 1, 1, 0, 0, 0
401, 1, 0, 0, 0, 1, 0
402, 1, 0, 0, 0, 1, 0
403, 8, 3, 3, 0, 5, 3
405, 1, 2, 2, 0, 1, 0
2558, 1, 1, 0, 1, 0, 1
2559, 11, 5, 5, 0, 11, 0
404, 2, 0, 0, 0, 2, 0
54795, 4, 3, 3, 0, 3, 1
406, 2, 0, 0, 0, 1, 1
407, 157, 42, 39, 3, 156, 1
1461, 174, 159, 148, 11, 101, 73
1586, 13, 120, 120, 0, 13, 0
1813, 26, 132, 129, 3, 24, 2
2155, 6, 50, 49, 1, 6, 0
2184, 212, 55, 53, 2, 212, 0
2216, 16, 94, 91, 3, 15, 1
3613, 10, 247, 243, 4, 9, 1
3764, 10, 106, 103, 3, 6, 4
3793, 3, 42, 38, 4, 2, 1
3933, 17, 60, 60, 0, 17, 0
3991, 52, 141, 137, 4, 48, 4
4000, 91, 227, 205, 22, 77, 14
5743, 8, 97, 96, 1, 8, 0
8655, 0, 12, 11, 1, 0, 0
8699, 71, 36, 36, 0, 71, 0
10505, 61, 121, 121, 0, 61, 0
11635, 466, 49, 41, 8, 466, 0
11668, 9, 60, 59, 1, 9, 0
12337, 45, 71, 64, 7, 41, 4
12806, 121, 294, 286, 8, 86, 35
13147, 36, 137, 123, 14, 23, 13
13364, 29, 185, 177, 8, 27, 2
15666, 40, 102, 101, 1, 34, 6
18354, 34, 81, 73, 8, 30, 4
19130, 42, 138, 137, 1, 37, 5
19877, 48, 67, 66, 1, 48, 0
20600, 3, 24, 23, 1, 3, 0
21199, 96, 63, 63, 0, 96, 0
22292, 2, 44, 43, 1, 2, 0
24489, 117, 40, 40, 0, 117, 0
24498, 61, 57, 56, 1, 61, 0
24502, 8, 26, 26, 0, 8, 0
24569, 97, 32, 30, 2, 97, 0
24600, 73, 92, 91, 1, 73, 0
24623, 15, 35, 32, 3, 12, 3
24625, 11, 34, 33, 1, 9, 2
24626, 0, 49, 48, 1, 0, 0
26295, 5, 16, 16, 0, 5, 0
26576, 2, 9, 9, 0, 2, 0
26582, 32, 161, 160, 1, 32, 0
26653, 9, 12, 12, 0, 9, 0
27406, 19, 111, 111, 0, 19, 0
27837, 18, 29, 28, 1, 17, 1
30363, 16, 18, 16, 2, 13, 3
34357, 5, 9, 8, 1, 5, 0
37986, 3, 26, 25, 1, 3, 0
39141, 13, 60, 56, 4, 13, 0
41272, 3, 21, 21, 0, 3, 0
42120, 18, 21, 20, 1, 18, 0
43664, 1, 8, 8, 0, 1, 0
44867, 7, 10, 10, 0, 7, 0
46061, 4, 16, 16, 0, 4, 0
47131, 0, 96, 86, 10, 0, 0
47301, 52, 22, 22, 0, 33, 19
47931, 0, 85, 84, 1, 0, 0
48296, 11, 2, 2, 0, 6, 5
52771, 26, 16, 15, 1, 24, 2
53513, 15, 63, 60, 3, 15, 0
56206, 59, 41, 40, 1, 59, 0
56579, 34, 26, 26, 0, 34, 0
56812, 2, 8, 7, 1, 2, 0
58456, 19, 11, 10, 1, 19, 0
59308, 6, 8, 8, 0, 6, 0
60747, 1, 26, 26, 0, 1, 0
60811, 1, 8, 8, 0, 1, 0
70608, 5, 14, 14, 0, 5, 0
71402, 12, 19, 19, 0, 12, 0
73145, 4, 7, 7, 0, 4, 0
75307, 1, 6, 6, 0, 1, 0
76592, 2, 5, 5, 0, 2, 0
78213, 17, 4, 4, 0, 17, 0
81056, 1, 4, 1, 3, 1, 0
82651, 1, 7, 7, 0, 1, 0
83701, 0, 2, 2, 0, 0, 0
87479, 2, 1, 1, 0, 2, 0
87480, 1, 2, 2, 0, 1, 0
87629, 1, 2, 2, 0, 1, 0
87630, 1, 3, 3, 0, 1, 0
87631, 2, 3, 3, 0, 2, 0
87632, 1, 1, 1, 0, 1, 0
87633, 1, 1, 1, 0, 1, 0
87634, 0, 1, 1, 0, 0, 0
3458, 29, 25, 24, 1, 27, 2
3961, 4, 31, 29, 2, 4, 0
12847, 28, 15, 13, 2, 27, 1
16805, 62, 36, 35, 1, 41, 21
18275, 2, 3, 3, 0, 2, 0
19762, 9, 8, 8, 0, 9, 0
29929, 362, 90, 87, 3, 362, 0
33374, 44, 14, 11, 3, 40, 4
34152, 35, 45, 39, 6, 34, 1
34570, 2, 7, 3, 4, 2, 0
35500, 4, 7, 3, 4, 3, 1
35596, 9, 9, 6, 3, 6, 3
38792, 30, 14, 14, 0, 30, 0
41330, 15, 8, 8, 0, 15, 0
42378, 1, 36, 0, 36, 1, 0
42692, 12, 4, 4, 0, 10, 2
45096, 0, 8, 0, 8, 0, 0
45097, 1, 12, 0, 12, 1, 0
45102, 14, 12, 3, 9, 11, 3
45335, 4, 13, 12, 1, 4, 0
46515, 10, 21, 19, 2, 9, 1
47339, 0, 11, 0, 11, 0, 0
50739, 0, 7, 0, 7, 0, 0
51432, 39, 23, 23, 0, 39, 0
52508, 8, 7, 7, 0, 8, 0
52800, 0, 6, 0, 6, 0, 0
53258, 2, 8, 2, 6, 2, 0
54937, 0, 6, 0, 6, 0, 0
57418, 0, 6, 0, 6, 0, 0
57771, 0, 9, 0, 9, 0, 0
58855, 0, 21, 0, 21, 0, 0
59330, 14, 12, 12, 0, 14, 0
61736, 1, 6, 6, 0, 1, 0
61933, 0, 9, 0, 9, 0, 0
62247, 0, 7, 0, 7, 0, 0
62990, 1, 4, 0, 4, 0, 1
65501, 13, 13, 12, 1, 13, 0
66122, 0, 10, 0, 10, 0, 0
66139, 0, 5, 0, 5, 0, 0
66140, 0, 4, 0, 4, 0, 0
66151, 0, 2, 0, 2, 0, 0
66152, 0, 2, 0, 2, 0, 0
66153, 0, 2, 0, 2, 0, 0
66154, 0, 2, 0, 2, 0, 0
66155, 0, 2, 0, 2, 0, 0
66156, 0, 4, 0, 4, 0, 0
66157, 0, 4, 0, 4, 0, 0
66158, 0, 3, 0, 3, 0, 0
66159, 0, 3, 0, 3, 0, 0
66160, 0, 2, 0, 2, 0, 0
66161, 0, 2, 0, 2, 0, 0
66164, 0, 6, 0, 6, 0, 0
66165, 0, 3, 0, 3, 0, 0
71251, 0, 2, 2, 0, 0, 0
71563, 2, 6, 5, 1, 1, 1
71946, 15, 18, 18, 0, 13, 2
73615, 1, 6, 5, 1, 1, 0
74191, 0, 2, 2, 0, 0, 0
74434, 0, 3, 3, 0, 0, 0
75516, 0, 2, 2, 0, 0, 0
75807, 8, 11, 11, 0, 8, 0
77046, 0, 3, 0, 3, 0, 0
78886, 0, 8, 0, 8, 0, 0
80005, 9, 11, 10, 1, 9, 0
82864, 3, 2, 2, 0, 3, 0
86133, 0, 2, 0, 2, 0, 0
92881, 0, 1, 1, 0, 0, 0
92882, 0, 1, 0, 1, 0, 0
92883, 0, 1, 0, 1, 0, 0
92884, 0, 1, 0, 1, 0, 0
92885, 0, 1, 0, 1, 0, 0
7844, 41, 28, 27, 1, 39, 2
17642, 354, 172, 166, 6, 338, 16
18647, 57, 22, 19, 3, 57, 0
18867, 26, 12, 11, 1, 25, 1
23347, 1, 11, 11, 0, 1, 0
26108, 9, 8, 8, 0, 9, 0
32867, 71, 51, 48, 3, 70, 1
42514, 0, 2, 0, 2, 0, 0
45034, 0, 4, 0, 4, 0, 0
45035, 0, 3, 0, 3, 0, 0
52921, 0, 2, 0, 2, 0, 0
79418, 84, 17, 16, 1, 84, 0
94742, 1, 19, 17, 2, 1, 0
109100, 6, 4, 4, 0, 6, 0
2192, 1, 1, 0, 1, 1, 0
2404, 5, 4, 3, 1, 4, 1
5640, 2, 2, 0, 2, 2, 0
7662, 3, 1, 0, 1, 3, 0
9036, 0, 10, 10, 0, 0, 0
9420, 2, 2, 1, 1, 1, 1
9421, 1, 2, 1, 1, 1, 0
9904, 1, 1, 0, 1, 1, 0
11087, 33, 42, 40, 2, 29, 4
11702, 0, 268, 257, 11, 0, 0
12593, 9, 39, 38, 1, 9, 0
13560, 3, 7, 5, 2, 3, 0
14048, 9, 16, 15, 1, 4, 5
14213, 0, 5, 1, 4, 0, 0
15051, 2, 3, 2, 1, 2, 0
15183, 0, 9, 0, 9, 0, 0
16943, 11, 30, 20, 10, 10, 1
16945, 0, 4, 0, 4, 0, 0
16946, 0, 1, 0, 1, 0, 0
16958, 0, 2, 0, 2, 0, 0
16959, 0, 3, 0, 3, 0, 0
16960, 0, 2, 0, 2, 0, 0
16961, 0, 6, 0, 6, 0, 0
16962, 0, 4, 0, 4, 0, 0
16963, 0, 2, 0, 2, 0, 0
16965, 0, 2, 0, 2, 0, 0
17024, 1, 1, 0, 1, 1, 0
17415, 2, 3, 0, 3, 2, 0
18736, 3, 2, 1, 1, 2, 1
18917, 12, 6, 6, 0, 12, 0
19731, 0, 15, 1, 14, 0, 0
20262, 0, 5, 5, 0, 0, 0
21510, 20, 15, 9, 6, 20, 0
22234, 13, 7, 6, 1, 4, 9
24143, 11, 22, 21, 1, 11, 0
24316, 2, 28, 13, 15, 0, 2
24415, 23, 15, 14, 1, 18, 5
26016, 2, 1, 1, 0, 2, 0
26081, 1, 4, 1, 3, 1, 0
26313, 15, 9, 6, 3, 7, 8
26388, 0, 14, 1, 13, 0, 0
26694, 11, 21, 1, 20, 2, 9
27189, 1, 3, 0, 3, 1, 0
27704, 46, 8, 0, 8, 9, 37
28422, 21, 5, 2, 3, 21, 0
28467, 1, 2, 1, 1, 1, 0
32422, 1, 7, 7, 0, 1, 0
33638, 4, 3, 1, 2, 0, 4
35510, 28, 15, 13, 2, 22, 6
36504, 0, 9, 1, 8, 0, 0
36609, 1, 1, 0, 1, 1, 0
40213, 30, 14, 12, 2, 26, 4
41949, 32, 25, 24, 1, 30, 2
42502, 0, 3, 0, 3, 0, 0
42503, 0, 3, 0, 3, 0, 0
42868, 5, 5, 3, 2, 4, 1
43357, 1, 1, 0, 1, 1, 0
43740, 0, 3, 0, 3, 0, 0
44162, 1, 2, 1, 1, 1, 0
47546, 4, 1, 0, 1, 4, 0
48174, 9, 2, 1, 1, 9, 0
50296, 0, 3, 1, 2, 0, 0
54581, 1, 3, 1, 2, 1, 0
56527, 16, 5, 2, 3, 8, 8
56529, 0, 3, 1, 2, 0, 0
56758, 4, 2, 1, 1, 4, 0
61972, 2, 4, 3, 1, 2, 0
62711, 1, 3, 0, 3, 1, 0
67747, 0, 2, 0, 2, 0, 0
67748, 0, 2, 0, 2, 0, 0
67749, 0, 2, 0, 2, 0, 0
67750, 0, 6, 0, 6, 0, 0
67751, 0, 2, 0, 2, 0, 0
67752, 0, 2, 0, 2, 0, 0
67754, 0, 2, 0, 2, 0, 0
67755, 0, 2, 0, 2, 0, 0
67757, 0, 2, 0, 2, 0, 0
67758, 0, 2, 0, 2, 0, 0
67759, 0, 2, 0, 2, 0, 0
67760, 0, 2, 0, 2, 0, 0
67761, 0, 3, 0, 3, 0, 0
67763, 0, 2, 0, 2, 0, 0
67764, 0, 2, 0, 2, 0, 0
67765, 0, 2, 0, 2, 0, 0
67766, 0, 2, 0, 2, 0, 0
67767, 0, 2, 0, 2, 0, 0
67768, 0, 3, 0, 3, 0, 0
67769, 0, 3, 0, 3, 0, 0
67770, 0, 2, 0, 2, 0, 0
67771, 0, 3, 0, 3, 0, 0
67772, 0, 2, 0, 2, 0, 0
67773, 0, 2, 0, 2, 0, 0
67774, 0, 2, 0, 2, 0, 0
67775, 0, 2, 0, 2, 0, 0
67776, 0, 2, 0, 2, 0, 0
67777, 0, 2, 0, 2, 0, 0
67778, 0, 2, 0, 2, 0, 0
67779, 0, 2, 0, 2, 0, 0
67780, 0, 2, 0, 2, 0, 0
67781, 0, 2, 0, 2, 0, 0
67782, 0, 2, 0, 2, 0, 0
67783, 0, 2, 0, 2, 0, 0
67784, 0, 3, 0, 3, 0, 0
67785, 0, 2, 0, 2, 0, 0
67787, 0, 2, 0, 2, 0, 0
67788, 0, 2, 0, 2, 0, 0
67789, 0, 2, 0, 2, 0, 0
67790, 0, 2, 0, 2, 0, 0
67791, 0, 2, 0, 2, 0, 0
67819, 0, 2, 0, 2, 0, 0
67820, 0, 2, 0, 2, 0, 0
67821, 0, 4, 0, 4, 0, 0
67822, 0, 2, 0, 2, 0, 0
67823, 0, 2, 0, 2, 0, 0
67824, 0, 2, 0, 2, 0, 0
67825, 0, 2, 0, 2, 0, 0
73638, 7, 6, 3, 3, 7, 0
77209, 1, 1, 0, 1, 1, 0
77224, 2, 9, 0, 9, 2, 0
81650, 2, 4, 3, 1, 2, 0
82368, 17, 2, 0, 2, 4, 13
91594, 5, 6, 2, 4, 5, 0
92975, 0, 1, 1, 0, 0, 0
92976, 0, 1, 0, 1, 0, 0
93493, 1, 2, 1, 1, 1, 0
93654, 2, 9, 1, 8, 2, 0
93775, 0, 1, 0, 1, 0, 0
93776, 0, 1, 0, 1, 0, 0
93977, 1, 1, 0, 1, 1, 0
94170, 1, 2, 0, 2, 1, 0
94462, 1, 2, 0, 2, 1, 0
94810, 11, 18, 11, 7, 10, 1
95040, 0, 1, 0, 1, 0, 0
95194, 19, 3, 2, 1, 19, 0
95458, 7, 3, 2, 1, 7, 0
96039, 2, 1, 0, 1, 0, 2
96189, 2, 1, 0, 1, 2, 0
99139, 2, 1, 0, 1, 2, 0
100314, 1, 2, 0, 2, 0, 1
101253, 2, 2, 1, 1, 2, 0
103535, 2, 1, 0, 1, 2, 0
103637, 1, 1, 0, 1, 1, 0
103671, 0, 11, 0, 11, 0, 0
103714, 1, 1, 0, 1, 0, 1
105054, 0, 1, 0, 1, 0, 0
106190, 1, 4, 3, 1, 1, 0
106896, 2, 1, 0, 1, 2, 0
106897, 0, 3, 2, 1, 0, 0
108358, 34, 1, 0, 1, 1, 33
108706, 2, 2, 1, 1, 2, 0
108936, 1, 1, 0, 1, 1, 0
108963, 5, 5, 1, 4, 4, 1
109020, 1, 1, 0, 1, 1, 0
109306, 2, 1, 0, 1, 1, 1
110850, 1, 5, 3, 2, 0, 1
111827, 1, 1, 0, 1, 1, 0
111887, 3, 1, 0, 1, 3, 0
112403, 1, 1, 0, 1, 1, 0
112471, 1, 3, 2, 1, 1, 0
113218, 0, 10, 2, 8, 0, 0
113378, 3, 1, 0, 1, 3, 0
115013, 3, 12, 0, 12, 3, 0
115147, 2, 1, 0, 1, 2, 0
115149, 1, 1, 0, 1, 1, 0
115675, 0, 3, 1, 2, 0, 0
115715, 1, 1, 0, 1, 1, 0
116077, 1, 1, 0, 1, 1, 0
116085, 1, 1, 0, 1, 1, 0
116177, 1, 1, 0, 1, 1, 0
116328, 0, 2, 0, 2, 0, 0
116446, 1, 1, 0, 1, 1, 0
118369, 3, 1, 0, 1, 3, 0
118614, 7, 15, 1, 14, 5, 2
118883, 2, 13, 1, 12, 2, 0
119153, 3, 1, 0, 1, 3, 0
119846, 17, 7, 5, 2, 17, 0
120468, 1, 1, 0, 1, 1, 0
120755, 6, 2, 1, 1, 5, 1
121099, 1, 1, 0, 1, 1, 0
121100, 0, 6, 1, 5, 0, 0
121193, 3, 1, 0, 1, 3, 0
121515, 16, 3, 1, 2, 15, 1
121921, 1, 1, 0, 1, 1, 0
122131, 9, 6, 0, 6, 9, 0
123026, 0, 1, 0, 1, 0, 0
123203, 1, 1, 0, 1, 1, 0
123292, 1, 2, 0, 2, 1, 0
123293, 0, 3, 1, 2, 0, 0
123479, 1, 1, 0, 1, 1, 0
123893, 2, 1, 0, 1, 2, 0
124022, 1, 2, 0, 2, 1, 0
124330, 1, 7, 6, 1, 1, 0
124427, 0, 2, 1, 1, 0, 0
124916, 0, 5, 0, 5, 0, 0
124976, 0, 1, 0, 1, 0, 0
125182, 1, 1, 0, 1, 1, 0
125212, 5, 10, 0, 10, 5, 0
125516, 0, 1, 0, 1, 0, 0
125517, 0, 1, 0, 1, 0, 0
125518, 0, 1, 0, 1, 0, 0
125519, 0, 1, 0, 1, 0, 0
125520, 0, 1, 0, 1, 0, 0
125521, 0, 1, 0, 1, 0, 0
125522, 0, 1, 0, 1, 0, 0
125523, 0, 1, 0, 1, 0, 0
125524, 0, 1, 0, 1, 0, 0
125586, 0, 1, 0, 1, 0, 0
125587, 0, 1, 0, 1, 0, 0
125588, 0, 1, 0, 1, 0, 0
125589, 0, 1, 0, 1, 0, 0
125590, 0, 1, 0, 1, 0, 0
125591, 0, 1, 0, 1, 0, 0
125592, 0, 1, 0, 1, 0, 0
125602, 1, 1, 0, 1, 1, 0
125624, 15, 32, 25, 7, 15, 0
125664, 0, 1, 0, 1, 0, 0
125671, 1, 1, 0, 1, 1, 0
125756, 0, 1, 0, 1, 0, 0
125794, 2, 2, 1, 1, 2, 0
125922, 2, 1, 0, 1, 2, 0
125972, 2, 2, 1, 1, 2, 0
126052, 0, 1, 0, 1, 0, 0
126053, 0, 1, 0, 1, 0, 0
126102, 0, 6, 0, 6, 0, 0
126152, 0, 4, 0, 4, 0, 0
126236, 0, 1, 0, 1, 0, 0
126303, 1, 1, 0, 1, 1, 0
126339, 1, 1, 0, 1, 1, 0
126409, 0, 1, 0, 1, 0, 0
126602, 1, 1, 0, 1, 0, 1
126681, 1, 1, 0, 1, 1, 0
126857, 23, 4, 2, 2, 22, 1
126882, 0, 1, 0, 1, 0, 0
126894, 8, 1, 0, 1, 8, 0
126916, 0, 1, 0, 1, 0, 0
126922, 6, 7, 0, 7, 6, 0
127016, 1, 1, 0, 1, 1, 0
127173, 1, 1, 0, 1, 1, 0
127273, 16, 8, 1, 7, 11, 5
127277, 10, 6, 1, 5, 5, 5
127278, 19, 15, 8, 7, 14, 5
127280, 0, 15, 10, 5, 0, 0
127281, 0, 7, 2, 5, 0, 0
127300, 0, 14, 10, 4, 0, 0
127301, 0, 6, 3, 3, 0, 0
127305, 0, 7, 4, 3, 0, 0
127306, 0, 13, 9, 4, 0, 0
127334, 0, 9, 7, 2, 0, 0
127335, 20, 4, 0, 4, 17, 3
127581, 1, 1, 0, 1, 1, 0
128154, 46, 22, 8, 14, 46, 0
128201, 0, 3, 1, 2, 0, 0
128279, 6, 8, 3, 5, 6, 0
128352, 12, 5, 2, 3, 12, 0
128526, 1, 1, 0, 1, 1, 0
128704, 1, 1, 0, 1, 1, 0
128792, 3, 1, 0, 1, 3, 0
128797, 1, 1, 0, 1, 1, 0
128905, 5, 33, 0, 33, 0, 5
128992, 1, 2, 0, 2, 1, 0
129404, 5, 1, 0, 1, 5, 0
129712, 1, 1, 0, 1, 1, 0
129784, 1, 1, 0, 1, 1, 0
130036, 0, 13, 0, 13, 0, 0
130084, 0, 3, 0, 3, 0, 0
130085, 1, 1, 0, 1, 1, 0
130169, 2, 10, 0, 10, 2, 0
130595, 4, 20, 0, 20, 4, 0
130683, 1, 1, 0, 1, 1, 0
130692, 1, 1, 0, 1, 1, 0
130740, 1, 4, 0, 4, 1, 0
130742, 2, 4, 0, 4, 2, 0
130858, 0, 39, 0, 39, 0, 0
130879, 0, 1, 0, 1, 0, 0
130880, 0, 1, 0, 1, 0, 0
130881, 0, 1, 0, 1, 0, 0
130882, 0, 1, 0, 1, 0, 0
130884, 0, 11, 0, 11, 0, 0
130934, 3, 25, 0, 25, 0, 3
131057, 0, 3, 0, 3, 0, 0
131067, 0, 2, 0, 2, 0, 0
131130, 0, 1, 0, 1, 0, 0
131206, 0, 4, 0, 4, 0, 0
131207, 0, 2, 0, 2, 0, 0
131208, 0, 1, 0, 1, 0, 0
131240, 0, 2, 0, 2, 0, 0
131268, 4, 6, 0, 6, 0, 4
131270, 0, 1, 0, 1, 0, 0
131343, 0, 1, 0, 1, 0, 0
131426, 0, 2, 0, 2, 0, 0
131427, 0, 2, 0, 2, 0, 0
131649, 0, 6, 0, 6, 0, 0
131677, 0, 1, 0, 1, 0, 0
131684, 0, 1, 0, 1, 0, 0
131704, 0, 1, 0, 1, 0, 0
131731, 0, 1, 0, 1, 0, 0
131757, 0, 1, 0, 1, 0, 0
131787, 0, 1, 0, 1, 0, 0
131788, 0, 1, 0, 1, 0, 0
4191, 120, 106, 85, 21, 97, 23
23318, 11, 13, 13, 0, 9, 2
23323, 1, 2, 0, 2, 1, 0
23324, 0, 5, 1, 4, 0, 0
97213, 32, 2, 2, 0, 32, 0
101235, 0, 14, 0, 14, 0, 0
101236, 0, 1, 0, 1, 0, 0
101237, 0, 1, 0, 1, 0, 0
101238, 0, 1, 0, 1, 0, 0
682, 28, 32, 25, 7, 24, 4
1066, 70, 91, 85, 6, 51, 19
1250, 6, 13, 13, 0, 4, 2
1663, 13, 12, 12, 0, 4, 9
2778, 15, 25, 11, 14, 9, 6
2782, 1, 6, 4, 2, 1, 0
2936, 69, 29, 27, 2, 69, 0
5530, 4, 14, 13, 1, 3, 1
5694, 13, 3, 1, 2, 13, 0
5749, 64, 12, 8, 4, 62, 2
6348, 12, 7, 6, 1, 12, 0
6567, 20, 14, 11, 3, 20, 0
6927, 94, 97, 78, 19, 75, 19
7626, 9, 6, 0, 6, 5, 4
7691, 3, 4, 2, 2, 3, 0
7853, 4, 10, 7, 3, 4, 0
7905, 63, 23, 20, 3, 52, 11
8388, 47, 84, 75, 9, 25, 22
8541, 6, 6, 5, 1, 3, 3
8746, 32, 19, 7, 12, 32, 0
8920, 6, 7, 7, 0, 6, 0
8964, 0, 6, 5, 1, 0, 0
9114, 42, 32, 28, 4, 17, 25
10674, 1, 1, 0, 1, 1, 0
10675, 4, 50, 46, 4, 3, 1
10676, 1, 1, 0, 1, 1, 0
10678, 1, 1, 0, 1, 1, 0
10679, 1, 1, 0, 1, 1, 0
10682, 1, 1, 0, 1, 1, 0
11003, 35, 13, 7, 6, 35, 0
11110, 1, 1, 0, 1, 1, 0
11111, 1, 1, 0, 1, 1, 0
11121, 1, 1, 0, 1, 1, 0
11122, 1, 1, 0, 1, 1, 0
11470, 21, 14, 10, 4, 20, 1
11823, 129, 36, 33, 3, 129, 0
11871, 222, 215, 209, 6, 222, 0
12671, 54, 28, 27, 1, 53, 1
13492, 4, 16, 12, 4, 3, 1
14563, 9, 19, 15, 4, 9, 0
14590, 3, 29, 27, 2, 2, 1
14713, 18, 51, 46, 5, 18, 0
15688, 2, 1, 0, 1, 2, 0
15732, 1, 1, 0, 1, 1, 0
16498, 34, 14, 12, 2, 32, 2
17206, 1, 1, 0, 1, 1, 0
17207, 1, 1, 0, 1, 1, 0
17214, 1, 1, 0, 1, 1, 0
17223, 1, 1, 0, 1, 1, 0
17253, 17, 10, 8, 2, 17, 0
17279, 1, 1, 0, 1, 1, 0
17280, 1, 1, 0, 1, 1, 0
17549, 10, 20, 18, 2, 10, 0
17550, 34, 21, 3, 18, 20, 14
17960, 4, 8, 6, 2, 4, 0
18025, 21, 21, 18, 3, 17, 4
18249, 20, 16, 12, 4, 19, 1
18588, 2, 3, 1, 2, 2, 0
19233, 3, 3, 3, 0, 3, 0
19727, 6, 30, 4, 26, 6, 0
20106, 0, 4, 0, 4, 0, 0
20664, 29, 15, 9, 6, 23, 6
20667, 7, 65, 64, 1, 6, 1
20966, 0, 5, 0, 5, 0, 0
21337, 1, 2, 0, 2, 1, 0
21710, 0, 4, 0, 4, 0, 0
22215, 1, 1, 0, 1, 0, 1
22441, 20, 17, 14, 3, 12, 8
22763, 1, 2, 2, 0, 1, 0
23716, 2, 1, 0, 1, 2, 0
23820, 62, 76, 63, 13, 36, 26
24226, 4, 7, 4, 3, 4, 0
24396, 7, 11, 10, 1, 7, 0
25486, 0, 10, 0, 10, 0, 0
27054, 1, 4, 1, 3, 1, 0
27908, 13, 34, 10, 24, 9, 4
28452, 16, 12, 11, 1, 16, 0
28798, 1, 2, 1, 1, 0, 1
30412, 36, 116, 114, 2, 36, 0
30425, 6, 12, 8, 4, 5, 1
30522, 14, 13, 8, 5, 14, 0
30713, 0, 8, 0, 8, 0, 0
30916, 21, 7, 6, 1, 13, 8
31385, 1, 1, 0, 1, 1, 0
31805, 0, 5, 0, 5, 0, 0
32722, 4, 5, 0, 5, 1, 3
33155, 0, 5, 4, 1, 0, 0
33311, 33, 14, 11, 3, 33, 0
33446, 118, 60, 57, 3, 109, 9
34479, 9, 12, 7, 5, 7, 2
34926, 1, 1, 0, 1, 1, 0
35006, 2, 1, 0, 1, 1, 1
35016, 1, 2, 1, 1, 1, 0
35375, 4, 6, 4, 2, 4, 0
35498, 0, 5, 0, 5, 0, 0
35531, 72, 107, 94, 13, 63, 9
35787, 0, 10, 1, 9, 0, 0
35967, 1, 4, 1, 3, 1, 0
36224, 11, 10, 4, 6, 9, 2
37188, 7, 20, 14, 6, 7, 0
37203, 0, 5, 3, 2, 0, 0
37610, 1, 1, 0, 1, 0, 1
37661, 17, 20, 9, 11, 17, 0
37905, 18, 20, 4, 16, 8, 10
38119, 2, 1, 0, 1, 0, 2
38344, 35, 41, 39, 2, 33, 2
38974, 1, 4, 1, 3, 1, 0
39213, 2, 41, 1, 40, 2, 0
39814, 7, 5, 4, 1, 7, 0
39942, 1, 2, 0, 2, 0, 1
41024, 0, 5, 0, 5, 0, 0
41373, 1, 1, 0, 1, 1, 0
41377, 4, 7, 0, 7, 4, 0
41378, 1, 13, 3, 10, 1, 0
41980, 108, 12, 8, 4, 108, 0
42348, 0, 9, 1, 8, 0, 0
42349, 0, 2, 1, 1, 0, 0
42388, 10, 7, 5, 2, 10, 0
42434, 11, 6, 6, 0, 11, 0
42685, 1, 3, 2, 1, 1, 0
42892, 1, 5, 0, 5, 1, 0
42935, 1, 7, 4, 3, 1, 0
43399, 1, 2, 1, 1, 1, 0
43719, 0, 12, 0, 12, 0, 0
44027, 0, 10, 0, 10, 0, 0
44144, 1, 7, 6, 1, 1, 0
45050, 0, 7, 0, 7, 0, 0
45718, 86, 23, 19, 4, 86, 0
46087, 2, 5, 3, 2, 2, 0
46398, 1, 1, 0, 1, 1, 0
46688, 10, 32, 22, 10, 3, 7
47934, 4, 1, 1, 0, 4, 0
48082, 4, 6, 5, 1, 4, 0
49399, 1, 2, 1, 1, 1, 0
49570, 0, 8, 0, 8, 0, 0
49684, 0, 3, 1, 2, 0, 0
49687, 0, 3, 0, 3, 0, 0
50074, 7, 4, 2, 2, 7, 0
50485, 0, 2, 1, 1, 0, 0
50883, 1, 3, 1, 2, 1, 0
52128, 0, 3, 0, 3, 0, 0
52851, 0, 2, 0, 2, 0, 0
53169, 4, 3, 2, 1, 1, 3
53887, 17, 71, 5, 66, 11, 6
54252, 13, 13, 10, 3, 11, 2
54560, 2, 2, 0, 2, 2, 0
55006, 0, 2, 1, 1, 0, 0
55472, 27, 22, 19, 3, 26, 1
55516, 241, 227, 211, 16, 241, 0
56214, 53, 21, 14, 7, 50, 3
56326, 0, 2, 0, 2, 0, 0
56939, 0, 15, 0, 15, 0, 0
58737, 2, 4, 3, 1, 2, 0
59734, 1, 6, 0, 6, 1, 0
60323, 0, 2, 1, 1, 0, 0
60830, 7, 10, 5, 5, 6, 1
63081, 285, 54, 53, 1, 285, 0
64184, 0, 5, 0, 5, 0, 0
71368, 0, 10, 0, 10, 0, 0
76348, 0, 2, 0, 2, 0, 0
76740, 0, 4, 0, 4, 0, 0
77635, 0, 2, 0, 2, 0, 0
77689, 3, 3, 1, 2, 2, 1
79699, 0, 2, 0, 2, 0, 0
81326, 0, 4, 0, 4, 0, 0
84041, 1, 3, 1, 2, 1, 0
88098, 0, 3, 0, 3, 0, 0
92323, 0, 3, 0, 3, 0, 0
92387, 0, 2, 0, 2, 0, 0
92538, 0, 1, 0, 1, 0, 0
92539, 0, 1, 0, 1, 0, 0
92540, 0, 1, 0, 1, 0, 0
92541, 0, 2, 1, 1, 0, 0
92542, 0, 2, 0, 2, 0, 0
92543, 0, 1, 0, 1, 0, 0
92544, 0, 1, 0, 1, 0, 0
92545, 0, 1, 0, 1, 0, 0
92546, 0, 1, 0, 1, 0, 0
92547, 0, 1, 0, 1, 0, 0
92548, 0, 2, 1, 1, 0, 0
92549, 0, 1, 0, 1, 0, 0
92550, 0, 1, 0, 1, 0, 0
92551, 1, 1, 0, 1, 1, 0
92552, 0, 1, 0, 1, 0, 0
92553, 0, 1, 0, 1, 0, 0
92554, 0, 1, 0, 1, 0, 0
92555, 0, 1, 0, 1, 0, 0
93543, 1, 15, 1, 14, 1, 0
93614, 0, 2, 0, 2, 0, 0
93986, 0, 1, 0, 1, 0, 0
94041, 10, 3, 2, 1, 10, 0
94184, 0, 2, 0, 2, 0, 0
94591, 0, 1, 0, 1, 0, 0
95234, 1, 2, 0, 2, 1, 0
95727, 4, 8, 4, 4, 3, 1
96137, 1, 1, 0, 1, 1, 0
96485, 0, 4, 2, 2, 0, 0
96817, 0, 1, 0, 1, 0, 0
96965, 0, 2, 0, 2, 0, 0
97273, 20, 24, 1, 23, 19, 1
97408, 1, 4, 0, 4, 1, 0
98074, 6, 34, 1, 33, 6, 0
99371, 10, 6, 4, 2, 10, 0
99623, 0, 1, 0, 1, 0, 0
99737, 0, 1, 0, 1, 0, 0
99836, 2, 6, 4, 2, 2, 0
99931, 0, 5, 2, 3, 0, 0
100512, 0, 6, 2, 4, 0, 0
100515, 0, 2, 1, 1, 0, 0
100668, 0, 31, 0, 31, 0, 0
100874, 1, 2, 1, 1, 1, 0
101319, 0, 1, 0, 1, 0, 0
101450, 0, 3, 1, 2, 0, 0
103570, 0, 9, 0, 9, 0, 0
104046, 0, 1, 0, 1, 0, 0
104055, 3, 2, 1, 1, 2, 1
104273, 2, 3, 1, 2, 2, 0
104671, 2, 6, 4, 2, 2, 0
104672, 1, 4, 3, 1, 1, 0
105896, 1, 1, 0, 1, 0, 1
106158, 0, 1, 0, 1, 0, 0
106552, 5, 11, 11, 0, 5, 0
107652, 24, 10, 9, 1, 22, 2
110481, 0, 1, 0, 1, 0, 0
110790, 0, 2, 0, 2, 0, 0
111332, 0, 1, 0, 1, 0, 0
111633, 9, 6, 2, 4, 9, 0
115129, 0, 7, 0, 7, 0, 0
115130, 0, 6, 0, 6, 0, 0
120261, 1, 1, 0, 1, 0, 1
121366, 1, 1, 0, 1, 1, 0
111635, 0, 1, 0, 1, 0, 0
415, 1, 0, 0, 0, 1, 0
416, 1, 0, 0, 0, 0, 1
417, 17, 7, 6, 1, 17, 0
19151, 32, 35, 35, 0, 32, 0
38046, 14, 3, 3, 0, 12, 2
418, 1, 0, 0, 0, 1, 0
419, 1, 0, 0, 0, 1, 0
43255, 3, 9, 1, 8, 2, 1
421, 17, 12, 10, 2, 17, 0
422, 5, 3, 3, 0, 5, 0
2573, 7, 10, 9, 1, 7, 0
12540, 4, 5, 5, 0, 4, 0
53405, 0, 1, 1, 0, 0, 0
12190, 22, 15, 15, 0, 22, 0
426, 0, 20, 20, 0, 0, 0
653, 4, 12, 9, 3, 4, 0
1651, 37, 11, 11, 0, 37, 0
3460, 46, 40, 33, 7, 46, 0
4279, 25, 40, 37, 3, 25, 0
7015, 12, 13, 4, 9, 12, 0
7349, 56, 33, 32, 1, 56, 0
7379, 1, 3, 3, 0, 1, 0
8041, 6, 8, 8, 0, 4, 2
9009, 59, 14, 1, 13, 59, 0
10454, 33, 29, 16, 13, 33, 0
11610, 37, 44, 19, 25, 37, 0
11757, 4, 14, 11, 3, 4, 0
12897, 1, 1, 0, 1, 1, 0
12987, 1, 1, 0, 1, 1, 0
13553, 0, 12, 0, 12, 0, 0
13638, 43, 29, 19, 10, 43, 0
14106, 0, 4, 0, 4, 0, 0
14115, 3, 9, 1, 8, 2, 1
14576, 160, 199, 186, 13, 153, 7
15763, 2, 1, 0, 1, 2, 0
16140, 0, 14, 0, 14, 0, 0
16245, 10, 11, 6, 5, 10, 0
16247, 0, 4, 0, 4, 0, 0
16315, 5, 17, 1, 16, 5, 0
17565, 7, 4, 1, 3, 7, 0
20565, 0, 4, 0, 4, 0, 0
22813, 1, 2, 2, 0, 1, 0
26598, 2, 3, 2, 1, 2, 0
27427, 0, 2, 0, 2, 0, 0
27428, 0, 1, 0, 1, 0, 0
27429, 29, 28, 20, 8, 29, 0
27430, 0, 6, 0, 6, 0, 0
110551, 0, 1, 0, 1, 0, 0
427, 1, 0, 0, 0, 1, 0
3313, 28, 23, 23, 0, 27, 1
19607, 0, 3, 2, 1, 0, 0
429, 1, 0, 0, 0, 0, 1
10182, 5, 6, 1, 5, 4, 1
11680, 84, 77, 73, 4, 18, 66
12115, 7, 82, 43, 39, 7, 0
12128, 149, 45, 43, 2, 146, 3
12547, 2, 5, 1, 4, 2, 0
13103, 9, 3, 0, 3, 9, 0
13552, 0, 13, 0, 13, 0, 0
17361, 246, 57, 49, 8, 245, 1
17770, 0, 10, 0, 10, 0, 0
19243, 0, 5, 0, 5, 0, 0
19244, 0, 5, 0, 5, 0, 0
20331, 0, 4, 0, 4, 0, 0
20332, 0, 8, 0, 8, 0, 0
20336, 0, 8, 0, 8, 0, 0
20337, 0, 6, 0, 6, 0, 0
20370, 0, 5, 0, 5, 0, 0
20380, 0, 4, 0, 4, 0, 0
21716, 0, 3, 0, 3, 0, 0
21717, 0, 5, 0, 5, 0, 0
22051, 0, 7, 0, 7, 0, 0
22159, 2, 2, 0, 2, 2, 0
22539, 0, 5, 0, 5, 0, 0
24189, 0, 7, 1, 6, 0, 0
24202, 0, 3, 0, 3, 0, 0
24305, 0, 9, 0, 9, 0, 0
25371, 0, 31, 0, 31, 0, 0
25676, 0, 5, 0, 5, 0, 0
25677, 0, 6, 0, 6, 0, 0
28200, 0, 2, 0, 2, 0, 0
28533, 0, 7, 0, 7, 0, 0
30260, 0, 13, 0, 13, 0, 0
30261, 0, 7, 0, 7, 0, 0
33323, 0, 4, 0, 4, 0, 0
33607, 7, 27, 3, 24, 6, 1
36193, 0, 3, 0, 3, 0, 0
36194, 0, 3, 0, 3, 0, 0
37283, 65, 12, 3, 9, 63, 2
37877, 0, 8, 0, 8, 0, 0
37882, 0, 4, 0, 4, 0, 0
37884, 0, 3, 0, 3, 0, 0
37885, 0, 3, 0, 3, 0, 0
37886, 0, 3, 0, 3, 0, 0
37887, 0, 2, 0, 2, 0, 0
39281, 26, 40, 18, 22, 26, 0
39882, 1, 5, 0, 5, 0, 1
42815, 0, 2, 0, 2, 0, 0
44394, 21, 46, 11, 35, 21, 0
44587, 0, 3, 0, 3, 0, 0
44693, 2, 32, 4, 28, 2, 0
44911, 0, 38, 2, 36, 0, 0
45212, 10, 20, 6, 14, 10, 0
46301, 16, 39, 21, 18, 16, 0
47829, 108, 39, 36, 3, 106, 2
47895, 2, 6, 0, 6, 0, 2
47908, 2, 5, 0, 5, 2, 0
48163, 0, 3, 0, 3, 0, 0
48558, 9, 7, 7, 0, 5, 4
50679, 0, 14, 0, 14, 0, 0
50937, 1, 21, 6, 15, 1, 0
52003, 59, 63, 16, 47, 13, 46
52031, 42, 26, 7, 19, 42, 0
52845, 0, 2, 0, 2, 0, 0
54857, 0, 4, 0, 4, 0, 0
56212, 0, 45, 19, 26, 0, 0
57171, 349, 204, 190, 14, 349, 0
57288, 0, 4, 0, 4, 0, 0
57316, 1, 23, 15, 8, 1, 0
59260, 0, 8, 0, 8, 0, 0
61577, 0, 6, 0, 6, 0, 0
63023, 0, 9, 1, 8, 0, 0
66230, 0, 4, 0, 4, 0, 0
66406, 1, 12, 8, 4, 1, 0
66745, 0, 4, 0, 4, 0, 0
67293, 0, 4, 0, 4, 0, 0
70427, 0, 2, 0, 2, 0, 0
70669, 0, 2, 0, 2, 0, 0
72695, 0, 4, 0, 4, 0, 0
74849, 0, 3, 0, 3, 0, 0
76741, 0, 1, 0, 1, 0, 0
76742, 0, 2, 0, 2, 0, 0
76743, 0, 1, 0, 1, 0, 0
76745, 0, 4, 0, 4, 0, 0
76746, 0, 2, 0, 2, 0, 0
76747, 0, 2, 0, 2, 0, 0
76748, 0, 2, 0, 2, 0, 0
76749, 0, 1, 0, 1, 0, 0
76750, 0, 1, 0, 1, 0, 0
76751, 0, 1, 0, 1, 0, 0
76752, 0, 1, 0, 1, 0, 0
93233, 6, 2, 1, 1, 4, 2
95213, 5, 2, 1, 1, 5, 0
97890, 0, 18, 0, 18, 0, 0
100419, 4, 6, 1, 5, 4, 0
106739, 31, 13, 8, 5, 31, 0
113222, 1, 30, 1, 29, 1, 0
115678, 1, 7, 0, 7, 1, 0
116914, 1, 2, 1, 1, 0, 1
119627, 10, 28, 23, 5, 7, 3
119759, 24, 4, 2, 2, 20, 4
123044, 0, 1, 0, 1, 0, 0
124713, 3, 2, 0, 2, 1, 2
124735, 0, 5, 0, 5, 0, 0
124768, 23, 27, 0, 27, 5, 18
127972, 0, 1, 0, 1, 0, 0
431, 1, 0, 0, 0, 1, 0
432, 1, 2, 2, 0, 0, 1
6335, 16, 19, 7, 12, 12, 4
10637, 25, 21, 19, 2, 24, 1
13675, 30, 17, 15, 2, 22, 8
17250, 221, 187, 186, 1, 141, 80
20208, 29, 20, 20, 0, 27, 2
29297, 40, 26, 26, 0, 39, 1
31103, 36, 35, 32, 3, 33, 3
35476, 0, 19, 0, 19, 0, 0
36116, 0, 22, 0, 22, 0, 0
36473, 0, 6, 0, 6, 0, 0
38424, 40, 17, 17, 0, 39, 1
38553, 6, 43, 0, 43, 6, 0
46843, 0, 3, 0, 3, 0, 0
48934, 0, 4, 0, 4, 0, 0
49809, 155, 40, 30, 10, 155, 0
51726, 7, 41, 12, 29, 4, 3
53025, 4, 10, 5, 5, 4, 0
61997, 0, 10, 3, 7, 0, 0
71164, 3, 14, 3, 11, 3, 0
76714, 0, 4, 0, 4, 0, 0
92602, 0, 1, 0, 1, 0, 0
92603, 0, 2, 0, 2, 0, 0
92604, 0, 1, 0, 1, 0, 0
98657, 0, 2, 0, 2, 0, 0
101955, 28, 12, 12, 0, 26, 2
102130, 20, 9, 1, 8, 20, 0
434, 1, 0, 0, 0, 1, 0
11978, 9, 5, 5, 0, 9, 0
42167, 5, 6, 4, 2, 5, 0
93792, 22, 14, 13, 1, 22, 0
94425, 46, 14, 14, 0, 45, 1
94431, 27, 27, 26, 1, 25, 2
94558, 1, 4, 4, 0, 1, 0
95091, 0, 3, 3, 0, 0, 0
436, 2, 0, 0, 0, 2, 0
437, 1, 0, 0, 0, 0, 1
18804, 5, 6, 4, 2, 4, 1
18805, 3, 3, 3, 0, 3, 0
19447, 2, 4, 3, 1, 2, 0
20979, 1, 1, 1, 0, 1, 0
95832, 3, 7, 3, 4, 3, 0
103426, 7, 4, 1, 3, 7, 0
439, 1, 0, 0, 0, 1, 0
14524, 4, 36, 35, 1, 4, 0
40312, 0, 82, 8, 74, 0, 0
660, 3, 3, 3, 0, 3, 0
813, 6, 1, 1, 0, 6, 0
969, 21, 14, 14, 0, 21, 0
1045, 2, 2, 2, 0, 2, 0
1286, 8, 1, 1, 0, 8, 0
1335, 128, 25, 24, 1, 128, 0
1347, 73, 24, 21, 3, 70, 3
2123, 2, 2, 2, 0, 2, 0
2592, 85, 16, 15, 1, 74, 11
3473, 1, 1, 1, 0, 1, 0
3639, 1, 1, 1, 0, 1, 0
3767, 18, 16, 15, 1, 18, 0
7245, 8, 8, 6, 2, 6, 2
7475, 23, 16, 11, 5, 13, 10
8197, 2, 4, 4, 0, 2, 0
8330, 14, 7, 7, 0, 14, 0
8710, 6, 11, 11, 0, 4, 2
10533, 1, 2, 2, 0, 1, 0
11296, 12, 7, 6, 1, 12, 0
12505, 26, 16, 15, 1, 16, 10
12506, 0, 1, 1, 0, 0, 0
12510, 116, 27, 22, 5, 109, 7
12511, 1042, 74, 72, 2, 1042, 0
12512, 31, 28, 28, 0, 29, 2
13425, 3, 4, 3, 1, 2, 1
14211, 32, 12, 10, 2, 25, 7
14618, 12, 13, 11, 2, 3, 9
16146, 1, 5, 4, 1, 1, 0
47237, 19, 7, 7, 0, 19, 0
93224, 1, 3, 3, 0, 1, 0
94252, 1, 1, 1, 0, 1, 0
95948, 3, 8, 8, 0, 3, 0
442, 1, 0, 0, 0, 1, 0
443, 0, 1, 1, 0, 0, 0
6801, 22, 14, 13, 1, 18, 4
13126, 37, 27, 26, 1, 37, 0
17499, 27, 90, 53, 37, 19, 8
26995, 4, 11, 8, 3, 4, 0
28915, 13, 52, 17, 35, 12, 1
42787, 8, 60, 8, 52, 8, 0
446, 1, 0, 0, 0, 1, 0
447, 1, 0, 0, 0, 1, 0
449, 1, 0, 0, 0, 0, 1
2596, 8, 7, 4, 3, 8, 0
14187, 5, 8, 4, 4, 5, 0
15537, 0, 31, 0, 31, 0, 0
16660, 28, 55, 25, 30, 27, 1
16942, 115, 52, 52, 0, 114, 1
16974, 28, 25, 25, 0, 26, 2
17351, 49, 43, 41, 2, 49, 0
17440, 2, 1, 0, 1, 1, 1
19757, 20, 82, 4, 78, 11, 9
24383, 18, 14, 5, 9, 14, 4
35371, 2, 10, 6, 4, 2, 0
37543, 1, 9, 0, 9, 1, 0
40409, 12, 8, 6, 2, 12, 0
43891, 1, 1, 0, 1, 1, 0
47268, 7, 23, 10, 13, 7, 0
49277, 5, 3, 2, 1, 4, 1
59821, 12, 8, 8, 0, 12, 0
67034, 4, 8, 5, 3, 4, 0
70794, 3, 3, 2, 1, 3, 0
77258, 15, 25, 22, 3, 15, 0
79361, 59, 43, 36, 7, 50, 9
107529, 30, 17, 7, 10, 30, 0
108641, 15, 27, 5, 22, 15, 0
111161, 1, 8, 0, 8, 1, 0
112962, 0, 2, 0, 2, 0, 0
116002, 42, 24, 21, 3, 40, 2
116650, 7, 6, 6, 0, 7, 0
117877, 1, 1, 0, 1, 1, 0
118635, 29, 10, 9, 1, 29, 0
120348, 4, 6, 6, 0, 4, 0
126458, 0, 13, 13, 0, 0, 0
126559, 1, 1, 1, 0, 1, 0
131221, 0, 4, 4, 0, 0, 0
131354, 32, 15, 13, 2, 30, 2
452, 106, 101, 100, 1, 106, 0
2300, 414, 43, 43, 0, 414, 0
3420, 35, 23, 18, 5, 20, 15
8537, 65, 187, 181, 6, 57, 8
9286, 151, 103, 102, 1, 133, 18
10076, 409, 106, 105, 1, 409, 0
11958, 77, 66, 59, 7, 77, 0
13716, 101, 47, 46, 1, 95, 6
16210, 127, 146, 129, 17, 44, 83
16863, 65, 54, 53, 1, 63, 2
18343, 90, 20, 19, 1, 90, 0
18554, 36, 61, 61, 0, 36, 0
20368, 225, 44, 35, 9, 224, 1
22438, 117, 49, 48, 1, 117, 0
23720, 75, 15, 14, 1, 75, 0
24113, 36, 17, 17, 0, 26, 10
24450, 17, 32, 28, 4, 16, 1
27124, 27, 18, 18, 0, 23, 4
27473, 2, 3, 3, 0, 2, 0
29132, 93, 94, 93, 1, 91, 2
29910, 27, 20, 20, 0, 27, 0
30835, 11, 8, 8, 0, 11, 0
31534, 5, 4, 4, 0, 5, 0
32216, 47, 64, 62, 2, 46, 1
33906, 243, 103, 102, 1, 238, 5
38302, 22, 25, 22, 3, 22, 0
38850, 16, 21, 21, 0, 16, 0
39986, 19, 11, 11, 0, 15, 4
40549, 63, 30, 29, 1, 50, 13
44061, 44, 17, 17, 0, 44, 0
46527, 9, 11, 11, 0, 9, 0
46720, 320, 47, 47, 0, 264, 56
48488, 5, 14, 14, 0, 5, 0
49429, 27, 34, 34, 0, 22, 5
50854, 12, 13, 13, 0, 12, 0
51890, 89, 27, 27, 0, 88, 1
58020, 65, 40, 20, 20, 65, 0
66452, 108, 48, 48, 0, 100, 8
3873, 10, 6, 6, 0, 10, 0
6647, 2, 18, 16, 2, 2, 0
8988, 0, 2, 1, 1, 0, 0
9751, 0, 2, 1, 1, 0, 0
14823, 33, 38, 15, 23, 32, 1
17335, 0, 17, 1, 16, 0, 0
20628, 9, 33, 27, 6, 8, 1
21270, 5, 81, 3, 78, 0, 5
24924, 0, 1, 1, 0, 0, 0
27297, 2, 1, 0, 1, 1, 1
41836, 1, 4, 2, 2, 0, 1
58781, 6, 18, 11, 7, 6, 0
63679, 0, 18, 0, 18, 0, 0
70994, 0, 2, 1, 1, 0, 0
90376, 2, 5, 3, 2, 2, 0
92804, 0, 25, 1, 24, 0, 0
94350, 1, 26, 0, 26, 1, 0
100133, 11, 10, 2, 8, 11, 0
101872, 6, 4, 1, 3, 6, 0
102045, 1, 6, 1, 5, 1, 0
102239, 9, 8, 4, 4, 9, 0
102373, 0, 5, 0, 5, 0, 0
103718, 57, 7, 4, 3, 3, 54
103838, 0, 2, 0, 2, 0, 0
103854, 0, 1, 0, 1, 0, 0
104099, 0, 4, 1, 3, 0, 0
105022, 2, 17, 3, 14, 2, 0
105108, 1, 2, 1, 1, 0, 1
105372, 1, 3, 0, 3, 1, 0
105512, 1, 9, 0, 9, 0, 1
105736, 0, 1, 0, 1, 0, 0
105974, 16, 3, 2, 1, 16, 0
106193, 1, 8, 1, 7, 1, 0
107553, 3, 31, 0, 31, 3, 0
107838, 55, 101, 77, 24, 55, 0
108562, 0, 7, 1, 6, 0, 0
114167, 4, 40, 1, 39, 4, 0
116368, 0, 1, 0, 1, 0, 0
116898, 0, 1, 0, 1, 0, 0
116915, 0, 1, 0, 1, 0, 0
116990, 1, 1, 0, 1, 0, 1
117005, 0, 1, 0, 1, 0, 0
117050, 3, 2, 1, 1, 3, 0
117078, 0, 1, 0, 1, 0, 0
117140, 0, 1, 0, 1, 0, 0
117141, 0, 1, 0, 1, 0, 0
117150, 0, 1, 0, 1, 0, 0
117163, 0, 1, 0, 1, 0, 0
117215, 0, 27, 1, 26, 0, 0
117695, 0, 1, 0, 1, 0, 0
117698, 0, 1, 0, 1, 0, 0
119310, 2, 3, 0, 3, 2, 0
119445, 0, 1, 0, 1, 0, 0
119449, 1, 2, 0, 2, 1, 0
119494, 0, 1, 0, 1, 0, 0
120258, 0, 2, 0, 2, 0, 0
120822, 0, 2, 0, 2, 0, 0
122532, 0, 2, 0, 2, 0, 0
123665, 0, 3, 0, 3, 0, 0
123698, 0, 5, 0, 5, 0, 0
124054, 7, 25, 6, 19, 7, 0
125708, 2, 2, 1, 1, 1, 1
126051, 6, 10, 0, 10, 4, 2
126235, 0, 2, 0, 2, 0, 0
126693, 1, 4, 2, 2, 1, 0
126886, 0, 1, 0, 1, 0, 0
127401, 0, 1, 0, 1, 0, 0
127719, 0, 1, 0, 1, 0, 0
127803, 0, 1, 0, 1, 0, 0
128846, 0, 1, 0, 1, 0, 0
129043, 4, 5, 1, 4, 2, 2
129095, 14, 13, 13, 0, 14, 0
129171, 0, 1, 0, 1, 0, 0
129219, 0, 1, 0, 1, 0, 0
129514, 8, 2, 1, 1, 8, 0
129536, 0, 1, 0, 1, 0, 0
129788, 0, 1, 0, 1, 0, 0
130123, 0, 1, 0, 1, 0, 0
130124, 0, 6, 0, 6, 0, 0
130137, 0, 6, 0, 6, 0, 0
130251, 0, 1, 0, 1, 0, 0
130311, 2, 2, 1, 1, 2, 0
130470, 0, 2, 0, 2, 0, 0
130620, 2, 2, 0, 2, 2, 0
131265, 1, 1, 0, 1, 0, 1
131283, 0, 1, 0, 1, 0, 0
131460, 0, 2, 0, 2, 0, 0
131462, 0, 1, 0, 1, 0, 0
131479, 0, 4, 0, 4, 0, 0
131639, 0, 1, 0, 1, 0, 0
131696, 0, 7, 0, 7, 0, 0
15135, 27, 19, 19, 0, 27, 0
23593, 38, 5, 4, 1, 38, 0
31212, 19, 11, 11, 0, 19, 0
31816, 0, 13, 2, 11, 0, 0
77270, 41, 59, 56, 3, 38, 3
97453, 19, 19, 19, 0, 18, 1
455, 1, 0, 0, 0, 1, 0
456, 1, 0, 0, 0, 1, 0
457, 5, 4, 4, 0, 4, 1
3459, 3, 2, 1, 1, 2, 1
3461, 1, 1, 1, 0, 1, 0
458, 2, 3, 0, 3, 2, 0
7716, 3, 39, 3, 36, 3, 0
8586, 1, 9, 1, 8, 1, 0
8587, 1, 16, 2, 14, 1, 0
10816, 29, 8, 8, 0, 28, 1
18967, 1, 1, 1, 0, 1, 0
23061, 0, 4, 2, 2, 0, 0
23191, 10, 6, 6, 0, 7, 3
25090, 9, 20, 18, 2, 9, 0
27544, 20, 7, 7, 0, 18, 2
29666, 2, 2, 2, 0, 2, 0
30209, 66, 85, 83, 2, 27, 39
31734, 0, 4, 0, 4, 0, 0
31767, 0, 7, 0, 7, 0, 0
31768, 0, 5, 0, 5, 0, 0
31917, 3, 27, 0, 27, 1, 2
47942, 0, 2, 0, 2, 0, 0
88753, 2, 8, 8, 0, 2, 0
460, 3, 0, 0, 0, 3, 0
461, 0, 1, 1, 0, 0, 0
810, 5, 5, 4, 1, 5, 0
3266, 1, 4, 0, 4, 1, 0
3636, 0, 3, 2, 1, 0, 0
6206, 1, 4, 2, 2, 1, 0
14138, 98, 27, 17, 10, 93, 5
15570, 0, 3, 0, 3, 0, 0
21284, 14, 38, 8, 30, 12, 2
24870, 2, 10, 3, 7, 2, 0
34263, 0, 3, 0, 3, 0, 0
35432, 18, 5, 2, 3, 14, 4
37756, 0, 11, 0, 11, 0, 0
44647, 0, 4, 0, 4, 0, 0
44650, 0, 4, 0, 4, 0, 0
45125, 32, 12, 11, 1, 32, 0
45935, 32, 21, 17, 4, 28, 4
49988, 2, 3, 1, 2, 1, 1
55707, 1, 2, 1, 1, 1, 0
57615, 1, 1, 0, 1, 1, 0
61918, 2, 1, 0, 1, 2, 0
61939, 2, 1, 0, 1, 2, 0
62010, 1, 1, 0, 1, 1, 0
62285, 2, 2, 1, 1, 2, 0
62446, 2, 2, 0, 2, 2, 0
62454, 2, 1, 0, 1, 2, 0
63233, 0, 3, 0, 3, 0, 0
63538, 2, 1, 0, 1, 2, 0
64090, 1, 1, 0, 1, 1, 0
64100, 3, 2, 0, 2, 3, 0
84291, 1, 3, 0, 3, 1, 0
93453, 7, 34, 4, 30, 7, 0
93971, 17, 22, 18, 4, 12, 5
94692, 8, 6, 4, 2, 8, 0
96095, 0, 6, 1, 5, 0, 0
96231, 0, 2, 0, 2, 0, 0
96617, 0, 1, 0, 1, 0, 0
98224, 0, 2, 0, 2, 0, 0
98950, 24, 31, 26, 5, 14, 10
99745, 8, 7, 1, 6, 2, 6
100101, 0, 2, 0, 2, 0, 0
100102, 0, 3, 0, 3, 0, 0
103065, 5, 6, 3, 3, 5, 0
103207, 0, 2, 1, 1, 0, 0
103320, 9, 11, 6, 5, 9, 0
103442, 0, 1, 0, 1, 0, 0
103443, 0, 1, 0, 1, 0, 0
103445, 0, 1, 0, 1, 0, 0
103446, 0, 1, 0, 1, 0, 0
103448, 0, 1, 0, 1, 0, 0
103449, 0, 1, 0, 1, 0, 0
103641, 6, 10, 5, 5, 6, 0
103926, 1, 12, 0, 12, 1, 0
104389, 2, 11, 2, 9, 2, 0
104902, 0, 1, 0, 1, 0, 0
105564, 0, 5, 1, 4, 0, 0
105763, 0, 2, 0, 2, 0, 0
107596, 1, 23, 1, 22, 1, 0
109752, 0, 1, 0, 1, 0, 0
110028, 8, 6, 4, 2, 8, 0
110151, 2, 9, 0, 9, 2, 0
110180, 2, 12, 0, 12, 2, 0
110345, 1, 1, 0, 1, 1, 0
463, 1, 1, 0, 1, 0, 1
773, 29, 7, 6, 1, 29, 0
76978, 1, 1, 1, 0, 1, 0
99638, 0, 1, 1, 0, 0, 0
465, 1, 0, 0, 0, 1, 0
466, 0, 19, 16, 3, 0, 0
467, 8, 3, 3, 0, 8, 0
468, 31, 7, 7, 0, 28, 3
469, 3, 4, 4, 0, 3, 0
472, 255, 67, 62, 5, 255, 0
473, 5, 1, 1, 0, 4, 1
83439, 3, 2, 2, 0, 3, 0
9676, 38, 21, 20, 1, 35, 3
10997, 12, 33, 33, 0, 8, 4
13458, 12, 8, 7, 1, 10, 2
21848, 1, 6, 6, 0, 1, 0
28711, 117, 133, 126, 7, 27, 90
30516, 3, 17, 17, 0, 3, 0
38004, 5, 10, 10, 0, 2, 3
44076, 4, 1, 0, 1, 1, 3
59599, 1, 1, 1, 0, 1, 0
62507, 4, 6, 6, 0, 4, 0
74063, 10, 1, 1, 0, 8, 2
83437, 2, 4, 4, 0, 2, 0
83438, 0, 1, 1, 0, 0, 0
672, 50, 48, 44, 4, 50, 0
1036, 135, 44, 38, 6, 134, 1
1131, 18, 15, 14, 1, 11, 7
1156, 27, 11, 11, 0, 26, 1
2054, 0, 15, 10, 5, 0, 0
2419, 1, 66, 64, 2, 1, 0
2496, 32, 53, 42, 11, 30, 2
3655, 56, 86, 85, 1, 40, 16
3880, 230, 130, 121, 9, 73, 157
7382, 14, 64, 52, 12, 13, 1
7712, 81, 54, 52, 2, 80, 1
11243, 7, 15, 9, 6, 6, 1
11304, 20, 20, 18, 2, 20, 0
11746, 13, 25, 25, 0, 13, 0
12045, 3, 11, 10, 1, 3, 0
12154, 19, 83, 79, 4, 19, 0
12161, 92, 74, 71, 3, 92, 0
13822, 14, 17, 15, 2, 14, 0
14549, 191, 39, 38, 1, 191, 0
14813, 31, 25, 23, 2, 27, 4
14907, 0, 18, 18, 0, 0, 0
17995, 296, 99, 92, 7, 252, 44
18949, 27, 56, 56, 0, 27, 0
20357, 3, 6, 4, 2, 1, 2
20582, 113, 49, 48, 1, 113, 0
21145, 179, 132, 129, 3, 115, 64
21650, 5, 7, 5, 2, 2, 3
21687, 41, 8, 7, 1, 8, 33
22681, 33, 34, 34, 0, 33, 0
24477, 16, 49, 45, 4, 10, 6
24493, 1, 9, 9, 0, 1, 0
24565, 9, 6, 6, 0, 9, 0
24766, 27, 34, 34, 0, 27, 0
25040, 100, 53, 52, 1, 90, 10
25502, 7, 2, 1, 1, 7, 0
26870, 1, 4, 4, 0, 1, 0
28009, 5, 14, 13, 1, 5, 0
29642, 29, 21, 20, 1, 26, 3
29907, 1, 7, 7, 0, 1, 0
30785, 35, 82, 80, 2, 35, 0
31999, 16, 19, 16, 3, 13, 3
32497, 4, 17, 17, 0, 4, 0
34369, 19, 23, 16, 7, 16, 3
34567, 15, 11, 10, 1, 13, 2
35109, 27, 68, 67, 1, 27, 0
35281, 0, 3, 2, 1, 0, 0
35987, 15, 44, 43, 1, 15, 0
36979, 8, 10, 9, 1, 8, 0
38436, 2, 1, 1, 0, 2, 0
38437, 10, 27, 21, 6, 10, 0
39623, 75, 30, 28, 2, 70, 5
40351, 18, 76, 70, 6, 18, 0
44108, 16, 18, 15, 3, 8, 8
44474, 12, 12, 12, 0, 11, 1
44758, 33, 19, 19, 0, 31, 2
45032, 1, 5, 4, 1, 1, 0
45815, 18, 10, 10, 0, 18, 0
46993, 1, 3, 3, 0, 1, 0
47084, 0, 24, 24, 0, 0, 0
47115, 92, 52, 50, 2, 92, 0
48210, 9, 9, 7, 2, 8, 1
49320, 9, 34, 34, 0, 9, 0
50281, 87, 51, 46, 5, 87, 0
50611, 4, 13, 13, 0, 4, 0
51490, 44, 10, 8, 2, 41, 3
51833, 22, 35, 33, 2, 22, 0
52272, 10, 35, 34, 1, 9, 1
53000, 82, 70, 69, 1, 82, 0
53026, 12, 14, 14, 0, 12, 0
53115, 2, 6, 5, 1, 2, 0
53171, 461, 112, 109, 3, 461, 0
54051, 12, 14, 10, 4, 12, 0
54266, 4, 7, 7, 0, 4, 0
54318, 19, 12, 11, 1, 19, 0
54691, 13, 15, 14, 1, 13, 0
54766, 1, 8, 7, 1, 1, 0
55277, 2, 16, 14, 2, 2, 0
55282, 54, 20, 20, 0, 54, 0
55380, 44, 41, 41, 0, 44, 0
55527, 11, 15, 8, 7, 10, 1
57876, 1, 3, 3, 0, 1, 0
57880, 3, 26, 26, 0, 3, 0
58361, 1, 16, 16, 0, 0, 1
58541, 13, 7, 7, 0, 13, 0
58644, 44, 19, 19, 0, 43, 1
59729, 18, 20, 17, 3, 18, 0
59744, 1, 2, 2, 0, 0, 1
60746, 11, 134, 133, 1, 10, 1
60986, 1, 6, 6, 0, 1, 0
61166, 26, 39, 39, 0, 26, 0
62588, 8, 16, 14, 2, 8, 0
62786, 13, 25, 25, 0, 13, 0
62973, 63, 41, 41, 0, 63, 0
63133, 3, 6, 4, 2, 3, 0
63189, 58, 19, 19, 0, 58, 0
63260, 51, 48, 48, 0, 51, 0
63798, 71, 42, 42, 0, 71, 0
63858, 16, 6, 5, 1, 16, 0
64560, 127, 91, 91, 0, 127, 0
65192, 2, 3, 3, 0, 2, 0
65320, 9, 9, 9, 0, 9, 0
65354, 11, 14, 14, 0, 11, 0
65469, 9, 13, 13, 0, 9, 0
65661, 48, 22, 22, 0, 48, 0
66308, 0, 9, 8, 1, 0, 0
67210, 7, 11, 11, 0, 7, 0
67539, 4, 5, 5, 0, 4, 0
67882, 17, 11, 11, 0, 17, 0
68328, 4, 16, 16, 0, 4, 0
70557, 3, 5, 5, 0, 3, 0
70739, 4, 5, 5, 0, 4, 0
70980, 2, 1, 1, 0, 2, 0
71004, 1, 2, 2, 0, 1, 0
71106, 1, 3, 3, 0, 1, 0
71131, 5, 6, 4, 2, 5, 0
71401, 20, 9, 9, 0, 20, 0
71690, 0, 2, 2, 0, 0, 0
71973, 5, 17, 16, 1, 5, 0
72528, 0, 4, 4, 0, 0, 0
73477, 3, 5, 5, 0, 3, 0
73530, 2, 3, 3, 0, 2, 0
73573, 0, 2, 2, 0, 0, 0
74119, 1, 1, 1, 0, 1, 0
75319, 45, 6, 6, 0, 45, 0
75654, 0, 4, 4, 0, 0, 0
76243, 0, 2, 2, 0, 0, 0
76570, 20, 9, 8, 1, 18, 2
78361, 0, 2, 2, 0, 0, 0
79482, 4, 9, 9, 0, 4, 0
81283, 4, 10, 8, 2, 4, 0
81495, 0, 5, 5, 0, 0, 0
82216, 1, 4, 4, 0, 1, 0
82852, 0, 2, 2, 0, 0, 0
83440, 1, 1, 1, 0, 1, 0
83640, 2, 1, 1, 0, 2, 0
85776, 1, 3, 3, 0, 0, 1
86118, 0, 2, 2, 0, 0, 0
86362, 1, 1, 1, 0, 0, 1
86975, 0, 2, 2, 0, 0, 0
88472, 0, 1, 1, 0, 0, 0
88473, 0, 1, 1, 0, 0, 0
88474, 0, 1, 1, 0, 0, 0
88475, 0, 1, 1, 0, 0, 0
88476, 0, 1, 1, 0, 0, 0
88477, 0, 1, 1, 0, 0, 0
88478, 0, 1, 1, 0, 0, 0
88479, 0, 2, 2, 0, 0, 0
88480, 0, 1, 1, 0, 0, 0
88481, 0, 1, 1, 0, 0, 0
88482, 0, 1, 1, 0, 0, 0
88483, 0, 1, 1, 0, 0, 0
88484, 0, 1, 1, 0, 0, 0
88485, 0, 1, 1, 0, 0, 0
1933, 9, 17, 15, 2, 9, 0
2001, 125, 46, 45, 1, 125, 0
2049, 35, 41, 37, 4, 33, 2
2185, 327, 36, 34, 2, 324, 3
3010, 17, 240, 229, 11, 13, 4
3782, 6, 20, 20, 0, 4, 2
4022, 43, 46, 41, 5, 43, 0
4238, 12, 59, 55, 4, 12, 0
4306, 50, 69, 66, 3, 47, 3
5740, 1, 119, 116, 3, 1, 0
6010, 30, 21, 19, 2, 30, 0
6148, 33, 44, 43, 1, 33, 0
6336, 1, 6, 5, 1, 1, 0
8832, 23, 215, 212, 3, 17, 6
9446, 54, 58, 57, 1, 53, 1
10080, 12, 75, 73, 2, 10, 2
10573, 120, 168, 167, 1, 120, 0
10671, 53, 82, 80, 2, 52, 1
11980, 6, 17, 17, 0, 6, 0
12004, 123, 50, 47, 3, 123, 0
12295, 18, 66, 64, 2, 17, 1
12826, 14, 32, 30, 2, 14, 0
13180, 38, 93, 87, 6, 38, 0
13279, 19, 19, 19, 0, 19, 0
13280, 12, 10, 9, 1, 10, 2
14860, 33, 89, 85, 4, 31, 2
15218, 16, 53, 50, 3, 16, 0
15854, 263, 38, 33, 5, 202, 61
18327, 9, 27, 27, 0, 9, 0
19797, 1, 30, 30, 0, 1, 0
20372, 118, 63, 56, 7, 118, 0
20955, 80, 49, 49, 0, 80, 0
21106, 18, 19, 19, 0, 18, 0
21150, 0, 21, 20, 1, 0, 0
21662, 21, 22, 22, 0, 21, 0
21904, 41, 40, 39, 1, 37, 4
22074, 12, 24, 24, 0, 11, 1
23219, 3, 34, 33, 1, 3, 0
23834, 84, 70, 68, 2, 81, 3
23939, 5, 27, 26, 1, 5, 0
24130, 24, 179, 175, 4, 24, 0
24361, 140, 61, 60, 1, 140, 0
24362, 5, 12, 12, 0, 5, 0
24504, 22, 44, 42, 2, 22, 0
24515, 432, 84, 76, 8, 432, 0
24608, 1, 15, 15, 0, 1, 0
25074, 24, 15, 12, 3, 24, 0
25076, 5, 21, 19, 2, 5, 0
25537, 66, 79, 75, 4, 66, 0
26438, 11, 13, 12, 1, 11, 0
26554, 132, 67, 64, 3, 132, 0
30399, 43, 118, 116, 2, 3, 40
31288, 36, 34, 34, 0, 36, 0
31563, 22, 25, 24, 1, 18, 4
32770, 24, 77, 76, 1, 24, 0
33749, 88, 62, 45, 17, 87, 1
34095, 69, 26, 25, 1, 69, 0
35569, 108, 80, 77, 3, 108, 0
36208, 57, 70, 70, 0, 56, 1
37104, 1, 11, 11, 0, 1, 0
37964, 7, 23, 22, 1, 7, 0
39399, 182, 72, 71, 1, 182, 0
41542, 3, 4, 4, 0, 3, 0
41989, 36, 7, 4, 3, 36, 0
42095, 63, 21, 21, 0, 61, 2
42252, 6, 9, 8, 1, 5, 1
42320, 0, 30, 30, 0, 0, 0
42943, 1, 43, 42, 1, 1, 0
43478, 27, 21, 21, 0, 26, 1
44069, 3, 5, 5, 0, 3, 0
44727, 42, 21, 21, 0, 42, 0
44756, 40, 34, 34, 0, 40, 0
44799, 33, 104, 104, 0, 33, 0
46705, 13, 11, 11, 0, 12, 1
46740, 329, 76, 73, 3, 329, 0
47042, 50, 39, 38, 1, 50, 0
48638, 4, 1, 1, 0, 3, 1
49773, 0, 15, 15, 0, 0, 0
49983, 53, 25, 23, 2, 53, 0
51301, 79, 105, 104, 1, 79, 0
52458, 9, 10, 10, 0, 9, 0
52774, 344, 100, 81, 19, 333, 11
56020, 6, 5, 5, 0, 6, 0
57312, 0, 155, 154, 1, 0, 0
58109, 6, 13, 12, 1, 6, 0
58429, 0, 58, 58, 0, 0, 0
59586, 64, 18, 18, 0, 64, 0
62298, 48, 20, 18, 2, 48, 0
64164, 125, 41, 41, 0, 125, 0
65730, 80, 22, 21, 1, 80, 0
65914, 6, 6, 6, 0, 6, 0
66650, 66, 24, 24, 0, 66, 0
67577, 66, 33, 30, 3, 66, 0
68167, 1, 1, 1, 0, 1, 0
68478, 6, 10, 10, 0, 6, 0
68496, 8, 18, 18, 0, 8, 0
68863, 36, 47, 47, 0, 36, 0
68977, 2, 12, 12, 0, 2, 0
69266, 12, 70, 69, 1, 12, 0
70246, 74, 30, 29, 1, 74, 0
70467, 2, 31, 31, 0, 2, 0
70564, 13, 11, 11, 0, 13, 0
70979, 22, 21, 21, 0, 22, 0
71278, 6, 10, 10, 0, 6, 0
71937, 20, 3, 3, 0, 20, 0
71954, 2, 5, 5, 0, 2, 0
72032, 0, 10, 10, 0, 0, 0
72258, 15, 11, 11, 0, 15, 0
72346, 52, 31, 30, 1, 52, 0
72988, 8, 11, 11, 0, 8, 0
73421, 3, 1, 1, 0, 3, 0
73502, 12, 15, 14, 1, 12, 0
74382, 1, 2, 2, 0, 1, 0
74404, 16, 5, 5, 0, 16, 0
74995, 2, 3, 3, 0, 1, 1
75071, 5, 6, 6, 0, 5, 0
77038, 7, 2, 2, 0, 6, 1
78181, 3, 4, 4, 0, 3, 0
79167, 27, 24, 24, 0, 27, 0
80967, 1, 1, 1, 0, 1, 0
85067, 4, 6, 6, 0, 4, 0
86395, 0, 2, 2, 0, 0, 0
87139, 4, 2, 2, 0, 4, 0
87140, 1, 5, 5, 0, 1, 0
87141, 2, 3, 3, 0, 2, 0
10110, 0, 10, 0, 10, 0, 0
42653, 6, 6, 6, 0, 5, 1
58087, 0, 3, 3, 0, 0, 0
474, 6, 2, 2, 0, 3, 3
3413, 4, 12, 11, 1, 4, 0
48789, 4, 7, 4, 3, 4, 0
62547, 0, 13, 5, 8, 0, 0
478, 2, 2, 2, 0, 2, 0
730, 15, 8, 5, 3, 7, 8
817, 6, 3, 2, 1, 4, 2
859, 1, 1, 1, 0, 1, 0
972, 3, 1, 1, 0, 3, 0
1028, 5, 3, 1, 2, 4, 1
1103, 3, 3, 2, 1, 3, 0
1252, 10, 1, 1, 0, 9, 1
1381, 2, 11, 2, 9, 2, 0
1430, 9, 4, 4, 0, 6, 3
1543, 3, 4, 4, 0, 3, 0
1595, 2, 1, 1, 0, 2, 0
1623, 5, 4, 4, 0, 5, 0
1703, 9, 5, 5, 0, 7, 2
1759, 0, 2, 2, 0, 0, 0
1770, 3, 1, 1, 0, 2, 1
1968, 7, 1, 1, 0, 7, 0
2101, 1, 1, 1, 0, 1, 0
2131, 7, 6, 5, 1, 7, 0
2189, 10, 6, 6, 0, 10, 0
2396, 4, 3, 2, 1, 4, 0
2958, 1, 2, 2, 0, 1, 0
3475, 3, 2, 1, 1, 3, 0
4296, 9, 10, 10, 0, 9, 0
5789, 1, 1, 1, 0, 1, 0
6629, 5, 4, 4, 0, 5, 0
7156, 2, 3, 3, 0, 2, 0
8175, 40, 18, 18, 0, 31, 9
9641, 3, 15, 13, 2, 3, 0
12318, 1, 2, 1, 1, 1, 0
13594, 7, 5, 4, 1, 7, 0
14647, 37, 15, 14, 1, 37, 0
15059, 7, 6, 5, 1, 7, 0
15534, 8, 6, 5, 1, 6, 2
16379, 5, 1, 1, 0, 5, 0
16948, 29, 13, 13, 0, 29, 0
17826, 13, 5, 5, 0, 7, 6
18099, 20, 15, 9, 6, 20, 0
18213, 0, 5, 0, 5, 0, 0
18215, 0, 7, 0, 7, 0, 0
21517, 1, 3, 3, 0, 1, 0
23265, 0, 3, 1, 2, 0, 0
24533, 18, 14, 14, 0, 18, 0
24589, 10, 11, 11, 0, 10, 0
25349, 53, 10, 8, 2, 51, 2
26763, 32, 15, 14, 1, 32, 0
27877, 2, 5, 4, 1, 2, 0
30851, 0, 4, 2, 2, 0, 0
31391, 1, 2, 2, 0, 1, 0
32312, 5, 12, 11, 1, 4, 1
32313, 12, 4, 4, 0, 11, 1
32314, 0, 1, 1, 0, 0, 0
32315, 2, 3, 2, 1, 2, 0
32316, 0, 1, 1, 0, 0, 0
32317, 0, 2, 1, 1, 0, 0
32318, 0, 1, 1, 0, 0, 0
32319, 0, 1, 1, 0, 0, 0
32320, 0, 1, 1, 0, 0, 0
32321, 1, 3, 3, 0, 1, 0
32322, 0, 1, 1, 0, 0, 0
32323, 0, 1, 1, 0, 0, 0
32324, 0, 3, 3, 0, 0, 0
32325, 0, 2, 2, 0, 0, 0
32326, 1, 3, 3, 0, 1, 0
32327, 0, 1, 1, 0, 0, 0
32328, 0, 2, 2, 0, 0, 0
32329, 0, 1, 1, 0, 0, 0
32330, 1, 1, 1, 0, 1, 0
32331, 0, 1, 1, 0, 0, 0
32332, 5, 3, 3, 0, 5, 0
32333, 3, 4, 4, 0, 3, 0
32334, 16, 3, 3, 0, 16, 0
32335, 2, 1, 1, 0, 2, 0
32336, 6, 2, 1, 1, 5, 1
32337, 2, 1, 1, 0, 2, 0
32338, 2, 12, 12, 0, 2, 0
32339, 0, 1, 1, 0, 0, 0
32340, 0, 1, 0, 1, 0, 0
32341, 0, 1, 0, 1, 0, 0
32342, 0, 1, 1, 0, 0, 0
32343, 20, 10, 10, 0, 20, 0
32344, 0, 1, 1, 0, 0, 0
32345, 6, 9, 9, 0, 6, 0
32346, 2, 1, 1, 0, 2, 0
32347, 9, 5, 3, 2, 8, 1
33852, 0, 4, 4, 0, 0, 0
35877, 0, 5, 4, 1, 0, 0
46488, 31, 13, 10, 3, 31, 0
48821, 14, 20, 12, 8, 14, 0
53224, 4, 3, 3, 0, 4, 0
57786, 3, 4, 2, 2, 3, 0
82358, 17, 8, 8, 0, 17, 0
96827, 7, 3, 3, 0, 7, 0
96967, 2, 3, 3, 0, 1, 1
97362, 6, 3, 3, 0, 5, 1
97416, 1, 4, 4, 0, 1, 0
97534, 3, 5, 4, 1, 3, 0
98165, 0, 1, 1, 0, 0, 0
98214, 6, 2, 2, 0, 6, 0
98518, 2, 1, 1, 0, 2, 0
98964, 0, 1, 1, 0, 0, 0
99154, 1, 1, 1, 0, 1, 0
99268, 0, 3, 3, 0, 0, 0
476, 1, 1, 0, 1, 0, 1
43329, 29, 8, 7, 1, 27, 2
479, 0, 1, 1, 0, 0, 0
480, 1, 0, 0, 0, 1, 0
6728, 114, 120, 116, 4, 101, 13
19180, 29, 8, 1, 7, 17, 12
19184, 2, 2, 1, 1, 1, 1
20843, 18, 41, 41, 0, 18, 0
23996, 45, 37, 35, 2, 44, 1
482, 1, 0, 0, 0, 1, 0
14519, 33, 65, 60, 5, 28, 5
484, 2, 2, 2, 0, 2, 0
485, 1, 3, 3, 0, 1, 0
486, 1, 0, 0, 0, 1, 0
487, 20, 2, 2, 0, 20, 0
50476, 77, 32, 31, 1, 77, 0
93149, 0, 2, 2, 0, 0, 0
95978, 0, 1, 1, 0, 0, 0
488, 2, 0, 0, 0, 2, 0
489, 0, 2, 2, 0, 0, 0
490, 7, 17, 15, 2, 7, 0
108228, 1, 1, 1, 0, 1, 0
117752, 2, 2, 2, 0, 2, 0
123233, 1, 1, 1, 0, 1, 0
492, 41, 60, 59, 1, 37, 4
493, 5, 6, 6, 0, 5, 0
1329, 102, 24, 24, 0, 78, 24
6716, 4, 5, 5, 0, 4, 0
6852, 33, 47, 46, 1, 31, 2
18030, 23, 13, 13, 0, 23, 0
23486, 35, 15, 12, 3, 35, 0
27456, 7, 27, 25, 2, 6, 1
31181, 26, 9, 8, 1, 24, 2
37281, 29, 3, 3, 0, 29, 0
43335, 10, 6, 5, 1, 10, 0
71269, 16, 11, 10, 1, 14, 2
83868, 3, 6, 6, 0, 3, 0
92843, 29, 31, 28, 3, 29, 0
93863, 35, 13, 12, 1, 35, 0
97104, 0, 1, 0, 1, 0, 0
97248, 5, 4, 4, 0, 5, 0
98095, 6, 4, 3, 1, 6, 0
98613, 73, 23, 12, 11, 71, 2
100286, 0, 1, 0, 1, 0, 0
114062, 30, 13, 4, 9, 30, 0
4291, 137, 62, 57, 5, 123, 14
18146, 150, 131, 126, 5, 105, 45
20881, 22, 12, 8, 4, 22, 0
24636, 97, 68, 68, 0, 82, 15
42927, 12, 28, 4, 24, 12, 0
66732, 26, 17, 16, 1, 26, 0
70471, 0, 1, 0, 1, 0, 0
33254, 206, 56, 55, 1, 204, 2
47880, 2, 3, 3, 0, 2, 0
494, 1, 0, 0, 0, 1, 0
10052, 2, 8, 0, 8, 2, 0
14018, 0, 5, 0, 5, 0, 0
14771, 2, 3, 1, 2, 1, 1
14955, 9, 9, 9, 0, 9, 0
16619, 0, 12, 0, 12, 0, 0
18879, 0, 5, 0, 5, 0, 0
18881, 0, 2, 0, 2, 0, 0
20545, 0, 2, 0, 2, 0, 0
21748, 0, 3, 0, 3, 0, 0
23648, 0, 3, 0, 3, 0, 0
35126, 17, 25, 23, 2, 17, 0
39209, 6, 9, 7, 2, 6, 0
52084, 0, 2, 0, 2, 0, 0
53900, 0, 2, 0, 2, 0, 0
53901, 0, 2, 0, 2, 0, 0
53902, 0, 2, 0, 2, 0, 0
53947, 0, 4, 0, 4, 0, 0
53948, 0, 3, 0, 3, 0, 0
58758, 0, 1, 0, 1, 0, 0
58760, 0, 1, 0, 1, 0, 0
58797, 0, 1, 0, 1, 0, 0
58798, 0, 1, 0, 1, 0, 0
58814, 0, 1, 0, 1, 0, 0
58816, 0, 1, 0, 1, 0, 0
109507, 3, 21, 4, 17, 0, 3
497, 1, 0, 0, 0, 0, 1
4145, 4, 9, 8, 1, 4, 0
499, 1, 0, 0, 0, 1, 0
500, 1, 0, 0, 0, 1, 0
501, 4, 6, 6, 0, 4, 0
39725, 34, 9, 9, 0, 34, 0
502, 1, 0, 0, 0, 1, 0
504, 4, 0, 0, 0, 3, 1
505, 0, 2, 1, 1, 0, 0
7412, 125, 66, 53, 13, 24, 101
506, 1, 0, 0, 0, 1, 0
507, 19, 7, 6, 1, 19, 0
12579, 145, 106, 97, 9, 144, 1
21388, 33, 33, 33, 0, 33, 0
38113, 28, 27, 27, 0, 28, 0
60678, 49, 25, 23, 2, 45, 4
61995, 24, 27, 27, 0, 24, 0
65319, 20, 12, 12, 0, 20, 0
65321, 5, 13, 13, 0, 5, 0
65322, 4, 18, 18, 0, 4, 0
508, 1, 0, 0, 0, 1, 0
509, 1, 0, 0, 0, 0, 1
510, 2, 3, 2, 1, 2, 0
18781, 10, 10, 10, 0, 10, 0
69849, 3, 2, 2, 0, 3, 0
511, 1, 0, 0, 0, 1, 0
512, 1, 0, 0, 0, 1, 0
514, 1, 0, 0, 0, 1, 0
4190, 10, 13, 13, 0, 10, 0
5371, 8, 26, 20, 6, 6, 2
7909, 17, 16, 12, 4, 15, 2
8005, 33, 50, 47, 3, 33, 0
11253, 58, 58, 52, 6, 46, 12
11324, 1, 5, 0, 5, 0, 1
12954, 6, 10, 10, 0, 6, 0
13992, 59, 68, 62, 6, 45, 14
17819, 13, 12, 0, 12, 2, 11
20978, 0, 7, 0, 7, 0, 0
21288, 27, 42, 40, 2, 27, 0
38566, 162, 50, 42, 8, 157, 5
39175, 1, 2, 2, 0, 1, 0
44460, 61, 19, 13, 6, 57, 4
44461, 1, 3, 3, 0, 1, 0
44462, 0, 1, 1, 0, 0, 0
44463, 0, 1, 0, 1, 0, 0
44464, 0, 1, 0, 1, 0, 0
104899, 12, 5, 4, 1, 12, 0
114050, 3, 11, 7, 4, 3, 0
120144, 0, 1, 1, 0, 0, 0
516, 2, 0, 0, 0, 0, 2
517, 0, 1, 0, 1, 0, 0
518, 0, 1, 0, 1, 0, 0
519, 1, 1, 1, 0, 1, 0
520, 1, 2, 2, 0, 1, 0
521, 1, 0, 0, 0, 1, 0
522, 4, 13, 12, 1, 4, 0
119438, 1, 1, 1, 0, 1, 0
523, 1, 0, 0, 0, 1, 0
524, 5, 3, 3, 0, 5, 0
28912, 0, 6, 6, 0, 0, 0
6557, 0, 9, 0, 9, 0, 0
9307, 16, 24, 24, 0, 16, 0
104434, 1, 2, 1, 1, 1, 0
105832, 3, 3, 3, 0, 3, 0
527, 2, 0, 0, 0, 0, 2
725, 24, 39, 37, 2, 21, 3
2028, 212, 42, 40, 2, 212, 0
9937, 24, 32, 27, 5, 24, 0
21485, 1, 2, 1, 1, 1, 0
33498, 2, 3, 2, 1, 2, 0
33499, 2, 4, 3, 1, 2, 0
33523, 4, 2, 2, 0, 4, 0
93996, 1, 1, 1, 0, 1, 0
529, 1, 0, 0, 0, 1, 0
16179, 12, 10, 10, 0, 12, 0
29879, 62, 24, 22, 2, 62, 0
43794, 8, 21, 12, 9, 7, 1
44957, 2, 16, 16, 0, 2, 0
51246, 1, 1, 1, 0, 1, 0
51292, 31, 11, 10, 1, 31, 0
51599, 8, 4, 3, 1, 6, 2
531, 1, 0, 0, 0, 1, 0
2498, 0, 11, 9, 2, 0, 0
5528, 3, 92, 83, 9, 3, 0
11617, 31, 20, 16, 4, 30, 1
11756, 2, 46, 3, 43, 2, 0
12457, 51, 81, 23, 58, 49, 2
13421, 56, 27, 25, 2, 35, 21
14562, 23, 14, 8, 6, 21, 2
17691, 10, 15, 8, 7, 10, 0
18533, 13, 94, 90, 4, 13, 0
18590, 1, 10, 8, 2, 1, 0
20903, 22, 12, 12, 0, 22, 0
21179, 7, 10, 7, 3, 7, 0
21386, 6, 11, 7, 4, 5, 1
21617, 93, 77, 68, 9, 79, 14
22295, 36, 100, 96, 4, 24, 12
27000, 6, 9, 7, 2, 6, 0
28329, 15, 28, 27, 1, 14, 1
36903, 8, 22, 20, 2, 8, 0
37857, 7, 23, 22, 1, 7, 0
39068, 6, 14, 9, 5, 5, 1
39658, 13, 9, 7, 2, 12, 1
41691, 9, 13, 12, 1, 9, 0
42118, 5, 19, 4, 15, 4, 1
49719, 17, 14, 8, 6, 16, 1
50257, 17, 52, 46, 6, 17, 0
57727, 0, 14, 0, 14, 0, 0
58397, 21, 35, 27, 8, 21, 0
58542, 7, 15, 13, 2, 7, 0
61975, 2, 11, 11, 0, 1, 1
62929, 1, 2, 1, 1, 1, 0
92438, 0, 1, 0, 1, 0, 0
131031, 0, 1, 0, 1, 0, 0
533, 1, 0, 0, 0, 1, 0
534, 2, 1, 1, 0, 2, 0
26684, 4, 9, 8, 1, 4, 0
535, 3, 0, 0, 0, 3, 0
10123, 111, 45, 40, 5, 84, 27
94123, 2, 2, 2, 0, 2, 0
99829, 1, 1, 1, 0, 1, 0
6793, 9, 13, 13, 0, 9, 0
6965, 3, 3, 2, 1, 3, 0
10262, 3, 4, 3, 1, 3, 0
6382, 3, 9, 8, 1, 3, 0
14302, 0, 5, 3, 2, 0, 0
103857, 0, 6, 0, 6, 0, 0
3803, 110, 67, 65, 2, 93, 17
9300, 121, 27, 22, 5, 93, 28
9848, 13, 72, 43, 29, 12, 1
11649, 17, 10, 10, 0, 17, 0
12002, 6, 29, 2, 27, 6, 0
18313, 8, 27, 5, 22, 8, 0
23257, 19, 81, 8, 73, 9, 10
27524, 2, 25, 5, 20, 2, 0
28511, 10, 12, 11, 1, 10, 0
28792, 13, 18, 7, 11, 7, 6
30383, 6, 24, 12, 12, 5, 1
34159, 4, 24, 0, 24, 3, 1
35245, 4, 39, 22, 17, 4, 0
35255, 2, 1, 0, 1, 2, 0
35258, 2, 1, 0, 1, 2, 0
36072, 6, 50, 5, 45, 5, 1
36502, 2, 7, 0, 7, 2, 0
37026, 1, 11, 1, 10, 1, 0
38434, 15, 19, 3, 16, 11, 4
39514, 0, 11, 2, 9, 0, 0
39869, 29, 25, 24, 1, 29, 0
39995, 5, 4, 3, 1, 3, 2
41113, 1, 5, 1, 4, 1, 0
42285, 8, 16, 0, 16, 8, 0
42689, 0, 20, 2, 18, 0, 0
43256, 0, 28, 3, 25, 0, 0
43409, 13, 39, 4, 35, 9, 4
44039, 2, 7, 0, 7, 1, 1
44405, 4, 33, 9, 24, 2, 2
44453, 0, 13, 1, 12, 0, 0
45090, 10, 42, 6, 36, 7, 3
45091, 29, 44, 11, 33, 28, 1
45143, 12, 15, 3, 12, 7, 5
45256, 1, 5, 0, 5, 1, 0
45394, 1, 8, 0, 8, 1, 0
46861, 11, 10, 5, 5, 10, 1
46865, 8, 44, 6, 38, 8, 0
50502, 20, 36, 2, 34, 17, 3
51117, 2, 10, 1, 9, 1, 1
51262, 15, 9, 4, 5, 15, 0
51431, 6, 16, 9, 7, 3, 3
51479, 19, 9, 9, 0, 16, 3
51747, 0, 15, 0, 15, 0, 0
51845, 0, 16, 1, 15, 0, 0
53142, 0, 6, 0, 6, 0, 0
54760, 2, 2, 1, 1, 1, 1
54761, 5, 6, 5, 1, 5, 0
55005, 199, 267, 196, 71, 199, 0
55024, 0, 12, 0, 12, 0, 0
56952, 0, 3, 0, 3, 0, 0
57170, 0, 13, 4, 9, 0, 0
57743, 0, 8, 2, 6, 0, 0
62097, 0, 5, 0, 5, 0, 0
62104, 0, 6, 0, 6, 0, 0
62105, 0, 8, 0, 8, 0, 0
62246, 0, 9, 0, 9, 0, 0
65894, 0, 8, 0, 8, 0, 0
66176, 0, 6, 0, 6, 0, 0
66953, 18, 19, 16, 3, 18, 0
67498, 0, 7, 0, 7, 0, 0
68526, 0, 8, 0, 8, 0, 0
68527, 0, 7, 0, 7, 0, 0
68528, 0, 7, 0, 7, 0, 0
69569, 2, 3, 3, 0, 2, 0
75813, 0, 3, 0, 3, 0, 0
78387, 0, 2, 0, 2, 0, 0
81891, 0, 6, 0, 6, 0, 0
81892, 0, 6, 0, 6, 0, 0
81893, 0, 6, 0, 6, 0, 0
82162, 0, 7, 0, 7, 0, 0
82163, 0, 4, 0, 4, 0, 0
82926, 0, 2, 0, 2, 0, 0
92482, 0, 1, 0, 1, 0, 0
92483, 0, 1, 0, 1, 0, 0
92484, 0, 1, 0, 1, 0, 0
92485, 0, 1, 0, 1, 0, 0
92486, 0, 1, 0, 1, 0, 0
92487, 0, 1, 0, 1, 0, 0
92488, 0, 1, 0, 1, 0, 0
92489, 0, 1, 0, 1, 0, 0
541, 1, 0, 0, 0, 1, 0
542, 81, 27, 26, 1, 18, 63
3680, 13, 26, 4, 22, 13, 0
10881, 9, 26, 23, 3, 4, 5
17729, 1, 3, 0, 3, 1, 0
18044, 0, 4, 0, 4, 0, 0
19403, 0, 5, 0, 5, 0, 0
19722, 54, 36, 35, 1, 16, 38
20339, 0, 7, 1, 6, 0, 0
20343, 0, 5, 0, 5, 0, 0
20479, 3, 3, 1, 2, 3, 0
24958, 0, 3, 0, 3, 0, 0
26393, 0, 5, 0, 5, 0, 0
32742, 0, 4, 0, 4, 0, 0
33317, 0, 3, 0, 3, 0, 0
33318, 3, 4, 3, 1, 3, 0
33319, 7, 3, 2, 1, 7, 0
33320, 2, 3, 2, 1, 2, 0
33321, 0, 7, 0, 7, 0, 0
33322, 0, 5, 0, 5, 0, 0
33324, 0, 2, 0, 2, 0, 0
33326, 0, 1, 0, 1, 0, 0
33327, 17, 7, 3, 4, 15, 2
543, 1, 0, 0, 0, 0, 1
1723, 28, 72, 66, 6, 22, 6
2577, 100, 104, 103, 1, 100, 0
2966, 62, 45, 43, 2, 60, 2
3535, 2, 13, 0, 13, 2, 0
3741, 25, 8, 7, 1, 24, 1
7486, 26, 39, 35, 4, 26, 0
7936, 98, 47, 44, 3, 92, 6
9642, 102, 42, 40, 2, 92, 10
12043, 27, 24, 8, 16, 26, 1
13835, 17, 32, 11, 21, 17, 0
14404, 74, 17, 16, 1, 74, 0
16170, 26, 87, 81, 6, 14, 12
20189, 91, 133, 127, 6, 80, 11
22055, 8, 21, 17, 4, 7, 1
25187, 1, 23, 0, 23, 0, 1
28000, 2, 10, 2, 8, 2, 0
28402, 52, 130, 129, 1, 52, 0
29552, 6, 4, 2, 2, 5, 1
31443, 0, 28, 1, 27, 0, 0
36340, 0, 14, 0, 14, 0, 0
36672, 0, 26, 1, 25, 0, 0
37913, 0, 16, 1, 15, 0, 0
38339, 19, 2, 2, 0, 19, 0
38711, 14, 7, 5, 2, 14, 0
38962, 2, 7, 0, 7, 2, 0
40806, 3, 5, 5, 0, 3, 0
41508, 0, 3, 0, 3, 0, 0
44823, 12, 11, 11, 0, 12, 0
46636, 1, 8, 1, 7, 1, 0
50295, 5, 40, 1, 39, 2, 3
52520, 0, 6, 0, 6, 0, 0
52523, 0, 9, 0, 9, 0, 0
54537, 8, 2, 2, 0, 7, 1
56379, 0, 3, 0, 3, 0, 0
57859, 2, 4, 0, 4, 1, 1
62101, 0, 7, 0, 7, 0, 0
62102, 0, 6, 0, 6, 0, 0
62103, 0, 6, 0, 6, 0, 0
63358, 0, 5, 0, 5, 0, 0
63412, 0, 3, 0, 3, 0, 0
66197, 0, 4, 0, 4, 0, 0
66198, 0, 3, 0, 3, 0, 0
66199, 0, 2, 0, 2, 0, 0
66200, 0, 3, 0, 3, 0, 0
66201, 0, 2, 0, 2, 0, 0
66202, 0, 3, 0, 3, 0, 0
66923, 0, 2, 0, 2, 0, 0
70429, 0, 2, 0, 2, 0, 0
70430, 0, 2, 0, 2, 0, 0
75186, 0, 2, 0, 2, 0, 0
75187, 0, 3, 0, 3, 0, 0
78363, 0, 7, 0, 7, 0, 0
82759, 0, 4, 0, 4, 0, 0
85390, 0, 2, 0, 2, 0, 0
88005, 0, 2, 0, 2, 0, 0
92612, 0, 1, 0, 1, 0, 0
93282, 2, 2, 2, 0, 2, 0
545, 2, 1, 1, 0, 1, 1
3804, 35, 16, 9, 7, 34, 1
6385, 12, 29, 25, 4, 12, 0
7842, 19, 35, 35, 0, 19, 0
8209, 149, 78, 53, 25, 136, 13
8506, 56, 20, 17, 3, 55, 1
11692, 47, 103, 37, 66, 47, 0
12314, 6, 37, 35, 2, 2, 4
12894, 2, 2, 1, 1, 1, 1
13580, 4, 18, 6, 12, 1, 3
14191, 2, 25, 10, 15, 2, 0
15046, 0, 2, 1, 1, 0, 0
15601, 0, 57, 3, 54, 0, 0
15720, 92, 35, 24, 11, 86, 6
16199, 1, 2, 1, 1, 1, 0
18690, 110, 53, 50, 3, 94, 16
19227, 6, 23, 13, 10, 6, 0
20316, 0, 8, 0, 8, 0, 0
24272, 102, 11, 4, 7, 102, 0
24630, 73, 19, 15, 4, 73, 0
27462, 14, 16, 9, 7, 14, 0
27731, 5, 6, 5, 1, 5, 0
32465, 1, 6, 0, 6, 1, 0
33405, 11, 37, 23, 14, 11, 0
33407, 5, 19, 1, 18, 2, 3
33680, 21, 12, 9, 3, 10, 11
34535, 1, 4, 0, 4, 1, 0
35077, 2, 20, 3, 17, 1, 1
35578, 79, 79, 26, 53, 77, 2
36069, 82, 12, 9, 3, 79, 3
37136, 1, 12, 3, 9, 1, 0
37191, 2, 16, 1, 15, 2, 0
37593, 24, 16, 4, 12, 22, 2
37954, 1, 6, 1, 5, 1, 0
38375, 0, 4, 0, 4, 0, 0
38909, 0, 14, 0, 14, 0, 0
39033, 1, 2, 0, 2, 1, 0
39034, 1, 37, 3, 34, 1, 0
39565, 0, 6, 0, 6, 0, 0
40249, 2, 7, 3, 4, 2, 0
40558, 0, 23, 4, 19, 0, 0
40773, 10, 9, 5, 4, 8, 2
40774, 9, 8, 4, 4, 7, 2
40795, 5, 40, 16, 24, 4, 1
41097, 0, 9, 0, 9, 0, 0
41190, 11, 16, 3, 13, 10, 1
41258, 18, 11, 7, 4, 18, 0
41539, 6, 12, 3, 9, 5, 1
42006, 1, 3, 2, 1, 1, 0
42311, 2, 8, 1, 7, 0, 2
42377, 73, 14, 11, 3, 71, 2
42666, 1, 6, 0, 6, 1, 0
43310, 5, 24, 18, 6, 4, 1
43540, 6, 36, 21, 15, 6, 0
43716, 0, 5, 0, 5, 0, 0
43931, 7, 3, 1, 2, 7, 0
44096, 10, 9, 6, 3, 8, 2
44347, 1, 1, 0, 1, 1, 0
45130, 3, 10, 3, 7, 3, 0
46209, 1, 9, 4, 5, 1, 0
47938, 2, 1, 0, 1, 2, 0
47939, 15, 38, 23, 15, 15, 0
48311, 8, 19, 0, 19, 8, 0
49755, 1, 19, 1, 18, 1, 0
49925, 0, 8, 0, 8, 0, 0
50094, 13, 10, 5, 5, 12, 1
50478, 1, 21, 2, 19, 1, 0
53737, 14, 25, 14, 11, 13, 1
54246, 0, 2, 0, 2, 0, 0
54657, 1, 1, 0, 1, 1, 0
55927, 6, 8, 2, 6, 6, 0
56523, 27, 25, 25, 0, 27, 0
61652, 0, 6, 0, 6, 0, 0
63086, 0, 2, 2, 0, 0, 0
66111, 0, 9, 0, 9, 0, 0
74229, 4, 4, 3, 1, 4, 0
75473, 0, 2, 0, 2, 0, 0
77678, 0, 5, 0, 5, 0, 0
88864, 0, 1, 0, 1, 0, 0
88865, 0, 5, 0, 5, 0, 0
88866, 0, 1, 0, 1, 0, 0
88867, 0, 1, 0, 1, 0, 0
88868, 0, 1, 0, 1, 0, 0
88869, 0, 1, 0, 1, 0, 0
88870, 0, 2, 0, 2, 0, 0
88871, 0, 3, 0, 3, 0, 0
88872, 0, 3, 0, 3, 0, 0
88873, 0, 3, 0, 3, 0, 0
88874, 0, 3, 0, 3, 0, 0
88875, 0, 3, 0, 3, 0, 0
88876, 0, 3, 0, 3, 0, 0
88877, 0, 1, 0, 1, 0, 0
99414, 0, 1, 0, 1, 0, 0
553, 22, 14, 12, 2, 12, 10
8008, 9, 33, 16, 17, 6, 3
14049, 14, 18, 16, 2, 14, 0
25943, 0, 5, 2, 3, 0, 0
25956, 7, 35, 11, 24, 6, 1
42280, 0, 1, 0, 1, 0, 0
42281, 2, 5, 3, 2, 2, 0
2965, 8, 10, 10, 0, 8, 0
11615, 23, 57, 50, 7, 13, 10
14264, 62, 44, 34, 10, 32, 30
17705, 3, 4, 4, 0, 3, 0
18950, 27, 22, 22, 0, 27, 0
24312, 19, 17, 17, 0, 19, 0
108747, 6, 3, 3, 0, 6, 0
114260, 0, 5, 1, 4, 0, 0
119120, 7, 4, 2, 2, 7, 0
121116, 0, 1, 0, 1, 0, 0
121999, 0, 1, 0, 1, 0, 0
127619, 0, 18, 9, 9, 0, 0
8114, 17, 10, 7, 3, 14, 3
12763, 3, 5, 5, 0, 3, 0
23255, 71, 13, 13, 0, 58, 13
23927, 1, 1, 1, 0, 1, 0
31298, 0, 3, 3, 0, 0, 0
36167, 28, 28, 28, 0, 27, 1
42391, 40, 22, 22, 0, 39, 1
78688, 0, 1, 1, 0, 0, 0
78689, 0, 1, 1, 0, 0, 0
97696, 6, 10, 9, 1, 6, 0
122142, 43, 8, 7, 1, 43, 0
1393, 5, 5, 4, 1, 5, 0
16876, 57, 53, 53, 0, 53, 4
20672, 0, 17, 0, 17, 0, 0
21495, 20, 15, 14, 1, 17, 3
27364, 1, 3, 0, 3, 0, 1
93302, 28, 36, 33, 3, 28, 0
102515, 50, 32, 25, 7, 50, 0
109911, 4, 4, 4, 0, 4, 0
114650, 12, 12, 10, 2, 12, 0
950, 20, 78, 51, 27, 14, 6
3311, 34, 39, 31, 8, 21, 13
3455, 83, 51, 49, 2, 72, 11
5436, 9, 18, 3, 15, 7, 2
12674, 25, 15, 11, 4, 25, 0
14160, 0, 12, 2, 10, 0, 0
15843, 34, 21, 19, 2, 34, 0
18231, 17, 15, 12, 3, 13, 4
19754, 12, 37, 4, 33, 9, 3
21399, 69, 42, 40, 2, 39, 30
24940, 0, 12, 0, 12, 0, 0
25489, 2, 6, 4, 2, 0, 2
25779, 0, 24, 0, 24, 0, 0
29534, 2, 61, 2, 59, 2, 0
29873, 386, 182, 147, 35, 386, 0
30936, 2, 2, 1, 1, 2, 0
38493, 4, 17, 0, 17, 4, 0
38879, 34, 22, 13, 9, 22, 12
38979, 4, 1, 0, 1, 4, 0
39017, 3, 1, 0, 1, 3, 0
39037, 2, 1, 0, 1, 2, 0
39106, 4, 1, 0, 1, 4, 0
39108, 3, 1, 0, 1, 3, 0
43280, 0, 70, 58, 12, 0, 0
45857, 7, 8, 7, 1, 7, 0
46064, 8, 6, 5, 1, 8, 0
46162, 3, 13, 1, 12, 2, 1
47344, 12, 19, 11, 8, 10, 2
47730, 0, 20, 0, 20, 0, 0
49024, 3, 5, 4, 1, 1, 2
49442, 1, 14, 0, 14, 1, 0
52434, 1, 2, 0, 2, 1, 0
56668, 0, 3, 0, 3, 0, 0
58527, 0, 7, 0, 7, 0, 0
75083, 0, 6, 2, 4, 0, 0
92886, 0, 1, 0, 1, 0, 0
104103, 1, 3, 2, 1, 1, 0
3258, 50, 36, 35, 1, 36, 14
7032, 1, 2, 1, 1, 1, 0
7574, 4, 7, 5, 2, 4, 0
14196, 4, 4, 4, 0, 4, 0
14320, 9, 15, 0, 15, 9, 0
14321, 4, 7, 5, 2, 4, 0
14324, 0, 6, 0, 6, 0, 0
14326, 0, 5, 5, 0, 0, 0
14327, 1, 3, 1, 2, 1, 0
3013, 33, 13, 10, 3, 32, 1
3593, 51, 32, 30, 2, 51, 0
13397, 3, 4, 1, 3, 3, 0
14617, 9, 16, 16, 0, 9, 0
17548, 13, 10, 4, 6, 3, 10
17799, 2, 5, 2, 3, 2, 0
20296, 0, 5, 0, 5, 0, 0
20346, 0, 4, 0, 4, 0, 0
20347, 0, 3, 0, 3, 0, 0
25464, 21, 10, 10, 0, 9, 12
26264, 224, 43, 16, 27, 32, 192
26579, 26, 3, 2, 1, 12, 14
28582, 0, 5, 0, 5, 0, 0
29679, 102, 25, 21, 4, 99, 3
31545, 98, 36, 35, 1, 98, 0
33445, 7, 11, 9, 2, 7, 0
35429, 0, 4, 0, 4, 0, 0
35430, 0, 4, 0, 4, 0, 0
35619, 2, 4, 1, 3, 2, 0
38637, 17, 33, 26, 7, 11, 6
40683, 0, 14, 0, 14, 0, 0
42829, 0, 4, 0, 4, 0, 0
42834, 0, 3, 0, 3, 0, 0
45070, 40, 61, 55, 6, 40, 0
46589, 16, 12, 3, 9, 16, 0
49235, 1, 3, 1, 2, 1, 0
49236, 1, 7, 1, 6, 1, 0
50917, 1, 2, 1, 1, 1, 0
51345, 0, 19, 0, 19, 0, 0
51368, 13, 12, 2, 10, 13, 0
52006, 0, 7, 0, 7, 0, 0
59511, 0, 1, 0, 1, 0, 0
59512, 0, 2, 0, 2, 0, 0
59513, 0, 2, 0, 2, 0, 0
59514, 0, 2, 0, 2, 0, 0
59515, 0, 5, 0, 5, 0, 0
59517, 0, 8, 0, 8, 0, 0
59519, 0, 1, 0, 1, 0, 0
59520, 0, 2, 0, 2, 0, 0
59521, 0, 1, 0, 1, 0, 0
59522, 0, 1, 0, 1, 0, 0
59523, 0, 1, 0, 1, 0, 0
4017, 1, 10, 7, 3, 1, 0
4019, 0, 16, 2, 14, 0, 0
8698, 18, 57, 54, 3, 17, 1
16940, 3, 4, 4, 0, 3, 0
17772, 2, 6, 4, 2, 2, 0
26148, 0, 6, 2, 4, 0, 0
48858, 1, 7, 1, 6, 1, 0
93569, 1, 3, 0, 3, 1, 0
96372, 0, 2, 0, 2, 0, 0
103677, 0, 6, 0, 6, 0, 0
115492, 13, 3, 3, 0, 13, 0
557, 1, 0, 0, 0, 1, 0
18331, 10, 10, 8, 2, 10, 0
114765, 8, 12, 9, 3, 6, 2
559, 1, 0, 0, 0, 1, 0
560, 0, 1, 1, 0, 0, 0
561, 1, 0, 0, 0, 1, 0
562, 1, 0, 0, 0, 0, 1
563, 0, 5, 0, 5, 0, 0
566, 7, 6, 6, 0, 7, 0
3820, 60, 8, 2, 6, 14, 46
6096, 4, 14, 14, 0, 4, 0
13115, 8, 5, 5, 0, 8, 0
14252, 24, 8, 8, 0, 18, 6
17687, 10, 6, 6, 0, 10, 0
19251, 2, 2, 2, 0, 2, 0
22200, 3, 4, 0, 4, 2, 1
22667, 8, 13, 12, 1, 7, 1
22929, 1, 4, 1, 3, 1, 0
22951, 3, 1, 0, 1, 2, 1
23151, 1, 3, 1, 2, 1, 0
27008, 1, 12, 0, 12, 1, 0
31763, 0, 4, 0, 4, 0, 0
35704, 17, 9, 9, 0, 17, 0
36179, 0, 2, 0, 2, 0, 0
40016, 2, 1, 0, 1, 1, 1
40017, 1, 2, 1, 1, 0, 1
44504, 2, 3, 3, 0, 2, 0
44539, 6, 4, 4, 0, 6, 0
44666, 20, 10, 9, 1, 20, 0
54372, 6, 2, 1, 1, 5, 1
54374, 0, 4, 0, 4, 0, 0
54375, 0, 1, 0, 1, 0, 0
54376, 0, 1, 0, 1, 0, 0
54377, 25, 9, 7, 2, 25, 0
54379, 0, 2, 0, 2, 0, 0
54380, 0, 2, 0, 2, 0, 0
54383, 0, 4, 0, 4, 0, 0
54384, 0, 1, 0, 1, 0, 0
98777, 1, 1, 1, 0, 0, 1
19375, 20, 15, 15, 0, 13, 7
19714, 17, 9, 7, 2, 13, 4
42312, 7, 5, 5, 0, 7, 0
42313, 0, 6, 6, 0, 0, 0
567, 2, 0, 0, 0, 2, 0
568, 2, 0, 0, 0, 0, 2
2957, 2, 8, 8, 0, 2, 0
5464, 0, 2, 1, 1, 0, 0
22671, 1, 2, 1, 1, 1, 0
25419, 11, 10, 9, 1, 10, 1
35324, 0, 3, 0, 3, 0, 0
35493, 2, 7, 5, 2, 2, 0
38575, 10, 22, 20, 2, 10, 0
41515, 0, 3, 0, 3, 0, 0
41516, 0, 2, 0, 2, 0, 0
41518, 0, 2, 0, 2, 0, 0
41528, 0, 3, 0, 3, 0, 0
45349, 6, 11, 8, 3, 5, 1
47912, 7, 1, 0, 1, 3, 4
84100, 0, 1, 0, 1, 0, 0
84101, 0, 1, 0, 1, 0, 0
84102, 0, 1, 0, 1, 0, 0
84103, 0, 1, 0, 1, 0, 0
84104, 0, 1, 0, 1, 0, 0
84105, 0, 1, 0, 1, 0, 0
1110, 0, 3, 0, 3, 0, 0
4251, 6, 14, 5, 9, 6, 0
5412, 144, 32, 27, 5, 144, 0
5628, 3, 5, 4, 1, 3, 0
6701, 3, 3, 2, 1, 3, 0
9570, 33, 41, 39, 2, 25, 8
9738, 0, 6, 1, 5, 0, 0
11223, 1, 2, 1, 1, 1, 0
11812, 229, 58, 44, 14, 229, 0
11819, 144, 235, 228, 7, 144, 0
11855, 107, 87, 70, 17, 107, 0
13978, 31, 22, 19, 3, 20, 11
15532, 5, 69, 66, 3, 5, 0
16188, 0, 5, 1, 4, 0, 0
17405, 0, 6, 0, 6, 0, 0
17634, 67, 22, 19, 3, 67, 0
17945, 0, 3, 1, 2, 0, 0
18046, 29, 4, 3, 1, 28, 1
18124, 9, 13, 13, 0, 7, 2
19176, 0, 10, 2, 8, 0, 0
19404, 3, 5, 2, 3, 3, 0
19609, 10, 16, 0, 16, 10, 0
19851, 24, 55, 53, 2, 14, 10
20389, 0, 10, 1, 9, 0, 0
20392, 0, 8, 0, 8, 0, 0
20441, 0, 11, 0, 11, 0, 0
20730, 0, 9, 0, 9, 0, 0
20844, 1, 12, 1, 11, 1, 0
20995, 18, 31, 31, 0, 11, 7
22257, 4, 10, 9, 1, 2, 2
23973, 0, 9, 0, 9, 0, 0
24344, 1, 3, 1, 2, 1, 0
24962, 0, 7, 0, 7, 0, 0
26845, 44, 38, 35, 3, 40, 4
29031, 48, 76, 76, 0, 30, 18
29344, 0, 6, 0, 6, 0, 0
30207, 1, 4, 1, 3, 1, 0
30628, 0, 3, 0, 3, 0, 0
30892, 258, 186, 172, 14, 258, 0
31321, 86, 21, 15, 6, 86, 0
32269, 0, 5, 2, 3, 0, 0
32800, 0, 4, 0, 4, 0, 0
33947, 3, 2, 0, 2, 3, 0
37243, 0, 10, 0, 10, 0, 0
37581, 0, 16, 1, 15, 0, 0
37823, 57, 44, 36, 8, 47, 10
37892, 0, 2, 0, 2, 0, 0
39093, 25, 24, 16, 8, 21, 4
40221, 176, 75, 56, 19, 176, 0
40306, 72, 63, 56, 7, 59, 13
41504, 3, 8, 0, 8, 2, 1
42172, 0, 4, 1, 3, 0, 0
42206, 11, 51, 37, 14, 10, 1
42332, 16, 24, 10, 14, 12, 4
42441, 81, 35, 22, 13, 81, 0
42578, 64, 43, 35, 8, 62, 2
43070, 4, 9, 3, 6, 4, 0
44004, 0, 16, 0, 16, 0, 0
44656, 7, 36, 3, 33, 7, 0
44913, 0, 19, 3, 16, 0, 0
45076, 0, 11, 0, 11, 0, 0
46749, 0, 7, 0, 7, 0, 0
46798, 6, 9, 2, 7, 3, 3
47732, 0, 6, 0, 6, 0, 0
48978, 0, 33, 23, 10, 0, 0
49388, 7, 13, 6, 7, 7, 0
49460, 2, 8, 4, 4, 2, 0
49782, 0, 4, 0, 4, 0, 0
51838, 4, 14, 10, 4, 4, 0
53824, 40, 22, 13, 9, 40, 0
53932, 3, 4, 0, 4, 3, 0
55337, 55, 24, 18, 6, 55, 0
56084, 0, 88, 70, 18, 0, 0
56102, 142, 196, 194, 2, 142, 0
56413, 143, 56, 48, 8, 133, 10
57833, 1, 5, 3, 2, 1, 0
57900, 1, 10, 5, 5, 0, 1
57975, 12, 9, 6, 3, 11, 1
60146, 0, 64, 55, 9, 0, 0
60427, 0, 31, 26, 5, 0, 0
60713, 3, 8, 0, 8, 3, 0
62086, 2, 12, 0, 12, 2, 0
62688, 4, 8, 4, 4, 4, 0
71434, 0, 3, 0, 3, 0, 0
71778, 19, 12, 10, 2, 19, 0
73355, 1, 10, 0, 10, 1, 0
74831, 2, 2, 1, 1, 2, 0
79808, 0, 3, 0, 3, 0, 0
85105, 0, 3, 0, 3, 0, 0
89825, 0, 4, 0, 4, 0, 0
89826, 0, 3, 0, 3, 0, 0
89833, 0, 2, 0, 2, 0, 0
90354, 0, 2, 0, 2, 0, 0
92742, 0, 1, 0, 1, 0, 0
92743, 0, 1, 0, 1, 0, 0
92744, 0, 1, 0, 1, 0, 0
92745, 0, 1, 0, 1, 0, 0
92746, 0, 1, 0, 1, 0, 0
92747, 0, 1, 0, 1, 0, 0
94926, 2, 2, 1, 1, 2, 0
95037, 0, 1, 0, 1, 0, 0
95061, 15, 11, 4, 7, 14, 1
95283, 2, 3, 1, 2, 2, 0
95572, 0, 1, 0, 1, 0, 0
95723, 0, 14, 1, 13, 0, 0
106834, 1, 5, 2, 3, 1, 0
113660, 1, 4, 0, 4, 0, 1
119781, 0, 2, 0, 2, 0, 0
119907, 2, 11, 8, 3, 2, 0
122119, 0, 2, 0, 2, 0, 0
126898, 0, 1, 0, 1, 0, 0
131061, 0, 3, 0, 3, 0, 0
571, 2, 1, 1, 0, 2, 0
572, 1, 0, 0, 0, 1, 0
573, 0, 11, 11, 0, 0, 0
574, 1, 0, 0, 0, 0, 1
575, 0, 1, 0, 1, 0, 0
576, 1, 0, 0, 0, 1, 0
577, 1, 1, 0, 1, 1, 0
708, 49, 21, 10, 11, 41, 8
1218, 76, 24, 14, 10, 76, 0
1240, 1, 6, 1, 5, 1, 0
2394, 1, 7, 1, 6, 1, 0
2551, 1, 3, 0, 3, 1, 0
2584, 1, 6, 0, 6, 1, 0
2704, 1, 11, 1, 10, 1, 0
2734, 2, 4, 2, 2, 2, 0
2808, 0, 2, 1, 1, 0, 0
3075, 119, 33, 24, 9, 119, 0
4091, 1, 3, 0, 3, 0, 1
4240, 0, 17, 1, 16, 0, 0
4270, 44, 52, 50, 2, 44, 0
5841, 3, 3, 1, 2, 3, 0
6044, 3, 5, 1, 4, 3, 0
6045, 4, 6, 4, 2, 3, 1
6322, 1, 1, 0, 1, 1, 0
6589, 0, 6, 0, 6, 0, 0
6590, 4, 12, 4, 8, 2, 2
6947, 1, 9, 2, 7, 1, 0
7214, 19, 9, 4, 5, 19, 0
7873, 167, 36, 20, 16, 121, 46
8647, 0, 2, 1, 1, 0, 0
8652, 1, 1, 0, 1, 1, 0
8695, 3, 7, 3, 4, 3, 0
8788, 10, 2, 1, 1, 8, 2
9066, 26, 9, 4, 5, 26, 0
9705, 32, 17, 16, 1, 32, 0
10960, 0, 6, 3, 3, 0, 0
11138, 0, 3, 1, 2, 0, 0
11378, 3, 5, 1, 4, 3, 0
11380, 3, 7, 2, 5, 3, 0
11964, 72, 31, 25, 6, 71, 1
13696, 6, 7, 5, 2, 6, 0
14070, 20, 10, 9, 1, 19, 1
14116, 21, 124, 114, 10, 20, 1
14122, 47, 147, 129, 18, 46, 1
14461, 6, 18, 14, 4, 6, 0
14817, 2, 6, 3, 3, 1, 1
14961, 0, 6, 5, 1, 0, 0
15523, 0, 4, 0, 4, 0, 0
15781, 1, 9, 1, 8, 1, 0
16184, 12, 36, 30, 6, 12, 0
16734, 29, 17, 12, 5, 29, 0
17613, 6, 42, 3, 39, 3, 3
17673, 24, 5, 4, 1, 18, 6
17750, 1, 3, 0, 3, 1, 0
17894, 0, 6, 0, 6, 0, 0
18608, 10, 16, 3, 13, 10, 0
18882, 3, 5, 3, 2, 3, 0
19150, 0, 7, 3, 4, 0, 0
19451, 11, 11, 6, 5, 11, 0
19582, 2, 1, 0, 1, 2, 0
19584, 1, 4, 3, 1, 1, 0
19710, 2, 7, 0, 7, 2, 0
19923, 20, 10, 9, 1, 13, 7
20067, 7, 22, 18, 4, 5, 2
20310, 0, 9, 0, 9, 0, 0
20377, 0, 4, 0, 4, 0, 0
21146, 63, 58, 54, 4, 61, 2
21670, 19, 31, 29, 2, 9, 10
21671, 1, 9, 0, 9, 1, 0
21747, 0, 3, 0, 3, 0, 0
21975, 3, 5, 4, 1, 3, 0
23058, 1, 3, 0, 3, 1, 0
23573, 8, 6, 3, 3, 8, 0
25243, 10, 13, 12, 1, 10, 0
25488, 1, 2, 0, 2, 1, 0
26686, 13, 12, 11, 1, 12, 1
27209, 0, 6, 0, 6, 0, 0
28466, 4, 2, 1, 1, 4, 0
28751, 2, 14, 8, 6, 1, 1
28875, 5, 9, 6, 3, 5, 0
28876, 2, 5, 3, 2, 1, 1
29251, 0, 7, 2, 5, 0, 0
29351, 1, 5, 3, 2, 1, 0
29376, 28, 18, 10, 8, 13, 15
30043, 20, 16, 15, 1, 18, 2
30891, 243, 157, 152, 5, 243, 0
30929, 0, 2, 0, 2, 0, 0
32011, 0, 3, 0, 3, 0, 0
32149, 0, 4, 0, 4, 0, 0
32164, 1, 4, 0, 4, 1, 0
32165, 0, 6, 2, 4, 0, 0
32167, 1, 4, 0, 4, 1, 0
33454, 3, 13, 7, 6, 3, 0
33951, 16, 9, 9, 0, 16, 0
34258, 0, 3, 0, 3, 0, 0
34350, 52, 12, 9, 3, 51, 1
34411, 0, 5, 0, 5, 0, 0
34588, 7, 5, 3, 2, 7, 0
36196, 0, 5, 0, 5, 0, 0
36967, 5, 8, 7, 1, 2, 3
37201, 0, 3, 0, 3, 0, 0
37225, 2, 3, 0, 3, 1, 1
37371, 0, 9, 0, 9, 0, 0
39059, 0, 4, 2, 2, 0, 0
40163, 1, 4, 2, 2, 1, 0
40545, 1, 13, 3, 10, 1, 0
40656, 0, 2, 0, 2, 0, 0
40657, 0, 1, 0, 1, 0, 0
40658, 0, 1, 0, 1, 0, 0
40659, 0, 2, 0, 2, 0, 0
40660, 0, 4, 0, 4, 0, 0
40661, 0, 5, 0, 5, 0, 0
40662, 0, 5, 0, 5, 0, 0
40663, 0, 9, 0, 9, 0, 0
40664, 0, 5, 0, 5, 0, 0
40665, 0, 10, 0, 10, 0, 0
40667, 0, 3, 0, 3, 0, 0
40668, 0, 3, 0, 3, 0, 0
40669, 0, 1, 0, 1, 0, 0
40670, 0, 1, 0, 1, 0, 0
40671, 0, 1, 0, 1, 0, 0
40672, 0, 1, 0, 1, 0, 0
40673, 0, 5, 0, 5, 0, 0
40674, 0, 1, 0, 1, 0, 0
40675, 0, 1, 0, 1, 0, 0
40676, 0, 2, 0, 2, 0, 0
40677, 1, 1, 0, 1, 1, 0
40678, 0, 2, 0, 2, 0, 0
40679, 1, 2, 1, 1, 1, 0
40680, 0, 3, 0, 3, 0, 0
40681, 0, 5, 0, 5, 0, 0
41034, 1, 2, 0, 2, 1, 0
41702, 3, 4, 1, 3, 3, 0
41883, 1, 5, 1, 4, 1, 0
43472, 6, 3, 1, 2, 6, 0
44307, 10, 19, 14, 5, 10, 0
44381, 1, 6, 0, 6, 1, 0
47099, 23, 10, 8, 2, 23, 0
48278, 8, 23, 16, 7, 7, 1
48778, 9, 5, 1, 4, 4, 5
48779, 1, 3, 1, 2, 1, 0
50825, 1, 3, 1, 2, 1, 0
52782, 49, 18, 16, 2, 48, 1
56530, 1, 6, 3, 3, 1, 0
58770, 3, 13, 2, 11, 3, 0
60553, 8, 7, 5, 2, 7, 1
63377, 9, 3, 1, 2, 9, 0
63677, 5, 16, 12, 4, 5, 0
63723, 2, 6, 0, 6, 0, 2
65094, 1, 6, 5, 1, 1, 0
65161, 15, 15, 7, 8, 15, 0
66498, 6, 8, 7, 1, 6, 0
66500, 0, 9, 0, 9, 0, 0
67318, 4, 2, 1, 1, 4, 0
73768, 0, 4, 0, 4, 0, 0
74140, 27, 9, 6, 3, 26, 1
74580, 5, 11, 5, 6, 5, 0
77257, 3, 6, 5, 1, 3, 0
77261, 35, 11, 11, 0, 35, 0
79321, 5, 3, 2, 1, 5, 0
79410, 0, 1, 0, 1, 0, 0
81525, 3, 1, 0, 1, 3, 0
81526, 9, 2, 1, 1, 9, 0
81527, 0, 3, 1, 2, 0, 0
82377, 19, 6, 0, 6, 19, 0
82386, 9, 10, 0, 10, 9, 0
82393, 3, 6, 2, 4, 2, 1
83369, 2, 2, 1, 1, 2, 0
84337, 1, 1, 0, 1, 1, 0
86653, 2, 1, 0, 1, 2, 0
86654, 1, 5, 4, 1, 1, 0
87004, 2, 1, 0, 1, 2, 0
87939, 0, 2, 1, 1, 0, 0
90984, 2, 2, 1, 1, 1, 1
92826, 26, 22, 15, 7, 23, 3
95153, 1, 4, 0, 4, 0, 1
95220, 3, 13, 3, 10, 3, 0
95693, 4, 10, 6, 4, 4, 0
95880, 5, 5, 4, 1, 5, 0
95980, 0, 1, 0, 1, 0, 0
95981, 0, 1, 0, 1, 0, 0
96197, 0, 10, 2, 8, 0, 0
96223, 15, 4, 0, 4, 0, 15
96297, 1, 3, 2, 1, 1, 0
96883, 2, 12, 5, 7, 2, 0
96958, 1, 3, 0, 3, 1, 0
96989, 3, 5, 0, 5, 0, 3
97024, 1, 2, 0, 2, 1, 0
97064, 0, 1, 0, 1, 0, 0
97204, 2, 2, 0, 2, 2, 0
97206, 3, 14, 4, 10, 3, 0
97744, 1, 3, 2, 1, 1, 0
97925, 0, 1, 0, 1, 0, 0
98340, 3, 2, 0, 2, 3, 0
98348, 16, 12, 4, 8, 10, 6
98441, 50, 4, 2, 2, 4, 46
98595, 7, 6, 3, 3, 7, 0
98833, 0, 1, 0, 1, 0, 0
99182, 1, 1, 0, 1, 1, 0
99183, 1, 1, 0, 1, 1, 0
99373, 0, 1, 0, 1, 0, 0
99454, 0, 21, 0, 21, 0, 0
99945, 0, 2, 1, 1, 0, 0
100285, 4, 10, 2, 8, 4, 0
100335, 2, 1, 0, 1, 2, 0
100374, 2, 3, 1, 2, 2, 0
100486, 3, 6, 5, 1, 3, 0
100693, 6, 7, 6, 1, 6, 0
100723, 0, 1, 0, 1, 0, 0
100771, 9, 8, 3, 5, 6, 3
100803, 2, 1, 0, 1, 2, 0
100813, 0, 1, 0, 1, 0, 0
100818, 1, 5, 3, 2, 1, 0
100979, 2, 3, 0, 3, 2, 0
101002, 4, 5, 3, 2, 4, 0
101199, 1, 3, 0, 3, 1, 0
101337, 2, 3, 1, 2, 2, 0
101414, 5, 12, 2, 10, 1, 4
101638, 4, 8, 2, 6, 4, 0
101995, 2, 2, 0, 2, 2, 0
102190, 1, 1, 0, 1, 1, 0
102222, 0, 6, 1, 5, 0, 0
102354, 0, 3, 1, 2, 0, 0
102356, 0, 1, 0, 1, 0, 0
102476, 2, 5, 0, 5, 2, 0
102545, 0, 1, 0, 1, 0, 0
102703, 1, 1, 0, 1, 1, 0
102780, 0, 1, 0, 1, 0, 0
102954, 52, 47, 31, 16, 49, 3
103015, 0, 2, 0, 2, 0, 0
103282, 1, 3, 1, 2, 1, 0
103432, 10, 14, 1, 13, 10, 0
103601, 3, 55, 3, 52, 3, 0
103742, 0, 4, 2, 2, 0, 0
103827, 0, 1, 0, 1, 0, 0
103952, 3, 8, 1, 7, 1, 2
104183, 8, 7, 3, 4, 8, 0
104192, 3, 8, 1, 7, 3, 0
104272, 8, 18, 2, 16, 6, 2
104534, 1, 3, 1, 2, 1, 0
104718, 0, 10, 0, 10, 0, 0
104747, 0, 6, 0, 6, 0, 0
104941, 0, 3, 2, 1, 0, 0
104954, 20, 22, 21, 1, 20, 0
105062, 0, 2, 0, 2, 0, 0
105142, 3, 6, 0, 6, 3, 0
105153, 0, 2, 1, 1, 0, 0
105373, 0, 5, 1, 4, 0, 0
105455, 0, 2, 1, 1, 0, 0
106107, 0, 5, 0, 5, 0, 0
106423, 6, 2, 1, 1, 6, 0
106585, 0, 1, 0, 1, 0, 0
106603, 1, 6, 0, 6, 1, 0
106608, 0, 1, 0, 1, 0, 0
106609, 0, 1, 0, 1, 0, 0
106715, 0, 2, 0, 2, 0, 0
107301, 2, 6, 0, 6, 2, 0
107329, 0, 1, 0, 1, 0, 0
107588, 14, 2, 0, 2, 14, 0
107777, 31, 24, 18, 6, 31, 0
107921, 2, 4, 3, 1, 2, 0
108080, 0, 9, 0, 9, 0, 0
108098, 0, 7, 0, 7, 0, 0
108412, 0, 9, 0, 9, 0, 0
108690, 6, 2, 1, 1, 6, 0
108719, 0, 12, 0, 12, 0, 0
108859, 1, 2, 1, 1, 1, 0
109465, 1, 4, 2, 2, 1, 0
109801, 0, 20, 1, 19, 0, 0
109843, 5, 13, 3, 10, 3, 2
109855, 65, 49, 42, 7, 65, 0
110152, 0, 2, 0, 2, 0, 0
110278, 0, 4, 0, 4, 0, 0
110393, 1, 7, 0, 7, 1, 0
110396, 0, 2, 0, 2, 0, 0
110466, 0, 2, 0, 2, 0, 0
110610, 2, 20, 1, 19, 2, 0
110723, 1, 17, 1, 16, 1, 0
111079, 2, 6, 1, 5, 2, 0
111107, 0, 6, 0, 6, 0, 0
111247, 1, 1, 0, 1, 1, 0
111294, 0, 1, 0, 1, 0, 0
111312, 1, 8, 6, 2, 1, 0
111329, 0, 7, 0, 7, 0, 0
111435, 10, 24, 1, 23, 10, 0
111568, 0, 1, 0, 1, 0, 0
111617, 1, 8, 1, 7, 1, 0
111680, 0, 2, 0, 2, 0, 0
112000, 1, 1, 0, 1, 1, 0
112005, 0, 4, 0, 4, 0, 0
112062, 0, 1, 0, 1, 0, 0
112104, 1, 3, 2, 1, 1, 0
112232, 2, 4, 1, 3, 2, 0
112242, 0, 1, 0, 1, 0, 0
112249, 0, 8, 2, 6, 0, 0
112313, 6, 3, 0, 3, 6, 0
112339, 0, 3, 0, 3, 0, 0
112361, 6, 9, 5, 4, 6, 0
112572, 0, 2, 1, 1, 0, 0
112580, 2, 1, 0, 1, 2, 0
112635, 2, 5, 0, 5, 2, 0
112665, 0, 2, 1, 1, 0, 0
112814, 0, 3, 1, 2, 0, 0
113056, 1, 3, 1, 2, 0, 1
113061, 5, 1, 0, 1, 2, 3
113186, 0, 1, 0, 1, 0, 0
113262, 5, 1, 0, 1, 5, 0
113295, 0, 1, 0, 1, 0, 0
113319, 1, 2, 1, 1, 1, 0
113320, 2, 3, 2, 1, 2, 0
113350, 0, 2, 0, 2, 0, 0
113375, 0, 3, 0, 3, 0, 0
113537, 0, 2, 0, 2, 0, 0
113620, 2, 1, 0, 1, 2, 0
113845, 3, 18, 0, 18, 3, 0
113855, 0, 1, 0, 1, 0, 0
114103, 3, 4, 0, 4, 3, 0
114154, 3, 2, 1, 1, 2, 1
114212, 7, 5, 4, 1, 6, 1
114555, 3, 5, 2, 3, 3, 0
114631, 8, 6, 0, 6, 8, 0
114712, 0, 8, 0, 8, 0, 0
114807, 0, 1, 0, 1, 0, 0
114816, 0, 5, 0, 5, 0, 0
114898, 1, 5, 1, 4, 1, 0
114984, 7, 7, 6, 1, 6, 1
115009, 1, 4, 1, 3, 0, 1
115044, 0, 1, 0, 1, 0, 0
115131, 0, 16, 0, 16, 0, 0
115408, 0, 1, 0, 1, 0, 0
115510, 0, 1, 0, 1, 0, 0
115546, 12, 19, 7, 12, 12, 0
115580, 0, 9, 0, 9, 0, 0
115627, 0, 2, 0, 2, 0, 0
115647, 1, 2, 1, 1, 1, 0
115682, 9, 17, 2, 15, 8, 1
115825, 0, 10, 0, 10, 0, 0
115875, 0, 1, 0, 1, 0, 0
116325, 1, 6, 0, 6, 0, 1
116431, 0, 1, 0, 1, 0, 0
116451, 0, 13, 0, 13, 0, 0
116623, 3, 1, 0, 1, 1, 2
116695, 0, 1, 0, 1, 0, 0
117132, 0, 7, 0, 7, 0, 0
117181, 3, 10, 0, 10, 3, 0
117224, 0, 13, 0, 13, 0, 0
117255, 0, 8, 0, 8, 0, 0
117336, 0, 8, 0, 8, 0, 0
117489, 1, 5, 1, 4, 1, 0
117519, 1, 2, 0, 2, 0, 1
117625, 0, 1, 0, 1, 0, 0
117672, 4, 5, 1, 4, 1, 3
117818, 0, 1, 0, 1, 0, 0
117976, 0, 1, 0, 1, 0, 0
118030, 1, 1, 0, 1, 1, 0
118241, 0, 2, 0, 2, 0, 0
118275, 2, 1, 0, 1, 2, 0
118485, 2, 1, 0, 1, 2, 0
119000, 1, 3, 1, 2, 1, 0
119134, 1, 1, 0, 1, 1, 0
119428, 6, 10, 4, 6, 6, 0
119570, 1, 3, 0, 3, 0, 1
119690, 1, 2, 1, 1, 1, 0
119822, 0, 1, 0, 1, 0, 0
120071, 0, 2, 0, 2, 0, 0
120074, 0, 2, 0, 2, 0, 0
120727, 7, 5, 4, 1, 7, 0
120879, 92, 23, 19, 4, 91, 1
121817, 0, 1, 0, 1, 0, 0
122735, 22, 27, 23, 4, 22, 0
122910, 0, 3, 0, 3, 0, 0
122928, 52, 25, 19, 6, 52, 0
122979, 0, 1, 0, 1, 0, 0
123972, 0, 1, 0, 1, 0, 0
125551, 7, 7, 4, 3, 7, 0
125687, 1, 2, 0, 2, 1, 0
127053, 33, 25, 24, 1, 33, 0
127411, 0, 1, 0, 1, 0, 0
127961, 0, 1, 0, 1, 0, 0
579, 1, 0, 0, 0, 1, 0
580, 1, 0, 0, 0, 1, 0
581, 1, 0, 0, 0, 1, 0
582, 1, 7, 7, 0, 1, 0
820, 6, 19, 17, 2, 2, 4
1343, 4, 5, 4, 1, 3, 1
1460, 10, 6, 2, 4, 9, 1
2571, 1, 8, 0, 8, 1, 0
5526, 1, 9, 1, 8, 1, 0
7625, 1, 3, 1, 2, 1, 0
8070, 3, 1, 0, 1, 2, 1
10686, 2, 5, 4, 1, 2, 0
10738, 6, 11, 7, 4, 3, 3
12680, 7, 17, 1, 16, 7, 0
13360, 1, 6, 2, 4, 1, 0
13604, 1, 2, 0, 2, 1, 0
13780, 12, 8, 7, 1, 12, 0
14146, 12, 30, 10, 20, 10, 2
14915, 0, 3, 0, 3, 0, 0
14916, 0, 5, 0, 5, 0, 0
16712, 1, 3, 1, 2, 1, 0
18444, 100, 12, 9, 3, 100, 0
20406, 0, 4, 0, 4, 0, 0
23895, 2, 22, 10, 12, 2, 0
26692, 29, 24, 21, 3, 26, 3
27156, 0, 2, 0, 2, 0, 0
27157, 0, 3, 0, 3, 0, 0
27158, 0, 4, 0, 4, 0, 0
27285, 0, 22, 0, 22, 0, 0
31764, 0, 10, 2, 8, 0, 0
40458, 0, 2, 1, 1, 0, 0
41939, 35, 13, 11, 2, 35, 0
51085, 0, 2, 0, 2, 0, 0
54782, 0, 4, 2, 2, 0, 0
55223, 1, 1, 0, 1, 1, 0
55956, 0, 11, 0, 11, 0, 0
57178, 0, 161, 141, 20, 0, 0
57287, 0, 11, 0, 11, 0, 0
60309, 0, 2, 0, 2, 0, 0
60310, 0, 2, 0, 2, 0, 0
77047, 0, 1, 0, 1, 0, 0
77048, 0, 1, 0, 1, 0, 0
77049, 0, 1, 0, 1, 0, 0
77050, 0, 1, 0, 1, 0, 0
77051, 0, 1, 0, 1, 0, 0
77052, 0, 1, 0, 1, 0, 0
77053, 0, 1, 0, 1, 0, 0
77054, 0, 1, 0, 1, 0, 0
77055, 0, 1, 0, 1, 0, 0
585, 1, 0, 0, 0, 1, 0
586, 1, 0, 0, 0, 1, 0
587, 1, 0, 0, 0, 1, 0
588, 1, 0, 0, 0, 1, 0
589, 1, 0, 0, 0, 1, 0
590, 1, 0, 0, 0, 1, 0
54723, 18, 19, 19, 0, 18, 0
105297, 21, 39, 38, 1, 21, 0
123727, 0, 4, 0, 4, 0, 0
874, 6, 35, 35, 0, 6, 0
964, 9, 11, 11, 0, 9, 0
2703, 19, 34, 33, 1, 19, 0
4258, 117, 33, 33, 0, 57, 60
6837, 30, 44, 42, 2, 19, 11
11429, 22, 26, 25, 1, 15, 7
13737, 1, 4, 3, 1, 0, 1
15569, 0, 3, 0, 3, 0, 0
17342, 0, 7, 0, 7, 0, 0
18559, 46, 32, 31, 1, 46, 0
18726, 5, 2, 0, 2, 3, 2
19406, 1, 6, 0, 6, 1, 0
23455, 1, 9, 0, 9, 1, 0
23738, 1, 9, 2, 7, 1, 0
27516, 1, 17, 0, 17, 0, 1
28701, 2, 5, 0, 5, 0, 2
29015, 17, 17, 12, 5, 16, 1
29186, 0, 10, 0, 10, 0, 0
29326, 82, 21, 20, 1, 79, 3
30504, 3, 20, 19, 1, 3, 0
32145, 0, 4, 0, 4, 0, 0
34548, 1, 4, 4, 0, 1, 0
35092, 7, 7, 0, 7, 1, 6
35767, 6, 3, 3, 0, 6, 0
36783, 1, 2, 1, 1, 1, 0
37127, 1, 1, 0, 1, 1, 0
42560, 2, 1, 0, 1, 0, 2
48445, 3, 3, 1, 2, 2, 1
52241, 0, 3, 0, 3, 0, 0
54583, 1, 4, 1, 3, 1, 0
58702, 0, 5, 0, 5, 0, 0
85389, 0, 4, 0, 4, 0, 0
90863, 1, 2, 0, 2, 1, 0
92530, 0, 1, 0, 1, 0, 0
92531, 0, 1, 0, 1, 0, 0
92532, 0, 1, 0, 1, 0, 0
92533, 0, 1, 0, 1, 0, 0
92534, 0, 1, 0, 1, 0, 0
92535, 0, 1, 0, 1, 0, 0
594, 2, 1, 1, 0, 2, 0
597, 1, 3, 3, 0, 1, 0
598, 16, 111, 105, 6, 12, 4
12246, 46, 20, 19, 1, 46, 0
36258, 1, 7, 6, 1, 1, 0
37051, 5, 1, 1, 0, 5, 0
51387, 5, 8, 7, 1, 5, 0
53353, 1, 12, 12, 0, 1, 0
92756, 0, 1, 0, 1, 0, 0
599, 2, 0, 0, 0, 2, 0
601, 1, 1, 1, 0, 0, 1
602, 1, 0, 0, 0, 0, 1
6256, 0, 1, 1, 0, 0, 0
19060, 42, 29, 27, 2, 38, 4
604, 1, 0, 0, 0, 0, 1
605, 1, 10, 9, 1, 1, 0
126499, 0, 1, 1, 0, 0, 0
606, 1, 1, 1, 0, 1, 0
3929, 49, 53, 43, 10, 48, 1
5458, 22, 17, 15, 2, 21, 1
6174, 31, 29, 26, 3, 31, 0
6591, 12, 14, 10, 4, 10, 2
7370, 51, 19, 17, 2, 47, 4
12679, 25, 12, 10, 2, 23, 2
12807, 16, 13, 13, 0, 9, 7
14038, 8, 15, 10, 5, 7, 1
15628, 6, 3, 2, 1, 5, 1
15770, 8, 10, 7, 3, 7, 1
15905, 5, 6, 6, 0, 5, 0
15980, 101, 55, 53, 2, 101, 0
16207, 181, 60, 58, 2, 181, 0
16648, 3, 26, 26, 0, 3, 0
16851, 15, 23, 15, 8, 14, 1
17982, 1, 1, 1, 0, 1, 0
18050, 4, 24, 18, 6, 3, 1
18261, 2, 6, 4, 2, 1, 1
19861, 8, 27, 23, 4, 7, 1
22287, 0, 5, 3, 2, 0, 0
24100, 62, 30, 27, 3, 56, 6
24951, 7, 4, 2, 2, 5, 2
25149, 2, 1, 0, 1, 0, 2
25877, 31, 22, 20, 2, 30, 1
26228, 1, 1, 0, 1, 0, 1
26324, 10, 7, 6, 1, 10, 0
27553, 4, 1, 1, 0, 4, 0
27827, 2, 1, 0, 1, 2, 0
27978, 16, 17, 16, 1, 14, 2
29606, 0, 1, 0, 1, 0, 0
29607, 0, 1, 0, 1, 0, 0
29608, 5, 6, 5, 1, 5, 0
29609, 0, 1, 1, 0, 0, 0
29610, 0, 1, 0, 1, 0, 0
29611, 6, 4, 3, 1, 6, 0
29612, 5, 3, 2, 1, 5, 0
29613, 0, 1, 0, 1, 0, 0
29614, 1, 4, 3, 1, 1, 0
29615, 0, 2, 0, 2, 0, 0
29616, 0, 3, 0, 3, 0, 0
29617, 0, 1, 0, 1, 0, 0
29618, 9, 11, 8, 3, 9, 0
29619, 1, 9, 7, 2, 1, 0
29620, 50, 26, 25, 1, 49, 1
29621, 10, 11, 9, 2, 10, 0
29622, 1, 4, 2, 2, 0, 1
29624, 4, 1, 0, 1, 0, 4
29625, 2, 1, 0, 1, 2, 0
29626, 7, 13, 11, 2, 7, 0
29627, 0, 1, 1, 0, 0, 0
29628, 21, 6, 6, 0, 16, 5
29629, 17, 15, 15, 0, 12, 5
29630, 0, 4, 2, 2, 0, 0
29631, 1, 4, 1, 3, 0, 1
29635, 0, 5, 0, 5, 0, 0
36082, 0, 10, 2, 8, 0, 0
608, 2, 3, 3, 0, 2, 0
610, 1, 0, 0, 0, 0, 1
611, 0, 1, 0, 1, 0, 0
612, 1, 0, 0, 0, 1, 0
613, 1, 0, 0, 0, 1, 0
614, 0, 1, 1, 0, 0, 0
615, 3, 0, 0, 0, 3, 0
616, 5, 14, 14, 0, 5, 0
617, 2, 11, 11, 0, 2, 0
28496, 3, 2, 2, 0, 3, 0
50872, 2, 1, 1, 0, 2, 0
44237, 5, 5, 4, 1, 3, 2
44238, 4, 4, 3, 1, 4, 0
619, 1, 0, 0, 0, 0, 1
620, 1, 0, 0, 0, 1, 0
621, 0, 1, 1, 0, 0, 0
622, 3, 0, 0, 0, 2, 1
624, 0, 1, 1, 0, 0, 0
625, 1, 3, 2, 1, 1, 0
626, 1, 0, 0, 0, 1, 0
627, 0, 57, 56, 1, 0, 0
628, 1, 0, 0, 0, 1, 0
629, 0, 1, 1, 0, 0, 0
630, 1, 0, 0, 0, 0, 1
631, 1, 0, 0, 0, 1, 0
5542, 13, 27, 23, 4, 9, 4
25386, 22, 3, 3, 0, 22, 0
41334, 106, 28, 28, 0, 104, 2
58799, 22, 8, 8, 0, 15, 7
67003, 16, 8, 8, 0, 16, 0
79367, 20, 11, 11, 0, 20, 0
93790, 41, 16, 15, 1, 41, 0
97412, 3, 5, 4, 1, 3, 0
97855, 2, 24, 1, 23, 2, 0
98503, 14, 6, 6, 0, 14, 0
99519, 18, 13, 12, 1, 16, 2
99528, 2, 4, 4, 0, 2, 0
101071, 0, 6, 6, 0, 0, 0
101322, 2, 3, 3, 0, 2, 0
101780, 0, 2, 2, 0, 0, 0
108538, 10, 8, 8, 0, 10, 0
108570, 16, 8, 8, 0, 16, 0
633, 1, 0, 0, 0, 1, 0
635, 1, 0, 0, 0, 1, 0
1897, 41, 21, 21, 0, 40, 1
2260, 35, 34, 34, 0, 35, 0
3666, 22, 21, 21, 0, 20, 2
4224, 5, 6, 5, 1, 5, 0
6114, 14, 9, 7, 2, 14, 0
6355, 72, 26, 22, 4, 66, 6
11806, 98, 33, 30, 3, 98, 0
15592, 1, 4, 1, 3, 0, 1
16177, 9, 8, 7, 1, 9, 0
17186, 10, 8, 3, 5, 10, 0
18537, 133, 52, 50, 2, 119, 14
21120, 83, 42, 40, 2, 83, 0
23583, 6, 7, 5, 2, 4, 2
37716, 7, 4, 4, 0, 7, 0
42499, 0, 5, 0, 5, 0, 0
85145, 6, 5, 2, 3, 6, 0
89940, 0, 3, 2, 1, 0, 0
95521, 0, 1, 0, 1, 0, 0
96319, 1, 5, 0, 5, 1, 0
97759, 0, 1, 0, 1, 0, 0
97760, 0, 1, 0, 1, 0, 0
131070, 0, 2, 0, 2, 0, 0
637, 4, 0, 0, 0, 4, 0
638, 1, 1, 1, 0, 1, 0
639, 1, 2, 2, 0, 1, 0
641, 0, 1, 1, 0, 0, 0
56210, 5, 29, 29, 0, 5, 0
13109, 43, 39, 39, 0, 42, 1
19478, 6, 16, 5, 11, 6, 0
30297, 37, 40, 33, 7, 35, 2
100754, 2, 2, 2, 0, 2, 0
103200, 0, 12, 3, 9, 0, 0
642, 1, 0, 0, 0, 1, 0
6290, 68, 30, 29, 1, 49, 19
19466, 0, 8, 0, 8, 0, 0
19467, 0, 10, 0, 10, 0, 0
19468, 0, 6, 0, 6, 0, 0
34770, 4, 7, 4, 3, 4, 0
36312, 3, 21, 2, 19, 2, 1
40387, 0, 3, 0, 3, 0, 0
40744, 2, 2, 0, 2, 2, 0
41287, 0, 13, 0, 13, 0, 0
44024, 14, 11, 3, 8, 14, 0
48424, 0, 1, 0, 1, 0, 0
118698, 104, 16, 13, 3, 104, 0
130735, 2, 4, 0, 4, 1, 1
131087, 1, 4, 0, 4, 1, 0
644, 1, 0, 0, 0, 1, 0
645, 4, 4, 3, 1, 4, 0
5419, 0, 3, 3, 0, 0, 0
5421, 0, 2, 2, 0, 0, 0
646, 1, 0, 0, 0, 0, 1
11991, 71, 58, 53, 5, 70, 1
18786, 38, 74, 72, 2, 30, 8
45584, 4, 6, 0, 6, 4, 0
48368, 6, 1, 0, 1, 5, 1
50504, 0, 7, 1, 6, 0, 0
50533, 1, 10, 1, 9, 1, 0
53885, 0, 6, 0, 6, 0, 0
68926, 0, 3, 0, 3, 0, 0
68927, 0, 6, 0, 6, 0, 0
68928, 0, 5, 0, 5, 0, 0
85947, 0, 2, 1, 1, 0, 0
85948, 0, 1, 0, 1, 0, 0
85949, 0, 1, 0, 1, 0, 0
85950, 0, 1, 0, 1, 0, 0
85951, 0, 1, 0, 1, 0, 0
85952, 0, 1, 0, 1, 0, 0
85953, 0, 1, 0, 1, 0, 0
85954, 0, 2, 0, 2, 0, 0
85955, 0, 1, 0, 1, 0, 0
92140, 6, 5, 5, 0, 6, 0
648, 1, 0, 0, 0, 1, 0
649, 26, 15, 14, 1, 25, 1
13135, 79, 39, 36, 3, 63, 16
13215, 31, 38, 36, 2, 29, 2
22186, 6, 13, 13, 0, 6, 0
37358, 0, 3, 0, 3, 0, 0
37359, 9, 19, 19, 0, 9, 0
650, 1, 0, 0, 0, 0, 1
651, 1, 5, 1, 4, 1, 0
652, 1, 0, 0, 0, 1, 0
14493, 5, 8, 6, 2, 0, 5
654, 3, 1, 0, 1, 3, 0
1051, 2, 4, 3, 1, 2, 0
1367, 11, 28, 20, 8, 11, 0
1673, 4, 13, 9, 4, 4, 0
1913, 9, 18, 17, 1, 9, 0
2064, 0, 23, 3, 20, 0, 0
2297, 22, 18, 14, 4, 18, 4
2788, 3, 15, 5, 10, 3, 0
3356, 8, 12, 11, 1, 8, 0
4013, 38, 17, 10, 7, 27, 11
4171, 28, 38, 29, 9, 28, 0
5950, 29, 111, 103, 8, 26, 3
6080, 26, 13, 4, 9, 12, 14
6643, 30, 24, 22, 2, 30, 0
7363, 4, 7, 5, 2, 4, 0
7472, 2, 3, 1, 2, 1, 1
7473, 16, 6, 4, 2, 16, 0
7879, 0, 2, 1, 1, 0, 0
7985, 33, 38, 32, 6, 31, 2
9174, 1, 9, 3, 6, 0, 1
10267, 1, 8, 1, 7, 1, 0
10313, 9, 9, 7, 2, 9, 0
10318, 2, 4, 2, 2, 1, 1
10784, 22, 7, 4, 3, 22, 0
11103, 5, 2, 1, 1, 5, 0
11693, 456, 268, 262, 6, 456, 0
11835, 35, 253, 248, 5, 35, 0
11863, 143, 244, 238, 6, 143, 0
12614, 5, 5, 4, 1, 5, 0
12811, 3, 2, 1, 1, 3, 0
13038, 2, 6, 0, 6, 2, 0
13435, 1, 10, 1, 9, 1, 0
13549, 8, 4, 3, 1, 8, 0
14055, 34, 11, 8, 3, 33, 1
14099, 2, 5, 3, 2, 2, 0
14101, 244, 190, 182, 8, 244, 0
14118, 12, 16, 11, 5, 10, 2
14123, 1, 13, 1, 12, 1, 0
14478, 5, 5, 3, 2, 4, 1
14538, 117, 37, 35, 2, 117, 0
15129, 25, 15, 10, 5, 25, 0
15156, 47, 50, 47, 3, 47, 0
15298, 7, 12, 5, 7, 6, 1
15612, 1, 2, 0, 2, 1, 0
16144, 1, 6, 2, 4, 1, 0
16288, 17, 17, 11, 6, 17, 0
16318, 2, 7, 5, 2, 2, 0
16740, 2, 5, 2, 3, 2, 0
16753, 32, 9, 8, 1, 28, 4
17266, 18, 16, 13, 3, 15, 3
17333, 1, 23, 2, 21, 1, 0
17357, 12, 6, 4, 2, 12, 0
17364, 27, 18, 17, 1, 27, 0
17372, 7, 3, 2, 1, 7, 0
17410, 171, 34, 33, 1, 171, 0
18043, 101, 73, 53, 20, 99, 2
18481, 40, 32, 17, 15, 39, 1
18839, 315, 86, 82, 4, 314, 1
19230, 4, 11, 10, 1, 0, 4
19327, 5, 2, 1, 1, 4, 1
19464, 15, 14, 3, 11, 15, 0
19465, 21, 8, 7, 1, 21, 0
19644, 26, 42, 29, 13, 17, 9
20385, 23, 19, 8, 11, 19, 4
20573, 20, 7, 5, 2, 19, 1
20631, 8, 3, 2, 1, 8, 0
20675, 31, 25, 17, 8, 29, 2
21276, 0, 8, 1, 7, 0, 0
21985, 6, 12, 9, 3, 6, 0
22034, 0, 3, 2, 1, 0, 0
22711, 17, 37, 34, 3, 17, 0
24522, 16, 60, 52, 8, 16, 0
25093, 0, 3, 1, 2, 0, 0
26229, 0, 5, 2, 3, 0, 0
26864, 8, 13, 10, 3, 8, 0
26958, 1, 8, 3, 5, 0, 1
27146, 14, 13, 6, 7, 14, 0
27147, 6, 9, 7, 2, 6, 0
27148, 26, 20, 15, 5, 25, 1
27198, 21, 40, 33, 7, 21, 0
27270, 2, 6, 5, 1, 2, 0
27334, 2, 2, 0, 2, 2, 0
28309, 0, 8, 5, 3, 0, 0
28678, 1, 7, 0, 7, 1, 0
28992, 2, 2, 0, 2, 2, 0
28993, 182, 62, 55, 7, 181, 1
29082, 4, 6, 2, 4, 4, 0
29459, 24, 13, 11, 2, 21, 3
30927, 0, 4, 0, 4, 0, 0
31124, 38, 30, 25, 5, 37, 1
31699, 6, 9, 7, 2, 6, 0
31731, 1, 19, 0, 19, 1, 0
32253, 9, 14, 2, 12, 7, 2
32608, 3, 2, 1, 1, 2, 1
33425, 0, 6, 2, 4, 0, 0
33453, 2, 3, 1, 2, 2, 0
33847, 0, 6, 0, 6, 0, 0
33848, 0, 2, 0, 2, 0, 0
33930, 1, 4, 0, 4, 0, 1
34731, 4, 38, 27, 11, 4, 0
34964, 0, 8, 0, 8, 0, 0
36034, 0, 2, 0, 2, 0, 0
36225, 7, 15, 4, 11, 1, 6
36320, 5, 4, 2, 2, 5, 0
36662, 4, 6, 5, 1, 4, 0
38422, 0, 14, 3, 11, 0, 0
38560, 21, 18, 14, 4, 21, 0
39127, 14, 20, 9, 11, 14, 0
39151, 5, 6, 1, 5, 4, 1
39646, 4, 9, 4, 5, 0, 4
39680, 1, 12, 0, 12, 1, 0
40605, 2, 5, 2, 3, 2, 0
40606, 3, 4, 2, 2, 3, 0
41375, 1, 9, 0, 9, 1, 0
41473, 143, 193, 163, 30, 143, 0
41996, 16, 17, 15, 2, 16, 0
42688, 0, 3, 2, 1, 0, 0
43778, 1, 1, 0, 1, 1, 0
43870, 12, 10, 4, 6, 10, 2
44902, 0, 3, 1, 2, 0, 0
45123, 3, 1, 0, 1, 3, 0
45496, 1, 3, 2, 1, 1, 0
45954, 6, 5, 4, 1, 6, 0
46170, 53, 28, 26, 2, 53, 0
46424, 42, 8, 6, 2, 42, 0
46598, 6, 4, 1, 3, 2, 4
46796, 5, 5, 3, 2, 5, 0
46936, 8, 7, 6, 1, 8, 0
47059, 6, 9, 7, 2, 6, 0
47465, 19, 12, 9, 3, 19, 0
47831, 5, 4, 2, 2, 5, 0
47875, 1, 7, 1, 6, 1, 0
47920, 2, 1, 0, 1, 2, 0
48375, 37, 6, 4, 2, 37, 0
48468, 0, 7, 0, 7, 0, 0
49023, 2, 2, 0, 2, 2, 0
50159, 11, 11, 10, 1, 11, 0
50849, 1, 1, 0, 1, 1, 0
51178, 122, 132, 128, 4, 122, 0
51351, 0, 7, 0, 7, 0, 0
51617, 18, 16, 4, 12, 18, 0
53227, 1, 1, 0, 1, 1, 0
53686, 0, 2, 0, 2, 0, 0
54596, 3, 7, 0, 7, 3, 0
54788, 12, 3, 2, 1, 6, 6
55176, 166, 89, 87, 2, 163, 3
55760, 299, 191, 183, 8, 298, 1
55850, 115, 134, 131, 3, 115, 0
55866, 10, 6, 4, 2, 10, 0
56106, 151, 222, 219, 3, 151, 0
56110, 269, 176, 173, 3, 269, 0
56342, 457, 218, 208, 10, 457, 0
56783, 1, 7, 0, 7, 1, 0
56842, 159, 61, 57, 4, 159, 0
56857, 115, 127, 116, 11, 111, 4
56938, 0, 10, 0, 10, 0, 0
57139, 25, 2, 0, 2, 25, 0
57150, 118, 67, 65, 2, 118, 0
57169, 187, 199, 185, 14, 186, 1
57179, 100, 10, 8, 2, 100, 0
57182, 10, 4, 3, 1, 10, 0
57224, 4, 13, 2, 11, 3, 1
57726, 6, 28, 15, 13, 6, 0
58070, 1, 2, 0, 2, 1, 0
58308, 1, 2, 1, 1, 1, 0
58339, 0, 4, 3, 1, 0, 0
58399, 267, 76, 74, 2, 267, 0
58494, 5, 8, 2, 6, 5, 0
58750, 5, 2, 1, 1, 5, 0
59040, 4, 3, 1, 2, 4, 0
59135, 21, 77, 74, 3, 21, 0
59166, 1, 3, 2, 1, 1, 0
59490, 2, 8, 1, 7, 2, 0
60516, 3, 5, 3, 2, 2, 1
62028, 37, 26, 24, 2, 37, 0
62088, 0, 5, 0, 5, 0, 0
62297, 15, 13, 12, 1, 15, 0
62927, 39, 3, 2, 1, 39, 0
62928, 2, 1, 0, 1, 2, 0
62930, 1, 1, 0, 1, 1, 0
62931, 0, 4, 0, 4, 0, 0
62932, 0, 1, 0, 1, 0, 0
62933, 0, 1, 0, 1, 0, 0
62934, 0, 1, 0, 1, 0, 0
62935, 0, 4, 0, 4, 0, 0
62936, 0, 2, 0, 2, 0, 0
62937, 0, 1, 0, 1, 0, 0
62938, 0, 2, 0, 2, 0, 0
62939, 0, 4, 0, 4, 0, 0
62940, 0, 1, 0, 1, 0, 0
62941, 0, 1, 0, 1, 0, 0
62942, 0, 1, 0, 1, 0, 0
62943, 0, 1, 0, 1, 0, 0
62944, 0, 1, 0, 1, 0, 0
62945, 0, 1, 0, 1, 0, 0
62947, 0, 3, 0, 3, 0, 0
62948, 0, 1, 0, 1, 0, 0
62949, 0, 1, 0, 1, 0, 0
62950, 0, 2, 1, 1, 0, 0
62951, 0, 3, 0, 3, 0, 0
62952, 0, 2, 1, 1, 0, 0
62953, 0, 2, 0, 2, 0, 0
62954, 0, 5, 4, 1, 0, 0
62955, 0, 1, 0, 1, 0, 0
62956, 0, 1, 0, 1, 0, 0
62957, 0, 1, 0, 1, 0, 0
62958, 0, 1, 0, 1, 0, 0
62959, 0, 1, 0, 1, 0, 0
63698, 1, 7, 3, 4, 1, 0
65641, 1, 1, 0, 1, 1, 0
66454, 4, 6, 0, 6, 4, 0
66465, 2, 32, 9, 23, 2, 0
67848, 0, 14, 10, 4, 0, 0
70752, 1, 4, 1, 3, 1, 0
79368, 13, 9, 3, 6, 13, 0
80137, 0, 5, 2, 3, 0, 0
80814, 0, 8, 0, 8, 0, 0
80815, 0, 9, 3, 6, 0, 0
80841, 1, 2, 0, 2, 1, 0
87021, 0, 2, 1, 1, 0, 0
92801, 12, 10, 8, 2, 12, 0
93399, 2, 6, 3, 3, 1, 1
94831, 2, 1, 0, 1, 2, 0
97049, 0, 3, 1, 2, 0, 0
97630, 9, 14, 1, 13, 8, 1
98333, 0, 4, 3, 1, 0, 0
99332, 6, 10, 7, 3, 6, 0
99741, 1, 5, 4, 1, 1, 0
99807, 8, 6, 3, 3, 7, 1
100365, 6, 4, 1, 3, 6, 0
100395, 2, 3, 2, 1, 2, 0
100703, 0, 2, 1, 1, 0, 0
101606, 4, 8, 2, 6, 4, 0
101632, 15, 4, 2, 2, 12, 3
101826, 2, 8, 1, 7, 1, 1
101903, 2, 2, 0, 2, 2, 0
102048, 8, 38, 8, 30, 8, 0
102563, 5, 4, 2, 2, 4, 1
102697, 0, 6, 5, 1, 0, 0
102978, 1, 10, 1, 9, 1, 0
103381, 4, 7, 5, 2, 4, 0
103561, 2, 5, 1, 4, 2, 0
103562, 1, 11, 0, 11, 1, 0
103676, 0, 14, 1, 13, 0, 0
103694, 3, 11, 2, 9, 3, 0
103744, 3, 3, 2, 1, 3, 0
103758, 0, 2, 1, 1, 0, 0
103837, 0, 2, 0, 2, 0, 0
104036, 0, 4, 3, 1, 0, 0
104111, 4, 3, 2, 1, 4, 0
104188, 0, 1, 0, 1, 0, 0
104344, 4, 13, 0, 13, 4, 0
104444, 3, 3, 2, 1, 3, 0
104904, 0, 3, 0, 3, 0, 0
104920, 2, 19, 0, 19, 2, 0
105389, 3, 4, 2, 2, 3, 0
105494, 0, 6, 0, 6, 0, 0
105655, 16, 2, 1, 1, 16, 0
105671, 0, 1, 0, 1, 0, 0
105841, 0, 1, 0, 1, 0, 0
106152, 18, 27, 6, 21, 18, 0
106275, 0, 1, 0, 1, 0, 0
106303, 0, 14, 2, 12, 0, 0
106887, 1, 5, 0, 5, 1, 0
107031, 0, 1, 0, 1, 0, 0
107233, 9, 10, 7, 3, 9, 0
107249, 2, 21, 0, 21, 2, 0
107281, 0, 1, 0, 1, 0, 0
107282, 0, 1, 0, 1, 0, 0
107283, 6, 4, 1, 3, 6, 0
107287, 0, 13, 5, 8, 0, 0
107957, 1, 9, 0, 9, 1, 0
108209, 2, 2, 0, 2, 2, 0
108222, 2, 3, 1, 2, 2, 0
108225, 2, 10, 1, 9, 2, 0
108292, 3, 4, 2, 2, 3, 0
108564, 0, 16, 0, 16, 0, 0
108568, 1, 1, 0, 1, 1, 0
108884, 0, 4, 1, 3, 0, 0
109001, 0, 6, 1, 5, 0, 0
109089, 6, 5, 3, 2, 6, 0
109153, 0, 8, 0, 8, 0, 0
109215, 0, 3, 2, 1, 0, 0
109276, 65, 18, 11, 7, 65, 0
109337, 1, 11, 1, 10, 1, 0
109785, 0, 12, 4, 8, 0, 0
110003, 7, 4, 3, 1, 7, 0
110147, 1, 5, 3, 2, 0, 1
110959, 0, 1, 0, 1, 0, 0
111069, 3, 11, 4, 7, 3, 0
111108, 3, 3, 0, 3, 2, 1
111194, 1, 1, 0, 1, 1, 0
111542, 9, 9, 2, 7, 9, 0
111586, 16, 16, 13, 3, 16, 0
111752, 0, 5, 2, 3, 0, 0
112419, 0, 14, 0, 14, 0, 0
112653, 4, 10, 3, 7, 3, 1
113151, 0, 1, 0, 1, 0, 0
113184, 1, 3, 0, 3, 1, 0
113185, 0, 8, 1, 7, 0, 0
113508, 15, 22, 9, 13, 15, 0
113512, 0, 1, 0, 1, 0, 0
113648, 0, 5, 0, 5, 0, 0
113674, 1, 8, 0, 8, 1, 0
113678, 1, 2, 1, 1, 1, 0
113681, 2, 7, 1, 6, 1, 1
113684, 0, 9, 0, 9, 0, 0
113872, 0, 1, 0, 1, 0, 0
114003, 16, 23, 19, 4, 16, 0
114017, 0, 3, 2, 1, 0, 0
114076, 45, 55, 52, 3, 45, 0
114077, 0, 1, 0, 1, 0, 0
114847, 1, 4, 3, 1, 1, 0
114848, 3, 6, 4, 2, 3, 0
114909, 2, 4, 0, 4, 2, 0
114926, 0, 1, 0, 1, 0, 0
114934, 2, 4, 0, 4, 2, 0
114964, 4, 2, 0, 2, 4, 0
115010, 2, 3, 0, 3, 2, 0
115014, 0, 7, 0, 7, 0, 0
115017, 0, 3, 0, 3, 0, 0
115121, 7, 14, 0, 14, 7, 0
115230, 0, 4, 0, 4, 0, 0
115237, 3, 1, 0, 1, 2, 1
115292, 5, 9, 7, 2, 5, 0
115307, 6, 4, 3, 1, 6, 0
115326, 2, 2, 1, 1, 2, 0
115362, 0, 3, 0, 3, 0, 0
115363, 1, 3, 0, 3, 1, 0
115460, 0, 4, 0, 4, 0, 0
115494, 0, 31, 0, 31, 0, 0
115570, 0, 3, 0, 3, 0, 0
115571, 0, 22, 0, 22, 0, 0
115591, 0, 1, 0, 1, 0, 0
115649, 0, 15, 0, 15, 0, 0
115829, 172, 27, 22, 5, 172, 0
115854, 2, 3, 1, 2, 1, 1
115971, 0, 5, 4, 1, 0, 0
116044, 1, 9, 2, 7, 1, 0
116065, 10, 22, 19, 3, 10, 0
116118, 4, 2, 0, 2, 4, 0
116207, 0, 13, 0, 13, 0, 0
116237, 0, 11, 0, 11, 0, 0
116316, 21, 38, 29, 9, 17, 4
116367, 5, 5, 2, 3, 0, 5
116474, 35, 14, 11, 3, 35, 0
116548, 5, 5, 0, 5, 5, 0
116668, 0, 3, 0, 3, 0, 0
116669, 0, 4, 0, 4, 0, 0
116671, 0, 10, 0, 10, 0, 0
116672, 0, 3, 0, 3, 0, 0
116680, 29, 13, 7, 6, 29, 0
116706, 2, 21, 0, 21, 2, 0
116727, 4, 5, 0, 5, 4, 0
116754, 1, 12, 3, 9, 1, 0
116755, 3, 8, 2, 6, 3, 0
116758, 4, 8, 7, 1, 4, 0
116777, 1, 3, 2, 1, 1, 0
116817, 2, 2, 0, 2, 2, 0
116829, 0, 6, 2, 4, 0, 0
117026, 0, 1, 0, 1, 0, 0
117164, 2, 18, 0, 18, 1, 1
117177, 1, 3, 0, 3, 1, 0
117373, 3, 8, 1, 7, 2, 1
117514, 1, 2, 1, 1, 1, 0
117517, 0, 1, 0, 1, 0, 0
117593, 4, 9, 1, 8, 4, 0
117665, 1, 2, 1, 1, 1, 0
117778, 0, 9, 0, 9, 0, 0
117846, 174, 29, 18, 11, 174, 0
117896, 0, 1, 0, 1, 0, 0
118018, 1, 7, 5, 2, 1, 0
118031, 2, 4, 0, 4, 2, 0
118063, 0, 1, 0, 1, 0, 0
118098, 46, 13, 6, 7, 46, 0
118247, 1, 3, 0, 3, 1, 0
118263, 0, 1, 0, 1, 0, 0
118438, 0, 3, 0, 3, 0, 0
118561, 28, 13, 5, 8, 28, 0
118573, 4, 10, 4, 6, 4, 0
118674, 0, 6, 0, 6, 0, 0
118813, 0, 1, 0, 1, 0, 0
118881, 0, 9, 0, 9, 0, 0
118924, 0, 4, 3, 1, 0, 0
118942, 0, 3, 0, 3, 0, 0
118981, 1, 1, 0, 1, 1, 0
119024, 0, 32, 0, 32, 0, 0
119082, 0, 2, 1, 1, 0, 0
119138, 0, 3, 0, 3, 0, 0
119222, 4, 7, 2, 5, 2, 2
119226, 0, 4, 1, 3, 0, 0
119347, 0, 1, 0, 1, 0, 0
119404, 12, 9, 5, 4, 12, 0
119587, 0, 1, 0, 1, 0, 0
119882, 1, 3, 2, 1, 1, 0
119966, 1, 8, 1, 7, 1, 0
119980, 0, 4, 0, 4, 0, 0
120002, 0, 8, 0, 8, 0, 0
120015, 1, 1, 0, 1, 1, 0
120137, 0, 1, 0, 1, 0, 0
120241, 2, 8, 2, 6, 1, 1
120260, 0, 2, 0, 2, 0, 0
120435, 0, 2, 0, 2, 0, 0
120483, 0, 4, 0, 4, 0, 0
120532, 0, 3, 2, 1, 0, 0
120691, 0, 1, 0, 1, 0, 0
120742, 5, 1, 0, 1, 5, 0
120793, 0, 3, 1, 2, 0, 0
120967, 1, 1, 0, 1, 1, 0
120971, 0, 3, 0, 3, 0, 0
121162, 1, 2, 1, 1, 1, 0
121267, 0, 4, 0, 4, 0, 0
121350, 1, 2, 1, 1, 1, 0
121379, 6, 2, 1, 1, 6, 0
121561, 5, 6, 3, 3, 0, 5
122055, 40, 8, 7, 1, 40, 0
122097, 0, 1, 0, 1, 0, 0
122105, 4, 3, 1, 2, 3, 1
122258, 2, 1, 0, 1, 1, 1
122263, 14, 3, 2, 1, 13, 1
122487, 5, 1, 0, 1, 5, 0
122674, 0, 2, 0, 2, 0, 0
122758, 6, 5, 1, 4, 6, 0
123000, 0, 1, 0, 1, 0, 0
123001, 0, 2, 0, 2, 0, 0
123184, 0, 2, 0, 2, 0, 0
123549, 0, 1, 0, 1, 0, 0
123633, 0, 1, 0, 1, 0, 0
123700, 6, 9, 8, 1, 6, 0
123942, 0, 1, 0, 1, 0, 0
124136, 1, 3, 2, 1, 1, 0
124141, 65, 20, 10, 10, 40, 25
124411, 0, 4, 3, 1, 0, 0
124482, 2, 5, 2, 3, 2, 0
124492, 1, 3, 1, 2, 1, 0
124593, 181, 60, 55, 5, 181, 0
124697, 0, 2, 0, 2, 0, 0
124728, 1, 1, 0, 1, 0, 1
124877, 0, 2, 1, 1, 0, 0
124954, 0, 2, 0, 2, 0, 0
125140, 0, 2, 0, 2, 0, 0
125312, 10, 5, 3, 2, 10, 0
125313, 2, 3, 1, 2, 2, 0
125384, 0, 1, 0, 1, 0, 0
125512, 7, 1, 0, 1, 7, 0
125655, 8, 6, 2, 4, 8, 0
125663, 1, 1, 0, 1, 1, 0
125808, 0, 1, 0, 1, 0, 0
125903, 2, 1, 0, 1, 2, 0
125941, 0, 1, 0, 1, 0, 0
126049, 0, 1, 0, 1, 0, 0
126088, 96, 35, 33, 2, 96, 0
126182, 0, 1, 0, 1, 0, 0
126227, 3, 4, 3, 1, 2, 1
126233, 1, 1, 0, 1, 1, 0
126237, 1, 1, 0, 1, 1, 0
126238, 1, 1, 0, 1, 1, 0
126429, 0, 1, 0, 1, 0, 0
126463, 4, 2, 0, 2, 4, 0
126513, 2, 3, 1, 2, 2, 0
126518, 0, 2, 1, 1, 0, 0
126567, 1, 4, 1, 3, 0, 1
126673, 1, 1, 0, 1, 1, 0
126793, 0, 1, 0, 1, 0, 0
126851, 1, 1, 0, 1, 1, 0
126852, 4, 3, 2, 1, 4, 0
126975, 0, 1, 0, 1, 0, 0
126979, 0, 1, 0, 1, 0, 0
127267, 37, 18, 2, 16, 29, 8
127366, 14, 15, 13, 2, 14, 0
127413, 1, 1, 0, 1, 1, 0
127822, 1, 2, 1, 1, 1, 0
127878, 4, 11, 2, 9, 4, 0
128019, 1, 1, 0, 1, 1, 0
128022, 14, 3, 2, 1, 14, 0
128179, 10, 4, 2, 2, 10, 0
128225, 0, 2, 0, 2, 0, 0
128330, 2, 1, 0, 1, 2, 0
128334, 1, 3, 2, 1, 1, 0
128358, 22, 14, 0, 14, 21, 1
128370, 16, 10, 9, 1, 16, 0
128373, 0, 2, 1, 1, 0, 0
128378, 4, 4, 2, 2, 4, 0
128391, 2, 2, 1, 1, 2, 0
128394, 0, 2, 1, 1, 0, 0
128395, 0, 2, 1, 1, 0, 0
128444, 1, 1, 0, 1, 1, 0
128468, 1, 6, 2, 4, 1, 0
128523, 2, 7, 3, 4, 2, 0
128530, 1, 2, 1, 1, 1, 0
128609, 0, 10, 0, 10, 0, 0
128666, 6, 4, 1, 3, 5, 1
128829, 0, 1, 0, 1, 0, 0
128883, 0, 4, 1, 3, 0, 0
128900, 0, 3, 1, 2, 0, 0
128938, 0, 2, 0, 2, 0, 0
128977, 1, 2, 1, 1, 1, 0
129012, 0, 2, 0, 2, 0, 0
129013, 9, 9, 8, 1, 7, 2
129067, 0, 1, 0, 1, 0, 0
129301, 2, 6, 2, 4, 2, 0
129472, 0, 1, 0, 1, 0, 0
129613, 0, 1, 0, 1, 0, 0
129725, 1, 2, 1, 1, 1, 0
129736, 6, 3, 1, 2, 6, 0
129861, 1, 4, 0, 4, 1, 0
129862, 1, 6, 1, 5, 0, 1
129975, 0, 4, 1, 3, 0, 0
130082, 0, 2, 1, 1, 0, 0
130092, 1, 4, 1, 3, 1, 0
130186, 7, 7, 5, 2, 7, 0
130460, 0, 1, 0, 1, 0, 0
130684, 1, 2, 1, 1, 1, 0
131110, 8, 5, 3, 2, 3, 5
131448, 0, 2, 0, 2, 0, 0
131454, 2, 3, 0, 3, 1, 1
131524, 0, 1, 0, 1, 0, 0
11841, 356, 280, 264, 16, 355, 1
13485, 0, 8, 7, 1, 0, 0
21124, 0, 15, 0, 15, 0, 0
23604, 7, 3, 1, 2, 4, 3
27154, 0, 2, 0, 2, 0, 0
33780, 8, 21, 8, 13, 7, 1
35039, 0, 11, 8, 3, 0, 0
40999, 1, 6, 0, 6, 1, 0
42372, 1, 17, 1, 16, 0, 1
42452, 0, 8, 0, 8, 0, 0
43841, 6, 9, 6, 3, 6, 0
48617, 1, 19, 2, 17, 1, 0
52594, 7, 72, 68, 4, 6, 1
57269, 0, 33, 21, 12, 0, 0
57310, 0, 26, 22, 4, 0, 0
57732, 18, 26, 14, 12, 17, 1
66101, 1, 7, 1, 6, 1, 0
84261, 0, 3, 0, 3, 0, 0
92560, 0, 2, 0, 2, 0, 0
92909, 0, 1, 0, 1, 0, 0
92910, 0, 1, 0, 1, 0, 0
92911, 0, 1, 0, 1, 0, 0
94103, 7, 9, 9, 0, 7, 0
96192, 3, 3, 2, 1, 3, 0
96403, 2, 15, 13, 2, 2, 0
99817, 1, 2, 2, 0, 1, 0
101330, 0, 6, 2, 4, 0, 0
103896, 0, 2, 1, 1, 0, 0
106353, 1, 7, 1, 6, 1, 0
109140, 0, 2, 0, 2, 0, 0
128538, 6, 13, 13, 0, 6, 0
658, 1, 0, 0, 0, 1, 0
659, 0, 2, 1, 1, 0, 0
864, 6, 29, 26, 3, 6, 0
1680, 51, 32, 30, 2, 48, 3
2056, 49, 17, 15, 2, 43, 6
3006, 1, 2, 0, 2, 1, 0
3514, 0, 3, 0, 3, 0, 0
3839, 40, 88, 84, 4, 34, 6
4196, 35, 37, 34, 3, 31, 4
5390, 288, 36, 31, 5, 286, 2
6120, 5, 3, 2, 1, 5, 0
6175, 46, 41, 33, 8, 40, 6
6606, 6, 4, 3, 1, 6, 0
6937, 6, 5, 4, 1, 6, 0
7372, 2, 3, 2, 1, 2, 0
8036, 0, 2, 0, 2, 0, 0
8935, 69, 11, 8, 3, 66, 3
9136, 2, 3, 1, 2, 2, 0
9706, 1, 10, 1, 9, 1, 0
9944, 1, 6, 5, 1, 0, 1
10373, 3, 10, 1, 9, 3, 0
10866, 0, 9, 0, 9, 0, 0
10867, 0, 8, 0, 8, 0, 0
10868, 0, 6, 0, 6, 0, 0
10965, 248, 59, 55, 4, 247, 1
10966, 7, 7, 3, 4, 5, 2
11101, 26, 45, 44, 1, 26, 0
12171, 14, 9, 6, 3, 14, 0
14052, 0, 2, 1, 1, 0, 0
14477, 19, 39, 18, 21, 14, 5
14932, 1, 1, 0, 1, 1, 0
14933, 18, 11, 9, 2, 18, 0
15641, 0, 3, 1, 2, 0, 0
15799, 2, 11, 8, 3, 2, 0
17234, 2, 43, 6, 37, 2, 0
17380, 1, 1, 1, 0, 1, 0
18115, 1, 2, 1, 1, 1, 0
18189, 6, 8, 5, 3, 6, 0
18748, 1, 1, 0, 1, 1, 0
19125, 5, 7, 4, 3, 5, 0
19286, 10, 7, 3, 4, 7, 3
19832, 7, 4, 1, 3, 7, 0
20142, 4, 4, 3, 1, 3, 1
20367, 0, 7, 0, 7, 0, 0
20542, 0, 3, 0, 3, 0, 0
20544, 0, 1, 0, 1, 0, 0
20546, 0, 2, 1, 1, 0, 0
20547, 0, 7, 0, 7, 0, 0
20548, 0, 9, 0, 9, 0, 0
20551, 0, 5, 0, 5, 0, 0
20552, 0, 4, 0, 4, 0, 0
20553, 0, 3, 1, 2, 0, 0
20554, 0, 5, 0, 5, 0, 0
20556, 0, 1, 0, 1, 0, 0
20557, 73, 21, 19, 2, 71, 2
20558, 0, 6, 0, 6, 0, 0
20559, 0, 4, 0, 4, 0, 0
20560, 0, 4, 0, 4, 0, 0
20561, 0, 7, 0, 7, 0, 0
20563, 0, 4, 0, 4, 0, 0
20566, 0, 8, 0, 8, 0, 0
20567, 0, 1, 0, 1, 0, 0
20568, 10, 10, 7, 3, 9, 1
20569, 2, 2, 0, 2, 0, 2
20570, 8, 9, 2, 7, 7, 1
20571, 7, 6, 5, 1, 7, 0
20572, 0, 1, 0, 1, 0, 0
20574, 10, 8, 5, 3, 10, 0
20575, 0, 1, 0, 1, 0, 0
20576, 0, 1, 0, 1, 0, 0
20577, 3, 2, 0, 2, 3, 0
20578, 0, 1, 0, 1, 0, 0
20579, 0, 1, 0, 1, 0, 0
20580, 11, 8, 6, 2, 11, 0
20581, 2, 2, 1, 1, 2, 0
20583, 0, 4, 3, 1, 0, 0
20584, 0, 13, 3, 10, 0, 0
20585, 0, 1, 0, 1, 0, 0
20586, 0, 1, 0, 1, 0, 0
20587, 0, 6, 5, 1, 0, 0
20588, 0, 1, 0, 1, 0, 0
20589, 0, 1, 0, 1, 0, 0
20590, 0, 3, 2, 1, 0, 0
20591, 2, 1, 0, 1, 2, 0
20592, 1, 1, 0, 1, 1, 0
20593, 7, 8, 6, 2, 7, 0
20594, 4, 5, 3, 2, 4, 0
20595, 14, 20, 19, 1, 14, 0
20596, 0, 4, 3, 1, 0, 0
20598, 0, 1, 0, 1, 0, 0
20599, 2, 5, 2, 3, 0, 2
20601, 2, 5, 3, 2, 2, 0
20602, 13, 12, 11, 1, 13, 0
20603, 185, 174, 173, 1, 184, 1
20604, 3, 4, 3, 1, 1, 2
20606, 0, 3, 0, 3, 0, 0
20607, 0, 3, 0, 3, 0, 0
20608, 3, 2, 0, 2, 1, 2
20609, 0, 3, 0, 3, 0, 0
20610, 0, 2, 0, 2, 0, 0
20611, 0, 3, 1, 2, 0, 0
24601, 22, 41, 40, 1, 21, 1
29313, 4, 7, 5, 2, 4, 0
33878, 7, 3, 1, 2, 7, 0
34209, 6, 17, 9, 8, 6, 0
36233, 10, 33, 31, 2, 9, 1
42561, 94, 16, 11, 5, 93, 1
50371, 6, 12, 9, 3, 6, 0
74643, 2, 4, 1, 3, 2, 0
77646, 0, 3, 0, 3, 0, 0
83594, 1, 2, 0, 2, 1, 0
94511, 1, 1, 0, 1, 1, 0
95228, 1, 4, 2, 2, 1, 0
96591, 1, 3, 2, 1, 1, 0
96823, 0, 1, 0, 1, 0, 0
99006, 0, 1, 0, 1, 0, 0
102497, 1, 20, 2, 18, 1, 0
102980, 3, 5, 2, 3, 3, 0
103919, 13, 6, 3, 3, 13, 0
104707, 0, 1, 0, 1, 0, 0
104862, 0, 2, 0, 2, 0, 0
105282, 0, 1, 0, 1, 0, 0
105340, 21, 5, 4, 1, 20, 1
105486, 1, 1, 0, 1, 1, 0
105939, 15, 5, 4, 1, 15, 0
106046, 0, 1, 0, 1, 0, 0
107354, 0, 1, 0, 1, 0, 0
109730, 0, 1, 0, 1, 0, 0
109732, 0, 1, 0, 1, 0, 0
109733, 0, 1, 0, 1, 0, 0
109839, 3, 4, 3, 1, 3, 0
114284, 0, 1, 0, 1, 0, 0
118060, 0, 1, 0, 1, 0, 0
120509, 0, 2, 1, 1, 0, 0
120758, 2, 1, 0, 1, 2, 0
121528, 0, 1, 0, 1, 0, 0
123185, 0, 3, 0, 3, 0, 0
123218, 0, 2, 0, 2, 0, 0
123219, 0, 2, 0, 2, 0, 0
123234, 0, 1, 0, 1, 0, 0
123235, 0, 1, 0, 1, 0, 0
123236, 0, 1, 0, 1, 0, 0
123237, 0, 1, 0, 1, 0, 0
123931, 0, 27, 0, 27, 0, 0
124033, 0, 1, 0, 1, 0, 0
124217, 0, 2, 0, 2, 0, 0
124452, 0, 1, 0, 1, 0, 0
124453, 0, 1, 0, 1, 0, 0
124454, 0, 1, 0, 1, 0, 0
124813, 0, 1, 0, 1, 0, 0
125855, 0, 1, 0, 1, 0, 0
126161, 0, 1, 0, 1, 0, 0
126592, 0, 1, 0, 1, 0, 0
127114, 0, 2, 0, 2, 0, 0
127115, 0, 1, 0, 1, 0, 0
127132, 0, 1, 0, 1, 0, 0
127653, 10, 6, 5, 1, 9, 1
128126, 0, 1, 0, 1, 0, 0
662, 1, 0, 0, 0, 1, 0
663, 4, 0, 0, 0, 3, 1
1072, 83, 37, 32, 5, 83, 0
7973, 87, 39, 37, 2, 74, 13
13057, 73, 36, 35, 1, 73, 0
42178, 18, 13, 12, 1, 18, 0
5665, 12, 11, 11, 0, 12, 0
12675, 90, 31, 29, 2, 90, 0
13712, 22, 13, 12, 1, 17, 5
18792, 124, 76, 61, 15, 114, 10
19891, 1, 1, 1, 0, 1, 0
20818, 2, 4, 0, 4, 1, 1
22442, 5, 8, 6, 2, 5, 0
22770, 62, 36, 35, 1, 61, 1
24172, 1, 3, 2, 1, 1, 0
26289, 60, 27, 25, 2, 60, 0
32731, 1, 2, 0, 2, 1, 0
35560, 36, 17, 15, 2, 36, 0
37585, 3, 15, 8, 7, 3, 0
37998, 0, 27, 0, 27, 0, 0
38604, 0, 4, 0, 4, 0, 0
39820, 0, 4, 0, 4, 0, 0
40265, 0, 2, 1, 1, 0, 0
41038, 1, 30, 7, 23, 0, 1
41572, 0, 6, 1, 5, 0, 0
41667, 2, 9, 2, 7, 2, 0
42812, 0, 3, 0, 3, 0, 0
48618, 0, 5, 0, 5, 0, 0
49641, 0, 9, 0, 9, 0, 0
51426, 1, 1, 1, 0, 1, 0
51963, 1, 1, 1, 0, 1, 0
52136, 0, 2, 0, 2, 0, 0
52515, 0, 2, 1, 1, 0, 0
52518, 0, 3, 0, 3, 0, 0
52519, 0, 1, 0, 1, 0, 0
52521, 0, 7, 0, 7, 0, 0
52522, 0, 2, 0, 2, 0, 0
52524, 0, 1, 0, 1, 0, 0
52525, 0, 1, 0, 1, 0, 0
52526, 0, 1, 0, 1, 0, 0
52527, 0, 1, 0, 1, 0, 0
52528, 0, 1, 0, 1, 0, 0
52529, 0, 2, 0, 2, 0, 0
52530, 0, 2, 0, 2, 0, 0
52531, 0, 5, 0, 5, 0, 0
52533, 0, 4, 0, 4, 0, 0
52534, 0, 4, 0, 4, 0, 0
52535, 0, 4, 0, 4, 0, 0
114881, 0, 1, 0, 1, 0, 0
115296, 0, 2, 0, 2, 0, 0
115420, 0, 2, 0, 2, 0, 0
115454, 0, 2, 1, 1, 0, 0
121323, 0, 1, 0, 1, 0, 0
122522, 0, 5, 0, 5, 0, 0
122590, 0, 1, 0, 1, 0, 0
122667, 1, 3, 2, 1, 1, 0
122670, 1, 6, 3, 3, 0, 1
122811, 2, 1, 0, 1, 2, 0
122813, 1, 1, 0, 1, 1, 0
122919, 1, 2, 1, 1, 1, 0
122976, 0, 1, 1, 0, 0, 0
127850, 0, 1, 0, 1, 0, 0
2042, 118, 85, 63, 22, 71, 47
3917, 84, 39, 34, 5, 83, 1
3936, 48, 29, 25, 4, 47, 1
8192, 1, 4, 3, 1, 1, 0
8624, 25, 29, 29, 0, 25, 0
8757, 71, 8, 8, 0, 18, 53
10244, 4, 8, 7, 1, 2, 2
11272, 29, 36, 24, 12, 29, 0
11501, 24, 43, 29, 14, 20, 4
12856, 10, 39, 38, 1, 10, 0
14300, 3, 11, 2, 9, 0, 3
16745, 2, 11, 8, 3, 1, 1
17511, 15, 22, 20, 2, 11, 4
18851, 32, 79, 77, 2, 32, 0
20198, 18, 23, 20, 3, 18, 0
21380, 44, 14, 14, 0, 35, 9
21559, 10, 6, 3, 3, 10, 0
26033, 7, 7, 7, 0, 4, 3
28278, 31, 20, 19, 1, 30, 1
29286, 12, 8, 7, 1, 10, 2
29818, 17, 10, 1, 9, 11, 6
29840, 26, 30, 23, 7, 26, 0
29981, 10, 3, 1, 2, 9, 1
35646, 17, 26, 17, 9, 8, 9
36422, 9, 8, 8, 0, 8, 1
39866, 8, 10, 4, 6, 7, 1
41645, 4, 11, 5, 6, 4, 0
44813, 52, 30, 29, 1, 52, 0
45227, 1, 12, 1, 11, 1, 0
46779, 1, 9, 0, 9, 1, 0
53153, 73, 66, 56, 10, 73, 0
54671, 0, 8, 6, 2, 0, 0
55188, 11, 9, 7, 2, 9, 2
56433, 0, 12, 7, 5, 0, 0
59145, 169, 78, 72, 6, 167, 2
61330, 0, 7, 0, 7, 0, 0
61850, 12, 11, 10, 1, 12, 0
63434, 25, 35, 34, 1, 25, 0
65365, 2, 8, 0, 8, 1, 1
67646, 94, 25, 23, 2, 94, 0
76245, 0, 4, 0, 4, 0, 0
76720, 1, 4, 2, 2, 1, 0
77248, 11, 13, 13, 0, 11, 0
80292, 0, 1, 0, 1, 0, 0
95975, 5, 4, 2, 2, 5, 0
97486, 4, 7, 7, 0, 4, 0
98877, 8, 2, 2, 0, 8, 0
99502, 0, 1, 0, 1, 0, 0
111909, 4, 2, 2, 0, 4, 0
117983, 4, 3, 2, 1, 4, 0
668, 130, 148, 146, 2, 130, 0
2080, 144, 137, 131, 6, 144, 0
9046, 168, 224, 220, 4, 168, 0
11689, 293, 273, 265, 8, 293, 0
11691, 118, 227, 223, 4, 116, 2
11697, 154, 135, 132, 3, 154, 0
11703, 358, 193, 185, 8, 358, 0
11704, 130, 246, 234, 12, 128, 2
11707, 377, 244, 233, 11, 376, 1
11712, 341, 199, 191, 8, 341, 0
11719, 370, 230, 225, 5, 370, 0
11722, 449, 236, 232, 4, 449, 0
11724, 399, 212, 205, 7, 399, 0
11731, 372, 211, 208, 3, 372, 0
11735, 457, 247, 242, 5, 457, 0
11739, 90, 213, 212, 1, 89, 1
11743, 144, 205, 198, 7, 144, 0
11824, 565, 276, 275, 1, 565, 0
11831, 151, 196, 194, 2, 151, 0
11836, 115, 82, 80, 2, 115, 0
11838, 31, 228, 222, 6, 27, 4
11840, 480, 238, 236, 2, 480, 0
11847, 102, 115, 113, 2, 102, 0
11851, 379, 218, 217, 1, 379, 0
11853, 389, 231, 228, 3, 389, 0
11854, 332, 228, 225, 3, 332, 0
11857, 336, 182, 181, 1, 336, 0
11859, 374, 220, 219, 1, 374, 0
11864, 152, 225, 220, 5, 152, 0
11865, 199, 186, 184, 2, 199, 0
11867, 228, 179, 170, 9, 228, 0
11873, 155, 226, 221, 5, 155, 0
11874, 396, 235, 225, 10, 396, 0
11876, 145, 171, 171, 0, 145, 0
11950, 46, 210, 207, 3, 46, 0
25118, 213, 176, 173, 3, 213, 0
30884, 140, 134, 132, 2, 139, 1
30887, 97, 164, 155, 9, 97, 0
30893, 111, 189, 184, 5, 111, 0
30895, 169, 190, 186, 4, 169, 0
30901, 244, 141, 135, 6, 244, 0
30908, 149, 106, 102, 4, 149, 0
30909, 76, 114, 112, 2, 76, 0
34401, 12, 67, 62, 5, 11, 1
38363, 226, 149, 141, 8, 226, 0
44832, 182, 186, 182, 4, 182, 0
46866, 102, 109, 108, 1, 102, 0
47887, 130, 175, 174, 1, 129, 1
49166, 396, 233, 230, 3, 395, 1
53632, 329, 199, 197, 2, 328, 1
54231, 40, 201, 200, 1, 39, 1
54713, 57, 133, 131, 2, 57, 0
55861, 161, 221, 216, 5, 161, 0
56050, 143, 123, 120, 3, 143, 0
56101, 246, 155, 152, 3, 245, 1
56114, 162, 216, 215, 1, 162, 0
56115, 169, 221, 205, 16, 169, 0
56129, 203, 226, 213, 13, 202, 1
56140, 384, 245, 241, 4, 384, 0
56141, 341, 171, 170, 1, 341, 0
56142, 109, 216, 187, 29, 109, 0
56144, 334, 203, 201, 2, 334, 0
56145, 336, 204, 203, 1, 336, 0
56146, 406, 195, 195, 0, 406, 0
56148, 180, 166, 165, 1, 180, 0
56151, 118, 162, 158, 4, 118, 0
56209, 31, 132, 131, 1, 31, 0
56292, 179, 207, 197, 10, 179, 0
56346, 110, 137, 135, 2, 110, 0
56349, 86, 146, 142, 4, 85, 1
56372, 343, 184, 182, 2, 343, 0
56375, 191, 176, 171, 5, 191, 0
56395, 191, 196, 194, 2, 191, 0
56843, 18, 89, 80, 9, 18, 0
56845, 133, 209, 207, 2, 133, 0
56848, 74, 175, 174, 1, 74, 0
56851, 226, 218, 199, 19, 224, 2
56856, 46, 139, 136, 3, 46, 0
57140, 360, 217, 215, 2, 360, 0
57148, 213, 202, 201, 1, 213, 0
57151, 163, 206, 200, 6, 163, 0
57153, 156, 166, 164, 2, 155, 1
57154, 8, 104, 103, 1, 8, 0
57155, 26, 177, 175, 2, 26, 0
57156, 336, 192, 188, 4, 335, 1
57165, 109, 169, 165, 4, 109, 0
57172, 162, 129, 127, 2, 162, 0
57177, 159, 153, 150, 3, 159, 0
57305, 90, 179, 176, 3, 90, 0
57416, 123, 80, 79, 1, 123, 0
57448, 6, 60, 60, 0, 6, 0
57472, 82, 136, 132, 4, 82, 0
57519, 80, 116, 115, 1, 80, 0
57520, 0, 76, 76, 0, 0, 0
57521, 39, 103, 102, 1, 39, 0
57523, 111, 143, 136, 7, 111, 0
57524, 84, 81, 80, 1, 84, 0
57525, 88, 104, 99, 5, 88, 0
669, 1, 0, 0, 0, 0, 1
670, 19, 5, 4, 1, 3, 16
678, 5, 4, 2, 2, 5, 0
679, 3, 12, 12, 0, 3, 0
17004, 0, 8, 8, 0, 0, 0
10616, 23, 20, 17, 3, 22, 1
11068, 80, 95, 93, 2, 55, 25
11560, 43, 75, 51, 24, 36, 7
12697, 44, 46, 42, 4, 38, 6
15130, 149, 82, 81, 1, 149, 0
17804, 2, 2, 1, 1, 1, 1
18054, 200, 119, 117, 2, 200, 0
19186, 69, 43, 41, 2, 47, 22
20344, 0, 4, 0, 4, 0, 0
20345, 0, 7, 0, 7, 0, 0
20718, 0, 6, 0, 6, 0, 0
21702, 21, 14, 13, 1, 15, 6
22405, 50, 24, 23, 1, 39, 11
22445, 59, 66, 54, 12, 57, 2
23971, 37, 43, 43, 0, 30, 7
24185, 9, 14, 14, 0, 8, 1
26327, 0, 6, 0, 6, 0, 0
27986, 0, 8, 0, 8, 0, 0
29101, 0, 4, 1, 3, 0, 0
30252, 0, 7, 0, 7, 0, 0
30254, 0, 6, 0, 6, 0, 0
31941, 10, 6, 6, 0, 10, 0
35508, 0, 5, 0, 5, 0, 0
36067, 0, 4, 1, 3, 0, 0
36962, 5, 5, 1, 4, 5, 0
39124, 2, 22, 5, 17, 2, 0
39553, 173, 31, 13, 18, 173, 0
48009, 28, 55, 52, 3, 22, 6
53659, 5, 3, 3, 0, 5, 0
61050, 42, 13, 13, 0, 41, 1
62455, 6, 2, 1, 1, 1, 5
69837, 0, 3, 0, 3, 0, 0
77305, 0, 4, 3, 1, 0, 0
79723, 0, 1, 0, 1, 0, 0
79724, 0, 2, 0, 2, 0, 0
79725, 0, 4, 0, 4, 0, 0
88361, 0, 2, 0, 2, 0, 0
97420, 2, 1, 1, 0, 2, 0
113225, 2, 21, 0, 21, 2, 0
121519, 1, 2, 1, 1, 1, 0
124350, 0, 1, 0, 1, 0, 0
129025, 1, 1, 0, 1, 1, 0
887, 88, 74, 72, 2, 88, 0
11920, 98, 206, 203, 3, 92, 6
11968, 50, 69, 66, 3, 50, 0
14534, 16, 30, 27, 3, 16, 0
15834, 2, 11, 10, 1, 2, 0
24516, 41, 51, 51, 0, 41, 0
24520, 20, 50, 50, 0, 20, 0
24716, 67, 77, 76, 1, 67, 0
29870, 71, 62, 62, 0, 71, 0
30859, 101, 90, 88, 2, 101, 0
35110, 67, 108, 108, 0, 67, 0
37810, 6, 11, 10, 1, 6, 0
40830, 13, 40, 39, 1, 13, 0
40948, 62, 62, 60, 2, 62, 0
42612, 0, 88, 88, 0, 0, 0
50755, 21, 37, 36, 1, 21, 0
53350, 44, 48, 48, 0, 44, 0
56612, 2, 2, 2, 0, 2, 0
58448, 81, 48, 48, 0, 80, 1
59992, 63, 55, 55, 0, 63, 0
67351, 8, 10, 9, 1, 8, 0
68683, 32, 12, 12, 0, 32, 0
70582, 15, 26, 26, 0, 15, 0
78667, 5, 2, 2, 0, 5, 0
80608, 2, 1, 1, 0, 2, 0
106004, 6, 16, 13, 3, 6, 0
110568, 15, 12, 11, 1, 14, 1
111681, 13, 19, 13, 6, 10, 3
113767, 43, 24, 20, 4, 21, 22
10478, 36, 10, 10, 0, 28, 8
12073, 57, 33, 32, 1, 53, 4
14913, 1, 2, 0, 2, 0, 1
15417, 41, 35, 31, 4, 41, 0
17470, 37, 14, 14, 0, 36, 1
22027, 0, 3, 0, 3, 0, 0
25188, 193, 76, 69, 7, 189, 4
31106, 0, 7, 0, 7, 0, 0
31508, 21, 13, 12, 1, 21, 0
34054, 23, 18, 16, 2, 22, 1
84405, 0, 2, 0, 2, 0, 0
5681, 106, 89, 87, 2, 105, 1
5869, 233, 38, 36, 2, 224, 9
6027, 61, 152, 150, 2, 59, 2
7292, 24, 30, 26, 4, 22, 2
11202, 24, 65, 64, 1, 24, 0
11985, 18, 143, 132, 11, 15, 3
12744, 12, 34, 33, 1, 12, 0
20386, 161, 50, 48, 2, 161, 0
20387, 35, 30, 28, 2, 35, 0
20927, 117, 102, 99, 3, 117, 0
20954, 77, 41, 39, 2, 77, 0
21332, 36, 39, 38, 1, 36, 0
23762, 20, 5, 5, 0, 20, 0
23841, 56, 50, 41, 9, 33, 23
28108, 125, 135, 131, 4, 124, 1
30600, 33, 29, 28, 1, 33, 0
32061, 11, 9, 8, 1, 11, 0
36910, 15, 74, 67, 7, 13, 2
37147, 19, 29, 28, 1, 19, 0
39181, 99, 41, 41, 0, 99, 0
40369, 26, 43, 42, 1, 26, 0
40535, 340, 44, 43, 1, 339, 1
42061, 61, 34, 33, 1, 61, 0
44731, 5, 16, 16, 0, 5, 0
48044, 60, 23, 22, 1, 38, 22
56710, 34, 12, 12, 0, 34, 0
58648, 7, 6, 6, 0, 7, 0
59399, 18, 20, 19, 1, 18, 0
71559, 20, 17, 17, 0, 20, 0
73141, 10, 5, 5, 0, 10, 0
74992, 1, 6, 6, 0, 1, 0
6443, 77, 32, 30, 2, 44, 33
16556, 75, 46, 46, 0, 75, 0
17909, 0, 6, 0, 6, 0, 0
23114, 4, 10, 9, 1, 4, 0
44824, 33, 21, 20, 1, 29, 4
52159, 48, 15, 15, 0, 48, 0
1417, 7, 24, 16, 8, 5, 2
10771, 15, 11, 11, 0, 15, 0
42532, 17, 33, 18, 15, 17, 0
49961, 1, 6, 1, 5, 1, 0
54429, 3, 5, 1, 4, 2, 1
56053, 0, 2, 0, 2, 0, 0
56054, 0, 3, 0, 3, 0, 0
56055, 0, 3, 0, 3, 0, 0
56056, 0, 4, 0, 4, 0, 0
56108, 61, 106, 105, 1, 61, 0
79852, 0, 4, 0, 4, 0, 0
79853, 0, 5, 0, 5, 0, 0
79854, 0, 3, 0, 3, 0, 0
79855, 0, 3, 0, 3, 0, 0
81931, 0, 2, 0, 2, 0, 0
92536, 0, 1, 0, 1, 0, 0
92537, 0, 1, 0, 1, 0, 0
114778, 0, 1, 0, 1, 0, 0
27026, 6, 13, 13, 0, 6, 0
63112, 1, 2, 2, 0, 1, 0
64337, 1, 3, 3, 0, 1, 0
69367, 0, 1, 1, 0, 0, 0
69368, 1, 1, 1, 0, 1, 0
97491, 39, 33, 30, 3, 39, 0
681, 1, 0, 0, 0, 1, 0
1316, 6, 36, 27, 9, 5, 1
26315, 15, 15, 11, 4, 15, 0
40965, 71, 30, 25, 5, 71, 0
53330, 0, 2, 2, 0, 0, 0
53880, 4, 58, 56, 2, 4, 0
66854, 0, 2, 2, 0, 0, 0
66855, 0, 2, 2, 0, 0, 0
683, 2, 1, 1, 0, 2, 0
11406, 0, 2, 2, 0, 0, 0
16283, 11, 4, 4, 0, 11, 0
23781, 0, 1, 1, 0, 0, 0
23782, 57, 30, 29, 1, 55, 2
23783, 0, 1, 1, 0, 0, 0
23784, 0, 1, 1, 0, 0, 0
23785, 0, 1, 0, 1, 0, 0
23786, 0, 3, 0, 3, 0, 0
23787, 0, 1, 0, 1, 0, 0
23788, 0, 1, 0, 1, 0, 0
23789, 0, 3, 0, 3, 0, 0
89558, 1, 1, 0, 1, 1, 0
125633, 2, 1, 1, 0, 2, 0
127856, 0, 1, 1, 0, 0, 0
129868, 0, 1, 1, 0, 0, 0
1678, 38, 44, 44, 0, 38, 0
1886, 109, 69, 65, 4, 109, 0
10151, 17, 23, 18, 5, 16, 1
10604, 15, 15, 15, 0, 15, 0
27692, 43, 34, 34, 0, 43, 0
38034, 7, 10, 9, 1, 7, 0
42707, 12, 9, 9, 0, 12, 0
44678, 1, 20, 20, 0, 1, 0
44723, 11, 14, 14, 0, 11, 0
57134, 7, 9, 9, 0, 7, 0
60862, 8, 7, 7, 0, 8, 0
61206, 10, 8, 8, 0, 10, 0
67589, 7, 8, 8, 0, 7, 0
686, 1, 0, 0, 0, 1, 0
1064, 8, 4, 3, 1, 8, 0
10070, 101, 57, 53, 4, 101, 0
11679, 41, 36, 28, 8, 20, 21
15281, 21, 9, 8, 1, 21, 0
22233, 28, 36, 28, 8, 27, 1
37402, 4, 3, 3, 0, 4, 0
40642, 4, 42, 17, 25, 3, 1
45404, 58, 16, 10, 6, 5, 53
53692, 9, 18, 15, 3, 9, 0
57120, 1, 12, 10, 2, 1, 0
61852, 0, 2, 0, 2, 0, 0
63323, 1, 1, 0, 1, 0, 1
63379, 1, 1, 0, 1, 0, 1
63450, 1, 1, 0, 1, 0, 1
63585, 1, 1, 0, 1, 0, 1
64103, 1, 1, 0, 1, 0, 1
64115, 1, 1, 0, 1, 1, 0
67023, 0, 1, 0, 1, 0, 0
67024, 0, 1, 0, 1, 0, 0
67025, 0, 1, 0, 1, 0, 0
67026, 3, 2, 1, 1, 3, 0
67027, 0, 8, 0, 8, 0, 0
67028, 0, 1, 0, 1, 0, 0
67029, 0, 1, 0, 1, 0, 0
67030, 0, 1, 0, 1, 0, 0
67031, 0, 1, 0, 1, 0, 0
67032, 5, 3, 2, 1, 5, 0
688, 1, 1, 1, 0, 1, 0
1300, 145, 16, 13, 3, 145, 0
4359, 43, 33, 28, 5, 43, 0
16206, 9, 10, 7, 3, 7, 2
16248, 0, 3, 0, 3, 0, 0
17891, 0, 8, 0, 8, 0, 0
17899, 0, 9, 0, 9, 0, 0
18333, 0, 8, 0, 8, 0, 0
19405, 0, 6, 0, 6, 0, 0
19859, 52, 28, 27, 1, 44, 8
20288, 0, 3, 0, 3, 0, 0
20289, 0, 3, 0, 3, 0, 0
20298, 0, 3, 0, 3, 0, 0
20301, 0, 2, 0, 2, 0, 0
20302, 0, 2, 0, 2, 0, 0
20305, 0, 2, 0, 2, 0, 0
20308, 0, 2, 0, 2, 0, 0
20309, 0, 4, 0, 4, 0, 0
20333, 0, 5, 0, 5, 0, 0
20626, 0, 5, 0, 5, 0, 0
20845, 0, 4, 0, 4, 0, 0
22016, 0, 5, 0, 5, 0, 0
22021, 0, 6, 0, 6, 0, 0
22179, 0, 14, 0, 14, 0, 0
23431, 0, 7, 0, 7, 0, 0
23974, 0, 4, 0, 4, 0, 0
24078, 2, 6, 1, 5, 1, 1
24338, 0, 7, 4, 3, 0, 0
24908, 2, 15, 1, 14, 2, 0
25081, 25, 13, 4, 9, 15, 10
25100, 0, 7, 0, 7, 0, 0
25278, 0, 7, 0, 7, 0, 0
28457, 0, 7, 0, 7, 0, 0
28458, 0, 7, 0, 7, 0, 0
28474, 0, 5, 0, 5, 0, 0
28483, 0, 3, 1, 2, 0, 0
30920, 0, 4, 0, 4, 0, 0
31254, 4, 6, 1, 5, 4, 0
31771, 0, 3, 0, 3, 0, 0
32704, 0, 37, 2, 35, 0, 0
35611, 5, 2, 0, 2, 5, 0
36499, 0, 4, 0, 4, 0, 0
36914, 2, 1, 0, 1, 1, 1
39040, 0, 10, 0, 10, 0, 0
40146, 0, 6, 3, 3, 0, 0
40416, 0, 13, 0, 13, 0, 0
42883, 0, 6, 0, 6, 0, 0
43252, 0, 7, 1, 6, 0, 0
43605, 0, 4, 0, 4, 0, 0
43703, 0, 10, 0, 10, 0, 0
45795, 0, 4, 0, 4, 0, 0
46095, 6, 11, 5, 6, 6, 0
47340, 0, 2, 0, 2, 0, 0
47341, 0, 2, 0, 2, 0, 0
47342, 0, 2, 0, 2, 0, 0
48186, 0, 3, 0, 3, 0, 0
48252, 0, 6, 0, 6, 0, 0
48850, 11, 6, 2, 4, 11, 0
48977, 0, 4, 1, 3, 0, 0
49148, 2, 8, 3, 5, 2, 0
49196, 0, 9, 0, 9, 0, 0
49264, 1, 5, 0, 5, 1, 0
49493, 1, 3, 0, 3, 1, 0
49777, 2, 4, 2, 2, 2, 0
50432, 0, 7, 0, 7, 0, 0
50630, 0, 7, 0, 7, 0, 0
51025, 5, 6, 6, 0, 4, 1
51510, 0, 5, 0, 5, 0, 0
51683, 0, 4, 0, 4, 0, 0
51745, 0, 3, 0, 3, 0, 0
53009, 0, 7, 0, 7, 0, 0
54460, 0, 3, 0, 3, 0, 0
55356, 0, 8, 0, 8, 0, 0
58243, 5, 13, 7, 6, 5, 0
58824, 19, 21, 8, 13, 18, 1
60114, 5, 10, 5, 5, 5, 0
62092, 0, 5, 0, 5, 0, 0
63576, 0, 2, 0, 2, 0, 0
63862, 0, 6, 0, 6, 0, 0
65927, 0, 7, 1, 6, 0, 0
68046, 0, 3, 0, 3, 0, 0
69134, 0, 5, 0, 5, 0, 0
71157, 0, 2, 0, 2, 0, 0
71644, 0, 4, 0, 4, 0, 0
72957, 0, 2, 0, 2, 0, 0
73810, 0, 2, 0, 2, 0, 0
74926, 0, 5, 0, 5, 0, 0
78204, 0, 2, 1, 1, 0, 0
82118, 0, 4, 0, 4, 0, 0
82422, 0, 3, 0, 3, 0, 0
83793, 0, 2, 0, 2, 0, 0
83794, 0, 2, 0, 2, 0, 0
84314, 2, 1, 0, 1, 0, 2
85782, 0, 3, 0, 3, 0, 0
90697, 0, 2, 0, 2, 0, 0
92204, 0, 2, 0, 2, 0, 0
92208, 0, 2, 0, 2, 0, 0
92372, 0, 3, 0, 3, 0, 0
92373, 0, 2, 0, 2, 0, 0
92374, 0, 2, 0, 2, 0, 0
92521, 0, 2, 0, 2, 0, 0
92921, 0, 1, 0, 1, 0, 0
92922, 0, 1, 0, 1, 0, 0
92923, 0, 1, 0, 1, 0, 0
92924, 0, 2, 0, 2, 0, 0
92925, 0, 1, 0, 1, 0, 0
92926, 0, 1, 0, 1, 0, 0
92927, 0, 1, 0, 1, 0, 0
92928, 0, 1, 0, 1, 0, 0
92929, 0, 1, 0, 1, 0, 0
92930, 0, 1, 0, 1, 0, 0
92931, 0, 1, 0, 1, 0, 0
92932, 0, 1, 0, 1, 0, 0
92933, 0, 1, 0, 1, 0, 0
97924, 1, 2, 1, 1, 1, 0
102387, 3, 5, 2, 3, 3, 0
103241, 0, 1, 0, 1, 0, 0
103681, 0, 1, 0, 1, 0, 0
107359, 21, 5, 5, 0, 21, 0
108068, 8, 12, 10, 2, 8, 0
120600, 3, 6, 6, 0, 3, 0
120866, 6, 7, 7, 0, 6, 0
122555, 0, 2, 2, 0, 0, 0
690, 1, 0, 0, 0, 0, 1
1879, 5, 6, 5, 1, 5, 0
2775, 1, 3, 1, 2, 1, 0
7934, 7, 3, 2, 1, 7, 0
8060, 2, 5, 3, 2, 1, 1
8715, 6, 6, 4, 2, 6, 0
10689, 2, 29, 26, 3, 2, 0
14580, 5, 8, 2, 6, 5, 0
16291, 44, 19, 19, 0, 42, 2
18212, 2, 3, 2, 1, 2, 0
18214, 8, 2, 1, 1, 8, 0
18216, 0, 4, 0, 4, 0, 0
18218, 0, 2, 1, 1, 0, 0
18219, 0, 1, 0, 1, 0, 0
18221, 0, 2, 1, 1, 0, 0
18222, 0, 1, 0, 1, 0, 0
18223, 2, 5, 2, 3, 2, 0
18225, 0, 1, 0, 1, 0, 0
19591, 1, 3, 2, 1, 1, 0
20632, 2, 9, 5, 4, 2, 0
22264, 2, 5, 3, 2, 2, 0
22501, 1, 11, 5, 6, 1, 0
38950, 2, 3, 0, 3, 2, 0
39022, 0, 16, 2, 14, 0, 0
39447, 1, 2, 1, 1, 1, 0
39997, 76, 41, 38, 3, 76, 0
47740, 3, 13, 12, 1, 3, 0
60277, 2, 4, 2, 2, 2, 0
63746, 2, 4, 1, 3, 2, 0
92145, 15, 10, 10, 0, 13, 2
92172, 4, 4, 1, 3, 4, 0
93601, 78, 15, 12, 3, 78, 0
93664, 1, 2, 0, 2, 1, 0
93822, 0, 6, 3, 3, 0, 0
93828, 0, 1, 0, 1, 0, 0
93926, 1, 2, 0, 2, 0, 1
93927, 18, 2, 1, 1, 18, 0
95855, 1, 11, 5, 6, 1, 0
95883, 0, 3, 1, 2, 0, 0
96276, 2, 8, 1, 7, 2, 0
97826, 0, 4, 3, 1, 0, 0
98951, 1, 12, 11, 1, 1, 0
99008, 11, 7, 4, 3, 11, 0
99031, 2, 20, 2, 18, 2, 0
99331, 0, 5, 1, 4, 0, 0
99400, 2, 8, 2, 6, 2, 0
99416, 0, 1, 0, 1, 0, 0
99583, 4, 3, 2, 1, 4, 0
99606, 2, 1, 0, 1, 1, 1
99760, 21, 50, 32, 18, 19, 2
100022, 0, 3, 0, 3, 0, 0
100114, 3, 8, 2, 6, 2, 1
100330, 1, 10, 0, 10, 1, 0
100469, 0, 2, 0, 2, 0, 0
100569, 1, 8, 2, 6, 1, 0
100643, 0, 21, 0, 21, 0, 0
100744, 2, 7, 6, 1, 2, 0
100753, 4, 4, 0, 4, 2, 2
100783, 0, 2, 0, 2, 0, 0
101017, 1, 7, 1, 6, 1, 0
101157, 0, 3, 1, 2, 0, 0
101290, 1, 22, 1, 21, 1, 0
101433, 4, 4, 3, 1, 4, 0
101482, 1, 2, 1, 1, 1, 0
101770, 0, 2, 0, 2, 0, 0
101774, 0, 2, 0, 2, 0, 0
101905, 0, 2, 0, 2, 0, 0
102413, 0, 6, 0, 6, 0, 0
104048, 0, 2, 0, 2, 0, 0
104215, 7, 12, 4, 8, 7, 0
104728, 0, 9, 1, 8, 0, 0
105259, 8, 5, 3, 2, 7, 1
105514, 0, 1, 0, 1, 0, 0
107156, 7, 6, 2, 4, 7, 0
107160, 0, 2, 0, 2, 0, 0
107325, 0, 1, 0, 1, 0, 0
107432, 0, 2, 1, 1, 0, 0
110921, 0, 15, 0, 15, 0, 0
692, 2, 0, 0, 0, 2, 0
694, 61, 72, 67, 5, 51, 10
1920, 1, 1, 0, 1, 0, 1
3337, 50, 29, 24, 5, 32, 18
27252, 17, 35, 34, 1, 17, 0
28869, 7, 3, 3, 0, 7, 0
42547, 0, 4, 0, 4, 0, 0
48893, 24, 5, 3, 2, 21, 3
127176, 1, 1, 0, 1, 1, 0
5863, 164, 37, 34, 3, 163, 1
7850, 8, 21, 4, 17, 6, 2
15515, 6, 2, 1, 1, 6, 0
15517, 2, 3, 2, 1, 2, 0
19485, 43, 6, 6, 0, 42, 1
20492, 4, 1, 1, 0, 4, 0
20493, 82, 41, 34, 7, 70, 12
24282, 1, 2, 2, 0, 1, 0
25061, 6, 25, 25, 0, 3, 3
27284, 120, 114, 103, 11, 120, 0
32223, 81, 44, 42, 2, 72, 9
37745, 0, 10, 0, 10, 0, 0
38537, 5, 4, 4, 0, 5, 0
39298, 1, 2, 2, 0, 1, 0
48890, 0, 1, 1, 0, 0, 0
48891, 6, 3, 3, 0, 5, 1
48892, 14, 19, 19, 0, 14, 0
113662, 3, 2, 2, 0, 3, 0
113663, 1, 3, 2, 1, 1, 0
113759, 0, 1, 0, 1, 0, 0
695, 3, 0, 0, 0, 3, 0
47390, 1, 1, 1, 0, 1, 0
105556, 6, 7, 7, 0, 5, 1
697, 2, 1, 1, 0, 2, 0
698, 0, 1, 1, 0, 0, 0
699, 1, 1, 1, 0, 1, 0
8865, 42, 26, 22, 4, 41, 1
17640, 34, 22, 22, 0, 34, 0
18467, 32, 16, 13, 3, 30, 2
23778, 2, 4, 4, 0, 2, 0
25859, 44, 30, 29, 1, 40, 4
31626, 1, 1, 1, 0, 1, 0
33258, 41, 28, 24, 4, 19, 22
41264, 31, 21, 19, 2, 31, 0
46723, 1, 2, 2, 0, 1, 0
47445, 15, 20, 18, 2, 14, 1
51554, 3, 2, 2, 0, 3, 0
52116, 2, 1, 0, 1, 1, 1
52118, 1, 1, 0, 1, 1, 0
54956, 12, 3, 3, 0, 9, 3
62695, 41, 9, 9, 0, 41, 0
66790, 3, 2, 2, 0, 3, 0
118302, 1, 1, 1, 0, 1, 0
701, 6, 11, 11, 0, 6, 0
1081, 44, 53, 49, 4, 29, 15
1363, 10, 9, 9, 0, 10, 0
1369, 15, 7, 7, 0, 15, 0
1374, 40, 26, 26, 0, 40, 0
2041, 10, 6, 6, 0, 10, 0
2428, 42, 9, 9, 0, 42, 0
3858, 49, 32, 32, 0, 49, 0
3859, 3, 4, 4, 0, 3, 0
5539, 1, 3, 2, 1, 1, 0
5543, 0, 1, 1, 0, 0, 0
67858, 21, 8, 7, 1, 21, 0
93172, 4, 2, 2, 0, 4, 0
93756, 6, 15, 14, 1, 6, 0
95599, 0, 10, 10, 0, 0, 0
109553, 1, 1, 1, 0, 1, 0
703, 1, 0, 0, 0, 0, 1
25978, 4, 3, 3, 0, 1, 3
94382, 1, 10, 3, 7, 1, 0
705, 1, 0, 0, 0, 1, 0
706, 3, 4, 4, 0, 3, 0
9124, 1, 4, 4, 0, 1, 0
94535, 0, 2, 2, 0, 0, 0
707, 3, 1, 1, 0, 3, 0
13606, 2, 2, 1, 1, 2, 0
57822, 1, 1, 1, 0, 1, 0
62393, 0, 6, 6, 0, 0, 0
88837, 0, 1, 0, 1, 0, 0
94934, 1, 1, 1, 0, 1, 0
96005, 1, 1, 1, 0, 1, 0
96073, 3, 1, 1, 0, 3, 0
98383, 0, 1, 1, 0, 0, 0
98457, 0, 1, 1, 0, 0, 0
98458, 2, 3, 3, 0, 2, 0
98508, 3, 4, 2, 2, 3, 0
21317, 5, 13, 9, 4, 5, 0
94747, 1, 1, 1, 0, 1, 0
121319, 0, 1, 0, 1, 0, 0
710, 1, 0, 0, 0, 1, 0
711, 2, 2, 2, 0, 2, 0
712, 2, 0, 0, 0, 1, 1
21211, 127, 41, 38, 3, 125, 2
73293, 6, 27, 23, 4, 6, 0
714, 1, 0, 0, 0, 0, 1
8797, 0, 4, 2, 2, 0, 0
16816, 2, 10, 0, 10, 2, 0
26559, 0, 8, 5, 3, 0, 0
100399, 0, 3, 1, 2, 0, 0
105940, 0, 16, 0, 16, 0, 0
107890, 2, 1, 0, 1, 2, 0
111089, 1, 2, 1, 1, 1, 0
117607, 0, 2, 0, 2, 0, 0
117990, 0, 17, 0, 17, 0, 0
118515, 0, 7, 1, 6, 0, 0
118978, 3, 8, 0, 8, 2, 1
121902, 0, 1, 0, 1, 0, 0
716, 1, 0, 0, 0, 1, 0
11741, 92, 117, 106, 11, 92, 0
12234, 2, 21, 0, 21, 2, 0
19746, 43, 49, 37, 12, 39, 4
20688, 2, 7, 5, 2, 2, 0
20905, 12, 13, 13, 0, 12, 0
23856, 1, 12, 2, 10, 0, 1
24595, 48, 42, 41, 1, 40, 8
24868, 0, 3, 0, 3, 0, 0
27298, 1, 19, 0, 19, 1, 0
31624, 11, 12, 9, 3, 11, 0
31832, 1, 4, 0, 4, 1, 0
32045, 3, 4, 3, 1, 2, 1
34789, 58, 11, 6, 5, 58, 0
35402, 0, 7, 5, 2, 0, 0
39338, 8, 4, 2, 2, 3, 5
39584, 3, 14, 9, 5, 2, 1
41048, 18, 37, 32, 5, 16, 2
41571, 0, 5, 1, 4, 0, 0
41579, 0, 3, 2, 1, 0, 0
46735, 3, 3, 1, 2, 1, 2
48546, 1, 5, 1, 4, 1, 0
48741, 1, 3, 0, 3, 1, 0
49146, 33, 17, 16, 1, 32, 1
51976, 4, 5, 5, 0, 4, 0
52090, 2, 2, 1, 1, 2, 0
53848, 0, 7, 0, 7, 0, 0
66608, 3, 1, 0, 1, 3, 0
67708, 1, 4, 0, 4, 1, 0
68862, 3, 29, 27, 2, 3, 0
73738, 3, 4, 4, 0, 3, 0
77791, 5, 3, 3, 0, 5, 0
83150, 4, 2, 2, 0, 4, 0
84380, 0, 1, 0, 1, 0, 0
84381, 1, 3, 0, 3, 1, 0
84382, 0, 1, 0, 1, 0, 0
84383, 0, 2, 0, 2, 0, 0
84384, 0, 1, 0, 1, 0, 0
84385, 0, 1, 0, 1, 0, 0
84386, 0, 1, 0, 1, 0, 0
84387, 0, 1, 0, 1, 0, 0
718, 1, 1, 1, 0, 1, 0
719, 2, 2, 2, 0, 2, 0
61561, 2, 5, 5, 0, 2, 0
720, 1, 0, 0, 0, 1, 0
721, 0, 3, 3, 0, 0, 0
722, 1, 0, 0, 0, 1, 0
723, 6, 6, 5, 1, 5, 1
1409, 4, 3, 3, 0, 4, 0
1410, 5, 5, 5, 0, 5, 0
14479, 1, 3, 3, 0, 1, 0
724, 3, 0, 0, 0, 1, 2
818, 30, 20, 17, 3, 22, 8
6285, 266, 148, 143, 5, 265, 1
16432, 1, 1, 1, 0, 1, 0
22931, 1, 1, 1, 0, 1, 0
35049, 93, 18, 15, 3, 92, 1
52667, 2, 1, 1, 0, 2, 0
88770, 2, 2, 2, 0, 2, 0
88771, 1, 3, 3, 0, 1, 0
88772, 0, 1, 0, 1, 0, 0
97409, 2, 5, 4, 1, 2, 0
101541, 11, 8, 6, 2, 11, 0
131689, 0, 1, 1, 0, 0, 0
728, 4, 5, 5, 0, 0, 4
94779, 1, 1, 1, 0, 1, 0
9024, 1, 10, 7, 3, 1, 0
11653, 97, 52, 51, 1, 78, 19
17591, 1, 11, 0, 11, 1, 0
17743, 1, 3, 1, 2, 1, 0
18365, 1, 5, 0, 5, 1, 0
20457, 0, 4, 2, 2, 0, 0
22078, 3, 6, 2, 4, 3, 0
23930, 25, 26, 25, 1, 19, 6
25050, 0, 7, 0, 7, 0, 0
27007, 12, 11, 10, 1, 11, 1
35457, 0, 3, 0, 3, 0, 0
58736, 0, 12, 3, 9, 0, 0
68142, 21, 21, 20, 1, 21, 0
92515, 0, 1, 0, 1, 0, 0
92516, 0, 1, 0, 1, 0, 0
92517, 0, 1, 0, 1, 0, 0
92518, 0, 2, 0, 2, 0, 0
103614, 0, 5, 3, 2, 0, 0
104788, 9, 7, 4, 3, 9, 0
105719, 6, 15, 2, 13, 6, 0
105870, 3, 6, 0, 6, 1, 2
106495, 1, 7, 1, 6, 1, 0
106529, 4, 4, 3, 1, 4, 0
109387, 0, 24, 0, 24, 0, 0
27683, 0, 1, 0, 1, 0, 0
1890, 44, 18, 18, 0, 44, 0
9288, 42, 38, 37, 1, 16, 26
10968, 42, 44, 38, 6, 19, 23
12870, 43, 52, 48, 4, 41, 2
13734, 63, 33, 30, 3, 60, 3
16309, 18, 13, 11, 2, 18, 0
19897, 12, 8, 6, 2, 11, 1
24707, 10, 8, 6, 2, 4, 6
25250, 54, 36, 36, 0, 53, 1
25577, 22, 26, 16, 10, 14, 8
28294, 6, 12, 10, 2, 4, 2
29180, 52, 31, 29, 2, 40, 12
35374, 7, 5, 0, 5, 7, 0
37002, 19, 9, 8, 1, 19, 0
37401, 19, 8, 7, 1, 12, 7
40231, 61, 73, 72, 1, 23, 38
44544, 26, 19, 13, 6, 7, 19
65012, 25, 60, 60, 0, 25, 0
76671, 0, 2, 0, 2, 0, 0
77107, 0, 3, 0, 3, 0, 0
733, 21, 13, 12, 1, 16, 5
8659, 14, 3, 3, 0, 13, 1
55450, 2, 4, 4, 0, 2, 0
55451, 1, 1, 1, 0, 1, 0
885, 6, 8, 8, 0, 6, 0
5753, 23, 19, 19, 0, 23, 0
7670, 102, 35, 32, 3, 76, 26
8661, 12, 2, 2, 0, 10, 2
8662, 80, 96, 94, 2, 9, 71
16563, 61, 27, 25, 2, 61, 0
18158, 176, 55, 52, 3, 172, 4
21840, 33, 10, 10, 0, 33, 0
24252, 0, 6, 0, 6, 0, 0
26413, 1, 4, 4, 0, 1, 0
28703, 2, 3, 3, 0, 2, 0
49568, 0, 3, 0, 3, 0, 0
1928, 59, 19, 13, 6, 59, 0
8967, 9, 4, 4, 0, 9, 0
11055, 1, 1, 1, 0, 1, 0
13200, 2, 2, 1, 1, 2, 0
13317, 0, 1, 1, 0, 0, 0
13320, 12, 9, 9, 0, 10, 2
13321, 1, 6, 3, 3, 1, 0
13322, 0, 1, 1, 0, 0, 0
13323, 41, 25, 24, 1, 41, 0
15830, 15, 8, 8, 0, 12, 3
986, 8, 5, 5, 0, 8, 0
1483, 26, 16, 16, 0, 26, 0
1520, 1, 3, 2, 1, 1, 0
1726, 2, 2, 2, 0, 0, 2
1776, 5, 4, 4, 0, 5, 0
2250, 16, 11, 10, 1, 13, 3
2315, 6, 42, 41, 1, 6, 0
2886, 3, 3, 3, 0, 3, 0
2896, 28, 46, 46, 0, 27, 1
2903, 3, 2, 2, 0, 2, 1
2910, 22, 27, 24, 3, 17, 5
3098, 0, 3, 2, 1, 0, 0
3341, 6, 39, 27, 12, 3, 3
3604, 0, 33, 32, 1, 0, 0
3969, 6, 2, 2, 0, 6, 0
3976, 3, 1, 1, 0, 3, 0
4003, 1, 4, 4, 0, 1, 0
4079, 19, 13, 13, 0, 19, 0
4114, 45, 27, 27, 0, 45, 0
4146, 21, 9, 8, 1, 20, 1
4164, 25, 27, 24, 3, 25, 0
4288, 6, 2, 2, 0, 6, 0
4322, 1, 5, 4, 1, 1, 0
5382, 0, 5, 4, 1, 0, 0
5478, 1, 4, 4, 0, 1, 0
5504, 0, 5, 5, 0, 0, 0
5508, 2, 7, 4, 3, 2, 0
5678, 2, 4, 4, 0, 2, 0
5872, 6, 2, 2, 0, 5, 1
6155, 0, 15, 14, 1, 0, 0
6294, 35, 27, 24, 3, 33, 2
6709, 12, 15, 10, 5, 12, 0
6864, 9, 7, 5, 2, 8, 1
6891, 19, 14, 14, 0, 15, 4
6999, 2, 13, 12, 1, 2, 0
7064, 1, 4, 4, 0, 1, 0
7147, 1, 4, 3, 1, 1, 0
7402, 12, 18, 18, 0, 12, 0
7422, 2, 2, 2, 0, 2, 0
7471, 6, 6, 5, 1, 5, 1
7556, 4, 3, 3, 0, 4, 0
7661, 15, 3, 3, 0, 11, 4
7757, 0, 5, 4, 1, 0, 0
7918, 48, 24, 24, 0, 40, 8
7949, 1, 2, 2, 0, 1, 0
8107, 8, 9, 8, 1, 8, 0
8119, 0, 4, 4, 0, 0, 0
8165, 0, 6, 5, 1, 0, 0
8224, 5, 5, 4, 1, 3, 2
8313, 4, 6, 6, 0, 3, 1
8332, 35, 12, 12, 0, 35, 0
8402, 16, 11, 11, 0, 16, 0
8449, 4, 3, 3, 0, 4, 0
8566, 101, 35, 34, 1, 82, 19
8573, 1, 1, 1, 0, 0, 1
8598, 3, 4, 4, 0, 1, 2
8604, 3, 4, 4, 0, 3, 0
8801, 13, 7, 7, 0, 13, 0
8806, 2, 1, 1, 0, 1, 1
8880, 1, 4, 4, 0, 1, 0
9028, 10, 8, 8, 0, 10, 0
9120, 11, 14, 10, 4, 10, 1
9252, 9, 9, 5, 4, 4, 5
9306, 6, 4, 4, 0, 6, 0
9348, 13, 2, 2, 0, 7, 6
9471, 1, 1, 1, 0, 1, 0
9754, 15, 4, 4, 0, 15, 0
10084, 14, 8, 8, 0, 14, 0
10201, 8, 10, 10, 0, 7, 1
10435, 1, 2, 2, 0, 1, 0
10441, 7, 12, 12, 0, 7, 0
10566, 2, 6, 6, 0, 2, 0
10596, 2, 1, 1, 0, 2, 0
10927, 2, 1, 1, 0, 2, 0
11030, 6, 50, 50, 0, 6, 0
11236, 8, 5, 4, 1, 8, 0
11932, 7, 9, 8, 1, 7, 0
12251, 19, 12, 12, 0, 15, 4
12255, 1, 3, 3, 0, 1, 0
12380, 6, 3, 3, 0, 5, 1
12454, 6, 40, 40, 0, 6, 0
12591, 5, 7, 7, 0, 5, 0
12794, 3, 4, 4, 0, 2, 1
13012, 8, 1, 1, 0, 6, 2
13358, 28, 19, 19, 0, 22, 6
13581, 2, 2, 2, 0, 1, 1
13608, 10, 4, 4, 0, 10, 0
13741, 26, 20, 19, 1, 25, 1
14341, 20, 20, 16, 4, 20, 0
14559, 91, 77, 75, 2, 91, 0
14774, 255, 32, 32, 0, 254, 1
15064, 8, 6, 5, 1, 8, 0
15206, 11, 12, 12, 0, 11, 0
15581, 2, 1, 1, 0, 2, 0
15584, 1, 1, 1, 0, 1, 0
15805, 10, 5, 5, 0, 10, 0
16110, 19, 7, 7, 0, 19, 0
16624, 29, 91, 84, 7, 27, 2
16698, 30, 10, 10, 0, 30, 0
16699, 0, 1, 1, 0, 0, 0
16701, 0, 1, 1, 0, 0, 0
16702, 0, 2, 2, 0, 0, 0
16703, 0, 2, 2, 0, 0, 0
16704, 0, 2, 2, 0, 0, 0
16705, 0, 2, 2, 0, 0, 0
16706, 15, 20, 20, 0, 15, 0
16709, 0, 5, 4, 1, 0, 0
16711, 1, 3, 2, 1, 1, 0
16713, 0, 2, 2, 0, 0, 0
16715, 0, 3, 3, 0, 0, 0
16716, 1, 4, 2, 2, 1, 0
16717, 6, 4, 4, 0, 6, 0
16718, 6, 6, 5, 1, 6, 0
16719, 0, 1, 1, 0, 0, 0
16720, 0, 1, 1, 0, 0, 0
16721, 2, 7, 7, 0, 2, 0
16722, 0, 1, 1, 0, 0, 0
16723, 2, 4, 4, 0, 2, 0
16725, 14, 20, 20, 0, 14, 0
16727, 8, 14, 10, 4, 6, 2
16728, 0, 2, 2, 0, 0, 0
16729, 0, 1, 1, 0, 0, 0
16730, 0, 1, 1, 0, 0, 0
16731, 0, 1, 1, 0, 0, 0
16735, 0, 2, 2, 0, 0, 0
16737, 2, 1, 1, 0, 2, 0
16738, 0, 1, 1, 0, 0, 0
16739, 12, 22, 20, 2, 12, 0
16741, 23, 17, 12, 5, 23, 0
16742, 0, 9, 6, 3, 0, 0
16747, 2, 3, 3, 0, 2, 0
16749, 9, 5, 5, 0, 9, 0
16750, 34, 37, 36, 1, 33, 1
16752, 5, 3, 3, 0, 5, 0
16754, 35, 17, 17, 0, 35, 0
16755, 21, 12, 9, 3, 16, 5
16756, 36, 45, 44, 1, 36, 0
16757, 0, 3, 3, 0, 0, 0
16760, 1, 1, 1, 0, 1, 0
16761, 17, 13, 12, 1, 13, 4
16763, 1, 3, 3, 0, 1, 0
16764, 14, 7, 7, 0, 12, 2
16766, 1, 5, 4, 1, 1, 0
16767, 3, 8, 2, 6, 3, 0
16768, 3, 4, 4, 0, 3, 0
16769, 16, 10, 9, 1, 7, 9
16771, 2, 13, 12, 1, 2, 0
16772, 0, 2, 2, 0, 0, 0
16773, 5, 4, 4, 0, 5, 0
16774, 0, 2, 2, 0, 0, 0
16776, 2, 1, 1, 0, 2, 0
16780, 2, 3, 2, 1, 2, 0
16781, 0, 1, 1, 0, 0, 0
16782, 16, 89, 87, 2, 16, 0
17043, 35, 46, 45, 1, 35, 0
17764, 69, 36, 35, 1, 67, 2
17835, 29, 32, 28, 4, 27, 2
17994, 10, 4, 4, 0, 10, 0
18266, 8, 7, 7, 0, 6, 2
21365, 52, 31, 29, 2, 51, 1
23044, 1, 5, 5, 0, 0, 1
26058, 5, 7, 7, 0, 3, 2
28119, 3, 9, 6, 3, 3, 0
28438, 13, 15, 13, 2, 13, 0
34342, 2, 5, 5, 0, 2, 0
35347, 21, 10, 8, 2, 19, 2
37472, 1, 5, 4, 1, 1, 0
41247, 9, 12, 12, 0, 9, 0
41724, 10, 4, 2, 2, 6, 4
41902, 5, 10, 10, 0, 5, 0
44844, 2, 11, 10, 1, 2, 0
47213, 2, 2, 2, 0, 2, 0
49408, 13, 2, 1, 1, 10, 3
50877, 1, 1, 1, 0, 1, 0
63445, 4, 1, 1, 0, 3, 1
64761, 2, 2, 2, 0, 2, 0
76434, 1, 9, 8, 1, 1, 0
80796, 59, 23, 23, 0, 59, 0
93358, 15, 13, 12, 1, 10, 5
93520, 0, 1, 1, 0, 0, 0
93846, 2, 1, 1, 0, 2, 0
94413, 0, 1, 1, 0, 0, 0
94537, 0, 2, 2, 0, 0, 0
94769, 0, 2, 1, 1, 0, 0
94954, 0, 1, 1, 0, 0, 0
95030, 4, 3, 3, 0, 4, 0
95053, 0, 2, 2, 0, 0, 0
95096, 0, 1, 1, 0, 0, 0
95378, 1, 1, 1, 0, 1, 0
95615, 0, 1, 1, 0, 0, 0
95629, 27, 6, 6, 0, 27, 0
95764, 0, 1, 1, 0, 0, 0
95799, 24, 9, 9, 0, 21, 3
96011, 10, 6, 6, 0, 10, 0
96330, 10, 21, 17, 4, 7, 3
96548, 8, 6, 5, 1, 7, 1
96610, 8, 2, 1, 1, 5, 3
96733, 8, 11, 11, 0, 8, 0
96815, 4, 3, 3, 0, 4, 0
96821, 0, 1, 1, 0, 0, 0
97013, 0, 2, 2, 0, 0, 0
97031, 9, 3, 3, 0, 9, 0
97084, 0, 1, 1, 0, 0, 0
98955, 0, 13, 2, 11, 0, 0
99165, 4, 2, 2, 0, 4, 0
99307, 2, 2, 2, 0, 2, 0
99774, 0, 1, 1, 0, 0, 0
99980, 2, 2, 2, 0, 2, 0
100076, 13, 4, 2, 2, 13, 0
101122, 11, 3, 3, 0, 11, 0
102208, 4, 4, 4, 0, 4, 0
736, 1, 0, 0, 0, 1, 0
737, 1, 0, 0, 0, 1, 0
738, 1, 6, 6, 0, 1, 0
739, 1, 0, 0, 0, 1, 0
742, 9, 7, 7, 0, 9, 0
4046, 7, 4, 4, 0, 4, 3
13478, 107, 83, 83, 0, 92, 15
42243, 55, 14, 14, 0, 55, 0
47930, 1, 1, 1, 0, 1, 0
2994, 4, 3, 3, 0, 2, 2
3516, 0, 1, 0, 1, 0, 0
3517, 0, 1, 0, 1, 0, 0
3518, 0, 4, 0, 4, 0, 0
92920, 3, 12, 2, 10, 1, 2
119833, 11, 5, 5, 0, 11, 0
8712, 15, 12, 6, 6, 15, 0
12379, 10, 16, 11, 5, 10, 0
19735, 0, 21, 16, 5, 0, 0
23639, 28, 11, 8, 3, 28, 0
24179, 37, 40, 37, 3, 36, 1
24823, 33, 28, 17, 11, 3, 30
29694, 4, 9, 6, 3, 4, 0
37620, 0, 3, 0, 3, 0, 0
38313, 10, 39, 34, 5, 10, 0
41755, 0, 26, 0, 26, 0, 0
46800, 9, 4, 2, 2, 8, 1
47029, 0, 5, 0, 5, 0, 0
49049, 0, 4, 1, 3, 0, 0
54234, 1, 8, 2, 6, 1, 0
57159, 22, 55, 28, 27, 8, 14
60231, 0, 10, 0, 10, 0, 0
60402, 63, 61, 3, 58, 63, 0
61162, 1, 2, 1, 1, 1, 0
61215, 3, 3, 2, 1, 3, 0
64205, 17, 15, 14, 1, 15, 2
65403, 5, 7, 4, 3, 4, 1
68570, 0, 3, 0, 3, 0, 0
73048, 1, 3, 2, 1, 1, 0
73219, 0, 6, 0, 6, 0, 0
74910, 0, 3, 0, 3, 0, 0
76579, 0, 6, 0, 6, 0, 0
81789, 0, 4, 0, 4, 0, 0
90493, 0, 3, 0, 3, 0, 0
92283, 0, 1, 0, 1, 0, 0
92284, 0, 1, 0, 1, 0, 0
92285, 0, 1, 0, 1, 0, 0
1656, 1, 1, 1, 0, 1, 0
1809, 0, 1, 1, 0, 0, 0
1811, 18, 18, 17, 1, 12, 6
746, 1, 0, 0, 0, 1, 0
747, 0, 2, 2, 0, 0, 0
748, 1, 0, 0, 0, 0, 1
749, 2, 0, 0, 0, 1, 1
751, 7, 2, 2, 0, 6, 1
17688, 8, 4, 3, 1, 8, 0
26994, 19, 28, 26, 2, 18, 1
99520, 54, 25, 23, 2, 52, 2
1903, 0, 1, 1, 0, 0, 0
110528, 3, 3, 1, 2, 3, 0
752, 1, 0, 0, 0, 1, 0
37310, 0, 2, 0, 2, 0, 0
756, 1, 0, 0, 0, 1, 0
757, 1, 0, 0, 0, 1, 0
1778, 22, 11, 11, 0, 22, 0
17505, 12, 10, 8, 2, 9, 3
29911, 34, 147, 142, 5, 2, 32
36084, 23, 7, 5, 2, 20, 3
40105, 0, 6, 1, 5, 0, 0
56304, 8, 25, 21, 4, 7, 1
58117, 0, 21, 17, 4, 0, 0
58723, 1, 5, 5, 0, 1, 0
69536, 0, 3, 3, 0, 0, 0
759, 1, 0, 0, 0, 1, 0
760, 0, 1, 1, 0, 0, 0
761, 1, 0, 0, 0, 1, 0
762, 1, 1, 1, 0, 1, 0
764, 3, 12, 11, 1, 3, 0
52244, 4, 3, 2, 1, 3, 1
765, 1, 0, 0, 0, 1, 0
767, 1, 0, 0, 0, 1, 0
3362, 8, 5, 4, 1, 8, 0
7383, 1, 1, 1, 0, 1, 0
7648, 1, 1, 1, 0, 1, 0
7728, 1, 1, 1, 0, 1, 0
7748, 1, 1, 1, 0, 1, 0
8502, 1, 1, 1, 0, 1, 0
8694, 20, 5, 5, 0, 18, 2
8696, 6, 3, 3, 0, 6, 0
54563, 6, 26, 25, 1, 6, 0
769, 2, 0, 0, 0, 2, 0
770, 3, 3, 2, 1, 3, 0
1523, 0, 1, 1, 0, 0, 0
7414, 3, 2, 1, 1, 3, 0
16810, 168, 80, 78, 2, 151, 17
30101, 15, 8, 8, 0, 15, 0
42416, 5, 5, 4, 1, 5, 0
42673, 0, 3, 3, 0, 0, 0
43389, 31, 19, 19, 0, 30, 1
44229, 0, 3, 3, 0, 0, 0
50653, 11, 15, 15, 0, 11, 0
65953, 1, 1, 1, 0, 1, 0
66444, 2, 1, 1, 0, 2, 0
66567, 1, 1, 1, 0, 1, 0
66609, 1, 1, 1, 0, 1, 0
66610, 0, 2, 2, 0, 0, 0
75636, 0, 1, 1, 0, 0, 0
75637, 0, 3, 3, 0, 0, 0
75638, 0, 1, 1, 0, 0, 0
75639, 0, 1, 1, 0, 0, 0
75640, 0, 1, 1, 0, 0, 0
75641, 0, 1, 1, 0, 0, 0
75642, 0, 1, 1, 0, 0, 0
75643, 0, 1, 1, 0, 0, 0
774, 1, 0, 0, 0, 1, 0
775, 0, 2, 2, 0, 0, 0
776, 1, 0, 0, 0, 1, 0
777, 0, 1, 1, 0, 0, 0
1230, 1, 1, 1, 0, 1, 0
12497, 43, 46, 43, 3, 43, 0
13901, 3, 2, 1, 1, 3, 0
15758, 6, 4, 4, 0, 6, 0
16565, 3, 2, 2, 0, 3, 0
16964, 7, 5, 4, 1, 7, 0
16966, 4, 2, 1, 1, 2, 2
110519, 1, 1, 1, 0, 1, 0
116155, 1, 1, 1, 0, 1, 0
779, 1, 0, 0, 0, 1, 0
31016, 5, 5, 5, 0, 3, 2
102996, 0, 12, 7, 5, 0, 0
112576, 0, 5, 0, 5, 0, 0
120322, 3, 5, 4, 1, 3, 0
781, 1, 1, 1, 0, 1, 0
3317, 24, 14, 14, 0, 23, 1
3318, 4, 5, 5, 0, 4, 0
3319, 11, 4, 4, 0, 11, 0
783, 1, 3, 2, 1, 1, 0
3569, 47, 36, 32, 4, 47, 0
4061, 4, 7, 3, 4, 4, 0
4092, 3, 3, 3, 0, 3, 0
15038, 62, 35, 29, 6, 47, 15
18721, 12, 7, 7, 0, 12, 0
25519, 13, 10, 10, 0, 13, 0
56742, 1, 10, 10, 0, 1, 0
97884, 0, 1, 1, 0, 0, 0
99720, 5, 1, 1, 0, 5, 0
100293, 1, 6, 6, 0, 1, 0
107920, 4, 6, 1, 5, 3, 1
109798, 1, 2, 2, 0, 1, 0
111642, 3, 1, 1, 0, 3, 0
112384, 1, 2, 2, 0, 1, 0
112386, 13, 6, 4, 2, 10, 3
112822, 4, 9, 7, 2, 4, 0
117173, 10, 1, 1, 0, 10, 0
120145, 1, 1, 1, 0, 1, 0
120174, 0, 1, 1, 0, 0, 0
125307, 0, 1, 1, 0, 0, 0
126080, 0, 3, 3, 0, 0, 0
126081, 0, 2, 1, 1, 0, 0
127033, 0, 1, 1, 0, 0, 0
129330, 16, 10, 10, 0, 16, 0
785, 2, 0, 0, 0, 2, 0
786, 0, 1, 1, 0, 0, 0
787, 1, 10, 10, 0, 1, 0
788, 1, 0, 0, 0, 0, 1
789, 0, 2, 0, 2, 0, 0
790, 1, 0, 0, 0, 1, 0
31259, 7, 10, 8, 2, 6, 1
33379, 0, 5, 0, 5, 0, 0
33991, 19, 21, 18, 3, 19, 0
101282, 17, 13, 4, 9, 15, 2
112387, 0, 1, 0, 1, 0, 0
114681, 10, 11, 11, 0, 10, 0
124664, 11, 8, 8, 0, 10, 1
126927, 0, 6, 0, 6, 0, 0
128480, 0, 1, 0, 1, 0, 0
128481, 0, 1, 0, 1, 0, 0
128482, 0, 1, 0, 1, 0, 0
128483, 0, 1, 0, 1, 0, 0
128484, 0, 1, 0, 1, 0, 0
130911, 1, 2, 1, 1, 1, 0
792, 2, 2, 2, 0, 2, 0
10420, 1, 6, 2, 4, 1, 0
12775, 0, 5, 0, 5, 0, 0
20419, 0, 4, 0, 4, 0, 0
23264, 0, 3, 0, 3, 0, 0
28324, 0, 6, 0, 6, 0, 0
36460, 0, 2, 0, 2, 0, 0
79388, 32, 19, 18, 1, 24, 8
120070, 1, 3, 3, 0, 0, 1
9287, 64, 75, 66, 9, 24, 40
19341, 46, 36, 33, 3, 37, 9
30191, 5, 67, 64, 3, 5, 0
44456, 12, 17, 11, 6, 12, 0
50753, 3, 1, 1, 0, 3, 0
67286, 12, 10, 10, 0, 12, 0
796, 2, 4, 4, 0, 2, 0
798, 1, 6, 6, 0, 1, 0
4290, 7, 5, 4, 1, 7, 0
12328, 7, 10, 9, 1, 6, 1
16218, 48, 24, 24, 0, 48, 0
22616, 21, 6, 6, 0, 20, 1
24811, 67, 36, 36, 0, 66, 1
26561, 2, 6, 6, 0, 2, 0
34362, 42, 32, 32, 0, 35, 7
35903, 8, 6, 5, 1, 8, 0
37346, 16, 10, 10, 0, 13, 3
42709, 49, 35, 35, 0, 49, 0
49183, 56, 23, 19, 4, 45, 11
57213, 2, 5, 5, 0, 2, 0
57764, 9, 6, 6, 0, 9, 0
58343, 12, 6, 6, 0, 12, 0
63810, 10, 5, 5, 0, 7, 3
799, 3, 0, 0, 0, 3, 0
800, 0, 1, 1, 0, 0, 0
1716, 50, 58, 54, 4, 50, 0
10602, 41, 27, 24, 3, 33, 8
16313, 11, 18, 16, 2, 9, 2
18488, 71, 51, 50, 1, 65, 6
21113, 35, 20, 20, 0, 30, 5
21993, 19, 26, 24, 2, 16, 3
28832, 5, 5, 5, 0, 5, 0
30539, 405, 94, 86, 8, 392, 13
31729, 0, 17, 0, 17, 0, 0
44082, 17, 30, 27, 3, 17, 0
802, 1, 0, 0, 0, 0, 1
803, 2, 2, 1, 1, 2, 0
804, 1, 0, 0, 0, 1, 0
806, 1, 0, 0, 0, 1, 0
807, 0, 2, 2, 0, 0, 0
808, 5, 2, 2, 0, 5, 0
6097, 7, 8, 7, 1, 6, 1
2150, 22, 108, 108, 0, 22, 0
6178, 86, 16, 15, 1, 80, 6
6574, 107, 59, 58, 1, 67, 40
9326, 13, 4, 4, 0, 13, 0
10766, 88, 22, 20, 2, 83, 5
11167, 14, 13, 7, 6, 14, 0
12887, 0, 3, 3, 0, 0, 0
16282, 31, 5, 4, 1, 31, 0
19215, 2, 6, 1, 5, 2, 0
19843, 1, 8, 7, 1, 1, 0
32378, 7, 3, 3, 0, 7, 0
38329, 3, 3, 3, 0, 3, 0
39230, 0, 2, 1, 1, 0, 0
43401, 12, 5, 5, 0, 11, 1
62754, 10, 12, 12, 0, 10, 0
63240, 12, 13, 13, 0, 12, 0
76430, 7, 4, 4, 0, 6, 1
76431, 1, 1, 1, 0, 1, 0
76432, 0, 1, 1, 0, 0, 0
76433, 0, 1, 1, 0, 0, 0
93263, 16, 15, 15, 0, 16, 0
96248, 8, 4, 4, 0, 8, 0
96768, 27, 10, 10, 0, 27, 0
96859, 12, 2, 2, 0, 12, 0
98917, 6, 2, 2, 0, 6, 0
36974, 0, 1, 1, 0, 0, 0
811, 1, 0, 0, 0, 1, 0
815, 6, 8, 8, 0, 5, 1
5787, 4, 8, 8, 0, 4, 0
6773, 2, 7, 7, 0, 2, 0
6952, 3, 20, 14, 6, 3, 0
11519, 13, 15, 15, 0, 13, 0
17129, 1, 3, 3, 0, 1, 0
17482, 18, 7, 7, 0, 16, 2
17626, 3, 3, 3, 0, 2, 1
20713, 7, 13, 11, 2, 6, 1
21084, 2, 5, 5, 0, 2, 0
24580, 58, 28, 28, 0, 51, 7
37858, 5, 3, 3, 0, 2, 3
39212, 2, 2, 2, 0, 2, 0
42224, 0, 3, 3, 0, 0, 0
51954, 2, 5, 5, 0, 2, 0
55386, 7, 6, 4, 2, 7, 0
63658, 0, 5, 1, 4, 0, 0
93562, 0, 2, 2, 0, 0, 0
94499, 1, 2, 2, 0, 1, 0
94599, 0, 1, 1, 0, 0, 0
96125, 7, 6, 5, 1, 7, 0
99819, 9, 4, 4, 0, 8, 1
102509, 0, 2, 2, 0, 0, 0
102569, 1, 7, 5, 2, 1, 0
103471, 42, 18, 18, 0, 41, 1
103785, 0, 1, 1, 0, 0, 0
103807, 1, 1, 1, 0, 0, 1
103828, 2, 1, 1, 0, 2, 0
104166, 0, 2, 2, 0, 0, 0
104912, 1, 2, 2, 0, 1, 0
105233, 0, 1, 1, 0, 0, 0
105234, 0, 1, 1, 0, 0, 0
105236, 0, 2, 1, 1, 0, 0
106396, 3, 3, 3, 0, 3, 0
106668, 0, 2, 2, 0, 0, 0
106671, 3, 1, 1, 0, 3, 0
108072, 0, 2, 2, 0, 0, 0
108925, 0, 2, 2, 0, 0, 0
109026, 0, 1, 1, 0, 0, 0
109096, 6, 9, 7, 2, 6, 0
109585, 6, 1, 1, 0, 6, 0
109674, 1, 2, 2, 0, 1, 0
109686, 0, 1, 1, 0, 0, 0
814, 4, 8, 8, 0, 4, 0
16947, 6, 5, 5, 0, 6, 0
7870, 11, 5, 4, 1, 10, 1
8266, 60, 81, 75, 6, 36, 24
8932, 16, 7, 6, 1, 16, 0
8934, 3, 2, 2, 0, 2, 1
8936, 8, 6, 6, 0, 8, 0
9261, 12, 16, 14, 2, 9, 3
9506, 9, 4, 4, 0, 8, 1
10690, 11, 4, 4, 0, 11, 0
16090, 14, 10, 10, 0, 14, 0
16500, 7, 5, 5, 0, 7, 0
16502, 8, 4, 4, 0, 7, 1
17211, 232, 110, 107, 3, 232, 0
19927, 14, 9, 9, 0, 14, 0
23717, 26, 71, 69, 2, 26, 0
27173, 121, 100, 86, 14, 20, 101
29885, 30, 30, 28, 2, 30, 0
34333, 1, 1, 1, 0, 1, 0
40451, 0, 2, 2, 0, 0, 0
42526, 2, 11, 11, 0, 2, 0
60129, 0, 1, 1, 0, 0, 0
60130, 0, 1, 1, 0, 0, 0
60131, 0, 1, 1, 0, 0, 0
98574, 3, 7, 6, 1, 3, 0
105502, 6, 8, 4, 4, 6, 0
2005, 7, 13, 9, 4, 7, 0
93659, 1, 1, 1, 0, 1, 0
45204, 1, 10, 1, 9, 1, 0
58376, 0, 8, 0, 8, 0, 0
58454, 1, 7, 7, 0, 1, 0
59257, 181, 62, 60, 2, 181, 0
74237, 3, 3, 3, 0, 3, 0
128153, 1, 1, 0, 1, 1, 0
43579, 6, 9, 1, 8, 6, 0
48010, 0, 24, 1, 23, 0, 0
61934, 0, 2, 0, 2, 0, 0
21342, 4, 2, 2, 0, 2, 2
821, 2, 1, 0, 1, 1, 1
46091, 5, 5, 2, 3, 4, 1
5906, 4, 7, 6, 1, 4, 0
53706, 24, 15, 11, 4, 23, 1
67620, 1, 2, 1, 1, 1, 0
824, 1, 0, 0, 0, 1, 0
825, 7, 17, 16, 1, 5, 2
37316, 5, 5, 4, 1, 5, 0
37766, 0, 1, 0, 1, 0, 0
826, 1, 0, 0, 0, 1, 0
5732, 15, 41, 40, 1, 14, 1
5733, 44, 149, 145, 4, 44, 0
5735, 2, 8, 8, 0, 2, 0
5736, 2, 6, 6, 0, 2, 0
5737, 0, 3, 3, 0, 0, 0
5741, 1, 33, 33, 0, 1, 0
5742, 0, 9, 9, 0, 0, 0
5744, 48, 122, 114, 8, 30, 18
5746, 17, 57, 57, 0, 17, 0
5747, 3, 18, 18, 0, 3, 0
5748, 4, 21, 21, 0, 4, 0
5750, 1, 11, 11, 0, 1, 0
5751, 14, 13, 10, 3, 14, 0
5752, 7, 4, 4, 0, 7, 0
5757, 6, 5, 5, 0, 6, 0
5759, 15, 5, 4, 1, 14, 1
5760, 29, 17, 14, 3, 25, 4
828, 1, 0, 0, 0, 1, 0
10498, 13, 7, 6, 1, 13, 0
26560, 1, 2, 2, 0, 1, 0
33429, 13, 9, 8, 1, 12, 1
49252, 1, 1, 1, 0, 1, 0
49492, 1, 1, 1, 0, 1, 0
54774, 0, 2, 2, 0, 0, 0
54778, 0, 1, 1, 0, 0, 0
54779, 0, 1, 1, 0, 0, 0
830, 1, 0, 0, 0, 1, 0
934, 38, 19, 16, 3, 37, 1
2301, 323, 74, 72, 2, 323, 0
2690, 50, 24, 21, 3, 50, 0
3621, 11, 41, 40, 1, 10, 1
7620, 12, 5, 5, 0, 8, 4
11927, 66, 53, 52, 1, 66, 0
12832, 5, 3, 3, 0, 3, 2
13389, 11, 7, 7, 0, 10, 1
13825, 2, 3, 3, 0, 2, 0
14910, 18, 5, 5, 0, 18, 0
16117, 27, 9, 7, 2, 26, 1
16980, 21, 17, 15, 2, 21, 0
17352, 324, 54, 43, 11, 324, 0
23880, 24, 12, 11, 1, 23, 1
24004, 42, 8, 7, 1, 42, 0
31366, 0, 1, 0, 1, 0, 0
35234, 4, 1, 0, 1, 3, 1
37918, 19, 13, 12, 1, 18, 1
58804, 10, 5, 5, 0, 5, 5
94825, 51, 17, 14, 3, 49, 2
95078, 0, 1, 1, 0, 0, 0
101944, 38, 9, 9, 0, 33, 5
102593, 0, 1, 0, 1, 0, 0
105954, 4, 3, 3, 0, 4, 0
108074, 0, 1, 0, 1, 0, 0
114579, 4, 5, 5, 0, 4, 0
129033, 0, 1, 0, 1, 0, 0
129202, 1, 1, 0, 1, 0, 1
129411, 1, 4, 2, 2, 0, 1
832, 1, 1, 1, 0, 1, 0
833, 102, 78, 35, 43, 45, 57
3349, 27, 43, 42, 1, 27, 0
11729, 126, 109, 107, 2, 126, 0
12072, 128, 51, 50, 1, 128, 0
12214, 153, 91, 89, 2, 153, 0
17314, 59, 34, 30, 4, 59, 0
18648, 49, 23, 18, 5, 48, 1
23042, 30, 31, 30, 1, 30, 0
23133, 34, 14, 14, 0, 34, 0
23311, 8, 20, 15, 5, 5, 3
24644, 68, 28, 28, 0, 67, 1
27296, 341, 94, 90, 4, 341, 0
29915, 89, 52, 51, 1, 89, 0
32847, 9, 11, 10, 1, 9, 0
50871, 3, 1, 0, 1, 2, 1
52788, 0, 2, 1, 1, 0, 0
54226, 1, 2, 0, 2, 1, 0
57038, 4, 1, 1, 0, 4, 0
57653, 9, 5, 5, 0, 9, 0
59473, 1, 1, 0, 1, 0, 1
59507, 3, 1, 0, 1, 2, 1
60780, 1, 1, 0, 1, 0, 1
61092, 1, 1, 0, 1, 0, 1
61178, 4, 4, 1, 3, 1, 3
61240, 1, 1, 0, 1, 0, 1
61354, 1, 8, 6, 2, 0, 1
61498, 1, 1, 0, 1, 0, 1
61503, 3, 4, 0, 4, 0, 3
61509, 1, 1, 0, 1, 0, 1
61528, 1, 1, 0, 1, 0, 1
61537, 1, 1, 0, 1, 0, 1
61538, 2, 1, 0, 1, 1, 1
61649, 1, 1, 0, 1, 0, 1
61673, 1, 1, 0, 1, 0, 1
61679, 1, 1, 0, 1, 0, 1
61683, 1, 1, 0, 1, 0, 1
62114, 0, 3, 0, 3, 0, 0
62312, 5, 6, 2, 4, 2, 3
72300, 5, 4, 4, 0, 5, 0
73737, 7, 3, 3, 0, 7, 0
74947, 2, 3, 2, 1, 2, 0
76516, 4, 3, 3, 0, 3, 1
80009, 1, 3, 3, 0, 1, 0
80631, 2, 2, 2, 0, 2, 0
83503, 0, 4, 0, 4, 0, 0
85829, 0, 1, 1, 0, 0, 0
85830, 0, 1, 0, 1, 0, 0
85831, 0, 1, 0, 1, 0, 0
85832, 0, 1, 0, 1, 0, 0
85833, 0, 1, 0, 1, 0, 0
85834, 0, 1, 0, 1, 0, 0
85835, 0, 1, 0, 1, 0, 0
85836, 0, 1, 0, 1, 0, 0
85837, 0, 1, 0, 1, 0, 0
85838, 0, 1, 0, 1, 0, 0
85839, 0, 1, 0, 1, 0, 0
85840, 0, 1, 0, 1, 0, 0
85841, 0, 1, 0, 1, 0, 0
85842, 0, 1, 0, 1, 0, 0
85843, 0, 1, 0, 1, 0, 0
85844, 0, 1, 0, 1, 0, 0
85845, 0, 1, 0, 1, 0, 0
85846, 0, 1, 0, 1, 0, 0
85847, 0, 1, 0, 1, 0, 0
85848, 0, 1, 0, 1, 0, 0
85849, 0, 1, 0, 1, 0, 0
85850, 0, 1, 0, 1, 0, 0
85851, 0, 1, 1, 0, 0, 0
106937, 3, 2, 1, 1, 3, 0
834, 1, 0, 0, 0, 1, 0
836, 2, 0, 0, 0, 2, 0
837, 1, 0, 0, 0, 0, 1
952, 0, 3, 3, 0, 0, 0
2308, 93, 55, 47, 8, 93, 0
6321, 40, 27, 26, 1, 26, 14
8994, 12, 13, 12, 1, 12, 0
12943, 35, 17, 14, 3, 34, 1
19753, 3, 17, 4, 13, 3, 0
29001, 11, 7, 7, 0, 11, 0
32143, 3, 6, 3, 3, 3, 0
59112, 20, 10, 10, 0, 18, 2
63732, 35, 40, 38, 2, 35, 0
94580, 2, 4, 3, 1, 2, 0
100104, 4, 3, 2, 1, 3, 1
839, 1, 0, 0, 0, 1, 0
840, 5, 1, 1, 0, 5, 0
843, 11, 17, 17, 0, 11, 0
5463, 21, 9, 9, 0, 21, 0
9468, 74, 62, 62, 0, 64, 10
12768, 2, 3, 3, 0, 2, 0
12791, 2, 2, 2, 0, 2, 0
17123, 2, 11, 10, 1, 2, 0
17126, 8, 4, 3, 1, 8, 0
25375, 9, 8, 7, 1, 9, 0
29936, 640, 56, 52, 4, 640, 0
30948, 36, 32, 32, 0, 35, 1
32558, 1, 1, 1, 0, 1, 0
40239, 1, 1, 1, 0, 1, 0
60508, 22, 22, 22, 0, 21, 1
84040, 5, 3, 3, 0, 5, 0
84719, 0, 1, 1, 0, 0, 0
6893, 1, 1, 0, 1, 1, 0
14117, 0, 4, 0, 4, 0, 0
18178, 38, 32, 31, 1, 27, 11
19673, 66, 25, 23, 2, 32, 34
33226, 57, 20, 17, 3, 56, 1
34664, 0, 2, 0, 2, 0, 0
41211, 3, 16, 3, 13, 3, 0
42805, 0, 2, 0, 2, 0, 0
45077, 0, 8, 0, 8, 0, 0
50742, 0, 5, 0, 5, 0, 0
51740, 0, 11, 0, 11, 0, 0
51741, 0, 1, 0, 1, 0, 0
51742, 0, 1, 0, 1, 0, 0
51743, 0, 2, 0, 2, 0, 0
51744, 0, 1, 0, 1, 0, 0
51746, 0, 5, 0, 5, 0, 0
51749, 0, 1, 0, 1, 0, 0
36529, 44, 37, 37, 0, 44, 0
38106, 60, 23, 22, 1, 60, 0
844, 1, 0, 0, 0, 1, 0
845, 1, 2, 2, 0, 1, 0
9386, 4, 6, 6, 0, 4, 0
119555, 3, 1, 1, 0, 3, 0
10202, 20, 19, 17, 2, 18, 2
848, 1, 1, 1, 0, 1, 0
849, 3, 1, 1, 0, 3, 0
1224, 0, 1, 1, 0, 0, 0
1225, 0, 1, 1, 0, 0, 0
850, 6, 0, 0, 0, 4, 2
852, 1017, 64, 60, 4, 1017, 0
853, 14, 18, 15, 3, 14, 0
854, 0, 3, 2, 1, 0, 0
33537, 32, 20, 19, 1, 23, 9
5813, 4, 8, 7, 1, 4, 0
10595, 0, 2, 1, 1, 0, 0
14087, 0, 5, 1, 4, 0, 0
16441, 25, 30, 29, 1, 23, 2
16989, 11, 4, 3, 1, 9, 2
17034, 100, 20, 20, 0, 100, 0
17071, 33, 8, 8, 0, 33, 0
17675, 26, 12, 9, 3, 26, 0
21859, 4, 13, 12, 1, 3, 1
42776, 36, 41, 36, 5, 36, 0
46820, 14, 13, 13, 0, 14, 0
47190, 1, 4, 3, 1, 1, 0
48275, 22, 11, 8, 3, 22, 0
58775, 0, 3, 0, 3, 0, 0
59410, 3, 2, 1, 1, 3, 0
74654, 9, 7, 7, 0, 9, 0
77256, 17, 6, 6, 0, 17, 0
77575, 0, 1, 0, 1, 0, 0
94485, 5, 4, 2, 2, 3, 2
96513, 16, 8, 8, 0, 16, 0
97525, 3, 42, 5, 37, 3, 0
98727, 83, 33, 30, 3, 65, 18
103093, 13, 8, 8, 0, 10, 3
106826, 1, 1, 0, 1, 0, 1
106917, 12, 4, 2, 2, 12, 0
108411, 1, 1, 1, 0, 1, 0
109010, 2, 5, 1, 4, 1, 1
110048, 26, 9, 8, 1, 26, 0
110698, 0, 12, 0, 12, 0, 0
118012, 2, 3, 0, 3, 0, 2
118045, 1, 1, 1, 0, 1, 0
118227, 6, 2, 2, 0, 6, 0
118253, 0, 1, 0, 1, 0, 0
119436, 0, 1, 0, 1, 0, 0
119706, 1, 1, 0, 1, 1, 0
120576, 0, 3, 0, 3, 0, 0
120788, 9, 1, 1, 0, 9, 0
121056, 28, 7, 7, 0, 28, 0
122623, 1, 2, 2, 0, 1, 0
123448, 16, 19, 18, 1, 16, 0
124118, 2, 3, 3, 0, 2, 0
126380, 8, 3, 3, 0, 8, 0
126431, 34, 23, 20, 3, 34, 0
126472, 0, 1, 0, 1, 0, 0
126950, 0, 1, 0, 1, 0, 0
128621, 15, 5, 5, 0, 15, 0
129347, 16, 10, 10, 0, 16, 0
130369, 8, 5, 4, 1, 8, 0
130554, 0, 1, 0, 1, 0, 0
962, 0, 11, 11, 0, 0, 0
2413, 106, 70, 70, 0, 106, 0
2653, 12, 15, 14, 1, 12, 0
2740, 27, 18, 17, 1, 26, 1
3759, 3, 21, 21, 0, 3, 0
5490, 31, 20, 19, 1, 31, 0
5495, 8, 29, 28, 1, 8, 0
5677, 33, 33, 32, 1, 24, 9
5815, 29, 22, 18, 4, 27, 2
5828, 3, 24, 20, 4, 3, 0
5901, 19, 22, 22, 0, 19, 0
6270, 42, 76, 73, 3, 41, 1
6379, 35, 23, 21, 2, 18, 17
6501, 12, 8, 7, 1, 11, 1
6544, 10, 23, 12, 11, 9, 1
6991, 19, 12, 12, 0, 19, 0
7737, 172, 73, 66, 7, 167, 5
7976, 21, 15, 15, 0, 21, 0
8004, 8, 15, 14, 1, 8, 0
8526, 0, 11, 11, 0, 0, 0
8536, 45, 40, 34, 6, 22, 23
9699, 5, 17, 15, 2, 5, 0
9935, 9, 17, 17, 0, 7, 2
10127, 8, 12, 3, 9, 2, 6
10236, 53, 37, 35, 2, 52, 1
10627, 3, 4, 4, 0, 3, 0
11028, 12, 15, 15, 0, 12, 0
11203, 22, 44, 41, 3, 22, 0
11433, 0, 3, 3, 0, 0, 0
11579, 2, 3, 3, 0, 2, 0
11651, 6, 31, 31, 0, 6, 0
11688, 21, 150, 145, 5, 21, 0
11737, 339, 157, 147, 10, 339, 0
11740, 259, 116, 112, 4, 259, 0
11753, 2, 8, 6, 2, 1, 1
11839, 298, 118, 108, 10, 298, 0
11916, 20, 39, 39, 0, 20, 0
12006, 100, 57, 53, 4, 100, 0
12080, 6, 18, 16, 2, 6, 0
12147, 11, 92, 92, 0, 11, 0
12158, 108, 65, 61, 4, 108, 0
12168, 2066, 55, 55, 0, 2066, 0
12317, 34, 10, 7, 3, 34, 0
12494, 32, 134, 130, 4, 30, 2
12641, 62, 23, 19, 4, 20, 42
12759, 0, 6, 6, 0, 0, 0
12938, 0, 6, 6, 0, 0, 0
13107, 4, 11, 7, 4, 3, 1
13166, 11, 13, 13, 0, 8, 3
13259, 16, 16, 15, 1, 15, 1
13819, 5, 9, 5, 4, 5, 0
14017, 33, 38, 35, 3, 33, 0
14217, 2, 13, 11, 2, 2, 0
14243, 3, 34, 33, 1, 3, 0
14531, 46, 89, 87, 2, 45, 1
14533, 51, 112, 110, 2, 51, 0
14547, 9, 9, 7, 2, 9, 0
15229, 22, 30, 30, 0, 22, 0
16069, 9, 16, 13, 3, 9, 0
16522, 0, 4, 4, 0, 0, 0
16916, 3, 5, 4, 1, 3, 0
17147, 2, 8, 8, 0, 2, 0
17635, 24, 47, 44, 3, 24, 0
18127, 1, 7, 5, 2, 1, 0
18359, 4, 72, 70, 2, 4, 0
19121, 23, 34, 33, 1, 23, 0
19454, 45, 33, 33, 0, 45, 0
19619, 0, 4, 4, 0, 0, 0
19747, 0, 3, 1, 2, 0, 0
19915, 2, 7, 5, 2, 2, 0
19921, 24, 93, 91, 2, 6, 18
20261, 16, 42, 39, 3, 12, 4
20725, 43, 34, 30, 4, 37, 6
21032, 47, 28, 28, 0, 45, 2
21143, 188, 166, 163, 3, 187, 1
21154, 30, 68, 68, 0, 30, 0
21224, 13, 7, 6, 1, 13, 0
21246, 6, 20, 19, 1, 6, 0
21443, 6, 5, 5, 0, 6, 0
21778, 1, 17, 17, 0, 0, 1
22025, 3, 6, 6, 0, 2, 1
22709, 1, 6, 5, 1, 1, 0
23555, 15, 8, 8, 0, 15, 0
23615, 4, 6, 6, 0, 4, 0
23969, 6, 6, 4, 2, 6, 0
24473, 4, 14, 14, 0, 4, 0
24538, 3, 8, 8, 0, 3, 0
24548, 0, 8, 8, 0, 0, 0
24583, 30, 20, 19, 1, 30, 0
24585, 11, 12, 12, 0, 11, 0
24647, 5, 5, 5, 0, 4, 1
25134, 7, 3, 3, 0, 7, 0
25191, 20, 44, 39, 5, 17, 3
25718, 8, 22, 22, 0, 6, 2
25850, 4, 38, 35, 3, 4, 0
27001, 17, 9, 8, 1, 17, 0
27350, 7, 23, 22, 1, 7, 0
27447, 0, 9, 8, 1, 0, 0
27815, 0, 8, 8, 0, 0, 0
28225, 44, 29, 29, 0, 40, 4
28283, 9, 11, 11, 0, 8, 1
28290, 20, 29, 28, 1, 20, 0
28308, 15, 57, 54, 3, 14, 1
28360, 24, 26, 26, 0, 24, 0
28609, 7, 13, 12, 1, 7, 0
28850, 8, 35, 31, 4, 8, 0
28961, 26, 9, 8, 1, 26, 0
29072, 3, 8, 5, 3, 2, 1
29120, 96, 65, 64, 1, 96, 0
29331, 0, 3, 3, 0, 0, 0
29422, 21, 21, 19, 2, 18, 3
29684, 0, 4, 4, 0, 0, 0
29812, 7, 15, 15, 0, 6, 1
30160, 2, 4, 3, 1, 2, 0
30187, 4, 19, 18, 1, 4, 0
30190, 2, 9, 9, 0, 1, 1
30196, 10, 12, 12, 0, 10, 0
30429, 0, 3, 3, 0, 0, 0
30589, 16, 28, 28, 0, 15, 1
30607, 18, 9, 9, 0, 18, 0
30727, 8, 11, 11, 0, 8, 0
30773, 20, 22, 22, 0, 20, 0
31217, 1, 4, 3, 1, 1, 0
31480, 2, 8, 7, 1, 2, 0
31565, 10, 18, 18, 0, 10, 0
31578, 0, 5, 5, 0, 0, 0
32182, 2, 4, 3, 1, 2, 0
32236, 1, 5, 4, 1, 1, 0
33173, 0, 2, 2, 0, 0, 0
33462, 5, 8, 7, 1, 4, 1
33670, 6, 12, 10, 2, 6, 0
33803, 18, 19, 17, 2, 18, 0
34108, 0, 4, 4, 0, 0, 0
34463, 36, 46, 42, 4, 36, 0
34603, 30, 17, 17, 0, 29, 1
35679, 127, 118, 115, 3, 127, 0
36230, 5, 4, 3, 1, 5, 0
36387, 27, 18, 18, 0, 27, 0
36452, 44, 36, 34, 2, 44, 0
36850, 17, 13, 11, 2, 11, 6
37060, 8, 6, 6, 0, 8, 0
37081, 1, 3, 2, 1, 1, 0
37354, 56, 22, 18, 4, 56, 0
37618, 84, 47, 46, 1, 84, 0
38103, 42, 50, 49, 1, 42, 0
38260, 12, 14, 13, 1, 11, 1
38551, 1, 10, 9, 1, 1, 0
38674, 1, 10, 10, 0, 1, 0
38773, 62, 45, 45, 0, 62, 0
39305, 8, 50, 48, 2, 8, 0
39309, 19, 7, 7, 0, 19, 0
39391, 3, 6, 3, 3, 3, 0
39563, 42, 56, 53, 3, 42, 0
39919, 10, 17, 16, 1, 6, 4
40059, 65, 33, 32, 1, 65, 0
40246, 15, 10, 10, 0, 12, 3
40515, 1, 3, 3, 0, 1, 0
41139, 0, 2, 2, 0, 0, 0
41785, 3, 15, 10, 5, 1, 2
42256, 21, 10, 9, 1, 21, 0
42297, 76, 20, 17, 3, 65, 11
42873, 0, 4, 3, 1, 0, 0
42972, 5, 5, 4, 1, 5, 0
44239, 20, 7, 5, 2, 20, 0
44528, 0, 12, 11, 1, 0, 0
44707, 6, 14, 14, 0, 6, 0
44788, 11, 34, 32, 2, 10, 1
44806, 0, 54, 54, 0, 0, 0
44814, 60, 34, 34, 0, 60, 0
44815, 107, 67, 67, 0, 107, 0
44821, 109, 65, 65, 0, 109, 0
44944, 10, 13, 8, 5, 10, 0
45006, 5, 9, 7, 2, 4, 1
45022, 0, 6, 6, 0, 0, 0
45192, 10, 47, 43, 4, 10, 0
45243, 3, 8, 7, 1, 3, 0
45268, 13, 17, 17, 0, 11, 2
45514, 28, 10, 10, 0, 28, 0
45659, 53, 55, 54, 1, 50, 3
45682, 16, 21, 20, 1, 16, 0
45956, 12, 11, 11, 0, 12, 0
45981, 56, 35, 35, 0, 56, 0
46057, 5, 3, 3, 0, 4, 1
46152, 1, 3, 2, 1, 1, 0
46178, 8, 4, 4, 0, 8, 0
46666, 0, 3, 3, 0, 0, 0
46758, 12, 19, 19, 0, 12, 0
47453, 42, 27, 26, 1, 42, 0
47496, 4, 7, 6, 1, 4, 0
48008, 2, 7, 6, 1, 2, 0
48038, 15, 8, 8, 0, 15, 0
48384, 1, 11, 10, 1, 1, 0
48417, 9, 12, 12, 0, 9, 0
48711, 4, 8, 5, 3, 4, 0
49016, 3, 9, 8, 1, 3, 0
49017, 2, 3, 3, 0, 2, 0
49203, 2, 4, 4, 0, 2, 0
49338, 24, 21, 21, 0, 24, 0
49703, 5, 7, 7, 0, 5, 0
49769, 12, 5, 4, 1, 9, 3
50008, 30, 31, 30, 1, 29, 1
50046, 11, 5, 5, 0, 11, 0
50228, 0, 2, 2, 0, 0, 0
50357, 0, 2, 1, 1, 0, 0
50786, 1, 5, 4, 1, 1, 0
50792, 10, 11, 11, 0, 6, 4
51097, 8, 10, 10, 0, 8, 0
51172, 33, 10, 10, 0, 33, 0
51208, 3, 4, 3, 1, 3, 0
51214, 13, 14, 14, 0, 13, 0
51609, 5, 7, 6, 1, 5, 0
51660, 3, 14, 12, 2, 3, 0
51765, 1, 6, 6, 0, 1, 0
51876, 0, 2, 2, 0, 0, 0
51918, 70, 21, 21, 0, 70, 0
51945, 10, 8, 8, 0, 10, 0
51970, 2, 4, 3, 1, 2, 0
52109, 2, 7, 7, 0, 2, 0
52258, 5, 15, 13, 2, 5, 0
52297, 71, 21, 21, 0, 71, 0
52442, 9, 6, 6, 0, 9, 0
52543, 2, 5, 5, 0, 2, 0
52907, 0, 3, 3, 0, 0, 0
52926, 21, 25, 25, 0, 20, 1
53001, 23, 28, 26, 2, 23, 0
53183, 0, 3, 3, 0, 0, 0
53219, 5, 15, 14, 1, 5, 0
53527, 3, 16, 15, 1, 3, 0
54099, 5, 11, 8, 3, 5, 0
54106, 6, 5, 5, 0, 4, 2
54182, 4, 12, 11, 1, 3, 1
54508, 4, 11, 11, 0, 4, 0
54884, 7, 10, 10, 0, 7, 0
54939, 3, 6, 6, 0, 3, 0
55259, 24, 12, 12, 0, 24, 0
55566, 1, 5, 4, 1, 1, 0
55989, 0, 3, 3, 0, 0, 0
56000, 0, 2, 2, 0, 0, 0
56085, 0, 5, 4, 1, 0, 0
56158, 3, 6, 5, 1, 2, 1
56528, 2, 2, 1, 1, 2, 0
56589, 12, 29, 28, 1, 11, 1
56984, 0, 3, 3, 0, 0, 0
57268, 3, 8, 8, 0, 3, 0
57735, 41, 11, 11, 0, 41, 0
57986, 13, 14, 14, 0, 13, 0
58001, 84, 76, 76, 0, 84, 0
58176, 1, 6, 6, 0, 1, 0
58250, 12, 11, 11, 0, 12, 0
58257, 83, 39, 39, 0, 83, 0
58449, 1, 29, 29, 0, 1, 0
58472, 89, 28, 22, 6, 89, 0
59057, 27, 18, 17, 1, 27, 0
59172, 3, 20, 15, 5, 3, 0
59206, 6, 9, 8, 1, 6, 0
59248, 6, 4, 4, 0, 6, 0
59535, 2, 7, 6, 1, 2, 0
59988, 4, 8, 8, 0, 4, 0
60127, 0, 6, 5, 1, 0, 0
60394, 3, 3, 3, 0, 3, 0
60742, 55, 14, 13, 1, 55, 0
60815, 3, 6, 6, 0, 3, 0
60892, 79, 15, 15, 0, 79, 0
61320, 8, 8, 7, 1, 8, 0
61500, 9, 20, 20, 0, 9, 0
61786, 7, 11, 10, 1, 7, 0
61808, 39, 35, 35, 0, 38, 1
61813, 0, 3, 3, 0, 0, 0
61992, 7, 6, 5, 1, 7, 0
62233, 0, 2, 2, 0, 0, 0
62404, 8, 9, 9, 0, 8, 0
62897, 2, 7, 5, 2, 2, 0
63040, 1, 6, 6, 0, 1, 0
63824, 15, 12, 12, 0, 15, 0
63888, 34, 26, 26, 0, 34, 0
64097, 1, 10, 9, 1, 1, 0
64247, 47, 14, 12, 2, 44, 3
64750, 12, 12, 12, 0, 12, 0
64853, 4, 10, 9, 1, 4, 0
64856, 3, 3, 3, 0, 3, 0
64864, 2, 17, 17, 0, 2, 0
65035, 5, 6, 6, 0, 5, 0
65121, 0, 27, 27, 0, 0, 0
65160, 2, 2, 2, 0, 2, 0
65193, 7, 8, 5, 3, 7, 0
65198, 6, 8, 8, 0, 6, 0
65278, 7, 8, 8, 0, 7, 0
65282, 3, 7, 7, 0, 3, 0
65384, 6, 14, 14, 0, 6, 0
65418, 18, 3, 3, 0, 17, 1
65550, 2, 7, 7, 0, 2, 0
65699, 9, 7, 6, 1, 8, 1
65856, 72, 77, 77, 0, 72, 0
65910, 11, 4, 4, 0, 11, 0
66034, 1, 3, 2, 1, 0, 1
66538, 1, 3, 3, 0, 1, 0
66673, 0, 3, 3, 0, 0, 0
66908, 1, 3, 3, 0, 1, 0
67230, 1, 5, 5, 0, 1, 0
67234, 9, 11, 11, 0, 8, 1
67332, 1, 3, 3, 0, 1, 0
67372, 0, 2, 2, 0, 0, 0
67381, 1, 12, 12, 0, 1, 0
67516, 7, 6, 6, 0, 7, 0
67661, 5, 3, 3, 0, 5, 0
67716, 0, 2, 2, 0, 0, 0
67893, 2, 4, 4, 0, 1, 1
68175, 4, 5, 5, 0, 4, 0
68224, 0, 3, 3, 0, 0, 0
68417, 0, 6, 6, 0, 0, 0
68418, 7, 7, 7, 0, 7, 0
68552, 44, 30, 30, 0, 40, 4
68747, 1, 1, 1, 0, 1, 0
68808, 4, 7, 7, 0, 4, 0
68886, 11, 15, 15, 0, 11, 0
68952, 2, 3, 3, 0, 2, 0
68978, 1, 9, 7, 2, 1, 0
69051, 14, 12, 12, 0, 14, 0
69200, 30, 17, 16, 1, 30, 0
69273, 65, 45, 45, 0, 65, 0
69561, 6, 3, 3, 0, 6, 0
69572, 1, 8, 8, 0, 1, 0
69636, 7, 3, 3, 0, 3, 4
69700, 14, 16, 16, 0, 14, 0
69811, 7, 15, 15, 0, 7, 0
69892, 1, 10, 10, 0, 1, 0
69992, 10, 17, 16, 1, 10, 0
70261, 24, 10, 10, 0, 24, 0
70322, 5, 6, 6, 0, 5, 0
70341, 0, 2, 2, 0, 0, 0
70350, 5, 6, 6, 0, 5, 0
70579, 4, 8, 8, 0, 4, 0
70580, 5, 5, 5, 0, 4, 1
70600, 1, 4, 4, 0, 1, 0
70729, 2, 2, 2, 0, 2, 0
70878, 8, 2, 2, 0, 8, 0
70919, 0, 2, 2, 0, 0, 0
70991, 4, 4, 4, 0, 4, 0
71462, 3, 1, 1, 0, 3, 0
71636, 1, 4, 4, 0, 1, 0
71792, 23, 15, 15, 0, 19, 4
71844, 18, 7, 6, 1, 18, 0
71923, 2, 3, 3, 0, 2, 0
71996, 1, 6, 6, 0, 1, 0
72051, 4, 6, 6, 0, 4, 0
72060, 43, 18, 18, 0, 42, 1
72072, 1, 6, 6, 0, 1, 0
72082, 7, 5, 5, 0, 7, 0
72088, 66, 22, 22, 0, 66, 0
72119, 8, 12, 11, 1, 8, 0
72129, 7, 8, 8, 0, 7, 0
72131, 1, 6, 6, 0, 1, 0
72245, 9, 8, 8, 0, 9, 0
72276, 35, 19, 19, 0, 35, 0
72325, 0, 4, 4, 0, 0, 0
72364, 0, 5, 5, 0, 0, 0
72478, 0, 4, 4, 0, 0, 0
72508, 5, 9, 9, 0, 5, 0
72549, 38, 9, 9, 0, 33, 5
72553, 1, 5, 5, 0, 1, 0
72594, 3, 3, 3, 0, 3, 0
72609, 0, 3, 3, 0, 0, 0
72639, 1, 4, 4, 0, 1, 0
72818, 6, 3, 3, 0, 6, 0
72870, 8, 13, 13, 0, 8, 0
73087, 0, 2, 2, 0, 0, 0
73091, 14, 17, 17, 0, 14, 0
73319, 2, 1, 1, 0, 2, 0
73354, 4, 6, 6, 0, 4, 0
73465, 9, 6, 6, 0, 9, 0
73720, 2, 1, 1, 0, 2, 0
73742, 9, 4, 4, 0, 9, 0
73980, 0, 3, 3, 0, 0, 0
73986, 5, 6, 6, 0, 5, 0
74049, 0, 7, 3, 4, 0, 0
74413, 5, 9, 9, 0, 5, 0
74462, 1, 3, 2, 1, 1, 0
74554, 0, 4, 4, 0, 0, 0
74814, 2, 1, 1, 0, 2, 0
74962, 0, 2, 2, 0, 0, 0
75221, 0, 4, 4, 0, 0, 0
75293, 4, 2, 2, 0, 4, 0
75485, 1, 2, 2, 0, 1, 0
75523, 1, 3, 3, 0, 1, 0
76303, 2, 9, 8, 1, 2, 0
76549, 2, 4, 3, 1, 2, 0
76610, 1, 2, 2, 0, 1, 0
76640, 0, 3, 3, 0, 0, 0
76643, 3, 6, 6, 0, 3, 0
76965, 0, 12, 10, 2, 0, 0
77084, 1, 1, 1, 0, 1, 0
77108, 7, 9, 9, 0, 7, 0
77408, 3, 7, 6, 1, 2, 1
77420, 0, 3, 3, 0, 0, 0
77712, 2, 4, 4, 0, 2, 0
77775, 2, 4, 3, 1, 2, 0
77821, 6, 5, 5, 0, 6, 0
77908, 1, 1, 1, 0, 1, 0
77909, 9, 4, 4, 0, 9, 0
77910, 0, 2, 2, 0, 0, 0
77911, 0, 2, 2, 0, 0, 0
77912, 0, 2, 2, 0, 0, 0
77913, 1, 3, 3, 0, 1, 0
77914, 0, 2, 2, 0, 0, 0
77915, 0, 1, 1, 0, 0, 0
77916, 2, 3, 3, 0, 2, 0
77917, 0, 1, 1, 0, 0, 0
77918, 0, 1, 1, 0, 0, 0
77919, 0, 1, 1, 0, 0, 0
77920, 0, 1, 1, 0, 0, 0
77921, 0, 2, 2, 0, 0, 0
77922, 0, 2, 2, 0, 0, 0
77923, 0, 2, 2, 0, 0, 0
77924, 1, 3, 3, 0, 1, 0
77925, 0, 1, 1, 0, 0, 0
77926, 0, 1, 1, 0, 0, 0
77927, 0, 3, 3, 0, 0, 0
77928, 2, 4, 4, 0, 2, 0
77929, 0, 2, 1, 1, 0, 0
77930, 0, 1, 1, 0, 0, 0
77931, 0, 1, 1, 0, 0, 0
77932, 0, 1, 1, 0, 0, 0
77933, 3, 4, 4, 0, 3, 0
77934, 0, 2, 2, 0, 0, 0
77935, 0, 1, 1, 0, 0, 0
77936, 0, 2, 2, 0, 0, 0
77937, 0, 1, 1, 0, 0, 0
77938, 0, 1, 1, 0, 0, 0
77939, 0, 1, 1, 0, 0, 0
77940, 5, 2, 2, 0, 5, 0
77941, 0, 1, 1, 0, 0, 0
77942, 4, 9, 9, 0, 4, 0
77943, 0, 1, 1, 0, 0, 0
77944, 4, 2, 2, 0, 4, 0
77945, 0, 1, 1, 0, 0, 0
77946, 9, 2, 2, 0, 9, 0
77947, 5, 4, 4, 0, 4, 1
77948, 1, 3, 3, 0, 1, 0
77949, 2, 2, 2, 0, 2, 0
77951, 1, 2, 2, 0, 1, 0
77952, 0, 2, 2, 0, 0, 0
77953, 0, 1, 1, 0, 0, 0
77954, 3, 4, 4, 0, 3, 0
77955, 0, 2, 2, 0, 0, 0
77956, 0, 1, 1, 0, 0, 0
77957, 0, 1, 1, 0, 0, 0
77958, 0, 1, 1, 0, 0, 0
77959, 0, 1, 1, 0, 0, 0
77960, 0, 1, 1, 0, 0, 0
77961, 0, 2, 2, 0, 0, 0
77962, 5, 5, 5, 0, 5, 0
77963, 0, 1, 1, 0, 0, 0
77964, 3, 2, 2, 0, 3, 0
77965, 0, 2, 2, 0, 0, 0
77966, 0, 2, 2, 0, 0, 0
77967, 1, 2, 2, 0, 1, 0
77968, 0, 1, 1, 0, 0, 0
77969, 0, 1, 1, 0, 0, 0
77970, 0, 1, 1, 0, 0, 0
77971, 0, 1, 1, 0, 0, 0
77972, 0, 1, 1, 0, 0, 0
77973, 2, 1, 1, 0, 2, 0
77974, 0, 1, 1, 0, 0, 0
77975, 0, 1, 1, 0, 0, 0
77976, 0, 1, 1, 0, 0, 0
77977, 11, 4, 4, 0, 11, 0
77978, 0, 1, 1, 0, 0, 0
77979, 0, 2, 2, 0, 0, 0
77980, 0, 2, 2, 0, 0, 0
77981, 0, 1, 1, 0, 0, 0
77982, 0, 3, 3, 0, 0, 0
77983, 0, 1, 1, 0, 0, 0
77984, 0, 1, 1, 0, 0, 0
77985, 0, 1, 1, 0, 0, 0
77986, 0, 1, 1, 0, 0, 0
77987, 0, 1, 1, 0, 0, 0
77988, 1, 1, 1, 0, 1, 0
77989, 0, 1, 1, 0, 0, 0
77990, 0, 1, 1, 0, 0, 0
77991, 0, 1, 1, 0, 0, 0
77992, 0, 4, 3, 1, 0, 0
77993, 0, 1, 1, 0, 0, 0
77994, 2, 1, 1, 0, 2, 0
77995, 0, 1, 1, 0, 0, 0
77996, 0, 1, 1, 0, 0, 0
77997, 0, 1, 1, 0, 0, 0
77998, 0, 1, 1, 0, 0, 0
77999, 3, 4, 4, 0, 1, 2
78000, 0, 1, 1, 0, 0, 0
78001, 1, 3, 3, 0, 1, 0
78002, 1, 3, 3, 0, 1, 0
78003, 0, 1, 1, 0, 0, 0
78004, 0, 1, 1, 0, 0, 0
78005, 0, 2, 2, 0, 0, 0
78006, 0, 1, 1, 0, 0, 0
78007, 0, 1, 1, 0, 0, 0
78008, 0, 1, 1, 0, 0, 0
78009, 0, 1, 1, 0, 0, 0
78010, 0, 1, 1, 0, 0, 0
78011, 0, 1, 1, 0, 0, 0
78012, 0, 1, 1, 0, 0, 0
78013, 0, 1, 1, 0, 0, 0
78014, 1, 1, 1, 0, 1, 0
78015, 0, 1, 1, 0, 0, 0
78016, 1, 2, 2, 0, 0, 1
78017, 0, 1, 1, 0, 0, 0
78018, 1, 1, 1, 0, 1, 0
78019, 0, 4, 4, 0, 0, 0
78020, 0, 4, 4, 0, 0, 0
78021, 0, 1, 1, 0, 0, 0
78022, 0, 1, 1, 0, 0, 0
78023, 1, 1, 1, 0, 1, 0
78024, 0, 1, 1, 0, 0, 0
78025, 0, 2, 2, 0, 0, 0
78026, 0, 1, 1, 0, 0, 0
78027, 6, 1, 1, 0, 5, 1
78028, 0, 1, 1, 0, 0, 0
78029, 0, 2, 2, 0, 0, 0
78030, 0, 1, 1, 0, 0, 0
78031, 2, 2, 2, 0, 2, 0
78032, 0, 1, 1, 0, 0, 0
78033, 4, 4, 4, 0, 4, 0
78034, 0, 1, 1, 0, 0, 0
78035, 0, 1, 1, 0, 0, 0
78036, 0, 1, 1, 0, 0, 0
78037, 0, 1, 1, 0, 0, 0
78038, 0, 3, 3, 0, 0, 0
78039, 0, 1, 1, 0, 0, 0
78040, 0, 1, 1, 0, 0, 0
78041, 0, 2, 2, 0, 0, 0
78042, 0, 1, 1, 0, 0, 0
78043, 1, 1, 1, 0, 1, 0
78044, 0, 1, 1, 0, 0, 0
78045, 2, 3, 3, 0, 2, 0
78046, 0, 1, 1, 0, 0, 0
78047, 0, 3, 3, 0, 0, 0
78048, 0, 1, 1, 0, 0, 0
78049, 0, 1, 1, 0, 0, 0
78050, 0, 1, 1, 0, 0, 0
78051, 6, 2, 1, 1, 5, 1
78052, 0, 1, 1, 0, 0, 0
78053, 0, 1, 1, 0, 0, 0
78054, 0, 1, 1, 0, 0, 0
78055, 0, 1, 1, 0, 0, 0
78056, 0, 1, 1, 0, 0, 0
78057, 0, 2, 2, 0, 0, 0
78058, 0, 1, 1, 0, 0, 0
78059, 0, 1, 1, 0, 0, 0
78060, 0, 3, 3, 0, 0, 0
78061, 0, 1, 1, 0, 0, 0
78062, 0, 1, 1, 0, 0, 0
78063, 0, 1, 1, 0, 0, 0
78064, 0, 2, 2, 0, 0, 0
78065, 0, 1, 1, 0, 0, 0
78066, 0, 1, 1, 0, 0, 0
78067, 0, 1, 1, 0, 0, 0
78068, 3, 1, 1, 0, 3, 0
78069, 0, 1, 1, 0, 0, 0
78070, 0, 1, 1, 0, 0, 0
78071, 0, 1, 1, 0, 0, 0
78072, 0, 2, 2, 0, 0, 0
78073, 0, 1, 1, 0, 0, 0
78074, 0, 1, 1, 0, 0, 0
78075, 0, 1, 1, 0, 0, 0
78076, 0, 2, 2, 0, 0, 0
78077, 0, 1, 1, 0, 0, 0
78078, 0, 1, 1, 0, 0, 0
78079, 1, 1, 1, 0, 1, 0
78080, 0, 1, 1, 0, 0, 0
78081, 0, 1, 1, 0, 0, 0
78082, 0, 1, 1, 0, 0, 0
78083, 0, 1, 1, 0, 0, 0
78084, 0, 2, 2, 0, 0, 0
78085, 0, 2, 2, 0, 0, 0
78086, 0, 1, 1, 0, 0, 0
78087, 0, 2, 2, 0, 0, 0
78088, 0, 1, 1, 0, 0, 0
78089, 0, 2, 2, 0, 0, 0
78090, 4, 3, 3, 0, 4, 0
78091, 0, 1, 1, 0, 0, 0
78092, 0, 2, 2, 0, 0, 0
78093, 0, 3, 3, 0, 0, 0
78094, 0, 1, 1, 0, 0, 0
78095, 0, 1, 1, 0, 0, 0
78096, 0, 2, 2, 0, 0, 0
78097, 0, 1, 1, 0, 0, 0
78098, 0, 1, 1, 0, 0, 0
78099, 0, 1, 1, 0, 0, 0
78100, 0, 1, 1, 0, 0, 0
78102, 0, 1, 1, 0, 0, 0
78103, 0, 1, 1, 0, 0, 0
78104, 0, 1, 1, 0, 0, 0
78105, 0, 1, 1, 0, 0, 0
78106, 0, 1, 1, 0, 0, 0
78107, 0, 1, 1, 0, 0, 0
78108, 0, 1, 1, 0, 0, 0
78109, 0, 1, 1, 0, 0, 0
78110, 0, 1, 1, 0, 0, 0
78111, 0, 1, 1, 0, 0, 0
78112, 0, 2, 2, 0, 0, 0
78113, 0, 1, 1, 0, 0, 0
78114, 0, 1, 1, 0, 0, 0
78115, 0, 1, 1, 0, 0, 0
78116, 0, 1, 1, 0, 0, 0
78117, 0, 1, 1, 0, 0, 0
78118, 0, 1, 1, 0, 0, 0
78119, 0, 1, 1, 0, 0, 0
78120, 0, 2, 2, 0, 0, 0
78121, 0, 1, 1, 0, 0, 0
78122, 0, 1, 1, 0, 0, 0
78123, 0, 1, 1, 0, 0, 0
78124, 0, 1, 1, 0, 0, 0
78125, 0, 1, 1, 0, 0, 0
78126, 0, 2, 2, 0, 0, 0
78127, 0, 1, 1, 0, 0, 0
78128, 0, 1, 1, 0, 0, 0
78129, 0, 1, 1, 0, 0, 0
78130, 1, 1, 1, 0, 1, 0
78131, 3, 2, 2, 0, 2, 1
78132, 0, 1, 1, 0, 0, 0
78133, 0, 1, 1, 0, 0, 0
78134, 1, 1, 1, 0, 1, 0
78135, 0, 2, 2, 0, 0, 0
78136, 0, 1, 1, 0, 0, 0
78137, 2, 3, 3, 0, 2, 0
78138, 0, 1, 1, 0, 0, 0
78139, 0, 1, 1, 0, 0, 0
78140, 0, 1, 1, 0, 0, 0
78141, 0, 1, 1, 0, 0, 0
78142, 0, 1, 1, 0, 0, 0
78143, 0, 1, 1, 0, 0, 0
78144, 0, 1, 1, 0, 0, 0
78145, 0, 1, 1, 0, 0, 0
78146, 0, 1, 1, 0, 0, 0
78147, 1, 1, 1, 0, 1, 0
78148, 0, 1, 1, 0, 0, 0
78149, 0, 1, 1, 0, 0, 0
78150, 0, 1, 1, 0, 0, 0
78151, 0, 1, 1, 0, 0, 0
78152, 0, 1, 1, 0, 0, 0
78153, 0, 1, 1, 0, 0, 0
78154, 0, 1, 1, 0, 0, 0
78155, 0, 1, 1, 0, 0, 0
78156, 0, 1, 1, 0, 0, 0
78157, 0, 1, 1, 0, 0, 0
78158, 0, 1, 1, 0, 0, 0
78159, 0, 1, 1, 0, 0, 0
78160, 0, 1, 1, 0, 0, 0
78161, 0, 1, 1, 0, 0, 0
78162, 0, 1, 1, 0, 0, 0
78163, 0, 1, 1, 0, 0, 0
78164, 0, 1, 1, 0, 0, 0
78165, 0, 1, 1, 0, 0, 0
78166, 0, 1, 1, 0, 0, 0
78167, 0, 1, 1, 0, 0, 0
78168, 0, 1, 1, 0, 0, 0
78169, 0, 1, 1, 0, 0, 0
78170, 0, 1, 1, 0, 0, 0
78171, 0, 2, 2, 0, 0, 0
78172, 0, 2, 1, 1, 0, 0
78173, 0, 2, 2, 0, 0, 0
78174, 1, 2, 2, 0, 1, 0
78175, 4, 5, 5, 0, 4, 0
78176, 0, 1, 1, 0, 0, 0
78177, 0, 1, 1, 0, 0, 0
78178, 0, 1, 1, 0, 0, 0
78179, 0, 1, 1, 0, 0, 0
78180, 0, 2, 2, 0, 0, 0
78182, 0, 1, 1, 0, 0, 0
78183, 0, 1, 1, 0, 0, 0
78184, 0, 1, 1, 0, 0, 0
78185, 3, 2, 2, 0, 3, 0
78186, 0, 1, 1, 0, 0, 0
78187, 0, 1, 1, 0, 0, 0
78188, 0, 1, 1, 0, 0, 0
78189, 0, 1, 1, 0, 0, 0
78190, 0, 1, 1, 0, 0, 0
78191, 0, 1, 1, 0, 0, 0
78192, 0, 1, 1, 0, 0, 0
78193, 0, 1, 1, 0, 0, 0
78194, 0, 1, 1, 0, 0, 0
78195, 0, 1, 1, 0, 0, 0
78196, 0, 1, 1, 0, 0, 0
78197, 0, 1, 1, 0, 0, 0
78198, 0, 1, 1, 0, 0, 0
78199, 0, 1, 1, 0, 0, 0
78200, 0, 1, 1, 0, 0, 0
78201, 0, 2, 2, 0, 0, 0
78202, 0, 1, 1, 0, 0, 0
78203, 4, 1, 1, 0, 1, 3
78205, 0, 2, 2, 0, 0, 0
78206, 1, 1, 1, 0, 1, 0
78207, 0, 1, 1, 0, 0, 0
78208, 0, 1, 1, 0, 0, 0
78209, 1, 1, 1, 0, 1, 0
78210, 0, 2, 2, 0, 0, 0
78211, 4, 6, 6, 0, 4, 0
78212, 0, 2, 2, 0, 0, 0
78214, 0, 1, 1, 0, 0, 0
78215, 1, 2, 2, 0, 1, 0
78216, 0, 1, 1, 0, 0, 0
78217, 0, 1, 1, 0, 0, 0
78218, 0, 1, 1, 0, 0, 0
78219, 1, 1, 1, 0, 0, 1
78220, 1, 2, 2, 0, 1, 0
78221, 0, 2, 2, 0, 0, 0
78222, 0, 1, 1, 0, 0, 0
78223, 2, 4, 4, 0, 2, 0
78224, 0, 2, 2, 0, 0, 0
78225, 0, 1, 1, 0, 0, 0
19490, 14, 9, 8, 1, 13, 1
40833, 4, 3, 3, 0, 3, 1
40834, 0, 3, 3, 0, 0, 0
66002, 7, 4, 4, 0, 7, 0
68348, 12, 17, 15, 2, 11, 1
76810, 5, 6, 6, 0, 5, 0
90630, 0, 1, 1, 0, 0, 0
90631, 0, 1, 1, 0, 0, 0
90632, 0, 1, 1, 0, 0, 0
1677, 55, 68, 68, 0, 28, 27
2741, 8, 5, 2, 3, 8, 0
4299, 5, 5, 5, 0, 5, 0
6905, 0, 7, 0, 7, 0, 0
8281, 23, 22, 16, 6, 21, 2
8382, 26, 3, 1, 2, 25, 1
9775, 15, 10, 8, 2, 7, 8
10921, 3, 9, 0, 9, 2, 1
11060, 1, 1, 0, 1, 1, 0
12082, 28, 80, 66, 14, 27, 1
12778, 0, 16, 0, 16, 0, 0
13278, 3, 21, 5, 16, 2, 1
15423, 4, 8, 4, 4, 4, 0
15749, 0, 3, 0, 3, 0, 0
15837, 32, 27, 18, 9, 28, 4
17255, 10, 12, 9, 3, 10, 0
17912, 0, 4, 0, 4, 0, 0
17917, 0, 4, 0, 4, 0, 0
19290, 23, 20, 10, 10, 23, 0
19494, 45, 24, 13, 11, 44, 1
19825, 12, 5, 2, 3, 10, 2
20359, 0, 5, 0, 5, 0, 0
20371, 0, 4, 0, 4, 0, 0
20427, 0, 3, 0, 3, 0, 0
25369, 0, 5, 0, 5, 0, 0
25463, 4, 4, 4, 0, 4, 0
26502, 80, 128, 121, 7, 30, 50
26801, 3, 2, 2, 0, 3, 0
27322, 1, 2, 1, 1, 1, 0
27467, 21, 12, 7, 5, 21, 0
28487, 0, 4, 0, 4, 0, 0
30080, 3, 4, 2, 2, 1, 2
30284, 0, 4, 0, 4, 0, 0
30763, 0, 11, 2, 9, 0, 0
32140, 0, 2, 0, 2, 0, 0
32613, 25, 26, 23, 3, 24, 1
32713, 3, 5, 0, 5, 3, 0
33009, 73, 51, 50, 1, 62, 11
33470, 1, 1, 0, 1, 0, 1
33707, 3, 15, 2, 13, 3, 0
34729, 2, 1, 0, 1, 2, 0
34841, 45, 18, 16, 2, 45, 0
35449, 0, 2, 0, 2, 0, 0
35618, 1, 4, 1, 3, 1, 0
35757, 2, 6, 3, 3, 2, 0
36097, 2, 2, 1, 1, 1, 1
36121, 0, 7, 0, 7, 0, 0
36956, 7, 12, 2, 10, 7, 0
37486, 0, 13, 0, 13, 0, 0
38957, 2, 5, 1, 4, 2, 0
39865, 43, 38, 38, 0, 35, 8
41152, 2, 4, 2, 2, 2, 0
41540, 1, 3, 1, 2, 1, 0
42518, 0, 3, 0, 3, 0, 0
42583, 0, 3, 0, 3, 0, 0
43525, 0, 8, 0, 8, 0, 0
44073, 1, 7, 1, 6, 1, 0
44271, 9, 7, 5, 2, 9, 0
44753, 1, 3, 3, 0, 1, 0
44754, 0, 2, 1, 1, 0, 0
44755, 1, 2, 1, 1, 1, 0
44759, 38, 20, 20, 0, 38, 0
45063, 0, 5, 0, 5, 0, 0
45385, 3, 17, 2, 15, 0, 3
49420, 7, 7, 4, 3, 7, 0
51102, 36, 24, 22, 2, 26, 10
51393, 12, 5, 5, 0, 11, 1
52005, 0, 4, 0, 4, 0, 0
54050, 2, 2, 1, 1, 2, 0
60521, 90, 94, 82, 12, 90, 0
60791, 0, 9, 0, 9, 0, 0
61448, 0, 5, 0, 5, 0, 0
61526, 6, 2, 2, 0, 6, 0
62635, 0, 6, 0, 6, 0, 0
63683, 3, 1, 0, 1, 3, 0
64170, 1, 1, 0, 1, 1, 0
64980, 0, 4, 0, 4, 0, 0
65829, 0, 7, 0, 7, 0, 0
66215, 0, 3, 0, 3, 0, 0
66578, 0, 3, 0, 3, 0, 0
66948, 28, 15, 14, 1, 28, 0
67295, 0, 2, 0, 2, 0, 0
68415, 2, 2, 1, 1, 2, 0
70901, 0, 2, 0, 2, 0, 0
72669, 3, 3, 2, 1, 2, 1
75963, 0, 5, 0, 5, 0, 0
79731, 0, 1, 0, 1, 0, 0
79732, 0, 2, 0, 2, 0, 0
79733, 0, 2, 0, 2, 0, 0
79734, 0, 1, 0, 1, 0, 0
79735, 0, 1, 0, 1, 0, 0
79736, 0, 1, 0, 1, 0, 0
79737, 0, 1, 0, 1, 0, 0
79738, 0, 3, 0, 3, 0, 0
79739, 0, 1, 0, 1, 0, 0
79740, 0, 1, 0, 1, 0, 0
79741, 0, 1, 0, 1, 0, 0
79742, 0, 1, 0, 1, 0, 0
79743, 0, 1, 0, 1, 0, 0
79744, 0, 1, 0, 1, 0, 0
79745, 0, 1, 0, 1, 0, 0
79746, 0, 2, 0, 2, 0, 0
79747, 0, 1, 0, 1, 0, 0
79748, 0, 1, 0, 1, 0, 0
79749, 0, 1, 0, 1, 0, 0
79750, 0, 1, 0, 1, 0, 0
79751, 0, 1, 0, 1, 0, 0
79752, 0, 1, 0, 1, 0, 0
79753, 0, 1, 0, 1, 0, 0
79754, 0, 1, 0, 1, 0, 0
79755, 0, 4, 0, 4, 0, 0
79756, 0, 1, 0, 1, 0, 0
79757, 0, 1, 0, 1, 0, 0
79758, 0, 1, 0, 1, 0, 0
79759, 0, 1, 0, 1, 0, 0
79761, 0, 1, 0, 1, 0, 0
79762, 0, 1, 0, 1, 0, 0
98474, 17, 3, 0, 3, 13, 4
99195, 0, 3, 2, 1, 0, 0
102800, 3, 2, 1, 1, 3, 0
105240, 0, 5, 0, 5, 0, 0
106400, 0, 4, 0, 4, 0, 0
110573, 0, 2, 1, 1, 0, 0
111087, 1, 1, 1, 0, 1, 0
115517, 4, 3, 1, 2, 1, 3
120556, 0, 2, 0, 2, 0, 0
121269, 0, 1, 0, 1, 0, 0
122754, 0, 1, 0, 1, 0, 0
122755, 1, 1, 0, 1, 1, 0
122756, 0, 1, 0, 1, 0, 0
856, 4, 0, 0, 0, 3, 1
858, 0, 1, 1, 0, 0, 0
11706, 71, 116, 110, 6, 71, 0
11714, 391, 293, 286, 7, 388, 3
11725, 274, 146, 132, 14, 274, 0
11733, 11, 129, 121, 8, 11, 0
11821, 70, 84, 75, 9, 70, 0
12252, 5, 6, 4, 2, 5, 0
19299, 43, 81, 80, 1, 43, 0
28436, 7, 35, 2, 33, 4, 3
32229, 23, 16, 9, 7, 9, 14
32542, 17, 24, 24, 0, 16, 1
40274, 0, 7, 1, 6, 0, 0
40941, 17, 48, 42, 6, 17, 0
44525, 117, 56, 31, 25, 117, 0
47181, 4, 14, 3, 11, 2, 2
49997, 24, 17, 8, 9, 24, 0
50322, 20, 17, 4, 13, 16, 4
50582, 0, 14, 0, 14, 0, 0
50583, 30, 39, 11, 28, 28, 2
50788, 4, 26, 3, 23, 2, 2
51128, 1, 5, 0, 5, 1, 0
51166, 5, 9, 1, 8, 4, 1
52983, 4, 8, 7, 1, 2, 2
53187, 1, 30, 0, 30, 1, 0
53556, 64, 46, 37, 9, 64, 0
53715, 0, 7, 2, 5, 0, 0
53866, 0, 5, 1, 4, 0, 0
54230, 0, 59, 53, 6, 0, 0
54663, 0, 5, 0, 5, 0, 0
55782, 0, 4, 1, 3, 0, 0
56097, 35, 13, 7, 6, 35, 0
56109, 0, 92, 88, 4, 0, 0
56455, 0, 16, 13, 3, 0, 0
56844, 97, 54, 49, 5, 97, 0
57164, 36, 113, 109, 4, 36, 0
57363, 76, 102, 92, 10, 76, 0
57640, 0, 11, 3, 8, 0, 0
57642, 1, 7, 0, 7, 0, 1
57949, 8, 9, 9, 0, 8, 0
58061, 2, 6, 0, 6, 2, 0
58097, 2, 6, 0, 6, 2, 0
58493, 1, 7, 1, 6, 1, 0
59153, 0, 70, 64, 6, 0, 0
59157, 66, 89, 82, 7, 66, 0
59297, 67, 50, 42, 8, 67, 0
60253, 1, 5, 1, 4, 1, 0
60887, 1, 11, 1, 10, 1, 0
61297, 0, 5, 0, 5, 0, 0
61380, 28, 36, 20, 16, 26, 2
61914, 0, 10, 0, 10, 0, 0
62109, 0, 13, 0, 13, 0, 0
62112, 0, 5, 0, 5, 0, 0
62145, 0, 6, 0, 6, 0, 0
62633, 0, 5, 0, 5, 0, 0
62634, 0, 5, 0, 5, 0, 0
63087, 1, 6, 2, 4, 1, 0
63360, 0, 6, 0, 6, 0, 0
63361, 0, 8, 0, 8, 0, 0
64308, 1, 6, 1, 5, 1, 0
64326, 0, 6, 1, 5, 0, 0
64386, 0, 10, 0, 10, 0, 0
64708, 13, 10, 2, 8, 12, 1
66628, 6, 15, 9, 6, 5, 1
68894, 0, 20, 16, 4, 0, 0
71664, 0, 6, 0, 6, 0, 0
71681, 0, 8, 0, 8, 0, 0
76290, 0, 4, 0, 4, 0, 0
76949, 0, 4, 0, 4, 0, 0
76950, 0, 5, 0, 5, 0, 0
77651, 0, 7, 0, 7, 0, 0
77652, 0, 6, 0, 6, 0, 0
79131, 0, 3, 0, 3, 0, 0
81886, 0, 5, 0, 5, 0, 0
82150, 0, 2, 0, 2, 0, 0
82151, 0, 4, 0, 4, 0, 0
82153, 0, 4, 0, 4, 0, 0
82154, 0, 4, 0, 4, 0, 0
82155, 0, 2, 0, 2, 0, 0
82156, 0, 3, 0, 3, 0, 0
82157, 0, 6, 0, 6, 0, 0
82158, 0, 5, 0, 5, 0, 0
82603, 0, 1, 1, 0, 0, 0
82604, 0, 3, 0, 3, 0, 0
860, 1, 0, 0, 0, 1, 0
862, 1, 0, 0, 0, 1, 0
863, 2, 0, 0, 0, 1, 1
16343, 2, 8, 7, 1, 2, 0
31551, 28, 15, 14, 1, 28, 0
4161, 7, 16, 12, 4, 5, 2
4166, 12, 19, 18, 1, 8, 4
7427, 33, 34, 33, 1, 33, 0
7668, 23, 34, 32, 2, 13, 10
11257, 122, 93, 92, 1, 122, 0
15743, 16, 28, 21, 7, 1, 15
18894, 23, 31, 29, 2, 19, 4
18964, 12, 16, 15, 1, 11, 1
19336, 58, 44, 40, 4, 58, 0
21019, 165, 50, 46, 4, 158, 7
22346, 24, 11, 7, 4, 21, 3
24021, 12, 14, 9, 5, 7, 5
26809, 2, 7, 6, 1, 2, 0
27422, 0, 4, 0, 4, 0, 0
32801, 0, 12, 0, 12, 0, 0
33100, 80, 44, 44, 0, 80, 0
35027, 34, 36, 33, 3, 34, 0
40338, 2, 40, 39, 1, 2, 0
43089, 45, 19, 17, 2, 39, 6
45100, 0, 9, 0, 9, 0, 0
47134, 28, 44, 37, 7, 22, 6
52379, 0, 10, 1, 9, 0, 0
53736, 0, 12, 0, 12, 0, 0
54353, 3, 4, 4, 0, 3, 0
54411, 3, 5, 5, 0, 3, 0
58834, 10, 20, 19, 1, 10, 0
60395, 3, 2, 2, 0, 3, 0
60717, 2, 3, 3, 0, 2, 0
61390, 1, 11, 11, 0, 1, 0
61534, 8, 4, 1, 3, 4, 4
69081, 4, 7, 7, 0, 4, 0
71228, 5, 3, 3, 0, 5, 0
71229, 3, 2, 1, 1, 3, 0
71230, 0, 1, 1, 0, 0, 0
71231, 0, 1, 1, 0, 0, 0
71232, 0, 2, 0, 2, 0, 0
71233, 0, 1, 0, 1, 0, 0
71234, 0, 1, 0, 1, 0, 0
71235, 2, 1, 1, 0, 2, 0
110975, 1, 14, 1, 13, 1, 0
866, 1, 0, 0, 0, 1, 0
867, 1, 0, 0, 0, 1, 0
868, 2, 0, 0, 0, 2, 0
870, 4, 11, 11, 0, 4, 0
2048, 4, 3, 3, 0, 4, 0
96840, 4, 9, 0, 9, 4, 0
95523, 2, 2, 2, 0, 2, 0
871, 1, 1, 1, 0, 1, 0
872, 9, 5, 4, 1, 9, 0
7155, 1, 3, 3, 0, 0, 1
15400, 2, 2, 2, 0, 2, 0
15401, 2, 2, 2, 0, 2, 0
18862, 0, 1, 1, 0, 0, 0
873, 1, 0, 0, 0, 1, 0
875, 1, 0, 0, 0, 0, 1
13296, 13, 8, 0, 8, 13, 0
29229, 11, 26, 25, 1, 6, 5
36550, 1, 5, 5, 0, 1, 0
39073, 2, 4, 3, 1, 2, 0
92188, 0, 2, 0, 2, 0, 0
92455, 0, 2, 0, 2, 0, 0
92511, 0, 3, 2, 1, 0, 0
877, 1, 0, 0, 0, 1, 0
8749, 56, 20, 19, 1, 56, 0
9575, 1, 8, 8, 0, 1, 0
16310, 4, 11, 5, 6, 3, 1
21796, 19, 38, 36, 2, 19, 0
22184, 43, 12, 11, 1, 39, 4
26996, 1, 6, 1, 5, 1, 0
29455, 1, 10, 0, 10, 1, 0
33500, 37, 25, 24, 1, 34, 3
46716, 14, 13, 13, 0, 12, 2
63444, 10, 4, 3, 1, 9, 1
98037, 0, 11, 3, 8, 0, 0
880, 1, 0, 0, 0, 1, 0
881, 47, 12, 12, 0, 47, 0
14980, 15, 11, 8, 3, 15, 0
20819, 7, 16, 16, 0, 6, 1
24367, 9, 3, 3, 0, 7, 2
40688, 5, 12, 7, 5, 3, 2
74996, 1, 2, 2, 0, 1, 0
77344, 1, 1, 1, 0, 1, 0
84334, 1, 1, 1, 0, 1, 0
111922, 0, 1, 1, 0, 0, 0
119147, 1, 1, 1, 0, 1, 0
882, 1, 0, 0, 0, 1, 0
883, 1, 0, 0, 0, 1, 0
884, 1, 0, 0, 0, 1, 0
40169, 3, 2, 2, 0, 3, 0
40170, 1, 3, 3, 0, 1, 0
40171, 7, 30, 30, 0, 6, 1
886, 1, 0, 0, 0, 1, 0
10291, 114, 169, 165, 4, 110, 4
10972, 77, 18, 17, 1, 77, 0
11657, 60, 28, 28, 0, 60, 0
12470, 38, 117, 117, 0, 38, 0
16630, 87, 49, 49, 0, 87, 0
20870, 83, 42, 39, 3, 83, 0
21459, 57, 43, 43, 0, 57, 0
22260, 127, 87, 87, 0, 126, 1
24543, 18, 107, 102, 5, 18, 0
29390, 63, 22, 22, 0, 63, 0
30635, 44, 95, 95, 0, 44, 0
31554, 62, 44, 44, 0, 62, 0
36622, 64, 48, 45, 3, 63, 1
38096, 25, 29, 29, 0, 25, 0
40038, 60, 67, 65, 2, 60, 0
44932, 16, 66, 66, 0, 10, 6
45489, 59, 19, 18, 1, 59, 0
47244, 57, 21, 20, 1, 57, 0
47823, 19, 27, 27, 0, 19, 0
48039, 49, 62, 62, 0, 49, 0
51895, 6, 20, 20, 0, 6, 0
53390, 42, 35, 35, 0, 42, 0
59244, 63, 43, 43, 0, 63, 0
60809, 52, 21, 21, 0, 52, 0
61984, 1, 13, 13, 0, 1, 0
65032, 48, 37, 37, 0, 48, 0
66669, 53, 33, 33, 0, 53, 0
67434, 18, 21, 21, 0, 18, 0
67878, 94, 36, 36, 0, 93, 1
67879, 45, 51, 51, 0, 45, 0
68377, 16, 10, 10, 0, 16, 0
69844, 98, 28, 28, 0, 98, 0
70537, 54, 24, 24, 0, 53, 1
71341, 31, 18, 18, 0, 31, 0
71893, 13, 11, 11, 0, 11, 2
74490, 5, 2, 2, 0, 5, 0
77333, 0, 1, 1, 0, 0, 0
77334, 0, 1, 1, 0, 0, 0
13897, 2, 7, 2, 5, 1, 1
118061, 4, 3, 3, 0, 4, 0
120361, 0, 1, 0, 1, 0, 0
31714, 12, 17, 2, 15, 8, 4
41915, 0, 10, 0, 10, 0, 0
100654, 105, 24, 5, 19, 105, 0
102340, 1, 1, 0, 1, 1, 0
104595, 0, 1, 0, 1, 0, 0
104668, 0, 3, 1, 2, 0, 0
106085, 1, 1, 0, 1, 1, 0
893, 9, 14, 11, 3, 9, 0
2391, 0, 8, 8, 0, 0, 0
97455, 6, 4, 4, 0, 6, 0
109074, 2, 1, 1, 0, 2, 0
894, 1, 0, 0, 0, 1, 0
1259, 45, 25, 25, 0, 42, 3
19380, 11, 9, 9, 0, 8, 3
95751, 0, 2, 2, 0, 0, 0
898, 1, 0, 0, 0, 1, 0
29487, 4, 22, 21, 1, 4, 0
51576, 1, 10, 10, 0, 1, 0
58410, 2, 33, 31, 2, 2, 0
72232, 5, 7, 6, 1, 4, 1
85680, 0, 2, 2, 0, 0, 0
88194, 2, 2, 2, 0, 2, 0
88385, 1, 2, 2, 0, 1, 0
88386, 1, 1, 1, 0, 1, 0
88387, 0, 1, 0, 1, 0, 0
900, 2, 1, 1, 0, 2, 0
901, 5, 4, 4, 0, 5, 0
902, 2, 3, 3, 0, 2, 0
903, 1, 2, 2, 0, 1, 0
11092, 10, 9, 9, 0, 10, 0
26192, 12, 4, 4, 0, 12, 0
109756, 5, 2, 2, 0, 5, 0
118988, 24, 5, 5, 0, 22, 2
127680, 6, 4, 4, 0, 6, 0
131471, 17, 6, 6, 0, 17, 0
905, 1, 0, 0, 0, 1, 0
907, 1, 0, 0, 0, 1, 0
908, 2, 6, 5, 1, 1, 1
14628, 1, 6, 5, 1, 1, 0
113522, 52, 10, 9, 1, 52, 0
909, 1, 0, 0, 0, 1, 0
997, 3, 8, 8, 0, 3, 0
8949, 4, 9, 9, 0, 4, 0
93318, 0, 3, 2, 1, 0, 0
100329, 12, 9, 1, 8, 12, 0
100348, 4, 6, 6, 0, 4, 0
912, 2, 1, 0, 1, 2, 0
12553, 51, 39, 26, 13, 35, 16
12786, 2, 2, 0, 2, 2, 0
18771, 47, 11, 6, 5, 47, 0
18772, 0, 3, 2, 1, 0, 0
36448, 2, 2, 0, 2, 2, 0
36577, 2, 2, 0, 2, 2, 0
36737, 2, 3, 0, 3, 2, 0
36795, 2, 3, 0, 3, 2, 0
36931, 2, 2, 0, 2, 2, 0
36953, 3, 4, 0, 4, 3, 0
38395, 2, 2, 0, 2, 2, 0
38464, 2, 4, 1, 3, 2, 0
50027, 2, 2, 0, 2, 2, 0
72981, 2, 3, 1, 2, 2, 0
79472, 2, 1, 0, 1, 2, 0
94402, 1, 2, 0, 2, 1, 0
98437, 9, 6, 0, 6, 9, 0
100290, 1, 3, 0, 3, 1, 0
100804, 0, 1, 0, 1, 0, 0
101528, 0, 2, 0, 2, 0, 0
106117, 1, 2, 1, 1, 1, 0
106617, 0, 1, 0, 1, 0, 0
106632, 4, 6, 3, 3, 4, 0
106700, 0, 5, 0, 5, 0, 0
107844, 0, 1, 0, 1, 0, 0
108908, 0, 7, 0, 7, 0, 0
111302, 2, 1, 0, 1, 2, 0
111303, 6, 9, 7, 2, 6, 0
111304, 1, 1, 0, 1, 1, 0
111305, 1, 1, 0, 1, 1, 0
111306, 1, 1, 0, 1, 1, 0
111308, 1, 1, 0, 1, 1, 0
111369, 0, 1, 0, 1, 0, 0
116563, 1, 6, 0, 6, 1, 0
121103, 10, 14, 14, 0, 10, 0
121727, 44, 36, 35, 1, 44, 0
2427, 1, 6, 3, 3, 1, 0
9619, 6, 11, 8, 3, 6, 0
13543, 43, 30, 29, 1, 19, 24
21271, 1, 11, 0, 11, 1, 0
24547, 72, 25, 25, 0, 72, 0
29131, 34, 62, 62, 0, 34, 0
31439, 2, 12, 5, 7, 2, 0
34917, 1, 2, 1, 1, 1, 0
37025, 2, 10, 2, 8, 2, 0
41162, 0, 8, 4, 4, 0, 0
49354, 0, 20, 0, 20, 0, 0
50580, 54, 52, 33, 19, 54, 0
64183, 1, 4, 0, 4, 1, 0
68105, 0, 4, 0, 4, 0, 0
79887, 0, 2, 0, 2, 0, 0
83689, 0, 2, 0, 2, 0, 0
83691, 0, 2, 0, 2, 0, 0
92310, 0, 1, 0, 1, 0, 0
95955, 0, 1, 0, 1, 0, 0
96178, 2, 1, 0, 1, 2, 0
96202, 3, 6, 2, 4, 3, 0
98477, 0, 1, 0, 1, 0, 0
98478, 0, 1, 0, 1, 0, 0
98479, 0, 1, 0, 1, 0, 0
98480, 0, 1, 0, 1, 0, 0
98481, 0, 1, 0, 1, 0, 0
98482, 0, 1, 0, 1, 0, 0
98509, 0, 1, 0, 1, 0, 0
98510, 0, 1, 0, 1, 0, 0
102735, 4, 5, 4, 1, 1, 3
103665, 1, 2, 0, 2, 1, 0
104548, 1, 1, 0, 1, 1, 0
108934, 0, 1, 0, 1, 0, 0
111955, 0, 1, 0, 1, 0, 0
1153, 15, 20, 20, 0, 15, 0
1154, 14, 12, 10, 2, 13, 1
1155, 4, 4, 4, 0, 4, 0
917, 1, 0, 0, 0, 0, 1
7272, 39, 17, 15, 2, 19, 20
9514, 1, 18, 5, 13, 1, 0
17160, 32, 120, 110, 10, 28, 4
18405, 2, 2, 1, 1, 2, 0
21829, 7, 6, 2, 4, 6, 1
22003, 7, 9, 4, 5, 6, 1
22058, 11, 39, 33, 6, 10, 1
22660, 2, 8, 1, 7, 2, 0
24144, 22, 7, 6, 1, 21, 1
25553, 12, 5, 1, 4, 12, 0
27730, 3, 6, 3, 3, 3, 0
29430, 0, 3, 0, 3, 0, 0
29680, 0, 6, 3, 3, 0, 0
33420, 2, 7, 7, 0, 2, 0
34670, 2, 8, 2, 6, 2, 0
37329, 3, 7, 6, 1, 3, 0
38961, 0, 3, 2, 1, 0, 0
41147, 4, 8, 5, 3, 4, 0
47991, 2, 13, 4, 9, 2, 0
48654, 1, 1, 0, 1, 1, 0
48722, 1, 1, 0, 1, 1, 0
48727, 0, 5, 1, 4, 0, 0
55230, 7, 12, 11, 1, 7, 0
58787, 0, 1, 0, 1, 0, 0
71465, 0, 7, 1, 6, 0, 0
86602, 0, 2, 0, 2, 0, 0
90351, 0, 1, 0, 1, 0, 0
90352, 0, 1, 0, 1, 0, 0
90353, 0, 1, 0, 1, 0, 0
90355, 0, 1, 0, 1, 0, 0
96043, 2, 2, 1, 1, 2, 0
107448, 0, 2, 1, 1, 0, 0
111381, 3, 1, 0, 1, 2, 1
129319, 0, 1, 0, 1, 0, 0
919, 1, 0, 0, 0, 1, 0
920, 0, 1, 1, 0, 0, 0
6357, 54, 35, 33, 2, 49, 5
11069, 8, 8, 4, 4, 8, 0
15261, 0, 6, 0, 6, 0, 0
25279, 0, 12, 0, 12, 0, 0
28969, 0, 4, 0, 4, 0, 0
29657, 0, 4, 0, 4, 0, 0
29658, 0, 5, 0, 5, 0, 0
37290, 68, 40, 26, 14, 65, 3
42828, 0, 4, 0, 4, 0, 0
47139, 12, 15, 15, 0, 9, 3
51327, 2, 1, 0, 1, 2, 0
51491, 2, 3, 2, 1, 2, 0
55057, 0, 3, 0, 3, 0, 0
58518, 46, 20, 20, 0, 46, 0
63182, 1, 1, 1, 0, 1, 0
76773, 0, 2, 2, 0, 0, 0
76774, 0, 2, 0, 2, 0, 0
76775, 0, 4, 0, 4, 0, 0
2030, 66, 66, 65, 1, 66, 0
2031, 21, 27, 27, 0, 21, 0
2032, 54, 76, 75, 1, 53, 1
6995, 17, 45, 42, 3, 16, 1
11573, 210, 183, 176, 7, 209, 1
11580, 104, 96, 95, 1, 103, 1
13588, 2, 3, 2, 1, 2, 0
15202, 83, 63, 58, 5, 83, 0
15822, 32, 16, 14, 2, 32, 0
16353, 68, 19, 18, 1, 68, 0
17694, 52, 35, 35, 0, 52, 0
19366, 1, 3, 3, 0, 1, 0
20653, 36, 61, 58, 3, 23, 13
21194, 96, 99, 98, 1, 96, 0
22075, 50, 58, 58, 0, 50, 0
22590, 36, 36, 36, 0, 35, 1
22631, 52, 44, 44, 0, 52, 0
22632, 4, 48, 48, 0, 4, 0
22633, 49, 48, 48, 0, 49, 0
24528, 44, 91, 91, 0, 44, 0
24531, 77, 98, 98, 0, 77, 0
24536, 130, 74, 74, 0, 130, 0
25917, 1, 2, 2, 0, 1, 0
30543, 100, 42, 40, 2, 100, 0
32760, 36, 60, 58, 2, 35, 1
32761, 50, 46, 46, 0, 50, 0
34443, 83, 48, 48, 0, 83, 0
35586, 12, 37, 35, 2, 11, 1
37920, 48, 38, 37, 1, 48, 0
42777, 59, 59, 58, 1, 43, 16
43233, 1, 1, 0, 1, 0, 1
44333, 21, 13, 10, 3, 21, 0
45975, 114, 59, 58, 1, 114, 0
49436, 106, 61, 61, 0, 106, 0
49918, 4, 47, 45, 2, 4, 0
50425, 23, 11, 11, 0, 23, 0
52036, 22, 11, 11, 0, 22, 0
56682, 21, 13, 13, 0, 21, 0
57513, 2, 2, 2, 0, 2, 0
58228, 154, 79, 77, 2, 154, 0
60055, 49, 37, 37, 0, 49, 0
60784, 53, 67, 66, 1, 52, 1
61967, 66, 50, 50, 0, 66, 0
64198, 14, 18, 18, 0, 14, 0
64414, 39, 36, 36, 0, 39, 0
64811, 4, 6, 6, 0, 4, 0
67885, 80, 56, 56, 0, 80, 0
68547, 25, 28, 28, 0, 25, 0
68549, 19, 20, 20, 0, 19, 0
68550, 31, 29, 29, 0, 31, 0
68553, 35, 28, 28, 0, 35, 0
68844, 123, 43, 43, 0, 123, 0
69559, 26, 12, 12, 0, 26, 0
70464, 0, 15, 15, 0, 0, 0
70465, 3, 12, 12, 0, 3, 0
70466, 4, 14, 14, 0, 4, 0
72805, 0, 8, 8, 0, 0, 0
72806, 0, 4, 4, 0, 0, 0
73501, 0, 2, 2, 0, 0, 0
73503, 4, 3, 3, 0, 4, 0
73504, 0, 2, 2, 0, 0, 0
73505, 0, 1, 1, 0, 0, 0
73506, 0, 2, 2, 0, 0, 0
73507, 4, 3, 3, 0, 4, 0
73508, 0, 2, 2, 0, 0, 0
73509, 0, 1, 1, 0, 0, 0
73510, 0, 2, 2, 0, 0, 0
73511, 0, 3, 3, 0, 0, 0
73512, 0, 2, 2, 0, 0, 0
73513, 0, 1, 1, 0, 0, 0
73514, 0, 1, 1, 0, 0, 0
73515, 0, 1, 1, 0, 0, 0
74964, 0, 4, 4, 0, 0, 0
106274, 1, 4, 3, 1, 1, 0
117293, 0, 1, 1, 0, 0, 0
924, 1, 0, 0, 0, 1, 0
925, 1, 0, 0, 0, 0, 1
926, 2, 7, 4, 3, 2, 0
927, 1, 0, 0, 0, 0, 1
928, 3, 5, 4, 1, 3, 0
2125, 37, 44, 38, 6, 35, 2
36753, 3, 6, 6, 0, 3, 0
36754, 1, 2, 2, 0, 1, 0
7603, 0, 8, 8, 0, 0, 0
8085, 15, 87, 85, 2, 13, 2
8583, 0, 7, 0, 7, 0, 0
9967, 56, 58, 56, 2, 46, 10
20949, 0, 112, 109, 3, 0, 0
25301, 0, 5, 0, 5, 0, 0
26701, 0, 7, 3, 4, 0, 0
42431, 2, 10, 10, 0, 1, 1
42852, 0, 5, 0, 5, 0, 0
56595, 5, 4, 4, 0, 5, 0
60065, 0, 8, 8, 0, 0, 0
61977, 4, 5, 5, 0, 4, 0
75073, 0, 2, 0, 2, 0, 0
92977, 0, 1, 1, 0, 0, 0
92978, 0, 1, 0, 1, 0, 0
92979, 0, 1, 0, 1, 0, 0
118013, 16, 7, 7, 0, 16, 0
119965, 1, 3, 1, 2, 1, 0
122438, 0, 10, 0, 10, 0, 0
122605, 3, 3, 2, 1, 3, 0
122606, 1, 2, 1, 1, 1, 0
123350, 0, 2, 1, 1, 0, 0
124070, 0, 3, 0, 3, 0, 0
124182, 0, 2, 0, 2, 0, 0
124200, 0, 1, 0, 1, 0, 0
125417, 0, 1, 0, 1, 0, 0
125542, 0, 2, 0, 2, 0, 0
126531, 0, 1, 0, 1, 0, 0
127981, 58, 30, 28, 2, 54, 4
128207, 0, 2, 0, 2, 0, 0
128517, 0, 2, 0, 2, 0, 0
128851, 0, 2, 0, 2, 0, 0
131631, 0, 1, 0, 1, 0, 0
3748, 178, 51, 49, 2, 113, 65
27020, 4, 7, 5, 2, 3, 1
40088, 1, 1, 0, 1, 0, 1
44681, 108, 90, 82, 8, 94, 14
45921, 0, 15, 11, 4, 0, 0
49440, 1, 14, 0, 14, 1, 0
49444, 1, 12, 0, 12, 1, 0
49447, 1, 12, 0, 12, 1, 0
49552, 3, 18, 1, 17, 3, 0
49616, 1, 8, 0, 8, 1, 0
53168, 0, 11, 0, 11, 0, 0
55987, 0, 25, 14, 11, 0, 0
58835, 0, 7, 0, 7, 0, 0
64965, 5, 5, 5, 0, 5, 0
68430, 10, 4, 4, 0, 10, 0
123089, 0, 1, 0, 1, 0, 0
932, 1, 0, 0, 0, 0, 1
933, 1, 0, 0, 0, 1, 0
37289, 2, 1, 1, 0, 1, 1
37291, 0, 2, 0, 2, 0, 0
37292, 7, 7, 7, 0, 7, 0
935, 1, 0, 0, 0, 0, 1
1618, 56, 25, 25, 0, 53, 3
4269, 16, 5, 4, 1, 16, 0
937, 31, 1, 0, 1, 0, 31
939, 4, 5, 3, 2, 4, 0
12977, 4, 6, 3, 3, 4, 0
66476, 34, 21, 19, 2, 34, 0
106849, 1, 2, 0, 2, 1, 0
107166, 1, 1, 0, 1, 1, 0
107266, 1, 1, 0, 1, 1, 0
114386, 32, 6, 3, 3, 25, 7
116405, 11, 10, 5, 5, 10, 1
6078, 0, 2, 1, 1, 0, 0
7966, 13, 17, 17, 0, 12, 1
8176, 37, 21, 20, 1, 37, 0
10869, 0, 2, 0, 2, 0, 0
17848, 0, 4, 0, 4, 0, 0
17923, 0, 8, 0, 8, 0, 0
19043, 0, 4, 0, 4, 0, 0
20394, 0, 8, 0, 8, 0, 0
20619, 53, 8, 6, 2, 11, 42
25826, 0, 5, 0, 5, 0, 0
27255, 0, 3, 0, 3, 0, 0
27526, 0, 4, 0, 4, 0, 0
30622, 0, 6, 0, 6, 0, 0
31965, 10, 9, 9, 0, 8, 2
34473, 3, 1, 0, 1, 2, 1
42047, 0, 8, 0, 8, 0, 0
42543, 7, 7, 7, 0, 7, 0
42544, 0, 6, 0, 6, 0, 0
42546, 0, 6, 0, 6, 0, 0
42548, 0, 3, 0, 3, 0, 0
42549, 0, 3, 0, 3, 0, 0
941, 1, 0, 0, 0, 0, 1
945, 0, 2, 1, 1, 0, 0
947, 3, 4, 3, 1, 2, 1
953, 67, 13, 11, 2, 13, 54
955, 6, 5, 5, 0, 6, 0
27061, 7, 7, 7, 0, 4, 3
30688, 24, 4, 0, 4, 21, 3
32095, 1, 7, 2, 5, 1, 0
35475, 9, 22, 8, 14, 9, 0
101010, 0, 4, 3, 1, 0, 0
109143, 0, 2, 1, 1, 0, 0
118479, 0, 1, 0, 1, 0, 0
6378, 4, 25, 3, 22, 4, 0
7516, 6, 14, 12, 2, 4, 2
10161, 0, 5, 2, 3, 0, 0
10162, 21, 12, 9, 3, 16, 5
11249, 2, 7, 2, 5, 2, 0
14111, 0, 7, 2, 5, 0, 0
14513, 1, 5, 1, 4, 1, 0
16250, 2, 13, 0, 13, 1, 1
17304, 10, 4, 3, 1, 4, 6
18958, 21, 27, 26, 1, 19, 2
20068, 0, 4, 0, 4, 0, 0
20246, 63, 73, 70, 3, 45, 18
21647, 1, 2, 0, 2, 1, 0
22014, 1, 6, 0, 6, 1, 0
23107, 0, 2, 1, 1, 0, 0
25764, 8, 14, 7, 7, 8, 0
28091, 8, 22, 21, 1, 8, 0
28794, 10, 10, 9, 1, 10, 0
29492, 0, 3, 2, 1, 0, 0
32311, 1, 10, 1, 9, 1, 0
33832, 0, 2, 0, 2, 0, 0
34024, 33, 11, 7, 4, 33, 0
36561, 24, 15, 13, 2, 23, 1
37249, 2, 10, 1, 9, 2, 0
37446, 1, 8, 1, 7, 1, 0
43859, 9, 9, 8, 1, 9, 0
43860, 0, 2, 1, 1, 0, 0
43861, 26, 42, 41, 1, 26, 0
43862, 0, 2, 1, 1, 0, 0
43863, 1, 4, 2, 2, 1, 0
43864, 0, 1, 0, 1, 0, 0
43865, 0, 4, 0, 4, 0, 0
43866, 0, 1, 0, 1, 0, 0
43867, 0, 1, 0, 1, 0, 0
43868, 0, 1, 0, 1, 0, 0
43869, 4, 4, 3, 1, 3, 1
43871, 0, 1, 0, 1, 0, 0
43872, 0, 1, 0, 1, 0, 0
43873, 3, 1, 0, 1, 3, 0
43874, 0, 2, 0, 2, 0, 0
43875, 0, 1, 0, 1, 0, 0
43876, 0, 3, 0, 3, 0, 0
43877, 0, 2, 0, 2, 0, 0
43878, 0, 1, 0, 1, 0, 0
43879, 21, 25, 24, 1, 19, 2
43880, 1, 18, 8, 10, 1, 0
43881, 0, 1, 0, 1, 0, 0
121115, 13, 15, 15, 0, 13, 0
124773, 21, 26, 25, 1, 21, 0
125747, 19, 10, 10, 0, 17, 2
129362, 0, 4, 0, 4, 0, 0
129772, 16, 10, 5, 5, 15, 1
131539, 16, 9, 1, 8, 16, 0
3395, 15, 7, 7, 0, 12, 3
6542, 2, 4, 0, 4, 1, 1
10981, 1, 2, 1, 1, 1, 0
11520, 0, 4, 0, 4, 0, 0
12803, 16, 10, 7, 3, 16, 0
24207, 0, 2, 0, 2, 0, 0
42714, 9, 6, 5, 1, 9, 0
44777, 54, 52, 50, 2, 53, 1
57098, 13, 20, 19, 1, 13, 0
60021, 1, 1, 0, 1, 1, 0
101764, 0, 2, 0, 2, 0, 0
102189, 8, 6, 3, 3, 8, 0
102191, 0, 6, 1, 5, 0, 0
102192, 0, 2, 0, 2, 0, 0
102193, 1, 2, 1, 1, 1, 0
102197, 0, 1, 0, 1, 0, 0
102199, 0, 3, 0, 3, 0, 0
102209, 0, 3, 0, 3, 0, 0
102641, 0, 3, 0, 3, 0, 0
107493, 5, 5, 5, 0, 5, 0
110913, 4, 8, 4, 4, 4, 0
111409, 0, 2, 0, 2, 0, 0
112355, 0, 1, 0, 1, 0, 0
113559, 1, 2, 0, 2, 1, 0
116296, 0, 2, 0, 2, 0, 0
121730, 0, 2, 0, 2, 0, 0
7560, 0, 3, 0, 3, 0, 0
8120, 0, 4, 0, 4, 0, 0
9495, 0, 5, 3, 2, 0, 0
17068, 3, 10, 2, 8, 1, 2
18133, 2, 23, 0, 23, 1, 1
19409, 0, 13, 1, 12, 0, 0
25295, 0, 2, 0, 2, 0, 0
25296, 0, 4, 0, 4, 0, 0
25297, 0, 3, 0, 3, 0, 0
25298, 0, 5, 0, 5, 0, 0
25300, 0, 5, 0, 5, 0, 0
25302, 2, 4, 0, 4, 2, 0
124040, 0, 3, 0, 3, 0, 0
124611, 0, 3, 0, 3, 0, 0
124657, 0, 1, 0, 1, 0, 0
124658, 0, 1, 0, 1, 0, 0
125846, 0, 4, 1, 3, 0, 0
126569, 0, 2, 0, 2, 0, 0
127489, 1, 1, 0, 1, 1, 0
127490, 1, 1, 0, 1, 1, 0
127491, 1, 1, 0, 1, 1, 0
127500, 1, 6, 4, 2, 1, 0
130424, 0, 2, 0, 2, 0, 0
130681, 8, 5, 0, 5, 4, 4
956, 1, 0, 0, 0, 1, 0
4095, 7, 7, 7, 0, 6, 1
6449, 24, 48, 46, 2, 24, 0
10211, 4, 4, 4, 0, 2, 2
13792, 21, 22, 22, 0, 21, 0
17559, 61, 56, 56, 0, 59, 2
24546, 58, 69, 68, 1, 58, 0
24563, 4, 30, 29, 1, 4, 0
24568, 42, 44, 43, 1, 42, 0
24574, 23, 27, 26, 1, 23, 0
958, 1, 0, 0, 0, 1, 0
2534, 30, 33, 33, 0, 30, 0
10681, 30, 66, 60, 6, 30, 0
11776, 36, 29, 28, 1, 36, 0
11798, 35, 19, 19, 0, 35, 0
26608, 54, 30, 27, 3, 54, 0
28346, 31, 21, 21, 0, 31, 0
30913, 223, 82, 82, 0, 223, 0
37299, 0, 5, 1, 4, 0, 0
53485, 5, 11, 3, 8, 4, 1
960, 4, 0, 0, 0, 4, 0
5719, 3, 3, 0, 3, 1, 2
11953, 183, 119, 115, 4, 183, 0
13123, 0, 2, 1, 1, 0, 0
13457, 12, 49, 45, 4, 11, 1
16470, 19, 88, 87, 1, 19, 0
25113, 2, 4, 0, 4, 1, 1
26464, 8, 41, 41, 0, 7, 1
31741, 0, 11, 0, 11, 0, 0
31744, 0, 11, 0, 11, 0, 0
31745, 0, 6, 0, 6, 0, 0
31746, 0, 7, 0, 7, 0, 0
31747, 0, 6, 0, 6, 0, 0
31748, 0, 7, 0, 7, 0, 0
31749, 0, 7, 0, 7, 0, 0
31750, 0, 4, 0, 4, 0, 0
31751, 0, 4, 0, 4, 0, 0
34586, 0, 10, 0, 10, 0, 0
35480, 0, 8, 0, 8, 0, 0
35481, 0, 8, 0, 8, 0, 0
35482, 0, 7, 0, 7, 0, 0
35483, 0, 6, 0, 6, 0, 0
35484, 0, 7, 0, 7, 0, 0
36075, 0, 3, 1, 2, 0, 0
36137, 3, 2, 1, 1, 0, 3
37484, 0, 2, 0, 2, 0, 0
37485, 0, 3, 0, 3, 0, 0
37594, 0, 2, 1, 1, 0, 0
40987, 0, 7, 0, 7, 0, 0
40988, 0, 5, 0, 5, 0, 0
40989, 0, 6, 0, 6, 0, 0
40990, 0, 7, 0, 7, 0, 0
42106, 5, 21, 19, 2, 5, 0
42498, 0, 5, 0, 5, 0, 0
42803, 0, 6, 0, 6, 0, 0
43995, 2, 5, 3, 2, 2, 0
44019, 7, 11, 2, 9, 5, 2
44202, 0, 7, 0, 7, 0, 0
44591, 0, 6, 0, 6, 0, 0
49813, 0, 5, 0, 5, 0, 0
52227, 0, 3, 0, 3, 0, 0
53478, 1, 7, 1, 6, 1, 0
54677, 53, 12, 10, 2, 47, 6
57350, 1, 6, 3, 3, 1, 0
57475, 6, 10, 10, 0, 6, 0
57582, 0, 5, 4, 1, 0, 0
59046, 0, 11, 0, 11, 0, 0
60455, 3, 2, 0, 2, 3, 0
60902, 3, 4, 3, 1, 3, 0
63880, 1, 3, 0, 3, 1, 0
66246, 0, 2, 1, 1, 0, 0
69611, 0, 2, 1, 1, 0, 0
73297, 0, 8, 0, 8, 0, 0
84416, 1, 10, 5, 5, 1, 0
93070, 0, 1, 0, 1, 0, 0
93071, 0, 1, 0, 1, 0, 0
93072, 0, 1, 0, 1, 0, 0
93073, 0, 1, 0, 1, 0, 0
93074, 0, 1, 0, 1, 0, 0
7908, 48, 22, 20, 2, 33, 15
13829, 1, 16, 1, 15, 0, 1
28054, 4, 8, 0, 8, 4, 0
28295, 1, 16, 0, 16, 0, 1
32531, 1, 2, 0, 2, 1, 0
35244, 26, 40, 22, 18, 26, 0
36244, 0, 13, 0, 13, 0, 0
38981, 3, 6, 6, 0, 3, 0
41006, 0, 5, 0, 5, 0, 0
44203, 0, 2, 0, 2, 0, 0
44206, 0, 2, 1, 1, 0, 0
44207, 0, 1, 0, 1, 0, 0
965, 4, 0, 0, 0, 3, 1
2181, 74, 27, 26, 1, 74, 0
2888, 130, 45, 35, 10, 130, 0
2944, 1, 5, 2, 3, 1, 0
3715, 46, 24, 23, 1, 46, 0
3831, 6, 8, 5, 3, 6, 0
4410, 12, 10, 9, 1, 12, 0
5366, 1, 6, 0, 6, 0, 1
5990, 9, 6, 4, 2, 8, 1
6575, 0, 6, 1, 5, 0, 0
6576, 0, 4, 0, 4, 0, 0
6577, 1, 6, 0, 6, 1, 0
6723, 42, 8, 2, 6, 41, 1
7390, 36, 29, 26, 3, 35, 1
7811, 188, 71, 69, 2, 183, 5
8135, 8, 3, 2, 1, 8, 0
8552, 9, 4, 3, 1, 9, 0
8931, 2, 2, 1, 1, 2, 0
8976, 23, 7, 6, 1, 18, 5
9290, 7, 6, 5, 1, 6, 1
9352, 43, 39, 37, 2, 43, 0
9538, 28, 13, 12, 1, 26, 2
9574, 1, 2, 0, 2, 1, 0
9620, 5, 2, 0, 2, 5, 0
9680, 27, 15, 13, 2, 25, 2
9831, 6, 6, 5, 1, 6, 0
9940, 3, 9, 6, 3, 3, 0
10032, 28, 14, 7, 7, 28, 0
10044, 15, 5, 4, 1, 6, 9
10234, 3, 4, 3, 1, 3, 0
10418, 4, 1, 0, 1, 4, 0
10728, 52, 42, 35, 7, 14, 38
11134, 2, 1, 0, 1, 1, 1
11219, 6, 6, 5, 1, 6, 0
11220, 1, 6, 4, 2, 1, 0
11255, 9, 7, 6, 1, 8, 1
12250, 3, 3, 1, 2, 3, 0
12606, 2, 3, 0, 3, 2, 0
13787, 93, 27, 26, 1, 43, 50
14185, 91, 62, 52, 10, 89, 2
14318, 16, 17, 16, 1, 16, 0
14398, 8, 3, 2, 1, 8, 0
15109, 31, 15, 14, 1, 31, 0
15355, 28, 8, 7, 1, 26, 2
16295, 132, 51, 50, 1, 132, 0
16306, 10, 7, 6, 1, 7, 3
16317, 38, 12, 7, 5, 26, 12
17518, 2, 4, 3, 1, 2, 0
18711, 2, 2, 0, 2, 2, 0
19908, 7, 6, 4, 2, 7, 0
20143, 61, 20, 17, 3, 61, 0
20871, 1, 1, 0, 1, 1, 0
21073, 2, 3, 0, 3, 2, 0
21174, 3, 8, 7, 1, 3, 0
21175, 6, 20, 18, 2, 6, 0
21638, 5, 3, 2, 1, 5, 0
22356, 119, 34, 31, 3, 119, 0
23034, 3, 2, 1, 1, 3, 0
23189, 9, 4, 1, 3, 8, 1
23471, 5, 2, 1, 1, 5, 0
24157, 15, 9, 7, 2, 15, 0
24176, 7, 9, 6, 3, 7, 0
24428, 1, 2, 1, 1, 1, 0
24610, 328, 72, 66, 6, 328, 0
24742, 218, 97, 82, 15, 218, 0
25133, 11, 3, 1, 2, 11, 0
25247, 46, 22, 20, 2, 32, 14
25292, 3, 7, 6, 1, 1, 2
25542, 5, 1, 0, 1, 4, 1
25617, 3, 3, 2, 1, 3, 0
25781, 7, 3, 2, 1, 7, 0
26247, 24, 27, 20, 7, 20, 4
26384, 23, 12, 11, 1, 21, 2
26539, 17, 8, 3, 5, 16, 1
27873, 76, 9, 6, 3, 76, 0
28121, 0, 3, 0, 3, 0, 0
28125, 0, 3, 0, 3, 0, 0
28126, 0, 3, 0, 3, 0, 0
28189, 0, 5, 0, 5, 0, 0
28488, 25, 11, 9, 2, 16, 9
29156, 19, 4, 1, 3, 13, 6
29302, 5, 2, 1, 1, 5, 0
29470, 31, 17, 16, 1, 31, 0
29555, 8, 6, 2, 4, 8, 0
30551, 5, 2, 1, 1, 5, 0
31027, 1, 3, 1, 2, 0, 1
31474, 1, 1, 0, 1, 1, 0
31541, 35, 17, 16, 1, 35, 0
32972, 1, 1, 0, 1, 1, 0
33228, 30, 34, 32, 2, 29, 1
33435, 1, 1, 0, 1, 1, 0
33942, 31, 23, 21, 2, 31, 0
34060, 23, 10, 8, 2, 15, 8
34061, 0, 3, 0, 3, 0, 0
34680, 16, 12, 7, 5, 16, 0
35105, 2, 2, 1, 1, 2, 0
35470, 0, 10, 3, 7, 0, 0
36789, 15, 13, 11, 2, 15, 0
38110, 118, 38, 37, 1, 118, 0
38569, 38, 6, 1, 5, 5, 33
38570, 17, 13, 10, 3, 17, 0
39121, 0, 8, 5, 3, 0, 0
39182, 14, 14, 12, 2, 14, 0
40910, 7, 1, 0, 1, 6, 1
41677, 10, 18, 9, 9, 10, 0
43048, 3, 4, 3, 1, 3, 0
43426, 1, 1, 0, 1, 1, 0
44634, 30, 12, 10, 2, 30, 0
44741, 2, 7, 6, 1, 1, 1
45148, 13, 12, 9, 3, 13, 0
45577, 5, 4, 3, 1, 5, 0
45703, 64, 31, 18, 13, 55, 9
45998, 3, 4, 3, 1, 3, 0
46998, 24, 12, 10, 2, 24, 0
47373, 17, 4, 3, 1, 15, 2
48880, 6, 4, 3, 1, 6, 0
49001, 7, 4, 3, 1, 6, 1
49385, 6, 4, 3, 1, 6, 0
49386, 5, 3, 2, 1, 5, 0
50336, 13, 19, 7, 12, 13, 0
50356, 9, 11, 9, 2, 6, 3
50770, 2, 8, 7, 1, 2, 0
51156, 53, 21, 19, 2, 53, 0
51159, 179, 46, 45, 1, 179, 0
51273, 3, 2, 0, 2, 1, 2
52617, 4, 3, 1, 2, 3, 1
52706, 1, 14, 2, 12, 1, 0
53244, 31, 20, 17, 3, 31, 0
53678, 3, 12, 6, 6, 3, 0
54907, 13, 3, 2, 1, 13, 0
55816, 23, 19, 18, 1, 20, 3
57821, 35, 30, 29, 1, 35, 0
58146, 18, 28, 24, 4, 18, 0
58761, 0, 5, 0, 5, 0, 0
59888, 7, 11, 3, 8, 7, 0
63528, 4, 3, 0, 3, 4, 0
63685, 7, 12, 9, 3, 7, 0
63804, 55, 40, 39, 1, 55, 0
64203, 3, 2, 1, 1, 3, 0
65178, 29, 12, 11, 1, 29, 0
66456, 0, 2, 1, 1, 0, 0
66458, 0, 3, 1, 2, 0, 0
66478, 3, 8, 0, 8, 0, 3
66495, 0, 4, 0, 4, 0, 0
69077, 9, 2, 1, 1, 9, 0
69495, 1, 6, 2, 4, 1, 0
70291, 31, 28, 24, 4, 31, 0
73076, 25, 7, 6, 1, 25, 0
73102, 6, 2, 1, 1, 6, 0
74083, 13, 10, 9, 1, 13, 0
74894, 2, 3, 2, 1, 2, 0
77229, 0, 2, 0, 2, 0, 0
77234, 5, 5, 3, 2, 4, 1
77239, 21, 33, 30, 3, 19, 2
77265, 51, 31, 22, 9, 49, 2
77372, 1, 2, 0, 2, 1, 0
79402, 88, 21, 16, 5, 88, 0
81438, 1, 1, 0, 1, 1, 0
90389, 1, 2, 1, 1, 1, 0
90844, 1, 2, 1, 1, 1, 0
90845, 2, 2, 1, 1, 2, 0
92139, 1, 1, 0, 1, 1, 0
93689, 1, 2, 1, 1, 1, 0
95873, 8, 4, 1, 3, 6, 2
95881, 35, 5, 4, 1, 18, 17
97164, 10, 21, 14, 7, 9, 1
97166, 1, 2, 0, 2, 1, 0
97167, 1, 4, 0, 4, 1, 0
97242, 3, 4, 0, 4, 3, 0
97364, 23, 12, 2, 10, 23, 0
97913, 4, 4, 3, 1, 4, 0
97983, 2, 1, 0, 1, 2, 0
98404, 29, 2, 1, 1, 29, 0
98452, 5, 7, 6, 1, 5, 0
99478, 1, 1, 0, 1, 1, 0
99770, 1, 2, 0, 2, 1, 0
99823, 1, 1, 0, 1, 1, 0
100250, 2, 17, 3, 14, 2, 0
100518, 0, 2, 0, 2, 0, 0
100566, 0, 2, 1, 1, 0, 0
100856, 6, 7, 5, 2, 6, 0
100871, 16, 7, 2, 5, 16, 0
100994, 1, 2, 0, 2, 1, 0
101005, 35, 4, 1, 3, 35, 0
101456, 2, 2, 1, 1, 2, 0
101669, 1, 1, 0, 1, 1, 0
101712, 3, 4, 3, 1, 3, 0
101908, 22, 27, 24, 3, 22, 0
102098, 1, 1, 0, 1, 1, 0
102186, 15, 1, 0, 1, 15, 0
102314, 4, 3, 1, 2, 4, 0
102316, 15, 1, 0, 1, 11, 4
102375, 12, 7, 6, 1, 9, 3
102454, 4, 1, 0, 1, 3, 1
102810, 0, 9, 0, 9, 0, 0
102924, 95, 29, 27, 2, 95, 0
102951, 2, 3, 2, 1, 2, 0
103030, 1, 2, 0, 2, 1, 0
103187, 1, 1, 0, 1, 1, 0
103307, 1, 2, 0, 2, 1, 0
103308, 0, 3, 1, 2, 0, 0
103585, 4, 4, 2, 2, 4, 0
103597, 1, 2, 1, 1, 1, 0
103927, 3, 2, 1, 1, 3, 0
104426, 14, 5, 3, 2, 14, 0
104866, 20, 4, 0, 4, 20, 0
105060, 7, 2, 1, 1, 7, 0
105702, 0, 1, 0, 1, 0, 0
106206, 7, 8, 7, 1, 6, 1
106881, 4, 4, 2, 2, 3, 1
106953, 4, 4, 3, 1, 4, 0
107182, 37, 8, 7, 1, 37, 0
107202, 0, 20, 1, 19, 0, 0
107581, 0, 1, 0, 1, 0, 0
107906, 2, 6, 0, 6, 2, 0
108000, 1, 1, 0, 1, 1, 0
108464, 10, 3, 1, 2, 7, 3
108561, 9, 4, 2, 2, 5, 4
108872, 1, 1, 0, 1, 1, 0
108923, 11, 7, 6, 1, 11, 0
109051, 0, 2, 1, 1, 0, 0
109223, 8, 7, 7, 0, 8, 0
109673, 0, 10, 0, 10, 0, 0
109741, 2, 1, 0, 1, 2, 0
109854, 2, 2, 1, 1, 2, 0
110006, 1, 2, 0, 2, 1, 0
110109, 9, 3, 0, 3, 7, 2
110127, 6, 3, 2, 1, 6, 0
110379, 4, 1, 0, 1, 4, 0
110448, 8, 4, 3, 1, 8, 0
110952, 2, 7, 3, 4, 0, 2
111022, 5, 10, 1, 9, 4, 1
111110, 0, 2, 0, 2, 0, 0
111112, 0, 2, 0, 2, 0, 0
111215, 3, 10, 0, 10, 3, 0
111563, 6, 8, 7, 1, 6, 0
111654, 1, 1, 0, 1, 1, 0
112130, 1, 1, 0, 1, 1, 0
112141, 14, 3, 0, 3, 14, 0
112420, 2, 3, 2, 1, 2, 0
112429, 1, 3, 2, 1, 1, 0
112430, 3, 1, 0, 1, 3, 0
112581, 3, 1, 0, 1, 3, 0
112644, 1, 2, 1, 1, 1, 0
112765, 1, 7, 0, 7, 1, 0
112791, 0, 10, 0, 10, 0, 0
112812, 7, 5, 4, 1, 6, 1
112968, 2, 3, 1, 2, 1, 1
112969, 0, 2, 0, 2, 0, 0
113024, 2, 1, 0, 1, 2, 0
113062, 2, 1, 0, 1, 1, 1
113081, 1, 1, 0, 1, 1, 0
113171, 0, 9, 0, 9, 0, 0
113223, 1, 21, 0, 21, 1, 0
113227, 0, 26, 4, 22, 0, 0
113239, 1, 1, 0, 1, 1, 0
113277, 11, 3, 0, 3, 11, 0
113318, 0, 1, 0, 1, 0, 0
113390, 1, 1, 0, 1, 1, 0
113550, 1, 1, 0, 1, 1, 0
113615, 1, 2, 1, 1, 1, 0
113683, 7, 6, 5, 1, 7, 0
113745, 10, 6, 5, 1, 10, 0
113810, 0, 7, 0, 7, 0, 0
113875, 2, 3, 1, 2, 2, 0
113879, 14, 7, 6, 1, 14, 0
114080, 11, 11, 4, 7, 3, 8
114108, 3, 7, 1, 6, 3, 0
114155, 22, 18, 14, 4, 19, 3
114333, 6, 5, 4, 1, 6, 0
114703, 53, 3, 2, 1, 53, 0
114827, 3, 7, 6, 1, 3, 0
114940, 1, 3, 1, 2, 1, 0
114963, 5, 1, 0, 1, 5, 0
115008, 19, 7, 5, 2, 19, 0
115167, 7, 1, 0, 1, 5, 2
115178, 0, 11, 0, 11, 0, 0
115234, 14, 1, 0, 1, 12, 2
115248, 5, 2, 0, 2, 5, 0
115323, 3, 1, 0, 1, 3, 0
115331, 1, 1, 0, 1, 1, 0
115371, 2, 2, 1, 1, 2, 0
115394, 1, 3, 0, 3, 1, 0
115410, 1, 1, 0, 1, 1, 0
115430, 0, 6, 0, 6, 0, 0
115442, 4, 6, 5, 1, 4, 0
115443, 1, 2, 1, 1, 1, 0
115472, 0, 1, 0, 1, 0, 0
115474, 0, 1, 0, 1, 0, 0
115503, 3, 1, 0, 1, 3, 0
115514, 14, 20, 18, 2, 14, 0
115568, 1, 1, 0, 1, 1, 0
115759, 1, 3, 1, 2, 1, 0
115760, 9, 4, 3, 1, 9, 0
115761, 1, 3, 1, 2, 1, 0
115787, 23, 5, 4, 1, 23, 0
115890, 0, 6, 0, 6, 0, 0
115938, 44, 41, 38, 3, 39, 5
116062, 5, 2, 1, 1, 5, 0
116159, 8, 2, 0, 2, 8, 0
116175, 2, 1, 0, 1, 2, 0
116203, 0, 3, 1, 2, 0, 0
116288, 0, 2, 1, 1, 0, 0
116331, 0, 1, 0, 1, 0, 0
116332, 0, 1, 0, 1, 0, 0
116423, 2, 6, 2, 4, 2, 0
116424, 0, 3, 0, 3, 0, 0
116452, 1, 1, 0, 1, 1, 0
116460, 1, 5, 0, 5, 1, 0
116498, 0, 1, 0, 1, 0, 0
116532, 1, 3, 0, 3, 1, 0
116556, 1, 1, 0, 1, 1, 0
116762, 3, 1, 0, 1, 3, 0
116852, 0, 6, 1, 5, 0, 0
116876, 0, 3, 1, 2, 0, 0
116880, 0, 1, 0, 1, 0, 0
116881, 0, 1, 0, 1, 0, 0
117021, 21, 24, 16, 8, 9, 12
117022, 0, 1, 0, 1, 0, 0
117247, 0, 1, 0, 1, 0, 0
117355, 2, 2, 0, 2, 2, 0
117547, 7, 5, 2, 3, 7, 0
117779, 7, 3, 2, 1, 7, 0
117797, 2, 3, 2, 1, 2, 0
117825, 13, 8, 6, 2, 13, 0
117840, 0, 1, 0, 1, 0, 0
118001, 23, 3, 2, 1, 23, 0
118244, 0, 1, 0, 1, 0, 0
118334, 11, 1, 0, 1, 11, 0
118511, 1, 1, 0, 1, 1, 0
118818, 0, 1, 0, 1, 0, 0
118927, 1, 1, 0, 1, 0, 1
118934, 2, 1, 0, 1, 2, 0
118949, 5, 1, 0, 1, 2, 3
119237, 1, 1, 0, 1, 1, 0
119281, 0, 1, 0, 1, 0, 0
119284, 6, 9, 7, 2, 6, 0
119285, 7, 13, 8, 5, 7, 0
119329, 9, 3, 2, 1, 9, 0
119416, 3, 6, 2, 4, 3, 0
119447, 6, 10, 5, 5, 6, 0
119448, 2, 7, 1, 6, 2, 0
119619, 8, 3, 2, 1, 8, 0
119760, 5, 6, 5, 1, 4, 1
119812, 0, 1, 0, 1, 0, 0
119823, 1, 1, 0, 1, 1, 0
119857, 0, 1, 0, 1, 0, 0
119918, 37, 4, 2, 2, 37, 0
119930, 3, 5, 5, 0, 3, 0
120028, 0, 1, 0, 1, 0, 0
120029, 0, 1, 0, 1, 0, 0
120030, 0, 1, 0, 1, 0, 0
120032, 15, 1, 0, 1, 15, 0
120062, 0, 1, 0, 1, 0, 0
120206, 0, 1, 0, 1, 0, 0
120207, 3, 3, 0, 3, 3, 0
120212, 0, 2, 0, 2, 0, 0
120213, 0, 3, 0, 3, 0, 0
120252, 0, 1, 0, 1, 0, 0
120279, 0, 1, 0, 1, 0, 0
120288, 3, 3, 2, 1, 3, 0
120320, 1, 1, 0, 1, 1, 0
120493, 1, 1, 0, 1, 1, 0
120501, 0, 1, 0, 1, 0, 0
120525, 1, 1, 0, 1, 1, 0
120650, 0, 3, 2, 1, 0, 0
120683, 0, 2, 0, 2, 0, 0
120749, 0, 4, 0, 4, 0, 0
120764, 2, 5, 4, 1, 2, 0
120885, 1, 2, 1, 1, 1, 0
120890, 0, 4, 2, 2, 0, 0
120984, 1, 1, 0, 1, 1, 0
121257, 1, 1, 0, 1, 1, 0
121258, 5, 3, 1, 2, 5, 0
121259, 8, 1, 1, 0, 2, 6
121276, 12, 1, 0, 1, 12, 0
121589, 1, 2, 1, 1, 1, 0
121631, 1, 2, 1, 1, 1, 0
121777, 9, 1, 0, 1, 9, 0
121856, 2, 1, 0, 1, 2, 0
121857, 0, 2, 1, 1, 0, 0
122043, 26, 25, 22, 3, 26, 0
122171, 70, 6, 4, 2, 70, 0
122293, 11, 1, 0, 1, 11, 0
122436, 2, 1, 0, 1, 2, 0
122459, 23, 7, 4, 3, 13, 10
122638, 3, 2, 0, 2, 3, 0
122652, 0, 6, 2, 4, 0, 0
122765, 0, 1, 0, 1, 0, 0
122875, 7, 1, 0, 1, 7, 0
122917, 1, 8, 3, 5, 1, 0
122975, 25, 3, 0, 3, 20, 5
123286, 2, 2, 1, 1, 2, 0
123294, 29, 9, 8, 1, 27, 2
123345, 0, 2, 0, 2, 0, 0
123406, 7, 6, 4, 2, 7, 0
123418, 0, 1, 0, 1, 0, 0
123438, 0, 1, 0, 1, 0, 0
123439, 0, 1, 0, 1, 0, 0
123440, 0, 1, 0, 1, 0, 0
123709, 7, 1, 0, 1, 7, 0
123747, 3, 2, 0, 2, 3, 0
123750, 17, 3, 0, 3, 17, 0
123773, 0, 1, 0, 1, 0, 0
123813, 10, 1, 0, 1, 10, 0
123857, 4, 3, 1, 2, 4, 0
123895, 1, 1, 0, 1, 1, 0
123903, 4, 8, 2, 6, 4, 0
123911, 1, 1, 0, 1, 1, 0
123917, 1, 2, 0, 2, 1, 0
123959, 2, 2, 0, 2, 2, 0
124069, 0, 2, 0, 2, 0, 0
124072, 0, 1, 0, 1, 0, 0
124107, 0, 1, 0, 1, 0, 0
124121, 4, 2, 1, 1, 4, 0
124153, 4, 5, 4, 1, 4, 0
124165, 9, 4, 3, 1, 9, 0
124166, 18, 8, 7, 1, 13, 5
124212, 1, 1, 0, 1, 1, 0
124227, 3, 5, 4, 1, 3, 0
124242, 10, 4, 1, 3, 10, 0
124289, 1, 1, 0, 1, 1, 0
124386, 0, 2, 1, 1, 0, 0
124521, 0, 1, 0, 1, 0, 0
124534, 2, 3, 2, 1, 2, 0
124584, 0, 1, 0, 1, 0, 0
124734, 0, 1, 0, 1, 0, 0
124887, 0, 1, 0, 1, 0, 0
124928, 0, 1, 0, 1, 0, 0
124929, 0, 1, 0, 1, 0, 0
124930, 0, 1, 0, 1, 0, 0
124931, 0, 1, 0, 1, 0, 0
124932, 0, 1, 0, 1, 0, 0
124933, 0, 1, 0, 1, 0, 0
124934, 0, 1, 0, 1, 0, 0
124935, 0, 1, 0, 1, 0, 0
124936, 0, 1, 0, 1, 0, 0
125107, 0, 1, 0, 1, 0, 0
127978, 2, 1, 0, 1, 2, 0
128064, 13, 18, 16, 2, 13, 0
128315, 3, 7, 5, 2, 3, 0
128381, 0, 1, 0, 1, 0, 0
128502, 0, 1, 0, 1, 0, 0
128503, 0, 1, 0, 1, 0, 0
128506, 8, 1, 0, 1, 8, 0
128522, 4, 2, 0, 2, 4, 0
128535, 53, 5, 0, 5, 47, 6
128731, 0, 4, 0, 4, 0, 0
128785, 0, 1, 0, 1, 0, 0
129093, 4, 2, 1, 1, 4, 0
129903, 5, 2, 1, 1, 5, 0
130061, 0, 1, 0, 1, 0, 0
130227, 0, 1, 0, 1, 0, 0
130396, 0, 1, 0, 1, 0, 0
130481, 0, 1, 0, 1, 0, 0
131280, 1, 1, 0, 1, 1, 0
131475, 0, 1, 0, 1, 0, 0
131494, 23, 5, 5, 0, 23, 0
131643, 0, 2, 0, 2, 0, 0
34590, 0, 16, 0, 16, 0, 0
36088, 0, 4, 0, 4, 0, 0
40826, 0, 16, 0, 16, 0, 0
41075, 0, 14, 0, 14, 0, 0
41212, 3, 7, 3, 4, 3, 0
41213, 4, 9, 3, 6, 4, 0
43171, 0, 7, 1, 6, 0, 0
43180, 2, 8, 1, 7, 2, 0
44305, 3, 3, 0, 3, 3, 0
52004, 0, 3, 0, 3, 0, 0
52007, 0, 2, 0, 2, 0, 0
52008, 0, 12, 0, 12, 0, 0
968, 5, 2, 2, 0, 5, 0
9975, 109, 42, 40, 2, 50, 59
11773, 24, 139, 137, 2, 23, 1
13974, 16, 44, 44, 0, 16, 0
16499, 26, 39, 39, 0, 26, 0
19510, 23, 42, 42, 0, 23, 0
33835, 20, 24, 24, 0, 20, 0
41010, 48, 28, 28, 0, 48, 0
44792, 17, 39, 39, 0, 17, 0
44801, 42, 38, 38, 0, 42, 0
44803, 80, 57, 56, 1, 78, 2
53260, 36, 29, 29, 0, 36, 0
68352, 35, 26, 25, 1, 35, 0
71511, 12, 9, 9, 0, 12, 0
71512, 11, 7, 7, 0, 11, 0
970, 6, 0, 0, 0, 5, 1
971, 18, 16, 15, 1, 18, 0
29901, 7, 18, 16, 2, 7, 0
94206, 0, 1, 1, 0, 0, 0
1676, 101, 95, 94, 1, 99, 2
2479, 23, 20, 20, 0, 23, 0
11800, 21, 22, 22, 0, 21, 0
40560, 75, 70, 70, 0, 74, 1
49737, 69, 41, 40, 1, 69, 0
51030, 23, 26, 25, 1, 23, 0
60909, 15, 20, 20, 0, 15, 0
60934, 51, 21, 21, 0, 51, 0
65219, 16, 8, 8, 0, 16, 0
65359, 23, 17, 17, 0, 23, 0
67060, 0, 35, 35, 0, 0, 0
68809, 30, 17, 17, 0, 30, 0
68834, 18, 17, 17, 0, 18, 0
69017, 9, 7, 7, 0, 9, 0
69020, 5, 9, 9, 0, 5, 0
69773, 0, 1, 1, 0, 0, 0
973, 2, 4, 4, 0, 2, 0
10102, 0, 6, 0, 6, 0, 0
33977, 30, 20, 18, 2, 29, 1
41482, 37, 15, 14, 1, 36, 1
96871, 0, 14, 6, 8, 0, 0
96971, 1, 14, 4, 10, 1, 0
97042, 6, 14, 1, 13, 6, 0
97055, 0, 16, 3, 13, 0, 0
97092, 6, 13, 1, 12, 6, 0
97301, 1, 10, 2, 8, 1, 0
102001, 1, 9, 1, 8, 1, 0
119036, 4, 11, 1, 10, 3, 1
121101, 5, 12, 12, 0, 5, 0
975, 1, 0, 0, 0, 1, 0
976, 12, 9, 9, 0, 8, 4
16845, 1, 5, 5, 0, 1, 0
28234, 1, 1, 1, 0, 1, 0
28737, 2, 1, 1, 0, 2, 0
47426, 4, 2, 2, 0, 4, 0
47427, 3, 2, 2, 0, 1, 2
47428, 7, 2, 2, 0, 5, 2
50308, 9, 18, 15, 3, 8, 1
54068, 0, 2, 1, 1, 0, 0
54069, 0, 1, 1, 0, 0, 0
63653, 1, 1, 1, 0, 1, 0
977, 1, 0, 0, 0, 1, 0
978, 0, 1, 1, 0, 0, 0
979, 1, 0, 0, 0, 1, 0
980, 2, 0, 0, 0, 2, 0
981, 1, 4, 2, 2, 0, 1
982, 0, 1, 1, 0, 0, 0
983, 3, 0, 0, 0, 1, 2
984, 0, 7, 1, 6, 0, 0
985, 1, 1, 1, 0, 1, 0
19605, 1, 1, 1, 0, 1, 0
23756, 0, 4, 3, 1, 0, 0
23757, 3, 1, 1, 0, 2, 1
987, 1, 0, 0, 0, 1, 0
20900, 0, 4, 4, 0, 0, 0
25376, 2, 4, 3, 1, 2, 0
53234, 1, 5, 4, 1, 1, 0
58316, 5, 7, 7, 0, 5, 0
58743, 2, 2, 2, 0, 2, 0
72917, 4, 4, 3, 1, 4, 0
79390, 4, 3, 3, 0, 4, 0
96234, 1, 2, 1, 1, 1, 0
100623, 0, 1, 1, 0, 0, 0
100801, 2, 2, 2, 0, 2, 0
100995, 1, 1, 1, 0, 1, 0
102125, 1, 2, 1, 1, 1, 0
102448, 7, 4, 3, 1, 6, 1
102572, 0, 1, 1, 0, 0, 0
103989, 2, 1, 1, 0, 2, 0
105079, 0, 2, 2, 0, 0, 0
105803, 0, 1, 0, 1, 0, 0
106453, 0, 1, 1, 0, 0, 0
106538, 19, 8, 8, 0, 19, 0
106730, 0, 1, 1, 0, 0, 0
106744, 2, 3, 3, 0, 2, 0
107863, 9, 11, 11, 0, 9, 0
108095, 4, 3, 3, 0, 4, 0
113157, 1, 1, 0, 1, 1, 0
989, 1, 0, 0, 0, 1, 0
991, 2, 1, 0, 1, 1, 1
992, 2, 6, 4, 2, 2, 0
993, 1, 2, 2, 0, 0, 1
12899, 4, 4, 4, 0, 4, 0
48530, 2, 6, 5, 1, 2, 0
994, 2, 0, 0, 0, 1, 1
18460, 21, 22, 21, 1, 21, 0
20887, 6, 7, 6, 1, 6, 0
25931, 12, 11, 10, 1, 11, 1
996, 1, 0, 0, 0, 1, 0
9615, 6, 2, 2, 0, 6, 0
41657, 9, 5, 4, 1, 9, 0
59436, 34, 39, 37, 2, 34, 0
62736, 13, 11, 11, 0, 13, 0
62737, 9, 4, 4, 0, 9, 0
62738, 2, 3, 3, 0, 2, 0
62739, 3, 3, 3, 0, 3, 0
15131, 24, 12, 11, 1, 23, 1
32077, 23, 15, 13, 2, 23, 0
46947, 5, 7, 7, 0, 5, 0
92841, 15, 19, 1, 18, 15, 0
124437, 0, 1, 0, 1, 0, 0
8395, 0, 9, 2, 7, 0, 0
11730, 8, 133, 128, 5, 7, 1
11852, 347, 194, 183, 11, 347, 0
12126, 108, 71, 69, 2, 107, 1
12131, 90, 117, 114, 3, 89, 1
12199, 0, 4, 0, 4, 0, 0
17877, 8, 16, 11, 5, 8, 0
19010, 1, 3, 0, 3, 0, 1
20292, 0, 4, 0, 4, 0, 0
20294, 0, 6, 0, 6, 0, 0
20300, 0, 4, 0, 4, 0, 0
20304, 0, 5, 0, 5, 0, 0
20306, 0, 4, 0, 4, 0, 0
22177, 0, 7, 0, 7, 0, 0
24221, 3, 1, 0, 1, 2, 1
24703, 1, 6, 1, 5, 0, 1
24916, 0, 4, 0, 4, 0, 0
25924, 0, 4, 0, 4, 0, 0
27182, 4, 2, 0, 2, 3, 1
27904, 1, 8, 0, 8, 1, 0
29184, 0, 9, 0, 9, 0, 0
29259, 178, 80, 65, 15, 176, 2
30005, 10, 5, 1, 4, 10, 0
31759, 0, 2, 0, 2, 0, 0
31760, 0, 3, 0, 3, 0, 0
33069, 0, 13, 0, 13, 0, 0
33541, 0, 14, 11, 3, 0, 0
34587, 0, 3, 0, 3, 0, 0
35478, 0, 5, 0, 5, 0, 0
35591, 8, 4, 2, 2, 8, 0
35706, 27, 33, 17, 16, 25, 2
36237, 2, 8, 0, 8, 2, 0
37339, 5, 21, 2, 19, 3, 2
37758, 0, 7, 0, 7, 0, 0
39248, 19, 25, 14, 11, 15, 4
39344, 38, 15, 13, 2, 21, 17
39858, 83, 77, 72, 5, 81, 2
39981, 6, 13, 2, 11, 5, 1
40719, 1, 2, 0, 2, 1, 0
42389, 0, 4, 0, 4, 0, 0
43092, 1, 4, 1, 3, 1, 0
43130, 0, 5, 0, 5, 0, 0
43198, 0, 2, 0, 2, 0, 0
43686, 0, 5, 1, 4, 0, 0
45113, 0, 6, 2, 4, 0, 0
46568, 1, 8, 0, 8, 1, 0
47728, 76, 78, 73, 5, 76, 0
48337, 4, 25, 0, 25, 4, 0
49805, 2, 5, 0, 5, 2, 0
50108, 150, 27, 20, 7, 150, 0
50196, 19, 28, 27, 1, 19, 0
51350, 0, 10, 0, 10, 0, 0
52102, 13, 18, 17, 1, 12, 1
52328, 0, 4, 0, 4, 0, 0
52329, 0, 5, 0, 5, 0, 0
55899, 0, 5, 0, 5, 0, 0
56058, 0, 2, 0, 2, 0, 0
57758, 10, 14, 13, 1, 10, 0
57761, 3, 12, 11, 1, 3, 0
60577, 0, 4, 0, 4, 0, 0
61183, 4, 1, 0, 1, 4, 0
65891, 0, 4, 0, 4, 0, 0
66744, 0, 4, 0, 4, 0, 0
68922, 0, 2, 0, 2, 0, 0
70376, 0, 4, 0, 4, 0, 0
71590, 3, 4, 3, 1, 3, 0
73764, 0, 2, 0, 2, 0, 0
74682, 3, 8, 6, 2, 3, 0
74892, 0, 2, 0, 2, 0, 0
76366, 0, 2, 0, 2, 0, 0
77901, 0, 3, 2, 1, 0, 0
80057, 1, 1, 0, 1, 0, 1
81884, 0, 7, 0, 7, 0, 0
82931, 0, 2, 0, 2, 0, 0
91241, 0, 2, 0, 2, 0, 0
92474, 0, 1, 0, 1, 0, 0
92475, 0, 1, 0, 1, 0, 0
92476, 0, 1, 0, 1, 0, 0
92477, 0, 1, 0, 1, 0, 0
92478, 0, 1, 0, 1, 0, 0
92479, 0, 2, 1, 1, 0, 0
92480, 0, 1, 0, 1, 0, 0
92481, 0, 1, 0, 1, 0, 0
94783, 0, 1, 0, 1, 0, 0
120671, 0, 1, 0, 1, 0, 0
122613, 1, 7, 2, 5, 1, 0
12740, 44, 49, 49, 0, 42, 2
15852, 7, 17, 15, 2, 7, 0
18704, 44, 40, 40, 0, 44, 0
18936, 1, 5, 5, 0, 1, 0
19070, 113, 80, 80, 0, 113, 0
20620, 16, 16, 16, 0, 16, 0
22946, 62, 41, 40, 1, 60, 2
24637, 28, 34, 34, 0, 28, 0
24884, 76, 63, 58, 5, 48, 28
27773, 23, 40, 39, 1, 23, 0
30024, 6, 3, 3, 0, 6, 0
31550, 36, 34, 34, 0, 36, 0
39709, 7, 8, 8, 0, 7, 0
41092, 24, 32, 10, 22, 24, 0
42792, 0, 3, 0, 3, 0, 0
75999, 0, 4, 0, 4, 0, 0
92444, 0, 1, 0, 1, 0, 0
94921, 1, 4, 0, 4, 1, 0
98127, 0, 1, 0, 1, 0, 0
110203, 2, 3, 0, 3, 2, 0
112475, 1, 1, 1, 0, 1, 0
112565, 2, 3, 0, 3, 1, 1
9081, 19, 7, 6, 1, 19, 0
1007, 1, 0, 0, 0, 1, 0
1008, 1, 0, 0, 0, 1, 0
1009, 0, 6, 5, 1, 0, 0
1010, 1, 0, 0, 0, 1, 0
1011, 18, 23, 22, 1, 18, 0
1146, 4, 52, 51, 1, 4, 0
11661, 40, 30, 30, 0, 40, 0
15511, 19, 17, 14, 3, 18, 1
26435, 3, 13, 13, 0, 3, 0
26439, 6, 2, 2, 0, 4, 2
46701, 1, 1, 1, 0, 1, 0
67588, 5, 3, 3, 0, 5, 0
70547, 0, 13, 13, 0, 0, 0
70548, 0, 1, 1, 0, 0, 0
99048, 6, 3, 3, 0, 4, 2
100203, 2, 1, 1, 0, 2, 0
107945, 0, 5, 5, 0, 0, 0
111097, 2, 8, 8, 0, 2, 0
1012, 3, 0, 0, 0, 3, 0
1013, 0, 1, 1, 0, 0, 0
1014, 0, 2, 2, 0, 0, 0
1015, 0, 1, 1, 0, 0, 0
34849, 1, 3, 2, 1, 1, 0
38791, 23, 10, 8, 2, 23, 0
51185, 1, 5, 0, 5, 1, 0
61341, 1, 3, 1, 2, 1, 0
67895, 2, 10, 7, 3, 2, 0
68106, 3, 4, 3, 1, 3, 0
92402, 0, 1, 0, 1, 0, 0
121253, 9, 5, 0, 5, 9, 0
125412, 10, 3, 2, 1, 10, 0
5775, 1, 3, 1, 2, 1, 0
27317, 12, 14, 11, 3, 12, 0
30274, 5, 4, 2, 2, 5, 0
32280, 7, 22, 5, 17, 7, 0
35038, 16, 20, 12, 8, 16, 0
49251, 0, 7, 0, 7, 0, 0
55862, 8, 2, 1, 1, 8, 0
60212, 25, 7, 6, 1, 24, 1
70528, 30, 9, 8, 1, 30, 0
94979, 2, 5, 2, 3, 2, 0
106221, 24, 13, 11, 2, 21, 3
116804, 15, 12, 11, 1, 15, 0
117545, 3, 5, 1, 4, 3, 0
120178, 8, 8, 8, 0, 8, 0
121755, 0, 6, 0, 6, 0, 0
129051, 0, 3, 0, 3, 0, 0
129053, 0, 2, 0, 2, 0, 0
1019, 1, 0, 0, 0, 0, 1
1020, 0, 1, 0, 1, 0, 0
1021, 1, 0, 0, 0, 1, 0
1022, 0, 1, 1, 0, 0, 0
1023, 1, 0, 0, 0, 1, 0
7449, 41, 22, 20, 2, 40, 1
8761, 11, 10, 10, 0, 7, 4
8841, 15, 6, 6, 0, 11, 4
19620, 4, 8, 8, 0, 4, 0
26366, 0, 3, 0, 3, 0, 0
26710, 0, 2, 2, 0, 0, 0
29403, 49, 14, 13, 1, 49, 0
32535, 24, 16, 13, 3, 23, 1
34977, 6, 5, 5, 0, 5, 1
36500, 0, 3, 0, 3, 0, 0
41116, 16, 12, 11, 1, 15, 1
48029, 0, 4, 4, 0, 0, 0
53143, 0, 1, 1, 0, 0, 0
53144, 16, 16, 16, 0, 16, 0
53145, 0, 1, 1, 0, 0, 0
53146, 0, 1, 1, 0, 0, 0
108220, 7, 8, 7, 1, 4, 3
112780, 0, 1, 0, 1, 0, 0
115078, 5, 6, 6, 0, 4, 1
115334, 0, 1, 0, 1, 0, 0
122343, 1, 8, 8, 0, 1, 0
128243, 1, 4, 4, 0, 1, 0
1025, 2, 0, 0, 0, 2, 0
2515, 21, 12, 12, 0, 21, 0
14594, 0, 5, 0, 5, 0, 0
91445, 0, 1, 0, 1, 0, 0
1142, 22, 15, 15, 0, 15, 7
7745, 53, 32, 30, 2, 53, 0
16538, 66, 25, 22, 3, 65, 1
19152, 20, 6, 6, 0, 19, 1
19813, 41, 29, 29, 0, 40, 1
23818, 12, 16, 15, 1, 12, 0
33474, 41, 22, 22, 0, 31, 10
43737, 0, 20, 0, 20, 0, 0
97866, 11, 6, 6, 0, 11, 0
101123, 11, 9, 8, 1, 11, 0
50869, 0, 2, 2, 0, 0, 0
1030, 48, 5, 3, 2, 48, 0
22450, 8, 6, 6, 0, 8, 0
103810, 10, 7, 7, 0, 10, 0
106579, 1, 1, 1, 0, 1, 0
108497, 1, 4, 4, 0, 1, 0
109767, 12, 12, 11, 1, 12, 0
117411, 13, 6, 5, 1, 13, 0
129531, 0, 1, 0, 1, 0, 0
1315, 0, 1, 1, 0, 0, 0
63508, 2, 7, 7, 0, 2, 0
91086, 0, 1, 1, 0, 0, 0
91089, 1, 1, 1, 0, 1, 0
117581, 7, 7, 7, 0, 7, 0
1031, 2, 0, 0, 0, 0, 2
103736, 0, 4, 3, 1, 0, 0
3846, 2, 10, 4, 6, 2, 0
15994, 8, 9, 7, 2, 8, 0
19496, 25, 82, 78, 4, 21, 4
20315, 0, 8, 0, 8, 0, 0
29770, 2, 13, 5, 8, 1, 1
31765, 3, 10, 1, 9, 3, 0
36176, 0, 5, 0, 5, 0, 0
38965, 75, 24, 23, 1, 17, 58
45810, 0, 4, 1, 3, 0, 0
50398, 48, 10, 10, 0, 46, 2
51523, 0, 3, 0, 3, 0, 0
55503, 0, 9, 4, 5, 0, 0
57973, 2, 2, 2, 0, 2, 0
92558, 0, 1, 0, 1, 0, 0
92559, 0, 1, 0, 1, 0, 0
92561, 0, 1, 0, 1, 0, 0
92562, 0, 1, 0, 1, 0, 0
92563, 0, 1, 0, 1, 0, 0
92564, 0, 1, 0, 1, 0, 0
92565, 0, 1, 0, 1, 0, 0
124270, 0, 3, 0, 3, 0, 0
1033, 1, 0, 0, 0, 1, 0
1034, 0, 1, 1, 0, 0, 0
1035, 3, 0, 0, 0, 3, 0
1679, 24, 31, 30, 1, 23, 1
1934, 79, 43, 42, 1, 41, 38
3307, 48, 25, 24, 1, 47, 1
4331, 9, 14, 13, 1, 9, 0
5600, 32, 28, 27, 1, 32, 0
12005, 22, 29, 25, 4, 21, 1
12153, 94, 27, 25, 2, 94, 0
12164, 120, 80, 79, 1, 120, 0
14096, 8, 15, 13, 2, 8, 0
14947, 5, 12, 10, 2, 5, 0
15716, 25, 34, 33, 1, 25, 0
17805, 64, 33, 33, 0, 62, 2
22152, 5, 15, 14, 1, 5, 0
23850, 11, 11, 8, 3, 11, 0
24461, 9, 13, 13, 0, 9, 0
24510, 203, 114, 114, 0, 202, 1
25000, 17, 19, 18, 1, 17, 0
28236, 36, 16, 14, 2, 36, 0
29889, 51, 20, 18, 2, 51, 0
29894, 11, 15, 15, 0, 11, 0
29918, 129, 81, 79, 2, 129, 0
30710, 0, 2, 0, 2, 0, 0
34288, 49, 44, 42, 2, 43, 6
35459, 13, 16, 15, 1, 13, 0
35626, 44, 49, 49, 0, 44, 0
36089, 2, 17, 15, 2, 2, 0
37442, 22, 27, 27, 0, 22, 0
40517, 14, 74, 71, 3, 5, 9
41973, 13, 6, 6, 0, 12, 1
45298, 4, 5, 5, 0, 4, 0
46518, 16, 16, 16, 0, 16, 0
49993, 8, 10, 9, 1, 8, 0
51630, 8, 9, 9, 0, 8, 0
52641, 34, 14, 14, 0, 34, 0
53959, 6, 8, 7, 1, 6, 0
56376, 2, 6, 5, 1, 2, 0
56586, 40, 8, 8, 0, 40, 0
57687, 55, 25, 23, 2, 53, 2
61045, 20, 24, 24, 0, 20, 0
64113, 18, 5, 5, 0, 18, 0
64741, 60, 12, 11, 1, 60, 0
65030, 1, 1, 1, 0, 1, 0
65033, 1, 1, 1, 0, 1, 0
65120, 87, 34, 34, 0, 87, 0
65264, 1, 1, 1, 0, 1, 0
65300, 2, 2, 2, 0, 2, 0
65301, 1, 3, 3, 0, 1, 0
65549, 12, 4, 4, 0, 12, 0
66035, 5, 6, 6, 0, 5, 0
67173, 4, 5, 5, 0, 4, 0
67175, 4, 4, 4, 0, 4, 0
67184, 17, 23, 23, 0, 17, 0
67455, 8, 13, 13, 0, 8, 0
69090, 2, 9, 9, 0, 2, 0
70192, 1, 1, 1, 0, 1, 0
70321, 6, 8, 8, 0, 5, 1
70323, 2, 2, 2, 0, 2, 0
70324, 5, 7, 7, 0, 5, 0
70325, 3, 10, 10, 0, 3, 0
70326, 3, 3, 3, 0, 3, 0
70327, 6, 7, 7, 0, 6, 0
70328, 0, 1, 1, 0, 0, 0
70329, 0, 1, 1, 0, 0, 0
70330, 7, 3, 3, 0, 7, 0
70331, 0, 1, 1, 0, 0, 0
70332, 1, 3, 3, 0, 1, 0
70333, 0, 1, 1, 0, 0, 0
70334, 0, 1, 1, 0, 0, 0
70335, 0, 1, 1, 0, 0, 0
70336, 0, 1, 1, 0, 0, 0
70337, 0, 1, 1, 0, 0, 0
97211, 1, 1, 1, 0, 1, 0
2639, 24, 9, 8, 1, 21, 3
5663, 4, 2, 2, 0, 4, 0
7523, 16, 6, 6, 0, 16, 0
8277, 22, 20, 18, 2, 22, 0
9608, 1, 4, 4, 0, 1, 0
12490, 17, 10, 9, 1, 12, 5
12601, 5, 7, 6, 1, 5, 0
13804, 53, 13, 11, 2, 41, 12
13848, 30, 6, 6, 0, 30, 0
14016, 36, 17, 16, 1, 33, 3
16858, 1, 3, 2, 1, 0, 1
17999, 56, 14, 11, 3, 54, 2
19083, 60, 10, 9, 1, 53, 7
22095, 4, 7, 7, 0, 4, 0
22885, 2, 1, 1, 0, 1, 1
23676, 59, 13, 13, 0, 50, 9
24146, 75, 27, 26, 1, 72, 3
25900, 85, 7, 7, 0, 85, 0
27244, 9, 6, 5, 1, 9, 0
27910, 0, 8, 0, 8, 0, 0
27926, 15, 10, 9, 1, 15, 0
28113, 4, 4, 3, 1, 3, 1
29155, 15, 7, 7, 0, 13, 2
29231, 37, 20, 19, 1, 37, 0
29805, 6, 4, 4, 0, 4, 2
30494, 11, 10, 10, 0, 11, 0
30912, 30, 9, 9, 0, 30, 0
32212, 27, 9, 8, 1, 27, 0
45473, 9, 3, 3, 0, 8, 1
47286, 1, 5, 5, 0, 1, 0
49226, 17, 5, 5, 0, 17, 0
52760, 35, 5, 5, 0, 32, 3
54703, 3, 2, 2, 0, 3, 0
63706, 60, 35, 30, 5, 44, 16
68310, 17, 15, 15, 0, 14, 3
84601, 1, 1, 1, 0, 1, 0
92169, 8, 3, 3, 0, 8, 0
92273, 0, 1, 0, 1, 0, 0
93450, 6, 6, 6, 0, 6, 0
93994, 2, 2, 2, 0, 2, 0
98209, 12, 3, 3, 0, 12, 0
99842, 17, 1, 1, 0, 17, 0
99982, 9, 7, 7, 0, 9, 0
100302, 2, 1, 1, 0, 2, 0
101316, 6, 1, 1, 0, 6, 0
120163, 1, 2, 0, 2, 1, 0
120326, 114, 2, 1, 1, 2, 112
126753, 8, 3, 3, 0, 7, 1
129277, 3, 3, 2, 1, 3, 0
129303, 2, 1, 1, 0, 2, 0
131079, 9, 3, 3, 0, 5, 4
1038, 1, 0, 0, 0, 1, 0
4218, 6, 8, 7, 1, 6, 0
34399, 13, 13, 11, 2, 13, 0
44586, 4, 4, 4, 0, 4, 0
1040, 3, 0, 0, 0, 3, 0
1042, 1, 1, 0, 1, 1, 0
2441, 6, 12, 12, 0, 6, 0
15280, 41, 27, 27, 0, 39, 2
20807, 9, 28, 20, 8, 9, 0
35097, 9, 29, 28, 1, 9, 0
38505, 1, 1, 0, 1, 1, 0
54522, 8, 9, 9, 0, 8, 0
72159, 1, 4, 4, 0, 1, 0
72286, 10, 6, 6, 0, 10, 0
80956, 3, 2, 2, 0, 3, 0
89403, 1, 2, 2, 0, 1, 0
89958, 0, 1, 0, 1, 0, 0
94478, 2, 2, 2, 0, 2, 0
109424, 0, 1, 0, 1, 0, 0
1044, 1, 1, 1, 0, 1, 0
1046, 2, 0, 0, 0, 0, 2
1047, 4, 3, 0, 3, 3, 1
1048, 5, 5, 3, 2, 5, 0
12693, 10, 5, 3, 2, 3, 7
12520, 1, 1, 1, 0, 1, 0
1049, 1, 0, 0, 0, 1, 0
1050, 2, 1, 1, 0, 2, 0
1223, 9, 4, 4, 0, 9, 0
11921, 33, 14, 13, 1, 32, 1
32521, 6, 62, 61, 1, 6, 0
39113, 2, 34, 32, 2, 2, 0
47573, 17, 10, 10, 0, 17, 0
53655, 6, 4, 4, 0, 5, 1
53807, 0, 9, 9, 0, 0, 0
70611, 2, 16, 15, 1, 1, 1
87320, 0, 1, 1, 0, 0, 0
28754, 16, 9, 9, 0, 11, 5
39520, 5, 7, 7, 0, 5, 0
50417, 7, 5, 5, 0, 7, 0
53083, 3, 8, 0, 8, 2, 1
1054, 1, 1, 1, 0, 1, 0
1055, 24, 19, 19, 0, 24, 0
2502, 23, 36, 35, 1, 20, 3
2780, 2, 1, 1, 0, 2, 0
8032, 13, 13, 12, 1, 13, 0
12099, 63, 72, 71, 1, 62, 1
48619, 9, 2, 2, 0, 8, 1
60743, 40, 22, 21, 1, 40, 0
69107, 9, 19, 18, 1, 9, 0
93607, 0, 1, 1, 0, 0, 0
1056, 1, 0, 0, 0, 1, 0
1057, 1, 0, 0, 0, 1, 0
1058, 2, 1, 1, 0, 1, 1
43649, 0, 1, 0, 1, 0, 0
1059, 1, 0, 0, 0, 1, 0
14472, 0, 8, 0, 8, 0, 0
20434, 0, 7, 0, 7, 0, 0
21713, 0, 5, 0, 5, 0, 0
93532, 4, 7, 6, 1, 4, 0
103717, 0, 1, 0, 1, 0, 0
112428, 18, 1, 1, 0, 18, 0
112823, 0, 1, 0, 1, 0, 0
1061, 1, 0, 0, 0, 1, 0
1063, 1, 0, 0, 0, 0, 1
1065, 1, 0, 0, 0, 1, 0
6500, 8, 11, 11, 0, 8, 0
11108, 5, 12, 10, 2, 5, 0
12039, 16, 15, 15, 0, 16, 0
12048, 52, 24, 24, 0, 51, 1
26343, 3, 2, 1, 1, 2, 1
35303, 4, 3, 3, 0, 4, 0
36405, 16, 16, 16, 0, 16, 0
37562, 3, 3, 2, 1, 3, 0
45832, 2, 2, 1, 1, 1, 1
48037, 0, 3, 3, 0, 0, 0
52032, 7, 6, 6, 0, 7, 0
62703, 0, 2, 1, 1, 0, 0
64845, 1, 6, 5, 1, 0, 1
65604, 3, 3, 2, 1, 3, 0
72437, 4, 11, 11, 0, 4, 0
78827, 3, 4, 3, 1, 3, 0
89321, 0, 4, 4, 0, 0, 0
91513, 0, 2, 1, 1, 0, 0
93003, 0, 2, 0, 2, 0, 0
93004, 0, 1, 0, 1, 0, 0
93005, 0, 1, 0, 1, 0, 0
93006, 0, 1, 0, 1, 0, 0
93007, 0, 1, 0, 1, 0, 0
1067, 1, 0, 0, 0, 0, 1
1069, 1, 0, 0, 0, 1, 0
1070, 0, 2, 1, 1, 0, 0
1071, 2, 1, 1, 0, 1, 1
1073, 3, 3, 3, 0, 3, 0
1472, 28, 25, 25, 0, 27, 1
3786, 21, 20, 20, 0, 20, 1
20182, 2, 10, 10, 0, 2, 0
23129, 26, 22, 19, 3, 26, 0
23812, 1, 3, 3, 0, 1, 0
24746, 56, 44, 41, 3, 56, 0
27144, 2, 3, 3, 0, 2, 0
28246, 10, 19, 18, 1, 10, 0
28637, 2, 6, 6, 0, 2, 0
28902, 9, 7, 7, 0, 9, 0
29061, 9, 12, 12, 0, 9, 0
30838, 15, 6, 6, 0, 13, 2
30957, 6, 6, 5, 1, 6, 0
32486, 0, 4, 2, 2, 0, 0
34434, 2, 5, 5, 0, 2, 0
36294, 2, 3, 3, 0, 1, 1
36538, 32, 77, 76, 1, 31, 1
37350, 0, 2, 2, 0, 0, 0
38392, 2, 3, 3, 0, 2, 0
39331, 24, 18, 17, 1, 24, 0
42565, 75, 82, 81, 1, 72, 3
45341, 11, 3, 3, 0, 10, 1
46341, 2, 21, 2, 19, 1, 1
48277, 7, 4, 4, 0, 6, 1
48410, 2, 2, 2, 0, 2, 0
49994, 4, 9, 9, 0, 4, 0
50794, 4, 10, 8, 2, 4, 0
54645, 10, 3, 3, 0, 9, 1
55009, 2, 2, 2, 0, 2, 0
57704, 1, 1, 1, 0, 1, 0
62854, 0, 7, 3, 4, 0, 0
63161, 7, 5, 5, 0, 7, 0
66374, 0, 2, 2, 0, 0, 0
71851, 0, 2, 2, 0, 0, 0
71852, 0, 1, 1, 0, 0, 0
71853, 2, 2, 1, 1, 2, 0
71854, 0, 2, 2, 0, 0, 0
71855, 0, 1, 1, 0, 0, 0
71856, 0, 1, 1, 0, 0, 0
71857, 0, 1, 1, 0, 0, 0
71859, 0, 1, 1, 0, 0, 0
71860, 0, 1, 1, 0, 0, 0
71861, 1, 1, 1, 0, 1, 0
1164, 3, 2, 2, 0, 3, 0
1074, 1, 0, 0, 0, 1, 0
23313, 6, 15, 13, 2, 6, 0
32522, 0, 1, 1, 0, 0, 0
113253, 16, 8, 8, 0, 16, 0
125867, 0, 1, 0, 1, 0, 0
1076, 1, 0, 0, 0, 1, 0
1077, 1, 3, 2, 1, 1, 0
100398, 1, 1, 1, 0, 1, 0
1078, 1, 0, 0, 0, 1, 0
7938, 33, 19, 18, 1, 33, 0
10691, 28, 18, 16, 2, 28, 0
79364, 14, 8, 8, 0, 14, 0
106217, 0, 21, 1, 20, 0, 0
1080, 1, 0, 0, 0, 1, 0
7110, 7, 14, 4, 10, 7, 0
12607, 1, 1, 0, 1, 1, 0
15724, 9, 19, 18, 1, 9, 0
20705, 3, 5, 5, 0, 2, 1
20781, 0, 2, 2, 0, 0, 0
20848, 5, 11, 3, 8, 3, 2
21609, 5, 4, 4, 0, 4, 1
34767, 2, 1, 1, 0, 1, 1
50104, 18, 16, 16, 0, 18, 0
64012, 0, 3, 0, 3, 0, 0
68008, 2, 1, 1, 0, 1, 1
68097, 0, 1, 0, 1, 0, 0
68098, 0, 1, 1, 0, 0, 0
68099, 0, 1, 0, 1, 0, 0
68100, 0, 1, 1, 0, 0, 0
1082, 1, 0, 0, 0, 1, 0
6582, 0, 3, 2, 1, 0, 0
9413, 26, 43, 34, 9, 25, 1
11489, 6, 4, 3, 1, 4, 2
19471, 60, 12, 10, 2, 59, 1
21789, 43, 99, 99, 0, 43, 0
29133, 9, 12, 11, 1, 9, 0
29820, 2, 3, 1, 2, 1, 1
39538, 6, 3, 3, 0, 6, 0
39648, 3, 1, 1, 0, 3, 0
40561, 127, 54, 51, 3, 126, 1
41316, 28, 74, 71, 3, 28, 0
46196, 0, 13, 11, 2, 0, 0
47550, 1, 8, 6, 2, 1, 0
48870, 3, 6, 5, 1, 3, 0
50778, 2, 8, 7, 1, 2, 0
52391, 0, 3, 0, 3, 0, 0
53905, 11, 8, 7, 1, 11, 0
54006, 31, 12, 12, 0, 31, 0
61580, 3, 5, 4, 1, 3, 0
80446, 2, 3, 1, 2, 2, 0
81617, 0, 1, 0, 1, 0, 0
81618, 0, 1, 0, 1, 0, 0
1084, 1, 0, 0, 0, 1, 0
1085, 2, 7, 7, 0, 1, 1
21138, 6, 2, 2, 0, 6, 0
1086, 10, 3, 3, 0, 10, 0
1317, 8, 8, 7, 1, 7, 1
6806, 10, 10, 10, 0, 10, 0
15565, 1, 1, 1, 0, 1, 0
17049, 29, 26, 25, 1, 28, 1
18702, 164, 77, 75, 2, 100, 64
21182, 45, 30, 28, 2, 40, 5
25775, 9, 3, 3, 0, 5, 4
27840, 0, 1, 1, 0, 0, 0
27841, 0, 1, 0, 1, 0, 0
27842, 1, 1, 0, 1, 0, 1
27843, 1, 1, 1, 0, 1, 0
27844, 2, 3, 2, 1, 2, 0
27845, 0, 1, 1, 0, 0, 0
47806, 54, 23, 20, 3, 53, 1
94893, 4, 2, 1, 1, 4, 0
102808, 0, 1, 1, 0, 0, 0
102809, 2, 1, 1, 0, 2, 0
102811, 0, 1, 1, 0, 0, 0
103753, 2, 2, 2, 0, 2, 0
110985, 3, 2, 1, 1, 3, 0
1088, 3, 0, 0, 0, 3, 0
19834, 0, 18, 6, 12, 0, 0
20710, 0, 8, 0, 8, 0, 0
22018, 0, 6, 0, 6, 0, 0
22850, 6, 5, 1, 4, 6, 0
30253, 0, 8, 0, 8, 0, 0
32498, 2, 2, 0, 2, 1, 1
42937, 1, 11, 1, 10, 1, 0
53763, 1, 5, 1, 4, 1, 0
60796, 0, 10, 0, 10, 0, 0
64709, 0, 2, 0, 2, 0, 0
109909, 2, 4, 3, 1, 2, 0
1091, 1, 0, 0, 0, 1, 0
4160, 21, 26, 15, 11, 21, 0
8637, 3, 4, 4, 0, 3, 0
20740, 75, 30, 30, 0, 75, 0
32453, 22, 21, 21, 0, 18, 4
34204, 16, 6, 6, 0, 16, 0
46359, 19, 14, 14, 0, 19, 0
48814, 8, 5, 5, 0, 8, 0
1093, 1, 0, 0, 0, 0, 1
1097, 1, 1, 1, 0, 0, 1
10620, 39, 39, 33, 6, 29, 10
21964, 41, 2, 1, 1, 41, 0
55963, 0, 2, 0, 2, 0, 0
80827, 0, 1, 0, 1, 0, 0
94275, 8, 6, 6, 0, 8, 0
114947, 1, 1, 0, 1, 1, 0
7836, 0, 19, 17, 2, 0, 0
17142, 1, 4, 3, 1, 0, 1
25665, 6, 6, 5, 1, 6, 0
25666, 0, 2, 0, 2, 0, 0
25667, 0, 1, 0, 1, 0, 0
104412, 3, 3, 1, 2, 3, 0
1098, 1, 0, 0, 0, 1, 0
1099, 2, 11, 10, 1, 2, 0
29527, 6, 27, 24, 3, 5, 1
66316, 1, 3, 3, 0, 1, 0
1100, 1, 0, 0, 0, 1, 0
1101, 2, 0, 0, 0, 1, 1
8373, 4, 2, 2, 0, 4, 0
8374, 3, 3, 3, 0, 3, 0
8375, 4, 5, 5, 0, 4, 0
23847, 2, 1, 0, 1, 2, 0
108565, 2, 2, 1, 1, 2, 0
8009, 6, 13, 8, 5, 5, 1
13985, 2, 4, 3, 1, 2, 0
19726, 7, 33, 11, 22, 6, 1
25736, 0, 6, 0, 6, 0, 0
25737, 0, 3, 0, 3, 0, 0
28710, 23, 19, 19, 0, 21, 2
40335, 3, 2, 2, 0, 3, 0
66212, 0, 5, 0, 5, 0, 0
66213, 0, 2, 0, 2, 0, 0
93343, 6, 7, 7, 0, 6, 0
95757, 0, 6, 1, 5, 0, 0
1106, 1, 1, 1, 0, 1, 0
1107, 1, 1, 1, 0, 1, 0
1108, 1, 0, 0, 0, 1, 0
1109, 1, 1, 1, 0, 0, 1
1111, 1, 0, 0, 0, 1, 0
1113, 16, 10, 10, 0, 16, 0
22345, 39, 30, 30, 0, 39, 0
32509, 13, 9, 9, 0, 13, 0
64904, 6, 11, 11, 0, 6, 0
65132, 5, 6, 5, 1, 5, 0
65133, 0, 6, 6, 0, 0, 0
66819, 5, 3, 3, 0, 5, 0
66820, 0, 2, 2, 0, 0, 0
67517, 1, 4, 4, 0, 1, 0
67518, 8, 8, 8, 0, 8, 0
1114, 1, 0, 0, 0, 0, 1
1115, 39, 23, 22, 1, 38, 1
23741, 11, 20, 14, 6, 11, 0
28831, 0, 7, 4, 3, 0, 0
36562, 7, 7, 6, 1, 6, 1
38156, 2, 2, 2, 0, 2, 0
38157, 12, 33, 25, 8, 9, 3
38558, 14, 8, 8, 0, 13, 1
38782, 4, 10, 4, 6, 4, 0
38833, 9, 15, 7, 8, 6, 3
38943, 20, 14, 12, 2, 13, 7
39011, 8, 8, 7, 1, 8, 0
40119, 3, 1, 1, 0, 2, 1
40185, 2, 1, 1, 0, 2, 0
40392, 1, 1, 1, 0, 1, 0
40939, 7, 9, 4, 5, 1, 6
41054, 1, 6, 6, 0, 1, 0
41055, 5, 9, 8, 1, 3, 2
41290, 9, 5, 5, 0, 9, 0
41292, 8, 13, 13, 0, 7, 1
41426, 9, 8, 7, 1, 8, 1
42163, 14, 11, 11, 0, 3, 11
42331, 2, 8, 6, 2, 2, 0
43102, 4, 8, 8, 0, 4, 0
43751, 3, 6, 6, 0, 3, 0
63818, 7, 4, 4, 0, 7, 0
63819, 5, 5, 5, 0, 5, 0
14971, 0, 2, 1, 1, 0, 0
75252, 4, 7, 7, 0, 4, 0
1967, 1, 1, 0, 1, 1, 0
2334, 0, 3, 0, 3, 0, 0
3078, 2, 8, 2, 6, 2, 0
3361, 28, 20, 18, 2, 26, 2
4354, 23, 11, 9, 2, 20, 3
7369, 41, 9, 8, 1, 24, 17
8656, 2, 5, 1, 4, 2, 0
8726, 78, 22, 19, 3, 55, 23
8911, 34, 4, 3, 1, 34, 0
9696, 12, 8, 6, 2, 12, 0
11206, 1, 4, 0, 4, 1, 0
11207, 0, 3, 1, 2, 0, 0
11351, 6, 7, 6, 1, 6, 0
11352, 6, 8, 7, 1, 6, 0
11353, 8, 11, 10, 1, 8, 0
11354, 7, 9, 8, 1, 6, 1
11355, 6, 8, 7, 1, 6, 0
12090, 50, 9, 7, 2, 50, 0
12526, 25, 3, 0, 3, 7, 18
13572, 0, 11, 3, 8, 0, 0
13663, 25, 29, 25, 4, 24, 1
13828, 1, 2, 0, 2, 1, 0
14147, 6, 15, 9, 6, 6, 0
16913, 1, 2, 1, 1, 1, 0
17204, 8, 5, 4, 1, 2, 6
18141, 4, 1, 0, 1, 4, 0
19262, 3, 3, 1, 2, 2, 1
19263, 2, 3, 1, 2, 2, 0
19426, 3, 2, 0, 2, 2, 1
19699, 1, 9, 0, 9, 1, 0
19766, 13, 13, 10, 3, 13, 0
20953, 236, 63, 53, 10, 235, 1
21311, 1, 3, 1, 2, 1, 0
22020, 0, 4, 0, 4, 0, 0
23481, 1, 2, 0, 2, 0, 1
23644, 0, 3, 0, 3, 0, 0
24032, 18, 37, 35, 2, 18, 0
24194, 0, 4, 0, 4, 0, 0
24544, 208, 39, 34, 5, 208, 0
24604, 26, 46, 42, 4, 25, 1
24669, 10, 7, 5, 2, 9, 1
24790, 2, 4, 1, 3, 1, 1
24861, 17, 7, 4, 3, 14, 3
25435, 1, 1, 0, 1, 0, 1
25543, 1, 10, 0, 10, 1, 0
25846, 1, 2, 1, 1, 1, 0
25847, 2, 5, 2, 3, 2, 0
26340, 23, 14, 12, 2, 19, 4
26376, 31, 13, 11, 2, 31, 0
27261, 25, 14, 9, 5, 21, 4
27739, 12, 11, 2, 9, 12, 0
27743, 2, 20, 17, 3, 2, 0
27932, 8, 8, 0, 8, 7, 1
28135, 6, 7, 5, 2, 5, 1
28136, 4, 7, 5, 2, 4, 0
29224, 207, 52, 50, 2, 179, 28
29886, 355, 50, 35, 15, 351, 4
29940, 1, 13, 9, 4, 1, 0
29941, 23, 11, 7, 4, 23, 0
31135, 0, 12, 0, 12, 0, 0
31354, 0, 3, 0, 3, 0, 0
31355, 0, 2, 0, 2, 0, 0
31356, 0, 2, 0, 2, 0, 0
31587, 0, 2, 0, 2, 0, 0
31592, 0, 3, 0, 3, 0, 0
31752, 0, 4, 0, 4, 0, 0
32285, 0, 8, 0, 8, 0, 0
32484, 0, 3, 0, 3, 0, 0
34584, 0, 4, 0, 4, 0, 0
34969, 0, 4, 2, 2, 0, 0
35182, 0, 6, 0, 6, 0, 0
36095, 1, 24, 1, 23, 0, 1
36804, 4, 2, 1, 1, 3, 1
36818, 0, 5, 0, 5, 0, 0
36819, 0, 4, 0, 4, 0, 0
37483, 0, 2, 0, 2, 0, 0
38378, 0, 4, 0, 4, 0, 0
38379, 0, 4, 0, 4, 0, 0
38720, 3, 10, 9, 1, 3, 0
38816, 0, 3, 0, 3, 0, 0
41288, 0, 6, 0, 6, 0, 0
41436, 1, 7, 0, 7, 1, 0
41441, 5, 3, 0, 3, 5, 0
41533, 0, 3, 0, 3, 0, 0
41849, 5, 3, 0, 3, 4, 1
42170, 15, 2, 1, 1, 1, 14
42807, 0, 3, 0, 3, 0, 0
43084, 0, 3, 1, 2, 0, 0
43085, 0, 2, 1, 1, 0, 0
43140, 0, 2, 0, 2, 0, 0
43796, 4, 10, 2, 8, 4, 0
44017, 5, 5, 2, 3, 5, 0
44490, 0, 6, 0, 6, 0, 0
44497, 0, 4, 0, 4, 0, 0
44599, 0, 5, 0, 5, 0, 0
45039, 4, 12, 3, 9, 4, 0
45060, 3, 13, 5, 8, 3, 0
45124, 17, 9, 6, 3, 17, 0
45756, 18, 11, 10, 1, 18, 0
46868, 0, 6, 1, 5, 0, 0
46904, 7, 18, 6, 12, 7, 0
47031, 0, 16, 0, 16, 0, 0
47500, 0, 3, 0, 3, 0, 0
48303, 12, 6, 5, 1, 12, 0
48470, 0, 10, 0, 10, 0, 0
48542, 0, 4, 0, 4, 0, 0
48677, 0, 10, 1, 9, 0, 0
48811, 0, 4, 0, 4, 0, 0
48815, 16, 9, 5, 4, 12, 4
48836, 11, 10, 4, 6, 11, 0
50437, 0, 5, 0, 5, 0, 0
50438, 0, 3, 0, 3, 0, 0
50908, 1, 10, 0, 10, 1, 0
52342, 0, 5, 0, 5, 0, 0
52439, 5, 16, 15, 1, 5, 0
53317, 0, 4, 0, 4, 0, 0
55466, 7, 5, 2, 3, 5, 2
55883, 3, 1, 0, 1, 3, 0
55961, 0, 2, 0, 2, 0, 0
56223, 14, 9, 6, 3, 8, 6
56944, 0, 12, 0, 12, 0, 0
56945, 0, 13, 0, 13, 0, 0
56946, 0, 11, 0, 11, 0, 0
57054, 11, 15, 9, 6, 11, 0
58072, 1, 3, 1, 2, 1, 0
58856, 0, 11, 0, 11, 0, 0
59627, 2, 3, 2, 1, 2, 0
59735, 0, 2, 0, 2, 0, 0
60330, 0, 3, 0, 3, 0, 0
60333, 0, 3, 0, 3, 0, 0
61724, 0, 3, 0, 3, 0, 0
63611, 0, 3, 0, 3, 0, 0
65195, 1, 4, 3, 1, 1, 0
67270, 3, 2, 0, 2, 3, 0
67844, 0, 5, 0, 5, 0, 0
68571, 0, 3, 0, 3, 0, 0
70300, 2, 1, 0, 1, 2, 0
72351, 3, 14, 13, 1, 3, 0
72937, 1, 2, 1, 1, 1, 0
74600, 0, 2, 0, 2, 0, 0
75279, 0, 4, 0, 4, 0, 0
75280, 0, 2, 0, 2, 0, 0
75281, 0, 2, 0, 2, 0, 0
77128, 3, 4, 2, 2, 3, 0
77129, 3, 4, 2, 2, 3, 0
78583, 0, 5, 0, 5, 0, 0
79377, 36, 9, 7, 2, 36, 0
79849, 0, 1, 0, 1, 0, 0
79850, 0, 1, 0, 1, 0, 0
79851, 0, 5, 0, 5, 0, 0
79856, 0, 2, 0, 2, 0, 0
79858, 0, 1, 0, 1, 0, 0
79859, 0, 2, 0, 2, 0, 0
79860, 0, 1, 0, 1, 0, 0
79861, 0, 1, 0, 1, 0, 0
79862, 0, 2, 0, 2, 0, 0
79863, 0, 1, 0, 1, 0, 0
79864, 0, 1, 0, 1, 0, 0
79865, 0, 1, 0, 1, 0, 0
79866, 0, 1, 0, 1, 0, 0
79867, 0, 1, 0, 1, 0, 0
79868, 0, 1, 0, 1, 0, 0
79869, 0, 1, 0, 1, 0, 0
79870, 0, 1, 0, 1, 0, 0
79871, 0, 1, 0, 1, 0, 0
79872, 0, 1, 0, 1, 0, 0
79873, 0, 1, 0, 1, 0, 0
79874, 0, 1, 0, 1, 0, 0
79875, 0, 1, 0, 1, 0, 0
79876, 0, 1, 0, 1, 0, 0
79877, 0, 1, 0, 1, 0, 0
79878, 0, 1, 0, 1, 0, 0
79879, 0, 1, 0, 1, 0, 0
79880, 0, 1, 0, 1, 0, 0
79881, 0, 1, 0, 1, 0, 0
79882, 0, 1, 0, 1, 0, 0
79883, 0, 1, 0, 1, 0, 0
79884, 0, 1, 0, 1, 0, 0
79885, 0, 1, 0, 1, 0, 0
79886, 0, 1, 0, 1, 0, 0
79888, 0, 1, 0, 1, 0, 0
79889, 0, 1, 0, 1, 0, 0
79890, 0, 1, 0, 1, 0, 0
79891, 0, 1, 0, 1, 0, 0
79892, 0, 1, 0, 1, 0, 0
79893, 0, 1, 0, 1, 0, 0
79894, 0, 1, 0, 1, 0, 0
79895, 0, 1, 0, 1, 0, 0
79896, 0, 1, 0, 1, 0, 0
79897, 0, 1, 0, 1, 0, 0
79898, 0, 1, 0, 1, 0, 0
79899, 0, 1, 0, 1, 0, 0
79900, 0, 1, 0, 1, 0, 0
79901, 0, 1, 0, 1, 0, 0
79902, 0, 3, 0, 3, 0, 0
79903, 0, 3, 0, 3, 0, 0
79904, 0, 1, 0, 1, 0, 0
79905, 0, 2, 0, 2, 0, 0
79906, 0, 2, 0, 2, 0, 0
79907, 0, 2, 0, 2, 0, 0
79908, 0, 2, 0, 2, 0, 0
79909, 0, 1, 0, 1, 0, 0
79910, 0, 1, 0, 1, 0, 0
79911, 0, 1, 0, 1, 0, 0
79912, 0, 2, 0, 2, 0, 0
79913, 0, 1, 0, 1, 0, 0
79914, 0, 1, 0, 1, 0, 0
79915, 0, 1, 0, 1, 0, 0
79916, 0, 1, 0, 1, 0, 0
84554, 0, 4, 2, 2, 0, 0
85804, 0, 5, 4, 1, 0, 0
92158, 1, 3, 1, 2, 1, 0
92184, 10, 4, 1, 3, 7, 3
93883, 0, 1, 0, 1, 0, 0
94318, 5, 7, 5, 2, 5, 0
95007, 1, 4, 1, 3, 1, 0
95121, 0, 2, 0, 2, 0, 0
95585, 19, 9, 6, 3, 19, 0
97089, 0, 1, 0, 1, 0, 0
97217, 2, 3, 1, 2, 2, 0
97779, 3, 4, 1, 3, 3, 0
97824, 2, 6, 0, 6, 2, 0
97967, 0, 18, 0, 18, 0, 0
98158, 1, 1, 0, 1, 1, 0
99015, 2, 5, 3, 2, 2, 0
99047, 1, 5, 0, 5, 1, 0
99549, 12, 2, 1, 1, 12, 0
100384, 1, 5, 1, 4, 1, 0
101255, 1, 1, 0, 1, 1, 0
101649, 0, 6, 0, 6, 0, 0
101732, 0, 5, 0, 5, 0, 0
101902, 0, 10, 0, 10, 0, 0
102022, 0, 6, 0, 6, 0, 0
102023, 0, 7, 0, 7, 0, 0
102024, 0, 5, 0, 5, 0, 0
102025, 0, 6, 0, 6, 0, 0
102279, 0, 1, 0, 1, 0, 0
103398, 1, 4, 1, 3, 1, 0
103600, 1, 4, 0, 4, 1, 0
104029, 1, 5, 1, 4, 1, 0
105589, 2, 3, 1, 2, 2, 0
106244, 2, 4, 1, 3, 2, 0
106356, 4, 4, 3, 1, 4, 0
106362, 11, 4, 1, 3, 11, 0
106742, 1, 5, 1, 4, 1, 0
107918, 1, 8, 0, 8, 1, 0
107948, 13, 5, 3, 2, 13, 0
108253, 10, 7, 1, 6, 10, 0
109286, 1, 3, 1, 2, 1, 0
109303, 0, 9, 3, 6, 0, 0
109422, 0, 9, 1, 8, 0, 0
109450, 2, 7, 0, 7, 0, 2
109501, 0, 24, 3, 21, 0, 0
109616, 0, 3, 1, 2, 0, 0
109664, 0, 3, 0, 3, 0, 0
110148, 8, 5, 4, 1, 8, 0
110482, 0, 2, 1, 1, 0, 0
110502, 0, 6, 0, 6, 0, 0
111243, 0, 2, 1, 1, 0, 0
111244, 0, 2, 1, 1, 0, 0
111245, 0, 2, 1, 1, 0, 0
111246, 0, 3, 2, 1, 0, 0
111361, 0, 7, 0, 7, 0, 0
111523, 2, 1, 0, 1, 1, 1
111998, 4, 1, 0, 1, 4, 0
112054, 0, 4, 0, 4, 0, 0
112110, 2, 1, 0, 1, 2, 0
112204, 4, 5, 4, 1, 4, 0
112209, 0, 1, 0, 1, 0, 0
112573, 0, 3, 0, 3, 0, 0
112724, 5, 2, 0, 2, 5, 0
113048, 2, 15, 10, 5, 2, 0
113631, 2, 1, 0, 1, 2, 0
114673, 1, 12, 0, 12, 1, 0
114720, 0, 5, 0, 5, 0, 0
114723, 12, 7, 3, 4, 12, 0
115045, 0, 4, 1, 3, 0, 0
115127, 0, 12, 0, 12, 0, 0
115274, 0, 1, 0, 1, 0, 0
115453, 1, 3, 0, 3, 0, 1
115644, 0, 4, 0, 4, 0, 0
115732, 1, 4, 0, 4, 0, 1
115734, 10, 2, 0, 2, 10, 0
115805, 1, 3, 2, 1, 1, 0
115930, 4, 5, 1, 4, 4, 0
116154, 0, 4, 0, 4, 0, 0
116297, 0, 15, 0, 15, 0, 0
116356, 0, 3, 1, 2, 0, 0
116434, 1, 4, 0, 4, 1, 0
116539, 0, 5, 1, 4, 0, 0
116646, 0, 1, 0, 1, 0, 0
116703, 0, 1, 0, 1, 0, 0
116726, 1, 7, 0, 7, 1, 0
116888, 1, 2, 0, 2, 1, 0
117006, 3, 15, 6, 9, 3, 0
117197, 1, 9, 1, 8, 1, 0
117353, 0, 9, 0, 9, 0, 0
117563, 0, 1, 0, 1, 0, 0
117874, 0, 1, 0, 1, 0, 0
118099, 3, 5, 2, 3, 3, 0
118246, 1, 2, 0, 2, 1, 0
118424, 0, 7, 0, 7, 0, 0
118861, 0, 1, 0, 1, 0, 0
118893, 0, 17, 0, 17, 0, 0
119118, 0, 15, 0, 15, 0, 0
119625, 6, 15, 2, 13, 2, 4
120281, 1, 2, 1, 1, 1, 0
120798, 2, 11, 0, 11, 2, 0
120860, 1, 1, 0, 1, 1, 0
120945, 0, 1, 0, 1, 0, 0
121015, 0, 1, 0, 1, 0, 0
121317, 0, 1, 0, 1, 0, 0
121336, 0, 4, 0, 4, 0, 0
122300, 1, 3, 2, 1, 1, 0
122336, 1, 3, 0, 3, 0, 1
122466, 0, 5, 0, 5, 0, 0
123254, 0, 2, 0, 2, 0, 0
123267, 0, 7, 0, 7, 0, 0
123409, 2, 1, 0, 1, 2, 0
123988, 25, 5, 0, 5, 25, 0
124287, 0, 1, 0, 1, 0, 0
126598, 2, 5, 0, 5, 2, 0
126710, 0, 14, 0, 14, 0, 0
126810, 0, 7, 0, 7, 0, 0
127220, 0, 3, 1, 2, 0, 0
127711, 1, 2, 1, 1, 1, 0
127812, 0, 7, 0, 7, 0, 0
127937, 6, 3, 0, 3, 6, 0
128837, 2, 3, 0, 3, 2, 0
128997, 0, 5, 1, 4, 0, 0
129359, 10, 4, 2, 2, 5, 5
129397, 0, 1, 0, 1, 0, 0
129500, 1, 3, 0, 3, 1, 0
130276, 0, 2, 0, 2, 0, 0
130604, 0, 3, 0, 3, 0, 0
130703, 0, 5, 0, 5, 0, 0
131495, 0, 7, 0, 7, 0, 0
131510, 9, 16, 4, 12, 9, 0
131645, 0, 6, 0, 6, 0, 0
11956, 181, 104, 101, 3, 181, 0
13676, 22, 79, 79, 0, 21, 1
14824, 260, 68, 64, 4, 260, 0
24419, 791, 23, 20, 3, 791, 0
25171, 7, 14, 12, 2, 7, 0
26205, 2, 3, 2, 1, 2, 0
27490, 12, 4, 2, 2, 12, 0
28327, 89, 32, 32, 0, 80, 9
35118, 24, 10, 3, 7, 24, 0
40750, 19, 32, 31, 1, 18, 1
40876, 18, 6, 6, 0, 18, 0
46737, 182, 34, 29, 5, 182, 0
116589, 54, 17, 12, 5, 54, 0
120892, 6, 5, 3, 2, 6, 0
121938, 5, 3, 2, 1, 5, 0
122452, 1, 2, 1, 1, 1, 0
125800, 1, 2, 1, 1, 1, 0
129860, 38, 25, 25, 0, 25, 13
20222, 16, 9, 9, 0, 15, 1
35890, 0, 9, 1, 8, 0, 0
37903, 7, 7, 4, 3, 2, 5
92934, 0, 1, 0, 1, 0, 0
10980, 1, 3, 0, 3, 1, 0
11989, 2, 12, 1, 11, 2, 0
16246, 0, 8, 0, 8, 0, 0
17484, 0, 6, 0, 6, 0, 0
18650, 0, 7, 0, 7, 0, 0
19249, 0, 4, 0, 4, 0, 0
20328, 0, 4, 0, 4, 0, 0
20366, 0, 8, 0, 8, 0, 0
20421, 0, 4, 0, 4, 0, 0
20425, 0, 5, 0, 5, 0, 0
20428, 0, 4, 0, 4, 0, 0
20432, 0, 5, 0, 5, 0, 0
20715, 0, 13, 0, 13, 0, 0
20964, 0, 7, 0, 7, 0, 0
23458, 15, 39, 1, 38, 15, 0
24279, 0, 5, 0, 5, 0, 0
30259, 0, 10, 0, 10, 0, 0
30917, 0, 5, 0, 5, 0, 0
32079, 1, 5, 0, 5, 1, 0
34017, 0, 3, 0, 3, 0, 0
34018, 0, 2, 0, 2, 0, 0
35774, 0, 8, 0, 8, 0, 0
36729, 0, 8, 0, 8, 0, 0
37555, 0, 5, 0, 5, 0, 0
38018, 1, 2, 0, 2, 1, 0
38358, 10, 8, 6, 2, 4, 6
38377, 0, 13, 0, 13, 0, 0
38808, 10, 6, 4, 2, 3, 7
40130, 0, 4, 0, 4, 0, 0
40850, 1, 5, 0, 5, 1, 0
40983, 0, 3, 0, 3, 0, 0
42487, 0, 6, 0, 6, 0, 0
42490, 0, 2, 0, 2, 0, 0
42491, 0, 7, 0, 7, 0, 0
42492, 0, 3, 0, 3, 0, 0
42493, 0, 4, 0, 4, 0, 0
42494, 0, 4, 0, 4, 0, 0
42495, 0, 1, 0, 1, 0, 0
42496, 0, 1, 0, 1, 0, 0
42497, 0, 1, 0, 1, 0, 0
42500, 0, 2, 0, 2, 0, 0
42501, 0, 5, 0, 5, 0, 0
42504, 0, 1, 0, 1, 0, 0
42505, 0, 1, 0, 1, 0, 0
42506, 0, 2, 0, 2, 0, 0
42507, 0, 1, 0, 1, 0, 0
42508, 0, 1, 0, 1, 0, 0
42509, 0, 1, 0, 1, 0, 0
42510, 0, 1, 0, 1, 0, 0
42511, 0, 1, 0, 1, 0, 0
42512, 0, 1, 0, 1, 0, 0
42513, 0, 1, 0, 1, 0, 0
42515, 0, 1, 0, 1, 0, 0
42516, 0, 8, 0, 8, 0, 0
42517, 0, 5, 0, 5, 0, 0
1122, 1, 0, 0, 0, 1, 0
1125, 0, 1, 1, 0, 0, 0
6308, 19, 32, 30, 2, 17, 2
6924, 0, 5, 0, 5, 0, 0
14151, 0, 8, 0, 8, 0, 0
16562, 0, 5, 0, 5, 0, 0
17916, 0, 5, 0, 5, 0, 0
18060, 1, 2, 0, 2, 1, 0
20450, 0, 4, 1, 3, 0, 0
20455, 13, 29, 29, 0, 12, 1
20668, 0, 6, 0, 6, 0, 0
22746, 2, 8, 1, 7, 2, 0
23223, 0, 11, 0, 11, 0, 0
28214, 0, 3, 0, 3, 0, 0
28240, 0, 4, 0, 4, 0, 0
30257, 0, 10, 0, 10, 0, 0
32134, 0, 9, 0, 9, 0, 0
32756, 0, 6, 1, 5, 0, 0
35502, 0, 5, 0, 5, 0, 0
36119, 0, 4, 0, 4, 0, 0
36314, 3, 2, 2, 0, 3, 0
38382, 0, 3, 0, 3, 0, 0
40611, 0, 3, 0, 3, 0, 0
41000, 0, 2, 0, 2, 0, 0
41019, 0, 2, 0, 2, 0, 0
42816, 0, 4, 0, 4, 0, 0
43374, 31, 26, 25, 1, 31, 0
48817, 0, 2, 0, 2, 0, 0
48827, 0, 3, 0, 3, 0, 0
50355, 6, 22, 22, 0, 6, 0
54867, 1, 23, 23, 0, 1, 0
55119, 21, 25, 25, 0, 21, 0
57783, 3, 18, 5, 13, 3, 0
62851, 2, 10, 10, 0, 2, 0
71419, 6, 10, 10, 0, 6, 0
72591, 4, 9, 9, 0, 3, 1
72763, 13, 8, 6, 2, 13, 0
73521, 1, 5, 5, 0, 1, 0
77684, 0, 4, 0, 4, 0, 0
79712, 0, 2, 0, 2, 0, 0
80394, 0, 2, 0, 2, 0, 0
80790, 0, 7, 0, 7, 0, 0
81669, 0, 3, 0, 3, 0, 0
81762, 0, 3, 0, 3, 0, 0
83280, 0, 2, 0, 2, 0, 0
92346, 0, 2, 0, 2, 0, 0
92720, 0, 2, 0, 2, 0, 0
92769, 0, 1, 0, 1, 0, 0
92770, 0, 1, 0, 1, 0, 0
92771, 0, 1, 0, 1, 0, 0
92772, 0, 1, 0, 1, 0, 0
92773, 0, 1, 0, 1, 0, 0
92774, 0, 1, 0, 1, 0, 0
92775, 0, 1, 0, 1, 0, 0
99151, 1, 2, 0, 2, 1, 0
101418, 0, 2, 1, 1, 0, 0
101484, 2, 3, 2, 1, 2, 0
103199, 1, 2, 2, 0, 1, 0
104898, 2, 4, 0, 4, 2, 0
106885, 1, 5, 3, 2, 1, 0
107247, 1, 5, 4, 1, 1, 0
1128, 1, 0, 0, 0, 1, 0
1129, 23, 7, 7, 0, 23, 0
12014, 15, 8, 3, 5, 7, 8
12562, 21, 41, 40, 1, 21, 0
30232, 6, 5, 4, 1, 5, 1
33082, 0, 4, 3, 1, 0, 0
60754, 1, 2, 2, 0, 1, 0
91876, 0, 1, 1, 0, 0, 0
91877, 0, 1, 1, 0, 0, 0
91878, 0, 1, 1, 0, 0, 0
91879, 0, 1, 1, 0, 0, 0
1130, 2, 0, 0, 0, 2, 0
24491, 9, 16, 16, 0, 9, 0
67523, 4, 2, 2, 0, 4, 0
1132, 1, 0, 0, 0, 1, 0
7645, 0, 2, 0, 2, 0, 0
37375, 0, 1, 0, 1, 0, 0
94260, 0, 2, 1, 1, 0, 0
98019, 3, 7, 1, 6, 1, 2
119180, 3, 9, 4, 5, 3, 0
123873, 0, 4, 0, 4, 0, 0
125283, 0, 1, 0, 1, 0, 0
129419, 0, 3, 0, 3, 0, 0
1134, 1, 0, 0, 0, 1, 0
1135, 1, 0, 0, 0, 1, 0
1136, 7, 5, 3, 2, 3, 4
54114, 1, 2, 2, 0, 1, 0
54115, 0, 1, 0, 1, 0, 0
54116, 0, 1, 0, 1, 0, 0
54117, 0, 1, 0, 1, 0, 0
1137, 1, 0, 0, 0, 1, 0
1138, 0, 1, 1, 0, 0, 0
1139, 1, 0, 0, 0, 1, 0
12192, 34, 26, 25, 1, 21, 13
14526, 5, 5, 3, 2, 4, 1
31408, 1, 7, 1, 6, 0, 1
36998, 0, 6, 0, 6, 0, 0
39183, 16, 6, 6, 0, 16, 0
55285, 1, 4, 0, 4, 1, 0
55957, 0, 13, 0, 13, 0, 0
64315, 0, 2, 0, 2, 0, 0
65926, 0, 3, 0, 3, 0, 0
73142, 0, 3, 0, 3, 0, 0
78382, 0, 3, 0, 3, 0, 0
91349, 0, 2, 0, 2, 0, 0
91350, 0, 1, 0, 1, 0, 0
91351, 0, 1, 0, 1, 0, 0
1141, 2, 0, 0, 0, 2, 0
6903, 0, 2, 0, 2, 0, 0
31736, 0, 8, 0, 8, 0, 0
31737, 0, 8, 0, 8, 0, 0
37917, 0, 6, 0, 6, 0, 0
120911, 0, 1, 1, 0, 0, 0
1144, 1, 4, 4, 0, 1, 0
98568, 1, 1, 1, 0, 1, 0
62431, 1, 2, 2, 0, 1, 0
1145, 1, 0, 0, 0, 0, 1
86959, 0, 1, 1, 0, 0, 0
1147, 1, 0, 0, 0, 1, 0
1148, 4, 14, 11, 3, 4, 0
3837, 11, 14, 10, 4, 8, 3
9067, 20, 16, 13, 3, 14, 6
10455, 47, 120, 108, 12, 37, 10
10949, 6, 22, 14, 8, 6, 0
12196, 0, 8, 1, 7, 0, 0
14104, 0, 4, 1, 3, 0, 0
15184, 0, 7, 0, 7, 0, 0
15215, 53, 22, 19, 3, 48, 5
17904, 0, 7, 0, 7, 0, 0
19745, 24, 10, 9, 1, 24, 0
20157, 4, 7, 3, 4, 4, 0
20231, 40, 50, 41, 9, 40, 0
20313, 0, 21, 0, 21, 0, 0
24076, 0, 3, 1, 2, 0, 0
24095, 5, 6, 5, 1, 5, 0
25628, 2, 1, 0, 1, 1, 1
28154, 7, 7, 3, 4, 7, 0
28485, 3, 20, 0, 20, 3, 0
28849, 1, 2, 0, 2, 0, 1
30270, 4, 2, 0, 2, 2, 2
30686, 14, 12, 12, 0, 14, 0
34090, 4, 3, 2, 1, 4, 0
34437, 5, 4, 2, 2, 3, 2
36423, 0, 6, 0, 6, 0, 0
36715, 60, 41, 40, 1, 60, 0
37229, 6, 10, 3, 7, 4, 2
37962, 0, 4, 2, 2, 0, 0
38875, 6, 7, 6, 1, 6, 0
39029, 0, 14, 0, 14, 0, 0
40094, 0, 3, 1, 2, 0, 0
41970, 0, 3, 1, 2, 0, 0
44309, 6, 5, 2, 3, 5, 1
45868, 0, 2, 1, 1, 0, 0
45941, 69, 24, 23, 1, 69, 0
46158, 4, 5, 3, 2, 3, 1
49308, 0, 3, 0, 3, 0, 0
49373, 0, 5, 0, 5, 0, 0
49594, 5, 4, 1, 3, 3, 2
51913, 1, 4, 1, 3, 1, 0
54261, 0, 3, 1, 2, 0, 0
54361, 3, 4, 2, 2, 1, 2
55703, 1, 3, 2, 1, 1, 0
56584, 12, 12, 12, 0, 12, 0
57330, 0, 2, 0, 2, 0, 0
58647, 5, 6, 1, 5, 0, 5
58678, 4, 5, 4, 1, 4, 0
60132, 5, 19, 0, 19, 5, 0
61035, 2, 2, 1, 1, 2, 0
67288, 0, 2, 0, 2, 0, 0
70400, 4, 4, 3, 1, 4, 0
70970, 5, 6, 5, 1, 5, 0
92395, 0, 1, 0, 1, 0, 0
92396, 0, 1, 0, 1, 0, 0
92397, 0, 1, 0, 1, 0, 0
92398, 0, 2, 0, 2, 0, 0
92399, 0, 1, 0, 1, 0, 0
92400, 0, 1, 0, 1, 0, 0
105907, 0, 2, 0, 2, 0, 0
106738, 0, 10, 2, 8, 0, 0
106895, 3, 2, 0, 2, 2, 1
106997, 1, 3, 1, 2, 1, 0
107598, 0, 3, 1, 2, 0, 0
107619, 2, 8, 2, 6, 2, 0
108811, 0, 1, 0, 1, 0, 0
111806, 1, 1, 0, 1, 1, 0
119117, 0, 3, 0, 3, 0, 0
119256, 0, 1, 0, 1, 0, 0
119754, 2, 1, 0, 1, 2, 0
120004, 3, 9, 3, 6, 3, 0
126494, 1, 3, 2, 1, 1, 0
126495, 1, 2, 1, 1, 1, 0
126696, 0, 3, 1, 2, 0, 0
127482, 0, 1, 0, 1, 0, 0
3299, 10, 69, 66, 3, 6, 4
13726, 16, 16, 7, 9, 14, 2
13864, 29, 39, 37, 2, 24, 5
20961, 29, 28, 26, 2, 27, 2
23088, 22, 14, 12, 2, 13, 9
24235, 26, 7, 7, 0, 26, 0
25225, 1, 33, 3, 30, 1, 0
27648, 0, 8, 1, 7, 0, 0
27649, 0, 4, 0, 4, 0, 0
27650, 0, 7, 0, 7, 0, 0
27651, 0, 4, 0, 4, 0, 0
27652, 0, 4, 0, 4, 0, 0
30956, 1, 7, 0, 7, 0, 1
34074, 2, 2, 2, 0, 2, 0
34726, 11, 29, 27, 2, 11, 0
36864, 5, 4, 2, 2, 5, 0
38381, 0, 4, 0, 4, 0, 0
38488, 5, 13, 13, 0, 5, 0
42586, 0, 5, 0, 5, 0, 0
47526, 1, 3, 3, 0, 1, 0
67683, 0, 3, 0, 3, 0, 0
73992, 1, 3, 3, 0, 1, 0
74891, 8, 1, 1, 0, 8, 0
74893, 0, 1, 0, 1, 0, 0
92101, 0, 2, 0, 2, 0, 0
94301, 0, 4, 0, 4, 0, 0
2336, 4, 8, 8, 0, 4, 0
3832, 4, 4, 4, 0, 4, 0
6187, 32, 17, 9, 8, 11, 21
8802, 4, 6, 5, 1, 4, 0
12191, 0, 3, 0, 3, 0, 0
12309, 2, 13, 10, 3, 2, 0
12310, 24, 19, 17, 2, 24, 0
15744, 2, 14, 5, 9, 2, 0
16324, 6, 29, 16, 13, 6, 0
17199, 3, 1, 0, 1, 3, 0
22176, 0, 7, 0, 7, 0, 0
24190, 0, 10, 0, 10, 0, 0
25075, 40, 30, 27, 3, 30, 10
25155, 5, 4, 4, 0, 5, 0
25368, 0, 14, 0, 14, 0, 0
26207, 2, 1, 0, 1, 0, 2
27180, 11, 25, 10, 15, 11, 0
27217, 0, 5, 0, 5, 0, 0
28252, 0, 5, 0, 5, 0, 0
28956, 0, 3, 3, 0, 0, 0
29038, 13, 8, 7, 1, 13, 0
32845, 45, 77, 76, 1, 15, 30
35609, 6, 1, 1, 0, 6, 0
36071, 0, 3, 0, 3, 0, 0
36181, 0, 6, 0, 6, 0, 0
38819, 0, 2, 0, 2, 0, 0
44296, 4, 1, 1, 0, 3, 1
44635, 0, 1, 0, 1, 0, 0
44636, 28, 16, 16, 0, 28, 0
44637, 2, 3, 2, 1, 2, 0
44638, 0, 1, 0, 1, 0, 0
44639, 0, 1, 0, 1, 0, 0
44640, 0, 4, 3, 1, 0, 0
44641, 0, 3, 0, 3, 0, 0
44642, 0, 1, 0, 1, 0, 0
44643, 0, 3, 0, 3, 0, 0
44644, 7, 2, 2, 0, 6, 1
44645, 9, 10, 6, 4, 8, 1
44646, 1, 2, 1, 1, 1, 0
44648, 0, 2, 0, 2, 0, 0
44649, 0, 1, 0, 1, 0, 0
44651, 0, 3, 2, 1, 0, 0
44652, 0, 1, 0, 1, 0, 0
44653, 0, 2, 0, 2, 0, 0
44654, 0, 1, 0, 1, 0, 0
51144, 2, 2, 0, 2, 2, 0
98962, 0, 1, 0, 1, 0, 0
5499, 20, 19, 18, 1, 18, 2
17419, 0, 3, 0, 3, 0, 0
22569, 0, 4, 0, 4, 0, 0
22570, 0, 3, 0, 3, 0, 0
22572, 0, 5, 0, 5, 0, 0
23631, 0, 3, 0, 3, 0, 0
35322, 1, 6, 4, 2, 0, 1
35323, 0, 2, 0, 2, 0, 0
35325, 0, 2, 0, 2, 0, 0
35326, 0, 1, 0, 1, 0, 0
35327, 0, 2, 0, 2, 0, 0
15722, 1, 1, 1, 0, 1, 0
20485, 3, 2, 1, 1, 3, 0
25840, 5, 2, 2, 0, 5, 0
25841, 5, 4, 3, 1, 5, 0
34343, 9, 14, 13, 1, 8, 1
35296, 0, 1, 1, 0, 0, 0
35297, 0, 1, 0, 1, 0, 0
96757, 1, 1, 1, 0, 1, 0
103210, 0, 1, 1, 0, 0, 0
8173, 0, 2, 2, 0, 0, 0
24481, 141, 97, 97, 0, 141, 0
62139, 2, 6, 6, 0, 2, 0
64458, 22, 22, 22, 0, 22, 0
12783, 34, 45, 38, 7, 24, 10
19475, 25, 13, 13, 0, 24, 1
23406, 2, 11, 7, 4, 2, 0
26137, 3, 3, 3, 0, 3, 0
32381, 20, 12, 8, 4, 12, 8
33703, 1, 1, 1, 0, 1, 0
33751, 14, 16, 15, 1, 14, 0
33752, 0, 2, 2, 0, 0, 0
33753, 0, 3, 0, 3, 0, 0
1158, 1, 3, 1, 2, 1, 0
1159, 1, 1, 1, 0, 1, 0
1160, 1, 0, 0, 0, 1, 0
1312, 2, 7, 3, 4, 2, 0
1525, 2, 3, 2, 1, 2, 0
6314, 0, 6, 6, 0, 0, 0
8389, 0, 2, 1, 1, 0, 0
8390, 1, 8, 6, 2, 1, 0
8391, 0, 1, 1, 0, 0, 0
8392, 0, 3, 3, 0, 0, 0
8394, 0, 2, 2, 0, 0, 0
8396, 0, 1, 1, 0, 0, 0
8397, 0, 1, 1, 0, 0, 0
8398, 3, 3, 3, 0, 3, 0
8399, 0, 1, 1, 0, 0, 0
8400, 16, 11, 11, 0, 16, 0
8401, 6, 3, 3, 0, 6, 0
94385, 0, 1, 1, 0, 0, 0
98919, 4, 9, 3, 6, 2, 2
103862, 1, 1, 1, 0, 1, 0
103984, 0, 1, 1, 0, 0, 0
106124, 0, 1, 1, 0, 0, 0
1162, 1, 0, 0, 0, 0, 1
1163, 0, 2, 1, 1, 0, 0
9211, 23, 6, 6, 0, 22, 1
12197, 0, 7, 0, 7, 0, 0
13026, 0, 4, 0, 4, 0, 0
20338, 0, 4, 0, 4, 0, 0
24293, 1, 5, 3, 2, 1, 0
28276, 13, 16, 13, 3, 7, 6
29058, 64, 38, 38, 0, 59, 5
32923, 19, 85, 83, 2, 19, 0
35584, 110, 43, 39, 4, 104, 6
39778, 21, 15, 15, 0, 21, 0
42655, 3, 2, 2, 0, 3, 0
42656, 3, 4, 4, 0, 3, 0
48160, 0, 4, 0, 4, 0, 0
60457, 13, 19, 19, 0, 13, 0
64310, 0, 7, 0, 7, 0, 0
64670, 3, 1, 1, 0, 3, 0
64671, 32, 14, 14, 0, 32, 0
80813, 3, 2, 2, 0, 2, 1
2382, 1, 4, 4, 0, 1, 0
3695, 78, 110, 110, 0, 73, 5
6419, 17, 16, 15, 1, 17, 0
11624, 46, 36, 36, 0, 45, 1
11626, 8, 13, 10, 3, 8, 0
11627, 53, 84, 84, 0, 53, 0
11630, 0, 5, 4, 1, 0, 0
11631, 0, 2, 2, 0, 0, 0
11632, 0, 6, 6, 0, 0, 0
11633, 9, 7, 7, 0, 9, 0
11634, 0, 3, 3, 0, 0, 0
11647, 1, 3, 3, 0, 1, 0
11658, 13, 22, 22, 0, 13, 0
11660, 21, 8, 8, 0, 21, 0
12477, 27, 13, 13, 0, 27, 0
15284, 3, 1, 1, 0, 3, 0
16841, 2, 3, 3, 0, 2, 0
18494, 6, 7, 4, 3, 4, 2
19000, 12, 14, 14, 0, 12, 0
19448, 2, 1, 1, 0, 2, 0
19512, 1, 1, 1, 0, 1, 0
21244, 1, 2, 2, 0, 1, 0
23560, 2, 2, 2, 0, 2, 0
26161, 0, 2, 2, 0, 0, 0
27003, 0, 2, 2, 0, 0, 0
29463, 1, 1, 1, 0, 1, 0
29572, 3, 1, 1, 0, 3, 0
31774, 1, 1, 1, 0, 1, 0
32683, 3, 3, 3, 0, 3, 0
33768, 0, 7, 7, 0, 0, 0
33794, 32, 14, 14, 0, 32, 0
34421, 2, 2, 2, 0, 2, 0
37361, 2, 1, 1, 0, 2, 0
37362, 7, 3, 3, 0, 7, 0
39053, 0, 2, 2, 0, 0, 0
41327, 19, 8, 8, 0, 19, 0
41342, 8, 1, 1, 0, 7, 1
41612, 1, 1, 1, 0, 1, 0
41622, 1, 1, 1, 0, 1, 0
41867, 1, 5, 5, 0, 1, 0
41880, 5, 4, 4, 0, 5, 0
41899, 1, 2, 2, 0, 1, 0
41969, 0, 2, 2, 0, 0, 0
42012, 1, 1, 1, 0, 1, 0
42013, 1, 1, 1, 0, 1, 0
42029, 1, 2, 2, 0, 1, 0
42070, 1, 1, 1, 0, 0, 1
42287, 1, 1, 1, 0, 1, 0
42319, 2, 1, 1, 0, 2, 0
42363, 1, 1, 1, 0, 1, 0
44335, 19, 10, 10, 0, 18, 1
45327, 1, 1, 1, 0, 1, 0
46426, 12, 4, 3, 1, 12, 0
46805, 3, 1, 1, 0, 3, 0
48707, 1, 3, 3, 0, 1, 0
48920, 1, 1, 1, 0, 1, 0
52375, 9, 5, 5, 0, 9, 0
53435, 1, 1, 1, 0, 1, 0
60868, 1, 1, 1, 0, 1, 0
61529, 1, 1, 1, 0, 1, 0
61555, 4, 4, 4, 0, 4, 0
62348, 1, 1, 1, 0, 1, 0
64333, 3, 4, 4, 0, 3, 0
64334, 0, 3, 3, 0, 0, 0
64764, 4, 5, 5, 0, 4, 0
66327, 1, 1, 1, 0, 1, 0
66944, 5, 7, 7, 0, 5, 0
68324, 0, 3, 3, 0, 0, 0
68696, 1, 1, 1, 0, 1, 0
68728, 1, 1, 1, 0, 1, 0
68879, 0, 2, 2, 0, 0, 0
69092, 2, 2, 2, 0, 2, 0
69198, 1, 1, 1, 0, 1, 0
69371, 0, 1, 1, 0, 0, 0
69372, 0, 1, 1, 0, 0, 0
69373, 0, 1, 1, 0, 0, 0
69374, 0, 1, 1, 0, 0, 0
69375, 0, 1, 1, 0, 0, 0
69376, 0, 1, 1, 0, 0, 0
69377, 0, 1, 1, 0, 0, 0
69378, 0, 1, 1, 0, 0, 0
69379, 0, 1, 1, 0, 0, 0
69380, 0, 1, 1, 0, 0, 0
69381, 0, 1, 1, 0, 0, 0
69382, 0, 1, 1, 0, 0, 0
69383, 0, 1, 1, 0, 0, 0
69384, 0, 1, 1, 0, 0, 0
69385, 0, 1, 1, 0, 0, 0
69386, 0, 1, 1, 0, 0, 0
69387, 0, 1, 1, 0, 0, 0
69388, 0, 1, 1, 0, 0, 0
69389, 0, 1, 1, 0, 0, 0
69390, 0, 1, 1, 0, 0, 0
69391, 0, 1, 1, 0, 0, 0
69392, 0, 1, 1, 0, 0, 0
69393, 0, 1, 1, 0, 0, 0
69394, 0, 1, 1, 0, 0, 0
69395, 0, 1, 1, 0, 0, 0
69396, 0, 1, 1, 0, 0, 0
69397, 0, 1, 1, 0, 0, 0
69398, 0, 1, 1, 0, 0, 0
69399, 0, 1, 1, 0, 0, 0
69400, 0, 1, 1, 0, 0, 0
69401, 0, 1, 1, 0, 0, 0
69402, 0, 1, 1, 0, 0, 0
69403, 0, 1, 1, 0, 0, 0
69404, 0, 1, 1, 0, 0, 0
69405, 0, 1, 1, 0, 0, 0
69406, 0, 1, 1, 0, 0, 0
69407, 0, 1, 1, 0, 0, 0
69408, 0, 1, 1, 0, 0, 0
69409, 0, 1, 1, 0, 0, 0
69410, 0, 1, 1, 0, 0, 0
69411, 0, 1, 1, 0, 0, 0
69412, 0, 1, 1, 0, 0, 0
69413, 0, 1, 1, 0, 0, 0
69414, 0, 1, 1, 0, 0, 0
69415, 0, 1, 1, 0, 0, 0
69416, 0, 1, 1, 0, 0, 0
69417, 0, 1, 1, 0, 0, 0
69418, 0, 1, 1, 0, 0, 0
69419, 0, 1, 1, 0, 0, 0
69420, 0, 1, 1, 0, 0, 0
69421, 0, 1, 1, 0, 0, 0
69422, 0, 1, 1, 0, 0, 0
69423, 0, 1, 1, 0, 0, 0
69424, 0, 1, 1, 0, 0, 0
69425, 0, 1, 1, 0, 0, 0
69426, 0, 1, 1, 0, 0, 0
69427, 0, 1, 1, 0, 0, 0
69428, 0, 1, 1, 0, 0, 0
69429, 0, 1, 1, 0, 0, 0
69430, 0, 1, 1, 0, 0, 0
69431, 0, 1, 1, 0, 0, 0
69432, 0, 1, 1, 0, 0, 0
69433, 0, 1, 1, 0, 0, 0
69434, 0, 1, 1, 0, 0, 0
69435, 0, 1, 1, 0, 0, 0
69436, 0, 1, 1, 0, 0, 0
69437, 0, 1, 1, 0, 0, 0
69438, 0, 1, 1, 0, 0, 0
69439, 0, 1, 1, 0, 0, 0
69440, 0, 1, 1, 0, 0, 0
69441, 0, 1, 1, 0, 0, 0
69442, 0, 1, 1, 0, 0, 0
69443, 0, 1, 1, 0, 0, 0
69444, 0, 1, 1, 0, 0, 0
69445, 0, 1, 1, 0, 0, 0
69446, 0, 1, 1, 0, 0, 0
69447, 0, 1, 1, 0, 0, 0
69448, 0, 1, 1, 0, 0, 0
69449, 0, 1, 1, 0, 0, 0
69450, 0, 1, 1, 0, 0, 0
69451, 0, 1, 1, 0, 0, 0
69452, 0, 1, 1, 0, 0, 0
69453, 0, 1, 1, 0, 0, 0
69454, 0, 1, 1, 0, 0, 0
69455, 0, 1, 1, 0, 0, 0
69456, 0, 1, 1, 0, 0, 0
69457, 0, 1, 1, 0, 0, 0
69458, 0, 1, 1, 0, 0, 0
69459, 0, 1, 1, 0, 0, 0
69460, 0, 1, 1, 0, 0, 0
69461, 0, 1, 1, 0, 0, 0
69462, 0, 1, 1, 0, 0, 0
69463, 0, 1, 1, 0, 0, 0
69464, 0, 1, 1, 0, 0, 0
69465, 0, 1, 1, 0, 0, 0
69466, 0, 1, 1, 0, 0, 0
69467, 0, 1, 1, 0, 0, 0
69468, 0, 1, 1, 0, 0, 0
69469, 0, 1, 1, 0, 0, 0
69470, 0, 1, 1, 0, 0, 0
69471, 0, 1, 1, 0, 0, 0
69472, 0, 1, 1, 0, 0, 0
69473, 0, 1, 1, 0, 0, 0
69474, 0, 1, 1, 0, 0, 0
69475, 0, 1, 1, 0, 0, 0
69476, 0, 1, 1, 0, 0, 0
69477, 0, 1, 1, 0, 0, 0
69478, 0, 1, 1, 0, 0, 0
69479, 0, 1, 1, 0, 0, 0
69480, 0, 1, 1, 0, 0, 0
69481, 0, 1, 1, 0, 0, 0
69482, 0, 1, 1, 0, 0, 0
69483, 0, 1, 1, 0, 0, 0
69484, 0, 1, 1, 0, 0, 0
69485, 0, 1, 1, 0, 0, 0
69486, 0, 1, 1, 0, 0, 0
69487, 0, 1, 1, 0, 0, 0
69488, 0, 1, 1, 0, 0, 0
69489, 0, 1, 1, 0, 0, 0
69490, 0, 1, 1, 0, 0, 0
69491, 1, 1, 1, 0, 0, 1
69492, 0, 1, 1, 0, 0, 0
69493, 0, 1, 1, 0, 0, 0
69494, 0, 1, 1, 0, 0, 0
69496, 0, 1, 1, 0, 0, 0
69497, 0, 1, 1, 0, 0, 0
69498, 0, 1, 1, 0, 0, 0
69499, 0, 1, 1, 0, 0, 0
69500, 0, 1, 1, 0, 0, 0
69501, 0, 1, 1, 0, 0, 0
69502, 0, 1, 1, 0, 0, 0
69503, 0, 1, 1, 0, 0, 0
69504, 0, 1, 1, 0, 0, 0
69505, 0, 1, 1, 0, 0, 0
69506, 0, 1, 1, 0, 0, 0
69507, 0, 1, 1, 0, 0, 0
69508, 0, 1, 1, 0, 0, 0
69509, 0, 1, 1, 0, 0, 0
69510, 0, 1, 1, 0, 0, 0
69511, 0, 1, 1, 0, 0, 0
69512, 0, 1, 1, 0, 0, 0
69513, 0, 1, 1, 0, 0, 0
69514, 0, 1, 1, 0, 0, 0
69515, 0, 1, 1, 0, 0, 0
69516, 0, 1, 1, 0, 0, 0
69517, 0, 1, 1, 0, 0, 0
69518, 0, 1, 1, 0, 0, 0
69519, 0, 1, 1, 0, 0, 0
69520, 0, 1, 1, 0, 0, 0
69521, 0, 1, 1, 0, 0, 0
69522, 0, 1, 1, 0, 0, 0
69523, 0, 1, 1, 0, 0, 0
69524, 0, 1, 1, 0, 0, 0
69525, 0, 1, 1, 0, 0, 0
69526, 0, 1, 1, 0, 0, 0
69527, 2, 1, 1, 0, 2, 0
69528, 0, 1, 1, 0, 0, 0
69529, 0, 1, 1, 0, 0, 0
69530, 0, 1, 1, 0, 0, 0
69531, 0, 1, 1, 0, 0, 0
69532, 0, 1, 1, 0, 0, 0
69533, 0, 1, 1, 0, 0, 0
69534, 0, 1, 1, 0, 0, 0
120599, 0, 1, 1, 0, 0, 0
1167, 1, 0, 0, 0, 0, 1
8026, 0, 2, 1, 1, 0, 0
24045, 23, 28, 25, 3, 17, 6
34848, 17, 4, 3, 1, 16, 1
36206, 6, 14, 14, 0, 6, 0
37915, 0, 4, 4, 0, 0, 0
39676, 18, 15, 12, 3, 18, 0
50456, 7, 13, 10, 3, 6, 1
1169, 1, 0, 0, 0, 1, 0
1170, 1, 0, 0, 0, 0, 1
1171, 1, 1, 0, 1, 1, 0
84593, 0, 1, 1, 0, 0, 0
1172, 1, 0, 0, 0, 1, 0
1173, 0, 2, 2, 0, 0, 0
1174, 2, 0, 0, 0, 2, 0
45963, 6, 3, 3, 0, 4, 2
104246, 1, 8, 8, 0, 1, 0
1176, 5, 0, 0, 0, 5, 0
1177, 0, 1, 1, 0, 0, 0
1178, 22, 3, 1, 2, 20, 2
1179, 0, 3, 3, 0, 0, 0
1181, 62, 28, 27, 1, 51, 11
9185, 31, 47, 46, 1, 17, 14
25571, 2, 3, 3, 0, 2, 0
26154, 8, 4, 4, 0, 2, 6
7224, 0, 3, 1, 2, 0, 0
12602, 7, 8, 8, 0, 5, 2
15236, 145, 89, 84, 5, 144, 1
18068, 46, 28, 27, 1, 26, 20
21901, 25, 24, 23, 1, 22, 3
23501, 0, 3, 2, 1, 0, 0
28490, 13, 15, 15, 0, 13, 0
43852, 31, 13, 13, 0, 29, 2
45609, 14, 10, 8, 2, 13, 1
51912, 0, 5, 0, 5, 0, 0
67949, 0, 2, 1, 1, 0, 0
76973, 1, 4, 3, 1, 1, 0
76974, 0, 1, 0, 1, 0, 0
1182, 1, 0, 0, 0, 1, 0
1183, 1, 4, 4, 0, 1, 0
1184, 1, 0, 0, 0, 1, 0
1185, 1, 0, 0, 0, 1, 0
1186, 0, 1, 1, 0, 0, 0
1187, 1, 0, 0, 0, 0, 1
1188, 5, 6, 4, 2, 5, 0
12084, 16, 13, 13, 0, 11, 5
1189, 1, 2, 0, 2, 1, 0
1191, 1, 0, 0, 0, 1, 0
1192, 1, 1, 1, 0, 1, 0
1193, 2, 0, 0, 0, 2, 0
1194, 1, 0, 0, 0, 1, 0
1195, 4, 8, 7, 1, 4, 0
14840, 1, 3, 3, 0, 1, 0
1196, 1, 0, 0, 0, 1, 0
2943, 16, 15, 13, 2, 11, 5
9225, 31, 9, 7, 2, 25, 6
9415, 2, 6, 5, 1, 2, 0
10667, 19, 12, 8, 4, 18, 1
22255, 0, 17, 0, 17, 0, 0
33111, 0, 12, 2, 10, 0, 0
34123, 22, 7, 6, 1, 16, 6
34312, 29, 9, 4, 5, 27, 2
34405, 3, 3, 2, 1, 3, 0
34699, 11, 4, 2, 2, 8, 3
35496, 0, 4, 0, 4, 0, 0
35656, 5, 11, 1, 10, 3, 2
35860, 1, 3, 1, 2, 1, 0
37759, 0, 3, 0, 3, 0, 0
37971, 2, 7, 4, 3, 2, 0
38158, 9, 3, 1, 2, 9, 0
50436, 0, 4, 0, 4, 0, 0
80133, 0, 3, 0, 3, 0, 0
80134, 0, 1, 0, 1, 0, 0
80135, 0, 2, 0, 2, 0, 0
80136, 0, 1, 0, 1, 0, 0
1198, 1, 0, 0, 0, 1, 0
1199, 1, 1, 1, 0, 1, 0
94521, 2, 2, 2, 0, 1, 1
108957, 1, 2, 2, 0, 1, 0
1201, 1, 0, 0, 0, 1, 0
16809, 24, 10, 10, 0, 24, 0
1203, 1, 0, 0, 0, 0, 1
1204, 4, 6, 5, 1, 4, 0
1205, 1, 0, 0, 0, 1, 0
1206, 0, 1, 1, 0, 0, 0
1207, 1, 0, 0, 0, 1, 0
1208, 1, 0, 0, 0, 1, 0
1209, 0, 2, 2, 0, 0, 0
1210, 1, 0, 0, 0, 1, 0
54669, 11, 1, 0, 1, 6, 5
1212, 1, 0, 0, 0, 1, 0
1815, 30, 9, 5, 4, 30, 0
2883, 119, 55, 53, 2, 119, 0
2906, 18, 51, 50, 1, 13, 5
4295, 43, 9, 9, 0, 43, 0
5572, 1, 3, 3, 0, 1, 0
7195, 54, 19, 19, 0, 30, 24
8018, 5, 6, 6, 0, 5, 0
10703, 85, 29, 29, 0, 85, 0
11232, 6, 10, 10, 0, 6, 0
11453, 8, 36, 32, 4, 7, 1
11564, 2, 2, 2, 0, 2, 0
16429, 54, 17, 13, 4, 48, 6
16590, 24, 24, 23, 1, 14, 10
18440, 17, 17, 15, 2, 17, 0
18741, 33, 12, 12, 0, 31, 2
19216, 5, 11, 5, 6, 5, 0
19348, 16, 17, 17, 0, 14, 2
19473, 9, 17, 6, 11, 9, 0
21118, 4, 15, 14, 1, 4, 0
23936, 8, 7, 3, 4, 8, 0
24922, 7, 7, 7, 0, 7, 0
26166, 54, 17, 16, 1, 54, 0
27314, 2, 2, 2, 0, 2, 0
28275, 33, 35, 34, 1, 30, 3
28372, 26, 4, 4, 0, 26, 0
29293, 69, 110, 110, 0, 69, 0
29550, 1, 2, 2, 0, 1, 0
31041, 1, 1, 1, 0, 1, 0
32688, 2, 1, 1, 0, 2, 0
32833, 3, 1, 1, 0, 2, 1
33068, 12, 2, 2, 0, 11, 1
33248, 10, 15, 14, 1, 7, 3
33533, 0, 2, 2, 0, 0, 0
34130, 5, 3, 3, 0, 5, 0
34897, 1, 5, 5, 0, 1, 0
34920, 3, 4, 4, 0, 3, 0
35095, 22, 5, 4, 1, 20, 2
35477, 1, 4, 1, 3, 1, 0
35707, 123, 38, 33, 5, 121, 2
39086, 11, 8, 7, 1, 9, 2
43254, 22, 6, 4, 2, 18, 4
43814, 186, 74, 71, 3, 185, 1
47262, 11, 17, 12, 5, 11, 0
47264, 4, 1, 1, 0, 1, 3
47266, 0, 1, 1, 0, 0, 0
47267, 1, 3, 3, 0, 1, 0
1214, 1, 0, 0, 0, 1, 0
13948, 2, 1, 1, 0, 2, 0
14803, 0, 3, 1, 2, 0, 0
21741, 0, 3, 0, 3, 0, 0
46401, 25, 23, 20, 3, 25, 0
46402, 0, 1, 0, 1, 0, 0
46403, 0, 5, 0, 5, 0, 0
1216, 1, 0, 0, 0, 0, 1
1217, 1, 1, 0, 1, 0, 1
8445, 2, 3, 3, 0, 2, 0
104439, 6, 5, 4, 1, 6, 0
116796, 0, 1, 1, 0, 0, 0
116797, 0, 1, 1, 0, 0, 0
119682, 5, 1, 1, 0, 5, 0
126211, 16, 3, 3, 0, 16, 0
126408, 0, 2, 1, 1, 0, 0
126500, 3, 3, 3, 0, 3, 0
126504, 0, 1, 1, 0, 0, 0
126505, 0, 1, 1, 0, 0, 0
126506, 0, 1, 1, 0, 0, 0
126507, 0, 1, 1, 0, 0, 0
1219, 1, 0, 0, 0, 1, 0
1220, 6, 0, 0, 0, 2, 4
12449, 15, 7, 6, 1, 15, 0
15316, 4, 2, 1, 1, 2, 2
2388, 17, 56, 55, 1, 17, 0
5977, 8, 5, 5, 0, 6, 2
12561, 35, 46, 46, 0, 35, 0
12598, 16, 15, 14, 1, 16, 0
15583, 23, 18, 16, 2, 18, 5
17000, 8, 12, 11, 1, 8, 0
22838, 25, 6, 6, 0, 21, 4
28868, 9, 5, 5, 0, 7, 2
30401, 3, 2, 2, 0, 1, 2
45147, 5, 6, 5, 1, 5, 0
100315, 1, 4, 0, 4, 1, 0
106428, 2, 3, 3, 0, 2, 0
119035, 0, 1, 1, 0, 0, 0
1226, 1, 1, 1, 0, 1, 0
1227, 1, 1, 1, 0, 1, 0
1228, 1, 0, 0, 0, 1, 0
17472, 85, 30, 29, 1, 80, 5
26411, 27, 11, 10, 1, 20, 7
26565, 7, 24, 22, 2, 7, 0
57930, 1, 3, 3, 0, 1, 0
58965, 1, 4, 2, 2, 0, 1
73448, 1, 1, 1, 0, 1, 0
107955, 4, 1, 1, 0, 4, 0
3648, 4, 13, 13, 0, 4, 0
4202, 21, 23, 22, 1, 14, 7
4399, 5, 9, 8, 1, 5, 0
6381, 1, 6, 4, 2, 1, 0
6829, 36, 11, 11, 0, 26, 10
11325, 2, 1, 1, 0, 2, 0
16221, 6, 4, 4, 0, 6, 0
16223, 0, 1, 1, 0, 0, 0
16224, 13, 9, 9, 0, 12, 1
63632, 32, 21, 19, 2, 31, 1
96710, 4, 5, 5, 0, 4, 0
98632, 1, 1, 1, 0, 1, 0
1232, 1, 0, 0, 0, 1, 0
1233, 0, 1, 1, 0, 0, 0
1234, 1, 0, 0, 0, 1, 0
1412, 3, 4, 4, 0, 2, 1
2078, 4, 6, 6, 0, 4, 0
7796, 11, 5, 4, 1, 11, 0
8062, 4, 2, 2, 0, 2, 2
10041, 0, 4, 4, 0, 0, 0
10613, 1, 1, 1, 0, 0, 1
10772, 3, 6, 4, 2, 2, 1
12352, 1, 9, 8, 1, 1, 0
12771, 5, 5, 5, 0, 3, 2
13443, 0, 2, 2, 0, 0, 0
13714, 8, 4, 4, 0, 8, 0
13923, 22, 4, 3, 1, 20, 2
14237, 0, 5, 5, 0, 0, 0
15179, 1, 3, 1, 2, 0, 1
16829, 20, 7, 6, 1, 20, 0
18408, 3, 2, 2, 0, 3, 0
20852, 52, 58, 54, 4, 36, 16
23943, 1, 6, 1, 5, 1, 0
28296, 0, 1, 1, 0, 0, 0
28298, 27, 12, 11, 1, 27, 0
28299, 0, 2, 2, 0, 0, 0
28300, 1, 2, 2, 0, 1, 0
28301, 1, 2, 2, 0, 1, 0
28302, 2, 15, 11, 4, 2, 0
28303, 0, 1, 1, 0, 0, 0
28304, 0, 1, 1, 0, 0, 0
28306, 1, 4, 4, 0, 1, 0
28307, 1, 3, 1, 2, 1, 0
28310, 0, 1, 1, 0, 0, 0
28311, 0, 2, 2, 0, 0, 0
1236, 1, 0, 0, 0, 1, 0
1237, 1, 0, 0, 0, 1, 0
1238, 3, 7, 7, 0, 1, 2
1239, 1, 0, 0, 0, 0, 1
1241, 1, 0, 0, 0, 1, 0
1242, 2, 2, 1, 1, 2, 0
1244, 29, 14, 12, 2, 29, 0
3703, 1, 4, 4, 0, 1, 0
4059, 2, 2, 2, 0, 2, 0
5491, 1, 1, 1, 0, 1, 0
5492, 0, 4, 4, 0, 0, 0
5493, 4, 5, 5, 0, 4, 0
5497, 0, 1, 1, 0, 0, 0
7262, 4, 2, 2, 0, 4, 0
28494, 11, 11, 10, 1, 11, 0
11115, 24, 11, 11, 0, 24, 0
12722, 1, 2, 2, 0, 1, 0
15816, 70, 58, 55, 3, 69, 1
24822, 0, 8, 7, 1, 0, 0
29866, 4, 33, 31, 2, 4, 0
29876, 28, 31, 30, 1, 28, 0
29882, 2, 8, 8, 0, 2, 0
33789, 5, 3, 3, 0, 3, 2
44605, 22, 20, 19, 1, 22, 0
51882, 17, 12, 12, 0, 0, 17
54582, 0, 2, 1, 1, 0, 0
59845, 101, 40, 39, 1, 101, 0
62207, 27, 9, 9, 0, 27, 0
74770, 1, 2, 2, 0, 1, 0
75547, 0, 1, 1, 0, 0, 0
1245, 4, 0, 0, 0, 4, 0
7364, 11, 7, 7, 0, 3, 8
36440, 0, 8, 8, 0, 0, 0
60504, 9, 5, 4, 1, 9, 0
67229, 2, 6, 5, 1, 2, 0
92674, 0, 2, 0, 2, 0, 0
92675, 0, 2, 0, 2, 0, 0
1247, 1, 0, 0, 0, 0, 1
1248, 0, 2, 0, 2, 0, 0
1251, 0, 1, 0, 1, 0, 0
42433, 1, 1, 1, 0, 1, 0
115108, 0, 1, 1, 0, 0, 0
1253, 1, 1, 1, 0, 1, 0
1254, 3, 1, 1, 0, 3, 0
1762, 0, 2, 2, 0, 0, 0
1763, 1, 6, 5, 1, 1, 0
1255, 2, 0, 0, 0, 2, 0
1256, 7, 9, 9, 0, 7, 0
33894, 14, 13, 7, 6, 6, 8
39559, 4, 6, 6, 0, 4, 0
39560, 4, 8, 5, 3, 4, 0
1258, 2, 0, 0, 0, 2, 0
27120, 1, 4, 4, 0, 1, 0
19458, 5, 3, 3, 0, 5, 0
19459, 4, 6, 6, 0, 4, 0
19836, 16, 6, 5, 1, 14, 2
55734, 11, 4, 4, 0, 11, 0
83776, 0, 1, 1, 0, 0, 0
83777, 0, 1, 0, 1, 0, 0
93356, 1, 1, 1, 0, 1, 0
1260, 1, 0, 0, 0, 1, 0
1261, 3, 2, 2, 0, 3, 0
3683, 1, 2, 2, 0, 1, 0
6521, 7, 3, 1, 2, 5, 2
6854, 1, 1, 0, 1, 1, 0
8239, 4, 2, 2, 0, 4, 0
14299, 121, 78, 78, 0, 121, 0
18903, 3, 4, 2, 2, 3, 0
20324, 0, 5, 0, 5, 0, 0
22629, 8, 18, 17, 1, 8, 0
30625, 0, 1, 0, 1, 0, 0
30626, 0, 4, 0, 4, 0, 0
30627, 0, 1, 1, 0, 0, 0
30629, 0, 2, 2, 0, 0, 0
30630, 3, 3, 3, 0, 3, 0
94918, 0, 1, 0, 1, 0, 0
4282, 9, 33, 33, 0, 9, 0
4284, 17, 33, 33, 0, 17, 0
7984, 22, 37, 36, 1, 22, 0
7988, 11, 8, 8, 0, 11, 0
9874, 15, 11, 11, 0, 15, 0
12202, 31, 42, 39, 3, 30, 1
15461, 0, 7, 0, 7, 0, 0
15462, 4, 6, 6, 0, 4, 0
15464, 13, 17, 16, 1, 13, 0
48753, 50, 28, 26, 2, 50, 0
94053, 7, 3, 2, 1, 7, 0
101972, 7, 6, 6, 0, 7, 0
1264, 1, 0, 0, 0, 1, 0
10061, 75, 44, 43, 1, 75, 0
12141, 48, 112, 111, 1, 48, 0
13385, 18, 19, 18, 1, 17, 1
23417, 73, 52, 51, 1, 67, 6
29888, 145, 55, 53, 2, 141, 4
29890, 76, 31, 30, 1, 76, 0
33098, 28, 47, 46, 1, 26, 2
52865, 5, 7, 6, 1, 5, 0
55904, 31, 14, 13, 1, 31, 0
1517, 47, 25, 25, 0, 35, 12
8638, 10, 7, 7, 0, 10, 0
40635, 5, 4, 3, 1, 5, 0
97633, 25, 7, 7, 0, 25, 0
98848, 2, 2, 2, 0, 2, 0
103168, 0, 3, 2, 1, 0, 0
22596, 41, 16, 16, 0, 40, 1
25145, 18, 18, 17, 1, 18, 0
32500, 19, 3, 3, 0, 19, 0
92182, 9, 9, 9, 0, 9, 0
94383, 2, 1, 1, 0, 2, 0
94384, 3, 2, 1, 1, 3, 0
94428, 2, 1, 1, 0, 2, 0
94791, 71, 12, 12, 0, 71, 0
94841, 16, 9, 8, 1, 14, 2
94943, 4, 1, 1, 0, 4, 0
95029, 26, 6, 6, 0, 25, 1
95278, 13, 19, 19, 0, 13, 0
95305, 2, 4, 4, 0, 2, 0
9773, 2, 1, 0, 1, 1, 1
11184, 4, 3, 2, 1, 4, 0
17727, 154, 15, 12, 3, 154, 0
21099, 8, 2, 1, 1, 8, 0
25945, 4, 5, 3, 2, 3, 1
31793, 6, 10, 8, 2, 1, 5
55442, 1, 1, 0, 1, 1, 0
55540, 41, 14, 12, 2, 41, 0
87498, 0, 1, 0, 1, 0, 0
87499, 0, 1, 0, 1, 0, 0
87500, 0, 1, 0, 1, 0, 0
107422, 3, 1, 1, 0, 3, 0
6525, 12, 10, 8, 2, 7, 5
18049, 52, 10, 7, 3, 52, 0
20735, 16, 8, 8, 0, 9, 7
27175, 8, 20, 20, 0, 8, 0
30457, 8, 6, 6, 0, 8, 0
58735, 14, 8, 8, 0, 13, 1
67843, 13, 14, 14, 0, 12, 1
67845, 30, 5, 5, 0, 30, 0
80777, 2, 4, 3, 1, 2, 0
100069, 0, 1, 1, 0, 0, 0
103318, 16, 8, 7, 1, 16, 0
107161, 5, 4, 4, 0, 4, 1
107986, 2, 8, 5, 3, 2, 0
111169, 5, 3, 3, 0, 5, 0
111212, 7, 7, 7, 0, 7, 0
112552, 0, 1, 1, 0, 0, 0
112673, 0, 2, 2, 0, 0, 0
131023, 1, 1, 1, 0, 1, 0
131508, 8, 7, 7, 0, 8, 0
131522, 404, 15, 15, 0, 404, 0
131682, 1, 2, 2, 0, 1, 0
122182, 8, 12, 11, 1, 8, 0
1271, 1, 0, 0, 0, 0, 1
1272, 0, 2, 0, 2, 0, 0
17401, 36, 19, 18, 1, 33, 3
29225, 31, 23, 21, 2, 27, 4
33946, 1, 16, 0, 16, 1, 0
59384, 6, 4, 4, 0, 6, 0
61012, 4, 2, 2, 0, 4, 0
73865, 0, 1, 1, 0, 0, 0
96037, 17, 12, 12, 0, 17, 0
100149, 0, 12, 11, 1, 0, 0
113792, 0, 1, 0, 1, 0, 0
117262, 14, 9, 9, 0, 14, 0
123735, 19, 7, 7, 0, 19, 0
1275, 1, 0, 0, 0, 1, 0
1276, 3, 5, 3, 2, 3, 0
1277, 2, 2, 2, 0, 2, 0
21929, 3, 7, 3, 4, 2, 1
26024, 4, 5, 5, 0, 3, 1
34243, 95, 35, 33, 2, 95, 0
94707, 96, 28, 21, 7, 95, 1
114510, 44, 7, 2, 5, 27, 17
1279, 1, 0, 0, 0, 1, 0
1280, 17, 3, 3, 0, 16, 1
105515, 1, 2, 2, 0, 1, 0
1281, 1, 1, 1, 0, 1, 0
1283, 1, 0, 0, 0, 0, 1
1284, 2, 0, 0, 0, 1, 1
6679, 6, 11, 11, 0, 6, 0
8773, 3, 3, 2, 1, 3, 0
27609, 7, 2, 2, 0, 7, 0
30582, 7, 5, 5, 0, 7, 0
34436, 1, 1, 0, 1, 1, 0
84134, 3, 2, 1, 1, 1, 2
92936, 0, 1, 0, 1, 0, 0
111502, 0, 1, 0, 1, 0, 0
2492, 31, 20, 18, 2, 31, 0
4027, 61, 34, 33, 1, 59, 2
5570, 58, 15, 12, 3, 58, 0
6835, 50, 14, 14, 0, 50, 0
6914, 36, 14, 10, 4, 36, 0
7543, 54, 17, 16, 1, 52, 2
11547, 111, 33, 33, 0, 111, 0
11982, 26, 9, 9, 0, 26, 0
13861, 44, 23, 23, 0, 44, 0
13874, 21, 26, 26, 0, 21, 0
13876, 12, 9, 9, 0, 12, 0
14930, 61, 50, 43, 7, 52, 9
15554, 57, 15, 15, 0, 47, 10
17689, 44, 14, 14, 0, 39, 5
17768, 27, 5, 5, 0, 26, 1
17830, 64, 9, 9, 0, 64, 0
18191, 130, 67, 67, 0, 130, 0
20234, 66, 49, 44, 5, 59, 7
21618, 44, 25, 24, 1, 44, 0
22259, 24, 22, 20, 2, 20, 4
22903, 156, 34, 34, 0, 154, 2
24101, 305, 45, 42, 3, 303, 2
24360, 73, 35, 32, 3, 72, 1
24598, 240, 58, 54, 4, 237, 3
26988, 37, 38, 38, 0, 37, 0
27520, 10, 9, 9, 0, 10, 0
29232, 28, 40, 38, 2, 25, 3
29690, 33, 15, 13, 2, 32, 1
29697, 23, 15, 14, 1, 22, 1
30705, 29, 5, 5, 0, 28, 1
32197, 25, 9, 9, 0, 24, 1
32524, 7, 5, 5, 0, 7, 0
33198, 46, 11, 11, 0, 46, 0
34292, 89, 27, 26, 1, 80, 9
34300, 39, 20, 19, 1, 39, 0
34989, 37, 23, 21, 2, 4, 33
35808, 22, 17, 14, 3, 22, 0
38390, 295, 39, 35, 4, 284, 11
47738, 2, 17, 17, 0, 2, 0
50062, 21, 8, 8, 0, 21, 0
50415, 21, 19, 18, 1, 21, 0
50490, 397, 20, 20, 0, 397, 0
51672, 76, 20, 19, 1, 63, 13
52363, 4, 2, 2, 0, 4, 0
58103, 10, 41, 40, 1, 8, 2
104536, 34, 6, 4, 2, 34, 0
3268, 1, 3, 0, 3, 1, 0
5851, 1, 4, 0, 4, 1, 0
5852, 1, 4, 0, 4, 1, 0
6210, 3, 21, 3, 18, 2, 1
21612, 7, 21, 18, 3, 7, 0
38802, 17, 13, 8, 5, 17, 0
41259, 1, 4, 0, 4, 1, 0
49068, 1, 4, 0, 4, 1, 0
49070, 1, 4, 0, 4, 1, 0
49903, 1, 4, 0, 4, 1, 0
49909, 1, 4, 0, 4, 1, 0
51265, 1, 4, 0, 4, 1, 0
51266, 1, 4, 0, 4, 1, 0
51272, 1, 4, 0, 4, 1, 0
51274, 1, 4, 0, 4, 1, 0
52228, 2, 3, 0, 3, 2, 0
54735, 1, 5, 0, 5, 1, 0
56422, 1, 5, 0, 5, 1, 0
58304, 1, 4, 0, 4, 1, 0
58972, 1, 4, 0, 4, 1, 0
59400, 1, 4, 0, 4, 1, 0
60471, 1, 4, 0, 4, 1, 0
60850, 1, 6, 0, 6, 1, 0
61941, 1, 7, 0, 7, 1, 0
71602, 2, 2, 0, 2, 2, 0
74319, 2, 2, 1, 1, 2, 0
77250, 48, 33, 28, 5, 48, 0
78402, 3, 7, 1, 6, 3, 0
88307, 2, 6, 1, 5, 0, 2
97885, 0, 3, 0, 3, 0, 0
98268, 0, 6, 0, 6, 0, 0
103057, 1, 3, 0, 3, 0, 1
104675, 0, 1, 0, 1, 0, 0
105028, 0, 1, 0, 1, 0, 0
107934, 1, 10, 1, 9, 1, 0
111790, 0, 5, 0, 5, 0, 0
111794, 0, 2, 0, 2, 0, 0
111795, 0, 1, 0, 1, 0, 0
112985, 0, 2, 1, 1, 0, 0
119672, 0, 3, 0, 3, 0, 0
120186, 0, 7, 0, 7, 0, 0
120312, 5, 4, 4, 0, 5, 0
124982, 0, 7, 0, 7, 0, 0
126773, 2, 4, 4, 0, 2, 0
128023, 11, 8, 8, 0, 10, 1
130974, 6, 5, 5, 0, 6, 0
10864, 0, 1, 1, 0, 0, 0
10870, 0, 3, 0, 3, 0, 0
10872, 0, 3, 1, 2, 0, 0
10874, 0, 4, 0, 4, 0, 0
13244, 5, 11, 8, 3, 5, 0
16480, 0, 7, 0, 7, 0, 0
17839, 2, 5, 0, 5, 1, 1
22433, 0, 6, 0, 6, 0, 0
22947, 71, 92, 70, 22, 71, 0
24317, 40, 45, 45, 0, 38, 2
28534, 0, 5, 0, 5, 0, 0
28983, 10, 6, 0, 6, 10, 0
29535, 9, 8, 2, 6, 9, 0
30985, 0, 3, 0, 3, 0, 0
33186, 106, 31, 31, 0, 106, 0
35506, 0, 6, 0, 6, 0, 0
39783, 15, 21, 5, 16, 14, 1
41229, 0, 7, 2, 5, 0, 0
41509, 0, 4, 0, 4, 0, 0
42483, 21, 25, 4, 21, 21, 0
43714, 0, 7, 1, 6, 0, 0
44023, 0, 10, 0, 10, 0, 0
48874, 0, 6, 0, 6, 0, 0
49391, 0, 4, 0, 4, 0, 0
50928, 1, 1, 0, 1, 1, 0
54719, 0, 2, 0, 2, 0, 0
60790, 0, 6, 0, 6, 0, 0
62002, 0, 3, 0, 3, 0, 0
66243, 0, 7, 0, 7, 0, 0
80397, 0, 2, 0, 2, 0, 0
84497, 0, 2, 0, 2, 0, 0
86107, 0, 1, 0, 1, 0, 0
86108, 0, 1, 0, 1, 0, 0
86109, 0, 1, 0, 1, 0, 0
16442, 0, 10, 0, 10, 0, 0
17846, 0, 7, 0, 7, 0, 0
17901, 0, 3, 0, 3, 0, 0
17907, 0, 4, 0, 4, 0, 0
20405, 0, 8, 0, 8, 0, 0
20408, 0, 4, 0, 4, 0, 0
21818, 0, 4, 0, 4, 0, 0
24952, 0, 4, 0, 4, 0, 0
27258, 0, 5, 0, 5, 0, 0
28215, 0, 3, 0, 3, 0, 0
28216, 0, 2, 0, 2, 0, 0
28592, 4, 9, 2, 7, 4, 0
28683, 5, 5, 1, 4, 5, 0
29185, 0, 5, 0, 5, 0, 0
29256, 0, 4, 0, 4, 0, 0
30099, 0, 2, 1, 1, 0, 0
31067, 0, 6, 0, 6, 0, 0
33854, 0, 5, 0, 5, 0, 0
36120, 0, 4, 0, 4, 0, 0
36728, 0, 3, 0, 3, 0, 0
37755, 0, 3, 0, 3, 0, 0
38168, 0, 4, 0, 4, 0, 0
39738, 7, 11, 11, 0, 5, 2
42074, 0, 2, 0, 2, 0, 0
42850, 0, 5, 0, 5, 0, 0
42908, 1, 6, 0, 6, 1, 0
43139, 0, 8, 0, 8, 0, 0
43196, 0, 10, 0, 10, 0, 0
43263, 2, 5, 0, 5, 2, 0
44492, 0, 2, 0, 2, 0, 0
48739, 0, 4, 0, 4, 0, 0
48742, 1, 2, 0, 2, 1, 0
48743, 1, 2, 0, 2, 1, 0
48744, 1, 3, 0, 3, 1, 0
48745, 2, 1, 0, 1, 2, 0
48746, 2, 1, 0, 1, 2, 0
48747, 3, 2, 1, 1, 2, 1
48748, 0, 2, 0, 2, 0, 0
48761, 0, 1, 0, 1, 0, 0
48794, 0, 1, 0, 1, 0, 0
48795, 0, 1, 0, 1, 0, 0
48796, 0, 1, 0, 1, 0, 0
48797, 0, 1, 0, 1, 0, 0
48798, 0, 1, 0, 1, 0, 0
48799, 0, 1, 0, 1, 0, 0
48800, 0, 1, 0, 1, 0, 0
48801, 0, 1, 0, 1, 0, 0
48802, 0, 1, 0, 1, 0, 0
48803, 0, 1, 0, 1, 0, 0
48804, 0, 1, 0, 1, 0, 0
48805, 0, 1, 0, 1, 0, 0
48806, 0, 1, 0, 1, 0, 0
48807, 0, 1, 0, 1, 0, 0
48808, 0, 1, 0, 1, 0, 0
48809, 0, 1, 0, 1, 0, 0
48810, 0, 1, 0, 1, 0, 0
48813, 0, 2, 0, 2, 0, 0
48816, 0, 1, 0, 1, 0, 0
48818, 0, 1, 0, 1, 0, 0
48819, 0, 1, 0, 1, 0, 0
48820, 0, 1, 0, 1, 0, 0
48825, 0, 1, 0, 1, 0, 0
48828, 0, 4, 0, 4, 0, 0
48829, 0, 3, 0, 3, 0, 0
48830, 0, 5, 0, 5, 0, 0
48831, 0, 2, 0, 2, 0, 0
48834, 0, 1, 0, 1, 0, 0
1293, 1, 0, 0, 0, 1, 0
17570, 1, 1, 1, 0, 1, 0
17572, 1, 2, 2, 0, 1, 0
25732, 5, 1, 1, 0, 5, 0
32153, 3, 5, 5, 0, 3, 0
35900, 4, 1, 1, 0, 4, 0
35901, 12, 4, 4, 0, 12, 0
36153, 4, 2, 2, 0, 4, 0
37185, 3, 2, 2, 0, 3, 0
37186, 3, 2, 2, 0, 3, 0
39664, 6, 4, 4, 0, 6, 0
61970, 13, 16, 15, 1, 13, 0
65342, 68, 23, 23, 0, 68, 0
67329, 3, 3, 2, 1, 3, 0
90054, 0, 1, 1, 0, 0, 0
90055, 0, 1, 0, 1, 0, 0
1295, 1, 0, 0, 0, 1, 0
32989, 10, 10, 10, 0, 6, 4
106958, 0, 13, 0, 13, 0, 0
112933, 0, 5, 0, 5, 0, 0
113965, 0, 20, 0, 20, 0, 0
115816, 0, 7, 0, 7, 0, 0
115843, 0, 8, 0, 8, 0, 0
118219, 4, 9, 8, 1, 4, 0
118451, 5, 1, 1, 0, 5, 0
122657, 0, 5, 5, 0, 0, 0
127525, 3, 4, 4, 0, 3, 0
131213, 19, 3, 3, 0, 15, 4
1297, 4, 1, 1, 0, 4, 0
81098, 2, 2, 2, 0, 2, 0
1299, 3, 0, 0, 0, 2, 1
1301, 8, 4, 4, 0, 8, 0
16519, 17, 8, 7, 1, 15, 2
26321, 3, 10, 10, 0, 3, 0
53090, 2, 5, 4, 1, 2, 0
53600, 13, 6, 6, 0, 13, 0
96740, 5, 5, 5, 0, 5, 0
96908, 0, 2, 1, 1, 0, 0
96918, 4, 4, 4, 0, 4, 0
97606, 10, 13, 13, 0, 9, 1
98354, 5, 3, 3, 0, 3, 2
1318, 2, 6, 4, 2, 2, 0
6196, 0, 8, 3, 5, 0, 0
95195, 1, 1, 1, 0, 1, 0
15327, 1, 109, 96, 13, 1, 0
24500, 4, 20, 15, 5, 4, 0
51831, 3, 1, 0, 1, 3, 0
57086, 5, 10, 9, 1, 5, 0
60218, 15, 9, 7, 2, 15, 0
67827, 0, 2, 0, 2, 0, 0
79408, 4, 8, 6, 2, 4, 0
88160, 1, 4, 3, 1, 1, 0
95170, 3, 3, 1, 2, 3, 0
95499, 0, 8, 0, 8, 0, 0
100371, 19, 13, 10, 3, 18, 1
101023, 0, 4, 3, 1, 0, 0
114431, 0, 5, 1, 4, 0, 0
115154, 8, 5, 4, 1, 3, 5
116676, 0, 1, 0, 1, 0, 0
117273, 1, 1, 0, 1, 1, 0
117280, 0, 3, 1, 2, 0, 0
118051, 0, 1, 0, 1, 0, 0
119444, 1, 2, 0, 2, 1, 0
119611, 7, 2, 0, 2, 7, 0
119898, 0, 2, 0, 2, 0, 0
120054, 0, 13, 0, 13, 0, 0
121458, 0, 1, 0, 1, 0, 0
121530, 0, 1, 0, 1, 0, 0
121731, 0, 1, 0, 1, 0, 0
122467, 0, 1, 0, 1, 0, 0
123102, 1, 2, 1, 1, 0, 1
123635, 1, 2, 0, 2, 1, 0
123652, 0, 2, 1, 1, 0, 0
124006, 0, 2, 0, 2, 0, 0
124191, 0, 2, 0, 2, 0, 0
124425, 0, 3, 0, 3, 0, 0
124875, 0, 1, 0, 1, 0, 0
124913, 36, 18, 14, 4, 35, 1
125578, 0, 1, 0, 1, 0, 0
127536, 0, 1, 0, 1, 0, 0
127573, 0, 3, 0, 3, 0, 0
127730, 0, 1, 0, 1, 0, 0
127759, 1, 1, 0, 1, 1, 0
127870, 0, 1, 0, 1, 0, 0
127927, 0, 1, 0, 1, 0, 0
127968, 0, 1, 0, 1, 0, 0
127990, 0, 1, 0, 1, 0, 0
128544, 1, 3, 1, 2, 1, 0
131109, 0, 1, 0, 1, 0, 0
131358, 0, 4, 0, 4, 0, 0
101778, 0, 3, 0, 3, 0, 0
7750, 86, 23, 21, 2, 83, 3
8333, 30, 23, 20, 3, 30, 0
9285, 21, 13, 13, 0, 10, 11
11313, 9, 13, 13, 0, 8, 1
13403, 36, 21, 20, 1, 35, 1
15193, 9, 2, 2, 0, 9, 0
16789, 14, 12, 11, 1, 14, 0
20511, 13, 9, 8, 1, 12, 1
22019, 0, 8, 0, 8, 0, 0
22022, 0, 5, 0, 5, 0, 0
22023, 27, 17, 16, 1, 27, 0
22024, 0, 4, 0, 4, 0, 0
22026, 0, 10, 0, 10, 0, 0
22029, 13, 8, 6, 2, 13, 0
22030, 7, 5, 5, 0, 6, 1
93945, 0, 1, 1, 0, 0, 0
94060, 0, 1, 1, 0, 0, 0
94095, 2, 1, 1, 0, 2, 0
94486, 2, 2, 2, 0, 2, 0
94720, 13, 9, 9, 0, 13, 0
95869, 0, 2, 2, 0, 0, 0
99535, 0, 1, 1, 0, 0, 0
99580, 2, 1, 1, 0, 2, 0
16302, 0, 5, 3, 2, 0, 0
36180, 0, 5, 0, 5, 0, 0
36182, 0, 4, 0, 4, 0, 0
36812, 0, 2, 0, 2, 0, 0
36813, 0, 3, 0, 3, 0, 0
36814, 0, 3, 0, 3, 0, 0
95207, 1, 2, 0, 2, 1, 0
106995, 1, 5, 5, 0, 1, 0
109815, 3, 1, 1, 0, 3, 0
118858, 13, 4, 3, 1, 11, 2
120445, 11, 10, 10, 0, 11, 0
123982, 77, 12, 10, 2, 74, 3
131257, 2, 1, 1, 0, 2, 0
2912, 3, 7, 5, 2, 3, 0
3366, 12, 7, 6, 1, 11, 1
7569, 44, 22, 19, 3, 40, 4
7749, 1, 1, 0, 1, 1, 0
8232, 43, 9, 1, 8, 31, 12
10999, 6, 4, 3, 1, 6, 0
12878, 19, 5, 3, 2, 19, 0
14065, 3, 4, 2, 2, 3, 0
14066, 14, 14, 8, 6, 8, 6
16342, 12, 11, 8, 3, 12, 0
25549, 1, 12, 10, 2, 1, 0
28030, 4, 5, 2, 3, 4, 0
28067, 10, 7, 4, 3, 9, 1
29300, 2, 3, 1, 2, 1, 1
34094, 22, 7, 2, 5, 0, 22
36580, 89, 69, 52, 17, 84, 5
41145, 3, 13, 4, 9, 3, 0
43272, 8, 9, 4, 5, 8, 0
49895, 26, 22, 18, 4, 24, 2
51499, 16, 7, 6, 1, 16, 0
53198, 0, 2, 0, 2, 0, 0
81000, 2, 2, 1, 1, 2, 0
88960, 1, 2, 1, 1, 1, 0
88961, 1, 2, 1, 1, 1, 0
94302, 5, 7, 4, 3, 5, 0
95471, 1, 4, 3, 1, 1, 0
95677, 3, 2, 1, 1, 3, 0
96366, 0, 9, 0, 9, 0, 0
96927, 4, 6, 5, 1, 4, 0
98068, 0, 4, 2, 2, 0, 0
99463, 1, 3, 1, 2, 1, 0
100844, 0, 1, 0, 1, 0, 0
100845, 0, 1, 0, 1, 0, 0
100846, 0, 1, 0, 1, 0, 0
100975, 8, 1, 0, 1, 8, 0
101165, 2, 2, 1, 1, 2, 0
101726, 2, 4, 3, 1, 2, 0
101727, 3, 2, 1, 1, 1, 2
101765, 0, 2, 0, 2, 0, 0
101783, 0, 3, 0, 3, 0, 0
101792, 5, 1, 0, 1, 5, 0
101929, 4, 3, 1, 2, 3, 1
101948, 2, 3, 0, 3, 0, 2
102524, 1, 3, 1, 2, 1, 0
102925, 0, 9, 0, 9, 0, 0
103286, 0, 2, 1, 1, 0, 0
104248, 6, 4, 3, 1, 6, 0
104367, 0, 3, 0, 3, 0, 0
104394, 24, 17, 17, 0, 19, 5
104413, 1, 1, 0, 1, 1, 0
104432, 0, 4, 0, 4, 0, 0
106809, 0, 1, 0, 1, 0, 0
106962, 1, 2, 1, 1, 1, 0
106973, 0, 1, 0, 1, 0, 0
107275, 1, 5, 1, 4, 1, 0
107276, 2, 6, 2, 4, 2, 0
107931, 3, 1, 0, 1, 3, 0
107932, 0, 1, 0, 1, 0, 0
108398, 2, 5, 3, 2, 1, 1
109035, 0, 2, 0, 2, 0, 0
109263, 0, 13, 0, 13, 0, 0
109833, 2, 7, 0, 7, 2, 0
109889, 0, 3, 0, 3, 0, 0
113211, 0, 1, 0, 1, 0, 0
120753, 2, 1, 0, 1, 2, 0
126551, 0, 1, 0, 1, 0, 0
130999, 0, 1, 0, 1, 0, 0
93544, 1, 1, 1, 0, 1, 0
103077, 0, 2, 0, 2, 0, 0
1996, 41, 20, 19, 1, 41, 0
21452, 3, 2, 2, 0, 2, 1
23824, 1, 1, 1, 0, 1, 0
31864, 10, 17, 17, 0, 9, 1
46807, 2, 1, 1, 0, 2, 0
47554, 3, 2, 2, 0, 3, 0
67471, 0, 2, 2, 0, 0, 0
67472, 3, 6, 5, 1, 1, 2
1309, 32, 10, 10, 0, 32, 0
1310, 0, 2, 2, 0, 0, 0
10702, 1, 3, 3, 0, 1, 0
15627, 0, 4, 4, 0, 0, 0
32084, 7, 10, 10, 0, 7, 0
34223, 1, 1, 1, 0, 1, 0
49441, 1, 1, 1, 0, 1, 0
50552, 5, 9, 9, 0, 5, 0
54526, 3, 1, 1, 0, 3, 0
81036, 0, 3, 3, 0, 0, 0
86934, 0, 1, 1, 0, 0, 0
107785, 1, 2, 2, 0, 1, 0
1311, 5, 1, 0, 1, 3, 2
31589, 0, 2, 0, 2, 0, 0
31591, 0, 2, 0, 2, 0, 0
38380, 0, 4, 0, 4, 0, 0
59109, 0, 2, 0, 2, 0, 0
59110, 0, 2, 0, 2, 0, 0
59111, 0, 2, 0, 2, 0, 0
92450, 0, 1, 0, 1, 0, 0
92451, 0, 1, 0, 1, 0, 0
92452, 0, 1, 0, 1, 0, 0
92453, 0, 1, 0, 1, 0, 0
92454, 0, 1, 0, 1, 0, 0
92456, 0, 1, 0, 1, 0, 0
104021, 3, 11, 6, 5, 3, 0
97670, 1, 2, 2, 0, 1, 0
114872, 0, 2, 0, 2, 0, 0
1319, 1, 0, 0, 0, 1, 0
1320, 0, 1, 1, 0, 0, 0
11119, 13, 21, 20, 1, 13, 0
11582, 8, 10, 6, 4, 8, 0
16832, 96, 24, 22, 2, 95, 1
20350, 0, 2, 0, 2, 0, 0
20352, 0, 5, 0, 5, 0, 0
20354, 0, 5, 0, 5, 0, 0
20356, 0, 4, 0, 4, 0, 0
25120, 18, 15, 14, 1, 18, 0
26875, 48, 34, 34, 0, 48, 0
32510, 20, 16, 16, 0, 20, 0
34901, 7, 3, 3, 0, 6, 1
36471, 1, 20, 0, 20, 1, 0
42240, 1, 2, 2, 0, 1, 0
42632, 26, 23, 20, 3, 26, 0
42789, 0, 6, 0, 6, 0, 0
44420, 8, 14, 4, 10, 5, 3
47270, 16, 10, 9, 1, 13, 3
51579, 29, 17, 16, 1, 29, 0
53128, 0, 5, 0, 5, 0, 0
72810, 17, 5, 2, 3, 17, 0
72932, 0, 6, 0, 6, 0, 0
84301, 3, 2, 1, 1, 3, 0
96970, 2, 6, 0, 6, 2, 0
97456, 2, 7, 1, 6, 2, 0
100655, 0, 1, 0, 1, 0, 0
101885, 4, 2, 0, 2, 4, 0
103045, 15, 1, 0, 1, 14, 1
111202, 1, 6, 1, 5, 1, 0
111404, 14, 7, 7, 0, 14, 0
112003, 1, 3, 3, 0, 1, 0
6112, 3, 6, 4, 2, 1, 2
16969, 57, 24, 23, 1, 57, 0
17040, 65, 47, 46, 1, 65, 0
18639, 5, 8, 4, 4, 4, 1
25071, 5, 3, 0, 3, 2, 3
25073, 16, 4, 0, 4, 1, 15
27603, 4, 8, 2, 6, 2, 2
28827, 5, 2, 2, 0, 3, 2
29458, 3, 5, 5, 0, 3, 0
57104, 3, 9, 5, 4, 2, 1
97599, 0, 4, 0, 4, 0, 0
106723, 3, 11, 1, 10, 3, 0
114722, 3, 3, 0, 3, 2, 1
114920, 10, 5, 3, 2, 3, 7
115134, 9, 4, 3, 1, 9, 0
115696, 0, 4, 0, 4, 0, 0
117982, 14, 16, 16, 0, 14, 0
118906, 11, 4, 4, 0, 11, 0
120980, 1, 4, 1, 3, 1, 0
120981, 3, 7, 2, 5, 2, 1
121041, 0, 1, 0, 1, 0, 0
121368, 9, 5, 5, 0, 9, 0
123275, 0, 1, 0, 1, 0, 0
126861, 0, 3, 0, 3, 0, 0
131342, 2, 5, 4, 1, 2, 0
4076, 9, 8, 7, 1, 9, 0
9885, 30, 32, 27, 5, 26, 4
19809, 9, 6, 6, 0, 9, 0
35971, 16, 14, 9, 5, 6, 10
96194, 11, 15, 14, 1, 11, 0
96544, 2, 3, 1, 2, 2, 0
1462, 44, 37, 35, 2, 25, 19
24855, 1, 1, 1, 0, 1, 0
27564, 66, 17, 15, 2, 54, 12
45000, 6, 9, 9, 0, 5, 1
8215, 27, 10, 10, 0, 25, 2
10826, 61, 8, 7, 1, 61, 0
15652, 17, 25, 25, 0, 17, 0
15797, 11, 8, 7, 1, 5, 6
25834, 30, 19, 17, 2, 27, 3
45667, 10, 10, 9, 1, 9, 1
46790, 65, 9, 8, 1, 65, 0
49268, 8, 30, 28, 2, 8, 0
49269, 4, 12, 11, 1, 2, 2
70248, 41, 14, 14, 0, 41, 0
70269, 16, 7, 7, 0, 16, 0
70270, 0, 2, 2, 0, 0, 0
70271, 0, 1, 1, 0, 0, 0
95839, 2, 2, 2, 0, 2, 0
96608, 9, 9, 9, 0, 9, 0
6890, 147, 54, 51, 3, 146, 1
23585, 22, 16, 16, 0, 22, 0
59027, 2, 4, 3, 1, 2, 0
61383, 5, 6, 6, 0, 5, 0
95164, 44, 6, 6, 0, 5, 39
96100, 28, 12, 12, 0, 28, 0
113593, 2, 2, 2, 0, 2, 0
16305, 11, 8, 8, 0, 11, 0
17500, 6, 2, 1, 1, 6, 0
99975, 1, 1, 0, 1, 0, 1
106226, 13, 4, 4, 0, 12, 1
108501, 0, 7, 0, 7, 0, 0
109265, 1, 3, 0, 3, 1, 0
110134, 5, 4, 0, 4, 2, 3
38497, 11, 14, 14, 0, 11, 0
49788, 20, 6, 6, 0, 20, 0
120696, 27, 14, 12, 2, 27, 0
122992, 11, 5, 4, 1, 9, 2
7831, 10, 16, 11, 5, 5, 5
29932, 4, 14, 11, 3, 4, 0
37764, 1, 1, 1, 0, 1, 0
41158, 34, 16, 14, 2, 34, 0
42791, 0, 3, 0, 3, 0, 0
57413, 36, 61, 58, 3, 36, 0
60642, 2, 4, 2, 2, 2, 0
61114, 0, 2, 0, 2, 0, 0
61115, 0, 1, 0, 1, 0, 0
23706, 1, 1, 0, 1, 1, 0
24422, 0, 3, 2, 1, 0, 0
28142, 6, 11, 11, 0, 6, 0
32853, 0, 3, 2, 1, 0, 0
95421, 0, 1, 0, 1, 0, 0
97740, 35, 15, 15, 0, 35, 0
5571, 112, 42, 31, 11, 111, 1
12676, 17, 15, 15, 0, 16, 1
13600, 0, 2, 0, 2, 0, 0
95388, 5, 2, 1, 1, 4, 1
101616, 0, 3, 0, 3, 0, 0
2549, 2, 8, 6, 2, 1, 1
7027, 6, 10, 8, 2, 6, 0
7178, 0, 7, 5, 2, 0, 0
7764, 20, 12, 11, 1, 20, 0
8441, 2, 5, 4, 1, 2, 0
9689, 2, 2, 0, 2, 1, 1
12776, 0, 7, 0, 7, 0, 0
13556, 0, 3, 0, 3, 0, 0
14276, 1, 2, 1, 1, 0, 1
15320, 5, 2, 1, 1, 3, 2
16542, 2, 3, 2, 1, 2, 0
23816, 0, 3, 1, 2, 0, 0
24743, 66, 28, 26, 2, 64, 2
25374, 0, 3, 1, 2, 0, 0
29801, 1, 3, 1, 2, 0, 1
35422, 5, 14, 0, 14, 5, 0
37190, 1, 4, 1, 3, 1, 0
37704, 2, 3, 1, 2, 1, 1
39066, 4, 13, 4, 9, 3, 1
39921, 10, 23, 3, 20, 9, 1
41688, 1, 12, 1, 11, 1, 0
48822, 6, 7, 5, 2, 6, 0
51305, 8, 7, 6, 1, 8, 0
53743, 48, 6, 2, 4, 47, 1
58772, 5, 8, 7, 1, 5, 0
60214, 8, 4, 3, 1, 6, 2
67493, 19, 23, 22, 1, 19, 0
83994, 1, 8, 6, 2, 1, 0
84722, 0, 4, 3, 1, 0, 0
95081, 0, 2, 0, 2, 0, 0
95328, 0, 1, 0, 1, 0, 0
96344, 0, 1, 0, 1, 0, 0
97903, 0, 1, 0, 1, 0, 0
99079, 1, 1, 0, 1, 1, 0
99350, 0, 1, 0, 1, 0, 0
99932, 0, 4, 3, 1, 0, 0
100035, 0, 3, 2, 1, 0, 0
100238, 1, 15, 3, 12, 1, 0
100544, 0, 5, 4, 1, 0, 0
100702, 2, 1, 0, 1, 2, 0
102401, 0, 1, 0, 1, 0, 0
102430, 0, 2, 1, 1, 0, 0
103185, 0, 1, 0, 1, 0, 0
104667, 3, 3, 2, 1, 1, 2
104851, 0, 1, 0, 1, 0, 0
105720, 0, 1, 0, 1, 0, 0
106331, 0, 1, 0, 1, 0, 0
106459, 8, 5, 4, 1, 7, 1
107807, 0, 1, 0, 1, 0, 0
108424, 0, 1, 0, 1, 0, 0
111500, 0, 2, 1, 1, 0, 0
111762, 0, 1, 0, 1, 0, 0
111819, 4, 9, 5, 4, 3, 1
112824, 1, 4, 1, 3, 1, 0
114419, 1, 3, 2, 1, 0, 1
114715, 7, 2, 0, 2, 6, 1
114887, 0, 1, 0, 1, 0, 0
114966, 5, 3, 2, 1, 5, 0
115967, 4, 1, 0, 1, 3, 1
116161, 6, 2, 1, 1, 5, 1
116196, 0, 6, 0, 6, 0, 0
116218, 0, 6, 0, 6, 0, 0
116290, 5, 1, 0, 1, 5, 0
116317, 0, 1, 0, 1, 0, 0
117788, 0, 4, 0, 4, 0, 0
118378, 12, 4, 4, 0, 12, 0
118886, 1, 1, 0, 1, 0, 1
120521, 0, 1, 0, 1, 0, 0
120800, 0, 1, 0, 1, 0, 0
121401, 4, 1, 0, 1, 4, 0
121453, 0, 1, 0, 1, 0, 0
123637, 0, 1, 0, 1, 0, 0
124066, 0, 2, 0, 2, 0, 0
124429, 0, 1, 0, 1, 0, 0
125200, 0, 1, 0, 1, 0, 0
125223, 14, 4, 0, 4, 14, 0
125616, 0, 1, 0, 1, 0, 0
126466, 14, 7, 6, 1, 14, 0
126650, 3, 1, 0, 1, 1, 2
126821, 0, 1, 0, 1, 0, 0
127416, 0, 1, 0, 1, 0, 0
128191, 0, 1, 0, 1, 0, 0
128419, 0, 1, 0, 1, 0, 0
129386, 0, 1, 0, 1, 0, 0
129958, 0, 1, 0, 1, 0, 0
130485, 0, 1, 0, 1, 0, 0
130682, 0, 2, 0, 2, 0, 0
130889, 0, 1, 0, 1, 0, 0
131055, 0, 1, 0, 1, 0, 0
131244, 0, 1, 0, 1, 0, 0
131362, 0, 1, 0, 1, 0, 0
131396, 0, 1, 0, 1, 0, 0
131698, 0, 1, 0, 1, 0, 0
131727, 0, 2, 0, 2, 0, 0
45870, 16, 8, 5, 3, 15, 1
46311, 0, 2, 2, 0, 0, 0
96869, 2, 2, 2, 0, 2, 0
97722, 11, 3, 3, 0, 11, 0
97787, 76, 13, 10, 3, 76, 0
98132, 0, 1, 1, 0, 0, 0
98133, 1, 1, 1, 0, 1, 0
16938, 35, 22, 22, 0, 35, 0
88703, 0, 2, 0, 2, 0, 0
105996, 7, 10, 9, 1, 7, 0
12439, 1, 2, 1, 1, 1, 0
16679, 1, 3, 3, 0, 1, 0
1339, 1, 0, 0, 0, 1, 0
1340, 1, 0, 0, 0, 1, 0
6610, 7, 6, 6, 0, 7, 0
29348, 13, 17, 8, 9, 8, 5
39206, 7, 3, 3, 0, 5, 2
1342, 1, 0, 0, 0, 1, 0
6295, 4, 20, 17, 3, 4, 0
18383, 0, 2, 2, 0, 0, 0
18384, 1, 1, 1, 0, 1, 0
1344, 1, 0, 0, 0, 1, 0
18103, 2, 23, 9, 14, 2, 0
24971, 0, 4, 3, 1, 0, 0
36756, 9, 12, 5, 7, 9, 0
45058, 0, 6, 0, 6, 0, 0
54208, 0, 5, 0, 5, 0, 0
62864, 0, 2, 1, 1, 0, 0
74581, 0, 9, 0, 9, 0, 0
80918, 0, 3, 0, 3, 0, 0
93045, 0, 5, 0, 5, 0, 0
1346, 6, 2, 2, 0, 5, 1
3799, 0, 3, 2, 1, 0, 0
5634, 2, 2, 2, 0, 2, 0
7103, 5, 11, 10, 1, 5, 0
7243, 2, 2, 2, 0, 2, 0
8268, 9, 7, 7, 0, 9, 0
8945, 6, 4, 4, 0, 4, 2
12397, 1, 1, 1, 0, 1, 0
22489, 0, 1, 1, 0, 0, 0
22490, 0, 1, 1, 0, 0, 0
22491, 0, 1, 1, 0, 0, 0
22492, 1, 2, 2, 0, 1, 0
22493, 0, 1, 1, 0, 0, 0
22495, 1, 2, 1, 1, 1, 0
22496, 0, 1, 1, 0, 0, 0
22497, 0, 1, 1, 0, 0, 0
22499, 0, 1, 1, 0, 0, 0
22500, 0, 1, 1, 0, 0, 0
22502, 13, 7, 6, 1, 13, 0
22503, 0, 1, 1, 0, 0, 0
22504, 0, 1, 1, 0, 0, 0
119923, 0, 1, 1, 0, 0, 0
7967, 19, 12, 11, 1, 14, 5
8973, 1, 11, 6, 5, 0, 1
9668, 2, 3, 0, 3, 1, 1
11105, 1, 2, 0, 2, 1, 0
11106, 1, 2, 0, 2, 1, 0
11221, 1, 2, 0, 2, 1, 0
18565, 14, 29, 18, 11, 14, 0
23523, 45, 22, 18, 4, 45, 0
23551, 2, 3, 2, 1, 2, 0
25873, 20, 18, 10, 8, 18, 2
29819, 2, 11, 8, 3, 2, 0
41548, 1, 6, 0, 6, 1, 0
41549, 11, 9, 3, 6, 10, 1
42028, 1, 7, 0, 7, 1, 0
44714, 0, 2, 1, 1, 0, 0
44715, 0, 5, 1, 4, 0, 0
44716, 0, 4, 1, 3, 0, 0
52086, 0, 2, 0, 2, 0, 0
53943, 1, 2, 1, 1, 1, 0
53944, 1, 1, 0, 1, 1, 0
53945, 0, 1, 0, 1, 0, 0
53946, 0, 1, 0, 1, 0, 0
63127, 1, 3, 0, 3, 1, 0
68049, 4, 8, 6, 2, 4, 0
97700, 0, 1, 0, 1, 0, 0
99755, 0, 4, 1, 3, 0, 0
101901, 0, 4, 1, 3, 0, 0
107907, 1, 10, 2, 8, 1, 0
110043, 1, 4, 0, 4, 0, 1
110575, 0, 3, 1, 2, 0, 0
113697, 1, 7, 5, 2, 1, 0
113761, 3, 2, 0, 2, 3, 0
113939, 0, 8, 0, 8, 0, 0
114570, 2, 2, 0, 2, 2, 0
114645, 1, 9, 0, 9, 1, 0
115473, 1, 2, 0, 2, 1, 0
115506, 8, 13, 6, 7, 8, 0
115522, 1, 3, 0, 3, 1, 0
115980, 0, 6, 0, 6, 0, 0
115990, 1, 1, 0, 1, 1, 0
116144, 0, 3, 0, 3, 0, 0
116340, 8, 4, 0, 4, 5, 3
116371, 0, 5, 0, 5, 0, 0
117054, 0, 5, 0, 5, 0, 0
117167, 1, 2, 0, 2, 1, 0
117168, 1, 3, 1, 2, 1, 0
117202, 0, 1, 0, 1, 0, 0
117229, 0, 8, 2, 6, 0, 0
117231, 1, 5, 0, 5, 1, 0
117397, 0, 9, 0, 9, 0, 0
117770, 0, 3, 0, 3, 0, 0
117791, 1, 3, 2, 1, 0, 1
117805, 0, 8, 0, 8, 0, 0
117854, 0, 4, 0, 4, 0, 0
117882, 0, 2, 0, 2, 0, 0
117889, 0, 1, 0, 1, 0, 0
118308, 0, 2, 0, 2, 0, 0
118436, 0, 1, 0, 1, 0, 0
118866, 0, 1, 0, 1, 0, 0
118958, 0, 1, 0, 1, 0, 0
119010, 0, 2, 0, 2, 0, 0
119038, 0, 1, 0, 1, 0, 0
119039, 0, 2, 0, 2, 0, 0
119068, 0, 1, 0, 1, 0, 0
119113, 3, 2, 0, 2, 3, 0
119127, 0, 2, 0, 2, 0, 0
119129, 0, 1, 0, 1, 0, 0
119273, 4, 8, 1, 7, 3, 1
119380, 0, 1, 0, 1, 0, 0
119425, 3, 3, 2, 1, 3, 0
119458, 0, 1, 0, 1, 0, 0
119539, 0, 1, 0, 1, 0, 0
119563, 0, 1, 0, 1, 0, 0
119597, 0, 1, 0, 1, 0, 0
119602, 0, 2, 1, 1, 0, 0
119752, 0, 4, 0, 4, 0, 0
119835, 1, 5, 2, 3, 1, 0
119953, 1, 2, 0, 2, 1, 0
119954, 0, 1, 0, 1, 0, 0
119981, 0, 1, 0, 1, 0, 0
120167, 0, 1, 0, 1, 0, 0
120272, 0, 6, 0, 6, 0, 0
120298, 0, 1, 0, 1, 0, 0
120304, 1, 2, 0, 2, 1, 0
120498, 0, 1, 0, 1, 0, 0
120572, 0, 2, 0, 2, 0, 0
120655, 0, 4, 0, 4, 0, 0
120692, 0, 1, 0, 1, 0, 0
120726, 0, 1, 0, 1, 0, 0
120739, 0, 2, 0, 2, 0, 0
121182, 3, 5, 2, 3, 3, 0
122005, 0, 10, 0, 10, 0, 0
122114, 0, 1, 0, 1, 0, 0
122153, 0, 4, 0, 4, 0, 0
122636, 0, 3, 2, 1, 0, 0
123036, 7, 1, 0, 1, 6, 1
123127, 0, 1, 0, 1, 0, 0
123967, 3, 3, 2, 1, 2, 1
124566, 0, 6, 1, 5, 0, 0
125554, 0, 1, 0, 1, 0, 0
18011, 11, 10, 7, 3, 11, 0
37441, 2, 3, 3, 0, 2, 0
39530, 0, 2, 1, 1, 0, 0
1351, 1, 0, 0, 0, 1, 0
1620, 35, 24, 23, 1, 34, 1
16928, 17, 24, 24, 0, 17, 0
21319, 11, 11, 8, 3, 11, 0
24660, 2, 2, 1, 1, 1, 1
33974, 13, 17, 15, 2, 10, 3
56393, 4, 5, 4, 1, 3, 1
56559, 6, 8, 5, 3, 6, 0
93461, 0, 3, 1, 2, 0, 0
95022, 0, 2, 0, 2, 0, 0
101213, 0, 7, 1, 6, 0, 0
104069, 0, 1, 0, 1, 0, 0
110083, 2, 2, 2, 0, 2, 0
111967, 2, 1, 0, 1, 0, 2
113932, 0, 4, 2, 2, 0, 0
114324, 14, 15, 12, 3, 13, 1
114938, 0, 1, 0, 1, 0, 0
117269, 9, 7, 7, 0, 9, 0
121788, 2, 2, 2, 0, 2, 0
122475, 8, 13, 11, 2, 8, 0
122668, 14, 9, 9, 0, 14, 0
122824, 13, 16, 16, 0, 13, 0
123134, 9, 16, 16, 0, 9, 0
123733, 2, 3, 3, 0, 2, 0
124634, 0, 1, 0, 1, 0, 0
124849, 0, 1, 0, 1, 0, 0
125046, 0, 1, 0, 1, 0, 0
125270, 4, 8, 7, 1, 3, 1
125320, 25, 17, 17, 0, 25, 0
126604, 5, 2, 1, 1, 5, 0
127382, 27, 27, 27, 0, 26, 1
128485, 12, 10, 10, 0, 12, 0
130539, 13, 6, 6, 0, 13, 0
130808, 10, 4, 4, 0, 10, 0
131773, 0, 2, 2, 0, 0, 0
94132, 3, 2, 2, 0, 3, 0
1368, 1, 2, 2, 0, 1, 0
12229, 11, 11, 11, 0, 11, 0
18137, 1, 5, 5, 0, 1, 0
20748, 0, 1, 1, 0, 0, 0
20749, 8, 13, 13, 0, 8, 0
20750, 0, 1, 1, 0, 0, 0
63392, 1, 2, 2, 0, 1, 0
96673, 2, 1, 1, 0, 2, 0
1601, 14, 9, 8, 1, 14, 0
3902, 29, 21, 20, 1, 29, 0
2356, 1, 2, 2, 0, 1, 0
2432, 2, 2, 2, 0, 1, 1
11794, 10, 37, 37, 0, 10, 0
67361, 26, 23, 23, 0, 25, 1
95407, 1, 2, 2, 0, 1, 0
104308, 1, 1, 1, 0, 1, 0
107910, 4, 1, 1, 0, 3, 1
124523, 0, 1, 0, 1, 0, 0
129789, 3, 1, 1, 0, 3, 0
3891, 10, 7, 7, 0, 9, 1
3896, 20, 22, 22, 0, 20, 0
4332, 3, 3, 3, 0, 3, 0
4335, 15, 19, 18, 1, 11, 4
4339, 0, 1, 0, 1, 0, 0
10488, 8, 7, 7, 0, 7, 1
25557, 19, 51, 51, 0, 18, 1
29335, 55, 37, 37, 0, 55, 0
46504, 2, 1, 1, 0, 2, 0
47941, 0, 3, 0, 3, 0, 0
127205, 3, 2, 2, 0, 3, 0
3777, 25, 64, 63, 1, 25, 0
3849, 9, 8, 5, 3, 9, 0
3869, 0, 2, 2, 0, 0, 0
3892, 43, 22, 21, 1, 39, 4
3900, 4, 3, 3, 0, 4, 0
95023, 6, 2, 2, 0, 6, 0
3446, 14, 5, 4, 1, 10, 4
24166, 18, 8, 8, 0, 18, 0
54605, 1, 1, 0, 1, 1, 0
55984, 4, 7, 6, 1, 3, 1
106767, 0, 1, 0, 1, 0, 0
108822, 1, 2, 2, 0, 1, 0
117294, 7, 10, 8, 2, 7, 0
124149, 1, 1, 1, 0, 1, 0
1861, 0, 1, 1, 0, 0, 0
98742, 1, 1, 1, 0, 1, 0
4071, 422, 60, 54, 6, 422, 0
6741, 105, 135, 115, 20, 22, 83
8453, 10, 9, 6, 3, 9, 1
9786, 40, 6, 3, 3, 40, 0
9877, 7, 25, 23, 2, 7, 0
11645, 49, 28, 27, 1, 46, 3
13298, 120, 57, 54, 3, 114, 6
13634, 53, 35, 34, 1, 53, 0
15820, 5, 5, 4, 1, 4, 1
20091, 96, 19, 19, 0, 96, 0
20105, 17, 21, 21, 0, 17, 0
21293, 18, 36, 33, 3, 13, 5
22637, 6, 5, 5, 0, 5, 1
23683, 20, 4, 4, 0, 20, 0
27385, 5, 7, 7, 0, 5, 0
27826, 6, 13, 11, 2, 5, 1
28519, 15, 3, 3, 0, 15, 0
28520, 17, 17, 17, 0, 17, 0
28536, 315, 29, 28, 1, 315, 0
29282, 16, 10, 9, 1, 16, 0
30006, 30, 32, 29, 3, 29, 1
32246, 125, 41, 41, 0, 125, 0
33099, 30, 45, 45, 0, 30, 0
34416, 21, 32, 32, 0, 21, 0
34418, 20, 19, 18, 1, 20, 0
35417, 9, 5, 5, 0, 6, 3
35911, 3, 9, 9, 0, 2, 1
37018, 7, 4, 4, 0, 7, 0
39657, 76, 15, 15, 0, 76, 0
42625, 8, 4, 4, 0, 8, 0
45677, 4, 7, 7, 0, 4, 0
49621, 15, 14, 14, 0, 15, 0
50639, 2, 4, 4, 0, 2, 0
51801, 11, 12, 12, 0, 8, 3
52250, 0, 2, 2, 0, 0, 0
53372, 9, 11, 11, 0, 9, 0
57706, 15, 23, 23, 0, 15, 0
60601, 19, 7, 6, 1, 19, 0
65381, 10, 5, 5, 0, 10, 0
93523, 1, 1, 1, 0, 1, 0
93797, 6, 2, 2, 0, 6, 0
99209, 13, 12, 11, 1, 13, 0
4026, 26, 29, 29, 0, 26, 0
11748, 80, 43, 42, 1, 80, 0
11768, 40, 24, 24, 0, 40, 0
14730, 46, 30, 30, 0, 44, 2
19013, 28, 29, 29, 0, 27, 1
21969, 39, 26, 26, 0, 39, 0
23062, 3, 5, 5, 0, 3, 0
26522, 0, 10, 5, 5, 0, 0
41080, 34, 25, 25, 0, 34, 0
41082, 46, 33, 33, 0, 46, 0
41083, 27, 20, 20, 0, 27, 0
41091, 22, 9, 9, 0, 22, 0
44083, 7, 5, 5, 0, 7, 0
44084, 32, 39, 39, 0, 32, 0
44226, 9, 18, 17, 1, 9, 0
45297, 16, 24, 23, 1, 16, 0
51055, 17, 6, 6, 0, 17, 0
64557, 2, 3, 3, 0, 2, 0
69346, 18, 10, 10, 0, 18, 0
79242, 0, 1, 1, 0, 0, 0
24182, 26, 24, 7, 17, 22, 4
36752, 5, 2, 2, 0, 5, 0
39694, 2, 2, 2, 0, 2, 0
44424, 5, 3, 3, 0, 5, 0
18605, 14, 14, 13, 1, 14, 0
93464, 12, 1, 1, 0, 12, 0
94540, 10, 1, 1, 0, 10, 0
1375, 2, 0, 0, 0, 2, 0
15845, 7, 4, 4, 0, 6, 1
24092, 4, 2, 2, 0, 3, 1
24332, 10, 7, 7, 0, 10, 0
28166, 19, 18, 18, 0, 19, 0
28208, 17, 20, 19, 1, 12, 5
33316, 5, 3, 3, 0, 5, 0
38059, 8, 10, 10, 0, 8, 0
38060, 3, 2, 2, 0, 3, 0
99793, 10, 3, 3, 0, 10, 0
100910, 0, 8, 7, 1, 0, 0
1377, 2, 2, 1, 1, 2, 0
4266, 8, 14, 12, 2, 8, 0
6383, 1, 1, 0, 1, 1, 0
6920, 0, 5, 0, 5, 0, 0
6936, 1, 1, 0, 1, 1, 0
16197, 5, 8, 7, 1, 4, 1
16495, 1, 4, 3, 1, 1, 0
30220, 1, 2, 1, 1, 1, 0
48687, 1, 7, 0, 7, 1, 0
60453, 3, 4, 1, 3, 2, 1
63700, 1, 15, 7, 8, 1, 0
108533, 3, 18, 5, 13, 3, 0
112762, 2, 4, 0, 4, 2, 0
112766, 2, 6, 0, 6, 2, 0
113122, 1, 1, 0, 1, 0, 1
113337, 0, 2, 1, 1, 0, 0
114213, 1, 1, 0, 1, 1, 0
114268, 0, 5, 0, 5, 0, 0
115586, 2, 2, 1, 1, 2, 0
117365, 0, 1, 0, 1, 0, 0
117868, 23, 5, 4, 1, 23, 0
119189, 0, 1, 0, 1, 0, 0
120896, 0, 6, 0, 6, 0, 0
41596, 16, 11, 9, 2, 16, 0
73877, 4, 12, 9, 3, 4, 0
105007, 1, 1, 0, 1, 1, 0
110939, 1, 1, 1, 0, 1, 0
7868, 10, 4, 3, 1, 9, 1
1382, 1, 1, 1, 0, 1, 0
1383, 6, 3, 3, 0, 6, 0
27734, 6, 6, 5, 1, 6, 0
1384, 2, 0, 0, 0, 2, 0
1385, 0, 1, 1, 0, 0, 0
1386, 0, 3, 3, 0, 0, 0
1387, 1, 0, 0, 0, 1, 0
1389, 2, 1, 1, 0, 2, 0
72590, 0, 22, 22, 0, 0, 0
91650, 4, 2, 2, 0, 4, 0
91709, 3, 4, 4, 0, 3, 0
1391, 1, 1, 1, 0, 1, 0
20334, 0, 3, 0, 3, 0, 0
28462, 0, 2, 0, 2, 0, 0
29253, 0, 6, 0, 6, 0, 0
29254, 0, 3, 0, 3, 0, 0
29255, 0, 8, 0, 8, 0, 0
29257, 0, 1, 0, 1, 0, 0
29258, 0, 100, 95, 5, 0, 0
32822, 8, 2, 2, 0, 8, 0
32823, 2, 3, 3, 0, 2, 0
32824, 2, 3, 3, 0, 2, 0
50139, 1, 1, 0, 1, 1, 0
80169, 2, 1, 0, 1, 2, 0
81518, 1, 1, 0, 1, 1, 0
82631, 0, 1, 1, 0, 0, 0
92846, 17, 9, 9, 0, 17, 0
1714, 14, 34, 34, 0, 14, 0
7820, 4, 13, 3, 10, 3, 1
8635, 1, 21, 2, 19, 1, 0
10839, 3, 4, 3, 1, 3, 0
11715, 31, 83, 70, 13, 31, 0
12120, 0, 8, 0, 8, 0, 0
12245, 37, 6, 1, 5, 12, 25
12717, 0, 7, 0, 7, 0, 0
12921, 0, 3, 1, 2, 0, 0
14093, 0, 13, 0, 13, 0, 0
14107, 6, 39, 23, 16, 6, 0
15185, 0, 7, 0, 7, 0, 0
16819, 0, 3, 0, 3, 0, 0
16828, 18, 5, 3, 2, 17, 1
17759, 1, 5, 3, 2, 1, 0
17919, 0, 9, 0, 9, 0, 0
17927, 0, 8, 0, 8, 0, 0
20070, 2, 11, 2, 9, 2, 0
20415, 0, 6, 0, 6, 0, 0
20670, 0, 6, 0, 6, 0, 0
21709, 0, 6, 0, 6, 0, 0
21720, 0, 6, 0, 6, 0, 0
21727, 0, 6, 0, 6, 0, 0
21732, 0, 2, 0, 2, 0, 0
21740, 0, 5, 0, 5, 0, 0
23411, 0, 9, 0, 9, 0, 0
24193, 0, 4, 0, 4, 0, 0
24431, 0, 3, 0, 3, 0, 0
24953, 1, 7, 0, 7, 0, 1
25657, 3, 3, 3, 0, 3, 0
25809, 11, 7, 6, 1, 8, 3
26396, 0, 3, 0, 3, 0, 0
28238, 0, 5, 0, 5, 0, 0
29315, 3, 5, 4, 1, 3, 0
31078, 1, 3, 2, 1, 1, 0
31740, 0, 17, 0, 17, 0, 0
32815, 3, 9, 9, 0, 3, 0
34135, 0, 2, 0, 2, 0, 0
34768, 6, 2, 2, 0, 6, 0
36178, 0, 6, 0, 6, 0, 0
37372, 0, 5, 0, 5, 0, 0
38097, 24, 23, 23, 0, 24, 0
38101, 19, 4, 4, 0, 16, 3
38963, 7, 17, 3, 14, 6, 1
41022, 0, 4, 0, 4, 0, 0
41029, 0, 2, 0, 2, 0, 0
41512, 0, 10, 0, 10, 0, 0
41808, 0, 4, 0, 4, 0, 0
42585, 0, 3, 0, 3, 0, 0
44327, 3, 5, 2, 3, 2, 1
44688, 6, 9, 2, 7, 5, 1
45189, 0, 7, 0, 7, 0, 0
48740, 2, 4, 4, 0, 2, 0
49306, 0, 5, 0, 5, 0, 0
50430, 0, 5, 0, 5, 0, 0
50474, 0, 4, 0, 4, 0, 0
51352, 0, 12, 0, 12, 0, 0
57256, 0, 4, 0, 4, 0, 0
57722, 0, 3, 0, 3, 0, 0
63250, 0, 3, 0, 3, 0, 0
65471, 19, 18, 18, 0, 19, 0
73188, 0, 5, 0, 5, 0, 0
79106, 0, 2, 0, 2, 0, 0
84708, 0, 2, 0, 2, 0, 0
91398, 1, 1, 0, 1, 0, 1
91620, 0, 2, 0, 2, 0, 0
92458, 0, 1, 0, 1, 0, 0
92459, 0, 1, 0, 1, 0, 0
92460, 0, 1, 0, 1, 0, 0
92461, 0, 1, 1, 0, 0, 0
92462, 0, 1, 0, 1, 0, 0
92463, 0, 1, 0, 1, 0, 0
100751, 5, 3, 1, 2, 5, 0
100990, 3, 4, 1, 3, 3, 0
105026, 0, 2, 0, 2, 0, 0
5916, 19, 26, 24, 2, 19, 0
7109, 26, 33, 29, 4, 26, 0
9370, 6, 11, 9, 2, 6, 0
9986, 1, 2, 2, 0, 0, 1
10939, 9, 3, 3, 0, 8, 1
11344, 9, 8, 7, 1, 9, 0
13432, 1, 1, 1, 0, 1, 0
13456, 1, 1, 1, 0, 1, 0
13462, 10, 4, 4, 0, 10, 0
13795, 4, 2, 2, 0, 4, 0
15556, 29, 15, 15, 0, 26, 3
17976, 16, 6, 6, 0, 16, 0
18358, 5, 2, 2, 0, 5, 0
24452, 14, 11, 10, 1, 14, 0
24688, 54, 37, 36, 1, 48, 6
24824, 0, 7, 7, 0, 0, 0
24825, 0, 1, 1, 0, 0, 0
24826, 0, 1, 1, 0, 0, 0
24827, 0, 1, 1, 0, 0, 0
24828, 40, 16, 15, 1, 40, 0
24829, 1, 1, 1, 0, 1, 0
24831, 8, 7, 6, 1, 8, 0
24833, 0, 2, 2, 0, 0, 0
24834, 0, 2, 2, 0, 0, 0
24835, 0, 1, 1, 0, 0, 0
24836, 6, 5, 5, 0, 6, 0
24837, 0, 1, 1, 0, 0, 0
24838, 0, 1, 1, 0, 0, 0
24839, 0, 3, 3, 0, 0, 0
24840, 1, 1, 1, 0, 0, 1
24841, 6, 1, 1, 0, 6, 0
1400, 1, 0, 0, 0, 1, 0
14761, 2, 1, 0, 1, 2, 0
20323, 0, 8, 0, 8, 0, 0
20363, 0, 2, 0, 2, 0, 0
21488, 0, 2, 0, 2, 0, 0
21489, 0, 1, 0, 1, 0, 0
21491, 0, 5, 0, 5, 0, 0
21492, 0, 6, 0, 6, 0, 0
21493, 0, 1, 0, 1, 0, 0
1402, 2, 1, 1, 0, 2, 0
2604, 39, 19, 15, 4, 12, 27
18802, 4, 7, 3, 4, 4, 0
36081, 11, 6, 5, 1, 7, 4
41559, 0, 1, 0, 1, 0, 0
41560, 0, 3, 2, 1, 0, 0
41561, 0, 1, 0, 1, 0, 0
58767, 33, 5, 5, 0, 13, 20
8404, 35, 11, 10, 1, 33, 2
9345, 21, 27, 19, 8, 20, 1
10942, 28, 11, 8, 3, 16, 12
11042, 3, 9, 8, 1, 2, 1
15339, 0, 5, 0, 5, 0, 0
17483, 0, 6, 0, 6, 0, 0
20364, 0, 4, 1, 3, 0, 0
20369, 1, 11, 1, 10, 1, 0
20649, 4, 10, 9, 1, 4, 0
25825, 0, 7, 0, 7, 0, 0
26813, 2, 3, 2, 1, 1, 1
27191, 0, 5, 0, 5, 0, 0
27290, 1, 2, 1, 1, 1, 0
30469, 0, 2, 0, 2, 0, 0
30524, 4, 6, 5, 1, 3, 1
31000, 0, 3, 2, 1, 0, 0
33671, 1, 1, 0, 1, 0, 1
34698, 4, 30, 26, 4, 3, 1
35777, 0, 4, 0, 4, 0, 0
36175, 0, 8, 0, 8, 0, 0
36177, 2, 15, 4, 11, 2, 0
36569, 3, 9, 6, 3, 2, 1
39246, 1, 2, 1, 1, 1, 0
39928, 1, 1, 0, 1, 1, 0
41952, 0, 6, 1, 5, 0, 0
42254, 13, 10, 9, 1, 8, 5
42838, 0, 3, 0, 3, 0, 0
42849, 0, 3, 0, 3, 0, 0
42872, 0, 3, 0, 3, 0, 0
43442, 0, 10, 1, 9, 0, 0
43739, 0, 5, 0, 5, 0, 0
44005, 0, 9, 0, 9, 0, 0
46088, 1, 3, 2, 1, 1, 0
46787, 1, 4, 1, 3, 1, 0
48055, 4, 10, 8, 2, 4, 0
49194, 0, 2, 0, 2, 0, 0
54461, 0, 2, 0, 2, 0, 0
62113, 4, 14, 6, 8, 3, 1
64554, 2, 6, 5, 1, 1, 1
64738, 7, 4, 3, 1, 6, 1
69123, 7, 4, 3, 1, 7, 0
72698, 0, 4, 0, 4, 0, 0
92365, 0, 1, 0, 1, 0, 0
92366, 0, 1, 0, 1, 0, 0
92367, 0, 1, 0, 1, 0, 0
92368, 0, 1, 0, 1, 0, 0
92369, 0, 1, 0, 1, 0, 0
92370, 0, 1, 0, 1, 0, 0
92371, 3, 6, 5, 1, 3, 0
92375, 0, 1, 0, 1, 0, 0
92376, 0, 1, 0, 1, 0, 0
92377, 0, 1, 0, 1, 0, 0
92378, 0, 1, 0, 1, 0, 0
92379, 0, 1, 0, 1, 0, 0
92380, 0, 1, 0, 1, 0, 0
92381, 0, 1, 0, 1, 0, 0
92382, 0, 1, 0, 1, 0, 0
92383, 0, 1, 0, 1, 0, 0
92384, 0, 1, 0, 1, 0, 0
92385, 0, 1, 0, 1, 0, 0
92386, 0, 1, 0, 1, 0, 0
97360, 0, 2, 0, 2, 0, 0
103175, 0, 4, 1, 3, 0, 0
103330, 0, 4, 0, 4, 0, 0
107007, 0, 3, 0, 3, 0, 0
108336, 1, 2, 1, 1, 1, 0
109703, 0, 5, 0, 5, 0, 0
109736, 0, 1, 0, 1, 0, 0
109737, 0, 1, 0, 1, 0, 0
109861, 0, 1, 0, 1, 0, 0
1406, 6, 1, 1, 0, 6, 0
105337, 7, 2, 2, 0, 7, 0
1407, 1, 1, 0, 1, 0, 1
1408, 2, 1, 0, 1, 1, 1
16403, 3, 3, 3, 0, 3, 0
16404, 5, 7, 3, 4, 4, 1
51538, 0, 1, 1, 0, 0, 0
94025, 0, 1, 1, 0, 0, 0
15530, 0, 2, 0, 2, 0, 0
8147, 5, 5, 5, 0, 5, 0
1414, 1, 0, 0, 0, 1, 0
11533, 1, 13, 0, 13, 0, 1
16049, 1, 1, 0, 1, 1, 0
16098, 3, 2, 0, 2, 0, 3
17859, 2, 3, 1, 2, 0, 2
17895, 0, 3, 0, 3, 0, 0
18478, 0, 3, 0, 3, 0, 0
19399, 0, 6, 0, 6, 0, 0
19587, 0, 4, 0, 4, 0, 0
20326, 0, 3, 0, 3, 0, 0
20340, 0, 9, 0, 9, 0, 0
20679, 0, 5, 0, 5, 0, 0
24682, 3, 16, 6, 10, 3, 0
24864, 4, 16, 0, 16, 1, 3
25146, 2, 2, 1, 1, 2, 0
26329, 0, 4, 0, 4, 0, 0
26330, 0, 3, 0, 3, 0, 0
27812, 0, 4, 0, 4, 0, 0
28003, 0, 5, 0, 5, 0, 0
28124, 0, 2, 0, 2, 0, 0
28584, 0, 5, 0, 5, 0, 0
28787, 0, 5, 0, 5, 0, 0
28966, 0, 4, 0, 4, 0, 0
31251, 24, 5, 1, 4, 21, 3
32286, 0, 3, 0, 3, 0, 0
32976, 2, 4, 1, 3, 1, 1
33569, 0, 2, 0, 2, 0, 0
34182, 0, 2, 0, 2, 0, 0
34966, 0, 10, 0, 10, 0, 0
36727, 0, 8, 0, 8, 0, 0
37748, 0, 5, 0, 5, 0, 0
37888, 0, 5, 0, 5, 0, 0
41289, 0, 2, 0, 2, 0, 0
41310, 1, 6, 1, 5, 1, 0
42076, 0, 4, 0, 4, 0, 0
42790, 0, 3, 0, 3, 0, 0
42794, 0, 2, 0, 2, 0, 0
42795, 0, 1, 0, 1, 0, 0
42796, 0, 5, 0, 5, 0, 0
42797, 0, 4, 0, 4, 0, 0
42798, 0, 5, 0, 5, 0, 0
42799, 0, 3, 0, 3, 0, 0
42800, 0, 5, 0, 5, 0, 0
42801, 0, 3, 0, 3, 0, 0
42802, 0, 3, 0, 3, 0, 0
42804, 0, 3, 0, 3, 0, 0
42806, 0, 1, 0, 1, 0, 0
42808, 0, 2, 0, 2, 0, 0
42809, 0, 1, 0, 1, 0, 0
42810, 0, 3, 0, 3, 0, 0
42811, 0, 2, 0, 2, 0, 0
42813, 0, 1, 0, 1, 0, 0
42814, 0, 3, 0, 3, 0, 0
42817, 0, 2, 0, 2, 0, 0
42818, 0, 5, 0, 5, 0, 0
42819, 0, 3, 0, 3, 0, 0
42820, 0, 2, 0, 2, 0, 0
42821, 0, 4, 0, 4, 0, 0
42822, 0, 2, 0, 2, 0, 0
42823, 0, 2, 0, 2, 0, 0
42824, 0, 1, 0, 1, 0, 0
42825, 0, 3, 0, 3, 0, 0
42827, 0, 3, 0, 3, 0, 0
42831, 0, 4, 0, 4, 0, 0
42832, 0, 2, 0, 2, 0, 0
42833, 0, 4, 0, 4, 0, 0
42835, 0, 3, 0, 3, 0, 0
42836, 0, 2, 0, 2, 0, 0
42837, 0, 1, 0, 1, 0, 0
42839, 0, 1, 0, 1, 0, 0
42840, 0, 3, 0, 3, 0, 0
42841, 0, 4, 0, 4, 0, 0
42843, 0, 3, 0, 3, 0, 0
42844, 0, 3, 0, 3, 0, 0
42845, 0, 2, 0, 2, 0, 0
42846, 0, 1, 0, 1, 0, 0
42847, 0, 3, 0, 3, 0, 0
42848, 0, 2, 0, 2, 0, 0
42851, 0, 1, 0, 1, 0, 0
93180, 3, 3, 1, 2, 3, 0
97252, 2, 6, 0, 6, 1, 1
99222, 1, 3, 1, 2, 1, 0
102679, 4, 11, 6, 5, 4, 0
1419, 1, 0, 0, 0, 1, 0
2100, 5, 22, 19, 3, 5, 0
2908, 10, 9, 9, 0, 7, 3
7353, 29, 20, 18, 2, 29, 0
9193, 75, 14, 14, 0, 74, 1
9416, 12, 11, 9, 2, 5, 7
10511, 20, 48, 48, 0, 20, 0
12156, 6, 28, 28, 0, 6, 0
13245, 36, 13, 13, 0, 35, 1
15194, 7, 13, 13, 0, 6, 1
16528, 56, 55, 54, 1, 47, 9
17093, 2, 15, 12, 3, 2, 0
17540, 25, 22, 22, 0, 24, 1
19066, 3, 15, 13, 2, 2, 1
19526, 2, 6, 6, 0, 2, 0
20047, 27, 18, 18, 0, 27, 0
21023, 4, 17, 9, 8, 4, 0
21967, 43, 66, 65, 1, 43, 0
22044, 26, 27, 25, 2, 24, 2
22647, 5, 10, 10, 0, 5, 0
22833, 1, 5, 5, 0, 1, 0
22908, 8, 10, 10, 0, 7, 1
23225, 25, 20, 20, 0, 25, 0
24088, 24, 12, 12, 0, 22, 2
24274, 6, 7, 7, 0, 6, 0
24478, 37, 77, 77, 0, 31, 6
25217, 27, 48, 48, 0, 27, 0
25603, 11, 44, 40, 4, 9, 2
27957, 6, 8, 8, 0, 6, 0
28471, 5, 12, 12, 0, 5, 0
28778, 30, 66, 63, 3, 22, 8
29330, 0, 4, 3, 1, 0, 0
30088, 13, 11, 9, 2, 13, 0
30932, 19, 21, 18, 3, 19, 0
31128, 6, 19, 17, 2, 6, 0
33236, 4, 7, 6, 1, 4, 0
34635, 2, 11, 8, 3, 2, 0
35011, 8, 36, 36, 0, 3, 5
35936, 22, 18, 17, 1, 22, 0
36421, 113, 66, 61, 5, 113, 0
36546, 11, 27, 25, 2, 11, 0
37227, 4, 8, 8, 0, 4, 0
37451, 16, 8, 7, 1, 14, 2
39154, 3, 12, 12, 0, 3, 0
40953, 2, 7, 4, 3, 2, 0
42462, 2, 4, 3, 1, 2, 0
46220, 14, 49, 44, 5, 14, 0
47302, 11, 12, 9, 3, 11, 0
47468, 9, 6, 4, 2, 7, 2
48924, 4, 9, 7, 2, 4, 0
49286, 35, 20, 20, 0, 35, 0
49421, 6, 2, 2, 0, 6, 0
50652, 6, 11, 10, 1, 6, 0
50693, 0, 2, 2, 0, 0, 0
51228, 59, 43, 41, 2, 59, 0
51326, 1, 9, 9, 0, 1, 0
51374, 6, 5, 5, 0, 6, 0
51604, 3, 2, 2, 0, 3, 0
51878, 1, 6, 5, 1, 1, 0
52468, 5, 7, 7, 0, 5, 0
52814, 11, 10, 10, 0, 11, 0
53545, 14, 27, 26, 1, 14, 0
53725, 2, 5, 4, 1, 2, 0
53854, 11, 11, 11, 0, 11, 0
53980, 7, 6, 6, 0, 7, 0
54792, 22, 13, 13, 0, 22, 0
56170, 11, 7, 6, 1, 11, 0
56204, 2, 2, 1, 1, 2, 0
56553, 3, 8, 8, 0, 3, 0
56745, 1, 7, 7, 0, 1, 0
57296, 13, 9, 9, 0, 13, 0
57517, 21, 13, 13, 0, 19, 2
57573, 1, 3, 3, 0, 1, 0
58341, 6, 11, 11, 0, 6, 0
59861, 19, 36, 36, 0, 19, 0
61253, 7, 16, 13, 3, 7, 0
63277, 0, 13, 13, 0, 0, 0
63468, 19, 20, 17, 3, 17, 2
63599, 2, 5, 4, 1, 2, 0
64088, 1, 3, 3, 0, 1, 0
64118, 9, 10, 9, 1, 9, 0
65089, 12, 4, 4, 0, 12, 0
65288, 3, 6, 6, 0, 3, 0
65928, 6, 2, 0, 2, 6, 0
66690, 8, 5, 5, 0, 7, 1
67231, 22, 11, 10, 1, 21, 1
67439, 4, 9, 9, 0, 4, 0
68075, 5, 8, 8, 0, 5, 0
68497, 3, 10, 10, 0, 3, 0
69322, 9, 2, 2, 0, 9, 0
69744, 16, 8, 7, 1, 15, 1
70252, 4, 13, 12, 1, 4, 0
70954, 0, 30, 30, 0, 0, 0
71046, 7, 4, 4, 0, 7, 0
71520, 2, 3, 3, 0, 2, 0
71592, 0, 7, 7, 0, 0, 0
71884, 1, 7, 6, 1, 1, 0
74859, 3, 6, 6, 0, 3, 0
76609, 3, 3, 3, 0, 3, 0
76630, 0, 5, 5, 0, 0, 0
76631, 0, 3, 3, 0, 0, 0
76632, 1, 3, 3, 0, 1, 0
76633, 7, 1, 1, 0, 7, 0
76634, 1, 1, 1, 0, 1, 0
76635, 2, 3, 2, 1, 2, 0
76636, 0, 2, 2, 0, 0, 0
76637, 1, 2, 2, 0, 1, 0
76638, 0, 2, 2, 0, 0, 0
76639, 0, 2, 2, 0, 0, 0
76641, 0, 1, 1, 0, 0, 0
76642, 0, 1, 1, 0, 0, 0
76644, 1, 2, 2, 0, 1, 0
76645, 5, 6, 6, 0, 5, 0
76646, 2, 3, 3, 0, 2, 0
76647, 4, 4, 4, 0, 4, 0
76648, 1, 1, 1, 0, 1, 0
76649, 0, 1, 1, 0, 0, 0
76650, 3, 4, 4, 0, 3, 0
76651, 0, 1, 1, 0, 0, 0
76652, 0, 1, 1, 0, 0, 0
76653, 5, 3, 3, 0, 5, 0
76654, 0, 1, 1, 0, 0, 0
1421, 1, 0, 0, 0, 0, 1
1422, 1, 1, 0, 1, 1, 0
1423, 1, 1, 1, 0, 1, 0
1424, 10, 10, 10, 0, 10, 0
67185, 0, 2, 2, 0, 0, 0
73982, 7, 3, 3, 0, 7, 0
80445, 0, 1, 1, 0, 0, 0
1425, 1, 0, 0, 0, 1, 0
109452, 0, 1, 1, 0, 0, 0
1427, 1, 0, 0, 0, 0, 1
1428, 0, 1, 0, 1, 0, 0
1429, 1, 1, 1, 0, 1, 0
50075, 1, 5, 4, 1, 1, 0
3650, 3, 5, 5, 0, 3, 0
6189, 3, 10, 8, 2, 3, 0
8435, 4, 4, 0, 4, 4, 0
11514, 4, 5, 1, 4, 4, 0
17585, 4, 8, 8, 0, 4, 0
17610, 15, 16, 16, 0, 13, 2
41837, 11, 9, 7, 2, 9, 2
42596, 3, 8, 5, 3, 2, 1
53825, 9, 4, 3, 1, 9, 0
54083, 2, 3, 1, 2, 0, 2
94465, 0, 1, 0, 1, 0, 0
97661, 0, 1, 0, 1, 0, 0
98166, 0, 1, 0, 1, 0, 0
98846, 0, 2, 0, 2, 0, 0
100327, 0, 1, 0, 1, 0, 0
1432, 1, 0, 0, 0, 1, 0
1433, 1, 0, 0, 0, 0, 1
18053, 22, 13, 13, 0, 21, 1
25769, 6, 5, 5, 0, 6, 0
43234, 1, 7, 0, 7, 1, 0
44277, 1, 2, 0, 2, 1, 0
1435, 1, 0, 0, 0, 0, 1
1436, 0, 2, 0, 2, 0, 0
1437, 3, 0, 0, 0, 3, 0
2354, 4, 27, 25, 2, 2, 2
2464, 2, 7, 6, 1, 2, 0
3444, 11, 14, 8, 6, 8, 3
3452, 28, 12, 12, 0, 28, 0
4375, 30, 23, 23, 0, 30, 0
5706, 22, 41, 41, 0, 14, 8
6941, 3, 42, 41, 1, 3, 0
7953, 2, 20, 20, 0, 2, 0
12209, 14, 11, 10, 1, 14, 0
13903, 4, 45, 45, 0, 4, 0
15379, 2, 20, 20, 0, 1, 1
19056, 1, 15, 14, 1, 1, 0
19396, 2, 56, 52, 4, 1, 1
20055, 15, 16, 16, 0, 15, 0
20147, 46, 20, 19, 1, 34, 12
21159, 3, 79, 78, 1, 3, 0
23359, 7, 35, 34, 1, 7, 0
24107, 28, 11, 11, 0, 27, 1
24456, 23, 15, 12, 3, 23, 0
24537, 16, 22, 22, 0, 12, 4
26583, 12, 38, 38, 0, 11, 1
29807, 1, 4, 1, 3, 1, 0
30121, 38, 38, 33, 5, 28, 10
31555, 37, 19, 18, 1, 36, 1
31873, 35, 43, 42, 1, 31, 4
31913, 2, 2, 2, 0, 2, 0
32353, 20, 12, 12, 0, 20, 0
32413, 82, 13, 10, 3, 11, 71
33567, 0, 4, 4, 0, 0, 0
34494, 3, 25, 25, 0, 3, 0
34644, 16, 5, 4, 1, 12, 4
34752, 8, 34, 33, 1, 8, 0
36420, 13, 11, 6, 5, 12, 1
37016, 1, 1, 1, 0, 1, 0
37131, 8, 10, 10, 0, 8, 0
37789, 20, 5, 3, 2, 12, 8
38868, 38, 22, 22, 0, 38, 0
41942, 9, 7, 5, 2, 8, 1
42634, 2, 1, 1, 0, 2, 0
43378, 18, 14, 13, 1, 13, 5
44360, 6, 5, 4, 1, 6, 0
44372, 3, 1, 0, 1, 2, 1
44411, 2, 4, 4, 0, 2, 0
45443, 13, 13, 13, 0, 13, 0
46774, 4, 31, 3, 28, 4, 0
47051, 20, 13, 12, 1, 19, 1
50126, 23, 14, 14, 0, 23, 0
50600, 2, 8, 6, 2, 2, 0
53011, 4, 6, 5, 1, 4, 0
53773, 2, 7, 7, 0, 2, 0
54269, 4, 15, 14, 1, 4, 0
54976, 9, 3, 3, 0, 4, 5
56171, 0, 2, 0, 2, 0, 0
59427, 1, 6, 5, 1, 1, 0
60711, 11, 19, 19, 0, 11, 0
60764, 13, 16, 15, 1, 13, 0
62061, 1, 7, 7, 0, 1, 0
62542, 0, 4, 1, 3, 0, 0
66103, 0, 2, 0, 2, 0, 0
66563, 0, 4, 4, 0, 0, 0
66640, 2, 1, 0, 1, 1, 1
69806, 3, 2, 2, 0, 3, 0
71990, 13, 32, 32, 0, 13, 0
72353, 12, 11, 11, 0, 12, 0
72533, 3, 5, 5, 0, 3, 0
74548, 6, 5, 4, 1, 4, 2
78624, 6, 4, 4, 0, 6, 0
78737, 1, 3, 3, 0, 1, 0
79230, 0, 2, 2, 0, 0, 0
80968, 1, 8, 8, 0, 1, 0
84066, 1, 5, 5, 0, 1, 0
84549, 1, 8, 8, 0, 1, 0
85467, 1, 1, 1, 0, 1, 0
85506, 0, 5, 4, 1, 0, 0
87610, 8, 1, 1, 0, 8, 0
87649, 2, 1, 1, 0, 2, 0
88068, 1, 2, 2, 0, 1, 0
88316, 1, 2, 2, 0, 1, 0
89096, 1, 2, 2, 0, 1, 0
89158, 1, 1, 1, 0, 1, 0
89604, 3, 1, 1, 0, 3, 0
90582, 3, 1, 1, 0, 3, 0
90886, 2, 1, 1, 0, 2, 0
90967, 2, 1, 1, 0, 2, 0
92313, 0, 1, 1, 0, 0, 0
92314, 0, 1, 1, 0, 0, 0
92315, 0, 1, 0, 1, 0, 0
92316, 0, 1, 0, 1, 0, 0
92317, 0, 1, 0, 1, 0, 0
92318, 6, 7, 6, 1, 6, 0
92319, 0, 1, 1, 0, 0, 0
92320, 0, 1, 1, 0, 0, 0
92321, 0, 1, 0, 1, 0, 0
115321, 0, 1, 1, 0, 0, 0
1439, 1, 0, 0, 0, 0, 1
9132, 88, 32, 31, 1, 88, 0
11298, 27, 13, 13, 0, 27, 0
15810, 20, 17, 17, 0, 20, 0
25437, 30, 20, 20, 0, 30, 0
28571, 12, 126, 122, 4, 12, 0
29296, 123, 43, 43, 0, 123, 0
30877, 59, 51, 48, 3, 59, 0
35969, 7, 8, 7, 1, 7, 0
36093, 0, 9, 1, 8, 0, 0
37293, 102, 82, 80, 2, 99, 3
38095, 14, 7, 6, 1, 14, 0
38719, 28, 15, 15, 0, 28, 0
39226, 0, 9, 2, 7, 0, 0
39988, 161, 79, 78, 1, 151, 10
40257, 2, 5, 2, 3, 2, 0
41267, 9, 3, 1, 2, 2, 7
44473, 19, 3, 3, 0, 19, 0
52204, 2, 6, 1, 5, 2, 0
56352, 2, 114, 101, 13, 2, 0
56763, 66, 22, 22, 0, 66, 0
57443, 1, 23, 13, 10, 1, 0
58044, 7, 8, 1, 7, 3, 4
59560, 1, 11, 1, 10, 1, 0
61601, 0, 7, 0, 7, 0, 0
63022, 0, 7, 0, 7, 0, 0
66515, 0, 4, 0, 4, 0, 0
72696, 0, 4, 0, 4, 0, 0
75814, 0, 1, 0, 1, 0, 0
75815, 0, 1, 0, 1, 0, 0
75816, 0, 1, 0, 1, 0, 0
17417, 10, 5, 4, 1, 10, 0
33805, 25, 16, 16, 0, 25, 0
36192, 0, 7, 0, 7, 0, 0
36762, 32, 13, 10, 3, 29, 3
80285, 1, 1, 1, 0, 1, 0
120035, 3, 1, 0, 1, 3, 0
123946, 0, 1, 0, 1, 0, 0
123947, 0, 1, 0, 1, 0, 0
124537, 4, 3, 3, 0, 4, 0
124924, 0, 1, 0, 1, 0, 0
125074, 0, 1, 0, 1, 0, 0
125216, 14, 7, 6, 1, 14, 0
125698, 0, 1, 1, 0, 0, 0
125751, 0, 3, 0, 3, 0, 0
126171, 1, 2, 2, 0, 1, 0
127468, 0, 5, 0, 5, 0, 0
127742, 0, 2, 1, 1, 0, 0
130025, 6, 14, 14, 0, 6, 0
131424, 0, 1, 0, 1, 0, 0
3595, 0, 8, 0, 8, 0, 0
12406, 2, 13, 2, 11, 2, 0
12408, 2, 11, 2, 9, 2, 0
23177, 2, 30, 19, 11, 2, 0
28053, 9, 15, 11, 4, 9, 0
115679, 11, 6, 1, 5, 11, 0
8303, 39, 25, 20, 5, 22, 17
16412, 2, 1, 1, 0, 1, 1
18373, 12, 3, 1, 2, 12, 0
19141, 64, 38, 28, 10, 62, 2
33858, 0, 2, 2, 0, 0, 0
51131, 13, 1, 1, 0, 10, 3
56921, 3, 3, 3, 0, 3, 0
92051, 0, 1, 1, 0, 0, 0
100066, 4, 1, 1, 0, 4, 0
109049, 0, 1, 1, 0, 0, 0
6386, 31, 4, 3, 1, 31, 0
10086, 2, 1, 0, 1, 2, 0
20689, 15, 8, 7, 1, 15, 0
23518, 23, 13, 10, 3, 22, 1
23519, 20, 12, 10, 2, 20, 0
23524, 14, 9, 7, 2, 14, 0
23526, 0, 8, 7, 1, 0, 0
30016, 4, 8, 7, 1, 4, 0
30158, 1, 1, 0, 1, 1, 0
30903, 153, 94, 89, 5, 153, 0
31071, 11, 20, 17, 3, 8, 3
31549, 2, 12, 10, 2, 2, 0
35501, 0, 3, 0, 3, 0, 0
36101, 1, 1, 0, 1, 1, 0
36443, 0, 5, 3, 2, 0, 0
36857, 3, 6, 4, 2, 2, 1
40262, 11, 3, 2, 1, 10, 1
41936, 6, 7, 6, 1, 6, 0
42031, 1, 2, 0, 2, 1, 0
44265, 0, 3, 1, 2, 0, 0
45216, 0, 2, 1, 1, 0, 0
52137, 0, 2, 0, 2, 0, 0
57093, 10, 4, 2, 2, 9, 1
70876, 3, 7, 2, 5, 3, 0
70916, 3, 5, 2, 3, 3, 0
77271, 21, 14, 12, 2, 21, 0
82016, 22, 10, 8, 2, 22, 0
87290, 100, 15, 9, 6, 100, 0
89659, 15, 6, 3, 3, 15, 0
94832, 1, 1, 0, 1, 1, 0
95760, 0, 5, 5, 0, 0, 0
97223, 11, 5, 1, 4, 10, 1
102087, 11, 4, 1, 3, 8, 3
102709, 5, 1, 0, 1, 5, 0
102721, 20, 1, 0, 1, 20, 0
102722, 0, 2, 1, 1, 0, 0
102837, 0, 2, 0, 2, 0, 0
103345, 0, 3, 2, 1, 0, 0
104753, 1, 4, 1, 3, 1, 0
105275, 7, 11, 8, 3, 7, 0
109831, 0, 2, 1, 1, 0, 0
110599, 1, 1, 0, 1, 1, 0
111038, 0, 2, 1, 1, 0, 0
111595, 8, 10, 5, 5, 8, 0
112716, 7, 2, 1, 1, 7, 0
113117, 14, 8, 7, 1, 14, 0
113143, 1, 1, 0, 1, 1, 0
113164, 4, 1, 0, 1, 4, 0
113212, 0, 9, 0, 9, 0, 0
113324, 0, 1, 0, 1, 0, 0
113598, 2, 1, 0, 1, 2, 0
114345, 0, 2, 1, 1, 0, 0
114538, 2, 1, 0, 1, 2, 0
114551, 0, 5, 1, 4, 0, 0
115487, 0, 1, 0, 1, 0, 0
115598, 4, 1, 0, 1, 4, 0
115599, 0, 1, 0, 1, 0, 0
115808, 0, 1, 0, 1, 0, 0
116168, 0, 2, 0, 2, 0, 0
116381, 1, 1, 0, 1, 1, 0
116384, 0, 1, 0, 1, 0, 0
116541, 0, 1, 0, 1, 0, 0
116648, 0, 1, 0, 1, 0, 0
116722, 0, 1, 0, 1, 0, 0
116874, 0, 1, 0, 1, 0, 0
117414, 0, 7, 0, 7, 0, 0
117849, 0, 9, 0, 9, 0, 0
117857, 0, 8, 0, 8, 0, 0
117859, 0, 1, 0, 1, 0, 0
118014, 1, 3, 1, 2, 1, 0
118498, 1, 2, 0, 2, 1, 0
118922, 0, 1, 0, 1, 0, 0
118979, 0, 1, 0, 1, 0, 0
119306, 0, 2, 0, 2, 0, 0
119315, 0, 1, 0, 1, 0, 0
119603, 0, 1, 0, 1, 0, 0
120119, 3, 3, 1, 2, 3, 0
120353, 0, 1, 0, 1, 0, 0
120354, 0, 1, 0, 1, 0, 0
120586, 0, 2, 0, 2, 0, 0
120713, 0, 1, 0, 1, 0, 0
120837, 0, 1, 0, 1, 0, 0
121399, 1, 1, 0, 1, 1, 0
121794, 0, 1, 0, 1, 0, 0
122106, 0, 3, 0, 3, 0, 0
122188, 1, 2, 1, 1, 0, 1
122570, 1, 1, 0, 1, 0, 1
122641, 0, 1, 0, 1, 0, 0
123171, 0, 2, 0, 2, 0, 0
124078, 2, 1, 0, 1, 2, 0
14205, 4, 2, 2, 0, 4, 0
30508, 0, 1, 0, 1, 0, 0
102370, 0, 1, 1, 0, 0, 0
104994, 0, 4, 2, 2, 0, 0
108726, 0, 9, 0, 9, 0, 0
110189, 0, 3, 3, 0, 0, 0
110756, 0, 1, 0, 1, 0, 0
110757, 0, 2, 1, 1, 0, 0
129383, 0, 2, 0, 2, 0, 0
16944, 11, 5, 5, 0, 11, 0
17038, 18, 20, 19, 1, 17, 1
17053, 131, 25, 24, 1, 131, 0
63702, 9, 1, 1, 0, 9, 0
116917, 5, 4, 4, 0, 5, 0
126897, 10, 9, 9, 0, 10, 0
129028, 1, 8, 8, 0, 1, 0
130266, 2, 1, 1, 0, 2, 0
46219, 0, 2, 0, 2, 0, 0
97590, 10, 12, 12, 0, 10, 0
38756, 6, 5, 4, 1, 6, 0
102886, 16, 15, 15, 0, 16, 0
124116, 1, 2, 2, 0, 1, 0
126240, 0, 1, 1, 0, 0, 0
2874, 27, 19, 12, 7, 27, 0
18100, 4, 7, 1, 6, 4, 0
31317, 5, 10, 7, 3, 3, 2
93547, 3, 6, 1, 5, 3, 0
95533, 1, 1, 0, 1, 1, 0
102475, 9, 9, 6, 3, 9, 0
107508, 1, 2, 1, 1, 1, 0
108573, 1, 7, 0, 7, 1, 0
113224, 1, 22, 0, 22, 1, 0
113398, 2, 3, 2, 1, 2, 0
117762, 0, 4, 0, 4, 0, 0
118116, 0, 3, 1, 2, 0, 0
118469, 1, 6, 1, 5, 1, 0
118470, 2, 2, 0, 2, 2, 0
118603, 0, 1, 0, 1, 0, 0
118609, 0, 1, 0, 1, 0, 0
121046, 0, 2, 0, 2, 0, 0
121178, 0, 1, 0, 1, 0, 0
121563, 0, 2, 0, 2, 0, 0
121795, 21, 6, 4, 2, 21, 0
122295, 0, 6, 0, 6, 0, 0
122734, 1, 7, 0, 7, 0, 1
123311, 0, 1, 0, 1, 0, 0
123342, 0, 1, 0, 1, 0, 0
123392, 0, 1, 0, 1, 0, 0
123393, 0, 1, 0, 1, 0, 0
123419, 1, 4, 1, 3, 1, 0
123554, 0, 1, 0, 1, 0, 0
123619, 2, 1, 0, 1, 1, 1
124002, 0, 6, 0, 6, 0, 0
124847, 0, 4, 0, 4, 0, 0
127075, 12, 5, 0, 5, 12, 0
127858, 0, 1, 0, 1, 0, 0
128365, 1, 10, 3, 7, 1, 0
13132, 16, 11, 11, 0, 16, 0
17749, 74, 14, 13, 1, 74, 0
39296, 12, 10, 9, 1, 12, 0
96047, 1, 2, 2, 0, 1, 0
102144, 2, 2, 2, 0, 2, 0
102398, 36, 6, 6, 0, 36, 0
1501, 2, 1, 1, 0, 2, 0
2985, 9, 7, 6, 1, 8, 1
3040, 13, 5, 5, 0, 13, 0
5606, 17, 11, 10, 1, 16, 1
5774, 23, 8, 8, 0, 23, 0
8193, 7, 2, 2, 0, 7, 0
11057, 10, 3, 3, 0, 9, 1
11790, 12, 56, 54, 2, 12, 0
12334, 1, 6, 6, 0, 1, 0
16091, 3, 4, 1, 3, 3, 0
16440, 8, 9, 8, 1, 7, 1
18421, 6, 10, 7, 3, 3, 3
18422, 2, 1, 1, 0, 2, 0
20722, 0, 3, 3, 0, 0, 0
21928, 6, 7, 6, 1, 4, 2
33014, 3, 3, 2, 1, 3, 0
33536, 3, 5, 3, 2, 2, 1
35828, 1, 1, 1, 0, 1, 0
36855, 4, 5, 5, 0, 3, 1
45429, 4, 1, 1, 0, 3, 1
55990, 3, 13, 12, 1, 3, 0
58414, 15, 5, 5, 0, 15, 0
67741, 0, 2, 2, 0, 0, 0
76836, 1, 4, 3, 1, 1, 0
82376, 0, 5, 1, 4, 0, 0
91277, 4, 4, 4, 0, 4, 0
92490, 24, 6, 6, 0, 23, 1
94981, 14, 7, 7, 0, 14, 0
95004, 3, 3, 3, 0, 3, 0
95462, 1, 3, 3, 0, 1, 0
95630, 1, 5, 5, 0, 1, 0
95681, 0, 2, 2, 0, 0, 0
95684, 1, 1, 1, 0, 1, 0
95819, 1, 9, 4, 5, 1, 0
95826, 1, 2, 2, 0, 1, 0
95936, 0, 1, 1, 0, 0, 0
95940, 0, 1, 1, 0, 0, 0
96183, 0, 1, 1, 0, 0, 0
96184, 3, 4, 4, 0, 3, 0
96264, 3, 4, 4, 0, 3, 0
96275, 11, 2, 2, 0, 11, 0
96278, 0, 1, 1, 0, 0, 0
96281, 0, 1, 1, 0, 0, 0
96282, 0, 1, 1, 0, 0, 0
96386, 9, 3, 3, 0, 9, 0
96402, 0, 1, 1, 0, 0, 0
96404, 0, 2, 2, 0, 0, 0
96493, 4, 9, 6, 3, 4, 0
96502, 0, 1, 1, 0, 0, 0
96503, 0, 1, 1, 0, 0, 0
96504, 0, 1, 1, 0, 0, 0
96505, 2, 4, 4, 0, 2, 0
96506, 0, 1, 1, 0, 0, 0
96507, 0, 1, 1, 0, 0, 0
96540, 1, 1, 1, 0, 1, 0
96573, 0, 1, 1, 0, 0, 0
96575, 0, 2, 2, 0, 0, 0
96618, 1, 2, 2, 0, 1, 0
96659, 0, 1, 1, 0, 0, 0
96681, 3, 6, 4, 2, 0, 3
96865, 11, 12, 12, 0, 11, 0
96881, 0, 1, 1, 0, 0, 0
96966, 1, 1, 1, 0, 1, 0
96977, 14, 13, 13, 0, 12, 2
97142, 0, 3, 3, 0, 0, 0
97808, 4, 5, 5, 0, 4, 0
97832, 5, 9, 9, 0, 5, 0
97938, 0, 1, 1, 0, 0, 0
98035, 6, 4, 4, 0, 6, 0
98043, 18, 3, 3, 0, 18, 0
98045, 0, 1, 1, 0, 0, 0
98100, 0, 2, 2, 0, 0, 0
98221, 1, 1, 1, 0, 1, 0
98328, 0, 1, 1, 0, 0, 0
98390, 1, 1, 1, 0, 1, 0
98724, 2, 2, 2, 0, 2, 0
98993, 9, 6, 6, 0, 9, 0
99064, 16, 6, 6, 0, 16, 0
99342, 0, 1, 1, 0, 0, 0
99804, 1, 3, 3, 0, 1, 0
101359, 0, 1, 1, 0, 0, 0
1767, 4, 4, 2, 2, 1, 3
58621, 20, 6, 2, 4, 20, 0
14392, 45, 27, 26, 1, 37, 8
14996, 8, 5, 5, 0, 4, 4
16208, 23, 22, 21, 1, 20, 3
18508, 75, 19, 18, 1, 75, 0
20745, 28, 7, 6, 1, 24, 4
25929, 6, 7, 6, 1, 5, 1
29563, 12, 5, 5, 0, 12, 0
37458, 4, 1, 1, 0, 4, 0
48580, 12, 10, 10, 0, 12, 0
48732, 39, 13, 13, 0, 39, 0
49278, 39, 21, 20, 1, 39, 0
21274, 0, 7, 1, 6, 0, 0
26069, 5, 9, 5, 4, 5, 0
48791, 0, 1, 0, 1, 0, 0
58801, 0, 3, 0, 3, 0, 0
64743, 22, 47, 44, 3, 21, 1
77583, 0, 1, 0, 1, 0, 0
99728, 0, 2, 0, 2, 0, 0
100408, 0, 1, 0, 1, 0, 0
102040, 0, 2, 0, 2, 0, 0
102081, 0, 1, 0, 1, 0, 0
105217, 6, 3, 2, 1, 6, 0
105890, 0, 2, 0, 2, 0, 0
107232, 0, 1, 0, 1, 0, 0
108055, 2, 8, 2, 6, 1, 1
108745, 0, 5, 0, 5, 0, 0
114048, 1, 2, 0, 2, 1, 0
2452, 1, 3, 3, 0, 1, 0
9925, 1, 2, 2, 0, 1, 0
10557, 3, 2, 2, 0, 1, 2
15322, 35, 10, 10, 0, 35, 0
55764, 0, 7, 7, 0, 0, 0
70759, 0, 5, 5, 0, 0, 0
96208, 5, 8, 7, 1, 4, 1
96430, 0, 1, 0, 1, 0, 0
124229, 0, 1, 0, 1, 0, 0
128189, 3, 1, 1, 0, 3, 0
6662, 20, 13, 10, 3, 14, 6
113902, 5, 1, 1, 0, 5, 0
2762, 7, 7, 7, 0, 6, 1
3754, 1, 4, 1, 3, 1, 0
4210, 9, 5, 5, 0, 9, 0
5684, 72, 35, 34, 1, 64, 8
6961, 0, 2, 2, 0, 0, 0
7553, 3, 13, 13, 0, 3, 0
9892, 5, 12, 12, 0, 5, 0
11396, 2, 9, 9, 0, 2, 0
11682, 11, 38, 6, 32, 11, 0
13620, 0, 5, 1, 4, 0, 0
15465, 1, 1, 1, 0, 1, 0
17854, 1, 12, 12, 0, 1, 0
18758, 1, 1, 0, 1, 1, 0
20361, 9, 27, 6, 21, 9, 0
21141, 14, 44, 44, 0, 14, 0
21592, 9, 18, 18, 0, 7, 2
21981, 1, 3, 3, 0, 1, 0
22642, 1, 5, 3, 2, 1, 0
22784, 0, 10, 10, 0, 0, 0
24747, 2, 24, 24, 0, 2, 0
27221, 0, 6, 0, 6, 0, 0
29878, 13, 23, 23, 0, 12, 1
30897, 194, 147, 131, 16, 194, 0
32634, 5, 12, 6, 6, 5, 0
35979, 1, 3, 2, 1, 0, 1
38632, 5, 17, 14, 3, 5, 0
39682, 0, 2, 1, 1, 0, 0
42113, 12, 21, 21, 0, 12, 0
44034, 1, 2, 2, 0, 1, 0
45065, 0, 8, 0, 8, 0, 0
46327, 1, 10, 8, 2, 1, 0
48651, 8, 9, 9, 0, 7, 1
49876, 1, 10, 9, 1, 1, 0
50334, 0, 4, 0, 4, 0, 0
50936, 2, 1, 0, 1, 2, 0
53385, 2, 1, 1, 0, 2, 0
56009, 1, 16, 10, 6, 1, 0
56648, 8, 21, 18, 3, 6, 2
57355, 2, 4, 0, 4, 1, 1
57370, 3, 5, 5, 0, 3, 0
58150, 0, 9, 0, 9, 0, 0
58187, 5, 7, 7, 0, 5, 0
58463, 20, 25, 25, 0, 20, 0
58464, 4, 7, 7, 0, 4, 0
58465, 2, 7, 7, 0, 2, 0
60548, 7, 3, 0, 3, 7, 0
65355, 11, 14, 14, 0, 11, 0
72420, 2, 5, 5, 0, 2, 0
72568, 21, 14, 14, 0, 21, 0
74225, 1, 10, 10, 0, 1, 0
74336, 3, 1, 1, 0, 3, 0
74337, 1, 5, 5, 0, 1, 0
79930, 0, 3, 0, 3, 0, 0
80021, 2, 7, 7, 0, 2, 0
80327, 0, 3, 0, 3, 0, 0
81647, 0, 6, 6, 0, 0, 0
81648, 0, 2, 2, 0, 0, 0
81649, 2, 2, 2, 0, 2, 0
85025, 2, 4, 4, 0, 2, 0
87704, 3, 2, 2, 0, 3, 0
88086, 4, 4, 4, 0, 4, 0
90026, 2, 1, 1, 0, 2, 0
90027, 1, 2, 2, 0, 1, 0
90380, 2, 2, 2, 0, 2, 0
90887, 4, 5, 5, 0, 4, 0
90889, 0, 2, 2, 0, 0, 0
90890, 0, 2, 2, 0, 0, 0
91185, 1, 1, 1, 0, 1, 0
91703, 0, 2, 2, 0, 0, 0
92006, 3, 1, 1, 0, 3, 0
92557, 0, 2, 0, 2, 0, 0
93145, 0, 1, 1, 0, 0, 0
93146, 1, 2, 2, 0, 1, 0
93147, 0, 1, 0, 1, 0, 0
93148, 0, 1, 1, 0, 0, 0
98985, 2, 4, 4, 0, 2, 0
20209, 4, 8, 6, 2, 4, 0
24398, 29, 7, 3, 4, 28, 1
24573, 30, 42, 41, 1, 27, 3
30533, 158, 127, 114, 13, 158, 0
30743, 18, 29, 27, 2, 17, 1
34326, 4, 53, 49, 4, 4, 0
41458, 2, 1, 1, 0, 2, 0
72164, 1938, 44, 44, 0, 1938, 0
77018, 2, 2, 2, 0, 2, 0
93097, 0, 1, 1, 0, 0, 0
97546, 2, 5, 4, 1, 2, 0
110491, 1, 1, 1, 0, 1, 0
124923, 0, 1, 1, 0, 0, 0
1464, 1, 0, 0, 0, 1, 0
52200, 2, 4, 4, 0, 2, 0
65617, 5, 6, 6, 0, 5, 0
95778, 0, 1, 1, 0, 0, 0
97155, 0, 3, 0, 3, 0, 0
16904, 5, 7, 4, 3, 5, 0
23434, 0, 5, 0, 5, 0, 0
40791, 1, 2, 1, 1, 1, 0
49810, 0, 4, 0, 4, 0, 0
53614, 6, 8, 5, 3, 5, 1
95554, 1, 1, 0, 1, 1, 0
95555, 3, 10, 7, 3, 0, 3
99157, 0, 1, 0, 1, 0, 0
99653, 2, 4, 3, 1, 2, 0
110239, 21, 2, 1, 1, 21, 0
113580, 0, 1, 0, 1, 0, 0
113606, 0, 2, 0, 2, 0, 0
113613, 0, 2, 0, 2, 0, 0
114988, 0, 1, 0, 1, 0, 0
115046, 0, 1, 0, 1, 0, 0
115479, 0, 11, 4, 7, 0, 0
115823, 0, 1, 0, 1, 0, 0
117118, 0, 3, 2, 1, 0, 0
120418, 1, 1, 1, 0, 1, 0
120964, 0, 1, 0, 1, 0, 0
127939, 2, 3, 2, 1, 2, 0
14736, 21, 16, 5, 11, 17, 4
95812, 2, 1, 1, 0, 2, 0
15269, 8, 13, 4, 9, 8, 0
17985, 4, 4, 4, 0, 4, 0
61777, 40, 21, 19, 2, 40, 0
62027, 25, 5, 4, 1, 25, 0
63324, 0, 2, 1, 1, 0, 0
94089, 10, 18, 18, 0, 10, 0
109459, 1, 1, 0, 1, 1, 0
21805, 20, 19, 19, 0, 19, 1
7521, 14, 5, 5, 0, 7, 7
19360, 15, 24, 24, 0, 14, 1
25789, 41, 45, 42, 3, 31, 10
25967, 5, 8, 8, 0, 5, 0
71657, 0, 3, 3, 0, 0, 0
115032, 0, 1, 1, 0, 0, 0
29592, 5, 7, 7, 0, 5, 0
31852, 15, 15, 15, 0, 13, 2
35312, 34, 9, 8, 1, 26, 8
40087, 11, 8, 7, 1, 11, 0
40186, 9, 17, 17, 0, 9, 0
40484, 39, 12, 12, 0, 38, 1
41291, 5, 8, 8, 0, 5, 0
41428, 13, 11, 10, 1, 13, 0
41429, 0, 2, 2, 0, 0, 0
41430, 2, 3, 2, 1, 2, 0
41431, 6, 4, 4, 0, 4, 2
46558, 0, 1, 1, 0, 0, 0
97458, 2, 5, 5, 0, 2, 0
22238, 17, 10, 10, 0, 13, 4
23099, 18, 9, 8, 1, 18, 0
122597, 4, 2, 2, 0, 4, 0
7937, 21, 18, 17, 1, 20, 1
9531, 1, 1, 1, 0, 1, 0
10192, 17, 14, 12, 2, 17, 0
10193, 3, 3, 3, 0, 3, 0
20527, 12, 7, 2, 5, 9, 3
21049, 1, 2, 2, 0, 1, 0
26151, 16, 9, 8, 1, 12, 4
36620, 3, 5, 4, 1, 3, 0
40024, 0, 1, 0, 1, 0, 0
40025, 12, 5, 5, 0, 12, 0
40026, 0, 1, 1, 0, 0, 0
44611, 8, 4, 4, 0, 8, 0
48769, 19, 7, 7, 0, 19, 0
80791, 4, 1, 1, 0, 4, 0
80797, 14, 8, 4, 4, 0, 14
93839, 0, 14, 4, 10, 0, 0
94488, 14, 14, 12, 2, 14, 0
95680, 1, 2, 2, 0, 1, 0
96313, 1, 1, 1, 0, 1, 0
98685, 3, 12, 11, 1, 3, 0
102955, 0, 1, 1, 0, 0, 0
102956, 0, 2, 2, 0, 0, 0
102957, 0, 1, 1, 0, 0, 0
103048, 0, 1, 1, 0, 0, 0
103313, 10, 6, 6, 0, 10, 0
103660, 2, 12, 7, 5, 2, 0
103795, 0, 1, 1, 0, 0, 0
7857, 0, 5, 0, 5, 0, 0
9316, 12, 3, 3, 0, 11, 1
10101, 11, 8, 8, 0, 11, 0
16254, 4, 9, 4, 5, 4, 0
22845, 31, 23, 23, 0, 31, 0
23598, 41, 11, 11, 0, 41, 0
50515, 4, 1, 1, 0, 3, 1
50516, 26, 12, 12, 0, 26, 0
68649, 3, 1, 1, 0, 2, 1
68650, 0, 1, 1, 0, 0, 0
94408, 0, 2, 2, 0, 0, 0
98175, 3, 6, 6, 0, 3, 0
24177, 135, 15, 14, 1, 135, 0
108723, 11, 9, 9, 0, 11, 0
34801, 0, 7, 0, 7, 0, 0
14227, 15, 11, 11, 0, 14, 1
22353, 3, 5, 4, 1, 3, 0
32040, 12, 14, 11, 3, 12, 0
33647, 3, 3, 3, 0, 3, 0
34019, 0, 1, 0, 1, 0, 0
34020, 0, 2, 0, 2, 0, 0
34021, 0, 2, 0, 2, 0, 0
34022, 0, 1, 0, 1, 0, 0
48099, 5, 12, 10, 2, 5, 0
58769, 2, 3, 0, 3, 2, 0
63692, 9, 5, 5, 0, 6, 3
63721, 28, 6, 5, 1, 16, 12
77480, 1, 2, 0, 2, 1, 0
83608, 27, 7, 7, 0, 26, 1
96027, 17, 7, 3, 4, 17, 0
101636, 10, 5, 4, 1, 8, 2
102210, 1, 1, 0, 1, 1, 0
102587, 12, 9, 9, 0, 12, 0
103287, 0, 1, 0, 1, 0, 0
103480, 7, 1, 1, 0, 7, 0
103763, 6, 7, 6, 1, 6, 0
104077, 33, 9, 8, 1, 33, 0
105323, 0, 2, 0, 2, 0, 0
105360, 0, 4, 0, 4, 0, 0
106464, 4, 3, 3, 0, 4, 0
106479, 9, 4, 4, 0, 9, 0
106655, 6, 4, 1, 3, 6, 0
107832, 5, 1, 1, 0, 5, 0
108025, 2, 2, 2, 0, 2, 0
108298, 36, 9, 2, 7, 36, 0
108712, 2, 4, 3, 1, 2, 0
113312, 26, 9, 7, 2, 26, 0
116438, 4, 2, 2, 0, 4, 0
117135, 6, 15, 11, 4, 5, 1
117439, 0, 1, 0, 1, 0, 0
117440, 0, 1, 0, 1, 0, 0
118309, 4, 2, 2, 0, 4, 0
118869, 9, 1, 1, 0, 9, 0
121703, 5, 3, 3, 0, 4, 1
122902, 1, 1, 1, 0, 1, 0
123559, 36, 5, 5, 0, 36, 0
123810, 8, 11, 11, 0, 8, 0
123920, 0, 1, 1, 0, 0, 0
124694, 6, 4, 4, 0, 6, 0
128981, 20, 1, 1, 0, 20, 0
6526, 7, 5, 5, 0, 7, 0
8800, 20, 4, 4, 0, 20, 0
10047, 8, 8, 7, 1, 8, 0
13488, 10, 5, 5, 0, 10, 0
14455, 11, 6, 5, 1, 11, 0
16244, 5, 3, 2, 1, 5, 0
16493, 2, 3, 3, 0, 2, 0
16494, 15, 10, 10, 0, 14, 1
16822, 0, 2, 0, 2, 0, 0
17318, 14, 5, 5, 0, 13, 1
18402, 3, 3, 2, 1, 3, 0
18696, 16, 6, 6, 0, 16, 0
20164, 18, 13, 13, 0, 18, 0
22703, 26, 35, 25, 10, 24, 2
23097, 38, 10, 10, 0, 36, 2
26297, 4, 5, 5, 0, 4, 0
28501, 40, 22, 21, 1, 40, 0
35431, 0, 4, 0, 4, 0, 0
49258, 9, 10, 10, 0, 9, 0
54888, 0, 4, 0, 4, 0, 0
66242, 0, 5, 0, 5, 0, 0
75935, 0, 2, 1, 1, 0, 0
79058, 0, 1, 0, 1, 0, 0
79059, 0, 1, 0, 1, 0, 0
79060, 0, 1, 0, 1, 0, 0
97769, 3, 2, 2, 0, 3, 0
116476, 0, 3, 2, 1, 0, 0
121936, 6, 2, 1, 1, 6, 0
6151, 1, 4, 0, 4, 1, 0
7345, 1, 2, 0, 2, 1, 0
10990, 2, 1, 1, 0, 2, 0
12985, 28, 31, 21, 10, 28, 0
13312, 5, 3, 0, 3, 4, 1
13582, 0, 7, 0, 7, 0, 0
15687, 0, 6, 2, 4, 0, 0
20388, 17, 20, 13, 7, 17, 0
20799, 6, 6, 4, 2, 6, 0
24936, 0, 4, 0, 4, 0, 0
25487, 3, 8, 1, 7, 3, 0
32249, 2, 2, 0, 2, 2, 0
32998, 3, 2, 1, 1, 3, 0
34422, 1, 3, 2, 1, 1, 0
38074, 7, 11, 7, 4, 7, 0
53677, 1, 2, 0, 2, 1, 0
56301, 4, 5, 2, 3, 2, 2
73002, 0, 3, 1, 2, 0, 0
74531, 1, 6, 1, 5, 1, 0
76777, 1, 2, 0, 2, 1, 0
78405, 1, 2, 0, 2, 1, 0
81598, 3, 4, 1, 3, 3, 0
85523, 2, 6, 2, 4, 2, 0
92835, 0, 8, 0, 8, 0, 0
102074, 1, 3, 3, 0, 1, 0
105187, 5, 7, 2, 5, 5, 0
106256, 1, 3, 0, 3, 1, 0
106261, 0, 2, 0, 2, 0, 0
107220, 0, 2, 0, 2, 0, 0
109311, 0, 6, 1, 5, 0, 0
109492, 0, 3, 0, 3, 0, 0
111109, 1, 2, 1, 1, 1, 0
111119, 0, 1, 0, 1, 0, 0
111120, 0, 1, 0, 1, 0, 0
111379, 0, 2, 0, 2, 0, 0
112138, 1, 2, 1, 1, 1, 0
112140, 4, 2, 0, 2, 4, 0
112143, 3, 1, 0, 1, 3, 0
112261, 4, 2, 1, 1, 4, 0
113206, 0, 3, 0, 3, 0, 0
113241, 0, 1, 0, 1, 0, 0
113515, 0, 2, 0, 2, 0, 0
113695, 0, 4, 0, 4, 0, 0
113840, 0, 2, 0, 2, 0, 0
113909, 0, 6, 0, 6, 0, 0
114174, 4, 6, 1, 5, 4, 0
114231, 0, 8, 1, 7, 0, 0
114626, 1, 4, 0, 4, 0, 1
115414, 0, 5, 1, 4, 0, 0
115700, 5, 4, 0, 4, 5, 0
5779, 1, 2, 2, 0, 1, 0
100843, 0, 3, 3, 0, 0, 0
6265, 164, 3, 3, 0, 161, 3
9207, 1, 2, 2, 0, 1, 0
10930, 1, 2, 2, 0, 1, 0
37865, 1, 3, 3, 0, 1, 0
43001, 34, 8, 2, 6, 18, 16
97963, 4, 5, 5, 0, 4, 0
99492, 0, 2, 0, 2, 0, 0
107273, 0, 4, 0, 4, 0, 0
107722, 2, 2, 2, 0, 2, 0
7241, 9, 3, 3, 0, 9, 0
18673, 64, 13, 13, 0, 64, 0
44334, 2, 2, 2, 0, 2, 0
54143, 2, 1, 1, 0, 2, 0
62213, 25, 6, 6, 0, 25, 0
86010, 0, 1, 1, 0, 0, 0
109795, 2, 1, 0, 1, 2, 0
114114, 53, 10, 7, 3, 52, 1
125997, 24, 6, 5, 1, 24, 0
128206, 0, 3, 0, 3, 0, 0
129913, 0, 1, 0, 1, 0, 0
3466, 8, 3, 2, 1, 6, 2
15397, 0, 5, 4, 1, 0, 0
18600, 25, 9, 7, 2, 25, 0
20700, 1, 1, 0, 1, 1, 0
39132, 0, 2, 0, 2, 0, 0
39641, 2, 33, 20, 13, 1, 1
42249, 1, 4, 3, 1, 1, 0
73362, 0, 2, 0, 2, 0, 0
83292, 0, 1, 0, 1, 0, 0
83293, 0, 1, 0, 1, 0, 0
109726, 2, 1, 0, 1, 2, 0
30881, 18, 5, 3, 2, 11, 7
48728, 143, 33, 33, 0, 143, 0
79369, 27, 7, 7, 0, 26, 1
115060, 6, 3, 3, 0, 6, 0
120514, 0, 1, 1, 0, 0, 0
121746, 5, 2, 2, 0, 5, 0
127268, 3, 1, 1, 0, 3, 0
127432, 8, 2, 2, 0, 8, 0
127848, 0, 2, 2, 0, 0, 0
34410, 0, 3, 0, 3, 0, 0
99882, 4, 3, 3, 0, 4, 0
103098, 9, 4, 3, 1, 7, 2
111877, 3, 11, 3, 8, 3, 0
112841, 4, 14, 6, 8, 4, 0
126082, 2, 3, 2, 1, 2, 0
127718, 1, 1, 1, 0, 1, 0
130377, 4, 1, 1, 0, 4, 0
5893, 12, 8, 8, 0, 12, 0
16148, 25, 9, 8, 1, 25, 0
40514, 15, 14, 14, 0, 15, 0
23549, 2, 2, 2, 0, 2, 0
95341, 0, 2, 2, 0, 0, 0
1540, 3, 2, 0, 2, 2, 1
2572, 4, 5, 4, 1, 4, 0
6177, 9, 15, 12, 3, 8, 1
7436, 1, 1, 0, 1, 1, 0
11279, 33, 112, 110, 2, 32, 1
14735, 0, 2, 0, 2, 0, 0
18026, 12, 7, 4, 3, 12, 0
18125, 6, 6, 5, 1, 6, 0
20254, 21, 12, 10, 2, 14, 7
24986, 2, 6, 4, 2, 2, 0
28423, 21, 33, 32, 1, 17, 4
30356, 26, 21, 17, 4, 26, 0
37230, 6, 10, 9, 1, 6, 0
39365, 1, 3, 2, 1, 1, 0
39791, 0, 2, 0, 2, 0, 0
45743, 39, 24, 23, 1, 37, 2
45974, 19, 20, 11, 9, 15, 4
46519, 9, 17, 16, 1, 9, 0
48760, 3, 2, 1, 1, 3, 0
48781, 0, 1, 0, 1, 0, 0
56404, 0, 9, 7, 2, 0, 0
60964, 2, 8, 7, 1, 2, 0
61153, 1, 2, 1, 1, 1, 0
64733, 0, 6, 5, 1, 0, 0
66561, 0, 3, 2, 1, 0, 0
67150, 4, 3, 2, 1, 4, 0
72034, 16, 10, 9, 1, 15, 1
73391, 2, 3, 2, 1, 2, 0
78313, 0, 5, 1, 4, 0, 0
82380, 0, 1, 0, 1, 0, 0
82391, 0, 2, 0, 2, 0, 0
84461, 1, 2, 1, 1, 1, 0
95412, 7, 2, 0, 2, 6, 1
96144, 8, 7, 5, 2, 8, 0
96206, 0, 1, 0, 1, 0, 0
96289, 1, 1, 0, 1, 1, 0
96290, 0, 1, 0, 1, 0, 0
96293, 0, 1, 0, 1, 0, 0
97106, 12, 8, 5, 3, 12, 0
97327, 0, 2, 0, 2, 0, 0
97385, 6, 1, 0, 1, 6, 0
97623, 16, 8, 4, 4, 16, 0
97654, 0, 2, 0, 2, 0, 0
97867, 0, 1, 0, 1, 0, 0
97868, 0, 1, 0, 1, 0, 0
98149, 0, 1, 0, 1, 0, 0
98456, 1, 2, 0, 2, 1, 0
98708, 2, 4, 2, 2, 1, 1
98778, 17, 6, 4, 2, 17, 0
98835, 0, 1, 0, 1, 0, 0
98887, 0, 1, 0, 1, 0, 0
98888, 0, 1, 0, 1, 0, 0
98889, 0, 1, 0, 1, 0, 0
98890, 0, 1, 0, 1, 0, 0
98952, 0, 1, 0, 1, 0, 0
99067, 0, 2, 1, 1, 0, 0
99343, 0, 1, 0, 1, 0, 0
99344, 0, 4, 0, 4, 0, 0
99392, 0, 1, 0, 1, 0, 0
99486, 2, 2, 1, 1, 2, 0
99609, 0, 1, 0, 1, 0, 0
99771, 0, 1, 0, 1, 0, 0
41215, 0, 9, 7, 2, 0, 0
45069, 0, 8, 0, 8, 0, 0
61821, 0, 1, 1, 0, 0, 0
117678, 0, 4, 1, 3, 0, 0
117680, 0, 1, 0, 1, 0, 0
125680, 0, 1, 1, 0, 0, 0
129839, 0, 3, 0, 3, 0, 0
12198, 0, 2, 0, 2, 0, 0
14909, 5, 14, 13, 1, 5, 0
18991, 8, 13, 13, 0, 8, 0
19799, 7, 13, 7, 6, 7, 0
26387, 0, 3, 1, 2, 0, 0
27176, 49, 36, 31, 5, 49, 0
28394, 2, 2, 1, 1, 1, 1
35278, 11, 19, 13, 6, 9, 2
51468, 6, 12, 4, 8, 6, 0
55112, 0, 2, 0, 2, 0, 0
68614, 2, 3, 2, 1, 2, 0
69632, 0, 5, 0, 5, 0, 0
73766, 0, 4, 0, 4, 0, 0
87982, 0, 1, 0, 1, 0, 0
87983, 0, 2, 0, 2, 0, 0
92822, 13, 16, 13, 3, 13, 0
98786, 2, 1, 0, 1, 2, 0
110338, 6, 15, 12, 3, 6, 0
113763, 3, 1, 0, 1, 3, 0
7023, 1, 2, 0, 2, 1, 0
12065, 17, 22, 17, 5, 17, 0
23010, 2, 3, 2, 1, 2, 0
38338, 8, 8, 7, 1, 8, 0
39282, 2, 8, 3, 5, 2, 0
40505, 0, 8, 5, 3, 0, 0
58773, 4, 2, 1, 1, 4, 0
64278, 4, 6, 4, 2, 4, 0
79366, 0, 2, 0, 2, 0, 0
81666, 0, 2, 0, 2, 0, 0
97094, 66, 12, 8, 4, 66, 0
97648, 20, 6, 6, 0, 20, 0
98334, 1, 4, 3, 1, 1, 0
101639, 0, 1, 0, 1, 0, 0
102977, 0, 2, 0, 2, 0, 0
103103, 0, 1, 0, 1, 0, 0
104172, 3, 3, 1, 2, 2, 1
107676, 1, 3, 1, 2, 0, 1
107754, 0, 2, 0, 2, 0, 0
107817, 0, 1, 0, 1, 0, 0
107819, 2, 7, 4, 3, 1, 1
107833, 0, 3, 1, 2, 0, 0
107855, 0, 1, 0, 1, 0, 0
107856, 0, 1, 0, 1, 0, 0
107874, 1, 1, 0, 1, 1, 0
107882, 0, 2, 0, 2, 0, 0
107895, 0, 1, 0, 1, 0, 0
107896, 0, 1, 0, 1, 0, 0
107904, 4, 5, 2, 3, 2, 2
107908, 0, 1, 0, 1, 0, 0
107909, 0, 1, 0, 1, 0, 0
107911, 0, 1, 0, 1, 0, 0
107919, 12, 3, 2, 1, 12, 0
107937, 88, 5, 4, 1, 46, 42
107939, 2, 2, 2, 0, 2, 0
107941, 0, 1, 0, 1, 0, 0
108010, 0, 1, 0, 1, 0, 0
108011, 0, 1, 0, 1, 0, 0
108069, 0, 1, 0, 1, 0, 0
108081, 0, 1, 0, 1, 0, 0
108114, 1, 9, 1, 8, 1, 0
108122, 0, 1, 0, 1, 0, 0
108123, 0, 1, 0, 1, 0, 0
108140, 2, 1, 0, 1, 2, 0
108265, 0, 2, 1, 1, 0, 0
108266, 1, 1, 0, 1, 1, 0
108272, 0, 1, 0, 1, 0, 0
108330, 6, 8, 5, 3, 6, 0
108349, 0, 4, 1, 3, 0, 0
108353, 4, 2, 0, 2, 0, 4
108354, 0, 1, 0, 1, 0, 0
108362, 0, 1, 0, 1, 0, 0
108434, 0, 1, 0, 1, 0, 0
108452, 2, 5, 4, 1, 2, 0
108456, 1, 2, 0, 2, 1, 0
108527, 0, 3, 0, 3, 0, 0
108536, 0, 2, 0, 2, 0, 0
108543, 0, 1, 0, 1, 0, 0
108546, 0, 1, 0, 1, 0, 0
108587, 0, 1, 0, 1, 0, 0
108588, 0, 1, 0, 1, 0, 0
108599, 0, 2, 1, 1, 0, 0
110405, 2, 2, 1, 1, 0, 2
39021, 4, 22, 3, 19, 4, 0
16134, 11, 10, 10, 0, 11, 0
19259, 3, 7, 7, 0, 3, 0
15318, 3, 5, 5, 0, 3, 0
17760, 7, 7, 4, 3, 5, 2
23092, 3, 3, 0, 3, 3, 0
30110, 15, 6, 5, 1, 15, 0
33524, 8, 8, 5, 3, 3, 5
45073, 0, 8, 0, 8, 0, 0
45074, 0, 8, 0, 8, 0, 0
47337, 0, 2, 0, 2, 0, 0
47338, 1, 1, 0, 1, 1, 0
98004, 2, 2, 2, 0, 2, 0
101904, 0, 2, 0, 2, 0, 0
102000, 0, 1, 0, 1, 0, 0
42251, 4, 4, 1, 3, 1, 3
57490, 119, 41, 39, 2, 119, 0
61882, 21, 34, 34, 0, 21, 0
63844, 1, 10, 10, 0, 1, 0
100364, 0, 2, 0, 2, 0, 0
5822, 2, 4, 4, 0, 2, 0
16580, 2, 3, 2, 1, 2, 0
18934, 4, 6, 5, 1, 4, 0
20307, 0, 6, 0, 6, 0, 0
20842, 0, 4, 0, 4, 0, 0
21705, 0, 7, 0, 7, 0, 0
28461, 0, 5, 0, 5, 0, 0
29441, 1, 3, 0, 3, 1, 0
29869, 1, 11, 10, 1, 1, 0
37760, 0, 4, 0, 4, 0, 0
38376, 0, 3, 0, 3, 0, 0
41761, 0, 3, 0, 3, 0, 0
42114, 5, 2, 2, 0, 5, 0
48158, 0, 2, 0, 2, 0, 0
48159, 0, 1, 0, 1, 0, 0
48161, 0, 1, 0, 1, 0, 0
48162, 0, 2, 0, 2, 0, 0
94477, 1, 4, 3, 1, 1, 0
31284, 55, 38, 38, 0, 55, 0
44467, 2, 1, 1, 0, 2, 0
56885, 0, 14, 10, 4, 0, 0
14779, 2, 3, 2, 1, 2, 0
15008, 0, 6, 1, 5, 0, 0
23409, 72, 26, 26, 0, 64, 8
23891, 63, 32, 31, 1, 45, 18
26421, 2, 3, 3, 0, 2, 0
26422, 2, 3, 3, 0, 2, 0
33691, 48, 12, 11, 1, 47, 1
33893, 5, 14, 14, 0, 5, 0
40327, 5, 6, 6, 0, 4, 1
43736, 0, 3, 0, 3, 0, 0
43738, 8, 8, 8, 0, 8, 0
43741, 0, 1, 0, 1, 0, 0
92065, 1, 1, 0, 1, 0, 1
100120, 0, 1, 0, 1, 0, 0
103383, 0, 1, 0, 1, 0, 0
111976, 0, 1, 0, 1, 0, 0
111977, 0, 1, 0, 1, 0, 0
114092, 0, 1, 0, 1, 0, 0
9702, 17, 28, 10, 18, 17, 0
10664, 7, 10, 10, 0, 7, 0
10705, 4, 1, 1, 0, 3, 1
11252, 13, 8, 8, 0, 13, 0
13347, 16, 9, 8, 1, 15, 1
15114, 10, 6, 6, 0, 10, 0
15188, 1, 5, 1, 4, 1, 0
20729, 9, 8, 8, 0, 6, 3
22178, 0, 16, 0, 16, 0, 0
22990, 18, 19, 18, 1, 18, 0
27907, 0, 5, 0, 5, 0, 0
29187, 0, 6, 0, 6, 0, 0
30035, 7, 5, 5, 0, 7, 0
30047, 7, 7, 7, 0, 7, 0
30255, 0, 2, 0, 2, 0, 0
30256, 0, 8, 0, 8, 0, 0
30258, 0, 5, 0, 5, 0, 0
30264, 2, 9, 6, 3, 1, 1
30265, 0, 4, 0, 4, 0, 0
34323, 3, 10, 9, 1, 3, 0
92806, 5, 5, 4, 1, 5, 0
99027, 0, 1, 0, 1, 0, 0
102145, 0, 3, 0, 3, 0, 0
108711, 3, 2, 1, 1, 3, 0
9283, 39, 13, 10, 3, 21, 18
97697, 1, 2, 2, 0, 1, 0
98822, 5, 4, 4, 0, 5, 0
102053, 5, 7, 7, 0, 5, 0
127558, 0, 2, 2, 0, 0, 0
129439, 0, 1, 1, 0, 0, 0
11922, 10, 30, 28, 2, 10, 0
1507, 1, 0, 0, 0, 1, 0
1508, 0, 4, 3, 1, 0, 0
23579, 18, 9, 9, 0, 18, 0
39057, 21, 11, 8, 3, 19, 2
96949, 26, 9, 6, 3, 24, 2
104457, 1, 1, 0, 1, 1, 0
105460, 0, 1, 0, 1, 0, 0
108867, 1, 1, 1, 0, 1, 0
16402, 2, 13, 11, 2, 2, 0
45088, 1, 28, 0, 28, 1, 0
49569, 0, 4, 0, 4, 0, 0
56504, 0, 10, 0, 10, 0, 0
83232, 0, 3, 0, 3, 0, 0
84635, 0, 1, 0, 1, 0, 0
84636, 0, 1, 0, 1, 0, 0
84637, 0, 1, 0, 1, 0, 0
9117, 11, 8, 7, 1, 10, 1
108785, 5, 4, 3, 1, 4, 1
116988, 6, 3, 2, 1, 6, 0
2530, 1, 2, 0, 2, 1, 0
2644, 1, 1, 0, 1, 1, 0
7167, 1, 3, 1, 2, 1, 0
9624, 0, 4, 0, 4, 0, 0
9625, 0, 2, 0, 2, 0, 0
13155, 0, 4, 0, 4, 0, 0
13858, 1, 1, 0, 1, 1, 0
14071, 3, 9, 8, 1, 3, 0
14991, 9, 15, 12, 3, 9, 0
18293, 3, 1, 0, 1, 3, 0
20442, 12, 9, 3, 6, 4, 8
20627, 2, 4, 0, 4, 2, 0
22012, 3, 17, 13, 4, 3, 0
22261, 54, 15, 13, 2, 54, 0
24950, 0, 1, 0, 1, 0, 0
24954, 1, 4, 0, 4, 1, 0
24955, 0, 4, 0, 4, 0, 0
24956, 0, 3, 0, 3, 0, 0
24959, 1, 12, 6, 6, 1, 0
24960, 0, 2, 0, 2, 0, 0
24963, 0, 1, 0, 1, 0, 0
24964, 0, 1, 0, 1, 0, 0
25597, 1, 4, 0, 4, 1, 0
39846, 7, 7, 6, 1, 7, 0
48273, 2, 1, 0, 1, 1, 1
48734, 0, 7, 4, 3, 0, 0
50531, 7, 12, 8, 4, 3, 4
63288, 22, 9, 7, 2, 18, 4
75421, 2, 2, 1, 1, 2, 0
77249, 161, 20, 15, 5, 161, 0
79767, 11, 5, 4, 1, 11, 0
91724, 7, 1, 0, 1, 5, 2
92166, 1, 3, 1, 2, 1, 0
93588, 1, 5, 0, 5, 1, 0
95670, 0, 1, 0, 1, 0, 0
96241, 6, 5, 3, 2, 5, 1
96870, 1, 7, 1, 6, 1, 0
97325, 1, 2, 0, 2, 1, 0
97536, 3, 7, 5, 2, 3, 0
97646, 1, 1, 0, 1, 1, 0
99215, 8, 6, 4, 2, 8, 0
100382, 0, 4, 1, 3, 0, 0
100966, 0, 3, 0, 3, 0, 0
101087, 0, 2, 0, 2, 0, 0
102215, 0, 1, 0, 1, 0, 0
103359, 6, 6, 2, 4, 4, 2
105225, 0, 2, 0, 2, 0, 0
106676, 2, 4, 2, 2, 2, 0
106974, 2, 3, 0, 3, 2, 0
109180, 13, 6, 0, 6, 11, 2
109241, 1, 2, 1, 1, 1, 0
109768, 0, 5, 0, 5, 0, 0
110464, 0, 7, 7, 0, 0, 0
112001, 0, 1, 0, 1, 0, 0
112066, 0, 1, 0, 1, 0, 0
115939, 2, 3, 1, 2, 1, 1
116106, 1, 3, 0, 3, 1, 0
117261, 7, 5, 4, 1, 7, 0
119698, 0, 2, 0, 2, 0, 0
120065, 1, 1, 0, 1, 0, 1
120234, 0, 2, 0, 2, 0, 0
121382, 1, 3, 0, 3, 1, 0
121893, 0, 1, 0, 1, 0, 0
122083, 6, 6, 6, 0, 6, 0
124267, 0, 5, 0, 5, 0, 0
125317, 3, 5, 0, 5, 0, 3
125458, 0, 8, 0, 8, 0, 0
125567, 0, 3, 0, 3, 0, 0
125623, 0, 4, 0, 4, 0, 0
125638, 41, 3, 0, 3, 41, 0
126220, 0, 2, 0, 2, 0, 0
127945, 440, 8, 7, 1, 0, 440
128619, 1, 2, 0, 2, 0, 1
128926, 1, 4, 2, 2, 1, 0
129565, 1, 2, 2, 0, 1, 0
1513, 1, 0, 0, 0, 1, 0
1514, 0, 1, 1, 0, 0, 0
1515, 1, 0, 0, 0, 1, 0
1516, 1, 0, 0, 0, 1, 0
14962, 15, 17, 17, 0, 14, 1
15563, 2, 1, 1, 0, 2, 0
15869, 1, 1, 1, 0, 1, 0
15937, 0, 1, 0, 1, 0, 0
102139, 2, 8, 3, 5, 2, 0
1521, 1, 0, 0, 0, 1, 0
1522, 31, 7, 7, 0, 24, 7
36942, 40, 12, 11, 1, 40, 0
58803, 3, 6, 6, 0, 2, 1
70738, 0, 4, 1, 3, 0, 0
81749, 1, 1, 1, 0, 1, 0
83644, 0, 1, 1, 0, 0, 0
83645, 1, 1, 1, 0, 1, 0
83646, 0, 1, 1, 0, 0, 0
1524, 1, 1, 1, 0, 1, 0
112188, 5, 1, 1, 0, 5, 0
1526, 1, 1, 1, 0, 1, 0
2764, 1, 1, 1, 0, 1, 0
1528, 1, 2, 1, 1, 1, 0
1530, 4, 0, 0, 0, 3, 1
33263, 0, 5, 5, 0, 0, 0
6083, 1, 1, 0, 1, 1, 0
6089, 1, 1, 0, 1, 1, 0
6092, 1, 1, 0, 1, 1, 0
6791, 1, 1, 0, 1, 1, 0
6877, 1, 1, 0, 1, 1, 0
6881, 1, 1, 0, 1, 1, 0
6977, 1, 1, 0, 1, 1, 0
6980, 1, 1, 0, 1, 1, 0
7019, 1, 1, 0, 1, 1, 0
7022, 1, 1, 0, 1, 1, 0
7043, 3, 6, 1, 5, 2, 1
7044, 1, 1, 0, 1, 1, 0
7060, 1, 1, 0, 1, 1, 0
7151, 1, 1, 0, 1, 1, 0
7631, 1, 4, 0, 4, 1, 0
8466, 4, 4, 0, 4, 4, 0
8467, 1, 5, 2, 3, 1, 0
10075, 7, 12, 9, 3, 6, 1
11384, 1, 2, 1, 1, 1, 0
14098, 1, 1, 0, 1, 1, 0
14100, 0, 2, 0, 2, 0, 0
14102, 0, 1, 0, 1, 0, 0
14103, 1, 1, 0, 1, 1, 0
14105, 0, 4, 1, 3, 0, 0
14108, 0, 3, 0, 3, 0, 0
14109, 0, 1, 0, 1, 0, 0
14110, 0, 19, 15, 4, 0, 0
14112, 0, 4, 0, 4, 0, 0
14113, 2, 15, 7, 8, 2, 0
14114, 1, 4, 1, 3, 1, 0
14119, 0, 1, 0, 1, 0, 0
14120, 1, 4, 3, 1, 0, 1
14121, 0, 1, 0, 1, 0, 0
14127, 0, 2, 0, 2, 0, 0
14128, 5, 2, 1, 1, 5, 0
14129, 0, 3, 2, 1, 0, 0
14130, 30, 7, 6, 1, 30, 0
14132, 1, 1, 0, 1, 1, 0
14133, 1, 2, 1, 1, 1, 0
14134, 3, 1, 0, 1, 3, 0
14135, 0, 4, 0, 4, 0, 0
14137, 0, 1, 0, 1, 0, 0
14141, 0, 2, 0, 2, 0, 0
14142, 2, 1, 0, 1, 2, 0
14143, 1, 1, 0, 1, 1, 0
14144, 4, 10, 9, 1, 4, 0
14145, 1, 8, 6, 2, 1, 0
14148, 1, 5, 1, 4, 0, 1
14150, 0, 1, 0, 1, 0, 0
14152, 0, 1, 0, 1, 0, 0
14153, 0, 1, 0, 1, 0, 0
14154, 0, 2, 0, 2, 0, 0
14155, 0, 4, 3, 1, 0, 0
14156, 1, 1, 0, 1, 1, 0
14157, 0, 1, 0, 1, 0, 0
14158, 1, 2, 1, 1, 1, 0
14159, 4, 5, 2, 3, 4, 0
14161, 0, 1, 0, 1, 0, 0
14162, 0, 2, 0, 2, 0, 0
14163, 0, 1, 0, 1, 0, 0
14164, 0, 1, 0, 1, 0, 0
14165, 0, 2, 1, 1, 0, 0
14166, 0, 1, 0, 1, 0, 0
14167, 9, 5, 4, 1, 9, 0
14168, 0, 9, 2, 7, 0, 0
14169, 8, 3, 2, 1, 8, 0
14170, 0, 1, 0, 1, 0, 0
14171, 0, 1, 0, 1, 0, 0
14172, 0, 1, 0, 1, 0, 0
14173, 0, 1, 0, 1, 0, 0
14174, 0, 1, 0, 1, 0, 0
14176, 0, 4, 1, 3, 0, 0
14177, 1, 1, 0, 1, 1, 0
14178, 15, 12, 9, 3, 14, 1
14179, 3, 3, 2, 1, 3, 0
14180, 0, 3, 1, 2, 0, 0
14181, 1, 2, 0, 2, 1, 0
14182, 2, 9, 0, 9, 2, 0
14183, 1, 2, 0, 2, 1, 0
14188, 0, 2, 0, 2, 0, 0
14189, 1, 1, 0, 1, 1, 0
14190, 3, 2, 1, 1, 3, 0
14192, 1, 3, 1, 2, 1, 0
9220, 1, 7, 0, 7, 1, 0
12036, 1, 1, 1, 0, 1, 0
12780, 7, 21, 16, 5, 6, 1
43418, 1, 2, 2, 0, 1, 0
49686, 1, 1, 1, 0, 1, 0
56443, 1, 1, 1, 0, 1, 0
92311, 0, 2, 2, 0, 0, 0
92312, 3, 1, 1, 0, 3, 0
1534, 1, 0, 0, 0, 1, 0
1535, 4, 11, 11, 0, 4, 0
3365, 15, 17, 14, 3, 15, 0
1536, 1, 0, 0, 0, 1, 0
18990, 3, 2, 2, 0, 3, 0
21140, 237, 44, 31, 13, 234, 3
28247, 2, 1, 0, 1, 0, 2
28611, 3, 5, 3, 2, 3, 0
35048, 8, 88, 86, 2, 8, 0
41721, 1, 1, 1, 0, 1, 0
43734, 0, 1, 1, 0, 0, 0
1538, 1, 0, 0, 0, 1, 0
1539, 0, 2, 2, 0, 0, 0
20431, 0, 5, 0, 5, 0, 0
80328, 0, 3, 0, 3, 0, 0
49055, 13, 5, 5, 0, 8, 5
95740, 0, 4, 0, 4, 0, 0
13302, 17, 8, 8, 0, 16, 1
20165, 0, 3, 3, 0, 0, 0
21619, 60, 38, 36, 2, 60, 0
22997, 5, 4, 4, 0, 5, 0
25066, 2, 16, 16, 0, 0, 2
6264, 7, 5, 5, 0, 7, 0
39262, 6, 2, 2, 0, 4, 2
103602, 1, 22, 21, 1, 1, 0
1546, 1, 0, 0, 0, 1, 0
1548, 1, 0, 0, 0, 1, 0
5807, 1, 1, 1, 0, 1, 0
5808, 30, 15, 14, 1, 28, 2
6431, 3, 2, 1, 1, 3, 0
12699, 10, 8, 8, 0, 10, 0
14279, 34, 15, 15, 0, 27, 7
14280, 0, 1, 1, 0, 0, 0
14281, 2, 8, 3, 5, 1, 1
14282, 0, 1, 1, 0, 0, 0
14283, 3, 4, 2, 2, 3, 0
14284, 53, 19, 18, 1, 52, 1
14286, 1, 2, 2, 0, 1, 0
14287, 0, 2, 2, 0, 0, 0
14288, 2, 11, 6, 5, 2, 0
14289, 0, 1, 1, 0, 0, 0
14290, 0, 1, 1, 0, 0, 0
14292, 0, 1, 1, 0, 0, 0
14293, 0, 2, 1, 1, 0, 0
14294, 0, 2, 2, 0, 0, 0
16243, 1, 4, 4, 0, 1, 0
45203, 2, 1, 1, 0, 1, 1
93406, 0, 1, 1, 0, 0, 0
96730, 2, 2, 2, 0, 2, 0
98725, 2, 1, 1, 0, 2, 0
107180, 2, 3, 3, 0, 2, 0
1550, 1, 0, 0, 0, 1, 0
1551, 0, 13, 12, 1, 0, 0
1552, 1, 0, 0, 0, 1, 0
1553, 1, 18, 16, 2, 1, 0
1554, 1, 0, 0, 0, 1, 0
1555, 1, 1, 1, 0, 1, 0
1556, 1, 0, 0, 0, 0, 1
1557, 1, 0, 0, 0, 1, 0
1558, 20, 18, 18, 0, 19, 1
2613, 5, 13, 12, 1, 5, 0
7013, 13, 23, 22, 1, 12, 1
18795, 8, 30, 30, 0, 8, 0
24613, 12, 23, 23, 0, 12, 0
31886, 9, 20, 19, 1, 9, 0
33833, 11, 10, 10, 0, 11, 0
36388, 2, 22, 22, 0, 2, 0
38355, 10, 34, 33, 1, 10, 0
54819, 5, 19, 19, 0, 5, 0
66703, 3, 11, 11, 0, 3, 0
90248, 1, 1, 1, 0, 1, 0
1559, 1, 0, 0, 0, 1, 0
1560, 1, 0, 0, 0, 1, 0
1561, 1, 3, 3, 0, 1, 0
1562, 1, 0, 0, 0, 1, 0
1632, 3, 11, 8, 3, 2, 1
1564, 3, 2, 0, 2, 2, 1
7514, 1, 2, 2, 0, 1, 0
7537, 7, 5, 3, 2, 5, 2
79250, 0, 5, 0, 5, 0, 0
100207, 8, 8, 8, 0, 8, 0
14819, 47, 20, 18, 2, 45, 2
25524, 4, 7, 7, 0, 4, 0
28060, 1, 5, 4, 1, 1, 0
31654, 4, 6, 2, 4, 3, 1
32375, 2, 3, 3, 0, 2, 0
35867, 3, 11, 11, 0, 3, 0
57892, 3, 4, 4, 0, 3, 0
64133, 0, 3, 3, 0, 0, 0
64134, 0, 1, 1, 0, 0, 0
120624, 1, 1, 1, 0, 1, 0
131261, 1, 1, 1, 0, 1, 0
1567, 1, 0, 0, 0, 1, 0
1568, 1, 0, 0, 0, 1, 0
1569, 1, 0, 0, 0, 1, 0
1570, 0, 14, 14, 0, 0, 0
1571, 2, 0, 0, 0, 2, 0
1573, 1, 0, 0, 0, 1, 0
1574, 1, 2, 2, 0, 1, 0
1575, 3, 0, 0, 0, 3, 0
1577, 0, 1, 1, 0, 0, 0
2487, 58, 52, 49, 3, 58, 0
13013, 38, 17, 16, 1, 30, 8
15933, 51, 42, 41, 1, 32, 19
16537, 2, 5, 4, 1, 2, 0
16847, 7, 10, 8, 2, 7, 0
21765, 4, 16, 5, 11, 4, 0
46449, 1, 3, 0, 3, 1, 0
63206, 2, 3, 3, 0, 2, 0
65692, 0, 1, 1, 0, 0, 0
113142, 7, 3, 1, 2, 7, 0
114176, 2, 1, 1, 0, 2, 0
1579, 1, 0, 0, 0, 1, 0
53727, 6, 16, 13, 3, 6, 0
77896, 0, 1, 0, 1, 0, 0
1581, 3, 0, 0, 0, 3, 0
1582, 7, 1, 1, 0, 7, 0
1583, 6, 6, 6, 0, 6, 0
1584, 0, 4, 4, 0, 0, 0
6568, 7, 4, 4, 0, 7, 0
6569, 2, 23, 23, 0, 2, 0
6570, 1, 4, 4, 0, 1, 0
6571, 1, 2, 2, 0, 1, 0
6572, 8, 3, 3, 0, 8, 0
6573, 0, 4, 4, 0, 0, 0
10302, 6, 3, 3, 0, 6, 0
10303, 3, 3, 3, 0, 3, 0
11076, 1, 3, 3, 0, 1, 0
1585, 1, 0, 0, 0, 1, 0
2866, 8, 8, 8, 0, 6, 2
5633, 1, 11, 11, 0, 1, 0
9778, 7, 31, 29, 2, 7, 0
22239, 8, 14, 14, 0, 5, 3
44138, 1, 4, 4, 0, 1, 0
1587, 3, 0, 0, 0, 1, 2
1588, 7, 7, 6, 1, 7, 0
1589, 2, 2, 0, 2, 1, 1
15829, 1, 1, 1, 0, 1, 0
15999, 3, 3, 3, 0, 3, 0
6552, 8, 8, 7, 1, 7, 1
1591, 0, 1, 1, 0, 0, 0
1592, 6, 6, 6, 0, 4, 2
12569, 1, 1, 1, 0, 1, 0
32106, 0, 1, 0, 1, 0, 0
1593, 1, 0, 0, 0, 1, 0
1594, 1, 2, 2, 0, 1, 0
1598, 1, 0, 0, 0, 1, 0
1599, 0, 1, 1, 0, 0, 0
8364, 1, 1, 1, 0, 1, 0
11621, 13, 30, 30, 0, 13, 0
11791, 35, 32, 32, 0, 35, 0
12143, 25, 13, 13, 0, 25, 0
16545, 113, 129, 128, 1, 113, 0
18924, 6, 7, 6, 1, 6, 0
21422, 43, 144, 141, 3, 42, 1
22527, 9, 15, 15, 0, 9, 0
25599, 53, 75, 69, 6, 51, 2
28835, 19, 25, 25, 0, 18, 1
29909, 98, 46, 46, 0, 97, 1
30245, 3, 11, 10, 1, 3, 0
31246, 12, 12, 12, 0, 10, 2
32767, 15, 16, 16, 0, 15, 0
36697, 6, 18, 17, 1, 6, 0
40176, 20, 18, 18, 0, 20, 0
41396, 1, 19, 19, 0, 1, 0
44604, 69, 72, 72, 0, 67, 2
44764, 150, 64, 63, 1, 149, 1
46832, 22, 39, 38, 1, 22, 0
47113, 1, 5, 5, 0, 1, 0
48430, 24, 15, 15, 0, 21, 3
51224, 71, 69, 69, 0, 71, 0
54410, 20, 4, 3, 1, 20, 0
54482, 0, 6, 6, 0, 0, 0
58123, 53, 61, 61, 0, 53, 0
58269, 10, 16, 16, 0, 10, 0
58270, 22, 10, 10, 0, 22, 0
65204, 24, 21, 21, 0, 24, 0
68602, 2, 2, 2, 0, 2, 0
71612, 14, 14, 14, 0, 14, 0
79822, 0, 3, 3, 0, 0, 0
80761, 1, 1, 1, 0, 1, 0
84647, 0, 2, 2, 0, 0, 0
84648, 0, 1, 1, 0, 0, 0
46022, 54, 17, 15, 2, 54, 0
2752, 11, 11, 11, 0, 11, 0
3721, 3, 4, 4, 0, 3, 0
3995, 10, 13, 13, 0, 10, 0
4060, 12, 11, 11, 0, 12, 0
6401, 12, 7, 5, 2, 12, 0
10746, 9, 11, 11, 0, 8, 1
15855, 10, 6, 6, 0, 10, 0
15856, 0, 3, 1, 2, 0, 0
15857, 3, 6, 6, 0, 3, 0
15858, 27, 18, 18, 0, 27, 0
15859, 2, 7, 5, 2, 2, 0
15860, 76, 26, 25, 1, 55, 21
15862, 8, 5, 5, 0, 8, 0
16551, 6, 2, 1, 1, 6, 0
101446, 1, 3, 2, 1, 1, 0
1868, 1, 1, 1, 0, 1, 0
7091, 32, 18, 15, 3, 29, 3
5921, 37, 47, 46, 1, 36, 1
8497, 42, 14, 11, 3, 42, 0
9365, 4, 2, 2, 0, 4, 0
12645, 12, 10, 10, 0, 9, 3
13468, 10, 22, 22, 0, 10, 0
14214, 1, 5, 5, 0, 1, 0
14976, 12, 1, 1, 0, 10, 2
15134, 23, 13, 13, 0, 23, 0
16634, 3, 3, 3, 0, 3, 0
17254, 23, 16, 14, 2, 15, 8
18682, 1, 2, 2, 0, 1, 0
19692, 1, 5, 5, 0, 1, 0
19808, 23, 7, 7, 0, 20, 3
20063, 7, 9, 8, 1, 7, 0
24165, 14, 14, 14, 0, 14, 0
25585, 1, 4, 4, 0, 1, 0
25829, 11, 7, 7, 0, 11, 0
25972, 3, 4, 4, 0, 3, 0
28027, 19, 17, 17, 0, 16, 3
29641, 2, 1, 1, 0, 2, 0
30137, 15, 7, 7, 0, 11, 4
36164, 5, 4, 4, 0, 5, 0
36165, 3, 2, 2, 0, 3, 0
36166, 13, 14, 14, 0, 13, 0
36168, 8, 3, 3, 0, 8, 0
2770, 14, 4, 2, 2, 13, 1
11408, 74, 68, 67, 1, 62, 12
20723, 22, 14, 14, 0, 17, 5
24011, 0, 4, 1, 3, 0, 0
33636, 2, 25, 11, 14, 2, 0
37370, 3, 9, 0, 9, 1, 2
38030, 1, 18, 0, 18, 1, 0
38865, 2, 16, 2, 14, 2, 0
40702, 1, 21, 8, 13, 1, 0
43134, 0, 7, 0, 7, 0, 0
44920, 4, 13, 1, 12, 2, 2
45083, 0, 7, 0, 7, 0, 0
48471, 0, 8, 0, 8, 0, 0
49382, 0, 8, 0, 8, 0, 0
49821, 1, 10, 1, 9, 1, 0
56953, 0, 6, 0, 6, 0, 0
58023, 0, 25, 0, 25, 0, 0
58526, 2, 3, 1, 2, 2, 0
58995, 0, 11, 0, 11, 0, 0
60792, 0, 6, 0, 6, 0, 0
60799, 0, 6, 0, 6, 0, 0
94792, 13, 5, 5, 0, 9, 4
101921, 15, 3, 3, 0, 15, 0
19730, 1, 9, 0, 9, 1, 0
22273, 0, 6, 0, 6, 0, 0
22274, 0, 6, 1, 5, 0, 0
22275, 0, 5, 1, 4, 0, 0
24609, 49, 49, 49, 0, 49, 0
30468, 10, 3, 3, 0, 10, 0
32037, 60, 30, 30, 0, 54, 6
34504, 57, 27, 27, 0, 10, 47
35716, 16, 20, 20, 0, 16, 0
42621, 39, 42, 41, 1, 39, 0
45067, 0, 7, 0, 7, 0, 0
45318, 2, 12, 0, 12, 2, 0
45466, 56, 73, 73, 0, 33, 23
55669, 17, 8, 6, 2, 17, 0
76244, 0, 1, 1, 0, 0, 0
76246, 0, 1, 0, 1, 0, 0
76247, 0, 1, 1, 0, 0, 0
76248, 0, 1, 0, 1, 0, 0
3665, 80, 36, 36, 0, 80, 0
4187, 62, 36, 35, 1, 60, 2
9379, 78, 77, 74, 3, 26, 52
9486, 0, 3, 3, 0, 0, 0
9916, 2, 4, 2, 2, 2, 0
10568, 61, 52, 52, 0, 57, 4
11793, 65, 65, 65, 0, 65, 0
12138, 100, 49, 49, 0, 100, 0
12149, 27, 30, 29, 1, 27, 0
12308, 26, 8, 8, 0, 25, 1
13540, 54, 36, 36, 0, 38, 16
13997, 34, 25, 24, 1, 28, 6
15085, 10, 10, 10, 0, 10, 0
15736, 6, 3, 3, 0, 6, 0
16292, 14, 10, 9, 1, 11, 3
16297, 60, 14, 14, 0, 60, 0
16330, 22, 7, 6, 1, 21, 1
16929, 6, 13, 6, 7, 3, 3
17473, 52, 21, 19, 2, 50, 2
18014, 37, 30, 29, 1, 28, 9
19201, 4, 5, 5, 0, 4, 0
19323, 5, 8, 8, 0, 5, 0
20894, 91, 63, 60, 3, 88, 3
21193, 1, 5, 5, 0, 1, 0
21212, 15, 20, 20, 0, 13, 2
21644, 33, 14, 13, 1, 30, 3
24175, 10, 5, 5, 0, 10, 0
24700, 18, 12, 11, 1, 14, 4
24749, 150, 48, 37, 11, 150, 0
25110, 3, 1, 1, 0, 2, 1
25838, 4, 1, 1, 0, 4, 0
26357, 16, 4, 4, 0, 16, 0
26405, 2, 3, 3, 0, 2, 0
26707, 0, 3, 3, 0, 0, 0
26752, 14, 7, 4, 3, 13, 1
26970, 9, 6, 6, 0, 9, 0
27578, 24, 12, 12, 0, 24, 0
27835, 26, 11, 11, 0, 25, 1
28585, 7, 2, 2, 0, 7, 0
28907, 1, 1, 1, 0, 1, 0
28916, 1, 1, 1, 0, 1, 0
29036, 1, 2, 1, 1, 1, 0
29564, 43, 24, 22, 2, 33, 10
29957, 7, 6, 4, 2, 6, 1
30113, 4, 11, 9, 2, 2, 2
30133, 2, 3, 3, 0, 2, 0
30499, 4, 3, 3, 0, 4, 0
31459, 2, 2, 2, 0, 2, 0
32267, 4, 6, 6, 0, 4, 0
33049, 6, 19, 19, 0, 6, 0
33272, 14, 2, 2, 0, 14, 0
33738, 3, 2, 2, 0, 2, 1
35099, 4, 3, 2, 1, 4, 0
35412, 4, 3, 3, 0, 4, 0
35904, 0, 2, 2, 0, 0, 0
36335, 11, 14, 14, 0, 11, 0
40083, 13, 4, 4, 0, 13, 0
40330, 0, 2, 2, 0, 0, 0
42759, 10, 28, 28, 0, 9, 1
43635, 9, 5, 5, 0, 7, 2
43757, 3, 1, 1, 0, 3, 0
43802, 9, 9, 9, 0, 9, 0
45352, 1, 7, 5, 2, 1, 0
45768, 4, 7, 7, 0, 4, 0
46611, 1, 3, 3, 0, 1, 0
50044, 3, 32, 32, 0, 3, 0
50214, 2, 2, 2, 0, 2, 0
50784, 9, 5, 5, 0, 9, 0
51284, 3, 2, 2, 0, 3, 0
51678, 12, 10, 10, 0, 12, 0
52479, 79, 55, 55, 0, 79, 0
54200, 1, 2, 2, 0, 1, 0
54684, 7, 4, 4, 0, 7, 0
55405, 8, 9, 9, 0, 8, 0
56954, 9, 3, 2, 1, 9, 0
57441, 21, 33, 33, 0, 21, 0
57709, 0, 2, 1, 1, 0, 0
58058, 10, 12, 12, 0, 10, 0
59623, 1, 1, 1, 0, 1, 0
60232, 41, 15, 15, 0, 41, 0
61016, 0, 2, 2, 0, 0, 0
61331, 4, 4, 4, 0, 4, 0
61815, 4, 7, 6, 1, 4, 0
62790, 118, 45, 45, 0, 118, 0
63261, 27, 18, 18, 0, 22, 5
64173, 4, 2, 2, 0, 4, 0
65387, 1, 1, 1, 0, 1, 0
66851, 1, 1, 1, 0, 1, 0
67590, 2, 1, 1, 0, 2, 0
67696, 1, 1, 1, 0, 1, 0
67733, 0, 2, 2, 0, 0, 0
67853, 14, 23, 23, 0, 14, 0
67854, 3, 3, 3, 0, 3, 0
67855, 0, 3, 3, 0, 0, 0
67856, 25, 20, 19, 1, 25, 0
67857, 54, 23, 23, 0, 54, 0
67859, 0, 1, 1, 0, 0, 0
67860, 0, 1, 1, 0, 0, 0
67861, 0, 1, 1, 0, 0, 0
67862, 0, 1, 1, 0, 0, 0
67863, 0, 1, 1, 0, 0, 0
67864, 0, 1, 1, 0, 0, 0
67865, 0, 1, 1, 0, 0, 0
67866, 0, 1, 1, 0, 0, 0
67867, 0, 3, 3, 0, 0, 0
67868, 2, 3, 3, 0, 2, 0
67869, 0, 1, 1, 0, 0, 0
67870, 0, 1, 1, 0, 0, 0
67871, 0, 1, 1, 0, 0, 0
67872, 0, 1, 1, 0, 0, 0
67873, 0, 1, 1, 0, 0, 0
67874, 1, 6, 6, 0, 1, 0
93947, 4, 2, 2, 0, 4, 0
97706, 0, 1, 1, 0, 0, 0
120397, 0, 1, 1, 0, 0, 0
120414, 0, 2, 1, 1, 0, 0
3065, 13, 3, 3, 0, 13, 0
50004, 3, 11, 11, 0, 3, 0
57713, 0, 1, 1, 0, 0, 0
1892, 0, 1, 1, 0, 0, 0
104471, 2, 2, 2, 0, 2, 0
6333, 43, 13, 9, 4, 32, 11
30707, 25, 19, 18, 1, 19, 6
33057, 55, 21, 17, 4, 55, 0
94885, 0, 1, 0, 1, 0, 0
3456, 32, 18, 18, 0, 31, 1
21391, 52, 42, 42, 0, 29, 23
23424, 69, 28, 28, 0, 68, 1
58198, 28, 14, 14, 0, 28, 0
11157, 68, 29, 29, 0, 68, 0
13382, 36, 20, 19, 1, 34, 2
30780, 2, 1, 1, 0, 2, 0
48561, 87, 42, 42, 0, 87, 0
6075, 22, 12, 10, 2, 21, 1
19045, 2, 4, 2, 2, 2, 0
24579, 23, 15, 12, 3, 21, 2
31932, 18, 14, 12, 2, 18, 0
45955, 7, 2, 2, 0, 7, 0
66056, 3, 4, 3, 1, 3, 0
68644, 2, 3, 3, 0, 2, 0
68645, 2, 3, 3, 0, 2, 0
77843, 3, 5, 5, 0, 3, 0
83206, 1, 1, 1, 0, 1, 0
1619, 1, 1, 1, 0, 1, 0
7835, 0, 9, 7, 2, 0, 0
10735, 7, 2, 1, 1, 7, 0
43422, 0, 2, 2, 0, 0, 0
125677, 0, 1, 1, 0, 0, 0
1621, 1, 0, 0, 0, 1, 0
3426, 2, 8, 6, 2, 2, 0
7781, 1, 1, 1, 0, 1, 0
8829, 12, 11, 11, 0, 12, 0
8834, 19, 17, 17, 0, 17, 2
20257, 7, 4, 4, 0, 7, 0
29703, 81, 31, 29, 2, 18, 63
64112, 10, 4, 4, 0, 10, 0
97883, 13, 10, 9, 1, 12, 1
25558, 110, 47, 46, 1, 110, 0
21163, 47, 54, 53, 1, 47, 0
32858, 15, 20, 20, 0, 15, 0
38098, 7, 14, 14, 0, 7, 0
42043, 12, 13, 11, 2, 12, 0
45314, 7, 11, 10, 1, 7, 0
62143, 31, 14, 14, 0, 31, 0
1625, 1, 0, 0, 0, 1, 0
1626, 28, 17, 17, 0, 26, 2
6796, 9, 16, 11, 5, 9, 0
39595, 19, 6, 6, 0, 19, 0
42145, 1, 1, 0, 1, 1, 0
60752, 0, 33, 33, 0, 0, 0
68081, 11, 5, 4, 1, 11, 0
76948, 5, 6, 6, 0, 5, 0
1627, 2, 1, 1, 0, 2, 0
1628, 4, 13, 12, 1, 4, 0
1629, 1, 0, 0, 0, 1, 0
1630, 1, 0, 0, 0, 1, 0
2784, 24, 41, 41, 0, 24, 0
19744, 4, 8, 8, 0, 4, 0
20904, 7, 7, 7, 0, 7, 0
26919, 70, 50, 44, 6, 36, 34
29652, 34, 18, 15, 3, 33, 1
31265, 12, 11, 9, 2, 11, 1
38223, 2, 3, 3, 0, 2, 0
42638, 1, 1, 1, 0, 1, 0
44616, 1, 3, 3, 0, 1, 0
47250, 2, 1, 1, 0, 1, 1
50192, 6, 5, 5, 0, 4, 2
52351, 9, 9, 9, 0, 9, 0
52353, 0, 2, 2, 0, 0, 0
52354, 0, 2, 2, 0, 0, 0
52355, 1, 1, 1, 0, 1, 0
52356, 0, 1, 1, 0, 0, 0
52357, 0, 4, 3, 1, 0, 0
52358, 8, 4, 3, 1, 4, 4
124094, 0, 1, 1, 0, 0, 0
1633, 1, 1, 1, 0, 1, 0
1634, 1, 3, 2, 1, 1, 0
1635, 1, 0, 0, 0, 0, 1
6153, 5, 6, 6, 0, 5, 0
10342, 10, 5, 4, 1, 10, 0
10668, 6, 5, 5, 0, 6, 0
10669, 1, 3, 3, 0, 1, 0
10670, 10, 13, 12, 1, 10, 0
10672, 23, 24, 20, 4, 23, 0
15181, 0, 3, 3, 0, 0, 0
17714, 16, 31, 31, 0, 16, 0
20236, 0, 2, 2, 0, 0, 0
26979, 18, 22, 22, 0, 18, 0
36489, 0, 3, 1, 2, 0, 0
36845, 3, 4, 3, 1, 3, 0
37923, 3, 7, 7, 0, 3, 0
45624, 17, 23, 23, 0, 16, 1
47584, 1, 1, 1, 0, 0, 1
54228, 5, 3, 3, 0, 5, 0
55913, 4, 2, 2, 0, 4, 0
57025, 34, 17, 15, 2, 30, 4
59657, 3, 1, 1, 0, 3, 0
63042, 14, 6, 6, 0, 9, 5
65969, 7, 8, 7, 1, 7, 0
68408, 0, 2, 1, 1, 0, 0
69325, 32, 26, 25, 1, 32, 0
70002, 2, 4, 4, 0, 2, 0
70003, 1, 2, 2, 0, 1, 0
70558, 4, 4, 4, 0, 4, 0
75900, 0, 5, 5, 0, 0, 0
85914, 11, 8, 8, 0, 11, 0
85915, 178, 31, 30, 1, 178, 0
86679, 28, 9, 9, 0, 28, 0
87599, 0, 2, 2, 0, 0, 0
87657, 0, 1, 1, 0, 0, 0
87658, 0, 1, 1, 0, 0, 0
87659, 0, 1, 1, 0, 0, 0
87660, 0, 1, 1, 0, 0, 0
87661, 0, 1, 1, 0, 0, 0
87662, 0, 1, 1, 0, 0, 0
87663, 0, 1, 1, 0, 0, 0
87664, 0, 1, 1, 0, 0, 0
87665, 0, 1, 1, 0, 0, 0
87666, 0, 1, 1, 0, 0, 0
87667, 0, 1, 1, 0, 0, 0
87668, 0, 1, 1, 0, 0, 0
87669, 0, 1, 1, 0, 0, 0
87670, 0, 1, 1, 0, 0, 0
87671, 1, 2, 2, 0, 0, 1
87672, 0, 1, 1, 0, 0, 0
87673, 0, 1, 0, 1, 0, 0
87674, 0, 1, 1, 0, 0, 0
1637, 1, 0, 0, 0, 1, 0
1639, 3, 2, 1, 1, 3, 0
1640, 37, 8, 8, 0, 37, 0
79136, 0, 2, 2, 0, 0, 0
4134, 2, 2, 2, 0, 2, 0
6496, 81, 13, 13, 0, 81, 0
6857, 0, 2, 1, 1, 0, 0
10073, 2, 2, 2, 0, 2, 0
30346, 10, 4, 4, 0, 10, 0
1641, 1, 0, 0, 0, 1, 0
1642, 0, 2, 2, 0, 0, 0
1643, 1, 0, 0, 0, 1, 0
1644, 0, 2, 2, 0, 0, 0
93162, 4, 1, 1, 0, 4, 0
1646, 10, 2, 2, 0, 10, 0
1648, 1, 1, 1, 0, 1, 0
1649, 1, 5, 4, 1, 1, 0
4219, 3, 1, 1, 0, 2, 1
12704, 17, 7, 7, 0, 17, 0
13587, 10, 22, 22, 0, 10, 0
17262, 1, 8, 8, 0, 1, 0
19975, 1, 1, 1, 0, 1, 0
24330, 1, 1, 1, 0, 1, 0
28954, 2, 4, 4, 0, 2, 0
53068, 2, 1, 1, 0, 0, 2
63339, 0, 5, 5, 0, 0, 0
73258, 0, 2, 2, 0, 0, 0
76628, 1, 1, 1, 0, 1, 0
79967, 0, 1, 1, 0, 0, 0
55858, 2, 7, 7, 0, 2, 0
14354, 1, 5, 3, 2, 0, 1
15126, 10, 44, 39, 5, 5, 5
31823, 2, 2, 1, 1, 2, 0
93398, 5, 3, 2, 1, 5, 0
105429, 2, 1, 0, 1, 2, 0
105780, 1, 4, 1, 3, 1, 0
106218, 0, 1, 0, 1, 0, 0
106708, 13, 12, 6, 6, 13, 0
107477, 1, 1, 0, 1, 0, 1
10692, 21, 17, 17, 0, 20, 1
15452, 57, 19, 17, 2, 41, 16
15520, 23, 9, 8, 1, 20, 3
28913, 5, 4, 4, 0, 5, 0
2720, 2, 7, 6, 1, 2, 0
3056, 5, 7, 2, 5, 3, 2
3105, 0, 5, 1, 4, 0, 0
3425, 20, 11, 7, 4, 8, 12
3498, 15, 3, 1, 2, 12, 3
3560, 1, 9, 2, 7, 1, 0
5521, 1, 3, 1, 2, 1, 0
5579, 3, 7, 3, 4, 2, 1
5850, 2, 2, 1, 1, 2, 0
6268, 7, 9, 9, 0, 7, 0
7298, 30, 17, 13, 4, 30, 0
7299, 5, 8, 4, 4, 5, 0
8909, 6, 8, 7, 1, 6, 0
9166, 2, 2, 0, 2, 2, 0
9388, 7, 17, 9, 8, 6, 1
9393, 2, 7, 6, 1, 2, 0
10040, 3, 3, 2, 1, 3, 0
10179, 3, 2, 1, 1, 3, 0
10354, 1, 1, 0, 1, 1, 0
10453, 7, 2, 1, 1, 5, 2
11225, 3, 5, 4, 1, 3, 0
11516, 5, 4, 1, 3, 5, 0
11546, 11, 4, 2, 2, 11, 0
12077, 19, 48, 47, 1, 13, 6
12827, 39, 39, 37, 2, 31, 8
12986, 0, 2, 0, 2, 0, 0
13702, 2, 2, 1, 1, 2, 0
14222, 17, 10, 7, 3, 12, 5
14714, 2, 9, 1, 8, 0, 2
15480, 2, 7, 5, 2, 2, 0
15754, 1, 11, 7, 4, 0, 1
15835, 2, 3, 1, 2, 1, 1
15978, 5, 5, 1, 4, 5, 0
16800, 3, 7, 1, 6, 1, 2
16801, 0, 9, 0, 9, 0, 0
16861, 15, 20, 13, 7, 14, 1
17356, 125, 8, 7, 1, 125, 0
18337, 8, 14, 6, 8, 6, 2
18617, 10, 22, 19, 3, 10, 0
18763, 2, 4, 2, 2, 2, 0
18827, 5, 19, 17, 2, 5, 0
19273, 13, 5, 4, 1, 12, 1
20029, 8, 10, 5, 5, 5, 3
20122, 8, 7, 6, 1, 8, 0
20229, 8, 9, 0, 9, 7, 1
20280, 33, 13, 10, 3, 24, 9
20662, 3, 2, 1, 1, 3, 0
21034, 1, 15, 13, 2, 1, 0
21728, 1, 3, 1, 2, 1, 0
21836, 3, 4, 3, 1, 3, 0
22375, 12, 14, 13, 1, 12, 0
22415, 7, 4, 3, 1, 7, 0
23436, 1, 13, 3, 10, 1, 0
23769, 15, 20, 11, 9, 9, 6
24159, 12, 14, 12, 2, 12, 0
24550, 602, 23, 17, 6, 602, 0
25150, 15, 10, 7, 3, 13, 2
25695, 0, 4, 1, 3, 0, 0
26179, 5, 2, 1, 1, 3, 2
27532, 14, 7, 4, 3, 6, 8
28939, 3, 5, 0, 5, 2, 1
29718, 3, 3, 1, 2, 3, 0
30168, 1, 2, 1, 1, 1, 0
30519, 4, 2, 0, 2, 4, 0
30675, 3, 1, 0, 1, 2, 1
30828, 8, 4, 3, 1, 4, 4
30979, 2, 2, 1, 1, 2, 0
31165, 0, 2, 1, 1, 0, 0
31296, 28, 16, 15, 1, 26, 2
31342, 4, 13, 12, 1, 3, 1
33613, 1, 3, 0, 3, 1, 0
33614, 1, 3, 0, 3, 1, 0
34625, 0, 5, 2, 3, 0, 0
36032, 13, 6, 4, 2, 13, 0
36052, 2, 1, 0, 1, 2, 0
36807, 5, 10, 9, 1, 5, 0
38626, 1, 1, 0, 1, 1, 0
38937, 0, 6, 0, 6, 0, 0
39032, 4, 1, 0, 1, 3, 1
39043, 3, 4, 3, 1, 3, 0
39092, 2, 2, 0, 2, 2, 0
39340, 35, 21, 9, 12, 35, 0
42670, 5, 4, 3, 1, 5, 0
42781, 1, 3, 2, 1, 1, 0
43284, 5, 2, 0, 2, 5, 0
43688, 40, 34, 13, 21, 35, 5
43808, 0, 2, 0, 2, 0, 0
45054, 0, 11, 0, 11, 0, 0
45347, 6, 11, 6, 5, 6, 0
46155, 15, 10, 9, 1, 14, 1
46166, 0, 3, 0, 3, 0, 0
47088, 0, 4, 2, 2, 0, 0
47874, 2, 5, 0, 5, 2, 0
48016, 22, 25, 9, 16, 22, 0
48491, 1, 4, 0, 4, 0, 1
49353, 0, 5, 0, 5, 0, 0
49537, 1, 2, 0, 2, 0, 1
49825, 2, 3, 2, 1, 2, 0
50109, 2, 4, 2, 2, 1, 1
50589, 1, 3, 0, 3, 1, 0
52913, 0, 4, 1, 3, 0, 0
53671, 4, 5, 4, 1, 4, 0
54518, 284, 19, 16, 3, 284, 0
54721, 14, 12, 8, 4, 12, 2
55644, 38, 4, 3, 1, 38, 0
55942, 0, 5, 0, 5, 0, 0
56652, 4, 3, 0, 3, 0, 4
58843, 0, 3, 0, 3, 0, 0
59693, 65, 11, 8, 3, 64, 1
60276, 2, 3, 2, 1, 2, 0
60526, 5, 4, 1, 3, 5, 0
61356, 0, 3, 0, 3, 0, 0
62835, 0, 6, 4, 2, 0, 0
63681, 0, 3, 0, 3, 0, 0
63690, 0, 2, 0, 2, 0, 0
63802, 3, 5, 3, 2, 3, 0
64225, 0, 4, 0, 4, 0, 0
64977, 0, 2, 0, 2, 0, 0
67037, 1, 1, 0, 1, 1, 0
68769, 15, 13, 12, 1, 13, 2
70299, 2, 1, 0, 1, 2, 0
71217, 0, 2, 1, 1, 0, 0
71367, 0, 5, 0, 5, 0, 0
72342, 2, 4, 3, 1, 2, 0
72397, 6, 9, 7, 2, 6, 0
72491, 0, 5, 4, 1, 0, 0
74331, 0, 2, 1, 1, 0, 0
74564, 5, 5, 3, 2, 5, 0
76875, 3, 1, 0, 1, 3, 0
77644, 0, 3, 0, 3, 0, 0
77645, 0, 1, 0, 1, 0, 0
77647, 0, 3, 0, 3, 0, 0
77648, 0, 1, 0, 1, 0, 0
77649, 0, 1, 0, 1, 0, 0
77650, 0, 1, 0, 1, 0, 0
77653, 0, 1, 0, 1, 0, 0
77654, 0, 1, 0, 1, 0, 0
77655, 0, 1, 0, 1, 0, 0
77656, 0, 1, 0, 1, 0, 0
77657, 0, 1, 0, 1, 0, 0
77658, 0, 1, 0, 1, 0, 0
77659, 0, 2, 0, 2, 0, 0
77660, 0, 1, 0, 1, 0, 0
77661, 0, 1, 0, 1, 0, 0
77662, 0, 1, 0, 1, 0, 0
77663, 0, 1, 0, 1, 0, 0
77664, 0, 1, 0, 1, 0, 0
77665, 0, 1, 0, 1, 0, 0
77666, 0, 1, 0, 1, 0, 0
77667, 0, 1, 0, 1, 0, 0
77668, 0, 1, 0, 1, 0, 0
77669, 0, 1, 0, 1, 0, 0
77670, 0, 2, 0, 2, 0, 0
77671, 0, 1, 0, 1, 0, 0
77672, 0, 1, 0, 1, 0, 0
77673, 0, 1, 0, 1, 0, 0
77674, 0, 1, 0, 1, 0, 0
77675, 0, 1, 0, 1, 0, 0
77677, 0, 1, 0, 1, 0, 0
77679, 0, 2, 0, 2, 0, 0
77680, 0, 1, 0, 1, 0, 0
77681, 0, 1, 0, 1, 0, 0
77682, 0, 1, 0, 1, 0, 0
77683, 0, 1, 0, 1, 0, 0
77685, 0, 1, 0, 1, 0, 0
77686, 0, 1, 0, 1, 0, 0
77687, 0, 1, 0, 1, 0, 0
77688, 0, 4, 3, 1, 0, 0
77690, 0, 2, 0, 2, 0, 0
77691, 0, 1, 0, 1, 0, 0
77692, 0, 1, 0, 1, 0, 0
77693, 0, 1, 0, 1, 0, 0
77694, 0, 1, 0, 1, 0, 0
77695, 0, 1, 0, 1, 0, 0
77747, 2, 4, 3, 1, 2, 0
79370, 0, 4, 1, 3, 0, 0
79392, 3, 5, 3, 2, 3, 0
79416, 3, 6, 3, 3, 3, 0
79423, 0, 4, 1, 3, 0, 0
80843, 1, 1, 0, 1, 1, 0
82212, 6, 10, 6, 4, 6, 0
82371, 0, 2, 1, 1, 0, 0
85071, 3, 1, 0, 1, 3, 0
88380, 3, 2, 1, 1, 3, 0
90053, 17, 6, 5, 1, 17, 0
90097, 0, 2, 1, 1, 0, 0
92635, 38, 10, 3, 7, 38, 0
93157, 0, 1, 0, 1, 0, 0
93305, 14, 7, 6, 1, 14, 0
93466, 0, 1, 0, 1, 0, 0
93514, 0, 1, 0, 1, 0, 0
93731, 0, 1, 0, 1, 0, 0
93840, 3, 2, 1, 1, 3, 0
93881, 0, 1, 0, 1, 0, 0
93982, 0, 1, 0, 1, 0, 0
93984, 0, 1, 0, 1, 0, 0
94049, 0, 1, 0, 1, 0, 0
94073, 2, 2, 1, 1, 2, 0
94185, 0, 1, 0, 1, 0, 0
94340, 3, 1, 0, 1, 3, 0
94377, 0, 1, 0, 1, 0, 0
94458, 3, 2, 1, 1, 3, 0
94527, 0, 1, 0, 1, 0, 0
94620, 1, 2, 1, 1, 1, 0
94886, 0, 1, 0, 1, 0, 0
94898, 5, 3, 2, 1, 5, 0
95018, 0, 1, 0, 1, 0, 0
95060, 0, 1, 0, 1, 0, 0
95247, 2, 3, 2, 1, 2, 0
95626, 1, 5, 0, 5, 1, 0
96159, 1, 2, 1, 1, 1, 0
97588, 4, 4, 3, 1, 4, 0
98257, 1, 4, 3, 1, 1, 0
98467, 0, 1, 0, 1, 0, 0
98758, 2, 1, 0, 1, 2, 0
98878, 0, 2, 1, 1, 0, 0
98965, 6, 4, 2, 2, 6, 0
99430, 14, 17, 16, 1, 14, 0
99544, 0, 9, 6, 3, 0, 0
99607, 10, 10, 9, 1, 9, 1
100001, 13, 4, 0, 4, 13, 0
100063, 0, 1, 0, 1, 0, 0
100169, 9, 1, 0, 1, 9, 0
100876, 6, 4, 1, 3, 6, 0
101003, 4, 10, 7, 3, 4, 0
101085, 2, 4, 2, 2, 2, 0
101511, 0, 1, 0, 1, 0, 0
101648, 2, 5, 3, 2, 2, 0
102511, 0, 1, 0, 1, 0, 0
102547, 2, 1, 0, 1, 2, 0
102739, 39, 5, 3, 2, 39, 0
102995, 0, 3, 1, 2, 0, 0
103519, 1, 1, 0, 1, 1, 0
103725, 1, 4, 1, 3, 1, 0
105921, 0, 1, 0, 1, 0, 0
106093, 0, 1, 0, 1, 0, 0
107293, 0, 2, 1, 1, 0, 0
107583, 0, 4, 0, 4, 0, 0
107626, 0, 3, 0, 3, 0, 0
107649, 0, 2, 0, 2, 0, 0
108185, 2, 1, 0, 1, 0, 2
108595, 0, 1, 0, 1, 0, 0
109332, 6, 4, 2, 2, 6, 0
109360, 0, 4, 1, 3, 0, 0
109427, 0, 2, 0, 2, 0, 0
109537, 2, 2, 0, 2, 2, 0
109669, 1, 9, 2, 7, 1, 0
109760, 0, 1, 0, 1, 0, 0
109914, 0, 1, 0, 1, 0, 0
109979, 3, 6, 2, 4, 3, 0
110547, 4, 3, 2, 1, 1, 3
110685, 8, 3, 1, 2, 8, 0
111106, 4, 2, 1, 1, 4, 0
111282, 1, 4, 0, 4, 1, 0
111283, 1, 3, 0, 3, 1, 0
111287, 0, 2, 0, 2, 0, 0
111292, 1, 4, 0, 4, 1, 0
111331, 0, 1, 0, 1, 0, 0
111337, 1, 4, 0, 4, 1, 0
111376, 1, 3, 0, 3, 0, 1
111398, 2, 1, 0, 1, 1, 1
111503, 9, 7, 3, 4, 9, 0
111598, 1, 3, 1, 2, 1, 0
111782, 0, 2, 0, 2, 0, 0
111816, 0, 2, 0, 2, 0, 0
111995, 2, 1, 0, 1, 2, 0
112164, 0, 1, 0, 1, 0, 0
112251, 0, 4, 2, 2, 0, 0
114298, 1, 1, 0, 1, 1, 0
114668, 0, 3, 0, 3, 0, 0
114822, 0, 1, 0, 1, 0, 0
114982, 0, 2, 0, 2, 0, 0
115333, 1, 3, 0, 3, 1, 0
115986, 0, 1, 0, 1, 0, 0
116107, 0, 2, 0, 2, 0, 0
116184, 0, 1, 0, 1, 0, 0
116535, 3, 1, 0, 1, 2, 1
116592, 2, 3, 1, 2, 2, 0
116681, 0, 1, 0, 1, 0, 0
116708, 0, 1, 0, 1, 0, 0
116776, 0, 1, 0, 1, 0, 0
116929, 0, 1, 0, 1, 0, 0
116947, 0, 6, 1, 5, 0, 0
116959, 0, 4, 2, 2, 0, 0
116996, 0, 1, 0, 1, 0, 0
117058, 0, 1, 0, 1, 0, 0
117068, 5, 4, 4, 0, 5, 0
117070, 0, 1, 0, 1, 0, 0
117092, 0, 2, 1, 1, 0, 0
117297, 0, 2, 0, 2, 0, 0
117578, 0, 2, 0, 2, 0, 0
117719, 0, 2, 0, 2, 0, 0
117845, 2, 2, 0, 2, 2, 0
117862, 0, 9, 3, 6, 0, 0
117863, 0, 4, 1, 3, 0, 0
117934, 0, 1, 0, 1, 0, 0
117940, 1, 4, 0, 4, 1, 0
117947, 0, 3, 0, 3, 0, 0
117952, 2, 6, 1, 5, 2, 0
117980, 10, 3, 1, 2, 10, 0
118043, 0, 1, 0, 1, 0, 0
118044, 0, 1, 0, 1, 0, 0
118109, 0, 2, 0, 2, 0, 0
118129, 1, 3, 0, 3, 1, 0
118566, 1, 5, 0, 5, 1, 0
118888, 0, 2, 1, 1, 0, 0
118894, 4, 2, 1, 1, 4, 0
118962, 0, 1, 0, 1, 0, 0
119018, 0, 2, 0, 2, 0, 0
119091, 0, 3, 0, 3, 0, 0
119096, 0, 1, 0, 1, 0, 0
119126, 3, 5, 0, 5, 3, 0
119162, 0, 7, 0, 7, 0, 0
119186, 0, 2, 0, 2, 0, 0
119195, 4, 2, 0, 2, 3, 1
119225, 0, 1, 0, 1, 0, 0
119240, 0, 2, 0, 2, 0, 0
119399, 20, 8, 5, 3, 15, 5
119475, 0, 4, 0, 4, 0, 0
119478, 0, 1, 0, 1, 0, 0
119650, 0, 1, 0, 1, 0, 0
119651, 0, 1, 0, 1, 0, 0
119674, 0, 3, 0, 3, 0, 0
119748, 0, 1, 0, 1, 0, 0
119792, 1, 6, 0, 6, 1, 0
120016, 0, 1, 0, 1, 0, 0
120135, 3, 3, 1, 2, 2, 1
120463, 13, 2, 1, 1, 13, 0
120538, 3, 3, 0, 3, 3, 0
120901, 3, 3, 0, 3, 3, 0
120906, 0, 2, 0, 2, 0, 0
120953, 1, 1, 0, 1, 1, 0
121223, 0, 1, 0, 1, 0, 0
121262, 6, 1, 0, 1, 1, 5
121328, 1, 1, 0, 1, 1, 0
121674, 0, 1, 0, 1, 0, 0
121799, 0, 2, 0, 2, 0, 0
121843, 0, 1, 0, 1, 0, 0
122053, 9, 8, 2, 6, 8, 1
122227, 0, 1, 0, 1, 0, 0
122299, 0, 8, 0, 8, 0, 0
122368, 0, 1, 0, 1, 0, 0
122602, 0, 1, 0, 1, 0, 0
122786, 0, 3, 0, 3, 0, 0
122953, 16, 5, 2, 3, 16, 0
123197, 0, 1, 0, 1, 0, 0
123221, 1, 2, 0, 2, 1, 0
123257, 1, 2, 0, 2, 1, 0
123452, 0, 3, 0, 3, 0, 0
123463, 0, 2, 0, 2, 0, 0
123534, 0, 4, 0, 4, 0, 0
123712, 0, 5, 0, 5, 0, 0
124063, 0, 4, 0, 4, 0, 0
124085, 0, 4, 0, 4, 0, 0
124117, 0, 1, 0, 1, 0, 0
124224, 18, 9, 6, 3, 13, 5
124225, 0, 3, 0, 3, 0, 0
124340, 0, 2, 0, 2, 0, 0
124439, 0, 7, 1, 6, 0, 0
124666, 0, 3, 1, 2, 0, 0
125041, 1, 2, 0, 2, 1, 0
125247, 1, 3, 0, 3, 0, 1
125348, 0, 3, 0, 3, 0, 0
125470, 0, 1, 0, 1, 0, 0
126191, 0, 1, 0, 1, 0, 0
126265, 5, 4, 3, 1, 5, 0
126674, 0, 1, 0, 1, 0, 0
126960, 7, 8, 7, 1, 7, 0
127219, 9, 5, 3, 2, 9, 0
127577, 0, 1, 0, 1, 0, 0
127958, 0, 1, 0, 1, 0, 0
127959, 0, 1, 0, 1, 0, 0
127960, 0, 1, 0, 1, 0, 0
127999, 0, 2, 0, 2, 0, 0
128002, 0, 5, 0, 5, 0, 0
128717, 0, 4, 0, 4, 0, 0
129004, 0, 1, 0, 1, 0, 0
129111, 0, 5, 0, 5, 0, 0
129378, 0, 1, 0, 1, 0, 0
129676, 0, 1, 0, 1, 0, 0
130097, 0, 6, 1, 5, 0, 0
130484, 5, 5, 3, 2, 4, 1
130533, 0, 7, 0, 7, 0, 0
131034, 0, 1, 0, 1, 0, 0
131319, 0, 1, 0, 1, 0, 0
2449, 5, 3, 2, 1, 5, 0
2976, 6, 1, 1, 0, 6, 0
3435, 6, 3, 3, 0, 5, 1
3506, 1, 1, 1, 0, 1, 0
3698, 1, 2, 2, 0, 1, 0
4231, 16, 2, 2, 0, 16, 0
6004, 2, 1, 1, 0, 2, 0
11328, 11, 2, 2, 0, 11, 0
12265, 2, 1, 1, 0, 2, 0
12578, 16, 3, 3, 0, 14, 2
13811, 2, 3, 3, 0, 2, 0
31073, 2, 1, 1, 0, 2, 0
1654, 1, 0, 0, 0, 1, 0
1655, 0, 2, 2, 0, 0, 0
1657, 2, 0, 0, 0, 1, 1
1659, 8, 16, 11, 5, 8, 0
5876, 15, 4, 4, 0, 14, 1
29289, 16, 17, 16, 1, 8, 8
36899, 32, 21, 15, 6, 10, 22
65382, 7, 5, 5, 0, 7, 0
65385, 3, 3, 3, 0, 3, 0
71006, 1, 1, 1, 0, 1, 0
1660, 1, 0, 0, 0, 1, 0
1661, 0, 1, 1, 0, 0, 0
1662, 1, 4, 4, 0, 1, 0
13422, 1, 3, 2, 1, 0, 1
30762, 1, 1, 0, 1, 1, 0
1664, 1, 0, 0, 0, 1, 0
1666, 1, 0, 0, 0, 1, 0
1667, 1, 0, 0, 0, 1, 0
1668, 1, 0, 0, 0, 1, 0
1669, 1, 0, 0, 0, 1, 0
1670, 1, 0, 0, 0, 1, 0
1671, 1, 0, 0, 0, 0, 1
1672, 0, 1, 0, 1, 0, 0
1675, 48, 23, 23, 0, 48, 0
1681, 26, 16, 16, 0, 26, 0
58817, 8, 9, 9, 0, 8, 0
11979, 21, 51, 51, 0, 17, 4
13056, 35, 24, 22, 2, 35, 0
18109, 41, 37, 37, 0, 41, 0
21214, 24, 33, 33, 0, 24, 0
21216, 32, 20, 16, 4, 31, 1
21217, 54, 34, 34, 0, 53, 1
21910, 8, 31, 31, 0, 8, 0
24735, 52, 23, 23, 0, 52, 0
24879, 46, 26, 24, 2, 46, 0
50259, 20, 23, 21, 2, 20, 0
58658, 9, 11, 11, 0, 9, 0
59979, 7, 15, 15, 0, 7, 0
62969, 56, 21, 21, 0, 56, 0
65503, 5, 10, 9, 1, 5, 0
65863, 23, 16, 16, 0, 23, 0
67038, 9, 5, 5, 0, 9, 0
67039, 12, 7, 7, 0, 12, 0
68438, 15, 15, 15, 0, 15, 0
79814, 2, 1, 1, 0, 0, 2
10290, 2, 4, 3, 1, 2, 0
11286, 22, 42, 42, 0, 21, 1
11792, 48, 35, 35, 0, 48, 0
21213, 65, 66, 65, 1, 65, 0
22822, 41, 25, 25, 0, 41, 0
24553, 5, 12, 12, 0, 5, 0
26234, 137, 84, 83, 1, 137, 0
26520, 14, 37, 37, 0, 14, 0
35561, 30, 29, 29, 0, 30, 0
37059, 27, 26, 25, 1, 27, 0
42129, 50, 50, 50, 0, 50, 0
51043, 102, 57, 56, 1, 102, 0
53211, 2, 28, 28, 0, 2, 0
54796, 6, 4, 3, 1, 6, 0
56099, 430, 239, 236, 3, 430, 0
57779, 5, 5, 5, 0, 5, 0
58197, 43, 34, 34, 0, 43, 0
60343, 6, 22, 18, 4, 6, 0
62976, 4, 5, 5, 0, 4, 0
66941, 1, 19, 19, 0, 1, 0
67122, 40, 28, 28, 0, 40, 0
69049, 14, 12, 12, 0, 14, 0
69155, 3, 10, 10, 0, 3, 0
75059, 5, 3, 3, 0, 5, 0
75367, 3, 5, 5, 0, 3, 0
75499, 1, 1, 1, 0, 1, 0
89685, 0, 1, 1, 0, 0, 0
89686, 0, 1, 1, 0, 0, 0
89687, 0, 1, 1, 0, 0, 0
89688, 0, 1, 1, 0, 0, 0
89689, 0, 1, 1, 0, 0, 0
89690, 0, 1, 1, 0, 0, 0
89691, 0, 1, 1, 0, 0, 0
89692, 4, 4, 4, 0, 4, 0
3982, 30, 39, 38, 1, 27, 3
4180, 13, 29, 24, 5, 10, 3
13868, 3, 4, 3, 1, 3, 0
14798, 0, 2, 0, 2, 0, 0
19071, 11, 11, 11, 0, 11, 0
21991, 4, 4, 2, 2, 2, 2
24405, 1, 1, 0, 1, 0, 1
24409, 1, 1, 0, 1, 0, 1
28217, 0, 6, 0, 6, 0, 0
31065, 17, 5, 5, 0, 16, 1
31077, 3, 2, 1, 1, 3, 0
64168, 14, 11, 11, 0, 14, 0
64169, 11, 8, 8, 0, 11, 0
64224, 2, 7, 7, 0, 2, 0
66988, 11, 7, 7, 0, 11, 0
69879, 3, 10, 10, 0, 3, 0
74418, 0, 4, 0, 4, 0, 0
85135, 0, 1, 0, 1, 0, 0
85136, 0, 1, 0, 1, 0, 0
52805, 5, 6, 6, 0, 5, 0
66990, 0, 2, 2, 0, 0, 0
71774, 1, 9, 9, 0, 1, 0
75736, 1, 1, 1, 0, 1, 0
75746, 1, 1, 1, 0, 1, 0
77158, 0, 3, 3, 0, 0, 0
80224, 0, 1, 1, 0, 0, 0
11588, 27, 14, 12, 2, 27, 0
30860, 15, 14, 14, 0, 15, 0
57137, 2, 3, 3, 0, 2, 0
64351, 11, 2, 2, 0, 11, 0
12095, 6, 6, 6, 0, 6, 0
15030, 29, 14, 14, 0, 29, 0
24890, 35, 20, 19, 1, 27, 8
40037, 29, 30, 30, 0, 21, 8
41696, 0, 2, 2, 0, 0, 0
56980, 8, 8, 8, 0, 8, 0
61293, 32, 24, 24, 0, 31, 1
66989, 0, 3, 3, 0, 0, 0
66991, 6, 2, 2, 0, 5, 1
19126, 3, 3, 3, 0, 3, 0
61014, 5, 11, 11, 0, 5, 0
2543, 9, 3, 2, 1, 7, 2
4204, 13, 12, 11, 1, 9, 4
4392, 1, 3, 2, 1, 1, 0
7046, 25, 5, 3, 2, 25, 0
7287, 4, 2, 1, 1, 4, 0
8183, 3, 4, 3, 1, 3, 0
8688, 1, 2, 0, 2, 1, 0
8689, 0, 9, 6, 3, 0, 0
9666, 7, 5, 4, 1, 7, 0
10718, 42, 7, 6, 1, 42, 0
11385, 1, 1, 0, 1, 1, 0
12278, 33, 22, 20, 2, 17, 16
12631, 1, 3, 1, 2, 1, 0
13677, 0, 5, 0, 5, 0, 0
18101, 3, 7, 3, 4, 3, 0
18102, 3, 5, 3, 2, 2, 1
18904, 7, 4, 3, 1, 7, 0
18911, 1, 2, 0, 2, 1, 0
21210, 2, 4, 3, 1, 2, 0
21303, 0, 2, 0, 2, 0, 0
21324, 0, 4, 2, 2, 0, 0
21682, 1, 1, 0, 1, 1, 0
22324, 25, 7, 6, 1, 25, 0
22816, 2, 3, 2, 1, 1, 1
23979, 36, 21, 17, 4, 36, 0
24046, 2, 1, 0, 1, 2, 0
25078, 0, 3, 0, 3, 0, 0
25370, 0, 5, 0, 5, 0, 0
28439, 8, 2, 1, 1, 7, 1
28440, 45, 8, 7, 1, 36, 9
28528, 4, 3, 1, 2, 4, 0
28789, 3, 4, 3, 1, 3, 0
29506, 103, 27, 26, 1, 102, 1
30031, 4, 6, 4, 2, 4, 0
30266, 9, 11, 9, 2, 9, 0
30267, 10, 4, 3, 1, 10, 0
30565, 0, 18, 5, 13, 0, 0
32252, 11, 14, 3, 11, 9, 2
34133, 0, 2, 0, 2, 0, 0
34455, 2, 1, 0, 1, 1, 1
35386, 2, 7, 1, 6, 2, 0
36468, 11, 16, 15, 1, 11, 0
38162, 1, 1, 0, 1, 1, 0
38183, 1, 1, 0, 1, 1, 0
40061, 58, 22, 20, 2, 46, 12
40120, 1, 2, 1, 1, 1, 0
41655, 0, 4, 0, 4, 0, 0
42409, 3, 2, 1, 1, 3, 0
42875, 19, 7, 4, 3, 13, 6
43136, 0, 9, 0, 9, 0, 0
43153, 0, 2, 0, 2, 0, 0
43321, 0, 13, 10, 3, 0, 0
43761, 5, 2, 1, 1, 5, 0
44150, 17, 2, 1, 1, 14, 3
44572, 1, 1, 0, 1, 0, 1
45059, 0, 8, 0, 8, 0, 0
45114, 0, 7, 0, 7, 0, 0
46867, 0, 4, 0, 4, 0, 0
47850, 1, 2, 0, 2, 1, 0
48541, 0, 4, 0, 4, 0, 0
49949, 70, 23, 19, 4, 70, 0
50584, 3, 7, 4, 3, 3, 0
52311, 1, 1, 0, 1, 1, 0
53895, 1, 6, 3, 3, 1, 0
55002, 16, 5, 2, 3, 16, 0
55943, 0, 4, 0, 4, 0, 0
57804, 0, 8, 0, 8, 0, 0
57805, 0, 8, 0, 8, 0, 0
58320, 0, 5, 0, 5, 0, 0
61447, 0, 5, 0, 5, 0, 0
61449, 0, 5, 1, 4, 0, 0
62093, 0, 6, 0, 6, 0, 0
65018, 6, 7, 6, 1, 6, 0
66210, 0, 8, 0, 8, 0, 0
66257, 1, 3, 2, 1, 1, 0
67607, 7, 7, 5, 2, 7, 0
68920, 0, 5, 0, 5, 0, 0
68921, 0, 6, 0, 6, 0, 0
68974, 3, 1, 0, 1, 3, 0
70925, 1, 2, 0, 2, 1, 0
72813, 1, 1, 0, 1, 1, 0
72814, 13, 14, 12, 2, 13, 0
73011, 1, 1, 0, 1, 1, 0
73015, 1, 1, 0, 1, 1, 0
73017, 1, 2, 1, 1, 1, 0
73024, 1, 1, 0, 1, 1, 0
73041, 1, 2, 1, 1, 1, 0
73049, 1, 1, 0, 1, 1, 0
73050, 1, 1, 0, 1, 1, 0
74425, 0, 2, 0, 2, 0, 0
75247, 0, 3, 0, 3, 0, 0
78885, 0, 3, 0, 3, 0, 0
80817, 0, 6, 0, 6, 0, 0
81292, 10, 3, 1, 2, 6, 4
82451, 0, 2, 0, 2, 0, 0
84545, 1, 3, 1, 2, 1, 0
86916, 0, 3, 2, 1, 0, 0
87474, 1, 1, 0, 1, 1, 0
90432, 0, 2, 0, 2, 0, 0
90765, 78, 16, 14, 2, 78, 0
91574, 0, 2, 0, 2, 0, 0
92276, 0, 3, 1, 2, 0, 0
92522, 0, 1, 0, 1, 0, 0
92523, 0, 1, 0, 1, 0, 0
92524, 0, 1, 0, 1, 0, 0
92525, 0, 1, 0, 1, 0, 0
92526, 0, 1, 0, 1, 0, 0
92527, 0, 1, 1, 0, 0, 0
92528, 0, 3, 2, 1, 0, 0
93220, 7, 2, 1, 1, 6, 1
94589, 0, 3, 0, 3, 0, 0
94617, 1, 3, 0, 3, 1, 0
95610, 1, 1, 0, 1, 1, 0
95649, 0, 2, 1, 1, 0, 0
95944, 17, 6, 5, 1, 16, 1
97245, 3, 4, 0, 4, 3, 0
97457, 10, 3, 2, 1, 10, 0
97750, 0, 1, 0, 1, 0, 0
98168, 0, 1, 0, 1, 0, 0
98837, 1, 1, 0, 1, 1, 0
98986, 2, 3, 1, 2, 2, 0
99169, 3, 1, 0, 1, 3, 0
99295, 1, 1, 0, 1, 1, 0
99490, 1, 5, 1, 4, 0, 1
100219, 0, 1, 0, 1, 0, 0
100226, 0, 2, 0, 2, 0, 0
100630, 1, 1, 0, 1, 1, 0
100706, 0, 2, 0, 2, 0, 0
100784, 0, 2, 0, 2, 0, 0
100924, 1, 1, 0, 1, 0, 1
101259, 0, 2, 0, 2, 0, 0
101309, 1, 4, 1, 3, 1, 0
101373, 0, 1, 0, 1, 0, 0
101428, 3, 5, 3, 2, 3, 0
101460, 24, 8, 4, 4, 24, 0
101676, 0, 1, 0, 1, 0, 0
101680, 0, 1, 0, 1, 0, 0
101685, 0, 2, 0, 2, 0, 0
101782, 7, 5, 1, 4, 7, 0
101867, 0, 3, 1, 2, 0, 0
101918, 0, 1, 0, 1, 0, 0
102228, 1, 4, 0, 4, 1, 0
102638, 0, 1, 0, 1, 0, 0
102878, 2, 4, 2, 2, 2, 0
102939, 0, 6, 3, 3, 0, 0
103022, 5, 2, 1, 1, 5, 0
103312, 0, 1, 0, 1, 0, 0
103373, 0, 2, 0, 2, 0, 0
103413, 1, 15, 13, 2, 1, 0
103871, 0, 1, 0, 1, 0, 0
103878, 0, 1, 0, 1, 0, 0
104305, 5, 5, 2, 3, 5, 0
104329, 3, 4, 2, 2, 3, 0
104363, 1, 1, 0, 1, 1, 0
104401, 0, 1, 0, 1, 0, 0
104512, 3, 4, 2, 2, 3, 0
104643, 1, 1, 0, 1, 1, 0
104726, 1, 2, 1, 1, 1, 0
104842, 0, 1, 0, 1, 0, 0
105220, 1, 4, 1, 3, 1, 0
105324, 1, 2, 0, 2, 1, 0
105326, 0, 2, 0, 2, 0, 0
105588, 2, 2, 1, 1, 2, 0
105635, 1, 3, 1, 2, 1, 0
105677, 0, 1, 0, 1, 0, 0
106138, 1, 1, 0, 1, 1, 0
106139, 0, 1, 0, 1, 0, 0
106176, 0, 2, 0, 2, 0, 0
106284, 0, 2, 0, 2, 0, 0
106921, 17, 5, 4, 1, 17, 0
107170, 1, 2, 1, 1, 1, 0
107350, 1, 4, 1, 3, 1, 0
107385, 0, 1, 0, 1, 0, 0
107433, 1, 2, 0, 2, 1, 0
107436, 1, 2, 0, 2, 1, 0
107438, 2, 4, 2, 2, 2, 0
107765, 2, 3, 2, 1, 2, 0
108048, 1, 2, 0, 2, 1, 0
108328, 0, 1, 0, 1, 0, 0
108329, 0, 1, 0, 1, 0, 0
108346, 7, 3, 2, 1, 7, 0
108530, 7, 3, 2, 1, 7, 0
108555, 0, 4, 0, 4, 0, 0
109033, 2, 2, 0, 2, 0, 2
109062, 7, 8, 7, 1, 7, 0
109245, 3, 2, 1, 1, 3, 0
109341, 0, 1, 0, 1, 0, 0
109447, 6, 1, 0, 1, 6, 0
109588, 1, 3, 1, 2, 1, 0
110563, 0, 1, 0, 1, 0, 0
110683, 2, 3, 2, 1, 2, 0
111148, 5, 3, 2, 1, 5, 0
111300, 0, 2, 1, 1, 0, 0
111583, 12, 7, 4, 3, 12, 0
111611, 0, 2, 0, 2, 0, 0
111696, 0, 3, 0, 3, 0, 0
111861, 0, 3, 0, 3, 0, 0
112325, 6, 4, 2, 2, 6, 0
112374, 1, 3, 2, 1, 1, 0
112427, 6, 10, 7, 3, 6, 0
112433, 1, 1, 0, 1, 1, 0
112457, 0, 1, 0, 1, 0, 0
112458, 0, 2, 0, 2, 0, 0
112461, 0, 1, 0, 1, 0, 0
112474, 0, 2, 0, 2, 0, 0
112805, 1, 3, 2, 1, 1, 0
112813, 2, 4, 2, 2, 2, 0
112852, 4, 2, 1, 1, 4, 0
112858, 5, 10, 0, 10, 5, 0
113596, 0, 2, 0, 2, 0, 0
115996, 0, 1, 0, 1, 0, 0
116643, 1, 5, 1, 4, 1, 0
117028, 0, 2, 1, 1, 0, 0
117030, 6, 1, 0, 1, 5, 1
117033, 1, 1, 0, 1, 0, 1
118213, 0, 1, 0, 1, 0, 0
118305, 0, 1, 0, 1, 0, 0
118473, 0, 3, 0, 3, 0, 0
118931, 0, 3, 0, 3, 0, 0
125123, 0, 3, 0, 3, 0, 0
125467, 0, 2, 0, 2, 0, 0
8565, 19, 13, 13, 0, 19, 0
25977, 37, 9, 8, 1, 37, 0
27413, 22, 6, 6, 0, 18, 4
6186, 6, 5, 1, 4, 4, 2
28783, 0, 5, 0, 5, 0, 0
37189, 2, 6, 1, 5, 2, 0
37242, 0, 7, 0, 7, 0, 0
38001, 0, 9, 0, 9, 0, 0
38912, 0, 2, 0, 2, 0, 0
39130, 0, 3, 0, 3, 0, 0
41763, 0, 5, 0, 5, 0, 0
47585, 1, 2, 0, 2, 0, 1
48472, 0, 2, 0, 2, 0, 0
48473, 0, 5, 0, 5, 0, 0
59932, 0, 4, 0, 4, 0, 0
101443, 2, 2, 0, 2, 2, 0
112889, 2, 7, 0, 7, 0, 2
113950, 7, 6, 3, 3, 7, 0
114647, 2, 4, 1, 3, 2, 0
116463, 0, 6, 0, 6, 0, 0
116464, 0, 6, 0, 6, 0, 0
116803, 0, 4, 0, 4, 0, 0
124423, 0, 1, 0, 1, 0, 0
126999, 12, 12, 7, 5, 11, 1
130203, 2, 2, 0, 2, 1, 1
130301, 29, 5, 4, 1, 25, 4
131133, 0, 1, 0, 1, 0, 0
6888, 12, 4, 4, 0, 12, 0
61748, 0, 1, 1, 0, 0, 0
94074, 2, 3, 3, 0, 2, 0
13213, 2, 3, 1, 2, 2, 0
17903, 0, 7, 0, 7, 0, 0
18759, 0, 9, 0, 9, 0, 0
19400, 0, 8, 0, 8, 0, 0
19401, 0, 5, 0, 5, 0, 0
20376, 0, 6, 0, 6, 0, 0
20378, 0, 7, 0, 7, 0, 0
21111, 8, 15, 14, 1, 7, 1
23032, 109, 24, 24, 0, 77, 32
23374, 4, 3, 3, 0, 4, 0
23429, 8, 1, 1, 0, 2, 6
23669, 22, 10, 10, 0, 19, 3
29223, 20, 7, 7, 0, 20, 0
32748, 0, 3, 0, 3, 0, 0
37872, 0, 2, 0, 2, 0, 0
37873, 0, 2, 0, 2, 0, 0
37874, 0, 2, 0, 2, 0, 0
37875, 0, 2, 0, 2, 0, 0
37876, 0, 2, 0, 2, 0, 0
37878, 0, 1, 0, 1, 0, 0
37879, 0, 1, 0, 1, 0, 0
37880, 0, 2, 0, 2, 0, 0
37881, 0, 3, 0, 3, 0, 0
37883, 0, 4, 0, 4, 0, 0
37889, 0, 1, 0, 1, 0, 0
37890, 0, 1, 0, 1, 0, 0
37891, 0, 3, 0, 3, 0, 0
37893, 0, 3, 0, 3, 0, 0
37894, 0, 2, 0, 2, 0, 0
63562, 5, 7, 7, 0, 4, 1
94968, 3, 1, 1, 0, 3, 0
101407, 11, 5, 5, 0, 11, 0
109067, 0, 1, 1, 0, 0, 0
109521, 1, 1, 1, 0, 1, 0
109995, 0, 19, 14, 5, 0, 0
121040, 0, 1, 0, 1, 0, 0
11590, 16, 23, 23, 0, 16, 0
11606, 45, 23, 23, 0, 45, 0
16439, 2, 1, 1, 0, 2, 0
21186, 73, 30, 30, 0, 73, 0
27803, 9, 19, 19, 0, 6, 3
58141, 5, 1, 1, 0, 5, 0
66447, 1, 3, 3, 0, 1, 0
68354, 2, 1, 1, 0, 2, 0
69597, 3, 1, 1, 0, 3, 0
23195, 3, 3, 3, 0, 2, 1
101824, 9, 2, 2, 0, 9, 0
120027, 0, 1, 0, 1, 0, 0
8190, 1, 7, 6, 1, 1, 0
10787, 0, 8, 0, 8, 0, 0
11858, 351, 125, 121, 4, 351, 0
12248, 0, 3, 0, 3, 0, 0
15321, 0, 4, 0, 4, 0, 0
15525, 0, 3, 0, 3, 0, 0
17560, 0, 4, 0, 4, 0, 0
17928, 0, 5, 1, 4, 0, 0
20210, 26, 17, 12, 5, 23, 3
20409, 0, 8, 0, 8, 0, 0
20447, 0, 4, 0, 4, 0, 0
21704, 0, 4, 0, 4, 0, 0
21706, 0, 3, 0, 3, 0, 0
21708, 0, 1, 0, 1, 0, 0
21714, 0, 4, 0, 4, 0, 0
21715, 0, 3, 0, 3, 0, 0
21719, 0, 6, 0, 6, 0, 0
21721, 0, 2, 0, 2, 0, 0
21722, 0, 3, 0, 3, 0, 0
21723, 0, 1, 0, 1, 0, 0
21724, 0, 2, 0, 2, 0, 0
21725, 0, 2, 0, 2, 0, 0
21729, 0, 4, 0, 4, 0, 0
21730, 0, 5, 0, 5, 0, 0
21731, 0, 1, 0, 1, 0, 0
21733, 0, 1, 0, 1, 0, 0
21734, 0, 2, 0, 2, 0, 0
21735, 0, 1, 0, 1, 0, 0
21737, 0, 2, 0, 2, 0, 0
21742, 0, 2, 0, 2, 0, 0
21743, 0, 2, 0, 2, 0, 0
21744, 0, 1, 0, 1, 0, 0
21745, 0, 4, 0, 4, 0, 0
16991, 9, 13, 13, 0, 9, 0
49349, 10, 6, 6, 0, 10, 0
130270, 0, 2, 2, 0, 0, 0
1692, 1, 0, 0, 0, 1, 0
1693, 0, 4, 4, 0, 0, 0
1694, 1, 1, 1, 0, 1, 0
1695, 1, 1, 1, 0, 1, 0
1696, 1, 0, 0, 0, 0, 1
3664, 47, 26, 25, 1, 47, 0
9824, 5, 4, 4, 0, 4, 1
18352, 9, 9, 9, 0, 8, 1
18353, 6, 6, 6, 0, 6, 0
94678, 0, 2, 2, 0, 0, 0
100892, 1, 2, 1, 1, 1, 0
121374, 0, 1, 0, 1, 0, 0
1698, 3, 0, 0, 0, 3, 0
37737, 1, 1, 1, 0, 1, 0
49054, 0, 2, 0, 2, 0, 0
51084, 0, 4, 0, 4, 0, 0
1700, 1, 0, 0, 0, 1, 0
1701, 1, 0, 0, 0, 1, 0
3971, 39, 27, 24, 3, 36, 3
17918, 0, 5, 0, 5, 0, 0
18666, 2, 8, 3, 5, 2, 0
20096, 58, 16, 16, 0, 56, 2
25766, 50, 43, 43, 0, 41, 9
29189, 15, 28, 26, 2, 14, 1
30248, 2, 2, 2, 0, 2, 0
31283, 44, 8, 8, 0, 43, 1
34778, 0, 2, 0, 2, 0, 0
35504, 0, 9, 0, 9, 0, 0
38653, 1, 3, 3, 0, 1, 0
44037, 0, 3, 0, 3, 0, 0
45329, 0, 2, 0, 2, 0, 0
45330, 0, 2, 1, 1, 0, 0
45331, 0, 2, 0, 2, 0, 0
45332, 0, 2, 0, 2, 0, 0
64079, 1, 4, 3, 1, 1, 0
66094, 2, 1, 1, 0, 2, 0
73763, 0, 1, 0, 1, 0, 0
73765, 0, 1, 0, 1, 0, 0
73767, 0, 2, 0, 2, 0, 0
73769, 0, 2, 0, 2, 0, 0
73770, 0, 1, 0, 1, 0, 0
24591, 7, 16, 15, 1, 4, 3
47688, 8, 7, 2, 5, 8, 0
47690, 7, 6, 5, 1, 7, 0
47691, 3, 8, 6, 2, 3, 0
47692, 4, 7, 5, 2, 4, 0
49050, 11, 6, 4, 2, 11, 0
51751, 3, 2, 1, 1, 2, 1
62525, 7, 28, 6, 22, 7, 0
70062, 21, 22, 19, 3, 18, 3
70748, 3, 2, 1, 1, 3, 0
75407, 1, 3, 2, 1, 1, 0
92752, 0, 1, 1, 0, 0, 0
92753, 0, 1, 1, 0, 0, 0
92754, 0, 1, 0, 1, 0, 0
1706, 1, 0, 0, 0, 1, 0
6523, 60, 29, 29, 0, 55, 5
11899, 21, 15, 15, 0, 21, 0
27171, 22, 14, 8, 6, 20, 2
31903, 4, 3, 3, 0, 4, 0
43902, 0, 6, 0, 6, 0, 0
47478, 1, 1, 0, 1, 1, 0
55355, 0, 1, 0, 1, 0, 0
1708, 1, 0, 0, 0, 1, 0
1709, 3, 2, 2, 0, 3, 0
1711, 0, 3, 3, 0, 0, 0
1712, 3, 0, 0, 0, 3, 0
109652, 13, 2, 2, 0, 13, 0
110516, 0, 4, 2, 2, 0, 0
55079, 14, 22, 22, 0, 14, 0
59315, 19, 16, 16, 0, 19, 0
1715, 1, 0, 0, 0, 1, 0
13332, 39, 21, 19, 2, 39, 0
21177, 86, 64, 64, 0, 86, 0
28879, 17, 11, 9, 2, 17, 0
38307, 6, 16, 11, 5, 6, 0
41506, 145, 19, 18, 1, 145, 0
58080, 22, 17, 14, 3, 22, 0
58233, 17, 13, 13, 0, 17, 0
60405, 12, 9, 9, 0, 12, 0
66593, 2, 2, 2, 0, 2, 0
71530, 5, 4, 4, 0, 5, 0
80358, 2, 1, 1, 0, 2, 0
1717, 1, 0, 0, 0, 1, 0
1718, 5, 0, 0, 0, 5, 0
1719, 3, 4, 2, 2, 2, 1
1720, 1, 2, 2, 0, 1, 0
1721, 0, 1, 1, 0, 0, 0
21629, 2, 2, 2, 0, 2, 0
34448, 0, 1, 1, 0, 0, 0
1722, 1, 0, 0, 0, 0, 1
6532, 7, 11, 11, 0, 7, 0
7628, 1, 5, 5, 0, 1, 0
50431, 0, 4, 0, 4, 0, 0
1724, 1, 1, 1, 0, 1, 0
1725, 1, 0, 0, 0, 1, 0
1727, 1, 0, 0, 0, 0, 1
1728, 10, 11, 10, 1, 10, 0
16479, 4, 10, 10, 0, 4, 0
44900, 8, 3, 3, 0, 8, 0
68648, 3, 2, 2, 0, 3, 0
74789, 3, 3, 3, 0, 3, 0
84588, 0, 2, 2, 0, 0, 0
108133, 12, 18, 17, 1, 12, 0
108986, 1, 2, 2, 0, 1, 0
1729, 1, 0, 0, 0, 1, 0
1730, 0, 1, 1, 0, 0, 0
1731, 1, 0, 0, 0, 1, 0
1732, 19, 21, 17, 4, 19, 0
21906, 14, 17, 13, 4, 12, 2
1733, 1, 1, 0, 1, 0, 1
1734, 13, 2, 1, 1, 13, 0
8986, 8, 5, 5, 0, 6, 2
33334, 4, 7, 7, 0, 3, 1
102917, 2, 3, 3, 0, 2, 0
1735, 1, 0, 0, 0, 0, 1
1736, 0, 1, 0, 1, 0, 0
1737, 1, 0, 0, 0, 1, 0
1738, 1, 0, 0, 0, 1, 0
1740, 3, 3, 3, 0, 2, 1
2483, 4, 3, 2, 1, 4, 0
5687, 53, 4, 1, 3, 10, 43
7411, 1, 1, 1, 0, 1, 0
7413, 7, 8, 7, 1, 7, 0
7416, 3, 2, 1, 1, 3, 0
98024, 63, 6, 6, 0, 15, 48
103911, 0, 1, 1, 0, 0, 0
105100, 2, 1, 1, 0, 2, 0
1743, 1, 0, 0, 0, 1, 0
24423, 13, 2, 2, 0, 13, 0
29993, 0, 2, 0, 2, 0, 0
35705, 37, 13, 12, 1, 32, 5
41011, 19, 7, 5, 2, 17, 2
92191, 0, 1, 0, 1, 0, 0
92192, 0, 1, 0, 1, 0, 0
1745, 1, 0, 0, 0, 1, 0
1746, 0, 1, 1, 0, 0, 0
1747, 1, 0, 0, 0, 1, 0
1749, 1, 0, 0, 0, 1, 0
93920, 2, 5, 5, 0, 2, 0
1752, 0, 1, 1, 0, 0, 0
1758, 1, 1, 1, 0, 1, 0
3454, 8, 32, 31, 1, 8, 0
3712, 1, 12, 12, 0, 1, 0
6409, 19, 20, 19, 1, 18, 1
6432, 14, 11, 10, 1, 14, 0
9865, 61, 22, 22, 0, 60, 1
13236, 8, 8, 7, 1, 7, 1
14426, 13, 11, 11, 0, 10, 3
14653, 35, 75, 75, 0, 35, 0
15383, 28, 5, 5, 0, 27, 1
15839, 28, 13, 11, 2, 19, 9
16092, 11, 15, 13, 2, 11, 0
16638, 12, 15, 11, 4, 9, 3
17227, 1, 2, 2, 0, 1, 0
17301, 5, 2, 2, 0, 5, 0
17316, 2, 1, 1, 0, 2, 0
17446, 1, 2, 2, 0, 1, 0
17459, 12, 4, 4, 0, 12, 0
17530, 14, 1, 1, 0, 13, 1
17541, 1, 1, 1, 0, 0, 1
17644, 1, 6, 5, 1, 0, 1
17646, 2, 5, 4, 1, 2, 0
17710, 26, 18, 18, 0, 26, 0
17733, 2, 1, 1, 0, 2, 0
18289, 1, 9, 9, 0, 1, 0
18394, 1, 2, 1, 1, 1, 0
19021, 9, 4, 4, 0, 6, 3
19022, 10, 5, 5, 0, 10, 0
20716, 3, 12, 11, 1, 3, 0
20907, 1, 2, 2, 0, 1, 0
21053, 0, 2, 2, 0, 0, 0
21054, 0, 2, 2, 0, 0, 0
21389, 13, 17, 17, 0, 13, 0
21392, 0, 1, 1, 0, 0, 0
21393, 0, 1, 1, 0, 0, 0
21394, 11, 2, 2, 0, 8, 3
21395, 4, 7, 7, 0, 4, 0
21396, 58, 23, 22, 1, 37, 21
21397, 7, 2, 2, 0, 7, 0
21401, 16, 8, 8, 0, 16, 0
21402, 13, 8, 7, 1, 12, 1
21403, 2, 3, 3, 0, 2, 0
21404, 48, 22, 21, 1, 48, 0
21405, 3, 2, 0, 2, 1, 2
21406, 6, 1, 1, 0, 4, 2
21407, 1, 1, 1, 0, 1, 0
21409, 0, 1, 1, 0, 0, 0
21411, 1, 4, 4, 0, 1, 0
21412, 4, 1, 1, 0, 1, 3
21413, 0, 1, 1, 0, 0, 0
21414, 0, 1, 1, 0, 0, 0
21415, 9, 5, 5, 0, 9, 0
21416, 0, 1, 1, 0, 0, 0
21417, 1, 1, 1, 0, 1, 0
21418, 0, 1, 1, 0, 0, 0
21419, 0, 3, 2, 1, 0, 0
21420, 0, 2, 2, 0, 0, 0
21421, 0, 1, 1, 0, 0, 0
21423, 30, 14, 13, 1, 30, 0
24614, 40, 33, 33, 0, 39, 1
24619, 68, 39, 39, 0, 68, 0
30189, 13, 11, 11, 0, 13, 0
30279, 32, 32, 31, 1, 32, 0
32769, 35, 34, 33, 1, 31, 4
65767, 24, 9, 9, 0, 24, 0
68162, 28, 12, 12, 0, 28, 0
68964, 11, 12, 12, 0, 9, 2
70144, 13, 10, 10, 0, 13, 0
70549, 10, 11, 11, 0, 10, 0
76498, 2, 2, 2, 0, 2, 0
3301, 0, 4, 0, 4, 0, 0
3788, 2, 4, 2, 2, 2, 0
67418, 0, 1, 0, 1, 0, 0
6103, 6, 3, 3, 0, 6, 0
7654, 2, 2, 2, 0, 2, 0
9452, 0, 6, 6, 0, 0, 0
10360, 15, 7, 7, 0, 12, 3
10633, 10, 11, 10, 1, 10, 0
15718, 1, 5, 4, 1, 1, 0
54963, 0, 1, 0, 1, 0, 0
54964, 0, 2, 1, 1, 0, 0
54965, 0, 1, 1, 0, 0, 0
54966, 0, 1, 1, 0, 0, 0
55464, 4, 5, 4, 1, 4, 0
73483, 0, 4, 4, 0, 0, 0
94267, 7, 3, 3, 0, 7, 0
95356, 1, 2, 2, 0, 0, 1
95601, 3, 2, 2, 0, 3, 0
95621, 0, 1, 1, 0, 0, 0
95623, 0, 3, 2, 1, 0, 0
95624, 0, 2, 2, 0, 0, 0
95657, 6, 2, 2, 0, 4, 2
96725, 0, 1, 1, 0, 0, 0
97937, 2, 1, 1, 0, 2, 0
98223, 1, 2, 2, 0, 1, 0
101014, 0, 1, 1, 0, 0, 0
102368, 0, 1, 1, 0, 0, 0
102369, 0, 2, 2, 0, 0, 0
1760, 1, 0, 0, 0, 1, 0
1761, 0, 1, 1, 0, 0, 0
9562, 1, 3, 3, 0, 1, 0
1764, 1, 0, 0, 0, 1, 0
1765, 1, 0, 0, 0, 1, 0
1768, 0, 9, 5, 4, 0, 0
1769, 1, 3, 1, 2, 1, 0
119468, 0, 1, 0, 1, 0, 0
1772, 1, 0, 0, 0, 1, 0
1773, 0, 2, 2, 0, 0, 0
1774, 1, 0, 0, 0, 1, 0
1775, 1, 0, 0, 0, 1, 0
70776, 0, 1, 1, 0, 0, 0
1777, 1, 0, 0, 0, 1, 0
39886, 1, 1, 1, 0, 1, 0
43122, 0, 1, 1, 0, 0, 0
1779, 1, 0, 0, 0, 1, 0
1780, 8, 10, 10, 0, 7, 1
18118, 1, 2, 2, 0, 1, 0
37314, 4, 7, 7, 0, 4, 0
36073, 22, 20, 17, 3, 14, 8
69253, 2, 5, 3, 2, 2, 0
25869, 14, 9, 8, 1, 9, 5
28476, 14, 8, 7, 1, 13, 1
51353, 13, 15, 15, 0, 0, 13
8627, 34, 18, 17, 1, 34, 0
11894, 12, 12, 11, 1, 12, 0
17145, 38, 38, 34, 4, 38, 0
22449, 10, 13, 13, 0, 7, 3
36902, 0, 6, 3, 3, 0, 0
58428, 40, 25, 24, 1, 40, 0
61875, 7, 10, 9, 1, 7, 0
77457, 4, 5, 5, 0, 4, 0
10351, 1, 2, 1, 1, 1, 0
22348, 1, 1, 0, 1, 1, 0
22754, 3, 4, 0, 4, 3, 0
35597, 0, 4, 0, 4, 0, 0
36860, 6, 8, 7, 1, 6, 0
85107, 0, 2, 1, 1, 0, 0
113696, 2, 2, 1, 1, 2, 0
113709, 2, 1, 0, 1, 2, 0
113710, 2, 1, 0, 1, 2, 0
114335, 8, 7, 3, 4, 8, 0
115946, 0, 2, 1, 1, 0, 0
119479, 0, 3, 0, 3, 0, 0
120545, 1, 2, 1, 1, 1, 0
121797, 1, 2, 0, 2, 0, 1
121980, 0, 1, 0, 1, 0, 0
122404, 0, 2, 0, 2, 0, 0
122595, 0, 1, 0, 1, 0, 0
124627, 0, 1, 0, 1, 0, 0
125538, 0, 2, 0, 2, 0, 0
125568, 0, 1, 0, 1, 0, 0
125921, 0, 1, 0, 1, 0, 0
17921, 0, 4, 0, 4, 0, 0
24313, 9, 5, 5, 0, 8, 1
2305, 1, 2, 2, 0, 1, 0
14359, 16, 7, 5, 2, 9, 7
29137, 8, 10, 9, 1, 6, 2
33060, 2, 1, 1, 0, 2, 0
33367, 1, 3, 2, 1, 1, 0
33635, 1, 2, 0, 2, 1, 0
33637, 1, 5, 0, 5, 1, 0
33642, 1, 1, 0, 1, 1, 0
33724, 1, 7, 0, 7, 1, 0
33727, 1, 2, 0, 2, 1, 0
33730, 1, 3, 0, 3, 1, 0
33739, 1, 12, 0, 12, 1, 0
33741, 1, 1, 0, 1, 1, 0
34057, 2, 1, 1, 0, 2, 0
59107, 0, 2, 0, 2, 0, 0
59108, 0, 1, 0, 1, 0, 0
59628, 0, 4, 0, 4, 0, 0
59629, 0, 5, 0, 5, 0, 0
59630, 0, 4, 0, 4, 0, 0
12934, 4, 3, 3, 0, 4, 0
54350, 52, 19, 16, 3, 33, 19
57802, 0, 5, 0, 5, 0, 0
66132, 0, 4, 0, 4, 0, 0
66141, 0, 2, 0, 2, 0, 0
1789, 1, 0, 0, 0, 1, 0
1790, 7, 3, 3, 0, 5, 2
1791, 0, 1, 0, 1, 0, 0
27711, 4, 5, 4, 1, 4, 0
1792, 1, 0, 0, 0, 1, 0
1793, 1, 6, 6, 0, 1, 0
1794, 1, 0, 0, 0, 1, 0
1795, 5, 1, 1, 0, 4, 1
1796, 1, 0, 0, 0, 1, 0
1797, 1, 1, 1, 0, 1, 0
25953, 0, 5, 0, 5, 0, 0
27654, 0, 2, 0, 2, 0, 0
27655, 0, 3, 0, 3, 0, 0
28127, 0, 7, 0, 7, 0, 0
33298, 0, 5, 1, 4, 0, 0
33413, 0, 6, 0, 6, 0, 0
37744, 0, 4, 0, 4, 0, 0
37750, 0, 1, 0, 1, 0, 0
37751, 0, 1, 0, 1, 0, 0
37754, 0, 1, 0, 1, 0, 0
37757, 0, 2, 0, 2, 0, 0
37761, 0, 1, 0, 1, 0, 0
104660, 1, 1, 0, 1, 1, 0
1799, 1, 0, 0, 0, 1, 0
60247, 2, 1, 1, 0, 2, 0
1801, 1, 0, 0, 0, 0, 1
12801, 18, 5, 1, 4, 17, 1
17319, 0, 5, 0, 5, 0, 0
17905, 0, 5, 0, 5, 0, 0
17915, 0, 4, 0, 4, 0, 0
18644, 7, 8, 7, 1, 6, 1
20379, 0, 2, 0, 2, 0, 0
24197, 0, 3, 0, 3, 0, 0
27009, 4, 7, 7, 0, 4, 0
41981, 2, 6, 4, 2, 2, 0
47199, 0, 2, 0, 2, 0, 0
73356, 0, 3, 0, 3, 0, 0
82933, 0, 2, 0, 2, 0, 0
85387, 0, 2, 0, 2, 0, 0
85388, 0, 1, 0, 1, 0, 0
94388, 0, 1, 0, 1, 0, 0
126363, 0, 1, 0, 1, 0, 0
1803, 2, 1, 1, 0, 2, 0
1804, 0, 1, 1, 0, 0, 0
3731, 25, 10, 9, 1, 22, 3
1806, 1, 0, 0, 0, 1, 0
1807, 1, 0, 0, 0, 0, 1
19378, 14, 7, 7, 0, 13, 1
96579, 3, 2, 1, 1, 3, 0
102639, 7, 6, 6, 0, 7, 0
17943, 25, 18, 15, 3, 25, 0
112472, 0, 1, 1, 0, 0, 0
112473, 0, 1, 1, 0, 0, 0
28707, 15, 6, 6, 0, 15, 0
37604, 2, 2, 2, 0, 2, 0
37605, 9, 6, 6, 0, 9, 0
37827, 5, 2, 2, 0, 3, 2
108918, 0, 3, 3, 0, 0, 0
32539, 3, 12, 12, 0, 3, 0
35162, 4, 1, 0, 1, 2, 2
38629, 11, 37, 32, 5, 11, 0
58314, 1, 3, 3, 0, 1, 0
61779, 1, 8, 8, 0, 1, 0
80336, 14, 2, 2, 0, 9, 5
2061, 3, 13, 13, 0, 3, 0
2818, 8, 11, 11, 0, 8, 0
4132, 1, 6, 5, 1, 1, 0
16390, 5, 5, 1, 4, 5, 0
18287, 51, 22, 22, 0, 41, 10
21750, 9, 8, 8, 0, 8, 1
30315, 7, 25, 21, 4, 7, 0
31025, 0, 2, 1, 1, 0, 0
31543, 34, 41, 36, 5, 33, 1
32617, 44, 58, 58, 0, 42, 2
33370, 12, 7, 7, 0, 11, 1
33611, 0, 10, 2, 8, 0, 0
35568, 4, 17, 15, 2, 4, 0
35653, 0, 7, 6, 1, 0, 0
36128, 6, 10, 7, 3, 6, 0
36191, 21, 17, 14, 3, 20, 1
39197, 1, 5, 1, 4, 1, 0
39582, 39, 31, 31, 0, 39, 0
40507, 22, 10, 9, 1, 22, 0
43266, 8, 10, 9, 1, 8, 0
43675, 4, 14, 14, 0, 4, 0
44132, 3, 2, 2, 0, 3, 0
44326, 8, 7, 7, 0, 8, 0
44773, 51, 34, 34, 0, 51, 0
45729, 1, 3, 3, 0, 1, 0
46218, 2, 5, 5, 0, 1, 1
47518, 13, 23, 19, 4, 13, 0
47557, 5, 6, 6, 0, 5, 0
49654, 15, 11, 11, 0, 15, 0
52932, 8, 19, 16, 3, 8, 0
52971, 9, 9, 9, 0, 9, 0
56762, 5, 5, 5, 0, 5, 0
57236, 4, 5, 5, 0, 4, 0
58396, 9, 9, 9, 0, 9, 0
58906, 21, 15, 15, 0, 21, 0
59148, 243, 90, 87, 3, 243, 0
59177, 13, 7, 7, 0, 13, 0
60089, 5, 13, 12, 1, 5, 0
60618, 0, 4, 3, 1, 0, 0
63765, 86, 32, 31, 1, 86, 0
65525, 8, 30, 30, 0, 7, 1
66559, 7, 10, 10, 0, 7, 0
67382, 119, 50, 49, 1, 119, 0
67569, 8, 10, 9, 1, 8, 0
68482, 1, 11, 11, 0, 1, 0
70008, 1, 4, 4, 0, 1, 0
70342, 6, 6, 6, 0, 6, 0
70620, 1, 6, 6, 0, 1, 0
71403, 6, 13, 12, 1, 5, 1
71552, 5, 8, 8, 0, 5, 0
72055, 109, 28, 28, 0, 109, 0
73482, 2, 4, 4, 0, 2, 0
74390, 17, 3, 3, 0, 16, 1
74440, 6, 3, 3, 0, 6, 0
74774, 5, 18, 18, 0, 5, 0
74816, 4, 9, 9, 0, 4, 0
75739, 2, 2, 2, 0, 2, 0
75909, 2, 2, 2, 0, 2, 0
75930, 2, 1, 1, 0, 2, 0
76380, 0, 2, 2, 0, 0, 0
76394, 4, 8, 7, 1, 4, 0
76447, 2, 3, 3, 0, 2, 0
77371, 2, 1, 1, 0, 2, 0
77404, 0, 2, 2, 0, 0, 0
77577, 3, 1, 1, 0, 3, 0
77759, 2, 2, 2, 0, 2, 0
78802, 0, 2, 2, 0, 0, 0
79223, 1, 2, 2, 0, 1, 0
79543, 1, 1, 1, 0, 1, 0
79592, 0, 2, 2, 0, 0, 0
80200, 1, 2, 2, 0, 1, 0
80414, 1, 2, 2, 0, 1, 0
81455, 0, 1, 1, 0, 0, 0
81456, 0, 1, 1, 0, 0, 0
81457, 0, 1, 1, 0, 0, 0
81458, 0, 1, 1, 0, 0, 0
81459, 0, 1, 1, 0, 0, 0
81460, 0, 1, 1, 0, 0, 0
81461, 0, 3, 3, 0, 0, 0
81462, 0, 1, 1, 0, 0, 0
81463, 0, 1, 1, 0, 0, 0
97047, 3, 3, 3, 0, 3, 0
97208, 0, 1, 0, 1, 0, 0
1824, 1, 2, 2, 0, 1, 0
1827, 1, 3, 3, 0, 1, 0
18314, 13, 29, 13, 16, 12, 1
46485, 11, 4, 2, 2, 9, 2
47148, 39, 5, 5, 0, 38, 1
14656, 9, 3, 3, 0, 9, 0
29443, 102, 25, 24, 1, 102, 0
32893, 14, 9, 8, 1, 13, 1
32895, 4, 5, 5, 0, 4, 0
35288, 3, 3, 3, 0, 3, 0
41910, 10, 6, 5, 1, 10, 0
65099, 1, 1, 1, 0, 1, 0
68919, 2, 11, 5, 6, 2, 0
69555, 5, 4, 4, 0, 4, 1
9953, 3, 9, 6, 3, 3, 0
14861, 34, 13, 13, 0, 34, 0
15846, 67, 36, 35, 1, 67, 0
16143, 4, 1, 1, 0, 4, 0
16145, 1, 2, 2, 0, 1, 0
51346, 0, 1, 1, 0, 0, 0
103675, 1, 3, 1, 2, 1, 0
112513, 3, 2, 2, 0, 3, 0
14610, 1, 1, 1, 0, 1, 0
42520, 3, 3, 3, 0, 3, 0
43230, 2, 3, 3, 0, 2, 0
43411, 1, 2, 1, 1, 1, 0
43971, 1, 5, 1, 4, 0, 1
50641, 11, 11, 9, 2, 9, 2
58212, 0, 1, 1, 0, 0, 0
17017, 30, 12, 11, 1, 30, 0
17037, 3, 6, 6, 0, 3, 0
24943, 1, 11, 1, 10, 1, 0
34064, 0, 21, 11, 10, 0, 0
39645, 5, 6, 1, 5, 5, 0
41587, 0, 3, 0, 3, 0, 0
41850, 0, 8, 0, 8, 0, 0
42988, 1, 5, 0, 5, 1, 0
47178, 2, 8, 8, 0, 1, 1
47364, 1, 1, 0, 1, 1, 0
49356, 0, 6, 0, 6, 0, 0
55940, 5, 14, 4, 10, 5, 0
60889, 0, 14, 0, 14, 0, 0
63123, 0, 7, 1, 6, 0, 0
68062, 11, 3, 2, 1, 11, 0
106326, 4, 4, 3, 1, 4, 0
120699, 8, 2, 1, 1, 8, 0
129279, 0, 3, 2, 1, 0, 0
131385, 4, 3, 3, 0, 4, 0
5874, 48, 20, 19, 1, 48, 0
33414, 28, 13, 10, 3, 15, 13
2066, 0, 8, 3, 5, 0, 0
5518, 1, 2, 2, 0, 1, 0
7339, 7, 4, 3, 1, 5, 2
8766, 20, 17, 16, 1, 19, 1
11683, 13, 9, 9, 0, 13, 0
11884, 3, 12, 10, 2, 3, 0
12672, 67, 13, 12, 1, 63, 4
14614, 1, 6, 1, 5, 1, 0
16149, 3, 3, 3, 0, 3, 0
23860, 3, 1, 0, 1, 0, 3
26762, 2, 6, 2, 4, 2, 0
35425, 0, 9, 0, 9, 0, 0
37556, 0, 9, 0, 9, 0, 0
40563, 4, 8, 4, 4, 4, 0
41021, 0, 5, 0, 5, 0, 0
42094, 7, 6, 6, 0, 7, 0
50576, 0, 8, 1, 7, 0, 0
54056, 0, 2, 0, 2, 0, 0
61210, 0, 15, 0, 15, 0, 0
66208, 0, 4, 0, 4, 0, 0
66209, 0, 3, 0, 3, 0, 0
84099, 0, 2, 0, 2, 0, 0
92891, 0, 1, 0, 1, 0, 0
92892, 0, 1, 0, 1, 0, 0
92893, 0, 1, 0, 1, 0, 0
92894, 0, 1, 0, 1, 0, 0
92895, 0, 1, 0, 1, 0, 0
92896, 0, 1, 0, 1, 0, 0
92897, 0, 1, 0, 1, 0, 0
26471, 1, 2, 0, 2, 1, 0
31660, 5, 7, 3, 4, 2, 3
37840, 0, 1, 1, 0, 0, 0
37841, 0, 5, 2, 3, 0, 0
10452, 1, 2, 1, 1, 1, 0
23565, 1, 1, 1, 0, 1, 0
25343, 12, 4, 3, 1, 12, 0
25532, 20, 9, 8, 1, 18, 2
35709, 6, 6, 6, 0, 6, 0
92566, 0, 1, 0, 1, 0, 0
104319, 2, 4, 2, 2, 2, 0
29100, 0, 10, 0, 10, 0, 0
30779, 0, 15, 0, 15, 0, 0
38817, 1, 8, 0, 8, 1, 0
52326, 0, 3, 0, 3, 0, 0
52606, 1, 1, 1, 0, 1, 0
61410, 0, 7, 0, 7, 0, 0
64727, 29, 8, 7, 1, 29, 0
66380, 0, 6, 1, 5, 0, 0
87787, 2, 3, 2, 1, 2, 0
93751, 0, 1, 1, 0, 0, 0
128049, 6, 4, 4, 0, 6, 0
16062, 14, 17, 17, 0, 14, 0
17744, 22, 21, 16, 5, 22, 0
20623, 39, 29, 27, 2, 39, 0
24809, 40, 12, 12, 0, 39, 1
27141, 4, 6, 6, 0, 4, 0
27260, 4, 2, 2, 0, 4, 0
27661, 1, 2, 2, 0, 1, 0
35708, 1, 1, 1, 0, 0, 1
121074, 4, 5, 5, 0, 4, 0
127866, 13, 4, 4, 0, 13, 0
7468, 6, 5, 4, 1, 6, 0
13894, 52, 6, 5, 1, 52, 0
15421, 5, 7, 5, 2, 3, 2
15982, 49, 29, 29, 0, 45, 4
21242, 22, 30, 30, 0, 21, 1
32721, 0, 7, 2, 5, 0, 0
38124, 34, 10, 8, 2, 33, 1
41742, 10, 3, 3, 0, 7, 3
47547, 0, 1, 1, 0, 0, 0
47548, 0, 1, 0, 1, 0, 0
58783, 43, 6, 6, 0, 43, 0
62797, 3, 1, 1, 0, 3, 0
67742, 11, 9, 9, 0, 7, 4
95833, 5, 2, 1, 1, 3, 2
96678, 4, 2, 2, 0, 4, 0
96969, 0, 2, 2, 0, 0, 0
97085, 1, 1, 1, 0, 1, 0
97631, 3, 3, 3, 0, 2, 1
98622, 10, 2, 2, 0, 8, 2
110294, 1, 1, 1, 0, 1, 0
110845, 3, 1, 1, 0, 3, 0
22216, 2, 5, 2, 3, 1, 1
23217, 2, 2, 1, 1, 0, 2
45044, 0, 6, 0, 6, 0, 0
57344, 18, 29, 15, 14, 18, 0
58016, 0, 3, 0, 3, 0, 0
58017, 0, 3, 0, 3, 0, 0
58019, 0, 2, 0, 2, 0, 0
58021, 4, 16, 11, 5, 2, 2
58022, 0, 11, 0, 11, 0, 0
58024, 0, 4, 0, 4, 0, 0
58025, 0, 1, 0, 1, 0, 0
6736, 4, 5, 4, 1, 4, 0
7837, 11, 12, 12, 0, 10, 1
11674, 18, 18, 16, 2, 18, 0
13331, 18, 13, 12, 1, 15, 3
20069, 1, 1, 1, 0, 1, 0
22173, 2, 3, 3, 0, 2, 0
25096, 1, 2, 2, 0, 1, 0
31617, 38, 24, 24, 0, 38, 0
36290, 21, 15, 15, 0, 17, 4
44481, 12, 3, 3, 0, 5, 7
44482, 0, 4, 3, 1, 0, 0
79375, 0, 3, 2, 1, 0, 0
79376, 0, 2, 2, 0, 0, 0
109213, 1, 2, 2, 0, 1, 0
112820, 17, 1, 1, 0, 16, 1
19480, 3, 3, 3, 0, 3, 0
94394, 2, 1, 1, 0, 2, 0
6622, 3, 6, 6, 0, 3, 0
27756, 1, 15, 14, 1, 1, 0
1838, 2, 0, 0, 0, 2, 0
1839, 0, 3, 3, 0, 0, 0
1840, 0, 1, 1, 0, 0, 0
1841, 1, 1, 1, 0, 1, 0
2937, 1, 2, 1, 1, 1, 0
3055, 5, 5, 1, 4, 4, 1
3057, 6, 5, 2, 3, 6, 0
6184, 1, 2, 2, 0, 1, 0
7849, 3, 3, 3, 0, 2, 1
13330, 5, 5, 4, 1, 5, 0
18163, 15, 4, 3, 1, 15, 0
18557, 33, 9, 9, 0, 32, 1
19158, 26, 10, 10, 0, 24, 2
22791, 2, 6, 5, 1, 2, 0
22844, 5, 1, 1, 0, 5, 0
29548, 3, 3, 3, 0, 3, 0
30988, 21, 12, 12, 0, 21, 0
33895, 9, 24, 24, 0, 9, 0
38288, 56, 9, 7, 2, 53, 3
53061, 5, 4, 4, 0, 5, 0
53264, 1, 1, 0, 1, 1, 0
55212, 3, 1, 1, 0, 3, 0
60635, 16, 3, 3, 0, 14, 2
62308, 2, 3, 0, 3, 1, 1
64044, 7, 3, 3, 0, 5, 2
64389, 3, 3, 0, 3, 3, 0
64391, 0, 4, 1, 3, 0, 0
92217, 0, 2, 0, 2, 0, 0
107719, 2, 1, 1, 0, 2, 0
118837, 7, 4, 4, 0, 7, 0
1843, 1, 1, 0, 1, 1, 0
1844, 1, 0, 0, 0, 1, 0
1847, 2, 2, 2, 0, 2, 0
1848, 9, 7, 6, 1, 8, 1
1849, 3, 2, 2, 0, 3, 0
95385, 2, 2, 2, 0, 2, 0
1850, 1, 0, 0, 0, 1, 0
23049, 1, 1, 1, 0, 1, 0
23256, 0, 4, 0, 4, 0, 0
23262, 0, 2, 0, 2, 0, 0
23263, 0, 5, 0, 5, 0, 0
1852, 1, 0, 0, 0, 0, 1
1854, 1, 0, 0, 0, 1, 0
16042, 15, 19, 12, 7, 14, 1
95165, 0, 2, 1, 1, 0, 0
7282, 75, 65, 61, 4, 73, 2
11770, 21, 59, 57, 2, 21, 0
11813, 51, 31, 31, 0, 51, 0
31499, 3, 41, 40, 1, 3, 0
42617, 48, 31, 31, 0, 48, 0
43509, 11, 3, 1, 2, 11, 0
50113, 6, 17, 17, 0, 6, 0
68544, 0, 1, 1, 0, 0, 0
1857, 1, 0, 0, 0, 1, 0
1858, 1, 12, 12, 0, 1, 0
2235, 1, 1, 1, 0, 1, 0
1859, 2, 0, 0, 0, 1, 1
1860, 1, 0, 0, 0, 0, 1
3377, 23, 26, 24, 2, 22, 1
23295, 38, 25, 25, 0, 38, 0
23819, 52, 23, 23, 0, 49, 3
23873, 0, 8, 8, 0, 0, 0
26279, 27, 5, 5, 0, 27, 0
26416, 8, 15, 15, 0, 8, 0
27449, 25, 26, 23, 3, 25, 0
27895, 60, 18, 18, 0, 60, 0
31616, 26, 24, 23, 1, 26, 0
32082, 27, 29, 28, 1, 27, 0
32214, 17, 14, 14, 0, 16, 1
32215, 0, 12, 12, 0, 0, 0
32217, 19, 17, 17, 0, 19, 0
32218, 23, 15, 13, 2, 23, 0
32219, 6, 10, 9, 1, 2, 4
32220, 27, 17, 17, 0, 27, 0
32222, 27, 17, 17, 0, 27, 0
2919, 4, 8, 7, 1, 4, 0
18426, 2, 4, 4, 0, 2, 0
17897, 0, 5, 0, 5, 0, 0
30372, 4, 4, 4, 0, 3, 1
102744, 0, 1, 0, 1, 0, 0
103948, 2, 1, 0, 1, 2, 0
105353, 2, 2, 1, 1, 2, 0
22455, 0, 2, 0, 2, 0, 0
27714, 1, 4, 1, 3, 1, 0
28976, 0, 3, 0, 3, 0, 0
56398, 6, 3, 2, 1, 6, 0
92302, 0, 2, 0, 2, 0, 0
92303, 0, 1, 0, 1, 0, 0
2701, 6, 8, 5, 3, 6, 0
20196, 11, 3, 3, 0, 10, 1
20197, 0, 2, 0, 2, 0, 0
21787, 4, 5, 3, 2, 3, 1
93499, 4, 1, 0, 1, 4, 0
93566, 0, 1, 0, 1, 0, 0
94015, 0, 1, 0, 1, 0, 0
130930, 0, 1, 0, 1, 0, 0
22536, 0, 4, 0, 4, 0, 0
25955, 0, 3, 0, 3, 0, 0
27188, 0, 6, 0, 6, 0, 0
55056, 0, 5, 0, 5, 0, 0
58701, 0, 6, 0, 6, 0, 0
28638, 0, 3, 3, 0, 0, 0
1871, 2, 1, 1, 0, 2, 0
1872, 16, 9, 8, 1, 16, 0
107109, 3, 3, 2, 1, 2, 1
110796, 1, 6, 4, 2, 1, 0
1873, 1, 0, 0, 0, 0, 1
1874, 2, 1, 1, 0, 2, 0
1875, 1, 0, 0, 0, 1, 0
1876, 0, 1, 1, 0, 0, 0
1877, 1, 0, 0, 0, 0, 1
1878, 1, 1, 0, 1, 1, 0
41025, 0, 2, 2, 0, 0, 0
9155, 14, 10, 10, 0, 14, 0
12316, 9, 14, 12, 2, 9, 0
1881, 1, 0, 0, 0, 0, 1
6292, 40, 80, 77, 3, 29, 11
26114, 1, 2, 1, 1, 1, 0
28562, 6, 10, 10, 0, 6, 0
31677, 2, 4, 3, 1, 1, 1
52789, 0, 2, 2, 0, 0, 0
58182, 1, 14, 7, 7, 1, 0
59039, 0, 2, 0, 2, 0, 0
73265, 1, 1, 1, 0, 1, 0
87848, 16, 13, 11, 2, 16, 0
88705, 0, 3, 0, 3, 0, 0
90039, 2, 1, 1, 0, 1, 1
93075, 0, 1, 1, 0, 0, 0
93076, 0, 1, 0, 1, 0, 0
112492, 0, 5, 0, 5, 0, 0
115259, 0, 1, 0, 1, 0, 0
115455, 0, 1, 0, 1, 0, 0
120072, 3, 2, 0, 2, 0, 3
123785, 0, 1, 0, 1, 0, 0
124162, 2, 4, 2, 2, 2, 0
124481, 2, 4, 2, 2, 2, 0
124495, 7, 2, 0, 2, 7, 0
124497, 1, 2, 0, 2, 1, 0
124799, 1, 2, 0, 2, 1, 0
13063, 4, 7, 4, 3, 2, 2
23227, 3, 3, 2, 1, 3, 0
30962, 2, 1, 0, 1, 1, 1
51811, 6, 4, 1, 3, 3, 3
95191, 3, 1, 0, 1, 3, 0
105668, 5, 2, 0, 2, 5, 0
110511, 0, 1, 0, 1, 0, 0
112235, 1, 8, 2, 6, 1, 0
113366, 0, 1, 0, 1, 0, 0
114246, 0, 1, 0, 1, 0, 0
114292, 0, 1, 0, 1, 0, 0
117133, 5, 3, 1, 2, 3, 2
117867, 1, 1, 0, 1, 1, 0
119984, 0, 1, 0, 1, 0, 0
119998, 0, 1, 0, 1, 0, 0
120165, 0, 2, 0, 2, 0, 0
120369, 0, 1, 0, 1, 0, 0
1885, 1, 0, 0, 0, 1, 0
12124, 30, 17, 17, 0, 30, 0
24057, 15, 17, 16, 1, 15, 0
29912, 46, 28, 28, 0, 46, 0
31313, 1, 2, 2, 0, 1, 0
31461, 0, 2, 2, 0, 0, 0
34606, 5, 5, 5, 0, 5, 0
38099, 8, 23, 23, 0, 8, 0
40034, 68, 38, 37, 1, 68, 0
40194, 4, 2, 2, 0, 4, 0
42610, 27, 66, 65, 1, 27, 0
44726, 50, 83, 83, 0, 50, 0
60833, 0, 13, 12, 1, 0, 0
60834, 4, 2, 2, 0, 4, 0
64172, 24, 17, 14, 3, 22, 2
65831, 1, 5, 5, 0, 1, 0
66731, 50, 16, 16, 0, 50, 0
67139, 9, 3, 3, 0, 9, 0
68388, 10, 12, 12, 0, 10, 0
69228, 3, 8, 8, 0, 3, 0
70145, 2, 3, 3, 0, 2, 0
1887, 1, 0, 0, 0, 0, 1
1888, 0, 1, 0, 1, 0, 0
1889, 1, 0, 0, 0, 1, 0
33150, 0, 3, 3, 0, 0, 0
37008, 19, 8, 6, 2, 19, 0
37831, 8, 5, 5, 0, 8, 0
41219, 1, 1, 1, 0, 1, 0
43173, 2, 3, 3, 0, 1, 1
48939, 4, 5, 5, 0, 4, 0
63249, 0, 1, 1, 0, 0, 0
98729, 0, 6, 6, 0, 0, 0
102637, 0, 1, 0, 1, 0, 0
125556, 0, 5, 5, 0, 0, 0
7542, 39, 24, 23, 1, 38, 1
11599, 24, 6, 6, 0, 24, 0
24725, 86, 53, 53, 0, 86, 0
40420, 7, 9, 7, 2, 7, 0
51760, 13, 14, 14, 0, 13, 0
2817, 2, 3, 2, 1, 2, 0
4215, 5, 1, 0, 1, 5, 0
4395, 1, 2, 0, 2, 1, 0
8962, 49, 23, 22, 1, 47, 2
15100, 67, 43, 39, 4, 59, 8
17018, 8, 9, 8, 1, 8, 0
19962, 3, 4, 1, 3, 3, 0
33761, 4, 1, 0, 1, 2, 2
33814, 2, 4, 2, 2, 0, 2
41731, 1, 1, 0, 1, 1, 0
43065, 3, 5, 3, 2, 3, 0
54118, 1, 1, 0, 1, 1, 0
54812, 25, 26, 21, 5, 21, 4
97434, 1, 5, 3, 2, 1, 0
101830, 3, 4, 3, 1, 2, 1
103792, 2, 5, 4, 1, 2, 0
107618, 2, 1, 0, 1, 2, 0
108833, 5, 5, 4, 1, 5, 0
109536, 0, 1, 0, 1, 0, 0
110297, 0, 2, 1, 1, 0, 0
110501, 0, 1, 0, 1, 0, 0
111190, 0, 1, 0, 1, 0, 0
111735, 2, 2, 1, 1, 2, 0
112167, 3, 3, 1, 2, 3, 0
112438, 1, 5, 3, 2, 1, 0
112479, 0, 1, 0, 1, 0, 0
113365, 1, 5, 0, 5, 1, 0
113531, 0, 1, 0, 1, 0, 0
113809, 0, 1, 0, 1, 0, 0
114781, 0, 2, 0, 2, 0, 0
114839, 1, 1, 0, 1, 1, 0
114840, 0, 2, 1, 1, 0, 0
115390, 0, 1, 0, 1, 0, 0
115396, 0, 1, 0, 1, 0, 0
115572, 0, 2, 1, 1, 0, 0
116092, 0, 1, 0, 1, 0, 0
116483, 0, 5, 3, 2, 0, 0
116593, 0, 3, 0, 3, 0, 0
116907, 0, 1, 0, 1, 0, 0
117000, 0, 1, 0, 1, 0, 0
117219, 0, 1, 0, 1, 0, 0
117225, 0, 1, 0, 1, 0, 0
117516, 1, 1, 0, 1, 1, 0
117682, 0, 2, 0, 2, 0, 0
117924, 0, 3, 0, 3, 0, 0
119435, 0, 2, 1, 1, 0, 0
119989, 0, 1, 0, 1, 0, 0
121888, 3, 2, 0, 2, 3, 0
122009, 24, 8, 5, 3, 20, 4
122316, 9, 2, 1, 1, 9, 0
122460, 0, 1, 0, 1, 0, 0
122768, 0, 1, 0, 1, 0, 0
122925, 4, 5, 3, 2, 4, 0
123083, 10, 7, 5, 2, 10, 0
123290, 0, 3, 1, 2, 0, 0
124042, 0, 1, 0, 1, 0, 0
124563, 11, 5, 3, 2, 11, 0
126459, 0, 4, 2, 2, 0, 0
126558, 6, 1, 0, 1, 5, 1
127642, 0, 1, 0, 1, 0, 0
127782, 4, 4, 3, 1, 4, 0
128115, 0, 1, 0, 1, 0, 0
128129, 0, 2, 0, 2, 0, 0
128158, 4, 2, 0, 2, 3, 1
128202, 0, 1, 0, 1, 0, 0
128268, 0, 1, 0, 1, 0, 0
128286, 0, 1, 0, 1, 0, 0
128333, 1, 2, 1, 1, 1, 0
128547, 0, 1, 0, 1, 0, 0
129000, 0, 1, 0, 1, 0, 0
129587, 0, 1, 0, 1, 0, 0
129590, 0, 2, 0, 2, 0, 0
130225, 0, 1, 0, 1, 0, 0
130488, 2, 2, 1, 1, 2, 0
131179, 0, 1, 0, 1, 0, 0
131234, 0, 1, 0, 1, 0, 0
9275, 35, 17, 17, 0, 35, 0
15267, 1, 2, 0, 2, 1, 0
22363, 0, 3, 0, 3, 0, 0
24480, 35, 20, 20, 0, 35, 0
27063, 4, 5, 0, 5, 4, 0
27346, 5, 9, 9, 0, 4, 1
28412, 4, 22, 21, 1, 4, 0
33503, 15, 8, 4, 4, 12, 3
34050, 8, 9, 5, 4, 8, 0
38031, 3, 9, 6, 3, 3, 0
38487, 24, 25, 12, 13, 10, 14
39702, 1, 1, 0, 1, 1, 0
40790, 5, 3, 2, 1, 5, 0
41746, 0, 9, 2, 7, 0, 0
44115, 9, 10, 8, 2, 8, 1
45526, 1, 17, 4, 13, 1, 0
47497, 8, 8, 8, 0, 8, 0
48875, 0, 6, 0, 6, 0, 0
55670, 0, 3, 0, 3, 0, 0
55671, 0, 5, 0, 5, 0, 0
56949, 0, 3, 0, 3, 0, 0
59045, 0, 3, 0, 3, 0, 0
66207, 0, 4, 0, 4, 0, 0
67069, 0, 3, 0, 3, 0, 0
69894, 3, 6, 2, 4, 3, 0
79086, 0, 2, 0, 2, 0, 0
79123, 0, 5, 0, 5, 0, 0
92514, 0, 2, 0, 2, 0, 0
92780, 0, 2, 1, 1, 0, 0
92781, 0, 1, 0, 1, 0, 0
92782, 0, 1, 0, 1, 0, 0
92783, 0, 1, 0, 1, 0, 0
92784, 0, 1, 0, 1, 0, 0
87440, 0, 2, 2, 0, 0, 0
12963, 13, 21, 21, 0, 13, 0
12965, 90, 54, 54, 0, 90, 0
18775, 91, 56, 56, 0, 90, 1
19936, 1, 8, 8, 0, 1, 0
37717, 0, 3, 3, 0, 0, 0
37718, 9, 7, 7, 0, 9, 0
37719, 18, 12, 12, 0, 18, 0
44728, 25, 11, 11, 0, 25, 0
44729, 50, 31, 31, 0, 48, 2
44826, 50, 32, 31, 1, 50, 0
55007, 5, 4, 4, 0, 4, 1
61828, 0, 11, 11, 0, 0, 0
63884, 0, 2, 1, 1, 0, 0
69972, 1, 2, 2, 0, 1, 0
75823, 5, 5, 5, 0, 5, 0
76126, 0, 3, 3, 0, 0, 0
81246, 0, 1, 1, 0, 0, 0
67458, 13, 34, 34, 0, 13, 0
71736, 0, 2, 2, 0, 0, 0
120616, 1, 2, 2, 0, 1, 0
1899, 1, 2, 2, 0, 1, 0
1900, 1, 4, 3, 1, 1, 0
2359, 2, 1, 1, 0, 2, 0
1901, 2, 5, 5, 0, 2, 0
12303, 1, 7, 1, 6, 1, 0
13959, 2, 8, 8, 0, 2, 0
14428, 1, 4, 3, 1, 1, 0
19025, 12, 10, 10, 0, 7, 5
27642, 0, 5, 1, 4, 0, 0
27643, 0, 5, 0, 5, 0, 0
27644, 0, 2, 0, 2, 0, 0
27645, 0, 3, 0, 3, 0, 0
27646, 0, 3, 0, 3, 0, 0
27653, 4, 15, 5, 10, 2, 2
29509, 40, 14, 14, 0, 40, 0
39870, 14, 35, 35, 0, 14, 0
41527, 0, 3, 0, 3, 0, 0
41530, 0, 2, 0, 2, 0, 0
45134, 9, 3, 1, 2, 8, 1
80329, 0, 3, 0, 3, 0, 0
82492, 0, 2, 0, 2, 0, 0
90307, 1, 1, 0, 1, 1, 0
90308, 0, 1, 0, 1, 0, 0
93161, 0, 2, 2, 0, 0, 0
108962, 0, 1, 0, 1, 0, 0
9460, 5, 6, 5, 1, 1, 4
16656, 1, 2, 2, 0, 1, 0
16694, 28, 30, 30, 0, 28, 0
20282, 2, 5, 5, 0, 2, 0
25663, 18, 14, 8, 6, 14, 4
26186, 2, 3, 3, 0, 2, 0
31732, 5, 6, 6, 0, 5, 0
9644, 6, 5, 4, 1, 5, 1
12691, 4, 9, 5, 4, 4, 0
17490, 1, 2, 1, 1, 1, 0
23765, 3, 2, 0, 2, 3, 0
27697, 0, 7, 0, 7, 0, 0
31922, 7, 7, 6, 1, 7, 0
31923, 5, 7, 6, 1, 5, 0
31925, 5, 5, 4, 1, 5, 0
31926, 7, 4, 3, 1, 7, 0
31927, 7, 5, 4, 1, 7, 0
31935, 8, 5, 4, 1, 8, 0
35165, 1, 1, 1, 0, 1, 0
56136, 4, 14, 11, 3, 4, 0
56225, 0, 7, 1, 6, 0, 0
58958, 8, 11, 8, 3, 6, 2
95924, 1, 2, 1, 1, 0, 1
104447, 2, 2, 1, 1, 0, 2
115793, 0, 3, 0, 3, 0, 0
119437, 0, 2, 1, 1, 0, 0
34802, 2, 5, 5, 0, 2, 0
38607, 0, 15, 0, 15, 0, 0
58485, 9, 8, 8, 0, 9, 0
58616, 33, 27, 27, 0, 31, 2
67432, 18, 19, 19, 0, 18, 0
67435, 32, 15, 15, 0, 32, 0
68582, 2, 2, 2, 0, 2, 0
71385, 1, 1, 1, 0, 1, 0
74129, 0, 2, 2, 0, 0, 0
85433, 0, 1, 1, 0, 0, 0
85434, 0, 1, 1, 0, 0, 0
1908, 3, 0, 0, 0, 1, 2
98767, 1, 2, 1, 1, 1, 0
109103, 0, 4, 0, 4, 0, 0
113459, 0, 1, 0, 1, 0, 0
113853, 0, 1, 0, 1, 0, 0
115848, 0, 2, 0, 2, 0, 0
116884, 1, 1, 0, 1, 1, 0
117987, 0, 3, 0, 3, 0, 0
118008, 15, 4, 2, 2, 15, 0
118980, 2, 2, 0, 2, 2, 0
119409, 0, 1, 0, 1, 0, 0
121845, 0, 1, 0, 1, 0, 0
1910, 1, 0, 0, 0, 1, 0
4402, 26, 74, 67, 7, 4, 22
23398, 1, 8, 5, 3, 1, 0
23503, 2, 7, 6, 1, 2, 0
27485, 10, 3, 3, 0, 9, 1
42745, 1, 4, 2, 2, 1, 0
43480, 1, 1, 1, 0, 1, 0
45886, 9, 2, 2, 0, 9, 0
53738, 1, 2, 1, 1, 1, 0
63228, 2, 10, 6, 4, 0, 2
63229, 0, 4, 3, 1, 0, 0
63230, 0, 1, 1, 0, 0, 0
63231, 2, 1, 1, 0, 2, 0
63232, 0, 2, 2, 0, 0, 0
69131, 6, 5, 5, 0, 6, 0
72665, 6, 3, 3, 0, 6, 0
79168, 0, 1, 1, 0, 0, 0
1914, 1, 0, 0, 0, 1, 0
1915, 1, 1, 1, 0, 1, 0
8238, 21, 13, 11, 2, 20, 1
15112, 1, 7, 7, 0, 1, 0
16548, 7, 7, 7, 0, 7, 0
38169, 0, 1, 1, 0, 0, 0
38170, 0, 1, 1, 0, 0, 0
1917, 1, 0, 0, 0, 0, 1
1919, 2, 1, 1, 0, 1, 1
1921, 1, 0, 0, 0, 0, 1
1924, 3, 0, 0, 0, 3, 0
8515, 4, 7, 6, 1, 4, 0
8957, 66, 11, 11, 0, 66, 0
11238, 23, 9, 8, 1, 23, 0
12399, 3, 3, 3, 0, 3, 0
13032, 22, 23, 23, 0, 22, 0
13207, 2, 1, 1, 0, 2, 0
13354, 1, 1, 1, 0, 1, 0
15477, 1, 2, 2, 0, 1, 0
15527, 4, 3, 2, 1, 4, 0
18247, 22, 18, 15, 3, 16, 6
23342, 6, 3, 3, 0, 6, 0
26896, 0, 3, 3, 0, 0, 0
27445, 0, 4, 4, 0, 0, 0
34523, 26, 33, 33, 0, 26, 0
39887, 5, 37, 37, 0, 4, 1
47197, 0, 2, 0, 2, 0, 0
83248, 6, 6, 6, 0, 3, 3
87710, 0, 2, 1, 1, 0, 0
89938, 0, 1, 1, 0, 0, 0
89939, 1, 1, 1, 0, 1, 0
89941, 0, 1, 1, 0, 0, 0
89942, 0, 1, 1, 0, 0, 0
89943, 0, 4, 4, 0, 0, 0
89944, 0, 1, 1, 0, 0, 0
89945, 0, 1, 1, 0, 0, 0
89946, 0, 1, 1, 0, 0, 0
89947, 0, 2, 2, 0, 0, 0
89948, 0, 1, 1, 0, 0, 0
89949, 0, 1, 1, 0, 0, 0
89950, 0, 1, 1, 0, 0, 0
89951, 0, 1, 1, 0, 0, 0
89952, 0, 2, 1, 1, 0, 0
89953, 0, 1, 1, 0, 0, 0
89954, 0, 1, 0, 1, 0, 0
95735, 3, 2, 1, 1, 3, 0
96862, 2, 3, 3, 0, 2, 0
97391, 1, 1, 1, 0, 1, 0
98059, 12, 2, 2, 0, 4, 8
28366, 26, 6, 4, 2, 0, 26
30818, 24, 7, 6, 1, 24, 0
32934, 1, 1, 1, 0, 1, 0
46557, 8, 26, 26, 0, 5, 3
51899, 8, 10, 10, 0, 8, 0
1927, 9, 5, 5, 0, 8, 1
68577, 2, 2, 2, 0, 2, 0
2083, 0, 4, 3, 1, 0, 0
2582, 2, 2, 1, 1, 2, 0
6640, 23, 17, 16, 1, 23, 0
6729, 2, 3, 3, 0, 2, 0
10598, 1, 1, 1, 0, 1, 0
11021, 5, 2, 2, 0, 5, 0
11051, 2, 3, 2, 1, 2, 0
11085, 11, 1, 1, 0, 11, 0
11190, 2, 3, 2, 1, 2, 0
12276, 3, 1, 1, 0, 3, 0
12518, 1, 1, 1, 0, 1, 0
13100, 2, 6, 6, 0, 2, 0
15192, 2, 3, 1, 2, 2, 0
16481, 2, 4, 2, 2, 2, 0
20274, 1, 1, 1, 0, 1, 0
22229, 8, 2, 2, 0, 7, 1
34688, 5, 2, 2, 0, 5, 0
43949, 0, 2, 1, 1, 0, 0
47865, 0, 1, 1, 0, 0, 0
47866, 0, 1, 1, 0, 0, 0
47867, 0, 2, 1, 1, 0, 0
47868, 0, 1, 1, 0, 0, 0
47869, 0, 1, 1, 0, 0, 0
47870, 0, 1, 1, 0, 0, 0
47871, 0, 1, 1, 0, 0, 0
19767, 12, 22, 18, 4, 12, 0
21238, 11, 6, 6, 0, 11, 0
21239, 17, 24, 23, 1, 17, 0
24506, 17, 32, 31, 1, 17, 0
24590, 6, 16, 16, 0, 6, 0
24592, 21, 15, 15, 0, 21, 0
24634, 2, 25, 25, 0, 2, 0
29950, 11, 17, 17, 0, 11, 0
37014, 4, 5, 5, 0, 4, 0
39178, 54, 23, 23, 0, 54, 0
42575, 1, 1, 1, 0, 1, 0
42706, 72, 30, 22, 8, 68, 4
45926, 1, 1, 1, 0, 1, 0
51231, 1, 2, 2, 0, 1, 0
51240, 24, 5, 4, 1, 24, 0
52081, 6, 14, 14, 0, 6, 0
52337, 5, 9, 9, 0, 5, 0
54066, 1, 1, 1, 0, 1, 0
54484, 6, 1, 1, 0, 3, 3
54787, 3, 4, 4, 0, 3, 0
59253, 4, 13, 12, 1, 4, 0
63282, 11, 14, 13, 1, 11, 0
64755, 8, 5, 4, 1, 8, 0
71527, 4, 13, 12, 1, 4, 0
83230, 7, 1, 1, 0, 7, 0
88170, 8, 2, 2, 0, 8, 0
89628, 0, 2, 2, 0, 0, 0
89647, 3, 2, 2, 0, 3, 0
89648, 0, 1, 1, 0, 0, 0
89649, 11, 1, 1, 0, 11, 0
89650, 0, 1, 1, 0, 0, 0
89651, 0, 1, 1, 0, 0, 0
89652, 0, 1, 1, 0, 0, 0
89653, 1, 1, 1, 0, 1, 0
89654, 0, 1, 1, 0, 0, 0
114561, 17, 5, 5, 0, 17, 0
129983, 0, 6, 0, 6, 0, 0
129996, 3, 2, 2, 0, 3, 0
1930, 1, 0, 0, 0, 1, 0
33790, 2, 3, 3, 0, 2, 0
41756, 5, 5, 3, 2, 5, 0
42223, 0, 9, 6, 3, 0, 0
46176, 3, 7, 7, 0, 3, 0
60042, 0, 1, 0, 1, 0, 0
60044, 0, 1, 1, 0, 0, 0
1935, 0, 1, 1, 0, 0, 0
55603, 29, 23, 23, 0, 29, 0
64242, 10, 9, 9, 0, 9, 1
7900, 30, 21, 19, 2, 30, 0
30124, 3, 6, 4, 2, 3, 0
32137, 0, 4, 0, 4, 0, 0
40711, 13, 8, 8, 0, 12, 1
49960, 1, 2, 1, 1, 1, 0
51310, 2, 6, 2, 4, 2, 0
60369, 122, 66, 58, 8, 122, 0
63848, 1, 2, 1, 1, 1, 0
63849, 9, 14, 10, 4, 8, 1
67083, 1, 1, 0, 1, 1, 0
68283, 1, 1, 0, 1, 1, 0
68284, 1, 1, 0, 1, 1, 0
74750, 3, 2, 2, 0, 3, 0
77342, 0, 3, 0, 3, 0, 0
78407, 0, 1, 0, 1, 0, 0
78408, 0, 1, 0, 1, 0, 0
78409, 0, 1, 0, 1, 0, 0
78410, 0, 1, 0, 1, 0, 0
78411, 0, 2, 0, 2, 0, 0
78412, 0, 3, 0, 3, 0, 0
1936, 2, 0, 0, 0, 2, 0
131064, 0, 2, 2, 0, 0, 0
1938, 1, 0, 0, 0, 1, 0
1939, 9, 6, 6, 0, 3, 6
2003, 2, 2, 2, 0, 1, 1
2004, 1, 2, 0, 2, 0, 1
2006, 0, 1, 1, 0, 0, 0
1940, 1, 0, 0, 0, 1, 0
1941, 2, 0, 0, 0, 1, 1
1942, 1, 0, 0, 0, 0, 1
6291, 15, 12, 11, 1, 14, 1
8015, 38, 15, 15, 0, 37, 1
14204, 36, 37, 37, 0, 36, 0
17061, 24, 16, 15, 1, 24, 0
108202, 6, 5, 2, 3, 5, 1
18679, 2, 4, 2, 2, 2, 0
58763, 5, 6, 3, 3, 5, 0
103845, 0, 1, 0, 1, 0, 0
115553, 2, 2, 2, 0, 2, 0
121413, 0, 1, 0, 1, 0, 0
20206, 42, 11, 11, 0, 41, 1
20207, 0, 6, 0, 6, 0, 0
20211, 0, 1, 0, 1, 0, 0
20215, 1, 2, 0, 2, 0, 1
15289, 10, 3, 3, 0, 9, 1
22627, 5, 2, 2, 0, 5, 0
14434, 0, 5, 0, 5, 0, 0
20424, 0, 4, 0, 4, 0, 0
20430, 0, 3, 0, 3, 0, 0
47198, 0, 1, 0, 1, 0, 0
102295, 3, 1, 0, 1, 2, 1
103527, 0, 2, 0, 2, 0, 0
6134, 12, 10, 10, 0, 12, 0
13554, 0, 2, 0, 2, 0, 0
13555, 0, 2, 0, 2, 0, 0
13963, 0, 2, 0, 2, 0, 0
15671, 12, 8, 7, 1, 11, 1
17383, 10, 13, 12, 1, 10, 0
32302, 19, 16, 13, 3, 19, 0
33935, 15, 11, 11, 0, 15, 0
36064, 23, 4, 4, 0, 18, 5
36065, 0, 3, 0, 3, 0, 0
36066, 0, 1, 0, 1, 0, 0
36068, 1, 1, 0, 1, 1, 0
95752, 6, 4, 4, 0, 6, 0
96728, 2, 2, 0, 2, 1, 1
98928, 1, 1, 0, 1, 1, 0
117326, 1, 1, 0, 1, 0, 1
118677, 7, 3, 2, 1, 7, 0
127212, 0, 1, 0, 1, 0, 0
127276, 0, 5, 2, 3, 0, 0
127283, 0, 4, 1, 3, 0, 0
127284, 0, 9, 5, 4, 0, 0
127287, 0, 5, 1, 4, 0, 0
127288, 9, 5, 0, 5, 4, 5
127292, 0, 3, 0, 3, 0, 0
127296, 0, 7, 4, 3, 0, 0
127311, 0, 4, 1, 3, 0, 0
127767, 0, 2, 0, 2, 0, 0
127768, 0, 2, 0, 2, 0, 0
127769, 0, 2, 0, 2, 0, 0
127770, 0, 1, 0, 1, 0, 0
127771, 0, 1, 0, 1, 0, 0
127772, 0, 1, 0, 1, 0, 0
127839, 23, 5, 4, 1, 23, 0
128890, 0, 1, 0, 1, 0, 0
130487, 6, 10, 8, 2, 6, 0
130502, 4, 5, 5, 0, 4, 0
130766, 0, 3, 0, 3, 0, 0
131035, 0, 1, 0, 1, 0, 0
131076, 1, 2, 0, 2, 0, 1
131081, 0, 2, 0, 2, 0, 0
131395, 0, 6, 0, 6, 0, 0
131529, 5, 1, 0, 1, 0, 5
115674, 0, 2, 2, 0, 0, 0
55602, 0, 1, 0, 1, 0, 0
125369, 0, 1, 0, 1, 0, 0
16903, 8, 3, 2, 1, 7, 1
18834, 96, 28, 28, 0, 94, 2
40377, 8, 3, 3, 0, 8, 0
59317, 3, 3, 2, 1, 3, 0
64434, 5, 5, 4, 1, 5, 0
68250, 2, 3, 3, 0, 2, 0
16093, 50, 33, 32, 1, 48, 2
18880, 0, 2, 0, 2, 0, 0
20446, 0, 4, 0, 4, 0, 0
24192, 5, 11, 6, 5, 5, 0
30215, 3, 6, 2, 4, 3, 0
38915, 0, 3, 0, 3, 0, 0
73366, 0, 4, 0, 4, 0, 0
84093, 0, 1, 0, 1, 0, 0
84094, 0, 1, 0, 1, 0, 0
84095, 0, 1, 0, 1, 0, 0
84096, 0, 1, 0, 1, 0, 0
84097, 0, 3, 0, 3, 0, 0
84098, 0, 1, 0, 1, 0, 0
32643, 8, 9, 9, 0, 8, 0
32983, 10, 7, 6, 1, 10, 0
36618, 0, 1, 0, 1, 0, 0
17926, 0, 5, 0, 5, 0, 0
20412, 0, 6, 0, 6, 0, 0
51086, 0, 2, 0, 2, 0, 0
51087, 0, 1, 0, 1, 0, 0
17596, 5, 9, 4, 5, 4, 1
19765, 33, 5, 5, 0, 27, 6
20341, 0, 5, 0, 5, 0, 0
23432, 0, 5, 0, 5, 0, 0
28974, 0, 5, 0, 5, 0, 0
35434, 5, 14, 2, 12, 3, 2
44495, 0, 2, 0, 2, 0, 0
44496, 0, 2, 0, 2, 0, 0
78571, 0, 1, 0, 1, 0, 0
78572, 0, 3, 0, 3, 0, 0
78573, 0, 2, 0, 2, 0, 0
78574, 0, 1, 0, 1, 0, 0
32009, 2, 14, 9, 5, 2, 0
40994, 0, 6, 0, 6, 0, 0
50461, 6, 4, 4, 0, 6, 0
7380, 2, 2, 1, 1, 1, 1
7381, 3, 8, 7, 1, 3, 0
8608, 1, 2, 1, 1, 0, 1
10250, 15, 27, 21, 6, 8, 7
12417, 0, 2, 1, 1, 0, 0
13146, 9, 2, 0, 2, 6, 3
15786, 5, 12, 3, 9, 3, 2
16581, 1, 1, 0, 1, 1, 0
18297, 1, 5, 0, 5, 1, 0
19803, 1, 4, 3, 1, 1, 0
21802, 3, 2, 1, 1, 3, 0
22402, 2, 10, 9, 1, 2, 0
23743, 5, 1, 0, 1, 3, 2
25228, 1, 3, 2, 1, 1, 0
26501, 3, 2, 1, 1, 3, 0
27482, 0, 2, 0, 2, 0, 0
27856, 1, 3, 1, 2, 1, 0
31287, 11, 6, 5, 1, 11, 0
34776, 0, 4, 0, 4, 0, 0
34963, 0, 4, 0, 4, 0, 0
34965, 0, 5, 0, 5, 0, 0
36782, 12, 11, 10, 1, 12, 0
38657, 1, 3, 1, 2, 1, 0
40104, 2, 1, 0, 1, 0, 2
50155, 0, 3, 0, 3, 0, 0
56492, 1, 2, 0, 2, 0, 1
66231, 0, 3, 0, 3, 0, 0
66232, 0, 3, 0, 3, 0, 0
81664, 0, 1, 0, 1, 0, 0
81665, 0, 1, 0, 1, 0, 0
81667, 0, 1, 0, 1, 0, 0
81668, 0, 1, 0, 1, 0, 0
81670, 0, 1, 0, 1, 0, 0
81671, 0, 1, 0, 1, 0, 0
81672, 0, 1, 0, 1, 0, 0
81673, 0, 1, 0, 1, 0, 0
81674, 0, 1, 0, 1, 0, 0
81675, 0, 1, 0, 1, 0, 0
81676, 0, 2, 0, 2, 0, 0
81677, 0, 2, 0, 2, 0, 0
1963, 1, 0, 0, 0, 1, 0
1964, 1, 0, 0, 0, 1, 0
1965, 1, 0, 0, 0, 1, 0
17974, 13, 8, 3, 5, 4, 9
110451, 0, 1, 0, 1, 0, 0
43241, 0, 3, 2, 1, 0, 0
38800, 4, 1, 1, 0, 4, 0
85977, 4, 3, 2, 1, 3, 1
92300, 0, 2, 0, 2, 0, 0
4056, 6, 17, 14, 3, 5, 1
8021, 6, 1, 1, 0, 6, 0
11774, 56, 39, 39, 0, 56, 0
11775, 11, 20, 20, 0, 11, 0
11779, 9, 15, 15, 0, 9, 0
11780, 48, 37, 37, 0, 48, 0
11781, 11, 20, 19, 1, 11, 0
13348, 29, 17, 17, 0, 29, 0
16279, 15, 21, 20, 1, 15, 0
18812, 7, 8, 8, 0, 7, 0
22005, 2, 5, 5, 0, 2, 0
27952, 6, 6, 6, 0, 6, 0
31306, 2, 1, 1, 0, 2, 0
36123, 20, 21, 21, 0, 20, 0
37846, 14, 6, 6, 0, 14, 0
38650, 0, 5, 5, 0, 0, 0
51915, 5, 6, 6, 0, 5, 0
52085, 0, 2, 0, 2, 0, 0
52619, 3, 6, 6, 0, 3, 0
59470, 6, 4, 4, 0, 6, 0
60888, 0, 14, 0, 14, 0, 0
64277, 58, 18, 18, 0, 58, 0
67426, 3, 3, 3, 0, 3, 0
70820, 10, 13, 13, 0, 10, 0
72162, 9, 6, 6, 0, 9, 0
92588, 0, 1, 1, 0, 0, 0
92589, 2, 6, 6, 0, 0, 2
92590, 0, 1, 1, 0, 0, 0
92591, 0, 1, 0, 1, 0, 0
45194, 1, 1, 1, 0, 1, 0
11482, 3, 4, 4, 0, 2, 1
4342, 1, 1, 0, 1, 1, 0
5440, 1, 1, 0, 1, 1, 0
5525, 1, 1, 0, 1, 1, 0
5881, 1, 1, 0, 1, 1, 0
9354, 2, 9, 4, 5, 2, 0
15189, 4, 2, 1, 1, 3, 1
92636, 0, 2, 1, 1, 0, 0
1974, 1, 0, 0, 0, 1, 0
1975, 1, 0, 0, 0, 1, 0
1976, 1, 1, 1, 0, 1, 0
5889, 1, 1, 1, 0, 1, 0
14806, 4, 6, 6, 0, 4, 0
57839, 29, 6, 6, 0, 29, 0
100178, 0, 3, 3, 0, 0, 0
115718, 0, 2, 2, 0, 0, 0
1978, 1, 0, 0, 0, 1, 0
1979, 0, 1, 1, 0, 0, 0
1980, 1, 0, 0, 0, 1, 0
12116, 120, 36, 34, 2, 120, 0
43207, 7, 25, 22, 3, 7, 0
56286, 35, 41, 12, 29, 31, 4
59938, 2, 3, 3, 0, 2, 0
90714, 3, 3, 3, 0, 3, 0
90911, 0, 1, 1, 0, 0, 0
1982, 1, 0, 0, 0, 0, 1
1983, 4, 0, 0, 0, 4, 0
2728, 14, 3, 3, 0, 8, 6
2731, 3, 3, 1, 2, 3, 0
2732, 1, 3, 1, 2, 1, 0
2735, 0, 1, 0, 1, 0, 0
48862, 1, 1, 0, 1, 1, 0
79401, 3, 3, 2, 1, 3, 0
93836, 2, 1, 0, 1, 2, 0
94958, 3, 5, 0, 5, 3, 0
95084, 1, 3, 2, 1, 1, 0
96955, 1, 5, 0, 5, 1, 0
97341, 9, 5, 4, 1, 7, 2
98289, 0, 4, 0, 4, 0, 0
106247, 0, 1, 0, 1, 0, 0
106445, 1, 3, 1, 2, 1, 0
107646, 2, 10, 8, 2, 2, 0
117458, 2, 1, 0, 1, 2, 0
117470, 0, 2, 1, 1, 0, 0
118380, 5, 10, 9, 1, 5, 0
119400, 3, 1, 0, 1, 3, 0
1985, 1, 0, 0, 0, 1, 0
1986, 5, 3, 3, 0, 5, 0
1987, 3, 0, 0, 0, 2, 1
1988, 0, 2, 2, 0, 0, 0
1989, 0, 1, 1, 0, 0, 0
1990, 0, 1, 0, 1, 0, 0
1991, 1, 0, 0, 0, 1, 0
1992, 1, 0, 0, 0, 1, 0
1994, 1, 0, 0, 0, 0, 1
1995, 1, 0, 0, 0, 1, 0
1997, 1, 0, 0, 0, 0, 1
1998, 1, 0, 0, 0, 1, 0
1999, 0, 3, 2, 1, 0, 0
93539, 1, 2, 1, 1, 1, 0
94059, 0, 1, 1, 0, 0, 0
11869, 129, 79, 78, 1, 129, 0
12152, 317, 121, 119, 2, 317, 0
12169, 300, 103, 102, 1, 300, 0
13908, 2, 11, 7, 4, 2, 0
21105, 1, 9, 9, 0, 1, 0
22329, 2, 13, 12, 1, 2, 0
22422, 50, 19, 18, 1, 47, 3
32440, 40, 11, 11, 0, 39, 1
36138, 48, 65, 64, 1, 48, 0
36289, 6, 34, 34, 0, 6, 0
54464, 3, 10, 6, 4, 3, 0
55370, 41, 32, 31, 1, 41, 0
55533, 2, 4, 4, 0, 1, 1
56100, 42, 95, 93, 2, 42, 0
56544, 8, 4, 4, 0, 8, 0
57263, 78, 90, 89, 1, 78, 0
57417, 47, 83, 81, 2, 47, 0
58253, 4, 29, 29, 0, 4, 0
58433, 0, 29, 29, 0, 0, 0
59387, 110, 43, 43, 0, 110, 0
60148, 73, 61, 61, 0, 73, 0
67063, 2, 1, 1, 0, 2, 0
67188, 51, 35, 35, 0, 51, 0
67594, 99, 61, 61, 0, 99, 0
69775, 4, 5, 5, 0, 4, 0
72030, 0, 7, 7, 0, 0, 0
72224, 10, 13, 13, 0, 10, 0
72317, 0, 10, 10, 0, 0, 0
76143, 0, 3, 3, 0, 0, 0
2902, 1, 2, 2, 0, 1, 0
3620, 10, 5, 5, 0, 10, 0
21953, 5, 13, 13, 0, 5, 0
43644, 14, 5, 5, 0, 14, 0
81384, 1, 3, 3, 0, 1, 0
81391, 1, 2, 2, 0, 1, 0
9579, 0, 5, 0, 5, 0, 0
9623, 0, 2, 0, 2, 0, 0
11471, 0, 2, 0, 2, 0, 0
16617, 0, 3, 0, 3, 0, 0
16618, 0, 1, 0, 1, 0, 0
16620, 0, 2, 0, 2, 0, 0
37967, 0, 3, 1, 2, 0, 0
2009, 1, 0, 0, 0, 0, 1
9518, 17, 20, 12, 8, 13, 4
10335, 12, 9, 9, 0, 12, 0
12062, 15, 8, 7, 1, 14, 1
14993, 0, 5, 0, 5, 0, 0
16935, 1, 1, 1, 0, 1, 0
18091, 1, 5, 5, 0, 1, 0
19041, 0, 4, 0, 4, 0, 0
19704, 1, 2, 1, 1, 1, 0
20355, 8, 34, 17, 17, 8, 0
27088, 3, 4, 3, 1, 3, 0
27193, 7, 3, 1, 2, 6, 1
27199, 5, 4, 4, 0, 5, 0
27278, 16, 5, 5, 0, 16, 0
31064, 4, 18, 7, 11, 3, 1
32233, 25, 11, 9, 2, 23, 2
33106, 20, 7, 6, 1, 20, 0
33988, 0, 4, 4, 0, 0, 0
34196, 2, 12, 10, 2, 2, 0
34719, 5, 6, 5, 1, 5, 0
38489, 30, 15, 14, 1, 19, 11
40093, 26, 26, 24, 2, 26, 0
45101, 0, 5, 0, 5, 0, 0
47524, 12, 15, 6, 9, 10, 2
48868, 1, 2, 1, 1, 1, 0
50211, 1, 1, 0, 1, 1, 0
50335, 0, 3, 0, 3, 0, 0
50581, 0, 9, 0, 9, 0, 0
51850, 4, 5, 0, 5, 4, 0
52063, 4, 2, 2, 0, 4, 0
53167, 0, 4, 0, 4, 0, 0
53259, 0, 5, 0, 5, 0, 0
56224, 0, 5, 0, 5, 0, 0
56505, 0, 6, 0, 6, 0, 0
56941, 1, 5, 2, 3, 0, 1
56942, 0, 15, 9, 6, 0, 0
57423, 1, 11, 7, 4, 1, 0
58051, 2, 6, 0, 6, 2, 0
60387, 10, 9, 8, 1, 8, 2
60629, 7, 2, 1, 1, 6, 1
61853, 4, 5, 0, 5, 3, 1
62085, 0, 4, 0, 4, 0, 0
62089, 3, 8, 1, 7, 2, 1
62091, 0, 4, 0, 4, 0, 0
62745, 1, 6, 2, 4, 1, 0
62906, 0, 4, 1, 3, 0, 0
63850, 1, 1, 0, 1, 1, 0
64906, 1, 3, 0, 3, 1, 0
66653, 5, 2, 1, 1, 5, 0
66654, 3, 8, 5, 3, 2, 1
66695, 1, 5, 1, 4, 1, 0
67191, 6, 3, 2, 1, 6, 0
71610, 0, 6, 0, 6, 0, 0
73291, 0, 1, 0, 1, 0, 0
73292, 0, 1, 0, 1, 0, 0
73294, 0, 1, 0, 1, 0, 0
73295, 0, 1, 0, 1, 0, 0
73296, 0, 1, 0, 1, 0, 0
73298, 0, 2, 0, 2, 0, 0
73299, 0, 2, 0, 2, 0, 0
73300, 0, 1, 0, 1, 0, 0
73301, 0, 3, 0, 3, 0, 0
73302, 0, 5, 0, 5, 0, 0
73303, 0, 3, 0, 3, 0, 0
73304, 0, 4, 0, 4, 0, 0
73305, 0, 1, 0, 1, 0, 0
78626, 3, 5, 4, 1, 3, 0
95006, 4, 1, 1, 0, 4, 0
124920, 6, 7, 6, 1, 6, 0
125007, 12, 6, 6, 0, 12, 0
125864, 0, 1, 1, 0, 0, 0
125935, 9, 3, 0, 3, 9, 0
126040, 0, 1, 0, 1, 0, 0
126686, 1, 2, 1, 1, 1, 0
126920, 0, 1, 0, 1, 0, 0
126985, 8, 1, 1, 0, 8, 0
127143, 1, 4, 4, 0, 1, 0
127160, 16, 2, 2, 0, 16, 0
127170, 0, 1, 1, 0, 0, 0
127265, 15, 3, 3, 0, 15, 0
127578, 0, 1, 1, 0, 0, 0
127601, 0, 1, 1, 0, 0, 0
127668, 0, 1, 1, 0, 0, 0
127841, 1, 1, 1, 0, 1, 0
127857, 3, 2, 2, 0, 3, 0
128020, 0, 1, 1, 0, 0, 0
129072, 1, 2, 2, 0, 1, 0
129091, 2, 1, 1, 0, 2, 0
129104, 2, 3, 3, 0, 2, 0
129226, 53, 6, 6, 0, 51, 2
129586, 0, 1, 1, 0, 0, 0
129593, 17, 5, 5, 0, 17, 0
129735, 0, 1, 1, 0, 0, 0
130109, 2, 1, 0, 1, 2, 0
130194, 1, 2, 2, 0, 1, 0
131236, 1, 2, 2, 0, 1, 0
131303, 4, 4, 4, 0, 4, 0
131553, 0, 1, 1, 0, 0, 0
131591, 0, 1, 1, 0, 0, 0
2011, 1, 0, 0, 0, 1, 0
4081, 3, 8, 7, 1, 2, 1
6922, 0, 4, 0, 4, 0, 0
6923, 0, 4, 0, 4, 0, 0
10752, 8, 5, 5, 0, 8, 0
12715, 0, 3, 0, 3, 0, 0
13636, 55, 47, 46, 1, 54, 1
49893, 10, 16, 14, 2, 10, 0
63369, 2, 3, 3, 0, 2, 0
70652, 5, 1, 1, 0, 5, 0
91195, 0, 3, 0, 3, 0, 0
2015, 2, 0, 0, 0, 1, 1
2016, 4, 8, 5, 3, 3, 1
49526, 0, 5, 0, 5, 0, 0
62175, 3, 2, 2, 0, 3, 0
62176, 0, 1, 1, 0, 0, 0
62177, 0, 1, 1, 0, 0, 0
11235, 2, 5, 0, 5, 1, 1
101897, 0, 1, 1, 0, 0, 0
101940, 3, 3, 0, 3, 0, 3
2020, 1, 0, 0, 0, 1, 0
29968, 9, 8, 8, 0, 9, 0
51179, 10, 34, 32, 2, 9, 1
2025, 8, 4, 3, 1, 8, 0
96624, 3, 4, 4, 0, 3, 0
6612, 23, 46, 43, 3, 18, 5
12930, 14, 29, 27, 2, 14, 0
18169, 2, 5, 5, 0, 2, 0
18859, 3, 6, 4, 2, 0, 3
20258, 60, 24, 24, 0, 60, 0
32192, 1, 13, 1, 12, 0, 1
34114, 2, 4, 4, 0, 2, 0
34617, 1, 1, 1, 0, 1, 0
37042, 4, 5, 3, 2, 4, 0
37218, 32, 5, 5, 0, 6, 26
38215, 1, 10, 9, 1, 1, 0
39099, 13, 17, 16, 1, 13, 0
42455, 32, 14, 11, 3, 32, 0
43477, 11, 4, 4, 0, 10, 1
47569, 24, 27, 26, 1, 22, 2
49457, 9, 6, 6, 0, 9, 0
51753, 10, 4, 4, 0, 8, 2
56179, 2, 3, 3, 0, 2, 0
62400, 0, 13, 13, 0, 0, 0
72465, 1, 5, 5, 0, 1, 0
75663, 0, 2, 0, 2, 0, 0
82402, 0, 1, 1, 0, 0, 0
82403, 0, 1, 1, 0, 0, 0
19806, 3, 2, 1, 1, 3, 0
27177, 4, 2, 2, 0, 4, 0
46631, 0, 1, 0, 1, 0, 0
46632, 1, 1, 1, 0, 1, 0
13706, 0, 3, 3, 0, 0, 0
14512, 1, 5, 4, 1, 1, 0
2026, 2, 1, 1, 0, 2, 0
2027, 3, 5, 5, 0, 3, 0
3600, 7, 11, 11, 0, 5, 2
4170, 14, 20, 17, 3, 14, 0
5980, 13, 9, 9, 0, 13, 0
7618, 5, 5, 5, 0, 4, 1
11553, 29, 22, 14, 8, 25, 4
13058, 0, 2, 2, 0, 0, 0
15769, 2, 11, 10, 1, 2, 0
18083, 5, 5, 5, 0, 5, 0
20200, 15, 15, 14, 1, 15, 0
20453, 1, 8, 7, 1, 1, 0
20728, 3, 7, 7, 0, 1, 2
21370, 0, 3, 3, 0, 0, 0
22935, 3, 2, 2, 0, 3, 0
23287, 2, 2, 2, 0, 2, 0
23418, 1, 4, 4, 0, 0, 1
23725, 4, 5, 5, 0, 4, 0
23929, 7, 3, 1, 2, 3, 4
24098, 10, 8, 8, 0, 10, 0
24212, 0, 2, 2, 0, 0, 0
24278, 4, 4, 4, 0, 4, 0
25399, 2, 1, 1, 0, 2, 0
25611, 9, 9, 9, 0, 9, 0
25680, 2, 3, 3, 0, 2, 0
25872, 10, 4, 3, 1, 10, 0
26284, 1, 1, 1, 0, 1, 0
27006, 2, 1, 1, 0, 2, 0
28016, 5, 3, 2, 1, 5, 0
28618, 0, 4, 4, 0, 0, 0
29466, 6, 5, 5, 0, 6, 0
31040, 6, 5, 5, 0, 6, 0
31690, 7, 3, 2, 1, 7, 0
34686, 4, 4, 4, 0, 4, 0
36743, 4, 5, 4, 1, 4, 0
38717, 0, 4, 3, 1, 0, 0
38777, 36, 6, 6, 0, 25, 11
42302, 19, 6, 6, 0, 16, 3
42335, 14, 6, 6, 0, 14, 0
46098, 0, 2, 2, 0, 0, 0
51297, 1, 1, 1, 0, 1, 0
51298, 0, 1, 1, 0, 0, 0
51299, 0, 3, 3, 0, 0, 0
51300, 0, 1, 1, 0, 0, 0
51302, 0, 3, 3, 0, 0, 0
51303, 0, 1, 1, 0, 0, 0
51304, 0, 5, 4, 1, 0, 0
51306, 0, 2, 2, 0, 0, 0
51307, 2, 2, 1, 1, 2, 0
51308, 0, 3, 2, 1, 0, 0
51309, 2, 6, 5, 1, 2, 0
51311, 0, 5, 4, 1, 0, 0
51312, 2, 3, 2, 1, 2, 0
51313, 5, 3, 3, 0, 4, 1
51314, 3, 3, 2, 1, 3, 0
51315, 8, 4, 4, 0, 7, 1
51316, 3, 4, 4, 0, 3, 0
51317, 9, 3, 2, 1, 8, 1
2029, 7, 0, 0, 0, 7, 0
50500, 79, 53, 53, 0, 79, 0
56593, 11, 8, 8, 0, 11, 0
58372, 14, 16, 16, 0, 14, 0
65216, 126, 39, 39, 0, 126, 0
66981, 64, 25, 25, 0, 64, 0
68546, 18, 15, 15, 0, 18, 0
68739, 4, 2, 2, 0, 4, 0
70683, 10, 7, 7, 0, 10, 0
71405, 1, 2, 2, 0, 1, 0
72807, 0, 1, 1, 0, 0, 0
72808, 0, 1, 1, 0, 0, 0
71797, 1, 2, 2, 0, 1, 0
23650, 4, 5, 3, 2, 4, 0
53085, 46, 33, 33, 0, 46, 0
53717, 19, 20, 20, 0, 18, 1
71118, 1, 5, 5, 0, 1, 0
61338, 4, 3, 3, 0, 4, 0
20114, 32, 96, 95, 1, 31, 1
22556, 39, 27, 26, 1, 39, 0
23309, 134, 53, 52, 1, 134, 0
24155, 14, 9, 9, 0, 14, 0
39707, 49, 20, 20, 0, 48, 1
40022, 82, 12, 11, 1, 82, 0
45999, 40, 15, 15, 0, 36, 4
52012, 33, 19, 19, 0, 31, 2
66928, 6, 5, 5, 0, 6, 0
2035, 1, 0, 0, 0, 0, 1
109584, 1, 1, 1, 0, 1, 0
10546, 18, 16, 16, 0, 17, 1
107005, 0, 1, 1, 0, 0, 0
50689, 1, 2, 1, 1, 0, 1
35280, 1, 8, 3, 5, 1, 0
53713, 14, 15, 14, 1, 14, 0
20319, 0, 4, 0, 4, 0, 0
20393, 0, 3, 0, 3, 0, 0
23889, 16, 8, 8, 0, 15, 1
24640, 17, 3, 3, 0, 10, 7
24930, 1, 5, 2, 3, 1, 0
24931, 4, 23, 2, 21, 4, 0
24939, 0, 6, 0, 6, 0, 0
27220, 0, 6, 0, 6, 0, 0
27223, 3, 5, 4, 1, 3, 0
27224, 6, 7, 6, 1, 6, 0
27225, 0, 1, 0, 1, 0, 0
27245, 0, 6, 0, 6, 0, 0
27247, 0, 2, 0, 2, 0, 0
31958, 27, 16, 16, 0, 22, 5
111125, 63, 11, 11, 0, 62, 1
119387, 2, 2, 2, 0, 2, 0
127244, 9, 2, 2, 0, 9, 0
8785, 24, 20, 18, 2, 20, 4
10856, 0, 4, 2, 2, 0, 0
11561, 5, 18, 18, 0, 5, 0
11771, 31, 66, 65, 1, 31, 0
13342, 0, 3, 3, 0, 0, 0
19946, 21, 9, 8, 1, 14, 7
22772, 6, 10, 9, 1, 6, 0
23983, 5, 14, 13, 1, 5, 0
24744, 11, 37, 36, 1, 11, 0
26348, 0, 2, 2, 0, 0, 0
30404, 1, 5, 3, 2, 1, 0
34168, 0, 3, 2, 1, 0, 0
34169, 0, 3, 3, 0, 0, 0
35554, 1, 8, 8, 0, 1, 0
39758, 145, 29, 26, 3, 143, 2
42130, 27, 86, 85, 1, 27, 0
42460, 19, 8, 7, 1, 19, 0
44774, 128, 46, 46, 0, 128, 0
46393, 5, 7, 7, 0, 5, 0
54008, 4, 7, 6, 1, 2, 2
57862, 17, 11, 11, 0, 17, 0
61039, 8, 11, 9, 2, 7, 1
61688, 10, 17, 16, 1, 9, 1
62289, 0, 3, 3, 0, 0, 0
65937, 4, 5, 5, 0, 4, 0
68295, 1, 1, 1, 0, 1, 0
69025, 14, 9, 8, 1, 14, 0
69650, 1, 2, 1, 1, 1, 0
71935, 3, 2, 2, 0, 1, 2
73703, 6, 4, 4, 0, 5, 1
73704, 6, 2, 2, 0, 4, 2
79027, 3, 1, 1, 0, 3, 0
79630, 0, 2, 2, 0, 0, 0
79631, 10, 4, 4, 0, 10, 0
79632, 0, 1, 1, 0, 0, 0
106230, 0, 1, 1, 0, 0, 0
112903, 0, 4, 4, 0, 0, 0
121998, 0, 2, 2, 0, 0, 0
4100, 39, 10, 8, 2, 35, 4
6540, 27, 16, 15, 1, 27, 0
22244, 69, 17, 15, 2, 69, 0
25515, 2, 3, 2, 1, 2, 0
32471, 3, 2, 1, 1, 3, 0
32687, 4, 5, 5, 0, 4, 0
32706, 8, 4, 4, 0, 8, 0
33546, 17, 7, 7, 0, 17, 0
36946, 6, 7, 7, 0, 6, 0
36947, 6, 12, 12, 0, 6, 0
36948, 48, 50, 48, 2, 48, 0
39339, 21, 19, 19, 0, 20, 1
41433, 24, 53, 53, 0, 22, 2
42607, 13, 57, 57, 0, 12, 1
42618, 26, 29, 29, 0, 26, 0
46351, 45, 45, 45, 0, 45, 0
52290, 1, 4, 4, 0, 1, 0
55406, 3, 4, 4, 0, 3, 0
58630, 9, 8, 8, 0, 9, 0
62968, 30, 16, 16, 0, 30, 0
7226, 5, 2, 0, 2, 0, 5
22437, 5, 18, 16, 2, 5, 0
24051, 1, 1, 0, 1, 0, 1
24091, 2, 1, 1, 0, 1, 1
24158, 3, 4, 4, 0, 3, 0
32433, 7, 22, 13, 9, 5, 2
37001, 9, 10, 10, 0, 9, 0
37172, 52, 23, 14, 9, 50, 2
38205, 37, 9, 8, 1, 37, 0
49172, 9, 6, 6, 0, 8, 1
88697, 0, 1, 0, 1, 0, 0
88698, 0, 1, 1, 0, 0, 0
88699, 0, 1, 0, 1, 0, 0
88700, 3, 1, 0, 1, 3, 0
88701, 0, 1, 0, 1, 0, 0
2045, 1, 0, 0, 0, 1, 0
2046, 1, 1, 1, 0, 1, 0
3272, 0, 3, 2, 1, 0, 0
24148, 13, 9, 9, 0, 13, 0
27379, 9, 3, 1, 2, 9, 0
37694, 4, 12, 9, 3, 4, 0
42427, 49, 26, 22, 4, 41, 8
51164, 9, 2, 2, 0, 9, 0
52423, 10, 13, 13, 0, 10, 0
52428, 2, 9, 6, 3, 0, 2
54319, 1, 1, 0, 1, 1, 0
54320, 0, 3, 2, 1, 0, 0
58436, 15, 19, 17, 2, 13, 2
63821, 3, 3, 3, 0, 3, 0
74417, 0, 5, 1, 4, 0, 0
89747, 0, 1, 0, 1, 0, 0
99143, 24, 8, 8, 0, 24, 0
111214, 0, 1, 0, 1, 0, 0
129114, 0, 1, 0, 1, 0, 0
129361, 0, 2, 0, 2, 0, 0
12063, 24, 13, 12, 1, 24, 0
24683, 3, 6, 6, 0, 3, 0
26022, 23, 14, 8, 6, 19, 4
44831, 3, 13, 11, 2, 3, 0
50309, 21, 10, 10, 0, 21, 0
56943, 110, 37, 36, 1, 110, 0
60075, 5, 5, 5, 0, 5, 0
64799, 12, 7, 7, 0, 12, 0
74251, 3, 3, 2, 1, 3, 0
76029, 1, 2, 2, 0, 0, 1
83339, 0, 2, 0, 2, 0, 0
83422, 0, 1, 1, 0, 0, 0
2051, 0, 4, 3, 1, 0, 0
2052, 0, 1, 1, 0, 0, 0
2053, 3, 2, 2, 0, 0, 3
2055, 0, 2, 2, 0, 0, 0
2057, 0, 1, 1, 0, 0, 0
2059, 0, 3, 3, 0, 0, 0
2060, 0, 2, 2, 0, 0, 0
2062, 0, 1, 1, 0, 0, 0
2063, 5, 2, 2, 0, 5, 0
2065, 1, 2, 2, 0, 1, 0
2067, 0, 1, 1, 0, 0, 0
2068, 2, 6, 6, 0, 2, 0
2069, 0, 16, 16, 0, 0, 0
2070, 1, 2, 2, 0, 1, 0
2071, 2, 3, 3, 0, 2, 0
2073, 2, 4, 4, 0, 2, 0
2074, 6, 9, 6, 3, 6, 0
2075, 2, 5, 5, 0, 2, 0
2076, 5, 8, 8, 0, 5, 0
2079, 12, 4, 3, 1, 12, 0
2081, 1, 7, 7, 0, 1, 0
2082, 0, 1, 1, 0, 0, 0
17221, 16, 9, 8, 1, 16, 0
27424, 7, 6, 5, 1, 6, 1
27589, 1, 2, 2, 0, 0, 1
30735, 3, 1, 1, 0, 3, 0
33787, 1, 1, 1, 0, 1, 0
34083, 1, 1, 1, 0, 1, 0
34202, 2, 1, 1, 0, 2, 0
41372, 3, 5, 4, 1, 3, 0
56120, 0, 1, 1, 0, 0, 0
56121, 0, 1, 0, 1, 0, 0
24291, 1, 3, 3, 0, 1, 0
28351, 5, 6, 6, 0, 4, 1
63724, 27, 7, 7, 0, 5, 22
68376, 14, 8, 8, 0, 14, 0
108805, 4, 4, 4, 0, 4, 0
116024, 0, 1, 1, 0, 0, 0
120351, 5, 2, 2, 0, 5, 0
49241, 0, 6, 6, 0, 0, 0
11575, 54, 14, 10, 4, 54, 0
48852, 5, 5, 5, 0, 5, 0
14895, 35, 17, 16, 1, 35, 0
20666, 1, 6, 2, 4, 1, 0
50558, 58, 48, 47, 1, 58, 0
60576, 0, 3, 0, 3, 0, 0
65528, 31, 20, 20, 0, 31, 0
67015, 35, 20, 20, 0, 35, 0
73143, 0, 2, 0, 2, 0, 0
67726, 1, 9, 9, 0, 1, 0
39317, 4, 8, 7, 1, 3, 1
42721, 3, 3, 3, 0, 3, 0
46795, 2, 3, 2, 1, 2, 0
38676, 26, 10, 10, 0, 26, 0
67417, 1, 1, 1, 0, 1, 0
77402, 2, 2, 2, 0, 2, 0
14390, 2, 2, 2, 0, 2, 0
55599, 11, 4, 3, 1, 11, 0
58627, 12, 13, 13, 0, 12, 0
74260, 2, 9, 9, 0, 2, 0
88013, 0, 1, 1, 0, 0, 0
88014, 0, 1, 1, 0, 0, 0
11694, 101, 208, 202, 6, 101, 0
11699, 99, 140, 138, 2, 97, 2
11700, 349, 140, 131, 9, 349, 0
11710, 3, 96, 96, 0, 3, 0
11713, 7, 93, 93, 0, 7, 0
11718, 2, 103, 98, 5, 2, 0
11726, 121, 173, 172, 1, 121, 0
11738, 300, 137, 129, 8, 300, 0
11843, 247, 89, 88, 1, 247, 0
11849, 383, 171, 169, 2, 382, 1
11866, 284, 161, 160, 1, 284, 0
11960, 3, 121, 118, 3, 3, 0
11961, 300, 125, 125, 0, 300, 0
30885, 63, 98, 95, 3, 63, 0
30898, 208, 167, 157, 10, 208, 0
51632, 274, 89, 83, 6, 273, 1
56112, 132, 205, 203, 2, 132, 0
56137, 297, 182, 181, 1, 297, 0
56162, 245, 155, 152, 3, 245, 0
56165, 1, 86, 86, 0, 1, 0
56338, 1, 78, 78, 0, 1, 0
56351, 2, 61, 61, 0, 2, 0
56841, 244, 172, 169, 3, 244, 0
56846, 0, 93, 93, 0, 0, 0
56847, 168, 141, 138, 3, 166, 2
56854, 2, 129, 129, 0, 0, 2
56855, 0, 100, 100, 0, 0, 0
57161, 0, 100, 97, 3, 0, 0
57167, 26, 127, 126, 1, 26, 0
57307, 279, 150, 145, 5, 279, 0
57518, 144, 148, 146, 2, 144, 0
57612, 4, 61, 58, 3, 4, 0
57665, 89, 137, 136, 1, 89, 0
58922, 3, 53, 53, 0, 3, 0
59117, 209, 85, 84, 1, 209, 0
59127, 0, 44, 44, 0, 0, 0
59129, 0, 75, 75, 0, 0, 0
59139, 0, 61, 61, 0, 0, 0
59140, 0, 75, 75, 0, 0, 0
59141, 0, 53, 53, 0, 0, 0
10403, 3, 8, 6, 2, 3, 0
20959, 0, 6, 5, 1, 0, 0
22358, 8, 2, 1, 1, 6, 2
22451, 35, 54, 52, 2, 26, 9
26204, 39, 35, 29, 6, 31, 8
27495, 21, 33, 26, 7, 10, 11
28277, 25, 14, 14, 0, 19, 6
29920, 149, 14, 10, 4, 149, 0
30634, 17, 15, 14, 1, 17, 0
30915, 21, 10, 10, 0, 20, 1
31223, 5, 10, 9, 1, 4, 1
31614, 7, 7, 7, 0, 5, 2
33218, 3, 1, 1, 0, 3, 0
38946, 22, 6, 5, 1, 20, 2
39125, 6, 3, 2, 1, 5, 1
39237, 68, 3, 2, 1, 65, 3
40395, 4, 1, 1, 0, 4, 0
45821, 18, 7, 6, 1, 17, 1
46353, 47, 11, 11, 0, 38, 9
47784, 1, 1, 1, 0, 1, 0
47818, 3, 5, 5, 0, 3, 0
47915, 1, 1, 1, 0, 1, 0
48249, 5, 1, 1, 0, 5, 0
54285, 9, 3, 2, 1, 6, 3
55090, 12, 6, 6, 0, 7, 5
58569, 6, 4, 4, 0, 6, 0
60712, 1, 1, 1, 0, 1, 0
66900, 15, 18, 18, 0, 15, 0
77167, 4, 7, 7, 0, 4, 0
84263, 0, 2, 2, 0, 0, 0
92437, 0, 1, 1, 0, 0, 0
108136, 4, 4, 4, 0, 4, 0
2085, 1, 0, 0, 0, 0, 1
2086, 3, 4, 1, 3, 2, 1
9367, 3, 2, 2, 0, 2, 1
21815, 4, 2, 1, 1, 4, 0
43267, 1, 1, 1, 0, 1, 0
2088, 1, 0, 0, 0, 1, 0
2089, 2, 4, 4, 0, 2, 0
32367, 4, 13, 13, 0, 4, 0
2090, 1, 0, 0, 0, 1, 0
2091, 1, 0, 0, 0, 0, 1
2093, 1, 0, 0, 0, 0, 1
10937, 14, 8, 8, 0, 12, 2
29228, 7, 6, 5, 1, 7, 0
32488, 97, 19, 15, 4, 11, 86
50661, 19, 12, 11, 1, 19, 0
55847, 40, 7, 7, 0, 31, 9
56344, 221, 122, 117, 5, 221, 0
58636, 6, 8, 8, 0, 6, 0
60844, 2, 2, 2, 0, 2, 0
69114, 16, 27, 26, 1, 16, 0
70107, 9, 9, 9, 0, 9, 0
74426, 0, 2, 0, 2, 0, 0
92568, 0, 1, 1, 0, 0, 0
92569, 0, 1, 1, 0, 0, 0
2095, 1, 0, 0, 0, 1, 0
2096, 4, 0, 0, 0, 1, 3
2097, 0, 1, 0, 1, 0, 0
2098, 0, 1, 0, 1, 0, 0
9842, 1, 1, 1, 0, 0, 1
11212, 8, 3, 3, 0, 6, 2
14602, 2, 1, 1, 0, 2, 0
15975, 1, 2, 2, 0, 1, 0
25839, 1, 1, 1, 0, 1, 0
29147, 3, 5, 5, 0, 3, 0
30090, 9, 3, 3, 0, 9, 0
46202, 0, 3, 3, 0, 0, 0
48154, 0, 1, 1, 0, 0, 0
48155, 0, 1, 1, 0, 0, 0
48156, 0, 1, 1, 0, 0, 0
100789, 3, 1, 1, 0, 3, 0
105806, 0, 1, 0, 1, 0, 0
2102, 1, 0, 0, 0, 1, 0
2103, 0, 1, 1, 0, 0, 0
2105, 1, 1, 1, 0, 1, 0
19115, 4, 4, 4, 0, 2, 2
19116, 19, 8, 8, 0, 19, 0
30717, 3, 3, 1, 2, 2, 1
2107, 1, 0, 0, 0, 1, 0
2108, 0, 1, 1, 0, 0, 0
2109, 1, 0, 0, 0, 0, 1
2111, 1, 0, 0, 0, 1, 0
2112, 1, 0, 0, 0, 1, 0
2113, 9, 9, 9, 0, 9, 0
12960, 7, 2, 2, 0, 7, 0
14919, 17, 14, 14, 0, 17, 0
14920, 0, 12, 12, 0, 0, 0
14922, 17, 18, 18, 0, 17, 0
14925, 8, 7, 7, 0, 8, 0
14926, 13, 7, 7, 0, 13, 0
14934, 7, 5, 5, 0, 7, 0
98793, 3, 3, 3, 0, 3, 0
92951, 0, 1, 0, 1, 0, 0
80675, 0, 1, 1, 0, 0, 0
50180, 0, 3, 0, 3, 0, 0
98766, 2, 4, 2, 2, 1, 1
110806, 11, 6, 3, 3, 10, 1
114280, 0, 1, 0, 1, 0, 0
114347, 0, 3, 3, 0, 0, 0
115181, 5, 4, 4, 0, 5, 0
118183, 0, 2, 0, 2, 0, 0
119384, 1, 1, 1, 0, 1, 0
123916, 0, 1, 0, 1, 0, 0
130289, 0, 2, 0, 2, 0, 0
2119, 2, 1, 1, 0, 2, 0
2120, 0, 2, 2, 0, 0, 0
2121, 1, 0, 0, 0, 1, 0
2122, 1, 0, 0, 0, 1, 0
6850, 10, 7, 7, 0, 10, 0
8531, 8, 10, 9, 1, 7, 1
94917, 1, 1, 0, 1, 1, 0
103798, 0, 2, 2, 0, 0, 0
2126, 1, 0, 0, 0, 1, 0
2127, 1, 0, 0, 0, 1, 0
2128, 0, 2, 2, 0, 0, 0
2129, 2, 0, 0, 0, 1, 1
30424, 2, 2, 2, 0, 2, 0
9621, 2, 8, 7, 1, 2, 0
9626, 0, 1, 0, 1, 0, 0
9627, 0, 1, 0, 1, 0, 0
8733, 11, 6, 6, 0, 11, 0
12714, 0, 1, 0, 1, 0, 0
12716, 0, 2, 0, 2, 0, 0
19939, 0, 9, 8, 1, 0, 0
48755, 29, 3, 3, 0, 29, 0
80823, 2, 1, 0, 1, 2, 0
94850, 4, 3, 3, 0, 3, 1
97112, 7, 3, 0, 3, 6, 1
98048, 2, 2, 2, 0, 2, 0
102702, 0, 1, 0, 1, 0, 0
120889, 1, 2, 2, 0, 1, 0
121418, 0, 1, 0, 1, 0, 0
127628, 0, 3, 3, 0, 0, 0
18363, 2, 5, 5, 0, 2, 0
20226, 11, 13, 9, 4, 6, 5
52592, 11, 9, 8, 1, 10, 1
52593, 0, 2, 0, 2, 0, 0
12774, 0, 2, 0, 2, 0, 0
12779, 0, 4, 0, 4, 0, 0
113032, 0, 2, 1, 1, 0, 0
115437, 3, 1, 0, 1, 3, 0
129507, 4, 12, 11, 1, 4, 0
130005, 0, 1, 0, 1, 0, 0
130006, 0, 1, 0, 1, 0, 0
130153, 0, 1, 0, 1, 0, 0
2136, 1, 0, 0, 0, 0, 1
2137, 1, 4, 3, 1, 1, 0
45587, 3, 19, 19, 0, 0, 3
2140, 1, 0, 0, 0, 1, 0
2141, 1, 3, 2, 1, 1, 0
2142, 1, 0, 0, 0, 1, 0
2143, 9, 35, 32, 3, 9, 0
23576, 5, 5, 5, 0, 5, 0
89538, 1, 1, 1, 0, 1, 0
92592, 0, 1, 1, 0, 0, 0
2145, 1, 1, 1, 0, 1, 0
2146, 1, 2, 2, 0, 1, 0
2147, 1, 0, 0, 0, 1, 0
2148, 1, 0, 0, 0, 1, 0
2149, 1, 0, 0, 0, 1, 0
28775, 13, 8, 7, 1, 12, 1
54660, 10, 9, 9, 0, 10, 0
60507, 35, 28, 28, 0, 31, 4
68971, 4, 6, 6, 0, 4, 0
78851, 20, 6, 6, 0, 20, 0
83918, 4, 2, 2, 0, 4, 0
2151, 4, 2, 2, 0, 3, 1
2152, 16, 4, 3, 1, 16, 0
2153, 1, 0, 0, 0, 1, 0
2154, 1, 0, 0, 0, 1, 0
2156, 1, 0, 0, 0, 1, 0
13955, 0, 6, 5, 1, 0, 0
2158, 1, 0, 0, 0, 1, 0
93841, 1, 2, 2, 0, 1, 0
96347, 1, 1, 1, 0, 1, 0
2160, 3, 0, 0, 0, 3, 0
2162, 3, 1, 1, 0, 3, 0
6938, 3, 3, 3, 0, 3, 0
120923, 0, 1, 0, 1, 0, 0
2163, 1, 0, 0, 0, 1, 0
2164, 1, 0, 0, 0, 1, 0
2165, 1, 0, 0, 0, 1, 0
2166, 7, 1, 0, 1, 7, 0
2167, 0, 1, 1, 0, 0, 0
2168, 1, 4, 2, 2, 1, 0
2169, 0, 1, 1, 0, 0, 0
2170, 13, 11, 11, 0, 12, 1
2171, 2, 2, 2, 0, 1, 1
2172, 2, 5, 4, 1, 2, 0
12532, 11, 41, 38, 3, 11, 0
38447, 1, 3, 3, 0, 1, 0
46898, 2, 1, 1, 0, 2, 0
53764, 4, 3, 3, 0, 4, 0
30161, 1, 3, 2, 1, 1, 0
101457, 0, 2, 2, 0, 0, 0
19888, 36, 7, 4, 3, 36, 0
2173, 4, 3, 3, 0, 4, 0
13133, 1, 2, 1, 1, 1, 0
16566, 4, 3, 2, 1, 4, 0
16567, 0, 1, 1, 0, 0, 0
16568, 0, 1, 1, 0, 0, 0
41487, 2, 3, 3, 0, 2, 0
109748, 8, 2, 2, 0, 8, 0
2175, 1, 0, 0, 0, 0, 1
2176, 0, 1, 0, 1, 0, 0
2179, 1, 0, 0, 0, 1, 0
2180, 1, 0, 0, 0, 1, 0
7601, 211, 60, 59, 1, 211, 0
12849, 1, 7, 7, 0, 1, 0
18205, 14, 22, 21, 1, 14, 0
24602, 1, 4, 4, 0, 1, 0
28848, 19, 7, 6, 1, 19, 0
29346, 24, 22, 20, 2, 24, 0
39564, 13, 11, 11, 0, 13, 0
50469, 1, 2, 2, 0, 1, 0
57495, 64, 39, 39, 0, 64, 0
58564, 131, 41, 34, 7, 131, 0
59595, 2, 7, 7, 0, 2, 0
63258, 11, 11, 11, 0, 11, 0
68611, 8, 31, 31, 0, 8, 0
69276, 48, 34, 34, 0, 48, 0
70080, 2, 1, 1, 0, 2, 0
74399, 3, 3, 2, 1, 3, 0
2182, 5, 1, 1, 0, 5, 0
3364, 28, 13, 11, 2, 28, 0
4406, 2, 2, 1, 1, 2, 0
5385, 9, 3, 1, 2, 9, 0
6660, 1, 3, 2, 1, 1, 0
7819, 54, 8, 6, 2, 46, 8
8811, 11, 4, 1, 3, 7, 4
9788, 9, 8, 6, 2, 9, 0
10329, 7, 5, 4, 1, 7, 0
10330, 4, 9, 7, 2, 4, 0
10611, 4, 2, 0, 2, 4, 0
10950, 6, 8, 6, 2, 6, 0
10951, 6, 8, 6, 2, 6, 0
10952, 6, 8, 6, 2, 6, 0
10954, 6, 8, 6, 2, 6, 0
11062, 3, 4, 1, 3, 3, 0
11063, 1, 6, 4, 2, 1, 0
11064, 3, 5, 2, 3, 3, 0
11362, 3, 11, 9, 2, 2, 1
11515, 4, 3, 1, 2, 4, 0
13563, 7, 3, 2, 1, 6, 1
13670, 10, 13, 11, 2, 9, 1
13718, 2, 2, 1, 1, 2, 0
15739, 4, 10, 8, 2, 2, 2
16228, 15, 23, 16, 7, 15, 0
17441, 8, 5, 3, 2, 4, 4
17637, 9, 8, 7, 1, 9, 0
18413, 1, 9, 7, 2, 1, 0
20625, 3, 6, 4, 2, 3, 0
20767, 1, 5, 3, 2, 1, 0
21658, 2, 7, 6, 1, 2, 0
22688, 3, 3, 2, 1, 3, 0
22992, 7, 8, 6, 2, 7, 0
23383, 1, 8, 2, 6, 1, 0
24709, 5, 7, 6, 1, 5, 0
25548, 4, 1, 0, 1, 4, 0
27031, 1, 3, 2, 1, 1, 0
27067, 1, 1, 0, 1, 1, 0
27086, 27, 9, 5, 4, 21, 6
28742, 1, 2, 1, 1, 1, 0
28980, 10, 3, 2, 1, 10, 0
30754, 5, 9, 6, 3, 4, 1
31387, 2, 7, 4, 3, 2, 0
33962, 5, 5, 1, 4, 1, 4
34167, 17, 4, 2, 2, 17, 0
37575, 0, 4, 1, 3, 0, 0
39950, 1, 2, 1, 1, 0, 1
40356, 4, 7, 6, 1, 4, 0
40400, 1, 1, 0, 1, 1, 0
42717, 3, 4, 2, 2, 2, 1
46114, 1, 2, 0, 2, 1, 0
46116, 2, 1, 0, 1, 2, 0
48692, 23, 14, 13, 1, 23, 0
48762, 13, 5, 2, 3, 13, 0
49321, 1, 6, 2, 4, 1, 0
50263, 6, 2, 1, 1, 6, 0
51053, 1, 4, 0, 4, 1, 0
55227, 5, 2, 1, 1, 4, 1
58653, 30, 12, 11, 1, 30, 0
60740, 8, 14, 13, 1, 8, 0
62044, 6, 3, 2, 1, 6, 0
63861, 4, 8, 7, 1, 2, 2
67255, 0, 2, 1, 1, 0, 0
69604, 0, 2, 1, 1, 0, 0
76210, 0, 2, 1, 1, 0, 0
79601, 1, 2, 1, 1, 1, 0
80822, 31, 3, 2, 1, 31, 0
84308, 1, 2, 1, 1, 0, 1
84789, 0, 3, 1, 2, 0, 0
96051, 1, 1, 0, 1, 1, 0
96627, 1, 1, 0, 1, 1, 0
97144, 2, 2, 1, 1, 2, 0
97175, 1, 3, 1, 2, 1, 0
98107, 1, 1, 0, 1, 0, 1
98633, 2, 3, 1, 2, 1, 1
98803, 4, 2, 0, 2, 4, 0
98931, 2, 4, 1, 3, 2, 0
99059, 3, 4, 2, 2, 3, 0
99147, 0, 2, 1, 1, 0, 0
99381, 0, 1, 0, 1, 0, 0
99397, 3, 5, 3, 2, 2, 1
99530, 3, 4, 3, 1, 3, 0
100223, 0, 1, 0, 1, 0, 0
100560, 1, 1, 0, 1, 1, 0
100834, 1, 2, 1, 1, 1, 0
101029, 0, 5, 4, 1, 0, 0
101194, 0, 3, 2, 1, 0, 0
101251, 0, 2, 1, 1, 0, 0
101335, 1, 6, 1, 5, 1, 0
101360, 0, 2, 1, 1, 0, 0
101388, 1, 2, 1, 1, 1, 0
101426, 0, 2, 1, 1, 0, 0
101436, 0, 1, 0, 1, 0, 0
101453, 0, 4, 3, 1, 0, 0
101523, 0, 4, 1, 3, 0, 0
101527, 1, 2, 1, 1, 1, 0
101580, 0, 1, 0, 1, 0, 0
101583, 1, 2, 1, 1, 1, 0
101586, 0, 6, 1, 5, 0, 0
101642, 0, 2, 0, 2, 0, 0
101666, 3, 3, 1, 2, 3, 0
101713, 3, 2, 1, 1, 1, 2
101715, 0, 2, 0, 2, 0, 0
101766, 0, 2, 0, 2, 0, 0
101769, 0, 1, 0, 1, 0, 0
101775, 0, 2, 0, 2, 0, 0
101777, 0, 1, 0, 1, 0, 0
101840, 0, 1, 0, 1, 0, 0
101860, 0, 1, 0, 1, 0, 0
102064, 2, 2, 1, 1, 2, 0
102072, 0, 1, 0, 1, 0, 0
102214, 0, 2, 1, 1, 0, 0
102275, 2, 5, 3, 2, 2, 0
102287, 0, 2, 0, 2, 0, 0
102348, 9, 3, 2, 1, 5, 4
102374, 0, 2, 1, 1, 0, 0
102377, 0, 1, 0, 1, 0, 0
102408, 0, 1, 0, 1, 0, 0
102506, 10, 10, 9, 1, 10, 0
102842, 6, 7, 6, 1, 6, 0
102905, 1, 1, 0, 1, 1, 0
102944, 3, 1, 0, 1, 1, 2
102948, 0, 1, 0, 1, 0, 0
102950, 0, 2, 0, 2, 0, 0
102982, 0, 1, 0, 1, 0, 0
102983, 0, 1, 0, 1, 0, 0
102989, 0, 1, 0, 1, 0, 0
103001, 0, 1, 0, 1, 0, 0
103004, 3, 7, 5, 2, 3, 0
103018, 0, 1, 0, 1, 0, 0
103019, 0, 1, 0, 1, 0, 0
103021, 0, 1, 0, 1, 0, 0
103107, 1, 1, 0, 1, 1, 0
103120, 0, 1, 0, 1, 0, 0
103121, 0, 1, 0, 1, 0, 0
103137, 0, 2, 0, 2, 0, 0
103176, 0, 1, 0, 1, 0, 0
103190, 0, 2, 0, 2, 0, 0
103277, 0, 1, 0, 1, 0, 0
103279, 1, 2, 1, 1, 1, 0
103280, 0, 1, 0, 1, 0, 0
103346, 0, 2, 0, 2, 0, 0
103378, 0, 3, 1, 2, 0, 0
103379, 0, 1, 0, 1, 0, 0
103459, 0, 1, 0, 1, 0, 0
103464, 0, 2, 1, 1, 0, 0
103467, 0, 1, 0, 1, 0, 0
103484, 5, 3, 1, 2, 5, 0
103551, 3, 2, 1, 1, 3, 0
103801, 0, 3, 2, 1, 0, 0
104010, 0, 1, 0, 1, 0, 0
104174, 0, 1, 0, 1, 0, 0
104175, 1, 1, 0, 1, 1, 0
104176, 0, 1, 0, 1, 0, 0
104177, 0, 1, 0, 1, 0, 0
104179, 2, 11, 10, 1, 1, 1
104184, 0, 1, 0, 1, 0, 0
104241, 0, 1, 0, 1, 0, 0
104261, 0, 3, 1, 2, 0, 0
104369, 3, 1, 0, 1, 2, 1
104372, 0, 3, 1, 2, 0, 0
104373, 0, 1, 0, 1, 0, 0
104376, 0, 1, 0, 1, 0, 0
104379, 1, 2, 1, 1, 1, 0
104414, 0, 1, 0, 1, 0, 0
104415, 5, 4, 3, 1, 5, 0
104420, 0, 2, 1, 1, 0, 0
104518, 1, 3, 1, 2, 1, 0
104556, 0, 3, 1, 2, 0, 0
104616, 4, 7, 5, 2, 4, 0
104692, 0, 3, 1, 2, 0, 0
104696, 1, 1, 0, 1, 1, 0
104708, 0, 1, 0, 1, 0, 0
104749, 3, 5, 3, 2, 3, 0
104958, 23, 9, 8, 1, 22, 1
104985, 2, 1, 0, 1, 2, 0
105040, 0, 1, 0, 1, 0, 0
105053, 10, 2, 1, 1, 10, 0
105058, 0, 1, 0, 1, 0, 0
105092, 7, 1, 0, 1, 7, 0
105096, 1, 2, 0, 2, 1, 0
105120, 0, 4, 1, 3, 0, 0
105125, 1, 1, 0, 1, 1, 0
105216, 0, 1, 0, 1, 0, 0
105649, 1, 2, 1, 1, 1, 0
107053, 0, 1, 0, 1, 0, 0
107103, 10, 3, 2, 1, 10, 0
107184, 0, 3, 0, 3, 0, 0
107212, 0, 1, 0, 1, 0, 0
107349, 1, 1, 0, 1, 1, 0
107367, 0, 5, 0, 5, 0, 0
107518, 0, 1, 0, 1, 0, 0
107535, 0, 1, 0, 1, 0, 0
107604, 9, 15, 14, 1, 9, 0
107638, 0, 1, 0, 1, 0, 0
107645, 0, 2, 0, 2, 0, 0
107770, 0, 1, 0, 1, 0, 0
107820, 28, 5, 4, 1, 28, 0
107857, 0, 1, 0, 1, 0, 0
107887, 18, 7, 6, 1, 18, 0
107929, 1, 2, 1, 1, 1, 0
107953, 1, 3, 0, 3, 1, 0
108125, 0, 6, 3, 3, 0, 0
108439, 1, 3, 1, 2, 1, 0
108478, 1, 2, 0, 2, 1, 0
108922, 2, 1, 0, 1, 1, 1
109091, 1, 2, 1, 1, 1, 0
109419, 0, 1, 0, 1, 0, 0
109879, 4, 2, 2, 0, 4, 0
109970, 0, 1, 0, 1, 0, 0
110459, 1, 2, 1, 1, 1, 0
110865, 1, 1, 0, 1, 1, 0
111322, 0, 1, 0, 1, 0, 0
111974, 0, 1, 0, 1, 0, 0
112162, 1, 1, 0, 1, 0, 1
114109, 0, 2, 0, 2, 0, 0
114750, 3, 2, 0, 2, 3, 0
115495, 1, 1, 0, 1, 1, 0
115511, 0, 1, 0, 1, 0, 0
115543, 0, 1, 0, 1, 0, 0
118231, 0, 1, 0, 1, 0, 0
3351, 2, 17, 17, 0, 2, 0
3938, 1, 36, 26, 10, 1, 0
7314, 0, 2, 1, 1, 0, 0
11705, 124, 161, 160, 1, 124, 0
11889, 3, 13, 10, 3, 3, 0
11890, 1, 8, 8, 0, 1, 0
11891, 3, 4, 4, 0, 3, 0
11947, 76, 32, 30, 2, 76, 0
11949, 6, 30, 30, 0, 6, 0
12155, 4, 29, 29, 0, 4, 0
14542, 0, 84, 83, 1, 0, 0
14554, 17, 19, 17, 2, 17, 0
19793, 114, 61, 57, 4, 113, 1
22063, 11, 9, 9, 0, 10, 1
23297, 8, 84, 81, 3, 8, 0
24505, 2, 17, 17, 0, 2, 0
24509, 18, 8, 8, 0, 18, 0
24751, 20, 4, 4, 0, 20, 0
25531, 16, 17, 16, 1, 16, 0
27390, 20, 4, 4, 0, 20, 0
46029, 2, 14, 14, 0, 2, 0
46163, 12, 28, 28, 0, 12, 0
51907, 8, 10, 10, 0, 8, 0
57710, 25, 26, 26, 0, 25, 0
58252, 82, 63, 63, 0, 82, 0
58941, 79, 35, 32, 3, 79, 0
59911, 5, 10, 10, 0, 4, 1
62665, 57, 40, 40, 0, 57, 0
62849, 79, 17, 17, 0, 79, 0
63402, 6, 8, 8, 0, 6, 0
65004, 12, 7, 7, 0, 12, 0
65008, 223, 63, 63, 0, 223, 0
66850, 31, 25, 24, 1, 31, 0
67383, 48, 44, 44, 0, 48, 0
67457, 3, 17, 17, 0, 3, 0
67611, 9, 43, 43, 0, 6, 3
67613, 0, 28, 28, 0, 0, 0
67721, 4, 23, 23, 0, 4, 0
69891, 14, 13, 12, 1, 14, 0
69893, 46, 28, 28, 0, 46, 0
70509, 17, 19, 19, 0, 17, 0
70599, 0, 1, 1, 0, 0, 0
70601, 1, 2, 2, 0, 1, 0
70602, 0, 9, 9, 0, 0, 0
70603, 1, 2, 2, 0, 1, 0
70604, 0, 3, 3, 0, 0, 0
70605, 0, 11, 11, 0, 0, 0
70606, 1, 6, 6, 0, 1, 0
70607, 0, 3, 3, 0, 0, 0
70609, 1, 6, 6, 0, 1, 0
70610, 5, 12, 12, 0, 5, 0
70612, 0, 4, 4, 0, 0, 0
70613, 1, 4, 4, 0, 1, 0
70614, 11, 12, 12, 0, 11, 0
70615, 1, 4, 4, 0, 1, 0
70616, 0, 3, 3, 0, 0, 0
70617, 1, 5, 5, 0, 1, 0
70618, 0, 2, 2, 0, 0, 0
70619, 0, 4, 4, 0, 0, 0
70621, 0, 2, 2, 0, 0, 0
70622, 15, 16, 16, 0, 15, 0
5621, 8, 10, 8, 2, 8, 0
8673, 5, 6, 6, 0, 5, 0
8767, 39, 19, 19, 0, 38, 1
9572, 14, 31, 30, 1, 14, 0
11543, 6, 32, 15, 17, 6, 0
14553, 6, 48, 47, 1, 6, 0
17260, 110, 27, 25, 2, 109, 1
19628, 12, 28, 26, 2, 12, 0
19741, 8, 28, 27, 1, 8, 0
21190, 7, 30, 29, 1, 7, 0
21624, 2, 71, 67, 4, 2, 0
24527, 9, 23, 22, 1, 9, 0
25102, 4, 71, 70, 1, 4, 0
28603, 3, 8, 8, 0, 3, 0
29913, 0, 13, 13, 0, 0, 0
29937, 2, 15, 13, 2, 2, 0
29951, 1, 5, 5, 0, 1, 0
34119, 9, 9, 9, 0, 9, 0
34654, 7, 9, 8, 1, 7, 0
37667, 1, 18, 14, 4, 1, 0
40096, 77, 23, 21, 2, 76, 1
44767, 107, 104, 103, 1, 107, 0
44768, 49, 79, 79, 0, 49, 0
46310, 3, 8, 7, 1, 3, 0
49942, 18, 9, 9, 0, 18, 0
52392, 2, 14, 14, 0, 2, 0
52704, 4, 12, 12, 0, 4, 0
53063, 0, 3, 3, 0, 0, 0
55910, 0, 8, 8, 0, 0, 0
58475, 0, 11, 11, 0, 0, 0
59088, 2, 8, 8, 0, 2, 0
59605, 10, 11, 11, 0, 10, 0
60808, 23, 36, 36, 0, 23, 0
61982, 13, 23, 23, 0, 13, 0
62604, 5, 10, 10, 0, 5, 0
65182, 0, 3, 3, 0, 0, 0
65582, 9, 10, 10, 0, 7, 2
66029, 3, 5, 5, 0, 3, 0
66428, 0, 6, 6, 0, 0, 0
67313, 9, 9, 9, 0, 9, 0
67731, 1, 6, 6, 0, 1, 0
68798, 29, 37, 37, 0, 29, 0
68857, 40, 43, 43, 0, 40, 0
69822, 8, 16, 16, 0, 8, 0
69996, 9, 15, 15, 0, 9, 0
71786, 0, 2, 2, 0, 0, 0
71799, 2, 10, 10, 0, 2, 0
71942, 0, 12, 12, 0, 0, 0
71977, 16, 10, 10, 0, 16, 0
72019, 2, 8, 8, 0, 2, 0
73906, 2, 7, 6, 1, 1, 1
74604, 1, 3, 3, 0, 1, 0
75300, 1, 3, 3, 0, 1, 0
75747, 1, 2, 2, 0, 1, 0
76090, 0, 1, 1, 0, 0, 0
76091, 0, 1, 1, 0, 0, 0
76092, 24, 3, 3, 0, 24, 0
76093, 0, 1, 1, 0, 0, 0
76094, 0, 1, 1, 0, 0, 0
76095, 0, 1, 1, 0, 0, 0
76096, 1, 2, 2, 0, 1, 0
76097, 0, 3, 3, 0, 0, 0
76098, 0, 2, 2, 0, 0, 0
76100, 0, 4, 4, 0, 0, 0
76101, 0, 2, 2, 0, 0, 0
76102, 0, 3, 3, 0, 0, 0
76103, 1, 1, 1, 0, 1, 0
76104, 0, 4, 4, 0, 0, 0
76105, 1, 1, 1, 0, 1, 0
76106, 8, 9, 9, 0, 7, 1
76107, 2, 4, 4, 0, 2, 0
76108, 4, 2, 2, 0, 3, 1
76109, 0, 4, 4, 0, 0, 0
76110, 0, 2, 2, 0, 0, 0
76111, 1, 2, 2, 0, 1, 0
76112, 0, 1, 1, 0, 0, 0
76113, 11, 8, 8, 0, 11, 0
2186, 2, 1, 1, 0, 2, 0
2187, 14, 6, 4, 2, 14, 0
2188, 1, 2, 2, 0, 1, 0
2190, 0, 1, 1, 0, 0, 0
94504, 1, 2, 2, 0, 1, 0
14969, 2, 8, 7, 1, 2, 0
20698, 3, 4, 4, 0, 2, 1
24670, 2, 9, 9, 0, 2, 0
24785, 2, 5, 1, 4, 2, 0
31773, 9, 4, 4, 0, 9, 0
35008, 2, 6, 6, 0, 2, 0
35564, 1, 8, 2, 6, 0, 1
49212, 19, 19, 19, 0, 19, 0
50836, 0, 7, 0, 7, 0, 0
51565, 2, 3, 3, 0, 2, 0
60306, 0, 3, 2, 1, 0, 0
61609, 1, 3, 2, 1, 1, 0
70343, 20, 9, 9, 0, 20, 0
70966, 4, 9, 9, 0, 4, 0
74835, 29, 2, 0, 2, 28, 1
76321, 8, 1, 1, 0, 8, 0
76322, 0, 1, 1, 0, 0, 0
76323, 0, 1, 1, 0, 0, 0
17817, 5, 1, 0, 1, 2, 3
21298, 1, 1, 0, 1, 1, 0
22112, 33, 8, 6, 2, 33, 0
24056, 3, 1, 0, 1, 1, 2
26787, 13, 14, 13, 1, 13, 0
31227, 4, 5, 4, 1, 3, 1
43299, 0, 2, 0, 2, 0, 0
50674, 1, 1, 0, 1, 1, 0
54046, 2, 8, 6, 2, 2, 0
54580, 6, 1, 0, 1, 2, 4
54584, 0, 1, 0, 1, 0, 0
54585, 0, 1, 0, 1, 0, 0
54586, 0, 2, 1, 1, 0, 0
55964, 6, 9, 4, 5, 6, 0
102626, 1, 1, 0, 1, 1, 0
2194, 1, 0, 0, 0, 1, 0
2195, 4, 0, 0, 0, 4, 0
2196, 0, 1, 1, 0, 0, 0
15441, 5, 3, 3, 0, 1, 4
5721, 4, 9, 7, 2, 2, 2
8639, 1, 1, 1, 0, 1, 0
24756, 2, 3, 3, 0, 2, 0
32301, 0, 6, 0, 6, 0, 0
32303, 0, 1, 0, 1, 0, 0
32304, 0, 1, 0, 1, 0, 0
93687, 6, 1, 1, 0, 6, 0
93818, 3, 1, 1, 0, 3, 0
2199, 1, 0, 0, 0, 1, 0
3328, 5, 19, 16, 3, 5, 0
6228, 1, 1, 0, 1, 1, 0
8403, 2, 4, 3, 1, 2, 0
10578, 2, 2, 0, 2, 1, 1
13645, 1, 1, 1, 0, 1, 0
13646, 0, 4, 4, 0, 0, 0
15045, 8, 4, 1, 3, 4, 4
17387, 0, 7, 0, 7, 0, 0
18940, 1, 1, 0, 1, 1, 0
19112, 1, 2, 1, 1, 1, 0
21820, 1, 1, 0, 1, 1, 0
27491, 1, 3, 0, 3, 0, 1
27587, 0, 9, 0, 9, 0, 0
29142, 2, 2, 2, 0, 2, 0
31847, 9, 11, 11, 0, 8, 1
34430, 1, 3, 3, 0, 1, 0
36893, 28, 5, 5, 0, 28, 0
37795, 1, 1, 0, 1, 1, 0
38367, 2, 2, 2, 0, 2, 0
49081, 5, 3, 2, 1, 5, 0
89828, 0, 3, 0, 3, 0, 0
92718, 0, 1, 1, 0, 0, 0
92719, 0, 1, 0, 1, 0, 0
92721, 0, 1, 0, 1, 0, 0
92722, 0, 1, 0, 1, 0, 0
92723, 0, 1, 0, 1, 0, 0
92724, 0, 1, 0, 1, 0, 0
2201, 2, 2, 2, 0, 2, 0
13859, 16, 11, 10, 1, 15, 1
20321, 0, 4, 0, 4, 0, 0
25053, 0, 5, 0, 5, 0, 0
26403, 0, 4, 0, 4, 0, 0
30621, 0, 5, 0, 5, 0, 0
44811, 61, 57, 57, 0, 61, 0
55026, 0, 1, 0, 1, 0, 0
55027, 0, 2, 0, 2, 0, 0
55028, 0, 3, 0, 3, 0, 0
55029, 0, 3, 0, 3, 0, 0
55030, 0, 2, 0, 2, 0, 0
55031, 0, 3, 0, 3, 0, 0
55032, 0, 3, 0, 3, 0, 0
55033, 0, 3, 0, 3, 0, 0
55034, 0, 2, 0, 2, 0, 0
55035, 0, 2, 0, 2, 0, 0
55036, 0, 2, 0, 2, 0, 0
55037, 0, 2, 0, 2, 0, 0
55038, 0, 1, 0, 1, 0, 0
55039, 0, 1, 0, 1, 0, 0
55040, 0, 1, 0, 1, 0, 0
55041, 0, 1, 0, 1, 0, 0
55042, 0, 1, 0, 1, 0, 0
55043, 0, 1, 0, 1, 0, 0
55044, 0, 1, 0, 1, 0, 0
55045, 0, 1, 0, 1, 0, 0
55046, 0, 1, 0, 1, 0, 0
55047, 0, 1, 0, 1, 0, 0
55048, 0, 1, 0, 1, 0, 0
55049, 0, 1, 0, 1, 0, 0
55050, 0, 1, 0, 1, 0, 0
55051, 0, 1, 0, 1, 0, 0
55052, 0, 1, 0, 1, 0, 0
55053, 0, 3, 0, 3, 0, 0
55054, 0, 3, 0, 3, 0, 0
55055, 0, 6, 0, 6, 0, 0
2203, 2, 0, 0, 0, 2, 0
2204, 0, 3, 3, 0, 0, 0
2205, 0, 1, 1, 0, 0, 0
2206, 1, 0, 0, 0, 1, 0
2207, 1, 0, 0, 0, 1, 0
2493, 4, 13, 11, 2, 4, 0
23360, 0, 3, 2, 1, 0, 0
2209, 1, 0, 0, 0, 1, 0
3508, 5, 16, 14, 2, 5, 0
12988, 3, 6, 5, 1, 2, 1
13113, 0, 10, 9, 1, 0, 0
15338, 7, 26, 26, 0, 7, 0
16006, 8, 44, 43, 1, 8, 0
20772, 3, 16, 16, 0, 3, 0
21147, 0, 18, 18, 0, 0, 0
21164, 23, 12, 10, 2, 20, 3
21197, 33, 26, 23, 3, 21, 12
21203, 6, 32, 31, 1, 6, 0
22398, 37, 20, 15, 5, 23, 14
24603, 1, 26, 26, 0, 1, 0
27004, 6, 8, 6, 2, 6, 0
29881, 1, 22, 22, 0, 1, 0
38760, 4, 2, 2, 0, 4, 0
38761, 3, 7, 7, 0, 3, 0
38762, 3, 8, 8, 0, 3, 0
44378, 1, 6, 6, 0, 1, 0
50853, 1, 5, 3, 2, 1, 0
51447, 3, 2, 2, 0, 2, 1
52017, 8, 17, 17, 0, 8, 0
58484, 2, 5, 5, 0, 2, 0
69132, 0, 3, 0, 3, 0, 0
72046, 1, 6, 6, 0, 1, 0
72873, 0, 3, 3, 0, 0, 0
73995, 34, 13, 13, 0, 32, 2
76497, 1, 1, 1, 0, 1, 0
87635, 1, 5, 5, 0, 1, 0
88073, 1, 2, 2, 0, 1, 0
88967, 0, 4, 4, 0, 0, 0
89419, 0, 2, 2, 0, 0, 0
90851, 6, 7, 7, 0, 6, 0
91637, 0, 2, 2, 0, 0, 0
92759, 3, 1, 1, 0, 3, 0
92760, 2, 1, 1, 0, 2, 0
106825, 0, 1, 1, 0, 0, 0
2211, 1, 0, 0, 0, 0, 1
2212, 1, 2, 1, 1, 0, 1
2213, 1, 1, 1, 0, 1, 0
2214, 5, 3, 2, 1, 5, 0
2215, 2, 0, 0, 0, 1, 1
14483, 5, 5, 5, 0, 5, 0
33101, 2, 20, 19, 1, 2, 0
58450, 2, 12, 12, 0, 2, 0
84609, 4, 6, 6, 0, 4, 0
10467, 3, 7, 5, 2, 3, 0
26104, 1, 1, 1, 0, 1, 0
32066, 12, 9, 5, 4, 5, 7
35157, 1, 1, 1, 0, 1, 0
37582, 1, 1, 0, 1, 1, 0
37621, 1, 1, 1, 0, 1, 0
38024, 4, 5, 5, 0, 1, 3
43138, 0, 3, 0, 3, 0, 0
53512, 0, 3, 3, 0, 0, 0
69823, 135, 32, 32, 0, 135, 0
72083, 16, 10, 10, 0, 16, 0
3582, 2, 1, 1, 0, 2, 0
4206, 0, 2, 2, 0, 0, 0
4243, 5, 13, 13, 0, 5, 0
4367, 10, 7, 7, 0, 10, 0
5405, 5, 3, 3, 0, 4, 1
5973, 1, 5, 4, 1, 1, 0
6403, 1, 2, 2, 0, 1, 0
6619, 4, 1, 1, 0, 4, 0
6987, 5, 6, 6, 0, 3, 2
7594, 0, 5, 4, 1, 0, 0
7600, 15, 10, 10, 0, 15, 0
7642, 3, 8, 7, 1, 3, 0
7762, 6, 5, 5, 0, 6, 0
7799, 2, 2, 2, 0, 2, 0
7838, 4, 2, 2, 0, 3, 1
8163, 4, 7, 6, 1, 3, 1
8293, 5, 2, 2, 0, 5, 0
8877, 9, 4, 3, 1, 8, 1
9467, 5, 3, 3, 0, 5, 0
9557, 6, 4, 3, 1, 6, 0
9661, 2, 3, 2, 1, 2, 0
9782, 1, 3, 3, 0, 1, 0
10563, 15, 6, 6, 0, 14, 1
11215, 4, 4, 3, 1, 4, 0
12304, 7, 4, 4, 0, 7, 0
12620, 5, 4, 4, 0, 5, 0
13291, 5, 3, 3, 0, 5, 0
13337, 4, 4, 2, 2, 4, 0
15083, 6, 3, 3, 0, 6, 0
15844, 13, 9, 8, 1, 13, 0
16273, 3, 1, 1, 0, 3, 0
16796, 5, 2, 2, 0, 5, 0
16798, 9, 4, 3, 1, 6, 3
18539, 10, 16, 13, 3, 9, 1
18791, 58, 14, 13, 1, 58, 0
20166, 13, 10, 9, 1, 13, 0
21798, 5, 6, 6, 0, 5, 0
21831, 1, 3, 3, 0, 1, 0
21895, 19, 8, 8, 0, 16, 3
23000, 3, 1, 1, 0, 0, 3
23148, 2, 3, 3, 0, 2, 0
23892, 1, 1, 1, 0, 1, 0
24667, 10, 6, 6, 0, 10, 0
25203, 13, 9, 8, 1, 11, 2
26131, 7, 3, 3, 0, 7, 0
26881, 16, 7, 5, 2, 16, 0
28005, 7, 3, 3, 0, 6, 1
32059, 3, 4, 3, 1, 3, 0
32716, 1, 2, 2, 0, 1, 0
32995, 4, 2, 2, 0, 4, 0
33020, 15, 15, 14, 1, 15, 0
33843, 74, 13, 13, 0, 74, 0
35277, 6, 2, 2, 0, 0, 6
39041, 3, 1, 1, 0, 3, 0
39042, 5, 3, 2, 1, 4, 1
39044, 0, 1, 1, 0, 0, 0
39045, 0, 1, 1, 0, 0, 0
39046, 0, 3, 3, 0, 0, 0
39047, 0, 1, 1, 0, 0, 0
39048, 0, 1, 1, 0, 0, 0
39049, 0, 1, 1, 0, 0, 0
39051, 0, 2, 2, 0, 0, 0
39052, 0, 2, 1, 1, 0, 0
39056, 0, 2, 2, 0, 0, 0
39058, 0, 3, 3, 0, 0, 0
39061, 0, 2, 2, 0, 0, 0
39063, 0, 2, 2, 0, 0, 0
39064, 10, 8, 8, 0, 9, 1
39065, 0, 4, 4, 0, 0, 0
39067, 0, 3, 3, 0, 0, 0
39069, 23, 17, 17, 0, 21, 2
39070, 2, 1, 1, 0, 2, 0
39071, 1, 4, 3, 1, 0, 1
43503, 1, 1, 1, 0, 1, 0
44839, 0, 4, 4, 0, 0, 0
45995, 0, 3, 3, 0, 0, 0
47424, 1, 3, 3, 0, 1, 0
48265, 0, 5, 5, 0, 0, 0
51682, 4, 4, 4, 0, 4, 0
93726, 0, 2, 1, 1, 0, 0
101734, 0, 1, 1, 0, 0, 0
101735, 3, 2, 2, 0, 3, 0
101736, 0, 2, 2, 0, 0, 0
103100, 5, 1, 1, 0, 5, 0
103192, 1, 2, 2, 0, 1, 0
103198, 2, 1, 1, 0, 2, 0
104355, 13, 8, 8, 0, 13, 0
105151, 0, 4, 4, 0, 0, 0
105242, 14, 5, 5, 0, 14, 0
105492, 2, 3, 3, 0, 2, 0
105586, 0, 2, 2, 0, 0, 0
105810, 1, 2, 2, 0, 1, 0
105911, 2, 3, 2, 1, 2, 0
108954, 2, 2, 2, 0, 2, 0
109108, 1, 2, 2, 0, 1, 0
110571, 2, 1, 1, 0, 2, 0
2221, 1, 0, 0, 0, 0, 1
2222, 13, 24, 21, 3, 13, 0
30984, 0, 2, 2, 0, 0, 0
85246, 2, 2, 2, 0, 1, 1
88028, 6, 6, 6, 0, 6, 0
2223, 1, 0, 0, 0, 1, 0
30395, 100, 9, 3, 6, 19, 81
34233, 12, 3, 3, 0, 11, 1
42104, 8, 2, 0, 2, 8, 0
49374, 3, 13, 6, 7, 3, 0
52900, 6, 10, 10, 0, 6, 0
54304, 3, 6, 1, 5, 3, 0
66441, 1, 1, 1, 0, 1, 0
87770, 4, 5, 5, 0, 3, 1
92639, 0, 1, 0, 1, 0, 0
92640, 0, 1, 0, 1, 0, 0
2225, 1, 0, 0, 0, 1, 0
2226, 1, 0, 0, 0, 1, 0
45001, 0, 1, 0, 1, 0, 0
45002, 0, 1, 0, 1, 0, 0
100597, 3, 3, 3, 0, 2, 1
2228, 1, 0, 0, 0, 1, 0
2229, 1, 0, 0, 0, 1, 0
2230, 1, 1, 1, 0, 1, 0
2231, 1, 3, 2, 1, 1, 0
2232, 2, 1, 1, 0, 1, 1
2233, 0, 2, 2, 0, 0, 0
2234, 0, 1, 0, 1, 0, 0
2236, 1, 0, 0, 0, 0, 1
2238, 0, 6, 6, 0, 0, 0
2239, 1, 0, 0, 0, 1, 0
19681, 1, 2, 1, 1, 1, 0
19683, 4, 11, 4, 7, 3, 1
2242, 8, 3, 3, 0, 7, 1
3740, 6, 2, 2, 0, 6, 0
3742, 4, 4, 4, 0, 3, 1
3743, 0, 4, 4, 0, 0, 0
106285, 0, 1, 0, 1, 0, 0
3526, 71, 39, 38, 1, 62, 9
6209, 1, 6, 6, 0, 1, 0
8361, 6, 7, 6, 1, 5, 1
10933, 60, 23, 22, 1, 53, 7
17941, 1, 1, 1, 0, 1, 0
23122, 1, 1, 1, 0, 1, 0
23802, 7, 9, 9, 0, 6, 1
31875, 7, 9, 9, 0, 7, 0
31897, 47, 13, 13, 0, 38, 9
35012, 6, 11, 11, 0, 6, 0
40014, 14, 15, 14, 1, 14, 0
47207, 47, 47, 46, 1, 47, 0
47385, 3, 5, 5, 0, 3, 0
48412, 1, 1, 1, 0, 0, 1
57202, 1, 1, 1, 0, 1, 0
65124, 0, 1, 1, 0, 0, 0
65125, 0, 1, 1, 0, 0, 0
65126, 0, 2, 2, 0, 0, 0
65127, 0, 1, 1, 0, 0, 0
65128, 0, 1, 1, 0, 0, 0
65129, 0, 1, 1, 0, 0, 0
97897, 0, 1, 1, 0, 0, 0
48673, 3, 1, 1, 0, 2, 1
69575, 2, 5, 5, 0, 2, 0
3987, 1, 3, 1, 2, 0, 1
32183, 16, 7, 7, 0, 16, 0
81864, 3, 1, 0, 1, 3, 0
114757, 3, 2, 2, 0, 3, 0
126765, 0, 1, 0, 1, 0, 0
127137, 0, 1, 0, 1, 0, 0
128244, 0, 1, 0, 1, 0, 0
128836, 1, 1, 0, 1, 1, 0
129176, 0, 1, 0, 1, 0, 0
2249, 0, 1, 1, 0, 0, 0
23070, 10, 10, 10, 0, 9, 1
24083, 0, 3, 3, 0, 0, 0
26610, 11, 4, 4, 0, 9, 2
32469, 28, 5, 5, 0, 26, 2
33733, 0, 2, 2, 0, 0, 0
33734, 3, 4, 1, 3, 3, 0
38011, 0, 4, 2, 2, 0, 0
47605, 4, 7, 7, 0, 4, 0
53062, 5, 5, 5, 0, 5, 0
55596, 5, 3, 3, 0, 4, 1
65349, 1, 4, 4, 0, 1, 0
33950, 13, 4, 4, 0, 13, 0
8494, 27, 25, 24, 1, 27, 0
13930, 49, 29, 29, 0, 49, 0
16079, 56, 27, 27, 0, 55, 1
16897, 9, 11, 11, 0, 9, 0
17237, 38, 36, 36, 0, 38, 0
17238, 33, 32, 32, 0, 33, 0
17715, 40, 30, 29, 1, 40, 0
17716, 38, 34, 34, 0, 38, 0
17717, 45, 32, 32, 0, 45, 0
17719, 20, 18, 18, 0, 20, 0
17720, 29, 26, 26, 0, 29, 0
18017, 42, 33, 33, 0, 42, 0
18018, 118, 111, 111, 0, 118, 0
18500, 34, 28, 27, 1, 34, 0
18504, 37, 24, 24, 0, 37, 0
18505, 33, 25, 25, 0, 33, 0
18878, 0, 1, 0, 1, 0, 0
108368, 7, 6, 6, 0, 7, 0
108407, 1, 1, 1, 0, 1, 0
15457, 10, 7, 6, 1, 8, 2
19819, 12, 12, 5, 7, 11, 1
28194, 0, 2, 0, 2, 0, 0
34293, 5, 10, 10, 0, 4, 1
37643, 1, 7, 0, 7, 1, 0
41650, 12, 23, 22, 1, 12, 0
48539, 0, 7, 0, 7, 0, 0
50434, 0, 5, 0, 5, 0, 0
54465, 0, 5, 0, 5, 0, 0
56152, 0, 31, 25, 6, 0, 0
57195, 1, 12, 2, 10, 1, 0
67996, 5, 5, 4, 1, 5, 0
92271, 0, 3, 0, 3, 0, 0
92277, 0, 1, 0, 1, 0, 0
92278, 0, 2, 0, 2, 0, 0
92279, 0, 1, 0, 1, 0, 0
92280, 0, 1, 1, 0, 0, 0
92281, 0, 1, 0, 1, 0, 0
6172, 1, 2, 2, 0, 1, 0
6173, 2, 2, 2, 0, 2, 0
6179, 3, 81, 79, 2, 2, 1
24524, 11, 11, 11, 0, 11, 0
58430, 19, 8, 8, 0, 16, 3
94172, 2, 2, 2, 0, 2, 0
94297, 16, 3, 3, 0, 15, 1
94872, 4, 1, 1, 0, 4, 0
96204, 0, 2, 2, 0, 0, 0
97865, 3, 5, 5, 0, 3, 0
24621, 108, 59, 58, 1, 108, 0
55354, 25, 39, 38, 1, 25, 0
62138, 5, 40, 40, 0, 5, 0
64438, 40, 22, 22, 0, 40, 0
67898, 12, 22, 21, 1, 12, 0
70233, 14, 14, 14, 0, 14, 0
75914, 0, 4, 4, 0, 0, 0
75915, 8, 8, 8, 0, 8, 0
79537, 5, 4, 3, 1, 5, 0
80367, 0, 1, 1, 0, 0, 0
13249, 6, 7, 7, 0, 5, 1
26859, 0, 1, 1, 0, 0, 0
82600, 2, 5, 5, 0, 2, 0
96799, 1, 1, 1, 0, 0, 1
102278, 5, 4, 4, 0, 3, 2
102393, 0, 3, 3, 0, 0, 0
102570, 3, 2, 2, 0, 3, 0
102900, 5, 8, 8, 0, 5, 0
103203, 0, 1, 1, 0, 0, 0
103204, 1, 1, 1, 0, 1, 0
103731, 0, 1, 1, 0, 0, 0
103739, 0, 1, 1, 0, 0, 0
105350, 0, 1, 0, 1, 0, 0
21791, 5, 2, 2, 0, 4, 1
108458, 5, 5, 4, 1, 5, 0
17084, 6, 7, 4, 3, 6, 0
6234, 5, 8, 4, 4, 5, 0
19755, 1, 2, 1, 1, 1, 0
30637, 3, 3, 2, 1, 3, 0
35136, 4, 3, 2, 1, 4, 0
96382, 2, 11, 10, 1, 1, 1
100383, 15, 12, 8, 4, 11, 4
100513, 1, 3, 1, 2, 1, 0
100763, 0, 1, 0, 1, 0, 0
100764, 0, 1, 0, 1, 0, 0
100765, 0, 2, 1, 1, 0, 0
106880, 0, 1, 0, 1, 0, 0
108620, 1, 5, 4, 1, 1, 0
109267, 3, 3, 2, 1, 3, 0
111134, 2, 2, 1, 1, 2, 0
113523, 0, 2, 0, 2, 0, 0
115527, 1, 1, 0, 1, 1, 0
115528, 0, 2, 1, 1, 0, 0
115740, 6, 3, 1, 2, 6, 0
2407, 3, 1, 1, 0, 3, 0
17641, 5, 5, 5, 0, 5, 0
97607, 5, 6, 5, 1, 5, 0
100781, 8, 10, 10, 0, 8, 0
102444, 3, 2, 2, 0, 3, 0
102753, 3, 3, 3, 0, 3, 0
103533, 5, 2, 2, 0, 5, 0
28002, 2, 2, 2, 0, 2, 0
30994, 0, 4, 3, 1, 0, 0
36442, 8, 4, 4, 0, 8, 0
41752, 11, 5, 5, 0, 11, 0
95689, 1, 1, 1, 0, 0, 1
97474, 8, 5, 5, 0, 8, 0
98538, 0, 5, 5, 0, 0, 0
99036, 4, 3, 3, 0, 4, 0
99595, 10, 4, 4, 0, 10, 0
101062, 3, 3, 3, 0, 3, 0
103710, 1, 4, 4, 0, 1, 0
124945, 0, 5, 4, 1, 0, 0
5715, 4, 4, 4, 0, 4, 0
74618, 26, 9, 8, 1, 26, 0
76795, 2, 4, 3, 1, 2, 0
30447, 5, 4, 4, 0, 5, 0
17900, 0, 3, 0, 3, 0, 0
22297, 0, 3, 3, 0, 0, 0
23205, 0, 4, 1, 3, 0, 0
24339, 9, 7, 6, 1, 9, 0
27551, 2, 1, 1, 0, 2, 0
28640, 5, 1, 1, 0, 5, 0
32147, 0, 4, 0, 4, 0, 0
34960, 9, 19, 16, 3, 8, 1
34961, 0, 1, 1, 0, 0, 0
34967, 0, 5, 0, 5, 0, 0
34968, 0, 3, 0, 3, 0, 0
122812, 2, 2, 1, 1, 2, 0
12394, 31, 16, 15, 1, 31, 0
26386, 0, 5, 4, 1, 0, 0
33203, 8, 7, 7, 0, 4, 4
42784, 1, 1, 0, 1, 1, 0
43842, 2, 7, 7, 0, 2, 0
47474, 0, 8, 0, 8, 0, 0
50887, 13, 10, 7, 3, 9, 4
88345, 0, 1, 0, 1, 0, 0
88346, 0, 1, 0, 1, 0, 0
88347, 0, 1, 0, 1, 0, 0
88348, 0, 1, 0, 1, 0, 0
93303, 1, 1, 0, 1, 1, 0
22266, 0, 5, 0, 5, 0, 0
25109, 0, 5, 0, 5, 0, 0
30922, 0, 3, 0, 3, 0, 0
48093, 0, 2, 0, 2, 0, 0
52127, 0, 2, 0, 2, 0, 0
52129, 0, 2, 0, 2, 0, 0
52130, 0, 4, 0, 4, 0, 0
52132, 0, 3, 0, 3, 0, 0
109953, 0, 1, 0, 1, 0, 0
7876, 2, 9, 2, 7, 1, 1
27272, 0, 10, 10, 0, 0, 0
46637, 0, 5, 2, 3, 0, 0
57446, 2, 23, 13, 10, 2, 0
61723, 0, 5, 0, 5, 0, 0
62636, 0, 5, 0, 5, 0, 0
78358, 0, 2, 0, 2, 0, 0
93042, 0, 1, 0, 1, 0, 0
93043, 0, 1, 0, 1, 0, 0
99407, 0, 2, 1, 1, 0, 0
100278, 1, 3, 2, 1, 1, 0
107516, 0, 1, 0, 1, 0, 0
114869, 0, 2, 1, 1, 0, 0
117094, 0, 4, 0, 4, 0, 0
123260, 0, 2, 0, 2, 0, 0
123371, 0, 2, 0, 2, 0, 0
123424, 0, 1, 0, 1, 0, 0
123425, 0, 2, 0, 2, 0, 0
125658, 0, 1, 0, 1, 0, 0
9539, 1, 1, 1, 0, 1, 0
8143, 31, 22, 15, 7, 31, 0
51990, 26, 30, 30, 0, 23, 3
52995, 11, 12, 11, 1, 11, 0
55887, 3, 5, 4, 1, 3, 0
57870, 2, 2, 2, 0, 2, 0
81211, 0, 3, 1, 2, 0, 0
81212, 0, 1, 1, 0, 0, 0
4365, 40, 11, 10, 1, 8, 32
16576, 1, 1, 0, 1, 0, 1
36699, 45, 25, 24, 1, 45, 0
36700, 0, 2, 1, 1, 0, 0
4328, 0, 3, 0, 3, 0, 0
17029, 0, 4, 0, 4, 0, 0
24648, 8, 5, 3, 2, 8, 0
34878, 1, 1, 0, 1, 0, 1
41084, 28, 8, 7, 1, 28, 0
54430, 3, 5, 3, 2, 3, 0
57682, 0, 2, 0, 2, 0, 0
63735, 6, 2, 0, 2, 4, 2
68387, 29, 17, 16, 1, 29, 0
91617, 0, 1, 0, 1, 0, 0
91618, 0, 1, 0, 1, 0, 0
91619, 0, 1, 0, 1, 0, 0
91621, 0, 1, 0, 1, 0, 0
97387, 1, 2, 1, 1, 1, 0
101641, 2, 5, 3, 2, 2, 0
110780, 1, 2, 1, 1, 1, 0
111368, 2, 1, 0, 1, 2, 0
114145, 1, 2, 0, 2, 1, 0
114436, 0, 3, 0, 3, 0, 0
115175, 0, 1, 0, 1, 0, 0
115687, 0, 1, 0, 1, 0, 0
115867, 0, 1, 0, 1, 0, 0
116857, 0, 1, 0, 1, 0, 0
117157, 1, 2, 1, 1, 1, 0
117604, 0, 1, 0, 1, 0, 0
119052, 0, 1, 0, 1, 0, 0
122802, 0, 1, 0, 1, 0, 0
124669, 1, 2, 0, 2, 0, 1
124672, 0, 1, 0, 1, 0, 0
126323, 1, 1, 0, 1, 1, 0
127024, 0, 1, 0, 1, 0, 0
127952, 0, 1, 0, 1, 0, 0
129173, 0, 1, 0, 1, 0, 0
129227, 0, 1, 0, 1, 0, 0
129379, 0, 1, 0, 1, 0, 0
129380, 0, 1, 0, 1, 0, 0
129381, 0, 1, 0, 1, 0, 0
130184, 0, 1, 0, 1, 0, 0
130358, 0, 1, 0, 1, 0, 0
130446, 0, 3, 0, 3, 0, 0
131152, 0, 1, 0, 1, 0, 0
8384, 7, 4, 4, 0, 7, 0
9859, 5, 3, 3, 0, 5, 0
11048, 14, 29, 27, 2, 14, 0
11282, 25, 8, 7, 1, 21, 4
15642, 13, 12, 12, 0, 12, 1
19183, 15, 12, 12, 0, 14, 1
21858, 12, 14, 13, 1, 12, 0
22453, 20, 5, 5, 0, 19, 1
24807, 19, 7, 7, 0, 19, 0
28855, 32, 11, 5, 6, 18, 14
30992, 92, 20, 19, 1, 87, 5
32098, 13, 14, 12, 2, 13, 0
34575, 15, 9, 8, 1, 15, 0
41468, 29, 8, 8, 0, 14, 15
41888, 37, 7, 7, 0, 34, 3
46312, 0, 1, 1, 0, 0, 0
46313, 3, 4, 4, 0, 3, 0
46314, 0, 3, 0, 3, 0, 0
46315, 27, 35, 35, 0, 27, 0
48735, 23, 7, 7, 0, 23, 0
68742, 6, 6, 6, 0, 6, 0
82018, 5, 2, 2, 0, 5, 0
94445, 9, 3, 3, 0, 8, 1
14595, 1, 1, 1, 0, 1, 0
23941, 4, 4, 4, 0, 3, 1
29442, 7, 3, 3, 0, 7, 0
38155, 2, 1, 1, 0, 2, 0
52156, 4, 2, 2, 0, 4, 0
63828, 16, 5, 5, 0, 16, 0
80052, 2, 1, 1, 0, 1, 1
5598, 10, 15, 15, 0, 10, 0
6950, 26, 13, 10, 3, 24, 2
7994, 8, 3, 2, 1, 8, 0
10783, 31, 19, 19, 0, 29, 2
11728, 388, 149, 137, 12, 388, 0
11868, 0, 75, 73, 2, 0, 0
15325, 23, 19, 18, 1, 18, 5
19560, 17, 10, 9, 1, 16, 1
24114, 18, 19, 19, 0, 18, 0
24149, 18, 16, 16, 0, 18, 0
30172, 17, 6, 6, 0, 17, 0
31136, 81, 55, 55, 0, 81, 0
31896, 1, 1, 0, 1, 1, 0
46434, 17, 8, 8, 0, 10, 7
48195, 0, 6, 4, 2, 0, 0
48316, 2, 1, 1, 0, 2, 0
49503, 25, 7, 7, 0, 22, 3
49725, 9, 8, 8, 0, 9, 0
51424, 7, 3, 3, 0, 7, 0
51442, 3, 2, 2, 0, 3, 0
51783, 5, 5, 5, 0, 5, 0
51887, 9, 4, 4, 0, 8, 1
53419, 27, 9, 8, 1, 27, 0
54229, 11, 2, 2, 0, 11, 0
56960, 2, 3, 3, 0, 2, 0
58676, 8, 4, 4, 0, 8, 0
74158, 0, 6, 0, 6, 0, 0
82379, 4, 2, 2, 0, 4, 0
93354, 2, 1, 1, 0, 2, 0
104304, 4, 3, 1, 2, 4, 0
35798, 0, 3, 0, 3, 0, 0
35799, 0, 3, 0, 3, 0, 0
35800, 0, 1, 0, 1, 0, 0
112802, 0, 2, 0, 2, 0, 0
118212, 2, 9, 8, 1, 1, 1
121066, 3, 4, 3, 1, 2, 1
123135, 1, 2, 0, 2, 1, 0
124956, 0, 1, 0, 1, 0, 0
125608, 0, 1, 0, 1, 0, 0
127706, 0, 1, 0, 1, 0, 0
22587, 1, 9, 1, 8, 1, 0
27288, 0, 2, 0, 2, 0, 0
50514, 2, 3, 0, 3, 2, 0
3011, 12, 16, 15, 1, 12, 0
12136, 67, 57, 57, 0, 67, 0
13230, 9, 14, 14, 0, 9, 0
57848, 31, 19, 19, 0, 31, 0
62841, 1, 8, 8, 0, 1, 0
67536, 10, 7, 7, 0, 10, 0
68292, 12, 5, 5, 0, 12, 0
71591, 7, 11, 11, 0, 7, 0
73979, 0, 1, 1, 0, 0, 0
2298, 175, 48, 45, 3, 175, 0
2299, 11, 21, 21, 0, 11, 0
2302, 0, 4, 4, 0, 0, 0
2303, 11, 6, 5, 1, 11, 0
2307, 0, 1, 1, 0, 0, 0
8885, 9, 8, 8, 0, 9, 0
26241, 9, 9, 9, 0, 9, 0
27851, 6, 4, 4, 0, 6, 0
82862, 3, 4, 4, 0, 3, 0
12194, 9, 7, 4, 3, 9, 0
20021, 5, 12, 10, 2, 4, 1
48578, 0, 2, 2, 0, 0, 0
54058, 0, 3, 3, 0, 0, 0
57085, 2, 1, 1, 0, 2, 0
115360, 9, 6, 5, 1, 9, 0
115991, 3, 2, 2, 0, 3, 0
116256, 2, 1, 1, 0, 2, 0
116258, 0, 2, 2, 0, 0, 0
116259, 0, 1, 1, 0, 0, 0
116260, 0, 1, 1, 0, 0, 0
116261, 0, 1, 1, 0, 0, 0
116262, 0, 1, 1, 0, 0, 0
116263, 0, 1, 1, 0, 0, 0
116264, 0, 1, 1, 0, 0, 0
116265, 0, 1, 1, 0, 0, 0
116266, 0, 1, 1, 0, 0, 0
116267, 0, 1, 1, 0, 0, 0
116268, 0, 1, 1, 0, 0, 0
116269, 0, 1, 1, 0, 0, 0
116270, 0, 1, 1, 0, 0, 0
116271, 0, 1, 1, 0, 0, 0
116272, 0, 1, 1, 0, 0, 0
116273, 0, 1, 1, 0, 0, 0
116274, 0, 1, 1, 0, 0, 0
116275, 0, 1, 1, 0, 0, 0
116276, 0, 1, 1, 0, 0, 0
116277, 0, 1, 1, 0, 0, 0
37165, 0, 12, 12, 0, 0, 0
43232, 2, 8, 0, 8, 2, 0
43237, 1, 1, 0, 1, 1, 0
43242, 2, 1, 0, 1, 2, 0
92583, 0, 1, 0, 1, 0, 0
92584, 0, 1, 0, 1, 0, 0
92585, 0, 1, 0, 1, 0, 0
92586, 0, 1, 0, 1, 0, 0
92587, 0, 1, 0, 1, 0, 0
96623, 0, 1, 1, 0, 0, 0
109806, 0, 2, 2, 0, 0, 0
110160, 0, 1, 1, 0, 0, 0
7727, 6, 19, 18, 1, 5, 1
9356, 0, 5, 4, 1, 0, 0
81811, 0, 1, 1, 0, 0, 0
114616, 2, 4, 3, 1, 2, 0
11747, 0, 1, 1, 0, 0, 0
11749, 6, 1, 1, 0, 6, 0
11750, 1, 3, 3, 0, 1, 0
11752, 0, 3, 3, 0, 0, 0
11754, 1, 1, 1, 0, 1, 0
11755, 4, 3, 3, 0, 4, 0
11758, 0, 1, 1, 0, 0, 0
11759, 13, 11, 9, 2, 13, 0
4014, 33, 21, 21, 0, 33, 0
9205, 1, 15, 15, 0, 1, 0
11909, 147, 46, 45, 1, 147, 0
20073, 4, 19, 19, 0, 4, 0
24552, 121, 34, 34, 0, 121, 0
28749, 51, 12, 12, 0, 51, 0
29150, 26, 15, 15, 0, 26, 0
29872, 10, 24, 24, 0, 10, 0
29875, 4, 11, 11, 0, 4, 0
30991, 14, 29, 29, 0, 14, 0
40808, 25, 28, 28, 0, 25, 0
43743, 15, 32, 32, 0, 15, 0
44274, 7, 10, 7, 3, 4, 3
44779, 62, 64, 64, 0, 62, 0
44866, 48, 15, 13, 2, 48, 0
45231, 17, 20, 19, 1, 17, 0
49227, 40, 18, 18, 0, 40, 0
55144, 8, 9, 8, 1, 8, 0
55491, 3, 22, 22, 0, 3, 0
55811, 133, 36, 34, 2, 133, 0
55920, 5, 8, 7, 1, 5, 0
56052, 4, 10, 9, 1, 4, 0
56439, 53, 29, 29, 0, 53, 0
56582, 145, 29, 27, 2, 145, 0
56815, 15, 16, 15, 1, 13, 2
58225, 26, 8, 8, 0, 26, 0
58226, 36, 9, 9, 0, 36, 0
58398, 20, 27, 27, 0, 20, 0
58908, 14, 15, 14, 1, 14, 0
58957, 21, 12, 12, 0, 21, 0
61040, 11, 8, 8, 0, 11, 0
61048, 6, 6, 6, 0, 6, 0
62380, 1, 1, 1, 0, 1, 0
62448, 1, 1, 1, 0, 1, 0
62449, 1, 2, 2, 0, 1, 0
63467, 36, 14, 14, 0, 36, 0
67016, 6, 4, 4, 0, 6, 0
67017, 4, 3, 3, 0, 4, 0
67019, 26, 11, 11, 0, 26, 0
18000, 12, 17, 13, 4, 12, 0
18746, 9, 26, 25, 1, 9, 0
24918, 22, 20, 15, 5, 22, 0
71254, 4, 3, 3, 0, 4, 0
5428, 50, 14, 14, 0, 34, 16
5842, 12, 23, 22, 1, 12, 0
6159, 5, 7, 7, 0, 5, 0
7192, 37, 27, 26, 1, 37, 0
7545, 1, 7, 5, 2, 1, 0
11637, 133, 28, 27, 1, 133, 0
14560, 3, 13, 12, 1, 3, 0
15073, 13, 22, 21, 1, 13, 0
15645, 12, 11, 11, 0, 12, 0
18210, 5, 4, 4, 0, 4, 1
21149, 8, 13, 12, 1, 6, 2
22076, 15, 28, 28, 0, 15, 0
22344, 14, 16, 14, 2, 13, 1
24153, 20, 19, 19, 0, 19, 1
24523, 239, 19, 19, 0, 236, 3
24616, 12, 30, 30, 0, 12, 0
24618, 22, 25, 25, 0, 22, 0
24723, 0, 10, 10, 0, 0, 0
24729, 24, 6, 5, 1, 24, 0
26703, 2, 3, 3, 0, 2, 0
26983, 2, 4, 4, 0, 2, 0
29460, 38, 32, 31, 1, 38, 0
29871, 189, 48, 47, 1, 189, 0
29895, 249, 37, 31, 6, 249, 0
29904, 65, 47, 44, 3, 55, 10
29943, 134, 43, 42, 1, 134, 0
31116, 5, 12, 11, 1, 5, 0
32221, 10, 14, 14, 0, 10, 0
32447, 9, 37, 33, 4, 9, 0
33774, 0, 6, 6, 0, 0, 0
34100, 0, 3, 3, 0, 0, 0
35556, 65, 13, 13, 0, 65, 0
35565, 22, 6, 5, 1, 22, 0
35633, 76, 37, 37, 0, 76, 0
35858, 9, 22, 20, 2, 9, 0
38690, 1, 3, 3, 0, 1, 0
40536, 3, 5, 5, 0, 3, 0
40542, 1, 9, 9, 0, 1, 0
40544, 6, 6, 6, 0, 5, 1
40547, 4, 4, 4, 0, 3, 1
40548, 3, 5, 5, 0, 3, 0
42536, 0, 10, 9, 1, 0, 0
42778, 32, 20, 19, 1, 32, 0
43363, 9, 5, 5, 0, 8, 1
43759, 21, 4, 4, 0, 21, 0
44734, 11, 20, 18, 2, 11, 0
45813, 55, 30, 26, 4, 54, 1
50317, 38, 26, 26, 0, 38, 0
50318, 1, 17, 17, 0, 1, 0
50384, 1, 2, 2, 0, 1, 0
50885, 2, 116, 112, 4, 2, 0
51062, 17, 33, 32, 1, 16, 1
51151, 4, 13, 13, 0, 4, 0
51152, 0, 12, 12, 0, 0, 0
51615, 2, 2, 2, 0, 2, 0
52691, 3, 2, 2, 0, 3, 0
52763, 2, 1, 1, 0, 2, 0
53886, 4, 1, 1, 0, 3, 1
53981, 9, 2, 2, 0, 9, 0
53982, 0, 3, 3, 0, 0, 0
53983, 5, 13, 12, 1, 5, 0
54763, 15, 6, 6, 0, 15, 0
54936, 2, 3, 2, 1, 0, 2
56051, 3, 18, 17, 1, 3, 0
56543, 15, 8, 8, 0, 14, 1
56545, 2, 2, 2, 0, 2, 0
56546, 0, 1, 1, 0, 0, 0
56547, 0, 1, 1, 0, 0, 0
56548, 2, 3, 3, 0, 2, 0
56549, 0, 1, 1, 0, 0, 0
56550, 6, 2, 2, 0, 6, 0
56551, 1, 11, 11, 0, 1, 0
56552, 0, 2, 2, 0, 0, 0
56554, 7, 4, 4, 0, 7, 0
56555, 76, 16, 16, 0, 76, 0
56556, 0, 1, 1, 0, 0, 0
56557, 2, 4, 4, 0, 2, 0
56560, 2, 2, 2, 0, 2, 0
56561, 3, 5, 5, 0, 3, 0
56562, 6, 11, 11, 0, 6, 0
56563, 0, 1, 1, 0, 0, 0
56564, 1, 6, 6, 0, 0, 1
56565, 4, 2, 2, 0, 4, 0
56566, 4, 3, 3, 0, 4, 0
56567, 21, 21, 21, 0, 21, 0
56568, 11, 10, 10, 0, 11, 0
56569, 18, 11, 10, 1, 18, 0
56570, 2, 2, 2, 0, 2, 0
56571, 0, 2, 2, 0, 0, 0
56572, 1, 1, 1, 0, 1, 0
56573, 1, 3, 3, 0, 1, 0
56574, 4, 6, 6, 0, 4, 0
56575, 3, 3, 3, 0, 3, 0
56576, 3, 6, 6, 0, 3, 0
56577, 3, 4, 4, 0, 3, 0
56578, 3, 13, 13, 0, 3, 0
56580, 1, 7, 7, 0, 1, 0
56583, 4, 5, 5, 0, 4, 0
56585, 19, 13, 13, 0, 19, 0
56587, 11, 7, 7, 0, 11, 0
56588, 2, 1, 1, 0, 2, 0
56590, 1, 4, 4, 0, 1, 0
56591, 0, 5, 5, 0, 0, 0
56592, 5, 1, 1, 0, 5, 0
56594, 22, 18, 17, 1, 22, 0
56596, 0, 3, 3, 0, 0, 0
56597, 4, 4, 4, 0, 4, 0
56598, 3, 12, 12, 0, 3, 0
56599, 6, 2, 2, 0, 6, 0
56600, 1, 2, 2, 0, 1, 0
56601, 0, 7, 7, 0, 0, 0
56602, 40, 20, 20, 0, 40, 0
56603, 2, 6, 6, 0, 2, 0
56604, 1, 2, 2, 0, 1, 0
56605, 0, 2, 2, 0, 0, 0
56606, 2, 1, 1, 0, 2, 0
56607, 27, 2, 1, 1, 5, 22
56608, 3, 13, 13, 0, 3, 0
56609, 3, 15, 15, 0, 3, 0
56610, 23, 9, 9, 0, 23, 0
2847, 10, 6, 6, 0, 10, 0
6137, 49, 11, 8, 3, 48, 1
12050, 77, 26, 26, 0, 76, 1
12861, 8, 2, 2, 0, 8, 0
18634, 5, 12, 9, 3, 4, 1
21165, 58, 13, 12, 1, 58, 0
22217, 111, 20, 15, 5, 111, 0
22852, 268, 70, 67, 3, 268, 0
24420, 3, 7, 4, 3, 2, 1
24443, 6, 20, 19, 1, 6, 0
24732, 0, 3, 3, 0, 0, 0
24891, 12, 11, 11, 0, 11, 1
26882, 0, 2, 2, 0, 0, 0
28884, 9, 17, 15, 2, 9, 0
29880, 16, 7, 7, 0, 16, 0
29883, 18, 29, 27, 2, 18, 0
30899, 193, 132, 127, 5, 192, 1
31559, 31, 22, 20, 2, 31, 0
31574, 1, 6, 6, 0, 1, 0
36950, 18, 27, 24, 3, 18, 0
38324, 232, 51, 41, 10, 232, 0
38988, 77, 22, 21, 1, 77, 0
39659, 136, 20, 20, 0, 136, 0
40107, 10, 4, 3, 1, 10, 0
42886, 1, 3, 1, 2, 1, 0
43763, 3, 3, 3, 0, 3, 0
44808, 57, 34, 34, 0, 57, 0
45979, 10, 8, 8, 0, 10, 0
46549, 20, 16, 15, 1, 20, 0
50289, 22, 14, 12, 2, 21, 1
50645, 25, 8, 8, 0, 25, 0
51613, 2, 1, 1, 0, 2, 0
52033, 6, 6, 6, 0, 6, 0
52897, 26, 32, 31, 1, 26, 0
53826, 39, 11, 11, 0, 39, 0
53828, 43, 13, 13, 0, 43, 0
54710, 2, 1, 1, 0, 2, 0
55970, 0, 3, 2, 1, 0, 0
56300, 27, 18, 18, 0, 26, 1
57488, 2, 4, 4, 0, 2, 0
57674, 12, 8, 7, 1, 12, 0
58062, 2, 2, 2, 0, 2, 0
58229, 49, 11, 10, 1, 49, 0
58368, 6, 6, 5, 1, 6, 0
58507, 14, 5, 5, 0, 14, 0
58556, 11, 2, 2, 0, 9, 2
59299, 1, 1, 1, 0, 1, 0
59300, 3, 5, 5, 0, 3, 0
59696, 2, 1, 1, 0, 2, 0
59945, 11, 4, 3, 1, 11, 0
59978, 57, 23, 23, 0, 57, 0
60485, 2, 2, 2, 0, 2, 0
60486, 6, 3, 3, 0, 6, 0
60681, 1, 3, 3, 0, 1, 0
60890, 2, 3, 1, 2, 2, 0
61565, 4, 4, 4, 0, 4, 0
61566, 17, 8, 8, 0, 17, 0
62204, 10, 3, 3, 0, 10, 0
62376, 10, 10, 10, 0, 10, 0
63061, 2, 1, 1, 0, 2, 0
63803, 29, 3, 3, 0, 29, 0
64263, 24, 5, 5, 0, 24, 0
64292, 1, 6, 6, 0, 1, 0
64596, 7, 2, 2, 0, 7, 0
64749, 17, 9, 9, 0, 17, 0
64798, 1, 1, 1, 0, 1, 0
68073, 0, 2, 2, 0, 0, 0
69577, 6, 3, 3, 0, 6, 0
70703, 6, 9, 9, 0, 6, 0
70704, 5, 6, 6, 0, 5, 0
70705, 0, 2, 2, 0, 0, 0
70706, 0, 1, 1, 0, 0, 0
70707, 2, 2, 2, 0, 2, 0
70708, 6, 2, 2, 0, 6, 0
70709, 2, 4, 4, 0, 2, 0
70710, 3, 2, 2, 0, 3, 0
70711, 4, 4, 4, 0, 4, 0
70712, 0, 1, 1, 0, 0, 0
70713, 0, 2, 2, 0, 0, 0
70714, 0, 1, 1, 0, 0, 0
93429, 1, 1, 1, 0, 1, 0
70141, 2, 12, 11, 1, 2, 0
7499, 5, 3, 3, 0, 5, 0
9089, 5, 1, 1, 0, 5, 0
15435, 14, 9, 9, 0, 14, 0
15455, 6, 5, 5, 0, 6, 0
18919, 6, 6, 5, 1, 6, 0
18920, 10, 7, 6, 1, 9, 1
18922, 59, 16, 16, 0, 59, 0
18923, 9, 4, 4, 0, 9, 0
25442, 1, 4, 3, 1, 1, 0
29178, 8, 7, 7, 0, 8, 0
30911, 0, 5, 4, 1, 0, 0
57747, 0, 3, 2, 1, 0, 0
81415, 2, 2, 2, 0, 2, 0
95867, 1, 1, 1, 0, 1, 0
107689, 2, 4, 3, 1, 2, 0
107898, 0, 1, 1, 0, 0, 0
108851, 0, 1, 1, 0, 0, 0
109209, 0, 1, 1, 0, 0, 0
9312, 1, 2, 2, 0, 1, 0
42069, 0, 1, 1, 0, 0, 0
2310, 2, 0, 0, 0, 2, 0
2312, 1, 1, 1, 0, 1, 0
3051, 1, 2, 2, 0, 1, 0
11023, 5, 17, 14, 3, 5, 0
19903, 0, 5, 0, 5, 0, 0
19904, 0, 3, 0, 3, 0, 0
19905, 0, 1, 0, 1, 0, 0
29287, 24, 11, 11, 0, 23, 1
74268, 0, 2, 2, 0, 0, 0
2317, 1, 0, 0, 0, 0, 1
2318, 0, 1, 0, 1, 0, 0
2319, 1, 0, 0, 0, 1, 0
2321, 1, 0, 0, 0, 0, 1
2322, 39, 30, 28, 2, 36, 3
30605, 10, 41, 40, 1, 8, 2
47251, 1, 1, 1, 0, 1, 0
52023, 2, 6, 6, 0, 2, 0
60144, 0, 29, 27, 2, 0, 0
61993, 1, 5, 5, 0, 1, 0
62693, 5, 2, 1, 1, 5, 0
70130, 1, 1, 1, 0, 1, 0
77294, 2, 3, 3, 0, 2, 0
82579, 0, 1, 1, 0, 0, 0
2323, 1, 0, 0, 0, 0, 1
2326, 1, 0, 0, 0, 1, 0
2327, 1, 0, 0, 0, 1, 0
2328, 1, 1, 1, 0, 0, 1
59701, 0, 1, 1, 0, 0, 0
2330, 3, 0, 0, 0, 3, 0
14546, 20, 52, 50, 2, 20, 0
23865, 9, 16, 9, 7, 8, 1
30402, 16, 11, 11, 0, 16, 0
53987, 29, 22, 21, 1, 29, 0
61801, 45, 27, 26, 1, 44, 1
73263, 5, 4, 4, 0, 5, 0
2333, 1, 1, 1, 0, 0, 1
4163, 1, 3, 3, 0, 1, 0
16455, 14, 24, 24, 0, 11, 3
18577, 0, 4, 1, 3, 0, 0
19657, 1, 2, 1, 1, 1, 0
22679, 0, 2, 1, 1, 0, 0
25631, 2, 6, 2, 4, 2, 0
43037, 3, 8, 2, 6, 3, 0
43300, 0, 3, 0, 3, 0, 0
44499, 5, 5, 5, 0, 5, 0
59488, 1, 6, 3, 3, 1, 0
63234, 0, 2, 1, 1, 0, 0
63235, 0, 2, 0, 2, 0, 0
97521, 1, 6, 1, 5, 1, 0
101192, 0, 1, 0, 1, 0, 0
103797, 0, 3, 1, 2, 0, 0
104561, 0, 1, 0, 1, 0, 0
107052, 1, 3, 0, 3, 1, 0
110526, 0, 1, 0, 1, 0, 0
118195, 0, 1, 0, 1, 0, 0
25010, 5, 6, 5, 1, 5, 0
6551, 0, 2, 1, 1, 0, 0
10779, 0, 1, 1, 0, 0, 0
10781, 2, 3, 2, 1, 2, 0
10786, 0, 1, 1, 0, 0, 0
96093, 0, 3, 3, 0, 0, 0
96150, 3, 1, 1, 0, 3, 0
96736, 3, 3, 3, 0, 3, 0
25536, 8, 2, 2, 0, 6, 2
16968, 0, 3, 0, 3, 0, 0
35082, 2, 1, 0, 1, 2, 0
94673, 1, 2, 1, 1, 1, 0
105523, 4, 2, 1, 1, 4, 0
106377, 1, 1, 0, 1, 0, 1
121711, 0, 1, 0, 1, 0, 0
8432, 2, 1, 0, 1, 2, 0
32753, 0, 3, 0, 3, 0, 0
71466, 0, 1, 0, 1, 0, 0
71467, 0, 1, 0, 1, 0, 0
24340, 33, 24, 22, 2, 25, 8
126239, 1, 1, 0, 1, 0, 1
113610, 0, 1, 1, 0, 0, 0
49665, 1, 1, 1, 0, 1, 0
14199, 2, 4, 4, 0, 2, 0
17205, 0, 5, 0, 5, 0, 0
35495, 0, 3, 0, 3, 0, 0
40717, 1, 2, 0, 2, 0, 1
49683, 0, 4, 0, 4, 0, 0
17088, 24, 30, 30, 0, 24, 0
31335, 15, 6, 5, 1, 9, 6
39654, 27, 12, 11, 1, 26, 1
47839, 1, 4, 4, 0, 1, 0
60600, 2, 7, 6, 1, 1, 1
5865, 3, 2, 2, 0, 3, 0
7174, 7, 2, 2, 0, 7, 0
7176, 5, 5, 5, 0, 5, 0
7177, 8, 5, 5, 0, 8, 0
9409, 11, 2, 2, 0, 10, 1
14591, 0, 1, 1, 0, 0, 0
14592, 2, 3, 2, 1, 2, 0
2349, 1, 0, 0, 0, 0, 1
27229, 15, 7, 7, 0, 13, 2
100555, 1, 1, 0, 1, 0, 1
101805, 2, 1, 0, 1, 2, 0
109870, 0, 1, 0, 1, 0, 0
109896, 0, 1, 0, 1, 0, 0
110758, 0, 1, 0, 1, 0, 0
110759, 0, 1, 0, 1, 0, 0
110760, 0, 1, 0, 1, 0, 0
111846, 0, 1, 0, 1, 0, 0
119060, 0, 2, 1, 1, 0, 0
121104, 1, 1, 0, 1, 1, 0
2351, 1, 0, 0, 0, 1, 0
2352, 1, 0, 0, 0, 1, 0
2353, 1, 0, 0, 0, 0, 1
91090, 0, 1, 0, 1, 0, 0
105574, 1, 1, 0, 1, 0, 1
8262, 26, 41, 40, 1, 26, 0
13286, 4, 10, 8, 2, 3, 1
22779, 6, 12, 4, 8, 5, 1
36231, 55, 16, 16, 0, 27, 28
38783, 5, 7, 7, 0, 2, 3
40009, 12, 6, 6, 0, 8, 4
42264, 0, 9, 0, 9, 0, 0
48772, 0, 4, 1, 3, 0, 0
51645, 2, 1, 0, 1, 2, 0
56421, 1, 1, 0, 1, 1, 0
58862, 0, 7, 0, 7, 0, 0
85166, 0, 2, 2, 0, 0, 0
87052, 8, 18, 15, 3, 8, 0
93012, 0, 1, 1, 0, 0, 0
96352, 2, 6, 0, 6, 1, 1
104057, 0, 1, 0, 1, 0, 0
114238, 0, 2, 0, 2, 0, 0
118331, 0, 2, 0, 2, 0, 0
23602, 53, 14, 14, 0, 53, 0
94704, 1, 1, 1, 0, 1, 0
3707, 10, 16, 14, 2, 10, 0
4186, 3, 6, 6, 0, 3, 0
6342, 9, 5, 5, 0, 3, 6
7724, 4, 14, 11, 3, 4, 0
7956, 0, 3, 3, 0, 0, 0
8246, 3, 3, 3, 0, 3, 0
9149, 59, 41, 40, 1, 59, 0
9595, 12, 7, 7, 0, 11, 1
9643, 0, 4, 4, 0, 0, 0
11584, 8, 10, 10, 0, 8, 0
11782, 95, 44, 44, 0, 95, 0
12216, 72, 36, 36, 0, 71, 1
12476, 11, 7, 6, 1, 9, 2
13668, 1, 12, 12, 0, 1, 0
14422, 5, 4, 2, 2, 5, 0
15475, 7, 2, 2, 0, 6, 1
16300, 27, 6, 6, 0, 14, 13
17833, 10, 6, 6, 0, 10, 0
18487, 3, 3, 3, 0, 3, 0
19495, 174, 21, 20, 1, 174, 0
19561, 4, 1, 1, 0, 4, 0
21231, 9, 15, 13, 2, 9, 0
21954, 3, 8, 6, 2, 3, 0
22397, 1, 2, 1, 1, 1, 0
22862, 3, 5, 5, 0, 3, 0
25032, 4, 7, 6, 1, 4, 0
25700, 1, 4, 4, 0, 1, 0
26286, 68, 42, 42, 0, 59, 9
28689, 24, 19, 19, 0, 24, 0
28825, 4, 3, 3, 0, 4, 0
29108, 0, 3, 3, 0, 0, 0
29173, 55, 15, 13, 2, 52, 3
29494, 29, 7, 5, 2, 27, 2
30321, 2, 2, 2, 0, 1, 1
30328, 4, 2, 2, 0, 4, 0
32028, 1, 1, 1, 0, 0, 1
32104, 2, 3, 3, 0, 2, 0
32889, 1, 1, 1, 0, 1, 0
34048, 37, 45, 44, 1, 37, 0
34302, 1, 1, 1, 0, 1, 0
37493, 39, 18, 17, 1, 37, 2
38590, 14, 29, 25, 4, 13, 1
41046, 3, 1, 1, 0, 3, 0
41133, 2, 2, 2, 0, 2, 0
41613, 5, 1, 1, 0, 4, 1
42346, 5, 2, 2, 0, 5, 0
42633, 0, 2, 2, 0, 0, 0
43388, 6, 1, 1, 0, 6, 0
43618, 0, 4, 2, 2, 0, 0
43680, 2, 7, 7, 0, 2, 0
44725, 7, 9, 9, 0, 7, 0
45846, 0, 3, 2, 1, 0, 0
45861, 10, 8, 8, 0, 10, 0
46127, 0, 9, 3, 6, 0, 0
46348, 2, 2, 2, 0, 2, 0
48954, 4, 21, 18, 3, 2, 2
51474, 9, 5, 5, 0, 9, 0
53568, 4, 8, 7, 1, 4, 0
55401, 2, 9, 3, 6, 2, 0
56625, 4, 1, 1, 0, 4, 0
56878, 1, 3, 2, 1, 1, 0
57531, 1, 3, 3, 0, 1, 0
57605, 1, 1, 1, 0, 1, 0
58196, 3, 4, 4, 0, 3, 0
59098, 6, 4, 4, 0, 6, 0
59358, 42, 7, 7, 0, 40, 2
59437, 2, 1, 1, 0, 2, 0
62432, 7, 2, 2, 0, 5, 2
63009, 4, 1, 1, 0, 3, 1
64545, 33, 19, 18, 1, 33, 0
64562, 0, 2, 2, 0, 0, 0
64941, 13, 1, 1, 0, 4, 9
67371, 2, 4, 4, 0, 2, 0
67712, 7, 7, 7, 0, 7, 0
67713, 7, 4, 4, 0, 6, 1
67714, 0, 1, 1, 0, 0, 0
67715, 0, 2, 2, 0, 0, 0
67717, 0, 1, 1, 0, 0, 0
67718, 0, 1, 1, 0, 0, 0
67719, 0, 1, 1, 0, 0, 0
67720, 0, 1, 1, 0, 0, 0
67722, 0, 1, 1, 0, 0, 0
67723, 0, 1, 1, 0, 0, 0
67724, 0, 1, 1, 0, 0, 0
67725, 8, 5, 5, 0, 8, 0
67727, 0, 1, 1, 0, 0, 0
67728, 0, 3, 3, 0, 0, 0
67730, 0, 1, 1, 0, 0, 0
67732, 0, 1, 1, 0, 0, 0
67734, 0, 1, 1, 0, 0, 0
67735, 7, 4, 4, 0, 7, 0
67736, 0, 1, 1, 0, 0, 0
67737, 0, 1, 1, 0, 0, 0
67738, 0, 1, 1, 0, 0, 0
67739, 0, 1, 1, 0, 0, 0
67740, 0, 2, 2, 0, 0, 0
67743, 0, 2, 1, 1, 0, 0
67744, 0, 1, 1, 0, 0, 0
94333, 1, 1, 1, 0, 1, 0
94390, 0, 1, 1, 0, 0, 0
2360, 1, 0, 0, 0, 1, 0
2361, 14, 0, 0, 0, 13, 1
5894, 2, 2, 2, 0, 2, 0
8961, 73, 20, 20, 0, 73, 0
16321, 12, 7, 7, 0, 12, 0
26036, 12, 15, 15, 0, 12, 0
31526, 2, 2, 2, 0, 1, 1
31552, 7, 8, 8, 0, 7, 0
38102, 15, 4, 3, 1, 15, 0
39827, 10, 8, 8, 0, 10, 0
47303, 6, 5, 5, 0, 6, 0
76859, 0, 6, 6, 0, 0, 0
82487, 4, 2, 2, 0, 4, 0
112115, 1, 2, 2, 0, 1, 0
120809, 11, 3, 3, 0, 10, 1
123475, 7, 4, 4, 0, 7, 0
5675, 18, 10, 9, 1, 17, 1
15474, 29, 30, 28, 2, 29, 0
15960, 2, 4, 4, 0, 2, 0
32125, 2, 5, 1, 4, 2, 0
33559, 26, 14, 13, 1, 26, 0
38863, 3, 6, 2, 4, 3, 0
42386, 0, 3, 0, 3, 0, 0
42387, 0, 6, 0, 6, 0, 0
43131, 0, 5, 0, 5, 0, 0
43132, 0, 2, 0, 2, 0, 0
46817, 3, 4, 4, 0, 3, 0
55066, 7, 6, 6, 0, 7, 0
55067, 5, 7, 7, 0, 5, 0
55068, 5, 2, 2, 0, 5, 0
56234, 0, 3, 1, 2, 0, 0
57533, 4, 16, 11, 5, 4, 0
60788, 0, 2, 0, 2, 0, 0
60789, 0, 2, 0, 2, 0, 0
61389, 3, 4, 3, 1, 3, 0
75070, 2, 5, 2, 3, 2, 0
79120, 0, 4, 0, 4, 0, 0
83715, 0, 2, 0, 2, 0, 0
83762, 0, 1, 0, 1, 0, 0
7304, 23, 12, 11, 1, 23, 0
7306, 32, 18, 15, 3, 32, 0
20358, 0, 3, 0, 3, 0, 0
35298, 0, 6, 0, 6, 0, 0
40001, 0, 4, 1, 3, 0, 0
66226, 0, 2, 0, 2, 0, 0
68543, 0, 4, 0, 4, 0, 0
76004, 0, 3, 0, 3, 0, 0
80917, 0, 3, 0, 3, 0, 0
82117, 0, 1, 1, 0, 0, 0
82119, 0, 2, 0, 2, 0, 0
82120, 0, 1, 0, 1, 0, 0
2365, 1, 0, 0, 0, 1, 0
2367, 3, 6, 6, 0, 3, 0
47765, 4, 8, 8, 0, 4, 0
2368, 3, 0, 0, 0, 3, 0
2369, 1, 0, 0, 0, 1, 0
2370, 1, 0, 0, 0, 1, 0
2371, 1, 0, 0, 0, 1, 0
2372, 2, 1, 1, 0, 2, 0
7929, 0, 2, 2, 0, 0, 0
7930, 0, 1, 1, 0, 0, 0
2373, 2, 0, 0, 0, 2, 0
2374, 3, 0, 0, 0, 3, 0
2375, 1, 5, 4, 1, 1, 0
5384, 0, 4, 1, 3, 0, 0
25177, 10, 27, 24, 3, 10, 0
25239, 24, 16, 16, 0, 23, 1
27505, 5, 3, 2, 1, 3, 2
29267, 15, 10, 10, 0, 15, 0
29835, 9, 18, 17, 1, 9, 0
41929, 5, 7, 5, 2, 3, 2
45586, 0, 5, 1, 4, 0, 0
46771, 9, 7, 7, 0, 9, 0
50606, 29, 15, 10, 5, 28, 1
57789, 0, 4, 2, 2, 0, 0
63134, 4, 4, 2, 2, 4, 0
88806, 0, 2, 1, 1, 0, 0
92625, 0, 1, 1, 0, 0, 0
3522, 1, 1, 1, 0, 1, 0
10404, 0, 1, 1, 0, 0, 0
3015, 6, 26, 22, 4, 6, 0
15589, 0, 8, 6, 2, 0, 0
17236, 20, 26, 24, 2, 20, 0
20791, 1, 1, 0, 1, 1, 0
21674, 1, 3, 1, 2, 1, 0
22372, 7, 7, 6, 1, 7, 0
26064, 1, 2, 1, 1, 1, 0
36375, 3, 18, 17, 1, 2, 1
99787, 0, 1, 0, 1, 0, 0
104603, 7, 4, 3, 1, 7, 0
114161, 0, 1, 0, 1, 0, 0
118167, 0, 1, 0, 1, 0, 0
2379, 1, 0, 0, 0, 1, 0
2380, 0, 1, 1, 0, 0, 0
2381, 3, 1, 1, 0, 3, 0
2383, 7, 6, 5, 1, 7, 0
35952, 1, 1, 1, 0, 1, 0
93939, 0, 1, 1, 0, 0, 0
2384, 1, 0, 0, 0, 0, 1
26974, 9, 10, 10, 0, 7, 2
27459, 24, 17, 15, 2, 24, 0
60926, 1, 2, 2, 0, 1, 0
2386, 4, 5, 5, 0, 4, 0
131379, 2, 1, 1, 0, 2, 0
49551, 2, 3, 1, 2, 2, 0
91101, 0, 3, 0, 3, 0, 0
93080, 0, 1, 0, 1, 0, 0
105368, 0, 1, 1, 0, 0, 0
10470, 11, 13, 11, 2, 11, 0
13408, 11, 20, 19, 1, 11, 0
48144, 1, 2, 2, 0, 1, 0
50293, 6, 21, 21, 0, 6, 0
58417, 14, 17, 16, 1, 14, 0
58418, 5, 7, 6, 1, 5, 0
58419, 7, 6, 6, 0, 7, 0
73487, 2, 3, 3, 0, 2, 0
75434, 2, 5, 5, 0, 2, 0
87340, 2, 3, 3, 0, 2, 0
89079, 0, 2, 2, 0, 0, 0
2390, 1, 0, 0, 0, 1, 0
2392, 1, 1, 1, 0, 1, 0
2393, 4, 1, 1, 0, 4, 0
2420, 2, 5, 4, 1, 2, 0
105851, 0, 1, 0, 1, 0, 0
115398, 1, 1, 0, 1, 1, 0
118250, 20, 3, 2, 1, 18, 2
119795, 10, 2, 2, 0, 10, 0
6651, 22, 9, 8, 1, 22, 0
16693, 25, 10, 8, 2, 19, 6
17834, 50, 26, 25, 1, 32, 18
21885, 21, 14, 14, 0, 20, 1
23863, 9, 7, 7, 0, 9, 0
31850, 13, 13, 13, 0, 13, 0
33538, 8, 6, 6, 0, 8, 0
39303, 11, 9, 9, 0, 10, 1
41270, 4, 3, 3, 0, 4, 0
42339, 21, 11, 10, 1, 20, 1
42459, 25, 10, 10, 0, 15, 10
43124, 12, 7, 7, 0, 12, 0
44665, 20, 7, 7, 0, 19, 1
46190, 6, 3, 3, 0, 6, 0
50252, 7, 2, 2, 0, 7, 0
57925, 4, 3, 3, 0, 4, 0
60738, 10, 6, 6, 0, 10, 0
64692, 2, 4, 4, 0, 2, 0
68685, 1, 20, 20, 0, 1, 0
77545, 0, 3, 0, 3, 0, 0
86586, 0, 2, 0, 2, 0, 0
90695, 0, 1, 1, 0, 0, 0
90696, 0, 1, 0, 1, 0, 0
2400, 1, 0, 0, 0, 1, 0
8776, 12, 28, 26, 2, 11, 1
8837, 6, 7, 7, 0, 4, 2
11602, 30, 27, 27, 0, 29, 1
12586, 4, 5, 4, 1, 4, 0
20311, 0, 7, 0, 7, 0, 0
20671, 0, 1, 0, 1, 0, 0
20673, 0, 2, 0, 2, 0, 0
20674, 0, 1, 0, 1, 0, 0
20677, 0, 1, 0, 1, 0, 0
20678, 0, 4, 0, 4, 0, 0
20681, 0, 1, 0, 1, 0, 0
20682, 0, 6, 5, 1, 0, 0
20683, 0, 1, 1, 0, 0, 0
20685, 1, 1, 1, 0, 1, 0
20686, 0, 1, 1, 0, 0, 0
20687, 15, 4, 4, 0, 11, 4
20690, 6, 4, 4, 0, 6, 0
20692, 3, 5, 4, 1, 3, 0
95772, 0, 1, 1, 0, 0, 0
95773, 0, 1, 1, 0, 0, 0
95863, 1, 3, 3, 0, 1, 0
104423, 1, 3, 3, 0, 0, 1
40902, 1, 1, 0, 1, 0, 1
45041, 0, 6, 0, 6, 0, 0
45072, 0, 7, 0, 7, 0, 0
49069, 1, 12, 0, 12, 1, 0
57874, 21, 14, 11, 3, 21, 0
79763, 0, 1, 0, 1, 0, 0
79764, 0, 1, 0, 1, 0, 0
79765, 0, 1, 0, 1, 0, 0
20701, 0, 2, 2, 0, 0, 0
82751, 1, 1, 1, 0, 1, 0
87891, 0, 1, 1, 0, 0, 0
101106, 1, 2, 2, 0, 1, 0
107884, 0, 1, 0, 1, 0, 0
56337, 1, 1, 1, 0, 1, 0
2408, 7, 0, 0, 0, 7, 0
2409, 0, 2, 1, 1, 0, 0
2410, 7, 5, 5, 0, 7, 0
2411, 3, 9, 7, 2, 3, 0
8818, 3, 1, 1, 0, 3, 0
31125, 1, 1, 1, 0, 1, 0
91660, 0, 1, 1, 0, 0, 0
12964, 76, 88, 88, 0, 76, 0
17465, 121, 67, 67, 0, 121, 0
19436, 12, 16, 15, 1, 11, 1
24487, 97, 33, 32, 1, 97, 0
26503, 10, 4, 4, 0, 6, 4
35701, 5, 5, 5, 0, 5, 0
35923, 26, 16, 16, 0, 26, 0
44827, 3, 13, 13, 0, 2, 1
60047, 8, 8, 8, 0, 8, 0
63630, 9, 11, 11, 0, 9, 0
67008, 0, 2, 2, 0, 0, 0
67662, 59, 16, 16, 0, 59, 0
68214, 2070, 28, 28, 0, 2070, 0
69125, 47, 15, 15, 0, 47, 0
72510, 2, 9, 9, 0, 2, 0
36725, 0, 3, 0, 3, 0, 0
38384, 0, 3, 0, 3, 0, 0
57257, 0, 4, 0, 4, 0, 0
61306, 0, 1, 0, 1, 0, 0
61307, 0, 3, 0, 3, 0, 0
12105, 13, 12, 12, 0, 13, 0
31602, 1, 1, 1, 0, 1, 0
43278, 6, 6, 6, 0, 6, 0
86527, 0, 1, 0, 1, 0, 0
2416, 1, 1, 1, 0, 1, 0
2417, 12, 4, 4, 0, 11, 1
21196, 16, 23, 22, 1, 16, 0
32257, 1, 1, 1, 0, 1, 0
37980, 27, 18, 18, 0, 16, 11
39335, 1, 1, 1, 0, 1, 0
40534, 0, 10, 10, 0, 0, 0
63417, 1, 1, 1, 0, 1, 0
11020, 12, 5, 5, 0, 12, 0
27712, 24, 17, 17, 0, 24, 0
65184, 15, 6, 6, 0, 15, 0
93009, 0, 1, 1, 0, 0, 0
93010, 0, 1, 1, 0, 0, 0
93011, 0, 1, 1, 0, 0, 0
98869, 1, 4, 4, 0, 1, 0
115054, 1, 1, 1, 0, 1, 0
2421, 1, 0, 0, 0, 1, 0
2422, 1, 0, 0, 0, 0, 1
2423, 0, 2, 1, 1, 0, 0
2424, 1, 0, 0, 0, 1, 0
20535, 4, 9, 5, 4, 4, 0
24898, 0, 1, 0, 1, 0, 0
2426, 1, 0, 0, 0, 1, 0
14306, 0, 2, 2, 0, 0, 0
4262, 3, 2, 2, 0, 3, 0
8019, 13, 13, 13, 0, 10, 3
95216, 3, 4, 4, 0, 3, 0
98007, 3, 2, 2, 0, 3, 0
12491, 1, 4, 3, 1, 1, 0
15903, 23, 19, 19, 0, 23, 0
16633, 3, 2, 2, 0, 3, 0
29844, 0, 2, 2, 0, 0, 0
32035, 122, 87, 87, 0, 122, 0
32762, 100, 67, 67, 0, 100, 0
38540, 62, 14, 14, 0, 61, 1
43663, 6, 15, 14, 1, 6, 0
46278, 8, 7, 7, 0, 8, 0
52473, 2, 2, 2, 0, 2, 0
52474, 22, 21, 21, 0, 21, 1
59600, 3, 2, 1, 1, 3, 0
59975, 7, 5, 5, 0, 7, 0
59976, 0, 2, 2, 0, 0, 0
68689, 7, 17, 17, 0, 7, 0
68811, 4, 8, 8, 0, 4, 0
69809, 45, 33, 33, 0, 45, 0
73612, 7, 4, 4, 0, 7, 0
75194, 1, 1, 1, 0, 1, 0
75301, 0, 1, 1, 0, 0, 0
3021, 3, 6, 4, 2, 3, 0
7375, 12, 3, 2, 1, 10, 2
16021, 6, 6, 6, 0, 6, 0
100850, 0, 1, 0, 1, 0, 0
10183, 2, 2, 2, 0, 2, 0
10487, 23, 20, 20, 0, 20, 3
16553, 13, 6, 6, 0, 12, 1
17711, 33, 36, 36, 0, 33, 0
17712, 10, 10, 10, 0, 10, 0
17718, 11, 21, 21, 0, 11, 0
18009, 0, 5, 5, 0, 0, 0
18502, 22, 19, 19, 0, 22, 0
18503, 10, 23, 23, 0, 10, 0
18506, 5, 17, 17, 0, 5, 0
18595, 1, 10, 10, 0, 1, 0
18854, 0, 8, 8, 0, 0, 0
19128, 1, 2, 1, 1, 1, 0
40238, 1, 1, 1, 0, 1, 0
46275, 21, 21, 21, 0, 21, 0
46276, 0, 1, 1, 0, 0, 0
12492, 20, 14, 12, 2, 10, 10
15590, 1, 1, 1, 0, 1, 0
18330, 2, 3, 2, 1, 2, 0
19309, 0, 2, 1, 1, 0, 0
23953, 3, 4, 3, 1, 3, 0
31026, 6, 3, 3, 0, 6, 0
31258, 9, 9, 9, 0, 9, 0
34703, 0, 3, 3, 0, 0, 0
38114, 16, 9, 9, 0, 16, 0
41879, 3, 2, 2, 0, 3, 0
73388, 0, 2, 2, 0, 0, 0
73389, 0, 1, 1, 0, 0, 0
98693, 2, 2, 2, 0, 2, 0
26110, 8, 2, 2, 0, 7, 1
29781, 0, 2, 1, 1, 0, 0
29782, 0, 1, 0, 1, 0, 0
2438, 1, 0, 0, 0, 1, 0
2439, 0, 1, 1, 0, 0, 0
2440, 5, 5, 5, 0, 5, 0
2442, 1, 3, 3, 0, 1, 0
2443, 6, 7, 7, 0, 5, 1
2444, 3, 17, 17, 0, 3, 0
2445, 2, 2, 2, 0, 2, 0
44683, 5, 10, 9, 1, 5, 0
16156, 4, 12, 12, 0, 4, 0
2446, 2, 0, 0, 0, 2, 0
2447, 0, 1, 1, 0, 0, 0
65074, 1, 2, 2, 0, 1, 0
109070, 2, 4, 3, 1, 2, 0
40955, 4, 7, 0, 7, 2, 2
41242, 7, 6, 6, 0, 3, 4
47726, 0, 4, 0, 4, 0, 0
47727, 0, 1, 0, 1, 0, 0
47729, 0, 1, 0, 1, 0, 0
47731, 12, 5, 5, 0, 12, 0
47733, 0, 2, 0, 2, 0, 0
2453, 1, 0, 0, 0, 0, 1
2454, 1, 0, 0, 0, 1, 0
2455, 8, 10, 10, 0, 4, 4
22534, 3, 3, 3, 0, 3, 0
66975, 0, 1, 0, 1, 0, 0
66976, 0, 1, 0, 1, 0, 0
2456, 3, 0, 0, 0, 3, 0
2457, 12, 8, 8, 0, 11, 1
25650, 1, 1, 1, 0, 1, 0
32365, 0, 1, 1, 0, 0, 0
32366, 0, 1, 1, 0, 0, 0
2458, 1, 0, 0, 0, 1, 0
2459, 1, 0, 0, 0, 1, 0
2460, 0, 1, 1, 0, 0, 0
2461, 1, 0, 0, 0, 1, 0
2462, 0, 1, 1, 0, 0, 0
2463, 1, 0, 0, 0, 0, 1
5581, 33, 11, 10, 1, 33, 0
18928, 0, 1, 1, 0, 0, 0
23312, 15, 1, 1, 0, 1, 14
42969, 8, 6, 5, 1, 6, 2
54948, 3, 3, 3, 0, 3, 0
63645, 2, 2, 2, 0, 2, 0
65933, 7, 8, 7, 1, 7, 0
77638, 0, 2, 1, 1, 0, 0
82714, 0, 2, 2, 0, 0, 0
96022, 1, 1, 1, 0, 1, 0
96622, 1, 3, 3, 0, 1, 0
98643, 0, 5, 5, 0, 0, 0
101051, 3, 1, 1, 0, 3, 0
101500, 3, 1, 1, 0, 3, 0
101837, 5, 1, 1, 0, 4, 1
101898, 0, 1, 1, 0, 0, 0
102143, 0, 2, 2, 0, 0, 0
102266, 0, 1, 1, 0, 0, 0
102484, 0, 2, 2, 0, 0, 0
102631, 0, 2, 2, 0, 0, 0
102632, 0, 2, 2, 0, 0, 0
103874, 1, 2, 2, 0, 1, 0
104351, 0, 2, 2, 0, 0, 0
104352, 0, 1, 1, 0, 0, 0
109182, 0, 1, 1, 0, 0, 0
109183, 0, 1, 1, 0, 0, 0
109185, 0, 1, 1, 0, 0, 0
109186, 0, 1, 1, 0, 0, 0
109342, 0, 1, 1, 0, 0, 0
109428, 0, 1, 1, 0, 0, 0
109429, 1, 1, 1, 0, 1, 0
109449, 3, 1, 1, 0, 3, 0
31101, 12, 15, 15, 0, 12, 0
36322, 2, 1, 1, 0, 2, 0
38794, 3, 8, 8, 0, 3, 0
49554, 9, 17, 14, 3, 9, 0
56534, 3, 2, 2, 0, 3, 0
58915, 4, 8, 8, 0, 4, 0
60407, 1, 7, 7, 0, 1, 0
63332, 5, 3, 3, 0, 5, 0
63334, 19, 19, 19, 0, 19, 0
67138, 40, 36, 36, 0, 40, 0
67362, 16, 15, 15, 0, 15, 1
67363, 8, 7, 7, 0, 8, 0
68692, 19, 31, 31, 0, 19, 0
69263, 2, 6, 6, 0, 2, 0
69792, 3, 3, 3, 0, 3, 0
78392, 0, 1, 1, 0, 0, 0
2468, 1, 0, 0, 0, 0, 1
2469, 0, 2, 1, 1, 0, 0
2470, 1, 1, 1, 0, 1, 0
2471, 5, 4, 4, 0, 5, 0
2872, 10, 5, 3, 2, 10, 0
2884, 0, 3, 3, 0, 0, 0
2885, 2, 5, 4, 1, 2, 0
2472, 2, 0, 0, 0, 2, 0
12685, 6, 2, 2, 0, 5, 1
19214, 11, 3, 3, 0, 11, 0
101475, 1, 1, 1, 0, 1, 0
2476, 1, 0, 0, 0, 1, 0
2477, 0, 1, 1, 0, 0, 0
7914, 49, 17, 15, 2, 47, 2
54036, 24, 21, 21, 0, 24, 0
67061, 2, 6, 6, 0, 2, 0
68835, 0, 4, 4, 0, 0, 0
69016, 2, 5, 5, 0, 2, 0
37726, 1, 6, 0, 6, 0, 1
43260, 5, 4, 4, 0, 5, 0
40223, 2, 3, 3, 0, 2, 0
41324, 1, 1, 1, 0, 1, 0
41386, 2, 3, 3, 0, 2, 0
26504, 4, 2, 2, 0, 3, 1
26505, 0, 2, 2, 0, 0, 0
102052, 1, 2, 2, 0, 1, 0
7633, 4, 10, 8, 2, 2, 2
22618, 7, 2, 1, 1, 7, 0
24266, 4, 2, 2, 0, 3, 1
25817, 3, 2, 1, 1, 3, 0
94619, 0, 5, 2, 3, 0, 0
2485, 4, 0, 0, 0, 4, 0
3398, 2, 1, 0, 1, 2, 0
6870, 1, 1, 0, 1, 1, 0
6871, 0, 5, 3, 2, 0, 0
6880, 1, 1, 0, 1, 1, 0
7007, 2, 4, 0, 4, 2, 0
7464, 1, 1, 0, 1, 1, 0
12632, 2, 7, 4, 3, 2, 0
12999, 5, 6, 3, 3, 5, 0
13187, 0, 2, 1, 1, 0, 0
13188, 1, 2, 1, 1, 1, 0
16230, 1, 2, 1, 1, 1, 0
16431, 1, 2, 1, 1, 1, 0
16909, 1, 3, 1, 2, 1, 0
17184, 1, 2, 1, 1, 1, 0
17187, 0, 3, 1, 2, 0, 0
17188, 0, 2, 1, 1, 0, 0
17190, 0, 5, 1, 4, 0, 0
17852, 3, 8, 2, 6, 2, 1
20902, 9, 4, 3, 1, 9, 0
21903, 0, 2, 0, 2, 0, 0
22562, 0, 3, 0, 3, 0, 0
30474, 2, 3, 0, 3, 2, 0
42123, 10, 17, 10, 7, 10, 0
43609, 0, 4, 0, 4, 0, 0
59736, 0, 1, 0, 1, 0, 0
59737, 0, 1, 0, 1, 0, 0
59738, 0, 3, 0, 3, 0, 0
59739, 0, 2, 0, 2, 0, 0
59740, 0, 1, 0, 1, 0, 0
59741, 2, 1, 0, 1, 1, 1
59742, 1, 2, 1, 1, 1, 0
59743, 0, 1, 0, 1, 0, 0
97123, 3, 1, 0, 1, 3, 0
99077, 0, 1, 0, 1, 0, 0
119469, 0, 1, 0, 1, 0, 0
119624, 0, 2, 1, 1, 0, 0
12416, 43, 66, 65, 1, 42, 1
13869, 9, 4, 4, 0, 9, 0
24605, 12, 49, 49, 0, 12, 0
30007, 18, 11, 11, 0, 18, 0
30369, 4, 6, 5, 1, 4, 0
30512, 13, 18, 17, 1, 13, 0
35579, 18, 74, 73, 1, 18, 0
37597, 4, 14, 12, 2, 3, 1
40040, 15, 19, 19, 0, 15, 0
43947, 25, 41, 41, 0, 20, 5
54123, 1, 1, 1, 0, 1, 0
68532, 2, 1, 1, 0, 2, 0
75264, 22, 4, 4, 0, 22, 0
78905, 0, 2, 2, 0, 0, 0
2490, 1, 0, 0, 0, 1, 0
2491, 25, 10, 10, 0, 25, 0
2494, 1, 1, 1, 0, 1, 0
16311, 9, 12, 12, 0, 9, 0
18491, 1, 1, 1, 0, 1, 0
23422, 21, 4, 4, 0, 21, 0
42484, 1, 1, 1, 0, 1, 0
57318, 0, 12, 12, 0, 0, 0
92556, 0, 1, 1, 0, 0, 0
77837, 2, 2, 2, 0, 2, 0
78320, 1, 1, 1, 0, 1, 0
81279, 3, 4, 3, 1, 3, 0
2495, 1, 0, 0, 0, 1, 0
67656, 1, 1, 1, 0, 1, 0
71626, 4, 2, 2, 0, 4, 0
2497, 1, 1, 1, 0, 0, 1
2499, 1, 0, 0, 0, 1, 0
2500, 4, 5, 5, 0, 4, 0
24514, 0, 5, 5, 0, 0, 0
2501, 2, 1, 1, 0, 1, 1
15361, 13, 17, 17, 0, 12, 1
27531, 1, 3, 2, 1, 1, 0
40143, 1, 2, 2, 0, 1, 0
83688, 0, 2, 0, 2, 0, 0
51514, 1, 1, 1, 0, 1, 0
59489, 1, 1, 0, 1, 0, 1
2504, 2, 0, 0, 0, 2, 0
9952, 3, 3, 2, 1, 3, 0
20290, 0, 10, 0, 10, 0, 0
20291, 0, 9, 0, 9, 0, 0
20490, 0, 7, 0, 7, 0, 0
22434, 0, 10, 0, 10, 0, 0
25822, 0, 10, 0, 10, 0, 0
30921, 0, 3, 0, 3, 0, 0
32743, 0, 5, 0, 5, 0, 0
36535, 0, 6, 0, 6, 0, 0
51507, 0, 2, 0, 2, 0, 0
51508, 0, 2, 0, 2, 0, 0
51509, 0, 3, 0, 3, 0, 0
51511, 0, 4, 0, 4, 0, 0
119159, 0, 5, 2, 3, 0, 0
7563, 4, 1, 0, 1, 2, 2
16354, 5, 5, 4, 1, 5, 0
17338, 0, 5, 0, 5, 0, 0
17339, 0, 2, 0, 2, 0, 0
17340, 0, 3, 0, 3, 0, 0
17341, 0, 3, 0, 3, 0, 0
17703, 1, 2, 0, 2, 1, 0
17736, 0, 4, 0, 4, 0, 0
18232, 0, 2, 0, 2, 0, 0
18334, 0, 3, 0, 3, 0, 0
18335, 0, 3, 0, 3, 0, 0
20295, 0, 4, 0, 4, 0, 0
20325, 0, 2, 0, 2, 0, 0
20349, 0, 4, 0, 4, 0, 0
22360, 0, 4, 0, 4, 0, 0
22538, 0, 5, 0, 5, 0, 0
24072, 0, 5, 0, 5, 0, 0
24195, 0, 2, 0, 2, 0, 0
24196, 0, 2, 0, 2, 0, 0
25425, 0, 3, 0, 3, 0, 0
27152, 0, 3, 0, 3, 0, 0
27906, 0, 4, 0, 4, 0, 0
30918, 0, 5, 0, 5, 0, 0
32144, 0, 4, 0, 4, 0, 0
32992, 0, 4, 0, 4, 0, 0
35426, 0, 4, 0, 4, 0, 0
35428, 0, 2, 0, 2, 0, 0
35450, 0, 3, 0, 3, 0, 0
35452, 0, 3, 0, 3, 0, 0
35453, 0, 2, 0, 2, 0, 0
35454, 0, 2, 0, 2, 0, 0
37064, 0, 2, 1, 1, 0, 0
42075, 0, 6, 0, 6, 0, 0
42657, 0, 6, 0, 6, 0, 0
42885, 0, 2, 0, 2, 0, 0
45092, 0, 10, 0, 10, 0, 0
45093, 0, 9, 0, 9, 0, 0
45094, 0, 9, 0, 9, 0, 0
46624, 0, 4, 0, 4, 0, 0
47030, 0, 3, 0, 3, 0, 0
47421, 1, 2, 0, 2, 1, 0
47422, 1, 2, 0, 2, 1, 0
47429, 1, 1, 0, 1, 1, 0
47431, 1, 1, 0, 1, 1, 0
47434, 1, 1, 0, 1, 1, 0
47435, 1, 1, 0, 1, 1, 0
47439, 1, 1, 0, 1, 1, 0
47449, 1, 1, 0, 1, 1, 0
47455, 1, 1, 0, 1, 1, 0
47460, 1, 1, 0, 1, 1, 0
48187, 0, 2, 0, 2, 0, 0
48486, 1, 3, 0, 3, 1, 0
50680, 1, 7, 2, 5, 1, 0
52114, 0, 2, 0, 2, 0, 0
52346, 0, 3, 0, 3, 0, 0
55947, 0, 5, 0, 5, 0, 0
57782, 0, 4, 0, 4, 0, 0
57810, 0, 5, 0, 5, 0, 0
58850, 0, 7, 0, 7, 0, 0
58858, 0, 8, 0, 8, 0, 0
59293, 12, 31, 28, 3, 12, 0
61574, 0, 8, 0, 8, 0, 0
62106, 0, 8, 0, 8, 0, 0
62107, 0, 14, 1, 13, 0, 0
63359, 0, 8, 0, 8, 0, 0
66098, 0, 3, 0, 3, 0, 0
66099, 0, 3, 0, 3, 0, 0
66100, 0, 5, 0, 5, 0, 0
66102, 0, 1, 0, 1, 0, 0
66110, 0, 2, 0, 2, 0, 0
66112, 0, 1, 0, 1, 0, 0
66113, 0, 1, 0, 1, 0, 0
66114, 0, 1, 0, 1, 0, 0
66115, 0, 1, 0, 1, 0, 0
66116, 0, 1, 0, 1, 0, 0
66117, 0, 1, 0, 1, 0, 0
66118, 0, 1, 0, 1, 0, 0
66119, 0, 1, 0, 1, 0, 0
66120, 0, 1, 0, 1, 0, 0
66121, 0, 2, 0, 2, 0, 0
66123, 0, 1, 0, 1, 0, 0
66124, 0, 2, 0, 2, 0, 0
66125, 0, 3, 0, 3, 0, 0
66126, 0, 3, 0, 3, 0, 0
66127, 0, 3, 0, 3, 0, 0
66128, 0, 3, 0, 3, 0, 0
66129, 0, 1, 0, 1, 0, 0
66130, 0, 3, 0, 3, 0, 0
66131, 0, 3, 0, 3, 0, 0
66133, 0, 1, 0, 1, 0, 0
66134, 0, 1, 0, 1, 0, 0
66135, 0, 1, 0, 1, 0, 0
66136, 0, 1, 0, 1, 0, 0
66137, 0, 1, 0, 1, 0, 0
66138, 0, 1, 0, 1, 0, 0
66142, 0, 2, 0, 2, 0, 0
66143, 0, 1, 0, 1, 0, 0
66144, 0, 2, 0, 2, 0, 0
66145, 0, 1, 0, 1, 0, 0
66146, 0, 1, 0, 1, 0, 0
66147, 0, 2, 0, 2, 0, 0
66148, 0, 1, 0, 1, 0, 0
66149, 0, 2, 0, 2, 0, 0
66150, 0, 1, 0, 1, 0, 0
66162, 0, 1, 0, 1, 0, 0
66163, 0, 1, 0, 1, 0, 0
66166, 0, 3, 0, 3, 0, 0
66167, 0, 1, 0, 1, 0, 0
66168, 0, 1, 0, 1, 0, 0
66169, 0, 1, 0, 1, 0, 0
66170, 0, 1, 0, 1, 0, 0
66171, 0, 1, 0, 1, 0, 0
66172, 0, 1, 0, 1, 0, 0
66173, 0, 1, 0, 1, 0, 0
66174, 0, 1, 0, 1, 0, 0
66175, 0, 1, 0, 1, 0, 0
66177, 0, 1, 0, 1, 0, 0
66178, 0, 1, 0, 1, 0, 0
66179, 0, 2, 0, 2, 0, 0
66180, 0, 2, 0, 2, 0, 0
66181, 0, 1, 0, 1, 0, 0
66182, 0, 1, 0, 1, 0, 0
66183, 0, 1, 0, 1, 0, 0
66184, 0, 1, 0, 1, 0, 0
66185, 0, 1, 0, 1, 0, 0
66186, 0, 1, 0, 1, 0, 0
66187, 0, 1, 0, 1, 0, 0
66188, 0, 1, 0, 1, 0, 0
66189, 0, 1, 0, 1, 0, 0
66190, 0, 1, 0, 1, 0, 0
66191, 0, 1, 0, 1, 0, 0
66192, 0, 1, 0, 1, 0, 0
66193, 0, 1, 0, 1, 0, 0
66194, 0, 2, 0, 2, 0, 0
66195, 0, 6, 0, 6, 0, 0
66196, 0, 2, 0, 2, 0, 0
66203, 0, 2, 0, 2, 0, 0
66204, 0, 2, 0, 2, 0, 0
66205, 0, 1, 0, 1, 0, 0
66206, 0, 1, 0, 1, 0, 0
66211, 0, 1, 0, 1, 0, 0
66214, 0, 1, 0, 1, 0, 0
66216, 0, 3, 0, 3, 0, 0
66217, 0, 1, 0, 1, 0, 0
66218, 0, 2, 0, 2, 0, 0
66219, 0, 3, 0, 3, 0, 0
66220, 0, 2, 0, 2, 0, 0
66221, 0, 2, 0, 2, 0, 0
66222, 0, 1, 0, 1, 0, 0
66223, 0, 1, 0, 1, 0, 0
66224, 0, 2, 0, 2, 0, 0
66225, 0, 1, 0, 1, 0, 0
66227, 0, 2, 0, 2, 0, 0
66228, 0, 2, 0, 2, 0, 0
66229, 0, 2, 0, 2, 0, 0
66233, 0, 2, 0, 2, 0, 0
66234, 0, 4, 0, 4, 0, 0
66235, 0, 2, 0, 2, 0, 0
66236, 0, 4, 0, 4, 0, 0
66237, 0, 3, 0, 3, 0, 0
66238, 0, 1, 0, 1, 0, 0
66239, 0, 1, 0, 1, 0, 0
66240, 0, 2, 0, 2, 0, 0
66241, 0, 1, 0, 1, 0, 0
66244, 0, 1, 0, 1, 0, 0
66245, 0, 1, 0, 1, 0, 0
2507, 1, 0, 0, 0, 0, 1
2508, 0, 1, 0, 1, 0, 0
2509, 1, 0, 0, 0, 1, 0
2510, 1, 0, 0, 0, 0, 1
2511, 0, 1, 0, 1, 0, 0
2512, 2, 0, 0, 0, 1, 1
2513, 1, 0, 0, 0, 0, 1
2514, 1, 0, 0, 0, 1, 0
2516, 1, 0, 0, 0, 1, 0
2517, 5, 6, 6, 0, 5, 0
27092, 2, 2, 2, 0, 2, 0
28572, 0, 2, 2, 0, 0, 0
2518, 1, 0, 0, 0, 1, 0
2519, 1, 0, 0, 0, 1, 0
16174, 0, 2, 2, 0, 0, 0
31738, 0, 6, 0, 6, 0, 0
40907, 1, 2, 2, 0, 1, 0
51967, 1, 2, 2, 0, 1, 0
2521, 2, 1, 1, 0, 1, 1
2522, 1, 0, 0, 0, 1, 0
2523, 1, 0, 0, 0, 1, 0
93524, 1, 4, 4, 0, 1, 0
2525, 1, 0, 0, 0, 1, 0
2526, 1, 0, 0, 0, 0, 1
2527, 0, 1, 0, 1, 0, 0
2528, 1, 0, 0, 0, 1, 0
2529, 0, 1, 1, 0, 0, 0
2531, 1, 0, 0, 0, 1, 0
2532, 2, 4, 4, 0, 2, 0
2533, 1, 0, 0, 0, 1, 0
68771, 1, 1, 1, 0, 1, 0
70434, 8, 11, 11, 0, 8, 0
70819, 7, 3, 3, 0, 7, 0
88988, 0, 1, 1, 0, 0, 0
2535, 1, 0, 0, 0, 1, 0
2536, 1, 0, 0, 0, 1, 0
2537, 1, 0, 0, 0, 1, 0
3980, 0, 1, 1, 0, 0, 0
2539, 1, 0, 0, 0, 1, 0
12730, 0, 6, 4, 2, 0, 0
26256, 17, 14, 13, 1, 17, 0
28373, 20, 13, 12, 1, 20, 0
45424, 38, 13, 13, 0, 38, 0
56731, 2, 2, 2, 0, 2, 0
92755, 0, 1, 1, 0, 0, 0
108988, 3, 2, 2, 0, 3, 0
129505, 7, 3, 3, 0, 7, 0
2541, 1, 0, 0, 0, 1, 0
2542, 1, 0, 0, 0, 1, 0
2544, 1, 1, 1, 0, 1, 0
2545, 5, 11, 11, 0, 5, 0
75982, 6, 4, 4, 0, 6, 0
76894, 0, 2, 2, 0, 0, 0
76895, 0, 1, 1, 0, 0, 0
2546, 2, 0, 0, 0, 0, 2
2548, 0, 2, 1, 1, 0, 0
16854, 102, 20, 17, 3, 95, 7
19100, 40, 25, 24, 1, 24, 16
19576, 40, 10, 8, 2, 39, 1
24181, 24, 12, 12, 0, 24, 0
39862, 2, 1, 1, 0, 2, 0
68997, 3, 8, 7, 1, 2, 1
131306, 11, 5, 5, 0, 11, 0
53093, 2, 14, 14, 0, 2, 0
53094, 0, 1, 0, 1, 0, 0
53095, 4, 1, 0, 1, 4, 0
54542, 2, 4, 4, 0, 2, 0
2553, 1, 0, 0, 0, 1, 0
2554, 1, 0, 0, 0, 1, 0
2555, 0, 1, 1, 0, 0, 0
2556, 2, 0, 0, 0, 0, 2
10312, 7, 8, 7, 1, 7, 0
18898, 11, 7, 3, 4, 11, 0
22580, 3, 9, 2, 7, 0, 3
22581, 8, 4, 1, 3, 8, 0
34086, 6, 5, 0, 5, 1, 5
35083, 0, 1, 0, 1, 0, 0
35084, 0, 1, 0, 1, 0, 0
48138, 0, 4, 2, 2, 0, 0
65801, 1, 2, 1, 1, 1, 0
96804, 0, 5, 1, 4, 0, 0
98397, 0, 3, 0, 3, 0, 0
98924, 0, 5, 3, 2, 0, 0
99374, 0, 3, 0, 3, 0, 0
107836, 3, 2, 1, 1, 3, 0
109412, 0, 3, 0, 3, 0, 0
114962, 0, 3, 1, 2, 0, 0
120152, 0, 1, 0, 1, 0, 0
120184, 4, 4, 1, 3, 4, 0
126612, 0, 2, 1, 1, 0, 0
127469, 0, 3, 0, 3, 0, 0
130337, 4, 3, 2, 1, 4, 0
130788, 0, 2, 0, 2, 0, 0
131399, 0, 2, 0, 2, 0, 0
70518, 0, 1, 0, 1, 0, 0
24097, 4, 3, 3, 0, 4, 0
35814, 2, 4, 4, 0, 2, 0
36927, 9, 25, 23, 2, 9, 0
36928, 5, 8, 8, 0, 5, 0
15782, 17, 5, 5, 0, 17, 0
18890, 11, 10, 10, 0, 10, 1
23753, 1, 1, 1, 0, 1, 0
2562, 1, 0, 0, 0, 1, 0
2563, 1, 0, 0, 0, 0, 1
2564, 1, 1, 0, 1, 1, 0
38820, 1, 2, 1, 1, 0, 1
2565, 1, 0, 0, 0, 1, 0
2566, 8, 5, 5, 0, 8, 0
97250, 4, 4, 4, 0, 4, 0
9945, 13, 33, 29, 4, 13, 0
12424, 1, 10, 8, 2, 1, 0
26426, 56, 19, 19, 0, 56, 0
35489, 0, 4, 0, 4, 0, 0
35659, 2, 2, 1, 1, 2, 0
38871, 7, 3, 3, 0, 6, 1
39397, 1, 9, 2, 7, 1, 0
40209, 13, 5, 4, 1, 9, 4
40577, 1, 3, 1, 2, 1, 0
41199, 2, 2, 0, 2, 2, 0
43513, 2, 1, 0, 1, 2, 0
43514, 2, 4, 1, 3, 2, 0
43530, 1, 1, 0, 1, 1, 0
43984, 2, 3, 2, 1, 2, 0
43985, 3, 4, 2, 2, 3, 0
44165, 5, 3, 2, 1, 5, 0
45506, 2, 1, 0, 1, 2, 0
45636, 1, 2, 1, 1, 1, 0
45911, 2, 5, 1, 4, 2, 0
46112, 1, 2, 0, 2, 1, 0
49636, 0, 3, 0, 3, 0, 0
56642, 0, 2, 1, 1, 0, 0
58847, 0, 7, 0, 7, 0, 0
58848, 0, 7, 0, 7, 0, 0
64451, 9, 11, 11, 0, 9, 0
67261, 0, 2, 0, 2, 0, 0
67262, 0, 2, 0, 2, 0, 0
67263, 0, 2, 0, 2, 0, 0
67264, 0, 2, 0, 2, 0, 0
67265, 0, 2, 0, 2, 0, 0
67266, 0, 2, 0, 2, 0, 0
67267, 0, 2, 0, 2, 0, 0
67268, 0, 1, 1, 0, 0, 0
67269, 0, 1, 0, 1, 0, 0
67271, 3, 1, 0, 1, 3, 0
67272, 0, 1, 0, 1, 0, 0
67273, 0, 3, 1, 2, 0, 0
67274, 0, 1, 0, 1, 0, 0
67275, 0, 1, 0, 1, 0, 0
67276, 0, 1, 0, 1, 0, 0
102971, 4, 1, 1, 0, 4, 0
2568, 1, 0, 0, 0, 0, 1
2569, 5, 0, 0, 0, 5, 0
2570, 0, 1, 1, 0, 0, 0
23546, 1, 1, 1, 0, 0, 1
2574, 1, 0, 0, 0, 0, 1
2575, 1, 0, 0, 0, 0, 1
2576, 1, 0, 0, 0, 0, 1
18174, 0, 4, 1, 3, 0, 0
43435, 0, 3, 0, 3, 0, 0
46869, 0, 3, 0, 3, 0, 0
48632, 14, 15, 8, 7, 1, 13
128860, 0, 1, 0, 1, 0, 0
128980, 0, 2, 0, 2, 0, 0
129957, 0, 2, 0, 2, 0, 0
2580, 1, 0, 0, 0, 1, 0
2581, 1, 0, 0, 0, 0, 1
119871, 1, 2, 2, 0, 1, 0
2583, 1, 0, 0, 0, 1, 0
2585, 1, 0, 0, 0, 1, 0
2586, 1, 0, 0, 0, 1, 0
2587, 4, 0, 0, 0, 4, 0
36365, 2, 10, 10, 0, 2, 0
44056, 8, 9, 7, 2, 8, 0
48708, 3, 2, 2, 0, 3, 0
50193, 2, 2, 2, 0, 1, 1
74590, 2, 2, 2, 0, 2, 0
84282, 1, 2, 2, 0, 1, 0
84283, 0, 1, 1, 0, 0, 0
2589, 1, 0, 0, 0, 0, 1
2590, 0, 1, 0, 1, 0, 0
2591, 1, 1, 1, 0, 1, 0
13768, 99, 55, 53, 2, 88, 11
18001, 1, 5, 5, 0, 0, 1
23222, 1, 2, 2, 0, 1, 0
23238, 22, 18, 18, 0, 22, 0
26772, 1, 2, 2, 0, 1, 0
27479, 7, 3, 3, 0, 7, 0
29649, 1, 2, 1, 1, 1, 0
41419, 12, 7, 7, 0, 11, 1
41520, 0, 2, 0, 2, 0, 0
41523, 0, 2, 0, 2, 0, 0
42374, 12, 4, 3, 1, 5, 7
43887, 5, 7, 5, 2, 2, 3
49210, 1, 1, 1, 0, 1, 0
51585, 6, 2, 2, 0, 6, 0
58581, 0, 2, 0, 2, 0, 0
58582, 1, 3, 3, 0, 1, 0
58583, 3, 4, 3, 1, 3, 0
2593, 1, 0, 0, 0, 1, 0
2594, 2, 0, 0, 0, 2, 0
2595, 1, 0, 0, 0, 1, 0
3963, 3, 3, 3, 0, 3, 0
2597, 4, 0, 0, 0, 4, 0
2598, 1, 0, 0, 0, 1, 0
2599, 1, 0, 0, 0, 1, 0
2600, 1, 0, 0, 0, 0, 1
4297, 1, 2, 1, 1, 1, 0
6913, 5, 1, 0, 1, 3, 2
2602, 2, 0, 0, 0, 0, 2
2603, 0, 3, 1, 2, 0, 0
9796, 0, 3, 1, 2, 0, 0
18531, 2, 2, 0, 2, 2, 0
28773, 1, 3, 0, 3, 1, 0
32142, 0, 2, 0, 2, 0, 0
36688, 5, 9, 5, 4, 4, 1
48526, 0, 9, 0, 9, 0, 0
52843, 0, 1, 0, 1, 0, 0
52844, 4, 7, 6, 1, 4, 0
52846, 0, 2, 0, 2, 0, 0
2605, 1, 0, 0, 0, 1, 0
10185, 0, 5, 5, 0, 0, 0
18656, 0, 6, 6, 0, 0, 0
2607, 1, 0, 0, 0, 1, 0
7643, 5, 3, 2, 1, 4, 1
8455, 16, 6, 4, 2, 15, 1
2609, 1, 1, 1, 0, 0, 1
2610, 1, 0, 0, 0, 1, 0
18248, 38, 11, 11, 0, 31, 7
43370, 1, 1, 0, 1, 1, 0
96518, 7, 4, 2, 2, 6, 1
107669, 0, 2, 0, 2, 0, 0
110089, 0, 2, 1, 1, 0, 0
111843, 0, 1, 0, 1, 0, 0
117217, 2, 1, 0, 1, 2, 0
2612, 1, 0, 0, 0, 1, 0
21072, 15, 15, 15, 0, 13, 2
53412, 6, 8, 8, 0, 6, 0
2614, 1, 1, 0, 1, 1, 0
2615, 12, 2, 1, 1, 11, 1
2616, 11, 3, 2, 1, 11, 0
18086, 1, 2, 2, 0, 1, 0
40624, 6, 2, 2, 0, 6, 0
40625, 1, 2, 2, 0, 1, 0
2617, 1, 2, 2, 0, 1, 0
2618, 1, 0, 0, 0, 1, 0
2619, 4, 0, 0, 0, 1, 3
2622, 1, 1, 0, 1, 0, 1
20950, 8, 18, 18, 0, 8, 0
20951, 6, 14, 14, 0, 6, 0
20952, 1, 8, 8, 0, 1, 0
25791, 8, 22, 18, 4, 8, 0
34147, 17, 18, 16, 2, 17, 0
37071, 21, 28, 19, 9, 17, 4
38989, 6, 18, 18, 0, 6, 0
41072, 5, 12, 10, 2, 5, 0
41073, 6, 15, 15, 0, 6, 0
46383, 10, 8, 8, 0, 10, 0
57466, 30, 27, 26, 1, 30, 0
60894, 3, 4, 4, 0, 3, 0
61440, 8, 9, 8, 1, 8, 0
61769, 11, 15, 15, 0, 11, 0
61770, 0, 2, 2, 0, 0, 0
61776, 0, 3, 3, 0, 0, 0
62802, 2, 1, 1, 0, 2, 0
64548, 2, 11, 11, 0, 2, 0
66403, 1, 5, 5, 0, 1, 0
68111, 0, 2, 2, 0, 0, 0
69342, 0, 1, 1, 0, 0, 0
69343, 0, 1, 1, 0, 0, 0
69344, 4, 2, 2, 0, 4, 0
69345, 0, 1, 1, 0, 0, 0
4024, 113, 67, 62, 5, 112, 1
10056, 0, 2, 2, 0, 0, 0
16280, 36, 40, 38, 2, 22, 14
16356, 16, 6, 6, 0, 14, 2
19331, 12, 27, 24, 3, 10, 2
28013, 48, 27, 26, 1, 47, 1
29899, 15, 19, 18, 1, 14, 1
37044, 90, 33, 31, 2, 90, 0
41369, 4, 6, 6, 0, 3, 1
42390, 1, 8, 8, 0, 1, 0
42782, 53, 34, 34, 0, 53, 0
43024, 28, 24, 24, 0, 28, 0
58451, 11, 8, 8, 0, 11, 0
58675, 9, 11, 11, 0, 9, 0
60896, 0, 2, 2, 0, 0, 0
71416, 3, 3, 3, 0, 3, 0
71417, 5, 7, 7, 0, 4, 1
75025, 6, 2, 2, 0, 6, 0
77447, 3, 4, 4, 0, 2, 1
81103, 2, 2, 2, 0, 2, 0
87406, 0, 3, 3, 0, 0, 0
90145, 1, 1, 1, 0, 1, 0
92790, 0, 1, 1, 0, 0, 0
92791, 0, 1, 1, 0, 0, 0
92792, 0, 1, 1, 0, 0, 0
92793, 0, 1, 1, 0, 0, 0
92794, 0, 1, 1, 0, 0, 0
43900, 10, 11, 11, 0, 10, 0
59370, 31, 11, 10, 1, 27, 4
60110, 24, 15, 14, 1, 24, 0
62467, 1, 1, 1, 0, 1, 0
65794, 6, 6, 5, 1, 6, 0
65795, 0, 1, 1, 0, 0, 0
65796, 0, 2, 1, 1, 0, 0
65797, 0, 1, 1, 0, 0, 0
65798, 4, 9, 9, 0, 4, 0
65799, 0, 1, 1, 0, 0, 0
65800, 0, 2, 2, 0, 0, 0
65802, 8, 12, 12, 0, 8, 0
2624, 1, 0, 0, 0, 1, 0
2625, 1, 0, 0, 0, 1, 0
2626, 1, 1, 1, 0, 1, 0
2627, 1, 0, 0, 0, 1, 0
2629, 1, 0, 0, 0, 1, 0
20541, 0, 1, 1, 0, 0, 0
6076, 0, 2, 2, 0, 0, 0
6077, 0, 1, 1, 0, 0, 0
6081, 5, 6, 6, 0, 4, 1
6082, 0, 1, 1, 0, 0, 0
2633, 5, 3, 2, 1, 5, 0
2635, 0, 1, 1, 0, 0, 0
95108, 1, 1, 1, 0, 1, 0
22265, 9, 15, 13, 2, 8, 1
22350, 49, 21, 19, 2, 49, 0
24652, 0, 8, 7, 1, 0, 0
26793, 12, 18, 14, 4, 6, 6
29440, 19, 14, 13, 1, 19, 0
39551, 5, 3, 2, 1, 5, 0
40571, 0, 2, 2, 0, 0, 0
2638, 1, 0, 0, 0, 1, 0
2640, 1, 0, 0, 0, 0, 1
2641, 14, 8, 7, 1, 14, 0
51671, 10, 4, 3, 1, 10, 0
61895, 4, 3, 3, 0, 4, 0
67009, 2, 3, 3, 0, 2, 0
50237, 1, 1, 1, 0, 0, 1
3300, 1, 1, 0, 1, 0, 1
19661, 0, 6, 0, 6, 0, 0
33849, 0, 6, 0, 6, 0, 0
40348, 6, 2, 2, 0, 6, 0
41876, 4, 1, 0, 1, 1, 3
59015, 0, 1, 0, 1, 0, 0
59016, 0, 1, 0, 1, 0, 0
8264, 6, 13, 2, 11, 5, 1
33543, 1, 15, 1, 14, 1, 0
45457, 15, 5, 2, 3, 15, 0
54739, 2, 6, 0, 6, 1, 1
56154, 1, 27, 26, 1, 1, 0
58096, 2, 2, 0, 2, 2, 0
59621, 2, 5, 3, 2, 2, 0
60612, 1, 7, 2, 5, 1, 0
61131, 0, 2, 0, 2, 0, 0
70363, 0, 5, 0, 5, 0, 0
76209, 0, 2, 1, 1, 0, 0
82009, 0, 4, 0, 4, 0, 0
82923, 0, 2, 1, 1, 0, 0
82924, 0, 2, 0, 2, 0, 0
82925, 0, 1, 0, 1, 0, 0
82927, 0, 2, 0, 2, 0, 0
82928, 0, 1, 0, 1, 0, 0
82929, 0, 1, 0, 1, 0, 0
82930, 0, 1, 0, 1, 0, 0
82932, 0, 1, 0, 1, 0, 0
82934, 0, 2, 0, 2, 0, 0
82935, 0, 1, 0, 1, 0, 0
2649, 1, 0, 0, 0, 1, 0
3964, 1, 1, 0, 1, 1, 0
4041, 1, 1, 0, 1, 1, 0
4112, 1, 1, 0, 1, 1, 0
4263, 1, 1, 0, 1, 1, 0
6412, 1, 6, 3, 3, 1, 0
32445, 4, 6, 6, 0, 4, 0
98540, 6, 2, 2, 0, 6, 0
2651, 2, 0, 0, 0, 0, 2
11895, 8, 10, 9, 1, 8, 0
12936, 5, 22, 21, 1, 5, 0
52806, 4, 7, 7, 0, 4, 0
52807, 5, 6, 6, 0, 5, 0
52809, 11, 6, 6, 0, 11, 0
62879, 1, 6, 6, 0, 1, 0
67242, 10, 11, 11, 0, 10, 0
75832, 0, 1, 1, 0, 0, 0
2654, 1, 0, 0, 0, 1, 0
8896, 0, 2, 2, 0, 0, 0
107779, 3, 1, 1, 0, 3, 0
108931, 18, 5, 5, 0, 18, 0
2658, 1, 0, 0, 0, 1, 0
2660, 1, 0, 0, 0, 1, 0
2661, 1, 0, 0, 0, 1, 0
21487, 2, 2, 1, 1, 1, 1
55459, 0, 5, 5, 0, 0, 0
93896, 0, 1, 0, 1, 0, 0
2663, 1, 1, 1, 0, 1, 0
93663, 0, 1, 1, 0, 0, 0
98784, 0, 1, 0, 1, 0, 0
2666, 1, 0, 0, 0, 1, 0
2668, 2, 1, 1, 0, 2, 0
55062, 0, 2, 2, 0, 0, 0
62168, 0, 2, 2, 0, 0, 0
69981, 1, 1, 1, 0, 1, 0
81487, 2, 3, 3, 0, 2, 0
40328, 1, 1, 1, 0, 1, 0
75582, 0, 1, 0, 1, 0, 0
75583, 0, 1, 1, 0, 0, 0
2672, 1, 1, 1, 0, 1, 0
2673, 9, 4, 2, 2, 8, 1
40248, 1, 2, 2, 0, 1, 0
41185, 0, 6, 6, 0, 0, 0
2675, 1, 0, 0, 0, 1, 0
2676, 2, 0, 0, 0, 2, 0
3746, 20, 6, 2, 4, 11, 9
43919, 1, 3, 0, 3, 1, 0
57596, 1, 2, 0, 2, 0, 1
91931, 2, 3, 0, 3, 2, 0
92157, 0, 2, 0, 2, 0, 0
98640, 3, 4, 3, 1, 3, 0
105070, 0, 1, 0, 1, 0, 0
107965, 1, 1, 0, 1, 1, 0
128569, 11, 4, 4, 0, 9, 2
2678, 1, 0, 0, 0, 1, 0
2679, 0, 1, 1, 0, 0, 0
2680, 2, 0, 0, 0, 2, 0
2681, 1, 4, 4, 0, 1, 0
34507, 3, 4, 4, 0, 3, 0
2682, 2, 0, 0, 0, 2, 0
16166, 2, 2, 2, 0, 2, 0
37475, 2, 4, 4, 0, 2, 0
38421, 1, 2, 0, 2, 1, 0
2686, 0, 1, 1, 0, 0, 0
2687, 3, 1, 1, 0, 3, 0
2689, 0, 3, 3, 0, 0, 0
14621, 1, 16, 16, 0, 1, 0
23484, 1, 1, 1, 0, 1, 0
84321, 4, 1, 1, 0, 4, 0
86656, 0, 2, 2, 0, 0, 0
101978, 0, 1, 1, 0, 0, 0
101979, 1, 1, 1, 0, 1, 0
104113, 0, 1, 1, 0, 0, 0
109455, 1, 1, 1, 0, 1, 0
9223, 3, 5, 5, 0, 3, 0
2981, 8, 5, 4, 1, 8, 0
4141, 1, 2, 2, 0, 1, 0
4372, 2, 1, 1, 0, 2, 0
12088, 1, 2, 2, 0, 1, 0
22085, 1, 2, 2, 0, 1, 0
71205, 0, 2, 2, 0, 0, 0
96057, 6, 5, 5, 0, 6, 0
2692, 4, 3, 3, 0, 4, 0
94156, 2, 1, 0, 1, 2, 0
96727, 0, 1, 0, 1, 0, 0
9351, 14, 73, 71, 2, 12, 2
76754, 0, 1, 1, 0, 0, 0
76755, 0, 1, 1, 0, 0, 0
2693, 5, 0, 0, 0, 0, 5
2694, 12, 10, 8, 2, 11, 1
2695, 1, 2, 1, 1, 1, 0
2696, 5, 6, 5, 1, 5, 0
2697, 0, 12, 8, 4, 0, 0
2698, 0, 1, 0, 1, 0, 0
7025, 0, 2, 2, 0, 0, 0
7026, 16, 9, 8, 1, 16, 0
7028, 0, 2, 1, 1, 0, 0
66082, 1, 1, 1, 0, 1, 0
32459, 3, 4, 3, 1, 3, 0
68095, 4, 4, 4, 0, 4, 0
68096, 5, 5, 5, 0, 5, 0
69018, 16, 10, 10, 0, 16, 0
69019, 3, 2, 2, 0, 3, 0
2699, 1, 0, 0, 0, 1, 0
2700, 1, 1, 1, 0, 1, 0
109379, 5, 4, 2, 2, 5, 0
116569, 12, 4, 3, 1, 12, 0
2702, 3, 4, 4, 0, 3, 0
52009, 4, 1, 1, 0, 4, 0
2705, 2, 3, 2, 1, 2, 0
2707, 2, 3, 3, 0, 2, 0
2708, 2, 2, 1, 1, 2, 0
2709, 2, 2, 1, 1, 2, 0
2710, 1, 1, 1, 0, 1, 0
2711, 5, 3, 3, 0, 5, 0
2712, 5, 2, 2, 0, 2, 3
2713, 18, 54, 52, 2, 18, 0
12070, 50, 47, 47, 0, 49, 1
25572, 61, 51, 51, 0, 61, 0
26736, 19, 15, 14, 1, 19, 0
30272, 1, 1, 1, 0, 1, 0
44540, 2, 2, 2, 0, 2, 0
44802, 57, 55, 55, 0, 57, 0
44817, 31, 31, 31, 0, 31, 0
2714, 1, 0, 0, 0, 1, 0
2715, 1, 1, 1, 0, 1, 0
95434, 0, 1, 1, 0, 0, 0
96336, 5, 8, 8, 0, 5, 0
75147, 2, 3, 2, 1, 2, 0
3024, 21, 3, 3, 0, 19, 2
7779, 0, 2, 2, 0, 0, 0
8336, 4, 10, 9, 1, 3, 1
10016, 3, 6, 6, 0, 3, 0
12663, 0, 3, 0, 3, 0, 0
13590, 5, 5, 5, 0, 5, 0
19665, 2, 4, 3, 1, 2, 0
19718, 0, 4, 3, 1, 0, 0
19874, 1, 1, 0, 1, 1, 0
20090, 1, 7, 1, 6, 1, 0
20788, 0, 4, 4, 0, 0, 0
23705, 18, 10, 8, 2, 18, 0
24671, 17, 4, 3, 1, 17, 0
27347, 4, 9, 0, 9, 1, 3
28705, 1, 1, 0, 1, 1, 0
29214, 5, 1, 0, 1, 4, 1
29283, 0, 2, 0, 2, 0, 0
30149, 6, 4, 1, 3, 4, 2
30668, 5, 1, 1, 0, 5, 0
30746, 5, 4, 1, 3, 5, 0
31127, 3, 2, 0, 2, 2, 1
31766, 0, 3, 0, 3, 0, 0
33084, 4, 4, 2, 2, 3, 1
35917, 1, 6, 2, 4, 1, 0
36293, 1, 3, 1, 2, 1, 0
38935, 0, 2, 0, 2, 0, 0
40977, 0, 1, 0, 1, 0, 0
40978, 0, 1, 0, 1, 0, 0
40979, 0, 6, 0, 6, 0, 0
40981, 0, 2, 0, 2, 0, 0
40982, 0, 1, 0, 1, 0, 0
40984, 9, 5, 5, 0, 9, 0
40985, 0, 1, 0, 1, 0, 0
40986, 0, 3, 0, 3, 0, 0
40991, 0, 1, 0, 1, 0, 0
40992, 0, 1, 0, 1, 0, 0
40993, 0, 1, 0, 1, 0, 0
40995, 0, 3, 0, 3, 0, 0
40996, 0, 1, 0, 1, 0, 0
40997, 5, 6, 3, 3, 5, 0
40998, 0, 1, 0, 1, 0, 0
41001, 0, 1, 0, 1, 0, 0
41002, 0, 1, 0, 1, 0, 0
41003, 0, 1, 0, 1, 0, 0
41004, 0, 2, 1, 1, 0, 0
41005, 0, 1, 0, 1, 0, 0
41007, 0, 1, 0, 1, 0, 0
41008, 0, 1, 0, 1, 0, 0
41009, 0, 2, 2, 0, 0, 0
41012, 4, 8, 8, 0, 4, 0
41013, 0, 1, 1, 0, 0, 0
41014, 22, 6, 1, 5, 20, 2
41015, 1, 4, 0, 4, 1, 0
41018, 0, 2, 0, 2, 0, 0
41020, 0, 1, 0, 1, 0, 0
41023, 1, 4, 1, 3, 1, 0
41026, 11, 2, 2, 0, 9, 2
41027, 0, 1, 0, 1, 0, 0
41028, 0, 1, 0, 1, 0, 0
41030, 0, 3, 0, 3, 0, 0
41031, 0, 2, 2, 0, 0, 0
41032, 0, 1, 0, 1, 0, 0
41033, 0, 2, 0, 2, 0, 0
102910, 0, 1, 0, 1, 0, 0
93447, 1, 1, 1, 0, 1, 0
131728, 1, 1, 1, 0, 1, 0
2722, 1, 0, 0, 0, 0, 1
2724, 1, 0, 0, 0, 1, 0
2725, 1, 0, 0, 0, 1, 0
2726, 33, 30, 30, 0, 33, 0
13796, 29, 26, 26, 0, 29, 0
26305, 9, 9, 9, 0, 9, 0
46183, 38, 23, 23, 0, 37, 1
54017, 5, 20, 20, 0, 5, 0
63259, 4, 23, 23, 0, 4, 0
63262, 48, 24, 24, 0, 48, 0
66730, 37, 25, 25, 0, 37, 0
67384, 45, 27, 27, 0, 45, 0
71238, 0, 1, 1, 0, 0, 0
123232, 0, 1, 1, 0, 0, 0
31126, 4, 1, 1, 0, 1, 3
4108, 2, 1, 1, 0, 1, 1
30123, 0, 3, 2, 1, 0, 0
36287, 18, 16, 16, 0, 18, 0
9742, 20, 22, 20, 2, 20, 0
17906, 0, 4, 0, 4, 0, 0
18151, 11, 10, 10, 0, 10, 1
19972, 2, 6, 2, 4, 2, 0
28182, 1, 1, 0, 1, 1, 0
28253, 0, 2, 0, 2, 0, 0
36717, 0, 3, 0, 3, 0, 0
36718, 4, 3, 2, 1, 4, 0
36719, 0, 1, 0, 1, 0, 0
36720, 2, 11, 0, 11, 2, 0
36721, 0, 1, 0, 1, 0, 0
36722, 0, 2, 0, 2, 0, 0
36723, 0, 2, 0, 2, 0, 0
36724, 0, 2, 0, 2, 0, 0
36726, 0, 2, 0, 2, 0, 0
124464, 2, 1, 0, 1, 2, 0
124704, 1, 3, 0, 3, 1, 0
128404, 0, 1, 0, 1, 0, 0
2736, 13, 1, 0, 1, 13, 0
14381, 10, 8, 6, 2, 9, 1
28704, 12, 4, 4, 0, 12, 0
50633, 4, 7, 2, 5, 3, 1
88188, 0, 2, 0, 2, 0, 0
20014, 1, 8, 6, 2, 1, 0
36146, 9, 6, 6, 0, 9, 0
39770, 11, 11, 6, 5, 11, 0
41570, 3, 5, 3, 2, 3, 0
128723, 14, 1, 0, 1, 0, 14
2739, 1, 0, 0, 0, 1, 0
22053, 3, 3, 3, 0, 3, 0
31502, 4, 2, 2, 0, 4, 0
41805, 3, 3, 3, 0, 3, 0
48495, 1, 1, 1, 0, 0, 1
76624, 1, 2, 1, 1, 1, 0
91542, 0, 1, 1, 0, 0, 0
91543, 0, 1, 1, 0, 0, 0
91544, 0, 1, 1, 0, 0, 0
91545, 0, 1, 1, 0, 0, 0
94374, 1, 2, 2, 0, 1, 0
6039, 10, 11, 11, 0, 10, 0
37731, 5, 6, 6, 0, 3, 2
38176, 2, 1, 1, 0, 2, 0
47772, 2, 1, 1, 0, 2, 0
47773, 1, 3, 3, 0, 1, 0
55924, 1, 1, 1, 0, 1, 0
55992, 5, 3, 2, 1, 5, 0
57482, 12, 5, 5, 0, 12, 0
2745, 2, 1, 1, 0, 2, 0
6391, 4, 1, 1, 0, 3, 1
9654, 3, 3, 3, 0, 3, 0
33836, 0, 1, 1, 0, 0, 0
33837, 0, 4, 4, 0, 0, 0
33838, 0, 1, 1, 0, 0, 0
33839, 0, 3, 0, 3, 0, 0
33840, 0, 1, 1, 0, 0, 0
2749, 4, 1, 1, 0, 3, 1
39174, 0, 2, 0, 2, 0, 0
96625, 0, 1, 0, 1, 0, 0
96805, 4, 1, 0, 1, 4, 0
99390, 1, 2, 0, 2, 1, 0
105931, 0, 3, 3, 0, 0, 0
107342, 0, 3, 1, 2, 0, 0
111086, 0, 1, 0, 1, 0, 0
111676, 1, 3, 3, 0, 1, 0
115280, 0, 1, 0, 1, 0, 0
13806, 3, 4, 4, 0, 3, 0
19394, 4, 3, 2, 1, 4, 0
2750, 2, 1, 1, 0, 2, 0
13130, 2, 2, 2, 0, 2, 0
22161, 1, 3, 3, 0, 1, 0
22366, 2, 3, 3, 0, 2, 0
26140, 3, 3, 3, 0, 3, 0
40443, 0, 3, 3, 0, 0, 0
43365, 1, 1, 1, 0, 1, 0
43983, 3, 1, 1, 0, 3, 0
81778, 2, 4, 4, 0, 2, 0
89041, 1, 2, 2, 0, 1, 0
89042, 0, 1, 1, 0, 0, 0
114512, 1, 1, 1, 0, 1, 0
2754, 4, 0, 0, 0, 2, 2
5629, 2, 6, 6, 0, 2, 0
10114, 6, 3, 3, 0, 6, 0
17614, 2, 1, 1, 0, 2, 0
19653, 1, 1, 1, 0, 0, 1
21378, 9, 7, 7, 0, 9, 0
23571, 25, 5, 5, 0, 25, 0
27502, 5, 8, 8, 0, 5, 0
39849, 4, 4, 4, 0, 4, 0
97267, 0, 1, 1, 0, 0, 0
97356, 0, 1, 1, 0, 0, 0
97397, 0, 1, 1, 0, 0, 0
97439, 0, 1, 1, 0, 0, 0
97440, 0, 1, 1, 0, 0, 0
103452, 0, 2, 1, 1, 0, 0
103481, 3, 2, 2, 0, 2, 1
103482, 1, 1, 1, 0, 1, 0
105182, 3, 1, 1, 0, 3, 0
108861, 2, 4, 3, 1, 2, 0
109022, 0, 2, 2, 0, 0, 0
109720, 0, 1, 1, 0, 0, 0
115548, 1, 2, 1, 1, 1, 0
116032, 1, 3, 3, 0, 1, 0
24521, 8, 9, 9, 0, 8, 0
28206, 0, 4, 0, 4, 0, 0
29280, 1, 2, 0, 2, 1, 0
29603, 0, 7, 0, 7, 0, 0
94451, 2, 2, 2, 0, 2, 0
2759, 1, 0, 0, 0, 0, 1
2760, 6, 6, 4, 2, 6, 0
86935, 0, 1, 1, 0, 0, 0
64818, 1, 1, 0, 1, 1, 0
80819, 1, 1, 1, 0, 1, 0
36673, 3, 3, 3, 0, 3, 0
54129, 5, 3, 2, 1, 5, 0
92937, 0, 1, 0, 1, 0, 0
92938, 0, 1, 0, 1, 0, 0
2765, 1, 0, 0, 0, 0, 1
21540, 9, 10, 10, 0, 9, 0
21766, 2, 2, 2, 0, 2, 0
21767, 6, 6, 5, 1, 6, 0
26183, 2, 2, 2, 0, 2, 0
27659, 1, 1, 0, 1, 1, 0
28505, 10, 6, 6, 0, 10, 0
128930, 1, 1, 1, 0, 1, 0
2767, 1, 0, 0, 0, 0, 1
2768, 0, 2, 1, 1, 0, 0
2769, 1, 0, 0, 0, 0, 1
21108, 0, 2, 1, 1, 0, 0
31562, 19, 11, 11, 0, 19, 0
45419, 0, 1, 1, 0, 0, 0
2771, 1, 0, 0, 0, 1, 0
15360, 1, 2, 2, 0, 1, 0
21463, 57, 33, 31, 2, 31, 26
2773, 1, 1, 1, 0, 1, 0
2774, 1, 1, 1, 0, 1, 0
2777, 1, 0, 0, 0, 1, 0
41909, 2, 2, 2, 0, 2, 0
49899, 1, 18, 17, 1, 1, 0
52924, 2, 3, 0, 3, 1, 1
69060, 41, 8, 8, 0, 41, 0
78654, 0, 1, 0, 1, 0, 0
78655, 0, 2, 2, 0, 0, 0
88012, 0, 2, 0, 2, 0, 0
2779, 1, 0, 0, 0, 1, 0
2781, 1, 0, 0, 0, 1, 0
24691, 1, 3, 3, 0, 1, 0
2783, 1, 0, 0, 0, 1, 0
15336, 2, 8, 8, 0, 2, 0
41320, 1, 14, 14, 0, 1, 0
56975, 6, 8, 8, 0, 6, 0
56976, 9, 6, 6, 0, 9, 0
56977, 0, 11, 11, 0, 0, 0
56978, 14, 7, 7, 0, 12, 2
56979, 2, 3, 3, 0, 2, 0
2785, 1, 0, 0, 0, 0, 1
5473, 1, 1, 1, 0, 1, 0
2787, 2, 0, 0, 0, 0, 2
93294, 0, 1, 0, 1, 0, 0
45638, 7, 14, 11, 3, 7, 0
2789, 3, 0, 0, 0, 0, 3
14776, 2, 3, 3, 0, 2, 0
14829, 0, 1, 1, 0, 0, 0
126937, 5, 7, 7, 0, 5, 0
8274, 1, 1, 1, 0, 1, 0
2793, 1, 0, 0, 0, 1, 0
2794, 1, 0, 0, 0, 1, 0
2795, 2, 0, 0, 0, 2, 0
2796, 0, 1, 1, 0, 0, 0
2797, 0, 2, 2, 0, 0, 0
99060, 16, 8, 6, 2, 16, 0
23500, 3, 1, 1, 0, 3, 0
25330, 6, 9, 9, 0, 6, 0
32025, 1, 1, 1, 0, 1, 0
32196, 0, 1, 1, 0, 0, 0
94606, 1, 1, 1, 0, 1, 0
98137, 8, 3, 3, 0, 8, 0
99391, 1, 2, 1, 1, 1, 0
2801, 1, 0, 0, 0, 1, 0
2802, 1, 0, 0, 0, 0, 1
43245, 1, 1, 0, 1, 1, 0
4034, 2, 1, 1, 0, 2, 0
7425, 5, 5, 4, 1, 5, 0
9594, 0, 2, 1, 1, 0, 0
21268, 7, 10, 0, 10, 7, 0
23647, 0, 5, 0, 5, 0, 0
24934, 0, 3, 0, 3, 0, 0
32640, 2, 1, 0, 1, 2, 0
79137, 0, 1, 0, 1, 0, 0
79138, 0, 1, 0, 1, 0, 0
79139, 0, 2, 0, 2, 0, 0
79140, 0, 1, 0, 1, 0, 0
79141, 0, 3, 0, 3, 0, 0
79142, 1, 3, 0, 3, 1, 0
79143, 0, 1, 0, 1, 0, 0
97249, 0, 1, 1, 0, 0, 0
2805, 1, 0, 0, 0, 1, 0
2806, 0, 3, 3, 0, 0, 0
2807, 1, 0, 0, 0, 1, 0
2809, 1, 1, 0, 1, 1, 0
2810, 1, 1, 1, 0, 1, 0
2811, 4, 3, 3, 0, 4, 0
51800, 7, 3, 3, 0, 7, 0
60718, 0, 1, 1, 0, 0, 0
2813, 1, 0, 0, 0, 1, 0
2814, 3, 1, 1, 0, 3, 0
2815, 1, 1, 1, 0, 1, 0
2819, 4, 3, 3, 0, 4, 0
71523, 6, 2, 2, 0, 6, 0
79202, 2, 3, 3, 0, 2, 0
118242, 0, 1, 1, 0, 0, 0
2820, 1, 0, 0, 0, 1, 0
2821, 1, 0, 0, 0, 1, 0
2822, 1, 0, 0, 0, 1, 0
2823, 1, 0, 0, 0, 1, 0
2824, 0, 2, 2, 0, 0, 0
2825, 2, 0, 0, 0, 1, 1
2826, 1, 2, 2, 0, 1, 0
15512, 1, 1, 1, 0, 1, 0
15522, 0, 1, 1, 0, 0, 0
15524, 6, 4, 4, 0, 5, 1
15526, 0, 4, 0, 4, 0, 0
2828, 1, 0, 0, 0, 1, 0
2829, 1, 0, 0, 0, 1, 0
24857, 2, 1, 1, 0, 1, 1
2831, 1, 0, 0, 0, 1, 0
2832, 1, 0, 0, 0, 1, 0
2833, 2, 0, 0, 0, 2, 0
56833, 0, 1, 1, 0, 0, 0
16285, 12, 8, 8, 0, 12, 0
19513, 2, 6, 3, 3, 2, 0
19882, 8, 3, 2, 1, 8, 0
21683, 1, 2, 2, 0, 1, 0
21856, 2, 2, 2, 0, 2, 0
23292, 26, 9, 9, 0, 24, 2
50185, 6, 3, 3, 0, 6, 0
68773, 0, 1, 1, 0, 0, 0
68774, 0, 1, 1, 0, 0, 0
68775, 0, 1, 1, 0, 0, 0
2836, 2, 0, 0, 0, 2, 0
2837, 3, 0, 0, 0, 2, 1
2838, 1, 1, 1, 0, 1, 0
3315, 7, 2, 2, 0, 7, 0
6667, 2, 2, 1, 1, 2, 0
15757, 7, 2, 2, 0, 7, 0
16268, 2, 2, 1, 1, 2, 0
17101, 7, 2, 2, 0, 7, 0
18387, 0, 1, 1, 0, 0, 0
18388, 0, 5, 1, 4, 0, 0
18389, 0, 2, 2, 0, 0, 0
18390, 0, 1, 1, 0, 0, 0
18391, 0, 3, 3, 0, 0, 0
18392, 10, 4, 4, 0, 7, 3
2840, 1, 0, 0, 0, 1, 0
8792, 1, 7, 7, 0, 1, 0
11125, 18, 17, 16, 1, 18, 0
11569, 15, 9, 5, 4, 15, 0
12020, 14, 13, 13, 0, 9, 5
13326, 6, 5, 5, 0, 6, 0
17957, 13, 48, 46, 2, 6, 7
22909, 8, 10, 10, 0, 6, 2
23094, 5, 3, 3, 0, 5, 0
25005, 36, 26, 25, 1, 36, 0
25153, 18, 8, 7, 1, 14, 4
29903, 3, 12, 12, 0, 3, 0
30028, 0, 3, 3, 0, 0, 0
32616, 7, 20, 20, 0, 7, 0
34417, 11, 11, 11, 0, 11, 0
36372, 8, 7, 6, 1, 6, 2
36494, 5, 5, 5, 0, 5, 0
38112, 4, 3, 3, 0, 4, 0
39720, 4, 1, 1, 0, 4, 0
40101, 3, 7, 7, 0, 3, 0
40191, 7, 10, 9, 1, 5, 2
40626, 1, 1, 1, 0, 1, 0
42041, 23, 1, 1, 0, 7, 16
43247, 1, 2, 2, 0, 1, 0
43501, 7, 7, 7, 0, 7, 0
43729, 1, 2, 2, 0, 1, 0
44519, 36, 13, 12, 1, 30, 6
44696, 2, 1, 1, 0, 2, 0
46541, 4, 4, 4, 0, 4, 0
47383, 18, 14, 11, 3, 17, 1
49107, 4, 5, 4, 1, 4, 0
49218, 2, 2, 2, 0, 2, 0
49488, 10, 5, 4, 1, 10, 0
49498, 24, 9, 9, 0, 24, 0
50058, 5, 6, 6, 0, 4, 1
50385, 0, 2, 2, 0, 0, 0
50489, 10, 3, 3, 0, 10, 0
51547, 40, 51, 51, 0, 40, 0
51921, 30, 9, 9, 0, 30, 0
53349, 0, 2, 2, 0, 0, 0
53355, 0, 2, 2, 0, 0, 0
54360, 4, 3, 3, 0, 4, 0
56093, 1, 1, 1, 0, 1, 0
58909, 23, 19, 18, 1, 23, 0
60602, 4, 11, 11, 0, 4, 0
61197, 6, 5, 5, 0, 6, 0
62732, 2, 3, 3, 0, 2, 0
65137, 3, 3, 3, 0, 3, 0
65277, 12, 10, 10, 0, 12, 0
65279, 9, 4, 4, 0, 9, 0
65280, 6, 2, 2, 0, 5, 1
65281, 3, 3, 3, 0, 3, 0
65283, 0, 1, 1, 0, 0, 0
65284, 0, 1, 1, 0, 0, 0
65285, 0, 1, 1, 0, 0, 0
65286, 3, 7, 7, 0, 3, 0
65287, 2, 3, 3, 0, 2, 0
65289, 0, 2, 2, 0, 0, 0
65290, 1, 1, 1, 0, 1, 0
65291, 0, 1, 1, 0, 0, 0
65292, 2, 6, 6, 0, 2, 0
65293, 1, 5, 5, 0, 1, 0
65294, 1, 2, 2, 0, 1, 0
65295, 0, 1, 1, 0, 0, 0
65296, 0, 1, 1, 0, 0, 0
65297, 0, 1, 1, 0, 0, 0
67323, 2, 1, 1, 0, 2, 0
17366, 0, 6, 4, 2, 0, 0
29333, 3, 1, 0, 1, 2, 1
38786, 2, 3, 1, 2, 2, 0
42343, 1, 2, 1, 1, 1, 0
51036, 3, 6, 2, 4, 3, 0
105302, 1, 1, 0, 1, 0, 1
106481, 0, 2, 1, 1, 0, 0
108372, 3, 6, 4, 2, 3, 0
111050, 0, 1, 0, 1, 0, 0
113964, 0, 1, 0, 1, 0, 0
114012, 3, 2, 0, 2, 3, 0
114013, 0, 3, 1, 2, 0, 0
114698, 0, 2, 0, 2, 0, 0
114784, 0, 1, 0, 1, 0, 0
115077, 3, 2, 1, 1, 3, 0
115977, 0, 2, 0, 2, 0, 0
116339, 0, 2, 0, 2, 0, 0
116397, 0, 2, 0, 2, 0, 0
116473, 0, 10, 0, 10, 0, 0
116716, 0, 7, 0, 7, 0, 0
118285, 0, 1, 0, 1, 0, 0
121404, 0, 3, 0, 3, 0, 0
121930, 0, 3, 0, 3, 0, 0
122481, 0, 2, 0, 2, 0, 0
122483, 0, 1, 0, 1, 0, 0
122753, 0, 1, 0, 1, 0, 0
123045, 0, 4, 0, 4, 0, 0
123153, 0, 1, 0, 1, 0, 0
123351, 0, 2, 0, 2, 0, 0
124097, 2, 1, 0, 1, 2, 0
127887, 0, 1, 0, 1, 0, 0
129455, 0, 2, 0, 2, 0, 0
2843, 1, 0, 0, 0, 1, 0
2844, 6, 0, 0, 0, 3, 3
2845, 2, 4, 1, 3, 2, 0
2846, 0, 1, 1, 0, 0, 0
22865, 8, 8, 8, 0, 8, 0
74015, 5, 7, 5, 2, 2, 3
74016, 3, 4, 4, 0, 3, 0
10903, 0, 1, 1, 0, 0, 0
2849, 1, 1, 1, 0, 1, 0
4396, 1, 1, 1, 0, 1, 0
111614, 0, 1, 0, 1, 0, 0
2851, 1, 0, 0, 0, 1, 0
2853, 0, 1, 1, 0, 0, 0
14260, 5, 10, 4, 6, 5, 0
31299, 9, 9, 9, 0, 8, 1
35598, 4, 3, 2, 1, 4, 0
40317, 6, 3, 2, 1, 5, 1
41399, 1, 1, 0, 1, 1, 0
45825, 11, 2, 2, 0, 11, 0
46560, 1, 7, 1, 6, 1, 0
50569, 0, 4, 0, 4, 0, 0
57111, 1, 6, 5, 1, 0, 1
58558, 0, 4, 3, 1, 0, 0
62698, 0, 2, 0, 2, 0, 0
62871, 19, 23, 22, 1, 18, 1
76580, 0, 1, 0, 1, 0, 0
76581, 0, 1, 0, 1, 0, 0
2855, 1, 2, 1, 1, 1, 0
2856, 1, 1, 1, 0, 1, 0
11187, 12, 14, 14, 0, 9, 3
13860, 7, 8, 8, 0, 6, 1
14053, 22, 10, 10, 0, 20, 2
22783, 7, 1, 1, 0, 7, 0
28601, 5, 4, 4, 0, 5, 0
70562, 0, 1, 1, 0, 0, 0
114623, 6, 2, 2, 0, 6, 0
4379, 8, 22, 19, 3, 6, 2
4382, 5, 3, 3, 0, 5, 0
101278, 0, 1, 0, 1, 0, 0
108363, 3, 3, 3, 0, 3, 0
121736, 0, 1, 0, 1, 0, 0
130946, 0, 4, 4, 0, 0, 0
2860, 1, 0, 0, 0, 1, 0
2861, 0, 2, 2, 0, 0, 0
2862, 1, 0, 0, 0, 1, 0
2863, 1, 0, 0, 0, 1, 0
10135, 31, 23, 22, 1, 27, 4
14488, 2, 7, 7, 0, 1, 1
15175, 5, 2, 2, 0, 5, 0
92254, 0, 1, 1, 0, 0, 0
92255, 0, 2, 2, 0, 0, 0
2865, 1, 0, 0, 0, 1, 0
7901, 0, 9, 2, 7, 0, 0
44738, 0, 6, 2, 4, 0, 0
88785, 1, 1, 1, 0, 1, 0
94194, 1, 1, 1, 0, 1, 0
2867, 1, 0, 0, 0, 1, 0
17829, 1, 3, 3, 0, 1, 0
89670, 2, 1, 1, 0, 2, 0
90104, 0, 1, 0, 1, 0, 0
2869, 1, 0, 0, 0, 1, 0
2870, 1, 0, 0, 0, 1, 0
2871, 1, 1, 1, 0, 1, 0
2873, 10, 2, 2, 0, 5, 5
2875, 0, 1, 0, 1, 0, 0
2877, 7, 11, 10, 1, 7, 0
43655, 0, 2, 2, 0, 0, 0
112842, 0, 1, 0, 1, 0, 0
25382, 23, 14, 14, 0, 18, 5
42982, 7, 20, 20, 0, 7, 0
51685, 33, 10, 10, 0, 24, 9
51686, 12, 5, 5, 0, 6, 6
64367, 4, 5, 5, 0, 4, 0
82362, 19, 7, 7, 0, 19, 0
86259, 2, 2, 2, 0, 2, 0
86921, 3, 1, 1, 0, 3, 0
86922, 0, 2, 2, 0, 0, 0
88069, 2, 1, 1, 0, 2, 0
92031, 0, 1, 1, 0, 0, 0
92032, 0, 2, 2, 0, 0, 0
110864, 0, 2, 2, 0, 0, 0
116690, 1, 3, 3, 0, 1, 0
31689, 2, 2, 0, 2, 1, 1
54692, 4, 6, 4, 2, 4, 0
88854, 1, 1, 1, 0, 1, 0
64238, 0, 1, 1, 0, 0, 0
49101, 1, 1, 1, 0, 1, 0
13537, 5, 17, 17, 0, 5, 0
21296, 38, 15, 15, 0, 37, 1
22379, 4, 9, 7, 2, 3, 1
26224, 26, 8, 8, 0, 26, 0
49892, 37, 14, 13, 1, 36, 1
54337, 11, 4, 2, 2, 8, 3
81293, 0, 2, 0, 2, 0, 0
2880, 1, 0, 0, 0, 1, 0
2881, 3, 4, 3, 1, 3, 0
2882, 1, 1, 1, 0, 1, 0
15042, 13, 11, 10, 1, 13, 0
22928, 11, 5, 5, 0, 11, 0
26804, 51, 13, 11, 2, 50, 1
45066, 6, 13, 10, 3, 6, 0
51095, 35, 10, 10, 0, 35, 0
52632, 10, 7, 6, 1, 10, 0
57218, 4, 6, 6, 0, 4, 0
61349, 26, 14, 14, 0, 26, 0
62331, 1, 4, 2, 2, 1, 0
72299, 1, 4, 4, 0, 1, 0
75199, 5, 7, 7, 0, 4, 1
75428, 3, 2, 2, 0, 3, 0
2887, 1, 0, 0, 0, 0, 1
13441, 3, 9, 9, 0, 3, 0
24484, 8, 17, 16, 1, 8, 0
26278, 8, 8, 8, 0, 8, 0
27064, 5, 6, 6, 0, 5, 0
27793, 5, 1, 1, 0, 5, 0
37286, 3, 1, 1, 0, 3, 0
46788, 0, 1, 1, 0, 0, 0
46789, 4, 3, 3, 0, 4, 0
107682, 2, 3, 3, 0, 1, 1
108460, 0, 3, 2, 1, 0, 0
109007, 0, 1, 1, 0, 0, 0
114135, 10, 2, 2, 0, 10, 0
114664, 5, 3, 3, 0, 4, 1
116031, 2, 3, 3, 0, 2, 0
116055, 0, 1, 1, 0, 0, 0
116394, 0, 1, 1, 0, 0, 0
116744, 4, 4, 4, 0, 4, 0
122679, 3, 2, 2, 0, 3, 0
129365, 6, 3, 3, 0, 6, 0
131746, 0, 1, 1, 0, 0, 0
10651, 1, 1, 1, 0, 1, 0
2890, 1, 0, 0, 0, 1, 0
2891, 2, 0, 0, 0, 1, 1
31811, 0, 5, 4, 1, 0, 0
66502, 0, 1, 0, 1, 0, 0
66503, 0, 1, 1, 0, 0, 0
2893, 1, 0, 0, 0, 1, 0
2894, 1, 1, 1, 0, 1, 0
43294, 5, 3, 1, 2, 3, 2
11896, 93, 30, 24, 6, 91, 2
11901, 4, 4, 4, 0, 4, 0
11925, 2, 3, 3, 0, 2, 0
11926, 4, 4, 4, 0, 4, 0
11928, 5, 4, 4, 0, 5, 0
12496, 6, 3, 3, 0, 6, 0
52919, 0, 2, 2, 0, 0, 0
2897, 1, 0, 0, 0, 1, 0
20739, 0, 4, 0, 4, 0, 0
12757, 7, 2, 0, 2, 6, 1
17057, 10, 7, 7, 0, 10, 0
45460, 4, 3, 3, 0, 2, 2
59748, 5, 3, 2, 1, 5, 0
61445, 4, 3, 3, 0, 4, 0
61446, 0, 7, 0, 7, 0, 0
93211, 2, 1, 0, 1, 2, 0
93667, 4, 5, 4, 1, 4, 0
125861, 0, 1, 0, 1, 0, 0
125994, 4, 3, 2, 1, 4, 0
130962, 0, 1, 0, 1, 0, 0
9854, 19, 5, 5, 0, 18, 1
11302, 1, 1, 1, 0, 1, 0
12282, 2, 1, 1, 0, 2, 0
12877, 14, 5, 4, 1, 14, 0
14869, 2, 3, 3, 0, 1, 1
15838, 23, 10, 10, 0, 22, 1
2905, 3, 0, 0, 0, 3, 0
26799, 0, 4, 3, 1, 0, 0
30479, 2, 5, 4, 1, 2, 0
40807, 5, 6, 4, 2, 5, 0
48693, 10, 13, 12, 1, 10, 0
66903, 1, 2, 2, 0, 1, 0
100816, 1, 1, 1, 0, 1, 0
6814, 2, 1, 1, 0, 2, 0
8294, 21, 21, 19, 2, 16, 5
10397, 22, 25, 25, 0, 22, 0
21095, 4, 6, 6, 0, 4, 0
29682, 26, 34, 33, 1, 26, 0
29868, 4, 11, 11, 0, 4, 0
33659, 10, 1, 1, 0, 7, 3
36140, 4, 2, 2, 0, 4, 0
43717, 28, 23, 22, 1, 28, 0
50826, 10, 3, 3, 0, 10, 0
51339, 1, 1, 1, 0, 1, 0
72457, 11, 12, 10, 2, 11, 0
80163, 2, 2, 2, 0, 2, 0
80177, 2, 1, 1, 0, 2, 0
87446, 1, 1, 1, 0, 1, 0
87645, 1, 1, 1, 0, 1, 0
87947, 0, 1, 0, 1, 0, 0
87948, 0, 1, 0, 1, 0, 0
87949, 0, 2, 1, 1, 0, 0
102195, 3, 3, 0, 3, 0, 3
2909, 2, 0, 0, 0, 2, 0
4031, 14, 49, 48, 1, 14, 0
72548, 3, 5, 5, 0, 3, 0
2911, 1, 0, 0, 0, 1, 0
16636, 2, 1, 1, 0, 2, 0
2913, 1, 0, 0, 0, 1, 0
11281, 52, 27, 27, 0, 52, 0
11973, 6, 6, 6, 0, 5, 1
11974, 7, 35, 32, 3, 6, 1
11976, 0, 8, 1, 7, 0, 0
11977, 14, 48, 48, 0, 13, 1
12003, 33, 23, 20, 3, 33, 0
13987, 27, 26, 26, 0, 26, 1
22228, 1, 23, 23, 0, 1, 0
23805, 43, 41, 41, 0, 43, 0
26584, 113, 18, 18, 0, 112, 1
29192, 13, 7, 7, 0, 12, 1
31007, 1, 1, 0, 1, 1, 0
35754, 14, 14, 14, 0, 14, 0
38310, 66, 51, 51, 0, 66, 0
38814, 11, 1, 0, 1, 9, 2
41474, 1, 5, 0, 5, 1, 0
48492, 23, 15, 15, 0, 23, 0
50851, 6, 6, 5, 1, 6, 0
51577, 53, 13, 11, 2, 53, 0
53687, 4, 1, 0, 1, 4, 0
53804, 17, 39, 38, 1, 17, 0
55209, 44, 5, 5, 0, 35, 9
62747, 16, 16, 16, 0, 16, 0
63184, 1, 4, 3, 1, 1, 0
63185, 2, 3, 2, 1, 2, 0
63186, 3, 5, 4, 1, 3, 0
65781, 85, 32, 31, 1, 85, 0
67883, 23, 16, 16, 0, 23, 0
68187, 12, 11, 11, 0, 12, 0
69094, 0, 3, 3, 0, 0, 0
69142, 0, 2, 2, 0, 0, 0
69245, 0, 4, 0, 4, 0, 0
75230, 0, 2, 2, 0, 0, 0
75231, 0, 1, 1, 0, 0, 0
75232, 0, 1, 0, 1, 0, 0
75233, 1, 2, 1, 1, 0, 1
2915, 2, 0, 0, 0, 2, 0
2916, 2, 2, 2, 0, 2, 0
2917, 1, 3, 3, 0, 1, 0
3610, 0, 2, 2, 0, 0, 0
2918, 1, 0, 0, 0, 0, 1
2920, 1, 0, 0, 0, 1, 0
2921, 2, 0, 0, 0, 2, 0
2922, 1, 0, 0, 0, 1, 0
2923, 0, 1, 1, 0, 0, 0
2924, 1, 1, 0, 1, 1, 0
2926, 1, 0, 0, 0, 1, 0
27174, 6, 7, 5, 2, 5, 1
31929, 5, 1, 0, 1, 5, 0
33584, 0, 2, 1, 1, 0, 0
35096, 0, 3, 3, 0, 0, 0
35098, 2, 1, 0, 1, 1, 1
104674, 2, 4, 0, 4, 2, 0
2928, 1, 1, 1, 0, 1, 0
2930, 1, 0, 0, 0, 0, 1
15065, 3, 2, 2, 0, 3, 0
16263, 25, 11, 10, 1, 3, 22
21236, 9, 20, 19, 1, 9, 0
21377, 1, 1, 0, 1, 1, 0
22560, 5, 8, 7, 1, 5, 0
33902, 16, 11, 11, 0, 16, 0
37398, 13, 1, 1, 0, 12, 1
37399, 16, 12, 11, 1, 13, 3
37400, 5, 2, 2, 0, 5, 0
105559, 0, 1, 1, 0, 0, 0
2932, 1, 0, 0, 0, 1, 0
2933, 2, 0, 0, 0, 2, 0
20501, 2, 2, 2, 0, 1, 1
20502, 13, 6, 5, 1, 12, 1
20798, 6, 7, 7, 0, 6, 0
76053, 0, 2, 2, 0, 0, 0
76054, 0, 1, 1, 0, 0, 0
2935, 3, 2, 2, 0, 3, 0
9502, 0, 2, 2, 0, 0, 0
9678, 25, 11, 11, 0, 24, 1
12551, 10, 5, 5, 0, 10, 0
15357, 5, 2, 2, 0, 5, 0
16260, 3, 4, 4, 0, 3, 0
21660, 8, 20, 20, 0, 8, 0
39236, 27, 5, 3, 2, 27, 0
59030, 1, 1, 1, 0, 1, 0
82551, 0, 3, 3, 0, 0, 0
82552, 0, 4, 4, 0, 0, 0
96161, 3, 2, 2, 0, 3, 0
99573, 0, 2, 2, 0, 0, 0
106544, 5, 4, 3, 1, 5, 0
106856, 1, 2, 1, 1, 1, 0
95742, 1, 2, 2, 0, 1, 0
95743, 0, 1, 1, 0, 0, 0
2940, 1, 0, 0, 0, 1, 0
12893, 4, 9, 3, 6, 4, 0
17800, 1, 5, 1, 4, 1, 0
26254, 7, 5, 3, 2, 7, 0
26460, 1, 1, 0, 1, 1, 0
38631, 1, 8, 2, 6, 1, 0
42897, 4, 9, 4, 5, 4, 0
44416, 3, 9, 6, 3, 3, 0
58994, 0, 1, 0, 1, 0, 0
58996, 0, 1, 0, 1, 0, 0
58997, 0, 1, 0, 1, 0, 0
122938, 0, 1, 0, 1, 0, 0
126313, 0, 2, 0, 2, 0, 0
16249, 15, 4, 4, 0, 13, 2
22972, 0, 4, 3, 1, 0, 0
98908, 3, 5, 5, 0, 3, 0
47442, 4, 4, 4, 0, 4, 0
84275, 0, 1, 1, 0, 0, 0
2945, 3, 1, 1, 0, 3, 0
2946, 0, 1, 1, 0, 0, 0
2948, 4, 2, 1, 1, 4, 0
62149, 12, 16, 14, 2, 10, 2
82980, 0, 1, 1, 0, 0, 0
2949, 1, 0, 0, 0, 1, 0
2950, 19, 23, 22, 1, 19, 0
13494, 4, 20, 20, 0, 4, 0
32155, 7, 29, 29, 0, 7, 0
36389, 27, 17, 17, 0, 20, 7
48529, 10, 3, 3, 0, 10, 0
61756, 3, 5, 5, 0, 3, 0
61757, 14, 7, 7, 0, 13, 1
64756, 9, 17, 17, 0, 8, 1
71247, 1, 1, 1, 0, 1, 0
89505, 1, 2, 2, 0, 1, 0
89674, 2, 3, 3, 0, 2, 0
2951, 1, 0, 0, 0, 1, 0
2952, 1, 0, 0, 0, 1, 0
2953, 0, 7, 7, 0, 0, 0
10171, 9, 8, 8, 0, 9, 0
11318, 3, 2, 2, 0, 3, 0
21344, 0, 5, 4, 1, 0, 0
23410, 15, 15, 14, 1, 9, 6
36074, 1, 9, 4, 5, 1, 0
39272, 3, 3, 3, 0, 3, 0
39273, 7, 5, 5, 0, 7, 0
42100, 0, 2, 2, 0, 0, 0
44366, 2, 5, 5, 0, 2, 0
52285, 23, 2, 2, 0, 22, 1
58013, 7, 16, 16, 0, 7, 0
60317, 1, 3, 3, 0, 1, 0
67404, 10, 8, 8, 0, 10, 0
69185, 0, 4, 4, 0, 0, 0
72456, 6, 9, 9, 0, 6, 0
81139, 1, 1, 1, 0, 1, 0
83681, 0, 1, 1, 0, 0, 0
94640, 1, 5, 5, 0, 1, 0
98337, 0, 1, 1, 0, 0, 0
98598, 0, 1, 1, 0, 0, 0
99432, 0, 1, 1, 0, 0, 0
99630, 1, 1, 1, 0, 1, 0
101260, 0, 2, 2, 0, 0, 0
102286, 7, 5, 4, 1, 7, 0
28713, 3, 1, 1, 0, 2, 1
9347, 6, 8, 8, 0, 6, 0
11290, 20, 8, 6, 2, 13, 7
12756, 1, 1, 1, 0, 1, 0
70273, 3, 3, 3, 0, 2, 1
93878, 1, 5, 5, 0, 1, 0
2960, 1, 0, 0, 0, 0, 1
2961, 0, 2, 1, 1, 0, 0
2962, 4, 2, 2, 0, 4, 0
3920, 2, 3, 1, 2, 0, 2
7000, 3, 2, 2, 0, 3, 0
20297, 0, 5, 0, 5, 0, 0
24698, 2, 5, 5, 0, 2, 0
26395, 0, 3, 0, 3, 0, 0
28459, 0, 4, 0, 4, 0, 0
29209, 3, 3, 3, 0, 3, 0
53197, 13, 7, 7, 0, 13, 0
53200, 0, 2, 0, 2, 0, 0
123764, 1, 1, 1, 0, 1, 0
126181, 4, 4, 4, 0, 4, 0
8979, 4, 2, 2, 0, 4, 0
29207, 1, 1, 1, 0, 1, 0
29208, 0, 1, 1, 0, 0, 0
29210, 0, 1, 1, 0, 0, 0
16383, 1, 2, 2, 0, 1, 0
28333, 0, 2, 2, 0, 0, 0
40302, 1, 3, 3, 0, 1, 0
52259, 0, 1, 1, 0, 0, 0
52260, 0, 1, 1, 0, 0, 0
52261, 0, 1, 1, 0, 0, 0
52262, 0, 1, 1, 0, 0, 0
52263, 0, 1, 1, 0, 0, 0
52264, 0, 1, 1, 0, 0, 0
52265, 0, 1, 1, 0, 0, 0
2967, 1, 0, 0, 0, 1, 0
2969, 1, 0, 0, 0, 1, 0
12810, 7, 7, 7, 0, 6, 1
30662, 0, 3, 0, 3, 0, 0
2972, 1, 1, 1, 0, 1, 0
2973, 3, 15, 14, 1, 3, 0
3421, 1, 1, 1, 0, 1, 0
3431, 1, 1, 1, 0, 1, 0
2974, 7, 2, 2, 0, 7, 0
121916, 1, 1, 1, 0, 1, 0
25036, 9, 5, 4, 1, 6, 3
58746, 11, 9, 8, 1, 11, 0
94819, 8, 2, 2, 0, 8, 0
95393, 2, 1, 1, 0, 2, 0
102378, 2, 4, 3, 1, 2, 0
102392, 1, 1, 1, 0, 1, 0
109604, 0, 1, 1, 0, 0, 0
109958, 2, 4, 3, 1, 2, 0
2977, 1, 0, 0, 0, 1, 0
2978, 1, 0, 0, 0, 1, 0
117401, 2, 2, 2, 0, 2, 0
3025, 0, 1, 1, 0, 0, 0
3026, 0, 1, 1, 0, 0, 0
3027, 0, 1, 1, 0, 0, 0
3028, 0, 1, 1, 0, 0, 0
2983, 1, 0, 0, 0, 1, 0
27800, 5, 5, 5, 0, 5, 0
106510, 2, 4, 3, 1, 2, 0
4038, 2, 3, 3, 0, 2, 0
2986, 1, 0, 0, 0, 1, 0
2988, 1, 0, 0, 0, 1, 0
2989, 10, 6, 5, 1, 10, 0
95405, 6, 1, 1, 0, 6, 0
2990, 1, 0, 0, 0, 1, 0
2991, 0, 1, 1, 0, 0, 0
41626, 1, 2, 0, 2, 1, 0
41968, 2, 3, 1, 2, 2, 0
44857, 1, 3, 3, 0, 1, 0
44858, 1, 3, 3, 0, 1, 0
44859, 41, 9, 8, 1, 25, 16
44860, 15, 5, 5, 0, 14, 1
69145, 29, 11, 11, 0, 29, 0
115177, 0, 1, 1, 0, 0, 0
5709, 10, 2, 2, 0, 10, 0
5802, 0, 10, 10, 0, 0, 0
6447, 3, 1, 1, 0, 3, 0
7684, 0, 3, 3, 0, 0, 0
10427, 0, 1, 1, 0, 0, 0
10429, 0, 1, 1, 0, 0, 0
34847, 10, 7, 6, 1, 7, 3
99104, 3, 3, 3, 0, 3, 0
105464, 0, 1, 1, 0, 0, 0
2997, 1, 0, 0, 0, 1, 0
100080, 0, 2, 0, 2, 0, 0
118005, 2, 3, 3, 0, 2, 0
2999, 3, 0, 0, 0, 3, 0
23192, 8, 6, 6, 0, 7, 1
3001, 1, 0, 0, 0, 1, 0
3002, 1, 0, 0, 0, 1, 0
3003, 0, 1, 1, 0, 0, 0
3004, 1, 0, 0, 0, 1, 0
3008, 1, 0, 0, 0, 1, 0
3009, 5, 0, 0, 0, 0, 5
3012, 0, 1, 0, 1, 0, 0
33456, 0, 3, 0, 3, 0, 0
39824, 2, 2, 1, 1, 1, 1
40415, 3, 2, 2, 0, 3, 0
54065, 5, 3, 3, 0, 5, 0
71987, 63, 11, 11, 0, 63, 0
97407, 0, 1, 1, 0, 0, 0
3014, 1, 0, 0, 0, 1, 0
20475, 1, 2, 1, 1, 1, 0
28229, 2, 1, 1, 0, 2, 0
3016, 2, 0, 0, 0, 2, 0
7911, 5, 7, 7, 0, 4, 1
35380, 1, 2, 0, 2, 1, 0
3018, 1, 1, 0, 1, 1, 0
3020, 1, 0, 0, 0, 1, 0
40256, 0, 3, 2, 1, 0, 0
56869, 17, 9, 8, 1, 17, 0
3022, 1, 2, 0, 2, 1, 0
3023, 1, 0, 0, 0, 1, 0
3378, 0, 2, 2, 0, 0, 0
6942, 1, 2, 2, 0, 1, 0
3029, 2, 1, 1, 0, 2, 0
3030, 0, 1, 1, 0, 0, 0
52626, 0, 1, 1, 0, 0, 0
52627, 0, 1, 0, 1, 0, 0
3032, 1, 0, 0, 0, 0, 1
3033, 1, 0, 0, 0, 0, 1
3034, 1, 0, 0, 0, 0, 1
3035, 0, 1, 0, 1, 0, 0
3036, 1, 0, 0, 0, 1, 0
14876, 8, 5, 5, 0, 8, 0
101044, 10, 5, 5, 0, 10, 0
108107, 18, 6, 6, 0, 18, 0
108301, 3, 1, 1, 0, 3, 0
108742, 5, 3, 3, 0, 5, 0
108778, 6, 1, 1, 0, 6, 0
3038, 1, 0, 0, 0, 1, 0
3039, 1, 0, 0, 0, 1, 0
90412, 0, 1, 1, 0, 0, 0
95469, 39, 7, 6, 1, 39, 0
3304, 2, 2, 2, 0, 2, 0
5725, 1, 1, 1, 0, 1, 0
8218, 11, 10, 9, 1, 10, 1
8219, 1, 1, 1, 0, 1, 0
8220, 0, 2, 2, 0, 0, 0
8221, 0, 1, 1, 0, 0, 0
8223, 0, 1, 1, 0, 0, 0
8225, 0, 3, 3, 0, 0, 0
97840, 3, 1, 1, 0, 3, 0
99388, 5, 4, 4, 0, 5, 0
99568, 2, 2, 2, 0, 2, 0
3044, 1, 0, 0, 0, 0, 1
6502, 1, 2, 1, 1, 0, 1
30615, 7, 33, 32, 1, 7, 0
38563, 25, 15, 15, 0, 22, 3
68824, 2, 4, 4, 0, 2, 0
70526, 47, 15, 15, 0, 47, 0
73191, 3, 7, 7, 0, 3, 0
73778, 1, 1, 1, 0, 1, 0
75117, 0, 1, 1, 0, 0, 0
75118, 0, 1, 1, 0, 0, 0
75119, 0, 1, 1, 0, 0, 0
3046, 1, 0, 0, 0, 1, 0
3047, 8, 0, 0, 0, 8, 0
130806, 0, 1, 1, 0, 0, 0
8066, 1, 23, 21, 2, 0, 1
25661, 1, 1, 1, 0, 1, 0
25752, 19, 20, 20, 0, 19, 0
27889, 106, 29, 27, 2, 104, 2
39884, 8, 1, 1, 0, 8, 0
39943, 2, 2, 2, 0, 2, 0
40828, 20, 18, 15, 3, 20, 0
12009, 9, 10, 10, 0, 9, 0
50546, 16, 15, 15, 0, 16, 0
58120, 7, 5, 5, 0, 7, 0
58121, 17, 10, 10, 0, 17, 0
58122, 10, 8, 8, 0, 10, 0
58947, 17, 19, 19, 0, 17, 0
61010, 31, 30, 30, 0, 31, 0
64402, 3, 1, 1, 0, 3, 0
64571, 3, 1, 1, 0, 3, 0
64667, 0, 1, 1, 0, 0, 0
24064, 2, 4, 2, 2, 2, 0
40704, 1, 4, 4, 0, 1, 0
3058, 1, 0, 0, 0, 1, 0
3059, 1, 0, 0, 0, 0, 1
6901, 3, 10, 9, 1, 2, 1
18671, 1, 8, 7, 1, 1, 0
21222, 7, 23, 22, 1, 7, 0
23043, 3, 16, 16, 0, 2, 1
23370, 0, 3, 1, 2, 0, 0
24713, 2, 46, 45, 1, 2, 0
25232, 10, 17, 17, 0, 10, 0
31809, 3, 16, 12, 4, 3, 0
31955, 2, 11, 11, 0, 2, 0
32020, 6, 4, 4, 0, 4, 2
32102, 6, 11, 11, 0, 6, 0
40222, 6, 7, 6, 1, 6, 0
40890, 1, 5, 0, 5, 1, 0
43545, 0, 2, 2, 0, 0, 0
46229, 20, 12, 12, 0, 20, 0
46859, 1, 6, 6, 0, 1, 0
48073, 6, 5, 4, 1, 5, 1
49749, 5, 30, 30, 0, 5, 0
50940, 2, 12, 12, 0, 2, 0
51140, 2, 6, 6, 0, 2, 0
57650, 3, 7, 7, 0, 3, 0
57680, 2, 1, 0, 1, 2, 0
59118, 229, 100, 97, 3, 229, 0
59272, 0, 18, 17, 1, 0, 0
59347, 3, 17, 17, 0, 3, 0
59478, 1, 5, 1, 4, 0, 1
60372, 8, 14, 11, 3, 8, 0
65729, 8, 6, 6, 0, 8, 0
65896, 4, 9, 1, 8, 4, 0
65919, 0, 3, 0, 3, 0, 0
67167, 0, 2, 1, 1, 0, 0
67984, 4, 20, 20, 0, 4, 0
68102, 2, 4, 2, 2, 2, 0
73134, 15, 15, 15, 0, 13, 2
75104, 0, 5, 0, 5, 0, 0
75564, 1, 10, 10, 0, 1, 0
75565, 7, 7, 7, 0, 5, 2
82141, 0, 2, 1, 1, 0, 0
82442, 0, 4, 0, 4, 0, 0
82761, 0, 2, 0, 2, 0, 0
86549, 0, 3, 2, 1, 0, 0
87352, 0, 4, 4, 0, 0, 0
88946, 0, 3, 0, 3, 0, 0
90023, 1, 4, 4, 0, 1, 0
90059, 5, 9, 9, 0, 5, 0
90305, 1, 3, 3, 0, 1, 0
90970, 0, 4, 4, 0, 0, 0
93133, 0, 1, 0, 1, 0, 0
93134, 0, 1, 0, 1, 0, 0
93135, 0, 1, 0, 1, 0, 0
93136, 0, 1, 0, 1, 0, 0
93137, 0, 1, 0, 1, 0, 0
93138, 0, 1, 0, 1, 0, 0
93139, 0, 2, 1, 1, 0, 0
3061, 1, 0, 0, 0, 1, 0
3062, 112, 67, 65, 2, 53, 59
28672, 28, 13, 10, 3, 28, 0
32828, 1, 2, 1, 1, 1, 0
40013, 11, 31, 28, 3, 11, 0
48355, 7, 7, 4, 3, 7, 0
65524, 39, 23, 22, 1, 39, 0
65755, 1, 3, 0, 3, 1, 0
65921, 0, 9, 6, 3, 0, 0
71239, 0, 3, 0, 3, 0, 0
71273, 3, 4, 3, 1, 3, 0
71833, 7, 5, 4, 1, 7, 0
72581, 2, 9, 8, 1, 2, 0
73911, 2, 6, 5, 1, 2, 0
73913, 5, 7, 6, 1, 5, 0
81482, 2, 1, 0, 1, 2, 0
85546, 1, 2, 1, 1, 1, 0
85547, 0, 1, 0, 1, 0, 0
85548, 0, 1, 0, 1, 0, 0
85549, 0, 1, 0, 1, 0, 0
85550, 0, 1, 0, 1, 0, 0
85551, 0, 2, 0, 2, 0, 0
85552, 0, 1, 0, 1, 0, 0
85553, 0, 1, 0, 1, 0, 0
85554, 0, 1, 0, 1, 0, 0
85555, 0, 1, 0, 1, 0, 0
95745, 0, 1, 0, 1, 0, 0
96435, 0, 1, 0, 1, 0, 0
96438, 0, 1, 0, 1, 0, 0
124727, 0, 1, 0, 1, 0, 0
3063, 5, 0, 0, 0, 5, 0
8158, 1, 2, 0, 2, 1, 0
8795, 2, 3, 0, 3, 2, 0
9022, 1, 1, 0, 1, 1, 0
9031, 12, 7, 5, 2, 11, 1
9591, 2, 2, 1, 1, 1, 1
9592, 7, 9, 3, 6, 7, 0
15329, 7, 4, 3, 1, 7, 0
16381, 2, 2, 1, 1, 2, 0
17902, 0, 5, 0, 5, 0, 0
19522, 2, 3, 2, 1, 2, 0
19721, 2, 2, 1, 1, 2, 0
21031, 4, 2, 1, 1, 4, 0
21983, 3, 1, 0, 1, 3, 0
22013, 13, 5, 4, 1, 13, 0
23367, 2, 10, 5, 5, 2, 0
23640, 0, 2, 0, 2, 0, 0
24199, 0, 3, 0, 3, 0, 0
24788, 2, 2, 1, 1, 2, 0
25727, 5, 3, 2, 1, 4, 1
25851, 1, 4, 3, 1, 1, 0
25852, 3, 4, 3, 1, 2, 1
25976, 5, 7, 5, 2, 5, 0
26569, 1, 1, 0, 1, 1, 0
26990, 1, 1, 0, 1, 1, 0
27286, 0, 2, 0, 2, 0, 0
28114, 1, 2, 1, 1, 1, 0
28357, 4, 6, 5, 1, 3, 1
28465, 0, 3, 0, 3, 0, 0
28560, 5, 10, 6, 4, 5, 0
28693, 1, 2, 1, 1, 1, 0
29126, 2, 3, 1, 2, 1, 1
29359, 26, 9, 5, 4, 19, 7
30061, 2, 5, 3, 2, 2, 0
32173, 14, 7, 6, 1, 13, 1
33661, 2, 4, 2, 2, 2, 0
33845, 0, 2, 0, 2, 0, 0
35138, 0, 2, 1, 1, 0, 0
36183, 0, 2, 0, 2, 0, 0
36472, 0, 2, 0, 2, 0, 0
37236, 0, 2, 1, 1, 0, 0
38185, 3, 2, 1, 1, 2, 1
38824, 3, 3, 2, 1, 3, 0
39606, 2, 4, 1, 3, 2, 0
48423, 1, 2, 0, 2, 0, 1
54805, 6, 5, 4, 1, 3, 3
55509, 12, 2, 1, 1, 11, 1
62714, 1, 1, 0, 1, 1, 0
72025, 4, 6, 5, 1, 4, 0
79115, 0, 3, 0, 3, 0, 0
81847, 0, 2, 0, 2, 0, 0
86451, 0, 1, 0, 1, 0, 0
86452, 0, 1, 0, 1, 0, 0
86453, 0, 1, 0, 1, 0, 0
86454, 0, 1, 0, 1, 0, 0
86455, 0, 1, 0, 1, 0, 0
86456, 0, 1, 0, 1, 0, 0
86457, 0, 1, 0, 1, 0, 0
86458, 0, 1, 0, 1, 0, 0
86459, 0, 1, 0, 1, 0, 0
86460, 0, 1, 0, 1, 0, 0
86461, 0, 1, 0, 1, 0, 0
86462, 0, 1, 0, 1, 0, 0
86463, 0, 1, 0, 1, 0, 0
86464, 0, 1, 0, 1, 0, 0
86465, 0, 1, 0, 1, 0, 0
86466, 0, 2, 1, 1, 0, 0
86467, 0, 1, 0, 1, 0, 0
86468, 1, 1, 0, 1, 1, 0
86469, 0, 1, 0, 1, 0, 0
86470, 0, 1, 0, 1, 0, 0
86471, 1, 1, 0, 1, 1, 0
86472, 0, 1, 0, 1, 0, 0
86473, 0, 1, 0, 1, 0, 0
86474, 0, 2, 1, 1, 0, 0
86475, 3, 4, 3, 1, 2, 1
86476, 0, 2, 0, 2, 0, 0
86477, 0, 1, 0, 1, 0, 0
86478, 0, 1, 0, 1, 0, 0
86479, 0, 2, 1, 1, 0, 0
86480, 0, 1, 0, 1, 0, 0
86481, 0, 1, 0, 1, 0, 0
86482, 0, 1, 0, 1, 0, 0
86483, 0, 1, 0, 1, 0, 0
105818, 0, 1, 0, 1, 0, 0
108454, 3, 5, 5, 0, 3, 0
114653, 0, 1, 0, 1, 0, 0
17185, 1, 1, 1, 0, 1, 0
19260, 17, 10, 10, 0, 16, 1
34177, 1, 1, 1, 0, 1, 0
37187, 1, 1, 1, 0, 1, 0
43689, 1, 1, 1, 0, 1, 0
50083, 1, 3, 3, 0, 1, 0
51342, 2, 2, 2, 0, 2, 0
51713, 6, 1, 0, 1, 3, 3
3068, 1, 0, 0, 0, 1, 0
29052, 1, 3, 1, 2, 1, 0
106067, 1, 1, 0, 1, 1, 0
3070, 2, 0, 0, 0, 0, 2
3071, 0, 1, 0, 1, 0, 0
3072, 2, 1, 1, 0, 1, 1
3073, 1, 1, 1, 0, 1, 0
3074, 1, 0, 0, 0, 1, 0
10947, 19, 13, 10, 3, 1, 18
24871, 63, 7, 5, 2, 63, 0
27971, 0, 2, 2, 0, 0, 0
29833, 6, 2, 2, 0, 6, 0
30141, 19, 19, 15, 4, 16, 3
30586, 3, 8, 7, 1, 3, 0
30809, 1, 3, 3, 0, 1, 0
31497, 2, 1, 1, 0, 2, 0
32352, 13, 5, 5, 0, 8, 5
32354, 0, 1, 1, 0, 0, 0
32355, 1, 2, 2, 0, 1, 0
32356, 0, 1, 1, 0, 0, 0
114408, 0, 2, 2, 0, 0, 0
24386, 0, 2, 2, 0, 0, 0
8927, 47, 31, 28, 3, 35, 12
24646, 72, 30, 30, 0, 72, 0
30012, 11, 5, 5, 0, 10, 1
40207, 18, 6, 4, 2, 15, 3
16521, 3, 5, 5, 0, 3, 0
93423, 0, 2, 2, 0, 0, 0
95870, 7, 5, 4, 1, 7, 0
96246, 0, 2, 1, 1, 0, 0
99951, 0, 1, 1, 0, 0, 0
3080, 1, 0, 0, 0, 1, 0
3081, 0, 1, 1, 0, 0, 0
3082, 1, 0, 0, 0, 1, 0
3083, 4, 0, 0, 0, 4, 0
3084, 2, 1, 1, 0, 2, 0
3085, 1, 4, 4, 0, 1, 0
3086, 9, 2, 2, 0, 7, 2
6380, 1, 5, 5, 0, 1, 0
3091, 5, 3, 3, 0, 4, 1
9809, 3, 4, 3, 1, 3, 0
12649, 2, 4, 3, 1, 2, 0
14669, 1, 2, 2, 0, 1, 0
17824, 2, 3, 3, 0, 2, 0
17825, 0, 1, 1, 0, 0, 0
17827, 0, 1, 1, 0, 0, 0
17828, 0, 3, 3, 0, 0, 0
17832, 0, 1, 1, 0, 0, 0
4065, 0, 31, 31, 0, 0, 0
6122, 1, 3, 3, 0, 1, 0
6129, 3, 1, 1, 0, 3, 0
6136, 2, 2, 2, 0, 2, 0
6318, 3, 1, 1, 0, 3, 0
6466, 1, 1, 1, 0, 1, 0
7139, 2, 2, 2, 0, 2, 0
8707, 8, 8, 6, 2, 8, 0
11237, 1, 1, 1, 0, 1, 0
15602, 5, 5, 3, 2, 5, 0
21209, 10, 4, 4, 0, 8, 2
22440, 24, 3, 3, 0, 8, 16
26663, 25, 7, 6, 1, 19, 6
31177, 10, 10, 9, 1, 10, 0
36770, 0, 4, 3, 1, 0, 0
38064, 8, 2, 2, 0, 8, 0
39753, 6, 9, 9, 0, 6, 0
44035, 0, 3, 2, 1, 0, 0
44200, 5, 3, 2, 1, 5, 0
51100, 29, 5, 3, 2, 28, 1
52636, 1, 3, 3, 0, 1, 0
53290, 0, 1, 1, 0, 0, 0
53291, 0, 1, 1, 0, 0, 0
53292, 0, 1, 1, 0, 0, 0
53293, 0, 1, 1, 0, 0, 0
53294, 0, 1, 1, 0, 0, 0
53295, 0, 1, 1, 0, 0, 0
53296, 0, 1, 1, 0, 0, 0
53297, 0, 1, 1, 0, 0, 0
53298, 0, 2, 2, 0, 0, 0
53299, 0, 1, 1, 0, 0, 0
53300, 0, 1, 1, 0, 0, 0
53301, 0, 1, 1, 0, 0, 0
53302, 0, 1, 1, 0, 0, 0
53303, 0, 1, 1, 0, 0, 0
53304, 0, 1, 1, 0, 0, 0
53305, 0, 1, 1, 0, 0, 0
53306, 1, 1, 1, 0, 1, 0
15364, 10, 3, 2, 1, 9, 1
21654, 2, 3, 3, 0, 2, 0
21655, 3, 3, 3, 0, 3, 0
21656, 3, 7, 6, 1, 3, 0
28413, 12, 10, 10, 0, 12, 0
41946, 11, 6, 6, 0, 11, 0
60189, 0, 1, 1, 0, 0, 0
60190, 0, 1, 1, 0, 0, 0
60191, 0, 1, 1, 0, 0, 0
101566, 0, 1, 1, 0, 0, 0
55807, 0, 1, 1, 0, 0, 0
55808, 6, 5, 5, 0, 6, 0
3092, 1, 0, 0, 0, 1, 0
17645, 17, 10, 9, 1, 16, 1
21206, 3, 3, 3, 0, 3, 0
25184, 5, 3, 3, 0, 5, 0
25185, 1, 3, 3, 0, 1, 0
25592, 1, 2, 2, 0, 1, 0
25742, 1, 2, 2, 0, 1, 0
25748, 1, 2, 2, 0, 1, 0
25749, 2, 2, 2, 0, 2, 0
26265, 0, 1, 1, 0, 0, 0
3094, 1, 0, 0, 0, 1, 0
3095, 1, 0, 0, 0, 1, 0
3096, 0, 1, 1, 0, 0, 0
3097, 1, 0, 0, 0, 1, 0
3099, 1, 0, 0, 0, 1, 0
3100, 9, 9, 9, 0, 9, 0
7540, 4, 3, 3, 0, 4, 0
62125, 3, 2, 1, 1, 2, 1
74527, 1, 1, 1, 0, 1, 0
3101, 1, 0, 0, 0, 0, 1
3104, 1, 0, 0, 0, 1, 0
3940, 13, 6, 5, 1, 10, 3
6724, 27, 12, 11, 1, 27, 0
7090, 7, 8, 8, 0, 7, 0
8606, 3, 4, 4, 0, 3, 0
8607, 4, 5, 5, 0, 4, 0
8787, 1, 3, 3, 0, 1, 0
9450, 3, 3, 2, 1, 3, 0
9830, 3, 2, 2, 0, 3, 0
10583, 3, 6, 6, 0, 3, 0
13021, 2, 2, 2, 0, 2, 0
13483, 16, 6, 6, 0, 16, 0
14536, 4, 6, 3, 3, 4, 0
15550, 4, 4, 4, 0, 4, 0
17176, 15, 4, 4, 0, 15, 0
21892, 1, 4, 2, 2, 1, 0
21893, 1, 4, 4, 0, 1, 0
21894, 2, 2, 2, 0, 2, 0
21896, 9, 7, 7, 0, 6, 3
21897, 1, 2, 2, 0, 1, 0
21899, 1, 5, 5, 0, 1, 0
21900, 2, 2, 2, 0, 2, 0
21902, 10, 3, 3, 0, 9, 1
16320, 26, 38, 38, 0, 21, 5
46072, 17, 18, 18, 0, 13, 4
9823, 23, 21, 16, 5, 23, 0
12804, 14, 17, 17, 0, 14, 0
15951, 1, 5, 3, 2, 1, 0
23173, 15, 23, 22, 1, 15, 0
40598, 8, 10, 9, 1, 8, 0
50039, 1, 1, 1, 0, 1, 0
53827, 4, 9, 8, 1, 4, 0
60937, 5, 8, 8, 0, 5, 0
64539, 1, 2, 2, 0, 1, 0
65859, 13, 15, 15, 0, 13, 0
75291, 3, 3, 3, 0, 3, 0
73021, 0, 3, 3, 0, 0, 0
80579, 0, 1, 1, 0, 0, 0
80580, 0, 1, 1, 0, 0, 0
58740, 3, 4, 4, 0, 2, 1
97469, 3, 1, 1, 0, 3, 0
98355, 0, 2, 2, 0, 0, 0
101131, 4, 6, 4, 2, 4, 0
108710, 5, 5, 3, 2, 4, 1
112031, 17, 4, 3, 1, 17, 0
112782, 3, 2, 1, 1, 3, 0
113267, 3, 1, 1, 0, 3, 0
113986, 8, 2, 1, 1, 7, 1
114578, 7, 3, 2, 1, 7, 0
119758, 3, 2, 0, 2, 3, 0
119904, 8, 3, 3, 0, 8, 0
120778, 1, 1, 1, 0, 1, 0
121741, 14, 3, 3, 0, 14, 0
124231, 0, 2, 1, 1, 0, 0
124463, 0, 1, 0, 1, 0, 0
124560, 0, 1, 0, 1, 0, 0
124652, 0, 1, 0, 1, 0, 0
125169, 0, 1, 0, 1, 0, 0
125665, 0, 1, 0, 1, 0, 0
127121, 0, 1, 0, 1, 0, 0
128342, 0, 1, 0, 1, 0, 0
130140, 0, 1, 0, 1, 0, 0
130245, 0, 1, 0, 1, 0, 0
9768, 9, 12, 11, 1, 9, 0
20642, 2, 9, 8, 1, 2, 0
25236, 0, 4, 4, 0, 0, 0
74041, 5, 7, 6, 1, 5, 0
82796, 0, 4, 4, 0, 0, 0
30555, 4, 6, 2, 4, 2, 2
35405, 2, 5, 5, 0, 2, 0
47271, 14, 9, 9, 0, 6, 8
87074, 2, 3, 3, 0, 2, 0
10391, 1, 1, 1, 0, 1, 0
20299, 0, 6, 0, 6, 0, 0
35770, 7, 11, 5, 6, 7, 0
50749, 0, 4, 0, 4, 0, 0
52347, 0, 1, 0, 1, 0, 0
52348, 0, 1, 0, 1, 0, 0
97584, 0, 4, 1, 3, 0, 0
109611, 0, 2, 1, 1, 0, 0
109622, 0, 1, 0, 1, 0, 0
114313, 0, 2, 1, 1, 0, 0
114316, 3, 2, 1, 1, 3, 0
115768, 1, 1, 0, 1, 0, 1
116789, 0, 1, 0, 1, 0, 0
21977, 0, 2, 2, 0, 0, 0
9834, 32, 17, 15, 2, 19, 13
11267, 8, 6, 5, 1, 8, 0
19138, 9, 4, 4, 0, 6, 3
14710, 0, 1, 0, 1, 0, 0
14711, 1, 4, 2, 2, 1, 0
14712, 0, 1, 0, 1, 0, 0
4281, 15, 23, 23, 0, 15, 0
4283, 16, 27, 27, 0, 16, 0
4285, 13, 15, 15, 0, 13, 0
7983, 20, 10, 10, 0, 19, 1
7986, 0, 28, 28, 0, 0, 0
7987, 19, 15, 11, 4, 18, 1
9876, 1, 12, 12, 0, 1, 0
12738, 30, 20, 20, 0, 24, 6
34476, 19, 3, 3, 0, 19, 0
46012, 0, 1, 0, 1, 0, 0
46013, 0, 1, 1, 0, 0, 0
60956, 0, 4, 4, 0, 0, 0
97535, 2, 3, 2, 1, 2, 0
16817, 0, 2, 0, 2, 0, 0
37335, 10, 3, 1, 2, 7, 3
85516, 0, 1, 1, 0, 0, 0
10164, 0, 1, 1, 0, 0, 0
32580, 0, 9, 8, 1, 0, 0
93427, 1, 1, 1, 0, 1, 0
107383, 0, 1, 1, 0, 0, 0
100332, 21, 8, 8, 0, 21, 0
31061, 1, 1, 1, 0, 1, 0
7995, 1, 2, 2, 0, 1, 0
16459, 76, 31, 30, 1, 75, 1
33461, 6, 9, 9, 0, 6, 0
46261, 4, 7, 4, 3, 4, 0
77019, 1, 1, 0, 1, 1, 0
51451, 0, 15, 14, 1, 0, 0
51452, 0, 1, 1, 0, 0, 0
51453, 31, 8, 8, 0, 27, 4
14890, 2, 2, 2, 0, 2, 0
16020, 6, 6, 6, 0, 6, 0
16022, 4, 5, 5, 0, 4, 0
17217, 0, 2, 0, 2, 0, 0
17218, 0, 1, 0, 1, 0, 0
17219, 0, 3, 0, 3, 0, 0
17220, 0, 2, 0, 2, 0, 0
119071, 0, 6, 6, 0, 0, 0
8136, 3, 7, 5, 2, 2, 1
19247, 0, 2, 0, 2, 0, 0
39096, 10, 13, 13, 0, 9, 1
45726, 1, 2, 0, 2, 1, 0
48088, 0, 5, 0, 5, 0, 0
71351, 2, 4, 2, 2, 2, 0
80905, 0, 3, 0, 3, 0, 0
92441, 0, 1, 0, 1, 0, 0
92442, 0, 1, 0, 1, 0, 0
92443, 0, 2, 0, 2, 0, 0
15686, 7, 4, 3, 1, 7, 0
17506, 6, 3, 2, 1, 5, 1
17748, 1, 1, 0, 1, 1, 0
19971, 2, 3, 2, 1, 2, 0
25142, 7, 8, 8, 0, 7, 0
31957, 2, 1, 0, 1, 2, 0
42521, 0, 1, 0, 1, 0, 0
18646, 6, 6, 5, 1, 6, 0
19240, 17, 4, 2, 2, 6, 11
24946, 1, 1, 0, 1, 0, 1
27464, 0, 3, 1, 2, 0, 0
32148, 0, 5, 0, 5, 0, 0
33652, 1, 1, 0, 1, 1, 0
33715, 1, 2, 1, 1, 1, 0
35427, 0, 2, 0, 2, 0, 0
42882, 0, 5, 0, 5, 0, 0
43910, 0, 2, 0, 2, 0, 0
45191, 0, 4, 0, 4, 0, 0
77542, 0, 2, 0, 2, 0, 0
77543, 0, 3, 1, 2, 0, 0
77544, 0, 1, 0, 1, 0, 0
77546, 0, 1, 0, 1, 0, 0
77547, 0, 2, 0, 2, 0, 0
10055, 11, 5, 5, 0, 11, 0
11799, 16, 15, 14, 1, 16, 0
12064, 22, 7, 7, 0, 22, 0
17303, 6, 3, 3, 0, 5, 1
17310, 47, 8, 7, 1, 46, 1
18095, 5, 1, 1, 0, 5, 0
18738, 37, 41, 40, 1, 37, 0
19019, 3, 2, 2, 0, 3, 0
21961, 32, 33, 30, 3, 32, 0
22768, 5, 5, 5, 0, 5, 0
24133, 51, 16, 13, 3, 44, 7
25492, 6, 1, 1, 0, 4, 2
26908, 55, 15, 13, 2, 55, 0
37782, 2, 2, 1, 1, 2, 0
38403, 12, 10, 10, 0, 12, 0
40537, 5, 4, 3, 1, 5, 0
40709, 16, 6, 5, 1, 16, 0
52669, 1, 2, 1, 1, 1, 0
56911, 2, 3, 3, 0, 1, 1
75208, 27, 10, 10, 0, 27, 0
79180, 4, 1, 1, 0, 4, 0
79181, 0, 1, 0, 1, 0, 0
97233, 1, 1, 0, 1, 1, 0
111178, 0, 1, 1, 0, 0, 0
34793, 25, 16, 14, 2, 25, 0
55793, 19, 9, 8, 1, 18, 1
28316, 4, 10, 8, 2, 4, 0
32975, 0, 3, 0, 3, 0, 0
34583, 0, 2, 0, 2, 0, 0
38370, 0, 3, 0, 3, 0, 0
38371, 0, 3, 1, 2, 0, 0
38372, 0, 2, 0, 2, 0, 0
38373, 1, 2, 1, 1, 1, 0
38374, 0, 3, 0, 3, 0, 0
38383, 0, 1, 0, 1, 0, 0
38386, 0, 4, 0, 4, 0, 0
111046, 3, 5, 5, 0, 3, 0
47947, 1, 3, 3, 0, 1, 0
106530, 0, 1, 1, 0, 0, 0
20833, 13, 3, 0, 3, 13, 0
36098, 7, 9, 2, 7, 3, 4
37979, 40, 19, 12, 7, 40, 0
43106, 10, 11, 11, 0, 8, 2
51964, 1, 1, 1, 0, 1, 0
67193, 0, 2, 0, 2, 0, 0
92308, 0, 1, 0, 1, 0, 0
15407, 3, 6, 6, 0, 3, 0
18145, 5, 6, 6, 0, 5, 0
39120, 0, 6, 6, 0, 0, 0
39809, 1, 4, 4, 0, 1, 0
39810, 1, 3, 3, 0, 1, 0
40314, 1, 4, 0, 4, 1, 0
30362, 0, 6, 0, 6, 0, 0
54759, 60, 63, 52, 11, 60, 0
71347, 1, 4, 3, 1, 1, 0
82701, 0, 2, 0, 2, 0, 0
92571, 0, 1, 0, 1, 0, 0
92572, 0, 1, 0, 1, 0, 0
37412, 0, 2, 0, 2, 0, 0
116409, 4, 2, 2, 0, 3, 1
42380, 2, 6, 6, 0, 2, 0
53618, 16, 10, 10, 0, 16, 0
54391, 4, 6, 6, 0, 4, 0
6117, 1, 7, 5, 2, 1, 0
10715, 1, 3, 0, 3, 1, 0
22886, 1, 3, 2, 1, 1, 0
25054, 0, 2, 0, 2, 0, 0
27117, 1, 2, 0, 2, 1, 0
31735, 0, 4, 0, 4, 0, 0
32755, 0, 2, 0, 2, 0, 0
57254, 0, 2, 0, 2, 0, 0
57255, 0, 3, 0, 3, 0, 0
57258, 0, 3, 0, 3, 0, 0
57259, 0, 1, 0, 1, 0, 0
64892, 2, 2, 0, 2, 2, 0
97806, 0, 2, 0, 2, 0, 0
98075, 2, 2, 1, 1, 2, 0
99654, 1, 2, 0, 2, 1, 0
100742, 4, 6, 4, 2, 4, 0
28904, 9, 13, 13, 0, 9, 0
13949, 13, 2, 1, 1, 9, 4
18913, 106, 14, 10, 4, 99, 7
33623, 1, 1, 1, 0, 1, 0
33625, 2, 7, 4, 3, 1, 1
38837, 2, 1, 0, 1, 1, 1
39378, 2, 1, 0, 1, 2, 0
39493, 3, 2, 1, 1, 1, 2
51071, 0, 3, 0, 3, 0, 0
57552, 5, 2, 0, 2, 5, 0
68452, 6, 3, 2, 1, 5, 1
83102, 0, 1, 0, 1, 0, 0
110614, 1, 2, 2, 0, 1, 0
118410, 3, 1, 1, 0, 3, 0
68326, 1, 1, 1, 0, 1, 0
82005, 1, 4, 0, 4, 1, 0
83716, 0, 2, 0, 2, 0, 0
83717, 0, 3, 0, 3, 0, 0
15887, 15, 20, 20, 0, 12, 3
18442, 19, 29, 27, 2, 19, 0
21128, 41, 15, 14, 1, 41, 0
65357, 10, 12, 12, 0, 10, 0
88721, 0, 1, 1, 0, 0, 0
125668, 1, 4, 4, 0, 1, 0
15429, 6, 2, 1, 1, 5, 1
95025, 0, 1, 0, 1, 0, 0
12758, 18, 16, 15, 1, 18, 0
94752, 0, 1, 0, 1, 0, 0
95074, 1, 1, 0, 1, 1, 0
95685, 4, 1, 0, 1, 4, 0
96221, 0, 8, 0, 8, 0, 0
99815, 0, 1, 0, 1, 0, 0
100491, 0, 2, 1, 1, 0, 0
103844, 0, 1, 0, 1, 0, 0
106522, 2, 1, 0, 1, 2, 0
109948, 3, 3, 1, 2, 1, 2
16866, 1, 1, 1, 0, 1, 0
9008, 1, 1, 0, 1, 1, 0
10978, 0, 7, 0, 7, 0, 0
16371, 3, 3, 3, 0, 2, 1
28258, 0, 5, 0, 5, 0, 0
47249, 0, 2, 0, 2, 0, 0
18034, 27, 12, 12, 0, 27, 0
26323, 35, 8, 8, 0, 35, 0
26943, 1, 1, 1, 0, 1, 0
38163, 0, 1, 1, 0, 0, 0
121395, 0, 1, 0, 1, 0, 0
119124, 0, 3, 0, 3, 0, 0
5938, 3, 2, 0, 2, 3, 0
8972, 1, 1, 0, 1, 1, 0
10650, 4, 7, 3, 4, 4, 0
10736, 2, 1, 0, 1, 1, 1
10762, 2, 2, 1, 1, 1, 1
10799, 1, 2, 1, 1, 1, 0
10889, 3, 3, 1, 2, 2, 1
13954, 9, 5, 2, 3, 9, 0
14024, 0, 2, 1, 1, 0, 0
14025, 0, 2, 1, 1, 0, 0
16085, 1, 4, 0, 4, 0, 1
19708, 0, 4, 0, 4, 0, 0
22131, 0, 2, 1, 1, 0, 0
23333, 2, 2, 1, 1, 2, 0
23867, 0, 4, 2, 2, 0, 0
23949, 8, 3, 2, 1, 8, 0
25051, 0, 2, 0, 2, 0, 0
26964, 12, 16, 15, 1, 11, 1
28191, 0, 3, 0, 3, 0, 0
30376, 0, 5, 5, 0, 0, 0
30378, 0, 3, 1, 2, 0, 0
31009, 3, 11, 8, 3, 3, 0
31319, 29, 11, 10, 1, 29, 0
33458, 4, 10, 5, 5, 3, 1
34758, 2, 5, 4, 1, 2, 0
35471, 0, 1, 0, 1, 0, 0
35472, 0, 1, 0, 1, 0, 0
35473, 0, 5, 0, 5, 0, 0
35474, 0, 1, 0, 1, 0, 0
35479, 2, 1, 0, 1, 1, 1
35488, 0, 1, 0, 1, 0, 0
35490, 2, 2, 0, 2, 2, 0
35491, 1, 1, 0, 1, 1, 0
35492, 12, 7, 4, 3, 12, 0
35494, 0, 1, 0, 1, 0, 0
35497, 0, 2, 0, 2, 0, 0
35499, 0, 6, 0, 6, 0, 0
35503, 1, 4, 1, 3, 1, 0
35505, 0, 2, 0, 2, 0, 0
35507, 0, 1, 0, 1, 0, 0
35509, 0, 2, 0, 2, 0, 0
35511, 0, 2, 1, 1, 0, 0
35512, 2, 3, 2, 1, 1, 1
35514, 0, 2, 1, 1, 0, 0
128337, 1, 1, 1, 0, 1, 0
38645, 1, 1, 0, 1, 1, 0
103052, 10, 6, 6, 0, 10, 0
104669, 10, 3, 3, 0, 10, 0
61669, 2, 4, 1, 3, 1, 1
64231, 1, 4, 1, 3, 1, 0
64350, 3, 11, 3, 8, 3, 0
68719, 1, 9, 6, 3, 1, 0
92270, 0, 3, 0, 3, 0, 0
92761, 0, 1, 0, 1, 0, 0
4280, 5, 32, 32, 0, 5, 0
7982, 12, 1, 1, 0, 10, 2
16234, 1, 1, 1, 0, 1, 0
26704, 1, 1, 1, 0, 1, 0
34649, 1, 1, 1, 0, 1, 0
36366, 0, 2, 2, 0, 0, 0
47922, 0, 1, 1, 0, 0, 0
98339, 3, 2, 2, 0, 3, 0
98915, 4, 3, 3, 0, 4, 0
102519, 3, 3, 3, 0, 3, 0
111259, 0, 3, 3, 0, 0, 0
111268, 0, 1, 1, 0, 0, 0
111314, 4, 1, 1, 0, 4, 0
80065, 3, 2, 1, 1, 2, 1
99317, 5, 5, 5, 0, 5, 0
110621, 2, 3, 3, 0, 2, 0
113243, 1, 1, 0, 1, 1, 0
115112, 5, 10, 10, 0, 5, 0
119523, 2, 1, 1, 0, 2, 0
119525, 0, 2, 2, 0, 0, 0
19788, 0, 1, 0, 1, 0, 0
129598, 0, 1, 0, 1, 0, 0
10480, 1, 1, 0, 1, 1, 0
17232, 6, 3, 0, 3, 6, 0
61653, 0, 5, 1, 4, 0, 0
77719, 0, 4, 0, 4, 0, 0
77720, 0, 1, 0, 1, 0, 0
77721, 0, 2, 0, 2, 0, 0
94667, 0, 1, 0, 1, 0, 0
105119, 1, 1, 0, 1, 1, 0
105769, 0, 2, 0, 2, 0, 0
117731, 1, 1, 0, 1, 0, 1
125678, 0, 1, 0, 1, 0, 0
130720, 0, 1, 0, 1, 0, 0
10817, 1, 1, 0, 1, 1, 0
17670, 4, 4, 4, 0, 4, 0
39859, 10, 3, 1, 2, 3, 7
42303, 4, 1, 0, 1, 0, 4
42708, 1, 8, 7, 1, 1, 0
50528, 0, 1, 0, 1, 0, 0
50529, 0, 1, 0, 1, 0, 0
50530, 0, 1, 0, 1, 0, 0
94882, 1, 1, 0, 1, 1, 0
96555, 0, 3, 2, 1, 0, 0
96914, 1, 1, 0, 1, 0, 1
99365, 0, 2, 1, 1, 0, 0
101785, 0, 1, 0, 1, 0, 0
107658, 0, 2, 1, 1, 0, 0
109142, 14, 7, 5, 2, 13, 1
109835, 0, 2, 1, 1, 0, 0
109836, 0, 1, 0, 1, 0, 0
111692, 1, 1, 0, 1, 1, 0
112358, 7, 13, 12, 1, 7, 0
113300, 17, 11, 10, 1, 17, 0
114166, 0, 1, 0, 1, 0, 0
115195, 2, 2, 2, 0, 2, 0
116169, 0, 1, 0, 1, 0, 0
116170, 0, 1, 0, 1, 0, 0
116171, 0, 1, 0, 1, 0, 0
116401, 0, 1, 1, 0, 0, 0
116410, 0, 2, 0, 2, 0, 0
116691, 0, 1, 0, 1, 0, 0
116858, 0, 1, 0, 1, 0, 0
117047, 1, 4, 1, 3, 0, 1
117392, 0, 4, 0, 4, 0, 0
118171, 0, 1, 0, 1, 0, 0
119224, 0, 1, 0, 1, 0, 0
119495, 0, 3, 0, 3, 0, 0
119958, 2, 1, 0, 1, 0, 2
120040, 4, 3, 2, 1, 4, 0
120223, 1, 1, 1, 0, 1, 0
120828, 0, 2, 0, 2, 0, 0
121303, 0, 1, 0, 1, 0, 0
121607, 0, 1, 0, 1, 0, 0
122498, 0, 1, 0, 1, 0, 0
122649, 0, 2, 0, 2, 0, 0
123561, 7, 2, 2, 0, 5, 2
14652, 17, 7, 7, 0, 15, 2
47918, 0, 8, 8, 0, 0, 0
101182, 1, 1, 0, 1, 1, 0
103054, 0, 1, 0, 1, 0, 0
109242, 0, 1, 0, 1, 0, 0
114587, 2, 7, 5, 2, 2, 0
118822, 1, 1, 1, 0, 1, 0
127091, 2, 5, 5, 0, 2, 0
29271, 2, 1, 1, 0, 2, 0
29272, 1, 4, 3, 1, 1, 0
7975, 57, 18, 16, 2, 48, 9
10388, 1, 1, 1, 0, 1, 0
10461, 2, 1, 1, 0, 2, 0
18079, 34, 13, 11, 2, 33, 1
18584, 30, 11, 11, 0, 25, 5
26790, 2, 3, 3, 0, 2, 0
26791, 2, 2, 2, 0, 2, 0
7816, 1, 1, 0, 1, 1, 0
27794, 1, 1, 1, 0, 1, 0
40408, 2, 2, 0, 2, 0, 2
58779, 0, 1, 0, 1, 0, 0
60786, 34, 14, 12, 2, 33, 1
84465, 4, 3, 2, 1, 4, 0
101334, 1, 6, 1, 5, 1, 0
104752, 1, 2, 1, 1, 1, 0
106023, 1, 2, 1, 1, 1, 0
106150, 1, 6, 0, 6, 1, 0
128998, 2, 2, 2, 0, 2, 0
34093, 10, 7, 7, 0, 9, 1
42299, 7, 4, 4, 0, 7, 0
64758, 4, 5, 5, 0, 4, 0
94887, 3, 1, 1, 0, 3, 0
95229, 1, 1, 1, 0, 1, 0
97780, 0, 1, 1, 0, 0, 0
97781, 0, 1, 1, 0, 0, 0
120915, 0, 1, 0, 1, 0, 0
121284, 1, 2, 1, 1, 1, 0
127701, 0, 2, 0, 2, 0, 0
11625, 75, 26, 25, 1, 75, 0
20075, 30, 23, 23, 0, 29, 1
37347, 10, 3, 3, 0, 10, 0
39532, 68, 15, 12, 3, 68, 0
41393, 32, 20, 20, 0, 32, 0
44563, 2, 1, 1, 0, 2, 0
45005, 39, 4, 4, 0, 37, 2
51167, 77, 10, 10, 0, 77, 0
58666, 1, 2, 0, 2, 1, 0
61137, 3, 1, 1, 0, 3, 0
87789, 0, 1, 1, 0, 0, 0
87790, 0, 1, 1, 0, 0, 0
87791, 0, 1, 1, 0, 0, 0
87792, 0, 1, 1, 0, 0, 0
64492, 1, 1, 1, 0, 1, 0
7232, 4, 1, 1, 0, 4, 0
27477, 9, 11, 10, 1, 9, 0
92282, 0, 1, 0, 1, 0, 0
3423, 6, 6, 6, 0, 6, 0
102132, 5, 2, 2, 0, 5, 0
4348, 6, 7, 7, 0, 6, 0
19792, 8, 1, 1, 0, 7, 1
24701, 3, 14, 14, 0, 3, 0
80429, 0, 4, 0, 4, 0, 0
81869, 6, 2, 0, 2, 1, 5
85572, 1, 1, 0, 1, 1, 0
85573, 0, 1, 1, 0, 0, 0
59165, 5, 6, 0, 6, 3, 2
16409, 0, 1, 0, 1, 0, 0
107926, 0, 2, 0, 2, 0, 0
11147, 1, 3, 1, 2, 1, 0
120230, 0, 3, 0, 3, 0, 0
128834, 1, 4, 0, 4, 1, 0
131218, 0, 1, 0, 1, 0, 0
131491, 0, 1, 0, 1, 0, 0
43476, 1, 6, 0, 6, 1, 0
67171, 0, 4, 1, 3, 0, 0
14967, 4, 2, 0, 2, 4, 0
26223, 29, 19, 19, 0, 29, 0
29447, 9, 13, 10, 3, 8, 1
44603, 9, 2, 2, 0, 9, 0
31229, 1, 8, 6, 2, 1, 0
22461, 2, 2, 1, 1, 2, 0
23021, 1, 2, 1, 1, 1, 0
36330, 0, 8, 0, 8, 0, 0
53539, 0, 2, 0, 2, 0, 0
86984, 0, 1, 0, 1, 0, 0
86985, 0, 1, 0, 1, 0, 0
86986, 0, 4, 1, 3, 0, 0
86987, 0, 2, 0, 2, 0, 0
86988, 0, 1, 0, 1, 0, 0
86989, 0, 1, 0, 1, 0, 0
86991, 0, 1, 0, 1, 0, 0
86992, 0, 1, 0, 1, 0, 0
86993, 0, 1, 0, 1, 0, 0
94822, 2, 1, 0, 1, 0, 2
109426, 0, 2, 1, 1, 0, 0
24558, 54, 30, 30, 0, 52, 2
25132, 15, 37, 29, 8, 12, 3
27820, 9, 6, 4, 2, 7, 2
33722, 4, 7, 6, 1, 4, 0
37043, 11, 8, 7, 1, 6, 5
38111, 8, 11, 11, 0, 8, 0
39009, 14, 10, 10, 0, 13, 1
39591, 10, 6, 5, 1, 1, 9
48235, 2, 3, 3, 0, 2, 0
48236, 6, 11, 10, 1, 6, 0
50366, 2, 7, 5, 2, 1, 1
52986, 0, 2, 2, 0, 0, 0
56643, 2, 3, 3, 0, 2, 0
64193, 3, 3, 3, 0, 3, 0
64194, 1, 4, 3, 1, 1, 0
64696, 2, 7, 6, 1, 2, 0
65584, 4, 4, 4, 0, 4, 0
65600, 1, 1, 1, 0, 1, 0
66546, 13, 2, 1, 1, 13, 0
67084, 1, 4, 4, 0, 1, 0
67247, 1, 2, 2, 0, 1, 0
67398, 2, 2, 2, 0, 2, 0
67399, 0, 1, 1, 0, 0, 0
67400, 3, 5, 5, 0, 2, 1
67401, 0, 1, 1, 0, 0, 0
67402, 0, 1, 1, 0, 0, 0
67403, 0, 1, 1, 0, 0, 0
67405, 0, 2, 2, 0, 0, 0
67406, 0, 1, 1, 0, 0, 0
29676, 5, 8, 5, 3, 4, 1
99221, 1, 2, 0, 2, 1, 0
101919, 0, 2, 0, 2, 0, 0
9143, 32, 11, 10, 1, 32, 0
31837, 13, 10, 9, 1, 13, 0
42582, 35, 11, 7, 4, 29, 6
47038, 2, 3, 2, 1, 2, 0
55801, 0, 4, 0, 4, 0, 0
55958, 0, 1, 0, 1, 0, 0
55959, 0, 1, 0, 1, 0, 0
55960, 0, 1, 0, 1, 0, 0
55962, 0, 1, 0, 1, 0, 0
22357, 11, 20, 20, 0, 7, 4
22585, 21, 11, 11, 0, 21, 0
126477, 4, 2, 2, 0, 4, 0
126535, 1, 1, 1, 0, 1, 0
19437, 8, 1, 0, 1, 8, 0
35567, 4, 8, 5, 3, 3, 1
48790, 4, 7, 4, 3, 4, 0
94101, 2, 1, 0, 1, 2, 0
100854, 6, 1, 0, 1, 4, 2
102643, 0, 1, 0, 1, 0, 0
110398, 0, 1, 0, 1, 0, 0
11917, 3, 4, 3, 1, 3, 0
17769, 3, 5, 0, 5, 1, 2
17792, 0, 5, 0, 5, 0, 0
18058, 1, 1, 0, 1, 0, 1
20744, 13, 9, 7, 2, 13, 0
23776, 1, 1, 0, 1, 1, 0
24909, 8, 10, 9, 1, 8, 0
26667, 4, 2, 1, 1, 4, 0
28129, 0, 2, 0, 2, 0, 0
29956, 0, 6, 0, 6, 0, 0
30403, 0, 2, 0, 2, 0, 0
32141, 0, 2, 0, 2, 0, 0
34348, 0, 6, 0, 6, 0, 0
36184, 0, 4, 0, 4, 0, 0
36185, 0, 3, 0, 3, 0, 0
36186, 0, 3, 1, 2, 0, 0
36187, 0, 2, 0, 2, 0, 0
36195, 0, 5, 0, 5, 0, 0
36197, 2, 2, 1, 1, 2, 0
36198, 1, 1, 0, 1, 1, 0
36615, 14, 8, 7, 1, 13, 1
40326, 3, 2, 1, 1, 2, 1
51161, 51, 17, 16, 1, 51, 0
76513, 3, 5, 3, 2, 3, 0
86126, 0, 2, 1, 1, 0, 0
96143, 1, 1, 0, 1, 1, 0
97799, 4, 1, 0, 1, 4, 0
97971, 1, 1, 0, 1, 1, 0
103908, 1, 1, 0, 1, 1, 0
103973, 0, 2, 1, 1, 0, 0
105055, 0, 2, 0, 2, 0, 0
105061, 2, 2, 1, 1, 2, 0
105197, 0, 2, 0, 2, 0, 0
106843, 0, 1, 0, 1, 0, 0
106844, 4, 2, 1, 1, 4, 0
106923, 0, 1, 0, 1, 0, 0
106926, 0, 2, 0, 2, 0, 0
106927, 0, 1, 0, 1, 0, 0
106993, 0, 1, 0, 1, 0, 0
107081, 0, 1, 0, 1, 0, 0
107445, 1, 2, 1, 1, 1, 0
107773, 0, 1, 0, 1, 0, 0
107797, 0, 1, 0, 1, 0, 0
108009, 3, 3, 1, 2, 3, 0
108183, 4, 4, 3, 1, 4, 0
108767, 3, 1, 0, 1, 3, 0
108847, 0, 1, 0, 1, 0, 0
108937, 0, 1, 0, 1, 0, 0
108950, 0, 1, 0, 1, 0, 0
108975, 0, 1, 0, 1, 0, 0
109253, 0, 1, 0, 1, 0, 0
109517, 0, 1, 0, 1, 0, 0
102597, 6, 5, 5, 0, 5, 1
9187, 1, 1, 0, 1, 1, 0
10002, 1, 1, 0, 1, 1, 0
11430, 3, 3, 2, 1, 3, 0
15006, 1, 1, 0, 1, 1, 0
96459, 3, 1, 0, 1, 3, 0
97765, 3, 1, 0, 1, 3, 0
98281, 1, 1, 0, 1, 1, 0
99753, 0, 1, 0, 1, 0, 0
99959, 0, 2, 0, 2, 0, 0
99976, 3, 3, 0, 3, 0, 3
100176, 2, 3, 2, 1, 2, 0
101473, 0, 1, 0, 1, 0, 0
11742, 18, 54, 54, 0, 18, 0
11830, 98, 162, 161, 1, 98, 0
22485, 29, 14, 14, 0, 29, 0
25823, 8, 25, 21, 4, 7, 1
37193, 7, 46, 39, 7, 7, 0
49926, 14, 15, 15, 0, 14, 0
61065, 268, 47, 44, 3, 268, 0
66547, 1, 1, 1, 0, 1, 0
77274, 0, 1, 1, 0, 0, 0
95906, 2, 1, 1, 0, 2, 0
101971, 1, 2, 2, 0, 1, 0
49812, 0, 2, 0, 2, 0, 0
63612, 0, 4, 0, 4, 0, 0
14978, 0, 4, 0, 4, 0, 0
15137, 0, 1, 0, 1, 0, 0
96483, 7, 9, 8, 1, 7, 0
13892, 0, 1, 1, 0, 0, 0
96944, 8, 4, 4, 0, 8, 0
97856, 6, 1, 1, 0, 6, 0
25521, 16, 11, 11, 0, 16, 0
41177, 4, 6, 4, 2, 4, 0
43088, 18, 12, 12, 0, 18, 0
44828, 12, 9, 9, 0, 12, 0
51335, 3, 2, 1, 1, 1, 2
60086, 64, 22, 22, 0, 63, 1
65059, 12, 8, 8, 0, 12, 0
66796, 19, 32, 32, 0, 19, 0
75256, 0, 1, 1, 0, 0, 0
75257, 0, 1, 1, 0, 0, 0
75258, 1, 1, 1, 0, 0, 1
75259, 0, 1, 1, 0, 0, 0
27576, 10, 4, 4, 0, 10, 0
37294, 4, 3, 3, 0, 4, 0
3674, 1, 2, 1, 1, 1, 0
113339, 1, 2, 1, 1, 1, 0
66473, 27, 4, 3, 1, 27, 0
74934, 3, 2, 2, 0, 3, 0
83581, 0, 1, 0, 1, 0, 0
113175, 0, 1, 0, 1, 0, 0
114709, 0, 1, 0, 1, 0, 0
115164, 0, 1, 0, 1, 0, 0
118335, 1, 1, 0, 1, 1, 0
121678, 1, 1, 1, 0, 1, 0
122333, 0, 1, 0, 1, 0, 0
122335, 1, 1, 1, 0, 0, 1
8259, 4, 4, 4, 0, 4, 0
8260, 3, 3, 3, 0, 3, 0
10385, 0, 3, 2, 1, 0, 0
33373, 4, 3, 3, 0, 3, 1
37342, 4, 2, 2, 0, 3, 1
47928, 12, 4, 3, 1, 11, 1
97532, 3, 1, 0, 1, 2, 1
104770, 0, 3, 2, 1, 0, 0
117306, 6, 6, 6, 0, 4, 2
127918, 2, 1, 0, 1, 2, 0
4058, 54, 10, 10, 0, 54, 0
7852, 2, 2, 2, 0, 2, 0
12817, 3, 4, 4, 0, 3, 0
13807, 6, 5, 5, 0, 6, 0
15382, 2, 2, 2, 0, 2, 0
15476, 1, 2, 2, 0, 1, 0
16137, 12, 3, 3, 0, 12, 0
16215, 10, 4, 4, 0, 9, 1
18555, 1, 1, 1, 0, 1, 0
19954, 1, 3, 3, 0, 1, 0
21679, 5, 2, 2, 0, 4, 1
22464, 6, 3, 3, 0, 6, 0
25598, 8, 1, 1, 0, 6, 2
31646, 1, 1, 1, 0, 1, 0
36170, 1, 1, 1, 0, 0, 1
40874, 3, 7, 7, 0, 3, 0
52248, 67, 10, 10, 0, 67, 0
52249, 0, 2, 2, 0, 0, 0
52306, 1, 3, 3, 0, 1, 0
52307, 2, 3, 3, 0, 2, 0
52388, 18, 15, 14, 1, 18, 0
57406, 2, 1, 1, 0, 2, 0
57832, 3, 2, 2, 0, 3, 0
57834, 4, 3, 3, 0, 4, 0
58028, 2, 1, 1, 0, 2, 0
62359, 5, 8, 7, 1, 5, 0
69237, 2, 12, 11, 1, 2, 0
73651, 1, 1, 1, 0, 1, 0
75912, 37, 9, 9, 0, 37, 0
80017, 0, 6, 6, 0, 0, 0
80018, 0, 6, 6, 0, 0, 0
80019, 6, 4, 4, 0, 6, 0
81345, 0, 2, 2, 0, 0, 0
81642, 0, 1, 1, 0, 0, 0
81643, 0, 1, 1, 0, 0, 0
81644, 0, 1, 1, 0, 0, 0
81645, 0, 1, 1, 0, 0, 0
81646, 0, 1, 1, 0, 0, 0
81651, 0, 1, 1, 0, 0, 0
84867, 0, 4, 4, 0, 0, 0
100548, 0, 1, 1, 0, 0, 0
100549, 0, 2, 2, 0, 0, 0
100550, 0, 1, 1, 0, 0, 0
100551, 0, 1, 1, 0, 0, 0
100554, 0, 1, 1, 0, 0, 0
100772, 0, 1, 1, 0, 0, 0
100773, 0, 1, 1, 0, 0, 0
100774, 0, 1, 1, 0, 0, 0
102062, 0, 1, 1, 0, 0, 0
102063, 0, 1, 1, 0, 0, 0
105685, 0, 1, 1, 0, 0, 0
111094, 0, 1, 1, 0, 0, 0
111095, 0, 1, 1, 0, 0, 0
6642, 7, 5, 5, 0, 7, 0
25479, 0, 1, 0, 1, 0, 0
25480, 0, 1, 0, 1, 0, 0
25482, 0, 1, 0, 1, 0, 0
25483, 0, 1, 0, 1, 0, 0
25484, 0, 1, 0, 1, 0, 0
25485, 0, 2, 1, 1, 0, 0
12133, 43, 28, 27, 1, 42, 1
12135, 40, 36, 36, 0, 40, 0
12142, 107, 76, 76, 0, 107, 0
13349, 9, 21, 21, 0, 9, 0
18684, 17, 16, 16, 0, 17, 0
31286, 23, 21, 21, 0, 23, 0
32874, 30, 20, 18, 2, 30, 0
34092, 14, 11, 11, 0, 10, 4
34112, 27, 38, 38, 0, 27, 0
37139, 63, 53, 53, 0, 63, 0
53140, 19, 12, 11, 1, 19, 0
53909, 15, 8, 8, 0, 15, 0
61494, 14, 10, 10, 0, 14, 0
62136, 11, 11, 11, 0, 11, 0
62140, 37, 41, 41, 0, 37, 0
63498, 18, 27, 27, 0, 18, 0
64463, 24, 19, 19, 0, 24, 0
64495, 0, 4, 4, 0, 0, 0
66086, 12, 9, 9, 0, 12, 0
68153, 15, 10, 10, 0, 15, 0
69358, 23, 17, 17, 0, 23, 0
70690, 1, 3, 3, 0, 1, 0
71181, 18, 4, 4, 0, 18, 0
76252, 6, 8, 8, 0, 6, 0
79343, 1, 1, 1, 0, 1, 0
79434, 1, 1, 1, 0, 1, 0
79435, 0, 1, 1, 0, 0, 0
79436, 0, 1, 1, 0, 0, 0
79437, 5, 5, 5, 0, 5, 0
79438, 1, 1, 1, 0, 1, 0
79439, 0, 1, 1, 0, 0, 0
79440, 5, 4, 4, 0, 5, 0
79441, 0, 1, 1, 0, 0, 0
79442, 0, 2, 2, 0, 0, 0
6531, 29, 3, 3, 0, 29, 0
8035, 2, 2, 1, 1, 1, 1
8037, 1, 1, 0, 1, 1, 0
93213, 0, 1, 0, 1, 0, 0
22235, 4, 4, 2, 2, 0, 4
7552, 1, 2, 1, 1, 1, 0
24448, 0, 74, 67, 7, 0, 0
7297, 5, 2, 2, 0, 5, 0
11011, 2, 3, 2, 1, 2, 0
11277, 33, 4, 4, 0, 33, 0
11551, 37, 12, 12, 0, 37, 0
11924, 62, 20, 20, 0, 61, 1
37325, 28, 13, 13, 0, 28, 0
37932, 6, 4, 4, 0, 6, 0
45071, 0, 7, 0, 7, 0, 0
52552, 2, 2, 2, 0, 2, 0
53833, 1, 1, 1, 0, 1, 0
57599, 4, 1, 1, 0, 4, 0
59243, 0, 2, 2, 0, 0, 0
59643, 5, 2, 2, 0, 4, 1
60281, 0, 1, 1, 0, 0, 0
60282, 0, 1, 1, 0, 0, 0
60283, 0, 1, 1, 0, 0, 0
60284, 0, 1, 1, 0, 0, 0
60285, 0, 1, 1, 0, 0, 0
60286, 0, 1, 1, 0, 0, 0
60287, 0, 1, 1, 0, 0, 0
60288, 0, 1, 1, 0, 0, 0
60289, 0, 1, 1, 0, 0, 0
60290, 0, 1, 1, 0, 0, 0
60291, 0, 1, 1, 0, 0, 0
60292, 0, 1, 1, 0, 0, 0
60293, 1, 1, 1, 0, 0, 1
60294, 0, 1, 1, 0, 0, 0
60295, 0, 1, 1, 0, 0, 0
60296, 0, 2, 2, 0, 0, 0
60297, 0, 1, 1, 0, 0, 0
60298, 0, 1, 1, 0, 0, 0
60299, 0, 3, 0, 3, 0, 0
60300, 0, 1, 1, 0, 0, 0
60301, 0, 1, 1, 0, 0, 0
60302, 0, 1, 1, 0, 0, 0
60303, 0, 1, 1, 0, 0, 0
60304, 1, 1, 1, 0, 1, 0
60307, 0, 1, 0, 1, 0, 0
60308, 0, 1, 1, 0, 0, 0
7277, 20, 3, 3, 0, 20, 0
20483, 2, 1, 1, 0, 2, 0
21538, 3, 7, 7, 0, 3, 0
22861, 2, 2, 2, 0, 2, 0
30861, 0, 4, 4, 0, 0, 0
37666, 5, 2, 2, 0, 4, 1
57491, 31, 12, 12, 0, 31, 0
60864, 5, 2, 2, 0, 5, 0
61374, 8, 9, 9, 0, 6, 2
65991, 7, 9, 9, 0, 7, 0
67622, 6, 5, 5, 0, 6, 0
70412, 5, 5, 5, 0, 5, 0
78511, 0, 1, 1, 0, 0, 0
61213, 0, 1, 0, 1, 0, 0
10850, 44, 13, 13, 0, 44, 0
54635, 2, 1, 1, 0, 2, 0
56302, 0, 5, 0, 5, 0, 0
66357, 3, 5, 5, 0, 3, 0
76355, 0, 1, 0, 1, 0, 0
123653, 3, 2, 2, 0, 3, 0
24335, 0, 14, 3, 11, 0, 0
25338, 29, 23, 23, 0, 29, 0
25588, 2, 1, 0, 1, 2, 0
25589, 0, 3, 1, 2, 0, 0
30430, 1, 1, 1, 0, 1, 0
37463, 7, 37, 37, 0, 7, 0
38137, 1, 1, 1, 0, 1, 0
53690, 47, 16, 15, 1, 47, 0
56696, 2, 2, 2, 0, 2, 0
93247, 14, 7, 7, 0, 14, 0
99007, 3, 2, 1, 1, 3, 0
9903, 2, 4, 4, 0, 2, 0
36520, 0, 2, 2, 0, 0, 0
95700, 13, 6, 5, 1, 13, 0
4063, 3, 3, 3, 0, 3, 0
21873, 6, 22, 21, 1, 6, 0
23957, 4, 17, 11, 6, 3, 1
27099, 21, 15, 13, 2, 21, 0
53289, 2, 1, 0, 1, 1, 1
95699, 8, 2, 2, 0, 8, 0
108296, 1, 1, 0, 1, 1, 0
108404, 2, 1, 0, 1, 2, 0
108441, 1, 1, 0, 1, 1, 0
108485, 2, 1, 0, 1, 2, 0
108505, 1, 1, 0, 1, 1, 0
109219, 4, 1, 0, 1, 4, 0
109401, 1, 1, 0, 1, 1, 0
109411, 3, 1, 0, 1, 3, 0
124369, 24, 7, 7, 0, 24, 0
127757, 27, 10, 10, 0, 27, 0
29938, 15, 11, 11, 0, 15, 0
37006, 10, 13, 13, 0, 10, 0
59604, 1, 1, 1, 0, 1, 0
81552, 2, 2, 2, 0, 2, 0
84071, 5, 8, 8, 0, 4, 1
105991, 10, 4, 4, 0, 10, 0
16211, 0, 3, 1, 2, 0, 0
16907, 2, 1, 0, 1, 2, 0
19188, 2, 1, 0, 1, 2, 0
19212, 2, 1, 0, 1, 2, 0
19213, 2, 1, 0, 1, 2, 0
19338, 2, 1, 0, 1, 2, 0
19339, 2, 1, 0, 1, 2, 0
19385, 2, 1, 0, 1, 2, 0
19514, 2, 1, 0, 1, 2, 0
26558, 1, 1, 0, 1, 1, 0
26628, 1, 1, 0, 1, 1, 0
34730, 4, 37, 31, 6, 3, 1
35017, 2, 1, 0, 1, 2, 0
37769, 1, 1, 0, 1, 1, 0
44141, 5, 3, 2, 1, 5, 0
44213, 3, 1, 0, 1, 3, 0
51124, 1, 2, 0, 2, 1, 0
51904, 0, 6, 4, 2, 0, 0
52720, 1, 2, 0, 2, 1, 0
53806, 1, 2, 0, 2, 1, 0
54702, 1, 2, 0, 2, 1, 0
54706, 1, 2, 0, 2, 1, 0
55826, 1, 2, 0, 2, 1, 0
56128, 1, 2, 0, 2, 1, 0
57040, 1, 2, 0, 2, 1, 0
63620, 1, 2, 0, 2, 1, 0
63713, 6, 3, 1, 2, 2, 4
63718, 3, 4, 2, 2, 0, 3
64522, 0, 2, 1, 1, 0, 0
65449, 1, 2, 0, 2, 1, 0
65646, 1, 2, 0, 2, 1, 0
83028, 0, 1, 0, 1, 0, 0
85132, 1, 1, 0, 1, 1, 0
93204, 1, 1, 0, 1, 1, 0
93259, 2, 1, 0, 1, 2, 0
93479, 1, 1, 0, 1, 1, 0
95404, 1, 1, 0, 1, 1, 0
97671, 0, 4, 2, 2, 0, 0
99727, 1, 1, 0, 1, 1, 0
102482, 1, 2, 2, 0, 1, 0
103178, 19, 8, 7, 1, 0, 19
105396, 0, 1, 0, 1, 0, 0
105397, 0, 1, 0, 1, 0, 0
105398, 0, 1, 0, 1, 0, 0
105399, 0, 1, 0, 1, 0, 0
105400, 0, 1, 0, 1, 0, 0
105401, 0, 1, 0, 1, 0, 0
105402, 0, 1, 0, 1, 0, 0
105403, 0, 1, 0, 1, 0, 0
105404, 0, 1, 0, 1, 0, 0
107043, 2, 4, 1, 3, 1, 1
107392, 0, 3, 0, 3, 0, 0
107463, 0, 1, 0, 1, 0, 0
107464, 0, 1, 0, 1, 0, 0
107465, 0, 1, 0, 1, 0, 0
107467, 0, 1, 0, 1, 0, 0
107468, 0, 1, 0, 1, 0, 0
108142, 0, 1, 0, 1, 0, 0
108143, 0, 1, 0, 1, 0, 0
108144, 0, 1, 0, 1, 0, 0
108145, 0, 1, 0, 1, 0, 0
108146, 0, 1, 0, 1, 0, 0
108147, 0, 1, 0, 1, 0, 0
108148, 0, 1, 0, 1, 0, 0
108150, 0, 1, 0, 1, 0, 0
108153, 0, 1, 0, 1, 0, 0
108154, 0, 1, 0, 1, 0, 0
108155, 0, 1, 0, 1, 0, 0
108156, 0, 1, 0, 1, 0, 0
108157, 0, 1, 0, 1, 0, 0
108158, 0, 1, 0, 1, 0, 0
108159, 0, 1, 0, 1, 0, 0
108160, 0, 1, 0, 1, 0, 0
108161, 0, 1, 0, 1, 0, 0
108162, 0, 1, 0, 1, 0, 0
108163, 0, 1, 0, 1, 0, 0
108164, 0, 1, 0, 1, 0, 0
108168, 0, 1, 0, 1, 0, 0
108169, 0, 1, 0, 1, 0, 0
108170, 0, 1, 0, 1, 0, 0
108171, 0, 1, 0, 1, 0, 0
108172, 0, 1, 0, 1, 0, 0
108173, 0, 1, 0, 1, 0, 0
108174, 0, 1, 0, 1, 0, 0
108175, 0, 1, 0, 1, 0, 0
108176, 0, 1, 0, 1, 0, 0
108177, 0, 1, 0, 1, 0, 0
108178, 0, 1, 0, 1, 0, 0
109124, 1, 1, 0, 1, 1, 0
110618, 2, 3, 2, 1, 2, 0
111997, 2, 1, 0, 1, 2, 0
112327, 0, 1, 0, 1, 0, 0
112328, 0, 1, 0, 1, 0, 0
112329, 0, 1, 0, 1, 0, 0
112330, 0, 1, 0, 1, 0, 0
112331, 0, 1, 0, 1, 0, 0
113178, 2, 5, 2, 3, 2, 0
113449, 0, 2, 1, 1, 0, 0
113453, 0, 3, 1, 2, 0, 0
114165, 2, 1, 0, 1, 1, 1
114252, 0, 5, 0, 5, 0, 0
114264, 0, 1, 0, 1, 0, 0
114607, 0, 4, 0, 4, 0, 0
114959, 0, 1, 0, 1, 0, 0
115907, 0, 1, 0, 1, 0, 0
117342, 0, 8, 0, 8, 0, 0
117513, 0, 1, 0, 1, 0, 0
117677, 0, 1, 0, 1, 0, 0
118237, 9, 1, 0, 1, 4, 5
118238, 0, 2, 1, 1, 0, 0
118239, 0, 2, 1, 1, 0, 0
118321, 0, 1, 0, 1, 0, 0
118322, 0, 1, 0, 1, 0, 0
118323, 0, 1, 0, 1, 0, 0
118324, 0, 1, 0, 1, 0, 0
118325, 0, 1, 0, 1, 0, 0
118326, 0, 1, 0, 1, 0, 0
118327, 0, 1, 0, 1, 0, 0
118329, 0, 1, 0, 1, 0, 0
118411, 0, 1, 0, 1, 0, 0
118414, 0, 1, 0, 1, 0, 0
118415, 0, 1, 0, 1, 0, 0
118416, 0, 1, 0, 1, 0, 0
118417, 0, 1, 0, 1, 0, 0
118418, 0, 1, 0, 1, 0, 0
118419, 0, 1, 0, 1, 0, 0
118420, 0, 1, 0, 1, 0, 0
118421, 0, 1, 0, 1, 0, 0
118422, 0, 1, 0, 1, 0, 0
118524, 4, 2, 1, 1, 1, 3
119805, 0, 3, 1, 2, 0, 0
120214, 0, 1, 0, 1, 0, 0
127629, 1, 4, 1, 3, 1, 0
127630, 3, 4, 1, 3, 3, 0
7487, 1, 1, 0, 1, 1, 0
105422, 9, 3, 2, 1, 9, 0
12081, 10, 14, 11, 3, 9, 1
27348, 4, 5, 3, 2, 4, 0
92222, 0, 1, 1, 0, 0, 0
3255, 1, 0, 0, 0, 1, 0
3256, 0, 1, 1, 0, 0, 0
3257, 2, 1, 1, 0, 2, 0
37660, 4, 71, 56, 15, 4, 0
39284, 1, 1, 1, 0, 1, 0
6098, 0, 4, 3, 1, 0, 0
21087, 1, 2, 0, 2, 1, 0
47615, 10, 25, 23, 2, 10, 0
47631, 2, 7, 0, 7, 2, 0
48505, 0, 2, 0, 2, 0, 0
51657, 0, 3, 0, 3, 0, 0
55997, 0, 8, 1, 7, 0, 0
58841, 0, 5, 0, 5, 0, 0
59119, 108, 107, 96, 11, 107, 1
76185, 0, 7, 0, 7, 0, 0
81930, 0, 1, 0, 1, 0, 0
81932, 0, 1, 0, 1, 0, 0
82370, 2, 2, 1, 1, 2, 0
111773, 2, 1, 1, 0, 2, 0
3260, 1, 0, 0, 0, 0, 1
3262, 1, 0, 0, 0, 1, 0
3263, 1, 0, 0, 0, 1, 0
3264, 1, 0, 0, 0, 1, 0
3265, 1, 0, 0, 0, 1, 0
6627, 0, 2, 1, 1, 0, 0
14646, 0, 3, 2, 1, 0, 0
18029, 30, 21, 19, 2, 28, 2
21218, 2, 4, 4, 0, 2, 0
39190, 1, 2, 1, 1, 1, 0
56502, 1, 1, 1, 0, 1, 0
72140, 4, 13, 13, 0, 4, 0
73666, 2, 1, 1, 0, 2, 0
74402, 7, 5, 5, 0, 7, 0
75068, 13, 4, 4, 0, 13, 0
79848, 0, 3, 3, 0, 0, 0
83020, 0, 1, 1, 0, 0, 0
83021, 1, 1, 1, 0, 1, 0
83022, 0, 1, 1, 0, 0, 0
83023, 0, 1, 1, 0, 0, 0
83024, 0, 2, 1, 1, 0, 0
94880, 4, 5, 5, 0, 4, 0
101063, 1, 3, 1, 2, 1, 0
108665, 0, 3, 3, 0, 0, 0
3271, 1, 0, 0, 0, 1, 0
3273, 1, 0, 0, 0, 1, 0
3588, 14, 11, 11, 0, 14, 0
3275, 1, 0, 0, 0, 1, 0
3276, 1, 0, 0, 0, 1, 0
9453, 8, 10, 5, 5, 8, 0
33395, 2, 10, 1, 9, 2, 0
47061, 2, 4, 0, 4, 1, 1
51910, 4, 2, 1, 1, 0, 4
58664, 1, 2, 0, 2, 1, 0
66825, 0, 3, 0, 3, 0, 0
92347, 0, 1, 0, 1, 0, 0
92348, 0, 1, 0, 1, 0, 0
92349, 0, 1, 0, 1, 0, 0
92350, 0, 2, 0, 2, 0, 0
92351, 0, 1, 0, 1, 0, 0
92352, 0, 1, 0, 1, 0, 0
92353, 0, 1, 0, 1, 0, 0
103421, 0, 2, 1, 1, 0, 0
105624, 0, 1, 0, 1, 0, 0
111954, 0, 1, 0, 1, 0, 0
3278, 3, 0, 0, 0, 3, 0
3342, 0, 1, 1, 0, 0, 0
13034, 65, 24, 23, 1, 65, 0
13877, 19, 4, 4, 0, 19, 0
14940, 1, 8, 7, 1, 1, 0
24180, 6, 4, 4, 0, 6, 0
28029, 3, 8, 8, 0, 3, 0
34336, 17, 6, 6, 0, 17, 0
44280, 2, 3, 3, 0, 2, 0
44281, 4, 3, 3, 0, 4, 0
63709, 14, 5, 4, 1, 12, 2
112547, 4, 11, 9, 2, 4, 0
3282, 1, 0, 0, 0, 0, 1
3283, 1, 1, 0, 1, 1, 0
3284, 1, 0, 0, 0, 1, 0
3286, 1, 0, 0, 0, 0, 1
36915, 6, 4, 3, 1, 6, 0
41790, 24, 4, 4, 0, 24, 0
44330, 1, 1, 1, 0, 1, 0
44422, 17, 9, 9, 0, 17, 0
44423, 0, 1, 1, 0, 0, 0
3289, 17, 4, 4, 0, 15, 2
23774, 1, 11, 11, 0, 1, 0
26889, 4, 6, 6, 0, 4, 0
35964, 2, 5, 5, 0, 2, 0
48114, 1, 5, 5, 0, 1, 0
69535, 0, 3, 3, 0, 0, 0
106824, 24, 7, 6, 1, 24, 0
5584, 10, 2, 2, 0, 10, 0
3291, 1, 0, 0, 0, 0, 1
3293, 1, 0, 0, 0, 1, 0
3294, 1, 0, 0, 0, 0, 1
3295, 0, 4, 3, 1, 0, 0
41634, 0, 4, 0, 4, 0, 0
92520, 0, 1, 0, 1, 0, 0
124015, 0, 7, 7, 0, 0, 0
33581, 1, 4, 1, 3, 1, 0
3302, 2, 0, 0, 0, 2, 0
4097, 3, 5, 4, 1, 3, 0
28025, 2, 3, 2, 1, 2, 0
28026, 6, 5, 4, 1, 3, 3
109249, 1, 2, 1, 1, 0, 1
111554, 0, 1, 0, 1, 0, 0
123158, 0, 1, 0, 1, 0, 0
125325, 1, 1, 0, 1, 1, 0
125326, 0, 2, 1, 1, 0, 0
125337, 4, 5, 2, 3, 4, 0
125382, 2, 4, 3, 1, 2, 0
3305, 0, 3, 3, 0, 0, 0
3306, 1, 0, 0, 0, 0, 1
17170, 21, 15, 14, 1, 20, 1
29916, 10, 12, 12, 0, 10, 0
31791, 11, 8, 8, 0, 11, 0
43658, 198, 60, 60, 0, 198, 0
62894, 8, 8, 8, 0, 8, 0
66369, 3, 3, 2, 1, 3, 0
66379, 0, 2, 2, 0, 0, 0
75783, 5, 3, 3, 0, 5, 0
3309, 2, 2, 2, 0, 2, 0
3310, 2, 3, 3, 0, 2, 0
37665, 12, 7, 7, 0, 11, 1
52979, 16, 4, 1, 3, 16, 0
104227, 2, 2, 2, 0, 2, 0
32379, 1, 2, 0, 2, 1, 0
32443, 7, 9, 9, 0, 7, 0
39741, 2, 3, 3, 0, 2, 0
47932, 1, 2, 2, 0, 1, 0
53202, 2, 6, 5, 1, 2, 0
68056, 0, 2, 1, 1, 0, 0
92899, 0, 1, 0, 1, 0, 0
10953, 6, 7, 7, 0, 6, 0
11139, 8, 2, 2, 0, 7, 1
15125, 26, 7, 7, 0, 20, 6
59812, 2, 7, 7, 0, 0, 2
62066, 0, 1, 1, 0, 0, 0
62067, 0, 1, 1, 0, 0, 0
62068, 0, 1, 1, 0, 0, 0
17630, 5, 2, 0, 2, 1, 4
108387, 2, 2, 2, 0, 2, 0
10585, 4, 3, 3, 0, 4, 0
14914, 11, 7, 7, 0, 11, 0
22424, 6, 3, 3, 0, 6, 0
25513, 2, 1, 1, 0, 1, 1
38123, 1, 3, 3, 0, 0, 1
39074, 0, 6, 0, 6, 0, 0
40497, 1, 4, 4, 0, 1, 0
73239, 7, 6, 6, 0, 7, 0
100759, 1, 1, 1, 0, 1, 0
102594, 4, 2, 2, 0, 4, 0
104095, 9, 9, 8, 1, 9, 0
117425, 2, 5, 5, 0, 2, 0
4156, 18, 3, 3, 0, 14, 4
29227, 4, 4, 4, 0, 4, 0
30014, 63, 11, 11, 0, 63, 0
39851, 16, 11, 11, 0, 16, 0
16583, 10, 11, 7, 4, 10, 0
28256, 0, 5, 0, 5, 0, 0
35451, 0, 3, 0, 3, 0, 0
35455, 0, 1, 0, 1, 0, 0
35456, 0, 1, 0, 1, 0, 0
35458, 0, 1, 0, 1, 0, 0
35460, 0, 3, 0, 3, 0, 0
35461, 0, 5, 0, 5, 0, 0
35462, 0, 2, 0, 2, 0, 0
35463, 0, 1, 0, 1, 0, 0
35464, 0, 1, 0, 1, 0, 0
36264, 6, 3, 1, 2, 5, 1
94204, 4, 5, 4, 1, 4, 0
98976, 0, 1, 0, 1, 0, 0
102108, 0, 2, 0, 2, 0, 0
103441, 0, 1, 0, 1, 0, 0
92193, 0, 1, 1, 0, 0, 0
93503, 0, 1, 0, 1, 0, 0
11459, 4, 6, 6, 0, 4, 0
70385, 0, 4, 4, 0, 0, 0
71603, 3, 2, 2, 0, 2, 1
13192, 2, 2, 2, 0, 2, 0
25007, 10, 7, 7, 0, 10, 0
57654, 2, 3, 0, 3, 2, 0
58802, 29, 8, 7, 1, 27, 2
60076, 82, 11, 11, 0, 82, 0
64114, 6, 1, 1, 0, 6, 0
68657, 4, 4, 4, 0, 4, 0
96603, 4, 1, 1, 0, 3, 1
107215, 1, 1, 1, 0, 1, 0
3327, 1, 0, 0, 0, 0, 1
39901, 5, 4, 3, 1, 5, 0
3330, 1, 0, 0, 0, 1, 0
22309, 3, 8, 8, 0, 3, 0
33819, 4, 4, 3, 1, 4, 0
80282, 4, 3, 3, 0, 4, 0
3332, 1, 0, 0, 0, 1, 0
3333, 1, 0, 0, 0, 1, 0
12241, 3, 1, 1, 0, 3, 0
13842, 5, 3, 2, 1, 3, 2
26517, 1, 5, 5, 0, 1, 0
66461, 7, 10, 10, 0, 7, 0
68726, 6, 5, 5, 0, 6, 0
79373, 8, 2, 2, 0, 7, 1
102221, 1, 1, 1, 0, 1, 0
102656, 3, 5, 5, 0, 3, 0
103149, 2, 2, 2, 0, 2, 0
103262, 6, 1, 1, 0, 6, 0
105378, 13, 2, 2, 0, 13, 0
106394, 3, 2, 2, 0, 3, 0
106395, 10, 4, 4, 0, 10, 0
106721, 5, 3, 3, 0, 5, 0
45150, 0, 4, 1, 3, 0, 0
83256, 0, 1, 0, 1, 0, 0
20711, 0, 3, 0, 3, 0, 0
24126, 6, 5, 5, 0, 5, 1
34899, 7, 3, 1, 2, 3, 4
39926, 2, 7, 2, 5, 1, 1
19618, 2, 3, 0, 3, 2, 0
67804, 0, 1, 0, 1, 0, 0
98408, 1, 1, 1, 0, 1, 0
75288, 0, 1, 1, 0, 0, 0
100270, 1, 1, 1, 0, 1, 0
7867, 12, 11, 11, 0, 12, 0
3346, 3, 4, 4, 0, 3, 0
3348, 11, 48, 40, 8, 11, 0
3943, 1, 1, 0, 1, 1, 0
17231, 9, 11, 7, 4, 4, 5
22383, 1, 1, 0, 1, 1, 0
22384, 0, 6, 5, 1, 0, 0
22385, 2, 1, 0, 1, 1, 1
22386, 1, 1, 0, 1, 1, 0
22387, 3, 1, 0, 1, 2, 1
22388, 1, 1, 0, 1, 1, 0
22389, 0, 2, 0, 2, 0, 0
22390, 0, 1, 0, 1, 0, 0
95431, 4, 3, 1, 2, 0, 4
106112, 4, 2, 0, 2, 4, 0
6012, 24, 14, 13, 1, 20, 4
22790, 11, 8, 2, 6, 11, 0
36076, 6, 18, 17, 1, 6, 0
46378, 0, 2, 0, 2, 0, 0
49328, 6, 4, 4, 0, 5, 1
77144, 1, 4, 0, 4, 1, 0
81591, 0, 1, 1, 0, 0, 0
81592, 0, 3, 0, 3, 0, 0
81593, 1, 4, 2, 2, 1, 0
81594, 0, 1, 0, 1, 0, 0
81595, 0, 1, 0, 1, 0, 0
81596, 0, 1, 0, 1, 0, 0
81597, 0, 1, 0, 1, 0, 0
81599, 0, 2, 2, 0, 0, 0
93708, 2, 2, 0, 2, 0, 2
111710, 0, 9, 0, 9, 0, 0
111855, 0, 1, 0, 1, 0, 0
60445, 10, 20, 19, 1, 10, 0
40821, 9, 8, 8, 0, 5, 4
52548, 37, 43, 42, 1, 33, 4
53723, 8, 11, 10, 1, 7, 1
70971, 1, 1, 1, 0, 1, 0
75584, 0, 1, 1, 0, 0, 0
75585, 0, 1, 1, 0, 0, 0
3350, 1, 0, 0, 0, 1, 0
3352, 2, 0, 0, 0, 2, 0
3355, 1, 0, 0, 0, 1, 0
23661, 1, 8, 8, 0, 1, 0
75331, 3, 1, 1, 0, 3, 0
5642, 2, 2, 2, 0, 2, 0
9537, 9, 8, 2, 6, 4, 5
11652, 70, 25, 25, 0, 63, 7
17089, 24, 8, 8, 0, 15, 9
21426, 1, 4, 4, 0, 1, 0
34546, 11, 8, 8, 0, 10, 1
38342, 14, 8, 8, 0, 14, 0
58256, 18, 7, 7, 0, 18, 0
92519, 0, 1, 0, 1, 0, 0
3359, 1, 0, 0, 0, 1, 0
3360, 1, 1, 1, 0, 1, 0
11032, 3, 3, 2, 1, 3, 0
11350, 6, 7, 7, 0, 6, 0
76078, 19, 10, 10, 0, 19, 0
119730, 2, 1, 1, 0, 2, 0
3367, 11, 5, 5, 0, 11, 0
29067, 2, 2, 2, 0, 2, 0
64706, 14, 7, 5, 2, 14, 0
108992, 1, 1, 0, 1, 1, 0
111913, 2, 3, 2, 1, 2, 0
3403, 12, 4, 4, 0, 12, 0
3406, 11, 14, 13, 1, 11, 0
14201, 1, 2, 2, 0, 1, 0
16892, 0, 5, 2, 3, 0, 0
16893, 0, 1, 1, 0, 0, 0
16894, 0, 1, 1, 0, 0, 0
18433, 1, 1, 1, 0, 1, 0
3530, 1, 2, 2, 0, 1, 0
45346, 0, 2, 0, 2, 0, 0
57278, 3, 3, 2, 1, 3, 0
65650, 15, 4, 4, 0, 14, 1
71005, 1, 1, 1, 0, 1, 0
33518, 14, 9, 8, 1, 14, 0
50343, 1, 3, 1, 2, 0, 1
61130, 2, 3, 2, 1, 2, 0
104145, 0, 1, 0, 1, 0, 0
124731, 1, 4, 4, 0, 1, 0
24784, 4, 9, 3, 6, 4, 0
38115, 41, 20, 19, 1, 41, 0
70673, 0, 1, 0, 1, 0, 0
33896, 9, 9, 8, 1, 9, 0
5814, 0, 4, 3, 1, 0, 0
8301, 2, 6, 6, 0, 2, 0
13277, 1, 4, 3, 1, 0, 1
15223, 4, 5, 4, 1, 3, 1
16685, 0, 2, 1, 1, 0, 0
19429, 7, 1, 1, 0, 7, 0
19580, 1, 5, 5, 0, 0, 1
19919, 4, 9, 9, 0, 3, 1
20083, 11, 7, 6, 1, 10, 1
21076, 3, 1, 1, 0, 3, 0
21162, 10, 9, 9, 0, 5, 5
21509, 4, 4, 4, 0, 2, 2
24566, 17, 11, 10, 1, 12, 5
30422, 0, 2, 2, 0, 0, 0
33681, 4, 4, 4, 0, 3, 1
34205, 5, 4, 4, 0, 4, 1
40212, 5, 3, 3, 0, 3, 2
40831, 4, 2, 2, 0, 4, 0
41605, 0, 4, 4, 0, 0, 0
47743, 15, 5, 5, 0, 15, 0
48943, 2, 6, 6, 0, 2, 0
60920, 0, 2, 2, 0, 0, 0
74605, 1, 3, 3, 0, 1, 0
75397, 0, 3, 3, 0, 0, 0
77905, 3, 3, 3, 0, 2, 1
89009, 1, 4, 4, 0, 1, 0
95759, 0, 1, 1, 0, 0, 0
95780, 0, 1, 1, 0, 0, 0
96168, 0, 2, 2, 0, 0, 0
96679, 0, 1, 1, 0, 0, 0
96984, 0, 1, 1, 0, 0, 0
96985, 0, 1, 1, 0, 0, 0
96986, 0, 1, 1, 0, 0, 0
99983, 0, 1, 1, 0, 0, 0
100265, 0, 1, 1, 0, 0, 0
42007, 0, 2, 0, 2, 0, 0
88019, 0, 2, 0, 2, 0, 0
92354, 0, 1, 0, 1, 0, 0
92355, 0, 1, 0, 1, 0, 0
92356, 0, 2, 0, 2, 0, 0
18309, 0, 2, 2, 0, 0, 0
9821, 11, 7, 5, 2, 9, 2
12719, 4, 2, 2, 0, 4, 0
13178, 12, 11, 10, 1, 12, 0
32006, 2, 2, 1, 1, 2, 0
36994, 12, 4, 4, 0, 11, 1
40842, 6, 5, 3, 2, 6, 0
43269, 9, 3, 1, 2, 6, 3
43338, 6, 5, 4, 1, 6, 0
44163, 1, 8, 2, 6, 0, 1
45172, 3, 2, 2, 0, 3, 0
45261, 2, 2, 0, 2, 2, 0
51808, 4, 4, 2, 2, 4, 0
53453, 0, 3, 0, 3, 0, 0
53455, 0, 2, 0, 2, 0, 0
53456, 0, 1, 0, 1, 0, 0
53457, 0, 1, 0, 1, 0, 0
53458, 0, 1, 0, 1, 0, 0
53459, 0, 1, 0, 1, 0, 0
53460, 0, 1, 0, 1, 0, 0
53461, 0, 1, 0, 1, 0, 0
53462, 0, 1, 0, 1, 0, 0
53463, 0, 1, 0, 1, 0, 0
53464, 4, 6, 5, 1, 4, 0
53465, 1, 1, 0, 1, 1, 0
53466, 0, 1, 0, 1, 0, 0
53467, 0, 1, 0, 1, 0, 0
53468, 0, 1, 0, 1, 0, 0
53469, 0, 3, 2, 1, 0, 0
53471, 3, 4, 3, 1, 3, 0
53472, 3, 2, 1, 1, 3, 0
53473, 6, 5, 4, 1, 6, 0
53474, 2, 1, 0, 1, 2, 0
53475, 0, 1, 0, 1, 0, 0
53476, 0, 1, 0, 1, 0, 0
53477, 1, 3, 1, 2, 1, 0
53480, 0, 1, 0, 1, 0, 0
53481, 0, 1, 0, 1, 0, 0
53482, 0, 1, 0, 1, 0, 0
53483, 0, 1, 0, 1, 0, 0
53484, 0, 1, 0, 1, 0, 0
95666, 2, 3, 3, 0, 2, 0
96333, 2, 2, 2, 0, 2, 0
108921, 14, 5, 5, 0, 14, 0
3649, 39, 2, 2, 0, 39, 0
3913, 2, 1, 1, 0, 1, 1
6311, 1, 1, 1, 0, 1, 0
6312, 10, 2, 2, 0, 5, 5
6529, 8, 2, 2, 0, 8, 0
6535, 2, 1, 1, 0, 2, 0
8481, 3, 1, 1, 0, 3, 0
13838, 1, 7, 7, 0, 1, 0
31267, 19, 18, 16, 2, 18, 1
36544, 53, 27, 19, 8, 53, 0
38131, 2, 1, 1, 0, 2, 0
46731, 1, 4, 0, 4, 1, 0
47163, 6, 2, 2, 0, 6, 0
63558, 0, 2, 0, 2, 0, 0
71682, 0, 1, 0, 1, 0, 0
71683, 0, 1, 0, 1, 0, 0
71684, 0, 2, 0, 2, 0, 0
71685, 0, 1, 1, 0, 0, 0
71686, 0, 1, 1, 0, 0, 0
71687, 1, 8, 6, 2, 1, 0
71688, 0, 1, 1, 0, 0, 0
71689, 0, 1, 1, 0, 0, 0
71691, 0, 1, 1, 0, 0, 0
71692, 0, 2, 2, 0, 0, 0
71693, 0, 1, 1, 0, 0, 0
71694, 0, 1, 1, 0, 0, 0
71695, 0, 1, 1, 0, 0, 0
71696, 0, 2, 2, 0, 0, 0
3381, 5, 0, 0, 0, 0, 5
5462, 2, 5, 4, 1, 2, 0
7041, 9, 4, 4, 0, 9, 0
7742, 0, 2, 2, 0, 0, 0
38014, 0, 2, 0, 2, 0, 0
10028, 7, 7, 7, 0, 7, 0
25753, 0, 3, 0, 3, 0, 0
15899, 33, 9, 9, 0, 31, 2
23842, 1, 1, 1, 0, 1, 0
62384, 0, 3, 3, 0, 0, 0
83112, 0, 2, 0, 2, 0, 0
84225, 0, 1, 1, 0, 0, 0
84226, 0, 2, 2, 0, 0, 0
94760, 0, 1, 0, 1, 0, 0
3386, 1, 0, 0, 0, 1, 0
3387, 1, 0, 0, 0, 1, 0
3388, 0, 1, 1, 0, 0, 0
3389, 1, 0, 0, 0, 1, 0
3393, 1, 2, 1, 1, 1, 0
3394, 4, 8, 8, 0, 4, 0
12971, 25, 20, 20, 0, 25, 0
21191, 3, 14, 14, 0, 3, 0
32708, 13, 7, 7, 0, 13, 0
44189, 4, 3, 2, 1, 4, 0
61132, 3, 5, 5, 0, 3, 0
65369, 18, 6, 6, 0, 18, 0
68066, 1, 8, 4, 4, 0, 1
68558, 0, 2, 1, 1, 0, 0
68559, 0, 1, 0, 1, 0, 0
23926, 2, 1, 1, 0, 2, 0
35526, 0, 1, 0, 1, 0, 0
35527, 0, 2, 0, 2, 0, 0
44509, 22, 20, 18, 2, 22, 0
46976, 10, 9, 7, 2, 10, 0
71839, 2, 8, 7, 1, 2, 0
27453, 10, 9, 8, 1, 8, 2
32765, 2, 2, 2, 0, 1, 1
32766, 66, 54, 54, 0, 66, 0
32768, 9, 9, 9, 0, 9, 0
32771, 2, 3, 3, 0, 2, 0
3505, 1, 1, 0, 1, 1, 0
82491, 0, 2, 0, 2, 0, 0
82493, 0, 1, 0, 1, 0, 0
3400, 1, 0, 0, 0, 1, 0
3401, 1, 0, 0, 0, 1, 0
93268, 0, 1, 1, 0, 0, 0
3409, 7, 14, 14, 0, 7, 0
3411, 12, 14, 13, 1, 12, 0
63523, 7, 6, 5, 1, 7, 0
67415, 3, 4, 4, 0, 3, 0
68459, 13, 10, 10, 0, 13, 0
69082, 4, 5, 5, 0, 4, 0
69369, 0, 2, 2, 0, 0, 0
46017, 1, 1, 1, 0, 1, 0
68169, 1, 2, 2, 0, 1, 0
26232, 17, 17, 9, 8, 17, 0
39946, 1, 2, 2, 0, 1, 0
68304, 1, 1, 1, 0, 1, 0
69190, 0, 2, 2, 0, 0, 0
70156, 3, 1, 1, 0, 3, 0
21594, 2, 4, 4, 0, 2, 0
22243, 1, 1, 1, 0, 0, 1
26326, 25, 10, 9, 1, 19, 6
26328, 0, 5, 1, 4, 0, 0
3417, 1, 3, 3, 0, 1, 0
35368, 1, 2, 2, 0, 1, 0
51114, 2, 2, 2, 0, 2, 0
98332, 2, 3, 3, 0, 1, 1
11721, 77, 45, 41, 4, 77, 0
31796, 6, 4, 4, 0, 6, 0
58949, 0, 1, 1, 0, 0, 0
58950, 0, 1, 0, 1, 0, 0
42272, 2, 3, 2, 1, 2, 0
114552, 6, 3, 3, 0, 6, 0
115904, 0, 3, 3, 0, 0, 0
20327, 0, 5, 0, 5, 0, 0
28971, 0, 6, 0, 6, 0, 0
32739, 0, 3, 0, 3, 0, 0
36115, 0, 10, 1, 9, 0, 0
38647, 1, 10, 1, 9, 1, 0
45080, 0, 12, 0, 12, 0, 0
73358, 0, 2, 0, 2, 0, 0
73360, 0, 1, 0, 1, 0, 0
73364, 0, 1, 0, 1, 0, 0
73365, 0, 2, 0, 2, 0, 0
73367, 0, 1, 0, 1, 0, 0
73368, 0, 1, 0, 1, 0, 0
3427, 1, 0, 0, 0, 1, 0
3428, 1, 6, 6, 0, 1, 0
3433, 1, 0, 0, 0, 1, 0
47027, 0, 2, 0, 2, 0, 0
47028, 0, 6, 0, 6, 0, 0
3437, 1, 1, 0, 1, 1, 0
37627, 0, 3, 0, 3, 0, 0
41067, 6, 7, 0, 7, 6, 0
63217, 4, 6, 3, 3, 4, 0
64976, 1, 15, 4, 11, 1, 0
76047, 0, 2, 0, 2, 0, 0
76048, 0, 3, 0, 3, 0, 0
76049, 0, 6, 0, 6, 0, 0
117546, 2, 4, 3, 1, 2, 0
118146, 0, 1, 0, 1, 0, 0
119459, 0, 4, 0, 4, 0, 0
120133, 2, 1, 0, 1, 2, 0
122472, 0, 2, 0, 2, 0, 0
3439, 1, 0, 0, 0, 1, 0
3440, 1, 0, 0, 0, 1, 0
3441, 1, 0, 0, 0, 1, 0
3442, 0, 1, 1, 0, 0, 0
3443, 1, 0, 0, 0, 1, 0
3445, 3, 1, 1, 0, 1, 2
3447, 1, 0, 0, 0, 1, 0
3448, 1, 0, 0, 0, 0, 1
3449, 0, 1, 0, 1, 0, 0
28075, 1, 4, 4, 0, 1, 0
29182, 3, 4, 4, 0, 3, 0
59606, 4, 6, 6, 0, 4, 0
59607, 1, 2, 2, 0, 1, 0
49034, 11, 8, 4, 4, 11, 0
77125, 2, 2, 2, 0, 2, 0
86032, 0, 2, 0, 2, 0, 0
7454, 53, 17, 17, 0, 53, 0
12151, 8, 35, 35, 0, 8, 0
26456, 12, 2, 1, 1, 12, 0
28193, 0, 4, 0, 4, 0, 0
44761, 57, 16, 16, 0, 57, 0
49105, 32, 7, 7, 0, 31, 1
53696, 14, 11, 10, 1, 12, 2
58991, 0, 3, 3, 0, 0, 0
72536, 0, 4, 4, 0, 0, 0
77124, 1, 1, 1, 0, 1, 0
77126, 0, 1, 0, 1, 0, 0
77127, 0, 1, 0, 1, 0, 0
32482, 1, 1, 1, 0, 1, 0
56718, 1, 10, 10, 0, 1, 0
3457, 1, 0, 0, 0, 1, 0
11503, 2, 1, 0, 1, 1, 1
23883, 3, 1, 1, 0, 3, 0
27500, 10, 11, 11, 0, 10, 0
27501, 3, 6, 6, 0, 3, 0
31142, 29, 17, 17, 0, 27, 2
46277, 0, 1, 1, 0, 0, 0
46279, 0, 2, 2, 0, 0, 0
99496, 5, 2, 2, 0, 5, 0
102330, 1, 1, 1, 0, 1, 0
59131, 10, 113, 113, 0, 9, 1
15842, 3, 5, 4, 1, 3, 0
20445, 2, 2, 1, 1, 2, 0
22399, 2, 1, 1, 0, 2, 0
22400, 4, 32, 28, 4, 4, 0
22401, 9, 13, 13, 0, 9, 0
22404, 14, 22, 20, 2, 13, 1
3463, 1, 0, 0, 0, 1, 0
3464, 1, 0, 0, 0, 1, 0
3465, 2, 0, 0, 0, 2, 0
119791, 0, 1, 0, 1, 0, 0
120485, 0, 1, 1, 0, 0, 0
3467, 1, 0, 0, 0, 1, 0
3468, 2, 0, 0, 0, 2, 0
3469, 7, 3, 2, 1, 7, 0
3470, 8, 9, 8, 1, 8, 0
51710, 5, 6, 6, 0, 5, 0
61232, 10, 5, 5, 0, 9, 1
61234, 4, 4, 4, 0, 4, 0
61235, 5, 6, 6, 0, 5, 0
61236, 3, 5, 5, 0, 3, 0
61237, 0, 2, 2, 0, 0, 0
12185, 1, 1, 0, 1, 0, 1
12187, 2, 2, 2, 0, 2, 0
12189, 3, 7, 6, 1, 3, 0
12195, 0, 5, 0, 5, 0, 0
12201, 1, 1, 0, 1, 1, 0
3474, 1, 0, 0, 0, 0, 1
3476, 1, 0, 0, 0, 1, 0
24897, 1, 2, 2, 0, 1, 0
7400, 24, 32, 32, 0, 24, 0
15150, 2, 1, 1, 0, 2, 0
21220, 22, 34, 33, 1, 22, 0
29298, 13, 3, 3, 0, 11, 2
67998, 20, 9, 9, 0, 20, 0
69229, 25, 11, 11, 0, 25, 0
69230, 19, 12, 12, 0, 19, 0
3480, 1, 0, 0, 0, 1, 0
3481, 0, 1, 1, 0, 0, 0
3482, 2, 0, 0, 0, 2, 0
103217, 0, 1, 0, 1, 0, 0
115357, 0, 1, 0, 1, 0, 0
119608, 1, 1, 1, 0, 1, 0
126929, 0, 1, 0, 1, 0, 0
129128, 0, 1, 0, 1, 0, 0
3484, 1, 0, 0, 0, 1, 0
35771, 1, 2, 0, 2, 1, 0
38669, 11, 3, 3, 0, 10, 1
39717, 0, 6, 3, 3, 0, 0
42667, 3, 7, 5, 2, 3, 0
43146, 1, 1, 0, 1, 1, 0
43578, 1, 1, 0, 1, 0, 1
45835, 1, 3, 2, 1, 1, 0
47685, 2, 3, 2, 1, 2, 0
49815, 0, 2, 0, 2, 0, 0
50399, 10, 19, 12, 7, 10, 0
61800, 10, 13, 12, 1, 10, 0
74218, 4, 2, 1, 1, 4, 0
75336, 1, 1, 0, 1, 1, 0
77477, 16, 3, 2, 1, 15, 1
82615, 0, 2, 0, 2, 0, 0
92357, 0, 1, 0, 1, 0, 0
92358, 0, 2, 0, 2, 0, 0
92359, 0, 1, 0, 1, 0, 0
92360, 0, 1, 0, 1, 0, 0
3486, 1, 0, 0, 0, 0, 1
3487, 0, 1, 0, 1, 0, 0
3488, 1, 1, 1, 0, 1, 0
3489, 5, 1, 1, 0, 5, 0
3490, 1, 0, 0, 0, 1, 0
3491, 1, 0, 0, 0, 1, 0
3493, 1, 0, 0, 0, 1, 0
3494, 0, 1, 1, 0, 0, 0
3495, 1, 0, 0, 0, 1, 0
3497, 2, 0, 0, 0, 2, 0
32240, 0, 2, 1, 1, 0, 0
114158, 0, 1, 1, 0, 0, 0
3499, 1, 2, 0, 2, 1, 0
5367, 33, 10, 9, 1, 33, 0
27992, 3, 10, 10, 0, 2, 1
39238, 20, 6, 5, 1, 20, 0
51891, 3, 5, 5, 0, 3, 0
58407, 2, 11, 11, 0, 2, 0
61715, 20, 19, 19, 0, 20, 0
3503, 1, 0, 0, 0, 1, 0
3504, 6, 7, 7, 0, 6, 0
36478, 1, 1, 1, 0, 1, 0
37011, 1, 1, 1, 0, 1, 0
3507, 1, 0, 0, 0, 1, 0
7705, 1, 2, 2, 0, 1, 0
43353, 7, 21, 20, 1, 7, 0
56824, 7, 6, 4, 2, 7, 0
62195, 7, 6, 6, 0, 6, 1
6158, 10, 11, 10, 1, 7, 3
40092, 32, 12, 7, 5, 31, 1
60272, 2, 1, 0, 1, 0, 2
90807, 0, 1, 0, 1, 0, 0
101620, 0, 2, 0, 2, 0, 0
111059, 0, 1, 0, 1, 0, 0
113102, 0, 2, 1, 1, 0, 0
113278, 0, 1, 0, 1, 0, 0
113510, 0, 1, 0, 1, 0, 0
114317, 0, 1, 0, 1, 0, 0
105690, 7, 3, 3, 0, 7, 0
120227, 5, 8, 7, 1, 4, 1
29499, 14, 7, 7, 0, 14, 0
29500, 4, 1, 1, 0, 4, 0
29501, 0, 1, 1, 0, 0, 0
29502, 0, 4, 0, 4, 0, 0
3519, 1, 0, 0, 0, 1, 0
3520, 4, 1, 1, 0, 4, 0
54647, 1, 1, 1, 0, 0, 1
13721, 2, 2, 1, 1, 2, 0
3523, 1, 0, 0, 0, 1, 0
3524, 0, 1, 1, 0, 0, 0
3525, 1, 0, 0, 0, 1, 0
12743, 24, 13, 13, 0, 23, 1
3527, 1, 0, 0, 0, 1, 0
3528, 1, 1, 1, 0, 0, 1
3529, 1, 0, 0, 0, 1, 0
3534, 0, 1, 0, 1, 0, 0
6762, 4, 9, 8, 1, 4, 0
7498, 6, 17, 17, 0, 6, 0
16130, 40, 6, 6, 0, 21, 19
18676, 3, 3, 3, 0, 3, 0
36131, 2, 3, 2, 1, 1, 1
37625, 5, 16, 16, 0, 4, 1
41704, 6, 6, 6, 0, 6, 0
41956, 9, 2, 2, 0, 8, 1
42866, 1, 2, 2, 0, 1, 0
46298, 0, 2, 2, 0, 0, 0
46917, 23, 19, 19, 0, 23, 0
64732, 19, 14, 13, 1, 19, 0
65016, 4, 3, 3, 0, 3, 1
69015, 9, 8, 8, 0, 9, 0
88546, 2, 3, 3, 0, 2, 0
92634, 0, 1, 1, 0, 0, 0
12724, 21, 10, 8, 2, 21, 0
3536, 1, 0, 0, 0, 0, 1
3538, 1, 0, 0, 0, 1, 0
3539, 1, 0, 0, 0, 1, 0
3540, 4, 0, 0, 0, 4, 0
49650, 2, 2, 0, 2, 2, 0
53864, 0, 3, 0, 3, 0, 0
54695, 4, 7, 5, 2, 4, 0
56014, 4, 1, 0, 1, 4, 0
62361, 3, 1, 0, 1, 2, 1
66924, 0, 7, 0, 7, 0, 0
74421, 0, 6, 0, 6, 0, 0
9989, 8, 4, 4, 0, 8, 0
39297, 52, 36, 36, 0, 47, 5
41594, 35, 21, 21, 0, 35, 0
47755, 20, 19, 17, 2, 20, 0
57946, 20, 7, 7, 0, 19, 1
65394, 84, 34, 33, 1, 78, 6
65662, 1, 6, 6, 0, 1, 0
66038, 15, 9, 9, 0, 15, 0
51521, 0, 2, 0, 2, 0, 0
59059, 0, 3, 1, 2, 0, 0
72097, 20, 8, 8, 0, 20, 0
3544, 1, 0, 0, 0, 1, 0
3545, 3, 1, 1, 0, 3, 0
3546, 0, 1, 1, 0, 0, 0
3547, 2, 0, 0, 0, 2, 0
3548, 1, 0, 0, 0, 0, 1
3549, 0, 1, 0, 1, 0, 0
3550, 2, 0, 0, 0, 0, 2
3551, 0, 2, 1, 1, 0, 0
3552, 1, 0, 0, 0, 0, 1
3553, 3, 14, 4, 10, 2, 1
88278, 0, 1, 0, 1, 0, 0
3554, 1, 0, 0, 0, 1, 0
3555, 0, 1, 1, 0, 0, 0
3556, 1, 0, 0, 0, 1, 0
3557, 1, 0, 0, 0, 1, 0
3558, 3, 0, 0, 0, 3, 0
3559, 2, 0, 0, 0, 1, 1
53060, 2, 2, 2, 0, 2, 0
61117, 54, 17, 17, 0, 54, 0
61576, 2, 2, 2, 0, 2, 0
92731, 0, 1, 0, 1, 0, 0
92732, 0, 3, 3, 0, 0, 0
92733, 0, 1, 0, 1, 0, 0
92734, 0, 1, 1, 0, 0, 0
92735, 0, 1, 0, 1, 0, 0
92736, 0, 1, 0, 1, 0, 0
92737, 0, 1, 0, 1, 0, 0
121649, 0, 2, 1, 1, 0, 0
3562, 1, 1, 1, 0, 1, 0
3563, 4, 2, 2, 0, 3, 1
3990, 0, 3, 2, 1, 0, 0
3992, 0, 1, 1, 0, 0, 0
3564, 1, 0, 0, 0, 0, 1
3566, 1, 1, 1, 0, 1, 0
3567, 3, 1, 1, 0, 3, 0
3568, 1, 0, 0, 0, 0, 1
46100, 5, 9, 6, 3, 2, 3
47564, 0, 2, 2, 0, 0, 0
47568, 16, 13, 13, 0, 16, 0
47572, 0, 2, 2, 0, 0, 0
49010, 6, 10, 10, 0, 6, 0
51008, 13, 10, 9, 1, 12, 1
51165, 4, 18, 18, 0, 4, 0
59711, 2, 17, 17, 0, 2, 0
61900, 1, 2, 1, 1, 1, 0
66518, 12, 8, 8, 0, 12, 0
67143, 0, 2, 2, 0, 0, 0
68313, 5, 3, 3, 0, 4, 1
75122, 4, 4, 4, 0, 4, 0
78866, 4, 5, 5, 0, 4, 0
81656, 6, 2, 2, 0, 6, 0
81657, 0, 1, 1, 0, 0, 0
3571, 3, 6, 6, 0, 3, 0
31168, 1, 2, 2, 0, 1, 0
31373, 2, 2, 2, 0, 2, 0
36955, 1, 2, 0, 2, 1, 0
42001, 2, 1, 1, 0, 2, 0
89177, 0, 1, 0, 1, 0, 0
89178, 0, 1, 0, 1, 0, 0
7310, 0, 4, 3, 1, 0, 0
33821, 0, 7, 7, 0, 0, 0
38547, 17, 12, 11, 1, 17, 0
39452, 1, 4, 2, 2, 1, 0
58809, 4, 2, 2, 0, 4, 0
64809, 2, 2, 2, 0, 2, 0
75412, 0, 3, 2, 1, 0, 0
91028, 4, 2, 2, 0, 4, 0
95522, 0, 1, 0, 1, 0, 0
96611, 0, 2, 1, 1, 0, 0
99681, 0, 2, 2, 0, 0, 0
102174, 8, 1, 1, 0, 8, 0
103454, 0, 1, 1, 0, 0, 0
104466, 0, 1, 0, 1, 0, 0
107209, 0, 1, 1, 0, 0, 0
108426, 0, 2, 0, 2, 0, 0
119023, 0, 2, 2, 0, 0, 0
129218, 8, 1, 1, 0, 7, 1
3574, 1, 0, 0, 0, 1, 0
3575, 1, 0, 0, 0, 1, 0
46269, 4, 5, 5, 0, 4, 0
50080, 13, 34, 34, 0, 13, 0
50081, 12, 8, 8, 0, 12, 0
55350, 33, 22, 22, 0, 32, 1
63048, 9, 18, 18, 0, 9, 0
63049, 15, 13, 13, 0, 14, 1
66692, 1, 1, 1, 0, 1, 0
68131, 5, 2, 2, 0, 5, 0
3577, 1, 0, 0, 0, 1, 0
3579, 2, 0, 0, 0, 2, 0
3580, 1, 2, 2, 0, 1, 0
22963, 2, 4, 4, 0, 1, 1
3581, 1, 0, 0, 0, 1, 0
13941, 32, 13, 13, 0, 32, 0
22454, 18, 6, 6, 0, 18, 0
38774, 5, 2, 2, 0, 5, 0
109359, 2, 3, 3, 0, 2, 0
3584, 1, 0, 0, 0, 1, 0
7252, 1, 1, 0, 1, 1, 0
23642, 0, 2, 0, 2, 0, 0
23643, 0, 2, 0, 2, 0, 0
27159, 0, 2, 0, 2, 0, 0
28569, 27, 27, 25, 2, 24, 3
41505, 0, 1, 0, 1, 0, 0
41507, 0, 1, 0, 1, 0, 0
41510, 0, 1, 0, 1, 0, 0
41513, 1, 1, 0, 1, 0, 1
41514, 1, 1, 0, 1, 1, 0
41517, 0, 2, 0, 2, 0, 0
41519, 0, 1, 0, 1, 0, 0
41521, 0, 1, 0, 1, 0, 0
41522, 0, 1, 0, 1, 0, 0
41524, 0, 1, 0, 1, 0, 0
41525, 0, 1, 0, 1, 0, 0
41526, 0, 1, 0, 1, 0, 0
41529, 0, 1, 0, 1, 0, 0
41531, 0, 1, 0, 1, 0, 0
41534, 1, 1, 0, 1, 1, 0
41535, 0, 1, 0, 1, 0, 0
41536, 0, 1, 0, 1, 0, 0
41537, 0, 1, 0, 1, 0, 0
41538, 0, 1, 0, 1, 0, 0
95066, 0, 3, 1, 2, 0, 0
99253, 1, 2, 0, 2, 1, 0
3586, 4, 0, 0, 0, 4, 0
94298, 8, 3, 3, 0, 8, 0
94764, 0, 1, 0, 1, 0, 0
112206, 0, 2, 2, 0, 0, 0
3590, 1, 0, 0, 0, 0, 1
3592, 1, 0, 0, 0, 1, 0
29545, 14, 10, 9, 1, 14, 0
29546, 27, 12, 11, 1, 27, 0
3594, 11, 0, 0, 0, 1, 10
3596, 1, 1, 1, 0, 1, 0
3597, 3, 1, 1, 0, 3, 0
3598, 2, 0, 0, 0, 2, 0
3599, 1, 0, 0, 0, 1, 0
30661, 2, 2, 2, 0, 2, 0
3603, 1, 0, 0, 0, 1, 0
3605, 1, 0, 0, 0, 0, 1
3606, 1, 0, 0, 0, 1, 0
3607, 5, 1, 1, 0, 5, 0
3608, 1, 1, 1, 0, 1, 0
3609, 0, 2, 1, 1, 0, 0
3611, 1, 0, 0, 0, 1, 0
3612, 1, 0, 0, 0, 1, 0
24551, 0, 12, 12, 0, 0, 0
45612, 3, 6, 5, 1, 1, 2
90987, 1, 3, 3, 0, 1, 0
49875, 9, 2, 2, 0, 5, 4
29250, 0, 2, 1, 1, 0, 0
60660, 0, 2, 0, 2, 0, 0
68104, 0, 2, 0, 2, 0, 0
105124, 0, 2, 0, 2, 0, 0
117416, 0, 1, 0, 1, 0, 0
120168, 0, 1, 0, 1, 0, 0
115120, 4, 3, 2, 1, 4, 0
12112, 23, 19, 19, 0, 23, 0
21252, 1, 1, 1, 0, 1, 0
40247, 4, 2, 2, 0, 4, 0
50991, 6, 31, 31, 0, 6, 0
7083, 5, 1, 0, 1, 3, 2
19321, 6, 9, 8, 1, 6, 0
26570, 1, 1, 0, 1, 1, 0
34775, 0, 4, 0, 4, 0, 0
38643, 2, 2, 1, 1, 2, 0
58751, 3, 3, 0, 3, 2, 1
96996, 1, 1, 0, 1, 1, 0
102329, 0, 1, 0, 1, 0, 0
103524, 1, 2, 0, 2, 0, 1
104499, 1, 2, 1, 1, 1, 0
104988, 2, 3, 2, 1, 2, 0
105343, 3, 5, 1, 4, 3, 0
105854, 3, 2, 1, 1, 3, 0
106690, 4, 3, 2, 1, 4, 0
35544, 2, 2, 2, 0, 2, 0
46605, 3, 5, 5, 0, 3, 0
53028, 1, 2, 2, 0, 1, 0
92765, 0, 1, 0, 1, 0, 0
51412, 4, 2, 2, 0, 4, 0
18623, 0, 3, 2, 1, 0, 0
19565, 6, 6, 6, 0, 5, 1
24173, 18, 9, 9, 0, 18, 0
25507, 13, 6, 5, 1, 9, 4
27685, 37, 15, 7, 8, 33, 4
28793, 1, 3, 2, 1, 1, 0
31546, 0, 4, 4, 0, 0, 0
31547, 0, 2, 2, 0, 0, 0
34349, 11, 6, 5, 1, 11, 0
36874, 11, 16, 14, 2, 11, 0
43081, 2, 6, 1, 5, 1, 1
43709, 1, 4, 3, 1, 1, 0
43786, 5, 9, 5, 4, 5, 0
54552, 1, 1, 0, 1, 0, 1
54875, 1, 4, 4, 0, 1, 0
59580, 1, 8, 8, 0, 1, 0
60476, 18, 12, 11, 1, 18, 0
68337, 8, 7, 6, 1, 8, 0
68525, 2, 10, 1, 9, 2, 0
70780, 4, 5, 4, 1, 4, 0
75344, 0, 5, 4, 1, 0, 0
90638, 0, 1, 0, 1, 0, 0
90639, 0, 1, 0, 1, 0, 0
16584, 0, 2, 0, 2, 0, 0
48026, 0, 5, 3, 2, 0, 0
48572, 9, 13, 7, 6, 9, 0
49329, 1, 1, 0, 1, 1, 0
59226, 0, 2, 1, 1, 0, 0
67642, 1, 4, 3, 1, 1, 0
92877, 0, 1, 0, 1, 0, 0
92878, 0, 1, 0, 1, 0, 0
95050, 0, 1, 0, 1, 0, 0
23689, 43, 49, 40, 9, 43, 0
31092, 0, 2, 0, 2, 0, 0
31715, 1, 4, 3, 1, 1, 0
48942, 9, 12, 1, 11, 9, 0
52430, 6, 6, 4, 2, 6, 0
55446, 2, 2, 1, 1, 2, 0
92250, 0, 1, 0, 1, 0, 0
92729, 1, 5, 3, 2, 1, 0
103138, 1, 3, 2, 1, 1, 0
105901, 1, 1, 0, 1, 1, 0
44897, 2, 1, 0, 1, 1, 1
44898, 0, 2, 1, 1, 0, 0
3628, 1, 1, 0, 1, 1, 0
3629, 2, 1, 1, 0, 2, 0
3630, 4, 3, 3, 0, 4, 0
3631, 1, 0, 0, 0, 1, 0
3632, 1, 0, 0, 0, 1, 0
3634, 1, 0, 0, 0, 0, 1
3635, 1, 0, 0, 0, 1, 0
3637, 1, 0, 0, 0, 1, 0
3638, 0, 1, 1, 0, 0, 0
3641, 1, 0, 0, 0, 1, 0
3642, 0, 4, 3, 1, 0, 0
3643, 1, 0, 0, 0, 0, 1
3644, 27, 13, 12, 1, 27, 0
32862, 31, 14, 12, 2, 29, 2
36149, 1, 11, 11, 0, 1, 0
36735, 22, 47, 44, 3, 21, 1
44804, 25, 25, 25, 0, 25, 0
61385, 10, 9, 9, 0, 10, 0
62443, 13, 9, 8, 1, 13, 0
63780, 19, 9, 9, 0, 19, 0
63781, 19, 9, 9, 0, 19, 0
63782, 11, 8, 8, 0, 11, 0
63783, 1, 8, 8, 0, 1, 0
63784, 16, 8, 8, 0, 16, 0
63785, 0, 5, 5, 0, 0, 0
63788, 0, 7, 7, 0, 0, 0
64974, 1, 3, 3, 0, 1, 0
69625, 0, 3, 3, 0, 0, 0
24762, 40, 8, 7, 1, 38, 2
120153, 6, 3, 3, 0, 6, 0
120166, 5, 2, 2, 0, 5, 0
129642, 1, 2, 2, 0, 1, 0
3647, 1, 1, 1, 0, 1, 0
3653, 0, 2, 2, 0, 0, 0
42619, 0, 4, 4, 0, 0, 0
62694, 3, 8, 7, 1, 3, 0
73256, 0, 2, 2, 0, 0, 0
15228, 27, 28, 28, 0, 27, 0
18821, 29, 44, 43, 1, 29, 0
24628, 21, 24, 23, 1, 21, 0
35555, 1, 23, 23, 0, 1, 0
35557, 17, 19, 19, 0, 17, 0
48332, 12, 4, 4, 0, 12, 0
61072, 1, 6, 6, 0, 1, 0
65185, 17, 22, 22, 0, 17, 0
78566, 2, 3, 3, 0, 2, 0
78785, 0, 2, 2, 0, 0, 0
78786, 0, 2, 2, 0, 0, 0
31244, 7, 3, 3, 0, 6, 1
37736, 6, 12, 7, 5, 5, 1
44921, 34, 24, 21, 3, 33, 1
51331, 1, 16, 16, 0, 1, 0
55851, 2, 4, 1, 3, 1, 1
59546, 0, 18, 16, 2, 0, 0
61199, 0, 9, 1, 8, 0, 0
64839, 2, 2, 2, 0, 2, 0
64933, 0, 2, 2, 0, 0, 0
67562, 0, 4, 4, 0, 0, 0
68293, 2, 2, 2, 0, 2, 0
68294, 3, 4, 4, 0, 3, 0
68815, 1, 5, 5, 0, 1, 0
70393, 1, 1, 1, 0, 1, 0
74127, 2, 5, 5, 0, 2, 0
80489, 0, 1, 1, 0, 0, 0
80490, 0, 1, 1, 0, 0, 0
80491, 0, 1, 1, 0, 0, 0
8071, 1, 1, 1, 0, 1, 0
99917, 1, 4, 4, 0, 1, 0
112394, 16, 4, 4, 0, 16, 0
113517, 18, 3, 3, 0, 18, 0
3658, 1, 0, 0, 0, 1, 0
3659, 5, 5, 4, 1, 5, 0
3662, 1, 0, 0, 0, 0, 1
3663, 0, 2, 0, 2, 0, 0
16095, 1, 3, 3, 0, 1, 0
32041, 1, 17, 17, 0, 1, 0
48175, 7, 7, 7, 0, 7, 0
50566, 0, 6, 2, 4, 0, 0
65043, 19, 3, 2, 1, 12, 7
65629, 16, 6, 6, 0, 16, 0
73566, 1, 1, 1, 0, 1, 0
73567, 0, 2, 2, 0, 0, 0
18538, 21, 26, 26, 0, 21, 0
28660, 47, 27, 27, 0, 47, 0
31705, 37, 47, 46, 1, 37, 0
42720, 25, 19, 19, 0, 25, 0
57629, 31, 21, 21, 0, 31, 0
61316, 25, 18, 18, 0, 25, 0
66762, 1, 4, 4, 0, 1, 0
66927, 4, 9, 9, 0, 4, 0
66946, 8, 8, 8, 0, 8, 0
66947, 1, 5, 5, 0, 1, 0
67348, 7, 7, 7, 0, 7, 0
67659, 14, 18, 18, 0, 14, 0
68870, 18, 11, 11, 0, 18, 0
68871, 10, 12, 12, 0, 10, 0
68872, 0, 12, 12, 0, 0, 0
69021, 17, 12, 12, 0, 17, 0
69219, 1, 4, 4, 0, 1, 0
69685, 0, 5, 5, 0, 0, 0
69961, 20, 13, 13, 0, 20, 0
69962, 0, 10, 10, 0, 0, 0
70063, 0, 8, 8, 0, 0, 0
70064, 0, 6, 6, 0, 0, 0
3667, 1, 0, 0, 0, 0, 1
40068, 2, 5, 3, 2, 0, 2
3669, 2, 1, 0, 1, 1, 1
3670, 2, 1, 0, 1, 1, 1
3671, 1, 2, 2, 0, 1, 0
6015, 1, 3, 3, 0, 1, 0
3672, 1, 0, 0, 0, 1, 0
3673, 1, 4, 4, 0, 1, 0
4286, 7, 15, 15, 0, 7, 0
4287, 0, 1, 1, 0, 0, 0
71423, 6, 1, 1, 0, 4, 2
3677, 1, 0, 0, 0, 0, 1
3678, 2, 0, 0, 0, 1, 1
6492, 6, 5, 5, 0, 6, 0
9670, 2, 1, 1, 0, 2, 0
17940, 19, 17, 14, 3, 10, 9
20472, 4, 1, 1, 0, 4, 0
64295, 0, 3, 2, 1, 0, 0
78882, 0, 2, 2, 0, 0, 0
88616, 4, 2, 2, 0, 4, 0
3681, 1, 0, 0, 0, 1, 0
3682, 5, 3, 3, 0, 5, 0
80569, 0, 1, 1, 0, 0, 0
80570, 0, 2, 2, 0, 0, 0
3684, 1, 0, 0, 0, 1, 0
3685, 1, 0, 0, 0, 1, 0
3686, 0, 2, 2, 0, 0, 0
3687, 1, 0, 0, 0, 1, 0
17168, 2, 2, 2, 0, 2, 0
97476, 3, 8, 8, 0, 3, 0
107481, 0, 2, 2, 0, 0, 0
107823, 1, 2, 2, 0, 1, 0
9529, 0, 1, 1, 0, 0, 0
125596, 0, 1, 0, 1, 0, 0
3692, 1, 0, 0, 0, 0, 1
3693, 10, 4, 3, 1, 10, 0
52210, 6, 3, 3, 0, 6, 0
3694, 5, 0, 0, 0, 4, 1
4268, 22, 21, 21, 0, 21, 1
16646, 0, 3, 3, 0, 0, 0
19554, 43, 34, 31, 3, 43, 0
24141, 4, 3, 3, 0, 4, 0
27411, 4, 2, 2, 0, 4, 0
53741, 0, 4, 0, 4, 0, 0
9503, 0, 1, 0, 1, 0, 0
10421, 4, 19, 11, 8, 4, 0
11117, 4, 9, 9, 0, 4, 0
11696, 201, 102, 99, 3, 201, 0
11736, 122, 73, 69, 4, 122, 0
11822, 0, 24, 23, 1, 0, 0
11850, 132, 134, 129, 5, 132, 0
12117, 33, 42, 34, 8, 31, 2
13962, 4, 8, 6, 2, 3, 1
28192, 0, 4, 0, 4, 0, 0
30000, 29, 10, 9, 1, 27, 2
30624, 4, 11, 4, 7, 3, 1
32735, 0, 2, 0, 2, 0, 0
34728, 1, 7, 0, 7, 1, 0
35581, 1, 1, 0, 1, 1, 0
35582, 0, 3, 2, 1, 0, 0
42000, 18, 18, 11, 7, 18, 0
42108, 16, 12, 10, 2, 15, 1
43351, 3, 1, 0, 1, 1, 2
45179, 20, 22, 20, 2, 20, 0
45250, 4, 10, 7, 3, 4, 0
49351, 6, 12, 8, 4, 6, 0
50713, 1, 2, 0, 2, 0, 1
50717, 2, 2, 0, 2, 1, 1
50718, 1, 11, 8, 3, 0, 1
50759, 4, 2, 0, 2, 3, 1
50776, 2, 3, 0, 3, 1, 1
54253, 285, 192, 188, 4, 285, 0
56877, 4, 3, 2, 1, 3, 1
57047, 6, 1, 0, 1, 5, 1
57048, 4, 6, 5, 1, 4, 0
57141, 2, 19, 11, 8, 2, 0
57147, 0, 27, 26, 1, 0, 0
57260, 1, 1, 0, 1, 1, 0
58331, 9, 4, 3, 1, 4, 5
59943, 5, 4, 4, 0, 5, 0
61228, 10, 11, 10, 1, 9, 1
62782, 0, 7, 6, 1, 0, 0
63843, 0, 9, 8, 1, 0, 0
64204, 3, 1, 0, 1, 2, 1
64783, 27, 9, 7, 2, 26, 1
64862, 1, 1, 0, 1, 1, 0
64868, 1, 1, 0, 1, 1, 0
65987, 15, 14, 13, 1, 15, 0
67977, 1, 1, 0, 1, 1, 0
68610, 3, 4, 4, 0, 3, 0
69641, 1, 1, 0, 1, 1, 0
69663, 3, 4, 4, 0, 3, 0
70627, 1, 2, 1, 1, 1, 0
71163, 1, 1, 0, 1, 1, 0
72281, 4, 10, 9, 1, 4, 0
76591, 0, 3, 2, 1, 0, 0
78289, 2, 3, 2, 1, 2, 0
80396, 0, 4, 0, 4, 0, 0
81803, 0, 3, 3, 0, 0, 0
87346, 8, 7, 7, 0, 7, 1
91571, 0, 2, 0, 2, 0, 0
92028, 0, 3, 2, 1, 0, 0
92595, 0, 1, 1, 0, 0, 0
92596, 0, 1, 0, 1, 0, 0
92597, 0, 1, 0, 1, 0, 0
92598, 0, 1, 0, 1, 0, 0
92599, 0, 1, 0, 1, 0, 0
92600, 0, 1, 0, 1, 0, 0
92601, 0, 1, 0, 1, 0, 0
3699, 1, 1, 1, 0, 1, 0
3700, 2, 1, 1, 0, 2, 0
3701, 1, 0, 0, 0, 1, 0
3702, 2, 11, 11, 0, 1, 1
3704, 1, 0, 0, 0, 1, 0
3705, 3, 7, 6, 1, 3, 0
98238, 1, 1, 1, 0, 1, 0
3706, 1, 0, 0, 0, 0, 1
68083, 3, 4, 4, 0, 3, 0
70160, 4, 2, 2, 0, 4, 0
70161, 13, 7, 7, 0, 13, 0
70967, 1, 1, 1, 0, 1, 0
78228, 1, 2, 2, 0, 1, 0
78229, 0, 1, 1, 0, 0, 0
3708, 5, 2, 2, 0, 3, 2
7871, 9, 5, 5, 0, 9, 0
14415, 19, 8, 7, 1, 19, 0
46494, 7, 5, 4, 1, 7, 0
61025, 0, 1, 0, 1, 0, 0
108257, 0, 2, 1, 1, 0, 0
108636, 1, 1, 1, 0, 1, 0
110240, 0, 1, 0, 1, 0, 0
114035, 3, 2, 1, 1, 3, 0
117324, 0, 1, 0, 1, 0, 0
126133, 0, 1, 0, 1, 0, 0
126194, 0, 1, 0, 1, 0, 0
126209, 0, 2, 1, 1, 0, 0
7359, 2, 3, 2, 1, 2, 0
7528, 10, 3, 1, 2, 10, 0
8166, 1, 1, 0, 1, 1, 0
8212, 1, 2, 1, 1, 1, 0
10169, 1, 1, 0, 1, 1, 0
14007, 5, 2, 0, 2, 4, 1
15139, 4, 7, 7, 0, 3, 1
20232, 31, 31, 26, 5, 31, 0
23513, 3, 4, 3, 1, 2, 1
30181, 6, 35, 33, 2, 6, 0
33310, 2, 1, 0, 1, 1, 1
34927, 2, 1, 0, 1, 1, 1
37811, 1, 6, 6, 0, 1, 0
44022, 4, 7, 1, 6, 4, 0
62843, 13, 14, 13, 1, 13, 0
84208, 10, 12, 11, 1, 10, 0
85891, 0, 2, 0, 2, 0, 0
90916, 1, 1, 0, 1, 1, 0
92324, 0, 1, 0, 1, 0, 0
92325, 0, 1, 0, 1, 0, 0
92326, 0, 1, 0, 1, 0, 0
94520, 4, 9, 7, 2, 4, 0
98204, 0, 2, 1, 1, 0, 0
99876, 1, 1, 1, 0, 1, 0
103174, 8, 1, 0, 1, 8, 0
104109, 0, 1, 0, 1, 0, 0
106098, 0, 1, 0, 1, 0, 0
107314, 0, 1, 0, 1, 0, 0
120658, 0, 2, 0, 2, 0, 0
3711, 2, 0, 0, 0, 2, 0
3714, 3, 1, 1, 0, 3, 0
3716, 2, 4, 4, 0, 2, 0
25987, 1, 10, 8, 2, 1, 0
39918, 25, 19, 19, 0, 25, 0
40820, 4, 8, 7, 1, 4, 0
45146, 0, 4, 4, 0, 0, 0
49476, 2, 2, 2, 0, 2, 0
51014, 17, 24, 23, 1, 17, 0
56630, 1, 2, 2, 0, 0, 1
64602, 0, 3, 3, 0, 0, 0
77012, 2, 2, 2, 0, 2, 0
84064, 2, 3, 3, 0, 2, 0
84065, 0, 2, 2, 0, 0, 0
89934, 0, 1, 1, 0, 0, 0
89935, 0, 1, 1, 0, 0, 0
89936, 0, 1, 1, 0, 0, 0
3717, 3, 0, 0, 0, 3, 0
3718, 6, 1, 1, 0, 6, 0
6510, 0, 2, 2, 0, 0, 0
6511, 0, 1, 1, 0, 0, 0
125546, 0, 1, 1, 0, 0, 0
3719, 1, 0, 0, 0, 1, 0
3720, 3, 4, 4, 0, 3, 0
6710, 0, 2, 2, 0, 0, 0
11638, 22, 40, 39, 1, 21, 1
19012, 6, 4, 4, 0, 6, 0
40152, 35, 14, 11, 3, 29, 6
50579, 2, 7, 2, 5, 2, 0
58842, 0, 8, 0, 8, 0, 0
65427, 12, 8, 8, 0, 12, 0
80662, 6, 5, 4, 1, 5, 1
92214, 0, 1, 1, 0, 0, 0
92215, 0, 1, 0, 1, 0, 0
92216, 0, 1, 0, 1, 0, 0
3724, 2, 0, 0, 0, 2, 0
3725, 2, 0, 0, 0, 2, 0
9875, 12, 7, 7, 0, 12, 0
10890, 13, 2, 2, 0, 13, 0
10891, 22, 1, 1, 0, 22, 0
10892, 0, 1, 1, 0, 0, 0
10893, 0, 1, 1, 0, 0, 0
3728, 2, 3, 3, 0, 2, 0
3729, 1, 0, 0, 0, 1, 0
9911, 8, 13, 12, 1, 8, 0
19734, 4, 20, 19, 1, 4, 0
43213, 1, 2, 2, 0, 1, 0
52783, 0, 2, 1, 1, 0, 0
62796, 0, 4, 3, 1, 0, 0
89855, 4, 1, 1, 0, 4, 0
89859, 0, 1, 1, 0, 0, 0
89860, 0, 1, 1, 0, 0, 0
95848, 2, 3, 3, 0, 1, 1
95884, 0, 1, 1, 0, 0, 0
3732, 1, 1, 0, 1, 1, 0
3733, 1, 1, 1, 0, 0, 1
3734, 1, 0, 0, 0, 0, 1
3735, 0, 1, 0, 1, 0, 0
9488, 6, 5, 5, 0, 6, 0
14031, 3, 2, 2, 0, 3, 0
24168, 25, 14, 14, 0, 23, 2
35411, 7, 4, 4, 0, 3, 4
94484, 5, 7, 6, 1, 5, 0
103654, 21, 7, 6, 1, 21, 0
106553, 0, 3, 3, 0, 0, 0
107568, 3, 2, 2, 0, 3, 0
107996, 21, 5, 5, 0, 4, 17
108262, 18, 12, 12, 0, 17, 1
108316, 1, 5, 4, 1, 1, 0
109691, 3, 3, 3, 0, 3, 0
110005, 2, 1, 1, 0, 2, 0
110991, 5, 6, 4, 2, 5, 0
34211, 7, 3, 3, 0, 7, 0
37648, 4, 7, 7, 0, 4, 0
44316, 4, 4, 3, 1, 3, 1
44568, 0, 3, 3, 0, 0, 0
54716, 0, 2, 0, 2, 0, 0
54717, 3, 1, 1, 0, 3, 0
54718, 1, 4, 4, 0, 1, 0
6921, 0, 3, 0, 3, 0, 0
5533, 1, 1, 0, 1, 1, 0
24063, 1, 1, 0, 1, 1, 0
28204, 0, 2, 0, 2, 0, 0
34257, 0, 2, 0, 2, 0, 0
34259, 0, 1, 0, 1, 0, 0
34260, 0, 2, 0, 2, 0, 0
34261, 0, 3, 0, 3, 0, 0
34262, 0, 1, 0, 1, 0, 0
104167, 0, 1, 0, 1, 0, 0
49930, 0, 2, 2, 0, 0, 0
49931, 0, 2, 2, 0, 0, 0
3744, 4, 3, 2, 1, 1, 3
6458, 1, 1, 0, 1, 1, 0
6973, 12, 8, 8, 0, 11, 1
7265, 6, 2, 2, 0, 3, 3
11913, 1, 2, 2, 0, 1, 0
19548, 2, 1, 1, 0, 2, 0
20403, 0, 3, 0, 3, 0, 0
23305, 3, 1, 1, 0, 3, 0
31134, 1, 2, 1, 1, 1, 0
33102, 4, 6, 5, 1, 4, 0
33104, 4, 4, 3, 1, 4, 0
35313, 2, 16, 16, 0, 2, 0
39607, 1, 2, 2, 0, 1, 0
43639, 3, 2, 1, 1, 3, 0
48092, 17, 16, 13, 3, 13, 4
49776, 9, 14, 14, 0, 9, 0
49778, 0, 1, 1, 0, 0, 0
49779, 0, 2, 2, 0, 0, 0
49780, 0, 1, 1, 0, 0, 0
49781, 0, 1, 0, 1, 0, 0
49783, 0, 1, 1, 0, 0, 0
49784, 0, 1, 1, 0, 0, 0
14399, 1, 2, 1, 1, 1, 0
15572, 0, 1, 0, 1, 0, 0
15573, 0, 1, 1, 0, 0, 0
15575, 0, 1, 1, 0, 0, 0
48773, 0, 1, 0, 1, 0, 0
102068, 0, 1, 1, 0, 0, 0
102893, 4, 3, 3, 0, 4, 0
106238, 5, 2, 1, 1, 5, 0
3752, 0, 1, 1, 0, 0, 0
3755, 0, 1, 1, 0, 0, 0
3756, 0, 1, 1, 0, 0, 0
3757, 0, 1, 1, 0, 0, 0
3758, 0, 1, 1, 0, 0, 0
3761, 0, 5, 5, 0, 0, 0
3768, 0, 2, 2, 0, 0, 0
45278, 1, 1, 1, 0, 1, 0
47109, 1, 1, 1, 0, 1, 0
54287, 19, 15, 12, 3, 17, 2
66964, 8, 4, 4, 0, 8, 0
74582, 0, 1, 0, 1, 0, 0
22804, 5, 10, 7, 3, 5, 0
38225, 1, 8, 8, 0, 1, 0
40342, 1, 1, 1, 0, 1, 0
45418, 2, 9, 9, 0, 2, 0
46977, 0, 4, 1, 3, 0, 0
49383, 0, 6, 0, 6, 0, 0
50063, 1, 9, 1, 8, 1, 0
53270, 0, 2, 0, 2, 0, 0
60141, 148, 72, 64, 8, 147, 1
60827, 5, 6, 5, 1, 5, 0
63166, 25, 13, 12, 1, 20, 5
67327, 4, 2, 2, 0, 4, 0
70344, 5, 11, 11, 0, 5, 0
72089, 1, 4, 4, 0, 1, 0
72306, 2, 5, 5, 0, 2, 0
82821, 2, 7, 4, 3, 2, 0
92439, 0, 1, 1, 0, 0, 0
92440, 0, 1, 0, 1, 0, 0
7081, 0, 2, 1, 1, 0, 0
40531, 101, 7, 6, 1, 101, 0
51465, 1, 1, 0, 1, 1, 0
56200, 0, 5, 3, 2, 0, 0
79203, 0, 1, 0, 1, 0, 0
30138, 0, 9, 4, 5, 0, 0
34826, 8, 12, 11, 1, 8, 0
51677, 0, 3, 2, 1, 0, 0
54681, 11, 21, 20, 1, 11, 0
58294, 5, 4, 2, 2, 5, 0
59725, 0, 2, 1, 1, 0, 0
62836, 3, 4, 4, 0, 3, 0
63281, 8, 2, 1, 1, 8, 0
63376, 4, 3, 2, 1, 4, 0
63505, 1, 2, 2, 0, 1, 0
73648, 3, 3, 3, 0, 3, 0
79065, 2, 2, 1, 1, 1, 1
79066, 1, 2, 1, 1, 1, 0
79067, 3, 2, 1, 1, 3, 0
79068, 2, 1, 1, 0, 2, 0
40243, 2, 2, 1, 1, 2, 0
48153, 3, 2, 2, 0, 3, 0
62647, 6, 14, 10, 4, 6, 0
91540, 0, 1, 1, 0, 0, 0
53285, 0, 1, 1, 0, 0, 0
51763, 1, 3, 3, 0, 1, 0
7186, 40, 18, 18, 0, 40, 0
21166, 91, 76, 76, 0, 91, 0
24587, 25, 34, 34, 0, 23, 2
24588, 34, 35, 35, 0, 34, 0
24606, 23, 30, 29, 1, 23, 0
24615, 10, 25, 25, 0, 10, 0
24622, 11, 17, 17, 0, 11, 0
24624, 33, 31, 30, 1, 33, 0
24629, 19, 21, 21, 0, 19, 0
31946, 5, 4, 4, 0, 5, 0
35131, 0, 5, 1, 4, 0, 0
36310, 6, 17, 16, 1, 6, 0
37568, 0, 2, 1, 1, 0, 0
37691, 24, 22, 22, 0, 24, 0
39568, 0, 3, 0, 3, 0, 0
44784, 118, 57, 57, 0, 118, 0
45990, 2, 3, 1, 2, 2, 0
56835, 25, 22, 22, 0, 25, 0
61706, 19, 9, 9, 0, 19, 0
63198, 27, 18, 17, 1, 27, 0
66512, 13, 8, 8, 0, 13, 0
68161, 0, 9, 9, 0, 0, 0
68825, 1, 5, 5, 0, 1, 0
83278, 0, 1, 1, 0, 0, 0
83279, 0, 1, 0, 1, 0, 0
83281, 0, 1, 0, 1, 0, 0
16007, 1, 1, 0, 1, 0, 1
19947, 1, 2, 0, 2, 0, 1
23274, 1, 2, 0, 2, 0, 1
46415, 4, 2, 0, 2, 4, 0
83246, 0, 1, 0, 1, 0, 0
83247, 0, 1, 0, 1, 0, 0
14385, 3, 4, 3, 1, 3, 0
94618, 1, 1, 0, 1, 0, 1
6244, 0, 4, 4, 0, 0, 0
92748, 0, 1, 0, 1, 0, 0
7747, 24, 7, 7, 0, 24, 0
12480, 2, 1, 1, 0, 2, 0
14449, 1, 9, 9, 0, 0, 1
22452, 10, 20, 17, 3, 5, 5
24745, 7, 7, 7, 0, 6, 1
31639, 6, 2, 1, 1, 4, 2
32809, 31, 11, 9, 2, 31, 0
34708, 12, 7, 5, 2, 12, 0
34875, 2, 1, 1, 0, 1, 1
35448, 12, 10, 8, 2, 12, 0
36777, 11, 5, 3, 2, 11, 0
37073, 1, 1, 1, 0, 1, 0
39129, 7, 5, 5, 0, 7, 0
47644, 5, 11, 11, 0, 5, 0
47646, 4, 9, 9, 0, 4, 0
47737, 13, 11, 11, 0, 13, 0
47739, 3, 15, 15, 0, 3, 0
47742, 5, 8, 8, 0, 5, 0
47744, 11, 12, 12, 0, 11, 0
49923, 6, 4, 4, 0, 6, 0
50175, 3, 4, 4, 0, 3, 0
50260, 25, 12, 12, 0, 24, 1
64098, 4, 1, 1, 0, 4, 0
76569, 3, 2, 2, 0, 3, 0
21127, 2, 1, 1, 0, 2, 0
23126, 2, 1, 1, 0, 2, 0
27912, 1, 1, 1, 0, 1, 0
59422, 8, 7, 7, 0, 8, 0
62305, 1, 6, 5, 1, 1, 0
62367, 1, 1, 1, 0, 1, 0
68566, 2, 4, 4, 0, 2, 0
74263, 0, 1, 1, 0, 0, 0
74264, 0, 1, 1, 0, 0, 0
74265, 0, 1, 1, 0, 0, 0
4021, 13, 4, 4, 0, 13, 0
38796, 6, 1, 1, 0, 6, 0
78701, 4, 2, 2, 0, 4, 0
55118, 14, 6, 4, 2, 14, 0
112486, 1, 1, 1, 0, 1, 0
3770, 1, 0, 0, 0, 1, 0
3773, 3, 4, 4, 0, 3, 0
3774, 24, 12, 12, 0, 24, 0
51684, 0, 1, 1, 0, 0, 0
33346, 1, 4, 3, 1, 1, 0
42764, 0, 5, 5, 0, 0, 0
88498, 0, 2, 2, 0, 0, 0
3797, 1, 3, 2, 1, 1, 0
13097, 7, 1, 1, 0, 6, 1
16214, 2, 3, 3, 0, 2, 0
26288, 11, 3, 3, 0, 10, 1
26776, 3, 8, 5, 3, 3, 0
33225, 3, 3, 1, 2, 3, 0
37713, 9, 3, 3, 0, 9, 0
37922, 5, 5, 5, 0, 5, 0
41447, 9, 4, 4, 0, 9, 0
42255, 5, 6, 2, 4, 3, 2
50414, 15, 1, 1, 0, 8, 7
51687, 6, 4, 4, 0, 6, 0
53876, 0, 4, 4, 0, 0, 0
60631, 10, 10, 10, 0, 10, 0
61069, 7, 8, 8, 0, 4, 3
61313, 6, 3, 3, 0, 5, 1
71746, 33, 11, 11, 0, 30, 3
90060, 14, 4, 4, 0, 14, 0
90779, 0, 1, 1, 0, 0, 0
90780, 0, 1, 1, 0, 0, 0
90781, 1, 3, 3, 0, 1, 0
3776, 1, 0, 0, 0, 0, 1
48901, 15, 15, 14, 1, 15, 0
69121, 4, 5, 5, 0, 4, 0
69676, 9, 5, 5, 0, 9, 0
70179, 2, 1, 1, 0, 2, 0
75050, 0, 1, 1, 0, 0, 0
3778, 1, 0, 0, 0, 1, 0
3779, 1, 0, 0, 0, 0, 1
3780, 1, 0, 0, 0, 1, 0
25802, 6, 2, 1, 1, 6, 0
46764, 1, 2, 2, 0, 1, 0
3783, 1, 1, 1, 0, 0, 1
29897, 10, 35, 31, 4, 9, 1
32990, 4, 5, 5, 0, 4, 0
36107, 0, 5, 4, 1, 0, 0
45386, 0, 6, 3, 3, 0, 0
49841, 9, 6, 5, 1, 9, 0
51544, 0, 3, 2, 1, 0, 0
60197, 0, 3, 1, 2, 0, 0
60257, 2, 2, 1, 1, 2, 0
67087, 1, 2, 1, 1, 1, 0
72995, 0, 2, 1, 1, 0, 0
74040, 0, 2, 1, 1, 0, 0
79110, 0, 4, 0, 4, 0, 0
79111, 0, 5, 0, 5, 0, 0
82707, 1, 3, 2, 1, 1, 0
88408, 1, 1, 0, 1, 1, 0
92573, 0, 1, 0, 1, 0, 0
92574, 0, 1, 0, 1, 0, 0
92575, 0, 1, 0, 1, 0, 0
3785, 1, 1, 1, 0, 1, 0
11881, 27, 9, 9, 0, 26, 1
57230, 15, 12, 9, 3, 14, 1
64600, 21, 10, 10, 0, 21, 0
3787, 1, 0, 0, 0, 1, 0
5635, 0, 3, 3, 0, 0, 0
3789, 1, 0, 0, 0, 0, 1
3791, 3, 0, 0, 0, 1, 2
3792, 3, 9, 8, 1, 2, 1
3796, 1, 0, 0, 0, 1, 0
82198, 0, 1, 0, 1, 0, 0
82199, 0, 1, 0, 1, 0, 0
96078, 0, 1, 0, 1, 0, 0
14672, 5, 3, 3, 0, 4, 1
29125, 2, 1, 1, 0, 2, 0
58038, 0, 1, 1, 0, 0, 0
58039, 0, 1, 1, 0, 0, 0
6556, 0, 1, 0, 1, 0, 0
102759, 1, 1, 0, 1, 1, 0
104056, 8, 5, 5, 0, 8, 0
117383, 2, 1, 0, 1, 0, 2
127279, 0, 8, 5, 3, 0, 0
127302, 0, 7, 5, 2, 0, 0
127349, 15, 4, 0, 4, 11, 4
127741, 0, 1, 0, 1, 0, 0
127765, 0, 1, 0, 1, 0, 0
127766, 0, 1, 0, 1, 0, 0
20899, 5, 2, 2, 0, 5, 0
21588, 11, 5, 5, 0, 11, 0
32156, 6, 1, 1, 0, 6, 0
35780, 11, 2, 2, 0, 11, 0
52871, 10, 1, 1, 0, 7, 3
62003, 0, 2, 0, 2, 0, 0
62004, 4, 1, 1, 0, 4, 0
62005, 0, 1, 0, 1, 0, 0
62006, 0, 1, 1, 0, 0, 0
99054, 3, 2, 2, 0, 3, 0
99375, 6, 7, 7, 0, 5, 1
115891, 1, 2, 1, 1, 1, 0
118497, 0, 1, 1, 0, 0, 0
16669, 0, 3, 0, 3, 0, 0
25308, 5, 5, 5, 0, 5, 0
55701, 6, 1, 1, 0, 6, 0
56797, 0, 2, 1, 1, 0, 0
101039, 5, 2, 2, 0, 5, 0
103890, 0, 2, 2, 0, 0, 0
106559, 0, 2, 2, 0, 0, 0
107716, 0, 1, 1, 0, 0, 0
10045, 3, 2, 0, 2, 1, 2
59202, 5, 1, 0, 1, 3, 2
59364, 3, 2, 1, 1, 3, 0
71440, 0, 2, 0, 2, 0, 0
82152, 0, 4, 0, 4, 0, 0
92241, 0, 1, 0, 1, 0, 0
92242, 0, 1, 0, 1, 0, 0
92243, 0, 1, 0, 1, 0, 0
92244, 1, 1, 0, 1, 1, 0
94200, 1, 2, 0, 2, 1, 0
95181, 0, 2, 0, 2, 0, 0
96793, 1, 1, 0, 1, 0, 1
98215, 1, 1, 0, 1, 0, 1
3806, 15, 3, 3, 0, 15, 0
3807, 0, 1, 1, 0, 0, 0
21340, 1, 6, 4, 2, 1, 0
104955, 3, 2, 2, 0, 3, 0
3808, 1, 0, 0, 0, 1, 0
3809, 0, 2, 2, 0, 0, 0
3810, 1, 0, 0, 0, 1, 0
3811, 1, 0, 0, 0, 0, 1
73243, 1, 4, 4, 0, 1, 0
3813, 1, 0, 0, 0, 1, 0
3814, 1, 0, 0, 0, 0, 1
3815, 1, 0, 0, 0, 0, 1
3816, 1, 1, 0, 1, 1, 0
3817, 2, 2, 0, 2, 0, 2
3819, 1, 1, 0, 1, 0, 1
5624, 6, 11, 10, 1, 5, 1
7881, 3, 1, 0, 1, 2, 1
9790, 1, 2, 1, 1, 0, 1
10922, 0, 2, 1, 1, 0, 0
22323, 0, 2, 2, 0, 0, 0
22786, 0, 3, 0, 3, 0, 0
22788, 3, 1, 0, 1, 2, 1
22789, 1, 2, 2, 0, 1, 0
3821, 3, 3, 2, 1, 3, 0
3822, 2, 1, 1, 0, 2, 0
3823, 1, 1, 1, 0, 1, 0
80763, 0, 1, 1, 0, 0, 0
3824, 1, 0, 0, 0, 1, 0
3825, 1, 0, 0, 0, 0, 1
3826, 1, 0, 0, 0, 1, 0
3827, 3, 2, 2, 0, 3, 0
54566, 0, 1, 1, 0, 0, 0
54567, 2, 1, 1, 0, 2, 0
54568, 0, 1, 1, 0, 0, 0
6245, 2, 3, 2, 1, 2, 0
126010, 6, 11, 11, 0, 6, 0
127188, 3, 4, 4, 0, 3, 0
40694, 0, 2, 0, 2, 0, 0
50372, 1, 1, 1, 0, 1, 0
55672, 0, 5, 0, 5, 0, 0
56948, 0, 3, 0, 3, 0, 0
57037, 0, 1, 0, 1, 0, 0
114733, 9, 3, 3, 0, 7, 2
100629, 0, 1, 1, 0, 0, 0
44960, 0, 3, 0, 3, 0, 0
24517, 158, 37, 36, 1, 158, 0
10474, 1, 1, 1, 0, 1, 0
117478, 0, 2, 0, 2, 0, 0
15620, 8, 15, 12, 3, 8, 0
26670, 4, 11, 11, 0, 3, 1
32266, 1, 3, 3, 0, 1, 0
33521, 2, 1, 1, 0, 2, 0
79318, 4, 2, 2, 0, 4, 0
79571, 0, 1, 1, 0, 0, 0
108832, 0, 2, 2, 0, 0, 0
111630, 2, 3, 3, 0, 2, 0
9813, 11, 17, 15, 2, 10, 1
11178, 11, 17, 16, 1, 11, 0
63399, 10, 9, 9, 0, 10, 0
108696, 0, 1, 0, 1, 0, 0
95673, 1, 1, 1, 0, 1, 0
33758, 2, 3, 2, 1, 2, 0
55523, 2, 3, 1, 2, 2, 0
73101, 2, 2, 0, 2, 2, 0
104306, 2, 3, 2, 1, 2, 0
105752, 1, 2, 1, 1, 1, 0
111868, 7, 3, 2, 1, 7, 0
111898, 0, 3, 2, 1, 0, 0
112655, 0, 1, 0, 1, 0, 0
22543, 0, 3, 0, 3, 0, 0
64702, 0, 1, 0, 1, 0, 0
64703, 0, 1, 1, 0, 0, 0
19632, 2, 4, 4, 0, 2, 0
21090, 12, 4, 4, 0, 12, 0
73325, 3, 2, 2, 0, 3, 0
8737, 5, 6, 2, 4, 5, 0
50158, 1, 1, 0, 1, 1, 0
93624, 1, 1, 0, 1, 1, 0
93718, 3, 4, 0, 4, 2, 1
105098, 1, 3, 2, 1, 1, 0
105895, 3, 1, 0, 1, 2, 1
105941, 0, 1, 0, 1, 0, 0
105943, 0, 1, 0, 1, 0, 0
107848, 2, 2, 0, 2, 1, 1
109640, 0, 1, 0, 1, 0, 0
109641, 0, 1, 0, 1, 0, 0
100346, 0, 4, 2, 2, 0, 0
106964, 2, 5, 5, 0, 2, 0
107192, 9, 4, 4, 0, 9, 0
117296, 0, 6, 0, 6, 0, 0
117298, 0, 6, 0, 6, 0, 0
121880, 3, 2, 0, 2, 0, 3
122899, 2, 2, 0, 2, 2, 0
128156, 0, 2, 0, 2, 0, 0
117491, 4, 2, 0, 2, 0, 4
10571, 0, 1, 1, 0, 0, 0
10575, 1, 1, 1, 0, 1, 0
11591, 2, 1, 1, 0, 1, 1
11595, 3, 4, 4, 0, 3, 0
11601, 0, 1, 1, 0, 0, 0
24087, 6, 4, 4, 0, 6, 0
27041, 20, 10, 10, 0, 20, 0
32451, 15, 5, 4, 1, 15, 0
93400, 0, 1, 1, 0, 0, 0
124631, 0, 4, 4, 0, 0, 0
125143, 0, 3, 3, 0, 0, 0
128683, 0, 1, 1, 0, 0, 0
13444, 2, 2, 2, 0, 2, 0
8141, 0, 2, 2, 0, 0, 0
61286, 0, 2, 0, 2, 0, 0
24617, 28, 24, 24, 0, 28, 0
27353, 3, 5, 5, 0, 3, 0
31285, 14, 5, 5, 0, 8, 6
40832, 78, 17, 17, 0, 78, 0
66036, 2, 3, 3, 0, 2, 0
6490, 1, 7, 7, 0, 1, 0
40039, 19, 11, 11, 0, 19, 0
53675, 0, 3, 2, 1, 0, 0
59848, 1, 5, 5, 0, 1, 0
60493, 1, 2, 2, 0, 1, 0
61658, 0, 4, 4, 0, 0, 0
61659, 9, 13, 13, 0, 9, 0
68039, 0, 2, 2, 0, 0, 0
68040, 0, 1, 1, 0, 0, 0
23444, 1, 4, 4, 0, 1, 0
44834, 4, 6, 6, 0, 4, 0
20782, 8, 1, 1, 0, 8, 0
20783, 7, 7, 7, 0, 7, 0
20785, 3, 6, 6, 0, 3, 0
20786, 5, 5, 5, 0, 5, 0
21447, 1, 2, 2, 0, 1, 0
27142, 9, 2, 2, 0, 9, 0
36943, 32, 18, 18, 0, 32, 0
67605, 8, 2, 2, 0, 8, 0
67606, 1, 2, 2, 0, 1, 0
102136, 1, 1, 1, 0, 1, 0
18144, 16, 7, 6, 1, 16, 0
53547, 0, 4, 0, 4, 0, 0
103375, 11, 5, 4, 1, 11, 0
108495, 10, 10, 10, 0, 10, 0
109233, 5, 1, 1, 0, 5, 0
8596, 1, 1, 1, 0, 1, 0
22726, 0, 3, 0, 3, 0, 0
33234, 0, 2, 0, 2, 0, 0
39600, 17, 25, 20, 5, 17, 0
52235, 0, 2, 0, 2, 0, 0
52236, 0, 2, 0, 2, 0, 0
52237, 0, 2, 0, 2, 0, 0
52238, 0, 2, 0, 2, 0, 0
76595, 0, 2, 0, 2, 0, 0
76596, 0, 2, 0, 2, 0, 0
76597, 0, 2, 0, 2, 0, 0
94139, 2, 1, 1, 0, 2, 0
27366, 2, 1, 0, 1, 1, 1
28478, 7, 3, 1, 2, 4, 3
32483, 1, 2, 0, 2, 1, 0
32647, 0, 2, 0, 2, 0, 0
33116, 0, 2, 1, 1, 0, 0
33237, 0, 3, 0, 3, 0, 0
42599, 3, 1, 0, 1, 1, 2
45135, 0, 2, 0, 2, 0, 0
59712, 16, 17, 16, 1, 15, 1
92796, 0, 1, 0, 1, 0, 0
92810, 0, 1, 0, 1, 0, 0
92856, 0, 1, 0, 1, 0, 0
105077, 0, 1, 0, 1, 0, 0
60625, 0, 3, 1, 2, 0, 0
68335, 7, 5, 5, 0, 7, 0
68336, 6, 5, 5, 0, 6, 0
68341, 3, 5, 5, 0, 3, 0
75037, 1, 1, 1, 0, 1, 0
84295, 0, 1, 1, 0, 0, 0
30473, 0, 2, 1, 1, 0, 0
39245, 1, 3, 2, 1, 1, 0
39796, 0, 2, 0, 2, 0, 0
95048, 0, 2, 1, 1, 0, 0
98308, 0, 1, 0, 1, 0, 0
108762, 0, 1, 0, 1, 0, 0
111857, 1, 2, 1, 1, 1, 0
112579, 0, 1, 0, 1, 0, 0
113771, 0, 1, 0, 1, 0, 0
117763, 0, 1, 0, 1, 0, 0
131062, 0, 1, 0, 1, 0, 0
5791, 1, 2, 1, 1, 1, 0
7703, 1, 4, 1, 3, 1, 0
15262, 0, 3, 0, 3, 0, 0
15264, 0, 4, 0, 4, 0, 0
15265, 0, 1, 0, 1, 0, 0
15266, 2, 2, 1, 1, 2, 0
15268, 0, 4, 1, 3, 0, 0
15270, 0, 2, 0, 2, 0, 0
15271, 0, 2, 0, 2, 0, 0
55798, 20, 4, 4, 0, 19, 1
96874, 0, 5, 2, 3, 0, 0
99663, 2, 2, 2, 0, 2, 0
14853, 22, 13, 12, 1, 22, 0
28664, 0, 2, 1, 1, 0, 0
63573, 3, 6, 6, 0, 3, 0
80507, 0, 1, 1, 0, 0, 0
102272, 1, 3, 0, 3, 0, 1
104436, 7, 5, 4, 1, 6, 1
104609, 0, 1, 0, 1, 0, 0
104610, 0, 1, 0, 1, 0, 0
104611, 0, 2, 1, 1, 0, 0
104624, 1, 3, 0, 3, 1, 0
104627, 1, 1, 0, 1, 0, 1
104658, 0, 1, 0, 1, 0, 0
104659, 0, 1, 0, 1, 0, 0
104888, 0, 1, 0, 1, 0, 0
104889, 0, 1, 0, 1, 0, 0
109270, 0, 1, 0, 1, 0, 0
27695, 51, 39, 39, 0, 51, 0
47276, 42, 39, 39, 0, 42, 0
49868, 5, 3, 3, 0, 5, 0
64835, 5, 3, 3, 0, 5, 0
67121, 20, 20, 20, 0, 20, 0
41775, 4, 1, 1, 0, 4, 0
93422, 1, 1, 1, 0, 1, 0
12110, 32, 28, 27, 1, 32, 0
24464, 35, 18, 18, 0, 35, 0
38116, 11, 12, 12, 0, 10, 1
38199, 38, 61, 60, 1, 38, 0
42379, 0, 3, 1, 2, 0, 0
42609, 9, 24, 24, 0, 6, 3
42611, 15, 6, 6, 0, 12, 3
42615, 12, 17, 17, 0, 12, 0
51119, 1, 10, 10, 0, 1, 0
51626, 1, 1, 1, 0, 1, 0
59980, 1, 4, 3, 1, 1, 0
65945, 5, 5, 5, 0, 5, 0
65993, 12, 13, 12, 1, 12, 0
68693, 0, 2, 2, 0, 0, 0
69968, 0, 1, 1, 0, 0, 0
121136, 1, 1, 1, 0, 1, 0
10522, 1, 1, 1, 0, 1, 0
13689, 1, 1, 1, 0, 1, 0
16853, 14, 13, 13, 0, 14, 0
21846, 20, 6, 6, 0, 20, 0
43491, 0, 3, 0, 3, 0, 0
96550, 4, 8, 8, 0, 4, 0
7904, 5, 15, 14, 1, 5, 0
15911, 0, 6, 4, 2, 0, 0
22922, 44, 23, 22, 1, 42, 2
28933, 1, 2, 1, 1, 1, 0
40036, 14, 8, 6, 2, 7, 7
40729, 3, 4, 3, 1, 3, 0
42584, 0, 3, 0, 3, 0, 0
46212, 0, 3, 0, 3, 0, 0
48189, 2, 10, 8, 2, 2, 0
50441, 2, 4, 4, 0, 2, 0
50442, 24, 11, 10, 1, 24, 0
55443, 2, 3, 3, 0, 1, 1
57292, 0, 11, 9, 2, 0, 0
58090, 2, 2, 2, 0, 2, 0
60004, 2, 3, 3, 0, 2, 0
65815, 1, 6, 5, 1, 1, 0
67911, 1, 19, 17, 2, 1, 0
69087, 3, 10, 8, 2, 3, 0
69726, 3, 1, 1, 0, 3, 0
75897, 0, 5, 4, 1, 0, 0
82887, 0, 1, 0, 1, 0, 0
82888, 3, 1, 1, 0, 3, 0
82889, 0, 1, 1, 0, 0, 0
82890, 0, 1, 0, 1, 0, 0
26529, 1, 1, 1, 0, 1, 0
97614, 7, 1, 1, 0, 7, 0
97846, 1, 3, 3, 0, 1, 0
98996, 1, 2, 1, 1, 1, 0
26706, 27, 6, 6, 0, 19, 8
9368, 28, 19, 19, 0, 28, 0
15390, 87, 83, 82, 1, 87, 0
24485, 50, 47, 47, 0, 50, 0
30188, 37, 82, 82, 0, 37, 0
42991, 2, 11, 0, 11, 2, 0
55941, 0, 6, 0, 6, 0, 0
59709, 9, 13, 10, 3, 9, 0
65477, 4, 9, 3, 6, 3, 1
67309, 49, 25, 25, 0, 49, 0
71300, 0, 5, 1, 4, 0, 0
76663, 0, 6, 0, 6, 0, 0
7875, 26, 22, 22, 0, 26, 0
18255, 6, 5, 5, 0, 6, 0
24990, 1, 1, 1, 0, 1, 0
25918, 6, 3, 3, 0, 6, 0
33583, 11, 3, 3, 0, 11, 0
37994, 17, 14, 14, 0, 17, 0
37995, 12, 10, 10, 0, 12, 0
38490, 0, 2, 2, 0, 0, 0
11133, 15, 7, 6, 1, 15, 0
11666, 1, 2, 2, 0, 1, 0
24406, 2, 1, 1, 0, 2, 0
27959, 4, 6, 5, 1, 3, 1
29310, 5, 3, 3, 0, 4, 1
30011, 14, 21, 21, 0, 13, 1
33159, 1, 1, 1, 0, 1, 0
33397, 1, 1, 1, 0, 1, 0
35781, 7, 6, 5, 1, 4, 3
37534, 7, 11, 11, 0, 7, 0
51759, 2, 4, 4, 0, 2, 0
57576, 4, 8, 8, 0, 4, 0
59423, 0, 2, 2, 0, 0, 0
59424, 0, 1, 1, 0, 0, 0
59425, 0, 1, 1, 0, 0, 0
59426, 0, 1, 1, 0, 0, 0
59428, 0, 1, 1, 0, 0, 0
59429, 0, 2, 2, 0, 0, 0
59430, 1, 1, 1, 0, 0, 1
59431, 0, 1, 1, 0, 0, 0
59432, 0, 1, 1, 0, 0, 0
59433, 0, 1, 1, 0, 0, 0
116991, 0, 3, 0, 3, 0, 0
117001, 0, 3, 0, 3, 0, 0
121088, 3, 1, 0, 1, 2, 1
121830, 0, 1, 0, 1, 0, 0
121838, 0, 2, 0, 2, 0, 0
123340, 0, 1, 0, 1, 0, 0
23545, 4, 1, 0, 1, 2, 2
30751, 3, 1, 1, 0, 3, 0
34230, 7, 14, 12, 2, 7, 0
39184, 11, 7, 5, 2, 3, 8
43723, 14, 8, 8, 0, 13, 1
43724, 3, 12, 8, 4, 3, 0
43725, 0, 1, 0, 1, 0, 0
43726, 0, 1, 0, 1, 0, 0
26627, 16, 8, 7, 1, 16, 0
26743, 15, 19, 19, 0, 15, 0
26744, 9, 11, 11, 0, 9, 0
26745, 16, 14, 14, 0, 16, 0
26746, 41, 25, 25, 0, 41, 0
26747, 10, 12, 12, 0, 10, 0
26748, 12, 10, 10, 0, 12, 0
60350, 3, 2, 2, 0, 3, 0
62062, 14, 12, 12, 0, 14, 0
65424, 0, 1, 1, 0, 0, 0
65425, 0, 1, 1, 0, 0, 0
22371, 5, 8, 8, 0, 5, 0
8205, 2, 2, 2, 0, 2, 0
30529, 144, 24, 14, 10, 142, 2
32563, 4, 2, 2, 0, 4, 0
33103, 2, 7, 7, 0, 2, 0
41110, 7, 3, 3, 0, 7, 0
41111, 6, 3, 3, 0, 6, 0
41112, 6, 3, 3, 0, 6, 0
54007, 4, 9, 9, 0, 4, 0
64995, 0, 1, 1, 0, 0, 0
21853, 17, 3, 2, 1, 16, 1
30221, 6, 3, 3, 0, 6, 0
94554, 4, 1, 1, 0, 4, 0
94733, 7, 1, 1, 0, 7, 0
110788, 10, 1, 1, 0, 10, 0
12582, 2, 9, 8, 1, 2, 0
18121, 1, 1, 0, 1, 1, 0
21240, 8, 8, 4, 4, 5, 3
25923, 0, 5, 0, 5, 0, 0
25986, 0, 2, 1, 1, 0, 0
28973, 0, 2, 0, 2, 0, 0
42869, 1, 2, 2, 0, 1, 0
42871, 0, 2, 0, 2, 0, 0
42874, 7, 2, 2, 0, 7, 0
42876, 7, 4, 1, 3, 6, 1
42879, 0, 1, 0, 1, 0, 0
42880, 0, 1, 0, 1, 0, 0
42881, 0, 2, 0, 2, 0, 0
42884, 0, 3, 0, 3, 0, 0
42887, 0, 2, 0, 2, 0, 0
42888, 0, 1, 0, 1, 0, 0
42889, 0, 1, 1, 0, 0, 0
105726, 0, 1, 0, 1, 0, 0
39354, 17, 16, 16, 0, 17, 0
119279, 5, 2, 2, 0, 5, 0
57716, 0, 1, 0, 1, 0, 0
64724, 0, 2, 2, 0, 0, 0
104293, 0, 1, 0, 1, 0, 0
107440, 0, 1, 0, 1, 0, 0
7266, 27, 5, 5, 0, 27, 0
38722, 4, 4, 4, 0, 4, 0
48955, 6, 7, 7, 0, 6, 0
62998, 20, 5, 5, 0, 20, 0
67160, 3, 2, 2, 0, 3, 0
101064, 0, 1, 0, 1, 0, 0
109633, 0, 2, 0, 2, 0, 0
127192, 2, 3, 3, 0, 2, 0
16787, 5, 1, 1, 0, 5, 0
20178, 1, 1, 1, 0, 1, 0
27693, 22, 6, 6, 0, 21, 1
27694, 11, 2, 2, 0, 10, 1
62142, 2, 6, 5, 1, 2, 0
57626, 4, 2, 2, 0, 4, 0
3909, 1, 0, 0, 0, 1, 0
3910, 1, 0, 0, 0, 0, 1
35966, 6, 2, 2, 0, 6, 0
3912, 1, 0, 0, 0, 1, 0
3914, 0, 2, 1, 1, 0, 0
3916, 2, 0, 0, 0, 1, 1
25182, 2, 2, 2, 0, 1, 1
25642, 2, 7, 6, 1, 2, 0
32191, 6, 12, 2, 10, 6, 0
37742, 8, 17, 16, 1, 7, 1
50492, 4, 20, 20, 0, 4, 0
51655, 3, 8, 8, 0, 2, 1
53704, 1, 1, 1, 0, 1, 0
54545, 5, 4, 3, 1, 5, 0
59439, 25, 6, 6, 0, 25, 0
59441, 2, 4, 4, 0, 2, 0
63410, 1, 3, 2, 1, 1, 0
68918, 1, 2, 2, 0, 1, 0
73594, 3, 6, 6, 0, 3, 0
76807, 2, 1, 1, 0, 2, 0
80663, 0, 1, 1, 0, 0, 0
80664, 0, 1, 1, 0, 0, 0
80665, 0, 1, 1, 0, 0, 0
80666, 0, 1, 1, 0, 0, 0
80667, 0, 1, 1, 0, 0, 0
80668, 0, 1, 1, 0, 0, 0
3918, 1, 0, 0, 0, 1, 0
3919, 0, 1, 1, 0, 0, 0
9685, 3, 6, 6, 0, 3, 0
9921, 30, 5, 3, 2, 29, 1
13641, 1, 3, 3, 0, 1, 0
15723, 2, 2, 2, 0, 1, 1
17706, 1, 3, 3, 0, 1, 0
18722, 6, 8, 8, 0, 6, 0
23675, 8, 6, 6, 0, 7, 1
25593, 4, 2, 2, 0, 4, 0
28667, 9, 9, 9, 0, 9, 0
30013, 9, 4, 4, 0, 9, 0
30638, 9, 3, 3, 0, 8, 1
34972, 8, 9, 9, 0, 8, 0
34973, 0, 4, 4, 0, 0, 0
34974, 12, 4, 4, 0, 12, 0
34975, 0, 1, 1, 0, 0, 0
34979, 0, 1, 1, 0, 0, 0
34980, 0, 1, 1, 0, 0, 0
34981, 2, 3, 3, 0, 2, 0
34982, 0, 1, 1, 0, 0, 0
34983, 0, 1, 1, 0, 0, 0
34984, 0, 1, 1, 0, 0, 0
34985, 1, 1, 1, 0, 0, 1
34986, 1, 1, 1, 0, 1, 0
34987, 1, 1, 1, 0, 1, 0
34988, 1, 1, 1, 0, 1, 0
34990, 1, 1, 1, 0, 1, 0
34991, 1, 1, 1, 0, 1, 0
53082, 6, 1, 1, 0, 3, 3
63458, 1, 4, 4, 0, 1, 0
79173, 0, 5, 5, 0, 0, 0
93988, 0, 3, 3, 0, 0, 0
96123, 0, 1, 1, 0, 0, 0
102961, 0, 1, 1, 0, 0, 0
103814, 1, 1, 1, 0, 1, 0
106701, 0, 1, 1, 0, 0, 0
107022, 4, 5, 3, 2, 4, 0
108116, 2, 2, 2, 0, 2, 0
109316, 2, 1, 1, 0, 1, 1
110663, 4, 2, 2, 0, 4, 0
110664, 2, 2, 2, 0, 2, 0
110904, 0, 3, 1, 2, 0, 0
126603, 1, 1, 1, 0, 1, 0
126634, 0, 1, 1, 0, 0, 0
128213, 2, 1, 1, 0, 2, 0
128581, 0, 1, 1, 0, 0, 0
129817, 0, 1, 1, 0, 0, 0
46655, 1, 1, 1, 0, 1, 0
52435, 2, 1, 1, 0, 2, 0
69694, 1, 1, 1, 0, 1, 0
71061, 0, 2, 2, 0, 0, 0
71062, 0, 1, 1, 0, 0, 0
71063, 0, 1, 1, 0, 0, 0
3924, 1, 0, 0, 0, 0, 1
3925, 0, 2, 0, 2, 0, 0
32834, 1, 2, 0, 2, 1, 0
12068, 5, 3, 3, 0, 5, 0
24454, 9, 15, 14, 1, 9, 0
45138, 1, 6, 6, 0, 1, 0
51854, 2, 2, 2, 0, 2, 0
51855, 2, 7, 7, 0, 2, 0
58262, 1, 2, 2, 0, 1, 0
109436, 1, 1, 1, 0, 1, 0
3932, 1, 0, 0, 0, 1, 0
92570, 0, 1, 1, 0, 0, 0
3935, 1, 0, 0, 0, 1, 0
23124, 92, 9, 7, 2, 90, 2
49549, 3, 12, 12, 0, 3, 0
55976, 1, 1, 1, 0, 1, 0
58300, 10, 2, 2, 0, 4, 6
62127, 0, 2, 2, 0, 0, 0
62128, 8, 1, 1, 0, 7, 1
3937, 3, 0, 0, 0, 1, 2
3939, 0, 2, 1, 1, 0, 0
23008, 3, 3, 3, 0, 3, 0
33337, 3, 3, 3, 0, 1, 2
3941, 6, 0, 0, 0, 6, 0
9546, 0, 3, 1, 2, 0, 0
23435, 1, 3, 1, 2, 1, 0
27909, 0, 4, 1, 3, 0, 0
82443, 0, 2, 0, 2, 0, 0
82444, 0, 2, 0, 2, 0, 0
83963, 0, 2, 0, 2, 0, 0
83964, 0, 1, 0, 1, 0, 0
83965, 0, 1, 0, 1, 0, 0
83966, 0, 1, 0, 1, 0, 0
83967, 0, 2, 0, 2, 0, 0
83968, 0, 1, 0, 1, 0, 0
83970, 0, 1, 0, 1, 0, 0
83971, 0, 1, 0, 1, 0, 0
63675, 1, 1, 1, 0, 1, 0
28460, 0, 4, 0, 4, 0, 0
28463, 0, 2, 0, 2, 0, 0
28464, 0, 2, 0, 2, 0, 0
3947, 1, 0, 0, 0, 1, 0
3948, 1, 0, 0, 0, 0, 1
3949, 0, 1, 0, 1, 0, 0
3950, 4, 0, 0, 0, 4, 0
3953, 0, 6, 5, 1, 0, 0
3954, 0, 2, 2, 0, 0, 0
57775, 0, 6, 0, 6, 0, 0
59455, 3, 4, 3, 1, 3, 0
78367, 0, 1, 0, 1, 0, 0
78368, 0, 1, 0, 1, 0, 0
78369, 0, 1, 0, 1, 0, 0
78370, 0, 1, 0, 1, 0, 0
78371, 0, 2, 0, 2, 0, 0
78372, 0, 2, 0, 2, 0, 0
78373, 0, 1, 0, 1, 0, 0
78374, 0, 1, 0, 1, 0, 0
78375, 0, 1, 0, 1, 0, 0
3955, 1, 0, 0, 0, 1, 0
3957, 3, 1, 0, 1, 2, 1
3959, 0, 1, 1, 0, 0, 0
24567, 8, 9, 6, 3, 7, 1
3960, 1, 0, 0, 0, 0, 1
3962, 1, 0, 0, 0, 1, 0
78756, 1, 1, 1, 0, 1, 0
7440, 1, 2, 1, 1, 1, 0
14085, 0, 1, 0, 1, 0, 0
3966, 1, 0, 0, 0, 1, 0
3968, 2, 1, 1, 0, 2, 0
3970, 0, 1, 1, 0, 0, 0
9681, 3, 7, 7, 0, 3, 0
19577, 1, 1, 1, 0, 1, 0
26242, 2, 2, 2, 0, 2, 0
32461, 1, 1, 1, 0, 1, 0
33063, 9, 7, 7, 0, 7, 2
33064, 0, 2, 1, 1, 0, 0
19752, 7, 4, 3, 1, 7, 0
36329, 0, 1, 0, 1, 0, 0
36332, 0, 1, 0, 1, 0, 0
95002, 4, 1, 1, 0, 4, 0
110390, 0, 1, 0, 1, 0, 0
3973, 1, 0, 0, 0, 1, 0
3974, 1, 0, 0, 0, 1, 0
3975, 0, 2, 2, 0, 0, 0
15315, 0, 4, 4, 0, 0, 0
33336, 1, 2, 2, 0, 1, 0
35733, 0, 1, 1, 0, 0, 0
35734, 0, 1, 1, 0, 0, 0
21180, 12, 4, 4, 0, 12, 0
3981, 2, 0, 0, 0, 2, 0
47884, 7, 11, 3, 8, 7, 0
50266, 7, 4, 4, 0, 7, 0
100179, 0, 1, 1, 0, 0, 0
3983, 4, 2, 1, 1, 2, 2
3984, 7, 17, 10, 7, 7, 0
3985, 0, 2, 1, 1, 0, 0
53823, 4, 5, 5, 0, 4, 0
75786, 0, 1, 1, 0, 0, 0
3986, 2, 0, 0, 0, 0, 2
3988, 1, 0, 0, 0, 1, 0
42232, 1, 2, 2, 0, 1, 0
48898, 5, 5, 3, 2, 5, 0
57477, 1, 6, 6, 0, 1, 0
58592, 2, 7, 7, 0, 2, 0
71994, 6, 13, 13, 0, 5, 1
72977, 1, 3, 3, 0, 1, 0
78261, 5, 4, 4, 0, 5, 0
89581, 0, 1, 1, 0, 0, 0
89582, 0, 1, 1, 0, 0, 0
89583, 0, 1, 1, 0, 0, 0
89584, 0, 1, 1, 0, 0, 0
3993, 4, 0, 0, 0, 3, 1
4271, 2, 5, 5, 0, 2, 0
27880, 13, 4, 4, 0, 12, 1
42722, 7, 7, 6, 1, 2, 5
57138, 0, 2, 0, 2, 0, 0
64589, 2, 1, 0, 1, 2, 0
83340, 0, 1, 0, 1, 0, 0
83341, 0, 1, 0, 1, 0, 0
83342, 0, 1, 0, 1, 0, 0
3997, 1, 0, 0, 0, 1, 0
3998, 1, 0, 0, 0, 1, 0
3999, 1, 0, 0, 0, 1, 0
26679, 0, 17, 15, 2, 0, 0
30931, 2, 19, 18, 1, 2, 0
34184, 3, 3, 1, 2, 3, 0
34445, 19, 9, 9, 0, 4, 15
39028, 0, 2, 1, 1, 0, 0
47704, 5, 6, 6, 0, 5, 0
52744, 4, 5, 5, 0, 4, 0
53594, 0, 3, 3, 0, 0, 0
59194, 0, 2, 2, 0, 0, 0
62424, 1, 2, 1, 1, 1, 0
62839, 1, 5, 4, 1, 1, 0
65206, 4, 4, 4, 0, 4, 0
65944, 7, 4, 4, 0, 6, 1
68938, 0, 3, 1, 2, 0, 0
72729, 14, 4, 4, 0, 14, 0
84069, 2, 4, 4, 0, 2, 0
91413, 0, 1, 1, 0, 0, 0
91414, 0, 1, 1, 0, 0, 0
91415, 0, 1, 1, 0, 0, 0
91416, 0, 1, 1, 0, 0, 0
91417, 0, 1, 1, 0, 0, 0
91418, 0, 1, 1, 0, 0, 0
91419, 0, 1, 1, 0, 0, 0
118546, 3, 2, 1, 1, 1, 2
4001, 2, 0, 0, 0, 1, 1
4002, 0, 1, 0, 1, 0, 0
4004, 1, 0, 0, 0, 0, 1
4006, 1, 0, 0, 0, 1, 0
4007, 0, 1, 1, 0, 0, 0
6324, 1, 5, 2, 3, 1, 0
12972, 3, 2, 2, 0, 3, 0
13557, 0, 1, 0, 1, 0, 0
13558, 0, 1, 0, 1, 0, 0
4009, 1, 0, 0, 0, 0, 1
4011, 1, 0, 0, 0, 1, 0
4012, 1, 3, 3, 0, 1, 0
49801, 2, 2, 2, 0, 2, 0
64820, 2, 1, 1, 0, 2, 0
71717, 1, 1, 1, 0, 1, 0
71718, 3, 2, 2, 0, 2, 1
71719, 0, 1, 1, 0, 0, 0
4015, 1, 0, 0, 0, 1, 0
17409, 3, 2, 2, 0, 3, 0
39149, 5, 4, 4, 0, 5, 0
14459, 0, 18, 14, 4, 0, 0
24241, 19, 14, 13, 1, 19, 0
24347, 2, 6, 6, 0, 1, 1
25277, 1, 1, 1, 0, 1, 0
28326, 0, 2, 2, 0, 0, 0
28698, 9, 9, 7, 2, 9, 0
30057, 4, 4, 3, 1, 4, 0
33070, 1, 2, 2, 0, 1, 0
33592, 12, 15, 13, 2, 10, 2
34215, 1, 5, 3, 2, 1, 0
43634, 0, 3, 3, 0, 0, 0
47699, 1, 2, 2, 0, 1, 0
51997, 2, 2, 2, 0, 2, 0
52451, 1, 3, 3, 0, 1, 0
52889, 6, 2, 2, 0, 6, 0
53255, 2, 2, 2, 0, 2, 0
53348, 78, 21, 17, 4, 78, 0
54922, 2, 1, 1, 0, 2, 0
54928, 1, 1, 1, 0, 0, 1
54929, 2, 1, 1, 0, 2, 0
55178, 1, 2, 2, 0, 1, 0
55397, 5, 4, 4, 0, 5, 0
55954, 1, 2, 2, 0, 1, 0
56355, 5, 1, 1, 0, 4, 1
56374, 0, 23, 22, 1, 0, 0
56457, 3, 2, 2, 0, 3, 0
57492, 0, 4, 4, 0, 0, 0
59582, 1, 2, 2, 0, 1, 0
60858, 15, 13, 13, 0, 15, 0
61362, 0, 4, 3, 1, 0, 0
61363, 0, 1, 1, 0, 0, 0
61364, 0, 1, 1, 0, 0, 0
61365, 1, 1, 1, 0, 1, 0
61366, 0, 1, 1, 0, 0, 0
61367, 0, 1, 1, 0, 0, 0
61368, 1, 3, 3, 0, 1, 0
61369, 2, 1, 1, 0, 2, 0
61370, 1, 1, 1, 0, 1, 0
61371, 12, 10, 10, 0, 12, 0
61372, 1, 1, 1, 0, 1, 0
61373, 0, 1, 1, 0, 0, 0
61375, 6, 7, 7, 0, 6, 0
61376, 1, 1, 1, 0, 1, 0
61377, 0, 1, 1, 0, 0, 0
61378, 1, 1, 1, 0, 1, 0
61379, 0, 1, 1, 0, 0, 0
61381, 0, 2, 2, 0, 0, 0
61382, 2, 9, 9, 0, 2, 0
61384, 1, 3, 3, 0, 1, 0
61386, 0, 2, 2, 0, 0, 0
103197, 2, 2, 1, 1, 1, 1
4020, 1, 0, 0, 0, 0, 1
61677, 10, 8, 8, 0, 8, 2
13015, 4, 6, 5, 1, 4, 0
20488, 20, 8, 7, 1, 20, 0
25285, 8, 5, 4, 1, 8, 0
37503, 4, 9, 9, 0, 4, 0
47203, 118, 31, 30, 1, 118, 0
49103, 2, 1, 1, 0, 2, 0
49869, 14, 5, 5, 0, 14, 0
50007, 51, 14, 14, 0, 51, 0
52500, 28, 10, 9, 1, 28, 0
58443, 16, 19, 19, 0, 16, 0
58903, 41, 8, 8, 0, 41, 0
60775, 6, 6, 6, 0, 6, 0
61425, 25, 27, 27, 0, 25, 0
72355, 3, 4, 4, 0, 3, 0
76572, 7, 5, 5, 0, 7, 0
88852, 1, 1, 1, 0, 1, 0
88932, 2, 5, 5, 0, 2, 0
90406, 2, 4, 4, 0, 2, 0
46280, 2, 2, 2, 0, 2, 0
46281, 2, 2, 2, 0, 2, 0
58473, 4, 15, 15, 0, 4, 0
41079, 20, 3, 3, 0, 20, 0
73541, 0, 2, 2, 0, 0, 0
76441, 0, 5, 0, 5, 0, 0
7166, 67, 20, 20, 0, 67, 0
17947, 16, 13, 7, 6, 13, 3
18110, 2, 5, 4, 1, 2, 0
31154, 1, 3, 3, 0, 1, 0
41824, 3, 2, 2, 0, 3, 0
45761, 16, 6, 6, 0, 16, 0
46009, 18, 10, 8, 2, 18, 0
49692, 1, 1, 1, 0, 1, 0
60607, 13, 8, 8, 0, 10, 3
67453, 4, 2, 2, 0, 4, 0
68184, 22, 13, 13, 0, 22, 0
68756, 0, 2, 2, 0, 0, 0
69542, 8, 3, 3, 0, 8, 0
69543, 0, 1, 1, 0, 0, 0
4030, 1, 0, 0, 0, 0, 1
17271, 5, 6, 6, 0, 5, 0
64742, 1, 5, 5, 0, 1, 0
85732, 3, 2, 2, 0, 3, 0
86450, 0, 1, 1, 0, 0, 0
4032, 1, 0, 0, 0, 1, 0
4033, 0, 2, 2, 0, 0, 0
4035, 1, 0, 0, 0, 1, 0
4036, 1, 0, 0, 0, 1, 0
4037, 1, 0, 0, 0, 1, 0
6882, 1, 2, 2, 0, 1, 0
11931, 8, 12, 12, 0, 8, 0
21589, 1, 1, 1, 0, 1, 0
21812, 3, 7, 7, 0, 3, 0
33313, 3, 4, 3, 1, 3, 0
34272, 4, 7, 7, 0, 4, 0
36344, 3, 2, 2, 0, 3, 0
36345, 2, 3, 3, 0, 2, 0
36346, 13, 3, 3, 0, 13, 0
36438, 5, 2, 2, 0, 4, 1
42241, 4, 3, 2, 1, 4, 0
43000, 3, 12, 12, 0, 3, 0
43393, 6, 1, 1, 0, 6, 0
44092, 1, 2, 2, 0, 1, 0
44383, 15, 12, 12, 0, 15, 0
50532, 10, 2, 2, 0, 6, 4
65652, 11, 5, 5, 0, 11, 0
66000, 1, 5, 5, 0, 1, 0
66364, 0, 2, 2, 0, 0, 0
66365, 0, 2, 2, 0, 0, 0
66366, 0, 2, 2, 0, 0, 0
66367, 1, 2, 2, 0, 1, 0
66368, 0, 2, 2, 0, 0, 0
78513, 3, 5, 5, 0, 3, 0
79426, 1, 1, 1, 0, 1, 0
81213, 1, 2, 2, 0, 1, 0
81323, 0, 1, 1, 0, 0, 0
81324, 0, 1, 1, 0, 0, 0
81325, 0, 1, 1, 0, 0, 0
94944, 0, 3, 3, 0, 0, 0
97157, 0, 1, 1, 0, 0, 0
102309, 3, 1, 1, 0, 3, 0
4048, 5, 9, 9, 0, 5, 0
4049, 1, 2, 1, 1, 1, 0
4050, 20, 1, 1, 0, 19, 1
93234, 0, 1, 1, 0, 0, 0
93932, 4, 1, 1, 0, 4, 0
71111, 2, 4, 3, 1, 2, 0
8345, 0, 2, 1, 1, 0, 0
9753, 22, 7, 5, 2, 20, 2
9853, 1, 3, 3, 0, 1, 0
15990, 0, 1, 1, 0, 0, 0
15991, 1, 1, 1, 0, 0, 1
15992, 0, 1, 1, 0, 0, 0
15993, 0, 1, 1, 0, 0, 0
15995, 6, 8, 8, 0, 3, 3
15996, 0, 1, 1, 0, 0, 0
4051, 1, 0, 0, 0, 1, 0
4052, 0, 1, 1, 0, 0, 0
4053, 1, 0, 0, 0, 0, 1
4054, 52, 30, 28, 2, 52, 0
11827, 200, 153, 153, 0, 200, 0
55704, 180, 126, 125, 1, 179, 1
56103, 2, 36, 35, 1, 1, 1
56111, 0, 44, 42, 2, 0, 0
56150, 36, 36, 33, 3, 35, 1
56213, 33, 36, 35, 1, 32, 1
56373, 1, 17, 17, 0, 1, 0
56397, 9, 47, 44, 3, 9, 0
56647, 0, 8, 8, 0, 0, 0
4055, 1, 0, 0, 0, 0, 1
61034, 1, 2, 1, 1, 1, 0
61903, 0, 1, 1, 0, 0, 0
61904, 0, 1, 1, 0, 0, 0
4057, 1, 2, 2, 0, 1, 0
20049, 3, 1, 1, 0, 3, 0
22465, 21, 2, 2, 0, 17, 4
22723, 2, 2, 2, 0, 2, 0
24391, 0, 3, 3, 0, 0, 0
27172, 10, 2, 2, 0, 9, 1
38077, 0, 1, 1, 0, 0, 0
47102, 10, 5, 5, 0, 10, 0
68827, 5, 7, 6, 1, 5, 0
4062, 1, 0, 0, 0, 1, 0
4064, 1, 0, 0, 0, 1, 0
4066, 2, 3, 3, 0, 2, 0
4067, 3, 6, 6, 0, 3, 0
6598, 3, 2, 2, 0, 3, 0
9934, 2, 3, 3, 0, 2, 0
9938, 1, 5, 5, 0, 1, 0
9939, 0, 1, 1, 0, 0, 0
9941, 0, 1, 1, 0, 0, 0
9942, 0, 1, 1, 0, 0, 0
9943, 2, 2, 2, 0, 2, 0
9947, 2, 4, 4, 0, 2, 0
9948, 0, 1, 1, 0, 0, 0
108959, 0, 1, 1, 0, 0, 0
108961, 0, 1, 1, 0, 0, 0
4070, 0, 1, 1, 0, 0, 0
97254, 0, 2, 2, 0, 0, 0
99075, 0, 1, 1, 0, 0, 0
99345, 36, 11, 10, 1, 34, 2
109464, 1, 2, 2, 0, 1, 0
110450, 0, 2, 2, 0, 0, 0
110552, 0, 2, 2, 0, 0, 0
113726, 0, 2, 2, 0, 0, 0
115419, 2, 5, 5, 0, 2, 0
115869, 8, 1, 1, 0, 7, 1
117266, 0, 1, 1, 0, 0, 0
117268, 0, 2, 1, 1, 0, 0
121527, 0, 1, 1, 0, 0, 0
6708, 1, 11, 11, 0, 1, 0
10587, 2, 8, 6, 2, 2, 0
12243, 6, 7, 7, 0, 5, 1
15922, 26, 15, 14, 1, 26, 0
19760, 4, 4, 4, 0, 4, 0
19883, 11, 6, 6, 0, 11, 0
21783, 5, 6, 6, 0, 5, 0
22000, 1, 1, 1, 0, 1, 0
22611, 1, 1, 1, 0, 1, 0
22649, 2, 1, 1, 0, 2, 0
22831, 8, 4, 3, 1, 1, 7
23029, 0, 2, 2, 0, 0, 0
23329, 57, 11, 10, 1, 55, 2
23331, 6, 2, 2, 0, 4, 2
23381, 1, 2, 2, 0, 1, 0
23388, 1, 2, 2, 0, 1, 0
23407, 3, 3, 3, 0, 3, 0
23620, 0, 3, 3, 0, 0, 0
23670, 1, 2, 2, 0, 1, 0
23832, 1, 3, 1, 2, 1, 0
24054, 2, 1, 1, 0, 2, 0
24065, 2, 3, 3, 0, 2, 0
24280, 16, 2, 2, 0, 16, 0
24426, 1, 1, 1, 0, 1, 0
24607, 0, 8, 8, 0, 0, 0
24808, 9, 7, 7, 0, 9, 0
24935, 2, 2, 1, 1, 2, 0
25058, 1, 2, 2, 0, 1, 0
25224, 8, 5, 5, 0, 5, 3
25541, 6, 1, 1, 0, 6, 0
26332, 14, 4, 4, 0, 11, 3
26352, 2, 2, 2, 0, 2, 0
26436, 11, 5, 5, 0, 11, 0
26798, 3, 2, 2, 0, 3, 0
26972, 1, 2, 2, 0, 1, 0
31414, 0, 3, 3, 0, 0, 0
32186, 6, 5, 5, 0, 6, 0
33027, 2, 1, 1, 0, 2, 0
33090, 46, 22, 21, 1, 46, 0
33093, 4, 6, 5, 1, 2, 2
33094, 7, 9, 9, 0, 7, 0
33096, 2, 9, 9, 0, 2, 0
33097, 8, 6, 6, 0, 8, 0
33105, 8, 3, 3, 0, 6, 2
33107, 43, 9, 8, 1, 36, 7
33108, 15, 8, 8, 0, 15, 0
33109, 15, 10, 10, 0, 15, 0
33110, 9, 9, 9, 0, 9, 0
33112, 0, 2, 2, 0, 0, 0
33113, 1, 2, 2, 0, 1, 0
33114, 0, 1, 1, 0, 0, 0
33115, 0, 1, 1, 0, 0, 0
33117, 0, 33, 33, 0, 0, 0
33118, 0, 1, 1, 0, 0, 0
33119, 0, 1, 1, 0, 0, 0
33120, 1, 6, 4, 2, 1, 0
33121, 5, 2, 2, 0, 4, 1
33122, 0, 3, 2, 1, 0, 0
33123, 0, 1, 1, 0, 0, 0
33124, 0, 1, 1, 0, 0, 0
33125, 0, 1, 1, 0, 0, 0
33126, 0, 1, 1, 0, 0, 0
33127, 0, 2, 1, 1, 0, 0
33128, 0, 2, 2, 0, 0, 0
33129, 1, 3, 2, 1, 0, 1
33130, 5, 7, 6, 1, 5, 0
33131, 1, 1, 1, 0, 1, 0
33132, 0, 1, 1, 0, 0, 0
33133, 0, 1, 1, 0, 0, 0
33134, 0, 3, 3, 0, 0, 0
33135, 0, 2, 2, 0, 0, 0
33136, 0, 1, 1, 0, 0, 0
33137, 0, 1, 1, 0, 0, 0
33138, 0, 2, 2, 0, 0, 0
33139, 1, 4, 4, 0, 1, 0
33140, 5, 3, 3, 0, 5, 0
33141, 0, 1, 1, 0, 0, 0
33142, 0, 1, 1, 0, 0, 0
33143, 0, 1, 1, 0, 0, 0
33144, 1, 1, 1, 0, 1, 0
33145, 0, 1, 1, 0, 0, 0
33146, 0, 1, 1, 0, 0, 0
33147, 0, 1, 1, 0, 0, 0
33148, 0, 1, 1, 0, 0, 0
33149, 0, 1, 1, 0, 0, 0
33151, 0, 1, 1, 0, 0, 0
33152, 0, 1, 1, 0, 0, 0
33153, 0, 1, 1, 0, 0, 0
33154, 1, 1, 1, 0, 1, 0
33156, 0, 1, 1, 0, 0, 0
97805, 1, 1, 1, 0, 1, 0
104771, 0, 1, 1, 0, 0, 0
104772, 5, 2, 2, 0, 5, 0
104783, 0, 1, 1, 0, 0, 0
105303, 0, 1, 1, 0, 0, 0
105304, 0, 1, 1, 0, 0, 0
105305, 0, 1, 1, 0, 0, 0
105308, 0, 1, 1, 0, 0, 0
105309, 0, 1, 1, 0, 0, 0
105310, 0, 1, 1, 0, 0, 0
105311, 0, 1, 1, 0, 0, 0
105312, 0, 1, 1, 0, 0, 0
105313, 0, 1, 1, 0, 0, 0
108275, 21, 1, 1, 0, 18, 3
108509, 2, 1, 1, 0, 2, 0
24043, 4, 4, 3, 1, 4, 0
4073, 1, 1, 1, 0, 1, 0
5417, 1, 1, 1, 0, 1, 0
11129, 5, 3, 3, 0, 4, 1
11130, 1, 1, 1, 0, 1, 0
11131, 0, 1, 1, 0, 0, 0
11132, 0, 3, 3, 0, 0, 0
51234, 1, 2, 2, 0, 1, 0
56940, 0, 2, 0, 2, 0, 0
95349, 0, 1, 0, 1, 0, 0
97394, 0, 1, 0, 1, 0, 0
4075, 1, 0, 0, 0, 1, 0
4077, 1, 0, 0, 0, 1, 0
4078, 0, 1, 1, 0, 0, 0
11513, 2, 3, 2, 1, 1, 1
20624, 3, 2, 1, 1, 1, 2
58732, 1, 1, 0, 1, 0, 1
115820, 1, 1, 0, 1, 0, 1
119853, 0, 1, 0, 1, 0, 0
130501, 19, 1, 1, 0, 19, 0
13979, 1, 1, 1, 0, 1, 0
4083, 1, 0, 0, 0, 1, 0
4084, 1, 0, 0, 0, 1, 0
4085, 1, 0, 0, 0, 1, 0
4086, 1, 0, 0, 0, 1, 0
11009, 25, 12, 10, 2, 23, 2
46465, 19, 17, 16, 1, 19, 0
4088, 1, 0, 0, 0, 0, 1
4089, 1, 0, 0, 0, 0, 1
4090, 1, 4, 0, 4, 1, 0
4093, 1, 0, 0, 0, 1, 0
4094, 1, 1, 1, 0, 1, 0
42126, 23, 8, 7, 1, 23, 0
42127, 0, 1, 0, 1, 0, 0
42128, 2, 1, 1, 0, 2, 0
4096, 1, 0, 0, 0, 1, 0
57005, 2, 2, 2, 0, 2, 0
94264, 0, 1, 1, 0, 0, 0
94265, 2, 1, 1, 0, 2, 0
49738, 10, 10, 10, 0, 10, 0
51427, 20, 11, 11, 0, 20, 0
56711, 0, 1, 1, 0, 0, 0
56712, 0, 1, 1, 0, 0, 0
7230, 9, 12, 12, 0, 9, 0
14928, 0, 3, 3, 0, 0, 0
31710, 10, 4, 4, 0, 10, 0
87887, 1, 3, 3, 0, 1, 0
103456, 3, 1, 1, 0, 3, 0
4102, 1, 0, 0, 0, 1, 0
4103, 1, 0, 0, 0, 1, 0
4104, 1, 0, 0, 0, 1, 0
4105, 1, 0, 0, 0, 1, 0
4106, 1, 0, 0, 0, 1, 0
4110, 1, 0, 0, 0, 1, 0
4111, 4, 6, 4, 2, 4, 0
119996, 0, 1, 1, 0, 0, 0
4113, 10, 3, 1, 2, 10, 0
9214, 3, 2, 2, 0, 3, 0
8257, 5, 1, 1, 0, 5, 0
17686, 7, 8, 8, 0, 7, 0
4118, 1, 0, 0, 0, 1, 0
11381, 8, 9, 9, 0, 8, 0
25913, 3, 3, 1, 2, 3, 0
34795, 1, 3, 3, 0, 1, 0
35215, 18, 15, 14, 1, 18, 0
58388, 2, 3, 3, 0, 2, 0
59813, 4, 3, 2, 1, 4, 0
80750, 0, 1, 1, 0, 0, 0
80751, 0, 1, 1, 0, 0, 0
10654, 4, 3, 3, 0, 3, 1
10655, 0, 2, 2, 0, 0, 0
10656, 0, 2, 2, 0, 0, 0
12422, 1, 2, 2, 0, 1, 0
23913, 0, 2, 1, 1, 0, 0
23914, 0, 1, 1, 0, 0, 0
23915, 3, 2, 2, 0, 3, 0
23916, 0, 1, 1, 0, 0, 0
4122, 1, 0, 0, 0, 0, 1
4123, 0, 1, 0, 1, 0, 0
4124, 1, 0, 0, 0, 1, 0
4125, 1, 0, 0, 0, 1, 0
4126, 1, 0, 0, 0, 1, 0
4127, 0, 1, 1, 0, 0, 0
4128, 3, 0, 0, 0, 1, 2
4129, 0, 1, 0, 1, 0, 0
4130, 2, 1, 1, 0, 2, 0
74017, 0, 1, 1, 0, 0, 0
4131, 1, 0, 0, 0, 1, 0
4133, 1, 1, 1, 0, 1, 0
4135, 1, 0, 0, 0, 1, 0
4136, 0, 2, 2, 0, 0, 0
4137, 1, 0, 0, 0, 1, 0
35393, 4, 8, 7, 1, 4, 0
82853, 0, 3, 3, 0, 0, 0
4140, 1, 0, 0, 0, 1, 0
4142, 1, 0, 0, 0, 1, 0
4143, 2, 2, 2, 0, 2, 0
97709, 0, 1, 1, 0, 0, 0
95389, 2, 1, 1, 0, 2, 0
97693, 0, 1, 1, 0, 0, 0
100403, 11, 4, 4, 0, 11, 0
47158, 10, 21, 20, 1, 10, 0
86543, 0, 3, 3, 0, 0, 0
94475, 0, 1, 1, 0, 0, 0
111524, 0, 1, 1, 0, 0, 0
111571, 1, 1, 1, 0, 1, 0
4148, 1, 0, 0, 0, 1, 0
4149, 2, 0, 0, 0, 2, 0
4150, 2, 0, 0, 0, 1, 1
4151, 11, 5, 3, 2, 10, 1
56369, 0, 6, 6, 0, 0, 0
59618, 0, 1, 1, 0, 0, 0
100387, 0, 1, 1, 0, 0, 0
4158, 2, 2, 1, 1, 2, 0
4172, 6, 9, 9, 0, 6, 0
4182, 29, 18, 16, 2, 25, 4
4189, 3, 2, 2, 0, 3, 0
4194, 14, 8, 7, 1, 14, 0
4198, 6, 3, 2, 1, 4, 2
4201, 0, 4, 3, 1, 0, 0
93950, 1, 1, 1, 0, 1, 0
96629, 3, 3, 3, 0, 3, 0
96832, 0, 3, 3, 0, 0, 0
97251, 5, 7, 7, 0, 5, 0
97302, 0, 2, 2, 0, 0, 0
99099, 0, 1, 1, 0, 0, 0
99102, 0, 1, 1, 0, 0, 0
101053, 0, 1, 1, 0, 0, 0
7285, 6, 4, 4, 0, 6, 0
19073, 4, 4, 3, 1, 3, 1
28227, 12, 6, 6, 0, 9, 3
39687, 2, 1, 1, 0, 2, 0
39688, 0, 1, 0, 1, 0, 0
39689, 0, 1, 0, 1, 0, 0
113123, 8, 2, 2, 0, 8, 0
33460, 0, 2, 0, 2, 0, 0
15880, 5, 10, 9, 1, 5, 0
16956, 2, 2, 2, 0, 2, 0
22088, 2, 5, 4, 1, 2, 0
27968, 126, 41, 39, 2, 126, 0
29942, 3, 16, 16, 0, 2, 1
45010, 7, 7, 4, 3, 7, 0
48564, 6, 4, 4, 0, 6, 0
51813, 3, 4, 4, 0, 3, 0
79210, 2, 2, 2, 0, 2, 0
86053, 0, 1, 0, 1, 0, 0
6202, 5, 30, 28, 2, 5, 0
9101, 4, 23, 23, 0, 4, 0
9376, 3, 3, 3, 0, 3, 0
42986, 16, 4, 4, 0, 16, 0
49508, 1, 3, 3, 0, 1, 0
85923, 10, 3, 2, 1, 9, 1
90297, 0, 2, 1, 1, 0, 0
90298, 7, 9, 9, 0, 7, 0
39221, 2, 2, 2, 0, 2, 0
30153, 15, 8, 8, 0, 15, 0
15381, 22, 4, 4, 0, 21, 1
43588, 4, 5, 5, 0, 2, 2
45108, 16, 3, 3, 0, 15, 1
51919, 1, 10, 9, 1, 1, 0
51920, 10, 4, 3, 1, 10, 0
51922, 0, 2, 2, 0, 0, 0
17031, 23, 9, 9, 0, 23, 0
31316, 1, 1, 0, 1, 1, 0
32411, 1, 2, 1, 1, 1, 0
32795, 2, 9, 7, 2, 2, 0
36793, 1, 2, 0, 2, 1, 0
36794, 1, 1, 0, 1, 1, 0
71082, 1, 2, 1, 1, 1, 0
72822, 2, 1, 0, 1, 2, 0
93096, 1, 3, 1, 2, 1, 0
94875, 0, 3, 2, 1, 0, 0
100689, 2, 4, 1, 3, 2, 0
106042, 1, 1, 0, 1, 1, 0
107044, 5, 4, 1, 3, 4, 1
109567, 1, 1, 0, 1, 1, 0
113967, 0, 2, 0, 2, 0, 0
114604, 0, 3, 0, 3, 0, 0
114992, 0, 3, 0, 3, 0, 0
115007, 1, 3, 1, 2, 1, 0
115449, 0, 1, 0, 1, 0, 0
116076, 0, 1, 0, 1, 0, 0
116972, 0, 1, 0, 1, 0, 0
116973, 1, 1, 0, 1, 1, 0
117044, 0, 4, 0, 4, 0, 0
117562, 1, 1, 0, 1, 0, 1
117592, 0, 1, 0, 1, 0, 0
117684, 0, 1, 0, 1, 0, 0
118185, 0, 1, 0, 1, 0, 0
118528, 0, 1, 0, 1, 0, 0
118578, 0, 1, 0, 1, 0, 0
118663, 0, 1, 0, 1, 0, 0
118664, 0, 1, 0, 1, 0, 0
119167, 0, 1, 0, 1, 0, 0
120100, 1, 1, 0, 1, 1, 0
120101, 1, 2, 1, 1, 1, 0
120103, 1, 2, 1, 1, 1, 0
120895, 2, 5, 5, 0, 2, 0
120925, 0, 2, 0, 2, 0, 0
121551, 0, 5, 1, 4, 0, 0
121670, 0, 1, 0, 1, 0, 0
122997, 0, 1, 0, 1, 0, 0
124314, 1, 2, 0, 2, 0, 1
124426, 1, 3, 0, 3, 0, 1
127054, 3, 1, 1, 0, 3, 0
127548, 1, 3, 0, 3, 1, 0
128131, 0, 2, 0, 2, 0, 0
128966, 0, 1, 0, 1, 0, 0
129403, 0, 1, 0, 1, 0, 0
47758, 12, 9, 9, 0, 12, 0
50542, 2, 2, 2, 0, 2, 0
51116, 1, 1, 1, 0, 1, 0
58515, 0, 1, 1, 0, 0, 0
21579, 13, 6, 5, 1, 7, 6
56849, 14, 77, 75, 2, 14, 0
57671, 2, 3, 3, 0, 2, 0
58386, 7, 3, 3, 0, 5, 2
62491, 1, 1, 1, 0, 0, 1
63353, 0, 4, 4, 0, 0, 0
63354, 26, 14, 14, 0, 26, 0
76922, 1, 1, 1, 0, 1, 0
12402, 4, 4, 3, 1, 4, 0
17888, 0, 2, 2, 0, 0, 0
18677, 1, 1, 1, 0, 1, 0
19088, 6, 2, 1, 1, 6, 0
19885, 2, 2, 2, 0, 2, 0
21758, 0, 3, 3, 0, 0, 0
22048, 16, 7, 6, 1, 15, 1
24294, 3, 3, 2, 1, 3, 0
33901, 2, 2, 2, 0, 2, 0
34145, 3, 3, 3, 0, 3, 0
36456, 5, 5, 4, 1, 5, 0
36791, 27, 7, 5, 2, 25, 2
38071, 8, 3, 3, 0, 8, 0
43195, 8, 10, 10, 0, 8, 0
43197, 0, 2, 2, 0, 0, 0
96828, 24, 9, 9, 0, 24, 0
98824, 0, 2, 2, 0, 0, 0
105415, 1, 1, 1, 0, 1, 0
110883, 0, 1, 1, 0, 0, 0
111709, 2, 1, 1, 0, 2, 0
113630, 2, 1, 1, 0, 2, 0
117993, 3, 2, 1, 1, 3, 0
118294, 1, 1, 1, 0, 1, 0
120399, 0, 2, 1, 1, 0, 0
120794, 0, 1, 1, 0, 0, 0
124700, 0, 2, 2, 0, 0, 0
63827, 4, 12, 12, 0, 4, 0
65731, 13, 16, 16, 0, 13, 0
75339, 1, 4, 4, 0, 1, 0
81042, 0, 2, 2, 0, 0, 0
84215, 5, 5, 5, 0, 5, 0
87003, 3, 3, 3, 0, 2, 1
32168, 1, 1, 1, 0, 1, 0
74167, 0, 2, 2, 0, 0, 0
75533, 0, 1, 1, 0, 0, 0
75534, 0, 1, 1, 0, 0, 0
75535, 0, 1, 0, 1, 0, 0
75536, 0, 1, 1, 0, 0, 0
30937, 2, 6, 5, 1, 2, 0
74166, 0, 1, 1, 0, 0, 0
74168, 0, 1, 0, 1, 0, 0
22486, 37, 4, 4, 0, 37, 0
34454, 19, 2, 2, 0, 19, 0
37141, 1, 1, 0, 1, 1, 0
37423, 2, 1, 0, 1, 2, 0
38451, 9, 2, 2, 0, 7, 2
43695, 1, 2, 1, 1, 1, 0
52025, 0, 1, 0, 1, 0, 0
52026, 0, 1, 0, 1, 0, 0
52027, 0, 3, 0, 3, 0, 0
52028, 0, 1, 0, 1, 0, 0
8483, 0, 2, 2, 0, 0, 0
12952, 6, 7, 6, 1, 6, 0
28568, 26, 9, 9, 0, 26, 0
29677, 0, 1, 1, 0, 0, 0
29678, 10, 13, 10, 3, 10, 0
37180, 2, 2, 0, 2, 2, 0
38624, 0, 3, 1, 2, 0, 0
43257, 0, 4, 1, 3, 0, 0
44624, 5, 4, 4, 0, 5, 0
47064, 3, 4, 2, 2, 2, 1
47948, 2, 3, 3, 0, 2, 0
48508, 0, 4, 0, 4, 0, 0
49707, 2, 6, 6, 0, 2, 0
50486, 1, 5, 1, 4, 1, 0
50750, 0, 4, 0, 4, 0, 0
51379, 0, 2, 0, 2, 0, 0
59005, 4, 3, 3, 0, 4, 0
65457, 1, 3, 0, 3, 1, 0
70259, 2, 6, 6, 0, 2, 0
70871, 23, 7, 6, 1, 23, 0
75246, 0, 2, 0, 2, 0, 0
92725, 0, 1, 0, 1, 0, 0
92726, 0, 1, 0, 1, 0, 0
92727, 0, 1, 0, 1, 0, 0
92728, 0, 1, 0, 1, 0, 0
92730, 0, 1, 0, 1, 0, 0
16303, 3, 9, 9, 0, 3, 0
27724, 0, 1, 0, 1, 0, 0
24147, 86, 21, 21, 0, 78, 8
33548, 6, 5, 3, 2, 4, 2
35538, 2, 3, 0, 3, 2, 0
37098, 37, 29, 26, 3, 37, 0
38090, 1, 1, 0, 1, 1, 0
39467, 1, 2, 1, 1, 1, 0
41680, 0, 5, 3, 2, 0, 0
44025, 0, 6, 0, 6, 0, 0
48853, 4, 5, 5, 0, 4, 0
74529, 0, 1, 0, 1, 0, 0
74530, 0, 1, 0, 1, 0, 0
109329, 1, 2, 2, 0, 1, 0
12139, 25, 17, 17, 0, 25, 0
41985, 48, 12, 12, 0, 47, 1
47588, 11, 10, 10, 0, 11, 0
64580, 11, 14, 14, 0, 11, 0
67089, 6, 20, 20, 0, 6, 0
71266, 35, 8, 8, 0, 35, 0
79535, 4, 1, 1, 0, 2, 2
79536, 0, 2, 2, 0, 0, 0
84203, 0, 1, 1, 0, 0, 0
73254, 4, 5, 5, 0, 4, 0
13231, 1, 1, 1, 0, 1, 0
8958, 1, 1, 1, 0, 1, 0
15445, 13, 21, 19, 2, 13, 0
23557, 14, 6, 6, 0, 14, 0
25903, 2, 2, 2, 0, 2, 0
25938, 1, 2, 2, 0, 1, 0
28981, 14, 14, 14, 0, 12, 2
31418, 3, 2, 2, 0, 3, 0
36939, 19, 10, 10, 0, 16, 3
39440, 10, 7, 7, 0, 10, 0
44117, 0, 2, 2, 0, 0, 0
51127, 6, 3, 3, 0, 6, 0
57185, 20, 10, 10, 0, 20, 0
76474, 5, 1, 1, 0, 5, 0
81875, 0, 2, 0, 2, 0, 0
82356, 4, 2, 2, 0, 4, 0
83683, 2, 1, 1, 0, 2, 0
83766, 0, 1, 1, 0, 0, 0
83767, 0, 1, 1, 0, 0, 0
28213, 0, 4, 0, 4, 0, 0
11359, 17, 7, 6, 1, 17, 0
31098, 10, 2, 2, 0, 10, 0
38894, 1, 4, 4, 0, 1, 0
40000, 19, 14, 9, 5, 19, 0
40033, 38, 5, 5, 0, 38, 0
40954, 2, 7, 0, 7, 2, 0
41485, 3, 5, 3, 2, 3, 0
42025, 1, 1, 0, 1, 1, 0
70354, 4, 4, 3, 1, 4, 0
17774, 3, 7, 7, 0, 3, 0
24214, 25, 6, 5, 1, 25, 0
36787, 1, 2, 0, 2, 1, 0
42658, 0, 3, 0, 3, 0, 0
42659, 0, 2, 2, 0, 0, 0
26389, 0, 2, 1, 1, 0, 0
50166, 0, 1, 0, 1, 0, 0
50167, 0, 2, 2, 0, 0, 0
28156, 10, 11, 10, 1, 10, 0
31891, 6, 3, 2, 1, 6, 0
14430, 5, 4, 4, 0, 5, 0
17986, 9, 1, 1, 0, 9, 0
23208, 0, 2, 0, 2, 0, 0
23713, 1, 1, 1, 0, 1, 0
28475, 0, 3, 0, 3, 0, 0
43661, 3, 3, 3, 0, 3, 0
46211, 3, 1, 1, 0, 3, 0
46216, 6, 1, 1, 0, 6, 0
15412, 78, 17, 15, 2, 75, 3
50525, 3, 1, 0, 1, 3, 0
67566, 5, 8, 7, 1, 3, 2
4203, 20, 2, 2, 0, 19, 1
4205, 1, 0, 0, 0, 1, 0
4207, 1, 0, 0, 0, 1, 0
4208, 1, 0, 0, 0, 0, 1
4209, 1, 0, 0, 0, 1, 0
4212, 2, 0, 0, 0, 2, 0
8258, 3, 8, 8, 0, 3, 0
6611, 2, 2, 2, 0, 2, 0
94815, 3, 1, 0, 1, 0, 3
113782, 0, 1, 1, 0, 0, 0
36674, 3, 5, 5, 0, 3, 0
53019, 1, 3, 1, 2, 1, 0
63406, 3, 4, 4, 0, 3, 0
63437, 2, 2, 2, 0, 2, 0
77370, 0, 2, 2, 0, 0, 0
84350, 3, 3, 3, 0, 3, 0
84403, 9, 3, 2, 1, 9, 0
85734, 4, 2, 2, 0, 4, 0
92403, 0, 1, 1, 0, 0, 0
92404, 0, 1, 1, 0, 0, 0
92405, 0, 1, 1, 0, 0, 0
95466, 41, 15, 12, 3, 27, 14
4217, 1, 0, 0, 0, 1, 0
53957, 2, 2, 2, 0, 2, 0
55646, 0, 2, 2, 0, 0, 0
58309, 17, 4, 2, 2, 15, 2
4221, 1, 0, 0, 0, 0, 1
64011, 0, 1, 1, 0, 0, 0
4225, 1, 1, 1, 0, 1, 0
4226, 1, 0, 0, 0, 1, 0
4227, 1, 3, 3, 0, 1, 0
4228, 1, 2, 2, 0, 1, 0
4229, 9, 2, 2, 0, 9, 0
4401, 12, 4, 3, 1, 12, 0
4403, 0, 1, 1, 0, 0, 0
109944, 2, 2, 1, 1, 2, 0
36411, 18, 13, 13, 0, 18, 0
49013, 3, 3, 3, 0, 3, 0
50603, 10, 5, 5, 0, 10, 0
53580, 4, 3, 3, 0, 4, 0
56015, 12, 9, 9, 0, 8, 4
31179, 21, 12, 10, 2, 21, 0
38484, 30, 37, 37, 0, 30, 0
54745, 0, 69, 60, 9, 0, 0
55592, 3, 5, 2, 3, 3, 0
56029, 2, 8, 7, 1, 2, 0
56707, 296, 142, 138, 4, 296, 0
57149, 43, 126, 122, 4, 43, 0
57731, 4, 3, 0, 3, 4, 0
58075, 1, 3, 1, 2, 1, 0
58292, 0, 39, 34, 5, 0, 0
58641, 1, 2, 1, 1, 1, 0
61797, 3, 9, 3, 6, 3, 0
75353, 0, 2, 0, 2, 0, 0
75354, 0, 3, 0, 3, 0, 0
75355, 0, 3, 0, 3, 0, 0
75356, 0, 2, 0, 2, 0, 0
75357, 0, 2, 0, 2, 0, 0
75358, 0, 2, 0, 2, 0, 0
75359, 0, 2, 0, 2, 0, 0
75360, 0, 2, 0, 2, 0, 0
75361, 0, 2, 0, 2, 0, 0
83730, 0, 1, 0, 1, 0, 0
83731, 0, 2, 0, 2, 0, 0
83732, 0, 1, 0, 1, 0, 0
11532, 7, 4, 4, 0, 7, 0
27984, 0, 4, 0, 4, 0, 0
27988, 0, 2, 1, 1, 0, 0
99618, 0, 1, 0, 1, 0, 0
12720, 1, 5, 3, 2, 1, 0
25226, 0, 9, 2, 7, 0, 0
29815, 11, 5, 2, 3, 9, 2
31769, 0, 2, 0, 2, 0, 0
31770, 0, 2, 0, 2, 0, 0
32306, 0, 12, 7, 5, 0, 0
33059, 0, 4, 0, 4, 0, 0
33238, 43, 13, 8, 5, 43, 0
34134, 0, 5, 0, 5, 0, 0
36092, 2, 5, 0, 5, 2, 0
40573, 1, 6, 3, 3, 1, 0
40940, 0, 7, 5, 2, 0, 0
41392, 6, 17, 5, 12, 4, 2
41435, 1, 4, 0, 4, 1, 0
41472, 4, 1, 0, 1, 4, 0
41995, 1, 1, 0, 1, 1, 0
42905, 2, 3, 2, 1, 2, 0
43199, 1, 1, 0, 1, 1, 0
43221, 0, 5, 1, 4, 0, 0
43632, 2, 2, 1, 1, 2, 0
45082, 0, 6, 0, 6, 0, 0
45897, 6, 14, 13, 1, 6, 0
46024, 8, 3, 2, 1, 7, 1
48469, 0, 4, 0, 4, 0, 0
49376, 0, 2, 0, 2, 0, 0
49642, 0, 4, 0, 4, 0, 0
49643, 0, 5, 0, 5, 0, 0
49939, 1, 1, 0, 1, 1, 0
50276, 1, 1, 0, 1, 1, 0
50741, 0, 2, 0, 2, 0, 0
51203, 0, 3, 1, 2, 0, 0
51937, 0, 3, 0, 3, 0, 0
52362, 1, 1, 0, 1, 1, 0
52538, 0, 5, 1, 4, 0, 0
53129, 0, 5, 0, 5, 0, 0
54696, 4, 5, 4, 1, 4, 0
54725, 0, 2, 0, 2, 0, 0
57787, 0, 4, 0, 4, 0, 0
65892, 0, 7, 0, 7, 0, 0
66004, 0, 2, 1, 1, 0, 0
67289, 0, 2, 0, 2, 0, 0
67653, 0, 4, 0, 4, 0, 0
73716, 0, 2, 0, 2, 0, 0
74424, 0, 2, 0, 2, 0, 0
75453, 0, 2, 0, 2, 0, 0
77636, 0, 5, 0, 5, 0, 0
78740, 6, 2, 2, 0, 6, 0
78815, 0, 4, 0, 4, 0, 0
79092, 0, 2, 0, 2, 0, 0
79093, 0, 1, 0, 1, 0, 0
79094, 0, 2, 0, 2, 0, 0
79095, 0, 2, 0, 2, 0, 0
79096, 0, 1, 0, 1, 0, 0
79097, 0, 2, 0, 2, 0, 0
79098, 0, 1, 0, 1, 0, 0
79099, 0, 2, 0, 2, 0, 0
79100, 0, 1, 0, 1, 0, 0
79101, 0, 1, 0, 1, 0, 0
79102, 0, 2, 0, 2, 0, 0
79103, 0, 1, 0, 1, 0, 0
79104, 0, 1, 0, 1, 0, 0
79105, 0, 1, 0, 1, 0, 0
79107, 0, 3, 0, 3, 0, 0
79108, 0, 2, 0, 2, 0, 0
79109, 0, 2, 0, 2, 0, 0
79112, 0, 6, 1, 5, 0, 0
79113, 0, 1, 0, 1, 0, 0
79114, 0, 1, 0, 1, 0, 0
79116, 0, 5, 0, 5, 0, 0
79117, 0, 1, 0, 1, 0, 0
79118, 0, 3, 0, 3, 0, 0
79119, 0, 3, 0, 3, 0, 0
79122, 0, 3, 0, 3, 0, 0
79125, 0, 3, 0, 3, 0, 0
79126, 0, 1, 0, 1, 0, 0
79127, 0, 1, 0, 1, 0, 0
79129, 0, 1, 0, 1, 0, 0
79130, 0, 2, 2, 0, 0, 0
4236, 1, 0, 0, 0, 1, 0
4237, 1, 0, 0, 0, 1, 0
65180, 1, 2, 2, 0, 1, 0
4239, 1, 0, 0, 0, 1, 0
4241, 2, 0, 0, 0, 2, 0
4242, 2, 2, 2, 0, 1, 1
63202, 6, 7, 7, 0, 6, 0
94662, 1, 1, 1, 0, 1, 0
96340, 6, 1, 1, 0, 6, 0
96526, 1, 3, 1, 2, 1, 0
122079, 0, 1, 1, 0, 0, 0
4245, 2, 0, 0, 0, 2, 0
4247, 1, 1, 1, 0, 1, 0
21951, 4, 15, 13, 2, 4, 0
39117, 29, 17, 17, 0, 21, 8
59379, 2, 3, 3, 0, 2, 0
66705, 2, 5, 5, 0, 2, 0
78264, 4, 11, 11, 0, 2, 2
86390, 4, 11, 11, 0, 4, 0
91176, 0, 3, 3, 0, 0, 0
92055, 3, 3, 3, 0, 3, 0
4249, 1, 0, 0, 0, 1, 0
4250, 1, 0, 0, 0, 1, 0
46470, 2, 1, 1, 0, 1, 1
46471, 1, 1, 1, 0, 1, 0
4252, 1, 0, 0, 0, 1, 0
4253, 1, 0, 0, 0, 1, 0
4254, 1, 0, 0, 0, 1, 0
4255, 7, 0, 0, 0, 7, 0
6205, 9, 6, 5, 1, 6, 3
7593, 1, 3, 2, 1, 1, 0
9399, 5, 6, 6, 0, 5, 0
9727, 8, 1, 1, 0, 8, 0
11162, 2, 1, 1, 0, 2, 0
11166, 7, 1, 1, 0, 7, 0
11993, 13, 13, 13, 0, 13, 0
12017, 18, 13, 11, 2, 13, 5
12451, 6, 8, 8, 0, 6, 0
12953, 3, 1, 1, 0, 3, 0
13653, 1, 1, 1, 0, 1, 0
14456, 4, 3, 2, 1, 4, 0
14506, 6, 3, 2, 1, 6, 0
16837, 16, 3, 2, 1, 15, 1
17167, 2, 5, 3, 2, 2, 0
18471, 18, 8, 7, 1, 13, 5
18731, 9, 12, 12, 0, 9, 0
22432, 7, 4, 3, 1, 7, 0
22435, 0, 1, 1, 0, 0, 0
22436, 1, 2, 2, 0, 1, 0
22439, 0, 1, 1, 0, 0, 0
22443, 18, 8, 8, 0, 18, 0
22444, 13, 6, 6, 0, 13, 0
22446, 0, 1, 1, 0, 0, 0
22447, 1, 4, 4, 0, 1, 0
22456, 0, 2, 0, 2, 0, 0
27727, 21, 12, 10, 2, 20, 1
36202, 10, 9, 7, 2, 10, 0
66491, 0, 2, 2, 0, 0, 0
101637, 2, 1, 1, 0, 2, 0
111587, 0, 2, 1, 1, 0, 0
111856, 4, 3, 3, 0, 4, 0
111873, 4, 3, 3, 0, 4, 0
111901, 0, 2, 2, 0, 0, 0
113145, 0, 2, 2, 0, 0, 0
115648, 0, 1, 0, 1, 0, 0
116964, 1, 1, 1, 0, 0, 1
119620, 22, 2, 2, 0, 22, 0
119809, 0, 1, 0, 1, 0, 0
120680, 0, 1, 1, 0, 0, 0
16301, 18, 7, 7, 0, 13, 5
25044, 1, 10, 9, 1, 0, 1
67935, 0, 2, 2, 0, 0, 0
10134, 0, 4, 1, 3, 0, 0
15777, 1, 2, 1, 1, 1, 0
19285, 1, 2, 1, 1, 1, 0
23278, 3, 6, 5, 1, 3, 0
23868, 5, 10, 8, 2, 4, 1
33180, 1, 4, 1, 3, 1, 0
58900, 5, 5, 4, 1, 5, 0
60766, 2, 5, 0, 5, 0, 2
73197, 0, 3, 2, 1, 0, 0
80721, 0, 2, 1, 1, 0, 0
85524, 0, 1, 0, 1, 0, 0
85525, 0, 1, 0, 1, 0, 0
19930, 1, 3, 3, 0, 1, 0
67481, 6, 5, 4, 1, 6, 0
93647, 1, 1, 1, 0, 1, 0
18651, 0, 2, 0, 2, 0, 0
23641, 0, 1, 0, 1, 0, 0
23645, 0, 1, 0, 1, 0, 0
23646, 0, 2, 0, 2, 0, 0
94546, 0, 1, 0, 1, 0, 0
9203, 11, 8, 8, 0, 11, 0
4264, 6, 3, 3, 0, 6, 0
4267, 12, 16, 14, 2, 12, 0
14789, 1, 3, 2, 1, 1, 0
30268, 5, 3, 3, 0, 5, 0
47110, 30, 6, 6, 0, 30, 0
95762, 2, 2, 2, 0, 2, 0
106664, 0, 1, 1, 0, 0, 0
30445, 6, 5, 5, 0, 6, 0
36681, 2, 1, 1, 0, 2, 0
37916, 1, 1, 1, 0, 1, 0
38136, 1, 1, 1, 0, 1, 0
38144, 2, 1, 1, 0, 2, 0
38145, 1, 2, 2, 0, 1, 0
42471, 0, 1, 1, 0, 0, 0
34944, 3, 1, 1, 0, 3, 0
42485, 3, 3, 2, 1, 3, 0
99993, 4, 2, 2, 0, 4, 0
7507, 39, 23, 21, 2, 38, 1
57814, 3, 3, 3, 0, 3, 0
30998, 0, 2, 2, 0, 0, 0
32103, 1, 2, 1, 1, 1, 0
46358, 2, 3, 3, 0, 2, 0
46360, 0, 2, 1, 1, 0, 0
39159, 0, 4, 0, 4, 0, 0
4274, 1, 0, 0, 0, 1, 0
7295, 18, 24, 22, 2, 18, 0
20969, 5, 3, 3, 0, 5, 0
23791, 5, 9, 8, 1, 5, 0
24499, 1, 9, 9, 0, 1, 0
28404, 19, 14, 14, 0, 17, 2
31334, 5, 20, 19, 1, 3, 2
32831, 1, 5, 3, 2, 1, 0
36226, 0, 5, 3, 2, 0, 0
39913, 9, 10, 10, 0, 9, 0
47420, 4, 3, 2, 1, 4, 0
47498, 21, 12, 12, 0, 21, 0
52460, 1, 1, 1, 0, 1, 0
54022, 0, 8, 6, 2, 0, 0
54111, 6, 5, 5, 0, 6, 0
54578, 34, 17, 17, 0, 34, 0
56515, 2, 10, 10, 0, 2, 0
59255, 1, 7, 7, 0, 1, 0
62074, 4, 3, 3, 0, 4, 0
62402, 9, 5, 5, 0, 9, 0
62885, 5, 2, 2, 0, 5, 0
62965, 1, 1, 1, 0, 0, 1
66756, 4, 6, 6, 0, 4, 0
68059, 0, 2, 2, 0, 0, 0
70090, 22, 4, 4, 0, 21, 1
71571, 9, 2, 2, 0, 9, 0
71572, 0, 5, 5, 0, 0, 0
71971, 6, 9, 9, 0, 5, 1
72514, 0, 5, 5, 0, 0, 0
73684, 0, 3, 3, 0, 0, 0
75653, 4, 1, 1, 0, 4, 0
76166, 6, 3, 3, 0, 6, 0
79196, 1, 1, 1, 0, 1, 0
79303, 3, 1, 1, 0, 3, 0
79561, 2, 3, 3, 0, 2, 0
82571, 1, 3, 3, 0, 1, 0
82783, 1, 5, 5, 0, 1, 0
83491, 1, 3, 3, 0, 1, 0
84081, 7, 2, 2, 0, 5, 2
84676, 1, 1, 1, 0, 1, 0
85650, 0, 2, 2, 0, 0, 0
86544, 7, 4, 3, 1, 7, 0
86873, 4, 1, 1, 0, 4, 0
87676, 2, 4, 4, 0, 2, 0
90183, 0, 1, 1, 0, 0, 0
90184, 0, 1, 1, 0, 0, 0
90185, 3, 6, 6, 0, 3, 0
90186, 0, 1, 1, 0, 0, 0
90187, 0, 1, 1, 0, 0, 0
90188, 0, 1, 1, 0, 0, 0
90189, 0, 1, 1, 0, 0, 0
90190, 0, 1, 1, 0, 0, 0
90191, 0, 1, 1, 0, 0, 0
90192, 0, 1, 1, 0, 0, 0
90193, 0, 1, 1, 0, 0, 0
90194, 0, 1, 1, 0, 0, 0
90195, 0, 1, 1, 0, 0, 0
90196, 0, 1, 1, 0, 0, 0
90197, 0, 1, 1, 0, 0, 0
90198, 0, 1, 1, 0, 0, 0
90199, 0, 1, 1, 0, 0, 0
90200, 0, 1, 1, 0, 0, 0
90201, 0, 1, 1, 0, 0, 0
90202, 0, 1, 1, 0, 0, 0
4276, 1, 0, 0, 0, 1, 0
4277, 4, 1, 1, 0, 2, 2
94588, 1, 1, 1, 0, 1, 0
4278, 11, 0, 0, 0, 11, 0
15093, 12, 2, 2, 0, 12, 0
34475, 7, 1, 1, 0, 7, 0
34477, 11, 1, 1, 0, 10, 1
11372, 15, 9, 9, 0, 15, 0
11368, 17, 5, 5, 0, 17, 0
11369, 15, 7, 7, 0, 15, 0
11370, 12, 8, 7, 1, 12, 0
55086, 17, 5, 5, 0, 17, 0
70176, 0, 4, 4, 0, 0, 0
4289, 2, 0, 0, 0, 2, 0
30178, 0, 10, 10, 0, 0, 0
55181, 9, 3, 2, 1, 9, 0
26350, 34, 24, 24, 0, 28, 6
32953, 35, 15, 13, 2, 18, 17
69617, 11, 4, 4, 0, 11, 0
79175, 3, 2, 2, 0, 2, 1
79176, 3, 2, 2, 0, 2, 1
119940, 0, 1, 1, 0, 0, 0
4292, 1, 0, 0, 0, 0, 1
4293, 1, 1, 0, 1, 0, 1
20696, 0, 3, 2, 1, 0, 0
45267, 2, 2, 1, 1, 2, 0
99672, 0, 2, 2, 0, 0, 0
5376, 4, 3, 3, 0, 4, 0
6200, 2, 9, 9, 0, 2, 0
28987, 1, 2, 2, 0, 1, 0
28988, 3, 4, 4, 0, 3, 0
28989, 0, 1, 0, 1, 0, 0
28990, 0, 1, 0, 1, 0, 0
21306, 11, 5, 5, 0, 11, 0
4300, 1, 0, 0, 0, 1, 0
4301, 0, 1, 1, 0, 0, 0
4302, 2, 1, 1, 0, 2, 0
6035, 1, 3, 3, 0, 1, 0
4305, 5, 1, 1, 0, 4, 1
93612, 3, 4, 4, 0, 3, 0
12745, 18, 7, 5, 2, 17, 1
21046, 3, 1, 0, 1, 1, 2
76989, 12, 7, 7, 0, 12, 0
28975, 0, 3, 0, 3, 0, 0
36900, 0, 4, 2, 2, 0, 0
37949, 5, 3, 2, 1, 1, 4
41498, 2, 3, 1, 2, 2, 0
41881, 3, 8, 1, 7, 3, 0
45081, 0, 6, 0, 6, 0, 0
47318, 3, 5, 3, 2, 2, 1
48579, 4, 7, 4, 3, 4, 0
49635, 0, 2, 1, 1, 0, 0
49637, 0, 3, 2, 1, 0, 0
49638, 1, 2, 1, 1, 1, 0
49639, 1, 2, 1, 1, 1, 0
49644, 0, 4, 0, 4, 0, 0
49645, 0, 6, 0, 6, 0, 0
49647, 0, 1, 0, 1, 0, 0
49648, 0, 1, 0, 1, 0, 0
104453, 4, 4, 3, 1, 4, 0
107234, 0, 2, 0, 2, 0, 0
110724, 1, 2, 1, 1, 1, 0
114297, 3, 1, 0, 1, 3, 0
118688, 0, 1, 0, 1, 0, 0
118917, 0, 1, 0, 1, 0, 0
120233, 1, 2, 0, 2, 0, 1
120311, 0, 1, 0, 1, 0, 0
120317, 4, 1, 0, 1, 4, 0
121305, 1, 1, 0, 1, 1, 0
125831, 0, 1, 0, 1, 0, 0
4309, 1, 0, 0, 0, 1, 0
4310, 1, 0, 0, 0, 1, 0
4311, 1, 0, 0, 0, 1, 0
114366, 3, 1, 1, 0, 3, 0
8233, 0, 3, 0, 3, 0, 0
34132, 0, 2, 0, 2, 0, 0
39501, 1, 5, 0, 5, 1, 0
39973, 3, 6, 5, 1, 3, 0
109079, 0, 3, 0, 3, 0, 0
4314, 3, 0, 0, 0, 2, 1
4315, 0, 1, 1, 0, 0, 0
4316, 1, 0, 0, 0, 0, 1
4317, 4, 3, 1, 2, 4, 0
4318, 2, 0, 0, 0, 0, 2
4319, 6, 11, 9, 2, 6, 0
25257, 1, 4, 4, 0, 1, 0
65722, 1, 2, 2, 0, 1, 0
68909, 2, 1, 1, 0, 2, 0
14433, 0, 4, 0, 4, 0, 0
20426, 0, 4, 0, 4, 0, 0
20433, 0, 4, 0, 4, 0, 0
22898, 1, 1, 0, 1, 0, 1
23047, 1, 2, 0, 2, 1, 0
32075, 1, 1, 0, 1, 1, 0
70676, 0, 2, 1, 1, 0, 0
72701, 0, 3, 0, 3, 0, 0
75470, 0, 1, 0, 1, 0, 0
75471, 0, 3, 0, 3, 0, 0
75472, 0, 1, 0, 1, 0, 0
75474, 0, 1, 0, 1, 0, 0
75475, 0, 1, 0, 1, 0, 0
75476, 0, 2, 0, 2, 0, 0
4321, 1, 0, 0, 0, 0, 1
4323, 1, 0, 0, 0, 1, 0
4324, 2, 10, 8, 2, 2, 0
79153, 0, 1, 1, 0, 0, 0
4325, 1, 0, 0, 0, 1, 0
4326, 2, 1, 1, 0, 1, 1
4327, 1, 1, 0, 1, 0, 1
4329, 1, 0, 0, 0, 1, 0
4330, 1, 0, 0, 0, 0, 1
40942, 12, 25, 22, 3, 12, 0
68085, 4, 8, 8, 0, 4, 0
69986, 1, 5, 5, 0, 1, 0
14230, 5, 6, 3, 3, 5, 0
36410, 2, 2, 2, 0, 2, 0
55500, 1, 1, 1, 0, 1, 0
120957, 1, 2, 2, 0, 1, 0
121406, 0, 1, 1, 0, 0, 0
121739, 0, 2, 2, 0, 0, 0
130131, 0, 2, 2, 0, 0, 0
49173, 7, 6, 6, 0, 5, 2
90681, 13, 5, 4, 1, 13, 0
4340, 1, 0, 0, 0, 1, 0
18549, 1, 1, 0, 1, 1, 0
37428, 1, 1, 0, 1, 0, 1
47228, 1, 6, 3, 3, 1, 0
50149, 0, 3, 0, 3, 0, 0
64095, 0, 1, 0, 1, 0, 0
64096, 0, 1, 0, 1, 0, 0
4343, 1, 0, 0, 0, 1, 0
4344, 0, 1, 1, 0, 0, 0
4345, 1, 0, 0, 0, 1, 0
4346, 2, 1, 1, 0, 2, 0
11458, 0, 1, 1, 0, 0, 0
4347, 1, 0, 0, 0, 1, 0
4349, 1, 0, 0, 0, 1, 0
22535, 0, 1, 0, 1, 0, 0
22541, 2, 8, 2, 6, 2, 0
113470, 0, 1, 0, 1, 0, 0
4351, 1, 0, 0, 0, 1, 0
4352, 1, 1, 1, 0, 0, 1
4353, 1, 0, 0, 0, 0, 1
47613, 2, 3, 3, 0, 2, 0
55476, 0, 1, 1, 0, 0, 0
20201, 5, 4, 4, 0, 4, 1
11654, 50, 27, 26, 1, 50, 0
44617, 9, 3, 3, 0, 9, 0
52304, 7, 3, 3, 0, 7, 0
58230, 13, 6, 6, 0, 13, 0
69203, 26, 9, 9, 0, 26, 0
71869, 1, 5, 5, 0, 1, 0
30734, 5, 6, 5, 1, 5, 0
31417, 0, 2, 2, 0, 0, 0
69294, 0, 1, 1, 0, 0, 0
4364, 4, 0, 0, 0, 4, 0
24492, 49, 16, 10, 6, 15, 34
49275, 0, 1, 0, 1, 0, 0
4366, 1, 1, 1, 0, 1, 0
27365, 0, 5, 4, 1, 0, 0
28953, 7, 6, 5, 1, 7, 0
30505, 0, 1, 1, 0, 0, 0
30506, 2, 1, 1, 0, 1, 1
30507, 0, 1, 1, 0, 0, 0
4368, 1, 0, 0, 0, 1, 0
4369, 1, 0, 0, 0, 1, 0
4370, 1, 0, 0, 0, 1, 0
4371, 1, 0, 0, 0, 1, 0
4374, 1, 1, 1, 0, 1, 0
49155, 10, 18, 17, 1, 10, 0
55384, 4, 5, 5, 0, 4, 0
62388, 0, 4, 4, 0, 0, 0
66689, 13, 5, 4, 1, 13, 0
67128, 3, 2, 1, 1, 3, 0
70235, 6, 9, 9, 0, 6, 0
72165, 5, 6, 6, 0, 5, 0
4376, 1, 0, 0, 0, 1, 0
4377, 2, 2, 2, 0, 2, 0
4378, 5, 3, 3, 0, 3, 2
45791, 9, 3, 1, 2, 5, 4
9792, 6, 2, 1, 1, 2, 4
32007, 5, 5, 3, 2, 4, 1
32008, 0, 1, 0, 1, 0, 0
32010, 0, 2, 0, 2, 0, 0
94479, 0, 1, 0, 1, 0, 0
121293, 3, 4, 0, 4, 0, 3
32648, 0, 3, 0, 3, 0, 0
4383, 1, 0, 0, 0, 1, 0
4384, 0, 2, 2, 0, 0, 0
4385, 1, 0, 0, 0, 1, 0
4386, 2, 7, 5, 2, 2, 0
4387, 1, 0, 0, 0, 0, 1
28930, 4, 4, 4, 0, 4, 0
28931, 12, 6, 5, 1, 12, 0
46389, 0, 2, 2, 0, 0, 0
61357, 0, 1, 0, 1, 0, 0
61358, 0, 1, 0, 1, 0, 0
26030, 1, 1, 0, 1, 1, 0
26318, 1, 1, 0, 1, 1, 0
26765, 2, 1, 0, 1, 0, 2
26939, 1, 2, 1, 1, 0, 1
27036, 1, 2, 1, 1, 1, 0
27037, 1, 4, 3, 1, 1, 0
27481, 2, 1, 0, 1, 1, 1
62980, 0, 2, 0, 2, 0, 0
92465, 0, 1, 0, 1, 0, 0
92466, 0, 1, 0, 1, 0, 0
92467, 0, 1, 0, 1, 0, 0
92468, 0, 1, 0, 1, 0, 0
92469, 0, 1, 0, 1, 0, 0
92470, 0, 1, 0, 1, 0, 0
92471, 0, 1, 0, 1, 0, 0
92472, 0, 1, 0, 1, 0, 0
4391, 2, 0, 0, 0, 2, 0
109591, 7, 1, 1, 0, 7, 0
4394, 1, 0, 0, 0, 0, 1
51129, 2, 5, 5, 0, 1, 1
4397, 3, 1, 1, 0, 3, 0
45777, 0, 2, 2, 0, 0, 0
4398, 1, 0, 0, 0, 0, 1
14674, 0, 1, 0, 1, 0, 0
86705, 0, 3, 3, 0, 0, 0
24303, 1, 2, 1, 1, 1, 0
56226, 0, 2, 0, 2, 0, 0
80051, 0, 2, 0, 2, 0, 0
88899, 0, 2, 0, 2, 0, 0
88969, 0, 1, 0, 1, 0, 0
88970, 0, 1, 0, 1, 0, 0
88971, 0, 1, 0, 1, 0, 0
88972, 0, 1, 0, 1, 0, 0
88973, 0, 1, 0, 1, 0, 0
88974, 0, 1, 0, 1, 0, 0
88975, 0, 1, 0, 1, 0, 0
88976, 0, 1, 0, 1, 0, 0
88977, 0, 1, 0, 1, 0, 0
4404, 1, 0, 0, 0, 1, 0
4405, 0, 1, 1, 0, 0, 0
4408, 1, 0, 0, 0, 1, 0
4409, 1, 0, 0, 0, 1, 0
7124, 10, 10, 10, 0, 10, 0
7125, 9, 9, 9, 0, 9, 0
7127, 6, 7, 7, 0, 6, 0
8978, 0, 1, 1, 0, 0, 0
4411, 1, 0, 0, 0, 1, 0
4412, 6, 3, 3, 0, 6, 0
4413, 1, 0, 0, 0, 1, 0
4414, 1, 0, 0, 0, 1, 0
4415, 1, 0, 0, 0, 1, 0
4416, 9, 22, 18, 4, 9, 0
61550, 0, 5, 3, 2, 0, 0
61909, 7, 24, 24, 0, 7, 0
69244, 2, 5, 5, 0, 2, 0
72147, 5, 6, 6, 0, 5, 0
75022, 2, 3, 3, 0, 2, 0
16287, 0, 4, 4, 0, 0, 0
22427, 60, 6, 6, 0, 60, 0
22645, 36, 14, 14, 0, 36, 0
23198, 3, 11, 10, 1, 2, 1
24154, 19, 15, 15, 0, 19, 0
24720, 65, 38, 38, 0, 65, 0
25030, 44, 12, 10, 2, 44, 0
28903, 57, 20, 20, 0, 57, 0
30521, 7, 5, 5, 0, 7, 0
31482, 40, 19, 18, 1, 40, 0
32574, 18, 12, 12, 0, 18, 0
38189, 3, 7, 7, 0, 3, 0
41187, 5, 3, 3, 0, 5, 0
42096, 232, 13, 12, 1, 232, 0
45904, 9, 12, 12, 0, 9, 0
46331, 24, 11, 9, 2, 11, 13
46413, 42, 19, 18, 1, 30, 12
47041, 0, 4, 4, 0, 0, 0
48217, 3, 3, 3, 0, 3, 0
49450, 46, 14, 14, 0, 46, 0
53414, 19, 8, 8, 0, 19, 0
54339, 8, 13, 12, 1, 8, 0
55085, 1, 1, 1, 0, 1, 0
55467, 22, 4, 4, 0, 20, 2
57754, 11, 6, 6, 0, 11, 0
58571, 6, 7, 7, 0, 6, 0
59415, 9, 3, 3, 0, 9, 0
60220, 8, 3, 3, 0, 8, 0
60429, 26, 28, 28, 0, 25, 1
61141, 52, 5, 5, 0, 48, 4
62622, 22, 7, 6, 1, 22, 0
63029, 22, 6, 3, 3, 12, 10
63750, 1, 2, 2, 0, 1, 0
64041, 3, 1, 1, 0, 3, 0
64062, 1, 5, 5, 0, 1, 0
64063, 3, 7, 7, 0, 3, 0
64276, 0, 2, 2, 0, 0, 0
64347, 5, 1, 1, 0, 3, 2
64450, 17, 4, 4, 0, 17, 0
65827, 2, 1, 1, 0, 2, 0
68988, 17, 9, 9, 0, 17, 0
69583, 3, 17, 17, 0, 3, 0
72879, 0, 2, 2, 0, 0, 0
75886, 6, 2, 2, 0, 6, 0
80409, 9, 2, 2, 0, 9, 0
86855, 7, 3, 3, 0, 7, 0
88510, 9, 1, 1, 0, 9, 0
88679, 1, 1, 1, 0, 1, 0
88680, 0, 1, 1, 0, 0, 0
88681, 0, 1, 1, 0, 0, 0
88682, 1, 1, 1, 0, 1, 0
17892, 0, 4, 0, 4, 0, 0
42590, 1, 1, 1, 0, 1, 0
74907, 0, 1, 1, 0, 0, 0
74908, 0, 1, 1, 0, 0, 0
20734, 31, 7, 4, 3, 23, 8
44676, 0, 2, 2, 0, 0, 0
44677, 0, 1, 1, 0, 0, 0
14030, 5, 4, 4, 0, 5, 0
106177, 0, 1, 1, 0, 0, 0
116659, 1, 1, 1, 0, 1, 0
51785, 1, 1, 1, 0, 1, 0
9073, 4, 11, 6, 5, 2, 2
29874, 11, 7, 7, 0, 11, 0
32206, 1, 1, 1, 0, 1, 0
32207, 2, 7, 7, 0, 2, 0
32208, 13, 4, 3, 1, 13, 0
32209, 1, 5, 4, 1, 1, 0
32210, 5, 7, 6, 1, 5, 0
32211, 11, 7, 7, 0, 10, 1
101539, 0, 1, 1, 0, 0, 0
69835, 0, 2, 0, 2, 0, 0
71327, 2, 5, 2, 3, 2, 0
76066, 3, 3, 1, 2, 2, 1
78381, 0, 1, 0, 1, 0, 0
111733, 1, 1, 1, 0, 1, 0
85568, 0, 1, 1, 0, 0, 0
5781, 0, 3, 2, 1, 0, 0
107808, 0, 1, 0, 1, 0, 0
109116, 2, 1, 1, 0, 2, 0
114356, 0, 1, 1, 0, 0, 0
76599, 1, 1, 1, 0, 1, 0
9694, 2, 2, 2, 0, 2, 0
8291, 3, 4, 2, 2, 1, 2
10774, 5, 7, 7, 0, 5, 0
11038, 1, 2, 1, 1, 1, 0
11270, 5, 2, 2, 0, 3, 2
11336, 6, 1, 1, 0, 6, 0
11465, 1, 3, 3, 0, 1, 0
12363, 1, 2, 2, 0, 1, 0
12395, 1, 2, 2, 0, 1, 0
12568, 0, 2, 2, 0, 0, 0
12584, 4, 4, 4, 0, 3, 1
12678, 3, 3, 3, 0, 3, 0
13223, 7, 4, 4, 0, 7, 0
13857, 0, 2, 1, 1, 0, 0
14379, 3, 2, 2, 0, 3, 0
14413, 1, 1, 1, 0, 1, 0
14753, 1, 2, 2, 0, 0, 1
14833, 1, 2, 1, 1, 0, 1
14888, 1, 1, 1, 0, 1, 0
14917, 3, 2, 2, 0, 3, 0
15154, 1, 4, 4, 0, 0, 1
15944, 8, 5, 5, 0, 8, 0
16151, 3, 2, 2, 0, 3, 0
18678, 0, 4, 4, 0, 0, 0
18989, 3, 1, 1, 0, 3, 0
21572, 1, 2, 2, 0, 1, 0
22717, 5, 1, 1, 0, 5, 0
22720, 3, 4, 3, 1, 1, 2
26310, 1, 1, 1, 0, 1, 0
26862, 2, 3, 2, 1, 2, 0
26865, 0, 1, 1, 0, 0, 0
26866, 0, 1, 1, 0, 0, 0
26867, 15, 1, 1, 0, 15, 0
26868, 0, 1, 1, 0, 0, 0
26869, 0, 1, 1, 0, 0, 0
26871, 1, 4, 3, 1, 1, 0
26872, 0, 1, 1, 0, 0, 0
26873, 0, 1, 1, 0, 0, 0
26874, 0, 1, 1, 0, 0, 0
26876, 0, 3, 2, 1, 0, 0
26877, 0, 1, 1, 0, 0, 0
26878, 0, 1, 1, 0, 0, 0
26879, 0, 1, 1, 0, 0, 0
26880, 0, 1, 1, 0, 0, 0
26883, 0, 1, 1, 0, 0, 0
26884, 0, 1, 1, 0, 0, 0
26885, 0, 1, 1, 0, 0, 0
26886, 0, 2, 2, 0, 0, 0
26887, 0, 1, 1, 0, 0, 0
26888, 0, 1, 1, 0, 0, 0
26890, 6, 2, 2, 0, 5, 1
26891, 0, 2, 2, 0, 0, 0
26892, 1, 1, 1, 0, 1, 0
26893, 0, 1, 1, 0, 0, 0
26894, 0, 2, 2, 0, 0, 0
26897, 0, 1, 1, 0, 0, 0
26898, 6, 2, 2, 0, 6, 0
26899, 0, 1, 1, 0, 0, 0
26900, 5, 2, 1, 1, 5, 0
26901, 6, 1, 1, 0, 6, 0
26902, 0, 1, 1, 0, 0, 0
26903, 2, 3, 3, 0, 2, 0
26904, 3, 3, 3, 0, 3, 0
26905, 9, 8, 8, 0, 9, 0
26906, 0, 2, 2, 0, 0, 0
26907, 0, 1, 1, 0, 0, 0
26909, 0, 1, 1, 0, 0, 0
26910, 4, 5, 5, 0, 4, 0
26911, 0, 1, 1, 0, 0, 0
26912, 0, 1, 1, 0, 0, 0
26913, 0, 1, 1, 0, 0, 0
26915, 0, 1, 1, 0, 0, 0
26916, 0, 2, 2, 0, 0, 0
26917, 0, 2, 2, 0, 0, 0
26918, 0, 1, 1, 0, 0, 0
18130, 2, 1, 0, 1, 2, 0
21438, 1, 1, 0, 1, 0, 1
25957, 1, 2, 0, 2, 0, 1
29573, 1, 3, 2, 1, 1, 0
30226, 5, 5, 4, 1, 3, 2
36898, 0, 4, 1, 3, 0, 0
51610, 1, 2, 2, 0, 1, 0
52312, 7, 9, 8, 1, 7, 0
52313, 2, 3, 2, 1, 2, 0
52314, 0, 3, 0, 3, 0, 0
52315, 0, 1, 0, 1, 0, 0
52316, 0, 1, 0, 1, 0, 0
52317, 0, 1, 0, 1, 0, 0
52318, 0, 1, 0, 1, 0, 0
52319, 0, 1, 0, 1, 0, 0
52320, 0, 2, 0, 2, 0, 0
52321, 1, 1, 0, 1, 1, 0
52322, 0, 1, 1, 0, 0, 0
52323, 4, 7, 7, 0, 4, 0
52324, 0, 1, 0, 1, 0, 0
52325, 0, 1, 1, 0, 0, 0
52330, 0, 1, 0, 1, 0, 0
52331, 0, 1, 0, 1, 0, 0
52332, 3, 4, 3, 1, 3, 0
52333, 0, 1, 0, 1, 0, 0
93661, 0, 1, 0, 1, 0, 0
93847, 0, 1, 0, 1, 0, 0
94070, 0, 1, 0, 1, 0, 0
94824, 0, 1, 0, 1, 0, 0
95123, 0, 1, 0, 1, 0, 0
95124, 0, 1, 0, 1, 0, 0
95125, 0, 1, 0, 1, 0, 0
95244, 0, 1, 0, 1, 0, 0
95697, 0, 1, 0, 1, 0, 0
95897, 0, 1, 0, 1, 0, 0
96136, 0, 1, 0, 1, 0, 0
98071, 8, 2, 1, 1, 8, 0
10743, 3, 3, 3, 0, 3, 0
24842, 0, 5, 5, 0, 0, 0
64043, 11, 4, 4, 0, 11, 0
87690, 1, 1, 1, 0, 1, 0
88382, 3, 2, 2, 0, 3, 0
89743, 0, 1, 1, 0, 0, 0
89744, 1, 1, 1, 0, 1, 0
46724, 5, 6, 5, 1, 5, 0
54125, 0, 2, 2, 0, 0, 0
70785, 0, 2, 2, 0, 0, 0
17858, 3, 14, 14, 0, 2, 1
19039, 11, 11, 10, 1, 9, 2
39573, 1, 1, 1, 0, 1, 0
70798, 0, 2, 2, 0, 0, 0
36972, 10, 19, 19, 0, 10, 0
39934, 6, 8, 7, 1, 5, 1
42477, 0, 6, 6, 0, 0, 0
45286, 18, 7, 7, 0, 18, 0
56522, 8, 14, 13, 1, 3, 5
103730, 9, 8, 8, 0, 9, 0
5939, 1, 1, 1, 0, 1, 0
7663, 15, 2, 2, 0, 15, 0
81243, 0, 1, 1, 0, 0, 0
13283, 0, 1, 1, 0, 0, 0
7288, 11, 3, 3, 0, 11, 0
25845, 1, 1, 1, 0, 1, 0
26433, 15, 12, 12, 0, 14, 1
33561, 7, 6, 5, 1, 7, 0
39258, 4, 3, 3, 0, 4, 0
51016, 0, 1, 1, 0, 0, 0
51017, 0, 3, 0, 3, 0, 0
8348, 7, 8, 8, 0, 7, 0
37245, 3, 3, 3, 0, 2, 1
94949, 1, 1, 1, 0, 1, 0
9183, 4, 5, 5, 0, 4, 0
13167, 3, 3, 3, 0, 3, 0
13934, 3, 3, 3, 0, 3, 0
14345, 7, 8, 8, 0, 5, 2
14629, 2, 2, 1, 1, 2, 0
19008, 7, 3, 3, 0, 1, 6
24998, 2, 4, 4, 0, 2, 0
24999, 3, 2, 2, 0, 3, 0
38008, 1, 8, 8, 0, 1, 0
44090, 18, 15, 15, 0, 18, 0
55574, 21, 16, 16, 0, 21, 0
64690, 4, 1, 1, 0, 4, 0
64717, 20, 7, 7, 0, 20, 0
67431, 11, 8, 7, 1, 11, 0
67433, 0, 15, 15, 0, 0, 0
69659, 8, 1, 1, 0, 8, 0
70264, 6, 8, 8, 0, 6, 0
71814, 0, 5, 5, 0, 0, 0
71815, 8, 3, 3, 0, 8, 0
83773, 0, 2, 2, 0, 0, 0
96928, 4, 7, 7, 0, 4, 0
10748, 3, 2, 2, 0, 3, 0
68155, 1, 1, 1, 0, 1, 0
68435, 0, 1, 1, 0, 0, 0
38710, 0, 1, 0, 1, 0, 0
119719, 0, 1, 1, 0, 0, 0
11375, 2, 1, 1, 0, 2, 0
16044, 0, 4, 4, 0, 0, 0
28708, 9, 4, 4, 0, 9, 0
37650, 10, 9, 9, 0, 10, 0
48302, 0, 3, 2, 1, 0, 0
66577, 0, 2, 2, 0, 0, 0
105390, 2, 3, 2, 1, 2, 0
7101, 16, 11, 8, 3, 14, 2
16978, 106, 35, 34, 1, 101, 5
70153, 6, 4, 4, 0, 6, 0
74132, 0, 1, 1, 0, 0, 0
96210, 0, 1, 1, 0, 0, 0
40770, 3, 1, 1, 0, 3, 0
40771, 2, 3, 3, 0, 2, 0
40772, 2, 3, 3, 0, 2, 0
10155, 2, 2, 1, 1, 2, 0
14076, 1, 1, 1, 0, 1, 0
15874, 2, 6, 5, 1, 2, 0
30323, 5, 3, 3, 0, 5, 0
32089, 9, 2, 2, 0, 9, 0
32090, 4, 5, 5, 0, 4, 0
32091, 9, 3, 3, 0, 9, 0
45206, 3, 1, 1, 0, 3, 0
49573, 1, 2, 2, 0, 1, 0
49676, 1, 1, 1, 0, 1, 0
50038, 13, 1, 1, 0, 13, 0
50561, 4, 5, 5, 0, 4, 0
52202, 3, 4, 4, 0, 3, 0
55182, 1, 1, 1, 0, 1, 0
59051, 0, 2, 2, 0, 0, 0
60573, 0, 4, 2, 2, 0, 0
60574, 0, 1, 1, 0, 0, 0
60575, 0, 1, 1, 0, 0, 0
72228, 6, 5, 5, 0, 6, 0
8261, 5, 3, 2, 1, 5, 0
17812, 6, 1, 1, 0, 6, 0
7614, 0, 4, 3, 1, 0, 0
26121, 1, 3, 2, 1, 1, 0
27318, 2, 2, 1, 1, 2, 0
48387, 0, 3, 2, 1, 0, 0
61542, 0, 1, 0, 1, 0, 0
61543, 3, 8, 7, 1, 3, 0
101387, 0, 1, 0, 1, 0, 0
102685, 1, 2, 1, 1, 1, 0
103263, 0, 1, 0, 1, 0, 0
22174, 2, 6, 3, 3, 2, 0
33423, 0, 4, 4, 0, 0, 0
37904, 3, 4, 0, 4, 1, 2
72761, 1, 2, 1, 1, 1, 0
83845, 0, 1, 0, 1, 0, 0
93278, 0, 1, 0, 1, 0, 0
94140, 1, 1, 1, 0, 1, 0
100663, 4, 1, 0, 1, 3, 1
113289, 1, 1, 1, 0, 1, 0
113290, 3, 1, 1, 0, 3, 0
126691, 0, 1, 1, 0, 0, 0
35755, 1, 1, 1, 0, 1, 0
46926, 1, 1, 1, 0, 1, 0
102429, 1, 1, 1, 0, 1, 0
111914, 2, 4, 4, 0, 2, 0
113969, 1, 1, 1, 0, 1, 0
10725, 0, 1, 1, 0, 0, 0
117218, 0, 1, 1, 0, 0, 0
17966, 13, 10, 10, 0, 10, 3
17623, 9, 1, 1, 0, 9, 0
21531, 12, 7, 6, 1, 12, 0
23425, 11, 8, 8, 0, 11, 0
33007, 2, 2, 2, 0, 2, 0
33771, 13, 5, 3, 2, 13, 0
52674, 7, 4, 4, 0, 4, 3
21944, 1, 2, 2, 0, 1, 0
5660, 4, 3, 2, 1, 1, 3
9700, 2, 2, 2, 0, 2, 0
8784, 3, 1, 1, 0, 3, 0
7824, 1, 1, 0, 1, 1, 0
11383, 22, 7, 6, 1, 17, 5
101121, 1, 4, 3, 1, 1, 0
101296, 7, 1, 0, 1, 7, 0
118464, 7, 10, 9, 1, 7, 0
120059, 2, 7, 7, 0, 2, 0
9276, 21, 15, 15, 0, 18, 3
9278, 2, 2, 2, 0, 2, 0
9280, 0, 1, 1, 0, 0, 0
9281, 0, 1, 1, 0, 0, 0
24666, 0, 3, 3, 0, 0, 0
93606, 1, 1, 1, 0, 1, 0
7146, 1, 1, 1, 0, 1, 0
15872, 4, 4, 4, 0, 4, 0
16831, 3, 2, 2, 0, 3, 0
15324, 0, 2, 1, 1, 0, 0
16385, 8, 7, 7, 0, 6, 2
23233, 3, 5, 4, 1, 3, 0
24471, 3, 7, 6, 1, 3, 0
28777, 7, 5, 5, 0, 7, 0
30184, 0, 3, 3, 0, 0, 0
30987, 6, 5, 5, 0, 6, 0
43565, 2, 2, 2, 0, 2, 0
46854, 2, 2, 2, 0, 2, 0
48022, 4, 9, 8, 1, 4, 0
49087, 3, 10, 9, 1, 3, 0
49393, 1, 4, 0, 4, 0, 1
50249, 2, 1, 1, 0, 2, 0
50450, 1, 1, 1, 0, 0, 1
50731, 2, 4, 4, 0, 2, 0
50811, 1, 3, 3, 0, 1, 0
51168, 24, 17, 16, 1, 24, 0
52292, 2, 9, 8, 1, 2, 0
53105, 1, 2, 2, 0, 1, 0
53161, 1, 2, 2, 0, 1, 0
53683, 0, 2, 2, 0, 0, 0
55865, 4, 6, 6, 0, 4, 0
57008, 11, 7, 5, 2, 7, 4
57398, 4, 5, 5, 0, 4, 0
65372, 1, 3, 3, 0, 1, 0
66694, 0, 3, 3, 0, 0, 0
67997, 1, 3, 3, 0, 1, 0
68309, 3, 2, 2, 0, 3, 0
69786, 0, 4, 4, 0, 0, 0
70535, 7, 5, 5, 0, 7, 0
72710, 0, 2, 2, 0, 0, 0
74822, 1, 1, 1, 0, 1, 0
74991, 7, 5, 5, 0, 6, 1
76201, 1, 2, 2, 0, 1, 0
76765, 1, 2, 2, 0, 1, 0
77110, 1, 3, 3, 0, 1, 0
77826, 0, 1, 1, 0, 0, 0
77827, 1, 3, 3, 0, 1, 0
77828, 0, 1, 1, 0, 0, 0
77829, 0, 1, 1, 0, 0, 0
77830, 0, 1, 0, 1, 0, 0
77831, 0, 1, 1, 0, 0, 0
77832, 0, 1, 1, 0, 0, 0
77833, 0, 1, 1, 0, 0, 0
77834, 4, 3, 3, 0, 4, 0
77835, 0, 1, 1, 0, 0, 0
77836, 0, 1, 1, 0, 0, 0
77838, 0, 1, 1, 0, 0, 0
77839, 0, 1, 1, 0, 0, 0
77840, 0, 1, 1, 0, 0, 0
77841, 0, 1, 1, 0, 0, 0
77842, 0, 1, 1, 0, 0, 0
77844, 0, 1, 1, 0, 0, 0
77845, 0, 1, 1, 0, 0, 0
77846, 0, 1, 1, 0, 0, 0
77848, 0, 1, 1, 0, 0, 0
77849, 0, 1, 1, 0, 0, 0
107117, 1, 1, 1, 0, 1, 0
108558, 0, 1, 1, 0, 0, 0
94354, 0, 1, 1, 0, 0, 0
12435, 1, 2, 2, 0, 1, 0
24944, 0, 4, 0, 4, 0, 0
44551, 3, 4, 3, 1, 1, 2
48570, 2, 6, 2, 4, 2, 0
48571, 2, 6, 2, 4, 2, 0
76861, 0, 2, 0, 2, 0, 0
93002, 0, 1, 0, 1, 0, 0
48220, 18, 5, 4, 1, 18, 0
95306, 0, 1, 1, 0, 0, 0
16141, 2, 2, 2, 0, 2, 0
16142, 4, 4, 4, 0, 4, 0
116447, 1, 1, 1, 0, 1, 0
93597, 1, 2, 2, 0, 1, 0
14708, 2, 6, 6, 0, 2, 0
23651, 11, 7, 6, 1, 9, 2
34604, 6, 3, 3, 0, 6, 0
37609, 11, 15, 13, 2, 11, 0
39140, 19, 10, 9, 1, 18, 1
40439, 9, 2, 2, 0, 9, 0
75741, 0, 1, 1, 0, 0, 0
29005, 29, 40, 40, 0, 28, 1
56970, 15, 16, 16, 0, 15, 0
58437, 8, 37, 37, 0, 8, 0
87036, 0, 2, 1, 1, 0, 0
87037, 0, 1, 0, 1, 0, 0
13605, 8, 8, 8, 0, 8, 0
17631, 0, 8, 7, 1, 0, 0
18114, 6, 8, 8, 0, 6, 0
21757, 5, 2, 1, 1, 5, 0
39252, 21, 11, 9, 2, 16, 5
60088, 13, 7, 7, 0, 13, 0
69584, 3, 8, 8, 0, 3, 0
72685, 4, 3, 3, 0, 4, 0
80639, 1, 6, 6, 0, 1, 0
81914, 4, 2, 2, 0, 4, 0
86380, 0, 1, 1, 0, 0, 0
86381, 0, 1, 1, 0, 0, 0
86382, 0, 1, 1, 0, 0, 0
86383, 5, 3, 3, 0, 5, 0
86384, 0, 1, 1, 0, 0, 0
100894, 0, 1, 1, 0, 0, 0
36796, 3, 5, 4, 1, 3, 0
47977, 11, 6, 6, 0, 11, 0
94188, 0, 1, 1, 0, 0, 0
94310, 0, 1, 1, 0, 0, 0
95073, 0, 1, 1, 0, 0, 0
102804, 1, 2, 2, 0, 1, 0
17661, 6, 4, 3, 1, 5, 1
13862, 2, 1, 1, 0, 2, 0
13865, 0, 1, 1, 0, 0, 0
13866, 0, 2, 2, 0, 0, 0
13867, 1, 2, 2, 0, 1, 0
110925, 0, 3, 0, 3, 0, 0
9378, 2, 2, 1, 1, 2, 0
21882, 0, 1, 1, 0, 0, 0
21883, 0, 1, 1, 0, 0, 0
21884, 30, 1, 1, 0, 28, 2
94116, 1, 2, 2, 0, 1, 0
101843, 2, 2, 2, 0, 2, 0
16803, 19, 9, 9, 0, 19, 0
22306, 14, 8, 7, 1, 13, 1
25600, 3, 8, 2, 6, 2, 1
27770, 36, 8, 8, 0, 33, 3
28743, 12, 7, 4, 3, 10, 2
31324, 14, 7, 7, 0, 14, 0
35003, 6, 6, 6, 0, 6, 0
37322, 9, 8, 8, 0, 9, 0
37323, 3, 3, 3, 0, 3, 0
49501, 0, 3, 0, 3, 0, 0
49502, 14, 5, 5, 0, 14, 0
49504, 0, 1, 0, 1, 0, 0
11013, 4, 5, 5, 0, 4, 0
11528, 3, 3, 3, 0, 3, 0
11529, 3, 2, 2, 0, 3, 0
13853, 4, 8, 8, 0, 3, 1
101059, 4, 1, 1, 0, 4, 0
102869, 0, 2, 2, 0, 0, 0
42751, 3, 4, 4, 0, 3, 0
81429, 1, 1, 1, 0, 1, 0
82881, 0, 1, 1, 0, 0, 0
13812, 17, 10, 9, 1, 17, 0
23542, 6, 3, 3, 0, 6, 0
32659, 0, 4, 4, 0, 0, 0
37801, 5, 6, 6, 0, 5, 0
42352, 3, 3, 3, 0, 3, 0
74233, 2, 1, 1, 0, 2, 0
93451, 0, 1, 1, 0, 0, 0
93737, 2, 1, 1, 0, 2, 0
94922, 0, 1, 1, 0, 0, 0
95071, 4, 1, 1, 0, 4, 0
95671, 2, 1, 1, 0, 2, 0
104576, 5, 1, 1, 0, 5, 0
106963, 3, 2, 1, 1, 3, 0
9561, 7, 2, 2, 0, 7, 0
25287, 4, 7, 6, 1, 4, 0
18807, 0, 5, 5, 0, 0, 0
15037, 2, 3, 3, 0, 2, 0
17598, 0, 5, 3, 2, 0, 0
19893, 26, 9, 9, 0, 24, 2
19894, 0, 2, 2, 0, 0, 0
19895, 0, 5, 5, 0, 0, 0
22767, 0, 7, 6, 1, 0, 0
23618, 1, 6, 6, 0, 0, 1
24369, 4, 6, 6, 0, 4, 0
24740, 8, 10, 10, 0, 6, 2
25316, 1, 1, 1, 0, 1, 0
27861, 2, 1, 1, 0, 2, 0
32520, 0, 2, 1, 1, 0, 0
33864, 1, 1, 1, 0, 0, 1
34704, 1, 1, 1, 0, 1, 0
34954, 5, 3, 2, 1, 3, 2
35036, 26, 23, 23, 0, 22, 4
35037, 3, 3, 3, 0, 3, 0
35041, 1, 3, 3, 0, 1, 0
35042, 0, 2, 2, 0, 0, 0
35043, 0, 1, 1, 0, 0, 0
35044, 0, 1, 1, 0, 0, 0
35045, 0, 1, 1, 0, 0, 0
35046, 0, 1, 1, 0, 0, 0
35047, 0, 2, 2, 0, 0, 0
35050, 0, 1, 1, 0, 0, 0
35051, 0, 1, 1, 0, 0, 0
35052, 0, 4, 3, 1, 0, 0
35053, 8, 10, 10, 0, 8, 0
35054, 2, 4, 2, 2, 2, 0
35055, 0, 3, 3, 0, 0, 0
35056, 1, 5, 5, 0, 1, 0
35057, 0, 1, 1, 0, 0, 0
35058, 0, 1, 1, 0, 0, 0
35059, 3, 10, 10, 0, 3, 0
35060, 0, 9, 8, 1, 0, 0
35061, 4, 2, 2, 0, 4, 0
35062, 1, 3, 3, 0, 1, 0
35063, 0, 2, 2, 0, 0, 0
35064, 0, 1, 1, 0, 0, 0
35065, 4, 5, 5, 0, 4, 0
35066, 1, 1, 1, 0, 1, 0
35067, 0, 1, 1, 0, 0, 0
35068, 0, 3, 3, 0, 0, 0
35069, 8, 1, 1, 0, 8, 0
35070, 0, 2, 2, 0, 0, 0
35071, 5, 4, 2, 2, 4, 1
35072, 0, 1, 1, 0, 0, 0
35073, 0, 1, 1, 0, 0, 0
35074, 1, 1, 1, 0, 1, 0
35075, 1, 2, 2, 0, 1, 0
35076, 0, 2, 2, 0, 0, 0
35078, 2, 2, 2, 0, 2, 0
35079, 0, 2, 2, 0, 0, 0
35080, 0, 1, 1, 0, 0, 0
35081, 3, 7, 7, 0, 2, 1
6790, 1, 1, 0, 1, 1, 0
40602, 28, 12, 11, 1, 28, 0
8314, 3, 10, 8, 2, 0, 3
94038, 1, 5, 5, 0, 1, 0
98821, 0, 2, 2, 0, 0, 0
117997, 1, 1, 1, 0, 1, 0
40932, 5, 2, 2, 0, 5, 0
36638, 0, 3, 0, 3, 0, 0
99684, 9, 5, 2, 3, 6, 3
7636, 0, 4, 1, 3, 0, 0
7637, 5, 6, 6, 0, 5, 0
7638, 5, 3, 3, 0, 5, 0
7640, 5, 6, 6, 0, 5, 0
26163, 2, 11, 11, 0, 2, 0
10477, 3, 5, 5, 0, 3, 0
5818, 3, 1, 1, 0, 3, 0
20777, 3, 1, 1, 0, 3, 0
54917, 21, 21, 21, 0, 21, 0
66553, 1, 3, 3, 0, 1, 0
67022, 0, 2, 2, 0, 0, 0
105864, 3, 2, 2, 0, 3, 0
57983, 1, 1, 1, 0, 1, 0
6001, 1, 1, 0, 1, 0, 1
25060, 2, 1, 0, 1, 2, 0
36028, 3, 2, 1, 1, 1, 2
47305, 71, 19, 16, 3, 43, 28
51849, 6, 1, 0, 1, 5, 1
62303, 11, 15, 13, 2, 11, 0
92394, 0, 1, 0, 1, 0, 0
25827, 0, 3, 0, 3, 0, 0
25828, 0, 1, 0, 1, 0, 0
25830, 0, 2, 0, 2, 0, 0
25831, 0, 1, 1, 0, 0, 0
24843, 1, 1, 0, 1, 1, 0
24844, 1, 1, 0, 1, 1, 0
24845, 1, 1, 0, 1, 1, 0
24846, 1, 1, 0, 1, 1, 0
25941, 1, 1, 1, 0, 1, 0
29519, 2, 2, 0, 2, 2, 0
36497, 0, 1, 0, 1, 0, 0
36498, 1, 2, 0, 2, 0, 1
36501, 1, 3, 0, 3, 0, 1
36503, 0, 1, 0, 1, 0, 0
36505, 0, 1, 0, 1, 0, 0
41966, 0, 3, 1, 2, 0, 0
44836, 1, 1, 0, 1, 1, 0
61843, 14, 7, 7, 0, 14, 0
67688, 0, 1, 1, 0, 0, 0
67689, 0, 1, 0, 1, 0, 0
10800, 3, 1, 1, 0, 3, 0
13241, 13, 4, 4, 0, 13, 0
29925, 8, 58, 58, 0, 8, 0
20204, 1, 1, 1, 0, 1, 0
22337, 3, 7, 7, 0, 3, 0
52111, 1, 6, 6, 0, 1, 0
68382, 0, 2, 1, 1, 0, 0
68383, 2, 3, 3, 0, 2, 0
71739, 3, 2, 2, 0, 3, 0
95350, 2, 5, 2, 3, 2, 0
97202, 5, 1, 1, 0, 5, 0
111755, 0, 2, 2, 0, 0, 0
111850, 0, 1, 1, 0, 0, 0
63328, 5, 6, 5, 1, 5, 0
63329, 5, 6, 5, 1, 5, 0
63330, 5, 6, 5, 1, 5, 0
92623, 0, 1, 0, 1, 0, 0
92624, 0, 1, 0, 1, 0, 0
5824, 2, 3, 3, 0, 2, 0
5884, 5, 2, 2, 0, 5, 0
6504, 9, 5, 5, 0, 9, 0
13820, 4, 2, 2, 0, 4, 0
17144, 5, 2, 2, 0, 5, 0
17475, 1, 1, 1, 0, 1, 0
20469, 6, 6, 6, 0, 6, 0
24363, 1, 1, 1, 0, 1, 0
24759, 1, 3, 3, 0, 1, 0
29525, 10, 2, 2, 0, 10, 0
36398, 6, 3, 3, 0, 6, 0
41735, 1, 1, 1, 0, 1, 0
80727, 0, 4, 4, 0, 0, 0
90704, 5, 4, 4, 0, 5, 0
92124, 0, 2, 2, 0, 0, 0
92125, 0, 1, 1, 0, 0, 0
92126, 0, 1, 1, 0, 0, 0
92127, 0, 1, 1, 0, 0, 0
92128, 0, 1, 1, 0, 0, 0
92129, 0, 1, 1, 0, 0, 0
92130, 0, 1, 1, 0, 0, 0
92131, 0, 1, 1, 0, 0, 0
92132, 0, 2, 1, 1, 0, 0
92133, 0, 1, 1, 0, 0, 0
92134, 0, 1, 1, 0, 0, 0
23220, 4, 3, 2, 1, 4, 0
32667, 2, 3, 1, 2, 2, 0
35763, 1, 2, 0, 2, 1, 0
47150, 21, 10, 9, 1, 17, 4
68826, 0, 2, 0, 2, 0, 0
92912, 0, 2, 0, 2, 0, 0
92913, 0, 1, 0, 1, 0, 0
92914, 0, 1, 0, 1, 0, 0
92915, 0, 1, 0, 1, 0, 0
92916, 0, 1, 0, 1, 0, 0
92917, 0, 1, 0, 1, 0, 0
92918, 0, 1, 0, 1, 0, 0
92919, 0, 1, 0, 1, 0, 0
124665, 2, 3, 3, 0, 2, 0
129492, 0, 2, 2, 0, 0, 0
20276, 0, 3, 0, 3, 0, 0
124124, 0, 3, 3, 0, 0, 0
5948, 0, 4, 4, 0, 0, 0
10229, 2, 2, 2, 0, 2, 0
10230, 2, 2, 2, 0, 2, 0
10037, 0, 1, 0, 1, 0, 0
33034, 0, 2, 2, 0, 0, 0
77435, 1, 1, 1, 0, 1, 0
131466, 0, 1, 1, 0, 0, 0
25342, 1, 1, 1, 0, 1, 0
16952, 9, 8, 7, 1, 9, 0
17198, 2, 4, 4, 0, 2, 0
15167, 0, 5, 0, 5, 0, 0
27153, 0, 4, 0, 4, 0, 0
40929, 1, 5, 0, 5, 1, 0
49578, 0, 4, 0, 4, 0, 0
58852, 0, 6, 0, 6, 0, 0
58859, 1, 10, 2, 8, 1, 0
60798, 0, 8, 0, 8, 0, 0
71645, 0, 6, 0, 6, 0, 0
71665, 0, 4, 0, 4, 0, 0
82038, 0, 1, 0, 1, 0, 0
82039, 0, 1, 0, 1, 0, 0
82040, 0, 1, 0, 1, 0, 0
100662, 8, 4, 4, 0, 7, 1
109295, 9, 2, 2, 0, 9, 0
110102, 0, 1, 1, 0, 0, 0
27344, 5, 2, 2, 0, 5, 0
16856, 5, 5, 5, 0, 5, 0
20188, 13, 16, 16, 0, 13, 0
21155, 12, 34, 34, 0, 12, 0
30193, 4, 5, 5, 0, 4, 0
37668, 9, 5, 4, 1, 9, 0
40533, 25, 21, 21, 0, 25, 0
49381, 16, 13, 7, 6, 16, 0
50527, 6, 15, 15, 0, 4, 2
51631, 3, 5, 5, 0, 3, 0
53318, 1, 1, 1, 0, 1, 0
60064, 5, 8, 8, 0, 5, 0
65049, 70, 23, 23, 0, 70, 0
65051, 25, 16, 15, 1, 25, 0
68534, 15, 11, 11, 0, 15, 0
69168, 2, 5, 5, 0, 2, 0
70287, 0, 2, 2, 0, 0, 0
71476, 1, 2, 2, 0, 1, 0
71941, 1, 9, 9, 0, 1, 0
73712, 3, 6, 5, 1, 2, 1
83671, 0, 1, 1, 0, 0, 0
83672, 0, 1, 1, 0, 0, 0
83673, 0, 1, 1, 0, 0, 0
25227, 0, 3, 0, 3, 0, 0
37072, 0, 2, 0, 2, 0, 0
38402, 1, 7, 3, 4, 1, 0
40032, 2, 4, 0, 4, 1, 1
64870, 0, 4, 2, 2, 0, 0
66513, 47, 19, 19, 0, 46, 1
10579, 1, 2, 2, 0, 1, 0
19356, 1, 1, 1, 0, 1, 0
26486, 1, 1, 1, 0, 1, 0
40494, 2, 1, 1, 0, 2, 0
40495, 0, 2, 2, 0, 0, 0
56086, 1, 1, 1, 0, 1, 0
57345, 1, 1, 1, 0, 1, 0
58267, 2, 8, 8, 0, 2, 0
68998, 1, 1, 1, 0, 1, 0
72687, 1, 1, 1, 0, 1, 0
73831, 2, 2, 2, 0, 2, 0
75238, 1, 1, 1, 0, 1, 0
77889, 1, 2, 2, 0, 1, 0
78605, 1, 3, 3, 0, 1, 0
78702, 1, 1, 1, 0, 1, 0
81093, 1, 1, 1, 0, 1, 0
82984, 1, 1, 1, 0, 1, 0
83151, 0, 1, 1, 0, 0, 0
104427, 1, 1, 1, 0, 1, 0
106482, 1, 1, 1, 0, 1, 0
114498, 0, 1, 1, 0, 0, 0
28152, 6, 9, 4, 5, 6, 0
43899, 8, 2, 2, 0, 7, 1
57990, 3, 1, 1, 0, 3, 0
57991, 2, 4, 3, 1, 0, 2
73808, 0, 2, 0, 2, 0, 0
73809, 2, 1, 1, 0, 2, 0
103167, 0, 3, 2, 1, 0, 0
55213, 0, 1, 1, 0, 0, 0
55214, 0, 1, 1, 0, 0, 0
55215, 0, 1, 1, 0, 0, 0
14516, 9, 1, 1, 0, 9, 0
27438, 2, 2, 2, 0, 2, 0
30354, 13, 1, 1, 0, 12, 1
32387, 9, 3, 3, 0, 6, 3
33071, 6, 8, 5, 3, 6, 0
41581, 2, 9, 9, 0, 2, 0
48076, 2, 1, 0, 1, 2, 0
52884, 0, 2, 2, 0, 0, 0
58778, 2, 7, 6, 1, 2, 0
60793, 0, 5, 0, 5, 0, 0
62989, 7, 17, 17, 0, 7, 0
70460, 0, 3, 0, 3, 0, 0
74511, 0, 1, 1, 0, 0, 0
74512, 0, 3, 0, 3, 0, 0
74513, 0, 1, 1, 0, 0, 0
30999, 4, 9, 6, 3, 2, 2
96226, 1, 6, 5, 1, 1, 0
108981, 12, 4, 3, 1, 5, 7
118226, 0, 1, 0, 1, 0, 0
52393, 0, 1, 1, 0, 0, 0
52394, 0, 1, 1, 0, 0, 0
22223, 2, 4, 4, 0, 2, 0
26508, 3, 1, 1, 0, 3, 0
27213, 53, 5, 5, 0, 53, 0
36708, 1, 5, 5, 0, 0, 1
50171, 2, 15, 15, 0, 2, 0
69751, 1, 2, 2, 0, 1, 0
92879, 0, 1, 1, 0, 0, 0
92880, 0, 1, 1, 0, 0, 0
109651, 1, 2, 2, 0, 1, 0
131191, 1, 1, 1, 0, 1, 0
131610, 0, 1, 1, 0, 0, 0
34607, 1, 2, 2, 0, 1, 0
43390, 0, 3, 3, 0, 0, 0
113851, 0, 1, 1, 0, 0, 0
116849, 1, 1, 1, 0, 1, 0
122838, 0, 1, 1, 0, 0, 0
19391, 4, 2, 2, 0, 1, 3
100957, 0, 2, 2, 0, 0, 0
103239, 1, 1, 1, 0, 1, 0
103898, 1, 3, 3, 0, 1, 0
12378, 2, 3, 3, 0, 2, 0
46386, 4, 1, 1, 0, 3, 1
98884, 2, 1, 1, 0, 2, 0
12765, 1, 2, 1, 1, 1, 0
115401, 3, 2, 2, 0, 3, 0
115606, 0, 1, 1, 0, 0, 0
115699, 0, 1, 1, 0, 0, 0
35186, 6, 2, 1, 1, 6, 0
41737, 1, 2, 1, 1, 1, 0
47128, 7, 5, 5, 0, 7, 0
47130, 20, 10, 9, 1, 12, 8
49708, 4, 2, 2, 0, 4, 0
56428, 1, 3, 3, 0, 1, 0
57302, 1, 2, 2, 0, 1, 0
57808, 6, 4, 4, 0, 6, 0
69747, 2, 2, 2, 0, 2, 0
69748, 0, 1, 1, 0, 0, 0
69749, 2, 3, 3, 0, 2, 0
69750, 1, 7, 7, 0, 1, 0
104714, 40, 7, 7, 0, 40, 0
30683, 1, 1, 1, 0, 1, 0
95575, 0, 1, 1, 0, 0, 0
123710, 1, 1, 0, 1, 1, 0
124998, 10, 3, 1, 2, 9, 1
127385, 0, 1, 0, 1, 0, 0
127637, 1, 1, 0, 1, 1, 0
128085, 0, 2, 0, 2, 0, 0
128280, 0, 1, 0, 1, 0, 0
128639, 1, 2, 0, 2, 1, 0
129459, 0, 1, 0, 1, 0, 0
129922, 0, 1, 0, 1, 0, 0
48371, 5, 2, 2, 0, 5, 0
79011, 1, 1, 1, 0, 1, 0
40538, 2, 6, 6, 0, 2, 0
40539, 23, 5, 5, 0, 23, 0
62060, 0, 1, 1, 0, 0, 0
25144, 5, 3, 2, 1, 5, 0
28952, 7, 8, 7, 1, 7, 0
40839, 1, 1, 1, 0, 1, 0
40840, 1, 4, 3, 1, 1, 0
40841, 0, 1, 1, 0, 0, 0
40843, 0, 1, 0, 1, 0, 0
99697, 0, 1, 1, 0, 0, 0
11248, 2, 2, 2, 0, 2, 0
28795, 0, 2, 2, 0, 0, 0
28998, 2, 2, 2, 0, 1, 1
28999, 1, 2, 2, 0, 0, 1
10830, 0, 2, 1, 1, 0, 0
10831, 13, 11, 11, 0, 13, 0
10832, 0, 1, 1, 0, 0, 0
10833, 0, 1, 0, 1, 0, 0
45752, 1, 2, 2, 0, 1, 0
66414, 13, 5, 5, 0, 12, 1
71139, 7, 4, 4, 0, 7, 0
77153, 4, 1, 1, 0, 4, 0
82513, 0, 1, 1, 0, 0, 0
61630, 3, 4, 4, 0, 3, 0
83090, 0, 2, 2, 0, 0, 0
59632, 2, 2, 2, 0, 2, 0
62742, 3, 2, 1, 1, 3, 0
62743, 0, 1, 0, 1, 0, 0
62744, 2, 2, 1, 1, 2, 0
104044, 2, 3, 3, 0, 2, 0
11386, 1, 1, 1, 0, 1, 0
41052, 4, 2, 2, 0, 4, 0
53230, 42, 13, 13, 0, 41, 1
53231, 2, 32, 29, 3, 2, 0
77186, 0, 4, 4, 0, 0, 0
5798, 12, 5, 5, 0, 11, 1
22072, 7, 20, 20, 0, 7, 0
22073, 9, 18, 18, 0, 9, 0
28343, 2, 7, 7, 0, 2, 0
30855, 17, 11, 11, 0, 17, 0
33890, 20, 15, 15, 0, 20, 0
35192, 1, 2, 1, 1, 1, 0
37168, 0, 7, 0, 7, 0, 0
42359, 0, 3, 3, 0, 0, 0
45324, 30, 13, 12, 1, 30, 0
46492, 22, 14, 14, 0, 22, 0
47278, 12, 18, 18, 0, 12, 0
47698, 0, 5, 2, 3, 0, 0
50588, 2, 1, 0, 1, 0, 2
52777, 0, 12, 12, 0, 0, 0
59806, 0, 3, 0, 3, 0, 0
60352, 5, 9, 9, 0, 5, 0
63755, 12, 11, 11, 0, 12, 0
65605, 10, 8, 8, 0, 10, 0
70032, 3, 11, 11, 0, 3, 0
70170, 27, 15, 15, 0, 27, 0
70867, 6, 11, 11, 0, 6, 0
71582, 2, 6, 6, 0, 2, 0
72955, 0, 2, 0, 2, 0, 0
74543, 1, 6, 6, 0, 1, 0
74982, 7, 9, 9, 0, 7, 0
76545, 1, 2, 2, 0, 1, 0
83685, 0, 1, 1, 0, 0, 0
83686, 5, 1, 1, 0, 5, 0
83687, 0, 1, 1, 0, 0, 0
83690, 0, 1, 0, 1, 0, 0
83692, 0, 1, 0, 1, 0, 0
83693, 0, 1, 0, 1, 0, 0
22841, 1, 7, 7, 0, 1, 0
53919, 5, 4, 3, 1, 5, 0
100980, 1, 1, 1, 0, 1, 0
15689, 5, 4, 4, 0, 5, 0
17790, 3, 5, 5, 0, 3, 0
33306, 13, 9, 8, 1, 11, 2
62641, 0, 1, 1, 0, 0, 0
28137, 0, 1, 1, 0, 0, 0
63380, 1, 3, 3, 0, 1, 0
20847, 3, 16, 6, 10, 3, 0
78470, 136, 11, 11, 0, 136, 0
29115, 5, 2, 2, 0, 4, 1
20515, 1, 2, 2, 0, 1, 0
20517, 2, 7, 5, 2, 1, 1
20519, 5, 2, 2, 0, 2, 3
20520, 13, 4, 4, 0, 12, 1
20521, 0, 1, 1, 0, 0, 0
20522, 0, 1, 1, 0, 0, 0
20526, 0, 1, 1, 0, 0, 0
113769, 4, 2, 1, 1, 4, 0
116877, 0, 1, 0, 1, 0, 0
19979, 6, 5, 5, 0, 6, 0
18706, 2, 5, 4, 1, 2, 0
45110, 8, 6, 6, 0, 8, 0
6518, 3, 5, 5, 0, 3, 0
50697, 8, 5, 5, 0, 8, 0
110737, 3, 6, 6, 0, 3, 0
37238, 1, 3, 3, 0, 1, 0
23796, 0, 3, 1, 2, 0, 0
41930, 0, 2, 1, 1, 0, 0
49631, 0, 2, 1, 1, 0, 0
49632, 0, 3, 0, 3, 0, 0
23882, 1, 2, 2, 0, 1, 0
5370, 3, 1, 1, 0, 3, 0
26031, 44, 24, 22, 2, 42, 2
30560, 1, 1, 1, 0, 1, 0
59217, 0, 1, 0, 1, 0, 0
59218, 0, 1, 0, 1, 0, 0
7851, 1, 2, 2, 0, 1, 0
30175, 30, 4, 4, 0, 29, 1
37577, 3, 3, 3, 0, 3, 0
41354, 0, 1, 0, 1, 0, 0
41355, 0, 1, 0, 1, 0, 0
41356, 0, 1, 0, 1, 0, 0
41357, 0, 1, 0, 1, 0, 0
41358, 0, 1, 0, 1, 0, 0
47179, 1, 2, 1, 1, 1, 0
60936, 4, 1, 0, 1, 4, 0
66268, 12, 3, 3, 0, 12, 0
106794, 3, 2, 2, 0, 3, 0
115055, 0, 1, 0, 1, 0, 0
115056, 0, 1, 0, 1, 0, 0
115057, 0, 1, 0, 1, 0, 0
115058, 0, 1, 0, 1, 0, 0
115059, 0, 1, 0, 1, 0, 0
10473, 1, 1, 1, 0, 1, 0
96323, 3, 1, 1, 0, 3, 0
40802, 0, 1, 1, 0, 0, 0
11045, 1, 6, 5, 1, 0, 1
38443, 0, 3, 2, 1, 0, 0
91401, 0, 1, 1, 0, 0, 0
58265, 12, 15, 13, 2, 11, 1
72926, 0, 1, 1, 0, 0, 0
72927, 0, 1, 1, 0, 0, 0
72928, 0, 1, 1, 0, 0, 0
72929, 0, 1, 1, 0, 0, 0
72930, 0, 1, 1, 0, 0, 0
17300, 1, 2, 2, 0, 1, 0
21356, 48, 11, 10, 1, 47, 1
21700, 1, 4, 3, 1, 1, 0
23628, 2, 4, 3, 1, 2, 0
28513, 12, 13, 12, 1, 12, 0
34609, 10, 7, 6, 1, 10, 0
41268, 1, 7, 6, 1, 1, 0
50714, 1, 2, 2, 0, 1, 0
53055, 40, 11, 9, 2, 40, 0
53397, 2, 3, 3, 0, 2, 0
53519, 7, 3, 3, 0, 7, 0
57908, 8, 5, 5, 0, 8, 0
58378, 6, 2, 2, 0, 6, 0
58938, 1, 1, 1, 0, 1, 0
60673, 9, 9, 9, 0, 9, 0
61281, 1, 3, 3, 0, 1, 0
61428, 3, 5, 4, 1, 2, 1
64922, 1, 22, 21, 1, 1, 0
66370, 0, 2, 2, 0, 0, 0
66371, 1, 1, 1, 0, 1, 0
66372, 0, 1, 1, 0, 0, 0
66373, 0, 1, 1, 0, 0, 0
66375, 0, 1, 1, 0, 0, 0
66376, 0, 3, 2, 1, 0, 0
66377, 0, 1, 1, 0, 0, 0
66378, 1, 1, 0, 1, 1, 0
46719, 0, 1, 0, 1, 0, 0
11317, 1, 2, 2, 0, 1, 0
43032, 7, 2, 2, 0, 5, 2
108721, 3, 1, 1, 0, 3, 0
12539, 2, 3, 3, 0, 2, 0
15542, 2, 1, 1, 0, 2, 0
31684, 0, 2, 2, 0, 0, 0
63433, 14, 16, 16, 0, 14, 0
16186, 3, 3, 3, 0, 2, 1
17155, 1, 1, 1, 0, 1, 0
26856, 4, 3, 3, 0, 4, 0
49835, 0, 1, 1, 0, 0, 0
36111, 0, 3, 0, 3, 0, 0
85069, 0, 1, 0, 1, 0, 0
31271, 13, 2, 2, 0, 13, 0
116629, 1, 1, 1, 0, 1, 0
31237, 2, 1, 0, 1, 2, 0
103090, 0, 2, 0, 2, 0, 0
127444, 0, 1, 0, 1, 0, 0
129742, 1, 1, 0, 1, 0, 1
50738, 0, 5, 0, 5, 0, 0
50740, 0, 3, 0, 3, 0, 0
50743, 0, 2, 0, 2, 0, 0
50744, 0, 1, 0, 1, 0, 0
26320, 5, 4, 1, 3, 4, 1
80812, 4, 3, 2, 1, 4, 0
94523, 1, 7, 4, 3, 1, 0
96310, 0, 1, 0, 1, 0, 0
96412, 0, 4, 3, 1, 0, 0
96501, 1, 2, 1, 1, 1, 0
100588, 0, 1, 0, 1, 0, 0
101630, 1, 1, 0, 1, 1, 0
101962, 6, 6, 5, 1, 6, 0
111753, 1, 2, 0, 2, 1, 0
111754, 1, 16, 13, 3, 1, 0
111760, 1, 3, 1, 2, 1, 0
114110, 0, 2, 0, 2, 0, 0
114770, 0, 1, 0, 1, 0, 0
23845, 0, 2, 0, 2, 0, 0
23846, 20, 17, 17, 0, 20, 0
9884, 1, 2, 2, 0, 0, 1
13380, 0, 2, 1, 1, 0, 0
15300, 1, 5, 4, 1, 0, 1
17021, 0, 4, 0, 4, 0, 0
17857, 1, 2, 2, 0, 1, 0
17908, 0, 6, 0, 6, 0, 0
17910, 0, 4, 0, 4, 0, 0
17911, 0, 3, 0, 3, 0, 0
17914, 0, 3, 0, 3, 0, 0
23942, 1, 2, 0, 2, 1, 0
28583, 0, 3, 0, 3, 0, 0
28610, 0, 2, 0, 2, 0, 0
32101, 2, 1, 1, 0, 1, 1
39994, 2, 4, 2, 2, 2, 0
42073, 0, 4, 0, 4, 0, 0
42934, 1, 2, 2, 0, 1, 0
44311, 0, 3, 0, 3, 0, 0
46569, 0, 2, 1, 1, 0, 0
52791, 0, 3, 0, 3, 0, 0
54885, 0, 1, 0, 1, 0, 0
54887, 0, 3, 0, 3, 0, 0
54889, 0, 2, 0, 2, 0, 0
54890, 0, 1, 0, 1, 0, 0
99045, 1, 1, 0, 1, 1, 0
119969, 0, 3, 2, 1, 0, 0
120580, 0, 1, 0, 1, 0, 0
127696, 0, 3, 0, 3, 0, 0
129071, 0, 3, 3, 0, 0, 0
129382, 0, 2, 1, 1, 0, 0
131083, 0, 2, 0, 2, 0, 0
131513, 0, 1, 0, 1, 0, 0
67707, 6, 3, 2, 1, 2, 4
17577, 4, 1, 1, 0, 2, 2
37866, 0, 1, 1, 0, 0, 0
37867, 0, 1, 1, 0, 0, 0
109317, 0, 2, 0, 2, 0, 0
9162, 7, 5, 4, 1, 7, 0
97756, 5, 4, 4, 0, 5, 0
120367, 0, 2, 2, 0, 0, 0
122399, 0, 1, 0, 1, 0, 0
123141, 0, 2, 1, 1, 0, 0
123191, 2, 1, 1, 0, 2, 0
123421, 0, 1, 0, 1, 0, 0
24402, 155, 27, 25, 2, 147, 8
60481, 1, 1, 1, 0, 1, 0
115395, 10, 1, 1, 0, 10, 0
104090, 0, 1, 1, 0, 0, 0
50790, 0, 1, 1, 0, 0, 0
109647, 1, 1, 1, 0, 1, 0
115617, 7, 1, 1, 0, 7, 0
60268, 1, 2, 2, 0, 1, 0
16906, 5, 2, 2, 0, 5, 0
32872, 12, 9, 9, 0, 12, 0
35100, 1, 1, 1, 0, 1, 0
36295, 11, 4, 4, 0, 11, 0
38401, 0, 2, 2, 0, 0, 0
42403, 3, 1, 1, 0, 1, 2
44809, 17, 32, 32, 0, 17, 0
45490, 2, 2, 1, 1, 1, 1
54861, 3, 2, 2, 0, 1, 2
60035, 1, 2, 2, 0, 1, 0
66534, 2, 1, 1, 0, 2, 0
72786, 1, 9, 9, 0, 1, 0
72787, 0, 1, 1, 0, 0, 0
72788, 0, 1, 1, 0, 0, 0
72789, 0, 1, 1, 0, 0, 0
72790, 0, 1, 1, 0, 0, 0
73870, 3, 2, 2, 0, 2, 1
73871, 2, 2, 2, 0, 2, 0
75697, 8, 8, 5, 3, 2, 6
86391, 0, 1, 1, 0, 0, 0
6986, 1, 2, 2, 0, 1, 0
11695, 178, 119, 119, 0, 177, 1
11828, 0, 109, 108, 1, 0, 0
55844, 1, 1, 1, 0, 1, 0
64753, 0, 6, 6, 0, 0, 0
68218, 14, 8, 8, 0, 14, 0
19037, 0, 5, 3, 2, 0, 0
7011, 4, 3, 2, 1, 3, 1
18931, 4, 8, 8, 0, 3, 1
22364, 0, 2, 1, 1, 0, 0
26364, 3, 6, 5, 1, 3, 0
62986, 3, 1, 0, 1, 3, 0
89643, 4, 3, 0, 3, 4, 0
105263, 1, 1, 0, 1, 1, 0
106161, 5, 4, 3, 1, 5, 0
106280, 1, 1, 0, 1, 1, 0
106645, 0, 1, 0, 1, 0, 0
106714, 0, 1, 0, 1, 0, 0
107227, 0, 1, 0, 1, 0, 0
107708, 0, 1, 0, 1, 0, 0
107813, 0, 1, 0, 1, 0, 0
107826, 0, 1, 0, 1, 0, 0
107843, 0, 1, 0, 1, 0, 0
108437, 0, 1, 0, 1, 0, 0
108445, 0, 1, 0, 1, 0, 0
110615, 3, 3, 2, 1, 3, 0
113460, 0, 1, 0, 1, 0, 0
114295, 0, 1, 0, 1, 0, 0
114365, 0, 1, 0, 1, 0, 0
115815, 0, 1, 0, 1, 0, 0
121578, 0, 3, 3, 0, 0, 0
12238, 2, 2, 2, 0, 2, 0
31472, 1, 5, 2, 3, 1, 0
40445, 1, 1, 1, 0, 1, 0
78819, 1, 1, 0, 1, 1, 0
80332, 0, 2, 0, 2, 0, 0
92902, 0, 1, 0, 1, 0, 0
92903, 0, 2, 0, 2, 0, 0
92904, 0, 1, 0, 1, 0, 0
92905, 0, 1, 0, 1, 0, 0
113174, 0, 1, 1, 0, 0, 0
125933, 0, 1, 0, 1, 0, 0
54933, 1, 1, 1, 0, 1, 0
59026, 12, 5, 5, 0, 12, 0
61317, 1, 1, 1, 0, 1, 0
64678, 3, 3, 3, 0, 3, 0
96112, 1, 1, 0, 1, 1, 0
99596, 0, 1, 1, 0, 0, 0
18398, 1, 2, 2, 0, 1, 0
18399, 7, 5, 5, 0, 7, 0
18400, 0, 2, 2, 0, 0, 0
18401, 10, 4, 4, 0, 10, 0
18403, 0, 2, 2, 0, 0, 0
18404, 0, 3, 2, 1, 0, 0
17272, 1, 9, 7, 2, 1, 0
20906, 13, 15, 14, 1, 12, 1
22328, 9, 12, 12, 0, 9, 0
23015, 40, 20, 20, 0, 38, 2
25566, 1, 2, 2, 0, 1, 0
30177, 5, 9, 9, 0, 5, 0
34631, 14, 11, 10, 1, 14, 0
36645, 6, 9, 9, 0, 5, 1
36825, 2, 12, 12, 0, 2, 0
38118, 0, 4, 4, 0, 0, 0
38265, 4, 9, 9, 0, 4, 0
41132, 13, 17, 17, 0, 13, 0
44532, 17, 8, 8, 0, 17, 0
47280, 24, 12, 11, 1, 24, 0
50209, 0, 3, 1, 2, 0, 0
51064, 1, 6, 6, 0, 1, 0
51670, 37, 10, 10, 0, 32, 5
55184, 15, 19, 19, 0, 15, 0
55185, 22, 16, 16, 0, 22, 0
56229, 1, 1, 1, 0, 0, 1
58925, 14, 14, 14, 0, 14, 0
59710, 14, 15, 15, 0, 14, 0
59713, 1, 9, 9, 0, 1, 0
61123, 5, 13, 13, 0, 5, 0
63158, 0, 3, 3, 0, 0, 0
63396, 2, 3, 3, 0, 2, 0
64857, 5, 3, 3, 0, 5, 0
65010, 0, 3, 3, 0, 0, 0
68154, 25, 19, 19, 0, 25, 0
74151, 3, 3, 3, 0, 3, 0
77079, 0, 2, 2, 0, 0, 0
78640, 4, 9, 8, 1, 4, 0
80725, 2, 2, 2, 0, 1, 1
80726, 0, 1, 1, 0, 0, 0
80728, 0, 1, 0, 1, 0, 0
80729, 0, 1, 0, 1, 0, 0
117446, 5, 3, 3, 0, 5, 0
55616, 17, 29, 29, 0, 17, 0
61419, 11, 19, 19, 0, 11, 0
61420, 14, 26, 26, 0, 13, 1
63825, 16, 10, 10, 0, 16, 0
65482, 8, 7, 7, 0, 8, 0
69264, 31, 1, 1, 0, 31, 0
69350, 28, 1, 1, 0, 28, 0
69539, 28, 1, 1, 0, 28, 0
69600, 29, 1, 1, 0, 29, 0
69649, 29, 1, 1, 0, 29, 0
71262, 30, 1, 1, 0, 30, 0
71715, 10, 3, 3, 0, 10, 0
72070, 17, 6, 6, 0, 17, 0
72291, 21, 7, 7, 0, 21, 0
73920, 13, 1, 1, 0, 13, 0
77092, 16, 4, 3, 1, 16, 0
77093, 0, 1, 1, 0, 0, 0
13781, 5, 6, 5, 1, 3, 2
7790, 9, 6, 6, 0, 9, 0
7791, 3, 7, 7, 0, 3, 0
7792, 5, 7, 7, 0, 5, 0
7921, 6, 2, 2, 0, 6, 0
7923, 0, 3, 3, 0, 0, 0
66785, 0, 1, 1, 0, 0, 0
66786, 0, 1, 1, 0, 0, 0
66787, 1, 2, 2, 0, 1, 0
19289, 3, 4, 0, 4, 0, 3
9219, 1, 1, 1, 0, 1, 0
35658, 1, 1, 1, 0, 1, 0
36221, 1, 2, 2, 0, 1, 0
60881, 0, 1, 1, 0, 0, 0
24151, 1, 2, 2, 0, 1, 0
10754, 13, 2, 2, 0, 13, 0
21484, 6, 6, 6, 0, 6, 0
25805, 0, 5, 5, 0, 0, 0
94687, 0, 3, 1, 2, 0, 0
97060, 11, 6, 5, 1, 9, 2
97068, 1, 1, 1, 0, 1, 0
97528, 1, 1, 1, 0, 1, 0
117048, 3, 2, 2, 0, 1, 2
119838, 1, 2, 2, 0, 1, 0
121160, 0, 2, 2, 0, 0, 0
121218, 0, 3, 3, 0, 0, 0
30388, 1, 9, 7, 2, 1, 0
78456, 0, 3, 2, 1, 0, 0
84253, 0, 3, 3, 0, 0, 0
42149, 0, 1, 1, 0, 0, 0
16010, 3, 5, 4, 1, 3, 0
27070, 1, 2, 1, 1, 1, 0
41493, 8, 17, 6, 11, 8, 0
43239, 6, 8, 5, 3, 6, 0
45449, 0, 11, 2, 9, 0, 0
57424, 3, 2, 0, 2, 3, 0
58839, 0, 4, 0, 4, 0, 0
64888, 0, 3, 3, 0, 0, 0
66967, 0, 4, 0, 4, 0, 0
85742, 0, 2, 0, 2, 0, 0
85743, 0, 2, 0, 2, 0, 0
92645, 0, 1, 0, 1, 0, 0
92646, 0, 1, 0, 1, 0, 0
92647, 0, 1, 0, 1, 0, 0
92648, 0, 1, 0, 1, 0, 0
92649, 0, 1, 0, 1, 0, 0
92650, 0, 1, 0, 1, 0, 0
92651, 0, 1, 0, 1, 0, 0
92652, 0, 1, 0, 1, 0, 0
92653, 0, 1, 0, 1, 0, 0
92654, 0, 1, 0, 1, 0, 0
92655, 0, 1, 0, 1, 0, 0
92656, 0, 1, 0, 1, 0, 0
92657, 0, 1, 0, 1, 0, 0
92658, 0, 1, 0, 1, 0, 0
92659, 0, 1, 0, 1, 0, 0
92660, 0, 1, 0, 1, 0, 0
92661, 0, 1, 0, 1, 0, 0
92662, 0, 1, 0, 1, 0, 0
92663, 0, 1, 0, 1, 0, 0
92664, 0, 1, 0, 1, 0, 0
92665, 0, 1, 0, 1, 0, 0
92666, 0, 1, 0, 1, 0, 0
107337, 1, 1, 0, 1, 0, 1
108903, 0, 1, 0, 1, 0, 0
93209, 0, 1, 0, 1, 0, 0
39896, 1, 1, 1, 0, 1, 0
72464, 0, 4, 4, 0, 0, 0
86865, 4, 2, 2, 0, 4, 0
87025, 0, 1, 1, 0, 0, 0
87026, 0, 1, 1, 0, 0, 0
87027, 0, 1, 1, 0, 0, 0
108475, 1, 1, 1, 0, 1, 0
96741, 0, 1, 1, 0, 0, 0
47009, 7, 8, 8, 0, 7, 0
61640, 0, 2, 2, 0, 0, 0
63346, 8, 5, 5, 0, 8, 0
86573, 0, 1, 1, 0, 0, 0
11570, 3, 2, 2, 0, 3, 0
11572, 4, 4, 4, 0, 4, 0
11574, 3, 3, 0, 3, 2, 1
42171, 1, 1, 0, 1, 1, 0
61468, 4, 9, 8, 1, 4, 0
77033, 12, 1, 0, 1, 12, 0
9714, 2, 7, 7, 0, 2, 0
10958, 0, 5, 5, 0, 0, 0
27549, 6, 10, 8, 2, 2, 4
37722, 0, 1, 1, 0, 0, 0
37723, 0, 1, 0, 1, 0, 0
53908, 6, 1, 1, 0, 4, 2
95576, 2, 3, 3, 0, 2, 0
11872, 9, 68, 63, 5, 9, 0
21172, 8, 8, 8, 0, 8, 0
64808, 3, 3, 2, 1, 3, 0
40848, 7, 3, 3, 0, 7, 0
58337, 5, 5, 5, 0, 5, 0
32158, 0, 1, 1, 0, 0, 0
55983, 0, 1, 1, 0, 0, 0
58412, 4, 14, 14, 0, 4, 0
115047, 0, 1, 1, 0, 0, 0
115244, 1, 2, 1, 1, 0, 1
26858, 2, 2, 1, 1, 1, 1
126736, 0, 1, 0, 1, 0, 0
12106, 1, 1, 1, 0, 1, 0
22591, 8, 5, 5, 0, 7, 1
24248, 4, 5, 5, 0, 4, 0
54251, 261, 90, 86, 4, 261, 0
55199, 4, 1, 1, 0, 4, 0
55436, 2, 3, 3, 0, 2, 0
56409, 2, 12, 12, 0, 2, 0
56664, 0, 2, 2, 0, 0, 0
60426, 3, 40, 40, 0, 3, 0
60985, 3, 1, 1, 0, 3, 0
61584, 0, 3, 3, 0, 0, 0
64504, 19, 12, 12, 0, 19, 0
66320, 1, 8, 8, 0, 1, 0
67146, 1, 2, 2, 0, 1, 0
67369, 1, 1, 1, 0, 1, 0
67370, 0, 1, 1, 0, 0, 0
67373, 0, 1, 1, 0, 0, 0
67374, 0, 1, 1, 0, 0, 0
67375, 0, 1, 1, 0, 0, 0
67376, 22, 3, 3, 0, 22, 0
10118, 13, 10, 9, 1, 13, 0
32842, 4, 10, 8, 2, 0, 4
42305, 3, 4, 3, 1, 1, 2
45755, 14, 8, 7, 1, 14, 0
67635, 3, 5, 5, 0, 3, 0
90550, 0, 1, 1, 0, 0, 0
42065, 1, 2, 2, 0, 1, 0
43400, 3, 3, 2, 1, 3, 0
72797, 4, 11, 10, 1, 4, 0
108496, 2, 1, 1, 0, 2, 0
110829, 0, 3, 3, 0, 0, 0
110871, 0, 1, 1, 0, 0, 0
110872, 0, 1, 1, 0, 0, 0
111693, 1, 1, 1, 0, 0, 1
112014, 0, 1, 1, 0, 0, 0
112015, 0, 1, 1, 0, 0, 0
51321, 2, 2, 2, 0, 2, 0
59375, 4, 7, 7, 0, 4, 0
66340, 10, 9, 9, 0, 10, 0
22867, 11, 9, 9, 0, 11, 0
25634, 4, 8, 8, 0, 4, 0
37787, 16, 12, 3, 9, 12, 4
41894, 6, 8, 8, 0, 6, 0
42155, 5, 3, 3, 0, 5, 0
58495, 19, 16, 16, 0, 19, 0
64837, 0, 2, 2, 0, 0, 0
71114, 1, 1, 1, 0, 1, 0
74228, 0, 2, 2, 0, 0, 0
86870, 0, 1, 1, 0, 0, 0
120416, 0, 1, 0, 1, 0, 0
6150, 1, 2, 2, 0, 1, 0
11364, 1, 4, 4, 0, 1, 0
27328, 14, 8, 8, 0, 14, 0
29221, 2, 2, 2, 0, 2, 0
29222, 0, 3, 3, 0, 0, 0
52196, 0, 2, 2, 0, 0, 0
95414, 0, 2, 2, 0, 0, 0
96495, 2, 4, 4, 0, 2, 0
97321, 13, 4, 4, 0, 13, 0
16647, 0, 1, 1, 0, 0, 0
16649, 3, 5, 5, 0, 3, 0
112412, 0, 1, 1, 0, 0, 0
17671, 1, 2, 1, 1, 1, 0
18868, 1, 2, 2, 0, 1, 0
18869, 0, 2, 0, 2, 0, 0
75608, 6, 4, 3, 1, 5, 1
106429, 15, 2, 1, 1, 15, 0
113352, 0, 1, 0, 1, 0, 0
16304, 1, 3, 3, 0, 1, 0
17471, 0, 1, 1, 0, 0, 0
17474, 4, 5, 5, 0, 4, 0
20514, 5, 3, 3, 0, 5, 0
49431, 3, 6, 6, 0, 2, 1
104991, 3, 2, 2, 0, 3, 0
105581, 0, 2, 2, 0, 0, 0
106745, 0, 2, 1, 1, 0, 0
118782, 0, 1, 1, 0, 0, 0
118783, 0, 1, 1, 0, 0, 0
124659, 0, 1, 1, 0, 0, 0
48525, 0, 9, 4, 5, 0, 0
47049, 1, 2, 2, 0, 1, 0
49456, 2, 2, 2, 0, 2, 0
53237, 0, 1, 1, 0, 0, 0
53238, 0, 1, 1, 0, 0, 0
6284, 0, 10, 8, 2, 0, 0
19079, 1, 1, 1, 0, 1, 0
27761, 6, 5, 5, 0, 6, 0
36251, 3, 3, 3, 0, 3, 0
28484, 0, 3, 0, 3, 0, 0
25950, 5, 7, 6, 1, 5, 0
79288, 2, 3, 3, 0, 2, 0
115281, 0, 1, 0, 1, 0, 0
58434, 0, 5, 5, 0, 0, 0
65081, 1, 1, 1, 0, 1, 0
78922, 0, 2, 2, 0, 0, 0
78923, 0, 1, 1, 0, 0, 0
78924, 0, 1, 1, 0, 0, 0
93511, 0, 1, 1, 0, 0, 0
43782, 5, 7, 2, 5, 4, 1
47316, 18, 18, 12, 6, 18, 0
59537, 7, 4, 4, 0, 7, 0
124650, 5, 2, 2, 0, 5, 0
28784, 0, 1, 0, 1, 0, 0
28786, 0, 4, 0, 4, 0, 0
28788, 0, 1, 0, 1, 0, 0
47238, 1, 1, 1, 0, 1, 0
47239, 2, 3, 3, 0, 0, 2
14582, 0, 3, 0, 3, 0, 0
31111, 1, 2, 1, 1, 1, 0
42367, 7, 2, 0, 2, 6, 1
47561, 9, 4, 3, 1, 9, 0
61920, 2, 2, 1, 1, 2, 0
70455, 1, 4, 3, 1, 1, 0
70456, 0, 2, 1, 1, 0, 0
70457, 0, 1, 0, 1, 0, 0
70459, 0, 1, 0, 1, 0, 0
70461, 0, 1, 0, 1, 0, 0
70462, 0, 1, 0, 1, 0, 0
70463, 0, 1, 0, 1, 0, 0
75552, 0, 1, 0, 1, 0, 0
75553, 0, 1, 0, 1, 0, 0
75554, 0, 1, 1, 0, 0, 0
75555, 0, 1, 0, 1, 0, 0
96426, 1, 1, 1, 0, 1, 0
122492, 1, 1, 1, 0, 1, 0
105068, 1, 4, 1, 3, 0, 1
93901, 0, 1, 0, 1, 0, 0
11485, 1, 2, 2, 0, 1, 0
13143, 0, 3, 2, 1, 0, 0
35235, 35, 14, 13, 1, 35, 0
59877, 5, 4, 3, 1, 3, 2
69820, 0, 2, 2, 0, 0, 0
71868, 1, 3, 3, 0, 1, 0
94091, 3, 4, 4, 0, 3, 0
26424, 1, 5, 1, 4, 1, 0
63221, 6, 3, 2, 1, 6, 0
105774, 4, 1, 0, 1, 4, 0
111213, 1, 3, 2, 1, 1, 0
117541, 1, 1, 0, 1, 1, 0
120948, 0, 1, 0, 1, 0, 0
122562, 13, 4, 3, 1, 13, 0
123149, 3, 3, 1, 2, 3, 0
123530, 2, 3, 2, 1, 2, 0
124339, 1, 1, 0, 1, 1, 0
124430, 0, 1, 0, 1, 0, 0
124677, 11, 10, 9, 1, 10, 1
124886, 0, 1, 0, 1, 0, 0
125952, 0, 1, 0, 1, 0, 0
126497, 0, 1, 0, 1, 0, 0
126709, 0, 1, 0, 1, 0, 0
126747, 0, 1, 0, 1, 0, 0
127064, 14, 14, 8, 6, 13, 1
127353, 0, 1, 0, 1, 0, 0
127407, 0, 2, 0, 2, 0, 0
127977, 0, 2, 0, 2, 0, 0
127989, 0, 1, 0, 1, 0, 0
127992, 1, 1, 1, 0, 1, 0
130254, 0, 1, 0, 1, 0, 0
130899, 0, 1, 0, 1, 0, 0
56725, 4, 2, 2, 0, 4, 0
49342, 4, 4, 4, 0, 4, 0
11400, 14, 6, 5, 1, 11, 3
12208, 9, 19, 19, 0, 9, 0
32096, 2, 5, 5, 0, 2, 0
113863, 0, 10, 10, 0, 0, 0
116223, 0, 1, 1, 0, 0, 0
127560, 0, 1, 1, 0, 0, 0
28180, 5, 5, 5, 0, 5, 0
28388, 10, 10, 10, 0, 10, 0
36285, 14, 7, 6, 1, 9, 5
63413, 0, 3, 0, 3, 0, 0
63414, 0, 1, 0, 1, 0, 0
117556, 8, 3, 3, 0, 8, 0
34291, 8, 7, 6, 1, 8, 0
52289, 0, 3, 0, 3, 0, 0
55900, 0, 3, 0, 3, 0, 0
97793, 0, 1, 0, 1, 0, 0
100612, 0, 1, 0, 1, 0, 0
108197, 0, 1, 0, 1, 0, 0
113728, 1, 1, 0, 1, 1, 0
129157, 0, 1, 0, 1, 0, 0
58597, 2, 2, 2, 0, 2, 0
57440, 1, 1, 0, 1, 1, 0
65399, 8, 1, 0, 1, 8, 0
65400, 4, 5, 4, 1, 4, 0
65401, 6, 5, 4, 1, 6, 0
65404, 5, 2, 1, 1, 5, 0
82133, 0, 1, 0, 1, 0, 0
100688, 6, 5, 3, 2, 6, 0
20513, 24, 18, 17, 1, 24, 0
23475, 19, 18, 18, 0, 19, 0
39172, 1, 3, 3, 0, 1, 0
63350, 1, 1, 1, 0, 1, 0
74187, 0, 1, 1, 0, 0, 0
74188, 0, 1, 1, 0, 0, 0
74189, 0, 5, 5, 0, 0, 0
74190, 0, 1, 0, 1, 0, 0
85521, 2, 1, 1, 0, 1, 1
10186, 9, 3, 3, 0, 9, 0
10396, 2, 1, 1, 0, 1, 1
20253, 1, 1, 1, 0, 1, 0
21850, 1, 2, 2, 0, 1, 0
22359, 10, 9, 9, 0, 9, 1
22361, 0, 2, 0, 2, 0, 0
22362, 0, 3, 0, 3, 0, 0
22365, 0, 1, 1, 0, 0, 0
105795, 0, 1, 1, 0, 0, 0
109603, 0, 2, 2, 0, 0, 0
15145, 2, 2, 2, 0, 2, 0
22219, 6, 5, 5, 0, 6, 0
47114, 0, 2, 2, 0, 0, 0
47116, 0, 1, 1, 0, 0, 0
47117, 0, 2, 2, 0, 0, 0
47118, 0, 2, 2, 0, 0, 0
10008, 1, 1, 1, 0, 1, 0
40493, 1, 1, 1, 0, 1, 0
25646, 39, 11, 10, 1, 14, 25
43045, 2, 2, 2, 0, 2, 0
106667, 0, 1, 1, 0, 0, 0
126891, 0, 2, 2, 0, 0, 0
125771, 0, 1, 1, 0, 0, 0
50413, 27, 5, 4, 1, 27, 0
46479, 2, 1, 0, 1, 2, 0
6996, 2, 7, 5, 2, 2, 0
15018, 3, 10, 8, 2, 2, 1
17164, 24, 9, 9, 0, 24, 0
19637, 8, 11, 11, 0, 6, 2
40738, 12, 5, 5, 0, 10, 2
44702, 3, 8, 8, 0, 3, 0
45292, 2, 3, 1, 2, 2, 0
54746, 1, 1, 1, 0, 1, 0
65475, 0, 3, 0, 3, 0, 0
79026, 2, 6, 6, 0, 2, 0
81303, 0, 4, 4, 0, 0, 0
92299, 0, 1, 0, 1, 0, 0
98816, 2, 2, 2, 0, 2, 0
98988, 2, 2, 2, 0, 2, 0
95756, 0, 3, 2, 1, 0, 0
129275, 0, 1, 1, 0, 0, 0
24198, 0, 3, 0, 3, 0, 0
37926, 10, 8, 6, 2, 10, 0
76830, 0, 2, 2, 0, 0, 0
20481, 0, 1, 1, 0, 0, 0
126967, 7, 2, 2, 0, 7, 0
73735, 0, 1, 0, 1, 0, 0
100144, 5, 5, 2, 3, 5, 0
121313, 0, 4, 0, 4, 0, 0
122684, 1, 2, 1, 1, 1, 0
123608, 0, 1, 0, 1, 0, 0
124850, 0, 1, 0, 1, 0, 0
127100, 0, 4, 0, 4, 0, 0
11984, 2, 4, 4, 0, 2, 0
36288, 52, 24, 24, 0, 52, 0
40523, 1, 5, 5, 0, 1, 0
64930, 6, 6, 6, 0, 6, 0
64931, 0, 1, 1, 0, 0, 0
11093, 7, 9, 6, 3, 7, 0
32508, 4, 7, 6, 1, 4, 0
38706, 3, 2, 2, 0, 3, 0
39039, 4, 5, 5, 0, 4, 0
41931, 3, 3, 3, 0, 3, 0
60859, 17, 16, 16, 0, 15, 2
65817, 8, 8, 7, 1, 8, 0
68717, 0, 3, 0, 3, 0, 0
85967, 0, 1, 1, 0, 0, 0
34846, 0, 3, 2, 1, 0, 0
78378, 0, 1, 1, 0, 0, 0
78379, 0, 1, 1, 0, 0, 0
115827, 9, 4, 4, 0, 9, 0
22565, 0, 2, 0, 2, 0, 0
29966, 0, 2, 1, 1, 0, 0
31560, 4, 3, 3, 0, 4, 0
39566, 0, 4, 0, 4, 0, 0
40233, 0, 3, 0, 3, 0, 0
45593, 0, 2, 0, 2, 0, 0
46626, 0, 4, 0, 4, 0, 0
68191, 8, 5, 4, 1, 7, 1
76716, 0, 2, 0, 2, 0, 0
78684, 1, 3, 3, 0, 1, 0
86598, 0, 1, 0, 1, 0, 0
86599, 0, 1, 0, 1, 0, 0
86600, 0, 2, 0, 2, 0, 0
86601, 0, 1, 0, 1, 0, 0
86603, 0, 1, 0, 1, 0, 0
96846, 0, 1, 0, 1, 0, 0
98469, 1, 1, 0, 1, 0, 1
98470, 0, 1, 0, 1, 0, 0
98471, 0, 1, 0, 1, 0, 0
54613, 9, 3, 3, 0, 9, 0
93379, 0, 1, 1, 0, 0, 0
93381, 0, 1, 1, 0, 0, 0
100712, 0, 1, 0, 1, 0, 0
8874, 4, 2, 2, 0, 2, 2
20795, 1, 1, 1, 0, 1, 0
44657, 15, 12, 12, 0, 15, 0
50114, 3, 3, 3, 0, 3, 0
50115, 6, 8, 8, 0, 6, 0
63466, 1, 1, 1, 0, 0, 1
74690, 1, 2, 2, 0, 1, 0
78865, 1, 2, 2, 0, 1, 0
78985, 2, 2, 2, 0, 2, 0
78986, 0, 2, 2, 0, 0, 0
78987, 0, 1, 1, 0, 0, 0
78988, 0, 1, 1, 0, 0, 0
78989, 0, 1, 1, 0, 0, 0
20005, 0, 2, 0, 2, 0, 0
101242, 1, 1, 1, 0, 1, 0
34581, 0, 1, 0, 1, 0, 0
22725, 1, 1, 1, 0, 1, 0
23090, 0, 3, 2, 1, 0, 0
60031, 23, 9, 9, 0, 23, 0
71838, 4, 3, 3, 0, 4, 0
13972, 12, 14, 14, 0, 12, 0
15353, 2, 2, 1, 1, 2, 0
15469, 2, 2, 2, 0, 2, 0
16951, 6, 4, 4, 0, 5, 1
20800, 4, 6, 6, 0, 4, 0
24029, 2, 1, 1, 0, 2, 0
74008, 20, 6, 6, 0, 20, 0
11434, 3, 1, 1, 0, 3, 0
55145, 0, 4, 0, 4, 0, 0
60123, 6, 2, 2, 0, 6, 0
60785, 3, 3, 3, 0, 3, 0
73902, 0, 1, 1, 0, 0, 0
93274, 1, 1, 1, 0, 1, 0
17108, 5, 3, 3, 0, 5, 0
21251, 0, 1, 1, 0, 0, 0
105000, 1, 1, 1, 0, 1, 0
108017, 0, 1, 1, 0, 0, 0
8809, 4, 4, 3, 1, 4, 0
102116, 32, 13, 12, 1, 32, 0
102256, 0, 3, 3, 0, 0, 0
10924, 2, 1, 1, 0, 2, 0
13964, 0, 2, 2, 0, 0, 0
18729, 0, 2, 0, 2, 0, 0
21444, 7, 23, 22, 1, 7, 0
21445, 2, 5, 4, 1, 2, 0
21446, 0, 1, 1, 0, 0, 0
21448, 1, 2, 2, 0, 1, 0
21449, 0, 1, 1, 0, 0, 0
33464, 16, 7, 6, 1, 10, 6
86574, 2, 3, 2, 1, 1, 1
107317, 0, 2, 2, 0, 0, 0
107388, 9, 3, 3, 0, 9, 0
112927, 1, 1, 1, 0, 1, 0
114486, 0, 6, 4, 2, 0, 0
14808, 0, 1, 1, 0, 0, 0
32055, 9, 12, 12, 0, 9, 0
92457, 0, 1, 0, 1, 0, 0
22945, 3, 5, 5, 0, 3, 0
31241, 1, 2, 2, 0, 1, 0
35394, 8, 5, 5, 0, 7, 1
44248, 1, 1, 1, 0, 1, 0
47295, 1, 1, 1, 0, 1, 0
48139, 6, 4, 4, 0, 4, 2
48140, 0, 2, 2, 0, 0, 0
83170, 0, 2, 0, 2, 0, 0
110607, 1, 2, 2, 0, 1, 0
20893, 5, 4, 4, 0, 5, 0
5519, 1, 4, 4, 0, 1, 0
45471, 1, 1, 1, 0, 1, 0
51680, 2, 1, 1, 0, 2, 0
77095, 1, 1, 1, 0, 1, 0
78295, 1, 1, 1, 0, 1, 0
85731, 0, 1, 1, 0, 0, 0
112901, 0, 1, 1, 0, 0, 0
84739, 1, 1, 1, 0, 1, 0
87459, 3, 1, 1, 0, 3, 0
91318, 0, 1, 1, 0, 0, 0
10072, 3, 3, 3, 0, 3, 0
32135, 0, 2, 0, 2, 0, 0
41848, 1, 2, 2, 0, 1, 0
64880, 12, 4, 3, 1, 11, 1
87093, 0, 1, 0, 1, 0, 0
87094, 0, 1, 0, 1, 0, 0
87095, 0, 1, 0, 1, 0, 0
87096, 0, 1, 0, 1, 0, 0
87097, 0, 1, 0, 1, 0, 0
17878, 1, 1, 1, 0, 1, 0
18182, 1, 5, 0, 5, 1, 0
18378, 1, 1, 1, 0, 1, 0
18716, 2, 4, 1, 3, 2, 0
22824, 3, 9, 3, 6, 3, 0
28608, 0, 1, 1, 0, 0, 0
25503, 0, 1, 1, 0, 0, 0
25504, 0, 1, 1, 0, 0, 0
25505, 1, 1, 1, 0, 1, 0
62451, 4, 6, 6, 0, 4, 0
98231, 1, 2, 1, 1, 1, 0
16251, 1, 1, 1, 0, 1, 0
57579, 1, 1, 1, 0, 1, 0
116089, 0, 1, 1, 0, 0, 0
121874, 0, 1, 1, 0, 0, 0
21558, 7, 7, 7, 0, 6, 1
22203, 12, 3, 3, 0, 12, 0
27119, 1, 2, 2, 0, 1, 0
27465, 6, 2, 0, 2, 5, 1
28149, 1, 1, 1, 0, 1, 0
29977, 0, 3, 3, 0, 0, 0
33531, 29, 35, 34, 1, 23, 6
55008, 0, 2, 0, 2, 0, 0
67291, 0, 3, 0, 3, 0, 0
80916, 0, 2, 0, 2, 0, 0
92194, 0, 1, 0, 1, 0, 0
92195, 0, 1, 0, 1, 0, 0
92196, 0, 1, 0, 1, 0, 0
92197, 0, 1, 0, 1, 0, 0
92198, 0, 1, 0, 1, 0, 0
92199, 0, 1, 0, 1, 0, 0
92200, 0, 1, 0, 1, 0, 0
92201, 0, 1, 0, 1, 0, 0
92202, 0, 1, 0, 1, 0, 0
92203, 0, 1, 0, 1, 0, 0
92205, 0, 1, 0, 1, 0, 0
92206, 0, 1, 0, 1, 0, 0
92207, 0, 1, 0, 1, 0, 0
92209, 0, 1, 0, 1, 0, 0
92210, 0, 1, 0, 1, 0, 0
101854, 1, 3, 3, 0, 1, 0
7357, 1, 1, 1, 0, 1, 0
8538, 2, 1, 1, 0, 2, 0
9407, 1, 1, 1, 0, 1, 0
13691, 1, 1, 1, 0, 1, 0
35765, 10, 5, 5, 0, 10, 0
35829, 12, 5, 5, 0, 12, 0
35830, 7, 5, 5, 0, 7, 0
36444, 1, 1, 1, 0, 1, 0
36924, 3, 3, 3, 0, 3, 0
36925, 5, 4, 4, 0, 5, 0
36926, 4, 3, 3, 0, 4, 0
50267, 4, 3, 3, 0, 4, 0
50269, 5, 2, 2, 0, 5, 0
50270, 0, 1, 1, 0, 0, 0
111359, 11, 3, 3, 0, 11, 0
111367, 10, 6, 6, 0, 10, 0
99723, 3, 2, 2, 0, 3, 0
114971, 1, 2, 2, 0, 1, 0
27565, 9, 22, 18, 4, 6, 3
25151, 1, 2, 1, 1, 1, 0
27137, 13, 2, 2, 0, 13, 0
31878, 2, 3, 3, 0, 2, 0
6934, 1, 3, 2, 1, 1, 0
7910, 0, 3, 3, 0, 0, 0
8185, 0, 2, 2, 0, 0, 0
11512, 3, 3, 3, 0, 3, 0
12419, 2, 10, 10, 0, 2, 0
12696, 15, 5, 5, 0, 13, 2
13002, 1, 3, 2, 1, 1, 0
13045, 0, 7, 5, 2, 0, 0
13299, 11, 3, 3, 0, 11, 0
13816, 5, 6, 6, 0, 5, 0
14540, 0, 13, 12, 1, 0, 0
14541, 5, 5, 3, 2, 5, 0
15409, 0, 2, 2, 0, 0, 0
15614, 0, 4, 3, 1, 0, 0
15662, 3, 11, 11, 0, 3, 0
15726, 2, 2, 2, 0, 2, 0
15730, 1, 3, 3, 0, 1, 0
15753, 18, 4, 4, 0, 18, 0
15840, 6, 3, 2, 1, 4, 2
15904, 8, 13, 13, 0, 8, 0
15918, 1, 2, 2, 0, 1, 0
15955, 1, 1, 1, 0, 1, 0
15965, 9, 3, 3, 0, 8, 1
15974, 2, 3, 3, 0, 2, 0
16027, 1, 1, 1, 0, 1, 0
16030, 1, 1, 1, 0, 1, 0
16035, 2, 1, 1, 0, 2, 0
16043, 3, 1, 1, 0, 3, 0
16048, 1, 2, 2, 0, 1, 0
16088, 2, 1, 1, 0, 2, 0
16478, 5, 3, 3, 0, 2, 3
16557, 8, 2, 2, 0, 8, 0
16690, 1, 2, 1, 1, 1, 0
17143, 55, 48, 43, 5, 54, 1
17402, 19, 16, 16, 0, 18, 1
17555, 22, 9, 9, 0, 22, 0
17970, 24, 7, 7, 0, 24, 0
18048, 0, 2, 2, 0, 0, 0
18089, 2, 2, 2, 0, 2, 0
18490, 1, 1, 1, 0, 0, 1
18613, 8, 6, 6, 0, 8, 0
18767, 3, 2, 2, 0, 3, 0
19006, 5, 6, 6, 0, 4, 1
19363, 5, 3, 2, 1, 5, 0
19377, 49, 3, 3, 0, 48, 1
19583, 3, 4, 4, 0, 2, 1
19688, 0, 3, 3, 0, 0, 0
20249, 6, 27, 26, 1, 6, 0
21148, 0, 4, 4, 0, 0, 0
21170, 2, 7, 7, 0, 2, 0
21455, 8, 6, 6, 0, 8, 0
21659, 43, 6, 6, 0, 43, 0
21847, 5, 2, 2, 0, 4, 1
22685, 4, 4, 3, 1, 4, 0
22748, 2, 1, 1, 0, 2, 0
23948, 1, 3, 2, 1, 1, 0
24132, 0, 2, 2, 0, 0, 0
24276, 0, 3, 2, 1, 0, 0
24329, 11, 7, 7, 0, 11, 0
24586, 1, 4, 4, 0, 1, 0
24611, 1, 2, 2, 0, 1, 0
24657, 15, 8, 7, 1, 5, 10
24695, 17, 15, 12, 3, 14, 3
24702, 0, 2, 2, 0, 0, 0
24741, 0, 2, 2, 0, 0, 0
24852, 8, 2, 2, 0, 7, 1
24866, 2, 2, 2, 0, 1, 1
25002, 17, 7, 7, 0, 15, 2
25213, 1, 1, 1, 0, 1, 0
25328, 18, 4, 4, 0, 18, 0
25418, 1, 3, 3, 0, 1, 0
26172, 1, 2, 2, 0, 1, 0
26197, 0, 2, 2, 0, 0, 0
26496, 2, 1, 1, 0, 2, 0
27735, 2, 2, 2, 0, 2, 0
27944, 1, 1, 1, 0, 1, 0
28012, 2, 1, 1, 0, 2, 0
28732, 1, 2, 1, 1, 1, 0
28985, 7, 22, 22, 0, 7, 0
29099, 6, 6, 5, 1, 6, 0
29381, 3, 1, 1, 0, 2, 1
29855, 0, 1, 1, 0, 0, 0
29856, 0, 1, 1, 0, 0, 0
29857, 0, 1, 1, 0, 0, 0
29858, 0, 1, 1, 0, 0, 0
29859, 0, 3, 2, 1, 0, 0
29860, 0, 1, 1, 0, 0, 0
29861, 0, 1, 1, 0, 0, 0
29862, 0, 1, 1, 0, 0, 0
29863, 15, 4, 4, 0, 15, 0
29864, 30, 10, 10, 0, 30, 0
29877, 9, 5, 5, 0, 9, 0
29884, 6, 4, 3, 1, 5, 1
29887, 2, 8, 8, 0, 2, 0
29891, 1, 5, 4, 1, 1, 0
29892, 11, 10, 10, 0, 10, 1
29893, 1, 16, 16, 0, 1, 0
29896, 4, 10, 10, 0, 4, 0
29898, 2, 9, 6, 3, 2, 0
29905, 4, 3, 3, 0, 4, 0
29906, 14, 23, 23, 0, 14, 0
29908, 0, 2, 2, 0, 0, 0
29917, 0, 6, 6, 0, 0, 0
29919, 0, 10, 10, 0, 0, 0
29921, 18, 17, 17, 0, 11, 7
29922, 3, 4, 4, 0, 3, 0
29923, 35, 81, 81, 0, 35, 0
29924, 4, 7, 7, 0, 4, 0
29926, 4, 6, 6, 0, 4, 0
29927, 16, 20, 20, 0, 15, 1
29928, 6, 4, 4, 0, 5, 1
29930, 7, 4, 4, 0, 7, 0
29931, 2, 5, 5, 0, 2, 0
29933, 2, 5, 4, 1, 2, 0
29939, 1, 1, 1, 0, 1, 0
29944, 6, 1, 1, 0, 6, 0
29945, 1, 4, 4, 0, 1, 0
29946, 5, 7, 7, 0, 5, 0
29947, 1, 3, 3, 0, 1, 0
29948, 3, 3, 3, 0, 3, 0
29949, 2, 2, 2, 0, 2, 0
29952, 0, 1, 1, 0, 0, 0
29953, 0, 1, 1, 0, 0, 0
29954, 0, 1, 1, 0, 0, 0
29955, 0, 1, 1, 0, 0, 0
29958, 0, 1, 1, 0, 0, 0
29959, 0, 1, 1, 0, 0, 0
29960, 0, 1, 1, 0, 0, 0
29962, 0, 1, 1, 0, 0, 0
29963, 0, 1, 1, 0, 0, 0
29964, 1, 1, 1, 0, 1, 0
29965, 0, 1, 1, 0, 0, 0
29967, 0, 1, 1, 0, 0, 0
29969, 2, 3, 3, 0, 2, 0
29970, 0, 1, 1, 0, 0, 0
29971, 0, 1, 1, 0, 0, 0
29972, 0, 1, 1, 0, 0, 0
29973, 0, 1, 1, 0, 0, 0
29975, 0, 1, 1, 0, 0, 0
29976, 0, 1, 1, 0, 0, 0
29979, 0, 1, 1, 0, 0, 0
29980, 0, 1, 1, 0, 0, 0
29982, 0, 3, 0, 3, 0, 0
29984, 0, 1, 1, 0, 0, 0
29985, 0, 1, 1, 0, 0, 0
29986, 1, 2, 2, 0, 1, 0
29987, 0, 1, 1, 0, 0, 0
29988, 0, 1, 1, 0, 0, 0
29989, 0, 1, 1, 0, 0, 0
29990, 1, 1, 1, 0, 1, 0
29991, 1, 1, 1, 0, 1, 0
29992, 0, 2, 1, 1, 0, 0
29994, 0, 5, 2, 3, 0, 0
29995, 0, 2, 2, 0, 0, 0
29996, 1, 1, 1, 0, 0, 1
29997, 0, 1, 1, 0, 0, 0
29998, 3, 1, 1, 0, 3, 0
30001, 48, 5, 5, 0, 48, 0
30002, 2, 1, 1, 0, 2, 0
30003, 1, 4, 4, 0, 1, 0
30004, 42, 1, 1, 0, 42, 0
30008, 2, 2, 1, 1, 2, 0
30009, 2, 1, 1, 0, 2, 0
30010, 87, 14, 14, 0, 87, 0
30015, 3, 5, 5, 0, 3, 0
30017, 1, 1, 1, 0, 1, 0
30018, 0, 2, 2, 0, 0, 0
30020, 0, 1, 1, 0, 0, 0
30021, 3, 1, 1, 0, 3, 0
30022, 6, 7, 7, 0, 4, 2
30025, 0, 2, 2, 0, 0, 0
30026, 0, 1, 1, 0, 0, 0
30027, 0, 1, 1, 0, 0, 0
30029, 0, 2, 2, 0, 0, 0
30030, 0, 2, 1, 1, 0, 0
30033, 0, 1, 1, 0, 0, 0
30034, 0, 1, 1, 0, 0, 0
30036, 0, 4, 4, 0, 0, 0
30037, 2, 3, 3, 0, 2, 0
30038, 1, 2, 2, 0, 1, 0
30039, 3, 6, 5, 1, 3, 0
30041, 1, 1, 1, 0, 1, 0
30042, 0, 1, 1, 0, 0, 0
30044, 8, 5, 5, 0, 8, 0
30045, 0, 1, 1, 0, 0, 0
30046, 0, 3, 3, 0, 0, 0
30048, 0, 1, 1, 0, 0, 0
30049, 0, 1, 1, 0, 0, 0
30050, 7, 8, 8, 0, 7, 0
30051, 0, 2, 2, 0, 0, 0
30052, 0, 1, 1, 0, 0, 0
30053, 0, 1, 1, 0, 0, 0
30054, 1, 8, 5, 3, 1, 0
30055, 0, 1, 1, 0, 0, 0
30056, 0, 1, 1, 0, 0, 0
30058, 0, 2, 2, 0, 0, 0
30059, 0, 1, 1, 0, 0, 0
30060, 0, 1, 1, 0, 0, 0
30062, 3, 4, 4, 0, 3, 0
30063, 0, 1, 1, 0, 0, 0
30064, 11, 2, 2, 0, 8, 3
30065, 0, 1, 1, 0, 0, 0
30066, 0, 1, 1, 0, 0, 0
30067, 0, 1, 1, 0, 0, 0
30068, 0, 1, 1, 0, 0, 0
30069, 0, 1, 1, 0, 0, 0
30070, 0, 1, 1, 0, 0, 0
30071, 0, 2, 1, 1, 0, 0
30072, 3, 3, 3, 0, 3, 0
30073, 0, 1, 1, 0, 0, 0
30074, 0, 1, 1, 0, 0, 0
30075, 0, 1, 1, 0, 0, 0
30076, 13, 20, 20, 0, 13, 0
30077, 0, 1, 1, 0, 0, 0
30078, 0, 1, 1, 0, 0, 0
30079, 0, 4, 1, 3, 0, 0
30081, 0, 1, 1, 0, 0, 0
30082, 0, 1, 1, 0, 0, 0
30083, 0, 1, 1, 0, 0, 0
30084, 4, 6, 5, 1, 4, 0
30085, 0, 1, 1, 0, 0, 0
30086, 0, 4, 4, 0, 0, 0
30087, 0, 1, 1, 0, 0, 0
30089, 0, 1, 1, 0, 0, 0
30091, 2, 1, 1, 0, 0, 2
30092, 0, 2, 2, 0, 0, 0
30093, 0, 1, 1, 0, 0, 0
30094, 0, 1, 1, 0, 0, 0
30095, 0, 2, 2, 0, 0, 0
30096, 0, 1, 1, 0, 0, 0
30097, 0, 1, 1, 0, 0, 0
30098, 0, 1, 1, 0, 0, 0
30100, 1, 1, 1, 0, 1, 0
30102, 0, 1, 1, 0, 0, 0
30103, 0, 1, 1, 0, 0, 0
30104, 0, 1, 1, 0, 0, 0
30105, 0, 1, 1, 0, 0, 0
30106, 0, 1, 1, 0, 0, 0
30107, 0, 1, 1, 0, 0, 0
30108, 0, 1, 1, 0, 0, 0
30109, 0, 1, 1, 0, 0, 0
30111, 0, 1, 1, 0, 0, 0
30112, 0, 1, 1, 0, 0, 0
30114, 0, 1, 1, 0, 0, 0
30115, 3, 5, 5, 0, 3, 0
30116, 0, 1, 1, 0, 0, 0
30117, 0, 1, 1, 0, 0, 0
30118, 3, 1, 1, 0, 3, 0
30119, 0, 1, 1, 0, 0, 0
30120, 0, 1, 1, 0, 0, 0
30122, 2, 3, 3, 0, 2, 0
30125, 0, 1, 1, 0, 0, 0
30126, 0, 1, 1, 0, 0, 0
30127, 0, 1, 1, 0, 0, 0
30128, 0, 1, 1, 0, 0, 0
30129, 0, 1, 1, 0, 0, 0
30130, 0, 2, 0, 2, 0, 0
30131, 3, 5, 5, 0, 3, 0
30132, 0, 1, 1, 0, 0, 0
30358, 52, 24, 23, 1, 48, 4
93290, 0, 2, 2, 0, 0, 0
93291, 0, 2, 2, 0, 0, 0
102120, 0, 2, 2, 0, 0, 0
18842, 4, 2, 1, 1, 3, 1
19002, 2, 2, 0, 2, 1, 1
32668, 0, 5, 0, 5, 0, 0
37105, 0, 3, 0, 3, 0, 0
39145, 1, 2, 1, 1, 1, 0
39701, 1, 2, 1, 1, 1, 0
39944, 6, 5, 4, 1, 6, 0
41994, 3, 5, 4, 1, 3, 0
43135, 0, 9, 1, 8, 0, 0
49281, 1, 3, 0, 3, 1, 0
54970, 3, 8, 7, 1, 3, 0
61209, 0, 6, 0, 6, 0, 0
73466, 2, 3, 2, 1, 2, 0
74419, 0, 2, 0, 2, 0, 0
74420, 0, 1, 0, 1, 0, 0
74422, 0, 1, 0, 1, 0, 0
74423, 0, 1, 0, 1, 0, 0
74427, 0, 2, 0, 2, 0, 0
74428, 0, 1, 0, 1, 0, 0
16152, 0, 2, 2, 0, 0, 0
26459, 20, 14, 14, 0, 20, 0
41252, 1, 6, 6, 0, 1, 0
50780, 2, 1, 1, 0, 2, 0
58338, 12, 1, 1, 0, 10, 2
61038, 10, 5, 5, 0, 10, 0
67899, 0, 3, 3, 0, 0, 0
68892, 7, 13, 13, 0, 7, 0
71601, 11, 8, 8, 0, 11, 0
72235, 8, 20, 20, 0, 8, 0
74630, 3, 2, 2, 0, 3, 0
74631, 3, 4, 4, 0, 3, 0
80261, 1, 1, 1, 0, 1, 0
89614, 0, 1, 1, 0, 0, 0
89615, 0, 1, 1, 0, 0, 0
89616, 0, 1, 1, 0, 0, 0
89617, 0, 1, 1, 0, 0, 0
21200, 3, 4, 4, 0, 3, 0
63515, 2, 9, 9, 0, 2, 0
63516, 0, 2, 2, 0, 0, 0
65778, 2, 1, 1, 0, 2, 0
65779, 2, 5, 5, 0, 2, 0
65782, 8, 1, 1, 0, 6, 2
5368, 2, 0, 0, 0, 0, 2
5369, 0, 1, 0, 1, 0, 0
5372, 2, 0, 0, 0, 2, 0
124275, 3, 2, 2, 0, 3, 0
5374, 1, 0, 0, 0, 1, 0
6623, 1, 1, 1, 0, 1, 0
7710, 0, 7, 6, 1, 0, 0
16253, 2, 3, 3, 0, 2, 0
24242, 4, 12, 12, 0, 4, 0
30733, 4, 9, 3, 6, 2, 2
40442, 5, 2, 1, 1, 5, 0
52208, 0, 4, 1, 3, 0, 0
52222, 2, 3, 1, 2, 2, 0
76000, 0, 2, 0, 2, 0, 0
76669, 0, 5, 0, 5, 0, 0
76963, 0, 2, 0, 2, 0, 0
80904, 0, 3, 0, 3, 0, 0
83761, 0, 2, 0, 2, 0, 0
92617, 0, 1, 0, 1, 0, 0
92618, 0, 1, 0, 1, 0, 0
92619, 0, 1, 0, 1, 0, 0
92620, 0, 1, 0, 1, 0, 0
92621, 0, 1, 0, 1, 0, 0
92622, 0, 1, 0, 1, 0, 0
94635, 1, 6, 6, 0, 1, 0
5378, 2, 0, 0, 0, 2, 0
5379, 2, 1, 1, 0, 2, 0
5380, 0, 1, 1, 0, 0, 0
5381, 2, 0, 0, 0, 2, 0
5383, 1, 0, 0, 0, 1, 0
12741, 0, 1, 1, 0, 0, 0
5386, 1, 0, 0, 0, 1, 0
19057, 0, 1, 0, 1, 0, 0
5388, 1, 0, 0, 0, 1, 0
5389, 2, 0, 0, 0, 2, 0
10834, 1, 2, 2, 0, 1, 0
12495, 4, 4, 4, 0, 3, 1
19759, 5, 3, 3, 0, 5, 0
22278, 0, 3, 1, 2, 0, 0
24556, 16, 24, 22, 2, 16, 0
25890, 12, 18, 15, 3, 12, 0
27101, 1, 3, 3, 0, 1, 0
27554, 0, 3, 3, 0, 0, 0
28035, 3, 16, 14, 2, 3, 0
28345, 10, 8, 8, 0, 10, 0
34306, 1, 4, 3, 1, 0, 1
38191, 3, 7, 7, 0, 3, 0
39737, 5, 6, 6, 0, 5, 0
42284, 3, 1, 1, 0, 3, 0
48184, 1, 2, 2, 0, 1, 0
49839, 0, 3, 3, 0, 0, 0
50217, 10, 7, 7, 0, 8, 2
52256, 1, 3, 2, 1, 1, 0
53936, 0, 2, 2, 0, 0, 0
54642, 12, 12, 12, 0, 11, 1
55278, 2, 2, 2, 0, 2, 0
55280, 0, 2, 2, 0, 0, 0
55411, 0, 2, 2, 0, 0, 0
55819, 0, 3, 2, 1, 0, 0
57511, 0, 2, 2, 0, 0, 0
57773, 0, 3, 1, 2, 0, 0
59251, 4, 11, 11, 0, 4, 0
59509, 1, 2, 2, 0, 1, 0
60108, 1, 6, 6, 0, 1, 0
60210, 3, 9, 9, 0, 3, 0
60952, 1, 4, 4, 0, 1, 0
61122, 1, 3, 3, 0, 1, 0
62281, 9, 8, 8, 0, 9, 0
62631, 3, 2, 2, 0, 3, 0
62970, 4, 3, 3, 0, 4, 0
63116, 23, 2, 2, 0, 16, 7
65439, 6, 7, 7, 0, 6, 0
65787, 2, 1, 1, 0, 2, 0
67436, 23, 12, 12, 0, 23, 0
67454, 0, 4, 4, 0, 0, 0
71125, 3, 3, 3, 0, 3, 0
74810, 0, 5, 5, 0, 0, 0
75088, 1, 2, 2, 0, 1, 0
76296, 3, 3, 3, 0, 3, 0
79518, 0, 2, 2, 0, 0, 0
82810, 0, 1, 1, 0, 0, 0
82811, 0, 1, 1, 0, 0, 0
82812, 0, 1, 1, 0, 0, 0
82813, 0, 1, 1, 0, 0, 0
82814, 0, 1, 1, 0, 0, 0
82815, 0, 2, 2, 0, 0, 0
82816, 0, 1, 1, 0, 0, 0
82817, 0, 1, 1, 0, 0, 0
82818, 0, 3, 3, 0, 0, 0
82819, 0, 2, 2, 0, 0, 0
82820, 0, 3, 3, 0, 0, 0
82822, 0, 1, 1, 0, 0, 0
82823, 0, 1, 1, 0, 0, 0
82824, 0, 1, 1, 0, 0, 0
82825, 0, 2, 2, 0, 0, 0
82826, 0, 1, 1, 0, 0, 0
82827, 0, 1, 1, 0, 0, 0
82828, 0, 1, 1, 0, 0, 0
82829, 0, 1, 1, 0, 0, 0
82830, 0, 1, 0, 1, 0, 0
82831, 0, 1, 1, 0, 0, 0
82832, 0, 1, 1, 0, 0, 0
82833, 0, 1, 1, 0, 0, 0
82834, 0, 1, 1, 0, 0, 0
82835, 0, 1, 0, 1, 0, 0
82836, 0, 3, 3, 0, 0, 0
82837, 0, 1, 1, 0, 0, 0
109813, 0, 1, 1, 0, 0, 0
109814, 0, 1, 1, 0, 0, 0
109837, 0, 1, 1, 0, 0, 0
110291, 0, 1, 1, 0, 0, 0
122706, 0, 1, 1, 0, 0, 0
5391, 1, 0, 0, 0, 1, 0
5392, 1, 0, 0, 0, 1, 0
5393, 1, 0, 0, 0, 1, 0
33396, 1, 2, 2, 0, 1, 0
64734, 1, 3, 2, 1, 1, 0
71760, 0, 3, 1, 2, 0, 0
84075, 1, 4, 3, 1, 1, 0
92114, 1, 1, 0, 1, 1, 0
99825, 3, 3, 2, 1, 3, 0
99826, 0, 1, 0, 1, 0, 0
99828, 0, 1, 0, 1, 0, 0
99831, 0, 1, 0, 1, 0, 0
99832, 0, 1, 0, 1, 0, 0
99835, 0, 1, 0, 1, 0, 0
103416, 4, 1, 0, 1, 4, 0
103553, 0, 1, 0, 1, 0, 0
103642, 0, 1, 0, 1, 0, 0
105462, 1, 2, 0, 2, 1, 0
34647, 7, 9, 4, 5, 6, 1
58380, 0, 1, 0, 1, 0, 0
58381, 0, 2, 0, 2, 0, 0
58382, 0, 1, 0, 1, 0, 0
58383, 0, 1, 0, 1, 0, 0
80080, 0, 3, 1, 2, 0, 0
99682, 0, 1, 0, 1, 0, 0
5400, 2, 0, 0, 0, 2, 0
5401, 3, 0, 0, 0, 3, 0
5402, 2, 0, 0, 0, 2, 0
5403, 3, 1, 1, 0, 3, 0
96056, 4, 6, 6, 0, 4, 0
5406, 1, 2, 1, 1, 1, 0
5408, 0, 1, 1, 0, 0, 0
7622, 2, 1, 1, 0, 2, 0
7451, 0, 5, 5, 0, 0, 0
8091, 5, 6, 6, 0, 4, 1
54908, 17, 6, 6, 0, 17, 0
96565, 4, 3, 3, 0, 4, 0
24140, 9, 6, 6, 0, 9, 0
28675, 5, 5, 5, 0, 5, 0
76361, 0, 1, 1, 0, 0, 0
41438, 26, 13, 13, 0, 26, 0
42680, 2, 3, 3, 0, 1, 1
52698, 4, 5, 4, 1, 3, 1
73276, 3, 3, 3, 0, 3, 0
73277, 0, 1, 1, 0, 0, 0
5411, 1, 0, 0, 0, 0, 1
7508, 5, 3, 3, 0, 5, 0
15747, 3, 19, 13, 6, 1, 2
19794, 18, 25, 24, 1, 18, 0
26930, 5, 7, 7, 0, 5, 0
35594, 11, 7, 5, 2, 11, 0
37244, 0, 3, 2, 1, 0, 0
45236, 1, 2, 2, 0, 1, 0
46097, 6, 14, 13, 1, 6, 0
47749, 15, 15, 15, 0, 15, 0
51237, 1, 7, 6, 1, 1, 0
52103, 0, 4, 4, 0, 0, 0
52981, 17, 9, 8, 1, 14, 3
56028, 0, 4, 4, 0, 0, 0
57251, 3, 32, 32, 0, 3, 0
57283, 0, 6, 6, 0, 0, 0
57562, 1, 5, 5, 0, 1, 0
61426, 16, 14, 9, 5, 15, 1
61466, 4, 10, 10, 0, 4, 0
62037, 0, 2, 2, 0, 0, 0
64628, 4, 6, 6, 0, 4, 0
64694, 1, 1, 1, 0, 1, 0
64745, 18, 8, 8, 0, 18, 0
64747, 19, 19, 19, 0, 19, 0
65505, 3, 2, 2, 0, 3, 0
65952, 1, 3, 3, 0, 1, 0
68048, 0, 4, 3, 1, 0, 0
68050, 0, 2, 2, 0, 0, 0
68051, 1, 4, 4, 0, 1, 0
68052, 1, 3, 3, 0, 1, 0
68053, 0, 1, 1, 0, 0, 0
68055, 1, 3, 3, 0, 1, 0
68057, 0, 3, 2, 1, 0, 0
68058, 3, 2, 2, 0, 3, 0
68060, 0, 1, 1, 0, 0, 0
68061, 5, 3, 3, 0, 5, 0
68063, 4, 4, 4, 0, 4, 0
68064, 0, 1, 1, 0, 0, 0
68065, 0, 1, 1, 0, 0, 0
68067, 2, 4, 4, 0, 2, 0
68068, 4, 5, 5, 0, 4, 0
68069, 0, 4, 4, 0, 0, 0
68070, 1, 2, 2, 0, 1, 0
68071, 0, 4, 3, 1, 0, 0
68072, 1, 4, 4, 0, 1, 0
68074, 0, 1, 1, 0, 0, 0
68076, 0, 1, 1, 0, 0, 0
68077, 37, 10, 10, 0, 37, 0
68078, 8, 9, 9, 0, 8, 0
68079, 1, 2, 2, 0, 1, 0
68080, 0, 3, 3, 0, 0, 0
68082, 0, 1, 1, 0, 0, 0
68084, 2, 2, 2, 0, 2, 0
68086, 0, 2, 2, 0, 0, 0
68087, 16, 9, 9, 0, 16, 0
68088, 7, 5, 5, 0, 7, 0
5413, 2, 0, 0, 0, 2, 0
5414, 2, 0, 0, 0, 2, 0
5415, 5, 3, 3, 0, 5, 0
5416, 3, 4, 4, 0, 3, 0
89093, 0, 2, 2, 0, 0, 0
5418, 1, 0, 0, 0, 0, 1
36707, 1, 1, 1, 0, 1, 0
37732, 1, 1, 1, 0, 1, 0
5422, 2, 0, 0, 0, 1, 1
79647, 6, 4, 4, 0, 6, 0
5506, 5, 1, 1, 0, 5, 0
6065, 1, 1, 1, 0, 1, 0
9173, 1, 2, 1, 1, 1, 0
10054, 1, 1, 1, 0, 1, 0
97257, 0, 1, 1, 0, 0, 0
102264, 1, 3, 3, 0, 1, 0
102288, 0, 2, 2, 0, 0, 0
107687, 1, 3, 3, 0, 1, 0
108096, 0, 1, 1, 0, 0, 0
6915, 9, 12, 10, 2, 8, 1
29345, 4, 8, 7, 1, 4, 0
32903, 1, 2, 2, 0, 1, 0
48317, 1, 2, 2, 0, 1, 0
52401, 9, 2, 1, 1, 8, 1
58455, 0, 4, 4, 0, 0, 0
59685, 9, 8, 8, 0, 9, 0
71248, 19, 12, 12, 0, 19, 0
72016, 11, 4, 4, 0, 11, 0
73807, 1, 1, 1, 0, 1, 0
75469, 6, 6, 6, 0, 6, 0
75526, 2, 4, 4, 0, 2, 0
76206, 0, 2, 2, 0, 0, 0
78406, 0, 2, 2, 0, 0, 0
80034, 5, 4, 4, 0, 5, 0
80320, 6, 1, 1, 0, 6, 0
82994, 2, 1, 1, 0, 2, 0
83136, 4, 8, 8, 0, 4, 0
84622, 1, 2, 2, 0, 1, 0
84839, 0, 2, 2, 0, 0, 0
87403, 1, 2, 2, 0, 1, 0
88683, 0, 1, 1, 0, 0, 0
88684, 0, 1, 1, 0, 0, 0
88685, 0, 1, 1, 0, 0, 0
109630, 0, 1, 1, 0, 0, 0
114775, 0, 1, 1, 0, 0, 0
114776, 0, 1, 1, 0, 0, 0
5427, 1, 0, 0, 0, 1, 0
16687, 1, 2, 1, 1, 1, 0
17092, 5, 7, 7, 0, 0, 5
34419, 1, 1, 1, 0, 1, 0
43007, 4, 5, 5, 0, 4, 0
45011, 1, 1, 0, 1, 1, 0
48596, 1, 1, 1, 0, 1, 0
48838, 5, 3, 3, 0, 5, 0
50551, 0, 2, 2, 0, 0, 0
52287, 4, 2, 2, 0, 3, 1
52700, 6, 4, 2, 2, 6, 0
59350, 5, 2, 2, 0, 5, 0
63381, 19, 8, 8, 0, 19, 0
5429, 1, 1, 1, 0, 1, 0
5430, 1, 1, 1, 0, 1, 0
5431, 1, 0, 0, 0, 1, 0
5432, 1, 8, 8, 0, 1, 0
5433, 1, 1, 1, 0, 1, 0
5434, 2, 2, 2, 0, 2, 0
5437, 1, 1, 1, 0, 1, 0
5435, 1, 2, 1, 1, 1, 0
7730, 0, 4, 4, 0, 0, 0
12858, 0, 4, 3, 1, 0, 0
96074, 0, 1, 1, 0, 0, 0
5438, 1, 0, 0, 0, 1, 0
5439, 1, 0, 0, 0, 0, 1
5441, 1, 0, 0, 0, 1, 0
5442, 1, 0, 0, 0, 0, 1
5443, 1, 0, 0, 0, 0, 1
5444, 0, 5, 3, 2, 0, 0
5445, 1, 0, 0, 0, 0, 1
5446, 0, 1, 0, 1, 0, 0
5447, 1, 0, 0, 0, 1, 0
5448, 1, 0, 0, 0, 0, 1
5449, 1, 0, 0, 0, 1, 0
5450, 0, 1, 1, 0, 0, 0
5451, 1, 0, 0, 0, 1, 0
5452, 1, 2, 1, 1, 1, 0
5453, 2, 1, 1, 0, 2, 0
54664, 0, 2, 0, 2, 0, 0
58836, 0, 6, 0, 6, 0, 0
58838, 0, 7, 0, 7, 0, 0
61570, 1, 1, 1, 0, 1, 0
77056, 0, 1, 0, 1, 0, 0
77057, 0, 1, 0, 1, 0, 0
77058, 0, 1, 0, 1, 0, 0
77059, 0, 1, 0, 1, 0, 0
77060, 0, 1, 0, 1, 0, 0
77061, 0, 1, 0, 1, 0, 0
77062, 0, 1, 0, 1, 0, 0
77063, 0, 1, 0, 1, 0, 0
77064, 0, 1, 0, 1, 0, 0
77065, 0, 1, 0, 1, 0, 0
77066, 0, 1, 0, 1, 0, 0
77067, 0, 1, 0, 1, 0, 0
77068, 0, 1, 0, 1, 0, 0
12025, 1, 1, 1, 0, 1, 0
109488, 0, 1, 1, 0, 0, 0
9475, 2, 3, 3, 0, 2, 0
16558, 0, 2, 0, 2, 0, 0
16561, 0, 1, 0, 1, 0, 0
99703, 0, 1, 0, 1, 0, 0
5457, 4, 2, 2, 0, 4, 0
5459, 5, 4, 4, 0, 4, 1
5461, 0, 1, 1, 0, 0, 0
10458, 4, 4, 4, 0, 4, 0
14032, 12, 3, 3, 0, 12, 0
10459, 6, 1, 1, 0, 6, 0
37406, 8, 11, 8, 3, 8, 0
71320, 0, 3, 0, 3, 0, 0
99155, 0, 1, 1, 0, 0, 0
5465, 1, 0, 0, 0, 1, 0
5466, 0, 2, 2, 0, 0, 0
5467, 1, 0, 0, 0, 1, 0
5468, 1, 0, 0, 0, 1, 0
5469, 0, 1, 1, 0, 0, 0
5470, 2, 1, 1, 0, 2, 0
5471, 0, 1, 1, 0, 0, 0
5472, 1, 0, 0, 0, 1, 0
5474, 1, 1, 1, 0, 1, 0
5475, 1, 0, 0, 0, 1, 0
5476, 2, 10, 10, 0, 2, 0
5477, 1, 0, 0, 0, 1, 0
5847, 1, 1, 1, 0, 1, 0
5479, 1, 0, 0, 0, 1, 0
5480, 9, 6, 6, 0, 9, 0
50301, 1, 2, 2, 0, 1, 0
5481, 1, 0, 0, 0, 1, 0
5952, 1, 1, 1, 0, 1, 0
11500, 4, 5, 5, 0, 3, 1
47863, 1, 3, 3, 0, 1, 0
94845, 0, 1, 1, 0, 0, 0
94078, 2, 1, 0, 1, 2, 0
102862, 1, 2, 1, 1, 1, 0
5664, 9, 2, 1, 1, 8, 1
42102, 7, 5, 5, 0, 7, 0
44732, 3, 4, 4, 0, 3, 0
44733, 3, 4, 4, 0, 3, 0
44735, 5, 11, 5, 6, 5, 0
44736, 0, 2, 2, 0, 0, 0
44737, 0, 8, 8, 0, 0, 0
44739, 4, 3, 3, 0, 4, 0
44740, 0, 2, 2, 0, 0, 0
44742, 1, 2, 2, 0, 1, 0
44743, 0, 3, 3, 0, 0, 0
44744, 0, 2, 2, 0, 0, 0
44745, 0, 2, 2, 0, 0, 0
44746, 0, 2, 2, 0, 0, 0
44747, 1, 2, 2, 0, 1, 0
44748, 1, 2, 2, 0, 1, 0
44749, 7, 7, 7, 0, 7, 0
44750, 6, 7, 7, 0, 6, 0
44751, 0, 2, 2, 0, 0, 0
44752, 0, 2, 2, 0, 0, 0
46417, 0, 2, 2, 0, 0, 0
92251, 0, 1, 1, 0, 0, 0
92252, 0, 1, 1, 0, 0, 0
92253, 0, 1, 1, 0, 0, 0
96055, 22, 7, 6, 1, 22, 0
5485, 1, 0, 0, 0, 0, 1
5486, 0, 1, 0, 1, 0, 0
5487, 1, 0, 0, 0, 1, 0
5488, 0, 1, 1, 0, 0, 0
62133, 9, 14, 14, 0, 9, 0
85172, 1, 2, 2, 0, 1, 0
85471, 1, 1, 1, 0, 1, 0
85779, 0, 2, 2, 0, 0, 0
85780, 0, 1, 1, 0, 0, 0
23334, 1, 1, 1, 0, 1, 0
39853, 1, 2, 2, 0, 1, 0
48601, 7, 8, 8, 0, 7, 0
71151, 0, 12, 11, 1, 0, 0
29095, 5, 9, 8, 1, 5, 0
11860, 267, 134, 126, 8, 267, 0
27621, 16, 8, 7, 1, 15, 1
45037, 0, 7, 0, 7, 0, 0
56227, 0, 3, 0, 3, 0, 0
58837, 0, 6, 0, 6, 0, 0
60554, 74, 65, 56, 9, 74, 0
61571, 1, 10, 1, 9, 1, 0
62110, 30, 34, 26, 8, 30, 0
62781, 0, 11, 7, 4, 0, 0
67337, 2, 25, 22, 3, 2, 0
67980, 1, 11, 1, 10, 1, 0
68925, 0, 2, 0, 2, 0, 0
74141, 0, 3, 0, 3, 0, 0
74142, 0, 1, 0, 1, 0, 0
74143, 0, 1, 0, 1, 0, 0
74144, 0, 1, 0, 1, 0, 0
5498, 2, 2, 2, 0, 2, 0
8204, 2, 2, 2, 0, 2, 0
10638, 10, 3, 3, 0, 10, 0
82392, 0, 1, 1, 0, 0, 0
5500, 6, 0, 0, 0, 6, 0
52950, 11, 6, 6, 0, 11, 0
59289, 0, 2, 2, 0, 0, 0
60448, 1, 2, 2, 0, 1, 0
60734, 2, 2, 2, 0, 2, 0
60735, 0, 1, 1, 0, 0, 0
27869, 2, 1, 1, 0, 2, 0
45258, 6, 2, 2, 0, 6, 0
55710, 9, 8, 8, 0, 9, 0
59052, 0, 1, 1, 0, 0, 0
59053, 0, 1, 1, 0, 0, 0
59054, 0, 1, 1, 0, 0, 0
5503, 1, 0, 0, 0, 1, 0
5505, 1, 0, 0, 0, 1, 0
24643, 3, 14, 11, 3, 2, 1
32038, 11, 8, 8, 0, 10, 1
32039, 9, 4, 4, 0, 7, 2
32942, 1, 2, 1, 1, 1, 0
5509, 1, 0, 0, 0, 1, 0
24137, 22, 5, 5, 0, 20, 2
30862, 0, 1, 1, 0, 0, 0
5511, 1, 0, 0, 0, 1, 0
5512, 4, 5, 5, 0, 4, 0
5854, 2, 4, 4, 0, 2, 0
5855, 19, 2, 2, 0, 19, 0
5513, 2, 0, 0, 0, 2, 0
5514, 1, 3, 2, 1, 1, 0
5515, 1, 0, 0, 0, 1, 0
5516, 1, 1, 1, 0, 1, 0
9873, 10, 3, 3, 0, 10, 0
12324, 1, 3, 1, 2, 0, 1
12875, 2, 1, 1, 0, 2, 0
12876, 1, 2, 2, 0, 1, 0
12942, 4, 2, 2, 0, 4, 0
13740, 1, 1, 1, 0, 1, 0
14942, 8, 1, 1, 0, 7, 1
19370, 4, 4, 3, 1, 4, 0
32264, 11, 8, 8, 0, 9, 2
32359, 11, 2, 2, 0, 10, 1
58780, 1, 2, 2, 0, 1, 0
65413, 0, 7, 4, 3, 0, 0
81709, 2, 2, 2, 0, 2, 0
81905, 2, 3, 1, 2, 2, 0
82654, 0, 5, 5, 0, 0, 0
85490, 3, 1, 1, 0, 2, 1
90549, 24, 12, 11, 1, 24, 0
97239, 4, 2, 2, 0, 3, 1
98769, 20, 4, 4, 0, 20, 0
101536, 4, 2, 1, 1, 4, 0
103201, 10, 2, 2, 0, 10, 0
103536, 5, 2, 2, 0, 4, 1
103611, 5, 1, 1, 0, 5, 0
103633, 3, 3, 3, 0, 3, 0
103806, 6, 1, 1, 0, 5, 1
104009, 1, 2, 2, 0, 1, 0
104198, 3, 2, 2, 0, 3, 0
105087, 7, 3, 2, 1, 7, 0
105569, 23, 5, 5, 0, 23, 0
105739, 7, 2, 2, 0, 7, 0
106666, 20, 3, 3, 0, 20, 0
106978, 10, 4, 4, 0, 10, 0
108212, 23, 5, 5, 0, 23, 0
110307, 0, 2, 2, 0, 0, 0
111613, 3, 2, 1, 1, 1, 2
112465, 0, 1, 1, 0, 0, 0
112466, 0, 1, 1, 0, 0, 0
112497, 0, 1, 1, 0, 0, 0
112498, 2, 1, 1, 0, 2, 0
112506, 1, 2, 2, 0, 1, 0
112507, 0, 2, 2, 0, 0, 0
112508, 0, 1, 1, 0, 0, 0
112509, 0, 1, 1, 0, 0, 0
112511, 1, 2, 2, 0, 1, 0
112588, 0, 1, 1, 0, 0, 0
112666, 0, 1, 1, 0, 0, 0
112667, 0, 1, 1, 0, 0, 0
112668, 0, 1, 1, 0, 0, 0
112669, 0, 2, 1, 1, 0, 0
112755, 0, 1, 1, 0, 0, 0
112756, 0, 1, 1, 0, 0, 0
112757, 0, 1, 1, 0, 0, 0
112758, 1, 2, 2, 0, 1, 0
112761, 0, 1, 1, 0, 0, 0
115784, 0, 2, 2, 0, 0, 0
122209, 14, 2, 2, 0, 14, 0
5520, 1, 0, 0, 0, 1, 0
5826, 18, 5, 5, 0, 16, 2
7585, 9, 17, 17, 0, 9, 0
8413, 2, 4, 4, 0, 2, 0
9266, 2, 1, 1, 0, 2, 0
13290, 3, 3, 2, 1, 3, 0
13711, 0, 2, 2, 0, 0, 0
13837, 4, 6, 6, 0, 3, 1
13879, 22, 8, 8, 0, 22, 0
17175, 1, 5, 4, 1, 1, 0
21291, 0, 6, 6, 0, 0, 0
22513, 2, 1, 1, 0, 2, 0
24017, 0, 2, 2, 0, 0, 0
32674, 2, 3, 3, 0, 2, 0
38404, 0, 4, 4, 0, 0, 0
44962, 4, 3, 3, 0, 4, 0
54268, 0, 2, 1, 1, 0, 0
54270, 0, 1, 1, 0, 0, 0
54271, 0, 1, 1, 0, 0, 0
54272, 0, 1, 1, 0, 0, 0
54273, 0, 1, 1, 0, 0, 0
54275, 0, 1, 1, 0, 0, 0
54276, 7, 4, 4, 0, 7, 0
54277, 2, 2, 2, 0, 2, 0
54278, 0, 1, 1, 0, 0, 0
54279, 0, 2, 2, 0, 0, 0
54280, 0, 1, 1, 0, 0, 0
63440, 5, 2, 2, 0, 5, 0
70523, 41, 25, 25, 0, 41, 0
74236, 0, 2, 2, 0, 0, 0
76064, 12, 2, 2, 0, 11, 1
95539, 1, 1, 1, 0, 1, 0
96762, 0, 5, 5, 0, 0, 0
97209, 0, 1, 1, 0, 0, 0
97417, 8, 2, 2, 0, 8, 0
97418, 0, 1, 1, 0, 0, 0
97438, 0, 1, 1, 0, 0, 0
98700, 1, 1, 1, 0, 0, 1
100185, 0, 2, 2, 0, 0, 0
101162, 0, 2, 2, 0, 0, 0
102649, 1, 1, 1, 0, 1, 0
102720, 4, 3, 3, 0, 4, 0
102751, 0, 1, 1, 0, 0, 0
102962, 0, 1, 1, 0, 0, 0
103043, 0, 1, 1, 0, 0, 0
103680, 0, 2, 2, 0, 0, 0
107016, 0, 1, 1, 0, 0, 0
108206, 0, 1, 1, 0, 0, 0
108364, 1, 1, 1, 0, 1, 0
5523, 1, 0, 0, 0, 0, 1
5524, 0, 2, 1, 1, 0, 0
5529, 1, 0, 0, 0, 1, 0
5531, 1, 0, 0, 0, 1, 0
5532, 11, 8, 8, 0, 9, 2
5699, 5, 4, 3, 1, 5, 0
5700, 8, 6, 6, 0, 8, 0
5701, 2, 4, 4, 0, 2, 0
8003, 1, 1, 1, 0, 1, 0
93653, 8, 6, 6, 0, 8, 0
5534, 1, 1, 1, 0, 1, 0
5535, 1, 1, 1, 0, 1, 0
5536, 1, 0, 0, 0, 1, 0
5537, 1, 0, 0, 0, 1, 0
5538, 0, 1, 1, 0, 0, 0
61212, 5, 6, 4, 2, 5, 0
62577, 2, 1, 0, 1, 2, 0
99017, 1, 1, 0, 1, 0, 1
17194, 1, 2, 1, 1, 1, 0
17590, 1, 2, 1, 1, 1, 0
23105, 1, 5, 3, 2, 1, 0
52894, 0, 3, 1, 2, 0, 0
98066, 2, 5, 3, 2, 2, 0
104808, 1, 1, 0, 1, 1, 0
105198, 2, 3, 2, 1, 2, 0
105332, 0, 1, 0, 1, 0, 0
105857, 0, 2, 0, 2, 0, 0
105885, 0, 5, 1, 4, 0, 0
106030, 0, 2, 1, 1, 0, 0
106077, 0, 2, 1, 1, 0, 0
106164, 0, 1, 0, 1, 0, 0
106692, 0, 1, 0, 1, 0, 0
107167, 0, 1, 0, 1, 0, 0
113904, 2, 2, 1, 1, 1, 1
113905, 0, 3, 2, 1, 0, 0
8735, 8, 9, 9, 0, 5, 3
31963, 5, 1, 1, 0, 5, 0
44103, 2, 5, 5, 0, 1, 1
68598, 12, 6, 5, 1, 11, 1
88802, 0, 1, 1, 0, 0, 0
88803, 0, 1, 1, 0, 0, 0
54773, 5, 2, 2, 0, 5, 0
54811, 0, 2, 2, 0, 0, 0
58063, 14, 9, 9, 0, 14, 0
84556, 4, 4, 4, 0, 4, 0
95925, 5, 7, 7, 0, 5, 0
8492, 2, 2, 2, 0, 2, 0
38258, 3, 3, 3, 0, 3, 0
44541, 1, 1, 1, 0, 1, 0
48248, 2, 2, 2, 0, 2, 0
78725, 1, 1, 1, 0, 1, 0
50987, 0, 1, 1, 0, 0, 0
50988, 0, 1, 1, 0, 0, 0
100770, 0, 2, 1, 1, 0, 0
9559, 0, 2, 1, 1, 0, 0
13654, 16, 4, 4, 0, 16, 0
36049, 0, 2, 2, 0, 0, 0
39982, 1, 1, 1, 0, 1, 0
53581, 6, 5, 5, 0, 6, 0
57065, 2, 2, 2, 0, 2, 0
90623, 0, 1, 1, 0, 0, 0
22864, 1, 2, 1, 1, 1, 0
56936, 0, 5, 0, 5, 0, 0
67499, 0, 1, 0, 1, 0, 0
22411, 7, 5, 3, 2, 7, 0
92820, 4, 3, 3, 0, 4, 0
111908, 74, 13, 13, 0, 74, 0
112281, 0, 1, 1, 0, 0, 0
112890, 2, 2, 2, 0, 2, 0
114066, 0, 1, 1, 0, 0, 0
114102, 0, 1, 1, 0, 0, 0
115529, 0, 1, 1, 0, 0, 0
62702, 1, 1, 1, 0, 1, 0
14729, 1, 3, 2, 1, 1, 0
30364, 9, 10, 10, 0, 8, 1
33632, 28, 18, 17, 1, 28, 0
34164, 4, 2, 2, 0, 4, 0
37655, 4, 3, 3, 0, 4, 0
43529, 6, 3, 3, 0, 6, 0
46610, 27, 8, 8, 0, 27, 0
10567, 1, 1, 1, 0, 1, 0
11509, 2, 2, 2, 0, 2, 0
13789, 0, 3, 3, 0, 0, 0
13790, 1, 1, 0, 1, 1, 0
13791, 2, 1, 1, 0, 2, 0
9752, 3, 2, 2, 0, 3, 0
17070, 11, 5, 5, 0, 11, 0
18307, 3, 4, 3, 1, 3, 0
23085, 17, 12, 12, 0, 9, 8
24679, 1, 2, 2, 0, 1, 0
26045, 2, 1, 1, 0, 2, 0
26046, 1, 6, 6, 0, 1, 0
26047, 1, 2, 2, 0, 1, 0
27185, 39, 7, 7, 0, 39, 0
30632, 0, 5, 2, 3, 0, 0
33883, 1, 1, 1, 0, 0, 1
33885, 1, 1, 1, 0, 1, 0
33886, 1, 1, 1, 0, 1, 0
33887, 0, 1, 1, 0, 0, 0
33888, 22, 13, 13, 0, 22, 0
33889, 20, 14, 14, 0, 20, 0
33891, 23, 20, 18, 2, 23, 0
33892, 1, 5, 4, 1, 1, 0
48240, 15, 13, 13, 0, 14, 1
74256, 10, 4, 4, 0, 10, 0
100809, 1, 2, 2, 0, 1, 0
100810, 2, 2, 2, 0, 2, 0
104601, 4, 2, 1, 1, 4, 0
105472, 19, 2, 1, 1, 19, 0
107688, 6, 5, 4, 1, 5, 1
107723, 2, 2, 2, 0, 1, 1
111023, 8, 1, 1, 0, 8, 0
111196, 9, 2, 2, 0, 9, 0
115064, 1, 1, 1, 0, 1, 0
115347, 0, 3, 3, 0, 0, 0
116385, 3, 1, 1, 0, 3, 0
121503, 2, 1, 1, 0, 1, 1
121806, 6, 1, 1, 0, 6, 0
123656, 7, 1, 1, 0, 7, 0
127980, 11, 2, 2, 0, 11, 0
128546, 3, 1, 1, 0, 3, 0
128922, 7, 3, 3, 0, 7, 0
129138, 1, 1, 1, 0, 1, 0
129391, 1, 1, 1, 0, 1, 0
129457, 9, 6, 6, 0, 9, 0
129517, 0, 2, 2, 0, 0, 0
129539, 4, 3, 3, 0, 4, 0
129562, 6, 5, 5, 0, 6, 0
129563, 6, 7, 7, 0, 6, 0
129851, 9, 3, 3, 0, 9, 0
130166, 7, 1, 1, 0, 7, 0
130755, 8, 1, 1, 0, 8, 0
131004, 6, 3, 3, 0, 6, 0
131007, 1, 1, 1, 0, 1, 0
131040, 1, 1, 1, 0, 1, 0
131112, 1, 1, 1, 0, 1, 0
131157, 3, 1, 1, 0, 3, 0
131185, 138, 7, 5, 2, 138, 0
131209, 2, 1, 1, 0, 2, 0
131222, 3, 1, 1, 0, 2, 1
131248, 2, 2, 2, 0, 2, 0
131262, 1, 1, 1, 0, 1, 0
131345, 2, 1, 1, 0, 2, 0
131444, 3, 1, 1, 0, 3, 0
131450, 2, 1, 1, 0, 2, 0
131451, 1, 1, 1, 0, 1, 0
131535, 1, 1, 1, 0, 1, 0
131600, 0, 1, 1, 0, 0, 0
131601, 0, 2, 2, 0, 0, 0
131602, 0, 2, 2, 0, 0, 0
15153, 1, 1, 1, 0, 1, 0
17913, 0, 5, 0, 5, 0, 0
52790, 0, 4, 0, 4, 0, 0
52792, 0, 1, 1, 0, 0, 0
52793, 0, 1, 1, 0, 0, 0
52794, 0, 1, 1, 0, 0, 0
52795, 0, 1, 1, 0, 0, 0
34740, 1, 6, 6, 0, 1, 0
35624, 0, 13, 0, 13, 0, 0
53718, 0, 1, 1, 0, 0, 0
7902, 27, 13, 13, 0, 27, 0
11280, 26, 31, 31, 0, 26, 0
25347, 25, 34, 34, 0, 25, 0
41592, 2, 8, 8, 0, 2, 0
41593, 2, 6, 6, 0, 2, 0
44450, 10, 4, 4, 0, 10, 0
44451, 30, 5, 5, 0, 30, 0
45188, 0, 3, 3, 0, 0, 0
46528, 9, 5, 5, 0, 9, 0
47010, 13, 10, 10, 0, 13, 0
47862, 1, 3, 3, 0, 1, 0
47864, 0, 1, 0, 1, 0, 0
94650, 1, 1, 1, 0, 0, 1
97941, 1, 2, 1, 1, 1, 0
5573, 0, 2, 2, 0, 0, 0
6946, 1, 1, 1, 0, 0, 1
13461, 1, 2, 2, 0, 1, 0
98559, 7, 3, 3, 0, 7, 0
113249, 0, 1, 1, 0, 0, 0
113250, 0, 1, 1, 0, 0, 0
113251, 0, 1, 1, 0, 0, 0
7258, 1, 1, 1, 0, 1, 0
20260, 1, 9, 9, 0, 1, 0
22199, 28, 15, 15, 0, 28, 0
37096, 1, 1, 1, 0, 1, 0
50847, 21, 2, 2, 0, 21, 0
53150, 0, 5, 1, 4, 0, 0
53617, 11, 3, 3, 0, 8, 3
53619, 0, 1, 1, 0, 0, 0
53620, 0, 1, 1, 0, 0, 0
33792, 13, 3, 2, 1, 13, 0
62692, 12, 3, 3, 0, 12, 0
84262, 2, 2, 2, 0, 2, 0
85614, 2, 1, 1, 0, 2, 0
85615, 5, 4, 4, 0, 5, 0
85736, 0, 1, 1, 0, 0, 0
85737, 0, 1, 1, 0, 0, 0
130678, 0, 1, 1, 0, 0, 0
5575, 1, 0, 0, 0, 0, 1
5576, 2, 0, 0, 0, 2, 0
5577, 1, 6, 5, 1, 1, 0
123329, 1, 1, 1, 0, 1, 0
5580, 1, 0, 0, 0, 1, 0
23997, 0, 1, 1, 0, 0, 0
5582, 1, 0, 0, 0, 0, 1
5585, 1, 0, 0, 0, 0, 1
5586, 1, 0, 0, 0, 0, 1
5587, 1, 1, 1, 0, 1, 0
68198, 0, 2, 2, 0, 0, 0
78422, 0, 2, 2, 0, 0, 0
38417, 0, 1, 0, 1, 0, 0
38418, 0, 1, 0, 1, 0, 0
10885, 53, 18, 18, 0, 53, 0
15836, 0, 1, 0, 1, 0, 0
28254, 0, 2, 0, 2, 0, 0
29077, 1, 2, 1, 1, 1, 0
41765, 0, 2, 0, 2, 0, 0
53838, 1, 1, 0, 1, 0, 1
65265, 0, 3, 0, 3, 0, 0
93046, 0, 1, 0, 1, 0, 0
93047, 0, 1, 0, 1, 0, 0
93048, 0, 2, 0, 2, 0, 0
93049, 0, 1, 0, 1, 0, 0
93050, 0, 1, 0, 1, 0, 0
5593, 1, 0, 0, 0, 1, 0
5594, 0, 1, 1, 0, 0, 0
5597, 1, 0, 0, 0, 1, 0
25638, 1, 1, 1, 0, 1, 0
26680, 1, 1, 1, 0, 1, 0
5599, 1, 1, 1, 0, 1, 0
33650, 25, 17, 15, 2, 22, 3
60079, 7, 8, 6, 2, 7, 0
60593, 3, 3, 3, 0, 3, 0
61027, 1, 3, 3, 0, 1, 0
63200, 6, 1, 1, 0, 6, 0
63201, 3, 5, 5, 0, 3, 0
63203, 3, 4, 4, 0, 3, 0
65007, 2, 6, 6, 0, 2, 0
65529, 2, 4, 4, 0, 2, 0
74155, 0, 2, 2, 0, 0, 0
74156, 0, 1, 1, 0, 0, 0
5601, 1, 0, 0, 0, 1, 0
5602, 2, 1, 1, 0, 2, 0
7942, 14, 2, 2, 0, 14, 0
7943, 1, 2, 2, 0, 1, 0
99514, 2, 1, 1, 0, 2, 0
5604, 1, 0, 0, 0, 1, 0
5605, 4, 4, 4, 0, 4, 0
106573, 2, 2, 2, 0, 2, 0
12350, 3, 2, 1, 1, 2, 1
82361, 0, 1, 1, 0, 0, 0
5607, 1, 0, 0, 0, 1, 0
5609, 0, 3, 2, 1, 0, 0
20840, 0, 5, 0, 5, 0, 0
20841, 0, 3, 0, 3, 0, 0
20846, 1, 1, 0, 1, 1, 0
37433, 2, 2, 1, 1, 0, 2
37619, 39, 6, 3, 3, 29, 10
39669, 1, 6, 5, 1, 1, 0
28791, 24, 22, 20, 2, 20, 4
32251, 4, 6, 4, 2, 4, 0
38561, 0, 30, 24, 6, 0, 0
40352, 6, 14, 14, 0, 6, 0
57913, 7, 5, 5, 0, 7, 0
58195, 28, 3, 3, 0, 28, 0
60396, 0, 6, 3, 3, 0, 0
63199, 0, 2, 2, 0, 0, 0
67905, 0, 1, 1, 0, 0, 0
67906, 0, 1, 1, 0, 0, 0
67907, 25, 6, 5, 1, 25, 0
67908, 1, 2, 2, 0, 1, 0
67909, 0, 1, 1, 0, 0, 0
67910, 2, 1, 1, 0, 2, 0
5614, 1, 0, 0, 0, 0, 1
5615, 0, 2, 1, 1, 0, 0
5616, 1, 0, 0, 0, 1, 0
5618, 1, 0, 0, 0, 1, 0
5619, 0, 1, 1, 0, 0, 0
5620, 1, 0, 0, 0, 0, 1
5622, 5, 0, 0, 0, 5, 0
5623, 1, 0, 0, 0, 1, 0
5625, 1, 0, 0, 0, 1, 0
5627, 1, 1, 1, 0, 1, 0
35610, 0, 1, 1, 0, 0, 0
5630, 6, 0, 0, 0, 2, 4
9359, 3, 1, 0, 1, 3, 0
5631, 3, 0, 0, 0, 3, 0
5632, 0, 1, 1, 0, 0, 0
5636, 1, 0, 0, 0, 1, 0
5637, 3, 0, 0, 0, 3, 0
5638, 1, 2, 2, 0, 1, 0
38848, 3, 4, 3, 1, 3, 0
47073, 2, 3, 0, 3, 0, 2
50729, 1, 1, 0, 1, 1, 0
57784, 0, 1, 0, 1, 0, 0
57785, 0, 1, 0, 1, 0, 0
57790, 0, 2, 0, 2, 0, 0
57791, 0, 1, 0, 1, 0, 0
16449, 0, 3, 0, 3, 0, 0
19349, 2, 1, 0, 1, 2, 0
20287, 0, 2, 0, 2, 0, 0
20314, 0, 3, 0, 3, 0, 0
20330, 0, 4, 0, 4, 0, 0
28365, 0, 2, 0, 2, 0, 0
32146, 0, 4, 0, 4, 0, 0
36742, 3, 4, 3, 1, 3, 0
38388, 0, 8, 0, 8, 0, 0
49379, 0, 7, 0, 7, 0, 0
56418, 0, 4, 1, 3, 0, 0
60624, 0, 4, 0, 4, 0, 0
63613, 0, 2, 0, 2, 0, 0
64030, 0, 2, 0, 2, 0, 0
65893, 0, 4, 0, 4, 0, 0
80903, 0, 1, 0, 1, 0, 0
80906, 0, 1, 0, 1, 0, 0
80907, 0, 5, 0, 5, 0, 0
80908, 0, 1, 0, 1, 0, 0
80909, 0, 1, 0, 1, 0, 0
80910, 0, 1, 0, 1, 0, 0
80911, 0, 1, 0, 1, 0, 0
80912, 0, 1, 0, 1, 0, 0
80913, 0, 1, 0, 1, 0, 0
80914, 0, 1, 0, 1, 0, 0
80915, 0, 1, 0, 1, 0, 0
80919, 0, 3, 0, 3, 0, 0
80920, 0, 1, 0, 1, 0, 0
80921, 0, 1, 0, 1, 0, 0
80922, 0, 1, 0, 1, 0, 0
80923, 0, 1, 0, 1, 0, 0
80924, 0, 2, 0, 2, 0, 0
80925, 0, 1, 0, 1, 0, 0
80926, 0, 1, 0, 1, 0, 0
80927, 0, 2, 0, 2, 0, 0
17558, 10, 8, 7, 1, 6, 4
5643, 1, 0, 0, 0, 1, 0
5644, 1, 0, 0, 0, 1, 0
5645, 1, 0, 0, 0, 1, 0
5646, 0, 1, 1, 0, 0, 0
5647, 1, 0, 0, 0, 1, 0
5648, 4, 2, 2, 0, 3, 1
6669, 1, 1, 1, 0, 1, 0
5649, 1, 0, 0, 0, 1, 0
25771, 1, 9, 8, 1, 1, 0
43424, 82, 46, 45, 1, 76, 6
50839, 16, 9, 7, 2, 16, 0
52811, 18, 16, 16, 0, 18, 0
53253, 17, 11, 11, 0, 16, 1
69782, 8, 9, 8, 1, 8, 0
72066, 15, 6, 6, 0, 8, 7
81850, 3, 2, 1, 1, 3, 0
88995, 1, 1, 1, 0, 1, 0
93078, 0, 1, 1, 0, 0, 0
93079, 0, 2, 1, 1, 0, 0
5651, 2, 1, 1, 0, 2, 0
5652, 3, 1, 1, 0, 3, 0
5653, 1, 0, 0, 0, 1, 0
6474, 21, 14, 13, 1, 17, 4
17407, 7, 2, 1, 1, 6, 1
18567, 0, 4, 2, 2, 0, 0
28330, 5, 2, 2, 0, 5, 0
31172, 7, 5, 5, 0, 6, 1
33023, 7, 4, 4, 0, 7, 0
39095, 0, 1, 1, 0, 0, 0
39097, 5, 6, 5, 1, 2, 3
39098, 8, 7, 7, 0, 7, 1
5655, 2, 0, 0, 0, 2, 0
5657, 1, 1, 1, 0, 1, 0
7098, 9, 8, 8, 0, 9, 0
10443, 12, 2, 1, 1, 12, 0
12412, 1, 1, 1, 0, 1, 0
20417, 0, 3, 0, 3, 0, 0
20418, 0, 3, 0, 3, 0, 0
20420, 0, 3, 0, 3, 0, 0
20423, 0, 4, 0, 4, 0, 0
21992, 18, 3, 3, 0, 18, 0
29734, 9, 9, 9, 0, 8, 1
33484, 2, 2, 2, 0, 2, 0
37603, 1, 1, 1, 0, 1, 0
39373, 1, 2, 1, 1, 1, 0
57109, 69, 23, 23, 0, 69, 0
60331, 0, 2, 0, 2, 0, 0
63678, 0, 2, 0, 2, 0, 0
76003, 0, 3, 0, 3, 0, 0
82666, 0, 2, 0, 2, 0, 0
82667, 0, 2, 0, 2, 0, 0
82668, 0, 1, 0, 1, 0, 0
82669, 0, 1, 0, 1, 0, 0
82670, 0, 1, 0, 1, 0, 0
5659, 1, 0, 0, 0, 0, 1
6247, 0, 1, 0, 1, 0, 0
6248, 0, 1, 1, 0, 0, 0
5661, 1, 0, 0, 0, 0, 1
5662, 1, 0, 0, 0, 1, 0
33412, 6, 4, 4, 0, 6, 0
7806, 1, 2, 0, 2, 1, 0
11826, 6, 49, 47, 2, 6, 0
13088, 3, 3, 2, 1, 2, 1
14790, 6, 5, 3, 2, 3, 3
17191, 0, 2, 1, 1, 0, 0
17192, 0, 2, 1, 1, 0, 0
17193, 0, 2, 1, 1, 0, 0
19449, 6, 2, 1, 1, 6, 0
24341, 2, 3, 2, 1, 2, 0
26076, 0, 5, 2, 3, 0, 0
30367, 1, 4, 4, 0, 1, 0
32065, 6, 6, 5, 1, 6, 0
38606, 6, 10, 5, 5, 6, 0
41882, 1, 4, 3, 1, 1, 0
44439, 1, 2, 0, 2, 1, 0
44673, 4, 3, 3, 0, 4, 0
45040, 0, 4, 0, 4, 0, 0
45053, 0, 6, 0, 6, 0, 0
45055, 0, 5, 0, 5, 0, 0
45056, 0, 5, 0, 5, 0, 0
45057, 0, 5, 0, 5, 0, 0
45103, 0, 2, 0, 2, 0, 0
45866, 0, 6, 1, 5, 0, 0
46379, 1, 1, 0, 1, 0, 1
46704, 3, 4, 2, 2, 3, 0
46838, 3, 8, 1, 7, 2, 1
48206, 33, 23, 17, 6, 32, 1
48267, 0, 10, 2, 8, 0, 0
48506, 0, 7, 0, 7, 0, 0
49143, 0, 10, 1, 9, 0, 0
49820, 1, 1, 0, 1, 0, 1
52408, 7, 9, 6, 3, 7, 0
52425, 0, 8, 0, 8, 0, 0
53782, 30, 33, 29, 4, 30, 0
53966, 1, 2, 0, 2, 0, 1
56937, 0, 6, 0, 6, 0, 0
57158, 1, 37, 31, 6, 1, 0
57594, 1, 1, 0, 1, 1, 0
58124, 118, 56, 47, 9, 118, 0
58845, 0, 3, 0, 3, 0, 0
58846, 0, 6, 0, 6, 0, 0
58849, 0, 4, 0, 4, 0, 0
58853, 0, 5, 0, 5, 0, 0
58854, 0, 5, 0, 5, 0, 0
58857, 0, 5, 0, 5, 0, 0
58861, 0, 4, 0, 4, 0, 0
62094, 0, 5, 0, 5, 0, 0
62095, 0, 5, 0, 5, 0, 0
62096, 0, 4, 0, 4, 0, 0
62108, 10, 11, 6, 5, 10, 0
63362, 0, 3, 0, 3, 0, 0
63552, 5, 6, 1, 5, 5, 0
68895, 0, 12, 7, 5, 0, 0
69903, 1, 5, 2, 3, 1, 0
72697, 0, 2, 0, 2, 0, 0
76188, 0, 4, 0, 4, 0, 0
76897, 8, 7, 3, 4, 8, 0
76961, 0, 3, 0, 3, 0, 0
79815, 2, 1, 0, 1, 2, 0
82002, 0, 8, 0, 8, 0, 0
82003, 0, 3, 0, 3, 0, 0
82006, 0, 4, 0, 4, 0, 0
82007, 0, 3, 0, 3, 0, 0
82159, 0, 3, 0, 3, 0, 0
82160, 0, 5, 0, 5, 0, 0
82161, 0, 4, 0, 4, 0, 0
82165, 0, 3, 0, 3, 0, 0
83204, 0, 2, 0, 2, 0, 0
86183, 0, 2, 0, 2, 0, 0
86184, 0, 2, 0, 2, 0, 0
86580, 0, 1, 0, 1, 0, 0
86581, 0, 1, 0, 1, 0, 0
86582, 0, 1, 0, 1, 0, 0
86583, 0, 1, 0, 1, 0, 0
86584, 0, 1, 0, 1, 0, 0
86585, 0, 1, 1, 0, 0, 0
86587, 0, 1, 0, 1, 0, 0
86588, 0, 1, 0, 1, 0, 0
86589, 0, 1, 0, 1, 0, 0
86590, 0, 1, 0, 1, 0, 0
86591, 0, 1, 0, 1, 0, 0
107559, 0, 1, 0, 1, 0, 0
5670, 1, 0, 0, 0, 0, 1
5671, 1, 0, 0, 0, 1, 0
5672, 11, 0, 0, 0, 4, 7
5676, 4, 5, 5, 0, 3, 1
11118, 24, 16, 13, 3, 15, 9
37040, 2, 6, 6, 0, 2, 0
44511, 4, 5, 5, 0, 4, 0
44512, 4, 3, 3, 0, 4, 0
46497, 6, 2, 2, 0, 6, 0
71600, 9, 8, 4, 4, 9, 0
79802, 0, 2, 2, 0, 0, 0
29343, 0, 1, 1, 0, 0, 0
29347, 3, 1, 0, 1, 3, 0
29349, 0, 1, 1, 0, 0, 0
29350, 0, 1, 0, 1, 0, 0
29353, 0, 1, 1, 0, 0, 0
29354, 0, 1, 1, 0, 0, 0
67921, 1, 1, 1, 0, 1, 0
7067, 2, 4, 3, 1, 2, 0
67886, 43, 15, 15, 0, 43, 0
79648, 0, 2, 2, 0, 0, 0
109014, 0, 1, 0, 1, 0, 0
5679, 1, 1, 1, 0, 1, 0
9533, 0, 3, 3, 0, 0, 0
9609, 0, 2, 2, 0, 0, 0
23590, 3, 5, 5, 0, 3, 0
26599, 9, 5, 4, 1, 9, 0
26601, 9, 6, 6, 0, 9, 0
26602, 1, 3, 3, 0, 1, 0
67136, 1, 3, 3, 0, 1, 0
75049, 7, 5, 5, 0, 7, 0
95425, 0, 1, 1, 0, 0, 0
59591, 1, 3, 3, 0, 1, 0
113636, 0, 1, 0, 1, 0, 0
5682, 1, 0, 0, 0, 1, 0
5683, 1, 0, 0, 0, 1, 0
7367, 7, 5, 5, 0, 5, 2
51520, 0, 2, 0, 2, 0, 0
58474, 8, 13, 13, 0, 7, 1
65496, 10, 11, 10, 1, 10, 0
79040, 1, 1, 1, 0, 1, 0
83262, 4, 11, 11, 0, 4, 0
85039, 1, 1, 1, 0, 0, 1
87612, 1, 1, 1, 0, 1, 0
88908, 1, 1, 1, 0, 1, 0
90910, 0, 3, 3, 0, 0, 0
5685, 2, 0, 0, 0, 2, 0
100758, 0, 3, 3, 0, 0, 0
5688, 0, 1, 1, 0, 0, 0
5689, 0, 1, 1, 0, 0, 0
5690, 0, 1, 1, 0, 0, 0
5691, 0, 1, 1, 0, 0, 0
5692, 0, 2, 1, 1, 0, 0
5693, 0, 1, 1, 0, 0, 0
59936, 0, 2, 2, 0, 0, 0
94017, 2, 1, 1, 0, 2, 0
94018, 0, 1, 1, 0, 0, 0
7729, 2, 1, 0, 1, 2, 0
12487, 0, 3, 0, 3, 0, 0
21774, 0, 8, 0, 8, 0, 0
32248, 6, 9, 1, 8, 6, 0
32744, 0, 4, 0, 4, 0, 0
32747, 0, 2, 0, 2, 0, 0
32994, 0, 2, 0, 2, 0, 0
54594, 13, 9, 7, 2, 13, 0
54595, 3, 4, 3, 1, 3, 0
54597, 0, 1, 0, 1, 0, 0
54598, 2, 3, 0, 3, 2, 0
54599, 0, 5, 1, 4, 0, 0
76685, 0, 3, 0, 3, 0, 0
94167, 1, 1, 0, 1, 1, 0
5695, 0, 4, 3, 1, 0, 0
5696, 0, 1, 1, 0, 0, 0
11044, 0, 13, 12, 1, 0, 0
18719, 1, 2, 2, 0, 1, 0
18723, 1, 1, 1, 0, 1, 0
52997, 1, 1, 1, 0, 1, 0
5702, 1, 0, 0, 0, 0, 1
22122, 6, 7, 6, 1, 6, 0
22123, 6, 7, 6, 1, 5, 1
22124, 5, 7, 6, 1, 5, 0
32398, 3, 2, 1, 1, 3, 0
92677, 0, 2, 0, 2, 0, 0
92678, 0, 2, 0, 2, 0, 0
92679, 0, 2, 0, 2, 0, 0
92680, 0, 2, 0, 2, 0, 0
92898, 0, 1, 0, 1, 0, 0
5704, 1, 0, 0, 0, 1, 0
5705, 1, 0, 0, 0, 1, 0
29175, 23, 11, 10, 1, 20, 3
34942, 0, 4, 0, 4, 0, 0
39328, 1, 2, 2, 0, 1, 0
61467, 4, 6, 5, 1, 3, 1
77417, 6, 3, 3, 0, 6, 0
88947, 0, 1, 0, 1, 0, 0
88948, 0, 1, 0, 1, 0, 0
5707, 5, 1, 1, 0, 4, 1
5708, 2, 1, 1, 0, 2, 0
5710, 2, 1, 1, 0, 2, 0
5711, 1, 0, 0, 0, 1, 0
5712, 1, 0, 0, 0, 1, 0
5713, 1, 0, 0, 0, 1, 0
17554, 9, 2, 2, 0, 8, 1
19241, 0, 5, 0, 5, 0, 0
32926, 9, 2, 2, 0, 8, 1
48089, 0, 3, 0, 3, 0, 0
53734, 1, 2, 2, 0, 1, 0
58572, 11, 6, 6, 0, 11, 0
69633, 0, 3, 0, 3, 0, 0
71641, 0, 2, 0, 2, 0, 0
71642, 0, 2, 0, 2, 0, 0
71643, 0, 3, 0, 3, 0, 0
5716, 2, 1, 1, 0, 2, 0
28122, 0, 2, 0, 2, 0, 0
5718, 1, 0, 0, 0, 1, 0
5722, 0, 2, 2, 0, 0, 0
5723, 1, 0, 0, 0, 1, 0
5724, 0, 1, 1, 0, 0, 0
28364, 3, 6, 4, 2, 3, 0
47722, 2, 5, 3, 2, 2, 0
54600, 0, 1, 1, 0, 0, 0
42694, 1, 3, 1, 2, 0, 1
10145, 21, 5, 4, 1, 14, 7
14557, 69, 69, 67, 2, 69, 0
14558, 96, 87, 86, 1, 96, 0
15410, 0, 2, 2, 0, 0, 0
15411, 0, 2, 2, 0, 0, 0
15434, 2, 1, 1, 0, 2, 0
20948, 54, 4, 3, 1, 54, 0
21137, 3, 2, 2, 0, 3, 0
21139, 1, 8, 8, 0, 1, 0
21142, 0, 2, 2, 0, 0, 0
21151, 2, 4, 3, 1, 1, 1
21153, 9, 17, 16, 1, 8, 1
21156, 0, 7, 7, 0, 0, 0
21167, 38, 38, 37, 1, 38, 0
21171, 3, 6, 6, 0, 3, 0
21176, 19, 23, 22, 1, 19, 0
21178, 0, 1, 1, 0, 0, 0
21181, 6, 3, 3, 0, 5, 1
21183, 0, 2, 2, 0, 0, 0
21184, 0, 1, 1, 0, 0, 0
21185, 0, 1, 1, 0, 0, 0
21192, 1, 1, 1, 0, 1, 0
21198, 0, 8, 8, 0, 0, 0
21201, 2, 3, 3, 0, 1, 1
21202, 1, 3, 3, 0, 1, 0
21204, 1, 2, 2, 0, 1, 0
21205, 1, 2, 2, 0, 1, 0
21207, 0, 1, 1, 0, 0, 0
21208, 1, 2, 2, 0, 1, 0
21215, 20, 12, 11, 1, 20, 0
21219, 7, 2, 2, 0, 6, 1
21221, 2, 2, 2, 0, 2, 0
21223, 0, 7, 7, 0, 0, 0
21225, 18, 10, 10, 0, 17, 1
21226, 1, 2, 2, 0, 1, 0
21227, 1, 9, 9, 0, 1, 0
21228, 5, 7, 7, 0, 5, 0
21229, 5, 10, 10, 0, 5, 0
21230, 3, 1, 1, 0, 3, 0
21232, 0, 2, 2, 0, 0, 0
21233, 0, 1, 1, 0, 0, 0
21234, 0, 1, 1, 0, 0, 0
21235, 0, 1, 1, 0, 0, 0
21237, 1, 2, 2, 0, 1, 0
21241, 0, 1, 1, 0, 0, 0
21243, 1, 3, 3, 0, 1, 0
23077, 5, 3, 3, 0, 5, 0
44721, 345, 4, 4, 0, 343, 2
93394, 1, 2, 2, 0, 1, 0
93435, 3, 1, 1, 0, 3, 0
107224, 1, 1, 1, 0, 1, 0
69725, 2, 7, 7, 0, 2, 0
23117, 2, 7, 6, 1, 2, 0
24559, 2, 12, 11, 1, 2, 0
36800, 1, 5, 5, 0, 0, 1
66999, 3, 3, 3, 0, 3, 0
68147, 25, 20, 20, 0, 25, 0
70469, 4, 1, 1, 0, 4, 0
73069, 1, 3, 3, 0, 1, 0
73431, 3, 2, 2, 0, 3, 0
74053, 0, 2, 2, 0, 0, 0
84011, 4, 1, 1, 0, 4, 0
85897, 1, 5, 5, 0, 1, 0
90585, 0, 1, 1, 0, 0, 0
27084, 5, 9, 7, 2, 5, 0
82896, 3, 4, 4, 0, 3, 0
94162, 0, 1, 1, 0, 0, 0
60401, 2, 1, 1, 0, 2, 0
92309, 0, 1, 0, 1, 0, 0
67682, 0, 4, 4, 0, 0, 0
72600, 15, 14, 14, 0, 15, 0
28555, 4, 20, 19, 1, 4, 0
41231, 2, 6, 6, 0, 2, 0
41470, 0, 6, 6, 0, 0, 0
67395, 0, 5, 5, 0, 0, 0
77409, 1, 4, 4, 0, 1, 0
77448, 4, 7, 7, 0, 4, 0
91008, 1, 4, 4, 0, 1, 0
91202, 1, 1, 1, 0, 1, 0
92111, 1, 1, 1, 0, 1, 0
93107, 0, 1, 1, 0, 0, 0
93108, 0, 1, 1, 0, 0, 0
7278, 8, 11, 11, 0, 8, 0
10544, 1, 5, 5, 0, 0, 1
11671, 3, 7, 2, 5, 3, 0
11734, 326, 122, 119, 3, 326, 0
14564, 322, 36, 29, 7, 322, 0
25261, 29, 12, 12, 0, 29, 0
35791, 0, 2, 1, 1, 0, 0
44341, 0, 3, 3, 0, 0, 0
60143, 0, 51, 50, 1, 0, 0
62645, 114, 45, 43, 2, 114, 0
63308, 2, 4, 4, 0, 2, 0
65732, 0, 5, 5, 0, 0, 0
67117, 1, 7, 6, 1, 1, 0
67926, 5, 4, 4, 0, 5, 0
74315, 4, 3, 3, 0, 4, 0
93125, 0, 1, 1, 0, 0, 0
93126, 0, 1, 1, 0, 0, 0
93127, 0, 1, 0, 1, 0, 0
121194, 0, 1, 0, 1, 0, 0
45510, 13, 27, 27, 0, 12, 1
92107, 1, 1, 1, 0, 1, 0
92637, 0, 1, 1, 0, 0, 0
92638, 0, 1, 1, 0, 0, 0
12033, 22, 14, 14, 0, 22, 0
63041, 10, 6, 6, 0, 10, 0
63043, 0, 5, 4, 1, 0, 0
63044, 0, 2, 2, 0, 0, 0
63045, 0, 1, 1, 0, 0, 0
63046, 0, 1, 1, 0, 0, 0
71908, 3, 4, 4, 0, 3, 0
12113, 22, 19, 19, 0, 22, 0
65050, 8, 15, 15, 0, 8, 0
69942, 1, 2, 2, 0, 1, 0
69943, 0, 2, 2, 0, 0, 0
71565, 1, 2, 2, 0, 1, 0
73693, 0, 2, 2, 0, 0, 0
73694, 0, 2, 2, 0, 0, 0
73797, 0, 1, 1, 0, 0, 0
73798, 0, 3, 3, 0, 0, 0
73799, 0, 1, 1, 0, 0, 0
73800, 0, 1, 1, 0, 0, 0
12805, 40, 26, 26, 0, 40, 0
14527, 1, 2, 1, 1, 1, 0
42456, 41, 14, 14, 0, 41, 0
56276, 1, 4, 4, 0, 1, 0
62197, 4, 4, 4, 0, 4, 0
72785, 3, 3, 3, 0, 3, 0
74018, 0, 3, 3, 0, 0, 0
74082, 4, 3, 3, 0, 4, 0
75856, 22, 7, 7, 0, 22, 0
13334, 2, 1, 1, 0, 2, 0
33255, 4, 3, 3, 0, 4, 0
44350, 0, 2, 2, 0, 0, 0
44583, 3, 1, 0, 1, 2, 1
106182, 3, 2, 1, 1, 3, 0
110074, 0, 1, 0, 1, 0, 0
122007, 3, 1, 1, 0, 3, 0
32964, 0, 2, 1, 1, 0, 0
40695, 0, 4, 0, 4, 0, 0
41648, 5, 2, 1, 1, 5, 0
44590, 0, 4, 0, 4, 0, 0
92123, 0, 1, 0, 1, 0, 0
104119, 0, 1, 0, 1, 0, 0
109438, 6, 1, 0, 1, 6, 0
119663, 5, 2, 1, 1, 5, 0
12074, 0, 1, 1, 0, 0, 0
12932, 49, 36, 33, 3, 49, 0
29380, 7, 3, 3, 0, 7, 0
70732, 0, 1, 1, 0, 0, 0
70733, 8, 8, 8, 0, 8, 0
26201, 0, 7, 1, 6, 0, 0
125850, 0, 1, 0, 1, 0, 0
5762, 1, 0, 0, 0, 0, 1
5763, 0, 1, 0, 1, 0, 0
5764, 1, 0, 0, 0, 1, 0
29030, 29, 7, 7, 0, 15, 14
30857, 4, 4, 4, 0, 4, 0
106132, 1, 1, 1, 0, 1, 0
41920, 4, 8, 8, 0, 4, 0
92889, 0, 1, 1, 0, 0, 0
92890, 0, 1, 1, 0, 0, 0
94777, 4, 1, 1, 0, 4, 0
19337, 6, 6, 6, 0, 6, 0
39729, 17, 8, 8, 0, 16, 1
26852, 4, 20, 19, 1, 3, 1
92906, 0, 1, 0, 1, 0, 0
5772, 1, 0, 0, 0, 0, 1
18024, 0, 5, 0, 5, 0, 0
22138, 8, 6, 6, 0, 8, 0
128170, 1, 5, 5, 0, 1, 0
131461, 6, 7, 7, 0, 6, 0
94255, 5, 3, 3, 0, 5, 0
94680, 0, 1, 1, 0, 0, 0
5776, 1, 0, 0, 0, 0, 1
35199, 1, 2, 0, 2, 0, 1
50285, 7, 3, 3, 0, 6, 1
89281, 0, 1, 1, 0, 0, 0
89282, 0, 1, 0, 1, 0, 0
120046, 0, 1, 0, 1, 0, 0
120047, 0, 1, 0, 1, 0, 0
120211, 0, 1, 0, 1, 0, 0
120291, 0, 1, 0, 1, 0, 0
126875, 0, 1, 1, 0, 0, 0
130232, 0, 1, 0, 1, 0, 0
5778, 3, 0, 0, 0, 3, 0
5780, 0, 2, 2, 0, 0, 0
5782, 1, 0, 0, 0, 1, 0
69275, 6, 4, 4, 0, 6, 0
69277, 20, 19, 19, 0, 20, 0
73792, 1, 2, 2, 0, 1, 0
5784, 1, 0, 0, 0, 0, 1
5785, 0, 3, 2, 1, 0, 0
5786, 1, 0, 0, 0, 1, 0
5790, 1, 0, 0, 0, 1, 0
5792, 1, 0, 0, 0, 1, 0
5793, 0, 2, 2, 0, 0, 0
5794, 1, 0, 0, 0, 0, 1
5795, 2, 0, 0, 0, 2, 0
5796, 27, 8, 7, 1, 27, 0
44179, 1, 1, 1, 0, 1, 0
5797, 3, 0, 0, 0, 3, 0
15105, 3, 3, 3, 0, 3, 0
26446, 0, 2, 2, 0, 0, 0
51826, 0, 1, 1, 0, 0, 0
10687, 1, 1, 1, 0, 1, 0
15456, 6, 4, 4, 0, 6, 0
43471, 0, 2, 2, 0, 0, 0
50608, 2, 1, 1, 0, 2, 0
50631, 1, 2, 2, 0, 1, 0
50632, 0, 1, 1, 0, 0, 0
5800, 1, 0, 0, 0, 1, 0
5801, 1, 0, 0, 0, 1, 0
5803, 2, 0, 0, 0, 2, 0
5804, 2, 1, 1, 0, 2, 0
5806, 1, 2, 2, 0, 1, 0
7236, 1, 3, 3, 0, 1, 0
101240, 1, 2, 2, 0, 1, 0
104342, 13, 3, 3, 0, 12, 1
125058, 0, 1, 1, 0, 0, 0
5809, 7, 0, 0, 0, 5, 2
5810, 0, 2, 1, 1, 0, 0
5811, 0, 1, 1, 0, 0, 0
5812, 0, 1, 1, 0, 0, 0
22900, 4, 3, 2, 1, 1, 3
28750, 1, 7, 4, 3, 1, 0
29129, 5, 9, 7, 2, 5, 0
34771, 10, 13, 11, 2, 10, 0
34772, 14, 13, 12, 1, 14, 0
34773, 5, 7, 6, 1, 5, 0
38253, 5, 9, 8, 1, 5, 0
38743, 7, 2, 2, 0, 7, 0
38744, 15, 15, 14, 1, 15, 0
38745, 4, 7, 6, 1, 4, 0
44527, 3, 6, 6, 0, 3, 0
45727, 0, 2, 2, 0, 0, 0
45909, 2, 3, 3, 0, 2, 0
46272, 1, 1, 1, 0, 1, 0
46508, 4, 4, 3, 1, 4, 0
46511, 1, 2, 2, 0, 1, 0
46523, 0, 5, 4, 1, 0, 0
62574, 24, 5, 5, 0, 24, 0
85561, 1, 1, 1, 0, 1, 0
85562, 0, 1, 1, 0, 0, 0
41167, 3, 3, 3, 0, 3, 0
41168, 1, 1, 1, 0, 1, 0
41169, 1, 1, 1, 0, 1, 0
41170, 1, 2, 2, 0, 1, 0
27657, 29, 8, 7, 1, 29, 0
5820, 2, 0, 0, 0, 2, 0
5821, 1, 0, 0, 0, 1, 0
5823, 1, 0, 0, 0, 1, 0
5825, 1, 0, 0, 0, 1, 0
10199, 7, 8, 5, 3, 6, 1
38860, 4, 2, 2, 0, 4, 0
95179, 0, 1, 1, 0, 0, 0
5827, 2, 0, 0, 0, 1, 1
26039, 0, 12, 9, 3, 0, 0
5829, 1, 0, 0, 0, 0, 1
5830, 2, 1, 0, 1, 2, 0
5831, 1, 0, 0, 0, 1, 0
5832, 1, 0, 0, 0, 1, 0
19694, 3, 7, 7, 0, 3, 0
36000, 4, 10, 10, 0, 4, 0
72488, 5, 5, 5, 0, 5, 0
74483, 1, 2, 2, 0, 1, 0
86162, 1, 2, 2, 0, 1, 0
89118, 1, 1, 1, 0, 1, 0
90734, 1, 1, 1, 0, 1, 0
91162, 1, 1, 1, 0, 1, 0
109925, 0, 1, 1, 0, 0, 0
5834, 2, 1, 1, 0, 2, 0
5835, 2, 1, 1, 0, 2, 0
5836, 1, 0, 0, 0, 1, 0
5837, 0, 1, 1, 0, 0, 0
5838, 1, 0, 0, 0, 1, 0
5839, 0, 1, 1, 0, 0, 0
5840, 1, 0, 0, 0, 1, 0
55279, 2, 4, 4, 0, 2, 0
57237, 11, 8, 8, 0, 11, 0
64067, 4, 8, 6, 2, 4, 0
5843, 1, 0, 0, 0, 1, 0
5844, 2, 0, 0, 0, 2, 0
5845, 2, 0, 0, 0, 2, 0
12752, 9, 9, 8, 1, 9, 0
21012, 8, 3, 3, 0, 8, 0
23825, 1, 1, 1, 0, 1, 0
5848, 1, 3, 2, 1, 1, 0
5849, 3, 3, 2, 1, 3, 0
69990, 4, 7, 7, 0, 4, 0
75332, 0, 2, 2, 0, 0, 0
35534, 5, 8, 8, 0, 5, 0
49734, 2, 9, 9, 0, 2, 0
51063, 7, 13, 12, 1, 7, 0
51668, 11, 6, 6, 0, 11, 0
61124, 22, 7, 7, 0, 22, 0
61125, 13, 12, 12, 0, 13, 0
7858, 1, 1, 1, 0, 1, 0
7974, 0, 2, 2, 0, 0, 0
21338, 0, 3, 3, 0, 0, 0
5856, 1, 0, 0, 0, 1, 0
5857, 1, 0, 0, 0, 1, 0
5858, 1, 0, 0, 0, 1, 0
5859, 1, 0, 0, 0, 1, 0
5860, 1, 0, 0, 0, 1, 0
5861, 6, 0, 0, 0, 6, 0
5862, 1, 3, 3, 0, 1, 0
5866, 0, 2, 2, 0, 0, 0
48509, 3, 2, 2, 0, 3, 0
13452, 0, 2, 2, 0, 0, 0
13913, 0, 3, 2, 1, 0, 0
21640, 31, 12, 11, 1, 31, 0
29435, 26, 4, 3, 1, 26, 0
31132, 7, 4, 4, 0, 5, 2
32527, 6, 12, 9, 3, 6, 0
32844, 5, 5, 3, 2, 5, 0
35127, 2, 3, 3, 0, 2, 0
37296, 2, 1, 1, 0, 2, 0
38043, 6, 8, 7, 1, 6, 0
38864, 1, 2, 2, 0, 1, 0
38897, 1, 2, 2, 0, 1, 0
39150, 1, 1, 1, 0, 0, 1
39336, 3, 1, 1, 0, 3, 0
40864, 8, 1, 1, 0, 7, 1
41138, 1, 2, 2, 0, 1, 0
42370, 0, 2, 2, 0, 0, 0
42533, 36, 6, 4, 2, 36, 0
42534, 0, 3, 3, 0, 0, 0
44290, 0, 3, 3, 0, 0, 0
49377, 0, 5, 1, 4, 0, 0
50380, 11, 2, 2, 0, 9, 2
52505, 1, 6, 6, 0, 1, 0
53873, 1, 1, 1, 0, 0, 1
76203, 1, 1, 1, 0, 1, 0
76204, 0, 1, 1, 0, 0, 0
76205, 0, 1, 1, 0, 0, 0
76207, 1, 1, 1, 0, 1, 0
76208, 0, 1, 1, 0, 0, 0
76211, 0, 1, 1, 0, 0, 0
101367, 0, 1, 1, 0, 0, 0
101368, 0, 1, 1, 0, 0, 0
5867, 8, 0, 0, 0, 7, 1
5868, 1, 0, 0, 0, 0, 1
24577, 3, 13, 13, 0, 3, 0
28665, 7, 10, 10, 0, 7, 0
28891, 8, 14, 14, 0, 8, 0
32492, 2, 17, 17, 0, 2, 0
34462, 2, 5, 5, 0, 2, 0
35760, 0, 3, 2, 1, 0, 0
35835, 1, 7, 7, 0, 1, 0
37496, 1, 1, 1, 0, 1, 0
39912, 14, 17, 17, 0, 13, 1
40473, 0, 8, 8, 0, 0, 0
43534, 2, 3, 3, 0, 2, 0
48116, 1, 4, 4, 0, 1, 0
48178, 1, 1, 1, 0, 1, 0
52764, 1, 4, 2, 2, 1, 0
52770, 3, 9, 8, 1, 3, 0
56526, 2, 9, 9, 0, 2, 0
60211, 1, 7, 7, 0, 1, 0
64211, 61, 23, 23, 0, 61, 0
65351, 0, 2, 2, 0, 0, 0
66360, 1, 6, 6, 0, 1, 0
67336, 0, 2, 2, 0, 0, 0
67582, 7, 7, 7, 0, 7, 0
67637, 0, 4, 4, 0, 0, 0
68609, 46, 3, 3, 0, 46, 0
69109, 1, 3, 3, 0, 1, 0
72050, 0, 5, 5, 0, 0, 0
72173, 13, 9, 9, 0, 13, 0
72863, 0, 2, 2, 0, 0, 0
75568, 1, 3, 3, 0, 1, 0
78615, 1, 2, 2, 0, 1, 0
79466, 1, 3, 3, 0, 1, 0
83031, 0, 2, 1, 1, 0, 0
83389, 11, 4, 4, 0, 11, 0
85120, 6, 3, 2, 1, 6, 0
85824, 0, 2, 2, 0, 0, 0
86930, 3, 3, 3, 0, 3, 0
87249, 10, 6, 6, 0, 10, 0
87251, 10, 3, 3, 0, 10, 0
87305, 0, 2, 2, 0, 0, 0
87355, 1, 5, 5, 0, 1, 0
88320, 1, 2, 2, 0, 1, 0
88557, 0, 2, 2, 0, 0, 0
88912, 0, 2, 2, 0, 0, 0
90020, 1, 1, 1, 0, 1, 0
90447, 5, 1, 1, 0, 5, 0
90560, 0, 2, 2, 0, 0, 0
90830, 3, 6, 6, 0, 3, 0
90871, 5, 4, 4, 0, 5, 0
91038, 1, 1, 1, 0, 1, 0
91210, 0, 3, 3, 0, 0, 0
91211, 0, 1, 1, 0, 0, 0
91212, 0, 1, 1, 0, 0, 0
91213, 0, 1, 1, 0, 0, 0
91214, 0, 2, 1, 1, 0, 0
91215, 0, 1, 1, 0, 0, 0
91216, 0, 1, 1, 0, 0, 0
91217, 0, 1, 1, 0, 0, 0
91218, 0, 1, 1, 0, 0, 0
91219, 0, 1, 1, 0, 0, 0
91220, 0, 1, 1, 0, 0, 0
91221, 0, 1, 1, 0, 0, 0
91222, 0, 1, 1, 0, 0, 0
91223, 0, 1, 1, 0, 0, 0
91224, 1, 2, 2, 0, 1, 0
91225, 0, 1, 1, 0, 0, 0
91226, 1, 4, 4, 0, 1, 0
91227, 0, 1, 1, 0, 0, 0
91228, 0, 1, 1, 0, 0, 0
91229, 0, 1, 1, 0, 0, 0
91230, 0, 1, 1, 0, 0, 0
91231, 0, 1, 1, 0, 0, 0
91232, 0, 1, 1, 0, 0, 0
91233, 0, 1, 0, 1, 0, 0
5870, 2, 1, 1, 0, 2, 0
5871, 3, 1, 1, 0, 2, 1
28861, 15, 6, 5, 1, 15, 0
5873, 0, 1, 1, 0, 0, 0
15165, 9, 5, 5, 0, 9, 0
24239, 0, 2, 2, 0, 0, 0
62335, 1, 1, 1, 0, 1, 0
63875, 3, 2, 2, 0, 3, 0
63876, 3, 3, 3, 0, 3, 0
64715, 13, 13, 13, 0, 13, 0
66714, 1, 1, 1, 0, 1, 0
67579, 23, 9, 9, 0, 23, 0
70198, 1, 1, 1, 0, 1, 0
71212, 1, 1, 1, 0, 1, 0
77552, 2, 3, 3, 0, 2, 0
86696, 1, 2, 2, 0, 1, 0
86701, 3, 2, 2, 0, 3, 0
86702, 0, 1, 1, 0, 0, 0
86703, 0, 1, 1, 0, 0, 0
86704, 0, 1, 1, 0, 0, 0
24599, 10, 15, 15, 0, 10, 0
27354, 2, 11, 11, 0, 2, 0
44904, 8, 10, 10, 0, 8, 0
48973, 3, 5, 5, 0, 3, 0
53694, 12, 15, 15, 0, 10, 2
56757, 3, 1, 1, 0, 2, 1
58966, 2, 2, 2, 0, 2, 0
62262, 10, 2, 2, 0, 10, 0
73864, 3, 10, 10, 0, 3, 0
74363, 1, 4, 4, 0, 1, 0
86864, 4, 2, 2, 0, 4, 0
87811, 8, 4, 4, 0, 8, 0
87868, 2, 1, 1, 0, 2, 0
89011, 5, 7, 7, 0, 5, 0
89094, 1, 4, 4, 0, 1, 0
90133, 7, 2, 2, 0, 7, 0
90441, 1, 1, 1, 0, 1, 0
90519, 1, 4, 4, 0, 1, 0
90846, 1, 1, 1, 0, 1, 0
90883, 1, 2, 2, 0, 1, 0
91461, 0, 2, 2, 0, 0, 0
91462, 0, 1, 1, 0, 0, 0
91463, 1, 2, 2, 0, 1, 0
13496, 0, 1, 1, 0, 0, 0
13497, 1, 4, 2, 2, 0, 1
13498, 0, 1, 1, 0, 0, 0
99990, 0, 1, 1, 0, 0, 0
5877, 1, 0, 0, 0, 0, 1
5878, 2, 0, 0, 0, 1, 1
5879, 9, 7, 7, 0, 9, 0
5880, 0, 1, 0, 1, 0, 0
58263, 4, 3, 3, 0, 4, 0
80356, 2, 1, 1, 0, 2, 0
8425, 1, 1, 0, 1, 1, 0
40753, 1, 1, 1, 0, 1, 0
115512, 0, 3, 0, 3, 0, 0
117129, 0, 1, 0, 1, 0, 0
125040, 1, 1, 0, 1, 1, 0
127820, 0, 1, 0, 1, 0, 0
5883, 1, 1, 1, 0, 1, 0
5885, 1, 0, 0, 0, 1, 0
5887, 1, 0, 0, 0, 1, 0
5888, 5, 1, 1, 0, 4, 1
12374, 8, 23, 22, 1, 5, 3
12375, 0, 1, 0, 1, 0, 0
5890, 1, 0, 0, 0, 1, 0
5891, 1, 0, 0, 0, 1, 0
5892, 1, 1, 1, 0, 1, 0
19533, 1, 1, 1, 0, 1, 0
110214, 0, 1, 1, 0, 0, 0
5895, 1, 0, 0, 0, 1, 0
5896, 1, 0, 0, 0, 1, 0
103328, 0, 1, 0, 1, 0, 0
5898, 1, 1, 1, 0, 1, 0
5899, 1, 1, 1, 0, 1, 0
5900, 13, 0, 0, 0, 13, 0
75652, 2, 2, 2, 0, 2, 0
77852, 2, 2, 2, 0, 2, 0
5902, 1, 0, 0, 0, 1, 0
34253, 2, 7, 4, 3, 2, 0
34516, 3, 4, 3, 1, 3, 0
44337, 1, 2, 1, 1, 1, 0
44338, 1, 2, 1, 1, 1, 0
46041, 1, 1, 0, 1, 1, 0
49195, 0, 6, 0, 6, 0, 0
52965, 0, 3, 0, 3, 0, 0
52966, 0, 3, 0, 3, 0, 0
57807, 0, 2, 0, 2, 0, 0
88097, 0, 1, 0, 1, 0, 0
88099, 0, 1, 0, 1, 0, 0
5904, 1, 0, 0, 0, 1, 0
61490, 1, 2, 2, 0, 1, 0
62075, 6, 15, 15, 0, 6, 0
123238, 1, 1, 1, 0, 1, 0
5908, 1, 0, 0, 0, 1, 0
5909, 0, 1, 1, 0, 0, 0
5910, 3, 0, 0, 0, 3, 0
5911, 1, 0, 0, 0, 1, 0
5912, 1, 0, 0, 0, 1, 0
5914, 1, 0, 0, 0, 1, 0
5915, 2, 0, 0, 0, 2, 0
5917, 3, 3, 3, 0, 3, 0
58828, 2, 2, 2, 0, 2, 0
37844, 1, 1, 1, 0, 1, 0
5919, 1, 0, 0, 0, 1, 0
5920, 1, 0, 0, 0, 1, 0
73904, 0, 1, 1, 0, 0, 0
5922, 1, 0, 0, 0, 1, 0
5923, 1, 0, 0, 0, 1, 0
5924, 1, 0, 0, 0, 1, 0
5925, 1, 0, 0, 0, 1, 0
5926, 1, 0, 0, 0, 1, 0
11347, 1, 1, 1, 0, 1, 0
12346, 17, 2, 2, 0, 17, 0
12484, 5, 5, 4, 1, 5, 0
12915, 4, 1, 1, 0, 4, 0
35634, 8, 9, 9, 0, 4, 4
44318, 6, 4, 4, 0, 6, 0
5929, 0, 2, 1, 1, 0, 0
5930, 0, 1, 1, 0, 0, 0
5931, 3, 1, 1, 0, 3, 0
5932, 2, 1, 1, 0, 2, 0
5933, 5, 1, 1, 0, 5, 0
21869, 2, 3, 3, 0, 2, 0
29123, 2, 3, 0, 3, 2, 0
37563, 1, 2, 0, 2, 1, 0
53558, 0, 3, 1, 2, 0, 0
60150, 0, 52, 48, 4, 0, 0
84747, 0, 1, 0, 1, 0, 0
101323, 8, 6, 6, 0, 7, 1
5935, 2, 1, 1, 0, 2, 0
5936, 12, 9, 8, 1, 8, 4
10708, 1, 5, 4, 1, 0, 1
48232, 28, 16, 15, 1, 25, 3
5937, 1, 0, 0, 0, 1, 0
5940, 1, 0, 0, 0, 1, 0
5941, 1, 1, 1, 0, 1, 0
5942, 2, 0, 0, 0, 0, 2
5943, 0, 1, 0, 1, 0, 0
5944, 0, 1, 0, 1, 0, 0
5946, 3, 4, 3, 1, 3, 0
17022, 0, 1, 1, 0, 0, 0
51580, 3, 2, 2, 0, 3, 0
100747, 0, 1, 1, 0, 0, 0
129159, 0, 1, 1, 0, 0, 0
17425, 3, 1, 1, 0, 3, 0
10744, 0, 2, 2, 0, 0, 0
21779, 2, 1, 1, 0, 2, 0
23821, 7, 3, 3, 0, 7, 0
23822, 0, 1, 1, 0, 0, 0
23823, 0, 2, 1, 1, 0, 0
122563, 28, 5, 4, 1, 28, 0
5949, 1, 0, 0, 0, 1, 0
24754, 1, 4, 3, 1, 1, 0
45893, 4, 6, 6, 0, 4, 0
53844, 6, 10, 7, 3, 6, 0
87260, 6, 6, 6, 0, 6, 0
89258, 6, 2, 2, 0, 6, 0
5951, 1, 0, 0, 0, 1, 0
5953, 2, 0, 0, 0, 2, 0
5954, 0, 1, 1, 0, 0, 0
5955, 1, 1, 1, 0, 1, 0
5956, 0, 2, 2, 0, 0, 0
5957, 7, 0, 0, 0, 4, 3
5958, 3, 3, 2, 1, 3, 0
5959, 4, 9, 8, 1, 4, 0
29063, 0, 1, 1, 0, 0, 0
88612, 0, 1, 0, 1, 0, 0
88613, 0, 1, 1, 0, 0, 0
5963, 1, 0, 0, 0, 0, 1
5964, 1, 0, 0, 0, 1, 0
5965, 3, 0, 0, 0, 3, 0
5966, 0, 1, 1, 0, 0, 0
5967, 0, 1, 1, 0, 0, 0
5968, 0, 1, 1, 0, 0, 0
5969, 1, 0, 0, 0, 1, 0
5970, 1, 0, 0, 0, 1, 0
5971, 0, 1, 1, 0, 0, 0
5972, 1, 0, 0, 0, 1, 0
6107, 2, 2, 2, 0, 2, 0
5974, 1, 2, 2, 0, 1, 0
5975, 2, 1, 1, 0, 2, 0
5978, 0, 1, 1, 0, 0, 0
6062, 0, 1, 1, 0, 0, 0
5979, 1, 0, 0, 0, 1, 0
5981, 1, 1, 1, 0, 0, 1
27139, 7, 7, 7, 0, 7, 0
108597, 7, 2, 2, 0, 7, 0
29802, 1, 2, 0, 2, 1, 0
30236, 1, 1, 0, 1, 1, 0
35201, 1, 2, 0, 2, 0, 1
37982, 5, 3, 2, 1, 4, 1
38000, 0, 3, 0, 3, 0, 0
38062, 2, 3, 1, 2, 2, 0
44232, 116, 7, 3, 4, 93, 23
44909, 7, 7, 5, 2, 7, 0
44990, 2, 1, 0, 1, 2, 0
53521, 15, 12, 11, 1, 15, 0
60172, 6, 1, 0, 1, 3, 3
81909, 1, 2, 0, 2, 1, 0
92448, 0, 1, 0, 1, 0, 0
92449, 0, 1, 0, 1, 0, 0
5984, 1, 0, 0, 0, 1, 0
5985, 2, 12, 12, 0, 2, 0
51033, 7, 9, 8, 1, 7, 0
69330, 6, 3, 3, 0, 6, 0
5986, 2, 1, 1, 0, 2, 0
5987, 3, 3, 3, 0, 3, 0
5988, 6, 4, 4, 0, 6, 0
6625, 3, 2, 2, 0, 3, 0
5989, 2, 0, 0, 0, 0, 2
5991, 4, 0, 0, 0, 4, 0
20032, 1, 1, 1, 0, 1, 0
47220, 5, 8, 8, 0, 5, 0
61142, 2, 4, 4, 0, 2, 0
81897, 0, 3, 0, 3, 0, 0
92213, 0, 1, 1, 0, 0, 0
5993, 3, 0, 0, 0, 1, 2
5994, 0, 3, 0, 3, 0, 0
5995, 0, 1, 0, 1, 0, 0
5996, 1, 0, 0, 0, 1, 0
29604, 2, 5, 0, 5, 2, 0
36680, 2, 5, 1, 4, 2, 0
47454, 5, 5, 5, 0, 5, 0
5998, 1, 0, 0, 0, 1, 0
5999, 1, 0, 0, 0, 0, 1
6000, 0, 1, 0, 1, 0, 0
6002, 2, 0, 0, 0, 2, 0
6005, 1, 1, 1, 0, 1, 0
6006, 1, 1, 1, 0, 1, 0
6007, 1, 1, 1, 0, 1, 0
6009, 1, 0, 0, 0, 1, 0
6011, 2, 0, 0, 0, 1, 1
85880, 1, 1, 1, 0, 1, 0
86087, 0, 1, 1, 0, 0, 0
86088, 0, 2, 0, 2, 0, 0
86089, 0, 1, 1, 0, 0, 0
6013, 1, 0, 0, 0, 1, 0
6014, 3, 2, 2, 0, 2, 1
7093, 1, 1, 1, 0, 1, 0
6016, 1, 0, 0, 0, 1, 0
6018, 1, 0, 0, 0, 1, 0
6019, 0, 2, 2, 0, 0, 0
6020, 1, 0, 0, 0, 1, 0
35227, 2, 1, 1, 0, 2, 0
6022, 1, 0, 0, 0, 1, 0
9020, 2, 1, 1, 0, 2, 0
55806, 9, 2, 2, 0, 9, 0
61598, 8, 3, 2, 1, 8, 0
6024, 1, 0, 0, 0, 1, 0
109012, 0, 2, 0, 2, 0, 0
6026, 1, 1, 1, 0, 0, 1
75018, 2, 3, 3, 0, 2, 0
6028, 1, 0, 0, 0, 0, 1
6029, 0, 4, 1, 3, 0, 0
6030, 1, 0, 0, 0, 0, 1
30760, 1, 1, 1, 0, 1, 0
6032, 1, 0, 0, 0, 1, 0
7624, 6, 2, 2, 0, 4, 2
40131, 0, 1, 0, 1, 0, 0
40132, 0, 1, 0, 1, 0, 0
40133, 0, 1, 0, 1, 0, 0
40134, 0, 1, 0, 1, 0, 0
40135, 0, 1, 0, 1, 0, 0
40137, 0, 1, 0, 1, 0, 0
40138, 0, 1, 0, 1, 0, 0
40139, 0, 1, 0, 1, 0, 0
40140, 0, 1, 0, 1, 0, 0
66469, 23, 3, 2, 1, 23, 0
115227, 0, 1, 0, 1, 0, 0
117356, 3, 1, 0, 1, 0, 3
11673, 24, 17, 14, 3, 22, 2
6036, 1, 0, 0, 0, 1, 0
6037, 1, 0, 0, 0, 0, 1
6038, 1, 1, 1, 0, 1, 0
6451, 1, 1, 1, 0, 0, 1
6452, 1, 2, 1, 1, 1, 0
6453, 0, 1, 1, 0, 0, 0
6040, 1, 0, 0, 0, 1, 0
6041, 1, 0, 0, 0, 1, 0
6042, 1, 0, 0, 0, 1, 0
6043, 0, 1, 1, 0, 0, 0
6047, 0, 1, 1, 0, 0, 0
6048, 1, 0, 0, 0, 0, 1
6049, 0, 1, 0, 1, 0, 0
6050, 2, 0, 0, 0, 1, 1
6052, 0, 2, 2, 0, 0, 0
6053, 1, 0, 0, 0, 1, 0
6054, 1, 0, 0, 0, 0, 1
14444, 1, 1, 0, 1, 0, 1
14445, 1, 1, 0, 1, 0, 1
14446, 1, 1, 0, 1, 0, 1
14447, 2, 1, 0, 1, 1, 1
14453, 1, 1, 0, 1, 0, 1
18040, 4, 2, 1, 1, 2, 2
52654, 3, 1, 0, 1, 3, 0
92307, 0, 1, 0, 1, 0, 0
120623, 0, 1, 0, 1, 0, 0
121165, 0, 1, 0, 1, 0, 0
121270, 0, 1, 0, 1, 0, 0
125292, 0, 4, 0, 4, 0, 0
126890, 0, 2, 0, 2, 0, 0
128648, 0, 1, 0, 1, 0, 0
6056, 2, 1, 0, 1, 2, 0
6057, 12, 1, 1, 0, 10, 2
17512, 0, 1, 1, 0, 0, 0
6058, 1, 0, 0, 0, 1, 0
6059, 4, 2, 2, 0, 4, 0
6060, 1, 0, 0, 0, 1, 0
6066, 3, 2, 2, 0, 2, 1
18558, 3, 1, 1, 0, 3, 0
30868, 2, 4, 3, 1, 2, 0
60236, 6, 5, 5, 0, 6, 0
6067, 4, 1, 1, 0, 2, 2
6068, 0, 1, 1, 0, 0, 0
6069, 8, 3, 3, 0, 8, 0
6070, 1, 0, 0, 0, 1, 0
6071, 1, 0, 0, 0, 1, 0
6072, 1, 0, 0, 0, 1, 0
6073, 1, 0, 0, 0, 1, 0
46440, 6, 7, 6, 1, 4, 2
65395, 0, 1, 0, 1, 0, 0
65396, 0, 1, 0, 1, 0, 0
7832, 10, 4, 4, 0, 8, 2
7833, 0, 1, 1, 0, 0, 0
7834, 0, 1, 1, 0, 0, 0
51115, 2, 1, 1, 0, 2, 0
56826, 0, 4, 4, 0, 0, 0
6084, 1, 0, 0, 0, 1, 0
6085, 1, 0, 0, 0, 1, 0
6086, 1, 0, 0, 0, 1, 0
6087, 2, 2, 2, 0, 2, 0
6088, 1, 0, 0, 0, 1, 0
6090, 1, 0, 0, 0, 1, 0
6091, 2, 1, 1, 0, 2, 0
7952, 3, 1, 1, 0, 3, 0
6093, 1, 1, 1, 0, 1, 0
9635, 8, 3, 3, 0, 8, 0
6095, 1, 0, 0, 0, 1, 0
6099, 1, 1, 0, 1, 1, 0
6100, 1, 0, 0, 0, 1, 0
6101, 0, 1, 1, 0, 0, 0
6102, 2, 0, 0, 0, 2, 0
6104, 5, 7, 7, 0, 5, 0
6105, 6, 11, 11, 0, 6, 0
6106, 8, 9, 9, 0, 8, 0
53071, 0, 4, 4, 0, 0, 0
51502, 3, 3, 3, 0, 3, 0
94849, 3, 1, 1, 0, 3, 0
6108, 0, 2, 1, 1, 0, 0
6109, 1, 0, 0, 0, 0, 1
6110, 4, 4, 2, 2, 3, 1
13852, 1, 1, 1, 0, 1, 0
6111, 1, 1, 1, 0, 1, 0
6473, 0, 1, 0, 1, 0, 0
6113, 5, 0, 0, 0, 5, 0
6118, 0, 2, 2, 0, 0, 0
25031, 2, 1, 1, 0, 2, 0
6119, 1, 0, 0, 0, 1, 0
6121, 2, 0, 0, 0, 2, 0
6123, 1, 0, 0, 0, 1, 0
6124, 3, 3, 3, 0, 3, 0
6125, 1, 0, 0, 0, 1, 0
6126, 0, 1, 1, 0, 0, 0
6127, 1, 0, 0, 0, 0, 1
7052, 4, 4, 4, 0, 4, 0
19854, 13, 6, 6, 0, 13, 0
23054, 3, 2, 2, 0, 2, 1
23925, 1, 1, 0, 1, 0, 1
25303, 1, 1, 0, 1, 0, 1
50840, 2, 2, 0, 2, 1, 1
53849, 0, 2, 0, 2, 0, 0
53850, 0, 1, 0, 1, 0, 0
53852, 0, 1, 0, 1, 0, 0
6130, 1, 0, 0, 0, 1, 0
6131, 1, 0, 0, 0, 0, 1
6132, 0, 2, 0, 2, 0, 0
6133, 2, 2, 2, 0, 2, 0
6135, 1, 0, 0, 0, 1, 0
6138, 0, 1, 1, 0, 0, 0
36426, 1, 6, 4, 2, 1, 0
39625, 6, 10, 10, 0, 6, 0
59925, 12, 11, 11, 0, 12, 0
64649, 0, 2, 2, 0, 0, 0
70053, 0, 1, 1, 0, 0, 0
70054, 0, 1, 1, 0, 0, 0
70055, 4, 2, 2, 0, 4, 0
70056, 0, 1, 1, 0, 0, 0
70057, 0, 1, 1, 0, 0, 0
70058, 0, 1, 1, 0, 0, 0
70059, 0, 1, 1, 0, 0, 0
95770, 23, 8, 6, 2, 23, 0
106944, 0, 4, 4, 0, 0, 0
6139, 1, 0, 0, 0, 1, 0
6140, 0, 1, 1, 0, 0, 0
6141, 1, 0, 0, 0, 1, 0
6142, 2, 0, 0, 0, 0, 2
6143, 0, 1, 0, 1, 0, 0
26661, 7, 4, 3, 1, 7, 0
6145, 1, 0, 0, 0, 1, 0
44614, 2, 2, 2, 0, 2, 0
61942, 0, 2, 1, 1, 0, 0
62789, 1, 1, 1, 0, 1, 0
83852, 0, 1, 1, 0, 0, 0
83853, 0, 1, 1, 0, 0, 0
6147, 1, 0, 0, 0, 1, 0
40720, 1, 1, 1, 0, 1, 0
6149, 1, 0, 0, 0, 1, 0
53024, 1, 5, 5, 0, 1, 0
6154, 2, 0, 0, 0, 2, 0
6156, 1, 0, 0, 0, 1, 0
6157, 2, 3, 3, 0, 2, 0
6237, 1, 1, 1, 0, 1, 0
115329, 1, 1, 1, 0, 1, 0
24561, 2, 19, 18, 1, 2, 0
6160, 1, 0, 0, 0, 0, 1
6161, 0, 1, 0, 1, 0, 0
6164, 28, 7, 7, 0, 11, 17
28843, 1, 1, 1, 0, 1, 0
100636, 0, 1, 0, 1, 0, 0
9123, 1, 1, 1, 0, 1, 0
15981, 0, 2, 1, 1, 0, 0
17803, 2, 1, 1, 0, 2, 0
17845, 1, 1, 1, 0, 1, 0
17847, 4, 4, 4, 0, 4, 0
17850, 0, 2, 0, 2, 0, 0
17851, 0, 1, 0, 1, 0, 0
17853, 0, 1, 1, 0, 0, 0
6165, 1, 0, 0, 0, 1, 0
6166, 2, 0, 0, 0, 2, 0
6168, 2, 5, 1, 4, 1, 1
24750, 0, 10, 10, 0, 0, 0
46842, 34, 4, 3, 1, 33, 1
48047, 1, 6, 2, 4, 1, 0
53680, 1, 1, 1, 0, 1, 0
53810, 1, 1, 1, 0, 1, 0
66003, 0, 1, 1, 0, 0, 0
6169, 1, 0, 0, 0, 1, 0
6170, 1, 1, 1, 0, 1, 0
6171, 1, 0, 0, 0, 1, 0
10518, 2, 1, 1, 0, 2, 0
21881, 15, 7, 7, 0, 15, 0
68035, 89, 24, 23, 1, 89, 0
83338, 3, 3, 3, 0, 2, 1
83444, 7, 2, 2, 0, 7, 0
83445, 0, 1, 1, 0, 0, 0
12479, 7, 19, 16, 3, 6, 1
37116, 2, 2, 2, 0, 2, 0
37969, 1, 2, 2, 0, 1, 0
49430, 23, 7, 7, 0, 23, 0
129229, 0, 1, 0, 1, 0, 0
26298, 14, 8, 7, 1, 14, 0
28666, 16, 3, 3, 0, 16, 0
43391, 2, 2, 2, 0, 2, 0
43392, 2, 2, 2, 0, 2, 0
83678, 0, 1, 1, 0, 0, 0
83679, 0, 2, 2, 0, 0, 0
83680, 0, 1, 0, 1, 0, 0
82031, 0, 1, 1, 0, 0, 0
10058, 5, 5, 5, 0, 5, 0
22272, 6, 4, 3, 1, 1, 5
51662, 5, 5, 4, 1, 4, 1
53214, 13, 8, 7, 1, 13, 0
66874, 2, 2, 2, 0, 2, 0
67254, 0, 1, 1, 0, 0, 0
67256, 0, 1, 1, 0, 0, 0
67258, 0, 1, 1, 0, 0, 0
67259, 0, 2, 2, 0, 0, 0
67260, 0, 1, 1, 0, 0, 0
96479, 0, 2, 1, 1, 0, 0
6180, 1, 0, 0, 0, 1, 0
6181, 1, 0, 0, 0, 0, 1
6182, 1, 0, 0, 0, 1, 0
6183, 10, 3, 3, 0, 6, 4
7565, 1, 1, 1, 0, 1, 0
7570, 3, 1, 1, 0, 2, 1
50457, 0, 1, 0, 1, 0, 0
6185, 1, 0, 0, 0, 0, 1
25077, 0, 4, 2, 2, 0, 0
25079, 0, 5, 2, 3, 0, 0
27605, 3, 5, 3, 2, 3, 0
27606, 2, 2, 1, 1, 2, 0
99856, 4, 5, 4, 1, 4, 0
114798, 0, 2, 2, 0, 0, 0
6188, 1, 0, 0, 0, 1, 0
6190, 1, 1, 1, 0, 1, 0
6191, 2, 1, 1, 0, 1, 1
6192, 1, 0, 0, 0, 1, 0
6193, 0, 1, 1, 0, 0, 0
6194, 1, 0, 0, 0, 1, 0
6195, 1, 0, 0, 0, 1, 0
6197, 1, 0, 0, 0, 1, 0
6198, 2, 0, 0, 0, 2, 0
6201, 2, 0, 0, 0, 2, 0
6203, 1, 1, 1, 0, 0, 1
6204, 5, 0, 0, 0, 5, 0
26950, 0, 2, 2, 0, 0, 0
6207, 1, 0, 0, 0, 1, 0
6208, 0, 2, 2, 0, 0, 0
6211, 1, 0, 0, 0, 0, 1
6212, 1, 3, 2, 1, 1, 0
6213, 1, 0, 0, 0, 1, 0
6214, 0, 1, 1, 0, 0, 0
6215, 1, 0, 0, 0, 1, 0
6216, 3, 0, 0, 0, 3, 0
6217, 1, 0, 0, 0, 1, 0
6218, 1, 0, 0, 0, 1, 0
6219, 4, 11, 11, 0, 4, 0
75492, 1, 6, 6, 0, 1, 0
75493, 3, 11, 11, 0, 3, 0
86399, 1, 1, 1, 0, 1, 0
6220, 1, 0, 0, 0, 0, 1
38175, 8, 7, 5, 2, 7, 1
77529, 1, 2, 1, 1, 1, 0
6222, 1, 0, 0, 0, 0, 1
6223, 1, 2, 0, 2, 1, 0
6224, 1, 0, 0, 0, 1, 0
6225, 0, 1, 1, 0, 0, 0
6226, 1, 0, 0, 0, 1, 0
6227, 0, 1, 1, 0, 0, 0
6413, 1, 2, 1, 1, 1, 0
40410, 1, 3, 3, 0, 1, 0
46612, 0, 1, 1, 0, 0, 0
46613, 0, 1, 1, 0, 0, 0
6230, 1, 0, 0, 0, 1, 0
6231, 3, 0, 0, 0, 0, 3
6232, 0, 2, 0, 2, 0, 0
6233, 1, 0, 0, 0, 1, 0
8295, 0, 1, 1, 0, 0, 0
8296, 0, 1, 1, 0, 0, 0
8297, 0, 1, 1, 0, 0, 0
6238, 1, 0, 0, 0, 0, 1
6239, 0, 1, 0, 1, 0, 0
6240, 1, 0, 0, 0, 0, 1
6241, 2, 1, 0, 1, 2, 0
51529, 7, 5, 3, 2, 7, 0
66892, 0, 1, 0, 1, 0, 0
66893, 0, 2, 0, 2, 0, 0
6246, 0, 1, 1, 0, 0, 0
6249, 1, 0, 0, 0, 0, 1
6250, 1, 0, 0, 0, 1, 0
6251, 1, 11, 11, 0, 1, 0
6252, 1, 0, 0, 0, 1, 0
44457, 5, 8, 6, 2, 4, 1
45847, 6, 10, 8, 2, 6, 0
45952, 8, 12, 11, 1, 8, 0
45953, 10, 5, 4, 1, 10, 0
47261, 6, 5, 5, 0, 6, 0
49775, 1, 5, 5, 0, 1, 0
54973, 1, 4, 3, 1, 1, 0
56879, 0, 1, 1, 0, 0, 0
100485, 1, 2, 2, 0, 1, 0
6254, 1, 0, 0, 0, 1, 0
12651, 21, 56, 56, 0, 21, 0
22773, 52, 73, 73, 0, 52, 0
38440, 18, 34, 34, 0, 18, 0
44781, 73, 60, 60, 0, 73, 0
44785, 85, 64, 64, 0, 85, 0
47325, 24, 14, 12, 2, 20, 4
63239, 6, 7, 7, 0, 6, 0
14844, 2, 1, 0, 1, 2, 0
22661, 0, 3, 0, 3, 0, 0
24379, 0, 5, 4, 1, 0, 0
24518, 1, 38, 28, 10, 1, 0
29301, 5, 3, 2, 1, 5, 0
29851, 6, 8, 8, 0, 6, 0
32843, 1, 3, 0, 3, 1, 0
50616, 11, 7, 7, 0, 11, 0
90867, 0, 2, 0, 2, 0, 0
92187, 0, 1, 0, 1, 0, 0
92189, 0, 1, 0, 1, 0, 0
92190, 0, 1, 0, 1, 0, 0
96126, 0, 1, 0, 1, 0, 0
6258, 1, 0, 0, 0, 0, 1
6259, 6, 3, 1, 2, 4, 2
47635, 2, 2, 0, 2, 0, 2
77458, 0, 1, 1, 0, 0, 0
77459, 0, 1, 1, 0, 0, 0
77460, 0, 1, 1, 0, 0, 0
6260, 1, 0, 0, 0, 1, 0
6261, 1, 0, 0, 0, 1, 0
6262, 1, 0, 0, 0, 1, 0
93898, 1, 1, 1, 0, 1, 0
6287, 0, 1, 1, 0, 0, 0
6289, 2, 6, 6, 0, 2, 0
21852, 0, 16, 15, 1, 0, 0
36156, 1, 1, 1, 0, 1, 0
36575, 1, 1, 0, 1, 1, 0
39259, 4, 2, 1, 1, 4, 0
40488, 2, 4, 2, 2, 2, 0
41495, 3, 4, 2, 2, 3, 0
44156, 0, 4, 1, 3, 0, 0
44312, 1, 1, 0, 1, 1, 0
44314, 1, 1, 0, 1, 1, 0
46607, 1, 1, 0, 1, 1, 0
46761, 1, 1, 0, 1, 1, 0
48283, 9, 7, 5, 2, 8, 1
48342, 0, 2, 1, 1, 0, 0
49043, 3, 3, 3, 0, 3, 0
49350, 1, 5, 2, 3, 1, 0
49355, 0, 1, 0, 1, 0, 0
49357, 0, 1, 0, 1, 0, 0
49358, 0, 1, 0, 1, 0, 0
49359, 1, 1, 0, 1, 1, 0
49360, 1, 1, 0, 1, 1, 0
49361, 1, 1, 0, 1, 1, 0
49362, 1, 1, 0, 1, 1, 0
49363, 1, 1, 0, 1, 1, 0
49364, 1, 1, 0, 1, 1, 0
49365, 1, 2, 0, 2, 1, 0
49366, 1, 2, 0, 2, 1, 0
49367, 1, 2, 0, 2, 1, 0
49368, 1, 2, 0, 2, 1, 0
49369, 1, 1, 0, 1, 1, 0
49370, 1, 2, 0, 2, 1, 0
49371, 1, 2, 0, 2, 1, 0
49375, 0, 1, 0, 1, 0, 0
49378, 0, 2, 0, 2, 0, 0
49380, 0, 1, 0, 1, 0, 0
31198, 9, 3, 1, 2, 9, 0
32494, 29, 17, 17, 0, 24, 5
48535, 4, 30, 28, 2, 4, 0
49283, 16, 9, 2, 7, 8, 8
57389, 2, 4, 4, 0, 1, 1
73793, 3, 2, 0, 2, 3, 0
80266, 0, 4, 4, 0, 0, 0
84072, 3, 6, 6, 0, 3, 0
90088, 1, 1, 1, 0, 1, 0
93164, 15, 3, 3, 0, 15, 0
104173, 0, 1, 0, 1, 0, 0
44782, 77, 49, 49, 0, 77, 0
8137, 2, 6, 6, 0, 2, 0
15906, 12, 7, 7, 0, 12, 0
21998, 3, 7, 7, 0, 3, 0
24071, 2, 3, 2, 1, 2, 0
64311, 5, 4, 4, 0, 5, 0
65024, 0, 4, 4, 0, 0, 0
65626, 5, 1, 1, 0, 5, 0
65772, 2, 1, 1, 0, 2, 0
66685, 3, 6, 6, 0, 3, 0
70293, 12, 10, 10, 0, 12, 0
70294, 2, 2, 2, 0, 2, 0
70295, 0, 7, 5, 2, 0, 0
70297, 0, 1, 0, 1, 0, 0
14747, 3, 17, 16, 1, 3, 0
29465, 6, 6, 6, 0, 6, 0
38882, 3, 3, 3, 0, 3, 0
92605, 0, 1, 1, 0, 0, 0
92606, 0, 1, 1, 0, 0, 0
92607, 0, 1, 0, 1, 0, 0
23087, 7, 5, 5, 0, 7, 0
26157, 1, 1, 1, 0, 1, 0
26575, 135, 6, 4, 2, 135, 0
27423, 4, 1, 1, 0, 3, 1
34361, 21, 6, 5, 1, 15, 6
65954, 18, 8, 8, 0, 18, 0
10126, 2, 2, 2, 0, 0, 2
28878, 29, 13, 7, 6, 26, 3
54344, 18, 14, 13, 1, 18, 0
56098, 68, 101, 98, 3, 68, 0
57623, 8, 12, 12, 0, 8, 0
99347, 4, 5, 5, 0, 4, 0
37734, 15, 14, 14, 0, 15, 0
49599, 1, 2, 0, 2, 1, 0
50165, 0, 2, 1, 1, 0, 0
55978, 1, 1, 1, 0, 1, 0
56514, 92, 95, 91, 4, 92, 0
57146, 0, 24, 23, 1, 0, 0
59123, 12, 85, 84, 1, 12, 0
60216, 3, 15, 11, 4, 3, 0
60361, 112, 73, 69, 4, 112, 0
61208, 1, 2, 0, 2, 1, 0
62895, 6, 13, 8, 5, 6, 0
63547, 3, 12, 4, 8, 3, 0
82004, 0, 1, 0, 1, 0, 0
82008, 0, 1, 0, 1, 0, 0
82010, 0, 4, 0, 4, 0, 0
82011, 0, 1, 0, 1, 0, 0
12931, 0, 6, 6, 0, 0, 0
41489, 5, 9, 8, 1, 5, 0
85589, 3, 2, 2, 0, 3, 0
47037, 8, 2, 1, 1, 4, 4
52585, 19, 3, 2, 1, 18, 1
53602, 2, 1, 1, 0, 1, 1
78243, 0, 1, 1, 0, 0, 0
78244, 1, 2, 1, 1, 1, 0
65438, 3, 3, 3, 0, 3, 0
72022, 7, 12, 12, 0, 7, 0
13841, 2, 4, 4, 0, 2, 0
32918, 4, 3, 3, 0, 3, 1
36944, 7, 6, 6, 0, 6, 1
44502, 0, 3, 3, 0, 0, 0
45411, 1, 2, 2, 0, 1, 0
52309, 1, 1, 1, 0, 1, 0
54860, 4, 3, 2, 1, 3, 1
54997, 1, 1, 0, 1, 0, 1
55577, 3, 2, 0, 2, 0, 3
55876, 4, 2, 2, 0, 2, 2
58705, 0, 2, 0, 2, 0, 0
66321, 0, 2, 0, 2, 0, 0
77199, 1, 1, 0, 1, 0, 1
78400, 8, 3, 3, 0, 7, 1
83215, 3, 2, 2, 0, 3, 0
92749, 0, 1, 0, 1, 0, 0
92750, 0, 1, 1, 0, 0, 0
92751, 0, 1, 0, 1, 0, 0
108240, 0, 1, 0, 1, 0, 0
11690, 222, 195, 194, 1, 222, 0
40304, 10, 6, 2, 4, 9, 1
44414, 1, 9, 0, 9, 1, 0
45087, 23, 16, 10, 6, 19, 4
45095, 0, 5, 0, 5, 0, 0
45436, 1, 2, 0, 2, 1, 0
46284, 1, 1, 1, 0, 1, 0
50545, 0, 5, 0, 5, 0, 0
58851, 0, 5, 0, 5, 0, 0
60364, 0, 52, 51, 1, 0, 0
60373, 0, 27, 26, 1, 0, 0
61296, 0, 6, 0, 6, 0, 0
62293, 7, 16, 8, 8, 7, 0
63153, 3, 8, 6, 2, 3, 0
67914, 1, 3, 2, 1, 1, 0
67961, 15, 19, 17, 2, 15, 0
68524, 0, 4, 0, 4, 0, 0
71240, 0, 4, 0, 4, 0, 0
76127, 0, 3, 0, 3, 0, 0
78644, 0, 3, 2, 1, 0, 0
80691, 0, 2, 1, 1, 0, 0
81889, 0, 3, 0, 3, 0, 0
92228, 0, 3, 0, 3, 0, 0
92229, 0, 3, 0, 3, 0, 0
92231, 0, 3, 0, 3, 0, 0
93065, 0, 1, 0, 1, 0, 0
93066, 0, 1, 0, 1, 0, 0
93067, 0, 1, 0, 1, 0, 0
12029, 9, 5, 5, 0, 9, 0
16588, 0, 5, 5, 0, 0, 0
23196, 4, 5, 5, 0, 4, 0
30869, 3, 3, 3, 0, 3, 0
35998, 1, 6, 6, 0, 1, 0
46035, 4, 9, 8, 1, 4, 0
51864, 0, 2, 2, 0, 0, 0
64529, 38, 17, 17, 0, 38, 0
65725, 4, 8, 7, 1, 4, 0
66646, 3, 6, 6, 0, 3, 0
67876, 12, 9, 9, 0, 12, 0
69854, 13, 8, 8, 0, 13, 0
69977, 25, 18, 18, 0, 25, 0
76881, 0, 1, 1, 0, 0, 0
76882, 0, 4, 4, 0, 0, 0
76883, 0, 1, 1, 0, 0, 0
76884, 0, 1, 1, 0, 0, 0
76885, 0, 2, 2, 0, 0, 0
76886, 0, 1, 1, 0, 0, 0
13505, 5, 14, 13, 1, 5, 0
47369, 17, 37, 36, 1, 17, 0
53879, 32, 19, 19, 0, 32, 0
58282, 7, 7, 6, 1, 7, 0
74820, 6, 2, 2, 0, 6, 0
10914, 16, 14, 14, 0, 12, 4
60638, 4, 4, 4, 0, 4, 0
72624, 11, 4, 4, 0, 11, 0
73053, 3, 2, 2, 0, 3, 0
74648, 3, 2, 2, 0, 3, 0
80546, 2, 2, 2, 0, 2, 0
82215, 1, 2, 2, 0, 1, 0
82431, 2, 1, 1, 0, 2, 0
84754, 1, 1, 1, 0, 1, 0
85441, 3, 1, 1, 0, 3, 0
85463, 1, 1, 1, 0, 1, 0
86147, 1, 1, 1, 0, 1, 0
88355, 2, 1, 1, 0, 2, 0
88381, 2, 1, 1, 0, 2, 0
23138, 2, 2, 1, 1, 1, 1
26641, 1, 1, 0, 1, 1, 0
27998, 5, 3, 3, 0, 5, 0
28157, 1, 1, 1, 0, 1, 0
62571, 0, 2, 2, 0, 0, 0
83937, 1, 1, 1, 0, 1, 0
10592, 7, 6, 5, 1, 7, 0
12165, 1, 17, 16, 1, 1, 0
18022, 4, 3, 2, 1, 4, 0
21634, 46, 22, 22, 0, 46, 0
36298, 60, 15, 15, 0, 60, 0
36496, 57, 15, 14, 1, 51, 6
37491, 9, 3, 3, 0, 9, 0
39463, 1, 2, 2, 0, 1, 0
40631, 15, 15, 14, 1, 15, 0
47856, 20, 19, 19, 0, 20, 0
48521, 13, 8, 8, 0, 13, 0
49920, 10, 3, 2, 1, 10, 0
53989, 3, 2, 1, 1, 3, 0
59647, 4, 2, 2, 0, 2, 2
59659, 7, 4, 4, 0, 7, 0
60106, 12, 7, 7, 0, 12, 0
60824, 4, 6, 6, 0, 4, 0
61226, 10, 6, 5, 1, 10, 0
62607, 12, 21, 21, 0, 12, 0
63378, 4, 3, 3, 0, 4, 0
65500, 19, 8, 8, 0, 19, 0
66844, 11, 9, 9, 0, 11, 0
69623, 5, 30, 30, 0, 5, 0
70964, 1, 2, 2, 0, 1, 0
71357, 11, 9, 9, 0, 11, 0
72123, 8, 8, 8, 0, 8, 0
72289, 4, 7, 7, 0, 4, 0
72307, 18, 14, 14, 0, 17, 1
72394, 12, 5, 5, 0, 12, 0
72812, 5, 6, 6, 0, 5, 0
73496, 1, 3, 3, 0, 1, 0
74839, 4, 4, 4, 0, 4, 0
79717, 2, 2, 2, 0, 2, 0
80830, 4, 5, 5, 0, 4, 0
81402, 0, 10, 10, 0, 0, 0
81437, 1, 4, 4, 0, 1, 0
81941, 2, 2, 2, 0, 2, 0
85021, 0, 2, 2, 0, 0, 0
86918, 2, 2, 2, 0, 2, 0
88573, 0, 2, 2, 0, 0, 0
89004, 0, 3, 3, 0, 0, 0
89660, 0, 1, 1, 0, 0, 0
89661, 0, 1, 1, 0, 0, 0
89662, 0, 1, 1, 0, 0, 0
89663, 0, 1, 1, 0, 0, 0
89664, 0, 1, 1, 0, 0, 0
89665, 0, 1, 1, 0, 0, 0
89666, 0, 1, 1, 0, 0, 0
89667, 0, 1, 1, 0, 0, 0
89668, 0, 1, 1, 0, 0, 0
89669, 0, 1, 1, 0, 0, 0
96153, 1, 1, 1, 0, 1, 0
42439, 1, 1, 1, 0, 1, 0
45750, 2, 6, 1, 5, 2, 0
59263, 0, 3, 2, 1, 0, 0
73761, 3, 3, 2, 1, 3, 0
90282, 0, 2, 2, 0, 0, 0
90329, 2, 3, 3, 0, 2, 0
90330, 4, 4, 4, 0, 4, 0
90552, 1, 1, 1, 0, 1, 0
91064, 3, 3, 3, 0, 3, 0
92113, 3, 1, 1, 0, 2, 1
93114, 0, 1, 1, 0, 0, 0
93115, 0, 1, 1, 0, 0, 0
93116, 0, 2, 2, 0, 0, 0
93117, 0, 1, 1, 0, 0, 0
93118, 0, 1, 0, 1, 0, 0
93119, 0, 1, 0, 1, 0, 0
45547, 2, 6, 6, 0, 2, 0
67585, 9, 3, 2, 1, 9, 0
67586, 4, 5, 5, 0, 4, 0
67587, 5, 7, 7, 0, 5, 0
79330, 4, 3, 3, 0, 4, 0
83545, 1, 1, 1, 0, 1, 0
90660, 1, 1, 1, 0, 1, 0
102436, 0, 1, 0, 1, 0, 0
19920, 7, 1, 1, 0, 4, 3
32444, 0, 1, 0, 1, 0, 0
129803, 1, 1, 1, 0, 1, 0
46562, 1, 4, 4, 0, 1, 0
7575, 2, 1, 0, 1, 2, 0
11957, 0, 26, 22, 4, 0, 0
35632, 6, 14, 9, 5, 5, 1
38455, 1, 1, 0, 1, 1, 0
39536, 1, 5, 0, 5, 1, 0
41425, 1, 4, 1, 3, 1, 0
41768, 0, 2, 0, 2, 0, 0
42326, 2, 6, 2, 4, 1, 1
42705, 0, 7, 1, 6, 0, 0
44109, 1, 11, 3, 8, 1, 0
44491, 0, 9, 0, 9, 0, 0
45036, 0, 4, 0, 4, 0, 0
45043, 0, 4, 0, 4, 0, 0
45045, 0, 3, 0, 3, 0, 0
45046, 0, 3, 0, 3, 0, 0
45047, 0, 4, 0, 4, 0, 0
45048, 0, 5, 0, 5, 0, 0
45049, 0, 6, 0, 6, 0, 0
45051, 0, 4, 0, 4, 0, 0
45052, 0, 4, 1, 3, 0, 0
45061, 0, 6, 0, 6, 0, 0
45086, 0, 3, 0, 3, 0, 0
45290, 1, 3, 1, 2, 1, 0
45405, 1, 1, 0, 1, 1, 0
50585, 0, 5, 0, 5, 0, 0
55945, 0, 6, 0, 6, 0, 0
58840, 0, 3, 0, 3, 0, 0
58860, 0, 3, 0, 3, 0, 0
60794, 0, 5, 0, 5, 0, 0
60795, 0, 2, 0, 2, 0, 0
60797, 0, 5, 0, 5, 0, 0
60800, 0, 4, 0, 4, 0, 0
62099, 0, 2, 0, 2, 0, 0
64978, 0, 2, 0, 2, 0, 0
79970, 0, 4, 0, 4, 0, 0
82164, 0, 2, 0, 2, 0, 0
82166, 0, 1, 0, 1, 0, 0
82167, 0, 2, 0, 2, 0, 0
82168, 0, 1, 0, 1, 0, 0
82169, 0, 1, 0, 1, 0, 0
82170, 0, 1, 0, 1, 0, 0
82171, 0, 1, 0, 1, 0, 0
82172, 0, 1, 0, 1, 0, 0
82173, 0, 1, 0, 1, 0, 0
82174, 0, 1, 0, 1, 0, 0
82175, 0, 1, 0, 1, 0, 0
82176, 0, 1, 0, 1, 0, 0
82177, 0, 2, 0, 2, 0, 0
75506, 1, 1, 1, 0, 1, 0
10065, 9, 8, 8, 0, 9, 0
18883, 0, 5, 3, 2, 0, 0
33285, 6, 10, 9, 1, 5, 1
33694, 0, 4, 3, 1, 0, 0
37297, 11, 9, 9, 0, 11, 0
39361, 6, 1, 1, 0, 6, 0
45862, 1, 4, 4, 0, 1, 0
49477, 5, 3, 3, 0, 5, 0
53739, 8, 1, 0, 1, 6, 2
53740, 0, 1, 0, 1, 0, 0
53742, 0, 1, 0, 1, 0, 0
7478, 4, 6, 6, 0, 4, 0
11567, 4, 2, 1, 1, 3, 1
11967, 3, 4, 4, 0, 3, 0
32957, 5, 4, 4, 0, 5, 0
34872, 1, 1, 1, 0, 1, 0
54764, 11, 2, 1, 1, 9, 2
59698, 1, 2, 2, 0, 1, 0
62689, 1, 1, 1, 0, 1, 0
46445, 0, 2, 2, 0, 0, 0
70257, 0, 2, 2, 0, 0, 0
90717, 1, 1, 1, 0, 1, 0
46366, 8, 3, 1, 2, 1, 7
47853, 16, 7, 6, 1, 16, 0
8083, 1, 2, 1, 1, 1, 0
8196, 2, 4, 1, 3, 2, 0
16430, 1, 2, 1, 1, 1, 0
17226, 8, 10, 7, 3, 8, 0
21013, 3, 11, 6, 5, 3, 0
21537, 29, 20, 11, 9, 23, 6
25281, 0, 4, 0, 4, 0, 0
27150, 0, 3, 0, 3, 0, 0
28232, 4, 16, 13, 3, 2, 2
31515, 7, 13, 8, 5, 6, 1
33273, 2, 1, 0, 1, 1, 1
34025, 4, 2, 1, 1, 3, 1
35832, 8, 15, 9, 6, 7, 1
36022, 6, 5, 1, 4, 5, 1
36112, 0, 3, 0, 3, 0, 0
36113, 0, 6, 0, 6, 0, 0
36114, 0, 7, 0, 7, 0, 0
37167, 1, 2, 1, 1, 1, 0
39451, 6, 14, 11, 3, 5, 1
42725, 5, 2, 1, 1, 5, 0
43369, 9, 7, 3, 4, 9, 0
44936, 0, 4, 2, 2, 0, 0
45064, 5, 11, 7, 4, 5, 0
45084, 0, 5, 0, 5, 0, 0
45085, 0, 3, 0, 3, 0, 0
45098, 0, 4, 0, 4, 0, 0
47372, 1, 5, 2, 3, 0, 1
48971, 1, 24, 16, 8, 1, 0
49296, 0, 5, 1, 4, 0, 0
49392, 0, 2, 0, 2, 0, 0
52495, 0, 4, 0, 4, 0, 0
61471, 1, 1, 0, 1, 1, 0
62098, 0, 4, 0, 4, 0, 0
65895, 0, 4, 0, 4, 0, 0
78821, 0, 3, 1, 2, 0, 0
81885, 0, 3, 0, 3, 0, 0
81890, 0, 2, 0, 2, 0, 0
81900, 0, 2, 0, 2, 0, 0
84085, 0, 4, 1, 3, 0, 0
84769, 1, 4, 2, 2, 1, 0
87892, 0, 2, 0, 2, 0, 0
88004, 0, 3, 0, 3, 0, 0
90816, 2, 1, 0, 1, 2, 0
92220, 0, 2, 0, 2, 0, 0
92230, 0, 1, 0, 1, 0, 0
92232, 0, 2, 0, 2, 0, 0
92233, 0, 4, 2, 2, 0, 0
92234, 0, 1, 0, 1, 0, 0
92235, 0, 1, 0, 1, 0, 0
92236, 0, 1, 0, 1, 0, 0
92237, 0, 1, 0, 1, 0, 0
92238, 0, 1, 0, 1, 0, 0
92239, 0, 1, 0, 1, 0, 0
40179, 1, 3, 1, 2, 1, 0
54968, 0, 3, 1, 2, 0, 0
92240, 0, 1, 0, 1, 0, 0
40592, 1, 1, 1, 0, 1, 0
42301, 2, 2, 2, 0, 2, 0
46107, 14, 5, 5, 0, 8, 6
66487, 0, 1, 0, 1, 0, 0
92676, 0, 1, 0, 1, 0, 0
100075, 0, 3, 0, 3, 0, 0
24635, 2, 2, 2, 0, 2, 0
33352, 3, 2, 2, 0, 3, 0
44246, 3, 4, 0, 4, 3, 0
54033, 2, 3, 1, 2, 2, 0
75779, 2, 4, 4, 0, 2, 0
90273, 0, 2, 2, 0, 0, 0
92787, 0, 1, 0, 1, 0, 0
128689, 0, 1, 0, 1, 0, 0
49303, 0, 3, 0, 3, 0, 0
52915, 2, 3, 2, 1, 2, 0
92763, 0, 1, 0, 1, 0, 0
92764, 0, 1, 0, 1, 0, 0
128003, 0, 2, 2, 0, 0, 0
57206, 2, 3, 2, 1, 2, 0
84406, 2, 2, 2, 0, 2, 0
20828, 6, 2, 0, 2, 3, 3
24572, 4, 7, 7, 0, 4, 0
49519, 1, 3, 2, 1, 1, 0
55781, 0, 3, 1, 2, 0, 0
66865, 0, 24, 23, 1, 0, 0
67700, 0, 7, 0, 7, 0, 0
68772, 1, 1, 0, 1, 1, 0
74223, 0, 2, 0, 2, 0, 0
77396, 1, 2, 0, 2, 1, 0
92613, 0, 2, 0, 2, 0, 0
92614, 0, 2, 0, 2, 0, 0
92615, 0, 1, 0, 1, 0, 0
92616, 0, 1, 0, 1, 0, 0
6310, 1, 0, 0, 0, 0, 1
6578, 3, 4, 2, 2, 3, 0
6313, 2, 0, 0, 0, 2, 0
6315, 2, 4, 4, 0, 1, 1
6316, 1, 0, 0, 0, 1, 0
6317, 1, 0, 0, 0, 1, 0
6319, 4, 5, 5, 0, 4, 0
6320, 1, 0, 0, 0, 1, 0
8124, 0, 2, 0, 2, 0, 0
121520, 0, 3, 3, 0, 0, 0
6323, 2, 0, 0, 0, 1, 1
6325, 1, 0, 0, 0, 0, 1
6326, 0, 1, 0, 1, 0, 0
6327, 1, 0, 0, 0, 1, 0
25714, 5, 3, 2, 1, 2, 3
6331, 5, 0, 0, 0, 5, 0
39114, 2, 2, 1, 1, 2, 0
6343, 0, 1, 1, 0, 0, 0
6344, 0, 2, 1, 1, 0, 0
6345, 7, 3, 3, 0, 7, 0
10719, 1, 3, 3, 0, 1, 0
10720, 0, 3, 3, 0, 0, 0
10721, 3, 4, 4, 0, 3, 0
12677, 6, 13, 12, 1, 6, 0
17492, 6, 6, 4, 2, 5, 1
23874, 3, 3, 3, 0, 3, 0
30229, 12, 4, 3, 1, 8, 4
45109, 1, 2, 2, 0, 0, 1
45111, 0, 1, 0, 1, 0, 0
6480, 13, 1, 1, 0, 13, 0
11276, 14, 10, 9, 1, 14, 0
12369, 6, 2, 2, 0, 6, 0
12370, 12, 6, 6, 0, 12, 0
15026, 1, 2, 2, 0, 1, 0
22332, 5, 3, 2, 1, 5, 0
12846, 0, 3, 2, 1, 0, 0
19003, 3, 6, 6, 0, 3, 0
24593, 6, 7, 7, 0, 6, 0
26239, 6, 5, 5, 0, 6, 0
33473, 3, 16, 15, 1, 3, 0
36999, 3, 5, 1, 4, 3, 0
40655, 20, 11, 11, 0, 11, 9
47066, 14, 12, 12, 0, 14, 0
54421, 3, 6, 6, 0, 3, 0
55629, 18, 7, 6, 1, 18, 0
56208, 1, 2, 2, 0, 1, 0
56274, 6, 5, 5, 0, 5, 1
63113, 9, 5, 5, 0, 9, 0
68182, 5, 8, 8, 0, 5, 0
72185, 8, 6, 6, 0, 8, 0
72426, 9, 5, 5, 0, 9, 0
73622, 9, 3, 3, 0, 9, 0
73711, 3, 6, 6, 0, 3, 0
74276, 6, 9, 9, 0, 6, 0
74549, 9, 6, 5, 1, 8, 1
75120, 6, 6, 6, 0, 6, 0
78798, 13, 4, 3, 1, 13, 0
78862, 14, 4, 4, 0, 14, 0
79312, 1, 1, 1, 0, 1, 0
80597, 1, 2, 2, 0, 1, 0
81562, 1, 2, 1, 1, 1, 0
81939, 7, 5, 4, 1, 7, 0
87040, 2, 1, 1, 0, 2, 0
87828, 6, 8, 8, 0, 6, 0
88057, 1, 1, 1, 0, 1, 0
88580, 1, 5, 5, 0, 1, 0
88959, 1, 1, 1, 0, 1, 0
89097, 3, 1, 0, 1, 3, 0
89100, 5, 2, 2, 0, 5, 0
89497, 0, 2, 1, 1, 0, 0
89545, 1, 1, 0, 1, 1, 0
90289, 1, 2, 2, 0, 1, 0
90311, 9, 1, 1, 0, 9, 0
90454, 1, 2, 1, 1, 1, 0
90611, 1, 1, 1, 0, 1, 0
91437, 0, 1, 1, 0, 0, 0
91438, 0, 1, 1, 0, 0, 0
91439, 0, 1, 1, 0, 0, 0
91440, 0, 1, 1, 0, 0, 0
91441, 0, 1, 1, 0, 0, 0
91442, 0, 1, 1, 0, 0, 0
91443, 0, 1, 0, 1, 0, 0
20448, 0, 3, 0, 3, 0, 0
45906, 1, 1, 0, 1, 1, 0
65885, 0, 2, 0, 2, 0, 0
78887, 0, 1, 0, 1, 0, 0
78888, 0, 2, 0, 2, 0, 0
78889, 0, 1, 0, 1, 0, 0
53940, 5, 1, 1, 0, 1, 4
54197, 2, 3, 2, 1, 2, 0
54198, 3, 3, 2, 1, 3, 0
54199, 0, 1, 0, 1, 0, 0
8633, 1, 2, 2, 0, 1, 0
11150, 58, 28, 28, 0, 57, 1
17838, 2, 2, 2, 0, 2, 0
23885, 7, 7, 7, 0, 7, 0
37144, 31, 20, 19, 1, 31, 0
43677, 0, 4, 3, 1, 0, 0
44943, 3, 6, 5, 1, 3, 0
49729, 1, 1, 1, 0, 1, 0
58249, 52, 29, 28, 1, 52, 0
58272, 84, 113, 111, 2, 84, 0
59499, 33, 35, 34, 1, 33, 0
62470, 13, 2, 1, 1, 12, 1
63761, 47, 9, 8, 1, 47, 0
69556, 11, 6, 6, 0, 11, 0
69671, 23, 3, 3, 0, 23, 0
69672, 0, 2, 2, 0, 0, 0
71863, 1, 2, 1, 1, 1, 0
71865, 5, 5, 5, 0, 5, 0
74706, 0, 1, 1, 0, 0, 0
74707, 0, 1, 1, 0, 0, 0
96499, 1, 1, 1, 0, 1, 0
10485, 3, 4, 3, 1, 3, 0
26803, 5, 3, 3, 0, 4, 1
86331, 0, 2, 2, 0, 0, 0
89098, 1, 1, 0, 1, 1, 0
92593, 0, 1, 0, 1, 0, 0
92594, 0, 1, 1, 0, 0, 0
6351, 1, 0, 0, 0, 1, 0
6352, 1, 0, 0, 0, 1, 0
6353, 0, 2, 2, 0, 0, 0
6354, 2, 1, 0, 1, 1, 1
25197, 2, 3, 2, 1, 1, 1
39661, 1, 1, 1, 0, 1, 0
43246, 9, 8, 8, 0, 9, 0
93481, 0, 2, 2, 0, 0, 0
94728, 0, 1, 1, 0, 0, 0
94729, 0, 2, 2, 0, 0, 0
94731, 1, 2, 2, 0, 1, 0
94803, 0, 2, 2, 0, 0, 0
94834, 0, 1, 1, 0, 0, 0
94998, 0, 1, 1, 0, 0, 0
105527, 2, 4, 4, 0, 2, 0
106449, 5, 4, 4, 0, 5, 0
6356, 1, 0, 0, 0, 1, 0
12686, 34, 30, 30, 0, 34, 0
74977, 1, 1, 0, 1, 1, 0
6359, 1, 0, 0, 0, 1, 0
6360, 1, 0, 0, 0, 1, 0
6361, 1, 0, 0, 0, 1, 0
6362, 1, 1, 1, 0, 1, 0
6363, 1, 1, 1, 0, 1, 0
20758, 10, 4, 2, 2, 8, 2
37695, 23, 8, 7, 1, 23, 0
61094, 0, 3, 0, 3, 0, 0
79428, 0, 2, 0, 2, 0, 0
82091, 0, 1, 0, 1, 0, 0
82092, 0, 1, 0, 1, 0, 0
93759, 0, 1, 0, 1, 0, 0
6365, 1, 0, 0, 0, 0, 1
6366, 1, 0, 0, 0, 0, 1
6368, 3, 0, 0, 0, 2, 1
6369, 1, 0, 0, 0, 1, 0
6370, 1, 0, 0, 0, 1, 0
6371, 1, 0, 0, 0, 1, 0
6372, 1, 0, 0, 0, 1, 0
6373, 2, 0, 0, 0, 0, 2
6374, 0, 1, 0, 1, 0, 0
6375, 0, 4, 1, 3, 0, 0
6376, 1, 0, 0, 0, 1, 0
6377, 1, 0, 0, 0, 1, 0
26273, 0, 2, 1, 1, 0, 0
23581, 5, 4, 3, 1, 5, 0
33447, 0, 3, 2, 1, 0, 0
33679, 2, 1, 0, 1, 2, 0
57522, 0, 78, 77, 1, 0, 0
62036, 1, 1, 1, 0, 1, 0
27506, 1, 1, 1, 0, 1, 0
6384, 1, 0, 0, 0, 0, 1
16138, 1, 2, 2, 0, 1, 0
16139, 3, 2, 2, 0, 3, 0
26051, 4, 5, 4, 1, 4, 0
48214, 1, 3, 3, 0, 1, 0
76153, 0, 4, 4, 0, 0, 0
96317, 5, 6, 6, 0, 5, 0
6388, 1, 0, 0, 0, 0, 1
6389, 1, 0, 0, 0, 1, 0
6390, 0, 1, 1, 0, 0, 0
115708, 1, 2, 2, 0, 1, 0
6393, 1, 0, 0, 0, 1, 0
6394, 1, 1, 1, 0, 1, 0
6395, 5, 3, 3, 0, 5, 0
8983, 2, 2, 2, 0, 2, 0
7509, 3, 2, 2, 0, 3, 0
96566, 0, 2, 2, 0, 0, 0
6397, 1, 0, 0, 0, 1, 0
6398, 1, 0, 0, 0, 0, 1
109643, 3, 4, 4, 0, 3, 0
30525, 2, 1, 1, 0, 2, 0
40180, 9, 2, 2, 0, 8, 1
40816, 14, 9, 9, 0, 14, 0
6402, 3, 0, 0, 0, 3, 0
6404, 1, 0, 0, 0, 0, 1
6405, 1, 2, 1, 1, 1, 0
107114, 3, 1, 1, 0, 2, 1
6406, 1, 0, 0, 0, 1, 0
6407, 2, 1, 1, 0, 2, 0
56538, 0, 6, 6, 0, 0, 0
6408, 7, 0, 0, 0, 7, 0
45769, 1, 2, 1, 1, 1, 0
95142, 0, 1, 1, 0, 0, 0
6411, 1, 0, 0, 0, 1, 0
6414, 1, 0, 0, 0, 0, 1
6415, 0, 1, 0, 1, 0, 0
6416, 1, 1, 1, 0, 1, 0
6417, 1, 0, 0, 0, 0, 1
6418, 1, 0, 0, 0, 0, 1
11636, 11, 5, 5, 0, 11, 0
65602, 15, 2, 2, 0, 15, 0
6420, 2, 0, 0, 0, 2, 0
120250, 0, 1, 1, 0, 0, 0
6423, 3, 0, 0, 0, 2, 1
6424, 3, 4, 4, 0, 3, 0
64804, 1, 1, 1, 0, 1, 0
6425, 1, 1, 0, 1, 0, 1
6426, 1, 0, 0, 0, 1, 0
6427, 1, 0, 0, 0, 0, 1
6428, 1, 0, 0, 0, 1, 0
6429, 2, 0, 0, 0, 1, 1
6430, 14, 0, 0, 0, 12, 2
15063, 3, 1, 1, 0, 3, 0
6433, 2, 0, 0, 0, 1, 1
6434, 2, 0, 0, 0, 1, 1
6436, 2, 0, 0, 0, 1, 1
6437, 2, 0, 0, 0, 2, 0
6439, 1, 0, 0, 0, 1, 0
6440, 1, 1, 1, 0, 1, 0
6703, 0, 3, 3, 0, 0, 0
6442, 1, 0, 0, 0, 1, 0
55111, 1, 5, 2, 3, 1, 0
68576, 1, 3, 1, 2, 1, 0
6444, 2, 0, 0, 0, 2, 0
6445, 1, 1, 1, 0, 1, 0
6446, 1, 0, 0, 0, 1, 0
6448, 2, 0, 0, 0, 1, 1
6450, 15, 13, 13, 0, 15, 0
52994, 7, 7, 7, 0, 7, 0
52996, 15, 8, 8, 0, 15, 0
57130, 8, 6, 6, 0, 8, 0
67601, 2, 1, 1, 0, 2, 0
54329, 5, 5, 5, 0, 5, 0
6454, 2, 0, 0, 0, 2, 0
6455, 2, 4, 4, 0, 2, 0
6456, 1, 1, 1, 0, 1, 0
9863, 6, 5, 3, 2, 4, 2
6457, 3, 1, 0, 1, 3, 0
6459, 0, 1, 1, 0, 0, 0
6460, 2, 0, 0, 0, 1, 1
6461, 2, 0, 0, 0, 1, 1
32385, 2, 3, 3, 0, 2, 0
32403, 0, 2, 1, 1, 0, 0
40924, 1, 1, 1, 0, 1, 0
43819, 0, 3, 3, 0, 0, 0
43820, 0, 1, 1, 0, 0, 0
15870, 2, 4, 4, 0, 2, 0
22563, 0, 1, 0, 1, 0, 0
22564, 0, 1, 0, 1, 0, 0
22566, 0, 1, 0, 1, 0, 0
22567, 0, 1, 0, 1, 0, 0
22568, 0, 1, 0, 1, 0, 0
22573, 0, 1, 0, 1, 0, 0
97895, 0, 2, 1, 1, 0, 0
99587, 0, 2, 0, 2, 0, 0
100556, 0, 2, 0, 2, 0, 0
107586, 0, 1, 0, 1, 0, 0
107746, 2, 1, 0, 1, 2, 0
109229, 0, 1, 0, 1, 0, 0
109697, 0, 2, 0, 2, 0, 0
6467, 1, 0, 0, 0, 1, 0
6468, 0, 2, 2, 0, 0, 0
6469, 2, 0, 0, 0, 1, 1
6470, 0, 1, 1, 0, 0, 0
6471, 0, 1, 0, 1, 0, 0
6472, 1, 0, 0, 0, 1, 0
31384, 1, 4, 4, 0, 1, 0
47245, 1, 1, 1, 0, 1, 0
78467, 0, 1, 0, 1, 0, 0
6475, 1, 0, 0, 0, 0, 1
6476, 0, 1, 0, 1, 0, 0
6477, 2, 0, 0, 0, 2, 0
6478, 4, 1, 1, 0, 3, 1
6479, 0, 2, 2, 0, 0, 0
6565, 0, 1, 1, 0, 0, 0
6566, 0, 1, 1, 0, 0, 0
26206, 1, 1, 1, 0, 1, 0
108953, 1, 1, 1, 0, 1, 0
13154, 1, 3, 0, 3, 0, 1
16815, 3, 3, 2, 1, 3, 0
6483, 2, 0, 0, 0, 2, 0
6484, 3, 5, 5, 0, 3, 0
6485, 2, 3, 3, 0, 2, 0
6486, 1, 0, 0, 0, 1, 0
94446, 2, 2, 2, 0, 2, 0
109236, 4, 4, 4, 0, 4, 0
13370, 7, 2, 1, 1, 7, 0
40621, 7, 2, 0, 2, 6, 1
76038, 3, 3, 1, 2, 3, 0
76358, 2, 2, 0, 2, 2, 0
76360, 7, 2, 0, 2, 7, 0
76450, 8, 3, 1, 2, 8, 0
76453, 3, 2, 0, 2, 3, 0
6489, 1, 0, 0, 0, 1, 0
6491, 3, 0, 0, 0, 1, 2
6493, 3, 0, 0, 0, 3, 0
25899, 1, 1, 1, 0, 1, 0
90870, 1, 1, 1, 0, 1, 0
6495, 1, 1, 1, 0, 1, 0
6497, 2, 0, 0, 0, 2, 0
6498, 3, 0, 0, 0, 2, 1
92079, 0, 1, 1, 0, 0, 0
91510, 2, 2, 2, 0, 2, 0
94042, 0, 1, 1, 0, 0, 0
94043, 0, 1, 1, 0, 0, 0
6503, 2, 1, 1, 0, 2, 0
6505, 2, 0, 0, 0, 2, 0
6506, 1, 0, 0, 0, 1, 0
6507, 0, 1, 1, 0, 0, 0
6509, 17, 9, 9, 0, 17, 0
126462, 0, 1, 1, 0, 0, 0
13033, 0, 1, 1, 0, 0, 0
13036, 0, 2, 2, 0, 0, 0
6512, 3, 1, 1, 0, 2, 1
6513, 1, 1, 1, 0, 1, 0
6514, 1, 2, 2, 0, 1, 0
6515, 1, 0, 0, 0, 1, 0
6516, 2, 0, 0, 0, 0, 2
6517, 1, 0, 0, 0, 1, 0
8678, 0, 1, 1, 0, 0, 0
100283, 0, 1, 1, 0, 0, 0
6519, 1, 0, 0, 0, 1, 0
6520, 1, 3, 2, 1, 1, 0
6522, 32, 22, 22, 0, 32, 0
19675, 2, 7, 6, 1, 2, 0
24578, 14, 28, 27, 1, 14, 0
43951, 9, 6, 6, 0, 9, 0
43952, 5, 5, 5, 0, 5, 0
44822, 15, 15, 14, 1, 15, 0
49752, 3, 7, 6, 1, 3, 0
60255, 10, 8, 8, 0, 10, 0
64752, 25, 18, 18, 0, 25, 0
64770, 9, 12, 12, 0, 8, 1
67047, 8, 9, 9, 0, 8, 0
69846, 21, 10, 10, 0, 21, 0
71148, 1, 8, 8, 0, 1, 0
74116, 1, 6, 6, 0, 1, 0
74744, 4, 9, 9, 0, 4, 0
75558, 1, 1, 1, 0, 1, 0
76563, 4, 4, 4, 0, 4, 0
77316, 0, 1, 1, 0, 0, 0
77317, 0, 1, 1, 0, 0, 0
32449, 1, 7, 3, 4, 1, 0
32597, 1, 1, 1, 0, 1, 0
56250, 0, 4, 4, 0, 0, 0
86973, 3, 1, 1, 0, 3, 0
6524, 9, 3, 1, 2, 7, 2
13054, 1, 3, 1, 2, 1, 0
107602, 0, 1, 0, 1, 0, 0
6527, 1, 0, 0, 0, 1, 0
6528, 0, 1, 1, 0, 0, 0
7305, 2, 1, 1, 0, 2, 0
42184, 2, 1, 1, 0, 2, 0
61725, 0, 1, 0, 1, 0, 0
7595, 6, 7, 7, 0, 6, 0
7596, 0, 1, 1, 0, 0, 0
7598, 5, 4, 3, 1, 4, 1
19090, 3, 2, 2, 0, 2, 1
99148, 3, 1, 1, 0, 3, 0
6536, 0, 1, 1, 0, 0, 0
6537, 1, 1, 1, 0, 1, 0
6538, 1, 0, 0, 0, 1, 0
6539, 1, 0, 0, 0, 0, 1
46352, 3, 17, 17, 0, 3, 0
62657, 0, 3, 3, 0, 0, 0
62974, 20, 22, 22, 0, 20, 0
67120, 17, 25, 25, 0, 17, 0
6541, 1, 0, 0, 0, 1, 0
6543, 2, 0, 0, 0, 1, 1
6545, 0, 2, 2, 0, 0, 0
14457, 0, 7, 7, 0, 0, 0
17746, 2, 7, 7, 0, 2, 0
21832, 0, 3, 3, 0, 0, 0
6546, 1, 0, 0, 0, 1, 0
6547, 0, 2, 2, 0, 0, 0
6548, 1, 0, 0, 0, 0, 1
6550, 1, 0, 0, 0, 0, 1
33556, 1, 1, 1, 0, 1, 0
94587, 0, 4, 3, 1, 0, 0
6553, 1, 0, 0, 0, 1, 0
6554, 1, 0, 0, 0, 0, 1
6558, 1, 0, 0, 0, 1, 0
7635, 0, 4, 2, 2, 0, 0
24191, 1, 1, 0, 1, 1, 0
24200, 0, 1, 0, 1, 0, 0
24201, 0, 2, 0, 2, 0, 0
24203, 0, 1, 0, 1, 0, 0
24204, 0, 1, 0, 1, 0, 0
24205, 0, 1, 0, 1, 0, 0
80784, 23, 2, 1, 1, 22, 1
83481, 0, 3, 2, 1, 0, 0
98648, 1, 1, 1, 0, 1, 0
107726, 0, 1, 0, 1, 0, 0
6560, 1, 0, 0, 0, 1, 0
6562, 1, 0, 0, 0, 1, 0
6563, 1, 1, 1, 0, 1, 0
22644, 2, 4, 4, 0, 2, 0
10582, 2, 3, 3, 0, 2, 0
12742, 11, 6, 4, 2, 8, 3
9462, 1, 3, 3, 0, 1, 0
11073, 1, 2, 2, 0, 0, 1
11074, 0, 2, 2, 0, 0, 0
11075, 1, 3, 3, 0, 1, 0
8104, 1, 2, 2, 0, 1, 0
10205, 0, 5, 5, 0, 0, 0
10206, 1, 4, 4, 0, 1, 0
10304, 6, 1, 1, 0, 6, 0
10305, 10, 2, 2, 0, 10, 0
10222, 1, 2, 2, 0, 1, 0
40778, 166, 6, 5, 1, 6, 160
44036, 1, 2, 2, 0, 1, 0
48268, 5, 3, 3, 0, 3, 2
50140, 2, 1, 1, 0, 1, 1
50838, 11, 5, 3, 2, 10, 1
53109, 1, 2, 2, 0, 1, 0
58905, 1, 2, 2, 0, 1, 0
59060, 2, 1, 1, 0, 2, 0
59081, 1, 1, 1, 0, 1, 0
59365, 0, 1, 0, 1, 0, 0
59366, 0, 1, 1, 0, 0, 0
59367, 0, 1, 1, 0, 0, 0
59368, 0, 1, 1, 0, 0, 0
59369, 0, 1, 1, 0, 0, 0
114943, 0, 1, 0, 1, 0, 0
81839, 0, 1, 1, 0, 0, 0
74561, 0, 2, 2, 0, 0, 0
11672, 167, 93, 93, 0, 167, 0
28190, 0, 3, 0, 3, 0, 0
36809, 0, 4, 3, 1, 0, 0
74097, 3, 1, 0, 1, 2, 1
75044, 1, 1, 1, 0, 1, 0
76898, 0, 1, 0, 1, 0, 0
130325, 0, 1, 1, 0, 0, 0
6580, 2, 0, 0, 0, 1, 1
6581, 14, 14, 8, 6, 12, 2
49981, 3, 1, 1, 0, 3, 0
49985, 0, 3, 3, 0, 0, 0
50797, 6, 3, 3, 0, 5, 1
53537, 0, 1, 0, 1, 0, 0
6583, 1, 0, 0, 0, 0, 1
6584, 1, 0, 0, 0, 1, 0
6585, 4, 1, 1, 0, 1, 3
108204, 4, 3, 2, 1, 1, 3
6586, 1, 0, 0, 0, 1, 0
6587, 0, 1, 1, 0, 0, 0
6588, 7, 0, 0, 0, 0, 7
6592, 2, 6, 4, 2, 2, 0
6594, 6, 3, 1, 2, 6, 0
22620, 1, 1, 1, 0, 1, 0
32678, 3, 4, 4, 0, 3, 0
32679, 2, 4, 4, 0, 2, 0
7417, 2, 2, 2, 0, 2, 0
7418, 2, 2, 2, 0, 2, 0
30282, 0, 1, 1, 0, 0, 0
30283, 0, 1, 1, 0, 0, 0
6595, 1, 0, 0, 0, 1, 0
6596, 1, 0, 0, 0, 0, 1
6597, 1, 2, 1, 1, 1, 0
6599, 1, 0, 0, 0, 1, 0
6600, 7, 4, 3, 1, 7, 0
88029, 0, 1, 1, 0, 0, 0
88030, 0, 1, 1, 0, 0, 0
6601, 2, 0, 0, 0, 2, 0
6602, 1, 0, 0, 0, 1, 0
6603, 1, 0, 0, 0, 1, 0
6604, 1, 0, 0, 0, 0, 1
6605, 0, 1, 0, 1, 0, 0
6608, 2, 0, 0, 0, 1, 1
6609, 1, 0, 0, 0, 1, 0
7694, 3, 1, 1, 0, 3, 0
21100, 9, 5, 5, 0, 9, 0
31885, 2, 1, 1, 0, 2, 0
96943, 2, 2, 2, 0, 2, 0
54080, 6, 2, 2, 0, 1, 5
60945, 5, 1, 1, 0, 5, 0
92830, 2, 7, 6, 1, 2, 0
6614, 1, 0, 0, 0, 1, 0
6615, 0, 2, 2, 0, 0, 0
6616, 1, 0, 0, 0, 1, 0
6617, 1, 0, 0, 0, 1, 0
6618, 1, 0, 0, 0, 1, 0
6620, 1, 1, 1, 0, 1, 0
6621, 2, 0, 0, 0, 2, 0
6624, 1, 1, 0, 1, 1, 0
6626, 2, 0, 0, 0, 0, 2
6628, 0, 1, 0, 1, 0, 0
6630, 2, 5, 5, 0, 2, 0
6632, 3, 4, 4, 0, 3, 0
6633, 3, 4, 4, 0, 3, 0
6634, 2, 0, 0, 0, 1, 1
6635, 1, 0, 0, 0, 1, 0
6636, 2, 0, 0, 0, 2, 0
6637, 0, 1, 1, 0, 0, 0
6638, 5, 1, 1, 0, 5, 0
6639, 0, 2, 2, 0, 0, 0
6641, 19, 8, 8, 0, 13, 6
34391, 1, 3, 3, 0, 1, 0
56721, 2, 1, 1, 0, 2, 0
84627, 0, 3, 0, 3, 0, 0
6644, 2, 0, 0, 0, 2, 0
26336, 11, 5, 5, 0, 8, 3
28515, 4, 4, 4, 0, 4, 0
88035, 2, 3, 3, 0, 2, 0
93434, 2, 1, 1, 0, 2, 0
94861, 1, 1, 1, 0, 1, 0
95261, 24, 3, 3, 0, 24, 0
95889, 2, 2, 2, 0, 2, 0
96146, 3, 3, 3, 0, 3, 0
96262, 5, 6, 6, 0, 5, 0
96269, 4, 1, 1, 0, 4, 0
97443, 5, 2, 2, 0, 5, 0
97640, 1, 1, 1, 0, 1, 0
98203, 1, 3, 3, 0, 1, 0
98413, 13, 6, 5, 1, 13, 0
104196, 15, 3, 3, 0, 15, 0
105850, 1, 1, 1, 0, 1, 0
106133, 4, 2, 1, 1, 4, 0
110068, 9, 4, 3, 1, 9, 0
112021, 2, 1, 1, 0, 2, 0
6646, 1, 0, 0, 0, 0, 1
6648, 1, 0, 0, 0, 1, 0
6649, 2, 0, 0, 0, 2, 0
6650, 1, 4, 4, 0, 1, 0
9734, 4, 4, 3, 1, 4, 0
6652, 1, 0, 0, 0, 1, 0
12035, 2, 14, 14, 0, 2, 0
42614, 4, 22, 22, 0, 4, 0
58439, 9, 17, 17, 0, 9, 0
58911, 9, 4, 4, 0, 9, 0
69616, 0, 2, 2, 0, 0, 0
69618, 3, 1, 1, 0, 3, 0
6654, 3, 0, 0, 0, 3, 0
6656, 1, 0, 0, 0, 1, 0
6657, 1, 1, 1, 0, 1, 0
6658, 1, 0, 0, 0, 1, 0
6659, 0, 2, 2, 0, 0, 0
6661, 1, 1, 1, 0, 1, 0
23881, 1, 6, 0, 6, 0, 1
6663, 1, 0, 0, 0, 0, 1
6666, 3, 0, 0, 0, 3, 0
6668, 5, 2, 2, 0, 5, 0
6985, 1, 1, 1, 0, 1, 0
7133, 0, 1, 1, 0, 0, 0
7134, 0, 1, 1, 0, 0, 0
7135, 0, 1, 1, 0, 0, 0
6670, 1, 0, 0, 0, 1, 0
6672, 0, 1, 1, 0, 0, 0
6673, 1, 0, 0, 0, 0, 1
6674, 1, 0, 0, 0, 0, 1
6675, 2, 0, 0, 0, 2, 0
6676, 1, 1, 1, 0, 1, 0
6677, 1, 2, 2, 0, 1, 0
6764, 1, 2, 2, 0, 1, 0
76341, 1, 1, 1, 0, 1, 0
6678, 2, 0, 0, 0, 2, 0
6680, 1, 0, 0, 0, 1, 0
6681, 1, 0, 0, 0, 1, 0
6682, 2, 0, 0, 0, 2, 0
6684, 1, 0, 0, 0, 1, 0
6685, 1, 0, 0, 0, 1, 0
6686, 4, 7, 4, 3, 2, 2
6687, 1, 0, 0, 0, 1, 0
30924, 0, 2, 0, 2, 0, 0
41283, 1, 2, 2, 0, 1, 0
43290, 1, 6, 3, 3, 1, 0
48884, 1, 1, 1, 0, 1, 0
49297, 12, 14, 13, 1, 12, 0
49298, 0, 8, 7, 1, 0, 0
49300, 2, 3, 3, 0, 2, 0
49304, 0, 1, 0, 1, 0, 0
49305, 0, 3, 0, 3, 0, 0
49307, 0, 3, 0, 3, 0, 0
6689, 1, 0, 0, 0, 1, 0
6690, 0, 1, 1, 0, 0, 0
6691, 1, 0, 0, 0, 0, 1
6692, 1, 0, 0, 0, 1, 0
6693, 0, 1, 1, 0, 0, 0
6694, 1, 0, 0, 0, 1, 0
6695, 3, 0, 0, 0, 2, 1
6697, 12, 12, 11, 1, 11, 1
35106, 2, 6, 1, 5, 2, 0
60867, 4, 2, 1, 1, 4, 0
61184, 26, 6, 6, 0, 26, 0
65934, 5, 2, 2, 0, 5, 0
66885, 9, 6, 6, 0, 8, 1
71759, 0, 1, 0, 1, 0, 0
41712, 5, 11, 10, 1, 5, 0
6698, 1, 1, 0, 1, 1, 0
6699, 0, 2, 1, 1, 0, 0
6700, 1, 0, 0, 0, 1, 0
6702, 0, 1, 1, 0, 0, 0
6705, 3, 0, 0, 0, 3, 0
6706, 1, 0, 0, 0, 1, 0
6707, 1, 0, 0, 0, 1, 0
18661, 2, 2, 2, 0, 2, 0
22636, 5, 1, 1, 0, 5, 0
48291, 1, 1, 0, 1, 1, 0
6714, 0, 1, 0, 1, 0, 0
13996, 7, 10, 9, 1, 6, 1
37076, 5, 4, 3, 1, 3, 2
101821, 0, 1, 0, 1, 0, 0
119423, 0, 3, 0, 3, 0, 0
120039, 5, 1, 0, 1, 4, 1
121035, 0, 1, 0, 1, 0, 0
122272, 0, 1, 0, 1, 0, 0
122273, 0, 1, 0, 1, 0, 0
124170, 7, 2, 0, 2, 7, 0
125225, 0, 1, 0, 1, 0, 0
125431, 0, 2, 1, 1, 0, 0
125619, 0, 3, 1, 2, 0, 0
125667, 0, 1, 0, 1, 0, 0
127352, 0, 1, 0, 1, 0, 0
27569, 1, 1, 1, 0, 1, 0
6717, 2, 0, 0, 0, 2, 0
6718, 1, 0, 0, 0, 1, 0
108814, 1, 1, 0, 1, 1, 0
6720, 4, 0, 0, 0, 4, 0
98351, 0, 2, 1, 1, 0, 0
6722, 1, 1, 1, 0, 1, 0
93817, 1, 1, 1, 0, 1, 0
8619, 2, 2, 2, 0, 2, 0
9926, 1, 1, 1, 0, 1, 0
33976, 15, 6, 6, 0, 15, 0
98688, 0, 1, 0, 1, 0, 0
50162, 0, 1, 0, 1, 0, 0
28207, 2, 3, 3, 0, 2, 0
30381, 3, 4, 4, 0, 3, 0
6730, 1, 0, 0, 0, 0, 1
6731, 0, 1, 0, 1, 0, 0
6732, 4, 1, 1, 0, 4, 0
64341, 0, 1, 0, 1, 0, 0
64342, 0, 1, 0, 1, 0, 0
9784, 2, 2, 2, 0, 2, 0
71189, 9, 7, 7, 0, 9, 0
6735, 3, 1, 1, 0, 1, 2
6737, 0, 1, 1, 0, 0, 0
6739, 2, 0, 0, 0, 2, 0
6740, 1, 0, 0, 0, 1, 0
11886, 9, 7, 6, 1, 9, 0
46043, 1, 7, 5, 2, 1, 0
49545, 7, 3, 0, 3, 7, 0
50082, 0, 4, 0, 4, 0, 0
51597, 2, 1, 0, 1, 1, 1
57011, 64, 41, 36, 5, 64, 0
58330, 9, 2, 1, 1, 2, 7
58426, 15, 12, 11, 1, 15, 0
61087, 0, 3, 2, 1, 0, 0
66660, 0, 3, 2, 1, 0, 0
67974, 0, 2, 0, 2, 0, 0
70316, 1, 2, 1, 1, 1, 0
76401, 0, 2, 2, 0, 0, 0
77185, 6, 4, 3, 1, 6, 0
79698, 0, 2, 0, 2, 0, 0
82094, 2, 7, 6, 1, 2, 0
85759, 1, 1, 0, 1, 1, 0
88050, 0, 2, 0, 2, 0, 0
90935, 0, 2, 2, 0, 0, 0
91486, 1, 1, 1, 0, 1, 0
92939, 0, 1, 1, 0, 0, 0
92940, 0, 1, 0, 1, 0, 0
92941, 0, 1, 0, 1, 0, 0
92942, 0, 1, 0, 1, 0, 0
92943, 0, 1, 0, 1, 0, 0
92944, 0, 1, 0, 1, 0, 0
92945, 0, 1, 0, 1, 0, 0
6742, 1, 0, 0, 0, 0, 1
6744, 1, 0, 0, 0, 1, 0
6745, 0, 2, 2, 0, 0, 0
6746, 1, 0, 0, 0, 1, 0
6747, 0, 2, 2, 0, 0, 0
6748, 1, 0, 0, 0, 1, 0
6749, 1, 0, 0, 0, 1, 0
6750, 1, 1, 1, 0, 1, 0
6751, 1, 0, 0, 0, 1, 0
6752, 1, 0, 0, 0, 0, 1
6753, 1, 0, 0, 0, 1, 0
6754, 2, 0, 0, 0, 1, 1
6755, 1, 1, 1, 0, 1, 0
6756, 2, 0, 0, 0, 2, 0
16018, 0, 2, 2, 0, 0, 0
32034, 12, 2, 2, 0, 10, 2
32036, 0, 1, 1, 0, 0, 0
6758, 1, 0, 0, 0, 0, 1
6759, 0, 7, 4, 3, 0, 0
6760, 2, 0, 0, 0, 2, 0
6761, 2, 0, 0, 0, 2, 0
6763, 0, 1, 1, 0, 0, 0
69301, 0, 2, 2, 0, 0, 0
6765, 1, 0, 0, 0, 1, 0
6766, 0, 2, 2, 0, 0, 0
6767, 1, 0, 0, 0, 1, 0
6768, 1, 1, 1, 0, 1, 0
6769, 2, 2, 2, 0, 2, 0
15060, 0, 1, 1, 0, 0, 0
6770, 4, 0, 0, 0, 4, 0
6771, 3, 4, 4, 0, 3, 0
6772, 3, 7, 7, 0, 2, 1
6774, 3, 2, 2, 0, 3, 0
6775, 1, 0, 0, 0, 1, 0
6776, 1, 3, 2, 1, 1, 0
6777, 8, 4, 4, 0, 8, 0
51363, 6, 11, 10, 1, 6, 0
70924, 1, 2, 2, 0, 1, 0
6778, 1, 0, 0, 0, 1, 0
6779, 1, 0, 0, 0, 1, 0
6780, 1, 0, 0, 0, 1, 0
6781, 94, 55, 54, 1, 94, 0
7997, 145, 44, 43, 1, 145, 0
12837, 72, 65, 65, 0, 72, 0
15568, 94, 44, 44, 0, 94, 0
21611, 77, 80, 80, 0, 77, 0
25573, 21, 71, 71, 0, 21, 0
27884, 113, 59, 58, 1, 113, 0
32506, 53, 43, 43, 0, 53, 0
43149, 134, 62, 62, 0, 133, 1
44730, 0, 51, 51, 0, 0, 0
44770, 79, 54, 54, 0, 79, 0
44771, 72, 31, 31, 0, 72, 0
44772, 29, 25, 25, 0, 29, 0
44775, 46, 40, 40, 0, 46, 0
44776, 115, 58, 58, 0, 115, 0
44778, 111, 53, 53, 0, 111, 0
44780, 29, 24, 24, 0, 29, 0
44783, 73, 39, 39, 0, 73, 0
44786, 7, 24, 24, 0, 7, 0
44787, 11, 41, 41, 0, 11, 0
44789, 42, 32, 32, 0, 42, 0
44790, 15, 54, 54, 0, 15, 0
44794, 19, 21, 21, 0, 19, 0
44795, 1, 13, 13, 0, 1, 0
44796, 19, 38, 38, 0, 19, 0
44798, 21, 12, 12, 0, 21, 0
44810, 205, 70, 69, 1, 205, 0
75426, 4, 20, 20, 0, 4, 0
6782, 1, 0, 0, 0, 0, 1
15005, 15, 15, 15, 0, 15, 0
18096, 29, 7, 7, 0, 28, 1
22749, 6, 1, 1, 0, 6, 0
23800, 7, 10, 10, 0, 7, 0
25438, 20, 3, 3, 0, 20, 0
33200, 4, 3, 3, 0, 4, 0
37278, 9, 1, 1, 0, 8, 1
39674, 3, 5, 5, 0, 2, 1
39706, 4, 2, 2, 0, 4, 0
40973, 3, 3, 3, 0, 3, 0
40974, 11, 7, 7, 0, 10, 1
44348, 2, 3, 3, 0, 2, 0
56693, 1, 1, 1, 0, 1, 0
6784, 1, 0, 0, 0, 1, 0
6786, 2, 0, 0, 0, 2, 0
6787, 1, 0, 0, 0, 0, 1
6788, 1, 0, 0, 0, 1, 0
6789, 4, 7, 7, 0, 4, 0
6803, 2, 5, 5, 0, 2, 0
6909, 2, 3, 3, 0, 2, 0
6792, 1, 0, 0, 0, 1, 0
6794, 3, 0, 0, 0, 1, 2
6795, 2, 2, 1, 1, 2, 0
6797, 0, 2, 2, 0, 0, 0
39910, 54, 15, 14, 1, 54, 0
51651, 0, 5, 5, 0, 0, 0
63575, 1, 4, 3, 1, 1, 0
6798, 4, 4, 4, 0, 3, 1
7238, 0, 2, 0, 2, 0, 0
10734, 1, 3, 1, 2, 0, 1
14438, 4, 5, 1, 4, 4, 0
30552, 7, 7, 7, 0, 7, 0
34558, 0, 7, 1, 6, 0, 0
34742, 0, 4, 0, 4, 0, 0
34743, 0, 2, 0, 2, 0, 0
35320, 2, 1, 0, 1, 2, 0
35721, 2, 1, 0, 1, 2, 0
36554, 4, 7, 4, 3, 4, 0
37085, 15, 4, 2, 2, 14, 1
39474, 0, 4, 0, 4, 0, 0
43143, 2, 3, 2, 1, 2, 0
44028, 1, 5, 2, 3, 1, 0
46239, 3, 1, 0, 1, 0, 3
47785, 7, 1, 0, 1, 6, 1
49250, 1, 1, 0, 1, 1, 0
49471, 1, 2, 0, 2, 0, 1
50716, 1, 1, 0, 1, 0, 1
52133, 4, 4, 2, 2, 4, 0
55630, 2, 5, 4, 1, 2, 0
56022, 2, 6, 4, 2, 2, 0
59186, 4, 3, 0, 3, 4, 0
59302, 1, 7, 5, 2, 1, 0
76530, 2, 1, 0, 1, 2, 0
76911, 0, 3, 2, 1, 0, 0
77464, 1, 2, 0, 2, 1, 0
77765, 1, 1, 0, 1, 1, 0
88603, 2, 2, 0, 2, 2, 0
89815, 0, 2, 0, 2, 0, 0
89816, 0, 2, 0, 2, 0, 0
89817, 0, 2, 0, 2, 0, 0
89820, 0, 2, 0, 2, 0, 0
89831, 0, 2, 0, 2, 0, 0
89832, 0, 2, 0, 2, 0, 0
92953, 0, 1, 0, 1, 0, 0
92954, 0, 1, 0, 1, 0, 0
92955, 0, 2, 0, 2, 0, 0
92956, 0, 2, 0, 2, 0, 0
92957, 0, 2, 0, 2, 0, 0
92958, 0, 1, 0, 1, 0, 0
92959, 0, 1, 0, 1, 0, 0
92960, 0, 2, 0, 2, 0, 0
92961, 0, 1, 0, 1, 0, 0
92962, 0, 1, 0, 1, 0, 0
92963, 0, 1, 0, 1, 0, 0
92964, 0, 1, 0, 1, 0, 0
92965, 0, 1, 0, 1, 0, 0
92966, 0, 1, 0, 1, 0, 0
92967, 0, 1, 0, 1, 0, 0
92968, 0, 1, 0, 1, 0, 0
92969, 0, 1, 0, 1, 0, 0
92970, 0, 1, 0, 1, 0, 0
92971, 0, 1, 0, 1, 0, 0
92972, 0, 1, 0, 1, 0, 0
92973, 0, 1, 0, 1, 0, 0
92974, 0, 1, 0, 1, 0, 0
93931, 0, 1, 0, 1, 0, 0
100003, 0, 1, 0, 1, 0, 0
107643, 0, 2, 1, 1, 0, 0
107644, 0, 1, 0, 1, 0, 0
115425, 0, 1, 0, 1, 0, 0
121850, 0, 1, 0, 1, 0, 0
7893, 1, 1, 0, 1, 1, 0
27518, 15, 4, 1, 3, 15, 0
45858, 4, 1, 1, 0, 4, 0
107943, 1, 1, 1, 0, 1, 0
112658, 1, 5, 5, 0, 1, 0
113834, 0, 2, 0, 2, 0, 0
114162, 1, 1, 1, 0, 1, 0
115368, 3, 1, 1, 0, 3, 0
55682, 5, 1, 0, 1, 5, 0
55683, 0, 1, 1, 0, 0, 0
6802, 2, 0, 0, 0, 2, 0
6804, 2, 0, 0, 0, 2, 0
6805, 1, 0, 0, 0, 1, 0
6807, 1, 0, 0, 0, 1, 0
6808, 1, 1, 1, 0, 1, 0
6809, 1, 1, 1, 0, 1, 0
40889, 5, 3, 3, 0, 5, 0
6811, 1, 0, 0, 0, 1, 0
6812, 1, 0, 0, 0, 1, 0
8292, 2, 1, 1, 0, 2, 0
9631, 1, 1, 1, 0, 1, 0
9637, 1, 1, 1, 0, 1, 0
9726, 1, 2, 2, 0, 1, 0
9762, 1, 1, 1, 0, 1, 0
9858, 1, 1, 1, 0, 1, 0
9867, 1, 1, 1, 0, 1, 0
9888, 3, 2, 2, 0, 3, 0
9889, 3, 2, 2, 0, 3, 0
9898, 1, 1, 1, 0, 1, 0
9899, 1, 2, 2, 0, 0, 1
9976, 0, 1, 1, 0, 0, 0
9977, 0, 1, 1, 0, 0, 0
9978, 0, 1, 1, 0, 0, 0
94453, 0, 1, 1, 0, 0, 0
6815, 4, 3, 3, 0, 4, 0
74904, 0, 4, 4, 0, 0, 0
27311, 2, 1, 0, 1, 2, 0
27726, 4, 3, 2, 1, 4, 0
36780, 2, 1, 0, 1, 2, 0
6817, 2, 0, 0, 0, 2, 0
6818, 0, 1, 1, 0, 0, 0
6819, 2, 3, 3, 0, 2, 0
6820, 1, 0, 0, 0, 1, 0
6821, 0, 1, 1, 0, 0, 0
8484, 1, 1, 1, 0, 1, 0
40031, 4, 2, 2, 0, 4, 0
97581, 45, 4, 4, 0, 45, 0
97668, 0, 2, 1, 1, 0, 0
98236, 0, 1, 1, 0, 0, 0
16986, 12, 4, 4, 0, 12, 0
52455, 2, 23, 23, 0, 2, 0
11908, 34, 29, 29, 0, 34, 0
15313, 20, 8, 6, 2, 14, 6
24435, 15, 15, 15, 0, 15, 0
28042, 2, 1, 1, 0, 1, 1
65390, 2, 7, 7, 0, 2, 0
69130, 1, 1, 1, 0, 1, 0
69251, 17, 8, 8, 0, 17, 0
71016, 1, 5, 5, 0, 1, 0
71524, 5, 2, 2, 0, 5, 0
73790, 0, 2, 2, 0, 0, 0
73791, 0, 1, 1, 0, 0, 0
25510, 4, 5, 5, 0, 3, 1
45397, 2, 4, 3, 1, 2, 0
50348, 1, 2, 2, 0, 1, 0
9483, 8, 9, 9, 0, 8, 0
98591, 2, 2, 2, 0, 2, 0
113798, 1, 3, 2, 1, 1, 0
116759, 4, 6, 6, 0, 3, 1
121295, 6, 2, 2, 0, 6, 0
36451, 0, 2, 2, 0, 0, 0
93206, 0, 1, 1, 0, 0, 0
9564, 22, 9, 8, 1, 10, 12
28802, 1, 1, 0, 1, 0, 1
40755, 32, 17, 15, 2, 32, 0
50272, 31, 13, 11, 2, 31, 0
82355, 2, 2, 2, 0, 2, 0
25979, 1, 1, 0, 1, 1, 0
9215, 2, 3, 2, 1, 1, 1
27440, 9, 2, 2, 0, 9, 0
30830, 0, 2, 2, 0, 0, 0
45470, 1, 1, 1, 0, 1, 0
82266, 0, 2, 2, 0, 0, 0
99662, 3, 1, 0, 1, 3, 0
101184, 1, 1, 0, 1, 1, 0
6839, 1, 1, 1, 0, 1, 0
6840, 1, 0, 0, 0, 1, 0
6841, 0, 1, 1, 0, 0, 0
6842, 1, 0, 0, 0, 1, 0
6843, 1, 0, 0, 0, 1, 0
13174, 7, 9, 9, 0, 7, 0
6845, 1, 0, 0, 0, 1, 0
6846, 1, 0, 0, 0, 1, 0
41766, 0, 5, 2, 3, 0, 0
96324, 4, 2, 1, 1, 3, 1
102969, 2, 1, 1, 0, 2, 0
6849, 5, 1, 1, 0, 5, 0
113938, 8, 1, 1, 0, 8, 0
101439, 0, 1, 1, 0, 0, 0
6851, 1, 1, 1, 0, 1, 0
19511, 2, 4, 3, 1, 1, 1
102343, 13, 4, 4, 0, 11, 2
115561, 0, 1, 0, 1, 0, 0
6853, 1, 1, 1, 0, 1, 0
6855, 2, 0, 0, 0, 0, 2
6856, 0, 1, 0, 1, 0, 0
6858, 1, 1, 1, 0, 1, 0
6859, 10, 4, 4, 0, 10, 0
11502, 2, 2, 2, 0, 2, 0
25248, 1, 2, 2, 0, 1, 0
94080, 1, 1, 1, 0, 1, 0
6860, 1, 0, 0, 0, 1, 0
59866, 0, 1, 1, 0, 0, 0
59867, 0, 1, 1, 0, 0, 0
59868, 0, 1, 1, 0, 0, 0
6862, 1, 0, 0, 0, 1, 0
6863, 1, 1, 0, 1, 0, 1
6865, 1, 1, 1, 0, 1, 0
22054, 0, 1, 1, 0, 0, 0
22059, 0, 1, 1, 0, 0, 0
22060, 0, 2, 0, 2, 0, 0
22061, 0, 1, 1, 0, 0, 0
6867, 1, 0, 0, 0, 1, 0
6869, 1, 0, 0, 0, 0, 1
61650, 0, 1, 0, 1, 0, 0
96494, 0, 1, 1, 0, 0, 0
6875, 3, 1, 1, 0, 2, 1
6876, 3, 1, 1, 0, 3, 0
6878, 2, 0, 0, 0, 2, 0
74385, 2, 2, 2, 0, 2, 0
6885, 2, 1, 1, 0, 2, 0
6887, 2, 1, 1, 0, 2, 0
27566, 0, 1, 1, 0, 0, 0
9725, 1, 1, 1, 0, 1, 0
26780, 1, 2, 2, 0, 1, 0
27853, 10, 7, 7, 0, 10, 0
31440, 4, 3, 3, 0, 4, 0
40644, 12, 7, 7, 0, 12, 0
54084, 1, 2, 2, 0, 1, 0
64215, 0, 1, 1, 0, 0, 0
64216, 0, 1, 1, 0, 0, 0
64217, 0, 1, 0, 1, 0, 0
64218, 0, 1, 1, 0, 0, 0
6892, 1, 0, 0, 0, 1, 0
28938, 2, 6, 6, 0, 1, 1
6895, 1, 0, 0, 0, 1, 0
6896, 1, 0, 0, 0, 0, 1
6898, 3, 1, 1, 0, 3, 0
6900, 1, 0, 0, 0, 1, 0
96972, 0, 1, 0, 1, 0, 0
6906, 1, 0, 0, 0, 1, 0
6907, 1, 1, 1, 0, 1, 0
6908, 1, 0, 0, 0, 1, 0
6910, 1, 0, 0, 0, 1, 0
20401, 0, 5, 0, 5, 0, 0
20404, 0, 2, 0, 2, 0, 0
20407, 0, 3, 0, 3, 0, 0
42077, 0, 3, 0, 3, 0, 0
92304, 0, 1, 0, 1, 0, 0
92305, 0, 1, 0, 1, 0, 0
92306, 0, 1, 0, 1, 0, 0
106854, 0, 2, 0, 2, 0, 0
6912, 2, 0, 0, 0, 2, 0
6916, 16, 18, 12, 6, 16, 0
28923, 2, 1, 1, 0, 2, 0
54321, 2, 4, 4, 0, 2, 0
12291, 8, 8, 8, 0, 8, 0
13872, 20, 11, 9, 2, 15, 5
21070, 1, 1, 1, 0, 1, 0
87623, 0, 2, 2, 0, 0, 0
87624, 0, 1, 1, 0, 0, 0
87625, 0, 1, 1, 0, 0, 0
87626, 0, 1, 1, 0, 0, 0
6917, 1, 0, 0, 0, 0, 1
6918, 1, 0, 0, 0, 1, 0
6925, 1, 0, 0, 0, 1, 0
6926, 1, 0, 0, 0, 1, 0
10246, 3, 2, 2, 0, 3, 0
11708, 59, 23, 23, 0, 58, 1
12166, 3, 16, 14, 2, 3, 0
12167, 2, 9, 8, 1, 2, 0
13261, 1, 1, 1, 0, 1, 0
20438, 8, 8, 5, 3, 7, 1
20439, 4, 10, 7, 3, 4, 0
25256, 3, 2, 2, 0, 1, 2
30581, 1, 2, 2, 0, 1, 0
30821, 0, 2, 1, 1, 0, 0
46482, 1, 1, 1, 0, 1, 0
46483, 0, 2, 1, 1, 0, 0
49207, 26, 19, 17, 2, 26, 0
49208, 20, 17, 16, 1, 20, 0
50657, 2, 1, 1, 0, 1, 1
50822, 2, 3, 3, 0, 2, 0
52781, 7, 7, 7, 0, 7, 0
53589, 1, 2, 2, 0, 1, 0
60871, 5, 1, 1, 0, 3, 2
64737, 5, 7, 7, 0, 5, 0
70004, 9, 4, 3, 1, 9, 0
70005, 1, 4, 3, 1, 1, 0
70006, 1, 2, 2, 0, 1, 0
72642, 1, 2, 2, 0, 1, 0
73886, 19, 20, 20, 0, 19, 0
87104, 0, 1, 1, 0, 0, 0
87105, 0, 1, 1, 0, 0, 0
87106, 0, 1, 1, 0, 0, 0
87107, 0, 1, 1, 0, 0, 0
87108, 1, 1, 1, 0, 1, 0
87109, 0, 1, 1, 0, 0, 0
87110, 0, 1, 1, 0, 0, 0
87111, 0, 1, 1, 0, 0, 0
87112, 0, 1, 1, 0, 0, 0
87113, 0, 1, 1, 0, 0, 0
87114, 0, 1, 1, 0, 0, 0
87115, 0, 1, 1, 0, 0, 0
87116, 0, 1, 1, 0, 0, 0
87117, 0, 1, 1, 0, 0, 0
87118, 0, 1, 1, 0, 0, 0
87119, 0, 1, 1, 0, 0, 0
87120, 0, 1, 1, 0, 0, 0
87121, 0, 1, 1, 0, 0, 0
87122, 0, 1, 0, 1, 0, 0
87123, 0, 1, 1, 0, 0, 0
87124, 0, 1, 1, 0, 0, 0
87125, 0, 1, 1, 0, 0, 0
87126, 0, 1, 1, 0, 0, 0
87127, 0, 1, 1, 0, 0, 0
87128, 0, 1, 1, 0, 0, 0
87129, 0, 1, 1, 0, 0, 0
87130, 0, 1, 1, 0, 0, 0
87131, 0, 1, 1, 0, 0, 0
87132, 0, 1, 1, 0, 0, 0
87133, 0, 1, 0, 1, 0, 0
87134, 0, 1, 1, 0, 0, 0
87135, 0, 1, 1, 0, 0, 0
87136, 0, 2, 2, 0, 0, 0
6928, 3, 0, 0, 0, 3, 0
6929, 1, 0, 0, 0, 0, 1
6930, 2, 0, 0, 0, 2, 0
6931, 1, 0, 0, 0, 1, 0
6932, 1, 1, 1, 0, 1, 0
6933, 1, 0, 0, 0, 0, 1
6935, 2, 0, 0, 0, 2, 0
95418, 1, 1, 1, 0, 1, 0
6940, 3, 0, 0, 0, 0, 3
69278, 2, 3, 3, 0, 2, 0
6944, 1, 0, 0, 0, 1, 0
82494, 1, 1, 1, 0, 1, 0
6948, 1, 0, 0, 0, 1, 0
6949, 5, 0, 0, 0, 3, 2
6951, 0, 1, 1, 0, 0, 0
6953, 0, 1, 1, 0, 0, 0
6954, 0, 1, 1, 0, 0, 0
43805, 1, 1, 1, 0, 1, 0
43930, 2, 1, 1, 0, 2, 0
72946, 0, 3, 0, 3, 0, 0
6956, 1, 0, 0, 0, 1, 0
6957, 1, 0, 0, 0, 1, 0
22856, 8, 5, 2, 3, 8, 0
38597, 10, 4, 4, 0, 10, 0
6959, 2, 0, 0, 0, 2, 0
6960, 1, 0, 0, 0, 1, 0
6962, 2, 0, 0, 0, 2, 0
6963, 1, 0, 0, 0, 1, 0
6964, 0, 3, 3, 0, 0, 0
6966, 1, 0, 0, 0, 1, 0
6967, 4, 0, 0, 0, 4, 0
6968, 3, 4, 4, 0, 3, 0
6970, 0, 2, 2, 0, 0, 0
6971, 2, 7, 7, 0, 2, 0
71924, 1, 4, 4, 0, 1, 0
96554, 2, 2, 2, 0, 2, 0
24327, 7, 9, 8, 1, 7, 0
6972, 1, 0, 0, 0, 1, 0
17270, 2, 2, 2, 0, 2, 0
17273, 1, 3, 2, 1, 1, 0
6974, 1, 0, 0, 0, 1, 0
6975, 0, 1, 1, 0, 0, 0
6976, 1, 0, 0, 0, 1, 0
6978, 1, 0, 0, 0, 1, 0
6979, 14, 12, 12, 0, 14, 0
6981, 1, 0, 0, 0, 0, 1
6982, 1, 1, 0, 1, 0, 1
6983, 1, 0, 0, 0, 1, 0
6984, 0, 4, 4, 0, 0, 0
54102, 0, 1, 0, 1, 0, 0
6988, 1, 1, 1, 0, 1, 0
6989, 2, 0, 0, 0, 2, 0
6990, 1, 0, 0, 0, 1, 0
10910, 1, 14, 11, 3, 1, 0
79488, 0, 2, 2, 0, 0, 0
83091, 0, 3, 3, 0, 0, 0
83092, 0, 1, 1, 0, 0, 0
6992, 2, 0, 0, 0, 2, 0
47112, 18, 14, 9, 5, 16, 2
52622, 19, 9, 7, 2, 13, 6
54825, 0, 3, 3, 0, 0, 0
89311, 0, 3, 3, 0, 0, 0
6994, 3, 0, 0, 0, 0, 3
6997, 2, 4, 3, 1, 2, 0
49085, 1, 6, 0, 6, 0, 1
61816, 1, 1, 1, 0, 1, 0
6998, 1, 0, 0, 0, 1, 0
12589, 1, 1, 1, 0, 1, 0
7001, 2, 1, 1, 0, 2, 0
81946, 0, 1, 1, 0, 0, 0
7002, 1, 0, 0, 0, 1, 0
30974, 26, 12, 11, 1, 20, 6
41701, 1, 3, 3, 0, 1, 0
57854, 1, 1, 1, 0, 1, 0
7004, 1, 0, 0, 0, 0, 1
7005, 0, 1, 0, 1, 0, 0
7006, 1, 0, 0, 0, 1, 0
7008, 1, 0, 0, 0, 1, 0
7009, 1, 0, 0, 0, 1, 0
7010, 0, 1, 1, 0, 0, 0
7012, 2, 2, 2, 0, 2, 0
31048, 1, 1, 1, 0, 1, 0
88379, 0, 1, 0, 1, 0, 0
7014, 3, 1, 1, 0, 3, 0
7016, 11, 7, 7, 0, 11, 0
7061, 0, 1, 1, 0, 0, 0
63847, 1, 1, 1, 0, 1, 0
7017, 1, 0, 0, 0, 1, 0
7018, 6, 6, 6, 0, 6, 0
22192, 9, 11, 10, 1, 9, 0
24507, 4, 3, 3, 0, 4, 0
61845, 15, 9, 9, 0, 14, 1
77381, 2, 2, 2, 0, 2, 0
7020, 1, 0, 0, 0, 0, 1
7024, 6, 9, 6, 3, 6, 0
21092, 10, 6, 6, 0, 9, 1
47103, 3, 4, 4, 0, 3, 0
7030, 1, 0, 0, 0, 1, 0
7031, 1, 1, 1, 0, 1, 0
7033, 1, 0, 0, 0, 1, 0
7034, 1, 0, 0, 0, 1, 0
7035, 1, 0, 0, 0, 0, 1
7036, 1, 0, 0, 0, 1, 0
7037, 0, 2, 2, 0, 0, 0
7038, 1, 0, 0, 0, 1, 0
7039, 1, 0, 0, 0, 1, 0
7040, 1, 0, 0, 0, 1, 0
7042, 1, 0, 0, 0, 1, 0
7045, 1, 0, 0, 0, 1, 0
110387, 3, 2, 2, 0, 3, 0
7048, 1, 0, 0, 0, 0, 1
7049, 0, 1, 0, 1, 0, 0
7050, 2, 1, 1, 0, 2, 0
7051, 1, 6, 6, 0, 1, 0
47771, 1, 1, 1, 0, 1, 0
7053, 1, 0, 0, 0, 0, 1
7054, 2, 2, 1, 1, 2, 0
20117, 1, 1, 1, 0, 1, 0
22091, 0, 5, 5, 0, 0, 0
7055, 1, 0, 0, 0, 1, 0
7056, 1, 0, 0, 0, 0, 1
7057, 0, 2, 1, 1, 0, 0
7058, 2, 0, 0, 0, 1, 1
7059, 0, 1, 1, 0, 0, 0
7890, 1, 2, 2, 0, 1, 0
46617, 4, 3, 3, 0, 4, 0
55484, 6, 8, 8, 0, 6, 0
62214, 13, 11, 11, 0, 13, 0
85919, 0, 1, 1, 0, 0, 0
85920, 0, 1, 1, 0, 0, 0
85921, 0, 1, 1, 0, 0, 0
7771, 31, 16, 12, 4, 31, 0
12577, 0, 2, 2, 0, 0, 0
28007, 1, 3, 2, 1, 1, 0
28756, 1, 3, 3, 0, 1, 0
32851, 2, 1, 1, 0, 2, 0
33434, 10, 9, 9, 0, 10, 0
34124, 44, 5, 3, 2, 44, 0
37730, 3, 5, 4, 1, 3, 0
40441, 19, 22, 22, 0, 19, 0
41197, 2, 2, 1, 1, 2, 0
42019, 1, 1, 1, 0, 1, 0
51355, 21, 8, 8, 0, 21, 0
53645, 0, 2, 0, 2, 0, 0
60591, 2, 1, 1, 0, 2, 0
62382, 0, 1, 1, 0, 0, 0
62383, 0, 1, 1, 0, 0, 0
7065, 1, 0, 0, 0, 1, 0
7066, 1, 0, 0, 0, 0, 1
7068, 1, 0, 0, 0, 0, 1
7069, 3, 3, 2, 1, 3, 0
56777, 47, 6, 5, 1, 47, 0
74257, 1, 3, 3, 0, 1, 0
7070, 1, 0, 0, 0, 0, 1
7071, 0, 1, 0, 1, 0, 0
7072, 1, 0, 0, 0, 1, 0
11983, 7, 3, 3, 0, 7, 0
12376, 3, 1, 1, 0, 2, 1
7074, 1, 0, 0, 0, 1, 0
7075, 0, 2, 1, 1, 0, 0
7076, 1, 1, 1, 0, 0, 1
62700, 0, 3, 0, 3, 0, 0
79071, 0, 1, 0, 1, 0, 0
79072, 0, 1, 0, 1, 0, 0
37118, 4, 2, 2, 0, 4, 0
37119, 2, 2, 2, 0, 2, 0
50071, 1, 3, 2, 1, 1, 0
53287, 2, 6, 5, 1, 2, 0
32808, 2, 2, 2, 0, 2, 0
19030, 1, 3, 2, 1, 1, 0
95209, 0, 1, 1, 0, 0, 0
97678, 1, 1, 1, 0, 1, 0
129454, 0, 2, 0, 2, 0, 0
130663, 1, 1, 1, 0, 1, 0
14435, 0, 2, 0, 2, 0, 0
14436, 0, 1, 0, 1, 0, 0
10364, 1, 1, 1, 0, 1, 0
10729, 1, 1, 1, 0, 1, 0
14251, 1, 5, 5, 0, 1, 0
15454, 3, 5, 5, 0, 1, 2
19242, 0, 3, 3, 0, 0, 0
21018, 11, 7, 6, 1, 11, 0
21061, 7, 5, 5, 0, 7, 0
23064, 14, 11, 9, 2, 14, 0
24819, 0, 5, 5, 0, 0, 0
29723, 1, 1, 1, 0, 1, 0
34446, 1, 1, 1, 0, 1, 0
35268, 4, 5, 5, 0, 4, 0
37107, 0, 2, 2, 0, 0, 0
37470, 0, 2, 2, 0, 0, 0
41893, 0, 2, 2, 0, 0, 0
41958, 47, 4, 4, 0, 47, 0
48664, 3, 3, 3, 0, 2, 1
49424, 1, 2, 2, 0, 1, 0
50135, 0, 6, 6, 0, 0, 0
51006, 3, 4, 4, 0, 3, 0
53535, 2, 3, 3, 0, 1, 1
53667, 3, 3, 3, 0, 3, 0
54215, 0, 2, 2, 0, 0, 0
55537, 0, 2, 2, 0, 0, 0
56884, 4, 5, 5, 0, 4, 0
57556, 2, 1, 1, 0, 2, 0
58346, 0, 3, 3, 0, 0, 0
58588, 1, 2, 2, 0, 1, 0
59115, 4, 4, 4, 0, 4, 0
59394, 1, 1, 1, 0, 1, 0
60048, 1, 1, 1, 0, 1, 0
60071, 12, 5, 5, 0, 12, 0
60096, 4, 3, 3, 0, 3, 1
61066, 4, 2, 2, 0, 2, 2
61086, 0, 2, 2, 0, 0, 0
62576, 1, 1, 1, 0, 0, 1
63078, 3, 1, 1, 0, 3, 0
64544, 0, 3, 3, 0, 0, 0
72878, 0, 2, 2, 0, 0, 0
74411, 1, 2, 2, 0, 1, 0
75403, 0, 2, 2, 0, 0, 0
76860, 0, 2, 2, 0, 0, 0
80054, 0, 2, 2, 0, 0, 0
80557, 1, 2, 2, 0, 1, 0
84976, 1, 2, 2, 0, 1, 0
86835, 5, 3, 3, 0, 5, 0
88422, 1, 1, 1, 0, 0, 1
89867, 0, 1, 1, 0, 0, 0
89868, 0, 1, 1, 0, 0, 0
89869, 0, 1, 1, 0, 0, 0
89870, 0, 1, 1, 0, 0, 0
89871, 0, 2, 2, 0, 0, 0
89872, 0, 1, 1, 0, 0, 0
89873, 0, 1, 1, 0, 0, 0
89874, 0, 1, 1, 0, 0, 0
89875, 0, 1, 1, 0, 0, 0
89876, 0, 1, 1, 0, 0, 0
89877, 7, 3, 3, 0, 7, 0
89878, 0, 1, 1, 0, 0, 0
89879, 0, 1, 1, 0, 0, 0
89880, 0, 1, 1, 0, 0, 0
89881, 0, 1, 1, 0, 0, 0
89882, 0, 1, 1, 0, 0, 0
89883, 0, 1, 1, 0, 0, 0
89884, 0, 1, 1, 0, 0, 0
89885, 0, 1, 1, 0, 0, 0
89886, 0, 1, 1, 0, 0, 0
89887, 0, 2, 2, 0, 0, 0
89888, 0, 1, 1, 0, 0, 0
89889, 0, 1, 1, 0, 0, 0
89890, 0, 1, 1, 0, 0, 0
89891, 0, 1, 1, 0, 0, 0
89892, 0, 1, 1, 0, 0, 0
89893, 0, 1, 1, 0, 0, 0
89894, 0, 2, 2, 0, 0, 0
89895, 0, 1, 1, 0, 0, 0
89896, 0, 1, 1, 0, 0, 0
89897, 0, 1, 1, 0, 0, 0
89898, 0, 1, 1, 0, 0, 0
89899, 0, 1, 1, 0, 0, 0
89900, 0, 1, 0, 1, 0, 0
89901, 0, 1, 1, 0, 0, 0
89902, 0, 1, 1, 0, 0, 0
89903, 0, 1, 1, 0, 0, 0
98637, 0, 1, 1, 0, 0, 0
100528, 1, 2, 2, 0, 1, 0
107822, 0, 2, 2, 0, 0, 0
107824, 1, 2, 2, 0, 1, 0
107825, 0, 4, 4, 0, 0, 0
108246, 0, 3, 3, 0, 0, 0
111040, 0, 1, 1, 0, 0, 0
111221, 0, 1, 1, 0, 0, 0
111222, 0, 2, 2, 0, 0, 0
26074, 3, 1, 1, 0, 3, 0
59331, 2, 1, 1, 0, 2, 0
63391, 0, 1, 1, 0, 0, 0
7087, 1, 1, 0, 1, 1, 0
7088, 1, 0, 0, 0, 1, 0
9435, 8, 4, 4, 0, 8, 0
9436, 3, 3, 3, 0, 3, 0
12388, 1, 1, 1, 0, 1, 0
7092, 1, 0, 0, 0, 0, 1
7094, 2, 2, 2, 0, 2, 0
113849, 2, 4, 4, 0, 2, 0
98575, 0, 1, 0, 1, 0, 0
113852, 2, 1, 1, 0, 2, 0
7097, 1, 0, 0, 0, 1, 0
25294, 1, 1, 1, 0, 1, 0
38051, 1, 1, 1, 0, 1, 0
7099, 1, 0, 0, 0, 1, 0
7100, 1, 0, 0, 0, 0, 1
37999, 0, 5, 4, 1, 0, 0
57978, 2, 5, 5, 0, 2, 0
93388, 0, 2, 0, 2, 0, 0
7102, 1, 1, 1, 0, 1, 0
9576, 2, 2, 2, 0, 2, 0
58275, 0, 1, 1, 0, 0, 0
7104, 1, 0, 0, 0, 1, 0
7105, 1, 0, 0, 0, 0, 1
7106, 2, 0, 0, 0, 2, 0
102976, 0, 1, 1, 0, 0, 0
7107, 1, 0, 0, 0, 1, 0
7108, 1, 0, 0, 0, 0, 1
22325, 0, 4, 4, 0, 0, 0
25907, 1, 1, 1, 0, 1, 0
8892, 1, 1, 1, 0, 1, 0
14331, 0, 1, 1, 0, 0, 0
7111, 2, 2, 2, 0, 2, 0
7112, 7, 4, 4, 0, 7, 0
7113, 2, 1, 1, 0, 2, 0
10916, 0, 1, 1, 0, 0, 0
10917, 0, 1, 1, 0, 0, 0
7114, 1, 0, 0, 0, 0, 1
7115, 8, 2, 1, 1, 7, 1
9396, 0, 1, 1, 0, 0, 0
7116, 1, 0, 0, 0, 1, 0
7117, 2, 1, 1, 0, 2, 0
7118, 1, 0, 0, 0, 1, 0
7119, 1, 0, 0, 0, 1, 0
7120, 1, 0, 0, 0, 1, 0
7121, 0, 1, 1, 0, 0, 0
7122, 4, 1, 0, 1, 4, 0
7123, 8, 5, 5, 0, 8, 0
7128, 7, 6, 6, 0, 7, 0
38242, 0, 2, 2, 0, 0, 0
53016, 4, 4, 4, 0, 4, 0
85673, 0, 1, 1, 0, 0, 0
12364, 3, 5, 5, 0, 3, 0
112599, 2, 1, 1, 0, 1, 1
113040, 0, 2, 2, 0, 0, 0
79462, 0, 3, 2, 1, 0, 0
8208, 2, 5, 3, 2, 2, 0
13814, 0, 2, 0, 2, 0, 0
20877, 14, 9, 4, 5, 13, 1
26000, 4, 5, 4, 1, 3, 1
31511, 2, 3, 2, 1, 2, 0
35984, 2, 2, 1, 1, 2, 0
36759, 6, 3, 2, 1, 6, 0
36973, 1, 3, 0, 3, 1, 0
37413, 1, 9, 0, 9, 1, 0
38165, 0, 3, 0, 3, 0, 0
38256, 1, 3, 2, 1, 1, 0
38861, 1, 1, 0, 1, 1, 0
39519, 4, 2, 2, 0, 4, 0
40496, 2, 1, 0, 1, 1, 1
40765, 0, 2, 0, 2, 0, 0
41200, 3, 1, 0, 1, 3, 0
43813, 0, 5, 3, 2, 0, 0
44895, 1, 3, 2, 1, 1, 0
48261, 1, 2, 2, 0, 1, 0
49862, 3, 1, 1, 0, 3, 0
50051, 8, 3, 2, 1, 8, 0
50182, 16, 1, 1, 0, 11, 5
58992, 3, 3, 3, 0, 3, 0
61257, 8, 8, 8, 0, 8, 0
63550, 3, 3, 3, 0, 3, 0
63551, 1, 22, 18, 4, 1, 0
63554, 0, 1, 0, 1, 0, 0
63556, 0, 3, 1, 2, 0, 0
63557, 0, 1, 0, 1, 0, 0
63559, 0, 1, 0, 1, 0, 0
63560, 0, 1, 1, 0, 0, 0
7136, 2, 0, 0, 0, 2, 0
7137, 1, 1, 1, 0, 1, 0
7138, 1, 0, 0, 0, 1, 0
7140, 1, 2, 2, 0, 1, 0
7142, 1, 0, 0, 0, 1, 0
7143, 0, 1, 1, 0, 0, 0
7144, 1, 0, 0, 0, 1, 0
122818, 4, 2, 2, 0, 3, 1
126292, 0, 1, 1, 0, 0, 0
127597, 0, 1, 0, 1, 0, 0
7148, 3, 0, 0, 0, 3, 0
7149, 1, 5, 5, 0, 1, 0
7150, 0, 1, 1, 0, 0, 0
7152, 1, 0, 0, 0, 1, 0
7153, 1, 0, 0, 0, 1, 0
7154, 1, 0, 0, 0, 1, 0
7157, 1, 0, 0, 0, 1, 0
7158, 1, 0, 0, 0, 0, 1
7159, 1, 0, 0, 0, 1, 0
7160, 1, 1, 1, 0, 1, 0
7161, 1, 1, 1, 0, 1, 0
7162, 0, 1, 1, 0, 0, 0
7163, 1, 0, 0, 0, 1, 0
7164, 1, 1, 1, 0, 1, 0
7165, 1, 0, 0, 0, 1, 0
11727, 94, 37, 35, 2, 94, 0
36008, 6, 4, 4, 0, 4, 2
43317, 0, 2, 1, 1, 0, 0
46747, 2, 2, 2, 0, 2, 0
56469, 1, 3, 3, 0, 1, 0
68674, 12, 8, 8, 0, 12, 0
85867, 0, 1, 1, 0, 0, 0
111096, 0, 1, 1, 0, 0, 0
7168, 2, 0, 0, 0, 2, 0
7169, 0, 1, 1, 0, 0, 0
7170, 1, 0, 0, 0, 1, 0
7171, 1, 0, 0, 0, 1, 0
7172, 1, 0, 0, 0, 1, 0
7173, 1, 0, 0, 0, 1, 0
7180, 1, 0, 0, 0, 1, 0
7181, 1, 0, 0, 0, 0, 1
7182, 1, 0, 0, 0, 0, 1
19795, 8, 11, 11, 0, 8, 0
33718, 7, 15, 15, 0, 7, 0
34615, 2, 13, 13, 0, 2, 0
44553, 7, 4, 4, 0, 7, 0
46157, 10, 2, 2, 0, 10, 0
47517, 1, 3, 2, 1, 1, 0
49058, 1, 1, 1, 0, 1, 0
50146, 1, 1, 1, 0, 1, 0
51154, 5, 10, 10, 0, 5, 0
51872, 87, 16, 15, 1, 87, 0
51889, 37, 19, 19, 0, 37, 0
53882, 4, 3, 3, 0, 3, 1
55434, 1, 1, 1, 0, 1, 0
57223, 4, 3, 3, 0, 4, 0
58445, 2, 12, 12, 0, 2, 0
58446, 4, 14, 14, 0, 4, 0
60425, 1, 1, 1, 0, 1, 0
61865, 1, 1, 1, 0, 1, 0
63851, 0, 5, 5, 0, 0, 0
64165, 10, 8, 8, 0, 10, 0
64244, 1, 4, 4, 0, 1, 0
64716, 2, 2, 2, 0, 2, 0
64718, 0, 3, 3, 0, 0, 0
64719, 5, 7, 7, 0, 5, 0
64720, 1, 4, 4, 0, 1, 0
64721, 10, 5, 5, 0, 10, 0
64722, 1, 1, 1, 0, 1, 0
7184, 1, 0, 0, 0, 1, 0
26816, 1, 3, 3, 0, 1, 0
53265, 2, 8, 8, 0, 2, 0
63393, 1, 2, 2, 0, 1, 0
7187, 1, 0, 0, 0, 1, 0
70136, 4, 1, 1, 0, 4, 0
7189, 1, 0, 0, 0, 1, 0
7190, 2, 0, 0, 0, 1, 1
7191, 0, 2, 1, 1, 0, 0
19801, 3, 8, 8, 0, 3, 0
45994, 0, 9, 6, 3, 0, 0
52000, 1, 1, 1, 0, 1, 0
69780, 4, 4, 4, 0, 4, 0
71203, 2, 3, 3, 0, 2, 0
72111, 11, 7, 7, 0, 11, 0
73467, 0, 2, 1, 1, 0, 0
75048, 0, 1, 1, 0, 0, 0
7193, 4, 0, 0, 0, 3, 1
7194, 0, 1, 0, 1, 0, 0
37341, 6, 4, 4, 0, 4, 2
53894, 0, 1, 0, 1, 0, 0
53896, 2, 4, 2, 2, 2, 0
53897, 0, 1, 0, 1, 0, 0
53898, 0, 1, 0, 1, 0, 0
53899, 0, 1, 0, 1, 0, 0
7196, 1, 0, 0, 0, 1, 0
7197, 2, 5, 5, 0, 2, 0
7198, 1, 0, 0, 0, 1, 0
7199, 1, 0, 0, 0, 1, 0
7200, 2, 0, 0, 0, 2, 0
7201, 1, 0, 0, 0, 1, 0
7202, 22, 8, 6, 2, 11, 11
50416, 1, 4, 3, 1, 1, 0
51444, 0, 2, 1, 1, 0, 0
55951, 0, 2, 1, 1, 0, 0
76838, 0, 2, 2, 0, 0, 0
7203, 1, 0, 0, 0, 0, 1
7204, 0, 5, 4, 1, 0, 0
7205, 1, 0, 0, 0, 1, 0
7206, 1, 0, 0, 0, 0, 1
7207, 0, 2, 1, 1, 0, 0
8275, 2, 1, 1, 0, 2, 0
16312, 1, 2, 2, 0, 1, 0
54500, 2, 1, 1, 0, 2, 0
54501, 0, 1, 1, 0, 0, 0
114096, 9, 4, 4, 0, 9, 0
7209, 2, 0, 0, 0, 2, 0
7210, 1, 0, 0, 0, 0, 1
7211, 1, 0, 0, 0, 0, 1
7212, 9, 1, 0, 1, 6, 3
7213, 0, 1, 1, 0, 0, 0
7215, 2, 2, 1, 1, 2, 0
7216, 0, 1, 0, 1, 0, 0
7218, 0, 1, 0, 1, 0, 0
67570, 0, 1, 1, 0, 0, 0
67571, 0, 1, 1, 0, 0, 0
7562, 3, 2, 2, 0, 3, 0
12570, 0, 1, 0, 1, 0, 0
111509, 2, 1, 1, 0, 2, 0
111812, 2, 2, 2, 0, 2, 0
7219, 1, 0, 0, 0, 0, 1
7220, 5, 3, 2, 1, 3, 2
39000, 0, 2, 1, 1, 0, 0
50394, 1, 2, 2, 0, 0, 1
50395, 1, 1, 0, 1, 1, 0
50396, 0, 4, 4, 0, 0, 0
7221, 1, 0, 0, 0, 1, 0
7222, 6, 0, 0, 0, 3, 3
44186, 2, 1, 1, 0, 2, 0
7225, 1, 0, 0, 0, 1, 0
7227, 0, 1, 0, 1, 0, 0
7228, 1, 0, 0, 0, 1, 0
96480, 0, 1, 1, 0, 0, 0
118086, 2, 2, 2, 0, 2, 0
130420, 1, 2, 2, 0, 1, 0
93468, 0, 1, 1, 0, 0, 0
7231, 1, 0, 0, 0, 1, 0
7874, 2, 5, 4, 1, 2, 0
20410, 0, 5, 0, 5, 0, 0
20411, 0, 4, 0, 4, 0, 0
20413, 0, 4, 0, 4, 0, 0
28257, 0, 3, 0, 3, 0, 0
76677, 0, 2, 0, 2, 0, 0
76678, 0, 2, 0, 2, 0, 0
76679, 0, 2, 0, 2, 0, 0
76680, 0, 2, 0, 2, 0, 0
76681, 0, 2, 0, 2, 0, 0
76682, 0, 1, 0, 1, 0, 0
76683, 0, 1, 0, 1, 0, 0
76684, 0, 1, 0, 1, 0, 0
111983, 0, 1, 0, 1, 0, 0
7237, 1, 0, 0, 0, 0, 1
7239, 1, 0, 0, 0, 1, 0
7240, 2, 0, 0, 0, 2, 0
36045, 0, 2, 2, 0, 0, 0
36047, 0, 1, 1, 0, 0, 0
36048, 0, 1, 1, 0, 0, 0
7242, 1, 1, 1, 0, 1, 0
7244, 1, 0, 0, 0, 1, 0
7246, 2, 1, 1, 0, 2, 0
9515, 1, 3, 2, 1, 0, 1
16475, 1, 1, 1, 0, 1, 0
27527, 4, 5, 4, 1, 4, 0
93228, 0, 1, 1, 0, 0, 0
109636, 1, 2, 2, 0, 1, 0
115145, 0, 2, 2, 0, 0, 0
7248, 1, 0, 0, 0, 0, 1
7249, 1, 0, 0, 0, 1, 0
7250, 1, 7, 7, 0, 1, 0
7251, 1, 0, 0, 0, 1, 0
8524, 0, 5, 3, 2, 0, 0
10547, 0, 1, 1, 0, 0, 0
14555, 0, 2, 1, 1, 0, 0
22277, 3, 1, 1, 0, 1, 2
27022, 1, 1, 1, 0, 1, 0
27049, 2, 2, 2, 0, 2, 0
49886, 2, 9, 8, 1, 2, 0
95890, 1, 1, 1, 0, 1, 0
95903, 1, 3, 3, 0, 1, 0
99401, 4, 1, 1, 0, 4, 0
114754, 3, 1, 1, 0, 3, 0
10475, 1, 2, 2, 0, 1, 0
10476, 0, 2, 2, 0, 0, 0
12418, 3, 3, 2, 1, 3, 0
27638, 0, 1, 1, 0, 0, 0
27639, 11, 5, 4, 1, 6, 5
27640, 0, 1, 1, 0, 0, 0
27641, 0, 1, 1, 0, 0, 0
53647, 4, 2, 2, 0, 3, 1
100007, 2, 2, 2, 0, 2, 0
103477, 1, 2, 2, 0, 0, 1
103910, 0, 2, 2, 0, 0, 0
104252, 1, 2, 2, 0, 1, 0
104253, 0, 2, 2, 0, 0, 0
104339, 0, 2, 2, 0, 0, 0
104775, 1, 2, 2, 0, 0, 1
107736, 0, 1, 1, 0, 0, 0
109381, 2, 2, 2, 0, 2, 0
110042, 3, 3, 3, 0, 3, 0
115428, 24, 6, 6, 0, 23, 1
115836, 3, 1, 1, 0, 3, 0
115837, 0, 2, 1, 1, 0, 0
116217, 0, 1, 1, 0, 0, 0
120404, 3, 2, 2, 0, 3, 0
122949, 0, 1, 1, 0, 0, 0
7259, 2, 0, 0, 0, 2, 0
7260, 1, 2, 2, 0, 0, 1
7261, 0, 2, 2, 0, 0, 0
13368, 3, 3, 1, 2, 3, 0
8418, 2, 1, 1, 0, 2, 0
97927, 0, 2, 2, 0, 0, 0
7264, 1, 0, 0, 0, 1, 0
19630, 0, 1, 1, 0, 0, 0
7268, 1, 0, 0, 0, 1, 0
12085, 0, 6, 0, 6, 0, 0
12595, 1, 9, 5, 4, 0, 1
16658, 7, 13, 7, 6, 7, 0
25790, 1, 3, 1, 2, 1, 0
27977, 3, 2, 1, 1, 3, 0
32412, 1, 2, 0, 2, 1, 0
36142, 0, 2, 1, 1, 0, 0
38092, 2, 1, 0, 1, 2, 0
38315, 2, 3, 1, 2, 1, 1
41126, 1, 3, 1, 2, 1, 0
41760, 0, 2, 0, 2, 0, 0
42176, 4, 3, 2, 1, 4, 0
45042, 0, 3, 0, 3, 0, 0
47989, 1, 1, 1, 0, 1, 0
48085, 2, 3, 0, 3, 2, 0
51727, 1, 1, 0, 1, 1, 0
57777, 1, 2, 0, 2, 0, 1
65897, 0, 2, 0, 2, 0, 0
81878, 0, 4, 0, 4, 0, 0
82294, 0, 2, 1, 1, 0, 0
82969, 0, 3, 0, 3, 0, 0
83778, 0, 1, 0, 1, 0, 0
83779, 0, 2, 1, 1, 0, 0
83780, 0, 2, 0, 2, 0, 0
83781, 0, 1, 0, 1, 0, 0
83782, 0, 1, 0, 1, 0, 0
83783, 0, 1, 0, 1, 0, 0
83784, 0, 1, 0, 1, 0, 0
83785, 0, 1, 0, 1, 0, 0
83786, 0, 1, 0, 1, 0, 0
83787, 0, 1, 0, 1, 0, 0
83788, 0, 1, 0, 1, 0, 0
83789, 0, 1, 0, 1, 0, 0
83790, 0, 1, 0, 1, 0, 0
83791, 0, 1, 0, 1, 0, 0
83792, 0, 1, 0, 1, 0, 0
83795, 0, 1, 0, 1, 0, 0
83796, 0, 1, 0, 1, 0, 0
83797, 0, 1, 0, 1, 0, 0
83798, 0, 1, 0, 1, 0, 0
83799, 0, 1, 0, 1, 0, 0
83800, 0, 1, 0, 1, 0, 0
83801, 0, 1, 0, 1, 0, 0
83802, 0, 1, 0, 1, 0, 0
83803, 0, 1, 0, 1, 0, 0
83804, 0, 1, 0, 1, 0, 0
83805, 0, 1, 0, 1, 0, 0
83806, 0, 1, 0, 1, 0, 0
83807, 0, 2, 0, 2, 0, 0
83808, 0, 1, 0, 1, 0, 0
83809, 0, 2, 0, 2, 0, 0
83810, 0, 1, 0, 1, 0, 0
83811, 0, 1, 0, 1, 0, 0
83812, 0, 1, 0, 1, 0, 0
83813, 0, 1, 0, 1, 0, 0
83814, 0, 1, 0, 1, 0, 0
83815, 0, 1, 0, 1, 0, 0
83816, 0, 1, 0, 1, 0, 0
83817, 0, 1, 0, 1, 0, 0
83818, 0, 1, 0, 1, 0, 0
83819, 0, 1, 0, 1, 0, 0
83820, 0, 1, 0, 1, 0, 0
83821, 0, 1, 0, 1, 0, 0
83822, 0, 1, 0, 1, 0, 0
83823, 0, 1, 0, 1, 0, 0
83824, 0, 1, 0, 1, 0, 0
7270, 1, 0, 0, 0, 1, 0
7271, 1, 0, 0, 0, 1, 0
25925, 0, 2, 0, 2, 0, 0
62678, 0, 1, 0, 1, 0, 0
62679, 0, 1, 0, 1, 0, 0
62680, 0, 1, 0, 1, 0, 0
7273, 1, 0, 0, 0, 1, 0
7274, 0, 1, 1, 0, 0, 0
7275, 1, 0, 0, 0, 1, 0
89506, 0, 1, 1, 0, 0, 0
7280, 1, 9, 9, 0, 1, 0
93242, 0, 1, 1, 0, 0, 0
79268, 1, 4, 4, 0, 1, 0
72886, 0, 1, 0, 1, 0, 0
91124, 4, 2, 2, 0, 4, 0
9994, 3, 5, 5, 0, 1, 2
10495, 1, 3, 3, 0, 1, 0
10532, 7, 5, 5, 0, 6, 1
12432, 4, 5, 4, 1, 4, 0
14918, 13, 6, 5, 1, 13, 0
15087, 3, 1, 1, 0, 3, 0
15901, 5, 4, 4, 0, 5, 0
17679, 20, 10, 10, 0, 20, 0
19166, 8, 5, 4, 1, 8, 0
19300, 6, 1, 1, 0, 4, 2
19503, 1, 1, 1, 0, 1, 0
19811, 10, 2, 2, 0, 10, 0
21381, 3, 2, 2, 0, 2, 1
21585, 1, 1, 1, 0, 1, 0
21613, 1, 2, 2, 0, 1, 0
21863, 1, 2, 1, 1, 1, 0
23401, 1, 1, 1, 0, 1, 0
24117, 1, 2, 2, 0, 1, 0
27488, 16, 3, 3, 0, 16, 0
31679, 5, 3, 3, 0, 4, 1
32869, 5, 1, 1, 0, 5, 0
39283, 1, 1, 1, 0, 1, 0
52465, 0, 2, 1, 1, 0, 0
61042, 53, 19, 19, 0, 53, 0
66997, 0, 3, 3, 0, 0, 0
71498, 0, 5, 5, 0, 0, 0
78906, 0, 1, 1, 0, 0, 0
78907, 0, 1, 1, 0, 0, 0
78908, 4, 2, 1, 1, 1, 3
78909, 0, 1, 1, 0, 0, 0
78910, 0, 1, 1, 0, 0, 0
78911, 0, 1, 1, 0, 0, 0
78912, 0, 1, 1, 0, 0, 0
78913, 0, 1, 1, 0, 0, 0
78914, 0, 1, 1, 0, 0, 0
78915, 0, 1, 1, 0, 0, 0
78916, 0, 1, 1, 0, 0, 0
78917, 0, 1, 1, 0, 0, 0
78918, 0, 1, 1, 0, 0, 0
91631, 2, 2, 2, 0, 2, 0
106084, 0, 1, 1, 0, 0, 0
107084, 2, 1, 1, 0, 2, 0
107087, 0, 1, 1, 0, 0, 0
107088, 0, 1, 1, 0, 0, 0
107090, 0, 1, 1, 0, 0, 0
107274, 1, 1, 1, 0, 1, 0
107286, 0, 1, 1, 0, 0, 0
109423, 1, 1, 1, 0, 1, 0
128190, 0, 2, 2, 0, 0, 0
61470, 10, 11, 11, 0, 10, 0
62658, 8, 6, 6, 0, 8, 0
64264, 8, 10, 10, 0, 8, 0
64802, 2, 2, 2, 0, 2, 0
66079, 3, 3, 3, 0, 3, 0
66579, 11, 4, 4, 0, 11, 0
66580, 2, 6, 6, 0, 2, 0
75870, 2, 1, 1, 0, 2, 0
75871, 0, 1, 1, 0, 0, 0
36589, 5, 4, 3, 1, 5, 0
47914, 33, 10, 10, 0, 33, 0
62134, 3, 2, 2, 0, 3, 0
62137, 0, 1, 1, 0, 0, 0
62141, 22, 11, 11, 0, 22, 0
7284, 1, 0, 0, 0, 1, 0
7286, 2, 1, 1, 0, 1, 1
35837, 2, 2, 2, 0, 2, 0
43268, 2, 1, 0, 1, 1, 1
7290, 3, 0, 0, 0, 0, 3
7291, 0, 1, 0, 1, 0, 0
58012, 1, 5, 0, 5, 1, 0
62623, 4, 4, 4, 0, 4, 0
44122, 0, 4, 0, 4, 0, 0
47717, 3, 5, 3, 2, 3, 0
50842, 1, 3, 1, 2, 1, 0
78954, 0, 1, 0, 1, 0, 0
78955, 0, 2, 0, 2, 0, 0
7294, 1, 0, 0, 0, 1, 0
19017, 3, 4, 4, 0, 3, 0
69626, 5, 11, 10, 1, 5, 0
87360, 4, 5, 5, 0, 4, 0
87407, 0, 2, 2, 0, 0, 0
87450, 4, 4, 4, 0, 4, 0
87509, 0, 1, 1, 0, 0, 0
87510, 0, 1, 1, 0, 0, 0
101265, 1, 1, 1, 0, 1, 0
8383, 6, 2, 2, 0, 6, 0
24885, 0, 4, 4, 0, 0, 0
39207, 2, 6, 6, 0, 2, 0
96222, 4, 7, 6, 1, 4, 0
100123, 0, 3, 2, 1, 0, 0
102453, 0, 2, 2, 0, 0, 0
102694, 2, 2, 2, 0, 2, 0
104441, 3, 2, 2, 0, 3, 0
105863, 2, 3, 3, 0, 2, 0
107012, 2, 2, 2, 0, 2, 0
108709, 0, 1, 1, 0, 0, 0
108841, 0, 1, 1, 0, 0, 0
7300, 1, 0, 0, 0, 1, 0
7301, 0, 1, 1, 0, 0, 0
7302, 1, 0, 0, 0, 1, 0
15653, 3, 5, 5, 0, 3, 0
20809, 26, 3, 3, 0, 25, 1
53209, 0, 1, 1, 0, 0, 0
53210, 0, 1, 1, 0, 0, 0
44014, 1, 1, 1, 0, 1, 0
44230, 0, 2, 2, 0, 0, 0
44231, 1, 2, 2, 0, 1, 0
47684, 5, 2, 2, 0, 4, 1
51732, 1, 1, 1, 0, 1, 0
61424, 1, 1, 1, 0, 1, 0
66622, 0, 1, 1, 0, 0, 0
66623, 0, 1, 1, 0, 0, 0
66624, 0, 1, 1, 0, 0, 0
66625, 0, 1, 1, 0, 0, 0
7308, 3, 1, 1, 0, 3, 0
7309, 2, 0, 0, 0, 2, 0
7311, 1, 1, 1, 0, 1, 0
28143, 7, 26, 25, 1, 7, 0
7312, 1, 0, 0, 0, 1, 0
7313, 1, 0, 0, 0, 0, 1
7315, 1, 1, 1, 0, 1, 0
30698, 1, 2, 2, 0, 1, 0
96420, 0, 1, 1, 0, 0, 0
96421, 0, 1, 1, 0, 0, 0
96422, 0, 1, 1, 0, 0, 0
98182, 0, 1, 1, 0, 0, 0
108724, 1, 1, 1, 0, 1, 0
7317, 1, 0, 0, 0, 1, 0
7318, 1, 0, 0, 0, 1, 0
7319, 1, 0, 0, 0, 0, 1
7320, 4, 3, 2, 1, 4, 0
7513, 10, 7, 7, 0, 10, 0
32921, 1, 1, 1, 0, 1, 0
7321, 1, 0, 0, 0, 1, 0
7322, 24, 13, 11, 2, 24, 0
32636, 8, 5, 5, 0, 8, 0
40783, 2, 1, 1, 0, 2, 0
40784, 1, 4, 3, 1, 1, 0
40845, 1, 3, 3, 0, 1, 0
40975, 2, 2, 1, 1, 2, 0
7323, 2, 3, 3, 0, 2, 0
20422, 0, 4, 0, 4, 0, 0
30919, 0, 1, 0, 1, 0, 0
30923, 0, 2, 0, 2, 0, 0
30928, 0, 1, 0, 1, 0, 0
7325, 1, 0, 0, 0, 1, 0
7326, 1, 0, 0, 0, 1, 0
7327, 1, 0, 0, 0, 1, 0
7328, 3, 3, 3, 0, 3, 0
103572, 0, 1, 1, 0, 0, 0
7329, 1, 1, 1, 0, 1, 0
7330, 5, 2, 2, 0, 5, 0
9189, 0, 1, 1, 0, 0, 0
9190, 0, 1, 1, 0, 0, 0
9191, 0, 1, 1, 0, 0, 0
7331, 1, 0, 0, 0, 1, 0
7332, 1, 0, 0, 0, 1, 0
7333, 0, 2, 2, 0, 0, 0
7334, 1, 0, 0, 0, 1, 0
7335, 2, 2, 2, 0, 2, 0
86829, 0, 2, 2, 0, 0, 0
7337, 2, 0, 0, 0, 0, 2
11552, 1, 1, 0, 1, 1, 0
11566, 1, 1, 0, 1, 1, 0
12071, 1, 1, 0, 1, 1, 0
12919, 4, 7, 6, 1, 4, 0
17782, 0, 4, 1, 3, 0, 0
18041, 23, 6, 3, 3, 0, 23
21026, 10, 6, 4, 2, 10, 0
26781, 4, 4, 2, 2, 4, 0
28558, 8, 8, 6, 2, 8, 0
29418, 1, 9, 7, 2, 1, 0
29475, 2, 6, 5, 1, 2, 0
30848, 1, 1, 0, 1, 0, 1
33764, 0, 2, 0, 2, 0, 0
35724, 0, 2, 1, 1, 0, 0
36458, 1, 1, 0, 1, 1, 0
37267, 2, 3, 1, 2, 2, 0
39260, 52, 20, 19, 1, 52, 0
42758, 8, 2, 1, 1, 8, 0
45464, 1, 1, 0, 1, 1, 0
45978, 13, 5, 4, 1, 12, 1
47054, 16, 9, 7, 2, 12, 4
48229, 1, 3, 1, 2, 1, 0
48254, 2, 1, 0, 1, 2, 0
48413, 2, 2, 0, 2, 2, 0
49459, 1, 1, 0, 1, 1, 0
50867, 0, 2, 1, 1, 0, 0
54196, 1, 1, 0, 1, 1, 0
54297, 1, 1, 0, 1, 1, 0
54299, 5, 3, 1, 2, 4, 1
54300, 2, 6, 1, 5, 0, 2
54322, 22, 3, 2, 1, 22, 0
54738, 1, 4, 1, 3, 1, 0
58689, 1, 1, 0, 1, 1, 0
60971, 1, 3, 2, 1, 1, 0
61921, 2, 2, 0, 2, 0, 2
62209, 0, 2, 1, 1, 0, 0
64586, 0, 7, 1, 6, 0, 0
65918, 2, 9, 4, 5, 2, 0
73169, 1, 2, 0, 2, 1, 0
74985, 2, 1, 0, 1, 0, 2
84952, 1, 3, 1, 2, 1, 0
85183, 0, 2, 1, 1, 0, 0
89809, 0, 2, 0, 2, 0, 0
89810, 0, 1, 0, 1, 0, 0
89811, 0, 2, 0, 2, 0, 0
89812, 4, 7, 5, 2, 3, 1
89813, 0, 2, 1, 1, 0, 0
89814, 0, 2, 0, 2, 0, 0
89818, 0, 1, 0, 1, 0, 0
89819, 0, 1, 0, 1, 0, 0
89821, 0, 1, 0, 1, 0, 0
89822, 0, 1, 0, 1, 0, 0
89823, 0, 1, 0, 1, 0, 0
89824, 0, 1, 0, 1, 0, 0
89827, 0, 1, 0, 1, 0, 0
89829, 0, 1, 0, 1, 0, 0
89830, 0, 1, 0, 1, 0, 0
89834, 0, 1, 0, 1, 0, 0
89835, 0, 1, 0, 1, 0, 0
101343, 1, 1, 1, 0, 1, 0
12855, 0, 1, 0, 1, 0, 0
7340, 2, 0, 0, 0, 2, 0
48197, 1, 3, 2, 1, 1, 0
56116, 101, 15, 13, 2, 101, 0
59130, 149, 56, 54, 2, 149, 0
59543, 0, 60, 59, 1, 0, 0
59897, 1, 46, 45, 1, 1, 0
7342, 1, 0, 0, 0, 1, 0
29668, 15, 5, 5, 0, 15, 0
104944, 0, 1, 0, 1, 0, 0
7344, 1, 0, 0, 0, 1, 0
7346, 1, 0, 0, 0, 1, 0
7347, 3, 0, 0, 0, 2, 1
39857, 18, 21, 20, 1, 18, 0
19532, 2, 1, 1, 0, 2, 0
44486, 16, 6, 6, 0, 13, 3
45666, 0, 3, 3, 0, 0, 0
46443, 0, 2, 1, 1, 0, 0
46700, 3, 2, 2, 0, 1, 2
59084, 4, 3, 3, 0, 3, 1
72295, 1, 6, 6, 0, 1, 0
73890, 2, 3, 3, 0, 2, 0
76356, 7, 2, 2, 0, 7, 0
76711, 1, 1, 1, 0, 1, 0
76712, 0, 1, 1, 0, 0, 0
76713, 1, 4, 3, 1, 1, 0
7350, 1, 0, 0, 0, 1, 0
7351, 1, 1, 1, 0, 0, 1
7352, 1, 0, 0, 0, 0, 1
34666, 3, 3, 3, 0, 3, 0
42328, 6, 4, 4, 0, 5, 1
52825, 16, 27, 24, 3, 16, 0
60805, 10, 28, 28, 0, 9, 1
64751, 9, 8, 8, 0, 9, 0
67227, 12, 15, 15, 0, 12, 0
73908, 0, 13, 13, 0, 0, 0
79145, 3, 5, 5, 0, 3, 0
7354, 1, 1, 1, 0, 1, 0
17141, 2, 3, 3, 0, 2, 0
116091, 1, 1, 1, 0, 1, 0
7356, 1, 0, 0, 0, 0, 1
7358, 1, 0, 0, 0, 1, 0
7360, 1, 0, 0, 0, 1, 0
7361, 1, 0, 0, 0, 1, 0
7362, 1, 2, 2, 0, 1, 0
7426, 5, 2, 1, 1, 5, 0
44308, 2, 3, 2, 1, 2, 0
93854, 3, 2, 1, 1, 3, 0
96351, 0, 3, 0, 3, 0, 0
7365, 4, 0, 0, 0, 4, 0
7366, 1, 1, 1, 0, 1, 0
7368, 3, 1, 1, 0, 3, 0
17113, 1, 1, 0, 1, 1, 0
17116, 2, 2, 1, 1, 2, 0
22457, 2, 2, 2, 0, 2, 0
26345, 3, 2, 2, 0, 3, 0
26346, 4, 2, 2, 0, 4, 0
26726, 0, 1, 1, 0, 0, 0
26727, 0, 1, 1, 0, 0, 0
26728, 0, 1, 1, 0, 0, 0
42121, 3, 2, 1, 1, 2, 1
65340, 0, 2, 0, 2, 0, 0
89930, 0, 1, 0, 1, 0, 0
14792, 7, 6, 5, 1, 6, 1
14795, 0, 1, 0, 1, 0, 0
14797, 6, 6, 5, 1, 6, 0
14799, 1, 1, 0, 1, 1, 0
12044, 2, 2, 0, 2, 0, 2
12865, 0, 4, 2, 2, 0, 0
12881, 0, 2, 1, 1, 0, 0
14006, 3, 1, 0, 1, 3, 0
15745, 0, 2, 0, 2, 0, 0
22097, 1, 1, 0, 1, 1, 0
22882, 3, 5, 1, 4, 3, 0
33844, 0, 5, 0, 5, 0, 0
34065, 0, 4, 0, 4, 0, 0
36409, 1, 1, 0, 1, 1, 0
39513, 2, 1, 0, 1, 2, 0
43798, 14, 13, 11, 2, 13, 1
46113, 1, 2, 1, 1, 1, 0
47898, 1, 1, 0, 1, 1, 0
48998, 0, 5, 0, 5, 0, 0
60168, 1, 1, 0, 1, 1, 0
81135, 0, 2, 0, 2, 0, 0
84879, 4, 3, 2, 1, 4, 0
92328, 0, 1, 0, 1, 0, 0
92329, 0, 1, 0, 1, 0, 0
92330, 0, 1, 0, 1, 0, 0
92331, 0, 1, 0, 1, 0, 0
92332, 0, 1, 0, 1, 0, 0
92333, 0, 1, 0, 1, 0, 0
92334, 0, 1, 0, 1, 0, 0
92335, 0, 1, 0, 1, 0, 0
92336, 0, 1, 0, 1, 0, 0
92337, 0, 1, 0, 1, 0, 0
92338, 0, 1, 0, 1, 0, 0
92339, 0, 1, 0, 1, 0, 0
92340, 0, 1, 0, 1, 0, 0
92341, 0, 1, 0, 1, 0, 0
92342, 0, 1, 0, 1, 0, 0
92343, 0, 1, 0, 1, 0, 0
92344, 0, 1, 0, 1, 0, 0
92345, 0, 1, 0, 1, 0, 0
12681, 5, 3, 1, 2, 5, 0
101012, 2, 1, 1, 0, 1, 1
101024, 0, 2, 2, 0, 0, 0
105357, 0, 1, 1, 0, 0, 0
48512, 1, 1, 1, 0, 1, 0
7378, 2, 2, 1, 1, 2, 0
7783, 19, 31, 31, 0, 19, 0
37652, 3, 8, 8, 0, 3, 0
37693, 2, 6, 6, 0, 2, 0
39428, 1, 1, 1, 0, 1, 0
7384, 9, 19, 19, 0, 9, 0
93170, 0, 14, 14, 0, 0, 0
122208, 1, 10, 9, 1, 1, 0
7386, 1, 0, 0, 0, 1, 0
7387, 1, 1, 1, 0, 0, 1
16002, 1, 1, 0, 1, 1, 0
7388, 1, 0, 0, 0, 0, 1
7389, 1, 0, 0, 0, 0, 1
7391, 1, 0, 0, 0, 1, 0
7392, 1, 0, 0, 0, 1, 0
7393, 0, 2, 1, 1, 0, 0
7394, 1, 0, 0, 0, 1, 0
7395, 1, 0, 0, 0, 0, 1
7396, 0, 1, 0, 1, 0, 0
7397, 1, 0, 0, 0, 1, 0
7398, 0, 2, 2, 0, 0, 0
7399, 1, 0, 0, 0, 1, 0
45193, 2, 4, 4, 0, 2, 0
67340, 5, 3, 3, 0, 5, 0
69164, 14, 15, 15, 0, 14, 0
7401, 1, 1, 1, 0, 1, 0
96091, 3, 4, 4, 0, 3, 0
7403, 1, 0, 0, 0, 1, 0
28972, 0, 3, 0, 3, 0, 0
47362, 2, 10, 8, 2, 2, 0
80325, 0, 2, 0, 2, 0, 0
80326, 0, 2, 0, 2, 0, 0
80330, 0, 1, 0, 1, 0, 0
7405, 1, 0, 0, 0, 1, 0
11681, 6, 4, 4, 0, 1, 5
15648, 10, 11, 10, 1, 10, 0
16524, 3, 7, 7, 0, 3, 0
17806, 1, 2, 1, 1, 1, 0
19015, 1, 1, 0, 1, 1, 0
25360, 5, 2, 2, 0, 5, 0
39580, 3, 5, 2, 3, 1, 2
39935, 1, 4, 3, 1, 1, 0
41349, 1, 2, 0, 2, 1, 0
45863, 0, 5, 2, 3, 0, 0
51830, 2, 3, 1, 2, 1, 1
57019, 2, 2, 1, 1, 2, 0
67670, 0, 2, 2, 0, 0, 0
70719, 3, 5, 5, 0, 3, 0
73290, 1, 4, 4, 0, 1, 0
90034, 1, 1, 1, 0, 1, 0
90476, 0, 2, 2, 0, 0, 0
93100, 0, 1, 0, 1, 0, 0
93101, 0, 1, 0, 1, 0, 0
93102, 0, 1, 0, 1, 0, 0
93103, 0, 1, 0, 1, 0, 0
93104, 0, 3, 2, 1, 0, 0
93105, 0, 1, 0, 1, 0, 0
7407, 1, 0, 0, 0, 0, 1
7408, 4, 2, 1, 1, 3, 1
17481, 2, 1, 1, 0, 2, 0
18484, 5, 4, 4, 0, 5, 0
27964, 6, 7, 5, 2, 6, 0
42579, 2, 5, 5, 0, 2, 0
48873, 1, 23, 22, 1, 1, 0
48876, 13, 5, 5, 0, 8, 5
48877, 0, 1, 0, 1, 0, 0
48878, 0, 1, 1, 0, 0, 0
48879, 1, 4, 3, 1, 1, 0
48881, 0, 1, 0, 1, 0, 0
48882, 0, 1, 1, 0, 0, 0
48883, 0, 1, 1, 0, 0, 0
50762, 1, 4, 2, 2, 1, 0
50763, 2, 6, 4, 2, 2, 0
64828, 2, 8, 3, 5, 2, 0
65618, 1, 3, 2, 1, 1, 0
82366, 5, 2, 2, 0, 5, 0
94496, 1, 1, 0, 1, 0, 1
95448, 2, 1, 1, 0, 1, 1
95899, 0, 1, 1, 0, 0, 0
96060, 0, 2, 2, 0, 0, 0
96465, 4, 1, 0, 1, 4, 0
96595, 7, 3, 2, 1, 7, 0
96601, 2, 1, 1, 0, 2, 0
98227, 0, 1, 0, 1, 0, 0
99251, 0, 1, 0, 1, 0, 0
99281, 0, 1, 1, 0, 0, 0
99629, 1, 2, 1, 1, 0, 1
99933, 0, 1, 0, 1, 0, 0
101211, 0, 2, 1, 1, 0, 0
101721, 3, 2, 0, 2, 3, 0
102997, 0, 1, 0, 1, 0, 0
104763, 0, 1, 0, 1, 0, 0
106784, 0, 2, 1, 1, 0, 0
109963, 0, 1, 0, 1, 0, 0
111916, 0, 1, 0, 1, 0, 0
112263, 0, 1, 0, 1, 0, 0
112627, 0, 1, 0, 1, 0, 0
112879, 0, 1, 0, 1, 0, 0
60806, 2, 10, 10, 0, 2, 0
26815, 1, 3, 2, 1, 1, 0
32720, 0, 4, 2, 2, 0, 0
32723, 0, 17, 15, 2, 0, 0
32724, 0, 1, 0, 1, 0, 0
32726, 7, 2, 1, 1, 7, 0
32727, 4, 2, 0, 2, 4, 0
32728, 0, 2, 0, 2, 0, 0
32729, 2, 1, 0, 1, 1, 1
32732, 0, 2, 0, 2, 0, 0
32733, 0, 1, 0, 1, 0, 0
32734, 0, 1, 0, 1, 0, 0
32736, 4, 1, 0, 1, 1, 3
32737, 0, 1, 0, 1, 0, 0
32738, 0, 1, 0, 1, 0, 0
32740, 0, 1, 0, 1, 0, 0
32746, 0, 1, 0, 1, 0, 0
32749, 3, 3, 0, 3, 1, 2
32750, 0, 2, 0, 2, 0, 0
104545, 8, 5, 3, 2, 8, 0
104690, 6, 2, 1, 1, 6, 0
104691, 11, 4, 2, 2, 11, 0
104813, 0, 2, 1, 1, 0, 0
112220, 1, 1, 0, 1, 1, 0
130526, 0, 1, 0, 1, 0, 0
130749, 0, 1, 0, 1, 0, 0
49543, 1, 2, 2, 0, 1, 0
12057, 0, 3, 3, 0, 0, 0
30443, 2, 1, 1, 0, 2, 0
7419, 1, 0, 0, 0, 0, 1
7420, 0, 2, 1, 1, 0, 0
7421, 1, 1, 1, 0, 1, 0
7423, 1, 0, 0, 0, 1, 0
7424, 1, 0, 0, 0, 0, 1
9119, 2, 3, 3, 0, 2, 0
47681, 2, 4, 3, 1, 2, 0
48627, 1, 1, 1, 0, 1, 0
60801, 1, 1, 1, 0, 1, 0
62329, 2, 1, 1, 0, 2, 0
65653, 45, 10, 10, 0, 45, 0
65656, 39, 12, 12, 0, 39, 0
71912, 0, 2, 1, 1, 0, 0
7428, 1, 0, 0, 0, 0, 1
7429, 0, 6, 5, 1, 0, 0
7430, 1, 0, 0, 0, 1, 0
7431, 5, 4, 4, 0, 5, 0
39552, 7, 4, 4, 0, 7, 0
85106, 0, 3, 3, 0, 0, 0
7432, 1, 0, 0, 0, 1, 0
7434, 2, 0, 0, 0, 2, 0
7435, 1, 0, 0, 0, 0, 1
7437, 2, 0, 0, 0, 0, 2
7438, 1, 1, 1, 0, 1, 0
7439, 6, 5, 5, 0, 6, 0
34632, 4, 3, 3, 0, 3, 1
38238, 5, 5, 5, 0, 4, 1
38239, 1, 1, 1, 0, 1, 0
38240, 2, 1, 1, 0, 2, 0
38241, 1, 1, 1, 0, 1, 0
7441, 2, 2, 2, 0, 2, 0
124542, 1, 1, 1, 0, 1, 0
7442, 1, 0, 0, 0, 0, 1
7443, 0, 1, 0, 1, 0, 0
7444, 1, 0, 0, 0, 1, 0
7445, 1, 0, 0, 0, 0, 1
7446, 0, 2, 1, 1, 0, 0
7447, 1, 0, 0, 0, 0, 1
7448, 2, 1, 1, 0, 2, 0
7680, 9, 4, 4, 0, 9, 0
10852, 3, 2, 2, 0, 3, 0
26146, 1, 1, 1, 0, 1, 0
26147, 0, 1, 1, 0, 0, 0
26149, 0, 1, 1, 0, 0, 0
26150, 0, 1, 1, 0, 0, 0
7450, 1, 0, 0, 0, 1, 0
7453, 1, 0, 0, 0, 1, 0
14077, 4, 5, 4, 1, 4, 0
37357, 4, 9, 9, 0, 4, 0
56935, 133, 22, 22, 0, 133, 0
61968, 59, 11, 11, 0, 59, 0
64047, 20, 15, 14, 1, 20, 0
73635, 10, 3, 3, 0, 10, 0
73636, 0, 1, 1, 0, 0, 0
73637, 0, 1, 1, 0, 0, 0
7455, 5, 1, 1, 0, 3, 2
7456, 0, 1, 1, 0, 0, 0
7457, 0, 2, 2, 0, 0, 0
7458, 2, 2, 2, 0, 2, 0
7459, 1, 0, 0, 0, 0, 1
59574, 3, 2, 2, 0, 3, 0
7461, 1, 0, 0, 0, 1, 0
7462, 1, 0, 0, 0, 1, 0
7463, 6, 3, 2, 1, 6, 0
7465, 1, 1, 1, 0, 1, 0
7466, 14, 14, 14, 0, 14, 0
49713, 4, 7, 7, 0, 1, 3
75399, 3, 2, 2, 0, 3, 0
86046, 0, 1, 1, 0, 0, 0
7467, 3, 0, 0, 0, 3, 0
7469, 0, 2, 1, 1, 0, 0
7470, 1, 0, 0, 0, 1, 0
18179, 0, 1, 1, 0, 0, 0
60171, 6, 4, 4, 0, 6, 0
7476, 5, 0, 0, 0, 1, 4
118746, 1, 1, 0, 1, 1, 0
119676, 0, 1, 0, 1, 0, 0
7477, 1, 0, 0, 0, 1, 0
7479, 1, 0, 0, 0, 1, 0
7480, 1, 0, 0, 0, 1, 0
7481, 7, 6, 4, 2, 7, 0
34525, 4, 3, 3, 0, 4, 0
34526, 6, 5, 5, 0, 6, 0
34527, 2, 4, 4, 0, 2, 0
34528, 8, 14, 10, 4, 8, 0
7482, 1, 0, 0, 0, 1, 0
7483, 1, 0, 0, 0, 1, 0
7484, 0, 1, 1, 0, 0, 0
7485, 1, 0, 0, 0, 1, 0
67328, 0, 2, 2, 0, 0, 0
91698, 0, 2, 2, 0, 0, 0
7488, 2, 0, 0, 0, 2, 0
7489, 1, 0, 0, 0, 1, 0
7490, 3, 0, 0, 0, 3, 0
7491, 1, 1, 1, 0, 1, 0
7492, 1, 2, 2, 0, 1, 0
7493, 11, 1, 1, 0, 3, 8
7495, 0, 1, 0, 1, 0, 0
7496, 0, 1, 0, 1, 0, 0
7497, 1, 0, 0, 0, 1, 0
7501, 7, 1, 1, 0, 6, 1
7502, 1, 0, 0, 0, 1, 0
7504, 2, 1, 1, 0, 2, 0
7505, 7, 3, 3, 0, 6, 1
111153, 1, 1, 1, 0, 1, 0
7506, 3, 0, 0, 0, 3, 0
67896, 6, 3, 3, 0, 6, 0
76168, 0, 4, 4, 0, 0, 0
77358, 1, 2, 2, 0, 1, 0
77471, 1, 1, 1, 0, 1, 0
77752, 1, 1, 1, 0, 1, 0
89052, 0, 1, 1, 0, 0, 0
89053, 0, 1, 1, 0, 0, 0
7510, 2, 0, 0, 0, 1, 1
7511, 2, 0, 0, 0, 2, 0
7512, 1, 1, 1, 0, 1, 0
63684, 1, 1, 1, 0, 1, 0
7515, 1, 0, 0, 0, 0, 1
118649, 1, 1, 1, 0, 1, 0
7517, 1, 0, 0, 0, 1, 0
7518, 1, 0, 0, 0, 0, 1
98389, 2, 3, 1, 2, 2, 0
7520, 1, 0, 0, 0, 1, 0
35834, 1, 1, 1, 0, 1, 0
36487, 0, 1, 0, 1, 0, 0
36488, 0, 2, 0, 2, 0, 0
7522, 2, 0, 0, 0, 2, 0
7524, 2, 1, 1, 0, 2, 0
7525, 1, 0, 0, 0, 1, 0
7526, 3, 0, 0, 0, 3, 0
7527, 0, 2, 2, 0, 0, 0
94553, 0, 1, 1, 0, 0, 0
49583, 2, 2, 2, 0, 2, 0
7530, 1, 1, 1, 0, 1, 0
7531, 1, 0, 0, 0, 1, 0
23728, 0, 1, 0, 1, 0, 0
7533, 1, 1, 1, 0, 1, 0
18159, 2, 1, 1, 0, 1, 1
18364, 1, 2, 2, 0, 1, 0
18512, 1, 1, 1, 0, 0, 1
18542, 1, 1, 1, 0, 1, 0
20709, 8, 2, 2, 0, 3, 5
20712, 8, 6, 6, 0, 8, 0
20720, 0, 1, 1, 0, 0, 0
20726, 1, 2, 2, 0, 1, 0
20727, 9, 4, 3, 1, 9, 0
7535, 1, 0, 0, 0, 0, 1
7536, 1, 1, 1, 0, 1, 0
7538, 1, 0, 0, 0, 1, 0
7539, 1, 0, 0, 0, 1, 0
50341, 3, 5, 3, 2, 3, 0
69897, 2, 4, 4, 0, 2, 0
49990, 1, 2, 0, 2, 0, 1
65356, 0, 1, 1, 0, 0, 0
65358, 0, 1, 1, 0, 0, 0
65360, 0, 2, 2, 0, 0, 0
7544, 1, 0, 0, 0, 1, 0
7546, 1, 0, 0, 0, 1, 0
7547, 0, 2, 2, 0, 0, 0
7548, 2, 0, 0, 0, 2, 0
7549, 0, 1, 1, 0, 0, 0
7550, 1, 0, 0, 0, 1, 0
7551, 1, 0, 0, 0, 1, 0
29389, 10, 3, 3, 0, 10, 0
7554, 2, 1, 1, 0, 2, 0
7555, 0, 2, 2, 0, 0, 0
7557, 1, 1, 1, 0, 1, 0
15372, 5, 4, 4, 0, 5, 0
15439, 1, 1, 1, 0, 1, 0
35174, 5, 1, 1, 0, 4, 1
39766, 1, 1, 0, 1, 0, 1
41658, 1, 1, 1, 0, 1, 0
43921, 47, 7, 7, 0, 45, 2
46721, 0, 2, 2, 0, 0, 0
46722, 3, 3, 3, 0, 3, 0
46725, 0, 2, 1, 1, 0, 0
46726, 0, 1, 1, 0, 0, 0
46727, 0, 1, 1, 0, 0, 0
46728, 0, 1, 1, 0, 0, 0
7559, 1, 0, 0, 0, 1, 0
7561, 2, 0, 0, 0, 2, 0
7566, 1, 0, 0, 0, 1, 0
7567, 0, 1, 1, 0, 0, 0
7568, 2, 0, 0, 0, 2, 0
27480, 4, 2, 2, 0, 4, 0
83919, 0, 1, 0, 1, 0, 0
83920, 0, 1, 0, 1, 0, 0
7572, 1, 0, 0, 0, 1, 0
7573, 1, 0, 0, 0, 1, 0
7880, 1, 1, 1, 0, 1, 0
22706, 20, 12, 11, 1, 20, 0
70135, 9, 3, 3, 0, 8, 1
7577, 1, 1, 0, 1, 0, 1
7578, 2, 14, 12, 2, 1, 1
7579, 1, 1, 1, 0, 1, 0
7580, 6, 0, 0, 0, 6, 0
7582, 6, 4, 4, 0, 6, 0
7583, 2, 3, 3, 0, 2, 0
7584, 3, 3, 3, 0, 3, 0
7586, 7, 6, 6, 0, 7, 0
33475, 2, 2, 2, 0, 2, 0
33483, 0, 1, 1, 0, 0, 0
27893, 2, 2, 2, 0, 2, 0
101329, 0, 2, 2, 0, 0, 0
7587, 3, 1, 1, 0, 3, 0
13840, 4, 2, 2, 0, 4, 0
23890, 0, 2, 2, 0, 0, 0
103003, 1, 1, 1, 0, 1, 0
112013, 2, 2, 2, 0, 2, 0
7590, 1, 0, 0, 0, 1, 0
7591, 1, 0, 0, 0, 1, 0
7592, 1, 0, 0, 0, 1, 0
25411, 1, 2, 1, 1, 1, 0
60847, 0, 1, 1, 0, 0, 0
60848, 0, 1, 1, 0, 0, 0
70513, 7, 4, 3, 1, 5, 2
41194, 1, 1, 1, 0, 1, 0
44267, 1, 1, 1, 0, 1, 0
44430, 1, 5, 5, 0, 1, 0
85688, 0, 1, 1, 0, 0, 0
85689, 0, 1, 1, 0, 0, 0
21958, 1, 4, 3, 1, 1, 0
38063, 0, 15, 15, 0, 0, 0
42067, 50, 24, 23, 1, 50, 0
50344, 0, 5, 4, 1, 0, 0
50686, 11, 7, 6, 1, 9, 2
60753, 31, 12, 12, 0, 31, 0
65446, 2, 5, 5, 0, 2, 0
67300, 0, 7, 6, 1, 0, 0
67378, 2, 3, 3, 0, 2, 0
68953, 5, 6, 6, 0, 5, 0
70799, 13, 9, 9, 0, 13, 0
70999, 8, 9, 9, 0, 7, 1
71676, 1, 3, 3, 0, 1, 0
72081, 5, 6, 6, 0, 4, 1
72638, 0, 2, 2, 0, 0, 0
72692, 2, 18, 17, 1, 2, 0
73211, 0, 3, 3, 0, 0, 0
74733, 4, 3, 3, 0, 4, 0
76120, 1, 1, 1, 0, 1, 0
77518, 2, 3, 3, 0, 2, 0
78753, 0, 2, 2, 0, 0, 0
81507, 0, 1, 1, 0, 0, 0
81508, 0, 1, 1, 0, 0, 0
81509, 0, 1, 1, 0, 0, 0
81510, 0, 1, 1, 0, 0, 0
81511, 0, 1, 1, 0, 0, 0
81512, 0, 1, 1, 0, 0, 0
81513, 0, 1, 1, 0, 0, 0
81514, 0, 1, 1, 0, 0, 0
13690, 3, 1, 1, 0, 3, 0
16611, 9, 3, 3, 0, 7, 2
18942, 1, 2, 2, 0, 1, 0
19094, 3, 4, 3, 1, 2, 1
22640, 5, 3, 2, 1, 4, 1
22641, 3, 2, 2, 0, 2, 1
22643, 2, 8, 5, 3, 2, 0
22648, 0, 1, 0, 1, 0, 0
56294, 2, 3, 3, 0, 1, 1
98490, 0, 1, 1, 0, 0, 0
101016, 2, 1, 1, 0, 2, 0
12485, 12, 2, 2, 0, 11, 1
15741, 0, 2, 2, 0, 0, 0
15742, 0, 2, 2, 0, 0, 0
93166, 0, 1, 1, 0, 0, 0
7606, 1, 1, 1, 0, 1, 0
7607, 2, 1, 1, 0, 2, 0
7608, 1, 0, 0, 0, 1, 0
7609, 1, 0, 0, 0, 1, 0
7610, 1, 0, 0, 0, 1, 0
7611, 1, 0, 0, 0, 1, 0
7612, 1, 4, 4, 0, 0, 1
7613, 1, 0, 0, 0, 1, 0
7615, 1, 0, 0, 0, 1, 0
7616, 6, 2, 2, 0, 6, 0
7617, 1, 0, 0, 0, 1, 0
7619, 4, 1, 1, 0, 4, 0
7621, 0, 1, 1, 0, 0, 0
7623, 2, 0, 0, 0, 1, 1
7627, 1, 0, 0, 0, 1, 0
7629, 1, 0, 0, 0, 1, 0
7630, 0, 1, 1, 0, 0, 0
7632, 2, 0, 0, 0, 2, 0
17650, 2, 3, 3, 0, 2, 0
7634, 1, 0, 0, 0, 1, 0
17097, 1, 4, 4, 0, 1, 0
25042, 2, 3, 3, 0, 2, 0
25594, 1, 1, 1, 0, 1, 0
12242, 0, 4, 3, 1, 0, 0
13854, 0, 1, 1, 0, 0, 0
64872, 3, 1, 1, 0, 3, 0
85381, 0, 1, 1, 0, 0, 0
78895, 1, 1, 0, 1, 1, 0
78896, 1, 1, 0, 1, 1, 0
78897, 1, 1, 0, 1, 1, 0
78904, 1, 2, 1, 1, 1, 0
95162, 0, 1, 0, 1, 0, 0
95952, 0, 6, 5, 1, 0, 0
96739, 0, 1, 0, 1, 0, 0
97751, 0, 1, 0, 1, 0, 0
97807, 4, 3, 3, 0, 3, 1
97991, 0, 1, 0, 1, 0, 0
98000, 0, 1, 0, 1, 0, 0
98663, 0, 1, 0, 1, 0, 0
98867, 0, 2, 1, 1, 0, 0
100214, 0, 1, 1, 0, 0, 0
100685, 0, 1, 0, 1, 0, 0
100951, 1, 1, 0, 1, 1, 0
101352, 0, 1, 0, 1, 0, 0
103599, 0, 1, 0, 1, 0, 0
106317, 0, 1, 0, 1, 0, 0
111265, 0, 2, 1, 1, 0, 0
111507, 1, 1, 0, 1, 1, 0
113356, 0, 1, 0, 1, 0, 0
113357, 0, 1, 0, 1, 0, 0
115228, 0, 1, 0, 1, 0, 0
115602, 0, 1, 0, 1, 0, 0
7647, 1, 0, 0, 0, 1, 0
7649, 1, 0, 0, 0, 1, 0
7650, 1, 0, 0, 0, 1, 0
45112, 0, 1, 0, 1, 0, 0
7652, 1, 0, 0, 0, 0, 1
7653, 1, 1, 1, 0, 1, 0
8367, 0, 1, 1, 0, 0, 0
7655, 1, 0, 0, 0, 1, 0
7656, 3, 4, 3, 1, 3, 0
7659, 7, 3, 1, 2, 7, 0
22392, 13, 1, 1, 0, 13, 0
25743, 2, 1, 1, 0, 2, 0
41643, 1, 1, 1, 0, 1, 0
98407, 1, 1, 1, 0, 1, 0
99551, 0, 1, 0, 1, 0, 0
7664, 0, 1, 1, 0, 0, 0
7665, 1, 3, 3, 0, 1, 0
7666, 0, 1, 1, 0, 0, 0
74222, 2, 5, 5, 0, 2, 0
107661, 10, 2, 0, 2, 9, 1
7990, 1, 1, 1, 0, 1, 0
23616, 13, 10, 10, 0, 12, 1
39795, 0, 2, 0, 2, 0, 0
65298, 1, 1, 1, 0, 1, 0
7671, 1, 0, 0, 0, 1, 0
7672, 4, 1, 1, 0, 3, 1
7673, 1, 0, 0, 0, 1, 0
52536, 0, 3, 1, 2, 0, 0
77701, 0, 1, 0, 1, 0, 0
119543, 0, 1, 0, 1, 0, 0
7675, 1, 1, 0, 1, 0, 1
7676, 1, 2, 2, 0, 1, 0
7677, 1, 1, 1, 0, 1, 0
7678, 1, 0, 0, 0, 1, 0
7679, 1, 0, 0, 0, 1, 0
7681, 1, 0, 0, 0, 0, 1
14578, 3, 6, 5, 1, 3, 0
21507, 0, 3, 0, 3, 0, 0
43913, 10, 8, 6, 2, 9, 1
72744, 6, 3, 0, 3, 6, 0
72745, 5, 6, 2, 4, 4, 1
76618, 2, 1, 0, 1, 2, 0
76619, 4, 3, 1, 2, 4, 0
79927, 1, 2, 1, 1, 1, 0
95171, 0, 2, 1, 1, 0, 0
100606, 0, 1, 0, 1, 0, 0
103283, 2, 1, 0, 1, 2, 0
113945, 30, 3, 1, 2, 2, 28
115322, 0, 1, 0, 1, 0, 0
116709, 25, 8, 0, 8, 25, 0
118059, 0, 3, 0, 3, 0, 0
119806, 1, 1, 0, 1, 1, 0
119839, 0, 1, 0, 1, 0, 0
120358, 1, 1, 0, 1, 1, 0
124125, 0, 1, 0, 1, 0, 0
125203, 0, 2, 0, 2, 0, 0
126590, 0, 3, 0, 3, 0, 0
127378, 0, 1, 0, 1, 0, 0
128778, 4, 5, 5, 0, 4, 0
128856, 0, 1, 0, 1, 0, 0
130706, 0, 3, 1, 2, 0, 0
7683, 1, 1, 1, 0, 1, 0
7685, 1, 0, 0, 0, 1, 0
7687, 1, 0, 0, 0, 1, 0
7688, 0, 3, 3, 0, 0, 0
7689, 1, 0, 0, 0, 1, 0
7690, 0, 1, 1, 0, 0, 0
7692, 1, 0, 0, 0, 0, 1
7693, 1, 0, 0, 0, 0, 1
25784, 4, 3, 3, 0, 3, 1
28393, 3, 3, 3, 0, 3, 0
48188, 0, 3, 0, 3, 0, 0
48190, 4, 3, 3, 0, 4, 0
7696, 1, 0, 0, 0, 0, 1
7697, 0, 1, 0, 1, 0, 0
7698, 1, 0, 0, 0, 1, 0
7699, 1, 0, 0, 0, 1, 0
9297, 3, 4, 4, 0, 3, 0
16314, 6, 2, 2, 0, 5, 1
62589, 0, 6, 6, 0, 0, 0
64683, 0, 3, 3, 0, 0, 0
68859, 1, 2, 2, 0, 1, 0
72061, 6, 6, 6, 0, 6, 0
72780, 3, 1, 1, 0, 3, 0
72781, 2, 6, 6, 0, 2, 0
72782, 0, 2, 2, 0, 0, 0
72783, 0, 1, 1, 0, 0, 0
72784, 0, 1, 1, 0, 0, 0
98792, 0, 1, 1, 0, 0, 0
7701, 1, 0, 0, 0, 1, 0
7702, 1, 0, 0, 0, 0, 1
7704, 1, 0, 0, 0, 1, 0
7706, 4, 1, 1, 0, 4, 0
24496, 2, 5, 4, 1, 2, 0
38855, 3, 6, 6, 0, 3, 0
61986, 0, 6, 6, 0, 0, 0
79459, 3, 6, 6, 0, 3, 0
93150, 0, 1, 1, 0, 0, 0
93151, 0, 1, 1, 0, 0, 0
7708, 3, 1, 1, 0, 3, 0
7709, 3, 9, 9, 0, 3, 0
7711, 1, 0, 0, 0, 1, 0
7884, 5, 3, 3, 0, 5, 0
16880, 5, 5, 5, 0, 5, 0
27294, 1, 1, 1, 0, 1, 0
32374, 3, 2, 2, 0, 3, 0
38292, 0, 5, 5, 0, 0, 0
40594, 4, 9, 9, 0, 3, 1
44209, 6, 2, 2, 0, 5, 1
51061, 4, 1, 1, 0, 4, 0
51881, 6, 15, 15, 0, 6, 0
66773, 0, 1, 1, 0, 0, 0
66774, 0, 1, 1, 0, 0, 0
66775, 0, 1, 1, 0, 0, 0
66776, 14, 3, 3, 0, 14, 0
7713, 4, 1, 1, 0, 1, 3
101554, 1, 2, 0, 2, 1, 0
40716, 0, 2, 2, 0, 0, 0
7718, 1, 1, 1, 0, 1, 0
7719, 1, 0, 0, 0, 1, 0
7720, 0, 2, 2, 0, 0, 0
7721, 1, 0, 0, 0, 1, 0
7722, 1, 0, 0, 0, 1, 0
7723, 1, 0, 0, 0, 1, 0
7725, 1, 0, 0, 0, 1, 0
7726, 1, 0, 0, 0, 1, 0
28019, 8, 7, 7, 0, 5, 3
29589, 35, 13, 12, 1, 34, 1
29590, 11, 6, 6, 0, 11, 0
7731, 1, 0, 0, 0, 1, 0
7732, 1, 0, 0, 0, 0, 1
7733, 3, 9, 6, 3, 3, 0
39835, 11, 5, 5, 0, 9, 2
7734, 1, 1, 1, 0, 1, 0
7736, 3, 1, 1, 0, 3, 0
7738, 10, 4, 4, 0, 10, 0
11041, 9, 3, 3, 0, 5, 4
11468, 0, 3, 2, 1, 0, 0
15913, 0, 3, 3, 0, 0, 0
22417, 4, 2, 2, 0, 4, 0
40181, 0, 2, 2, 0, 0, 0
59683, 5, 5, 5, 0, 5, 0
59684, 2, 3, 3, 0, 2, 0
59686, 5, 5, 5, 0, 5, 0
61707, 0, 7, 6, 1, 0, 0
70258, 2, 4, 4, 0, 2, 0
72312, 22, 15, 15, 0, 22, 0
73344, 0, 2, 2, 0, 0, 0
79497, 6, 5, 4, 1, 6, 0
80035, 0, 6, 6, 0, 0, 0
80321, 2, 3, 3, 0, 2, 0
81203, 3, 12, 12, 0, 3, 0
81583, 0, 2, 2, 0, 0, 0
104562, 1, 2, 2, 0, 1, 0
7739, 1, 0, 0, 0, 1, 0
7740, 0, 1, 1, 0, 0, 0
7741, 1, 0, 0, 0, 0, 1
7743, 2, 0, 0, 0, 0, 2
7744, 1, 1, 1, 0, 1, 0
16112, 13, 6, 6, 0, 13, 0
29472, 2, 3, 3, 0, 2, 0
7746, 1, 0, 0, 0, 1, 0
51898, 5, 1, 1, 0, 5, 0
13353, 1, 1, 1, 0, 1, 0
13735, 2, 1, 1, 0, 2, 0
18779, 3, 2, 1, 1, 3, 0
7751, 5, 0, 0, 0, 4, 1
7753, 0, 2, 2, 0, 0, 0
110964, 0, 1, 0, 1, 0, 0
7754, 1, 0, 0, 0, 1, 0
7756, 2, 0, 0, 0, 2, 0
7758, 1, 0, 0, 0, 0, 1
11810, 3, 3, 2, 1, 3, 0
21968, 1, 5, 3, 2, 1, 0
64282, 2, 1, 1, 0, 2, 0
73581, 0, 2, 1, 1, 0, 0
7760, 3, 2, 2, 0, 3, 0
7763, 2, 2, 2, 0, 2, 0
92795, 0, 1, 0, 1, 0, 0
62788, 0, 3, 3, 0, 0, 0
68338, 0, 1, 1, 0, 0, 0
68339, 0, 1, 1, 0, 0, 0
68340, 6, 3, 3, 0, 6, 0
68342, 0, 1, 1, 0, 0, 0
77251, 4, 1, 0, 1, 4, 0
88791, 1, 6, 5, 1, 1, 0
93195, 0, 1, 1, 0, 0, 0
102034, 1, 1, 0, 1, 1, 0
121933, 0, 1, 0, 1, 0, 0
122967, 8, 5, 3, 2, 8, 0
124055, 0, 1, 0, 1, 0, 0
124418, 3, 6, 3, 3, 3, 0
124524, 0, 1, 0, 1, 0, 0
124618, 3, 2, 0, 2, 2, 1
124991, 0, 1, 0, 1, 0, 0
125472, 0, 1, 0, 1, 0, 0
125531, 0, 1, 0, 1, 0, 0
103085, 0, 1, 0, 1, 0, 0
103408, 2, 4, 4, 0, 2, 0
108281, 0, 3, 0, 3, 0, 0
49913, 9, 15, 15, 0, 9, 0
52251, 4, 3, 3, 0, 4, 0
19018, 1, 1, 1, 0, 1, 0
7770, 1, 0, 0, 0, 1, 0
18104, 30, 16, 16, 0, 30, 0
24571, 2, 11, 11, 0, 2, 0
24576, 4, 15, 15, 0, 4, 0
26420, 2, 9, 9, 0, 2, 0
55087, 2, 4, 4, 0, 2, 0
7772, 1, 0, 0, 0, 1, 0
7773, 1, 0, 0, 0, 1, 0
7774, 0, 1, 1, 0, 0, 0
7775, 1, 0, 0, 0, 1, 0
110888, 5, 2, 2, 0, 5, 0
7777, 1, 0, 0, 0, 1, 0
7778, 1, 0, 0, 0, 1, 0
7780, 1, 0, 0, 0, 1, 0
7782, 1, 0, 0, 0, 1, 0
21663, 4, 6, 6, 0, 4, 0
42541, 12, 2, 2, 0, 10, 2
49330, 3, 3, 2, 1, 3, 0
49331, 0, 1, 1, 0, 0, 0
49332, 0, 1, 1, 0, 0, 0
49333, 7, 7, 7, 0, 7, 0
7784, 1, 1, 0, 1, 1, 0
7785, 2, 4, 4, 0, 2, 0
56687, 1, 1, 1, 0, 1, 0
7786, 1, 0, 0, 0, 0, 1
7787, 0, 1, 0, 1, 0, 0
7788, 1, 0, 0, 0, 1, 0
7789, 3, 1, 1, 0, 3, 0
7922, 4, 5, 5, 0, 4, 0
7925, 4, 1, 1, 0, 4, 0
7955, 1, 2, 2, 0, 1, 0
22735, 0, 1, 1, 0, 0, 0
7793, 1, 0, 0, 0, 1, 0
7794, 0, 1, 1, 0, 0, 0
7795, 1, 1, 1, 0, 1, 0
7797, 1, 0, 0, 0, 1, 0
7798, 1, 0, 0, 0, 1, 0
7800, 0, 1, 1, 0, 0, 0
7801, 1, 0, 0, 0, 1, 0
7802, 5, 3, 2, 1, 1, 4
17315, 2, 2, 2, 0, 2, 0
100722, 1, 1, 0, 1, 0, 1
7803, 4, 0, 0, 0, 4, 0
7804, 1, 1, 1, 0, 1, 0
7805, 1, 1, 1, 0, 1, 0
7808, 1, 0, 0, 0, 1, 0
7809, 2, 0, 0, 0, 2, 0
41947, 11, 12, 11, 1, 11, 0
90572, 1, 1, 1, 0, 1, 0
7812, 5, 3, 2, 1, 5, 0
7813, 22, 15, 15, 0, 9, 13
7814, 17, 1, 1, 0, 0, 17
21385, 2, 4, 3, 1, 2, 0
52302, 1, 1, 1, 0, 1, 0
91988, 0, 1, 0, 1, 0, 0
91989, 0, 1, 1, 0, 0, 0
50875, 5, 2, 1, 1, 1, 4
52105, 0, 7, 0, 7, 0, 0
7815, 1, 2, 1, 1, 1, 0
7817, 1, 0, 0, 0, 1, 0
7818, 0, 1, 1, 0, 0, 0
94210, 1, 1, 1, 0, 1, 0
102486, 8, 2, 2, 0, 7, 1
104503, 0, 2, 1, 1, 0, 0
104679, 3, 4, 4, 0, 3, 0
107406, 0, 1, 0, 1, 0, 0
109066, 0, 1, 1, 0, 0, 0
57197, 1, 3, 3, 0, 1, 0
7822, 1, 0, 0, 0, 1, 0
7823, 0, 1, 1, 0, 0, 0
7825, 1, 1, 1, 0, 0, 1
7826, 1, 0, 0, 0, 1, 0
15790, 1, 1, 1, 0, 1, 0
19231, 4, 3, 3, 0, 4, 0
19967, 1, 2, 2, 0, 1, 0
20107, 0, 2, 0, 2, 0, 0
20108, 1, 5, 5, 0, 1, 0
7830, 2, 0, 0, 0, 1, 1
27823, 6, 9, 8, 1, 6, 0
37586, 1, 1, 1, 0, 1, 0
48843, 4, 10, 8, 2, 4, 0
10711, 0, 1, 1, 0, 0, 0
10712, 0, 1, 1, 0, 0, 0
10713, 0, 4, 3, 1, 0, 0
96661, 1, 1, 1, 0, 1, 0
98651, 4, 3, 3, 0, 4, 0
117801, 2, 2, 2, 0, 2, 0
7839, 1, 0, 0, 0, 0, 1
7840, 2, 1, 1, 0, 2, 0
7841, 6, 0, 0, 0, 6, 0
7843, 0, 1, 1, 0, 0, 0
13626, 1, 1, 1, 0, 1, 0
27547, 1, 1, 1, 0, 1, 0
27559, 1, 1, 1, 0, 1, 0
32436, 4, 2, 2, 0, 4, 0
32437, 0, 1, 1, 0, 0, 0
32438, 0, 1, 0, 1, 0, 0
23490, 32, 12, 12, 0, 32, 0
37224, 2, 2, 2, 0, 2, 0
46830, 1, 1, 1, 0, 1, 0
48465, 2, 1, 0, 1, 2, 0
50904, 1, 2, 2, 0, 1, 0
51478, 1, 2, 1, 1, 1, 0
52274, 2, 8, 7, 1, 2, 0
52642, 3, 5, 1, 4, 2, 1
52682, 1, 2, 2, 0, 1, 0
52736, 2, 2, 2, 0, 2, 0
52991, 5, 4, 4, 0, 5, 0
54403, 5, 4, 2, 2, 5, 0
57677, 0, 2, 2, 0, 0, 0
57679, 0, 2, 2, 0, 0, 0
76462, 0, 2, 0, 2, 0, 0
92388, 0, 1, 1, 0, 0, 0
92389, 0, 1, 1, 0, 0, 0
92390, 0, 1, 1, 0, 0, 0
92391, 0, 1, 1, 0, 0, 0
92392, 0, 1, 1, 0, 0, 0
92393, 0, 1, 1, 0, 0, 0
7847, 1, 0, 0, 0, 1, 0
7848, 0, 2, 2, 0, 0, 0
36242, 6, 3, 3, 0, 5, 1
37066, 2, 2, 1, 1, 2, 0
7854, 2, 1, 1, 0, 2, 0
8836, 2, 2, 2, 0, 2, 0
9545, 2, 2, 2, 0, 2, 0
15896, 3, 4, 3, 1, 3, 0
19074, 2, 1, 0, 1, 2, 0
26249, 6, 4, 4, 0, 6, 0
95662, 2, 2, 1, 1, 2, 0
101524, 1, 1, 0, 1, 1, 0
114614, 0, 1, 0, 1, 0, 0
116478, 0, 1, 0, 1, 0, 0
126760, 0, 1, 0, 1, 0, 0
127028, 9, 4, 4, 0, 9, 0
127339, 2, 1, 0, 1, 2, 0
128492, 0, 3, 0, 3, 0, 0
7859, 1, 0, 0, 0, 1, 0
7860, 0, 1, 1, 0, 0, 0
7861, 2, 0, 0, 0, 2, 0
7862, 1, 1, 1, 0, 0, 1
7999, 1, 1, 0, 1, 1, 0
7863, 1, 0, 0, 0, 1, 0
7864, 1, 1, 1, 0, 1, 0
7865, 1, 0, 0, 0, 1, 0
7866, 1, 0, 0, 0, 1, 0
99615, 1, 3, 2, 1, 1, 0
20177, 1, 3, 0, 3, 0, 1
26832, 1, 10, 10, 0, 1, 0
27125, 0, 1, 1, 0, 0, 0
27126, 1, 2, 2, 0, 1, 0
27127, 3, 3, 3, 0, 3, 0
27128, 0, 3, 3, 0, 0, 0
27130, 4, 3, 3, 0, 4, 0
94734, 4, 5, 5, 0, 4, 0
13520, 16, 9, 7, 2, 10, 6
17434, 1, 1, 1, 0, 1, 0
9160, 0, 2, 1, 1, 0, 0
9163, 1, 1, 1, 0, 1, 0
10623, 1, 1, 1, 0, 1, 0
12353, 2, 2, 2, 0, 2, 0
12816, 2, 2, 0, 2, 2, 0
13410, 6, 2, 1, 1, 6, 0
13532, 2, 1, 1, 0, 2, 0
17212, 1, 1, 1, 0, 1, 0
20132, 1, 1, 1, 0, 1, 0
28653, 3, 3, 2, 1, 3, 0
29539, 1, 5, 3, 2, 0, 1
31042, 3, 1, 0, 1, 2, 1
35128, 2, 2, 1, 1, 2, 0
35129, 2, 5, 5, 0, 2, 0
35130, 0, 1, 0, 1, 0, 0
35132, 0, 1, 0, 1, 0, 0
35133, 0, 1, 1, 0, 0, 0
35134, 0, 1, 1, 0, 0, 0
35135, 0, 1, 0, 1, 0, 0
35137, 5, 4, 4, 0, 5, 0
35139, 2, 2, 2, 0, 2, 0
35140, 0, 1, 0, 1, 0, 0
35141, 0, 2, 2, 0, 0, 0
35142, 0, 1, 1, 0, 0, 0
35143, 0, 1, 1, 0, 0, 0
35144, 0, 1, 1, 0, 0, 0
35145, 0, 1, 1, 0, 0, 0
35146, 1, 4, 3, 1, 1, 0
35147, 0, 1, 0, 1, 0, 0
35148, 0, 1, 0, 1, 0, 0
35149, 0, 1, 0, 1, 0, 0
35150, 0, 1, 0, 1, 0, 0
35151, 0, 1, 1, 0, 0, 0
35152, 0, 3, 0, 3, 0, 0
35153, 0, 1, 1, 0, 0, 0
35154, 0, 1, 1, 0, 0, 0
35155, 0, 1, 0, 1, 0, 0
35156, 0, 1, 0, 1, 0, 0
59907, 3, 1, 1, 0, 2, 1
96170, 2, 1, 1, 0, 2, 0
97116, 1, 1, 1, 0, 0, 1
98674, 0, 1, 1, 0, 0, 0
101152, 0, 1, 1, 0, 0, 0
107358, 0, 1, 1, 0, 0, 0
107657, 1, 1, 1, 0, 1, 0
107938, 0, 1, 1, 0, 0, 0
108740, 1, 1, 1, 0, 1, 0
109021, 0, 1, 1, 0, 0, 0
109268, 0, 1, 1, 0, 0, 0
109493, 1, 1, 1, 0, 1, 0
109776, 0, 1, 1, 0, 0, 0
110078, 0, 1, 1, 0, 0, 0
110188, 0, 1, 1, 0, 0, 0
115381, 0, 1, 1, 0, 0, 0
116484, 1, 1, 1, 0, 1, 0
120332, 0, 1, 1, 0, 0, 0
124883, 0, 1, 1, 0, 0, 0
126708, 0, 1, 1, 0, 0, 0
37298, 2, 6, 6, 0, 2, 0
37649, 1, 5, 5, 0, 1, 0
37993, 10, 8, 8, 0, 10, 0
37996, 22, 11, 11, 0, 22, 0
38033, 13, 7, 7, 0, 13, 0
38691, 0, 3, 3, 0, 0, 0
38692, 2, 1, 1, 0, 1, 1
7877, 1, 0, 0, 0, 1, 0
7878, 4, 1, 1, 0, 4, 0
93372, 0, 1, 1, 0, 0, 0
7882, 9, 9, 9, 0, 9, 0
26636, 3, 2, 2, 0, 3, 0
19742, 2, 5, 3, 2, 2, 0
87379, 1, 2, 2, 0, 1, 0
7885, 1, 0, 0, 0, 1, 0
7886, 1, 0, 0, 0, 0, 1
7887, 1, 0, 0, 0, 1, 0
7888, 3, 2, 2, 0, 3, 0
7889, 1, 0, 0, 0, 1, 0
7891, 1, 0, 0, 0, 1, 0
7892, 1, 0, 0, 0, 0, 1
7894, 1, 1, 1, 0, 1, 0
7895, 8, 4, 4, 0, 5, 3
8054, 3, 1, 1, 0, 3, 0
8055, 0, 2, 2, 0, 0, 0
7896, 1, 0, 0, 0, 1, 0
7897, 11, 4, 4, 0, 11, 0
16953, 10, 3, 3, 0, 8, 2
7899, 21, 0, 0, 0, 14, 7
7903, 11, 19, 17, 2, 11, 0
7912, 0, 2, 2, 0, 0, 0
7913, 1, 1, 1, 0, 1, 0
7915, 1, 1, 0, 1, 1, 0
78970, 1, 2, 2, 0, 1, 0
78971, 0, 1, 1, 0, 0, 0
78972, 0, 1, 1, 0, 0, 0
108030, 0, 1, 1, 0, 0, 0
12608, 0, 9, 8, 1, 0, 0
14268, 29, 13, 13, 0, 28, 1
67644, 4, 8, 8, 0, 4, 0
69699, 12, 3, 3, 0, 12, 0
77495, 0, 1, 1, 0, 0, 0
28057, 1, 5, 3, 2, 1, 0
68975, 22, 5, 5, 0, 22, 0
81772, 0, 2, 2, 0, 0, 0
87371, 0, 1, 1, 0, 0, 0
68365, 0, 1, 1, 0, 0, 0
12038, 3, 7, 7, 0, 3, 0
63596, 2, 1, 1, 0, 2, 0
45334, 32, 6, 6, 0, 32, 0
35107, 0, 2, 1, 1, 0, 0
35108, 2, 2, 2, 0, 2, 0
29218, 4, 7, 4, 3, 3, 1
36508, 1, 2, 2, 0, 1, 0
56818, 0, 1, 0, 1, 0, 0
56819, 0, 1, 0, 1, 0, 0
56820, 2, 1, 0, 1, 1, 1
21460, 7, 11, 11, 0, 7, 0
26850, 5, 6, 6, 0, 4, 1
45945, 6, 6, 6, 0, 6, 0
72883, 7, 12, 11, 1, 7, 0
77602, 1, 3, 3, 0, 1, 0
88921, 0, 1, 1, 0, 0, 0
88922, 0, 1, 1, 0, 0, 0
7916, 1, 0, 0, 0, 1, 0
7917, 1, 0, 0, 0, 1, 0
7919, 1, 0, 0, 0, 1, 0
7920, 0, 1, 1, 0, 0, 0
110399, 0, 1, 0, 1, 0, 0
7926, 1, 0, 0, 0, 1, 0
7927, 1, 0, 0, 0, 1, 0
77641, 0, 1, 0, 1, 0, 0
77642, 0, 1, 0, 1, 0, 0
7931, 1, 0, 0, 0, 1, 0
7932, 1, 0, 0, 0, 0, 1
7933, 1, 0, 0, 0, 1, 0
46232, 0, 1, 1, 0, 0, 0
46233, 0, 1, 1, 0, 0, 0
8771, 7, 10, 9, 1, 7, 0
36621, 1, 8, 8, 0, 1, 0
50746, 0, 5, 5, 0, 0, 0
50747, 1, 2, 2, 0, 1, 0
50748, 0, 1, 1, 0, 0, 0
42743, 1, 2, 2, 0, 1, 0
54514, 9, 3, 3, 0, 9, 0
56892, 0, 2, 2, 0, 0, 0
24020, 1, 2, 0, 2, 0, 1
28255, 0, 1, 0, 1, 0, 0
7940, 1, 0, 0, 0, 1, 0
7941, 0, 1, 1, 0, 0, 0
10112, 5, 5, 5, 0, 3, 2
7944, 1, 0, 0, 0, 0, 1
7945, 1, 0, 0, 0, 1, 0
7946, 0, 2, 2, 0, 0, 0
7947, 1, 1, 1, 0, 1, 0
7948, 16, 3, 3, 0, 11, 5
19306, 9, 5, 5, 0, 7, 2
20693, 0, 3, 1, 2, 0, 0
98814, 0, 3, 2, 1, 0, 0
7950, 1, 0, 0, 0, 1, 0
7951, 0, 1, 1, 0, 0, 0
7954, 1, 0, 0, 0, 1, 0
7957, 1, 0, 0, 0, 1, 0
7958, 1, 0, 0, 0, 1, 0
7959, 0, 1, 1, 0, 0, 0
7960, 1, 0, 0, 0, 1, 0
7961, 0, 3, 3, 0, 0, 0
7962, 1, 0, 0, 0, 1, 0
7963, 3, 13, 13, 0, 3, 0
126983, 0, 1, 1, 0, 0, 0
7964, 1, 0, 0, 0, 0, 1
7965, 1, 2, 1, 1, 1, 0
105211, 0, 1, 0, 1, 0, 0
20823, 4, 1, 1, 0, 3, 1
75522, 1, 1, 1, 0, 1, 0
76086, 0, 1, 1, 0, 0, 0
76087, 0, 1, 0, 1, 0, 0
7968, 1, 0, 0, 0, 1, 0
7969, 0, 2, 2, 0, 0, 0
7970, 1, 0, 0, 0, 1, 0
59933, 0, 2, 0, 2, 0, 0
59934, 0, 1, 1, 0, 0, 0
7972, 1, 0, 0, 0, 0, 1
36766, 62, 7, 4, 3, 62, 0
57702, 5, 3, 2, 1, 5, 0
62654, 13, 2, 2, 0, 13, 0
75102, 2, 6, 6, 0, 2, 0
76289, 6, 2, 2, 0, 5, 1
13438, 24, 22, 19, 3, 18, 6
79547, 0, 2, 2, 0, 0, 0
79548, 0, 1, 1, 0, 0, 0
79549, 0, 1, 1, 0, 0, 0
79550, 0, 1, 0, 1, 0, 0
79551, 0, 1, 0, 1, 0, 0
79552, 3, 7, 5, 2, 3, 0
79553, 0, 1, 0, 1, 0, 0
53984, 35, 18, 15, 3, 35, 0
115262, 1, 1, 1, 0, 1, 0
7977, 1, 1, 1, 0, 1, 0
7978, 15, 4, 4, 0, 15, 0
9797, 1, 3, 3, 0, 1, 0
9798, 11, 6, 6, 0, 10, 1
10550, 5, 4, 4, 0, 5, 0
7979, 1, 0, 0, 0, 1, 0
7980, 1, 0, 0, 0, 1, 0
7981, 1, 8, 6, 2, 1, 0
13138, 0, 1, 1, 0, 0, 0
11371, 14, 3, 3, 0, 14, 0
14599, 2, 1, 0, 1, 2, 0
10527, 4, 4, 4, 0, 4, 0
7991, 1, 0, 0, 0, 1, 0
7992, 4, 1, 0, 1, 4, 0
7993, 1, 0, 0, 0, 0, 1
7996, 2, 0, 0, 0, 1, 1
17179, 5, 6, 6, 0, 5, 0
19068, 3, 6, 6, 0, 3, 0
34646, 2, 19, 19, 0, 2, 0
44762, 55, 31, 31, 0, 55, 0
44763, 109, 56, 56, 0, 109, 0
44765, 47, 40, 40, 0, 47, 0
44769, 26, 46, 46, 0, 26, 0
44791, 72, 61, 61, 0, 72, 0
44793, 6, 13, 13, 0, 6, 0
44800, 45, 48, 48, 0, 45, 0
50499, 4, 2, 2, 0, 4, 0
57575, 4, 4, 4, 0, 4, 0
69830, 1, 5, 5, 0, 1, 0
74735, 5, 3, 3, 0, 5, 0
74811, 1, 10, 10, 0, 1, 0
74812, 3, 9, 9, 0, 3, 0
74899, 2, 3, 3, 0, 2, 0
75424, 31, 18, 18, 0, 31, 0
75425, 0, 5, 5, 0, 0, 0
75954, 2, 5, 5, 0, 2, 0
75955, 1, 6, 6, 0, 1, 0
76890, 7, 3, 3, 0, 7, 0
44766, 33, 16, 16, 0, 33, 0
44816, 2, 24, 24, 0, 2, 0
68636, 5, 12, 12, 0, 4, 1
73078, 3, 3, 3, 0, 3, 0
74397, 20, 6, 6, 0, 20, 0
75427, 0, 8, 8, 0, 0, 0
54593, 0, 2, 2, 0, 0, 0
8000, 1, 0, 0, 0, 1, 0
8001, 2, 0, 0, 0, 0, 2
8002, 0, 1, 0, 1, 0, 0
54520, 30, 13, 13, 0, 29, 1
56767, 1, 7, 7, 0, 1, 0
64357, 4, 6, 6, 0, 4, 0
64363, 4, 3, 3, 0, 4, 0
68232, 2, 2, 2, 0, 2, 0
72551, 3, 23, 23, 0, 3, 0
18196, 13, 9, 9, 0, 13, 0
22764, 4, 2, 2, 0, 4, 0
33617, 0, 2, 2, 0, 0, 0
33618, 0, 1, 1, 0, 0, 0
62526, 0, 1, 1, 0, 0, 0
20868, 5, 4, 4, 0, 5, 0
38916, 0, 3, 0, 3, 0, 0
45171, 0, 4, 4, 0, 0, 0
58682, 3, 3, 3, 0, 3, 0
61242, 0, 2, 0, 2, 0, 0
63070, 0, 3, 3, 0, 0, 0
114749, 6, 4, 3, 1, 6, 0
65677, 1, 3, 2, 1, 1, 0
8010, 1, 0, 0, 0, 1, 0
8011, 0, 1, 1, 0, 0, 0
8012, 1, 0, 0, 0, 1, 0
8013, 0, 1, 1, 0, 0, 0
8014, 1, 0, 0, 0, 1, 0
8016, 4, 0, 0, 0, 4, 0
16912, 1, 4, 2, 2, 1, 0
19287, 0, 4, 3, 1, 0, 0
19291, 2, 1, 0, 1, 0, 2
19292, 0, 1, 0, 1, 0, 0
116230, 14, 6, 6, 0, 14, 0
8020, 1, 0, 0, 0, 1, 0
8023, 2, 0, 0, 0, 0, 2
8024, 0, 2, 1, 1, 0, 0
8025, 1, 0, 0, 0, 1, 0
8027, 1, 0, 0, 0, 1, 0
8029, 2, 0, 0, 0, 2, 0
94470, 2, 3, 3, 0, 2, 0
8030, 1, 1, 1, 0, 1, 0
20697, 1, 1, 1, 0, 1, 0
98679, 5, 4, 4, 0, 5, 0
106192, 46, 3, 3, 0, 46, 0
109279, 0, 5, 5, 0, 0, 0
119382, 0, 1, 1, 0, 0, 0
42140, 2, 2, 2, 0, 1, 1
120333, 1, 1, 1, 0, 1, 0
8033, 1, 0, 0, 0, 0, 1
62226, 0, 1, 1, 0, 0, 0
8038, 1, 0, 0, 0, 1, 0
8039, 8, 1, 1, 0, 7, 1
33436, 0, 2, 2, 0, 0, 0
66605, 1, 2, 2, 0, 1, 0
108214, 0, 1, 1, 0, 0, 0
108215, 0, 1, 0, 1, 0, 0
108216, 0, 1, 1, 0, 0, 0
108217, 0, 1, 1, 0, 0, 0
8040, 1, 2, 2, 0, 1, 0
17297, 2, 2, 0, 2, 2, 0
17298, 0, 2, 2, 0, 0, 0
8042, 1, 0, 0, 0, 0, 1
8043, 0, 1, 0, 1, 0, 0
8044, 1, 0, 0, 0, 1, 0
51041, 1, 2, 2, 0, 1, 0
63511, 9, 15, 14, 1, 8, 1
8046, 1, 0, 0, 0, 0, 1
8047, 19, 9, 8, 1, 19, 0
77097, 1, 1, 1, 0, 1, 0
77139, 1, 1, 1, 0, 1, 0
78478, 7, 6, 6, 0, 6, 1
8048, 1, 0, 0, 0, 0, 1
8499, 3, 5, 4, 1, 1, 2
39468, 2, 2, 2, 0, 2, 0
39469, 5, 3, 3, 0, 5, 0
48234, 6, 5, 5, 0, 5, 1
8050, 2, 0, 0, 0, 1, 1
59382, 10, 11, 10, 1, 10, 0
62151, 2, 1, 1, 0, 2, 0
64684, 6, 5, 5, 0, 6, 0
72945, 3, 6, 6, 0, 3, 0
8052, 1, 0, 0, 0, 1, 0
8053, 0, 1, 1, 0, 0, 0
8056, 1, 0, 0, 0, 0, 1
8057, 4, 3, 0, 3, 1, 3
8058, 0, 2, 1, 1, 0, 0
8059, 0, 2, 1, 1, 0, 0
21571, 1, 2, 2, 0, 1, 0
8061, 1, 0, 0, 0, 1, 0
8063, 1, 0, 0, 0, 1, 0
8064, 1, 0, 0, 0, 0, 1
8065, 0, 1, 0, 1, 0, 0
8067, 1, 0, 0, 0, 1, 0
8068, 2, 0, 0, 0, 2, 0
8069, 1, 0, 0, 0, 1, 0
8072, 0, 3, 3, 0, 0, 0
8074, 0, 1, 0, 1, 0, 0
8075, 0, 1, 1, 0, 0, 0
8076, 0, 1, 1, 0, 0, 0
8077, 2, 0, 0, 0, 2, 0
14885, 3, 5, 4, 1, 3, 0
58291, 0, 2, 2, 0, 0, 0
8080, 1, 0, 0, 0, 1, 0
8082, 1, 0, 0, 0, 1, 0
8084, 1, 0, 0, 0, 1, 0
23718, 4, 1, 0, 1, 3, 1
121304, 0, 1, 0, 1, 0, 0
8086, 1, 0, 0, 0, 1, 0
8088, 1, 0, 0, 0, 1, 0
8089, 1, 0, 0, 0, 1, 0
8090, 1, 0, 0, 0, 1, 0
8092, 2, 1, 0, 1, 0, 2
8093, 0, 1, 0, 1, 0, 0
8094, 1, 0, 0, 0, 1, 0
8095, 1, 2, 1, 1, 1, 0
8096, 1, 0, 0, 0, 1, 0
8097, 1, 0, 0, 0, 0, 1
8098, 1, 2, 2, 0, 1, 0
8099, 3, 3, 3, 0, 3, 0
26116, 1, 1, 1, 0, 1, 0
26187, 0, 1, 1, 0, 0, 0
8100, 1, 0, 0, 0, 1, 0
8101, 1, 0, 0, 0, 1, 0
8102, 1, 5, 5, 0, 1, 0
8103, 5, 0, 0, 0, 5, 0
8105, 1, 4, 4, 0, 1, 0
8106, 1, 0, 0, 0, 1, 0
17539, 4, 8, 8, 0, 4, 0
22316, 1, 1, 1, 0, 1, 0
8108, 1, 0, 0, 0, 1, 0
8109, 1, 1, 1, 0, 1, 0
8110, 2, 4, 3, 1, 2, 0
13411, 1, 1, 1, 0, 1, 0
8111, 1, 0, 0, 0, 1, 0
19926, 5, 1, 1, 0, 4, 1
20167, 0, 1, 1, 0, 0, 0
41821, 1, 6, 4, 2, 1, 0
76602, 0, 1, 1, 0, 0, 0
76603, 0, 1, 0, 1, 0, 0
114625, 0, 1, 1, 0, 0, 0
8116, 4, 1, 1, 0, 4, 0
8117, 1, 1, 1, 0, 1, 0
8118, 1, 1, 1, 0, 1, 0
8121, 1, 0, 0, 0, 0, 1
8122, 0, 2, 1, 1, 0, 0
8123, 1, 0, 0, 0, 1, 0
8126, 1, 0, 0, 0, 1, 0
8127, 2, 0, 0, 0, 2, 0
8128, 2, 0, 0, 0, 0, 2
109430, 6, 2, 1, 1, 5, 1
116694, 1, 1, 1, 0, 0, 1
8132, 1, 0, 0, 0, 1, 0
16009, 5, 1, 1, 0, 4, 1
27961, 7, 1, 1, 0, 7, 0
28362, 10, 4, 4, 0, 10, 0
32586, 1, 2, 2, 0, 1, 0
53133, 5, 6, 6, 0, 5, 0
53795, 1, 1, 1, 0, 1, 0
54291, 4, 3, 3, 0, 4, 0
54292, 4, 5, 5, 0, 4, 0
85816, 0, 1, 1, 0, 0, 0
96683, 1, 6, 6, 0, 1, 0
8138, 1, 0, 0, 0, 0, 1
8139, 0, 2, 0, 2, 0, 0
8140, 1, 0, 0, 0, 1, 0
8142, 1, 0, 0, 0, 0, 1
11619, 20, 16, 16, 0, 20, 0
35169, 10, 11, 10, 1, 10, 0
44001, 4, 3, 2, 1, 4, 0
71970, 16, 14, 13, 1, 16, 0
74972, 6, 4, 4, 0, 6, 0
8144, 5, 0, 0, 0, 5, 0
8146, 3, 2, 2, 0, 3, 0
12013, 14, 8, 6, 2, 12, 2
37687, 2, 1, 0, 1, 2, 0
39249, 0, 5, 4, 1, 0, 0
8150, 2, 2, 2, 0, 2, 0
8151, 1, 0, 0, 0, 1, 0
8152, 0, 1, 1, 0, 0, 0
8153, 1, 0, 0, 0, 0, 1
8154, 1, 0, 0, 0, 0, 1
8155, 1, 0, 0, 0, 1, 0
33345, 1, 2, 2, 0, 1, 0
92673, 0, 1, 0, 1, 0, 0
111313, 0, 1, 0, 1, 0, 0
8157, 1, 0, 0, 0, 1, 0
8159, 1, 0, 0, 0, 0, 1
8160, 0, 1, 0, 1, 0, 0
8161, 3, 0, 0, 0, 2, 1
8162, 1, 0, 0, 0, 1, 0
44315, 0, 1, 1, 0, 0, 0
8164, 1, 0, 0, 0, 1, 0
8167, 1, 0, 0, 0, 1, 0
8168, 1, 0, 0, 0, 1, 0
10147, 0, 5, 1, 4, 0, 0
30618, 7, 3, 3, 0, 5, 2
35379, 11, 3, 3, 0, 7, 4
59745, 1, 3, 3, 0, 1, 0
93014, 0, 1, 0, 1, 0, 0
93015, 0, 1, 0, 1, 0, 0
93016, 0, 1, 0, 1, 0, 0
8170, 1, 0, 0, 0, 1, 0
8171, 1, 0, 0, 0, 1, 0
28857, 13, 4, 4, 0, 12, 1
23632, 0, 1, 0, 1, 0, 0
23633, 2, 1, 0, 1, 2, 0
43341, 0, 2, 2, 0, 0, 0
8177, 3, 0, 0, 0, 1, 2
8178, 0, 1, 0, 1, 0, 0
8180, 2, 0, 0, 0, 2, 0
8181, 0, 1, 1, 0, 0, 0
8182, 1, 1, 1, 0, 1, 0
113467, 0, 1, 1, 0, 0, 0
8184, 1, 0, 0, 0, 1, 0
8186, 1, 1, 0, 1, 0, 1
8188, 1, 0, 0, 0, 1, 0
8189, 1, 2, 2, 0, 0, 1
16058, 0, 1, 1, 0, 0, 0
8191, 1, 0, 0, 0, 1, 0
50429, 1, 4, 3, 1, 1, 0
8194, 1, 0, 0, 0, 1, 0
8195, 1, 0, 0, 0, 0, 1
128694, 1, 1, 1, 0, 1, 0
8198, 1, 0, 0, 0, 0, 1
8199, 0, 2, 1, 1, 0, 0
8200, 1, 0, 0, 0, 1, 0
8201, 0, 1, 1, 0, 0, 0
8202, 1, 0, 0, 0, 1, 0
8203, 1, 0, 0, 0, 1, 0
8206, 1, 2, 2, 0, 1, 0
81088, 0, 4, 4, 0, 0, 0
8207, 4, 0, 0, 0, 2, 2
37628, 0, 3, 3, 0, 0, 0
11935, 1, 4, 4, 0, 1, 0
13777, 0, 2, 2, 0, 0, 0
14255, 2, 7, 7, 0, 1, 1
32997, 1, 2, 2, 0, 1, 0
33766, 0, 3, 3, 0, 0, 0
35228, 2, 2, 2, 0, 2, 0
36160, 3, 3, 3, 0, 3, 0
37149, 4, 2, 2, 0, 4, 0
37804, 2, 1, 1, 0, 2, 0
38297, 1, 2, 2, 0, 1, 0
39027, 5, 5, 2, 3, 3, 2
40775, 5, 5, 5, 0, 5, 0
41422, 4, 6, 6, 0, 3, 1
43775, 1, 3, 3, 0, 1, 0
44107, 0, 4, 4, 0, 0, 0
49834, 1, 3, 3, 0, 1, 0
49884, 2, 1, 0, 1, 0, 2
49945, 4, 4, 4, 0, 4, 0
50095, 0, 1, 1, 0, 0, 0
50096, 0, 1, 1, 0, 0, 0
50097, 1, 2, 2, 0, 1, 0
50098, 0, 1, 1, 0, 0, 0
50099, 0, 1, 1, 0, 0, 0
50100, 0, 2, 2, 0, 0, 0
50101, 5, 3, 3, 0, 4, 1
50102, 0, 1, 1, 0, 0, 0
12850, 6, 6, 6, 0, 6, 0
19374, 9, 8, 7, 1, 8, 1
44876, 3, 5, 5, 0, 3, 0
48301, 1, 6, 6, 0, 1, 0
54651, 3, 2, 2, 0, 3, 0
58707, 1, 2, 2, 0, 1, 0
8211, 1, 0, 0, 0, 1, 0
8213, 0, 1, 1, 0, 0, 0
8214, 1, 0, 0, 0, 1, 0
8216, 1, 0, 0, 0, 1, 0
15370, 1, 1, 1, 0, 1, 0
15545, 2, 1, 1, 0, 2, 0
18517, 3, 4, 4, 0, 3, 0
25964, 2, 2, 2, 0, 2, 0
40190, 0, 3, 2, 1, 0, 0
70863, 1, 5, 4, 1, 1, 0
8226, 1, 0, 0, 0, 0, 1
8227, 2, 0, 0, 0, 0, 2
8228, 1, 0, 0, 0, 1, 0
8229, 1, 0, 0, 0, 1, 0
59313, 2, 2, 1, 1, 2, 0
8231, 1, 0, 0, 0, 1, 0
30930, 0, 3, 3, 0, 0, 0
30933, 0, 2, 2, 0, 0, 0
30934, 1, 1, 1, 0, 1, 0
30935, 0, 1, 1, 0, 0, 0
30938, 0, 1, 1, 0, 0, 0
30939, 0, 2, 2, 0, 0, 0
30940, 3, 3, 3, 0, 3, 0
30941, 0, 2, 2, 0, 0, 0
30942, 3, 1, 1, 0, 3, 0
8234, 2, 0, 0, 0, 1, 1
8236, 2, 2, 2, 0, 1, 1
8237, 2, 3, 1, 2, 1, 1
52502, 1, 1, 1, 0, 0, 1
58088, 0, 1, 1, 0, 0, 0
58089, 0, 3, 3, 0, 0, 0
125388, 0, 1, 0, 1, 0, 0
8240, 1, 0, 0, 0, 0, 1
8241, 14, 0, 0, 0, 14, 0
8243, 6, 6, 6, 0, 6, 0
8245, 0, 3, 3, 0, 0, 0
42754, 0, 3, 3, 0, 0, 0
8247, 2, 0, 0, 0, 2, 0
8249, 1, 0, 0, 0, 0, 1
8250, 2, 0, 0, 0, 2, 0
8251, 1, 0, 0, 0, 0, 1
8252, 1, 0, 0, 0, 1, 0
8253, 0, 1, 1, 0, 0, 0
8254, 1, 0, 0, 0, 1, 0
8255, 4, 3, 2, 1, 4, 0
8256, 1, 0, 0, 0, 1, 0
10769, 11, 15, 15, 0, 11, 0
48335, 4, 5, 5, 0, 4, 0
67085, 0, 2, 2, 0, 0, 0
67086, 1, 4, 4, 0, 1, 0
8265, 1, 0, 0, 0, 1, 0
57494, 8, 8, 8, 0, 8, 0
69925, 2, 3, 3, 0, 2, 0
8267, 1, 0, 0, 0, 1, 0
8269, 1, 0, 0, 0, 1, 0
8270, 0, 1, 1, 0, 0, 0
8271, 1, 0, 0, 0, 1, 0
8272, 1, 0, 0, 0, 1, 0
8273, 1, 3, 3, 0, 1, 0
8276, 3, 0, 0, 0, 2, 1
8278, 1, 1, 1, 0, 1, 0
8279, 1, 1, 1, 0, 1, 0
8280, 5, 0, 0, 0, 5, 0
60955, 0, 1, 1, 0, 0, 0
18203, 3, 5, 5, 0, 2, 1
53438, 1, 5, 4, 1, 1, 0
53583, 16, 13, 13, 0, 16, 0
58156, 10, 7, 6, 1, 10, 0
60763, 5, 5, 5, 0, 5, 0
62656, 9, 4, 4, 0, 9, 0
66091, 5, 3, 3, 0, 5, 0
67496, 14, 4, 4, 0, 14, 0
8283, 1, 0, 0, 0, 1, 0
8284, 1, 1, 1, 0, 1, 0
8285, 6, 2, 2, 0, 6, 0
8286, 1, 0, 0, 0, 1, 0
8287, 1, 0, 0, 0, 1, 0
8288, 0, 1, 1, 0, 0, 0
8289, 1, 0, 0, 0, 1, 0
8290, 1, 1, 0, 1, 1, 0
100508, 0, 1, 0, 1, 0, 0
26549, 0, 3, 2, 1, 0, 0
80160, 2, 1, 1, 0, 2, 0
80161, 0, 1, 1, 0, 0, 0
80162, 0, 1, 1, 0, 0, 0
8299, 3, 0, 0, 0, 2, 1
8300, 0, 4, 2, 2, 0, 0
8302, 1, 0, 0, 0, 1, 0
20391, 2, 4, 0, 4, 0, 2
35778, 0, 4, 0, 4, 0, 0
49063, 1, 2, 0, 2, 1, 0
50678, 0, 1, 0, 1, 0, 0
8304, 1, 3, 3, 0, 1, 0
8305, 1, 0, 0, 0, 0, 1
8306, 0, 4, 3, 1, 0, 0
8307, 1, 0, 0, 0, 1, 0
8308, 1, 0, 0, 0, 0, 1
8309, 1, 0, 0, 0, 0, 1
8310, 10, 3, 2, 1, 10, 0
8312, 0, 1, 1, 0, 0, 0
8315, 2, 5, 5, 0, 2, 0
8317, 1, 1, 1, 0, 1, 0
72572, 0, 6, 4, 2, 0, 0
86419, 0, 1, 1, 0, 0, 0
116514, 0, 1, 1, 0, 0, 0
16510, 2, 10, 8, 2, 1, 1
17939, 0, 2, 0, 2, 0, 0
35254, 0, 1, 0, 1, 0, 0
100616, 5, 3, 2, 1, 5, 0
8318, 1, 0, 0, 0, 1, 0
8319, 3, 0, 0, 0, 3, 0
8321, 0, 1, 1, 0, 0, 0
102135, 1, 1, 1, 0, 1, 0
15935, 1, 1, 1, 0, 1, 0
8322, 1, 0, 0, 0, 0, 1
9961, 8, 7, 7, 0, 7, 1
24495, 3, 3, 3, 0, 3, 0
26841, 0, 3, 3, 0, 0, 0
41191, 6, 5, 5, 0, 6, 0
47168, 5, 7, 7, 0, 3, 2
58904, 5, 6, 6, 0, 5, 0
68711, 1, 1, 1, 0, 1, 0
69938, 5, 4, 4, 0, 5, 0
72680, 0, 3, 3, 0, 0, 0
73195, 15, 4, 4, 0, 15, 0
73220, 0, 3, 3, 0, 0, 0
75184, 0, 2, 2, 0, 0, 0
76223, 0, 6, 6, 0, 0, 0
82573, 1, 2, 2, 0, 1, 0
86445, 1, 4, 4, 0, 1, 0
87199, 2, 1, 1, 0, 2, 0
87343, 3, 3, 3, 0, 3, 0
90066, 0, 2, 2, 0, 0, 0
90737, 2, 1, 1, 0, 2, 0
90743, 1, 1, 1, 0, 1, 0
93017, 0, 1, 1, 0, 0, 0
93018, 0, 1, 1, 0, 0, 0
93019, 0, 1, 1, 0, 0, 0
93020, 0, 1, 1, 0, 0, 0
93021, 0, 1, 1, 0, 0, 0
93022, 0, 1, 1, 0, 0, 0
93023, 0, 1, 1, 0, 0, 0
93024, 0, 1, 1, 0, 0, 0
93025, 0, 1, 1, 0, 0, 0
93026, 0, 1, 1, 0, 0, 0
93027, 0, 1, 1, 0, 0, 0
93028, 0, 1, 1, 0, 0, 0
8324, 1, 1, 1, 0, 1, 0
8325, 10, 1, 1, 0, 10, 0
8535, 1, 1, 1, 0, 1, 0
8326, 1, 0, 0, 0, 1, 0
8327, 9, 17, 17, 0, 9, 0
8328, 1, 0, 0, 0, 1, 0
8329, 1, 1, 1, 0, 1, 0
14821, 2, 3, 3, 0, 2, 0
8331, 1, 0, 0, 0, 0, 1
25422, 2, 1, 1, 0, 2, 0
8334, 1, 0, 0, 0, 0, 1
8335, 2, 0, 0, 0, 0, 2
27417, 4, 2, 2, 0, 4, 0
12764, 1, 2, 2, 0, 1, 0
32865, 7, 13, 13, 0, 7, 0
33562, 6, 2, 2, 0, 6, 0
90234, 0, 1, 1, 0, 0, 0
90235, 0, 1, 1, 0, 0, 0
8338, 1, 0, 0, 0, 0, 1
24390, 0, 2, 2, 0, 0, 0
28577, 1, 1, 1, 0, 1, 0
35005, 1, 1, 1, 0, 1, 0
8340, 1, 0, 0, 0, 0, 1
8341, 1, 0, 0, 0, 1, 0
8342, 1, 0, 0, 0, 1, 0
8343, 0, 1, 1, 0, 0, 0
8344, 1, 0, 0, 0, 1, 0
8346, 5, 1, 1, 0, 5, 0
8349, 0, 1, 1, 0, 0, 0
9268, 1, 1, 1, 0, 1, 0
9810, 3, 1, 1, 0, 3, 0
8351, 2, 0, 0, 0, 2, 0
8354, 1, 0, 0, 0, 0, 1
8355, 2, 0, 0, 0, 2, 0
8356, 0, 1, 1, 0, 0, 0
8360, 4, 0, 0, 0, 1, 3
8362, 1, 2, 2, 0, 1, 0
26040, 4, 2, 2, 0, 4, 0
57974, 0, 2, 2, 0, 0, 0
65223, 1, 1, 1, 0, 1, 0
38105, 6, 6, 5, 1, 6, 0
56024, 0, 4, 1, 3, 0, 0
84029, 2, 1, 0, 1, 2, 0
84030, 0, 1, 0, 1, 0, 0
8365, 1, 0, 0, 0, 1, 0
8366, 1, 1, 0, 1, 1, 0
8368, 1, 0, 0, 0, 1, 0
8369, 1, 3, 3, 0, 1, 0
8370, 1, 0, 0, 0, 0, 1
8372, 1, 2, 2, 0, 1, 0
8376, 1, 0, 0, 0, 0, 1
8378, 1, 0, 0, 0, 1, 0
8379, 1, 0, 0, 0, 0, 1
8380, 0, 2, 1, 1, 0, 0
8381, 1, 0, 0, 0, 0, 1
24728, 0, 4, 4, 0, 0, 0
33997, 0, 1, 1, 0, 0, 0
75101, 0, 2, 2, 0, 0, 0
75103, 0, 1, 1, 0, 0, 0
97612, 5, 4, 4, 0, 5, 0
100457, 4, 7, 5, 2, 4, 0
119765, 0, 2, 1, 1, 0, 0
122372, 0, 3, 3, 0, 0, 0
123376, 0, 1, 1, 0, 0, 0
123537, 0, 1, 1, 0, 0, 0
123546, 0, 2, 1, 1, 0, 0
123740, 0, 1, 1, 0, 0, 0
125420, 0, 1, 1, 0, 0, 0
8385, 1, 0, 0, 0, 0, 1
8386, 1, 0, 0, 0, 1, 0
8387, 1, 0, 0, 0, 1, 0
9213, 0, 3, 2, 1, 0, 0
11091, 0, 3, 2, 1, 0, 0
65962, 0, 2, 1, 1, 0, 0
70832, 1, 3, 2, 1, 1, 0
74335, 1, 1, 0, 1, 1, 0
89128, 0, 1, 0, 1, 0, 0
89129, 0, 1, 0, 1, 0, 0
89130, 0, 1, 0, 1, 0, 0
96249, 1, 1, 1, 0, 1, 0
69815, 2, 3, 3, 0, 2, 0
69816, 0, 2, 2, 0, 0, 0
8405, 5, 3, 3, 0, 4, 1
8603, 1, 1, 1, 0, 1, 0
9011, 1, 2, 1, 1, 0, 1
19461, 3, 2, 2, 0, 3, 0
22126, 4, 2, 2, 0, 4, 0
22127, 0, 1, 1, 0, 0, 0
22128, 0, 2, 2, 0, 0, 0
22129, 0, 1, 1, 0, 0, 0
22130, 0, 2, 1, 1, 0, 0
24462, 74, 19, 14, 5, 45, 29
8406, 1, 0, 0, 0, 1, 0
8407, 1, 11, 10, 1, 0, 1
60729, 2, 3, 2, 1, 1, 1
8408, 1, 0, 0, 0, 1, 0
8409, 2, 6, 6, 0, 0, 2
8410, 1, 0, 0, 0, 1, 0
8411, 0, 2, 2, 0, 0, 0
8412, 2, 0, 0, 0, 2, 0
8414, 12, 4, 4, 0, 12, 0
8507, 1, 2, 2, 0, 1, 0
36416, 2, 4, 4, 0, 2, 0
44868, 0, 2, 2, 0, 0, 0
8415, 1, 0, 0, 0, 0, 1
8416, 4, 0, 0, 0, 4, 0
8417, 1, 0, 0, 0, 1, 0
8419, 1, 0, 0, 0, 1, 0
8420, 4, 2, 2, 0, 4, 0
82909, 0, 1, 1, 0, 0, 0
82910, 0, 1, 1, 0, 0, 0
8421, 1, 0, 0, 0, 1, 0
8422, 1, 0, 0, 0, 1, 0
8423, 0, 2, 2, 0, 0, 0
8424, 1, 0, 0, 0, 1, 0
8426, 1, 1, 0, 1, 0, 1
10128, 3, 1, 1, 0, 3, 0
8428, 2, 0, 0, 0, 1, 1
8429, 1, 1, 1, 0, 1, 0
8431, 1, 0, 0, 0, 1, 0
8433, 0, 1, 1, 0, 0, 0
19798, 6, 7, 7, 0, 6, 0
85656, 3, 3, 3, 0, 3, 0
8436, 2, 0, 0, 0, 0, 2
8437, 1, 1, 0, 1, 0, 1
99489, 0, 1, 0, 1, 0, 0
8438, 2, 0, 0, 0, 1, 1
8439, 0, 1, 0, 1, 0, 0
8440, 1, 0, 0, 0, 1, 0
8451, 1, 1, 1, 0, 1, 0
8442, 1, 0, 0, 0, 1, 0
8444, 2, 0, 0, 0, 2, 0
8446, 1, 0, 0, 0, 0, 1
8447, 3, 0, 0, 0, 3, 0
8448, 3, 2, 2, 0, 3, 0
8452, 1, 2, 0, 2, 0, 1
22305, 17, 4, 4, 0, 14, 3
8454, 1, 0, 0, 0, 1, 0
102082, 0, 1, 1, 0, 0, 0
8456, 2, 0, 0, 0, 2, 0
8457, 0, 1, 1, 0, 0, 0
8458, 1, 0, 0, 0, 0, 1
8459, 2, 2, 1, 1, 2, 0
8460, 1, 0, 0, 0, 1, 0
8461, 0, 1, 1, 0, 0, 0
8462, 2, 0, 0, 0, 1, 1
8463, 0, 1, 0, 1, 0, 0
8464, 0, 1, 1, 0, 0, 0
8465, 1, 0, 0, 0, 0, 1
8468, 2, 0, 0, 0, 2, 0
8469, 1, 0, 0, 0, 0, 1
8470, 0, 2, 1, 1, 0, 0
8471, 1, 0, 0, 0, 0, 1
8472, 1, 0, 0, 0, 1, 0
8473, 2, 0, 0, 0, 2, 0
8645, 1, 1, 1, 0, 1, 0
8657, 1, 2, 2, 0, 1, 0
8475, 1, 0, 0, 0, 1, 0
8476, 0, 1, 1, 0, 0, 0
8477, 2, 0, 0, 0, 2, 0
8478, 2, 2, 2, 0, 2, 0
8479, 5, 2, 2, 0, 5, 0
17177, 0, 2, 2, 0, 0, 0
8480, 6, 0, 0, 0, 6, 0
32897, 1, 1, 0, 1, 1, 0
35884, 1, 4, 4, 0, 0, 1
47786, 6, 5, 5, 0, 6, 0
53432, 3, 2, 2, 0, 3, 0
61387, 11, 1, 1, 0, 9, 2
63284, 7, 2, 1, 1, 7, 0
8485, 1, 0, 0, 0, 1, 0
8487, 2, 0, 0, 0, 2, 0
19569, 0, 2, 2, 0, 0, 0
8489, 1, 0, 0, 0, 1, 0
8490, 1, 0, 0, 0, 1, 0
8491, 1, 0, 0, 0, 1, 0
8493, 1, 0, 0, 0, 1, 0
17713, 14, 14, 14, 0, 14, 0
8495, 2, 0, 0, 0, 2, 0
99851, 4, 2, 2, 0, 4, 0
102520, 6, 2, 2, 0, 6, 0
102567, 3, 3, 3, 0, 3, 0
102935, 6, 1, 1, 0, 6, 0
103472, 9, 2, 2, 0, 9, 0
104102, 3, 6, 6, 0, 3, 0
25348, 7, 4, 4, 0, 7, 0
25350, 0, 1, 1, 0, 0, 0
25351, 0, 1, 1, 0, 0, 0
8498, 1, 1, 0, 1, 1, 0
8500, 1, 0, 0, 0, 1, 0
8501, 1, 1, 0, 1, 1, 0
8503, 1, 0, 0, 0, 1, 0
8505, 1, 0, 0, 0, 0, 1
65665, 0, 4, 4, 0, 0, 0
66330, 1, 2, 2, 0, 1, 0
66411, 0, 2, 2, 0, 0, 0
66412, 0, 2, 2, 0, 0, 0
66413, 1, 3, 3, 0, 1, 0
66415, 0, 1, 1, 0, 0, 0
66416, 0, 1, 1, 0, 0, 0
66417, 0, 1, 1, 0, 0, 0
66418, 0, 1, 1, 0, 0, 0
66419, 0, 1, 1, 0, 0, 0
66420, 0, 1, 1, 0, 0, 0
66421, 0, 1, 1, 0, 0, 0
66422, 0, 1, 1, 0, 0, 0
66423, 0, 1, 1, 0, 0, 0
8508, 1, 0, 0, 0, 0, 1
8511, 0, 1, 1, 0, 0, 0
8512, 1, 0, 0, 0, 1, 0
8513, 1, 0, 0, 0, 1, 0
8514, 1, 0, 0, 0, 1, 0
8516, 1, 1, 0, 1, 1, 0
8517, 1, 0, 0, 0, 0, 1
91747, 1, 1, 1, 0, 1, 0
92762, 0, 1, 1, 0, 0, 0
8519, 1, 0, 0, 0, 0, 1
8520, 0, 1, 0, 1, 0, 0
14552, 0, 2, 1, 1, 0, 0
26600, 4, 6, 6, 0, 4, 0
43105, 15, 7, 7, 0, 15, 0
70028, 1, 9, 7, 2, 0, 1
92644, 0, 1, 0, 1, 0, 0
8522, 1, 0, 0, 0, 1, 0
8523, 1, 0, 0, 0, 0, 1
8525, 1, 0, 0, 0, 1, 0
103380, 0, 1, 0, 1, 0, 0
109812, 0, 1, 0, 1, 0, 0
117907, 0, 3, 1, 2, 0, 0
118290, 0, 1, 0, 1, 0, 0
118345, 3, 2, 0, 2, 3, 0
119336, 1, 2, 0, 2, 1, 0
123193, 0, 1, 0, 1, 0, 0
123734, 1, 1, 0, 1, 0, 1
124163, 0, 3, 0, 3, 0, 0
125000, 0, 1, 0, 1, 0, 0
130744, 0, 1, 1, 0, 0, 0
8529, 2, 2, 2, 0, 2, 0
8530, 2, 2, 2, 0, 2, 0
8532, 1, 1, 1, 0, 1, 0
21841, 8, 4, 4, 0, 8, 0
99003, 9, 1, 1, 0, 9, 0
8534, 1, 0, 0, 0, 0, 1
47837, 4, 2, 2, 0, 1, 3
51449, 52, 14, 12, 2, 51, 1
70046, 0, 1, 0, 1, 0, 0
70047, 0, 1, 0, 1, 0, 0
70048, 0, 1, 0, 1, 0, 0
70049, 0, 1, 0, 1, 0, 0
46289, 0, 31, 31, 0, 0, 0
52396, 4, 11, 11, 0, 4, 0
61734, 0, 3, 2, 1, 0, 0
61937, 2, 3, 2, 1, 2, 0
73266, 2, 3, 3, 0, 2, 0
8539, 2, 0, 0, 0, 2, 0
8540, 1, 1, 1, 0, 1, 0
96766, 0, 2, 1, 1, 0, 0
8542, 1, 0, 0, 0, 1, 0
8543, 0, 2, 2, 0, 0, 0
28967, 0, 1, 0, 1, 0, 0
28968, 0, 2, 0, 2, 0, 0
28970, 0, 1, 0, 1, 0, 0
28977, 0, 3, 0, 3, 0, 0
74072, 1, 2, 1, 1, 1, 0
36740, 0, 3, 0, 3, 0, 0
44588, 2, 1, 0, 1, 2, 0
8548, 2, 0, 0, 0, 0, 2
8549, 0, 2, 1, 1, 0, 0
8550, 11, 8, 7, 1, 11, 0
49189, 2, 7, 6, 1, 1, 1
72907, 2, 1, 1, 0, 2, 0
72935, 1, 1, 1, 0, 1, 0
72976, 2, 2, 2, 0, 2, 0
73000, 1, 1, 1, 0, 1, 0
74532, 0, 1, 1, 0, 0, 0
74533, 0, 1, 1, 0, 0, 0
8551, 1, 0, 0, 0, 1, 0
8553, 2, 0, 0, 0, 2, 0
8554, 1, 0, 0, 0, 1, 0
8555, 1, 0, 0, 0, 1, 0
8556, 1, 0, 0, 0, 0, 1
8557, 0, 1, 0, 1, 0, 0
8558, 4, 3, 3, 0, 4, 0
96287, 1, 2, 2, 0, 1, 0
100363, 0, 3, 3, 0, 0, 0
8559, 1, 0, 0, 0, 1, 0
8560, 0, 2, 2, 0, 0, 0
8561, 1, 0, 0, 0, 1, 0
8562, 1, 0, 0, 0, 0, 1
8564, 4, 1, 1, 0, 4, 0
62508, 3, 3, 3, 0, 3, 0
16023, 1, 1, 0, 1, 1, 0
16547, 0, 2, 1, 1, 0, 0
19250, 0, 2, 0, 2, 0, 0
20965, 0, 4, 0, 4, 0, 0
22252, 1, 7, 6, 1, 1, 0
79693, 0, 2, 0, 2, 0, 0
84602, 0, 1, 0, 1, 0, 0
8569, 1, 0, 0, 0, 1, 0
8570, 1, 2, 1, 1, 1, 0
8571, 1, 0, 0, 0, 1, 0
8572, 1, 0, 0, 0, 1, 0
8574, 1, 1, 0, 1, 0, 1
8575, 1, 0, 0, 0, 0, 1
8576, 1, 0, 0, 0, 1, 0
8577, 1, 0, 0, 0, 1, 0
8578, 2, 1, 1, 0, 1, 1
8579, 1, 0, 0, 0, 1, 0
8580, 1, 0, 0, 0, 1, 0
8581, 0, 1, 1, 0, 0, 0
8582, 2, 2, 2, 0, 1, 1
8584, 1, 0, 0, 0, 1, 0
8585, 14, 0, 0, 0, 14, 0
8588, 1, 0, 0, 0, 1, 0
8589, 1, 0, 0, 0, 1, 0
8590, 1, 0, 0, 0, 1, 0
8591, 1, 0, 0, 0, 1, 0
8592, 15, 3, 1, 2, 14, 1
29598, 0, 2, 2, 0, 0, 0
30983, 0, 1, 1, 0, 0, 0
30986, 0, 1, 1, 0, 0, 0
8593, 2, 0, 0, 0, 2, 0
8594, 1, 0, 0, 0, 1, 0
8595, 1, 1, 1, 0, 1, 0
8597, 1, 0, 0, 0, 1, 0
11414, 2, 4, 1, 3, 2, 0
8599, 1, 0, 0, 0, 1, 0
8600, 1, 0, 0, 0, 1, 0
8601, 1, 0, 0, 0, 1, 0
8602, 1, 0, 0, 0, 1, 0
8605, 2, 1, 1, 0, 2, 0
8609, 1, 0, 0, 0, 1, 0
8610, 0, 1, 1, 0, 0, 0
8611, 1, 0, 0, 0, 1, 0
8612, 2, 11, 10, 1, 1, 1
8613, 1, 0, 0, 0, 0, 1
8614, 1, 0, 0, 0, 1, 0
8615, 0, 3, 3, 0, 0, 0
19663, 5, 8, 7, 1, 5, 0
23708, 3, 1, 1, 0, 3, 0
30712, 0, 2, 2, 0, 0, 0
30715, 0, 2, 2, 0, 0, 0
8617, 2, 0, 0, 0, 2, 0
19193, 1, 1, 0, 1, 1, 0
26447, 2, 1, 0, 1, 2, 0
33804, 14, 11, 10, 1, 14, 0
46486, 0, 4, 1, 3, 0, 0
87160, 2, 3, 2, 1, 2, 0
92363, 0, 3, 2, 1, 0, 0
92364, 0, 1, 0, 1, 0, 0
125429, 1, 1, 0, 1, 0, 1
129577, 0, 1, 0, 1, 0, 0
8620, 2, 0, 0, 0, 2, 0
8621, 0, 1, 1, 0, 0, 0
8622, 0, 1, 1, 0, 0, 0
8623, 2, 0, 0, 0, 2, 0
8625, 1, 0, 0, 0, 1, 0
8626, 1, 0, 0, 0, 1, 0
27785, 1, 1, 1, 0, 1, 0
29195, 4, 1, 1, 0, 4, 0
65594, 1, 2, 2, 0, 1, 0
8628, 2, 1, 1, 0, 2, 0
8630, 2, 2, 2, 0, 2, 0
21287, 17, 5, 4, 1, 17, 0
8631, 1, 0, 0, 0, 0, 1
8632, 1, 0, 0, 0, 1, 0
8634, 1, 0, 0, 0, 1, 0
95129, 1, 2, 2, 0, 1, 0
8640, 1, 0, 0, 0, 1, 0
8641, 1, 0, 0, 0, 1, 0
8643, 1, 0, 0, 0, 1, 0
8644, 1, 0, 0, 0, 1, 0
8646, 1, 0, 0, 0, 1, 0
8648, 1, 0, 0, 0, 1, 0
8649, 0, 1, 1, 0, 0, 0
8650, 1, 0, 0, 0, 0, 1
54511, 6, 5, 5, 0, 5, 1
59359, 4, 5, 5, 0, 4, 0
8653, 1, 1, 1, 0, 1, 0
8654, 1, 0, 0, 0, 1, 0
30338, 1, 5, 0, 5, 0, 1
30350, 0, 5, 0, 5, 0, 0
49811, 0, 3, 0, 3, 0, 0
49814, 0, 1, 0, 1, 0, 0
49816, 0, 3, 0, 3, 0, 0
49817, 0, 1, 0, 1, 0, 0
49818, 0, 1, 0, 1, 0, 0
49819, 0, 1, 0, 1, 0, 0
23853, 12, 3, 2, 1, 6, 6
26215, 1, 3, 1, 2, 1, 0
28228, 0, 3, 0, 3, 0, 0
72956, 0, 2, 0, 2, 0, 0
72958, 0, 1, 0, 1, 0, 0
72959, 0, 1, 0, 1, 0, 0
8663, 1, 0, 0, 0, 1, 0
8664, 1, 0, 0, 0, 0, 1
51770, 1, 1, 0, 1, 1, 0
96218, 17, 4, 3, 1, 17, 0
115777, 0, 1, 1, 0, 0, 0
124719, 0, 1, 0, 1, 0, 0
124767, 0, 1, 0, 1, 0, 0
124885, 0, 1, 0, 1, 0, 0
125514, 0, 1, 0, 1, 0, 0
125515, 0, 1, 0, 1, 0, 0
125566, 0, 1, 0, 1, 0, 0
126281, 7, 3, 3, 0, 5, 2
8666, 1, 1, 1, 0, 1, 0
8667, 1, 2, 2, 0, 1, 0
8668, 1, 0, 0, 0, 1, 0
8669, 0, 1, 1, 0, 0, 0
8670, 1, 0, 0, 0, 1, 0
8671, 1, 0, 0, 0, 1, 0
8672, 2, 0, 0, 0, 2, 0
48253, 12, 17, 17, 0, 11, 1
72320, 1, 5, 5, 0, 1, 0
8674, 1, 0, 0, 0, 0, 1
8675, 0, 1, 0, 1, 0, 0
8676, 1, 0, 0, 0, 1, 0
8677, 0, 1, 1, 0, 0, 0
8679, 1, 0, 0, 0, 1, 0
8680, 1, 0, 0, 0, 1, 0
8681, 3, 7, 6, 1, 3, 0
72778, 7, 8, 8, 0, 7, 0
72954, 6, 4, 4, 0, 6, 0
8682, 1, 0, 0, 0, 1, 0
8683, 6, 6, 3, 3, 6, 0
61849, 4, 4, 4, 0, 4, 0
15813, 1, 1, 1, 0, 1, 0
16855, 6, 4, 4, 0, 6, 0
8690, 1, 0, 0, 0, 1, 0
8691, 1, 0, 0, 0, 1, 0
8692, 1, 1, 1, 0, 1, 0
8693, 1, 2, 1, 1, 1, 0
44097, 0, 2, 2, 0, 0, 0
44966, 5, 10, 9, 1, 5, 0
44967, 0, 1, 1, 0, 0, 0
44968, 5, 3, 3, 0, 5, 0
19598, 0, 1, 0, 1, 0, 0
19599, 0, 2, 0, 2, 0, 0
17952, 3, 10, 10, 0, 3, 0
19764, 5, 12, 11, 1, 5, 0
31183, 0, 2, 2, 0, 0, 0
60727, 42, 12, 8, 4, 31, 11
70401, 3, 3, 3, 0, 3, 0
90574, 0, 1, 1, 0, 0, 0
108033, 1, 1, 1, 0, 1, 0
8700, 2, 0, 0, 0, 1, 1
8701, 0, 1, 0, 1, 0, 0
8702, 2, 2, 2, 0, 2, 0
8703, 2, 0, 0, 0, 0, 2
8705, 2, 3, 2, 1, 2, 0
30806, 1, 1, 1, 0, 1, 0
8706, 2, 0, 0, 0, 0, 2
8708, 0, 1, 0, 1, 0, 0
49089, 2, 3, 3, 0, 2, 0
49090, 2, 3, 3, 0, 2, 0
52390, 1, 1, 1, 0, 1, 0
8709, 1, 0, 0, 0, 1, 0
22800, 0, 2, 1, 1, 0, 0
32377, 0, 1, 0, 1, 0, 0
8711, 1, 0, 0, 0, 1, 0
8870, 3, 3, 3, 0, 3, 0
65508, 2, 4, 3, 1, 2, 0
88404, 0, 1, 1, 0, 0, 0
8713, 1, 0, 0, 0, 1, 0
8714, 1, 0, 0, 0, 0, 1
8716, 1, 0, 0, 0, 1, 0
8717, 1, 2, 2, 0, 1, 0
8878, 8, 2, 2, 0, 8, 0
8718, 1, 0, 0, 0, 1, 0
8719, 1, 0, 0, 0, 1, 0
8720, 1, 0, 0, 0, 1, 0
29821, 1, 1, 1, 0, 1, 0
8722, 1, 0, 0, 0, 0, 1
8723, 1, 0, 0, 0, 1, 0
8724, 1, 0, 0, 0, 1, 0
36086, 48, 8, 1, 7, 16, 32
43133, 0, 2, 0, 2, 0, 0
43137, 0, 1, 0, 1, 0, 0
8727, 1, 0, 0, 0, 1, 0
8728, 1, 0, 0, 0, 1, 0
8729, 1, 0, 0, 0, 1, 0
26731, 1, 1, 1, 0, 1, 0
8731, 1, 0, 0, 0, 1, 0
8732, 0, 1, 1, 0, 0, 0
10451, 3, 6, 6, 0, 3, 0
100349, 0, 1, 1, 0, 0, 0
8734, 1, 1, 1, 0, 1, 0
8736, 2, 0, 0, 0, 0, 2
8738, 1, 0, 0, 0, 1, 0
8739, 1, 0, 0, 0, 1, 0
8740, 1, 0, 0, 0, 1, 0
8741, 0, 1, 1, 0, 0, 0
8742, 1, 0, 0, 0, 1, 0
8743, 1, 0, 0, 0, 1, 0
8744, 1, 0, 0, 0, 1, 0
8745, 5, 0, 0, 0, 3, 2
8747, 0, 1, 0, 1, 0, 0
100939, 0, 2, 2, 0, 0, 0
95428, 0, 4, 3, 1, 0, 0
96130, 6, 3, 3, 0, 6, 0
97641, 0, 1, 1, 0, 0, 0
97643, 0, 1, 1, 0, 0, 0
97721, 0, 1, 1, 0, 0, 0
97723, 3, 1, 1, 0, 3, 0
97727, 0, 1, 1, 0, 0, 0
97728, 0, 1, 1, 0, 0, 0
8748, 1, 1, 1, 0, 1, 0
95741, 1, 1, 1, 0, 1, 0
8750, 1, 0, 0, 0, 1, 0
8751, 1, 0, 0, 0, 1, 0
8752, 1, 0, 0, 0, 1, 0
8753, 1, 0, 0, 0, 1, 0
8754, 0, 1, 1, 0, 0, 0
8755, 1, 0, 0, 0, 1, 0
8756, 1, 0, 0, 0, 1, 0
9820, 2, 3, 0, 3, 1, 1
20810, 1, 1, 0, 1, 1, 0
27384, 1, 4, 2, 2, 1, 0
28367, 2, 1, 0, 1, 1, 1
30545, 4, 3, 2, 1, 4, 0
32118, 11, 5, 4, 1, 8, 3
39785, 9, 5, 4, 1, 8, 1
39787, 1, 2, 1, 1, 1, 0
39788, 0, 1, 0, 1, 0, 0
39789, 1, 11, 10, 1, 1, 0
39790, 1, 1, 0, 1, 1, 0
39792, 2, 4, 3, 1, 2, 0
39793, 0, 1, 0, 1, 0, 0
92831, 0, 3, 0, 3, 0, 0
113754, 0, 1, 0, 1, 0, 0
8758, 1, 0, 0, 0, 1, 0
8759, 0, 1, 1, 0, 0, 0
8760, 1, 0, 0, 0, 1, 0
35520, 2, 3, 1, 2, 2, 0
8762, 16, 1, 1, 0, 13, 3
8763, 0, 1, 0, 1, 0, 0
8764, 1, 0, 0, 0, 1, 0
8765, 2, 1, 1, 0, 2, 0
11676, 4, 6, 6, 0, 4, 0
11677, 0, 2, 2, 0, 0, 0
11678, 1, 3, 3, 0, 0, 1
11685, 5, 1, 1, 0, 4, 1
24597, 0, 5, 4, 1, 0, 0
61978, 0, 7, 7, 0, 0, 0
78721, 2, 2, 2, 0, 2, 0
87221, 1, 2, 2, 0, 1, 0
87353, 0, 2, 2, 0, 0, 0
91792, 1, 1, 1, 0, 1, 0
91802, 0, 3, 3, 0, 0, 0
91992, 0, 1, 1, 0, 0, 0
91993, 0, 1, 1, 0, 0, 0
91994, 0, 1, 1, 0, 0, 0
91995, 0, 1, 1, 0, 0, 0
91996, 0, 1, 1, 0, 0, 0
91997, 0, 1, 1, 0, 0, 0
8768, 1, 0, 0, 0, 1, 0
8769, 2, 0, 0, 0, 2, 0
8770, 1, 6, 6, 0, 1, 0
39487, 4, 7, 5, 2, 4, 0
39488, 4, 4, 4, 0, 4, 0
121321, 0, 1, 1, 0, 0, 0
8772, 2, 0, 0, 0, 2, 0
8774, 1, 0, 0, 0, 1, 0
8775, 1, 0, 0, 0, 0, 1
8777, 6, 0, 0, 0, 0, 6
13439, 3, 1, 1, 0, 3, 0
16902, 2, 1, 0, 1, 1, 1
19558, 4, 4, 2, 2, 2, 2
24920, 0, 1, 1, 0, 0, 0
8779, 1, 1, 1, 0, 1, 0
8780, 2, 1, 1, 0, 2, 0
8781, 1, 0, 0, 0, 0, 1
8782, 0, 2, 1, 1, 0, 0
8783, 1, 0, 0, 0, 1, 0
8786, 1, 0, 0, 0, 1, 0
8789, 1, 1, 1, 0, 1, 0
8791, 2, 0, 0, 0, 2, 0
8793, 1, 1, 1, 0, 1, 0
8794, 5, 3, 2, 1, 5, 0
8796, 1, 0, 0, 0, 1, 0
8798, 1, 0, 0, 0, 0, 1
8799, 1, 0, 0, 0, 1, 0
10673, 1, 1, 1, 0, 1, 0
8803, 1, 0, 0, 0, 1, 0
30456, 2, 8, 8, 0, 2, 0
39368, 1, 1, 1, 0, 1, 0
40527, 2, 10, 9, 1, 2, 0
44409, 6, 2, 2, 0, 5, 1
49253, 1, 2, 2, 0, 1, 0
58311, 16, 9, 9, 0, 16, 0
61473, 9, 3, 3, 0, 9, 0
62562, 21, 3, 3, 0, 20, 1
66891, 8, 3, 2, 1, 8, 0
69014, 0, 1, 1, 0, 0, 0
8805, 1, 0, 0, 0, 1, 0
8807, 0, 1, 0, 1, 0, 0
8808, 1, 0, 0, 0, 1, 0
8810, 1, 1, 0, 1, 0, 1
11059, 3, 4, 3, 1, 1, 2
94079, 0, 1, 1, 0, 0, 0
106555, 0, 1, 0, 1, 0, 0
8812, 1, 0, 0, 0, 1, 0
8813, 1, 1, 0, 1, 1, 0
8814, 1, 0, 0, 0, 1, 0
8815, 0, 7, 7, 0, 0, 0
8816, 1, 0, 0, 0, 1, 0
8817, 1, 0, 0, 0, 1, 0
8819, 2, 0, 0, 0, 2, 0
8821, 2, 0, 0, 0, 2, 0
8822, 1, 0, 0, 0, 1, 0
8823, 1, 0, 0, 0, 1, 0
8824, 1, 0, 0, 0, 1, 0
8825, 1, 0, 0, 0, 1, 0
8826, 1, 0, 0, 0, 1, 0
8827, 1, 1, 1, 0, 1, 0
29521, 4, 4, 4, 0, 4, 0
29522, 3, 3, 3, 0, 3, 0
10033, 2, 2, 2, 0, 2, 0
10034, 2, 2, 2, 0, 2, 0
82958, 1, 1, 1, 0, 1, 0
32929, 13, 10, 10, 0, 13, 0
10603, 25, 17, 17, 0, 25, 0
21917, 17, 18, 18, 0, 16, 1
36603, 1, 4, 3, 1, 1, 0
41618, 2, 6, 6, 0, 2, 0
48466, 5, 3, 3, 0, 5, 0
48551, 2, 3, 3, 0, 2, 0
49891, 2, 2, 2, 0, 2, 0
49958, 8, 4, 4, 0, 8, 0
52616, 9, 3, 3, 0, 9, 0
59100, 3, 16, 16, 0, 3, 0
63856, 4, 6, 6, 0, 4, 0
65581, 31, 9, 8, 1, 28, 3
85148, 0, 1, 1, 0, 0, 0
85149, 0, 1, 1, 0, 0, 0
85150, 0, 1, 1, 0, 0, 0
85151, 0, 1, 1, 0, 0, 0
85152, 0, 1, 1, 0, 0, 0
85153, 0, 1, 0, 1, 0, 0
85154, 0, 1, 1, 0, 0, 0
59033, 2, 5, 3, 2, 1, 1
80650, 1, 2, 2, 0, 1, 0
82340, 2, 2, 1, 1, 2, 0
83702, 0, 2, 2, 0, 0, 0
93001, 0, 1, 0, 1, 0, 0
34055, 1, 1, 0, 1, 1, 0
93069, 0, 1, 0, 1, 0, 0
75174, 0, 1, 1, 0, 0, 0
8849, 1, 2, 2, 0, 1, 0
8838, 1, 0, 0, 0, 1, 0
8839, 0, 1, 1, 0, 0, 0
8840, 1, 1, 1, 0, 1, 0
34759, 3, 1, 0, 1, 1, 2
34865, 3, 3, 3, 0, 3, 0
45588, 1, 1, 0, 1, 1, 0
45589, 1, 1, 0, 1, 1, 0
45590, 19, 6, 5, 1, 18, 1
8842, 1, 0, 0, 0, 1, 0
8843, 1, 2, 1, 1, 0, 1
8844, 1, 0, 0, 0, 1, 0
8845, 1, 0, 0, 0, 1, 0
8846, 0, 2, 2, 0, 0, 0
8847, 1, 0, 0, 0, 1, 0
8848, 1, 0, 0, 0, 1, 0
8850, 3, 0, 0, 0, 3, 0
20914, 1, 4, 2, 2, 1, 0
28649, 2, 2, 2, 0, 2, 0
28650, 4, 5, 5, 0, 4, 0
35844, 12, 21, 21, 0, 12, 0
54737, 4, 3, 3, 0, 4, 0
61804, 6, 18, 18, 0, 6, 0
61805, 2, 18, 18, 0, 2, 0
64241, 6, 6, 6, 0, 6, 0
67881, 10, 13, 13, 0, 10, 0
67929, 3, 4, 4, 0, 3, 0
68425, 0, 2, 2, 0, 0, 0
68883, 1, 2, 2, 0, 1, 0
69133, 0, 2, 0, 2, 0, 0
69135, 7, 4, 4, 0, 7, 0
69136, 0, 1, 1, 0, 0, 0
69137, 0, 1, 1, 0, 0, 0
69138, 1, 1, 1, 0, 1, 0
69139, 1, 1, 1, 0, 1, 0
69140, 0, 1, 1, 0, 0, 0
69141, 0, 1, 1, 0, 0, 0
91032, 0, 2, 2, 0, 0, 0
8852, 1, 0, 0, 0, 1, 0
8853, 2, 0, 0, 0, 2, 0
8854, 19, 8, 8, 0, 19, 0
8855, 1, 12, 11, 1, 1, 0
23655, 5, 11, 10, 1, 5, 0
35171, 0, 8, 8, 0, 0, 0
65563, 1, 1, 1, 0, 1, 0
65683, 21, 12, 12, 0, 21, 0
65684, 16, 9, 9, 0, 16, 0
71489, 1, 13, 13, 0, 1, 0
74004, 2, 9, 9, 0, 2, 0
74005, 20, 7, 7, 0, 20, 0
74006, 6, 9, 9, 0, 6, 0
74007, 19, 7, 7, 0, 19, 0
74009, 4, 9, 9, 0, 4, 0
74010, 2, 9, 9, 0, 2, 0
74011, 0, 7, 7, 0, 0, 0
74012, 2, 6, 6, 0, 2, 0
8856, 1, 0, 0, 0, 1, 0
8857, 1, 0, 0, 0, 1, 0
8858, 1, 0, 0, 0, 1, 0
8859, 2, 0, 0, 0, 2, 0
8860, 2, 0, 0, 0, 2, 0
55445, 1, 1, 0, 1, 1, 0
102126, 0, 1, 0, 1, 0, 0
8862, 2, 0, 0, 0, 1, 1
8863, 0, 1, 1, 0, 0, 0
8864, 4, 1, 1, 0, 2, 2
15679, 1, 2, 2, 0, 1, 0
17988, 7, 5, 5, 0, 7, 0
59677, 1, 1, 1, 0, 1, 0
62437, 1, 3, 3, 0, 1, 0
66758, 3, 5, 5, 0, 3, 0
66763, 0, 2, 2, 0, 0, 0
66768, 2, 2, 2, 0, 2, 0
66821, 0, 1, 1, 0, 0, 0
66822, 5, 2, 2, 0, 5, 0
8867, 1, 0, 0, 0, 1, 0
8868, 4, 2, 2, 0, 3, 1
8871, 6, 2, 2, 0, 6, 0
63615, 0, 4, 0, 4, 0, 0
8873, 1, 0, 0, 0, 0, 1
8875, 0, 3, 3, 0, 0, 0
8876, 0, 3, 0, 3, 0, 0
31238, 1, 5, 1, 4, 0, 1
8963, 0, 1, 1, 0, 0, 0
8879, 1, 0, 0, 0, 1, 0
8881, 1, 0, 0, 0, 1, 0
8882, 1, 0, 0, 0, 1, 0
8883, 0, 1, 1, 0, 0, 0
8884, 5, 0, 0, 0, 5, 0
105189, 3, 1, 1, 0, 3, 0
113464, 2, 2, 2, 0, 2, 0
8886, 1, 0, 0, 0, 0, 1
8887, 1, 2, 1, 1, 1, 0
20043, 2, 2, 2, 0, 2, 0
8888, 1, 0, 0, 0, 0, 1
8889, 1, 0, 0, 0, 0, 1
8890, 1, 0, 0, 0, 1, 0
8891, 1, 1, 1, 0, 1, 0
49837, 0, 1, 1, 0, 0, 0
8893, 0, 1, 1, 0, 0, 0
8894, 1, 0, 0, 0, 1, 0
8895, 4, 0, 0, 0, 4, 0
8897, 1, 0, 0, 0, 1, 0
8898, 0, 1, 1, 0, 0, 0
8899, 1, 0, 0, 0, 1, 0
8900, 1, 0, 0, 0, 1, 0
8901, 4, 1, 1, 0, 4, 0
8902, 1, 1, 1, 0, 1, 0
8904, 1, 0, 0, 0, 1, 0
8905, 1, 0, 0, 0, 1, 0
8906, 1, 0, 0, 0, 1, 0
8907, 1, 0, 0, 0, 1, 0
8908, 1, 0, 0, 0, 1, 0
15943, 0, 2, 2, 0, 0, 0
8910, 1, 0, 0, 0, 1, 0
63533, 38, 12, 12, 0, 38, 0
97923, 4, 4, 4, 0, 4, 0
116752, 0, 1, 1, 0, 0, 0
8912, 1, 0, 0, 0, 0, 1
8913, 1, 0, 0, 0, 1, 0
8914, 0, 1, 1, 0, 0, 0
8915, 1, 0, 0, 0, 0, 1
8916, 1, 2, 1, 1, 1, 0
8917, 1, 0, 0, 0, 1, 0
8918, 11, 4, 4, 0, 11, 0
46844, 13, 2, 2, 0, 10, 3
46847, 0, 2, 2, 0, 0, 0
8919, 1, 0, 0, 0, 1, 0
8921, 1, 0, 0, 0, 1, 0
8922, 1, 0, 0, 0, 0, 1
8923, 0, 1, 0, 1, 0, 0
8924, 1, 0, 0, 0, 1, 0
8925, 1, 2, 2, 0, 1, 0
14491, 4, 3, 3, 0, 4, 0
8926, 5, 0, 0, 0, 5, 0
8928, 2, 6, 4, 2, 2, 0
31665, 0, 2, 0, 2, 0, 0
42538, 1, 4, 4, 0, 1, 0
68226, 3, 6, 6, 0, 3, 0
89671, 0, 1, 0, 1, 0, 0
89672, 0, 1, 0, 1, 0, 0
89673, 0, 1, 0, 1, 0, 0
81737, 0, 1, 1, 0, 0, 0
8929, 1, 0, 0, 0, 1, 0
76951, 0, 2, 0, 2, 0, 0
81907, 0, 2, 0, 2, 0, 0
84039, 0, 1, 0, 1, 0, 0
93198, 5, 1, 1, 0, 5, 0
96953, 0, 1, 0, 1, 0, 0
99992, 0, 1, 0, 1, 0, 0
115038, 0, 1, 0, 1, 0, 0
116954, 1, 1, 0, 1, 1, 0
9933, 2, 3, 2, 1, 2, 0
10936, 0, 1, 1, 0, 0, 0
10940, 0, 1, 1, 0, 0, 0
8933, 3, 0, 0, 0, 2, 1
28727, 0, 1, 1, 0, 0, 0
28728, 0, 1, 0, 1, 0, 0
28729, 9, 5, 4, 1, 8, 1
28731, 0, 1, 1, 0, 0, 0
8937, 1, 0, 0, 0, 1, 0
21990, 2, 2, 2, 0, 2, 0
25774, 0, 3, 2, 1, 0, 0
8939, 2, 0, 0, 0, 0, 2
8940, 1, 0, 0, 0, 1, 0
8941, 0, 1, 1, 0, 0, 0
8942, 1, 0, 0, 0, 1, 0
8943, 1, 0, 0, 0, 1, 0
8944, 1, 0, 0, 0, 1, 0
8947, 16, 5, 4, 1, 10, 6
72257, 12, 16, 15, 1, 11, 1
8948, 1, 0, 0, 0, 1, 0
24726, 0, 4, 4, 0, 0, 0
48033, 3, 4, 4, 0, 3, 0
57493, 6, 7, 7, 0, 6, 0
68464, 1, 3, 3, 0, 1, 0
74185, 2, 2, 2, 0, 2, 0
75417, 7, 4, 4, 0, 7, 0
75418, 2, 4, 4, 0, 2, 0
80140, 0, 1, 0, 1, 0, 0
8951, 1, 0, 0, 0, 1, 0
8952, 2, 8, 8, 0, 2, 0
78270, 5, 5, 5, 0, 5, 0
29556, 0, 2, 2, 0, 0, 0
43558, 1, 1, 0, 1, 1, 0
43559, 0, 2, 1, 1, 0, 0
57478, 3, 1, 0, 1, 1, 2
62208, 0, 2, 1, 1, 0, 0
62381, 1, 4, 0, 4, 1, 0
62874, 0, 2, 1, 1, 0, 0
76364, 0, 3, 0, 3, 0, 0
78385, 0, 2, 0, 2, 0, 0
82445, 0, 1, 0, 1, 0, 0
82446, 0, 1, 0, 1, 0, 0
82447, 0, 1, 0, 1, 0, 0
82448, 0, 1, 0, 1, 0, 0
82449, 0, 1, 0, 1, 0, 0
82450, 0, 1, 0, 1, 0, 0
82452, 0, 1, 0, 1, 0, 0
82453, 0, 2, 0, 2, 0, 0
82454, 0, 1, 0, 1, 0, 0
82455, 0, 1, 0, 1, 0, 0
82456, 0, 1, 0, 1, 0, 0
82457, 0, 1, 0, 1, 0, 0
82458, 0, 2, 0, 2, 0, 0
82459, 0, 1, 0, 1, 0, 0
8954, 2, 0, 0, 0, 2, 0
8955, 0, 3, 3, 0, 0, 0
8956, 1, 1, 1, 0, 1, 0
65165, 2, 9, 9, 0, 2, 0
95912, 4, 2, 2, 0, 4, 0
97291, 0, 1, 1, 0, 0, 0
98280, 9, 4, 4, 0, 9, 0
8959, 1, 0, 0, 0, 1, 0
30182, 12, 4, 4, 0, 12, 0
65718, 1, 2, 2, 0, 1, 0
65978, 6, 13, 13, 0, 6, 0
75190, 1, 1, 1, 0, 1, 0
75440, 0, 2, 2, 0, 0, 0
75896, 8, 2, 2, 0, 8, 0
76527, 0, 2, 2, 0, 0, 0
82060, 3, 3, 3, 0, 3, 0
82962, 0, 1, 1, 0, 0, 0
82963, 0, 1, 1, 0, 0, 0
82964, 0, 1, 1, 0, 0, 0
82965, 1, 1, 1, 0, 1, 0
72862, 7, 5, 5, 0, 7, 0
85868, 0, 3, 3, 0, 0, 0
106215, 0, 1, 1, 0, 0, 0
106216, 0, 1, 1, 0, 0, 0
8965, 1, 0, 0, 0, 1, 0
115213, 21, 1, 1, 0, 21, 0
24023, 10, 5, 5, 0, 7, 3
24109, 19, 5, 5, 0, 19, 0
43804, 0, 2, 1, 1, 0, 0
48323, 12, 4, 4, 0, 12, 0
52221, 0, 3, 0, 3, 0, 0
74909, 0, 1, 1, 0, 0, 0
74911, 0, 1, 0, 1, 0, 0
74912, 0, 1, 0, 1, 0, 0
74913, 0, 1, 0, 1, 0, 0
74914, 0, 1, 0, 1, 0, 0
74915, 0, 1, 0, 1, 0, 0
74916, 0, 1, 0, 1, 0, 0
74917, 0, 1, 0, 1, 0, 0
74918, 0, 1, 0, 1, 0, 0
74919, 0, 1, 0, 1, 0, 0
74920, 0, 1, 0, 1, 0, 0
74921, 0, 1, 0, 1, 0, 0
74922, 0, 1, 0, 1, 0, 0
74923, 0, 1, 0, 1, 0, 0
74924, 0, 1, 0, 1, 0, 0
74925, 0, 2, 0, 2, 0, 0
74927, 0, 1, 0, 1, 0, 0
74928, 0, 1, 0, 1, 0, 0
117650, 0, 2, 1, 1, 0, 0
8969, 1, 0, 0, 0, 1, 0
8970, 1, 0, 0, 0, 1, 0
8971, 0, 1, 1, 0, 0, 0
8974, 1, 0, 0, 0, 1, 0
8975, 2, 1, 1, 0, 1, 1
27287, 0, 1, 0, 1, 0, 0
8977, 1, 0, 0, 0, 1, 0
8980, 1, 0, 0, 0, 0, 1
8981, 0, 1, 0, 1, 0, 0
34442, 2, 3, 3, 0, 2, 0
52376, 20, 19, 19, 0, 19, 1
8984, 2, 0, 0, 0, 1, 1
8985, 2, 1, 0, 1, 2, 0
40963, 15, 5, 4, 1, 14, 1
61037, 4, 3, 2, 1, 4, 0
8987, 1, 0, 0, 0, 1, 0
8989, 1, 0, 0, 0, 1, 0
8990, 1, 0, 0, 0, 1, 0
23980, 4, 4, 4, 0, 4, 0
8992, 1, 0, 0, 0, 1, 0
8993, 1, 0, 0, 0, 0, 1
8995, 1, 0, 0, 0, 1, 0
8996, 0, 1, 1, 0, 0, 0
8997, 1, 0, 0, 0, 0, 1
8998, 1, 0, 0, 0, 1, 0
8999, 1, 0, 0, 0, 1, 0
9000, 5, 7, 6, 1, 5, 0
50556, 6, 12, 10, 2, 6, 0
87243, 6, 6, 6, 0, 6, 0
9001, 1, 0, 0, 0, 0, 1
9002, 0, 1, 0, 1, 0, 0
9003, 1, 0, 0, 0, 1, 0
72080, 15, 16, 15, 1, 15, 0
80874, 6, 9, 7, 2, 6, 0
9005, 1, 0, 0, 0, 1, 0
9006, 1, 0, 0, 0, 0, 1
17980, 1, 5, 3, 2, 1, 0
25820, 1, 2, 1, 1, 1, 0
31716, 1, 2, 1, 1, 1, 0
63224, 1, 2, 1, 1, 1, 0
78715, 0, 4, 3, 1, 0, 0
112606, 0, 3, 2, 1, 0, 0
113405, 0, 2, 1, 1, 0, 0
113406, 0, 2, 1, 1, 0, 0
113407, 0, 2, 1, 1, 0, 0
113408, 0, 2, 1, 1, 0, 0
113409, 0, 2, 1, 1, 0, 0
113410, 0, 2, 1, 1, 0, 0
113411, 0, 2, 1, 1, 0, 0
113412, 0, 2, 1, 1, 0, 0
113413, 0, 2, 1, 1, 0, 0
113414, 0, 2, 1, 1, 0, 0
113415, 0, 2, 1, 1, 0, 0
113416, 0, 2, 1, 1, 0, 0
113417, 0, 2, 1, 1, 0, 0
113418, 0, 1, 1, 0, 0, 0
113419, 0, 2, 1, 1, 0, 0
113420, 0, 2, 1, 1, 0, 0
113421, 0, 2, 1, 1, 0, 0
113422, 0, 2, 1, 1, 0, 0
113423, 0, 2, 1, 1, 0, 0
113424, 0, 2, 1, 1, 0, 0
113425, 0, 2, 1, 1, 0, 0
113426, 0, 2, 1, 1, 0, 0
113427, 0, 2, 1, 1, 0, 0
113428, 0, 1, 1, 0, 0, 0
113429, 0, 2, 1, 1, 0, 0
113430, 0, 2, 1, 1, 0, 0
113431, 0, 2, 1, 1, 0, 0
113432, 0, 2, 1, 1, 0, 0
113433, 0, 2, 1, 1, 0, 0
113434, 0, 2, 1, 1, 0, 0
113435, 0, 2, 1, 1, 0, 0
113436, 0, 2, 1, 1, 0, 0
113437, 0, 2, 1, 1, 0, 0
113439, 0, 2, 1, 1, 0, 0
113440, 0, 2, 1, 1, 0, 0
113441, 0, 2, 1, 1, 0, 0
113442, 0, 3, 1, 2, 0, 0
113443, 0, 2, 1, 1, 0, 0
113444, 0, 2, 1, 1, 0, 0
113445, 0, 2, 1, 1, 0, 0
113446, 0, 2, 1, 1, 0, 0
113447, 0, 1, 1, 0, 0, 0
113448, 0, 1, 1, 0, 0, 0
113450, 0, 1, 1, 0, 0, 0
113451, 0, 1, 1, 0, 0, 0
113452, 0, 1, 1, 0, 0, 0
9010, 1, 0, 0, 0, 1, 0
9012, 1, 1, 0, 1, 0, 1
16663, 1, 1, 0, 1, 0, 1
9013, 4, 0, 0, 0, 4, 0
93753, 1, 4, 3, 1, 1, 0
9014, 1, 0, 0, 0, 1, 0
9015, 0, 1, 1, 0, 0, 0
9018, 0, 1, 1, 0, 0, 0
24321, 1, 1, 0, 1, 1, 0
34110, 10, 7, 7, 0, 9, 1
9021, 1, 0, 0, 0, 0, 1
9023, 1, 0, 0, 0, 1, 0
10119, 0, 3, 3, 0, 0, 0
9025, 1, 0, 0, 0, 1, 0
9026, 1, 0, 0, 0, 1, 0
9027, 1, 0, 0, 0, 1, 0
9029, 1, 0, 0, 0, 1, 0
9030, 2, 2, 2, 0, 2, 0
106102, 1, 1, 1, 0, 1, 0
9032, 1, 0, 0, 0, 1, 0
9033, 0, 1, 1, 0, 0, 0
9034, 1, 0, 0, 0, 0, 1
9035, 1, 0, 0, 0, 1, 0
9037, 1, 0, 0, 0, 1, 0
9038, 1, 0, 0, 0, 1, 0
9039, 1, 0, 0, 0, 1, 0
9040, 1, 0, 0, 0, 1, 0
9041, 1, 0, 0, 0, 1, 0
9042, 1, 0, 0, 0, 1, 0
56501, 0, 5, 0, 5, 0, 0
9044, 1, 0, 0, 0, 1, 0
9045, 1, 0, 0, 0, 1, 0
30890, 66, 62, 60, 2, 66, 0
35423, 0, 112, 111, 1, 0, 0
56113, 0, 108, 106, 2, 0, 0
56143, 92, 76, 75, 1, 92, 0
56161, 307, 135, 134, 1, 307, 0
56396, 97, 98, 97, 1, 97, 0
57163, 65, 124, 123, 1, 65, 0
57168, 18, 80, 79, 1, 18, 0
57175, 85, 84, 83, 1, 85, 0
57473, 101, 97, 96, 1, 101, 0
57664, 128, 118, 117, 1, 128, 0
9047, 1, 0, 0, 0, 1, 0
9048, 3, 9, 9, 0, 3, 0
9049, 1, 0, 0, 0, 1, 0
9050, 4, 0, 0, 0, 4, 0
9052, 1, 0, 0, 0, 1, 0
14751, 0, 3, 2, 1, 0, 0
50070, 18, 11, 7, 4, 18, 0
52980, 1, 1, 0, 1, 1, 0
58622, 1, 3, 2, 1, 1, 0
61491, 2, 2, 0, 2, 1, 1
62081, 0, 1, 0, 1, 0, 0
62082, 0, 2, 0, 2, 0, 0
62083, 0, 1, 0, 1, 0, 0
62084, 0, 2, 0, 2, 0, 0
62087, 1, 3, 2, 1, 1, 0
62090, 0, 1, 0, 1, 0, 0
62100, 6, 7, 6, 1, 6, 0
62115, 0, 2, 1, 1, 0, 0
62116, 0, 1, 0, 1, 0, 0
9054, 1, 0, 0, 0, 0, 1
9055, 1, 0, 0, 0, 0, 1
9056, 0, 1, 0, 1, 0, 0
9057, 1, 0, 0, 0, 0, 1
9058, 2, 16, 13, 3, 2, 0
9059, 1, 0, 0, 0, 1, 0
9060, 3, 1, 1, 0, 3, 0
9061, 1, 0, 0, 0, 1, 0
9063, 1, 0, 0, 0, 1, 0
9064, 1, 0, 0, 0, 1, 0
62578, 3, 1, 1, 0, 1, 2
62785, 2, 1, 1, 0, 1, 1
84751, 0, 1, 1, 0, 0, 0
84752, 0, 1, 1, 0, 0, 0
9068, 0, 1, 1, 0, 0, 0
9069, 1, 1, 1, 0, 1, 0
127329, 5, 2, 2, 0, 5, 0
96186, 1, 1, 1, 0, 1, 0
9070, 1, 0, 0, 0, 1, 0
18348, 3, 2, 1, 1, 3, 0
33706, 5, 2, 2, 0, 5, 0
56195, 17, 4, 4, 0, 17, 0
93230, 4, 2, 1, 1, 3, 1
103877, 12, 5, 5, 0, 12, 0
106147, 1, 2, 1, 1, 1, 0
9072, 1, 0, 0, 0, 0, 1
32099, 0, 1, 0, 1, 0, 0
9074, 1, 0, 0, 0, 1, 0
9075, 0, 1, 1, 0, 0, 0
9076, 1, 0, 0, 0, 1, 0
9077, 5, 3, 3, 0, 5, 0
15102, 1, 1, 1, 0, 1, 0
101815, 6, 2, 2, 0, 6, 0
105318, 1, 1, 1, 0, 1, 0
109967, 1, 2, 2, 0, 1, 0
13951, 1, 4, 4, 0, 1, 0
55838, 1, 1, 1, 0, 1, 0
81289, 0, 3, 0, 3, 0, 0
9083, 1, 0, 0, 0, 1, 0
9084, 0, 1, 1, 0, 0, 0
9085, 1, 0, 0, 0, 1, 0
9086, 1, 0, 0, 0, 1, 0
9087, 1, 0, 0, 0, 1, 0
9088, 0, 1, 1, 0, 0, 0
22319, 5, 4, 2, 2, 4, 1
43616, 24, 3, 3, 0, 20, 4
43617, 1, 3, 3, 0, 1, 0
43619, 0, 1, 0, 1, 0, 0
9091, 1, 0, 0, 0, 1, 0
9092, 1, 0, 0, 0, 1, 0
9093, 1, 0, 0, 0, 1, 0
9094, 1, 0, 0, 0, 1, 0
9095, 1, 0, 0, 0, 0, 1
18988, 30, 8, 8, 0, 30, 0
24008, 25, 12, 11, 1, 25, 0
35603, 4, 3, 3, 0, 3, 1
37565, 13, 6, 6, 0, 11, 2
48867, 1, 1, 1, 0, 1, 0
58749, 7, 3, 3, 0, 7, 0
61160, 1, 2, 1, 1, 1, 0
62596, 0, 1, 1, 0, 0, 0
62597, 3, 6, 6, 0, 2, 1
62598, 0, 1, 1, 0, 0, 0
104098, 0, 1, 1, 0, 0, 0
104525, 0, 1, 1, 0, 0, 0
104526, 0, 3, 3, 0, 0, 0
9098, 1, 1, 1, 0, 1, 0
9099, 3, 1, 1, 0, 3, 0
9100, 1, 0, 0, 0, 1, 0
9102, 1, 0, 0, 0, 1, 0
9103, 0, 2, 2, 0, 0, 0
9104, 2, 0, 0, 0, 2, 0
9105, 0, 1, 1, 0, 0, 0
9106, 1, 0, 0, 0, 0, 1
9107, 1, 0, 0, 0, 1, 0
30594, 5, 2, 2, 0, 5, 0
9109, 1, 0, 0, 0, 1, 0
9110, 1, 1, 1, 0, 1, 0
9111, 2, 1, 1, 0, 2, 0
9169, 0, 2, 2, 0, 0, 0
9113, 1, 0, 0, 0, 1, 0
41786, 0, 2, 1, 1, 0, 0
91956, 3, 3, 3, 0, 3, 0
92100, 0, 1, 0, 1, 0, 0
92102, 0, 1, 1, 0, 0, 0
9115, 1, 0, 0, 0, 1, 0
98163, 6, 2, 1, 1, 6, 0
108913, 11, 2, 2, 0, 11, 0
124992, 0, 2, 1, 1, 0, 0
9118, 1, 0, 0, 0, 1, 0
39364, 0, 4, 0, 4, 0, 0
9121, 1, 0, 0, 0, 1, 0
9122, 0, 1, 1, 0, 0, 0
9125, 2, 0, 0, 0, 2, 0
9126, 0, 1, 1, 0, 0, 0
9127, 1, 0, 0, 0, 1, 0
9128, 2, 5, 5, 0, 2, 0
9129, 1, 0, 0, 0, 1, 0
9130, 1, 0, 0, 0, 1, 0
9131, 1, 0, 0, 0, 1, 0
11586, 9, 4, 4, 0, 9, 0
12137, 40, 24, 24, 0, 40, 0
34316, 11, 9, 9, 0, 11, 0
44840, 0, 2, 1, 1, 0, 0
65882, 8, 6, 6, 0, 8, 0
73863, 0, 2, 2, 0, 0, 0
9134, 0, 5, 5, 0, 0, 0
9135, 0, 2, 0, 2, 0, 0
9137, 1, 7, 4, 3, 1, 0
9138, 1, 0, 0, 0, 0, 1
9139, 0, 1, 0, 1, 0, 0
9140, 1, 0, 0, 0, 1, 0
9141, 1, 0, 0, 0, 0, 1
9142, 3, 3, 2, 1, 3, 0
41143, 0, 3, 3, 0, 0, 0
12078, 11, 9, 9, 0, 11, 0
24877, 9, 11, 11, 0, 9, 0
64375, 10, 5, 5, 0, 10, 0
82531, 0, 1, 1, 0, 0, 0
82532, 0, 1, 1, 0, 0, 0
43844, 12, 9, 9, 0, 12, 0
79326, 0, 1, 1, 0, 0, 0
9145, 1, 0, 0, 0, 1, 0
9146, 1, 0, 0, 0, 0, 1
9147, 0, 1, 0, 1, 0, 0
9148, 1, 1, 1, 0, 1, 0
35822, 9, 2, 2, 0, 9, 0
38770, 2, 1, 1, 0, 2, 0
38906, 1, 1, 1, 0, 1, 0
39683, 1, 1, 1, 0, 1, 0
41844, 1, 1, 1, 0, 1, 0
42050, 3, 3, 3, 0, 3, 0
42134, 1, 3, 3, 0, 1, 0
42153, 3, 2, 2, 0, 3, 0
42173, 3, 2, 2, 0, 3, 0
42174, 2, 2, 2, 0, 2, 0
42325, 1, 1, 1, 0, 1, 0
42333, 3, 1, 1, 0, 3, 0
42357, 1, 1, 1, 0, 1, 0
42358, 6, 1, 1, 0, 6, 0
42360, 0, 1, 1, 0, 0, 0
9150, 1, 0, 0, 0, 0, 1
9151, 1, 2, 1, 1, 1, 0
9152, 1, 0, 0, 0, 1, 0
9153, 1, 1, 1, 0, 0, 1
19144, 0, 4, 3, 1, 0, 0
9154, 4, 4, 4, 0, 4, 0
9156, 4, 4, 4, 0, 4, 0
9157, 5, 6, 6, 0, 5, 0
9158, 4, 3, 3, 0, 4, 0
49759, 2, 1, 1, 0, 2, 0
70525, 12, 8, 8, 0, 12, 0
94809, 1, 1, 1, 0, 1, 0
9159, 9, 0, 0, 0, 7, 2
9161, 0, 1, 1, 0, 0, 0
9164, 1, 0, 0, 0, 1, 0
9165, 1, 0, 0, 0, 1, 0
41221, 3, 7, 6, 1, 2, 1
49222, 2, 1, 1, 0, 2, 0
73795, 3, 1, 1, 0, 3, 0
74883, 0, 2, 2, 0, 0, 0
82353, 0, 1, 1, 0, 0, 0
9168, 1, 0, 0, 0, 1, 0
9170, 2, 1, 1, 0, 2, 0
9171, 1, 0, 0, 0, 1, 0
40881, 0, 1, 1, 0, 0, 0
9175, 1, 0, 0, 0, 0, 1
9176, 6, 9, 7, 2, 6, 0
28130, 6, 3, 2, 1, 6, 0
9177, 2, 1, 0, 1, 2, 0
9178, 3, 4, 4, 0, 2, 1
9179, 1, 0, 0, 0, 1, 0
9180, 1, 0, 0, 0, 1, 0
14956, 2, 1, 0, 1, 2, 0
19326, 1, 1, 0, 1, 1, 0
34387, 11, 3, 1, 2, 11, 0
35593, 0, 1, 0, 1, 0, 0
35595, 3, 1, 0, 1, 3, 0
9182, 3, 1, 1, 0, 3, 0
9184, 1, 1, 1, 0, 1, 0
26407, 1, 1, 0, 1, 1, 0
66424, 0, 2, 0, 2, 0, 0
85565, 4, 2, 2, 0, 4, 0
123915, 3, 5, 4, 1, 3, 0
9186, 1, 0, 0, 0, 1, 0
46625, 0, 2, 0, 2, 0, 0
73866, 0, 1, 0, 1, 0, 0
73867, 0, 1, 0, 1, 0, 0
106376, 0, 1, 0, 1, 0, 0
9192, 1, 0, 0, 0, 1, 0
32780, 1, 3, 3, 0, 1, 0
35794, 2, 4, 4, 0, 2, 0
35985, 5, 3, 3, 0, 5, 0
36586, 1, 1, 1, 0, 1, 0
37816, 2, 3, 3, 0, 2, 0
39949, 3, 2, 2, 0, 3, 0
41954, 2, 9, 9, 0, 1, 1
43904, 1, 5, 5, 0, 1, 0
47714, 0, 3, 3, 0, 0, 0
49340, 2, 1, 1, 0, 1, 1
49548, 0, 5, 5, 0, 0, 0
58281, 1, 2, 2, 0, 1, 0
59850, 4, 4, 4, 0, 4, 0
73819, 2, 1, 1, 0, 2, 0
73838, 3, 1, 1, 0, 3, 0
74719, 0, 4, 3, 1, 0, 0
75590, 0, 1, 1, 0, 0, 0
75591, 0, 2, 2, 0, 0, 0
75592, 0, 1, 1, 0, 0, 0
75593, 0, 1, 1, 0, 0, 0
75594, 0, 1, 1, 0, 0, 0
9194, 1, 0, 0, 0, 1, 0
9195, 0, 1, 1, 0, 0, 0
9196, 1, 0, 0, 0, 0, 1
9197, 2, 3, 2, 1, 2, 0
28625, 0, 1, 1, 0, 0, 0
9198, 1, 0, 0, 0, 0, 1
27039, 127, 35, 35, 0, 127, 0
46848, 32, 17, 17, 0, 32, 0
49423, 9, 6, 6, 0, 9, 0
52278, 43, 4, 4, 0, 42, 1
56964, 1, 1, 1, 0, 1, 0
60392, 0, 1, 1, 0, 0, 0
60393, 7, 2, 2, 0, 7, 0
9200, 1, 0, 0, 0, 0, 1
9201, 4, 8, 6, 2, 4, 0
9202, 1, 0, 0, 0, 1, 0
9204, 1, 0, 0, 0, 1, 0
9206, 1, 0, 0, 0, 1, 0
9208, 1, 0, 0, 0, 1, 0
9209, 1, 2, 2, 0, 1, 0
32511, 5, 6, 6, 0, 5, 0
9210, 1, 0, 0, 0, 1, 0
44847, 1, 2, 1, 1, 1, 0
9212, 1, 0, 0, 0, 1, 0
9216, 1, 0, 0, 0, 1, 0
9217, 1, 0, 0, 0, 0, 1
9218, 1, 0, 0, 0, 1, 0
9222, 1, 1, 1, 0, 1, 0
10460, 2, 2, 2, 0, 2, 0
107236, 0, 3, 3, 0, 0, 0
9224, 5, 0, 0, 0, 5, 0
9226, 7, 3, 3, 0, 6, 1
9227, 1, 2, 2, 0, 1, 0
31982, 4, 1, 0, 1, 4, 0
65409, 0, 1, 0, 1, 0, 0
65410, 0, 1, 0, 1, 0, 0
12959, 3, 1, 1, 0, 3, 0
23013, 4, 3, 3, 0, 3, 1
100148, 3, 1, 1, 0, 3, 0
100564, 8, 5, 5, 0, 8, 0
112528, 1, 2, 2, 0, 1, 0
112531, 5, 2, 2, 0, 3, 2
112533, 0, 1, 1, 0, 0, 0
36474, 0, 1, 0, 1, 0, 0
117886, 0, 1, 0, 1, 0, 0
130252, 0, 1, 0, 1, 0, 0
131566, 4, 3, 2, 1, 4, 0
131672, 0, 1, 0, 1, 0, 0
32474, 5, 6, 6, 0, 5, 0
40365, 2, 2, 2, 0, 2, 0
49524, 0, 3, 3, 0, 0, 0
9236, 1, 0, 0, 0, 1, 0
9237, 0, 5, 5, 0, 0, 0
9238, 1, 0, 0, 0, 1, 0
9239, 0, 1, 1, 0, 0, 0
9240, 1, 0, 0, 0, 1, 0
9242, 2, 8, 5, 3, 2, 0
26593, 2, 3, 3, 0, 2, 0
26594, 3, 3, 3, 0, 3, 0
9243, 2, 1, 1, 0, 2, 0
9244, 1, 1, 1, 0, 1, 0
9245, 1, 0, 0, 0, 0, 1
9246, 2, 4, 3, 1, 2, 0
9247, 2, 0, 0, 0, 1, 1
9248, 1, 0, 0, 0, 1, 0
9249, 0, 1, 1, 0, 0, 0
9250, 2, 0, 0, 0, 1, 1
9251, 0, 1, 1, 0, 0, 0
20459, 1, 3, 3, 0, 1, 0
20460, 4, 2, 2, 0, 4, 0
25098, 0, 1, 1, 0, 0, 0
9253, 1, 0, 0, 0, 1, 0
9254, 2, 2, 2, 0, 2, 0
9255, 3, 3, 3, 0, 3, 0
9256, 2, 2, 2, 0, 2, 0
9257, 1, 0, 0, 0, 1, 0
9258, 0, 1, 1, 0, 0, 0
9259, 1, 0, 0, 0, 1, 0
9260, 1, 0, 0, 0, 0, 1
9262, 1, 0, 0, 0, 0, 1
18033, 2, 2, 2, 0, 2, 0
28858, 1, 1, 1, 0, 1, 0
20119, 12, 13, 12, 1, 11, 1
32431, 7, 6, 5, 1, 6, 1
95072, 1, 2, 2, 0, 1, 0
95218, 0, 1, 1, 0, 0, 0
96166, 22, 1, 1, 0, 22, 0
98536, 3, 1, 1, 0, 3, 0
9267, 2, 3, 2, 1, 2, 0
9269, 1, 1, 1, 0, 1, 0
34026, 13, 6, 4, 2, 11, 2
46899, 4, 1, 0, 1, 3, 1
53312, 1, 2, 2, 0, 1, 0
55433, 1, 4, 3, 1, 1, 0
55968, 0, 2, 0, 2, 0, 0
85616, 0, 1, 1, 0, 0, 0
85617, 0, 1, 0, 1, 0, 0
110235, 0, 1, 0, 1, 0, 0
9271, 1, 0, 0, 0, 1, 0
91375, 1, 1, 1, 0, 1, 0
9273, 1, 0, 0, 0, 1, 0
9274, 0, 1, 1, 0, 0, 0
32358, 0, 4, 4, 0, 0, 0
59625, 2, 1, 1, 0, 2, 0
73135, 0, 1, 1, 0, 0, 0
73136, 0, 1, 1, 0, 0, 0
73137, 0, 1, 1, 0, 0, 0
73138, 1, 1, 1, 0, 0, 1
76946, 0, 1, 1, 0, 0, 0
16427, 1, 1, 1, 0, 1, 0
18027, 0, 2, 2, 0, 0, 0
18045, 10, 2, 2, 0, 8, 2
17420, 14, 1, 0, 1, 14, 0
115159, 24, 3, 3, 0, 24, 0
127185, 5, 1, 1, 0, 5, 0
29822, 10, 2, 2, 0, 4, 6
29825, 4, 2, 0, 2, 1, 3
29827, 2, 3, 1, 2, 1, 1
29830, 0, 2, 2, 0, 0, 0
29831, 0, 2, 2, 0, 0, 0
30534, 1, 2, 0, 2, 1, 0
32904, 0, 2, 2, 0, 0, 0
32905, 0, 1, 1, 0, 0, 0
32906, 0, 1, 1, 0, 0, 0
97007, 0, 1, 1, 0, 0, 0
97008, 0, 1, 1, 0, 0, 0
101222, 0, 1, 1, 0, 0, 0
103285, 1, 1, 1, 0, 1, 0
110412, 1, 1, 1, 0, 1, 0
112894, 0, 1, 1, 0, 0, 0
44959, 0, 2, 0, 2, 0, 0
33489, 59, 18, 18, 0, 58, 1
35868, 2, 4, 4, 0, 2, 0
46709, 1, 2, 1, 1, 1, 0
47780, 5, 3, 3, 0, 5, 0
65723, 11, 6, 6, 0, 11, 0
66715, 15, 5, 5, 0, 15, 0
70425, 0, 2, 0, 2, 0, 0
70426, 1, 2, 2, 0, 1, 0
70428, 0, 2, 0, 2, 0, 0
70431, 0, 1, 0, 1, 0, 0
70432, 0, 1, 1, 0, 0, 0
37344, 13, 2, 2, 0, 11, 2
55300, 2, 3, 2, 1, 2, 0
85873, 0, 1, 0, 1, 0, 0
36355, 3, 24, 21, 3, 3, 0
89850, 0, 1, 0, 1, 0, 0
31357, 0, 2, 0, 2, 0, 0
31358, 0, 2, 0, 2, 0, 0
37480, 0, 2, 1, 1, 0, 0
37481, 0, 2, 0, 2, 0, 0
37482, 0, 1, 0, 1, 0, 0
21819, 1, 1, 1, 0, 1, 0
29424, 1, 1, 1, 0, 1, 0
43404, 0, 2, 0, 2, 0, 0
43405, 0, 1, 1, 0, 0, 0
43406, 0, 1, 1, 0, 0, 0
103624, 2, 7, 5, 2, 2, 0
9292, 2, 2, 2, 0, 2, 0
9293, 2, 4, 4, 0, 2, 0
9294, 1, 0, 0, 0, 1, 0
9296, 1, 0, 0, 0, 1, 0
9298, 1, 0, 0, 0, 1, 0
9299, 1, 0, 0, 0, 0, 1
18566, 1, 1, 0, 1, 0, 1
53533, 8, 2, 2, 0, 6, 2
60136, 0, 1, 0, 1, 0, 0
9301, 3, 1, 1, 0, 3, 0
49856, 65, 15, 13, 2, 63, 2
9302, 1, 0, 0, 0, 1, 0
9303, 0, 1, 1, 0, 0, 0
9304, 2, 0, 0, 0, 2, 0
9305, 1, 0, 0, 0, 1, 0
15103, 5, 3, 3, 0, 5, 0
9309, 1, 0, 0, 0, 1, 0
73785, 0, 3, 3, 0, 0, 0
86995, 1, 2, 2, 0, 1, 0
87235, 1, 6, 6, 0, 1, 0
89275, 1, 2, 2, 0, 1, 0
89739, 0, 1, 1, 0, 0, 0
89740, 0, 1, 1, 0, 0, 0
9311, 1, 0, 0, 0, 1, 0
9313, 1, 1, 1, 0, 1, 0
9314, 3, 3, 3, 0, 3, 0
13562, 5, 3, 3, 0, 5, 0
65316, 1, 1, 1, 0, 1, 0
9315, 1, 0, 0, 0, 0, 1
39031, 10, 9, 8, 1, 10, 0
63609, 0, 2, 0, 2, 0, 0
75245, 0, 1, 0, 1, 0, 0
17742, 1, 2, 0, 2, 1, 0
57964, 2, 2, 1, 1, 2, 0
91603, 0, 1, 0, 1, 0, 0
91604, 0, 1, 0, 1, 0, 0
91605, 0, 1, 0, 1, 0, 0
91606, 0, 1, 0, 1, 0, 0
22218, 12, 5, 4, 1, 12, 0
47140, 11, 11, 11, 0, 11, 0
9321, 1, 0, 0, 0, 0, 1
9322, 0, 1, 0, 1, 0, 0
9323, 1, 0, 0, 0, 0, 1
9324, 2, 2, 1, 1, 2, 0
41663, 1, 1, 1, 0, 1, 0
9325, 2, 0, 0, 0, 2, 0
129532, 0, 1, 1, 0, 0, 0
129533, 0, 1, 1, 0, 0, 0
9327, 1, 0, 0, 0, 1, 0
9328, 1, 0, 0, 0, 1, 0
9329, 1, 1, 1, 0, 0, 1
10194, 0, 2, 1, 1, 0, 0
9330, 1, 0, 0, 0, 0, 1
9331, 1, 2, 1, 1, 1, 0
118711, 0, 1, 1, 0, 0, 0
9332, 1, 0, 0, 0, 0, 1
9333, 1, 1, 1, 0, 1, 0
9334, 1, 1, 1, 0, 1, 0
9335, 1, 0, 0, 0, 1, 0
9336, 1, 1, 1, 0, 0, 1
9337, 2, 1, 0, 1, 2, 0
9338, 1, 0, 0, 0, 1, 0
9339, 1, 0, 0, 0, 1, 0
9340, 1, 0, 0, 0, 1, 0
9341, 1, 0, 0, 0, 1, 0
30515, 3, 4, 3, 1, 3, 0
34331, 21, 20, 20, 0, 21, 0
57293, 8, 4, 2, 2, 8, 0
60442, 4, 6, 6, 0, 4, 0
69174, 1, 6, 5, 1, 1, 0
70245, 0, 2, 2, 0, 0, 0
75842, 5, 8, 8, 0, 5, 0
78471, 0, 4, 4, 0, 0, 0
89470, 2, 1, 1, 0, 2, 0
89611, 1, 1, 1, 0, 1, 0
89776, 2, 2, 2, 0, 2, 0
90747, 0, 1, 1, 0, 0, 0
90748, 0, 1, 1, 0, 0, 0
90749, 0, 1, 1, 0, 0, 0
90750, 0, 1, 1, 0, 0, 0
90751, 0, 1, 1, 0, 0, 0
90752, 0, 1, 1, 0, 0, 0
90753, 0, 1, 1, 0, 0, 0
90754, 0, 1, 1, 0, 0, 0
90755, 0, 1, 1, 0, 0, 0
90756, 0, 1, 1, 0, 0, 0
109627, 2, 1, 1, 0, 2, 0
112338, 2, 2, 2, 0, 2, 0
123742, 0, 1, 1, 0, 0, 0
9344, 1, 1, 1, 0, 1, 0
97498, 1, 1, 1, 0, 1, 0
9346, 7, 0, 0, 0, 7, 0
15656, 1, 2, 2, 0, 1, 0
17701, 0, 1, 1, 0, 0, 0
9350, 7, 3, 3, 0, 4, 3
18449, 2, 1, 0, 1, 2, 0
26465, 5, 4, 4, 0, 5, 0
33999, 0, 4, 3, 1, 0, 0
47450, 2, 5, 5, 0, 2, 0
50365, 1, 2, 0, 2, 0, 1
59306, 3, 3, 2, 1, 3, 0
71982, 7, 11, 11, 0, 7, 0
72169, 4, 9, 9, 0, 4, 0
79458, 5, 5, 5, 0, 4, 1
91410, 0, 1, 1, 0, 0, 0
91411, 0, 1, 0, 1, 0, 0
20360, 0, 3, 0, 3, 0, 0
22599, 1, 1, 1, 0, 1, 0
58098, 1, 1, 1, 0, 1, 0
76274, 2, 2, 2, 0, 2, 0
55415, 26, 16, 16, 0, 26, 0
65808, 2, 10, 10, 0, 2, 0
68492, 47, 25, 25, 0, 46, 1
69651, 3, 6, 6, 0, 3, 0
94638, 1, 2, 1, 1, 1, 0
45605, 4, 8, 8, 0, 4, 0
9355, 1, 0, 0, 0, 1, 0
9357, 2, 0, 0, 0, 2, 0
9358, 14, 12, 12, 0, 12, 2
42002, 4, 2, 2, 0, 4, 0
42003, 2, 4, 4, 0, 2, 0
42004, 14, 10, 10, 0, 14, 0
56689, 0, 5, 5, 0, 0, 0
64499, 12, 11, 11, 0, 12, 0
90829, 7, 3, 3, 0, 7, 0
9360, 1, 0, 0, 0, 1, 0
9361, 1, 0, 0, 0, 1, 0
9362, 0, 1, 1, 0, 0, 0
9363, 2, 0, 0, 0, 2, 0
103329, 0, 1, 1, 0, 0, 0
18548, 0, 2, 2, 0, 0, 0
64032, 4, 3, 3, 0, 4, 0
69838, 2, 2, 2, 0, 2, 0
70320, 3, 5, 5, 0, 3, 0
89197, 4, 2, 2, 0, 4, 0
89992, 0, 2, 2, 0, 0, 0
92493, 0, 1, 1, 0, 0, 0
92494, 0, 1, 1, 0, 0, 0
92495, 0, 1, 1, 0, 0, 0
92496, 0, 1, 1, 0, 0, 0
9366, 1, 1, 1, 0, 1, 0
68673, 5, 3, 3, 0, 5, 0
70219, 1, 1, 1, 0, 1, 0
75075, 0, 2, 2, 0, 0, 0
9369, 1, 0, 0, 0, 1, 0
37077, 2, 7, 7, 0, 2, 0
9371, 1, 0, 0, 0, 1, 0
9372, 1, 0, 0, 0, 1, 0
9373, 1, 1, 1, 0, 1, 0
9375, 1, 0, 0, 0, 1, 0
125291, 9, 5, 5, 0, 9, 0
52688, 1, 3, 1, 2, 1, 0
9380, 1, 0, 0, 0, 1, 0
9629, 6, 26, 20, 6, 2, 4
19978, 4, 4, 3, 1, 2, 2
46586, 2, 3, 2, 1, 2, 0
53157, 101, 15, 11, 4, 101, 0
56350, 0, 2, 1, 1, 0, 0
56621, 1, 2, 1, 1, 1, 0
61484, 4, 3, 2, 1, 4, 0
61925, 9, 8, 7, 1, 9, 0
65573, 0, 2, 0, 2, 0, 0
65577, 0, 3, 0, 3, 0, 0
71090, 1, 1, 1, 0, 1, 0
71431, 0, 2, 0, 2, 0, 0
71432, 0, 1, 0, 1, 0, 0
71433, 0, 1, 0, 1, 0, 0
71435, 0, 1, 0, 1, 0, 0
71436, 0, 1, 0, 1, 0, 0
71437, 0, 1, 0, 1, 0, 0
71438, 0, 1, 0, 1, 0, 0
71439, 0, 1, 0, 1, 0, 0
71441, 0, 1, 0, 1, 0, 0
71442, 0, 1, 1, 0, 0, 0
71443, 0, 1, 0, 1, 0, 0
71444, 0, 1, 0, 1, 0, 0
71445, 0, 1, 0, 1, 0, 0
71446, 0, 1, 0, 1, 0, 0
71447, 0, 1, 0, 1, 0, 0
71448, 0, 1, 0, 1, 0, 0
71449, 0, 1, 0, 1, 0, 0
71450, 0, 1, 0, 1, 0, 0
9382, 1, 0, 0, 0, 1, 0
9383, 0, 6, 6, 0, 0, 0
56335, 1, 37, 35, 2, 1, 0
74824, 2, 2, 2, 0, 2, 0
93029, 0, 1, 0, 1, 0, 0
93030, 0, 1, 0, 1, 0, 0
93031, 0, 1, 0, 1, 0, 0
93032, 0, 1, 0, 1, 0, 0
93033, 0, 1, 0, 1, 0, 0
93034, 0, 1, 0, 1, 0, 0
93035, 0, 1, 0, 1, 0, 0
93036, 0, 1, 0, 1, 0, 0
93037, 0, 1, 0, 1, 0, 0
93038, 0, 1, 0, 1, 0, 0
93039, 0, 1, 0, 1, 0, 0
93040, 0, 1, 0, 1, 0, 0
93041, 0, 1, 0, 1, 0, 0
9385, 1, 0, 0, 0, 0, 1
13544, 2, 1, 1, 0, 2, 0
13545, 2, 1, 1, 0, 2, 0
9387, 3, 0, 0, 0, 2, 1
9389, 2, 0, 0, 0, 2, 0
9390, 1, 0, 0, 0, 0, 1
9391, 0, 2, 1, 1, 0, 0
9392, 1, 0, 0, 0, 1, 0
9836, 0, 1, 1, 0, 0, 0
9837, 0, 1, 1, 0, 0, 0
9394, 1, 0, 0, 0, 1, 0
22391, 2, 2, 2, 0, 2, 0
24451, 12, 5, 5, 0, 10, 2
30405, 0, 2, 2, 0, 0, 0
9398, 1, 0, 0, 0, 1, 0
9401, 1, 1, 1, 0, 1, 0
9402, 2, 0, 0, 0, 2, 0
9404, 0, 1, 1, 0, 0, 0
12015, 0, 4, 0, 4, 0, 0
44317, 1, 2, 1, 1, 1, 0
58863, 0, 3, 0, 3, 0, 0
76365, 0, 2, 0, 2, 0, 0
86188, 0, 2, 0, 2, 0, 0
92218, 0, 2, 0, 2, 0, 0
92286, 0, 1, 0, 1, 0, 0
92287, 0, 1, 0, 1, 0, 0
92288, 0, 1, 0, 1, 0, 0
92289, 0, 1, 0, 1, 0, 0
92290, 0, 1, 0, 1, 0, 0
92291, 0, 1, 0, 1, 0, 0
127392, 0, 1, 1, 0, 0, 0
9405, 1, 1, 1, 0, 0, 1
9406, 1, 1, 0, 1, 1, 0
9408, 1, 0, 0, 0, 1, 0
9410, 1, 0, 0, 0, 1, 0
9411, 1, 0, 0, 0, 0, 1
9412, 1, 0, 0, 0, 1, 0
46466, 6, 3, 3, 0, 6, 0
9414, 1, 0, 0, 0, 1, 0
29235, 1, 3, 3, 0, 1, 0
59918, 0, 1, 0, 1, 0, 0
59919, 0, 1, 0, 1, 0, 0
9417, 1, 0, 0, 0, 0, 1
9418, 2, 0, 0, 0, 2, 0
9422, 1, 0, 0, 0, 0, 1
9423, 0, 1, 0, 1, 0, 0
9424, 1, 0, 0, 0, 1, 0
9425, 1, 0, 0, 0, 1, 0
9426, 1, 0, 0, 0, 1, 0
9427, 1, 6, 5, 1, 1, 0
42631, 3, 2, 2, 0, 3, 0
9428, 1, 0, 0, 0, 1, 0
9429, 1, 0, 0, 0, 1, 0
35950, 3, 7, 7, 0, 3, 0
49071, 3, 4, 4, 0, 3, 0
9431, 1, 0, 0, 0, 1, 0
9432, 0, 1, 1, 0, 0, 0
9433, 1, 0, 0, 0, 1, 0
9434, 2, 2, 2, 0, 2, 0
9437, 1, 0, 0, 0, 1, 0
9438, 1, 0, 0, 0, 1, 0
52110, 3, 1, 1, 0, 3, 0
9443, 1, 0, 0, 0, 1, 0
9444, 0, 1, 1, 0, 0, 0
9445, 1, 0, 0, 0, 1, 0
15025, 3, 7, 7, 0, 3, 0
37146, 5, 4, 4, 0, 5, 0
37148, 16, 26, 26, 0, 16, 0
61737, 8, 1, 1, 0, 4, 4
66724, 30, 15, 15, 0, 30, 0
67960, 20, 8, 8, 0, 20, 0
67962, 11, 9, 9, 0, 11, 0
68327, 3, 19, 19, 0, 3, 0
68495, 8, 13, 13, 0, 8, 0
68498, 5, 16, 16, 0, 5, 0
69024, 0, 11, 10, 1, 0, 0
73490, 8, 3, 3, 0, 8, 0
84579, 0, 1, 1, 0, 0, 0
84580, 0, 1, 1, 0, 0, 0
84581, 0, 1, 1, 0, 0, 0
84582, 0, 1, 1, 0, 0, 0
9447, 1, 0, 0, 0, 1, 0
9448, 3, 1, 1, 0, 3, 0
9449, 1, 0, 0, 0, 0, 1
48652, 1, 1, 1, 0, 1, 0
9451, 2, 0, 0, 0, 2, 0
9573, 1, 1, 1, 0, 1, 0
9454, 1, 0, 0, 0, 1, 0
9455, 0, 1, 1, 0, 0, 0
9456, 1, 0, 0, 0, 1, 0
125662, 83, 7, 6, 1, 83, 0
131394, 4, 3, 3, 0, 4, 0
31218, 6, 5, 4, 1, 5, 1
111580, 10, 2, 1, 1, 10, 0
122750, 1, 1, 1, 0, 1, 0
122943, 6, 2, 1, 1, 6, 0
123941, 1, 1, 1, 0, 1, 0
125125, 8, 3, 3, 0, 8, 0
125809, 1, 1, 1, 0, 1, 0
128155, 4, 1, 1, 0, 4, 0
129534, 7, 1, 1, 0, 7, 0
31968, 1, 2, 1, 1, 0, 1
9461, 5, 0, 0, 0, 5, 0
9463, 1, 5, 5, 0, 1, 0
9464, 1, 0, 0, 0, 1, 0
9465, 1, 0, 0, 0, 0, 1
9466, 1, 1, 0, 1, 1, 0
9474, 0, 1, 1, 0, 0, 0
34137, 5, 6, 6, 0, 5, 0
60167, 9, 11, 11, 0, 9, 0
60520, 3, 56, 56, 0, 3, 0
9469, 1, 0, 0, 0, 1, 0
9470, 0, 3, 3, 0, 0, 0
9472, 2, 0, 0, 0, 2, 0
9473, 1, 2, 2, 0, 0, 1
94229, 0, 4, 0, 4, 0, 0
9476, 1, 0, 0, 0, 1, 0
9477, 1, 0, 0, 0, 1, 0
9478, 1, 0, 0, 0, 1, 0
9479, 0, 1, 1, 0, 0, 0
9480, 1, 0, 0, 0, 1, 0
9481, 2, 0, 0, 0, 2, 0
9482, 1, 0, 0, 0, 1, 0
9484, 1, 0, 0, 0, 1, 0
9485, 1, 0, 0, 0, 1, 0
9487, 1, 0, 0, 0, 1, 0
40280, 2, 2, 2, 0, 2, 0
9489, 1, 0, 0, 0, 1, 0
9490, 3, 5, 4, 1, 3, 0
9491, 2, 0, 0, 0, 2, 0
9492, 0, 2, 2, 0, 0, 0
9494, 1, 0, 0, 0, 1, 0
9496, 1, 1, 1, 0, 1, 0
9497, 1, 1, 1, 0, 1, 0
9498, 1, 1, 0, 1, 1, 0
9499, 1, 0, 0, 0, 0, 1
9500, 0, 1, 0, 1, 0, 0
9501, 1, 0, 0, 0, 1, 0
58692, 0, 1, 0, 1, 0, 0
11449, 5, 4, 2, 2, 2, 3
36954, 2, 1, 0, 1, 2, 0
41480, 6, 3, 3, 0, 5, 1
42458, 40, 17, 17, 0, 40, 0
47781, 13, 2, 2, 0, 11, 2
48950, 0, 3, 1, 2, 0, 0
53812, 2, 3, 1, 2, 2, 0
56196, 5, 3, 2, 1, 5, 0
67208, 1, 2, 0, 2, 1, 0
74159, 0, 3, 0, 3, 0, 0
74245, 0, 6, 0, 6, 0, 0
77637, 0, 2, 0, 2, 0, 0
124057, 2, 2, 1, 1, 2, 0
66475, 1, 3, 2, 1, 1, 0
67359, 2, 1, 1, 0, 2, 0
96357, 1, 2, 2, 0, 1, 0
102151, 2, 1, 1, 0, 2, 0
102441, 0, 1, 1, 0, 0, 0
114790, 0, 1, 1, 0, 0, 0
9508, 1, 0, 0, 0, 0, 1
9509, 1, 0, 0, 0, 1, 0
9510, 1, 0, 0, 0, 1, 0
9511, 1, 0, 0, 0, 0, 1
9512, 0, 1, 0, 1, 0, 0
9513, 1, 1, 1, 0, 0, 1
9517, 2, 0, 0, 0, 1, 1
9519, 2, 3, 1, 2, 0, 2
9520, 1, 0, 0, 0, 1, 0
9521, 0, 4, 4, 0, 0, 0
9522, 7, 1, 1, 0, 6, 1
9523, 1, 1, 1, 0, 1, 0
9524, 0, 1, 1, 0, 0, 0
9525, 0, 1, 1, 0, 0, 0
9526, 1, 0, 0, 0, 1, 0
9527, 0, 1, 1, 0, 0, 0
19872, 4, 12, 12, 0, 4, 0
44970, 10, 1, 1, 0, 10, 0
70536, 7, 2, 2, 0, 7, 0
9530, 1, 0, 0, 0, 1, 0
9532, 1, 0, 0, 0, 1, 0
9534, 1, 0, 0, 0, 1, 0
9535, 1, 0, 0, 0, 0, 1
9536, 4, 0, 0, 0, 3, 1
30392, 0, 3, 1, 2, 0, 0
33813, 2, 3, 1, 2, 1, 1
50418, 0, 1, 0, 1, 0, 0
9540, 2, 2, 2, 0, 2, 0
9541, 2, 0, 0, 0, 2, 0
9542, 1, 2, 2, 0, 1, 0
9543, 1, 0, 0, 0, 1, 0
9544, 3, 2, 2, 0, 2, 1
9547, 1, 0, 0, 0, 0, 1
9548, 1, 1, 1, 0, 1, 0
9549, 1, 1, 1, 0, 1, 0
40516, 6, 7, 5, 2, 6, 0
63389, 1, 21, 21, 0, 1, 0
9551, 1, 0, 0, 0, 1, 0
9552, 0, 1, 1, 0, 0, 0
9553, 1, 0, 0, 0, 1, 0
9554, 1, 0, 0, 0, 1, 0
9555, 2, 4, 4, 0, 2, 0
9556, 1, 0, 0, 0, 0, 1
9558, 2, 0, 0, 0, 0, 2
9560, 1, 0, 0, 0, 1, 0
9563, 0, 8, 7, 1, 0, 0
60410, 1, 1, 0, 1, 0, 1
61913, 0, 1, 1, 0, 0, 0
9565, 1, 0, 0, 0, 0, 1
9566, 1, 0, 0, 0, 1, 0
9567, 16, 12, 12, 0, 15, 1
46469, 2, 2, 2, 0, 2, 0
9569, 1, 0, 0, 0, 1, 0
25596, 3, 2, 2, 0, 3, 0
57244, 9, 6, 6, 0, 9, 0
9571, 1, 0, 0, 0, 1, 0
87082, 2, 7, 7, 0, 2, 0
88102, 2, 4, 4, 0, 2, 0
9577, 2, 0, 0, 0, 2, 0
9578, 1, 0, 0, 0, 1, 0
9580, 1, 0, 0, 0, 1, 0
9581, 1, 0, 0, 0, 1, 0
9582, 1, 1, 1, 0, 1, 0
9583, 5, 2, 2, 0, 5, 0
27028, 5, 1, 1, 0, 5, 0
9584, 1, 0, 0, 0, 1, 0
9585, 1, 1, 1, 0, 1, 0
9586, 1, 0, 0, 0, 1, 0
9587, 1, 0, 0, 0, 1, 0
9588, 1, 0, 0, 0, 1, 0
9589, 1, 0, 0, 0, 1, 0
9590, 1, 4, 2, 2, 1, 0
10238, 1, 1, 1, 0, 1, 0
45348, 2, 2, 2, 0, 2, 0
45350, 4, 4, 4, 0, 3, 1
45351, 8, 7, 7, 0, 7, 1
9593, 2, 0, 0, 0, 2, 0
101950, 2, 2, 2, 0, 2, 0
9596, 2, 0, 0, 0, 1, 1
9597, 1, 0, 0, 0, 1, 0
9598, 1, 1, 1, 0, 1, 0
9599, 3, 3, 3, 0, 3, 0
9600, 1, 0, 0, 0, 1, 0
9601, 0, 1, 1, 0, 0, 0
18340, 5, 4, 4, 0, 5, 0
26717, 2, 1, 1, 0, 2, 0
27118, 1, 1, 1, 0, 1, 0
9603, 2, 0, 0, 0, 2, 0
9604, 2, 0, 0, 0, 0, 2
9605, 3, 3, 2, 1, 3, 0
9606, 0, 4, 3, 1, 0, 0
99577, 2, 2, 2, 0, 2, 0
9607, 2, 0, 0, 0, 2, 0
12313, 2, 2, 2, 0, 2, 0
13220, 6, 3, 3, 0, 6, 0
13221, 0, 2, 2, 0, 0, 0
13681, 0, 2, 2, 0, 0, 0
41497, 4, 2, 2, 0, 4, 0
44994, 4, 4, 3, 1, 2, 2
47995, 6, 21, 21, 0, 6, 0
61187, 0, 4, 4, 0, 0, 0
62649, 7, 4, 4, 0, 7, 0
65250, 5, 8, 8, 0, 5, 0
66995, 3, 4, 4, 0, 3, 0
68405, 4, 4, 3, 1, 4, 0
69742, 1, 2, 2, 0, 1, 0
74546, 4, 2, 2, 0, 4, 0
74593, 5, 2, 2, 0, 2, 3
84212, 1, 1, 1, 0, 1, 0
87706, 0, 1, 1, 0, 0, 0
87707, 0, 1, 1, 0, 0, 0
87708, 0, 1, 1, 0, 0, 0
87709, 0, 1, 1, 0, 0, 0
87711, 0, 1, 0, 1, 0, 0
9611, 1, 0, 0, 0, 1, 0
44983, 2, 1, 1, 0, 2, 0
44984, 3, 2, 2, 0, 1, 2
48538, 0, 1, 0, 1, 0, 0
48540, 0, 1, 0, 1, 0, 0
9613, 1, 0, 0, 0, 1, 0
9614, 1, 0, 0, 0, 1, 0
13270, 0, 1, 1, 0, 0, 0
9616, 1, 0, 0, 0, 1, 0
9617, 1, 0, 0, 0, 1, 0
37241, 2, 4, 4, 0, 2, 0
9891, 0, 4, 4, 0, 0, 0
17601, 5, 9, 7, 2, 4, 1
19985, 4, 10, 6, 4, 4, 0
32701, 0, 2, 1, 1, 0, 0
35580, 5, 6, 6, 0, 5, 0
36057, 2, 2, 2, 0, 2, 0
38858, 7, 12, 4, 8, 7, 0
40347, 3, 3, 3, 0, 3, 0
42921, 8, 3, 3, 0, 7, 1
45326, 5, 8, 8, 0, 5, 0
46678, 6, 6, 6, 0, 6, 0
54498, 12, 4, 3, 1, 12, 0
54926, 48, 20, 18, 2, 46, 2
56023, 1, 9, 9, 0, 1, 0
57205, 12, 9, 9, 0, 12, 0
57920, 9, 6, 6, 0, 9, 0
59042, 0, 2, 2, 0, 0, 0
59196, 3, 2, 1, 1, 2, 1
64196, 21, 1, 1, 0, 21, 0
67113, 1, 2, 2, 0, 1, 0
68623, 2, 2, 2, 0, 2, 0
69829, 5, 7, 7, 0, 4, 1
70744, 6, 9, 9, 0, 6, 0
72044, 13, 6, 6, 0, 12, 1
72512, 4, 6, 6, 0, 4, 0
74836, 2, 3, 3, 0, 2, 0
74837, 2, 2, 2, 0, 2, 0
76295, 3, 2, 2, 0, 3, 0
78880, 1, 1, 1, 0, 1, 0
79081, 1, 1, 1, 0, 1, 0
79169, 2, 1, 1, 0, 2, 0
79209, 1, 3, 3, 0, 1, 0
79452, 2, 2, 2, 0, 2, 0
79582, 0, 2, 2, 0, 0, 0
79583, 0, 2, 2, 0, 0, 0
79584, 0, 3, 3, 0, 0, 0
79805, 1, 2, 2, 0, 1, 0
80120, 1, 2, 2, 0, 1, 0
80697, 0, 2, 2, 0, 0, 0
80868, 0, 1, 1, 0, 0, 0
80869, 0, 2, 2, 0, 0, 0
80870, 0, 1, 1, 0, 0, 0
80871, 0, 1, 1, 0, 0, 0
80872, 0, 1, 1, 0, 0, 0
80873, 0, 1, 1, 0, 0, 0
80875, 0, 1, 1, 0, 0, 0
80876, 0, 2, 2, 0, 0, 0
80877, 0, 2, 2, 0, 0, 0
80878, 0, 1, 1, 0, 0, 0
80879, 0, 1, 1, 0, 0, 0
80880, 0, 2, 2, 0, 0, 0
80881, 0, 1, 1, 0, 0, 0
80882, 0, 2, 2, 0, 0, 0
80883, 0, 1, 1, 0, 0, 0
80884, 0, 2, 2, 0, 0, 0
80885, 0, 2, 2, 0, 0, 0
80886, 1, 1, 1, 0, 1, 0
80887, 0, 1, 1, 0, 0, 0
80888, 0, 1, 1, 0, 0, 0
80889, 0, 1, 1, 0, 0, 0
80891, 0, 1, 1, 0, 0, 0
80892, 0, 1, 1, 0, 0, 0
80893, 0, 1, 1, 0, 0, 0
80894, 1, 1, 1, 0, 1, 0
9628, 4, 0, 0, 0, 1, 3
12061, 4, 8, 7, 1, 4, 0
53575, 2, 4, 2, 2, 1, 1
60489, 5, 2, 2, 0, 5, 0
9632, 1, 0, 0, 0, 1, 0
9634, 1, 0, 0, 0, 1, 0
9636, 1, 0, 0, 0, 0, 1
9638, 1, 0, 0, 0, 1, 0
9639, 4, 1, 1, 0, 3, 1
44167, 32, 8, 8, 0, 32, 0
38272, 4, 9, 9, 0, 3, 1
42071, 0, 1, 1, 0, 0, 0
103917, 0, 1, 1, 0, 0, 0
118798, 0, 1, 1, 0, 0, 0
9645, 2, 0, 0, 0, 2, 0
9646, 1, 0, 0, 0, 1, 0
9647, 1, 0, 0, 0, 1, 0
9648, 1, 0, 0, 0, 0, 1
9649, 1, 2, 1, 1, 1, 0
9650, 1, 0, 0, 0, 0, 1
9651, 0, 3, 2, 1, 0, 0
9652, 1, 0, 0, 0, 1, 0
9653, 1, 2, 2, 0, 1, 0
9655, 1, 0, 0, 0, 0, 1
9656, 0, 3, 2, 1, 0, 0
9657, 1, 0, 0, 0, 1, 0
13525, 2, 1, 1, 0, 2, 0
13526, 5, 6, 6, 0, 5, 0
35465, 1, 1, 1, 0, 1, 0
44010, 11, 3, 3, 0, 10, 1
44011, 0, 5, 5, 0, 0, 0
50256, 1, 1, 1, 0, 1, 0
55726, 5, 4, 4, 0, 5, 0
56071, 0, 2, 2, 0, 0, 0
73697, 0, 1, 1, 0, 0, 0
73698, 0, 1, 1, 0, 0, 0
9659, 1, 1, 1, 0, 1, 0
9660, 1, 1, 1, 0, 1, 0
9662, 1, 0, 0, 0, 1, 0
15886, 0, 9, 2, 7, 0, 0
33372, 5, 2, 2, 0, 5, 0
49614, 5, 23, 21, 2, 5, 0
56367, 6, 5, 5, 0, 6, 0
66354, 8, 1, 1, 0, 8, 0
85894, 0, 2, 0, 2, 0, 0
92293, 0, 1, 0, 1, 0, 0
92294, 0, 1, 0, 1, 0, 0
92295, 0, 1, 0, 1, 0, 0
92296, 0, 1, 0, 1, 0, 0
92297, 0, 1, 0, 1, 0, 0
92298, 0, 1, 0, 1, 0, 0
9664, 1, 0, 0, 0, 0, 1
106483, 2, 1, 1, 0, 2, 0
113715, 1, 1, 1, 0, 1, 0
121022, 7, 4, 4, 0, 7, 0
9667, 1, 0, 0, 0, 0, 1
9669, 1, 0, 0, 0, 1, 0
9674, 13, 1, 1, 0, 12, 1
9677, 1, 2, 2, 0, 1, 0
15069, 1, 5, 5, 0, 1, 0
111362, 2, 1, 0, 1, 2, 0
116820, 0, 2, 2, 0, 0, 0
24187, 2, 4, 4, 0, 2, 0
12097, 11, 8, 7, 1, 7, 4
12566, 6, 9, 7, 2, 6, 0
13407, 2, 5, 5, 0, 2, 0
22689, 1, 2, 2, 0, 0, 1
23197, 0, 4, 4, 0, 0, 0
25329, 6, 6, 6, 0, 5, 1
30775, 1, 1, 1, 0, 1, 0
30996, 0, 4, 4, 0, 0, 0
31471, 1, 1, 1, 0, 1, 0
42766, 3, 6, 6, 0, 3, 0
45416, 1, 5, 5, 0, 1, 0
47560, 0, 1, 1, 0, 0, 0
47562, 0, 3, 1, 2, 0, 0
47563, 0, 1, 1, 0, 0, 0
47565, 0, 1, 1, 0, 0, 0
47566, 0, 3, 3, 0, 0, 0
47567, 0, 2, 2, 0, 0, 0
47570, 0, 2, 2, 0, 0, 0
47571, 0, 2, 1, 1, 0, 0
49346, 2, 2, 2, 0, 2, 0
60013, 2, 2, 2, 0, 2, 0
63110, 0, 2, 0, 2, 0, 0
86626, 2, 3, 3, 0, 2, 0
96026, 1, 1, 1, 0, 1, 0
108109, 0, 1, 1, 0, 0, 0
108764, 0, 1, 1, 0, 0, 0
109330, 0, 1, 1, 0, 0, 0
109339, 0, 1, 1, 0, 0, 0
110498, 0, 1, 1, 0, 0, 0
111279, 1, 1, 1, 0, 1, 0
112172, 0, 1, 1, 0, 0, 0
113045, 0, 3, 3, 0, 0, 0
113858, 0, 1, 0, 1, 0, 0
114373, 0, 1, 1, 0, 0, 0
117998, 0, 1, 0, 1, 0, 0
120728, 0, 1, 1, 0, 0, 0
120729, 0, 1, 1, 0, 0, 0
11422, 3, 2, 2, 0, 3, 0
36911, 5, 2, 2, 0, 4, 1
37487, 15, 10, 10, 0, 10, 5
39677, 7, 7, 6, 1, 7, 0
41248, 4, 3, 3, 0, 4, 0
41434, 2, 7, 7, 0, 2, 0
69601, 0, 2, 2, 0, 0, 0
69602, 0, 1, 1, 0, 0, 0
69603, 0, 1, 1, 0, 0, 0
18730, 0, 1, 1, 0, 0, 0
9679, 3, 0, 0, 0, 2, 1
18308, 1, 1, 1, 0, 1, 0
18550, 1, 1, 1, 0, 1, 0
9682, 1, 0, 0, 0, 1, 0
9683, 1, 0, 0, 0, 1, 0
53334, 1, 1, 0, 1, 0, 1
63572, 0, 1, 0, 1, 0, 0
9687, 1, 0, 0, 0, 1, 0
9688, 1, 0, 0, 0, 0, 1
9690, 1, 0, 0, 0, 1, 0
9691, 1, 0, 0, 0, 1, 0
9692, 1, 0, 0, 0, 0, 1
9693, 2, 1, 1, 0, 2, 0
19932, 1, 1, 1, 0, 1, 0
19933, 0, 2, 2, 0, 0, 0
19934, 0, 1, 1, 0, 0, 0
31680, 0, 1, 1, 0, 0, 0
15587, 1, 1, 1, 0, 1, 0
27151, 0, 1, 0, 1, 0, 0
27155, 0, 2, 0, 2, 0, 0
14425, 13, 4, 3, 1, 11, 2
38212, 12, 20, 17, 3, 12, 0
26060, 2, 1, 1, 0, 2, 0
28239, 0, 1, 1, 0, 0, 0
28242, 0, 1, 1, 0, 0, 0
9703, 1, 0, 0, 0, 1, 0
9704, 1, 0, 0, 0, 1, 0
38801, 13, 19, 19, 0, 13, 0
52716, 7, 7, 6, 1, 7, 0
68995, 13, 7, 7, 0, 13, 0
69629, 0, 2, 2, 0, 0, 0
70721, 5, 14, 14, 0, 5, 0
74517, 0, 2, 2, 0, 0, 0
74854, 0, 2, 2, 0, 0, 0
75141, 7, 4, 3, 1, 7, 0
75142, 0, 2, 2, 0, 0, 0
75144, 0, 2, 2, 0, 0, 0
75167, 6, 3, 3, 0, 6, 0
75292, 1, 2, 2, 0, 1, 0
75919, 3, 3, 3, 0, 3, 0
81754, 0, 1, 1, 0, 0, 0
81755, 0, 1, 1, 0, 0, 0
81756, 0, 1, 1, 0, 0, 0
81757, 0, 1, 1, 0, 0, 0
81758, 0, 1, 1, 0, 0, 0
9707, 1, 0, 0, 0, 1, 0
9708, 1, 0, 0, 0, 1, 0
9709, 2, 0, 0, 0, 2, 0
9710, 2, 0, 0, 0, 2, 0
9711, 1, 0, 0, 0, 0, 1
9712, 1, 0, 0, 0, 0, 1
9713, 1, 0, 0, 0, 1, 0
9715, 5, 3, 3, 0, 4, 1
93364, 2, 1, 1, 0, 1, 1
22036, 10, 11, 10, 1, 10, 0
31104, 3, 1, 1, 0, 2, 1
89623, 0, 1, 1, 0, 0, 0
20858, 1, 3, 3, 0, 1, 0
9718, 1, 0, 0, 0, 0, 1
9719, 1, 0, 0, 0, 1, 0
24554, 2, 5, 5, 0, 2, 0
38148, 11, 4, 4, 0, 11, 0
38867, 9, 16, 16, 0, 9, 0
46574, 6, 5, 5, 0, 6, 0
93061, 0, 1, 0, 1, 0, 0
93062, 0, 1, 0, 1, 0, 0
93063, 0, 1, 1, 0, 0, 0
93064, 0, 1, 0, 1, 0, 0
9721, 1, 0, 0, 0, 0, 1
9722, 1, 0, 0, 0, 1, 0
9723, 1, 0, 0, 0, 0, 1
9724, 6, 7, 3, 4, 4, 2
15795, 1, 2, 2, 0, 1, 0
34221, 0, 1, 0, 1, 0, 0
34222, 0, 2, 0, 2, 0, 0
9728, 1, 0, 0, 0, 1, 0
9729, 0, 1, 1, 0, 0, 0
9731, 1, 1, 0, 1, 1, 0
9732, 0, 1, 1, 0, 0, 0
9733, 1, 1, 1, 0, 1, 0
9735, 3, 0, 0, 0, 2, 1
9736, 5, 4, 3, 1, 5, 0
49211, 9, 2, 2, 0, 9, 0
9737, 1, 0, 0, 0, 1, 0
9739, 1, 0, 0, 0, 0, 1
9740, 1, 0, 0, 0, 1, 0
9741, 1, 1, 1, 0, 1, 0
25708, 2, 2, 1, 1, 2, 0
28748, 14, 2, 2, 0, 12, 2
30201, 1, 2, 2, 0, 1, 0
38655, 1, 1, 1, 0, 1, 0
39537, 1, 1, 1, 0, 1, 0
39936, 1, 1, 1, 0, 1, 0
54930, 6, 7, 7, 0, 6, 0
58987, 6, 2, 2, 0, 5, 1
64226, 3, 1, 1, 0, 3, 0
65236, 22, 9, 9, 0, 22, 0
77538, 2, 2, 1, 1, 2, 0
9743, 1, 0, 0, 0, 1, 0
9744, 1, 0, 0, 0, 0, 1
9745, 1, 0, 0, 0, 1, 0
9746, 1, 0, 0, 0, 1, 0
9748, 1, 1, 1, 0, 1, 0
9749, 1, 1, 1, 0, 1, 0
9750, 1, 0, 0, 0, 1, 0
97869, 3, 3, 3, 0, 3, 0
112190, 1, 2, 1, 1, 0, 1
9758, 1, 0, 0, 0, 0, 1
9759, 1, 0, 0, 0, 1, 0
9760, 1, 0, 0, 0, 1, 0
9761, 0, 1, 1, 0, 0, 0
62029, 1, 2, 0, 2, 1, 0
65575, 0, 2, 0, 2, 0, 0
71456, 0, 2, 0, 2, 0, 0
81290, 0, 1, 1, 0, 0, 0
81291, 0, 1, 0, 1, 0, 0
9764, 2, 0, 0, 0, 2, 0
9765, 2, 0, 0, 0, 2, 0
9766, 1, 0, 0, 0, 1, 0
9767, 1, 0, 0, 0, 1, 0
86484, 1, 1, 1, 0, 1, 0
9769, 1, 0, 0, 0, 1, 0
9770, 0, 3, 3, 0, 0, 0
9771, 1, 0, 0, 0, 1, 0
9772, 1, 0, 0, 0, 1, 0
9774, 1, 0, 0, 0, 0, 1
37589, 2, 1, 0, 1, 0, 2
77025, 7, 3, 3, 0, 7, 0
77851, 1, 2, 2, 0, 1, 0
9776, 1, 0, 0, 0, 1, 0
9777, 1, 0, 0, 0, 1, 0
10548, 1, 1, 1, 0, 1, 0
43108, 6, 6, 6, 0, 6, 0
46339, 3, 2, 2, 0, 3, 0
49402, 5, 3, 3, 0, 3, 2
90791, 1, 1, 1, 0, 1, 0
90801, 1, 2, 2, 0, 1, 0
9779, 1, 1, 1, 0, 1, 0
9780, 1, 1, 1, 0, 1, 0
9781, 1, 0, 0, 0, 1, 0
9783, 9, 7, 6, 1, 9, 0
43023, 8, 4, 4, 0, 8, 0
36434, 1, 1, 0, 1, 1, 0
79921, 0, 3, 0, 3, 0, 0
88204, 0, 1, 0, 1, 0, 0
88205, 0, 1, 0, 1, 0, 0
19505, 3, 1, 1, 0, 3, 0
19506, 4, 2, 2, 0, 4, 0
21657, 1, 1, 1, 0, 1, 0
17127, 3, 3, 1, 2, 3, 0
32908, 10, 8, 7, 1, 10, 0
37268, 2, 1, 1, 0, 2, 0
57947, 6, 1, 1, 0, 6, 0
58525, 0, 1, 1, 0, 0, 0
9789, 1, 1, 1, 0, 1, 0
93405, 1, 1, 1, 0, 1, 0
109349, 1, 1, 1, 0, 1, 0
9791, 1, 0, 0, 0, 0, 1
9794, 6, 3, 3, 0, 5, 1
9795, 0, 5, 5, 0, 0, 0
27513, 8, 1, 1, 0, 8, 0
48266, 0, 2, 2, 0, 0, 0
48788, 3, 3, 1, 2, 3, 0
50837, 7, 5, 4, 1, 6, 1
96527, 0, 1, 0, 1, 0, 0
104132, 1, 1, 1, 0, 1, 0
105262, 6, 2, 2, 0, 6, 0
69337, 1, 5, 5, 0, 1, 0
79770, 0, 1, 0, 1, 0, 0
25633, 11, 17, 17, 0, 7, 4
50942, 0, 1, 1, 0, 0, 0
9799, 1, 0, 0, 0, 1, 0
92301, 0, 1, 1, 0, 0, 0
9801, 3, 0, 0, 0, 2, 1
9802, 1, 1, 1, 0, 1, 0
9803, 1, 1, 1, 0, 1, 0
9804, 1, 0, 0, 0, 1, 0
9805, 1, 0, 0, 0, 1, 0
9806, 1, 0, 0, 0, 1, 0
9807, 1, 1, 1, 0, 1, 0
9808, 1, 1, 1, 0, 1, 0
9811, 0, 1, 1, 0, 0, 0
9812, 1, 0, 0, 0, 1, 0
29829, 4, 6, 5, 1, 4, 0
9814, 1, 1, 1, 0, 1, 0
9815, 1, 1, 1, 0, 1, 0
9816, 1, 0, 0, 0, 1, 0
9817, 1, 0, 0, 0, 1, 0
9818, 2, 0, 0, 0, 2, 0
110208, 2, 1, 0, 1, 2, 0
9822, 1, 0, 0, 0, 0, 1
18062, 0, 3, 3, 0, 0, 0
24377, 12, 1, 1, 0, 8, 4
53323, 1, 2, 2, 0, 1, 0
80154, 0, 1, 1, 0, 0, 0
80155, 0, 1, 1, 0, 0, 0
80156, 0, 1, 1, 0, 0, 0
80157, 0, 1, 1, 0, 0, 0
34929, 7, 4, 4, 0, 7, 0
39992, 9, 4, 3, 1, 5, 4
9826, 3, 1, 1, 0, 3, 0
9827, 14, 3, 3, 0, 14, 0
9828, 3, 0, 0, 0, 2, 1
9832, 1, 1, 1, 0, 1, 0
9833, 1, 0, 0, 0, 1, 0
63764, 3, 1, 1, 0, 3, 0
88074, 0, 1, 1, 0, 0, 0
88075, 0, 1, 1, 0, 0, 0
88076, 0, 1, 1, 0, 0, 0
88077, 0, 1, 1, 0, 0, 0
88078, 0, 1, 1, 0, 0, 0
88079, 0, 1, 1, 0, 0, 0
88080, 0, 1, 1, 0, 0, 0
88081, 0, 1, 0, 1, 0, 0
9835, 1, 0, 0, 0, 1, 0
9838, 1, 0, 0, 0, 1, 0
9839, 1, 0, 0, 0, 1, 0
9840, 1, 0, 0, 0, 1, 0
9841, 1, 0, 0, 0, 0, 1
9843, 0, 1, 0, 1, 0, 0
9844, 1, 0, 0, 0, 1, 0
9845, 1, 0, 0, 0, 0, 1
35311, 1, 4, 2, 2, 1, 0
115704, 0, 1, 0, 1, 0, 0
116238, 0, 1, 0, 1, 0, 0
116298, 0, 1, 0, 1, 0, 0
117152, 0, 2, 0, 2, 0, 0
117500, 0, 1, 0, 1, 0, 0
119935, 0, 1, 0, 1, 0, 0
120422, 1, 2, 0, 2, 0, 1
121316, 0, 4, 0, 4, 0, 0
122783, 0, 3, 0, 3, 0, 0
124784, 0, 2, 1, 1, 0, 0
124905, 0, 1, 0, 1, 0, 0
125265, 1, 1, 0, 1, 1, 0
127464, 0, 1, 0, 1, 0, 0
129844, 0, 2, 0, 2, 0, 0
130552, 0, 4, 2, 2, 0, 0
131625, 0, 1, 0, 1, 0, 0
9847, 1, 0, 0, 0, 1, 0
59855, 1, 1, 1, 0, 1, 0
9849, 1, 0, 0, 0, 1, 0
9852, 1, 0, 0, 0, 1, 0
9855, 4, 3, 3, 0, 2, 2
9856, 0, 1, 1, 0, 0, 0
9857, 1, 3, 3, 0, 1, 0
26044, 0, 1, 1, 0, 0, 0
56997, 8, 8, 7, 1, 3, 5
64840, 2, 3, 2, 1, 2, 0
66520, 0, 2, 2, 0, 0, 0
74723, 0, 2, 2, 0, 0, 0
91538, 0, 1, 1, 0, 0, 0
9861, 1, 0, 0, 0, 1, 0
48841, 7, 5, 5, 0, 7, 0
65849, 0, 1, 0, 1, 0, 0
10319, 2, 2, 1, 1, 2, 0
9864, 1, 0, 0, 0, 1, 0
42522, 2, 2, 2, 0, 2, 0
46096, 0, 2, 2, 0, 0, 0
66063, 0, 1, 1, 0, 0, 0
9866, 1, 0, 0, 0, 1, 0
9868, 1, 0, 0, 0, 0, 1
9869, 0, 3, 2, 1, 0, 0
35198, 2, 5, 2, 3, 2, 0
53130, 0, 1, 1, 0, 0, 0
9872, 1, 0, 0, 0, 1, 0
13742, 0, 1, 1, 0, 0, 0
13743, 1, 1, 1, 0, 1, 0
13744, 0, 1, 1, 0, 0, 0
9878, 1, 0, 0, 0, 1, 0
9879, 1, 0, 0, 0, 1, 0
9881, 1, 0, 0, 0, 0, 1
9882, 2, 2, 2, 0, 2, 0
9883, 1, 0, 0, 0, 1, 0
18818, 2, 1, 1, 0, 2, 0
96999, 1, 3, 3, 0, 1, 0
9886, 4, 0, 0, 0, 4, 0
9887, 1, 0, 0, 0, 1, 0
9890, 3, 0, 0, 0, 3, 0
12503, 1, 1, 1, 0, 1, 0
9893, 1, 1, 1, 0, 1, 0
9894, 1, 1, 1, 0, 1, 0
9895, 1, 0, 0, 0, 1, 0
9896, 1, 1, 1, 0, 0, 1
17100, 0, 1, 0, 1, 0, 0
9897, 1, 0, 0, 0, 0, 1
9900, 2, 2, 2, 0, 2, 0
9901, 1, 3, 3, 0, 1, 0
14220, 7, 5, 4, 1, 7, 0
9902, 1, 1, 1, 0, 1, 0
9905, 1, 0, 0, 0, 0, 1
9906, 1, 0, 0, 0, 1, 0
9907, 1, 10, 8, 2, 1, 0
58940, 2, 1, 1, 0, 1, 1
9908, 2, 0, 0, 0, 1, 1
44075, 2, 3, 2, 1, 2, 0
9910, 1, 0, 0, 0, 0, 1
26811, 9, 12, 12, 0, 9, 0
72110, 10, 7, 7, 0, 10, 0
74716, 27, 12, 12, 0, 27, 0
74880, 7, 10, 10, 0, 7, 0
76846, 21, 13, 13, 0, 21, 0
81039, 7, 10, 10, 0, 7, 0
9912, 5, 0, 0, 0, 4, 1
9913, 15, 2, 2, 0, 15, 0
9914, 1, 0, 0, 0, 1, 0
9915, 0, 1, 1, 0, 0, 0
9917, 1, 0, 0, 0, 1, 0
9918, 1, 0, 0, 0, 1, 0
9919, 1, 0, 0, 0, 1, 0
9920, 1, 0, 0, 0, 0, 1
10986, 1, 3, 2, 1, 1, 0
94198, 2, 2, 1, 1, 2, 0
9922, 1, 0, 0, 0, 1, 0
9923, 1, 0, 0, 0, 0, 1
9924, 0, 4, 3, 1, 0, 0
9927, 1, 0, 0, 0, 1, 0
54324, 13, 12, 12, 0, 13, 0
9929, 1, 0, 0, 0, 1, 0
9930, 1, 0, 0, 0, 1, 0
9931, 1, 0, 0, 0, 1, 0
9932, 0, 3, 3, 0, 0, 0
55414, 8, 5, 5, 0, 8, 0
71928, 2, 11, 10, 1, 2, 0
77710, 0, 1, 1, 0, 0, 0
28615, 1, 2, 2, 0, 0, 1
28651, 4, 10, 10, 0, 4, 0
41405, 2, 3, 2, 1, 2, 0
41421, 0, 6, 6, 0, 0, 0
41423, 0, 5, 5, 0, 0, 0
31191, 1, 1, 1, 0, 1, 0
31353, 4, 8, 8, 0, 0, 4
79467, 2, 5, 5, 0, 2, 0
9950, 1, 0, 0, 0, 0, 1
9951, 0, 1, 0, 1, 0, 0
19469, 0, 3, 0, 3, 0, 0
28803, 6, 2, 1, 1, 6, 0
9955, 1, 0, 0, 0, 0, 1
9956, 1, 0, 0, 0, 1, 0
9957, 1, 0, 0, 0, 0, 1
9958, 0, 1, 0, 1, 0, 0
9959, 6, 0, 0, 0, 6, 0
9960, 0, 1, 1, 0, 0, 0
80073, 0, 1, 1, 0, 0, 0
80074, 6, 1, 1, 0, 6, 0
22999, 1, 2, 2, 0, 1, 0
64297, 17, 8, 8, 0, 17, 0
64298, 3, 1, 1, 0, 3, 0
64299, 1, 3, 3, 0, 1, 0
64300, 2, 5, 5, 0, 2, 0
64301, 0, 1, 1, 0, 0, 0
64302, 0, 1, 1, 0, 0, 0
64303, 7, 6, 6, 0, 7, 0
64304, 7, 7, 7, 0, 7, 0
64305, 0, 1, 1, 0, 0, 0
64306, 53, 13, 13, 0, 53, 0
64307, 0, 1, 1, 0, 0, 0
9963, 1, 0, 0, 0, 1, 0
9964, 1, 0, 0, 0, 1, 0
9965, 3, 0, 0, 0, 3, 0
9966, 2, 0, 0, 0, 1, 1
67125, 1, 13, 10, 3, 1, 0
75720, 1, 6, 4, 2, 0, 1
94503, 0, 1, 1, 0, 0, 0
9968, 1, 0, 0, 0, 1, 0
9969, 2, 10, 10, 0, 2, 0
116995, 0, 1, 1, 0, 0, 0
9970, 1, 0, 0, 0, 1, 0
9971, 4, 5, 5, 0, 4, 0
43674, 3, 4, 4, 0, 3, 0
9972, 3, 0, 0, 0, 2, 1
31725, 1, 1, 1, 0, 1, 0
38659, 5, 5, 5, 0, 5, 0
42711, 3, 2, 2, 0, 3, 0
57800, 0, 1, 0, 1, 0, 0
57801, 0, 2, 0, 2, 0, 0
57803, 0, 1, 0, 1, 0, 0
57806, 1, 3, 3, 0, 1, 0
57809, 0, 1, 1, 0, 0, 0
57811, 0, 1, 0, 1, 0, 0
21813, 12, 14, 7, 7, 12, 0
24427, 28, 7, 7, 0, 24, 4
33030, 1, 4, 2, 2, 1, 0
39772, 2, 3, 2, 1, 2, 0
46742, 3, 3, 1, 2, 3, 0
60615, 0, 2, 1, 1, 0, 0
79265, 0, 2, 0, 2, 0, 0
82346, 0, 1, 0, 1, 0, 0
82347, 0, 1, 0, 1, 0, 0
82348, 0, 1, 0, 1, 0, 0
57284, 0, 1, 0, 1, 0, 0
9980, 1, 0, 0, 0, 1, 0
9981, 0, 1, 1, 0, 0, 0
9982, 1, 0, 0, 0, 1, 0
42980, 1, 1, 1, 0, 1, 0
45438, 2, 7, 7, 0, 2, 0
60686, 0, 4, 3, 1, 0, 0
77743, 2, 1, 1, 0, 2, 0
83231, 0, 1, 1, 0, 0, 0
9984, 1, 0, 0, 0, 1, 0
9985, 5, 0, 0, 0, 5, 0
9987, 0, 3, 3, 0, 0, 0
9988, 1, 1, 1, 0, 1, 0
9990, 0, 3, 3, 0, 0, 0
17564, 28, 6, 5, 1, 28, 0
45598, 0, 2, 2, 0, 0, 0
9991, 1, 0, 0, 0, 0, 1
17681, 5, 7, 7, 0, 5, 0
9993, 2, 0, 0, 0, 2, 0
21855, 1, 5, 4, 1, 1, 0
21877, 1, 1, 0, 1, 1, 0
21878, 0, 1, 0, 1, 0, 0
9996, 2, 0, 0, 0, 2, 0
9997, 0, 1, 1, 0, 0, 0
9998, 0, 1, 1, 0, 0, 0
9999, 1, 1, 1, 0, 1, 0
10000, 1, 1, 1, 0, 1, 0
10001, 1, 0, 0, 0, 0, 1
10003, 1, 0, 0, 0, 0, 1
10004, 1, 0, 0, 0, 0, 1
10005, 2, 0, 0, 0, 2, 0
10006, 2, 0, 0, 0, 2, 0
10007, 1, 0, 0, 0, 1, 0
10009, 3, 0, 0, 0, 2, 1
10010, 0, 2, 1, 1, 0, 0
10011, 1, 0, 0, 0, 1, 0
118176, 0, 1, 1, 0, 0, 0
122216, 0, 1, 1, 0, 0, 0
123894, 0, 1, 0, 1, 0, 0
10013, 5, 0, 0, 0, 5, 0
10014, 1, 9, 9, 0, 1, 0
10018, 1, 0, 0, 0, 1, 0
10019, 1, 0, 0, 0, 1, 0
10020, 1, 0, 0, 0, 1, 0
10021, 1, 0, 0, 0, 1, 0
10022, 0, 1, 1, 0, 0, 0
10023, 2, 0, 0, 0, 2, 0
10024, 4, 0, 0, 0, 4, 0
10025, 0, 2, 1, 1, 0, 0
10026, 2, 8, 4, 4, 1, 1
115781, 0, 1, 1, 0, 0, 0
28780, 2, 1, 1, 0, 2, 0
28781, 0, 1, 1, 0, 0, 0
25268, 1, 1, 1, 0, 1, 0
10029, 1, 0, 0, 0, 1, 0
10030, 1, 0, 0, 0, 0, 1
10031, 1, 1, 1, 0, 1, 0
22336, 0, 4, 4, 0, 0, 0
30952, 5, 5, 5, 0, 5, 0
32441, 1, 1, 1, 0, 1, 0
32507, 0, 1, 1, 0, 0, 0
10035, 1, 0, 0, 0, 1, 0
10036, 0, 2, 1, 1, 0, 0
10038, 1, 0, 0, 0, 0, 1
10042, 1, 0, 0, 0, 1, 0
10043, 1, 1, 1, 0, 1, 0
10214, 1, 1, 1, 0, 1, 0
16644, 6, 2, 1, 1, 6, 0
10046, 1, 0, 0, 0, 0, 1
14061, 2, 2, 1, 1, 2, 0
14062, 3, 7, 7, 0, 3, 0
10048, 1, 0, 0, 0, 1, 0
10049, 1, 0, 0, 0, 1, 0
10050, 1, 0, 0, 0, 1, 0
10051, 1, 0, 0, 0, 1, 0
10053, 1, 1, 1, 0, 1, 0
12401, 1, 4, 4, 0, 1, 0
10057, 2, 1, 1, 0, 2, 0
51663, 1, 1, 1, 0, 1, 0
10059, 1, 0, 0, 0, 1, 0
10060, 0, 1, 1, 0, 0, 0
24639, 16, 8, 8, 0, 16, 0
48259, 1, 1, 1, 0, 1, 0
55101, 10, 15, 15, 0, 10, 0
62375, 6, 6, 6, 0, 6, 0
63077, 4, 3, 3, 0, 4, 0
10062, 1, 0, 0, 0, 1, 0
10063, 0, 1, 1, 0, 0, 0
10064, 1, 0, 0, 0, 1, 0
95334, 4, 2, 2, 0, 4, 0
10066, 1, 1, 1, 0, 0, 1
10067, 1, 1, 0, 1, 1, 0
26718, 0, 2, 2, 0, 0, 0
10068, 1, 0, 0, 0, 1, 0
10069, 1, 0, 0, 0, 1, 0
38041, 5, 3, 3, 0, 3, 2
38055, 8, 4, 4, 0, 8, 0
38738, 6, 4, 4, 0, 6, 0
41347, 16, 3, 3, 0, 15, 1
62034, 1, 3, 3, 0, 1, 0
62484, 6, 5, 5, 0, 6, 0
63427, 4, 3, 3, 0, 4, 0
10071, 1, 0, 0, 0, 1, 0
39633, 3, 7, 7, 0, 3, 0
39634, 5, 7, 7, 0, 5, 0
41130, 1, 2, 2, 0, 1, 0
11834, 6, 100, 98, 2, 3, 3
14263, 0, 8, 7, 1, 0, 0
17653, 1, 2, 1, 1, 1, 0
32658, 0, 4, 4, 0, 0, 0
46249, 3, 3, 2, 1, 3, 0
47224, 8, 12, 12, 0, 8, 0
49562, 17, 8, 8, 0, 16, 1
51480, 15, 11, 10, 1, 15, 0
51628, 3, 8, 8, 0, 3, 0
53822, 15, 13, 12, 1, 15, 0
56636, 0, 2, 2, 0, 0, 0
57606, 0, 2, 2, 0, 0, 0
58177, 13, 3, 3, 0, 12, 1
59525, 0, 2, 2, 0, 0, 0
61718, 0, 6, 6, 0, 0, 0
63452, 10, 6, 6, 0, 10, 0
64245, 3, 3, 3, 0, 3, 0
64966, 35, 9, 9, 0, 35, 0
65704, 15, 9, 9, 0, 15, 0
66555, 0, 7, 7, 0, 0, 0
66793, 11, 17, 17, 0, 11, 0
67627, 42, 10, 10, 0, 42, 0
68828, 1, 1, 1, 0, 0, 1
69089, 0, 3, 3, 0, 0, 0
69787, 8, 7, 7, 0, 8, 0
72000, 1, 4, 4, 0, 1, 0
72891, 3, 4, 4, 0, 3, 0
73970, 0, 2, 2, 0, 0, 0
74208, 3, 4, 4, 0, 3, 0
74286, 3, 1, 1, 0, 3, 0
74303, 2, 2, 2, 0, 2, 0
76701, 0, 2, 2, 0, 0, 0
78415, 0, 1, 1, 0, 0, 0
78416, 0, 1, 1, 0, 0, 0
78417, 0, 1, 1, 0, 0, 0
78418, 0, 1, 1, 0, 0, 0
78419, 0, 1, 1, 0, 0, 0
78420, 2, 2, 2, 0, 2, 0
78421, 0, 1, 1, 0, 0, 0
78423, 1, 3, 3, 0, 1, 0
78424, 0, 1, 1, 0, 0, 0
78425, 1, 1, 1, 0, 1, 0
78426, 0, 2, 2, 0, 0, 0
78427, 0, 1, 1, 0, 0, 0
78428, 0, 1, 1, 0, 0, 0
78429, 0, 1, 1, 0, 0, 0
78430, 0, 1, 1, 0, 0, 0
78431, 0, 1, 1, 0, 0, 0
78432, 0, 1, 1, 0, 0, 0
78433, 0, 1, 1, 0, 0, 0
78434, 0, 1, 1, 0, 0, 0
78435, 0, 1, 1, 0, 0, 0
78436, 2, 3, 3, 0, 2, 0
78437, 0, 1, 1, 0, 0, 0
78438, 0, 1, 1, 0, 0, 0
78439, 0, 1, 1, 0, 0, 0
78440, 0, 1, 1, 0, 0, 0
78441, 0, 1, 1, 0, 0, 0
78442, 0, 1, 1, 0, 0, 0
78443, 0, 1, 1, 0, 0, 0
78444, 0, 1, 1, 0, 0, 0
78445, 0, 1, 1, 0, 0, 0
78446, 7, 1, 1, 0, 7, 0
78447, 0, 1, 1, 0, 0, 0
78448, 0, 1, 1, 0, 0, 0
78449, 0, 1, 1, 0, 0, 0
78450, 0, 1, 1, 0, 0, 0
78451, 0, 1, 1, 0, 0, 0
78452, 0, 1, 1, 0, 0, 0
78453, 0, 1, 1, 0, 0, 0
124377, 0, 1, 1, 0, 0, 0
10077, 1, 0, 0, 0, 1, 0
10078, 1, 0, 0, 0, 0, 1
10079, 1, 0, 0, 0, 0, 1
26987, 0, 5, 5, 0, 0, 0
75159, 0, 1, 1, 0, 0, 0
75160, 0, 1, 1, 0, 0, 0
75161, 0, 1, 1, 0, 0, 0
75162, 0, 1, 1, 0, 0, 0
75163, 0, 1, 1, 0, 0, 0
10082, 3, 0, 0, 0, 3, 0
24503, 0, 3, 3, 0, 0, 0
64609, 0, 2, 2, 0, 0, 0
57429, 0, 1, 1, 0, 0, 0
10085, 1, 0, 0, 0, 1, 0
10087, 0, 1, 1, 0, 0, 0
10088, 1, 0, 0, 0, 1, 0
10089, 2, 3, 3, 0, 2, 0
51045, 31, 4, 4, 0, 31, 0
10090, 1, 0, 0, 0, 1, 0
10091, 1, 0, 0, 0, 1, 0
10092, 1, 0, 0, 0, 1, 0
10093, 0, 1, 1, 0, 0, 0
10094, 1, 0, 0, 0, 1, 0
10096, 1, 0, 0, 0, 1, 0
10097, 2, 0, 0, 0, 2, 0
10098, 1, 0, 0, 0, 1, 0
10099, 0, 1, 1, 0, 0, 0
10100, 2, 0, 0, 0, 2, 0
10104, 3, 1, 0, 1, 3, 0
10105, 0, 1, 1, 0, 0, 0
10106, 0, 1, 1, 0, 0, 0
10107, 1, 0, 0, 0, 0, 1
10108, 0, 1, 0, 1, 0, 0
10109, 6, 1, 1, 0, 3, 3
10111, 1, 0, 0, 0, 1, 0
13064, 12, 5, 2, 3, 12, 0
61879, 1, 1, 1, 0, 1, 0
61880, 0, 1, 1, 0, 0, 0
15562, 2, 1, 1, 0, 1, 1
44864, 2, 2, 2, 0, 2, 0
80415, 3, 2, 2, 0, 3, 0
10115, 1, 0, 0, 0, 0, 1
10116, 0, 1, 0, 1, 0, 0
10117, 1, 0, 0, 0, 1, 0
44174, 4, 4, 4, 0, 1, 3
70386, 0, 2, 2, 0, 0, 0
72920, 0, 4, 4, 0, 0, 0
10120, 1, 0, 0, 0, 1, 0
90320, 1, 1, 1, 0, 1, 0
10124, 1, 2, 1, 1, 1, 0
24501, 35, 11, 11, 0, 30, 5
31839, 2, 8, 7, 1, 2, 0
36090, 0, 4, 1, 3, 0, 0
39558, 0, 3, 2, 1, 0, 0
64309, 0, 1, 1, 0, 0, 0
64312, 0, 1, 1, 0, 0, 0
64313, 0, 2, 0, 2, 0, 0
64314, 0, 1, 0, 1, 0, 0
64316, 0, 1, 0, 1, 0, 0
117120, 0, 1, 1, 0, 0, 0
80417, 0, 1, 1, 0, 0, 0
10125, 1, 0, 0, 0, 1, 0
70782, 0, 1, 0, 1, 0, 0
10129, 1, 0, 0, 0, 1, 0
10130, 1, 0, 0, 0, 1, 0
10131, 3, 4, 4, 0, 2, 1
10133, 0, 1, 0, 1, 0, 0
115605, 1, 4, 4, 0, 1, 0
116588, 3, 2, 2, 0, 3, 0
117090, 14, 1, 1, 0, 14, 0
66594, 1, 1, 1, 0, 1, 0
10136, 1, 0, 0, 0, 1, 0
10137, 1, 0, 0, 0, 0, 1
10139, 1, 0, 0, 0, 0, 1
34585, 0, 2, 0, 2, 0, 0
37702, 1, 2, 1, 1, 1, 0
40696, 0, 1, 0, 1, 0, 0
10141, 2, 0, 0, 0, 2, 0
10142, 1, 0, 0, 0, 1, 0
10143, 5, 1, 0, 1, 5, 0
18080, 2, 1, 1, 0, 2, 0
23041, 2, 3, 3, 0, 2, 0
38973, 2, 4, 2, 2, 2, 0
93244, 1, 1, 1, 0, 1, 0
96773, 6, 2, 2, 0, 6, 0
36435, 11, 5, 4, 1, 11, 0
43430, 3, 5, 5, 0, 3, 0
64550, 0, 4, 4, 0, 0, 0
10148, 1, 0, 0, 0, 0, 1
10150, 3, 0, 0, 0, 3, 0
10152, 1, 0, 0, 0, 1, 0
10153, 0, 1, 1, 0, 0, 0
12172, 8, 6, 6, 0, 8, 0
12173, 1, 5, 4, 1, 1, 0
18211, 0, 2, 1, 1, 0, 0
19648, 1, 2, 2, 0, 1, 0
31557, 2, 2, 2, 0, 2, 0
31568, 1, 4, 4, 0, 1, 0
57916, 0, 3, 3, 0, 0, 0
58509, 0, 2, 2, 0, 0, 0
58963, 6, 3, 3, 0, 6, 0
64942, 1, 4, 4, 0, 1, 0
68488, 0, 3, 3, 0, 0, 0
72138, 0, 12, 11, 1, 0, 0
72198, 4, 7, 6, 1, 3, 1
72939, 2, 2, 2, 0, 2, 0
73660, 0, 6, 6, 0, 0, 0
74566, 0, 2, 2, 0, 0, 0
76552, 5, 2, 2, 0, 5, 0
77345, 2, 2, 2, 0, 2, 0
81409, 0, 5, 5, 0, 0, 0
83429, 0, 2, 2, 0, 0, 0
84508, 1, 2, 2, 0, 1, 0
85932, 0, 2, 2, 0, 0, 0
87167, 1, 3, 3, 0, 1, 0
87168, 0, 1, 1, 0, 0, 0
87169, 0, 1, 1, 0, 0, 0
87170, 0, 1, 1, 0, 0, 0
87171, 0, 1, 1, 0, 0, 0
87172, 0, 1, 1, 0, 0, 0
87173, 1, 3, 3, 0, 1, 0
87174, 0, 1, 1, 0, 0, 0
87175, 0, 1, 1, 0, 0, 0
87176, 0, 1, 1, 0, 0, 0
87177, 0, 1, 1, 0, 0, 0
87178, 0, 1, 1, 0, 0, 0
87179, 0, 1, 1, 0, 0, 0
87180, 0, 1, 1, 0, 0, 0
87181, 0, 1, 0, 1, 0, 0
10156, 1, 0, 0, 0, 1, 0
17669, 5, 3, 3, 0, 5, 0
26942, 1, 1, 1, 0, 1, 0
27397, 4, 2, 1, 1, 4, 0
102298, 0, 1, 0, 1, 0, 0
130646, 0, 3, 0, 3, 0, 0
10159, 1, 2, 2, 0, 1, 0
10160, 4, 0, 0, 0, 1, 3
17485, 0, 2, 0, 2, 0, 0
17486, 1, 1, 0, 1, 0, 1
10163, 1, 0, 0, 0, 1, 0
18037, 2, 1, 1, 0, 2, 0
10166, 3, 0, 0, 0, 3, 0
10167, 1, 1, 1, 0, 1, 0
10168, 1, 1, 1, 0, 1, 0
12918, 3, 6, 4, 2, 3, 0
12920, 0, 1, 1, 0, 0, 0
55767, 2, 1, 1, 0, 2, 0
84144, 0, 2, 2, 0, 0, 0
84145, 3, 1, 1, 0, 3, 0
10172, 1, 0, 0, 0, 0, 1
10173, 0, 2, 1, 1, 0, 0
10174, 1, 0, 0, 0, 1, 0
10175, 1, 0, 0, 0, 1, 0
10176, 1, 0, 0, 0, 1, 0
10177, 1, 0, 0, 0, 1, 0
52058, 0, 4, 4, 0, 0, 0
59304, 8, 1, 0, 1, 2, 6
10180, 1, 0, 0, 0, 1, 0
10181, 2, 2, 1, 1, 2, 0
10184, 1, 0, 0, 0, 1, 0
13616, 0, 2, 0, 2, 0, 0
30649, 3, 6, 4, 2, 3, 0
10188, 4, 0, 0, 0, 4, 0
90452, 1, 1, 1, 0, 1, 0
90644, 1, 2, 2, 0, 1, 0
10190, 1, 0, 0, 0, 1, 0
10191, 5, 0, 0, 0, 5, 0
69994, 2, 3, 3, 0, 2, 0
10195, 2, 0, 0, 0, 0, 2
10196, 1, 0, 0, 0, 0, 1
17028, 21, 8, 8, 0, 21, 0
14921, 8, 9, 9, 0, 8, 0
14923, 10, 13, 13, 0, 10, 0
14927, 0, 2, 2, 0, 0, 0
29372, 2, 1, 1, 0, 2, 0
71789, 7, 8, 8, 0, 7, 0
93510, 3, 1, 1, 0, 3, 0
10200, 1, 0, 0, 0, 1, 0
36154, 3, 2, 2, 0, 1, 2
41318, 0, 3, 0, 3, 0, 0
10203, 1, 0, 0, 0, 1, 0
10204, 4, 0, 0, 0, 4, 0
10207, 1, 0, 0, 0, 1, 0
10208, 3, 4, 3, 1, 2, 1
22755, 0, 1, 0, 1, 0, 0
10209, 1, 0, 0, 0, 1, 0
10210, 1, 0, 0, 0, 1, 0
22727, 0, 1, 0, 1, 0, 0
10212, 1, 0, 0, 0, 1, 0
10213, 2, 0, 0, 0, 2, 0
10215, 1, 0, 0, 0, 1, 0
10216, 0, 2, 2, 0, 0, 0
10217, 1, 0, 0, 0, 1, 0
10218, 1, 0, 0, 0, 1, 0
10219, 2, 0, 0, 0, 2, 0
10220, 2, 4, 4, 0, 2, 0
79627, 1, 1, 1, 0, 1, 0
10221, 2, 0, 0, 0, 2, 0
10223, 6, 0, 0, 0, 4, 2
10224, 1, 0, 0, 0, 1, 0
10225, 5, 2, 2, 0, 5, 0
10226, 1, 0, 0, 0, 1, 0
10227, 0, 1, 1, 0, 0, 0
10228, 1, 0, 0, 0, 1, 0
10231, 1, 0, 0, 0, 1, 0
25219, 2, 1, 0, 1, 2, 0
84610, 1, 1, 0, 1, 1, 0
94363, 3, 6, 3, 3, 3, 0
100704, 1, 1, 0, 1, 1, 0
100709, 1, 1, 0, 1, 1, 0
107193, 0, 1, 0, 1, 0, 0
107194, 0, 1, 0, 1, 0, 0
107195, 0, 1, 0, 1, 0, 0
107196, 0, 1, 0, 1, 0, 0
107197, 0, 1, 0, 1, 0, 0
107198, 0, 1, 0, 1, 0, 0
122873, 0, 2, 0, 2, 0, 0
12103, 35, 12, 12, 0, 35, 0
68165, 4, 4, 4, 0, 4, 0
79715, 0, 1, 1, 0, 0, 0
10237, 1, 0, 0, 0, 1, 0
10239, 2, 0, 0, 0, 1, 1
10240, 0, 1, 0, 1, 0, 0
10241, 3, 1, 0, 1, 2, 1
10242, 1, 0, 0, 0, 1, 0
10243, 1, 0, 0, 0, 1, 0
10245, 1, 0, 0, 0, 1, 0
10247, 1, 0, 0, 0, 1, 0
10248, 1, 1, 1, 0, 1, 0
10249, 1, 1, 1, 0, 1, 0
10252, 1, 0, 0, 0, 1, 0
10253, 1, 0, 0, 0, 1, 0
10254, 1, 0, 0, 0, 0, 1
10255, 1, 1, 0, 1, 1, 0
22304, 0, 2, 2, 0, 0, 0
10256, 1, 1, 1, 0, 1, 0
10257, 1, 1, 1, 0, 1, 0
10258, 1, 0, 0, 0, 1, 0
10259, 3, 4, 4, 0, 3, 0
10574, 3, 1, 1, 0, 3, 0
27419, 4, 1, 1, 0, 3, 1
74377, 2, 3, 2, 1, 2, 0
107055, 0, 1, 0, 1, 0, 0
120520, 0, 1, 0, 1, 0, 0
120771, 0, 1, 0, 1, 0, 0
124338, 0, 1, 0, 1, 0, 0
127591, 0, 1, 0, 1, 0, 0
131346, 1, 1, 0, 1, 1, 0
100205, 1, 2, 2, 0, 1, 0
10263, 1, 0, 0, 0, 0, 1
20041, 1, 4, 4, 0, 1, 0
10265, 1, 0, 0, 0, 1, 0
10266, 16, 12, 12, 0, 16, 0
46564, 5, 6, 6, 0, 5, 0
61644, 8, 8, 8, 0, 8, 0
61645, 13, 12, 12, 0, 13, 0
61646, 5, 12, 12, 0, 5, 0
61712, 13, 8, 8, 0, 13, 0
61714, 1, 8, 8, 0, 1, 0
10268, 1, 0, 0, 0, 0, 1
10269, 1, 2, 2, 0, 1, 0
89010, 0, 2, 2, 0, 0, 0
94268, 0, 1, 1, 0, 0, 0
94974, 1, 1, 1, 0, 1, 0
95996, 6, 3, 3, 0, 6, 0
96270, 1, 1, 1, 0, 1, 0
10271, 1, 0, 0, 0, 1, 0
10272, 6, 12, 10, 2, 6, 0
10273, 1, 0, 0, 0, 1, 0
10274, 3, 0, 0, 0, 3, 0
10275, 1, 0, 0, 0, 1, 0
10276, 7, 5, 5, 0, 7, 0
62080, 1, 3, 3, 0, 1, 0
88579, 0, 1, 1, 0, 0, 0
10277, 1, 0, 0, 0, 1, 0
10278, 1, 0, 0, 0, 1, 0
10279, 5, 1, 1, 0, 4, 1
10280, 1, 0, 0, 0, 0, 1
10281, 0, 1, 0, 1, 0, 0
10282, 2, 0, 0, 0, 2, 0
10283, 2, 0, 0, 0, 2, 0
10284, 2, 2, 2, 0, 2, 0
10285, 1, 2, 2, 0, 1, 0
10974, 2, 2, 2, 0, 2, 0
10286, 1, 0, 0, 0, 1, 0
10287, 1, 0, 0, 0, 1, 0
10288, 1, 0, 0, 0, 1, 0
10289, 1, 0, 0, 0, 1, 0
89317, 0, 1, 1, 0, 0, 0
17289, 1, 1, 1, 0, 1, 0
17290, 0, 3, 3, 0, 0, 0
37461, 15, 5, 5, 0, 15, 0
66516, 19, 11, 11, 0, 19, 0
71408, 1, 1, 1, 0, 1, 0
74258, 1, 2, 2, 0, 1, 0
77090, 0, 2, 2, 0, 0, 0
79675, 0, 1, 1, 0, 0, 0
79676, 0, 1, 1, 0, 0, 0
79677, 0, 1, 0, 1, 0, 0
10292, 1, 0, 0, 0, 1, 0
10293, 13, 6, 4, 2, 11, 2
22675, 0, 2, 2, 0, 0, 0
65371, 1, 2, 2, 0, 1, 0
10294, 1, 1, 1, 0, 1, 0
10295, 0, 1, 1, 0, 0, 0
10296, 1, 0, 0, 0, 1, 0
10297, 0, 1, 1, 0, 0, 0
10298, 1, 0, 0, 0, 0, 1
10299, 1, 0, 0, 0, 1, 0
10300, 7, 0, 0, 0, 7, 0
10301, 1, 3, 3, 0, 1, 0
11077, 3, 1, 1, 0, 3, 0
11078, 0, 2, 2, 0, 0, 0
11079, 7, 1, 1, 0, 7, 0
11080, 1, 2, 2, 0, 1, 0
11083, 0, 3, 3, 0, 0, 0
11084, 1, 2, 2, 0, 1, 0
10306, 1, 0, 0, 0, 1, 0
10307, 1, 0, 0, 0, 1, 0
10308, 1, 0, 0, 0, 1, 0
10309, 1, 0, 0, 0, 1, 0
10310, 0, 1, 1, 0, 0, 0
10311, 4, 0, 0, 0, 3, 1
10314, 1, 0, 0, 0, 1, 0
10315, 1, 0, 0, 0, 1, 0
10316, 0, 1, 1, 0, 0, 0
10317, 2, 0, 0, 0, 1, 1
17154, 3, 2, 1, 1, 3, 0
10320, 1, 0, 0, 0, 1, 0
60720, 5, 4, 3, 1, 5, 0
66902, 3, 8, 7, 1, 0, 3
69156, 4, 1, 1, 0, 4, 0
69738, 1, 2, 2, 0, 1, 0
71516, 1, 10, 10, 0, 1, 0
71517, 0, 1, 1, 0, 0, 0
71518, 0, 1, 0, 1, 0, 0
10322, 1, 2, 2, 0, 1, 0
13947, 4, 1, 1, 0, 4, 0
14253, 7, 7, 6, 1, 7, 0
14254, 15, 3, 3, 0, 15, 0
14256, 0, 1, 1, 0, 0, 0
14257, 1, 1, 1, 0, 0, 1
14258, 5, 1, 1, 0, 5, 0
21994, 20, 2, 2, 0, 20, 0
31849, 74, 14, 14, 0, 74, 0
77431, 1, 2, 2, 0, 1, 0
94945, 7, 7, 7, 0, 7, 0
98504, 3, 1, 1, 0, 3, 0
102610, 2, 2, 2, 0, 2, 0
10324, 2, 0, 0, 0, 1, 1
10326, 1, 1, 1, 0, 1, 0
10327, 1, 0, 0, 0, 1, 0
10328, 3, 2, 2, 0, 3, 0
10554, 5, 4, 3, 1, 5, 0
10556, 12, 3, 2, 1, 12, 0
16256, 4, 2, 1, 1, 4, 0
16257, 0, 2, 1, 1, 0, 0
57926, 0, 1, 0, 1, 0, 0
57927, 0, 1, 0, 1, 0, 0
10332, 1, 0, 0, 0, 1, 0
10334, 2, 0, 0, 0, 2, 0
20879, 1, 1, 1, 0, 1, 0
10336, 1, 0, 0, 0, 1, 0
10337, 1, 0, 0, 0, 1, 0
10338, 1, 2, 2, 0, 1, 0
10339, 1, 0, 0, 0, 0, 1
10340, 0, 3, 1, 2, 0, 0
10341, 1, 0, 0, 0, 0, 1
45898, 0, 1, 1, 0, 0, 0
10343, 10, 0, 0, 0, 7, 3
10344, 3, 2, 1, 1, 2, 1
10345, 0, 3, 0, 3, 0, 0
10346, 1, 0, 0, 0, 0, 1
10347, 0, 1, 0, 1, 0, 0
10348, 2, 0, 0, 0, 2, 0
10350, 1, 0, 0, 0, 1, 0
10352, 0, 2, 1, 1, 0, 0
10353, 2, 1, 1, 0, 2, 0
10355, 0, 1, 1, 0, 0, 0
10356, 1, 0, 0, 0, 1, 0
10357, 1, 0, 0, 0, 1, 0
10359, 1, 1, 1, 0, 1, 0
121077, 0, 1, 0, 1, 0, 0
29479, 5, 2, 2, 0, 5, 0
29480, 2, 1, 1, 0, 1, 1
10363, 1, 0, 0, 0, 1, 0
10365, 1, 0, 0, 0, 1, 0
10366, 0, 1, 1, 0, 0, 0
10367, 1, 0, 0, 0, 0, 1
10368, 6, 7, 4, 3, 6, 0
79654, 0, 2, 2, 0, 0, 0
99870, 3, 3, 3, 0, 3, 0
12075, 1, 1, 0, 1, 0, 1
42143, 0, 4, 1, 3, 0, 0
47470, 2, 1, 0, 1, 1, 1
48662, 1, 2, 1, 1, 1, 0
48663, 4, 3, 2, 1, 4, 0
52822, 3, 2, 1, 1, 1, 2
57332, 0, 3, 0, 3, 0, 0
76362, 0, 2, 0, 2, 0, 0
77194, 0, 3, 1, 2, 0, 0
82423, 0, 2, 0, 2, 0, 0
83244, 3, 2, 1, 1, 2, 1
85741, 0, 1, 0, 1, 0, 0
85744, 0, 1, 0, 1, 0, 0
85745, 0, 1, 0, 1, 0, 0
85746, 0, 1, 0, 1, 0, 0
85747, 0, 1, 0, 1, 0, 0
85748, 0, 1, 0, 1, 0, 0
85749, 0, 1, 0, 1, 0, 0
85750, 0, 1, 0, 1, 0, 0
85751, 0, 1, 0, 1, 0, 0
85752, 0, 1, 0, 1, 0, 0
100045, 0, 3, 2, 1, 0, 0
101573, 0, 2, 1, 1, 0, 0
105181, 3, 1, 0, 1, 1, 2
112400, 4, 3, 2, 1, 4, 0
112401, 0, 1, 0, 1, 0, 0
112414, 0, 1, 0, 1, 0, 0
112415, 0, 1, 0, 1, 0, 0
112416, 5, 4, 3, 1, 5, 0
112417, 0, 1, 0, 1, 0, 0
112643, 0, 1, 0, 1, 0, 0
112681, 0, 1, 0, 1, 0, 0
112683, 1, 1, 0, 1, 1, 0
112776, 0, 1, 0, 1, 0, 0
112777, 0, 1, 0, 1, 0, 0
113910, 0, 2, 1, 1, 0, 0
117209, 0, 1, 0, 1, 0, 0
120428, 0, 1, 0, 1, 0, 0
122640, 9, 1, 0, 1, 9, 0
126599, 0, 1, 0, 1, 0, 0
127021, 0, 1, 0, 1, 0, 0
127038, 0, 1, 0, 1, 0, 0
127042, 0, 1, 0, 1, 0, 0
127169, 3, 1, 0, 1, 3, 0
127527, 0, 1, 0, 1, 0, 0
127615, 0, 1, 0, 1, 0, 0
127616, 0, 1, 0, 1, 0, 0
127679, 0, 1, 0, 1, 0, 0
127781, 6, 5, 5, 0, 5, 1
127800, 0, 1, 0, 1, 0, 0
128371, 0, 2, 1, 1, 0, 0
129394, 0, 1, 0, 1, 0, 0
129461, 0, 1, 0, 1, 0, 0
129857, 0, 1, 0, 1, 0, 0
129866, 0, 2, 0, 2, 0, 0
130351, 1, 1, 0, 1, 1, 0
130367, 0, 1, 0, 1, 0, 0
130824, 0, 1, 0, 1, 0, 0
131464, 0, 1, 0, 1, 0, 0
131500, 0, 1, 0, 1, 0, 0
131779, 0, 1, 0, 1, 0, 0
34660, 1, 3, 3, 0, 1, 0
35909, 0, 1, 1, 0, 0, 0
39006, 1, 3, 3, 0, 1, 0
56182, 0, 1, 1, 0, 0, 0
10374, 2, 0, 0, 0, 1, 1
10375, 0, 5, 5, 0, 0, 0
85455, 0, 1, 1, 0, 0, 0
107792, 1, 1, 1, 0, 1, 0
10377, 1, 0, 0, 0, 0, 1
10378, 0, 1, 0, 1, 0, 0
10379, 1, 1, 1, 0, 1, 0
10380, 5, 3, 3, 0, 5, 0
99466, 13, 1, 1, 0, 13, 0
10381, 1, 0, 0, 0, 1, 0
10382, 1, 0, 0, 0, 1, 0
10383, 2, 0, 0, 0, 2, 0
10384, 1, 0, 0, 0, 1, 0
10386, 1, 0, 0, 0, 1, 0
10387, 2, 0, 0, 0, 1, 1
10389, 1, 0, 0, 0, 0, 1
27757, 1, 1, 1, 0, 1, 0
10392, 1, 0, 0, 0, 1, 0
10393, 0, 1, 1, 0, 0, 0
10394, 3, 0, 0, 0, 3, 0
24475, 112, 18, 17, 1, 112, 0
43926, 4, 14, 14, 0, 4, 0
87348, 1, 2, 2, 0, 1, 0
88569, 9, 2, 2, 0, 9, 0
88570, 0, 1, 1, 0, 0, 0
10398, 1, 0, 0, 0, 1, 0
10399, 1, 0, 0, 0, 1, 0
10400, 1, 0, 0, 0, 0, 1
65533, 11, 10, 10, 0, 11, 0
79476, 0, 2, 2, 0, 0, 0
10402, 3, 0, 0, 0, 3, 0
10405, 1, 0, 0, 0, 1, 0
10406, 0, 1, 1, 0, 0, 0
10407, 1, 0, 0, 0, 1, 0
10408, 1, 0, 0, 0, 0, 1
10409, 0, 1, 0, 1, 0, 0
10410, 1, 0, 0, 0, 1, 0
10411, 2, 0, 0, 0, 2, 0
10412, 0, 1, 1, 0, 0, 0
10413, 0, 1, 1, 0, 0, 0
10414, 1, 0, 0, 0, 0, 1
10415, 3, 0, 0, 0, 1, 2
10416, 0, 1, 1, 0, 0, 0
10417, 1, 0, 0, 0, 1, 0
10419, 1, 0, 0, 0, 1, 0
10422, 1, 0, 0, 0, 1, 0
10423, 0, 2, 2, 0, 0, 0
10424, 1, 0, 0, 0, 0, 1
15227, 5, 2, 2, 0, 5, 0
38798, 3, 2, 2, 0, 3, 0
75086, 6, 4, 4, 0, 6, 0
94506, 0, 1, 1, 0, 0, 0
10426, 1, 0, 0, 0, 0, 1
11113, 1, 3, 2, 1, 1, 0
13090, 13, 1, 0, 1, 8, 5
18582, 1, 1, 0, 1, 1, 0
20342, 0, 5, 0, 5, 0, 0
24244, 0, 3, 1, 2, 0, 0
25246, 6, 11, 8, 3, 3, 3
30287, 4, 23, 22, 1, 4, 0
33608, 1, 2, 0, 2, 1, 0
33609, 1, 2, 0, 2, 1, 0
33612, 1, 2, 0, 2, 1, 0
35344, 12, 17, 14, 3, 8, 4
35977, 11, 3, 1, 2, 6, 5
39572, 1, 2, 1, 1, 1, 0
39681, 0, 6, 4, 2, 0, 0
39705, 4, 3, 2, 1, 4, 0
40062, 11, 6, 5, 1, 7, 4
42992, 3, 4, 3, 1, 2, 1
43270, 0, 2, 1, 1, 0, 0
44152, 1, 2, 1, 1, 1, 0
46674, 66, 11, 9, 2, 64, 2
49695, 1, 2, 1, 1, 1, 0
49760, 1, 4, 2, 2, 1, 0
49761, 3, 4, 2, 2, 2, 1
49883, 3, 3, 1, 2, 2, 1
51367, 11, 10, 9, 1, 11, 0
53399, 1, 1, 0, 1, 1, 0
53871, 0, 17, 15, 2, 0, 0
55136, 1, 1, 0, 1, 1, 0
56981, 0, 3, 0, 3, 0, 0
57744, 0, 3, 2, 1, 0, 0
62580, 0, 2, 1, 1, 0, 0
62917, 3, 2, 1, 1, 2, 1
64583, 7, 2, 1, 1, 7, 0
64884, 2, 2, 0, 2, 1, 1
65579, 3, 2, 1, 1, 3, 0
66033, 1, 2, 1, 1, 1, 0
68786, 1, 2, 0, 2, 1, 0
70697, 0, 2, 1, 1, 0, 0
78386, 0, 2, 0, 2, 0, 0
78974, 0, 3, 0, 3, 0, 0
79374, 12, 1, 0, 1, 11, 1
80205, 0, 2, 0, 2, 0, 0
81868, 0, 1, 0, 1, 0, 0
81870, 0, 1, 0, 1, 0, 0
81871, 0, 1, 0, 1, 0, 0
81872, 0, 1, 0, 1, 0, 0
81873, 0, 1, 0, 1, 0, 0
81874, 0, 1, 0, 1, 0, 0
81876, 0, 1, 0, 1, 0, 0
81877, 0, 5, 0, 5, 0, 0
81879, 0, 1, 0, 1, 0, 0
81880, 0, 1, 0, 1, 0, 0
81881, 0, 1, 0, 1, 0, 0
81882, 0, 1, 0, 1, 0, 0
81883, 0, 1, 0, 1, 0, 0
81887, 0, 1, 0, 1, 0, 0
81888, 0, 1, 0, 1, 0, 0
81894, 0, 1, 0, 1, 0, 0
81895, 0, 1, 0, 1, 0, 0
81896, 0, 1, 0, 1, 0, 0
81898, 0, 1, 0, 1, 0, 0
81899, 0, 1, 0, 1, 0, 0
81901, 0, 2, 0, 2, 0, 0
81902, 0, 1, 0, 1, 0, 0
81903, 0, 1, 0, 1, 0, 0
81904, 0, 1, 0, 1, 0, 0
81906, 0, 1, 0, 1, 0, 0
81908, 0, 2, 1, 1, 0, 0
84120, 0, 2, 1, 1, 0, 0
86123, 7, 3, 2, 1, 5, 2
91999, 1, 1, 0, 1, 0, 1
93265, 0, 1, 0, 1, 0, 0
93455, 0, 1, 0, 1, 0, 0
99078, 14, 3, 2, 1, 14, 0
99180, 0, 1, 0, 1, 0, 0
100052, 0, 1, 0, 1, 0, 0
101258, 0, 1, 0, 1, 0, 0
105230, 1, 2, 1, 1, 1, 0
106509, 2, 1, 0, 1, 2, 0
106955, 1, 1, 0, 1, 1, 0
107375, 0, 2, 0, 2, 0, 0
107407, 0, 1, 0, 1, 0, 0
107961, 0, 1, 0, 1, 0, 0
107963, 0, 2, 1, 1, 0, 0
109128, 1, 1, 0, 1, 0, 1
109176, 0, 1, 0, 1, 0, 0
111830, 0, 1, 0, 1, 0, 0
111853, 6, 2, 1, 1, 6, 0
112297, 1, 2, 0, 2, 0, 1
112535, 1, 2, 1, 1, 1, 0
112914, 0, 2, 0, 2, 0, 0
113520, 0, 2, 0, 2, 0, 0
113673, 2, 2, 1, 1, 1, 1
113779, 7, 3, 2, 1, 7, 0
113836, 0, 1, 0, 1, 0, 0
113929, 0, 1, 0, 1, 0, 0
114362, 0, 1, 0, 1, 0, 0
114367, 0, 1, 0, 1, 0, 0
114427, 0, 1, 0, 1, 0, 0
115074, 0, 1, 0, 1, 0, 0
115218, 0, 1, 0, 1, 0, 0
116068, 0, 1, 0, 1, 0, 0
116902, 0, 1, 0, 1, 0, 0
117233, 0, 1, 0, 1, 0, 0
117354, 0, 1, 0, 1, 0, 0
117358, 0, 1, 0, 1, 0, 0
117600, 0, 1, 0, 1, 0, 0
118480, 1, 2, 1, 1, 1, 0
118987, 7, 4, 2, 2, 7, 0
119021, 0, 2, 0, 2, 0, 0
120526, 0, 1, 0, 1, 0, 0
120772, 0, 1, 0, 1, 0, 0
120829, 0, 2, 0, 2, 0, 0
121625, 0, 2, 1, 1, 0, 0
123181, 0, 1, 0, 1, 0, 0
123346, 0, 1, 0, 1, 0, 0
123416, 5, 1, 0, 1, 1, 4
123555, 0, 2, 0, 2, 0, 0
125192, 0, 1, 0, 1, 0, 0
125193, 0, 1, 0, 1, 0, 0
125443, 1, 1, 0, 1, 1, 0
125580, 0, 1, 0, 1, 0, 0
125885, 0, 1, 0, 1, 0, 0
125939, 0, 1, 0, 1, 0, 0
125940, 0, 1, 0, 1, 0, 0
127567, 0, 1, 0, 1, 0, 0
128139, 1, 1, 0, 1, 1, 0
128469, 0, 2, 0, 2, 0, 0
129704, 0, 1, 0, 1, 0, 0
130110, 0, 1, 0, 1, 0, 0
130726, 0, 2, 2, 0, 0, 0
40178, 0, 3, 1, 2, 0, 0
48191, 1, 4, 1, 3, 1, 0
23066, 1, 1, 1, 0, 1, 0
46777, 4, 3, 3, 0, 4, 0
46992, 2, 3, 3, 0, 2, 0
51048, 1, 1, 1, 0, 1, 0
51545, 1, 1, 1, 0, 1, 0
51689, 4, 5, 5, 0, 4, 0
53056, 2, 1, 1, 0, 2, 0
54331, 12, 2, 2, 0, 12, 0
59265, 11, 3, 3, 0, 10, 1
61261, 0, 1, 1, 0, 0, 0
61262, 0, 1, 1, 0, 0, 0
61263, 0, 1, 1, 0, 0, 0
61264, 0, 1, 1, 0, 0, 0
61265, 0, 1, 1, 0, 0, 0
61266, 1, 2, 2, 0, 1, 0
61267, 0, 1, 1, 0, 0, 0
61268, 0, 1, 1, 0, 0, 0
61269, 0, 1, 1, 0, 0, 0
61270, 0, 1, 1, 0, 0, 0
61271, 0, 1, 1, 0, 0, 0
61272, 0, 1, 1, 0, 0, 0
61273, 13, 7, 7, 0, 13, 0
61274, 0, 1, 1, 0, 0, 0
61275, 0, 1, 1, 0, 0, 0
61276, 0, 1, 1, 0, 0, 0
61277, 0, 1, 1, 0, 0, 0
61278, 0, 1, 1, 0, 0, 0
61279, 0, 1, 1, 0, 0, 0
10432, 1, 0, 0, 0, 1, 0
10433, 1, 0, 0, 0, 0, 1
10434, 1, 0, 0, 0, 1, 0
10436, 1, 0, 0, 0, 0, 1
10437, 1, 1, 0, 1, 1, 0
68034, 0, 2, 2, 0, 0, 0
131311, 1, 1, 1, 0, 1, 0
10442, 3, 0, 0, 0, 3, 0
11407, 0, 1, 1, 0, 0, 0
10444, 1, 1, 1, 0, 1, 0
24336, 1, 1, 1, 0, 1, 0
10446, 1, 0, 0, 0, 1, 0
10447, 3, 6, 6, 0, 3, 0
10448, 1, 0, 0, 0, 1, 0
10449, 0, 1, 1, 0, 0, 0
10450, 1, 0, 0, 0, 1, 0
70409, 4, 1, 1, 0, 4, 0
22046, 22, 36, 36, 0, 22, 0
54440, 0, 2, 1, 1, 0, 0
65334, 6, 3, 3, 0, 6, 0
70253, 3, 3, 3, 0, 3, 0
73907, 0, 23, 23, 0, 0, 0
87755, 1, 6, 6, 0, 1, 0
88329, 1, 1, 1, 0, 1, 0
88575, 0, 1, 0, 1, 0, 0
73185, 13, 4, 4, 0, 13, 0
108551, 4, 1, 1, 0, 4, 0
10462, 3, 0, 0, 0, 3, 0
10463, 1, 0, 0, 0, 1, 0
10464, 3, 1, 0, 1, 2, 1
10465, 2, 5, 4, 1, 2, 0
10466, 1, 2, 2, 0, 1, 0
57824, 1, 1, 1, 0, 1, 0
76492, 1, 1, 1, 0, 1, 0
10468, 1, 0, 0, 0, 1, 0
10469, 1, 1, 1, 0, 1, 0
55487, 1, 3, 3, 0, 1, 0
10471, 1, 0, 0, 0, 1, 0
10472, 0, 1, 1, 0, 0, 0
43606, 0, 1, 0, 1, 0, 0
43607, 0, 1, 1, 0, 0, 0
43608, 0, 1, 0, 1, 0, 0
10479, 1, 0, 0, 0, 0, 1
10481, 1, 1, 1, 0, 1, 0
10482, 1, 1, 1, 0, 1, 0
10483, 1, 0, 0, 0, 0, 1
10484, 1, 0, 0, 0, 0, 1
10486, 4, 1, 1, 0, 4, 0
55457, 7, 1, 1, 0, 7, 0
10489, 1, 0, 0, 0, 1, 0
10490, 1, 1, 1, 0, 1, 0
10491, 0, 1, 1, 0, 0, 0
10492, 1, 0, 0, 0, 0, 1
43834, 2, 2, 2, 0, 2, 0
44224, 1, 1, 1, 0, 1, 0
44225, 2, 3, 2, 1, 2, 0
10496, 3, 1, 1, 0, 3, 0
10497, 1, 0, 0, 0, 1, 0
25994, 3, 5, 5, 0, 3, 0
52970, 2, 2, 2, 0, 2, 0
10499, 1, 0, 0, 0, 1, 0
10500, 1, 0, 0, 0, 1, 0
10501, 1, 0, 0, 0, 1, 0
10502, 0, 1, 1, 0, 0, 0
10503, 1, 0, 0, 0, 1, 0
10504, 1, 0, 0, 0, 1, 0
52336, 36, 7, 7, 0, 36, 0
53656, 2, 6, 6, 0, 2, 0
61282, 1, 1, 1, 0, 1, 0
87259, 1, 3, 3, 0, 1, 0
88830, 0, 5, 5, 0, 0, 0
88844, 2, 2, 2, 0, 2, 0
10506, 1, 1, 1, 0, 1, 0
10507, 1, 2, 2, 0, 1, 0
10508, 1, 0, 0, 0, 1, 0
10510, 3, 0, 0, 0, 3, 0
10512, 1, 1, 1, 0, 1, 0
45576, 7, 4, 4, 0, 7, 0
88470, 2, 1, 1, 0, 2, 0
91165, 0, 1, 1, 0, 0, 0
10513, 1, 0, 0, 0, 1, 0
10514, 2, 0, 0, 0, 2, 0
10515, 3, 10, 9, 1, 3, 0
75966, 1, 1, 1, 0, 1, 0
10516, 1, 0, 0, 0, 1, 0
10517, 1, 0, 0, 0, 1, 0
10519, 1, 0, 0, 0, 0, 1
10520, 0, 1, 0, 1, 0, 0
10521, 1, 0, 0, 0, 1, 0
10523, 1, 1, 1, 0, 0, 1
16205, 0, 1, 0, 1, 0, 0
10524, 3, 2, 2, 0, 3, 0
10525, 2, 5, 5, 0, 2, 0
10526, 6, 3, 3, 0, 6, 0
23479, 7, 4, 4, 0, 6, 1
10528, 2, 1, 1, 0, 2, 0
10529, 1, 0, 0, 0, 0, 1
10530, 2, 0, 0, 0, 1, 1
10531, 1, 0, 0, 0, 1, 0
21379, 0, 1, 1, 0, 0, 0
10534, 1, 5, 5, 0, 1, 0
10535, 1, 1, 1, 0, 1, 0
10536, 1, 0, 0, 0, 1, 0
10537, 1, 0, 0, 0, 1, 0
10538, 1, 0, 0, 0, 1, 0
10539, 3, 1, 1, 0, 3, 0
40609, 0, 1, 0, 1, 0, 0
40610, 0, 2, 1, 1, 0, 0
30449, 0, 3, 1, 2, 0, 0
40470, 2, 4, 3, 1, 1, 1
44922, 0, 1, 1, 0, 0, 0
10542, 1, 0, 0, 0, 1, 0
10543, 2, 0, 0, 0, 2, 0
10545, 1, 0, 0, 0, 1, 0
10549, 1, 0, 0, 0, 1, 0
10551, 1, 0, 0, 0, 1, 0
55982, 1, 2, 2, 0, 1, 0
59804, 0, 2, 2, 0, 0, 0
10553, 1, 0, 0, 0, 1, 0
10555, 1, 2, 2, 0, 1, 0
120489, 0, 1, 1, 0, 0, 0
120565, 0, 1, 1, 0, 0, 0
10559, 1, 0, 0, 0, 1, 0
10560, 0, 1, 1, 0, 0, 0
10561, 2, 0, 0, 0, 2, 0
10562, 2, 3, 3, 0, 2, 0
13538, 0, 1, 1, 0, 0, 0
10564, 1, 0, 0, 0, 1, 0
11760, 66, 24, 24, 0, 66, 0
11763, 2, 4, 4, 0, 2, 0
11764, 2, 4, 4, 0, 2, 0
11785, 12, 7, 6, 1, 12, 0
26434, 24, 12, 12, 0, 24, 0
60406, 32, 17, 17, 0, 32, 0
61185, 9, 13, 13, 0, 9, 0
62387, 11, 18, 17, 1, 11, 0
68474, 4, 1, 1, 0, 4, 0
65303, 0, 1, 1, 0, 0, 0
63610, 0, 2, 0, 2, 0, 0
33853, 1, 3, 3, 0, 1, 0
51038, 20, 2, 0, 2, 18, 2
60787, 0, 1, 0, 1, 0, 0
24658, 5, 5, 5, 0, 5, 0
26682, 3, 2, 2, 0, 3, 0
46642, 27, 4, 3, 1, 27, 0
47020, 3, 3, 3, 0, 3, 0
47300, 0, 6, 6, 0, 0, 0
52886, 1, 2, 2, 0, 1, 0
54591, 0, 2, 2, 0, 0, 0
59075, 0, 2, 2, 0, 0, 0
68656, 1, 2, 2, 0, 1, 0
69210, 0, 2, 2, 0, 0, 0
69609, 3, 2, 2, 0, 3, 0
70853, 1, 1, 1, 0, 1, 0
71629, 8, 2, 2, 0, 8, 0
73424, 3, 1, 1, 0, 3, 0
73539, 1, 1, 1, 0, 1, 0
73707, 5, 6, 6, 0, 5, 0
75343, 1, 1, 1, 0, 1, 0
75947, 0, 2, 2, 0, 0, 0
76255, 1, 1, 1, 0, 1, 0
76300, 1, 1, 1, 0, 1, 0
77871, 1, 1, 1, 0, 1, 0
78648, 1, 2, 2, 0, 1, 0
78692, 1, 1, 1, 0, 1, 0
81285, 0, 2, 2, 0, 0, 0
83009, 2, 2, 2, 0, 2, 0
83010, 2, 3, 3, 0, 2, 0
83620, 0, 2, 2, 0, 0, 0
84810, 0, 2, 2, 0, 0, 0
85407, 1, 2, 2, 0, 1, 0
86635, 1, 1, 1, 0, 1, 0
92406, 0, 1, 1, 0, 0, 0
92407, 0, 1, 1, 0, 0, 0
92408, 0, 1, 1, 0, 0, 0
92409, 0, 1, 1, 0, 0, 0
92410, 0, 1, 1, 0, 0, 0
92411, 0, 1, 1, 0, 0, 0
92412, 0, 1, 1, 0, 0, 0
92413, 0, 1, 1, 0, 0, 0
92414, 0, 1, 1, 0, 0, 0
92415, 0, 1, 1, 0, 0, 0
92416, 0, 1, 1, 0, 0, 0
92417, 0, 1, 1, 0, 0, 0
92418, 0, 1, 1, 0, 0, 0
92419, 0, 1, 1, 0, 0, 0
92420, 0, 1, 1, 0, 0, 0
92421, 0, 1, 1, 0, 0, 0
92422, 0, 1, 1, 0, 0, 0
92423, 0, 1, 1, 0, 0, 0
92424, 0, 1, 1, 0, 0, 0
92425, 0, 1, 1, 0, 0, 0
92426, 0, 1, 1, 0, 0, 0
92427, 0, 1, 1, 0, 0, 0
92428, 0, 1, 1, 0, 0, 0
92429, 0, 1, 1, 0, 0, 0
92430, 0, 1, 1, 0, 0, 0
92431, 0, 1, 1, 0, 0, 0
92432, 0, 1, 1, 0, 0, 0
92433, 0, 1, 1, 0, 0, 0
92434, 0, 1, 1, 0, 0, 0
92435, 0, 1, 1, 0, 0, 0
92436, 0, 1, 1, 0, 0, 0
108897, 0, 1, 1, 0, 0, 0
109093, 0, 1, 1, 0, 0, 0
109094, 0, 1, 1, 0, 0, 0
109147, 0, 3, 2, 1, 0, 0
109217, 0, 1, 1, 0, 0, 0
109218, 0, 1, 1, 0, 0, 0
109453, 0, 1, 1, 0, 0, 0
109454, 0, 1, 1, 0, 0, 0
109554, 0, 1, 1, 0, 0, 0
110124, 0, 1, 1, 0, 0, 0
10576, 1, 2, 2, 0, 1, 0
83927, 1, 1, 1, 0, 1, 0
10580, 2, 0, 0, 0, 2, 0
29011, 5, 4, 4, 0, 5, 0
46781, 1, 1, 1, 0, 1, 0
51664, 8, 6, 6, 0, 7, 1
70029, 2, 1, 1, 0, 2, 0
76495, 3, 1, 1, 0, 3, 0
76526, 0, 3, 3, 0, 0, 0
10584, 1, 0, 0, 0, 0, 1
10586, 2, 0, 0, 0, 0, 2
10588, 2, 0, 0, 0, 1, 1
10589, 1, 0, 0, 0, 1, 0
10590, 1, 0, 0, 0, 1, 0
10591, 1, 0, 0, 0, 1, 0
87818, 2, 1, 1, 0, 2, 0
10593, 2, 0, 0, 0, 2, 0
10594, 2, 0, 0, 0, 2, 0
10597, 1, 0, 0, 0, 0, 1
13131, 13, 13, 13, 0, 0, 13
37518, 2, 1, 0, 1, 2, 0
10600, 1, 0, 0, 0, 0, 1
10601, 1, 1, 0, 1, 1, 0
47235, 1, 1, 1, 0, 0, 1
61713, 11, 9, 9, 0, 11, 0
80186, 0, 2, 2, 0, 0, 0
86874, 12, 8, 8, 0, 11, 1
10606, 1, 0, 0, 0, 1, 0
10607, 1, 1, 1, 0, 1, 0
10608, 1, 1, 1, 0, 1, 0
10609, 1, 0, 0, 0, 0, 1
10612, 1, 0, 0, 0, 1, 0
10615, 5, 1, 1, 0, 5, 0
10989, 1, 2, 0, 2, 0, 1
20634, 6, 14, 14, 0, 6, 0
52787, 2, 4, 3, 1, 2, 0
67969, 20, 8, 8, 0, 20, 0
67970, 4, 5, 5, 0, 4, 0
67971, 4, 4, 4, 0, 4, 0
10617, 1, 0, 0, 0, 1, 0
10618, 0, 1, 1, 0, 0, 0
10619, 1, 0, 0, 0, 0, 1
23866, 9, 1, 1, 0, 6, 3
24211, 5, 1, 1, 0, 5, 0
30233, 16, 5, 4, 1, 16, 0
73610, 2, 1, 1, 0, 2, 0
95384, 0, 3, 3, 0, 0, 0
10621, 1, 1, 1, 0, 1, 0
10622, 1, 0, 0, 0, 0, 1
10624, 1, 0, 0, 0, 1, 0
10626, 1, 0, 0, 0, 1, 0
10628, 1, 0, 0, 0, 0, 1
30789, 20, 6, 5, 1, 20, 0
37134, 2, 2, 0, 2, 2, 0
69248, 3, 3, 3, 0, 3, 0
10631, 1, 0, 0, 0, 1, 0
10632, 1, 0, 0, 0, 1, 0
100478, 0, 4, 4, 0, 0, 0
10634, 1, 0, 0, 0, 1, 0
10635, 1, 1, 1, 0, 1, 0
10636, 1, 0, 0, 0, 1, 0
35122, 5, 2, 2, 0, 5, 0
10639, 1, 0, 0, 0, 1, 0
10640, 1, 0, 0, 0, 1, 0
10642, 2, 0, 0, 0, 1, 1
10643, 1, 0, 0, 0, 1, 0
10644, 0, 1, 1, 0, 0, 0
10645, 2, 0, 0, 0, 1, 1
10646, 4, 3, 2, 1, 4, 0
59309, 0, 1, 1, 0, 0, 0
59310, 0, 1, 1, 0, 0, 0
10647, 1, 0, 0, 0, 1, 0
10648, 0, 1, 1, 0, 0, 0
10649, 1, 0, 0, 0, 0, 1
10652, 1, 0, 0, 0, 1, 0
10653, 0, 1, 1, 0, 0, 0
10657, 1, 1, 1, 0, 0, 1
10658, 1, 1, 0, 1, 1, 0
81928, 0, 1, 1, 0, 0, 0
10659, 1, 0, 0, 0, 1, 0
10660, 0, 2, 2, 0, 0, 0
10663, 1, 0, 0, 0, 1, 0
21872, 4, 2, 2, 0, 4, 0
22751, 2, 1, 1, 0, 2, 0
23964, 4, 10, 10, 0, 4, 0
10666, 5, 1, 1, 0, 4, 1
55465, 7, 3, 3, 0, 6, 1
109816, 0, 1, 1, 0, 0, 0
122791, 0, 1, 1, 0, 0, 0
55020, 5, 2, 1, 1, 4, 1
79270, 6, 2, 2, 0, 6, 0
69144, 2, 3, 3, 0, 2, 0
10677, 1, 0, 0, 0, 0, 1
10680, 1, 0, 0, 0, 0, 1
60941, 0, 6, 6, 0, 0, 0
85203, 3, 3, 3, 0, 3, 0
10684, 1, 0, 0, 0, 1, 0
10685, 1, 0, 0, 0, 1, 0
10688, 1, 0, 0, 0, 1, 0
10697, 1, 3, 3, 0, 1, 0
94711, 1, 2, 1, 1, 1, 0
10693, 0, 1, 1, 0, 0, 0
17487, 1, 1, 1, 0, 1, 0
21930, 2, 2, 2, 0, 2, 0
31429, 2, 1, 1, 0, 2, 0
10694, 1, 0, 0, 0, 0, 1
10695, 0, 1, 0, 1, 0, 0
10696, 1, 1, 0, 1, 1, 0
10698, 1, 0, 0, 0, 1, 0
10699, 2, 1, 1, 0, 2, 0
10700, 2, 0, 0, 0, 2, 0
10701, 2, 0, 0, 0, 2, 0
11897, 4, 4, 4, 0, 2, 2
11898, 0, 4, 4, 0, 0, 0
11900, 0, 2, 2, 0, 0, 0
11902, 7, 1, 1, 0, 6, 1
11905, 1, 3, 3, 0, 1, 0
11907, 12, 8, 8, 0, 12, 0
11915, 0, 1, 1, 0, 0, 0
11918, 1, 1, 1, 0, 1, 0
11923, 2, 2, 2, 0, 1, 1
11929, 0, 1, 1, 0, 0, 0
11930, 8, 3, 3, 0, 8, 0
11934, 0, 2, 2, 0, 0, 0
11936, 1, 1, 1, 0, 1, 0
11942, 0, 1, 1, 0, 0, 0
11943, 3, 1, 1, 0, 3, 0
10704, 1, 0, 0, 0, 1, 0
77704, 0, 3, 3, 0, 0, 0
10709, 1, 0, 0, 0, 0, 1
10710, 1, 0, 0, 0, 1, 0
10714, 1, 0, 0, 0, 1, 0
10716, 1, 1, 0, 1, 1, 0
10717, 5, 4, 3, 1, 5, 0
11040, 5, 1, 1, 0, 5, 0
11043, 0, 3, 3, 0, 0, 0
89245, 0, 3, 3, 0, 0, 0
54002, 8, 4, 4, 0, 8, 0
59548, 2, 2, 2, 0, 2, 0
10723, 1, 0, 0, 0, 0, 1
10727, 2, 0, 0, 0, 2, 0
25083, 4, 2, 1, 1, 4, 0
25808, 2, 2, 2, 0, 2, 0
34774, 0, 1, 0, 1, 0, 0
34777, 0, 1, 0, 1, 0, 0
10730, 1, 0, 0, 0, 1, 0
10731, 1, 0, 0, 0, 1, 0
10732, 1, 0, 0, 0, 0, 1
10733, 1, 0, 0, 0, 0, 1
10737, 1, 8, 0, 8, 0, 1
14026, 0, 2, 1, 1, 0, 0
10739, 1, 0, 0, 0, 1, 0
10740, 4, 0, 0, 0, 3, 1
16120, 1, 1, 1, 0, 1, 0
66037, 0, 2, 2, 0, 0, 0
10749, 1, 0, 0, 0, 1, 0
57481, 17, 16, 15, 1, 17, 0
76015, 1, 1, 0, 1, 1, 0
10751, 1, 1, 1, 0, 1, 0
45549, 0, 1, 1, 0, 0, 0
10753, 1, 1, 1, 0, 1, 0
93800, 0, 1, 1, 0, 0, 0
10755, 1, 0, 0, 0, 1, 0
10756, 3, 2, 1, 1, 3, 0
10758, 1, 5, 5, 0, 1, 0
11218, 0, 3, 2, 1, 0, 0
27969, 1, 1, 1, 0, 1, 0
33438, 1, 2, 2, 0, 1, 0
38341, 8, 2, 2, 0, 8, 0
38494, 1, 1, 1, 0, 1, 0
62866, 0, 21, 21, 0, 0, 0
66398, 2, 2, 2, 0, 2, 0
74736, 0, 1, 1, 0, 0, 0
64630, 7, 8, 8, 0, 7, 0
10759, 1, 0, 0, 0, 1, 0
10760, 1, 0, 0, 0, 1, 0
10761, 1, 0, 0, 0, 1, 0
10763, 1, 0, 0, 0, 1, 0
10764, 4, 0, 0, 0, 4, 0
10765, 3, 0, 0, 0, 3, 0
41411, 1, 2, 2, 0, 1, 0
47909, 0, 1, 0, 1, 0, 0
47910, 0, 1, 1, 0, 0, 0
10767, 1, 0, 0, 0, 1, 0
10768, 1, 0, 0, 0, 1, 0
38211, 24, 18, 18, 0, 24, 0
65312, 31, 24, 24, 0, 31, 0
65313, 9, 17, 16, 1, 9, 0
76069, 0, 1, 1, 0, 0, 0
10770, 1, 1, 1, 0, 1, 0
29234, 5, 3, 2, 1, 5, 0
10773, 1, 2, 2, 0, 1, 0
10775, 1, 0, 0, 0, 0, 1
10776, 1, 0, 0, 0, 0, 1
10777, 1, 0, 0, 0, 0, 1
34637, 2, 4, 3, 1, 2, 0
76715, 0, 1, 0, 1, 0, 0
76717, 0, 1, 0, 1, 0, 0
25326, 4, 4, 4, 0, 4, 0
33495, 7, 3, 3, 0, 6, 1
40529, 0, 1, 1, 0, 0, 0
40532, 1, 2, 2, 0, 1, 0
40540, 1, 2, 2, 0, 1, 0
40541, 0, 2, 2, 0, 0, 0
40543, 4, 10, 8, 2, 3, 1
40546, 14, 2, 2, 0, 14, 0
40550, 1, 4, 4, 0, 1, 0
40551, 2, 3, 3, 0, 2, 0
96329, 10, 9, 9, 0, 6, 4
13401, 0, 2, 2, 0, 0, 0
41846, 6, 4, 4, 0, 6, 0
43855, 1, 5, 4, 1, 1, 0
44091, 4, 5, 5, 0, 4, 0
53688, 1, 1, 1, 0, 1, 0
10789, 1, 0, 0, 0, 1, 0
10790, 1, 0, 0, 0, 1, 0
10791, 0, 3, 3, 0, 0, 0
10792, 1, 0, 0, 0, 1, 0
10793, 1, 0, 0, 0, 0, 1
10794, 3, 1, 0, 1, 3, 0
10795, 1, 0, 0, 0, 1, 0
10796, 1, 0, 0, 0, 0, 1
10797, 4, 0, 0, 0, 4, 0
10798, 1, 1, 1, 0, 1, 0
10801, 1, 0, 0, 0, 1, 0
10802, 1, 0, 0, 0, 0, 1
10803, 0, 2, 1, 1, 0, 0
10804, 1, 0, 0, 0, 1, 0
10805, 1, 0, 0, 0, 1, 0
10806, 0, 1, 1, 0, 0, 0
10807, 2, 0, 0, 0, 1, 1
15399, 5, 1, 1, 0, 5, 0
38852, 2, 4, 4, 0, 2, 0
112018, 6, 3, 3, 0, 6, 0
120041, 12, 3, 3, 0, 12, 0
131097, 0, 1, 1, 0, 0, 0
10809, 6, 2, 1, 1, 5, 1
10810, 0, 1, 1, 0, 0, 0
10811, 1, 0, 0, 0, 1, 0
10812, 1, 0, 0, 0, 1, 0
10813, 6, 10, 10, 0, 5, 1
18278, 2, 2, 2, 0, 2, 0
65949, 5, 4, 4, 0, 5, 0
67358, 0, 1, 1, 0, 0, 0
10814, 1, 0, 0, 0, 1, 0
10815, 1, 0, 0, 0, 1, 0
10819, 0, 2, 2, 0, 0, 0
10820, 0, 1, 1, 0, 0, 0
23991, 3, 4, 4, 0, 3, 0
24678, 4, 2, 2, 0, 4, 0
26353, 6, 3, 2, 1, 6, 0
30550, 2, 8, 7, 1, 2, 0
94016, 9, 1, 1, 0, 9, 0
117049, 26, 3, 3, 0, 26, 0
117377, 6, 1, 1, 0, 6, 0
10823, 1, 0, 0, 0, 1, 0
10824, 1, 0, 0, 0, 1, 0
10825, 1, 0, 0, 0, 0, 1
49974, 1, 3, 3, 0, 1, 0
56533, 8, 9, 7, 2, 8, 0
66895, 6, 6, 4, 2, 5, 1
75622, 0, 1, 1, 0, 0, 0
94250, 5, 2, 2, 0, 5, 0
95368, 1, 1, 1, 0, 1, 0
96699, 2, 3, 3, 0, 2, 0
18943, 4, 4, 2, 2, 4, 0
36043, 2, 2, 1, 1, 2, 0
55922, 2, 3, 2, 1, 2, 0
57328, 4, 5, 2, 3, 4, 0
64523, 0, 1, 0, 1, 0, 0
64524, 0, 1, 0, 1, 0, 0
123092, 4, 4, 4, 0, 4, 0
123093, 2, 4, 4, 0, 2, 0
123094, 4, 3, 3, 0, 3, 1
123095, 4, 2, 2, 0, 4, 0
48310, 5, 4, 4, 0, 3, 2
55693, 1, 2, 2, 0, 1, 0
121450, 0, 1, 0, 1, 0, 0
10829, 2, 0, 0, 0, 2, 0
40958, 1, 5, 5, 0, 1, 0
52021, 3, 8, 8, 0, 3, 0
56391, 1, 1, 1, 0, 1, 0
64219, 1, 1, 1, 0, 0, 1
69222, 0, 1, 1, 0, 0, 0
69223, 0, 1, 1, 0, 0, 0
10835, 0, 1, 1, 0, 0, 0
10836, 1, 2, 2, 0, 0, 1
10837, 2, 2, 1, 1, 1, 1
10838, 1, 0, 0, 0, 1, 0
10840, 2, 0, 0, 0, 2, 0
10841, 1, 0, 0, 0, 1, 0
10842, 1, 0, 0, 0, 1, 0
10843, 0, 1, 1, 0, 0, 0
10844, 1, 0, 0, 0, 1, 0
10845, 2, 0, 0, 0, 0, 2
10846, 1, 0, 0, 0, 0, 1
10847, 5, 4, 3, 1, 5, 0
17552, 17, 7, 6, 1, 16, 1
51555, 5, 2, 2, 0, 5, 0
10848, 1, 0, 0, 0, 1, 0
10849, 1, 0, 0, 0, 1, 0
34803, 0, 1, 1, 0, 0, 0
34804, 0, 2, 2, 0, 0, 0
100211, 0, 1, 1, 0, 0, 0
106959, 1, 1, 0, 1, 0, 1
10853, 2, 0, 0, 0, 2, 0
18826, 11, 1, 0, 1, 9, 2
20317, 1, 2, 0, 2, 0, 1
23366, 1, 1, 0, 1, 1, 0
30620, 0, 2, 0, 2, 0, 0
32132, 0, 1, 0, 1, 0, 0
32133, 9, 2, 0, 2, 6, 3
32136, 0, 2, 0, 2, 0, 0
32138, 0, 1, 0, 1, 0, 0
32139, 0, 2, 0, 2, 0, 0
10855, 1, 0, 0, 0, 0, 1
10857, 1, 0, 0, 0, 1, 0
10858, 1, 0, 0, 0, 1, 0
10859, 1, 0, 0, 0, 1, 0
10860, 1, 0, 0, 0, 1, 0
29183, 0, 1, 0, 1, 0, 0
111886, 0, 2, 0, 2, 0, 0
114802, 0, 1, 0, 1, 0, 0
114803, 0, 1, 0, 1, 0, 0
116831, 6, 4, 2, 2, 5, 1
117640, 0, 1, 1, 0, 0, 0
109125, 0, 1, 0, 1, 0, 0
26998, 16, 4, 4, 0, 16, 0
102729, 0, 2, 1, 1, 0, 0
10875, 1, 0, 0, 0, 1, 0
41575, 4, 3, 3, 0, 3, 1
61182, 1, 3, 3, 0, 1, 0
64882, 0, 3, 3, 0, 0, 0
70113, 1, 4, 4, 0, 1, 0
80272, 4, 3, 2, 1, 4, 0
88211, 0, 1, 1, 0, 0, 0
88212, 1, 1, 1, 0, 1, 0
10877, 1, 0, 0, 0, 1, 0
10878, 1, 0, 0, 0, 0, 1
75105, 0, 1, 0, 1, 0, 0
75106, 0, 1, 0, 1, 0, 0
75107, 0, 1, 0, 1, 0, 0
75108, 0, 1, 0, 1, 0, 0
75109, 0, 1, 0, 1, 0, 0
75110, 0, 1, 0, 1, 0, 0
75111, 0, 1, 0, 1, 0, 0
75112, 0, 1, 0, 1, 0, 0
75113, 0, 1, 0, 1, 0, 0
75114, 0, 1, 0, 1, 0, 0
75115, 0, 1, 0, 1, 0, 0
75116, 0, 1, 0, 1, 0, 0
10880, 1, 0, 0, 0, 1, 0
10882, 1, 0, 0, 0, 1, 0
10883, 0, 2, 2, 0, 0, 0
10884, 1, 1, 1, 0, 1, 0
13794, 8, 4, 4, 0, 8, 0
13878, 6, 8, 8, 0, 6, 0
13880, 5, 6, 6, 0, 5, 0
13881, 0, 3, 3, 0, 0, 0
13882, 1, 5, 5, 0, 1, 0
13883, 0, 5, 5, 0, 0, 0
13884, 0, 5, 5, 0, 0, 0
13885, 0, 5, 5, 0, 0, 0
13886, 0, 2, 2, 0, 0, 0
13887, 0, 3, 3, 0, 0, 0
13888, 0, 3, 3, 0, 0, 0
14197, 5, 3, 3, 0, 5, 0
14261, 1, 1, 1, 0, 1, 0
14347, 9, 4, 4, 0, 9, 0
14348, 1, 5, 5, 0, 1, 0
14450, 1, 4, 4, 0, 1, 0
14490, 2, 4, 4, 0, 2, 0
14604, 0, 2, 2, 0, 0, 0
14605, 0, 3, 3, 0, 0, 0
14606, 0, 2, 2, 0, 0, 0
14607, 0, 2, 2, 0, 0, 0
14677, 0, 1, 1, 0, 0, 0
14678, 0, 1, 1, 0, 0, 0
14679, 0, 1, 1, 0, 0, 0
14680, 0, 1, 1, 0, 0, 0
14681, 0, 1, 1, 0, 0, 0
14682, 0, 1, 1, 0, 0, 0
14683, 0, 1, 1, 0, 0, 0
14684, 0, 1, 1, 0, 0, 0
14685, 0, 1, 1, 0, 0, 0
14686, 0, 1, 1, 0, 0, 0
14687, 0, 1, 1, 0, 0, 0
14688, 0, 1, 1, 0, 0, 0
14689, 0, 1, 1, 0, 0, 0
14690, 0, 1, 1, 0, 0, 0
14691, 0, 1, 1, 0, 0, 0
14692, 0, 1, 1, 0, 0, 0
14693, 0, 1, 1, 0, 0, 0
14694, 0, 1, 1, 0, 0, 0
14695, 0, 1, 1, 0, 0, 0
14696, 0, 1, 1, 0, 0, 0
14697, 0, 1, 1, 0, 0, 0
14698, 0, 1, 1, 0, 0, 0
14699, 0, 1, 1, 0, 0, 0
14700, 0, 1, 1, 0, 0, 0
14701, 0, 1, 1, 0, 0, 0
14702, 0, 1, 1, 0, 0, 0
14703, 0, 1, 1, 0, 0, 0
14704, 0, 1, 1, 0, 0, 0
14705, 0, 1, 1, 0, 0, 0
10886, 1, 0, 0, 0, 1, 0
10887, 2, 0, 0, 0, 2, 0
10888, 1, 0, 0, 0, 1, 0
10894, 1, 0, 0, 0, 1, 0
10895, 0, 2, 2, 0, 0, 0
18393, 4, 1, 1, 0, 4, 0
10898, 1, 0, 0, 0, 1, 0
10899, 1, 1, 1, 0, 0, 1
10900, 0, 1, 0, 1, 0, 0
10901, 1, 0, 0, 0, 1, 0
26175, 1, 1, 1, 0, 1, 0
63147, 10, 1, 1, 0, 10, 0
82797, 0, 1, 1, 0, 0, 0
82798, 0, 1, 1, 0, 0, 0
82799, 0, 2, 1, 1, 0, 0
82800, 2, 4, 4, 0, 2, 0
82801, 0, 1, 0, 1, 0, 0
82802, 0, 1, 1, 0, 0, 0
10904, 1, 0, 0, 0, 1, 0
10905, 6, 5, 5, 0, 6, 0
60603, 3, 6, 6, 0, 3, 0
120770, 1, 1, 1, 0, 1, 0
10906, 1, 0, 0, 0, 1, 0
10907, 1, 0, 0, 0, 1, 0
10908, 16, 1, 1, 0, 16, 0
10909, 1, 0, 0, 0, 0, 1
86101, 6, 3, 3, 0, 6, 0
10911, 1, 0, 0, 0, 1, 0
10912, 1, 0, 0, 0, 0, 1
10913, 3, 0, 0, 0, 3, 0
89249, 0, 1, 0, 1, 0, 0
121842, 0, 1, 1, 0, 0, 0
10915, 1, 0, 0, 0, 1, 0
49896, 0, 1, 0, 1, 0, 0
10919, 1, 0, 0, 0, 1, 0
10920, 1, 0, 0, 0, 1, 0
25587, 7, 6, 6, 0, 6, 1
98258, 0, 1, 1, 0, 0, 0
98460, 3, 2, 2, 0, 3, 0
125246, 12, 13, 13, 0, 12, 0
129345, 8, 7, 5, 2, 8, 0
10925, 1, 0, 0, 0, 1, 0
10928, 1, 0, 0, 0, 1, 0
10931, 1, 0, 0, 0, 1, 0
39620, 9, 10, 10, 0, 9, 0
46180, 1, 4, 4, 0, 0, 1
48031, 3, 11, 11, 0, 3, 0
60484, 2, 9, 9, 0, 2, 0
72054, 1, 8, 8, 0, 1, 0
72677, 10, 10, 10, 0, 10, 0
73888, 22, 16, 16, 0, 22, 0
86559, 1, 1, 1, 0, 1, 0
86965, 0, 1, 1, 0, 0, 0
86966, 0, 1, 1, 0, 0, 0
86967, 0, 1, 1, 0, 0, 0
86968, 0, 1, 1, 0, 0, 0
11299, 5, 1, 1, 0, 2, 3
24447, 1, 4, 2, 2, 1, 0
95259, 0, 1, 1, 0, 0, 0
16213, 0, 1, 1, 0, 0, 0
45155, 2, 2, 2, 0, 2, 0
63707, 5, 2, 1, 1, 5, 0
101754, 5, 1, 1, 0, 5, 0
102403, 0, 1, 1, 0, 0, 0
103765, 2, 1, 1, 0, 2, 0
108243, 2, 1, 1, 0, 2, 0
111349, 0, 1, 1, 0, 0, 0
112449, 1, 2, 2, 0, 0, 1
113652, 0, 2, 2, 0, 0, 0
115277, 0, 1, 1, 0, 0, 0
10941, 6, 0, 0, 0, 5, 1
20437, 1, 4, 3, 1, 1, 0
40098, 1, 33, 30, 3, 1, 0
40583, 0, 4, 2, 2, 0, 0
56192, 2, 2, 2, 0, 1, 1
57298, 1, 1, 1, 0, 1, 0
57437, 4, 3, 2, 1, 2, 2
62896, 0, 2, 2, 0, 0, 0
62898, 0, 1, 1, 0, 0, 0
62899, 0, 2, 2, 0, 0, 0
10943, 1, 0, 0, 0, 0, 1
10944, 1, 0, 0, 0, 1, 0
10945, 0, 1, 1, 0, 0, 0
10946, 1, 0, 0, 0, 1, 0
39166, 1, 1, 0, 1, 1, 0
106506, 2, 1, 0, 1, 2, 0
106732, 1, 1, 1, 0, 1, 0
10948, 1, 0, 0, 0, 0, 1
10955, 1, 0, 0, 0, 1, 0
10956, 2, 0, 0, 0, 2, 0
10957, 1, 0, 0, 0, 1, 0
10959, 8, 0, 0, 0, 7, 1
10961, 0, 1, 1, 0, 0, 0
10962, 1, 1, 1, 0, 1, 0
10963, 1, 1, 1, 0, 1, 0
10964, 3, 0, 0, 0, 2, 1
13477, 4, 2, 2, 0, 4, 0
36891, 0, 3, 3, 0, 0, 0
39723, 2, 1, 1, 0, 2, 0
39746, 3, 1, 1, 0, 3, 0
42746, 1, 1, 1, 0, 1, 0
42973, 5, 6, 6, 0, 5, 0
44283, 2, 2, 2, 0, 2, 0
46429, 0, 2, 2, 0, 0, 0
50021, 16, 1, 1, 0, 16, 0
54180, 2, 1, 1, 0, 2, 0
55133, 2, 4, 3, 1, 2, 0
58481, 1, 6, 6, 0, 1, 0
62009, 4, 2, 2, 0, 4, 0
70812, 0, 2, 1, 1, 0, 0
74330, 7, 4, 4, 0, 6, 1
86152, 0, 1, 1, 0, 0, 0
86153, 0, 1, 1, 0, 0, 0
86154, 0, 1, 1, 0, 0, 0
86155, 0, 1, 1, 0, 0, 0
98879, 2, 1, 1, 0, 2, 0
100194, 7, 1, 1, 0, 7, 0
101581, 0, 1, 1, 0, 0, 0
102066, 0, 1, 1, 0, 0, 0
103309, 0, 1, 1, 0, 0, 0
103310, 0, 1, 1, 0, 0, 0
16060, 1, 1, 0, 1, 0, 1
16586, 3, 1, 0, 1, 3, 0
19163, 2, 1, 1, 0, 2, 0
19818, 1, 1, 0, 1, 1, 0
23803, 3, 2, 1, 1, 3, 0
24736, 2, 3, 3, 0, 2, 0
25562, 44, 29, 29, 0, 44, 0
26217, 13, 8, 8, 0, 13, 0
27541, 14, 9, 6, 3, 10, 4
28523, 5, 2, 1, 1, 5, 0
29177, 0, 2, 2, 0, 0, 0
31831, 3, 2, 2, 0, 1, 2
33472, 0, 3, 3, 0, 0, 0
33590, 2, 2, 2, 0, 2, 0
35606, 2, 5, 4, 1, 1, 1
35938, 9, 5, 5, 0, 9, 0
38846, 1, 2, 1, 1, 1, 0
39517, 1, 1, 0, 1, 1, 0
44164, 2, 2, 0, 2, 0, 2
45709, 0, 5, 5, 0, 0, 0
46427, 1, 2, 1, 1, 1, 0
46428, 30, 3, 2, 1, 29, 1
46430, 2, 1, 0, 1, 2, 0
46431, 0, 1, 0, 1, 0, 0
46432, 0, 4, 4, 0, 0, 0
46433, 11, 4, 4, 0, 11, 0
46435, 4, 1, 1, 0, 4, 0
46436, 3, 6, 6, 0, 3, 0
46438, 2, 10, 9, 1, 2, 0
46439, 0, 1, 0, 1, 0, 0
46441, 6, 3, 1, 2, 6, 0
46442, 0, 1, 1, 0, 0, 0
46444, 0, 1, 0, 1, 0, 0
46446, 0, 1, 0, 1, 0, 0
46447, 0, 1, 1, 0, 0, 0
46450, 0, 2, 0, 2, 0, 0
46451, 0, 1, 0, 1, 0, 0
46452, 0, 1, 0, 1, 0, 0
46453, 0, 1, 1, 0, 0, 0
46454, 0, 1, 1, 0, 0, 0
46455, 0, 1, 0, 1, 0, 0
46456, 0, 3, 2, 1, 0, 0
46458, 0, 1, 0, 1, 0, 0
46459, 0, 1, 0, 1, 0, 0
46461, 0, 1, 0, 1, 0, 0
103732, 2, 1, 1, 0, 2, 0
16850, 3, 1, 1, 0, 2, 1
30355, 1, 7, 7, 0, 1, 0
36607, 0, 3, 1, 2, 0, 0
57051, 4, 2, 0, 2, 1, 3
68470, 1, 1, 1, 0, 1, 0
74597, 0, 2, 0, 2, 0, 0
76623, 0, 1, 0, 1, 0, 0
21117, 3, 2, 2, 0, 2, 1
31270, 9, 6, 5, 1, 7, 2
44704, 0, 3, 1, 2, 0, 0
53106, 5, 1, 1, 0, 5, 0
24108, 1, 1, 1, 0, 1, 0
65739, 1, 1, 1, 0, 1, 0
66797, 14, 6, 6, 0, 14, 0
69055, 0, 8, 8, 0, 0, 0
69195, 1, 1, 1, 0, 1, 0
71540, 3, 1, 1, 0, 2, 1
71541, 0, 1, 1, 0, 0, 0
60571, 1, 3, 3, 0, 1, 0
114935, 1, 1, 1, 0, 1, 0
121205, 11, 5, 5, 0, 11, 0
126541, 3, 2, 2, 0, 3, 0
127650, 1, 3, 3, 0, 1, 0
74515, 2, 1, 1, 0, 2, 0
10975, 1, 0, 0, 0, 1, 0
10976, 1, 0, 0, 0, 0, 1
10977, 1, 0, 0, 0, 1, 0
10979, 1, 0, 0, 0, 1, 0
10982, 1, 0, 0, 0, 1, 0
10983, 0, 1, 1, 0, 0, 0
10984, 1, 0, 0, 0, 1, 0
96628, 11, 3, 3, 0, 11, 0
10987, 1, 0, 0, 0, 1, 0
10988, 0, 1, 1, 0, 0, 0
10991, 1, 0, 0, 0, 1, 0
10992, 3, 3, 3, 0, 3, 0
76724, 0, 2, 2, 0, 0, 0
10993, 1, 0, 0, 0, 1, 0
10994, 1, 0, 0, 0, 1, 0
10995, 0, 1, 1, 0, 0, 0
10996, 1, 0, 0, 0, 1, 0
40943, 13, 21, 19, 2, 12, 1
52863, 1, 2, 0, 2, 1, 0
10998, 1, 1, 1, 0, 1, 0
12392, 0, 1, 1, 0, 0, 0
12393, 5, 1, 1, 0, 5, 0
11000, 1, 0, 0, 0, 1, 0
11001, 6, 1, 1, 0, 3, 3
42058, 16, 3, 2, 1, 3, 13
51406, 0, 1, 0, 1, 0, 0
58084, 1, 1, 1, 0, 1, 0
93414, 0, 3, 0, 3, 0, 0
102952, 0, 1, 1, 0, 0, 0
11005, 2, 0, 0, 0, 0, 2
11006, 0, 4, 3, 1, 0, 0
11007, 1, 2, 1, 1, 1, 0
11008, 1, 0, 0, 0, 1, 0
22412, 1, 1, 1, 0, 1, 0
23296, 11, 1, 1, 0, 11, 0
24948, 4, 2, 2, 0, 4, 0
48729, 0, 1, 1, 0, 0, 0
54392, 0, 1, 1, 0, 0, 0
54393, 0, 1, 1, 0, 0, 0
54394, 0, 1, 1, 0, 0, 0
54395, 0, 1, 1, 0, 0, 0
54396, 0, 1, 1, 0, 0, 0
54397, 0, 1, 1, 0, 0, 0
94735, 4, 1, 1, 0, 4, 0
11031, 1, 1, 1, 0, 1, 0
11012, 1, 0, 0, 0, 1, 0
11014, 1, 0, 0, 0, 1, 0
11015, 1, 0, 0, 0, 1, 0
11016, 1, 0, 0, 0, 1, 0
11017, 1, 0, 0, 0, 1, 0
11018, 1, 0, 0, 0, 0, 1
11019, 1, 0, 0, 0, 1, 0
27340, 8, 5, 3, 2, 4, 4
28753, 2, 2, 2, 0, 2, 0
11022, 1, 0, 0, 0, 0, 1
47494, 3, 2, 2, 0, 3, 0
51255, 1, 1, 1, 0, 1, 0
51861, 1, 1, 1, 0, 1, 0
11024, 1, 0, 0, 0, 1, 0
11025, 0, 3, 2, 1, 0, 0
11026, 1, 0, 0, 0, 1, 0
11027, 1, 0, 0, 0, 1, 0
18643, 40, 16, 16, 0, 39, 1
11029, 2, 0, 0, 0, 2, 0
39023, 0, 1, 0, 1, 0, 0
11034, 1, 0, 0, 0, 1, 0
11035, 2, 1, 1, 0, 2, 0
11036, 5, 1, 1, 0, 5, 0
11037, 2, 0, 0, 0, 2, 0
75623, 2, 2, 2, 0, 2, 0
75624, 0, 1, 0, 1, 0, 0
108476, 0, 1, 0, 1, 0, 0
44252, 0, 3, 3, 0, 0, 0
46105, 3, 2, 2, 0, 3, 0
131564, 0, 2, 2, 0, 0, 0
11050, 1, 0, 0, 0, 1, 0
11052, 4, 5, 5, 0, 4, 0
11053, 1, 0, 0, 0, 1, 0
11054, 0, 2, 2, 0, 0, 0
11058, 1, 0, 0, 0, 1, 0
11061, 2, 2, 2, 0, 0, 2
11066, 2, 0, 0, 0, 2, 0
11067, 5, 1, 0, 1, 1, 4
19438, 3, 7, 5, 2, 2, 1
40354, 3, 1, 0, 1, 2, 1
45478, 5, 1, 0, 1, 1, 4
54767, 1, 2, 1, 1, 1, 0
75169, 2, 1, 1, 0, 2, 0
81972, 0, 4, 1, 3, 0, 0
48357, 1, 1, 1, 0, 1, 0
11071, 1, 0, 0, 0, 0, 1
11072, 0, 1, 0, 1, 0, 0
11081, 1, 0, 0, 0, 0, 1
11082, 1, 0, 0, 0, 1, 0
11088, 2, 2, 2, 0, 2, 0
11089, 0, 1, 1, 0, 0, 0
20028, 6, 6, 6, 0, 6, 0
55348, 1, 2, 2, 0, 1, 0
69923, 0, 1, 1, 0, 0, 0
95639, 1, 1, 1, 0, 1, 0
98240, 1, 1, 1, 0, 1, 0
104682, 0, 1, 1, 0, 0, 0
104683, 0, 2, 2, 0, 0, 0
104685, 0, 2, 2, 0, 0, 0
104734, 1, 1, 1, 0, 1, 0
106122, 0, 1, 1, 0, 0, 0
109485, 2, 2, 2, 0, 2, 0
110488, 1, 1, 0, 1, 0, 1
92211, 0, 1, 1, 0, 0, 0
115814, 0, 4, 1, 3, 0, 0
78521, 0, 2, 2, 0, 0, 0
84860, 0, 2, 2, 0, 0, 0
30463, 2, 3, 1, 2, 2, 0
11094, 2, 0, 0, 0, 2, 0
11095, 1, 0, 0, 0, 1, 0
11096, 0, 3, 1, 2, 0, 0
11097, 2, 0, 0, 0, 0, 2
11098, 0, 1, 0, 1, 0, 0
11099, 0, 3, 2, 1, 0, 0
11100, 1, 0, 0, 0, 1, 0
76068, 0, 1, 1, 0, 0, 0
110863, 2, 2, 2, 0, 2, 0
11102, 1, 0, 0, 0, 1, 0
30966, 6, 5, 5, 0, 6, 0
69836, 0, 1, 0, 1, 0, 0
11107, 4, 0, 0, 0, 4, 0
11109, 6, 8, 8, 0, 6, 0
40564, 1, 1, 1, 0, 1, 0
73417, 4, 5, 5, 0, 4, 0
11112, 1, 0, 0, 0, 1, 0
62539, 12, 2, 0, 2, 12, 0
74598, 0, 1, 0, 1, 0, 0
74599, 0, 1, 0, 1, 0, 0
22425, 4, 3, 3, 0, 4, 0
32868, 3, 4, 4, 0, 3, 0
90077, 1, 1, 1, 0, 1, 0
40018, 1, 1, 1, 0, 1, 0
40403, 7, 6, 6, 0, 6, 1
45259, 1, 2, 1, 1, 1, 0
45520, 1, 1, 1, 0, 1, 0
55722, 1, 1, 1, 0, 1, 0
86614, 0, 2, 2, 0, 0, 0
33048, 1, 3, 3, 0, 1, 0
13402, 3, 1, 1, 0, 3, 0
14581, 0, 1, 1, 0, 0, 0
11124, 1, 0, 0, 0, 1, 0
88860, 2, 2, 2, 0, 2, 0
88883, 3, 2, 2, 0, 3, 0
88987, 2, 2, 2, 0, 2, 0
88996, 1, 1, 1, 0, 1, 0
11126, 1, 0, 0, 0, 1, 0
11127, 1, 0, 0, 0, 1, 0
11128, 1, 0, 0, 0, 0, 1
34115, 1, 4, 3, 1, 0, 1
34440, 2, 1, 1, 0, 2, 0
34441, 2, 3, 3, 0, 2, 0
42227, 0, 2, 2, 0, 0, 0
42740, 3, 3, 3, 0, 3, 0
51235, 0, 1, 1, 0, 0, 0
11135, 1, 0, 0, 0, 1, 0
11137, 1, 0, 0, 0, 0, 1
11140, 0, 1, 0, 1, 0, 0
17721, 1, 8, 8, 0, 1, 0
18123, 19, 16, 16, 0, 19, 0
18499, 6, 6, 6, 0, 6, 0
18501, 11, 16, 16, 0, 11, 0
11144, 1, 0, 0, 0, 1, 0
11145, 1, 0, 0, 0, 1, 0
11146, 1, 0, 0, 0, 0, 1
11148, 1, 0, 0, 0, 1, 0
11149, 1, 0, 0, 0, 1, 0
17639, 21, 11, 11, 0, 21, 0
29651, 17, 9, 9, 0, 15, 2
69698, 6, 5, 5, 0, 6, 0
71532, 7, 5, 5, 0, 7, 0
71913, 3, 4, 4, 0, 3, 0
72743, 12, 2, 2, 0, 12, 0
77212, 5, 6, 6, 0, 5, 0
77213, 0, 1, 1, 0, 0, 0
77214, 0, 1, 1, 0, 0, 0
11151, 1, 0, 0, 0, 1, 0
11152, 1, 0, 0, 0, 1, 0
11153, 1, 0, 0, 0, 1, 0
11154, 1, 0, 0, 0, 1, 0
11155, 2, 4, 4, 0, 2, 0
39313, 3, 4, 4, 0, 3, 0
11156, 1, 0, 0, 0, 1, 0
56770, 3, 2, 2, 0, 3, 0
64514, 14, 12, 12, 0, 14, 0
81579, 1, 1, 1, 0, 1, 0
84762, 0, 1, 1, 0, 0, 0
11158, 1, 0, 0, 0, 0, 1
11159, 1, 0, 0, 0, 1, 0
11160, 1, 0, 0, 0, 1, 0
11161, 0, 1, 1, 0, 0, 0
11163, 0, 3, 3, 0, 0, 0
11164, 2, 0, 0, 0, 2, 0
11169, 1, 0, 0, 0, 1, 0
11170, 1, 0, 0, 0, 1, 0
12341, 9, 8, 8, 0, 9, 0
84133, 0, 1, 1, 0, 0, 0
96888, 0, 1, 1, 0, 0, 0
11172, 2, 0, 0, 0, 2, 0
11173, 2, 5, 5, 0, 2, 0
11174, 0, 2, 2, 0, 0, 0
13010, 2, 1, 1, 0, 2, 0
11175, 1, 1, 1, 0, 1, 0
11177, 1, 0, 0, 0, 0, 1
17932, 1, 1, 1, 0, 1, 0
24440, 20, 13, 13, 0, 20, 0
79398, 13, 9, 9, 0, 13, 0
11179, 1, 0, 0, 0, 1, 0
11180, 1, 2, 2, 0, 1, 0
15957, 0, 1, 1, 0, 0, 0
11181, 1, 1, 1, 0, 1, 0
11182, 1, 0, 0, 0, 1, 0
11183, 1, 0, 0, 0, 1, 0
11186, 1, 0, 0, 0, 1, 0
24818, 0, 3, 2, 1, 0, 0
31661, 0, 3, 2, 1, 0, 0
50200, 2, 2, 2, 0, 2, 0
99956, 0, 1, 1, 0, 0, 0
11188, 2, 0, 0, 0, 2, 0
11189, 4, 1, 1, 0, 3, 1
17651, 5, 11, 8, 3, 5, 0
11191, 1, 2, 2, 0, 1, 0
11251, 1, 1, 1, 0, 1, 0
11295, 2, 6, 6, 0, 2, 0
11348, 1, 1, 1, 0, 1, 0
12864, 3, 1, 1, 0, 3, 0
13089, 7, 7, 5, 2, 7, 0
14631, 8, 1, 1, 0, 7, 1
24246, 3, 1, 1, 0, 3, 0
40450, 0, 1, 1, 0, 0, 0
40452, 0, 1, 1, 0, 0, 0
40453, 0, 1, 1, 0, 0, 0
40454, 0, 3, 3, 0, 0, 0
40455, 0, 1, 1, 0, 0, 0
40456, 0, 1, 1, 0, 0, 0
40457, 0, 1, 1, 0, 0, 0
40459, 0, 1, 1, 0, 0, 0
40460, 0, 1, 1, 0, 0, 0
40462, 0, 1, 1, 0, 0, 0
40463, 0, 1, 1, 0, 0, 0
40464, 0, 1, 1, 0, 0, 0
40465, 0, 1, 1, 0, 0, 0
40466, 0, 1, 1, 0, 0, 0
40467, 0, 1, 1, 0, 0, 0
40468, 0, 1, 1, 0, 0, 0
40469, 0, 4, 3, 1, 0, 0
40471, 0, 3, 3, 0, 0, 0
40472, 0, 1, 1, 0, 0, 0
40475, 0, 1, 1, 0, 0, 0
40476, 0, 1, 1, 0, 0, 0
40477, 0, 1, 1, 0, 0, 0
40478, 0, 1, 1, 0, 0, 0
40479, 0, 1, 1, 0, 0, 0
11193, 1, 0, 0, 0, 1, 0
11194, 1, 0, 0, 0, 1, 0
11195, 0, 1, 1, 0, 0, 0
11196, 1, 0, 0, 0, 0, 1
109388, 1, 2, 2, 0, 1, 0
11198, 1, 0, 0, 0, 1, 0
11199, 0, 1, 1, 0, 0, 0
11200, 1, 0, 0, 0, 1, 0
11201, 2, 0, 0, 0, 2, 0
41870, 1, 2, 2, 0, 1, 0
56790, 15, 4, 4, 0, 10, 5
80418, 0, 1, 1, 0, 0, 0
80419, 0, 1, 1, 0, 0, 0
80420, 0, 1, 1, 0, 0, 0
39621, 0, 3, 3, 0, 0, 0
40713, 0, 4, 4, 0, 0, 0
90942, 1, 1, 1, 0, 1, 0
91116, 1, 1, 1, 0, 1, 0
91117, 0, 1, 1, 0, 0, 0
27715, 9, 5, 5, 0, 9, 0
30593, 15, 6, 6, 0, 15, 0
40173, 1, 1, 1, 0, 1, 0
64481, 0, 1, 1, 0, 0, 0
64482, 1, 1, 1, 0, 1, 0
64483, 0, 1, 1, 0, 0, 0
64484, 0, 1, 1, 0, 0, 0
64485, 1, 5, 4, 1, 1, 0
64486, 2, 2, 2, 0, 2, 0
64487, 1, 1, 1, 0, 1, 0
11208, 2, 0, 0, 0, 2, 0
11209, 1, 0, 0, 0, 1, 0
11210, 1, 0, 0, 0, 1, 0
11211, 2, 0, 0, 0, 2, 0
11213, 1, 0, 0, 0, 1, 0
11214, 0, 1, 1, 0, 0, 0
11217, 1, 0, 0, 0, 1, 0
126401, 1, 1, 1, 0, 1, 0
126434, 1, 1, 1, 0, 1, 0
126564, 1, 1, 1, 0, 1, 0
11222, 1, 0, 0, 0, 1, 0
11224, 1, 0, 0, 0, 1, 0
130427, 0, 2, 2, 0, 0, 0
130496, 0, 1, 1, 0, 0, 0
11226, 1, 0, 0, 0, 1, 0
11227, 1, 0, 0, 0, 0, 1
11228, 1, 4, 2, 2, 1, 0
11229, 1, 0, 0, 0, 1, 0
11230, 1, 0, 0, 0, 1, 0
11231, 1, 0, 0, 0, 1, 0
11233, 1, 0, 0, 0, 1, 0
11234, 1, 0, 0, 0, 1, 0
18234, 0, 2, 0, 2, 0, 0
20318, 0, 3, 0, 3, 0, 0
31586, 2, 2, 0, 2, 2, 0
49197, 0, 3, 0, 3, 0, 0
50238, 2, 2, 2, 0, 2, 0
55932, 4, 2, 2, 0, 3, 1
68603, 8, 8, 8, 0, 8, 0
77376, 1, 3, 0, 3, 1, 0
86134, 0, 2, 0, 2, 0, 0
86135, 0, 1, 0, 1, 0, 0
86136, 0, 1, 0, 1, 0, 0
86137, 0, 1, 0, 1, 0, 0
112721, 0, 1, 1, 0, 0, 0
11241, 1, 0, 0, 0, 0, 1
11242, 1, 0, 0, 0, 0, 1
25158, 6, 4, 4, 0, 4, 2
33725, 18, 7, 0, 7, 4, 14
63584, 6, 2, 2, 0, 5, 1
11244, 2, 0, 0, 0, 2, 0
11245, 1, 2, 2, 0, 1, 0
70402, 3, 5, 5, 0, 3, 0
11246, 5, 0, 0, 0, 3, 2
16921, 1, 10, 6, 4, 1, 0
23241, 2, 1, 0, 1, 1, 1
26788, 0, 2, 1, 1, 0, 0
27363, 2, 2, 1, 1, 2, 0
28557, 1, 1, 0, 1, 1, 0
28559, 1, 2, 0, 2, 1, 0
28561, 1, 2, 0, 2, 1, 0
28573, 1, 2, 0, 2, 1, 0
28589, 1, 1, 0, 1, 1, 0
32718, 1, 1, 0, 1, 1, 0
35203, 1, 1, 0, 1, 1, 0
36117, 0, 2, 0, 2, 0, 0
37269, 2, 1, 0, 1, 2, 0
37270, 1, 11, 10, 1, 1, 0
37271, 2, 2, 0, 2, 2, 0
37272, 1, 2, 0, 2, 1, 0
37287, 2, 2, 0, 2, 2, 0
37288, 1, 1, 0, 1, 1, 0
37388, 1, 2, 0, 2, 1, 0
37393, 2, 1, 0, 1, 2, 0
37580, 1, 1, 0, 1, 1, 0
37715, 4, 2, 0, 2, 4, 0
37777, 2, 1, 0, 1, 2, 0
37779, 2, 1, 0, 1, 2, 0
38047, 1, 1, 0, 1, 1, 0
38141, 2, 2, 0, 2, 2, 0
38889, 0, 3, 2, 1, 0, 0
38914, 0, 2, 0, 2, 0, 0
38917, 0, 2, 0, 2, 0, 0
38918, 0, 2, 0, 2, 0, 0
38919, 0, 2, 0, 2, 0, 0
38920, 0, 2, 0, 2, 0, 0
39436, 4, 1, 0, 1, 4, 0
39437, 4, 6, 5, 1, 4, 0
39543, 4, 6, 4, 2, 4, 0
39544, 5, 6, 4, 2, 5, 0
40042, 1, 1, 0, 1, 1, 0
40090, 1, 1, 0, 1, 1, 0
40414, 3, 1, 0, 1, 2, 1
40578, 1, 2, 0, 2, 1, 0
40824, 1, 1, 0, 1, 1, 0
40871, 1, 3, 1, 2, 1, 0
41912, 2, 2, 0, 2, 0, 2
42755, 2, 6, 5, 1, 2, 0
44893, 1, 1, 0, 1, 1, 0
45505, 3, 4, 1, 3, 2, 1
46258, 2, 4, 2, 2, 2, 0
54640, 1, 2, 0, 2, 1, 0
58631, 7, 3, 3, 0, 6, 1
59561, 2, 5, 3, 2, 2, 0
71874, 0, 3, 2, 1, 0, 0
74338, 1, 1, 0, 1, 1, 0
77705, 0, 2, 1, 1, 0, 0
89754, 0, 2, 0, 2, 0, 0
91962, 1, 1, 0, 1, 1, 0
92681, 0, 1, 0, 1, 0, 0
92682, 0, 1, 0, 1, 0, 0
92683, 0, 1, 0, 1, 0, 0
92684, 0, 1, 0, 1, 0, 0
92685, 0, 1, 0, 1, 0, 0
92686, 0, 1, 0, 1, 0, 0
92687, 0, 1, 0, 1, 0, 0
92688, 0, 1, 0, 1, 0, 0
92689, 0, 1, 0, 1, 0, 0
92690, 0, 1, 0, 1, 0, 0
92691, 0, 1, 0, 1, 0, 0
92692, 0, 1, 0, 1, 0, 0
92693, 0, 1, 0, 1, 0, 0
92694, 0, 1, 0, 1, 0, 0
92695, 0, 1, 0, 1, 0, 0
92696, 0, 1, 0, 1, 0, 0
92697, 0, 1, 0, 1, 0, 0
92698, 0, 1, 0, 1, 0, 0
92699, 0, 1, 0, 1, 0, 0
92700, 0, 1, 0, 1, 0, 0
92701, 0, 1, 0, 1, 0, 0
92702, 0, 1, 0, 1, 0, 0
92703, 0, 1, 0, 1, 0, 0
92704, 0, 1, 0, 1, 0, 0
92705, 0, 1, 0, 1, 0, 0
92706, 0, 1, 0, 1, 0, 0
92707, 0, 1, 0, 1, 0, 0
92708, 0, 1, 0, 1, 0, 0
92709, 0, 1, 0, 1, 0, 0
92710, 0, 1, 0, 1, 0, 0
92711, 0, 1, 0, 1, 0, 0
92712, 0, 1, 0, 1, 0, 0
92713, 0, 1, 0, 1, 0, 0
92714, 0, 1, 0, 1, 0, 0
92715, 0, 1, 0, 1, 0, 0
92716, 0, 1, 0, 1, 0, 0
92717, 0, 1, 0, 1, 0, 0
92871, 11, 5, 5, 0, 11, 0
114286, 1, 2, 1, 1, 1, 0
114384, 0, 1, 1, 0, 0, 0
114395, 0, 2, 1, 1, 0, 0
114553, 0, 1, 0, 1, 0, 0
11271, 1, 4, 4, 0, 1, 0
12046, 1, 2, 2, 0, 1, 0
13137, 1, 3, 3, 0, 1, 0
13493, 1, 5, 5, 0, 1, 0
15226, 2, 3, 3, 0, 2, 0
17114, 3, 4, 4, 0, 3, 0
17531, 16, 5, 5, 0, 15, 1
20507, 2, 5, 4, 1, 2, 0
22109, 2, 2, 2, 0, 2, 0
25231, 3, 4, 4, 0, 2, 1
26846, 6, 6, 6, 0, 6, 0
27082, 0, 2, 2, 0, 0, 0
28867, 0, 2, 1, 1, 0, 0
29191, 11, 2, 2, 0, 11, 0
29378, 5, 6, 6, 0, 2, 3
30241, 10, 1, 1, 0, 2, 8
31327, 7, 4, 2, 2, 7, 0
32635, 0, 6, 6, 0, 0, 0
33673, 9, 4, 4, 0, 9, 0
36433, 5, 5, 5, 0, 5, 0
38186, 3, 2, 1, 1, 3, 0
39088, 17, 4, 4, 0, 14, 3
39119, 5, 3, 3, 0, 5, 0
40353, 4, 6, 6, 0, 4, 0
40390, 1, 2, 2, 0, 1, 0
41793, 2, 1, 1, 0, 2, 0
41964, 5, 5, 4, 1, 5, 0
42647, 0, 6, 6, 0, 0, 0
42930, 1, 2, 2, 0, 1, 0
43589, 1, 3, 3, 0, 1, 0
45702, 1, 5, 5, 0, 1, 0
46381, 0, 2, 2, 0, 0, 0
47682, 1, 1, 1, 0, 1, 0
48222, 1, 3, 3, 0, 1, 0
49078, 1, 2, 2, 0, 1, 0
50879, 9, 6, 5, 1, 5, 4
51665, 16, 8, 7, 1, 15, 1
51758, 1, 2, 2, 0, 1, 0
51780, 3, 3, 3, 0, 2, 1
52218, 7, 6, 6, 0, 7, 0
52621, 1, 1, 1, 0, 1, 0
52635, 5, 2, 2, 0, 3, 2
53643, 1, 2, 1, 1, 1, 0
53731, 0, 4, 4, 0, 0, 0
53925, 1, 1, 1, 0, 1, 0
54364, 0, 2, 2, 0, 0, 0
54499, 1, 4, 4, 0, 1, 0
55569, 8, 6, 6, 0, 7, 1
56765, 0, 3, 2, 1, 0, 0
57977, 1, 4, 4, 0, 1, 0
58695, 1, 3, 3, 0, 1, 0
59064, 1, 3, 3, 0, 1, 0
60138, 97, 68, 66, 2, 97, 0
60213, 12, 5, 5, 0, 12, 0
60226, 0, 2, 2, 0, 0, 0
61241, 1, 1, 1, 0, 0, 1
62202, 2, 2, 2, 0, 2, 0
62354, 8, 1, 1, 0, 5, 3
63170, 10, 7, 7, 0, 10, 0
63248, 1, 2, 2, 0, 1, 0
64019, 0, 2, 1, 1, 0, 0
65323, 9, 15, 15, 0, 9, 0
65474, 0, 2, 0, 2, 0, 0
66665, 18, 13, 12, 1, 18, 0
66691, 1, 3, 3, 0, 1, 0
66842, 0, 2, 2, 0, 0, 0
66970, 18, 6, 6, 0, 18, 0
67058, 3, 2, 2, 0, 3, 0
67137, 11, 12, 12, 0, 11, 0
67236, 7, 3, 3, 0, 7, 0
70630, 3, 4, 4, 0, 3, 0
72024, 3, 5, 5, 0, 3, 0
72298, 7, 5, 5, 0, 7, 0
72349, 4, 4, 4, 0, 4, 0
72760, 2, 9, 9, 0, 2, 0
75745, 1, 1, 1, 0, 1, 0
82033, 1, 2, 2, 0, 1, 0
82077, 3, 2, 1, 1, 3, 0
82341, 3, 2, 2, 0, 3, 0
82566, 3, 2, 2, 0, 3, 0
84996, 3, 3, 3, 0, 3, 0
86824, 0, 1, 1, 0, 0, 0
86825, 0, 1, 1, 0, 0, 0
86826, 0, 1, 1, 0, 0, 0
86827, 0, 1, 1, 0, 0, 0
86828, 0, 1, 1, 0, 0, 0
86830, 0, 1, 1, 0, 0, 0
86831, 0, 1, 1, 0, 0, 0
86832, 0, 1, 1, 0, 0, 0
86833, 0, 1, 1, 0, 0, 0
86834, 0, 1, 0, 1, 0, 0
86836, 0, 1, 1, 0, 0, 0
86837, 0, 1, 1, 0, 0, 0
86838, 0, 1, 1, 0, 0, 0
86839, 2, 11, 11, 0, 2, 0
86840, 3, 3, 3, 0, 3, 0
86841, 0, 1, 1, 0, 0, 0
86842, 0, 1, 1, 0, 0, 0
86843, 0, 1, 1, 0, 0, 0
86844, 0, 1, 1, 0, 0, 0
86845, 0, 1, 1, 0, 0, 0
86846, 0, 1, 1, 0, 0, 0
86847, 0, 1, 1, 0, 0, 0
86848, 0, 1, 1, 0, 0, 0
86849, 0, 1, 1, 0, 0, 0
86850, 0, 1, 1, 0, 0, 0
86851, 0, 1, 1, 0, 0, 0
86852, 0, 1, 1, 0, 0, 0
86853, 0, 1, 0, 1, 0, 0
11254, 0, 1, 1, 0, 0, 0
104284, 1, 1, 1, 0, 1, 0
106831, 1, 1, 1, 0, 1, 0
36870, 0, 8, 3, 5, 0, 0
92221, 0, 1, 1, 0, 0, 0
11256, 1, 0, 0, 0, 0, 1
19776, 6, 6, 5, 1, 3, 3
30914, 22, 13, 13, 0, 22, 0
34844, 3, 5, 5, 0, 3, 0
48667, 1, 9, 8, 1, 1, 0
66808, 5, 3, 3, 0, 5, 0
67078, 5, 4, 4, 0, 5, 0
71725, 5, 1, 1, 0, 5, 0
74731, 6, 4, 3, 1, 6, 0
11258, 1, 0, 0, 0, 1, 0
11259, 1, 3, 3, 0, 1, 0
11260, 3, 1, 1, 0, 3, 0
11261, 8, 6, 6, 0, 8, 0
11262, 1, 0, 0, 0, 1, 0
11263, 1, 0, 0, 0, 1, 0
11264, 1, 1, 1, 0, 1, 0
11266, 1, 0, 0, 0, 0, 1
11268, 1, 0, 0, 0, 1, 0
11269, 1, 0, 0, 0, 1, 0
58307, 0, 1, 1, 0, 0, 0
41916, 1, 1, 1, 0, 1, 0
59208, 1, 1, 1, 0, 1, 0
64042, 3, 1, 1, 0, 3, 0
11273, 1, 0, 0, 0, 1, 0
11274, 0, 1, 1, 0, 0, 0
11275, 1, 1, 1, 0, 1, 0
13184, 2, 1, 1, 0, 2, 0
13503, 0, 2, 2, 0, 0, 0
13701, 0, 1, 1, 0, 0, 0
13703, 1, 2, 2, 0, 1, 0
13705, 0, 1, 1, 0, 0, 0
11278, 19, 18, 18, 0, 19, 0
11801, 18, 15, 15, 0, 18, 0
45187, 7, 3, 3, 0, 7, 0
46503, 4, 4, 4, 0, 4, 0
73165, 2, 6, 6, 0, 2, 0
36945, 27, 14, 14, 0, 27, 0
53859, 18, 15, 15, 0, 18, 0
73166, 0, 1, 1, 0, 0, 0
73167, 0, 2, 2, 0, 0, 0
73168, 0, 1, 1, 0, 0, 0
12244, 1, 1, 1, 0, 1, 0
12247, 0, 1, 1, 0, 0, 0
11283, 2, 0, 0, 0, 2, 0
11284, 1, 0, 0, 0, 1, 0
11285, 1, 0, 0, 0, 1, 0
22956, 3, 6, 6, 0, 3, 0
11287, 1, 0, 0, 0, 1, 0
20093, 0, 1, 0, 1, 0, 0
20094, 0, 1, 0, 1, 0, 0
20095, 1, 2, 1, 1, 1, 0
11292, 2, 1, 1, 0, 2, 0
11293, 2, 2, 1, 1, 2, 0
11294, 2, 2, 2, 0, 2, 0
22926, 1, 1, 1, 0, 1, 0
11297, 1, 0, 0, 0, 1, 0
41661, 1, 1, 1, 0, 1, 0
48419, 3, 1, 1, 0, 3, 0
48420, 0, 2, 2, 0, 0, 0
11301, 1, 0, 0, 0, 0, 1
11303, 2, 0, 0, 0, 2, 0
26377, 2, 2, 2, 0, 2, 0
27121, 2, 3, 3, 0, 2, 0
38420, 5, 6, 5, 1, 4, 1
79297, 3, 3, 3, 0, 3, 0
11306, 1, 0, 0, 0, 1, 0
11307, 2, 0, 0, 0, 1, 1
11308, 0, 2, 1, 1, 0, 0
11309, 1, 0, 0, 0, 1, 0
11310, 1, 0, 0, 0, 1, 0
11311, 1, 0, 0, 0, 1, 0
11312, 2, 0, 0, 0, 2, 0
11315, 1, 0, 0, 0, 1, 0
11316, 1, 0, 0, 0, 1, 0
11319, 1, 0, 0, 0, 1, 0
11320, 7, 0, 0, 0, 7, 0
11321, 1, 0, 0, 0, 1, 0
11322, 0, 1, 1, 0, 0, 0
11323, 1, 0, 0, 0, 1, 0
11326, 1, 0, 0, 0, 1, 0
11327, 1, 0, 0, 0, 0, 1
11329, 0, 1, 1, 0, 0, 0
11330, 0, 1, 1, 0, 0, 0
11331, 0, 1, 1, 0, 0, 0
11332, 0, 1, 1, 0, 0, 0
11333, 0, 1, 1, 0, 0, 0
11334, 0, 1, 1, 0, 0, 0
11335, 0, 1, 1, 0, 0, 0
11337, 1, 0, 0, 0, 1, 0
11338, 1, 0, 0, 0, 1, 0
11339, 1, 3, 3, 0, 1, 0
11340, 1, 0, 0, 0, 1, 0
11341, 1, 0, 0, 0, 1, 0
11342, 2, 2, 2, 0, 2, 0
11343, 1, 0, 0, 0, 1, 0
14870, 2, 2, 2, 0, 2, 0
95092, 15, 5, 5, 0, 14, 1
11345, 1, 0, 0, 0, 1, 0
11346, 1, 0, 0, 0, 1, 0
33046, 14, 11, 10, 1, 14, 0
39904, 2, 1, 1, 0, 2, 0
39999, 27, 7, 7, 0, 27, 0
40777, 19, 7, 5, 2, 19, 0
46262, 2, 1, 1, 0, 2, 0
49464, 12, 9, 9, 0, 11, 1
50640, 0, 1, 1, 0, 0, 0
50642, 0, 1, 1, 0, 0, 0
50643, 39, 6, 6, 0, 39, 0
50644, 15, 3, 3, 0, 15, 0
50647, 0, 1, 1, 0, 0, 0
50648, 0, 1, 1, 0, 0, 0
50649, 0, 1, 1, 0, 0, 0
11356, 1, 1, 1, 0, 0, 1
11357, 1, 2, 1, 1, 0, 1
64283, 1, 3, 2, 1, 1, 0
11358, 1, 2, 2, 0, 1, 0
23746, 4, 3, 3, 0, 4, 0
23747, 0, 2, 2, 0, 0, 0
11360, 1, 0, 0, 0, 0, 1
11361, 1, 1, 0, 1, 1, 0
11363, 2, 1, 1, 0, 2, 0
11365, 1, 0, 0, 0, 1, 0
71210, 0, 3, 0, 3, 0, 0
11367, 20, 0, 0, 0, 20, 0
11373, 1, 0, 0, 0, 1, 0
11374, 1, 0, 0, 0, 1, 0
11376, 1, 0, 0, 0, 1, 0
11377, 1, 2, 1, 1, 1, 0
11379, 1, 0, 0, 0, 0, 1
29248, 1, 2, 0, 2, 0, 1
33253, 2, 3, 3, 0, 2, 0
34782, 1, 3, 3, 0, 0, 1
11387, 1, 0, 0, 0, 1, 0
11388, 1, 1, 1, 0, 1, 0
11389, 1, 1, 1, 0, 1, 0
11390, 1, 0, 0, 0, 1, 0
11391, 1, 1, 1, 0, 1, 0
11392, 2, 2, 2, 0, 2, 0
11393, 1, 0, 0, 0, 1, 0
11394, 4, 4, 4, 0, 4, 0
11395, 1, 0, 0, 0, 1, 0
65191, 4, 8, 7, 1, 4, 0
11397, 1, 0, 0, 0, 1, 0
11398, 2, 1, 1, 0, 2, 0
11399, 1, 2, 2, 0, 1, 0
31907, 13, 5, 5, 0, 4, 9
51694, 2, 1, 0, 1, 1, 1
59174, 1, 2, 2, 0, 1, 0
59373, 1, 2, 2, 0, 1, 0
71067, 1, 1, 1, 0, 0, 1
92828, 1, 2, 2, 0, 1, 0
11401, 2, 0, 0, 0, 2, 0
11402, 1, 0, 0, 0, 0, 1
11403, 1, 0, 0, 0, 1, 0
11404, 1, 0, 0, 0, 0, 1
49871, 1, 1, 1, 0, 1, 0
54856, 0, 1, 1, 0, 0, 0
33800, 3, 4, 4, 0, 2, 1
40116, 0, 2, 1, 1, 0, 0
41325, 2, 2, 1, 1, 1, 1
44105, 3, 4, 3, 1, 2, 1
47180, 2, 2, 2, 0, 2, 0
52566, 2, 3, 3, 0, 2, 0
57878, 1, 3, 1, 2, 0, 1
62410, 3, 2, 2, 0, 3, 0
66349, 0, 2, 2, 0, 0, 0
67116, 0, 2, 1, 1, 0, 0
67664, 0, 1, 1, 0, 0, 0
67665, 1, 1, 1, 0, 1, 0
67666, 0, 1, 1, 0, 0, 0
67667, 0, 3, 3, 0, 0, 0
67668, 0, 1, 1, 0, 0, 0
67669, 7, 5, 5, 0, 7, 0
67671, 5, 3, 3, 0, 5, 0
67672, 0, 2, 2, 0, 0, 0
67673, 0, 2, 0, 2, 0, 0
67674, 0, 1, 0, 1, 0, 0
67675, 2, 2, 2, 0, 1, 1
67676, 0, 3, 1, 2, 0, 0
67677, 0, 1, 0, 1, 0, 0
67678, 0, 1, 0, 1, 0, 0
67679, 0, 2, 0, 2, 0, 0
67680, 0, 2, 0, 2, 0, 0
67681, 0, 2, 2, 0, 0, 0
67684, 0, 1, 0, 1, 0, 0
99049, 1, 1, 1, 0, 1, 0
127421, 0, 1, 1, 0, 0, 0
20057, 5, 7, 7, 0, 2, 3
30874, 16, 11, 11, 0, 16, 0
35775, 0, 3, 1, 2, 0, 0
48330, 4, 4, 4, 0, 4, 0
58209, 17, 6, 4, 2, 16, 1
59456, 3, 3, 2, 1, 3, 0
61758, 2, 2, 2, 0, 2, 0
62021, 2, 2, 2, 0, 2, 0
62043, 4, 4, 4, 0, 4, 0
74043, 0, 2, 2, 0, 0, 0
76399, 0, 1, 1, 0, 0, 0
76400, 0, 2, 2, 0, 0, 0
76402, 1, 2, 2, 0, 1, 0
11411, 1, 1, 1, 0, 1, 0
11412, 0, 2, 2, 0, 0, 0
11413, 1, 0, 0, 0, 1, 0
11415, 1, 0, 0, 0, 1, 0
11416, 2, 0, 0, 0, 2, 0
11417, 0, 1, 1, 0, 0, 0
11418, 1, 0, 0, 0, 1, 0
11419, 1, 0, 0, 0, 1, 0
11420, 1, 0, 0, 0, 1, 0
11423, 4, 7, 7, 0, 4, 0
11424, 0, 1, 1, 0, 0, 0
11425, 1, 0, 0, 0, 0, 1
11426, 0, 1, 0, 1, 0, 0
11427, 1, 0, 0, 0, 1, 0
11428, 1, 0, 0, 0, 1, 0
62118, 0, 1, 0, 1, 0, 0
11431, 2, 0, 0, 0, 2, 0
11432, 0, 1, 1, 0, 0, 0
11436, 1, 1, 1, 0, 1, 0
11437, 1, 2, 2, 0, 1, 0
11438, 1, 0, 0, 0, 1, 0
11439, 1, 4, 4, 0, 1, 0
11440, 3, 0, 0, 0, 3, 0
110674, 0, 1, 1, 0, 0, 0
17896, 2, 1, 0, 1, 2, 0
17922, 0, 1, 0, 1, 0, 0
17924, 0, 2, 0, 2, 0, 0
11442, 1, 0, 0, 0, 1, 0
11443, 0, 1, 1, 0, 0, 0
11444, 1, 0, 0, 0, 1, 0
35991, 1, 1, 0, 1, 0, 1
37828, 5, 1, 0, 1, 4, 1
43800, 11, 3, 2, 1, 0, 11
47620, 1, 2, 2, 0, 1, 0
90689, 6, 2, 2, 0, 6, 0
92629, 0, 1, 0, 1, 0, 0
92630, 0, 1, 0, 1, 0, 0
92631, 0, 1, 0, 1, 0, 0
92632, 0, 1, 0, 1, 0, 0
92633, 0, 1, 0, 1, 0, 0
116717, 0, 1, 0, 1, 0, 0
119044, 1, 1, 0, 1, 0, 1
119552, 0, 1, 0, 1, 0, 0
121585, 0, 1, 1, 0, 0, 0
128436, 0, 1, 0, 1, 0, 0
130601, 0, 1, 0, 1, 0, 0
11446, 1, 1, 1, 0, 1, 0
22697, 2, 1, 1, 0, 2, 0
16490, 2, 1, 1, 0, 2, 0
83108, 0, 1, 1, 0, 0, 0
83109, 0, 1, 1, 0, 0, 0
83110, 0, 1, 1, 0, 0, 0
11451, 1, 0, 0, 0, 1, 0
11452, 1, 0, 0, 0, 1, 0
32480, 2, 2, 2, 0, 2, 0
32481, 1, 4, 4, 0, 1, 0
62768, 1, 1, 0, 1, 0, 1
11454, 1, 0, 0, 0, 1, 0
11455, 1, 0, 0, 0, 1, 0
11456, 1, 0, 0, 0, 1, 0
11457, 2, 3, 3, 0, 2, 0
11460, 1, 0, 0, 0, 1, 0
11461, 1, 0, 0, 0, 0, 1
11462, 0, 2, 1, 1, 0, 0
11463, 1, 0, 0, 0, 1, 0
11464, 0, 1, 1, 0, 0, 0
11467, 1, 0, 0, 0, 0, 1
11469, 1, 0, 0, 0, 0, 1
37797, 0, 10, 10, 0, 0, 0
77278, 0, 1, 1, 0, 0, 0
77279, 0, 1, 1, 0, 0, 0
11472, 1, 0, 0, 0, 1, 0
11473, 1, 0, 0, 0, 1, 0
41875, 2, 2, 2, 0, 2, 0
67884, 42, 27, 27, 0, 42, 0
71560, 5, 3, 3, 0, 5, 0
75405, 4, 5, 5, 0, 4, 0
75406, 3, 3, 3, 0, 3, 0
121635, 0, 1, 1, 0, 0, 0
11475, 1, 1, 1, 0, 0, 1
11476, 2, 0, 0, 0, 1, 1
62528, 17, 31, 31, 0, 17, 0
63589, 5, 6, 6, 0, 5, 0
65657, 11, 10, 10, 0, 10, 1
65659, 6, 9, 9, 0, 6, 0
117509, 1, 1, 1, 0, 1, 0
11478, 1, 0, 0, 0, 1, 0
11479, 1, 0, 0, 0, 1, 0
11480, 0, 2, 2, 0, 0, 0
11481, 1, 0, 0, 0, 1, 0
11483, 1, 0, 0, 0, 1, 0
11484, 0, 1, 1, 0, 0, 0
11486, 1, 0, 0, 0, 1, 0
11487, 1, 0, 0, 0, 1, 0
11488, 1, 0, 0, 0, 1, 0
36243, 1, 4, 3, 1, 1, 0
11490, 1, 0, 0, 0, 0, 1
19983, 1, 2, 2, 0, 1, 0
22955, 1, 2, 2, 0, 1, 0
61857, 1, 1, 1, 0, 0, 1
62517, 1, 1, 0, 1, 0, 1
62518, 0, 3, 1, 2, 0, 0
65175, 7, 2, 2, 0, 5, 2
80825, 1, 1, 1, 0, 1, 0
98213, 12, 4, 3, 1, 1, 11
98608, 0, 1, 1, 0, 0, 0
98609, 0, 3, 2, 1, 0, 0
100060, 0, 1, 1, 0, 0, 0
127388, 0, 1, 1, 0, 0, 0
11492, 1, 0, 0, 0, 1, 0
11493, 3, 3, 3, 0, 3, 0
21786, 1, 1, 1, 0, 1, 0
11494, 1, 0, 0, 0, 1, 0
11495, 1, 0, 0, 0, 1, 0
11496, 2, 0, 0, 0, 2, 0
23308, 1, 1, 0, 1, 0, 1
30616, 0, 1, 0, 1, 0, 0
30617, 0, 1, 0, 1, 0, 0
30619, 1, 2, 1, 1, 1, 0
110889, 0, 1, 0, 1, 0, 0
110957, 1, 1, 0, 1, 0, 1
114564, 1, 1, 0, 1, 0, 1
11498, 2, 0, 0, 0, 2, 0
76005, 0, 2, 0, 2, 0, 0
80331, 0, 2, 0, 2, 0, 0
80391, 0, 2, 2, 0, 0, 0
80392, 0, 1, 0, 1, 0, 0
80393, 0, 1, 0, 1, 0, 0
80395, 0, 1, 0, 1, 0, 0
23657, 1, 4, 3, 1, 1, 0
60931, 4, 5, 5, 0, 4, 0
11504, 2, 8, 7, 1, 2, 0
71294, 0, 16, 16, 0, 0, 0
11505, 1, 0, 0, 0, 1, 0
11506, 3, 0, 0, 0, 3, 0
11507, 3, 0, 0, 0, 3, 0
11508, 1, 0, 0, 0, 1, 0
11510, 2, 0, 0, 0, 2, 0
11511, 1, 0, 0, 0, 1, 0
11517, 1, 0, 0, 0, 1, 0
11518, 1, 0, 0, 0, 1, 0
14337, 1, 1, 1, 0, 1, 0
14388, 2, 2, 2, 0, 2, 0
12989, 1, 1, 1, 0, 1, 0
55604, 0, 1, 1, 0, 0, 0
55605, 2, 4, 4, 0, 2, 0
55606, 0, 4, 4, 0, 0, 0
55607, 0, 2, 1, 1, 0, 0
11523, 1, 0, 0, 0, 1, 0
11524, 1, 0, 0, 0, 1, 0
11525, 4, 0, 0, 0, 4, 0
45892, 3, 8, 8, 0, 3, 0
115724, 0, 1, 1, 0, 0, 0
11526, 4, 0, 0, 0, 4, 0
11530, 1, 0, 0, 0, 1, 0
11531, 1, 1, 1, 0, 1, 0
11534, 0, 1, 0, 1, 0, 0
11535, 1, 0, 0, 0, 1, 0
11536, 0, 1, 1, 0, 0, 0
123488, 7, 2, 2, 0, 7, 0
11539, 1, 0, 0, 0, 1, 0
11540, 1, 3, 2, 1, 1, 0
11541, 2, 1, 1, 0, 1, 1
11542, 1, 2, 2, 0, 0, 1
11544, 1, 0, 0, 0, 1, 0
11545, 0, 1, 1, 0, 0, 0
11548, 6, 2, 2, 0, 3, 3
11549, 13, 4, 3, 1, 13, 0
11550, 1, 1, 1, 0, 1, 0
23027, 12, 2, 2, 0, 12, 0
23028, 2, 3, 3, 0, 2, 0
23663, 3, 2, 2, 0, 3, 0
45129, 1, 1, 1, 0, 1, 0
60228, 6, 14, 13, 1, 6, 0
69709, 8, 5, 5, 0, 8, 0
69710, 0, 1, 1, 0, 0, 0
69711, 0, 1, 1, 0, 0, 0
69712, 0, 1, 1, 0, 0, 0
69713, 0, 2, 1, 1, 0, 0
69714, 0, 1, 1, 0, 0, 0
69715, 0, 1, 1, 0, 0, 0
63469, 0, 1, 1, 0, 0, 0
57301, 22, 22, 22, 0, 22, 0
69326, 1, 3, 3, 0, 1, 0
72042, 6, 10, 10, 0, 6, 0
74374, 2, 2, 2, 0, 2, 0
74378, 14, 11, 11, 0, 14, 0
75318, 1, 1, 1, 0, 1, 0
79161, 0, 1, 1, 0, 0, 0
42736, 3, 4, 4, 0, 3, 0
45972, 2, 1, 1, 0, 0, 2
45973, 1, 3, 2, 1, 1, 0
45976, 0, 2, 2, 0, 0, 0
45977, 1, 3, 3, 0, 1, 0
11554, 1, 0, 0, 0, 1, 0
11555, 0, 1, 1, 0, 0, 0
11556, 1, 2, 2, 0, 1, 0
11557, 1, 1, 1, 0, 1, 0
11558, 2, 4, 4, 0, 2, 0
45597, 3, 3, 3, 0, 3, 0
11559, 2, 0, 0, 0, 2, 0
45139, 5, 4, 4, 0, 5, 0
50307, 1, 1, 1, 0, 1, 0
65842, 2, 1, 1, 0, 2, 0
69281, 9, 3, 3, 0, 9, 0
70653, 0, 2, 2, 0, 0, 0
75150, 0, 1, 1, 0, 0, 0
75151, 0, 1, 1, 0, 0, 0
75152, 0, 1, 1, 0, 0, 0
11562, 1, 0, 0, 0, 1, 0
11563, 0, 8, 8, 0, 0, 0
11565, 2, 4, 4, 0, 2, 0
48011, 1, 1, 1, 0, 1, 0
48012, 2, 1, 1, 0, 2, 0
19479, 6, 4, 4, 0, 6, 0
31484, 3, 2, 2, 0, 2, 1
37021, 6, 5, 4, 1, 6, 0
38994, 7, 1, 1, 0, 7, 0
39619, 20, 6, 6, 0, 20, 0
40900, 3, 3, 3, 0, 3, 0
41828, 7, 2, 2, 0, 7, 0
42956, 1, 2, 2, 0, 1, 0
46292, 0, 2, 2, 0, 0, 0
69338, 0, 2, 2, 0, 0, 0
69690, 2, 1, 1, 0, 2, 0
80955, 0, 2, 2, 0, 0, 0
80957, 0, 1, 1, 0, 0, 0
30597, 1, 6, 6, 0, 0, 1
33256, 5, 3, 3, 0, 5, 0
36077, 3, 3, 2, 1, 3, 0
37826, 9, 7, 3, 4, 6, 3
48211, 1, 1, 1, 0, 1, 0
48212, 8, 1, 1, 0, 7, 1
48213, 0, 1, 1, 0, 0, 0
48215, 0, 2, 1, 1, 0, 0
48216, 1, 2, 2, 0, 1, 0
48218, 0, 1, 1, 0, 0, 0
48219, 0, 1, 1, 0, 0, 0
48221, 1, 1, 1, 0, 1, 0
48223, 0, 1, 1, 0, 0, 0
11576, 4, 5, 5, 0, 4, 0
11578, 3, 3, 3, 0, 3, 0
43666, 17, 17, 17, 0, 17, 0
45763, 37, 27, 27, 0, 35, 2
53627, 39, 10, 10, 0, 38, 1
57844, 9, 1, 1, 0, 8, 1
67559, 19, 7, 7, 0, 19, 0
68548, 0, 10, 10, 0, 0, 0
68885, 11, 10, 10, 0, 11, 0
69560, 0, 3, 3, 0, 0, 0
71461, 6, 7, 7, 0, 6, 0
74105, 0, 3, 3, 0, 0, 0
74106, 0, 2, 2, 0, 0, 0
77472, 0, 1, 1, 0, 0, 0
77473, 0, 1, 1, 0, 0, 0
11581, 1, 0, 0, 0, 1, 0
11583, 1, 1, 1, 0, 1, 0
12114, 35, 20, 20, 0, 35, 0
73664, 0, 1, 1, 0, 0, 0
11585, 1, 0, 0, 0, 1, 0
11587, 1, 0, 0, 0, 1, 0
35674, 10, 7, 7, 0, 10, 0
110662, 0, 1, 1, 0, 0, 0
50963, 2, 1, 1, 0, 2, 0
60856, 18, 16, 16, 0, 18, 0
60857, 17, 12, 12, 0, 17, 0
60861, 12, 9, 9, 0, 12, 0
18855, 1, 1, 1, 0, 1, 0
25233, 0, 2, 2, 0, 0, 0
59491, 0, 1, 1, 0, 0, 0
59493, 0, 1, 1, 0, 0, 0
14755, 1, 1, 1, 0, 1, 0
26142, 8, 7, 5, 2, 8, 0
34166, 2, 1, 1, 0, 2, 0
44325, 11, 5, 5, 0, 10, 1
45215, 5, 2, 2, 0, 5, 0
53520, 13, 10, 10, 0, 13, 0
53522, 9, 10, 10, 0, 9, 0
63459, 0, 1, 1, 0, 0, 0
127182, 3, 2, 2, 0, 3, 0
52743, 2, 3, 3, 0, 2, 0
54798, 0, 3, 0, 3, 0, 0
64852, 10, 3, 3, 0, 10, 0
67352, 0, 1, 1, 0, 0, 0
67353, 0, 1, 1, 0, 0, 0
20956, 6, 4, 4, 0, 6, 0
26564, 1, 3, 3, 0, 1, 0
28551, 2, 3, 2, 1, 2, 0
31756, 0, 2, 0, 2, 0, 0
37328, 5, 5, 5, 0, 5, 0
39035, 4, 1, 1, 0, 4, 0
51356, 3, 1, 1, 0, 3, 0
76363, 0, 1, 0, 1, 0, 0
76367, 1, 2, 2, 0, 1, 0
76368, 0, 1, 1, 0, 0, 0
76369, 0, 2, 1, 1, 0, 0
88884, 2, 2, 1, 1, 2, 0
16428, 1, 3, 1, 2, 1, 0
35788, 1, 1, 1, 0, 0, 1
54462, 0, 2, 0, 2, 0, 0
69356, 0, 2, 0, 2, 0, 0
85968, 0, 2, 0, 2, 0, 0
85969, 0, 1, 0, 1, 0, 0
111979, 0, 4, 2, 2, 0, 0
121521, 3, 4, 4, 0, 3, 0
11605, 3, 0, 0, 0, 3, 0
11607, 12, 10, 10, 0, 12, 0
11608, 33, 9, 9, 0, 33, 0
12012, 18, 9, 9, 0, 18, 0
45943, 23, 10, 10, 0, 23, 0
58483, 12, 13, 13, 0, 12, 0
72864, 0, 2, 2, 0, 0, 0
72865, 7, 8, 8, 0, 7, 0
70340, 0, 1, 1, 0, 0, 0
11609, 1, 0, 0, 0, 1, 0
19739, 10, 11, 9, 2, 9, 1
29032, 3, 11, 11, 0, 3, 0
39993, 0, 5, 5, 0, 0, 0
41246, 6, 10, 10, 0, 6, 0
60804, 14, 18, 18, 0, 14, 0
64528, 18, 21, 21, 0, 18, 0
65480, 0, 2, 2, 0, 0, 0
65519, 0, 4, 4, 0, 0, 0
65520, 19, 17, 17, 0, 19, 0
65522, 0, 3, 3, 0, 0, 0
65523, 0, 3, 3, 0, 0, 0
66737, 10, 10, 10, 0, 10, 0
67875, 2, 4, 4, 0, 2, 0
67942, 18, 14, 14, 0, 18, 0
67944, 11, 7, 7, 0, 11, 0
70157, 3, 5, 4, 1, 3, 0
71211, 5, 6, 6, 0, 5, 0
11612, 3, 2, 2, 0, 3, 0
11613, 4, 3, 3, 0, 4, 0
69634, 0, 2, 0, 2, 0, 0
79971, 0, 3, 0, 3, 0, 0
92223, 0, 3, 0, 3, 0, 0
92935, 0, 1, 0, 1, 0, 0
119006, 7, 3, 3, 0, 7, 0
36629, 1, 3, 3, 0, 1, 0
68947, 0, 1, 0, 1, 0, 0
11616, 1, 0, 0, 0, 1, 0
50241, 1, 2, 2, 0, 1, 0
61894, 1, 1, 1, 0, 1, 0
62210, 2, 1, 1, 0, 2, 0
62211, 0, 2, 2, 0, 0, 0
66041, 1, 1, 1, 0, 1, 0
70484, 0, 1, 1, 0, 0, 0
70485, 0, 1, 1, 0, 0, 0
70486, 0, 1, 1, 0, 0, 0
70487, 0, 1, 1, 0, 0, 0
70488, 0, 1, 1, 0, 0, 0
107258, 1, 1, 1, 0, 1, 0
11618, 5, 1, 1, 0, 5, 0
11620, 25, 16, 16, 0, 25, 0
11622, 13, 8, 8, 0, 13, 0
11623, 5, 5, 5, 0, 5, 0
67195, 2, 2, 2, 0, 2, 0
72041, 4, 7, 7, 0, 4, 0
84346, 1, 2, 2, 0, 1, 0
74381, 2, 1, 1, 0, 2, 0
75213, 1, 1, 1, 0, 1, 0
42760, 4, 3, 3, 0, 4, 0
42761, 5, 11, 11, 0, 5, 0
42762, 18, 14, 14, 0, 18, 0
84734, 1, 1, 1, 0, 1, 0
84586, 0, 1, 1, 0, 0, 0
84587, 0, 1, 1, 0, 0, 0
11643, 2, 3, 3, 0, 2, 0
11644, 1, 1, 1, 0, 1, 0
101773, 0, 1, 0, 1, 0, 0
50198, 8, 1, 1, 0, 8, 0
64517, 11, 17, 17, 0, 11, 0
82523, 0, 1, 1, 0, 0, 0
40406, 3, 2, 2, 0, 3, 0
41483, 6, 8, 7, 1, 6, 0
44797, 33, 35, 35, 0, 33, 0
64321, 20, 13, 13, 0, 20, 0
67555, 1, 2, 2, 0, 1, 0
67556, 6, 5, 5, 0, 6, 0
71605, 10, 6, 6, 0, 10, 0
75931, 2, 5, 5, 0, 2, 0
12051, 1, 4, 4, 0, 1, 0
41085, 6, 5, 5, 0, 6, 0
60707, 2, 1, 1, 0, 2, 0
67072, 3, 4, 4, 0, 3, 0
75926, 1, 1, 1, 0, 1, 0
77418, 0, 2, 2, 0, 0, 0
11665, 9, 7, 7, 0, 9, 0
39539, 38, 22, 22, 0, 38, 0
16451, 4, 13, 13, 0, 4, 0
21923, 13, 9, 9, 0, 13, 0
24129, 2, 10, 10, 0, 1, 1
24472, 0, 5, 5, 0, 0, 0
24508, 5, 7, 7, 0, 5, 0
24511, 0, 4, 4, 0, 0, 0
24627, 2, 8, 8, 0, 2, 0
29337, 3, 6, 6, 0, 3, 0
38397, 12, 11, 10, 1, 12, 0
38630, 0, 4, 2, 2, 0, 0
41583, 1, 3, 3, 0, 1, 0
44699, 11, 14, 12, 2, 11, 0
45479, 0, 4, 3, 1, 0, 0
46192, 7, 10, 10, 0, 7, 0
52018, 0, 3, 3, 0, 0, 0
53526, 15, 8, 8, 0, 15, 0
54302, 13, 11, 11, 0, 12, 1
58431, 8, 17, 17, 0, 8, 0
58432, 5, 17, 17, 0, 5, 0
60313, 1, 8, 8, 0, 0, 1
61052, 2, 11, 10, 1, 2, 0
63509, 3, 7, 7, 0, 3, 0
63510, 6, 10, 10, 0, 6, 0
63800, 5, 10, 10, 0, 5, 0
63801, 8, 9, 9, 0, 7, 1
68322, 4, 7, 7, 0, 4, 0
69824, 1, 13, 13, 0, 1, 0
70250, 1, 4, 4, 0, 1, 0
70512, 6, 8, 8, 0, 6, 0
72234, 22, 18, 18, 0, 22, 0
72890, 0, 7, 7, 0, 0, 0
73162, 1, 6, 6, 0, 1, 0
74192, 3, 3, 3, 0, 3, 0
74715, 0, 6, 6, 0, 0, 0
74855, 4, 7, 7, 0, 4, 0
74857, 1, 2, 2, 0, 1, 0
74860, 1, 10, 10, 0, 1, 0
74861, 4, 10, 10, 0, 4, 0
74878, 1, 14, 14, 0, 1, 0
75202, 1, 5, 5, 0, 1, 0
75657, 5, 9, 9, 0, 5, 0
75852, 0, 4, 4, 0, 0, 0
75972, 0, 4, 4, 0, 0, 0
77587, 0, 3, 3, 0, 0, 0
77592, 1, 1, 1, 0, 1, 0
77812, 0, 5, 5, 0, 0, 0
78681, 5, 14, 14, 0, 5, 0
78861, 6, 3, 3, 0, 6, 0
78864, 4, 4, 4, 0, 4, 0
80225, 3, 2, 2, 0, 3, 0
80600, 0, 5, 5, 0, 0, 0
81450, 1, 1, 1, 0, 1, 0
83166, 1, 1, 1, 0, 1, 0
83530, 23, 6, 6, 0, 23, 0
84084, 0, 3, 3, 0, 0, 0
84504, 5, 3, 3, 0, 5, 0
84765, 1, 3, 3, 0, 1, 0
84766, 1, 2, 2, 0, 1, 0
85198, 1, 9, 8, 1, 1, 0
85649, 0, 2, 2, 0, 0, 0
85827, 5, 4, 4, 0, 5, 0
86230, 6, 5, 5, 0, 6, 0
87048, 4, 6, 6, 0, 4, 0
87234, 4, 3, 3, 0, 4, 0
87242, 0, 2, 2, 0, 0, 0
87339, 0, 3, 2, 1, 0, 0
87342, 16, 3, 3, 0, 16, 0
87351, 0, 4, 4, 0, 0, 0
87691, 2, 2, 2, 0, 2, 0
88933, 1, 4, 4, 0, 1, 0
89013, 0, 2, 2, 0, 0, 0
89014, 0, 3, 3, 0, 0, 0
89587, 4, 2, 2, 0, 4, 0
89642, 3, 3, 3, 0, 3, 0
90458, 3, 1, 1, 0, 3, 0
90470, 1, 1, 1, 0, 1, 0
90471, 2, 1, 1, 0, 2, 0
90472, 0, 1, 1, 0, 0, 0
90473, 0, 1, 1, 0, 0, 0
90474, 0, 2, 2, 0, 0, 0
90475, 1, 1, 1, 0, 1, 0
90477, 1, 3, 3, 0, 1, 0
90478, 0, 1, 1, 0, 0, 0
26014, 10, 14, 13, 1, 10, 0
55419, 3, 6, 6, 0, 3, 0
58907, 1, 4, 4, 0, 1, 0
60085, 34, 7, 7, 0, 34, 0
62632, 4, 5, 5, 0, 4, 0
66564, 0, 3, 3, 0, 0, 0
67053, 0, 6, 6, 0, 0, 0
74410, 2, 3, 3, 0, 2, 0
78519, 0, 1, 1, 0, 0, 0
78520, 0, 1, 1, 0, 0, 0
78522, 0, 2, 2, 0, 0, 0
106379, 5, 1, 1, 0, 5, 0
107179, 3, 1, 1, 0, 3, 0
54776, 6, 4, 4, 0, 6, 0
48111, 3, 1, 1, 0, 3, 0
64707, 4, 7, 7, 0, 4, 0
42747, 1, 1, 0, 1, 1, 0
71911, 0, 1, 1, 0, 0, 0
58140, 1, 1, 1, 0, 1, 0
66834, 1, 1, 1, 0, 1, 0
68091, 0, 1, 0, 1, 0, 0
68092, 0, 1, 0, 1, 0, 0
11650, 1, 1, 1, 0, 1, 0
11656, 3, 3, 3, 0, 3, 0
45762, 71, 22, 22, 0, 59, 12
62984, 1, 1, 1, 0, 1, 0
67179, 5, 5, 5, 0, 5, 0
67180, 0, 1, 1, 0, 0, 0
70765, 0, 1, 0, 1, 0, 0
59879, 9, 11, 9, 2, 9, 0
66760, 0, 2, 2, 0, 0, 0
29275, 9, 5, 5, 0, 9, 0
53551, 9, 4, 3, 1, 9, 0
55812, 18, 17, 17, 0, 18, 0
56138, 15, 29, 29, 0, 15, 0
59252, 7, 11, 11, 0, 7, 0
61227, 1, 2, 2, 0, 1, 0
62560, 32, 6, 6, 0, 29, 3
63771, 6, 5, 5, 0, 6, 0
68535, 7, 6, 6, 0, 7, 0
68843, 31, 6, 6, 0, 31, 0
61690, 4, 1, 1, 0, 4, 0
55364, 1, 4, 4, 0, 1, 0
60215, 11, 4, 4, 0, 11, 0
11659, 2, 1, 1, 0, 2, 0
11662, 1, 1, 1, 0, 1, 0
11663, 0, 1, 1, 0, 0, 0
55301, 2, 2, 2, 0, 2, 0
63064, 1, 1, 1, 0, 1, 0
68880, 0, 1, 1, 0, 0, 0
68881, 0, 1, 1, 0, 0, 0
19574, 6, 3, 3, 0, 6, 0
64625, 5, 2, 1, 1, 4, 1
65392, 0, 1, 1, 0, 0, 0
11664, 1, 1, 1, 0, 1, 0
45629, 1, 3, 3, 0, 1, 0
51572, 1, 2, 2, 0, 1, 0
55094, 5, 4, 4, 0, 5, 0
66883, 0, 1, 1, 0, 0, 0
66884, 0, 1, 1, 0, 0, 0
53910, 1, 1, 1, 0, 1, 0
11669, 1, 2, 2, 0, 1, 0
11670, 1, 2, 2, 0, 1, 0
11711, 0, 20, 20, 0, 0, 0
11820, 55, 39, 39, 0, 55, 0
11825, 5, 140, 140, 0, 5, 0
11829, 1, 29, 29, 0, 1, 0
11832, 3, 124, 124, 0, 3, 0
11837, 7, 55, 55, 0, 7, 0
11848, 0, 93, 93, 0, 0, 0
11948, 34, 34, 33, 1, 33, 1
11955, 0, 20, 20, 0, 0, 0
11959, 0, 9, 9, 0, 0, 0
12024, 0, 4, 4, 0, 0, 0
30886, 62, 98, 96, 2, 62, 0
30902, 255, 93, 91, 2, 255, 0
30905, 37, 44, 42, 2, 37, 0
33176, 3, 2, 2, 0, 2, 1
43979, 2, 3, 3, 0, 2, 0
52477, 244, 105, 104, 1, 244, 0
56147, 86, 66, 65, 1, 86, 0
57311, 13, 92, 90, 2, 13, 0
57686, 169, 74, 71, 3, 169, 0
58254, 1, 15, 15, 0, 1, 0
58280, 39, 28, 26, 2, 39, 0
59120, 1, 85, 85, 0, 1, 0
59138, 1, 69, 68, 1, 1, 0
59142, 2, 95, 94, 1, 2, 0
59144, 0, 70, 70, 0, 0, 0
59146, 1, 94, 94, 0, 0, 1
60139, 3, 79, 79, 0, 2, 1
60142, 0, 31, 31, 0, 0, 0
60149, 11, 52, 51, 1, 11, 0
60363, 0, 34, 34, 0, 0, 0
60644, 72, 51, 50, 1, 72, 0
60969, 0, 44, 44, 0, 0, 0
61058, 10, 24, 24, 0, 8, 2
61059, 60, 33, 32, 1, 60, 0
62533, 0, 8, 8, 0, 0, 0
62905, 38, 19, 19, 0, 38, 0
63766, 1, 20, 20, 0, 1, 0
63768, 1, 17, 17, 0, 1, 0
64289, 1, 4, 4, 0, 1, 0
65123, 1, 33, 33, 0, 1, 0
65266, 1, 6, 6, 0, 1, 0
69848, 1, 1, 1, 0, 1, 0
71165, 0, 2, 2, 0, 0, 0
62865, 28, 23, 22, 1, 28, 0
68899, 21, 13, 13, 0, 21, 0
69628, 0, 1, 1, 0, 0, 0
60312, 1, 1, 1, 0, 1, 0
65936, 1, 4, 4, 0, 1, 0
86955, 0, 2, 2, 0, 0, 0
13179, 7, 2, 1, 1, 7, 0
26082, 3, 4, 4, 0, 2, 1
28045, 2, 2, 2, 0, 1, 1
28098, 2, 4, 4, 0, 2, 0
29143, 0, 3, 3, 0, 0, 0
36892, 1, 1, 0, 1, 1, 0
42741, 1, 1, 1, 0, 1, 0
53070, 1, 1, 1, 0, 1, 0
56695, 1, 1, 1, 0, 0, 1
60412, 10, 3, 3, 0, 4, 6
60413, 0, 1, 0, 1, 0, 0
74749, 3, 20, 19, 1, 3, 0
75707, 1, 7, 6, 1, 1, 0
97402, 0, 1, 0, 1, 0, 0
97403, 0, 1, 0, 1, 0, 0
30947, 2, 8, 5, 3, 2, 0
41254, 1, 1, 0, 1, 0, 1
11686, 57, 32, 31, 1, 57, 0
11698, 256, 107, 106, 1, 256, 0
11709, 0, 15, 15, 0, 0, 0
11717, 0, 17, 17, 0, 0, 0
11723, 0, 16, 15, 1, 0, 0
11732, 73, 63, 62, 1, 73, 0
29850, 108, 59, 56, 3, 108, 0
44116, 38, 31, 30, 1, 38, 0
47754, 14, 16, 14, 2, 14, 0
60979, 8, 23, 23, 0, 8, 0
65267, 5, 22, 21, 1, 5, 0
68713, 7, 6, 6, 0, 7, 0
69064, 5, 7, 7, 0, 5, 0
69254, 38, 31, 29, 2, 38, 0
69272, 10, 12, 12, 0, 10, 0
69274, 37, 35, 34, 1, 37, 0
69695, 1, 1, 1, 0, 1, 0
11844, 1, 30, 30, 0, 1, 0
32109, 5, 29, 28, 1, 5, 0
45213, 0, 79, 78, 1, 0, 0
45553, 3, 93, 93, 0, 3, 0
47945, 0, 59, 58, 1, 0, 0
54433, 43, 29, 28, 1, 43, 0
54896, 26, 61, 59, 2, 26, 0
56163, 1, 79, 79, 0, 0, 1
56632, 48, 55, 54, 1, 48, 0
57306, 10, 45, 45, 0, 10, 0
57308, 1, 54, 54, 0, 1, 0
57526, 51, 58, 57, 1, 51, 0
58663, 1, 47, 47, 0, 1, 0
59116, 0, 80, 80, 0, 0, 0
59121, 0, 50, 50, 0, 0, 0
59122, 4, 42, 42, 0, 4, 0
59124, 0, 40, 39, 1, 0, 0
59125, 0, 24, 24, 0, 0, 0
59128, 7, 65, 65, 0, 7, 0
59132, 257, 93, 92, 1, 257, 0
59134, 0, 77, 77, 0, 0, 0
59136, 0, 64, 64, 0, 0, 0
59137, 0, 18, 18, 0, 0, 0
59147, 2, 61, 61, 0, 2, 0
59150, 7, 87, 86, 1, 7, 0
59156, 0, 71, 71, 0, 0, 0
59160, 16, 37, 36, 1, 16, 0
59161, 23, 62, 61, 1, 22, 1
59162, 1, 23, 23, 0, 1, 0
59163, 5, 26, 26, 0, 5, 0
59292, 34, 34, 33, 1, 34, 0
59294, 2, 8, 8, 0, 2, 0
59501, 0, 41, 41, 0, 0, 0
59502, 0, 36, 36, 0, 0, 0
60366, 0, 32, 32, 0, 0, 0
11833, 4, 105, 105, 0, 4, 0
11846, 106, 111, 109, 2, 106, 0
11951, 0, 31, 31, 0, 0, 0
58224, 41, 26, 25, 1, 41, 0
59494, 1, 47, 47, 0, 1, 0
60357, 33, 56, 55, 1, 33, 0
60359, 0, 27, 27, 0, 0, 0
60557, 0, 58, 58, 0, 0, 0
60980, 33, 29, 29, 0, 33, 0
61060, 102, 47, 46, 1, 102, 0
62529, 0, 18, 17, 1, 0, 0
62532, 0, 18, 18, 0, 0, 0
62541, 1, 18, 18, 0, 0, 1
63312, 0, 10, 10, 0, 0, 0
64212, 0, 20, 20, 0, 0, 0
68622, 0, 11, 11, 0, 0, 0
14248, 0, 16, 15, 1, 0, 0
59149, 0, 52, 52, 0, 0, 0
59311, 36, 45, 44, 1, 36, 0
62524, 2, 22, 22, 0, 2, 0
11861, 0, 34, 34, 0, 0, 0
30888, 55, 30, 28, 2, 55, 0
30904, 187, 69, 67, 2, 187, 0
34518, 0, 28, 28, 0, 0, 0
36349, 7, 25, 25, 0, 7, 0
50258, 0, 11, 11, 0, 0, 0
56153, 4, 43, 43, 0, 4, 0
56891, 4, 54, 54, 0, 4, 0
57152, 0, 30, 30, 0, 0, 0
57157, 1, 23, 23, 0, 1, 0
57160, 1, 18, 17, 1, 1, 0
57309, 0, 16, 16, 0, 0, 0
57313, 0, 60, 60, 0, 0, 0
57314, 0, 16, 16, 0, 0, 0
57315, 1, 17, 15, 2, 1, 0
57317, 1, 15, 15, 0, 1, 0
57752, 0, 32, 32, 0, 0, 0
58251, 125, 31, 30, 1, 125, 0
59126, 0, 34, 34, 0, 0, 0
59158, 0, 12, 12, 0, 0, 0
59159, 0, 10, 10, 0, 0, 0
59164, 0, 16, 16, 0, 0, 0
59296, 1, 34, 34, 0, 1, 0
59496, 0, 18, 18, 0, 0, 0
59497, 0, 18, 18, 0, 0, 0
59498, 0, 22, 22, 0, 0, 0
60224, 0, 23, 23, 0, 0, 0
60358, 2, 40, 40, 0, 2, 0
60360, 0, 57, 57, 0, 0, 0
60367, 0, 31, 31, 0, 0, 0
60424, 0, 48, 48, 0, 0, 0
60428, 0, 25, 25, 0, 0, 0
60430, 0, 25, 25, 0, 0, 0
60432, 0, 31, 31, 0, 0, 0
60519, 63, 43, 43, 0, 63, 0
60522, 0, 34, 34, 0, 0, 0
60555, 0, 67, 65, 2, 0, 0
60558, 1, 54, 54, 0, 1, 0
60636, 111, 64, 63, 1, 111, 0
60776, 0, 27, 27, 0, 0, 0
60968, 14, 33, 32, 1, 14, 0
60978, 0, 20, 20, 0, 0, 0
61061, 0, 23, 23, 0, 0, 0
61062, 0, 25, 25, 0, 0, 0
61068, 58, 21, 20, 1, 58, 0
61104, 0, 9, 9, 0, 0, 0
61223, 0, 13, 13, 0, 0, 0
61224, 0, 22, 22, 0, 0, 0
61355, 0, 11, 11, 0, 0, 0
61749, 0, 10, 10, 0, 0, 0
61789, 1, 11, 11, 0, 0, 1
62401, 0, 15, 15, 0, 0, 0
62417, 0, 16, 16, 0, 0, 0
62418, 0, 8, 8, 0, 0, 0
62419, 0, 8, 8, 0, 0, 0
62438, 0, 15, 15, 0, 0, 0
62439, 0, 6, 6, 0, 0, 0
62530, 0, 13, 13, 0, 0, 0
62531, 0, 4, 4, 0, 0, 0
62780, 0, 7, 7, 0, 0, 0
63313, 0, 1, 1, 0, 0, 0
63314, 0, 2, 2, 0, 0, 0
11952, 0, 9, 9, 0, 0, 0
11954, 0, 14, 14, 0, 0, 0
12150, 24, 16, 14, 2, 24, 0
55872, 5, 11, 11, 0, 2, 3
58255, 67, 20, 19, 1, 67, 0
60375, 0, 26, 26, 0, 0, 0
61812, 0, 3, 3, 0, 0, 0
62646, 0, 27, 27, 0, 0, 0
62664, 0, 9, 9, 0, 0, 0
64577, 10, 4, 4, 0, 10, 0
65122, 0, 14, 14, 0, 0, 0
65521, 0, 7, 7, 0, 0, 0
67320, 20, 9, 9, 0, 20, 0
67321, 0, 9, 9, 0, 0, 0
67322, 22, 11, 11, 0, 22, 0
67338, 0, 11, 11, 0, 0, 0
67456, 10, 15, 14, 1, 10, 0
67459, 0, 21, 21, 0, 0, 0
67460, 0, 11, 11, 0, 0, 0
67593, 0, 7, 7, 0, 0, 0
67610, 0, 8, 8, 0, 0, 0
67612, 0, 9, 9, 0, 0, 0
68876, 2, 17, 17, 0, 2, 0
68878, 3, 5, 5, 0, 3, 0
68891, 0, 4, 4, 0, 0, 0
68893, 0, 9, 9, 0, 0, 0
68896, 0, 8, 8, 0, 0, 0
68897, 0, 4, 4, 0, 0, 0
68900, 0, 4, 4, 0, 0, 0
68901, 0, 3, 3, 0, 0, 0
69587, 0, 7, 7, 0, 0, 0
69588, 0, 3, 3, 0, 0, 0
69589, 0, 6, 6, 0, 0, 0
69798, 0, 4, 4, 0, 0, 0
70095, 0, 4, 4, 0, 0, 0
70743, 0, 4, 4, 0, 0, 0
72732, 0, 1, 1, 0, 0, 0
72733, 0, 1, 1, 0, 0, 0
61231, 1, 6, 6, 0, 1, 0
53365, 1, 2, 2, 0, 1, 0
54327, 1, 6, 6, 0, 1, 0
54747, 17, 4, 3, 1, 16, 1
56853, 0, 21, 21, 0, 0, 0
57753, 0, 7, 7, 0, 0, 0
59133, 0, 39, 39, 0, 0, 0
59459, 0, 12, 12, 0, 0, 0
59465, 0, 5, 5, 0, 0, 0
62907, 0, 1, 1, 0, 0, 0
62908, 0, 1, 1, 0, 0, 0
59655, 1, 1, 0, 1, 1, 0
59143, 2, 22, 22, 0, 1, 1
59151, 0, 24, 24, 0, 0, 0
59152, 0, 46, 46, 0, 0, 0
59154, 0, 38, 38, 0, 0, 0
59495, 2, 26, 26, 0, 2, 0
59503, 0, 31, 31, 0, 0, 0
60140, 0, 57, 57, 0, 0, 0
60374, 0, 27, 27, 0, 0, 0
51209, 0, 17, 16, 1, 0, 0
59155, 1, 40, 40, 0, 1, 0
59462, 84, 40, 38, 2, 82, 2
59500, 0, 23, 23, 0, 0, 0
60365, 0, 19, 19, 0, 0, 0
60454, 0, 21, 21, 0, 0, 0
62783, 0, 6, 6, 0, 0, 0
62875, 2, 11, 11, 0, 2, 0
67598, 0, 11, 11, 0, 0, 0
68898, 0, 7, 7, 0, 0, 0
68902, 0, 4, 4, 0, 0, 0
69615, 0, 5, 5, 0, 0, 0
11842, 1, 3, 3, 0, 1, 0
59222, 1, 29, 29, 0, 1, 0
60362, 0, 24, 24, 0, 0, 0
60431, 0, 17, 17, 0, 0, 0
61898, 1, 2, 2, 0, 1, 0
51138, 1, 8, 8, 0, 1, 0
63298, 5, 4, 4, 0, 5, 0
59596, 1, 27, 27, 0, 1, 0
60145, 0, 45, 45, 0, 0, 0
60147, 3, 15, 15, 0, 3, 0
60948, 0, 18, 18, 0, 0, 0
61750, 0, 4, 4, 0, 0, 0
62784, 1, 6, 6, 0, 1, 0
45967, 0, 18, 18, 0, 0, 0
60949, 0, 12, 12, 0, 0, 0
60950, 0, 10, 10, 0, 0, 0
61400, 0, 5, 3, 2, 0, 0
63309, 0, 2, 2, 0, 0, 0
63373, 0, 5, 5, 0, 0, 0
63767, 0, 5, 5, 0, 0, 0
39686, 0, 6, 6, 0, 0, 0
46046, 0, 14, 12, 2, 0, 0
51177, 0, 18, 18, 0, 0, 0
55480, 0, 21, 21, 0, 0, 0
55761, 9, 12, 12, 0, 5, 4
56104, 0, 21, 21, 0, 0, 0
56107, 0, 25, 25, 0, 0, 0
56211, 2, 13, 13, 0, 2, 0
56929, 0, 22, 22, 0, 0, 0
57173, 0, 7, 7, 0, 0, 0
57174, 38, 11, 11, 0, 38, 0
57176, 0, 11, 11, 0, 0, 0
57180, 0, 10, 10, 0, 0, 0
57414, 0, 15, 15, 0, 0, 0
59460, 0, 8, 8, 0, 0, 0
59463, 0, 5, 5, 0, 0, 0
59898, 0, 4, 4, 0, 0, 0
60059, 6, 10, 10, 0, 6, 0
62916, 1, 13, 13, 0, 1, 0
63146, 1, 3, 3, 0, 1, 0
63841, 0, 4, 4, 0, 0, 0
63842, 0, 4, 4, 0, 0, 0
33045, 0, 2, 2, 0, 0, 0
35015, 0, 3, 2, 1, 0, 0
55342, 1, 1, 1, 0, 1, 0
57162, 0, 5, 5, 0, 0, 0
59323, 2, 3, 3, 0, 2, 0
60327, 1, 1, 1, 0, 0, 1
63058, 0, 2, 2, 0, 0, 0
64279, 6, 5, 4, 1, 6, 0
65142, 2, 1, 1, 0, 2, 0
67922, 5, 5, 5, 0, 5, 0
70421, 0, 2, 2, 0, 0, 0
73672, 4, 7, 7, 0, 4, 0
73921, 7, 3, 3, 0, 7, 0
73922, 0, 1, 1, 0, 0, 0
73923, 0, 1, 1, 0, 0, 0
73924, 0, 1, 1, 0, 0, 0
73925, 0, 1, 1, 0, 0, 0
73926, 0, 1, 1, 0, 0, 0
73927, 0, 1, 1, 0, 0, 0
73928, 0, 1, 1, 0, 0, 0
73929, 0, 1, 1, 0, 0, 0
73930, 0, 1, 1, 0, 0, 0
73931, 0, 1, 1, 0, 0, 0
73932, 0, 1, 1, 0, 0, 0
73933, 0, 1, 1, 0, 0, 0
73934, 0, 1, 1, 0, 0, 0
73935, 0, 1, 1, 0, 0, 0
73936, 0, 1, 1, 0, 0, 0
73937, 0, 1, 1, 0, 0, 0
73938, 0, 1, 1, 0, 0, 0
73939, 0, 1, 1, 0, 0, 0
73940, 0, 1, 1, 0, 0, 0
73941, 0, 1, 1, 0, 0, 0
73942, 0, 1, 1, 0, 0, 0
73943, 0, 1, 1, 0, 0, 0
73944, 0, 1, 1, 0, 0, 0
73945, 0, 1, 1, 0, 0, 0
73946, 0, 1, 1, 0, 0, 0
73947, 0, 1, 1, 0, 0, 0
73948, 0, 1, 1, 0, 0, 0
73949, 0, 1, 1, 0, 0, 0
73950, 0, 1, 1, 0, 0, 0
73951, 0, 1, 1, 0, 0, 0
73952, 0, 1, 1, 0, 0, 0
73953, 0, 1, 1, 0, 0, 0
73954, 0, 1, 1, 0, 0, 0
73955, 0, 1, 1, 0, 0, 0
73956, 0, 1, 1, 0, 0, 0
73957, 0, 1, 1, 0, 0, 0
73958, 0, 1, 1, 0, 0, 0
73959, 0, 1, 1, 0, 0, 0
73960, 0, 1, 1, 0, 0, 0
73961, 0, 1, 1, 0, 0, 0
73962, 0, 1, 1, 0, 0, 0
73963, 0, 1, 1, 0, 0, 0
73964, 0, 1, 1, 0, 0, 0
73965, 0, 1, 1, 0, 0, 0
73966, 0, 1, 1, 0, 0, 0
73967, 0, 1, 1, 0, 0, 0
73968, 0, 1, 1, 0, 0, 0
73969, 0, 1, 1, 0, 0, 0
73971, 0, 1, 1, 0, 0, 0
73972, 0, 1, 1, 0, 0, 0
73973, 0, 1, 1, 0, 0, 0
73974, 0, 1, 1, 0, 0, 0
25477, 11, 3, 2, 1, 11, 0
55243, 1, 2, 2, 0, 1, 0
56135, 76, 6, 6, 0, 76, 0
57029, 1, 2, 2, 0, 1, 0
57030, 0, 4, 3, 1, 0, 0
68959, 0, 1, 1, 0, 0, 0
68960, 0, 1, 1, 0, 0, 0
62810, 0, 3, 3, 0, 0, 0
68905, 0, 3, 3, 0, 0, 0
69934, 0, 1, 1, 0, 0, 0
69935, 0, 2, 2, 0, 0, 0
56347, 0, 9, 9, 0, 0, 0
56850, 0, 7, 7, 0, 0, 0
56852, 0, 6, 6, 0, 0, 0
57166, 0, 9, 9, 0, 0, 0
67595, 3, 15, 15, 0, 3, 0
67596, 0, 7, 6, 1, 0, 0
64939, 10, 8, 8, 0, 10, 0
65119, 25, 5, 5, 0, 25, 0
76056, 0, 1, 1, 0, 0, 0
11744, 2, 1, 1, 0, 2, 0
11745, 4, 3, 3, 0, 4, 0
12056, 7, 11, 11, 0, 6, 1
62483, 2, 1, 1, 0, 2, 0
66879, 10, 4, 4, 0, 10, 0
24560, 2, 6, 6, 0, 2, 0
52266, 1, 1, 1, 0, 1, 0
71939, 5, 7, 7, 0, 4, 1
78512, 0, 1, 1, 0, 0, 0
107696, 0, 1, 1, 0, 0, 0
60219, 2, 2, 2, 0, 2, 0
67617, 1, 3, 3, 0, 1, 0
68454, 0, 3, 3, 0, 0, 0
69779, 1, 3, 3, 0, 1, 0
70390, 2, 3, 3, 0, 2, 0
70546, 5, 2, 1, 1, 5, 0
75173, 0, 1, 1, 0, 0, 0
24102, 9, 5, 5, 0, 9, 0
39714, 1, 1, 1, 0, 1, 0
41668, 2, 3, 2, 1, 2, 0
43494, 2, 5, 4, 1, 2, 0
11761, 3, 5, 5, 0, 3, 0
11762, 0, 3, 3, 0, 0, 0
11765, 0, 1, 1, 0, 0, 0
11767, 46, 24, 24, 0, 46, 0
11784, 0, 2, 2, 0, 0, 0
11787, 15, 5, 5, 0, 15, 0
11797, 27, 11, 11, 0, 27, 0
11804, 26, 18, 18, 0, 26, 0
11805, 0, 2, 2, 0, 0, 0
11807, 0, 2, 2, 0, 0, 0
11808, 0, 1, 1, 0, 0, 0
11809, 1, 8, 7, 1, 1, 0
11811, 0, 1, 1, 0, 0, 0
27690, 0, 7, 4, 3, 0, 0
37910, 5, 6, 6, 0, 5, 0
49248, 1, 1, 1, 0, 1, 0
51776, 1, 2, 2, 0, 1, 0
62349, 1, 2, 2, 0, 1, 0
65003, 9, 9, 8, 1, 9, 0
68625, 0, 1, 1, 0, 0, 0
68626, 0, 1, 1, 0, 0, 0
68627, 0, 1, 1, 0, 0, 0
68628, 0, 1, 1, 0, 0, 0
23250, 1, 2, 2, 0, 1, 0
65942, 1, 1, 1, 0, 1, 0
68721, 14, 11, 11, 0, 14, 0
69598, 7, 6, 6, 0, 7, 0
70154, 3, 2, 2, 0, 3, 0
70503, 0, 1, 1, 0, 0, 0
27389, 18, 11, 11, 0, 18, 0
68210, 5, 5, 5, 0, 5, 0
68631, 0, 2, 2, 0, 0, 0
68632, 7, 2, 2, 0, 7, 0
71564, 0, 1, 1, 0, 0, 0
76941, 0, 1, 1, 0, 0, 0
25403, 1, 1, 0, 1, 1, 0
25427, 1, 1, 0, 1, 1, 0
27034, 0, 2, 0, 2, 0, 0
32949, 2, 1, 0, 1, 1, 1
46978, 1, 2, 1, 1, 1, 0
55351, 5, 4, 2, 2, 4, 1
55575, 1, 1, 0, 1, 1, 0
61642, 2, 9, 4, 5, 2, 0
63028, 0, 2, 1, 1, 0, 0
76952, 0, 1, 0, 1, 0, 0
76953, 0, 1, 0, 1, 0, 0
76954, 0, 1, 0, 1, 0, 0
76955, 0, 1, 0, 1, 0, 0
76956, 0, 2, 0, 2, 0, 0
76957, 0, 2, 0, 2, 0, 0
76958, 0, 1, 0, 1, 0, 0
76959, 0, 1, 0, 1, 0, 0
76960, 0, 1, 0, 1, 0, 0
76962, 0, 1, 0, 1, 0, 0
76964, 1, 1, 0, 1, 1, 0
107632, 0, 1, 0, 1, 0, 0
107633, 0, 2, 1, 1, 0, 0
15567, 6, 7, 7, 0, 6, 0
64273, 50, 31, 31, 0, 50, 0
68562, 19, 15, 15, 0, 19, 0
73207, 4, 3, 3, 0, 4, 0
77319, 0, 3, 3, 0, 0, 0
64982, 15, 9, 8, 1, 15, 0
70139, 0, 2, 2, 0, 0, 0
70767, 10, 6, 6, 0, 9, 1
72614, 0, 5, 5, 0, 0, 0
25063, 2, 3, 3, 0, 2, 0
72230, 8, 13, 13, 0, 8, 0
72272, 18, 6, 6, 0, 18, 0
86218, 0, 1, 1, 0, 0, 0
71199, 1, 2, 2, 0, 1, 0
18811, 4, 7, 6, 1, 3, 1
26322, 19, 9, 9, 0, 19, 0
37697, 4, 2, 2, 0, 4, 0
49768, 2, 5, 5, 0, 2, 0
62722, 16, 7, 7, 0, 14, 2
68211, 6, 7, 7, 0, 6, 0
71920, 0, 3, 3, 0, 0, 0
77006, 0, 1, 1, 0, 0, 0
21512, 0, 6, 6, 0, 0, 0
43425, 1, 1, 1, 0, 1, 0
48013, 2, 1, 1, 0, 2, 0
69310, 0, 1, 1, 0, 0, 0
69311, 0, 1, 1, 0, 0, 0
69312, 0, 1, 1, 0, 0, 0
69313, 0, 3, 3, 0, 0, 0
69314, 0, 1, 1, 0, 0, 0
69315, 0, 1, 1, 0, 0, 0
111957, 1, 4, 4, 0, 1, 0
126266, 2, 3, 3, 0, 2, 0
51769, 2, 7, 6, 1, 2, 0
59273, 2, 1, 1, 0, 2, 0
65940, 0, 7, 7, 0, 0, 0
66799, 4, 2, 2, 0, 4, 0
68624, 1, 1, 1, 0, 1, 0
70527, 17, 10, 10, 0, 17, 0
59969, 52, 15, 15, 0, 52, 0
64285, 6, 11, 11, 0, 6, 0
67931, 17, 4, 4, 0, 17, 0
69845, 0, 1, 1, 0, 0, 0
31419, 5, 5, 5, 0, 5, 0
39110, 2, 6, 6, 0, 2, 0
66759, 4, 3, 3, 0, 4, 0
68804, 0, 3, 3, 0, 0, 0
66956, 1, 1, 1, 0, 1, 0
70127, 4, 2, 2, 0, 4, 0
73384, 9, 8, 8, 0, 9, 0
31247, 2, 5, 3, 2, 0, 2
68373, 5, 10, 10, 0, 5, 0
75879, 0, 1, 1, 0, 0, 0
75880, 0, 1, 1, 0, 0, 0
75881, 0, 1, 1, 0, 0, 0
75882, 0, 1, 1, 0, 0, 0
24534, 10, 9, 9, 0, 10, 0
68681, 15, 12, 12, 0, 15, 0
68874, 8, 9, 9, 0, 8, 0
69048, 13, 10, 10, 0, 13, 0
70351, 1, 1, 1, 0, 1, 0
43156, 24, 11, 11, 0, 24, 0
49753, 9, 15, 15, 0, 9, 0
68541, 25, 12, 12, 0, 25, 0
79572, 0, 1, 1, 0, 0, 0
79573, 0, 1, 1, 0, 0, 0
79574, 0, 1, 1, 0, 0, 0
16082, 8, 6, 2, 4, 8, 0
16201, 0, 2, 2, 0, 0, 0
18070, 0, 6, 6, 0, 0, 0
23723, 20, 8, 8, 0, 17, 3
24684, 0, 3, 3, 0, 0, 0
28450, 0, 3, 3, 0, 0, 0
31320, 10, 6, 6, 0, 10, 0
31322, 2, 7, 7, 0, 2, 0
31323, 83, 11, 11, 0, 83, 0
31848, 34, 6, 6, 0, 34, 0
32694, 4, 12, 11, 1, 4, 0
36390, 9, 8, 8, 0, 9, 0
39911, 2, 11, 10, 1, 2, 0
41088, 3, 6, 6, 0, 3, 0
41337, 14, 9, 9, 0, 11, 3
41390, 0, 3, 3, 0, 0, 0
45132, 0, 2, 2, 0, 0, 0
46738, 48, 11, 11, 0, 48, 0
46819, 25, 13, 13, 0, 25, 0
48396, 5, 9, 9, 0, 5, 0
49592, 1, 2, 2, 0, 1, 0
53351, 28, 3, 3, 0, 28, 0
53352, 1, 4, 4, 0, 1, 0
54390, 1, 1, 1, 0, 1, 0
56519, 5, 6, 6, 0, 5, 0
58014, 2, 4, 4, 0, 2, 0
58411, 1, 13, 13, 0, 1, 0
58435, 0, 10, 10, 0, 0, 0
58725, 2, 1, 1, 0, 2, 0
60326, 12, 4, 4, 0, 12, 0
60812, 1, 3, 3, 0, 1, 0
60908, 6, 10, 10, 0, 3, 3
61511, 0, 3, 3, 0, 0, 0
62901, 9, 7, 7, 0, 9, 0
63606, 1, 2, 2, 0, 1, 0
65155, 0, 2, 2, 0, 0, 0
65156, 0, 1, 1, 0, 0, 0
65157, 1, 2, 2, 0, 1, 0
65158, 0, 2, 1, 1, 0, 0
65159, 0, 1, 1, 0, 0, 0
65162, 0, 2, 2, 0, 0, 0
65163, 2, 6, 6, 0, 2, 0
65164, 7, 6, 6, 0, 7, 0
65166, 0, 2, 2, 0, 0, 0
65167, 1, 3, 3, 0, 1, 0
65168, 0, 3, 3, 0, 0, 0
65170, 1, 2, 2, 0, 1, 0
65171, 1, 1, 1, 0, 1, 0
65172, 35, 20, 20, 0, 35, 0
65173, 0, 1, 1, 0, 0, 0
65174, 0, 2, 2, 0, 0, 0
65176, 0, 1, 1, 0, 0, 0
65177, 0, 1, 1, 0, 0, 0
65179, 2, 2, 2, 0, 2, 0
65181, 0, 3, 3, 0, 0, 0
65183, 1, 1, 1, 0, 1, 0
65186, 0, 3, 3, 0, 0, 0
65188, 6, 3, 3, 0, 6, 0
65189, 1, 2, 2, 0, 1, 0
65190, 0, 1, 1, 0, 0, 0
65194, 1, 2, 2, 0, 1, 0
65196, 0, 2, 2, 0, 0, 0
65197, 65, 16, 16, 0, 65, 0
65199, 2, 4, 4, 0, 2, 0
65200, 0, 1, 1, 0, 0, 0
65201, 2, 4, 4, 0, 2, 0
65202, 2, 4, 4, 0, 2, 0
65205, 0, 2, 2, 0, 0, 0
65207, 1, 1, 1, 0, 1, 0
65208, 0, 1, 1, 0, 0, 0
65209, 0, 1, 1, 0, 0, 0
65210, 0, 2, 2, 0, 0, 0
68731, 0, 2, 2, 0, 0, 0
95042, 8, 2, 2, 0, 8, 0
95406, 5, 2, 2, 0, 5, 0
96721, 0, 1, 1, 0, 0, 0
98271, 0, 1, 1, 0, 0, 0
99651, 13, 2, 2, 0, 13, 0
106527, 6, 1, 1, 0, 5, 1
115645, 5, 4, 2, 2, 5, 0
121683, 1, 1, 1, 0, 1, 0
32428, 11, 7, 6, 1, 11, 0
64516, 2, 4, 4, 0, 2, 0
24465, 5, 4, 4, 0, 5, 0
68180, 2, 1, 1, 0, 2, 0
68181, 0, 3, 3, 0, 0, 0
68183, 2, 5, 5, 0, 2, 0
68185, 2, 5, 5, 0, 2, 0
68186, 2, 5, 5, 0, 2, 0
68189, 2, 1, 1, 0, 2, 0
68190, 0, 1, 1, 0, 0, 0
68192, 0, 4, 4, 0, 0, 0
24479, 2, 11, 11, 0, 2, 0
43742, 1, 12, 12, 0, 1, 0
56633, 0, 10, 10, 0, 0, 0
57377, 1, 1, 1, 0, 1, 0
57379, 1, 1, 1, 0, 1, 0
58219, 1, 1, 1, 0, 1, 0
60487, 9, 2, 2, 0, 9, 0
62522, 13, 7, 7, 0, 13, 0
63507, 1, 5, 5, 0, 1, 0
63796, 2, 2, 2, 0, 2, 0
63797, 2, 2, 2, 0, 2, 0
63799, 1, 7, 7, 0, 1, 0
63805, 2, 5, 5, 0, 2, 0
57362, 2, 2, 2, 0, 2, 0
60643, 15, 11, 11, 0, 15, 0
62972, 24, 7, 7, 0, 24, 0
63757, 19, 7, 7, 0, 19, 0
64787, 1, 5, 5, 0, 1, 0
65809, 21, 15, 15, 0, 21, 0
65810, 0, 1, 1, 0, 0, 0
65811, 7, 10, 10, 0, 7, 0
11814, 1, 0, 0, 0, 1, 0
11815, 2, 2, 2, 0, 2, 0
11816, 3, 1, 1, 0, 3, 0
11817, 1, 0, 0, 0, 1, 0
109247, 0, 1, 0, 1, 0, 0
109634, 0, 1, 0, 1, 0, 0
70416, 1, 3, 3, 0, 1, 0
65269, 2, 4, 4, 0, 2, 0
68904, 0, 3, 3, 0, 0, 0
69904, 0, 2, 2, 0, 0, 0
47155, 1, 1, 1, 0, 1, 0
89279, 0, 1, 1, 0, 0, 0
65270, 0, 4, 4, 0, 0, 0
67597, 2, 9, 9, 0, 2, 0
68903, 0, 1, 1, 0, 0, 0
68906, 0, 1, 1, 0, 0, 0
68907, 0, 1, 1, 0, 0, 0
62653, 0, 1, 0, 1, 0, 0
58942, 1, 1, 1, 0, 1, 0
59464, 0, 3, 3, 0, 0, 0
56657, 1, 1, 1, 0, 1, 0
62911, 0, 1, 1, 0, 0, 0
62912, 0, 1, 1, 0, 0, 0
62913, 0, 1, 1, 0, 0, 0
11877, 4, 1, 1, 0, 4, 0
22069, 3, 2, 2, 0, 3, 0
49863, 12, 24, 23, 1, 12, 0
53665, 7, 4, 3, 1, 7, 0
62052, 2, 3, 3, 0, 2, 0
67296, 6, 5, 5, 0, 6, 0
67297, 0, 2, 1, 1, 0, 0
103983, 0, 1, 1, 0, 0, 0
41251, 8, 9, 9, 0, 7, 1
64928, 1, 2, 2, 0, 1, 0
11882, 1, 0, 0, 0, 1, 0
11883, 1, 0, 0, 0, 1, 0
35292, 1, 2, 2, 0, 1, 0
11885, 1, 1, 1, 0, 1, 0
60674, 4, 1, 1, 0, 4, 0
69161, 0, 2, 2, 0, 0, 0
71483, 3, 3, 3, 0, 3, 0
11887, 1, 0, 0, 0, 1, 0
11888, 0, 2, 2, 0, 0, 0
11892, 3, 3, 3, 0, 3, 0
11893, 4, 3, 3, 0, 4, 0
65070, 2, 2, 2, 0, 2, 0
62570, 1, 1, 1, 0, 1, 0
34541, 1, 2, 2, 0, 1, 0
50005, 0, 7, 5, 2, 0, 0
61177, 4, 2, 0, 2, 1, 3
62496, 1, 1, 1, 0, 1, 0
65567, 2, 1, 1, 0, 2, 0
76081, 0, 1, 1, 0, 0, 0
76082, 0, 2, 2, 0, 0, 0
76083, 0, 1, 1, 0, 0, 0
76084, 0, 2, 2, 0, 0, 0
65756, 2, 2, 2, 0, 2, 0
56203, 9, 5, 5, 0, 9, 0
70935, 0, 3, 2, 1, 0, 0
36938, 43, 20, 19, 1, 43, 0
62793, 10, 20, 20, 0, 10, 0
68361, 25, 17, 17, 0, 24, 1
68494, 19, 14, 14, 0, 19, 0
69154, 1, 13, 13, 0, 1, 0
71667, 2, 5, 5, 0, 2, 0
75366, 0, 1, 1, 0, 0, 0
24686, 5, 6, 5, 1, 5, 0
47463, 6, 4, 4, 0, 6, 0
66824, 0, 1, 0, 1, 0, 0
66826, 0, 1, 1, 0, 0, 0
66298, 7, 3, 3, 0, 7, 0
23514, 7, 5, 5, 0, 7, 0
28911, 4, 36, 35, 1, 4, 0
29560, 4, 10, 9, 1, 4, 0
58910, 1, 3, 3, 0, 1, 0
61521, 4, 2, 2, 0, 4, 0
61983, 1, 3, 3, 0, 1, 0
66670, 0, 3, 3, 0, 0, 0
66671, 0, 2, 2, 0, 0, 0
66672, 0, 2, 2, 0, 0, 0
66674, 0, 2, 2, 0, 0, 0
66675, 0, 2, 2, 0, 0, 0
67429, 0, 1, 1, 0, 0, 0
67430, 1, 2, 2, 0, 1, 0
67437, 1, 4, 4, 0, 1, 0
67438, 4, 5, 5, 0, 4, 0
67440, 0, 1, 1, 0, 0, 0
67441, 0, 1, 1, 0, 0, 0
67442, 1, 1, 1, 0, 1, 0
16628, 6, 14, 12, 2, 6, 0
29118, 7, 9, 9, 0, 7, 0
29568, 7, 14, 13, 1, 7, 0
48930, 2, 2, 2, 0, 2, 0
52158, 9, 3, 3, 0, 9, 0
52775, 6, 8, 7, 1, 6, 0
59985, 0, 5, 5, 0, 0, 0
62307, 1, 8, 8, 0, 1, 0
65215, 8, 8, 8, 0, 8, 0
69788, 0, 1, 1, 0, 0, 0
69789, 0, 5, 4, 1, 0, 0
69790, 0, 3, 3, 0, 0, 0
12145, 11, 11, 11, 0, 11, 0
32516, 32, 11, 11, 0, 32, 0
45900, 0, 2, 2, 0, 0, 0
46186, 4, 7, 6, 1, 4, 0
47413, 1, 3, 2, 1, 1, 0
57845, 0, 3, 3, 0, 0, 0
59679, 1, 3, 3, 0, 1, 0
65423, 0, 2, 2, 0, 0, 0
68658, 3, 6, 6, 0, 3, 0
68659, 0, 1, 1, 0, 0, 0
68660, 5, 8, 8, 0, 5, 0
68661, 8, 9, 9, 0, 7, 1
15541, 0, 2, 2, 0, 0, 0
18541, 0, 2, 2, 0, 0, 0
26526, 0, 2, 2, 0, 0, 0
33654, 1, 1, 1, 0, 1, 0
35031, 0, 6, 6, 0, 0, 0
35601, 0, 4, 4, 0, 0, 0
40211, 1, 10, 10, 0, 1, 0
44262, 2, 10, 10, 0, 2, 0
47768, 6, 4, 3, 1, 6, 0
68411, 15, 6, 6, 0, 15, 0
70689, 0, 3, 3, 0, 0, 0
71983, 2, 6, 6, 0, 2, 0
73224, 0, 2, 2, 0, 0, 0
76396, 0, 3, 3, 0, 0, 0
76490, 3, 2, 2, 0, 3, 0
76906, 1, 1, 1, 0, 1, 0
77581, 0, 2, 2, 0, 0, 0
78712, 0, 3, 3, 0, 0, 0
78920, 2, 3, 3, 0, 1, 1
79813, 3, 3, 3, 0, 3, 0
82849, 0, 3, 3, 0, 0, 0
83255, 0, 2, 2, 0, 0, 0
83332, 0, 3, 3, 0, 0, 0
83378, 1, 2, 2, 0, 1, 0
83432, 6, 1, 1, 0, 5, 1
83443, 0, 2, 2, 0, 0, 0
83544, 1, 1, 1, 0, 1, 0
84299, 0, 2, 2, 0, 0, 0
85878, 2, 1, 1, 0, 2, 0
87292, 0, 2, 2, 0, 0, 0
87431, 0, 2, 2, 0, 0, 0
87476, 2, 3, 3, 0, 2, 0
87477, 0, 4, 4, 0, 0, 0
87478, 10, 2, 2, 0, 8, 2
89323, 0, 1, 1, 0, 0, 0
89324, 0, 1, 1, 0, 0, 0
89325, 0, 1, 1, 0, 0, 0
89326, 0, 1, 1, 0, 0, 0
89327, 0, 1, 1, 0, 0, 0
89328, 0, 1, 1, 0, 0, 0
89329, 0, 1, 1, 0, 0, 0
89330, 0, 1, 1, 0, 0, 0
89331, 0, 1, 1, 0, 0, 0
89332, 0, 1, 1, 0, 0, 0
89333, 0, 1, 1, 0, 0, 0
89334, 0, 1, 1, 0, 0, 0
89335, 0, 1, 1, 0, 0, 0
89336, 0, 1, 1, 0, 0, 0
89337, 0, 1, 1, 0, 0, 0
89338, 0, 2, 2, 0, 0, 0
89339, 0, 1, 1, 0, 0, 0
89340, 0, 1, 1, 0, 0, 0
89341, 0, 1, 1, 0, 0, 0
89342, 0, 1, 1, 0, 0, 0
89343, 0, 1, 1, 0, 0, 0
89344, 0, 1, 1, 0, 0, 0
89345, 0, 1, 1, 0, 0, 0
89346, 0, 1, 1, 0, 0, 0
89347, 0, 1, 1, 0, 0, 0
89348, 0, 1, 1, 0, 0, 0
89349, 0, 1, 1, 0, 0, 0
89350, 0, 1, 1, 0, 0, 0
89351, 0, 1, 1, 0, 0, 0
89352, 0, 1, 1, 0, 0, 0
89353, 0, 1, 1, 0, 0, 0
89354, 0, 1, 1, 0, 0, 0
89355, 0, 1, 1, 0, 0, 0
89356, 1, 1, 1, 0, 0, 1
89357, 0, 1, 1, 0, 0, 0
89358, 0, 1, 1, 0, 0, 0
89359, 0, 1, 1, 0, 0, 0
89360, 0, 1, 1, 0, 0, 0
89361, 0, 1, 1, 0, 0, 0
89362, 0, 1, 1, 0, 0, 0
89363, 0, 1, 1, 0, 0, 0
89364, 0, 1, 1, 0, 0, 0
89365, 0, 1, 1, 0, 0, 0
89366, 0, 1, 1, 0, 0, 0
89367, 0, 1, 1, 0, 0, 0
89368, 0, 1, 1, 0, 0, 0
89369, 0, 1, 1, 0, 0, 0
89370, 0, 1, 1, 0, 0, 0
89371, 0, 1, 1, 0, 0, 0
89372, 0, 1, 1, 0, 0, 0
89373, 0, 1, 1, 0, 0, 0
89374, 0, 1, 1, 0, 0, 0
89375, 0, 1, 1, 0, 0, 0
89376, 0, 1, 1, 0, 0, 0
89377, 0, 1, 1, 0, 0, 0
89378, 0, 1, 1, 0, 0, 0
89379, 0, 1, 1, 0, 0, 0
89380, 0, 1, 1, 0, 0, 0
89381, 0, 1, 1, 0, 0, 0
89382, 0, 1, 1, 0, 0, 0
89383, 0, 1, 1, 0, 0, 0
51638, 5, 2, 2, 0, 5, 0
58347, 3, 4, 4, 0, 3, 0
89775, 0, 2, 2, 0, 0, 0
64831, 6, 2, 2, 0, 6, 0
55735, 2, 2, 0, 2, 2, 0
58895, 13, 4, 3, 1, 11, 2
62595, 6, 2, 0, 2, 4, 2
63742, 3, 2, 2, 0, 3, 0
63743, 3, 2, 2, 0, 3, 0
82760, 0, 1, 0, 1, 0, 0
82762, 0, 1, 0, 1, 0, 0
82763, 0, 1, 0, 1, 0, 0
82764, 0, 1, 0, 1, 0, 0
82765, 0, 1, 0, 1, 0, 0
82766, 0, 1, 0, 1, 0, 0
82767, 0, 1, 0, 1, 0, 0
82768, 0, 2, 0, 2, 0, 0
82769, 0, 1, 0, 1, 0, 0
108405, 0, 1, 0, 1, 0, 0
111975, 1, 1, 0, 1, 1, 0
45558, 4, 5, 3, 2, 4, 0
49452, 8, 9, 8, 1, 8, 0
57341, 1, 1, 1, 0, 1, 0
62040, 1, 1, 1, 0, 1, 0
69719, 18, 3, 3, 0, 18, 0
75517, 0, 1, 1, 0, 0, 0
75518, 0, 1, 1, 0, 0, 0
75519, 0, 1, 1, 0, 0, 0
75520, 0, 1, 1, 0, 0, 0
111264, 1, 1, 1, 0, 1, 0
52918, 1, 2, 2, 0, 1, 0
17956, 1, 1, 1, 0, 1, 0
51568, 13, 6, 6, 0, 11, 2
59227, 8, 6, 6, 0, 6, 2
63817, 7, 4, 3, 1, 6, 1
64759, 0, 3, 3, 0, 0, 0
64760, 2, 7, 7, 0, 2, 0
78536, 1, 1, 1, 0, 1, 0
78774, 0, 1, 1, 0, 0, 0
78775, 0, 1, 1, 0, 0, 0
78776, 0, 1, 1, 0, 0, 0
78777, 0, 1, 1, 0, 0, 0
78778, 0, 2, 2, 0, 0, 0
78779, 0, 1, 1, 0, 0, 0
78780, 0, 1, 1, 0, 0, 0
78781, 0, 1, 1, 0, 0, 0
33249, 2, 2, 2, 0, 2, 0
39439, 7, 3, 3, 0, 6, 1
43066, 1, 6, 6, 0, 0, 1
91579, 0, 1, 0, 1, 0, 0
94224, 0, 1, 0, 1, 0, 0
115717, 0, 1, 0, 1, 0, 0
37937, 3, 1, 1, 0, 3, 0
43008, 9, 2, 2, 0, 7, 2
50816, 5, 6, 5, 1, 5, 0
57915, 30, 3, 3, 0, 30, 0
58055, 0, 1, 1, 0, 0, 0
58056, 0, 1, 1, 0, 0, 0
96142, 1, 2, 2, 0, 1, 0
23635, 15, 7, 7, 0, 10, 5
40789, 5, 10, 7, 3, 2, 3
44489, 0, 2, 0, 2, 0, 0
50190, 0, 4, 2, 2, 0, 0
67411, 17, 12, 12, 0, 17, 0
72936, 0, 2, 1, 1, 0, 0
45343, 1, 8, 5, 3, 1, 0
58626, 10, 6, 6, 0, 10, 0
16386, 0, 3, 3, 0, 0, 0
11944, 6, 1, 1, 0, 6, 0
11945, 1, 1, 1, 0, 1, 0
16397, 1, 3, 2, 1, 1, 0
41982, 0, 3, 3, 0, 0, 0
11946, 1, 1, 1, 0, 1, 0
12023, 2, 2, 2, 0, 2, 0
12162, 3, 19, 19, 0, 3, 0
24512, 6, 5, 5, 0, 6, 0
59670, 14, 17, 16, 1, 14, 0
62903, 8, 7, 6, 1, 8, 0
64746, 6, 6, 6, 0, 6, 0
65006, 5, 4, 4, 0, 5, 0
66866, 0, 2, 2, 0, 0, 0
66867, 0, 2, 2, 0, 0, 0
67380, 0, 3, 3, 0, 0, 0
11962, 1, 1, 0, 1, 1, 0
70742, 5, 4, 4, 0, 5, 0
11963, 1, 0, 0, 0, 1, 0
37065, 0, 5, 4, 1, 0, 0
45672, 11, 5, 5, 0, 11, 0
56332, 2, 3, 3, 0, 2, 0
68003, 1, 2, 2, 0, 1, 0
73071, 1, 2, 1, 1, 1, 0
11965, 1, 2, 2, 0, 1, 0
11966, 1, 1, 1, 0, 1, 0
73112, 3, 3, 3, 0, 3, 0
77891, 5, 2, 2, 0, 5, 0
11969, 2, 0, 0, 0, 2, 0
11970, 0, 3, 3, 0, 0, 0
11971, 1, 0, 0, 0, 1, 0
11972, 0, 2, 2, 0, 0, 0
23144, 11, 9, 9, 0, 11, 0
55688, 1, 3, 2, 1, 1, 0
102460, 1, 1, 1, 0, 1, 0
115377, 1, 1, 1, 0, 1, 0
115684, 1, 2, 2, 0, 1, 0
95367, 0, 1, 1, 0, 0, 0
76977, 0, 1, 1, 0, 0, 0
11986, 27, 19, 19, 0, 27, 0
31691, 72, 37, 37, 0, 72, 0
58248, 15, 16, 14, 2, 15, 0
61676, 36, 14, 13, 1, 36, 0
66083, 1, 2, 2, 0, 1, 0
66510, 28, 19, 19, 0, 28, 0
66511, 0, 2, 2, 0, 0, 0
11987, 2, 0, 0, 0, 1, 1
11988, 1, 5, 4, 1, 1, 0
32532, 1, 2, 1, 1, 0, 1
11990, 1, 0, 0, 0, 1, 0
32763, 6, 5, 4, 1, 6, 0
57210, 2, 2, 2, 0, 2, 0
60133, 4, 3, 3, 0, 4, 0
11992, 1, 1, 1, 0, 1, 0
46200, 0, 2, 2, 0, 0, 0
50382, 11, 2, 2, 0, 10, 1
67081, 2, 2, 2, 0, 2, 0
74388, 4, 2, 2, 0, 4, 0
81448, 0, 1, 1, 0, 0, 0
11994, 1, 1, 1, 0, 1, 0
11995, 3, 2, 2, 0, 2, 1
83030, 0, 1, 1, 0, 0, 0
11996, 1, 0, 0, 0, 1, 0
11997, 3, 3, 3, 0, 3, 0
11999, 11, 8, 8, 0, 11, 0
38784, 2, 1, 1, 0, 2, 0
65743, 4, 2, 2, 0, 4, 0
66081, 3, 3, 3, 0, 3, 0
66429, 2, 2, 2, 0, 2, 0
66439, 0, 2, 2, 0, 0, 0
66766, 0, 2, 2, 0, 0, 0
66767, 0, 2, 2, 0, 0, 0
15458, 4, 4, 3, 1, 3, 1
57319, 3, 2, 2, 0, 2, 1
58394, 1, 2, 2, 0, 1, 0
68538, 1, 1, 1, 0, 1, 0
78805, 1, 1, 1, 0, 1, 0
12007, 16, 8, 8, 0, 15, 1
62706, 2, 12, 12, 0, 2, 0
67887, 10, 8, 8, 0, 10, 0
18888, 9, 11, 11, 0, 9, 0
22920, 1, 11, 11, 0, 0, 1
23453, 12, 22, 22, 0, 12, 0
26363, 8, 15, 14, 1, 6, 2
32856, 3, 4, 4, 0, 3, 0
33639, 0, 3, 1, 2, 0, 0
39161, 8, 7, 6, 1, 8, 0
43440, 5, 9, 8, 1, 5, 0
50161, 11, 5, 5, 0, 10, 1
61204, 0, 2, 2, 0, 0, 0
67888, 0, 2, 2, 0, 0, 0
67889, 0, 2, 2, 0, 0, 0
67890, 0, 4, 4, 0, 0, 0
68120, 15, 19, 19, 0, 15, 0
69102, 3, 4, 4, 0, 3, 0
70315, 6, 6, 6, 0, 6, 0
71585, 1, 1, 1, 0, 1, 0
72666, 4, 3, 3, 0, 4, 0
72667, 1, 2, 2, 0, 1, 0
72668, 0, 2, 2, 0, 0, 0
72670, 5, 5, 5, 0, 5, 0
72671, 6, 9, 9, 0, 6, 0
72672, 1, 2, 2, 0, 1, 0
72673, 0, 1, 1, 0, 0, 0
75137, 1, 3, 3, 0, 1, 0
75902, 0, 3, 3, 0, 0, 0
75903, 3, 3, 3, 0, 3, 0
75904, 1, 6, 5, 1, 1, 0
75905, 0, 1, 1, 0, 0, 0
75906, 3, 5, 5, 0, 3, 0
75907, 4, 3, 3, 0, 4, 0
75908, 2, 3, 3, 0, 2, 0
75910, 9, 1, 1, 0, 9, 0
75911, 1, 2, 2, 0, 1, 0
64897, 4, 2, 2, 0, 4, 0
66333, 3, 1, 1, 0, 3, 0
66334, 2, 2, 2, 0, 2, 0
67527, 2, 8, 8, 0, 2, 0
72715, 0, 2, 2, 0, 0, 0
12008, 1, 1, 1, 0, 1, 0
58946, 3, 5, 5, 0, 3, 0
66962, 0, 1, 1, 0, 0, 0
12010, 1, 0, 0, 0, 1, 0
12011, 1, 0, 0, 0, 1, 0
41265, 23, 22, 22, 0, 23, 0
62862, 6, 10, 10, 0, 5, 1
70274, 0, 1, 1, 0, 0, 0
70275, 0, 1, 1, 0, 0, 0
70276, 0, 1, 1, 0, 0, 0
12018, 4, 4, 4, 0, 4, 0
12019, 1, 2, 2, 0, 1, 0
41198, 3, 7, 3, 4, 1, 2
37771, 1, 4, 0, 4, 1, 0
41074, 0, 6, 4, 2, 0, 0
56359, 3, 4, 4, 0, 3, 0
59542, 6, 1, 0, 1, 4, 2
61730, 0, 1, 0, 1, 0, 0
42750, 4, 2, 1, 1, 4, 0
58318, 0, 4, 1, 3, 0, 0
63283, 3, 3, 1, 2, 3, 0
63287, 3, 3, 1, 2, 2, 1
64901, 5, 4, 4, 0, 5, 0
62615, 1, 1, 0, 1, 1, 0
12021, 1, 0, 0, 0, 1, 0
12022, 0, 1, 1, 0, 0, 0
12026, 1, 1, 1, 0, 1, 0
12054, 2, 4, 4, 0, 2, 0
24105, 8, 8, 8, 0, 2, 6
57468, 15, 2, 2, 0, 15, 0
75894, 9, 5, 5, 0, 9, 0
120377, 0, 2, 2, 0, 0, 0
12028, 1, 0, 0, 0, 1, 0
12030, 3, 0, 0, 0, 3, 0
12031, 3, 7, 7, 0, 3, 0
12032, 14, 14, 14, 0, 14, 0
69654, 5, 9, 8, 1, 5, 0
61745, 11, 12, 12, 0, 11, 0
62257, 2, 1, 1, 0, 2, 0
70561, 0, 1, 1, 0, 0, 0
76395, 1, 4, 4, 0, 1, 0
12034, 1, 0, 0, 0, 1, 0
12037, 6, 2, 2, 0, 6, 0
12040, 2, 1, 1, 0, 2, 0
56063, 3, 1, 1, 0, 3, 0
67126, 5, 1, 1, 0, 3, 2
73331, 3, 5, 5, 0, 3, 0
12213, 1, 10, 8, 2, 1, 0
12556, 10, 3, 3, 0, 9, 1
15232, 8, 3, 3, 0, 7, 1
18615, 14, 6, 6, 0, 13, 1
22656, 0, 6, 5, 1, 0, 0
24748, 5, 7, 6, 1, 5, 0
25106, 0, 2, 1, 1, 0, 0
26362, 1, 2, 2, 0, 1, 0
30866, 9, 13, 13, 0, 9, 0
32576, 3, 8, 8, 0, 3, 0
33629, 2, 2, 1, 1, 2, 0
34268, 1, 4, 3, 1, 1, 0
35552, 1, 2, 1, 1, 1, 0
39525, 0, 2, 2, 0, 0, 0
39804, 12, 11, 10, 1, 12, 0
40482, 0, 3, 3, 0, 0, 0
42399, 0, 2, 1, 1, 0, 0
42674, 0, 4, 4, 0, 0, 0
43928, 6, 5, 4, 1, 6, 0
48436, 0, 3, 3, 0, 0, 0
48588, 0, 2, 2, 0, 0, 0
48616, 0, 2, 2, 0, 0, 0
50926, 3, 4, 4, 0, 3, 0
51404, 4, 2, 1, 1, 4, 0
54932, 5, 13, 13, 0, 5, 0
55649, 0, 2, 1, 1, 0, 0
56019, 3, 3, 3, 0, 3, 0
58491, 2, 2, 2, 0, 1, 1
59438, 0, 2, 2, 0, 0, 0
60564, 0, 2, 1, 1, 0, 0
60683, 0, 3, 3, 0, 0, 0
60919, 1, 6, 6, 0, 1, 0
62076, 1, 3, 3, 0, 1, 0
63835, 2, 6, 6, 0, 2, 0
65638, 9, 5, 5, 0, 9, 0
65860, 1, 3, 3, 0, 1, 0
68424, 1, 5, 5, 0, 1, 0
70822, 3, 6, 6, 0, 2, 1
72219, 1, 4, 4, 0, 1, 0
72339, 0, 5, 5, 0, 0, 0
72367, 10, 5, 5, 0, 10, 0
72447, 0, 4, 4, 0, 0, 0
72459, 0, 4, 4, 0, 0, 0
72521, 1, 4, 4, 0, 1, 0
72524, 0, 4, 4, 0, 0, 0
72565, 4, 3, 3, 0, 2, 2
73447, 1, 3, 3, 0, 1, 0
75887, 2, 2, 2, 0, 2, 0
76814, 2, 4, 4, 0, 2, 0
77295, 4, 9, 9, 0, 4, 0
77413, 2, 2, 2, 0, 0, 2
77570, 0, 3, 3, 0, 0, 0
78653, 14, 5, 5, 0, 12, 2
78948, 0, 5, 5, 0, 0, 0
79179, 0, 3, 3, 0, 0, 0
79307, 2, 4, 3, 1, 2, 0
79596, 0, 2, 2, 0, 0, 0
80209, 0, 3, 3, 0, 0, 0
81152, 1, 4, 4, 0, 1, 0
81352, 1, 4, 4, 0, 1, 0
81535, 8, 4, 3, 1, 8, 0
81545, 1, 2, 2, 0, 1, 0
81578, 4, 2, 2, 0, 4, 0
81612, 0, 2, 2, 0, 0, 0
81654, 1, 1, 1, 0, 1, 0
81852, 1, 1, 1, 0, 1, 0
81917, 2, 4, 4, 0, 2, 0
81923, 1, 2, 2, 0, 1, 0
81977, 1, 1, 1, 0, 1, 0
82099, 1, 1, 1, 0, 1, 0
82100, 1, 1, 1, 0, 1, 0
82124, 0, 2, 2, 0, 0, 0
82410, 1, 1, 1, 0, 1, 0
82533, 1, 1, 1, 0, 1, 0
82693, 1, 2, 2, 0, 1, 0
82739, 9, 1, 1, 0, 9, 0
83003, 1, 2, 2, 0, 1, 0
83208, 1, 3, 3, 0, 1, 0
83249, 2, 1, 1, 0, 2, 0
83336, 0, 2, 2, 0, 0, 0
83458, 2, 1, 1, 0, 1, 1
83459, 0, 4, 4, 0, 0, 0
83539, 2, 2, 2, 0, 2, 0
83587, 2, 1, 1, 0, 2, 0
83619, 2, 1, 1, 0, 2, 0
83634, 3, 1, 1, 0, 3, 0
83636, 2, 1, 1, 0, 1, 1
83638, 1, 1, 1, 0, 1, 0
83639, 1, 2, 2, 0, 1, 0
83641, 2, 1, 1, 0, 1, 1
83997, 3, 1, 1, 0, 3, 0
84168, 0, 2, 2, 0, 0, 0
84364, 0, 5, 5, 0, 0, 0
84431, 2, 1, 1, 0, 2, 0
84639, 0, 4, 4, 0, 0, 0
85177, 0, 1, 1, 0, 0, 0
85178, 0, 1, 1, 0, 0, 0
85179, 0, 1, 1, 0, 0, 0
85180, 0, 1, 1, 0, 0, 0
85181, 0, 1, 1, 0, 0, 0
85182, 0, 1, 1, 0, 0, 0
85184, 0, 1, 1, 0, 0, 0
85185, 0, 1, 1, 0, 0, 0
85186, 0, 2, 2, 0, 0, 0
85187, 0, 1, 1, 0, 0, 0
85189, 1, 5, 5, 0, 0, 1
85190, 0, 1, 1, 0, 0, 0
85191, 2, 2, 2, 0, 2, 0
85193, 0, 1, 1, 0, 0, 0
85194, 3, 2, 2, 0, 3, 0
85195, 0, 2, 2, 0, 0, 0
85196, 0, 1, 1, 0, 0, 0
85197, 0, 1, 1, 0, 0, 0
85199, 1, 1, 1, 0, 1, 0
85200, 1, 1, 1, 0, 1, 0
85201, 0, 1, 1, 0, 0, 0
85202, 0, 1, 1, 0, 0, 0
85204, 0, 1, 1, 0, 0, 0
85205, 0, 1, 1, 0, 0, 0
85206, 1, 1, 1, 0, 1, 0
85207, 0, 1, 1, 0, 0, 0
85208, 2, 2, 2, 0, 1, 1
85209, 0, 1, 1, 0, 0, 0
85210, 0, 1, 1, 0, 0, 0
85211, 0, 1, 1, 0, 0, 0
85212, 1, 1, 1, 0, 1, 0
85213, 1, 1, 1, 0, 1, 0
85214, 0, 1, 1, 0, 0, 0
85215, 0, 1, 1, 0, 0, 0
85216, 1, 1, 1, 0, 1, 0
85217, 0, 1, 1, 0, 0, 0
85218, 0, 1, 1, 0, 0, 0
85219, 0, 1, 1, 0, 0, 0
85220, 0, 2, 2, 0, 0, 0
85221, 0, 1, 1, 0, 0, 0
85222, 0, 1, 1, 0, 0, 0
85223, 0, 1, 1, 0, 0, 0
85224, 0, 1, 1, 0, 0, 0
85225, 0, 1, 1, 0, 0, 0
85226, 0, 1, 1, 0, 0, 0
85227, 0, 1, 1, 0, 0, 0
85228, 0, 1, 1, 0, 0, 0
85229, 0, 1, 1, 0, 0, 0
85230, 0, 1, 1, 0, 0, 0
85231, 0, 1, 1, 0, 0, 0
85232, 0, 1, 1, 0, 0, 0
85233, 0, 1, 1, 0, 0, 0
85234, 0, 1, 1, 0, 0, 0
85235, 0, 1, 1, 0, 0, 0
85236, 0, 1, 1, 0, 0, 0
85237, 0, 1, 1, 0, 0, 0
85238, 0, 1, 1, 0, 0, 0
85239, 0, 1, 1, 0, 0, 0
85240, 0, 3, 3, 0, 0, 0
85241, 0, 1, 1, 0, 0, 0
85242, 0, 1, 1, 0, 0, 0
85243, 0, 1, 1, 0, 0, 0
85244, 0, 1, 1, 0, 0, 0
85245, 0, 1, 1, 0, 0, 0
85247, 0, 1, 1, 0, 0, 0
85248, 2, 1, 1, 0, 1, 1
85249, 0, 1, 1, 0, 0, 0
85250, 0, 1, 1, 0, 0, 0
85251, 0, 1, 1, 0, 0, 0
85252, 0, 1, 1, 0, 0, 0
85253, 0, 2, 2, 0, 0, 0
85254, 0, 1, 1, 0, 0, 0
85255, 0, 2, 2, 0, 0, 0
85256, 0, 1, 1, 0, 0, 0
85257, 0, 1, 1, 0, 0, 0
85258, 0, 1, 1, 0, 0, 0
85259, 0, 1, 1, 0, 0, 0
85260, 0, 1, 1, 0, 0, 0
85261, 0, 1, 1, 0, 0, 0
85262, 0, 1, 1, 0, 0, 0
85263, 0, 1, 1, 0, 0, 0
85264, 0, 1, 1, 0, 0, 0
85265, 0, 1, 1, 0, 0, 0
85266, 1, 1, 1, 0, 1, 0
85267, 0, 1, 1, 0, 0, 0
85268, 1, 1, 1, 0, 1, 0
85269, 0, 1, 1, 0, 0, 0
85270, 0, 1, 1, 0, 0, 0
85271, 0, 1, 1, 0, 0, 0
85272, 0, 1, 1, 0, 0, 0
85273, 0, 1, 1, 0, 0, 0
85274, 0, 1, 1, 0, 0, 0
85275, 0, 1, 1, 0, 0, 0
85276, 0, 1, 1, 0, 0, 0
85277, 0, 1, 1, 0, 0, 0
85278, 0, 1, 1, 0, 0, 0
85279, 0, 1, 1, 0, 0, 0
85280, 0, 1, 1, 0, 0, 0
85281, 0, 1, 1, 0, 0, 0
85282, 0, 1, 1, 0, 0, 0
85283, 0, 1, 1, 0, 0, 0
85284, 0, 1, 1, 0, 0, 0
85285, 0, 1, 1, 0, 0, 0
85286, 0, 1, 1, 0, 0, 0
85287, 0, 1, 1, 0, 0, 0
85288, 1, 2, 2, 0, 1, 0
85289, 0, 1, 1, 0, 0, 0
85290, 1, 1, 1, 0, 1, 0
85291, 0, 1, 1, 0, 0, 0
85292, 0, 1, 1, 0, 0, 0
85293, 0, 1, 1, 0, 0, 0
85294, 0, 1, 1, 0, 0, 0
85295, 0, 1, 1, 0, 0, 0
85296, 0, 1, 1, 0, 0, 0
85297, 0, 1, 1, 0, 0, 0
85298, 0, 1, 1, 0, 0, 0
85299, 0, 1, 1, 0, 0, 0
85300, 0, 1, 1, 0, 0, 0
85301, 0, 1, 1, 0, 0, 0
85302, 0, 1, 1, 0, 0, 0
85303, 0, 1, 1, 0, 0, 0
85304, 0, 1, 1, 0, 0, 0
85305, 0, 1, 1, 0, 0, 0
85306, 0, 1, 1, 0, 0, 0
85307, 0, 1, 1, 0, 0, 0
85308, 1, 4, 4, 0, 1, 0
85309, 0, 1, 1, 0, 0, 0
85310, 0, 1, 1, 0, 0, 0
85311, 0, 1, 1, 0, 0, 0
85312, 0, 2, 2, 0, 0, 0
85313, 0, 1, 1, 0, 0, 0
85314, 0, 1, 1, 0, 0, 0
85315, 1, 1, 1, 0, 1, 0
85316, 0, 1, 1, 0, 0, 0
85317, 0, 1, 1, 0, 0, 0
85318, 0, 1, 1, 0, 0, 0
85319, 6, 3, 3, 0, 6, 0
85320, 0, 1, 1, 0, 0, 0
85321, 0, 1, 1, 0, 0, 0
85322, 0, 1, 1, 0, 0, 0
85323, 0, 1, 1, 0, 0, 0
85324, 0, 1, 1, 0, 0, 0
85325, 0, 1, 1, 0, 0, 0
85326, 0, 1, 1, 0, 0, 0
85327, 0, 1, 1, 0, 0, 0
85328, 0, 1, 1, 0, 0, 0
85329, 0, 1, 1, 0, 0, 0
85330, 0, 1, 1, 0, 0, 0
85331, 0, 1, 1, 0, 0, 0
85332, 0, 1, 1, 0, 0, 0
85333, 0, 1, 1, 0, 0, 0
85334, 0, 1, 1, 0, 0, 0
85335, 0, 1, 1, 0, 0, 0
85336, 0, 1, 1, 0, 0, 0
85337, 0, 1, 1, 0, 0, 0
85339, 0, 1, 1, 0, 0, 0
85340, 0, 1, 1, 0, 0, 0
85341, 0, 2, 2, 0, 0, 0
85342, 0, 1, 1, 0, 0, 0
85343, 0, 1, 1, 0, 0, 0
85344, 0, 1, 1, 0, 0, 0
85345, 0, 1, 1, 0, 0, 0
85346, 0, 1, 1, 0, 0, 0
85347, 0, 1, 1, 0, 0, 0
85348, 0, 1, 1, 0, 0, 0
85349, 0, 1, 1, 0, 0, 0
85350, 0, 1, 1, 0, 0, 0
85351, 0, 1, 1, 0, 0, 0
85352, 0, 1, 1, 0, 0, 0
85353, 0, 1, 1, 0, 0, 0
85354, 0, 1, 1, 0, 0, 0
85355, 0, 1, 1, 0, 0, 0
85356, 0, 1, 1, 0, 0, 0
85357, 0, 1, 1, 0, 0, 0
85358, 0, 1, 1, 0, 0, 0
85359, 0, 1, 1, 0, 0, 0
85360, 0, 1, 1, 0, 0, 0
85361, 0, 1, 1, 0, 0, 0
85362, 0, 1, 1, 0, 0, 0
85363, 0, 1, 1, 0, 0, 0
85364, 0, 1, 1, 0, 0, 0
85365, 0, 1, 1, 0, 0, 0
85366, 0, 1, 1, 0, 0, 0
85367, 0, 1, 1, 0, 0, 0
85368, 0, 1, 1, 0, 0, 0
85369, 0, 2, 2, 0, 0, 0
12042, 1, 0, 0, 0, 0, 1
24968, 9, 7, 7, 0, 9, 0
36241, 0, 2, 2, 0, 0, 0
58679, 3, 3, 3, 0, 3, 0
67530, 2, 1, 1, 0, 1, 1
67531, 5, 3, 3, 0, 5, 0
67532, 0, 4, 4, 0, 0, 0
67533, 4, 5, 5, 0, 4, 0
67534, 3, 2, 2, 0, 2, 1
60891, 5, 3, 3, 0, 5, 0
60893, 4, 1, 1, 0, 4, 0
30604, 7, 8, 7, 1, 7, 0
58234, 0, 4, 4, 0, 0, 0
64214, 9, 10, 10, 0, 9, 0
64626, 6, 1, 1, 0, 6, 0
64879, 14, 4, 4, 0, 14, 0
65861, 1, 1, 1, 0, 1, 0
68230, 26, 3, 3, 0, 26, 0
70784, 5, 5, 5, 0, 5, 0
71115, 1, 4, 4, 0, 1, 0
74341, 1, 3, 3, 0, 1, 0
76892, 0, 3, 3, 0, 0, 0
23810, 15, 7, 3, 4, 3, 12
37829, 14, 6, 5, 1, 12, 2
59450, 2, 1, 1, 0, 1, 1
60195, 1, 2, 2, 0, 1, 0
60728, 10, 11, 11, 0, 10, 0
60730, 0, 2, 2, 0, 0, 0
60731, 0, 1, 1, 0, 0, 0
14505, 1, 2, 2, 0, 1, 0
25965, 1, 8, 7, 1, 1, 0
43965, 5, 5, 3, 2, 5, 0
48478, 1, 4, 0, 4, 0, 1
52482, 0, 1, 0, 1, 0, 0
52483, 0, 1, 0, 1, 0, 0
52484, 0, 1, 0, 1, 0, 0
52485, 0, 1, 1, 0, 0, 0
52486, 0, 1, 1, 0, 0, 0
13257, 16, 12, 12, 0, 16, 0
39401, 2, 2, 2, 0, 2, 0
40928, 3, 5, 5, 0, 3, 0
43581, 1, 1, 1, 0, 1, 0
71222, 1, 1, 1, 0, 1, 0
71223, 0, 1, 1, 0, 0, 0
12055, 16, 11, 11, 0, 13, 3
59559, 3, 8, 8, 0, 3, 0
12059, 3, 1, 1, 0, 3, 0
63790, 1, 1, 1, 0, 1, 0
12069, 4, 3, 3, 0, 4, 0
61931, 7, 6, 6, 0, 7, 0
80972, 1, 1, 1, 0, 1, 0
31833, 0, 2, 2, 0, 0, 0
32592, 6, 8, 8, 0, 6, 0
70408, 4, 3, 3, 0, 4, 0
73861, 13, 6, 6, 0, 13, 0
74345, 18, 8, 8, 0, 18, 0
85052, 0, 1, 1, 0, 0, 0
76598, 12, 6, 6, 0, 12, 0
82993, 0, 1, 1, 0, 0, 0
71241, 0, 1, 0, 1, 0, 0
71242, 0, 1, 0, 1, 0, 0
65113, 1, 1, 1, 0, 1, 0
71011, 0, 1, 1, 0, 0, 0
44819, 38, 22, 22, 0, 38, 0
49022, 1, 1, 1, 0, 1, 0
60381, 10, 13, 13, 0, 10, 0
61841, 1, 1, 1, 0, 1, 0
68761, 4, 2, 2, 0, 4, 0
72962, 0, 1, 1, 0, 0, 0
72963, 0, 1, 1, 0, 0, 0
40208, 2, 5, 5, 0, 2, 0
70036, 3, 5, 5, 0, 3, 0
72128, 11, 6, 6, 0, 11, 0
72694, 13, 7, 7, 0, 13, 0
73309, 17, 3, 2, 1, 17, 0
73311, 3, 2, 2, 0, 3, 0
73312, 2, 2, 2, 0, 2, 0
73313, 2, 3, 3, 0, 2, 0
73393, 1, 2, 2, 0, 1, 0
74763, 0, 3, 3, 0, 0, 0
74771, 1, 1, 1, 0, 1, 0
75225, 3, 1, 1, 0, 3, 0
75892, 7, 3, 3, 0, 7, 0
75893, 0, 1, 1, 0, 0, 0
75895, 9, 5, 5, 0, 9, 0
91517, 0, 1, 0, 1, 0, 0
12076, 2, 7, 7, 0, 2, 0
51229, 1, 6, 2, 4, 1, 0
53442, 2, 1, 1, 0, 2, 0
64666, 2, 3, 3, 0, 2, 0
70374, 0, 2, 2, 0, 0, 0
73034, 0, 2, 2, 0, 0, 0
12079, 1, 0, 0, 0, 1, 0
12083, 1, 2, 2, 0, 1, 0
58637, 1, 2, 0, 2, 0, 1
49853, 1, 2, 2, 0, 1, 0
31470, 1, 1, 1, 0, 1, 0
130183, 1, 1, 1, 0, 1, 0
12087, 1, 0, 0, 0, 1, 0
12089, 1, 1, 1, 0, 1, 0
37411, 1, 4, 3, 1, 0, 1
66952, 3, 3, 3, 0, 3, 0
12091, 1, 0, 0, 0, 1, 0
12092, 6, 7, 7, 0, 6, 0
69034, 2, 2, 2, 0, 2, 0
69035, 11, 2, 2, 0, 11, 0
69045, 0, 1, 1, 0, 0, 0
108050, 1, 1, 0, 1, 1, 0
47591, 0, 2, 2, 0, 0, 0
67068, 0, 1, 1, 0, 0, 0
12098, 4, 1, 0, 1, 3, 1
12101, 0, 4, 4, 0, 0, 0
95589, 1, 1, 1, 0, 1, 0
47753, 3, 1, 1, 0, 0, 3
47756, 0, 1, 0, 1, 0, 0
49739, 0, 1, 1, 0, 0, 0
49740, 0, 1, 1, 0, 0, 0
25390, 3, 2, 2, 0, 3, 0
27179, 6, 2, 2, 0, 6, 0
63338, 1, 2, 1, 1, 1, 0
68113, 7, 6, 6, 0, 7, 0
68446, 2, 2, 2, 0, 2, 0
71889, 1, 1, 1, 0, 1, 0
73398, 1, 2, 2, 0, 1, 0
74688, 6, 9, 9, 0, 6, 0
81695, 0, 1, 1, 0, 0, 0
81696, 0, 1, 1, 0, 0, 0
81697, 0, 1, 1, 0, 0, 0
81698, 0, 1, 1, 0, 0, 0
81699, 0, 1, 1, 0, 0, 0
43011, 0, 1, 0, 1, 0, 0
12102, 1, 1, 1, 0, 1, 0
49765, 2, 2, 1, 1, 2, 0
60074, 5, 4, 4, 0, 5, 0
65714, 7, 6, 6, 0, 7, 0
68385, 33, 14, 14, 0, 33, 0
94532, 0, 1, 1, 0, 0, 0
118128, 0, 1, 1, 0, 0, 0
12104, 1, 4, 4, 0, 1, 0
77075, 3, 2, 2, 0, 3, 0
79186, 0, 1, 1, 0, 0, 0
103184, 2, 3, 3, 0, 2, 0
12107, 1, 1, 1, 0, 1, 0
12108, 4, 2, 1, 1, 4, 0
12109, 1, 1, 0, 1, 1, 0
12118, 1, 1, 1, 0, 1, 0
12119, 0, 1, 1, 0, 0, 0
37807, 8, 8, 8, 0, 8, 0
39300, 1, 3, 2, 1, 1, 0
60068, 4, 5, 4, 1, 3, 1
63083, 0, 3, 3, 0, 0, 0
68394, 7, 4, 4, 0, 6, 1
69993, 1, 7, 7, 0, 1, 0
74498, 5, 6, 6, 0, 5, 0
75559, 0, 1, 1, 0, 0, 0
75560, 0, 2, 2, 0, 0, 0
12125, 38, 19, 19, 0, 38, 0
18098, 3, 2, 2, 0, 2, 1
70654, 24, 8, 8, 0, 24, 0
81054, 0, 1, 1, 0, 0, 0
33748, 6, 3, 2, 1, 6, 0
74445, 3, 3, 3, 0, 3, 0
78350, 3, 1, 1, 0, 2, 1
79255, 0, 1, 0, 1, 0, 0
12121, 2, 0, 0, 0, 1, 1
12122, 0, 1, 0, 1, 0, 0
12123, 0, 1, 1, 0, 0, 0
12129, 29, 22, 22, 0, 29, 0
12148, 4, 4, 4, 0, 4, 0
62662, 1, 6, 6, 0, 1, 0
82710, 0, 1, 1, 0, 0, 0
36026, 1, 1, 1, 0, 1, 0
61888, 2, 11, 11, 0, 2, 0
63055, 16, 5, 5, 0, 16, 0
64564, 3, 4, 4, 0, 3, 0
66097, 49, 12, 12, 0, 49, 0
68461, 1, 1, 1, 0, 1, 0
69199, 14, 9, 9, 0, 14, 0
70628, 4, 5, 5, 0, 4, 0
79256, 0, 1, 1, 0, 0, 0
19571, 1, 1, 0, 1, 1, 0
75454, 0, 1, 0, 1, 0, 0
75455, 0, 1, 0, 1, 0, 0
40299, 2, 2, 2, 0, 2, 0
51892, 0, 4, 4, 0, 0, 0
53779, 1, 5, 4, 1, 1, 0
54519, 6, 5, 5, 0, 6, 0
59995, 9, 4, 4, 0, 9, 0
61464, 11, 12, 9, 3, 11, 0
62025, 1, 3, 3, 0, 1, 0
63097, 0, 6, 6, 0, 0, 0
63126, 1, 9, 9, 0, 1, 0
63307, 1, 5, 5, 0, 1, 0
63484, 0, 4, 4, 0, 0, 0
64025, 6, 8, 8, 0, 6, 0
65737, 2, 3, 3, 0, 2, 0
66761, 2, 3, 3, 0, 2, 0
66830, 1, 1, 1, 0, 1, 0
66848, 1, 1, 1, 0, 1, 0
68129, 2, 2, 1, 1, 2, 0
70356, 0, 3, 3, 0, 0, 0
71795, 0, 2, 2, 0, 0, 0
72903, 1, 4, 4, 0, 1, 0
73218, 1, 2, 2, 0, 1, 0
74652, 1, 2, 2, 0, 1, 0
75408, 0, 1, 1, 0, 0, 0
75409, 0, 1, 1, 0, 0, 0
75410, 0, 1, 1, 0, 0, 0
75411, 4, 1, 1, 0, 4, 0
75413, 2, 3, 3, 0, 1, 1
75414, 0, 1, 1, 0, 0, 0
75415, 0, 2, 2, 0, 0, 0
58962, 26, 9, 9, 0, 26, 0
82689, 0, 1, 1, 0, 0, 0
63566, 4, 1, 1, 0, 4, 0
66810, 2, 3, 3, 0, 2, 0
66841, 2, 4, 4, 0, 2, 0
68575, 15, 16, 16, 0, 15, 0
68999, 2, 3, 3, 0, 2, 0
71184, 21, 12, 12, 0, 21, 0
71810, 5, 1, 1, 0, 5, 0
72739, 6, 7, 7, 0, 6, 0
73128, 9, 4, 4, 0, 9, 0
79557, 2, 1, 1, 0, 2, 0
23742, 1, 2, 2, 0, 1, 0
40035, 45, 19, 19, 0, 45, 0
73702, 1, 2, 2, 0, 1, 0
90580, 0, 1, 1, 0, 0, 0
90581, 0, 1, 1, 0, 0, 0
70197, 34, 12, 12, 0, 34, 0
79257, 0, 1, 1, 0, 0, 0
13565, 1, 1, 1, 0, 1, 0
17545, 1, 1, 1, 0, 1, 0
17813, 1, 1, 1, 0, 1, 0
22944, 3, 11, 11, 0, 3, 0
24407, 2, 1, 1, 0, 2, 0
25359, 5, 3, 3, 0, 5, 0
25388, 30, 10, 10, 0, 28, 2
26786, 13, 7, 7, 0, 12, 1
28919, 2, 2, 2, 0, 2, 0
28982, 3, 4, 4, 0, 3, 0
29252, 2, 1, 1, 0, 1, 1
30537, 0, 2, 2, 0, 0, 0
31579, 1, 2, 2, 0, 1, 0
31726, 1, 1, 1, 0, 1, 0
31905, 3, 2, 2, 0, 3, 0
31909, 1, 1, 1, 0, 1, 0
32073, 14, 4, 4, 0, 14, 0
32277, 1, 3, 3, 0, 1, 0
32646, 3, 2, 2, 0, 3, 0
32671, 0, 2, 2, 0, 0, 0
32837, 1, 1, 1, 0, 1, 0
38884, 1, 3, 2, 1, 1, 0
38993, 3, 2, 2, 0, 3, 0
44825, 17, 18, 18, 0, 17, 0
45029, 1, 4, 4, 0, 1, 0
45272, 2, 2, 2, 0, 2, 0
46877, 2, 1, 1, 0, 2, 0
50772, 2, 2, 2, 0, 2, 0
52488, 5, 2, 2, 0, 5, 0
65261, 2, 2, 2, 0, 2, 0
80707, 0, 1, 1, 0, 0, 0
80708, 0, 1, 1, 0, 0, 0
80709, 0, 1, 1, 0, 0, 0
80710, 0, 1, 1, 0, 0, 0
80711, 0, 1, 1, 0, 0, 0
80712, 0, 2, 2, 0, 0, 0
80713, 0, 1, 1, 0, 0, 0
80714, 0, 1, 1, 0, 0, 0
80715, 0, 1, 1, 0, 0, 0
80716, 1, 1, 1, 0, 1, 0
80717, 0, 1, 1, 0, 0, 0
80718, 0, 1, 1, 0, 0, 0
80719, 0, 1, 1, 0, 0, 0
80720, 0, 1, 1, 0, 0, 0
80722, 0, 1, 1, 0, 0, 0
22986, 7, 10, 10, 0, 7, 0
49806, 12, 13, 13, 0, 12, 0
63454, 14, 12, 11, 1, 14, 0
64493, 2, 3, 3, 0, 2, 0
64494, 5, 4, 4, 0, 5, 0
64559, 7, 5, 5, 0, 7, 0
65975, 5, 6, 6, 0, 5, 0
73772, 13, 4, 4, 0, 13, 0
29672, 7, 11, 10, 1, 7, 0
57759, 9, 16, 16, 0, 9, 0
57760, 8, 8, 8, 0, 8, 0
62157, 4, 4, 4, 0, 3, 1
62691, 3, 2, 2, 0, 3, 0
67932, 0, 4, 4, 0, 0, 0
68174, 1, 2, 2, 0, 1, 0
69860, 7, 6, 6, 0, 7, 0
71182, 12, 11, 11, 0, 12, 0
73747, 15, 3, 3, 0, 15, 0
73748, 2, 3, 3, 0, 2, 0
73749, 1, 4, 4, 0, 1, 0
74873, 1, 4, 4, 0, 1, 0
89491, 0, 1, 1, 0, 0, 0
89492, 0, 1, 1, 0, 0, 0
64015, 3, 4, 4, 0, 3, 0
60782, 0, 6, 6, 0, 0, 0
65502, 1, 2, 2, 0, 1, 0
66864, 1, 1, 1, 0, 1, 0
69072, 1, 2, 2, 0, 1, 0
69073, 2, 2, 2, 0, 2, 0
69797, 1, 2, 2, 0, 1, 0
70534, 3, 2, 2, 0, 3, 0
72971, 2, 4, 4, 0, 2, 0
72972, 1, 1, 1, 0, 1, 0
72973, 0, 1, 1, 0, 0, 0
72974, 0, 1, 1, 0, 0, 0
72975, 0, 1, 1, 0, 0, 0
59981, 0, 4, 4, 0, 0, 0
59982, 0, 5, 5, 0, 0, 0
59983, 3, 6, 6, 0, 3, 0
68436, 9, 4, 4, 0, 9, 0
69257, 5, 10, 10, 0, 5, 0
73158, 4, 1, 1, 0, 4, 0
70033, 8, 3, 3, 0, 8, 0
70190, 2, 2, 2, 0, 2, 0
70191, 7, 7, 7, 0, 7, 0
78755, 1, 2, 2, 0, 1, 0
79638, 0, 2, 2, 0, 0, 0
80314, 0, 2, 2, 0, 0, 0
81611, 0, 5, 5, 0, 0, 0
81613, 0, 1, 1, 0, 0, 0
81614, 0, 1, 1, 0, 0, 0
76437, 4, 2, 2, 0, 4, 0
60246, 2, 3, 2, 1, 2, 0
55716, 1, 1, 1, 0, 1, 0
71956, 3, 6, 6, 0, 3, 0
118826, 1, 1, 1, 0, 1, 0
17165, 4, 2, 2, 0, 4, 0
12159, 1, 10, 10, 0, 1, 0
75200, 0, 3, 3, 0, 0, 0
77368, 0, 1, 1, 0, 0, 0
57537, 5, 9, 9, 0, 5, 0
18686, 5, 9, 9, 0, 4, 1
62766, 1, 2, 1, 1, 1, 0
71995, 0, 5, 5, 0, 0, 0
52421, 3, 3, 3, 0, 3, 0
72216, 0, 4, 4, 0, 0, 0
72799, 0, 4, 4, 0, 0, 0
73623, 2, 4, 4, 0, 2, 0
75996, 0, 1, 1, 0, 0, 0
75997, 0, 2, 2, 0, 0, 0
75998, 0, 1, 1, 0, 0, 0
28435, 5, 13, 11, 2, 5, 0
47481, 1, 7, 4, 3, 1, 0
67357, 12, 9, 8, 1, 12, 0
70308, 0, 3, 3, 0, 0, 0
71126, 0, 1, 1, 0, 0, 0
71127, 0, 1, 1, 0, 0, 0
71128, 0, 1, 1, 0, 0, 0
73031, 1, 1, 1, 0, 1, 0
70937, 3, 1, 1, 0, 3, 0
71980, 0, 6, 6, 0, 0, 0
72103, 0, 6, 6, 0, 0, 0
73891, 8, 1, 1, 0, 8, 0
74269, 0, 6, 6, 0, 0, 0
74865, 1, 5, 5, 0, 1, 0
75072, 0, 1, 1, 0, 0, 0
30693, 1, 3, 2, 1, 1, 0
12283, 2, 8, 8, 0, 2, 0
12558, 29, 9, 8, 1, 29, 0
14069, 13, 6, 6, 0, 11, 2
15256, 11, 12, 12, 0, 11, 0
17443, 6, 9, 9, 0, 6, 0
18975, 1, 8, 8, 0, 1, 0
19281, 3, 13, 10, 3, 2, 1
23730, 6, 9, 9, 0, 6, 0
23869, 12, 10, 9, 1, 12, 0
23947, 0, 4, 3, 1, 0, 0
24297, 6, 3, 2, 1, 6, 0
24889, 1, 4, 4, 0, 1, 0
25625, 5, 9, 9, 0, 4, 1
25656, 6, 11, 11, 0, 6, 0
25702, 11, 15, 13, 2, 11, 0
26049, 6, 12, 11, 1, 6, 0
28386, 5, 10, 10, 0, 5, 0
29018, 1, 4, 4, 0, 1, 0
29263, 31, 14, 13, 1, 31, 0
30441, 4, 7, 7, 0, 4, 0
30864, 1, 7, 6, 1, 1, 0
31983, 4, 7, 6, 1, 3, 1
32242, 4, 6, 6, 0, 4, 0
32407, 0, 5, 5, 0, 0, 0
32448, 5, 19, 16, 3, 5, 0
33857, 9, 7, 7, 0, 9, 0
34104, 3, 6, 6, 0, 3, 0
34106, 0, 5, 5, 0, 0, 0
35469, 3, 4, 4, 0, 3, 0
35643, 5, 6, 6, 0, 5, 0
35825, 25, 22, 21, 1, 25, 0
36083, 2, 14, 11, 3, 2, 0
36598, 1, 5, 5, 0, 1, 0
37466, 3, 6, 6, 0, 3, 0
38126, 0, 4, 4, 0, 0, 0
39304, 5, 7, 7, 0, 5, 0
40095, 13, 17, 17, 0, 7, 6
41249, 14, 6, 6, 0, 14, 0
42756, 4, 6, 6, 0, 4, 0
42770, 1, 12, 12, 0, 1, 0
43307, 0, 3, 2, 1, 0, 0
43667, 1, 7, 7, 0, 1, 0
43744, 3, 11, 11, 0, 3, 0
44136, 1, 6, 5, 1, 1, 0
44396, 5, 8, 8, 0, 5, 0
44567, 33, 14, 14, 0, 33, 0
45435, 8, 8, 8, 0, 8, 0
45660, 3, 4, 4, 0, 3, 0
46140, 1, 4, 3, 1, 1, 0
46755, 18, 19, 18, 1, 18, 0
48035, 7, 5, 5, 0, 7, 0
48983, 6, 7, 7, 0, 6, 0
49394, 8, 5, 5, 0, 8, 0
50669, 0, 4, 3, 1, 0, 0
51094, 1, 10, 10, 0, 1, 0
51863, 31, 15, 15, 0, 31, 0
51982, 2, 12, 11, 1, 2, 0
52869, 4, 4, 4, 0, 4, 0
52870, 3, 7, 7, 0, 3, 0
53158, 2, 4, 3, 1, 2, 0
54661, 1, 12, 11, 1, 1, 0
55217, 0, 7, 6, 1, 0, 0
55306, 1, 6, 6, 0, 1, 0
55499, 5, 7, 7, 0, 4, 1
55502, 1, 5, 5, 0, 1, 0
56383, 17, 7, 7, 0, 17, 0
56933, 9, 4, 4, 0, 9, 0
57498, 40, 7, 7, 0, 40, 0
57503, 3, 7, 7, 0, 3, 0
57980, 6, 7, 7, 0, 6, 0
58002, 3, 7, 7, 0, 3, 0
58268, 14, 9, 9, 0, 14, 0
58306, 3, 5, 5, 0, 3, 0
58363, 22, 18, 17, 1, 22, 0
58444, 8, 15, 15, 0, 8, 0
58466, 2, 5, 5, 0, 2, 0
58696, 2, 5, 5, 0, 2, 0
59096, 1, 4, 3, 1, 1, 0
59268, 1, 5, 5, 0, 1, 0
59481, 9, 7, 7, 0, 9, 0
59890, 7, 6, 6, 0, 7, 0
59921, 2, 4, 4, 0, 2, 0
60709, 27, 12, 11, 1, 27, 0
61336, 4, 5, 5, 0, 4, 0
61610, 5, 9, 9, 0, 4, 1
61744, 5, 4, 4, 0, 5, 0
61774, 40, 8, 7, 1, 40, 0
61806, 4, 6, 6, 0, 4, 0
61969, 6, 11, 11, 0, 6, 0
62147, 1, 6, 4, 2, 1, 0
62444, 1, 9, 9, 0, 1, 0
62842, 4, 5, 5, 0, 4, 0
62850, 5, 5, 5, 0, 5, 0
62882, 9, 11, 11, 0, 9, 0
62967, 12, 7, 6, 1, 12, 0
63519, 18, 7, 7, 0, 18, 0
63619, 25, 11, 11, 0, 25, 0
64116, 2, 7, 6, 1, 2, 0
64209, 0, 6, 6, 0, 0, 0
64655, 15, 6, 6, 0, 12, 3
65479, 0, 4, 4, 0, 0, 0
65745, 4, 6, 6, 0, 4, 0
65834, 0, 4, 4, 0, 0, 0
66030, 11, 8, 6, 2, 11, 0
66324, 12, 7, 7, 0, 12, 0
66539, 5, 4, 4, 0, 5, 0
67165, 1, 5, 5, 0, 1, 0
67228, 5, 7, 7, 0, 5, 0
67663, 4, 4, 4, 0, 4, 0
68386, 1, 4, 4, 0, 1, 0
68672, 0, 6, 6, 0, 0, 0
69047, 3, 5, 5, 0, 3, 0
69285, 13, 7, 7, 0, 11, 2
69286, 10, 11, 11, 0, 8, 2
70240, 0, 4, 4, 0, 0, 0
70283, 0, 4, 4, 0, 0, 0
70573, 9, 5, 5, 0, 9, 0
70839, 7, 7, 7, 0, 7, 0
70930, 1, 3, 3, 0, 1, 0
71486, 0, 3, 3, 0, 0, 0
71543, 2, 5, 5, 0, 2, 0
71843, 2, 6, 6, 0, 2, 0
71940, 1, 9, 9, 0, 1, 0
71943, 2, 9, 9, 0, 2, 0
71945, 1, 5, 5, 0, 1, 0
71947, 5, 11, 11, 0, 5, 0
71948, 1, 3, 3, 0, 1, 0
71949, 1, 4, 4, 0, 1, 0
71950, 0, 4, 4, 0, 0, 0
71951, 1, 5, 5, 0, 1, 0
71952, 1, 4, 4, 0, 1, 0
71953, 1, 5, 5, 0, 1, 0
71955, 4, 5, 5, 0, 4, 0
71957, 1, 7, 7, 0, 1, 0
71958, 1, 5, 5, 0, 1, 0
71959, 3, 7, 7, 0, 3, 0
71960, 12, 7, 7, 0, 12, 0
71961, 2, 4, 4, 0, 1, 1
71962, 5, 3, 3, 0, 5, 0
71963, 1, 4, 4, 0, 1, 0
71964, 4, 6, 6, 0, 4, 0
71965, 1, 4, 4, 0, 1, 0
71966, 5, 6, 6, 0, 5, 0
71967, 1, 4, 4, 0, 1, 0
71968, 2, 3, 3, 0, 2, 0
71969, 6, 3, 3, 0, 6, 0
71972, 0, 4, 4, 0, 0, 0
71974, 1, 4, 4, 0, 1, 0
71975, 2, 3, 3, 0, 2, 0
71976, 3, 7, 7, 0, 3, 0
71978, 1, 3, 3, 0, 1, 0
71979, 1, 4, 4, 0, 1, 0
71981, 3, 4, 4, 0, 3, 0
71984, 1, 3, 3, 0, 1, 0
71985, 9, 4, 4, 0, 8, 1
71986, 13, 7, 7, 0, 13, 0
71988, 3, 5, 5, 0, 3, 0
71989, 2, 3, 3, 0, 2, 0
71991, 3, 4, 4, 0, 3, 0
71992, 4, 7, 7, 0, 4, 0
71993, 2, 7, 7, 0, 2, 0
71997, 0, 3, 3, 0, 0, 0
71998, 1, 3, 3, 0, 1, 0
71999, 1, 3, 3, 0, 1, 0
72001, 1, 3, 3, 0, 1, 0
72002, 3, 3, 3, 0, 3, 0
72003, 1, 3, 3, 0, 1, 0
72004, 5, 13, 13, 0, 5, 0
72005, 1, 3, 3, 0, 1, 0
72006, 0, 3, 3, 0, 0, 0
72007, 4, 6, 6, 0, 4, 0
72008, 2, 3, 3, 0, 2, 0
72009, 9, 5, 5, 0, 9, 0
72010, 4, 4, 4, 0, 4, 0
72011, 2, 5, 5, 0, 2, 0
72012, 2, 3, 3, 0, 2, 0
72013, 1, 6, 6, 0, 1, 0
72014, 1, 3, 3, 0, 1, 0
72015, 1, 4, 4, 0, 1, 0
72017, 1, 4, 4, 0, 1, 0
72021, 1, 4, 4, 0, 1, 0
72023, 1, 3, 3, 0, 1, 0
72026, 2, 4, 4, 0, 2, 0
72027, 4, 4, 4, 0, 4, 0
72028, 2, 3, 3, 0, 2, 0
72029, 1, 3, 3, 0, 1, 0
72031, 10, 5, 5, 0, 10, 0
72035, 1, 3, 3, 0, 1, 0
72036, 1, 3, 3, 0, 1, 0
72037, 1, 3, 3, 0, 1, 0
72038, 2, 3, 3, 0, 2, 0
72039, 2, 4, 4, 0, 2, 0
72040, 1, 5, 5, 0, 1, 0
72043, 1, 4, 4, 0, 1, 0
72045, 1, 3, 3, 0, 1, 0
72047, 1, 3, 3, 0, 1, 0
72048, 3, 3, 3, 0, 3, 0
72049, 1, 3, 3, 0, 1, 0
72052, 1, 3, 3, 0, 1, 0
72053, 1, 4, 4, 0, 1, 0
72056, 4, 8, 8, 0, 4, 0
72057, 1, 3, 3, 0, 1, 0
72058, 14, 5, 5, 0, 14, 0
72059, 2, 3, 3, 0, 2, 0
72062, 15, 7, 7, 0, 15, 0
72063, 1, 3, 3, 0, 1, 0
72064, 6, 5, 5, 0, 6, 0
72065, 11, 9, 9, 0, 11, 0
72067, 5, 5, 5, 0, 5, 0
72068, 2, 5, 5, 0, 2, 0
72069, 5, 4, 4, 0, 5, 0
72071, 1, 3, 3, 0, 1, 0
72073, 2, 4, 4, 0, 2, 0
72074, 1, 3, 3, 0, 1, 0
72075, 0, 4, 4, 0, 0, 0
72076, 1, 3, 3, 0, 1, 0
72077, 6, 5, 5, 0, 6, 0
72078, 2, 3, 3, 0, 2, 0
72079, 3, 5, 5, 0, 3, 0
72084, 4, 3, 3, 0, 4, 0
72085, 0, 5, 5, 0, 0, 0
72086, 1, 3, 3, 0, 1, 0
72087, 5, 5, 5, 0, 5, 0
72090, 6, 3, 3, 0, 6, 0
72091, 1, 3, 3, 0, 1, 0
72092, 1, 3, 3, 0, 1, 0
72093, 1, 3, 3, 0, 1, 0
72094, 1, 5, 5, 0, 1, 0
72095, 2, 5, 5, 0, 2, 0
72096, 4, 3, 3, 0, 4, 0
72098, 3, 3, 3, 0, 3, 0
72099, 5, 3, 3, 0, 5, 0
72100, 1, 4, 4, 0, 1, 0
72101, 7, 4, 4, 0, 7, 0
72102, 5, 4, 4, 0, 5, 0
72104, 6, 3, 3, 0, 6, 0
72105, 8, 5, 5, 0, 8, 0
72106, 1, 7, 7, 0, 1, 0
72107, 4, 5, 5, 0, 4, 0
72108, 5, 4, 4, 0, 5, 0
72109, 1, 4, 4, 0, 1, 0
72112, 2, 4, 4, 0, 2, 0
72113, 6, 4, 4, 0, 6, 0
72114, 1, 3, 3, 0, 1, 0
72115, 1, 3, 3, 0, 1, 0
72116, 1, 3, 3, 0, 1, 0
72117, 5, 9, 9, 0, 5, 0
72118, 2, 3, 3, 0, 2, 0
72120, 1, 4, 4, 0, 1, 0
72121, 5, 4, 4, 0, 5, 0
72122, 4, 6, 6, 0, 3, 1
72124, 1, 3, 3, 0, 1, 0
72125, 2, 5, 5, 0, 2, 0
72126, 1, 3, 3, 0, 1, 0
72127, 1, 3, 3, 0, 1, 0
72130, 4, 5, 5, 0, 4, 0
72132, 1, 4, 4, 0, 1, 0
72133, 10, 7, 7, 0, 10, 0
72134, 1, 3, 3, 0, 1, 0
72135, 0, 4, 4, 0, 0, 0
72136, 1, 3, 3, 0, 1, 0
72137, 1, 4, 4, 0, 1, 0
72139, 3, 3, 3, 0, 3, 0
72141, 4, 3, 3, 0, 4, 0
72142, 2, 3, 3, 0, 2, 0
72143, 0, 4, 4, 0, 0, 0
72144, 1, 4, 4, 0, 1, 0
72145, 1, 4, 4, 0, 1, 0
72146, 1, 5, 5, 0, 1, 0
72148, 1, 3, 3, 0, 1, 0
72149, 1, 5, 5, 0, 1, 0
72150, 7, 4, 4, 0, 7, 0
72152, 2, 3, 3, 0, 2, 0
72153, 1, 4, 4, 0, 1, 0
72154, 5, 5, 5, 0, 5, 0
72155, 1, 3, 3, 0, 1, 0
72156, 3, 4, 4, 0, 3, 0
72157, 1, 5, 5, 0, 1, 0
72158, 1, 3, 3, 0, 1, 0
72160, 2, 4, 4, 0, 2, 0
72161, 15, 6, 6, 0, 15, 0
72163, 1, 5, 5, 0, 1, 0
72166, 15, 7, 7, 0, 15, 0
72167, 10, 4, 4, 0, 10, 0
72168, 1, 3, 3, 0, 1, 0
72170, 1, 3, 3, 0, 1, 0
72171, 4, 6, 6, 0, 4, 0
72172, 0, 5, 5, 0, 0, 0
72174, 1, 6, 6, 0, 1, 0
72175, 6, 3, 3, 0, 6, 0
72176, 3, 4, 4, 0, 3, 0
72177, 6, 4, 4, 0, 6, 0
72178, 1, 4, 4, 0, 1, 0
72179, 7, 7, 7, 0, 7, 0
72180, 1, 4, 4, 0, 1, 0
72181, 1, 3, 3, 0, 1, 0
72182, 2, 3, 3, 0, 2, 0
72183, 2, 3, 3, 0, 2, 0
72184, 1, 3, 3, 0, 1, 0
72186, 1, 4, 4, 0, 1, 0
72187, 13, 7, 7, 0, 13, 0
72188, 1, 3, 3, 0, 1, 0
72189, 6, 3, 3, 0, 6, 0
72190, 1, 5, 5, 0, 1, 0
72191, 1, 3, 3, 0, 1, 0
72192, 9, 7, 7, 0, 9, 0
72193, 1, 4, 4, 0, 1, 0
72194, 4, 3, 3, 0, 4, 0
72195, 2, 3, 3, 0, 2, 0
72196, 4, 3, 3, 0, 4, 0
72197, 1, 3, 3, 0, 1, 0
72199, 4, 3, 3, 0, 4, 0
72200, 1, 3, 3, 0, 1, 0
72201, 3, 4, 4, 0, 3, 0
72202, 3, 3, 3, 0, 3, 0
72203, 5, 3, 3, 0, 5, 0
72204, 1, 3, 3, 0, 1, 0
72205, 1, 3, 3, 0, 1, 0
72206, 0, 4, 4, 0, 0, 0
72207, 2, 3, 3, 0, 2, 0
72208, 4, 5, 5, 0, 4, 0
72209, 2, 3, 3, 0, 2, 0
72210, 2, 4, 4, 0, 2, 0
72211, 2, 3, 3, 0, 2, 0
72212, 1, 3, 3, 0, 1, 0
72213, 0, 3, 3, 0, 0, 0
72214, 4, 4, 4, 0, 4, 0
72215, 2, 4, 4, 0, 2, 0
72217, 4, 4, 4, 0, 4, 0
72218, 3, 4, 4, 0, 3, 0
72220, 1, 3, 3, 0, 1, 0
72221, 6, 16, 16, 0, 5, 1
72222, 5, 8, 8, 0, 5, 0
72223, 7, 4, 3, 1, 7, 0
72225, 0, 4, 4, 0, 0, 0
72226, 6, 8, 8, 0, 6, 0
72227, 2, 4, 4, 0, 2, 0
72229, 3, 3, 3, 0, 3, 0
72231, 1, 3, 3, 0, 1, 0
72233, 2, 4, 3, 1, 2, 0
72236, 4, 3, 3, 0, 4, 0
72237, 3, 3, 3, 0, 3, 0
72238, 5, 3, 3, 0, 5, 0
72240, 0, 3, 3, 0, 0, 0
72241, 0, 3, 3, 0, 0, 0
72242, 1, 4, 4, 0, 1, 0
72243, 2, 3, 3, 0, 2, 0
72244, 4, 6, 6, 0, 4, 0
72246, 11, 6, 6, 0, 11, 0
72247, 1, 3, 3, 0, 1, 0
72248, 5, 9, 9, 0, 5, 0
72249, 5, 4, 4, 0, 5, 0
72250, 6, 3, 3, 0, 6, 0
72251, 1, 3, 3, 0, 1, 0
72252, 1, 3, 3, 0, 1, 0
72253, 1, 3, 3, 0, 1, 0
72254, 2, 3, 3, 0, 2, 0
72255, 3, 4, 4, 0, 3, 0
72256, 3, 4, 4, 0, 3, 0
72259, 1, 3, 3, 0, 1, 0
72260, 1, 7, 7, 0, 1, 0
72261, 1, 3, 3, 0, 1, 0
72262, 5, 3, 3, 0, 5, 0
72263, 1, 3, 3, 0, 1, 0
72264, 1, 5, 5, 0, 1, 0
72265, 3, 3, 3, 0, 3, 0
72266, 2, 3, 3, 0, 2, 0
72267, 1, 5, 5, 0, 1, 0
72268, 4, 6, 6, 0, 4, 0
72269, 9, 4, 4, 0, 9, 0
72270, 1, 3, 3, 0, 1, 0
72271, 2, 4, 4, 0, 2, 0
72273, 6, 3, 3, 0, 6, 0
72274, 5, 5, 5, 0, 5, 0
72275, 4, 4, 4, 0, 4, 0
72277, 2, 4, 4, 0, 2, 0
72278, 17, 9, 8, 1, 17, 0
72279, 5, 3, 3, 0, 5, 0
72280, 2, 3, 3, 0, 2, 0
72282, 2, 3, 3, 0, 2, 0
72283, 7, 3, 3, 0, 7, 0
72284, 9, 5, 5, 0, 8, 1
72285, 1, 3, 3, 0, 1, 0
72287, 4, 5, 5, 0, 4, 0
72288, 1, 4, 4, 0, 1, 0
72290, 2, 3, 3, 0, 2, 0
72292, 3, 5, 5, 0, 3, 0
72293, 1, 3, 3, 0, 1, 0
72294, 1, 3, 3, 0, 1, 0
72296, 1, 4, 3, 1, 1, 0
72297, 3, 3, 3, 0, 3, 0
72301, 2, 3, 3, 0, 2, 0
72302, 1, 3, 3, 0, 1, 0
72303, 3, 3, 3, 0, 3, 0
72304, 5, 4, 4, 0, 5, 0
72305, 3, 3, 3, 0, 3, 0
72308, 1, 4, 4, 0, 1, 0
72309, 0, 4, 4, 0, 0, 0
72310, 5, 3, 3, 0, 5, 0
72311, 5, 4, 4, 0, 5, 0
72313, 7, 4, 4, 0, 7, 0
72314, 4, 3, 3, 0, 4, 0
72315, 1, 3, 3, 0, 1, 0
72316, 3, 3, 3, 0, 3, 0
72318, 6, 6, 6, 0, 5, 1
72319, 3, 5, 5, 0, 3, 0
72321, 3, 5, 5, 0, 3, 0
72322, 3, 3, 3, 0, 3, 0
72323, 3, 3, 3, 0, 3, 0
72324, 1, 3, 3, 0, 1, 0
72326, 4, 5, 5, 0, 4, 0
72327, 2, 3, 3, 0, 2, 0
72328, 4, 4, 4, 0, 4, 0
72329, 5, 3, 3, 0, 5, 0
72330, 1, 3, 3, 0, 1, 0
72331, 3, 3, 3, 0, 3, 0
72332, 8, 3, 3, 0, 8, 0
72333, 1, 3, 3, 0, 1, 0
72334, 2, 3, 3, 0, 2, 0
72335, 4, 4, 4, 0, 4, 0
72336, 1, 3, 3, 0, 1, 0
72337, 11, 11, 11, 0, 11, 0
72338, 0, 3, 3, 0, 0, 0
72340, 1, 5, 5, 0, 1, 0
72341, 0, 3, 3, 0, 0, 0
72343, 0, 3, 3, 0, 0, 0
72344, 0, 5, 5, 0, 0, 0
72345, 0, 7, 7, 0, 0, 0
72347, 1, 3, 3, 0, 1, 0
72348, 0, 3, 3, 0, 0, 0
72350, 0, 3, 3, 0, 0, 0
72352, 0, 3, 3, 0, 0, 0
72354, 7, 4, 4, 0, 7, 0
72356, 0, 3, 3, 0, 0, 0
72357, 2, 3, 3, 0, 2, 0
72358, 1, 4, 4, 0, 1, 0
72359, 0, 3, 3, 0, 0, 0
72360, 0, 3, 3, 0, 0, 0
72361, 0, 5, 4, 1, 0, 0
72362, 0, 3, 3, 0, 0, 0
72363, 0, 3, 3, 0, 0, 0
72365, 0, 3, 3, 0, 0, 0
72366, 0, 3, 3, 0, 0, 0
72368, 0, 4, 4, 0, 0, 0
72369, 0, 3, 3, 0, 0, 0
72370, 0, 3, 3, 0, 0, 0
72371, 0, 3, 3, 0, 0, 0
72372, 2, 4, 4, 0, 1, 1
72373, 1, 4, 4, 0, 1, 0
72374, 0, 3, 3, 0, 0, 0
72375, 0, 3, 3, 0, 0, 0
72376, 0, 3, 3, 0, 0, 0
72377, 0, 3, 3, 0, 0, 0
72378, 5, 6, 6, 0, 5, 0
72379, 1, 3, 3, 0, 1, 0
72381, 0, 3, 3, 0, 0, 0
72382, 0, 3, 3, 0, 0, 0
72383, 0, 3, 3, 0, 0, 0
72384, 0, 4, 4, 0, 0, 0
72385, 0, 3, 3, 0, 0, 0
72386, 0, 3, 3, 0, 0, 0
72387, 0, 3, 3, 0, 0, 0
72388, 0, 3, 3, 0, 0, 0
72389, 0, 3, 3, 0, 0, 0
72390, 0, 3, 3, 0, 0, 0
72391, 0, 3, 3, 0, 0, 0
72392, 0, 3, 3, 0, 0, 0
72393, 0, 3, 3, 0, 0, 0
72395, 0, 3, 3, 0, 0, 0
72396, 8, 7, 6, 1, 7, 1
72398, 0, 3, 3, 0, 0, 0
72399, 0, 3, 3, 0, 0, 0
72400, 0, 3, 3, 0, 0, 0
72401, 0, 3, 3, 0, 0, 0
72402, 6, 8, 8, 0, 6, 0
72403, 0, 3, 3, 0, 0, 0
72404, 0, 3, 3, 0, 0, 0
72405, 3, 4, 4, 0, 2, 1
72406, 0, 3, 3, 0, 0, 0
72407, 0, 3, 3, 0, 0, 0
72408, 0, 3, 3, 0, 0, 0
72409, 2, 4, 4, 0, 2, 0
72410, 0, 3, 3, 0, 0, 0
72411, 3, 3, 3, 0, 3, 0
72412, 0, 3, 3, 0, 0, 0
72413, 0, 3, 3, 0, 0, 0
72414, 1, 7, 7, 0, 1, 0
72415, 11, 5, 5, 0, 4, 7
72416, 0, 3, 3, 0, 0, 0
72417, 0, 3, 3, 0, 0, 0
72418, 0, 3, 3, 0, 0, 0
72419, 2, 5, 5, 0, 2, 0
72421, 1, 3, 3, 0, 1, 0
72422, 1, 3, 3, 0, 1, 0
72423, 5, 3, 3, 0, 5, 0
72424, 0, 3, 3, 0, 0, 0
72425, 0, 3, 3, 0, 0, 0
72427, 2, 3, 3, 0, 2, 0
72428, 0, 3, 3, 0, 0, 0
72429, 0, 3, 3, 0, 0, 0
72430, 2, 4, 4, 0, 2, 0
72431, 5, 3, 3, 0, 5, 0
72432, 27, 4, 4, 0, 25, 2
72433, 2, 4, 4, 0, 2, 0
72434, 4, 4, 4, 0, 4, 0
72435, 0, 3, 3, 0, 0, 0
72436, 0, 3, 3, 0, 0, 0
72438, 0, 3, 3, 0, 0, 0
72439, 6, 5, 5, 0, 6, 0
72440, 3, 4, 4, 0, 3, 0
72441, 5, 5, 5, 0, 5, 0
72442, 0, 3, 3, 0, 0, 0
72443, 3, 7, 7, 0, 3, 0
72444, 0, 3, 3, 0, 0, 0
72445, 1, 3, 3, 0, 1, 0
72446, 7, 6, 5, 1, 7, 0
72448, 1, 3, 3, 0, 1, 0
72449, 0, 3, 3, 0, 0, 0
72450, 0, 3, 3, 0, 0, 0
72451, 0, 3, 3, 0, 0, 0
72452, 0, 4, 4, 0, 0, 0
72453, 1, 4, 4, 0, 1, 0
72454, 0, 3, 3, 0, 0, 0
72455, 0, 3, 3, 0, 0, 0
72458, 0, 3, 3, 0, 0, 0
72460, 0, 4, 4, 0, 0, 0
72461, 0, 3, 3, 0, 0, 0
72462, 0, 4, 4, 0, 0, 0
72463, 0, 3, 3, 0, 0, 0
72466, 0, 3, 3, 0, 0, 0
72467, 0, 3, 3, 0, 0, 0
72468, 1, 4, 4, 0, 1, 0
72469, 0, 3, 3, 0, 0, 0
72470, 0, 3, 3, 0, 0, 0
72471, 0, 3, 3, 0, 0, 0
72472, 1, 5, 5, 0, 1, 0
72473, 0, 4, 4, 0, 0, 0
72474, 2, 3, 3, 0, 2, 0
72475, 0, 4, 4, 0, 0, 0
72476, 1, 4, 4, 0, 1, 0
72477, 0, 3, 3, 0, 0, 0
72479, 0, 3, 3, 0, 0, 0
72480, 1, 3, 3, 0, 1, 0
72481, 18, 12, 12, 0, 18, 0
72482, 0, 3, 3, 0, 0, 0
72483, 1, 4, 3, 1, 1, 0
72484, 1, 3, 3, 0, 1, 0
72485, 0, 5, 5, 0, 0, 0
72486, 0, 3, 3, 0, 0, 0
72487, 0, 3, 3, 0, 0, 0
72489, 0, 3, 3, 0, 0, 0
72490, 0, 3, 3, 0, 0, 0
72493, 0, 3, 3, 0, 0, 0
72494, 1, 3, 3, 0, 1, 0
72495, 0, 3, 3, 0, 0, 0
72496, 0, 4, 4, 0, 0, 0
72497, 0, 3, 3, 0, 0, 0
72498, 0, 5, 4, 1, 0, 0
72499, 2, 3, 3, 0, 2, 0
72500, 0, 3, 3, 0, 0, 0
72501, 0, 3, 3, 0, 0, 0
72502, 0, 3, 3, 0, 0, 0
72503, 5, 5, 5, 0, 5, 0
72504, 0, 3, 3, 0, 0, 0
72505, 2, 5, 5, 0, 2, 0
72506, 0, 4, 4, 0, 0, 0
72507, 0, 3, 3, 0, 0, 0
72509, 4, 5, 5, 0, 4, 0
72511, 0, 3, 3, 0, 0, 0
72513, 0, 3, 3, 0, 0, 0
72515, 0, 3, 3, 0, 0, 0
72516, 0, 3, 3, 0, 0, 0
72517, 0, 3, 3, 0, 0, 0
72518, 2, 4, 4, 0, 2, 0
72519, 0, 3, 3, 0, 0, 0
72520, 0, 3, 3, 0, 0, 0
72522, 0, 5, 5, 0, 0, 0
72523, 2, 3, 3, 0, 2, 0
72525, 0, 3, 3, 0, 0, 0
72526, 7, 4, 4, 0, 7, 0
72527, 0, 3, 3, 0, 0, 0
72529, 0, 5, 3, 2, 0, 0
72530, 0, 3, 3, 0, 0, 0
72531, 1, 3, 3, 0, 1, 0
72532, 0, 4, 4, 0, 0, 0
72534, 0, 3, 3, 0, 0, 0
72535, 0, 3, 3, 0, 0, 0
72537, 0, 5, 5, 0, 0, 0
72538, 1, 4, 4, 0, 1, 0
72539, 0, 4, 4, 0, 0, 0
72540, 0, 3, 3, 0, 0, 0
72541, 1, 3, 3, 0, 1, 0
72542, 3, 4, 4, 0, 3, 0
72543, 0, 4, 4, 0, 0, 0
72544, 2, 3, 3, 0, 2, 0
72545, 0, 3, 3, 0, 0, 0
72546, 0, 3, 3, 0, 0, 0
72547, 0, 3, 3, 0, 0, 0
72550, 0, 3, 3, 0, 0, 0
72552, 1, 3, 3, 0, 1, 0
72554, 0, 2, 2, 0, 0, 0
72555, 0, 2, 2, 0, 0, 0
72556, 0, 2, 2, 0, 0, 0
72557, 18, 13, 13, 0, 18, 0
72558, 0, 3, 3, 0, 0, 0
72559, 1, 2, 2, 0, 1, 0
72560, 0, 2, 2, 0, 0, 0
72561, 0, 2, 2, 0, 0, 0
72562, 1, 5, 4, 1, 1, 0
72563, 0, 2, 2, 0, 0, 0
72564, 3, 2, 2, 0, 3, 0
72566, 1, 3, 3, 0, 1, 0
72567, 0, 2, 2, 0, 0, 0
72569, 1, 2, 2, 0, 1, 0
72570, 0, 2, 2, 0, 0, 0
72571, 0, 2, 2, 0, 0, 0
72574, 1, 2, 2, 0, 1, 0
72575, 1, 3, 3, 0, 1, 0
72576, 1, 2, 2, 0, 1, 0
72577, 0, 2, 2, 0, 0, 0
72578, 0, 2, 2, 0, 0, 0
72579, 3, 2, 2, 0, 3, 0
72580, 1, 3, 3, 0, 1, 0
72582, 5, 2, 2, 0, 5, 0
72583, 1, 3, 3, 0, 1, 0
72584, 0, 3, 3, 0, 0, 0
72585, 0, 2, 2, 0, 0, 0
72586, 0, 3, 3, 0, 0, 0
72587, 2, 3, 2, 1, 2, 0
72588, 2, 2, 2, 0, 2, 0
72589, 2, 3, 3, 0, 2, 0
72592, 1, 2, 2, 0, 1, 0
72593, 0, 2, 2, 0, 0, 0
72595, 3, 3, 3, 0, 3, 0
72596, 0, 2, 2, 0, 0, 0
72597, 0, 2, 2, 0, 0, 0
72598, 0, 2, 2, 0, 0, 0
72599, 1, 4, 4, 0, 1, 0
72601, 0, 2, 2, 0, 0, 0
72602, 1, 2, 2, 0, 1, 0
72604, 2, 3, 3, 0, 1, 1
72605, 0, 2, 2, 0, 0, 0
72606, 0, 2, 2, 0, 0, 0
72607, 0, 2, 2, 0, 0, 0
72608, 0, 2, 2, 0, 0, 0
72610, 2, 2, 2, 0, 2, 0
72611, 0, 3, 3, 0, 0, 0
72612, 1, 3, 3, 0, 1, 0
72613, 3, 2, 2, 0, 3, 0
72615, 0, 2, 2, 0, 0, 0
72616, 0, 2, 2, 0, 0, 0
72617, 0, 4, 4, 0, 0, 0
72618, 0, 2, 2, 0, 0, 0
72619, 7, 5, 5, 0, 7, 0
72620, 0, 2, 2, 0, 0, 0
72621, 2, 2, 2, 0, 2, 0
72622, 1, 2, 2, 0, 1, 0
72623, 1, 2, 2, 0, 1, 0
72625, 1, 2, 2, 0, 1, 0
72626, 7, 2, 2, 0, 7, 0
72627, 1, 4, 4, 0, 1, 0
72628, 4, 2, 2, 0, 4, 0
72629, 0, 4, 4, 0, 0, 0
72630, 3, 9, 9, 0, 3, 0
72631, 1, 4, 4, 0, 1, 0
72632, 0, 4, 4, 0, 0, 0
72633, 5, 2, 2, 0, 5, 0
72634, 0, 7, 7, 0, 0, 0
23131, 8, 8, 8, 0, 8, 0
25240, 0, 4, 4, 0, 0, 0
44222, 0, 6, 6, 0, 0, 0
45700, 5, 8, 8, 0, 5, 0
46952, 0, 5, 4, 1, 0, 0
61487, 2, 7, 6, 1, 1, 1
62290, 1, 2, 2, 0, 1, 0
65492, 1, 2, 2, 0, 1, 0
69252, 5, 2, 2, 0, 5, 0
70480, 2, 1, 1, 0, 2, 0
71400, 2, 5, 5, 0, 2, 0
73659, 6, 1, 1, 0, 6, 0
74876, 1, 7, 7, 0, 1, 0
74877, 17, 6, 6, 0, 17, 0
74879, 1, 2, 2, 0, 1, 0
74881, 8, 6, 6, 0, 8, 0
74882, 6, 5, 4, 1, 4, 2
74884, 0, 1, 1, 0, 0, 0
74885, 9, 2, 2, 0, 9, 0
12170, 4, 2, 2, 0, 4, 0
12174, 0, 1, 1, 0, 0, 0
66598, 1, 1, 1, 0, 1, 0
12175, 1, 1, 1, 0, 1, 0
12176, 2, 0, 0, 0, 2, 0
51170, 2, 3, 3, 0, 2, 0
62537, 27, 10, 9, 1, 22, 5
88593, 0, 1, 0, 1, 0, 0
88594, 0, 1, 0, 1, 0, 0
88595, 0, 1, 0, 1, 0, 0
33651, 16, 5, 5, 0, 16, 0
35819, 4, 2, 2, 0, 4, 0
47477, 3, 3, 3, 0, 3, 0
59113, 16, 5, 5, 0, 16, 0
68706, 11, 9, 9, 0, 11, 0
79687, 0, 1, 1, 0, 0, 0
79688, 0, 1, 1, 0, 0, 0
13531, 1, 3, 2, 1, 1, 0
34592, 18, 7, 5, 2, 13, 5
42438, 1, 1, 1, 0, 1, 0
48077, 7, 1, 1, 0, 7, 0
48284, 2, 1, 1, 0, 2, 0
16466, 5, 5, 4, 1, 5, 0
41699, 3, 3, 3, 0, 3, 0
43696, 5, 1, 1, 0, 4, 1
47033, 5, 1, 1, 0, 5, 0
52466, 3, 1, 1, 0, 2, 1
56663, 6, 4, 4, 0, 6, 0
70756, 0, 2, 2, 0, 0, 0
83758, 0, 2, 2, 0, 0, 0
83759, 0, 1, 0, 1, 0, 0
106693, 1, 2, 2, 0, 1, 0
45223, 1, 2, 2, 0, 1, 0
53610, 4, 3, 3, 0, 4, 0
16477, 0, 2, 2, 0, 0, 0
35823, 3, 3, 3, 0, 3, 0
47559, 1, 3, 3, 0, 1, 0
56683, 6, 2, 1, 1, 1, 5
65478, 0, 6, 6, 0, 0, 0
83756, 2, 1, 1, 0, 2, 0
39411, 0, 2, 1, 1, 0, 0
12204, 1, 2, 0, 2, 1, 0
12205, 11, 4, 4, 0, 11, 0
12206, 1, 1, 1, 0, 1, 0
12207, 4, 5, 5, 0, 4, 0
64873, 0, 2, 2, 0, 0, 0
71187, 1, 1, 1, 0, 1, 0
16375, 1, 1, 0, 1, 1, 0
20235, 13, 10, 10, 0, 13, 0
34885, 1, 1, 0, 1, 1, 0
34887, 1, 1, 0, 1, 1, 0
34892, 1, 1, 0, 1, 1, 0
34893, 1, 1, 0, 1, 1, 0
37352, 4, 1, 0, 1, 4, 0
38255, 1, 3, 2, 1, 1, 0
38362, 1, 1, 0, 1, 1, 0
45107, 1, 3, 3, 0, 1, 0
45137, 0, 2, 2, 0, 0, 0
65455, 3, 4, 4, 0, 3, 0
67542, 0, 5, 5, 0, 0, 0
76856, 0, 2, 2, 0, 0, 0
76857, 0, 1, 1, 0, 0, 0
76858, 0, 1, 1, 0, 0, 0
76862, 0, 1, 1, 0, 0, 0
76863, 0, 1, 0, 1, 0, 0
87583, 4, 2, 1, 1, 4, 0
98639, 8, 5, 5, 0, 8, 0
12212, 6, 10, 10, 0, 6, 0
12215, 0, 1, 1, 0, 0, 0
64713, 1, 2, 2, 0, 1, 0
29591, 7, 7, 7, 0, 7, 0
45646, 18, 23, 21, 2, 14, 4
48519, 5, 6, 3, 3, 1, 4
49774, 24, 24, 24, 0, 24, 0
51155, 6, 8, 8, 0, 6, 0
52567, 6, 2, 2, 0, 4, 2
53892, 8, 7, 7, 0, 8, 0
56540, 3, 1, 1, 0, 3, 0
57907, 8, 6, 6, 0, 8, 0
58447, 20, 5, 5, 0, 20, 0
60209, 0, 7, 7, 0, 0, 0
61085, 5, 3, 3, 0, 2, 3
61869, 2, 1, 1, 0, 2, 0
71613, 0, 1, 1, 0, 0, 0
71614, 0, 1, 1, 0, 0, 0
71615, 1, 2, 2, 0, 1, 0
71616, 0, 1, 1, 0, 0, 0
16811, 31, 9, 9, 0, 31, 0
32491, 9, 3, 3, 0, 8, 1
36990, 6, 21, 21, 0, 6, 0
44542, 10, 4, 4, 0, 10, 0
45640, 28, 10, 7, 3, 22, 6
48544, 9, 5, 5, 0, 9, 0
50999, 2, 1, 1, 0, 2, 0
51153, 0, 12, 12, 0, 0, 0
51160, 6, 15, 14, 1, 6, 0
53829, 37, 13, 13, 0, 37, 0
53830, 3, 5, 5, 0, 3, 0
53831, 1, 1, 1, 0, 1, 0
49763, 0, 1, 0, 1, 0, 0
49764, 0, 1, 0, 1, 0, 0
49766, 0, 2, 0, 2, 0, 0
12218, 2, 1, 1, 0, 2, 0
12219, 2, 3, 3, 0, 2, 0
12220, 4, 6, 6, 0, 4, 0
62572, 3, 1, 1, 0, 3, 0
12221, 1, 0, 0, 0, 1, 0
12222, 1, 0, 0, 0, 1, 0
12223, 2, 2, 2, 0, 2, 0
12224, 1, 0, 0, 0, 0, 1
12225, 3, 5, 1, 4, 2, 1
12228, 1, 1, 1, 0, 1, 0
15219, 1, 1, 1, 0, 1, 0
16061, 0, 1, 1, 0, 0, 0
12230, 1, 0, 0, 0, 0, 1
12231, 2, 0, 0, 0, 0, 2
12232, 6, 5, 5, 0, 5, 1
12233, 5, 1, 1, 0, 2, 3
16664, 7, 3, 1, 2, 6, 1
16665, 0, 1, 0, 1, 0, 0
12236, 0, 1, 1, 0, 0, 0
12237, 1, 0, 0, 0, 1, 0
12239, 1, 0, 0, 0, 1, 0
12240, 1, 0, 0, 0, 1, 0
24816, 1, 1, 1, 0, 1, 0
14517, 111, 4, 4, 0, 4, 107
14759, 2, 1, 0, 1, 2, 0
76704, 1, 1, 1, 0, 1, 0
82876, 0, 2, 2, 0, 0, 0
111124, 0, 4, 2, 2, 0, 0
49668, 3, 2, 2, 0, 3, 0
50795, 0, 2, 1, 1, 0, 0
53949, 2, 3, 3, 0, 2, 0
54013, 3, 6, 6, 0, 3, 0
54014, 1, 1, 1, 0, 1, 0
12253, 1, 0, 0, 0, 1, 0
12254, 1, 0, 0, 0, 0, 1
12256, 1, 0, 0, 0, 1, 0
12257, 0, 1, 1, 0, 0, 0
12258, 1, 0, 0, 0, 1, 0
12259, 5, 2, 2, 0, 5, 0
23807, 3, 3, 3, 0, 2, 1
23808, 2, 3, 3, 0, 2, 0
23809, 2, 5, 5, 0, 1, 1
25662, 2, 2, 2, 0, 2, 0
12261, 1, 0, 0, 0, 1, 0
12262, 1, 0, 0, 0, 1, 0
12263, 1, 0, 0, 0, 0, 1
12264, 1, 0, 0, 0, 1, 0
12267, 1, 2, 2, 0, 1, 0
27323, 1, 1, 1, 0, 1, 0
12268, 2, 0, 0, 0, 1, 1
12269, 1, 0, 0, 0, 1, 0
12270, 1, 0, 0, 0, 1, 0
12271, 13, 2, 2, 0, 10, 3
85053, 0, 1, 1, 0, 0, 0
85054, 0, 1, 1, 0, 0, 0
85055, 0, 1, 1, 0, 0, 0
85056, 0, 1, 0, 1, 0, 0
85057, 0, 1, 1, 0, 0, 0
12272, 1, 0, 0, 0, 0, 1
12273, 1, 0, 0, 0, 1, 0
12274, 1, 2, 2, 0, 1, 0
12281, 7, 6, 6, 0, 7, 0
12275, 2, 0, 0, 0, 2, 0
12277, 0, 1, 1, 0, 0, 0
51378, 0, 2, 2, 0, 0, 0
51380, 0, 1, 0, 1, 0, 0
12279, 1, 0, 0, 0, 1, 0
45527, 0, 1, 0, 1, 0, 0
114901, 0, 1, 1, 0, 0, 0
114969, 1, 1, 0, 1, 1, 0
121298, 1, 1, 1, 0, 1, 0
124113, 0, 1, 1, 0, 0, 0
25357, 6, 3, 3, 0, 5, 1
28178, 1, 3, 3, 0, 1, 0
87257, 1, 4, 4, 0, 1, 0
12284, 1, 0, 0, 0, 1, 0
12285, 1, 0, 0, 0, 1, 0
12286, 1, 0, 0, 0, 0, 1
15116, 1, 1, 1, 0, 1, 0
27930, 1, 1, 1, 0, 1, 0
27931, 0, 1, 1, 0, 0, 0
27933, 4, 2, 2, 0, 4, 0
12288, 1, 0, 0, 0, 0, 1
12289, 1, 0, 0, 0, 1, 0
12290, 14, 0, 0, 0, 13, 1
36325, 53, 16, 16, 0, 53, 0
65625, 4, 3, 3, 0, 4, 0
12292, 3, 0, 0, 0, 3, 0
36560, 2, 4, 4, 0, 2, 0
12293, 2, 0, 0, 0, 1, 1
12294, 1, 0, 0, 0, 1, 0
82559, 0, 4, 3, 1, 0, 0
87210, 1, 1, 1, 0, 1, 0
87990, 0, 1, 1, 0, 0, 0
12296, 1, 1, 1, 0, 1, 0
12297, 0, 1, 1, 0, 0, 0
12298, 1, 1, 1, 0, 1, 0
12299, 6, 4, 4, 0, 6, 0
13218, 2, 1, 1, 0, 2, 0
13219, 1, 2, 2, 0, 1, 0
15286, 1, 7, 7, 0, 1, 0
12300, 1, 0, 0, 0, 1, 0
12302, 1, 0, 0, 0, 1, 0
15539, 0, 2, 2, 0, 0, 0
12306, 2, 0, 0, 0, 0, 2
12307, 0, 1, 0, 1, 0, 0
15778, 3, 2, 2, 0, 3, 0
16109, 4, 3, 3, 0, 4, 0
43250, 1, 2, 2, 0, 1, 0
48321, 3, 3, 3, 0, 3, 0
59065, 3, 2, 2, 0, 2, 1
60998, 1, 1, 1, 0, 1, 0
60999, 0, 2, 2, 0, 0, 0
94830, 1, 2, 2, 0, 1, 0
12311, 1, 1, 1, 0, 1, 0
12312, 1, 1, 1, 0, 1, 0
87248, 1, 2, 2, 0, 1, 0
87846, 2, 2, 2, 0, 2, 0
88010, 0, 1, 1, 0, 0, 0
21041, 0, 1, 1, 0, 0, 0
83270, 1, 1, 1, 0, 1, 0
19098, 2, 1, 0, 1, 2, 0
19906, 9, 8, 7, 1, 9, 0
23089, 2, 2, 1, 1, 2, 0
35973, 1, 1, 0, 1, 1, 0
33444, 18, 4, 4, 0, 18, 0
42398, 6, 1, 1, 0, 4, 2
46109, 4, 1, 1, 0, 4, 0
46915, 1, 2, 2, 0, 0, 1
48543, 4, 3, 3, 0, 4, 0
48545, 4, 3, 3, 0, 3, 1
49257, 4, 2, 2, 0, 4, 0
50565, 8, 5, 5, 0, 8, 0
50805, 3, 2, 2, 0, 3, 0
51157, 6, 6, 6, 0, 6, 0
51158, 33, 10, 8, 2, 32, 1
51169, 3, 3, 3, 0, 3, 0
51171, 0, 1, 1, 0, 0, 0
51173, 3, 2, 2, 0, 3, 0
51174, 0, 1, 1, 0, 0, 0
51175, 0, 1, 1, 0, 0, 0
51176, 11, 7, 4, 3, 11, 0
82863, 3, 1, 1, 0, 3, 0
98026, 0, 1, 1, 0, 0, 0
98933, 3, 2, 2, 0, 3, 0
12321, 1, 0, 0, 0, 1, 0
12322, 1, 0, 0, 0, 1, 0
12323, 1, 0, 0, 0, 0, 1
12325, 1, 0, 0, 0, 1, 0
12327, 1, 0, 0, 0, 1, 0
63603, 0, 2, 2, 0, 0, 0
63604, 0, 1, 1, 0, 0, 0
63605, 0, 1, 1, 0, 0, 0
12329, 1, 1, 1, 0, 1, 0
12330, 1, 1, 1, 0, 1, 0
12331, 1, 0, 0, 0, 1, 0
12332, 0, 1, 1, 0, 0, 0
12333, 1, 0, 0, 0, 1, 0
12335, 1, 1, 1, 0, 1, 0
12336, 2, 0, 0, 0, 0, 2
40015, 35, 11, 9, 2, 23, 12
89981, 2, 2, 2, 0, 2, 0
89982, 0, 1, 0, 1, 0, 0
12338, 1, 0, 0, 0, 1, 0
12339, 1, 0, 0, 0, 1, 0
12340, 1, 1, 1, 0, 1, 0
24223, 2, 1, 1, 0, 2, 0
24224, 0, 3, 3, 0, 0, 0
12342, 1, 0, 0, 0, 1, 0
12343, 0, 2, 2, 0, 0, 0
12344, 1, 0, 0, 0, 1, 0
12345, 1, 0, 0, 0, 1, 0
64083, 5, 2, 2, 0, 5, 0
12347, 1, 0, 0, 0, 1, 0
12348, 0, 1, 1, 0, 0, 0
12349, 1, 0, 0, 0, 1, 0
12351, 1, 0, 0, 0, 0, 1
12354, 1, 0, 0, 0, 1, 0
12355, 0, 6, 6, 0, 0, 0
12356, 3, 1, 1, 0, 3, 0
12357, 1, 0, 0, 0, 1, 0
12358, 1, 2, 2, 0, 1, 0
19528, 0, 3, 2, 1, 0, 0
19696, 5, 3, 2, 1, 2, 3
22970, 1, 5, 2, 3, 1, 0
25996, 3, 3, 1, 2, 2, 1
28641, 9, 4, 3, 1, 7, 2
30568, 0, 2, 1, 1, 0, 0
31281, 4, 3, 2, 1, 4, 0
33866, 2, 5, 3, 2, 2, 0
38003, 5, 7, 4, 3, 5, 0
48090, 0, 2, 0, 2, 0, 0
56982, 0, 2, 0, 2, 0, 0
59805, 0, 2, 0, 2, 0, 0
86127, 0, 3, 2, 1, 0, 0
92980, 0, 1, 0, 1, 0, 0
92981, 0, 1, 0, 1, 0, 0
92982, 0, 1, 0, 1, 0, 0
92983, 0, 1, 0, 1, 0, 0
92984, 0, 1, 0, 1, 0, 0
92985, 0, 1, 0, 1, 0, 0
92986, 0, 1, 0, 1, 0, 0
92987, 0, 1, 0, 1, 0, 0
92988, 0, 1, 0, 1, 0, 0
92989, 0, 1, 0, 1, 0, 0
92990, 0, 1, 0, 1, 0, 0
92991, 1, 3, 2, 1, 1, 0
92992, 0, 1, 0, 1, 0, 0
92993, 0, 1, 0, 1, 0, 0
92994, 0, 1, 0, 1, 0, 0
92995, 0, 1, 0, 1, 0, 0
12360, 1, 0, 0, 0, 1, 0
110868, 8, 3, 3, 0, 8, 0
12362, 1, 1, 1, 0, 0, 1
12365, 1, 0, 0, 0, 0, 1
70678, 1, 1, 1, 0, 1, 0
12367, 2, 0, 0, 0, 2, 0
12368, 3, 0, 0, 0, 3, 0
23446, 6, 2, 1, 1, 4, 2
12371, 1, 1, 1, 0, 1, 0
12372, 13, 5, 5, 0, 12, 1
32826, 5, 6, 6, 0, 5, 0
33231, 13, 7, 7, 0, 11, 2
103433, 1, 1, 1, 0, 1, 0
12373, 2, 0, 0, 0, 1, 1
42131, 7, 10, 10, 0, 7, 0
42132, 3, 7, 7, 0, 3, 0
46645, 0, 4, 4, 0, 0, 0
58924, 2, 6, 6, 0, 2, 0
65085, 2, 1, 1, 0, 2, 0
76403, 2, 4, 4, 0, 2, 0
76419, 0, 1, 1, 0, 0, 0
12381, 1, 0, 0, 0, 0, 1
12382, 2, 1, 0, 1, 2, 0
44537, 0, 1, 1, 0, 0, 0
12383, 1, 0, 0, 0, 1, 0
12384, 1, 0, 0, 0, 1, 0
12385, 3, 3, 3, 0, 3, 0
12386, 1, 0, 0, 0, 1, 0
12387, 1, 0, 0, 0, 1, 0
12389, 1, 1, 1, 0, 1, 0
12390, 0, 1, 1, 0, 0, 0
12391, 1, 0, 0, 0, 0, 1
12396, 1, 0, 0, 0, 1, 0
12398, 1, 0, 0, 0, 1, 0
12400, 2, 0, 0, 0, 1, 1
12403, 1, 0, 0, 0, 1, 0
12404, 8, 0, 0, 0, 1, 7
12409, 3, 1, 0, 1, 3, 0
12410, 1, 0, 0, 0, 1, 0
12411, 0, 1, 1, 0, 0, 0
12413, 1, 0, 0, 0, 0, 1
12414, 0, 1, 0, 1, 0, 0
12415, 3, 0, 0, 0, 3, 0
65352, 3, 4, 4, 0, 3, 0
22719, 2, 1, 1, 0, 2, 0
12420, 1, 0, 0, 0, 1, 0
43050, 7, 4, 4, 0, 7, 0
12423, 3, 0, 0, 0, 2, 1
12425, 1, 1, 1, 0, 1, 0
33731, 0, 2, 2, 0, 0, 0
12426, 1, 0, 0, 0, 1, 0
12427, 1, 0, 0, 0, 0, 1
12428, 1, 1, 0, 1, 0, 1
12429, 1, 0, 0, 0, 1, 0
12430, 1, 0, 0, 0, 1, 0
12431, 1, 1, 1, 0, 1, 0
12433, 1, 0, 0, 0, 1, 0
12434, 2, 0, 0, 0, 2, 0
12436, 1, 1, 1, 0, 1, 0
12437, 0, 1, 1, 0, 0, 0
12438, 2, 0, 0, 0, 1, 1
12440, 1, 0, 0, 0, 1, 0
12441, 1, 0, 0, 0, 1, 0
12442, 4, 0, 0, 0, 4, 0
27610, 9, 6, 6, 0, 9, 0
12443, 1, 1, 1, 0, 1, 0
12445, 1, 0, 0, 0, 1, 0
12446, 1, 0, 0, 0, 1, 0
12447, 1, 0, 0, 0, 1, 0
12448, 3, 2, 1, 1, 3, 0
12450, 0, 4, 4, 0, 0, 0
12474, 5, 3, 3, 0, 5, 0
12475, 6, 5, 5, 0, 5, 1
22189, 1, 4, 4, 0, 1, 0
12452, 1, 0, 0, 0, 1, 0
12453, 1, 0, 0, 0, 1, 0
12455, 1, 0, 0, 0, 1, 0
12456, 1, 0, 0, 0, 1, 0
60417, 1, 1, 0, 1, 1, 0
64573, 1, 3, 3, 0, 1, 0
65470, 4, 5, 5, 0, 4, 0
73569, 0, 1, 1, 0, 0, 0
73570, 0, 1, 1, 0, 0, 0
73571, 0, 1, 1, 0, 0, 0
73572, 0, 1, 1, 0, 0, 0
12458, 1, 0, 0, 0, 0, 1
12459, 1, 0, 0, 0, 1, 0
12460, 0, 1, 1, 0, 0, 0
12461, 1, 0, 0, 0, 1, 0
12462, 1, 0, 0, 0, 1, 0
12463, 1, 0, 0, 0, 1, 0
12464, 4, 4, 3, 1, 2, 2
59280, 1, 2, 0, 2, 0, 1
12466, 0, 3, 1, 2, 0, 0
12468, 3, 2, 0, 2, 2, 1
12469, 0, 1, 0, 1, 0, 0
97494, 2, 1, 1, 0, 2, 0
110046, 0, 1, 1, 0, 0, 0
34906, 2, 5, 5, 0, 2, 0
59261, 1, 1, 0, 1, 1, 0
59421, 1, 1, 0, 1, 1, 0
60496, 1, 1, 0, 1, 1, 0
60498, 1, 1, 0, 1, 1, 0
60826, 2, 1, 0, 1, 2, 0
62284, 2, 2, 1, 1, 2, 0
82417, 0, 1, 0, 1, 0, 0
82418, 0, 1, 0, 1, 0, 0
82419, 0, 1, 0, 1, 0, 0
82420, 0, 1, 0, 1, 0, 0
82421, 0, 1, 0, 1, 0, 0
82424, 0, 1, 0, 1, 0, 0
82425, 0, 1, 0, 1, 0, 0
82426, 0, 1, 0, 1, 0, 0
118399, 0, 1, 0, 1, 0, 0
120644, 0, 2, 0, 2, 0, 0
120773, 0, 1, 0, 1, 0, 0
122621, 0, 1, 1, 0, 0, 0
122681, 0, 1, 0, 1, 0, 0
123325, 0, 1, 0, 1, 0, 0
123407, 0, 1, 0, 1, 0, 0
123809, 0, 2, 0, 2, 0, 0
124071, 0, 1, 0, 1, 0, 0
124244, 1, 1, 0, 1, 1, 0
124245, 0, 2, 1, 1, 0, 0
126460, 0, 2, 2, 0, 0, 0
126690, 0, 1, 1, 0, 0, 0
126715, 0, 1, 0, 1, 0, 0
128714, 0, 1, 0, 1, 0, 0
131516, 0, 1, 0, 1, 0, 0
68581, 2, 2, 2, 0, 2, 0
41220, 0, 1, 1, 0, 0, 0
12478, 1, 0, 0, 0, 1, 0
71469, 1, 3, 3, 0, 1, 0
12481, 2, 0, 0, 0, 2, 0
12482, 1, 2, 2, 0, 1, 0
12483, 1, 1, 1, 0, 1, 0
13367, 1, 1, 1, 0, 1, 0
12486, 0, 1, 1, 0, 0, 0
56339, 0, 4, 4, 0, 0, 0
99301, 0, 3, 2, 1, 0, 0
106968, 0, 3, 3, 0, 0, 0
12488, 1, 0, 0, 0, 1, 0
27864, 1, 6, 6, 0, 1, 0
104744, 0, 1, 0, 1, 0, 0
128117, 0, 1, 1, 0, 0, 0
32799, 0, 2, 1, 1, 0, 0
12493, 1, 0, 0, 0, 1, 0
23772, 2, 2, 2, 0, 2, 0
62292, 0, 4, 4, 0, 0, 0
72746, 0, 9, 9, 0, 0, 0
74057, 3, 2, 2, 0, 3, 0
74687, 4, 2, 2, 0, 4, 0
78263, 4, 1, 1, 0, 2, 2
22639, 5, 5, 5, 0, 5, 0
61287, 2, 2, 2, 0, 2, 0
12498, 1, 0, 0, 0, 1, 0
12500, 1, 0, 0, 0, 1, 0
12501, 0, 1, 1, 0, 0, 0
12502, 1, 0, 0, 0, 1, 0
29716, 4, 2, 1, 1, 4, 0
30889, 11, 3, 1, 2, 11, 0
30896, 33, 2, 0, 2, 33, 0
32094, 1, 1, 0, 1, 1, 0
36354, 1, 1, 0, 1, 1, 0
36453, 1, 1, 0, 1, 1, 0
39569, 2, 1, 0, 1, 2, 0
40012, 10, 17, 16, 1, 10, 0
45849, 15, 9, 7, 2, 15, 0
49855, 7, 4, 3, 1, 6, 1
58206, 26, 1, 0, 1, 26, 0
59676, 142, 3, 1, 2, 142, 0
60423, 67, 1, 0, 1, 67, 0
60703, 20, 16, 15, 1, 19, 1
60704, 7, 5, 4, 1, 7, 0
61585, 2, 3, 1, 2, 2, 0
62031, 1, 2, 0, 2, 1, 0
62268, 5, 8, 3, 5, 4, 1
64578, 46, 2, 1, 1, 46, 0
70529, 0, 2, 1, 1, 0, 0
70530, 0, 2, 1, 1, 0, 0
70531, 0, 2, 1, 1, 0, 0
83733, 0, 1, 0, 1, 0, 0
83734, 0, 1, 0, 1, 0, 0
83735, 0, 1, 0, 1, 0, 0
83736, 0, 1, 0, 1, 0, 0
83737, 0, 1, 0, 1, 0, 0
83738, 0, 1, 0, 1, 0, 0
83739, 0, 1, 0, 1, 0, 0
83740, 0, 1, 0, 1, 0, 0
83741, 0, 1, 0, 1, 0, 0
83742, 0, 1, 0, 1, 0, 0
83743, 6, 3, 1, 2, 6, 0
83744, 0, 1, 0, 1, 0, 0
83745, 0, 1, 0, 1, 0, 0
83746, 0, 1, 0, 1, 0, 0
99066, 2, 7, 4, 3, 1, 1
111027, 0, 2, 0, 2, 0, 0
111704, 0, 2, 0, 2, 0, 0
111756, 1, 1, 0, 1, 1, 0
116557, 0, 1, 0, 1, 0, 0
117606, 0, 1, 0, 1, 0, 0
117946, 0, 2, 0, 2, 0, 0
117948, 0, 6, 5, 1, 0, 0
117949, 0, 2, 0, 2, 0, 0
117950, 2, 2, 0, 2, 2, 0
117951, 0, 2, 0, 2, 0, 0
117953, 0, 2, 0, 2, 0, 0
117954, 0, 3, 1, 2, 0, 0
117955, 0, 4, 2, 2, 0, 0
117956, 0, 2, 0, 2, 0, 0
119798, 1, 1, 0, 1, 1, 0
120150, 1, 1, 0, 1, 1, 0
120470, 0, 1, 0, 1, 0, 0
120492, 0, 1, 0, 1, 0, 0
120513, 0, 1, 0, 1, 0, 0
122075, 0, 1, 0, 1, 0, 0
125331, 0, 1, 0, 1, 0, 0
38644, 0, 2, 2, 0, 0, 0
46573, 0, 2, 0, 2, 0, 0
118313, 1, 1, 0, 1, 1, 0
81993, 0, 1, 1, 0, 0, 0
26828, 11, 2, 2, 0, 8, 3
45273, 3, 3, 3, 0, 3, 0
55396, 3, 3, 3, 0, 3, 0
55479, 2, 2, 2, 0, 2, 0
55699, 1, 1, 1, 0, 1, 0
56258, 1, 2, 2, 0, 1, 0
56928, 0, 1, 1, 0, 0, 0
47810, 7, 6, 6, 0, 6, 1
18168, 2, 8, 8, 0, 2, 0
20921, 5, 1, 1, 0, 5, 0
23442, 0, 4, 3, 1, 0, 0
32836, 6, 3, 3, 0, 6, 0
34539, 3, 5, 5, 0, 3, 0
39626, 6, 8, 8, 0, 6, 0
49247, 5, 5, 5, 0, 5, 0
52625, 19, 6, 5, 1, 19, 0
53988, 2, 13, 12, 1, 2, 0
58486, 1, 6, 6, 0, 1, 0
60072, 6, 6, 6, 0, 4, 2
60710, 9, 8, 8, 0, 9, 0
61007, 4, 3, 2, 1, 4, 0
65434, 2, 2, 2, 0, 2, 0
65444, 3, 6, 6, 0, 3, 0
65733, 0, 2, 1, 1, 0, 0
68255, 4, 5, 5, 0, 4, 0
69091, 12, 11, 11, 0, 12, 0
69183, 5, 7, 7, 0, 5, 0
70314, 9, 4, 4, 0, 8, 1
70651, 5, 7, 6, 1, 5, 0
70834, 0, 3, 3, 0, 0, 0
75135, 2, 1, 1, 0, 2, 0
75323, 1, 1, 1, 0, 1, 0
75570, 2, 6, 6, 0, 2, 0
77029, 0, 6, 6, 0, 0, 0
78672, 1, 4, 4, 0, 1, 0
78693, 0, 2, 2, 0, 0, 0
79091, 0, 2, 2, 0, 0, 0
80020, 0, 2, 2, 0, 0, 0
80281, 4, 2, 2, 0, 4, 0
80499, 4, 3, 3, 0, 4, 0
80938, 1, 1, 1, 0, 1, 0
81052, 3, 2, 2, 0, 3, 0
81053, 2, 2, 2, 0, 2, 0
81151, 3, 4, 4, 0, 3, 0
81398, 3, 4, 4, 0, 3, 0
82320, 6, 7, 7, 0, 6, 0
82342, 1, 2, 2, 0, 1, 0
83451, 8, 4, 4, 0, 8, 0
83569, 3, 1, 1, 0, 3, 0
83590, 4, 3, 3, 0, 4, 0
84055, 0, 1, 1, 0, 0, 0
84056, 0, 3, 3, 0, 0, 0
84057, 0, 1, 1, 0, 0, 0
84058, 4, 1, 1, 0, 4, 0
84059, 6, 1, 1, 0, 6, 0
84060, 0, 1, 1, 0, 0, 0
84061, 0, 1, 1, 0, 0, 0
84062, 11, 4, 3, 1, 10, 1
84063, 0, 4, 4, 0, 0, 0
84067, 0, 2, 2, 0, 0, 0
84068, 2, 3, 3, 0, 2, 0
84070, 1, 4, 4, 0, 1, 0
84073, 1, 2, 2, 0, 1, 0
84074, 0, 3, 3, 0, 0, 0
84076, 1, 2, 2, 0, 1, 0
84077, 0, 2, 2, 0, 0, 0
84078, 0, 2, 2, 0, 0, 0
84079, 0, 2, 2, 0, 0, 0
84080, 0, 2, 2, 0, 0, 0
84082, 0, 1, 1, 0, 0, 0
84083, 0, 1, 1, 0, 0, 0
47384, 1, 1, 0, 1, 0, 1
78673, 7, 2, 2, 0, 7, 0
12513, 1, 0, 0, 0, 1, 0
12514, 1, 0, 0, 0, 0, 1
12515, 2, 0, 0, 0, 2, 0
12516, 2, 2, 2, 0, 2, 0
124193, 0, 2, 2, 0, 0, 0
12519, 2, 0, 0, 0, 2, 0
12521, 1, 0, 0, 0, 1, 0
12522, 1, 0, 0, 0, 0, 1
12523, 1, 0, 0, 0, 0, 1
12524, 0, 3, 2, 1, 0, 0
12525, 1, 0, 0, 0, 1, 0
43885, 4, 3, 3, 0, 4, 0
12528, 1, 0, 0, 0, 1, 0
12529, 1, 0, 0, 0, 1, 0
12530, 1, 0, 0, 0, 0, 1
12531, 1, 0, 0, 0, 0, 1
72706, 1, 2, 2, 0, 1, 0
84781, 0, 2, 2, 0, 0, 0
92785, 0, 1, 1, 0, 0, 0
12533, 1, 0, 0, 0, 1, 0
12534, 1, 0, 0, 0, 1, 0
20140, 5, 4, 4, 0, 5, 0
127045, 3, 1, 1, 0, 2, 1
128311, 15, 8, 8, 0, 15, 0
12536, 1, 0, 0, 0, 1, 0
12537, 10, 10, 10, 0, 10, 0
14036, 20, 25, 25, 0, 19, 1
12538, 1, 0, 0, 0, 0, 1
12541, 2, 1, 1, 0, 2, 0
12542, 2, 1, 1, 0, 2, 0
107915, 0, 1, 1, 0, 0, 0
131420, 0, 1, 1, 0, 0, 0
12543, 1, 0, 0, 0, 0, 1
12544, 0, 1, 0, 1, 0, 0
12545, 1, 0, 0, 0, 1, 0
12546, 0, 3, 3, 0, 0, 0
12548, 2, 0, 0, 0, 2, 0
43367, 3, 1, 1, 0, 3, 0
45783, 4, 11, 11, 0, 4, 0
46070, 16, 4, 4, 0, 15, 1
51285, 5, 4, 4, 0, 5, 0
51495, 5, 2, 2, 0, 5, 0
76186, 0, 2, 0, 2, 0, 0
12550, 1, 1, 1, 0, 1, 0
12552, 1, 0, 0, 0, 1, 0
39476, 1, 1, 1, 0, 1, 0
39823, 1, 1, 1, 0, 1, 0
40245, 1, 1, 1, 0, 1, 0
52201, 0, 3, 1, 2, 0, 0
12554, 1, 0, 0, 0, 1, 0
12555, 1, 0, 0, 0, 1, 0
82085, 0, 2, 2, 0, 0, 0
12557, 1, 0, 0, 0, 0, 1
82328, 0, 2, 2, 0, 0, 0
86883, 0, 1, 1, 0, 0, 0
86884, 0, 3, 3, 0, 0, 0
86885, 0, 1, 1, 0, 0, 0
86886, 0, 1, 1, 0, 0, 0
86887, 0, 1, 1, 0, 0, 0
86888, 0, 2, 2, 0, 0, 0
12559, 2, 0, 0, 0, 2, 0
12560, 2, 0, 0, 0, 2, 0
61176, 3, 3, 3, 0, 3, 0
89732, 3, 1, 1, 0, 3, 0
12563, 1, 0, 0, 0, 1, 0
12565, 1, 0, 0, 0, 1, 0
23721, 1, 2, 2, 0, 1, 0
29205, 1, 2, 2, 0, 1, 0
52765, 4, 2, 1, 1, 4, 0
84018, 0, 1, 1, 0, 0, 0
12567, 1, 0, 0, 0, 1, 0
12571, 1, 0, 0, 0, 1, 0
12572, 4, 1, 1, 0, 4, 0
12573, 3, 1, 1, 0, 3, 0
12574, 1, 3, 3, 0, 1, 0
24984, 1, 1, 1, 0, 1, 0
12575, 1, 0, 0, 0, 1, 0
12576, 1, 0, 0, 0, 1, 0
12580, 1, 1, 1, 0, 1, 0
35035, 2, 2, 2, 0, 2, 0
60444, 8, 3, 3, 0, 8, 0
67892, 0, 5, 5, 0, 0, 0
74504, 0, 1, 1, 0, 0, 0
12581, 1, 0, 0, 0, 1, 0
12583, 1, 1, 1, 0, 1, 0
12585, 1, 0, 0, 0, 1, 0
12587, 1, 0, 0, 0, 1, 0
12588, 0, 1, 1, 0, 0, 0
114360, 0, 3, 3, 0, 0, 0
12592, 2, 0, 0, 0, 2, 0
12594, 1, 0, 0, 0, 1, 0
41070, 5, 5, 3, 2, 5, 0
12596, 1, 0, 0, 0, 1, 0
15909, 2, 5, 4, 1, 2, 0
44129, 0, 2, 2, 0, 0, 0
44130, 0, 2, 1, 1, 0, 0
44131, 0, 2, 2, 0, 0, 0
41815, 0, 1, 0, 1, 0, 0
12603, 1, 0, 0, 0, 1, 0
12604, 10, 0, 0, 0, 4, 6
12609, 1, 0, 0, 0, 1, 0
12610, 1, 0, 0, 0, 1, 0
12611, 2, 0, 0, 0, 0, 2
56654, 3, 2, 0, 2, 3, 0
70939, 10, 8, 8, 0, 10, 0
73455, 2, 1, 0, 1, 2, 0
89682, 0, 1, 0, 1, 0, 0
89683, 0, 1, 1, 0, 0, 0
89684, 0, 2, 1, 1, 0, 0
12613, 1, 0, 0, 0, 1, 0
12615, 5, 0, 0, 0, 5, 0
12616, 0, 2, 2, 0, 0, 0
12617, 1, 0, 0, 0, 1, 0
12618, 1, 0, 0, 0, 0, 1
12619, 1, 0, 0, 0, 1, 0
12621, 1, 0, 0, 0, 0, 1
12622, 0, 1, 0, 1, 0, 0
12623, 1, 1, 1, 0, 1, 0
12624, 1, 2, 2, 0, 1, 0
12625, 1, 0, 0, 0, 1, 0
12626, 1, 0, 0, 0, 1, 0
12627, 0, 2, 2, 0, 0, 0
12628, 1, 0, 0, 0, 1, 0
12629, 1, 0, 0, 0, 1, 0
12630, 1, 1, 1, 0, 1, 0
12633, 1, 0, 0, 0, 1, 0
12634, 1, 0, 0, 0, 1, 0
12635, 0, 4, 4, 0, 0, 0
12636, 1, 0, 0, 0, 1, 0
12637, 0, 2, 1, 1, 0, 0
12638, 1, 0, 0, 0, 1, 0
12639, 4, 0, 0, 0, 4, 0
12640, 2, 1, 1, 0, 2, 0
52022, 22, 6, 6, 0, 22, 0
69664, 5, 5, 4, 1, 4, 1
12642, 1, 0, 0, 0, 1, 0
47637, 1, 2, 2, 0, 1, 0
57024, 3, 11, 10, 1, 3, 0
90650, 0, 2, 2, 0, 0, 0
90651, 0, 1, 1, 0, 0, 0
90652, 0, 1, 1, 0, 0, 0
12644, 1, 0, 0, 0, 1, 0
126034, 0, 1, 0, 1, 0, 0
12646, 1, 1, 1, 0, 1, 0
12647, 1, 1, 1, 0, 1, 0
12650, 3, 0, 0, 0, 3, 0
37103, 7, 6, 6, 0, 7, 0
41090, 4, 5, 5, 0, 3, 1
64725, 1, 2, 2, 0, 1, 0
68641, 8, 6, 6, 0, 8, 0
12652, 1, 0, 0, 0, 0, 1
12653, 1, 0, 0, 0, 0, 1
12654, 1, 0, 0, 0, 0, 1
12655, 1, 2, 1, 1, 1, 0
60419, 9, 10, 10, 0, 8, 1
12656, 1, 0, 0, 0, 1, 0
12657, 1, 0, 0, 0, 1, 0
12658, 1, 0, 0, 0, 0, 1
12659, 1, 0, 0, 0, 1, 0
12662, 1, 0, 0, 0, 0, 1
12665, 0, 1, 1, 0, 0, 0
12666, 1, 0, 0, 0, 1, 0
12667, 1, 0, 0, 0, 1, 0
12668, 2, 0, 0, 0, 2, 0
12669, 0, 3, 2, 1, 0, 0
36204, 1, 2, 2, 0, 1, 0
12670, 1, 0, 0, 0, 0, 1
33008, 0, 1, 1, 0, 0, 0
17263, 1, 1, 1, 0, 1, 0
19101, 2, 4, 4, 0, 2, 0
14072, 1, 1, 1, 0, 1, 0
39574, 2, 2, 2, 0, 2, 0
42265, 1, 1, 1, 0, 1, 0
57401, 1, 2, 2, 0, 1, 0
57405, 3, 1, 1, 0, 3, 0
57841, 0, 3, 3, 0, 0, 0
57842, 6, 2, 2, 0, 6, 0
108771, 4, 3, 3, 0, 4, 0
28479, 2, 1, 1, 0, 2, 0
29009, 1, 1, 1, 0, 1, 0
36323, 2, 1, 1, 0, 2, 0
39176, 0, 1, 1, 0, 0, 0
39177, 1, 1, 1, 0, 1, 0
39179, 10, 10, 9, 1, 10, 0
39180, 7, 2, 2, 0, 7, 0
39185, 0, 1, 1, 0, 0, 0
39187, 1, 2, 2, 0, 0, 1
39188, 0, 1, 1, 0, 0, 0
14075, 1, 1, 1, 0, 1, 0
15117, 6, 3, 2, 1, 6, 0
15119, 1, 2, 2, 0, 1, 0
15122, 1, 3, 2, 1, 1, 0
17958, 0, 1, 1, 0, 0, 0
54791, 24, 4, 4, 0, 15, 9
28846, 1, 1, 1, 0, 1, 0
31119, 0, 9, 8, 1, 0, 0
35305, 2, 2, 2, 0, 0, 2
35307, 0, 1, 1, 0, 0, 0
35308, 0, 1, 0, 1, 0, 0
35309, 2, 2, 2, 0, 1, 1
12682, 1, 0, 0, 0, 1, 0
12683, 1, 0, 0, 0, 1, 0
12684, 1, 2, 2, 0, 1, 0
31939, 9, 10, 9, 1, 9, 0
45764, 7, 8, 8, 0, 7, 0
45765, 17, 12, 12, 0, 16, 1
65212, 10, 6, 6, 0, 10, 0
12687, 1, 0, 0, 0, 1, 0
12688, 0, 1, 1, 0, 0, 0
12689, 1, 0, 0, 0, 0, 1
12690, 1, 0, 0, 0, 1, 0
43835, 2, 1, 1, 0, 1, 1
12694, 4, 0, 0, 0, 4, 0
12695, 1, 0, 0, 0, 1, 0
26382, 0, 2, 2, 0, 0, 0
49176, 3, 11, 11, 0, 3, 0
51557, 4, 2, 2, 0, 4, 0
71009, 1, 4, 4, 0, 1, 0
75236, 0, 1, 1, 0, 0, 0
75237, 0, 1, 1, 0, 0, 0
34574, 3, 2, 0, 2, 0, 3
63213, 5, 1, 0, 1, 5, 0
67290, 0, 1, 0, 1, 0, 0
67292, 0, 1, 0, 1, 0, 0
67294, 0, 1, 0, 1, 0, 0
98405, 0, 1, 0, 1, 0, 0
23280, 4, 2, 1, 1, 3, 1
89971, 0, 2, 1, 1, 0, 0
12702, 1, 0, 0, 0, 1, 0
12703, 4, 0, 0, 0, 4, 0
12705, 1, 0, 0, 0, 1, 0
12706, 2, 2, 2, 0, 2, 0
12707, 0, 1, 1, 0, 0, 0
12708, 1, 0, 0, 0, 1, 0
12709, 1, 0, 0, 0, 0, 1
31807, 2, 7, 6, 1, 2, 0
36252, 4, 4, 3, 1, 4, 0
44805, 0, 21, 21, 0, 0, 0
59316, 2, 3, 3, 0, 2, 0
61319, 12, 9, 9, 0, 12, 0
61771, 3, 6, 5, 1, 3, 0
64129, 2, 2, 2, 0, 2, 0
65058, 2, 1, 1, 0, 2, 0
65440, 0, 3, 3, 0, 0, 0
66896, 2, 2, 2, 0, 2, 0
67410, 4, 6, 6, 0, 4, 0
67897, 0, 2, 2, 0, 0, 0
68281, 1, 1, 1, 0, 1, 0
69566, 5, 4, 4, 0, 5, 0
69567, 0, 2, 2, 0, 0, 0
69568, 1, 3, 3, 0, 1, 0
69570, 0, 2, 2, 0, 0, 0
69571, 0, 5, 5, 0, 0, 0
69573, 3, 2, 2, 0, 3, 0
69574, 0, 1, 1, 0, 0, 0
69578, 0, 2, 2, 0, 0, 0
69579, 0, 2, 2, 0, 0, 0
69580, 0, 1, 1, 0, 0, 0
69581, 0, 1, 1, 0, 0, 0
69582, 0, 1, 1, 0, 0, 0
69585, 0, 1, 1, 0, 0, 0
69586, 0, 1, 1, 0, 0, 0
12711, 1, 0, 0, 0, 1, 0
12712, 14, 1, 1, 0, 1, 13
13108, 9, 1, 0, 1, 9, 0
13751, 3, 2, 1, 1, 3, 0
13752, 3, 2, 1, 1, 3, 0
16036, 1, 1, 0, 1, 1, 0
20156, 1, 1, 0, 1, 1, 0
20825, 14, 1, 0, 1, 11, 3
24304, 11, 2, 1, 1, 9, 2
26311, 12, 1, 0, 1, 12, 0
30365, 7, 5, 3, 2, 6, 1
30852, 3, 4, 3, 1, 3, 0
31522, 1, 1, 0, 1, 1, 0
34307, 2, 1, 0, 1, 2, 0
51932, 1, 1, 0, 1, 1, 0
52104, 9, 5, 2, 3, 6, 3
58765, 1, 1, 0, 1, 1, 0
59048, 1, 2, 0, 2, 1, 0
74639, 6, 1, 0, 1, 5, 1
77400, 1, 1, 0, 1, 1, 0
91646, 1, 1, 0, 1, 1, 0
93165, 8, 7, 6, 1, 8, 0
96225, 0, 1, 0, 1, 0, 0
96407, 2, 5, 4, 1, 2, 0
99863, 1, 2, 0, 2, 0, 1
100577, 3, 1, 0, 1, 3, 0
101844, 1, 1, 0, 1, 1, 0
101845, 0, 4, 3, 1, 0, 0
102464, 1, 2, 1, 1, 1, 0
105080, 1, 1, 0, 1, 1, 0
106219, 6, 1, 0, 1, 6, 0
106440, 4, 3, 2, 1, 4, 0
106931, 2, 1, 0, 1, 2, 0
110791, 4, 3, 2, 1, 4, 0
110999, 6, 3, 1, 2, 5, 1
113387, 1, 1, 0, 1, 1, 0
113539, 0, 1, 0, 1, 0, 0
113854, 1, 1, 0, 1, 1, 0
115462, 2, 1, 0, 1, 2, 0
12721, 2, 1, 1, 0, 1, 1
12723, 1, 0, 0, 0, 1, 0
38481, 0, 2, 2, 0, 0, 0
38482, 0, 1, 1, 0, 0, 0
12726, 1, 0, 0, 0, 0, 1
48691, 2, 1, 1, 0, 2, 0
52902, 1, 1, 1, 0, 1, 0
66945, 0, 1, 1, 0, 0, 0
12728, 1, 0, 0, 0, 1, 0
12729, 2, 0, 0, 0, 1, 1
12731, 1, 0, 0, 0, 0, 1
12732, 1, 0, 0, 0, 0, 1
12733, 1, 0, 0, 0, 1, 0
12734, 0, 3, 3, 0, 0, 0
12735, 1, 0, 0, 0, 1, 0
12737, 1, 1, 1, 0, 1, 0
72914, 1, 3, 3, 0, 1, 0
95970, 1, 1, 1, 0, 1, 0
131559, 0, 1, 1, 0, 0, 0
12739, 1, 0, 0, 0, 1, 0
46317, 1, 3, 3, 0, 1, 0
50880, 1, 3, 3, 0, 1, 0
99071, 0, 2, 2, 0, 0, 0
17816, 6, 4, 4, 0, 3, 3
43271, 0, 1, 1, 0, 0, 0
43273, 0, 2, 2, 0, 0, 0
12746, 1, 0, 0, 0, 1, 0
12747, 1, 0, 0, 0, 1, 0
12748, 1, 1, 1, 0, 0, 1
12749, 6, 0, 0, 0, 6, 0
12750, 0, 1, 1, 0, 0, 0
12751, 0, 3, 3, 0, 0, 0
94748, 3, 2, 2, 0, 3, 0
12754, 1, 0, 0, 0, 1, 0
12755, 0, 2, 2, 0, 0, 0
29674, 1, 2, 2, 0, 1, 0
72731, 1, 5, 4, 1, 1, 0
79427, 0, 1, 0, 1, 0, 0
112476, 0, 1, 0, 1, 0, 0
12761, 1, 0, 0, 0, 1, 0
52748, 0, 1, 1, 0, 0, 0
12766, 1, 0, 0, 0, 0, 1
12767, 2, 0, 0, 0, 2, 0
12769, 1, 0, 0, 0, 1, 0
12770, 1, 4, 3, 1, 1, 0
13110, 0, 1, 1, 0, 0, 0
12772, 1, 0, 0, 0, 0, 1
39752, 4, 3, 3, 0, 4, 0
40075, 0, 3, 3, 0, 0, 0
12781, 1, 0, 0, 0, 1, 0
12782, 1, 0, 0, 0, 1, 0
38361, 0, 2, 1, 1, 0, 0
45305, 3, 5, 5, 0, 3, 0
71088, 5, 6, 5, 1, 5, 0
74987, 1, 1, 1, 0, 1, 0
75973, 0, 1, 1, 0, 0, 0
12784, 1, 1, 1, 0, 1, 0
12785, 1, 1, 1, 0, 1, 0
23478, 0, 1, 1, 0, 0, 0
30736, 1, 3, 3, 0, 0, 1
36901, 1, 2, 1, 1, 1, 0
57455, 2, 4, 4, 0, 1, 1
58157, 0, 2, 2, 0, 0, 0
59403, 1, 2, 2, 0, 1, 0
61030, 1, 2, 2, 0, 1, 0
62203, 1, 6, 5, 1, 1, 0
64234, 0, 2, 2, 0, 0, 0
64881, 0, 2, 2, 0, 0, 0
65034, 1, 2, 2, 0, 1, 0
65518, 3, 4, 4, 0, 3, 0
67162, 0, 4, 4, 0, 0, 0
70702, 9, 8, 8, 0, 9, 0
75562, 4, 4, 4, 0, 4, 0
77041, 3, 4, 4, 0, 3, 0
78878, 2, 1, 1, 0, 2, 0
81171, 0, 1, 1, 0, 0, 0
81172, 0, 2, 2, 0, 0, 0
81173, 0, 1, 1, 0, 0, 0
81174, 0, 1, 1, 0, 0, 0
81176, 0, 1, 1, 0, 0, 0
81177, 0, 1, 1, 0, 0, 0
81178, 3, 2, 2, 0, 3, 0
81179, 0, 1, 1, 0, 0, 0
81180, 0, 1, 1, 0, 0, 0
81181, 0, 1, 1, 0, 0, 0
81182, 0, 1, 1, 0, 0, 0
81183, 0, 2, 2, 0, 0, 0
81184, 0, 1, 1, 0, 0, 0
81185, 0, 1, 1, 0, 0, 0
81186, 0, 1, 1, 0, 0, 0
81187, 0, 1, 1, 0, 0, 0
81188, 0, 1, 1, 0, 0, 0
81189, 0, 1, 1, 0, 0, 0
81190, 0, 1, 1, 0, 0, 0
81191, 0, 1, 1, 0, 0, 0
84324, 6, 4, 4, 0, 6, 0
105316, 1, 1, 1, 0, 1, 0
105333, 0, 1, 1, 0, 0, 0
119111, 0, 1, 1, 0, 0, 0
12788, 1, 0, 0, 0, 1, 0
12789, 3, 0, 0, 0, 3, 0
12790, 1, 0, 0, 0, 1, 0
12793, 2, 2, 1, 1, 1, 1
12795, 1, 0, 0, 0, 1, 0
12796, 1, 0, 0, 0, 1, 0
12798, 1, 0, 0, 0, 0, 1
83534, 7, 1, 1, 0, 7, 0
83961, 0, 2, 1, 1, 0, 0
100484, 15, 1, 1, 0, 15, 0
12800, 1, 0, 0, 0, 1, 0
12802, 4, 4, 4, 0, 4, 0
37629, 0, 1, 1, 0, 0, 0
69070, 6, 3, 3, 0, 6, 0
69071, 5, 3, 3, 0, 5, 0
69985, 1, 3, 3, 0, 1, 0
38877, 2, 3, 3, 0, 2, 0
62461, 2, 4, 3, 1, 2, 0
65452, 2, 7, 5, 2, 2, 0
66533, 14, 18, 18, 0, 14, 0
70870, 3, 2, 2, 0, 3, 0
74714, 0, 2, 2, 0, 0, 0
75941, 0, 1, 1, 0, 0, 0
29740, 1, 4, 2, 2, 0, 1
36862, 1, 1, 1, 0, 1, 0
52768, 0, 2, 1, 1, 0, 0
61055, 0, 2, 2, 0, 0, 0
74205, 0, 2, 1, 1, 0, 0
87061, 4, 7, 7, 0, 4, 0
87062, 4, 8, 8, 0, 4, 0
87272, 0, 3, 3, 0, 0, 0
88790, 1, 1, 1, 0, 1, 0
90852, 1, 1, 1, 0, 1, 0
92093, 1, 1, 1, 0, 1, 0
93109, 0, 2, 2, 0, 0, 0
93110, 0, 1, 1, 0, 0, 0
93111, 0, 1, 1, 0, 0, 0
93112, 0, 1, 1, 0, 0, 0
93113, 0, 1, 0, 1, 0, 0
100724, 1, 1, 1, 0, 1, 0
12808, 1, 0, 0, 0, 1, 0
12809, 1, 0, 0, 0, 1, 0
18518, 0, 1, 1, 0, 0, 0
12812, 1, 0, 0, 0, 1, 0
12813, 1, 0, 0, 0, 1, 0
12814, 0, 1, 1, 0, 0, 0
12815, 1, 0, 0, 0, 0, 1
17809, 0, 1, 1, 0, 0, 0
12818, 1, 0, 0, 0, 1, 0
18768, 1, 1, 1, 0, 1, 0
26861, 1, 2, 2, 0, 1, 0
34158, 0, 1, 1, 0, 0, 0
12820, 1, 0, 0, 0, 1, 0
12821, 1, 1, 1, 0, 0, 1
12822, 1, 0, 0, 0, 1, 0
12823, 1, 0, 0, 0, 1, 0
12824, 1, 0, 0, 0, 1, 0
12825, 8, 0, 0, 0, 8, 0
19491, 8, 3, 2, 1, 5, 3
79621, 0, 1, 0, 1, 0, 0
12828, 1, 1, 1, 0, 1, 0
12829, 1, 1, 1, 0, 1, 0
12830, 2, 1, 1, 0, 0, 2
12831, 0, 1, 0, 1, 0, 0
12833, 5, 1, 1, 0, 5, 0
13153, 0, 1, 1, 0, 0, 0
12834, 1, 0, 0, 0, 1, 0
12835, 2, 0, 0, 0, 2, 0
12836, 2, 1, 1, 0, 2, 0
81935, 0, 2, 2, 0, 0, 0
60100, 11, 7, 7, 0, 11, 0
66749, 0, 6, 6, 0, 0, 0
66750, 9, 8, 8, 0, 9, 0
70468, 14, 12, 12, 0, 14, 0
70504, 7, 6, 6, 0, 7, 0
70505, 0, 2, 2, 0, 0, 0
70506, 1, 3, 3, 0, 1, 0
70507, 8, 7, 7, 0, 8, 0
70508, 10, 5, 5, 0, 10, 0
73001, 0, 2, 2, 0, 0, 0
76823, 0, 1, 1, 0, 0, 0
12838, 1, 0, 0, 0, 1, 0
12839, 1, 0, 0, 0, 1, 0
12840, 1, 0, 0, 0, 1, 0
12841, 23, 0, 0, 0, 17, 6
12851, 2, 1, 1, 0, 2, 0
12852, 0, 1, 1, 0, 0, 0
12853, 0, 2, 1, 1, 0, 0
95910, 1, 1, 1, 0, 1, 0
103679, 1, 2, 1, 1, 1, 0
122713, 0, 1, 1, 0, 0, 0
14953, 1, 1, 1, 0, 1, 0
54063, 5, 3, 3, 0, 3, 2
76662, 1, 2, 2, 0, 1, 0
92272, 0, 1, 0, 1, 0, 0
49604, 3, 4, 3, 1, 0, 3
51118, 1, 2, 2, 0, 1, 0
51120, 2, 1, 1, 0, 2, 0
70260, 1, 2, 2, 0, 1, 0
24540, 0, 7, 7, 0, 0, 0
70510, 2, 5, 4, 1, 2, 0
87505, 0, 2, 2, 0, 0, 0
91366, 1, 2, 2, 0, 1, 0
91781, 1, 1, 1, 0, 1, 0
92120, 0, 1, 1, 0, 0, 0
92121, 0, 1, 1, 0, 0, 0
92122, 0, 1, 0, 1, 0, 0
50001, 46, 6, 6, 0, 45, 1
53078, 2, 4, 2, 2, 2, 0
63390, 3, 4, 3, 1, 2, 1
64773, 1, 3, 3, 0, 1, 0
77282, 2, 3, 3, 0, 2, 0
88261, 0, 1, 1, 0, 0, 0
88262, 0, 1, 1, 0, 0, 0
16518, 1, 8, 8, 0, 1, 0
30142, 0, 1, 1, 0, 0, 0
12857, 1, 0, 0, 0, 1, 0
12859, 1, 1, 1, 0, 1, 0
12860, 4, 1, 1, 0, 4, 0
12862, 0, 1, 1, 0, 0, 0
12863, 0, 1, 1, 0, 0, 0
12866, 1, 0, 0, 0, 1, 0
12867, 5, 0, 0, 0, 5, 0
12868, 1, 0, 0, 0, 1, 0
12869, 2, 0, 0, 0, 2, 0
66074, 2, 1, 1, 0, 2, 0
12871, 1, 0, 0, 0, 1, 0
12872, 1, 0, 0, 0, 0, 1
12873, 0, 1, 0, 1, 0, 0
12874, 1, 0, 0, 0, 1, 0
12879, 0, 1, 1, 0, 0, 0
23005, 9, 5, 5, 0, 4, 5
121049, 0, 1, 1, 0, 0, 0
12880, 1, 1, 0, 1, 1, 0
12882, 1, 0, 0, 0, 1, 0
12883, 2, 1, 1, 0, 2, 0
12884, 2, 0, 0, 0, 2, 0
12885, 1, 0, 0, 0, 1, 0
12886, 1, 0, 0, 0, 1, 0
12888, 1, 0, 0, 0, 1, 0
12889, 16, 5, 5, 0, 16, 0
58310, 1, 4, 4, 0, 1, 0
62787, 3, 1, 1, 0, 3, 0
12890, 1, 0, 0, 0, 1, 0
12891, 1, 1, 1, 0, 1, 0
12892, 2, 0, 0, 0, 0, 2
50491, 1, 2, 2, 0, 1, 0
68114, 0, 2, 2, 0, 0, 0
99124, 2, 3, 2, 1, 2, 0
12895, 0, 1, 0, 1, 0, 0
12896, 2, 1, 1, 0, 2, 0
12898, 1, 0, 0, 0, 1, 0
59099, 17, 7, 6, 1, 9, 8
12900, 1, 0, 0, 0, 1, 0
12901, 1, 1, 0, 1, 1, 0
12902, 3, 0, 0, 0, 3, 0
12903, 1, 0, 0, 0, 0, 1
12904, 1, 0, 0, 0, 1, 0
12906, 2, 0, 0, 0, 2, 0
12907, 1, 0, 0, 0, 1, 0
12909, 1, 0, 0, 0, 0, 1
12910, 1, 1, 0, 1, 1, 0
12911, 1, 0, 0, 0, 0, 1
12912, 0, 1, 0, 1, 0, 0
12913, 1, 0, 0, 0, 1, 0
12914, 1, 0, 0, 0, 1, 0
12916, 1, 1, 1, 0, 1, 0
12917, 28, 14, 12, 2, 28, 0
32595, 0, 3, 3, 0, 0, 0
61347, 2, 2, 2, 0, 2, 0
70511, 0, 1, 1, 0, 0, 0
70514, 0, 2, 2, 0, 0, 0
70515, 0, 1, 1, 0, 0, 0
70516, 6, 2, 2, 0, 5, 1
70517, 0, 1, 1, 0, 0, 0
94827, 1, 2, 2, 0, 1, 0
94952, 2, 1, 1, 0, 2, 0
60101, 3, 3, 3, 0, 3, 0
79977, 4, 1, 1, 0, 4, 0
12922, 3, 0, 0, 0, 3, 0
12923, 1, 3, 3, 0, 1, 0
22369, 5, 6, 5, 1, 4, 1
34551, 10, 5, 5, 0, 9, 1
12924, 2, 0, 0, 0, 2, 0
12925, 1, 0, 0, 0, 1, 0
12926, 0, 1, 1, 0, 0, 0
12927, 2, 0, 0, 0, 2, 0
12928, 10, 0, 0, 0, 10, 0
12929, 3, 1, 1, 0, 3, 0
12933, 0, 1, 1, 0, 0, 0
12937, 0, 1, 1, 0, 0, 0
53103, 0, 2, 1, 1, 0, 0
59673, 2, 1, 1, 0, 2, 0
61255, 5, 14, 14, 0, 5, 0
64291, 1, 10, 10, 0, 1, 0
75420, 2, 2, 2, 0, 2, 0
86063, 1, 1, 1, 0, 1, 0
86667, 0, 1, 1, 0, 0, 0
86668, 0, 1, 1, 0, 0, 0
86669, 0, 1, 1, 0, 0, 0
86670, 0, 1, 1, 0, 0, 0
86671, 0, 1, 1, 0, 0, 0
86672, 0, 1, 1, 0, 0, 0
86673, 0, 1, 1, 0, 0, 0
86674, 0, 1, 1, 0, 0, 0
86675, 0, 1, 1, 0, 0, 0
86676, 0, 1, 1, 0, 0, 0
86677, 0, 1, 1, 0, 0, 0
86678, 0, 1, 1, 0, 0, 0
12939, 2, 0, 0, 0, 2, 0
14984, 2, 1, 1, 0, 2, 0
15466, 2, 1, 1, 0, 2, 0
15548, 2, 1, 1, 0, 2, 0
18149, 4, 1, 1, 0, 4, 0
31151, 2, 1, 1, 0, 2, 0
31152, 0, 1, 1, 0, 0, 0
31153, 0, 1, 0, 1, 0, 0
12941, 1, 0, 0, 0, 1, 0
12944, 1, 0, 0, 0, 1, 0
12945, 8, 4, 4, 0, 7, 1
42651, 1, 2, 2, 0, 1, 0
91170, 4, 2, 2, 0, 4, 0
91171, 0, 1, 1, 0, 0, 0
91172, 0, 2, 2, 0, 0, 0
12946, 1, 0, 0, 0, 1, 0
12947, 1, 0, 0, 0, 1, 0
12948, 3, 0, 0, 0, 3, 0
12949, 1, 0, 0, 0, 1, 0
12950, 7, 4, 3, 1, 7, 0
50844, 3, 2, 2, 0, 3, 0
63845, 0, 3, 3, 0, 0, 0
63846, 0, 2, 2, 0, 0, 0
70524, 0, 1, 1, 0, 0, 0
12951, 1, 0, 0, 0, 0, 1
27395, 1, 3, 2, 1, 1, 0
39193, 4, 2, 2, 0, 4, 0
12956, 1, 0, 0, 0, 1, 0
12957, 0, 1, 1, 0, 0, 0
12958, 1, 0, 0, 0, 1, 0
12962, 13, 11, 11, 0, 13, 0
44818, 32, 16, 16, 0, 32, 0
47905, 25, 13, 13, 0, 24, 1
70317, 1, 4, 4, 0, 1, 0
70379, 1, 13, 13, 0, 1, 0
74110, 2, 1, 1, 0, 2, 0
75873, 7, 4, 4, 0, 7, 0
76967, 0, 5, 5, 0, 0, 0
67706, 1, 1, 1, 0, 1, 0
68618, 15, 6, 6, 0, 15, 0
65052, 10, 8, 8, 0, 10, 0
69804, 1, 1, 1, 0, 1, 0
71085, 1, 2, 2, 0, 1, 0
71221, 2, 1, 1, 0, 2, 0
76275, 0, 1, 1, 0, 0, 0
12966, 1, 0, 0, 0, 1, 0
12967, 2, 0, 0, 0, 2, 0
12968, 1, 0, 0, 0, 1, 0
13489, 3, 3, 3, 0, 3, 0
17173, 2, 1, 1, 0, 2, 0
12970, 1, 0, 0, 0, 1, 0
62063, 9, 7, 7, 0, 9, 0
66984, 3, 3, 3, 0, 3, 0
95224, 3, 1, 1, 0, 3, 0
12973, 1, 0, 0, 0, 1, 0
12974, 2, 0, 0, 0, 1, 1
12975, 1, 0, 0, 0, 1, 0
18432, 14, 8, 7, 1, 14, 0
38567, 2, 2, 2, 0, 2, 0
41927, 3, 5, 5, 0, 2, 1
84036, 0, 1, 1, 0, 0, 0
84037, 0, 1, 1, 0, 0, 0
49047, 0, 1, 1, 0, 0, 0
12980, 2, 0, 0, 0, 1, 1
12981, 1, 0, 0, 0, 1, 0
12982, 1, 0, 0, 0, 1, 0
12983, 1, 1, 1, 0, 0, 1
12984, 1, 0, 0, 0, 1, 0
21648, 5, 2, 2, 0, 5, 0
12990, 1, 0, 0, 0, 0, 1
12991, 1, 0, 0, 0, 1, 0
12992, 7, 13, 13, 0, 7, 0
20051, 3, 2, 2, 0, 2, 1
20080, 2, 4, 3, 1, 1, 1
12993, 2, 1, 1, 0, 0, 2
12995, 0, 1, 0, 1, 0, 0
18486, 0, 1, 1, 0, 0, 0
12996, 5, 0, 0, 0, 1, 4
12997, 0, 2, 0, 2, 0, 0
12998, 2, 5, 4, 1, 2, 0
47954, 15, 3, 3, 0, 15, 0
13000, 1, 0, 0, 0, 1, 0
13001, 1, 0, 0, 0, 0, 1
13003, 2, 1, 1, 0, 2, 0
13004, 4, 3, 3, 0, 3, 1
94626, 4, 2, 2, 0, 4, 0
27852, 1, 3, 2, 1, 1, 0
27854, 0, 1, 0, 1, 0, 0
13005, 1, 0, 0, 0, 1, 0
13006, 2, 1, 1, 0, 2, 0
13007, 0, 1, 1, 0, 0, 0
13008, 1, 0, 0, 0, 0, 1
13009, 0, 1, 0, 1, 0, 0
13011, 1, 0, 0, 0, 1, 0
13014, 0, 1, 1, 0, 0, 0
13016, 6, 5, 5, 0, 6, 0
50219, 5, 7, 6, 1, 5, 0
73445, 0, 1, 1, 0, 0, 0
19964, 1, 1, 1, 0, 1, 0
13017, 1, 0, 0, 0, 1, 0
13018, 1, 1, 1, 0, 1, 0
13019, 1, 1, 1, 0, 1, 0
13020, 1, 0, 0, 0, 1, 0
13022, 1, 1, 1, 0, 1, 0
13023, 1, 0, 0, 0, 1, 0
13024, 0, 2, 2, 0, 0, 0
13027, 0, 1, 0, 1, 0, 0
13028, 1, 0, 0, 0, 1, 0
13030, 1, 0, 0, 0, 1, 0
79465, 0, 4, 4, 0, 0, 0
22659, 13, 6, 6, 0, 13, 0
28654, 1, 1, 1, 0, 1, 0
29523, 0, 1, 1, 0, 0, 0
29524, 0, 1, 1, 0, 0, 0
106408, 0, 1, 1, 0, 0, 0
96099, 2, 2, 2, 0, 2, 0
13037, 1, 0, 0, 0, 0, 1
13039, 1, 1, 1, 0, 1, 0
13040, 2, 1, 1, 0, 2, 0
13041, 1, 0, 0, 0, 1, 0
13042, 1, 1, 1, 0, 1, 0
43784, 0, 1, 1, 0, 0, 0
13043, 1, 0, 0, 0, 0, 1
13046, 1, 0, 0, 0, 0, 1
118229, 0, 2, 2, 0, 0, 0
118628, 0, 1, 0, 1, 0, 0
13048, 1, 0, 0, 0, 1, 0
13049, 0, 1, 1, 0, 0, 0
13050, 1, 0, 0, 0, 1, 0
13051, 2, 0, 0, 0, 1, 1
13052, 0, 1, 1, 0, 0, 0
29170, 19, 15, 15, 0, 16, 3
31193, 1, 6, 1, 5, 0, 1
34497, 12, 8, 8, 0, 12, 0
34498, 9, 7, 7, 0, 9, 0
82903, 1, 1, 1, 0, 1, 0
13055, 1, 0, 0, 0, 1, 0
74414, 1, 1, 1, 0, 1, 0
85458, 0, 1, 1, 0, 0, 0
85459, 0, 1, 1, 0, 0, 0
85460, 0, 1, 1, 0, 0, 0
23536, 5, 5, 5, 0, 5, 0
26067, 2, 1, 1, 0, 2, 0
40752, 1, 1, 1, 0, 1, 0
52812, 6, 5, 5, 0, 6, 0
52813, 1, 2, 2, 0, 1, 0
52815, 0, 1, 1, 0, 0, 0
13059, 1, 0, 0, 0, 1, 0
13060, 1, 0, 0, 0, 0, 1
13061, 0, 3, 2, 1, 0, 0
13062, 2, 0, 0, 0, 0, 2
32112, 6, 7, 7, 0, 6, 0
70896, 0, 2, 1, 1, 0, 0
13065, 1, 0, 0, 0, 0, 1
13066, 1, 0, 0, 0, 1, 0
13067, 0, 2, 2, 0, 0, 0
13068, 1, 0, 0, 0, 0, 1
13069, 1, 0, 0, 0, 1, 0
13070, 1, 0, 0, 0, 1, 0
13071, 0, 1, 1, 0, 0, 0
13073, 1, 0, 0, 0, 1, 0
13074, 1, 1, 1, 0, 1, 0
17855, 2, 5, 5, 0, 1, 1
54521, 9, 1, 1, 0, 9, 0
80497, 2, 1, 1, 0, 2, 0
86263, 1, 3, 3, 0, 1, 0
87878, 1, 1, 1, 0, 1, 0
90861, 0, 2, 0, 2, 0, 0
93084, 0, 4, 4, 0, 0, 0
93085, 0, 2, 2, 0, 0, 0
108775, 0, 1, 1, 0, 0, 0
116323, 3, 1, 1, 0, 3, 0
123660, 0, 1, 1, 0, 0, 0
129582, 0, 1, 0, 1, 0, 0
13076, 1, 0, 0, 0, 1, 0
13077, 2, 1, 1, 0, 2, 0
13078, 10, 4, 4, 0, 10, 0
18485, 1, 2, 1, 1, 1, 0
53791, 5, 5, 5, 0, 4, 1
58333, 2, 2, 2, 0, 2, 0
76371, 1, 1, 1, 0, 1, 0
76372, 0, 1, 1, 0, 0, 0
76373, 0, 1, 1, 0, 0, 0
13079, 1, 0, 0, 0, 1, 0
13080, 0, 3, 3, 0, 0, 0
13081, 1, 0, 0, 0, 0, 1
13083, 1, 0, 0, 0, 1, 0
13084, 2, 1, 1, 0, 2, 0
13085, 4, 3, 3, 0, 4, 0
104340, 0, 1, 1, 0, 0, 0
15015, 7, 2, 2, 0, 7, 0
13086, 2, 0, 0, 0, 2, 0
13087, 1, 0, 0, 0, 1, 0
23729, 1, 1, 1, 0, 1, 0
13091, 3, 4, 4, 0, 3, 0
13092, 0, 1, 0, 1, 0, 0
13093, 0, 1, 0, 1, 0, 0
42092, 4, 2, 2, 0, 4, 0
13096, 1, 0, 0, 0, 1, 0
13098, 0, 1, 1, 0, 0, 0
13101, 6, 1, 1, 0, 6, 0
24719, 10, 6, 6, 0, 9, 1
32852, 1, 1, 1, 0, 1, 0
56669, 1, 4, 4, 0, 1, 0
21763, 3, 4, 4, 0, 2, 1
34805, 0, 1, 1, 0, 0, 0
13102, 1, 0, 0, 0, 1, 0
13105, 0, 2, 2, 0, 0, 0
33873, 2, 3, 2, 1, 2, 0
69970, 0, 3, 3, 0, 0, 0
69971, 0, 2, 1, 1, 0, 0
125092, 0, 1, 0, 1, 0, 0
29075, 1, 1, 1, 0, 1, 0
81988, 2, 4, 4, 0, 2, 0
50092, 6, 5, 4, 1, 6, 0
56484, 31, 18, 18, 0, 31, 0
76939, 6, 6, 5, 1, 6, 0
13111, 1, 0, 0, 0, 1, 0
13112, 1, 0, 0, 0, 1, 0
13114, 1, 0, 0, 0, 1, 0
37037, 0, 2, 2, 0, 0, 0
91938, 0, 1, 0, 1, 0, 0
13117, 1, 0, 0, 0, 1, 0
13118, 0, 1, 1, 0, 0, 0
13119, 1, 0, 0, 0, 1, 0
13120, 1, 0, 0, 0, 1, 0
13121, 0, 1, 1, 0, 0, 0
13122, 1, 0, 0, 0, 1, 0
13124, 1, 0, 0, 0, 0, 1
13125, 1, 0, 0, 0, 1, 0
55132, 5, 4, 3, 1, 5, 0
13127, 1, 0, 0, 0, 0, 1
13128, 1, 0, 0, 0, 1, 0
13134, 1, 0, 0, 0, 1, 0
14060, 2, 3, 3, 0, 2, 0
33304, 4, 3, 3, 0, 3, 1
51658, 0, 1, 0, 1, 0, 0
51659, 0, 1, 1, 0, 0, 0
13136, 1, 0, 0, 0, 1, 0
13139, 2, 0, 0, 0, 1, 1
13140, 0, 1, 1, 0, 0, 0
13141, 1, 0, 0, 0, 1, 0
13142, 1, 0, 0, 0, 0, 1
13144, 1, 0, 0, 0, 1, 0
13145, 0, 1, 1, 0, 0, 0
37265, 2, 1, 1, 0, 2, 0
38747, 1, 2, 2, 0, 1, 0
38955, 8, 7, 6, 1, 7, 1
44589, 0, 3, 3, 0, 0, 0
92757, 0, 1, 0, 1, 0, 0
92758, 0, 1, 0, 1, 0, 0
13148, 1, 0, 0, 0, 1, 0
13149, 1, 0, 0, 0, 0, 1
13156, 1, 0, 0, 0, 1, 0
13157, 1, 0, 0, 0, 1, 0
13158, 2, 0, 0, 0, 1, 1
13159, 1, 0, 0, 0, 0, 1
13160, 0, 3, 2, 1, 0, 0
13161, 1, 0, 0, 0, 1, 0
13162, 0, 2, 2, 0, 0, 0
13163, 1, 0, 0, 0, 1, 0
13164, 1, 0, 0, 0, 1, 0
13165, 1, 0, 0, 0, 1, 0
13170, 4, 0, 0, 0, 4, 0
13171, 1, 0, 0, 0, 1, 0
13172, 1, 0, 0, 0, 1, 0
13173, 3, 0, 0, 0, 3, 0
13175, 1, 2, 1, 1, 1, 0
13177, 2, 0, 0, 0, 1, 1
45184, 2, 1, 1, 0, 1, 1
57905, 0, 1, 1, 0, 0, 0
41773, 15, 7, 7, 0, 15, 0
63415, 6, 3, 3, 0, 6, 0
75853, 0, 3, 3, 0, 0, 0
77732, 0, 1, 1, 0, 0, 0
13182, 1, 0, 0, 0, 1, 0
13183, 1, 0, 0, 0, 0, 1
13185, 1, 0, 0, 0, 1, 0
13186, 3, 0, 0, 0, 3, 0
13189, 1, 0, 0, 0, 1, 0
13190, 0, 6, 6, 0, 0, 0
13191, 1, 0, 0, 0, 1, 0
13193, 1, 0, 0, 0, 0, 1
13194, 0, 4, 3, 1, 0, 0
13195, 1, 0, 0, 0, 1, 0
13196, 0, 2, 2, 0, 0, 0
13197, 4, 0, 0, 0, 4, 0
13201, 1, 0, 0, 0, 1, 0
13202, 1, 0, 0, 0, 1, 0
13203, 1, 2, 2, 0, 1, 0
13204, 1, 1, 1, 0, 1, 0
13205, 1, 0, 0, 0, 1, 0
13206, 1, 0, 0, 0, 1, 0
13208, 1, 0, 0, 0, 1, 0
13209, 1, 0, 0, 0, 1, 0
13210, 1, 0, 0, 0, 1, 0
13211, 0, 1, 1, 0, 0, 0
13212, 1, 0, 0, 0, 1, 0
13214, 1, 0, 0, 0, 1, 0
13216, 1, 0, 0, 0, 1, 0
70786, 0, 2, 0, 2, 0, 0
110862, 0, 1, 1, 0, 0, 0
13222, 1, 0, 0, 0, 0, 1
13224, 4, 2, 2, 0, 4, 0
13226, 1, 3, 3, 0, 1, 0
23228, 0, 6, 0, 6, 0, 0
59377, 1, 2, 2, 0, 1, 0
59728, 8, 4, 4, 0, 8, 0
86936, 0, 1, 1, 0, 0, 0
13227, 1, 0, 0, 0, 1, 0
13228, 1, 0, 0, 0, 1, 0
13229, 1, 0, 0, 0, 1, 0
13232, 1, 0, 0, 0, 1, 0
39382, 13, 6, 6, 0, 12, 1
41611, 5, 2, 2, 0, 5, 0
99875, 2, 3, 3, 0, 1, 1
124853, 0, 1, 1, 0, 0, 0
13234, 1, 0, 0, 0, 1, 0
13235, 3, 0, 0, 0, 3, 0
16216, 2, 2, 2, 0, 2, 0
13237, 1, 0, 0, 0, 1, 0
13238, 1, 0, 0, 0, 1, 0
13239, 1, 0, 0, 0, 0, 1
13240, 0, 2, 1, 1, 0, 0
101254, 0, 1, 1, 0, 0, 0
51080, 2, 4, 2, 2, 2, 0
54368, 0, 3, 2, 1, 0, 0
76670, 0, 1, 0, 1, 0, 0
76672, 0, 1, 0, 1, 0, 0
28604, 1, 2, 2, 0, 1, 0
38495, 0, 1, 1, 0, 0, 0
38496, 0, 1, 1, 0, 0, 0
19706, 1, 1, 1, 0, 1, 0
56817, 1, 1, 1, 0, 1, 0
59584, 0, 1, 1, 0, 0, 0
59585, 0, 1, 1, 0, 0, 0
59587, 0, 1, 1, 0, 0, 0
99322, 0, 1, 1, 0, 0, 0
13246, 1, 0, 0, 0, 1, 0
13250, 1, 0, 0, 0, 1, 0
13251, 1, 0, 0, 0, 1, 0
13252, 2, 0, 0, 0, 2, 0
13253, 5, 1, 1, 0, 5, 0
13254, 1, 1, 1, 0, 1, 0
14832, 19, 5, 3, 2, 19, 0
42856, 2, 2, 2, 0, 2, 0
42901, 1, 1, 1, 0, 1, 0
43030, 14, 2, 1, 1, 10, 4
13256, 5, 0, 0, 0, 5, 0
13258, 8, 6, 6, 0, 8, 0
85828, 0, 1, 1, 0, 0, 0
13260, 1, 0, 0, 0, 1, 0
13262, 1, 0, 0, 0, 0, 1
13265, 1, 1, 1, 0, 1, 0
100521, 2, 1, 1, 0, 1, 1
30235, 1, 5, 3, 2, 1, 0
45173, 4, 1, 1, 0, 4, 0
13266, 7, 0, 0, 0, 6, 1
13269, 1, 1, 0, 1, 1, 0
20657, 1, 3, 3, 0, 1, 0
20694, 3, 9, 9, 0, 3, 0
30865, 1, 1, 1, 0, 1, 0
30867, 5, 3, 3, 0, 5, 0
30870, 0, 1, 1, 0, 0, 0
30872, 0, 1, 1, 0, 0, 0
30875, 1, 2, 2, 0, 1, 0
30876, 0, 2, 2, 0, 0, 0
30878, 6, 1, 1, 0, 6, 0
30879, 5, 1, 1, 0, 5, 0
30880, 0, 1, 1, 0, 0, 0
30882, 0, 1, 1, 0, 0, 0
30894, 37, 2, 1, 1, 37, 0
30900, 2, 2, 1, 1, 2, 0
30906, 4, 1, 0, 1, 4, 0
30907, 16, 1, 0, 1, 16, 0
30910, 1, 1, 1, 0, 1, 0
99150, 2, 2, 2, 0, 2, 0
101682, 0, 2, 2, 0, 0, 0
127794, 0, 1, 1, 0, 0, 0
14267, 3, 2, 2, 0, 3, 0
16377, 3, 2, 2, 0, 3, 0
17578, 2, 7, 7, 0, 2, 0
17734, 3, 1, 1, 0, 1, 2
19027, 2, 1, 1, 0, 2, 0
20851, 11, 10, 10, 0, 10, 1
21652, 2, 2, 2, 0, 2, 0
22068, 1, 2, 2, 0, 1, 0
22254, 2, 3, 3, 0, 2, 0
22578, 3, 4, 4, 0, 3, 0
24399, 4, 2, 2, 0, 4, 0
24433, 1, 3, 2, 1, 0, 1
25064, 1, 1, 1, 0, 1, 0
25547, 2, 2, 2, 0, 2, 0
26003, 1, 1, 1, 0, 0, 1
26500, 1, 3, 3, 0, 1, 0
26632, 5, 1, 1, 0, 5, 0
27769, 4, 2, 2, 0, 4, 0
27822, 10, 2, 2, 0, 10, 0
28115, 3, 1, 1, 0, 3, 0
28580, 2, 1, 1, 0, 2, 0
28586, 3, 2, 2, 0, 3, 0
28959, 0, 2, 2, 0, 0, 0
29212, 1, 1, 1, 0, 0, 1
32120, 0, 2, 2, 0, 0, 0
32901, 5, 1, 1, 0, 5, 0
35018, 1, 1, 1, 0, 1, 0
42212, 6, 4, 3, 1, 6, 0
43827, 6, 3, 3, 0, 6, 0
52034, 0, 1, 1, 0, 0, 0
52037, 0, 1, 1, 0, 0, 0
52038, 0, 1, 1, 0, 0, 0
52039, 0, 1, 1, 0, 0, 0
52040, 0, 1, 1, 0, 0, 0
52041, 0, 1, 1, 0, 0, 0
52042, 2, 1, 1, 0, 1, 1
52043, 0, 1, 1, 0, 0, 0
52044, 21, 3, 3, 0, 3, 18
52045, 0, 1, 1, 0, 0, 0
52046, 0, 1, 1, 0, 0, 0
52047, 0, 1, 1, 0, 0, 0
52048, 0, 1, 1, 0, 0, 0
52049, 0, 1, 1, 0, 0, 0
52050, 0, 1, 1, 0, 0, 0
52051, 0, 1, 1, 0, 0, 0
52052, 0, 1, 1, 0, 0, 0
52053, 0, 1, 1, 0, 0, 0
52054, 0, 1, 1, 0, 0, 0
52055, 1, 1, 1, 0, 1, 0
52056, 0, 1, 1, 0, 0, 0
52057, 0, 1, 1, 0, 0, 0
52059, 0, 1, 1, 0, 0, 0
52060, 0, 1, 1, 0, 0, 0
52061, 0, 1, 1, 0, 0, 0
52062, 0, 1, 1, 0, 0, 0
52064, 0, 1, 1, 0, 0, 0
52065, 0, 1, 1, 0, 0, 0
52066, 0, 1, 1, 0, 0, 0
52067, 0, 1, 1, 0, 0, 0
52068, 0, 1, 1, 0, 0, 0
52069, 0, 1, 1, 0, 0, 0
52070, 0, 1, 1, 0, 0, 0
52071, 0, 1, 1, 0, 0, 0
52072, 1, 2, 1, 1, 0, 1
52073, 0, 1, 1, 0, 0, 0
35843, 4, 2, 2, 0, 4, 0
13271, 1, 0, 0, 0, 1, 0
13272, 0, 1, 1, 0, 0, 0
13273, 1, 0, 0, 0, 0, 1
13274, 1, 0, 0, 0, 1, 0
13275, 0, 1, 1, 0, 0, 0
13276, 2, 0, 0, 0, 0, 2
77322, 0, 1, 1, 0, 0, 0
53022, 3, 3, 2, 1, 3, 0
13281, 1, 0, 0, 0, 1, 0
13282, 1, 0, 0, 0, 0, 1
56096, 1, 1, 1, 0, 1, 0
56437, 1, 1, 1, 0, 1, 0
57334, 1, 1, 1, 0, 1, 0
58352, 4, 1, 1, 0, 4, 0
60237, 17, 7, 6, 1, 14, 3
60238, 0, 1, 1, 0, 0, 0
60239, 1, 5, 5, 0, 1, 0
60240, 0, 1, 1, 0, 0, 0
13287, 1, 0, 0, 0, 1, 0
13288, 2, 1, 1, 0, 2, 0
13289, 1, 1, 1, 0, 1, 0
14809, 0, 1, 1, 0, 0, 0
13292, 1, 0, 0, 0, 1, 0
13293, 3, 7, 6, 1, 3, 0
58220, 11, 6, 6, 0, 11, 0
83214, 0, 2, 2, 0, 0, 0
13294, 1, 0, 0, 0, 1, 0
13295, 0, 1, 1, 0, 0, 0
13297, 0, 1, 1, 0, 0, 0
19621, 4, 4, 4, 0, 4, 0
23244, 8, 5, 5, 0, 7, 1
24638, 13, 8, 8, 0, 13, 0
37326, 0, 3, 3, 0, 0, 0
50595, 1, 1, 1, 0, 1, 0
62397, 0, 1, 1, 0, 0, 0
62398, 3, 1, 1, 0, 3, 0
13770, 2, 8, 8, 0, 2, 0
13771, 0, 1, 1, 0, 0, 0
23934, 11, 1, 1, 0, 8, 3
105246, 1, 1, 0, 1, 1, 0
127551, 0, 1, 0, 1, 0, 0
14383, 7, 6, 6, 0, 7, 0
18028, 3, 3, 3, 0, 3, 0
63267, 4, 3, 2, 1, 3, 1
92464, 0, 1, 0, 1, 0, 0
100831, 1, 1, 0, 1, 1, 0
100847, 1, 1, 0, 1, 0, 1
100859, 0, 1, 0, 1, 0, 0
100860, 0, 1, 0, 1, 0, 0
100861, 0, 1, 0, 1, 0, 0
100862, 0, 1, 0, 1, 0, 0
100927, 0, 1, 0, 1, 0, 0
100928, 0, 1, 0, 1, 0, 0
100969, 0, 1, 0, 1, 0, 0
101160, 0, 1, 0, 1, 0, 0
13305, 1, 0, 0, 0, 1, 0
13306, 1, 0, 0, 0, 0, 1
17998, 6, 1, 1, 0, 5, 1
89589, 0, 1, 1, 0, 0, 0
89590, 0, 1, 1, 0, 0, 0
13308, 1, 0, 0, 0, 1, 0
13309, 1, 0, 0, 0, 1, 0
13310, 0, 1, 1, 0, 0, 0
13311, 1, 0, 0, 0, 1, 0
13313, 0, 1, 0, 1, 0, 0
13314, 1, 0, 0, 0, 0, 1
13315, 0, 2, 1, 1, 0, 0
13316, 1, 0, 0, 0, 1, 0
55776, 1, 3, 3, 0, 1, 0
54035, 0, 1, 1, 0, 0, 0
13324, 1, 0, 0, 0, 1, 0
13325, 3, 2, 2, 0, 2, 1
55815, 7, 4, 4, 0, 7, 0
55985, 8, 5, 5, 0, 8, 0
68540, 3, 4, 4, 0, 3, 0
68821, 7, 10, 10, 0, 7, 0
68823, 5, 7, 7, 0, 5, 0
69250, 0, 3, 3, 0, 0, 0
69347, 6, 6, 6, 0, 6, 0
69348, 0, 1, 1, 0, 0, 0
69349, 0, 1, 1, 0, 0, 0
46165, 5, 3, 3, 0, 5, 0
18980, 1, 2, 2, 0, 1, 0
28943, 3, 4, 4, 0, 3, 0
40524, 0, 1, 0, 1, 0, 0
18020, 3, 4, 4, 0, 3, 0
53286, 7, 4, 4, 0, 7, 0
54157, 0, 2, 2, 0, 0, 0
67933, 0, 1, 1, 0, 0, 0
13333, 1, 0, 0, 0, 1, 0
44352, 0, 1, 0, 1, 0, 0
13336, 1, 0, 0, 0, 0, 1
13338, 0, 1, 1, 0, 0, 0
13339, 1, 0, 0, 0, 0, 1
13340, 0, 2, 1, 1, 0, 0
13341, 1, 0, 0, 0, 1, 0
13343, 3, 0, 0, 0, 2, 1
13344, 0, 1, 1, 0, 0, 0
13345, 0, 1, 1, 0, 0, 0
13346, 1, 2, 1, 1, 1, 0
54942, 3, 1, 1, 0, 3, 0
111684, 0, 1, 1, 0, 0, 0
33363, 1, 1, 1, 0, 1, 0
13351, 1, 0, 0, 0, 0, 1
13352, 1, 1, 1, 0, 1, 0
13355, 1, 0, 0, 0, 1, 0
13356, 0, 2, 2, 0, 0, 0
13357, 1, 0, 0, 0, 1, 0
21562, 2, 1, 1, 0, 2, 0
41873, 1, 1, 1, 0, 1, 0
65013, 4, 5, 5, 0, 4, 0
79252, 0, 1, 0, 1, 0, 0
13359, 1, 0, 0, 0, 1, 0
13361, 2, 1, 0, 1, 1, 1
13362, 1, 0, 0, 0, 1, 0
13363, 1, 1, 1, 0, 1, 0
93081, 0, 1, 1, 0, 0, 0
13365, 1, 0, 0, 0, 1, 0
13366, 0, 2, 2, 0, 0, 0
74721, 0, 2, 2, 0, 0, 0
13369, 1, 0, 0, 0, 1, 0
13371, 1, 1, 1, 0, 1, 0
13372, 1, 1, 1, 0, 1, 0
13373, 1, 0, 0, 0, 0, 1
13374, 0, 2, 1, 1, 0, 0
13375, 1, 0, 0, 0, 1, 0
13376, 0, 1, 1, 0, 0, 0
13377, 1, 0, 0, 0, 1, 0
13378, 1, 0, 0, 0, 0, 1
13379, 1, 0, 0, 0, 1, 0
13381, 7, 0, 0, 0, 6, 1
13383, 3, 0, 0, 0, 3, 0
13384, 2, 1, 1, 0, 1, 1
87083, 3, 3, 3, 0, 3, 0
88011, 0, 3, 3, 0, 0, 0
13386, 1, 0, 0, 0, 0, 1
13387, 1, 0, 0, 0, 1, 0
13388, 0, 1, 1, 0, 0, 0
13826, 0, 1, 1, 0, 0, 0
13390, 1, 1, 1, 0, 1, 0
13393, 1, 0, 0, 0, 1, 0
13394, 1, 0, 0, 0, 1, 0
13395, 1, 0, 0, 0, 1, 0
13396, 1, 0, 0, 0, 0, 1
13398, 1, 0, 0, 0, 1, 0
13399, 0, 1, 1, 0, 0, 0
13400, 1, 0, 0, 0, 1, 0
41449, 4, 3, 2, 1, 4, 0
13405, 1, 0, 0, 0, 1, 0
13406, 1, 0, 0, 0, 1, 0
13412, 1, 1, 1, 0, 1, 0
13413, 2, 2, 2, 0, 2, 0
13417, 1, 3, 2, 1, 1, 0
13414, 1, 0, 0, 0, 0, 1
13415, 1, 0, 0, 0, 1, 0
13416, 1, 0, 0, 0, 1, 0
13418, 1, 0, 0, 0, 1, 0
15337, 1, 2, 2, 0, 1, 0
21686, 2, 1, 1, 0, 2, 0
89432, 0, 1, 1, 0, 0, 0
89433, 0, 1, 0, 1, 0, 0
20972, 0, 1, 0, 1, 0, 0
13423, 1, 0, 0, 0, 0, 1
13424, 1, 1, 0, 1, 1, 0
101058, 4, 3, 1, 2, 4, 0
13426, 1, 0, 0, 0, 1, 0
13427, 1, 0, 0, 0, 1, 0
13428, 1, 0, 0, 0, 1, 0
13429, 1, 0, 0, 0, 0, 1
13430, 1, 0, 0, 0, 1, 0
13431, 1, 0, 0, 0, 1, 0
13433, 1, 0, 0, 0, 1, 0
13434, 2, 2, 2, 0, 2, 0
13436, 1, 0, 0, 0, 1, 0
13437, 1, 0, 0, 0, 1, 0
56205, 0, 1, 1, 0, 0, 0
13440, 1, 0, 0, 0, 1, 0
46802, 0, 1, 1, 0, 0, 0
13442, 1, 0, 0, 0, 1, 0
13445, 1, 1, 1, 0, 1, 0
13446, 1, 2, 2, 0, 1, 0
13447, 1, 0, 0, 0, 1, 0
13448, 2, 0, 0, 0, 2, 0
13449, 4, 1, 1, 0, 3, 1
13450, 0, 1, 1, 0, 0, 0
13451, 0, 1, 0, 1, 0, 0
13453, 11, 1, 1, 0, 11, 0
13454, 0, 1, 1, 0, 0, 0
13455, 1, 0, 0, 0, 0, 1
13459, 1, 2, 1, 1, 1, 0
13460, 0, 1, 1, 0, 0, 0
13504, 0, 1, 1, 0, 0, 0
13507, 0, 1, 1, 0, 0, 0
117201, 3, 2, 2, 0, 3, 0
13464, 1, 1, 1, 0, 1, 0
13465, 1, 0, 0, 0, 1, 0
13466, 1, 0, 0, 0, 0, 1
13467, 2, 0, 0, 0, 1, 1
13469, 1, 0, 0, 0, 0, 1
13470, 3, 0, 0, 0, 1, 2
13471, 0, 1, 1, 0, 0, 0
13472, 1, 0, 0, 0, 1, 0
50156, 0, 1, 1, 0, 0, 0
13474, 1, 0, 0, 0, 1, 0
13475, 1, 0, 0, 0, 1, 0
65922, 0, 3, 2, 1, 0, 0
70670, 8, 2, 2, 0, 8, 0
34290, 2, 6, 6, 0, 2, 0
35678, 9, 6, 6, 0, 7, 2
37631, 1, 1, 1, 0, 1, 0
37830, 2, 1, 1, 0, 2, 0
38500, 14, 5, 3, 2, 14, 0
42353, 8, 6, 6, 0, 8, 0
44127, 10, 5, 5, 0, 10, 0
45434, 3, 2, 2, 0, 3, 0
54863, 0, 3, 3, 0, 0, 0
56001, 0, 2, 2, 0, 0, 0
68205, 1, 5, 4, 1, 1, 0
68261, 8, 5, 5, 0, 8, 0
69284, 12, 4, 4, 0, 9, 3
69287, 0, 3, 0, 3, 0, 0
69308, 1, 3, 3, 0, 1, 0
70569, 2, 1, 1, 0, 2, 0
73109, 2, 1, 1, 0, 2, 0
74528, 0, 3, 3, 0, 0, 0
75035, 1, 2, 2, 0, 1, 0
75140, 4, 3, 3, 0, 4, 0
76759, 2, 1, 1, 0, 2, 0
77114, 0, 2, 2, 0, 0, 0
78325, 1, 1, 1, 0, 1, 0
79784, 0, 3, 3, 0, 0, 0
83535, 2, 1, 1, 0, 2, 0
84469, 2, 2, 2, 0, 2, 0
90831, 0, 1, 1, 0, 0, 0
90832, 0, 1, 1, 0, 0, 0
90833, 0, 1, 1, 0, 0, 0
90834, 0, 1, 1, 0, 0, 0
90835, 0, 1, 1, 0, 0, 0
90836, 0, 1, 1, 0, 0, 0
90837, 0, 1, 1, 0, 0, 0
90838, 0, 1, 1, 0, 0, 0
90839, 0, 1, 1, 0, 0, 0
90840, 0, 1, 1, 0, 0, 0
90841, 0, 1, 1, 0, 0, 0
90842, 0, 1, 1, 0, 0, 0
90843, 0, 1, 1, 0, 0, 0
105756, 8, 3, 3, 0, 8, 0
107235, 6, 2, 2, 0, 6, 0
13479, 1, 0, 0, 0, 1, 0
13480, 1, 0, 0, 0, 1, 0
13481, 0, 1, 1, 0, 0, 0
13482, 2, 0, 0, 0, 2, 0
13484, 3, 1, 1, 0, 3, 0
13487, 3, 0, 0, 0, 3, 0
18561, 0, 1, 1, 0, 0, 0
14269, 16, 5, 4, 1, 16, 0
13490, 1, 1, 1, 0, 1, 0
13491, 5, 0, 0, 0, 3, 2
31956, 0, 1, 0, 1, 0, 0
13499, 1, 0, 0, 0, 1, 0
16242, 2, 7, 7, 0, 2, 0
40880, 2, 2, 1, 1, 2, 0
41484, 0, 4, 2, 2, 0, 0
54026, 1, 2, 2, 0, 1, 0
63745, 6, 2, 2, 0, 3, 3
65753, 3, 1, 1, 0, 3, 0
73669, 3, 4, 4, 0, 3, 0
76010, 2, 3, 3, 0, 2, 0
80613, 1, 1, 1, 0, 1, 0
82777, 1, 1, 1, 0, 1, 0
85766, 1, 1, 1, 0, 1, 0
85933, 0, 2, 2, 0, 0, 0
85934, 0, 1, 0, 1, 0, 0
85935, 0, 1, 1, 0, 0, 0
85936, 0, 1, 1, 0, 0, 0
85937, 0, 1, 1, 0, 0, 0
85938, 0, 1, 1, 0, 0, 0
85939, 0, 1, 1, 0, 0, 0
13501, 1, 0, 0, 0, 0, 1
13502, 3, 0, 0, 0, 3, 0
36530, 0, 4, 4, 0, 0, 0
63520, 0, 2, 2, 0, 0, 0
79160, 1, 1, 1, 0, 1, 0
41672, 2, 10, 3, 7, 2, 0
13509, 1, 0, 0, 0, 1, 0
13510, 2, 0, 0, 0, 2, 0
13511, 1, 0, 0, 0, 1, 0
13512, 1, 0, 0, 0, 1, 0
13513, 1, 0, 0, 0, 1, 0
41588, 4, 4, 4, 0, 4, 0
82528, 0, 2, 0, 2, 0, 0
93484, 1, 1, 1, 0, 1, 0
13515, 1, 0, 0, 0, 1, 0
13516, 1, 2, 2, 0, 1, 0
13517, 1, 0, 0, 0, 1, 0
123535, 0, 1, 0, 1, 0, 0
13519, 1, 1, 1, 0, 1, 0
22878, 1, 1, 1, 0, 1, 0
66394, 3, 6, 3, 3, 3, 0
71380, 0, 2, 2, 0, 0, 0
81685, 1, 1, 1, 0, 1, 0
13521, 1, 0, 0, 0, 0, 1
13522, 1, 0, 0, 0, 1, 0
13523, 1, 1, 1, 0, 1, 0
13524, 1, 1, 1, 0, 1, 0
44009, 5, 1, 1, 0, 5, 0
13527, 1, 0, 0, 0, 1, 0
13528, 1, 0, 0, 0, 1, 0
13529, 0, 2, 2, 0, 0, 0
13530, 1, 0, 0, 0, 1, 0
13533, 1, 0, 0, 0, 1, 0
13535, 1, 0, 0, 0, 1, 0
51445, 4, 3, 3, 0, 4, 0
13541, 1, 1, 1, 0, 1, 0
13607, 2, 1, 1, 0, 2, 0
13546, 1, 0, 0, 0, 0, 1
13547, 0, 2, 0, 2, 0, 0
13548, 1, 0, 0, 0, 1, 0
13550, 1, 0, 0, 0, 1, 0
13559, 1, 1, 1, 0, 1, 0
13561, 1, 0, 0, 0, 1, 0
13965, 0, 1, 0, 1, 0, 0
13966, 1, 1, 0, 1, 1, 0
13967, 0, 1, 0, 1, 0, 0
44830, 8, 2, 2, 0, 8, 0
13566, 1, 0, 0, 0, 1, 0
13567, 3, 1, 1, 0, 2, 1
101985, 0, 1, 1, 0, 0, 0
13568, 1, 0, 0, 0, 0, 1
13569, 3, 0, 0, 0, 3, 0
13570, 4, 5, 5, 0, 4, 0
52384, 7, 11, 11, 0, 7, 0
53492, 1, 1, 1, 0, 1, 0
53597, 0, 1, 1, 0, 0, 0
53598, 5, 6, 4, 2, 5, 0
13571, 1, 0, 0, 0, 1, 0
13573, 2, 2, 1, 1, 2, 0
13574, 0, 1, 1, 0, 0, 0
13575, 2, 0, 0, 0, 0, 2
13576, 0, 1, 0, 1, 0, 0
13577, 0, 1, 0, 1, 0, 0
13578, 1, 0, 0, 0, 1, 0
13579, 2, 0, 0, 0, 2, 0
13583, 1, 0, 0, 0, 1, 0
13584, 1, 0, 0, 0, 1, 0
13585, 0, 1, 1, 0, 0, 0
13586, 3, 0, 0, 0, 3, 0
32564, 8, 4, 4, 0, 8, 0
32565, 9, 5, 5, 0, 9, 0
13591, 1, 1, 1, 0, 1, 0
13592, 4, 2, 2, 0, 4, 0
13623, 3, 3, 2, 1, 3, 0
13593, 1, 0, 0, 0, 1, 0
13595, 1, 1, 1, 0, 1, 0
13596, 7, 0, 0, 0, 7, 0
13597, 0, 1, 1, 0, 0, 0
13598, 0, 1, 1, 0, 0, 0
13599, 2, 1, 1, 0, 0, 2
13601, 1, 0, 0, 0, 1, 0
13602, 1, 0, 0, 0, 1, 0
85993, 0, 2, 2, 0, 0, 0
13609, 1, 0, 0, 0, 1, 0
13610, 1, 0, 0, 0, 1, 0
13611, 1, 0, 0, 0, 1, 0
13612, 0, 1, 1, 0, 0, 0
13613, 1, 0, 0, 0, 1, 0
13614, 1, 0, 0, 0, 0, 1
13615, 1, 0, 0, 0, 0, 1
13617, 1, 0, 0, 0, 1, 0
13618, 0, 1, 1, 0, 0, 0
13619, 1, 0, 0, 0, 0, 1
13621, 1, 0, 0, 0, 1, 0
13622, 1, 0, 0, 0, 0, 1
13624, 1, 0, 0, 0, 1, 0
13625, 1, 3, 2, 1, 1, 0
13627, 1, 0, 0, 0, 1, 0
13628, 0, 1, 1, 0, 0, 0
13629, 1, 0, 0, 0, 1, 0
13630, 1, 0, 0, 0, 1, 0
13631, 2, 1, 1, 0, 2, 0
79512, 1, 1, 1, 0, 1, 0
100830, 1, 1, 1, 0, 1, 0
13633, 2, 0, 0, 0, 2, 0
37850, 7, 5, 5, 0, 7, 0
37852, 8, 7, 7, 0, 8, 0
37853, 9, 10, 10, 0, 9, 0
44530, 5, 5, 5, 0, 5, 0
60165, 7, 6, 6, 0, 7, 0
63461, 8, 5, 4, 1, 8, 0
68149, 8, 6, 6, 0, 8, 0
68770, 2, 5, 5, 0, 2, 0
72749, 6, 1, 1, 0, 6, 0
74277, 0, 1, 1, 0, 0, 0
74278, 0, 1, 1, 0, 0, 0
13635, 1, 0, 0, 0, 0, 1
49995, 8, 11, 11, 0, 8, 0
52842, 4, 2, 0, 2, 2, 2
68810, 1, 2, 2, 0, 1, 0
71472, 0, 6, 6, 0, 0, 0
89734, 0, 1, 1, 0, 0, 0
89735, 1, 1, 1, 0, 1, 0
125758, 2, 2, 1, 1, 2, 0
13637, 1, 0, 0, 0, 1, 0
19069, 3, 2, 2, 0, 3, 0
57740, 5, 2, 2, 0, 5, 0
60676, 1, 2, 2, 0, 1, 0
70143, 4, 4, 4, 0, 4, 0
72933, 1, 1, 1, 0, 1, 0
77191, 0, 3, 3, 0, 0, 0
77192, 0, 2, 2, 0, 0, 0
77193, 0, 1, 1, 0, 0, 0
102718, 2, 1, 1, 0, 2, 0
13639, 1, 0, 0, 0, 0, 1
13640, 1, 0, 0, 0, 1, 0
38789, 0, 1, 1, 0, 0, 0
13642, 1, 0, 0, 0, 1, 0
13643, 1, 0, 0, 0, 1, 0
13644, 3, 4, 3, 1, 1, 2
31674, 0, 1, 0, 1, 0, 0
13647, 1, 0, 0, 0, 1, 0
13648, 1, 0, 0, 0, 1, 0
13649, 1, 0, 0, 0, 0, 1
13650, 1, 0, 0, 0, 1, 0
13651, 2, 0, 0, 0, 2, 0
30157, 1, 1, 1, 0, 1, 0
129566, 1, 1, 1, 0, 1, 0
13655, 1, 0, 0, 0, 1, 0
13656, 0, 5, 5, 0, 0, 0
13658, 1, 0, 0, 0, 1, 0
13659, 0, 1, 1, 0, 0, 0
13660, 2, 0, 0, 0, 1, 1
13661, 0, 4, 2, 2, 0, 0
13662, 11, 1, 1, 0, 10, 1
13667, 0, 2, 2, 0, 0, 0
64384, 0, 2, 2, 0, 0, 0
110851, 1, 1, 1, 0, 1, 0
14377, 1, 1, 1, 0, 1, 0
14458, 0, 1, 1, 0, 0, 0
100573, 2, 2, 2, 0, 2, 0
56049, 1, 1, 1, 0, 1, 0
25857, 4, 3, 3, 0, 4, 0
63384, 1, 1, 1, 0, 1, 0
13671, 1, 0, 0, 0, 1, 0
13672, 3, 0, 0, 0, 1, 2
13673, 0, 1, 0, 1, 0, 0
13674, 1, 0, 0, 0, 1, 0
43497, 1, 1, 1, 0, 1, 0
45186, 1, 1, 1, 0, 1, 0
91087, 1, 1, 1, 0, 1, 0
91088, 0, 1, 0, 1, 0, 0
130222, 1, 4, 3, 1, 1, 0
13678, 1, 0, 0, 0, 1, 0
13679, 2, 0, 0, 0, 2, 0
13680, 1, 0, 0, 0, 1, 0
13682, 2, 0, 0, 0, 1, 1
16868, 4, 3, 2, 1, 3, 1
16869, 0, 1, 0, 1, 0, 0
16870, 3, 9, 8, 1, 3, 0
23530, 0, 1, 1, 0, 0, 0
23533, 6, 2, 2, 0, 6, 0
23535, 0, 1, 1, 0, 0, 0
48630, 5, 1, 1, 0, 5, 0
80789, 1, 2, 2, 0, 1, 0
96630, 3, 1, 1, 0, 3, 0
101881, 4, 2, 2, 0, 4, 0
102075, 0, 1, 1, 0, 0, 0
102088, 0, 1, 1, 0, 0, 0
13684, 1, 0, 0, 0, 1, 0
13685, 1, 0, 0, 0, 1, 0
13686, 1, 0, 0, 0, 0, 1
13687, 13, 11, 10, 1, 13, 0
18814, 4, 7, 7, 0, 4, 0
32591, 9, 3, 3, 0, 9, 0
42748, 7, 3, 3, 0, 7, 0
58601, 3, 1, 1, 0, 3, 0
58602, 2, 2, 2, 0, 2, 0
71386, 2, 1, 1, 0, 2, 0
13688, 1, 0, 0, 0, 1, 0
13692, 1, 0, 0, 0, 1, 0
13693, 1, 0, 0, 0, 1, 0
13694, 1, 0, 0, 0, 1, 0
13695, 1, 0, 0, 0, 1, 0
13755, 0, 1, 1, 0, 0, 0
13756, 0, 1, 1, 0, 0, 0
13757, 0, 1, 1, 0, 0, 0
13697, 1, 0, 0, 0, 1, 0
13698, 0, 1, 1, 0, 0, 0
13699, 1, 0, 0, 0, 1, 0
13700, 1, 0, 0, 0, 0, 1
14663, 2, 2, 2, 0, 2, 0
13707, 1, 0, 0, 0, 1, 0
13708, 0, 1, 1, 0, 0, 0
13709, 1, 0, 0, 0, 1, 0
13710, 5, 0, 0, 0, 5, 0
13713, 1, 0, 0, 0, 1, 0
38542, 1, 1, 1, 0, 1, 0
38664, 0, 2, 2, 0, 0, 0
25276, 1, 1, 1, 0, 1, 0
13717, 1, 0, 0, 0, 1, 0
13722, 1, 0, 0, 0, 1, 0
13723, 1, 0, 0, 0, 1, 0
13724, 1, 0, 0, 0, 1, 0
13725, 2, 0, 0, 0, 2, 0
79387, 1, 2, 1, 1, 1, 0
13727, 1, 0, 0, 0, 1, 0
13728, 1, 0, 0, 0, 0, 1
13729, 0, 2, 1, 1, 0, 0
13730, 1, 0, 0, 0, 1, 0
13731, 4, 2, 1, 1, 4, 0
78569, 1, 1, 1, 0, 1, 0
24937, 0, 1, 0, 1, 0, 0
110090, 1, 2, 2, 0, 1, 0
47336, 15, 15, 14, 1, 15, 0
69842, 4, 4, 4, 0, 4, 0
80296, 0, 1, 1, 0, 0, 0
102642, 0, 1, 1, 0, 0, 0
13736, 1, 0, 0, 0, 1, 0
13738, 1, 0, 0, 0, 1, 0
13739, 1, 0, 0, 0, 0, 1
13745, 1, 0, 0, 0, 1, 0
13746, 2, 0, 0, 0, 2, 0
13747, 2, 0, 0, 0, 0, 2
13748, 0, 4, 3, 1, 0, 0
13749, 1, 0, 0, 0, 1, 0
13750, 0, 1, 1, 0, 0, 0
13753, 0, 1, 1, 0, 0, 0
13754, 1, 0, 0, 0, 1, 0
13758, 1, 0, 0, 0, 1, 0
13759, 1, 0, 0, 0, 1, 0
13760, 1, 0, 0, 0, 1, 0
13761, 0, 1, 1, 0, 0, 0
13762, 1, 0, 0, 0, 1, 0
13764, 1, 0, 0, 0, 0, 1
13765, 3, 2, 1, 1, 2, 1
63623, 1, 1, 1, 0, 1, 0
13766, 1, 0, 0, 0, 0, 1
109110, 0, 1, 1, 0, 0, 0
109111, 0, 1, 1, 0, 0, 0
55914, 30, 17, 17, 0, 30, 0
66968, 2, 4, 4, 0, 2, 0
74304, 0, 2, 2, 0, 0, 0
80758, 0, 1, 1, 0, 0, 0
80759, 0, 1, 1, 0, 0, 0
70803, 34, 2, 2, 0, 34, 0
13773, 1, 0, 0, 0, 1, 0
13774, 1, 0, 0, 0, 1, 0
13775, 1, 0, 0, 0, 1, 0
13778, 1, 0, 0, 0, 0, 1
54088, 2, 2, 1, 1, 2, 0
62601, 0, 3, 3, 0, 0, 0
67705, 1, 3, 3, 0, 1, 0
76468, 1, 1, 1, 0, 1, 0
80401, 2, 1, 1, 0, 2, 0
81840, 0, 1, 1, 0, 0, 0
81841, 0, 1, 1, 0, 0, 0
81842, 0, 1, 1, 0, 0, 0
81843, 1, 2, 2, 0, 1, 0
81844, 0, 3, 3, 0, 0, 0
98020, 4, 2, 2, 0, 4, 0
102556, 0, 1, 1, 0, 0, 0
117338, 1, 4, 4, 0, 1, 0
18973, 1, 1, 1, 0, 1, 0
18977, 2, 1, 1, 0, 1, 1
13782, 1, 0, 0, 0, 1, 0
13783, 1, 0, 0, 0, 1, 0
13784, 1, 0, 0, 0, 1, 0
13785, 1, 0, 0, 0, 1, 0
13786, 3, 2, 2, 0, 3, 0
15348, 1, 2, 0, 2, 1, 0
61654, 0, 1, 0, 1, 0, 0
61655, 0, 3, 0, 3, 0, 0
61656, 0, 1, 0, 1, 0, 0
36694, 2, 1, 1, 0, 2, 0
36695, 3, 2, 2, 0, 2, 1
42336, 1, 2, 2, 0, 1, 0
98802, 4, 1, 1, 0, 2, 2
96577, 1, 1, 1, 0, 1, 0
13793, 2, 1, 1, 0, 2, 0
13797, 1, 0, 0, 0, 1, 0
13798, 1, 0, 0, 0, 1, 0
13799, 0, 2, 1, 1, 0, 0
13800, 2, 0, 0, 0, 0, 2
13801, 0, 1, 0, 1, 0, 0
13802, 1, 0, 0, 0, 0, 1
36963, 2, 2, 1, 1, 1, 1
49527, 0, 2, 1, 1, 0, 0
13805, 1, 0, 0, 0, 1, 0
13808, 8, 4, 4, 0, 7, 1
13810, 1, 0, 0, 0, 1, 0
18657, 1, 1, 1, 0, 1, 0
13813, 1, 0, 0, 0, 0, 1
13815, 1, 0, 0, 0, 1, 0
13817, 1, 0, 0, 0, 1, 0
13818, 1, 0, 0, 0, 0, 1
14349, 1, 1, 1, 0, 1, 0
13821, 1, 0, 0, 0, 0, 1
13823, 1, 0, 0, 0, 1, 0
45374, 2, 4, 4, 0, 2, 0
88600, 2, 5, 5, 0, 2, 0
88889, 0, 1, 1, 0, 0, 0
13827, 1, 0, 0, 0, 0, 1
13830, 1, 0, 0, 0, 0, 1
13831, 0, 1, 0, 1, 0, 0
13832, 1, 0, 0, 0, 1, 0
13833, 0, 1, 1, 0, 0, 0
13834, 1, 0, 0, 0, 1, 0
46325, 0, 1, 1, 0, 0, 0
46326, 0, 1, 1, 0, 0, 0
93546, 0, 1, 1, 0, 0, 0
13836, 1, 0, 0, 0, 0, 1
13839, 0, 1, 0, 1, 0, 0
13843, 14, 4, 4, 0, 10, 4
13844, 0, 3, 1, 2, 0, 0
13846, 4, 2, 1, 1, 4, 0
13847, 8, 4, 3, 1, 8, 0
104521, 1, 1, 1, 0, 1, 0
105620, 1, 2, 2, 0, 1, 0
21097, 9, 4, 4, 0, 5, 4
15413, 1, 1, 1, 0, 1, 0
15414, 1, 1, 1, 0, 1, 0
15415, 0, 1, 1, 0, 0, 0
15418, 0, 2, 2, 0, 0, 0
13849, 1, 0, 0, 0, 1, 0
13850, 1, 0, 0, 0, 1, 0
13851, 1, 1, 1, 0, 0, 1
24118, 0, 1, 0, 1, 0, 0
13855, 1, 0, 0, 0, 0, 1
13856, 0, 1, 0, 1, 0, 0
16405, 1, 1, 1, 0, 1, 0
41179, 3, 2, 2, 0, 3, 0
58971, 6, 1, 1, 0, 5, 1
73186, 2, 2, 2, 0, 2, 0
40333, 3, 2, 2, 0, 3, 0
40394, 3, 2, 2, 0, 2, 1
92274, 0, 2, 0, 2, 0, 0
92275, 0, 1, 0, 1, 0, 0
36003, 1, 1, 1, 0, 1, 0
37166, 0, 1, 1, 0, 0, 0
13870, 1, 0, 0, 0, 1, 0
13871, 1, 0, 0, 0, 0, 1
34424, 0, 2, 0, 2, 0, 0
60342, 0, 2, 2, 0, 0, 0
75064, 1, 3, 3, 0, 1, 0
75065, 0, 1, 1, 0, 0, 0
75066, 0, 1, 1, 0, 0, 0
75067, 0, 1, 1, 0, 0, 0
112434, 0, 1, 1, 0, 0, 0
13873, 4, 0, 0, 0, 4, 0
59650, 4, 2, 2, 0, 4, 0
61874, 2, 1, 1, 0, 1, 1
95312, 0, 1, 1, 0, 0, 0
14489, 11, 3, 3, 0, 11, 0
13889, 2, 0, 0, 0, 2, 0
13890, 0, 1, 1, 0, 0, 0
13891, 0, 1, 1, 0, 0, 0
39189, 2, 1, 1, 0, 2, 0
39899, 0, 2, 0, 2, 0, 0
59807, 0, 2, 0, 2, 0, 0
59808, 0, 1, 0, 1, 0, 0
59809, 0, 1, 0, 1, 0, 0
94583, 4, 2, 2, 0, 2, 2
106810, 1, 1, 1, 0, 1, 0
108717, 4, 3, 3, 0, 3, 1
13895, 1, 0, 0, 0, 0, 1
86038, 0, 1, 1, 0, 0, 0
86039, 0, 1, 1, 0, 0, 0
13899, 1, 0, 0, 0, 1, 0
13900, 5, 11, 11, 0, 5, 0
73093, 1, 1, 1, 0, 1, 0
13902, 1, 0, 0, 0, 1, 0
61778, 2, 5, 5, 0, 2, 0
87087, 4, 4, 4, 0, 4, 0
13904, 1, 0, 0, 0, 0, 1
13905, 1, 0, 0, 0, 1, 0
13907, 1, 0, 0, 0, 1, 0
47327, 2, 3, 3, 0, 1, 1
13909, 1, 0, 0, 0, 0, 1
13910, 1, 0, 0, 0, 0, 1
13911, 1, 0, 0, 0, 1, 0
13912, 1, 0, 0, 0, 1, 0
13914, 2, 0, 0, 0, 2, 0
13915, 0, 1, 1, 0, 0, 0
13916, 0, 1, 1, 0, 0, 0
13917, 2, 0, 0, 0, 1, 1
13918, 3, 3, 3, 0, 3, 0
13919, 0, 1, 0, 1, 0, 0
24752, 1, 2, 2, 0, 1, 0
13920, 1, 0, 0, 0, 0, 1
13921, 1, 0, 0, 0, 1, 0
13922, 1, 0, 0, 0, 0, 1
50993, 2, 2, 1, 1, 2, 0
68600, 0, 4, 4, 0, 0, 0
108733, 0, 1, 1, 0, 0, 0
109164, 1, 1, 1, 0, 1, 0
109696, 0, 1, 1, 0, 0, 0
13924, 1, 0, 0, 0, 1, 0
13925, 0, 1, 1, 0, 0, 0
13926, 2, 0, 0, 0, 2, 0
13927, 1, 0, 0, 0, 1, 0
13928, 0, 1, 1, 0, 0, 0
13929, 2, 0, 0, 0, 2, 0
17722, 1, 10, 10, 0, 1, 0
22598, 0, 1, 1, 0, 0, 0
84620, 9, 3, 3, 0, 9, 0
13932, 1, 0, 0, 0, 1, 0
13933, 0, 1, 1, 0, 0, 0
13935, 2, 0, 0, 0, 0, 2
13936, 6, 2, 2, 0, 6, 0
13937, 2, 5, 5, 0, 2, 0
13938, 1, 1, 1, 0, 1, 0
13939, 0, 1, 1, 0, 0, 0
13940, 0, 1, 1, 0, 0, 0
13942, 0, 1, 1, 0, 0, 0
14244, 3, 1, 1, 0, 3, 0
19111, 0, 2, 2, 0, 0, 0
31988, 2, 2, 1, 1, 2, 0
32651, 4, 1, 1, 0, 4, 0
43214, 2, 6, 6, 0, 2, 0
58420, 5, 10, 10, 0, 5, 0
58421, 9, 11, 11, 0, 9, 0
13943, 1, 0, 0, 0, 1, 0
57852, 1, 1, 0, 1, 0, 1
13945, 1, 0, 0, 0, 1, 0
81773, 0, 1, 1, 0, 0, 0
47475, 0, 1, 0, 1, 0, 0
13952, 1, 0, 0, 0, 1, 0
13953, 1, 0, 0, 0, 0, 1
80370, 0, 1, 1, 0, 0, 0
80371, 0, 1, 1, 0, 0, 0
13956, 1, 0, 0, 0, 1, 0
13957, 0, 3, 3, 0, 0, 0
13958, 5, 0, 0, 0, 4, 1
13960, 1, 0, 0, 0, 1, 0
13961, 1, 0, 0, 0, 0, 1
13968, 1, 0, 0, 0, 0, 1
13969, 1, 0, 0, 0, 1, 0
13970, 1, 0, 0, 0, 1, 0
13971, 2, 0, 0, 0, 2, 0
19838, 1, 1, 1, 0, 1, 0
20796, 7, 1, 1, 0, 7, 0
20797, 0, 2, 2, 0, 0, 0
13973, 2, 0, 0, 0, 2, 0
13975, 1, 0, 0, 0, 1, 0
84745, 1, 2, 2, 0, 1, 0
92788, 0, 1, 0, 1, 0, 0
92789, 0, 1, 0, 1, 0, 0
95498, 1, 2, 2, 0, 1, 0
98160, 3, 1, 1, 0, 3, 0
98174, 0, 3, 3, 0, 0, 0
98177, 0, 1, 1, 0, 0, 0
98298, 0, 1, 0, 1, 0, 0
99722, 0, 1, 1, 0, 0, 0
112163, 5, 5, 5, 0, 5, 0
13977, 3, 0, 0, 0, 3, 0
56769, 0, 2, 0, 2, 0, 0
65473, 0, 1, 0, 1, 0, 0
65476, 0, 1, 1, 0, 0, 0
13980, 1, 0, 0, 0, 1, 0
13981, 2, 0, 0, 0, 2, 0
13982, 0, 1, 1, 0, 0, 0
13983, 1, 0, 0, 0, 0, 1
13984, 1, 0, 0, 0, 1, 0
14009, 1, 1, 1, 0, 1, 0
13986, 2, 0, 0, 0, 1, 1
67919, 5, 4, 4, 0, 5, 0
13988, 1, 0, 0, 0, 0, 1
13989, 4, 3, 2, 1, 3, 1
13990, 1, 0, 0, 0, 1, 0
13991, 1, 0, 0, 0, 0, 1
112352, 6, 3, 3, 0, 5, 1
13994, 1, 1, 0, 1, 0, 1
13995, 2, 0, 0, 0, 2, 0
30655, 1, 2, 1, 1, 1, 0
36078, 2, 2, 2, 0, 2, 0
48279, 6, 3, 3, 0, 6, 0
13998, 1, 0, 0, 0, 0, 1
13999, 4, 0, 0, 0, 4, 0
14000, 0, 1, 1, 0, 0, 0
14001, 2, 0, 0, 0, 2, 0
14002, 1, 0, 0, 0, 0, 1
14003, 0, 3, 2, 1, 0, 0
14004, 1, 0, 0, 0, 1, 0
14008, 1, 0, 0, 0, 1, 0
14010, 2, 1, 1, 0, 1, 1
42768, 0, 2, 2, 0, 0, 0
14012, 1, 0, 0, 0, 0, 1
14013, 0, 1, 0, 1, 0, 0
14014, 2, 1, 1, 0, 2, 0
14015, 9, 0, 0, 0, 7, 2
30198, 5, 10, 10, 0, 5, 0
46328, 0, 1, 1, 0, 0, 0
68346, 1, 6, 5, 1, 1, 0
14020, 1, 0, 0, 0, 0, 1
14021, 1, 0, 0, 0, 1, 0
14022, 1, 0, 0, 0, 1, 0
14023, 1, 1, 1, 0, 1, 0
14028, 2, 2, 2, 0, 2, 0
14029, 1, 0, 0, 0, 1, 0
41562, 3, 1, 1, 0, 1, 2
14033, 1, 0, 0, 0, 0, 1
14034, 0, 1, 0, 1, 0, 0
14035, 1, 0, 0, 0, 1, 0
52779, 5, 5, 5, 0, 5, 0
63162, 0, 2, 2, 0, 0, 0
68814, 16, 6, 6, 0, 16, 0
68816, 0, 4, 4, 0, 0, 0
68818, 14, 6, 6, 0, 14, 0
69043, 2, 1, 1, 0, 2, 0
14037, 6, 3, 3, 0, 4, 2
65603, 0, 1, 1, 0, 0, 0
43599, 6, 7, 6, 1, 4, 2
65775, 0, 1, 0, 1, 0, 0
14042, 3, 0, 0, 0, 3, 0
14043, 2, 1, 1, 0, 2, 0
14044, 1, 0, 0, 0, 0, 1
14045, 1, 0, 0, 0, 1, 0
14046, 2, 0, 0, 0, 2, 0
14047, 3, 0, 0, 0, 3, 0
14050, 1, 0, 0, 0, 0, 1
14051, 4, 1, 1, 0, 4, 0
32814, 2, 1, 1, 0, 2, 0
102211, 1, 1, 1, 0, 1, 0
14054, 1, 1, 1, 0, 0, 1
74981, 1, 2, 2, 0, 1, 0
91284, 0, 1, 1, 0, 0, 0
91285, 0, 1, 1, 0, 0, 0
14056, 1, 0, 0, 0, 1, 0
14057, 1, 0, 0, 0, 1, 0
14058, 2, 0, 0, 0, 2, 0
14059, 7, 4, 4, 0, 7, 0
15544, 2, 2, 2, 0, 2, 0
45753, 3, 6, 5, 1, 1, 2
78763, 7, 6, 6, 0, 7, 0
79267, 4, 6, 6, 0, 4, 0
14064, 1, 0, 0, 0, 1, 0
20911, 1, 5, 5, 0, 1, 0
30623, 0, 1, 0, 1, 0, 0
14067, 2, 0, 0, 0, 2, 0
14068, 1, 0, 0, 0, 1, 0
64472, 3, 4, 4, 0, 3, 0
128765, 0, 1, 1, 0, 0, 0
128768, 0, 1, 1, 0, 0, 0
19284, 1, 1, 1, 0, 1, 0
21005, 2, 1, 1, 0, 2, 0
21843, 3, 8, 8, 0, 3, 0
45361, 6, 2, 2, 0, 5, 1
45362, 0, 1, 1, 0, 0, 0
45363, 0, 1, 1, 0, 0, 0
45364, 0, 1, 1, 0, 0, 0
45365, 0, 1, 0, 1, 0, 0
14073, 1, 0, 0, 0, 1, 0
14074, 1, 0, 0, 0, 1, 0
75271, 0, 1, 1, 0, 0, 0
14078, 1, 0, 0, 0, 1, 0
14079, 5, 0, 0, 0, 5, 0
14080, 3, 0, 0, 0, 2, 1
14081, 1, 3, 3, 0, 1, 0
14083, 1, 2, 0, 2, 1, 0
77007, 0, 2, 2, 0, 0, 0
77008, 0, 1, 1, 0, 0, 0
77009, 0, 1, 1, 0, 0, 0
77010, 0, 1, 1, 0, 0, 0
14086, 2, 0, 0, 0, 0, 2
14088, 1, 0, 0, 0, 0, 1
14089, 1, 0, 0, 0, 1, 0
14090, 2, 0, 0, 0, 0, 2
62045, 0, 1, 1, 0, 0, 0
14092, 1, 0, 0, 0, 1, 0
44227, 2, 10, 10, 0, 2, 0
68493, 34, 17, 17, 0, 33, 1
68634, 11, 8, 8, 0, 11, 0
68635, 0, 1, 1, 0, 0, 0
68637, 2, 1, 1, 0, 2, 0
68638, 0, 2, 2, 0, 0, 0
68639, 0, 1, 1, 0, 0, 0
68640, 0, 1, 1, 0, 0, 0
33557, 1, 1, 1, 0, 1, 0
39524, 1, 2, 1, 1, 1, 0
57183, 6, 8, 8, 0, 6, 0
39678, 13, 11, 11, 0, 12, 1
27295, 11, 4, 4, 0, 9, 2
74703, 8, 4, 3, 1, 8, 0
26481, 0, 2, 2, 0, 0, 0
65019, 0, 1, 1, 0, 0, 0
32621, 10, 4, 4, 0, 5, 5
70908, 1, 2, 2, 0, 1, 0
23050, 2, 2, 2, 0, 2, 0
28153, 1, 3, 2, 1, 1, 0
63769, 1, 1, 1, 0, 1, 0
26782, 17, 3, 2, 1, 17, 0
62775, 1, 2, 2, 0, 1, 0
62776, 0, 1, 1, 0, 0, 0
27847, 4, 6, 6, 0, 4, 0
49944, 1, 1, 1, 0, 1, 0
49946, 0, 1, 1, 0, 0, 0
49947, 0, 1, 1, 0, 0, 0
49948, 2, 1, 1, 0, 2, 0
49950, 0, 1, 1, 0, 0, 0
49951, 1, 3, 3, 0, 1, 0
49952, 0, 2, 2, 0, 0, 0
49953, 4, 1, 1, 0, 4, 0
44026, 0, 2, 2, 0, 0, 0
43854, 1, 1, 1, 0, 1, 0
62548, 0, 1, 1, 0, 0, 0
62549, 0, 1, 1, 0, 0, 0
62550, 0, 1, 1, 0, 0, 0
62551, 0, 1, 1, 0, 0, 0
62552, 0, 1, 1, 0, 0, 0
23025, 3, 4, 4, 0, 3, 0
40226, 20, 3, 3, 0, 20, 0
130065, 1, 1, 1, 0, 1, 0
44660, 7, 4, 4, 0, 7, 0
75330, 0, 1, 1, 0, 0, 0
99174, 8, 2, 2, 0, 8, 0
100116, 4, 1, 1, 0, 4, 0
17884, 0, 1, 1, 0, 0, 0
21833, 0, 1, 0, 1, 0, 0
19869, 2, 4, 4, 0, 2, 0
22959, 1, 1, 1, 0, 1, 0
40228, 0, 2, 2, 0, 0, 0
47310, 10, 9, 8, 1, 10, 0
71340, 3, 3, 3, 0, 3, 0
76968, 4, 7, 7, 0, 4, 0
78253, 1, 1, 1, 0, 1, 0
78559, 0, 2, 2, 0, 0, 0
84834, 5, 3, 3, 0, 5, 0
87524, 0, 1, 1, 0, 0, 0
87525, 0, 1, 1, 0, 0, 0
87526, 0, 1, 1, 0, 0, 0
87527, 0, 2, 2, 0, 0, 0
63739, 2, 2, 2, 0, 2, 0
14193, 1, 0, 0, 0, 0, 1
14194, 0, 1, 0, 1, 0, 0
14195, 1, 0, 0, 0, 1, 0
14198, 0, 1, 1, 0, 0, 0
14206, 1, 0, 0, 0, 1, 0
14210, 1, 0, 0, 0, 1, 0
14355, 1, 1, 1, 0, 0, 1
14460, 0, 1, 0, 1, 0, 0
14462, 2, 3, 3, 0, 2, 0
14463, 1, 1, 1, 0, 1, 0
14464, 0, 1, 1, 0, 0, 0
14465, 0, 1, 1, 0, 0, 0
14466, 0, 2, 1, 1, 0, 0
117443, 0, 1, 1, 0, 0, 0
14212, 1, 0, 0, 0, 1, 0
63877, 1, 1, 1, 0, 1, 0
14216, 1, 0, 0, 0, 1, 0
73336, 2, 2, 2, 0, 2, 0
14218, 1, 0, 0, 0, 0, 1
14219, 1, 0, 0, 0, 1, 0
28643, 0, 1, 1, 0, 0, 0
28644, 0, 1, 1, 0, 0, 0
14221, 2, 1, 1, 0, 2, 0
15863, 4, 1, 0, 1, 3, 1
14223, 1, 2, 2, 0, 1, 0
14224, 20, 5, 4, 1, 13, 7
99014, 1, 2, 1, 1, 0, 1
14225, 1, 7, 6, 1, 0, 1
14226, 0, 3, 2, 1, 0, 0
65380, 4, 1, 1, 0, 4, 0
95461, 3, 1, 1, 0, 2, 1
14229, 1, 0, 0, 0, 0, 1
14231, 1, 0, 0, 0, 1, 0
14232, 2, 1, 1, 0, 2, 0
14233, 0, 1, 1, 0, 0, 0
14234, 1, 1, 1, 0, 1, 0
14235, 2, 0, 0, 0, 2, 0
14236, 1, 0, 0, 0, 1, 0
14238, 2, 0, 0, 0, 2, 0
14239, 1, 0, 0, 0, 1, 0
14240, 1, 0, 0, 0, 1, 0
14241, 2, 0, 0, 0, 0, 2
67699, 1, 1, 0, 1, 1, 0
14242, 1, 0, 0, 0, 1, 0
14245, 2, 0, 0, 0, 2, 0
113003, 1, 2, 2, 0, 0, 1
14246, 1, 0, 0, 0, 1, 0
14247, 1, 0, 0, 0, 0, 1
14249, 1, 0, 0, 0, 1, 0
75055, 0, 3, 2, 1, 0, 0
124603, 0, 1, 1, 0, 0, 0
33666, 36, 10, 10, 0, 36, 0
33667, 15, 14, 14, 0, 15, 0
58516, 2, 3, 3, 0, 2, 0
62717, 1, 2, 2, 0, 1, 0
63448, 6, 10, 10, 0, 6, 0
67396, 0, 1, 1, 0, 0, 0
67397, 0, 2, 2, 0, 0, 0
101279, 0, 1, 0, 1, 0, 0
16525, 0, 1, 1, 0, 0, 0
16526, 0, 1, 1, 0, 0, 0
14259, 1, 0, 0, 0, 1, 0
98274, 0, 1, 1, 0, 0, 0
14262, 1, 0, 0, 0, 1, 0
65362, 1, 3, 3, 0, 1, 0
66742, 0, 1, 0, 1, 0, 0
66746, 1, 1, 0, 1, 1, 0
66747, 0, 1, 0, 1, 0, 0
14265, 1, 0, 0, 0, 1, 0
14266, 1, 0, 0, 0, 0, 1
38198, 2, 7, 7, 0, 2, 0
41591, 5, 4, 4, 0, 5, 0
41595, 0, 1, 1, 0, 0, 0
14270, 1, 0, 0, 0, 1, 0
14271, 1, 0, 0, 0, 1, 0
59203, 2, 3, 3, 0, 2, 0
59204, 3, 2, 2, 0, 2, 1
14273, 1, 0, 0, 0, 1, 0
14274, 1, 0, 0, 0, 1, 0
14277, 1, 0, 0, 0, 1, 0
14278, 0, 2, 2, 0, 0, 0
63051, 1, 4, 4, 0, 1, 0
31785, 2, 1, 1, 0, 2, 0
31786, 10, 3, 3, 0, 10, 0
52868, 11, 1, 1, 0, 11, 0
60475, 4, 1, 1, 0, 4, 0
61705, 3, 3, 3, 0, 2, 1
68434, 2, 1, 1, 0, 2, 0
14295, 3, 0, 0, 0, 3, 0
34595, 5, 6, 5, 1, 5, 0
44074, 0, 4, 3, 1, 0, 0
19198, 3, 1, 1, 0, 3, 0
19199, 1, 2, 2, 0, 1, 0
93419, 0, 1, 1, 0, 0, 0
93491, 0, 1, 1, 0, 0, 0
29832, 2, 2, 2, 0, 2, 0
31349, 2, 3, 3, 0, 2, 0
14301, 2, 0, 0, 0, 2, 0
14303, 1, 0, 0, 0, 1, 0
14304, 2, 1, 1, 0, 2, 0
14305, 1, 0, 0, 0, 1, 0
14308, 1, 0, 0, 0, 1, 0
14309, 1, 0, 0, 0, 1, 0
14310, 2, 1, 1, 0, 1, 1
14311, 1, 1, 1, 0, 1, 0
14312, 1, 0, 0, 0, 1, 0
14314, 1, 0, 0, 0, 1, 0
14315, 2, 0, 0, 0, 1, 1
14316, 0, 1, 1, 0, 0, 0
14317, 1, 0, 0, 0, 1, 0
14319, 1, 0, 0, 0, 1, 0
18760, 4, 6, 6, 0, 3, 1
96732, 1, 1, 1, 0, 1, 0
110456, 0, 1, 0, 1, 0, 0
25604, 1, 1, 1, 0, 1, 0
14328, 1, 1, 1, 0, 1, 0
14329, 1, 2, 2, 0, 1, 0
14330, 1, 0, 0, 0, 1, 0
14332, 1, 0, 0, 0, 1, 0
14333, 2, 0, 0, 0, 2, 0
14334, 0, 1, 1, 0, 0, 0
14335, 2, 1, 1, 0, 2, 0
14336, 1, 0, 0, 0, 1, 0
14338, 1, 0, 0, 0, 0, 1
14339, 1, 0, 0, 0, 1, 0
14340, 4, 0, 0, 0, 3, 1
14342, 1, 3, 3, 0, 1, 0
25346, 1, 3, 3, 0, 1, 0
14343, 1, 0, 0, 0, 1, 0
14344, 1, 1, 1, 0, 1, 0
14346, 1, 0, 0, 0, 1, 0
14350, 1, 0, 0, 0, 1, 0
14351, 2, 1, 0, 1, 1, 1
14352, 0, 1, 0, 1, 0, 0
104182, 0, 1, 1, 0, 0, 0
14356, 1, 0, 0, 0, 1, 0
14358, 1, 0, 0, 0, 0, 1
14360, 1, 0, 0, 0, 1, 0
14361, 1, 0, 0, 0, 1, 0
14362, 2, 0, 0, 0, 1, 1
14364, 3, 4, 3, 1, 2, 1
118495, 2, 1, 1, 0, 2, 0
14365, 1, 0, 0, 0, 1, 0
14367, 1, 0, 0, 0, 1, 0
14368, 1, 0, 0, 0, 1, 0
14369, 3, 1, 1, 0, 2, 1
19898, 3, 1, 0, 1, 3, 0
18808, 1, 1, 0, 1, 1, 0
35086, 6, 1, 1, 0, 3, 3
14375, 1, 0, 0, 0, 1, 0
14376, 1, 3, 3, 0, 1, 0
20033, 1, 1, 1, 0, 1, 0
14378, 1, 0, 0, 0, 1, 0
14380, 1, 0, 0, 0, 1, 0
63321, 1, 4, 3, 1, 1, 0
63322, 5, 4, 3, 1, 5, 0
14382, 5, 3, 3, 0, 5, 0
14384, 4, 2, 2, 0, 4, 0
14386, 8, 6, 6, 0, 8, 0
14983, 0, 2, 2, 0, 0, 0
14387, 1, 0, 0, 0, 1, 0
14389, 1, 1, 1, 0, 1, 0
14391, 2, 2, 2, 0, 2, 0
54089, 1, 1, 1, 0, 1, 0
55143, 0, 1, 0, 1, 0, 0
14393, 1, 0, 0, 0, 0, 1
14394, 0, 2, 1, 1, 0, 0
14395, 1, 0, 0, 0, 1, 0
14396, 4, 0, 0, 0, 4, 0
14397, 16, 2, 2, 0, 16, 0
55901, 14, 2, 2, 0, 14, 0
14400, 1, 2, 2, 0, 1, 0
14401, 1, 0, 0, 0, 1, 0
14402, 2, 1, 1, 0, 2, 0
14403, 1, 1, 1, 0, 1, 0
20124, 2, 1, 1, 0, 2, 0
25739, 1, 1, 1, 0, 1, 0
14405, 1, 0, 0, 0, 1, 0
14406, 1, 0, 0, 0, 1, 0
17090, 1, 3, 3, 0, 1, 0
17091, 2, 3, 3, 0, 2, 0
17094, 0, 3, 1, 2, 0, 0
17095, 0, 1, 1, 0, 0, 0
17096, 1, 1, 1, 0, 1, 0
35790, 1, 4, 4, 0, 1, 0
37523, 16, 4, 3, 1, 16, 0
40097, 8, 7, 7, 0, 8, 0
41646, 10, 7, 7, 0, 2, 8
52542, 1, 2, 2, 0, 1, 0
52891, 2, 2, 2, 0, 2, 0
55555, 6, 5, 5, 0, 5, 1
88296, 0, 4, 4, 0, 0, 0
93613, 2, 2, 2, 0, 2, 0
95190, 4, 2, 2, 0, 3, 1
95913, 0, 3, 3, 0, 0, 0
98130, 2, 3, 3, 0, 2, 0
98530, 1, 2, 2, 0, 1, 0
100921, 5, 1, 1, 0, 5, 0
102872, 1, 3, 3, 0, 1, 0
103721, 10, 2, 2, 0, 10, 0
103771, 0, 3, 3, 0, 0, 0
104368, 3, 2, 2, 0, 3, 0
104807, 0, 2, 2, 0, 0, 0
105821, 0, 1, 1, 0, 0, 0
105861, 0, 1, 1, 0, 0, 0
106021, 0, 1, 1, 0, 0, 0
106404, 0, 1, 1, 0, 0, 0
106415, 11, 4, 4, 0, 11, 0
106789, 7, 2, 2, 0, 7, 0
106972, 0, 1, 1, 0, 0, 0
107913, 0, 4, 4, 0, 0, 0
107914, 0, 1, 1, 0, 0, 0
114937, 1, 1, 1, 0, 1, 0
14408, 1, 2, 2, 0, 1, 0
14409, 5, 6, 6, 0, 5, 0
86377, 1, 1, 1, 0, 1, 0
86551, 0, 1, 1, 0, 0, 0
86552, 0, 1, 1, 0, 0, 0
96265, 0, 1, 1, 0, 0, 0
14410, 1, 0, 0, 0, 0, 1
14411, 0, 1, 0, 1, 0, 0
14412, 1, 0, 0, 0, 1, 0
14414, 1, 0, 0, 0, 1, 0
55063, 0, 1, 1, 0, 0, 0
55064, 0, 1, 1, 0, 0, 0
120502, 1, 1, 1, 0, 1, 0
14417, 1, 0, 0, 0, 1, 0
52557, 1, 1, 1, 0, 1, 0
53540, 0, 2, 0, 2, 0, 0
14420, 1, 0, 0, 0, 1, 0
14421, 1, 0, 0, 0, 1, 0
29569, 0, 1, 1, 0, 0, 0
14423, 1, 0, 0, 0, 1, 0
14424, 3, 0, 0, 0, 3, 0
14427, 1, 0, 0, 0, 1, 0
33308, 1, 2, 2, 0, 1, 0
14431, 0, 1, 1, 0, 0, 0
99874, 3, 3, 3, 0, 3, 0
120177, 1, 1, 1, 0, 1, 0
14867, 0, 2, 2, 0, 0, 0
15052, 2, 2, 2, 0, 0, 2
15632, 2, 1, 1, 0, 2, 0
16281, 0, 1, 1, 0, 0, 0
16284, 0, 2, 2, 0, 0, 0
16293, 2, 2, 2, 0, 2, 0
16296, 2, 2, 2, 0, 2, 0
16298, 0, 1, 1, 0, 0, 0
16299, 0, 1, 1, 0, 0, 0
16307, 1, 1, 1, 0, 1, 0
16319, 0, 1, 0, 1, 0, 0
16322, 2, 2, 2, 0, 2, 0
16325, 26, 9, 9, 0, 26, 0
16326, 7, 2, 2, 0, 7, 0
16327, 11, 6, 6, 0, 7, 4
16328, 1, 3, 2, 1, 1, 0
16333, 2, 3, 3, 0, 2, 0
49095, 2, 1, 1, 0, 1, 1
49096, 4, 7, 5, 2, 4, 0
53543, 1, 3, 3, 0, 1, 0
14439, 2, 0, 0, 0, 2, 0
14441, 0, 1, 1, 0, 0, 0
14442, 1, 0, 0, 0, 1, 0
14443, 1, 0, 0, 0, 1, 0
14448, 1, 0, 0, 0, 1, 0
14451, 2, 1, 1, 0, 1, 1
14452, 1, 1, 1, 0, 1, 0
14454, 1, 0, 0, 0, 1, 0
131200, 0, 1, 1, 0, 0, 0
22974, 2, 1, 1, 0, 2, 0
14467, 3, 0, 0, 0, 3, 0
14468, 42, 6, 6, 0, 10, 32
17309, 6, 14, 14, 0, 5, 1
14469, 1, 0, 0, 0, 1, 0
14470, 1, 0, 0, 0, 1, 0
14471, 3, 0, 0, 0, 2, 1
14474, 1, 0, 0, 0, 1, 0
14475, 0, 1, 1, 0, 0, 0
14476, 1, 0, 0, 0, 1, 0
31561, 1, 3, 3, 0, 1, 0
14480, 1, 0, 0, 0, 1, 0
14481, 0, 1, 1, 0, 0, 0
14482, 1, 0, 0, 0, 1, 0
48716, 3, 2, 2, 0, 3, 0
48947, 1, 1, 1, 0, 1, 0
14484, 1, 1, 1, 0, 1, 0
14485, 1, 1, 1, 0, 1, 0
14486, 5, 0, 0, 0, 5, 0
46729, 4, 1, 1, 0, 4, 0
46730, 0, 1, 1, 0, 0, 0
22481, 6, 1, 0, 1, 6, 0
94903, 0, 1, 1, 0, 0, 0
51239, 1, 2, 0, 2, 1, 0
14494, 1, 0, 0, 0, 1, 0
14495, 0, 1, 1, 0, 0, 0
14496, 2, 0, 0, 0, 2, 0
14498, 0, 3, 2, 1, 0, 0
45891, 14, 7, 6, 1, 14, 0
65853, 2, 4, 4, 0, 2, 0
87079, 0, 4, 4, 0, 0, 0
87953, 2, 1, 1, 0, 2, 0
89110, 3, 3, 3, 0, 3, 0
89844, 1, 1, 1, 0, 1, 0
90375, 1, 1, 1, 0, 1, 0
90527, 1, 1, 1, 0, 1, 0
91556, 2, 1, 1, 0, 1, 1
91651, 0, 1, 1, 0, 0, 0
91652, 0, 1, 1, 0, 0, 0
14499, 2, 0, 0, 0, 2, 0
14500, 1, 0, 0, 0, 1, 0
14501, 1, 0, 0, 0, 1, 0
14502, 0, 1, 1, 0, 0, 0
14503, 1, 0, 0, 0, 1, 0
14504, 1, 0, 0, 0, 1, 0
33973, 24, 5, 4, 1, 24, 0
126297, 8, 2, 1, 1, 8, 0
14510, 1, 1, 1, 0, 1, 0
14511, 6, 8, 8, 0, 6, 0
31294, 12, 7, 7, 0, 11, 1
31667, 2, 2, 2, 0, 2, 0
31668, 3, 3, 3, 0, 3, 0
32408, 0, 1, 1, 0, 0, 0
14514, 1, 0, 0, 0, 1, 0
15675, 0, 1, 1, 0, 0, 0
93241, 0, 1, 1, 0, 0, 0
15479, 16, 2, 2, 0, 13, 3
14525, 1, 1, 0, 1, 1, 0
14528, 0, 3, 2, 1, 0, 0
14529, 1, 1, 0, 1, 1, 0
14537, 1, 4, 3, 1, 1, 0
14543, 4, 1, 0, 1, 4, 0
14548, 0, 5, 4, 1, 0, 0
14550, 0, 6, 5, 1, 0, 0
14551, 10, 1, 0, 1, 10, 0
14561, 0, 2, 1, 1, 0, 0
60370, 7, 1, 0, 1, 6, 1
70189, 1, 1, 0, 1, 1, 0
92900, 0, 1, 0, 1, 0, 0
92901, 0, 1, 0, 1, 0, 0
91005, 1, 1, 1, 0, 1, 0
91547, 1, 1, 1, 0, 1, 0
124396, 0, 1, 0, 1, 0, 0
40835, 3, 7, 7, 0, 3, 0
74641, 5, 1, 1, 0, 5, 0
74642, 3, 8, 8, 0, 3, 0
89069, 4, 1, 1, 0, 4, 0
89120, 2, 1, 1, 0, 2, 0
74856, 3, 6, 6, 0, 3, 0
90479, 1, 1, 1, 0, 1, 0
90847, 1, 1, 1, 0, 1, 0
91426, 3, 1, 1, 0, 3, 0
91553, 1, 1, 1, 0, 1, 0
91630, 1, 1, 1, 0, 1, 0
92642, 0, 1, 1, 0, 0, 0
92643, 0, 1, 1, 0, 0, 0
123901, 0, 2, 1, 1, 0, 0
65655, 7, 7, 7, 0, 7, 0
70658, 0, 5, 5, 0, 0, 0
70659, 0, 6, 6, 0, 0, 0
70661, 0, 5, 5, 0, 0, 0
79335, 0, 1, 1, 0, 0, 0
38366, 2, 2, 1, 1, 2, 0
52613, 12, 3, 3, 0, 12, 0
79685, 0, 1, 1, 0, 0, 0
17427, 1, 1, 1, 0, 1, 0
79494, 0, 2, 1, 1, 0, 0
79495, 0, 1, 1, 0, 0, 0
85481, 0, 1, 1, 0, 0, 0
79510, 0, 1, 1, 0, 0, 0
43646, 3, 4, 4, 0, 2, 1
59871, 1, 1, 1, 0, 0, 1
60053, 1, 1, 1, 0, 1, 0
61388, 3, 2, 2, 0, 3, 0
66682, 1, 1, 1, 0, 1, 0
71024, 1, 1, 1, 0, 1, 0
71040, 1, 2, 2, 0, 1, 0
72880, 0, 1, 1, 0, 0, 0
72881, 0, 1, 1, 0, 0, 0
23801, 6, 10, 8, 2, 6, 0
57601, 1, 3, 3, 0, 1, 0
60105, 2, 3, 3, 0, 2, 0
75957, 0, 2, 1, 1, 0, 0
85374, 0, 2, 2, 0, 0, 0
85375, 0, 1, 1, 0, 0, 0
85376, 0, 1, 1, 0, 0, 0
42955, 2, 3, 3, 0, 2, 0
43181, 1, 2, 1, 1, 1, 0
54094, 3, 3, 1, 2, 3, 0
66621, 4, 5, 5, 0, 4, 0
66922, 8, 5, 5, 0, 8, 0
68197, 4, 8, 8, 0, 4, 0
69184, 5, 4, 4, 0, 5, 0
87265, 7, 5, 5, 0, 7, 0
87693, 2, 1, 1, 0, 2, 0
90271, 0, 1, 1, 0, 0, 0
90272, 0, 1, 1, 0, 0, 0
90274, 0, 2, 2, 0, 0, 0
90275, 0, 1, 1, 0, 0, 0
94141, 0, 1, 1, 0, 0, 0
98113, 1, 1, 1, 0, 1, 0
110320, 1, 1, 1, 0, 1, 0
110321, 1, 1, 1, 0, 1, 0
89153, 3, 1, 1, 0, 3, 0
89411, 0, 1, 1, 0, 0, 0
89412, 0, 1, 1, 0, 0, 0
23023, 2, 6, 6, 0, 2, 0
23752, 0, 5, 5, 0, 0, 0
49104, 4, 7, 7, 0, 4, 0
57554, 4, 2, 1, 1, 3, 1
59397, 9, 6, 6, 0, 9, 0
75989, 0, 2, 2, 0, 0, 0
78669, 1, 4, 4, 0, 1, 0
80603, 1, 5, 5, 0, 1, 0
84831, 0, 2, 2, 0, 0, 0
84897, 0, 2, 2, 0, 0, 0
87475, 1, 2, 2, 0, 1, 0
87834, 4, 3, 3, 0, 4, 0
89003, 0, 2, 2, 0, 0, 0
89005, 0, 1, 1, 0, 0, 0
89006, 0, 2, 2, 0, 0, 0
89007, 0, 1, 1, 0, 0, 0
89008, 0, 1, 1, 0, 0, 0
89012, 1, 1, 1, 0, 1, 0
86073, 3, 2, 2, 0, 0, 3
87923, 0, 3, 3, 0, 0, 0
87924, 0, 1, 1, 0, 0, 0
87925, 0, 1, 1, 0, 0, 0
67237, 0, 10, 10, 0, 0, 0
73369, 21, 7, 7, 0, 21, 0
74113, 2, 2, 2, 0, 2, 0
74114, 2, 2, 2, 0, 2, 0
14924, 0, 6, 6, 0, 0, 0
69850, 0, 3, 3, 0, 0, 0
73984, 5, 5, 4, 1, 5, 0
76811, 0, 2, 1, 1, 0, 0
76812, 0, 1, 1, 0, 0, 0
76813, 0, 1, 1, 0, 0, 0
63546, 7, 5, 4, 1, 7, 0
69691, 0, 3, 2, 1, 0, 0
69692, 4, 4, 4, 0, 4, 0
40947, 6, 6, 6, 0, 6, 0
40566, 12, 11, 11, 0, 9, 3
58625, 0, 4, 4, 0, 0, 0
63194, 0, 5, 5, 0, 0, 0
70796, 2, 2, 2, 0, 2, 0
70985, 9, 2, 2, 0, 9, 0
71767, 1, 1, 1, 0, 1, 0
73601, 1, 2, 2, 0, 1, 0
74357, 0, 4, 4, 0, 0, 0
74364, 0, 3, 3, 0, 0, 0
74670, 0, 3, 3, 0, 0, 0
75891, 1, 1, 1, 0, 1, 0
76888, 1, 1, 1, 0, 1, 0
78666, 1, 1, 1, 0, 1, 0
78668, 5, 2, 2, 0, 5, 0
78674, 1, 2, 2, 0, 1, 0
78675, 1, 3, 3, 0, 1, 0
78676, 2, 3, 3, 0, 2, 0
78677, 0, 4, 4, 0, 0, 0
78678, 1, 2, 2, 0, 1, 0
78679, 0, 5, 4, 1, 0, 0
78680, 0, 3, 3, 0, 0, 0
78682, 1, 1, 1, 0, 1, 0
78683, 1, 1, 1, 0, 1, 0
78685, 0, 1, 1, 0, 0, 0
78686, 0, 1, 1, 0, 0, 0
14565, 1, 0, 0, 0, 1, 0
14567, 1, 0, 0, 0, 1, 0
14568, 1, 0, 0, 0, 1, 0
14569, 1, 0, 0, 0, 1, 0
14570, 1, 0, 0, 0, 0, 1
14571, 3, 7, 6, 1, 3, 0
44110, 3, 10, 9, 1, 3, 0
62160, 2, 4, 4, 0, 2, 0
14572, 1, 0, 0, 0, 1, 0
14573, 1, 0, 0, 0, 1, 0
14574, 0, 1, 1, 0, 0, 0
14575, 1, 0, 0, 0, 0, 1
30687, 8, 1, 1, 0, 7, 1
32057, 16, 6, 4, 2, 16, 0
45407, 0, 1, 1, 0, 0, 0
45408, 0, 1, 1, 0, 0, 0
61684, 12, 5, 3, 2, 11, 1
97367, 8, 4, 4, 0, 7, 1
98829, 0, 5, 4, 1, 0, 0
99779, 2, 2, 2, 0, 2, 0
100038, 3, 1, 1, 0, 2, 1
100453, 5, 2, 2, 0, 5, 0
100454, 0, 2, 2, 0, 0, 0
100455, 0, 1, 1, 0, 0, 0
100456, 6, 7, 7, 0, 6, 0
100458, 3, 3, 3, 0, 3, 0
100529, 0, 4, 4, 0, 0, 0
100572, 2, 1, 1, 0, 1, 1
100608, 0, 1, 1, 0, 0, 0
26427, 0, 5, 5, 0, 0, 0
27682, 2, 2, 2, 0, 2, 0
39405, 1, 2, 1, 1, 1, 0
14583, 1, 0, 0, 0, 1, 0
14585, 1, 0, 0, 0, 1, 0
56082, 3, 3, 3, 0, 3, 0
81022, 0, 2, 2, 0, 0, 0
81023, 0, 1, 0, 1, 0, 0
81024, 0, 1, 1, 0, 0, 0
81025, 0, 3, 3, 0, 0, 0
124753, 0, 2, 1, 1, 0, 0
92212, 0, 1, 1, 0, 0, 0
125330, 1, 2, 2, 0, 1, 0
14596, 1, 0, 0, 0, 1, 0
14597, 0, 2, 2, 0, 0, 0
14598, 1, 0, 0, 0, 1, 0
14600, 1, 0, 0, 0, 1, 0
14601, 2, 0, 0, 0, 1, 1
14608, 4, 0, 0, 0, 4, 0
14609, 1, 0, 0, 0, 0, 1
14611, 1, 0, 0, 0, 1, 0
14612, 1, 0, 0, 0, 1, 0
14613, 1, 0, 0, 0, 1, 0
14615, 2, 0, 0, 0, 2, 0
42940, 17, 3, 1, 2, 13, 4
51536, 0, 2, 0, 2, 0, 0
63076, 2, 3, 2, 1, 2, 0
65986, 0, 2, 0, 2, 0, 0
14619, 1, 0, 0, 0, 1, 0
14620, 1, 0, 0, 0, 1, 0
14622, 3, 0, 0, 0, 3, 0
14623, 8, 0, 0, 0, 7, 1
14624, 3, 0, 0, 0, 3, 0
14625, 4, 0, 0, 0, 3, 1
20983, 3, 4, 3, 1, 3, 0
24104, 6, 5, 5, 0, 5, 1
57597, 2, 1, 1, 0, 2, 0
125735, 0, 1, 1, 0, 0, 0
25412, 1, 1, 1, 0, 1, 0
69802, 0, 1, 0, 1, 0, 0
15097, 3, 4, 4, 0, 2, 1
30176, 0, 3, 3, 0, 0, 0
32877, 11, 2, 2, 0, 11, 0
42682, 9, 3, 3, 0, 9, 0
44257, 5, 2, 2, 0, 5, 0
47410, 1, 1, 1, 0, 1, 0
47432, 2, 2, 2, 0, 2, 0
49663, 1, 3, 3, 0, 1, 0
49864, 1, 1, 1, 0, 1, 0
49922, 2, 2, 2, 0, 1, 1
49937, 4, 1, 1, 0, 4, 0
52370, 3, 3, 2, 1, 3, 0
55988, 0, 1, 1, 0, 0, 0
55991, 1, 2, 2, 0, 1, 0
55993, 0, 2, 1, 1, 0, 0
55994, 0, 1, 1, 0, 0, 0
55995, 0, 2, 2, 0, 0, 0
55996, 0, 2, 2, 0, 0, 0
55998, 0, 1, 1, 0, 0, 0
55999, 1, 1, 1, 0, 1, 0
56003, 6, 3, 3, 0, 5, 1
56004, 0, 1, 1, 0, 0, 0
14634, 1, 0, 0, 0, 1, 0
14635, 5, 4, 4, 0, 5, 0
77433, 1, 1, 1, 0, 1, 0
77603, 1, 1, 1, 0, 1, 0
77643, 0, 1, 1, 0, 0, 0
14636, 1, 0, 0, 0, 1, 0
14637, 12, 3, 3, 0, 5, 7
43712, 0, 4, 4, 0, 0, 0
14638, 1, 0, 0, 0, 1, 0
14639, 6, 3, 3, 0, 6, 0
50820, 1, 1, 1, 0, 1, 0
54165, 0, 1, 1, 0, 0, 0
54166, 0, 1, 1, 0, 0, 0
54167, 0, 1, 1, 0, 0, 0
54168, 0, 1, 1, 0, 0, 0
14640, 3, 1, 0, 1, 2, 1
14641, 0, 1, 1, 0, 0, 0
14642, 0, 1, 0, 1, 0, 0
14643, 1, 0, 0, 0, 1, 0
14644, 1, 2, 2, 0, 1, 0
14645, 1, 0, 0, 0, 1, 0
14648, 1, 2, 2, 0, 1, 0
14649, 0, 1, 1, 0, 0, 0
14651, 6, 2, 2, 0, 6, 0
14654, 0, 1, 1, 0, 0, 0
14655, 0, 1, 1, 0, 0, 0
14657, 0, 1, 1, 0, 0, 0
14658, 0, 1, 1, 0, 0, 0
99847, 5, 3, 3, 0, 5, 0
99869, 9, 2, 2, 0, 8, 1
103377, 1, 2, 2, 0, 1, 0
19952, 2, 1, 1, 0, 2, 0
22065, 1, 1, 1, 0, 0, 1
25444, 2, 1, 1, 0, 2, 0
25866, 1, 2, 2, 0, 1, 0
31427, 1, 2, 2, 0, 1, 0
32162, 2, 2, 1, 1, 2, 0
34755, 0, 2, 2, 0, 0, 0
35376, 7, 1, 1, 0, 7, 0
37680, 1, 3, 3, 0, 1, 0
38323, 4, 1, 1, 0, 3, 1
40645, 17, 11, 11, 0, 17, 0
41944, 0, 2, 2, 0, 0, 0
49786, 7, 2, 2, 0, 7, 0
71277, 2, 3, 3, 0, 2, 0
76040, 0, 4, 4, 0, 0, 0
80081, 0, 1, 1, 0, 0, 0
80082, 0, 1, 1, 0, 0, 0
80083, 0, 1, 1, 0, 0, 0
80084, 0, 1, 1, 0, 0, 0
80085, 0, 2, 2, 0, 0, 0
80086, 0, 1, 1, 0, 0, 0
80087, 0, 4, 4, 0, 0, 0
80088, 0, 1, 1, 0, 0, 0
80089, 0, 1, 1, 0, 0, 0
80090, 0, 1, 1, 0, 0, 0
80091, 0, 1, 1, 0, 0, 0
80092, 0, 1, 1, 0, 0, 0
80093, 0, 1, 1, 0, 0, 0
80094, 1, 1, 1, 0, 1, 0
80095, 0, 1, 1, 0, 0, 0
80096, 0, 1, 1, 0, 0, 0
80097, 0, 1, 1, 0, 0, 0
61547, 0, 10, 10, 0, 0, 0
84407, 1, 3, 3, 0, 1, 0
91354, 1, 1, 1, 0, 1, 0
92766, 0, 1, 1, 0, 0, 0
92767, 0, 1, 1, 0, 0, 0
92768, 0, 2, 2, 0, 0, 0
14659, 1, 0, 0, 0, 1, 0
14660, 8, 3, 3, 0, 8, 0
35566, 0, 2, 2, 0, 0, 0
36267, 1, 1, 1, 0, 1, 0
14661, 1, 0, 0, 0, 1, 0
14662, 1, 0, 0, 0, 1, 0
16270, 5, 5, 5, 0, 5, 0
14664, 1, 0, 0, 0, 0, 1
48929, 2, 2, 2, 0, 2, 0
56665, 1, 2, 2, 0, 1, 0
57868, 9, 10, 10, 0, 9, 0
66266, 5, 2, 2, 0, 5, 0
69936, 5, 1, 1, 0, 5, 0
73604, 2, 2, 2, 0, 2, 0
73605, 2, 2, 2, 0, 2, 0
75003, 1, 1, 1, 0, 1, 0
75595, 1, 2, 2, 0, 1, 0
77175, 0, 1, 1, 0, 0, 0
77176, 0, 1, 1, 0, 0, 0
77177, 0, 1, 1, 0, 0, 0
77178, 0, 1, 1, 0, 0, 0
77179, 0, 1, 1, 0, 0, 0
14666, 1, 0, 0, 0, 1, 0
14667, 1, 0, 0, 0, 1, 0
14668, 1, 3, 3, 0, 1, 0
14670, 1, 0, 0, 0, 0, 1
14671, 0, 1, 0, 1, 0, 0
14673, 3, 1, 1, 0, 2, 1
127026, 4, 4, 2, 2, 4, 0
14676, 1, 1, 1, 0, 1, 0
14706, 1, 0, 0, 0, 1, 0
14707, 2, 0, 0, 0, 2, 0
34072, 4, 2, 2, 0, 4, 0
26194, 2, 2, 2, 0, 1, 1
29076, 2, 2, 2, 0, 2, 0
78357, 0, 1, 0, 1, 0, 0
14715, 1, 1, 1, 0, 1, 0
36906, 0, 3, 3, 0, 0, 0
52988, 5, 3, 3, 0, 5, 0
62222, 2, 1, 1, 0, 2, 0
84912, 1, 2, 2, 0, 1, 0
87445, 2, 2, 2, 0, 2, 0
90487, 0, 1, 1, 0, 0, 0
90488, 1, 1, 1, 0, 1, 0
90489, 0, 2, 1, 1, 0, 0
14717, 1, 0, 0, 0, 0, 1
14718, 0, 1, 0, 1, 0, 0
14719, 1, 0, 0, 0, 0, 1
14720, 1, 0, 0, 0, 1, 0
14722, 1, 0, 0, 0, 0, 1
14723, 1, 0, 0, 0, 0, 1
14724, 1, 0, 0, 0, 1, 0
14725, 7, 0, 0, 0, 7, 0
14726, 1, 2, 2, 0, 0, 1
14727, 0, 1, 1, 0, 0, 0
14728, 0, 1, 1, 0, 0, 0
57872, 1, 1, 1, 0, 1, 0
61325, 0, 1, 1, 0, 0, 0
61326, 0, 1, 1, 0, 0, 0
92178, 4, 2, 2, 0, 4, 0
99721, 0, 1, 1, 0, 0, 0
70180, 3, 2, 2, 0, 3, 0
14732, 7, 0, 0, 0, 2, 5
14733, 0, 1, 0, 1, 0, 0
14734, 0, 2, 0, 2, 0, 0
14737, 0, 1, 0, 1, 0, 0
25711, 1, 1, 1, 0, 1, 0
37612, 0, 2, 2, 0, 0, 0
14738, 2, 0, 0, 0, 1, 1
22004, 2, 1, 1, 0, 2, 0
14739, 1, 0, 0, 0, 1, 0
14740, 21, 8, 8, 0, 21, 0
44884, 0, 1, 1, 0, 0, 0
14741, 3, 2, 2, 0, 3, 0
117272, 10, 1, 1, 0, 10, 0
14742, 1, 0, 0, 0, 1, 0
14743, 0, 1, 1, 0, 0, 0
14744, 1, 0, 0, 0, 1, 0
14745, 1, 1, 1, 0, 0, 1
14746, 1, 0, 0, 0, 1, 0
92610, 0, 1, 1, 0, 0, 0
14748, 1, 1, 1, 0, 1, 0
14749, 2, 3, 3, 0, 2, 0
85674, 1, 2, 2, 0, 1, 0
14750, 1, 0, 0, 0, 1, 0
14752, 1, 0, 0, 0, 1, 0
14754, 0, 1, 0, 1, 0, 0
88517, 0, 1, 0, 1, 0, 0
24724, 3, 5, 5, 0, 2, 1
24727, 3, 4, 4, 0, 3, 0
47662, 3, 4, 4, 0, 3, 0
71514, 1, 1, 1, 0, 1, 0
48501, 4, 3, 3, 0, 4, 0
62977, 0, 1, 0, 1, 0, 0
62978, 0, 1, 0, 1, 0, 0
62979, 0, 1, 0, 1, 0, 0
14764, 1, 1, 1, 0, 1, 0
14765, 3, 2, 2, 0, 3, 0
20220, 0, 1, 1, 0, 0, 0
20221, 0, 1, 0, 1, 0, 0
48091, 0, 1, 0, 1, 0, 0
48094, 0, 1, 0, 1, 0, 0
14768, 3, 0, 0, 0, 3, 0
14769, 0, 1, 1, 0, 0, 0
14770, 0, 1, 1, 0, 0, 0
96563, 0, 1, 1, 0, 0, 0
14772, 1, 0, 0, 0, 0, 1
14773, 1, 1, 1, 0, 1, 0
19564, 2, 2, 2, 0, 2, 0
27720, 5, 10, 5, 5, 5, 0
34089, 2, 8, 8, 0, 2, 0
34091, 0, 1, 1, 0, 0, 0
34096, 0, 1, 1, 0, 0, 0
34098, 0, 3, 2, 1, 0, 0
34099, 0, 1, 1, 0, 0, 0
34102, 1, 1, 1, 0, 1, 0
34103, 1, 5, 3, 2, 1, 0
34105, 0, 1, 1, 0, 0, 0
34111, 0, 1, 1, 0, 0, 0
99531, 1, 1, 1, 0, 1, 0
101507, 2, 1, 1, 0, 2, 0
102927, 0, 1, 1, 0, 0, 0
102928, 0, 1, 1, 0, 0, 0
103509, 0, 1, 1, 0, 0, 0
104631, 2, 3, 3, 0, 2, 0
14775, 1, 0, 0, 0, 1, 0
14777, 1, 0, 0, 0, 1, 0
14778, 2, 0, 0, 0, 2, 0
14781, 1, 0, 0, 0, 0, 1
14782, 0, 1, 0, 1, 0, 0
14783, 5, 0, 0, 0, 5, 0
14784, 0, 1, 1, 0, 0, 0
14785, 1, 1, 1, 0, 1, 0
14786, 0, 1, 1, 0, 0, 0
14787, 0, 1, 1, 0, 0, 0
14788, 0, 2, 2, 0, 0, 0
14791, 1, 0, 0, 0, 1, 0
61311, 1, 1, 1, 0, 1, 0
35189, 7, 2, 1, 1, 7, 0
125613, 1, 1, 1, 0, 1, 0
14800, 4, 0, 0, 0, 4, 0
14802, 0, 1, 1, 0, 0, 0
45671, 2, 1, 1, 0, 2, 0
14804, 1, 0, 0, 0, 1, 0
14805, 1, 0, 0, 0, 1, 0
68676, 4, 3, 3, 0, 4, 0
76157, 2, 2, 1, 1, 2, 0
79259, 8, 3, 3, 0, 8, 0
79260, 0, 1, 1, 0, 0, 0
79261, 0, 1, 1, 0, 0, 0
79262, 0, 1, 1, 0, 0, 0
79263, 1, 1, 1, 0, 1, 0
79264, 2, 2, 1, 1, 1, 1
14810, 1, 0, 0, 0, 1, 0
14811, 0, 1, 1, 0, 0, 0
14812, 2, 0, 0, 0, 2, 0
48263, 3, 5, 4, 1, 3, 0
65630, 0, 2, 2, 0, 0, 0
79660, 2, 1, 1, 0, 2, 0
79806, 0, 1, 1, 0, 0, 0
79807, 1, 2, 2, 0, 1, 0
14814, 1, 0, 0, 0, 1, 0
14815, 0, 1, 1, 0, 0, 0
14816, 1, 0, 0, 0, 1, 0
15580, 1, 1, 1, 0, 1, 0
14818, 1, 0, 0, 0, 1, 0
45651, 1, 2, 2, 0, 1, 0
48665, 0, 1, 1, 0, 0, 0
48668, 2, 4, 4, 0, 2, 0
48669, 0, 1, 0, 1, 0, 0
14820, 1, 0, 0, 0, 1, 0
59842, 1, 2, 2, 0, 1, 0
26050, 8, 11, 10, 1, 8, 0
39555, 4, 1, 0, 1, 3, 1
86351, 0, 1, 1, 0, 0, 0
86352, 0, 1, 1, 0, 0, 0
86353, 0, 1, 1, 0, 0, 0
19142, 19, 10, 10, 0, 18, 1
22394, 7, 1, 1, 0, 7, 0
22547, 2, 1, 1, 0, 2, 0
23454, 2, 1, 1, 0, 2, 0
24136, 6, 1, 1, 0, 6, 0
24139, 7, 1, 1, 0, 7, 0
24142, 1, 1, 1, 0, 1, 0
24145, 1, 1, 1, 0, 1, 0
24152, 17, 2, 2, 0, 16, 1
24156, 1, 2, 2, 0, 1, 0
24160, 1, 1, 1, 0, 1, 0
24162, 8, 1, 1, 0, 8, 0
24164, 10, 3, 3, 0, 10, 0
24167, 5, 2, 2, 0, 4, 1
24169, 1, 1, 1, 0, 1, 0
24170, 0, 1, 1, 0, 0, 0
24171, 0, 1, 1, 0, 0, 0
24174, 1, 2, 2, 0, 1, 0
24178, 1, 1, 1, 0, 1, 0
24184, 14, 9, 9, 0, 14, 0
57186, 0, 2, 2, 0, 0, 0
57187, 4, 7, 7, 0, 4, 0
67194, 5, 4, 4, 0, 5, 0
67198, 7, 6, 6, 0, 7, 0
67199, 1, 3, 3, 0, 1, 0
14826, 1, 0, 0, 0, 1, 0
14827, 1, 0, 0, 0, 1, 0
41906, 11, 5, 5, 0, 6, 5
92268, 0, 1, 0, 1, 0, 0
92269, 0, 1, 0, 1, 0, 0
14830, 1, 0, 0, 0, 1, 0
14831, 2, 0, 0, 0, 0, 2
14834, 6, 3, 2, 1, 6, 0
14835, 3, 1, 1, 0, 3, 0
14836, 3, 2, 2, 0, 3, 0
29219, 2, 1, 1, 0, 2, 0
14837, 1, 0, 0, 0, 1, 0
14838, 1, 0, 0, 0, 0, 1
14839, 1, 0, 0, 0, 1, 0
15036, 3, 2, 2, 0, 3, 0
14842, 2, 0, 0, 0, 2, 0
14843, 0, 1, 1, 0, 0, 0
14846, 2, 0, 0, 0, 2, 0
14847, 0, 1, 1, 0, 0, 0
115383, 0, 3, 3, 0, 0, 0
14848, 1, 0, 0, 0, 1, 0
14850, 1, 0, 0, 0, 1, 0
14851, 0, 2, 2, 0, 0, 0
14852, 1, 0, 0, 0, 1, 0
37940, 1, 1, 1, 0, 1, 0
106467, 0, 1, 1, 0, 0, 0
14854, 2, 0, 0, 0, 0, 2
14855, 1, 0, 0, 0, 1, 0
14856, 1, 0, 0, 0, 1, 0
14857, 1, 0, 0, 0, 1, 0
14858, 2, 2, 2, 0, 2, 0
14859, 3, 1, 1, 0, 3, 0
29174, 0, 3, 2, 1, 0, 0
51575, 5, 4, 4, 0, 3, 2
26268, 1, 1, 1, 0, 1, 0
37038, 5, 2, 2, 0, 4, 1
14862, 2, 0, 0, 0, 2, 0
14863, 1, 0, 0, 0, 1, 0
14864, 1, 0, 0, 0, 1, 0
14865, 1, 0, 0, 0, 0, 1
14866, 1, 0, 0, 0, 1, 0
14868, 2, 0, 0, 0, 2, 0
15394, 3, 3, 2, 1, 3, 0
14871, 1, 0, 0, 0, 1, 0
14872, 10, 0, 0, 0, 10, 0
14873, 0, 1, 1, 0, 0, 0
14874, 0, 5, 5, 0, 0, 0
14875, 3, 0, 0, 0, 2, 1
107073, 0, 1, 1, 0, 0, 0
14877, 1, 0, 0, 0, 0, 1
14878, 2, 0, 0, 0, 1, 1
22510, 1, 1, 1, 0, 1, 0
26371, 40, 9, 9, 0, 35, 5
29340, 3, 3, 3, 0, 3, 0
30234, 0, 2, 2, 0, 0, 0
14880, 1, 0, 0, 0, 1, 0
14882, 1, 0, 0, 0, 1, 0
38353, 1, 1, 1, 0, 1, 0
14884, 2, 1, 1, 0, 1, 1
14886, 1, 0, 0, 0, 1, 0
14887, 1, 1, 1, 0, 1, 0
14889, 1, 0, 0, 0, 1, 0
14891, 1, 0, 0, 0, 1, 0
14892, 1, 0, 0, 0, 1, 0
14893, 0, 1, 1, 0, 0, 0
14894, 1, 0, 0, 0, 0, 1
70116, 4, 3, 3, 0, 4, 0
71227, 7, 3, 2, 1, 7, 0
77532, 0, 2, 2, 0, 0, 0
77533, 4, 1, 1, 0, 4, 0
77534, 0, 1, 1, 0, 0, 0
77535, 0, 1, 1, 0, 0, 0
14896, 1, 0, 0, 0, 1, 0
14897, 1, 0, 0, 0, 0, 1
14898, 1, 0, 0, 0, 0, 1
14899, 1, 0, 0, 0, 1, 0
14900, 2, 0, 0, 0, 0, 2
14901, 1, 1, 1, 0, 1, 0
14902, 7, 4, 4, 0, 7, 0
15655, 0, 1, 1, 0, 0, 0
14903, 2, 0, 0, 0, 1, 1
14905, 1, 0, 0, 0, 1, 0
14906, 1, 0, 0, 0, 1, 0
14911, 1, 0, 0, 0, 1, 0
14912, 1, 0, 0, 0, 1, 0
45517, 4, 2, 2, 0, 4, 0
56078, 1, 2, 2, 0, 1, 0
14929, 2, 1, 1, 0, 1, 1
14931, 8, 1, 1, 0, 6, 2
48926, 8, 1, 0, 1, 3, 5
58317, 0, 1, 0, 1, 0, 0
58319, 0, 2, 2, 0, 0, 0
58321, 0, 1, 0, 1, 0, 0
27015, 0, 5, 5, 0, 0, 0
27131, 1, 2, 2, 0, 0, 1
14936, 0, 1, 1, 0, 0, 0
14937, 1, 1, 1, 0, 1, 0
14938, 0, 2, 2, 0, 0, 0
43436, 5, 4, 2, 2, 4, 1
93308, 0, 1, 1, 0, 0, 0
98267, 0, 2, 0, 2, 0, 0
14939, 21, 0, 0, 0, 21, 0
17082, 1, 4, 3, 1, 1, 0
118396, 0, 1, 1, 0, 0, 0
118398, 0, 1, 1, 0, 0, 0
118786, 0, 1, 1, 0, 0, 0
14943, 1, 2, 2, 0, 1, 0
14944, 3, 4, 4, 0, 3, 0
14950, 2, 2, 2, 0, 2, 0
14951, 1, 2, 2, 0, 1, 0
14945, 2, 0, 0, 0, 1, 1
26005, 7, 3, 2, 1, 7, 0
49234, 2, 3, 3, 0, 2, 0
68133, 3, 3, 3, 0, 3, 0
68134, 1, 3, 3, 0, 1, 0
68302, 0, 2, 2, 0, 0, 0
69321, 0, 1, 1, 0, 0, 0
14948, 1, 0, 0, 0, 1, 0
14949, 1, 0, 0, 0, 1, 0
14952, 1, 0, 0, 0, 1, 0
14954, 1, 0, 0, 0, 1, 0
14957, 1, 0, 0, 0, 1, 0
14958, 5, 5, 5, 0, 5, 0
55740, 2, 1, 1, 0, 1, 1
67059, 0, 2, 2, 0, 0, 0
78788, 1, 1, 1, 0, 1, 0
14959, 1, 0, 0, 0, 0, 1
14960, 1, 0, 0, 0, 1, 0
14963, 1, 0, 0, 0, 0, 1
14965, 1, 0, 0, 0, 1, 0
14966, 2, 0, 0, 0, 1, 1
14968, 3, 0, 0, 0, 2, 1
14970, 0, 1, 1, 0, 0, 0
14972, 2, 0, 0, 0, 2, 0
14973, 0, 1, 1, 0, 0, 0
26185, 0, 1, 1, 0, 0, 0
14975, 1, 0, 0, 0, 1, 0
57557, 1, 2, 2, 0, 1, 0
59939, 0, 1, 0, 1, 0, 0
59940, 0, 1, 0, 1, 0, 0
59941, 1, 3, 2, 1, 1, 0
14979, 2, 0, 0, 0, 0, 2
63794, 1, 2, 2, 0, 1, 0
80929, 3, 5, 5, 0, 3, 0
80930, 0, 1, 1, 0, 0, 0
80931, 0, 1, 1, 0, 0, 0
14981, 1, 0, 0, 0, 1, 0
14982, 1, 0, 0, 0, 1, 0
14985, 1, 0, 0, 0, 1, 0
14986, 1, 0, 0, 0, 1, 0
14987, 1, 0, 0, 0, 1, 0
14988, 1, 0, 0, 0, 1, 0
14990, 3, 0, 0, 0, 3, 0
19048, 1, 1, 1, 0, 1, 0
14992, 1, 0, 0, 0, 0, 1
14994, 3, 0, 0, 0, 3, 0
14995, 2, 2, 2, 0, 2, 0
14997, 1, 0, 0, 0, 0, 1
14998, 1, 0, 0, 0, 1, 0
14999, 0, 1, 1, 0, 0, 0
15000, 1, 0, 0, 0, 0, 1
15001, 1, 0, 0, 0, 1, 0
15002, 1, 1, 1, 0, 1, 0
15003, 2, 0, 0, 0, 2, 0
15004, 1, 0, 0, 0, 1, 0
58557, 0, 3, 3, 0, 0, 0
59622, 0, 4, 2, 2, 0, 0
67951, 0, 1, 1, 0, 0, 0
15007, 1, 0, 0, 0, 1, 0
15009, 1, 0, 0, 0, 1, 0
15010, 0, 5, 5, 0, 0, 0
15011, 2, 0, 0, 0, 2, 0
15012, 1, 0, 0, 0, 1, 0
15013, 1, 0, 0, 0, 1, 0
15014, 2, 0, 0, 0, 2, 0
65864, 0, 1, 1, 0, 0, 0
15016, 1, 0, 0, 0, 1, 0
15017, 1, 0, 0, 0, 0, 1
51199, 1, 2, 2, 0, 1, 0
15019, 1, 0, 0, 0, 1, 0
15020, 2, 0, 0, 0, 2, 0
15021, 3, 0, 0, 0, 3, 0
15022, 1, 0, 0, 0, 1, 0
38588, 3, 3, 3, 0, 3, 0
92219, 0, 1, 0, 1, 0, 0
15024, 1, 0, 0, 0, 1, 0
61767, 5, 5, 5, 0, 5, 0
62751, 4, 5, 5, 0, 4, 0
66591, 1, 1, 1, 0, 1, 0
68457, 7, 5, 5, 0, 7, 0
70574, 1, 2, 2, 0, 1, 0
71933, 0, 1, 1, 0, 0, 0
15031, 1, 0, 0, 0, 1, 0
15032, 1, 0, 0, 0, 1, 0
15033, 1, 0, 0, 0, 1, 0
78300, 6, 8, 8, 0, 6, 0
88638, 3, 2, 2, 0, 3, 0
15035, 2, 0, 0, 0, 2, 0
44295, 0, 3, 1, 2, 0, 0
92090, 0, 1, 0, 1, 0, 0
15039, 1, 0, 0, 0, 1, 0
15040, 0, 2, 2, 0, 0, 0
15041, 1, 0, 0, 0, 1, 0
96378, 0, 1, 1, 0, 0, 0
15043, 2, 0, 0, 0, 1, 1
15044, 0, 2, 2, 0, 0, 0
15047, 0, 1, 1, 0, 0, 0
15048, 1, 0, 0, 0, 1, 0
15049, 6, 0, 0, 0, 6, 0
15050, 1, 0, 0, 0, 1, 0
15053, 1, 0, 0, 0, 1, 0
15055, 2, 0, 0, 0, 2, 0
15056, 1, 0, 0, 0, 1, 0
15057, 3, 0, 0, 0, 3, 0
15058, 2, 0, 0, 0, 2, 0
15061, 2, 0, 0, 0, 1, 1
15062, 0, 3, 2, 1, 0, 0
15066, 1, 1, 1, 0, 1, 0
15067, 5, 2, 2, 0, 5, 0
15070, 0, 2, 2, 0, 0, 0
20149, 6, 1, 1, 0, 5, 1
109612, 18, 3, 2, 1, 18, 0
112318, 4, 2, 2, 0, 4, 0
15071, 4, 0, 0, 0, 4, 0
15072, 2, 1, 1, 0, 1, 1
15074, 1, 2, 1, 1, 1, 0
15075, 1, 0, 0, 0, 1, 0
15076, 1, 0, 0, 0, 1, 0
15077, 2, 0, 0, 0, 1, 1
15078, 3, 2, 2, 0, 3, 0
15079, 6, 2, 2, 0, 5, 1
15080, 2, 2, 2, 0, 2, 0
15081, 1, 0, 0, 0, 1, 0
15082, 1, 0, 0, 0, 1, 0
15084, 0, 1, 1, 0, 0, 0
15086, 2, 0, 0, 0, 0, 2
15089, 3, 1, 1, 0, 3, 0
15090, 8, 1, 1, 0, 8, 0
15091, 1, 0, 0, 0, 1, 0
15092, 0, 1, 1, 0, 0, 0
15094, 2, 0, 0, 0, 2, 0
15096, 1, 1, 1, 0, 1, 0
50601, 0, 2, 2, 0, 0, 0
15098, 1, 0, 0, 0, 0, 1
15099, 1, 1, 1, 0, 1, 0
38459, 0, 3, 0, 3, 0, 0
64998, 5, 2, 2, 0, 5, 0
64999, 6, 7, 7, 0, 6, 0
65000, 23, 8, 8, 0, 23, 0
65001, 4, 5, 5, 0, 4, 0
65009, 1, 2, 2, 0, 1, 0
15101, 1, 0, 0, 0, 0, 1
37951, 4, 6, 6, 0, 4, 0
15106, 1, 1, 1, 0, 1, 0
15107, 6, 2, 2, 0, 4, 2
15108, 1, 0, 0, 0, 1, 0
15683, 1, 1, 1, 0, 1, 0
15111, 7, 6, 6, 0, 7, 0
15113, 2, 5, 5, 0, 2, 0
15115, 0, 3, 3, 0, 0, 0
16549, 0, 3, 3, 0, 0, 0
15118, 1, 1, 1, 0, 1, 0
15120, 1, 1, 1, 0, 1, 0
15121, 1, 1, 1, 0, 1, 0
15123, 1, 0, 0, 0, 1, 0
15124, 1, 0, 0, 0, 1, 0
15127, 2, 3, 2, 1, 2, 0
15128, 0, 4, 3, 1, 0, 0
70381, 10, 2, 2, 0, 10, 0
31407, 5, 5, 5, 0, 5, 0
44216, 6, 4, 4, 0, 3, 3
56074, 1, 1, 1, 0, 1, 0
58312, 1, 2, 2, 0, 1, 0
37095, 1, 1, 1, 0, 1, 0
38132, 2, 2, 2, 0, 2, 0
73123, 0, 1, 1, 0, 0, 0
27935, 3, 1, 1, 0, 3, 0
33058, 0, 1, 0, 1, 0, 0
17672, 2, 2, 2, 0, 2, 0
51384, 0, 1, 0, 1, 0, 0
45781, 14, 14, 14, 0, 14, 0
56284, 0, 2, 2, 0, 0, 0
30676, 10, 6, 3, 3, 9, 1
15138, 2, 0, 0, 0, 2, 0
15140, 1, 0, 0, 0, 0, 1
15141, 1, 0, 0, 0, 1, 0
15142, 1, 1, 1, 0, 1, 0
15143, 1, 1, 1, 0, 1, 0
15146, 1, 0, 0, 0, 1, 0
15147, 3, 0, 0, 0, 3, 0
15148, 3, 0, 0, 0, 3, 0
15149, 1, 0, 0, 0, 1, 0
15151, 0, 1, 1, 0, 0, 0
15152, 1, 0, 0, 0, 1, 0
15155, 1, 0, 0, 0, 1, 0
15157, 1, 0, 0, 0, 1, 0
15158, 1, 2, 2, 0, 1, 0
15159, 5, 3, 3, 0, 4, 1
15166, 2, 3, 3, 0, 2, 0
15160, 1, 0, 0, 0, 0, 1
15161, 1, 0, 0, 0, 1, 0
15162, 1, 0, 0, 0, 0, 1
15163, 1, 0, 0, 0, 1, 0
15164, 1, 0, 0, 0, 1, 0
76310, 1, 1, 1, 0, 1, 0
15168, 2, 0, 0, 0, 0, 2
15169, 1, 0, 0, 0, 1, 0
15170, 1, 0, 0, 0, 1, 0
15171, 1, 2, 2, 0, 1, 0
15172, 1, 1, 1, 0, 1, 0
15173, 2, 1, 1, 0, 2, 0
15174, 1, 0, 0, 0, 1, 0
111738, 0, 1, 1, 0, 0, 0
15176, 1, 0, 0, 0, 1, 0
15177, 2, 0, 0, 0, 2, 0
15178, 7, 2, 2, 0, 6, 1
15535, 1, 1, 1, 0, 1, 0
15536, 4, 1, 1, 0, 2, 2
15180, 1, 0, 0, 0, 1, 0
17124, 1, 3, 3, 0, 1, 0
17125, 2, 1, 1, 0, 2, 0
22349, 6, 6, 6, 0, 6, 0
23520, 4, 8, 7, 1, 4, 0
23521, 5, 9, 8, 1, 5, 0
23522, 0, 8, 7, 1, 0, 0
23525, 24, 7, 6, 1, 24, 0
23527, 0, 9, 8, 1, 0, 0
100769, 1, 1, 0, 1, 1, 0
102224, 0, 7, 6, 1, 0, 0
105145, 0, 1, 0, 1, 0, 0
108691, 0, 1, 0, 1, 0, 0
109274, 3, 1, 1, 0, 3, 0
117095, 0, 1, 0, 1, 0, 0
15195, 1, 0, 0, 0, 1, 0
15196, 1, 0, 0, 0, 1, 0
15197, 1, 0, 0, 0, 1, 0
15198, 2, 4, 4, 0, 2, 0
15199, 1, 0, 0, 0, 0, 1
15200, 3, 0, 0, 0, 0, 3
58261, 3, 5, 5, 0, 3, 0
62199, 0, 6, 6, 0, 0, 0
71646, 26, 6, 6, 0, 26, 0
74980, 0, 3, 3, 0, 0, 0
74983, 1, 2, 2, 0, 1, 0
15204, 4, 1, 1, 0, 4, 0
15205, 4, 0, 0, 0, 4, 0
22863, 1, 1, 1, 0, 1, 0
15208, 0, 1, 1, 0, 0, 0
15209, 0, 1, 1, 0, 0, 0
15210, 0, 1, 1, 0, 0, 0
15211, 0, 1, 1, 0, 0, 0
15212, 1, 0, 0, 0, 0, 1
15213, 1, 0, 0, 0, 1, 0
15214, 1, 0, 0, 0, 1, 0
63806, 1, 1, 1, 0, 0, 1
79649, 1, 12, 12, 0, 1, 0
86969, 0, 2, 2, 0, 0, 0
86970, 0, 3, 3, 0, 0, 0
86971, 0, 1, 1, 0, 0, 0
15216, 1, 0, 0, 0, 1, 0
15217, 1, 0, 0, 0, 1, 0
15220, 1, 0, 0, 0, 1, 0
15221, 1, 0, 0, 0, 1, 0
15222, 1, 0, 0, 0, 1, 0
15224, 1, 0, 0, 0, 1, 0
22953, 4, 3, 3, 0, 4, 0
73855, 7, 5, 5, 0, 7, 0
75265, 3, 2, 2, 0, 3, 0
69834, 2, 5, 5, 0, 2, 0
73825, 6, 1, 1, 0, 6, 0
15230, 1, 0, 0, 0, 1, 0
15231, 1, 1, 1, 0, 1, 0
82468, 2, 1, 1, 0, 1, 1
101966, 0, 2, 0, 2, 0, 0
15233, 1, 0, 0, 0, 0, 1
15234, 1, 2, 2, 0, 1, 0
15235, 1, 0, 0, 0, 1, 0
53015, 9, 1, 1, 0, 9, 0
57272, 6, 4, 3, 1, 6, 0
75017, 3, 2, 1, 1, 2, 1
15237, 1, 0, 0, 0, 1, 0
15238, 1, 1, 1, 0, 1, 0
25559, 0, 1, 1, 0, 0, 0
111831, 5, 2, 2, 0, 5, 0
15240, 1, 0, 0, 0, 1, 0
15241, 1, 0, 0, 0, 1, 0
15242, 1, 0, 0, 0, 1, 0
15243, 2, 0, 0, 0, 2, 0
15244, 1, 0, 0, 0, 1, 0
15245, 1, 0, 0, 0, 1, 0
15246, 1, 0, 0, 0, 1, 0
15247, 1, 0, 0, 0, 1, 0
15248, 2, 1, 1, 0, 2, 0
15249, 1, 0, 0, 0, 1, 0
15250, 1, 0, 0, 0, 1, 0
15251, 2, 0, 0, 0, 2, 0
15252, 1, 0, 0, 0, 1, 0
19535, 1, 1, 1, 0, 1, 0
15254, 1, 0, 0, 0, 1, 0
15255, 1, 1, 1, 0, 1, 0
21330, 4, 4, 4, 0, 4, 0
35446, 2, 2, 2, 0, 2, 0
59857, 0, 2, 2, 0, 0, 0
73495, 1, 4, 4, 0, 1, 0
96298, 0, 1, 1, 0, 0, 0
15257, 3, 3, 2, 1, 2, 1
15340, 3, 1, 1, 0, 3, 0
16135, 1, 1, 1, 0, 1, 0
15259, 1, 0, 0, 0, 1, 0
54862, 0, 3, 1, 2, 0, 0
83763, 0, 1, 1, 0, 0, 0
83764, 0, 1, 1, 0, 0, 0
15274, 1, 0, 0, 0, 1, 0
76541, 1, 2, 2, 0, 1, 0
81958, 0, 1, 1, 0, 0, 0
15276, 1, 0, 0, 0, 1, 0
15277, 1, 0, 0, 0, 1, 0
15278, 0, 2, 2, 0, 0, 0
22209, 4, 3, 3, 0, 4, 0
15283, 1, 0, 0, 0, 1, 0
105542, 6, 2, 2, 0, 6, 0
124979, 3, 3, 2, 1, 3, 0
15287, 1, 0, 0, 0, 1, 0
15288, 1, 1, 1, 0, 1, 0
15290, 1, 0, 0, 0, 1, 0
15291, 0, 2, 2, 0, 0, 0
15292, 1, 0, 0, 0, 1, 0
15293, 0, 1, 1, 0, 0, 0
15294, 2, 1, 1, 0, 2, 0
15295, 2, 0, 0, 0, 1, 1
15297, 1, 0, 0, 0, 0, 1
19419, 1, 1, 1, 0, 1, 0
15299, 1, 0, 0, 0, 1, 0
59269, 0, 3, 0, 3, 0, 0
15301, 1, 0, 0, 0, 1, 0
15302, 1, 0, 0, 0, 1, 0
15794, 2, 1, 1, 0, 1, 1
15796, 0, 1, 1, 0, 0, 0
76344, 2, 3, 3, 0, 2, 0
15304, 2, 0, 0, 0, 2, 0
15305, 4, 2, 2, 0, 4, 0
59215, 3, 3, 3, 0, 3, 0
15308, 0, 1, 0, 1, 0, 0
15309, 0, 1, 0, 1, 0, 0
15310, 1, 3, 2, 1, 1, 0
23314, 1, 4, 3, 1, 1, 0
66596, 2, 2, 2, 0, 2, 0
76045, 3, 1, 1, 0, 3, 0
49426, 4, 3, 3, 0, 4, 0
15311, 1, 0, 0, 0, 1, 0
15312, 2, 0, 0, 0, 2, 0
15314, 1, 0, 0, 0, 1, 0
15317, 1, 2, 2, 0, 1, 0
16102, 0, 1, 1, 0, 0, 0
15319, 3, 0, 0, 0, 3, 0
37578, 5, 3, 2, 1, 5, 0
15323, 3, 0, 0, 0, 2, 1
72736, 5, 3, 3, 0, 5, 0
15326, 1, 0, 0, 0, 0, 1
15328, 1, 1, 1, 0, 1, 0
16677, 1, 1, 1, 0, 1, 0
15330, 1, 0, 0, 0, 1, 0
15331, 0, 2, 2, 0, 0, 0
15332, 1, 0, 0, 0, 1, 0
15333, 1, 1, 1, 0, 1, 0
15334, 2, 1, 1, 0, 2, 0
15851, 0, 1, 1, 0, 0, 0
15335, 1, 0, 0, 0, 1, 0
15341, 0, 1, 1, 0, 0, 0
15342, 1, 0, 0, 0, 0, 1
15343, 0, 2, 1, 1, 0, 0
80747, 0, 1, 0, 1, 0, 0
15345, 1, 0, 0, 0, 1, 0
15346, 0, 1, 1, 0, 0, 0
19134, 1, 2, 1, 1, 1, 0
56356, 11, 3, 1, 2, 9, 2
72913, 9, 1, 0, 1, 9, 0
79053, 0, 1, 0, 1, 0, 0
79054, 0, 1, 0, 1, 0, 0
15349, 1, 0, 0, 0, 1, 0
15350, 4, 2, 2, 0, 4, 0
15938, 4, 1, 1, 0, 4, 0
15351, 1, 0, 0, 0, 1, 0
15352, 3, 2, 2, 0, 3, 0
39372, 1, 2, 2, 0, 1, 0
15354, 2, 1, 1, 0, 2, 0
16631, 0, 1, 1, 0, 0, 0
15356, 1, 0, 0, 0, 1, 0
15358, 17, 6, 6, 0, 17, 0
15359, 2, 2, 2, 0, 2, 0
131220, 4, 4, 4, 0, 4, 0
131271, 4, 3, 3, 0, 4, 0
85530, 0, 2, 2, 0, 0, 0
127251, 2, 2, 2, 0, 2, 0
38830, 0, 1, 1, 0, 0, 0
15646, 0, 1, 1, 0, 0, 0
15365, 1, 0, 0, 0, 0, 1
15366, 0, 1, 0, 1, 0, 0
15367, 3, 0, 0, 0, 2, 1
15368, 1, 3, 2, 1, 1, 0
15369, 2, 1, 0, 1, 1, 1
15371, 1, 1, 1, 0, 1, 0
15607, 41, 6, 6, 0, 34, 7
15373, 1, 0, 0, 0, 1, 0
15374, 1, 0, 0, 0, 1, 0
15375, 0, 2, 2, 0, 0, 0
15376, 1, 0, 0, 0, 1, 0
15377, 1, 0, 0, 0, 1, 0
15378, 1, 0, 0, 0, 1, 0
73909, 1, 6, 6, 0, 1, 0
15380, 1, 0, 0, 0, 1, 0
15956, 3, 2, 1, 1, 3, 0
97224, 3, 3, 3, 0, 3, 0
121608, 0, 1, 1, 0, 0, 0
17302, 11, 3, 3, 0, 9, 2
17306, 14, 2, 2, 0, 7, 7
17307, 4, 1, 1, 0, 1, 3
17308, 4, 2, 2, 0, 4, 0
15384, 2, 0, 0, 0, 0, 2
15385, 0, 1, 0, 1, 0, 0
127524, 0, 1, 0, 1, 0, 0
15386, 11, 2, 0, 2, 4, 7
21508, 0, 1, 0, 1, 0, 0
44812, 1, 2, 2, 0, 1, 0
76798, 0, 1, 1, 0, 0, 0
76799, 0, 1, 1, 0, 0, 0
15392, 1, 0, 0, 0, 1, 0
15396, 1, 0, 0, 0, 1, 0
15398, 1, 0, 0, 0, 1, 0
15402, 1, 1, 1, 0, 1, 0
15403, 1, 4, 4, 0, 1, 0
87643, 6, 1, 1, 0, 3, 3
15404, 1, 0, 0, 0, 1, 0
15405, 1, 0, 0, 0, 1, 0
15406, 3, 0, 0, 0, 3, 0
15408, 1, 0, 0, 0, 1, 0
31178, 1, 2, 2, 0, 1, 0
36937, 1, 1, 1, 0, 1, 0
40008, 0, 1, 1, 0, 0, 0
40011, 0, 1, 1, 0, 0, 0
23672, 1, 3, 2, 1, 1, 0
33526, 2, 1, 1, 0, 2, 0
33527, 2, 1, 1, 0, 2, 0
33528, 2, 1, 1, 0, 2, 0
36887, 0, 1, 1, 0, 0, 0
15419, 1, 0, 0, 0, 1, 0
15420, 1, 0, 0, 0, 1, 0
15422, 1, 0, 0, 0, 1, 0
15424, 1, 0, 0, 0, 0, 1
15426, 2, 0, 0, 0, 1, 1
15427, 0, 1, 1, 0, 0, 0
15428, 0, 2, 1, 1, 0, 0
48374, 11, 3, 3, 0, 11, 0
100333, 0, 4, 4, 0, 0, 0
15430, 1, 0, 0, 0, 1, 0
15431, 2, 0, 0, 0, 2, 0
15432, 8, 4, 3, 1, 8, 0
15433, 1, 0, 0, 0, 1, 0
45190, 0, 2, 0, 2, 0, 0
26609, 0, 3, 2, 1, 0, 0
40553, 0, 4, 2, 2, 0, 0
42253, 2, 2, 1, 1, 2, 0
42257, 0, 2, 1, 1, 0, 0
42258, 0, 2, 0, 2, 0, 0
42259, 0, 1, 0, 1, 0, 0
42260, 0, 2, 1, 1, 0, 0
42261, 0, 1, 0, 1, 0, 0
42262, 1, 1, 0, 1, 1, 0
68126, 3, 4, 3, 1, 3, 0
94515, 0, 1, 0, 1, 0, 0
86221, 0, 1, 0, 1, 0, 0
15440, 1, 1, 1, 0, 1, 0
15442, 1, 0, 0, 0, 1, 0
15443, 0, 1, 1, 0, 0, 0
15444, 1, 0, 0, 0, 1, 0
58517, 0, 1, 1, 0, 0, 0
15446, 1, 0, 0, 0, 0, 1
15447, 2, 0, 0, 0, 2, 0
15448, 1, 0, 0, 0, 1, 0
15449, 1, 2, 1, 1, 1, 0
15450, 3, 4, 4, 0, 3, 0
67565, 32, 13, 13, 0, 32, 0
15451, 2, 3, 3, 0, 2, 0
15453, 1, 3, 3, 0, 1, 0
32287, 0, 1, 0, 1, 0, 0
32288, 0, 1, 0, 1, 0, 0
15459, 2, 2, 2, 0, 2, 0
42307, 2, 1, 1, 0, 2, 0
15460, 1, 0, 0, 0, 1, 0
16338, 0, 2, 2, 0, 0, 0
16339, 2, 3, 3, 0, 2, 0
16340, 1, 2, 2, 0, 0, 1
25254, 1, 2, 2, 0, 1, 0
41984, 4, 5, 5, 0, 4, 0
43333, 1, 1, 1, 0, 1, 0
52214, 3, 1, 1, 0, 3, 0
92292, 0, 1, 1, 0, 0, 0
111007, 0, 2, 2, 0, 0, 0
123676, 4, 1, 1, 0, 4, 0
64020, 1, 1, 1, 0, 1, 0
93068, 0, 1, 1, 0, 0, 0
15467, 1, 0, 0, 0, 0, 1
15468, 0, 4, 0, 4, 0, 0
15470, 1, 0, 0, 0, 1, 0
15471, 1, 0, 0, 0, 1, 0
15473, 1, 0, 0, 0, 1, 0
15478, 1, 0, 0, 0, 1, 0
15509, 1, 0, 0, 0, 1, 0
15510, 1, 0, 0, 0, 0, 1
19310, 1, 1, 1, 0, 1, 0
26437, 0, 2, 2, 0, 0, 0
100215, 0, 1, 1, 0, 0, 0
15514, 1, 0, 0, 0, 1, 0
15516, 0, 1, 1, 0, 0, 0
15518, 2, 0, 0, 0, 2, 0
79493, 0, 1, 0, 1, 0, 0
24926, 3, 2, 1, 1, 3, 0
15521, 1, 0, 0, 0, 1, 0
103325, 5, 5, 5, 0, 5, 0
15531, 2, 0, 0, 0, 1, 1
15538, 1, 0, 0, 0, 1, 0
15540, 1, 0, 0, 0, 1, 0
35358, 6, 3, 0, 3, 6, 0
39618, 6, 2, 1, 1, 6, 0
15546, 0, 1, 1, 0, 0, 0
15547, 1, 0, 0, 0, 1, 0
15549, 1, 0, 0, 0, 1, 0
15551, 1, 0, 0, 0, 0, 1
15552, 1, 0, 0, 0, 1, 0
15553, 1, 1, 1, 0, 1, 0
24545, 5, 3, 2, 1, 4, 1
35676, 2, 1, 1, 0, 2, 0
35773, 0, 1, 0, 1, 0, 0
35776, 0, 1, 0, 1, 0, 0
35779, 0, 2, 0, 2, 0, 0
15555, 2, 1, 1, 0, 2, 0
15557, 1, 1, 1, 0, 1, 0
15558, 1, 1, 1, 0, 1, 0
15559, 1, 0, 0, 0, 1, 0
15560, 1, 0, 0, 0, 1, 0
33051, 0, 2, 2, 0, 0, 0
62230, 2, 1, 1, 0, 1, 1
69922, 3, 6, 6, 0, 3, 0
70448, 1, 9, 6, 3, 1, 0
70449, 0, 2, 1, 1, 0, 0
70450, 0, 1, 0, 1, 0, 0
15564, 1, 0, 0, 0, 0, 1
62619, 7, 2, 2, 0, 7, 0
67537, 6, 5, 5, 0, 6, 0
68254, 14, 6, 6, 0, 14, 0
68351, 3, 4, 4, 0, 3, 0
69027, 1, 2, 2, 0, 1, 0
69766, 8, 3, 3, 0, 8, 0
69861, 28, 11, 11, 0, 28, 0
71314, 3, 2, 2, 0, 3, 0
74792, 3, 1, 1, 0, 3, 0
77318, 0, 1, 1, 0, 0, 0
77320, 0, 2, 2, 0, 0, 0
77321, 0, 3, 3, 0, 0, 0
15571, 3, 0, 0, 0, 3, 0
15576, 1, 0, 0, 0, 1, 0
15577, 2, 0, 0, 0, 0, 2
15578, 1, 0, 0, 0, 1, 0
15579, 1, 1, 1, 0, 1, 0
37173, 0, 12, 6, 6, 0, 0
127522, 0, 1, 0, 1, 0, 0
128462, 2, 2, 2, 0, 2, 0
129482, 0, 1, 0, 1, 0, 0
68992, 0, 1, 1, 0, 0, 0
15585, 1, 0, 0, 0, 1, 0
15586, 1, 0, 0, 0, 1, 0
15588, 1, 0, 0, 0, 1, 0
53555, 6, 6, 6, 0, 3, 3
15593, 1, 0, 0, 0, 0, 1
48300, 5, 2, 2, 0, 5, 0
58865, 1, 2, 2, 0, 1, 0
69982, 7, 8, 8, 0, 7, 0
78720, 1, 1, 1, 0, 1, 0
80448, 3, 1, 1, 0, 3, 0
80449, 0, 1, 1, 0, 0, 0
80450, 0, 1, 1, 0, 0, 0
80451, 0, 1, 1, 0, 0, 0
15595, 1, 0, 0, 0, 1, 0
15596, 2, 5, 5, 0, 1, 1
15597, 1, 0, 0, 0, 1, 0
15598, 1, 0, 0, 0, 0, 1
15599, 1, 0, 0, 0, 1, 0
15600, 2, 2, 1, 1, 2, 0
29051, 0, 1, 1, 0, 0, 0
130410, 0, 1, 1, 0, 0, 0
130411, 0, 1, 1, 0, 0, 0
15603, 1, 2, 2, 0, 1, 0
15604, 1, 2, 2, 0, 1, 0
15605, 1, 0, 0, 0, 1, 0
15606, 2, 0, 0, 0, 2, 0
37231, 3, 4, 4, 0, 3, 0
59641, 0, 1, 1, 0, 0, 0
15608, 1, 1, 0, 1, 1, 0
15609, 1, 1, 1, 0, 1, 0
15610, 2, 2, 2, 0, 2, 0
15611, 1, 1, 0, 1, 1, 0
15613, 1, 0, 0, 0, 1, 0
15615, 1, 1, 0, 1, 1, 0
15616, 3, 1, 1, 0, 3, 0
15617, 2, 3, 3, 0, 2, 0
15618, 23, 17, 17, 0, 23, 0
49439, 2, 2, 2, 0, 2, 0
39812, 1, 1, 1, 0, 1, 0
44142, 5, 9, 9, 0, 5, 0
44143, 2, 3, 3, 0, 2, 0
47157, 1, 1, 1, 0, 1, 0
47456, 1, 1, 1, 0, 1, 0
48341, 0, 1, 1, 0, 0, 0
48343, 1, 1, 1, 0, 1, 0
48344, 0, 1, 1, 0, 0, 0
48345, 0, 1, 1, 0, 0, 0
15619, 2, 0, 0, 0, 2, 0
15621, 1, 0, 0, 0, 1, 0
15622, 0, 1, 1, 0, 0, 0
15623, 1, 0, 0, 0, 1, 0
15624, 1, 0, 0, 0, 0, 1
15625, 1, 0, 0, 0, 0, 1
70816, 1, 1, 1, 0, 1, 0
78602, 1, 1, 1, 0, 1, 0
89015, 2, 1, 1, 0, 2, 0
15630, 1, 0, 0, 0, 1, 0
15631, 0, 1, 1, 0, 0, 0
15633, 1, 0, 0, 0, 1, 0
15634, 1, 0, 0, 0, 1, 0
15635, 1, 0, 0, 0, 1, 0
15636, 1, 0, 0, 0, 1, 0
15637, 1, 0, 0, 0, 1, 0
15638, 1, 0, 0, 0, 1, 0
53425, 2, 2, 2, 0, 2, 0
53426, 2, 2, 2, 0, 2, 0
15644, 1, 0, 0, 0, 1, 0
15647, 1, 1, 1, 0, 1, 0
17546, 9, 9, 8, 1, 9, 0
18626, 5, 4, 4, 0, 5, 0
18627, 5, 7, 7, 0, 5, 0
18628, 5, 6, 6, 0, 5, 0
19254, 4, 6, 6, 0, 4, 0
19272, 7, 6, 6, 0, 7, 0
15649, 1, 0, 0, 0, 1, 0
15650, 1, 0, 0, 0, 1, 0
15651, 0, 3, 3, 0, 0, 0
62277, 3, 7, 7, 0, 3, 0
15657, 1, 0, 0, 0, 1, 0
15658, 0, 2, 2, 0, 0, 0
15659, 1, 0, 0, 0, 1, 0
15660, 1, 0, 0, 0, 1, 0
39541, 1, 1, 1, 0, 1, 0
106163, 0, 5, 4, 1, 0, 0
15663, 8, 3, 2, 1, 6, 2
15665, 1, 1, 1, 0, 1, 0
58901, 0, 1, 1, 0, 0, 0
36459, 1, 4, 4, 0, 0, 1
54602, 0, 3, 1, 2, 0, 0
59965, 1, 1, 0, 1, 1, 0
60243, 1, 1, 0, 1, 1, 0
15667, 1, 0, 0, 0, 0, 1
15668, 1, 0, 0, 0, 1, 0
15669, 1, 0, 0, 0, 1, 0
15670, 1, 0, 0, 0, 1, 0
15672, 1, 0, 0, 0, 1, 0
15673, 1, 1, 1, 0, 1, 0
15674, 1, 0, 0, 0, 1, 0
15676, 1, 0, 0, 0, 1, 0
15677, 1, 0, 0, 0, 1, 0
54772, 1, 1, 1, 0, 1, 0
15680, 1, 0, 0, 0, 1, 0
15682, 3, 0, 0, 0, 3, 0
15684, 1, 0, 0, 0, 0, 1
15685, 1, 0, 0, 0, 0, 1
27536, 1, 1, 1, 0, 1, 0
33717, 0, 1, 1, 0, 0, 0
15690, 1, 0, 0, 0, 0, 1
15691, 0, 1, 0, 1, 0, 0
15692, 1, 0, 0, 0, 1, 0
15693, 1, 0, 0, 0, 1, 0
15695, 1, 0, 0, 0, 1, 0
15696, 0, 1, 1, 0, 0, 0
32581, 33, 5, 4, 1, 30, 3
44038, 1, 1, 0, 1, 1, 0
48006, 2, 1, 1, 0, 2, 0
49390, 13, 8, 8, 0, 13, 0
15700, 1, 0, 0, 0, 1, 0
15701, 0, 1, 1, 0, 0, 0
15702, 1, 0, 0, 0, 1, 0
15703, 1, 0, 0, 0, 1, 0
15704, 1, 0, 0, 0, 1, 0
15705, 1, 0, 0, 0, 1, 0
15706, 1, 0, 0, 0, 1, 0
15707, 1, 0, 0, 0, 0, 1
15708, 1, 0, 0, 0, 0, 1
15709, 2, 0, 0, 0, 2, 0
15710, 1, 2, 2, 0, 1, 0
15711, 3, 0, 0, 0, 3, 0
15712, 0, 2, 2, 0, 0, 0
15713, 4, 0, 0, 0, 3, 1
15714, 0, 1, 1, 0, 0, 0
15715, 4, 1, 1, 0, 4, 0
46337, 2, 3, 3, 0, 2, 0
46338, 1, 2, 2, 0, 1, 0
61621, 0, 3, 3, 0, 0, 0
61622, 2, 3, 3, 0, 2, 0
75282, 0, 1, 1, 0, 0, 0
75283, 0, 1, 1, 0, 0, 0
75284, 0, 1, 1, 0, 0, 0
15717, 1, 1, 1, 0, 1, 0
15719, 2, 0, 0, 0, 2, 0
56417, 0, 2, 0, 2, 0, 0
58240, 2, 4, 3, 1, 2, 0
59915, 1, 1, 1, 0, 1, 0
76614, 0, 2, 2, 0, 0, 0
76615, 0, 1, 1, 0, 0, 0
76616, 0, 1, 1, 0, 0, 0
76617, 0, 1, 1, 0, 0, 0
15721, 1, 0, 0, 0, 1, 0
63624, 7, 8, 8, 0, 7, 0
67284, 6, 4, 4, 0, 6, 0
67285, 0, 3, 3, 0, 0, 0
15725, 1, 0, 0, 0, 1, 0
15727, 0, 1, 1, 0, 0, 0
15728, 8, 5, 4, 1, 6, 2
15759, 2, 2, 2, 0, 2, 0
15760, 2, 2, 2, 0, 2, 0
16408, 0, 1, 1, 0, 0, 0
15729, 1, 0, 0, 0, 1, 0
15731, 2, 2, 2, 0, 2, 0
15733, 1, 0, 0, 0, 1, 0
15734, 0, 2, 2, 0, 0, 0
15735, 1, 0, 0, 0, 1, 0
15868, 1, 1, 1, 0, 1, 0
15738, 1, 1, 1, 0, 1, 0
22268, 1, 2, 2, 0, 1, 0
15740, 2, 1, 0, 1, 2, 0
28335, 3, 3, 2, 1, 2, 1
38927, 0, 2, 0, 2, 0, 0
52714, 0, 1, 1, 0, 0, 0
15746, 1, 0, 0, 0, 0, 1
15748, 1, 0, 0, 0, 0, 1
15750, 2, 1, 0, 1, 2, 0
15751, 9, 0, 0, 0, 9, 0
15752, 1, 2, 2, 0, 1, 0
15755, 0, 1, 1, 0, 0, 0
19886, 21, 2, 2, 0, 20, 1
22195, 2, 4, 4, 0, 2, 0
15761, 1, 0, 0, 0, 1, 0
15762, 1, 0, 0, 0, 1, 0
15764, 1, 0, 0, 0, 1, 0
15765, 3, 1, 0, 1, 3, 0
15766, 1, 0, 0, 0, 1, 0
15767, 2, 1, 1, 0, 2, 0
15768, 1, 0, 0, 0, 1, 0
34218, 0, 1, 1, 0, 0, 0
15771, 1, 0, 0, 0, 1, 0
15772, 2, 1, 1, 0, 2, 0
15773, 4, 1, 1, 0, 4, 0
15776, 1, 1, 1, 0, 1, 0
15779, 3, 2, 1, 1, 3, 0
15780, 1, 0, 0, 0, 1, 0
15783, 2, 2, 1, 1, 2, 0
15784, 1, 0, 0, 0, 1, 0
15785, 2, 0, 0, 0, 2, 0
38834, 0, 1, 1, 0, 0, 0
15787, 1, 0, 0, 0, 1, 0
15788, 1, 0, 0, 0, 0, 1
15789, 1, 0, 0, 0, 1, 0
15791, 1, 0, 0, 0, 1, 0
15792, 1, 0, 0, 0, 1, 0
15793, 3, 0, 0, 0, 3, 0
22430, 1, 1, 0, 1, 1, 0
44046, 0, 1, 0, 1, 0, 0
44047, 0, 1, 0, 1, 0, 0
44048, 0, 1, 1, 0, 0, 0
44049, 0, 3, 1, 2, 0, 0
15798, 1, 0, 0, 0, 1, 0
17579, 2, 7, 6, 1, 2, 0
15800, 2, 3, 3, 0, 2, 0
15802, 1, 1, 1, 0, 1, 0
15803, 1, 1, 1, 0, 1, 0
15804, 2, 0, 0, 0, 1, 1
15806, 0, 1, 1, 0, 0, 0
15808, 4, 0, 0, 0, 4, 0
15809, 0, 1, 1, 0, 0, 0
39927, 0, 1, 1, 0, 0, 0
15811, 1, 0, 0, 0, 1, 0
91293, 2, 2, 2, 0, 2, 0
93141, 0, 1, 1, 0, 0, 0
93142, 0, 1, 1, 0, 0, 0
93143, 0, 1, 1, 0, 0, 0
93144, 0, 1, 0, 1, 0, 0
15814, 1, 0, 0, 0, 1, 0
15815, 1, 0, 0, 0, 1, 0
18269, 2, 2, 2, 0, 2, 0
29243, 2, 7, 6, 1, 2, 0
34599, 2, 5, 5, 0, 2, 0
68006, 3, 7, 6, 1, 2, 1
91242, 0, 1, 1, 0, 0, 0
91243, 0, 1, 1, 0, 0, 0
15817, 1, 1, 1, 0, 1, 0
15818, 1, 1, 1, 0, 1, 0
15819, 1, 0, 0, 0, 0, 1
15821, 1, 0, 0, 0, 0, 1
40100, 0, 3, 3, 0, 0, 0
15825, 1, 0, 0, 0, 1, 0
15826, 2, 0, 0, 0, 1, 1
15827, 1, 0, 0, 0, 1, 0
15828, 0, 6, 6, 0, 0, 0
15831, 1, 1, 0, 1, 1, 0
109193, 1, 4, 3, 1, 1, 0
15832, 2, 0, 0, 0, 1, 1
15833, 1, 0, 0, 0, 0, 1
50346, 2, 4, 2, 2, 2, 0
60725, 0, 3, 3, 0, 0, 0
61721, 5, 6, 6, 0, 5, 0
67101, 1, 2, 2, 0, 1, 0
68512, 19, 4, 4, 0, 19, 0
32796, 1, 4, 4, 0, 1, 0
62624, 7, 4, 4, 0, 7, 0
80239, 5, 2, 2, 0, 5, 0
83380, 0, 2, 2, 0, 0, 0
20250, 0, 2, 2, 0, 0, 0
78718, 0, 2, 2, 0, 0, 0
78745, 2, 2, 2, 0, 2, 0
78746, 0, 1, 1, 0, 0, 0
42640, 3, 5, 0, 5, 2, 1
15849, 1, 0, 0, 0, 1, 0
45649, 0, 1, 1, 0, 0, 0
24268, 2, 8, 6, 2, 2, 0
60594, 1, 3, 2, 1, 1, 0
69878, 1, 2, 2, 0, 1, 0
71785, 1, 1, 1, 0, 1, 0
71787, 8, 7, 7, 0, 8, 0
71788, 0, 1, 1, 0, 0, 0
23531, 0, 1, 0, 1, 0, 0
39590, 1, 1, 1, 0, 1, 0
40518, 0, 2, 2, 0, 0, 0
47273, 1, 2, 1, 1, 1, 0
52824, 10, 3, 3, 0, 6, 4
53893, 2, 1, 1, 0, 2, 0
56321, 0, 2, 2, 0, 0, 0
60025, 13, 11, 11, 0, 13, 0
62685, 1, 3, 1, 2, 1, 0
64695, 1, 1, 1, 0, 1, 0
73144, 2, 4, 4, 0, 2, 0
75704, 1, 2, 2, 0, 1, 0
81119, 0, 2, 2, 0, 0, 0
81120, 0, 1, 0, 1, 0, 0
81121, 0, 1, 0, 1, 0, 0
81122, 0, 1, 0, 1, 0, 0
81123, 0, 1, 0, 1, 0, 0
81124, 0, 1, 0, 1, 0, 0
81125, 0, 1, 0, 1, 0, 0
81126, 0, 1, 0, 1, 0, 0
81127, 0, 1, 0, 1, 0, 0
81128, 0, 1, 0, 1, 0, 0
81129, 0, 1, 0, 1, 0, 0
81130, 0, 1, 0, 1, 0, 0
81131, 0, 1, 1, 0, 0, 0
81132, 0, 1, 1, 0, 0, 0
81133, 0, 1, 0, 1, 0, 0
81134, 0, 2, 1, 1, 0, 0
33482, 0, 1, 1, 0, 0, 0
66783, 1, 2, 2, 0, 1, 0
50956, 3, 2, 1, 1, 3, 0
50957, 1, 3, 2, 1, 1, 0
42996, 5, 3, 3, 0, 4, 1
80333, 0, 1, 0, 1, 0, 0
80334, 0, 1, 0, 1, 0, 0
23460, 1, 1, 0, 1, 1, 0
26347, 3, 1, 1, 0, 3, 0
37448, 1, 2, 1, 1, 1, 0
48045, 2, 3, 0, 3, 2, 0
49544, 9, 1, 1, 0, 6, 3
59106, 1, 2, 2, 0, 1, 0
63500, 3, 11, 9, 2, 3, 0
70936, 0, 2, 0, 2, 0, 0
76001, 0, 1, 1, 0, 0, 0
76002, 0, 1, 0, 1, 0, 0
76006, 0, 1, 1, 0, 0, 0
15864, 0, 1, 1, 0, 0, 0
15865, 0, 1, 1, 0, 0, 0
15866, 2, 0, 0, 0, 0, 2
15867, 1, 2, 1, 1, 0, 1
95256, 0, 2, 0, 2, 0, 0
15871, 1, 0, 0, 0, 1, 0
15873, 76, 0, 0, 0, 54, 22
15875, 2, 3, 2, 1, 2, 0
15876, 1, 2, 1, 1, 1, 0
15877, 0, 1, 0, 1, 0, 0
15878, 0, 4, 3, 1, 0, 0
15881, 10, 7, 6, 1, 10, 0
15882, 0, 2, 1, 1, 0, 0
15883, 4, 4, 3, 1, 4, 0
15884, 1, 2, 1, 1, 1, 0
15885, 0, 1, 0, 1, 0, 0
15888, 0, 1, 0, 1, 0, 0
15889, 2, 2, 2, 0, 2, 0
15890, 7, 4, 4, 0, 7, 0
15891, 0, 1, 1, 0, 0, 0
15892, 2, 1, 1, 0, 2, 0
15893, 3, 7, 7, 0, 3, 0
15895, 0, 1, 0, 1, 0, 0
15897, 1, 5, 5, 0, 1, 0
15898, 0, 1, 1, 0, 0, 0
15900, 9, 3, 3, 0, 5, 4
15902, 0, 4, 3, 1, 0, 0
15908, 3, 7, 7, 0, 3, 0
15912, 3, 1, 1, 0, 3, 0
15914, 1, 4, 3, 1, 1, 0
15915, 7, 7, 7, 0, 7, 0
15916, 0, 1, 1, 0, 0, 0
109264, 2, 3, 3, 0, 2, 0
45676, 1, 1, 1, 0, 1, 0
56990, 6, 3, 3, 0, 6, 0
18372, 7, 2, 2, 0, 7, 0
70594, 1, 1, 1, 0, 1, 0
55952, 6, 3, 3, 0, 6, 0
98139, 0, 1, 1, 0, 0, 0
106965, 3, 1, 1, 0, 3, 0
18177, 2, 1, 1, 0, 2, 0
55560, 2, 1, 1, 0, 2, 0
43622, 1, 2, 2, 0, 1, 0
129169, 0, 1, 1, 0, 0, 0
49193, 7, 1, 1, 0, 6, 1
25726, 2, 5, 4, 1, 2, 0
59974, 16, 14, 14, 0, 16, 0
75983, 1, 5, 5, 0, 0, 1
22919, 4, 9, 9, 0, 4, 0
41553, 6, 4, 4, 0, 5, 1
41554, 3, 3, 3, 0, 3, 0
96634, 2, 3, 3, 0, 2, 0
103886, 0, 4, 3, 1, 0, 0
104105, 0, 2, 2, 0, 0, 0
113377, 0, 1, 0, 1, 0, 0
24987, 9, 10, 9, 1, 8, 1
85104, 4, 6, 6, 0, 4, 0
76320, 2, 1, 1, 0, 2, 0
114503, 1, 1, 1, 0, 1, 0
115096, 0, 1, 0, 1, 0, 0
54489, 1, 1, 1, 0, 1, 0
68222, 3, 5, 5, 0, 3, 0
71481, 5, 7, 7, 0, 5, 0
117427, 0, 1, 0, 1, 0, 0
15920, 5, 1, 1, 0, 5, 0
15921, 2, 4, 4, 0, 1, 1
15923, 0, 3, 3, 0, 0, 0
15924, 3, 9, 7, 2, 3, 0
25211, 8, 5, 5, 0, 8, 0
33710, 1, 2, 2, 0, 1, 0
33711, 28, 11, 11, 0, 27, 1
33915, 16, 9, 9, 0, 16, 0
48560, 2, 7, 7, 0, 2, 0
15925, 2, 0, 0, 0, 2, 0
15926, 1, 0, 0, 0, 1, 0
15927, 1, 0, 0, 0, 1, 0
15928, 1, 0, 0, 0, 1, 0
15929, 1, 0, 0, 0, 1, 0
15930, 0, 1, 1, 0, 0, 0
15931, 1, 0, 0, 0, 1, 0
15932, 3, 0, 0, 0, 3, 0
15934, 1, 0, 0, 0, 1, 0
15936, 1, 0, 0, 0, 1, 0
15940, 1, 1, 1, 0, 0, 1
15941, 3, 0, 0, 0, 2, 1
106539, 0, 1, 1, 0, 0, 0
29408, 14, 7, 7, 0, 14, 0
42051, 1, 1, 1, 0, 1, 0
15945, 1, 0, 0, 0, 1, 0
15946, 1, 0, 0, 0, 0, 1
15947, 1, 0, 0, 0, 1, 0
15948, 1, 0, 0, 0, 1, 0
15949, 16, 3, 3, 0, 13, 3
42998, 4, 2, 2, 0, 3, 1
42999, 4, 3, 3, 0, 4, 0
15950, 2, 0, 0, 0, 1, 1
15952, 1, 0, 0, 0, 0, 1
96663, 14, 6, 6, 0, 14, 0
15959, 1, 0, 0, 0, 1, 0
15961, 1, 0, 0, 0, 1, 0
15962, 7, 1, 1, 0, 6, 1
15963, 0, 3, 3, 0, 0, 0
15964, 0, 1, 1, 0, 0, 0
15966, 0, 2, 2, 0, 0, 0
15967, 1, 2, 2, 0, 1, 0
15968, 1, 0, 0, 0, 1, 0
15969, 1, 0, 0, 0, 1, 0
15970, 1, 0, 0, 0, 1, 0
15971, 1, 0, 0, 0, 1, 0
15972, 0, 1, 1, 0, 0, 0
15973, 1, 0, 0, 0, 0, 1
15976, 1, 0, 0, 0, 1, 0
15977, 1, 0, 0, 0, 1, 0
15983, 3, 4, 4, 0, 3, 0
63034, 3, 5, 5, 0, 3, 0
75851, 0, 3, 3, 0, 0, 0
77825, 1, 1, 1, 0, 1, 0
78311, 1, 1, 1, 0, 1, 0
81150, 0, 1, 1, 0, 0, 0
81153, 1, 4, 4, 0, 1, 0
81154, 0, 1, 1, 0, 0, 0
81155, 0, 1, 1, 0, 0, 0
75850, 4, 3, 3, 0, 4, 0
86981, 0, 1, 1, 0, 0, 0
15984, 1, 0, 0, 0, 1, 0
15985, 0, 1, 1, 0, 0, 0
15986, 1, 0, 0, 0, 1, 0
15987, 1, 0, 0, 0, 1, 0
15989, 6, 5, 5, 0, 6, 0
28077, 0, 2, 0, 2, 0, 0
28918, 1, 1, 1, 0, 1, 0
96998, 0, 1, 1, 0, 0, 0
24965, 1, 1, 1, 0, 1, 0
28864, 1, 1, 1, 0, 1, 0
15997, 1, 0, 0, 0, 1, 0
16000, 1, 0, 0, 0, 1, 0
16003, 1, 0, 0, 0, 0, 1
16004, 0, 4, 1, 3, 0, 0
16005, 1, 0, 0, 0, 0, 1
59258, 4, 4, 4, 0, 4, 0
16008, 1, 0, 0, 0, 1, 0
16011, 1, 0, 0, 0, 0, 1
16012, 3, 1, 1, 0, 3, 0
28680, 5, 1, 1, 0, 5, 0
34131, 0, 2, 0, 2, 0, 0
16014, 1, 0, 0, 0, 1, 0
16016, 1, 0, 0, 0, 1, 0
16017, 1, 0, 0, 0, 1, 0
16019, 1, 0, 0, 0, 1, 0
16024, 3, 3, 3, 0, 3, 0
16025, 1, 0, 0, 0, 1, 0
16026, 0, 2, 2, 0, 0, 0
16028, 1, 1, 1, 0, 1, 0
16031, 2, 0, 0, 0, 2, 0
16032, 1, 0, 0, 0, 1, 0
16033, 1, 0, 0, 0, 1, 0
16034, 3, 1, 1, 0, 0, 3
16037, 1, 0, 0, 0, 1, 0
16038, 2, 1, 1, 0, 2, 0
16544, 1, 1, 1, 0, 1, 0
16039, 1, 0, 0, 0, 1, 0
16040, 1, 1, 1, 0, 0, 1
16041, 1, 0, 0, 0, 1, 0
19058, 1, 1, 1, 0, 1, 0
65818, 2, 3, 2, 1, 2, 0
71680, 0, 2, 2, 0, 0, 0
16045, 1, 0, 0, 0, 1, 0
16046, 0, 1, 1, 0, 0, 0
16047, 2, 2, 1, 1, 2, 0
16050, 1, 0, 0, 0, 0, 1
16051, 2, 3, 2, 1, 2, 0
49731, 4, 6, 5, 1, 3, 1
16052, 1, 0, 0, 0, 1, 0
67979, 10, 13, 13, 0, 10, 0
96636, 1, 1, 1, 0, 1, 0
16054, 1, 0, 0, 0, 1, 0
16055, 0, 2, 2, 0, 0, 0
16056, 1, 0, 0, 0, 1, 0
16057, 0, 2, 2, 0, 0, 0
16059, 1, 0, 0, 0, 1, 0
19743, 4, 3, 3, 0, 4, 0
16063, 1, 0, 0, 0, 1, 0
16064, 1, 0, 0, 0, 0, 1
16065, 0, 2, 1, 1, 0, 0
16066, 1, 0, 0, 0, 0, 1
16067, 0, 1, 0, 1, 0, 0
16068, 1, 0, 0, 0, 1, 0
22559, 4, 6, 6, 0, 2, 2
87814, 1, 2, 2, 0, 1, 0
16070, 1, 1, 0, 1, 1, 0
16071, 1, 0, 0, 0, 1, 0
16072, 0, 3, 3, 0, 0, 0
16073, 1, 2, 1, 1, 1, 0
16074, 7, 2, 2, 0, 7, 0
16075, 1, 0, 0, 0, 1, 0
16076, 1, 0, 0, 0, 1, 0
16077, 1, 0, 0, 0, 1, 0
16078, 1, 2, 2, 0, 1, 0
17698, 1, 1, 1, 0, 1, 0
17955, 1, 1, 1, 0, 1, 0
18012, 1, 2, 2, 0, 1, 0
18013, 0, 2, 2, 0, 0, 0
16080, 1, 0, 0, 0, 1, 0
16081, 1, 1, 0, 1, 0, 1
66310, 1, 3, 3, 0, 1, 0
16083, 1, 0, 0, 0, 1, 0
16086, 1, 0, 0, 0, 1, 0
16087, 1, 0, 0, 0, 1, 0
16089, 3, 1, 1, 0, 2, 1
27381, 0, 1, 0, 1, 0, 0
24642, 1, 3, 3, 0, 1, 0
30347, 1, 2, 2, 0, 1, 0
129040, 0, 2, 1, 1, 0, 0
16096, 10, 5, 4, 1, 10, 0
16180, 0, 2, 2, 0, 0, 0
16181, 0, 1, 1, 0, 0, 0
16182, 3, 3, 3, 0, 3, 0
16097, 3, 0, 0, 0, 3, 0
16100, 2, 0, 0, 0, 1, 1
16101, 0, 1, 1, 0, 0, 0
16103, 1, 0, 0, 0, 1, 0
16104, 1, 0, 0, 0, 1, 0
16105, 1, 0, 0, 0, 1, 0
16106, 1, 0, 0, 0, 1, 0
16107, 1, 0, 0, 0, 1, 0
16108, 1, 0, 0, 0, 1, 0
21078, 1, 1, 1, 0, 1, 0
67057, 7, 2, 2, 0, 6, 1
16111, 3, 3, 3, 0, 3, 0
16113, 6, 4, 4, 0, 6, 0
22343, 1, 1, 1, 0, 0, 1
29471, 2, 1, 1, 0, 2, 0
97345, 0, 1, 1, 0, 0, 0
121486, 1, 1, 1, 0, 1, 0
23963, 1, 1, 1, 0, 1, 0
16114, 2, 0, 0, 0, 2, 0
99784, 3, 1, 0, 1, 2, 1
120792, 0, 2, 0, 2, 0, 0
120970, 1, 1, 0, 1, 1, 0
121624, 0, 1, 0, 1, 0, 0
123229, 0, 1, 0, 1, 0, 0
29505, 11, 2, 2, 0, 11, 0
17788, 2, 2, 2, 0, 2, 0
26978, 0, 1, 1, 0, 0, 0
16118, 1, 0, 0, 0, 1, 0
16119, 1, 0, 0, 0, 0, 1
16121, 1, 0, 0, 0, 1, 0
16122, 1, 0, 0, 0, 0, 1
16123, 1, 0, 0, 0, 1, 0
16124, 1, 0, 0, 0, 1, 0
16125, 1, 0, 0, 0, 0, 1
16126, 1, 0, 0, 0, 1, 0
16127, 1, 0, 0, 0, 1, 0
16128, 0, 1, 1, 0, 0, 0
16129, 1, 0, 0, 0, 1, 0
41465, 2, 3, 2, 1, 2, 0
48527, 2, 1, 1, 0, 2, 0
16131, 2, 0, 0, 0, 0, 2
16133, 1, 1, 1, 0, 0, 1
16539, 0, 1, 1, 0, 0, 0
22771, 3, 1, 1, 0, 3, 0
21327, 1, 7, 7, 0, 1, 0
58180, 4, 4, 4, 0, 4, 0
70519, 2, 1, 1, 0, 2, 0
70520, 0, 1, 1, 0, 0, 0
70521, 0, 1, 1, 0, 0, 0
70522, 0, 1, 1, 0, 0, 0
94676, 1, 1, 1, 0, 1, 0
16150, 0, 1, 1, 0, 0, 0
16153, 1, 0, 0, 0, 1, 0
16154, 1, 0, 0, 0, 1, 0
16155, 2, 0, 0, 0, 1, 1
87261, 0, 2, 2, 0, 0, 0
16157, 1, 1, 1, 0, 1, 0
16158, 1, 1, 1, 0, 1, 0
16159, 1, 0, 0, 0, 1, 0
16160, 2, 0, 0, 0, 2, 0
16161, 1, 0, 0, 0, 1, 0
16162, 3, 0, 0, 0, 3, 0
16163, 3, 2, 2, 0, 3, 0
16164, 1, 0, 0, 0, 1, 0
16165, 0, 1, 1, 0, 0, 0
16167, 2, 1, 1, 0, 2, 0
54451, 1, 1, 1, 0, 1, 0
16171, 2, 0, 0, 0, 1, 1
16172, 0, 1, 1, 0, 0, 0
16175, 1, 0, 0, 0, 1, 0
16176, 3, 3, 3, 0, 3, 0
32968, 0, 1, 1, 0, 0, 0
68444, 1, 1, 1, 0, 1, 0
70226, 2, 4, 4, 0, 2, 0
70903, 2, 1, 1, 0, 2, 0
70904, 0, 1, 1, 0, 0, 0
98014, 5, 3, 3, 0, 5, 0
31095, 4, 3, 3, 0, 4, 0
53088, 0, 1, 0, 1, 0, 0
17794, 3, 3, 3, 0, 3, 0
87488, 1, 1, 1, 0, 1, 0
90673, 0, 1, 1, 0, 0, 0
90674, 0, 1, 1, 0, 0, 0
98709, 1, 3, 3, 0, 1, 0
16185, 2, 0, 0, 0, 1, 1
16187, 1, 0, 0, 0, 0, 1
16190, 3, 0, 0, 0, 3, 0
16191, 2, 0, 0, 0, 2, 0
16192, 1, 0, 0, 0, 0, 1
16193, 2, 0, 0, 0, 1, 1
16194, 1, 0, 0, 0, 1, 0
16195, 0, 1, 1, 0, 0, 0
16196, 1, 0, 0, 0, 1, 0
122774, 0, 1, 0, 1, 0, 0
16198, 1, 0, 0, 0, 0, 1
16200, 1, 0, 0, 0, 1, 0
16202, 1, 0, 0, 0, 1, 0
16204, 1, 0, 0, 0, 1, 0
37783, 0, 2, 2, 0, 0, 0
25668, 8, 6, 5, 1, 7, 1
46544, 4, 2, 2, 0, 4, 0
47129, 0, 1, 1, 0, 0, 0
47132, 1, 2, 2, 0, 1, 0
20873, 2, 2, 2, 0, 2, 0
23605, 0, 1, 1, 0, 0, 0
39510, 0, 2, 1, 1, 0, 0
65925, 0, 4, 1, 3, 0, 0
68164, 5, 4, 3, 1, 5, 0
68732, 4, 2, 1, 1, 4, 0
80106, 0, 3, 0, 3, 0, 0
85889, 0, 1, 0, 1, 0, 0
85890, 0, 2, 0, 2, 0, 0
85892, 0, 1, 0, 1, 0, 0
85893, 0, 1, 0, 1, 0, 0
85895, 0, 1, 0, 1, 0, 0
85896, 0, 1, 0, 1, 0, 0
99849, 4, 2, 2, 0, 4, 0
101947, 0, 3, 3, 0, 0, 0
16217, 1, 1, 1, 0, 1, 0
45525, 4, 4, 4, 0, 4, 0
45937, 8, 5, 5, 0, 8, 0
67203, 15, 6, 6, 0, 14, 1
68306, 12, 1, 1, 0, 11, 1
71041, 7, 5, 5, 0, 7, 0
71109, 0, 1, 1, 0, 0, 0
19910, 1, 2, 2, 0, 1, 0
29050, 1, 1, 1, 0, 1, 0
58366, 1, 1, 1, 0, 1, 0
59385, 1, 1, 1, 0, 1, 0
19023, 11, 8, 8, 0, 7, 4
27936, 10, 6, 6, 0, 6, 4
30527, 6, 5, 4, 1, 6, 0
36139, 7, 4, 3, 1, 7, 0
16226, 1, 0, 0, 0, 1, 0
16227, 1, 1, 1, 0, 1, 0
16229, 1, 1, 1, 0, 1, 0
16426, 1, 1, 1, 0, 1, 0
16910, 1, 1, 1, 0, 1, 0
17588, 1, 1, 1, 0, 1, 0
16231, 2, 0, 0, 0, 2, 0
16233, 0, 1, 1, 0, 0, 0
94946, 0, 1, 0, 1, 0, 0
16235, 1, 0, 0, 0, 0, 1
75874, 0, 1, 1, 0, 0, 0
75875, 0, 1, 1, 0, 0, 0
16237, 2, 0, 0, 0, 2, 0
16238, 1, 0, 0, 0, 0, 1
16239, 0, 1, 0, 1, 0, 0
16240, 1, 0, 0, 0, 1, 0
16241, 2, 0, 0, 0, 2, 0
17507, 0, 1, 1, 0, 0, 0
17508, 0, 1, 1, 0, 0, 0
16252, 1, 0, 0, 0, 1, 0
16255, 1, 0, 0, 0, 1, 0
16258, 1, 0, 0, 0, 1, 0
16259, 1, 0, 0, 0, 1, 0
16261, 0, 2, 1, 1, 0, 0
16262, 1, 0, 0, 0, 1, 0
16264, 1, 0, 0, 0, 0, 1
16265, 1, 3, 2, 1, 0, 1
16266, 1, 2, 2, 0, 1, 0
16369, 1, 1, 1, 0, 1, 0
16269, 1, 1, 1, 0, 1, 0
18742, 2, 1, 1, 0, 2, 0
16271, 1, 0, 0, 0, 1, 0
16272, 1, 0, 0, 0, 1, 0
16274, 1, 0, 0, 0, 0, 1
56007, 1, 1, 1, 0, 1, 0
56241, 1, 1, 1, 0, 1, 0
16276, 1, 0, 0, 0, 1, 0
16277, 1, 0, 0, 0, 1, 0
77792, 0, 3, 3, 0, 0, 0
110800, 1, 3, 3, 0, 1, 0
62428, 1, 5, 5, 0, 0, 1
73390, 2, 4, 4, 0, 2, 0
73674, 2, 2, 1, 1, 1, 1
93087, 0, 1, 1, 0, 0, 0
31096, 0, 2, 2, 0, 0, 0
31097, 0, 1, 1, 0, 0, 0
31099, 0, 1, 1, 0, 0, 0
31100, 0, 1, 1, 0, 0, 0
70404, 10, 8, 8, 0, 10, 0
78483, 0, 1, 1, 0, 0, 0
78484, 0, 1, 1, 0, 0, 0
78485, 1, 5, 5, 0, 1, 0
18165, 1, 1, 1, 0, 1, 0
25170, 5, 2, 2, 0, 4, 1
25309, 4, 3, 2, 1, 4, 0
29062, 1, 1, 1, 0, 1, 0
22827, 9, 14, 11, 3, 2, 7
25175, 4, 4, 3, 1, 1, 3
28502, 0, 3, 3, 0, 0, 0
28503, 0, 2, 2, 0, 0, 0
28504, 0, 1, 1, 0, 0, 0
29508, 8, 4, 4, 0, 7, 1
38104, 0, 5, 5, 0, 0, 0
33202, 1, 3, 3, 0, 1, 0
49664, 6, 3, 3, 0, 5, 1
97761, 3, 3, 3, 0, 3, 0
18338, 0, 1, 0, 1, 0, 0
17437, 1, 1, 1, 0, 1, 0
25372, 3, 1, 1, 0, 3, 0
43029, 1, 2, 2, 0, 1, 0
39323, 2, 3, 3, 0, 2, 0
82143, 0, 1, 0, 1, 0, 0
23797, 0, 1, 1, 0, 0, 0
19335, 1, 3, 3, 0, 0, 1
43006, 1, 1, 1, 0, 1, 0
43576, 4, 2, 1, 1, 3, 1
43905, 1, 3, 2, 1, 1, 0
44292, 0, 1, 1, 0, 0, 0
44293, 1, 2, 1, 1, 1, 0
44294, 0, 1, 0, 1, 0, 0
52182, 7, 10, 10, 0, 6, 1
52740, 3, 6, 6, 0, 3, 0
70865, 1, 1, 1, 0, 1, 0
70869, 1, 1, 1, 0, 1, 0
76896, 0, 1, 1, 0, 0, 0
35805, 1, 2, 2, 0, 1, 0
36256, 1, 1, 1, 0, 1, 0
36266, 0, 3, 2, 1, 0, 0
70947, 5, 3, 3, 0, 5, 0
70383, 1, 1, 1, 0, 1, 0
51735, 1, 1, 1, 0, 1, 0
52577, 1, 1, 1, 0, 1, 0
52578, 0, 3, 0, 3, 0, 0
52579, 0, 1, 0, 1, 0, 0
59340, 2, 1, 1, 0, 0, 2
50172, 1, 1, 1, 0, 0, 1
16334, 1, 0, 0, 0, 1, 0
16335, 1, 0, 0, 0, 1, 0
16336, 1, 1, 1, 0, 1, 0
16337, 2, 1, 1, 0, 2, 0
16462, 5, 1, 1, 0, 5, 0
107956, 1, 1, 1, 0, 1, 0
16341, 1, 0, 0, 0, 1, 0
16344, 1, 0, 0, 0, 0, 1
16345, 1, 0, 0, 0, 1, 0
16346, 7, 0, 0, 0, 6, 1
16347, 0, 1, 1, 0, 0, 0
16348, 2, 1, 1, 0, 1, 1
32584, 3, 1, 1, 0, 3, 0
64089, 0, 3, 3, 0, 0, 0
16349, 1, 0, 0, 0, 1, 0
16350, 0, 1, 1, 0, 0, 0
29102, 0, 1, 0, 1, 0, 0
97734, 0, 1, 0, 1, 0, 0
105330, 1, 3, 1, 2, 1, 0
113735, 0, 1, 0, 1, 0, 0
116188, 0, 1, 0, 1, 0, 0
117271, 0, 1, 0, 1, 0, 0
118810, 0, 2, 0, 2, 0, 0
119166, 0, 1, 0, 1, 0, 0
120055, 0, 1, 0, 1, 0, 0
122127, 0, 1, 0, 1, 0, 0
16352, 2, 0, 0, 0, 1, 1
68225, 9, 5, 5, 0, 9, 0
16355, 1, 1, 1, 0, 1, 0
88369, 0, 1, 1, 0, 0, 0
88370, 0, 1, 1, 0, 0, 0
88371, 0, 1, 1, 0, 0, 0
88372, 0, 1, 1, 0, 0, 0
119424, 0, 1, 1, 0, 0, 0
16357, 1, 0, 0, 0, 1, 0
16358, 1, 0, 0, 0, 1, 0
16360, 1, 1, 1, 0, 1, 0
16361, 1, 0, 0, 0, 1, 0
16362, 1, 0, 0, 0, 1, 0
16363, 0, 1, 1, 0, 0, 0
16364, 1, 0, 0, 0, 0, 1
16365, 10, 8, 7, 1, 10, 0
61009, 2, 4, 4, 0, 2, 0
62718, 2, 6, 5, 1, 2, 0
16367, 0, 1, 0, 1, 0, 0
16368, 0, 1, 1, 0, 0, 0
47417, 0, 1, 0, 1, 0, 0
16373, 1, 0, 0, 0, 1, 0
16374, 3, 1, 1, 0, 3, 0
16376, 1, 1, 0, 1, 1, 0
16378, 1, 0, 0, 0, 1, 0
16380, 1, 1, 1, 0, 1, 0
16384, 1, 0, 0, 0, 1, 0
89234, 0, 1, 0, 1, 0, 0
16387, 1, 0, 0, 0, 1, 0
16388, 0, 1, 1, 0, 0, 0
16389, 5, 0, 0, 0, 4, 1
16391, 1, 0, 0, 0, 0, 1
16392, 1, 0, 0, 0, 1, 0
16393, 0, 1, 1, 0, 0, 0
16394, 1, 0, 0, 0, 1, 0
16395, 3, 0, 0, 0, 3, 0
16396, 1, 0, 0, 0, 1, 0
16398, 4, 0, 0, 0, 4, 0
16399, 0, 1, 1, 0, 0, 0
16401, 4, 1, 1, 0, 4, 0
31330, 0, 3, 3, 0, 0, 0
31331, 0, 1, 1, 0, 0, 0
47210, 1, 1, 1, 0, 1, 0
48119, 1, 8, 8, 0, 1, 0
16406, 2, 0, 0, 0, 2, 0
71504, 1, 1, 0, 1, 1, 0
76496, 1, 1, 1, 0, 1, 0
86128, 0, 1, 1, 0, 0, 0
86129, 0, 1, 1, 0, 0, 0
16410, 2, 0, 0, 0, 2, 0
16411, 1, 0, 0, 0, 0, 1
16413, 3, 1, 1, 0, 2, 1
16414, 1, 0, 0, 0, 1, 0
16415, 2, 0, 0, 0, 1, 1
16416, 1, 0, 0, 0, 1, 0
16417, 0, 1, 1, 0, 0, 0
16418, 1, 0, 0, 0, 1, 0
16419, 2, 0, 0, 0, 2, 0
16420, 2, 4, 4, 0, 2, 0
16421, 1, 4, 4, 0, 1, 0
16877, 4, 7, 7, 0, 4, 0
16422, 1, 0, 0, 0, 1, 0
16423, 2, 0, 0, 0, 2, 0
16424, 1, 0, 0, 0, 1, 0
16425, 2, 0, 0, 0, 2, 0
34738, 4, 6, 6, 0, 2, 2
47221, 1, 2, 2, 0, 0, 1
49698, 1, 2, 2, 0, 1, 0
55060, 2, 1, 1, 0, 1, 1
69680, 4, 1, 1, 0, 3, 1
71451, 0, 1, 1, 0, 0, 0
16433, 1, 0, 0, 0, 1, 0
16434, 3, 1, 1, 0, 3, 0
53858, 0, 2, 2, 0, 0, 0
67645, 3, 7, 4, 3, 3, 0
80241, 3, 3, 3, 0, 3, 0
92491, 0, 1, 1, 0, 0, 0
92492, 0, 1, 1, 0, 0, 0
107540, 0, 1, 1, 0, 0, 0
121343, 2, 1, 1, 0, 2, 0
16437, 1, 0, 0, 0, 1, 0
16438, 1, 0, 0, 0, 1, 0
25894, 2, 1, 1, 0, 1, 1
118499, 0, 2, 2, 0, 0, 0
16443, 1, 0, 0, 0, 1, 0
16444, 0, 1, 1, 0, 0, 0
16445, 1, 0, 0, 0, 1, 0
16446, 1, 0, 0, 0, 1, 0
16447, 0, 1, 1, 0, 0, 0
16448, 1, 0, 0, 0, 1, 0
16450, 1, 0, 0, 0, 1, 0
89594, 0, 2, 2, 0, 0, 0
16453, 0, 1, 1, 0, 0, 0
16454, 1, 0, 0, 0, 1, 0
53508, 1, 2, 1, 1, 0, 1
16456, 2, 0, 0, 0, 1, 1
16457, 1, 0, 0, 0, 1, 0
16458, 1, 0, 0, 0, 1, 0
56073, 4, 4, 3, 1, 3, 1
64159, 8, 6, 6, 0, 7, 1
68679, 7, 7, 7, 0, 7, 0
71876, 1, 4, 4, 0, 1, 0
77297, 0, 1, 1, 0, 0, 0
77298, 0, 2, 2, 0, 0, 0
77299, 0, 1, 1, 0, 0, 0
77300, 0, 1, 1, 0, 0, 0
77301, 0, 1, 1, 0, 0, 0
77302, 0, 1, 1, 0, 0, 0
77303, 0, 1, 1, 0, 0, 0
77304, 0, 1, 1, 0, 0, 0
105020, 0, 1, 0, 1, 0, 0
16460, 1, 1, 1, 0, 1, 0
16461, 16, 9, 9, 0, 16, 0
16839, 1, 1, 1, 0, 1, 0
16891, 1, 1, 1, 0, 1, 0
17329, 1, 1, 1, 0, 1, 0
17331, 2, 1, 1, 0, 2, 0
17332, 2, 1, 1, 0, 2, 0
17693, 0, 1, 1, 0, 0, 0
16463, 1, 0, 0, 0, 0, 1
16464, 0, 1, 0, 1, 0, 0
16465, 1, 0, 0, 0, 0, 1
56127, 3, 2, 2, 0, 3, 0
56290, 2, 1, 1, 0, 2, 0
16467, 1, 0, 0, 0, 1, 0
16468, 2, 0, 0, 0, 2, 0
16469, 1, 0, 0, 0, 1, 0
16471, 1, 0, 0, 0, 0, 1
16472, 1, 0, 0, 0, 0, 1
16473, 1, 0, 0, 0, 0, 1
16474, 0, 1, 0, 1, 0, 0
16476, 1, 0, 0, 0, 1, 0
16482, 1, 1, 1, 0, 1, 0
16483, 1, 1, 1, 0, 1, 0
16484, 1, 1, 1, 0, 1, 0
16485, 1, 0, 0, 0, 0, 1
16486, 1, 0, 0, 0, 1, 0
16487, 0, 1, 1, 0, 0, 0
16488, 1, 0, 0, 0, 1, 0
16489, 0, 3, 3, 0, 0, 0
16491, 1, 1, 0, 1, 1, 0
16492, 3, 0, 0, 0, 3, 0
27407, 1, 1, 1, 0, 1, 0
44934, 0, 3, 3, 0, 0, 0
79155, 3, 1, 1, 0, 3, 0
79156, 0, 3, 2, 1, 0, 0
82730, 2, 1, 1, 0, 2, 0
86300, 0, 1, 1, 0, 0, 0
86301, 0, 1, 1, 0, 0, 0
86302, 0, 1, 1, 0, 0, 0
86303, 0, 1, 1, 0, 0, 0
16496, 1, 0, 0, 0, 1, 0
16497, 3, 0, 0, 0, 3, 0
84496, 0, 1, 1, 0, 0, 0
74122, 0, 1, 1, 0, 0, 0
16501, 7, 2, 2, 0, 7, 0
16503, 7, 1, 0, 1, 7, 0
16504, 2, 2, 2, 0, 2, 0
16505, 0, 2, 1, 1, 0, 0
16506, 1, 1, 1, 0, 1, 0
29295, 1, 1, 1, 0, 1, 0
57829, 2, 3, 3, 0, 2, 0
68404, 3, 5, 4, 1, 3, 0
68406, 0, 1, 0, 1, 0, 0
68407, 0, 1, 0, 1, 0, 0
68409, 0, 1, 0, 1, 0, 0
68410, 0, 1, 0, 1, 0, 0
16509, 1, 0, 0, 0, 1, 0
16511, 1, 1, 1, 0, 1, 0
16512, 3, 1, 1, 0, 3, 0
113801, 0, 1, 1, 0, 0, 0
118586, 0, 1, 1, 0, 0, 0
16513, 3, 0, 0, 0, 3, 0
30476, 6, 2, 2, 0, 6, 0
30478, 4, 5, 5, 0, 4, 0
16515, 1, 0, 0, 0, 1, 0
17725, 7, 6, 5, 1, 7, 0
75423, 3, 1, 1, 0, 3, 0
76546, 0, 1, 1, 0, 0, 0
16517, 1, 0, 0, 0, 1, 0
59529, 4, 3, 3, 0, 4, 0
59531, 15, 4, 4, 0, 15, 0
66877, 1, 3, 3, 0, 1, 0
69679, 9, 7, 7, 0, 9, 0
16523, 1, 0, 0, 0, 1, 0
16527, 1, 0, 0, 0, 1, 0
64119, 2, 2, 2, 0, 2, 0
71014, 0, 2, 2, 0, 0, 0
76409, 0, 1, 0, 1, 0, 0
76410, 0, 1, 0, 1, 0, 0
16530, 1, 0, 0, 0, 0, 1
16532, 1, 0, 0, 0, 0, 1
16533, 4, 5, 4, 1, 4, 0
16534, 1, 0, 0, 0, 1, 0
16535, 1, 0, 0, 0, 1, 0
16536, 1, 0, 0, 0, 1, 0
38685, 7, 9, 9, 0, 7, 0
53872, 11, 3, 3, 0, 11, 0
69186, 1, 4, 4, 0, 1, 0
100855, 1, 1, 1, 0, 1, 0
16540, 1, 0, 0, 0, 1, 0
16541, 1, 1, 1, 0, 1, 0
16543, 1, 0, 0, 0, 0, 1
58440, 12, 10, 10, 0, 12, 0
69810, 4, 3, 3, 0, 4, 0
72882, 20, 5, 5, 0, 18, 2
74704, 2, 3, 3, 0, 2, 0
16546, 1, 0, 0, 0, 1, 0
16550, 2, 0, 0, 0, 2, 0
16552, 2, 0, 0, 0, 1, 1
16554, 0, 1, 1, 0, 0, 0
19031, 9, 1, 1, 0, 9, 0
84246, 0, 1, 1, 0, 0, 0
84247, 0, 1, 1, 0, 0, 0
84248, 0, 1, 1, 0, 0, 0
24243, 0, 1, 1, 0, 0, 0
28955, 1, 2, 2, 0, 1, 0
28957, 1, 1, 1, 0, 1, 0
28958, 4, 1, 1, 0, 4, 0
75625, 0, 1, 1, 0, 0, 0
75626, 0, 2, 2, 0, 0, 0
75627, 0, 2, 2, 0, 0, 0
75628, 0, 1, 1, 0, 0, 0
75629, 2, 1, 1, 0, 2, 0
16569, 1, 0, 0, 0, 0, 1
16570, 1, 0, 0, 0, 0, 1
16571, 1, 1, 1, 0, 1, 0
16573, 0, 2, 2, 0, 0, 0
16574, 14, 8, 7, 1, 7, 7
125009, 1, 1, 0, 1, 1, 0
16575, 1, 0, 0, 0, 0, 1
16577, 1, 0, 0, 0, 1, 0
16578, 1, 0, 0, 0, 1, 0
16579, 2, 0, 0, 0, 2, 0
16585, 1, 0, 0, 0, 1, 0
16587, 1, 0, 0, 0, 1, 0
16589, 1, 0, 0, 0, 1, 0
35294, 0, 2, 1, 1, 0, 0
55563, 1, 3, 3, 0, 1, 0
16591, 1, 0, 0, 0, 1, 0
28420, 9, 5, 5, 0, 6, 3
95531, 1, 1, 1, 0, 1, 0
116778, 0, 1, 0, 1, 0, 0
16593, 1, 1, 1, 0, 1, 0
16594, 2, 0, 0, 0, 2, 0
16595, 1, 0, 0, 0, 1, 0
16596, 0, 1, 1, 0, 0, 0
16597, 1, 0, 0, 0, 1, 0
16598, 1, 0, 0, 0, 1, 0
16599, 1, 0, 0, 0, 1, 0
16600, 1, 0, 0, 0, 0, 1
16601, 0, 1, 0, 1, 0, 0
16602, 1, 0, 0, 0, 1, 0
16603, 1, 0, 0, 0, 1, 0
16604, 1, 0, 0, 0, 1, 0
16605, 1, 0, 0, 0, 1, 0
16606, 0, 1, 1, 0, 0, 0
16607, 1, 0, 0, 0, 1, 0
116769, 7, 1, 0, 1, 3, 4
16609, 1, 0, 0, 0, 0, 1
97026, 3, 3, 2, 1, 3, 0
16613, 5, 0, 0, 0, 5, 0
16614, 1, 0, 0, 0, 1, 0
16615, 6, 1, 0, 1, 6, 0
16616, 1, 0, 0, 0, 1, 0
16622, 3, 0, 0, 0, 3, 0
103115, 0, 1, 1, 0, 0, 0
16623, 1, 0, 0, 0, 0, 1
45284, 3, 3, 3, 0, 2, 1
58045, 3, 2, 2, 0, 1, 2
16626, 1, 1, 1, 0, 1, 0
16627, 1, 0, 0, 0, 0, 1
89709, 1, 1, 1, 0, 1, 0
16629, 1, 0, 0, 0, 1, 0
47770, 16, 18, 18, 0, 16, 0
67452, 4, 3, 3, 0, 4, 0
71326, 1, 1, 1, 0, 1, 0
71879, 3, 3, 3, 0, 3, 0
74130, 13, 1, 1, 0, 8, 5
16635, 3, 0, 0, 0, 3, 0
16637, 4, 0, 0, 0, 3, 1
28482, 9, 2, 2, 0, 8, 1
37959, 5, 3, 3, 0, 5, 0
38671, 15, 6, 6, 0, 10, 5
83865, 0, 1, 1, 0, 0, 0
83866, 0, 1, 1, 0, 0, 0
83867, 0, 1, 0, 1, 0, 0
83869, 0, 1, 0, 1, 0, 0
16640, 1, 0, 0, 0, 1, 0
16641, 1, 0, 0, 0, 1, 0
16642, 1, 0, 0, 0, 1, 0
96242, 0, 1, 1, 0, 0, 0
97392, 4, 2, 2, 0, 4, 0
97999, 4, 1, 1, 0, 4, 0
47889, 5, 14, 14, 0, 5, 0
60439, 0, 2, 2, 0, 0, 0
16650, 1, 0, 0, 0, 1, 0
16651, 1, 0, 0, 0, 1, 0
16652, 3, 0, 0, 0, 3, 0
16653, 1, 0, 0, 0, 1, 0
16654, 0, 1, 1, 0, 0, 0
16655, 1, 1, 1, 0, 1, 0
16657, 1, 0, 0, 0, 0, 1
40562, 2, 3, 2, 1, 2, 0
16659, 1, 0, 0, 0, 0, 1
16661, 1, 0, 0, 0, 1, 0
16662, 0, 1, 1, 0, 0, 0
16666, 3, 0, 0, 0, 3, 0
16667, 1, 0, 0, 0, 1, 0
16668, 0, 1, 1, 0, 0, 0
16670, 1, 0, 0, 0, 1, 0
16671, 0, 1, 1, 0, 0, 0
16672, 3, 0, 0, 0, 1, 2
16673, 1, 0, 0, 0, 1, 0
16674, 1, 0, 0, 0, 1, 0
16675, 1, 0, 0, 0, 0, 1
16676, 1, 0, 0, 0, 1, 0
16678, 1, 0, 0, 0, 1, 0
16680, 5, 1, 1, 0, 5, 0
16681, 0, 1, 1, 0, 0, 0
16682, 6, 3, 2, 1, 6, 0
16683, 6, 2, 2, 0, 6, 0
53703, 1, 1, 1, 0, 1, 0
53751, 0, 3, 3, 0, 0, 0
16684, 1, 0, 0, 0, 0, 1
16686, 3, 1, 1, 0, 2, 1
16688, 1, 0, 0, 0, 1, 0
16689, 1, 0, 0, 0, 1, 0
16691, 1, 0, 0, 0, 1, 0
16692, 1, 0, 0, 0, 1, 0
28842, 0, 1, 1, 0, 0, 0
16695, 1, 0, 0, 0, 1, 0
16696, 0, 1, 1, 0, 0, 0
17709, 4, 2, 2, 0, 4, 0
19758, 1, 2, 2, 0, 1, 0
34289, 1, 2, 2, 0, 1, 0
34295, 0, 1, 1, 0, 0, 0
34296, 0, 1, 1, 0, 0, 0
34298, 0, 1, 1, 0, 0, 0
34299, 3, 3, 3, 0, 3, 0
54679, 0, 1, 1, 0, 0, 0
46803, 4, 5, 5, 0, 4, 0
60201, 10, 5, 3, 2, 10, 0
69776, 6, 5, 4, 1, 6, 0
81465, 6, 1, 0, 1, 6, 0
81466, 0, 3, 2, 1, 0, 0
110342, 1, 2, 1, 1, 1, 0
112943, 1, 1, 1, 0, 1, 0
114394, 1, 1, 0, 1, 1, 0
115937, 1, 3, 0, 3, 1, 0
117844, 3, 2, 1, 1, 3, 0
118102, 0, 2, 1, 1, 0, 0
118103, 0, 2, 1, 1, 0, 0
118459, 0, 1, 0, 1, 0, 0
120419, 0, 1, 0, 1, 0, 0
122038, 0, 1, 0, 1, 0, 0
107130, 1, 1, 1, 0, 1, 0
30849, 1, 1, 1, 0, 1, 0
54562, 6, 1, 1, 0, 6, 0
70110, 7, 5, 5, 0, 7, 0
48644, 7, 2, 2, 0, 5, 2
111874, 3, 4, 4, 0, 2, 1
100536, 2, 2, 2, 0, 2, 0
79558, 0, 1, 1, 0, 0, 0
79559, 0, 1, 1, 0, 0, 0
118552, 1, 2, 2, 0, 1, 0
122092, 2, 1, 1, 0, 2, 0
98820, 0, 1, 1, 0, 0, 0
87041, 0, 1, 1, 0, 0, 0
87042, 0, 1, 1, 0, 0, 0
87043, 0, 1, 1, 0, 0, 0
87044, 0, 1, 1, 0, 0, 0
41235, 6, 6, 6, 0, 6, 0
84171, 0, 1, 1, 0, 0, 0
84172, 0, 1, 1, 0, 0, 0
31352, 0, 2, 2, 0, 0, 0
40425, 6, 4, 4, 0, 4, 2
45392, 1, 2, 0, 2, 1, 0
97315, 1, 1, 1, 0, 1, 0
101814, 0, 1, 1, 0, 0, 0
52733, 0, 1, 1, 0, 0, 0
52734, 2, 1, 1, 0, 2, 0
52735, 0, 1, 1, 0, 0, 0
71253, 1, 1, 1, 0, 1, 0
71875, 0, 1, 1, 0, 0, 0
29575, 6, 5, 5, 0, 6, 0
79714, 1, 1, 1, 0, 1, 0
79782, 1, 1, 1, 0, 1, 0
82648, 0, 1, 1, 0, 0, 0
19387, 1, 2, 2, 0, 1, 0
46778, 3, 4, 4, 0, 3, 0
52279, 1, 1, 1, 0, 1, 0
52280, 2, 1, 0, 1, 2, 0
26287, 1, 1, 1, 0, 1, 0
48125, 1, 1, 1, 0, 1, 0
78711, 3, 1, 1, 0, 3, 0
78714, 0, 4, 4, 0, 0, 0
78841, 3, 1, 1, 0, 3, 0
51243, 0, 2, 1, 1, 0, 0
51410, 4, 1, 1, 0, 4, 0
53954, 5, 9, 8, 1, 5, 0
96083, 1, 1, 1, 0, 1, 0
85128, 0, 1, 1, 0, 0, 0
85129, 0, 1, 1, 0, 0, 0
106372, 0, 1, 0, 1, 0, 0
25756, 1, 1, 0, 1, 1, 0
28759, 4, 2, 2, 0, 4, 0
33586, 0, 2, 1, 1, 0, 0
45340, 6, 2, 2, 0, 6, 0
60449, 0, 1, 1, 0, 0, 0
60450, 0, 3, 1, 2, 0, 0
60451, 0, 1, 1, 0, 0, 0
114730, 1, 1, 1, 0, 1, 0
26381, 1, 1, 1, 0, 1, 0
103949, 1, 1, 1, 0, 1, 0
82032, 3, 2, 2, 0, 1, 2
82054, 0, 1, 0, 1, 0, 0
82055, 0, 1, 0, 1, 0, 0
83718, 1, 1, 1, 0, 1, 0
37814, 3, 2, 1, 1, 3, 0
96701, 2, 3, 3, 0, 2, 0
105987, 13, 2, 2, 0, 13, 0
62169, 7, 13, 13, 0, 7, 0
66645, 4, 3, 3, 0, 4, 0
68140, 11, 7, 7, 0, 11, 0
68141, 17, 11, 11, 0, 17, 0
71709, 9, 8, 8, 0, 9, 0
76809, 0, 1, 1, 0, 0, 0
16783, 1, 0, 0, 0, 1, 0
16784, 1, 0, 0, 0, 1, 0
16785, 1, 0, 0, 0, 1, 0
16788, 1, 0, 0, 0, 1, 0
16790, 1, 0, 0, 0, 1, 0
16791, 1, 0, 0, 0, 0, 1
16792, 1, 4, 2, 2, 1, 0
16793, 1, 0, 0, 0, 1, 0
16794, 1, 0, 0, 0, 1, 0
19842, 1, 1, 1, 0, 1, 0
25874, 0, 2, 1, 1, 0, 0
58358, 2, 2, 2, 0, 2, 0
58359, 1, 2, 2, 0, 1, 0
64772, 0, 5, 5, 0, 0, 0
73653, 6, 5, 4, 1, 6, 0
92322, 0, 1, 1, 0, 0, 0
16797, 1, 0, 0, 0, 1, 0
16799, 1, 0, 0, 0, 0, 1
16802, 1, 0, 0, 0, 1, 0
16804, 1, 0, 0, 0, 0, 1
22933, 2, 4, 2, 2, 2, 0
37698, 27, 4, 4, 0, 27, 0
59726, 4, 1, 0, 1, 4, 0
79085, 1, 1, 1, 0, 1, 0
79087, 0, 1, 0, 1, 0, 0
16806, 1, 0, 0, 0, 1, 0
16807, 0, 2, 2, 0, 0, 0
31162, 4, 4, 4, 0, 4, 0
73129, 0, 1, 1, 0, 0, 0
73130, 0, 1, 1, 0, 0, 0
64699, 5, 1, 1, 0, 5, 0
76815, 0, 1, 0, 1, 0, 0
76816, 0, 1, 1, 0, 0, 0
50282, 1, 2, 2, 0, 1, 0
63342, 1, 1, 1, 0, 1, 0
64447, 2, 1, 1, 0, 2, 0
80107, 1, 1, 1, 0, 1, 0
85754, 1, 1, 1, 0, 1, 0
85872, 0, 2, 1, 1, 0, 0
86077, 1, 1, 1, 0, 1, 0
86235, 0, 1, 1, 0, 0, 0
86236, 0, 1, 1, 0, 0, 0
86237, 0, 1, 1, 0, 0, 0
86238, 0, 1, 1, 0, 0, 0
86239, 0, 1, 1, 0, 0, 0
86240, 0, 1, 1, 0, 0, 0
86241, 0, 1, 1, 0, 0, 0
16812, 1, 0, 0, 0, 1, 0
16813, 1, 0, 0, 0, 1, 0
16814, 6, 6, 6, 0, 6, 0
21457, 1, 2, 2, 0, 1, 0
77782, 0, 2, 2, 0, 0, 0
27548, 3, 1, 1, 0, 2, 1
19830, 5, 3, 3, 0, 5, 0
129925, 0, 2, 2, 0, 0, 0
23176, 1, 2, 2, 0, 0, 1
28331, 5, 5, 5, 0, 5, 0
16823, 1, 0, 0, 0, 1, 0
16824, 3, 0, 0, 0, 3, 0
19296, 1, 1, 1, 0, 1, 0
16826, 1, 0, 0, 0, 1, 0
44208, 5, 1, 1, 0, 5, 0
57938, 1, 1, 1, 0, 1, 0
58944, 2, 2, 2, 0, 2, 0
62215, 0, 1, 1, 0, 0, 0
29157, 1, 4, 4, 0, 1, 0
41632, 0, 2, 1, 1, 0, 0
41633, 0, 2, 2, 0, 0, 0
41635, 0, 1, 1, 0, 0, 0
22724, 1, 1, 1, 0, 1, 0
38019, 7, 4, 0, 4, 2, 5
46397, 7, 4, 4, 0, 5, 2
114291, 7, 2, 2, 0, 2, 5
28821, 1, 1, 1, 0, 1, 0
58159, 3, 2, 2, 0, 3, 0
84010, 0, 1, 1, 0, 0, 0
16834, 1, 0, 0, 0, 1, 0
16835, 1, 2, 2, 0, 1, 0
16836, 1, 0, 0, 0, 1, 0
17323, 1, 1, 1, 0, 1, 0
17605, 0, 2, 1, 1, 0, 0
17606, 0, 1, 1, 0, 0, 0
17607, 0, 1, 1, 0, 0, 0
17608, 0, 1, 1, 0, 0, 0
17609, 0, 1, 1, 0, 0, 0
124970, 8, 1, 1, 0, 8, 0
130171, 0, 1, 1, 0, 0, 0
16838, 1, 0, 0, 0, 1, 0
16840, 1, 0, 0, 0, 1, 0
16842, 17, 0, 0, 0, 17, 0
16844, 0, 3, 3, 0, 0, 0
16846, 4, 4, 4, 0, 4, 0
61991, 2, 2, 2, 0, 2, 0
16848, 1, 0, 0, 0, 1, 0
16849, 0, 1, 1, 0, 0, 0
44155, 38, 8, 8, 0, 36, 2
16852, 1, 0, 0, 0, 1, 0
36316, 2, 1, 1, 0, 2, 0
36321, 1, 1, 1, 0, 1, 0
42987, 5, 1, 1, 0, 3, 2
40859, 3, 3, 3, 0, 3, 0
41042, 13, 11, 10, 1, 13, 0
82365, 0, 1, 1, 0, 0, 0
88258, 0, 1, 1, 0, 0, 0
88259, 0, 1, 1, 0, 0, 0
38873, 5, 1, 1, 0, 5, 0
27866, 1, 4, 4, 0, 1, 0
16857, 2, 1, 1, 0, 1, 1
16859, 1, 1, 1, 0, 1, 0
16860, 3, 0, 0, 0, 2, 1
18063, 0, 3, 3, 0, 0, 0
27072, 2, 2, 2, 0, 2, 0
28079, 1, 1, 1, 0, 1, 0
28080, 0, 1, 1, 0, 0, 0
16862, 6, 0, 0, 0, 6, 0
109688, 0, 1, 1, 0, 0, 0
16864, 1, 1, 1, 0, 1, 0
16865, 1, 1, 1, 0, 1, 0
33353, 2, 1, 1, 0, 2, 0
55580, 1, 1, 1, 0, 1, 0
24645, 1, 2, 2, 0, 1, 0
26921, 2, 2, 2, 0, 2, 0
16871, 1, 0, 0, 0, 0, 1
16872, 0, 1, 0, 1, 0, 0
16873, 2, 0, 0, 0, 2, 0
16874, 0, 1, 1, 0, 0, 0
16875, 1, 0, 0, 0, 1, 0
71328, 2, 2, 2, 0, 2, 0
71329, 0, 1, 0, 1, 0, 0
93719, 2, 2, 2, 0, 2, 0
16878, 1, 0, 0, 0, 0, 1
16879, 3, 0, 0, 0, 3, 0
16881, 0, 1, 1, 0, 0, 0
16882, 1, 0, 0, 0, 1, 0
16883, 1, 0, 0, 0, 1, 0
16884, 0, 4, 4, 0, 0, 0
16885, 1, 1, 1, 0, 1, 0
16886, 0, 1, 1, 0, 0, 0
16887, 1, 0, 0, 0, 1, 0
16888, 0, 1, 1, 0, 0, 0
16889, 1, 0, 0, 0, 0, 1
16890, 1, 0, 0, 0, 1, 0
16895, 1, 0, 0, 0, 1, 0
16896, 1, 0, 0, 0, 1, 0
16898, 1, 1, 1, 0, 1, 0
16899, 0, 2, 2, 0, 0, 0
16900, 1, 0, 0, 0, 1, 0
16901, 0, 5, 5, 0, 0, 0
42906, 0, 1, 1, 0, 0, 0
42907, 3, 3, 3, 0, 3, 0
16905, 1, 0, 0, 0, 1, 0
16908, 2, 0, 0, 0, 2, 0
16911, 2, 1, 1, 0, 0, 2
16914, 2, 1, 1, 0, 2, 0
16915, 1, 0, 0, 0, 1, 0
70987, 1, 3, 3, 0, 1, 0
16917, 1, 0, 0, 0, 0, 1
16918, 3, 0, 0, 0, 3, 0
16919, 1, 0, 0, 0, 1, 0
16920, 1, 1, 1, 0, 1, 0
108198, 7, 2, 2, 0, 7, 0
128924, 0, 1, 1, 0, 0, 0
130524, 14, 17, 17, 0, 14, 0
131344, 0, 2, 2, 0, 0, 0
16924, 17, 9, 7, 2, 9, 8
19397, 8, 3, 3, 0, 8, 0
40363, 1, 1, 1, 0, 1, 0
75249, 0, 1, 1, 0, 0, 0
130931, 4, 6, 2, 4, 3, 1
95911, 1, 1, 1, 0, 1, 0
96991, 1, 1, 1, 0, 1, 0
120225, 0, 1, 0, 1, 0, 0
121097, 1, 1, 1, 0, 1, 0
121397, 0, 1, 0, 1, 0, 0
122345, 0, 1, 0, 1, 0, 0
128402, 2, 1, 0, 1, 1, 1
128970, 2, 2, 2, 0, 2, 0
129997, 5, 2, 2, 0, 4, 1
63708, 7, 2, 1, 1, 7, 0
106674, 1, 2, 1, 1, 1, 0
120450, 0, 2, 1, 1, 0, 0
121472, 1, 1, 0, 1, 0, 1
121525, 0, 1, 0, 1, 0, 0
121531, 0, 1, 0, 1, 0, 0
121619, 0, 3, 0, 3, 0, 0
121647, 0, 1, 0, 1, 0, 0
121725, 0, 1, 0, 1, 0, 0
122162, 1, 3, 2, 1, 1, 0
122717, 0, 2, 1, 1, 0, 0
123179, 0, 1, 0, 1, 0, 0
123638, 0, 1, 0, 1, 0, 0
124152, 0, 1, 0, 1, 0, 0
126381, 0, 1, 0, 1, 0, 0
126570, 0, 1, 0, 1, 0, 0
126677, 2, 2, 0, 2, 2, 0
126926, 0, 1, 0, 1, 0, 0
127398, 0, 2, 0, 2, 0, 0
128081, 1, 2, 1, 1, 0, 1
128427, 1, 2, 0, 2, 0, 1
128956, 0, 1, 0, 1, 0, 0
129797, 0, 2, 0, 2, 0, 0
129893, 0, 1, 0, 1, 0, 0
130239, 0, 1, 0, 1, 0, 0
131242, 0, 1, 0, 1, 0, 0
16931, 3, 1, 1, 0, 3, 0
16932, 2, 2, 2, 0, 2, 0
16934, 1, 1, 1, 0, 1, 0
29796, 15, 4, 3, 1, 14, 1
49938, 1, 1, 0, 1, 1, 0
57092, 3, 2, 2, 0, 3, 0
64255, 1, 1, 0, 1, 1, 0
95020, 7, 2, 1, 1, 7, 0
105251, 2, 1, 0, 1, 1, 1
105796, 1, 2, 0, 2, 1, 0
106848, 1, 1, 0, 1, 1, 0
108103, 0, 1, 0, 1, 0, 0
112304, 7, 3, 3, 0, 7, 0
112697, 0, 3, 1, 2, 0, 0
116946, 1, 3, 1, 2, 1, 0
116975, 0, 4, 0, 4, 0, 0
116977, 0, 4, 0, 4, 0, 0
116978, 0, 4, 0, 4, 0, 0
116980, 0, 3, 0, 3, 0, 0
116981, 0, 3, 0, 3, 0, 0
116989, 1, 2, 0, 2, 1, 0
116992, 0, 2, 0, 2, 0, 0
117002, 0, 2, 0, 2, 0, 0
117034, 0, 1, 0, 1, 0, 0
117673, 0, 1, 0, 1, 0, 0
119631, 6, 2, 1, 1, 6, 0
120266, 0, 1, 0, 1, 0, 0
121051, 0, 2, 1, 1, 0, 0
121102, 0, 1, 0, 1, 0, 0
121373, 0, 1, 0, 1, 0, 0
121587, 0, 1, 1, 0, 0, 0
121805, 3, 1, 0, 1, 3, 0
121979, 0, 1, 0, 1, 0, 0
122176, 0, 1, 0, 1, 0, 0
122816, 1, 2, 1, 1, 1, 0
123096, 0, 1, 0, 1, 0, 0
123476, 1, 1, 0, 1, 1, 0
123564, 0, 2, 1, 1, 0, 0
124140, 0, 1, 0, 1, 0, 0
124414, 1, 1, 0, 1, 1, 0
124651, 0, 1, 0, 1, 0, 0
124660, 0, 1, 0, 1, 0, 0
125025, 0, 1, 0, 1, 0, 0
125659, 0, 1, 0, 1, 0, 0
125926, 0, 1, 0, 1, 0, 0
126290, 0, 1, 0, 1, 0, 0
126527, 0, 1, 0, 1, 0, 0
127692, 0, 1, 0, 1, 0, 0
128665, 0, 3, 1, 2, 0, 0
128910, 1, 1, 0, 1, 1, 0
129117, 0, 2, 0, 2, 0, 0
129936, 0, 1, 1, 0, 0, 0
131036, 0, 1, 0, 1, 0, 0
16937, 0, 2, 2, 0, 0, 0
119962, 3, 4, 2, 2, 1, 2
123907, 2, 1, 1, 0, 2, 0
127195, 5, 1, 1, 0, 5, 0
127275, 0, 4, 1, 3, 0, 0
127330, 21, 3, 0, 3, 16, 5
127331, 0, 7, 5, 2, 0, 0
127545, 0, 1, 0, 1, 0, 0
128356, 5, 4, 4, 0, 5, 0
128745, 1, 3, 1, 2, 1, 0
130178, 0, 1, 0, 1, 0, 0
130405, 5, 1, 1, 0, 5, 0
130614, 0, 1, 0, 1, 0, 0
130628, 4, 1, 1, 0, 4, 0
130799, 0, 2, 0, 2, 0, 0
131211, 1, 2, 2, 0, 1, 0
131275, 0, 2, 0, 2, 0, 0
131317, 1, 2, 2, 0, 1, 0
131715, 1, 3, 3, 0, 1, 0
128995, 5, 1, 1, 0, 5, 0
130334, 52, 5, 5, 0, 52, 0
131770, 0, 1, 1, 0, 0, 0
16939, 1, 0, 0, 0, 1, 0
16949, 1, 0, 0, 0, 1, 0
16950, 3, 0, 0, 0, 1, 2
45723, 1, 1, 1, 0, 0, 1
30599, 15, 4, 3, 1, 14, 1
52702, 0, 2, 2, 0, 0, 0
52703, 0, 1, 1, 0, 0, 0
52705, 0, 1, 1, 0, 0, 0
96176, 4, 8, 6, 2, 4, 0
107231, 0, 1, 1, 0, 0, 0
116840, 0, 1, 1, 0, 0, 0
117372, 0, 1, 1, 0, 0, 0
124807, 0, 2, 2, 0, 0, 0
16957, 1, 2, 1, 1, 0, 1
16967, 39, 2, 2, 0, 35, 4
113707, 21, 2, 2, 0, 20, 1
127649, 0, 1, 0, 1, 0, 0
127688, 0, 1, 0, 1, 0, 0
127689, 1, 1, 0, 1, 1, 0
130344, 4, 2, 2, 0, 4, 0
16970, 1, 0, 0, 0, 1, 0
131482, 4, 4, 4, 0, 4, 0
16972, 3, 0, 0, 0, 3, 0
27273, 0, 1, 0, 1, 0, 0
33963, 1, 4, 1, 3, 1, 0
75488, 1, 1, 0, 1, 1, 0
77614, 3, 1, 0, 1, 3, 0
80811, 2, 2, 1, 1, 2, 0
98937, 3, 1, 0, 1, 3, 0
100613, 0, 3, 0, 3, 0, 0
102915, 1, 3, 2, 1, 1, 0
104793, 0, 1, 0, 1, 0, 0
105078, 1, 2, 1, 1, 1, 0
105109, 0, 1, 0, 1, 0, 0
105539, 0, 1, 0, 1, 0, 0
105747, 0, 1, 0, 1, 0, 0
105904, 0, 2, 0, 2, 0, 0
106114, 0, 1, 0, 1, 0, 0
106729, 0, 1, 0, 1, 0, 0
107977, 0, 1, 0, 1, 0, 0
109112, 1, 2, 1, 1, 1, 0
110689, 0, 1, 0, 1, 0, 0
111477, 0, 2, 1, 1, 0, 0
111478, 0, 2, 1, 1, 0, 0
112012, 3, 2, 1, 1, 3, 0
112495, 1, 1, 0, 1, 0, 1
112913, 0, 1, 0, 1, 0, 0
113095, 0, 1, 0, 1, 0, 0
113748, 0, 1, 0, 1, 0, 0
114065, 0, 1, 0, 1, 0, 0
114074, 2, 2, 0, 2, 2, 0
114432, 0, 1, 0, 1, 0, 0
114671, 0, 1, 0, 1, 0, 0
115767, 0, 1, 0, 1, 0, 0
115824, 0, 1, 0, 1, 0, 0
116281, 1, 1, 0, 1, 1, 0
116603, 0, 1, 0, 1, 0, 0
116733, 0, 1, 0, 1, 0, 0
116987, 0, 1, 0, 1, 0, 0
117159, 0, 1, 0, 1, 0, 0
117238, 0, 1, 0, 1, 0, 0
117725, 0, 1, 0, 1, 0, 0
119757, 1, 1, 0, 1, 0, 1
119908, 0, 1, 0, 1, 0, 0
120188, 0, 1, 0, 1, 0, 0
120668, 0, 2, 0, 2, 0, 0
120941, 1, 1, 0, 1, 0, 1
121376, 0, 1, 0, 1, 0, 0
123829, 0, 1, 0, 1, 0, 0
124183, 0, 1, 0, 1, 0, 0
124300, 1, 1, 0, 1, 1, 0
124301, 2, 2, 1, 1, 2, 0
125666, 0, 1, 0, 1, 0, 0
125870, 0, 1, 0, 1, 0, 0
126022, 0, 1, 0, 1, 0, 0
126172, 0, 1, 0, 1, 0, 0
126176, 0, 1, 0, 1, 0, 0
126208, 0, 1, 0, 1, 0, 0
126218, 0, 2, 0, 2, 0, 0
126315, 0, 1, 0, 1, 0, 0
128068, 0, 1, 0, 1, 0, 0
128180, 0, 1, 0, 1, 0, 0
129055, 0, 1, 0, 1, 0, 0
129203, 0, 1, 0, 1, 0, 0
129204, 0, 1, 0, 1, 0, 0
129216, 0, 1, 0, 1, 0, 0
129740, 0, 1, 0, 1, 0, 0
130626, 0, 1, 0, 1, 0, 0
131721, 0, 1, 0, 1, 0, 0
16979, 0, 5, 4, 1, 0, 0
17050, 1, 2, 2, 0, 1, 0
51031, 7, 5, 4, 1, 7, 0
57857, 2, 1, 1, 0, 2, 0
63602, 5, 7, 6, 1, 5, 0
63822, 2, 5, 4, 1, 1, 1
66716, 4, 7, 7, 0, 4, 0
68437, 9, 7, 7, 0, 9, 0
74686, 2, 3, 3, 0, 2, 0
76792, 0, 1, 1, 0, 0, 0
76793, 0, 1, 1, 0, 0, 0
76794, 0, 1, 1, 0, 0, 0
123745, 1, 1, 1, 0, 1, 0
129083, 0, 1, 1, 0, 0, 0
119383, 1, 3, 3, 0, 1, 0
16984, 7, 0, 0, 0, 6, 1
128196, 1, 2, 1, 1, 1, 0
32495, 5, 6, 5, 1, 5, 0
16987, 1, 0, 0, 0, 0, 1
16990, 4, 7, 6, 1, 3, 1
40950, 0, 3, 3, 0, 0, 0
123997, 0, 1, 1, 0, 0, 0
130086, 1, 4, 4, 0, 1, 0
130106, 1, 2, 1, 1, 1, 0
16994, 5, 2, 2, 0, 5, 0
99097, 3, 5, 4, 1, 3, 0
125460, 0, 1, 0, 1, 0, 0
16998, 1, 0, 0, 0, 1, 0
16999, 0, 1, 1, 0, 0, 0
17003, 1, 0, 0, 0, 1, 0
131132, 6, 2, 2, 0, 6, 0
130551, 1, 1, 0, 1, 1, 0
130622, 0, 1, 0, 1, 0, 0
130775, 2, 2, 2, 0, 2, 0
17009, 1, 0, 0, 0, 1, 0
17010, 0, 2, 2, 0, 0, 0
69212, 5, 6, 5, 1, 5, 0
69213, 3, 5, 4, 1, 3, 0
69220, 0, 3, 2, 1, 0, 0
108943, 1, 1, 1, 0, 1, 0
109016, 12, 2, 1, 1, 12, 0
109285, 21, 3, 2, 1, 21, 0
111669, 0, 2, 1, 1, 0, 0
111670, 0, 2, 1, 1, 0, 0
112906, 0, 1, 0, 1, 0, 0
113170, 0, 1, 0, 1, 0, 0
113821, 2, 1, 0, 1, 2, 0
114608, 0, 1, 0, 1, 0, 0
119493, 1, 1, 0, 1, 1, 0
122428, 2, 1, 1, 0, 2, 0
123527, 0, 1, 1, 0, 0, 0
123552, 0, 1, 0, 1, 0, 0
125023, 0, 1, 0, 1, 0, 0
127130, 0, 2, 0, 2, 0, 0
129230, 0, 1, 0, 1, 0, 0
129231, 0, 1, 0, 1, 0, 0
130428, 0, 1, 0, 1, 0, 0
131210, 0, 2, 2, 0, 0, 0
115863, 42, 12, 11, 1, 42, 0
126610, 7, 2, 2, 0, 7, 0
125229, 15, 8, 8, 0, 15, 0
126394, 1, 1, 1, 0, 1, 0
127832, 3, 3, 3, 0, 3, 0
128046, 18, 2, 2, 0, 18, 0
130652, 4, 2, 2, 0, 4, 0
17016, 1, 0, 0, 0, 1, 0
124969, 6, 4, 4, 0, 6, 0
126275, 3, 1, 1, 0, 3, 0
130921, 0, 1, 1, 0, 0, 0
117664, 0, 1, 1, 0, 0, 0
124081, 0, 1, 0, 1, 0, 0
124649, 4, 3, 2, 1, 4, 0
125471, 0, 1, 0, 1, 0, 0
125701, 0, 1, 0, 1, 0, 0
127532, 0, 1, 0, 1, 0, 0
127867, 0, 1, 0, 1, 0, 0
129417, 1, 1, 0, 1, 1, 0
131239, 0, 1, 0, 1, 0, 0
17258, 1, 3, 3, 0, 1, 0
106799, 0, 1, 1, 0, 0, 0
107531, 0, 1, 1, 0, 0, 0
27204, 0, 2, 0, 2, 0, 0
27250, 1, 1, 0, 1, 1, 0
31006, 2, 3, 2, 1, 1, 1
33949, 0, 1, 0, 1, 0, 0
33983, 92, 3, 3, 0, 4, 88
93600, 4, 2, 1, 1, 4, 0
98309, 1, 1, 0, 1, 1, 0
114844, 2, 1, 0, 1, 2, 0
121332, 1, 1, 0, 1, 1, 0
121987, 6, 4, 4, 0, 6, 0
123468, 0, 2, 1, 1, 0, 0
124564, 1, 3, 2, 1, 1, 0
125355, 0, 15, 10, 5, 0, 0
125485, 0, 2, 2, 0, 0, 0
126115, 1, 1, 0, 1, 1, 0
126136, 0, 2, 0, 2, 0, 0
126139, 0, 2, 0, 2, 0, 0
126140, 0, 1, 0, 1, 0, 0
126141, 0, 1, 0, 1, 0, 0
126142, 0, 2, 0, 2, 0, 0
126143, 0, 2, 0, 2, 0, 0
126368, 2, 1, 0, 1, 2, 0
126491, 23, 6, 3, 3, 22, 1
126537, 0, 12, 9, 3, 0, 0
126538, 0, 14, 10, 4, 0, 0
126539, 0, 13, 9, 4, 0, 0
126540, 0, 7, 4, 3, 0, 0
126623, 0, 1, 1, 0, 0, 0
126814, 14, 1, 1, 0, 13, 1
126902, 3, 3, 3, 0, 3, 0
126970, 0, 1, 0, 1, 0, 0
126997, 11, 13, 8, 5, 10, 1
127000, 10, 11, 7, 4, 10, 0
127002, 0, 1, 0, 1, 0, 0
127017, 9, 12, 9, 3, 8, 1
127061, 16, 13, 9, 4, 12, 4
127062, 10, 13, 10, 3, 8, 2
127068, 0, 3, 1, 2, 0, 0
127089, 3, 3, 1, 2, 1, 2
127226, 0, 1, 0, 1, 0, 0
127227, 0, 1, 0, 1, 0, 0
127228, 0, 1, 0, 1, 0, 0
127229, 0, 1, 0, 1, 0, 0
127230, 0, 1, 0, 1, 0, 0
127231, 0, 1, 0, 1, 0, 0
127232, 0, 1, 0, 1, 0, 0
127233, 0, 1, 0, 1, 0, 0
127234, 0, 1, 0, 1, 0, 0
127235, 0, 1, 0, 1, 0, 0
127236, 0, 1, 0, 1, 0, 0
127237, 0, 1, 0, 1, 0, 0
127238, 0, 1, 0, 1, 0, 0
127272, 0, 3, 1, 2, 0, 0
127274, 0, 2, 0, 2, 0, 0
127282, 0, 2, 0, 2, 0, 0
127285, 0, 2, 0, 2, 0, 0
127286, 0, 2, 0, 2, 0, 0
127289, 0, 2, 0, 2, 0, 0
127290, 0, 1, 0, 1, 0, 0
127291, 0, 2, 0, 2, 0, 0
127298, 0, 4, 0, 4, 0, 0
127309, 0, 11, 8, 3, 0, 0
127626, 0, 1, 0, 1, 0, 0
128034, 0, 1, 0, 1, 0, 0
128035, 0, 2, 0, 2, 0, 0
128037, 0, 1, 0, 1, 0, 0
128038, 0, 1, 0, 1, 0, 0
128379, 0, 1, 0, 1, 0, 0
128591, 0, 1, 0, 1, 0, 0
128592, 0, 1, 0, 1, 0, 0
128660, 2, 1, 0, 1, 2, 0
128857, 0, 1, 1, 0, 0, 0
128888, 0, 1, 1, 0, 0, 0
128950, 0, 1, 0, 1, 0, 0
129405, 0, 1, 0, 1, 0, 0
129406, 0, 1, 0, 1, 0, 0
129450, 1, 1, 0, 1, 1, 0
129528, 2, 1, 0, 1, 2, 0
129711, 0, 1, 0, 1, 0, 0
129716, 4, 1, 0, 1, 4, 0
129773, 1, 1, 0, 1, 1, 0
129845, 0, 1, 0, 1, 0, 0
129938, 3, 2, 1, 1, 3, 0
129978, 1, 1, 0, 1, 0, 1
130015, 1, 1, 0, 1, 1, 0
130016, 0, 4, 3, 1, 0, 0
130017, 1, 1, 0, 1, 1, 0
130018, 1, 1, 0, 1, 1, 0
130031, 0, 1, 0, 1, 0, 0
130032, 0, 1, 0, 1, 0, 0
130034, 0, 1, 0, 1, 0, 0
130044, 0, 1, 0, 1, 0, 0
130049, 3, 1, 1, 0, 2, 1
130118, 1, 1, 0, 1, 1, 0
130182, 5, 2, 1, 1, 5, 0
130525, 0, 1, 0, 1, 0, 0
130627, 1, 1, 0, 1, 1, 0
130829, 0, 1, 0, 1, 0, 0
130830, 0, 2, 1, 1, 0, 0
130831, 0, 1, 0, 1, 0, 0
130832, 0, 1, 0, 1, 0, 0
130833, 0, 1, 0, 1, 0, 0
130834, 0, 1, 0, 1, 0, 0
130836, 0, 1, 0, 1, 0, 0
130837, 0, 1, 0, 1, 0, 0
130838, 0, 1, 0, 1, 0, 0
130839, 0, 1, 0, 1, 0, 0
130840, 0, 1, 0, 1, 0, 0
130841, 0, 1, 0, 1, 0, 0
130846, 0, 1, 0, 1, 0, 0
130847, 0, 1, 0, 1, 0, 0
17027, 1, 0, 0, 0, 1, 0
115841, 3, 3, 2, 1, 1, 2
124348, 0, 1, 0, 1, 0, 0
126635, 3, 1, 0, 1, 0, 3
129475, 0, 1, 0, 1, 0, 0
129476, 0, 1, 0, 1, 0, 0
129774, 3, 2, 1, 1, 1, 2
130725, 0, 1, 0, 1, 0, 0
131121, 2, 5, 2, 3, 2, 0
131126, 2, 2, 1, 1, 2, 0
17032, 1, 0, 0, 0, 1, 0
17033, 0, 1, 1, 0, 0, 0
17062, 9, 6, 5, 1, 9, 0
128673, 6, 1, 1, 0, 6, 0
33995, 2, 1, 0, 1, 2, 0
128637, 1, 2, 1, 1, 1, 0
128707, 0, 1, 0, 1, 0, 0
129681, 0, 1, 0, 1, 0, 0
129768, 0, 1, 0, 1, 0, 0
130932, 0, 1, 0, 1, 0, 0
130933, 0, 1, 0, 1, 0, 0
17039, 1, 0, 0, 0, 0, 1
129103, 13, 6, 6, 0, 13, 0
131556, 15, 7, 7, 0, 15, 0
44999, 12, 6, 5, 1, 10, 2
62391, 1, 1, 1, 0, 1, 0
130326, 0, 1, 0, 1, 0, 0
131228, 4, 1, 0, 1, 3, 1
128039, 4, 1, 1, 0, 4, 0
128284, 0, 5, 5, 0, 0, 0
131724, 0, 1, 1, 0, 0, 0
75681, 0, 1, 1, 0, 0, 0
17051, 1, 0, 0, 0, 1, 0
17052, 0, 1, 1, 0, 0, 0
130523, 1, 2, 2, 0, 1, 0
130765, 0, 1, 1, 0, 0, 0
131571, 3, 2, 2, 0, 3, 0
17054, 1, 3, 3, 0, 1, 0
17055, 20, 2, 2, 0, 20, 0
17056, 2, 6, 5, 1, 2, 0
128791, 1, 1, 1, 0, 1, 0
130710, 8, 1, 1, 0, 6, 2
131156, 0, 1, 1, 0, 0, 0
17075, 0, 2, 0, 2, 0, 0
26716, 0, 2, 1, 1, 0, 0
28890, 4, 4, 3, 1, 4, 0
57126, 12, 4, 1, 3, 2, 10
102835, 6, 2, 0, 2, 2, 4
105138, 0, 2, 1, 1, 0, 0
110418, 0, 2, 1, 1, 0, 0
111016, 3, 5, 3, 2, 3, 0
111763, 0, 1, 0, 1, 0, 0
112038, 1, 2, 0, 2, 1, 0
112496, 0, 3, 0, 3, 0, 0
112500, 2, 1, 1, 0, 1, 1
112540, 2, 1, 1, 0, 2, 0
112861, 1, 2, 0, 2, 1, 0
113305, 0, 1, 0, 1, 0, 0
114115, 1, 1, 0, 1, 1, 0
115697, 0, 1, 0, 1, 0, 0
116554, 1, 1, 0, 1, 1, 0
116768, 2, 1, 0, 1, 2, 0
117450, 0, 1, 0, 1, 0, 0
118817, 0, 1, 0, 1, 0, 0
118820, 0, 1, 0, 1, 0, 0
118821, 0, 1, 0, 1, 0, 0
118832, 1, 2, 1, 1, 1, 0
119170, 0, 1, 0, 1, 0, 0
119247, 0, 1, 0, 1, 0, 0
119248, 0, 1, 0, 1, 0, 0
119249, 1, 2, 1, 1, 1, 0
119250, 0, 1, 0, 1, 0, 0
119251, 0, 1, 0, 1, 0, 0
119252, 0, 1, 0, 1, 0, 0
119253, 0, 1, 0, 1, 0, 0
119254, 0, 1, 0, 1, 0, 0
119255, 0, 1, 0, 1, 0, 0
120588, 0, 3, 1, 2, 0, 0
120922, 2, 1, 0, 1, 2, 0
121500, 0, 2, 0, 2, 0, 0
121559, 0, 1, 0, 1, 0, 0
121824, 2, 2, 1, 1, 2, 0
121837, 0, 1, 0, 1, 0, 0
121848, 0, 2, 1, 1, 0, 0
121849, 0, 1, 0, 1, 0, 0
122003, 3, 2, 1, 1, 3, 0
123080, 0, 1, 0, 1, 0, 0
123157, 2, 4, 1, 3, 2, 0
123162, 1, 5, 1, 4, 1, 0
123230, 0, 1, 0, 1, 0, 0
123467, 0, 1, 0, 1, 0, 0
123835, 0, 1, 0, 1, 0, 0
124402, 0, 1, 0, 1, 0, 0
124487, 0, 1, 0, 1, 0, 0
124601, 0, 1, 0, 1, 0, 0
124708, 0, 1, 0, 1, 0, 0
124747, 5, 1, 0, 1, 5, 0
125862, 0, 2, 0, 2, 0, 0
126724, 0, 1, 0, 1, 0, 0
126921, 0, 1, 0, 1, 0, 0
127372, 0, 1, 0, 1, 0, 0
127463, 0, 1, 0, 1, 0, 0
127655, 2, 2, 1, 1, 2, 0
127656, 2, 3, 2, 1, 2, 0
128055, 0, 1, 0, 1, 0, 0
128287, 0, 1, 0, 1, 0, 0
128715, 0, 2, 0, 2, 0, 0
128716, 1, 2, 1, 1, 1, 0
128979, 0, 1, 0, 1, 0, 0
129935, 1, 1, 0, 1, 1, 0
130060, 0, 1, 0, 1, 0, 0
130489, 0, 1, 0, 1, 0, 0
131398, 0, 1, 0, 1, 0, 0
131738, 0, 1, 0, 1, 0, 0
131771, 0, 1, 0, 1, 0, 0
108332, 10, 1, 1, 0, 10, 0
109003, 7, 1, 1, 0, 7, 0
111897, 1, 2, 2, 0, 1, 0
131127, 1, 1, 1, 0, 1, 0
69004, 3, 3, 2, 1, 3, 0
17064, 1, 0, 0, 0, 1, 0
17065, 1, 1, 1, 0, 1, 0
124060, 21, 7, 7, 0, 21, 0
17067, 1, 0, 0, 0, 1, 0
94906, 0, 3, 2, 1, 0, 0
105937, 3, 1, 1, 0, 3, 0
110462, 2, 1, 0, 1, 1, 1
115673, 0, 5, 1, 4, 0, 0
115810, 0, 1, 0, 1, 0, 0
120460, 0, 1, 0, 1, 0, 0
120461, 0, 1, 0, 1, 0, 0
121863, 0, 1, 0, 1, 0, 0
122456, 0, 1, 0, 1, 0, 0
126958, 0, 1, 0, 1, 0, 0
127631, 0, 1, 0, 1, 0, 0
129152, 0, 1, 0, 1, 0, 0
129506, 0, 1, 0, 1, 0, 0
130756, 0, 1, 0, 1, 0, 0
131049, 0, 1, 0, 1, 0, 0
131670, 0, 1, 0, 1, 0, 0
97798, 0, 1, 0, 1, 0, 0
110665, 0, 1, 0, 1, 0, 0
115997, 0, 1, 0, 1, 0, 0
117586, 0, 1, 0, 1, 0, 0
130125, 0, 1, 0, 1, 0, 0
130708, 0, 1, 0, 1, 0, 0
122530, 1, 6, 5, 1, 0, 1
18927, 4, 1, 0, 1, 4, 0
22892, 5, 2, 1, 1, 5, 0
22957, 7, 3, 2, 1, 7, 0
23408, 10, 2, 1, 1, 8, 2
29203, 32, 3, 2, 1, 32, 0
31872, 3, 1, 0, 1, 3, 0
35686, 2, 1, 0, 1, 2, 0
37805, 1, 1, 0, 1, 1, 0
43583, 17, 3, 2, 1, 17, 0
47173, 1, 1, 0, 1, 1, 0
49807, 8, 2, 1, 1, 8, 0
66993, 11, 2, 1, 1, 11, 0
79379, 4, 3, 2, 1, 4, 0
97966, 1, 1, 0, 1, 1, 0
98073, 5, 4, 3, 1, 5, 0
98813, 2, 1, 0, 1, 2, 0
100213, 7, 2, 1, 1, 7, 0
101772, 9, 1, 0, 1, 9, 0
106277, 2, 1, 0, 1, 2, 0
107506, 3, 1, 0, 1, 3, 0
108223, 2, 2, 1, 1, 2, 0
109135, 3, 2, 1, 1, 3, 0
110617, 7, 1, 0, 1, 7, 0
113193, 2, 1, 0, 1, 2, 0
113690, 8, 1, 0, 1, 8, 0
114842, 7, 4, 3, 1, 7, 0
114855, 6, 1, 0, 1, 6, 0
115266, 13, 2, 1, 1, 13, 0
115698, 1, 1, 0, 1, 1, 0
115860, 1, 1, 0, 1, 1, 0
115870, 2, 1, 0, 1, 2, 0
116242, 2, 1, 0, 1, 2, 0
116485, 1, 1, 0, 1, 1, 0
117110, 2, 1, 0, 1, 2, 0
117809, 11, 1, 0, 1, 11, 0
118174, 1, 1, 0, 1, 1, 0
118587, 2, 2, 1, 1, 2, 0
118757, 2, 1, 0, 1, 2, 0
118953, 34, 1, 0, 1, 25, 9
119327, 3, 1, 0, 1, 3, 0
119526, 1, 1, 0, 1, 1, 0
120224, 12, 1, 0, 1, 12, 0
121361, 2, 1, 0, 1, 2, 0
121365, 11, 3, 2, 1, 7, 4
121560, 1, 2, 1, 1, 1, 0
121595, 28, 1, 0, 1, 28, 0
122028, 26, 4, 3, 1, 26, 0
122957, 2, 1, 0, 1, 2, 0
123192, 1, 1, 0, 1, 1, 0
124228, 1, 1, 0, 1, 1, 0
124332, 6, 2, 1, 1, 6, 0
125297, 6, 1, 0, 1, 6, 0
17077, 1, 0, 0, 0, 1, 0
17078, 0, 1, 1, 0, 0, 0
17079, 1, 0, 0, 0, 1, 0
17080, 2, 0, 0, 0, 1, 1
17081, 0, 1, 1, 0, 0, 0
17083, 1, 0, 0, 0, 1, 0
18430, 1, 1, 1, 0, 1, 0
100030, 1, 1, 1, 0, 1, 0
121553, 7, 2, 2, 0, 7, 0
46670, 0, 2, 2, 0, 0, 0
50127, 0, 1, 0, 1, 0, 0
50130, 0, 1, 0, 1, 0, 0
17098, 1, 0, 0, 0, 1, 0
17099, 1, 0, 0, 0, 1, 0
42157, 2, 1, 0, 1, 2, 0
17103, 1, 0, 0, 0, 1, 0
17104, 1, 1, 1, 0, 1, 0
17105, 13, 4, 4, 0, 10, 3
44236, 2, 2, 1, 1, 2, 0
17106, 1, 0, 0, 0, 0, 1
17107, 1, 1, 1, 0, 1, 0
17109, 1, 0, 0, 0, 1, 0
17111, 1, 1, 1, 0, 1, 0
17112, 3, 2, 2, 0, 3, 0
17115, 1, 0, 0, 0, 0, 1
100796, 5, 1, 1, 0, 3, 2
17117, 1, 0, 0, 0, 1, 0
17118, 1, 0, 0, 0, 1, 0
17119, 1, 0, 0, 0, 0, 1
17120, 0, 1, 0, 1, 0, 0
17121, 1, 0, 0, 0, 1, 0
17122, 1, 0, 0, 0, 1, 0
36350, 0, 1, 1, 0, 0, 0
36351, 0, 1, 1, 0, 0, 0
36352, 0, 1, 1, 0, 0, 0
17128, 1, 0, 0, 0, 1, 0
17130, 1, 0, 0, 0, 1, 0
17131, 1, 0, 0, 0, 1, 0
17132, 1, 0, 0, 0, 1, 0
17134, 1, 0, 0, 0, 1, 0
17135, 1, 0, 0, 0, 1, 0
17136, 1, 0, 0, 0, 1, 0
17137, 0, 1, 1, 0, 0, 0
17138, 1, 0, 0, 0, 1, 0
17139, 2, 1, 1, 0, 2, 0
41427, 12, 34, 31, 3, 12, 0
53889, 3, 2, 1, 1, 3, 0
54355, 1, 1, 1, 0, 1, 0
57559, 6, 2, 2, 0, 6, 0
58568, 8, 4, 3, 1, 7, 1
58598, 7, 1, 1, 0, 7, 0
60227, 4, 2, 2, 0, 4, 0
44689, 3, 3, 3, 0, 3, 0
68041, 2, 4, 4, 0, 2, 0
70255, 2, 4, 4, 0, 2, 0
85715, 0, 2, 2, 0, 0, 0
87203, 0, 1, 1, 0, 0, 0
87204, 0, 1, 1, 0, 0, 0
87205, 0, 1, 1, 0, 0, 0
87206, 0, 1, 1, 0, 0, 0
87207, 0, 1, 1, 0, 0, 0
17146, 5, 0, 0, 0, 5, 0
17148, 1, 1, 1, 0, 1, 0
17149, 12, 1, 1, 0, 10, 2
22474, 0, 3, 0, 3, 0, 0
23016, 5, 7, 6, 1, 4, 1
113888, 0, 1, 1, 0, 0, 0
17150, 1, 0, 0, 0, 1, 0
17151, 0, 1, 1, 0, 0, 0
17152, 1, 0, 0, 0, 1, 0
17153, 1, 0, 0, 0, 1, 0
17156, 2, 0, 0, 0, 2, 0
17157, 0, 1, 1, 0, 0, 0
24782, 1, 5, 5, 0, 1, 0
29097, 10, 7, 7, 0, 9, 1
33576, 2, 2, 1, 1, 2, 0
41201, 8, 2, 1, 1, 8, 0
64979, 16, 1, 0, 1, 15, 1
17159, 1, 1, 1, 0, 1, 0
67105, 9, 5, 5, 0, 9, 0
69041, 1, 1, 1, 0, 1, 0
69078, 9, 3, 3, 0, 9, 0
73837, 0, 3, 3, 0, 0, 0
78641, 2, 2, 2, 0, 2, 0
17161, 1, 0, 0, 0, 1, 0
17162, 2, 0, 0, 0, 2, 0
17662, 1, 2, 2, 0, 1, 0
17166, 1, 0, 0, 0, 1, 0
17169, 2, 0, 0, 0, 2, 0
79834, 0, 1, 1, 0, 0, 0
79835, 0, 1, 1, 0, 0, 0
79836, 0, 1, 1, 0, 0, 0
79837, 0, 1, 1, 0, 0, 0
17171, 1, 0, 0, 0, 1, 0
17172, 1, 1, 1, 0, 1, 0
17174, 1, 0, 0, 0, 0, 1
18106, 0, 1, 1, 0, 0, 0
18107, 0, 1, 1, 0, 0, 0
18108, 0, 1, 1, 0, 0, 0
17178, 1, 1, 1, 0, 1, 0
17180, 1, 0, 0, 0, 1, 0
17181, 0, 3, 2, 1, 0, 0
17182, 2, 1, 1, 0, 2, 0
17183, 1, 0, 0, 0, 1, 0
17195, 1, 0, 0, 0, 1, 0
17196, 2, 1, 0, 1, 2, 0
17197, 0, 1, 1, 0, 0, 0
17200, 2, 1, 1, 0, 2, 0
17201, 1, 0, 0, 0, 1, 0
51812, 3, 2, 0, 2, 2, 1
53037, 0, 2, 1, 1, 0, 0
55311, 5, 5, 5, 0, 5, 0
55312, 5, 6, 6, 0, 5, 0
55313, 14, 6, 6, 0, 14, 0
55314, 17, 6, 6, 0, 17, 0
55315, 5, 5, 5, 0, 5, 0
61216, 0, 1, 1, 0, 0, 0
17203, 3, 0, 0, 0, 2, 1
17562, 0, 1, 0, 1, 0, 0
17208, 1, 0, 0, 0, 0, 1
17209, 0, 1, 0, 1, 0, 0
17210, 1, 1, 1, 0, 1, 0
32349, 2, 2, 2, 0, 1, 1
37080, 19, 9, 9, 0, 17, 2
48698, 5, 10, 9, 1, 4, 1
55070, 1, 3, 3, 0, 1, 0
58202, 1, 3, 3, 0, 1, 0
60641, 2, 1, 1, 0, 2, 0
63496, 1, 1, 1, 0, 1, 0
65845, 19, 16, 15, 1, 19, 0
66019, 1, 1, 1, 0, 1, 0
67240, 1, 4, 4, 0, 1, 0
68442, 4, 5, 5, 0, 4, 0
73405, 1, 3, 3, 0, 1, 0
74973, 6, 1, 1, 0, 6, 0
75667, 0, 1, 1, 0, 0, 0
75668, 0, 1, 1, 0, 0, 0
75669, 0, 1, 1, 0, 0, 0
75670, 0, 1, 1, 0, 0, 0
75671, 0, 1, 1, 0, 0, 0
75672, 0, 1, 1, 0, 0, 0
75673, 0, 1, 1, 0, 0, 0
75674, 0, 1, 1, 0, 0, 0
75675, 0, 2, 2, 0, 0, 0
75676, 0, 1, 1, 0, 0, 0
75677, 0, 1, 1, 0, 0, 0
112392, 0, 1, 1, 0, 0, 0
17213, 2, 0, 0, 0, 2, 0
17215, 1, 0, 0, 0, 0, 1
28375, 1, 1, 1, 0, 0, 1
26184, 16, 1, 1, 0, 16, 0
83637, 1, 2, 2, 0, 1, 0
110050, 0, 1, 1, 0, 0, 0
110051, 0, 1, 1, 0, 0, 0
110052, 0, 1, 1, 0, 0, 0
22086, 3, 6, 6, 0, 3, 0
24460, 0, 3, 3, 0, 0, 0
32519, 1, 1, 1, 0, 1, 0
68480, 2, 3, 2, 1, 1, 1
84284, 0, 1, 1, 0, 0, 0
17224, 1, 0, 0, 0, 1, 0
17225, 1, 0, 0, 0, 1, 0
17228, 2, 2, 2, 0, 2, 0
52282, 1, 1, 1, 0, 1, 0
17229, 2, 0, 0, 0, 2, 0
17230, 2, 0, 0, 0, 1, 1
84963, 0, 1, 0, 1, 0, 0
127348, 0, 1, 0, 1, 0, 0
17233, 1, 0, 0, 0, 1, 0
17235, 1, 0, 0, 0, 1, 0
65819, 0, 2, 1, 1, 0, 0
74386, 0, 1, 1, 0, 0, 0
18895, 1, 1, 1, 0, 1, 0
17239, 1, 0, 0, 0, 0, 1
17240, 1, 1, 0, 1, 0, 1
17241, 1, 0, 0, 0, 1, 0
17242, 1, 0, 0, 0, 1, 0
17243, 1, 1, 1, 0, 1, 0
17244, 1, 0, 0, 0, 1, 0
17246, 2, 0, 0, 0, 2, 0
17247, 2, 3, 3, 0, 2, 0
17248, 0, 2, 2, 0, 0, 0
34905, 3, 3, 3, 0, 3, 0
17249, 1, 0, 0, 0, 1, 0
56506, 0, 2, 0, 2, 0, 0
56507, 0, 2, 0, 2, 0, 0
92473, 0, 1, 0, 1, 0, 0
17251, 1, 0, 0, 0, 1, 0
17252, 0, 1, 1, 0, 0, 0
17256, 2, 2, 2, 0, 1, 1
17257, 0, 3, 3, 0, 0, 0
92805, 26, 2, 2, 0, 26, 0
107489, 1, 1, 1, 0, 1, 0
60270, 1, 2, 1, 1, 1, 0
78580, 0, 3, 3, 0, 0, 0
78581, 2, 2, 2, 0, 2, 0
78582, 4, 2, 2, 0, 4, 0
17261, 1, 0, 0, 0, 1, 0
86386, 3, 1, 1, 0, 3, 0
17264, 2, 0, 0, 0, 2, 0
17265, 3, 1, 1, 0, 3, 0
48328, 6, 5, 5, 0, 6, 0
104573, 2, 1, 1, 0, 2, 0
123122, 0, 1, 1, 0, 0, 0
124128, 1, 1, 1, 0, 1, 0
17267, 7, 0, 0, 0, 6, 1
17268, 1, 0, 0, 0, 1, 0
17269, 0, 1, 1, 0, 0, 0
81265, 1, 1, 1, 0, 1, 0
17274, 1, 0, 0, 0, 1, 0
17275, 0, 5, 5, 0, 0, 0
17276, 1, 0, 0, 0, 0, 1
17277, 1, 0, 0, 0, 1, 0
17278, 1, 0, 0, 0, 1, 0
17281, 1, 0, 0, 0, 1, 0
20320, 0, 2, 0, 2, 0, 0
20375, 0, 2, 0, 2, 0, 0
52829, 1, 1, 1, 0, 1, 0
60020, 9, 1, 1, 0, 9, 0
90853, 0, 1, 0, 1, 0, 0
90854, 0, 1, 0, 1, 0, 0
90855, 0, 1, 0, 1, 0, 0
90856, 0, 2, 0, 2, 0, 0
90857, 0, 1, 0, 1, 0, 0
90858, 0, 1, 0, 1, 0, 0
90859, 0, 1, 0, 1, 0, 0
90860, 0, 1, 0, 1, 0, 0
90862, 0, 1, 0, 1, 0, 0
90864, 0, 1, 0, 1, 0, 0
90865, 0, 1, 0, 1, 0, 0
112366, 1, 1, 1, 0, 1, 0
112919, 0, 1, 1, 0, 0, 0
112920, 0, 1, 1, 0, 0, 0
17283, 1, 0, 0, 0, 1, 0
17284, 1, 0, 0, 0, 1, 0
17285, 0, 1, 1, 0, 0, 0
17286, 1, 0, 0, 0, 0, 1
17287, 0, 2, 0, 2, 0, 0
17288, 1, 0, 0, 0, 1, 0
17291, 1, 0, 0, 0, 1, 0
17292, 4, 0, 0, 0, 4, 0
17293, 1, 0, 0, 0, 0, 1
17294, 0, 1, 0, 1, 0, 0
17295, 1, 0, 0, 0, 1, 0
17296, 1, 0, 0, 0, 1, 0
17299, 2, 0, 0, 0, 2, 0
19026, 13, 2, 2, 0, 10, 3
19020, 10, 1, 1, 0, 5, 5
19024, 6, 1, 1, 0, 4, 2
17311, 2, 0, 0, 0, 2, 0
17312, 1, 0, 0, 0, 0, 1
17313, 3, 0, 0, 0, 3, 0
56814, 3, 3, 3, 0, 3, 0
65898, 1, 1, 1, 0, 1, 0
67207, 1, 1, 1, 0, 1, 0
74091, 0, 1, 1, 0, 0, 0
74092, 0, 1, 1, 0, 0, 0
74093, 0, 1, 1, 0, 0, 0
74094, 1, 1, 1, 0, 1, 0
74095, 0, 2, 2, 0, 0, 0
17563, 2, 2, 2, 0, 2, 0
18659, 3, 3, 3, 0, 3, 0
24128, 3, 1, 1, 0, 3, 0
30990, 0, 1, 1, 0, 0, 0
71038, 14, 6, 6, 0, 14, 0
77706, 0, 1, 1, 0, 0, 0
77707, 0, 1, 1, 0, 0, 0
77708, 0, 1, 1, 0, 0, 0
105023, 0, 1, 1, 0, 0, 0
17321, 1, 0, 0, 0, 1, 0
17322, 0, 1, 1, 0, 0, 0
17324, 1, 0, 0, 0, 0, 1
17325, 1, 0, 0, 0, 1, 0
17326, 6, 2, 2, 0, 2, 4
78487, 5, 1, 1, 0, 5, 0
17327, 1, 0, 0, 0, 1, 0
17328, 0, 1, 1, 0, 0, 0
17330, 7, 1, 0, 1, 7, 0
17368, 0, 2, 2, 0, 0, 0
17336, 1, 0, 0, 0, 1, 0
128008, 0, 1, 0, 1, 0, 0
130513, 0, 1, 0, 1, 0, 0
17345, 1, 0, 0, 0, 1, 0
17346, 1, 1, 1, 0, 1, 0
17347, 1, 0, 0, 0, 1, 0
17348, 0, 2, 2, 0, 0, 0
124317, 2, 2, 2, 0, 2, 0
126324, 1, 1, 1, 0, 1, 0
127215, 5, 2, 2, 0, 4, 1
128545, 12, 3, 3, 0, 12, 0
28658, 2, 2, 1, 1, 2, 0
30573, 1, 1, 1, 0, 1, 0
39385, 5, 3, 3, 0, 5, 0
77228, 1, 1, 1, 0, 1, 0
77235, 8, 2, 2, 0, 8, 0
77254, 9, 3, 2, 1, 8, 1
77263, 2, 1, 1, 0, 2, 0
80847, 1, 4, 4, 0, 1, 0
97279, 9, 4, 3, 1, 9, 0
98636, 2, 1, 1, 0, 2, 0
98934, 10, 16, 14, 2, 10, 0
103627, 0, 1, 1, 0, 0, 0
105898, 2, 1, 1, 0, 2, 0
111727, 2, 4, 3, 1, 2, 0
116901, 5, 8, 8, 0, 5, 0
118343, 13, 3, 3, 0, 13, 0
118622, 29, 2, 2, 0, 29, 0
121812, 3, 2, 2, 0, 3, 0
124701, 6, 1, 1, 0, 6, 0
124951, 2, 3, 3, 0, 2, 0
124999, 1, 1, 1, 0, 1, 0
125015, 1, 1, 1, 0, 1, 0
17353, 2, 0, 0, 0, 2, 0
101798, 0, 1, 0, 1, 0, 0
105267, 0, 3, 0, 3, 0, 0
106421, 0, 2, 1, 1, 0, 0
111043, 0, 1, 0, 1, 0, 0
118114, 0, 1, 0, 1, 0, 0
118880, 0, 1, 0, 1, 0, 0
125298, 0, 1, 0, 1, 0, 0
128593, 8, 2, 2, 0, 8, 0
17403, 2, 2, 2, 0, 2, 0
122479, 3, 2, 2, 0, 3, 0
130050, 1, 1, 1, 0, 1, 0
130087, 1, 2, 2, 0, 1, 0
130129, 0, 1, 1, 0, 0, 0
130130, 0, 1, 1, 0, 0, 0
130133, 0, 1, 1, 0, 0, 0
130134, 2, 1, 1, 0, 2, 0
130135, 0, 1, 1, 0, 0, 0
130136, 0, 1, 1, 0, 0, 0
130147, 0, 1, 1, 0, 0, 0
130148, 0, 1, 1, 0, 0, 0
130149, 0, 1, 1, 0, 0, 0
130150, 0, 1, 1, 0, 0, 0
130151, 0, 1, 1, 0, 0, 0
130157, 0, 1, 1, 0, 0, 0
130158, 0, 1, 1, 0, 0, 0
130159, 0, 1, 1, 0, 0, 0
130160, 0, 2, 2, 0, 0, 0
130161, 0, 1, 1, 0, 0, 0
130162, 0, 1, 1, 0, 0, 0
130163, 0, 1, 1, 0, 0, 0
126869, 1, 1, 1, 0, 1, 0
53972, 2, 3, 2, 1, 2, 0
110914, 0, 1, 1, 0, 0, 0
113386, 2, 1, 1, 0, 2, 0
113514, 1, 2, 1, 1, 1, 0
115480, 13, 2, 2, 0, 13, 0
126582, 0, 1, 1, 0, 0, 0
126589, 0, 1, 1, 0, 0, 0
17454, 0, 2, 1, 1, 0, 0
55378, 2, 2, 2, 0, 2, 0
78579, 5, 2, 2, 0, 5, 0
101351, 1, 4, 4, 0, 1, 0
105625, 2, 2, 2, 0, 2, 0
119235, 2, 1, 1, 0, 2, 0
121339, 1, 1, 1, 0, 1, 0
126108, 0, 3, 3, 0, 0, 0
126683, 4, 1, 1, 0, 4, 0
128600, 5, 2, 1, 1, 5, 0
122626, 8, 3, 3, 0, 6, 2
113772, 8, 2, 1, 1, 5, 3
110752, 3, 5, 5, 0, 3, 0
17367, 1, 0, 0, 0, 1, 0
17369, 5, 1, 1, 0, 5, 0
17370, 1, 0, 0, 0, 1, 0
18689, 1, 1, 1, 0, 1, 0
23068, 0, 3, 3, 0, 0, 0
46290, 15, 8, 8, 0, 15, 0
60022, 3, 5, 4, 1, 2, 1
114390, 0, 2, 2, 0, 0, 0
119766, 4, 2, 1, 1, 4, 0
129602, 0, 1, 1, 0, 0, 0
129603, 0, 1, 1, 0, 0, 0
129706, 0, 1, 1, 0, 0, 0
130195, 0, 1, 1, 0, 0, 0
130216, 1, 1, 1, 0, 1, 0
130447, 0, 1, 1, 0, 0, 0
130541, 0, 1, 1, 0, 0, 0
127988, 1, 1, 1, 0, 1, 0
124796, 0, 1, 0, 1, 0, 0
129597, 1, 1, 1, 0, 1, 0
131337, 1, 1, 1, 0, 1, 0
125261, 0, 1, 0, 1, 0, 0
130229, 0, 1, 0, 1, 0, 0
126828, 3, 1, 1, 0, 3, 0
126908, 5, 3, 3, 0, 5, 0
127579, 1, 1, 1, 0, 1, 0
127998, 4, 1, 1, 0, 4, 0
114983, 9, 2, 1, 1, 9, 0
118264, 0, 2, 0, 2, 0, 0
120717, 0, 2, 1, 1, 0, 0
121756, 0, 1, 0, 1, 0, 0
123196, 0, 1, 0, 1, 0, 0
123337, 0, 1, 0, 1, 0, 0
129640, 5, 3, 2, 1, 5, 0
17382, 2, 0, 0, 0, 1, 1
17384, 1, 0, 0, 0, 1, 0
17385, 3, 1, 1, 0, 3, 0
17388, 1, 0, 0, 0, 1, 0
17389, 0, 2, 2, 0, 0, 0
17390, 1, 0, 0, 0, 1, 0
130062, 5, 1, 1, 0, 5, 0
125572, 0, 1, 0, 1, 0, 0
126520, 0, 1, 0, 1, 0, 0
127014, 0, 1, 0, 1, 0, 0
115256, 0, 1, 0, 1, 0, 0
17397, 1, 0, 0, 0, 1, 0
17399, 1, 0, 0, 0, 1, 0
17400, 0, 1, 1, 0, 0, 0
53208, 1, 1, 1, 0, 1, 0
17406, 1, 0, 0, 0, 0, 1
37145, 0, 1, 1, 0, 0, 0
32665, 1, 3, 2, 1, 1, 0
42730, 3, 3, 3, 0, 3, 0
51578, 0, 2, 2, 0, 0, 0
58301, 6, 8, 8, 0, 6, 0
62079, 1, 1, 1, 0, 1, 0
108012, 0, 2, 2, 0, 0, 0
109721, 2, 1, 1, 0, 2, 0
124214, 1, 5, 4, 1, 1, 0
125793, 0, 2, 2, 0, 0, 0
129363, 2, 1, 1, 0, 2, 0
129810, 5, 3, 3, 0, 5, 0
130445, 0, 1, 1, 0, 0, 0
130570, 4, 2, 2, 0, 4, 0
130673, 0, 1, 1, 0, 0, 0
130864, 0, 1, 1, 0, 0, 0
130868, 0, 1, 1, 0, 0, 0
130995, 0, 1, 1, 0, 0, 0
131173, 0, 1, 1, 0, 0, 0
131175, 0, 1, 1, 0, 0, 0
131195, 0, 2, 2, 0, 0, 0
131219, 1, 1, 1, 0, 1, 0
131364, 1, 1, 1, 0, 1, 0
131369, 0, 1, 1, 0, 0, 0
131406, 0, 1, 1, 0, 0, 0
131421, 0, 1, 1, 0, 0, 0
131422, 0, 1, 1, 0, 0, 0
131423, 0, 1, 1, 0, 0, 0
43318, 2, 2, 1, 1, 2, 0
100725, 18, 7, 7, 0, 17, 1
120688, 2, 1, 1, 0, 2, 0
123303, 2, 2, 1, 1, 2, 0
123403, 0, 1, 1, 0, 0, 0
125022, 0, 1, 1, 0, 0, 0
125562, 3, 2, 1, 1, 2, 1
125577, 0, 1, 1, 0, 0, 0
127821, 0, 1, 1, 0, 0, 0
129721, 0, 1, 1, 0, 0, 0
130890, 2, 1, 1, 0, 2, 0
131230, 0, 1, 1, 0, 0, 0
102412, 1, 2, 2, 0, 1, 0
121940, 0, 1, 0, 1, 0, 0
123500, 0, 1, 0, 1, 0, 0
124653, 1, 1, 0, 1, 1, 0
125853, 1, 1, 0, 1, 1, 0
126790, 1, 2, 1, 1, 1, 0
130705, 0, 1, 0, 1, 0, 0
107576, 2, 1, 1, 0, 2, 0
17423, 1, 0, 0, 0, 1, 0
31069, 6, 7, 7, 0, 6, 0
130279, 0, 1, 0, 1, 0, 0
130404, 1, 1, 0, 1, 0, 1
17426, 1, 0, 0, 0, 1, 0
17428, 1, 0, 0, 0, 1, 0
17429, 0, 1, 1, 0, 0, 0
17430, 1, 0, 0, 0, 1, 0
17431, 0, 2, 2, 0, 0, 0
17432, 1, 0, 0, 0, 1, 0
17433, 4, 15, 15, 0, 1, 3
38661, 1, 1, 1, 0, 1, 0
17435, 1, 0, 0, 0, 1, 0
17436, 1, 0, 0, 0, 1, 0
17438, 1, 0, 0, 0, 1, 0
17439, 1, 0, 0, 0, 1, 0
17612, 2, 3, 3, 0, 2, 0
17442, 1, 0, 0, 0, 1, 0
17444, 1, 0, 0, 0, 0, 1
17445, 0, 1, 0, 1, 0, 0
17447, 1, 0, 0, 0, 1, 0
17448, 1, 0, 0, 0, 1, 0
17449, 0, 1, 1, 0, 0, 0
17450, 1, 0, 0, 0, 0, 1
17451, 2, 0, 0, 0, 1, 1
17452, 1, 0, 0, 0, 1, 0
17453, 3, 1, 1, 0, 0, 3
17455, 1, 1, 0, 1, 1, 0
17456, 1, 0, 0, 0, 1, 0
17457, 1, 1, 1, 0, 1, 0
17460, 1, 0, 0, 0, 1, 0
17461, 1, 0, 0, 0, 1, 0
40917, 2, 4, 3, 1, 2, 0
42048, 1, 4, 1, 3, 1, 0
89137, 0, 1, 0, 1, 0, 0
17463, 1, 0, 0, 0, 1, 0
17464, 1, 0, 0, 0, 1, 0
17466, 1, 0, 0, 0, 1, 0
17467, 1, 0, 0, 0, 0, 1
17468, 1, 0, 0, 0, 1, 0
17469, 2, 3, 3, 0, 2, 0
62777, 2, 4, 4, 0, 2, 0
31139, 3, 2, 1, 1, 2, 1
17476, 1, 0, 0, 0, 0, 1
17477, 1, 0, 0, 0, 1, 0
17478, 0, 1, 1, 0, 0, 0
17479, 1, 0, 0, 0, 1, 0
17480, 0, 6, 6, 0, 0, 0
26956, 9, 11, 10, 1, 9, 0
59717, 1, 2, 2, 0, 1, 0
60446, 2, 1, 1, 0, 2, 0
17488, 1, 0, 0, 0, 0, 1
17489, 1, 0, 0, 0, 1, 0
17491, 1, 0, 0, 0, 0, 1
17493, 1, 0, 0, 0, 1, 0
17494, 0, 1, 1, 0, 0, 0
17495, 1, 1, 1, 0, 1, 0
17496, 1, 2, 2, 0, 1, 0
17497, 1, 0, 0, 0, 1, 0
17498, 2, 2, 1, 1, 2, 0
25107, 0, 1, 0, 1, 0, 0
25108, 0, 1, 0, 1, 0, 0
96171, 0, 1, 0, 1, 0, 0
17501, 1, 0, 0, 0, 1, 0
17502, 1, 0, 0, 0, 1, 0
17503, 1, 0, 0, 0, 0, 1
17504, 2, 0, 0, 0, 2, 0
69537, 0, 1, 0, 1, 0, 0
47444, 0, 2, 2, 0, 0, 0
60468, 2, 1, 1, 0, 0, 2
17509, 1, 0, 0, 0, 1, 0
50771, 8, 4, 4, 0, 8, 0
72802, 1, 4, 3, 1, 1, 0
80460, 2, 1, 1, 0, 2, 0
85032, 1, 1, 1, 0, 1, 0
85446, 2, 2, 2, 0, 2, 0
85898, 1, 1, 1, 0, 1, 0
51652, 0, 2, 0, 2, 0, 0
17513, 3, 1, 1, 0, 1, 2
17515, 0, 1, 0, 1, 0, 0
17516, 0, 1, 1, 0, 0, 0
71318, 0, 1, 0, 1, 0, 0
71319, 0, 1, 0, 1, 0, 0
17517, 1, 0, 0, 0, 0, 1
17520, 1, 0, 0, 0, 1, 0
17521, 10, 3, 2, 1, 8, 2
21814, 0, 3, 1, 2, 0, 0
21816, 0, 1, 1, 0, 0, 0
21817, 0, 1, 1, 0, 0, 0
46849, 0, 3, 3, 0, 0, 0
17522, 1, 1, 1, 0, 1, 0
17523, 3, 1, 1, 0, 3, 0
17524, 2, 0, 0, 0, 2, 0
17525, 2, 1, 1, 0, 2, 0
17526, 1, 0, 0, 0, 1, 0
17527, 0, 2, 1, 1, 0, 0
17528, 1, 1, 1, 0, 1, 0
17529, 1, 1, 1, 0, 1, 0
66338, 0, 4, 4, 0, 0, 0
29488, 0, 1, 0, 1, 0, 0
17534, 1, 0, 0, 0, 1, 0
17535, 1, 0, 0, 0, 0, 1
17536, 0, 1, 0, 1, 0, 0
17538, 4, 2, 2, 0, 4, 0
40325, 15, 2, 2, 0, 15, 0
84277, 0, 1, 1, 0, 0, 0
53847, 2, 6, 6, 0, 2, 0
17542, 2, 0, 0, 0, 2, 0
17543, 0, 1, 1, 0, 0, 0
17544, 1, 0, 0, 0, 1, 0
19271, 1, 1, 1, 0, 1, 0
19274, 6, 2, 2, 0, 6, 0
17547, 1, 0, 0, 0, 1, 0
17551, 2, 2, 0, 2, 0, 2
25202, 11, 1, 1, 0, 6, 5
125625, 4, 4, 4, 0, 4, 0
20175, 22, 6, 3, 3, 22, 0
30797, 3, 2, 0, 2, 1, 2
31647, 2, 2, 1, 1, 2, 0
33709, 1, 3, 2, 1, 1, 0
117010, 0, 1, 1, 0, 0, 0
117023, 0, 1, 1, 0, 0, 0
117024, 0, 1, 1, 0, 0, 0
117025, 0, 1, 1, 0, 0, 0
17553, 1, 0, 0, 0, 1, 0
17556, 1, 0, 0, 0, 1, 0
17557, 2, 0, 0, 0, 1, 1
37712, 1, 6, 6, 0, 1, 0
39715, 2, 1, 1, 0, 2, 0
44370, 1, 2, 2, 0, 1, 0
70900, 9, 3, 3, 0, 9, 0
75148, 1, 1, 1, 0, 1, 0
78662, 0, 6, 6, 0, 0, 0
79546, 0, 1, 1, 0, 0, 0
17856, 1, 3, 3, 0, 1, 0
17566, 0, 1, 1, 0, 0, 0
21259, 7, 7, 7, 0, 7, 0
21266, 8, 7, 7, 0, 7, 1
17568, 2, 0, 0, 0, 2, 0
17569, 1, 1, 1, 0, 1, 0
17571, 1, 0, 0, 0, 1, 0
17573, 5, 0, 0, 0, 4, 1
17574, 1, 0, 0, 0, 1, 0
17576, 1, 0, 0, 0, 1, 0
17581, 1, 0, 0, 0, 1, 0
17582, 0, 3, 3, 0, 0, 0
17583, 1, 0, 0, 0, 1, 0
17584, 1, 0, 0, 0, 1, 0
17586, 1, 0, 0, 0, 1, 0
17587, 0, 1, 1, 0, 0, 0
17589, 1, 0, 0, 0, 0, 1
17592, 1, 0, 0, 0, 1, 0
17593, 0, 5, 4, 1, 0, 0
17594, 1, 0, 0, 0, 1, 0
17595, 1, 1, 1, 0, 1, 0
116453, 0, 1, 1, 0, 0, 0
17597, 1, 0, 0, 0, 1, 0
17599, 1, 0, 0, 0, 1, 0
17600, 2, 0, 0, 0, 2, 0
17602, 1, 0, 0, 0, 0, 1
17603, 0, 1, 0, 1, 0, 0
17604, 4, 0, 0, 0, 4, 0
17611, 2, 1, 1, 0, 2, 0
30470, 1, 1, 0, 1, 1, 0
17615, 1, 0, 0, 0, 1, 0
17616, 1, 0, 0, 0, 1, 0
17617, 0, 2, 2, 0, 0, 0
17618, 1, 0, 0, 0, 1, 0
17619, 1, 0, 0, 0, 1, 0
17620, 1, 0, 0, 0, 1, 0
17621, 1, 0, 0, 0, 0, 1
17622, 1, 0, 0, 0, 1, 0
17624, 0, 1, 1, 0, 0, 0
17625, 0, 2, 2, 0, 0, 0
17627, 2, 1, 1, 0, 2, 0
17629, 1, 0, 0, 0, 1, 0
36633, 4, 13, 11, 2, 4, 0
17632, 1, 0, 0, 0, 1, 0
17638, 2, 3, 3, 0, 2, 0
26010, 0, 3, 3, 0, 0, 0
37101, 2, 2, 2, 0, 2, 0
37990, 0, 1, 1, 0, 0, 0
37991, 0, 1, 1, 0, 0, 0
81227, 0, 3, 3, 0, 0, 0
81228, 0, 1, 1, 0, 0, 0
97795, 1, 1, 1, 0, 1, 0
19831, 2, 2, 2, 0, 2, 0
26170, 2, 2, 2, 0, 2, 0
100670, 2, 1, 1, 0, 2, 0
40331, 3, 4, 4, 0, 3, 0
24564, 8, 3, 3, 0, 8, 0
36307, 9, 5, 5, 0, 6, 3
48295, 6, 2, 2, 0, 6, 0
54655, 4, 2, 2, 0, 4, 0
76128, 0, 1, 0, 1, 0, 0
31452, 10, 8, 6, 2, 10, 0
41865, 2, 2, 2, 0, 2, 0
17647, 1, 0, 0, 0, 1, 0
17648, 0, 1, 1, 0, 0, 0
17649, 2, 0, 0, 0, 1, 1
67055, 1, 1, 1, 0, 1, 0
67999, 0, 1, 1, 0, 0, 0
68000, 0, 1, 1, 0, 0, 0
17652, 1, 0, 0, 0, 0, 1
17654, 2, 1, 1, 0, 2, 0
17655, 2, 3, 3, 0, 2, 0
17656, 1, 0, 0, 0, 1, 0
17657, 1, 0, 0, 0, 1, 0
17658, 0, 1, 1, 0, 0, 0
17659, 1, 0, 0, 0, 1, 0
17660, 1, 0, 0, 0, 0, 1
39448, 1, 1, 0, 1, 0, 1
17663, 0, 1, 1, 0, 0, 0
17664, 1, 1, 1, 0, 1, 0
40202, 0, 1, 1, 0, 0, 0
17666, 1, 0, 0, 0, 0, 1
17667, 1, 0, 0, 0, 0, 1
17668, 2, 2, 2, 0, 2, 0
17674, 1, 0, 0, 0, 1, 0
18935, 0, 2, 2, 0, 0, 0
17676, 1, 0, 0, 0, 1, 0
17677, 1, 1, 0, 1, 1, 0
17678, 4, 1, 1, 0, 4, 0
17682, 4, 4, 4, 0, 4, 0
17683, 1, 0, 0, 0, 1, 0
17684, 2, 0, 0, 0, 1, 1
17685, 0, 1, 0, 1, 0, 0
44919, 1, 2, 2, 0, 1, 0
45238, 2, 1, 1, 0, 2, 0
45239, 0, 1, 1, 0, 0, 0
45240, 0, 1, 1, 0, 0, 0
30156, 0, 3, 3, 0, 0, 0
17690, 1, 0, 0, 0, 1, 0
50302, 1, 1, 1, 0, 1, 0
86657, 0, 1, 1, 0, 0, 0
86658, 0, 1, 1, 0, 0, 0
86659, 0, 1, 1, 0, 0, 0
86660, 0, 1, 1, 0, 0, 0
86661, 0, 2, 2, 0, 0, 0
86662, 0, 1, 1, 0, 0, 0
59996, 2, 4, 4, 0, 2, 0
78696, 1, 1, 1, 0, 1, 0
82568, 0, 1, 1, 0, 0, 0
37931, 4, 1, 1, 0, 4, 0
71257, 1, 1, 1, 0, 1, 0
72648, 0, 1, 1, 0, 0, 0
17695, 2, 0, 0, 0, 1, 1
17696, 0, 1, 1, 0, 0, 0
17699, 1, 0, 0, 0, 1, 0
17700, 1, 3, 3, 0, 1, 0
98299, 2, 1, 1, 0, 2, 0
17702, 1, 0, 0, 0, 1, 0
17704, 1, 0, 0, 0, 0, 1
17708, 1, 1, 1, 0, 1, 0
82334, 0, 1, 1, 0, 0, 0
82335, 0, 1, 1, 0, 0, 0
31431, 1, 2, 2, 0, 1, 0
70550, 1, 1, 1, 0, 1, 0
86697, 0, 1, 1, 0, 0, 0
18852, 0, 2, 2, 0, 0, 0
87795, 0, 1, 1, 0, 0, 0
87796, 0, 1, 1, 0, 0, 0
87797, 0, 1, 1, 0, 0, 0
19218, 0, 2, 2, 0, 0, 0
19219, 0, 1, 1, 0, 0, 0
45925, 0, 1, 1, 0, 0, 0
17723, 10, 0, 0, 0, 7, 3
49027, 9, 3, 2, 1, 9, 0
50401, 3, 4, 3, 1, 3, 0
67480, 0, 2, 2, 0, 0, 0
71136, 0, 2, 2, 0, 0, 0
97974, 0, 1, 1, 0, 0, 0
66280, 7, 8, 8, 0, 6, 1
74984, 2, 2, 2, 0, 2, 0
17726, 1, 0, 0, 0, 1, 0
18326, 2, 1, 1, 0, 2, 0
20268, 3, 2, 2, 0, 1, 2
20269, 4, 2, 2, 0, 3, 1
21622, 0, 1, 1, 0, 0, 0
21625, 0, 1, 1, 0, 0, 0
21626, 0, 1, 1, 0, 0, 0
21627, 0, 1, 1, 0, 0, 0
21628, 1, 2, 2, 0, 1, 0
21630, 0, 1, 1, 0, 0, 0
21631, 12, 7, 7, 0, 11, 1
21632, 1, 1, 1, 0, 1, 0
21636, 4, 2, 2, 0, 4, 0
21641, 7, 1, 1, 0, 6, 1
17730, 1, 0, 0, 0, 1, 0
17731, 1, 0, 0, 0, 1, 0
17732, 1, 0, 0, 0, 1, 0
22469, 4, 4, 4, 0, 3, 1
17737, 3, 0, 0, 0, 3, 0
17738, 3, 0, 0, 0, 1, 2
17739, 1, 0, 0, 0, 1, 0
17740, 1, 0, 0, 0, 1, 0
17741, 1, 0, 0, 0, 1, 0
17745, 1, 0, 0, 0, 1, 0
17747, 1, 0, 0, 0, 1, 0
76454, 11, 1, 1, 0, 11, 0
91669, 1, 2, 1, 1, 1, 0
98450, 0, 1, 1, 0, 0, 0
99764, 0, 2, 2, 0, 0, 0
17751, 1, 0, 0, 0, 1, 0
17752, 1, 0, 0, 0, 0, 1
17753, 1, 0, 0, 0, 1, 0
17754, 0, 2, 2, 0, 0, 0
17755, 1, 0, 0, 0, 1, 0
17756, 1, 2, 2, 0, 1, 0
64185, 0, 4, 4, 0, 0, 0
100652, 5, 1, 1, 0, 4, 1
100762, 12, 4, 4, 0, 12, 0
100935, 7, 1, 1, 0, 7, 0
100936, 0, 3, 3, 0, 0, 0
101075, 0, 1, 1, 0, 0, 0
101093, 1, 2, 2, 0, 1, 0
101094, 0, 1, 1, 0, 0, 0
101097, 0, 1, 1, 0, 0, 0
101112, 1, 1, 1, 0, 1, 0
101114, 1, 1, 1, 0, 1, 0
101116, 0, 1, 1, 0, 0, 0
101169, 0, 1, 1, 0, 0, 0
101403, 0, 1, 1, 0, 0, 0
35725, 4, 1, 1, 0, 4, 0
95530, 8, 9, 9, 0, 8, 0
100991, 0, 1, 0, 1, 0, 0
101006, 0, 1, 1, 0, 0, 0
101009, 1, 1, 1, 0, 1, 0
103687, 0, 1, 1, 0, 0, 0
104216, 0, 2, 2, 0, 0, 0
109072, 4, 3, 3, 0, 2, 2
111141, 13, 2, 2, 0, 13, 0
47377, 0, 2, 2, 0, 0, 0
47378, 0, 1, 0, 1, 0, 0
17762, 1, 0, 0, 0, 0, 1
17763, 2, 1, 1, 0, 2, 0
17880, 4, 4, 4, 0, 4, 0
17879, 3, 2, 2, 0, 3, 0
17881, 6, 5, 5, 0, 5, 1
33262, 4, 5, 5, 0, 4, 0
37851, 3, 7, 7, 0, 3, 0
43086, 4, 13, 13, 0, 4, 0
53670, 1, 3, 3, 0, 1, 0
58365, 1, 1, 1, 0, 1, 0
61727, 3, 4, 4, 0, 3, 0
63462, 5, 5, 5, 0, 5, 0
63463, 0, 3, 3, 0, 0, 0
63464, 0, 3, 3, 0, 0, 0
75345, 4, 1, 1, 0, 4, 0
75346, 0, 1, 1, 0, 0, 0
17765, 1, 0, 0, 0, 1, 0
17766, 1, 1, 1, 0, 1, 0
17767, 1, 0, 0, 0, 1, 0
17771, 1, 0, 0, 0, 1, 0
17773, 1, 1, 1, 0, 1, 0
28489, 2, 2, 2, 0, 2, 0
17775, 1, 0, 0, 0, 1, 0
17776, 9, 0, 0, 0, 4, 5
17778, 0, 2, 0, 2, 0, 0
17779, 4, 1, 1, 0, 2, 2
17780, 0, 2, 0, 2, 0, 0
17781, 0, 1, 0, 1, 0, 0
71608, 0, 3, 3, 0, 0, 0
17783, 2, 1, 1, 0, 2, 0
17784, 3, 3, 2, 1, 3, 0
17785, 0, 2, 2, 0, 0, 0
32244, 1, 1, 1, 0, 1, 0
17786, 1, 0, 0, 0, 1, 0
17787, 1, 0, 0, 0, 1, 0
40597, 3, 1, 0, 1, 3, 0
40607, 3, 1, 0, 1, 3, 0
54726, 2, 1, 0, 1, 2, 0
54727, 0, 1, 0, 1, 0, 0
54728, 0, 1, 0, 1, 0, 0
54729, 0, 1, 0, 1, 0, 0
63662, 4, 2, 2, 0, 1, 3
105474, 11, 1, 1, 0, 11, 0
106979, 0, 1, 1, 0, 0, 0
106980, 0, 1, 1, 0, 0, 0
106999, 0, 1, 1, 0, 0, 0
107006, 0, 1, 1, 0, 0, 0
108459, 5, 6, 6, 0, 5, 0
110087, 7, 5, 4, 1, 6, 1
123782, 0, 1, 1, 0, 0, 0
123938, 8, 2, 2, 0, 7, 1
17793, 1, 1, 1, 0, 1, 0
17795, 1, 0, 0, 0, 0, 1
17796, 0, 1, 0, 1, 0, 0
17797, 3, 0, 0, 0, 2, 1
92512, 0, 1, 0, 1, 0, 0
92513, 0, 1, 0, 1, 0, 0
17801, 2, 1, 1, 0, 2, 0
22354, 0, 1, 1, 0, 0, 0
17802, 1, 0, 0, 0, 1, 0
46058, 12, 9, 9, 0, 12, 0
73780, 2, 2, 2, 0, 2, 0
79171, 2, 4, 4, 0, 2, 0
80026, 7, 5, 5, 0, 7, 0
83902, 0, 1, 0, 1, 0, 0
17807, 1, 0, 0, 0, 1, 0
17808, 0, 1, 1, 0, 0, 0
17810, 1, 0, 0, 0, 0, 1
17811, 0, 1, 0, 1, 0, 0
17887, 3, 3, 3, 0, 3, 0
48721, 1, 1, 1, 0, 1, 0
64430, 1, 1, 1, 0, 1, 0
17815, 1, 0, 0, 0, 1, 0
17818, 1, 0, 0, 0, 1, 0
17820, 7, 4, 4, 0, 6, 1
17821, 0, 2, 1, 1, 0, 0
44358, 2, 1, 1, 0, 2, 0
44953, 1, 1, 1, 0, 1, 0
19841, 1, 1, 1, 0, 1, 0
49167, 0, 1, 0, 1, 0, 0
49168, 0, 2, 0, 2, 0, 0
49169, 0, 1, 1, 0, 0, 0
51323, 2, 2, 2, 0, 2, 0
95054, 1, 1, 0, 1, 1, 0
125374, 1, 1, 1, 0, 1, 0
46901, 3, 3, 2, 1, 3, 0
59801, 1, 1, 0, 1, 1, 0
75964, 0, 1, 0, 1, 0, 0
71383, 1, 3, 3, 0, 1, 0
88571, 0, 1, 0, 1, 0, 0
100026, 2, 3, 3, 0, 2, 0
101465, 2, 3, 3, 0, 2, 0
113015, 6, 1, 1, 0, 6, 0
122321, 1, 1, 1, 0, 1, 0
17837, 1, 1, 1, 0, 1, 0
17840, 3, 3, 3, 0, 3, 0
90876, 2, 3, 3, 0, 2, 0
90877, 3, 3, 3, 0, 3, 0
17841, 1, 0, 0, 0, 1, 0
17842, 3, 0, 0, 0, 3, 0
49160, 35, 15, 15, 0, 35, 0
17844, 1, 0, 0, 0, 1, 0
54206, 3, 1, 1, 0, 3, 0
55129, 0, 1, 1, 0, 0, 0
45797, 0, 3, 3, 0, 0, 0
74777, 1, 1, 1, 0, 1, 0
74783, 1, 2, 2, 0, 1, 0
17860, 1, 0, 0, 0, 1, 0
17861, 0, 1, 1, 0, 0, 0
17862, 1, 0, 0, 0, 1, 0
17863, 1, 0, 0, 0, 1, 0
17864, 14, 6, 6, 0, 14, 0
70380, 0, 3, 3, 0, 0, 0
17865, 1, 0, 0, 0, 1, 0
17866, 0, 1, 1, 0, 0, 0
17867, 5, 0, 0, 0, 4, 1
17868, 0, 1, 1, 0, 0, 0
17869, 1, 0, 0, 0, 1, 0
17870, 1, 1, 1, 0, 1, 0
17871, 1, 1, 1, 0, 1, 0
17872, 1, 1, 1, 0, 1, 0
17873, 1, 0, 0, 0, 1, 0
17874, 0, 1, 1, 0, 0, 0
17876, 2, 2, 2, 0, 2, 0
32656, 4, 2, 2, 0, 4, 0
36659, 1, 1, 1, 0, 1, 0
37611, 0, 1, 1, 0, 0, 0
99216, 4, 3, 2, 1, 4, 0
21596, 0, 2, 2, 0, 0, 0
21597, 2, 2, 2, 0, 2, 0
17882, 2, 0, 0, 0, 2, 0
17883, 0, 2, 2, 0, 0, 0
17885, 1, 0, 0, 0, 1, 0
17889, 3, 0, 0, 0, 1, 2
79672, 0, 1, 1, 0, 0, 0
17929, 1, 0, 0, 0, 1, 0
17930, 1, 1, 1, 0, 1, 0
17933, 1, 0, 0, 0, 1, 0
17935, 1, 0, 0, 0, 0, 1
17936, 1, 0, 0, 0, 1, 0
17937, 0, 1, 1, 0, 0, 0
17938, 3, 0, 0, 0, 1, 2
82415, 0, 2, 0, 2, 0, 0
17942, 1, 0, 0, 0, 1, 0
58258, 2, 2, 2, 0, 2, 0
17944, 1, 0, 0, 0, 1, 0
17946, 2, 0, 0, 0, 0, 2
17948, 1, 0, 0, 0, 1, 0
17949, 1, 0, 0, 0, 1, 0
17950, 0, 1, 1, 0, 0, 0
17951, 1, 0, 0, 0, 1, 0
91019, 0, 1, 1, 0, 0, 0
125398, 0, 1, 1, 0, 0, 0
17954, 3, 0, 0, 0, 3, 0
35806, 1, 3, 1, 2, 0, 1
38345, 32, 2, 2, 0, 21, 11
17959, 1, 0, 0, 0, 1, 0
17961, 1, 0, 0, 0, 1, 0
17962, 1, 0, 0, 0, 1, 0
17963, 0, 2, 2, 0, 0, 0
17964, 1, 0, 0, 0, 1, 0
17965, 1, 1, 1, 0, 1, 0
20040, 2, 1, 1, 0, 2, 0
21433, 1, 1, 1, 0, 1, 0
17967, 1, 0, 0, 0, 1, 0
17968, 0, 3, 3, 0, 0, 0
17969, 1, 0, 0, 0, 1, 0
19488, 1, 4, 4, 0, 1, 0
27758, 1, 3, 3, 0, 1, 0
58595, 1, 2, 2, 0, 1, 0
79982, 0, 1, 1, 0, 0, 0
17971, 1, 0, 0, 0, 1, 0
17972, 0, 4, 4, 0, 0, 0
51044, 1, 2, 0, 2, 0, 1
53628, 0, 1, 0, 1, 0, 0
53629, 0, 3, 1, 2, 0, 0
53630, 0, 1, 0, 1, 0, 0
17977, 1, 0, 0, 0, 1, 0
17978, 1, 0, 0, 0, 1, 0
17979, 1, 0, 0, 0, 1, 0
17981, 1, 0, 0, 0, 1, 0
17983, 1, 1, 1, 0, 1, 0
17984, 1, 0, 0, 0, 0, 1
40141, 1, 1, 1, 0, 1, 0
37106, 2, 2, 1, 1, 2, 0
37108, 0, 1, 0, 1, 0, 0
45759, 1, 2, 2, 0, 1, 0
17989, 1, 0, 0, 0, 1, 0
17990, 1, 0, 0, 0, 1, 0
17991, 3, 0, 0, 0, 3, 0
40177, 2, 1, 1, 0, 2, 0
17992, 2, 0, 0, 0, 2, 0
17993, 1, 0, 0, 0, 1, 0
17997, 0, 1, 1, 0, 0, 0
34766, 5, 5, 5, 0, 4, 1
42236, 1, 4, 3, 1, 1, 0
50905, 2, 4, 3, 1, 2, 0
56447, 0, 2, 2, 0, 0, 0
56830, 0, 2, 2, 0, 0, 0
58719, 4, 2, 2, 0, 4, 0
60749, 0, 4, 4, 0, 0, 0
62301, 1, 2, 2, 0, 1, 0
63631, 1, 3, 3, 0, 1, 0
64850, 0, 2, 2, 0, 0, 0
65881, 1, 2, 1, 1, 1, 0
75655, 2, 1, 1, 0, 2, 0
75656, 7, 9, 9, 0, 7, 0
75658, 4, 4, 4, 0, 4, 0
75659, 0, 1, 1, 0, 0, 0
75660, 2, 2, 0, 2, 2, 0
75661, 0, 1, 1, 0, 0, 0
75662, 0, 1, 1, 0, 0, 0
75664, 0, 1, 1, 0, 0, 0
81531, 0, 1, 1, 0, 0, 0
18002, 7, 11, 11, 0, 7, 0
63125, 2, 9, 8, 1, 2, 0
74332, 7, 10, 10, 0, 7, 0
75156, 6, 9, 9, 0, 6, 0
18003, 1, 0, 0, 0, 1, 0
18004, 1, 1, 1, 0, 1, 0
18005, 1, 1, 1, 0, 1, 0
18006, 2, 0, 0, 0, 2, 0
18007, 0, 3, 3, 0, 0, 0
18008, 2, 0, 0, 0, 1, 1
41558, 8, 4, 3, 1, 7, 1
47813, 0, 4, 2, 2, 0, 0
53087, 2, 3, 3, 0, 2, 0
54346, 2, 3, 3, 0, 1, 1
56747, 3, 3, 3, 0, 3, 0
57940, 1, 1, 1, 0, 1, 0
68594, 0, 1, 1, 0, 0, 0
68595, 0, 1, 1, 0, 0, 0
68596, 0, 1, 1, 0, 0, 0
68597, 0, 1, 1, 0, 0, 0
68599, 0, 1, 1, 0, 0, 0
68601, 0, 1, 1, 0, 0, 0
43337, 10, 4, 4, 0, 10, 0
74282, 0, 1, 0, 1, 0, 0
37321, 2, 1, 1, 0, 2, 0
18019, 2, 0, 0, 0, 2, 0
18021, 2, 0, 0, 0, 2, 0
18023, 2, 0, 0, 0, 2, 0
29515, 1, 3, 2, 1, 1, 0
31368, 1, 2, 1, 1, 1, 0
29339, 2, 3, 3, 0, 2, 0
104996, 0, 1, 1, 0, 0, 0
18031, 1, 2, 2, 0, 1, 0
18032, 3, 0, 0, 0, 3, 0
29149, 0, 1, 1, 0, 0, 0
18035, 1, 0, 0, 0, 1, 0
18036, 2, 0, 0, 0, 2, 0
18038, 1, 0, 0, 0, 0, 1
18039, 1, 0, 0, 0, 1, 0
37395, 14, 1, 1, 0, 7, 7
24853, 0, 2, 1, 1, 0, 0
24854, 0, 1, 0, 1, 0, 0
93454, 0, 1, 0, 1, 0, 0
18042, 1, 0, 0, 0, 1, 0
34141, 1, 3, 3, 0, 1, 0
39987, 5, 2, 2, 0, 4, 1
45444, 6, 2, 2, 0, 5, 1
46422, 1, 2, 2, 0, 1, 0
50397, 13, 3, 3, 0, 13, 0
51366, 1, 4, 3, 1, 1, 0
52666, 20, 3, 3, 0, 8, 12
54336, 0, 3, 3, 0, 0, 0
54803, 2, 1, 1, 0, 2, 0
62675, 6, 5, 5, 0, 6, 0
69218, 2, 2, 2, 0, 2, 0
70753, 0, 2, 2, 0, 0, 0
81721, 0, 1, 1, 0, 0, 0
81722, 0, 1, 1, 0, 0, 0
81723, 0, 1, 1, 0, 0, 0
81724, 0, 1, 1, 0, 0, 0
81725, 0, 2, 2, 0, 0, 0
81726, 0, 1, 1, 0, 0, 0
81727, 0, 1, 1, 0, 0, 0
81728, 0, 1, 1, 0, 0, 0
81729, 0, 1, 1, 0, 0, 0
81730, 0, 1, 1, 0, 0, 0
81731, 0, 2, 2, 0, 0, 0
81732, 0, 1, 1, 0, 0, 0
95456, 1, 2, 1, 1, 1, 0
42732, 0, 1, 1, 0, 0, 0
42733, 0, 1, 1, 0, 0, 0
29269, 1, 1, 1, 0, 1, 0
87744, 0, 1, 1, 0, 0, 0
88687, 3, 1, 1, 0, 3, 0
89037, 1, 1, 1, 0, 1, 0
45917, 10, 1, 1, 0, 10, 0
47401, 12, 9, 9, 0, 12, 0
51001, 0, 2, 1, 1, 0, 0
52106, 30, 7, 6, 1, 30, 0
59958, 16, 5, 5, 0, 16, 0
61256, 9, 4, 4, 0, 9, 0
61258, 0, 2, 2, 0, 0, 0
61259, 0, 1, 1, 0, 0, 0
18056, 1, 0, 0, 0, 0, 1
18057, 0, 2, 1, 1, 0, 0
18059, 1, 0, 0, 0, 0, 1
18061, 4, 0, 0, 0, 4, 0
50374, 1, 4, 3, 1, 1, 0
92445, 0, 1, 0, 1, 0, 0
92446, 0, 1, 0, 1, 0, 0
92447, 0, 1, 0, 1, 0, 0
18065, 1, 0, 0, 0, 1, 0
18066, 0, 1, 1, 0, 0, 0
18067, 1, 0, 0, 0, 1, 0
22609, 1, 1, 0, 1, 1, 0
22610, 0, 4, 3, 1, 0, 0
26301, 1, 1, 0, 1, 1, 0
26302, 1, 1, 0, 1, 1, 0
82197, 0, 1, 0, 1, 0, 0
95372, 17, 7, 6, 1, 17, 0
95451, 1, 4, 3, 1, 1, 0
97770, 0, 1, 1, 0, 0, 0
18069, 4, 0, 0, 0, 3, 1
18071, 1, 0, 0, 0, 0, 1
18072, 17, 1, 0, 1, 12, 5
18074, 1, 0, 0, 0, 1, 0
18075, 0, 1, 1, 0, 0, 0
18076, 1, 0, 0, 0, 1, 0
18077, 1, 0, 0, 0, 1, 0
18078, 2, 0, 0, 0, 2, 0
19344, 1, 1, 1, 0, 1, 0
34181, 0, 1, 0, 1, 0, 0
18081, 1, 0, 0, 0, 0, 1
18084, 1, 0, 0, 0, 1, 0
18085, 1, 0, 0, 0, 1, 0
18087, 1, 0, 0, 0, 1, 0
18088, 1, 2, 2, 0, 1, 0
20752, 0, 1, 1, 0, 0, 0
18090, 1, 0, 0, 0, 1, 0
18092, 1, 0, 0, 0, 1, 0
18093, 0, 1, 1, 0, 0, 0
18094, 1, 0, 0, 0, 1, 0
42154, 0, 1, 1, 0, 0, 0
18097, 2, 0, 0, 0, 2, 0
64355, 0, 1, 1, 0, 0, 0
104477, 6, 4, 4, 0, 6, 0
106027, 2, 2, 2, 0, 2, 0
41825, 3, 5, 5, 0, 3, 0
66791, 3, 1, 1, 0, 3, 0
69599, 0, 1, 1, 0, 0, 0
50210, 3, 1, 1, 0, 3, 0
18111, 1, 0, 0, 0, 1, 0
18112, 1, 0, 0, 0, 0, 1
18113, 1, 1, 1, 0, 1, 0
20125, 1, 1, 1, 0, 1, 0
20126, 0, 1, 1, 0, 0, 0
20127, 0, 1, 1, 0, 0, 0
20128, 0, 1, 1, 0, 0, 0
18116, 3, 0, 0, 0, 3, 0
18117, 1, 0, 0, 0, 1, 0
18119, 1, 0, 0, 0, 0, 1
18120, 0, 2, 1, 1, 0, 0
18122, 28, 1, 1, 0, 27, 1
77380, 0, 1, 1, 0, 0, 0
18131, 0, 1, 1, 0, 0, 0
18132, 1, 0, 0, 0, 0, 1
18134, 1, 0, 0, 0, 0, 1
18135, 0, 1, 0, 1, 0, 0
18136, 1, 0, 0, 0, 1, 0
18138, 2, 0, 0, 0, 2, 0
18139, 1, 0, 0, 0, 1, 0
18140, 0, 1, 1, 0, 0, 0
18142, 1, 0, 0, 0, 0, 1
18143, 1, 0, 0, 0, 1, 0
35314, 2, 1, 0, 1, 2, 0
35315, 1, 1, 0, 1, 1, 0
35321, 2, 1, 0, 1, 2, 0
42423, 5, 6, 4, 2, 3, 2
43840, 1, 1, 0, 1, 0, 1
55073, 7, 4, 4, 0, 7, 0
55944, 0, 1, 0, 1, 0, 0
55946, 0, 1, 0, 1, 0, 0
35413, 14, 5, 4, 1, 13, 1
43543, 2, 3, 3, 0, 2, 0
64912, 1, 1, 1, 0, 1, 0
18152, 1, 0, 0, 0, 1, 0
71526, 3, 6, 6, 0, 3, 0
87934, 0, 2, 2, 0, 0, 0
18154, 1, 0, 0, 0, 1, 0
18155, 0, 1, 1, 0, 0, 0
18156, 1, 0, 0, 0, 0, 1
18157, 0, 1, 0, 1, 0, 0
22775, 22, 6, 3, 3, 22, 0
23345, 6, 2, 2, 0, 6, 0
24805, 17, 4, 4, 0, 17, 0
37527, 1, 1, 1, 0, 1, 0
44253, 8, 1, 1, 0, 6, 2
44362, 1, 2, 2, 0, 1, 0
46222, 6, 2, 2, 0, 6, 0
48106, 8, 4, 4, 0, 8, 0
48373, 1, 1, 1, 0, 1, 0
49291, 3, 1, 1, 0, 3, 0
49495, 1, 2, 2, 0, 0, 1
51569, 23, 7, 7, 0, 23, 0
51570, 4, 3, 3, 0, 4, 0
51573, 0, 1, 1, 0, 0, 0
51574, 0, 1, 1, 0, 0, 0
51581, 0, 2, 2, 0, 0, 0
51582, 0, 1, 1, 0, 0, 0
51583, 0, 1, 1, 0, 0, 0
51584, 3, 1, 1, 0, 1, 2
18160, 1, 1, 1, 0, 0, 1
18161, 3, 0, 0, 0, 3, 0
18162, 1, 0, 0, 0, 1, 0
18164, 1, 0, 0, 0, 1, 0
18166, 3, 0, 0, 0, 3, 0
18167, 1, 0, 0, 0, 1, 0
74541, 3, 1, 1, 0, 3, 0
18171, 1, 0, 0, 0, 1, 0
18172, 3, 2, 2, 0, 2, 1
22888, 2, 1, 0, 1, 0, 2
18173, 4, 0, 0, 0, 4, 0
18175, 1, 0, 0, 0, 1, 0
18176, 1, 0, 0, 0, 1, 0
18230, 9, 2, 2, 0, 8, 1
39953, 1, 1, 0, 1, 1, 0
48324, 4, 6, 5, 1, 3, 1
51868, 2, 3, 2, 1, 2, 0
51869, 0, 1, 0, 1, 0, 0
51870, 1, 1, 0, 1, 1, 0
51871, 0, 1, 1, 0, 0, 0
51873, 0, 2, 1, 1, 0, 0
103405, 1, 1, 1, 0, 1, 0
18181, 3, 0, 0, 0, 3, 0
18183, 9, 1, 1, 0, 9, 0
18184, 1, 0, 0, 0, 1, 0
18185, 1, 0, 0, 0, 1, 0
18186, 1, 0, 0, 0, 1, 0
18187, 1, 1, 1, 0, 1, 0
18188, 1, 1, 1, 0, 1, 0
18192, 1, 0, 0, 0, 0, 1
18193, 4, 0, 0, 0, 4, 0
18194, 2, 0, 0, 0, 1, 1
18195, 0, 1, 0, 1, 0, 0
18197, 1, 0, 0, 0, 1, 0
18198, 1, 0, 0, 0, 1, 0
18199, 1, 2, 2, 0, 1, 0
18200, 1, 2, 2, 0, 1, 0
18201, 1, 0, 0, 0, 1, 0
18202, 1, 0, 0, 0, 1, 0
69777, 0, 1, 0, 1, 0, 0
18204, 2, 0, 0, 0, 2, 0
18206, 1, 2, 2, 0, 1, 0
77733, 1, 1, 1, 0, 1, 0
81771, 2, 1, 1, 0, 2, 0
85438, 1, 1, 1, 0, 1, 0
85774, 1, 1, 1, 0, 1, 0
18207, 2, 0, 0, 0, 2, 0
18208, 1, 0, 0, 0, 1, 0
18209, 1, 0, 0, 0, 1, 0
73858, 0, 2, 2, 0, 0, 0
51602, 0, 1, 0, 1, 0, 0
97475, 0, 17, 14, 3, 0, 0
99894, 1, 1, 0, 1, 1, 0
101153, 0, 1, 0, 1, 0, 0
131748, 0, 1, 1, 0, 0, 0
87070, 0, 3, 3, 0, 0, 0
87314, 1, 2, 2, 0, 1, 0
18226, 1, 0, 0, 0, 1, 0
18227, 0, 1, 1, 0, 0, 0
18228, 1, 0, 0, 0, 1, 0
18229, 2, 0, 0, 0, 2, 0
64604, 0, 1, 1, 0, 0, 0
18233, 0, 1, 0, 1, 0, 0
18235, 1, 0, 0, 0, 1, 0
18236, 0, 2, 2, 0, 0, 0
18237, 1, 0, 0, 0, 1, 0
18238, 1, 1, 1, 0, 1, 0
18239, 2, 0, 0, 0, 2, 0
18241, 1, 0, 0, 0, 1, 0
18242, 0, 1, 1, 0, 0, 0
18243, 1, 0, 0, 0, 1, 0
18244, 0, 2, 2, 0, 0, 0
18245, 1, 0, 0, 0, 1, 0
18246, 1, 0, 0, 0, 0, 1
93678, 4, 2, 2, 0, 4, 0
30601, 2, 3, 3, 0, 2, 0
30602, 3, 2, 2, 0, 2, 1
30603, 2, 1, 1, 0, 0, 2
30606, 0, 1, 0, 1, 0, 0
30608, 1, 2, 2, 0, 1, 0
30609, 1, 8, 8, 0, 1, 0
30610, 3, 1, 1, 0, 3, 0
18250, 1, 0, 0, 0, 1, 0
18251, 2, 5, 5, 0, 2, 0
18252, 1, 0, 0, 0, 1, 0
18253, 1, 0, 0, 0, 1, 0
18254, 3, 5, 5, 0, 3, 0
20801, 1, 1, 1, 0, 1, 0
21528, 1, 1, 1, 0, 1, 0
20888, 4, 1, 1, 0, 3, 1
28233, 1, 1, 1, 0, 1, 0
38740, 0, 2, 2, 0, 0, 0
95895, 0, 1, 1, 0, 0, 0
36012, 1, 1, 1, 0, 1, 0
36232, 6, 5, 3, 2, 6, 0
36599, 1, 1, 1, 0, 1, 0
36652, 1, 1, 1, 0, 1, 0
36665, 1, 1, 1, 0, 1, 0
18258, 1, 1, 1, 0, 1, 0
18259, 1, 1, 1, 0, 1, 0
18260, 1, 0, 0, 0, 1, 0
35401, 8, 10, 10, 0, 8, 0
18262, 1, 0, 0, 0, 1, 0
18263, 1, 0, 0, 0, 1, 0
18264, 1, 0, 0, 0, 1, 0
18265, 1, 1, 1, 0, 1, 0
18477, 0, 1, 1, 0, 0, 0
18267, 1, 0, 0, 0, 0, 1
18268, 1, 0, 0, 0, 1, 0
18270, 1, 0, 0, 0, 0, 1
18271, 2, 1, 0, 1, 2, 0
18273, 0, 1, 1, 0, 0, 0
18274, 1, 0, 0, 0, 1, 0
63571, 2, 1, 1, 0, 2, 0
18276, 1, 0, 0, 0, 1, 0
33398, 1, 1, 0, 1, 1, 0
77339, 0, 1, 0, 1, 0, 0
77340, 0, 1, 0, 1, 0, 0
77341, 0, 1, 0, 1, 0, 0
18279, 1, 0, 0, 0, 1, 0
18280, 0, 2, 2, 0, 0, 0
18281, 1, 0, 0, 0, 0, 1
18282, 1, 0, 0, 0, 0, 1
18283, 0, 2, 1, 1, 0, 0
18284, 1, 0, 0, 0, 0, 1
18285, 1, 0, 0, 0, 0, 1
18286, 1, 0, 0, 0, 1, 0
21911, 2, 1, 1, 0, 2, 0
18290, 1, 0, 0, 0, 1, 0
18291, 1, 0, 0, 0, 1, 0
18292, 1, 1, 1, 0, 1, 0
18294, 1, 0, 0, 0, 1, 0
18295, 1, 0, 0, 0, 1, 0
18296, 0, 2, 1, 1, 0, 0
18298, 1, 0, 0, 0, 0, 1
18299, 0, 1, 0, 1, 0, 0
18300, 1, 0, 0, 0, 1, 0
18301, 1, 0, 0, 0, 1, 0
18302, 0, 1, 1, 0, 0, 0
18303, 1, 0, 0, 0, 1, 0
18304, 0, 1, 1, 0, 0, 0
18305, 1, 1, 1, 0, 0, 1
18306, 1, 1, 1, 0, 1, 0
18712, 2, 2, 2, 0, 2, 0
18310, 1, 0, 0, 0, 1, 0
18315, 1, 0, 0, 0, 0, 1
18317, 1, 0, 0, 0, 1, 0
87966, 1, 1, 1, 0, 1, 0
18319, 1, 0, 0, 0, 0, 1
18320, 1, 0, 0, 0, 1, 0
18321, 2, 3, 2, 1, 1, 1
18322, 1, 0, 0, 0, 1, 0
18323, 0, 1, 1, 0, 0, 0
18324, 1, 0, 0, 0, 1, 0
18325, 4, 3, 3, 0, 4, 0
41155, 0, 2, 2, 0, 0, 0
41156, 0, 1, 1, 0, 0, 0
18328, 1, 0, 0, 0, 1, 0
18329, 1, 0, 0, 0, 1, 0
18332, 1, 0, 0, 0, 1, 0
57373, 5, 2, 2, 0, 5, 0
66599, 0, 2, 2, 0, 0, 0
18339, 1, 0, 0, 0, 1, 0
21020, 5, 3, 2, 1, 5, 0
18341, 1, 0, 0, 0, 1, 0
18342, 2, 0, 0, 0, 2, 0
18344, 1, 0, 0, 0, 0, 1
18345, 5, 4, 2, 2, 2, 3
44890, 1, 1, 1, 0, 1, 0
18346, 3, 0, 0, 0, 3, 0
18347, 13, 1, 1, 0, 3, 10
53990, 0, 1, 0, 1, 0, 0
53991, 0, 1, 0, 1, 0, 0
18349, 1, 0, 0, 0, 0, 1
18350, 1, 0, 0, 0, 0, 1
18351, 1, 0, 0, 0, 1, 0
61648, 1, 1, 0, 1, 1, 0
69351, 1, 2, 2, 0, 1, 0
44547, 2, 8, 7, 1, 2, 0
87067, 6, 9, 9, 0, 6, 0
18355, 2, 0, 0, 0, 1, 1
18356, 1, 0, 0, 0, 1, 0
18360, 1, 0, 0, 0, 1, 0
18361, 1, 1, 1, 0, 1, 0
18362, 1, 0, 0, 0, 1, 0
18366, 1, 1, 0, 1, 1, 0
18367, 1, 0, 0, 0, 1, 0
18368, 2, 0, 0, 0, 1, 1
18369, 1, 0, 0, 0, 0, 1
18370, 1, 0, 0, 0, 1, 0
18371, 1, 1, 1, 0, 1, 0
22406, 2, 4, 4, 0, 2, 0
18374, 2, 0, 0, 0, 2, 0
18375, 1, 0, 0, 0, 1, 0
18376, 1, 0, 0, 0, 1, 0
18377, 1, 0, 0, 0, 1, 0
18379, 1, 0, 0, 0, 1, 0
18380, 1, 1, 1, 0, 1, 0
56045, 0, 1, 1, 0, 0, 0
18381, 1, 0, 0, 0, 0, 1
18382, 1, 0, 0, 0, 1, 0
18385, 1, 0, 0, 0, 1, 0
18386, 3, 0, 0, 0, 3, 0
31585, 0, 1, 0, 1, 0, 0
18395, 0, 2, 2, 0, 0, 0
18396, 1, 0, 0, 0, 0, 1
18397, 2, 0, 0, 0, 2, 0
18406, 1, 0, 0, 0, 0, 1
18407, 1, 0, 0, 0, 1, 0
18409, 1, 0, 0, 0, 1, 0
18410, 0, 2, 2, 0, 0, 0
18411, 3, 0, 0, 0, 3, 0
18412, 3, 0, 0, 0, 2, 1
18414, 2, 0, 0, 0, 2, 0
18415, 1, 0, 0, 0, 0, 1
18416, 1, 0, 0, 0, 0, 1
18417, 4, 3, 1, 2, 4, 0
18418, 1, 0, 0, 0, 1, 0
18419, 1, 0, 0, 0, 1, 0
18420, 1, 0, 0, 0, 1, 0
50855, 1, 8, 8, 0, 1, 0
18423, 1, 0, 0, 0, 1, 0
18424, 6, 1, 1, 0, 6, 0
18425, 6, 7, 7, 0, 6, 0
95543, 1, 3, 1, 2, 1, 0
18427, 1, 0, 0, 0, 0, 1
18428, 0, 2, 1, 1, 0, 0
18429, 1, 0, 0, 0, 0, 1
18431, 1, 0, 0, 0, 0, 1
28071, 2, 1, 1, 0, 2, 0
28099, 4, 4, 4, 0, 3, 1
29145, 0, 1, 1, 0, 0, 0
18434, 1, 0, 0, 0, 1, 0
18435, 0, 1, 1, 0, 0, 0
18436, 2, 0, 0, 0, 2, 0
18437, 0, 1, 1, 0, 0, 0
18438, 0, 1, 1, 0, 0, 0
18439, 1, 0, 0, 0, 1, 0
18441, 1, 0, 0, 0, 1, 0
91337, 0, 3, 2, 1, 0, 0
18443, 1, 1, 1, 0, 1, 0
18861, 3, 1, 1, 0, 3, 0
19087, 0, 2, 2, 0, 0, 0
19153, 1, 1, 1, 0, 1, 0
19154, 0, 1, 1, 0, 0, 0
19155, 2, 1, 1, 0, 2, 0
19156, 0, 1, 1, 0, 0, 0
19157, 0, 1, 1, 0, 0, 0
19159, 0, 1, 1, 0, 0, 0
19160, 2, 3, 3, 0, 0, 2
19161, 0, 1, 1, 0, 0, 0
38293, 3, 1, 1, 0, 3, 0
39384, 3, 2, 1, 1, 2, 1
85023, 4, 2, 2, 0, 4, 0
18445, 1, 0, 0, 0, 1, 0
18446, 1, 0, 0, 0, 1, 0
18447, 3, 0, 0, 0, 3, 0
18448, 1, 0, 0, 0, 1, 0
18450, 3, 0, 0, 0, 3, 0
18453, 2, 0, 0, 0, 2, 0
18454, 1, 0, 0, 0, 0, 1
18455, 3, 0, 0, 0, 3, 0
18456, 2, 2, 2, 0, 2, 0
18458, 1, 2, 2, 0, 1, 0
33486, 1, 1, 1, 0, 1, 0
51217, 0, 1, 0, 1, 0, 0
18459, 4, 0, 0, 0, 4, 0
19342, 1, 1, 1, 0, 1, 0
58981, 3, 3, 3, 0, 3, 0
58982, 23, 12, 12, 0, 23, 0
18461, 1, 0, 0, 0, 1, 0
18462, 0, 4, 3, 1, 0, 0
18463, 1, 1, 0, 1, 1, 0
18464, 1, 0, 0, 0, 1, 0
18465, 1, 1, 1, 0, 1, 0
23972, 1, 1, 1, 0, 1, 0
18466, 1, 0, 0, 0, 1, 0
37942, 3, 3, 2, 1, 1, 2
51032, 0, 2, 1, 1, 0, 0
68450, 5, 2, 2, 0, 5, 0
18468, 1, 0, 0, 0, 1, 0
18469, 2, 0, 0, 0, 2, 0
18470, 1, 0, 0, 0, 1, 0
65450, 0, 2, 2, 0, 0, 0
105175, 1, 2, 2, 0, 1, 0
117015, 2, 1, 1, 0, 2, 0
131039, 0, 1, 0, 1, 0, 0
18472, 1, 1, 1, 0, 1, 0
18473, 7, 1, 1, 0, 6, 1
18474, 1, 0, 0, 0, 0, 1
18475, 2, 1, 1, 0, 2, 0
18476, 0, 2, 1, 1, 0, 0
18480, 1, 0, 0, 0, 0, 1
84653, 0, 2, 2, 0, 0, 0
25307, 2, 2, 2, 0, 2, 0
18483, 1, 0, 0, 0, 1, 0
27990, 1, 2, 2, 0, 1, 0
97477, 0, 1, 1, 0, 0, 0
18492, 2, 0, 0, 0, 0, 2
18493, 0, 1, 0, 1, 0, 0
18495, 1, 0, 0, 0, 1, 0
18496, 5, 6, 6, 0, 5, 0
40854, 2, 2, 2, 0, 2, 0
69730, 1, 4, 4, 0, 1, 0
69731, 0, 3, 3, 0, 0, 0
69732, 3, 2, 2, 0, 3, 0
18497, 1, 0, 0, 0, 1, 0
36576, 4, 13, 12, 1, 3, 1
48480, 9, 7, 7, 0, 9, 0
18853, 0, 1, 1, 0, 0, 0
31297, 0, 1, 1, 0, 0, 0
18509, 1, 0, 0, 0, 1, 0
18510, 0, 1, 1, 0, 0, 0
18511, 1, 0, 0, 0, 1, 0
18513, 1, 0, 0, 0, 1, 0
21478, 2, 2, 2, 0, 2, 0
40747, 1, 2, 0, 2, 1, 0
42327, 9, 3, 3, 0, 9, 0
18515, 1, 0, 0, 0, 1, 0
18516, 1, 0, 0, 0, 1, 0
30856, 0, 1, 1, 0, 0, 0
18519, 7, 0, 0, 0, 7, 0
18520, 2, 4, 4, 0, 1, 1
18521, 1, 2, 2, 0, 1, 0
18522, 2, 1, 1, 0, 2, 0
75589, 1, 1, 1, 0, 1, 0
18523, 1, 0, 0, 0, 1, 0
18524, 1, 1, 1, 0, 1, 0
18525, 1, 0, 0, 0, 0, 1
18526, 1, 0, 0, 0, 1, 0
18527, 1, 0, 0, 0, 1, 0
18529, 1, 0, 0, 0, 1, 0
45295, 22, 2, 2, 0, 22, 0
18532, 0, 4, 4, 0, 0, 0
23420, 1, 1, 1, 0, 1, 0
34496, 5, 5, 5, 0, 5, 0
35180, 1, 1, 1, 0, 1, 0
35181, 0, 1, 0, 1, 0, 0
50922, 2, 1, 1, 0, 2, 0
85474, 2, 2, 2, 0, 2, 0
53863, 0, 2, 1, 1, 0, 0
77377, 0, 1, 1, 0, 0, 0
40863, 2, 1, 1, 0, 2, 0
18540, 1, 0, 0, 0, 1, 0
18543, 1, 0, 0, 0, 1, 0
18544, 1, 0, 0, 0, 0, 1
18545, 1, 0, 0, 0, 1, 0
18546, 1, 0, 0, 0, 1, 0
18547, 1, 0, 0, 0, 1, 0
18551, 1, 0, 0, 0, 1, 0
18552, 1, 0, 0, 0, 0, 1
18553, 2, 1, 1, 0, 2, 0
67636, 7, 5, 5, 0, 7, 0
18556, 1, 0, 0, 0, 1, 0
25991, 4, 4, 4, 0, 4, 0
27995, 1, 1, 1, 0, 1, 0
31336, 4, 3, 3, 0, 3, 1
37121, 2, 4, 4, 0, 2, 0
18560, 1, 3, 3, 0, 1, 0
34545, 9, 2, 2, 0, 8, 1
18562, 2, 0, 0, 0, 2, 0
18563, 2, 0, 0, 0, 2, 0
18564, 1, 0, 0, 0, 1, 0
38511, 2, 8, 7, 1, 2, 0
48418, 1, 2, 2, 0, 1, 0
58477, 2, 5, 5, 0, 2, 0
68018, 0, 1, 1, 0, 0, 0
18568, 1, 0, 0, 0, 1, 0
18695, 6, 2, 2, 0, 6, 0
18570, 1, 0, 0, 0, 1, 0
18571, 1, 0, 0, 0, 1, 0
18572, 14, 26, 23, 3, 12, 2
42919, 0, 3, 1, 2, 0, 0
47505, 4, 3, 3, 0, 4, 0
18573, 2, 0, 0, 0, 2, 0
18574, 1, 0, 0, 0, 1, 0
18575, 1, 0, 0, 0, 1, 0
18576, 1, 0, 0, 0, 0, 1
18578, 2, 0, 0, 0, 1, 1
18579, 0, 1, 0, 1, 0, 0
18580, 1, 0, 0, 0, 1, 0
121949, 0, 1, 1, 0, 0, 0
18583, 1, 0, 0, 0, 1, 0
44157, 5, 1, 0, 1, 2, 3
18589, 1, 0, 0, 0, 1, 0
18591, 2, 0, 0, 0, 1, 1
18592, 0, 1, 1, 0, 0, 0
18593, 2, 0, 0, 0, 2, 0
19033, 0, 1, 1, 0, 0, 0
18596, 1, 0, 0, 0, 0, 1
18597, 1, 1, 0, 1, 1, 0
18598, 2, 0, 0, 0, 2, 0
18599, 1, 0, 0, 0, 1, 0
29323, 5, 7, 7, 0, 5, 0
44388, 1, 3, 3, 0, 1, 0
60173, 4, 4, 3, 1, 3, 1
61697, 3, 4, 3, 1, 1, 2
62620, 5, 4, 4, 0, 5, 0
70061, 0, 1, 1, 0, 0, 0
18603, 1, 0, 0, 0, 1, 0
18604, 1, 0, 0, 0, 1, 0
33547, 0, 1, 1, 0, 0, 0
18606, 4, 0, 0, 0, 2, 2
18607, 1, 3, 3, 0, 1, 0
18609, 0, 1, 0, 1, 0, 0
34684, 1, 2, 2, 0, 1, 0
53373, 2, 1, 1, 0, 1, 1
88711, 0, 3, 3, 0, 0, 0
91506, 0, 1, 1, 0, 0, 0
91507, 0, 1, 1, 0, 0, 0
18610, 1, 0, 0, 0, 1, 0
18611, 1, 0, 0, 0, 1, 0
18612, 6, 4, 4, 0, 6, 0
53261, 0, 1, 1, 0, 0, 0
81918, 0, 1, 1, 0, 0, 0
81919, 0, 1, 1, 0, 0, 0
18616, 1, 1, 1, 0, 1, 0
37914, 0, 2, 2, 0, 0, 0
56218, 7, 1, 1, 0, 5, 2
56219, 0, 1, 1, 0, 0, 0
56220, 0, 1, 1, 0, 0, 0
18618, 1, 0, 0, 0, 1, 0
18619, 1, 2, 2, 0, 1, 0
18620, 1, 1, 1, 0, 1, 0
18621, 1, 0, 0, 0, 1, 0
18622, 2, 0, 0, 0, 2, 0
18624, 0, 3, 2, 1, 0, 0
18625, 2, 0, 0, 0, 2, 0
19253, 0, 1, 1, 0, 0, 0
26612, 29, 13, 13, 0, 25, 4
37303, 2, 6, 6, 0, 2, 0
18630, 1, 1, 1, 0, 1, 0
18632, 1, 0, 0, 0, 1, 0
18633, 1, 1, 1, 0, 1, 0
66359, 1, 1, 1, 0, 1, 0
18635, 1, 0, 0, 0, 1, 0
18636, 1, 6, 5, 1, 1, 0
18637, 1, 0, 0, 0, 0, 1
18640, 0, 1, 0, 1, 0, 0
18641, 1, 0, 0, 0, 1, 0
18642, 1, 0, 0, 0, 1, 0
71144, 2, 2, 1, 1, 2, 0
90682, 0, 1, 1, 0, 0, 0
90683, 0, 1, 1, 0, 0, 0
90684, 0, 1, 1, 0, 0, 0
23086, 2, 2, 2, 0, 2, 0
19305, 4, 3, 3, 0, 4, 0
27953, 9, 1, 1, 0, 9, 0
26072, 12, 2, 2, 0, 12, 0
54823, 4, 3, 3, 0, 4, 0
78748, 0, 1, 1, 0, 0, 0
78749, 0, 1, 1, 0, 0, 0
78750, 0, 1, 1, 0, 0, 0
18654, 0, 4, 0, 4, 0, 0
18655, 0, 2, 1, 1, 0, 0
93571, 0, 1, 1, 0, 0, 0
27542, 0, 1, 1, 0, 0, 0
18658, 1, 0, 0, 0, 1, 0
80362, 0, 1, 1, 0, 0, 0
80363, 2, 1, 1, 0, 2, 0
18660, 1, 0, 0, 0, 0, 1
18662, 1, 0, 0, 0, 1, 0
18663, 1, 0, 0, 0, 0, 1
18664, 7, 2, 0, 2, 6, 1
19596, 0, 7, 7, 0, 0, 0
18665, 1, 0, 0, 0, 1, 0
37674, 1, 1, 1, 0, 1, 0
37958, 3, 1, 1, 0, 2, 1
18667, 1, 0, 0, 0, 1, 0
18668, 1, 0, 0, 0, 1, 0
18669, 4, 0, 0, 0, 3, 1
18670, 1, 0, 0, 0, 1, 0
18672, 2, 0, 0, 0, 2, 0
18674, 0, 2, 2, 0, 0, 0
18959, 2, 3, 3, 0, 1, 1
19032, 3, 1, 1, 0, 3, 0
21112, 11, 2, 2, 0, 6, 5
25234, 0, 2, 2, 0, 0, 0
25235, 0, 1, 1, 0, 0, 0
25238, 2, 1, 1, 0, 2, 0
25241, 1, 5, 3, 2, 0, 1
25242, 0, 1, 1, 0, 0, 0
25244, 2, 2, 2, 0, 1, 1
25245, 0, 2, 2, 0, 0, 0
25249, 1, 1, 1, 0, 1, 0
25251, 0, 2, 2, 0, 0, 0
25252, 0, 1, 1, 0, 0, 0
25253, 0, 2, 2, 0, 0, 0
25255, 0, 1, 1, 0, 0, 0
25258, 11, 3, 3, 0, 8, 3
25259, 4, 5, 5, 0, 4, 0
25260, 2, 3, 3, 0, 2, 0
25262, 0, 2, 2, 0, 0, 0
25263, 1, 2, 2, 0, 1, 0
18675, 1, 0, 0, 0, 1, 0
80852, 0, 2, 2, 0, 0, 0
18680, 1, 0, 0, 0, 1, 0
18681, 0, 1, 1, 0, 0, 0
18683, 1, 0, 0, 0, 1, 0
66558, 1, 2, 2, 0, 1, 0
18685, 1, 0, 0, 0, 1, 0
18687, 1, 0, 0, 0, 1, 0
18688, 1, 2, 2, 0, 1, 0
58961, 4, 5, 5, 0, 4, 0
63863, 1, 1, 0, 1, 1, 0
18691, 1, 0, 0, 0, 1, 0
18692, 2, 3, 3, 0, 2, 0
18693, 1, 0, 0, 0, 0, 1
18694, 1, 0, 0, 0, 0, 1
18701, 0, 3, 3, 0, 0, 0
18697, 1, 0, 0, 0, 0, 1
18698, 1, 0, 0, 0, 0, 1
18699, 1, 2, 1, 1, 1, 0
80289, 1, 1, 1, 0, 1, 0
18700, 4, 0, 0, 0, 4, 0
31753, 0, 1, 0, 1, 0, 0
31754, 0, 1, 0, 1, 0, 0
31755, 0, 1, 0, 1, 0, 0
31757, 0, 1, 0, 1, 0, 0
31758, 0, 1, 0, 1, 0, 0
31762, 0, 2, 0, 2, 0, 0
18703, 2, 0, 0, 0, 2, 0
18705, 1, 0, 0, 0, 0, 1
18707, 1, 0, 0, 0, 0, 1
18708, 1, 0, 0, 0, 1, 0
18709, 3, 1, 1, 0, 0, 3
18710, 1, 0, 0, 0, 0, 1
18713, 1, 0, 0, 0, 0, 1
18714, 1, 0, 0, 0, 0, 1
18715, 0, 1, 0, 1, 0, 0
18717, 1, 0, 0, 0, 0, 1
18718, 2, 0, 0, 0, 1, 1
18724, 2, 0, 0, 0, 2, 0
18725, 1, 1, 1, 0, 1, 0
18727, 0, 1, 0, 1, 0, 0
18728, 1, 0, 0, 0, 1, 0
18732, 2, 0, 0, 0, 2, 0
18733, 1, 0, 0, 0, 1, 0
18734, 2, 1, 1, 0, 2, 0
18735, 1, 1, 1, 0, 1, 0
18737, 1, 1, 1, 0, 1, 0
38479, 2, 3, 3, 0, 2, 0
38480, 4, 3, 3, 0, 4, 0
60194, 3, 1, 1, 0, 3, 0
64875, 3, 1, 1, 0, 3, 0
103728, 3, 2, 2, 0, 3, 0
18739, 3, 0, 0, 0, 3, 0
18740, 1, 0, 0, 0, 0, 1
18743, 1, 0, 0, 0, 1, 0
18744, 0, 1, 1, 0, 0, 0
18745, 1, 0, 0, 0, 1, 0
117720, 0, 1, 1, 0, 0, 0
18747, 1, 0, 0, 0, 1, 0
18749, 1, 0, 0, 0, 1, 0
18750, 0, 1, 1, 0, 0, 0
18751, 1, 0, 0, 0, 1, 0
18752, 1, 0, 0, 0, 1, 0
18753, 1, 0, 0, 0, 1, 0
18754, 1, 0, 0, 0, 1, 0
18755, 3, 1, 1, 0, 3, 0
36278, 3, 2, 2, 0, 3, 0
18756, 1, 0, 0, 0, 0, 1
18757, 0, 1, 0, 1, 0, 0
47036, 4, 3, 3, 0, 4, 0
18762, 1, 0, 0, 0, 1, 0
18764, 2, 0, 0, 0, 2, 0
18765, 1, 0, 0, 0, 1, 0
18766, 1, 0, 0, 0, 1, 0
18769, 1, 0, 0, 0, 1, 0
18770, 5, 3, 2, 1, 2, 3
19200, 11, 10, 9, 1, 11, 0
36975, 0, 6, 5, 1, 0, 0
41266, 0, 10, 10, 0, 0, 0
18773, 1, 0, 0, 0, 1, 0
18774, 2, 0, 0, 0, 2, 0
27143, 13, 5, 5, 0, 13, 0
27145, 0, 2, 2, 0, 0, 0
64543, 3, 1, 1, 0, 3, 0
74056, 16, 5, 5, 0, 16, 0
76920, 0, 1, 1, 0, 0, 0
76921, 0, 1, 1, 0, 0, 0
18776, 1, 0, 0, 0, 0, 1
20816, 1, 1, 1, 0, 1, 0
29673, 0, 1, 0, 1, 0, 0
39352, 1, 1, 1, 0, 1, 0
83889, 0, 1, 0, 1, 0, 0
69865, 1, 1, 1, 0, 1, 0
18783, 1, 1, 1, 0, 1, 0
18784, 5, 3, 3, 0, 4, 1
19005, 0, 1, 0, 1, 0, 0
19007, 0, 1, 1, 0, 0, 0
18785, 1, 0, 0, 0, 1, 0
79928, 0, 1, 0, 1, 0, 0
79929, 0, 1, 1, 0, 0, 0
18787, 1, 0, 0, 0, 1, 0
49219, 1, 1, 0, 1, 1, 0
57246, 0, 1, 0, 1, 0, 0
57247, 0, 1, 0, 1, 0, 0
18789, 1, 0, 0, 0, 1, 0
18790, 15, 3, 2, 1, 14, 1
18793, 1, 2, 2, 0, 0, 1
18794, 0, 1, 1, 0, 0, 0
18796, 3, 2, 1, 1, 0, 3
18797, 4, 2, 2, 0, 4, 0
18798, 0, 1, 1, 0, 0, 0
18799, 0, 1, 1, 0, 0, 0
18800, 5, 2, 2, 0, 5, 0
97489, 1, 1, 1, 0, 1, 0
112197, 1, 1, 1, 0, 1, 0
117553, 0, 1, 1, 0, 0, 0
74298, 1, 1, 1, 0, 0, 1
76674, 1, 1, 1, 0, 1, 0
22104, 4, 2, 1, 1, 4, 0
114234, 0, 1, 1, 0, 0, 0
18801, 1, 0, 0, 0, 1, 0
18803, 1, 0, 0, 0, 1, 0
18806, 1, 0, 0, 0, 1, 0
18810, 1, 0, 0, 0, 1, 0
58523, 1, 1, 1, 0, 1, 0
73205, 1, 1, 1, 0, 1, 0
44134, 0, 2, 2, 0, 0, 0
18813, 1, 0, 0, 0, 1, 0
18815, 1, 0, 0, 0, 0, 1
18816, 1, 0, 0, 0, 0, 1
18817, 0, 1, 0, 1, 0, 0
18819, 1, 0, 0, 0, 1, 0
18820, 8, 0, 0, 0, 0, 8
18822, 1, 2, 1, 1, 1, 0
18823, 1, 0, 0, 0, 0, 1
18824, 0, 1, 0, 1, 0, 0
18825, 1, 0, 0, 0, 1, 0
18829, 0, 1, 0, 1, 0, 0
40949, 2, 5, 3, 2, 2, 0
45304, 2, 1, 0, 1, 1, 1
45701, 10, 6, 5, 1, 10, 0
48482, 1, 4, 1, 3, 1, 0
50856, 3, 1, 0, 1, 1, 2
55737, 3, 2, 1, 1, 3, 0
57751, 0, 3, 1, 2, 0, 0
59236, 1, 1, 1, 0, 1, 0
92887, 0, 1, 0, 1, 0, 0
92888, 0, 1, 0, 1, 0, 0
18831, 1, 0, 0, 0, 1, 0
18832, 3, 0, 0, 0, 3, 0
24810, 1, 2, 2, 0, 1, 0
25763, 1, 2, 2, 0, 1, 0
27107, 4, 1, 1, 0, 4, 0
31834, 1, 1, 1, 0, 1, 0
31835, 1, 1, 0, 1, 1, 0
31836, 4, 1, 1, 0, 4, 0
31840, 1, 1, 1, 0, 1, 0
18835, 1, 0, 0, 0, 1, 0
18836, 1, 0, 0, 0, 1, 0
18837, 0, 1, 1, 0, 0, 0
29640, 0, 6, 6, 0, 0, 0
45421, 12, 3, 2, 1, 11, 1
45964, 0, 6, 6, 0, 0, 0
49802, 1, 1, 1, 0, 1, 0
53172, 1, 6, 6, 0, 1, 0
56183, 3, 2, 2, 0, 2, 1
58247, 1, 4, 4, 0, 1, 0
61966, 1, 6, 6, 0, 1, 0
61979, 1, 4, 4, 0, 1, 0
64661, 2, 6, 6, 0, 2, 0
64726, 3, 5, 5, 0, 3, 0
64736, 1, 2, 2, 0, 1, 0
64740, 0, 3, 3, 0, 0, 0
64936, 23, 15, 15, 0, 23, 0
67609, 35, 11, 11, 0, 35, 0
67891, 2, 3, 3, 0, 2, 0
67894, 1, 2, 2, 0, 1, 0
67900, 0, 1, 1, 0, 0, 0
67901, 0, 1, 1, 0, 0, 0
67902, 0, 1, 1, 0, 0, 0
18840, 1, 0, 0, 0, 1, 0
18841, 2, 2, 2, 0, 2, 0
18843, 1, 1, 1, 0, 1, 0
89446, 0, 1, 1, 0, 0, 0
18845, 1, 0, 0, 0, 1, 0
18847, 1, 0, 0, 0, 0, 1
18848, 1, 0, 0, 0, 1, 0
18849, 1, 0, 0, 0, 1, 0
18850, 2, 0, 0, 0, 0, 2
18856, 2, 0, 0, 0, 2, 0
18857, 1, 0, 0, 0, 1, 0
18858, 2, 0, 0, 0, 2, 0
18860, 1, 1, 1, 0, 1, 0
18863, 1, 0, 0, 0, 1, 0
18864, 1, 0, 0, 0, 1, 0
18865, 1, 0, 0, 0, 0, 1
18866, 1, 0, 0, 0, 0, 1
18870, 1, 0, 0, 0, 1, 0
18871, 1, 0, 0, 0, 0, 1
18873, 1, 0, 0, 0, 1, 0
18874, 1, 0, 0, 0, 1, 0
18875, 1, 0, 0, 0, 0, 1
18876, 1, 0, 0, 0, 1, 0
18877, 0, 1, 1, 0, 0, 0
18884, 3, 0, 0, 0, 3, 0
40344, 0, 2, 2, 0, 0, 0
40345, 0, 1, 1, 0, 0, 0
40346, 0, 1, 1, 0, 0, 0
18886, 1, 0, 0, 0, 0, 1
18887, 4, 0, 0, 0, 4, 0
18889, 2, 0, 0, 0, 2, 0
18891, 2, 0, 0, 0, 2, 0
18892, 0, 1, 1, 0, 0, 0
18893, 0, 1, 1, 0, 0, 0
57668, 6, 1, 0, 1, 3, 3
72768, 0, 1, 1, 0, 0, 0
18896, 1, 0, 0, 0, 1, 0
18897, 1, 0, 0, 0, 1, 0
18899, 1, 0, 0, 0, 1, 0
18900, 2, 0, 0, 0, 1, 1
18901, 0, 1, 0, 1, 0, 0
18902, 2, 2, 2, 0, 2, 0
19408, 0, 1, 1, 0, 0, 0
19410, 0, 1, 1, 0, 0, 0
18905, 1, 0, 0, 0, 1, 0
31245, 14, 11, 9, 2, 11, 3
18907, 1, 0, 0, 0, 1, 0
18908, 1, 0, 0, 0, 1, 0
18909, 1, 0, 0, 0, 1, 0
18910, 1, 0, 0, 0, 1, 0
18912, 1, 0, 0, 0, 1, 0
46951, 0, 1, 0, 1, 0, 0
46953, 0, 1, 0, 1, 0, 0
18914, 1, 0, 0, 0, 1, 0
67482, 1, 1, 0, 1, 1, 0
76758, 3, 1, 1, 0, 3, 0
84258, 0, 1, 0, 1, 0, 0
84259, 0, 1, 0, 1, 0, 0
84260, 0, 1, 0, 1, 0, 0
18916, 2, 0, 0, 0, 2, 0
24013, 1, 1, 1, 0, 1, 0
42201, 0, 1, 1, 0, 0, 0
31880, 0, 1, 1, 0, 0, 0
64777, 3, 4, 4, 0, 3, 0
84749, 0, 2, 2, 0, 0, 0
53994, 1, 1, 1, 0, 1, 0
75958, 7, 2, 2, 0, 7, 0
99744, 1, 1, 1, 0, 1, 0
50297, 0, 2, 2, 0, 0, 0
18925, 1, 0, 0, 0, 1, 0
18926, 1, 0, 0, 0, 1, 0
18930, 2, 0, 0, 0, 2, 0
67334, 2, 3, 3, 0, 2, 0
75566, 1, 2, 2, 0, 1, 0
91535, 0, 1, 1, 0, 0, 0
91536, 0, 1, 1, 0, 0, 0
91537, 0, 1, 1, 0, 0, 0
18933, 1, 0, 0, 0, 1, 0
107364, 1, 1, 1, 0, 1, 0
18937, 1, 0, 0, 0, 0, 1
18938, 1, 0, 0, 0, 1, 0
18939, 1, 0, 0, 0, 1, 0
18944, 6, 3, 3, 0, 6, 0
18945, 1, 1, 1, 0, 1, 0
18946, 0, 2, 2, 0, 0, 0
18948, 5, 3, 3, 0, 5, 0
102289, 0, 1, 1, 0, 0, 0
70171, 0, 2, 2, 0, 0, 0
26178, 0, 1, 1, 0, 0, 0
18951, 2, 0, 0, 0, 2, 0
18952, 1, 0, 0, 0, 1, 0
27562, 48, 4, 4, 0, 48, 0
36209, 1, 1, 1, 0, 1, 0
36211, 0, 1, 0, 1, 0, 0
18955, 1, 0, 0, 0, 1, 0
75058, 4, 1, 1, 0, 4, 0
87184, 8, 1, 1, 0, 7, 1
88457, 1, 3, 3, 0, 1, 0
89585, 1, 1, 1, 0, 1, 0
92024, 2, 1, 1, 0, 2, 0
93098, 0, 1, 0, 1, 0, 0
93099, 0, 1, 0, 1, 0, 0
48659, 0, 6, 6, 0, 0, 0
91978, 0, 1, 1, 0, 0, 0
91979, 0, 2, 1, 1, 0, 0
91980, 1, 1, 1, 0, 1, 0
91981, 0, 2, 0, 2, 0, 0
18960, 6, 0, 0, 0, 6, 0
18961, 1, 0, 0, 0, 0, 1
69980, 0, 2, 2, 0, 0, 0
35113, 1, 2, 0, 2, 1, 0
70208, 0, 1, 0, 1, 0, 0
58948, 1, 2, 0, 2, 0, 1
59504, 0, 1, 1, 0, 0, 0
18965, 1, 0, 0, 0, 1, 0
18966, 0, 1, 1, 0, 0, 0
18968, 1, 0, 0, 0, 1, 0
18969, 0, 2, 2, 0, 0, 0
18970, 1, 0, 0, 0, 1, 0
18971, 2, 0, 0, 0, 1, 1
18972, 0, 1, 1, 0, 0, 0
18974, 1, 0, 0, 0, 1, 0
18976, 1, 0, 0, 0, 1, 0
18978, 4, 1, 1, 0, 4, 0
18979, 2, 0, 0, 0, 2, 0
18981, 1, 0, 0, 0, 1, 0
18982, 0, 1, 1, 0, 0, 0
18983, 1, 0, 0, 0, 1, 0
18984, 0, 1, 1, 0, 0, 0
18986, 1, 0, 0, 0, 1, 0
18987, 1, 1, 1, 0, 1, 0
18992, 1, 0, 0, 0, 1, 0
18993, 1, 0, 0, 0, 0, 1
18994, 1, 0, 0, 0, 0, 1
18995, 1, 0, 0, 0, 1, 0
18996, 1, 0, 0, 0, 1, 0
18997, 2, 0, 0, 0, 2, 0
18998, 2, 0, 0, 0, 2, 0
18999, 2, 1, 1, 0, 2, 0
19001, 1, 0, 0, 0, 1, 0
75890, 1, 5, 5, 0, 1, 0
19004, 1, 0, 0, 0, 0, 1
95167, 2, 1, 1, 0, 2, 0
24941, 0, 1, 0, 1, 0, 0
24942, 0, 1, 0, 1, 0, 0
24945, 0, 1, 0, 1, 0, 0
19009, 2, 0, 0, 0, 2, 0
19011, 2, 0, 0, 0, 2, 0
88980, 0, 1, 1, 0, 0, 0
88981, 0, 1, 1, 0, 0, 0
88982, 0, 1, 0, 1, 0, 0
19014, 1, 0, 0, 0, 1, 0
19016, 1, 0, 0, 0, 1, 0
21055, 0, 1, 1, 0, 0, 0
21056, 0, 1, 1, 0, 0, 0
19028, 1, 0, 0, 0, 1, 0
19029, 1, 6, 3, 3, 0, 1
19034, 1, 0, 0, 0, 1, 0
19035, 1, 0, 0, 0, 1, 0
19036, 1, 0, 0, 0, 0, 1
19038, 1, 1, 1, 0, 1, 0
61485, 4, 3, 3, 0, 4, 0
61486, 3, 3, 3, 0, 3, 0
73586, 1, 1, 1, 0, 1, 0
79301, 0, 1, 1, 0, 0, 0
19040, 2, 0, 0, 0, 2, 0
19044, 1, 0, 0, 0, 0, 1
116749, 0, 1, 1, 0, 0, 0
19046, 2, 0, 0, 0, 2, 0
19047, 0, 1, 1, 0, 0, 0
19049, 1, 0, 0, 0, 1, 0
19050, 1, 0, 0, 0, 1, 0
32247, 8, 2, 2, 0, 0, 8
37053, 2, 2, 1, 1, 1, 1
49597, 0, 2, 1, 1, 0, 0
56181, 1, 1, 1, 0, 1, 0
58891, 3, 3, 2, 1, 2, 1
63017, 2, 1, 0, 1, 1, 1
63019, 14, 4, 4, 0, 14, 0
63020, 0, 1, 1, 0, 0, 0
63021, 0, 1, 1, 0, 0, 0
63024, 0, 1, 1, 0, 0, 0
63025, 0, 1, 1, 0, 0, 0
63026, 0, 1, 1, 0, 0, 0
63027, 0, 1, 1, 0, 0, 0
63030, 0, 1, 1, 0, 0, 0
63031, 0, 1, 1, 0, 0, 0
63032, 0, 1, 0, 1, 0, 0
63033, 0, 1, 1, 0, 0, 0
63035, 0, 2, 1, 1, 0, 0
63036, 0, 4, 4, 0, 0, 0
19053, 1, 0, 0, 0, 1, 0
19054, 1, 0, 0, 0, 1, 0
19055, 1, 0, 0, 0, 0, 1
19059, 1, 3, 2, 1, 1, 0
39578, 2, 1, 1, 0, 2, 0
19061, 1, 0, 0, 0, 1, 0
19063, 1, 0, 0, 0, 0, 1
35389, 3, 2, 1, 1, 2, 1
52155, 0, 1, 0, 1, 0, 0
19065, 1, 0, 0, 0, 0, 1
42624, 10, 4, 4, 0, 10, 0
66972, 1, 1, 1, 0, 1, 0
67186, 0, 1, 1, 0, 0, 0
60677, 11, 10, 10, 0, 11, 0
60851, 11, 9, 9, 0, 11, 0
62559, 6, 6, 6, 0, 6, 0
63424, 7, 3, 3, 0, 5, 2
63425, 2, 6, 6, 0, 2, 0
63426, 1, 6, 6, 0, 1, 0
64223, 7, 2, 2, 0, 7, 0
19072, 1, 0, 0, 0, 1, 0
56267, 0, 1, 1, 0, 0, 0
56268, 0, 1, 0, 1, 0, 0
19075, 1, 0, 0, 0, 1, 0
19076, 1, 1, 1, 0, 1, 0
20162, 1, 1, 1, 0, 1, 0
20467, 1, 1, 1, 0, 1, 0
19078, 1, 0, 0, 0, 1, 0
19080, 1, 0, 0, 0, 1, 0
19081, 1, 0, 0, 0, 1, 0
19082, 1, 0, 0, 0, 0, 1
22066, 1, 1, 1, 0, 1, 0
19084, 1, 0, 0, 0, 1, 0
19086, 1, 0, 0, 0, 1, 0
19089, 1, 0, 0, 0, 1, 0
19091, 1, 0, 0, 0, 1, 0
19093, 1, 0, 0, 0, 1, 0
19095, 1, 0, 0, 0, 1, 0
19096, 0, 1, 1, 0, 0, 0
19097, 2, 0, 0, 0, 2, 0
19099, 2, 0, 0, 0, 2, 0
27509, 1, 1, 1, 0, 1, 0
94436, 1, 1, 1, 0, 1, 0
94749, 2, 1, 1, 0, 2, 0
95160, 0, 2, 2, 0, 0, 0
95600, 0, 1, 1, 0, 0, 0
95846, 1, 1, 1, 0, 1, 0
98969, 0, 1, 1, 0, 0, 0
101048, 0, 1, 1, 0, 0, 0
101049, 0, 1, 1, 0, 0, 0
101277, 0, 1, 1, 0, 0, 0
102109, 0, 1, 1, 0, 0, 0
102236, 0, 1, 1, 0, 0, 0
103082, 0, 1, 1, 0, 0, 0
104015, 0, 1, 1, 0, 0, 0
105496, 3, 3, 3, 0, 3, 0
106712, 0, 2, 2, 0, 0, 0
116566, 0, 1, 1, 0, 0, 0
19104, 5, 0, 0, 0, 5, 0
19105, 4, 0, 0, 0, 2, 2
19106, 0, 2, 1, 1, 0, 0
19107, 0, 1, 0, 1, 0, 0
19108, 1, 0, 0, 0, 0, 1
19109, 0, 1, 0, 1, 0, 0
19110, 1, 0, 0, 0, 1, 0
19113, 1, 0, 0, 0, 0, 1
19114, 4, 0, 0, 0, 4, 0
28757, 1, 1, 1, 0, 1, 0
30738, 0, 1, 1, 0, 0, 0
30739, 0, 1, 1, 0, 0, 0
19117, 1, 0, 0, 0, 0, 1
19118, 0, 1, 0, 1, 0, 0
19119, 1, 0, 0, 0, 0, 1
19120, 1, 0, 0, 0, 1, 0
69832, 10, 4, 4, 0, 10, 0
19122, 1, 0, 0, 0, 0, 1
19123, 1, 0, 0, 0, 1, 0
19124, 1, 0, 0, 0, 0, 1
19127, 2, 0, 0, 0, 1, 1
120084, 0, 1, 1, 0, 0, 0
19129, 1, 0, 0, 0, 1, 0
27123, 1, 3, 3, 0, 1, 0
49057, 2, 2, 2, 0, 2, 0
53445, 0, 2, 2, 0, 0, 0
91100, 0, 4, 4, 0, 0, 0
93644, 1, 1, 1, 0, 1, 0
19131, 1, 0, 0, 0, 1, 0
19132, 1, 1, 1, 0, 1, 0
19133, 1, 1, 1, 0, 1, 0
19135, 1, 0, 0, 0, 0, 1
19136, 1, 0, 0, 0, 0, 1
105038, 4, 2, 2, 0, 4, 0
19139, 2, 0, 0, 0, 2, 0
19140, 1, 0, 0, 0, 0, 1
19624, 1, 1, 1, 0, 1, 0
20264, 1, 1, 1, 0, 1, 0
21104, 1, 1, 1, 0, 1, 0
40388, 8, 8, 7, 1, 8, 0
40389, 0, 1, 1, 0, 0, 0
19529, 1, 1, 1, 0, 1, 0
25291, 12, 1, 0, 1, 12, 0
26198, 0, 1, 1, 0, 0, 0
26199, 0, 1, 1, 0, 0, 0
19143, 1, 0, 0, 0, 1, 0
19145, 1, 0, 0, 0, 1, 0
19146, 0, 1, 1, 0, 0, 0
19147, 1, 0, 0, 0, 1, 0
19148, 0, 1, 1, 0, 0, 0
28147, 1, 1, 1, 0, 1, 0
28286, 0, 1, 1, 0, 0, 0
28287, 0, 1, 1, 0, 0, 0
19165, 1, 0, 0, 0, 0, 1
19202, 1, 2, 2, 0, 1, 0
19167, 1, 0, 0, 0, 0, 1
19168, 3, 0, 0, 0, 3, 0
19169, 0, 2, 2, 0, 0, 0
19170, 0, 1, 1, 0, 0, 0
19171, 1, 1, 1, 0, 1, 0
19172, 1, 0, 0, 0, 1, 0
19173, 7, 2, 2, 0, 7, 0
19174, 2, 0, 0, 0, 2, 0
19175, 4, 2, 2, 0, 4, 0
21505, 1, 3, 3, 0, 1, 0
24299, 1, 2, 2, 0, 1, 0
24914, 1, 3, 3, 0, 1, 0
26639, 13, 17, 16, 1, 13, 0
38309, 8, 2, 2, 0, 7, 1
38609, 2, 1, 1, 0, 2, 0
41385, 1, 1, 1, 0, 1, 0
41684, 1, 1, 1, 0, 1, 0
43466, 0, 1, 1, 0, 0, 0
43467, 0, 1, 1, 0, 0, 0
43468, 11, 10, 10, 0, 11, 0
43469, 0, 1, 1, 0, 0, 0
43470, 0, 1, 1, 0, 0, 0
43473, 0, 1, 0, 1, 0, 0
19179, 1, 0, 0, 0, 1, 0
43275, 0, 1, 0, 1, 0, 0
81001, 2, 1, 1, 0, 1, 1
92908, 0, 1, 1, 0, 0, 0
58170, 1, 2, 2, 0, 1, 0
125060, 1, 1, 1, 0, 1, 0
19185, 1, 0, 0, 0, 1, 0
22340, 1, 2, 0, 2, 0, 1
82411, 0, 1, 0, 1, 0, 0
19189, 1, 0, 0, 0, 0, 1
19190, 0, 3, 2, 1, 0, 0
19191, 1, 0, 0, 0, 1, 0
19192, 1, 0, 0, 0, 1, 0
22983, 2, 7, 7, 0, 2, 0
19195, 1, 0, 0, 0, 1, 0
19196, 1, 0, 0, 0, 1, 0
19197, 1, 0, 0, 0, 1, 0
41129, 2, 2, 1, 1, 2, 0
19204, 1, 0, 0, 0, 1, 0
19205, 0, 1, 1, 0, 0, 0
19206, 1, 0, 0, 0, 1, 0
37634, 1, 1, 1, 0, 1, 0
19208, 1, 0, 0, 0, 1, 0
19209, 1, 0, 0, 0, 1, 0
19210, 1, 0, 0, 0, 1, 0
19211, 1, 0, 0, 0, 1, 0
19217, 1, 0, 0, 0, 1, 0
19220, 1, 0, 0, 0, 1, 0
19221, 2, 2, 2, 0, 2, 0
19222, 0, 1, 1, 0, 0, 0
19224, 1, 0, 0, 0, 1, 0
19225, 9, 1, 1, 0, 9, 0
19226, 1, 0, 0, 0, 1, 0
21960, 4, 5, 5, 0, 4, 0
37673, 1, 1, 1, 0, 1, 0
39143, 2, 7, 7, 0, 2, 0
39144, 0, 1, 1, 0, 0, 0
19228, 1, 0, 0, 0, 1, 0
56264, 2, 1, 0, 1, 2, 0
56265, 0, 1, 0, 1, 0, 0
56266, 1, 5, 4, 1, 1, 0
19232, 1, 0, 0, 0, 1, 0
19234, 1, 0, 0, 0, 1, 0
19235, 3, 0, 0, 0, 1, 2
19236, 0, 1, 0, 1, 0, 0
19237, 0, 2, 0, 2, 0, 0
19238, 1, 0, 0, 0, 1, 0
19239, 1, 0, 0, 0, 1, 0
19255, 1, 0, 0, 0, 1, 0
19257, 1, 0, 0, 0, 1, 0
19258, 1, 0, 0, 0, 1, 0
26290, 0, 1, 1, 0, 0, 0
19264, 1, 0, 0, 0, 1, 0
19265, 1, 0, 0, 0, 1, 0
19266, 1, 0, 0, 0, 1, 0
19267, 7, 4, 4, 0, 5, 2
19268, 1, 0, 0, 0, 1, 0
19269, 1, 0, 0, 0, 1, 0
19270, 1, 0, 0, 0, 1, 0
45508, 4, 4, 4, 0, 4, 0
47366, 6, 3, 3, 0, 6, 0
47367, 5, 3, 3, 0, 5, 0
19275, 2, 0, 0, 0, 2, 0
19276, 1, 0, 0, 0, 1, 0
19277, 1, 0, 0, 0, 1, 0
19278, 5, 1, 1, 0, 4, 1
38441, 0, 1, 0, 1, 0, 0
19279, 1, 0, 0, 0, 1, 0
19280, 2, 0, 0, 0, 2, 0
19282, 5, 0, 0, 0, 5, 0
19283, 1, 0, 0, 0, 1, 0
22087, 0, 1, 1, 0, 0, 0
24996, 1, 1, 1, 0, 1, 0
27833, 4, 5, 5, 0, 4, 0
28984, 6, 14, 14, 0, 6, 0
45294, 0, 3, 2, 1, 0, 0
69057, 1, 1, 0, 1, 1, 0
87592, 2, 2, 2, 0, 2, 0
90464, 4, 8, 8, 0, 4, 0
90998, 1, 2, 2, 0, 1, 0
91368, 1, 2, 2, 0, 1, 0
91849, 1, 1, 1, 0, 1, 0
93128, 0, 1, 0, 1, 0, 0
93129, 0, 3, 0, 3, 0, 0
93130, 0, 1, 0, 1, 0, 0
93131, 0, 1, 1, 0, 0, 0
93132, 0, 1, 0, 1, 0, 0
24994, 1, 2, 1, 1, 0, 1
67877, 0, 1, 0, 1, 0, 0
19293, 1, 0, 0, 0, 1, 0
19294, 1, 0, 0, 0, 1, 0
19295, 0, 1, 1, 0, 0, 0
19297, 2, 0, 0, 0, 2, 0
19298, 0, 1, 1, 0, 0, 0
19302, 1, 0, 0, 0, 1, 0
19303, 1, 0, 0, 0, 1, 0
19304, 0, 1, 1, 0, 0, 0
19307, 1, 2, 2, 0, 1, 0
19308, 11, 2, 2, 0, 11, 0
117806, 1, 1, 1, 0, 0, 1
118179, 0, 3, 3, 0, 0, 0
118180, 0, 2, 0, 2, 0, 0
118181, 0, 1, 0, 1, 0, 0
35406, 13, 11, 11, 0, 13, 0
19311, 1, 0, 0, 0, 1, 0
19312, 1, 0, 0, 0, 0, 1
19313, 1, 0, 0, 0, 1, 0
19314, 1, 0, 0, 0, 1, 0
19315, 0, 1, 1, 0, 0, 0
19316, 1, 0, 0, 0, 1, 0
19317, 1, 0, 0, 0, 1, 0
19319, 1, 0, 0, 0, 1, 0
19320, 5, 3, 3, 0, 5, 0
19322, 4, 3, 3, 0, 4, 0
19324, 3, 5, 5, 0, 3, 0
19325, 4, 5, 5, 0, 4, 0
74358, 2, 7, 7, 0, 2, 0
74359, 0, 4, 4, 0, 0, 0
87469, 0, 3, 3, 0, 0, 0
19330, 4, 2, 2, 0, 4, 0
48569, 3, 3, 3, 0, 3, 0
19332, 1, 0, 0, 0, 1, 0
57407, 1, 2, 2, 0, 1, 0
78332, 1, 1, 1, 0, 1, 0
78893, 0, 3, 3, 0, 0, 0
19334, 1, 0, 0, 0, 1, 0
19340, 1, 0, 0, 0, 1, 0
20365, 0, 2, 0, 2, 0, 0
80941, 0, 2, 0, 2, 0, 0
19345, 1, 0, 0, 0, 1, 0
19346, 2, 0, 0, 0, 2, 0
19347, 1, 0, 0, 0, 1, 0
42097, 8, 5, 5, 0, 8, 0
59285, 0, 3, 2, 1, 0, 0
19350, 1, 0, 0, 0, 0, 1
19351, 1, 0, 0, 0, 0, 1
19352, 0, 1, 0, 1, 0, 0
19355, 1, 0, 0, 0, 1, 0
19357, 1, 1, 1, 0, 1, 0
51974, 4, 1, 1, 0, 2, 2
58864, 0, 1, 1, 0, 0, 0
19359, 2, 0, 0, 0, 2, 0
91338, 1, 1, 1, 0, 1, 0
91927, 0, 1, 1, 0, 0, 0
91928, 0, 1, 1, 0, 0, 0
91929, 0, 1, 1, 0, 0, 0
19361, 1, 0, 0, 0, 1, 0
19362, 1, 0, 0, 0, 1, 0
19364, 1, 0, 0, 0, 1, 0
19365, 1, 0, 0, 0, 1, 0
19367, 1, 0, 0, 0, 1, 0
19368, 0, 1, 1, 0, 0, 0
19369, 1, 1, 1, 0, 1, 0
19414, 0, 1, 1, 0, 0, 0
19371, 1, 0, 0, 0, 1, 0
19372, 1, 0, 0, 0, 1, 0
19376, 1, 0, 0, 0, 1, 0
51470, 27, 5, 5, 0, 27, 0
23221, 4, 1, 1, 0, 3, 1
34121, 0, 3, 0, 3, 0, 0
19381, 3, 0, 0, 0, 3, 0
19382, 4, 5, 5, 0, 4, 0
75317, 2, 3, 3, 0, 2, 0
75827, 5, 9, 8, 1, 5, 0
88850, 1, 1, 1, 0, 1, 0
19383, 1, 0, 0, 0, 1, 0
19384, 1, 0, 0, 0, 1, 0
19386, 1, 0, 0, 0, 0, 1
19388, 1, 0, 0, 0, 1, 0
19389, 0, 1, 1, 0, 0, 0
19390, 1, 0, 0, 0, 1, 0
34431, 6, 1, 0, 1, 6, 0
36916, 2, 2, 1, 1, 2, 0
49677, 2, 1, 0, 1, 2, 0
49689, 3, 3, 2, 1, 3, 0
53867, 0, 1, 0, 1, 0, 0
19395, 2, 0, 0, 0, 0, 2
124035, 0, 1, 0, 1, 0, 0
20247, 1, 3, 3, 0, 1, 0
19398, 0, 1, 1, 0, 0, 0
118104, 1, 1, 1, 0, 1, 0
121536, 0, 2, 2, 0, 0, 0
60046, 2, 2, 2, 0, 2, 0
19411, 1, 0, 0, 0, 1, 0
19412, 1, 0, 0, 0, 1, 0
19413, 1, 0, 0, 0, 1, 0
19415, 1, 0, 0, 0, 1, 0
19417, 1, 0, 0, 0, 1, 0
19418, 1, 0, 0, 0, 1, 0
19420, 2, 0, 0, 0, 2, 0
19421, 0, 1, 1, 0, 0, 0
19422, 1, 0, 0, 0, 1, 0
19423, 2, 0, 0, 0, 2, 0
19424, 1, 0, 0, 0, 1, 0
19425, 0, 2, 1, 1, 0, 0
19427, 4, 1, 1, 0, 3, 1
19428, 0, 1, 0, 1, 0, 0
95876, 3, 1, 1, 0, 3, 0
124988, 13, 5, 5, 0, 13, 0
19430, 1, 1, 1, 0, 1, 0
19431, 1, 1, 1, 0, 1, 0
19432, 1, 0, 0, 0, 1, 0
19778, 3, 2, 2, 0, 3, 0
66803, 0, 2, 2, 0, 0, 0
108037, 1, 1, 1, 0, 1, 0
19434, 4, 0, 0, 0, 4, 0
19435, 2, 0, 0, 0, 2, 0
19440, 1, 3, 3, 0, 1, 0
57849, 4, 7, 4, 3, 3, 1
57850, 0, 1, 1, 0, 0, 0
39713, 1, 1, 1, 0, 1, 0
84845, 2, 4, 4, 0, 2, 0
19442, 4, 0, 0, 0, 4, 0
19444, 1, 2, 2, 0, 1, 0
25506, 3, 2, 2, 0, 3, 0
27435, 2, 5, 4, 1, 2, 0
28063, 1, 1, 0, 1, 0, 1
28691, 1, 1, 0, 1, 1, 0
33300, 1, 2, 1, 1, 1, 0
38907, 0, 4, 4, 0, 0, 0
38910, 0, 1, 0, 1, 0, 0
38911, 0, 1, 0, 1, 0, 0
38913, 0, 1, 0, 1, 0, 0
38921, 0, 1, 0, 1, 0, 0
38922, 0, 1, 0, 1, 0, 0
38923, 0, 1, 0, 1, 0, 0
38924, 0, 1, 0, 1, 0, 0
38925, 0, 1, 0, 1, 0, 0
38926, 0, 1, 0, 1, 0, 0
38928, 0, 2, 0, 2, 0, 0
38929, 0, 1, 0, 1, 0, 0
38930, 0, 1, 0, 1, 0, 0
38931, 0, 1, 0, 1, 0, 0
38932, 0, 1, 0, 1, 0, 0
38933, 0, 1, 0, 1, 0, 0
38934, 0, 2, 0, 2, 0, 0
29168, 3, 1, 1, 0, 3, 0
19445, 2, 0, 0, 0, 2, 0
19446, 0, 1, 1, 0, 0, 0
19450, 0, 1, 1, 0, 0, 0
19452, 1, 1, 1, 0, 1, 0
19453, 1, 2, 2, 0, 1, 0
52709, 5, 6, 6, 0, 5, 0
67342, 1, 2, 2, 0, 1, 0
73678, 1, 4, 4, 0, 1, 0
75721, 0, 2, 2, 0, 0, 0
77811, 4, 1, 1, 0, 4, 0
82677, 0, 1, 1, 0, 0, 0
19455, 1, 0, 0, 0, 0, 1
19456, 0, 2, 1, 1, 0, 0
19457, 1, 0, 0, 0, 0, 1
54444, 1, 1, 1, 0, 1, 0
19460, 1, 0, 0, 0, 1, 0
19462, 1, 4, 3, 1, 1, 0
19463, 0, 1, 1, 0, 0, 0
109947, 0, 1, 1, 0, 0, 0
131300, 0, 1, 1, 0, 0, 0
19470, 1, 0, 0, 0, 1, 0
39767, 1, 4, 2, 2, 1, 0
44139, 0, 1, 1, 0, 0, 0
19472, 1, 0, 0, 0, 0, 1
19474, 6, 0, 0, 0, 5, 1
19477, 2, 0, 0, 0, 1, 1
54755, 0, 1, 1, 0, 0, 0
36328, 0, 1, 1, 0, 0, 0
86083, 2, 1, 1, 0, 1, 1
19481, 1, 1, 1, 0, 1, 0
23363, 2, 1, 1, 0, 2, 0
19483, 1, 0, 0, 0, 1, 0
19484, 1, 0, 0, 0, 1, 0
19486, 4, 2, 2, 0, 2, 2
19492, 2, 1, 1, 0, 2, 0
19493, 5, 1, 1, 0, 5, 0
19497, 6, 1, 1, 0, 6, 0
32159, 2, 1, 1, 0, 2, 0
89044, 0, 1, 1, 0, 0, 0
89045, 0, 1, 1, 0, 0, 0
89046, 0, 1, 1, 0, 0, 0
89047, 0, 1, 1, 0, 0, 0
63504, 0, 1, 1, 0, 0, 0
117449, 0, 2, 1, 1, 0, 0
36661, 4, 2, 2, 0, 4, 0
48613, 3, 3, 2, 1, 3, 0
48614, 4, 2, 2, 0, 4, 0
57914, 6, 4, 3, 1, 6, 0
58570, 7, 6, 6, 0, 7, 0
19498, 3, 0, 0, 0, 3, 0
31842, 1, 2, 1, 1, 1, 0
100135, 0, 1, 0, 1, 0, 0
19501, 1, 0, 0, 0, 1, 0
19504, 1, 0, 0, 0, 1, 0
19507, 2, 0, 0, 0, 2, 0
19508, 2, 0, 0, 0, 2, 0
19509, 0, 2, 2, 0, 0, 0
19515, 1, 0, 0, 0, 1, 0
19516, 1, 3, 3, 0, 1, 0
30225, 1, 1, 1, 0, 1, 0
19517, 1, 1, 1, 0, 0, 1
19518, 0, 2, 1, 1, 0, 0
19519, 1, 0, 0, 0, 1, 0
19520, 1, 1, 1, 0, 1, 0
19521, 1, 0, 0, 0, 1, 0
33597, 1, 1, 1, 0, 1, 0
42605, 1, 1, 1, 0, 1, 0
83840, 0, 1, 1, 0, 0, 0
83841, 0, 1, 0, 1, 0, 0
83842, 0, 1, 1, 0, 0, 0
33862, 0, 4, 3, 1, 0, 0
50994, 11, 1, 0, 1, 7, 4
52615, 1, 2, 2, 0, 1, 0
54400, 0, 2, 2, 0, 0, 0
70478, 1, 1, 1, 0, 1, 0
71727, 2, 2, 2, 0, 2, 0
76374, 0, 1, 1, 0, 0, 0
76375, 0, 1, 0, 1, 0, 0
19525, 1, 0, 0, 0, 1, 0
19527, 1, 0, 0, 0, 1, 0
19531, 2, 2, 2, 0, 1, 1
19534, 1, 0, 0, 0, 1, 0
19536, 7, 0, 0, 0, 5, 2
19537, 0, 1, 0, 1, 0, 0
54385, 3, 1, 1, 0, 1, 2
19538, 2, 0, 0, 0, 2, 0
19539, 2, 0, 0, 0, 0, 2
19540, 1, 1, 1, 0, 1, 0
59889, 1, 2, 1, 1, 1, 0
59891, 1, 1, 1, 0, 0, 1
19542, 1, 0, 0, 0, 1, 0
19543, 1, 1, 1, 0, 1, 0
19544, 11, 4, 3, 1, 11, 0
19545, 1, 0, 0, 0, 1, 0
19546, 0, 1, 1, 0, 0, 0
19547, 2, 0, 0, 0, 2, 0
19549, 0, 2, 2, 0, 0, 0
19550, 1, 0, 0, 0, 0, 1
19551, 1, 0, 0, 0, 1, 0
19552, 1, 1, 0, 1, 0, 1
19553, 1, 0, 0, 0, 1, 0
63177, 3, 3, 3, 0, 3, 0
67478, 4, 5, 5, 0, 4, 0
74379, 5, 5, 5, 0, 5, 0
74380, 0, 2, 2, 0, 0, 0
83507, 0, 1, 1, 0, 0, 0
19555, 1, 0, 0, 0, 1, 0
19556, 4, 1, 1, 0, 3, 1
21349, 0, 1, 1, 0, 0, 0
19557, 1, 1, 1, 0, 1, 0
19559, 1, 0, 0, 0, 1, 0
19562, 1, 0, 0, 0, 0, 1
61501, 4, 1, 1, 0, 4, 0
127556, 1, 1, 1, 0, 1, 0
19566, 1, 1, 1, 0, 1, 0
47520, 2, 10, 10, 0, 2, 0
69754, 4, 4, 4, 0, 4, 0
75168, 5, 5, 5, 0, 5, 0
75484, 0, 4, 4, 0, 0, 0
76940, 1, 6, 6, 0, 1, 0
19572, 0, 1, 1, 0, 0, 0
28844, 5, 7, 6, 1, 5, 0
43212, 2, 5, 4, 1, 2, 0
51519, 0, 1, 0, 1, 0, 0
51524, 0, 1, 0, 1, 0, 0
19575, 7, 2, 2, 0, 7, 0
19578, 1, 0, 0, 0, 1, 0
19579, 1, 1, 1, 0, 1, 0
19581, 0, 1, 0, 1, 0, 0
19589, 1, 0, 0, 0, 0, 1
19590, 1, 0, 0, 0, 1, 0
19593, 1, 0, 0, 0, 1, 0
19594, 1, 1, 1, 0, 0, 1
19595, 1, 0, 0, 0, 1, 0
19597, 1, 0, 0, 0, 1, 0
19600, 2, 1, 1, 0, 2, 0
19601, 1, 0, 0, 0, 1, 0
19602, 1, 0, 0, 0, 1, 0
19603, 2, 0, 0, 0, 2, 0
19604, 0, 1, 1, 0, 0, 0
19606, 2, 0, 0, 0, 1, 1
19608, 1, 0, 0, 0, 1, 0
19610, 0, 1, 1, 0, 0, 0
19611, 0, 1, 1, 0, 0, 0
19612, 0, 1, 1, 0, 0, 0
19613, 0, 1, 1, 0, 0, 0
19614, 2, 0, 0, 0, 2, 0
19615, 4, 4, 4, 0, 4, 0
19616, 3, 3, 3, 0, 3, 0
22115, 3, 4, 4, 0, 3, 0
28065, 0, 1, 1, 0, 0, 0
19617, 1, 0, 0, 0, 1, 0
19622, 1, 0, 0, 0, 1, 0
19623, 0, 1, 1, 0, 0, 0
19625, 6, 4, 3, 1, 6, 0
19626, 1, 0, 0, 0, 1, 0
19627, 1, 0, 0, 0, 0, 1
73580, 5, 10, 10, 0, 5, 0
84518, 15, 3, 3, 0, 15, 0
19629, 1, 0, 0, 0, 1, 0
19631, 2, 1, 1, 0, 2, 0
19634, 2, 0, 0, 0, 2, 0
19635, 1, 0, 0, 0, 1, 0
19636, 1, 0, 0, 0, 1, 0
79055, 0, 1, 1, 0, 0, 0
19638, 1, 0, 0, 0, 1, 0
19639, 2, 0, 0, 0, 0, 2
19640, 4, 8, 7, 1, 4, 0
24468, 4, 5, 5, 0, 4, 0
24476, 1, 2, 2, 0, 1, 0
24482, 7, 6, 6, 0, 7, 0
19641, 2, 0, 0, 0, 2, 0
19642, 1, 1, 1, 0, 1, 0
19643, 1, 0, 0, 0, 1, 0
19645, 1, 0, 0, 0, 1, 0
19646, 2, 1, 1, 0, 2, 0
19647, 1, 0, 0, 0, 1, 0
19649, 1, 0, 0, 0, 1, 0
19650, 3, 2, 1, 1, 3, 0
19651, 6, 3, 3, 0, 6, 0
19652, 1, 0, 0, 0, 1, 0
19654, 1, 1, 1, 0, 1, 0
98152, 0, 1, 1, 0, 0, 0
98211, 0, 1, 1, 0, 0, 0
98212, 0, 1, 1, 0, 0, 0
19656, 1, 0, 0, 0, 1, 0
19659, 2, 0, 0, 0, 0, 2
32961, 2, 3, 3, 0, 2, 0
54577, 1, 1, 0, 1, 0, 1
19662, 1, 1, 1, 0, 1, 0
19664, 1, 0, 0, 0, 1, 0
40964, 1, 1, 1, 0, 1, 0
19666, 1, 0, 0, 0, 1, 0
23875, 0, 1, 0, 1, 0, 0
19668, 1, 0, 0, 0, 1, 0
19669, 0, 1, 1, 0, 0, 0
19670, 1, 0, 0, 0, 1, 0
19671, 4, 0, 0, 0, 3, 1
19672, 1, 0, 0, 0, 1, 0
34661, 0, 4, 1, 3, 0, 0
49453, 0, 1, 0, 1, 0, 0
49454, 0, 1, 0, 1, 0, 0
86280, 1, 1, 0, 1, 0, 1
19674, 2, 0, 0, 0, 0, 2
19677, 0, 2, 2, 0, 0, 0
19678, 1, 0, 0, 0, 1, 0
19679, 0, 1, 1, 0, 0, 0
19680, 1, 0, 0, 0, 1, 0
22857, 6, 3, 3, 0, 6, 0
30772, 2, 2, 2, 0, 2, 0
45382, 5, 6, 6, 0, 5, 0
50047, 4, 4, 4, 0, 4, 0
51721, 9, 8, 8, 0, 9, 0
61618, 2, 2, 2, 0, 2, 0
62130, 10, 6, 6, 0, 10, 0
64024, 6, 2, 2, 0, 6, 0
64026, 0, 1, 0, 1, 0, 0
64027, 0, 1, 0, 1, 0, 0
64028, 0, 1, 0, 1, 0, 0
64029, 0, 1, 0, 1, 0, 0
64031, 14, 4, 4, 0, 14, 0
100628, 1, 1, 1, 0, 1, 0
19684, 1, 0, 0, 0, 0, 1
19685, 1, 1, 1, 0, 1, 0
19686, 2, 1, 1, 0, 2, 0
19687, 1, 0, 0, 0, 1, 0
19689, 1, 0, 0, 0, 0, 1
19690, 1, 4, 3, 1, 1, 0
19691, 1, 0, 0, 0, 1, 0
114846, 1, 1, 1, 0, 1, 0
19693, 1, 0, 0, 0, 1, 0
19695, 1, 0, 0, 0, 1, 0
36836, 4, 1, 0, 1, 2, 2
57613, 0, 3, 3, 0, 0, 0
19697, 5, 1, 1, 0, 5, 0
20130, 1, 2, 2, 0, 1, 0
20131, 0, 1, 1, 0, 0, 0
19700, 0, 1, 1, 0, 0, 0
19701, 1, 0, 0, 0, 0, 1
19702, 1, 0, 0, 0, 1, 0
19703, 1, 1, 1, 0, 1, 0
19705, 1, 0, 0, 0, 1, 0
19707, 1, 0, 0, 0, 0, 1
19709, 1, 0, 0, 0, 1, 0
19711, 3, 0, 0, 0, 2, 1
19712, 0, 2, 2, 0, 0, 0
19713, 1, 0, 0, 0, 1, 0
19715, 1, 0, 0, 0, 1, 0
19716, 5, 2, 2, 0, 5, 0
38015, 14, 2, 2, 0, 13, 1
19717, 1, 0, 0, 0, 1, 0
19719, 1, 0, 0, 0, 0, 1
19720, 4, 3, 2, 1, 4, 0
28123, 0, 1, 0, 1, 0, 0
28132, 0, 1, 0, 1, 0, 0
28133, 0, 1, 0, 1, 0, 0
19723, 1, 0, 0, 0, 1, 0
19724, 5, 3, 3, 0, 5, 0
19728, 1, 0, 0, 0, 1, 0
19729, 1, 1, 1, 0, 1, 0
19736, 4, 3, 2, 1, 4, 0
19737, 0, 1, 0, 1, 0, 0
19749, 0, 3, 1, 2, 0, 0
19750, 0, 3, 0, 3, 0, 0
19751, 0, 1, 1, 0, 0, 0
19756, 2, 4, 4, 0, 2, 0
19761, 0, 2, 2, 0, 0, 0
19763, 0, 1, 1, 0, 0, 0
19768, 0, 2, 0, 2, 0, 0
19769, 0, 1, 1, 0, 0, 0
19770, 8, 1, 1, 0, 7, 1
20508, 0, 1, 0, 1, 0, 0
59674, 1, 2, 2, 0, 1, 0
84045, 14, 4, 4, 0, 14, 0
90132, 1, 1, 1, 0, 1, 0
27729, 0, 1, 1, 0, 0, 0
26056, 1, 1, 1, 0, 1, 0
26945, 5, 2, 2, 0, 5, 0
35891, 1, 1, 1, 0, 1, 0
38089, 3, 2, 2, 0, 2, 1
39235, 1, 1, 1, 0, 1, 0
46759, 3, 4, 4, 0, 3, 0
46760, 3, 3, 3, 0, 3, 0
55205, 1, 1, 1, 0, 1, 0
58036, 1, 1, 1, 0, 1, 0
64411, 12, 6, 4, 2, 12, 0
65561, 1, 1, 1, 0, 1, 0
61239, 0, 3, 2, 1, 0, 0
80543, 0, 1, 1, 0, 0, 0
48704, 10, 13, 12, 1, 7, 3
23356, 4, 3, 3, 0, 1, 3
90122, 1, 1, 1, 0, 1, 0
87641, 0, 1, 1, 0, 0, 0
44243, 2, 1, 1, 0, 2, 0
24988, 6, 12, 9, 3, 6, 0
85102, 5, 2, 2, 0, 5, 0
90255, 0, 1, 1, 0, 0, 0
78389, 0, 1, 0, 1, 0, 0
42087, 1, 4, 2, 2, 1, 0
87775, 0, 1, 1, 0, 0, 0
101129, 4, 1, 1, 0, 2, 2
86664, 1, 2, 2, 0, 1, 0
87725, 3, 1, 1, 0, 3, 0
19771, 1, 0, 0, 0, 1, 0
19772, 0, 1, 1, 0, 0, 0
19773, 1, 1, 1, 0, 1, 0
19774, 1, 0, 0, 0, 1, 0
67524, 2, 3, 2, 1, 2, 0
19779, 1, 0, 0, 0, 1, 0
19780, 1, 0, 0, 0, 1, 0
19781, 0, 8, 6, 2, 0, 0
19782, 1, 0, 0, 0, 1, 0
19783, 1, 0, 0, 0, 1, 0
19784, 1, 1, 1, 0, 1, 0
26742, 0, 2, 2, 0, 0, 0
31862, 1, 1, 1, 0, 1, 0
69357, 0, 1, 1, 0, 0, 0
70809, 3, 2, 2, 0, 3, 0
19789, 1, 1, 1, 0, 1, 0
19790, 1, 0, 0, 0, 1, 0
19791, 2, 0, 0, 0, 2, 0
19796, 7, 4, 4, 0, 7, 0
28403, 3, 1, 1, 0, 3, 0
34877, 9, 5, 4, 1, 5, 4
36873, 2, 1, 1, 0, 1, 1
57241, 4, 1, 1, 0, 4, 0
60492, 4, 1, 1, 0, 4, 0
60750, 4, 10, 8, 2, 4, 0
66543, 1, 1, 1, 0, 1, 0
71513, 15, 8, 8, 0, 15, 0
75043, 10, 9, 8, 1, 10, 0
76070, 6, 3, 3, 0, 6, 0
78550, 1, 1, 1, 0, 1, 0
78726, 5, 1, 1, 0, 5, 0
85644, 1, 2, 2, 0, 1, 0
85645, 0, 1, 1, 0, 0, 0
85646, 0, 1, 1, 0, 0, 0
85647, 0, 1, 1, 0, 0, 0
85648, 0, 1, 1, 0, 0, 0
85651, 0, 1, 1, 0, 0, 0
85652, 0, 1, 1, 0, 0, 0
85653, 0, 1, 1, 0, 0, 0
85654, 0, 1, 1, 0, 0, 0
85655, 0, 1, 1, 0, 0, 0
85657, 0, 1, 1, 0, 0, 0
85658, 0, 1, 1, 0, 0, 0
85659, 0, 1, 1, 0, 0, 0
85660, 0, 1, 1, 0, 0, 0
85661, 0, 1, 1, 0, 0, 0
56715, 9, 3, 2, 1, 9, 0
84374, 3, 1, 1, 0, 3, 0
46739, 2, 3, 3, 0, 2, 0
65976, 1, 1, 1, 0, 1, 0
68574, 1, 1, 1, 0, 1, 0
78874, 3, 1, 1, 0, 3, 0
19800, 1, 0, 0, 0, 1, 0
32396, 1, 3, 3, 0, 1, 0
66725, 0, 1, 1, 0, 0, 0
19802, 1, 1, 1, 0, 1, 0
19804, 1, 0, 0, 0, 1, 0
19805, 0, 1, 1, 0, 0, 0
19807, 1, 0, 0, 0, 0, 1
36536, 0, 1, 1, 0, 0, 0
19810, 3, 2, 2, 0, 3, 0
25530, 0, 1, 1, 0, 0, 0
25533, 0, 2, 2, 0, 0, 0
19812, 1, 1, 1, 0, 1, 0
23999, 1, 1, 1, 0, 1, 0
32022, 4, 1, 1, 0, 3, 1
34672, 2, 1, 1, 0, 2, 0
19814, 1, 0, 0, 0, 1, 0
19815, 2, 1, 1, 0, 1, 1
19816, 2, 1, 1, 0, 2, 0
19821, 0, 1, 1, 0, 0, 0
19820, 1, 0, 0, 0, 1, 0
19822, 2, 0, 0, 0, 2, 0
19824, 1, 0, 0, 0, 0, 1
116926, 0, 2, 2, 0, 0, 0
126127, 4, 2, 2, 0, 3, 1
97359, 12, 2, 1, 1, 12, 0
109098, 0, 1, 0, 1, 0, 0
19827, 1, 0, 0, 0, 1, 0
19828, 1, 0, 0, 0, 1, 0
19829, 1, 1, 1, 0, 1, 0
26769, 0, 1, 1, 0, 0, 0
96224, 1, 1, 1, 0, 1, 0
118448, 0, 1, 1, 0, 0, 0
19833, 1, 0, 0, 0, 1, 0
19835, 1, 0, 0, 0, 1, 0
19837, 1, 0, 0, 0, 1, 0
19839, 1, 0, 0, 0, 1, 0
19840, 0, 1, 1, 0, 0, 0
19844, 1, 0, 0, 0, 1, 0
19846, 1, 1, 1, 0, 1, 0
19847, 0, 1, 1, 0, 0, 0
19848, 4, 1, 1, 0, 3, 1
19849, 0, 1, 1, 0, 0, 0
19850, 0, 1, 0, 1, 0, 0
19852, 1, 0, 0, 0, 1, 0
19853, 1, 0, 0, 0, 1, 0
19855, 1, 0, 0, 0, 1, 0
19856, 1, 1, 1, 0, 1, 0
19858, 1, 0, 0, 0, 1, 0
38603, 15, 1, 0, 1, 15, 0
19860, 1, 0, 0, 0, 1, 0
19862, 1, 0, 0, 0, 0, 1
19863, 1, 0, 0, 0, 1, 0
19864, 0, 2, 2, 0, 0, 0
19865, 2, 2, 2, 0, 2, 0
19866, 0, 1, 1, 0, 0, 0
21521, 3, 5, 5, 0, 3, 0
19868, 1, 1, 1, 0, 1, 0
19870, 1, 0, 0, 0, 0, 1
19871, 1, 0, 0, 0, 1, 0
77890, 1, 1, 1, 0, 1, 0
19873, 1, 0, 0, 0, 1, 0
19875, 1, 0, 0, 0, 1, 0
123876, 1, 1, 1, 0, 1, 0
73706, 8, 2, 2, 0, 8, 0
82681, 1, 1, 1, 0, 1, 0
19878, 1, 0, 0, 0, 1, 0
19879, 1, 3, 3, 0, 1, 0
20129, 3, 2, 1, 1, 2, 1
19880, 1, 0, 0, 0, 1, 0
19881, 7, 4, 4, 0, 7, 0
19884, 0, 2, 2, 0, 0, 0
19987, 0, 3, 3, 0, 0, 0
19988, 0, 3, 3, 0, 0, 0
33250, 2, 1, 1, 0, 2, 0
24392, 0, 1, 1, 0, 0, 0
46841, 12, 5, 5, 0, 12, 0
19889, 1, 0, 0, 0, 1, 0
19890, 0, 1, 1, 0, 0, 0
19892, 3, 0, 0, 0, 3, 0
38159, 1, 1, 1, 0, 1, 0
38160, 2, 1, 1, 0, 2, 0
38161, 1, 5, 5, 0, 1, 0
61329, 2, 1, 1, 0, 1, 1
61332, 2, 1, 1, 0, 2, 0
61602, 2, 1, 1, 0, 2, 0
61708, 2, 1, 1, 0, 2, 0
62544, 0, 1, 1, 0, 0, 0
62545, 0, 1, 1, 0, 0, 0
62546, 0, 2, 2, 0, 0, 0
19896, 1, 0, 0, 0, 0, 1
19899, 1, 0, 0, 0, 1, 0
19900, 1, 0, 0, 0, 0, 1
19901, 1, 2, 1, 1, 1, 0
19902, 1, 0, 0, 0, 1, 0
20928, 0, 2, 2, 0, 0, 0
82911, 0, 1, 1, 0, 0, 0
126427, 1, 1, 1, 0, 1, 0
130120, 0, 1, 1, 0, 0, 0
19909, 1, 0, 0, 0, 1, 0
19911, 1, 0, 0, 0, 1, 0
19912, 0, 2, 2, 0, 0, 0
19913, 4, 0, 0, 0, 2, 2
19914, 0, 2, 2, 0, 0, 0
19916, 1, 0, 0, 0, 1, 0
19917, 1, 0, 0, 0, 1, 0
19918, 1, 0, 0, 0, 1, 0
83860, 0, 3, 3, 0, 0, 0
19922, 1, 2, 1, 1, 0, 1
32119, 4, 5, 5, 0, 4, 0
43524, 0, 1, 0, 1, 0, 0
19924, 1, 0, 0, 0, 1, 0
19925, 0, 1, 1, 0, 0, 0
78290, 2, 1, 1, 0, 2, 0
81776, 0, 1, 1, 0, 0, 0
81777, 0, 1, 1, 0, 0, 0
19928, 1, 1, 0, 1, 1, 0
19929, 3, 2, 2, 0, 1, 2
86494, 1, 2, 2, 0, 1, 0
86645, 2, 1, 1, 0, 2, 0
19935, 1, 0, 0, 0, 1, 0
74978, 1, 1, 1, 0, 1, 0
19937, 1, 1, 1, 0, 0, 1
19938, 2, 0, 0, 0, 0, 2
19940, 0, 2, 1, 1, 0, 0
19941, 3, 1, 1, 0, 3, 0
19942, 2, 1, 1, 0, 2, 0
19943, 0, 1, 1, 0, 0, 0
19944, 6, 0, 0, 0, 5, 1
60803, 0, 4, 4, 0, 0, 0
65048, 2, 2, 2, 0, 2, 0
79503, 0, 3, 1, 2, 0, 0
19948, 2, 0, 0, 0, 2, 0
19949, 2, 1, 1, 0, 2, 0
19950, 11, 0, 0, 0, 11, 0
19953, 1, 1, 1, 0, 1, 0
19955, 1, 0, 0, 0, 0, 1
19956, 1, 5, 0, 5, 1, 0
19957, 1, 0, 0, 0, 1, 0
19958, 1, 0, 0, 0, 1, 0
19959, 2, 2, 2, 0, 1, 1
19960, 3, 0, 0, 0, 2, 1
19963, 1, 0, 0, 0, 1, 0
19965, 1, 1, 1, 0, 1, 0
19966, 1, 1, 1, 0, 1, 0
19968, 1, 0, 0, 0, 1, 0
19969, 0, 1, 1, 0, 0, 0
19973, 1, 1, 1, 0, 1, 0
19974, 1, 1, 1, 0, 1, 0
19976, 2, 0, 0, 0, 0, 2
19977, 1, 0, 0, 0, 1, 0
19980, 0, 1, 1, 0, 0, 0
19981, 0, 1, 1, 0, 0, 0
19982, 1, 1, 1, 0, 1, 0
19984, 1, 0, 0, 0, 0, 1
19986, 6, 0, 0, 0, 6, 0
19989, 1, 0, 0, 0, 1, 0
19990, 1, 0, 0, 0, 1, 0
19992, 1, 0, 0, 0, 1, 0
93191, 0, 1, 1, 0, 0, 0
102141, 0, 1, 1, 0, 0, 0
19994, 1, 1, 1, 0, 1, 0
36921, 6, 4, 4, 0, 1, 5
19996, 23, 0, 0, 0, 23, 0
19998, 2, 3, 3, 0, 2, 0
22169, 3, 3, 3, 0, 3, 0
22782, 2, 3, 3, 0, 2, 0
20000, 1, 0, 0, 0, 1, 0
20001, 0, 2, 1, 1, 0, 0
20002, 2, 0, 0, 0, 2, 0
20003, 6, 0, 0, 0, 6, 0
20006, 1, 0, 0, 0, 1, 0
20007, 1, 0, 0, 0, 1, 0
20008, 1, 0, 0, 0, 1, 0
20009, 1, 0, 0, 0, 1, 0
20255, 0, 1, 1, 0, 0, 0
20256, 2, 2, 2, 0, 2, 0
20259, 1, 1, 1, 0, 1, 0
20011, 1, 0, 0, 0, 1, 0
20012, 1, 1, 1, 0, 0, 1
20883, 0, 1, 0, 1, 0, 0
20013, 1, 0, 0, 0, 0, 1
20015, 1, 0, 0, 0, 0, 1
20016, 2, 0, 0, 0, 1, 1
20017, 1, 2, 1, 1, 1, 0
20018, 1, 0, 0, 0, 1, 0
20019, 23, 6, 6, 0, 23, 0
62274, 1, 2, 1, 1, 1, 0
73523, 0, 1, 1, 0, 0, 0
20020, 1, 1, 1, 0, 1, 0
23175, 0, 2, 2, 0, 0, 0
68400, 0, 1, 1, 0, 0, 0
20022, 1, 0, 0, 0, 1, 0
20023, 1, 0, 0, 0, 1, 0
20024, 1, 0, 0, 0, 1, 0
20025, 1, 0, 0, 0, 1, 0
20026, 1, 0, 0, 0, 0, 1
20027, 1, 3, 2, 1, 1, 0
81469, 0, 1, 1, 0, 0, 0
101835, 3, 2, 2, 0, 2, 1
115415, 0, 1, 1, 0, 0, 0
24555, 0, 3, 3, 0, 0, 0
51761, 1, 2, 2, 0, 1, 0
20030, 1, 0, 0, 0, 1, 0
20031, 1, 0, 0, 0, 1, 0
20034, 1, 0, 0, 0, 1, 0
20035, 11, 11, 11, 0, 11, 0
67420, 1, 1, 1, 0, 1, 0
84541, 2, 1, 1, 0, 2, 0
86273, 2, 2, 2, 0, 2, 0
86275, 2, 2, 2, 0, 2, 0
86337, 2, 2, 2, 0, 2, 0
86339, 1, 2, 2, 0, 1, 0
87541, 3, 2, 2, 0, 3, 0
87542, 2, 3, 3, 0, 2, 0
36772, 2, 2, 0, 2, 2, 0
20037, 1, 0, 0, 0, 1, 0
41693, 1, 1, 1, 0, 1, 0
55501, 2, 3, 3, 0, 2, 0
63561, 3, 2, 2, 0, 3, 0
65054, 19, 5, 5, 0, 18, 1
66525, 26, 12, 12, 0, 26, 0
68366, 18, 6, 6, 0, 18, 0
71145, 0, 2, 2, 0, 0, 0
75435, 5, 4, 4, 0, 5, 0
75436, 0, 1, 1, 0, 0, 0
75437, 0, 1, 1, 0, 0, 0
75438, 6, 1, 1, 0, 6, 0
37204, 1, 1, 1, 0, 1, 0
20042, 1, 1, 1, 0, 1, 0
20044, 1, 0, 0, 0, 1, 0
20045, 1, 0, 0, 0, 1, 0
20046, 2, 0, 0, 0, 2, 0
20048, 6, 5, 5, 0, 6, 0
58665, 2, 4, 4, 0, 2, 0
58867, 1, 4, 4, 0, 1, 0
70955, 0, 2, 1, 1, 0, 0
80509, 2, 2, 2, 0, 2, 0
83383, 0, 1, 1, 0, 0, 0
20050, 2, 0, 0, 0, 2, 0
20052, 1, 0, 0, 0, 1, 0
20053, 1, 0, 0, 0, 0, 1
20054, 2, 0, 0, 0, 2, 0
20056, 1, 0, 0, 0, 1, 0
77696, 1, 1, 1, 0, 1, 0
77697, 0, 1, 0, 1, 0, 0
20058, 1, 0, 0, 0, 1, 0
20059, 1, 0, 0, 0, 1, 0
20060, 0, 2, 2, 0, 0, 0
20061, 1, 0, 0, 0, 1, 0
20062, 1, 0, 0, 0, 0, 1
55475, 1, 2, 2, 0, 1, 0
20064, 3, 0, 0, 0, 1, 2
20065, 0, 1, 1, 0, 0, 0
20066, 0, 1, 0, 1, 0, 0
70810, 0, 3, 3, 0, 0, 0
88962, 0, 1, 1, 0, 0, 0
20071, 2, 0, 0, 0, 2, 0
20072, 0, 3, 3, 0, 0, 0
62008, 1, 2, 2, 0, 1, 0
27624, 7, 2, 2, 0, 7, 0
27626, 0, 2, 2, 0, 0, 0
27627, 2, 4, 4, 0, 2, 0
42125, 4, 4, 4, 0, 3, 1
43336, 4, 3, 3, 0, 4, 0
49556, 0, 1, 1, 0, 0, 0
20076, 1, 0, 0, 0, 1, 0
20077, 6, 1, 1, 0, 6, 0
20078, 1, 0, 0, 0, 0, 1
20079, 1, 1, 1, 0, 1, 0
20081, 4, 0, 0, 0, 4, 0
20082, 2, 0, 0, 0, 0, 2
20084, 0, 1, 0, 1, 0, 0
20085, 3, 0, 0, 0, 3, 0
20086, 0, 1, 1, 0, 0, 0
121854, 0, 1, 1, 0, 0, 0
20087, 1, 0, 0, 0, 1, 0
20088, 1, 1, 1, 0, 1, 0
20089, 3, 0, 0, 0, 3, 0
33338, 1, 1, 1, 0, 1, 0
111117, 0, 1, 0, 1, 0, 0
38670, 4, 4, 4, 0, 4, 0
28340, 3, 2, 2, 0, 3, 0
20859, 2, 2, 2, 0, 2, 0
50369, 2, 4, 3, 1, 2, 0
64836, 1, 9, 9, 0, 1, 0
68807, 1, 1, 1, 0, 1, 0
68972, 8, 5, 5, 0, 8, 0
68973, 0, 3, 3, 0, 0, 0
20098, 2, 0, 0, 0, 2, 0
20099, 0, 1, 1, 0, 0, 0
20100, 0, 1, 1, 0, 0, 0
20101, 1, 0, 0, 0, 1, 0
20102, 1, 0, 0, 0, 1, 0
20103, 1, 0, 0, 0, 0, 1
20104, 0, 1, 0, 1, 0, 0
84528, 1, 1, 1, 0, 1, 0
20111, 1, 0, 0, 0, 1, 0
20112, 3, 0, 0, 0, 3, 0
20115, 1, 0, 0, 0, 1, 0
20116, 0, 1, 1, 0, 0, 0
20118, 1, 0, 0, 0, 1, 0
114364, 1, 1, 1, 0, 1, 0
20120, 1, 0, 0, 0, 0, 1
20121, 3, 2, 2, 0, 3, 0
20123, 1, 0, 0, 0, 1, 0
20133, 4, 0, 0, 0, 4, 0
20134, 1, 0, 0, 0, 1, 0
20135, 3, 0, 0, 0, 3, 0
20136, 0, 1, 1, 0, 0, 0
20137, 2, 0, 0, 0, 0, 2
20138, 2, 3, 2, 1, 2, 0
20139, 2, 0, 0, 0, 2, 0
20141, 3, 1, 1, 0, 2, 1
24025, 5, 8, 7, 1, 5, 0
31804, 2, 1, 1, 0, 1, 1
20144, 1, 0, 0, 0, 0, 1
20145, 1, 1, 0, 1, 0, 1
20146, 3, 0, 0, 0, 3, 0
20148, 11, 6, 6, 0, 11, 0
39347, 1, 2, 2, 0, 1, 0
40307, 3, 3, 2, 1, 3, 0
40308, 0, 1, 1, 0, 0, 0
40309, 1, 2, 2, 0, 1, 0
40310, 0, 1, 1, 0, 0, 0
40311, 0, 1, 1, 0, 0, 0
40313, 1, 1, 0, 1, 1, 0
40315, 6, 1, 1, 0, 6, 0
87581, 1, 1, 1, 0, 1, 0
41636, 0, 1, 0, 1, 0, 0
20150, 1, 0, 0, 0, 1, 0
20152, 1, 0, 0, 0, 0, 1
20153, 1, 0, 0, 0, 1, 0
20154, 3, 0, 0, 0, 2, 1
20155, 0, 1, 1, 0, 0, 0
20158, 2, 0, 0, 0, 2, 0
20159, 1, 0, 0, 0, 0, 1
20160, 1, 0, 0, 0, 1, 0
20163, 3, 0, 0, 0, 3, 0
28676, 2, 1, 1, 0, 2, 0
28677, 7, 3, 3, 0, 7, 0
33332, 1, 6, 6, 0, 1, 0
20168, 1, 0, 0, 0, 1, 0
20169, 1, 0, 0, 0, 1, 0
20170, 1, 0, 0, 0, 0, 1
20171, 0, 1, 0, 1, 0, 0
20172, 3, 0, 0, 0, 3, 0
20173, 3, 1, 1, 0, 3, 0
20174, 1, 1, 1, 0, 1, 0
40725, 16, 2, 2, 0, 15, 1
118709, 0, 1, 1, 0, 0, 0
20176, 1, 0, 0, 0, 1, 0
20179, 3, 2, 2, 0, 3, 0
21830, 1, 1, 1, 0, 1, 0
23018, 15, 4, 4, 0, 12, 3
23019, 0, 1, 1, 0, 0, 0
20180, 1, 0, 0, 0, 1, 0
20181, 1, 0, 0, 0, 1, 0
20183, 2, 0, 0, 0, 1, 1
20184, 2, 0, 0, 0, 2, 0
20185, 1, 0, 0, 0, 0, 1
20186, 1, 0, 0, 0, 0, 1
20187, 6, 0, 0, 0, 4, 2
73068, 1, 1, 1, 0, 1, 0
73829, 1, 1, 1, 0, 1, 0
74075, 0, 1, 1, 0, 0, 0
24711, 2, 2, 2, 0, 2, 0
49905, 11, 5, 4, 1, 8, 3
78496, 0, 3, 3, 0, 0, 0
86634, 1, 1, 1, 0, 1, 0
20191, 1, 0, 0, 0, 0, 1
20192, 1, 0, 0, 0, 1, 0
51911, 0, 1, 0, 1, 0, 0
20194, 1, 0, 0, 0, 1, 0
20195, 0, 1, 1, 0, 0, 0
43647, 0, 1, 1, 0, 0, 0
20199, 1, 0, 0, 0, 1, 0
30477, 4, 2, 2, 0, 4, 0
30480, 1, 2, 2, 0, 1, 0
27352, 13, 2, 2, 0, 13, 0
20202, 1, 0, 0, 0, 1, 0
20203, 0, 2, 2, 0, 0, 0
48071, 5, 6, 6, 0, 5, 0
98429, 4, 1, 1, 0, 4, 0
59282, 0, 7, 7, 0, 0, 0
63111, 1, 1, 1, 0, 1, 0
69869, 3, 2, 2, 0, 3, 0
69870, 3, 2, 2, 0, 3, 0
73912, 6, 3, 3, 0, 6, 0
76723, 0, 2, 2, 0, 0, 0
79148, 1, 1, 1, 0, 1, 0
79149, 0, 2, 2, 0, 0, 0
79150, 0, 1, 1, 0, 0, 0
79151, 1, 1, 1, 0, 1, 0
20218, 2, 0, 0, 0, 1, 1
20219, 0, 4, 3, 1, 0, 0
21675, 1, 1, 1, 0, 1, 0
20223, 1, 0, 0, 0, 1, 0
20224, 0, 1, 1, 0, 0, 0
20225, 1, 0, 0, 0, 1, 0
44720, 1, 1, 0, 1, 0, 1
47242, 1, 3, 1, 2, 0, 1
47603, 0, 2, 1, 1, 0, 0
20228, 1, 0, 0, 0, 1, 0
43587, 10, 9, 9, 0, 10, 0
56709, 0, 2, 2, 0, 0, 0
67349, 1, 3, 2, 1, 1, 0
70088, 3, 5, 5, 0, 3, 0
73628, 0, 2, 2, 0, 0, 0
78754, 1, 8, 8, 0, 1, 0
78868, 0, 2, 2, 0, 0, 0
80216, 1, 1, 1, 0, 0, 1
84560, 6, 9, 9, 0, 6, 0
66943, 1, 1, 1, 0, 1, 0
86875, 1, 2, 2, 0, 1, 0
87018, 1, 2, 2, 0, 1, 0
87155, 1, 1, 1, 0, 1, 0
87695, 0, 1, 1, 0, 0, 0
87696, 0, 1, 1, 0, 0, 0
87697, 0, 1, 1, 0, 0, 0
87698, 0, 1, 1, 0, 0, 0
87699, 0, 1, 1, 0, 0, 0
87700, 0, 1, 1, 0, 0, 0
21476, 3, 2, 2, 0, 3, 0
87808, 0, 1, 1, 0, 0, 0
29406, 4, 5, 5, 0, 4, 0
29407, 6, 6, 6, 0, 6, 0
51637, 5, 3, 3, 0, 5, 0
52416, 4, 2, 2, 0, 3, 1
78597, 0, 1, 1, 0, 0, 0
78598, 0, 1, 1, 0, 0, 0
52415, 5, 1, 1, 0, 5, 0
20237, 1, 0, 0, 0, 1, 0
20239, 1, 0, 0, 0, 0, 1
20240, 6, 1, 0, 1, 1, 5
20241, 1, 0, 0, 0, 1, 0
20242, 1, 0, 0, 0, 0, 1
20243, 1, 0, 0, 0, 1, 0
20244, 1, 0, 0, 0, 0, 1
20245, 15, 1, 1, 0, 14, 1
56345, 0, 4, 1, 3, 0, 0
63405, 1, 5, 5, 0, 1, 0
74651, 1, 1, 0, 1, 1, 0
90792, 3, 1, 1, 0, 3, 0
91803, 0, 1, 1, 0, 0, 0
91804, 0, 1, 0, 1, 0, 0
52020, 2, 3, 3, 0, 2, 0
88794, 4, 2, 2, 0, 4, 0
91776, 0, 1, 1, 0, 0, 0
91777, 0, 1, 1, 0, 0, 0
91778, 0, 1, 0, 1, 0, 0
20251, 1, 0, 0, 0, 0, 1
20252, 1, 0, 0, 0, 1, 0
26136, 1, 1, 1, 0, 1, 0
39366, 1, 3, 3, 0, 1, 0
39367, 0, 1, 0, 1, 0, 0
93892, 1, 2, 1, 1, 1, 0
101544, 0, 1, 0, 1, 0, 0
60630, 1, 2, 2, 0, 1, 0
86901, 1, 2, 2, 0, 1, 0
20263, 1, 0, 0, 0, 1, 0
20265, 1, 0, 0, 0, 1, 0
20266, 9, 0, 0, 0, 7, 2
57303, 1, 2, 1, 1, 1, 0
20270, 2, 0, 0, 0, 2, 0
20271, 0, 1, 1, 0, 0, 0
71324, 2, 2, 2, 0, 2, 0
71325, 3, 3, 3, 0, 3, 0
74650, 1, 2, 2, 0, 1, 0
20273, 1, 0, 0, 0, 1, 0
47495, 6, 3, 2, 1, 5, 1
70724, 3, 4, 4, 0, 3, 0
70725, 4, 3, 3, 0, 4, 0
71155, 3, 3, 3, 0, 3, 0
79201, 1, 1, 1, 0, 1, 0
20277, 1, 0, 0, 0, 1, 0
20278, 1, 0, 0, 0, 1, 0
20279, 1, 0, 0, 0, 1, 0
20281, 2, 0, 0, 0, 1, 1
20283, 302, 0, 0, 0, 8, 294
20285, 0, 1, 0, 1, 0, 0
20373, 0, 1, 0, 1, 0, 0
20384, 1, 1, 0, 1, 1, 0
20390, 0, 1, 0, 1, 0, 0
20416, 3, 1, 0, 1, 2, 1
20429, 0, 1, 0, 1, 0, 0
20435, 0, 1, 0, 1, 0, 0
20440, 0, 1, 0, 1, 0, 0
20443, 0, 1, 0, 1, 0, 0
20444, 0, 1, 0, 1, 0, 0
108823, 0, 1, 0, 1, 0, 0
117317, 0, 1, 0, 1, 0, 0
118994, 3, 2, 1, 1, 1, 2
119090, 1, 2, 1, 1, 1, 0
76178, 0, 2, 1, 1, 0, 0
83441, 3, 1, 1, 0, 3, 0
68662, 1, 3, 3, 0, 1, 0
38598, 9, 2, 2, 0, 9, 0
48389, 3, 1, 1, 0, 3, 0
77366, 0, 2, 2, 0, 0, 0
67956, 13, 9, 9, 0, 13, 0
67957, 19, 14, 14, 0, 19, 0
67958, 12, 12, 12, 0, 12, 0
67959, 17, 14, 13, 1, 17, 0
67963, 0, 8, 8, 0, 0, 0
68267, 2, 6, 6, 0, 2, 0
68982, 0, 6, 6, 0, 0, 0
71101, 0, 9, 9, 0, 0, 0
81144, 0, 1, 1, 0, 0, 0
67142, 6, 4, 4, 0, 6, 0
68979, 0, 2, 2, 0, 0, 0
68980, 0, 3, 3, 0, 0, 0
84660, 2, 7, 7, 0, 2, 0
67319, 27, 5, 5, 0, 26, 1
93347, 0, 1, 0, 1, 0, 0
58833, 6, 2, 1, 1, 6, 0
20656, 2, 6, 6, 0, 2, 0
34472, 1, 9, 9, 0, 1, 0
39270, 4, 6, 6, 0, 4, 0
43361, 6, 3, 3, 0, 6, 0
65958, 0, 3, 3, 0, 0, 0
67413, 6, 6, 6, 0, 6, 0
73479, 3, 1, 1, 0, 3, 0
73480, 0, 1, 1, 0, 0, 0
73484, 5, 1, 1, 0, 5, 0
73485, 1, 1, 1, 0, 1, 0
73486, 1, 1, 1, 0, 1, 0
73488, 1, 1, 1, 0, 1, 0
73489, 0, 1, 1, 0, 0, 0
73491, 0, 1, 1, 0, 0, 0
73492, 0, 3, 3, 0, 0, 0
73493, 1, 1, 1, 0, 1, 0
73494, 0, 1, 1, 0, 0, 0
81602, 0, 1, 1, 0, 0, 0
73779, 0, 1, 1, 0, 0, 0
53345, 1, 1, 1, 0, 1, 0
20451, 1, 0, 0, 0, 0, 1
20452, 1, 0, 0, 0, 1, 0
20454, 1, 0, 0, 0, 1, 0
87764, 1, 2, 2, 0, 1, 0
20456, 1, 0, 0, 0, 1, 0
20458, 1, 0, 0, 0, 1, 0
26018, 0, 3, 3, 0, 0, 0
33491, 17, 5, 5, 0, 17, 0
56743, 1, 2, 0, 2, 1, 0
56744, 0, 1, 1, 0, 0, 0
56746, 0, 1, 0, 1, 0, 0
108449, 0, 1, 0, 1, 0, 0
108450, 1, 1, 0, 1, 1, 0
20463, 2, 2, 2, 0, 2, 0
20464, 5, 3, 3, 0, 3, 2
20465, 2, 1, 1, 0, 2, 0
20466, 2, 0, 0, 0, 2, 0
20468, 3, 2, 1, 1, 3, 0
34733, 11, 4, 4, 0, 11, 0
20470, 1, 0, 0, 0, 1, 0
20471, 1, 0, 0, 0, 1, 0
20473, 1, 0, 0, 0, 1, 0
20474, 1, 0, 0, 0, 0, 1
20476, 1, 0, 0, 0, 0, 1
20477, 1, 0, 0, 0, 1, 0
20478, 1, 0, 0, 0, 0, 1
79284, 2, 2, 2, 0, 2, 0
20484, 0, 1, 1, 0, 0, 0
20486, 4, 1, 1, 0, 2, 2
20487, 0, 2, 2, 0, 0, 0
20489, 6, 2, 2, 0, 6, 0
44410, 2, 1, 1, 0, 2, 0
81280, 0, 1, 1, 0, 0, 0
81281, 0, 1, 1, 0, 0, 0
28674, 1, 1, 1, 0, 1, 0
65224, 0, 1, 1, 0, 0, 0
65225, 0, 1, 1, 0, 0, 0
65226, 0, 1, 1, 0, 0, 0
65227, 0, 1, 1, 0, 0, 0
24712, 7, 9, 9, 0, 7, 0
39434, 1, 2, 2, 0, 1, 0
65889, 0, 2, 0, 2, 0, 0
123859, 1, 1, 1, 0, 1, 0
124412, 0, 2, 2, 0, 0, 0
125329, 0, 1, 0, 1, 0, 0
126135, 9, 1, 0, 1, 9, 0
20494, 2, 0, 0, 0, 2, 0
20495, 2, 0, 0, 0, 2, 0
20496, 1, 0, 0, 0, 1, 0
20497, 1, 0, 0, 0, 1, 0
20498, 2, 3, 3, 0, 2, 0
80345, 1, 2, 2, 0, 1, 0
20499, 1, 0, 0, 0, 1, 0
20500, 0, 1, 1, 0, 0, 0
76036, 0, 1, 1, 0, 0, 0
20503, 1, 0, 0, 0, 1, 0
20504, 1, 0, 0, 0, 0, 1
20505, 1, 1, 1, 0, 1, 0
20506, 2, 1, 1, 0, 2, 0
64891, 1, 2, 2, 0, 1, 0
20509, 1, 0, 0, 0, 1, 0
20510, 2, 0, 0, 0, 2, 0
20512, 1, 0, 0, 0, 0, 1
61174, 1, 2, 2, 0, 1, 0
73676, 4, 2, 2, 0, 4, 0
73677, 1, 3, 3, 0, 1, 0
74971, 1, 4, 4, 0, 1, 0
75146, 2, 2, 2, 0, 2, 0
75178, 0, 1, 1, 0, 0, 0
50619, 2, 1, 1, 0, 2, 0
52880, 5, 3, 3, 0, 5, 0
55579, 1, 3, 3, 0, 1, 0
68038, 0, 1, 0, 1, 0, 0
59833, 0, 1, 1, 0, 0, 0
41228, 1, 2, 2, 0, 1, 0
58364, 1, 1, 1, 0, 1, 0
77023, 0, 1, 1, 0, 0, 0
82192, 3, 2, 2, 0, 3, 0
36989, 5, 3, 2, 1, 5, 0
36991, 7, 4, 3, 1, 5, 2
36992, 0, 1, 1, 0, 0, 0
36993, 0, 1, 1, 0, 0, 0
20528, 0, 1, 1, 0, 0, 0
20529, 2, 0, 0, 0, 2, 0
20530, 2, 0, 0, 0, 2, 0
20531, 1, 0, 0, 0, 1, 0
20532, 1, 1, 1, 0, 1, 0
20534, 1, 0, 0, 0, 0, 1
79409, 1, 1, 1, 0, 1, 0
94064, 1, 1, 1, 0, 1, 0
110647, 3, 2, 2, 0, 3, 0
113643, 0, 1, 1, 0, 0, 0
93992, 2, 1, 1, 0, 2, 0
119262, 1, 1, 1, 0, 1, 0
20537, 1, 0, 0, 0, 0, 1
20538, 0, 1, 0, 1, 0, 0
20539, 1, 0, 0, 0, 1, 0
20540, 2, 0, 0, 0, 2, 0
69563, 4, 3, 3, 0, 2, 2
27684, 5, 2, 2, 0, 3, 2
27686, 1, 4, 4, 0, 1, 0
28776, 1, 10, 10, 0, 1, 0
42216, 0, 2, 2, 0, 0, 0
54240, 2, 2, 2, 0, 2, 0
56692, 1, 3, 3, 0, 1, 0
58697, 0, 2, 2, 0, 0, 0
58698, 0, 2, 2, 0, 0, 0
58699, 0, 1, 1, 0, 0, 0
58700, 0, 1, 1, 0, 0, 0
31556, 23, 6, 6, 0, 23, 0
50022, 8, 6, 6, 0, 8, 0
65760, 1, 9, 9, 0, 1, 0
71706, 1, 3, 3, 0, 1, 0
74349, 4, 4, 4, 0, 4, 0
75775, 1, 2, 2, 0, 1, 0
77163, 6, 3, 3, 0, 5, 1
77164, 1, 2, 2, 0, 1, 0
77165, 2, 2, 2, 0, 2, 0
77166, 2, 3, 3, 0, 2, 0
77168, 0, 2, 2, 0, 0, 0
77169, 15, 3, 3, 0, 15, 0
77170, 0, 1, 1, 0, 0, 0
27599, 1, 4, 4, 0, 1, 0
58273, 3, 5, 5, 0, 3, 0
75045, 2, 1, 1, 0, 2, 0
78486, 2, 1, 1, 0, 2, 0
79830, 0, 1, 1, 0, 0, 0
79831, 0, 1, 1, 0, 0, 0
60009, 2, 4, 3, 1, 2, 0
34380, 0, 1, 0, 1, 0, 0
67849, 0, 1, 1, 0, 0, 0
67850, 0, 2, 2, 0, 0, 0
45180, 12, 22, 20, 2, 12, 0
57291, 9, 8, 8, 0, 9, 0
58053, 0, 6, 5, 1, 0, 0
59971, 3, 3, 3, 0, 3, 0
68605, 5, 1, 1, 0, 5, 0
68680, 5, 3, 3, 0, 5, 0
68873, 0, 5, 5, 0, 0, 0
69767, 1, 4, 4, 0, 1, 0
70202, 1, 1, 1, 0, 1, 0
70801, 0, 7, 7, 0, 0, 0
71800, 1, 1, 1, 0, 1, 0
72968, 0, 2, 2, 0, 0, 0
72969, 0, 2, 2, 0, 0, 0
82996, 0, 1, 1, 0, 0, 0
82997, 0, 1, 1, 0, 0, 0
82998, 0, 1, 1, 0, 0, 0
82999, 0, 1, 1, 0, 0, 0
83000, 0, 1, 1, 0, 0, 0
20612, 2, 0, 0, 0, 1, 1
20613, 1, 1, 1, 0, 1, 0
20614, 5, 4, 4, 0, 4, 1
32891, 2, 1, 1, 0, 2, 0
36587, 2, 2, 2, 0, 2, 0
20615, 1, 0, 0, 0, 1, 0
20617, 1, 0, 0, 0, 1, 0
20618, 1, 0, 0, 0, 1, 0
57042, 0, 1, 1, 0, 0, 0
20621, 1, 0, 0, 0, 1, 0
20622, 4, 1, 1, 0, 4, 0
25199, 1, 1, 1, 0, 1, 0
118341, 0, 1, 0, 1, 0, 0
20629, 2, 1, 1, 0, 1, 1
20630, 0, 1, 1, 0, 0, 0
20633, 1, 0, 0, 0, 1, 0
20635, 1, 0, 0, 0, 0, 1
20636, 2, 0, 0, 0, 1, 1
20637, 0, 2, 0, 2, 0, 0
20638, 3, 0, 0, 0, 1, 2
20639, 0, 1, 1, 0, 0, 0
127419, 0, 1, 0, 1, 0, 0
20640, 1, 0, 0, 0, 1, 0
20641, 1, 0, 0, 0, 0, 1
42923, 2, 2, 2, 0, 2, 0
42924, 2, 2, 2, 0, 2, 0
20643, 1, 0, 0, 0, 1, 0
20644, 1, 4, 4, 0, 1, 0
20645, 1, 0, 0, 0, 1, 0
20646, 1, 0, 0, 0, 1, 0
20647, 2, 0, 0, 0, 2, 0
20648, 1, 1, 1, 0, 1, 0
39163, 1, 4, 4, 0, 1, 0
39325, 2, 4, 4, 0, 2, 0
20650, 2, 0, 0, 0, 2, 0
20651, 2, 0, 0, 0, 2, 0
20652, 1, 0, 0, 0, 1, 0
20654, 14, 3, 2, 1, 14, 0
20655, 1, 2, 2, 0, 1, 0
20658, 0, 2, 2, 0, 0, 0
20659, 1, 3, 3, 0, 1, 0
27283, 1, 2, 2, 0, 1, 0
20660, 1, 0, 0, 0, 0, 1
20661, 0, 1, 0, 1, 0, 0
20663, 1, 0, 0, 0, 0, 1
22544, 0, 1, 0, 1, 0, 0
58238, 2, 3, 3, 0, 2, 0
77601, 1, 1, 1, 0, 1, 0
36525, 0, 2, 2, 0, 0, 0
40944, 8, 9, 9, 0, 8, 0
40945, 0, 2, 2, 0, 0, 0
72756, 2, 3, 3, 0, 2, 0
77337, 2, 1, 1, 0, 2, 0
80105, 0, 2, 1, 1, 0, 0
81475, 1, 2, 2, 0, 1, 0
86193, 0, 1, 1, 0, 0, 0
86194, 0, 1, 1, 0, 0, 0
86195, 0, 1, 1, 0, 0, 0
86196, 0, 1, 1, 0, 0, 0
86197, 0, 1, 1, 0, 0, 0
86198, 0, 1, 1, 0, 0, 0
86199, 0, 1, 1, 0, 0, 0
35176, 0, 2, 2, 0, 0, 0
53607, 1, 1, 1, 0, 1, 0
64180, 3, 8, 8, 0, 3, 0
79178, 1, 2, 2, 0, 1, 0
20699, 1, 0, 0, 0, 1, 0
20702, 1, 0, 0, 0, 0, 1
20703, 1, 2, 1, 1, 1, 0
27747, 2, 4, 4, 0, 2, 0
20704, 1, 0, 0, 0, 1, 0
20706, 3, 0, 0, 0, 2, 1
20707, 0, 1, 0, 1, 0, 0
20708, 0, 1, 1, 0, 0, 0
26272, 3, 2, 2, 0, 3, 0
66400, 3, 1, 1, 0, 3, 0
53684, 1, 3, 2, 1, 1, 0
53685, 0, 1, 1, 0, 0, 0
24663, 1, 2, 2, 0, 1, 0
34513, 1, 1, 1, 0, 1, 0
43691, 1, 3, 1, 2, 1, 0
95636, 0, 1, 0, 1, 0, 0
50118, 0, 2, 2, 0, 0, 0
56259, 5, 2, 2, 0, 5, 0
56260, 0, 1, 1, 0, 0, 0
103035, 1, 2, 1, 1, 1, 0
45639, 9, 15, 14, 1, 9, 0
20736, 5, 0, 0, 0, 3, 2
20737, 0, 1, 0, 1, 0, 0
20738, 9, 6, 6, 0, 6, 3
39815, 1, 3, 3, 0, 1, 0
76065, 0, 2, 0, 2, 0, 0
74753, 1, 1, 1, 0, 1, 0
118078, 0, 1, 0, 1, 0, 0
20742, 1, 0, 0, 0, 0, 1
20743, 4, 0, 0, 0, 4, 0
50960, 1, 2, 2, 0, 1, 0
20746, 1, 0, 0, 0, 1, 0
74469, 12, 3, 3, 0, 12, 0
77438, 1, 1, 1, 0, 1, 0
20751, 1, 0, 0, 0, 0, 1
20754, 1, 0, 0, 0, 1, 0
20755, 1, 0, 0, 0, 1, 0
20756, 1, 0, 0, 0, 1, 0
20757, 12, 1, 1, 0, 12, 0
27300, 44, 2, 2, 0, 44, 0
39628, 2, 4, 1, 3, 0, 2
86179, 0, 1, 0, 1, 0, 0
86180, 0, 1, 0, 1, 0, 0
86181, 0, 1, 0, 1, 0, 0
86182, 0, 1, 0, 1, 0, 0
86185, 0, 1, 0, 1, 0, 0
86186, 0, 1, 0, 1, 0, 0
86187, 0, 1, 0, 1, 0, 0
86189, 0, 1, 0, 1, 0, 0
86190, 0, 1, 0, 1, 0, 0
20760, 1, 0, 0, 0, 1, 0
20761, 1, 0, 0, 0, 1, 0
20762, 2, 0, 0, 0, 1, 1
20763, 0, 1, 1, 0, 0, 0
20764, 1, 0, 0, 0, 1, 0
20765, 0, 1, 1, 0, 0, 0
20766, 1, 0, 0, 0, 0, 1
20768, 1, 0, 0, 0, 1, 0
29265, 7, 5, 5, 0, 5, 2
49240, 3, 1, 1, 0, 3, 0
49912, 1, 1, 1, 0, 1, 0
50745, 2, 1, 1, 0, 1, 1
79006, 1, 1, 0, 1, 0, 1
83468, 0, 1, 0, 1, 0, 0
83469, 0, 1, 1, 0, 0, 0
20770, 1, 0, 0, 0, 0, 1
20771, 2, 0, 0, 0, 2, 0
20773, 1, 0, 0, 0, 1, 0
20774, 2, 0, 0, 0, 1, 1
20775, 0, 1, 1, 0, 0, 0
20776, 0, 1, 0, 1, 0, 0
20778, 1, 1, 1, 0, 1, 0
20779, 9, 5, 5, 0, 9, 0
20780, 1, 0, 0, 0, 1, 0
95604, 0, 1, 1, 0, 0, 0
20787, 1, 0, 0, 0, 1, 0
20789, 1, 0, 0, 0, 1, 0
20790, 3, 0, 0, 0, 3, 0
20792, 1, 0, 0, 0, 1, 0
20793, 1, 0, 0, 0, 1, 0
20884, 0, 1, 1, 0, 0, 0
20802, 3, 0, 0, 0, 3, 0
20803, 3, 1, 1, 0, 3, 0
20804, 5, 1, 1, 0, 1, 4
20806, 8, 4, 3, 1, 0, 8
20808, 1, 5, 2, 3, 1, 0
49857, 3, 1, 0, 1, 2, 1
80193, 0, 1, 0, 1, 0, 0
80194, 0, 1, 0, 1, 0, 0
80195, 0, 1, 0, 1, 0, 0
80196, 0, 1, 0, 1, 0, 0
20811, 1, 0, 0, 0, 1, 0
42469, 2, 2, 2, 0, 2, 0
20813, 1, 0, 0, 0, 1, 0
20814, 1, 0, 0, 0, 1, 0
20815, 4, 3, 3, 0, 4, 0
20817, 1, 0, 0, 0, 1, 0
20820, 1, 1, 1, 0, 1, 0
20821, 2, 1, 1, 0, 1, 1
20822, 1, 0, 0, 0, 1, 0
47091, 3, 5, 5, 0, 3, 0
55377, 1, 1, 1, 0, 1, 0
72816, 5, 4, 4, 0, 5, 0
20826, 2, 0, 0, 0, 2, 0
20827, 2, 0, 0, 0, 0, 2
20830, 1, 0, 0, 0, 1, 0
20831, 1, 0, 0, 0, 1, 0
20832, 3, 1, 1, 0, 3, 0
47638, 0, 1, 1, 0, 0, 0
47639, 5, 1, 1, 0, 5, 0
34665, 3, 6, 6, 0, 3, 0
40877, 1, 1, 1, 0, 1, 0
41149, 1, 3, 3, 0, 1, 0
20835, 1, 0, 0, 0, 1, 0
20836, 1, 0, 0, 0, 1, 0
20837, 1, 1, 1, 0, 0, 1
20865, 1, 2, 0, 2, 0, 1
20838, 1, 0, 0, 0, 1, 0
66585, 2, 18, 18, 0, 2, 0
107617, 0, 1, 1, 0, 0, 0
20849, 1, 0, 0, 0, 1, 0
20850, 4, 0, 0, 0, 4, 0
38230, 1, 1, 0, 1, 1, 0
70735, 0, 1, 0, 1, 0, 0
70736, 0, 1, 0, 1, 0, 0
104886, 1, 1, 1, 0, 1, 0
20855, 1, 2, 2, 0, 1, 0
20856, 1, 0, 0, 0, 1, 0
20857, 1, 0, 0, 0, 1, 0
33072, 1, 1, 1, 0, 1, 0
66764, 0, 1, 1, 0, 0, 0
20861, 11, 3, 3, 0, 11, 0
20863, 3, 4, 4, 0, 3, 0
20997, 0, 1, 1, 0, 0, 0
20998, 0, 1, 1, 0, 0, 0
37541, 1, 4, 2, 2, 1, 0
37542, 0, 2, 1, 1, 0, 0
39931, 0, 2, 1, 1, 0, 0
52229, 0, 2, 0, 2, 0, 0
66541, 0, 4, 2, 2, 0, 0
101986, 0, 1, 1, 0, 0, 0
110305, 0, 2, 0, 2, 0, 0
20946, 1, 1, 1, 0, 1, 0
20864, 2, 0, 0, 0, 1, 1
49162, 1, 1, 0, 1, 0, 1
20866, 1, 0, 0, 0, 1, 0
20867, 1, 0, 0, 0, 1, 0
82037, 1, 1, 1, 0, 1, 0
20869, 2, 0, 0, 0, 2, 0
41857, 7, 2, 2, 0, 7, 0
20872, 3, 1, 1, 0, 3, 0
20874, 2, 2, 2, 0, 2, 0
20875, 1, 1, 1, 0, 1, 0
20876, 2, 0, 0, 0, 1, 1
20878, 1, 0, 0, 0, 1, 0
20880, 2, 0, 0, 0, 1, 1
37061, 29, 4, 4, 0, 29, 0
50084, 1, 2, 1, 1, 1, 0
20885, 1, 0, 0, 0, 1, 0
20886, 4, 0, 0, 0, 4, 0
24009, 4, 7, 7, 0, 4, 0
20889, 2, 0, 0, 0, 2, 0
20890, 1, 0, 0, 0, 1, 0
20891, 2, 3, 3, 0, 2, 0
20892, 1, 0, 0, 0, 1, 0
66676, 0, 2, 2, 0, 0, 0
26573, 3, 5, 5, 0, 3, 0
39116, 1, 4, 4, 0, 1, 0
42034, 0, 2, 2, 0, 0, 0
65838, 2, 1, 0, 1, 2, 0
92226, 0, 1, 0, 1, 0, 0
92227, 0, 1, 0, 1, 0, 0
20896, 1, 0, 0, 0, 1, 0
20897, 1, 0, 0, 0, 1, 0
20898, 0, 1, 1, 0, 0, 0
20901, 1, 2, 2, 0, 1, 0
30577, 1, 1, 1, 0, 1, 0
36418, 3, 1, 1, 0, 0, 3
45458, 0, 1, 1, 0, 0, 0
45459, 0, 1, 1, 0, 0, 0
68305, 0, 2, 2, 0, 0, 0
83704, 0, 4, 4, 0, 0, 0
20908, 2, 0, 0, 0, 2, 0
20909, 2, 0, 0, 0, 2, 0
20910, 2, 0, 0, 0, 2, 0
117577, 1, 2, 2, 0, 1, 0
20912, 2, 0, 0, 0, 2, 0
20913, 1, 0, 0, 0, 0, 1
20915, 1, 0, 0, 0, 1, 0
20916, 1, 0, 0, 0, 1, 0
20917, 2, 3, 3, 0, 2, 0
36484, 1, 1, 1, 0, 1, 0
45009, 3, 2, 2, 0, 1, 2
20918, 1, 0, 0, 0, 1, 0
20919, 1, 0, 0, 0, 1, 0
20920, 1, 0, 0, 0, 0, 1
20922, 1, 0, 0, 0, 1, 0
20923, 0, 1, 1, 0, 0, 0
20924, 1, 0, 0, 0, 1, 0
20925, 1, 0, 0, 0, 1, 0
20926, 1, 0, 0, 0, 1, 0
32017, 2, 1, 1, 0, 2, 0
87975, 0, 1, 1, 0, 0, 0
20931, 1, 0, 0, 0, 1, 0
20932, 1, 1, 1, 0, 1, 0
20933, 3, 3, 3, 0, 3, 0
24905, 1, 1, 1, 0, 1, 0
25037, 1, 1, 1, 0, 1, 0
20934, 1, 1, 1, 0, 1, 0
20935, 2, 2, 2, 0, 2, 0
20936, 1, 0, 0, 0, 1, 0
20937, 0, 1, 1, 0, 0, 0
20938, 1, 0, 0, 0, 1, 0
20939, 0, 1, 1, 0, 0, 0
20940, 1, 0, 0, 0, 1, 0
20941, 1, 0, 0, 0, 0, 1
20942, 1, 4, 3, 1, 1, 0
20943, 1, 0, 0, 0, 1, 0
20944, 1, 1, 0, 1, 0, 1
20947, 1, 0, 0, 0, 1, 0
35570, 3, 7, 7, 0, 3, 0
60399, 7, 6, 6, 0, 7, 0
60751, 6, 8, 8, 0, 6, 0
62275, 1, 7, 7, 0, 1, 0
62287, 2, 4, 4, 0, 2, 0
62288, 2, 1, 1, 0, 2, 0
62291, 6, 1, 1, 0, 6, 0
62294, 1, 25, 25, 0, 1, 0
62295, 2, 9, 9, 0, 2, 0
62296, 2, 3, 3, 0, 2, 0
40071, 1, 5, 4, 1, 1, 0
59562, 0, 7, 7, 0, 0, 0
59802, 4, 2, 2, 0, 4, 0
65083, 2, 1, 1, 0, 2, 0
71317, 0, 3, 3, 0, 0, 0
86148, 1, 2, 2, 0, 1, 0
32711, 1, 6, 6, 0, 1, 0
68749, 1, 1, 1, 0, 1, 0
74207, 1, 4, 4, 0, 1, 0
75079, 0, 2, 2, 0, 0, 0
79043, 1, 1, 1, 0, 1, 0
82201, 0, 2, 2, 0, 0, 0
84411, 1, 1, 1, 0, 1, 0
84591, 1, 2, 2, 0, 1, 0
87516, 0, 1, 1, 0, 0, 0
87517, 0, 1, 1, 0, 0, 0
100433, 0, 1, 1, 0, 0, 0
20957, 1, 0, 0, 0, 0, 1
20958, 0, 1, 0, 1, 0, 0
26373, 4, 5, 5, 0, 4, 0
69926, 1, 2, 2, 0, 1, 0
71179, 5, 4, 4, 0, 4, 1
81066, 0, 1, 1, 0, 0, 0
81067, 0, 1, 1, 0, 0, 0
81068, 0, 1, 1, 0, 0, 0
81069, 0, 1, 1, 0, 0, 0
105562, 1, 2, 2, 0, 1, 0
20962, 1, 0, 0, 0, 1, 0
20963, 1, 3, 3, 0, 1, 0
20967, 1, 0, 0, 0, 0, 1
20968, 1, 0, 0, 0, 1, 0
84507, 0, 1, 1, 0, 0, 0
20970, 1, 0, 0, 0, 1, 0
20971, 2, 0, 0, 0, 2, 0
20973, 4, 1, 1, 0, 4, 0
20974, 1, 0, 0, 0, 1, 0
20975, 1, 0, 0, 0, 1, 0
20976, 0, 1, 1, 0, 0, 0
20977, 2, 1, 1, 0, 0, 2
20980, 1, 0, 0, 0, 1, 0
20981, 1, 0, 0, 0, 1, 0
20982, 1, 0, 0, 0, 1, 0
43375, 1, 1, 1, 0, 1, 0
45400, 1, 1, 1, 0, 1, 0
45618, 0, 1, 1, 0, 0, 0
20984, 2, 0, 0, 0, 2, 0
20985, 1, 0, 0, 0, 0, 1
20986, 1, 0, 0, 0, 1, 0
20987, 1, 1, 1, 0, 0, 1
20988, 1, 0, 0, 0, 1, 0
20989, 1, 0, 0, 0, 1, 0
20990, 1, 0, 0, 0, 1, 0
20991, 1, 0, 0, 0, 1, 0
20992, 0, 1, 1, 0, 0, 0
27386, 0, 1, 1, 0, 0, 0
27387, 0, 1, 1, 0, 0, 0
27388, 58, 3, 3, 0, 13, 45
27391, 4, 1, 1, 0, 4, 0
27392, 0, 2, 2, 0, 0, 0
80267, 0, 1, 0, 1, 0, 0
26722, 0, 1, 1, 0, 0, 0
20999, 2, 0, 0, 0, 2, 0
21001, 1, 0, 0, 0, 1, 0
21002, 2, 0, 0, 0, 1, 1
21003, 1, 0, 0, 0, 0, 1
21004, 0, 2, 0, 2, 0, 0
21006, 1, 0, 0, 0, 1, 0
35961, 1, 1, 1, 0, 1, 0
40080, 1, 1, 1, 0, 1, 0
40499, 1, 1, 1, 0, 1, 0
40519, 5, 4, 3, 1, 5, 0
40520, 2, 3, 3, 0, 2, 0
21008, 1, 1, 1, 0, 1, 0
21009, 3, 2, 2, 0, 3, 0
22008, 1, 1, 1, 0, 1, 0
21010, 1, 0, 0, 0, 1, 0
21011, 1, 0, 0, 0, 0, 1
21014, 6, 6, 5, 1, 6, 0
21015, 9, 2, 2, 0, 9, 0
104473, 5, 2, 2, 0, 5, 0
27656, 4, 2, 2, 0, 4, 0
38346, 2, 1, 1, 0, 2, 0
21016, 6, 2, 2, 0, 3, 3
40935, 1, 2, 2, 0, 1, 0
50183, 17, 5, 5, 0, 17, 0
35191, 1, 3, 3, 0, 0, 1
35839, 5, 3, 3, 0, 5, 0
37738, 1, 1, 1, 0, 1, 0
40396, 5, 2, 2, 0, 5, 0
40861, 7, 1, 1, 0, 4, 3
43830, 2, 2, 2, 0, 2, 0
46078, 5, 4, 4, 0, 2, 3
49563, 2, 1, 1, 0, 2, 0
55195, 6, 3, 3, 0, 6, 0
59989, 0, 3, 3, 0, 0, 0
64992, 2, 2, 2, 0, 2, 0
68702, 0, 3, 3, 0, 0, 0
70364, 1, 1, 1, 0, 1, 0
70879, 0, 1, 1, 0, 0, 0
70880, 0, 1, 0, 1, 0, 0
70882, 0, 1, 1, 0, 0, 0
70883, 0, 1, 1, 0, 0, 0
70884, 0, 1, 1, 0, 0, 0
70885, 0, 1, 1, 0, 0, 0
70886, 0, 1, 1, 0, 0, 0
70887, 0, 1, 1, 0, 0, 0
70888, 0, 1, 1, 0, 0, 0
70889, 0, 1, 1, 0, 0, 0
70890, 0, 1, 1, 0, 0, 0
21021, 1, 0, 0, 0, 1, 0
21022, 1, 0, 0, 0, 0, 1
21024, 1, 0, 0, 0, 0, 1
21025, 1, 1, 1, 0, 1, 0
22692, 1, 1, 1, 0, 1, 0
21027, 1, 0, 0, 0, 1, 0
21028, 4, 1, 1, 0, 4, 0
21999, 13, 3, 3, 0, 13, 0
21029, 1, 0, 0, 0, 0, 1
46907, 2, 1, 1, 0, 1, 1
70089, 3, 2, 2, 0, 3, 0
76819, 3, 1, 1, 0, 3, 0
76820, 0, 1, 0, 1, 0, 0
21033, 1, 0, 0, 0, 1, 0
21035, 1, 0, 0, 0, 1, 0
21037, 1, 0, 0, 0, 1, 0
21038, 0, 1, 1, 0, 0, 0
21039, 2, 0, 0, 0, 1, 1
21040, 1, 0, 0, 0, 1, 0
21042, 1, 0, 0, 0, 1, 0
21043, 1, 0, 0, 0, 1, 0
21044, 1, 0, 0, 0, 0, 1
21045, 1, 0, 0, 0, 1, 0
21047, 0, 1, 1, 0, 0, 0
21048, 0, 1, 0, 1, 0, 0
21050, 1, 0, 0, 0, 1, 0
21051, 7, 5, 5, 0, 7, 0
22940, 10, 3, 3, 0, 10, 0
22943, 3, 3, 3, 0, 3, 0
25701, 0, 1, 1, 0, 0, 0
21052, 1, 0, 0, 0, 1, 0
21057, 1, 0, 0, 0, 1, 0
21058, 3, 3, 3, 0, 3, 0
66603, 1, 1, 1, 0, 1, 0
34365, 2, 1, 1, 0, 2, 0
80056, 0, 1, 1, 0, 0, 0
21062, 1, 0, 0, 0, 1, 0
21063, 1, 0, 0, 0, 1, 0
21064, 13, 0, 0, 0, 13, 0
21066, 1, 0, 0, 0, 1, 0
21067, 1, 0, 0, 0, 1, 0
21068, 2, 0, 0, 0, 2, 0
21069, 1, 0, 0, 0, 1, 0
21071, 1, 0, 0, 0, 1, 0
22165, 3, 3, 3, 0, 3, 0
47160, 3, 1, 1, 0, 3, 0
86433, 0, 1, 1, 0, 0, 0
113847, 1, 2, 2, 0, 1, 0
21074, 1, 0, 0, 0, 1, 0
21075, 1, 0, 0, 0, 1, 0
21077, 1, 0, 0, 0, 1, 0
21079, 1, 0, 0, 0, 0, 1
21080, 0, 2, 1, 1, 0, 0
21082, 1, 0, 0, 0, 1, 0
21083, 1, 0, 0, 0, 1, 0
21085, 1, 1, 1, 0, 1, 0
21086, 4, 0, 0, 0, 4, 0
21088, 1, 2, 2, 0, 1, 0
33644, 1, 1, 1, 0, 1, 0
21089, 1, 0, 0, 0, 1, 0
86410, 0, 1, 1, 0, 0, 0
86411, 0, 1, 1, 0, 0, 0
86412, 0, 1, 1, 0, 0, 0
86413, 0, 1, 1, 0, 0, 0
21091, 1, 0, 0, 0, 1, 0
21093, 4, 0, 0, 0, 4, 0
21094, 3, 1, 1, 0, 3, 0
31155, 1, 1, 1, 0, 1, 0
21096, 1, 1, 1, 0, 1, 0
25424, 0, 1, 1, 0, 0, 0
21098, 1, 0, 0, 0, 1, 0
21101, 1, 0, 0, 0, 0, 1
21102, 1, 0, 0, 0, 1, 0
21103, 0, 1, 1, 0, 0, 0
21107, 1, 0, 0, 0, 0, 1
21109, 2, 0, 0, 0, 2, 0
21110, 1, 0, 0, 0, 1, 0
21114, 1, 1, 0, 1, 1, 0
51688, 1, 2, 2, 0, 1, 0
21115, 2, 1, 1, 0, 2, 0
21116, 5, 0, 0, 0, 5, 0
21119, 1, 0, 0, 0, 0, 1
54422, 2, 1, 1, 0, 2, 0
60981, 1, 1, 1, 0, 1, 0
74084, 0, 1, 1, 0, 0, 0
21121, 3, 0, 0, 0, 3, 0
21122, 1, 0, 0, 0, 1, 0
21123, 1, 0, 0, 0, 1, 0
21126, 1, 0, 0, 0, 0, 1
21129, 2, 0, 0, 0, 1, 1
21130, 0, 1, 0, 1, 0, 0
21131, 1, 0, 0, 0, 1, 0
21132, 1, 0, 0, 0, 1, 0
21133, 1, 0, 0, 0, 1, 0
21134, 5, 0, 0, 0, 5, 0
26806, 1, 1, 1, 0, 1, 0
115031, 0, 1, 1, 0, 0, 0
26577, 10, 6, 5, 1, 10, 0
46206, 4, 4, 3, 1, 4, 0
46618, 1, 1, 0, 1, 1, 0
46950, 1, 2, 2, 0, 1, 0
49467, 1, 2, 2, 0, 1, 0
27832, 2, 1, 1, 0, 2, 0
40047, 0, 3, 2, 1, 0, 0
40268, 11, 8, 8, 0, 11, 0
42435, 1, 1, 1, 0, 1, 0
42463, 8, 5, 5, 0, 8, 0
42464, 10, 5, 5, 0, 10, 0
42465, 8, 5, 5, 0, 8, 0
42767, 1, 3, 3, 0, 1, 0
43510, 1, 1, 1, 0, 1, 0
44057, 0, 2, 1, 1, 0, 0
49293, 3, 1, 1, 0, 2, 1
60176, 3, 3, 3, 0, 2, 1
60234, 1, 2, 2, 0, 1, 0
66572, 1, 1, 1, 0, 1, 0
72758, 0, 2, 2, 0, 0, 0
89080, 1, 1, 1, 0, 1, 0
89081, 0, 1, 1, 0, 0, 0
87220, 2, 2, 2, 0, 2, 0
90170, 6, 10, 10, 0, 6, 0
90434, 2, 4, 4, 0, 2, 0
93086, 0, 1, 1, 0, 0, 0
49413, 7, 5, 5, 0, 7, 0
57719, 2, 1, 1, 0, 2, 0
58934, 3, 5, 5, 0, 3, 0
71413, 4, 1, 1, 0, 4, 0
86122, 0, 1, 1, 0, 0, 0
86124, 0, 1, 1, 0, 0, 0
86125, 0, 1, 1, 0, 0, 0
104353, 0, 1, 1, 0, 0, 0
25339, 1, 1, 1, 0, 1, 0
28169, 6, 2, 2, 0, 3, 3
33565, 5, 5, 4, 1, 5, 0
35602, 6, 3, 3, 0, 6, 0
40235, 2, 6, 6, 0, 2, 0
45406, 1, 1, 1, 0, 1, 0
66680, 5, 11, 11, 0, 5, 0
67040, 7, 4, 4, 0, 7, 0
70643, 3, 3, 2, 1, 3, 0
74754, 1, 1, 1, 0, 1, 0
76390, 0, 2, 2, 0, 0, 0
82554, 7, 4, 4, 0, 7, 0
83722, 3, 1, 1, 0, 3, 0
84856, 0, 2, 2, 0, 0, 0
88234, 0, 2, 2, 0, 0, 0
88235, 0, 1, 1, 0, 0, 0
88236, 0, 1, 1, 0, 0, 0
32309, 1, 2, 2, 0, 1, 0
69165, 7, 8, 8, 0, 7, 0
72991, 11, 3, 3, 0, 11, 0
74609, 5, 3, 3, 0, 5, 0
77293, 5, 4, 4, 0, 5, 0
80519, 6, 2, 2, 0, 6, 0
81745, 6, 4, 4, 0, 6, 0
84148, 4, 2, 2, 0, 4, 0
86064, 2, 1, 1, 0, 2, 0
88246, 0, 1, 0, 1, 0, 0
88247, 0, 1, 0, 1, 0, 0
88248, 0, 1, 0, 1, 0, 0
88249, 0, 1, 0, 1, 0, 0
88250, 0, 1, 0, 1, 0, 0
88251, 0, 1, 0, 1, 0, 0
88252, 0, 1, 0, 1, 0, 0
88253, 0, 1, 0, 1, 0, 0
88254, 0, 1, 0, 1, 0, 0
25378, 0, 3, 2, 1, 0, 0
57799, 1, 4, 4, 0, 1, 0
73446, 0, 2, 2, 0, 0, 0
74522, 1, 1, 1, 0, 1, 0
88856, 2, 1, 1, 0, 2, 0
88857, 2, 2, 2, 0, 2, 0
26462, 0, 6, 5, 1, 0, 0
79052, 0, 1, 1, 0, 0, 0
67099, 1, 2, 2, 0, 1, 0
79248, 0, 1, 1, 0, 0, 0
21436, 1, 3, 3, 0, 1, 0
27700, 3, 4, 4, 0, 3, 0
46172, 0, 2, 1, 1, 0, 0
50939, 3, 3, 2, 1, 3, 0
57584, 2, 5, 4, 1, 2, 0
59526, 1, 2, 2, 0, 1, 0
62804, 2, 2, 2, 0, 2, 0
66832, 4, 5, 4, 1, 4, 0
68280, 0, 2, 2, 0, 0, 0
68845, 5, 3, 3, 0, 5, 0
72707, 1, 3, 3, 0, 1, 0
73746, 1, 2, 1, 1, 1, 0
77003, 4, 3, 3, 0, 4, 0
77183, 0, 1, 1, 0, 0, 0
77184, 0, 1, 1, 0, 0, 0
77187, 0, 1, 1, 0, 0, 0
77188, 0, 1, 1, 0, 0, 0
107331, 0, 2, 2, 0, 0, 0
39126, 0, 1, 1, 0, 0, 0
39128, 0, 2, 0, 2, 0, 0
39131, 0, 1, 0, 1, 0, 0
39134, 0, 1, 0, 1, 0, 0
100117, 0, 1, 0, 1, 0, 0
91504, 0, 2, 2, 0, 0, 0
44940, 0, 1, 0, 1, 0, 0
100415, 1, 1, 1, 0, 1, 0
36526, 3, 2, 2, 0, 3, 0
36854, 0, 4, 2, 2, 0, 0
95893, 1, 1, 1, 0, 1, 0
98857, 1, 1, 1, 0, 1, 0
46597, 3, 4, 4, 0, 3, 0
60679, 0, 2, 2, 0, 0, 0
76783, 1, 1, 1, 0, 1, 0
54112, 4, 3, 3, 0, 4, 0
65055, 2, 5, 5, 0, 2, 0
79014, 1, 1, 1, 0, 1, 0
41545, 3, 3, 2, 1, 3, 0
54806, 5, 3, 3, 0, 4, 1
56388, 1, 5, 2, 3, 1, 0
58274, 1, 6, 6, 0, 1, 0
72681, 0, 2, 2, 0, 0, 0
72965, 1, 5, 5, 0, 1, 0
76030, 0, 3, 3, 0, 0, 0
78854, 1, 5, 5, 0, 1, 0
81529, 0, 3, 3, 0, 0, 0
82194, 2, 2, 2, 0, 2, 0
83454, 1, 2, 2, 0, 1, 0
84115, 6, 1, 1, 0, 3, 3
85669, 1, 1, 1, 0, 1, 0
85755, 1, 1, 1, 0, 1, 0
85760, 1, 2, 2, 0, 1, 0
85773, 1, 2, 2, 0, 1, 0
85786, 1, 1, 1, 0, 0, 1
86258, 7, 4, 4, 0, 7, 0
86680, 2, 3, 3, 0, 2, 0
86960, 2, 3, 3, 0, 2, 0
87347, 26, 3, 2, 1, 16, 10
87404, 4, 2, 2, 0, 4, 0
87405, 1, 1, 1, 0, 1, 0
87408, 5, 1, 1, 0, 5, 0
87409, 0, 1, 1, 0, 0, 0
87410, 0, 1, 1, 0, 0, 0
87411, 0, 1, 1, 0, 0, 0
87412, 0, 1, 1, 0, 0, 0
87413, 0, 1, 1, 0, 0, 0
87414, 0, 1, 1, 0, 0, 0
87415, 0, 1, 1, 0, 0, 0
87416, 0, 1, 1, 0, 0, 0
87417, 1, 1, 1, 0, 1, 0
87418, 0, 1, 1, 0, 0, 0
87419, 1, 3, 3, 0, 1, 0
87420, 0, 1, 1, 0, 0, 0
87421, 1, 2, 2, 0, 1, 0
87422, 2, 1, 1, 0, 2, 0
87423, 0, 1, 1, 0, 0, 0
87424, 0, 1, 1, 0, 0, 0
87425, 0, 1, 1, 0, 0, 0
87426, 0, 1, 1, 0, 0, 0
87427, 0, 1, 1, 0, 0, 0
87428, 0, 1, 1, 0, 0, 0
87429, 0, 1, 1, 0, 0, 0
87430, 0, 1, 1, 0, 0, 0
87432, 0, 1, 1, 0, 0, 0
87433, 0, 1, 1, 0, 0, 0
87434, 0, 1, 1, 0, 0, 0
119381, 0, 1, 1, 0, 0, 0
60509, 1, 1, 1, 0, 1, 0
62763, 11, 10, 10, 0, 11, 0
61802, 1, 6, 6, 0, 1, 0
61803, 5, 6, 6, 0, 5, 0
68213, 5, 11, 11, 0, 5, 0
68215, 0, 1, 1, 0, 0, 0
59973, 1, 3, 3, 0, 1, 0
45758, 1, 5, 4, 1, 1, 0
100468, 0, 1, 0, 1, 0, 0
55552, 1, 2, 2, 0, 1, 0
69268, 2, 2, 2, 0, 2, 0
65791, 2, 4, 4, 0, 2, 0
79686, 0, 1, 1, 0, 0, 0
50246, 2, 4, 4, 0, 2, 0
53750, 0, 3, 3, 0, 0, 0
79337, 0, 1, 1, 0, 0, 0
71802, 1, 1, 1, 0, 1, 0
77854, 7, 1, 1, 0, 7, 0
82978, 7, 1, 1, 0, 7, 0
71813, 6, 6, 6, 0, 6, 0
74694, 0, 3, 3, 0, 0, 0
75633, 0, 1, 1, 0, 0, 0
64757, 4, 6, 6, 0, 1, 3
73544, 3, 5, 5, 0, 3, 0
87269, 3, 4, 4, 0, 3, 0
92063, 1, 1, 1, 0, 1, 0
92119, 0, 2, 2, 0, 0, 0
58650, 7, 9, 9, 0, 7, 0
58651, 2, 7, 7, 0, 2, 0
93152, 0, 1, 1, 0, 0, 0
93153, 0, 1, 1, 0, 0, 0
93154, 0, 1, 0, 1, 0, 0
29685, 0, 3, 2, 1, 0, 0
49406, 1, 3, 3, 0, 1, 0
58422, 4, 9, 9, 0, 4, 0
75182, 3, 7, 7, 0, 3, 0
81557, 2, 2, 2, 0, 2, 0
86974, 1, 2, 2, 0, 1, 0
88367, 10, 3, 3, 0, 10, 0
88520, 1, 3, 3, 0, 1, 0
89634, 2, 4, 4, 0, 2, 0
89727, 1, 1, 1, 0, 1, 0
89912, 1, 1, 1, 0, 1, 0
90046, 0, 1, 1, 0, 0, 0
90047, 0, 2, 2, 0, 0, 0
90048, 0, 3, 3, 0, 0, 0
90131, 0, 1, 1, 0, 0, 0
77363, 1, 4, 4, 0, 1, 0
34175, 0, 1, 1, 0, 0, 0
43944, 11, 5, 5, 0, 10, 1
47108, 1, 1, 1, 0, 1, 0
61395, 2, 1, 1, 0, 2, 0
57945, 5, 4, 4, 0, 5, 0
85971, 0, 1, 1, 0, 0, 0
85972, 0, 1, 1, 0, 0, 0
75372, 0, 1, 1, 0, 0, 0
80338, 0, 1, 1, 0, 0, 0
80339, 0, 1, 1, 0, 0, 0
66792, 3, 3, 3, 0, 3, 0
35672, 15, 2, 2, 0, 12, 3
35673, 7, 2, 0, 2, 5, 2
63439, 1, 1, 1, 0, 1, 0
65426, 2, 1, 1, 0, 2, 0
66710, 1, 2, 2, 0, 1, 0
66918, 0, 2, 2, 0, 0, 0
68567, 0, 2, 2, 0, 0, 0
42085, 2, 4, 3, 1, 2, 0
68682, 24, 11, 11, 0, 24, 0
74474, 0, 3, 3, 0, 0, 0
25468, 1, 1, 1, 0, 1, 0
59254, 1, 2, 2, 0, 1, 0
75021, 1, 1, 1, 0, 1, 0
75181, 0, 2, 2, 0, 0, 0
75859, 0, 1, 1, 0, 0, 0
75860, 0, 2, 2, 0, 0, 0
75861, 0, 1, 1, 0, 0, 0
62423, 0, 2, 2, 0, 0, 0
78245, 0, 1, 1, 0, 0, 0
89523, 0, 1, 1, 0, 0, 0
78318, 1, 1, 1, 0, 1, 0
81413, 6, 4, 4, 0, 6, 0
29699, 0, 2, 1, 1, 0, 0
73560, 7, 5, 5, 0, 7, 0
73561, 0, 1, 0, 1, 0, 0
109579, 1, 1, 1, 0, 1, 0
21245, 2, 0, 0, 0, 2, 0
73370, 0, 1, 1, 0, 0, 0
21247, 1, 0, 0, 0, 1, 0
21248, 4, 2, 2, 0, 4, 0
21253, 1, 0, 0, 0, 1, 0
50020, 0, 2, 0, 2, 0, 0
99220, 0, 1, 0, 1, 0, 0
21307, 3, 3, 3, 0, 2, 1
21321, 1, 5, 5, 0, 1, 0
23180, 1, 1, 1, 0, 1, 0
26652, 5, 3, 3, 0, 5, 0
27612, 4, 4, 4, 0, 4, 0
27858, 3, 4, 4, 0, 3, 0
28927, 4, 1, 1, 0, 2, 2
31382, 1, 1, 1, 0, 1, 0
31947, 4, 7, 7, 0, 4, 0
33554, 1, 2, 2, 0, 1, 0
35818, 1, 4, 4, 0, 0, 1
43553, 4, 1, 1, 0, 4, 0
43694, 7, 3, 3, 0, 7, 0
44838, 1, 2, 2, 0, 1, 0
50466, 1, 4, 4, 0, 1, 0
61741, 3, 3, 3, 0, 3, 0
63656, 4, 2, 2, 0, 4, 0
70598, 0, 3, 3, 0, 0, 0
80800, 29, 1, 1, 0, 5, 24
84028, 1, 5, 5, 0, 1, 0
84151, 1, 2, 2, 0, 0, 1
89755, 1, 1, 1, 0, 1, 0
89858, 1, 1, 1, 0, 1, 0
91489, 2, 1, 1, 0, 1, 1
94592, 1, 2, 2, 0, 1, 0
97307, 0, 5, 5, 0, 0, 0
99986, 4, 2, 2, 0, 3, 1
100474, 3, 1, 1, 0, 3, 0
101249, 1, 1, 1, 0, 1, 0
101716, 2, 2, 1, 1, 2, 0
102566, 4, 9, 9, 0, 3, 1
103300, 9, 2, 2, 0, 8, 1
103388, 5, 1, 1, 0, 5, 0
103711, 15, 2, 2, 0, 14, 1
103769, 0, 1, 1, 0, 0, 0
103770, 0, 1, 1, 0, 0, 0
103776, 0, 1, 1, 0, 0, 0
103777, 0, 1, 1, 0, 0, 0
103778, 0, 1, 1, 0, 0, 0
103784, 0, 1, 1, 0, 0, 0
103787, 3, 2, 2, 0, 3, 0
103791, 1, 1, 1, 0, 1, 0
103865, 0, 1, 1, 0, 0, 0
103866, 2, 1, 1, 0, 2, 0
103872, 0, 1, 1, 0, 0, 0
103875, 2, 1, 1, 0, 2, 0
103880, 0, 1, 1, 0, 0, 0
103881, 0, 2, 1, 1, 0, 0
103883, 0, 1, 1, 0, 0, 0
103884, 0, 2, 2, 0, 0, 0
103889, 0, 3, 3, 0, 0, 0
103894, 0, 1, 1, 0, 0, 0
103900, 0, 1, 1, 0, 0, 0
103905, 3, 1, 1, 0, 3, 0
103906, 0, 1, 1, 0, 0, 0
103909, 0, 1, 1, 0, 0, 0
103961, 2, 1, 1, 0, 2, 0
103966, 0, 1, 1, 0, 0, 0
103967, 0, 1, 1, 0, 0, 0
103969, 0, 1, 1, 0, 0, 0
103970, 0, 1, 1, 0, 0, 0
103971, 0, 1, 1, 0, 0, 0
103974, 0, 1, 1, 0, 0, 0
103975, 0, 1, 1, 0, 0, 0
103976, 0, 1, 1, 0, 0, 0
103977, 4, 1, 1, 0, 3, 1
103978, 0, 1, 1, 0, 0, 0
103979, 0, 1, 1, 0, 0, 0
103980, 1, 2, 2, 0, 1, 0
103981, 1, 1, 1, 0, 1, 0
104138, 0, 2, 2, 0, 0, 0
104139, 2, 1, 1, 0, 1, 1
104229, 4, 1, 1, 0, 4, 0
104240, 0, 1, 1, 0, 0, 0
104242, 0, 2, 2, 0, 0, 0
104243, 2, 1, 1, 0, 2, 0
104244, 0, 1, 1, 0, 0, 0
104245, 0, 2, 1, 1, 0, 0
104247, 0, 1, 1, 0, 0, 0
104257, 0, 1, 1, 0, 0, 0
104259, 0, 1, 1, 0, 0, 0
104263, 0, 2, 1, 1, 0, 0
104264, 0, 1, 1, 0, 0, 0
104265, 0, 1, 1, 0, 0, 0
104268, 0, 1, 1, 0, 0, 0
104270, 1, 1, 1, 0, 1, 0
104271, 2, 3, 3, 0, 2, 0
104409, 5, 1, 1, 0, 5, 0
104411, 3, 1, 1, 0, 3, 0
104429, 2, 4, 3, 1, 2, 0
104437, 0, 1, 1, 0, 0, 0
104438, 0, 1, 1, 0, 0, 0
104440, 0, 1, 1, 0, 0, 0
104442, 1, 2, 2, 0, 0, 1
104446, 0, 1, 1, 0, 0, 0
104448, 0, 1, 1, 0, 0, 0
104449, 1, 3, 3, 0, 1, 0
104450, 0, 1, 1, 0, 0, 0
104451, 0, 1, 1, 0, 0, 0
104455, 0, 1, 1, 0, 0, 0
104456, 0, 1, 1, 0, 0, 0
104458, 1, 1, 1, 0, 1, 0
104459, 4, 4, 4, 0, 4, 0
104461, 0, 1, 1, 0, 0, 0
104462, 14, 7, 7, 0, 14, 0
104463, 0, 1, 1, 0, 0, 0
104464, 0, 1, 1, 0, 0, 0
104467, 0, 1, 1, 0, 0, 0
104468, 2, 2, 2, 0, 1, 1
104469, 2, 1, 1, 0, 2, 0
104470, 3, 2, 2, 0, 3, 0
104472, 0, 5, 3, 2, 0, 0
104474, 1, 2, 1, 1, 1, 0
104475, 0, 1, 1, 0, 0, 0
104476, 0, 1, 1, 0, 0, 0
104479, 4, 1, 1, 0, 3, 1
104481, 0, 1, 1, 0, 0, 0
104482, 1, 1, 1, 0, 1, 0
104483, 4, 1, 1, 0, 4, 0
104484, 0, 1, 1, 0, 0, 0
104486, 1, 1, 1, 0, 1, 0
104487, 0, 1, 1, 0, 0, 0
104489, 2, 3, 3, 0, 1, 1
104490, 9, 6, 6, 0, 9, 0
104491, 0, 1, 1, 0, 0, 0
104492, 0, 1, 1, 0, 0, 0
104493, 2, 2, 2, 0, 2, 0
104494, 0, 1, 1, 0, 0, 0
104496, 0, 2, 2, 0, 0, 0
104497, 0, 1, 1, 0, 0, 0
104498, 0, 2, 2, 0, 0, 0
104500, 3, 1, 1, 0, 3, 0
104501, 0, 1, 1, 0, 0, 0
104502, 0, 1, 1, 0, 0, 0
104506, 0, 2, 2, 0, 0, 0
104508, 0, 1, 1, 0, 0, 0
104514, 1, 1, 1, 0, 1, 0
104558, 0, 1, 1, 0, 0, 0
104563, 1, 2, 1, 1, 1, 0
104564, 0, 1, 1, 0, 0, 0
104565, 0, 2, 2, 0, 0, 0
104566, 0, 1, 1, 0, 0, 0
104568, 0, 1, 1, 0, 0, 0
104569, 3, 1, 1, 0, 3, 0
104570, 0, 1, 1, 0, 0, 0
104571, 10, 4, 4, 0, 10, 0
104632, 7, 5, 5, 0, 7, 0
105048, 2, 1, 1, 0, 2, 0
105227, 0, 1, 1, 0, 0, 0
105228, 2, 2, 2, 0, 2, 0
105231, 0, 1, 1, 0, 0, 0
105232, 2, 1, 1, 0, 1, 1
105256, 0, 1, 1, 0, 0, 0
105257, 0, 1, 1, 0, 0, 0
105258, 4, 1, 1, 0, 4, 0
105260, 0, 1, 1, 0, 0, 0
105531, 4, 1, 1, 0, 4, 0
105544, 0, 1, 1, 0, 0, 0
105552, 3, 2, 2, 0, 3, 0
105553, 0, 1, 1, 0, 0, 0
105557, 0, 1, 1, 0, 0, 0
105558, 0, 1, 1, 0, 0, 0
105560, 0, 1, 1, 0, 0, 0
105561, 0, 1, 1, 0, 0, 0
105563, 0, 1, 1, 0, 0, 0
105567, 0, 1, 1, 0, 0, 0
105570, 0, 1, 1, 0, 0, 0
105571, 1, 1, 1, 0, 1, 0
105572, 0, 1, 1, 0, 0, 0
105573, 1, 1, 1, 0, 1, 0
105575, 0, 1, 1, 0, 0, 0
105576, 0, 1, 1, 0, 0, 0
105579, 0, 1, 1, 0, 0, 0
105580, 0, 1, 1, 0, 0, 0
105582, 0, 1, 1, 0, 0, 0
105583, 0, 1, 1, 0, 0, 0
105585, 0, 1, 1, 0, 0, 0
105587, 0, 1, 1, 0, 0, 0
105590, 0, 1, 1, 0, 0, 0
105591, 1, 1, 1, 0, 1, 0
105592, 0, 1, 1, 0, 0, 0
105593, 0, 1, 1, 0, 0, 0
105594, 0, 2, 1, 1, 0, 0
105595, 0, 1, 1, 0, 0, 0
105597, 0, 1, 1, 0, 0, 0
105942, 14, 3, 3, 0, 14, 0
106127, 3, 1, 1, 0, 2, 1
106183, 1, 1, 1, 0, 1, 0
106195, 0, 2, 2, 0, 0, 0
106196, 0, 1, 1, 0, 0, 0
106197, 0, 1, 1, 0, 0, 0
106198, 0, 1, 1, 0, 0, 0
106199, 0, 2, 2, 0, 0, 0
106200, 0, 1, 1, 0, 0, 0
106201, 1, 1, 1, 0, 1, 0
106202, 0, 1, 1, 0, 0, 0
106203, 0, 1, 1, 0, 0, 0
106204, 0, 1, 1, 0, 0, 0
106205, 0, 1, 1, 0, 0, 0
106207, 0, 1, 1, 0, 0, 0
106208, 0, 1, 1, 0, 0, 0
106209, 0, 1, 1, 0, 0, 0
106223, 0, 1, 1, 0, 0, 0
106224, 0, 1, 1, 0, 0, 0
106225, 0, 1, 1, 0, 0, 0
106227, 0, 1, 1, 0, 0, 0
106239, 1, 1, 1, 0, 1, 0
106240, 0, 2, 2, 0, 0, 0
106241, 0, 2, 2, 0, 0, 0
106242, 1, 3, 3, 0, 1, 0
106291, 0, 1, 1, 0, 0, 0
106292, 0, 3, 3, 0, 0, 0
106293, 1, 1, 1, 0, 1, 0
106422, 1, 1, 1, 0, 1, 0
104485, 0, 2, 2, 0, 0, 0
21257, 3, 0, 0, 0, 3, 0
21260, 7, 5, 5, 0, 7, 0
21261, 6, 7, 7, 0, 6, 0
21262, 6, 7, 7, 0, 6, 0
105964, 6, 6, 6, 0, 6, 0
95358, 5, 8, 8, 0, 5, 0
99482, 2, 4, 2, 2, 2, 0
104027, 1, 3, 2, 1, 1, 0
21265, 1, 0, 0, 0, 1, 0
107290, 0, 1, 1, 0, 0, 0
21269, 1, 0, 0, 0, 1, 0
21273, 1, 0, 0, 0, 1, 0
21275, 2, 1, 1, 0, 1, 1
108384, 0, 1, 0, 1, 0, 0
21278, 11, 0, 0, 0, 11, 0
101657, 0, 1, 0, 1, 0, 0
103638, 0, 1, 0, 1, 0, 0
108755, 10, 3, 2, 1, 10, 0
21280, 1, 0, 0, 0, 1, 0
21281, 3, 1, 1, 0, 2, 1
30672, 5, 4, 3, 1, 4, 1
49567, 1, 1, 0, 1, 1, 0
104891, 2, 1, 0, 1, 2, 0
21285, 2, 0, 0, 0, 2, 0
94500, 1, 1, 1, 0, 1, 0
96219, 2, 3, 3, 0, 2, 0
105319, 0, 1, 1, 0, 0, 0
21290, 1, 0, 0, 0, 1, 0
97582, 6, 4, 4, 0, 6, 0
103921, 2, 2, 2, 0, 2, 0
21294, 1, 0, 0, 0, 1, 0
21295, 1, 1, 1, 0, 1, 0
65747, 0, 2, 2, 0, 0, 0
83522, 1, 1, 1, 0, 1, 0
86002, 1, 2, 2, 0, 1, 0
86231, 0, 1, 0, 1, 0, 0
40580, 1, 1, 1, 0, 1, 0
96598, 1, 1, 1, 0, 1, 0
101347, 0, 1, 1, 0, 0, 0
105248, 0, 1, 1, 0, 0, 0
105365, 0, 1, 1, 0, 0, 0
105385, 0, 2, 2, 0, 0, 0
105387, 3, 6, 6, 0, 3, 0
105406, 1, 2, 2, 0, 1, 0
106034, 0, 1, 1, 0, 0, 0
106898, 3, 1, 1, 0, 3, 0
107499, 1, 4, 4, 0, 1, 0
108130, 0, 1, 1, 0, 0, 0
108451, 0, 1, 1, 0, 0, 0
108467, 0, 1, 1, 0, 0, 0
108484, 0, 1, 1, 0, 0, 0
21301, 0, 3, 3, 0, 0, 0
104924, 17, 1, 1, 0, 17, 0
21302, 3, 0, 0, 0, 3, 0
44088, 0, 3, 3, 0, 0, 0
21304, 3, 2, 2, 0, 3, 0
21305, 3, 0, 0, 0, 3, 0
24596, 3, 5, 5, 0, 3, 0
21308, 1, 1, 0, 1, 1, 0
124178, 0, 1, 0, 1, 0, 0
102909, 2, 1, 1, 0, 1, 1
96517, 1, 1, 0, 1, 1, 0
98512, 1, 3, 2, 1, 1, 0
111343, 0, 1, 0, 1, 0, 0
21315, 1, 0, 0, 0, 1, 0
21318, 1, 0, 0, 0, 1, 0
21320, 1, 0, 0, 0, 1, 0
21322, 2, 1, 0, 1, 2, 0
21325, 4, 3, 3, 0, 4, 0
40896, 3, 2, 1, 1, 3, 0
21326, 1, 0, 0, 0, 1, 0
21328, 1, 0, 0, 0, 1, 0
21329, 1, 1, 1, 0, 1, 0
79492, 2, 2, 2, 0, 2, 0
21331, 1, 0, 0, 0, 0, 1
21333, 2, 1, 1, 0, 2, 0
21334, 1, 0, 0, 0, 1, 0
21336, 2, 0, 0, 0, 2, 0
21339, 1, 0, 0, 0, 0, 1
21341, 1, 0, 0, 0, 1, 0
21343, 5, 0, 0, 0, 1, 4
21345, 0, 1, 0, 1, 0, 0
21346, 0, 1, 1, 0, 0, 0
21347, 0, 1, 0, 1, 0, 0
21348, 0, 3, 2, 1, 0, 0
21350, 1, 0, 0, 0, 1, 0
21351, 1, 1, 1, 0, 1, 0
21352, 9, 6, 4, 2, 9, 0
21353, 1, 0, 0, 0, 1, 0
21354, 0, 1, 1, 0, 0, 0
21355, 1, 0, 0, 0, 1, 0
24053, 1, 1, 1, 0, 1, 0
43772, 4, 4, 4, 0, 4, 0
49449, 7, 3, 3, 0, 7, 0
21357, 1, 0, 0, 0, 1, 0
21358, 4, 0, 0, 0, 4, 0
21359, 4, 9, 9, 0, 4, 0
21360, 3, 5, 5, 0, 3, 0
21361, 5, 6, 6, 0, 4, 1
21362, 1, 3, 3, 0, 1, 0
53758, 0, 1, 1, 0, 0, 0
58237, 1, 2, 2, 0, 1, 0
21366, 2, 0, 0, 0, 2, 0
21367, 0, 1, 1, 0, 0, 0
21368, 0, 1, 1, 0, 0, 0
21369, 1, 0, 0, 0, 1, 0
21371, 2, 0, 0, 0, 2, 0
21373, 1, 0, 0, 0, 0, 1
21374, 1, 0, 0, 0, 0, 1
21375, 1, 0, 0, 0, 0, 1
21376, 1, 0, 0, 0, 0, 1
66440, 0, 1, 1, 0, 0, 0
21453, 3, 4, 3, 1, 3, 0
25951, 2, 4, 3, 1, 2, 0
25952, 2, 6, 6, 0, 1, 1
112385, 3, 2, 2, 0, 3, 0
21382, 1, 0, 0, 0, 1, 0
21383, 1, 0, 0, 0, 1, 0
21384, 3, 0, 0, 0, 3, 0
67915, 0, 1, 1, 0, 0, 0
63748, 1, 2, 2, 0, 1, 0
66529, 17, 12, 12, 0, 17, 0
66530, 15, 12, 12, 0, 15, 0
66531, 14, 11, 11, 0, 14, 0
66532, 11, 9, 9, 0, 11, 0
66843, 7, 6, 6, 0, 7, 0
73088, 0, 1, 1, 0, 0, 0
69191, 24, 7, 7, 0, 24, 0
70184, 9, 6, 6, 0, 9, 0
76550, 0, 1, 1, 0, 0, 0
76551, 0, 1, 1, 0, 0, 0
25922, 0, 1, 1, 0, 0, 0
42894, 1, 1, 1, 0, 1, 0
63594, 0, 1, 0, 1, 0, 0
63595, 0, 1, 0, 1, 0, 0
22668, 5, 3, 3, 0, 3, 2
32541, 1, 1, 1, 0, 1, 0
47177, 2, 2, 2, 0, 2, 0
48474, 0, 1, 0, 1, 0, 0
41833, 1, 1, 1, 0, 1, 0
23111, 3, 1, 1, 0, 1, 2
41250, 0, 1, 1, 0, 0, 0
105688, 0, 1, 0, 1, 0, 0
107978, 0, 1, 0, 1, 0, 0
78741, 0, 3, 3, 0, 0, 0
37699, 1, 2, 2, 0, 1, 0
49771, 10, 9, 8, 1, 10, 0
78759, 0, 1, 1, 0, 0, 0
36118, 0, 2, 0, 2, 0, 0
21425, 2, 0, 0, 0, 2, 0
21427, 2, 0, 0, 0, 2, 0
21428, 1, 2, 2, 0, 1, 0
21429, 6, 6, 4, 2, 6, 0
59690, 3, 1, 1, 0, 3, 0
53134, 2, 2, 1, 1, 2, 0
21430, 1, 0, 0, 0, 0, 1
21431, 0, 1, 0, 1, 0, 0
21432, 1, 0, 0, 0, 1, 0
21434, 1, 0, 0, 0, 1, 0
21435, 2, 0, 0, 0, 2, 0
21437, 1, 0, 0, 0, 1, 0
21439, 2, 0, 0, 0, 2, 0
21440, 1, 6, 6, 0, 1, 0
21441, 1, 0, 0, 0, 0, 1
21442, 1, 0, 0, 0, 1, 0
82789, 0, 1, 1, 0, 0, 0
29426, 12, 10, 10, 0, 12, 0
52634, 9, 8, 7, 1, 6, 3
73199, 6, 5, 5, 0, 6, 0
73281, 2, 4, 4, 0, 2, 0
21450, 1, 0, 0, 0, 1, 0
21451, 1, 3, 3, 0, 1, 0
24121, 1, 1, 1, 0, 1, 0
21454, 1, 1, 1, 0, 1, 0
21456, 1, 0, 0, 0, 0, 1
21458, 1, 0, 0, 0, 1, 0
68536, 1, 1, 1, 0, 1, 0
68842, 3, 2, 2, 0, 3, 0
71519, 1, 3, 3, 0, 1, 0
71895, 0, 2, 2, 0, 0, 0
74321, 0, 1, 1, 0, 0, 0
74322, 0, 1, 1, 0, 0, 0
74323, 0, 1, 1, 0, 0, 0
24400, 5, 2, 2, 0, 5, 0
26430, 3, 1, 1, 0, 3, 0
28668, 0, 1, 1, 0, 0, 0
21462, 1, 0, 0, 0, 1, 0
46853, 4, 4, 4, 0, 2, 2
69717, 2, 1, 0, 1, 2, 0
71208, 3, 4, 4, 0, 3, 0
71209, 0, 2, 0, 2, 0, 0
102090, 0, 4, 0, 4, 0, 0
21464, 1, 0, 0, 0, 1, 0
21465, 2, 0, 0, 0, 0, 2
21466, 0, 2, 1, 1, 0, 0
21467, 1, 0, 0, 0, 0, 1
21469, 1, 0, 0, 0, 1, 0
21470, 4, 0, 0, 0, 4, 0
21471, 1, 0, 0, 0, 1, 0
21472, 2, 0, 0, 0, 2, 0
21473, 1, 0, 0, 0, 1, 0
21474, 0, 1, 1, 0, 0, 0
21475, 1, 0, 0, 0, 1, 0
21477, 1, 0, 0, 0, 1, 0
51364, 2, 2, 2, 0, 2, 0
39484, 7, 2, 2, 0, 7, 0
69204, 1, 2, 2, 0, 1, 0
21482, 1, 0, 0, 0, 1, 0
21483, 0, 1, 1, 0, 0, 0
21486, 1, 0, 0, 0, 0, 1
32015, 1, 1, 1, 0, 1, 0
55468, 0, 1, 1, 0, 0, 0
21496, 1, 0, 0, 0, 1, 0
21497, 1, 0, 0, 0, 1, 0
21500, 1, 0, 0, 0, 0, 1
21501, 1, 0, 0, 0, 1, 0
21502, 1, 3, 3, 0, 1, 0
21503, 2, 0, 0, 0, 1, 1
21504, 1, 0, 0, 0, 1, 0
21506, 1, 0, 0, 0, 1, 0
28328, 2, 1, 1, 0, 2, 0
21511, 2, 0, 0, 0, 2, 0
21513, 1, 0, 0, 0, 1, 0
21514, 1, 1, 1, 0, 1, 0
21515, 1, 1, 1, 0, 1, 0
21516, 1, 0, 0, 0, 1, 0
21518, 1, 1, 1, 0, 1, 0
21519, 1, 0, 0, 0, 1, 0
21520, 1, 0, 0, 0, 1, 0
21522, 1, 0, 0, 0, 1, 0
21523, 2, 0, 0, 0, 1, 1
21524, 3, 0, 0, 0, 3, 0
21525, 5, 0, 0, 0, 1, 4
21527, 0, 1, 0, 1, 0, 0
21529, 3, 0, 0, 0, 3, 0
21530, 1, 0, 0, 0, 0, 1
21532, 1, 0, 0, 0, 1, 0
21533, 1, 0, 0, 0, 0, 1
21534, 0, 2, 0, 2, 0, 0
21535, 2, 0, 0, 0, 1, 1
21536, 1, 1, 0, 1, 0, 1
52378, 0, 1, 1, 0, 0, 0
52380, 1, 1, 0, 1, 0, 1
52381, 0, 1, 1, 0, 0, 0
21539, 1, 1, 1, 0, 1, 0
26511, 1, 1, 1, 0, 1, 0
21541, 1, 0, 0, 0, 1, 0
21542, 0, 1, 1, 0, 0, 0
21543, 1, 0, 0, 0, 1, 0
21544, 1, 0, 0, 0, 1, 0
21545, 1, 0, 0, 0, 1, 0
21546, 4, 5, 4, 1, 4, 0
21547, 0, 3, 3, 0, 0, 0
21548, 0, 2, 2, 0, 0, 0
97111, 1, 1, 1, 0, 1, 0
21549, 1, 0, 0, 0, 1, 0
21550, 1, 0, 0, 0, 1, 0
21551, 1, 0, 0, 0, 1, 0
21552, 1, 1, 1, 0, 1, 0
21553, 2, 1, 1, 0, 2, 0
21554, 1, 0, 0, 0, 1, 0
21555, 1, 0, 0, 0, 1, 0
21556, 1, 0, 0, 0, 1, 0
21557, 1, 4, 2, 2, 0, 1
49732, 6, 2, 1, 1, 4, 2
21560, 1, 0, 0, 0, 1, 0
21561, 1, 0, 0, 0, 1, 0
21563, 1, 0, 0, 0, 1, 0
21564, 1, 1, 1, 0, 1, 0
21565, 1, 1, 1, 0, 1, 0
21566, 1, 0, 0, 0, 0, 1
21567, 1, 2, 1, 1, 1, 0
21575, 3, 2, 2, 0, 3, 0
21568, 1, 0, 0, 0, 1, 0
21569, 0, 2, 2, 0, 0, 0
37234, 4, 5, 5, 0, 4, 0
41741, 21, 3, 3, 0, 21, 0
42279, 1, 1, 1, 0, 1, 0
42661, 4, 2, 2, 0, 4, 0
58506, 3, 1, 1, 0, 3, 0
60404, 1, 3, 3, 0, 1, 0
66067, 1, 1, 1, 0, 1, 0
77391, 1, 1, 1, 0, 1, 0
77395, 5, 4, 4, 0, 4, 1
82188, 0, 1, 1, 0, 0, 0
82189, 1, 1, 1, 0, 0, 1
82190, 0, 1, 1, 0, 0, 0
82191, 0, 1, 1, 0, 0, 0
82193, 0, 1, 1, 0, 0, 0
21573, 1, 1, 1, 0, 1, 0
21574, 4, 0, 0, 0, 4, 0
21576, 1, 0, 0, 0, 1, 0
21577, 1, 0, 0, 0, 1, 0
21578, 1, 0, 0, 0, 1, 0
97707, 0, 1, 1, 0, 0, 0
21580, 1, 0, 0, 0, 1, 0
21581, 1, 0, 0, 0, 1, 0
21582, 2, 1, 1, 0, 2, 0
21583, 1, 1, 1, 0, 1, 0
21584, 2, 0, 0, 0, 0, 2
21586, 1, 0, 0, 0, 1, 0
21587, 1, 1, 1, 0, 1, 0
21980, 0, 3, 3, 0, 0, 0
25212, 0, 2, 2, 0, 0, 0
21591, 1, 0, 0, 0, 1, 0
44377, 0, 3, 2, 1, 0, 0
21593, 1, 0, 0, 0, 1, 0
21595, 1, 0, 0, 0, 1, 0
26029, 1, 1, 1, 0, 1, 0
28339, 0, 1, 1, 0, 0, 0
21600, 1, 0, 0, 0, 1, 0
21601, 0, 1, 1, 0, 0, 0
21602, 1, 0, 0, 0, 1, 0
93760, 2, 3, 2, 1, 2, 0
21606, 1, 2, 2, 0, 1, 0
21607, 1, 0, 0, 0, 1, 0
121024, 1, 1, 1, 0, 1, 0
55471, 4, 1, 1, 0, 4, 0
21614, 0, 1, 1, 0, 0, 0
21615, 1, 0, 0, 0, 0, 1
50248, 0, 2, 0, 2, 0, 0
56303, 0, 1, 0, 1, 0, 0
56305, 0, 1, 0, 1, 0, 0
90040, 0, 1, 0, 1, 0, 0
37743, 0, 2, 2, 0, 0, 0
43091, 2, 2, 2, 0, 2, 0
61632, 1, 1, 0, 1, 1, 0
64385, 1, 2, 2, 0, 1, 0
50316, 0, 2, 2, 0, 0, 0
59175, 0, 1, 1, 0, 0, 0
65429, 2, 3, 1, 2, 2, 0
73821, 5, 2, 2, 0, 3, 2
39269, 10, 7, 7, 0, 10, 0
46147, 0, 2, 2, 0, 0, 0
65231, 4, 2, 2, 0, 4, 0
79681, 0, 2, 2, 0, 0, 0
82851, 0, 1, 1, 0, 0, 0
82854, 2, 3, 2, 1, 2, 0
27545, 0, 2, 1, 1, 0, 0
43402, 0, 4, 0, 4, 0, 0
28888, 5, 3, 3, 0, 5, 0
32362, 2, 3, 3, 0, 1, 1
42146, 3, 3, 2, 1, 2, 1
54232, 0, 3, 3, 0, 0, 0
63598, 2, 1, 1, 0, 1, 1
63867, 13, 10, 10, 0, 13, 0
66253, 3, 9, 7, 2, 3, 0
73894, 4, 2, 2, 0, 4, 0
78690, 1, 3, 3, 0, 1, 0
78722, 1, 1, 1, 0, 1, 0
78982, 2, 1, 1, 0, 2, 0
82991, 0, 3, 3, 0, 0, 0
84846, 3, 2, 2, 0, 2, 1
85007, 0, 1, 1, 0, 0, 0
85008, 0, 1, 1, 0, 0, 0
85009, 0, 5, 5, 0, 0, 0
85010, 0, 1, 1, 0, 0, 0
85012, 0, 1, 1, 0, 0, 0
85013, 0, 2, 2, 0, 0, 0
85014, 0, 2, 2, 0, 0, 0
85015, 1, 2, 2, 0, 1, 0
85016, 0, 1, 1, 0, 0, 0
85017, 0, 1, 1, 0, 0, 0
85018, 0, 1, 1, 0, 0, 0
85019, 0, 1, 1, 0, 0, 0
85020, 0, 1, 1, 0, 0, 0
85022, 0, 1, 1, 0, 0, 0
85024, 0, 1, 1, 0, 0, 0
113481, 0, 1, 1, 0, 0, 0
52546, 0, 4, 4, 0, 0, 0
52547, 3, 2, 2, 0, 3, 0
29659, 1, 3, 3, 0, 1, 0
37345, 3, 1, 1, 0, 3, 0
21645, 2, 0, 0, 0, 2, 0
21646, 1, 0, 0, 0, 1, 0
21649, 2, 1, 0, 1, 2, 0
76776, 1, 1, 0, 1, 1, 0
21651, 1, 0, 0, 0, 1, 0
21653, 1, 0, 0, 0, 1, 0
43445, 1, 1, 1, 0, 1, 0
47994, 2, 2, 2, 0, 2, 0
69946, 0, 2, 2, 0, 0, 0
69947, 0, 1, 1, 0, 0, 0
69948, 0, 1, 1, 0, 0, 0
69949, 0, 1, 1, 0, 0, 0
69950, 0, 1, 1, 0, 0, 0
69951, 0, 1, 1, 0, 0, 0
69952, 0, 1, 1, 0, 0, 0
88327, 4, 1, 1, 0, 4, 0
88378, 0, 1, 1, 0, 0, 0
74843, 0, 1, 1, 0, 0, 0
74844, 0, 1, 1, 0, 0, 0
36359, 2, 4, 4, 0, 2, 0
41451, 4, 3, 2, 1, 4, 0
68194, 0, 1, 1, 0, 0, 0
68195, 1, 1, 1, 0, 1, 0
68196, 2, 2, 2, 0, 2, 0
68199, 0, 1, 1, 0, 0, 0
68200, 0, 3, 2, 1, 0, 0
68201, 0, 1, 1, 0, 0, 0
21666, 1, 0, 0, 0, 1, 0
21667, 1, 0, 0, 0, 0, 1
21668, 1, 0, 0, 0, 1, 0
21669, 1, 0, 0, 0, 1, 0
75030, 0, 1, 0, 1, 0, 0
94693, 0, 1, 0, 1, 0, 0
97995, 0, 1, 0, 1, 0, 0
21672, 2, 0, 0, 0, 1, 1
21673, 1, 1, 1, 0, 0, 1
21676, 1, 0, 0, 0, 1, 0
21677, 1, 0, 0, 0, 0, 1
21678, 1, 1, 1, 0, 1, 0
21680, 2, 0, 0, 0, 1, 1
21681, 5, 3, 3, 0, 5, 0
21684, 2, 0, 0, 0, 1, 1
21685, 1, 0, 0, 0, 1, 0
88587, 0, 1, 0, 1, 0, 0
88588, 0, 1, 0, 1, 0, 0
21688, 1, 1, 1, 0, 1, 0
21689, 6, 0, 0, 0, 6, 0
21690, 3, 2, 2, 0, 3, 0
21691, 1, 0, 0, 0, 1, 0
21692, 2, 3, 3, 0, 2, 0
33365, 1, 1, 1, 0, 1, 0
21693, 1, 0, 0, 0, 1, 0
21694, 1, 0, 0, 0, 1, 0
21695, 2, 2, 2, 0, 2, 0
21696, 1, 0, 0, 0, 1, 0
21697, 3, 2, 2, 0, 3, 0
21698, 1, 0, 0, 0, 1, 0
21699, 1, 0, 0, 0, 0, 1
21701, 1, 0, 0, 0, 1, 0
21703, 1, 0, 0, 0, 1, 0
32415, 9, 2, 2, 0, 9, 0
39516, 3, 3, 3, 0, 3, 0
51981, 9, 2, 2, 0, 9, 0
53515, 0, 4, 0, 4, 0, 0
57707, 1, 2, 2, 0, 1, 0
57711, 0, 1, 0, 1, 0, 0
130345, 1, 1, 0, 1, 0, 1
21749, 1, 0, 0, 0, 1, 0
56485, 2, 1, 1, 0, 2, 0
78480, 2, 2, 2, 0, 2, 0
21751, 1, 0, 0, 0, 1, 0
21752, 1, 0, 0, 0, 0, 1
86096, 1, 2, 2, 0, 1, 0
89619, 2, 1, 1, 0, 1, 1
91601, 1, 1, 1, 0, 1, 0
91683, 1, 1, 1, 0, 1, 0
92669, 0, 1, 1, 0, 0, 0
92670, 0, 1, 1, 0, 0, 0
92671, 0, 1, 1, 0, 0, 0
92672, 0, 1, 1, 0, 0, 0
21754, 5, 0, 0, 0, 5, 0
21755, 1, 0, 0, 0, 1, 0
21760, 1, 0, 0, 0, 0, 1
21761, 1, 1, 0, 1, 1, 0
21764, 1, 1, 0, 1, 1, 0
21768, 1, 0, 0, 0, 1, 0
21769, 2, 0, 0, 0, 2, 0
21770, 0, 1, 1, 0, 0, 0
21771, 6, 0, 0, 0, 6, 0
21772, 0, 1, 1, 0, 0, 0
111666, 0, 1, 1, 0, 0, 0
21773, 1, 0, 0, 0, 0, 1
21775, 1, 0, 0, 0, 1, 0
21776, 15, 0, 0, 0, 15, 0
21777, 1, 0, 0, 0, 1, 0
21780, 1, 0, 0, 0, 1, 0
21781, 1, 0, 0, 0, 1, 0
21782, 1, 0, 0, 0, 1, 0
22691, 1, 1, 1, 0, 1, 0
21784, 1, 0, 0, 0, 1, 0
21785, 0, 2, 2, 0, 0, 0
21788, 0, 1, 1, 0, 0, 0
106914, 1, 1, 1, 0, 1, 0
21790, 1, 1, 1, 0, 1, 0
21792, 1, 0, 0, 0, 1, 0
21793, 0, 1, 1, 0, 0, 0
21794, 1, 0, 0, 0, 1, 0
21795, 1, 0, 0, 0, 1, 0
61678, 3, 3, 3, 0, 3, 0
21797, 1, 0, 0, 0, 1, 0
21799, 2, 1, 1, 0, 2, 0
21800, 0, 1, 1, 0, 0, 0
21801, 1, 1, 1, 0, 1, 0
21803, 1, 0, 0, 0, 1, 0
21804, 5, 2, 2, 0, 5, 0
23209, 4, 6, 5, 1, 4, 0
30353, 6, 3, 3, 0, 6, 0
26213, 1, 6, 6, 0, 0, 1
32974, 4, 4, 4, 0, 4, 0
43651, 1, 4, 4, 0, 1, 0
51546, 3, 2, 2, 0, 3, 0
59893, 3, 3, 2, 1, 3, 0
70102, 3, 1, 1, 0, 3, 0
21807, 1, 0, 0, 0, 0, 1
21808, 0, 2, 1, 1, 0, 0
21809, 1, 0, 0, 0, 1, 0
21810, 1, 0, 0, 0, 1, 0
21811, 3, 0, 0, 0, 1, 2
55562, 3, 8, 8, 0, 3, 0
68653, 3, 8, 8, 0, 3, 0
75138, 0, 1, 1, 0, 0, 0
34447, 2, 5, 5, 0, 1, 1
21821, 5, 1, 1, 0, 4, 1
22191, 1, 1, 1, 0, 0, 1
21822, 1, 0, 0, 0, 1, 0
21823, 0, 1, 1, 0, 0, 0
21824, 1, 0, 0, 0, 1, 0
21825, 1, 0, 0, 0, 1, 0
21826, 1, 0, 0, 0, 1, 0
21827, 2, 2, 2, 0, 1, 1
21828, 2, 0, 0, 0, 0, 2
21834, 1, 0, 0, 0, 0, 1
21835, 1, 1, 1, 0, 1, 0
21837, 1, 0, 0, 0, 1, 0
21838, 0, 1, 1, 0, 0, 0
21839, 1, 0, 0, 0, 1, 0
50002, 1, 1, 1, 0, 1, 0
50003, 0, 1, 1, 0, 0, 0
50006, 2, 2, 2, 0, 2, 0
21842, 0, 1, 1, 0, 0, 0
21844, 1, 0, 0, 0, 1, 0
21845, 1, 0, 0, 0, 1, 0
38775, 9, 9, 9, 0, 9, 0
60160, 0, 1, 1, 0, 0, 0
60161, 6, 7, 7, 0, 6, 0
21849, 3, 0, 0, 0, 3, 0
95771, 0, 1, 1, 0, 0, 0
21851, 1, 0, 0, 0, 1, 0
21854, 1, 2, 2, 0, 1, 0
21857, 1, 2, 2, 0, 1, 0
83523, 1, 1, 1, 0, 1, 0
83617, 0, 1, 1, 0, 0, 0
98142, 4, 3, 3, 0, 4, 0
21860, 1, 0, 0, 0, 1, 0
27529, 4, 1, 1, 0, 4, 0
42622, 1, 2, 2, 0, 1, 0
59680, 1, 3, 3, 0, 1, 0
64555, 2, 2, 2, 0, 2, 0
21864, 1, 0, 0, 0, 1, 0
21865, 1, 0, 0, 0, 0, 1
21866, 1, 0, 0, 0, 0, 1
21867, 1, 0, 0, 0, 1, 0
21868, 0, 1, 1, 0, 0, 0
21870, 1, 0, 0, 0, 1, 0
21871, 1, 0, 0, 0, 1, 0
21874, 1, 0, 0, 0, 0, 1
21875, 1, 0, 0, 0, 1, 0
22258, 3, 6, 5, 1, 3, 0
22262, 0, 1, 1, 0, 0, 0
21879, 1, 0, 0, 0, 0, 1
83362, 3, 2, 1, 1, 3, 0
83363, 0, 1, 0, 1, 0, 0
109136, 0, 1, 1, 0, 0, 0
21950, 0, 2, 2, 0, 0, 0
21955, 0, 1, 1, 0, 0, 0
21957, 0, 1, 1, 0, 0, 0
21962, 0, 3, 3, 0, 0, 0
101342, 1, 1, 1, 0, 0, 1
110292, 0, 2, 1, 1, 0, 0
120899, 0, 1, 0, 1, 0, 0
23193, 1, 1, 1, 0, 1, 0
68852, 6, 9, 9, 0, 6, 0
21887, 1, 0, 0, 0, 1, 0
21889, 1, 0, 0, 0, 1, 0
21890, 0, 1, 1, 0, 0, 0
37601, 2, 2, 2, 0, 2, 0
43704, 1, 1, 1, 0, 1, 0
61351, 1, 3, 2, 1, 1, 0
75632, 0, 1, 1, 0, 0, 0
30408, 1, 2, 1, 1, 1, 0
101311, 4, 1, 1, 0, 4, 0
106186, 0, 1, 1, 0, 0, 0
102998, 4, 4, 4, 0, 4, 0
74655, 1, 2, 2, 0, 1, 0
77777, 0, 1, 1, 0, 0, 0
77778, 0, 1, 1, 0, 0, 0
77779, 0, 1, 0, 1, 0, 0
33504, 2, 3, 2, 1, 2, 0
33505, 0, 1, 1, 0, 0, 0
94076, 0, 1, 1, 0, 0, 0
21908, 3, 0, 0, 0, 3, 0
21909, 0, 2, 2, 0, 0, 0
21912, 0, 1, 1, 0, 0, 0
21913, 1, 0, 0, 0, 0, 1
21914, 0, 1, 0, 1, 0, 0
21915, 1, 0, 0, 0, 0, 1
21916, 1, 0, 0, 0, 1, 0
63465, 0, 1, 1, 0, 0, 0
21918, 1, 0, 0, 0, 0, 1
21919, 1, 0, 0, 0, 1, 0
21920, 7, 3, 3, 0, 7, 0
21921, 1, 0, 0, 0, 0, 1
21922, 1, 0, 0, 0, 1, 0
49674, 6, 7, 6, 1, 5, 1
85931, 0, 1, 1, 0, 0, 0
21924, 1, 0, 0, 0, 1, 0
21925, 6, 0, 0, 0, 6, 0
21926, 1, 0, 0, 0, 1, 0
21927, 1, 1, 1, 0, 1, 0
25645, 1, 2, 2, 0, 1, 0
25725, 0, 1, 1, 0, 0, 0
21931, 1, 0, 0, 0, 1, 0
21932, 1, 0, 0, 0, 0, 1
21933, 0, 1, 0, 1, 0, 0
21934, 1, 0, 0, 0, 1, 0
21936, 1, 0, 0, 0, 0, 1
21937, 0, 1, 0, 1, 0, 0
21938, 1, 0, 0, 0, 0, 1
21939, 1, 0, 0, 0, 1, 0
21943, 2, 0, 0, 0, 2, 0
21945, 1, 0, 0, 0, 1, 0
21946, 4, 1, 1, 0, 4, 0
21947, 1, 0, 0, 0, 1, 0
21948, 2, 0, 0, 0, 2, 0
21949, 1, 0, 0, 0, 1, 0
92116, 0, 1, 1, 0, 0, 0
60244, 5, 1, 1, 0, 3, 2
48497, 1, 2, 2, 0, 1, 0
51186, 0, 1, 1, 0, 0, 0
99136, 0, 1, 1, 0, 0, 0
39072, 3, 1, 1, 0, 3, 0
22803, 1, 2, 1, 1, 1, 0
21963, 2, 0, 0, 0, 2, 0
21970, 8, 9, 9, 0, 8, 0
21971, 1, 1, 1, 0, 1, 0
46346, 4, 3, 3, 0, 4, 0
52019, 0, 3, 3, 0, 0, 0
88423, 1, 2, 2, 0, 1, 0
92952, 0, 1, 1, 0, 0, 0
86545, 1, 1, 1, 0, 1, 0
91826, 0, 1, 1, 0, 0, 0
26524, 0, 3, 3, 0, 0, 0
41081, 8, 8, 8, 0, 8, 0
41089, 0, 3, 3, 0, 0, 0
68353, 2, 3, 3, 0, 1, 1
75921, 0, 1, 1, 0, 0, 0
37500, 1, 3, 2, 1, 1, 0
62370, 5, 9, 9, 0, 5, 0
21973, 1, 0, 0, 0, 1, 0
21974, 1, 1, 1, 0, 1, 0
94448, 1, 1, 1, 0, 1, 0
121907, 1, 1, 1, 0, 1, 0
21979, 2, 0, 0, 0, 2, 0
21982, 2, 0, 0, 0, 1, 1
21984, 1, 0, 0, 0, 1, 0
21986, 1, 0, 0, 0, 1, 0
21987, 1, 0, 0, 0, 1, 0
21988, 1, 0, 0, 0, 1, 0
21989, 1, 5, 5, 0, 1, 0
80769, 0, 2, 2, 0, 0, 0
23248, 6, 2, 2, 0, 6, 0
21995, 1, 0, 0, 0, 1, 0
21996, 1, 0, 0, 0, 1, 0
21997, 2, 0, 0, 0, 2, 0
25189, 1, 1, 1, 0, 1, 0
37156, 7, 8, 6, 2, 3, 4
22001, 1, 0, 0, 0, 1, 0
22002, 1, 1, 1, 0, 1, 0
41481, 0, 3, 3, 0, 0, 0
71578, 6, 3, 3, 0, 5, 1
50203, 1, 1, 1, 0, 1, 0
22006, 1, 0, 0, 0, 1, 0
22007, 7, 1, 1, 0, 6, 1
22009, 1, 0, 0, 0, 1, 0
84240, 39, 2, 2, 0, 39, 0
84241, 0, 1, 1, 0, 0, 0
101458, 11, 5, 5, 0, 11, 0
22011, 1, 0, 0, 0, 1, 0
56903, 0, 3, 3, 0, 0, 0
99687, 4, 1, 1, 0, 4, 0
112205, 0, 1, 0, 1, 0, 0
112211, 0, 2, 2, 0, 0, 0
22031, 1, 0, 0, 0, 1, 0
22032, 0, 1, 1, 0, 0, 0
22033, 3, 0, 0, 0, 3, 0
22035, 1, 0, 0, 0, 1, 0
59732, 10, 7, 7, 0, 8, 2
73614, 7, 3, 3, 0, 7, 0
22037, 2, 0, 0, 0, 1, 1
22038, 1, 0, 0, 0, 1, 0
22039, 9, 7, 7, 0, 8, 1
60154, 2, 2, 2, 0, 2, 0
22040, 1, 0, 0, 0, 1, 0
22041, 1, 0, 0, 0, 1, 0
22042, 2, 0, 0, 0, 1, 1
22043, 0, 1, 1, 0, 0, 0
30313, 2, 5, 5, 0, 2, 0
63629, 12, 12, 12, 0, 12, 0
76501, 0, 5, 5, 0, 0, 0
77474, 0, 2, 2, 0, 0, 0
77475, 0, 2, 1, 1, 0, 0
22045, 2, 0, 0, 0, 2, 0
86269, 6, 7, 7, 0, 6, 0
22047, 1, 0, 0, 0, 0, 1
27374, 1, 1, 1, 0, 1, 0
87185, 1, 1, 1, 0, 0, 1
50077, 0, 2, 2, 0, 0, 0
28591, 2, 3, 2, 1, 2, 0
31573, 1, 1, 1, 0, 1, 0
50484, 0, 2, 1, 1, 0, 0
56401, 1, 2, 0, 2, 0, 1
59043, 0, 1, 0, 1, 0, 0
59044, 0, 1, 0, 1, 0, 0
59047, 0, 2, 1, 1, 0, 0
36830, 10, 9, 9, 0, 9, 1
51330, 0, 2, 0, 2, 0, 0
80933, 1, 1, 1, 0, 1, 0
50315, 0, 5, 4, 1, 0, 0
22062, 2, 0, 0, 0, 2, 0
86166, 0, 1, 1, 0, 0, 0
22064, 1, 0, 0, 0, 1, 0
22067, 1, 0, 0, 0, 1, 0
116003, 0, 1, 0, 1, 0, 0
41568, 1, 1, 1, 0, 1, 0
69178, 2, 5, 5, 0, 2, 0
69179, 3, 3, 3, 0, 3, 0
75270, 1, 1, 1, 0, 1, 0
75290, 1, 1, 1, 0, 1, 0
75512, 1, 2, 2, 0, 1, 0
76833, 0, 1, 1, 0, 0, 0
73318, 4, 2, 2, 0, 4, 0
40883, 1, 3, 3, 0, 1, 0
59827, 2, 2, 2, 0, 2, 0
71670, 4, 4, 4, 0, 3, 1
82462, 2, 1, 1, 0, 2, 0
92497, 0, 1, 1, 0, 0, 0
92498, 0, 1, 1, 0, 0, 0
92499, 0, 1, 1, 0, 0, 0
92500, 0, 1, 1, 0, 0, 0
22077, 1, 0, 0, 0, 0, 1
22079, 1, 0, 0, 0, 0, 1
22080, 1, 0, 0, 0, 0, 1
22081, 1, 0, 0, 0, 0, 1
22082, 1, 0, 0, 0, 1, 0
22083, 0, 4, 4, 0, 0, 0
62690, 0, 1, 1, 0, 0, 0
49721, 1, 1, 1, 0, 1, 0
22090, 1, 0, 0, 0, 1, 0
22092, 2, 0, 0, 0, 2, 0
22093, 1, 0, 0, 0, 1, 0
22094, 1, 0, 0, 0, 1, 0
107603, 1, 1, 1, 0, 1, 0
22096, 1, 0, 0, 0, 1, 0
22098, 2, 0, 0, 0, 1, 1
22099, 1, 1, 1, 0, 0, 1
22100, 2, 0, 0, 0, 0, 2
25837, 2, 1, 1, 0, 1, 1
102277, 0, 1, 1, 0, 0, 0
22102, 1, 0, 0, 0, 0, 1
22103, 0, 1, 0, 1, 0, 0
70301, 0, 1, 1, 0, 0, 0
22105, 1, 0, 0, 0, 1, 0
22106, 0, 1, 1, 0, 0, 0
22107, 1, 0, 0, 0, 1, 0
22108, 1, 0, 0, 0, 1, 0
22111, 1, 0, 0, 0, 1, 0
22113, 1, 0, 0, 0, 1, 0
22116, 1, 0, 0, 0, 1, 0
22117, 0, 2, 2, 0, 0, 0
22118, 2, 1, 1, 0, 2, 0
22119, 7, 4, 4, 0, 7, 0
22120, 19, 9, 9, 0, 16, 3
22121, 6, 6, 6, 0, 6, 0
22125, 6, 6, 6, 0, 6, 0
49214, 1, 2, 2, 0, 1, 0
58401, 23, 8, 7, 1, 23, 0
109015, 1, 1, 1, 0, 1, 0
47659, 1, 1, 0, 1, 1, 0
25493, 1, 1, 1, 0, 1, 0
25494, 0, 1, 1, 0, 0, 0
22132, 4, 1, 1, 0, 3, 1
22133, 6, 1, 1, 0, 4, 2
33695, 0, 1, 1, 0, 0, 0
33696, 0, 1, 1, 0, 0, 0
33697, 0, 1, 1, 0, 0, 0
33698, 0, 1, 1, 0, 0, 0
33699, 0, 1, 1, 0, 0, 0
22135, 1, 0, 0, 0, 0, 1
37162, 2, 1, 1, 0, 2, 0
42915, 1, 1, 1, 0, 1, 0
43285, 1, 1, 1, 0, 1, 0
67316, 1, 1, 1, 0, 1, 0
35849, 1, 2, 2, 0, 1, 0
45439, 4, 5, 5, 0, 4, 0
59615, 5, 1, 1, 0, 5, 0
22139, 6, 5, 5, 0, 6, 0
22140, 1, 0, 0, 0, 1, 0
22141, 1, 1, 1, 0, 1, 0
22142, 2, 1, 1, 0, 2, 0
22214, 0, 1, 1, 0, 0, 0
22143, 1, 0, 0, 0, 1, 0
22144, 1, 0, 0, 0, 0, 1
22145, 1, 0, 0, 0, 0, 1
22146, 1, 0, 0, 0, 1, 0
22147, 0, 3, 3, 0, 0, 0
22148, 2, 0, 0, 0, 1, 1
22149, 1, 1, 1, 0, 1, 0
22150, 1, 1, 1, 0, 1, 0
22151, 1, 0, 0, 0, 0, 1
22153, 3, 0, 0, 0, 3, 0
22154, 1, 0, 0, 0, 1, 0
22155, 0, 1, 1, 0, 0, 0
22157, 1, 0, 0, 0, 1, 0
22158, 0, 1, 1, 0, 0, 0
22160, 0, 1, 1, 0, 0, 0
22162, 3, 0, 0, 0, 3, 0
22163, 1, 0, 0, 0, 1, 0
22164, 0, 1, 1, 0, 0, 0
22166, 0, 1, 1, 0, 0, 0
22168, 1, 0, 0, 0, 1, 0
22781, 0, 1, 1, 0, 0, 0
22170, 1, 0, 0, 0, 1, 0
22171, 0, 4, 4, 0, 0, 0
22172, 2, 0, 0, 0, 1, 1
35712, 2, 1, 1, 0, 2, 0
39660, 1, 1, 1, 0, 1, 0
43702, 0, 1, 0, 1, 0, 0
22180, 1, 0, 0, 0, 1, 0
22181, 1, 0, 0, 0, 1, 0
22182, 1, 1, 1, 0, 1, 0
22183, 3, 2, 2, 0, 2, 1
22925, 1, 1, 1, 0, 1, 0
36397, 0, 1, 0, 1, 0, 0
25768, 2, 4, 4, 0, 2, 0
25888, 1, 1, 1, 0, 1, 0
27581, 1, 1, 1, 0, 1, 0
31928, 1, 1, 1, 0, 1, 0
48723, 11, 3, 3, 0, 8, 3
94997, 25, 3, 3, 0, 25, 0
106322, 2, 2, 2, 0, 2, 0
22187, 1, 0, 0, 0, 0, 1
22188, 1, 0, 0, 0, 1, 0
22583, 0, 1, 1, 0, 0, 0
22190, 1, 0, 0, 0, 1, 0
83154, 0, 1, 1, 0, 0, 0
22193, 1, 0, 0, 0, 0, 1
22194, 1, 0, 0, 0, 1, 0
22196, 1, 0, 0, 0, 1, 0
22197, 3, 5, 5, 0, 3, 0
73115, 0, 1, 1, 0, 0, 0
22198, 1, 1, 1, 0, 1, 0
38042, 1, 3, 2, 1, 1, 0
55709, 12, 4, 4, 0, 11, 1
56245, 3, 8, 8, 0, 3, 0
56913, 3, 3, 3, 0, 3, 0
22201, 1, 0, 0, 0, 1, 0
22202, 1, 0, 0, 0, 1, 0
31086, 3, 4, 4, 0, 3, 0
22204, 1, 0, 0, 0, 1, 0
22205, 1, 0, 0, 0, 1, 0
22206, 1, 0, 0, 0, 0, 1
22207, 1, 0, 0, 0, 1, 0
22208, 1, 0, 0, 0, 1, 0
22210, 1, 0, 0, 0, 1, 0
22211, 9, 3, 3, 0, 9, 0
25605, 0, 1, 1, 0, 0, 0
22212, 1, 0, 0, 0, 1, 0
22213, 1, 1, 1, 0, 1, 0
24483, 1, 3, 3, 0, 1, 0
52168, 1, 2, 2, 0, 1, 0
56458, 7, 4, 4, 0, 7, 0
57483, 0, 2, 2, 0, 0, 0
57485, 0, 2, 2, 0, 0, 0
57486, 0, 2, 2, 0, 0, 0
58066, 3, 3, 3, 0, 3, 0
60062, 0, 3, 3, 0, 0, 0
60863, 2, 3, 3, 0, 2, 0
61073, 0, 1, 1, 0, 0, 0
61074, 0, 1, 1, 0, 0, 0
61076, 0, 1, 1, 0, 0, 0
61077, 12, 4, 4, 0, 12, 0
61079, 3, 3, 3, 0, 3, 0
61080, 0, 1, 1, 0, 0, 0
61081, 0, 1, 1, 0, 0, 0
61082, 0, 1, 1, 0, 0, 0
61083, 0, 1, 1, 0, 0, 0
61084, 6, 1, 1, 0, 2, 4
61088, 0, 1, 1, 0, 0, 0
61089, 0, 2, 2, 0, 0, 0
61090, 0, 1, 1, 0, 0, 0
75165, 0, 1, 1, 0, 0, 0
22220, 1, 0, 0, 0, 0, 1
22221, 2, 0, 0, 0, 2, 0
22222, 1, 0, 0, 0, 1, 0
22224, 1, 0, 0, 0, 1, 0
51497, 1, 3, 3, 0, 1, 0
53147, 4, 2, 2, 0, 4, 0
54250, 2, 3, 2, 1, 2, 0
22226, 2, 0, 0, 0, 2, 0
22227, 2, 2, 2, 0, 2, 0
22231, 0, 1, 1, 0, 0, 0
22232, 1, 0, 0, 0, 1, 0
59076, 1, 1, 1, 0, 1, 0
57204, 4, 9, 8, 1, 4, 0
22236, 1, 0, 0, 0, 1, 0
22237, 9, 0, 0, 0, 6, 3
117856, 0, 1, 1, 0, 0, 0
22240, 1, 0, 0, 0, 1, 0
22241, 5, 0, 0, 0, 5, 0
22242, 1, 0, 0, 0, 1, 0
32686, 6, 2, 2, 0, 6, 0
33664, 1, 3, 3, 0, 1, 0
36940, 2, 1, 1, 0, 2, 0
36941, 1, 1, 1, 0, 1, 0
22245, 1, 0, 0, 0, 1, 0
22246, 1, 0, 0, 0, 0, 1
22247, 0, 1, 0, 1, 0, 0
22248, 1, 0, 0, 0, 1, 0
22249, 1, 0, 0, 0, 1, 0
22250, 1, 0, 0, 0, 1, 0
22251, 1, 0, 0, 0, 1, 0
22253, 1, 0, 0, 0, 1, 0
52772, 0, 2, 1, 1, 0, 0
44058, 0, 1, 0, 1, 0, 0
59667, 2, 3, 3, 0, 2, 0
59668, 19, 6, 6, 0, 19, 0
22263, 1, 0, 0, 0, 1, 0
22267, 1, 0, 0, 0, 1, 0
22269, 1, 0, 0, 0, 0, 1
22270, 1, 0, 0, 0, 1, 0
22271, 1, 0, 0, 0, 1, 0
22279, 1, 0, 0, 0, 0, 1
22280, 0, 1, 0, 1, 0, 0
22282, 1, 0, 0, 0, 1, 0
22283, 0, 1, 1, 0, 0, 0
22284, 1, 0, 0, 0, 1, 0
22285, 1, 0, 0, 0, 1, 0
22286, 1, 0, 0, 0, 1, 0
22288, 1, 0, 0, 0, 1, 0
22289, 0, 1, 1, 0, 0, 0
22290, 1, 0, 0, 0, 1, 0
22291, 1, 0, 0, 0, 1, 0
22293, 1, 0, 0, 0, 1, 0
22294, 1, 0, 0, 0, 1, 0
34207, 3, 1, 0, 1, 2, 1
92668, 0, 1, 0, 1, 0, 0
22296, 1, 0, 0, 0, 1, 0
22298, 1, 0, 0, 0, 1, 0
22299, 2, 2, 2, 0, 2, 0
82504, 4, 1, 1, 0, 4, 0
22300, 1, 0, 0, 0, 1, 0
22301, 1, 0, 0, 0, 1, 0
22302, 1, 0, 0, 0, 0, 1
22303, 1, 2, 1, 1, 1, 0
22307, 0, 1, 1, 0, 0, 0
22308, 0, 2, 2, 0, 0, 0
37324, 0, 1, 1, 0, 0, 0
22310, 2, 0, 0, 0, 2, 0
22311, 0, 2, 2, 0, 0, 0
22312, 1, 0, 0, 0, 0, 1
61599, 0, 1, 0, 1, 0, 0
61600, 0, 1, 0, 1, 0, 0
22314, 1, 0, 0, 0, 1, 0
22315, 0, 4, 3, 1, 0, 0
22317, 1, 0, 0, 0, 1, 0
22318, 1, 2, 1, 1, 1, 0
22320, 1, 0, 0, 0, 1, 0
22321, 2, 0, 0, 0, 2, 0
22322, 1, 0, 0, 0, 1, 0
22326, 0, 1, 1, 0, 0, 0
22327, 1, 1, 1, 0, 1, 0
22330, 0, 2, 2, 0, 0, 0
22331, 1, 1, 1, 0, 1, 0
46979, 0, 3, 3, 0, 0, 0
86485, 0, 1, 1, 0, 0, 0
22333, 1, 0, 0, 0, 1, 0
22334, 2, 0, 0, 0, 1, 1
64949, 1, 3, 3, 0, 1, 0
65421, 4, 4, 4, 0, 4, 0
82343, 0, 1, 1, 0, 0, 0
22338, 2, 0, 0, 0, 1, 1
22339, 2, 0, 0, 0, 1, 1
39420, 0, 1, 0, 1, 0, 0
22341, 1, 4, 4, 0, 1, 0
22342, 1, 0, 0, 0, 1, 0
57987, 2, 2, 2, 0, 2, 0
84939, 0, 1, 1, 0, 0, 0
84940, 0, 1, 1, 0, 0, 0
22347, 1, 0, 0, 0, 1, 0
22416, 1, 1, 1, 0, 1, 0
22810, 5, 5, 5, 0, 5, 0
22915, 1, 1, 1, 0, 1, 0
23036, 1, 2, 2, 0, 1, 0
25674, 1, 6, 5, 1, 1, 0
22351, 1, 0, 0, 0, 1, 0
22352, 1, 0, 0, 0, 1, 0
56700, 2, 1, 1, 0, 2, 0
22355, 2, 0, 0, 0, 2, 0
28110, 2, 2, 2, 0, 2, 0
28111, 0, 2, 2, 0, 0, 0
28321, 10, 2, 2, 0, 10, 0
31005, 9, 2, 2, 0, 9, 0
31442, 2, 1, 1, 0, 0, 2
31531, 4, 3, 3, 0, 3, 1
31532, 0, 1, 1, 0, 0, 0
31533, 0, 4, 4, 0, 0, 0
31535, 0, 1, 1, 0, 0, 0
31536, 5, 4, 4, 0, 5, 0
31537, 0, 3, 3, 0, 0, 0
31538, 5, 5, 5, 0, 5, 0
31540, 0, 1, 1, 0, 0, 0
31542, 4, 3, 3, 0, 4, 0
31544, 6, 8, 6, 2, 6, 0
31558, 1, 1, 1, 0, 1, 0
31564, 0, 1, 1, 0, 0, 0
31566, 3, 3, 3, 0, 3, 0
31567, 2, 1, 1, 0, 2, 0
31569, 0, 3, 3, 0, 0, 0
37928, 0, 1, 0, 1, 0, 0
82013, 2, 2, 2, 0, 2, 0
22367, 1, 0, 0, 0, 0, 1
22368, 3, 0, 0, 0, 3, 0
46197, 1, 5, 5, 0, 1, 0
60628, 1, 1, 1, 0, 1, 0
22374, 1, 0, 0, 0, 1, 0
22376, 1, 0, 0, 0, 0, 1
22377, 1, 0, 0, 0, 1, 0
22378, 0, 1, 1, 0, 0, 0
22380, 3, 0, 0, 0, 3, 0
22381, 3, 3, 3, 0, 3, 0
22382, 2, 0, 0, 0, 2, 0
55642, 4, 4, 4, 0, 4, 0
22395, 1, 1, 1, 0, 1, 0
22396, 2, 1, 1, 0, 2, 0
93140, 0, 1, 0, 1, 0, 0
91481, 0, 5, 5, 0, 0, 0
64648, 3, 4, 4, 0, 3, 0
67344, 1, 2, 2, 0, 1, 0
65865, 2, 1, 1, 0, 2, 0
67075, 1, 3, 3, 0, 1, 0
67904, 2, 2, 2, 0, 2, 0
78343, 0, 1, 1, 0, 0, 0
119716, 1, 1, 1, 0, 1, 0
48048, 0, 1, 0, 1, 0, 0
42960, 2, 3, 3, 0, 2, 0
42961, 3, 2, 2, 0, 3, 0
22407, 1, 0, 0, 0, 1, 0
22408, 1, 3, 3, 0, 1, 0
22409, 1, 0, 0, 0, 1, 0
22410, 1, 1, 1, 0, 1, 0
22413, 1, 0, 0, 0, 0, 1
22414, 2, 1, 1, 0, 2, 0
22418, 2, 1, 1, 0, 1, 1
24441, 0, 1, 1, 0, 0, 0
22419, 1, 0, 0, 0, 0, 1
22420, 1, 0, 0, 0, 1, 0
22421, 1, 0, 0, 0, 1, 0
24575, 9, 3, 3, 0, 9, 0
39506, 4, 11, 11, 0, 4, 0
81086, 0, 1, 1, 0, 0, 0
22423, 1, 0, 0, 0, 1, 0
22426, 1, 0, 0, 0, 1, 0
22428, 1, 0, 0, 0, 1, 0
22429, 1, 0, 0, 0, 1, 0
31490, 2, 2, 2, 0, 2, 0
22760, 5, 3, 2, 1, 5, 0
39267, 0, 2, 2, 0, 0, 0
43308, 1, 1, 1, 0, 1, 0
49139, 1, 3, 3, 0, 1, 0
50244, 2, 1, 1, 0, 2, 0
58231, 16, 11, 11, 0, 14, 2
67149, 2, 2, 2, 0, 2, 0
68829, 12, 5, 5, 0, 12, 0
68853, 0, 4, 4, 0, 0, 0
70684, 2, 1, 1, 0, 2, 0
79936, 0, 1, 1, 0, 0, 0
79937, 0, 1, 1, 0, 0, 0
79938, 0, 1, 1, 0, 0, 0
79939, 0, 1, 1, 0, 0, 0
79940, 0, 1, 1, 0, 0, 0
79941, 0, 1, 1, 0, 0, 0
79942, 0, 1, 1, 0, 0, 0
79943, 0, 1, 1, 0, 0, 0
79944, 0, 1, 1, 0, 0, 0
79945, 0, 1, 1, 0, 0, 0
79946, 0, 1, 1, 0, 0, 0
79947, 0, 1, 1, 0, 0, 0
79948, 0, 1, 1, 0, 0, 0
79949, 0, 1, 1, 0, 0, 0
79950, 0, 1, 1, 0, 0, 0
79951, 0, 1, 1, 0, 0, 0
79952, 0, 1, 1, 0, 0, 0
79953, 0, 1, 1, 0, 0, 0
79954, 0, 1, 1, 0, 0, 0
79955, 0, 1, 1, 0, 0, 0
79956, 0, 1, 1, 0, 0, 0
79957, 0, 1, 1, 0, 0, 0
79958, 0, 1, 1, 0, 0, 0
79959, 5, 2, 2, 0, 5, 0
79960, 0, 1, 1, 0, 0, 0
79961, 0, 1, 1, 0, 0, 0
29683, 3, 2, 1, 1, 3, 0
29686, 0, 1, 1, 0, 0, 0
29687, 0, 1, 0, 1, 0, 0
29688, 0, 2, 1, 1, 0, 0
29689, 0, 2, 1, 1, 0, 0
29691, 3, 3, 2, 1, 3, 0
29692, 0, 1, 0, 1, 0, 0
29693, 0, 3, 1, 2, 0, 0
29695, 0, 3, 2, 1, 0, 0
93227, 0, 1, 0, 1, 0, 0
129747, 0, 1, 0, 1, 0, 0
61643, 0, 1, 0, 1, 0, 0
47253, 1, 1, 1, 0, 1, 0
58668, 7, 3, 3, 0, 6, 1
69084, 0, 1, 1, 0, 0, 0
69085, 3, 3, 3, 0, 3, 0
57595, 1, 1, 1, 0, 1, 0
68651, 5, 2, 2, 0, 5, 0
71037, 3, 2, 2, 0, 3, 0
71754, 5, 3, 3, 0, 5, 0
79812, 0, 2, 2, 0, 0, 0
110795, 3, 2, 2, 0, 3, 0
110833, 0, 1, 1, 0, 0, 0
78832, 1, 1, 1, 0, 1, 0
71638, 2, 3, 3, 0, 2, 0
40201, 1, 2, 2, 0, 1, 0
47529, 1, 1, 1, 0, 1, 0
94859, 17, 1, 1, 0, 17, 0
45872, 4, 3, 1, 2, 4, 0
110237, 0, 1, 1, 0, 0, 0
22458, 1, 0, 0, 0, 1, 0
22459, 2, 0, 0, 0, 2, 0
22460, 1, 0, 0, 0, 1, 0
22462, 0, 1, 1, 0, 0, 0
22463, 3, 2, 2, 0, 3, 0
63272, 2, 1, 1, 0, 1, 1
35275, 8, 7, 7, 0, 3, 5
38072, 3, 3, 3, 0, 3, 0
38073, 0, 1, 0, 1, 0, 0
38075, 0, 1, 1, 0, 0, 0
38076, 2, 5, 5, 0, 2, 0
48625, 0, 1, 1, 0, 0, 0
48626, 0, 1, 1, 0, 0, 0
22467, 1, 0, 0, 0, 1, 0
22468, 1, 0, 0, 0, 1, 0
22470, 1, 0, 0, 0, 1, 0
22471, 5, 1, 1, 0, 5, 0
36846, 0, 1, 1, 0, 0, 0
36847, 0, 1, 1, 0, 0, 0
22472, 2, 0, 0, 0, 2, 0
22473, 1, 0, 0, 0, 0, 1
22475, 1, 0, 0, 0, 0, 1
22476, 0, 1, 0, 1, 0, 0
22477, 1, 0, 0, 0, 1, 0
22478, 2, 0, 0, 0, 2, 0
22479, 2, 2, 2, 0, 2, 0
22480, 3, 2, 2, 0, 3, 0
27790, 0, 1, 1, 0, 0, 0
22482, 1, 0, 0, 0, 1, 0
22483, 1, 0, 0, 0, 1, 0
22484, 0, 1, 1, 0, 0, 0
22842, 1, 1, 1, 0, 1, 0
86294, 0, 2, 2, 0, 0, 0
86493, 0, 1, 1, 0, 0, 0
43107, 0, 3, 3, 0, 0, 0
22487, 1, 0, 0, 0, 1, 0
47441, 7, 3, 3, 0, 7, 0
55268, 1, 1, 0, 1, 0, 1
68884, 0, 2, 2, 0, 0, 0
70007, 1, 1, 1, 0, 1, 0
74348, 4, 4, 4, 0, 4, 0
74526, 1, 1, 1, 0, 1, 0
85468, 3, 1, 1, 0, 3, 0
87850, 1, 1, 1, 0, 1, 0
87851, 0, 1, 1, 0, 0, 0
87852, 0, 1, 1, 0, 0, 0
87853, 0, 1, 1, 0, 0, 0
87854, 0, 1, 1, 0, 0, 0
22505, 1, 0, 0, 0, 1, 0
22506, 0, 1, 1, 0, 0, 0
22507, 1, 0, 0, 0, 1, 0
22508, 4, 0, 0, 0, 4, 0
22509, 2, 7, 7, 0, 2, 0
22511, 1, 0, 0, 0, 0, 1
22512, 3, 0, 0, 0, 2, 1
66437, 1, 1, 1, 0, 1, 0
68743, 1, 1, 1, 0, 1, 0
22515, 1, 0, 0, 0, 1, 0
22516, 1, 0, 0, 0, 1, 0
22518, 3, 0, 0, 0, 3, 0
22519, 1, 0, 0, 0, 1, 0
22520, 1, 1, 1, 0, 1, 0
22739, 0, 1, 1, 0, 0, 0
22521, 1, 0, 0, 0, 1, 0
22522, 1, 0, 0, 0, 0, 1
22523, 1, 0, 0, 0, 1, 0
22524, 1, 1, 1, 0, 1, 0
22525, 3, 2, 2, 0, 3, 0
22526, 1, 0, 0, 0, 1, 0
81786, 2, 1, 1, 0, 2, 0
83586, 1, 1, 1, 0, 1, 0
83954, 1, 1, 1, 0, 1, 0
22528, 1, 0, 0, 0, 1, 0
22529, 2, 0, 0, 0, 2, 0
22530, 0, 1, 1, 0, 0, 0
22531, 1, 0, 0, 0, 0, 1
22532, 0, 1, 0, 1, 0, 0
22533, 1, 0, 0, 0, 1, 0
25741, 1, 1, 1, 0, 1, 0
26257, 0, 1, 1, 0, 0, 0
26258, 0, 1, 1, 0, 0, 0
26259, 1, 1, 0, 1, 1, 0
26260, 0, 1, 0, 1, 0, 0
22545, 2, 0, 0, 0, 1, 1
22546, 2, 1, 1, 0, 2, 0
22548, 1, 0, 0, 0, 1, 0
22549, 1, 0, 0, 0, 1, 0
22550, 1, 2, 2, 0, 1, 0
22551, 1, 0, 0, 0, 1, 0
22554, 1, 0, 0, 0, 1, 0
22555, 1, 0, 0, 0, 1, 0
71191, 0, 1, 1, 0, 0, 0
71192, 0, 1, 1, 0, 0, 0
22557, 1, 0, 0, 0, 1, 0
22558, 0, 1, 1, 0, 0, 0
121076, 0, 2, 1, 1, 0, 0
83757, 0, 1, 1, 0, 0, 0
22561, 1, 0, 0, 0, 1, 0
22574, 4, 3, 3, 0, 4, 0
22575, 1, 0, 0, 0, 0, 1
22576, 0, 1, 0, 1, 0, 0
22577, 1, 0, 0, 0, 1, 0
22579, 22, 0, 0, 0, 2, 20
22582, 1, 0, 0, 0, 1, 0
22584, 1, 1, 1, 0, 1, 0
57451, 0, 3, 3, 0, 0, 0
58236, 2, 4, 4, 0, 2, 0
85545, 2, 2, 2, 0, 2, 0
22586, 2, 0, 0, 0, 2, 0
22588, 4, 0, 0, 0, 3, 1
22589, 0, 2, 2, 0, 0, 0
22592, 2, 0, 0, 0, 2, 0
22593, 1, 0, 0, 0, 1, 0
22597, 1, 0, 0, 0, 1, 0
22600, 1, 0, 0, 0, 0, 1
22601, 2, 1, 1, 0, 2, 0
22602, 3, 1, 1, 0, 3, 0
22603, 0, 1, 1, 0, 0, 0
22737, 0, 1, 1, 0, 0, 0
22604, 1, 0, 0, 0, 1, 0
22605, 2, 0, 0, 0, 1, 1
22606, 1, 0, 0, 0, 0, 1
22607, 0, 2, 0, 2, 0, 0
22608, 1, 0, 0, 0, 0, 1
22612, 1, 0, 0, 0, 1, 0
22613, 1, 0, 0, 0, 1, 0
24632, 20, 3, 3, 0, 19, 1
31200, 0, 6, 6, 0, 0, 0
32984, 1, 2, 2, 0, 1, 0
34403, 3, 3, 3, 0, 3, 0
35941, 15, 1, 1, 0, 15, 0
38328, 4, 1, 1, 0, 4, 0
39603, 1, 1, 1, 0, 1, 0
39811, 6, 2, 2, 0, 6, 0
40027, 1, 1, 1, 0, 1, 0
45210, 1, 1, 1, 0, 1, 0
45437, 3, 1, 1, 0, 3, 0
45805, 3, 3, 3, 0, 3, 0
45806, 0, 4, 4, 0, 0, 0
46050, 4, 1, 1, 0, 3, 1
49628, 4, 3, 3, 0, 4, 0
50057, 1, 1, 1, 0, 1, 0
51648, 1, 2, 2, 0, 1, 0
51821, 2, 1, 1, 0, 2, 0
54343, 1, 1, 1, 0, 1, 0
56716, 6, 5, 5, 0, 4, 2
59314, 2, 2, 2, 0, 1, 1
62425, 2, 1, 1, 0, 2, 0
67936, 5, 2, 2, 0, 5, 0
79661, 2, 2, 2, 0, 2, 0
81434, 0, 1, 1, 0, 0, 0
81435, 0, 1, 1, 0, 0, 0
81436, 0, 1, 1, 0, 0, 0
93368, 0, 1, 1, 0, 0, 0
22615, 1, 0, 0, 0, 1, 0
22617, 1, 1, 1, 0, 1, 0
22619, 2, 0, 0, 0, 2, 0
22621, 1, 0, 0, 0, 1, 0
22622, 1, 3, 3, 0, 1, 0
22623, 1, 0, 0, 0, 1, 0
22624, 1, 0, 0, 0, 1, 0
22625, 1, 0, 0, 0, 1, 0
22626, 2, 0, 0, 0, 2, 0
22628, 1, 0, 0, 0, 1, 0
22630, 1, 0, 0, 0, 1, 0
75646, 0, 1, 1, 0, 0, 0
73438, 0, 1, 1, 0, 0, 0
73439, 0, 1, 1, 0, 0, 0
73440, 0, 1, 1, 0, 0, 0
53042, 5, 3, 3, 0, 5, 0
61147, 1, 3, 3, 0, 1, 0
64597, 0, 1, 1, 0, 0, 0
64598, 0, 1, 0, 1, 0, 0
22635, 2, 0, 0, 0, 1, 1
22638, 5, 0, 0, 0, 5, 0
70976, 1, 2, 2, 0, 1, 0
40117, 1, 1, 1, 0, 1, 0
125350, 0, 1, 1, 0, 0, 0
62218, 1, 1, 1, 0, 1, 0
63107, 2, 1, 1, 0, 1, 1
81540, 1, 2, 2, 0, 1, 0
82323, 0, 3, 3, 0, 0, 0
85006, 1, 5, 5, 0, 1, 0
85753, 1, 1, 1, 0, 1, 0
85770, 0, 1, 1, 0, 0, 0
78638, 10, 4, 4, 0, 9, 1
78639, 4, 4, 4, 0, 4, 0
22650, 1, 0, 0, 0, 1, 0
22652, 2, 0, 0, 0, 2, 0
37459, 2, 2, 2, 0, 2, 0
39576, 2, 1, 1, 0, 2, 0
41665, 1, 1, 1, 0, 1, 0
41884, 2, 1, 1, 0, 2, 0
41885, 0, 1, 1, 0, 0, 0
41886, 0, 1, 1, 0, 0, 0
41887, 0, 1, 1, 0, 0, 0
22654, 1, 0, 0, 0, 0, 1
22655, 1, 0, 0, 0, 1, 0
43858, 5, 1, 1, 0, 3, 2
55665, 2, 2, 2, 0, 2, 0
76055, 1, 3, 3, 0, 1, 0
76217, 5, 6, 6, 0, 5, 0
79224, 2, 3, 3, 0, 2, 0
90607, 0, 2, 1, 1, 0, 0
91065, 0, 1, 1, 0, 0, 0
91066, 0, 1, 1, 0, 0, 0
70825, 0, 2, 2, 0, 0, 0
75686, 5, 2, 2, 0, 5, 0
83155, 0, 1, 1, 0, 0, 0
83156, 0, 1, 1, 0, 0, 0
22664, 1, 1, 1, 0, 1, 0
22665, 2, 3, 3, 0, 2, 0
22666, 3, 2, 1, 1, 3, 0
22669, 1, 0, 0, 0, 1, 0
22670, 0, 2, 2, 0, 0, 0
22672, 0, 1, 1, 0, 0, 0
22673, 2, 0, 0, 0, 2, 0
22674, 6, 0, 0, 0, 6, 0
22676, 1, 0, 0, 0, 1, 0
22677, 5, 0, 0, 0, 2, 3
22680, 1, 2, 2, 0, 1, 0
42697, 0, 3, 3, 0, 0, 0
58479, 2, 6, 6, 0, 2, 0
58480, 2, 4, 4, 0, 2, 0
82905, 1, 2, 2, 0, 1, 0
91674, 0, 1, 1, 0, 0, 0
91675, 0, 1, 1, 0, 0, 0
91676, 0, 1, 1, 0, 0, 0
91677, 0, 1, 1, 0, 0, 0
91678, 0, 1, 1, 0, 0, 0
91679, 0, 1, 1, 0, 0, 0
91680, 0, 1, 1, 0, 0, 0
41134, 1, 1, 1, 0, 1, 0
22683, 1, 0, 0, 0, 1, 0
22684, 1, 1, 1, 0, 1, 0
22686, 4, 0, 0, 0, 4, 0
22687, 1, 0, 0, 0, 1, 0
23687, 38, 1, 0, 1, 2, 36
22690, 1, 0, 0, 0, 1, 0
22693, 1, 0, 0, 0, 0, 1
22694, 0, 1, 0, 1, 0, 0
22695, 1, 0, 0, 0, 1, 0
22696, 1, 1, 1, 0, 1, 0
22698, 2, 0, 0, 0, 2, 0
22699, 1, 1, 1, 0, 1, 0
22700, 1, 0, 0, 0, 0, 1
22701, 3, 1, 0, 1, 2, 1
22702, 1, 0, 0, 0, 1, 0
26221, 3, 6, 5, 1, 3, 0
33532, 0, 1, 1, 0, 0, 0
33534, 0, 1, 1, 0, 0, 0
22704, 1, 0, 0, 0, 1, 0
22705, 2, 0, 0, 0, 2, 0
22707, 0, 1, 1, 0, 0, 0
23235, 1, 1, 1, 0, 1, 0
24288, 1, 1, 1, 0, 1, 0
39898, 6, 2, 2, 0, 6, 0
40051, 1, 2, 2, 0, 1, 0
40184, 5, 4, 4, 0, 5, 0
75091, 0, 1, 1, 0, 0, 0
75092, 0, 1, 1, 0, 0, 0
75093, 0, 1, 1, 0, 0, 0
75094, 0, 1, 1, 0, 0, 0
75095, 0, 1, 1, 0, 0, 0
75096, 0, 1, 1, 0, 0, 0
75097, 0, 1, 1, 0, 0, 0
75098, 0, 1, 1, 0, 0, 0
75099, 0, 1, 1, 0, 0, 0
93402, 0, 1, 1, 0, 0, 0
22708, 1, 0, 0, 0, 1, 0
22710, 1, 0, 0, 0, 1, 0
22712, 2, 1, 0, 1, 1, 1
22713, 0, 3, 2, 1, 0, 0
22714, 1, 0, 0, 0, 0, 1
22715, 2, 0, 0, 0, 2, 0
22716, 3, 0, 0, 0, 3, 0
22718, 1, 0, 0, 0, 1, 0
22721, 1, 0, 0, 0, 1, 0
22722, 1, 6, 6, 0, 1, 0
26449, 1, 1, 1, 0, 1, 0
22728, 1, 1, 0, 1, 1, 0
22729, 1, 0, 0, 0, 1, 0
22730, 1, 2, 2, 0, 1, 0
22731, 1, 0, 0, 0, 1, 0
22732, 1, 0, 0, 0, 1, 0
22733, 1, 0, 0, 0, 1, 0
22734, 1, 0, 0, 0, 1, 0
24806, 7, 5, 5, 0, 7, 0
22738, 1, 0, 0, 0, 1, 0
22740, 1, 0, 0, 0, 0, 1
22741, 1, 0, 0, 0, 1, 0
22742, 0, 1, 1, 0, 0, 0
22743, 1, 0, 0, 0, 1, 0
22744, 3, 0, 0, 0, 3, 0
22745, 1, 0, 0, 0, 1, 0
22747, 1, 0, 0, 0, 1, 0
22750, 1, 0, 0, 0, 1, 0
22752, 1, 0, 0, 0, 1, 0
22753, 1, 0, 0, 0, 1, 0
22756, 1, 0, 0, 0, 1, 0
22759, 2, 0, 0, 0, 1, 1
22761, 1, 0, 0, 0, 0, 1
22762, 1, 0, 0, 0, 1, 0
33303, 1, 3, 2, 1, 1, 0
22765, 3, 0, 0, 0, 1, 2
22766, 1, 0, 0, 0, 1, 0
22769, 2, 0, 0, 0, 2, 0
26730, 1, 1, 0, 1, 1, 0
70289, 4, 1, 1, 0, 4, 0
70476, 0, 2, 2, 0, 0, 0
22774, 1, 0, 0, 0, 0, 1
55538, 0, 2, 2, 0, 0, 0
55539, 0, 1, 1, 0, 0, 0
55541, 6, 11, 11, 0, 6, 0
22776, 1, 1, 0, 1, 1, 0
22777, 1, 0, 0, 0, 0, 1
22778, 0, 4, 1, 3, 0, 0
99642, 0, 2, 0, 2, 0, 0
22785, 1, 0, 0, 0, 1, 0
38565, 1, 1, 0, 1, 0, 1
22823, 0, 2, 2, 0, 0, 0
49849, 0, 1, 1, 0, 0, 0
49850, 0, 1, 1, 0, 0, 0
102112, 0, 2, 2, 0, 0, 0
108300, 0, 1, 1, 0, 0, 0
22792, 1, 0, 0, 0, 1, 0
22793, 0, 1, 1, 0, 0, 0
22794, 1, 0, 0, 0, 0, 1
22795, 4, 0, 0, 0, 4, 0
22796, 2, 4, 3, 1, 2, 0
22797, 4, 0, 0, 0, 4, 0
22798, 2, 1, 1, 0, 0, 2
22799, 0, 1, 1, 0, 0, 0
22801, 4, 0, 0, 0, 2, 2
22802, 1, 1, 1, 0, 1, 0
22805, 0, 1, 1, 0, 0, 0
75610, 1, 1, 1, 0, 1, 0
22806, 1, 0, 0, 0, 0, 1
22807, 1, 0, 0, 0, 0, 1
130026, 0, 1, 1, 0, 0, 0
22809, 4, 1, 1, 0, 4, 0
22811, 1, 2, 2, 0, 1, 0
22812, 1, 2, 2, 0, 1, 0
22814, 1, 1, 1, 0, 1, 0
22815, 8, 1, 1, 0, 6, 2
28926, 0, 6, 5, 1, 0, 0
28945, 0, 3, 3, 0, 0, 0
30228, 2, 3, 2, 1, 2, 0
22817, 1, 0, 0, 0, 1, 0
86538, 1, 2, 2, 0, 1, 0
86706, 1, 2, 2, 0, 1, 0
87470, 0, 1, 1, 0, 0, 0
22819, 1, 0, 0, 0, 0, 1
22820, 1, 0, 0, 0, 1, 0
22821, 1, 1, 1, 0, 0, 1
46801, 1, 1, 1, 0, 1, 0
55567, 3, 2, 2, 0, 3, 0
90592, 0, 1, 1, 0, 0, 0
22825, 1, 0, 0, 0, 1, 0
22826, 1, 0, 0, 0, 1, 0
22828, 2, 0, 0, 0, 2, 0
22829, 1, 2, 2, 0, 1, 0
22830, 1, 1, 0, 1, 0, 1
44690, 0, 1, 0, 1, 0, 0
22832, 2, 0, 0, 0, 1, 1
35125, 1, 1, 1, 0, 1, 0
22834, 1, 0, 0, 0, 1, 0
22835, 1, 0, 0, 0, 1, 0
22836, 0, 1, 1, 0, 0, 0
22837, 2, 2, 2, 0, 2, 0
23502, 0, 1, 1, 0, 0, 0
23504, 3, 2, 0, 2, 3, 0
22839, 1, 0, 0, 0, 1, 0
22840, 2, 0, 0, 0, 2, 0
22843, 2, 0, 0, 0, 2, 0
67204, 0, 1, 1, 0, 0, 0
67205, 1, 1, 1, 0, 1, 0
67206, 2, 2, 2, 0, 2, 0
22846, 1, 1, 1, 0, 1, 0
22847, 0, 2, 2, 0, 0, 0
22848, 1, 1, 1, 0, 1, 0
22849, 2, 2, 2, 0, 2, 0
22851, 0, 1, 1, 0, 0, 0
39153, 1, 1, 1, 0, 1, 0
46002, 1, 1, 1, 0, 1, 0
46003, 1, 2, 2, 0, 1, 0
46004, 2, 2, 2, 0, 2, 0
46005, 1, 1, 1, 0, 1, 0
46006, 3, 3, 3, 0, 3, 0
46008, 1, 2, 2, 0, 1, 0
47202, 2, 10, 10, 0, 2, 0
58409, 27, 10, 9, 1, 27, 0
60807, 0, 4, 4, 0, 0, 0
71801, 2, 3, 3, 0, 2, 0
74444, 0, 2, 2, 0, 0, 0
74446, 0, 2, 2, 0, 0, 0
75577, 5, 3, 3, 0, 5, 0
81528, 1, 1, 1, 0, 1, 0
81563, 7, 1, 1, 0, 7, 0
81564, 0, 2, 2, 0, 0, 0
22853, 6, 0, 0, 0, 5, 1
64505, 0, 3, 3, 0, 0, 0
98314, 0, 2, 1, 1, 0, 0
22858, 1, 0, 0, 0, 1, 0
22859, 1, 0, 0, 0, 0, 1
22860, 3, 0, 0, 0, 3, 0
39426, 1, 1, 1, 0, 1, 0
43848, 5, 1, 1, 0, 5, 0
22866, 1, 0, 0, 0, 1, 0
38100, 1, 4, 4, 0, 1, 0
59814, 0, 1, 1, 0, 0, 0
22868, 1, 0, 0, 0, 1, 0
22869, 1, 0, 0, 0, 1, 0
22870, 1, 0, 0, 0, 1, 0
22871, 1, 1, 0, 1, 0, 1
22872, 1, 1, 0, 1, 0, 1
22873, 2, 0, 0, 0, 1, 1
22875, 1, 0, 0, 0, 1, 0
22876, 1, 0, 0, 0, 1, 0
22877, 1, 0, 0, 0, 1, 0
22879, 3, 0, 0, 0, 0, 3
22880, 1, 3, 2, 1, 1, 0
22881, 1, 3, 2, 1, 1, 0
62120, 7, 2, 2, 0, 3, 4
22883, 2, 0, 0, 0, 2, 0
22884, 0, 1, 1, 0, 0, 0
22887, 1, 0, 0, 0, 0, 1
22889, 0, 2, 1, 1, 0, 0
22890, 1, 0, 0, 0, 1, 0
22891, 1, 0, 0, 0, 0, 1
22893, 1, 0, 0, 0, 0, 1
22894, 1, 0, 0, 0, 1, 0
22895, 2, 0, 0, 0, 0, 2
22896, 1, 1, 0, 1, 1, 0
56466, 11, 3, 3, 0, 10, 1
22897, 5, 0, 0, 0, 1, 4
22899, 1, 0, 0, 0, 0, 1
22901, 1, 0, 0, 0, 1, 0
22902, 0, 2, 2, 0, 0, 0
50673, 2, 2, 2, 0, 2, 0
51318, 1, 3, 2, 1, 0, 1
51644, 4, 1, 1, 0, 4, 0
52489, 8, 2, 2, 0, 7, 1
53114, 3, 1, 1, 0, 0, 3
56840, 3, 1, 1, 0, 2, 1
82606, 0, 1, 1, 0, 0, 0
82607, 0, 1, 1, 0, 0, 0
82608, 1, 1, 1, 0, 0, 1
82609, 0, 1, 1, 0, 0, 0
82610, 0, 1, 1, 0, 0, 0
22904, 1, 1, 1, 0, 1, 0
22906, 1, 0, 0, 0, 1, 0
22907, 2, 0, 0, 0, 2, 0
36907, 8, 4, 3, 1, 8, 0
54495, 1, 1, 1, 0, 0, 1
58168, 2, 4, 4, 0, 2, 0
22910, 2, 0, 0, 0, 2, 0
22911, 0, 1, 1, 0, 0, 0
22912, 1, 0, 0, 0, 1, 0
22913, 1, 0, 0, 0, 1, 0
22914, 1, 0, 0, 0, 1, 0
22916, 1, 0, 0, 0, 1, 0
22917, 0, 1, 1, 0, 0, 0
22921, 1, 0, 0, 0, 1, 0
23284, 1, 1, 1, 0, 1, 0
65258, 0, 3, 3, 0, 0, 0
65670, 8, 3, 3, 0, 8, 0
82219, 1, 2, 2, 0, 1, 0
83027, 1, 2, 2, 0, 1, 0
85980, 0, 1, 1, 0, 0, 0
85981, 0, 1, 1, 0, 0, 0
85982, 0, 1, 1, 0, 0, 0
85983, 0, 1, 0, 1, 0, 0
22923, 1, 0, 0, 0, 0, 1
22924, 0, 2, 1, 1, 0, 0
22927, 1, 1, 1, 0, 1, 0
48962, 1, 1, 1, 0, 1, 0
23291, 1, 1, 1, 0, 1, 0
23611, 0, 2, 1, 1, 0, 0
23612, 0, 2, 2, 0, 0, 0
23613, 0, 1, 1, 0, 0, 0
23617, 3, 2, 2, 0, 3, 0
23619, 0, 1, 1, 0, 0, 0
23621, 0, 1, 1, 0, 0, 0
23622, 0, 1, 1, 0, 0, 0
23623, 0, 1, 1, 0, 0, 0
23625, 0, 1, 1, 0, 0, 0
23626, 5, 2, 2, 0, 5, 0
23627, 0, 1, 1, 0, 0, 0
23629, 0, 1, 1, 0, 0, 0
23630, 0, 2, 2, 0, 0, 0
22932, 1, 0, 0, 0, 0, 1
22934, 1, 0, 0, 0, 1, 0
22936, 3, 0, 0, 0, 3, 0
22937, 1, 3, 3, 0, 1, 0
22941, 4, 4, 4, 0, 4, 0
22942, 3, 5, 5, 0, 3, 0
61220, 4, 2, 2, 0, 4, 0
40817, 3, 3, 3, 0, 3, 0
40818, 2, 3, 3, 0, 2, 0
40819, 3, 2, 2, 0, 3, 0
41987, 5, 3, 3, 0, 5, 0
51181, 0, 2, 1, 1, 0, 0
84551, 0, 2, 2, 0, 0, 0
87821, 0, 1, 1, 0, 0, 0
87822, 0, 1, 1, 0, 0, 0
87823, 0, 1, 1, 0, 0, 0
87824, 0, 1, 1, 0, 0, 0
87825, 0, 1, 1, 0, 0, 0
22948, 1, 0, 0, 0, 0, 1
22949, 1, 0, 0, 0, 0, 1
22950, 1, 0, 0, 0, 1, 0
22952, 1, 1, 1, 0, 1, 0
22954, 1, 0, 0, 0, 1, 0
22960, 1, 0, 0, 0, 1, 0
22961, 1, 0, 0, 0, 1, 0
22962, 1, 0, 0, 0, 1, 0
22964, 1, 0, 0, 0, 1, 0
22965, 1, 0, 0, 0, 0, 1
22966, 1, 1, 0, 1, 0, 1
22967, 1, 0, 0, 0, 1, 0
22968, 1, 2, 2, 0, 1, 0
23014, 1, 1, 1, 0, 1, 0
23110, 1, 1, 1, 0, 1, 0
23252, 0, 1, 1, 0, 0, 0
23253, 0, 1, 1, 0, 0, 0
23254, 0, 1, 1, 0, 0, 0
96272, 4, 2, 2, 0, 4, 0
96816, 1, 1, 1, 0, 1, 0
22971, 1, 0, 0, 0, 0, 1
22973, 2, 0, 0, 0, 2, 0
22976, 2, 1, 1, 0, 2, 0
22977, 3, 4, 4, 0, 3, 0
23067, 3, 2, 1, 1, 3, 0
22978, 2, 0, 0, 0, 2, 0
22979, 1, 0, 0, 0, 1, 0
22980, 1, 0, 0, 0, 1, 0
22981, 1, 0, 0, 0, 1, 0
22982, 1, 0, 0, 0, 1, 0
22984, 2, 1, 0, 1, 2, 0
41709, 3, 2, 0, 2, 3, 0
102621, 1, 3, 0, 3, 1, 0
104529, 0, 1, 0, 1, 0, 0
104751, 0, 1, 0, 1, 0, 0
105348, 0, 2, 0, 2, 0, 0
22987, 1, 0, 0, 0, 0, 1
22989, 4, 1, 1, 0, 4, 0
49541, 2, 2, 2, 0, 2, 0
56611, 2, 3, 3, 0, 2, 0
22991, 1, 0, 0, 0, 0, 1
82518, 1, 2, 2, 0, 1, 0
22993, 1, 0, 0, 0, 1, 0
22994, 1, 0, 0, 0, 1, 0
22995, 1, 0, 0, 0, 1, 0
22996, 1, 0, 0, 0, 0, 1
22998, 1, 0, 0, 0, 1, 0
23001, 2, 3, 2, 1, 2, 0
23002, 1, 0, 0, 0, 0, 1
23003, 1, 1, 0, 1, 1, 0
25626, 0, 1, 1, 0, 0, 0
23004, 1, 1, 1, 0, 1, 0
23275, 1, 1, 1, 0, 1, 0
84315, 1, 1, 1, 0, 1, 0
84316, 0, 1, 1, 0, 0, 0
23006, 1, 0, 0, 0, 0, 1
23007, 1, 0, 0, 0, 1, 0
23009, 1, 0, 0, 0, 0, 1
23012, 1, 0, 0, 0, 1, 0
33375, 0, 1, 1, 0, 0, 0
62198, 0, 2, 1, 1, 0, 0
40147, 1, 1, 1, 0, 1, 0
40423, 2, 2, 1, 1, 2, 0
23017, 1, 0, 0, 0, 1, 0
32514, 1, 1, 1, 0, 0, 1
23020, 1, 1, 1, 0, 1, 0
23022, 1, 0, 0, 0, 1, 0
88095, 1, 1, 1, 0, 1, 0
23024, 5, 1, 1, 0, 2, 3
23030, 1, 0, 0, 0, 1, 0
35899, 3, 1, 1, 0, 3, 0
60584, 2, 1, 1, 0, 1, 1
64179, 5, 2, 2, 0, 5, 0
64181, 0, 1, 1, 0, 0, 0
64182, 0, 1, 0, 1, 0, 0
64186, 0, 1, 0, 1, 0, 0
23033, 2, 0, 0, 0, 2, 0
23239, 0, 1, 1, 0, 0, 0
114598, 0, 1, 1, 0, 0, 0
101406, 0, 2, 2, 0, 0, 0
23037, 2, 0, 0, 0, 2, 0
23038, 1, 0, 0, 0, 0, 1
23039, 2, 0, 0, 0, 2, 0
23040, 0, 2, 2, 0, 0, 0
71055, 4, 2, 2, 0, 4, 0
32624, 2, 1, 1, 0, 2, 0
89194, 0, 1, 0, 1, 0, 0
118283, 2, 1, 1, 0, 2, 0
94257, 0, 2, 0, 2, 0, 0
23045, 1, 0, 0, 0, 1, 0
23046, 0, 1, 1, 0, 0, 0
23048, 1, 0, 0, 0, 0, 1
23051, 1, 0, 0, 0, 1, 0
23052, 3, 1, 1, 0, 3, 0
23053, 1, 0, 0, 0, 1, 0
23055, 1, 0, 0, 0, 1, 0
23056, 2, 2, 2, 0, 1, 1
127528, 1, 1, 1, 0, 1, 0
23057, 1, 2, 0, 2, 0, 1
23059, 0, 1, 1, 0, 0, 0
23060, 1, 0, 0, 0, 1, 0
23063, 1, 0, 0, 0, 0, 1
23065, 1, 0, 0, 0, 1, 0
23069, 3, 0, 0, 0, 3, 0
23071, 0, 1, 1, 0, 0, 0
40905, 2, 1, 1, 0, 2, 0
40906, 0, 2, 2, 0, 0, 0
23072, 2, 0, 0, 0, 2, 0
23073, 0, 1, 1, 0, 0, 0
23074, 2, 0, 0, 0, 1, 1
23075, 0, 1, 0, 1, 0, 0
109764, 0, 2, 2, 0, 0, 0
23079, 0, 1, 1, 0, 0, 0
100837, 0, 2, 0, 2, 0, 0
23080, 2, 0, 0, 0, 2, 0
23081, 2, 0, 0, 0, 0, 2
23082, 3, 1, 0, 1, 0, 3
82539, 0, 1, 0, 1, 0, 0
23083, 1, 0, 0, 0, 1, 0
121474, 0, 1, 1, 0, 0, 0
50568, 0, 1, 1, 0, 0, 0
50570, 0, 1, 0, 1, 0, 0
50571, 0, 1, 0, 1, 0, 0
50572, 0, 2, 2, 0, 0, 0
23091, 4, 0, 0, 0, 3, 1
47227, 10, 3, 3, 0, 4, 6
23095, 3, 0, 0, 0, 3, 0
23096, 0, 1, 1, 0, 0, 0
23098, 1, 1, 0, 1, 1, 0
23100, 1, 0, 0, 0, 1, 0
23101, 1, 0, 0, 0, 1, 0
23103, 1, 0, 0, 0, 1, 0
23104, 2, 1, 1, 0, 1, 1
36257, 8, 2, 2, 0, 8, 0
23106, 1, 0, 0, 0, 1, 0
23108, 1, 0, 0, 0, 1, 0
23109, 0, 8, 8, 0, 0, 0
23112, 2, 0, 0, 0, 2, 0
23113, 5, 0, 0, 0, 2, 3
23116, 1, 0, 0, 0, 0, 1
69646, 1, 1, 1, 0, 1, 0
23118, 1, 0, 0, 0, 1, 0
23119, 1, 0, 0, 0, 1, 0
23120, 1, 0, 0, 0, 1, 0
23121, 1, 0, 0, 0, 1, 0
23123, 2, 2, 1, 1, 0, 2
23125, 0, 2, 1, 1, 0, 0
58166, 4, 2, 2, 0, 4, 0
61987, 2, 2, 2, 0, 2, 0
23127, 1, 0, 0, 0, 1, 0
23128, 1, 0, 0, 0, 1, 0
23130, 1, 0, 0, 0, 1, 0
23132, 1, 0, 0, 0, 1, 0
63432, 0, 1, 1, 0, 0, 0
63435, 1, 2, 2, 0, 1, 0
63436, 5, 4, 4, 0, 5, 0
23134, 2, 0, 0, 0, 2, 0
23135, 0, 1, 1, 0, 0, 0
23136, 0, 1, 1, 0, 0, 0
23137, 1, 0, 0, 0, 1, 0
23139, 1, 0, 0, 0, 0, 1
23140, 0, 2, 1, 1, 0, 0
23141, 4, 0, 0, 0, 4, 0
23142, 5, 9, 9, 0, 5, 0
27966, 2, 4, 4, 0, 2, 0
89998, 8, 5, 5, 0, 8, 0
23143, 1, 1, 1, 0, 1, 0
32202, 1, 1, 1, 0, 1, 0
39850, 4, 1, 1, 0, 4, 0
64551, 0, 1, 1, 0, 0, 0
23146, 1, 0, 0, 0, 1, 0
23147, 1, 0, 0, 0, 1, 0
23149, 1, 0, 0, 0, 1, 0
88944, 6, 1, 1, 0, 6, 0
89054, 0, 1, 1, 0, 0, 0
23152, 2, 0, 0, 0, 2, 0
23153, 0, 2, 2, 0, 0, 0
23154, 1, 0, 0, 0, 1, 0
54187, 1, 4, 3, 1, 0, 1
23156, 2, 0, 0, 0, 2, 0
25670, 0, 2, 2, 0, 0, 0
23158, 1, 0, 0, 0, 1, 0
23159, 1, 0, 0, 0, 1, 0
23160, 0, 1, 1, 0, 0, 0
23161, 1, 0, 0, 0, 1, 0
23162, 1, 0, 0, 0, 1, 0
23163, 1, 0, 0, 0, 1, 0
23164, 1, 0, 0, 0, 1, 0
23165, 0, 1, 1, 0, 0, 0
23166, 1, 0, 0, 0, 1, 0
23167, 1, 0, 0, 0, 0, 1
23168, 1, 0, 0, 0, 1, 0
23169, 1, 1, 1, 0, 1, 0
23170, 2, 2, 2, 0, 2, 0
23171, 1, 0, 0, 0, 1, 0
23172, 0, 3, 2, 1, 0, 0
65964, 0, 2, 2, 0, 0, 0
70559, 13, 5, 4, 1, 13, 0
71926, 1, 1, 1, 0, 1, 0
23174, 1, 0, 0, 0, 1, 0
23178, 1, 0, 0, 0, 1, 0
23179, 0, 1, 1, 0, 0, 0
23181, 0, 1, 1, 0, 0, 0
23182, 1, 0, 0, 0, 1, 0
23183, 1, 0, 0, 0, 1, 0
23184, 1, 1, 1, 0, 0, 1
23185, 1, 0, 0, 0, 1, 0
23186, 0, 1, 1, 0, 0, 0
23187, 1, 0, 0, 0, 1, 0
86596, 3, 1, 1, 0, 3, 0
87571, 0, 1, 1, 0, 0, 0
23194, 8, 0, 0, 0, 5, 3
44437, 11, 7, 7, 0, 11, 0
23199, 1, 0, 0, 0, 0, 1
23200, 1, 0, 0, 0, 1, 0
23201, 1, 0, 0, 0, 0, 1
23202, 0, 1, 0, 1, 0, 0
23203, 1, 0, 0, 0, 0, 1
23204, 1, 0, 0, 0, 1, 0
23206, 1, 0, 0, 0, 1, 0
23207, 2, 0, 0, 0, 1, 1
52858, 0, 1, 1, 0, 0, 0
23211, 2, 1, 0, 1, 2, 0
23212, 1, 0, 0, 0, 1, 0
23213, 1, 1, 1, 0, 1, 0
23214, 3, 0, 0, 0, 1, 2
23215, 0, 1, 0, 1, 0, 0
23216, 0, 1, 0, 1, 0, 0
23218, 4, 1, 1, 0, 4, 0
96236, 0, 1, 1, 0, 0, 0
23224, 1, 0, 0, 0, 1, 0
71558, 5, 11, 11, 0, 5, 0
73640, 19, 11, 11, 0, 19, 0
75501, 1, 1, 1, 0, 1, 0
23226, 1, 1, 1, 0, 1, 0
23229, 5, 0, 0, 0, 0, 5
23230, 0, 2, 1, 1, 0, 0
23231, 0, 1, 0, 1, 0, 0
23232, 4, 4, 3, 1, 4, 0
74952, 0, 1, 0, 1, 0, 0
74953, 0, 1, 0, 1, 0, 0
23236, 1, 0, 0, 0, 1, 0
23237, 6, 0, 0, 0, 6, 0
23240, 1, 0, 0, 0, 0, 1
23242, 1, 0, 0, 0, 1, 0
23243, 4, 1, 1, 0, 4, 0
57348, 1, 1, 1, 0, 1, 0
57349, 1, 2, 2, 0, 1, 0
23245, 1, 0, 0, 0, 0, 1
23246, 0, 1, 0, 1, 0, 0
23247, 2, 0, 0, 0, 2, 0
23249, 3, 2, 1, 1, 1, 2
64782, 3, 6, 5, 1, 3, 0
66837, 2, 4, 4, 0, 2, 0
79031, 1, 1, 1, 0, 1, 0
79214, 1, 1, 1, 0, 1, 0
88898, 0, 1, 1, 0, 0, 0
39888, 0, 1, 1, 0, 0, 0
39889, 0, 1, 1, 0, 0, 0
39890, 0, 1, 0, 1, 0, 0
39891, 0, 1, 0, 1, 0, 0
39892, 0, 1, 0, 1, 0, 0
39893, 0, 1, 1, 0, 0, 0
112827, 1, 2, 2, 0, 1, 0
55293, 1, 1, 1, 0, 1, 0
60923, 13, 8, 7, 1, 13, 0
61520, 0, 1, 1, 0, 0, 0
108831, 1, 1, 0, 1, 1, 0
23266, 1, 0, 0, 0, 1, 0
23267, 1, 0, 0, 0, 1, 0
23268, 2, 0, 0, 0, 1, 1
23269, 1, 0, 0, 0, 1, 0
23270, 1, 0, 0, 0, 0, 1
23271, 1, 0, 0, 0, 1, 0
23272, 1, 0, 0, 0, 1, 0
23273, 0, 1, 1, 0, 0, 0
23276, 2, 0, 0, 0, 2, 0
23277, 4, 0, 0, 0, 4, 0
23279, 0, 1, 1, 0, 0, 0
23281, 0, 1, 1, 0, 0, 0
23282, 0, 1, 1, 0, 0, 0
66343, 0, 2, 2, 0, 0, 0
23285, 10, 1, 1, 0, 7, 3
23286, 3, 2, 2, 0, 3, 0
23289, 1, 2, 2, 0, 1, 0
106606, 1, 2, 2, 0, 1, 0
23290, 1, 0, 0, 0, 1, 0
23293, 1, 0, 0, 0, 1, 0
36371, 13, 8, 8, 0, 13, 0
23298, 0, 1, 1, 0, 0, 0
23299, 0, 1, 1, 0, 0, 0
23300, 1, 0, 0, 0, 1, 0
23301, 1, 0, 0, 0, 1, 0
23302, 0, 1, 1, 0, 0, 0
23303, 1, 0, 0, 0, 1, 0
23304, 1, 0, 0, 0, 1, 0
23306, 1, 0, 0, 0, 1, 0
30843, 11, 3, 3, 0, 11, 0
35024, 2, 2, 2, 0, 2, 0
55438, 9, 5, 5, 0, 9, 0
71678, 5, 7, 6, 1, 5, 0
73472, 29, 8, 8, 0, 29, 0
23310, 1, 0, 0, 0, 1, 0
59544, 1, 1, 1, 0, 1, 0
23315, 0, 1, 0, 1, 0, 0
23316, 1, 1, 0, 1, 0, 1
65746, 1, 5, 5, 0, 1, 0
23317, 1, 0, 0, 0, 1, 0
23325, 1, 0, 0, 0, 1, 0
23326, 1, 0, 0, 0, 0, 1
23327, 0, 2, 1, 1, 0, 0
23328, 1, 0, 0, 0, 1, 0
26673, 1, 1, 1, 0, 1, 0
93187, 7, 2, 2, 0, 7, 0
95729, 0, 1, 0, 1, 0, 0
23330, 1, 1, 1, 0, 1, 0
23773, 0, 1, 1, 0, 0, 0
23775, 3, 1, 0, 1, 2, 1
23332, 2, 0, 0, 0, 2, 0
23335, 1, 0, 0, 0, 1, 0
23336, 0, 2, 2, 0, 0, 0
23337, 1, 1, 1, 0, 1, 0
23338, 11, 2, 2, 0, 11, 0
44263, 0, 1, 1, 0, 0, 0
44264, 0, 1, 1, 0, 0, 0
97919, 0, 1, 1, 0, 0, 0
110988, 0, 1, 1, 0, 0, 0
23339, 1, 0, 0, 0, 0, 1
23340, 0, 1, 0, 1, 0, 0
23341, 1, 0, 0, 0, 1, 0
23343, 7, 3, 2, 1, 5, 2
46476, 0, 1, 0, 1, 0, 0
23344, 1, 0, 0, 0, 1, 0
23346, 1, 0, 0, 0, 1, 0
23348, 4, 1, 1, 0, 3, 1
98546, 1, 2, 2, 0, 1, 0
23349, 1, 1, 1, 0, 1, 0
23350, 2, 1, 1, 0, 2, 0
23351, 1, 0, 0, 0, 1, 0
23352, 5, 0, 0, 0, 5, 0
23353, 0, 1, 1, 0, 0, 0
23354, 1, 2, 2, 0, 1, 0
23355, 0, 1, 1, 0, 0, 0
23357, 2, 1, 1, 0, 2, 0
23358, 1, 1, 1, 0, 1, 0
82115, 1, 1, 1, 0, 1, 0
23361, 1, 0, 0, 0, 1, 0
23362, 0, 1, 1, 0, 0, 0
23364, 2, 0, 0, 0, 2, 0
23365, 1, 0, 0, 0, 1, 0
23368, 2, 0, 0, 0, 1, 1
23369, 0, 1, 1, 0, 0, 0
23371, 2, 0, 0, 0, 2, 0
23372, 1, 0, 0, 0, 1, 0
23373, 1, 1, 1, 0, 1, 0
23376, 2, 0, 0, 0, 2, 0
23377, 1, 0, 0, 0, 1, 0
23378, 2, 0, 0, 0, 1, 1
23379, 1, 0, 0, 0, 1, 0
23380, 0, 2, 2, 0, 0, 0
23382, 1, 1, 1, 0, 1, 0
23384, 2, 1, 1, 0, 1, 1
23385, 3, 1, 1, 0, 3, 0
23386, 1, 0, 0, 0, 1, 0
23387, 1, 0, 0, 0, 1, 0
23389, 1, 0, 0, 0, 0, 1
23390, 0, 2, 1, 1, 0, 0
23391, 2, 1, 1, 0, 1, 1
23392, 3, 1, 1, 0, 2, 1
23393, 1, 0, 0, 0, 1, 0
23394, 1, 1, 1, 0, 1, 0
23395, 1, 0, 0, 0, 0, 1
23396, 3, 0, 0, 0, 3, 0
23397, 1, 0, 0, 0, 1, 0
23399, 1, 0, 0, 0, 1, 0
23400, 1, 1, 1, 0, 1, 0
23402, 2, 0, 0, 0, 0, 2
23403, 1, 0, 0, 0, 0, 1
23404, 0, 1, 0, 1, 0, 0
23405, 1, 0, 0, 0, 1, 0
37592, 0, 4, 4, 0, 0, 0
77767, 0, 1, 0, 1, 0, 0
62248, 0, 1, 0, 1, 0, 0
62249, 0, 1, 0, 1, 0, 0
23412, 2, 0, 0, 0, 2, 0
23413, 1, 1, 1, 0, 1, 0
23414, 1, 3, 3, 0, 1, 0
23415, 1, 0, 0, 0, 0, 1
23416, 1, 0, 0, 0, 1, 0
49688, 2, 2, 2, 0, 2, 0
51503, 1, 1, 0, 1, 0, 1
23766, 0, 1, 0, 1, 0, 0
23421, 1, 0, 0, 0, 1, 0
23426, 7, 2, 2, 0, 6, 1
58955, 2, 2, 2, 0, 2, 0
59097, 3, 1, 1, 0, 2, 1
23427, 1, 1, 1, 0, 1, 0
23428, 2, 4, 4, 0, 2, 0
73848, 0, 1, 1, 0, 0, 0
23433, 0, 1, 0, 1, 0, 0
23437, 2, 0, 0, 0, 1, 1
23438, 1, 0, 0, 0, 1, 0
23439, 1, 0, 0, 0, 0, 1
23440, 1, 0, 0, 0, 1, 0
23441, 1, 0, 0, 0, 0, 1
23443, 1, 0, 0, 0, 1, 0
23445, 1, 0, 0, 0, 1, 0
23447, 1, 0, 0, 0, 1, 0
23448, 2, 3, 3, 0, 2, 0
71287, 2, 4, 4, 0, 2, 0
23449, 1, 0, 0, 0, 1, 0
23452, 1, 1, 1, 0, 1, 0
48007, 12, 10, 10, 0, 12, 0
73639, 0, 5, 5, 0, 0, 0
23456, 1, 0, 0, 0, 1, 0
23457, 1, 0, 0, 0, 1, 0
23459, 2, 1, 1, 0, 1, 1
23461, 2, 0, 0, 0, 2, 0
23462, 5, 1, 1, 0, 5, 0
23463, 0, 2, 2, 0, 0, 0
23464, 0, 1, 1, 0, 0, 0
23465, 2, 1, 1, 0, 0, 2
95222, 0, 1, 1, 0, 0, 0
27623, 0, 1, 0, 1, 0, 0
23466, 1, 0, 0, 0, 1, 0
101788, 0, 1, 0, 1, 0, 0
112299, 0, 2, 1, 1, 0, 0
37079, 1, 1, 1, 0, 1, 0
53444, 5, 1, 1, 0, 5, 0
90804, 1, 2, 2, 0, 1, 0
91828, 0, 1, 0, 1, 0, 0
105047, 1, 1, 1, 0, 1, 0
31293, 6, 9, 8, 1, 6, 0
87319, 2, 5, 5, 0, 2, 0
95241, 4, 4, 4, 0, 3, 1
98875, 12, 3, 3, 0, 12, 0
102292, 0, 1, 1, 0, 0, 0
102293, 0, 1, 1, 0, 0, 0
23472, 1, 0, 0, 0, 0, 1
23474, 0, 1, 0, 1, 0, 0
58774, 1, 1, 0, 1, 1, 0
93199, 2, 1, 0, 1, 0, 2
23476, 0, 1, 1, 0, 0, 0
104178, 0, 1, 0, 1, 0, 0
106410, 1, 1, 0, 1, 1, 0
98570, 1, 1, 0, 1, 1, 0
101374, 0, 1, 0, 1, 0, 0
111434, 1, 1, 0, 1, 1, 0
115876, 2, 1, 0, 1, 2, 0
120570, 2, 2, 0, 2, 2, 0
121517, 0, 1, 0, 1, 0, 0
122269, 0, 2, 1, 1, 0, 0
122951, 0, 1, 0, 1, 0, 0
126129, 0, 1, 0, 1, 0, 0
126487, 0, 1, 0, 1, 0, 0
127175, 0, 1, 0, 1, 0, 0
127364, 1, 1, 0, 1, 1, 0
23482, 1, 0, 0, 0, 0, 1
23483, 2, 0, 0, 0, 2, 0
23485, 5, 1, 1, 0, 5, 0
23489, 5, 1, 1, 0, 5, 0
72635, 0, 2, 2, 0, 0, 0
85618, 0, 1, 1, 0, 0, 0
85619, 0, 1, 1, 0, 0, 0
85620, 0, 2, 2, 0, 0, 0
85621, 0, 1, 1, 0, 0, 0
23491, 7, 0, 0, 0, 6, 1
23492, 1, 0, 0, 0, 0, 1
23493, 1, 0, 0, 0, 0, 1
23495, 2, 1, 1, 0, 2, 0
23496, 4, 1, 1, 0, 4, 0
23497, 0, 2, 2, 0, 0, 0
23498, 1, 0, 0, 0, 1, 0
23499, 1, 0, 0, 0, 0, 1
31525, 1, 2, 2, 0, 1, 0
23505, 1, 0, 0, 0, 0, 1
58043, 2, 2, 2, 0, 2, 0
104417, 0, 1, 0, 1, 0, 0
104597, 0, 3, 2, 1, 0, 0
23511, 1, 0, 0, 0, 1, 0
79406, 1, 1, 0, 1, 1, 0
109759, 0, 1, 0, 1, 0, 0
23516, 14, 0, 0, 0, 14, 0
23517, 2, 10, 10, 0, 2, 0
23528, 0, 6, 6, 0, 0, 0
23529, 11, 12, 12, 0, 11, 0
102267, 0, 7, 7, 0, 0, 0
102077, 0, 7, 7, 0, 0, 0
102549, 1, 2, 2, 0, 0, 1
103612, 1, 2, 2, 0, 1, 0
104325, 0, 1, 1, 0, 0, 0
104587, 0, 1, 1, 0, 0, 0
106405, 0, 2, 2, 0, 0, 0
106406, 0, 2, 2, 0, 0, 0
108863, 2, 3, 3, 0, 2, 0
80783, 0, 2, 2, 0, 0, 0
24887, 2, 6, 6, 0, 2, 0
39830, 0, 4, 4, 0, 0, 0
39877, 2, 3, 3, 0, 1, 1
68796, 1, 4, 4, 0, 1, 0
80776, 0, 1, 1, 0, 0, 0
80778, 0, 2, 2, 0, 0, 0
80779, 0, 1, 1, 0, 0, 0
80780, 0, 2, 2, 0, 0, 0
80781, 0, 1, 1, 0, 0, 0
102099, 0, 2, 2, 0, 0, 0
102600, 1, 1, 1, 0, 1, 0
102776, 0, 3, 3, 0, 0, 0
23537, 3, 3, 3, 0, 3, 0
23538, 1, 0, 0, 0, 1, 0
23539, 0, 1, 1, 0, 0, 0
23540, 2, 0, 0, 0, 2, 0
23541, 0, 1, 1, 0, 0, 0
102829, 5, 2, 2, 0, 5, 0
99348, 0, 2, 1, 1, 0, 0
99440, 0, 2, 1, 1, 0, 0
99464, 0, 1, 0, 1, 0, 0
23547, 1, 0, 0, 0, 1, 0
23548, 2, 2, 2, 0, 2, 0
95248, 0, 1, 1, 0, 0, 0
95249, 0, 1, 1, 0, 0, 0
96209, 0, 1, 1, 0, 0, 0
100404, 0, 2, 2, 0, 0, 0
116115, 1, 3, 3, 0, 1, 0
126414, 0, 1, 1, 0, 0, 0
23552, 3, 4, 4, 0, 3, 0
23556, 2, 2, 2, 0, 2, 0
95258, 1, 1, 1, 0, 1, 0
23553, 4, 1, 1, 0, 2, 2
23554, 0, 1, 1, 0, 0, 0
61675, 0, 1, 1, 0, 0, 0
23558, 1, 0, 0, 0, 1, 0
58791, 0, 1, 0, 1, 0, 0
23562, 1, 0, 0, 0, 1, 0
23563, 2, 0, 0, 0, 2, 0
95253, 0, 1, 1, 0, 0, 0
95991, 3, 2, 2, 0, 3, 0
113037, 1, 2, 2, 0, 1, 0
23566, 1, 0, 0, 0, 1, 0
23567, 2, 0, 0, 0, 1, 1
23568, 1, 2, 2, 0, 1, 0
108079, 0, 1, 1, 0, 0, 0
23570, 1, 0, 0, 0, 1, 0
26134, 2, 5, 5, 0, 2, 0
67573, 1, 1, 1, 0, 1, 0
69769, 0, 1, 1, 0, 0, 0
69770, 0, 1, 1, 0, 0, 0
94335, 8, 4, 4, 0, 8, 0
105193, 1, 1, 1, 0, 1, 0
23582, 3, 2, 2, 0, 3, 0
94911, 2, 2, 2, 0, 2, 0
39288, 3, 2, 1, 1, 3, 0
39289, 0, 1, 0, 1, 0, 0
39290, 0, 2, 1, 1, 0, 0
39291, 0, 2, 1, 1, 0, 0
39292, 0, 2, 1, 1, 0, 0
23575, 3, 1, 1, 0, 3, 0
23577, 7, 1, 1, 0, 7, 0
23578, 1, 1, 1, 0, 1, 0
23580, 7, 3, 2, 1, 6, 1
23584, 1, 0, 0, 0, 1, 0
23586, 1, 0, 0, 0, 1, 0
23588, 2, 0, 0, 0, 2, 0
23589, 1, 0, 0, 0, 1, 0
23591, 1, 0, 0, 0, 1, 0
23592, 1, 0, 0, 0, 0, 1
23595, 1, 0, 0, 0, 1, 0
23596, 1, 1, 1, 0, 1, 0
99409, 2, 3, 3, 0, 2, 0
115197, 1, 3, 3, 0, 1, 0
117249, 0, 2, 2, 0, 0, 0
125824, 0, 1, 1, 0, 0, 0
32368, 2, 1, 1, 0, 2, 0
41301, 0, 1, 0, 1, 0, 0
41302, 0, 1, 1, 0, 0, 0
41303, 1, 1, 1, 0, 1, 0
97030, 2, 1, 1, 0, 1, 1
121125, 1, 1, 1, 0, 1, 0
95286, 1, 1, 1, 0, 1, 0
23601, 1, 0, 0, 0, 1, 0
60669, 3, 3, 3, 0, 3, 0
94119, 13, 1, 1, 0, 13, 0
23606, 1, 0, 0, 0, 1, 0
23607, 0, 1, 1, 0, 0, 0
23608, 1, 0, 0, 0, 0, 1
23609, 1, 3, 2, 1, 1, 0
23610, 1, 1, 1, 0, 1, 0
84941, 0, 2, 2, 0, 0, 0
84942, 1, 3, 3, 0, 1, 0
57428, 2, 4, 4, 0, 2, 0
58413, 2, 5, 5, 0, 2, 0
58425, 9, 9, 9, 0, 9, 0
70249, 1, 2, 2, 0, 1, 0
71059, 1, 4, 3, 1, 1, 0
73595, 4, 4, 4, 0, 4, 0
76969, 1, 3, 3, 0, 1, 0
78265, 0, 2, 2, 0, 0, 0
78863, 0, 3, 3, 0, 0, 0
85917, 3, 3, 3, 0, 3, 0
86003, 7, 4, 4, 0, 7, 0
86917, 1, 1, 1, 0, 1, 0
87006, 0, 2, 2, 0, 0, 0
87049, 1, 2, 2, 0, 0, 1
87050, 1, 2, 2, 0, 1, 0
87051, 1, 1, 1, 0, 1, 0
87053, 1, 3, 3, 0, 1, 0
87054, 4, 3, 3, 0, 4, 0
87055, 0, 1, 1, 0, 0, 0
87056, 2, 2, 2, 0, 2, 0
87057, 0, 1, 1, 0, 0, 0
87058, 0, 1, 1, 0, 0, 0
87059, 1, 1, 1, 0, 1, 0
87060, 1, 1, 1, 0, 1, 0
87063, 0, 1, 1, 0, 0, 0
87064, 2, 1, 1, 0, 2, 0
87065, 0, 2, 2, 0, 0, 0
87066, 1, 1, 1, 0, 1, 0
87068, 1, 4, 4, 0, 1, 0
87069, 1, 1, 1, 0, 1, 0
87071, 1, 1, 1, 0, 1, 0
87072, 0, 1, 1, 0, 0, 0
87073, 0, 1, 1, 0, 0, 0
87075, 0, 1, 1, 0, 0, 0
87076, 0, 1, 1, 0, 0, 0
87077, 0, 1, 1, 0, 0, 0
87078, 1, 1, 1, 0, 1, 0
87080, 0, 4, 4, 0, 0, 0
87081, 0, 1, 1, 0, 0, 0
87084, 0, 1, 1, 0, 0, 0
87085, 1, 3, 3, 0, 1, 0
87086, 0, 1, 1, 0, 0, 0
87088, 2, 1, 1, 0, 2, 0
87089, 0, 1, 1, 0, 0, 0
53229, 1, 1, 1, 0, 1, 0
23634, 1, 0, 0, 0, 1, 0
23636, 1, 0, 0, 0, 1, 0
23637, 0, 1, 1, 0, 0, 0
23638, 1, 0, 0, 0, 1, 0
83456, 0, 1, 1, 0, 0, 0
83457, 0, 1, 1, 0, 0, 0
23649, 1, 0, 0, 0, 0, 1
23652, 2, 1, 1, 0, 1, 1
23653, 2, 0, 0, 0, 2, 0
23654, 3, 0, 0, 0, 0, 3
23656, 1, 0, 0, 0, 1, 0
23658, 0, 1, 1, 0, 0, 0
23659, 4, 0, 0, 0, 4, 0
23660, 0, 1, 1, 0, 0, 0
23662, 2, 0, 0, 0, 2, 0
45944, 0, 1, 1, 0, 0, 0
23665, 1, 0, 0, 0, 1, 0
23667, 1, 0, 0, 0, 1, 0
23668, 0, 1, 1, 0, 0, 0
101078, 8, 1, 1, 0, 3, 5
23671, 1, 0, 0, 0, 0, 1
23673, 1, 0, 0, 0, 0, 1
23674, 0, 1, 0, 1, 0, 0
34589, 0, 1, 1, 0, 0, 0
23677, 1, 0, 0, 0, 1, 0
23678, 1, 4, 4, 0, 1, 0
24055, 2, 3, 3, 0, 1, 1
23679, 1, 0, 0, 0, 1, 0
23680, 1, 1, 1, 0, 1, 0
23681, 8, 4, 4, 0, 8, 0
24359, 5, 3, 3, 0, 4, 1
25981, 5, 5, 4, 1, 5, 0
23682, 1, 0, 0, 0, 1, 0
23684, 1, 1, 1, 0, 1, 0
23685, 1, 1, 1, 0, 1, 0
23686, 4, 1, 1, 0, 4, 0
27740, 5, 1, 0, 1, 4, 1
23688, 1, 0, 0, 0, 1, 0
71295, 2, 10, 10, 0, 2, 0
72984, 1, 1, 1, 0, 1, 0
73155, 6, 2, 2, 0, 6, 0
73784, 43, 6, 6, 0, 43, 0
73786, 0, 2, 2, 0, 0, 0
23690, 1, 0, 0, 0, 1, 0
23691, 1, 0, 0, 0, 1, 0
23692, 2, 0, 0, 0, 2, 0
23693, 1, 0, 0, 0, 1, 0
23694, 2, 0, 0, 0, 2, 0
23695, 0, 1, 1, 0, 0, 0
23696, 1, 0, 0, 0, 1, 0
23698, 1, 0, 0, 0, 1, 0
23699, 0, 1, 1, 0, 0, 0
23700, 1, 0, 0, 0, 1, 0
23701, 0, 1, 1, 0, 0, 0
23702, 1, 0, 0, 0, 1, 0
23703, 0, 1, 1, 0, 0, 0
23704, 1, 1, 0, 1, 1, 0
26571, 4, 2, 2, 0, 4, 0
26607, 1, 3, 3, 0, 1, 0
23707, 1, 0, 0, 0, 1, 0
23709, 1, 0, 0, 0, 1, 0
23710, 1, 0, 0, 0, 1, 0
23711, 2, 0, 0, 0, 1, 1
23712, 0, 1, 1, 0, 0, 0
23714, 1, 0, 0, 0, 1, 0
23715, 2, 0, 0, 0, 2, 0
41769, 6, 3, 3, 0, 6, 0
104520, 6, 6, 6, 0, 5, 1
23719, 2, 0, 0, 0, 0, 2
36986, 2, 2, 2, 0, 2, 0
47299, 1, 1, 1, 0, 1, 0
47304, 0, 1, 1, 0, 0, 0
47306, 0, 2, 2, 0, 0, 0
47307, 0, 1, 1, 0, 0, 0
23722, 1, 0, 0, 0, 0, 1
23726, 0, 1, 0, 1, 0, 0
67056, 1, 1, 1, 0, 1, 0
23727, 1, 0, 0, 0, 1, 0
23731, 1, 0, 0, 0, 1, 0
23732, 0, 3, 3, 0, 0, 0
23733, 2, 0, 0, 0, 1, 1
23734, 0, 1, 0, 1, 0, 0
23735, 0, 1, 1, 0, 0, 0
23736, 2, 0, 0, 0, 2, 0
23737, 2, 0, 0, 0, 1, 1
23739, 1, 0, 0, 0, 1, 0
23740, 1, 0, 0, 0, 1, 0
39010, 8, 6, 6, 0, 7, 1
40498, 2, 2, 2, 0, 2, 0
64824, 0, 1, 1, 0, 0, 0
64825, 0, 1, 1, 0, 0, 0
64826, 0, 1, 1, 0, 0, 0
23744, 1, 0, 0, 0, 1, 0
39165, 7, 8, 8, 0, 7, 0
39833, 6, 3, 3, 0, 6, 0
39843, 5, 6, 6, 0, 5, 0
39844, 4, 6, 6, 0, 4, 0
39845, 4, 6, 6, 0, 4, 0
23748, 1, 1, 1, 0, 0, 1
23749, 1, 1, 1, 0, 0, 1
23750, 1, 1, 0, 1, 0, 1
23751, 1, 0, 0, 0, 1, 0
23754, 1, 0, 0, 0, 0, 1
23755, 1, 0, 0, 0, 0, 1
48715, 1, 2, 2, 0, 1, 0
27053, 0, 3, 0, 3, 0, 0
23759, 1, 0, 0, 0, 1, 0
23760, 1, 0, 0, 0, 1, 0
23761, 1, 0, 0, 0, 1, 0
57656, 0, 3, 2, 1, 0, 0
23763, 1, 0, 0, 0, 0, 1
23764, 0, 1, 0, 1, 0, 0
23767, 1, 0, 0, 0, 0, 1
23768, 2, 0, 0, 0, 0, 2
46588, 6, 4, 4, 0, 6, 0
46590, 0, 1, 1, 0, 0, 0
46591, 2, 2, 2, 0, 2, 0
46592, 0, 1, 0, 1, 0, 0
119737, 1, 1, 1, 0, 1, 0
120425, 0, 1, 1, 0, 0, 0
23770, 1, 0, 0, 0, 1, 0
23771, 1, 0, 0, 0, 1, 0
38065, 0, 3, 3, 0, 0, 0
23777, 1, 0, 0, 0, 1, 0
23779, 1, 0, 0, 0, 1, 0
23780, 2, 0, 0, 0, 2, 0
48202, 11, 4, 4, 0, 11, 0
56307, 3, 2, 1, 1, 3, 0
60688, 15, 7, 7, 0, 15, 0
61013, 11, 5, 5, 0, 11, 0
61015, 0, 1, 1, 0, 0, 0
23790, 2, 0, 0, 0, 0, 2
47677, 3, 3, 3, 0, 2, 1
66632, 2, 2, 2, 0, 2, 0
88919, 1, 1, 1, 0, 1, 0
89033, 0, 1, 1, 0, 0, 0
23792, 1, 0, 0, 0, 1, 0
23793, 1, 0, 0, 0, 0, 1
23794, 0, 1, 0, 1, 0, 0
23795, 1, 0, 0, 0, 0, 1
23798, 1, 0, 0, 0, 1, 0
23799, 1, 0, 0, 0, 1, 0
32442, 2, 1, 1, 0, 2, 0
42951, 2, 2, 2, 0, 2, 0
23804, 1, 2, 2, 0, 1, 0
71015, 0, 4, 4, 0, 0, 0
23806, 5, 0, 0, 0, 4, 1
25782, 2, 1, 0, 1, 2, 0
23811, 2, 0, 0, 0, 2, 0
23813, 1, 0, 0, 0, 1, 0
23814, 0, 1, 1, 0, 0, 0
23815, 1, 0, 0, 0, 0, 1
23817, 2, 0, 0, 0, 2, 0
36286, 33, 13, 13, 0, 33, 0
62677, 5, 3, 3, 0, 5, 0
89498, 1, 1, 1, 0, 1, 0
89838, 0, 1, 1, 0, 0, 0
89839, 0, 1, 1, 0, 0, 0
89840, 0, 1, 0, 1, 0, 0
23826, 1, 0, 0, 0, 1, 0
23827, 1, 0, 0, 0, 1, 0
23828, 1, 0, 0, 0, 1, 0
23831, 1, 0, 0, 0, 1, 0
23833, 1, 0, 0, 0, 0, 1
60482, 1, 1, 1, 0, 1, 0
66435, 2, 2, 2, 0, 2, 0
74998, 6, 2, 2, 0, 6, 0
76446, 1, 1, 1, 0, 1, 0
78990, 0, 1, 1, 0, 0, 0
78991, 0, 1, 1, 0, 0, 0
23835, 1, 0, 0, 0, 0, 1
23836, 0, 2, 1, 1, 0, 0
23837, 1, 0, 0, 0, 1, 0
23838, 2, 0, 0, 0, 2, 0
98239, 0, 1, 1, 0, 0, 0
23839, 4, 0, 0, 0, 4, 0
23840, 1, 0, 0, 0, 1, 0
51035, 1, 2, 1, 1, 1, 0
55398, 3, 2, 2, 0, 2, 1
55529, 1, 1, 0, 1, 1, 0
55678, 2, 2, 1, 1, 2, 0
59656, 0, 2, 1, 1, 0, 0
59731, 2, 1, 0, 1, 2, 0
77771, 0, 2, 2, 0, 0, 0
78555, 1, 2, 2, 0, 1, 0
79293, 0, 1, 1, 0, 0, 0
79294, 0, 1, 0, 1, 0, 0
79295, 0, 1, 1, 0, 0, 0
79296, 0, 1, 1, 0, 0, 0
23843, 1, 0, 0, 0, 0, 1
23844, 1, 0, 0, 0, 1, 0
31002, 5, 9, 9, 0, 5, 0
84759, 0, 1, 1, 0, 0, 0
23848, 0, 1, 1, 0, 0, 0
23849, 2, 1, 1, 0, 0, 2
28145, 2, 3, 3, 0, 2, 0
74197, 3, 1, 1, 0, 3, 0
74198, 1, 2, 2, 0, 1, 0
23851, 1, 0, 0, 0, 1, 0
23852, 2, 0, 0, 0, 2, 0
25706, 0, 1, 0, 1, 0, 0
25707, 0, 1, 0, 1, 0, 0
25709, 2, 1, 0, 1, 2, 0
23854, 2, 0, 0, 0, 1, 1
23855, 2, 2, 1, 1, 1, 1
23857, 1, 0, 0, 0, 0, 1
23858, 1, 0, 0, 0, 1, 0
23859, 0, 1, 1, 0, 0, 0
23861, 1, 0, 0, 0, 1, 0
23862, 3, 1, 1, 0, 3, 0
23864, 2, 0, 0, 0, 1, 1
73898, 1, 1, 1, 0, 1, 0
76491, 0, 1, 1, 0, 0, 0
85163, 2, 1, 1, 0, 2, 0
85764, 0, 1, 1, 0, 0, 0
85765, 0, 1, 1, 0, 0, 0
39016, 0, 5, 5, 0, 0, 0
53035, 0, 2, 1, 1, 0, 0
84000, 2, 1, 1, 0, 2, 0
85730, 0, 1, 1, 0, 0, 0
23870, 1, 0, 0, 0, 1, 0
23871, 1, 0, 0, 0, 1, 0
23872, 1, 0, 0, 0, 1, 0
23876, 1, 1, 1, 0, 1, 0
23877, 1, 1, 1, 0, 1, 0
23878, 1, 0, 0, 0, 0, 1
23879, 1, 0, 0, 0, 1, 0
79521, 2, 1, 1, 0, 2, 0
91391, 1, 1, 1, 0, 1, 0
91392, 0, 1, 1, 0, 0, 0
91393, 0, 1, 1, 0, 0, 0
91394, 0, 1, 1, 0, 0, 0
23884, 7, 1, 1, 0, 7, 0
23886, 1, 0, 0, 0, 0, 1
23887, 2, 0, 0, 0, 2, 0
23888, 1, 0, 0, 0, 0, 1
23944, 4, 2, 2, 0, 3, 1
64823, 0, 1, 0, 1, 0, 0
43917, 1, 7, 7, 0, 1, 0
87465, 0, 1, 0, 1, 0, 0
87466, 0, 1, 0, 1, 0, 0
105503, 0, 1, 1, 0, 0, 0
23893, 1, 0, 0, 0, 1, 0
23894, 1, 0, 0, 0, 1, 0
23896, 1, 0, 0, 0, 1, 0
23897, 1, 0, 0, 0, 1, 0
23898, 1, 0, 0, 0, 0, 1
23899, 1, 0, 0, 0, 1, 0
23900, 1, 0, 0, 0, 1, 0
23901, 1, 0, 0, 0, 1, 0
23902, 1, 0, 0, 0, 1, 0
23903, 1, 0, 0, 0, 1, 0
23904, 1, 0, 0, 0, 1, 0
23905, 1, 0, 0, 0, 1, 0
23906, 1, 0, 0, 0, 1, 0
23907, 1, 0, 0, 0, 1, 0
23908, 1, 0, 0, 0, 1, 0
23909, 1, 0, 0, 0, 1, 0
23910, 1, 0, 0, 0, 1, 0
23911, 1, 0, 0, 0, 1, 0
23912, 1, 0, 0, 0, 1, 0
23917, 1, 0, 0, 0, 1, 0
23918, 1, 0, 0, 0, 1, 0
23919, 1, 0, 0, 0, 1, 0
23920, 1, 0, 0, 0, 0, 1
23921, 5, 0, 0, 0, 5, 0
23922, 1, 0, 0, 0, 1, 0
23923, 1, 0, 0, 0, 1, 0
23924, 8, 1, 1, 0, 8, 0
35237, 0, 2, 2, 0, 0, 0
23928, 4, 0, 0, 0, 4, 0
76167, 0, 2, 2, 0, 0, 0
88412, 2, 2, 2, 0, 2, 0
88450, 0, 1, 1, 0, 0, 0
23931, 2, 0, 0, 0, 1, 1
23932, 1, 0, 0, 0, 1, 0
23933, 2, 1, 1, 0, 2, 0
23935, 0, 1, 0, 1, 0, 0
38130, 6, 2, 2, 0, 6, 0
23937, 1, 0, 0, 0, 1, 0
23938, 1, 0, 0, 0, 1, 0
85130, 2, 4, 4, 0, 2, 0
92779, 0, 4, 4, 0, 0, 0
92786, 0, 1, 1, 0, 0, 0
23940, 1, 0, 0, 0, 1, 0
23945, 0, 1, 1, 0, 0, 0
23946, 1, 0, 0, 0, 0, 1
23950, 1, 0, 0, 0, 0, 1
23951, 1, 0, 0, 0, 0, 1
23952, 1, 0, 0, 0, 0, 1
23954, 1, 0, 0, 0, 1, 0
23955, 1, 0, 0, 0, 1, 0
23956, 1, 1, 1, 0, 1, 0
23958, 1, 0, 0, 0, 0, 1
23959, 1, 0, 0, 0, 1, 0
23960, 1, 0, 0, 0, 1, 0
23961, 1, 0, 0, 0, 0, 1
23962, 1, 0, 0, 0, 1, 0
66642, 9, 4, 4, 0, 9, 0
23965, 1, 0, 0, 0, 1, 0
23966, 1, 1, 1, 0, 1, 0
55238, 9, 9, 9, 0, 8, 1
23968, 2, 0, 0, 0, 2, 0
83663, 2, 2, 2, 0, 2, 0
23970, 2, 0, 0, 0, 2, 0
67070, 7, 4, 4, 0, 7, 0
103073, 0, 1, 1, 0, 0, 0
23978, 0, 1, 0, 1, 0, 0
82893, 1, 1, 1, 0, 1, 0
83423, 0, 1, 1, 0, 0, 0
83424, 4, 1, 1, 0, 4, 0
83425, 0, 1, 1, 0, 0, 0
83426, 0, 1, 1, 0, 0, 0
83427, 0, 1, 1, 0, 0, 0
83428, 0, 1, 1, 0, 0, 0
23981, 1, 0, 0, 0, 1, 0
23982, 1, 0, 0, 0, 0, 1
23984, 2, 0, 0, 0, 2, 0
23985, 1, 0, 0, 0, 1, 0
23986, 0, 3, 3, 0, 0, 0
23987, 1, 0, 0, 0, 1, 0
23988, 1, 0, 0, 0, 1, 0
23989, 1, 3, 3, 0, 1, 0
23990, 4, 0, 0, 0, 4, 0
23992, 1, 0, 0, 0, 1, 0
23993, 1, 0, 0, 0, 1, 0
23994, 2, 1, 1, 0, 2, 0
23995, 1, 0, 0, 0, 1, 0
37308, 0, 5, 5, 0, 0, 0
46245, 2, 1, 1, 0, 2, 0
46246, 1, 2, 2, 0, 1, 0
60578, 3, 1, 1, 0, 3, 0
60579, 0, 1, 1, 0, 0, 0
108326, 3, 2, 2, 0, 3, 0
36773, 10, 2, 2, 0, 9, 1
24000, 2, 0, 0, 0, 2, 0
24001, 1, 0, 0, 0, 1, 0
24002, 1, 0, 0, 0, 0, 1
24003, 1, 0, 0, 0, 1, 0
26770, 1, 1, 1, 0, 1, 0
36705, 0, 3, 3, 0, 0, 0
43745, 0, 2, 2, 0, 0, 0
43747, 0, 1, 1, 0, 0, 0
43748, 0, 2, 1, 1, 0, 0
43749, 1, 2, 2, 0, 1, 0
24005, 1, 0, 0, 0, 1, 0
24006, 1, 0, 0, 0, 1, 0
24007, 2, 0, 0, 0, 2, 0
32024, 2, 2, 2, 0, 2, 0
30958, 1, 2, 2, 0, 1, 0
38506, 5, 5, 5, 0, 5, 0
24010, 1, 0, 0, 0, 0, 1
24012, 1, 0, 0, 0, 0, 1
24014, 6, 0, 0, 0, 6, 0
24015, 0, 1, 1, 0, 0, 0
24016, 1, 2, 2, 0, 1, 0
45875, 1, 1, 1, 0, 1, 0
24018, 1, 0, 0, 0, 0, 1
24019, 1, 0, 0, 0, 1, 0
81806, 0, 1, 1, 0, 0, 0
24022, 1, 1, 1, 0, 1, 0
54883, 3, 2, 2, 0, 3, 0
24024, 2, 0, 0, 0, 2, 0
24026, 0, 1, 1, 0, 0, 0
47824, 2, 2, 2, 0, 2, 0
47825, 3, 2, 2, 0, 3, 0
51487, 4, 7, 7, 0, 3, 1
65460, 2, 1, 1, 0, 2, 0
24027, 2, 0, 0, 0, 2, 0
24028, 1, 0, 0, 0, 1, 0
24030, 5, 0, 0, 0, 5, 0
43228, 1, 1, 1, 0, 1, 0
43570, 1, 1, 1, 0, 1, 0
108378, 13, 4, 4, 0, 13, 0
108462, 25, 18, 18, 0, 25, 0
24033, 1, 0, 0, 0, 1, 0
24034, 1, 0, 0, 0, 1, 0
24035, 1, 0, 0, 0, 1, 0
24036, 1, 0, 0, 0, 1, 0
24037, 1, 0, 0, 0, 1, 0
24038, 1, 0, 0, 0, 1, 0
24039, 1, 0, 0, 0, 1, 0
24040, 1, 0, 0, 0, 1, 0
24041, 1, 0, 0, 0, 1, 0
24042, 1, 0, 0, 0, 1, 0
24099, 1, 1, 1, 0, 1, 0
24044, 1, 3, 3, 0, 0, 1
75811, 0, 1, 0, 1, 0, 0
75812, 0, 1, 0, 1, 0, 0
24047, 0, 2, 2, 0, 0, 0
24048, 1, 0, 0, 0, 1, 0
24049, 1, 0, 0, 0, 1, 0
24050, 0, 1, 1, 0, 0, 0
24052, 2, 0, 0, 0, 0, 2
37919, 1, 1, 1, 0, 1, 0
24058, 2, 0, 0, 0, 2, 0
24059, 2, 0, 0, 0, 2, 0
24060, 1, 0, 0, 0, 1, 0
24061, 1, 0, 0, 0, 1, 0
24062, 2, 3, 1, 2, 1, 1
24066, 1, 0, 0, 0, 1, 0
24067, 0, 1, 1, 0, 0, 0
24068, 1, 0, 0, 0, 1, 0
24069, 1, 1, 1, 0, 1, 0
24070, 1, 0, 0, 0, 0, 1
24073, 3, 0, 0, 0, 2, 1
24074, 1, 0, 0, 0, 0, 1
24075, 1, 0, 0, 0, 1, 0
24077, 1, 0, 0, 0, 0, 1
24079, 0, 1, 0, 1, 0, 0
24080, 1, 0, 0, 0, 1, 0
24081, 1, 0, 0, 0, 1, 0
24082, 1, 0, 0, 0, 1, 0
24084, 1, 0, 0, 0, 1, 0
24085, 1, 1, 1, 0, 1, 0
24086, 5, 1, 1, 0, 2, 3
34779, 0, 1, 0, 1, 0, 0
83929, 0, 1, 1, 0, 0, 0
24089, 3, 0, 0, 0, 2, 1
24090, 1, 0, 0, 0, 1, 0
24093, 6, 10, 10, 0, 6, 0
48408, 1, 1, 1, 0, 1, 0
51717, 0, 1, 1, 0, 0, 0
51718, 0, 1, 1, 0, 0, 0
24094, 1, 1, 1, 0, 1, 0
24731, 0, 2, 2, 0, 0, 0
84667, 0, 1, 1, 0, 0, 0
84668, 0, 1, 1, 0, 0, 0
84669, 0, 1, 1, 0, 0, 0
24096, 1, 0, 0, 0, 1, 0
38600, 1, 1, 1, 0, 1, 0
31290, 1, 1, 0, 1, 1, 0
32281, 3, 1, 1, 0, 3, 0
65970, 0, 1, 0, 1, 0, 0
65971, 0, 1, 0, 1, 0, 0
65972, 0, 1, 1, 0, 0, 0
65973, 0, 1, 1, 0, 0, 0
64973, 1, 1, 1, 0, 1, 0
66733, 8, 4, 4, 0, 8, 0
74709, 0, 1, 1, 0, 0, 0
53721, 3, 2, 2, 0, 3, 0
70791, 0, 1, 1, 0, 0, 0
70792, 0, 1, 1, 0, 0, 0
34469, 1, 3, 3, 0, 1, 0
62468, 9, 2, 1, 1, 9, 0
27787, 1, 1, 1, 0, 1, 0
33507, 0, 2, 2, 0, 0, 0
51454, 9, 4, 4, 0, 6, 3
54576, 3, 3, 3, 0, 3, 0
84522, 0, 3, 3, 0, 0, 0
92088, 0, 1, 1, 0, 0, 0
24110, 2, 0, 0, 0, 2, 0
24111, 2, 0, 0, 0, 1, 1
24112, 2, 0, 0, 0, 2, 0
24115, 1, 0, 0, 0, 0, 1
24116, 1, 1, 1, 0, 1, 0
24119, 1, 0, 0, 0, 1, 0
24120, 2, 1, 1, 0, 2, 0
24122, 1, 0, 0, 0, 1, 0
24123, 1, 0, 0, 0, 1, 0
24124, 5, 2, 2, 0, 5, 0
24125, 1, 1, 1, 0, 1, 0
27771, 0, 1, 1, 0, 0, 0
24127, 1, 0, 0, 0, 1, 0
89462, 0, 1, 1, 0, 0, 0
123247, 0, 1, 0, 1, 0, 0
26651, 2, 5, 4, 1, 2, 0
28089, 1, 2, 2, 0, 1, 0
34452, 1, 1, 1, 0, 1, 0
34634, 2, 1, 1, 0, 2, 0
34653, 0, 1, 1, 0, 0, 0
34655, 6, 1, 1, 0, 5, 1
34656, 0, 1, 0, 1, 0, 0
34657, 2, 1, 0, 1, 1, 1
34658, 1, 1, 1, 0, 1, 0
34659, 0, 1, 1, 0, 0, 0
34662, 0, 1, 1, 0, 0, 0
34663, 0, 1, 1, 0, 0, 0
34667, 1, 1, 1, 0, 1, 0
62505, 10, 5, 5, 0, 10, 0
40122, 10, 11, 11, 0, 10, 0
40252, 3, 2, 2, 0, 3, 0
83768, 0, 1, 0, 1, 0, 0
83769, 0, 1, 0, 1, 0, 0
30752, 1, 1, 1, 0, 1, 0
36276, 0, 1, 1, 0, 0, 0
36277, 0, 1, 1, 0, 0, 0
25311, 1, 1, 1, 0, 1, 0
35736, 1, 2, 1, 1, 1, 0
38224, 0, 1, 1, 0, 0, 0
38226, 0, 2, 2, 0, 0, 0
38227, 0, 1, 0, 1, 0, 0
38228, 1, 1, 1, 0, 1, 0
106685, 1, 1, 1, 0, 1, 0
25812, 1, 1, 1, 0, 1, 0
82715, 0, 1, 0, 1, 0, 0
24649, 3, 7, 7, 0, 3, 0
71848, 2, 2, 2, 0, 2, 0
86435, 0, 1, 1, 0, 0, 0
86436, 0, 1, 1, 0, 0, 0
117196, 4, 1, 1, 0, 4, 0
24318, 0, 1, 1, 0, 0, 0
56117, 2, 3, 3, 0, 2, 0
64064, 2, 2, 2, 0, 1, 1
64791, 12, 5, 5, 0, 12, 0
70218, 2, 1, 1, 0, 2, 0
34860, 0, 3, 3, 0, 0, 0
51701, 4, 2, 2, 0, 4, 0
28150, 4, 3, 3, 0, 4, 0
93714, 1, 4, 3, 1, 1, 0
56490, 1, 1, 1, 0, 1, 0
111559, 0, 1, 1, 0, 0, 0
24927, 1, 3, 0, 3, 1, 0
41718, 0, 1, 1, 0, 0, 0
41719, 0, 1, 1, 0, 0, 0
105428, 0, 2, 2, 0, 0, 0
34850, 3, 3, 3, 0, 3, 0
40241, 0, 1, 0, 1, 0, 0
76461, 0, 1, 1, 0, 0, 0
33047, 4, 2, 2, 0, 4, 0
42417, 4, 1, 1, 0, 4, 0
116576, 0, 1, 1, 0, 0, 0
26836, 8, 17, 17, 0, 7, 1
27087, 2, 2, 2, 0, 2, 0
55531, 1, 1, 1, 0, 1, 0
64534, 2, 3, 3, 0, 2, 0
64657, 0, 2, 2, 0, 0, 0
65328, 0, 1, 0, 1, 0, 0
65329, 0, 1, 1, 0, 0, 0
93329, 1, 1, 1, 0, 1, 0
93940, 0, 1, 1, 0, 0, 0
31509, 4, 2, 2, 0, 4, 0
31995, 1, 6, 6, 0, 1, 0
32050, 1, 1, 1, 0, 1, 0
32053, 1, 1, 1, 0, 1, 0
51722, 5, 1, 1, 0, 5, 0
24186, 1, 0, 0, 0, 1, 0
48245, 3, 3, 3, 0, 3, 0
24208, 1, 0, 0, 0, 0, 1
24209, 4, 0, 0, 0, 4, 0
24210, 1, 0, 0, 0, 1, 0
24213, 1, 0, 0, 0, 1, 0
24215, 2, 0, 0, 0, 2, 0
24216, 1, 0, 0, 0, 1, 0
24217, 1, 0, 0, 0, 1, 0
24218, 2, 2, 2, 0, 2, 0
24219, 1, 0, 0, 0, 0, 1
24220, 0, 2, 0, 2, 0, 0
24222, 6, 1, 0, 1, 2, 4
120244, 0, 1, 1, 0, 0, 0
24225, 1, 0, 0, 0, 1, 0
24227, 1, 0, 0, 0, 1, 0
24228, 1, 0, 0, 0, 1, 0
24229, 1, 0, 0, 0, 1, 0
24230, 1, 0, 0, 0, 1, 0
24231, 2, 3, 3, 0, 2, 0
24232, 1, 0, 0, 0, 1, 0
24233, 4, 0, 0, 0, 1, 3
24234, 3, 0, 0, 0, 2, 1
24236, 0, 1, 1, 0, 0, 0
50340, 1, 2, 2, 0, 0, 1
50353, 0, 2, 1, 1, 0, 0
53066, 1, 1, 1, 0, 1, 0
60473, 0, 2, 2, 0, 0, 0
62403, 1, 1, 1, 0, 1, 0
62405, 0, 1, 1, 0, 0, 0
62406, 2, 1, 1, 0, 2, 0
62407, 0, 1, 1, 0, 0, 0
24240, 7, 1, 1, 0, 1, 6
32068, 2, 7, 7, 0, 2, 0
40746, 1, 4, 4, 0, 1, 0
40756, 0, 2, 2, 0, 0, 0
50691, 0, 1, 0, 1, 0, 0
42437, 0, 2, 1, 1, 0, 0
44870, 0, 2, 1, 1, 0, 0
61973, 1, 7, 7, 0, 1, 0
61974, 1, 2, 2, 0, 1, 0
78301, 5, 2, 2, 0, 5, 0
29701, 1, 1, 1, 0, 1, 0
39446, 3, 1, 1, 0, 2, 1
40745, 1, 2, 1, 1, 1, 0
24247, 1, 0, 0, 0, 1, 0
101558, 0, 1, 1, 0, 0, 0
24249, 1, 0, 0, 0, 1, 0
24251, 3, 0, 0, 0, 0, 3
24253, 1, 0, 0, 0, 1, 0
24254, 0, 3, 3, 0, 0, 0
24255, 1, 0, 0, 0, 0, 1
24256, 1, 0, 0, 0, 0, 1
24257, 1, 1, 1, 0, 1, 0
24258, 3, 2, 2, 0, 3, 0
24259, 1, 0, 0, 0, 1, 0
24260, 1, 0, 0, 0, 0, 1
63853, 3, 2, 2, 0, 3, 0
67489, 5, 1, 1, 0, 5, 0
24262, 1, 0, 0, 0, 1, 0
24263, 1, 0, 0, 0, 1, 0
24264, 2, 1, 1, 0, 2, 0
24265, 2, 0, 0, 0, 2, 0
24267, 1, 0, 0, 0, 1, 0
24269, 1, 0, 0, 0, 1, 0
24270, 1, 0, 0, 0, 1, 0
24271, 18, 0, 0, 0, 14, 4
60620, 0, 1, 0, 1, 0, 0
60623, 0, 1, 0, 1, 0, 0
24275, 1, 0, 0, 0, 0, 1
24277, 1, 0, 0, 0, 1, 0
24281, 2, 0, 0, 0, 2, 0
24283, 1, 0, 0, 0, 1, 0
24284, 2, 5, 5, 0, 2, 0
24802, 1, 1, 1, 0, 1, 0
24285, 1, 0, 0, 0, 1, 0
24286, 1, 0, 0, 0, 1, 0
24287, 1, 0, 0, 0, 1, 0
24289, 1, 0, 0, 0, 1, 0
24290, 1, 0, 0, 0, 1, 0
24295, 1, 0, 0, 0, 1, 0
24296, 1, 0, 0, 0, 0, 1
82691, 1, 1, 1, 0, 0, 1
24298, 1, 0, 0, 0, 1, 0
24300, 1, 0, 0, 0, 1, 0
24301, 0, 1, 1, 0, 0, 0
24302, 1, 0, 0, 0, 1, 0
24306, 1, 0, 0, 0, 1, 0
47879, 1, 1, 0, 1, 1, 0
65572, 0, 1, 0, 1, 0, 0
65574, 0, 1, 0, 1, 0, 0
65576, 0, 1, 0, 1, 0, 0
65578, 0, 1, 0, 1, 0, 0
24308, 1, 0, 0, 0, 1, 0
24309, 1, 0, 0, 0, 1, 0
24310, 1, 0, 0, 0, 1, 0
24311, 1, 0, 0, 0, 1, 0
93281, 0, 1, 1, 0, 0, 0
24314, 1, 0, 0, 0, 1, 0
24315, 1, 0, 0, 0, 1, 0
98953, 2, 2, 2, 0, 2, 0
24319, 1, 0, 0, 0, 1, 0
24320, 1, 0, 0, 0, 1, 0
24322, 1, 1, 1, 0, 1, 0
24323, 3, 1, 1, 0, 3, 0
64521, 0, 1, 1, 0, 0, 0
24324, 1, 0, 0, 0, 1, 0
24325, 1, 1, 1, 0, 1, 0
24326, 4, 1, 1, 0, 4, 0
24328, 0, 1, 1, 0, 0, 0
42392, 1, 1, 1, 0, 1, 0
43303, 2, 2, 2, 0, 2, 0
43304, 2, 2, 2, 0, 2, 0
77044, 3, 3, 3, 0, 3, 0
24331, 1, 0, 0, 0, 1, 0
24333, 1, 0, 0, 0, 1, 0
24334, 1, 0, 0, 0, 1, 0
24337, 1, 0, 0, 0, 1, 0
27066, 1, 1, 1, 0, 1, 0
28808, 1, 2, 2, 0, 1, 0
33164, 2, 5, 3, 2, 2, 0
47183, 0, 3, 3, 0, 0, 0
47184, 0, 1, 1, 0, 0, 0
95642, 3, 2, 2, 0, 3, 0
93256, 1, 1, 1, 0, 1, 0
120370, 1, 2, 2, 0, 1, 0
24346, 1, 1, 1, 0, 1, 0
24350, 1, 1, 1, 0, 1, 0
24351, 3, 3, 2, 1, 3, 0
24352, 1, 1, 1, 0, 1, 0
24353, 2, 4, 4, 0, 2, 0
24354, 1, 1, 1, 0, 1, 0
24355, 4, 2, 2, 0, 4, 0
24356, 1, 0, 0, 0, 1, 0
24357, 1, 0, 0, 0, 1, 0
24358, 1, 0, 0, 0, 1, 0
43455, 1, 1, 1, 0, 1, 0
43459, 1, 1, 1, 0, 1, 0
44885, 1, 1, 1, 0, 1, 0
47668, 1, 1, 1, 0, 1, 0
47992, 1, 1, 1, 0, 1, 0
48124, 2, 1, 1, 0, 2, 0
49428, 10, 15, 13, 2, 8, 2
84532, 0, 1, 1, 0, 0, 0
84533, 0, 1, 1, 0, 0, 0
65306, 1, 1, 1, 0, 1, 0
69329, 24, 7, 7, 0, 24, 0
70838, 14, 4, 4, 0, 14, 0
24364, 1, 0, 0, 0, 1, 0
24365, 6, 2, 2, 0, 6, 0
25862, 1, 1, 1, 0, 1, 0
24366, 2, 0, 0, 0, 2, 0
74997, 0, 1, 0, 1, 0, 0
24368, 1, 0, 0, 0, 1, 0
24370, 1, 0, 0, 0, 0, 1
24371, 0, 1, 0, 1, 0, 0
24372, 1, 0, 0, 0, 0, 1
24373, 1, 0, 0, 0, 1, 0
24374, 1, 0, 0, 0, 0, 1
24375, 1, 0, 0, 0, 1, 0
24376, 1, 0, 0, 0, 1, 0
24378, 1, 0, 0, 0, 1, 0
24380, 1, 0, 0, 0, 1, 0
24381, 1, 0, 0, 0, 1, 0
24382, 5, 1, 1, 0, 2, 3
24384, 4, 5, 5, 0, 4, 0
24764, 6, 2, 2, 0, 6, 0
24765, 4, 5, 4, 1, 3, 1
24385, 7, 0, 0, 0, 7, 0
24387, 1, 0, 0, 0, 1, 0
24388, 1, 0, 0, 0, 1, 0
24389, 1, 0, 0, 0, 1, 0
24393, 1, 0, 0, 0, 1, 0
24394, 0, 1, 1, 0, 0, 0
24395, 1, 0, 0, 0, 1, 0
47647, 1, 1, 1, 0, 1, 0
24397, 1, 0, 0, 0, 0, 1
24401, 3, 2, 2, 0, 3, 0
24403, 2, 3, 3, 0, 2, 0
24404, 1, 4, 4, 0, 1, 0
32821, 0, 2, 2, 0, 0, 0
34000, 1, 1, 1, 0, 1, 0
38737, 4, 5, 5, 0, 4, 0
39327, 3, 1, 0, 1, 3, 0
39960, 0, 2, 0, 2, 0, 0
40210, 0, 2, 2, 0, 0, 0
42056, 2, 1, 1, 0, 2, 0
42057, 1, 2, 2, 0, 1, 0
61433, 1, 1, 1, 0, 1, 0
85060, 0, 1, 1, 0, 0, 0
85061, 0, 1, 1, 0, 0, 0
85062, 0, 1, 1, 0, 0, 0
85063, 0, 1, 1, 0, 0, 0
85064, 0, 1, 1, 0, 0, 0
85065, 0, 1, 0, 1, 0, 0
125310, 4, 1, 1, 0, 4, 0
24408, 1, 0, 0, 0, 1, 0
24410, 1, 0, 0, 0, 0, 1
24411, 1, 0, 0, 0, 0, 1
24412, 1, 0, 0, 0, 1, 0
24413, 1, 0, 0, 0, 1, 0
24414, 1, 0, 0, 0, 1, 0
24417, 1, 0, 0, 0, 0, 1
24418, 1, 1, 0, 1, 1, 0
24453, 20, 11, 11, 0, 20, 0
24457, 1, 1, 1, 0, 1, 0
24466, 0, 2, 2, 0, 0, 0
24470, 2, 2, 2, 0, 2, 0
24488, 5, 3, 3, 0, 5, 0
24513, 0, 4, 4, 0, 0, 0
24519, 1, 1, 1, 0, 1, 0
24526, 8, 2, 2, 0, 7, 1
24530, 0, 4, 4, 0, 0, 0
24541, 0, 2, 2, 0, 0, 0
24562, 1, 1, 1, 0, 1, 0
24570, 0, 3, 3, 0, 0, 0
24581, 2, 2, 2, 0, 2, 0
24594, 3, 5, 5, 0, 3, 0
24620, 53, 1, 1, 0, 53, 0
24641, 1, 4, 4, 0, 1, 0
24650, 1, 1, 1, 0, 1, 0
24651, 0, 1, 1, 0, 0, 0
24653, 0, 1, 1, 0, 0, 0
24654, 0, 1, 1, 0, 0, 0
24659, 0, 1, 1, 0, 0, 0
24661, 0, 1, 1, 0, 0, 0
24662, 0, 1, 1, 0, 0, 0
24664, 0, 2, 2, 0, 0, 0
24665, 0, 4, 4, 0, 0, 0
24668, 1, 2, 2, 0, 1, 0
24672, 5, 4, 4, 0, 5, 0
24674, 4, 1, 1, 0, 4, 0
24675, 0, 1, 1, 0, 0, 0
24676, 1, 2, 2, 0, 1, 0
24677, 0, 1, 1, 0, 0, 0
24680, 6, 1, 1, 0, 5, 1
24681, 2, 2, 2, 0, 2, 0
24685, 0, 1, 1, 0, 0, 0
24687, 0, 1, 1, 0, 0, 0
24689, 0, 1, 1, 0, 0, 0
24690, 2, 1, 1, 0, 2, 0
24693, 0, 1, 1, 0, 0, 0
24694, 0, 1, 1, 0, 0, 0
24696, 0, 1, 1, 0, 0, 0
24697, 2, 1, 1, 0, 2, 0
24699, 0, 2, 2, 0, 0, 0
24704, 0, 1, 1, 0, 0, 0
24705, 0, 3, 3, 0, 0, 0
24706, 1, 1, 1, 0, 0, 1
24708, 3, 3, 3, 0, 3, 0
24710, 5, 4, 4, 0, 5, 0
24717, 7, 3, 3, 0, 7, 0
24721, 0, 2, 2, 0, 0, 0
24730, 0, 3, 3, 0, 0, 0
24733, 4, 1, 1, 0, 4, 0
24734, 3, 2, 2, 0, 3, 0
24737, 0, 1, 1, 0, 0, 0
24738, 1, 2, 2, 0, 1, 0
24739, 0, 1, 1, 0, 0, 0
24421, 1, 0, 0, 0, 1, 0
24424, 1, 0, 0, 0, 1, 0
24425, 0, 2, 2, 0, 0, 0
24429, 1, 0, 0, 0, 1, 0
40102, 0, 1, 1, 0, 0, 0
40103, 0, 1, 1, 0, 0, 0
24432, 1, 0, 0, 0, 1, 0
115314, 0, 3, 3, 0, 0, 0
63175, 1, 1, 1, 0, 1, 0
24436, 1, 0, 0, 0, 1, 0
24437, 0, 1, 1, 0, 0, 0
24438, 1, 1, 0, 1, 1, 0
24439, 1, 1, 1, 0, 1, 0
24442, 1, 0, 0, 0, 1, 0
45320, 1, 1, 1, 0, 1, 0
24444, 2, 0, 0, 0, 1, 1
24445, 2, 4, 3, 1, 2, 0
68237, 8, 4, 4, 0, 8, 0
49722, 2, 1, 1, 0, 2, 0
55407, 5, 1, 1, 0, 4, 1
56410, 0, 1, 0, 1, 0, 0
56411, 0, 1, 0, 1, 0, 0
56412, 0, 1, 0, 1, 0, 0
56414, 1, 2, 1, 1, 1, 0
56415, 2, 3, 2, 1, 2, 0
56416, 0, 1, 0, 1, 0, 0
56419, 0, 1, 1, 0, 0, 0
25168, 8, 3, 3, 0, 7, 1
64468, 1, 1, 1, 0, 1, 0
79776, 0, 1, 1, 0, 0, 0
79777, 0, 1, 1, 0, 0, 0
79778, 0, 1, 1, 0, 0, 0
37861, 4, 4, 4, 0, 4, 0
72678, 5, 1, 1, 0, 5, 0
87962, 0, 1, 1, 0, 0, 0
111890, 0, 1, 1, 0, 0, 0
37862, 1, 2, 2, 0, 1, 0
49231, 4, 1, 1, 0, 4, 0
54535, 3, 2, 2, 0, 3, 0
48205, 3, 3, 3, 0, 3, 0
49232, 1, 3, 2, 1, 1, 0
51020, 3, 2, 2, 0, 3, 0
85507, 0, 1, 1, 0, 0, 0
62586, 2, 2, 1, 1, 2, 0
64142, 1, 1, 1, 0, 1, 0
69167, 1, 1, 1, 0, 1, 0
69969, 1, 1, 1, 0, 1, 0
70452, 0, 1, 1, 0, 0, 0
24976, 1, 1, 1, 0, 1, 0
52629, 8, 4, 4, 0, 6, 2
71200, 1, 1, 1, 0, 1, 0
30218, 2, 1, 0, 1, 0, 2
46507, 6, 4, 4, 0, 6, 0
50381, 5, 4, 2, 2, 5, 0
80354, 1, 2, 2, 0, 1, 0
85785, 0, 2, 2, 0, 0, 0
86400, 1, 1, 1, 0, 0, 1
89568, 0, 1, 1, 0, 0, 0
89569, 0, 1, 1, 0, 0, 0
89570, 0, 1, 1, 0, 0, 0
89571, 0, 1, 1, 0, 0, 0
89572, 0, 1, 1, 0, 0, 0
89573, 0, 1, 0, 1, 0, 0
89574, 0, 1, 0, 1, 0, 0
89575, 0, 1, 0, 1, 0, 0
89576, 0, 1, 0, 1, 0, 0
89577, 0, 2, 0, 2, 0, 0
114267, 0, 1, 1, 0, 0, 0
51099, 6, 2, 2, 0, 6, 0
78820, 0, 2, 2, 0, 0, 0
80969, 1, 1, 1, 0, 1, 0
27080, 6, 7, 6, 1, 6, 0
66753, 4, 4, 4, 0, 4, 0
90161, 2, 1, 1, 0, 2, 0
93558, 9, 1, 0, 1, 9, 0
66311, 3, 1, 1, 0, 3, 0
66526, 32, 10, 10, 0, 32, 0
67608, 3, 5, 5, 0, 3, 0
70422, 1, 3, 3, 0, 1, 0
75126, 0, 1, 1, 0, 0, 0
75127, 0, 1, 1, 0, 0, 0
69728, 1, 1, 1, 0, 1, 0
76834, 0, 1, 1, 0, 0, 0
76835, 0, 1, 1, 0, 0, 0
63512, 2, 2, 1, 1, 2, 0
63513, 1, 1, 1, 0, 1, 0
63514, 1, 1, 1, 0, 1, 0
63517, 0, 1, 1, 0, 0, 0
63518, 1, 4, 4, 0, 1, 0
75052, 4, 3, 3, 0, 4, 0
92576, 0, 1, 1, 0, 0, 0
87508, 1, 1, 1, 0, 1, 0
87771, 1, 1, 1, 0, 1, 0
88468, 0, 1, 1, 0, 0, 0
89478, 1, 1, 1, 0, 1, 0
54388, 0, 2, 2, 0, 0, 0
37952, 1, 2, 2, 0, 1, 0
51566, 3, 3, 3, 0, 3, 0
56965, 3, 1, 1, 0, 2, 1
59225, 0, 3, 3, 0, 0, 0
62801, 1, 1, 1, 0, 1, 0
65830, 5, 4, 4, 0, 5, 0
76924, 0, 1, 1, 0, 0, 0
76925, 0, 1, 1, 0, 0, 0
76926, 0, 1, 1, 0, 0, 0
76927, 0, 1, 1, 0, 0, 0
76928, 0, 1, 1, 0, 0, 0
76929, 0, 1, 1, 0, 0, 0
76930, 0, 1, 1, 0, 0, 0
76931, 0, 1, 1, 0, 0, 0
76932, 0, 1, 1, 0, 0, 0
76933, 0, 1, 1, 0, 0, 0
76934, 0, 1, 1, 0, 0, 0
76935, 0, 1, 1, 0, 0, 0
76936, 0, 1, 1, 0, 0, 0
76937, 0, 1, 1, 0, 0, 0
76938, 0, 1, 1, 0, 0, 0
82240, 2, 2, 2, 0, 2, 0
84244, 2, 1, 1, 0, 2, 0
84701, 1, 1, 1, 0, 1, 0
90067, 0, 1, 1, 0, 0, 0
90068, 0, 1, 1, 0, 0, 0
82723, 0, 1, 1, 0, 0, 0
82724, 0, 1, 1, 0, 0, 0
89713, 23, 2, 2, 0, 21, 2
89714, 1, 1, 1, 0, 1, 0
89715, 0, 1, 1, 0, 0, 0
86928, 0, 1, 1, 0, 0, 0
31365, 7, 2, 1, 1, 5, 2
34643, 6, 2, 2, 0, 6, 0
37248, 1, 3, 1, 2, 1, 0
46255, 7, 2, 1, 1, 1, 6
46256, 0, 2, 1, 1, 0, 0
46257, 3, 3, 2, 1, 3, 0
47076, 1, 7, 6, 1, 0, 1
57772, 0, 1, 0, 1, 0, 0
57774, 1, 1, 0, 1, 1, 0
57776, 0, 1, 0, 1, 0, 0
57778, 1, 1, 0, 1, 1, 0
75228, 0, 1, 1, 0, 0, 0
30771, 1, 2, 1, 1, 1, 0
66527, 2, 2, 1, 1, 1, 1
28037, 3, 8, 8, 0, 3, 0
77605, 1, 5, 5, 0, 1, 0
88664, 4, 3, 3, 0, 3, 1
89471, 0, 1, 1, 0, 0, 0
89472, 0, 1, 1, 0, 0, 0
89473, 0, 1, 1, 0, 0, 0
89474, 0, 1, 1, 0, 0, 0
89475, 0, 1, 1, 0, 0, 0
89476, 0, 1, 1, 0, 0, 0
72874, 1, 1, 0, 1, 1, 0
78508, 5, 1, 1, 0, 1, 4
88260, 1, 1, 1, 0, 1, 0
29602, 0, 4, 4, 0, 0, 0
35542, 0, 3, 2, 1, 0, 0
46875, 7, 3, 3, 0, 6, 1
56425, 2, 3, 3, 0, 2, 0
71036, 5, 7, 6, 1, 5, 0
73433, 0, 3, 3, 0, 0, 0
74046, 0, 2, 2, 0, 0, 0
76707, 1, 3, 3, 0, 1, 0
77422, 0, 3, 3, 0, 0, 0
78404, 1, 1, 1, 0, 1, 0
80028, 2, 3, 3, 0, 2, 0
80152, 2, 2, 2, 0, 1, 1
80981, 1, 2, 2, 0, 1, 0
81298, 3, 2, 2, 0, 3, 0
81300, 0, 2, 2, 0, 0, 0
81301, 1, 2, 2, 0, 1, 0
81302, 0, 2, 2, 0, 0, 0
81304, 0, 2, 2, 0, 0, 0
81305, 0, 2, 2, 0, 0, 0
81306, 0, 2, 2, 0, 0, 0
81307, 0, 2, 2, 0, 0, 0
81308, 0, 2, 2, 0, 0, 0
81309, 0, 2, 2, 0, 0, 0
81310, 0, 2, 2, 0, 0, 0
81311, 0, 2, 2, 0, 0, 0
81312, 0, 2, 2, 0, 0, 0
81313, 0, 2, 2, 0, 0, 0
81314, 0, 2, 2, 0, 0, 0
81315, 0, 2, 2, 0, 0, 0
81316, 0, 2, 2, 0, 0, 0
81532, 0, 1, 1, 0, 0, 0
81533, 0, 2, 2, 0, 0, 0
81534, 0, 1, 1, 0, 0, 0
81536, 2, 2, 2, 0, 2, 0
81537, 6, 1, 1, 0, 6, 0
81538, 0, 1, 1, 0, 0, 0
81539, 0, 1, 1, 0, 0, 0
26525, 1, 3, 3, 0, 1, 0
32487, 9, 4, 3, 1, 7, 2
32967, 0, 5, 5, 0, 0, 0
41977, 2, 2, 2, 0, 2, 0
49914, 0, 3, 1, 2, 0, 0
51067, 0, 2, 2, 0, 0, 0
51778, 5, 2, 2, 0, 5, 0
60817, 1, 3, 3, 0, 1, 0
61980, 0, 5, 5, 0, 0, 0
65668, 0, 2, 2, 0, 0, 0
67004, 1, 5, 5, 0, 1, 0
78848, 5, 8, 8, 0, 5, 0
78857, 4, 2, 2, 0, 4, 0
79000, 1, 4, 4, 0, 1, 0
79507, 0, 2, 2, 0, 0, 0
81255, 1, 4, 4, 0, 1, 0
82485, 1, 1, 1, 0, 1, 0
83464, 1, 4, 4, 0, 1, 0
83495, 1, 1, 1, 0, 1, 0
83496, 0, 2, 2, 0, 0, 0
83536, 1, 3, 3, 0, 1, 0
83708, 1, 2, 2, 0, 1, 0
83719, 2, 1, 1, 0, 1, 1
83858, 0, 2, 2, 0, 0, 0
83888, 0, 3, 3, 0, 0, 0
84001, 1, 2, 2, 0, 1, 0
84175, 1, 2, 2, 0, 1, 0
84230, 1, 7, 7, 0, 1, 0
84427, 2, 1, 1, 0, 2, 0
84671, 1, 1, 1, 0, 1, 0
85807, 0, 3, 3, 0, 0, 0
85976, 1, 1, 1, 0, 1, 0
86200, 1, 2, 2, 0, 1, 0
86211, 0, 2, 2, 0, 0, 0
86212, 0, 2, 2, 0, 0, 0
86305, 0, 3, 3, 0, 0, 0
86307, 0, 2, 2, 0, 0, 0
86308, 0, 2, 2, 0, 0, 0
86310, 0, 2, 2, 0, 0, 0
86963, 2, 1, 1, 0, 2, 0
86964, 2, 2, 2, 0, 1, 1
87162, 2, 3, 3, 0, 2, 0
87218, 3, 3, 3, 0, 3, 0
87219, 4, 4, 4, 0, 4, 0
87222, 5, 2, 2, 0, 5, 0
87223, 1, 2, 2, 0, 1, 0
87225, 1, 1, 1, 0, 1, 0
87226, 1, 1, 1, 0, 1, 0
87227, 2, 2, 2, 0, 2, 0
87228, 3, 4, 4, 0, 3, 0
87229, 0, 1, 1, 0, 0, 0
87230, 0, 1, 1, 0, 0, 0
87231, 3, 1, 1, 0, 3, 0
87232, 0, 3, 3, 0, 0, 0
87233, 0, 2, 2, 0, 0, 0
87236, 7, 1, 1, 0, 7, 0
87237, 1, 2, 2, 0, 1, 0
87238, 4, 1, 1, 0, 4, 0
87239, 3, 1, 1, 0, 3, 0
87240, 1, 1, 1, 0, 1, 0
87241, 3, 1, 1, 0, 3, 0
87244, 0, 2, 2, 0, 0, 0
87245, 0, 1, 1, 0, 0, 0
87246, 1, 1, 1, 0, 1, 0
87247, 1, 1, 1, 0, 1, 0
87250, 1, 3, 3, 0, 1, 0
87252, 2, 1, 1, 0, 2, 0
87253, 0, 1, 1, 0, 0, 0
87254, 0, 1, 1, 0, 0, 0
87255, 0, 1, 1, 0, 0, 0
87256, 1, 1, 1, 0, 1, 0
87258, 0, 1, 1, 0, 0, 0
87262, 0, 1, 1, 0, 0, 0
87263, 2, 2, 2, 0, 2, 0
87264, 5, 4, 4, 0, 5, 0
87266, 10, 4, 4, 0, 10, 0
87267, 0, 3, 3, 0, 0, 0
87268, 1, 2, 2, 0, 1, 0
87270, 0, 1, 1, 0, 0, 0
87271, 4, 1, 1, 0, 4, 0
87273, 0, 1, 1, 0, 0, 0
87274, 0, 1, 1, 0, 0, 0
87275, 2, 1, 1, 0, 2, 0
87276, 0, 2, 2, 0, 0, 0
87277, 1, 1, 1, 0, 1, 0
87278, 1, 1, 1, 0, 1, 0
87279, 1, 1, 1, 0, 1, 0
87280, 8, 1, 1, 0, 6, 2
87281, 0, 1, 1, 0, 0, 0
87282, 0, 1, 1, 0, 0, 0
87283, 0, 2, 2, 0, 0, 0
87284, 1, 1, 1, 0, 1, 0
87285, 0, 1, 1, 0, 0, 0
87286, 0, 1, 1, 0, 0, 0
87287, 0, 1, 1, 0, 0, 0
87288, 0, 1, 1, 0, 0, 0
87289, 0, 1, 1, 0, 0, 0
87291, 0, 1, 1, 0, 0, 0
87293, 0, 1, 1, 0, 0, 0
87294, 1, 1, 1, 0, 1, 0
87295, 0, 1, 1, 0, 0, 0
87296, 0, 1, 1, 0, 0, 0
87297, 1, 2, 2, 0, 1, 0
87298, 3, 1, 1, 0, 3, 0
87299, 0, 1, 1, 0, 0, 0
87300, 0, 1, 1, 0, 0, 0
87301, 0, 1, 1, 0, 0, 0
87302, 0, 1, 1, 0, 0, 0
87303, 0, 1, 1, 0, 0, 0
68362, 5, 2, 2, 0, 5, 0
69813, 1, 1, 1, 0, 1, 0
87945, 0, 1, 1, 0, 0, 0
46510, 5, 1, 1, 0, 5, 0
65257, 3, 2, 2, 0, 3, 0
122496, 0, 2, 2, 0, 0, 0
87898, 1, 1, 1, 0, 1, 0
87957, 2, 2, 2, 0, 2, 0
59259, 3, 3, 3, 0, 3, 0
75867, 4, 2, 2, 0, 4, 0
75943, 0, 1, 1, 0, 0, 0
75944, 0, 1, 1, 0, 0, 0
97851, 1, 1, 1, 0, 1, 0
43054, 12, 4, 4, 0, 12, 0
73892, 5, 4, 4, 0, 4, 1
85086, 0, 3, 3, 0, 0, 0
85169, 0, 4, 4, 0, 0, 0
89842, 1, 1, 0, 1, 1, 0
34889, 15, 14, 14, 0, 15, 0
87958, 0, 2, 2, 0, 0, 0
25735, 5, 1, 1, 0, 3, 2
72888, 2, 1, 1, 0, 2, 0
88344, 0, 3, 3, 0, 0, 0
90416, 1, 1, 1, 0, 1, 0
92667, 0, 1, 1, 0, 0, 0
110509, 0, 2, 2, 0, 0, 0
65108, 1, 2, 2, 0, 1, 0
76142, 0, 1, 1, 0, 0, 0
88708, 4, 1, 1, 0, 4, 0
90892, 0, 2, 2, 0, 0, 0
91078, 0, 1, 1, 0, 0, 0
91079, 0, 1, 1, 0, 0, 0
91080, 0, 1, 1, 0, 0, 0
57340, 0, 2, 1, 1, 0, 0
71420, 15, 3, 3, 0, 14, 1
61910, 0, 2, 2, 0, 0, 0
74450, 2, 4, 4, 0, 2, 0
91139, 13, 1, 0, 1, 13, 0
91815, 0, 1, 1, 0, 0, 0
91816, 0, 1, 1, 0, 0, 0
91817, 0, 1, 0, 1, 0, 0
48494, 6, 6, 6, 0, 5, 1
89746, 0, 1, 1, 0, 0, 0
71183, 9, 7, 7, 0, 9, 0
79932, 0, 1, 1, 0, 0, 0
79933, 0, 1, 1, 0, 0, 0
79934, 0, 1, 1, 0, 0, 0
48603, 0, 5, 5, 0, 0, 0
86095, 1, 1, 1, 0, 1, 0
86097, 0, 2, 2, 0, 0, 0
86663, 0, 1, 1, 0, 0, 0
73181, 1, 1, 1, 0, 1, 0
73641, 1, 1, 1, 0, 1, 0
74594, 4, 1, 1, 0, 4, 0
74595, 0, 3, 3, 0, 0, 0
77800, 1, 2, 2, 0, 1, 0
77801, 0, 1, 1, 0, 0, 0
34078, 1, 1, 1, 0, 1, 0
26063, 3, 2, 1, 1, 3, 0
36905, 5, 2, 2, 0, 4, 1
54305, 1, 1, 1, 0, 1, 0
54927, 1, 2, 2, 0, 1, 0
55000, 0, 4, 4, 0, 0, 0
55069, 3, 1, 1, 0, 3, 0
56497, 2, 1, 1, 0, 1, 1
57453, 1, 5, 5, 0, 1, 0
58395, 0, 1, 1, 0, 0, 0
58400, 1, 2, 2, 0, 1, 0
58402, 4, 3, 2, 1, 3, 1
58404, 2, 3, 3, 0, 2, 0
58405, 0, 2, 2, 0, 0, 0
58406, 2, 1, 1, 0, 2, 0
58408, 7, 6, 6, 0, 6, 1
58415, 0, 2, 2, 0, 0, 0
58416, 0, 2, 2, 0, 0, 0
58423, 0, 3, 3, 0, 0, 0
58424, 1, 1, 1, 0, 1, 0
58438, 1, 1, 1, 0, 1, 0
58441, 1, 2, 2, 0, 1, 0
58442, 0, 3, 3, 0, 0, 0
58452, 0, 2, 2, 0, 0, 0
58453, 0, 2, 2, 0, 0, 0
58457, 6, 10, 10, 0, 6, 0
58458, 2, 3, 3, 0, 2, 0
58459, 2, 4, 4, 0, 2, 0
58460, 1, 3, 3, 0, 1, 0
58461, 0, 2, 2, 0, 0, 0
58462, 1, 1, 1, 0, 1, 0
58467, 3, 3, 3, 0, 3, 0
58468, 3, 12, 12, 0, 3, 0
58469, 1, 2, 2, 0, 1, 0
58470, 1, 1, 1, 0, 1, 0
58471, 1, 1, 1, 0, 1, 0
58476, 2, 2, 2, 0, 2, 0
58478, 2, 3, 3, 0, 2, 0
58482, 13, 12, 12, 0, 13, 0
58487, 0, 1, 1, 0, 0, 0
58488, 1, 1, 1, 0, 1, 0
58489, 0, 1, 1, 0, 0, 0
58490, 0, 1, 1, 0, 0, 0
131765, 0, 1, 1, 0, 0, 0
37100, 4, 4, 4, 0, 4, 0
69205, 0, 1, 1, 0, 0, 0
69206, 0, 1, 1, 0, 0, 0
69207, 0, 2, 2, 0, 0, 0
73412, 6, 6, 6, 0, 6, 0
87686, 4, 3, 3, 0, 4, 0
40126, 7, 6, 6, 0, 7, 0
70278, 3, 8, 8, 0, 3, 0
82591, 0, 1, 1, 0, 0, 0
82592, 0, 1, 1, 0, 0, 0
82593, 0, 1, 1, 0, 0, 0
82594, 0, 1, 1, 0, 0, 0
72951, 1, 1, 1, 0, 1, 0
52170, 0, 2, 0, 2, 0, 0
52372, 2, 1, 1, 0, 2, 0
53131, 0, 1, 1, 0, 0, 0
74317, 5, 6, 6, 0, 5, 0
74318, 6, 6, 6, 0, 6, 0
77809, 0, 2, 2, 0, 0, 0
87906, 5, 1, 1, 0, 5, 0
88934, 0, 1, 1, 0, 0, 0
88935, 0, 1, 1, 0, 0, 0
88936, 0, 1, 1, 0, 0, 0
88937, 0, 1, 1, 0, 0, 0
35861, 3, 3, 3, 0, 2, 1
30154, 1, 2, 1, 1, 1, 0
41953, 1, 3, 3, 0, 1, 0
65947, 0, 2, 2, 0, 0, 0
90719, 0, 2, 2, 0, 0, 0
91784, 2, 1, 1, 0, 2, 0
91967, 1, 1, 1, 0, 1, 0
92076, 0, 1, 1, 0, 0, 0
64748, 0, 2, 2, 0, 0, 0
74480, 4, 5, 5, 0, 4, 0
76531, 1, 1, 1, 0, 1, 0
68160, 0, 5, 5, 0, 0, 0
72967, 1, 2, 2, 0, 1, 0
73868, 0, 1, 1, 0, 0, 0
94539, 2, 2, 2, 0, 2, 0
72636, 1, 1, 1, 0, 1, 0
79524, 0, 1, 1, 0, 0, 0
89499, 4, 1, 1, 0, 2, 2
32914, 2, 1, 1, 0, 2, 0
63223, 1, 3, 2, 1, 1, 0
61146, 3, 2, 2, 0, 3, 0
62584, 6, 5, 5, 0, 6, 0
71651, 15, 5, 5, 0, 15, 0
71654, 0, 2, 2, 0, 0, 0
74014, 7, 5, 5, 0, 7, 0
74943, 2, 1, 1, 0, 2, 0
77292, 2, 2, 2, 0, 1, 1
80858, 1, 1, 1, 0, 1, 0
82865, 1, 1, 1, 0, 1, 0
82866, 0, 2, 2, 0, 0, 0
82867, 0, 1, 1, 0, 0, 0
82868, 0, 1, 1, 0, 0, 0
82869, 0, 1, 1, 0, 0, 0
82870, 0, 1, 1, 0, 0, 0
122339, 2, 1, 1, 0, 2, 0
87165, 0, 1, 1, 0, 0, 0
87166, 0, 1, 1, 0, 0, 0
71334, 15, 1, 1, 0, 15, 0
77040, 11, 2, 2, 0, 11, 0
77100, 4, 1, 1, 0, 4, 0
77878, 12, 2, 1, 1, 12, 0
83941, 1, 1, 1, 0, 1, 0
93122, 0, 1, 1, 0, 0, 0
93123, 0, 1, 1, 0, 0, 0
93124, 0, 1, 1, 0, 0, 0
87628, 5, 2, 2, 0, 3, 2
80494, 0, 1, 1, 0, 0, 0
63456, 1, 1, 1, 0, 1, 0
67461, 8, 8, 8, 0, 8, 0
70989, 0, 1, 1, 0, 0, 0
120882, 3, 2, 2, 0, 3, 0
39938, 1, 1, 1, 0, 1, 0
46909, 1, 1, 1, 0, 1, 0
50480, 2, 5, 5, 0, 2, 0
73739, 0, 1, 1, 0, 0, 0
45178, 4, 5, 5, 0, 4, 0
53275, 0, 2, 2, 0, 0, 0
60744, 1, 4, 4, 0, 1, 0
60745, 3, 5, 5, 0, 3, 0
62132, 10, 6, 6, 0, 8, 2
62279, 4, 5, 5, 0, 4, 0
64240, 0, 4, 4, 0, 0, 0
64728, 5, 5, 5, 0, 5, 0
64729, 2, 6, 6, 0, 2, 0
64730, 1, 3, 3, 0, 1, 0
64731, 0, 2, 2, 0, 0, 0
64735, 0, 1, 1, 0, 0, 0
64739, 0, 2, 2, 0, 0, 0
64744, 1, 4, 4, 0, 1, 0
91118, 0, 1, 1, 0, 0, 0
91119, 1, 1, 1, 0, 1, 0
92014, 3, 1, 1, 0, 3, 0
88406, 2, 1, 1, 0, 2, 0
66840, 1, 2, 2, 0, 1, 0
70840, 0, 2, 2, 0, 0, 0
70841, 0, 2, 2, 0, 0, 0
73516, 0, 1, 1, 0, 0, 0
69062, 12, 6, 6, 0, 12, 0
26334, 2, 2, 1, 1, 2, 0
91075, 3, 2, 2, 0, 3, 0
73647, 0, 1, 1, 0, 0, 0
62830, 1, 3, 2, 1, 1, 0
75913, 1, 6, 6, 0, 1, 0
79144, 1, 1, 1, 0, 1, 0
79637, 0, 1, 1, 0, 0, 0
79639, 0, 1, 1, 0, 0, 0
71281, 6, 1, 1, 0, 4, 2
91983, 0, 1, 1, 0, 0, 0
51325, 2, 1, 1, 0, 2, 0
57734, 4, 2, 2, 0, 3, 1
58108, 0, 1, 1, 0, 0, 0
47855, 0, 1, 1, 0, 0, 0
47857, 0, 1, 1, 0, 0, 0
84143, 1, 1, 1, 0, 1, 0
45423, 3, 2, 2, 0, 3, 0
55100, 2, 1, 1, 0, 2, 0
57840, 9, 9, 9, 0, 9, 0
62753, 4, 5, 5, 0, 4, 0
63056, 2, 3, 3, 0, 2, 0
62165, 1, 3, 3, 0, 1, 0
65591, 0, 2, 2, 0, 0, 0
76919, 1, 1, 1, 0, 1, 0
79325, 1, 1, 1, 0, 1, 0
79995, 1, 1, 1, 0, 1, 0
80564, 0, 1, 1, 0, 0, 0
80565, 0, 1, 1, 0, 0, 0
80566, 0, 1, 1, 0, 0, 0
63495, 0, 1, 1, 0, 0, 0
74500, 0, 3, 3, 0, 0, 0
74501, 6, 4, 4, 0, 6, 0
76611, 3, 1, 1, 0, 3, 0
77443, 0, 1, 0, 1, 0, 0
68669, 1, 2, 2, 0, 1, 0
69675, 1, 1, 1, 0, 1, 0
74497, 1, 2, 2, 0, 1, 0
77198, 2, 2, 2, 0, 2, 0
77476, 1, 2, 2, 0, 1, 0
77553, 0, 1, 1, 0, 0, 0
77554, 0, 1, 1, 0, 0, 0
77555, 0, 1, 1, 0, 0, 0
77556, 0, 1, 1, 0, 0, 0
77557, 0, 1, 1, 0, 0, 0
77558, 0, 1, 1, 0, 0, 0
77559, 0, 1, 1, 0, 0, 0
77560, 0, 1, 1, 0, 0, 0
77561, 0, 1, 1, 0, 0, 0
77562, 0, 1, 1, 0, 0, 0
77563, 0, 1, 1, 0, 0, 0
77564, 0, 1, 1, 0, 0, 0
77565, 0, 1, 1, 0, 0, 0
26240, 2, 5, 4, 1, 2, 0
35283, 0, 3, 3, 0, 0, 0
31588, 0, 1, 0, 1, 0, 0
50534, 0, 1, 1, 0, 0, 0
50535, 0, 1, 1, 0, 0, 0
50536, 0, 1, 1, 0, 0, 0
105457, 1, 1, 1, 0, 1, 0
82474, 1, 1, 1, 0, 1, 0
34314, 0, 2, 2, 0, 0, 0
48356, 0, 2, 1, 1, 0, 0
37725, 1, 2, 2, 0, 0, 1
39880, 0, 1, 0, 1, 0, 0
78477, 1, 2, 2, 0, 1, 0
63808, 1, 2, 2, 0, 1, 0
79045, 5, 6, 6, 0, 5, 0
83324, 0, 1, 1, 0, 0, 0
83325, 0, 1, 1, 0, 0, 0
83326, 0, 1, 1, 0, 0, 0
51690, 0, 1, 1, 0, 0, 0
120352, 3, 2, 2, 0, 3, 0
53874, 4, 2, 2, 0, 4, 0
65712, 4, 2, 2, 0, 4, 0
67364, 3, 4, 4, 0, 3, 0
70493, 5, 1, 1, 0, 3, 2
79641, 0, 1, 0, 1, 0, 0
79642, 0, 1, 0, 1, 0, 0
79643, 0, 1, 0, 1, 0, 0
79644, 0, 1, 0, 1, 0, 0
79074, 0, 1, 1, 0, 0, 0
52773, 0, 2, 2, 0, 0, 0
64563, 0, 1, 1, 0, 0, 0
64565, 0, 1, 1, 0, 0, 0
64566, 2, 3, 3, 0, 2, 0
64567, 0, 1, 1, 0, 0, 0
64568, 0, 1, 1, 0, 0, 0
64569, 1, 1, 1, 0, 1, 0
64570, 0, 1, 1, 0, 0, 0
32866, 7, 5, 5, 0, 7, 0
66535, 0, 1, 1, 0, 0, 0
45560, 1, 1, 1, 0, 1, 0
77893, 0, 1, 1, 0, 0, 0
86025, 0, 1, 0, 1, 0, 0
60748, 0, 3, 3, 0, 0, 0
64503, 3, 2, 2, 0, 3, 0
69866, 2, 1, 1, 0, 2, 0
76231, 1, 1, 1, 0, 1, 0
64477, 11, 3, 3, 0, 11, 0
26547, 9, 7, 7, 0, 9, 0
47552, 3, 7, 7, 0, 3, 0
56671, 1, 2, 2, 0, 1, 0
58656, 4, 3, 3, 0, 4, 0
59361, 4, 2, 2, 0, 4, 0
60208, 5, 4, 4, 0, 5, 0
46736, 1, 1, 1, 0, 1, 0
24753, 1, 0, 0, 0, 1, 0
24755, 1, 0, 0, 0, 1, 0
24757, 1, 0, 0, 0, 0, 1
24758, 1, 0, 0, 0, 1, 0
24760, 1, 0, 0, 0, 1, 0
24761, 1, 1, 1, 0, 1, 0
118801, 0, 1, 1, 0, 0, 0
24763, 1, 0, 0, 0, 1, 0
24767, 1, 0, 0, 0, 1, 0
24768, 0, 1, 1, 0, 0, 0
24769, 2, 0, 0, 0, 2, 0
24771, 1, 0, 0, 0, 0, 1
24772, 0, 1, 0, 1, 0, 0
24773, 1, 0, 0, 0, 1, 0
24774, 1, 0, 0, 0, 1, 0
24775, 1, 0, 0, 0, 1, 0
31112, 1, 1, 1, 0, 0, 1
24777, 1, 1, 1, 0, 1, 0
24778, 2, 2, 2, 0, 2, 0
24779, 1, 0, 0, 0, 1, 0
24780, 1, 0, 0, 0, 0, 1
24781, 2, 0, 0, 0, 2, 0
24783, 1, 2, 2, 0, 1, 0
83116, 1, 1, 1, 0, 1, 0
36758, 5, 2, 2, 0, 5, 0
24786, 1, 0, 0, 0, 1, 0
24789, 1, 1, 1, 0, 1, 0
130820, 1, 1, 1, 0, 1, 0
41269, 1, 1, 1, 0, 1, 0
41757, 0, 3, 0, 3, 0, 0
41758, 3, 1, 0, 1, 3, 0
41759, 0, 1, 0, 1, 0, 0
41762, 0, 1, 0, 1, 0, 0
41764, 0, 2, 0, 2, 0, 0
41767, 0, 1, 0, 1, 0, 0
108586, 1, 1, 1, 0, 1, 0
24792, 9, 0, 0, 0, 9, 0
24793, 0, 1, 1, 0, 0, 0
24794, 4, 0, 0, 0, 3, 1
24795, 5, 4, 4, 0, 5, 0
24796, 0, 1, 1, 0, 0, 0
67567, 1, 1, 1, 0, 1, 0
67568, 1, 1, 1, 0, 1, 0
24797, 1, 0, 0, 0, 1, 0
24798, 0, 1, 1, 0, 0, 0
24799, 1, 0, 0, 0, 1, 0
24800, 1, 1, 1, 0, 1, 0
24801, 2, 3, 2, 1, 2, 0
24803, 2, 0, 0, 0, 2, 0
24804, 1, 2, 2, 0, 1, 0
25167, 2, 3, 3, 0, 2, 0
25878, 1, 1, 1, 0, 1, 0
26188, 2, 1, 1, 0, 2, 0
35369, 8, 3, 3, 0, 8, 0
73499, 1, 2, 2, 0, 1, 0
24813, 1, 0, 0, 0, 0, 1
24814, 3, 0, 0, 0, 3, 0
24815, 1, 0, 0, 0, 1, 0
24817, 3, 0, 0, 0, 2, 1
24820, 2, 0, 0, 0, 2, 0
24821, 1, 0, 0, 0, 0, 1
50918, 2, 1, 0, 1, 2, 0
51551, 2, 4, 2, 2, 2, 0
51552, 0, 1, 0, 1, 0, 0
51643, 7, 5, 5, 0, 7, 0
60103, 1, 4, 4, 0, 1, 0
86013, 1, 1, 1, 0, 1, 0
86604, 0, 1, 1, 0, 0, 0
86605, 0, 1, 1, 0, 0, 0
86606, 0, 1, 1, 0, 0, 0
86607, 0, 1, 1, 0, 0, 0
86608, 0, 1, 1, 0, 0, 0
86609, 0, 1, 1, 0, 0, 0
86610, 0, 1, 1, 0, 0, 0
86611, 0, 1, 1, 0, 0, 0
86612, 0, 1, 1, 0, 0, 0
86613, 0, 1, 1, 0, 0, 0
86615, 1, 2, 2, 0, 1, 0
86616, 0, 1, 1, 0, 0, 0
86617, 0, 1, 1, 0, 0, 0
86618, 0, 1, 1, 0, 0, 0
78767, 7, 4, 4, 0, 7, 0
80234, 2, 2, 2, 0, 2, 0
82613, 1, 2, 2, 0, 1, 0
84476, 0, 1, 1, 0, 0, 0
39690, 1, 1, 1, 0, 1, 0
34236, 1, 4, 3, 1, 1, 0
80850, 1, 2, 2, 0, 1, 0
24847, 1, 0, 0, 0, 1, 0
24848, 1, 0, 0, 0, 1, 0
24849, 1, 0, 0, 0, 0, 1
24850, 1, 0, 0, 0, 1, 0
24856, 1, 0, 0, 0, 1, 0
24858, 1, 0, 0, 0, 1, 0
24860, 1, 0, 0, 0, 1, 0
24862, 4, 0, 0, 0, 2, 2
24863, 1, 0, 0, 0, 1, 0
24865, 1, 0, 0, 0, 1, 0
24867, 1, 0, 0, 0, 1, 0
24869, 1, 0, 0, 0, 1, 0
24873, 0, 1, 1, 0, 0, 0
24874, 0, 1, 1, 0, 0, 0
24875, 0, 2, 2, 0, 0, 0
24876, 0, 1, 1, 0, 0, 0
24880, 0, 1, 1, 0, 0, 0
24882, 0, 1, 1, 0, 0, 0
24883, 1, 2, 2, 0, 1, 0
24892, 1, 2, 1, 1, 1, 0
24893, 1, 2, 2, 0, 1, 0
65648, 0, 4, 4, 0, 0, 0
71218, 5, 3, 3, 0, 5, 0
126003, 1, 1, 1, 0, 1, 0
127035, 0, 1, 1, 0, 0, 0
127614, 10, 1, 1, 0, 10, 0
127806, 11, 1, 1, 0, 11, 0
131515, 0, 1, 1, 0, 0, 0
26936, 1, 1, 1, 0, 1, 0
54029, 6, 1, 1, 0, 5, 1
56508, 0, 1, 0, 1, 0, 0
67214, 0, 5, 5, 0, 0, 0
96909, 0, 1, 1, 0, 0, 0
38499, 12, 1, 1, 0, 11, 1
24894, 2, 0, 0, 0, 0, 2
24899, 1, 0, 0, 0, 1, 0
24900, 0, 1, 1, 0, 0, 0
24901, 1, 1, 1, 0, 1, 0
47508, 5, 2, 2, 0, 5, 0
47972, 1, 2, 2, 0, 1, 0
51666, 22, 23, 22, 1, 22, 0
64361, 21, 6, 6, 0, 21, 0
64362, 2, 5, 5, 0, 2, 0
64364, 8, 5, 5, 0, 8, 0
84229, 4, 2, 2, 0, 4, 0
24903, 2, 0, 0, 0, 0, 2
37495, 0, 2, 1, 1, 0, 0
55080, 0, 1, 1, 0, 0, 0
24906, 4, 1, 1, 0, 4, 0
24907, 2, 1, 1, 0, 2, 0
24910, 1, 0, 0, 0, 0, 1
24911, 1, 0, 0, 0, 1, 0
24912, 0, 1, 1, 0, 0, 0
24913, 2, 0, 0, 0, 2, 0
24915, 1, 0, 0, 0, 1, 0
35209, 0, 2, 2, 0, 0, 0
51435, 0, 2, 0, 2, 0, 0
83183, 0, 1, 0, 1, 0, 0
83184, 0, 1, 0, 1, 0, 0
83185, 0, 1, 0, 1, 0, 0
83186, 0, 1, 0, 1, 0, 0
83187, 0, 1, 0, 1, 0, 0
83188, 0, 1, 0, 1, 0, 0
83189, 0, 1, 0, 1, 0, 0
83190, 0, 1, 0, 1, 0, 0
83191, 0, 2, 0, 2, 0, 0
83192, 0, 1, 0, 1, 0, 0
83193, 0, 1, 0, 1, 0, 0
83194, 0, 1, 0, 1, 0, 0
83195, 0, 1, 0, 1, 0, 0
83196, 0, 1, 0, 1, 0, 0
83197, 0, 1, 0, 1, 0, 0
83198, 0, 1, 0, 1, 0, 0
68110, 6, 6, 6, 0, 6, 0
70827, 3, 2, 2, 0, 3, 0
70940, 1, 1, 1, 0, 1, 0
71634, 0, 2, 2, 0, 0, 0
71635, 0, 1, 1, 0, 0, 0
71637, 0, 1, 1, 0, 0, 0
61616, 14, 2, 1, 1, 14, 0
29039, 2, 1, 1, 0, 2, 0
24925, 1, 0, 0, 0, 0, 1
24928, 0, 4, 4, 0, 0, 0
24938, 1, 0, 0, 0, 0, 1
24947, 2, 1, 1, 0, 2, 0
24949, 3, 0, 0, 0, 1, 2
30299, 0, 1, 0, 1, 0, 0
30300, 0, 2, 2, 0, 0, 0
30301, 2, 3, 3, 0, 2, 0
59182, 2, 1, 1, 0, 1, 1
24966, 1, 0, 0, 0, 1, 0
24967, 1, 1, 1, 0, 1, 0
49701, 3, 1, 1, 0, 3, 0
49702, 0, 2, 2, 0, 0, 0
88799, 0, 1, 1, 0, 0, 0
24969, 1, 0, 0, 0, 1, 0
24970, 1, 0, 0, 0, 1, 0
24972, 1, 0, 0, 0, 1, 0
24973, 1, 0, 0, 0, 1, 0
24974, 2, 1, 1, 0, 2, 0
24975, 4, 5, 5, 0, 4, 0
24977, 1, 0, 0, 0, 1, 0
24978, 0, 1, 1, 0, 0, 0
24979, 1, 0, 0, 0, 0, 1
24980, 0, 2, 1, 1, 0, 0
24981, 1, 0, 0, 0, 1, 0
24982, 1, 0, 0, 0, 1, 0
24983, 1, 0, 0, 0, 1, 0
24985, 2, 0, 0, 0, 2, 0
86512, 0, 1, 1, 0, 0, 0
24989, 1, 0, 0, 0, 1, 0
24991, 1, 0, 0, 0, 1, 0
24992, 1, 0, 0, 0, 1, 0
24993, 1, 0, 0, 0, 1, 0
24995, 1, 0, 0, 0, 1, 0
24997, 2, 1, 1, 0, 2, 0
48940, 0, 2, 2, 0, 0, 0
48941, 5, 1, 1, 0, 5, 0
55902, 5, 4, 4, 0, 5, 0
55903, 3, 3, 3, 0, 3, 0
25001, 1, 0, 0, 0, 1, 0
90939, 0, 5, 3, 2, 0, 0
25003, 1, 0, 0, 0, 1, 0
25004, 3, 0, 0, 0, 0, 3
25406, 2, 2, 2, 0, 2, 0
44172, 5, 5, 5, 0, 5, 0
25008, 1, 0, 0, 0, 1, 0
25009, 1, 0, 0, 0, 0, 1
61011, 1, 1, 1, 0, 1, 0
25011, 2, 0, 0, 0, 0, 2
25012, 1, 0, 0, 0, 1, 0
25013, 1, 0, 0, 0, 0, 1
25014, 2, 1, 0, 1, 0, 2
52910, 4, 10, 9, 1, 4, 0
25015, 1, 0, 0, 0, 1, 0
25016, 1, 0, 0, 0, 1, 0
25017, 3, 0, 0, 0, 2, 1
25018, 1, 0, 0, 0, 0, 1
25020, 1, 0, 0, 0, 1, 0
25021, 1, 0, 0, 0, 1, 0
25023, 2, 2, 2, 0, 2, 0
25024, 10, 2, 2, 0, 10, 0
25025, 5, 4, 4, 0, 5, 0
25659, 1, 2, 2, 0, 1, 0
25744, 1, 1, 1, 0, 1, 0
27900, 0, 2, 2, 0, 0, 0
25026, 1, 0, 0, 0, 1, 0
25027, 1, 0, 0, 0, 1, 0
25028, 1, 0, 0, 0, 1, 0
25029, 1, 1, 1, 0, 1, 0
28746, 4, 5, 4, 1, 4, 0
57902, 5, 2, 2, 0, 5, 0
64854, 0, 1, 1, 0, 0, 0
64855, 2, 2, 2, 0, 2, 0
48860, 2, 1, 1, 0, 2, 0
25033, 1, 0, 0, 0, 1, 0
25034, 1, 0, 0, 0, 0, 1
25035, 1, 0, 0, 0, 1, 0
25038, 3, 0, 0, 0, 3, 0
25039, 2, 1, 1, 0, 2, 0
53524, 7, 1, 1, 0, 6, 1
65437, 3, 5, 5, 0, 3, 0
25041, 2, 0, 0, 0, 2, 0
25362, 6, 6, 6, 0, 5, 1
25043, 1, 0, 0, 0, 1, 0
25045, 1, 0, 0, 0, 1, 0
25046, 2, 0, 0, 0, 2, 0
25047, 4, 0, 0, 0, 3, 1
61575, 0, 1, 1, 0, 0, 0
61578, 0, 1, 0, 1, 0, 0
25055, 1, 1, 1, 0, 1, 0
25056, 1, 1, 1, 0, 1, 0
25057, 1, 0, 0, 0, 1, 0
25059, 2, 0, 0, 0, 1, 1
25062, 1, 0, 0, 0, 1, 0
81425, 1, 1, 1, 0, 1, 0
25065, 1, 0, 0, 0, 1, 0
25067, 1, 0, 0, 0, 1, 0
25068, 1, 0, 0, 0, 1, 0
25069, 0, 1, 1, 0, 0, 0
25070, 1, 0, 0, 0, 1, 0
25072, 2, 0, 0, 0, 2, 0
25080, 0, 1, 0, 1, 0, 0
39480, 16, 8, 8, 0, 16, 0
67306, 4, 4, 4, 0, 4, 0
68483, 0, 2, 2, 0, 0, 0
70306, 2, 1, 1, 0, 2, 0
73003, 0, 1, 1, 0, 0, 0
39924, 1, 2, 2, 0, 1, 0
40895, 3, 2, 1, 1, 2, 1
49927, 1, 1, 0, 1, 1, 0
49928, 3, 6, 4, 2, 3, 0
55953, 1, 1, 1, 0, 1, 0
56766, 0, 2, 2, 0, 0, 0
59611, 0, 1, 1, 0, 0, 0
58077, 0, 1, 1, 0, 0, 0
106451, 1, 2, 2, 0, 1, 0
25085, 1, 0, 0, 0, 1, 0
25086, 1, 1, 1, 0, 1, 0
25087, 1, 0, 0, 0, 1, 0
88291, 0, 1, 1, 0, 0, 0
25089, 2, 0, 0, 0, 1, 1
31721, 3, 3, 3, 0, 3, 0
25092, 2, 0, 0, 0, 0, 2
25094, 0, 1, 0, 1, 0, 0
25095, 1, 0, 0, 0, 1, 0
25097, 1, 0, 0, 0, 1, 0
25101, 1, 0, 0, 0, 1, 0
25103, 1, 0, 0, 0, 1, 0
25104, 1, 0, 0, 0, 1, 0
25105, 2, 0, 0, 0, 0, 2
25111, 0, 1, 0, 1, 0, 0
25112, 1, 1, 0, 1, 1, 0
25114, 2, 2, 2, 0, 2, 0
25115, 1, 0, 0, 0, 1, 0
25117, 1, 0, 0, 0, 1, 0
25119, 1, 0, 0, 0, 1, 0
25121, 1, 0, 0, 0, 1, 0
76923, 2, 3, 3, 0, 2, 0
86651, 0, 1, 1, 0, 0, 0
25123, 1, 0, 0, 0, 1, 0
25124, 1, 0, 0, 0, 1, 0
25125, 1, 0, 0, 0, 1, 0
25126, 1, 0, 0, 0, 1, 0
25127, 1, 0, 0, 0, 1, 0
25128, 1, 0, 0, 0, 1, 0
25129, 1, 1, 1, 0, 0, 1
25130, 1, 0, 0, 0, 1, 0
25131, 1, 0, 0, 0, 1, 0
75917, 2, 3, 3, 0, 2, 0
25135, 1, 0, 0, 0, 1, 0
25136, 3, 0, 0, 0, 3, 0
25137, 0, 1, 1, 0, 0, 0
25138, 1, 0, 0, 0, 1, 0
25139, 1, 0, 0, 0, 1, 0
25140, 1, 0, 0, 0, 0, 1
25141, 1, 0, 0, 0, 1, 0
25143, 1, 0, 0, 0, 1, 0
25147, 0, 1, 1, 0, 0, 0
31394, 2, 1, 1, 0, 2, 0
32547, 7, 2, 2, 0, 7, 0
25148, 2, 0, 0, 0, 0, 2
31035, 0, 9, 8, 1, 0, 0
25152, 1, 0, 0, 0, 0, 1
46167, 1, 1, 1, 0, 1, 0
47443, 1, 1, 1, 0, 1, 0
121483, 1, 1, 1, 0, 1, 0
25154, 1, 0, 0, 0, 1, 0
25156, 1, 0, 0, 0, 0, 1
25157, 1, 0, 0, 0, 1, 0
64235, 0, 1, 0, 1, 0, 0
25159, 1, 0, 0, 0, 0, 1
25160, 2, 0, 0, 0, 2, 0
25161, 2, 0, 0, 0, 2, 0
25162, 1, 1, 1, 0, 1, 0
25163, 1, 0, 0, 0, 1, 0
25164, 1, 0, 0, 0, 1, 0
25165, 1, 1, 1, 0, 1, 0
25166, 6, 3, 3, 0, 3, 3
25395, 1, 1, 1, 0, 1, 0
25730, 2, 4, 3, 1, 2, 0
25731, 1, 1, 0, 1, 0, 1
53637, 1, 3, 3, 0, 1, 0
25169, 1, 0, 0, 0, 1, 0
25172, 1, 0, 0, 0, 1, 0
25173, 2, 0, 0, 0, 2, 0
25174, 1, 1, 1, 0, 1, 0
25176, 1, 0, 0, 0, 0, 1
57910, 1, 2, 2, 0, 1, 0
78333, 2, 4, 4, 0, 2, 0
25178, 2, 0, 0, 0, 2, 0
25179, 1, 0, 0, 0, 1, 0
25180, 1, 0, 0, 0, 0, 1
25181, 1, 1, 1, 0, 1, 0
25183, 1, 0, 0, 0, 0, 1
25186, 1, 0, 0, 0, 1, 0
36744, 3, 3, 3, 0, 3, 0
37120, 1, 2, 2, 0, 1, 0
41454, 3, 2, 2, 0, 3, 0
42032, 1, 1, 1, 0, 1, 0
42362, 0, 2, 2, 0, 0, 0
43750, 7, 3, 2, 1, 7, 0
44465, 3, 2, 0, 2, 3, 0
46987, 11, 6, 6, 0, 11, 0
47096, 1, 1, 1, 0, 1, 0
47319, 7, 7, 7, 0, 7, 0
47357, 1, 4, 3, 1, 1, 0
68703, 0, 3, 3, 0, 0, 0
75748, 0, 1, 1, 0, 0, 0
75749, 3, 4, 4, 0, 3, 0
75750, 0, 1, 1, 0, 0, 0
75751, 0, 1, 1, 0, 0, 0
75752, 0, 1, 1, 0, 0, 0
75753, 0, 1, 1, 0, 0, 0
75754, 0, 1, 1, 0, 0, 0
75755, 0, 1, 1, 0, 0, 0
75756, 0, 1, 1, 0, 0, 0
75757, 0, 1, 1, 0, 0, 0
75758, 0, 1, 1, 0, 0, 0
75759, 0, 1, 1, 0, 0, 0
75760, 0, 1, 1, 0, 0, 0
75761, 0, 1, 1, 0, 0, 0
75762, 0, 1, 1, 0, 0, 0
75763, 0, 1, 1, 0, 0, 0
75764, 0, 1, 1, 0, 0, 0
75765, 0, 1, 1, 0, 0, 0
75766, 0, 1, 1, 0, 0, 0
25190, 1, 0, 0, 0, 1, 0
28549, 0, 5, 1, 4, 0, 0
90061, 0, 1, 1, 0, 0, 0
125133, 0, 1, 0, 1, 0, 0
25192, 1, 0, 0, 0, 1, 0
25193, 2, 0, 0, 0, 2, 0
25194, 1, 0, 0, 0, 1, 0
25195, 0, 1, 1, 0, 0, 0
25196, 1, 0, 0, 0, 0, 1
25198, 1, 0, 0, 0, 1, 0
25200, 2, 0, 0, 0, 2, 0
25201, 0, 1, 1, 0, 0, 0
25204, 0, 1, 0, 1, 0, 0
25206, 0, 1, 0, 1, 0, 0
25207, 3, 3, 3, 0, 3, 0
25208, 2, 2, 2, 0, 2, 0
122374, 1, 1, 1, 0, 1, 0
25210, 1, 2, 2, 0, 1, 0
65134, 6, 4, 4, 0, 6, 0
25214, 1, 0, 0, 0, 1, 0
25215, 1, 1, 1, 0, 1, 0
25216, 1, 1, 0, 1, 1, 0
97690, 1, 1, 1, 0, 1, 0
25218, 1, 0, 0, 0, 1, 0
25221, 5, 1, 1, 0, 5, 0
25222, 7, 2, 2, 0, 6, 1
25223, 0, 1, 1, 0, 0, 0
46387, 0, 2, 2, 0, 0, 0
25229, 1, 0, 0, 0, 0, 1
25230, 1, 0, 0, 0, 1, 0
82703, 4, 2, 2, 0, 4, 0
89770, 1, 1, 1, 0, 1, 0
90822, 2, 1, 1, 0, 2, 0
90823, 1, 2, 2, 0, 1, 0
91723, 0, 1, 1, 0, 0, 0
36378, 0, 1, 1, 0, 0, 0
75603, 0, 1, 1, 0, 0, 0
75604, 0, 1, 1, 0, 0, 0
75605, 0, 1, 1, 0, 0, 0
74949, 7, 2, 2, 0, 4, 3
55127, 2, 4, 4, 0, 2, 0
65771, 2, 3, 3, 0, 2, 0
80058, 0, 1, 1, 0, 0, 0
58167, 1, 1, 1, 0, 1, 0
25264, 1, 0, 0, 0, 1, 0
25266, 1, 0, 0, 0, 1, 0
25267, 0, 1, 1, 0, 0, 0
25269, 3, 0, 0, 0, 3, 0
25270, 1, 0, 0, 0, 1, 0
25271, 1, 0, 0, 0, 1, 0
25273, 1, 0, 0, 0, 1, 0
125745, 2, 1, 1, 0, 2, 0
25275, 1, 0, 0, 0, 1, 0
25280, 12, 0, 0, 0, 0, 12
25283, 2, 3, 1, 2, 2, 0
25284, 0, 2, 1, 1, 0, 0
25286, 5, 7, 3, 4, 1, 4
25288, 0, 2, 1, 1, 0, 0
25289, 1, 2, 1, 1, 1, 0
29246, 2, 2, 1, 1, 1, 1
58283, 2, 1, 1, 0, 2, 0
84972, 0, 1, 1, 0, 0, 0
49870, 7, 4, 4, 0, 7, 0
55561, 6, 1, 1, 0, 5, 1
66590, 0, 3, 3, 0, 0, 0
25293, 5, 0, 0, 0, 1, 4
25304, 1, 0, 0, 0, 1, 0
73334, 2, 2, 2, 0, 2, 0
25306, 1, 0, 0, 0, 0, 1
96299, 0, 1, 1, 0, 0, 0
25312, 1, 0, 0, 0, 1, 0
25313, 1, 0, 0, 0, 1, 0
25314, 1, 0, 0, 0, 1, 0
25315, 1, 0, 0, 0, 0, 1
25317, 1, 0, 0, 0, 1, 0
25318, 0, 2, 2, 0, 0, 0
25319, 1, 0, 0, 0, 1, 0
25320, 1, 0, 0, 0, 1, 0
25321, 1, 1, 1, 0, 1, 0
25322, 2, 6, 6, 0, 2, 0
25323, 1, 0, 0, 0, 0, 1
25324, 1, 0, 0, 0, 1, 0
25325, 2, 0, 0, 0, 2, 0
25327, 1, 0, 0, 0, 1, 0
107923, 0, 1, 0, 1, 0, 0
26927, 2, 1, 1, 0, 2, 0
39768, 1, 1, 1, 0, 1, 0
125150, 1, 1, 1, 0, 1, 0
25331, 1, 0, 0, 0, 1, 0
25332, 2, 0, 0, 0, 0, 2
25334, 3, 0, 0, 0, 3, 0
25335, 1, 0, 0, 0, 1, 0
25336, 1, 0, 0, 0, 1, 0
25337, 1, 0, 0, 0, 1, 0
25340, 1, 0, 0, 0, 1, 0
25341, 1, 0, 0, 0, 1, 0
25344, 1, 0, 0, 0, 1, 0
25345, 1, 5, 4, 1, 1, 0
56047, 2, 1, 1, 0, 2, 0
27512, 2, 3, 3, 0, 2, 0
47451, 0, 1, 0, 1, 0, 0
47452, 0, 1, 0, 1, 0, 0
25352, 1, 0, 0, 0, 1, 0
25353, 0, 1, 1, 0, 0, 0
25354, 1, 1, 1, 0, 1, 0
25355, 1, 1, 1, 0, 1, 0
25356, 1, 0, 0, 0, 1, 0
25358, 1, 1, 1, 0, 1, 0
62713, 1, 2, 2, 0, 1, 0
25361, 1, 0, 0, 0, 1, 0
57688, 8, 6, 6, 0, 8, 0
57689, 1, 1, 1, 0, 1, 0
25363, 1, 0, 0, 0, 1, 0
25364, 1, 0, 0, 0, 1, 0
25365, 1, 1, 1, 0, 1, 0
25366, 4, 1, 1, 0, 4, 0
25460, 0, 1, 1, 0, 0, 0
25367, 2, 0, 0, 0, 2, 0
95561, 0, 1, 1, 0, 0, 0
25373, 6, 0, 0, 0, 2, 4
25377, 0, 2, 1, 1, 0, 0
76828, 1, 1, 1, 0, 1, 0
84408, 0, 1, 1, 0, 0, 0
94040, 0, 1, 1, 0, 0, 0
25380, 5, 0, 0, 0, 4, 1
25381, 7, 0, 0, 0, 1, 6
25383, 0, 1, 0, 1, 0, 0
25384, 0, 3, 2, 1, 0, 0
25385, 0, 3, 2, 1, 0, 0
51362, 1, 8, 7, 1, 1, 0
108582, 5, 8, 8, 0, 5, 0
25387, 0, 1, 1, 0, 0, 0
97466, 1, 1, 1, 0, 1, 0
97672, 6, 2, 2, 0, 6, 0
48718, 5, 6, 6, 0, 5, 0
56620, 1, 1, 1, 0, 1, 0
57678, 0, 2, 2, 0, 0, 0
58082, 1, 1, 1, 0, 1, 0
66778, 0, 1, 1, 0, 0, 0
66779, 0, 1, 1, 0, 0, 0
66780, 5, 2, 2, 0, 5, 0
25389, 1, 0, 0, 0, 1, 0
25391, 0, 1, 1, 0, 0, 0
103598, 0, 1, 1, 0, 0, 0
121929, 1, 1, 1, 0, 1, 0
25392, 1, 1, 1, 0, 1, 0
25393, 4, 3, 3, 0, 4, 0
25469, 1, 1, 1, 0, 1, 0
25471, 1, 1, 1, 0, 1, 0
25394, 1, 0, 0, 0, 0, 1
25397, 1, 0, 0, 0, 0, 1
25398, 0, 1, 0, 1, 0, 0
25400, 0, 1, 1, 0, 0, 0
25401, 18, 3, 3, 0, 6, 12
46623, 0, 1, 0, 1, 0, 0
25402, 1, 0, 0, 0, 1, 0
25404, 0, 1, 1, 0, 0, 0
25405, 1, 0, 0, 0, 1, 0
45491, 1, 1, 1, 0, 1, 0
25407, 4, 0, 0, 0, 2, 2
25408, 0, 1, 0, 1, 0, 0
25409, 0, 1, 0, 1, 0, 0
25410, 2, 0, 0, 0, 2, 0
25413, 1, 0, 0, 0, 0, 1
25414, 1, 0, 0, 0, 0, 1
62910, 2, 2, 2, 0, 1, 1
25416, 1, 1, 1, 0, 1, 0
25417, 16, 2, 2, 0, 16, 0
91731, 2, 2, 2, 0, 2, 0
76292, 0, 1, 1, 0, 0, 0
76293, 0, 2, 1, 1, 0, 0
25420, 1, 0, 0, 0, 1, 0
25421, 1, 0, 0, 0, 1, 0
25423, 1, 0, 0, 0, 1, 0
25426, 1, 0, 0, 0, 1, 0
25428, 5, 1, 1, 0, 0, 5
43376, 1, 1, 1, 0, 1, 0
25430, 3, 2, 2, 0, 3, 0
25431, 1, 1, 1, 0, 1, 0
25432, 14, 2, 2, 0, 14, 0
34569, 1, 1, 1, 0, 1, 0
25433, 1, 0, 0, 0, 0, 1
25434, 1, 0, 0, 0, 0, 1
25436, 1, 0, 0, 0, 1, 0
30741, 2, 4, 4, 0, 2, 0
45982, 1, 4, 4, 0, 1, 0
78807, 0, 1, 1, 0, 0, 0
78808, 0, 1, 1, 0, 0, 0
25439, 1, 0, 0, 0, 1, 0
25440, 6, 0, 0, 0, 6, 0
25441, 1, 1, 1, 0, 1, 0
25443, 1, 0, 0, 0, 1, 0
25445, 1, 0, 0, 0, 1, 0
25446, 1, 0, 0, 0, 1, 0
25447, 1, 0, 0, 0, 1, 0
25448, 1, 0, 0, 0, 1, 0
25449, 3, 0, 0, 0, 3, 0
25450, 1, 0, 0, 0, 1, 0
25451, 0, 1, 1, 0, 0, 0
25452, 1, 0, 0, 0, 1, 0
25453, 1, 0, 0, 0, 1, 0
25454, 1, 0, 0, 0, 1, 0
25455, 2, 0, 0, 0, 2, 0
25456, 0, 2, 2, 0, 0, 0
25457, 1, 0, 0, 0, 1, 0
25458, 1, 0, 0, 0, 1, 0
25459, 1, 0, 0, 0, 1, 0
25461, 1, 0, 0, 0, 1, 0
25462, 2, 1, 1, 0, 2, 0
25465, 2, 0, 0, 0, 2, 0
25466, 1, 2, 2, 0, 1, 0
25467, 1, 2, 2, 0, 1, 0
25470, 1, 0, 0, 0, 1, 0
25472, 1, 1, 1, 0, 1, 0
25473, 5, 2, 2, 0, 5, 0
25672, 1, 1, 1, 0, 1, 0
25474, 1, 0, 0, 0, 1, 0
25475, 1, 0, 0, 0, 1, 0
25476, 1, 0, 0, 0, 0, 1
25478, 1, 0, 0, 0, 1, 0
108802, 0, 1, 1, 0, 0, 0
25490, 1, 1, 1, 0, 1, 0
25491, 6, 4, 4, 0, 6, 0
82915, 0, 1, 1, 0, 0, 0
25495, 1, 0, 0, 0, 1, 0
25496, 2, 1, 1, 0, 2, 0
26708, 1, 1, 1, 0, 1, 0
25497, 1, 0, 0, 0, 1, 0
25498, 1, 0, 0, 0, 1, 0
25499, 1, 0, 0, 0, 1, 0
25500, 1, 0, 0, 0, 1, 0
25501, 3, 0, 0, 0, 2, 1
70844, 0, 2, 2, 0, 0, 0
70845, 0, 1, 1, 0, 0, 0
70846, 0, 1, 1, 0, 0, 0
25508, 1, 2, 2, 0, 1, 0
28597, 1, 1, 1, 0, 1, 0
44543, 0, 1, 0, 1, 0, 0
25509, 1, 0, 0, 0, 1, 0
25511, 1, 0, 0, 0, 1, 0
25512, 0, 2, 1, 1, 0, 0
25514, 1, 0, 0, 0, 0, 1
25516, 1, 0, 0, 0, 1, 0
25517, 3, 2, 1, 1, 3, 0
25518, 1, 0, 0, 0, 1, 0
50986, 3, 2, 2, 0, 3, 0
25520, 1, 1, 1, 0, 1, 0
25522, 1, 0, 0, 0, 1, 0
25523, 1, 1, 1, 0, 1, 0
25526, 1, 0, 0, 0, 1, 0
25527, 1, 0, 0, 0, 1, 0
25528, 2, 0, 0, 0, 2, 0
25529, 1, 0, 0, 0, 1, 0
74647, 0, 1, 1, 0, 0, 0
25534, 1, 0, 0, 0, 1, 0
25535, 1, 0, 0, 0, 1, 0
53431, 0, 2, 1, 1, 0, 0
60006, 2, 1, 1, 0, 2, 0
70892, 2, 2, 2, 0, 2, 0
76133, 0, 1, 1, 0, 0, 0
76134, 0, 1, 1, 0, 0, 0
76135, 0, 1, 1, 0, 0, 0
76136, 0, 1, 1, 0, 0, 0
76137, 0, 1, 1, 0, 0, 0
76138, 0, 1, 1, 0, 0, 0
25538, 1, 0, 0, 0, 1, 0
31350, 1, 1, 1, 0, 1, 0
25540, 1, 0, 0, 0, 1, 0
25544, 1, 0, 0, 0, 1, 0
25545, 1, 2, 2, 0, 1, 0
115988, 0, 1, 0, 1, 0, 0
25550, 1, 0, 0, 0, 0, 1
25551, 1, 3, 1, 2, 1, 0
25552, 1, 0, 0, 0, 1, 0
25555, 0, 1, 1, 0, 0, 0
25556, 0, 1, 1, 0, 0, 0
37616, 5, 3, 3, 0, 5, 0
37617, 2, 5, 5, 0, 1, 1
29169, 3, 2, 2, 0, 3, 0
27337, 1, 3, 2, 1, 1, 0
48367, 13, 5, 5, 0, 12, 1
49491, 1, 1, 1, 0, 1, 0
69643, 10, 4, 4, 0, 10, 0
70411, 0, 1, 1, 0, 0, 0
70413, 0, 1, 1, 0, 0, 0
70414, 0, 1, 1, 0, 0, 0
73663, 1, 4, 4, 0, 0, 1
100795, 1, 3, 3, 0, 1, 0
101551, 0, 1, 1, 0, 0, 0
101688, 1, 1, 1, 0, 1, 0
106677, 3, 1, 1, 0, 3, 0
108715, 0, 2, 2, 0, 0, 0
109766, 8, 2, 1, 1, 8, 0
112107, 0, 1, 1, 0, 0, 0
115523, 0, 1, 1, 0, 0, 0
115524, 0, 2, 2, 0, 0, 0
50188, 0, 1, 1, 0, 0, 0
50189, 0, 1, 0, 1, 0, 0
28059, 2, 3, 2, 1, 2, 0
37462, 0, 2, 2, 0, 0, 0
59037, 8, 5, 5, 0, 8, 0
64774, 3, 3, 3, 0, 3, 0
68684, 0, 1, 1, 0, 0, 0
68686, 0, 6, 6, 0, 0, 0
68687, 0, 1, 1, 0, 0, 0
68690, 0, 1, 1, 0, 0, 0
68691, 0, 2, 2, 0, 0, 0
68694, 1, 1, 1, 0, 1, 0
68695, 0, 1, 1, 0, 0, 0
67123, 0, 3, 3, 0, 0, 0
25563, 1, 0, 0, 0, 1, 0
25565, 1, 0, 0, 0, 1, 0
25567, 1, 1, 1, 0, 1, 0
25568, 0, 2, 2, 0, 0, 0
25570, 1, 0, 0, 0, 1, 0
69120, 8, 2, 2, 0, 8, 0
74247, 3, 1, 1, 0, 3, 0
76116, 0, 1, 1, 0, 0, 0
76117, 0, 1, 1, 0, 0, 0
76118, 0, 1, 1, 0, 0, 0
76119, 1, 2, 2, 0, 1, 0
74224, 1, 1, 1, 0, 1, 0
25574, 1, 0, 0, 0, 1, 0
25575, 3, 0, 0, 0, 3, 0
25576, 1, 0, 0, 0, 0, 1
103136, 2, 1, 1, 0, 2, 0
25578, 1, 0, 0, 0, 1, 0
25579, 1, 0, 0, 0, 0, 1
25580, 1, 0, 0, 0, 1, 0
25581, 1, 0, 0, 0, 1, 0
25582, 1, 0, 0, 0, 1, 0
25583, 1, 0, 0, 0, 1, 0
25584, 1, 1, 1, 0, 1, 0
25586, 1, 0, 0, 0, 1, 0
25612, 1, 1, 1, 0, 1, 0
25590, 1, 0, 0, 0, 1, 0
25591, 1, 0, 0, 0, 1, 0
37552, 0, 2, 2, 0, 0, 0
40646, 2, 15, 15, 0, 2, 0
65667, 1, 2, 2, 0, 1, 0
65669, 1, 1, 1, 0, 1, 0
25601, 0, 1, 1, 0, 0, 0
25602, 0, 4, 4, 0, 0, 0
84658, 2, 2, 2, 0, 2, 0
88532, 4, 1, 1, 0, 4, 0
91822, 0, 2, 2, 0, 0, 0
92740, 0, 1, 1, 0, 0, 0
92741, 0, 1, 1, 0, 0, 0
93044, 0, 1, 0, 1, 0, 0
25606, 1, 0, 0, 0, 1, 0
25607, 2, 0, 0, 0, 2, 0
25608, 1, 0, 0, 0, 1, 0
25609, 4, 0, 0, 0, 4, 0
25610, 1, 0, 0, 0, 1, 0
61840, 3, 3, 3, 0, 3, 0
64689, 1, 2, 2, 0, 1, 0
25613, 1, 0, 0, 0, 1, 0
25614, 1, 0, 0, 0, 1, 0
25615, 2, 0, 0, 0, 1, 1
25616, 1, 0, 0, 0, 1, 0
25618, 1, 0, 0, 0, 0, 1
25619, 1, 0, 0, 0, 1, 0
25620, 1, 0, 0, 0, 1, 0
25621, 3, 1, 1, 0, 3, 0
25622, 3, 1, 1, 0, 3, 0
25623, 1, 0, 0, 0, 1, 0
25624, 1, 0, 0, 0, 1, 0
25627, 1, 0, 0, 0, 1, 0
61488, 0, 1, 1, 0, 0, 0
25630, 1, 2, 2, 0, 1, 0
25632, 1, 0, 0, 0, 1, 0
38680, 12, 6, 2, 4, 12, 0
49149, 1, 1, 1, 0, 1, 0
49206, 1, 1, 1, 0, 1, 0
49461, 1, 1, 1, 0, 1, 0
25635, 2, 1, 1, 0, 2, 0
25997, 2, 2, 2, 0, 2, 0
66282, 2, 1, 1, 0, 2, 0
68047, 0, 2, 0, 2, 0, 0
25637, 1, 0, 0, 0, 1, 0
25639, 1, 0, 0, 0, 1, 0
25640, 0, 2, 2, 0, 0, 0
25641, 1, 0, 0, 0, 1, 0
25643, 1, 0, 0, 0, 1, 0
25644, 1, 0, 0, 0, 1, 0
42587, 0, 1, 1, 0, 0, 0
25647, 1, 0, 0, 0, 1, 0
25648, 1, 0, 0, 0, 1, 0
54438, 1, 4, 3, 1, 1, 0
83137, 0, 1, 0, 1, 0, 0
83138, 0, 3, 0, 3, 0, 0
25651, 6, 1, 1, 0, 6, 0
25653, 2, 2, 2, 0, 2, 0
30538, 2, 2, 2, 0, 2, 0
91189, 0, 1, 1, 0, 0, 0
116600, 2, 1, 1, 0, 2, 0
25654, 2, 0, 0, 0, 1, 1
25655, 1, 0, 0, 0, 1, 0
31410, 2, 3, 3, 0, 2, 0
25658, 12, 0, 0, 0, 0, 12
25660, 1, 0, 0, 0, 1, 0
27885, 0, 3, 1, 2, 0, 0
27886, 2, 2, 2, 0, 2, 0
109207, 0, 2, 0, 2, 0, 0
58918, 6, 5, 5, 0, 6, 0
67350, 4, 4, 4, 0, 4, 0
36172, 3, 4, 4, 0, 3, 0
36214, 4, 3, 3, 0, 4, 0
36215, 0, 1, 1, 0, 0, 0
25669, 2, 0, 0, 0, 2, 0
25671, 1, 0, 0, 0, 1, 0
25673, 1, 0, 0, 0, 1, 0
25675, 1, 0, 0, 0, 1, 0
25678, 1, 0, 0, 0, 1, 0
25679, 1, 0, 0, 0, 1, 0
26839, 0, 1, 1, 0, 0, 0
25682, 1, 0, 0, 0, 1, 0
25683, 1, 0, 0, 0, 0, 1
25685, 1, 0, 0, 0, 1, 0
25686, 1, 0, 0, 0, 1, 0
25687, 0, 1, 1, 0, 0, 0
25688, 6, 2, 1, 1, 5, 1
25690, 1, 0, 0, 0, 1, 0
25691, 1, 0, 0, 0, 1, 0
25692, 1, 0, 0, 0, 1, 0
25693, 0, 3, 3, 0, 0, 0
25694, 1, 0, 0, 0, 1, 0
25698, 0, 1, 1, 0, 0, 0
25699, 1, 0, 0, 0, 1, 0
27949, 1, 3, 3, 0, 1, 0
48388, 8, 7, 7, 0, 8, 0
87187, 3, 3, 3, 0, 3, 0
87304, 2, 1, 1, 0, 2, 0
87579, 2, 2, 2, 0, 2, 0
90915, 0, 1, 1, 0, 0, 0
25703, 5, 0, 0, 0, 5, 0
25704, 1, 0, 0, 0, 1, 0
25705, 0, 1, 1, 0, 0, 0
25710, 2, 0, 0, 0, 2, 0
25712, 0, 1, 1, 0, 0, 0
25713, 1, 0, 0, 0, 1, 0
34208, 5, 2, 2, 0, 3, 2
25715, 1, 0, 0, 0, 1, 0
25716, 1, 0, 0, 0, 0, 1
25717, 0, 1, 0, 1, 0, 0
25719, 1, 0, 0, 0, 1, 0
25720, 1, 0, 0, 0, 1, 0
25721, 0, 1, 1, 0, 0, 0
25722, 1, 0, 0, 0, 1, 0
25723, 1, 0, 0, 0, 1, 0
25724, 1, 0, 0, 0, 0, 1
25728, 3, 1, 1, 0, 3, 0
25729, 0, 7, 5, 2, 0, 0
68016, 0, 1, 1, 0, 0, 0
68017, 0, 1, 1, 0, 0, 0
25733, 0, 1, 1, 0, 0, 0
25734, 0, 1, 1, 0, 0, 0
25738, 1, 0, 0, 0, 1, 0
25740, 1, 0, 0, 0, 1, 0
25745, 2, 1, 1, 0, 1, 1
25746, 6, 1, 1, 0, 6, 0
26952, 0, 1, 1, 0, 0, 0
26953, 0, 1, 1, 0, 0, 0
26954, 0, 1, 1, 0, 0, 0
25747, 1, 0, 0, 0, 1, 0
25750, 1, 0, 0, 0, 1, 0
51126, 2, 1, 1, 0, 2, 0
51814, 10, 3, 3, 0, 7, 3
25754, 1, 0, 0, 0, 1, 0
25755, 0, 1, 1, 0, 0, 0
31037, 1, 2, 2, 0, 1, 0
25758, 1, 0, 0, 0, 1, 0
25759, 2, 0, 0, 0, 2, 0
25760, 1, 1, 1, 0, 1, 0
25761, 1, 0, 0, 0, 1, 0
25762, 0, 1, 1, 0, 0, 0
25765, 2, 0, 0, 0, 1, 1
25767, 1, 0, 0, 0, 0, 1
25770, 1, 0, 0, 0, 0, 1
25772, 1, 0, 0, 0, 1, 0
25773, 2, 1, 1, 0, 2, 0
25776, 2, 0, 0, 0, 2, 0
25777, 3, 0, 0, 0, 2, 1
25778, 0, 4, 4, 0, 0, 0
25780, 3, 0, 0, 0, 3, 0
25783, 1, 2, 2, 0, 1, 0
25785, 1, 0, 0, 0, 1, 0
67317, 1, 1, 1, 0, 1, 0
25787, 1, 0, 0, 0, 1, 0
26443, 4, 5, 3, 2, 4, 0
45116, 1, 12, 9, 3, 1, 0
91589, 0, 1, 0, 1, 0, 0
91590, 0, 1, 1, 0, 0, 0
91591, 0, 1, 0, 1, 0, 0
91592, 0, 1, 0, 1, 0, 0
25792, 1, 0, 0, 0, 0, 1
25793, 1, 0, 0, 0, 1, 0
25794, 1, 0, 0, 0, 1, 0
25795, 1, 0, 0, 0, 1, 0
25796, 0, 6, 6, 0, 0, 0
25797, 1, 1, 1, 0, 1, 0
103254, 0, 1, 0, 1, 0, 0
25799, 1, 0, 0, 0, 1, 0
25800, 0, 1, 1, 0, 0, 0
25801, 1, 0, 0, 0, 1, 0
25803, 1, 1, 1, 0, 1, 0
25804, 2, 0, 0, 0, 1, 1
25806, 1, 1, 0, 1, 1, 0
25807, 0, 2, 1, 1, 0, 0
25810, 1, 0, 0, 0, 1, 0
25811, 1, 0, 0, 0, 1, 0
25813, 1, 0, 0, 0, 1, 0
25814, 1, 1, 1, 0, 1, 0
25815, 1, 0, 0, 0, 1, 0
25816, 1, 0, 0, 0, 1, 0
25818, 0, 5, 4, 1, 0, 0
25819, 1, 0, 0, 0, 1, 0
25821, 1, 0, 0, 0, 1, 0
68234, 1, 1, 1, 0, 1, 0
77189, 1, 1, 1, 0, 1, 0
80462, 0, 1, 0, 1, 0, 0
25833, 4, 0, 0, 0, 3, 1
64945, 1, 3, 2, 1, 1, 0
80438, 1, 1, 1, 0, 1, 0
80696, 3, 2, 2, 0, 3, 0
80698, 0, 1, 1, 0, 0, 0
80699, 1, 2, 2, 0, 1, 0
80700, 0, 1, 0, 1, 0, 0
25835, 1, 0, 0, 0, 1, 0
25836, 1, 0, 0, 0, 1, 0
25842, 3, 0, 0, 0, 3, 0
25843, 1, 0, 0, 0, 1, 0
25844, 0, 1, 1, 0, 0, 0
25848, 2, 0, 0, 0, 0, 2
25849, 1, 1, 0, 1, 1, 0
64893, 1, 1, 1, 0, 1, 0
66955, 2, 5, 5, 0, 2, 0
74121, 0, 1, 1, 0, 0, 0
76893, 3, 1, 1, 0, 2, 1
25853, 1, 0, 0, 0, 1, 0
25854, 1, 1, 1, 0, 0, 1
25855, 1, 1, 1, 0, 1, 0
25856, 3, 1, 1, 0, 3, 0
105388, 1, 1, 1, 0, 1, 0
25858, 2, 0, 0, 0, 2, 0
49165, 2, 3, 3, 0, 2, 0
102397, 0, 1, 0, 1, 0, 0
110330, 0, 1, 0, 1, 0, 0
25860, 1, 0, 0, 0, 1, 0
25861, 1, 0, 0, 0, 0, 1
25863, 1, 0, 0, 0, 1, 0
25864, 1, 0, 0, 0, 1, 0
25865, 1, 1, 1, 0, 1, 0
25867, 1, 0, 0, 0, 1, 0
25868, 3, 0, 0, 0, 3, 0
25870, 0, 2, 1, 1, 0, 0
25871, 0, 1, 1, 0, 0, 0
107280, 4, 1, 0, 1, 3, 1
25875, 1, 0, 0, 0, 1, 0
25876, 3, 0, 0, 0, 3, 0
48956, 0, 1, 1, 0, 0, 0
48957, 0, 1, 1, 0, 0, 0
25885, 1, 1, 1, 0, 1, 0
25886, 1, 1, 1, 0, 1, 0
25887, 1, 0, 0, 0, 1, 0
25889, 2, 0, 0, 0, 0, 2
83241, 1, 1, 1, 0, 1, 0
25891, 1, 0, 0, 0, 1, 0
25893, 1, 1, 1, 0, 1, 0
25895, 1, 0, 0, 0, 0, 1
25896, 0, 1, 0, 1, 0, 0
25897, 1, 0, 0, 0, 1, 0
25898, 0, 1, 1, 0, 0, 0
25901, 1, 0, 0, 0, 1, 0
25902, 2, 0, 0, 0, 2, 0
25904, 1, 0, 0, 0, 0, 1
25905, 1, 3, 1, 2, 1, 0
25906, 1, 0, 0, 0, 1, 0
25908, 1, 0, 0, 0, 1, 0
25909, 1, 0, 0, 0, 0, 1
25910, 22, 0, 0, 0, 22, 0
25912, 1, 1, 1, 0, 1, 0
25914, 2, 0, 0, 0, 1, 1
25915, 1, 0, 0, 0, 1, 0
25916, 1, 0, 0, 0, 1, 0
25920, 1, 0, 0, 0, 1, 0
25921, 0, 1, 1, 0, 0, 0
25926, 1, 0, 0, 0, 0, 1
25928, 1, 0, 0, 0, 1, 0
42555, 1, 1, 1, 0, 1, 0
25932, 1, 0, 0, 0, 1, 0
25933, 1, 0, 0, 0, 0, 1
25934, 4, 0, 0, 0, 3, 1
25935, 1, 0, 0, 0, 1, 0
25936, 1, 0, 0, 0, 1, 0
25937, 1, 2, 1, 1, 1, 0
54524, 0, 1, 1, 0, 0, 0
25939, 1, 0, 0, 0, 1, 0
25940, 1, 0, 0, 0, 0, 1
25942, 1, 0, 0, 0, 1, 0
111416, 1, 2, 2, 0, 1, 0
25946, 1, 0, 0, 0, 1, 0
25947, 0, 1, 1, 0, 0, 0
25948, 2, 0, 0, 0, 1, 1
25949, 1, 7, 7, 0, 1, 0
32043, 2, 2, 2, 0, 2, 0
32044, 3, 2, 2, 0, 3, 0
53058, 2, 2, 2, 0, 2, 0
53818, 7, 6, 5, 1, 6, 1
36904, 0, 2, 1, 1, 0, 0
61738, 0, 2, 0, 2, 0, 0
25958, 2, 0, 0, 0, 2, 0
25959, 2, 1, 1, 0, 2, 0
25960, 2, 1, 1, 0, 2, 0
25961, 2, 0, 0, 0, 1, 1
25962, 3, 0, 0, 0, 1, 2
25963, 1, 0, 0, 0, 1, 0
25966, 7, 0, 0, 0, 7, 0
67479, 2, 5, 5, 0, 2, 0
25968, 1, 0, 0, 0, 1, 0
25969, 1, 0, 0, 0, 0, 1
25970, 1, 0, 0, 0, 1, 0
25973, 1, 0, 0, 0, 0, 1
64911, 6, 1, 1, 0, 5, 1
121021, 0, 1, 1, 0, 0, 0
25975, 2, 0, 0, 0, 2, 0
68846, 0, 1, 1, 0, 0, 0
25980, 1, 0, 0, 0, 1, 0
53996, 1, 3, 1, 2, 1, 0
86872, 0, 1, 1, 0, 0, 0
25982, 1, 1, 1, 0, 1, 0
115143, 5, 1, 1, 0, 5, 0
115165, 0, 1, 1, 0, 0, 0
115799, 0, 1, 1, 0, 0, 0
25984, 2, 0, 0, 0, 2, 0
25985, 2, 0, 0, 0, 1, 1
25988, 5, 0, 0, 0, 5, 0
25990, 4, 1, 1, 0, 4, 0
25992, 1, 2, 2, 0, 1, 0
25993, 0, 2, 2, 0, 0, 0
25995, 1, 0, 0, 0, 1, 0
25998, 2, 0, 0, 0, 2, 0
25999, 1, 3, 3, 0, 1, 0
70030, 1, 1, 1, 0, 1, 0
26001, 1, 0, 0, 0, 1, 0
26002, 1, 0, 0, 0, 1, 0
26004, 2, 0, 0, 0, 0, 2
84193, 0, 1, 1, 0, 0, 0
26006, 1, 0, 0, 0, 0, 1
26007, 1, 0, 0, 0, 1, 0
26008, 1, 0, 0, 0, 1, 0
26009, 1, 0, 0, 0, 1, 0
26011, 1, 0, 0, 0, 1, 0
26012, 2, 0, 0, 0, 2, 0
26013, 1, 0, 0, 0, 1, 0
39115, 0, 3, 3, 0, 0, 0
71255, 2, 1, 1, 0, 2, 0
75457, 11, 5, 5, 0, 11, 0
75580, 2, 2, 2, 0, 2, 0
80351, 2, 1, 1, 0, 2, 0
83986, 0, 1, 1, 0, 0, 0
83987, 0, 1, 1, 0, 0, 0
83988, 0, 1, 1, 0, 0, 0
83989, 0, 1, 1, 0, 0, 0
83990, 0, 1, 1, 0, 0, 0
83991, 0, 1, 1, 0, 0, 0
83992, 0, 1, 1, 0, 0, 0
83993, 0, 1, 1, 0, 0, 0
83995, 0, 1, 0, 1, 0, 0
83996, 0, 1, 0, 1, 0, 0
26017, 1, 2, 2, 0, 1, 0
26019, 1, 0, 0, 0, 1, 0
26020, 2, 1, 1, 0, 1, 1
26021, 0, 2, 0, 2, 0, 0
27560, 1, 1, 0, 1, 0, 1
56016, 1, 2, 2, 0, 1, 0
57932, 2, 1, 1, 0, 2, 0
58620, 3, 1, 1, 0, 0, 3
86895, 0, 1, 1, 0, 0, 0
86896, 0, 1, 1, 0, 0, 0
86897, 0, 1, 1, 0, 0, 0
86898, 0, 1, 1, 0, 0, 0
86899, 0, 1, 1, 0, 0, 0
26023, 2, 0, 0, 0, 2, 0
26025, 1, 0, 0, 0, 1, 0
26026, 1, 0, 0, 0, 0, 1
26027, 0, 1, 0, 1, 0, 0
26028, 1, 0, 0, 0, 0, 1
57449, 1, 3, 3, 0, 1, 0
58260, 0, 2, 2, 0, 0, 0
62206, 5, 2, 2, 0, 5, 0
73618, 5, 4, 4, 0, 5, 0
88228, 0, 1, 1, 0, 0, 0
64072, 0, 1, 1, 0, 0, 0
64073, 0, 1, 1, 0, 0, 0
26034, 4, 0, 0, 0, 4, 0
26035, 0, 2, 2, 0, 0, 0
26037, 1, 0, 0, 0, 1, 0
26038, 2, 0, 0, 0, 1, 1
26041, 0, 2, 1, 1, 0, 0
26042, 1, 0, 0, 0, 1, 0
26043, 2, 1, 1, 0, 1, 1
37812, 0, 1, 0, 1, 0, 0
26048, 1, 0, 0, 0, 1, 0
26122, 7, 3, 3, 0, 7, 0
26052, 1, 0, 0, 0, 0, 1
26053, 3, 0, 0, 0, 3, 0
26054, 1, 0, 0, 0, 1, 0
26055, 0, 1, 1, 0, 0, 0
26057, 2, 0, 0, 0, 2, 0
26059, 0, 8, 7, 1, 0, 0
26061, 1, 0, 0, 0, 1, 0
26062, 1, 0, 0, 0, 0, 1
26065, 1, 0, 0, 0, 0, 1
26066, 1, 2, 1, 1, 1, 0
49060, 6, 5, 4, 1, 1, 5
26068, 1, 0, 0, 0, 1, 0
26070, 2, 0, 0, 0, 1, 1
26071, 0, 1, 0, 1, 0, 0
26073, 3, 4, 4, 0, 3, 0
26075, 1, 0, 0, 0, 1, 0
26077, 2, 0, 0, 0, 2, 0
26078, 1, 0, 0, 0, 1, 0
26079, 20, 0, 0, 0, 20, 0
26083, 2, 2, 2, 0, 2, 0
45425, 0, 4, 1, 3, 0, 0
67416, 2, 3, 2, 1, 2, 0
73524, 0, 1, 0, 1, 0, 0
117741, 0, 1, 1, 0, 0, 0
128623, 0, 2, 2, 0, 0, 0
128796, 0, 1, 1, 0, 0, 0
131010, 0, 1, 1, 0, 0, 0
131171, 0, 1, 1, 0, 0, 0
27994, 2, 3, 1, 2, 2, 0
30427, 3, 1, 1, 0, 3, 0
34842, 0, 4, 3, 1, 0, 0
34843, 0, 1, 1, 0, 0, 0
34845, 0, 1, 1, 0, 0, 0
34851, 0, 1, 1, 0, 0, 0
34913, 1, 2, 2, 0, 1, 0
36370, 1, 2, 2, 0, 1, 0
37440, 0, 2, 1, 1, 0, 0
51137, 16, 4, 2, 2, 15, 1
59554, 0, 2, 2, 0, 0, 0
65153, 1, 1, 1, 0, 1, 0
92168, 3, 3, 3, 0, 3, 0
93512, 4, 1, 1, 0, 4, 0
93908, 0, 2, 2, 0, 0, 0
95486, 2, 1, 1, 0, 2, 0
96301, 0, 1, 1, 0, 0, 0
96302, 0, 1, 1, 0, 0, 0
96303, 0, 4, 4, 0, 0, 0
96423, 0, 1, 1, 0, 0, 0
96425, 0, 1, 1, 0, 0, 0
96552, 2, 4, 4, 0, 2, 0
97176, 1, 4, 3, 1, 1, 0
97305, 5, 1, 1, 0, 5, 0
97309, 1, 1, 1, 0, 1, 0
97343, 4, 2, 2, 0, 3, 1
97461, 1, 1, 1, 0, 1, 0
97470, 4, 4, 4, 0, 4, 0
97473, 0, 1, 1, 0, 0, 0
97533, 3, 1, 1, 0, 3, 0
97537, 0, 1, 1, 0, 0, 0
97538, 0, 1, 1, 0, 0, 0
97539, 0, 1, 1, 0, 0, 0
97540, 0, 1, 1, 0, 0, 0
97545, 0, 1, 1, 0, 0, 0
97663, 0, 1, 1, 0, 0, 0
97664, 0, 1, 1, 0, 0, 0
97667, 6, 1, 1, 0, 6, 0
99118, 1, 3, 3, 0, 1, 0
99871, 2, 6, 5, 1, 2, 0
99930, 0, 1, 1, 0, 0, 0
100605, 6, 1, 1, 0, 6, 0
100739, 2, 1, 1, 0, 2, 0
100793, 0, 3, 3, 0, 0, 0
100794, 0, 1, 1, 0, 0, 0
26085, 2, 0, 0, 0, 1, 1
26086, 2, 2, 2, 0, 2, 0
26087, 0, 1, 0, 1, 0, 0
103704, 1, 3, 3, 0, 1, 0
120077, 0, 1, 1, 0, 0, 0
26088, 1, 0, 0, 0, 1, 0
26089, 3, 0, 0, 0, 2, 1
26092, 1, 0, 0, 0, 1, 0
26093, 1, 0, 0, 0, 1, 0
26094, 0, 1, 1, 0, 0, 0
26095, 1, 1, 1, 0, 1, 0
26096, 2, 3, 3, 0, 2, 0
29309, 6, 4, 4, 0, 6, 0
26097, 1, 0, 0, 0, 1, 0
26098, 5, 3, 3, 0, 5, 0
63537, 2, 3, 3, 0, 2, 0
26100, 1, 0, 0, 0, 1, 0
26101, 1, 0, 0, 0, 1, 0
26102, 1, 0, 0, 0, 1, 0
26103, 1, 2, 2, 0, 1, 0
26105, 1, 0, 0, 0, 1, 0
30163, 1, 1, 1, 0, 1, 0
30488, 1, 1, 1, 0, 1, 0
42600, 0, 1, 1, 0, 0, 0
26107, 3, 0, 0, 0, 3, 0
26109, 3, 1, 1, 0, 2, 1
26111, 1, 0, 0, 0, 1, 0
26112, 9, 2, 2, 0, 6, 3
27811, 0, 1, 0, 1, 0, 0
26113, 1, 0, 0, 0, 1, 0
26115, 1, 0, 0, 0, 1, 0
26117, 1, 0, 0, 0, 1, 0
26118, 1, 1, 1, 0, 0, 1
26119, 1, 0, 0, 0, 0, 1
26120, 1, 1, 0, 1, 0, 1
39668, 0, 1, 0, 1, 0, 0
118055, 0, 1, 1, 0, 0, 0
26123, 2, 0, 0, 0, 1, 1
26124, 0, 1, 0, 1, 0, 0
26125, 0, 1, 1, 0, 0, 0
26126, 3, 0, 0, 0, 3, 0
26127, 1, 0, 0, 0, 1, 0
26128, 2, 0, 0, 0, 2, 0
26129, 4, 0, 0, 0, 3, 1
26132, 3, 1, 1, 0, 3, 0
105615, 4, 4, 4, 0, 4, 0
31403, 0, 1, 1, 0, 0, 0
26133, 1, 0, 0, 0, 1, 0
26135, 1, 0, 0, 0, 1, 0
26138, 2, 0, 0, 0, 1, 1
26139, 1, 0, 0, 0, 1, 0
26141, 2, 0, 0, 0, 2, 0
51601, 0, 2, 2, 0, 0, 0
52092, 1, 2, 2, 0, 1, 0
62456, 0, 1, 1, 0, 0, 0
62457, 0, 1, 1, 0, 0, 0
26143, 1, 0, 0, 0, 1, 0
26144, 1, 0, 0, 0, 0, 1
26145, 1, 0, 0, 0, 1, 0
68206, 1, 1, 1, 0, 1, 0
26152, 1, 1, 1, 0, 1, 0
26153, 1, 1, 1, 0, 1, 0
106774, 0, 1, 0, 1, 0, 0
114583, 1, 1, 1, 0, 1, 0
26155, 1, 0, 0, 0, 1, 0
26156, 2, 0, 0, 0, 1, 1
26158, 1, 0, 0, 0, 1, 0
26160, 2, 0, 0, 0, 1, 1
26162, 1, 0, 0, 0, 1, 0
120631, 3, 4, 4, 0, 3, 0
26164, 1, 0, 0, 0, 1, 0
26165, 0, 1, 1, 0, 0, 0
42911, 2, 2, 2, 0, 2, 0
44235, 8, 3, 3, 0, 8, 0
96215, 0, 1, 0, 1, 0, 0
26169, 1, 0, 0, 0, 1, 0
26171, 1, 0, 0, 0, 1, 0
26173, 0, 2, 1, 1, 0, 0
26174, 1, 0, 0, 0, 1, 0
26176, 1, 0, 0, 0, 1, 0
26177, 1, 0, 0, 0, 1, 0
26180, 1, 0, 0, 0, 1, 0
26181, 2, 0, 0, 0, 0, 2
26182, 0, 2, 1, 1, 0, 0
36261, 1, 1, 1, 0, 1, 0
36262, 0, 2, 2, 0, 0, 0
45728, 0, 1, 1, 0, 0, 0
45730, 0, 1, 1, 0, 0, 0
45731, 0, 1, 1, 0, 0, 0
45732, 0, 1, 1, 0, 0, 0
45733, 0, 1, 1, 0, 0, 0
45734, 0, 1, 1, 0, 0, 0
45735, 0, 1, 1, 0, 0, 0
45736, 0, 1, 1, 0, 0, 0
45737, 0, 1, 1, 0, 0, 0
45738, 0, 1, 1, 0, 0, 0
45739, 0, 1, 1, 0, 0, 0
26189, 1, 0, 0, 0, 1, 0
26190, 1, 0, 0, 0, 0, 1
26191, 9, 3, 2, 1, 9, 0
29019, 1, 2, 2, 0, 1, 0
26193, 1, 0, 0, 0, 1, 0
26196, 1, 0, 0, 0, 1, 0
26202, 8, 1, 1, 0, 8, 0
26208, 2, 0, 0, 0, 0, 2
26209, 1, 1, 1, 0, 1, 0
26210, 7, 2, 2, 0, 7, 0
82555, 0, 1, 1, 0, 0, 0
26211, 1, 0, 0, 0, 1, 0
26212, 1, 0, 0, 0, 1, 0
26216, 1, 0, 0, 0, 1, 0
87766, 1, 1, 1, 0, 1, 0
91149, 0, 1, 1, 0, 0, 0
26218, 1, 0, 0, 0, 1, 0
26219, 1, 0, 0, 0, 0, 1
26220, 1, 0, 0, 0, 1, 0
26924, 1, 1, 1, 0, 1, 0
27102, 15, 3, 3, 0, 14, 1
26222, 2, 1, 1, 0, 2, 0
28399, 2, 1, 1, 0, 2, 0
28543, 5, 1, 1, 0, 5, 0
26225, 1, 0, 0, 0, 1, 0
26226, 1, 0, 0, 0, 1, 0
26227, 0, 1, 1, 0, 0, 0
26230, 1, 0, 0, 0, 1, 0
26231, 1, 0, 0, 0, 1, 0
64631, 1, 1, 1, 0, 1, 0
26233, 1, 0, 0, 0, 1, 0
73893, 3, 2, 2, 0, 3, 0
79538, 0, 1, 1, 0, 0, 0
26235, 1, 0, 0, 0, 1, 0
26236, 1, 0, 0, 0, 1, 0
26237, 1, 0, 0, 0, 1, 0
26238, 4, 1, 1, 0, 4, 0
41312, 2, 3, 3, 0, 2, 0
49072, 4, 3, 3, 0, 4, 0
26243, 5, 2, 2, 0, 4, 1
26244, 1, 0, 0, 0, 1, 0
26245, 1, 0, 0, 0, 1, 0
26246, 6, 3, 3, 0, 6, 0
95028, 1, 2, 2, 0, 1, 0
27718, 1, 2, 2, 0, 1, 0
27763, 1, 3, 3, 0, 1, 0
27807, 1, 2, 2, 0, 1, 0
27808, 1, 2, 2, 0, 1, 0
26248, 1, 0, 0, 0, 0, 1
117732, 30, 1, 1, 0, 29, 1
26250, 3, 0, 0, 0, 3, 0
26251, 0, 2, 2, 0, 0, 0
26253, 1, 0, 0, 0, 0, 1
27332, 0, 1, 1, 0, 0, 0
27333, 2, 3, 3, 0, 2, 0
26261, 1, 1, 1, 0, 1, 0
26262, 1, 1, 1, 0, 1, 0
26263, 1, 1, 1, 0, 1, 0
38732, 1, 1, 0, 1, 1, 0
39670, 1, 1, 0, 1, 1, 0
46657, 1, 11, 10, 1, 1, 0
51725, 6, 2, 0, 2, 5, 1
53509, 1, 2, 1, 1, 1, 0
58344, 6, 1, 0, 1, 6, 0
26266, 1, 0, 0, 0, 0, 1
26267, 4, 0, 0, 0, 4, 0
26269, 1, 0, 0, 0, 1, 0
26270, 1, 0, 0, 0, 1, 0
26271, 0, 2, 2, 0, 0, 0
40866, 3, 2, 2, 0, 3, 0
31274, 1, 1, 1, 0, 1, 0
32409, 0, 1, 1, 0, 0, 0
32410, 0, 1, 1, 0, 0, 0
26275, 1, 0, 0, 0, 1, 0
26276, 0, 1, 1, 0, 0, 0
26277, 1, 0, 0, 0, 0, 1
104075, 6, 9, 9, 0, 6, 0
104134, 3, 5, 5, 0, 3, 0
35085, 1, 1, 1, 0, 1, 0
35392, 1, 1, 1, 0, 1, 0
47555, 3, 2, 2, 0, 3, 0
26281, 1, 1, 1, 0, 1, 0
26282, 2, 0, 0, 0, 1, 1
26283, 1, 0, 0, 0, 0, 1
26285, 3, 0, 0, 0, 3, 0
76864, 8, 3, 3, 0, 8, 0
83376, 6, 1, 0, 1, 6, 0
47515, 1, 1, 1, 0, 1, 0
59718, 0, 1, 1, 0, 0, 0
26291, 1, 0, 0, 0, 0, 1
26292, 1, 1, 1, 0, 1, 0
26293, 1, 2, 2, 0, 1, 0
26294, 1, 0, 0, 0, 1, 0
26296, 2, 2, 2, 0, 2, 0
26843, 0, 1, 1, 0, 0, 0
26844, 0, 1, 1, 0, 0, 0
26299, 1, 0, 0, 0, 1, 0
26300, 0, 1, 1, 0, 0, 0
26303, 1, 0, 0, 0, 1, 0
26304, 1, 1, 1, 0, 1, 0
59181, 0, 1, 1, 0, 0, 0
26306, 3, 0, 0, 0, 3, 0
26307, 0, 1, 1, 0, 0, 0
95255, 0, 1, 1, 0, 0, 0
26308, 2, 0, 0, 0, 0, 2
26309, 0, 1, 0, 1, 0, 0
105131, 0, 1, 0, 1, 0, 0
26312, 8, 0, 0, 0, 6, 2
122128, 0, 1, 1, 0, 0, 0
27483, 3, 1, 0, 1, 3, 0
50421, 3, 4, 2, 2, 3, 0
55532, 1, 2, 1, 1, 1, 0
69660, 0, 1, 1, 0, 0, 0
26316, 1, 0, 0, 0, 1, 0
26317, 3, 5, 5, 0, 3, 0
66021, 11, 3, 3, 0, 9, 2
66022, 3, 4, 4, 0, 3, 0
26319, 1, 0, 0, 0, 1, 0
37696, 1, 2, 2, 0, 1, 0
32610, 0, 2, 2, 0, 0, 0
38941, 1, 2, 2, 0, 1, 0
50598, 1, 1, 1, 0, 1, 0
50599, 0, 2, 2, 0, 0, 0
121335, 0, 2, 1, 1, 0, 0
26333, 0, 1, 0, 1, 0, 0
26337, 2, 0, 0, 0, 2, 0
26338, 1, 0, 0, 0, 1, 0
114415, 7, 2, 2, 0, 7, 0
26341, 1, 0, 0, 0, 1, 0
26342, 0, 1, 1, 0, 0, 0
26344, 0, 1, 1, 0, 0, 0
26349, 1, 1, 1, 0, 1, 0
34741, 16, 2, 2, 0, 13, 3
59946, 2, 2, 2, 0, 2, 0
59947, 2, 2, 2, 0, 2, 0
60852, 0, 1, 1, 0, 0, 0
60853, 1, 1, 0, 1, 1, 0
60854, 0, 1, 1, 0, 0, 0
26351, 1, 0, 0, 0, 0, 1
26354, 2, 0, 0, 0, 2, 0
26355, 1, 2, 2, 0, 1, 0
26356, 2, 2, 2, 0, 2, 0
26406, 2, 1, 1, 0, 2, 0
26359, 1, 0, 0, 0, 0, 1
26360, 0, 1, 0, 1, 0, 0
26361, 6, 0, 0, 0, 6, 0
54564, 2, 2, 2, 0, 2, 0
26365, 1, 0, 0, 0, 0, 1
26367, 1, 0, 0, 0, 1, 0
26368, 1, 0, 0, 0, 1, 0
26369, 13, 2, 2, 0, 13, 0
63813, 0, 1, 1, 0, 0, 0
103023, 0, 2, 2, 0, 0, 0
26370, 1, 0, 0, 0, 1, 0
26402, 0, 1, 0, 1, 0, 0
26372, 1, 1, 1, 0, 1, 0
26374, 2, 2, 2, 0, 2, 0
26375, 2, 0, 0, 0, 2, 0
39807, 0, 1, 1, 0, 0, 0
102172, 0, 2, 1, 1, 0, 0
109333, 6, 3, 3, 0, 6, 0
109497, 0, 1, 1, 0, 0, 0
109498, 0, 1, 1, 0, 0, 0
109549, 0, 1, 1, 0, 0, 0
110840, 0, 2, 2, 0, 0, 0
111584, 0, 1, 1, 0, 0, 0
112039, 0, 1, 1, 0, 0, 0
26378, 1, 0, 0, 0, 1, 0
105272, 2, 2, 1, 1, 1, 1
80032, 1, 1, 1, 0, 1, 0
26385, 1, 0, 0, 0, 1, 0
26397, 1, 0, 0, 0, 1, 0
26398, 1, 0, 0, 0, 1, 0
26399, 2, 0, 0, 0, 2, 0
26400, 1, 0, 0, 0, 1, 0
26404, 1, 0, 0, 0, 1, 0
26408, 1, 0, 0, 0, 1, 0
26409, 1, 0, 0, 0, 1, 0
59746, 2, 2, 2, 0, 2, 0
26412, 1, 0, 0, 0, 1, 0
26415, 1, 0, 0, 0, 1, 0
26418, 1, 0, 0, 0, 0, 1
26419, 0, 1, 0, 1, 0, 0
26423, 1, 0, 0, 0, 1, 0
26425, 1, 0, 0, 0, 1, 0
45175, 4, 4, 3, 1, 4, 0
55846, 3, 2, 2, 0, 3, 0
56509, 4, 1, 1, 0, 4, 0
57981, 1, 1, 1, 0, 1, 0
60536, 2, 2, 2, 0, 1, 1
66284, 0, 1, 1, 0, 0, 0
66285, 0, 1, 1, 0, 0, 0
66286, 0, 1, 1, 0, 0, 0
66287, 0, 1, 1, 0, 0, 0
66288, 0, 1, 1, 0, 0, 0
66289, 0, 1, 1, 0, 0, 0
66290, 0, 1, 1, 0, 0, 0
93252, 0, 1, 1, 0, 0, 0
26428, 1, 1, 1, 0, 1, 0
26429, 1, 1, 1, 0, 1, 0
26431, 4, 0, 0, 0, 3, 1
26432, 1, 0, 0, 0, 1, 0
63050, 5, 2, 2, 0, 5, 0
28414, 6, 3, 3, 0, 6, 0
28772, 2, 2, 2, 0, 2, 0
101640, 0, 1, 1, 0, 0, 0
99906, 0, 2, 2, 0, 0, 0
26440, 1, 0, 0, 0, 0, 1
26441, 0, 1, 0, 1, 0, 0
26442, 1, 0, 0, 0, 1, 0
38244, 1, 2, 2, 0, 1, 0
26444, 1, 0, 0, 0, 1, 0
26445, 3, 3, 3, 0, 2, 1
26448, 1, 0, 0, 0, 1, 0
26450, 1, 0, 0, 0, 1, 0
26451, 0, 1, 1, 0, 0, 0
26452, 1, 0, 0, 0, 1, 0
26453, 0, 1, 1, 0, 0, 0
26454, 1, 0, 0, 0, 1, 0
26455, 2, 0, 0, 0, 1, 1
26457, 1, 0, 0, 0, 1, 0
26458, 1, 0, 0, 0, 1, 0
63303, 2, 2, 2, 0, 2, 0
69061, 3, 5, 5, 0, 3, 0
76583, 6, 2, 2, 0, 6, 0
26461, 1, 0, 0, 0, 1, 0
27359, 3, 4, 3, 1, 3, 0
61143, 2, 2, 2, 0, 2, 0
65857, 1, 2, 2, 0, 1, 0
67626, 4, 4, 4, 0, 4, 0
67628, 3, 3, 3, 0, 3, 0
67629, 2, 6, 6, 0, 2, 0
74680, 3, 1, 1, 0, 3, 0
75563, 0, 1, 1, 0, 0, 0
75567, 1, 1, 1, 0, 1, 0
75569, 0, 1, 1, 0, 0, 0
75571, 2, 2, 2, 0, 2, 0
75572, 0, 2, 2, 0, 0, 0
75573, 1, 3, 3, 0, 1, 0
75574, 0, 3, 3, 0, 0, 0
75575, 0, 3, 2, 1, 0, 0
75576, 1, 4, 4, 0, 1, 0
66522, 1, 2, 2, 0, 1, 0
26466, 1, 0, 0, 0, 1, 0
26467, 6, 1, 1, 0, 6, 0
26469, 2, 3, 3, 0, 2, 0
56036, 2, 3, 3, 0, 2, 0
91062, 0, 1, 0, 1, 0, 0
74506, 2, 1, 1, 0, 2, 0
74507, 2, 5, 5, 0, 2, 0
76238, 5, 2, 2, 0, 5, 0
102094, 4, 2, 2, 0, 4, 0
26472, 3, 0, 0, 0, 2, 1
26473, 0, 1, 1, 0, 0, 0
26474, 1, 0, 0, 0, 0, 1
26475, 3, 0, 0, 0, 3, 0
26476, 0, 1, 1, 0, 0, 0
26477, 0, 1, 1, 0, 0, 0
26478, 2, 0, 0, 0, 2, 0
26479, 1, 2, 2, 0, 0, 1
26480, 1, 0, 0, 0, 1, 0
26482, 1, 0, 0, 0, 1, 0
26483, 2, 1, 1, 0, 1, 1
26484, 1, 0, 0, 0, 1, 0
26485, 0, 1, 1, 0, 0, 0
26487, 2, 1, 1, 0, 0, 2
26490, 2, 0, 0, 0, 2, 0
26491, 6, 6, 6, 0, 6, 0
26492, 0, 1, 1, 0, 0, 0
30639, 8, 15, 15, 0, 8, 0
33074, 1, 9, 9, 0, 1, 0
33075, 7, 10, 10, 0, 7, 0
33077, 13, 9, 9, 0, 13, 0
33209, 2, 2, 2, 0, 2, 0
33210, 5, 1, 1, 0, 5, 0
26493, 2, 0, 0, 0, 2, 0
26495, 2, 0, 0, 0, 1, 1
26497, 1, 0, 0, 0, 1, 0
26498, 1, 0, 0, 0, 1, 0
26499, 1, 0, 0, 0, 1, 0
27517, 1, 1, 1, 0, 1, 0
26507, 2, 0, 0, 0, 2, 0
26509, 2, 0, 0, 0, 2, 0
26510, 0, 1, 1, 0, 0, 0
26512, 1, 0, 0, 0, 1, 0
37109, 4, 1, 1, 0, 4, 0
38844, 1, 1, 1, 0, 1, 0
26514, 30, 0, 0, 0, 30, 0
26516, 0, 1, 1, 0, 0, 0
26518, 1, 1, 1, 0, 1, 0
26519, 0, 2, 1, 1, 0, 0
26521, 0, 1, 1, 0, 0, 0
26523, 0, 1, 1, 0, 0, 0
26527, 0, 1, 1, 0, 0, 0
95709, 0, 1, 1, 0, 0, 0
75337, 0, 1, 1, 0, 0, 0
26528, 2, 0, 0, 0, 1, 1
26530, 1, 0, 0, 0, 0, 1
26531, 1, 0, 0, 0, 1, 0
26532, 0, 1, 1, 0, 0, 0
26533, 1, 0, 0, 0, 1, 0
26534, 0, 1, 1, 0, 0, 0
26536, 1, 0, 0, 0, 1, 0
26537, 4, 0, 0, 0, 3, 1
26538, 0, 1, 1, 0, 0, 0
41076, 0, 1, 1, 0, 0, 0
26540, 1, 0, 0, 0, 1, 0
26541, 0, 1, 1, 0, 0, 0
26542, 1, 0, 0, 0, 0, 1
26543, 2, 0, 0, 0, 1, 1
26544, 1, 1, 1, 0, 1, 0
45499, 3, 1, 1, 0, 1, 2
46498, 0, 1, 0, 1, 0, 0
26546, 1, 0, 0, 0, 1, 0
26548, 1, 0, 0, 0, 1, 0
26550, 1, 0, 0, 0, 1, 0
26552, 1, 0, 0, 0, 1, 0
26553, 1, 0, 0, 0, 1, 0
66658, 2, 6, 6, 0, 2, 0
66717, 0, 6, 6, 0, 0, 0
75491, 1, 2, 2, 0, 1, 0
26557, 1, 0, 0, 0, 0, 1
26562, 9, 0, 0, 0, 9, 0
26563, 1, 0, 0, 0, 1, 0
79701, 1, 1, 1, 0, 1, 0
26566, 1, 0, 0, 0, 1, 0
26567, 1, 1, 1, 0, 1, 0
26578, 1, 1, 1, 0, 1, 0
26580, 0, 1, 1, 0, 0, 0
26581, 1, 1, 1, 0, 1, 0
39251, 1, 2, 1, 1, 1, 0
39254, 0, 2, 1, 1, 0, 0
42368, 6, 2, 2, 0, 4, 2
87972, 0, 1, 1, 0, 0, 0
87973, 0, 1, 1, 0, 0, 0
87974, 0, 1, 1, 0, 0, 0
115210, 0, 1, 0, 1, 0, 0
90244, 2, 1, 1, 0, 2, 0
90898, 1, 1, 1, 0, 1, 0
91451, 3, 1, 1, 0, 3, 0
48995, 2, 2, 2, 0, 2, 0
48996, 2, 2, 2, 0, 2, 0
66651, 4, 3, 3, 0, 4, 0
67880, 0, 1, 1, 0, 0, 0
60560, 1, 1, 1, 0, 1, 0
77742, 4, 1, 1, 0, 4, 0
26586, 1, 0, 0, 0, 1, 0
26587, 0, 2, 2, 0, 0, 0
26588, 1, 0, 0, 0, 1, 0
26589, 1, 0, 0, 0, 1, 0
26590, 0, 1, 1, 0, 0, 0
26591, 1, 0, 0, 0, 1, 0
26592, 1, 0, 0, 0, 1, 0
26595, 2, 0, 0, 0, 2, 0
36664, 0, 3, 2, 1, 0, 0
89032, 2, 1, 0, 1, 2, 0
90398, 0, 1, 1, 0, 0, 0
90399, 0, 1, 0, 1, 0, 0
90400, 0, 1, 0, 1, 0, 0
90401, 0, 1, 0, 1, 0, 0
99296, 0, 1, 0, 1, 0, 0
26597, 1, 0, 0, 0, 1, 0
34304, 1, 2, 2, 0, 1, 0
41901, 2, 1, 1, 0, 2, 0
26603, 1, 0, 0, 0, 0, 1
26604, 3, 0, 0, 0, 3, 0
26605, 1, 0, 0, 0, 1, 0
26606, 1, 0, 0, 0, 1, 0
85998, 0, 1, 1, 0, 0, 0
85999, 0, 1, 1, 0, 0, 0
86000, 0, 1, 1, 0, 0, 0
26611, 1, 1, 1, 0, 1, 0
37302, 2, 5, 4, 1, 2, 0
53206, 1, 1, 1, 0, 1, 0
26613, 1, 0, 0, 0, 0, 1
26614, 0, 2, 1, 1, 0, 0
26615, 2, 0, 0, 0, 0, 2
26616, 0, 1, 0, 1, 0, 0
26617, 1, 0, 0, 0, 1, 0
26618, 4, 2, 2, 0, 4, 0
26619, 2, 0, 0, 0, 1, 1
26620, 0, 1, 0, 1, 0, 0
26621, 0, 1, 1, 0, 0, 0
26622, 1, 0, 0, 0, 1, 0
26623, 2, 3, 3, 0, 2, 0
58573, 2, 2, 2, 0, 2, 0
26624, 1, 0, 0, 0, 0, 1
26625, 1, 0, 0, 0, 1, 0
26626, 2, 1, 1, 0, 2, 0
26629, 2, 0, 0, 0, 2, 0
26630, 0, 1, 1, 0, 0, 0
26631, 1, 0, 0, 0, 1, 0
26633, 1, 0, 0, 0, 1, 0
26634, 1, 0, 0, 0, 0, 1
26635, 0, 1, 0, 1, 0, 0
26637, 1, 1, 1, 0, 1, 0
26638, 3, 1, 1, 0, 3, 0
26640, 1, 0, 0, 0, 1, 0
26642, 1, 0, 0, 0, 1, 0
26643, 3, 0, 0, 0, 3, 0
26644, 2, 0, 0, 0, 1, 1
26645, 5, 1, 1, 0, 3, 2
26646, 1, 0, 0, 0, 1, 0
26647, 1, 1, 1, 0, 1, 0
26648, 7, 0, 0, 0, 5, 2
26649, 2, 0, 0, 0, 2, 0
26650, 1, 0, 0, 0, 0, 1
93013, 0, 1, 1, 0, 0, 0
26654, 1, 0, 0, 0, 1, 0
26656, 1, 0, 0, 0, 1, 0
26657, 1, 0, 0, 0, 1, 0
26658, 1, 0, 0, 0, 1, 0
26659, 0, 1, 1, 0, 0, 0
26660, 1, 0, 0, 0, 1, 0
26662, 3, 8, 8, 0, 3, 0
37285, 1, 1, 1, 0, 1, 0
50948, 1, 1, 0, 1, 1, 0
109460, 0, 1, 0, 1, 0, 0
26664, 1, 0, 0, 0, 1, 0
26665, 4, 1, 1, 0, 4, 0
26666, 1, 0, 0, 0, 1, 0
26668, 0, 1, 1, 0, 0, 0
26669, 1, 0, 0, 0, 1, 0
45308, 2, 1, 1, 0, 2, 0
26671, 1, 0, 0, 0, 1, 0
26672, 3, 3, 3, 0, 3, 0
35522, 2, 2, 2, 0, 2, 0
35523, 2, 2, 2, 0, 2, 0
26674, 1, 1, 1, 0, 1, 0
26675, 2, 2, 2, 0, 2, 0
26676, 2, 0, 0, 0, 1, 1
26677, 0, 3, 1, 2, 0, 0
26678, 1, 0, 0, 0, 1, 0
26681, 2, 0, 0, 0, 2, 0
83957, 0, 1, 1, 0, 0, 0
26685, 1, 0, 0, 0, 0, 1
26687, 1, 0, 0, 0, 1, 0
26688, 1, 0, 0, 0, 1, 0
26689, 1, 0, 0, 0, 1, 0
33294, 2, 6, 6, 0, 2, 0
87137, 1, 1, 1, 0, 1, 0
87138, 2, 1, 1, 0, 2, 0
26691, 1, 0, 0, 0, 1, 0
26693, 1, 0, 0, 0, 0, 1
31507, 10, 1, 0, 1, 9, 1
26695, 1, 1, 1, 0, 1, 0
26696, 1, 2, 2, 0, 1, 0
26697, 1, 0, 0, 0, 1, 0
26698, 10, 4, 4, 0, 9, 1
26700, 1, 0, 0, 0, 1, 0
26702, 1, 0, 0, 0, 1, 0
26705, 3, 0, 0, 0, 1, 2
39556, 11, 7, 5, 2, 11, 0
41479, 4, 2, 2, 0, 4, 0
41486, 0, 1, 1, 0, 0, 0
41488, 3, 3, 2, 1, 3, 0
26709, 3, 0, 0, 0, 3, 0
26711, 0, 1, 1, 0, 0, 0
26712, 1, 2, 2, 0, 1, 0
26713, 1, 1, 1, 0, 1, 0
26714, 1, 0, 0, 0, 1, 0
26715, 1, 0, 0, 0, 1, 0
26719, 1, 1, 1, 0, 1, 0
26720, 3, 3, 3, 0, 3, 0
26721, 1, 1, 1, 0, 1, 0
26723, 1, 1, 1, 0, 1, 0
26724, 1, 0, 0, 0, 1, 0
73607, 2, 1, 1, 0, 2, 0
85485, 4, 1, 1, 0, 4, 0
26729, 1, 1, 0, 1, 1, 0
26732, 1, 0, 0, 0, 1, 0
26733, 1, 0, 0, 0, 1, 0
26734, 4, 0, 0, 0, 1, 3
26735, 1, 0, 0, 0, 0, 1
26737, 1, 0, 0, 0, 1, 0
26738, 1, 0, 0, 0, 0, 1
26739, 0, 1, 0, 1, 0, 0
26740, 1, 0, 0, 0, 1, 0
26741, 1, 0, 0, 0, 1, 0
64691, 0, 1, 1, 0, 0, 0
66771, 4, 2, 2, 0, 4, 0
67583, 1, 1, 1, 0, 1, 0
68712, 1, 1, 1, 0, 1, 0
26749, 1, 0, 0, 0, 0, 1
26750, 7, 4, 3, 1, 7, 0
31305, 1, 1, 1, 0, 1, 0
54265, 5, 4, 4, 0, 5, 0
67183, 0, 1, 1, 0, 0, 0
26751, 1, 1, 1, 0, 1, 0
26753, 4, 0, 0, 0, 3, 1
26754, 0, 3, 1, 2, 0, 0
26755, 0, 2, 2, 0, 0, 0
26756, 0, 1, 1, 0, 0, 0
26757, 1, 1, 1, 0, 0, 1
51908, 0, 1, 0, 1, 0, 0
26758, 2, 0, 0, 0, 2, 0
26759, 4, 4, 4, 0, 4, 0
26760, 1, 0, 0, 0, 1, 0
26761, 1, 0, 0, 0, 1, 0
35529, 0, 2, 2, 0, 0, 0
45524, 3, 2, 2, 0, 3, 0
45950, 1, 1, 1, 0, 1, 0
52911, 0, 1, 1, 0, 0, 0
52912, 0, 1, 1, 0, 0, 0
52914, 0, 1, 1, 0, 0, 0
26764, 1, 0, 0, 0, 0, 1
27876, 1, 1, 1, 0, 1, 0
44020, 5, 3, 2, 1, 5, 0
26767, 1, 0, 0, 0, 1, 0
26768, 1, 0, 0, 0, 1, 0
26771, 1, 1, 1, 0, 1, 0
26773, 1, 0, 0, 0, 0, 1
26774, 2, 1, 0, 1, 2, 0
26775, 3, 0, 0, 0, 2, 1
86878, 0, 1, 1, 0, 0, 0
26777, 1, 0, 0, 0, 1, 0
26778, 1, 0, 0, 0, 1, 0
26779, 0, 2, 2, 0, 0, 0
26783, 2, 1, 1, 0, 2, 0
26789, 1, 2, 2, 0, 1, 0
52100, 2, 1, 1, 0, 0, 2
33897, 3, 1, 1, 0, 3, 0
39917, 1, 3, 3, 0, 1, 0
27331, 2, 1, 1, 0, 2, 0
26792, 1, 0, 0, 0, 0, 1
32401, 0, 1, 0, 1, 0, 0
26794, 1, 0, 0, 0, 1, 0
26795, 1, 0, 0, 0, 1, 0
26796, 1, 0, 0, 0, 1, 0
26797, 1, 0, 0, 0, 1, 0
26800, 1, 0, 0, 0, 1, 0
26802, 1, 0, 0, 0, 1, 0
26805, 0, 2, 2, 0, 0, 0
45301, 1, 1, 1, 0, 1, 0
50362, 2, 3, 2, 1, 2, 0
55652, 11, 3, 3, 0, 11, 0
79236, 0, 1, 1, 0, 0, 0
79237, 0, 1, 1, 0, 0, 0
79238, 0, 1, 1, 0, 0, 0
79239, 0, 1, 1, 0, 0, 0
79240, 0, 1, 1, 0, 0, 0
94004, 0, 1, 1, 0, 0, 0
26807, 1, 2, 1, 1, 0, 1
26808, 8, 0, 0, 0, 8, 0
60550, 1, 1, 1, 0, 1, 0
50204, 1, 1, 0, 1, 0, 1
50445, 1, 2, 1, 1, 1, 0
50452, 1, 1, 0, 1, 1, 0
50710, 1, 1, 0, 1, 1, 0
50723, 3, 2, 1, 1, 2, 1
50728, 2, 1, 0, 1, 2, 0
50779, 1, 1, 0, 1, 1, 0
50781, 3, 2, 0, 2, 2, 1
86426, 0, 1, 0, 1, 0, 0
86427, 0, 1, 0, 1, 0, 0
86428, 0, 1, 0, 1, 0, 0
26812, 1, 0, 0, 0, 1, 0
26814, 1, 1, 1, 0, 1, 0
26817, 1, 0, 0, 0, 0, 1
26818, 1, 0, 0, 0, 1, 0
26819, 1, 0, 0, 0, 1, 0
26820, 0, 3, 3, 0, 0, 0
26821, 10, 0, 0, 0, 8, 2
26822, 0, 1, 1, 0, 0, 0
26823, 2, 1, 1, 0, 2, 0
26824, 0, 1, 1, 0, 0, 0
26825, 0, 1, 1, 0, 0, 0
26826, 0, 1, 1, 0, 0, 0
26827, 0, 1, 0, 1, 0, 0
27351, 0, 2, 0, 2, 0, 0
26829, 1, 0, 0, 0, 1, 0
26830, 1, 1, 1, 0, 1, 0
33502, 0, 1, 1, 0, 0, 0
26831, 1, 0, 0, 0, 1, 0
26833, 1, 0, 0, 0, 1, 0
26834, 1, 0, 0, 0, 0, 1
26835, 1, 0, 0, 0, 1, 0
69259, 0, 1, 1, 0, 0, 0
69260, 0, 1, 1, 0, 0, 0
26837, 1, 0, 0, 0, 1, 0
26838, 0, 1, 1, 0, 0, 0
26840, 1, 0, 0, 0, 1, 0
26842, 2, 0, 0, 0, 1, 1
92776, 0, 1, 0, 1, 0, 0
92777, 0, 1, 0, 1, 0, 0
92778, 0, 1, 1, 0, 0, 0
64318, 1, 3, 3, 0, 1, 0
77485, 2, 1, 1, 0, 2, 0
98021, 0, 2, 2, 0, 0, 0
26847, 2, 0, 0, 0, 2, 0
26848, 1, 0, 0, 0, 1, 0
26849, 1, 0, 0, 0, 1, 0
26851, 2, 18, 18, 0, 2, 0
26853, 1, 0, 0, 0, 0, 1
26854, 1, 0, 0, 0, 1, 0
26855, 1, 1, 1, 0, 1, 0
26857, 2, 0, 0, 0, 2, 0
26860, 1, 0, 0, 0, 1, 0
76464, 0, 1, 0, 1, 0, 0
80637, 2, 3, 3, 0, 2, 0
49044, 7, 1, 1, 0, 7, 0
49153, 1, 2, 2, 0, 1, 0
49154, 6, 5, 5, 0, 6, 0
50053, 0, 3, 3, 0, 0, 0
50148, 2, 3, 3, 0, 2, 0
57630, 0, 4, 4, 0, 0, 0
58954, 13, 7, 7, 0, 13, 0
58977, 3, 3, 3, 0, 2, 1
58978, 5, 3, 3, 0, 5, 0
62386, 9, 4, 4, 0, 9, 0
77145, 1, 1, 1, 0, 1, 0
95095, 0, 1, 1, 0, 0, 0
99656, 0, 3, 3, 0, 0, 0
48845, 1, 1, 1, 0, 1, 0
48847, 0, 1, 1, 0, 0, 0
48848, 1, 2, 2, 0, 1, 0
48849, 0, 1, 1, 0, 0, 0
36169, 1, 1, 1, 0, 1, 0
44094, 1, 1, 0, 1, 1, 0
60499, 1, 1, 0, 1, 1, 0
60900, 1, 1, 0, 1, 1, 0
60901, 1, 1, 0, 1, 1, 0
61091, 2, 1, 0, 1, 2, 0
61623, 1, 1, 0, 1, 1, 0
62256, 1, 1, 0, 1, 1, 0
62319, 1, 1, 0, 1, 1, 0
63763, 1, 1, 0, 1, 1, 0
75350, 0, 1, 0, 1, 0, 0
75351, 0, 1, 0, 1, 0, 0
75352, 0, 1, 0, 1, 0, 0
75362, 0, 1, 1, 0, 0, 0
26920, 1, 0, 0, 0, 1, 0
26923, 1, 0, 0, 0, 1, 0
26925, 1, 0, 0, 0, 1, 0
26926, 1, 1, 1, 0, 1, 0
26928, 5, 0, 0, 0, 2, 3
26929, 3, 2, 1, 1, 1, 2
77326, 1, 1, 1, 0, 1, 0
80695, 0, 1, 1, 0, 0, 0
26931, 1, 2, 2, 0, 1, 0
26932, 1, 2, 2, 0, 1, 0
26933, 2, 0, 0, 0, 1, 1
26934, 1, 0, 0, 0, 1, 0
26935, 4, 0, 0, 0, 2, 2
26937, 2, 0, 0, 0, 2, 0
26938, 1, 0, 0, 0, 1, 0
26940, 1, 1, 1, 0, 1, 0
26941, 0, 1, 1, 0, 0, 0
26944, 1, 0, 0, 0, 1, 0
26946, 6, 0, 0, 0, 6, 0
26947, 0, 1, 1, 0, 0, 0
26948, 0, 1, 1, 0, 0, 0
26949, 0, 1, 1, 0, 0, 0
26951, 1, 0, 0, 0, 1, 0
26955, 2, 1, 1, 0, 2, 0
76448, 0, 3, 3, 0, 0, 0
26957, 2, 0, 0, 0, 1, 1
26959, 0, 2, 0, 2, 0, 0
26960, 1, 0, 0, 0, 1, 0
26961, 0, 1, 1, 0, 0, 0
26963, 1, 0, 0, 0, 1, 0
26965, 1, 0, 0, 0, 1, 0
26966, 1, 0, 0, 0, 1, 0
26967, 1, 0, 0, 0, 1, 0
26968, 2, 2, 2, 0, 2, 0
26969, 7, 0, 0, 0, 6, 1
29268, 1, 3, 3, 0, 1, 0
68344, 5, 3, 3, 0, 5, 0
68412, 1, 2, 2, 0, 1, 0
68413, 3, 4, 4, 0, 3, 0
26973, 1, 0, 0, 0, 1, 0
26975, 1, 0, 0, 0, 0, 1
26976, 0, 1, 0, 1, 0, 0
26977, 1, 0, 0, 0, 1, 0
48326, 3, 8, 3, 5, 1, 2
26980, 1, 1, 1, 0, 1, 0
26981, 23, 3, 3, 0, 22, 1
26982, 1, 0, 0, 0, 1, 0
26984, 1, 0, 0, 0, 1, 0
26985, 6, 3, 3, 0, 6, 0
29124, 1, 2, 2, 0, 1, 0
82414, 0, 1, 1, 0, 0, 0
26989, 13, 2, 2, 0, 12, 1
57856, 1, 1, 1, 0, 1, 0
26991, 1, 0, 0, 0, 1, 0
26992, 1, 0, 0, 0, 0, 1
35740, 1, 1, 1, 0, 1, 0
40489, 1, 1, 1, 0, 1, 0
26997, 1, 0, 0, 0, 1, 0
58276, 2, 1, 1, 0, 2, 0
26999, 2, 0, 0, 0, 2, 0
73194, 2, 2, 2, 0, 2, 0
73196, 0, 1, 1, 0, 0, 0
27002, 2, 0, 0, 0, 1, 1
43484, 4, 1, 1, 0, 3, 1
27005, 1, 0, 0, 0, 1, 0
101982, 2, 1, 1, 0, 2, 0
107893, 1, 1, 1, 0, 1, 0
27010, 1, 0, 0, 0, 1, 0
27011, 1, 0, 0, 0, 1, 0
27012, 1, 0, 0, 0, 1, 0
27013, 0, 1, 1, 0, 0, 0
27014, 3, 0, 0, 0, 3, 0
27016, 1, 0, 0, 0, 1, 0
27017, 1, 0, 0, 0, 1, 0
27018, 0, 1, 1, 0, 0, 0
27019, 1, 0, 0, 0, 0, 1
27021, 1, 0, 0, 0, 1, 0
27023, 1, 0, 0, 0, 1, 0
27024, 0, 4, 4, 0, 0, 0
27025, 2, 0, 0, 0, 2, 0
78816, 1, 1, 1, 0, 1, 0
78958, 6, 3, 3, 0, 6, 0
46698, 1, 3, 2, 1, 1, 0
46831, 9, 2, 0, 2, 9, 0
48274, 1, 2, 2, 0, 1, 0
60816, 2, 3, 3, 0, 2, 0
65883, 1, 1, 0, 1, 1, 0
65884, 7, 5, 4, 1, 6, 1
65886, 0, 1, 0, 1, 0, 0
65887, 0, 1, 0, 1, 0, 0
65888, 0, 1, 0, 1, 0, 0
65890, 0, 1, 0, 1, 0, 0
27029, 1, 0, 0, 0, 1, 0
27030, 1, 0, 0, 0, 1, 0
27032, 1, 0, 0, 0, 1, 0
27033, 1, 0, 0, 0, 0, 1
27035, 2, 0, 0, 0, 2, 0
27038, 1, 0, 0, 0, 1, 0
35996, 2, 1, 1, 0, 1, 1
51629, 6, 4, 4, 0, 6, 0
60916, 3, 3, 3, 0, 3, 0
61043, 12, 5, 5, 0, 11, 1
65326, 2, 4, 4, 0, 2, 0
67187, 2, 5, 4, 1, 2, 0
69012, 0, 3, 3, 0, 0, 0
71586, 1, 2, 2, 0, 1, 0
75180, 1, 4, 4, 0, 1, 0
75183, 1, 1, 1, 0, 1, 0
75185, 0, 1, 1, 0, 0, 0
27040, 1, 0, 0, 0, 1, 0
99895, 14, 3, 3, 0, 14, 0
27042, 1, 0, 0, 0, 0, 1
27043, 0, 1, 0, 1, 0, 0
27044, 1, 0, 0, 0, 1, 0
27045, 2, 0, 0, 0, 1, 1
27046, 1, 0, 0, 0, 1, 0
27047, 6, 0, 0, 0, 5, 1
27708, 1, 1, 1, 0, 1, 0
27736, 1, 2, 2, 0, 1, 0
28344, 0, 2, 2, 0, 0, 0
27050, 0, 1, 1, 0, 0, 0
27051, 1, 0, 0, 0, 1, 0
27052, 1, 0, 0, 0, 0, 1
27055, 5, 0, 0, 0, 2, 3
27056, 1, 0, 0, 0, 1, 0
27057, 7, 0, 0, 0, 7, 0
27058, 1, 0, 0, 0, 0, 1
27059, 0, 1, 0, 1, 0, 0
27060, 1, 1, 1, 0, 1, 0
27062, 1, 0, 0, 0, 1, 0
27065, 0, 1, 1, 0, 0, 0
27068, 1, 0, 0, 0, 1, 0
27069, 1, 0, 0, 0, 1, 0
27071, 2, 0, 0, 0, 2, 0
27073, 1, 0, 0, 0, 0, 1
27074, 1, 0, 0, 0, 0, 1
71604, 2, 3, 2, 1, 1, 1
78341, 3, 2, 2, 0, 3, 0
85034, 0, 1, 1, 0, 0, 0
27076, 1, 0, 0, 0, 1, 0
27077, 1, 0, 0, 0, 1, 0
27078, 0, 1, 1, 0, 0, 0
27079, 1, 0, 0, 0, 0, 1
27081, 1, 0, 0, 0, 1, 0
27083, 1, 0, 0, 0, 0, 1
27085, 1, 1, 1, 0, 1, 0
47007, 1, 2, 2, 0, 1, 0
47151, 4, 10, 10, 0, 4, 0
27089, 1, 1, 1, 0, 1, 0
27090, 1, 0, 0, 0, 1, 0
27091, 1, 2, 2, 0, 1, 0
27093, 2, 0, 0, 0, 2, 0
27094, 3, 0, 0, 0, 2, 1
27095, 0, 1, 0, 1, 0, 0
27096, 1, 0, 0, 0, 1, 0
27097, 2, 1, 1, 0, 2, 0
27098, 1, 0, 0, 0, 0, 1
63885, 1, 1, 1, 0, 1, 0
27100, 5, 2, 2, 0, 3, 2
36908, 0, 1, 1, 0, 0, 0
36909, 1, 1, 1, 0, 1, 0
27103, 1, 0, 0, 0, 1, 0
27104, 1, 0, 0, 0, 0, 1
27105, 1, 0, 0, 0, 1, 0
27106, 4, 0, 0, 0, 4, 0
27108, 2, 0, 0, 0, 2, 0
27109, 1, 2, 2, 0, 1, 0
27110, 1, 0, 0, 0, 0, 1
27111, 0, 1, 0, 1, 0, 0
27112, 3, 0, 0, 0, 2, 1
27113, 0, 1, 0, 1, 0, 0
27114, 1, 0, 0, 0, 0, 1
27115, 0, 1, 0, 1, 0, 0
27116, 1, 0, 0, 0, 0, 1
27122, 1, 1, 1, 0, 1, 0
40703, 6, 1, 1, 0, 6, 0
127844, 1, 2, 2, 0, 1, 0
131282, 0, 1, 1, 0, 0, 0
31339, 2, 1, 1, 0, 2, 0
27132, 0, 2, 0, 2, 0, 0
27133, 1, 0, 0, 0, 1, 0
27134, 1, 0, 0, 0, 1, 0
27135, 2, 0, 0, 0, 1, 1
27136, 1, 0, 0, 0, 1, 0
27138, 0, 1, 1, 0, 0, 0
68278, 1, 1, 1, 0, 1, 0
70298, 0, 1, 1, 0, 0, 0
27149, 1, 0, 0, 0, 1, 0
27160, 1, 0, 0, 0, 0, 1
27162, 1, 0, 0, 0, 1, 0
27163, 1, 0, 0, 0, 0, 1
27164, 1, 0, 0, 0, 0, 1
27165, 1, 0, 0, 0, 1, 0
27166, 1, 0, 0, 0, 1, 0
27167, 1, 1, 1, 0, 1, 0
27168, 1, 0, 0, 0, 1, 0
27169, 1, 0, 0, 0, 0, 1
27170, 5, 0, 0, 0, 5, 0
40444, 1, 2, 2, 0, 1, 0
29163, 4, 6, 5, 1, 4, 0
29285, 1, 1, 0, 1, 1, 0
29530, 1, 1, 0, 1, 1, 0
33809, 6, 5, 4, 1, 6, 0
34195, 1, 2, 0, 2, 0, 1
41736, 2, 1, 0, 1, 2, 0
52219, 0, 1, 0, 1, 0, 0
52220, 0, 1, 0, 1, 0, 0
52223, 0, 1, 0, 1, 0, 0
52224, 0, 2, 0, 2, 0, 0
52225, 0, 1, 0, 1, 0, 0
52226, 0, 1, 0, 1, 0, 0
52230, 0, 1, 0, 1, 0, 0
52231, 0, 1, 0, 1, 0, 0
52232, 0, 1, 0, 1, 0, 0
52233, 0, 1, 0, 1, 0, 0
52234, 0, 1, 0, 1, 0, 0
52239, 0, 1, 0, 1, 0, 0
52240, 0, 1, 0, 1, 0, 0
52242, 0, 1, 0, 1, 0, 0
68227, 3, 3, 3, 0, 3, 0
68228, 5, 3, 3, 0, 5, 0
83014, 1, 1, 1, 0, 1, 0
84418, 1, 1, 1, 0, 1, 0
86234, 3, 2, 2, 0, 3, 0
87481, 3, 1, 1, 0, 3, 0
87482, 0, 1, 1, 0, 0, 0
87483, 0, 1, 1, 0, 0, 0
87484, 0, 1, 1, 0, 0, 0
87485, 0, 1, 1, 0, 0, 0
28797, 1, 1, 1, 0, 1, 0
41577, 3, 3, 3, 0, 2, 1
44615, 6, 1, 1, 0, 6, 0
48688, 3, 1, 1, 0, 2, 1
27183, 1, 1, 1, 0, 1, 0
27184, 0, 2, 2, 0, 0, 0
129125, 2, 1, 1, 0, 2, 0
129410, 0, 1, 1, 0, 0, 0
129429, 0, 1, 1, 0, 0, 0
129430, 0, 1, 1, 0, 0, 0
129431, 0, 1, 1, 0, 0, 0
129432, 0, 1, 1, 0, 0, 0
129433, 0, 1, 1, 0, 0, 0
129436, 0, 1, 1, 0, 0, 0
129456, 1, 3, 3, 0, 1, 0
129468, 0, 1, 1, 0, 0, 0
129469, 0, 1, 1, 0, 0, 0
129526, 0, 2, 2, 0, 0, 0
129548, 0, 1, 1, 0, 0, 0
129549, 0, 1, 1, 0, 0, 0
129550, 0, 1, 1, 0, 0, 0
129551, 0, 1, 1, 0, 0, 0
129552, 0, 1, 1, 0, 0, 0
129580, 0, 1, 1, 0, 0, 0
129589, 0, 1, 1, 0, 0, 0
129611, 0, 1, 1, 0, 0, 0
129648, 2, 8, 8, 0, 2, 0
129670, 3, 4, 4, 0, 3, 0
129682, 1, 2, 2, 0, 1, 0
129689, 0, 1, 1, 0, 0, 0
129695, 0, 1, 1, 0, 0, 0
129696, 0, 1, 1, 0, 0, 0
129733, 0, 1, 1, 0, 0, 0
129753, 0, 1, 1, 0, 0, 0
129756, 0, 1, 1, 0, 0, 0
129786, 0, 1, 1, 0, 0, 0
129811, 0, 1, 1, 0, 0, 0
129813, 2, 1, 1, 0, 2, 0
129873, 0, 1, 1, 0, 0, 0
80061, 13, 6, 6, 0, 12, 1
128657, 1, 1, 1, 0, 1, 0
119190, 1, 1, 1, 0, 1, 0
126822, 0, 1, 0, 1, 0, 0
27194, 1, 0, 0, 0, 1, 0
113026, 6, 1, 1, 0, 6, 0
128550, 7, 3, 3, 0, 7, 0
128647, 4, 1, 1, 0, 4, 0
129749, 3, 1, 1, 0, 3, 0
130327, 1, 1, 1, 0, 1, 0
27197, 1, 0, 0, 0, 0, 1
124382, 0, 3, 3, 0, 0, 0
32485, 6, 1, 0, 1, 1, 5
111211, 101, 6, 5, 1, 101, 0
117114, 1, 1, 0, 1, 1, 0
117390, 0, 1, 0, 1, 0, 0
117496, 1, 2, 1, 1, 1, 0
117498, 0, 2, 0, 2, 0, 0
121322, 0, 1, 0, 1, 0, 0
124802, 0, 1, 0, 1, 0, 0
124803, 0, 1, 0, 1, 0, 0
127123, 0, 1, 0, 1, 0, 0
127124, 0, 1, 0, 1, 0, 0
127189, 0, 1, 0, 1, 0, 0
130617, 1, 1, 0, 1, 1, 0
131661, 0, 1, 0, 1, 0, 0
27201, 22, 0, 0, 0, 22, 0
130486, 1, 1, 1, 0, 1, 0
27202, 20, 0, 0, 0, 20, 0
27203, 0, 1, 1, 0, 0, 0
27222, 0, 1, 1, 0, 0, 0
27226, 0, 1, 1, 0, 0, 0
27227, 0, 1, 1, 0, 0, 0
27228, 0, 1, 1, 0, 0, 0
27230, 0, 1, 1, 0, 0, 0
27231, 1, 1, 1, 0, 1, 0
27232, 0, 1, 1, 0, 0, 0
27233, 3, 1, 1, 0, 3, 0
27234, 0, 1, 1, 0, 0, 0
27235, 0, 1, 1, 0, 0, 0
27236, 0, 1, 1, 0, 0, 0
27237, 0, 1, 1, 0, 0, 0
27238, 0, 1, 1, 0, 0, 0
27239, 0, 1, 1, 0, 0, 0
27240, 0, 1, 1, 0, 0, 0
27241, 0, 1, 1, 0, 0, 0
27243, 0, 1, 1, 0, 0, 0
88812, 1, 1, 0, 1, 1, 0
27206, 5, 0, 0, 0, 5, 0
122221, 7, 1, 1, 0, 6, 1
125691, 5, 2, 0, 2, 5, 0
126550, 10, 10, 6, 4, 9, 1
63715, 0, 1, 0, 1, 0, 0
117102, 1, 1, 0, 1, 1, 0
120790, 0, 1, 0, 1, 0, 0
123156, 1, 4, 2, 2, 1, 0
117655, 2, 3, 3, 0, 2, 0
127859, 0, 1, 1, 0, 0, 0
27214, 1, 0, 0, 0, 1, 0
27215, 0, 1, 1, 0, 0, 0
122777, 2, 4, 4, 0, 2, 0
101178, 3, 5, 5, 0, 3, 0
101179, 4, 8, 8, 0, 4, 0
27248, 1, 0, 0, 0, 1, 0
27251, 0, 1, 1, 0, 0, 0
27253, 2, 0, 0, 0, 1, 1
109885, 16, 4, 4, 0, 16, 0
114721, 0, 1, 0, 1, 0, 0
123556, 1, 1, 1, 0, 1, 0
44596, 2, 4, 4, 0, 2, 0
131459, 1, 1, 1, 0, 1, 0
27259, 1, 0, 0, 0, 1, 0
131592, 0, 2, 2, 0, 0, 0
129145, 5, 4, 4, 0, 5, 0
131044, 0, 1, 1, 0, 0, 0
131269, 7, 5, 5, 0, 7, 0
123064, 5, 4, 4, 0, 5, 0
128018, 3, 2, 2, 0, 3, 0
112936, 2, 3, 3, 0, 2, 0
127855, 0, 1, 0, 1, 0, 0
27266, 9, 1, 0, 1, 9, 0
102633, 1, 2, 2, 0, 1, 0
128006, 0, 1, 0, 1, 0, 0
128988, 0, 1, 0, 1, 0, 0
27269, 2, 1, 1, 0, 2, 0
119388, 0, 1, 0, 1, 0, 0
120627, 0, 1, 0, 1, 0, 0
113475, 5, 3, 3, 0, 4, 1
27276, 1, 0, 0, 0, 1, 0
27277, 0, 1, 1, 0, 0, 0
130069, 1, 2, 2, 0, 1, 0
119392, 5, 3, 2, 1, 5, 0
128152, 0, 1, 1, 0, 0, 0
130828, 0, 1, 1, 0, 0, 0
27282, 1, 0, 0, 0, 1, 0
68403, 0, 2, 2, 0, 0, 0
70181, 0, 8, 8, 0, 0, 0
76686, 1, 1, 1, 0, 1, 0
86306, 0, 1, 1, 0, 0, 0
86309, 0, 1, 1, 0, 0, 0
86311, 0, 1, 1, 0, 0, 0
86312, 0, 1, 1, 0, 0, 0
86313, 0, 1, 1, 0, 0, 0
86314, 0, 1, 1, 0, 0, 0
86315, 0, 1, 1, 0, 0, 0
86316, 0, 1, 1, 0, 0, 0
86317, 0, 1, 1, 0, 0, 0
86318, 0, 1, 1, 0, 0, 0
86319, 0, 1, 1, 0, 0, 0
86320, 0, 1, 1, 0, 0, 0
86321, 0, 1, 1, 0, 0, 0
86322, 0, 1, 1, 0, 0, 0
86323, 0, 1, 1, 0, 0, 0
27289, 1, 0, 0, 0, 1, 0
27291, 1, 0, 0, 0, 1, 0
27292, 2, 0, 0, 0, 1, 1
27293, 1, 0, 0, 0, 0, 1
56363, 1, 1, 1, 0, 1, 0
31694, 2, 2, 2, 0, 1, 1
34269, 1, 1, 1, 0, 1, 0
35756, 1, 1, 1, 0, 1, 0
40319, 1, 2, 2, 0, 1, 0
44255, 2, 1, 1, 0, 2, 0
45117, 16, 2, 2, 0, 15, 1
45483, 1, 2, 2, 0, 1, 0
47017, 2, 2, 2, 0, 2, 0
58126, 1, 1, 1, 0, 1, 0
61032, 6, 3, 3, 0, 6, 0
61666, 2, 2, 2, 0, 2, 0
61699, 0, 7, 7, 0, 0, 0
62661, 1, 4, 3, 1, 1, 0
64675, 1, 3, 3, 0, 1, 0
67119, 2, 5, 5, 0, 2, 0
68793, 0, 2, 2, 0, 0, 0
70155, 4, 2, 2, 0, 4, 0
70596, 1, 1, 1, 0, 1, 0
70862, 6, 7, 7, 0, 6, 0
71430, 0, 2, 2, 0, 0, 0
73116, 1, 2, 2, 0, 1, 0
74273, 6, 3, 3, 0, 6, 0
74801, 2, 2, 2, 0, 2, 0
75822, 1, 2, 2, 0, 1, 0
76060, 1, 3, 3, 0, 1, 0
76525, 1, 3, 3, 0, 0, 1
77496, 0, 1, 1, 0, 0, 0
77497, 0, 1, 1, 0, 0, 0
77498, 0, 1, 1, 0, 0, 0
77499, 0, 1, 1, 0, 0, 0
77500, 0, 1, 1, 0, 0, 0
77501, 0, 1, 1, 0, 0, 0
77502, 0, 1, 1, 0, 0, 0
77503, 0, 3, 2, 1, 0, 0
77504, 0, 1, 1, 0, 0, 0
77505, 0, 1, 1, 0, 0, 0
77506, 0, 1, 1, 0, 0, 0
77507, 0, 1, 1, 0, 0, 0
77509, 0, 1, 1, 0, 0, 0
77510, 0, 1, 1, 0, 0, 0
77511, 0, 1, 1, 0, 0, 0
77512, 0, 1, 1, 0, 0, 0
77513, 0, 1, 1, 0, 0, 0
77514, 0, 1, 1, 0, 0, 0
77515, 0, 1, 1, 0, 0, 0
77516, 0, 1, 1, 0, 0, 0
77517, 0, 1, 1, 0, 0, 0
77519, 0, 1, 1, 0, 0, 0
77520, 0, 1, 1, 0, 0, 0
77521, 0, 3, 3, 0, 0, 0
77522, 0, 1, 1, 0, 0, 0
77523, 0, 1, 1, 0, 0, 0
120597, 0, 1, 1, 0, 0, 0
27299, 7, 0, 0, 0, 7, 0
27301, 0, 1, 1, 0, 0, 0
27302, 0, 1, 1, 0, 0, 0
27303, 0, 1, 1, 0, 0, 0
27304, 0, 1, 1, 0, 0, 0
27305, 0, 1, 1, 0, 0, 0
27306, 0, 1, 1, 0, 0, 0
28415, 1, 1, 1, 0, 1, 0
28416, 1, 1, 1, 0, 1, 0
28417, 3, 1, 1, 0, 2, 1
28418, 16, 1, 1, 0, 15, 1
28419, 2, 4, 4, 0, 2, 0
27307, 1, 0, 0, 0, 0, 1
27308, 0, 1, 0, 1, 0, 0
27309, 2, 0, 0, 0, 2, 0
27310, 0, 1, 1, 0, 0, 0
27312, 1, 0, 0, 0, 1, 0
27313, 1, 0, 0, 0, 1, 0
27315, 1, 0, 0, 0, 1, 0
27316, 0, 1, 1, 0, 0, 0
27319, 1, 0, 0, 0, 0, 1
27320, 1, 0, 0, 0, 1, 0
27321, 1, 0, 0, 0, 1, 0
27324, 2, 0, 0, 0, 2, 0
27325, 0, 1, 1, 0, 0, 0
27326, 1, 0, 0, 0, 0, 1
27327, 1, 0, 0, 0, 1, 0
52187, 0, 1, 1, 0, 0, 0
52188, 0, 1, 1, 0, 0, 0
52189, 0, 1, 1, 0, 0, 0
52190, 0, 1, 1, 0, 0, 0
52191, 0, 1, 1, 0, 0, 0
52192, 0, 1, 1, 0, 0, 0
52193, 0, 1, 1, 0, 0, 0
52194, 0, 1, 1, 0, 0, 0
52195, 0, 1, 1, 0, 0, 0
27329, 1, 0, 0, 0, 0, 1
27330, 1, 0, 0, 0, 1, 0
27335, 2, 0, 0, 0, 1, 1
27336, 4, 0, 0, 0, 2, 2
27338, 1, 0, 0, 0, 1, 0
27339, 1, 0, 0, 0, 0, 1
37003, 0, 1, 1, 0, 0, 0
37004, 0, 1, 0, 1, 0, 0
27341, 1, 0, 0, 0, 1, 0
27342, 1, 0, 0, 0, 0, 1
27343, 2, 0, 0, 0, 0, 2
27345, 1, 0, 0, 0, 1, 0
89465, 1, 3, 1, 2, 1, 0
27349, 2, 1, 0, 1, 2, 0
57585, 0, 1, 1, 0, 0, 0
81240, 1, 1, 1, 0, 1, 0
27355, 1, 0, 0, 0, 1, 0
27356, 1, 0, 0, 0, 0, 1
27357, 1, 0, 0, 0, 1, 0
27358, 1, 0, 0, 0, 0, 1
27360, 6, 0, 0, 0, 5, 1
27361, 1, 0, 0, 0, 1, 0
27362, 1, 0, 0, 0, 1, 0
51786, 1, 1, 0, 1, 1, 0
51789, 1, 1, 0, 1, 1, 0
51790, 1, 1, 0, 1, 1, 0
51795, 1, 2, 0, 2, 1, 0
51815, 1, 1, 0, 1, 1, 0
51816, 1, 1, 0, 1, 1, 0
51824, 1, 1, 0, 1, 1, 0
52584, 1, 1, 0, 1, 1, 0
52588, 1, 2, 0, 2, 1, 0
52605, 1, 2, 0, 2, 1, 0
52920, 1, 2, 0, 2, 1, 0
52961, 2, 2, 0, 2, 1, 1
52962, 1, 1, 0, 1, 1, 0
52964, 1, 2, 0, 2, 0, 1
53914, 1, 4, 4, 0, 1, 0
68790, 4, 2, 2, 0, 4, 0
76553, 1, 3, 3, 0, 1, 0
90283, 0, 1, 1, 0, 0, 0
90284, 0, 1, 1, 0, 0, 0
90285, 0, 2, 0, 2, 0, 0
90286, 0, 1, 0, 1, 0, 0
90287, 0, 1, 1, 0, 0, 0
90288, 0, 1, 1, 0, 0, 0
100016, 0, 1, 0, 1, 0, 0
114075, 0, 1, 1, 0, 0, 0
122858, 1, 2, 2, 0, 1, 0
27368, 2, 0, 0, 0, 0, 2
27369, 0, 1, 0, 1, 0, 0
27370, 1, 0, 0, 0, 1, 0
27371, 1, 0, 0, 0, 1, 0
27372, 7, 0, 0, 0, 5, 2
27373, 1, 1, 1, 0, 1, 0
27375, 1, 1, 1, 0, 1, 0
27376, 1, 1, 1, 0, 1, 0
27377, 1, 0, 0, 0, 1, 0
27378, 1, 0, 0, 0, 1, 0
27380, 1, 0, 0, 0, 1, 0
27382, 1, 0, 0, 0, 0, 1
63320, 5, 1, 0, 1, 5, 0
63840, 1, 1, 0, 1, 1, 0
64161, 1, 1, 0, 1, 1, 0
103385, 0, 1, 0, 1, 0, 0
53611, 1, 3, 3, 0, 1, 0
63245, 2, 1, 1, 0, 2, 0
67549, 1, 1, 1, 0, 1, 0
79217, 3, 5, 5, 0, 3, 0
83887, 0, 1, 1, 0, 0, 0
27393, 1, 0, 0, 0, 0, 1
27394, 2, 0, 0, 0, 0, 2
94631, 0, 3, 3, 0, 0, 0
27396, 1, 0, 0, 0, 1, 0
27398, 1, 0, 0, 0, 1, 0
27399, 2, 0, 0, 0, 0, 2
27400, 1, 0, 0, 0, 0, 1
27401, 1, 0, 0, 0, 1, 0
27402, 2, 0, 0, 0, 1, 1
27403, 1, 0, 0, 0, 0, 1
27404, 4, 0, 0, 0, 4, 0
104403, 1, 3, 3, 0, 1, 0
27408, 1, 0, 0, 0, 0, 1
27409, 1, 0, 0, 0, 1, 0
27410, 1, 0, 0, 0, 1, 0
27412, 1, 0, 0, 0, 1, 0
27414, 1, 0, 0, 0, 1, 0
27415, 1, 3, 3, 0, 1, 0
27416, 1, 0, 0, 0, 1, 0
36605, 1, 2, 2, 0, 1, 0
27420, 1, 1, 1, 0, 1, 0
32676, 1, 1, 1, 0, 1, 0
32909, 0, 1, 1, 0, 0, 0
32910, 0, 1, 1, 0, 0, 0
100167, 2, 2, 2, 0, 2, 0
30484, 1, 6, 6, 0, 1, 0
30977, 1, 3, 3, 0, 1, 0
51051, 2, 1, 1, 0, 1, 1
53279, 0, 2, 2, 0, 0, 0
71091, 0, 2, 2, 0, 0, 0
71092, 0, 1, 1, 0, 0, 0
71093, 0, 1, 1, 0, 0, 0
71094, 0, 1, 1, 0, 0, 0
71095, 0, 1, 1, 0, 0, 0
71096, 0, 1, 1, 0, 0, 0
71097, 0, 1, 1, 0, 0, 0
27431, 1, 0, 0, 0, 1, 0
27432, 1, 0, 0, 0, 1, 0
27433, 1, 0, 0, 0, 0, 1
27434, 1, 0, 0, 0, 1, 0
27436, 1, 0, 0, 0, 0, 1
27437, 1, 0, 0, 0, 1, 0
27439, 0, 1, 1, 0, 0, 0
27441, 0, 1, 1, 0, 0, 0
27442, 0, 1, 1, 0, 0, 0
27443, 1, 0, 0, 0, 1, 0
27444, 1, 0, 0, 0, 1, 0
27446, 1, 0, 0, 0, 0, 1
27448, 1, 0, 0, 0, 1, 0
27450, 1, 0, 0, 0, 1, 0
27451, 2, 1, 1, 0, 2, 0
27452, 1, 2, 2, 0, 1, 0
27454, 1, 0, 0, 0, 1, 0
27455, 1, 0, 0, 0, 0, 1
27457, 1, 0, 0, 0, 1, 0
27458, 1, 0, 0, 0, 0, 1
86040, 1, 2, 2, 0, 1, 0
86533, 1, 2, 2, 0, 1, 0
86681, 0, 2, 2, 0, 0, 0
86682, 0, 2, 2, 0, 0, 0
86683, 0, 2, 2, 0, 0, 0
86686, 0, 2, 2, 0, 0, 0
86690, 0, 1, 1, 0, 0, 0
27460, 1, 0, 0, 0, 1, 0
27461, 2, 0, 0, 0, 2, 0
50888, 3, 2, 2, 0, 2, 1
27463, 1, 0, 0, 0, 1, 0
27466, 0, 1, 1, 0, 0, 0
27468, 1, 2, 1, 1, 0, 1
27469, 1, 1, 1, 0, 1, 0
27471, 2, 0, 0, 0, 2, 0
27472, 4, 1, 1, 0, 3, 1
27474, 0, 1, 1, 0, 0, 0
27475, 1, 0, 0, 0, 1, 0
27476, 1, 0, 0, 0, 1, 0
80628, 4, 1, 1, 0, 4, 0
27478, 1, 1, 1, 0, 1, 0
27484, 1, 1, 1, 0, 0, 1
27486, 2, 1, 1, 0, 2, 0
27487, 1, 0, 0, 0, 1, 0
33591, 0, 1, 1, 0, 0, 0
28525, 1, 2, 2, 0, 1, 0
28526, 1, 2, 2, 0, 0, 1
93679, 4, 1, 1, 0, 4, 0
27492, 1, 1, 1, 0, 1, 0
27494, 2, 0, 0, 0, 1, 1
27496, 4, 0, 0, 0, 4, 0
27497, 1, 0, 0, 0, 0, 1
27498, 0, 1, 0, 1, 0, 0
27499, 5, 1, 1, 0, 5, 0
27503, 1, 0, 0, 0, 0, 1
27504, 1, 0, 0, 0, 0, 1
27507, 1, 0, 0, 0, 1, 0
27508, 1, 0, 0, 0, 1, 0
27510, 1, 0, 0, 0, 1, 0
27511, 1, 0, 0, 0, 1, 0
27514, 1, 0, 0, 0, 0, 1
27515, 0, 1, 0, 1, 0, 0
27519, 1, 1, 1, 0, 1, 0
27521, 1, 0, 0, 0, 0, 1
27522, 0, 1, 0, 1, 0, 0
27523, 1, 0, 0, 0, 1, 0
116571, 0, 6, 3, 3, 0, 0
116572, 0, 4, 3, 1, 0, 0
27530, 2, 1, 1, 0, 2, 0
49470, 2, 5, 4, 1, 2, 0
49832, 1, 4, 4, 0, 1, 0
50147, 3, 1, 1, 0, 3, 0
27533, 1, 0, 0, 0, 1, 0
27534, 1, 0, 0, 0, 0, 1
27535, 2, 3, 2, 1, 2, 0
27537, 1, 0, 0, 0, 0, 1
27538, 1, 1, 1, 0, 1, 0
27539, 2, 6, 5, 1, 2, 0
62238, 3, 2, 2, 0, 3, 0
27540, 3, 0, 0, 0, 3, 0
27543, 1, 0, 0, 0, 1, 0
27546, 1, 0, 0, 0, 0, 1
27550, 5, 6, 5, 1, 5, 0
37363, 0, 1, 1, 0, 0, 0
27552, 0, 1, 1, 0, 0, 0
27555, 1, 0, 0, 0, 0, 1
27556, 0, 1, 0, 1, 0, 0
27557, 1, 0, 0, 0, 1, 0
27558, 1, 1, 1, 0, 1, 0
27561, 3, 0, 0, 0, 3, 0
27563, 1, 0, 0, 0, 1, 0
87393, 0, 1, 1, 0, 0, 0
87394, 0, 2, 0, 2, 0, 0
31080, 1, 1, 0, 1, 0, 1
49432, 3, 1, 1, 0, 3, 0
49911, 7, 1, 0, 1, 4, 3
27567, 1, 1, 1, 0, 1, 0
27568, 2, 1, 1, 0, 2, 0
27570, 8, 2, 2, 0, 8, 0
27571, 1, 0, 0, 0, 1, 0
27572, 1, 0, 0, 0, 1, 0
27573, 4, 0, 0, 0, 3, 1
27574, 0, 1, 0, 1, 0, 0
27575, 1, 0, 0, 0, 1, 0
27577, 1, 0, 0, 0, 1, 0
27631, 1, 1, 1, 0, 1, 0
27705, 6, 2, 2, 0, 6, 0
27580, 1, 0, 0, 0, 1, 0
27582, 7, 0, 0, 0, 7, 0
27583, 0, 3, 3, 0, 0, 0
27584, 0, 1, 1, 0, 0, 0
27585, 1, 0, 0, 0, 0, 1
27586, 1, 0, 0, 0, 1, 0
27588, 1, 0, 0, 0, 0, 1
55601, 9, 4, 4, 0, 9, 0
27591, 2, 0, 0, 0, 2, 0
27592, 1, 0, 0, 0, 1, 0
27593, 1, 1, 1, 0, 1, 0
27594, 1, 0, 0, 0, 1, 0
27595, 1, 0, 0, 0, 1, 0
27596, 1, 0, 0, 0, 1, 0
27597, 1, 1, 1, 0, 1, 0
27598, 3, 0, 0, 0, 3, 0
27600, 1, 0, 0, 0, 1, 0
27601, 0, 1, 1, 0, 0, 0
27602, 1, 0, 0, 0, 1, 0
79697, 0, 2, 2, 0, 0, 0
87392, 3, 1, 1, 0, 3, 0
89035, 0, 1, 1, 0, 0, 0
42237, 0, 1, 1, 0, 0, 0
63744, 0, 1, 1, 0, 0, 0
27607, 1, 0, 0, 0, 1, 0
74030, 0, 2, 2, 0, 0, 0
83651, 0, 2, 2, 0, 0, 0
85072, 0, 1, 1, 0, 0, 0
85073, 0, 1, 1, 0, 0, 0
85074, 0, 1, 1, 0, 0, 0
85075, 0, 1, 1, 0, 0, 0
27611, 0, 1, 1, 0, 0, 0
27613, 1, 0, 0, 0, 1, 0
27614, 1, 0, 0, 0, 1, 0
27615, 1, 0, 0, 0, 1, 0
27616, 1, 0, 0, 0, 1, 0
27617, 1, 1, 1, 0, 0, 1
27618, 2, 0, 0, 0, 2, 0
27619, 0, 1, 1, 0, 0, 0
27620, 3, 2, 2, 0, 3, 0
55817, 6, 1, 1, 0, 6, 0
27622, 1, 0, 0, 0, 1, 0
100882, 0, 1, 1, 0, 0, 0
124973, 0, 1, 0, 1, 0, 0
27628, 1, 0, 0, 0, 1, 0
27629, 1, 0, 0, 0, 1, 0
27630, 1, 0, 0, 0, 1, 0
27632, 8, 0, 0, 0, 8, 0
27633, 0, 2, 2, 0, 0, 0
27634, 0, 1, 1, 0, 0, 0
27635, 3, 0, 0, 0, 3, 0
27636, 1, 0, 0, 0, 1, 0
27637, 1, 0, 0, 0, 1, 0
102105, 0, 1, 0, 1, 0, 0
102223, 0, 3, 1, 2, 0, 0
46051, 1, 3, 2, 1, 1, 0
55897, 1, 1, 0, 1, 0, 1
30726, 1, 2, 2, 0, 1, 0
68378, 2, 2, 2, 0, 2, 0
68379, 1, 3, 3, 0, 1, 0
68380, 0, 1, 1, 0, 0, 0
27658, 1, 0, 0, 0, 1, 0
27660, 1, 0, 0, 0, 0, 1
27662, 2, 0, 0, 0, 2, 0
27663, 1, 0, 0, 0, 1, 0
27664, 1, 0, 0, 0, 0, 1
27665, 1, 3, 1, 2, 1, 0
27666, 2, 0, 0, 0, 1, 1
27667, 0, 1, 1, 0, 0, 0
27668, 1, 0, 0, 0, 1, 0
27669, 2, 0, 0, 0, 0, 2
27670, 1, 0, 0, 0, 1, 0
27671, 0, 1, 1, 0, 0, 0
27674, 1, 0, 0, 0, 0, 1
27675, 1, 0, 0, 0, 1, 0
27676, 0, 1, 1, 0, 0, 0
27677, 1, 0, 0, 0, 1, 0
27678, 1, 0, 0, 0, 1, 0
27680, 3, 0, 0, 0, 3, 0
27681, 1, 0, 0, 0, 0, 1
50752, 3, 3, 3, 0, 3, 0
60668, 4, 5, 5, 0, 4, 0
83871, 0, 1, 1, 0, 0, 0
27687, 1, 0, 0, 0, 0, 1
27688, 0, 1, 0, 1, 0, 0
27689, 1, 0, 0, 0, 1, 0
27691, 1, 0, 0, 0, 1, 0
67129, 4, 4, 4, 0, 4, 0
69983, 0, 1, 1, 0, 0, 0
112866, 0, 1, 1, 0, 0, 0
27698, 1, 1, 1, 0, 1, 0
27699, 1, 1, 1, 0, 1, 0
27701, 1, 0, 0, 0, 1, 0
27702, 0, 2, 2, 0, 0, 0
27703, 3, 0, 0, 0, 0, 3
34073, 1, 2, 1, 1, 1, 0
51320, 4, 3, 1, 2, 4, 0
57289, 0, 2, 1, 1, 0, 0
81367, 0, 1, 1, 0, 0, 0
81368, 0, 1, 1, 0, 0, 0
27706, 1, 0, 0, 0, 1, 0
27707, 2, 0, 0, 0, 2, 0
27709, 1, 0, 0, 0, 1, 0
27710, 0, 1, 1, 0, 0, 0
38400, 23, 2, 2, 0, 22, 1
47815, 6, 1, 1, 0, 5, 1
48109, 2, 2, 2, 0, 2, 0
53344, 3, 2, 2, 0, 3, 0
89087, 2, 2, 1, 1, 2, 0
27810, 1, 1, 1, 0, 1, 0
27874, 1, 4, 4, 0, 1, 0
27716, 2, 1, 1, 0, 2, 0
27717, 1, 0, 0, 0, 1, 0
27719, 1, 0, 0, 0, 0, 1
63774, 1, 3, 2, 1, 1, 0
83682, 0, 1, 1, 0, 0, 0
27722, 1, 0, 0, 0, 1, 0
27725, 1, 0, 0, 0, 1, 0
28260, 0, 6, 6, 0, 0, 0
27732, 2, 1, 1, 0, 2, 0
27916, 1, 1, 1, 0, 1, 0
96541, 1, 1, 1, 0, 1, 0
27733, 1, 0, 0, 0, 0, 1
86431, 0, 1, 1, 0, 0, 0
27737, 1, 0, 0, 0, 1, 0
27738, 0, 1, 1, 0, 0, 0
32083, 0, 1, 1, 0, 0, 0
27741, 1, 0, 0, 0, 1, 0
27742, 1, 0, 0, 0, 1, 0
49681, 0, 5, 5, 0, 0, 0
27744, 1, 0, 0, 0, 1, 0
27745, 1, 0, 0, 0, 1, 0
27748, 1, 1, 1, 0, 1, 0
28281, 0, 1, 1, 0, 0, 0
27749, 1, 0, 0, 0, 1, 0
27750, 1, 0, 0, 0, 1, 0
27751, 1, 0, 0, 0, 1, 0
27752, 1, 0, 0, 0, 1, 0
27753, 1, 0, 0, 0, 1, 0
27754, 1, 0, 0, 0, 1, 0
27759, 1, 0, 0, 0, 0, 1
96177, 5, 8, 6, 2, 5, 0
110885, 0, 1, 1, 0, 0, 0
110886, 1, 1, 1, 0, 1, 0
36379, 1, 1, 1, 0, 1, 0
36623, 1, 1, 1, 0, 1, 0
37981, 3, 3, 3, 0, 3, 0
27762, 2, 0, 0, 0, 2, 0
27764, 1, 0, 0, 0, 1, 0
27765, 0, 1, 1, 0, 0, 0
27766, 1, 0, 0, 0, 1, 0
27767, 1, 0, 0, 0, 1, 0
27768, 1, 0, 0, 0, 1, 0
64967, 2, 2, 2, 0, 2, 0
83169, 0, 1, 0, 1, 0, 0
27772, 1, 0, 0, 0, 1, 0
27774, 2, 0, 0, 0, 0, 2
27776, 4, 0, 0, 0, 4, 0
27777, 1, 0, 0, 0, 1, 0
27778, 0, 1, 1, 0, 0, 0
27779, 1, 0, 0, 0, 1, 0
27780, 1, 0, 0, 0, 0, 1
27781, 0, 4, 3, 1, 0, 0
27782, 1, 0, 0, 0, 1, 0
27783, 0, 1, 1, 0, 0, 0
27784, 2, 0, 0, 0, 2, 0
27786, 3, 0, 0, 0, 3, 0
27788, 1, 0, 0, 0, 1, 0
27789, 1, 0, 0, 0, 1, 0
27791, 1, 0, 0, 0, 1, 0
27792, 1, 3, 3, 0, 1, 0
27795, 1, 0, 0, 0, 1, 0
27796, 0, 1, 1, 0, 0, 0
27797, 1, 0, 0, 0, 1, 0
27798, 1, 0, 0, 0, 1, 0
27799, 1, 0, 0, 0, 1, 0
27801, 1, 0, 0, 0, 1, 0
27802, 2, 2, 2, 0, 2, 0
35353, 0, 1, 1, 0, 0, 0
35354, 0, 1, 1, 0, 0, 0
31102, 11, 3, 3, 0, 3, 8
27804, 1, 0, 0, 0, 1, 0
27805, 0, 1, 1, 0, 0, 0
27806, 1, 0, 0, 0, 1, 0
27809, 1, 0, 0, 0, 0, 1
27813, 1, 0, 0, 0, 1, 0
27814, 4, 0, 0, 0, 3, 1
27816, 1, 2, 2, 0, 1, 0
66045, 4, 2, 1, 1, 4, 0
27817, 1, 0, 0, 0, 0, 1
27818, 0, 3, 2, 1, 0, 0
27819, 2, 1, 1, 0, 2, 0
62258, 0, 1, 1, 0, 0, 0
27821, 1, 0, 0, 0, 1, 0
27824, 3, 4, 4, 0, 3, 0
31166, 3, 8, 8, 0, 3, 0
59714, 9, 1, 1, 0, 9, 0
87950, 1, 1, 1, 0, 1, 0
27825, 1, 0, 0, 0, 1, 0
50423, 0, 1, 1, 0, 0, 0
27828, 2, 0, 0, 0, 2, 0
27830, 1, 0, 0, 0, 1, 0
27831, 0, 1, 1, 0, 0, 0
27834, 2, 0, 0, 0, 2, 0
53203, 1, 1, 1, 0, 1, 0
82437, 0, 1, 1, 0, 0, 0
27836, 4, 0, 0, 0, 3, 1
27838, 1, 1, 1, 0, 1, 0
27839, 3, 2, 2, 0, 3, 0
27914, 0, 1, 1, 0, 0, 0
51989, 0, 1, 0, 1, 0, 0
27846, 1, 1, 1, 0, 1, 0
27848, 1, 0, 0, 0, 0, 1
27849, 0, 2, 0, 2, 0, 0
27850, 3, 1, 1, 0, 3, 0
27855, 2, 0, 0, 0, 2, 0
27857, 1, 0, 0, 0, 1, 0
27859, 1, 0, 0, 0, 1, 0
27860, 4, 5, 5, 0, 4, 0
27862, 0, 1, 1, 0, 0, 0
27863, 4, 0, 0, 0, 4, 0
27865, 1, 0, 0, 0, 1, 0
27867, 1, 0, 0, 0, 1, 0
27868, 0, 4, 4, 0, 0, 0
27870, 2, 0, 0, 0, 2, 0
27871, 1, 0, 0, 0, 1, 0
27872, 0, 2, 2, 0, 0, 0
38192, 1, 2, 2, 0, 1, 0
120162, 0, 1, 1, 0, 0, 0
27875, 2, 0, 0, 0, 2, 0
27878, 1, 0, 0, 0, 0, 1
27879, 1, 1, 1, 0, 1, 0
27881, 1, 2, 2, 0, 1, 0
47330, 7, 3, 3, 0, 7, 0
47331, 13, 7, 7, 0, 13, 0
47332, 5, 7, 7, 0, 5, 0
47333, 6, 7, 7, 0, 6, 0
47334, 8, 4, 4, 0, 8, 0
47335, 6, 8, 8, 0, 6, 0
47712, 8, 4, 4, 0, 8, 0
50681, 1, 2, 2, 0, 1, 0
68765, 1, 1, 1, 0, 1, 0
81505, 0, 1, 1, 0, 0, 0
81506, 0, 1, 1, 0, 0, 0
27883, 1, 0, 0, 0, 0, 1
27887, 1, 0, 0, 0, 1, 0
27888, 3, 0, 0, 0, 3, 0
27890, 2, 0, 0, 0, 2, 0
27891, 1, 2, 2, 0, 1, 0
27892, 1, 0, 0, 0, 1, 0
27894, 1, 0, 0, 0, 1, 0
31615, 7, 3, 3, 0, 6, 1
97862, 1, 1, 1, 0, 1, 0
27896, 1, 0, 0, 0, 0, 1
27897, 2, 0, 0, 0, 2, 0
27898, 1, 0, 0, 0, 0, 1
27899, 0, 1, 0, 1, 0, 0
27901, 1, 0, 0, 0, 1, 0
27902, 1, 0, 0, 0, 0, 1
27903, 1, 0, 0, 0, 0, 1
32881, 5, 1, 1, 0, 4, 1
36823, 1, 3, 2, 1, 1, 0
42159, 0, 2, 2, 0, 0, 0
27911, 1, 0, 0, 0, 1, 0
27913, 2, 0, 0, 0, 2, 0
27915, 1, 0, 0, 0, 1, 0
27917, 1, 0, 0, 0, 0, 1
27918, 1, 0, 0, 0, 1, 0
27919, 0, 1, 1, 0, 0, 0
27920, 1, 1, 1, 0, 1, 0
27921, 1, 1, 1, 0, 1, 0
27922, 1, 1, 1, 0, 1, 0
27923, 1, 2, 2, 0, 1, 0
27924, 2, 0, 0, 0, 1, 1
27925, 2, 0, 0, 0, 2, 0
27927, 1, 0, 0, 0, 0, 1
27928, 1, 0, 0, 0, 1, 0
27929, 1, 0, 0, 0, 0, 1
27934, 1, 0, 0, 0, 1, 0
27937, 1, 0, 0, 0, 0, 1
27938, 0, 3, 1, 2, 0, 0
27939, 2, 0, 0, 0, 2, 0
27941, 1, 0, 0, 0, 1, 0
27942, 1, 0, 0, 0, 1, 0
27943, 1, 1, 1, 0, 1, 0
27945, 1, 0, 0, 0, 1, 0
27946, 2, 3, 2, 1, 2, 0
52126, 0, 1, 1, 0, 0, 0
27947, 1, 0, 0, 0, 1, 0
27948, 0, 5, 5, 0, 0, 0
27950, 2, 0, 0, 0, 2, 0
27951, 2, 0, 0, 0, 2, 0
63418, 20, 13, 13, 0, 20, 0
68820, 13, 5, 5, 0, 13, 0
69022, 1, 1, 1, 0, 1, 0
74887, 3, 1, 1, 0, 3, 0
78618, 0, 1, 1, 0, 0, 0
27956, 3, 1, 1, 0, 3, 0
27958, 1, 0, 0, 0, 1, 0
28531, 2, 2, 2, 0, 2, 0
28818, 0, 1, 0, 1, 0, 0
27960, 1, 0, 0, 0, 1, 0
27962, 1, 0, 0, 0, 1, 0
27963, 1, 0, 0, 0, 0, 1
27965, 1, 0, 0, 0, 1, 0
27967, 1, 0, 0, 0, 1, 0
75489, 0, 1, 1, 0, 0, 0
75490, 0, 1, 1, 0, 0, 0
75494, 3, 1, 1, 0, 3, 0
75495, 2, 1, 1, 0, 2, 0
75496, 0, 1, 1, 0, 0, 0
75497, 0, 1, 1, 0, 0, 0
27970, 1, 0, 0, 0, 1, 0
27972, 1, 0, 0, 0, 0, 1
27973, 1, 0, 0, 0, 0, 1
27974, 1, 0, 0, 0, 1, 0
27975, 1, 0, 0, 0, 1, 0
27976, 1, 1, 1, 0, 1, 0
87804, 1, 2, 2, 0, 1, 0
37353, 1, 2, 2, 0, 1, 0
70851, 0, 2, 2, 0, 0, 0
77414, 0, 2, 2, 0, 0, 0
87863, 0, 1, 1, 0, 0, 0
87864, 0, 1, 1, 0, 0, 0
87865, 0, 1, 1, 0, 0, 0
87866, 0, 1, 1, 0, 0, 0
87867, 0, 1, 1, 0, 0, 0
27979, 1, 0, 0, 0, 1, 0
27980, 1, 0, 0, 0, 1, 0
27981, 1, 0, 0, 0, 1, 0
27982, 0, 1, 1, 0, 0, 0
27983, 1, 0, 0, 0, 1, 0
27989, 1, 0, 0, 0, 1, 0
27991, 1, 0, 0, 0, 1, 0
27993, 1, 0, 0, 0, 0, 1
27996, 1, 0, 0, 0, 0, 1
27997, 2, 0, 0, 0, 2, 0
49112, 1, 1, 1, 0, 1, 0
27999, 1, 1, 1, 0, 1, 0
28001, 3, 0, 0, 0, 3, 0
28004, 2, 0, 0, 0, 2, 0
28006, 2, 0, 0, 0, 2, 0
28008, 1, 0, 0, 0, 1, 0
28010, 1, 0, 0, 0, 0, 1
28011, 1, 0, 0, 0, 0, 1
31409, 4, 1, 1, 0, 4, 0
33492, 2, 1, 1, 0, 2, 0
33493, 0, 2, 2, 0, 0, 0
35525, 1, 1, 1, 0, 1, 0
88201, 1, 6, 6, 0, 1, 0
89123, 5, 1, 1, 0, 5, 0
91298, 0, 1, 1, 0, 0, 0
91299, 0, 1, 1, 0, 0, 0
91300, 0, 1, 1, 0, 0, 0
91301, 0, 1, 1, 0, 0, 0
91302, 0, 1, 1, 0, 0, 0
91303, 0, 1, 1, 0, 0, 0
91304, 0, 1, 1, 0, 0, 0
28014, 2, 0, 0, 0, 1, 1
28015, 0, 1, 1, 0, 0, 0
28017, 0, 1, 1, 0, 0, 0
28018, 1, 0, 0, 0, 1, 0
64077, 0, 1, 0, 1, 0, 0
28020, 3, 0, 0, 0, 0, 3
28021, 1, 1, 1, 0, 1, 0
33756, 1, 2, 2, 0, 1, 0
98751, 3, 2, 2, 0, 3, 0
28023, 1, 0, 0, 0, 1, 0
28024, 4, 1, 1, 0, 4, 0
37404, 1, 1, 0, 1, 1, 0
68542, 3, 2, 2, 0, 3, 0
83465, 0, 1, 1, 0, 0, 0
105156, 1, 1, 1, 0, 1, 0
28028, 5, 0, 0, 0, 4, 1
28031, 2, 7, 7, 0, 2, 0
28032, 5, 5, 5, 0, 5, 0
29056, 4, 4, 4, 0, 4, 0
28033, 1, 0, 0, 0, 1, 0
28034, 1, 0, 0, 0, 0, 1
28036, 1, 0, 0, 0, 1, 0
28038, 2, 0, 0, 0, 2, 0
28039, 9, 4, 4, 0, 9, 0
28040, 1, 0, 0, 0, 1, 0
28041, 0, 1, 1, 0, 0, 0
28044, 1, 0, 0, 0, 1, 0
28046, 1, 0, 0, 0, 1, 0
28047, 4, 0, 0, 0, 0, 4
28049, 0, 1, 0, 1, 0, 0
28050, 2, 0, 0, 0, 1, 1
28051, 1, 0, 0, 0, 1, 0
28052, 1, 0, 0, 0, 1, 0
59348, 1, 2, 2, 0, 1, 0
28055, 1, 0, 0, 0, 0, 1
28056, 8, 0, 0, 0, 4, 4
28058, 2, 3, 3, 0, 1, 1
44686, 0, 1, 0, 1, 0, 0
85001, 0, 1, 1, 0, 0, 0
28061, 1, 0, 0, 0, 1, 0
28062, 0, 1, 1, 0, 0, 0
28064, 0, 2, 0, 2, 0, 0
28066, 1, 0, 0, 0, 1, 0
57979, 0, 1, 1, 0, 0, 0
28068, 1, 0, 0, 0, 1, 0
28069, 0, 1, 1, 0, 0, 0
28070, 1, 0, 0, 0, 0, 1
28072, 1, 1, 1, 0, 1, 0
28073, 4, 3, 3, 0, 4, 0
46762, 1, 2, 2, 0, 1, 0
28074, 1, 0, 0, 0, 0, 1
28076, 3, 0, 0, 0, 1, 2
28078, 1, 1, 1, 0, 1, 0
28081, 1, 1, 1, 0, 1, 0
28082, 1, 1, 1, 0, 1, 0
28083, 3, 1, 1, 0, 3, 0
28084, 0, 1, 1, 0, 0, 0
28085, 1, 2, 2, 0, 1, 0
28230, 2, 1, 1, 0, 2, 0
28424, 2, 1, 1, 0, 2, 0
28762, 1, 1, 1, 0, 1, 0
28877, 12, 2, 2, 0, 6, 6
29104, 3, 1, 1, 0, 3, 0
30783, 1, 2, 2, 0, 1, 0
36269, 5, 2, 2, 0, 4, 1
43654, 0, 1, 1, 0, 0, 0
43657, 0, 1, 1, 0, 0, 0
43659, 0, 1, 1, 0, 0, 0
43660, 0, 1, 1, 0, 0, 0
43662, 0, 1, 1, 0, 0, 0
43665, 0, 1, 1, 0, 0, 0
43668, 0, 1, 1, 0, 0, 0
43669, 0, 1, 1, 0, 0, 0
43670, 0, 1, 1, 0, 0, 0
43671, 0, 1, 1, 0, 0, 0
28087, 1, 0, 0, 0, 1, 0
28088, 1, 0, 0, 0, 1, 0
28090, 1, 0, 0, 0, 1, 0
28092, 1, 0, 0, 0, 0, 1
28093, 0, 1, 0, 1, 0, 0
28094, 6, 0, 0, 0, 5, 1
28095, 0, 1, 1, 0, 0, 0
28096, 1, 0, 0, 0, 1, 0
28097, 7, 0, 0, 0, 7, 0
28100, 1, 1, 1, 0, 1, 0
28101, 2, 0, 0, 0, 2, 0
28102, 1, 0, 0, 0, 1, 0
28103, 1, 0, 0, 0, 1, 0
28104, 1, 0, 0, 0, 0, 1
28105, 2, 0, 0, 0, 0, 2
28106, 1, 0, 0, 0, 1, 0
28107, 1, 0, 0, 0, 0, 1
54356, 4, 7, 4, 3, 4, 0
54866, 0, 3, 3, 0, 0, 0
55546, 3, 2, 2, 0, 3, 0
57911, 1, 7, 7, 0, 1, 0
64584, 6, 4, 4, 0, 6, 0
73346, 5, 3, 3, 0, 5, 0
74037, 2, 3, 3, 0, 2, 0
74354, 1, 3, 3, 0, 1, 0
75057, 1, 1, 1, 0, 1, 0
75975, 0, 2, 2, 0, 0, 0
76425, 0, 2, 2, 0, 0, 0
76866, 5, 2, 1, 1, 5, 0
76887, 1, 1, 1, 0, 1, 0
77593, 1, 2, 2, 0, 1, 0
78560, 1, 2, 2, 0, 1, 0
80658, 0, 1, 1, 0, 0, 0
80659, 0, 1, 1, 0, 0, 0
80660, 0, 1, 1, 0, 0, 0
80661, 0, 1, 1, 0, 0, 0
28109, 1, 0, 0, 0, 0, 1
28112, 2, 0, 0, 0, 2, 0
28116, 1, 0, 0, 0, 0, 1
28118, 1, 0, 0, 0, 1, 0
94293, 2, 1, 1, 0, 2, 0
28120, 1, 0, 0, 0, 1, 0
35395, 0, 1, 1, 0, 0, 0
28138, 1, 0, 0, 0, 1, 0
28139, 2, 3, 3, 0, 2, 0
29493, 2, 2, 2, 0, 1, 1
35841, 2, 2, 2, 0, 2, 0
28140, 4, 0, 0, 0, 3, 1
28141, 1, 0, 0, 0, 1, 0
36419, 3, 2, 1, 1, 3, 0
61021, 3, 5, 5, 0, 3, 0
65848, 1, 1, 1, 0, 1, 0
70392, 0, 1, 1, 0, 0, 0
28144, 2, 0, 0, 0, 1, 1
28146, 1, 1, 0, 1, 0, 1
28148, 1, 0, 0, 0, 1, 0
28151, 1, 0, 0, 0, 1, 0
45220, 0, 1, 1, 0, 0, 0
103394, 0, 1, 1, 0, 0, 0
35390, 0, 1, 1, 0, 0, 0
28155, 1, 0, 0, 0, 0, 1
66687, 1, 1, 1, 0, 1, 0
28158, 2, 0, 0, 0, 2, 0
28159, 1, 0, 0, 0, 0, 1
28160, 0, 2, 1, 1, 0, 0
28161, 2, 0, 0, 0, 2, 0
28162, 1, 0, 0, 0, 1, 0
28163, 1, 1, 1, 0, 1, 0
28164, 5, 2, 2, 0, 5, 0
28165, 1, 1, 1, 0, 1, 0
28167, 1, 0, 0, 0, 1, 0
28168, 1, 0, 0, 0, 0, 1
28170, 2, 1, 1, 0, 2, 0
28171, 1, 3, 2, 1, 1, 0
28172, 1, 0, 0, 0, 1, 0
28173, 0, 1, 1, 0, 0, 0
28174, 1, 0, 0, 0, 0, 1
28175, 1, 0, 0, 0, 0, 1
28176, 1, 2, 1, 1, 1, 0
28177, 2, 3, 3, 0, 2, 0
28179, 1, 0, 0, 0, 1, 0
28181, 1, 0, 0, 0, 1, 0
28183, 1, 0, 0, 0, 0, 1
28184, 0, 1, 0, 1, 0, 0
28185, 1, 0, 0, 0, 0, 1
28186, 1, 0, 0, 0, 0, 1
28187, 1, 0, 0, 0, 0, 1
28188, 19, 0, 0, 0, 0, 19
28195, 0, 2, 0, 2, 0, 0
28199, 0, 1, 0, 1, 0, 0
28201, 0, 1, 0, 1, 0, 0
28202, 0, 1, 0, 1, 0, 0
28203, 0, 1, 0, 1, 0, 0
28205, 0, 1, 0, 1, 0, 0
28209, 1, 0, 0, 0, 1, 0
28210, 1, 0, 0, 0, 1, 0
28211, 1, 0, 0, 0, 1, 0
28221, 1, 0, 0, 0, 1, 0
28222, 1, 0, 0, 0, 0, 1
28223, 0, 1, 0, 1, 0, 0
28224, 1, 0, 0, 0, 1, 0
90356, 0, 1, 1, 0, 0, 0
90357, 0, 1, 1, 0, 0, 0
90358, 0, 1, 1, 0, 0, 0
28226, 1, 0, 0, 0, 0, 1
28231, 1, 0, 0, 0, 1, 0
31718, 1, 1, 1, 0, 1, 0
28235, 3, 0, 0, 0, 3, 0
87719, 0, 1, 1, 0, 0, 0
87720, 0, 1, 1, 0, 0, 0
87721, 0, 1, 1, 0, 0, 0
87722, 0, 1, 1, 0, 0, 0
87723, 0, 1, 1, 0, 0, 0
28237, 1, 0, 0, 0, 0, 1
63475, 6, 5, 5, 0, 6, 0
69099, 1, 3, 3, 0, 1, 0
71899, 3, 3, 3, 0, 3, 0
75596, 0, 1, 1, 0, 0, 0
75597, 1, 1, 1, 0, 1, 0
28243, 2, 2, 2, 0, 2, 0
28244, 1, 1, 1, 0, 1, 0
28245, 2, 0, 0, 0, 1, 1
42468, 11, 5, 5, 0, 11, 0
28248, 1, 0, 0, 0, 0, 1
28249, 2, 3, 2, 1, 2, 0
28250, 1, 1, 1, 0, 1, 0
55584, 1, 1, 1, 0, 0, 1
69734, 0, 1, 1, 0, 0, 0
69735, 0, 1, 1, 0, 0, 0
69736, 1, 1, 1, 0, 1, 0
28259, 1, 0, 0, 0, 1, 0
28261, 1, 0, 0, 0, 1, 0
28262, 1, 0, 0, 0, 1, 0
28263, 1, 0, 0, 0, 1, 0
28264, 0, 2, 2, 0, 0, 0
28265, 1, 0, 0, 0, 1, 0
28266, 1, 0, 0, 0, 1, 0
28267, 1, 0, 0, 0, 1, 0
28268, 1, 0, 0, 0, 1, 0
28269, 1, 0, 0, 0, 1, 0
28270, 0, 1, 1, 0, 0, 0
28271, 1, 0, 0, 0, 1, 0
28272, 1, 0, 0, 0, 1, 0
28273, 0, 3, 3, 0, 0, 0
48405, 2, 1, 1, 0, 2, 0
61731, 3, 2, 2, 0, 2, 1
61732, 6, 2, 2, 0, 3, 3
28282, 1, 0, 0, 0, 1, 0
74732, 3, 1, 1, 0, 3, 0
79720, 3, 2, 2, 0, 3, 0
28284, 1, 0, 0, 0, 1, 0
38639, 2, 1, 1, 0, 2, 0
40153, 1, 2, 2, 0, 1, 0
44668, 1, 1, 1, 0, 1, 0
71726, 6, 3, 3, 0, 4, 2
28289, 1, 0, 0, 0, 0, 1
28291, 1, 0, 0, 0, 0, 1
28292, 1, 0, 0, 0, 0, 1
28293, 2, 0, 0, 0, 1, 1
41206, 2, 2, 1, 1, 1, 1
83835, 0, 2, 2, 0, 0, 0
83836, 0, 1, 1, 0, 0, 0
83837, 0, 1, 0, 1, 0, 0
83838, 0, 1, 1, 0, 0, 0
111677, 0, 1, 0, 1, 0, 0
112350, 0, 1, 0, 1, 0, 0
43636, 0, 5, 5, 0, 0, 0
28312, 1, 0, 0, 0, 1, 0
28313, 2, 2, 2, 0, 1, 1
28314, 2, 0, 0, 0, 2, 0
28315, 1, 0, 0, 0, 1, 0
28317, 5, 0, 0, 0, 4, 1
61323, 3, 2, 2, 0, 3, 0
28319, 1, 0, 0, 0, 0, 1
28320, 3, 1, 1, 0, 3, 0
28322, 1, 0, 0, 0, 1, 0
28325, 1, 0, 0, 0, 1, 0
36566, 1, 2, 2, 0, 1, 0
39587, 9, 2, 1, 1, 9, 0
43347, 0, 2, 2, 0, 0, 0
47255, 2, 1, 1, 0, 1, 1
72923, 4, 3, 3, 0, 4, 0
33827, 1, 1, 1, 0, 1, 0
28332, 1, 0, 0, 0, 1, 0
28334, 1, 0, 0, 0, 0, 1
28336, 2, 1, 1, 0, 1, 1
28337, 1, 0, 0, 0, 1, 0
28338, 1, 1, 1, 0, 0, 1
28341, 3, 0, 0, 0, 3, 0
28342, 2, 3, 3, 0, 2, 0
64158, 1, 1, 1, 0, 1, 0
67012, 4, 2, 2, 0, 4, 0
67014, 0, 3, 3, 0, 0, 0
67466, 4, 2, 2, 0, 4, 0
67467, 1, 3, 3, 0, 1, 0
67468, 0, 1, 1, 0, 0, 0
67469, 0, 1, 1, 0, 0, 0
67470, 0, 1, 1, 0, 0, 0
29588, 2, 2, 1, 1, 2, 0
34533, 1, 1, 1, 0, 1, 0
34939, 3, 1, 1, 0, 3, 0
35091, 7, 2, 2, 0, 7, 0
43920, 0, 2, 2, 0, 0, 0
44455, 3, 1, 1, 0, 3, 0
52501, 9, 4, 4, 0, 6, 3
52906, 1, 2, 2, 0, 1, 0
54093, 1, 3, 2, 1, 1, 0
56898, 2, 2, 2, 0, 2, 0
66831, 4, 2, 2, 0, 4, 0
78545, 5, 2, 2, 0, 4, 1
80609, 0, 1, 1, 0, 0, 0
80610, 0, 1, 1, 0, 0, 0
80611, 0, 1, 1, 0, 0, 0
28349, 1, 0, 0, 0, 0, 1
28350, 4, 0, 0, 0, 4, 0
28352, 1, 0, 0, 0, 1, 0
28354, 1, 1, 1, 0, 1, 0
28355, 1, 0, 0, 0, 1, 0
28356, 1, 0, 0, 0, 1, 0
28358, 2, 1, 1, 0, 2, 0
28359, 3, 3, 3, 0, 3, 0
76914, 1, 3, 3, 0, 1, 0
90326, 2, 3, 3, 0, 2, 0
76073, 1, 1, 1, 0, 1, 0
88411, 6, 3, 3, 0, 6, 0
90707, 1, 1, 1, 0, 1, 0
90795, 1, 1, 1, 0, 1, 0
90925, 0, 1, 1, 0, 0, 0
90926, 0, 1, 1, 0, 0, 0
90927, 0, 1, 1, 0, 0, 0
90928, 0, 1, 1, 0, 0, 0
90929, 0, 1, 1, 0, 0, 0
90930, 0, 1, 1, 0, 0, 0
28361, 1, 1, 1, 0, 1, 0
28962, 2, 1, 1, 0, 2, 0
28363, 1, 0, 0, 0, 0, 1
110671, 0, 1, 0, 1, 0, 0
28368, 2, 0, 0, 0, 2, 0
28369, 1, 0, 0, 0, 1, 0
28370, 1, 0, 0, 0, 1, 0
28371, 1, 0, 0, 0, 1, 0
28374, 1, 0, 0, 0, 1, 0
28376, 9, 1, 0, 1, 5, 4
37520, 14, 2, 2, 0, 7, 7
28377, 1, 0, 0, 0, 0, 1
28378, 1, 0, 0, 0, 0, 1
28379, 0, 1, 0, 1, 0, 0
28380, 1, 1, 1, 0, 1, 0
28381, 6, 4, 4, 0, 6, 0
29288, 3, 2, 2, 0, 3, 0
28382, 1, 0, 0, 0, 1, 0
28383, 2, 1, 1, 0, 0, 2
28673, 2, 3, 2, 1, 2, 0
28384, 1, 1, 1, 0, 1, 0
28385, 3, 0, 0, 0, 3, 0
28387, 1, 2, 1, 1, 1, 0
28389, 2, 0, 0, 0, 2, 0
28390, 0, 1, 1, 0, 0, 0
28391, 1, 0, 0, 0, 1, 0
28392, 2, 0, 0, 0, 2, 0
28395, 1, 0, 0, 0, 1, 0
28396, 1, 0, 0, 0, 1, 0
28397, 1, 1, 1, 0, 0, 1
28398, 5, 0, 0, 0, 5, 0
28400, 1, 0, 0, 0, 0, 1
28401, 1, 0, 0, 0, 1, 0
59994, 1, 3, 3, 0, 1, 0
68089, 4, 1, 1, 0, 4, 0
28405, 3, 0, 0, 0, 1, 2
28406, 1, 1, 1, 0, 0, 1
28407, 0, 3, 0, 3, 0, 0
28408, 1, 0, 0, 0, 1, 0
28409, 0, 1, 1, 0, 0, 0
28410, 3, 0, 0, 0, 3, 0
28411, 0, 1, 1, 0, 0, 0
85825, 0, 1, 1, 0, 0, 0
39118, 0, 1, 1, 0, 0, 0
32620, 1, 1, 1, 0, 1, 0
33221, 1, 1, 1, 0, 1, 0
33266, 1, 1, 1, 0, 1, 0
33267, 1, 1, 1, 0, 1, 0
34722, 2, 1, 1, 0, 1, 1
34723, 1, 1, 1, 0, 1, 0
34724, 0, 1, 1, 0, 0, 0
34725, 0, 1, 1, 0, 0, 0
37739, 1, 1, 1, 0, 1, 0
91710, 0, 1, 0, 1, 0, 0
91711, 0, 1, 1, 0, 0, 0
91712, 0, 1, 0, 1, 0, 0
28425, 1, 0, 0, 0, 1, 0
28426, 0, 1, 1, 0, 0, 0
28428, 1, 0, 0, 0, 1, 0
28429, 1, 0, 0, 0, 0, 1
28430, 1, 0, 0, 0, 0, 1
28431, 1, 0, 0, 0, 1, 0
28432, 1, 0, 0, 0, 1, 0
28433, 10, 0, 0, 0, 5, 5
28434, 0, 3, 2, 1, 0, 0
62581, 0, 1, 1, 0, 0, 0
28437, 1, 0, 0, 0, 1, 0
28873, 1, 3, 3, 0, 1, 0
107229, 1, 2, 2, 0, 1, 0
37019, 2, 2, 2, 0, 2, 0
39718, 1, 3, 3, 0, 1, 0
43673, 0, 2, 2, 0, 0, 0
50517, 3, 2, 2, 0, 2, 1
56207, 5, 2, 2, 0, 5, 0
58708, 4, 3, 3, 0, 4, 0
64605, 1, 1, 1, 0, 1, 0
64606, 0, 2, 2, 0, 0, 0
64607, 0, 1, 0, 1, 0, 0
64608, 0, 1, 0, 1, 0, 0
64610, 0, 1, 1, 0, 0, 0
64611, 0, 1, 1, 0, 0, 0
64612, 0, 1, 1, 0, 0, 0
64613, 0, 1, 1, 0, 0, 0
64614, 0, 1, 1, 0, 0, 0
64615, 0, 1, 0, 1, 0, 0
64616, 0, 1, 1, 0, 0, 0
64617, 0, 1, 1, 0, 0, 0
64618, 0, 1, 1, 0, 0, 0
64619, 0, 1, 0, 1, 0, 0
28442, 1, 0, 0, 0, 1, 0
28443, 1, 0, 0, 0, 1, 0
28444, 2, 1, 1, 0, 2, 0
28445, 1, 0, 0, 0, 1, 0
28446, 0, 1, 1, 0, 0, 0
28447, 3, 1, 1, 0, 3, 0
28448, 2, 0, 0, 0, 2, 0
28449, 5, 0, 0, 0, 5, 0
28451, 1, 0, 0, 0, 1, 0
46259, 0, 1, 1, 0, 0, 0
28453, 1, 0, 0, 0, 1, 0
28454, 0, 1, 1, 0, 0, 0
28455, 3, 0, 0, 0, 2, 1
100745, 0, 1, 1, 0, 0, 0
28468, 1, 0, 0, 0, 1, 0
28469, 1, 0, 0, 0, 1, 0
28470, 1, 0, 0, 0, 1, 0
28472, 1, 0, 0, 0, 1, 0
59083, 2, 5, 5, 0, 2, 0
87000, 5, 3, 3, 0, 5, 0
89989, 1, 1, 1, 0, 1, 0
97103, 0, 1, 1, 0, 0, 0
28477, 1, 1, 0, 1, 0, 1
37817, 3, 1, 0, 1, 2, 1
37818, 0, 1, 0, 1, 0, 0
28481, 1, 0, 0, 0, 0, 1
103356, 2, 1, 1, 0, 1, 1
31516, 0, 1, 1, 0, 0, 0
91142, 1, 1, 1, 0, 1, 0
28491, 1, 0, 0, 0, 1, 0
28492, 1, 1, 1, 0, 1, 0
28493, 1, 0, 0, 0, 0, 1
89957, 1, 2, 2, 0, 1, 0
90052, 3, 1, 1, 0, 3, 0
90056, 0, 1, 1, 0, 0, 0
90057, 0, 1, 1, 0, 0, 0
28495, 4, 0, 0, 0, 4, 0
116948, 1, 1, 1, 0, 1, 0
28498, 1, 0, 0, 0, 1, 0
28500, 1, 0, 0, 0, 1, 0
31696, 1, 1, 1, 0, 1, 0
39312, 5, 3, 3, 0, 5, 0
43103, 7, 8, 7, 1, 7, 0
47800, 5, 5, 5, 0, 5, 0
47801, 7, 7, 7, 0, 7, 0
49758, 1, 2, 2, 0, 1, 0
56377, 2, 1, 1, 0, 2, 0
60316, 0, 1, 1, 0, 0, 0
79146, 1, 1, 1, 0, 0, 1
28506, 1, 0, 0, 0, 1, 0
28507, 1, 0, 0, 0, 1, 0
28508, 1, 0, 0, 0, 1, 0
28509, 1, 0, 0, 0, 1, 0
28510, 1, 0, 0, 0, 1, 0
28512, 1, 0, 0, 0, 1, 0
61429, 0, 2, 2, 0, 0, 0
61430, 0, 1, 1, 0, 0, 0
28514, 3, 1, 1, 0, 3, 0
28516, 0, 1, 1, 0, 0, 0
28517, 1, 1, 1, 0, 1, 0
28518, 1, 0, 0, 0, 1, 0
28521, 1, 0, 0, 0, 1, 0
28522, 1, 1, 1, 0, 0, 1
29532, 1, 1, 1, 0, 1, 0
67990, 3, 2, 2, 0, 3, 0
85756, 0, 1, 1, 0, 0, 0
28527, 1, 1, 1, 0, 1, 0
28530, 1, 0, 0, 0, 1, 0
28532, 2, 1, 1, 0, 2, 0
28535, 3, 0, 0, 0, 3, 0
36732, 9, 1, 1, 0, 9, 0
44820, 5, 4, 4, 0, 5, 0
28538, 5, 1, 1, 0, 5, 0
28540, 5, 4, 2, 2, 5, 0
28541, 0, 1, 1, 0, 0, 0
28542, 0, 1, 1, 0, 0, 0
28544, 1, 0, 0, 0, 1, 0
28546, 2, 1, 0, 1, 1, 1
28547, 0, 1, 0, 1, 0, 0
28548, 1, 0, 0, 0, 0, 1
28550, 2, 1, 0, 1, 2, 0
28552, 1, 0, 0, 0, 1, 0
28553, 1, 0, 0, 0, 1, 0
28554, 2, 0, 0, 0, 2, 0
36675, 0, 1, 1, 0, 0, 0
88449, 0, 1, 1, 0, 0, 0
28563, 1, 0, 0, 0, 0, 1
28564, 1, 0, 0, 0, 1, 0
28565, 1, 0, 0, 0, 1, 0
28566, 0, 4, 4, 0, 0, 0
28567, 1, 1, 1, 0, 1, 0
28767, 4, 1, 1, 0, 4, 0
29028, 0, 2, 2, 0, 0, 0
29029, 0, 1, 1, 0, 0, 0
29034, 0, 1, 1, 0, 0, 0
29035, 0, 1, 1, 0, 0, 0
69170, 3, 1, 1, 0, 3, 0
129518, 0, 1, 1, 0, 0, 0
28570, 1, 1, 1, 0, 0, 1
28575, 2, 0, 0, 0, 2, 0
28576, 1, 0, 0, 0, 1, 0
28578, 1, 0, 0, 0, 1, 0
28579, 3, 5, 5, 0, 3, 0
41597, 1, 1, 1, 0, 1, 0
41631, 1, 1, 1, 0, 1, 0
41710, 1, 1, 1, 0, 1, 0
28581, 1, 0, 0, 0, 1, 0
28587, 0, 1, 1, 0, 0, 0
28714, 0, 2, 1, 1, 0, 0
28588, 1, 0, 0, 0, 1, 0
28590, 1, 0, 0, 0, 1, 0
28593, 1, 0, 0, 0, 1, 0
28594, 2, 0, 0, 0, 1, 1
28595, 0, 1, 1, 0, 0, 0
28596, 1, 0, 0, 0, 0, 1
28598, 1, 0, 0, 0, 1, 0
28599, 1, 0, 0, 0, 0, 1
28600, 1, 2, 1, 1, 0, 1
28602, 1, 2, 2, 0, 1, 0
28605, 3, 2, 2, 0, 3, 0
30419, 4, 4, 4, 0, 4, 0
28606, 1, 0, 0, 0, 1, 0
28607, 1, 0, 0, 0, 1, 0
67409, 3, 3, 3, 0, 3, 0
76520, 0, 1, 1, 0, 0, 0
76521, 0, 1, 1, 0, 0, 0
28612, 1, 0, 0, 0, 0, 1
28613, 2, 2, 0, 2, 2, 0
28614, 1, 0, 0, 0, 1, 0
28616, 1, 0, 0, 0, 1, 0
28617, 1, 0, 0, 0, 1, 0
28619, 14, 0, 0, 0, 14, 0
28620, 1, 0, 0, 0, 1, 0
28621, 1, 2, 2, 0, 0, 1
28622, 4, 0, 0, 0, 4, 0
28623, 1, 0, 0, 0, 1, 0
28624, 1, 0, 0, 0, 0, 1
28626, 1, 0, 0, 0, 0, 1
28627, 1, 0, 0, 0, 1, 0
28628, 1, 0, 0, 0, 1, 0
28629, 1, 0, 0, 0, 1, 0
28630, 1, 0, 0, 0, 0, 1
28631, 1, 3, 0, 3, 1, 0
28632, 1, 0, 0, 0, 1, 0
28633, 1, 0, 0, 0, 1, 0
28634, 1, 0, 0, 0, 1, 0
28635, 1, 0, 0, 0, 1, 0
28636, 1, 0, 0, 0, 1, 0
28639, 2, 0, 0, 0, 0, 2
28642, 1, 1, 1, 0, 1, 0
28645, 1, 0, 0, 0, 0, 1
28646, 1, 1, 1, 0, 1, 0
28647, 3, 0, 0, 0, 3, 0
64187, 3, 2, 2, 0, 2, 1
80518, 1, 1, 1, 0, 0, 1
85887, 0, 1, 1, 0, 0, 0
85888, 0, 1, 1, 0, 0, 0
50299, 0, 3, 3, 0, 0, 0
50300, 0, 1, 1, 0, 0, 0
28655, 0, 1, 1, 0, 0, 0
28656, 1, 0, 0, 0, 1, 0
28657, 1, 0, 0, 0, 0, 1
28659, 1, 0, 0, 0, 1, 0
60672, 0, 2, 1, 1, 0, 0
66049, 1, 1, 1, 0, 1, 0
28661, 1, 0, 0, 0, 1, 0
59392, 1, 1, 1, 0, 1, 0
97691, 1, 1, 1, 0, 1, 0
82992, 0, 1, 1, 0, 0, 0
60037, 2, 7, 7, 0, 2, 0
28669, 1, 0, 0, 0, 1, 0
28670, 2, 0, 0, 0, 1, 1
28671, 1, 0, 0, 0, 0, 1
51650, 2, 2, 2, 0, 2, 0
54777, 1, 1, 1, 0, 1, 0
55730, 2, 3, 2, 1, 2, 0
62309, 8, 8, 7, 1, 8, 0
65422, 2, 1, 1, 0, 2, 0
38039, 2, 1, 1, 0, 2, 0
93327, 1, 1, 1, 0, 1, 0
50195, 4, 1, 1, 0, 4, 0
50199, 2, 1, 1, 0, 2, 0
122311, 1, 1, 1, 0, 1, 0
28681, 1, 0, 0, 0, 1, 0
28682, 2, 0, 0, 0, 2, 0
28684, 1, 0, 0, 0, 1, 0
28685, 2, 1, 1, 0, 2, 0
28686, 1, 0, 0, 0, 1, 0
28687, 1, 2, 2, 0, 1, 0
28688, 1, 0, 0, 0, 1, 0
59229, 0, 2, 2, 0, 0, 0
63091, 0, 3, 3, 0, 0, 0
63759, 1, 1, 1, 0, 1, 0
67050, 0, 6, 6, 0, 0, 0
70387, 2, 2, 2, 0, 2, 0
70848, 1, 1, 1, 0, 1, 0
70872, 0, 1, 1, 0, 0, 0
70873, 0, 1, 1, 0, 0, 0
70874, 0, 1, 1, 0, 0, 0
28690, 2, 0, 0, 0, 1, 1
28692, 1, 0, 0, 0, 1, 0
28694, 1, 0, 0, 0, 1, 0
28695, 1, 0, 0, 0, 1, 0
28696, 0, 2, 2, 0, 0, 0
28697, 1, 0, 0, 0, 1, 0
28699, 1, 0, 0, 0, 1, 0
28700, 1, 0, 0, 0, 0, 1
28702, 1, 0, 0, 0, 1, 0
28706, 0, 1, 1, 0, 0, 0
32297, 4, 2, 2, 0, 4, 0
37054, 5, 2, 1, 1, 3, 2
43569, 3, 1, 0, 1, 1, 2
60058, 3, 4, 3, 1, 3, 0
81021, 1, 1, 0, 1, 1, 0
91572, 0, 1, 0, 1, 0, 0
91573, 0, 1, 0, 1, 0, 0
91575, 0, 1, 0, 1, 0, 0
28712, 1, 0, 0, 0, 1, 0
28715, 1, 0, 0, 0, 1, 0
28716, 3, 0, 0, 0, 2, 1
28717, 0, 1, 0, 1, 0, 0
28718, 5, 1, 1, 0, 5, 0
28719, 1, 0, 0, 0, 1, 0
28720, 1, 0, 0, 0, 1, 0
28721, 1, 1, 1, 0, 1, 0
28722, 1, 1, 1, 0, 1, 0
28723, 1, 0, 0, 0, 1, 0
28724, 1, 0, 0, 0, 1, 0
28725, 1, 0, 0, 0, 1, 0
28726, 1, 0, 0, 0, 0, 1
81705, 0, 1, 1, 0, 0, 0
112689, 0, 1, 0, 1, 0, 0
53766, 1, 2, 0, 2, 1, 0
77489, 3, 1, 1, 0, 3, 0
85533, 0, 1, 0, 1, 0, 0
85534, 0, 1, 0, 1, 0, 0
85535, 0, 1, 0, 1, 0, 0
85536, 0, 1, 0, 1, 0, 0
85537, 0, 1, 0, 1, 0, 0
85538, 0, 1, 0, 1, 0, 0
28733, 1, 1, 1, 0, 1, 0
28734, 1, 1, 1, 0, 1, 0
28735, 2, 0, 0, 0, 2, 0
28736, 3, 4, 4, 0, 3, 0
28738, 2, 0, 0, 0, 2, 0
28739, 2, 0, 0, 0, 0, 2
28740, 0, 1, 0, 1, 0, 0
28741, 1, 0, 0, 0, 1, 0
31030, 0, 1, 1, 0, 0, 0
31031, 2, 1, 0, 1, 2, 0
28744, 1, 0, 0, 0, 0, 1
28745, 1, 0, 0, 0, 0, 1
63114, 2, 4, 4, 0, 2, 0
89803, 1, 2, 2, 0, 0, 1
28747, 1, 0, 0, 0, 1, 0
50732, 5, 4, 4, 0, 5, 0
57999, 5, 2, 2, 0, 5, 0
60016, 0, 2, 2, 0, 0, 0
63226, 2, 1, 1, 0, 2, 0
64210, 0, 2, 2, 0, 0, 0
64213, 0, 1, 1, 0, 0, 0
28752, 1, 0, 0, 0, 1, 0
86100, 0, 1, 1, 0, 0, 0
28755, 1, 0, 0, 0, 1, 0
28758, 1, 0, 0, 0, 1, 0
55091, 2, 1, 1, 0, 2, 0
28760, 1, 0, 0, 0, 1, 0
28761, 35, 0, 0, 0, 35, 0
28763, 1, 0, 0, 0, 1, 0
28764, 1, 0, 0, 0, 1, 0
28765, 1, 0, 0, 0, 1, 0
28768, 1, 3, 3, 0, 1, 0
28769, 2, 1, 1, 0, 2, 0
28770, 1, 0, 0, 0, 1, 0
28771, 0, 1, 1, 0, 0, 0
28774, 1, 0, 0, 0, 0, 1
78617, 0, 1, 1, 0, 0, 0
115887, 0, 1, 1, 0, 0, 0
73901, 0, 1, 0, 1, 0, 0
115353, 1, 1, 1, 0, 1, 0
28813, 0, 1, 1, 0, 0, 0
28782, 1, 0, 0, 0, 1, 0
28790, 1, 0, 0, 0, 1, 0
79271, 2, 2, 2, 0, 2, 0
84770, 0, 1, 1, 0, 0, 0
51425, 1, 1, 1, 0, 1, 0
71280, 0, 1, 0, 1, 0, 0
28796, 1, 0, 0, 0, 0, 1
28799, 1, 0, 0, 0, 1, 0
28801, 4, 0, 0, 0, 4, 0
28804, 1, 0, 0, 0, 1, 0
28805, 1, 0, 0, 0, 1, 0
28806, 1, 0, 0, 0, 1, 0
28807, 1, 0, 0, 0, 1, 0
28809, 1, 0, 0, 0, 1, 0
28810, 1, 0, 0, 0, 1, 0
28811, 1, 1, 1, 0, 1, 0
28812, 1, 0, 0, 0, 1, 0
28814, 1, 0, 0, 0, 1, 0
28815, 1, 0, 0, 0, 0, 1
28816, 1, 0, 0, 0, 0, 1
28817, 0, 2, 1, 1, 0, 0
28819, 1, 0, 0, 0, 1, 0
28820, 1, 0, 0, 0, 1, 0
28822, 1, 0, 0, 0, 1, 0
28823, 1, 0, 0, 0, 1, 0
28824, 0, 1, 1, 0, 0, 0
28826, 3, 1, 1, 0, 3, 0
28828, 4, 1, 1, 0, 4, 0
28829, 1, 0, 0, 0, 1, 0
28830, 4, 0, 0, 0, 4, 0
31606, 2, 1, 1, 0, 2, 0
40878, 1, 1, 1, 0, 1, 0
28833, 1, 0, 0, 0, 1, 0
28836, 0, 1, 0, 1, 0, 0
68118, 1, 1, 1, 0, 1, 0
69239, 1, 2, 2, 0, 1, 0
73385, 8, 7, 7, 0, 8, 0
75691, 1, 1, 1, 0, 1, 0
75862, 0, 1, 1, 0, 0, 0
28837, 1, 1, 1, 0, 1, 0
28838, 2, 1, 1, 0, 2, 0
28841, 1, 0, 0, 0, 0, 1
28845, 1, 0, 0, 0, 1, 0
28847, 1, 0, 0, 0, 0, 1
41366, 0, 2, 2, 0, 0, 0
41367, 0, 2, 2, 0, 0, 0
28851, 1, 0, 0, 0, 1, 0
28852, 1, 0, 0, 0, 1, 0
28853, 1, 0, 0, 0, 1, 0
28854, 1, 1, 1, 0, 1, 0
28856, 1, 1, 1, 0, 1, 0
103920, 0, 1, 1, 0, 0, 0
28859, 6, 1, 0, 1, 0, 6
40822, 1, 2, 1, 1, 1, 0
42364, 1, 3, 1, 2, 1, 0
48968, 1, 2, 1, 1, 1, 0
93088, 0, 1, 0, 1, 0, 0
93089, 0, 1, 0, 1, 0, 0
93090, 0, 1, 0, 1, 0, 0
93091, 0, 1, 0, 1, 0, 0
93092, 0, 1, 0, 1, 0, 0
93093, 0, 1, 0, 1, 0, 0
93094, 0, 1, 0, 1, 0, 0
93095, 0, 1, 0, 1, 0, 0
102817, 0, 2, 1, 1, 0, 0
84652, 0, 1, 1, 0, 0, 0
28862, 1, 0, 0, 0, 1, 0
28865, 1, 0, 0, 0, 1, 0
28866, 1, 0, 0, 0, 0, 1
33552, 0, 4, 3, 1, 0, 0
28870, 1, 0, 0, 0, 1, 0
28872, 2, 0, 0, 0, 2, 0
28874, 1, 0, 0, 0, 0, 1
28880, 0, 1, 0, 1, 0, 0
28881, 0, 3, 3, 0, 0, 0
28882, 0, 1, 1, 0, 0, 0
28883, 0, 3, 3, 0, 0, 0
28885, 0, 1, 0, 1, 0, 0
29025, 0, 2, 1, 1, 0, 0
55444, 10, 2, 0, 2, 6, 4
59246, 1, 1, 1, 0, 1, 0
67387, 3, 3, 3, 0, 3, 0
68024, 1, 1, 1, 0, 1, 0
69211, 4, 4, 3, 1, 4, 0
73206, 1, 1, 1, 0, 1, 0
73681, 0, 1, 1, 0, 0, 0
73682, 0, 1, 1, 0, 0, 0
28886, 1, 0, 0, 0, 1, 0
28887, 1, 0, 0, 0, 1, 0
70983, 4, 2, 2, 0, 4, 0
73813, 0, 1, 1, 0, 0, 0
28889, 1, 0, 0, 0, 1, 0
104977, 1, 1, 1, 0, 1, 0
28892, 1, 0, 0, 0, 1, 0
28893, 0, 1, 1, 0, 0, 0
28894, 2, 0, 0, 0, 2, 0
28895, 1, 0, 0, 0, 1, 0
28896, 1, 0, 0, 0, 1, 0
28897, 1, 1, 1, 0, 1, 0
28898, 6, 4, 4, 0, 4, 2
86192, 2, 1, 1, 0, 1, 1
122062, 0, 3, 2, 1, 0, 0
28899, 3, 0, 0, 0, 3, 0
28900, 1, 0, 0, 0, 1, 0
28901, 5, 0, 0, 0, 5, 0
28905, 1, 1, 1, 0, 1, 0
73469, 10, 5, 5, 0, 10, 0
120034, 0, 2, 2, 0, 0, 0
28908, 3, 0, 0, 0, 3, 0
28909, 2, 21, 21, 0, 2, 0
28910, 2, 21, 21, 0, 2, 0
28914, 1, 0, 0, 0, 1, 0
28917, 0, 1, 1, 0, 0, 0
28920, 1, 0, 0, 0, 1, 0
28921, 3, 2, 2, 0, 3, 0
30276, 0, 1, 1, 0, 0, 0
30277, 0, 1, 1, 0, 0, 0
28922, 1, 0, 0, 0, 1, 0
28924, 1, 0, 0, 0, 1, 0
28925, 1, 0, 0, 0, 1, 0
28928, 0, 2, 1, 1, 0, 0
28929, 0, 1, 0, 1, 0, 0
28932, 1, 0, 0, 0, 1, 0
28934, 2, 0, 0, 0, 2, 0
28935, 1, 1, 1, 0, 1, 0
28936, 1, 0, 0, 0, 1, 0
95331, 3, 8, 6, 2, 3, 0
96149, 1, 1, 1, 0, 1, 0
99181, 8, 2, 2, 0, 0, 8
104164, 0, 1, 0, 1, 0, 0
114952, 0, 1, 1, 0, 0, 0
115940, 0, 2, 2, 0, 0, 0
121948, 0, 1, 1, 0, 0, 0
28940, 3, 0, 0, 0, 3, 0
28941, 5, 0, 0, 0, 5, 0
28942, 0, 2, 1, 1, 0, 0
28944, 0, 1, 1, 0, 0, 0
28946, 1, 0, 0, 0, 1, 0
28947, 1, 0, 0, 0, 0, 1
28948, 1, 0, 0, 0, 0, 1
28949, 1, 0, 0, 0, 1, 0
28950, 0, 1, 1, 0, 0, 0
28951, 2, 0, 0, 0, 2, 0
28960, 1, 0, 0, 0, 0, 1
76393, 1, 1, 1, 0, 1, 0
80408, 1, 1, 1, 0, 1, 0
28963, 1, 0, 0, 0, 1, 0
28964, 1, 0, 0, 0, 1, 0
28965, 5, 6, 6, 0, 5, 0
69160, 1, 1, 1, 0, 1, 0
28978, 1, 0, 0, 0, 1, 0
28979, 0, 1, 1, 0, 0, 0
71076, 0, 2, 2, 0, 0, 0
30439, 6, 7, 7, 0, 6, 0
50013, 4, 2, 2, 0, 4, 0
68396, 3, 2, 2, 0, 2, 1
81830, 1, 1, 1, 0, 1, 0
28986, 1, 0, 0, 0, 1, 0
80215, 1, 1, 1, 0, 1, 0
28991, 1, 0, 0, 0, 1, 0
28994, 2, 0, 0, 0, 2, 0
28995, 1, 0, 0, 0, 0, 1
28996, 0, 1, 0, 1, 0, 0
28997, 1, 0, 0, 0, 1, 0
29000, 1, 0, 0, 0, 1, 0
29002, 2, 6, 6, 0, 2, 0
76873, 0, 1, 1, 0, 0, 0
29003, 3, 0, 0, 0, 3, 0
29004, 3, 0, 0, 0, 3, 0
87718, 4, 1, 1, 0, 4, 0
29006, 1, 0, 0, 0, 1, 0
29007, 2, 1, 1, 0, 2, 0
29121, 0, 2, 2, 0, 0, 0
29122, 0, 2, 1, 1, 0, 0
29010, 1, 1, 1, 0, 1, 0
43451, 0, 1, 1, 0, 0, 0
29012, 1, 1, 0, 1, 0, 1
29013, 1, 0, 0, 0, 1, 0
29014, 2, 0, 0, 0, 1, 1
29016, 1, 0, 0, 0, 1, 0
29017, 3, 1, 1, 0, 3, 0
29021, 1, 0, 0, 0, 1, 0
29022, 1, 1, 1, 0, 1, 0
29023, 1, 1, 1, 0, 1, 0
29024, 1, 0, 0, 0, 1, 0
29026, 1, 0, 0, 0, 0, 1
29027, 0, 1, 0, 1, 0, 0
31453, 1, 1, 0, 1, 0, 1
36035, 0, 1, 0, 1, 0, 0
36037, 0, 1, 0, 1, 0, 0
36038, 0, 1, 0, 1, 0, 0
36039, 0, 1, 0, 1, 0, 0
36040, 4, 3, 2, 1, 4, 0
36041, 2, 4, 2, 2, 2, 0
29037, 1, 1, 1, 0, 1, 0
29040, 1, 0, 0, 0, 0, 1
29041, 0, 1, 0, 1, 0, 0
29042, 1, 0, 0, 0, 0, 1
29043, 0, 1, 0, 1, 0, 0
29044, 1, 0, 0, 0, 1, 0
29045, 0, 1, 1, 0, 0, 0
29046, 1, 0, 0, 0, 1, 0
29047, 1, 0, 0, 0, 0, 1
29048, 0, 2, 0, 2, 0, 0
29049, 1, 0, 0, 0, 1, 0
29053, 1, 0, 0, 0, 1, 0
29054, 0, 2, 1, 1, 0, 0
29055, 6, 0, 0, 0, 6, 0
29057, 1, 0, 0, 0, 1, 0
53336, 0, 1, 1, 0, 0, 0
29059, 1, 0, 0, 0, 1, 0
29060, 1, 0, 0, 0, 1, 0
80475, 0, 1, 1, 0, 0, 0
29064, 2, 1, 1, 0, 2, 0
29065, 1, 1, 1, 0, 1, 0
29066, 3, 3, 3, 0, 3, 0
40127, 2, 2, 2, 0, 2, 0
29068, 1, 0, 0, 0, 1, 0
29069, 9, 1, 1, 0, 9, 0
29070, 3, 2, 2, 0, 3, 0
29071, 0, 1, 1, 0, 0, 0
29073, 11, 2, 2, 0, 11, 0
44667, 0, 1, 1, 0, 0, 0
29074, 5, 0, 0, 0, 5, 0
29078, 3, 2, 2, 0, 3, 0
29249, 3, 1, 1, 0, 3, 0
29079, 1, 0, 0, 0, 1, 0
29080, 1, 0, 0, 0, 1, 0
29081, 1, 0, 0, 0, 0, 1
43760, 0, 2, 2, 0, 0, 0
29083, 1, 0, 0, 0, 1, 0
29084, 3, 1, 1, 0, 3, 0
34571, 0, 1, 1, 0, 0, 0
29085, 2, 0, 0, 0, 1, 1
29086, 1, 0, 0, 0, 0, 1
29087, 5, 1, 0, 1, 5, 0
68515, 13, 9, 9, 0, 13, 0
29088, 4, 1, 0, 1, 4, 0
29089, 0, 1, 1, 0, 0, 0
29090, 1, 0, 0, 0, 1, 0
29091, 1, 0, 0, 0, 1, 0
29092, 1, 0, 0, 0, 1, 0
29093, 1, 0, 0, 0, 1, 0
29094, 2, 0, 0, 0, 0, 2
29096, 1, 1, 1, 0, 1, 0
37452, 2, 1, 1, 0, 2, 0
76878, 0, 1, 1, 0, 0, 0
76879, 0, 1, 1, 0, 0, 0
29098, 1, 1, 1, 0, 1, 0
29107, 1, 0, 0, 0, 1, 0
29109, 1, 0, 0, 0, 1, 0
29110, 1, 0, 0, 0, 0, 1
29111, 4, 0, 0, 0, 4, 0
29112, 2, 5, 5, 0, 2, 0
29113, 1, 0, 0, 0, 1, 0
39306, 0, 1, 0, 1, 0, 0
30312, 2, 1, 1, 0, 2, 0
30314, 0, 1, 1, 0, 0, 0
29116, 1, 0, 0, 0, 0, 1
29117, 1, 1, 1, 0, 1, 0
65568, 0, 2, 2, 0, 0, 0
65569, 0, 1, 1, 0, 0, 0
29119, 1, 1, 1, 0, 1, 0
56734, 1, 1, 1, 0, 0, 1
67639, 1, 2, 2, 0, 1, 0
82959, 0, 1, 1, 0, 0, 0
82960, 0, 1, 1, 0, 0, 0
82961, 0, 1, 1, 0, 0, 0
94602, 0, 1, 1, 0, 0, 0
29127, 0, 1, 0, 1, 0, 0
29128, 1, 0, 0, 0, 1, 0
29468, 1, 4, 4, 0, 1, 0
29130, 3, 0, 0, 0, 3, 0
32071, 2, 3, 3, 0, 2, 0
42663, 1, 2, 2, 0, 1, 0
81005, 1, 2, 2, 0, 1, 0
81114, 0, 1, 1, 0, 0, 0
29134, 1, 0, 0, 0, 1, 0
29135, 0, 3, 1, 2, 0, 0
29136, 1, 0, 0, 0, 1, 0
47127, 1, 1, 1, 0, 1, 0
90701, 0, 1, 1, 0, 0, 0
29138, 1, 0, 0, 0, 0, 1
29139, 1, 0, 0, 0, 1, 0
29140, 0, 2, 2, 0, 0, 0
29141, 2, 0, 0, 0, 2, 0
29146, 1, 0, 0, 0, 1, 0
32672, 0, 1, 1, 0, 0, 0
64459, 1, 1, 1, 0, 1, 0
64460, 2, 1, 1, 0, 2, 0
64461, 3, 1, 1, 0, 3, 0
64462, 10, 4, 4, 0, 10, 0
29151, 4, 0, 0, 0, 4, 0
29153, 1, 0, 0, 0, 1, 0
29154, 0, 1, 1, 0, 0, 0
106308, 0, 2, 2, 0, 0, 0
29158, 0, 1, 0, 1, 0, 0
89928, 0, 1, 1, 0, 0, 0
29159, 1, 0, 0, 0, 1, 0
29160, 1, 0, 0, 0, 1, 0
29161, 1, 0, 0, 0, 1, 0
29162, 2, 3, 3, 0, 2, 0
29164, 3, 4, 4, 0, 3, 0
29201, 1, 2, 2, 0, 1, 0
30558, 3, 1, 1, 0, 3, 0
29165, 1, 0, 0, 0, 1, 0
29166, 1, 0, 0, 0, 1, 0
29167, 0, 1, 1, 0, 0, 0
93184, 0, 1, 1, 0, 0, 0
29605, 1, 1, 1, 0, 1, 0
34014, 1, 1, 1, 0, 1, 0
34638, 1, 1, 1, 0, 1, 0
29171, 8, 0, 0, 0, 2, 6
29172, 0, 1, 0, 1, 0, 0
48032, 3, 2, 1, 1, 2, 1
52717, 1, 2, 2, 0, 1, 0
52719, 1, 1, 1, 0, 1, 0
54523, 1, 1, 1, 0, 1, 0
55183, 1, 1, 1, 0, 1, 0
58099, 2, 1, 1, 0, 2, 0
58100, 4, 3, 3, 0, 4, 0
58217, 2, 1, 1, 0, 2, 0
61826, 1, 1, 1, 0, 1, 0
90784, 0, 1, 1, 0, 0, 0
90785, 0, 1, 1, 0, 0, 0
90786, 0, 1, 1, 0, 0, 0
90787, 0, 1, 1, 0, 0, 0
90788, 0, 1, 1, 0, 0, 0
29176, 1, 0, 0, 0, 1, 0
51706, 4, 1, 1, 0, 4, 0
54756, 0, 1, 0, 1, 0, 0
29181, 1, 0, 0, 0, 1, 0
29188, 1, 0, 0, 0, 1, 0
29190, 2, 0, 0, 0, 2, 0
29193, 5, 0, 0, 0, 5, 0
29194, 12, 7, 7, 0, 12, 0
51251, 3, 2, 2, 0, 3, 0
51252, 6, 2, 2, 0, 5, 1
52334, 0, 1, 1, 0, 0, 0
52335, 0, 1, 1, 0, 0, 0
95346, 1, 1, 1, 0, 1, 0
29196, 0, 1, 1, 0, 0, 0
29197, 7, 0, 0, 0, 7, 0
29198, 2, 0, 0, 0, 2, 0
29199, 2, 0, 0, 0, 2, 0
29200, 3, 0, 0, 0, 3, 0
29202, 4, 2, 2, 0, 3, 1
29204, 3, 3, 3, 0, 3, 0
34790, 1, 2, 2, 0, 1, 0
29206, 1, 0, 0, 0, 1, 0
29211, 2, 0, 0, 0, 2, 0
29213, 1, 0, 0, 0, 1, 0
29215, 1, 0, 0, 0, 1, 0
29216, 0, 1, 1, 0, 0, 0
29217, 2, 0, 0, 0, 1, 1
29220, 1, 0, 0, 0, 0, 1
50773, 5, 3, 3, 0, 5, 0
70228, 1, 1, 1, 0, 1, 0
40418, 0, 1, 0, 1, 0, 0
40419, 0, 1, 0, 1, 0, 0
47414, 5, 8, 8, 0, 5, 0
48255, 1, 2, 2, 0, 1, 0
48256, 5, 5, 5, 0, 5, 0
55898, 6, 1, 0, 1, 3, 3
64917, 1, 2, 1, 1, 1, 0
83504, 0, 1, 0, 1, 0, 0
83505, 0, 1, 0, 1, 0, 0
79652, 0, 1, 0, 1, 0, 0
79653, 0, 1, 1, 0, 0, 0
102352, 2, 1, 1, 0, 2, 0
29233, 1, 1, 1, 0, 1, 0
29237, 1, 0, 0, 0, 1, 0
29238, 0, 2, 2, 0, 0, 0
29239, 1, 0, 0, 0, 1, 0
29240, 10, 4, 4, 0, 10, 0
79222, 8, 2, 2, 0, 4, 4
29241, 1, 0, 0, 0, 1, 0
29242, 3, 0, 0, 0, 0, 3
29245, 1, 0, 0, 0, 1, 0
93682, 1, 2, 2, 0, 1, 0
97338, 1, 1, 1, 0, 1, 0
29260, 1, 0, 0, 0, 1, 0
29261, 1, 2, 2, 0, 1, 0
29262, 1, 0, 0, 0, 0, 1
55260, 4, 7, 7, 0, 4, 0
55261, 2, 3, 3, 0, 2, 0
59069, 6, 6, 6, 0, 6, 0
73459, 0, 2, 2, 0, 0, 0
29264, 1, 1, 1, 0, 1, 0
47457, 1, 1, 1, 0, 1, 0
48590, 0, 1, 0, 1, 0, 0
29266, 3, 2, 2, 0, 3, 0
84343, 0, 1, 1, 0, 0, 0
29270, 1, 0, 0, 0, 1, 0
29273, 1, 0, 0, 0, 1, 0
29274, 0, 2, 2, 0, 0, 0
29277, 1, 1, 1, 0, 1, 0
29278, 2, 0, 0, 0, 2, 0
29279, 1, 0, 0, 0, 0, 1
29281, 1, 0, 0, 0, 0, 1
37591, 0, 1, 1, 0, 0, 0
29284, 1, 0, 0, 0, 1, 0
47774, 0, 2, 2, 0, 0, 0
64288, 1, 1, 1, 0, 1, 0
93538, 1, 1, 1, 0, 1, 0
100181, 0, 2, 0, 2, 0, 0
29291, 1, 0, 0, 0, 1, 0
29294, 2, 4, 2, 2, 2, 0
32928, 4, 3, 3, 0, 4, 0
64266, 1, 2, 2, 0, 1, 0
33261, 1, 3, 3, 0, 1, 0
43564, 2, 1, 1, 0, 2, 0
58727, 0, 2, 2, 0, 0, 0
60157, 2, 1, 1, 0, 2, 0
60608, 10, 3, 3, 0, 10, 0
74066, 0, 2, 2, 0, 0, 0
74067, 0, 4, 4, 0, 0, 0
74068, 0, 1, 1, 0, 0, 0
74069, 0, 1, 1, 0, 0, 0
74070, 1, 2, 2, 0, 1, 0
74071, 1, 1, 1, 0, 1, 0
74073, 0, 1, 1, 0, 0, 0
74074, 0, 1, 1, 0, 0, 0
50980, 8, 1, 1, 0, 6, 2
40779, 0, 5, 5, 0, 0, 0
40780, 0, 1, 1, 0, 0, 0
30385, 2, 3, 3, 0, 2, 0
30386, 2, 2, 2, 0, 2, 0
30396, 3, 4, 4, 0, 3, 0
97531, 4, 4, 3, 1, 4, 0
32933, 12, 6, 6, 0, 11, 1
29303, 2, 0, 0, 0, 0, 2
29304, 0, 1, 0, 1, 0, 0
29305, 1, 0, 0, 0, 1, 0
29306, 1, 2, 2, 0, 1, 0
51553, 9, 2, 2, 0, 9, 0
29307, 1, 0, 0, 0, 0, 1
29308, 0, 2, 1, 1, 0, 0
43954, 1, 2, 2, 0, 1, 0
43981, 2, 1, 1, 0, 2, 0
100202, 0, 1, 1, 0, 0, 0
29311, 1, 0, 0, 0, 0, 1
29312, 1, 0, 0, 0, 0, 1
119064, 0, 1, 1, 0, 0, 0
29316, 1, 0, 0, 0, 1, 0
29317, 1, 0, 0, 0, 0, 1
29318, 2, 0, 0, 0, 2, 0
29319, 7, 4, 4, 0, 7, 0
29320, 2, 1, 1, 0, 1, 1
29321, 2, 1, 1, 0, 1, 1
29322, 2, 0, 0, 0, 2, 0
29324, 0, 1, 1, 0, 0, 0
83603, 0, 1, 1, 0, 0, 0
29325, 1, 0, 0, 0, 1, 0
59290, 0, 2, 1, 1, 0, 0
29327, 1, 1, 1, 0, 1, 0
29328, 1, 0, 0, 0, 1, 0
29329, 4, 0, 0, 0, 3, 1
29332, 0, 3, 3, 0, 0, 0
29334, 1, 0, 0, 0, 1, 0
70128, 3, 2, 2, 0, 3, 0
70761, 2, 2, 2, 0, 2, 0
104323, 1, 1, 1, 0, 1, 0
29336, 1, 0, 0, 0, 1, 0
29338, 1, 0, 0, 0, 1, 0
30745, 1, 1, 1, 0, 1, 0
29341, 1, 1, 1, 0, 1, 0
29342, 1, 0, 0, 0, 1, 0
74850, 0, 1, 1, 0, 0, 0
74851, 0, 1, 1, 0, 0, 0
29355, 1, 0, 0, 0, 0, 1
29356, 0, 1, 0, 1, 0, 0
29357, 1, 0, 0, 0, 1, 0
29358, 1, 1, 1, 0, 1, 0
30360, 0, 2, 1, 1, 0, 0
29360, 1, 0, 0, 0, 0, 1
29361, 1, 6, 4, 2, 1, 0
90733, 1, 1, 1, 0, 1, 0
29362, 1, 0, 0, 0, 1, 0
29363, 1, 0, 0, 0, 1, 0
29364, 1, 0, 0, 0, 1, 0
29365, 0, 1, 1, 0, 0, 0
29366, 1, 0, 0, 0, 1, 0
29367, 1, 0, 0, 0, 1, 0
29368, 1, 0, 0, 0, 1, 0
29369, 2, 2, 2, 0, 2, 0
29370, 1, 0, 0, 0, 1, 0
29371, 1, 0, 0, 0, 1, 0
29373, 1, 0, 0, 0, 1, 0
29374, 1, 0, 0, 0, 1, 0
29375, 1, 0, 0, 0, 1, 0
39631, 2, 2, 2, 0, 2, 0
40870, 0, 1, 1, 0, 0, 0
59752, 2, 1, 0, 1, 2, 0
107333, 9, 2, 1, 1, 8, 1
111706, 0, 4, 3, 1, 0, 0
112260, 0, 1, 0, 1, 0, 0
29377, 1, 0, 0, 0, 1, 0
49029, 0, 2, 0, 2, 0, 0
29379, 1, 1, 1, 0, 1, 0
29382, 2, 1, 1, 0, 2, 0
29383, 2, 0, 0, 0, 2, 0
29384, 8, 2, 2, 0, 7, 1
29385, 2, 2, 2, 0, 2, 0
37174, 2, 3, 3, 0, 2, 0
37175, 0, 1, 1, 0, 0, 0
37176, 0, 1, 1, 0, 0, 0
29386, 1, 0, 0, 0, 1, 0
86324, 5, 2, 2, 0, 5, 0
29391, 1, 1, 1, 0, 1, 0
75006, 0, 3, 3, 0, 0, 0
75007, 0, 3, 3, 0, 0, 0
75008, 0, 3, 3, 0, 0, 0
75009, 0, 4, 4, 0, 0, 0
75010, 0, 3, 3, 0, 0, 0
75012, 0, 4, 4, 0, 0, 0
75013, 0, 3, 3, 0, 0, 0
75014, 0, 3, 3, 0, 0, 0
75015, 0, 3, 3, 0, 0, 0
76357, 1, 2, 2, 0, 1, 0
61036, 18, 3, 3, 0, 18, 0
29393, 1, 0, 0, 0, 1, 0
64102, 0, 7, 7, 0, 0, 0
86098, 7, 1, 1, 0, 3, 4
29395, 4, 0, 0, 0, 4, 0
29396, 0, 1, 1, 0, 0, 0
29397, 0, 1, 1, 0, 0, 0
29398, 1, 0, 0, 0, 1, 0
29399, 1, 0, 0, 0, 1, 0
29400, 14, 3, 2, 1, 13, 1
29401, 1, 0, 0, 0, 1, 0
29402, 1, 0, 0, 0, 1, 0
42098, 0, 1, 1, 0, 0, 0
42099, 0, 1, 1, 0, 0, 0
42101, 0, 1, 1, 0, 0, 0
29404, 1, 0, 0, 0, 1, 0
29405, 0, 1, 1, 0, 0, 0
29409, 1, 0, 0, 0, 0, 1
29410, 1, 0, 0, 0, 1, 0
29411, 2, 1, 1, 0, 2, 0
29413, 1, 0, 0, 0, 1, 0
29414, 9, 1, 1, 0, 8, 1
29416, 1, 0, 0, 0, 1, 0
29417, 5, 0, 0, 0, 1, 4
29419, 0, 2, 1, 1, 0, 0
29420, 0, 1, 0, 1, 0, 0
112600, 0, 1, 1, 0, 0, 0
29421, 1, 0, 0, 0, 1, 0
88636, 2, 2, 2, 0, 2, 0
89226, 1, 1, 1, 0, 1, 0
89269, 0, 1, 1, 0, 0, 0
89270, 0, 1, 0, 1, 0, 0
29423, 1, 0, 0, 0, 1, 0
29425, 1, 0, 0, 0, 1, 0
73201, 4, 4, 4, 0, 4, 0
78309, 4, 3, 3, 0, 4, 0
29427, 1, 0, 0, 0, 1, 0
29429, 1, 0, 0, 0, 0, 1
29431, 2, 0, 0, 0, 1, 1
29432, 0, 1, 0, 1, 0, 0
29433, 0, 1, 1, 0, 0, 0
29434, 2, 0, 0, 0, 1, 1
36867, 0, 2, 2, 0, 0, 0
38896, 0, 1, 1, 0, 0, 0
38898, 6, 3, 3, 0, 6, 0
29436, 2, 0, 0, 0, 2, 0
29437, 2, 0, 0, 0, 2, 0
29438, 2, 1, 1, 0, 2, 0
37445, 1, 1, 1, 0, 1, 0
44510, 1, 1, 1, 0, 1, 0
52161, 2, 1, 1, 0, 2, 0
53769, 4, 5, 5, 0, 3, 1
66637, 0, 3, 3, 0, 0, 0
70642, 0, 2, 2, 0, 0, 0
72708, 1, 1, 1, 0, 1, 0
72709, 0, 1, 1, 0, 0, 0
72711, 0, 1, 1, 0, 0, 0
72712, 0, 1, 1, 0, 0, 0
72713, 0, 2, 2, 0, 0, 0
72714, 0, 1, 1, 0, 0, 0
72716, 0, 1, 1, 0, 0, 0
72717, 2, 2, 2, 0, 2, 0
92845, 5, 1, 1, 0, 5, 0
29444, 1, 0, 0, 0, 0, 1
43972, 2, 1, 0, 1, 2, 0
56947, 0, 1, 0, 1, 0, 0
56950, 1, 1, 0, 1, 1, 0
29446, 1, 0, 0, 0, 0, 1
84332, 0, 1, 1, 0, 0, 0
84333, 0, 1, 1, 0, 0, 0
29448, 1, 0, 0, 0, 1, 0
29449, 1, 0, 0, 0, 1, 0
29450, 1, 0, 0, 0, 1, 0
29451, 1, 0, 0, 0, 1, 0
29452, 0, 2, 2, 0, 0, 0
29454, 0, 1, 1, 0, 0, 0
29456, 1, 0, 0, 0, 1, 0
29457, 1, 0, 0, 0, 0, 1
34143, 1, 1, 1, 0, 1, 0
38641, 1, 1, 0, 1, 1, 0
38726, 1, 1, 1, 0, 1, 0
41306, 0, 1, 0, 1, 0, 0
87192, 3, 2, 2, 0, 3, 0
29461, 1, 1, 1, 0, 1, 0
29462, 2, 5, 5, 0, 1, 1
29464, 3, 2, 2, 0, 3, 0
31206, 4, 1, 1, 0, 4, 0
29467, 1, 0, 0, 0, 1, 0
68725, 3, 3, 3, 0, 3, 0
100934, 1, 2, 2, 0, 1, 0
100992, 2, 2, 2, 0, 2, 0
101159, 0, 1, 1, 0, 0, 0
29473, 1, 0, 0, 0, 1, 0
29474, 1, 2, 2, 0, 1, 0
29476, 1, 0, 0, 0, 1, 0
29478, 2, 0, 0, 0, 2, 0
43489, 0, 1, 0, 1, 0, 0
29481, 2, 0, 0, 0, 2, 0
29482, 2, 0, 0, 0, 2, 0
29483, 1, 0, 0, 0, 0, 1
29484, 2, 0, 0, 0, 2, 0
29485, 1, 0, 0, 0, 1, 0
29486, 1, 0, 0, 0, 1, 0
61988, 1, 2, 2, 0, 1, 0
29490, 6, 1, 0, 1, 6, 0
29491, 1, 0, 0, 0, 1, 0
50796, 0, 1, 0, 1, 0, 0
29495, 1, 0, 0, 0, 1, 0
29496, 1, 0, 0, 0, 1, 0
29497, 0, 1, 1, 0, 0, 0
29498, 1, 0, 0, 0, 1, 0
35784, 1, 1, 1, 0, 1, 0
35821, 1, 1, 1, 0, 1, 0
35924, 0, 1, 1, 0, 0, 0
29503, 3, 0, 0, 0, 3, 0
29504, 2, 0, 0, 0, 2, 0
39998, 3, 9, 9, 0, 3, 0
41141, 5, 5, 5, 0, 5, 0
43125, 5, 6, 1, 5, 5, 0
60652, 1, 2, 2, 0, 1, 0
71224, 2, 5, 5, 0, 2, 0
71936, 0, 1, 1, 0, 0, 0
30953, 7, 2, 1, 1, 7, 0
57100, 2, 1, 1, 0, 2, 0
57102, 0, 2, 2, 0, 0, 0
62276, 1, 4, 4, 0, 1, 0
70123, 1, 1, 1, 0, 1, 0
85904, 4, 1, 1, 0, 2, 2
86142, 0, 1, 0, 1, 0, 0
110742, 2, 4, 4, 0, 2, 0
110775, 0, 1, 1, 0, 0, 0
110776, 0, 1, 1, 0, 0, 0
110777, 4, 1, 1, 0, 4, 0
110778, 4, 1, 1, 0, 4, 0
110779, 0, 1, 1, 0, 0, 0
110786, 1, 2, 1, 1, 1, 0
110789, 3, 2, 2, 0, 1, 2
110802, 0, 2, 2, 0, 0, 0
110808, 0, 1, 1, 0, 0, 0
110809, 0, 1, 1, 0, 0, 0
110817, 0, 1, 1, 0, 0, 0
110818, 0, 1, 1, 0, 0, 0
29510, 4, 0, 0, 0, 4, 0
29511, 1, 0, 0, 0, 1, 0
29512, 1, 0, 0, 0, 1, 0
29513, 1, 0, 0, 0, 1, 0
29514, 1, 1, 1, 0, 1, 0
29516, 1, 0, 0, 0, 1, 0
29517, 2, 0, 0, 0, 1, 1
29518, 1, 0, 0, 0, 1, 0
29520, 4, 2, 2, 0, 4, 0
29526, 1, 0, 0, 0, 0, 1
77091, 1, 1, 1, 0, 1, 0
29528, 1, 0, 0, 0, 0, 1
114142, 0, 3, 3, 0, 0, 0
29531, 1, 0, 0, 0, 1, 0
29533, 1, 0, 0, 0, 1, 0
29536, 1, 0, 0, 0, 1, 0
29537, 1, 0, 0, 0, 1, 0
29538, 2, 0, 0, 0, 0, 2
29540, 1, 0, 0, 0, 1, 0
29541, 1, 0, 0, 0, 1, 0
29542, 0, 2, 2, 0, 0, 0
29543, 1, 0, 0, 0, 1, 0
29544, 0, 1, 1, 0, 0, 0
33587, 2, 2, 2, 0, 2, 0
33588, 6, 2, 2, 0, 5, 1
30699, 1, 2, 2, 0, 1, 0
33490, 6, 5, 5, 0, 6, 0
48429, 3, 2, 2, 0, 3, 0
52568, 0, 2, 2, 0, 0, 0
29549, 1, 0, 0, 0, 1, 0
29551, 1, 0, 0, 0, 1, 0
32376, 0, 2, 2, 0, 0, 0
29553, 1, 0, 0, 0, 1, 0
29554, 1, 0, 0, 0, 1, 0
29557, 1, 0, 0, 0, 1, 0
29558, 1, 0, 0, 0, 1, 0
29559, 2, 0, 0, 0, 0, 2
29561, 0, 2, 1, 1, 0, 0
59527, 4, 4, 4, 0, 3, 1
29562, 1, 0, 0, 0, 0, 1
71032, 0, 1, 1, 0, 0, 0
29565, 1, 0, 0, 0, 1, 0
29566, 1, 0, 0, 0, 0, 1
29567, 2, 0, 0, 0, 1, 1
73874, 4, 6, 5, 1, 4, 0
29570, 1, 0, 0, 0, 0, 1
29571, 1, 0, 0, 0, 0, 1
29574, 1, 0, 0, 0, 1, 0
29576, 1, 0, 0, 0, 1, 0
29577, 3, 0, 0, 0, 3, 0
29578, 1, 0, 0, 0, 1, 0
29579, 0, 1, 1, 0, 0, 0
29580, 1, 0, 0, 0, 1, 0
29581, 2, 0, 0, 0, 0, 2
29582, 1, 0, 0, 0, 1, 0
29583, 1, 1, 1, 0, 1, 0
29584, 1, 1, 1, 0, 1, 0
29585, 1, 0, 0, 0, 1, 0
29586, 0, 1, 1, 0, 0, 0
29587, 1, 0, 0, 0, 0, 1
70893, 0, 1, 1, 0, 0, 0
29593, 1, 0, 0, 0, 1, 0
29594, 1, 0, 0, 0, 0, 1
29595, 0, 1, 0, 1, 0, 0
29596, 1, 0, 0, 0, 1, 0
29597, 1, 0, 0, 0, 1, 0
29599, 2, 0, 0, 0, 2, 0
29600, 1, 0, 0, 0, 1, 0
29601, 1, 0, 0, 0, 1, 0
39588, 0, 1, 1, 0, 0, 0
70920, 2, 2, 2, 0, 2, 0
60113, 5, 5, 5, 0, 5, 0
30554, 2, 3, 0, 3, 1, 1
30556, 0, 1, 0, 1, 0, 0
38589, 1, 2, 2, 0, 1, 0
89040, 0, 1, 1, 0, 0, 0
58149, 6, 3, 3, 0, 4, 2
88070, 0, 1, 1, 0, 0, 0
33333, 0, 1, 0, 1, 0, 0
117713, 2, 1, 1, 0, 2, 0
29636, 1, 0, 0, 0, 0, 1
29637, 1, 0, 0, 0, 0, 1
29638, 1, 0, 0, 0, 1, 0
29639, 1, 0, 0, 0, 1, 0
44354, 1, 1, 1, 0, 1, 0
63787, 4, 5, 5, 0, 4, 0
64934, 0, 1, 1, 0, 0, 0
29647, 1, 0, 0, 0, 1, 0
29648, 1, 2, 2, 0, 1, 0
29650, 2, 0, 0, 0, 1, 1
49334, 2, 1, 1, 0, 2, 0
80744, 0, 1, 1, 0, 0, 0
64533, 1, 1, 1, 0, 1, 0
64658, 0, 1, 1, 0, 0, 0
64659, 0, 1, 1, 0, 0, 0
64660, 0, 1, 1, 0, 0, 0
106941, 1, 1, 1, 0, 1, 0
29653, 1, 0, 0, 0, 0, 1
29654, 1, 0, 0, 0, 1, 0
29655, 1, 1, 1, 0, 0, 1
29656, 0, 1, 0, 1, 0, 0
29660, 1, 0, 0, 0, 1, 0
29661, 1, 0, 0, 0, 1, 0
29662, 1, 0, 0, 0, 1, 0
29663, 2, 3, 3, 0, 2, 0
29664, 2, 2, 2, 0, 2, 0
29665, 5, 3, 3, 0, 5, 0
51788, 14, 4, 4, 0, 14, 0
52141, 0, 2, 2, 0, 0, 0
52142, 0, 2, 2, 0, 0, 0
52143, 2, 2, 2, 0, 2, 0
29667, 1, 0, 0, 0, 1, 0
29669, 1, 0, 0, 0, 1, 0
29670, 1, 0, 0, 0, 1, 0
29671, 2, 0, 0, 0, 0, 2
57762, 13, 10, 10, 0, 13, 0
29675, 1, 0, 0, 0, 0, 1
65259, 3, 1, 1, 0, 3, 0
40349, 0, 1, 1, 0, 0, 0
40350, 0, 1, 1, 0, 0, 0
34508, 2, 2, 2, 0, 2, 0
41475, 1, 2, 2, 0, 1, 0
43797, 3, 1, 1, 0, 3, 0
43799, 0, 3, 2, 1, 0, 0
84613, 1, 2, 2, 0, 1, 0
88034, 1, 1, 1, 0, 1, 0
88087, 0, 1, 1, 0, 0, 0
76778, 1, 2, 2, 0, 1, 0
76779, 3, 2, 2, 0, 3, 0
54193, 1, 1, 1, 0, 1, 0
87884, 0, 1, 1, 0, 0, 0
87885, 0, 1, 1, 0, 0, 0
87886, 0, 1, 1, 0, 0, 0
67212, 1, 2, 2, 0, 1, 0
89799, 0, 1, 1, 0, 0, 0
29696, 1, 0, 0, 0, 0, 1
29698, 4, 0, 0, 0, 2, 2
29700, 7, 8, 8, 0, 7, 0
62852, 0, 8, 8, 0, 0, 0
66391, 2, 9, 9, 0, 2, 0
29702, 1, 0, 0, 0, 1, 0
49229, 14, 4, 4, 0, 5, 9
50501, 0, 2, 2, 0, 0, 0
50567, 0, 2, 0, 2, 0, 0
50578, 2, 3, 1, 2, 2, 0
29704, 4, 0, 0, 0, 3, 1
29705, 1, 0, 0, 0, 1, 0
29707, 1, 0, 0, 0, 1, 0
29708, 1, 0, 0, 0, 1, 0
29709, 0, 2, 2, 0, 0, 0
29710, 1, 0, 0, 0, 0, 1
29711, 9, 0, 0, 0, 6, 3
29712, 0, 1, 0, 1, 0, 0
29713, 2, 0, 0, 0, 2, 0
29714, 1, 0, 0, 0, 1, 0
29715, 0, 2, 2, 0, 0, 0
29717, 0, 4, 3, 1, 0, 0
29719, 1, 0, 0, 0, 1, 0
29720, 1, 0, 0, 0, 1, 0
29721, 3, 0, 0, 0, 3, 0
29722, 1, 0, 0, 0, 1, 0
29724, 1, 1, 1, 0, 1, 0
29725, 3, 2, 2, 0, 3, 0
29729, 1, 1, 1, 0, 1, 0
29726, 1, 0, 0, 0, 1, 0
29727, 1, 0, 0, 0, 1, 0
29728, 1, 0, 0, 0, 0, 1
29730, 1, 0, 0, 0, 1, 0
29731, 9, 3, 2, 1, 8, 1
56870, 0, 1, 1, 0, 0, 0
29732, 1, 0, 0, 0, 1, 0
29733, 1, 1, 1, 0, 1, 0
30167, 1, 1, 1, 0, 1, 0
42407, 1, 1, 1, 0, 1, 0
62756, 2, 1, 0, 1, 1, 1
79200, 0, 2, 2, 0, 0, 0
81233, 2, 2, 2, 0, 2, 0
29736, 6, 0, 0, 0, 3, 3
29737, 1, 0, 0, 0, 1, 0
64208, 2, 6, 5, 1, 2, 0
29739, 1, 0, 0, 0, 1, 0
29741, 1, 0, 0, 0, 1, 0
29767, 2, 0, 0, 0, 1, 1
29768, 0, 1, 1, 0, 0, 0
29769, 1, 0, 0, 0, 1, 0
29771, 1, 0, 0, 0, 1, 0
29772, 1, 0, 0, 0, 1, 0
29773, 1, 0, 0, 0, 1, 0
29774, 1, 0, 0, 0, 0, 1
29775, 1, 0, 0, 0, 1, 0
29776, 0, 1, 1, 0, 0, 0
29777, 2, 0, 0, 0, 2, 0
29778, 0, 1, 1, 0, 0, 0
29783, 1, 0, 0, 0, 1, 0
29784, 1, 0, 0, 0, 1, 0
29785, 1, 0, 0, 0, 1, 0
29786, 0, 1, 1, 0, 0, 0
29787, 1, 0, 0, 0, 0, 1
29788, 0, 1, 0, 1, 0, 0
29789, 1, 1, 1, 0, 1, 0
29790, 1, 1, 1, 0, 1, 0
29791, 2, 0, 0, 0, 2, 0
35930, 1, 1, 1, 0, 0, 1
29793, 1, 0, 0, 0, 1, 0
29794, 1, 0, 0, 0, 1, 0
29795, 2, 0, 0, 0, 1, 1
31202, 2, 1, 1, 0, 2, 0
29797, 2, 0, 0, 0, 2, 0
29798, 0, 1, 1, 0, 0, 0
29799, 1, 0, 0, 0, 0, 1
29800, 1, 0, 0, 0, 1, 0
29803, 1, 0, 0, 0, 1, 0
29804, 2, 2, 2, 0, 2, 0
66404, 10, 1, 1, 0, 10, 0
77783, 0, 1, 1, 0, 0, 0
72970, 1, 1, 1, 0, 1, 0
29808, 1, 0, 0, 0, 1, 0
29809, 2, 1, 1, 0, 2, 0
29810, 0, 1, 1, 0, 0, 0
29811, 1, 0, 0, 0, 1, 0
29813, 1, 0, 0, 0, 1, 0
29814, 1, 0, 0, 0, 1, 0
38135, 0, 2, 1, 1, 0, 0
29816, 1, 0, 0, 0, 1, 0
29817, 0, 1, 1, 0, 0, 0
29823, 0, 2, 2, 0, 0, 0
29824, 1, 2, 1, 1, 1, 0
29826, 0, 2, 0, 2, 0, 0
29828, 0, 2, 1, 1, 0, 0
29836, 1, 0, 0, 0, 1, 0
29837, 1, 0, 0, 0, 1, 0
29838, 1, 0, 0, 0, 1, 0
29839, 1, 2, 1, 1, 0, 1
67945, 10, 10, 10, 0, 10, 0
67946, 7, 7, 7, 0, 7, 0
67964, 2, 8, 8, 0, 2, 0
73105, 1, 1, 1, 0, 1, 0
73106, 0, 1, 1, 0, 0, 0
29841, 1, 0, 0, 0, 1, 0
29842, 1, 0, 0, 0, 0, 1
29843, 1, 0, 0, 0, 1, 0
29845, 2, 0, 0, 0, 2, 0
29846, 0, 2, 2, 0, 0, 0
29847, 1, 0, 0, 0, 1, 0
29848, 1, 0, 0, 0, 1, 0
29849, 2, 0, 0, 0, 1, 1
29853, 0, 1, 1, 0, 0, 0
29854, 2, 1, 1, 0, 2, 0
31977, 1, 1, 1, 0, 1, 0
32238, 1, 1, 1, 0, 1, 0
32276, 1, 1, 1, 0, 1, 0
32782, 0, 1, 1, 0, 0, 0
32783, 0, 1, 1, 0, 0, 0
32784, 0, 1, 1, 0, 0, 0
32785, 0, 1, 1, 0, 0, 0
32786, 0, 1, 1, 0, 0, 0
32787, 0, 1, 1, 0, 0, 0
32788, 0, 1, 1, 0, 0, 0
32789, 0, 1, 1, 0, 0, 0
32790, 0, 1, 1, 0, 0, 0
32791, 0, 1, 1, 0, 0, 0
32792, 0, 1, 1, 0, 0, 0
71728, 1, 2, 2, 0, 1, 0
106787, 6, 8, 7, 1, 6, 0
108423, 3, 1, 1, 0, 3, 0
122307, 0, 1, 1, 0, 0, 0
70928, 1, 2, 0, 2, 1, 0
82097, 0, 2, 2, 0, 0, 0
129651, 0, 1, 1, 0, 0, 0
79333, 1, 2, 2, 0, 1, 0
82674, 0, 1, 1, 0, 0, 0
50250, 2, 3, 3, 0, 2, 0
59256, 1, 2, 2, 0, 1, 0
60722, 2, 4, 4, 0, 2, 0
63403, 3, 3, 3, 0, 3, 0
63404, 0, 3, 3, 0, 0, 0
81231, 2, 1, 1, 0, 2, 0
34266, 0, 3, 3, 0, 0, 0
35870, 3, 2, 2, 0, 1, 2
38764, 1, 3, 3, 0, 1, 0
39747, 1, 1, 1, 0, 0, 1
39874, 1, 1, 1, 0, 1, 0
39881, 1, 1, 1, 0, 1, 0
39954, 0, 2, 2, 0, 0, 0
40269, 1, 1, 1, 0, 1, 0
40271, 1, 1, 1, 0, 1, 0
40289, 2, 1, 1, 0, 2, 0
40297, 1, 1, 1, 0, 1, 0
40316, 1, 1, 1, 0, 1, 0
40413, 1, 1, 1, 0, 1, 0
40513, 13, 1, 1, 0, 13, 0
40581, 2, 1, 1, 0, 1, 1
40608, 2, 2, 2, 0, 2, 0
40623, 3, 1, 1, 0, 3, 0
40836, 1, 1, 1, 0, 1, 0
41244, 3, 1, 1, 0, 3, 0
41341, 4, 2, 2, 0, 4, 0
41364, 7, 2, 2, 0, 6, 1
41651, 1, 2, 1, 1, 1, 0
43779, 1, 1, 1, 0, 1, 0
46834, 14, 2, 2, 0, 14, 0
46991, 1, 2, 2, 0, 1, 0
53805, 1, 1, 1, 0, 1, 0
54024, 2, 2, 2, 0, 2, 0
55804, 0, 2, 2, 0, 0, 0
56904, 0, 2, 2, 0, 0, 0
57121, 3, 1, 1, 0, 3, 0
57889, 4, 2, 2, 0, 4, 0
61051, 2, 4, 4, 0, 0, 2
61695, 1, 1, 1, 0, 1, 0
66600, 0, 2, 2, 0, 0, 0
73221, 0, 1, 1, 0, 0, 0
73222, 0, 1, 1, 0, 0, 0
73223, 0, 2, 2, 0, 0, 0
73225, 0, 2, 2, 0, 0, 0
73226, 1, 1, 1, 0, 1, 0
73227, 0, 1, 1, 0, 0, 0
73228, 0, 1, 1, 0, 0, 0
73229, 0, 1, 1, 0, 0, 0
73230, 3, 1, 1, 0, 3, 0
73231, 0, 1, 1, 0, 0, 0
73232, 0, 1, 1, 0, 0, 0
73233, 0, 1, 1, 0, 0, 0
73234, 0, 1, 1, 0, 0, 0
73235, 0, 1, 1, 0, 0, 0
73236, 0, 1, 1, 0, 0, 0
73237, 0, 2, 2, 0, 0, 0
73238, 3, 2, 2, 0, 3, 0
73240, 0, 1, 1, 0, 0, 0
73241, 0, 1, 1, 0, 0, 0
73242, 0, 1, 1, 0, 0, 0
73244, 0, 1, 1, 0, 0, 0
73245, 0, 1, 1, 0, 0, 0
73246, 0, 1, 1, 0, 0, 0
73247, 0, 1, 1, 0, 0, 0
73248, 0, 1, 1, 0, 0, 0
73249, 0, 1, 1, 0, 0, 0
73250, 0, 1, 1, 0, 0, 0
73251, 0, 1, 1, 0, 0, 0
73252, 0, 1, 1, 0, 0, 0
73253, 0, 1, 1, 0, 0, 0
73255, 0, 1, 1, 0, 0, 0
73257, 0, 1, 1, 0, 0, 0
73259, 0, 1, 1, 0, 0, 0
73260, 0, 1, 1, 0, 0, 0
73261, 0, 1, 1, 0, 0, 0
73262, 0, 1, 1, 0, 0, 0
78800, 0, 2, 2, 0, 0, 0
120385, 17, 4, 2, 2, 17, 0
121986, 0, 1, 1, 0, 0, 0
121989, 0, 1, 1, 0, 0, 0
121990, 0, 1, 1, 0, 0, 0
89918, 0, 1, 1, 0, 0, 0
79460, 4, 5, 5, 0, 4, 0
87150, 2, 2, 2, 0, 2, 0
90431, 0, 11, 11, 0, 0, 0
91174, 1, 1, 1, 0, 1, 0
91334, 2, 1, 1, 0, 2, 0
91335, 0, 1, 1, 0, 0, 0
91336, 0, 1, 1, 0, 0, 0
70288, 2, 3, 3, 0, 2, 0
46946, 0, 2, 2, 0, 0, 0
51408, 1, 2, 2, 0, 0, 1
53195, 1, 1, 1, 0, 1, 0
56123, 3, 1, 1, 0, 3, 0
70754, 0, 1, 1, 0, 0, 0
70755, 0, 1, 1, 0, 0, 0
70757, 0, 2, 2, 0, 0, 0
70758, 0, 1, 1, 0, 0, 0
70760, 0, 1, 1, 0, 0, 0
70762, 0, 1, 1, 0, 0, 0
70763, 0, 1, 1, 0, 0, 0
70764, 0, 1, 1, 0, 0, 0
58026, 1, 2, 2, 0, 1, 0
71927, 1, 1, 1, 0, 1, 0
77874, 1, 2, 2, 0, 1, 0
86174, 0, 2, 2, 0, 0, 0
60845, 0, 3, 3, 0, 0, 0
64497, 1, 1, 1, 0, 1, 0
85882, 0, 1, 1, 0, 0, 0
50333, 0, 3, 2, 1, 0, 0
55610, 1, 2, 2, 0, 1, 0
57527, 1, 1, 1, 0, 1, 0
57560, 3, 2, 2, 0, 3, 0
59305, 2, 7, 6, 1, 2, 0
59398, 1, 3, 3, 0, 1, 0
60613, 4, 1, 1, 0, 4, 0
61064, 5, 3, 2, 1, 5, 0
61943, 0, 1, 1, 0, 0, 0
61944, 0, 1, 1, 0, 0, 0
61945, 0, 1, 1, 0, 0, 0
61946, 0, 1, 1, 0, 0, 0
61947, 0, 1, 1, 0, 0, 0
61948, 0, 1, 1, 0, 0, 0
61949, 0, 1, 1, 0, 0, 0
61950, 0, 1, 1, 0, 0, 0
61951, 0, 1, 1, 0, 0, 0
61952, 0, 1, 1, 0, 0, 0
61953, 0, 1, 1, 0, 0, 0
61954, 0, 1, 1, 0, 0, 0
61955, 0, 1, 1, 0, 0, 0
61956, 0, 1, 1, 0, 0, 0
61957, 0, 1, 1, 0, 0, 0
61958, 0, 1, 1, 0, 0, 0
61959, 0, 1, 1, 0, 0, 0
61960, 0, 1, 1, 0, 0, 0
61961, 1, 1, 1, 0, 1, 0
61962, 0, 1, 1, 0, 0, 0
61963, 0, 1, 1, 0, 0, 0
61964, 0, 1, 1, 0, 0, 0
61965, 0, 1, 1, 0, 0, 0
61971, 0, 2, 2, 0, 0, 0
61976, 3, 3, 3, 0, 3, 0
61981, 0, 3, 3, 0, 0, 0
61989, 2, 2, 2, 0, 2, 0
61990, 0, 3, 3, 0, 0, 0
91467, 2, 2, 2, 0, 2, 0
51029, 0, 10, 8, 2, 0, 0
66537, 13, 4, 4, 0, 13, 0
69236, 0, 1, 1, 0, 0, 0
69240, 4, 1, 1, 0, 4, 0
69241, 0, 1, 1, 0, 0, 0
35742, 1, 4, 4, 0, 1, 0
42295, 2, 3, 2, 1, 0, 2
43495, 1, 3, 3, 0, 1, 0
43890, 2, 2, 2, 0, 2, 0
51059, 1, 2, 2, 0, 1, 0
51075, 2, 1, 1, 0, 2, 0
52211, 1, 3, 3, 0, 1, 0
54701, 2, 3, 2, 1, 2, 0
60910, 0, 1, 1, 0, 0, 0
60911, 0, 1, 1, 0, 0, 0
60912, 0, 1, 1, 0, 0, 0
60913, 0, 1, 1, 0, 0, 0
60914, 1, 2, 2, 0, 1, 0
60915, 1, 1, 1, 0, 1, 0
60917, 0, 1, 1, 0, 0, 0
60918, 0, 2, 2, 0, 0, 0
60921, 0, 1, 1, 0, 0, 0
60922, 0, 1, 1, 0, 0, 0
60924, 0, 1, 1, 0, 0, 0
60925, 0, 1, 1, 0, 0, 0
60927, 1, 1, 1, 0, 1, 0
69224, 0, 1, 1, 0, 0, 0
69225, 0, 1, 1, 0, 0, 0
69226, 0, 1, 1, 0, 0, 0
69227, 0, 1, 1, 0, 0, 0
46416, 0, 3, 3, 0, 0, 0
47764, 3, 1, 1, 0, 3, 0
50206, 1, 1, 1, 0, 1, 0
52992, 3, 5, 5, 0, 3, 0
55463, 1, 2, 2, 0, 1, 0
60523, 3, 1, 1, 0, 3, 0
60524, 1, 3, 3, 0, 1, 0
60813, 0, 2, 2, 0, 0, 0
60814, 1, 1, 1, 0, 1, 0
60818, 1, 2, 2, 0, 1, 0
60819, 0, 1, 1, 0, 0, 0
60820, 0, 1, 1, 0, 0, 0
60821, 0, 1, 1, 0, 0, 0
70663, 4, 2, 2, 0, 4, 0
88586, 1, 1, 1, 0, 1, 0
89791, 1, 2, 2, 0, 1, 0
90022, 0, 2, 1, 1, 0, 0
90063, 0, 2, 2, 0, 0, 0
120134, 1, 1, 1, 0, 1, 0
36734, 1, 2, 2, 0, 1, 0
57624, 1, 2, 2, 0, 1, 0
43083, 1, 3, 2, 1, 1, 0
73052, 5, 2, 2, 0, 5, 0
79464, 0, 3, 3, 0, 0, 0
87729, 3, 1, 1, 0, 3, 0
87763, 1, 1, 1, 0, 1, 0
87860, 1, 1, 1, 0, 1, 0
87873, 1, 1, 1, 0, 1, 0
89060, 3, 3, 3, 0, 3, 0
89759, 2, 1, 1, 0, 2, 0
89807, 1, 1, 1, 0, 1, 0
89995, 2, 1, 1, 0, 2, 0
90069, 0, 1, 1, 0, 0, 0
90070, 0, 1, 1, 0, 0, 0
90071, 0, 1, 1, 0, 0, 0
90072, 0, 1, 1, 0, 0, 0
90073, 0, 1, 1, 0, 0, 0
42671, 15, 7, 6, 1, 15, 0
58158, 0, 2, 2, 0, 0, 0
59402, 1, 1, 1, 0, 1, 0
64801, 1, 4, 4, 0, 1, 0
65491, 0, 3, 3, 0, 0, 0
69050, 0, 1, 1, 0, 0, 0
69052, 0, 1, 1, 0, 0, 0
69053, 0, 1, 1, 0, 0, 0
69054, 0, 1, 1, 0, 0, 0
65145, 18, 10, 9, 1, 18, 0
69799, 1, 1, 1, 0, 1, 0
76189, 0, 1, 0, 1, 0, 0
35750, 8, 6, 5, 1, 8, 0
89768, 0, 3, 3, 0, 0, 0
92110, 0, 1, 1, 0, 0, 0
68545, 0, 2, 2, 0, 0, 0
68551, 0, 2, 2, 0, 0, 0
68554, 0, 2, 2, 0, 0, 0
37662, 5, 8, 7, 1, 5, 0
81336, 0, 1, 1, 0, 0, 0
81317, 0, 1, 1, 0, 0, 0
50042, 1, 1, 1, 0, 1, 0
72750, 0, 1, 1, 0, 0, 0
72751, 0, 1, 1, 0, 0, 0
72752, 0, 1, 1, 0, 0, 0
72753, 0, 1, 1, 0, 0, 0
72754, 4, 2, 2, 0, 4, 0
72755, 1, 2, 2, 0, 1, 0
72757, 0, 1, 1, 0, 0, 0
91797, 1, 1, 1, 0, 1, 0
69292, 17, 15, 15, 0, 17, 0
70117, 4, 4, 4, 0, 4, 0
76990, 0, 1, 1, 0, 0, 0
61113, 4, 1, 1, 0, 3, 1
77327, 0, 2, 2, 0, 0, 0
93727, 0, 1, 1, 0, 0, 0
67388, 11, 5, 5, 0, 11, 0
72925, 1, 1, 1, 0, 1, 0
75777, 11, 7, 7, 0, 11, 0
79804, 4, 2, 2, 0, 2, 2
80851, 0, 1, 1, 0, 0, 0
64356, 6, 6, 6, 0, 6, 0
31250, 1, 3, 2, 1, 1, 0
33360, 0, 2, 1, 1, 0, 0
33466, 0, 2, 1, 1, 0, 0
38021, 0, 7, 6, 1, 0, 0
40301, 1, 4, 4, 0, 1, 0
40569, 1, 4, 4, 0, 1, 0
41945, 0, 2, 2, 0, 0, 0
45888, 0, 2, 2, 0, 0, 0
52472, 0, 2, 2, 0, 0, 0
53127, 0, 3, 3, 0, 0, 0
53263, 2, 3, 3, 0, 2, 0
54032, 0, 2, 2, 0, 0, 0
55879, 0, 3, 3, 0, 0, 0
58133, 6, 3, 3, 0, 6, 0
60512, 0, 2, 2, 0, 0, 0
61053, 10, 6, 6, 0, 10, 0
63521, 2, 4, 4, 0, 2, 0
63568, 0, 3, 3, 0, 0, 0
64124, 0, 2, 2, 0, 0, 0
64199, 0, 3, 3, 0, 0, 0
69166, 0, 3, 3, 0, 0, 0
69896, 2, 3, 2, 1, 2, 0
73656, 0, 2, 2, 0, 0, 0
74048, 3, 2, 2, 0, 3, 0
74327, 2, 2, 2, 0, 2, 0
75976, 0, 2, 2, 0, 0, 0
76352, 1, 2, 2, 0, 1, 0
77406, 3, 2, 2, 0, 3, 0
78499, 0, 3, 3, 0, 0, 0
78548, 0, 2, 2, 0, 0, 0
81347, 1, 2, 2, 0, 1, 0
81689, 0, 2, 2, 0, 0, 0
81765, 1, 2, 2, 0, 1, 0
81913, 4, 2, 2, 0, 4, 0
82021, 0, 2, 2, 0, 0, 0
82747, 1, 1, 1, 0, 1, 0
82804, 2, 3, 3, 0, 2, 0
83387, 0, 3, 3, 0, 0, 0
83492, 3, 2, 2, 0, 3, 0
83894, 1, 1, 1, 0, 1, 0
83899, 1, 1, 1, 0, 1, 0
84009, 1, 1, 1, 0, 1, 0
84126, 1, 2, 2, 0, 1, 0
84155, 1, 1, 1, 0, 1, 0
84419, 2, 1, 1, 0, 2, 0
84695, 0, 2, 2, 0, 0, 0
84748, 1, 2, 2, 0, 1, 0
84775, 0, 2, 2, 0, 0, 0
84776, 0, 1, 1, 0, 0, 0
84777, 0, 1, 1, 0, 0, 0
84778, 2, 2, 2, 0, 2, 0
84779, 0, 1, 1, 0, 0, 0
84780, 3, 1, 1, 0, 2, 1
84782, 0, 1, 1, 0, 0, 0
84784, 3, 3, 3, 0, 3, 0
84785, 0, 2, 2, 0, 0, 0
84786, 0, 1, 1, 0, 0, 0
84787, 0, 1, 1, 0, 0, 0
84790, 0, 1, 1, 0, 0, 0
84791, 0, 1, 1, 0, 0, 0
84792, 1, 1, 1, 0, 1, 0
84793, 1, 1, 1, 0, 1, 0
84794, 0, 1, 1, 0, 0, 0
84795, 0, 1, 1, 0, 0, 0
84796, 0, 1, 1, 0, 0, 0
84797, 0, 1, 1, 0, 0, 0
84798, 0, 1, 1, 0, 0, 0
84799, 0, 1, 1, 0, 0, 0
84801, 0, 1, 1, 0, 0, 0
84802, 0, 1, 1, 0, 0, 0
84803, 0, 1, 1, 0, 0, 0
84804, 0, 1, 1, 0, 0, 0
84805, 6, 1, 1, 0, 6, 0
84806, 0, 1, 1, 0, 0, 0
84807, 0, 1, 1, 0, 0, 0
84808, 0, 1, 1, 0, 0, 0
84809, 0, 2, 2, 0, 0, 0
84812, 0, 1, 1, 0, 0, 0
84813, 0, 1, 1, 0, 0, 0
84814, 0, 1, 1, 0, 0, 0
84815, 0, 1, 1, 0, 0, 0
84816, 0, 1, 1, 0, 0, 0
84817, 0, 1, 1, 0, 0, 0
84818, 1, 1, 1, 0, 1, 0
84819, 0, 1, 1, 0, 0, 0
84820, 0, 1, 1, 0, 0, 0
84821, 0, 1, 1, 0, 0, 0
84823, 0, 1, 1, 0, 0, 0
84824, 0, 1, 1, 0, 0, 0
84825, 0, 1, 1, 0, 0, 0
84826, 10, 3, 3, 0, 10, 0
84827, 0, 1, 1, 0, 0, 0
84828, 0, 1, 1, 0, 0, 0
84829, 0, 1, 1, 0, 0, 0
84830, 0, 1, 1, 0, 0, 0
84832, 1, 1, 1, 0, 1, 0
84833, 0, 1, 1, 0, 0, 0
84835, 0, 1, 1, 0, 0, 0
84836, 1, 1, 1, 0, 1, 0
84837, 1, 1, 1, 0, 1, 0
84838, 0, 1, 1, 0, 0, 0
84840, 1, 1, 1, 0, 1, 0
84841, 0, 1, 1, 0, 0, 0
84842, 0, 1, 1, 0, 0, 0
84843, 0, 2, 2, 0, 0, 0
84844, 0, 1, 1, 0, 0, 0
84847, 0, 1, 1, 0, 0, 0
84848, 0, 1, 1, 0, 0, 0
84849, 0, 1, 1, 0, 0, 0
84850, 0, 1, 1, 0, 0, 0
84851, 0, 1, 1, 0, 0, 0
84852, 0, 1, 1, 0, 0, 0
84853, 0, 1, 1, 0, 0, 0
84854, 0, 1, 1, 0, 0, 0
84855, 0, 1, 1, 0, 0, 0
84857, 0, 2, 2, 0, 0, 0
84858, 0, 1, 1, 0, 0, 0
84859, 0, 1, 1, 0, 0, 0
84861, 0, 1, 1, 0, 0, 0
84862, 0, 1, 1, 0, 0, 0
84863, 0, 1, 1, 0, 0, 0
84864, 0, 1, 1, 0, 0, 0
84865, 6, 2, 2, 0, 5, 1
84866, 0, 1, 1, 0, 0, 0
84868, 0, 1, 1, 0, 0, 0
84869, 0, 1, 1, 0, 0, 0
84870, 0, 1, 1, 0, 0, 0
84871, 0, 1, 1, 0, 0, 0
84872, 0, 2, 2, 0, 0, 0
84873, 0, 1, 1, 0, 0, 0
84874, 0, 1, 1, 0, 0, 0
84875, 0, 1, 1, 0, 0, 0
84877, 0, 1, 1, 0, 0, 0
84878, 0, 1, 1, 0, 0, 0
84880, 0, 1, 1, 0, 0, 0
84881, 0, 1, 1, 0, 0, 0
84882, 0, 1, 1, 0, 0, 0
84883, 0, 1, 1, 0, 0, 0
84884, 0, 1, 1, 0, 0, 0
84885, 0, 1, 1, 0, 0, 0
84886, 0, 1, 1, 0, 0, 0
84887, 0, 1, 1, 0, 0, 0
84888, 0, 1, 1, 0, 0, 0
84889, 0, 1, 1, 0, 0, 0
84890, 0, 1, 1, 0, 0, 0
84891, 0, 1, 1, 0, 0, 0
84892, 0, 1, 1, 0, 0, 0
84893, 0, 1, 1, 0, 0, 0
84894, 0, 1, 1, 0, 0, 0
84895, 0, 1, 1, 0, 0, 0
84896, 0, 1, 1, 0, 0, 0
84898, 0, 1, 1, 0, 0, 0
84899, 0, 1, 1, 0, 0, 0
84900, 0, 1, 1, 0, 0, 0
84901, 3, 1, 1, 0, 3, 0
84902, 0, 1, 1, 0, 0, 0
84903, 0, 1, 1, 0, 0, 0
84904, 0, 1, 1, 0, 0, 0
84905, 0, 1, 1, 0, 0, 0
84906, 1, 1, 1, 0, 1, 0
84907, 0, 1, 1, 0, 0, 0
84908, 1, 5, 4, 1, 1, 0
84909, 0, 1, 1, 0, 0, 0
84910, 0, 2, 2, 0, 0, 0
84911, 0, 1, 1, 0, 0, 0
84913, 0, 1, 1, 0, 0, 0
84914, 0, 1, 1, 0, 0, 0
84915, 0, 2, 2, 0, 0, 0
84916, 0, 1, 1, 0, 0, 0
84917, 0, 1, 1, 0, 0, 0
84918, 0, 1, 1, 0, 0, 0
84919, 0, 1, 1, 0, 0, 0
84920, 0, 1, 1, 0, 0, 0
84921, 0, 1, 1, 0, 0, 0
84922, 0, 1, 1, 0, 0, 0
84923, 0, 1, 1, 0, 0, 0
84924, 0, 1, 1, 0, 0, 0
84925, 0, 1, 1, 0, 0, 0
84926, 0, 1, 1, 0, 0, 0
84927, 0, 1, 1, 0, 0, 0
84928, 0, 1, 1, 0, 0, 0
84929, 0, 1, 1, 0, 0, 0
84930, 1, 1, 1, 0, 1, 0
84931, 0, 1, 1, 0, 0, 0
64239, 2, 1, 1, 0, 2, 0
64243, 0, 2, 2, 0, 0, 0
64246, 1, 7, 7, 0, 1, 0
64248, 0, 1, 1, 0, 0, 0
83226, 0, 1, 1, 0, 0, 0
70773, 2, 3, 3, 0, 2, 0
56094, 1, 1, 1, 0, 1, 0
84757, 0, 1, 1, 0, 0, 0
55435, 2, 1, 1, 0, 2, 0
55440, 3, 1, 1, 0, 3, 0
55723, 3, 1, 1, 0, 3, 0
66835, 0, 1, 1, 0, 0, 0
66836, 0, 2, 2, 0, 0, 0
34568, 4, 1, 1, 0, 3, 1
30730, 0, 1, 1, 0, 0, 0
53407, 5, 2, 2, 0, 5, 0
53517, 2, 1, 1, 0, 2, 0
53518, 1, 1, 1, 0, 1, 0
94397, 0, 2, 2, 0, 0, 0
39614, 1, 5, 5, 0, 0, 1
52762, 3, 1, 1, 0, 2, 1
44571, 1, 2, 2, 0, 1, 0
44609, 1, 1, 1, 0, 1, 0
44717, 0, 1, 1, 0, 0, 0
50278, 1, 1, 1, 0, 1, 0
51843, 0, 1, 1, 0, 0, 0
44706, 29, 2, 2, 0, 29, 0
67702, 6, 7, 6, 1, 6, 0
38233, 1, 3, 2, 1, 0, 1
119456, 1, 1, 0, 1, 1, 0
122819, 1, 2, 0, 2, 0, 1
124285, 1, 2, 0, 2, 1, 0
125093, 0, 1, 0, 1, 0, 0
100492, 1, 1, 1, 0, 1, 0
109378, 1, 2, 2, 0, 1, 0
64336, 4, 4, 4, 0, 4, 0
64338, 1, 3, 3, 0, 1, 0
64339, 1, 3, 3, 0, 1, 0
64340, 1, 1, 1, 0, 1, 0
82056, 0, 1, 1, 0, 0, 0
99230, 3, 1, 1, 0, 3, 0
41725, 6, 6, 5, 1, 6, 0
45287, 0, 1, 0, 1, 0, 0
43560, 0, 1, 1, 0, 0, 0
43561, 0, 1, 1, 0, 0, 0
40823, 0, 1, 1, 0, 0, 0
61842, 1, 2, 2, 0, 1, 0
108108, 0, 1, 0, 1, 0, 0
44228, 0, 1, 1, 0, 0, 0
44233, 1, 2, 2, 0, 1, 0
47539, 0, 1, 1, 0, 0, 0
39632, 5, 1, 1, 0, 5, 0
47951, 0, 2, 2, 0, 0, 0
49144, 1, 1, 1, 0, 1, 0
88702, 0, 1, 1, 0, 0, 0
88704, 0, 1, 0, 1, 0, 0
30134, 6, 1, 1, 0, 6, 0
30135, 1, 0, 0, 0, 0, 1
30136, 1, 0, 0, 0, 1, 0
30139, 2, 1, 0, 1, 2, 0
30540, 0, 1, 1, 0, 0, 0
32439, 1, 1, 1, 0, 1, 0
30143, 1, 0, 0, 0, 1, 0
30144, 0, 1, 1, 0, 0, 0
30145, 2, 0, 0, 0, 2, 0
30146, 1, 0, 0, 0, 1, 0
30147, 0, 2, 2, 0, 0, 0
30148, 2, 0, 0, 0, 2, 0
30150, 2, 0, 0, 0, 1, 1
30151, 4, 0, 0, 0, 3, 1
30152, 1, 1, 1, 0, 0, 1
30155, 1, 0, 0, 0, 1, 0
30159, 1, 1, 1, 0, 1, 0
73192, 1, 3, 3, 0, 1, 0
30162, 1, 0, 0, 0, 0, 1
30164, 1, 0, 0, 0, 1, 0
30165, 1, 0, 0, 0, 1, 0
30166, 1, 0, 0, 0, 1, 0
30169, 1, 0, 0, 0, 1, 0
30170, 0, 4, 3, 1, 0, 0
30171, 1, 0, 0, 0, 1, 0
30173, 1, 1, 0, 1, 1, 0
30174, 1, 0, 0, 0, 1, 0
30179, 4, 2, 2, 0, 4, 0
30180, 2, 1, 1, 0, 2, 0
30183, 0, 1, 1, 0, 0, 0
30185, 0, 2, 2, 0, 0, 0
30186, 0, 2, 2, 0, 0, 0
30192, 1, 3, 3, 0, 1, 0
30194, 10, 1, 1, 0, 10, 0
30195, 0, 1, 1, 0, 0, 0
87030, 1, 1, 1, 0, 1, 0
88665, 0, 1, 1, 0, 0, 0
67934, 0, 1, 1, 0, 0, 0
71712, 2, 3, 3, 0, 2, 0
71713, 0, 1, 1, 0, 0, 0
76837, 2, 1, 1, 0, 2, 0
88460, 1, 2, 1, 1, 1, 0
76831, 0, 1, 1, 0, 0, 0
66433, 3, 5, 5, 0, 3, 0
74745, 1, 2, 2, 0, 1, 0
65234, 2, 4, 4, 0, 2, 0
68805, 2, 4, 4, 0, 2, 0
74509, 3, 3, 3, 0, 2, 1
30197, 1, 0, 0, 0, 1, 0
89002, 1, 1, 1, 0, 1, 0
97544, 1, 1, 1, 0, 1, 0
30199, 1, 0, 0, 0, 1, 0
30200, 1, 1, 1, 0, 1, 0
30202, 1, 1, 1, 0, 1, 0
30203, 2, 3, 3, 0, 2, 0
30461, 1, 2, 2, 0, 1, 0
30204, 1, 0, 0, 0, 1, 0
30205, 0, 1, 1, 0, 0, 0
30206, 1, 0, 0, 0, 1, 0
30208, 1, 0, 0, 0, 1, 0
44494, 0, 1, 0, 1, 0, 0
30210, 2, 0, 0, 0, 0, 2
30211, 0, 1, 0, 1, 0, 0
30212, 1, 1, 1, 0, 1, 0
30213, 1, 0, 0, 0, 1, 0
30269, 1, 2, 2, 0, 1, 0
30216, 1, 0, 0, 0, 1, 0
30217, 1, 1, 1, 0, 1, 0
30219, 1, 0, 0, 0, 1, 0
30222, 1, 0, 0, 0, 1, 0
30223, 1, 0, 0, 0, 1, 0
30224, 1, 0, 0, 0, 1, 0
30227, 1, 0, 0, 0, 1, 0
52339, 3, 3, 3, 0, 3, 0
30230, 1, 0, 0, 0, 1, 0
30231, 1, 0, 0, 0, 0, 1
30237, 1, 0, 0, 0, 1, 0
30238, 1, 0, 0, 0, 1, 0
30239, 7, 0, 0, 0, 7, 0
30240, 0, 1, 1, 0, 0, 0
30243, 0, 1, 0, 1, 0, 0
47152, 2, 1, 1, 0, 1, 1
30244, 1, 0, 0, 0, 1, 0
30246, 1, 0, 0, 0, 1, 0
30247, 1, 0, 0, 0, 1, 0
30249, 2, 1, 1, 0, 1, 1
30250, 1, 1, 1, 0, 1, 0
30251, 1, 0, 0, 0, 1, 0
112285, 1, 1, 1, 0, 1, 0
30271, 1, 0, 0, 0, 0, 1
30273, 1, 1, 1, 0, 1, 0
30275, 1, 0, 0, 0, 1, 0
30278, 1, 1, 1, 0, 1, 0
64903, 2, 1, 1, 0, 2, 0
72722, 5, 3, 3, 0, 5, 0
74077, 0, 1, 1, 0, 0, 0
30280, 1, 0, 0, 0, 0, 1
30281, 1, 0, 0, 0, 1, 0
30285, 2, 0, 0, 0, 2, 0
30286, 1, 0, 0, 0, 1, 0
32292, 2, 1, 1, 0, 1, 1
32971, 1, 1, 1, 0, 1, 0
37222, 1, 4, 4, 0, 1, 0
30288, 1, 0, 0, 0, 1, 0
30289, 1, 0, 0, 0, 1, 0
30290, 0, 3, 2, 1, 0, 0
30291, 1, 0, 0, 0, 1, 0
30292, 2, 0, 0, 0, 0, 2
30293, 0, 1, 0, 1, 0, 0
30294, 1, 0, 0, 0, 1, 0
30295, 2, 0, 0, 0, 2, 0
30296, 1, 0, 0, 0, 0, 1
40355, 2, 1, 1, 0, 2, 0
43017, 0, 2, 0, 2, 0, 0
43251, 1, 1, 1, 0, 1, 0
44324, 0, 1, 1, 0, 0, 0
44328, 0, 1, 1, 0, 0, 0
30298, 3, 0, 0, 0, 3, 0
30302, 2, 0, 0, 0, 1, 1
30303, 0, 1, 0, 1, 0, 0
30304, 1, 0, 0, 0, 1, 0
30305, 8, 1, 1, 0, 8, 0
30306, 4, 0, 0, 0, 4, 0
30307, 1, 0, 0, 0, 1, 0
30308, 1, 0, 0, 0, 0, 1
30310, 1, 0, 0, 0, 0, 1
42472, 7, 3, 3, 0, 7, 0
42473, 0, 1, 1, 0, 0, 0
42474, 0, 1, 1, 0, 0, 0
42475, 0, 1, 1, 0, 0, 0
42476, 9, 9, 9, 0, 9, 0
42478, 0, 2, 1, 1, 0, 0
109520, 2, 3, 2, 1, 2, 0
30316, 1, 0, 0, 0, 1, 0
30317, 1, 0, 0, 0, 1, 0
30318, 1, 0, 0, 0, 1, 0
30319, 2, 0, 0, 0, 2, 0
30320, 1, 0, 0, 0, 1, 0
112129, 0, 1, 0, 1, 0, 0
30322, 1, 0, 0, 0, 0, 1
30326, 1, 0, 0, 0, 1, 0
30327, 2, 0, 0, 0, 1, 1
30329, 0, 1, 1, 0, 0, 0
30330, 1, 0, 0, 0, 1, 0
30331, 2, 0, 0, 0, 2, 0
30332, 2, 1, 1, 0, 2, 0
30333, 5, 2, 2, 0, 5, 0
30334, 0, 2, 2, 0, 0, 0
31695, 4, 1, 1, 0, 4, 0
30335, 2, 1, 1, 0, 2, 0
30336, 1, 1, 1, 0, 1, 0
30337, 1, 0, 0, 0, 1, 0
30339, 1, 0, 0, 0, 0, 1
30340, 1, 0, 0, 0, 0, 1
30341, 0, 1, 0, 1, 0, 0
30342, 1, 0, 0, 0, 1, 0
30343, 1, 0, 0, 0, 0, 1
30344, 0, 1, 0, 1, 0, 0
30345, 1, 0, 0, 0, 1, 0
30348, 1, 0, 0, 0, 1, 0
30349, 6, 0, 0, 0, 5, 1
30351, 1, 0, 0, 0, 1, 0
30352, 1, 3, 3, 0, 1, 0
99571, 0, 1, 1, 0, 0, 0
30357, 3, 4, 4, 0, 3, 0
35332, 4, 1, 1, 0, 3, 1
35895, 1, 1, 1, 0, 1, 0
45699, 1, 1, 1, 0, 1, 0
95140, 0, 1, 1, 0, 0, 0
95141, 0, 1, 1, 0, 0, 0
101909, 0, 1, 1, 0, 0, 0
101941, 0, 2, 1, 1, 0, 0
51101, 11, 2, 2, 0, 7, 4
51667, 11, 1, 1, 0, 11, 0
51669, 0, 1, 1, 0, 0, 0
51673, 3, 1, 1, 0, 3, 0
51675, 18, 1, 1, 0, 17, 1
51676, 0, 1, 0, 1, 0, 0
30359, 1, 0, 0, 0, 1, 0
32662, 1, 1, 1, 0, 1, 0
101804, 1, 1, 1, 0, 1, 0
61773, 2, 3, 3, 0, 2, 0
89857, 1, 2, 2, 0, 1, 0
91707, 0, 1, 1, 0, 0, 0
42581, 4, 3, 2, 1, 3, 1
113616, 0, 1, 1, 0, 0, 0
30366, 1, 0, 0, 0, 1, 0
30368, 1, 0, 0, 0, 0, 1
30370, 3, 1, 1, 0, 3, 0
30371, 2, 0, 0, 0, 2, 0
30373, 1, 0, 0, 0, 1, 0
30374, 1, 0, 0, 0, 1, 0
30375, 2, 0, 0, 0, 1, 1
30377, 1, 0, 0, 0, 1, 0
30379, 1, 0, 0, 0, 1, 0
53679, 1, 1, 0, 1, 0, 1
58284, 0, 2, 0, 2, 0, 0
58285, 0, 1, 0, 1, 0, 0
58286, 0, 1, 1, 0, 0, 0
30382, 2, 0, 0, 0, 2, 0
30384, 1, 0, 0, 0, 1, 0
113930, 7, 6, 5, 1, 7, 0
45691, 0, 2, 2, 0, 0, 0
30389, 1, 1, 1, 0, 1, 0
30390, 6, 1, 1, 0, 5, 1
92010, 0, 1, 1, 0, 0, 0
92011, 0, 1, 1, 0, 0, 0
92012, 0, 1, 1, 0, 0, 0
92013, 0, 1, 1, 0, 0, 0
30391, 8, 0, 0, 0, 5, 3
30393, 0, 1, 1, 0, 0, 0
30394, 3, 4, 4, 0, 3, 0
57885, 0, 1, 1, 0, 0, 0
50323, 0, 2, 1, 1, 0, 0
50324, 0, 2, 2, 0, 0, 0
50325, 0, 2, 1, 1, 0, 0
50326, 0, 1, 0, 1, 0, 0
50327, 1, 1, 1, 0, 1, 0
50328, 0, 1, 0, 1, 0, 0
50329, 0, 1, 0, 1, 0, 0
50330, 3, 1, 0, 1, 2, 1
50331, 1, 1, 1, 0, 0, 1
50332, 0, 1, 1, 0, 0, 0
50337, 0, 1, 0, 1, 0, 0
50338, 0, 1, 0, 1, 0, 0
50339, 1, 1, 0, 1, 0, 1
50342, 0, 1, 0, 1, 0, 0
50345, 0, 1, 0, 1, 0, 0
50347, 0, 1, 0, 1, 0, 0
50349, 0, 1, 0, 1, 0, 0
50350, 0, 1, 0, 1, 0, 0
50352, 0, 1, 0, 1, 0, 0
50354, 0, 1, 0, 1, 0, 0
50358, 0, 1, 0, 1, 0, 0
50359, 0, 1, 0, 1, 0, 0
50360, 0, 1, 0, 1, 0, 0
50361, 0, 1, 0, 1, 0, 0
50363, 0, 1, 0, 1, 0, 0
50364, 0, 2, 1, 1, 0, 0
50367, 0, 2, 0, 2, 0, 0
50368, 0, 1, 0, 1, 0, 0
85586, 1, 1, 1, 0, 1, 0
30397, 3, 0, 0, 0, 3, 0
30398, 2, 2, 2, 0, 2, 0
37900, 0, 2, 0, 2, 0, 0
74872, 0, 2, 1, 1, 0, 0
84644, 0, 2, 1, 1, 0, 0
30400, 1, 0, 0, 0, 1, 0
64329, 2, 6, 6, 0, 2, 0
68246, 1, 1, 1, 0, 1, 0
30406, 1, 0, 0, 0, 1, 0
30407, 1, 1, 1, 0, 1, 0
30409, 1, 0, 0, 0, 1, 0
30410, 1, 0, 0, 0, 0, 1
30411, 3, 0, 0, 0, 2, 1
30413, 1, 0, 0, 0, 1, 0
30414, 1, 0, 0, 0, 1, 0
30415, 1, 0, 0, 0, 0, 1
30416, 1, 0, 0, 0, 1, 0
30417, 1, 0, 0, 0, 1, 0
30418, 1, 1, 1, 0, 1, 0
31345, 1, 1, 1, 0, 1, 0
30420, 1, 0, 0, 0, 1, 0
30421, 2, 0, 0, 0, 1, 1
30423, 1, 0, 0, 0, 1, 0
30426, 1, 0, 0, 0, 0, 1
30428, 1, 0, 0, 0, 1, 0
30431, 1, 0, 0, 0, 1, 0
30432, 1, 0, 0, 0, 0, 1
30433, 1, 0, 0, 0, 0, 1
31644, 1, 1, 1, 0, 1, 0
30435, 1, 0, 0, 0, 1, 0
30437, 1, 0, 0, 0, 1, 0
30438, 2, 0, 0, 0, 2, 0
48951, 1, 1, 1, 0, 1, 0
54474, 0, 1, 1, 0, 0, 0
30440, 1, 0, 0, 0, 1, 0
75487, 2, 4, 3, 1, 2, 0
75682, 0, 1, 1, 0, 0, 0
30442, 1, 0, 0, 0, 1, 0
30444, 0, 1, 1, 0, 0, 0
30446, 1, 0, 0, 0, 0, 1
30448, 3, 0, 0, 0, 3, 0
30450, 2, 0, 0, 0, 1, 1
30451, 0, 2, 2, 0, 0, 0
30452, 1, 0, 0, 0, 1, 0
30453, 1, 0, 0, 0, 1, 0
30454, 1, 0, 0, 0, 0, 1
30455, 1, 0, 0, 0, 1, 0
38209, 1, 1, 1, 0, 1, 0
30460, 0, 1, 1, 0, 0, 0
30462, 1, 0, 0, 0, 0, 1
30464, 1, 0, 0, 0, 0, 1
30465, 0, 1, 0, 1, 0, 0
30466, 1, 0, 0, 0, 1, 0
30467, 1, 1, 1, 0, 1, 0
74965, 1, 1, 1, 0, 1, 0
74966, 0, 1, 1, 0, 0, 0
30471, 2, 0, 0, 0, 2, 0
30475, 2, 0, 0, 0, 2, 0
96205, 0, 1, 1, 0, 0, 0
30481, 1, 0, 0, 0, 1, 0
30482, 0, 1, 1, 0, 0, 0
30483, 2, 0, 0, 0, 2, 0
30485, 1, 0, 0, 0, 0, 1
30486, 0, 1, 0, 1, 0, 0
30487, 1, 0, 0, 0, 1, 0
30489, 1, 0, 0, 0, 1, 0
30490, 2, 1, 1, 0, 2, 0
30491, 1, 0, 0, 0, 1, 0
30492, 1, 0, 0, 0, 1, 0
30493, 1, 0, 0, 0, 0, 1
30495, 1, 0, 0, 0, 1, 0
30496, 1, 0, 0, 0, 1, 0
30497, 1, 0, 0, 0, 1, 0
30498, 1, 0, 0, 0, 1, 0
30500, 1, 0, 0, 0, 0, 1
30502, 2, 0, 0, 0, 2, 0
30503, 1, 0, 0, 0, 0, 1
30509, 1, 0, 0, 0, 0, 1
30510, 1, 0, 0, 0, 1, 0
30511, 3, 1, 1, 0, 3, 0
30513, 0, 2, 2, 0, 0, 0
30514, 1, 0, 0, 0, 0, 1
30518, 1, 0, 0, 0, 1, 0
30520, 1, 0, 0, 0, 1, 0
76560, 0, 1, 1, 0, 0, 0
31463, 1, 2, 1, 1, 1, 0
32268, 0, 1, 1, 0, 0, 0
30523, 1, 0, 0, 0, 1, 0
30595, 1, 2, 2, 0, 1, 0
30526, 0, 1, 1, 0, 0, 0
30528, 22, 5, 4, 1, 22, 0
42752, 0, 1, 1, 0, 0, 0
42757, 0, 4, 4, 0, 0, 0
42763, 1, 3, 3, 0, 1, 0
30531, 2, 0, 0, 0, 1, 1
30532, 0, 1, 1, 0, 0, 0
30535, 0, 1, 1, 0, 0, 0
30536, 2, 0, 0, 0, 2, 0
36334, 6, 2, 2, 0, 5, 1
36336, 5, 3, 3, 0, 5, 0
36338, 0, 4, 2, 2, 0, 0
42276, 1, 2, 2, 0, 1, 0
42401, 1, 1, 1, 0, 1, 0
42642, 1, 1, 1, 0, 1, 0
43277, 6, 8, 7, 1, 5, 1
45142, 1, 1, 1, 0, 1, 0
49341, 9, 2, 2, 0, 9, 0
52545, 1, 1, 1, 0, 1, 0
69323, 0, 2, 2, 0, 0, 0
77217, 6, 4, 4, 0, 5, 1
81166, 0, 1, 1, 0, 0, 0
81167, 0, 1, 1, 0, 0, 0
81168, 0, 1, 0, 1, 0, 0
81169, 0, 1, 1, 0, 0, 0
81170, 0, 2, 1, 1, 0, 0
30541, 1, 0, 0, 0, 0, 1
55742, 0, 2, 2, 0, 0, 0
57457, 1, 2, 2, 0, 1, 0
57846, 1, 3, 3, 0, 1, 0
63137, 1, 2, 2, 0, 1, 0
69216, 1, 1, 1, 0, 1, 0
71488, 5, 5, 5, 0, 5, 0
75990, 0, 1, 1, 0, 0, 0
75991, 0, 1, 1, 0, 0, 0
75992, 0, 1, 1, 0, 0, 0
75993, 0, 1, 1, 0, 0, 0
75994, 0, 1, 1, 0, 0, 0
75995, 0, 1, 1, 0, 0, 0
30544, 3, 0, 0, 0, 3, 0
30546, 1, 0, 0, 0, 0, 1
30547, 1, 0, 0, 0, 0, 1
30548, 1, 0, 0, 0, 0, 1
30549, 1, 0, 0, 0, 1, 0
74734, 0, 2, 0, 2, 0, 0
30557, 1, 0, 0, 0, 1, 0
30559, 1, 0, 0, 0, 0, 1
30561, 1, 0, 0, 0, 1, 0
30562, 1, 0, 0, 0, 1, 0
30563, 1, 0, 0, 0, 1, 0
30564, 1, 0, 0, 0, 1, 0
30566, 1, 0, 0, 0, 1, 0
30567, 1, 0, 0, 0, 1, 0
30571, 1, 0, 0, 0, 0, 1
30572, 1, 2, 1, 1, 1, 0
30574, 1, 0, 0, 0, 0, 1
30575, 1, 0, 0, 0, 0, 1
30576, 0, 1, 0, 1, 0, 0
30578, 1, 0, 0, 0, 1, 0
30579, 2, 0, 0, 0, 2, 0
30580, 1, 1, 1, 0, 1, 0
30583, 1, 1, 1, 0, 1, 0
30584, 1, 1, 1, 0, 1, 0
30585, 3, 0, 0, 0, 3, 0
30587, 3, 0, 0, 0, 3, 0
30588, 2, 0, 0, 0, 2, 0
53973, 0, 3, 3, 0, 0, 0
108659, 0, 1, 1, 0, 0, 0
108739, 0, 2, 1, 1, 0, 0
122952, 0, 1, 1, 0, 0, 0
30591, 1, 0, 0, 0, 1, 0
30592, 1, 0, 0, 0, 1, 0
96997, 2, 1, 1, 0, 2, 0
30596, 4, 0, 0, 0, 4, 0
30598, 1, 0, 0, 0, 1, 0
73787, 1, 2, 2, 0, 1, 0
74852, 0, 1, 1, 0, 0, 0
74853, 0, 1, 1, 0, 0, 0
50913, 0, 2, 2, 0, 0, 0
60832, 4, 2, 2, 0, 4, 0
63593, 3, 2, 2, 0, 3, 0
81156, 0, 1, 1, 0, 0, 0
85696, 3, 1, 1, 0, 3, 0
86495, 1, 1, 1, 0, 1, 0
30612, 1, 0, 0, 0, 1, 0
30613, 0, 1, 1, 0, 0, 0
30614, 1, 0, 0, 0, 1, 0
36997, 3, 3, 3, 0, 3, 0
56088, 0, 1, 0, 1, 0, 0
30631, 1, 0, 0, 0, 1, 0
30633, 6, 0, 0, 0, 4, 2
66886, 0, 1, 1, 0, 0, 0
30636, 1, 0, 0, 0, 1, 0
34242, 0, 1, 1, 0, 0, 0
33073, 8, 2, 2, 0, 8, 0
33076, 4, 5, 5, 0, 4, 0
33078, 8, 2, 2, 0, 8, 0
33079, 8, 3, 3, 0, 8, 0
33080, 7, 5, 5, 0, 7, 0
30640, 1, 1, 1, 0, 1, 0
30641, 1, 2, 2, 0, 1, 0
30643, 3, 1, 1, 0, 0, 3
53149, 3, 1, 1, 0, 3, 0
54025, 0, 2, 2, 0, 0, 0
30645, 1, 1, 1, 0, 0, 1
30646, 1, 0, 0, 0, 1, 0
30647, 3, 0, 0, 0, 3, 0
30648, 3, 0, 0, 0, 3, 0
30650, 3, 0, 0, 0, 3, 0
30651, 1, 0, 0, 0, 1, 0
30652, 2, 0, 0, 0, 2, 0
30653, 1, 2, 2, 0, 1, 0
30654, 1, 1, 1, 0, 1, 0
30656, 1, 0, 0, 0, 1, 0
30657, 1, 1, 1, 0, 0, 1
30658, 1, 0, 0, 0, 0, 1
30659, 1, 1, 1, 0, 1, 0
30660, 0, 1, 1, 0, 0, 0
30663, 1, 1, 1, 0, 1, 0
30664, 3, 1, 1, 0, 1, 2
30755, 4, 1, 0, 1, 4, 0
30665, 1, 0, 0, 0, 1, 0
30666, 2, 0, 0, 0, 2, 0
30667, 1, 0, 0, 0, 1, 0
30669, 1, 0, 0, 0, 1, 0
30670, 1, 0, 0, 0, 1, 0
30671, 0, 1, 1, 0, 0, 0
30673, 3, 4, 4, 0, 3, 0
30674, 0, 1, 1, 0, 0, 0
30677, 3, 0, 0, 0, 3, 0
30678, 2, 4, 3, 1, 2, 0
30679, 2, 0, 0, 0, 2, 0
30680, 1, 0, 0, 0, 1, 0
30681, 1, 0, 0, 0, 0, 1
30682, 5, 4, 2, 2, 5, 0
30684, 1, 0, 0, 0, 1, 0
30685, 1, 0, 0, 0, 1, 0
60691, 0, 1, 1, 0, 0, 0
60692, 0, 1, 1, 0, 0, 0
30689, 1, 0, 0, 0, 1, 0
30690, 1, 0, 0, 0, 0, 1
30691, 1, 0, 0, 0, 1, 0
30692, 3, 0, 0, 0, 1, 2
30694, 1, 0, 0, 0, 0, 1
30695, 0, 1, 0, 1, 0, 0
30696, 1, 0, 0, 0, 1, 0
30697, 0, 1, 1, 0, 0, 0
30700, 1, 0, 0, 0, 0, 1
30702, 1, 0, 0, 0, 1, 0
30703, 0, 1, 1, 0, 0, 0
30704, 1, 0, 0, 0, 1, 0
30706, 1, 0, 0, 0, 1, 0
50306, 2, 2, 2, 0, 2, 0
52752, 6, 4, 4, 0, 6, 0
60422, 1, 1, 1, 0, 1, 0
70552, 0, 2, 2, 0, 0, 0
41154, 16, 2, 2, 0, 15, 1
48036, 1, 3, 3, 0, 1, 0
48040, 0, 2, 2, 0, 0, 0
48041, 0, 1, 1, 0, 0, 0
48042, 3, 4, 3, 1, 3, 0
30711, 1, 0, 0, 0, 1, 0
30718, 1, 0, 0, 0, 1, 0
52828, 1, 1, 1, 0, 1, 0
30720, 1, 0, 0, 0, 1, 0
30721, 1, 0, 0, 0, 1, 0
30722, 1, 0, 0, 0, 1, 0
30724, 2, 0, 0, 0, 2, 0
30725, 0, 1, 1, 0, 0, 0
108482, 0, 1, 1, 0, 0, 0
81622, 2, 1, 1, 0, 2, 0
43005, 6, 6, 6, 0, 6, 0
70532, 0, 1, 1, 0, 0, 0
30731, 1, 0, 0, 0, 1, 0
30732, 1, 0, 0, 0, 1, 0
55717, 2, 1, 1, 0, 1, 1
30737, 1, 0, 0, 0, 1, 0
30740, 1, 0, 0, 0, 1, 0
30742, 1, 0, 0, 0, 1, 0
87519, 2, 1, 1, 0, 2, 0
30744, 1, 0, 0, 0, 1, 0
30747, 1, 1, 1, 0, 1, 0
30748, 1, 1, 1, 0, 1, 0
30749, 1, 0, 0, 0, 1, 0
30750, 0, 1, 1, 0, 0, 0
30753, 1, 0, 0, 0, 1, 0
48434, 8, 2, 2, 0, 8, 0
30756, 2, 0, 0, 0, 2, 0
30757, 4, 1, 1, 0, 4, 0
30759, 1, 0, 0, 0, 1, 0
30761, 1, 0, 0, 0, 0, 1
30764, 1, 0, 0, 0, 1, 0
30765, 1, 0, 0, 0, 1, 0
30766, 3, 0, 0, 0, 3, 0
30767, 4, 0, 0, 0, 4, 0
30768, 1, 0, 0, 0, 1, 0
30769, 1, 0, 0, 0, 1, 0
30770, 1, 0, 0, 0, 0, 1
30784, 6, 1, 1, 0, 6, 0
62131, 5, 5, 5, 0, 5, 0
68856, 0, 2, 2, 0, 0, 0
81768, 1, 1, 1, 0, 1, 0
82986, 4, 1, 1, 0, 4, 0
82987, 1, 1, 1, 0, 1, 0
30774, 2, 0, 0, 0, 2, 0
30776, 1, 0, 0, 0, 1, 0
30777, 0, 3, 3, 0, 0, 0
30778, 1, 1, 0, 1, 0, 1
30781, 1, 1, 1, 0, 1, 0
30782, 1, 1, 1, 0, 1, 0
30787, 2, 0, 0, 0, 2, 0
30788, 1, 2, 1, 1, 1, 0
57266, 0, 1, 1, 0, 0, 0
57267, 0, 1, 1, 0, 0, 0
30790, 1, 0, 0, 0, 1, 0
30791, 1, 0, 0, 0, 1, 0
30792, 2, 2, 2, 0, 2, 0
36996, 0, 1, 1, 0, 0, 0
30793, 1, 0, 0, 0, 1, 0
30794, 1, 0, 0, 0, 1, 0
30795, 1, 0, 0, 0, 1, 0
30796, 0, 3, 2, 1, 0, 0
30799, 1, 1, 1, 0, 1, 0
30800, 1, 0, 0, 0, 0, 1
30801, 1, 0, 0, 0, 0, 1
30802, 1, 0, 0, 0, 1, 0
30803, 2, 0, 0, 0, 2, 0
30804, 1, 0, 0, 0, 1, 0
30805, 1, 0, 0, 0, 1, 0
30807, 1, 1, 1, 0, 1, 0
30808, 1, 1, 1, 0, 1, 0
30810, 1, 0, 0, 0, 1, 0
30811, 1, 0, 0, 0, 1, 0
30812, 1, 0, 0, 0, 1, 0
30813, 1, 0, 0, 0, 1, 0
30814, 6, 0, 0, 0, 5, 1
30815, 0, 1, 1, 0, 0, 0
30817, 0, 1, 1, 0, 0, 0
126089, 1, 1, 0, 1, 1, 0
127776, 0, 1, 1, 0, 0, 0
30819, 1, 0, 0, 0, 1, 0
30820, 1, 0, 0, 0, 0, 1
30822, 2, 0, 0, 0, 1, 1
30823, 0, 2, 1, 1, 0, 0
30824, 1, 0, 0, 0, 1, 0
30825, 1, 0, 0, 0, 1, 0
30826, 2, 0, 0, 0, 1, 1
30827, 1, 0, 0, 0, 1, 0
30829, 1, 0, 0, 0, 1, 0
30831, 1, 0, 0, 0, 1, 0
30832, 1, 0, 0, 0, 1, 0
30833, 1, 0, 0, 0, 1, 0
30837, 3, 0, 0, 0, 3, 0
79076, 0, 2, 2, 0, 0, 0
30839, 1, 0, 0, 0, 0, 1
30840, 0, 1, 0, 1, 0, 0
30841, 1, 0, 0, 0, 1, 0
30842, 1, 0, 0, 0, 1, 0
34267, 1, 1, 1, 0, 0, 1
30844, 1, 0, 0, 0, 1, 0
30845, 1, 0, 0, 0, 1, 0
30846, 1, 0, 0, 0, 1, 0
30847, 1, 0, 0, 0, 1, 0
30850, 1, 0, 0, 0, 1, 0
31682, 0, 1, 1, 0, 0, 0
30853, 2, 0, 0, 0, 0, 2
30854, 0, 1, 0, 1, 0, 0
30858, 1, 0, 0, 0, 1, 0
76253, 0, 1, 1, 0, 0, 0
30863, 1, 0, 0, 0, 0, 1
79766, 1, 1, 1, 0, 1, 0
66890, 0, 2, 2, 0, 0, 0
43528, 1, 1, 1, 0, 1, 0
64681, 6, 1, 1, 0, 6, 0
86333, 5, 1, 1, 0, 5, 0
46231, 0, 2, 2, 0, 0, 0
57931, 1, 2, 2, 0, 1, 0
64621, 0, 1, 1, 0, 0, 0
64622, 0, 1, 1, 0, 0, 0
63852, 1, 2, 2, 0, 1, 0
60221, 4, 3, 3, 0, 4, 0
61459, 3, 1, 1, 0, 3, 0
60334, 0, 1, 1, 0, 0, 0
60335, 0, 1, 1, 0, 0, 0
118804, 0, 3, 3, 0, 0, 0
51991, 0, 1, 1, 0, 0, 0
30943, 1, 0, 0, 0, 1, 0
30944, 1, 0, 0, 0, 1, 0
30945, 5, 1, 0, 1, 4, 1
30946, 6, 6, 6, 0, 6, 0
62881, 3, 4, 4, 0, 3, 0
89121, 3, 3, 3, 0, 3, 0
89125, 1, 2, 2, 0, 1, 0
89278, 0, 1, 1, 0, 0, 0
96520, 2, 2, 2, 0, 2, 0
57052, 1, 2, 2, 0, 1, 0
55234, 0, 2, 0, 2, 0, 0
30949, 1, 0, 0, 0, 1, 0
30950, 4, 9, 9, 0, 4, 0
30951, 1, 0, 0, 0, 1, 0
30954, 1, 0, 0, 0, 0, 1
30955, 1, 0, 0, 0, 1, 0
48594, 1, 1, 1, 0, 1, 0
30959, 1, 0, 0, 0, 1, 0
30960, 2, 0, 0, 0, 1, 1
30961, 0, 1, 0, 1, 0, 0
30963, 1, 0, 0, 0, 1, 0
30964, 4, 4, 4, 0, 3, 1
30965, 1, 0, 0, 0, 1, 0
30967, 1, 0, 0, 0, 0, 1
30968, 1, 0, 0, 0, 1, 0
30969, 3, 0, 0, 0, 3, 0
30970, 2, 0, 0, 0, 2, 0
30971, 2, 0, 0, 0, 2, 0
30972, 0, 3, 3, 0, 0, 0
30973, 1, 0, 0, 0, 1, 0
30975, 1, 0, 0, 0, 0, 1
30976, 1, 0, 0, 0, 1, 0
30978, 1, 1, 1, 0, 1, 0
30980, 1, 0, 0, 0, 1, 0
30981, 1, 1, 1, 0, 1, 0
33260, 2, 2, 2, 0, 2, 0
48701, 4, 1, 0, 1, 4, 0
81662, 1, 1, 1, 0, 1, 0
84947, 27, 1, 1, 0, 27, 0
55821, 0, 3, 3, 0, 0, 0
73349, 0, 1, 1, 0, 0, 0
73350, 0, 1, 1, 0, 0, 0
73351, 0, 3, 3, 0, 0, 0
73353, 0, 1, 1, 0, 0, 0
94978, 0, 1, 1, 0, 0, 0
30993, 1, 0, 0, 0, 1, 0
91074, 0, 1, 1, 0, 0, 0
81559, 0, 1, 1, 0, 0, 0
40649, 1, 4, 0, 4, 0, 1
47214, 0, 1, 0, 1, 0, 0
31001, 1, 0, 0, 0, 1, 0
31003, 1, 0, 0, 0, 0, 1
31004, 0, 1, 0, 1, 0, 0
31008, 1, 0, 0, 0, 1, 0
31010, 1, 0, 0, 0, 1, 0
31011, 3, 2, 2, 0, 2, 1
31012, 2, 2, 2, 0, 2, 0
31013, 4, 3, 3, 0, 4, 0
31074, 1, 1, 1, 0, 1, 0
31014, 1, 0, 0, 0, 1, 0
31015, 3, 3, 3, 0, 2, 1
71722, 5, 3, 3, 0, 4, 1
51058, 1, 1, 1, 0, 1, 0
31018, 1, 0, 0, 0, 0, 1
31019, 1, 0, 0, 0, 0, 1
31020, 1, 0, 0, 0, 1, 0
31021, 1, 0, 0, 0, 1, 0
31022, 1, 0, 0, 0, 0, 1
31023, 0, 1, 0, 1, 0, 0
31024, 1, 0, 0, 0, 0, 1
31028, 4, 0, 0, 0, 4, 0
31029, 1, 1, 1, 0, 1, 0
31032, 1, 0, 0, 0, 1, 0
31033, 1, 2, 2, 0, 1, 0
31034, 1, 0, 0, 0, 1, 0
31036, 1, 0, 0, 0, 1, 0
31038, 1, 0, 0, 0, 1, 0
31039, 2, 1, 1, 0, 2, 0
31043, 0, 1, 1, 0, 0, 0
31044, 5, 0, 0, 0, 5, 0
31045, 0, 2, 2, 0, 0, 0
31046, 1, 2, 2, 0, 1, 0
31047, 0, 1, 1, 0, 0, 0
31049, 1, 0, 0, 0, 1, 0
31050, 1, 1, 1, 0, 1, 0
31051, 1, 1, 1, 0, 1, 0
31052, 1, 0, 0, 0, 1, 0
31053, 2, 0, 0, 0, 2, 0
31054, 0, 2, 2, 0, 0, 0
31055, 1, 0, 0, 0, 1, 0
31056, 0, 2, 2, 0, 0, 0
31057, 1, 0, 0, 0, 1, 0
31058, 1, 1, 0, 1, 0, 1
31059, 2, 3, 2, 1, 2, 0
42010, 6, 1, 1, 0, 4, 2
31060, 1, 0, 0, 0, 0, 1
31063, 1, 0, 0, 0, 0, 1
31066, 1, 0, 0, 0, 0, 1
31068, 1, 1, 1, 0, 1, 0
31070, 1, 0, 0, 0, 1, 0
45878, 0, 3, 3, 0, 0, 0
87889, 2, 2, 2, 0, 2, 0
89851, 2, 1, 1, 0, 2, 0
90168, 1, 1, 1, 0, 1, 0
90990, 1, 1, 1, 0, 1, 0
90991, 0, 1, 1, 0, 0, 0
90992, 0, 1, 1, 0, 0, 0
31075, 1, 0, 0, 0, 1, 0
31076, 0, 1, 1, 0, 0, 0
31081, 8, 0, 0, 0, 8, 0
31082, 3, 0, 0, 0, 3, 0
127996, 0, 1, 1, 0, 0, 0
31083, 1, 0, 0, 0, 1, 0
31084, 8, 0, 0, 0, 7, 1
31085, 0, 1, 1, 0, 0, 0
31087, 1, 0, 0, 0, 0, 1
31088, 0, 3, 1, 2, 0, 0
31089, 1, 0, 0, 0, 1, 0
31090, 0, 2, 2, 0, 0, 0
31091, 3, 0, 0, 0, 1, 2
31093, 2, 0, 0, 0, 1, 1
31094, 2, 1, 1, 0, 2, 0
31105, 1, 0, 0, 0, 0, 1
31107, 1, 0, 0, 0, 1, 0
31108, 1, 0, 0, 0, 1, 0
31109, 0, 2, 1, 1, 0, 0
31110, 2, 0, 0, 0, 2, 0
31113, 1, 0, 0, 0, 1, 0
31114, 1, 0, 0, 0, 1, 0
31115, 6, 0, 0, 0, 5, 1
31117, 1, 0, 0, 0, 1, 0
31118, 1, 0, 0, 0, 1, 0
31120, 1, 0, 0, 0, 1, 0
31121, 0, 1, 1, 0, 0, 0
31122, 1, 0, 0, 0, 1, 0
31123, 4, 0, 0, 0, 4, 0
77588, 3, 9, 9, 0, 3, 0
31129, 1, 0, 0, 0, 1, 0
31130, 3, 0, 0, 0, 3, 0
31131, 0, 1, 1, 0, 0, 0
31377, 3, 3, 3, 0, 2, 1
31378, 0, 1, 0, 1, 0, 0
31133, 1, 0, 0, 0, 1, 0
34481, 7, 4, 4, 0, 7, 0
78871, 0, 1, 1, 0, 0, 0
31137, 1, 0, 0, 0, 1, 0
31138, 21, 3, 2, 1, 21, 0
49120, 1, 1, 1, 0, 1, 0
31967, 2, 2, 1, 1, 2, 0
79504, 0, 1, 1, 0, 0, 0
31140, 1, 0, 0, 0, 1, 0
31141, 1, 0, 0, 0, 1, 0
86684, 0, 1, 1, 0, 0, 0
86685, 0, 1, 1, 0, 0, 0
86687, 0, 1, 1, 0, 0, 0
86688, 0, 1, 1, 0, 0, 0
86689, 0, 1, 1, 0, 0, 0
31143, 1, 0, 0, 0, 1, 0
31144, 1, 0, 0, 0, 1, 0
31145, 1, 0, 0, 0, 0, 1
31146, 1, 0, 0, 0, 1, 0
31147, 1, 1, 1, 0, 1, 0
31148, 2, 3, 2, 1, 2, 0
31149, 1, 0, 0, 0, 1, 0
31150, 2, 0, 0, 0, 2, 0
31156, 1, 0, 0, 0, 1, 0
31157, 0, 4, 4, 0, 0, 0
31158, 1, 0, 0, 0, 0, 1
31159, 1, 1, 0, 1, 1, 0
31160, 1, 0, 0, 0, 1, 0
31161, 1, 0, 0, 0, 1, 0
66267, 0, 1, 1, 0, 0, 0
31163, 2, 0, 0, 0, 2, 0
31164, 3, 0, 0, 0, 3, 0
31167, 0, 1, 1, 0, 0, 0
31169, 1, 0, 0, 0, 0, 1
31170, 1, 0, 0, 0, 1, 0
31171, 2, 0, 0, 0, 2, 0
31173, 2, 0, 0, 0, 1, 1
31174, 1, 7, 2, 5, 1, 0
31175, 3, 0, 0, 0, 2, 1
31176, 1, 0, 0, 0, 0, 1
79308, 2, 1, 1, 0, 2, 0
57374, 5, 7, 6, 1, 4, 1
60705, 4, 5, 5, 0, 4, 0
60706, 0, 1, 1, 0, 0, 0
31180, 2, 0, 0, 0, 2, 0
31182, 1, 0, 0, 0, 1, 0
31184, 1, 0, 0, 0, 1, 0
31185, 1, 0, 0, 0, 0, 1
31186, 1, 0, 0, 0, 0, 1
31187, 2, 0, 0, 0, 2, 0
31188, 1, 0, 0, 0, 1, 0
31189, 0, 1, 1, 0, 0, 0
31190, 2, 0, 0, 0, 2, 0
31192, 1, 0, 0, 0, 0, 1
31194, 1, 0, 0, 0, 1, 0
31195, 0, 1, 1, 0, 0, 0
31196, 1, 0, 0, 0, 1, 0
31197, 1, 0, 0, 0, 1, 0
31199, 2, 0, 0, 0, 2, 0
31201, 1, 0, 0, 0, 1, 0
31203, 2, 0, 0, 0, 2, 0
31204, 1, 0, 0, 0, 1, 0
31205, 1, 0, 0, 0, 1, 0
31207, 1, 0, 0, 0, 1, 0
31208, 1, 1, 1, 0, 0, 1
31209, 2, 0, 0, 0, 1, 1
31210, 3, 0, 0, 0, 1, 2
31211, 1, 0, 0, 0, 1, 0
31213, 2, 0, 0, 0, 2, 0
31214, 4, 2, 2, 0, 3, 1
78355, 1, 1, 1, 0, 1, 0
78356, 0, 1, 0, 1, 0, 0
31215, 1, 0, 0, 0, 1, 0
31216, 2, 0, 0, 0, 1, 1
129073, 2, 1, 1, 0, 2, 0
31219, 1, 0, 0, 0, 1, 0
31220, 1, 1, 1, 0, 1, 0
31221, 4, 3, 2, 1, 4, 0
42418, 0, 3, 3, 0, 0, 0
31222, 2, 0, 0, 0, 2, 0
31224, 1, 0, 0, 0, 1, 0
31225, 0, 1, 1, 0, 0, 0
31226, 1, 0, 0, 0, 1, 0
31228, 1, 0, 0, 0, 0, 1
31230, 2, 0, 0, 0, 2, 0
31231, 0, 1, 1, 0, 0, 0
31232, 2, 0, 0, 0, 2, 0
31233, 0, 1, 1, 0, 0, 0
31234, 3, 0, 0, 0, 3, 0
31235, 0, 1, 1, 0, 0, 0
31236, 1, 0, 0, 0, 1, 0
31239, 1, 0, 0, 0, 1, 0
31240, 0, 1, 1, 0, 0, 0
31242, 1, 1, 1, 0, 1, 0
31243, 1, 0, 0, 0, 0, 1
31500, 0, 1, 1, 0, 0, 0
65776, 1, 1, 1, 0, 1, 0
68584, 0, 2, 0, 2, 0, 0
75834, 0, 1, 1, 0, 0, 0
71207, 2, 6, 2, 4, 2, 0
53032, 3, 3, 2, 1, 2, 1
31249, 1, 0, 0, 0, 0, 1
31252, 0, 2, 2, 0, 0, 0
31253, 0, 1, 1, 0, 0, 0
31255, 0, 1, 1, 0, 0, 0
31775, 1, 1, 1, 0, 1, 0
31256, 1, 0, 0, 0, 1, 0
31257, 1, 0, 0, 0, 1, 0
60515, 0, 1, 1, 0, 0, 0
41780, 4, 2, 1, 1, 4, 0
31260, 2, 0, 0, 0, 0, 2
31261, 0, 1, 0, 1, 0, 0
31262, 1, 0, 0, 0, 0, 1
31263, 1, 3, 2, 1, 1, 0
69097, 1, 2, 1, 1, 1, 0
31264, 1, 0, 0, 0, 0, 1
31456, 1, 1, 1, 0, 1, 0
61250, 0, 1, 1, 0, 0, 0
61251, 0, 1, 1, 0, 0, 0
61252, 0, 1, 1, 0, 0, 0
31266, 1, 1, 1, 0, 1, 0
113191, 0, 1, 1, 0, 0, 0
31268, 1, 1, 1, 0, 1, 0
31269, 1, 1, 1, 0, 1, 0
31272, 1, 1, 1, 0, 1, 0
119948, 0, 1, 1, 0, 0, 0
31275, 1, 0, 0, 0, 1, 0
31276, 1, 1, 1, 0, 1, 0
31308, 0, 2, 2, 0, 0, 0
31277, 1, 0, 0, 0, 1, 0
31278, 1, 0, 0, 0, 1, 0
31282, 6, 2, 2, 0, 6, 0
98106, 7, 2, 2, 0, 4, 3
33779, 1, 3, 0, 3, 1, 0
47170, 1, 1, 0, 1, 0, 1
57131, 1, 2, 0, 2, 1, 0
57132, 1, 4, 1, 3, 1, 0
57184, 2, 1, 1, 0, 1, 1
60993, 1, 1, 1, 0, 1, 0
63470, 0, 1, 0, 1, 0, 0
63471, 0, 1, 0, 1, 0, 0
63472, 0, 1, 0, 1, 0, 0
31291, 1, 0, 0, 0, 1, 0
31292, 2, 0, 0, 0, 2, 0
32187, 2, 2, 2, 0, 2, 0
32543, 2, 2, 2, 0, 2, 0
31295, 2, 1, 1, 0, 1, 1
71733, 6, 5, 4, 1, 6, 0
31300, 5, 0, 0, 0, 5, 0
31301, 0, 1, 1, 0, 0, 0
31302, 1, 2, 2, 0, 1, 0
31303, 2, 0, 0, 0, 1, 1
31304, 7, 0, 0, 0, 7, 0
31307, 1, 0, 0, 0, 0, 1
31309, 2, 0, 0, 0, 1, 1
31310, 1, 0, 0, 0, 1, 0
31311, 1, 0, 0, 0, 1, 0
31312, 1, 0, 0, 0, 1, 0
31314, 1, 0, 0, 0, 1, 0
31315, 2, 0, 0, 0, 2, 0
73032, 0, 1, 1, 0, 0, 0
31318, 1, 0, 0, 0, 1, 0
88619, 16, 1, 1, 0, 15, 1
96398, 4, 1, 1, 0, 4, 0
59838, 1, 2, 2, 0, 1, 0
72703, 3, 2, 2, 0, 3, 0
31326, 4, 0, 0, 0, 2, 2
31328, 0, 1, 1, 0, 0, 0
31329, 1, 0, 0, 0, 1, 0
31332, 7, 0, 0, 0, 6, 1
31333, 0, 1, 1, 0, 0, 0
92907, 0, 2, 2, 0, 0, 0
83998, 0, 1, 0, 1, 0, 0
31337, 1, 0, 0, 0, 1, 0
31338, 0, 2, 2, 0, 0, 0
31340, 1, 0, 0, 0, 1, 0
31341, 6, 1, 1, 0, 6, 0
31343, 0, 1, 1, 0, 0, 0
31344, 4, 1, 1, 0, 2, 2
31346, 2, 0, 0, 0, 2, 0
31347, 1, 0, 0, 0, 0, 1
31348, 1, 0, 0, 0, 1, 0
31351, 1, 0, 0, 0, 1, 0
31362, 0, 1, 1, 0, 0, 0
31363, 0, 1, 1, 0, 0, 0
31364, 4, 1, 1, 0, 4, 0
47664, 1, 2, 2, 0, 1, 0
31367, 1, 0, 0, 0, 0, 1
31369, 1, 0, 0, 0, 1, 0
31370, 1, 0, 0, 0, 1, 0
31371, 1, 0, 0, 0, 0, 1
31372, 0, 1, 0, 1, 0, 0
31374, 3, 1, 1, 0, 2, 1
31375, 1, 1, 1, 0, 1, 0
31376, 3, 1, 1, 0, 3, 0
31402, 0, 1, 1, 0, 0, 0
31379, 1, 0, 0, 0, 1, 0
31380, 4, 2, 2, 0, 4, 0
32363, 2, 2, 2, 0, 2, 0
32364, 0, 1, 1, 0, 0, 0
31381, 1, 0, 0, 0, 1, 0
31383, 1, 0, 0, 0, 1, 0
31386, 1, 0, 0, 0, 0, 1
31388, 1, 0, 0, 0, 1, 0
31389, 1, 0, 0, 0, 1, 0
31390, 1, 0, 0, 0, 1, 0
31392, 1, 0, 0, 0, 1, 0
31393, 0, 2, 2, 0, 0, 0
31395, 1, 0, 0, 0, 1, 0
31396, 2, 0, 0, 0, 2, 0
31397, 0, 1, 1, 0, 0, 0
31398, 1, 0, 0, 0, 0, 1
31399, 1, 0, 0, 0, 1, 0
31400, 4, 0, 0, 0, 3, 1
31401, 0, 1, 0, 1, 0, 0
31404, 2, 0, 0, 0, 1, 1
31405, 0, 1, 0, 1, 0, 0
31406, 6, 0, 0, 0, 3, 3
31412, 1, 0, 0, 0, 1, 0
31413, 2, 0, 0, 0, 2, 0
31420, 1, 0, 0, 0, 1, 0
31421, 1, 0, 0, 0, 1, 0
31422, 1, 0, 0, 0, 1, 0
31423, 1, 0, 0, 0, 1, 0
70777, 1, 1, 1, 0, 1, 0
31425, 1, 0, 0, 0, 1, 0
31426, 1, 0, 0, 0, 1, 0
31428, 3, 0, 0, 0, 3, 0
31430, 3, 0, 0, 0, 3, 0
31432, 1, 0, 0, 0, 1, 0
31433, 3, 0, 0, 0, 3, 0
31434, 0, 3, 3, 0, 0, 0
31435, 1, 0, 0, 0, 1, 0
31436, 1, 0, 0, 0, 1, 0
31437, 1, 1, 1, 0, 1, 0
31438, 10, 0, 0, 0, 10, 0
31441, 8, 1, 1, 0, 3, 5
31444, 1, 0, 0, 0, 1, 0
31445, 1, 0, 0, 0, 1, 0
31446, 2, 0, 0, 0, 0, 2
31447, 0, 2, 0, 2, 0, 0
31448, 1, 0, 0, 0, 1, 0
31449, 1, 1, 1, 0, 1, 0
31450, 1, 0, 0, 0, 1, 0
31451, 1, 1, 1, 0, 1, 0
32807, 1, 1, 1, 0, 1, 0
41839, 1, 2, 2, 0, 1, 0
42014, 0, 1, 1, 0, 0, 0
42015, 0, 1, 1, 0, 0, 0
42016, 0, 1, 1, 0, 0, 0
31454, 1, 0, 0, 0, 0, 1
31455, 1, 0, 0, 0, 1, 0
31457, 1, 0, 0, 0, 1, 0
31458, 1, 0, 0, 0, 1, 0
31460, 1, 0, 0, 0, 1, 0
31462, 2, 0, 0, 0, 1, 1
96477, 0, 1, 1, 0, 0, 0
31464, 1, 0, 0, 0, 1, 0
31465, 3, 2, 2, 0, 3, 0
31634, 12, 2, 2, 0, 12, 0
31704, 3, 1, 1, 0, 3, 0
41778, 4, 2, 2, 0, 3, 1
57618, 6, 1, 1, 0, 6, 0
75733, 1, 1, 1, 0, 1, 0
77027, 6, 1, 1, 0, 6, 0
77028, 0, 1, 1, 0, 0, 0
31467, 2, 0, 0, 0, 0, 2
31468, 0, 1, 0, 1, 0, 0
31469, 1, 0, 0, 0, 1, 0
31475, 1, 0, 0, 0, 1, 0
31476, 1, 0, 0, 0, 1, 0
31477, 2, 0, 0, 0, 2, 0
31478, 12, 1, 1, 0, 12, 0
31481, 0, 1, 1, 0, 0, 0
80944, 1, 1, 1, 0, 1, 0
87091, 0, 1, 1, 0, 0, 0
89789, 0, 1, 1, 0, 0, 0
89790, 0, 1, 1, 0, 0, 0
31483, 2, 1, 1, 0, 1, 1
31485, 2, 2, 1, 1, 0, 2
51112, 0, 1, 0, 1, 0, 0
31486, 5, 0, 0, 0, 4, 1
31487, 1, 0, 0, 0, 1, 0
31488, 1, 2, 1, 1, 1, 0
31489, 1, 0, 0, 0, 1, 0
31491, 1, 1, 1, 0, 1, 0
31492, 1, 1, 1, 0, 1, 0
55800, 0, 2, 2, 0, 0, 0
65553, 0, 3, 3, 0, 0, 0
65554, 1, 1, 1, 0, 1, 0
65555, 1, 1, 1, 0, 1, 0
65556, 0, 1, 1, 0, 0, 0
65557, 0, 1, 1, 0, 0, 0
31494, 1, 0, 0, 0, 0, 1
31495, 2, 0, 0, 0, 2, 0
31496, 1, 0, 0, 0, 1, 0
31501, 1, 1, 1, 0, 1, 0
41804, 0, 1, 1, 0, 0, 0
31503, 1, 0, 0, 0, 1, 0
31504, 1, 0, 0, 0, 1, 0
31505, 0, 2, 2, 0, 0, 0
31506, 2, 0, 0, 0, 2, 0
36219, 4, 2, 2, 0, 4, 0
43493, 0, 1, 1, 0, 0, 0
31510, 2, 1, 1, 0, 2, 0
31512, 1, 0, 0, 0, 1, 0
31513, 2, 0, 0, 0, 0, 2
31514, 1, 0, 0, 0, 1, 0
33439, 8, 3, 3, 0, 6, 2
31517, 1, 0, 0, 0, 1, 0
31518, 0, 1, 1, 0, 0, 0
31519, 1, 0, 0, 0, 1, 0
31520, 0, 1, 1, 0, 0, 0
31521, 1, 0, 0, 0, 1, 0
31523, 1, 0, 0, 0, 1, 0
31524, 0, 1, 1, 0, 0, 0
31527, 1, 0, 0, 0, 1, 0
31528, 0, 2, 2, 0, 0, 0
31529, 2, 0, 0, 0, 0, 2
31530, 0, 1, 0, 1, 0, 0
48861, 2, 1, 1, 0, 2, 0
43771, 4, 2, 2, 0, 4, 0
34367, 5, 2, 2, 0, 4, 1
84209, 0, 1, 1, 0, 0, 0
82535, 0, 1, 1, 0, 0, 0
82536, 0, 1, 1, 0, 0, 0
57450, 0, 1, 1, 0, 0, 0
57452, 3, 3, 3, 0, 3, 0
57454, 0, 1, 1, 0, 0, 0
82478, 0, 1, 1, 0, 0, 0
62476, 5, 3, 3, 0, 5, 0
73083, 4, 4, 4, 0, 4, 0
77020, 6, 1, 1, 0, 6, 0
49098, 1, 1, 1, 0, 1, 0
49902, 1, 1, 1, 0, 1, 0
68750, 1, 1, 1, 0, 1, 0
72682, 0, 1, 1, 0, 0, 0
45481, 2, 3, 3, 0, 2, 0
51295, 1, 2, 2, 0, 1, 0
62696, 0, 2, 2, 0, 0, 0
62697, 0, 1, 1, 0, 0, 0
62699, 0, 1, 0, 1, 0, 0
57411, 6, 1, 1, 0, 6, 0
66666, 10, 1, 1, 0, 7, 3
74024, 0, 2, 2, 0, 0, 0
68209, 2, 3, 3, 0, 2, 0
68539, 5, 2, 2, 0, 5, 0
71373, 0, 1, 1, 0, 0, 0
71374, 0, 2, 2, 0, 0, 0
71375, 0, 1, 1, 0, 0, 0
71376, 0, 1, 1, 0, 0, 0
71377, 0, 1, 1, 0, 0, 0
71378, 2, 3, 3, 0, 2, 0
71379, 3, 3, 3, 0, 3, 0
71381, 0, 1, 1, 0, 0, 0
71382, 0, 1, 1, 0, 0, 0
60267, 0, 1, 1, 0, 0, 0
56973, 1, 1, 1, 0, 1, 0
73381, 1, 1, 1, 0, 1, 0
87677, 0, 1, 1, 0, 0, 0
87678, 0, 1, 1, 0, 0, 0
87679, 0, 1, 1, 0, 0, 0
85068, 0, 1, 1, 0, 0, 0
87684, 1, 2, 2, 0, 1, 0
31570, 1, 0, 0, 0, 1, 0
31571, 1, 1, 1, 0, 1, 0
31572, 1, 1, 1, 0, 1, 0
31575, 1, 0, 0, 0, 1, 0
31576, 0, 2, 2, 0, 0, 0
31577, 1, 0, 0, 0, 1, 0
31580, 1, 0, 0, 0, 0, 1
31581, 0, 1, 0, 1, 0, 0
31582, 2, 0, 0, 0, 2, 0
31583, 1, 2, 2, 0, 1, 0
31584, 0, 1, 1, 0, 0, 0
31594, 3, 0, 0, 0, 2, 1
31595, 0, 1, 0, 1, 0, 0
31596, 1, 0, 0, 0, 1, 0
31597, 2, 1, 1, 0, 2, 0
31598, 1, 0, 0, 0, 1, 0
31599, 2, 0, 0, 0, 1, 1
31600, 5, 2, 2, 0, 1, 4
31601, 1, 0, 0, 0, 1, 0
31603, 1, 0, 0, 0, 1, 0
31604, 0, 1, 1, 0, 0, 0
31605, 1, 0, 0, 0, 1, 0
31607, 1, 0, 0, 0, 1, 0
31608, 1, 0, 0, 0, 0, 1
31609, 1, 0, 0, 0, 1, 0
31610, 1, 0, 0, 0, 1, 0
31611, 1, 0, 0, 0, 1, 0
31612, 2, 0, 0, 0, 2, 0
31613, 1, 0, 0, 0, 1, 0
31618, 1, 0, 0, 0, 1, 0
31619, 1, 0, 0, 0, 1, 0
31620, 1, 0, 0, 0, 1, 0
31621, 1, 0, 0, 0, 1, 0
31622, 1, 0, 0, 0, 1, 0
31623, 2, 0, 0, 0, 2, 0
102815, 1, 1, 1, 0, 1, 0
31625, 1, 0, 0, 0, 1, 0
31627, 1, 0, 0, 0, 1, 0
31628, 1, 0, 0, 0, 1, 0
31629, 1, 0, 0, 0, 1, 0
31630, 1, 0, 0, 0, 1, 0
31631, 1, 0, 0, 0, 1, 0
31632, 1, 0, 0, 0, 1, 0
31633, 1, 0, 0, 0, 1, 0
36913, 1, 3, 3, 0, 1, 0
31635, 3, 0, 0, 0, 3, 0
31636, 3, 0, 0, 0, 3, 0
31637, 1, 0, 0, 0, 1, 0
31638, 1, 0, 0, 0, 0, 1
31640, 1, 0, 0, 0, 1, 0
31641, 1, 0, 0, 0, 1, 0
31642, 1, 0, 0, 0, 1, 0
31643, 0, 1, 1, 0, 0, 0
31645, 1, 0, 0, 0, 1, 0
110943, 1, 1, 1, 0, 1, 0
31648, 1, 0, 0, 0, 1, 0
31649, 1, 0, 0, 0, 0, 1
31650, 1, 0, 0, 0, 0, 1
31651, 1, 0, 0, 0, 1, 0
31652, 1, 0, 0, 0, 1, 0
31653, 1, 0, 0, 0, 0, 1
33530, 0, 1, 1, 0, 0, 0
31655, 1, 0, 0, 0, 1, 0
31656, 1, 0, 0, 0, 1, 0
31657, 0, 1, 1, 0, 0, 0
31658, 1, 0, 0, 0, 1, 0
31659, 2, 0, 0, 0, 2, 0
31662, 1, 0, 0, 0, 1, 0
31663, 4, 0, 0, 0, 2, 2
31664, 0, 1, 0, 1, 0, 0
31666, 1, 0, 0, 0, 1, 0
31669, 1, 0, 0, 0, 1, 0
31670, 0, 1, 1, 0, 0, 0
31671, 1, 1, 1, 0, 1, 0
31672, 0, 1, 1, 0, 0, 0
31673, 1, 0, 0, 0, 1, 0
31675, 2, 1, 1, 0, 2, 0
31676, 2, 3, 3, 0, 2, 0
31678, 1, 0, 0, 0, 1, 0
32097, 2, 1, 1, 0, 2, 0
31681, 2, 2, 1, 1, 1, 1
31683, 2, 0, 0, 0, 2, 0
31685, 1, 0, 0, 0, 1, 0
31686, 0, 1, 1, 0, 0, 0
31687, 1, 0, 0, 0, 1, 0
31688, 1, 1, 1, 0, 1, 0
66275, 1, 2, 2, 0, 1, 0
66514, 1, 2, 2, 0, 1, 0
74448, 1, 3, 3, 0, 1, 0
74455, 0, 2, 2, 0, 0, 0
75222, 0, 1, 1, 0, 0, 0
31692, 1, 0, 0, 0, 1, 0
31693, 1, 0, 0, 0, 1, 0
31697, 1, 0, 0, 0, 1, 0
31698, 1, 1, 1, 0, 1, 0
31700, 1, 0, 0, 0, 1, 0
31701, 2, 2, 2, 0, 2, 0
31813, 1, 1, 1, 0, 1, 0
31702, 1, 0, 0, 0, 1, 0
31703, 1, 0, 0, 0, 1, 0
45465, 3, 2, 2, 0, 3, 0
31706, 1, 0, 0, 0, 1, 0
31707, 1, 1, 1, 0, 1, 0
31708, 1, 1, 1, 0, 1, 0
31711, 1, 0, 0, 0, 1, 0
31712, 1, 0, 0, 0, 1, 0
31713, 2, 0, 0, 0, 2, 0
31717, 1, 0, 0, 0, 1, 0
31719, 4, 0, 0, 0, 3, 1
31722, 1, 0, 0, 0, 1, 0
31723, 0, 1, 1, 0, 0, 0
31724, 1, 0, 0, 0, 1, 0
31727, 0, 2, 2, 0, 0, 0
31728, 1, 0, 0, 0, 1, 0
66075, 1, 1, 1, 0, 1, 0
73517, 3, 4, 4, 0, 3, 0
73519, 5, 1, 1, 0, 5, 0
73520, 0, 1, 1, 0, 0, 0
71609, 0, 1, 1, 0, 0, 0
40446, 0, 1, 1, 0, 0, 0
40447, 0, 1, 1, 0, 0, 0
31772, 1, 0, 0, 0, 1, 0
31776, 0, 1, 1, 0, 0, 0
31777, 1, 0, 0, 0, 1, 0
31778, 1, 0, 0, 0, 1, 0
31779, 1, 0, 0, 0, 1, 0
31780, 1, 0, 0, 0, 1, 0
31781, 1, 0, 0, 0, 1, 0
31782, 2, 0, 0, 0, 1, 1
31783, 2, 0, 0, 0, 2, 0
31784, 0, 1, 1, 0, 0, 0
99735, 1, 1, 1, 0, 1, 0
31787, 1, 0, 0, 0, 1, 0
31788, 1, 0, 0, 0, 1, 0
32840, 0, 2, 2, 0, 0, 0
34492, 0, 2, 2, 0, 0, 0
39952, 1, 3, 3, 0, 1, 0
47018, 1, 1, 1, 0, 1, 0
57692, 2, 2, 2, 0, 2, 0
79089, 0, 5, 5, 0, 0, 0
81287, 0, 3, 3, 0, 0, 0
81911, 1, 3, 3, 0, 1, 0
82645, 3, 1, 1, 0, 3, 0
83355, 1, 2, 2, 0, 1, 0
85170, 0, 2, 2, 0, 0, 0
90725, 4, 3, 3, 0, 4, 0
90726, 0, 2, 2, 0, 0, 0
91020, 1, 2, 2, 0, 1, 0
91360, 0, 1, 1, 0, 0, 0
91361, 0, 1, 1, 0, 0, 0
91362, 0, 1, 1, 0, 0, 0
91363, 0, 1, 1, 0, 0, 0
91364, 0, 1, 1, 0, 0, 0
91365, 0, 1, 1, 0, 0, 0
93169, 0, 1, 1, 0, 0, 0
100943, 0, 1, 0, 1, 0, 0
116504, 0, 1, 1, 0, 0, 0
49486, 8, 5, 5, 0, 8, 0
31792, 1, 0, 0, 0, 1, 0
31794, 1, 0, 0, 0, 1, 0
31795, 1, 0, 0, 0, 1, 0
31797, 2, 1, 1, 0, 2, 0
31798, 4, 1, 1, 0, 4, 0
102934, 0, 1, 1, 0, 0, 0
31799, 1, 0, 0, 0, 1, 0
31800, 1, 0, 0, 0, 1, 0
31801, 1, 0, 0, 0, 1, 0
31802, 1, 0, 0, 0, 0, 1
31803, 1, 0, 0, 0, 1, 0
31806, 3, 0, 0, 0, 2, 1
31808, 2, 0, 0, 0, 1, 1
88322, 2, 1, 1, 0, 2, 0
31810, 10, 0, 0, 0, 1, 9
31812, 1, 1, 1, 0, 0, 1
32171, 1, 3, 2, 1, 1, 0
31814, 2, 0, 0, 0, 2, 0
31815, 1, 0, 0, 0, 0, 1
31817, 2, 0, 0, 0, 2, 0
31818, 1, 1, 1, 0, 1, 0
31819, 1, 0, 0, 0, 0, 1
31820, 0, 2, 1, 1, 0, 0
31821, 1, 0, 0, 0, 1, 0
31822, 1, 0, 0, 0, 1, 0
31824, 1, 0, 0, 0, 0, 1
31825, 2, 0, 0, 0, 0, 2
31826, 4, 4, 2, 2, 3, 1
31827, 1, 0, 0, 0, 1, 0
31828, 1, 0, 0, 0, 1, 0
31830, 1, 0, 0, 0, 1, 0
31887, 0, 1, 0, 1, 0, 0
31888, 0, 1, 0, 1, 0, 0
36297, 4, 2, 2, 0, 4, 0
31843, 1, 0, 0, 0, 1, 0
31844, 0, 1, 1, 0, 0, 0
31845, 1, 0, 0, 0, 1, 0
31846, 1, 0, 0, 0, 1, 0
84932, 0, 1, 0, 1, 0, 0
80854, 2, 1, 1, 0, 2, 0
95842, 4, 1, 1, 0, 4, 0
96285, 2, 1, 1, 0, 1, 1
52150, 2, 2, 2, 0, 2, 0
55504, 0, 1, 1, 0, 0, 0
55505, 0, 1, 1, 0, 0, 0
65260, 1, 1, 1, 0, 1, 0
65768, 1, 1, 1, 0, 1, 0
31851, 1, 0, 0, 0, 1, 0
31853, 2, 0, 0, 0, 2, 0
31854, 1, 0, 0, 0, 1, 0
31855, 4, 0, 0, 0, 4, 0
31856, 1, 0, 0, 0, 1, 0
31857, 1, 2, 2, 0, 1, 0
31858, 1, 0, 0, 0, 1, 0
31859, 1, 0, 0, 0, 1, 0
31860, 0, 2, 2, 0, 0, 0
31861, 1, 0, 0, 0, 1, 0
31863, 5, 0, 0, 0, 5, 0
31865, 3, 6, 6, 0, 3, 0
31866, 3, 1, 1, 0, 3, 0
31867, 1, 2, 2, 0, 1, 0
36828, 5, 3, 3, 0, 5, 0
40757, 7, 5, 5, 0, 5, 2
31868, 1, 0, 0, 0, 1, 0
31869, 2, 4, 4, 0, 2, 0
33577, 3, 3, 3, 0, 2, 1
31870, 1, 0, 0, 0, 1, 0
31871, 1, 0, 0, 0, 1, 0
43721, 1, 1, 1, 0, 1, 0
31874, 7, 1, 1, 0, 6, 1
34601, 1, 1, 1, 0, 1, 0
128319, 1, 1, 1, 0, 1, 0
31877, 2, 1, 1, 0, 2, 0
31879, 1, 0, 0, 0, 1, 0
31881, 1, 0, 0, 0, 0, 1
31882, 2, 0, 0, 0, 2, 0
31884, 1, 0, 0, 0, 0, 1
31889, 4, 0, 0, 0, 4, 0
31890, 1, 2, 2, 0, 1, 0
31892, 1, 1, 1, 0, 1, 0
31893, 1, 0, 0, 0, 1, 0
31894, 2, 1, 1, 0, 0, 2
31895, 1, 0, 0, 0, 1, 0
39167, 49, 5, 4, 1, 47, 2
31898, 1, 0, 0, 0, 1, 0
31899, 2, 0, 0, 0, 2, 0
31900, 2, 0, 0, 0, 2, 0
31901, 4, 2, 2, 0, 4, 0
31902, 10, 7, 7, 0, 10, 0
31904, 0, 2, 2, 0, 0, 0
51957, 7, 1, 1, 0, 7, 0
54387, 0, 1, 1, 0, 0, 0
31906, 4, 0, 0, 0, 2, 2
90518, 0, 1, 0, 1, 0, 0
31910, 1, 0, 0, 0, 1, 0
31911, 1, 0, 0, 0, 1, 0
31914, 1, 0, 0, 0, 0, 1
31915, 1, 0, 0, 0, 1, 0
31916, 1, 0, 0, 0, 1, 0
31918, 1, 0, 0, 0, 1, 0
31919, 1, 0, 0, 0, 1, 0
31920, 1, 0, 0, 0, 1, 0
31921, 0, 1, 1, 0, 0, 0
31924, 3, 6, 6, 0, 3, 0
31931, 1, 0, 0, 0, 0, 1
66032, 3, 2, 2, 0, 3, 0
31933, 7, 0, 0, 0, 3, 4
31934, 1, 0, 0, 0, 1, 0
31936, 1, 0, 0, 0, 1, 0
32087, 0, 2, 2, 0, 0, 0
34556, 1, 1, 1, 0, 1, 0
34745, 3, 2, 1, 1, 2, 1
35739, 1, 1, 1, 0, 1, 0
35914, 3, 1, 1, 0, 3, 0
37911, 0, 1, 1, 0, 0, 0
31938, 1, 0, 0, 0, 1, 0
31940, 2, 0, 0, 0, 1, 1
31942, 4, 0, 0, 0, 4, 0
31943, 1, 0, 0, 0, 1, 0
84252, 0, 1, 1, 0, 0, 0
31945, 7, 1, 1, 0, 7, 0
31948, 2, 0, 0, 0, 2, 0
31949, 1, 0, 0, 0, 1, 0
31950, 1, 3, 3, 0, 1, 0
31951, 1, 0, 0, 0, 1, 0
31952, 1, 0, 0, 0, 1, 0
31953, 1, 0, 0, 0, 1, 0
31954, 2, 1, 1, 0, 2, 0
31959, 1, 0, 0, 0, 1, 0
31960, 1, 0, 0, 0, 1, 0
31961, 1, 0, 0, 0, 1, 0
31962, 1, 0, 0, 0, 0, 1
31964, 1, 0, 0, 0, 1, 0
31966, 1, 1, 1, 0, 1, 0
31969, 3, 0, 0, 0, 3, 0
31970, 2, 0, 0, 0, 2, 0
31971, 1, 0, 0, 0, 0, 1
31972, 1, 0, 0, 0, 1, 0
31973, 1, 2, 2, 0, 0, 1
31974, 1, 0, 0, 0, 1, 0
31975, 1, 0, 0, 0, 1, 0
31976, 0, 1, 1, 0, 0, 0
31978, 1, 0, 0, 0, 1, 0
31979, 1, 0, 0, 0, 1, 0
31980, 0, 1, 1, 0, 0, 0
31981, 3, 0, 0, 0, 3, 0
81740, 0, 1, 0, 1, 0, 0
31984, 2, 0, 0, 0, 2, 0
31985, 0, 1, 1, 0, 0, 0
54001, 2, 2, 2, 0, 2, 0
31986, 1, 0, 0, 0, 1, 0
31987, 2, 2, 2, 0, 1, 1
31989, 0, 1, 1, 0, 0, 0
38812, 1, 3, 2, 1, 1, 0
31990, 3, 1, 1, 0, 3, 0
31991, 0, 1, 1, 0, 0, 0
31992, 1, 0, 0, 0, 1, 0
31993, 1, 0, 0, 0, 1, 0
31994, 1, 0, 0, 0, 1, 0
31996, 1, 0, 0, 0, 1, 0
31997, 6, 0, 0, 0, 6, 0
31998, 0, 1, 1, 0, 0, 0
75321, 3, 1, 1, 0, 3, 0
32000, 1, 0, 0, 0, 1, 0
67153, 2, 3, 3, 0, 2, 0
75742, 0, 1, 1, 0, 0, 0
32002, 1, 0, 0, 0, 1, 0
32003, 2, 0, 0, 0, 2, 0
32004, 1, 0, 0, 0, 1, 0
32005, 0, 4, 4, 0, 0, 0
87872, 0, 2, 0, 2, 0, 0
79791, 1, 1, 1, 0, 1, 0
32012, 1, 0, 0, 0, 1, 0
33161, 0, 6, 5, 1, 0, 0
45689, 0, 2, 1, 1, 0, 0
72679, 2, 1, 1, 0, 2, 0
85622, 0, 1, 1, 0, 0, 0
85623, 0, 1, 1, 0, 0, 0
32014, 1, 0, 0, 0, 1, 0
32016, 1, 0, 0, 0, 1, 0
32018, 1, 0, 0, 0, 1, 0
32019, 2, 1, 1, 0, 2, 0
97902, 0, 1, 1, 0, 0, 0
32023, 1, 0, 0, 0, 1, 0
33622, 0, 1, 1, 0, 0, 0
32027, 2, 0, 0, 0, 2, 0
32029, 0, 1, 0, 1, 0, 0
32030, 1, 0, 0, 0, 1, 0
32031, 1, 1, 1, 0, 1, 0
33653, 0, 2, 2, 0, 0, 0
33910, 4, 3, 3, 0, 4, 0
35650, 0, 4, 3, 1, 0, 0
35732, 1, 1, 1, 0, 1, 0
36540, 2, 1, 1, 0, 2, 0
36765, 4, 1, 1, 0, 4, 0
38813, 1, 3, 3, 0, 1, 0
40364, 1, 1, 1, 0, 1, 0
41907, 1, 2, 2, 0, 1, 0
42151, 1, 1, 1, 0, 1, 0
42704, 31, 2, 2, 0, 31, 0
43701, 0, 2, 1, 1, 0, 0
46550, 1, 2, 2, 0, 1, 0
53221, 1, 1, 1, 0, 1, 0
55469, 6, 1, 1, 0, 5, 1
57896, 0, 2, 2, 0, 0, 0
57937, 1, 1, 1, 0, 1, 0
58145, 0, 2, 1, 1, 0, 0
59541, 1, 4, 4, 0, 1, 0
66292, 1, 2, 2, 0, 1, 0
77879, 2, 2, 2, 0, 2, 0
84434, 0, 1, 0, 1, 0, 0
84435, 0, 1, 1, 0, 0, 0
84436, 0, 1, 0, 1, 0, 0
84437, 0, 1, 1, 0, 0, 0
84438, 0, 1, 1, 0, 0, 0
84439, 1, 2, 2, 0, 1, 0
84440, 0, 1, 1, 0, 0, 0
84441, 0, 1, 1, 0, 0, 0
84442, 0, 2, 1, 1, 0, 0
84443, 0, 1, 1, 0, 0, 0
84444, 0, 1, 1, 0, 0, 0
84445, 0, 2, 2, 0, 0, 0
84446, 0, 1, 1, 0, 0, 0
84447, 0, 1, 1, 0, 0, 0
84448, 0, 1, 1, 0, 0, 0
84449, 0, 1, 1, 0, 0, 0
84450, 0, 1, 1, 0, 0, 0
84451, 0, 1, 1, 0, 0, 0
84452, 0, 1, 1, 0, 0, 0
84453, 0, 1, 1, 0, 0, 0
84454, 0, 1, 1, 0, 0, 0
84455, 0, 1, 1, 0, 0, 0
84456, 0, 1, 1, 0, 0, 0
84457, 0, 1, 1, 0, 0, 0
84458, 0, 1, 1, 0, 0, 0
84459, 0, 1, 1, 0, 0, 0
84460, 0, 1, 1, 0, 0, 0
84462, 3, 2, 2, 0, 3, 0
84463, 0, 1, 1, 0, 0, 0
39076, 2, 1, 1, 0, 2, 0
41726, 1, 1, 1, 0, 1, 0
43087, 4, 1, 1, 0, 4, 0
43090, 0, 1, 1, 0, 0, 0
43093, 0, 1, 1, 0, 0, 0
43094, 0, 1, 1, 0, 0, 0
43095, 0, 1, 1, 0, 0, 0
43096, 0, 1, 1, 0, 0, 0
43097, 0, 1, 1, 0, 0, 0
43098, 0, 1, 1, 0, 0, 0
43099, 0, 1, 1, 0, 0, 0
69620, 0, 1, 0, 1, 0, 0
114053, 0, 1, 1, 0, 0, 0
114682, 0, 1, 1, 0, 0, 0
115778, 1, 2, 2, 0, 1, 0
32042, 1, 0, 0, 0, 0, 1
32063, 0, 1, 1, 0, 0, 0
32046, 1, 1, 1, 0, 1, 0
59831, 0, 1, 1, 0, 0, 0
59832, 0, 1, 1, 0, 0, 0
32048, 1, 1, 1, 0, 0, 1
32049, 5, 1, 0, 1, 5, 0
32198, 0, 1, 1, 0, 0, 0
32199, 0, 1, 1, 0, 0, 0
32200, 0, 1, 1, 0, 0, 0
32201, 0, 1, 1, 0, 0, 0
32051, 1, 0, 0, 0, 1, 0
32052, 2, 2, 2, 0, 2, 0
32054, 1, 0, 0, 0, 1, 0
32056, 1, 0, 0, 0, 1, 0
32129, 1, 1, 1, 0, 1, 0
33443, 2, 3, 3, 0, 2, 0
40627, 0, 1, 1, 0, 0, 0
40628, 0, 1, 1, 0, 0, 0
40629, 0, 1, 1, 0, 0, 0
32058, 1, 1, 1, 0, 1, 0
32060, 1, 0, 0, 0, 0, 1
32062, 1, 0, 0, 0, 1, 0
32064, 1, 0, 0, 0, 1, 0
32067, 1, 1, 1, 0, 1, 0
32069, 1, 0, 0, 0, 1, 0
32070, 2, 0, 0, 0, 2, 0
32072, 1, 1, 1, 0, 1, 0
32074, 1, 0, 0, 0, 0, 1
32076, 2, 1, 1, 0, 1, 1
77740, 0, 1, 1, 0, 0, 0
32080, 3, 0, 0, 0, 3, 0
32081, 1, 0, 0, 0, 0, 1
83216, 1, 1, 1, 0, 1, 0
83330, 0, 1, 1, 0, 0, 0
87782, 0, 1, 1, 0, 0, 0
32086, 1, 0, 0, 0, 1, 0
32088, 3, 0, 0, 0, 0, 3
32092, 1, 0, 0, 0, 0, 1
32093, 1, 0, 0, 0, 1, 0
32100, 1, 0, 0, 0, 1, 0
32637, 1, 1, 1, 0, 1, 0
32105, 1, 0, 0, 0, 0, 1
32107, 1, 0, 0, 0, 1, 0
32108, 3, 0, 0, 0, 3, 0
32110, 1, 0, 0, 0, 1, 0
32111, 1, 0, 0, 0, 1, 0
32113, 1, 0, 0, 0, 1, 0
32114, 2, 0, 0, 0, 1, 1
32115, 1, 0, 0, 0, 1, 0
32116, 4, 0, 0, 0, 4, 0
33478, 0, 2, 0, 2, 0, 0
41872, 0, 3, 3, 0, 0, 0
32121, 1, 0, 0, 0, 1, 0
32122, 0, 1, 1, 0, 0, 0
32124, 5, 1, 1, 0, 2, 3
59419, 2, 3, 3, 0, 2, 0
61792, 1, 1, 1, 0, 1, 0
32127, 3, 0, 0, 0, 3, 0
36616, 2, 1, 0, 1, 2, 0
80493, 1, 3, 2, 1, 1, 0
61321, 0, 1, 1, 0, 0, 0
61322, 0, 1, 1, 0, 0, 0
32150, 1, 1, 1, 0, 1, 0
32152, 1, 0, 0, 0, 1, 0
33003, 0, 1, 1, 0, 0, 0
33004, 0, 1, 1, 0, 0, 0
32154, 1, 0, 0, 0, 1, 0
103542, 2, 1, 1, 0, 2, 0
32157, 1, 0, 0, 0, 1, 0
32161, 1, 1, 1, 0, 1, 0
32163, 1, 0, 0, 0, 1, 0
32166, 1, 0, 0, 0, 1, 0
32169, 1, 0, 0, 0, 1, 0
32170, 1, 0, 0, 0, 0, 1
73880, 1, 3, 3, 0, 1, 0
32172, 1, 0, 0, 0, 1, 0
66667, 1, 1, 1, 0, 1, 0
80412, 1, 1, 1, 0, 1, 0
80413, 0, 2, 2, 0, 0, 0
32174, 1, 0, 0, 0, 1, 0
32175, 1, 0, 0, 0, 1, 0
32176, 3, 2, 2, 0, 2, 1
32177, 1, 0, 0, 0, 1, 0
32178, 1, 0, 0, 0, 1, 0
32179, 1, 0, 0, 0, 1, 0
32180, 0, 1, 1, 0, 0, 0
32181, 2, 0, 0, 0, 2, 0
56357, 1, 1, 1, 0, 1, 0
32184, 2, 0, 0, 0, 1, 1
32185, 1, 0, 0, 0, 1, 0
33914, 1, 6, 6, 0, 1, 0
32188, 1, 0, 0, 0, 1, 0
32189, 1, 0, 0, 0, 1, 0
32190, 1, 0, 0, 0, 0, 1
66887, 0, 1, 0, 1, 0, 0
32193, 1, 1, 1, 0, 1, 0
32194, 1, 1, 1, 0, 1, 0
37600, 14, 1, 0, 1, 7, 7
105675, 0, 1, 0, 1, 0, 0
46056, 0, 1, 1, 0, 0, 0
32204, 1, 0, 0, 0, 0, 1
32205, 1, 0, 0, 0, 1, 0
67695, 1, 1, 1, 0, 1, 0
69689, 3, 1, 1, 0, 3, 0
59012, 0, 1, 0, 1, 0, 0
59013, 0, 1, 1, 0, 0, 0
34028, 0, 1, 1, 0, 0, 0
34029, 0, 1, 1, 0, 0, 0
34030, 0, 1, 1, 0, 0, 0
34031, 0, 1, 1, 0, 0, 0
71862, 3, 2, 2, 0, 3, 0
71870, 0, 3, 3, 0, 0, 0
35177, 8, 2, 1, 1, 6, 2
58928, 0, 2, 1, 1, 0, 0
42046, 0, 1, 0, 1, 0, 0
32224, 1, 0, 0, 0, 0, 1
32225, 1, 1, 1, 0, 1, 0
32226, 1, 1, 1, 0, 1, 0
32227, 1, 0, 0, 0, 0, 1
32228, 2, 0, 0, 0, 0, 2
61512, 0, 1, 0, 1, 0, 0
61513, 0, 1, 0, 1, 0, 0
61514, 5, 2, 1, 1, 5, 0
32230, 2, 0, 0, 0, 1, 1
32231, 1, 0, 0, 0, 0, 1
32232, 1, 0, 0, 0, 1, 0
55611, 3, 2, 2, 0, 2, 1
32235, 3, 1, 1, 0, 3, 0
32239, 1, 0, 0, 0, 1, 0
32241, 1, 1, 1, 0, 1, 0
32243, 2, 0, 0, 0, 2, 0
32245, 1, 0, 0, 0, 1, 0
88166, 0, 1, 1, 0, 0, 0
32250, 7, 2, 2, 0, 1, 6
32254, 2, 3, 3, 0, 2, 0
112409, 0, 1, 0, 1, 0, 0
81701, 1, 1, 1, 0, 1, 0
32255, 1, 0, 0, 0, 1, 0
32256, 3, 0, 0, 0, 3, 0
32258, 1, 0, 0, 0, 1, 0
32259, 0, 1, 1, 0, 0, 0
32260, 3, 0, 0, 0, 2, 1
32261, 1, 1, 1, 0, 1, 0
32262, 0, 1, 0, 1, 0, 0
112460, 2, 1, 1, 0, 2, 0
33024, 2, 2, 2, 0, 2, 0
33391, 0, 1, 0, 1, 0, 0
32265, 5, 0, 0, 0, 2, 3
32270, 1, 0, 0, 0, 1, 0
32271, 0, 2, 2, 0, 0, 0
32272, 1, 0, 0, 0, 1, 0
32273, 1, 0, 0, 0, 1, 0
32274, 1, 0, 0, 0, 1, 0
32275, 1, 1, 1, 0, 0, 1
32278, 2, 2, 2, 0, 2, 0
32573, 3, 1, 1, 0, 3, 0
32279, 2, 0, 0, 0, 0, 2
32282, 0, 1, 1, 0, 0, 0
32283, 1, 0, 0, 0, 1, 0
32284, 0, 1, 1, 0, 0, 0
32289, 1, 0, 0, 0, 0, 1
32290, 1, 0, 0, 0, 1, 0
32291, 3, 0, 0, 0, 1, 2
32293, 1, 0, 0, 0, 0, 1
32294, 3, 1, 0, 1, 0, 3
32295, 1, 0, 0, 0, 1, 0
32296, 1, 1, 1, 0, 1, 0
32298, 1, 0, 0, 0, 1, 0
32299, 0, 1, 1, 0, 0, 0
32300, 1, 0, 0, 0, 0, 1
53843, 3, 1, 1, 0, 3, 0
32305, 1, 0, 0, 0, 0, 1
32307, 5, 0, 0, 0, 3, 2
32308, 1, 0, 0, 0, 1, 0
32310, 1, 1, 1, 0, 1, 0
34071, 2, 1, 1, 0, 2, 0
44095, 1, 1, 1, 0, 1, 0
36281, 3, 2, 2, 0, 3, 0
62167, 1, 1, 1, 0, 1, 0
67563, 5, 3, 3, 0, 5, 0
77031, 0, 1, 1, 0, 0, 0
32348, 1, 0, 0, 0, 1, 0
32350, 1, 0, 0, 0, 1, 0
32351, 1, 0, 0, 0, 1, 0
32887, 1, 1, 1, 0, 1, 0
38273, 1, 1, 1, 0, 1, 0
50470, 0, 1, 1, 0, 0, 0
32357, 1, 0, 0, 0, 1, 0
32360, 2, 2, 1, 1, 2, 0
32361, 0, 1, 1, 0, 0, 0
106096, 0, 1, 1, 0, 0, 0
106290, 0, 1, 1, 0, 0, 0
42975, 0, 1, 1, 0, 0, 0
42976, 0, 1, 1, 0, 0, 0
40089, 0, 3, 0, 3, 0, 0
33511, 1, 2, 2, 0, 1, 0
95225, 0, 1, 1, 0, 0, 0
32369, 1, 0, 0, 0, 1, 0
32370, 1, 0, 0, 0, 1, 0
87687, 1, 1, 1, 0, 1, 0
32372, 1, 0, 0, 0, 1, 0
32373, 1, 0, 0, 0, 0, 1
96460, 0, 1, 1, 0, 0, 0
32380, 1, 0, 0, 0, 0, 1
32382, 2, 0, 0, 0, 2, 0
32383, 4, 0, 0, 0, 3, 1
32384, 6, 1, 1, 0, 5, 1
32386, 1, 1, 1, 0, 1, 0
32388, 2, 0, 0, 0, 2, 0
32389, 1, 0, 0, 0, 1, 0
32390, 2, 0, 0, 0, 2, 0
32391, 2, 0, 0, 0, 2, 0
32392, 1, 0, 0, 0, 1, 0
32393, 0, 1, 1, 0, 0, 0
32394, 1, 0, 0, 0, 1, 0
32395, 2, 0, 0, 0, 2, 0
32402, 1, 0, 0, 0, 0, 1
32404, 2, 0, 0, 0, 2, 0
32405, 2, 0, 0, 0, 2, 0
32406, 2, 0, 0, 0, 1, 1
41424, 1, 1, 0, 1, 1, 0
41439, 1, 1, 0, 1, 1, 0
41440, 1, 1, 0, 1, 1, 0
41448, 1, 1, 0, 1, 1, 0
42993, 0, 2, 1, 1, 0, 0
46235, 1, 2, 0, 2, 1, 0
51125, 1, 1, 0, 1, 1, 0
54704, 1, 1, 0, 1, 1, 0
54705, 1, 1, 0, 1, 1, 0
57371, 2, 1, 1, 0, 2, 0
60839, 1, 1, 0, 1, 1, 0
60843, 1, 1, 0, 1, 1, 0
60869, 1, 1, 0, 1, 1, 0
61179, 1, 2, 0, 2, 1, 0
62179, 1, 3, 0, 3, 1, 0
62535, 1, 1, 0, 1, 1, 0
68143, 1, 1, 0, 1, 1, 0
70167, 1, 1, 0, 1, 1, 0
70277, 5, 1, 0, 1, 5, 0
70592, 1, 1, 0, 1, 1, 0
71156, 1, 1, 0, 1, 1, 0
75002, 1, 1, 0, 1, 1, 0
78879, 2, 1, 0, 1, 1, 1
79183, 1, 1, 0, 1, 1, 0
79790, 1, 1, 0, 1, 1, 0
80360, 1, 1, 0, 1, 1, 0
83609, 1, 1, 0, 1, 1, 0
86058, 0, 1, 1, 0, 0, 0
86059, 0, 1, 0, 1, 0, 0
86060, 0, 1, 0, 1, 0, 0
32414, 1, 0, 0, 0, 1, 0
33170, 0, 1, 1, 0, 0, 0
32416, 1, 0, 0, 0, 1, 0
32417, 8, 0, 0, 0, 8, 0
32418, 1, 0, 0, 0, 1, 0
32419, 1, 0, 0, 0, 1, 0
32420, 3, 0, 0, 0, 3, 0
32421, 3, 0, 0, 0, 3, 0
105291, 0, 2, 2, 0, 0, 0
32423, 1, 0, 0, 0, 1, 0
32424, 1, 1, 0, 1, 0, 1
32425, 1, 0, 0, 0, 0, 1
32426, 1, 0, 0, 0, 0, 1
32427, 1, 0, 0, 0, 0, 1
45242, 5, 1, 1, 0, 5, 0
32429, 5, 0, 0, 0, 5, 0
32430, 1, 0, 0, 0, 1, 0
100309, 1, 1, 1, 0, 1, 0
107623, 3, 2, 1, 1, 3, 0
32434, 1, 0, 0, 0, 1, 0
32435, 0, 1, 1, 0, 0, 0
68887, 1, 3, 3, 0, 1, 0
83120, 2, 1, 1, 0, 2, 0
85858, 1, 2, 2, 0, 1, 0
85859, 0, 1, 1, 0, 0, 0
32446, 6, 0, 0, 0, 0, 6
32450, 1, 0, 0, 0, 0, 1
32452, 2, 0, 0, 0, 2, 0
32932, 1, 1, 1, 0, 1, 0
94529, 2, 2, 2, 0, 1, 1
32454, 1, 0, 0, 0, 1, 0
32455, 2, 1, 1, 0, 1, 1
32456, 1, 0, 0, 0, 1, 0
32457, 1, 0, 0, 0, 1, 0
32458, 1, 0, 0, 0, 0, 1
32460, 1, 0, 0, 0, 1, 0
32462, 1, 0, 0, 0, 0, 1
32463, 0, 1, 0, 1, 0, 0
32464, 1, 0, 0, 0, 1, 0
32466, 1, 0, 0, 0, 0, 1
32467, 0, 1, 0, 1, 0, 0
32468, 1, 0, 0, 0, 1, 0
33468, 2, 1, 1, 0, 2, 0
33732, 0, 1, 1, 0, 0, 0
33735, 0, 1, 1, 0, 0, 0
32470, 1, 0, 0, 0, 0, 1
32472, 1, 0, 0, 0, 0, 1
32473, 4, 0, 0, 0, 4, 0
32475, 1, 0, 0, 0, 1, 0
32476, 1, 0, 0, 0, 1, 0
79195, 1, 1, 1, 0, 1, 0
79833, 1, 1, 1, 0, 1, 0
87568, 0, 1, 1, 0, 0, 0
32478, 4, 0, 0, 0, 2, 2
32479, 0, 1, 0, 1, 0, 0
32490, 1, 1, 1, 0, 1, 0
32493, 1, 1, 1, 0, 1, 0
32496, 6, 2, 2, 0, 6, 0
56713, 0, 1, 1, 0, 0, 0
56714, 0, 1, 0, 1, 0, 0
91922, 2, 1, 1, 0, 2, 0
45924, 0, 2, 0, 2, 0, 0
89845, 0, 1, 0, 1, 0, 0
88026, 0, 1, 1, 0, 0, 0
32499, 0, 1, 0, 1, 0, 0
32501, 1, 0, 0, 0, 1, 0
32502, 0, 1, 1, 0, 0, 0
32503, 1, 0, 0, 0, 1, 0
32504, 2, 0, 0, 0, 0, 2
32505, 1, 2, 0, 2, 1, 0
66781, 1, 1, 1, 0, 1, 0
32512, 1, 0, 0, 0, 0, 1
32513, 0, 1, 0, 1, 0, 0
32515, 1, 2, 2, 0, 1, 0
36691, 0, 3, 3, 0, 0, 0
63266, 6, 5, 5, 0, 6, 0
63625, 1, 1, 1, 0, 1, 0
66996, 0, 1, 1, 0, 0, 0
66998, 0, 1, 1, 0, 0, 0
32517, 1, 1, 1, 0, 1, 0
32518, 3, 3, 3, 0, 3, 0
50774, 1, 1, 1, 0, 1, 0
32523, 1, 0, 0, 0, 1, 0
60540, 1, 1, 1, 0, 1, 0
90090, 1, 3, 3, 0, 1, 0
90091, 2, 4, 4, 0, 2, 0
90092, 2, 1, 1, 0, 2, 0
32525, 1, 0, 0, 0, 1, 0
32526, 2, 2, 1, 1, 2, 0
32528, 1, 0, 0, 0, 0, 1
32529, 1, 0, 0, 0, 1, 0
32530, 0, 2, 2, 0, 0, 0
32533, 1, 0, 0, 0, 1, 0
32534, 1, 0, 0, 0, 0, 1
32536, 1, 0, 0, 0, 0, 1
32537, 1, 0, 0, 0, 0, 1
32538, 2, 0, 0, 0, 2, 0
32540, 1, 0, 0, 0, 1, 0
41420, 0, 2, 0, 2, 0, 0
60953, 10, 9, 9, 0, 10, 0
32544, 1, 0, 0, 0, 1, 0
32546, 1, 0, 0, 0, 1, 0
33403, 0, 1, 1, 0, 0, 0
32548, 1, 0, 0, 0, 0, 1
32549, 1, 0, 0, 0, 1, 0
32550, 1, 1, 1, 0, 1, 0
36710, 10, 7, 7, 0, 10, 0
32552, 1, 0, 0, 0, 1, 0
32553, 1, 0, 0, 0, 1, 0
32554, 1, 0, 0, 0, 1, 0
32555, 1, 0, 0, 0, 0, 1
32556, 1, 0, 0, 0, 0, 1
32557, 1, 0, 0, 0, 1, 0
32559, 1, 0, 0, 0, 1, 0
32560, 1, 0, 0, 0, 1, 0
32561, 1, 0, 0, 0, 1, 0
32562, 1, 0, 0, 0, 1, 0
32566, 1, 0, 0, 0, 0, 1
32567, 1, 0, 0, 0, 1, 0
32568, 1, 0, 0, 0, 1, 0
32569, 1, 0, 0, 0, 1, 0
32570, 1, 0, 0, 0, 1, 0
32571, 1, 0, 0, 0, 1, 0
32572, 1, 0, 0, 0, 1, 0
32575, 1, 0, 0, 0, 1, 0
32577, 1, 0, 0, 0, 1, 0
32578, 1, 0, 0, 0, 0, 1
32579, 0, 3, 2, 1, 0, 0
36663, 0, 1, 1, 0, 0, 0
32582, 1, 0, 0, 0, 1, 0
32585, 1, 1, 1, 0, 1, 0
32587, 2, 0, 0, 0, 2, 0
32588, 1, 1, 1, 0, 1, 0
32589, 1, 0, 0, 0, 1, 0
32590, 2, 1, 1, 0, 2, 0
32593, 1, 0, 0, 0, 1, 0
32594, 4, 1, 1, 0, 2, 2
32596, 1, 0, 0, 0, 1, 0
32598, 3, 0, 0, 0, 3, 0
32600, 1, 0, 0, 0, 1, 0
32601, 0, 1, 1, 0, 0, 0
32602, 1, 0, 0, 0, 0, 1
32603, 1, 1, 0, 1, 0, 1
32604, 1, 1, 1, 0, 1, 0
32605, 2, 1, 1, 0, 2, 0
32606, 1, 0, 0, 0, 0, 1
32607, 1, 0, 0, 0, 1, 0
32609, 1, 0, 0, 0, 1, 0
32611, 1, 0, 0, 0, 1, 0
32612, 1, 0, 0, 0, 1, 0
42542, 1, 1, 1, 0, 1, 0
43258, 1, 1, 1, 0, 1, 0
43982, 1, 1, 1, 0, 1, 0
44389, 1, 1, 1, 0, 1, 0
45432, 2, 1, 1, 0, 2, 0
45648, 2, 1, 1, 0, 2, 0
50719, 2, 1, 1, 0, 2, 0
50725, 2, 1, 1, 0, 2, 0
50735, 2, 1, 1, 0, 2, 0
50965, 2, 1, 1, 0, 2, 0
50969, 0, 1, 1, 0, 0, 0
50970, 0, 1, 1, 0, 0, 0
50971, 0, 1, 1, 0, 0, 0
50972, 0, 1, 1, 0, 0, 0
50973, 0, 1, 1, 0, 0, 0
50974, 0, 1, 1, 0, 0, 0
50975, 0, 1, 1, 0, 0, 0
50976, 0, 1, 1, 0, 0, 0
32614, 1, 0, 0, 0, 0, 1
32615, 10, 0, 0, 0, 9, 1
32618, 1, 0, 0, 0, 1, 0
32619, 0, 1, 1, 0, 0, 0
54281, 0, 1, 1, 0, 0, 0
32622, 1, 0, 0, 0, 1, 0
32623, 0, 1, 1, 0, 0, 0
32625, 5, 1, 1, 0, 5, 0
32626, 2, 1, 1, 0, 2, 0
32627, 0, 1, 1, 0, 0, 0
32628, 4, 0, 0, 0, 4, 0
32629, 1, 0, 0, 0, 1, 0
32630, 0, 1, 1, 0, 0, 0
32631, 1, 0, 0, 0, 1, 0
32632, 1, 0, 0, 0, 1, 0
32633, 4, 0, 0, 0, 4, 0
32638, 1, 0, 0, 0, 1, 0
32639, 1, 0, 0, 0, 0, 1
32641, 2, 4, 4, 0, 2, 0
71675, 2, 2, 2, 0, 2, 0
32642, 1, 0, 0, 0, 1, 0
80798, 2, 5, 5, 0, 2, 0
32644, 1, 0, 0, 0, 1, 0
32645, 2, 1, 1, 0, 2, 0
32649, 1, 0, 0, 0, 0, 1
32650, 1, 1, 0, 1, 1, 0
32652, 1, 0, 0, 0, 0, 1
32653, 1, 0, 0, 0, 1, 0
32654, 2, 0, 0, 0, 0, 2
32655, 0, 1, 0, 1, 0, 0
32657, 1, 1, 1, 0, 1, 0
32660, 1, 0, 0, 0, 0, 1
32661, 0, 1, 0, 1, 0, 0
32663, 1, 0, 0, 0, 1, 0
32664, 1, 1, 1, 0, 1, 0
32666, 1, 0, 0, 0, 1, 0
32673, 1, 0, 0, 0, 1, 0
32675, 1, 0, 0, 0, 1, 0
32677, 3, 0, 0, 0, 3, 0
32680, 3, 0, 0, 0, 3, 0
32681, 1, 0, 0, 0, 1, 0
32682, 1, 0, 0, 0, 1, 0
41416, 0, 1, 1, 0, 0, 0
32684, 1, 0, 0, 0, 0, 1
32685, 1, 0, 0, 0, 0, 1
32689, 0, 1, 1, 0, 0, 0
32690, 5, 1, 1, 0, 5, 0
38414, 1, 1, 1, 0, 1, 0
32693, 1, 0, 0, 0, 1, 0
32695, 1, 0, 0, 0, 1, 0
32696, 1, 0, 0, 0, 1, 0
32697, 1, 0, 0, 0, 1, 0
32698, 1, 0, 0, 0, 1, 0
32699, 0, 1, 1, 0, 0, 0
32700, 1, 0, 0, 0, 0, 1
32702, 1, 0, 0, 0, 0, 1
32703, 1, 0, 0, 0, 1, 0
32705, 1, 0, 0, 0, 1, 0
32707, 1, 0, 0, 0, 1, 0
32709, 1, 0, 0, 0, 1, 0
32710, 1, 0, 0, 0, 1, 0
32712, 1, 0, 0, 0, 1, 0
32714, 0, 1, 1, 0, 0, 0
32715, 3, 0, 0, 0, 3, 0
32717, 1, 0, 0, 0, 1, 0
32719, 1, 0, 0, 0, 1, 0
43521, 0, 1, 0, 1, 0, 0
36356, 0, 1, 0, 1, 0, 0
32757, 1, 0, 0, 0, 1, 0
32758, 1, 0, 0, 0, 1, 0
32759, 1, 0, 0, 0, 1, 0
32764, 1, 0, 0, 0, 1, 0
52677, 0, 1, 1, 0, 0, 0
76121, 0, 1, 1, 0, 0, 0
76122, 0, 1, 1, 0, 0, 0
67177, 5, 1, 1, 0, 5, 0
76439, 0, 1, 1, 0, 0, 0
66551, 1, 1, 1, 0, 1, 0
32772, 1, 0, 0, 0, 1, 0
32773, 1, 3, 3, 0, 1, 0
32774, 1, 1, 1, 0, 1, 0
32775, 2, 1, 1, 0, 2, 0
32776, 9, 0, 0, 0, 6, 3
32777, 1, 2, 1, 1, 1, 0
32778, 0, 1, 0, 1, 0, 0
70716, 1, 2, 2, 0, 1, 0
32779, 1, 0, 0, 0, 1, 0
32781, 2, 0, 0, 0, 2, 0
32793, 1, 0, 0, 0, 1, 0
32794, 1, 0, 0, 0, 0, 1
32797, 1, 0, 0, 0, 1, 0
32802, 1, 0, 0, 0, 1, 0
32803, 2, 1, 1, 0, 2, 0
32804, 1, 0, 0, 0, 1, 0
32805, 2, 0, 0, 0, 1, 1
32806, 1, 0, 0, 0, 1, 0
49265, 5, 1, 1, 0, 5, 0
32810, 1, 0, 0, 0, 1, 0
32811, 0, 1, 1, 0, 0, 0
32812, 1, 0, 0, 0, 1, 0
32816, 1, 0, 0, 0, 1, 0
32817, 1, 0, 0, 0, 1, 0
32818, 1, 0, 0, 0, 1, 0
32819, 1, 0, 0, 0, 0, 1
32820, 2, 0, 0, 0, 1, 1
32825, 1, 0, 0, 0, 1, 0
33598, 4, 5, 5, 0, 4, 0
32827, 1, 1, 1, 0, 1, 0
32829, 1, 0, 0, 0, 1, 0
32830, 2, 0, 0, 0, 1, 1
90612, 0, 2, 2, 0, 0, 0
32832, 1, 0, 0, 0, 1, 0
32835, 1, 0, 0, 0, 1, 0
32838, 1, 0, 0, 0, 0, 1
32839, 1, 0, 0, 0, 1, 0
32841, 24, 0, 0, 0, 0, 24
32846, 3, 1, 0, 1, 0, 3
32848, 0, 1, 0, 1, 0, 0
41975, 0, 3, 3, 0, 0, 0
51936, 0, 1, 0, 1, 0, 0
51939, 0, 1, 0, 1, 0, 0
51940, 0, 1, 0, 1, 0, 0
32849, 3, 0, 0, 0, 1, 2
32850, 1, 0, 0, 0, 1, 0
49180, 5, 9, 9, 0, 5, 0
57231, 0, 2, 2, 0, 0, 0
65341, 6, 5, 5, 0, 6, 0
70358, 0, 2, 2, 0, 0, 0
70359, 4, 1, 1, 0, 4, 0
32855, 1, 0, 0, 0, 1, 0
70101, 0, 2, 2, 0, 0, 0
32857, 4, 0, 0, 0, 4, 0
32859, 1, 2, 2, 0, 1, 0
32860, 1, 0, 0, 0, 1, 0
32861, 1, 0, 0, 0, 0, 1
33016, 1, 1, 1, 0, 0, 1
34360, 1, 1, 1, 0, 1, 0
63786, 0, 1, 1, 0, 0, 0
32863, 1, 0, 0, 0, 0, 1
32864, 1, 0, 0, 0, 1, 0
86619, 0, 1, 1, 0, 0, 0
87382, 0, 1, 1, 0, 0, 0
61004, 1, 1, 1, 0, 1, 0
61392, 1, 2, 2, 0, 1, 0
32870, 1, 0, 0, 0, 1, 0
32871, 1, 0, 0, 0, 1, 0
54902, 3, 1, 1, 0, 3, 0
86929, 0, 1, 1, 0, 0, 0
86931, 0, 1, 1, 0, 0, 0
86932, 0, 1, 1, 0, 0, 0
86933, 0, 1, 1, 0, 0, 0
93946, 8, 5, 5, 0, 8, 0
32873, 2, 0, 0, 0, 2, 0
69149, 3, 3, 3, 0, 3, 0
32875, 2, 0, 0, 0, 2, 0
32876, 1, 0, 0, 0, 1, 0
32878, 3, 1, 1, 0, 3, 0
32879, 5, 0, 0, 0, 5, 0
32882, 0, 1, 1, 0, 0, 0
32883, 0, 1, 1, 0, 0, 0
32884, 2, 0, 0, 0, 2, 0
32885, 1, 0, 0, 0, 1, 0
32886, 1, 0, 0, 0, 1, 0
32888, 1, 0, 0, 0, 0, 1
32890, 1, 0, 0, 0, 1, 0
32892, 3, 3, 3, 0, 3, 0
32894, 2, 2, 2, 0, 2, 0
35592, 1, 1, 1, 0, 1, 0
32896, 1, 0, 0, 0, 1, 0
32898, 1, 0, 0, 0, 0, 1
32899, 1, 0, 0, 0, 1, 0
32900, 2, 0, 0, 0, 2, 0
80072, 3, 1, 1, 0, 3, 0
84184, 0, 2, 2, 0, 0, 0
32907, 1, 1, 1, 0, 1, 0
108932, 1, 2, 2, 0, 1, 0
32911, 1, 0, 0, 0, 1, 0
32912, 1, 0, 0, 0, 1, 0
32913, 2, 0, 0, 0, 1, 1
32915, 3, 0, 0, 0, 3, 0
32916, 4, 0, 0, 0, 1, 3
32917, 1, 1, 0, 1, 1, 0
32920, 2, 1, 1, 0, 2, 0
62655, 3, 4, 4, 0, 3, 0
80563, 1, 1, 1, 0, 1, 0
80619, 5, 1, 1, 0, 5, 0
32922, 1, 0, 0, 0, 1, 0
41315, 2, 1, 1, 0, 2, 0
76307, 1, 4, 4, 0, 1, 0
77154, 3, 2, 2, 0, 3, 0
32924, 1, 0, 0, 0, 1, 0
80762, 0, 1, 0, 1, 0, 0
41694, 1, 2, 2, 0, 1, 0
41695, 0, 1, 0, 1, 0, 0
41697, 0, 1, 1, 0, 0, 0
32927, 1, 0, 0, 0, 1, 0
81560, 6, 3, 3, 0, 6, 0
32930, 1, 0, 0, 0, 1, 0
32931, 0, 1, 1, 0, 0, 0
63085, 1, 2, 2, 0, 1, 0
66536, 2, 1, 1, 0, 2, 0
78334, 0, 1, 1, 0, 0, 0
32935, 2, 0, 0, 0, 2, 0
32936, 2, 0, 0, 0, 2, 0
32938, 1, 0, 0, 0, 1, 0
32939, 1, 0, 0, 0, 0, 1
32940, 2, 0, 0, 0, 1, 1
32941, 1, 1, 0, 1, 1, 0
32943, 2, 0, 0, 0, 0, 2
32944, 1, 0, 0, 0, 1, 0
32945, 1, 0, 0, 0, 1, 0
32946, 1, 0, 0, 0, 1, 0
32947, 0, 1, 1, 0, 0, 0
32948, 2, 0, 0, 0, 2, 0
32950, 1, 0, 0, 0, 0, 1
32951, 3, 0, 0, 0, 1, 2
32952, 1, 0, 0, 0, 0, 1
83013, 1, 1, 1, 0, 1, 0
83307, 0, 1, 1, 0, 0, 0
32954, 1, 0, 0, 0, 1, 0
32955, 4, 1, 1, 0, 3, 1
32956, 0, 1, 0, 1, 0, 0
32958, 2, 0, 0, 0, 2, 0
32959, 1, 0, 0, 0, 1, 0
32960, 2, 0, 0, 0, 2, 0
32962, 1, 0, 0, 0, 1, 0
32963, 1, 0, 0, 0, 1, 0
32965, 4, 0, 0, 0, 3, 1
32966, 4, 8, 6, 2, 4, 0
84933, 1, 1, 1, 0, 1, 0
32969, 2, 0, 0, 0, 2, 0
32970, 1, 0, 0, 0, 1, 0
32973, 1, 0, 0, 0, 1, 0
32977, 1, 0, 0, 0, 1, 0
32978, 1, 0, 0, 0, 1, 0
32979, 0, 1, 1, 0, 0, 0
32980, 1, 1, 1, 0, 1, 0
32981, 2, 1, 1, 0, 2, 0
32982, 1, 0, 0, 0, 1, 0
32985, 1, 0, 0, 0, 1, 0
32986, 1, 0, 0, 0, 0, 1
32987, 1, 0, 0, 0, 1, 0
32988, 2, 3, 3, 0, 2, 0
32991, 0, 1, 0, 1, 0, 0
32993, 0, 1, 0, 1, 0, 0
103322, 1, 1, 1, 0, 1, 0
32996, 3, 0, 0, 0, 3, 0
32999, 1, 1, 1, 0, 1, 0
33000, 0, 2, 2, 0, 0, 0
33001, 1, 0, 0, 0, 1, 0
33002, 1, 0, 0, 0, 1, 0
33005, 8, 0, 0, 0, 8, 0
33006, 1, 1, 1, 0, 1, 0
55939, 3, 1, 1, 0, 3, 0
33010, 1, 1, 1, 0, 1, 0
33011, 1, 2, 2, 0, 1, 0
33012, 1, 1, 1, 0, 1, 0
33013, 5, 1, 1, 0, 5, 0
33015, 2, 1, 1, 0, 2, 0
33017, 1, 0, 0, 0, 1, 0
33018, 1, 3, 3, 0, 0, 1
94092, 0, 1, 0, 1, 0, 0
33019, 2, 0, 0, 0, 2, 0
89676, 1, 1, 1, 0, 1, 0
91425, 0, 1, 1, 0, 0, 0
33021, 2, 0, 0, 0, 2, 0
33022, 1, 0, 0, 0, 1, 0
33025, 0, 1, 1, 0, 0, 0
33026, 1, 0, 0, 0, 1, 0
33028, 1, 0, 0, 0, 1, 0
33029, 1, 0, 0, 0, 1, 0
33031, 1, 0, 0, 0, 1, 0
33032, 1, 0, 0, 0, 1, 0
33033, 1, 5, 5, 0, 1, 0
33035, 1, 0, 0, 0, 0, 1
33036, 1, 0, 0, 0, 1, 0
33037, 1, 0, 0, 0, 1, 0
33038, 1, 0, 0, 0, 1, 0
33039, 1, 0, 0, 0, 1, 0
33040, 1, 0, 0, 0, 1, 0
33041, 1, 0, 0, 0, 1, 0
33042, 1, 0, 0, 0, 0, 1
33043, 1, 0, 0, 0, 1, 0
33044, 2, 0, 0, 0, 2, 0
33050, 1, 0, 0, 0, 1, 0
33052, 2, 0, 0, 0, 1, 1
33053, 2, 0, 0, 0, 2, 0
33054, 2, 1, 1, 0, 1, 1
33055, 0, 1, 1, 0, 0, 0
49137, 1, 2, 2, 0, 1, 0
51750, 2, 1, 1, 0, 2, 0
77098, 0, 1, 1, 0, 0, 0
33684, 1, 1, 1, 0, 1, 0
33824, 0, 2, 2, 0, 0, 0
36155, 1, 1, 1, 0, 1, 0
36159, 2, 2, 2, 0, 2, 0
43356, 1, 1, 1, 0, 1, 0
43456, 1, 1, 1, 0, 1, 0
44982, 1, 3, 3, 0, 1, 0
45442, 0, 1, 1, 0, 0, 0
45445, 0, 1, 1, 0, 0, 0
45446, 0, 1, 1, 0, 0, 0
33061, 1, 0, 0, 0, 0, 1
33062, 0, 1, 0, 1, 0, 0
33066, 1, 0, 0, 0, 0, 1
33067, 0, 1, 0, 1, 0, 0
33213, 0, 2, 2, 0, 0, 0
33214, 0, 2, 2, 0, 0, 0
33215, 0, 2, 2, 0, 0, 0
33216, 0, 2, 2, 0, 0, 0
33083, 4, 3, 3, 0, 4, 0
33264, 0, 1, 1, 0, 0, 0
33265, 0, 1, 1, 0, 0, 0
33081, 1, 0, 0, 0, 0, 1
33085, 2, 0, 0, 0, 1, 1
33086, 1, 0, 0, 0, 1, 0
33087, 1, 0, 0, 0, 1, 0
33088, 1, 0, 0, 0, 1, 0
88169, 1, 1, 1, 0, 1, 0
70660, 2, 5, 5, 0, 2, 0
73100, 1, 1, 1, 0, 1, 0
36091, 0, 3, 0, 3, 0, 0
40885, 1, 1, 0, 1, 1, 0
45371, 1, 1, 0, 1, 1, 0
56525, 1, 1, 0, 1, 0, 1
65920, 0, 1, 0, 1, 0, 0
66249, 5, 5, 5, 0, 5, 0
66250, 0, 4, 4, 0, 0, 0
76482, 0, 1, 1, 0, 0, 0
55950, 1, 4, 4, 0, 1, 0
64679, 1, 1, 1, 0, 1, 0
67314, 1, 1, 1, 0, 1, 0
67654, 4, 2, 2, 0, 4, 0
68023, 1, 1, 1, 0, 1, 0
79063, 0, 1, 1, 0, 0, 0
45531, 1, 1, 1, 0, 1, 0
64833, 1, 1, 1, 0, 1, 0
66336, 2, 2, 2, 0, 2, 0
79810, 0, 1, 1, 0, 0, 0
53672, 1, 1, 1, 0, 1, 0
53673, 0, 1, 0, 1, 0, 0
57729, 3, 2, 2, 0, 3, 0
58604, 8, 1, 1, 0, 8, 0
59049, 2, 2, 2, 0, 2, 0
74459, 0, 1, 1, 0, 0, 0
74460, 0, 2, 2, 0, 0, 0
74461, 0, 1, 1, 0, 0, 0
74463, 0, 1, 1, 0, 0, 0
67419, 6, 6, 5, 1, 6, 0
105377, 1, 1, 1, 0, 1, 0
33157, 2, 0, 0, 0, 2, 0
33158, 1, 0, 0, 0, 1, 0
33160, 1, 0, 0, 0, 0, 1
33162, 1, 0, 0, 0, 1, 0
33163, 1, 0, 0, 0, 0, 1
33165, 1, 0, 0, 0, 1, 0
33166, 2, 0, 0, 0, 1, 1
33167, 0, 1, 0, 1, 0, 0
33168, 0, 1, 1, 0, 0, 0
33169, 3, 0, 0, 0, 2, 1
33171, 1, 0, 0, 0, 1, 0
33172, 2, 0, 0, 0, 2, 0
33174, 1, 0, 0, 0, 1, 0
33175, 1, 1, 0, 1, 1, 0
33177, 1, 0, 0, 0, 1, 0
33178, 1, 0, 0, 0, 1, 0
33179, 1, 0, 0, 0, 1, 0
33181, 1, 0, 0, 0, 1, 0
33182, 2, 3, 3, 0, 2, 0
33183, 1, 0, 0, 0, 1, 0
33184, 0, 1, 1, 0, 0, 0
67930, 0, 1, 1, 0, 0, 0
52602, 11, 7, 7, 0, 10, 1
68259, 2, 1, 1, 0, 2, 0
68476, 6, 5, 5, 0, 6, 0
68477, 14, 9, 9, 0, 14, 0
73828, 13, 9, 9, 0, 13, 0
74226, 0, 1, 1, 0, 0, 0
74227, 0, 1, 1, 0, 0, 0
33187, 1, 1, 1, 0, 1, 0
33188, 1, 0, 0, 0, 1, 0
33189, 1, 0, 0, 0, 1, 0
33190, 1, 0, 0, 0, 1, 0
33191, 1, 0, 0, 0, 1, 0
33193, 1, 0, 0, 0, 1, 0
33194, 1, 0, 0, 0, 0, 1
33195, 0, 1, 0, 1, 0, 0
33196, 1, 0, 0, 0, 1, 0
33197, 1, 0, 0, 0, 1, 0
46599, 5, 4, 3, 1, 5, 0
47835, 1, 4, 4, 0, 1, 0
54996, 2, 2, 2, 0, 2, 0
76702, 0, 1, 1, 0, 0, 0
33199, 1, 0, 0, 0, 0, 1
33201, 1, 0, 0, 0, 1, 0
33204, 0, 1, 1, 0, 0, 0
33205, 0, 1, 1, 0, 0, 0
33206, 1, 0, 0, 0, 1, 0
33207, 1, 0, 0, 0, 1, 0
33211, 1, 0, 0, 0, 1, 0
33212, 1, 1, 1, 0, 1, 0
33217, 1, 0, 0, 0, 1, 0
33219, 1, 0, 0, 0, 1, 0
33220, 1, 0, 0, 0, 1, 0
33222, 13, 0, 0, 0, 3, 10
33223, 4, 2, 1, 1, 2, 2
33224, 2, 2, 0, 2, 1, 1
33227, 1, 2, 0, 2, 1, 0
59901, 1, 1, 1, 0, 1, 0
44709, 1, 2, 2, 0, 1, 0
46745, 5, 6, 6, 0, 5, 0
47642, 2, 3, 3, 0, 2, 0
47643, 2, 4, 4, 0, 2, 0
49337, 3, 2, 2, 0, 3, 0
52107, 1, 4, 3, 1, 1, 0
52108, 0, 1, 1, 0, 0, 0
80139, 0, 2, 2, 0, 0, 0
33229, 1, 0, 0, 0, 1, 0
33230, 1, 0, 0, 0, 1, 0
33599, 7, 6, 6, 0, 6, 1
36527, 0, 1, 0, 1, 0, 0
33440, 1, 1, 1, 0, 1, 0
33235, 3, 0, 0, 0, 0, 3
42147, 5, 1, 1, 0, 5, 0
40653, 0, 2, 2, 0, 0, 0
47283, 1, 1, 1, 0, 1, 0
47955, 0, 1, 1, 0, 0, 0
47956, 0, 1, 1, 0, 0, 0
47957, 0, 1, 1, 0, 0, 0
47958, 0, 1, 1, 0, 0, 0
47959, 0, 1, 1, 0, 0, 0
47960, 0, 1, 1, 0, 0, 0
47961, 0, 1, 1, 0, 0, 0
47962, 0, 1, 1, 0, 0, 0
47963, 1, 1, 1, 0, 1, 0
47964, 0, 1, 1, 0, 0, 0
47965, 0, 1, 1, 0, 0, 0
47966, 0, 1, 1, 0, 0, 0
47967, 0, 1, 1, 0, 0, 0
47968, 0, 1, 1, 0, 0, 0
47969, 0, 1, 1, 0, 0, 0
47970, 0, 1, 1, 0, 0, 0
47971, 0, 1, 1, 0, 0, 0
47973, 0, 1, 1, 0, 0, 0
47974, 0, 1, 1, 0, 0, 0
47975, 1, 1, 1, 0, 1, 0
47976, 0, 1, 1, 0, 0, 0
47978, 0, 1, 1, 0, 0, 0
47979, 0, 1, 1, 0, 0, 0
47980, 0, 1, 1, 0, 0, 0
47981, 0, 1, 1, 0, 0, 0
47982, 0, 2, 1, 1, 0, 0
47983, 0, 1, 1, 0, 0, 0
47984, 0, 1, 1, 0, 0, 0
47985, 0, 1, 1, 0, 0, 0
47986, 0, 1, 1, 0, 0, 0
47987, 0, 1, 1, 0, 0, 0
47988, 2, 3, 2, 1, 2, 0
33239, 1, 0, 0, 0, 1, 0
33240, 3, 0, 0, 0, 1, 2
33241, 0, 1, 0, 1, 0, 0
33242, 0, 1, 0, 1, 0, 0
33243, 0, 2, 1, 1, 0, 0
33244, 3, 0, 0, 0, 3, 0
33246, 1, 0, 0, 0, 0, 1
33247, 0, 1, 0, 1, 0, 0
46418, 0, 1, 0, 1, 0, 0
33251, 1, 0, 0, 0, 0, 1
33252, 1, 1, 0, 1, 1, 0
65415, 3, 3, 3, 0, 3, 0
65416, 0, 1, 1, 0, 0, 0
65417, 0, 1, 1, 0, 0, 0
65419, 0, 1, 1, 0, 0, 0
50433, 0, 1, 0, 1, 0, 0
50435, 0, 1, 0, 1, 0, 0
33259, 1, 0, 0, 0, 1, 0
33268, 1, 0, 0, 0, 1, 0
33269, 2, 0, 0, 0, 2, 0
33270, 1, 0, 0, 0, 0, 1
33271, 3, 0, 0, 0, 3, 0
33274, 0, 1, 0, 1, 0, 0
33275, 1, 0, 0, 0, 1, 0
33276, 1, 0, 0, 0, 1, 0
33277, 1, 0, 0, 0, 1, 0
33278, 1, 0, 0, 0, 1, 0
33279, 1, 0, 0, 0, 1, 0
33280, 1, 0, 0, 0, 1, 0
33281, 0, 1, 1, 0, 0, 0
33282, 1, 0, 0, 0, 1, 0
33283, 0, 1, 1, 0, 0, 0
33284, 2, 0, 0, 0, 2, 0
33286, 1, 0, 0, 0, 0, 1
33287, 1, 5, 4, 1, 1, 0
33288, 2, 0, 0, 0, 2, 0
33289, 1, 0, 0, 0, 1, 0
33290, 2, 1, 1, 0, 1, 1
33437, 1, 2, 1, 1, 1, 0
33291, 1, 0, 0, 0, 1, 0
33292, 1, 1, 1, 0, 1, 0
51946, 0, 1, 1, 0, 0, 0
33293, 2, 0, 0, 0, 2, 0
33295, 1, 0, 0, 0, 1, 0
33296, 1, 0, 0, 0, 1, 0
33297, 1, 0, 0, 0, 0, 1
33299, 1, 0, 0, 0, 1, 0
33301, 1, 0, 0, 0, 0, 1
33302, 2, 0, 0, 0, 0, 2
33305, 0, 1, 1, 0, 0, 0
64108, 2, 1, 1, 0, 2, 0
82148, 1, 1, 1, 0, 1, 0
84738, 1, 1, 1, 0, 1, 0
85869, 0, 1, 1, 0, 0, 0
85870, 0, 1, 1, 0, 0, 0
85871, 0, 1, 1, 0, 0, 0
33307, 2, 0, 0, 0, 2, 0
33309, 1, 0, 0, 0, 1, 0
33312, 5, 0, 0, 0, 3, 2
33314, 4, 2, 2, 0, 4, 0
33315, 0, 1, 1, 0, 0, 0
87772, 0, 1, 1, 0, 0, 0
52849, 1, 1, 1, 0, 1, 0
68269, 1, 1, 1, 0, 1, 0
40761, 1, 3, 2, 1, 0, 1
51549, 0, 1, 0, 1, 0, 0
94811, 1, 1, 1, 0, 1, 0
95077, 0, 1, 1, 0, 0, 0
116806, 2, 1, 1, 0, 2, 0
33328, 1, 0, 0, 0, 0, 1
33330, 1, 0, 0, 0, 1, 0
33331, 1, 0, 0, 0, 1, 0
81652, 0, 1, 0, 1, 0, 0
33335, 1, 0, 0, 0, 1, 0
33339, 1, 0, 0, 0, 1, 0
33340, 1, 0, 0, 0, 0, 1
33341, 1, 2, 1, 1, 1, 0
90708, 1, 1, 1, 0, 1, 0
33342, 1, 0, 0, 0, 1, 0
33343, 1, 0, 0, 0, 1, 0
33344, 3, 0, 0, 0, 3, 0
33347, 7, 0, 0, 0, 7, 0
33348, 1, 1, 1, 0, 0, 1
33349, 0, 1, 0, 1, 0, 0
33350, 3, 0, 0, 0, 3, 0
33351, 2, 2, 2, 0, 1, 1
33354, 1, 0, 0, 0, 0, 1
33355, 0, 2, 1, 1, 0, 0
33356, 1, 0, 0, 0, 1, 0
33357, 1, 0, 0, 0, 1, 0
33358, 1, 0, 0, 0, 1, 0
33359, 1, 0, 0, 0, 0, 1
33361, 1, 0, 0, 0, 1, 0
33362, 1, 1, 1, 0, 1, 0
33364, 1, 0, 0, 0, 1, 0
33366, 1, 0, 0, 0, 1, 0
33368, 1, 0, 0, 0, 1, 0
33369, 2, 1, 1, 0, 2, 0
65708, 2, 1, 1, 0, 2, 0
71166, 2, 2, 2, 0, 1, 1
33371, 2, 0, 0, 0, 2, 0
34493, 3, 1, 1, 0, 3, 0
40142, 6, 2, 2, 0, 6, 0
55424, 2, 3, 3, 0, 2, 0
55425, 6, 4, 4, 0, 6, 0
55426, 1, 3, 3, 0, 1, 0
64970, 1, 1, 1, 0, 1, 0
68093, 3, 3, 3, 0, 3, 0
68094, 6, 3, 3, 0, 4, 2
70209, 0, 1, 1, 0, 0, 0
70211, 0, 1, 1, 0, 0, 0
33376, 1, 0, 0, 0, 1, 0
33377, 6, 1, 1, 0, 6, 0
63227, 5, 1, 1, 0, 5, 0
33380, 4, 0, 0, 0, 3, 1
33381, 0, 1, 0, 1, 0, 0
33382, 1, 0, 0, 0, 0, 1
33383, 0, 2, 0, 2, 0, 0
33384, 1, 0, 0, 0, 0, 1
35651, 16, 1, 1, 0, 10, 6
99442, 1, 1, 1, 0, 1, 0
33386, 1, 0, 0, 0, 0, 1
33387, 1, 0, 0, 0, 0, 1
33388, 1, 0, 0, 0, 1, 0
33389, 1, 0, 0, 0, 1, 0
33393, 0, 1, 1, 0, 0, 0
33394, 1, 0, 0, 0, 0, 1
111632, 0, 1, 1, 0, 0, 0
33400, 4, 0, 0, 0, 4, 0
33401, 1, 1, 1, 0, 1, 0
33402, 1, 0, 0, 0, 1, 0
33404, 6, 0, 0, 0, 0, 6
33406, 0, 1, 0, 1, 0, 0
79305, 2, 1, 1, 0, 2, 0
33408, 3, 1, 1, 0, 2, 1
33409, 1, 1, 1, 0, 1, 0
33410, 1, 0, 0, 0, 1, 0
33411, 1, 0, 0, 0, 1, 0
84132, 2, 2, 2, 0, 2, 0
46354, 1, 2, 1, 1, 1, 0
33416, 1, 0, 0, 0, 1, 0
33417, 1, 0, 0, 0, 1, 0
33418, 3, 0, 0, 0, 3, 0
33419, 1, 0, 0, 0, 1, 0
33421, 1, 0, 0, 0, 1, 0
33422, 1, 0, 0, 0, 1, 0
33424, 2, 0, 0, 0, 1, 1
33426, 1, 0, 0, 0, 1, 0
33427, 4, 2, 2, 0, 4, 0
33428, 1, 0, 0, 0, 1, 0
53141, 1, 1, 1, 0, 1, 0
33430, 1, 0, 0, 0, 0, 1
33431, 0, 1, 0, 1, 0, 0
33432, 2, 0, 0, 0, 2, 0
33433, 1, 0, 0, 0, 1, 0
41878, 2, 1, 1, 0, 2, 0
33501, 0, 1, 0, 1, 0, 0
33441, 2, 2, 2, 0, 2, 0
33442, 2, 2, 2, 0, 2, 0
33448, 0, 1, 1, 0, 0, 0
33449, 1, 1, 1, 0, 1, 0
57361, 9, 3, 3, 0, 6, 3
68136, 2, 2, 2, 0, 2, 0
77725, 0, 1, 0, 1, 0, 0
33450, 1, 0, 0, 0, 1, 0
33451, 2, 0, 0, 0, 2, 0
33452, 0, 1, 1, 0, 0, 0
33455, 5, 0, 0, 0, 2, 3
33457, 1, 0, 0, 0, 1, 0
33463, 3, 2, 2, 0, 3, 0
68248, 0, 1, 1, 0, 0, 0
33465, 1, 0, 0, 0, 0, 1
33467, 1, 0, 0, 0, 1, 0
33469, 1, 0, 0, 0, 1, 0
69851, 3, 4, 4, 0, 2, 1
89767, 3, 1, 1, 0, 3, 0
90977, 2, 2, 2, 0, 2, 0
92852, 2, 2, 1, 1, 2, 0
92853, 0, 1, 1, 0, 0, 0
92854, 0, 1, 1, 0, 0, 0
92855, 0, 1, 1, 0, 0, 0
92857, 0, 1, 1, 0, 0, 0
92858, 0, 1, 1, 0, 0, 0
92859, 0, 1, 1, 0, 0, 0
92860, 0, 1, 1, 0, 0, 0
92861, 0, 1, 1, 0, 0, 0
92862, 0, 1, 1, 0, 0, 0
92863, 0, 1, 1, 0, 0, 0
92864, 0, 1, 1, 0, 0, 0
92865, 0, 1, 1, 0, 0, 0
114496, 0, 2, 2, 0, 0, 0
116751, 5, 1, 1, 0, 5, 0
117464, 1, 1, 1, 0, 1, 0
120164, 2, 1, 1, 0, 2, 0
83830, 0, 1, 0, 1, 0, 0
83831, 0, 1, 0, 1, 0, 0
33476, 0, 1, 1, 0, 0, 0
33477, 1, 0, 0, 0, 1, 0
33479, 2, 0, 0, 0, 2, 0
33480, 0, 1, 1, 0, 0, 0
33481, 1, 0, 0, 0, 0, 1
33487, 9, 1, 1, 0, 9, 0
33488, 5, 4, 4, 0, 5, 0
50388, 3, 3, 3, 0, 3, 0
50407, 9, 2, 2, 0, 9, 0
56727, 0, 1, 0, 1, 0, 0
33494, 1, 1, 1, 0, 1, 0
33817, 2, 8, 7, 1, 2, 0
33496, 1, 0, 0, 0, 1, 0
33497, 1, 0, 0, 0, 0, 1
63446, 0, 1, 1, 0, 0, 0
33506, 1, 0, 0, 0, 1, 0
33508, 2, 0, 0, 0, 2, 0
33509, 0, 1, 1, 0, 0, 0
33510, 1, 0, 0, 0, 1, 0
33512, 1, 1, 1, 0, 1, 0
33513, 2, 0, 0, 0, 2, 0
33514, 1, 0, 0, 0, 1, 0
33515, 1, 0, 0, 0, 1, 0
33516, 1, 0, 0, 0, 1, 0
33517, 1, 0, 0, 0, 1, 0
33519, 1, 0, 0, 0, 1, 0
33520, 1, 0, 0, 0, 1, 0
33522, 2, 1, 1, 0, 2, 0
44985, 0, 1, 0, 1, 0, 0
44986, 0, 1, 0, 1, 0, 0
33525, 2, 0, 0, 0, 2, 0
33529, 1, 0, 0, 0, 0, 1
38818, 6, 1, 0, 1, 6, 0
33535, 25, 2, 2, 0, 17, 8
33539, 0, 2, 2, 0, 0, 0
33540, 3, 5, 5, 0, 3, 0
33542, 0, 1, 1, 0, 0, 0
50131, 3, 1, 1, 0, 1, 2
53118, 0, 2, 2, 0, 0, 0
53126, 6, 3, 2, 1, 6, 0
33544, 1, 0, 0, 0, 1, 0
33545, 1, 0, 0, 0, 1, 0
54543, 8, 1, 1, 0, 7, 1
39195, 1, 1, 0, 1, 1, 0
39196, 1, 1, 1, 0, 1, 0
33549, 1, 1, 1, 0, 1, 0
33550, 3, 1, 1, 0, 3, 0
33551, 1, 0, 0, 0, 1, 0
33553, 1, 1, 1, 0, 1, 0
33555, 3, 0, 0, 0, 2, 1
33558, 1, 0, 0, 0, 1, 0
33560, 1, 0, 0, 0, 1, 0
33563, 0, 1, 1, 0, 0, 0
33564, 0, 1, 1, 0, 0, 0
54386, 1, 7, 6, 1, 1, 0
87869, 0, 1, 1, 0, 0, 0
33566, 2, 0, 0, 0, 1, 1
33568, 2, 0, 0, 0, 2, 0
33570, 1, 0, 0, 0, 1, 0
33571, 3, 0, 0, 0, 3, 0
33572, 3, 0, 0, 0, 3, 0
33573, 1, 0, 0, 0, 0, 1
66752, 2, 2, 2, 0, 2, 0
33575, 2, 0, 0, 0, 0, 2
34757, 1, 3, 1, 2, 1, 0
33578, 1, 0, 0, 0, 1, 0
33579, 1, 0, 0, 0, 1, 0
33580, 5, 1, 1, 0, 4, 1
33582, 0, 2, 2, 0, 0, 0
33585, 1, 0, 0, 0, 1, 0
33589, 1, 1, 1, 0, 1, 0
66402, 6, 3, 3, 0, 6, 0
33593, 2, 0, 0, 0, 2, 0
33594, 5, 1, 1, 0, 5, 0
33595, 1, 2, 2, 0, 1, 0
46181, 0, 1, 1, 0, 0, 0
90369, 1, 1, 1, 0, 1, 0
33596, 2, 0, 0, 0, 2, 0
68467, 1, 1, 1, 0, 1, 0
91056, 0, 1, 1, 0, 0, 0
33600, 1, 0, 0, 0, 0, 1
33601, 1, 3, 2, 1, 1, 0
112025, 0, 2, 2, 0, 0, 0
33602, 1, 0, 0, 0, 1, 0
33603, 0, 1, 1, 0, 0, 0
33604, 1, 2, 2, 0, 1, 0
33605, 4, 2, 2, 0, 4, 0
33606, 1, 0, 0, 0, 1, 0
33610, 1, 0, 0, 0, 0, 1
33619, 1, 0, 0, 0, 1, 0
33620, 1, 0, 0, 0, 1, 0
33621, 1, 0, 0, 0, 0, 1
33624, 2, 4, 4, 0, 2, 0
33626, 1, 0, 0, 0, 1, 0
33627, 2, 0, 0, 0, 1, 1
33628, 1, 0, 0, 0, 0, 1
83276, 0, 1, 1, 0, 0, 0
33630, 1, 0, 0, 0, 0, 1
33631, 4, 1, 1, 0, 4, 0
33633, 4, 1, 1, 0, 4, 0
39916, 0, 2, 2, 0, 0, 0
54004, 2, 2, 2, 0, 2, 0
54005, 2, 1, 1, 0, 2, 0
33634, 1, 0, 0, 0, 1, 0
129949, 0, 4, 2, 2, 0, 0
33640, 1, 0, 0, 0, 1, 0
33641, 1, 0, 0, 0, 1, 0
33643, 1, 0, 0, 0, 1, 0
33645, 1, 0, 0, 0, 0, 1
33646, 1, 2, 0, 2, 1, 0
33648, 1, 0, 0, 0, 0, 1
33649, 0, 1, 0, 1, 0, 0
65538, 0, 2, 1, 1, 0, 0
33655, 8, 1, 0, 1, 8, 0
44849, 0, 2, 1, 1, 0, 0
33657, 1, 0, 0, 0, 1, 0
33658, 0, 1, 1, 0, 0, 0
33660, 1, 2, 2, 0, 1, 0
74021, 10, 1, 1, 0, 10, 0
33662, 1, 0, 0, 0, 1, 0
83177, 2, 4, 4, 0, 2, 0
33665, 1, 0, 0, 0, 0, 1
56481, 6, 5, 5, 0, 6, 0
63626, 0, 1, 1, 0, 0, 0
63627, 9, 5, 5, 0, 9, 0
63628, 7, 5, 5, 0, 7, 0
63633, 2, 2, 2, 0, 2, 0
63634, 1, 3, 3, 0, 1, 0
68555, 0, 1, 1, 0, 0, 0
33668, 3, 1, 0, 1, 3, 0
33669, 1, 0, 0, 0, 0, 1
46173, 0, 2, 2, 0, 0, 0
33672, 1, 0, 0, 0, 1, 0
44947, 1, 1, 1, 0, 1, 0
33674, 2, 0, 0, 0, 1, 1
33675, 1, 0, 0, 0, 1, 0
33676, 1, 0, 0, 0, 0, 1
33677, 0, 2, 1, 1, 0, 0
33678, 1, 0, 0, 0, 1, 0
46703, 1, 2, 0, 2, 1, 0
46851, 1, 1, 0, 1, 0, 1
47315, 0, 1, 0, 1, 0, 0
47317, 0, 2, 0, 2, 0, 0
33682, 1, 2, 2, 0, 1, 0
33683, 1, 0, 0, 0, 1, 0
33685, 1, 0, 0, 0, 1, 0
33686, 1, 0, 0, 0, 1, 0
33687, 0, 1, 1, 0, 0, 0
33688, 1, 2, 2, 0, 1, 0
33690, 3, 0, 0, 0, 3, 0
39985, 2, 2, 2, 0, 2, 0
62379, 3, 1, 1, 0, 3, 0
33692, 2, 0, 0, 0, 2, 0
33693, 2, 4, 4, 0, 2, 0
33700, 1, 0, 0, 0, 1, 0
33701, 1, 0, 0, 0, 1, 0
33702, 0, 1, 1, 0, 0, 0
33704, 2, 0, 0, 0, 2, 0
33705, 3, 0, 0, 0, 3, 0
33708, 1, 0, 0, 0, 1, 0
65679, 1, 1, 1, 0, 1, 0
66265, 0, 2, 2, 0, 0, 0
68311, 0, 2, 2, 0, 0, 0
68312, 0, 2, 2, 0, 0, 0
33712, 4, 0, 0, 0, 4, 0
33713, 1, 0, 0, 0, 1, 0
33714, 3, 2, 2, 0, 2, 1
54785, 0, 1, 1, 0, 0, 0
33716, 3, 0, 0, 0, 3, 0
72723, 1, 1, 1, 0, 1, 0
89119, 0, 1, 1, 0, 0, 0
33719, 1, 0, 0, 0, 1, 0
33720, 1, 0, 0, 0, 1, 0
33721, 1, 0, 0, 0, 0, 1
66619, 0, 2, 2, 0, 0, 0
33723, 1, 1, 1, 0, 1, 0
64078, 0, 3, 2, 1, 0, 0
33726, 1, 0, 0, 0, 1, 0
33728, 2, 0, 0, 0, 2, 0
33729, 1, 0, 0, 0, 1, 0
84423, 0, 1, 1, 0, 0, 0
33737, 1, 0, 0, 0, 0, 1
33740, 1, 0, 0, 0, 1, 0
33742, 2, 0, 0, 0, 1, 1
33743, 1, 1, 1, 0, 1, 0
40913, 0, 1, 1, 0, 0, 0
40938, 1, 1, 1, 0, 1, 0
40946, 0, 1, 1, 0, 0, 0
33745, 1, 0, 0, 0, 1, 0
33746, 1, 1, 1, 0, 1, 0
33747, 1, 0, 0, 0, 0, 1
37623, 0, 2, 2, 0, 0, 0
66607, 2, 5, 5, 0, 1, 1
76294, 0, 1, 1, 0, 0, 0
55919, 7, 1, 1, 0, 7, 0
72871, 0, 3, 3, 0, 0, 0
72872, 0, 1, 1, 0, 0, 0
130571, 0, 1, 0, 1, 0, 0
33755, 1, 0, 0, 0, 1, 0
33757, 1, 0, 0, 0, 1, 0
33759, 1, 0, 0, 0, 0, 1
33760, 1, 0, 0, 0, 0, 1
33762, 0, 1, 1, 0, 0, 0
33763, 0, 2, 0, 2, 0, 0
34464, 1, 2, 1, 1, 1, 0
38295, 2, 1, 1, 0, 2, 0
42613, 0, 1, 1, 0, 0, 0
42626, 0, 2, 1, 1, 0, 0
42627, 0, 1, 1, 0, 0, 0
33767, 1, 0, 0, 0, 1, 0
33769, 1, 0, 0, 0, 0, 1
33770, 1, 0, 0, 0, 1, 0
33772, 1, 0, 0, 0, 1, 0
33773, 0, 1, 1, 0, 0, 0
33775, 1, 0, 0, 0, 0, 1
33776, 1, 0, 0, 0, 1, 0
33777, 1, 0, 0, 0, 1, 0
33778, 2, 0, 0, 0, 2, 0
51419, 11, 1, 1, 0, 10, 1
51420, 1, 3, 3, 0, 1, 0
51421, 1, 2, 2, 0, 1, 0
51422, 0, 2, 2, 0, 0, 0
33781, 1, 1, 1, 0, 1, 0
33783, 1, 0, 0, 0, 1, 0
33784, 0, 1, 1, 0, 0, 0
33785, 1, 0, 0, 0, 1, 0
33786, 1, 0, 0, 0, 1, 0
33788, 1, 0, 0, 0, 1, 0
80290, 9, 1, 1, 0, 9, 0
33791, 1, 0, 0, 0, 0, 1
33793, 1, 0, 0, 0, 1, 0
34538, 7, 1, 1, 0, 5, 2
42027, 1, 1, 1, 0, 1, 0
42702, 0, 2, 2, 0, 0, 0
48706, 0, 1, 1, 0, 0, 0
48709, 0, 1, 1, 0, 0, 0
48710, 1, 1, 1, 0, 1, 0
48712, 0, 2, 2, 0, 0, 0
33795, 5, 3, 3, 0, 5, 0
33796, 1, 1, 1, 0, 1, 0
33797, 1, 1, 1, 0, 1, 0
33798, 3, 1, 1, 0, 3, 0
33799, 1, 1, 1, 0, 1, 0
84271, 0, 1, 1, 0, 0, 0
84272, 0, 1, 0, 1, 0, 0
33801, 1, 0, 0, 0, 0, 1
33802, 1, 0, 0, 0, 1, 0
37978, 0, 1, 1, 0, 0, 0
33806, 1, 0, 0, 0, 1, 0
33807, 1, 0, 0, 0, 0, 1
33808, 2, 0, 0, 0, 2, 0
34371, 2, 1, 1, 0, 2, 0
33810, 1, 0, 0, 0, 1, 0
33811, 3, 1, 1, 0, 1, 2
33812, 1, 2, 1, 1, 0, 1
33815, 1, 0, 0, 0, 1, 0
33816, 1, 0, 0, 0, 1, 0
81349, 0, 1, 1, 0, 0, 0
33818, 1, 1, 1, 0, 1, 0
33820, 1, 0, 0, 0, 1, 0
33822, 1, 0, 0, 0, 0, 1
33823, 1, 0, 0, 0, 1, 0
33825, 1, 0, 0, 0, 1, 0
33826, 1, 0, 0, 0, 1, 0
33829, 1, 0, 0, 0, 1, 0
33830, 2, 0, 0, 0, 2, 0
33831, 3, 0, 0, 0, 3, 0
44212, 3, 3, 3, 0, 3, 0
90551, 1, 2, 2, 0, 1, 0
33834, 1, 0, 0, 0, 1, 0
33841, 3, 0, 0, 0, 3, 0
33842, 1, 0, 0, 0, 0, 1
47277, 0, 2, 2, 0, 0, 0
33850, 1, 0, 0, 0, 0, 1
33851, 1, 1, 1, 0, 1, 0
33855, 10, 0, 0, 0, 9, 1
72980, 1, 1, 1, 0, 1, 0
74453, 5, 4, 4, 0, 5, 0
78259, 1, 1, 1, 0, 1, 0
85582, 3, 1, 1, 0, 3, 0
88983, 1, 1, 1, 0, 1, 0
89048, 0, 1, 1, 0, 0, 0
89049, 0, 1, 1, 0, 0, 0
89050, 0, 1, 1, 0, 0, 0
89051, 0, 1, 1, 0, 0, 0
73386, 1, 1, 1, 0, 1, 0
79560, 0, 1, 1, 0, 0, 0
33859, 1, 0, 0, 0, 1, 0
33860, 1, 0, 0, 0, 1, 0
33861, 2, 0, 0, 0, 2, 0
95303, 1, 2, 2, 0, 1, 0
105776, 0, 1, 0, 1, 0, 0
122575, 2, 2, 2, 0, 2, 0
33865, 1, 1, 1, 0, 1, 0
33867, 8, 0, 0, 0, 8, 0
33868, 3, 0, 0, 0, 3, 0
33869, 12, 2, 1, 1, 12, 0
33870, 0, 1, 1, 0, 0, 0
116982, 0, 1, 1, 0, 0, 0
33871, 1, 0, 0, 0, 0, 1
33872, 2, 0, 0, 0, 2, 0
33874, 1, 0, 0, 0, 0, 1
33876, 1, 0, 0, 0, 1, 0
33877, 1, 0, 0, 0, 0, 1
91263, 0, 1, 1, 0, 0, 0
33879, 2, 0, 0, 0, 2, 0
33880, 1, 1, 1, 0, 1, 0
33881, 2, 1, 1, 0, 2, 0
33882, 1, 0, 0, 0, 1, 0
81040, 0, 2, 2, 0, 0, 0
81041, 0, 1, 1, 0, 0, 0
86160, 0, 1, 1, 0, 0, 0
66615, 2, 1, 1, 0, 2, 0
65022, 3, 2, 2, 0, 3, 0
52077, 1, 2, 2, 0, 1, 0
68121, 1, 2, 2, 0, 1, 0
71732, 0, 1, 0, 1, 0, 0
71734, 1, 1, 0, 1, 1, 0
65758, 9, 5, 5, 0, 9, 0
65759, 9, 6, 6, 0, 9, 0
65761, 5, 5, 5, 0, 5, 0
65764, 7, 5, 5, 0, 7, 0
33898, 1, 0, 0, 0, 1, 0
33899, 1, 0, 0, 0, 0, 1
33900, 1, 0, 0, 0, 1, 0
95041, 0, 1, 1, 0, 0, 0
33903, 1, 0, 0, 0, 1, 0
33904, 3, 0, 0, 0, 3, 0
33905, 3, 3, 3, 0, 3, 0
34251, 2, 3, 2, 1, 2, 0
44379, 0, 2, 2, 0, 0, 0
59035, 5, 5, 5, 0, 5, 0
60159, 0, 5, 5, 0, 0, 0
68159, 9, 4, 4, 0, 9, 0
71104, 15, 3, 2, 1, 15, 0
86246, 0, 1, 1, 0, 0, 0
110101, 0, 1, 1, 0, 0, 0
33907, 1, 0, 0, 0, 1, 0
33909, 1, 0, 0, 0, 1, 0
33911, 1, 0, 0, 0, 1, 0
33912, 2, 0, 0, 0, 0, 2
33913, 0, 1, 0, 1, 0, 0
33916, 1, 0, 0, 0, 1, 0
33917, 1, 0, 0, 0, 1, 0
33918, 1, 0, 0, 0, 0, 1
33919, 1, 0, 0, 0, 1, 0
33920, 3, 0, 0, 0, 2, 1
33921, 0, 1, 1, 0, 0, 0
33922, 2, 0, 0, 0, 1, 1
33923, 2, 0, 0, 0, 2, 0
33924, 2, 0, 0, 0, 2, 0
33925, 2, 0, 0, 0, 2, 0
33926, 2, 0, 0, 0, 2, 0
33927, 1, 1, 1, 0, 1, 0
40148, 1, 1, 0, 1, 0, 1
119141, 0, 1, 0, 1, 0, 0
122013, 1, 1, 0, 1, 1, 0
122159, 0, 1, 0, 1, 0, 0
124311, 0, 1, 0, 1, 0, 0
124456, 0, 1, 0, 1, 0, 0
124494, 0, 1, 0, 1, 0, 0
124859, 6, 1, 0, 1, 4, 2
125381, 0, 2, 0, 2, 0, 0
127319, 0, 1, 0, 1, 0, 0
127435, 1, 1, 0, 1, 1, 0
127507, 0, 1, 0, 1, 0, 0
127716, 0, 1, 0, 1, 0, 0
130561, 1, 1, 0, 1, 1, 0
130644, 0, 1, 0, 1, 0, 0
128174, 0, 1, 0, 1, 0, 0
33934, 1, 1, 1, 0, 1, 0
126450, 0, 2, 1, 1, 0, 0
126855, 2, 1, 1, 0, 2, 0
129783, 1, 1, 1, 0, 1, 0
128132, 0, 1, 0, 1, 0, 0
33940, 1, 0, 0, 0, 1, 0
33941, 0, 1, 1, 0, 0, 0
124736, 3, 1, 1, 0, 3, 0
126839, 1, 1, 1, 0, 1, 0
42182, 22, 2, 2, 0, 22, 0
101141, 1, 1, 1, 0, 1, 0
104153, 1, 2, 2, 0, 1, 0
108180, 4, 2, 2, 0, 4, 0
112195, 0, 1, 1, 0, 0, 0
123929, 3, 2, 2, 0, 3, 0
124963, 0, 1, 0, 1, 0, 0
124964, 0, 1, 0, 1, 0, 0
124966, 0, 1, 0, 1, 0, 0
33953, 1, 0, 0, 0, 1, 0
33954, 0, 1, 1, 0, 0, 0
131616, 0, 1, 1, 0, 0, 0
110317, 5, 1, 1, 0, 5, 0
106142, 26, 1, 1, 0, 26, 0
128445, 3, 2, 2, 0, 3, 0
128488, 8, 1, 1, 0, 8, 0
128606, 2, 1, 1, 0, 2, 0
115128, 4, 3, 3, 0, 2, 2
33961, 3, 3, 2, 1, 3, 0
112026, 0, 2, 2, 0, 0, 0
127145, 0, 1, 0, 1, 0, 0
118328, 0, 1, 1, 0, 0, 0
129926, 1, 2, 0, 2, 0, 1
33966, 8, 0, 0, 0, 5, 3
33968, 0, 1, 1, 0, 0, 0
33969, 0, 1, 1, 0, 0, 0
33970, 0, 2, 2, 0, 0, 0
70146, 0, 1, 0, 1, 0, 0
70147, 0, 1, 0, 1, 0, 0
98539, 2, 1, 0, 1, 0, 2
100073, 0, 3, 3, 0, 0, 0
107340, 0, 1, 1, 0, 0, 0
33972, 2, 1, 0, 1, 2, 0
107242, 0, 1, 0, 1, 0, 0
107306, 0, 1, 0, 1, 0, 0
107421, 0, 1, 0, 1, 0, 0
111700, 0, 1, 0, 1, 0, 0
118540, 1, 1, 0, 1, 1, 0
107474, 3, 4, 4, 0, 3, 0
126044, 2, 2, 1, 1, 2, 0
126193, 0, 2, 1, 1, 0, 0
112629, 1, 1, 1, 0, 1, 0
126512, 6, 1, 1, 0, 6, 0
33985, 1, 0, 0, 0, 1, 0
33986, 0, 1, 1, 0, 0, 0
33987, 4, 0, 0, 0, 2, 2
33989, 1, 0, 0, 0, 1, 0
125173, 0, 1, 0, 1, 0, 0
125174, 0, 1, 0, 1, 0, 0
125175, 0, 1, 0, 1, 0, 0
125176, 0, 1, 0, 1, 0, 0
125177, 0, 1, 0, 1, 0, 0
125210, 0, 1, 0, 1, 0, 0
125211, 0, 1, 0, 1, 0, 0
33992, 6, 0, 0, 0, 6, 0
33993, 1, 0, 0, 0, 1, 0
33994, 1, 1, 1, 0, 1, 0
124082, 0, 2, 0, 2, 0, 0
128439, 4, 3, 3, 0, 4, 0
33998, 1, 0, 0, 0, 0, 1
34001, 1, 0, 0, 0, 1, 0
34002, 0, 1, 1, 0, 0, 0
34003, 1, 0, 0, 0, 1, 0
34004, 1, 0, 0, 0, 1, 0
34005, 1, 0, 0, 0, 1, 0
34006, 1, 0, 0, 0, 1, 0
34007, 1, 0, 0, 0, 1, 0
34008, 1, 0, 0, 0, 1, 0
34009, 1, 0, 0, 0, 1, 0
34010, 1, 0, 0, 0, 1, 0
34011, 0, 1, 1, 0, 0, 0
34013, 1, 0, 0, 0, 1, 0
34015, 1, 0, 0, 0, 1, 0
34016, 2, 0, 0, 0, 2, 0
34023, 1, 0, 0, 0, 1, 0
36865, 1, 1, 1, 0, 1, 0
37228, 1, 1, 1, 0, 1, 0
37232, 1, 1, 1, 0, 1, 0
37233, 0, 1, 1, 0, 0, 0
46609, 1, 1, 1, 0, 1, 0
34027, 8, 0, 0, 0, 8, 0
34032, 1, 0, 0, 0, 1, 0
34033, 1, 0, 0, 0, 0, 1
34034, 0, 2, 0, 2, 0, 0
34035, 1, 0, 0, 0, 1, 0
34036, 1, 0, 0, 0, 1, 0
34037, 1, 0, 0, 0, 1, 0
34038, 1, 0, 0, 0, 1, 0
34039, 1, 0, 0, 0, 0, 1
34040, 4, 0, 0, 0, 3, 1
34470, 3, 1, 1, 0, 2, 1
34041, 1, 0, 0, 0, 1, 0
34042, 2, 0, 0, 0, 1, 1
34043, 2, 0, 0, 0, 2, 0
34044, 0, 1, 1, 0, 0, 0
34045, 1, 0, 0, 0, 1, 0
34046, 0, 1, 1, 0, 0, 0
34047, 1, 0, 0, 0, 0, 1
74896, 0, 1, 1, 0, 0, 0
74897, 0, 1, 1, 0, 0, 0
34049, 1, 0, 0, 0, 1, 0
34051, 1, 0, 0, 0, 1, 0
34052, 1, 0, 0, 0, 0, 1
34053, 1, 0, 0, 0, 0, 1
39214, 4, 1, 1, 0, 4, 0
34056, 1, 0, 0, 0, 1, 0
34058, 1, 0, 0, 0, 0, 1
34059, 0, 1, 0, 1, 0, 0
38274, 1, 1, 1, 0, 1, 0
34062, 1, 0, 0, 0, 1, 0
34063, 11, 0, 0, 0, 8, 3
34066, 0, 1, 0, 1, 0, 0
34067, 1, 1, 1, 0, 1, 0
34068, 1, 0, 0, 0, 0, 1
34069, 8, 3, 3, 0, 8, 0
56677, 14, 1, 0, 1, 13, 1
34151, 0, 3, 3, 0, 0, 0
34075, 1, 0, 0, 0, 1, 0
34076, 0, 3, 3, 0, 0, 0
34077, 1, 0, 0, 0, 1, 0
34079, 1, 0, 0, 0, 1, 0
34080, 1, 0, 0, 0, 1, 0
34081, 1, 0, 0, 0, 1, 0
34082, 1, 0, 0, 0, 1, 0
34084, 1, 0, 0, 0, 1, 0
34160, 0, 2, 1, 1, 0, 0
34087, 1, 0, 0, 0, 1, 0
34088, 1, 0, 0, 0, 0, 1
69557, 0, 2, 2, 0, 0, 0
71849, 1, 1, 1, 0, 1, 0
73994, 1, 1, 1, 0, 1, 0
85716, 0, 1, 1, 0, 0, 0
85717, 0, 1, 1, 0, 0, 0
97045, 3, 1, 1, 0, 3, 0
102960, 1, 1, 1, 0, 1, 0
46911, 3, 5, 3, 2, 3, 0
67976, 2, 1, 1, 0, 2, 0
71117, 8, 9, 9, 0, 7, 1
67213, 0, 1, 0, 1, 0, 0
40967, 1, 3, 2, 1, 1, 0
42535, 0, 11, 11, 0, 0, 0
59446, 3, 3, 3, 0, 3, 0
60260, 0, 2, 1, 1, 0, 0
75843, 4, 2, 2, 0, 4, 0
77582, 1, 1, 1, 0, 1, 0
77895, 3, 2, 2, 0, 3, 0
78231, 3, 3, 3, 0, 3, 0
79205, 9, 3, 3, 0, 9, 0
80864, 3, 5, 5, 0, 3, 0
87494, 15, 2, 2, 0, 15, 0
87495, 3, 3, 3, 0, 3, 0
87876, 5, 3, 3, 0, 5, 0
87935, 0, 1, 1, 0, 0, 0
87936, 0, 1, 1, 0, 0, 0
87937, 0, 1, 1, 0, 0, 0
87938, 0, 1, 1, 0, 0, 0
87940, 0, 1, 1, 0, 0, 0
87941, 0, 1, 1, 0, 0, 0
87942, 0, 1, 1, 0, 0, 0
87943, 0, 1, 1, 0, 0, 0
87944, 0, 1, 1, 0, 0, 0
56309, 0, 1, 0, 1, 0, 0
54308, 10, 15, 15, 0, 10, 0
67658, 1, 3, 3, 0, 1, 0
68173, 5, 8, 8, 0, 5, 0
68504, 14, 6, 6, 0, 14, 0
68505, 7, 7, 7, 0, 7, 0
68506, 8, 8, 8, 0, 8, 0
68507, 11, 8, 8, 0, 11, 0
68508, 0, 5, 5, 0, 0, 0
68509, 2, 4, 4, 0, 2, 0
34113, 1, 0, 0, 0, 1, 0
34116, 4, 0, 0, 0, 3, 1
34117, 0, 1, 0, 1, 0, 0
34118, 1, 0, 0, 0, 1, 0
87756, 2, 1, 1, 0, 2, 0
34122, 3, 0, 0, 0, 3, 0
34125, 4, 1, 1, 0, 3, 1
35916, 1, 2, 2, 0, 1, 0
36413, 4, 2, 2, 0, 2, 2
35748, 3, 5, 5, 0, 3, 0
35749, 3, 3, 3, 0, 3, 0
35751, 0, 1, 0, 1, 0, 0
34126, 1, 0, 0, 0, 0, 1
34127, 1, 0, 0, 0, 1, 0
34128, 0, 3, 3, 0, 0, 0
34129, 1, 0, 0, 0, 1, 0
117575, 1, 1, 1, 0, 1, 0
34139, 2, 1, 1, 0, 2, 0
34140, 7, 6, 6, 0, 7, 0
46542, 1, 1, 1, 0, 1, 0
34142, 1, 0, 0, 0, 1, 0
34146, 1, 0, 0, 0, 1, 0
34148, 1, 0, 0, 0, 0, 1
34149, 1, 0, 0, 0, 1, 0
34150, 1, 0, 0, 0, 1, 0
68466, 2, 2, 2, 0, 2, 0
72998, 1, 1, 1, 0, 1, 0
74888, 2, 2, 2, 0, 2, 0
74889, 3, 2, 2, 0, 3, 0
75619, 2, 1, 1, 0, 2, 0
34153, 1, 1, 1, 0, 1, 0
34154, 2, 1, 1, 0, 2, 0
34155, 2, 0, 0, 0, 2, 0
34156, 2, 0, 0, 0, 2, 0
34157, 2, 0, 0, 0, 2, 0
34161, 1, 0, 0, 0, 1, 0
34162, 0, 1, 1, 0, 0, 0
34163, 1, 0, 0, 0, 0, 1
34165, 2, 1, 1, 0, 2, 0
34170, 1, 0, 0, 0, 0, 1
34171, 1, 1, 0, 1, 0, 1
34172, 1, 1, 1, 0, 1, 0
34173, 0, 1, 1, 0, 0, 0
34174, 1, 0, 0, 0, 1, 0
34176, 1, 0, 0, 0, 1, 0
34178, 1, 0, 0, 0, 1, 0
34179, 1, 0, 0, 0, 1, 0
34180, 0, 1, 1, 0, 0, 0
34183, 1, 0, 0, 0, 1, 0
34185, 4, 6, 6, 0, 4, 0
34186, 6, 3, 3, 0, 6, 0
44485, 3, 6, 5, 1, 3, 0
44487, 4, 4, 4, 0, 4, 0
34189, 4, 2, 2, 0, 4, 0
34187, 2, 0, 0, 0, 2, 0
34188, 1, 0, 0, 0, 0, 1
34190, 1, 0, 0, 0, 1, 0
34191, 2, 1, 1, 0, 2, 0
34192, 1, 0, 0, 0, 1, 0
34193, 1, 0, 0, 0, 1, 0
34194, 0, 1, 1, 0, 0, 0
78630, 0, 1, 1, 0, 0, 0
34197, 1, 0, 0, 0, 1, 0
34198, 1, 0, 0, 0, 1, 0
34199, 1, 0, 0, 0, 0, 1
34200, 1, 2, 2, 0, 1, 0
34203, 1, 1, 1, 0, 1, 0
42179, 6, 1, 1, 0, 5, 1
42288, 0, 2, 2, 0, 0, 0
34206, 0, 1, 1, 0, 0, 0
34210, 0, 1, 1, 0, 0, 0
56427, 2, 2, 2, 0, 2, 0
34212, 1, 0, 0, 0, 1, 0
34213, 1, 0, 0, 0, 1, 0
34214, 2, 0, 0, 0, 1, 1
34216, 3, 0, 0, 0, 2, 1
34217, 1, 0, 0, 0, 0, 1
34219, 1, 0, 0, 0, 1, 0
34220, 1, 0, 0, 0, 1, 0
34224, 1, 0, 0, 0, 1, 0
34225, 1, 0, 0, 0, 1, 0
34226, 3, 0, 0, 0, 0, 3
34227, 1, 0, 0, 0, 1, 0
34228, 1, 1, 1, 0, 1, 0
34229, 1, 1, 1, 0, 1, 0
72769, 0, 1, 1, 0, 0, 0
72770, 0, 1, 1, 0, 0, 0
34231, 1, 0, 0, 0, 1, 0
34232, 1, 1, 1, 0, 1, 0
34234, 1, 0, 0, 0, 1, 0
34235, 1, 0, 0, 0, 1, 0
34237, 2, 0, 0, 0, 1, 1
34238, 0, 1, 1, 0, 0, 0
34239, 1, 0, 0, 0, 1, 0
34240, 1, 0, 0, 0, 1, 0
34241, 1, 0, 0, 0, 0, 1
117760, 2, 1, 1, 0, 2, 0
119906, 0, 3, 3, 0, 0, 0
34244, 1, 0, 0, 0, 1, 0
34245, 1, 0, 0, 0, 1, 0
34246, 0, 1, 1, 0, 0, 0
34247, 1, 0, 0, 0, 1, 0
34248, 2, 3, 3, 0, 1, 1
34249, 1, 0, 0, 0, 1, 0
34250, 1, 0, 0, 0, 0, 1
47392, 1, 1, 1, 0, 1, 0
34252, 2, 0, 0, 0, 2, 0
50682, 3, 1, 1, 0, 3, 0
34254, 6, 0, 0, 0, 1, 5
34256, 2, 0, 0, 0, 2, 0
34264, 2, 0, 0, 0, 2, 0
34265, 1, 0, 0, 0, 1, 0
34270, 1, 0, 0, 0, 1, 0
34271, 1, 1, 1, 0, 1, 0
34273, 1, 0, 0, 0, 1, 0
34274, 1, 0, 0, 0, 1, 0
34275, 3, 6, 6, 0, 3, 0
83549, 0, 1, 1, 0, 0, 0
34276, 1, 0, 0, 0, 1, 0
34277, 1, 0, 0, 0, 1, 0
34278, 2, 0, 0, 0, 0, 2
34279, 1, 0, 0, 0, 0, 1
34280, 1, 0, 0, 0, 1, 0
34281, 4, 1, 1, 0, 4, 0
34282, 6, 2, 2, 0, 4, 2
101385, 0, 1, 1, 0, 0, 0
34283, 1, 0, 0, 0, 1, 0
34284, 1, 0, 0, 0, 1, 0
34285, 0, 4, 4, 0, 0, 0
34286, 1, 0, 0, 0, 1, 0
34287, 1, 0, 0, 0, 1, 0
70104, 0, 1, 1, 0, 0, 0
70105, 0, 1, 0, 1, 0, 0
70106, 0, 1, 1, 0, 0, 0
101392, 0, 1, 1, 0, 0, 0
98323, 2, 2, 2, 0, 2, 0
59337, 1, 1, 1, 0, 1, 0
51791, 1, 1, 1, 0, 1, 0
59727, 0, 1, 1, 0, 0, 0
59730, 1, 1, 1, 0, 1, 0
51766, 5, 1, 1, 0, 5, 0
51767, 0, 1, 1, 0, 0, 0
65769, 1, 1, 1, 0, 1, 0
66390, 1, 2, 2, 0, 1, 0
57818, 0, 1, 1, 0, 0, 0
57819, 0, 1, 1, 0, 0, 0
57820, 2, 1, 1, 0, 2, 0
73533, 0, 1, 0, 1, 0, 0
34303, 4, 0, 0, 0, 4, 0
34305, 1, 0, 0, 0, 1, 0
34308, 1, 0, 0, 0, 1, 0
34309, 2, 0, 0, 0, 2, 0
34310, 0, 1, 1, 0, 0, 0
34311, 2, 2, 2, 0, 1, 1
34313, 1, 3, 2, 1, 1, 0
49828, 3, 7, 7, 0, 3, 0
49830, 6, 6, 6, 0, 6, 0
53502, 6, 1, 1, 0, 2, 4
53798, 0, 2, 1, 1, 0, 0
53799, 0, 1, 0, 1, 0, 0
89211, 1, 1, 1, 0, 1, 0
34315, 1, 0, 0, 0, 1, 0
34317, 1, 0, 0, 0, 1, 0
34318, 1, 2, 2, 0, 1, 0
34319, 1, 0, 0, 0, 1, 0
34320, 1, 0, 0, 0, 1, 0
34321, 2, 0, 0, 0, 1, 1
34324, 1, 0, 0, 0, 1, 0
34325, 1, 0, 0, 0, 1, 0
71355, 1, 1, 1, 0, 1, 0
34327, 4, 1, 1, 0, 4, 0
34328, 0, 3, 3, 0, 0, 0
34329, 0, 1, 1, 0, 0, 0
73463, 1, 1, 1, 0, 1, 0
75460, 0, 3, 3, 0, 0, 0
79062, 0, 4, 4, 0, 0, 0
85082, 1, 2, 2, 0, 1, 0
86650, 1, 1, 1, 0, 1, 0
87520, 0, 2, 2, 0, 0, 0
87521, 0, 2, 2, 0, 0, 0
87522, 0, 2, 2, 0, 0, 0
87602, 0, 1, 1, 0, 0, 0
87603, 0, 1, 1, 0, 0, 0
87604, 0, 1, 1, 0, 0, 0
87605, 0, 1, 1, 0, 0, 0
87606, 0, 1, 1, 0, 0, 0
87607, 0, 1, 1, 0, 0, 0
87608, 3, 1, 1, 0, 3, 0
34332, 3, 0, 0, 0, 3, 0
34334, 1, 0, 0, 0, 0, 1
34335, 1, 0, 0, 0, 1, 0
34337, 1, 0, 0, 0, 1, 0
34338, 8, 3, 3, 0, 8, 0
34339, 1, 0, 0, 0, 1, 0
34340, 1, 0, 0, 0, 1, 0
34341, 1, 0, 0, 0, 1, 0
38320, 0, 1, 1, 0, 0, 0
38321, 0, 1, 1, 0, 0, 0
87908, 0, 1, 1, 0, 0, 0
34344, 2, 0, 0, 0, 2, 0
34345, 1, 0, 0, 0, 1, 0
34346, 2, 1, 0, 1, 2, 0
34347, 1, 0, 0, 0, 0, 1
64914, 1, 2, 2, 0, 1, 0
34351, 1, 0, 0, 0, 1, 0
34352, 1, 0, 0, 0, 0, 1
34353, 1, 1, 1, 0, 1, 0
34354, 2, 0, 0, 0, 0, 2
126952, 0, 2, 1, 1, 0, 0
34355, 1, 0, 0, 0, 1, 0
34356, 1, 0, 0, 0, 1, 0
34358, 1, 0, 0, 0, 1, 0
34359, 1, 0, 0, 0, 1, 0
64954, 1, 4, 4, 0, 1, 0
59699, 0, 1, 0, 1, 0, 0
52678, 1, 1, 0, 1, 1, 0
34364, 4, 1, 1, 0, 4, 0
34366, 1, 0, 0, 0, 1, 0
73183, 0, 2, 2, 0, 0, 0
34368, 1, 0, 0, 0, 1, 0
61799, 2, 1, 0, 1, 0, 2
68847, 1, 1, 1, 0, 1, 0
68848, 0, 2, 2, 0, 0, 0
34370, 1, 0, 0, 0, 1, 0
34372, 1, 0, 0, 0, 0, 1
34373, 1, 0, 0, 0, 0, 1
34374, 0, 1, 0, 1, 0, 0
34375, 2, 0, 0, 0, 0, 2
34376, 0, 1, 0, 1, 0, 0
34377, 1, 0, 0, 0, 1, 0
34378, 1, 0, 0, 0, 0, 1
34379, 1, 0, 0, 0, 1, 0
34381, 1, 0, 0, 0, 0, 1
34382, 0, 1, 0, 1, 0, 0
34383, 1, 0, 0, 0, 1, 0
34384, 2, 0, 0, 0, 2, 0
34385, 1, 0, 0, 0, 1, 0
34386, 1, 1, 1, 0, 1, 0
37160, 0, 1, 1, 0, 0, 0
37161, 1, 1, 1, 0, 0, 1
34388, 1, 1, 1, 0, 1, 0
34389, 4, 1, 1, 0, 4, 0
34390, 1, 0, 0, 0, 1, 0
34392, 1, 0, 0, 0, 1, 0
34393, 0, 1, 1, 0, 0, 0
34394, 1, 0, 0, 0, 1, 0
34395, 0, 1, 1, 0, 0, 0
34396, 3, 0, 0, 0, 3, 0
34397, 1, 0, 0, 0, 0, 1
34398, 2, 0, 0, 0, 0, 2
65262, 5, 2, 2, 0, 5, 0
34400, 3, 0, 0, 0, 1, 2
34402, 0, 1, 0, 1, 0, 0
34404, 2, 2, 2, 0, 2, 0
34406, 1, 0, 0, 0, 1, 0
34407, 0, 1, 1, 0, 0, 0
34408, 1, 2, 2, 0, 1, 0
34409, 6, 2, 1, 1, 4, 2
34413, 1, 0, 0, 0, 1, 0
34414, 0, 2, 2, 0, 0, 0
67541, 0, 1, 1, 0, 0, 0
34423, 3, 0, 0, 0, 0, 3
34425, 2, 0, 0, 0, 1, 1
34426, 9, 1, 1, 0, 7, 2
34427, 0, 2, 1, 1, 0, 0
34429, 1, 0, 0, 0, 1, 0
34432, 1, 0, 0, 0, 0, 1
34433, 3, 0, 0, 0, 3, 0
34435, 1, 1, 1, 0, 1, 0
34438, 1, 0, 0, 0, 0, 1
57456, 1, 1, 1, 0, 1, 0
34444, 1, 0, 0, 0, 1, 0
34449, 1, 0, 0, 0, 0, 1
34450, 0, 1, 0, 1, 0, 0
34451, 1, 0, 0, 0, 1, 0
34453, 1, 0, 0, 0, 1, 0
58646, 1, 1, 1, 0, 0, 1
61637, 1, 1, 1, 0, 1, 0
75550, 0, 3, 3, 0, 0, 0
80053, 0, 1, 1, 0, 0, 0
80055, 0, 1, 1, 0, 0, 0
34456, 1, 0, 0, 0, 1, 0
34457, 2, 0, 0, 0, 1, 1
34458, 0, 1, 0, 1, 0, 0
34459, 0, 1, 1, 0, 0, 0
34460, 1, 0, 0, 0, 0, 1
34461, 0, 1, 0, 1, 0, 0
68243, 2, 2, 2, 0, 2, 0
69944, 1, 3, 3, 0, 1, 0
71397, 2, 3, 2, 1, 2, 0
90486, 1, 1, 1, 0, 1, 0
90715, 1, 1, 1, 0, 1, 0
90716, 0, 1, 1, 0, 0, 0
34465, 1, 0, 0, 0, 1, 0
34466, 1, 0, 0, 0, 1, 0
34468, 1, 0, 0, 0, 0, 1
34471, 1, 0, 0, 0, 1, 0
34474, 1, 0, 0, 0, 1, 0
37083, 13, 1, 1, 0, 13, 0
34478, 1, 0, 0, 0, 0, 1
34480, 2, 0, 0, 0, 2, 0
48965, 2, 1, 1, 0, 2, 0
34482, 4, 0, 0, 0, 4, 0
34483, 0, 1, 1, 0, 0, 0
34484, 0, 1, 1, 0, 0, 0
34485, 0, 1, 1, 0, 0, 0
34486, 1, 0, 0, 0, 1, 0
34487, 1, 0, 0, 0, 0, 1
34488, 1, 0, 0, 0, 1, 0
34489, 1, 0, 0, 0, 1, 0
34490, 0, 1, 1, 0, 0, 0
34491, 1, 0, 0, 0, 1, 0
117860, 0, 1, 1, 0, 0, 0
34495, 1, 0, 0, 0, 1, 0
35029, 2, 1, 1, 0, 1, 1
35317, 0, 1, 1, 0, 0, 0
35318, 0, 1, 1, 0, 0, 0
34501, 1, 0, 0, 0, 0, 1
34502, 1, 0, 0, 0, 0, 1
34503, 2, 0, 0, 0, 2, 0
67076, 15, 2, 1, 1, 12, 3
73630, 0, 1, 0, 1, 0, 0
73631, 0, 1, 0, 1, 0, 0
73632, 0, 1, 0, 1, 0, 0
73633, 0, 1, 0, 1, 0, 0
103529, 5, 1, 0, 1, 5, 0
34505, 1, 0, 0, 0, 1, 0
34506, 1, 1, 1, 0, 1, 0
34509, 1, 0, 0, 0, 0, 1
34510, 3, 0, 0, 0, 2, 1
34511, 1, 0, 0, 0, 1, 0
34512, 1, 0, 0, 0, 1, 0
34514, 2, 1, 1, 0, 1, 1
34515, 1, 1, 1, 0, 1, 0
34517, 1, 0, 0, 0, 1, 0
34519, 1, 0, 0, 0, 1, 0
34520, 1, 0, 0, 0, 1, 0
34521, 1, 0, 0, 0, 1, 0
34522, 1, 0, 0, 0, 1, 0
34524, 1, 0, 0, 0, 1, 0
41753, 2, 1, 1, 0, 2, 0
34529, 1, 0, 0, 0, 1, 0
34530, 2, 0, 0, 0, 2, 0
34531, 1, 0, 0, 0, 1, 0
34532, 2, 0, 0, 0, 1, 1
34534, 0, 1, 1, 0, 0, 0
34536, 1, 0, 0, 0, 1, 0
34537, 2, 0, 0, 0, 2, 0
34540, 0, 1, 0, 1, 0, 0
34542, 1, 0, 0, 0, 0, 1
34543, 2, 2, 1, 1, 2, 0
34544, 1, 0, 0, 0, 1, 0
57662, 0, 1, 1, 0, 0, 0
78700, 2, 1, 1, 0, 2, 0
34549, 1, 0, 0, 0, 1, 0
34550, 3, 1, 1, 0, 3, 0
34552, 0, 3, 3, 0, 0, 0
34553, 0, 3, 3, 0, 0, 0
46198, 1, 1, 1, 0, 1, 0
34554, 2, 0, 0, 0, 1, 1
34555, 1, 0, 0, 0, 1, 0
34557, 4, 0, 0, 0, 0, 4
34559, 0, 2, 1, 1, 0, 0
34560, 1, 0, 0, 0, 1, 0
34561, 1, 0, 0, 0, 1, 0
34562, 2, 1, 1, 0, 2, 0
68414, 3, 1, 1, 0, 3, 0
34563, 1, 0, 0, 0, 1, 0
34564, 1, 0, 0, 0, 0, 1
34565, 4, 3, 2, 1, 3, 1
64236, 1, 1, 1, 0, 1, 0
34566, 1, 1, 0, 1, 1, 0
84608, 2, 1, 1, 0, 2, 0
45715, 0, 1, 1, 0, 0, 0
34572, 2, 0, 0, 0, 2, 0
34573, 1, 0, 0, 0, 1, 0
49084, 2, 3, 3, 0, 1, 1
68630, 0, 2, 2, 0, 0, 0
34576, 1, 0, 0, 0, 1, 0
34577, 0, 1, 1, 0, 0, 0
34578, 1, 0, 0, 0, 1, 0
34582, 1, 0, 0, 0, 1, 0
34591, 3, 0, 0, 0, 3, 0
76604, 0, 1, 1, 0, 0, 0
76605, 0, 1, 1, 0, 0, 0
76606, 0, 1, 1, 0, 0, 0
100617, 1, 1, 1, 0, 1, 0
34593, 2, 0, 0, 0, 2, 0
34594, 6, 4, 4, 0, 6, 0
34596, 6, 4, 4, 0, 6, 0
34597, 5, 4, 4, 0, 5, 0
34598, 6, 4, 4, 0, 6, 0
34600, 2, 0, 0, 0, 2, 0
34602, 1, 0, 0, 0, 1, 0
78599, 1, 1, 1, 0, 1, 0
83949, 0, 2, 2, 0, 0, 0
86150, 0, 1, 1, 0, 0, 0
34608, 1, 0, 0, 0, 0, 1
78768, 2, 3, 3, 0, 2, 0
34610, 2, 0, 0, 0, 2, 0
34611, 2, 5, 5, 0, 2, 0
34612, 1, 4, 4, 0, 1, 0
34675, 3, 2, 2, 0, 3, 0
34613, 1, 0, 0, 0, 1, 0
34614, 1, 1, 1, 0, 1, 0
34616, 2, 0, 0, 0, 1, 1
34618, 1, 0, 0, 0, 1, 0
34619, 1, 0, 0, 0, 1, 0
34620, 1, 0, 0, 0, 1, 0
34621, 2, 0, 0, 0, 2, 0
34622, 1, 0, 0, 0, 1, 0
34623, 0, 1, 1, 0, 0, 0
34624, 1, 0, 0, 0, 1, 0
34626, 1, 0, 0, 0, 1, 0
34627, 1, 0, 0, 0, 0, 1
34628, 2, 0, 0, 0, 2, 0
34629, 1, 1, 1, 0, 1, 0
34630, 4, 0, 0, 0, 4, 0
39838, 0, 6, 5, 1, 0, 0
39839, 0, 1, 1, 0, 0, 0
34633, 1, 0, 0, 0, 1, 0
55141, 4, 6, 6, 0, 3, 1
34636, 4, 0, 0, 0, 0, 4
34639, 3, 0, 0, 0, 3, 0
34641, 1, 0, 0, 0, 1, 0
34642, 1, 0, 0, 0, 1, 0
44585, 0, 1, 1, 0, 0, 0
34645, 3, 0, 0, 0, 3, 0
34648, 1, 0, 0, 0, 1, 0
34650, 1, 0, 0, 0, 1, 0
34651, 1, 0, 0, 0, 1, 0
34652, 1, 0, 0, 0, 1, 0
63830, 1, 2, 2, 0, 1, 0
45536, 1, 1, 1, 0, 1, 0
41121, 3, 1, 1, 0, 3, 0
88827, 1, 1, 1, 0, 1, 0
34668, 1, 0, 0, 0, 1, 0
68439, 7, 1, 1, 0, 7, 0
37062, 6, 2, 2, 0, 6, 0
37063, 2, 1, 1, 0, 2, 0
105760, 4, 3, 3, 0, 4, 0
105761, 2, 1, 1, 0, 2, 0
107365, 0, 1, 1, 0, 0, 0
107366, 1, 2, 1, 1, 1, 0
34673, 4, 1, 1, 0, 4, 0
34674, 2, 1, 1, 0, 2, 0
34676, 1, 0, 0, 0, 1, 0
34677, 1, 1, 1, 0, 0, 1
34678, 1, 1, 0, 1, 0, 1
34679, 1, 1, 1, 0, 1, 0
34681, 1, 0, 0, 0, 0, 1
34682, 0, 2, 0, 2, 0, 0
34683, 1, 0, 0, 0, 1, 0
34685, 1, 0, 0, 0, 1, 0
34687, 3, 6, 6, 0, 3, 0
39001, 1, 1, 1, 0, 1, 0
100084, 1, 1, 1, 0, 1, 0
34689, 1, 0, 0, 0, 1, 0
34690, 1, 0, 0, 0, 0, 1
34691, 0, 1, 0, 1, 0, 0
34692, 1, 0, 0, 0, 1, 0
34693, 2, 0, 0, 0, 1, 1
34694, 1, 2, 2, 0, 0, 1
34695, 1, 0, 0, 0, 0, 1
34696, 0, 1, 0, 1, 0, 0
34697, 5, 1, 1, 0, 3, 2
34700, 0, 1, 0, 1, 0, 0
54295, 0, 2, 1, 1, 0, 0
34702, 1, 0, 0, 0, 1, 0
34705, 1, 0, 0, 0, 1, 0
34706, 0, 1, 1, 0, 0, 0
34707, 1, 0, 0, 0, 1, 0
53010, 5, 1, 1, 0, 4, 1
34709, 1, 0, 0, 0, 0, 1
34710, 1, 0, 0, 0, 1, 0
34711, 1, 0, 0, 0, 1, 0
34712, 5, 0, 0, 0, 4, 1
34713, 0, 1, 1, 0, 0, 0
34714, 1, 0, 0, 0, 1, 0
34715, 1, 0, 0, 0, 1, 0
34716, 1, 0, 0, 0, 1, 0
34717, 1, 0, 0, 0, 1, 0
34718, 1, 0, 0, 0, 1, 0
67691, 0, 1, 1, 0, 0, 0
34720, 1, 0, 0, 0, 1, 0
34721, 2, 3, 3, 0, 1, 1
63578, 0, 2, 2, 0, 0, 0
87644, 3, 2, 2, 0, 3, 0
90524, 1, 1, 1, 0, 1, 0
91800, 1, 1, 1, 0, 1, 0
34727, 1, 0, 0, 0, 0, 1
34732, 1, 0, 0, 0, 0, 1
111002, 1, 1, 1, 0, 1, 0
34734, 1, 0, 0, 0, 1, 0
34735, 1, 0, 0, 0, 1, 0
34736, 1, 0, 0, 0, 1, 0
34737, 1, 0, 0, 0, 1, 0
35524, 1, 1, 1, 0, 1, 0
95935, 1, 1, 1, 0, 1, 0
34739, 8, 0, 0, 0, 3, 5
52134, 0, 2, 1, 1, 0, 0
34744, 3, 0, 0, 0, 2, 1
34747, 1, 0, 0, 0, 1, 0
34748, 1, 1, 1, 0, 1, 0
34749, 16, 5, 5, 0, 16, 0
34884, 1, 1, 1, 0, 1, 0
34886, 1, 1, 1, 0, 1, 0
37622, 4, 1, 1, 0, 3, 1
41224, 4, 2, 2, 0, 4, 0
34750, 1, 0, 0, 0, 0, 1
34751, 1, 0, 0, 0, 1, 0
88725, 2, 1, 1, 0, 2, 0
34753, 2, 0, 0, 0, 2, 0
34754, 1, 0, 0, 0, 1, 0
34756, 1, 0, 0, 0, 1, 0
34760, 0, 2, 2, 0, 0, 0
34761, 1, 0, 0, 0, 1, 0
34762, 1, 0, 0, 0, 1, 0
34763, 1, 0, 0, 0, 1, 0
34764, 1, 0, 0, 0, 1, 0
34765, 1, 0, 0, 0, 1, 0
34769, 2, 1, 1, 0, 2, 0
111426, 0, 1, 1, 0, 0, 0
34780, 1, 0, 0, 0, 1, 0
34783, 1, 0, 0, 0, 1, 0
34784, 1, 0, 0, 0, 1, 0
34785, 0, 1, 1, 0, 0, 0
34786, 1, 0, 0, 0, 1, 0
34787, 1, 0, 0, 0, 1, 0
34791, 1, 0, 0, 0, 1, 0
34792, 1, 0, 0, 0, 0, 1
64797, 1, 1, 1, 0, 1, 0
34794, 2, 0, 0, 0, 0, 2
34796, 2, 0, 0, 0, 2, 0
34797, 2, 0, 0, 0, 1, 1
34798, 2, 0, 0, 0, 1, 1
34799, 0, 1, 0, 1, 0, 0
34800, 0, 1, 1, 0, 0, 0
34806, 2, 0, 0, 0, 2, 0
34808, 3, 0, 0, 0, 3, 0
34809, 1, 0, 0, 0, 1, 0
34810, 3, 0, 0, 0, 3, 0
34811, 2, 1, 1, 0, 2, 0
34812, 0, 1, 1, 0, 0, 0
34813, 0, 3, 2, 1, 0, 0
34814, 3, 0, 0, 0, 2, 1
34815, 1, 1, 0, 1, 0, 1
34816, 0, 1, 1, 0, 0, 0
34817, 1, 0, 0, 0, 0, 1
34818, 1, 0, 0, 0, 1, 0
34819, 1, 0, 0, 0, 1, 0
34820, 1, 0, 0, 0, 0, 1
34821, 0, 1, 0, 1, 0, 0
34822, 1, 0, 0, 0, 1, 0
34823, 1, 0, 0, 0, 1, 0
34824, 0, 1, 1, 0, 0, 0
34825, 1, 0, 0, 0, 1, 0
34827, 1, 0, 0, 0, 0, 1
34828, 0, 1, 0, 1, 0, 0
34829, 1, 0, 0, 0, 1, 0
34830, 0, 2, 2, 0, 0, 0
34831, 1, 0, 0, 0, 1, 0
34832, 3, 0, 0, 0, 3, 0
34833, 1, 2, 2, 0, 1, 0
34834, 0, 1, 1, 0, 0, 0
34835, 1, 0, 0, 0, 1, 0
34836, 1, 0, 0, 0, 1, 0
34837, 0, 4, 4, 0, 0, 0
34838, 1, 0, 0, 0, 1, 0
34839, 1, 1, 1, 0, 1, 0
34840, 1, 0, 0, 0, 1, 0
43398, 1, 1, 1, 0, 1, 0
67330, 0, 1, 1, 0, 0, 0
67331, 0, 2, 2, 0, 0, 0
67333, 0, 1, 1, 0, 0, 0
67335, 0, 1, 1, 0, 0, 0
54517, 1, 3, 3, 0, 1, 0
55220, 4, 2, 2, 0, 3, 1
55684, 0, 2, 2, 0, 0, 0
67941, 4, 1, 1, 0, 4, 0
34852, 1, 0, 0, 0, 0, 1
34853, 1, 0, 0, 0, 0, 1
34854, 0, 1, 0, 1, 0, 0
34855, 1, 1, 1, 0, 1, 0
34856, 1, 1, 1, 0, 1, 0
34857, 1, 1, 1, 0, 1, 0
52671, 3, 2, 2, 0, 3, 0
34859, 1, 0, 0, 0, 1, 0
34861, 1, 0, 0, 0, 0, 1
34862, 1, 0, 0, 0, 1, 0
34863, 1, 0, 0, 0, 1, 0
34866, 1, 0, 0, 0, 1, 0
34867, 2, 0, 0, 0, 2, 0
34868, 1, 0, 0, 0, 1, 0
34869, 0, 1, 1, 0, 0, 0
34870, 1, 0, 0, 0, 0, 1
34871, 0, 1, 0, 1, 0, 0
34873, 1, 1, 1, 0, 1, 0
34874, 9, 4, 2, 2, 4, 5
34876, 2, 0, 0, 0, 0, 2
55138, 4, 3, 3, 0, 4, 0
55139, 10, 3, 3, 0, 6, 4
34879, 1, 1, 1, 0, 1, 0
34880, 2, 1, 1, 0, 2, 0
62471, 0, 2, 2, 0, 0, 0
34881, 1, 0, 0, 0, 0, 1
34882, 2, 1, 1, 0, 2, 0
34883, 3, 2, 2, 0, 3, 0
34888, 1, 0, 0, 0, 1, 0
67343, 1, 3, 3, 0, 1, 0
34890, 1, 0, 0, 0, 1, 0
34891, 13, 1, 1, 0, 4, 9
71365, 1, 1, 0, 1, 1, 0
91235, 0, 1, 0, 1, 0, 0
34894, 1, 0, 0, 0, 0, 1
34895, 1, 0, 0, 0, 0, 1
34898, 1, 1, 0, 1, 0, 1
34900, 1, 0, 0, 0, 1, 0
34902, 1, 0, 0, 0, 1, 0
34903, 1, 0, 0, 0, 0, 1
34907, 1, 0, 0, 0, 0, 1
34908, 1, 0, 0, 0, 0, 1
34909, 1, 0, 0, 0, 1, 0
34910, 1, 0, 0, 0, 1, 0
34911, 2, 1, 1, 0, 2, 0
34912, 1, 0, 0, 0, 1, 0
121214, 0, 2, 2, 0, 0, 0
34914, 1, 0, 0, 0, 1, 0
34915, 1, 0, 0, 0, 1, 0
34916, 0, 1, 1, 0, 0, 0
34918, 1, 0, 0, 0, 1, 0
34919, 0, 1, 1, 0, 0, 0
34921, 3, 0, 0, 0, 3, 0
34922, 2, 3, 3, 0, 2, 0
34923, 2, 7, 7, 0, 1, 1
34924, 2, 3, 3, 0, 2, 0
46981, 0, 3, 2, 1, 0, 0
34925, 1, 0, 0, 0, 1, 0
34928, 1, 0, 0, 0, 1, 0
34930, 1, 0, 0, 0, 1, 0
34931, 4, 1, 1, 0, 4, 0
37196, 0, 1, 1, 0, 0, 0
34932, 1, 0, 0, 0, 1, 0
34933, 6, 17, 17, 0, 4, 2
34934, 5, 1, 0, 1, 2, 3
34935, 2, 2, 2, 0, 2, 0
34937, 0, 1, 0, 1, 0, 0
34938, 1, 1, 1, 0, 0, 1
34940, 0, 1, 1, 0, 0, 0
34941, 1, 0, 0, 0, 0, 1
34943, 2, 0, 0, 0, 2, 0
34945, 2, 0, 0, 0, 2, 0
34946, 1, 0, 0, 0, 1, 0
34947, 1, 1, 0, 1, 0, 1
34948, 2, 0, 0, 0, 2, 0
94050, 0, 1, 1, 0, 0, 0
101485, 0, 1, 0, 1, 0, 0
34950, 2, 0, 0, 0, 2, 0
34951, 1, 0, 0, 0, 1, 0
34952, 2, 0, 0, 0, 2, 0
34953, 2, 0, 0, 0, 2, 0
34955, 0, 1, 0, 1, 0, 0
34956, 1, 0, 0, 0, 1, 0
34957, 2, 0, 0, 0, 2, 0
34958, 1, 0, 0, 0, 0, 1
34959, 1, 0, 0, 0, 1, 0
82794, 1, 2, 2, 0, 1, 0
34970, 2, 0, 0, 0, 2, 0
34971, 2, 0, 0, 0, 2, 0
35382, 1, 1, 1, 0, 1, 0
36936, 1, 1, 1, 0, 1, 0
68923, 0, 1, 0, 1, 0, 0
68924, 0, 1, 0, 1, 0, 0
34992, 4, 0, 0, 0, 4, 0
34993, 2, 0, 0, 0, 2, 0
34994, 2, 0, 0, 0, 2, 0
34995, 2, 0, 0, 0, 2, 0
34996, 2, 0, 0, 0, 2, 0
34997, 2, 0, 0, 0, 2, 0
34998, 2, 0, 0, 0, 2, 0
34999, 1, 0, 0, 0, 1, 0
35000, 1, 0, 0, 0, 1, 0
35001, 1, 0, 0, 0, 1, 0
35002, 1, 1, 1, 0, 1, 0
42278, 5, 3, 3, 0, 4, 1
51448, 0, 2, 2, 0, 0, 0
35004, 1, 0, 0, 0, 1, 0
35007, 2, 0, 0, 0, 2, 0
35009, 1, 0, 0, 0, 0, 1
35010, 4, 0, 0, 0, 4, 0
87574, 1, 1, 1, 0, 1, 0
35014, 1, 0, 0, 0, 1, 0
35019, 1, 0, 0, 0, 1, 0
35020, 0, 1, 1, 0, 0, 0
35021, 1, 0, 0, 0, 1, 0
35022, 2, 3, 3, 0, 2, 0
35414, 2, 2, 2, 0, 2, 0
35023, 1, 0, 0, 0, 1, 0
35025, 1, 0, 0, 0, 0, 1
35026, 1, 0, 0, 0, 1, 0
73670, 3, 1, 1, 0, 2, 1
82244, 2, 2, 2, 0, 2, 0
88488, 1, 1, 1, 0, 1, 0
35028, 1, 0, 0, 0, 0, 1
35030, 1, 0, 0, 0, 1, 0
35032, 1, 0, 0, 0, 1, 0
35033, 3, 0, 0, 0, 3, 0
35034, 1, 2, 2, 0, 1, 0
71763, 2, 2, 2, 0, 2, 0
89536, 0, 1, 1, 0, 0, 0
45275, 3, 3, 2, 1, 2, 1
52755, 1, 1, 1, 0, 1, 0
57620, 0, 3, 2, 1, 0, 0
57621, 0, 1, 1, 0, 0, 0
57622, 0, 1, 1, 0, 0, 0
57625, 0, 1, 1, 0, 0, 0
65793, 4, 4, 4, 0, 4, 0
80901, 2, 3, 3, 0, 2, 0
80618, 1, 1, 1, 0, 1, 0
48340, 0, 2, 1, 1, 0, 0
35087, 1, 1, 1, 0, 1, 0
35088, 0, 1, 0, 1, 0, 0
35089, 1, 1, 1, 0, 1, 0
35090, 1, 1, 1, 0, 1, 0
35094, 0, 1, 0, 1, 0, 0
97105, 1, 1, 1, 0, 1, 0
35101, 3, 2, 2, 0, 3, 0
35102, 0, 1, 1, 0, 0, 0
35103, 1, 0, 0, 0, 1, 0
35104, 2, 3, 3, 0, 2, 0
37138, 2, 1, 1, 0, 1, 1
64237, 1, 5, 5, 0, 1, 0
79768, 0, 1, 1, 0, 0, 0
35111, 1, 0, 0, 0, 1, 0
35112, 2, 0, 0, 0, 0, 2
35114, 1, 0, 0, 0, 1, 0
35115, 1, 0, 0, 0, 1, 0
35116, 0, 1, 1, 0, 0, 0
35117, 2, 0, 0, 0, 1, 1
35119, 1, 0, 0, 0, 0, 1
35120, 1, 2, 1, 1, 1, 0
35121, 1, 0, 0, 0, 1, 0
37793, 1, 1, 1, 0, 1, 0
35124, 1, 0, 0, 0, 0, 1
43010, 3, 2, 2, 0, 3, 0
47182, 0, 1, 1, 0, 0, 0
35158, 1, 0, 0, 0, 1, 0
35159, 0, 1, 1, 0, 0, 0
35160, 1, 1, 1, 0, 1, 0
35161, 2, 4, 3, 1, 2, 0
35163, 1, 0, 0, 0, 1, 0
35164, 1, 0, 0, 0, 1, 0
35166, 1, 1, 1, 0, 1, 0
35167, 2, 1, 1, 0, 2, 0
35168, 1, 0, 0, 0, 0, 1
114584, 0, 1, 1, 0, 0, 0
35170, 1, 0, 0, 0, 1, 0
35172, 1, 0, 0, 0, 1, 0
35173, 1, 0, 0, 0, 1, 0
35175, 0, 1, 1, 0, 0, 0
35178, 6, 1, 1, 0, 5, 1
35179, 2, 5, 5, 0, 2, 0
78563, 1, 1, 1, 0, 1, 0
78564, 1, 1, 1, 0, 1, 0
35183, 1, 0, 0, 0, 1, 0
35184, 1, 0, 0, 0, 1, 0
35185, 1, 0, 0, 0, 1, 0
35187, 1, 0, 0, 0, 1, 0
35188, 2, 0, 0, 0, 2, 0
35193, 1, 1, 1, 0, 1, 0
35194, 1, 1, 1, 0, 1, 0
35195, 2, 0, 0, 0, 1, 1
35196, 1, 0, 0, 0, 1, 0
35197, 1, 0, 0, 0, 0, 1
35200, 1, 0, 0, 0, 1, 0
35202, 1, 0, 0, 0, 1, 0
35204, 1, 0, 0, 0, 1, 0
35205, 1, 0, 0, 0, 1, 0
35206, 0, 1, 1, 0, 0, 0
35207, 1, 0, 0, 0, 1, 0
35208, 1, 0, 0, 0, 1, 0
35210, 1, 0, 0, 0, 1, 0
35211, 1, 0, 0, 0, 1, 0
35212, 1, 0, 0, 0, 1, 0
35213, 1, 0, 0, 0, 1, 0
35214, 1, 1, 1, 0, 1, 0
83240, 1, 1, 1, 0, 1, 0
35216, 1, 0, 0, 0, 1, 0
35217, 1, 0, 0, 0, 0, 1
35218, 1, 0, 0, 0, 1, 0
35219, 1, 0, 0, 0, 1, 0
35220, 1, 0, 0, 0, 1, 0
35221, 1, 0, 0, 0, 1, 0
35222, 1, 0, 0, 0, 1, 0
35223, 1, 0, 0, 0, 1, 0
35224, 1, 0, 0, 0, 1, 0
35225, 1, 0, 0, 0, 1, 0
35226, 0, 1, 1, 0, 0, 0
35229, 2, 2, 2, 0, 2, 0
35230, 1, 2, 2, 0, 1, 0
35231, 1, 0, 0, 0, 1, 0
35232, 1, 0, 0, 0, 1, 0
35233, 3, 1, 1, 0, 3, 0
36308, 4, 2, 1, 1, 2, 2
69819, 1, 1, 1, 0, 1, 0
69821, 0, 1, 1, 0, 0, 0
69825, 1, 1, 1, 0, 1, 0
69826, 3, 1, 1, 0, 3, 0
69827, 2, 2, 2, 0, 2, 0
69828, 0, 2, 2, 0, 0, 0
35236, 2, 0, 0, 0, 2, 0
35238, 1, 0, 0, 0, 0, 1
35239, 1, 2, 1, 1, 1, 0
35240, 1, 0, 0, 0, 1, 0
35241, 2, 0, 0, 0, 2, 0
35242, 1, 0, 0, 0, 1, 0
35243, 2, 0, 0, 0, 2, 0
35246, 1, 0, 0, 0, 0, 1
35247, 2, 0, 0, 0, 2, 0
35248, 2, 0, 0, 0, 2, 0
35249, 2, 0, 0, 0, 2, 0
35250, 3, 0, 0, 0, 3, 0
35252, 2, 0, 0, 0, 2, 0
35253, 2, 0, 0, 0, 2, 0
35256, 2, 0, 0, 0, 2, 0
35257, 2, 0, 0, 0, 2, 0
35259, 2, 0, 0, 0, 2, 0
35260, 2, 0, 0, 0, 2, 0
35261, 2, 0, 0, 0, 2, 0
35262, 1, 0, 0, 0, 1, 0
35263, 1, 2, 1, 1, 1, 0
35264, 3, 0, 0, 0, 3, 0
35265, 1, 0, 0, 0, 1, 0
35266, 2, 2, 1, 1, 1, 1
95093, 0, 1, 1, 0, 0, 0
35267, 1, 0, 0, 0, 1, 0
35269, 1, 0, 0, 0, 1, 0
35270, 3, 0, 0, 0, 3, 0
35271, 1, 0, 0, 0, 1, 0
35272, 0, 2, 2, 0, 0, 0
35273, 1, 0, 0, 0, 1, 0
35274, 1, 0, 0, 0, 1, 0
41317, 0, 1, 1, 0, 0, 0
35279, 0, 2, 1, 1, 0, 0
47533, 5, 3, 2, 1, 5, 0
47775, 1, 1, 1, 0, 1, 0
51646, 0, 3, 3, 0, 0, 0
57479, 0, 3, 3, 0, 0, 0
35282, 2, 0, 0, 0, 2, 0
35284, 1, 0, 0, 0, 1, 0
35285, 3, 2, 2, 0, 3, 0
60531, 0, 2, 2, 0, 0, 0
60532, 1, 2, 2, 0, 1, 0
60533, 0, 1, 1, 0, 0, 0
35286, 1, 0, 0, 0, 0, 1
35287, 1, 0, 0, 0, 1, 0
35289, 1, 0, 0, 0, 1, 0
35290, 1, 0, 0, 0, 1, 0
35291, 2, 0, 0, 0, 2, 0
35293, 1, 0, 0, 0, 1, 0
35295, 1, 0, 0, 0, 0, 1
35299, 4, 0, 0, 0, 1, 3
35300, 3, 0, 0, 0, 0, 3
35301, 4, 0, 0, 0, 4, 0
35302, 0, 1, 1, 0, 0, 0
35304, 1, 0, 0, 0, 0, 1
35873, 1, 2, 1, 1, 1, 0
42731, 3, 2, 1, 1, 3, 0
43371, 1, 3, 0, 3, 0, 1
46711, 3, 3, 2, 1, 3, 0
51200, 0, 1, 0, 1, 0, 0
51201, 0, 1, 0, 1, 0, 0
51202, 0, 1, 0, 1, 0, 0
51204, 0, 1, 0, 1, 0, 0
35310, 2, 0, 0, 0, 1, 1
116543, 1, 1, 1, 0, 1, 0
47326, 1, 3, 3, 0, 1, 0
52504, 0, 1, 0, 1, 0, 0
35316, 2, 0, 0, 0, 2, 0
35319, 1, 0, 0, 0, 1, 0
35328, 1, 0, 0, 0, 1, 0
35329, 1, 0, 0, 0, 1, 0
35330, 1, 0, 0, 0, 1, 0
35331, 2, 0, 0, 0, 0, 2
35333, 1, 0, 0, 0, 1, 0
35334, 1, 0, 0, 0, 1, 0
35335, 1, 0, 0, 0, 0, 1
35336, 1, 0, 0, 0, 1, 0
35337, 1, 0, 0, 0, 1, 0
35338, 1, 0, 0, 0, 1, 0
35339, 3, 1, 1, 0, 3, 0
35340, 0, 1, 1, 0, 0, 0
35341, 0, 1, 1, 0, 0, 0
35342, 1, 0, 0, 0, 1, 0
35343, 4, 0, 0, 0, 2, 2
35345, 1, 0, 0, 0, 1, 0
35346, 2, 1, 1, 0, 1, 1
35348, 1, 0, 0, 0, 1, 0
35349, 1, 0, 0, 0, 0, 1
35350, 0, 1, 0, 1, 0, 0
35351, 2, 0, 0, 0, 1, 1
35352, 1, 0, 0, 0, 1, 0
35355, 1, 1, 1, 0, 1, 0
35356, 1, 1, 1, 0, 1, 0
35357, 1, 0, 0, 0, 1, 0
35359, 0, 1, 1, 0, 0, 0
35360, 0, 1, 1, 0, 0, 0
35361, 0, 1, 1, 0, 0, 0
35362, 0, 1, 1, 0, 0, 0
35363, 1, 0, 0, 0, 1, 0
35364, 1, 0, 0, 0, 1, 0
35365, 1, 0, 0, 0, 1, 0
35366, 1, 0, 0, 0, 1, 0
35367, 1, 0, 0, 0, 1, 0
40237, 1, 1, 1, 0, 1, 0
35370, 1, 0, 0, 0, 1, 0
35372, 1, 0, 0, 0, 1, 0
35373, 0, 3, 3, 0, 0, 0
35377, 1, 0, 0, 0, 1, 0
35378, 1, 1, 1, 0, 1, 0
65899, 0, 1, 1, 0, 0, 0
65900, 0, 1, 1, 0, 0, 0
65901, 0, 1, 1, 0, 0, 0
65902, 0, 1, 1, 0, 0, 0
65903, 0, 1, 0, 1, 0, 0
35381, 1, 0, 0, 0, 1, 0
35383, 1, 0, 0, 0, 1, 0
35384, 0, 1, 1, 0, 0, 0
35385, 2, 0, 0, 0, 2, 0
111383, 0, 1, 1, 0, 0, 0
35387, 1, 1, 1, 0, 1, 0
35388, 1, 1, 1, 0, 1, 0
35391, 2, 0, 0, 0, 1, 1
35396, 1, 0, 0, 0, 1, 0
35397, 1, 0, 0, 0, 0, 1
35398, 3, 0, 0, 0, 2, 1
80221, 15, 5, 5, 0, 15, 0
35403, 6, 0, 0, 0, 6, 0
35404, 1, 1, 1, 0, 0, 1
35407, 0, 1, 1, 0, 0, 0
35408, 1, 1, 1, 0, 1, 0
41131, 2, 3, 3, 0, 2, 0
91759, 3, 2, 2, 0, 3, 0
66655, 0, 2, 2, 0, 0, 0
35409, 1, 0, 0, 0, 1, 0
35410, 0, 2, 1, 1, 0, 0
35415, 2, 0, 0, 0, 2, 0
35416, 2, 0, 0, 0, 2, 0
35418, 3, 0, 0, 0, 0, 3
35419, 1, 0, 0, 0, 1, 0
35420, 1, 0, 0, 0, 1, 0
95675, 0, 1, 1, 0, 0, 0
35433, 2, 0, 0, 0, 2, 0
35435, 1, 3, 3, 0, 1, 0
35436, 1, 0, 0, 0, 1, 0
35437, 1, 1, 1, 0, 0, 1
35438, 1, 1, 0, 1, 1, 0
35439, 2, 0, 0, 0, 2, 0
35440, 2, 0, 0, 0, 1, 1
35441, 2, 0, 0, 0, 1, 1
35442, 1, 0, 0, 0, 1, 0
35443, 1, 0, 0, 0, 0, 1
35444, 1, 0, 0, 0, 0, 1
35445, 1, 3, 1, 2, 1, 0
35536, 3, 1, 1, 0, 2, 1
35447, 1, 0, 0, 0, 1, 0
35466, 0, 3, 3, 0, 0, 0
76039, 2, 9, 9, 0, 2, 0
45840, 1, 2, 2, 0, 1, 0
64988, 2, 3, 3, 0, 2, 0
86519, 0, 1, 1, 0, 0, 0
86520, 0, 1, 1, 0, 0, 0
86521, 0, 1, 1, 0, 0, 0
86522, 0, 1, 1, 0, 0, 0
35468, 1, 0, 0, 0, 1, 0
65271, 1, 1, 1, 0, 1, 0
67618, 0, 2, 2, 0, 0, 0
67619, 0, 2, 2, 0, 0, 0
68036, 0, 1, 1, 0, 0, 0
68037, 0, 1, 1, 0, 0, 0
62239, 1, 2, 0, 2, 1, 0
35515, 1, 0, 0, 0, 0, 1
35516, 3, 1, 1, 0, 3, 0
35517, 1, 0, 0, 0, 1, 0
35518, 2, 2, 2, 0, 2, 0
35615, 1, 1, 1, 0, 1, 0
35519, 3, 0, 0, 0, 0, 3
101163, 0, 1, 0, 1, 0, 0
37039, 1, 1, 1, 0, 1, 0
35528, 1, 0, 0, 0, 1, 0
35530, 1, 1, 1, 0, 1, 0
44705, 3, 2, 2, 0, 2, 1
44901, 1, 1, 1, 0, 1, 0
51699, 1, 3, 2, 1, 1, 0
64085, 0, 1, 1, 0, 0, 0
35532, 1, 0, 0, 0, 0, 1
35533, 1, 0, 0, 0, 1, 0
35535, 1, 1, 1, 0, 1, 0
35588, 1, 1, 1, 0, 1, 0
35537, 4, 0, 0, 0, 3, 1
35539, 2, 0, 0, 0, 1, 1
35540, 0, 2, 2, 0, 0, 0
35541, 1, 0, 0, 0, 0, 1
35543, 2, 0, 0, 0, 2, 0
35558, 5, 3, 3, 0, 4, 1
35559, 2, 1, 1, 0, 2, 0
35563, 0, 1, 1, 0, 0, 0
35571, 2, 4, 4, 0, 2, 0
35573, 3, 11, 10, 1, 3, 0
35574, 1, 6, 6, 0, 1, 0
35575, 4, 1, 1, 0, 4, 0
35576, 1, 9, 9, 0, 1, 0
35577, 4, 1, 1, 0, 4, 0
35546, 1, 0, 0, 0, 1, 0
35547, 1, 0, 0, 0, 1, 0
35548, 1, 0, 0, 0, 1, 0
35549, 1, 0, 0, 0, 0, 1
35550, 2, 0, 0, 0, 0, 2
35551, 1, 1, 0, 1, 1, 0
35553, 1, 0, 0, 0, 1, 0
48484, 0, 2, 2, 0, 0, 0
78622, 0, 1, 1, 0, 0, 0
47921, 0, 1, 1, 0, 0, 0
55061, 0, 4, 3, 1, 0, 0
72759, 3, 1, 1, 0, 3, 0
72771, 0, 1, 1, 0, 0, 0
70348, 1, 1, 1, 0, 1, 0
73140, 2, 2, 2, 0, 2, 0
90691, 0, 1, 1, 0, 0, 0
39261, 0, 2, 2, 0, 0, 0
65959, 0, 1, 1, 0, 0, 0
65960, 0, 6, 6, 0, 0, 0
51233, 8, 5, 4, 1, 8, 0
68981, 0, 3, 3, 0, 0, 0
76808, 3, 2, 2, 0, 3, 0
82213, 1, 1, 1, 0, 1, 0
83600, 0, 2, 2, 0, 0, 0
83699, 2, 4, 3, 1, 2, 0
83700, 0, 1, 1, 0, 0, 0
65716, 4, 4, 4, 0, 4, 0
38940, 1, 2, 2, 0, 1, 0
39026, 1, 2, 2, 0, 1, 0
41296, 0, 2, 2, 0, 0, 0
43787, 1, 1, 1, 0, 1, 0
45802, 0, 3, 1, 2, 0, 0
82575, 0, 1, 1, 0, 0, 0
35583, 1, 0, 0, 0, 1, 0
43172, 0, 2, 1, 1, 0, 0
63756, 2, 8, 8, 0, 2, 0
68367, 0, 5, 5, 0, 0, 0
71892, 2, 4, 4, 0, 2, 0
86017, 0, 1, 1, 0, 0, 0
35585, 4, 0, 0, 0, 4, 0
114030, 1, 1, 1, 0, 1, 0
114156, 1, 1, 1, 0, 1, 0
35587, 2, 0, 0, 0, 2, 0
35589, 1, 0, 0, 0, 1, 0
35590, 1, 0, 0, 0, 0, 1
84183, 0, 1, 1, 0, 0, 0
35599, 1, 0, 0, 0, 0, 1
35600, 4, 0, 0, 0, 4, 0
35604, 1, 0, 0, 0, 0, 1
35607, 1, 1, 1, 0, 1, 0
35608, 1, 0, 0, 0, 1, 0
35612, 1, 0, 0, 0, 1, 0
35613, 1, 0, 0, 0, 0, 1
35614, 1, 0, 0, 0, 0, 1
35616, 1, 0, 0, 0, 0, 1
35617, 0, 1, 0, 1, 0, 0
35620, 1, 0, 0, 0, 1, 0
35621, 2, 0, 0, 0, 1, 1
35622, 0, 1, 1, 0, 0, 0
35623, 1, 0, 0, 0, 0, 1
35625, 1, 0, 0, 0, 1, 0
41380, 5, 5, 4, 1, 5, 0
35627, 1, 0, 0, 0, 1, 0
35629, 1, 0, 0, 0, 0, 1
35630, 1, 0, 0, 0, 1, 0
35631, 3, 0, 0, 0, 3, 0
58976, 2, 8, 8, 0, 2, 0
36547, 1, 1, 1, 0, 1, 0
35635, 2, 0, 0, 0, 2, 0
35636, 1, 0, 0, 0, 1, 0
35637, 3, 0, 0, 0, 1, 2
35638, 0, 1, 0, 1, 0, 0
39860, 5, 3, 2, 1, 5, 0
54072, 1, 2, 2, 0, 1, 0
54073, 1, 2, 2, 0, 1, 0
54074, 3, 3, 3, 0, 3, 0
58349, 3, 1, 1, 0, 3, 0
63682, 1, 1, 1, 0, 1, 0
112882, 9, 1, 1, 0, 9, 0
35640, 2, 1, 1, 0, 2, 0
35641, 1, 1, 1, 0, 0, 1
35642, 1, 0, 0, 0, 1, 0
46944, 1, 1, 1, 0, 0, 1
84949, 1, 1, 1, 0, 1, 0
84950, 0, 1, 1, 0, 0, 0
35644, 1, 0, 0, 0, 1, 0
35645, 1, 1, 1, 0, 1, 0
50179, 2, 2, 2, 0, 1, 1
35647, 1, 1, 0, 1, 1, 0
35648, 0, 2, 2, 0, 0, 0
35649, 1, 0, 0, 0, 0, 1
35652, 0, 2, 0, 2, 0, 0
98499, 0, 1, 1, 0, 0, 0
35654, 1, 0, 0, 0, 1, 0
35655, 1, 1, 0, 1, 0, 1
35657, 1, 0, 0, 0, 1, 0
35660, 1, 0, 0, 0, 1, 0
35661, 0, 2, 2, 0, 0, 0
35662, 1, 0, 0, 0, 1, 0
35663, 1, 0, 0, 0, 0, 1
35664, 1, 0, 0, 0, 1, 0
35665, 1, 0, 0, 0, 1, 0
35666, 1, 0, 0, 0, 1, 0
35667, 1, 0, 0, 0, 0, 1
35668, 1, 0, 0, 0, 1, 0
35669, 1, 0, 0, 0, 1, 0
35670, 1, 0, 0, 0, 0, 1
35671, 1, 0, 0, 0, 1, 0
103537, 2, 1, 1, 0, 2, 0
66506, 1, 1, 1, 0, 1, 0
35675, 1, 0, 0, 0, 1, 0
35677, 5, 0, 0, 0, 5, 0
52930, 1, 5, 5, 0, 1, 0
70417, 1, 1, 1, 0, 1, 0
74813, 0, 2, 2, 0, 0, 0
35680, 1, 0, 0, 0, 1, 0
35681, 2, 0, 0, 0, 0, 2
35682, 1, 1, 0, 1, 1, 0
35683, 1, 0, 0, 0, 1, 0
35684, 0, 1, 1, 0, 0, 0
35685, 1, 0, 0, 0, 1, 0
35687, 1, 1, 1, 0, 1, 0
35688, 1, 0, 0, 0, 1, 0
35689, 1, 0, 0, 0, 1, 0
35690, 1, 0, 0, 0, 1, 0
35691, 1, 1, 1, 0, 1, 0
35692, 1, 0, 0, 0, 1, 0
35693, 1, 0, 0, 0, 1, 0
35694, 1, 0, 0, 0, 1, 0
35695, 1, 0, 0, 0, 0, 1
35696, 1, 0, 0, 0, 1, 0
35697, 1, 0, 0, 0, 1, 0
35698, 1, 0, 0, 0, 1, 0
35699, 1, 0, 0, 0, 1, 0
35700, 1, 0, 0, 0, 1, 0
35702, 1, 0, 0, 0, 1, 0
35703, 0, 1, 1, 0, 0, 0
39649, 1, 2, 2, 0, 1, 0
62867, 3, 5, 5, 0, 3, 0
79174, 0, 1, 1, 0, 0, 0
35710, 1, 0, 0, 0, 0, 1
35711, 2, 0, 0, 0, 1, 1
35713, 3, 0, 0, 0, 2, 1
35714, 1, 0, 0, 0, 0, 1
35715, 1, 0, 0, 0, 1, 0
35718, 3, 0, 0, 0, 3, 0
35719, 1, 1, 1, 0, 1, 0
35720, 1, 0, 0, 0, 1, 0
35722, 0, 1, 1, 0, 0, 0
35723, 1, 0, 0, 0, 1, 0
35726, 5, 1, 1, 0, 4, 1
35727, 1, 1, 1, 0, 1, 0
35728, 1, 1, 1, 0, 1, 0
35729, 1, 0, 0, 0, 1, 0
35730, 1, 0, 0, 0, 0, 1
35735, 2, 0, 0, 0, 0, 2
35737, 1, 0, 0, 0, 1, 0
35738, 0, 1, 1, 0, 0, 0
35741, 1, 0, 0, 0, 1, 0
35743, 4, 0, 0, 0, 4, 0
35744, 1, 0, 0, 0, 1, 0
35745, 0, 1, 1, 0, 0, 0
35746, 1, 0, 0, 0, 1, 0
35747, 1, 0, 0, 0, 1, 0
85099, 1, 1, 1, 0, 1, 0
35752, 1, 0, 0, 0, 1, 0
35753, 1, 0, 0, 0, 1, 0
69095, 0, 1, 1, 0, 0, 0
35758, 1, 0, 0, 0, 1, 0
35759, 1, 0, 0, 0, 1, 0
35761, 1, 0, 0, 0, 1, 0
35762, 1, 2, 1, 1, 1, 0
35764, 2, 1, 1, 0, 2, 0
35766, 1, 0, 0, 0, 1, 0
35768, 1, 0, 0, 0, 1, 0
35769, 3, 1, 1, 0, 1, 2
38728, 1, 1, 1, 0, 1, 0
38939, 6, 1, 1, 0, 5, 1
35772, 1, 0, 0, 0, 1, 0
67465, 0, 2, 2, 0, 0, 0
35782, 1, 0, 0, 0, 1, 0
35785, 1, 1, 0, 1, 1, 0
35786, 1, 0, 0, 0, 1, 0
35789, 1, 0, 0, 0, 1, 0
35792, 2, 0, 0, 0, 2, 0
35793, 0, 1, 1, 0, 0, 0
35795, 3, 1, 1, 0, 3, 0
35796, 2, 3, 3, 0, 2, 0
35797, 1, 0, 0, 0, 0, 1
35802, 1, 0, 0, 0, 1, 0
35803, 1, 0, 0, 0, 1, 0
35804, 0, 3, 3, 0, 0, 0
35809, 1, 0, 0, 0, 1, 0
35810, 1, 0, 0, 0, 1, 0
35811, 1, 0, 0, 0, 0, 1
35812, 0, 1, 0, 1, 0, 0
35813, 1, 0, 0, 0, 1, 0
35815, 1, 0, 0, 0, 1, 0
35816, 0, 1, 1, 0, 0, 0
35817, 10, 0, 0, 0, 3, 7
51225, 0, 1, 1, 0, 0, 0
35820, 2, 0, 0, 0, 2, 0
35824, 0, 1, 1, 0, 0, 0
81820, 1, 1, 1, 0, 1, 0
81821, 1, 1, 1, 0, 1, 0
86914, 1, 1, 1, 0, 1, 0
87586, 0, 1, 1, 0, 0, 0
87587, 0, 1, 1, 0, 0, 0
35826, 1, 0, 0, 0, 0, 1
35827, 1, 0, 0, 0, 1, 0
40901, 4, 2, 2, 0, 4, 0
35831, 1, 0, 0, 0, 0, 1
66569, 1, 1, 1, 0, 1, 0
67222, 0, 1, 1, 0, 0, 0
98157, 3, 1, 0, 1, 2, 1
35833, 2, 0, 0, 0, 2, 0
35836, 2, 1, 1, 0, 2, 0
35838, 1, 0, 0, 0, 0, 1
98150, 1, 1, 1, 0, 1, 0
35840, 1, 0, 0, 0, 1, 0
35842, 1, 0, 0, 0, 1, 0
35845, 1, 0, 0, 0, 1, 0
35846, 7, 0, 0, 0, 6, 1
35847, 2, 0, 0, 0, 2, 0
35848, 1, 1, 1, 0, 1, 0
35850, 1, 0, 0, 0, 1, 0
35851, 0, 1, 1, 0, 0, 0
35852, 1, 1, 1, 0, 1, 0
35854, 1, 0, 0, 0, 1, 0
35855, 1, 1, 1, 0, 0, 1
35856, 2, 1, 1, 0, 1, 1
35857, 1, 1, 1, 0, 0, 1
65263, 0, 4, 4, 0, 0, 0
73026, 0, 3, 3, 0, 0, 0
74300, 5, 2, 2, 0, 5, 0
35859, 1, 0, 0, 0, 0, 1
35862, 1, 0, 0, 0, 1, 0
35863, 3, 0, 0, 0, 2, 1
35864, 0, 1, 1, 0, 0, 0
35865, 1, 0, 0, 0, 1, 0
35866, 1, 0, 0, 0, 1, 0
35869, 1, 0, 0, 0, 1, 0
35871, 1, 0, 0, 0, 1, 0
35872, 1, 1, 1, 0, 1, 0
35874, 1, 0, 0, 0, 1, 0
35875, 1, 0, 0, 0, 1, 0
35876, 1, 2, 2, 0, 1, 0
35878, 1, 0, 0, 0, 0, 1
35879, 0, 2, 1, 1, 0, 0
35880, 1, 0, 0, 0, 1, 0
35881, 1, 0, 0, 0, 1, 0
35882, 1, 0, 0, 0, 1, 0
35883, 1, 0, 0, 0, 1, 0
35885, 1, 0, 0, 0, 1, 0
35886, 2, 0, 0, 0, 2, 0
35887, 1, 0, 0, 0, 1, 0
35888, 1, 0, 0, 0, 1, 0
35889, 4, 0, 0, 0, 4, 0
35892, 1, 0, 0, 0, 1, 0
35893, 1, 0, 0, 0, 1, 0
35894, 1, 0, 0, 0, 1, 0
35896, 1, 0, 0, 0, 1, 0
35897, 1, 0, 0, 0, 1, 0
35898, 1, 0, 0, 0, 1, 0
35902, 3, 1, 1, 0, 3, 0
62372, 0, 1, 1, 0, 0, 0
35905, 1, 0, 0, 0, 0, 1
35906, 0, 2, 0, 2, 0, 0
35907, 2, 0, 0, 0, 2, 0
35908, 0, 1, 1, 0, 0, 0
35910, 1, 0, 0, 0, 1, 0
35912, 1, 0, 0, 0, 1, 0
35913, 2, 1, 1, 0, 0, 2
35915, 1, 0, 0, 0, 1, 0
35918, 1, 0, 0, 0, 1, 0
35919, 1, 0, 0, 0, 1, 0
35920, 1, 0, 0, 0, 1, 0
35921, 1, 1, 1, 0, 1, 0
35922, 4, 0, 0, 0, 4, 0
76315, 3, 1, 1, 0, 3, 0
35925, 1, 1, 0, 1, 1, 0
35926, 7, 0, 0, 0, 7, 0
35927, 0, 1, 1, 0, 0, 0
35928, 0, 1, 1, 0, 0, 0
35929, 0, 1, 1, 0, 0, 0
35931, 0, 1, 0, 1, 0, 0
35932, 1, 0, 0, 0, 1, 0
35933, 1, 0, 0, 0, 0, 1
35934, 0, 1, 0, 1, 0, 0
35935, 4, 0, 0, 0, 4, 0
35937, 2, 0, 0, 0, 2, 0
35986, 0, 2, 1, 1, 0, 0
35939, 1, 0, 0, 0, 1, 0
35940, 1, 0, 0, 0, 0, 1
35942, 0, 1, 1, 0, 0, 0
35943, 1, 0, 0, 0, 1, 0
35944, 1, 2, 2, 0, 1, 0
64905, 0, 1, 1, 0, 0, 0
35945, 1, 0, 0, 0, 1, 0
35946, 1, 1, 1, 0, 1, 0
35947, 1, 1, 1, 0, 1, 0
35948, 1, 0, 0, 0, 1, 0
35949, 3, 0, 0, 0, 3, 0
35951, 1, 0, 0, 0, 1, 0
35953, 1, 0, 0, 0, 1, 0
35954, 0, 1, 1, 0, 0, 0
35955, 2, 0, 0, 0, 2, 0
35956, 2, 2, 2, 0, 2, 0
35957, 1, 2, 2, 0, 1, 0
35958, 1, 0, 0, 0, 1, 0
35959, 1, 0, 0, 0, 0, 1
35960, 0, 2, 1, 1, 0, 0
35962, 1, 0, 0, 0, 1, 0
35963, 1, 0, 0, 0, 1, 0
43499, 1, 1, 0, 1, 1, 0
43536, 0, 1, 1, 0, 0, 0
43537, 0, 1, 1, 0, 0, 0
43538, 0, 1, 1, 0, 0, 0
35968, 1, 0, 0, 0, 1, 0
35970, 4, 1, 1, 0, 3, 1
61586, 0, 1, 0, 1, 0, 0
61587, 0, 1, 0, 1, 0, 0
35972, 1, 0, 0, 0, 1, 0
35974, 1, 0, 0, 0, 0, 1
35975, 0, 1, 0, 1, 0, 0
35976, 1, 0, 0, 0, 0, 1
102964, 0, 1, 0, 1, 0, 0
35978, 1, 0, 0, 0, 1, 0
35980, 1, 0, 0, 0, 1, 0
35981, 0, 1, 1, 0, 0, 0
35982, 1, 0, 0, 0, 1, 0
35983, 2, 1, 1, 0, 2, 0
66977, 1, 1, 1, 0, 1, 0
90669, 0, 1, 1, 0, 0, 0
90670, 0, 1, 1, 0, 0, 0
90671, 0, 1, 1, 0, 0, 0
35988, 1, 0, 0, 0, 1, 0
35989, 1, 0, 0, 0, 0, 1
35990, 2, 0, 0, 0, 1, 1
35992, 0, 1, 0, 1, 0, 0
35993, 1, 0, 0, 0, 1, 0
35994, 1, 0, 0, 0, 1, 0
35995, 1, 1, 1, 0, 1, 0
71679, 1, 1, 1, 0, 1, 0
35999, 1, 0, 0, 0, 1, 0
36001, 1, 0, 0, 0, 1, 0
36002, 1, 0, 0, 0, 1, 0
36004, 1, 0, 0, 0, 0, 1
36005, 1, 0, 0, 0, 1, 0
36006, 1, 0, 0, 0, 1, 0
36007, 1, 0, 0, 0, 1, 0
36010, 1, 0, 0, 0, 0, 1
36011, 1, 0, 0, 0, 1, 0
36013, 3, 0, 0, 0, 2, 1
36014, 0, 2, 2, 0, 0, 0
36015, 0, 1, 1, 0, 0, 0
36016, 2, 2, 1, 1, 2, 0
36017, 1, 0, 0, 0, 1, 0
36018, 1, 0, 0, 0, 1, 0
36019, 1, 1, 1, 0, 1, 0
36020, 2, 1, 1, 0, 1, 1
36021, 1, 0, 0, 0, 1, 0
95342, 0, 1, 1, 0, 0, 0
36023, 1, 0, 0, 0, 1, 0
36024, 3, 0, 0, 0, 2, 1
36025, 1, 0, 0, 0, 1, 0
36027, 1, 0, 0, 0, 0, 1
36030, 1, 1, 0, 1, 1, 0
36031, 2, 3, 1, 2, 2, 0
36033, 1, 0, 0, 0, 1, 0
36042, 1, 0, 0, 0, 1, 0
36044, 1, 2, 2, 0, 1, 0
36050, 1, 0, 0, 0, 1, 0
36051, 1, 0, 0, 0, 1, 0
36053, 1, 0, 0, 0, 1, 0
36054, 1, 0, 0, 0, 1, 0
36055, 1, 0, 0, 0, 1, 0
36056, 3, 2, 2, 0, 2, 1
36058, 1, 0, 0, 0, 1, 0
36059, 1, 0, 0, 0, 1, 0
36060, 3, 0, 0, 0, 3, 0
36061, 4, 0, 0, 0, 4, 0
36062, 1, 0, 0, 0, 1, 0
36063, 2, 0, 0, 0, 2, 0
55667, 0, 2, 2, 0, 0, 0
55668, 3, 2, 2, 0, 3, 0
36070, 0, 1, 0, 1, 0, 0
91516, 0, 1, 1, 0, 0, 0
38571, 1, 1, 1, 0, 1, 0
36079, 4, 0, 0, 0, 3, 1
36080, 4, 3, 3, 0, 1, 3
36085, 4, 1, 1, 0, 3, 1
36087, 14, 1, 0, 1, 8, 6
36099, 0, 1, 0, 1, 0, 0
39229, 0, 1, 1, 0, 0, 0
112146, 0, 1, 1, 0, 0, 0
36100, 1, 0, 0, 0, 1, 0
36102, 1, 0, 0, 0, 0, 1
36103, 1, 0, 0, 0, 1, 0
36104, 2, 0, 0, 0, 2, 0
36105, 3, 0, 0, 0, 2, 1
36106, 4, 1, 1, 0, 4, 0
36108, 2, 0, 0, 0, 2, 0
36109, 1, 0, 0, 0, 0, 1
55661, 0, 2, 0, 2, 0, 0
65946, 0, 1, 0, 1, 0, 0
36122, 1, 0, 0, 0, 1, 0
36124, 1, 0, 0, 0, 1, 0
36125, 2, 0, 0, 0, 1, 1
36126, 0, 1, 1, 0, 0, 0
36127, 2, 0, 0, 0, 1, 1
36129, 3, 4, 2, 2, 3, 0
36130, 1, 0, 0, 0, 0, 1
36132, 1, 0, 0, 0, 1, 0
36134, 1, 0, 0, 0, 1, 0
36135, 1, 0, 0, 0, 0, 1
36136, 2, 0, 0, 0, 0, 2
74481, 1, 1, 1, 0, 1, 0
36141, 1, 0, 0, 0, 1, 0
36143, 1, 0, 0, 0, 1, 0
36144, 2, 0, 0, 0, 2, 0
36145, 1, 0, 0, 0, 1, 0
36147, 1, 0, 0, 0, 1, 0
36148, 3, 0, 0, 0, 3, 0
36150, 1, 0, 0, 0, 1, 0
36151, 1, 0, 0, 0, 1, 0
36152, 1, 0, 0, 0, 1, 0
36157, 1, 0, 0, 0, 1, 0
36158, 1, 0, 0, 0, 1, 0
36161, 1, 0, 0, 0, 1, 0
36162, 1, 1, 1, 0, 1, 0
42902, 1, 1, 1, 0, 1, 0
127376, 2, 1, 1, 0, 2, 0
36171, 2, 0, 0, 0, 2, 0
36173, 1, 0, 0, 0, 0, 1
36174, 0, 4, 1, 3, 0, 0
59691, 1, 2, 2, 0, 1, 0
69940, 2, 1, 1, 0, 2, 0
69941, 1, 2, 2, 0, 1, 0
70482, 1, 1, 1, 0, 1, 0
70483, 0, 2, 2, 0, 0, 0
71169, 1, 1, 1, 0, 1, 0
73023, 1, 1, 1, 0, 1, 0
76239, 1, 3, 3, 0, 1, 0
76240, 6, 2, 2, 0, 6, 0
77307, 1, 1, 1, 0, 1, 0
36199, 1, 0, 0, 0, 1, 0
36200, 1, 2, 2, 0, 1, 0
36201, 3, 0, 0, 0, 2, 1
41623, 4, 1, 1, 0, 3, 1
36203, 1, 0, 0, 0, 1, 0
36205, 1, 0, 0, 0, 1, 0
67176, 1, 1, 1, 0, 1, 0
68276, 2, 1, 1, 0, 1, 1
74689, 0, 2, 2, 0, 0, 0
36207, 1, 1, 1, 0, 1, 0
77903, 1, 2, 2, 0, 1, 0
86357, 0, 1, 1, 0, 0, 0
86358, 0, 1, 1, 0, 0, 0
36212, 1, 0, 0, 0, 1, 0
36213, 1, 0, 0, 0, 1, 0
36216, 2, 0, 0, 0, 2, 0
36217, 1, 0, 0, 0, 0, 1
36218, 1, 0, 0, 0, 1, 0
36220, 1, 0, 0, 0, 1, 0
36222, 1, 0, 0, 0, 1, 0
36223, 6, 0, 0, 0, 2, 4
36228, 1, 2, 2, 0, 1, 0
68583, 3, 1, 0, 1, 0, 3
68585, 0, 2, 1, 1, 0, 0
118000, 3, 4, 3, 1, 3, 0
36229, 1, 0, 0, 0, 1, 0
89914, 0, 1, 1, 0, 0, 0
89915, 0, 1, 1, 0, 0, 0
48054, 1, 1, 0, 1, 1, 0
48100, 1, 1, 0, 1, 1, 0
48985, 1, 1, 0, 1, 1, 0
49053, 1, 1, 0, 1, 1, 0
49848, 1, 1, 0, 1, 1, 0
50132, 1, 1, 0, 1, 1, 0
51736, 2, 1, 0, 1, 2, 0
51984, 1, 1, 0, 1, 1, 0
77347, 3, 1, 1, 0, 0, 3
59972, 9, 3, 3, 0, 9, 0
70891, 1, 1, 1, 0, 1, 0
36234, 2, 0, 0, 0, 1, 1
36235, 1, 0, 0, 0, 1, 0
36236, 1, 0, 0, 0, 0, 1
36238, 2, 0, 0, 0, 2, 0
36239, 1, 0, 0, 0, 0, 1
36240, 2, 0, 0, 0, 1, 1
88515, 1, 1, 1, 0, 1, 0
36245, 2, 1, 1, 0, 2, 0
36246, 3, 2, 2, 0, 2, 1
38701, 0, 1, 1, 0, 0, 0
38702, 0, 5, 3, 2, 0, 0
36247, 2, 0, 0, 0, 0, 2
36248, 1, 0, 0, 0, 0, 1
36249, 0, 1, 0, 1, 0, 0
36250, 2, 0, 0, 0, 2, 0
36253, 1, 0, 0, 0, 1, 0
36254, 1, 0, 0, 0, 1, 0
36255, 0, 1, 1, 0, 0, 0
36259, 0, 1, 1, 0, 0, 0
94621, 1, 2, 2, 0, 1, 0
94785, 0, 1, 1, 0, 0, 0
36260, 1, 2, 2, 0, 0, 1
36263, 1, 0, 0, 0, 1, 0
36265, 0, 1, 1, 0, 0, 0
36268, 2, 0, 0, 0, 2, 0
36271, 1, 0, 0, 0, 1, 0
36272, 1, 0, 0, 0, 1, 0
36273, 1, 1, 1, 0, 1, 0
36274, 1, 0, 0, 0, 0, 1
36275, 0, 1, 0, 1, 0, 0
36279, 1, 0, 0, 0, 1, 0
36280, 1, 0, 0, 0, 1, 0
36282, 4, 1, 1, 0, 4, 0
36283, 1, 0, 0, 0, 1, 0
36284, 2, 0, 0, 0, 0, 2
82748, 0, 1, 0, 1, 0, 0
76851, 0, 1, 1, 0, 0, 0
76852, 0, 1, 1, 0, 0, 0
76853, 0, 1, 1, 0, 0, 0
69647, 0, 1, 1, 0, 0, 0
43679, 1, 2, 2, 0, 1, 0
63264, 5, 4, 4, 0, 5, 0
36291, 18, 0, 0, 0, 17, 1
36292, 0, 1, 1, 0, 0, 0
63351, 1, 1, 1, 0, 1, 0
40684, 1, 1, 1, 0, 1, 0
40685, 0, 1, 1, 0, 0, 0
71677, 3, 1, 1, 0, 3, 0
71697, 1, 2, 2, 0, 1, 0
77017, 1, 4, 4, 0, 1, 0
36299, 2, 0, 0, 0, 0, 2
36300, 2, 0, 0, 0, 2, 0
36301, 2, 2, 2, 0, 2, 0
36302, 1, 0, 0, 0, 1, 0
36303, 1, 0, 0, 0, 1, 0
36304, 0, 2, 2, 0, 0, 0
36305, 3, 0, 0, 0, 3, 0
36306, 1, 0, 0, 0, 1, 0
71215, 0, 1, 1, 0, 0, 0
71216, 0, 1, 1, 0, 0, 0
36309, 1, 0, 0, 0, 1, 0
78627, 0, 2, 2, 0, 0, 0
36311, 3, 0, 0, 0, 3, 0
36315, 1, 0, 0, 0, 1, 0
36317, 1, 0, 0, 0, 0, 1
36318, 1, 0, 0, 0, 1, 0
36319, 1, 0, 0, 0, 1, 0
36324, 2, 0, 0, 0, 2, 0
41404, 0, 2, 1, 1, 0, 0
62915, 1, 1, 1, 0, 1, 0
63737, 1, 1, 1, 0, 0, 1
73733, 0, 2, 2, 0, 0, 0
75376, 0, 1, 1, 0, 0, 0
75377, 0, 1, 1, 0, 0, 0
75378, 0, 1, 1, 0, 0, 0
75379, 0, 1, 1, 0, 0, 0
75380, 0, 2, 2, 0, 0, 0
75381, 0, 1, 1, 0, 0, 0
75382, 0, 1, 1, 0, 0, 0
75383, 0, 1, 1, 0, 0, 0
75384, 0, 1, 1, 0, 0, 0
75385, 0, 1, 1, 0, 0, 0
75386, 0, 1, 1, 0, 0, 0
75387, 0, 1, 1, 0, 0, 0
75388, 0, 1, 1, 0, 0, 0
75389, 0, 1, 1, 0, 0, 0
75390, 0, 1, 1, 0, 0, 0
75391, 0, 1, 1, 0, 0, 0
75392, 0, 1, 1, 0, 0, 0
75393, 0, 1, 1, 0, 0, 0
75394, 0, 1, 1, 0, 0, 0
75395, 0, 1, 1, 0, 0, 0
97288, 0, 1, 1, 0, 0, 0
97684, 0, 1, 1, 0, 0, 0
97685, 0, 1, 1, 0, 0, 0
99840, 0, 1, 1, 0, 0, 0
36326, 1, 0, 0, 0, 1, 0
36327, 2, 0, 0, 0, 1, 1
43047, 2, 1, 1, 0, 2, 0
68663, 5, 2, 2, 0, 5, 0
68664, 2, 3, 3, 0, 2, 0
73849, 1, 3, 3, 0, 1, 0
74115, 2, 2, 2, 0, 2, 0
75974, 0, 2, 2, 0, 0, 0
75977, 0, 2, 2, 0, 0, 0
75978, 0, 1, 1, 0, 0, 0
36339, 1, 0, 0, 0, 1, 0
47541, 1, 1, 1, 0, 1, 0
48606, 1, 2, 2, 0, 0, 1
55263, 4, 2, 2, 0, 4, 0
55264, 1, 3, 3, 0, 1, 0
55265, 0, 3, 3, 0, 0, 0
79965, 0, 1, 1, 0, 0, 0
36342, 2, 0, 0, 0, 1, 1
36343, 0, 1, 1, 0, 0, 0
36486, 1, 1, 1, 0, 1, 0
36347, 1, 0, 0, 0, 1, 0
36348, 1, 0, 0, 0, 1, 0
36539, 2, 4, 4, 0, 2, 0
36353, 1, 0, 0, 0, 1, 0
36357, 1, 0, 0, 0, 1, 0
36358, 3, 0, 0, 0, 2, 1
36360, 6, 3, 3, 0, 6, 0
41991, 1, 5, 5, 0, 1, 0
65985, 1, 1, 1, 0, 1, 0
66027, 1, 1, 1, 0, 1, 0
36361, 5, 0, 0, 0, 5, 0
36362, 1, 0, 0, 0, 1, 0
36363, 1, 0, 0, 0, 1, 0
36364, 0, 1, 1, 0, 0, 0
36367, 1, 2, 2, 0, 1, 0
36368, 1, 0, 0, 0, 1, 0
36369, 3, 0, 0, 0, 3, 0
36373, 7, 0, 0, 0, 6, 1
36374, 2, 9, 9, 0, 2, 0
56619, 14, 1, 1, 0, 7, 7
36376, 2, 0, 0, 0, 0, 2
36377, 2, 1, 0, 1, 2, 0
36380, 5, 0, 0, 0, 4, 1
36381, 2, 0, 0, 0, 2, 0
36382, 1, 0, 0, 0, 1, 0
36383, 0, 1, 1, 0, 0, 0
36384, 1, 0, 0, 0, 1, 0
115942, 0, 1, 1, 0, 0, 0
36386, 15, 0, 0, 0, 15, 0
49662, 1, 1, 1, 0, 1, 0
86577, 5, 3, 3, 0, 5, 0
87914, 1, 1, 1, 0, 1, 0
89262, 1, 1, 1, 0, 1, 0
90147, 0, 1, 1, 0, 0, 0
90148, 0, 1, 1, 0, 0, 0
90149, 0, 1, 1, 0, 0, 0
45575, 11, 2, 2, 0, 11, 0
50088, 4, 2, 0, 2, 0, 4
88789, 3, 2, 2, 0, 3, 0
90600, 0, 1, 1, 0, 0, 0
90601, 0, 1, 0, 1, 0, 0
90602, 0, 1, 0, 1, 0, 0
89718, 2, 2, 2, 0, 2, 0
36391, 1, 0, 0, 0, 1, 0
36392, 0, 1, 1, 0, 0, 0
36393, 1, 0, 0, 0, 1, 0
36394, 0, 1, 1, 0, 0, 0
36395, 1, 0, 0, 0, 1, 0
36396, 1, 0, 0, 0, 1, 0
36399, 1, 1, 1, 0, 1, 0
36400, 0, 1, 1, 0, 0, 0
36402, 1, 0, 0, 0, 1, 0
36403, 5, 0, 0, 0, 4, 1
36404, 0, 2, 1, 1, 0, 0
39826, 1, 3, 3, 0, 1, 0
36406, 1, 0, 0, 0, 1, 0
36407, 1, 0, 0, 0, 0, 1
36408, 4, 0, 0, 0, 4, 0
40150, 1, 1, 1, 0, 1, 0
36412, 1, 0, 0, 0, 0, 1
36415, 0, 1, 0, 1, 0, 0
47993, 1, 1, 1, 0, 1, 0
36417, 1, 0, 0, 0, 0, 1
68484, 1, 2, 2, 0, 1, 0
75940, 3, 2, 2, 0, 3, 0
76224, 0, 1, 1, 0, 0, 0
36424, 2, 0, 0, 0, 1, 1
36425, 1, 0, 0, 0, 0, 1
36428, 1, 0, 0, 0, 1, 0
36429, 4, 1, 1, 0, 3, 1
36430, 0, 2, 0, 2, 0, 0
36431, 1, 1, 1, 0, 1, 0
36432, 1, 1, 1, 0, 1, 0
80592, 0, 1, 1, 0, 0, 0
36436, 1, 0, 0, 0, 0, 1
90157, 0, 1, 1, 0, 0, 0
36439, 2, 2, 2, 0, 2, 0
36441, 2, 0, 0, 0, 2, 0
36445, 1, 0, 0, 0, 0, 1
36446, 0, 1, 0, 1, 0, 0
36447, 9, 0, 0, 0, 3, 6
36449, 1, 0, 0, 0, 1, 0
36450, 1, 0, 0, 0, 1, 0
36454, 1, 0, 0, 0, 1, 0
36455, 1, 0, 0, 0, 0, 1
36457, 1, 0, 0, 0, 1, 0
92641, 0, 1, 0, 1, 0, 0
36461, 1, 0, 0, 0, 1, 0
36462, 0, 1, 1, 0, 0, 0
36463, 1, 0, 0, 0, 1, 0
36464, 1, 0, 0, 0, 1, 0
36465, 1, 0, 0, 0, 0, 1
36466, 1, 0, 0, 0, 1, 0
36467, 1, 0, 0, 0, 1, 0
36469, 5, 0, 0, 0, 3, 2
85558, 0, 1, 1, 0, 0, 0
85559, 0, 1, 1, 0, 0, 0
36476, 1, 0, 0, 0, 1, 0
36477, 1, 0, 0, 0, 0, 1
36479, 1, 0, 0, 0, 1, 0
36480, 1, 0, 0, 0, 1, 0
36481, 1, 0, 0, 0, 1, 0
36482, 2, 0, 0, 0, 1, 1
36483, 1, 0, 0, 0, 1, 0
36485, 1, 0, 0, 0, 1, 0
36490, 2, 2, 2, 0, 2, 0
36491, 2, 1, 1, 0, 2, 0
36492, 8, 0, 0, 0, 8, 0
36493, 1, 1, 1, 0, 1, 0
36495, 1, 0, 0, 0, 1, 0
45128, 2, 3, 3, 0, 0, 2
52152, 1, 1, 0, 1, 1, 0
76146, 0, 2, 2, 0, 0, 0
87713, 0, 1, 1, 0, 0, 0
87714, 0, 1, 1, 0, 0, 0
87715, 0, 1, 1, 0, 0, 0
87716, 0, 1, 1, 0, 0, 0
87717, 0, 1, 1, 0, 0, 0
36506, 1, 0, 0, 0, 1, 0
36507, 3, 0, 0, 0, 3, 0
36509, 9, 0, 0, 0, 9, 0
36510, 0, 1, 1, 0, 0, 0
36511, 0, 1, 1, 0, 0, 0
36512, 0, 1, 1, 0, 0, 0
36513, 0, 1, 1, 0, 0, 0
36514, 2, 0, 0, 0, 1, 1
36515, 1, 1, 1, 0, 1, 0
36516, 1, 0, 0, 0, 0, 1
36517, 1, 0, 0, 0, 0, 1
36518, 1, 0, 0, 0, 1, 0
36519, 0, 1, 1, 0, 0, 0
36522, 1, 0, 0, 0, 1, 0
36523, 1, 0, 0, 0, 1, 0
36524, 2, 0, 0, 0, 2, 0
36528, 3, 0, 0, 0, 3, 0
36531, 0, 2, 2, 0, 0, 0
74395, 2, 3, 3, 0, 2, 0
76729, 2, 2, 2, 0, 2, 0
36532, 1, 0, 0, 0, 1, 0
36533, 1, 0, 0, 0, 1, 0
36537, 3, 0, 0, 0, 3, 0
71931, 3, 4, 4, 0, 3, 0
72990, 1, 1, 1, 0, 1, 0
74102, 7, 1, 1, 0, 7, 0
76359, 0, 1, 1, 0, 0, 0
36541, 1, 0, 0, 0, 1, 0
36542, 1, 0, 0, 0, 0, 1
36543, 2, 1, 1, 0, 2, 0
38620, 3, 1, 1, 0, 3, 0
38805, 6, 4, 4, 0, 6, 0
38890, 1, 3, 3, 0, 1, 0
64899, 1, 2, 2, 0, 1, 0
70640, 0, 1, 1, 0, 0, 0
70641, 0, 1, 1, 0, 0, 0
70644, 4, 1, 1, 0, 3, 1
70645, 0, 1, 1, 0, 0, 0
36545, 1, 0, 0, 0, 1, 0
36548, 1, 0, 0, 0, 0, 1
36549, 1, 0, 0, 0, 1, 0
36551, 1, 0, 0, 0, 1, 0
36552, 2, 0, 0, 0, 2, 0
36553, 4, 0, 0, 0, 0, 4
75371, 1, 1, 1, 0, 1, 0
75448, 1, 1, 1, 0, 1, 0
75602, 0, 1, 1, 0, 0, 0
36555, 1, 1, 1, 0, 0, 1
36556, 1, 0, 0, 0, 1, 0
36557, 1, 0, 0, 0, 1, 0
36558, 0, 1, 1, 0, 0, 0
40485, 5, 3, 3, 0, 5, 0
40486, 0, 3, 3, 0, 0, 0
40487, 0, 3, 3, 0, 0, 0
43174, 0, 1, 1, 0, 0, 0
43175, 0, 1, 1, 0, 0, 0
36563, 1, 1, 1, 0, 1, 0
36564, 2, 0, 0, 0, 2, 0
36565, 2, 0, 0, 0, 2, 0
36567, 4, 2, 2, 0, 1, 3
36568, 1, 0, 0, 0, 1, 0
41494, 1, 1, 0, 1, 1, 0
36570, 1, 0, 0, 0, 1, 0
36571, 1, 0, 0, 0, 1, 0
36572, 0, 1, 1, 0, 0, 0
36573, 1, 0, 0, 0, 1, 0
36578, 1, 0, 0, 0, 1, 0
36579, 1, 1, 1, 0, 1, 0
62486, 3, 4, 3, 1, 3, 0
63758, 0, 1, 1, 0, 0, 0
98994, 1, 2, 2, 0, 1, 0
36581, 1, 0, 0, 0, 1, 0
36582, 2, 1, 1, 0, 2, 0
105317, 0, 1, 1, 0, 0, 0
36583, 1, 0, 0, 0, 1, 0
36584, 1, 0, 0, 0, 0, 1
36585, 1, 0, 0, 0, 1, 0
36588, 2, 0, 0, 0, 2, 0
36590, 1, 1, 1, 0, 1, 0
36591, 1, 6, 6, 0, 1, 0
36592, 1, 0, 0, 0, 1, 0
36593, 0, 1, 1, 0, 0, 0
36594, 1, 0, 0, 0, 1, 0
36595, 1, 0, 0, 0, 1, 0
36596, 2, 0, 0, 0, 2, 0
36597, 1, 0, 0, 0, 1, 0
36600, 1, 0, 0, 0, 1, 0
36601, 0, 1, 1, 0, 0, 0
36602, 2, 1, 1, 0, 2, 0
36604, 1, 0, 0, 0, 1, 0
36606, 4, 0, 0, 0, 2, 2
36608, 1, 0, 0, 0, 1, 0
36610, 1, 0, 0, 0, 1, 0
36611, 1, 0, 0, 0, 1, 0
36612, 1, 0, 0, 0, 1, 0
36613, 2, 2, 2, 0, 2, 0
36614, 2, 1, 1, 0, 1, 1
67071, 0, 1, 1, 0, 0, 0
67073, 0, 1, 1, 0, 0, 0
67074, 0, 1, 1, 0, 0, 0
36619, 2, 0, 0, 0, 2, 0
36624, 1, 0, 0, 0, 1, 0
36625, 1, 0, 0, 0, 0, 1
36626, 1, 0, 0, 0, 1, 0
36627, 0, 2, 1, 1, 0, 0
36628, 2, 0, 0, 0, 2, 0
36630, 0, 1, 1, 0, 0, 0
36631, 3, 0, 0, 0, 2, 1
36632, 0, 1, 1, 0, 0, 0
87388, 2, 2, 2, 0, 2, 0
87566, 3, 2, 2, 0, 3, 0
36634, 1, 0, 0, 0, 1, 0
36635, 1, 0, 0, 0, 1, 0
36636, 2, 0, 0, 0, 0, 2
36637, 0, 1, 0, 1, 0, 0
36639, 1, 0, 0, 0, 1, 0
36640, 1, 0, 0, 0, 1, 0
36641, 6, 0, 0, 0, 3, 3
36642, 0, 2, 1, 1, 0, 0
36643, 0, 1, 1, 0, 0, 0
37447, 1, 3, 2, 1, 1, 0
45947, 1, 2, 2, 0, 1, 0
53837, 0, 1, 0, 1, 0, 0
36646, 1, 0, 0, 0, 1, 0
36647, 0, 1, 1, 0, 0, 0
36648, 2, 0, 0, 0, 2, 0
36649, 1, 0, 0, 0, 1, 0
36650, 1, 0, 0, 0, 1, 0
36651, 1, 0, 0, 0, 1, 0
36653, 1, 0, 0, 0, 1, 0
36654, 1, 0, 0, 0, 0, 1
36655, 1, 0, 0, 0, 1, 0
36656, 0, 1, 1, 0, 0, 0
36657, 1, 1, 1, 0, 1, 0
36658, 0, 1, 1, 0, 0, 0
36660, 1, 0, 0, 0, 1, 0
36666, 1, 0, 0, 0, 1, 0
36667, 1, 0, 0, 0, 1, 0
36668, 1, 0, 0, 0, 1, 0
36669, 0, 1, 1, 0, 0, 0
36670, 1, 0, 0, 0, 0, 1
36671, 1, 0, 0, 0, 1, 0
36676, 1, 0, 0, 0, 1, 0
36677, 2, 0, 0, 0, 2, 0
36678, 1, 0, 0, 0, 1, 0
36679, 1, 0, 0, 0, 1, 0
36682, 1, 0, 0, 0, 1, 0
36683, 1, 0, 0, 0, 0, 1
36684, 1, 0, 0, 0, 1, 0
36685, 1, 1, 1, 0, 1, 0
37137, 0, 1, 1, 0, 0, 0
36687, 1, 0, 0, 0, 0, 1
36689, 1, 0, 0, 0, 0, 1
36690, 1, 0, 0, 0, 1, 0
36692, 1, 0, 0, 0, 1, 0
36693, 3, 1, 1, 0, 3, 0
36696, 1, 0, 0, 0, 0, 1
70995, 1, 5, 5, 0, 1, 0
71349, 0, 2, 2, 0, 0, 0
89413, 2, 1, 1, 0, 2, 0
93120, 0, 1, 1, 0, 0, 0
93121, 0, 1, 1, 0, 0, 0
71775, 7, 1, 1, 0, 7, 0
71776, 0, 2, 2, 0, 0, 0
36701, 1, 0, 0, 0, 0, 1
36702, 0, 1, 0, 1, 0, 0
36704, 1, 2, 2, 0, 0, 1
36706, 1, 0, 0, 0, 1, 0
36709, 1, 1, 1, 0, 1, 0
36711, 1, 1, 1, 0, 1, 0
36713, 1, 1, 1, 0, 1, 0
36731, 1, 1, 1, 0, 1, 0
83565, 0, 1, 1, 0, 0, 0
36712, 1, 0, 0, 0, 1, 0
57906, 6, 8, 7, 1, 6, 0
66958, 0, 2, 2, 0, 0, 0
51515, 0, 1, 1, 0, 0, 0
87534, 2, 2, 2, 0, 2, 0
87535, 2, 2, 2, 0, 2, 0
36730, 1, 0, 0, 0, 1, 0
36733, 12, 1, 1, 0, 12, 0
36736, 2, 3, 3, 0, 2, 0
46020, 1, 1, 1, 0, 1, 0
36738, 1, 0, 0, 0, 1, 0
36739, 2, 0, 0, 0, 0, 2
36741, 1, 0, 0, 0, 1, 0
36745, 1, 0, 0, 0, 1, 0
36746, 1, 0, 0, 0, 1, 0
36747, 1, 0, 0, 0, 1, 0
36748, 2, 0, 0, 0, 2, 0
36749, 10, 8, 8, 0, 10, 0
36750, 0, 2, 2, 0, 0, 0
41926, 4, 4, 4, 0, 3, 1
36751, 1, 0, 0, 0, 1, 0
57395, 1, 1, 1, 0, 1, 0
48842, 5, 1, 1, 0, 5, 0
48844, 0, 1, 1, 0, 0, 0
36760, 2, 0, 0, 0, 1, 1
36761, 1, 0, 0, 0, 1, 0
107699, 1, 1, 1, 0, 1, 0
36763, 2, 0, 0, 0, 1, 1
36764, 0, 1, 0, 1, 0, 0
109954, 0, 1, 1, 0, 0, 0
52257, 0, 3, 3, 0, 0, 0
60095, 0, 1, 1, 0, 0, 0
60097, 0, 1, 1, 0, 0, 0
60098, 0, 1, 1, 0, 0, 0
60099, 0, 1, 1, 0, 0, 0
60102, 0, 1, 1, 0, 0, 0
60104, 0, 1, 1, 0, 0, 0
60107, 0, 1, 1, 0, 0, 0
60109, 0, 1, 1, 0, 0, 0
60111, 0, 1, 1, 0, 0, 0
60112, 0, 1, 1, 0, 0, 0
60115, 1, 1, 1, 0, 1, 0
60116, 1, 1, 1, 0, 0, 1
60117, 0, 1, 1, 0, 0, 0
60118, 0, 1, 1, 0, 0, 0
60119, 0, 1, 1, 0, 0, 0
60121, 0, 2, 2, 0, 0, 0
60122, 0, 1, 1, 0, 0, 0
36767, 1, 0, 0, 0, 1, 0
36769, 1, 0, 0, 0, 1, 0
36771, 1, 0, 0, 0, 1, 0
54624, 3, 1, 1, 0, 3, 0
36774, 1, 0, 0, 0, 1, 0
59840, 5, 5, 5, 0, 0, 5
61041, 13, 5, 5, 0, 13, 0
69331, 1, 1, 0, 1, 1, 0
36776, 3, 0, 0, 0, 2, 1
36779, 1, 2, 2, 0, 1, 0
96034, 0, 1, 1, 0, 0, 0
36781, 5, 1, 1, 0, 5, 0
51475, 9, 4, 4, 0, 9, 0
53196, 1, 2, 2, 0, 1, 0
64122, 13, 7, 7, 0, 13, 0
69696, 1, 2, 2, 0, 1, 0
70065, 0, 1, 1, 0, 0, 0
70066, 0, 1, 1, 0, 0, 0
70067, 0, 1, 1, 0, 0, 0
70068, 0, 1, 1, 0, 0, 0
36784, 0, 1, 1, 0, 0, 0
36785, 1, 1, 1, 0, 1, 0
36786, 2, 0, 0, 0, 2, 0
36788, 1, 1, 1, 0, 1, 0
50226, 1, 1, 1, 0, 1, 0
55172, 1, 1, 1, 0, 1, 0
60135, 0, 1, 1, 0, 0, 0
36790, 2, 0, 0, 0, 2, 0
36792, 1, 0, 0, 0, 1, 0
42150, 1, 1, 1, 0, 1, 0
36797, 2, 0, 0, 0, 1, 1
36798, 1, 0, 0, 0, 1, 0
36799, 2, 0, 0, 0, 2, 0
36801, 3, 1, 1, 0, 2, 1
36802, 0, 1, 1, 0, 0, 0
36803, 1, 0, 0, 0, 0, 1
36805, 3, 0, 0, 0, 2, 1
36806, 1, 0, 0, 0, 1, 0
41095, 1, 2, 2, 0, 1, 0
41370, 3, 3, 3, 0, 3, 0
45673, 5, 2, 2, 0, 5, 0
45674, 2, 3, 3, 0, 2, 0
36808, 1, 0, 0, 0, 0, 1
36810, 1, 0, 0, 0, 1, 0
36815, 1, 0, 0, 0, 0, 1
36816, 1, 0, 0, 0, 1, 0
36817, 1, 0, 0, 0, 1, 0
36820, 1, 0, 0, 0, 1, 0
36821, 1, 0, 0, 0, 1, 0
36822, 2, 1, 1, 0, 2, 0
76981, 0, 1, 1, 0, 0, 0
36824, 1, 0, 0, 0, 1, 0
36826, 1, 0, 0, 0, 1, 0
36827, 0, 1, 1, 0, 0, 0
36829, 2, 0, 0, 0, 1, 1
39964, 2, 3, 2, 1, 2, 0
42529, 1, 1, 1, 0, 1, 0
83881, 4, 2, 2, 0, 4, 0
84022, 1, 2, 2, 0, 1, 0
36831, 1, 1, 1, 0, 1, 0
36832, 2, 8, 8, 0, 2, 0
36833, 1, 0, 0, 0, 1, 0
36834, 3, 0, 0, 0, 3, 0
36835, 0, 2, 2, 0, 0, 0
36837, 1, 0, 0, 0, 1, 0
36838, 1, 0, 0, 0, 1, 0
36839, 1, 0, 0, 0, 1, 0
36840, 0, 1, 1, 0, 0, 0
36841, 1, 0, 0, 0, 1, 0
36842, 3, 0, 0, 0, 3, 0
36843, 4, 2, 2, 0, 4, 0
48982, 15, 1, 1, 0, 15, 0
36844, 2, 0, 0, 0, 2, 0
38409, 1, 1, 1, 0, 1, 0
45502, 0, 1, 1, 0, 0, 0
36848, 2, 0, 0, 0, 2, 0
36849, 0, 1, 1, 0, 0, 0
44889, 2, 1, 1, 0, 2, 0
60036, 1, 1, 1, 0, 1, 0
66020, 1, 1, 1, 0, 1, 0
82022, 0, 1, 1, 0, 0, 0
82023, 0, 1, 1, 0, 0, 0
82024, 0, 1, 1, 0, 0, 0
82025, 0, 1, 1, 0, 0, 0
82026, 0, 1, 0, 1, 0, 0
36851, 1, 0, 0, 0, 1, 0
36852, 1, 0, 0, 0, 1, 0
36853, 1, 0, 0, 0, 1, 0
36856, 1, 0, 0, 0, 1, 0
36858, 1, 0, 0, 0, 0, 1
36859, 2, 0, 0, 0, 2, 0
36861, 2, 4, 4, 0, 2, 0
39675, 5, 4, 4, 0, 5, 0
40972, 8, 9, 9, 0, 8, 0
36863, 1, 1, 1, 0, 1, 0
36959, 1, 1, 1, 0, 1, 0
36866, 5, 0, 0, 0, 5, 0
36868, 0, 1, 1, 0, 0, 0
36869, 1, 0, 0, 0, 0, 1
36871, 1, 0, 0, 0, 1, 0
36872, 1, 0, 0, 0, 1, 0
36875, 1, 0, 0, 0, 1, 0
36876, 1, 0, 0, 0, 1, 0
36877, 1, 3, 3, 0, 1, 0
36878, 1, 0, 0, 0, 1, 0
36879, 1, 0, 0, 0, 1, 0
36880, 5, 1, 1, 0, 4, 1
36881, 2, 0, 0, 0, 2, 0
36882, 7, 0, 0, 0, 7, 0
36883, 0, 1, 1, 0, 0, 0
36884, 0, 1, 1, 0, 0, 0
36885, 0, 1, 1, 0, 0, 0
36886, 0, 1, 1, 0, 0, 0
36888, 2, 0, 0, 0, 1, 1
36889, 0, 1, 1, 0, 0, 0
36890, 1, 0, 0, 0, 1, 0
36894, 0, 1, 1, 0, 0, 0
36895, 3, 0, 0, 0, 2, 1
36896, 0, 1, 1, 0, 0, 0
36897, 11, 0, 0, 0, 1, 10
72894, 0, 2, 1, 1, 0, 0
105440, 4, 4, 4, 0, 4, 0
36912, 1, 0, 0, 0, 1, 0
36918, 2, 2, 2, 0, 2, 0
36919, 2, 2, 2, 0, 2, 0
36920, 4, 3, 3, 0, 4, 0
38254, 1, 1, 1, 0, 1, 0
62144, 0, 1, 0, 1, 0, 0
36922, 1, 0, 0, 0, 0, 1
36923, 2, 0, 0, 0, 2, 0
90028, 0, 1, 1, 0, 0, 0
93559, 1, 1, 1, 0, 1, 0
36929, 1, 0, 0, 0, 1, 0
36930, 1, 0, 0, 0, 1, 0
36932, 2, 0, 0, 0, 2, 0
36933, 1, 0, 0, 0, 1, 0
36934, 1, 2, 2, 0, 1, 0
36935, 1, 0, 0, 0, 1, 0
75651, 0, 1, 1, 0, 0, 0
83032, 0, 1, 1, 0, 0, 0
83033, 0, 1, 1, 0, 0, 0
83034, 0, 1, 1, 0, 0, 0
83035, 0, 1, 1, 0, 0, 0
56033, 4, 4, 3, 1, 4, 0
91035, 0, 1, 1, 0, 0, 0
91036, 0, 1, 1, 0, 0, 0
76302, 0, 1, 1, 0, 0, 0
37128, 1, 2, 2, 0, 1, 0
37135, 1, 3, 3, 0, 1, 0
36957, 1, 0, 0, 0, 1, 0
36958, 1, 0, 0, 0, 1, 0
36960, 1, 0, 0, 0, 0, 1
36961, 1, 0, 0, 0, 1, 0
36964, 0, 1, 1, 0, 0, 0
95578, 0, 2, 2, 0, 0, 0
36965, 3, 0, 0, 0, 3, 0
36966, 0, 1, 1, 0, 0, 0
36968, 2, 0, 0, 0, 2, 0
36969, 2, 0, 0, 0, 2, 0
36970, 1, 0, 0, 0, 0, 1
36971, 1, 0, 0, 0, 1, 0
37126, 1, 1, 1, 0, 1, 0
37209, 1, 1, 1, 0, 1, 0
39417, 0, 1, 1, 0, 0, 0
118311, 3, 2, 2, 0, 3, 0
36976, 1, 0, 0, 0, 1, 0
36977, 1, 0, 0, 0, 1, 0
36978, 1, 0, 0, 0, 1, 0
37090, 2, 1, 1, 0, 2, 0
74101, 2, 1, 1, 0, 2, 0
74963, 0, 1, 1, 0, 0, 0
36980, 2, 0, 0, 0, 1, 1
36981, 1, 0, 0, 0, 0, 1
36982, 5, 0, 0, 0, 5, 0
36983, 0, 1, 1, 0, 0, 0
36984, 1, 1, 1, 0, 0, 1
36985, 1, 1, 1, 0, 1, 0
36987, 2, 0, 0, 0, 1, 1
36988, 0, 1, 0, 1, 0, 0
60988, 0, 1, 1, 0, 0, 0
36995, 1, 0, 0, 0, 0, 1
89421, 0, 1, 1, 0, 0, 0
37000, 1, 0, 0, 0, 1, 0
41832, 3, 2, 2, 0, 3, 0
37005, 1, 0, 0, 0, 1, 0
37007, 1, 0, 0, 0, 0, 1
37009, 2, 0, 0, 0, 2, 0
37010, 1, 0, 0, 0, 1, 0
37012, 16, 0, 0, 0, 16, 0
37013, 0, 1, 1, 0, 0, 0
37015, 1, 0, 0, 0, 1, 0
37017, 6, 0, 0, 0, 6, 0
37020, 2, 0, 0, 0, 1, 1
37022, 1, 0, 0, 0, 1, 0
37023, 1, 1, 1, 0, 1, 0
37024, 2, 1, 1, 0, 1, 1
37027, 1, 0, 0, 0, 0, 1
37028, 1, 0, 0, 0, 1, 0
37029, 1, 0, 0, 0, 1, 0
37030, 1, 0, 0, 0, 1, 0
37031, 1, 0, 0, 0, 0, 1
37032, 2, 0, 0, 0, 1, 1
37033, 1, 2, 2, 0, 1, 0
46570, 2, 2, 2, 0, 2, 0
37034, 1, 0, 0, 0, 0, 1
37035, 1, 0, 0, 0, 0, 1
56756, 0, 1, 1, 0, 0, 0
37041, 21, 0, 0, 0, 2, 19
78344, 5, 3, 3, 0, 5, 0
80240, 2, 1, 1, 0, 2, 0
80295, 1, 1, 1, 0, 1, 0
84979, 1, 1, 1, 0, 1, 0
37045, 1, 0, 0, 0, 1, 0
37046, 1, 0, 0, 0, 1, 0
37047, 1, 2, 2, 0, 1, 0
37048, 1, 0, 0, 0, 1, 0
37049, 1, 0, 0, 0, 1, 0
37050, 1, 2, 2, 0, 1, 0
37052, 0, 1, 1, 0, 0, 0
37055, 1, 1, 0, 1, 1, 0
56070, 1, 5, 1, 4, 1, 0
37056, 1, 0, 0, 0, 1, 0
37058, 1, 0, 0, 0, 1, 0
49261, 0, 2, 2, 0, 0, 0
78940, 1, 2, 2, 0, 1, 0
37082, 0, 2, 2, 0, 0, 0
108303, 1, 2, 2, 0, 1, 0
37067, 1, 0, 0, 0, 1, 0
37068, 3, 0, 0, 0, 3, 0
37069, 0, 1, 1, 0, 0, 0
37070, 1, 0, 0, 0, 1, 0
37074, 1, 0, 0, 0, 1, 0
37075, 1, 0, 0, 0, 0, 1
37091, 0, 1, 0, 1, 0, 0
37078, 1, 0, 0, 0, 1, 0
46707, 0, 3, 3, 0, 0, 0
57035, 0, 3, 3, 0, 0, 0
58083, 2, 1, 1, 0, 2, 0
75798, 0, 1, 1, 0, 0, 0
75799, 0, 1, 1, 0, 0, 0
75800, 0, 1, 1, 0, 0, 0
75801, 0, 1, 0, 1, 0, 0
84630, 3, 1, 1, 0, 3, 0
37084, 1, 0, 0, 0, 0, 1
37086, 0, 1, 0, 1, 0, 0
122599, 0, 1, 1, 0, 0, 0
126522, 0, 1, 1, 0, 0, 0
37088, 1, 0, 0, 0, 0, 1
37089, 1, 0, 0, 0, 1, 0
37092, 1, 0, 0, 0, 0, 1
37093, 2, 0, 0, 0, 2, 0
37094, 24, 1, 1, 0, 24, 0
37097, 1, 0, 0, 0, 1, 0
65481, 1, 2, 2, 0, 1, 0
69115, 1, 1, 1, 0, 1, 0
70655, 1, 1, 1, 0, 1, 0
71459, 2, 1, 1, 0, 2, 0
37099, 2, 0, 0, 0, 2, 0
88858, 1, 1, 1, 0, 1, 0
37102, 1, 0, 0, 0, 1, 0
74803, 3, 2, 2, 0, 3, 0
74955, 1, 1, 1, 0, 1, 0
37110, 1, 0, 0, 0, 1, 0
37111, 1, 1, 1, 0, 1, 0
37112, 1, 1, 1, 0, 1, 0
37113, 1, 0, 0, 0, 1, 0
37114, 0, 1, 1, 0, 0, 0
37115, 1, 0, 0, 0, 0, 1
37117, 1, 1, 1, 0, 1, 0
37122, 1, 0, 0, 0, 1, 0
37123, 2, 0, 0, 0, 0, 2
37124, 1, 0, 0, 0, 1, 0
37125, 1, 0, 0, 0, 0, 1
37129, 1, 0, 0, 0, 1, 0
37130, 0, 3, 3, 0, 0, 0
37132, 1, 0, 0, 0, 1, 0
37133, 1, 0, 0, 0, 1, 0
51896, 4, 5, 5, 0, 4, 0
66913, 2, 1, 1, 0, 2, 0
37140, 1, 0, 0, 0, 1, 0
37143, 3, 0, 0, 0, 3, 0
69906, 1, 1, 1, 0, 1, 0
37150, 1, 0, 0, 0, 0, 1
37151, 1, 0, 0, 0, 1, 0
37152, 1, 4, 4, 0, 1, 0
37153, 1, 0, 0, 0, 1, 0
37154, 1, 0, 0, 0, 1, 0
37155, 1, 0, 0, 0, 0, 1
91355, 0, 2, 1, 1, 0, 0
37157, 1, 0, 0, 0, 1, 0
37158, 1, 0, 0, 0, 1, 0
37159, 1, 0, 0, 0, 1, 0
37163, 1, 0, 0, 0, 1, 0
50213, 2, 1, 1, 0, 2, 0
75402, 1, 1, 1, 0, 1, 0
85540, 0, 1, 1, 0, 0, 0
85541, 0, 1, 1, 0, 0, 0
85542, 0, 1, 1, 0, 0, 0
85543, 0, 1, 1, 0, 0, 0
37169, 1, 0, 0, 0, 1, 0
37170, 1, 2, 2, 0, 1, 0
37171, 2, 2, 2, 0, 2, 0
44053, 1, 1, 1, 0, 1, 0
46285, 0, 1, 1, 0, 0, 0
46286, 0, 1, 1, 0, 0, 0
46287, 0, 6, 6, 0, 0, 0
46288, 0, 1, 1, 0, 0, 0
46291, 0, 1, 1, 0, 0, 0
46293, 0, 1, 1, 0, 0, 0
46294, 0, 2, 2, 0, 0, 0
46295, 0, 1, 1, 0, 0, 0
46296, 0, 1, 1, 0, 0, 0
123717, 1, 1, 1, 0, 1, 0
60386, 0, 1, 1, 0, 0, 0
37177, 1, 0, 0, 0, 1, 0
75143, 2, 7, 7, 0, 2, 0
104584, 0, 1, 1, 0, 0, 0
37179, 1, 0, 0, 0, 0, 1
37181, 0, 1, 1, 0, 0, 0
37182, 0, 1, 1, 0, 0, 0
37183, 1, 0, 0, 0, 0, 1
37184, 1, 0, 0, 0, 1, 0
37703, 1, 1, 1, 0, 1, 0
37957, 1, 1, 1, 0, 1, 0
37192, 1, 0, 0, 0, 1, 0
37194, 1, 0, 0, 0, 1, 0
37195, 1, 0, 0, 0, 1, 0
37197, 1, 0, 0, 0, 0, 1
37198, 2, 0, 0, 0, 2, 0
37199, 1, 0, 0, 0, 0, 1
37202, 1, 0, 0, 0, 1, 0
37205, 1, 0, 0, 0, 1, 0
37206, 0, 1, 1, 0, 0, 0
37207, 2, 0, 0, 0, 2, 0
37210, 1, 0, 0, 0, 1, 0
37211, 1, 0, 0, 0, 1, 0
37212, 1, 0, 0, 0, 1, 0
37213, 1, 0, 0, 0, 0, 1
37214, 1, 0, 0, 0, 0, 1
37217, 1, 0, 0, 0, 1, 0
38970, 0, 3, 1, 2, 0, 0
38972, 0, 1, 0, 1, 0, 0
37219, 1, 0, 0, 0, 1, 0
37220, 0, 1, 1, 0, 0, 0
37221, 2, 0, 0, 0, 2, 0
37223, 10, 0, 0, 0, 9, 1
126372, 0, 1, 1, 0, 0, 0
37226, 1, 0, 0, 0, 0, 1
64258, 2, 2, 2, 0, 2, 0
71124, 0, 2, 2, 0, 0, 0
82753, 0, 1, 1, 0, 0, 0
37237, 1, 0, 0, 0, 1, 0
37239, 1, 0, 0, 0, 1, 0
37240, 1, 0, 0, 0, 1, 0
37246, 1, 0, 0, 0, 1, 0
37247, 1, 0, 0, 0, 1, 0
37250, 2, 0, 0, 0, 2, 0
37251, 1, 0, 0, 0, 1, 0
37252, 1, 1, 0, 1, 1, 0
37253, 1, 0, 0, 0, 0, 1
37264, 1, 0, 0, 0, 1, 0
37266, 2, 0, 0, 0, 2, 0
37273, 1, 0, 0, 0, 1, 0
37274, 0, 2, 2, 0, 0, 0
37275, 1, 0, 0, 0, 1, 0
37276, 2, 0, 0, 0, 2, 0
37277, 1, 1, 1, 0, 0, 1
37280, 1, 0, 0, 0, 1, 0
99887, 1, 1, 1, 0, 1, 0
37282, 1, 1, 1, 0, 0, 1
37284, 1, 0, 0, 0, 1, 0
72819, 0, 4, 4, 0, 0, 0
74760, 6, 2, 2, 0, 6, 0
77578, 0, 1, 1, 0, 0, 0
77579, 0, 1, 1, 0, 0, 0
77580, 0, 1, 1, 0, 0, 0
82315, 1, 1, 1, 0, 1, 0
46958, 1, 1, 1, 0, 1, 0
78401, 0, 1, 0, 1, 0, 0
37295, 1, 0, 0, 0, 1, 0
37300, 5, 0, 0, 0, 5, 0
37301, 4, 1, 1, 0, 4, 0
37304, 5, 2, 2, 0, 5, 0
38245, 7, 1, 1, 0, 6, 1
37305, 1, 0, 0, 0, 1, 0
37306, 4, 0, 0, 0, 4, 0
37307, 1, 0, 0, 0, 1, 0
37309, 1, 0, 0, 0, 0, 1
37311, 1, 0, 0, 0, 0, 1
37312, 0, 1, 0, 1, 0, 0
37313, 5, 0, 0, 0, 5, 0
37315, 1, 0, 0, 0, 1, 0
37317, 0, 1, 1, 0, 0, 0
37319, 1, 0, 0, 0, 0, 1
37320, 1, 0, 0, 0, 1, 0
37327, 1, 1, 1, 0, 1, 0
37824, 1, 1, 1, 0, 1, 0
37330, 2, 0, 0, 0, 2, 0
37331, 1, 1, 1, 0, 1, 0
62640, 0, 3, 2, 1, 0, 0
77744, 2, 1, 1, 0, 2, 0
79722, 1, 1, 1, 0, 1, 0
84349, 1, 1, 1, 0, 1, 0
86217, 1, 1, 1, 0, 1, 0
86295, 0, 1, 1, 0, 0, 0
86296, 0, 1, 1, 0, 0, 0
86297, 0, 1, 1, 0, 0, 0
86298, 0, 1, 1, 0, 0, 0
86299, 0, 1, 1, 0, 0, 0
37333, 1, 0, 0, 0, 1, 0
37334, 0, 1, 1, 0, 0, 0
37336, 1, 0, 0, 0, 1, 0
37337, 3, 0, 0, 0, 3, 0
37338, 1, 0, 0, 0, 1, 0
39699, 0, 1, 1, 0, 0, 0
39700, 0, 1, 0, 1, 0, 0
37340, 1, 0, 0, 0, 1, 0
94243, 0, 1, 0, 1, 0, 0
44403, 0, 1, 0, 1, 0, 0
37343, 1, 1, 1, 0, 1, 0
37348, 1, 0, 0, 0, 1, 0
37349, 1, 0, 0, 0, 1, 0
37351, 1, 0, 0, 0, 1, 0
76489, 6, 7, 7, 0, 6, 0
77897, 4, 5, 5, 0, 4, 0
37355, 1, 0, 0, 0, 1, 0
37356, 1, 0, 0, 0, 1, 0
73910, 0, 4, 4, 0, 0, 0
37360, 1, 0, 0, 0, 1, 0
101601, 0, 1, 1, 0, 0, 0
103028, 0, 1, 1, 0, 0, 0
37364, 6, 0, 0, 0, 6, 0
37366, 2, 0, 0, 0, 2, 0
37367, 1, 0, 0, 0, 1, 0
37368, 1, 0, 0, 0, 1, 0
37369, 1, 0, 0, 0, 1, 0
37373, 1, 0, 0, 0, 1, 0
37374, 1, 0, 0, 0, 1, 0
37376, 1, 0, 0, 0, 0, 1
37377, 1, 0, 0, 0, 1, 0
37378, 1, 0, 0, 0, 1, 0
37379, 1, 0, 0, 0, 0, 1
37381, 2, 1, 1, 0, 2, 0
37382, 2, 2, 2, 0, 2, 0
37383, 1, 0, 0, 0, 1, 0
37384, 4, 0, 0, 0, 3, 1
37385, 1, 0, 0, 0, 0, 1
37386, 0, 1, 0, 1, 0, 0
37387, 1, 0, 0, 0, 1, 0
37389, 2, 0, 0, 0, 0, 2
37390, 2, 0, 0, 0, 2, 0
37391, 1, 1, 1, 0, 1, 0
37392, 2, 1, 1, 0, 2, 0
37394, 1, 0, 0, 0, 1, 0
37396, 1, 0, 0, 0, 1, 0
37397, 0, 2, 2, 0, 0, 0
88631, 0, 1, 1, 0, 0, 0
45431, 5, 2, 2, 0, 5, 0
37403, 1, 1, 1, 0, 1, 0
37405, 1, 1, 1, 0, 1, 0
37407, 2, 0, 0, 0, 2, 0
37408, 0, 1, 1, 0, 0, 0
37409, 1, 0, 0, 0, 1, 0
37410, 1, 0, 0, 0, 0, 1
37414, 1, 0, 0, 0, 1, 0
37415, 1, 0, 0, 0, 1, 0
37416, 4, 0, 0, 0, 2, 2
37417, 0, 1, 1, 0, 0, 0
37418, 1, 0, 0, 0, 0, 1
37419, 0, 1, 0, 1, 0, 0
37420, 1, 0, 0, 0, 1, 0
37421, 1, 0, 0, 0, 1, 0
37422, 1, 1, 1, 0, 0, 1
37424, 2, 0, 0, 0, 2, 0
37425, 1, 0, 0, 0, 0, 1
37426, 2, 0, 0, 0, 2, 0
37427, 1, 0, 0, 0, 1, 0
37429, 1, 0, 0, 0, 0, 1
37430, 1, 0, 0, 0, 1, 0
37431, 1, 0, 0, 0, 1, 0
37432, 1, 0, 0, 0, 1, 0
37434, 1, 1, 0, 1, 1, 0
37435, 1, 1, 1, 0, 0, 1
37437, 1, 0, 0, 0, 1, 0
37438, 4, 0, 0, 0, 1, 3
37439, 8, 0, 0, 0, 5, 3
37443, 2, 5, 5, 0, 2, 0
89113, 1, 2, 2, 0, 1, 0
73429, 1, 2, 2, 0, 1, 0
74468, 3, 2, 2, 0, 3, 0
75042, 0, 2, 2, 0, 0, 0
37444, 3, 0, 0, 0, 3, 0
37449, 1, 0, 0, 0, 1, 0
37450, 3, 2, 2, 0, 3, 0
37453, 1, 0, 0, 0, 1, 0
37454, 1, 0, 0, 0, 1, 0
37455, 3, 0, 0, 0, 3, 0
37456, 1, 0, 0, 0, 1, 0
37457, 1, 0, 0, 0, 1, 0
37460, 1, 0, 0, 0, 1, 0
37464, 1, 0, 0, 0, 1, 0
37465, 1, 0, 0, 0, 1, 0
75985, 3, 2, 2, 0, 3, 0
37467, 1, 0, 0, 0, 1, 0
37468, 1, 0, 0, 0, 1, 0
37469, 1, 0, 0, 0, 1, 0
37471, 1, 1, 0, 1, 1, 0
37473, 1, 0, 0, 0, 1, 0
37474, 1, 0, 0, 0, 1, 0
37476, 4, 0, 0, 0, 4, 0
37478, 1, 0, 0, 0, 1, 0
37489, 1, 0, 0, 0, 1, 0
37490, 1, 1, 1, 0, 1, 0
65504, 2, 2, 2, 0, 2, 0
77571, 0, 1, 1, 0, 0, 0
37492, 1, 0, 0, 0, 1, 0
41060, 2, 2, 2, 0, 2, 0
41463, 1, 1, 1, 0, 1, 0
37494, 1, 0, 0, 0, 0, 1
65040, 2, 2, 2, 0, 2, 0
71658, 0, 1, 1, 0, 0, 0
71659, 0, 2, 2, 0, 0, 0
71660, 3, 1, 1, 0, 2, 1
71661, 1, 1, 1, 0, 0, 1
71662, 0, 1, 1, 0, 0, 0
71663, 0, 1, 1, 0, 0, 0
37499, 1, 0, 0, 0, 0, 1
37501, 1, 0, 0, 0, 1, 0
37502, 6, 1, 1, 0, 6, 0
37504, 0, 1, 1, 0, 0, 0
37505, 2, 1, 1, 0, 2, 0
91595, 0, 1, 1, 0, 0, 0
37506, 1, 0, 0, 0, 1, 0
37507, 0, 1, 1, 0, 0, 0
37508, 1, 0, 0, 0, 0, 1
37509, 0, 2, 1, 1, 0, 0
37510, 1, 0, 0, 0, 0, 1
37511, 1, 0, 0, 0, 1, 0
37512, 0, 2, 2, 0, 0, 0
37513, 2, 0, 0, 0, 2, 0
37514, 1, 0, 0, 0, 1, 0
37515, 1, 0, 0, 0, 0, 1
37516, 1, 0, 0, 0, 1, 0
37517, 0, 1, 1, 0, 0, 0
37519, 1, 0, 0, 0, 0, 1
37521, 3, 0, 0, 0, 2, 1
66472, 0, 1, 1, 0, 0, 0
37522, 2, 0, 0, 0, 1, 1
64509, 0, 1, 1, 0, 0, 0
64510, 0, 1, 1, 0, 0, 0
64511, 0, 1, 1, 0, 0, 0
64512, 0, 1, 1, 0, 0, 0
106156, 1, 1, 1, 0, 1, 0
37524, 1, 0, 0, 0, 1, 0
76422, 3, 2, 2, 0, 2, 1
37526, 1, 0, 0, 0, 1, 0
37528, 6, 0, 0, 0, 6, 0
37529, 1, 0, 0, 0, 1, 0
37530, 2, 0, 0, 0, 0, 2
37531, 1, 0, 0, 0, 1, 0
37532, 1, 0, 0, 0, 1, 0
37533, 3, 0, 0, 0, 3, 0
37536, 1, 2, 2, 0, 1, 0
56974, 0, 2, 2, 0, 0, 0
79166, 2, 3, 3, 0, 2, 0
55542, 1, 1, 0, 1, 1, 0
46881, 1, 2, 2, 0, 1, 0
37539, 1, 0, 0, 0, 1, 0
37540, 1, 0, 0, 0, 0, 1
40508, 2, 2, 1, 1, 2, 0
37545, 1, 0, 0, 0, 1, 0
37546, 2, 0, 0, 0, 2, 0
37547, 1, 0, 0, 0, 1, 0
37548, 1, 0, 0, 0, 1, 0
37549, 0, 1, 1, 0, 0, 0
37550, 1, 0, 0, 0, 0, 1
37551, 1, 0, 0, 0, 1, 0
37553, 1, 2, 2, 0, 1, 0
37554, 2, 0, 0, 0, 2, 0
37557, 1, 0, 0, 0, 1, 0
37558, 1, 0, 0, 0, 1, 0
37559, 1, 0, 0, 0, 1, 0
37560, 4, 0, 0, 0, 3, 1
37561, 0, 1, 1, 0, 0, 0
37564, 2, 0, 0, 0, 2, 0
84353, 0, 2, 1, 1, 0, 0
37567, 1, 0, 0, 0, 1, 0
37569, 2, 0, 0, 0, 0, 2
37570, 0, 3, 1, 2, 0, 0
37571, 2, 0, 0, 0, 1, 1
37572, 0, 1, 1, 0, 0, 0
37573, 1, 0, 0, 0, 1, 0
37574, 1, 0, 0, 0, 1, 0
37576, 2, 0, 0, 0, 2, 0
37579, 1, 0, 0, 0, 1, 0
37583, 1, 0, 0, 0, 1, 0
37584, 1, 0, 0, 0, 1, 0
37587, 1, 0, 0, 0, 0, 1
37588, 1, 0, 0, 0, 1, 0
37590, 0, 2, 0, 2, 0, 0
37595, 0, 1, 1, 0, 0, 0
37596, 1, 0, 0, 0, 1, 0
37598, 6, 0, 0, 0, 5, 1
37599, 1, 0, 0, 0, 1, 0
37602, 1, 0, 0, 0, 1, 0
37606, 1, 0, 0, 0, 1, 0
37607, 0, 2, 2, 0, 0, 0
37608, 1, 0, 0, 0, 1, 0
37613, 1, 0, 0, 0, 1, 0
37614, 1, 0, 0, 0, 1, 0
37615, 1, 0, 0, 0, 1, 0
42912, 0, 1, 1, 0, 0, 0
75209, 1, 2, 2, 0, 1, 0
53189, 1, 1, 1, 0, 0, 1
61186, 7, 1, 1, 0, 7, 0
37624, 3, 2, 1, 1, 2, 1
47269, 1, 1, 1, 0, 1, 0
47695, 0, 2, 2, 0, 0, 0
47696, 0, 1, 0, 1, 0, 0
37626, 4, 0, 0, 0, 2, 2
37630, 2, 0, 0, 0, 2, 0
37632, 1, 0, 0, 0, 0, 1
37633, 0, 1, 0, 1, 0, 0
37635, 1, 0, 0, 0, 1, 0
37636, 1, 0, 0, 0, 1, 0
37637, 1, 0, 0, 0, 1, 0
37638, 1, 0, 0, 0, 1, 0
37639, 0, 1, 1, 0, 0, 0
37640, 1, 0, 0, 0, 0, 1
37641, 1, 1, 1, 0, 1, 0
37642, 2, 3, 2, 1, 2, 0
37798, 1, 1, 1, 0, 1, 0
37644, 1, 0, 0, 0, 1, 0
37646, 1, 0, 0, 0, 1, 0
37647, 2, 1, 1, 0, 2, 0
37834, 3, 2, 2, 0, 3, 0
41226, 1, 1, 1, 0, 1, 0
37651, 5, 0, 0, 0, 5, 0
38213, 4, 1, 1, 0, 4, 0
37653, 1, 0, 0, 0, 1, 0
37654, 1, 0, 0, 0, 1, 0
37656, 1, 0, 0, 0, 1, 0
37657, 1, 0, 0, 0, 1, 0
37658, 20, 0, 0, 0, 0, 20
37659, 0, 2, 0, 2, 0, 0
37663, 0, 1, 0, 1, 0, 0
37664, 4, 2, 1, 1, 3, 1
59902, 2, 1, 1, 0, 2, 0
63416, 0, 1, 1, 0, 0, 0
60265, 2, 3, 3, 0, 2, 0
37669, 1, 0, 0, 0, 1, 0
37670, 1, 0, 0, 0, 1, 0
37671, 1, 0, 0, 0, 1, 0
37672, 1, 0, 0, 0, 1, 0
37675, 1, 1, 1, 0, 1, 0
37676, 2, 1, 1, 0, 2, 0
37677, 1, 0, 0, 0, 1, 0
37679, 1, 1, 1, 0, 1, 0
37681, 4, 0, 0, 0, 4, 0
37682, 2, 0, 0, 0, 2, 0
45929, 0, 1, 1, 0, 0, 0
37684, 2, 0, 0, 0, 2, 0
37685, 1, 0, 0, 0, 1, 0
37686, 0, 1, 1, 0, 0, 0
37688, 0, 1, 1, 0, 0, 0
37689, 0, 1, 1, 0, 0, 0
37690, 1, 0, 0, 0, 1, 0
37692, 1, 0, 0, 0, 1, 0
71068, 2, 3, 3, 0, 2, 0
77338, 0, 1, 1, 0, 0, 0
56164, 5, 2, 2, 0, 5, 0
74193, 0, 1, 1, 0, 0, 0
74194, 0, 1, 1, 0, 0, 0
37700, 1, 1, 1, 0, 1, 0
37701, 1, 1, 1, 0, 1, 0
37706, 1, 0, 0, 0, 1, 0
37707, 1, 0, 0, 0, 1, 0
37708, 2, 2, 2, 0, 1, 1
43526, 0, 1, 1, 0, 0, 0
43527, 0, 1, 0, 1, 0, 0
37709, 1, 0, 0, 0, 1, 0
37710, 1, 2, 1, 1, 1, 0
37711, 1, 0, 0, 0, 1, 0
37714, 0, 2, 2, 0, 0, 0
73584, 0, 1, 1, 0, 0, 0
73585, 2, 1, 1, 0, 2, 0
37724, 4, 0, 0, 0, 4, 0
37727, 2, 0, 0, 0, 0, 2
37728, 4, 0, 0, 0, 4, 0
37729, 1, 0, 0, 0, 1, 0
37733, 1, 0, 0, 0, 1, 0
59343, 2, 2, 1, 1, 1, 1
37735, 1, 0, 0, 0, 0, 1
41732, 0, 1, 1, 0, 0, 0
41733, 0, 1, 1, 0, 0, 0
41734, 0, 1, 0, 1, 0, 0
37740, 10, 0, 0, 0, 5, 5
37741, 2, 0, 0, 0, 2, 0
37762, 1, 0, 0, 0, 1, 0
37763, 1, 2, 2, 0, 1, 0
37800, 1, 1, 1, 0, 1, 0
37765, 1, 0, 0, 0, 1, 0
37767, 1, 0, 0, 0, 1, 0
37768, 1, 0, 0, 0, 1, 0
37773, 1, 0, 0, 0, 1, 0
37774, 1, 0, 0, 0, 1, 0
37775, 1, 0, 0, 0, 1, 0
37776, 1, 0, 0, 0, 1, 0
37778, 1, 0, 0, 0, 1, 0
37780, 1, 0, 0, 0, 1, 0
37781, 1, 0, 0, 0, 1, 0
37784, 1, 0, 0, 0, 1, 0
43925, 4, 1, 1, 0, 4, 0
46996, 1, 5, 5, 0, 1, 0
37786, 1, 0, 0, 0, 1, 0
37790, 1, 0, 0, 0, 0, 1
37791, 1, 0, 0, 0, 1, 0
37792, 1, 0, 0, 0, 1, 0
37794, 1, 0, 0, 0, 1, 0
37796, 3, 0, 0, 0, 3, 0
37799, 2, 0, 0, 0, 1, 1
37803, 1, 0, 0, 0, 0, 1
37806, 1, 0, 0, 0, 1, 0
37808, 1, 0, 0, 0, 1, 0
37809, 1, 0, 0, 0, 0, 1
82351, 0, 1, 1, 0, 0, 0
68374, 3, 1, 1, 0, 3, 0
74954, 0, 3, 3, 0, 0, 0
82755, 0, 1, 1, 0, 0, 0
82756, 0, 1, 0, 1, 0, 0
37815, 3, 0, 0, 0, 3, 0
40603, 0, 1, 1, 0, 0, 0
40604, 0, 1, 1, 0, 0, 0
37819, 1, 0, 0, 0, 0, 1
37821, 1, 0, 0, 0, 1, 0
37822, 1, 1, 1, 0, 1, 0
41253, 1, 1, 0, 1, 1, 0
44997, 5, 1, 0, 1, 4, 1
45775, 5, 2, 2, 0, 4, 1
73836, 1, 2, 2, 0, 1, 0
87194, 0, 1, 0, 1, 0, 0
87195, 1, 2, 2, 0, 1, 0
87196, 0, 1, 1, 0, 0, 0
87197, 0, 1, 0, 1, 0, 0
37825, 1, 0, 0, 0, 1, 0
88373, 0, 1, 1, 0, 0, 0
37832, 1, 1, 1, 0, 0, 1
37833, 2, 1, 1, 0, 2, 0
37835, 1, 0, 0, 0, 1, 0
37836, 1, 0, 0, 0, 1, 0
37837, 1, 0, 0, 0, 1, 0
37838, 1, 0, 0, 0, 1, 0
37839, 2, 0, 0, 0, 1, 1
37842, 1, 0, 0, 0, 1, 0
37843, 2, 0, 0, 0, 1, 1
37845, 1, 1, 1, 0, 1, 0
82616, 0, 1, 1, 0, 0, 0
82617, 0, 1, 1, 0, 0, 0
82618, 0, 1, 1, 0, 0, 0
37848, 1, 1, 1, 0, 1, 0
37849, 6, 0, 0, 0, 6, 0
37855, 1, 0, 0, 0, 1, 0
37856, 1, 0, 0, 0, 1, 0
112781, 1, 1, 1, 0, 1, 0
37860, 1, 0, 0, 0, 1, 0
37863, 5, 0, 0, 0, 5, 0
37864, 1, 0, 0, 0, 1, 0
37868, 1, 0, 0, 0, 1, 0
37869, 2, 0, 0, 0, 1, 1
37870, 2, 3, 3, 0, 2, 0
37871, 1, 0, 0, 0, 1, 0
37895, 2, 0, 0, 0, 2, 0
37896, 1, 0, 0, 0, 1, 0
37897, 0, 1, 1, 0, 0, 0
37898, 1, 0, 0, 0, 1, 0
37899, 1, 0, 0, 0, 0, 1
37901, 4, 0, 0, 0, 4, 0
37902, 1, 0, 0, 0, 0, 1
90462, 0, 1, 0, 1, 0, 0
55448, 15, 1, 0, 1, 4, 11
86912, 15, 3, 2, 1, 7, 8
91112, 0, 1, 1, 0, 0, 0
91113, 0, 1, 1, 0, 0, 0
37906, 4, 0, 0, 0, 4, 0
37907, 5, 1, 0, 1, 4, 1
37908, 0, 1, 1, 0, 0, 0
37909, 0, 1, 0, 1, 0, 0
62170, 1, 3, 3, 0, 1, 0
62171, 0, 1, 1, 0, 0, 0
70158, 1, 2, 2, 0, 1, 0
70159, 5, 3, 3, 0, 5, 0
71146, 1, 2, 2, 0, 1, 0
71180, 0, 2, 2, 0, 0, 0
71185, 0, 1, 1, 0, 0, 0
71186, 0, 4, 4, 0, 0, 0
65036, 1, 1, 1, 0, 1, 0
37921, 1, 0, 0, 0, 1, 0
37924, 0, 1, 1, 0, 0, 0
77082, 0, 1, 1, 0, 0, 0
47789, 4, 2, 2, 0, 4, 0
37927, 1, 0, 0, 0, 1, 0
37929, 1, 0, 0, 0, 1, 0
37930, 5, 0, 0, 0, 4, 1
37933, 1, 0, 0, 0, 1, 0
37934, 1, 0, 0, 0, 1, 0
37935, 1, 0, 0, 0, 1, 0
37936, 1, 0, 0, 0, 1, 0
37938, 1, 0, 0, 0, 0, 1
37939, 1, 0, 0, 0, 0, 1
37941, 1, 0, 0, 0, 1, 0
47897, 0, 1, 0, 1, 0, 0
37944, 2, 0, 0, 0, 2, 0
37945, 3, 0, 0, 0, 3, 0
37946, 1, 0, 0, 0, 0, 1
37947, 1, 0, 0, 0, 1, 0
37948, 1, 0, 0, 0, 1, 0
38012, 0, 1, 0, 1, 0, 0
37950, 1, 0, 0, 0, 1, 0
37953, 1, 0, 0, 0, 1, 0
37955, 1, 0, 0, 0, 1, 0
37956, 1, 0, 0, 0, 1, 0
37960, 2, 0, 0, 0, 2, 0
37961, 1, 0, 0, 0, 1, 0
37963, 1, 0, 0, 0, 0, 1
37965, 1, 0, 0, 0, 0, 1
37966, 4, 0, 0, 0, 4, 0
37968, 1, 0, 0, 0, 1, 0
37970, 2, 0, 0, 0, 2, 0
37972, 0, 4, 4, 0, 0, 0
37973, 3, 0, 0, 0, 3, 0
37974, 3, 0, 0, 0, 3, 0
37975, 1, 1, 1, 0, 1, 0
37976, 1, 2, 2, 0, 1, 0
101553, 3, 1, 1, 0, 3, 0
102339, 16, 2, 2, 0, 16, 0
56166, 5, 5, 5, 0, 3, 2
56168, 2, 2, 2, 0, 2, 0
56169, 1, 5, 5, 0, 1, 0
87344, 8, 4, 4, 0, 8, 0
91111, 1, 1, 1, 0, 1, 0
93106, 0, 1, 0, 1, 0, 0
103876, 0, 1, 1, 0, 0, 0
37983, 3, 0, 0, 0, 2, 1
37984, 15, 3, 3, 0, 15, 0
37985, 0, 2, 2, 0, 0, 0
98593, 0, 2, 2, 0, 0, 0
49513, 4, 5, 5, 0, 4, 0
37987, 1, 0, 0, 0, 1, 0
37988, 1, 0, 0, 0, 0, 1
37989, 1, 0, 0, 0, 1, 0
39383, 10, 4, 3, 1, 8, 2
37997, 1, 0, 0, 0, 1, 0
38002, 1, 0, 0, 0, 0, 1
38005, 1, 0, 0, 0, 0, 1
38006, 1, 0, 0, 0, 1, 0
38007, 1, 1, 1, 0, 1, 0
38009, 2, 0, 0, 0, 0, 2
38010, 0, 1, 0, 1, 0, 0
38013, 2, 0, 0, 0, 2, 0
89613, 2, 1, 1, 0, 2, 0
38016, 2, 1, 1, 0, 2, 0
38017, 1, 2, 2, 0, 1, 0
38022, 0, 1, 1, 0, 0, 0
38023, 0, 1, 1, 0, 0, 0
38025, 1, 0, 0, 0, 0, 1
38026, 2, 1, 1, 0, 2, 0
38027, 5, 1, 1, 0, 3, 2
46882, 0, 1, 0, 1, 0, 0
46883, 0, 1, 0, 1, 0, 0
38028, 1, 0, 0, 0, 1, 0
38029, 1, 1, 1, 0, 1, 0
38032, 1, 0, 0, 0, 1, 0
38035, 1, 0, 0, 0, 1, 0
38036, 1, 0, 0, 0, 1, 0
38037, 1, 0, 0, 0, 1, 0
38038, 0, 3, 2, 1, 0, 0
38040, 1, 1, 1, 0, 1, 0
38268, 1, 1, 1, 0, 1, 0
38044, 1, 0, 0, 0, 0, 1
38045, 1, 0, 0, 0, 1, 0
103615, 1, 1, 1, 0, 1, 0
38048, 1, 0, 0, 0, 1, 0
38049, 1, 1, 1, 0, 1, 0
38050, 1, 0, 0, 0, 1, 0
38052, 1, 0, 0, 0, 1, 0
38053, 1, 0, 0, 0, 1, 0
38054, 4, 4, 4, 0, 4, 0
38056, 4, 0, 0, 0, 4, 0
38057, 1, 0, 0, 0, 1, 0
38058, 4, 0, 0, 0, 4, 0
69103, 3, 3, 2, 1, 3, 0
70221, 0, 1, 1, 0, 0, 0
70222, 0, 1, 1, 0, 0, 0
38061, 1, 0, 0, 0, 1, 0
100106, 0, 1, 1, 0, 0, 0
38066, 4, 0, 0, 0, 4, 0
38067, 3, 0, 0, 0, 3, 0
38068, 1, 0, 0, 0, 0, 1
38069, 1, 1, 1, 0, 1, 0
57609, 0, 1, 1, 0, 0, 0
38078, 2, 0, 0, 0, 1, 1
38079, 1, 0, 0, 0, 0, 1
38080, 1, 0, 0, 0, 1, 0
38081, 1, 2, 2, 0, 0, 1
78277, 0, 2, 1, 1, 0, 0
38082, 1, 0, 0, 0, 1, 0
38083, 6, 1, 1, 0, 4, 2
38084, 0, 1, 1, 0, 0, 0
38085, 0, 1, 1, 0, 0, 0
38086, 0, 1, 1, 0, 0, 0
103946, 3, 1, 1, 0, 3, 0
38087, 1, 0, 0, 0, 1, 0
38088, 5, 1, 1, 0, 5, 0
38091, 6, 0, 0, 0, 6, 0
38093, 0, 1, 1, 0, 0, 0
38094, 1, 0, 0, 0, 1, 0
43614, 3, 1, 1, 0, 3, 0
60947, 0, 1, 1, 0, 0, 0
77071, 4, 2, 2, 0, 4, 0
74314, 0, 1, 1, 0, 0, 0
53780, 0, 1, 0, 1, 0, 0
38526, 1, 2, 2, 0, 1, 0
65545, 14, 7, 7, 0, 14, 0
71065, 2, 2, 2, 0, 2, 0
71066, 1, 2, 2, 0, 1, 0
75215, 0, 1, 1, 0, 0, 0
56429, 5, 2, 2, 0, 5, 0
42712, 0, 3, 3, 0, 0, 0
75509, 0, 1, 1, 0, 0, 0
50459, 2, 3, 3, 0, 2, 0
75223, 1, 2, 2, 0, 1, 0
75224, 0, 1, 1, 0, 0, 0
64851, 6, 5, 5, 0, 6, 0
59038, 0, 2, 2, 0, 0, 0
38120, 1, 0, 0, 0, 1, 0
38121, 1, 0, 0, 0, 1, 0
38122, 6, 0, 0, 0, 3, 3
38125, 0, 1, 1, 0, 0, 0
38127, 0, 1, 0, 1, 0, 0
54814, 2, 1, 1, 0, 2, 0
70693, 2, 2, 2, 0, 2, 0
70779, 0, 1, 1, 0, 0, 0
38128, 1, 2, 2, 0, 1, 0
38129, 3, 4, 4, 0, 3, 0
38133, 2, 1, 0, 1, 1, 1
38134, 1, 2, 1, 1, 1, 0
38138, 1, 0, 0, 0, 1, 0
38139, 0, 1, 1, 0, 0, 0
38140, 1, 0, 0, 0, 1, 0
38142, 2, 0, 0, 0, 2, 0
85718, 0, 2, 2, 0, 0, 0
38146, 1, 0, 0, 0, 1, 0
38147, 1, 1, 1, 0, 1, 0
38149, 1, 0, 0, 0, 1, 0
38150, 0, 1, 1, 0, 0, 0
38151, 1, 0, 0, 0, 1, 0
38152, 0, 1, 1, 0, 0, 0
38153, 1, 0, 0, 0, 1, 0
38154, 1, 0, 0, 0, 1, 0
38164, 1, 0, 0, 0, 1, 0
38166, 1, 0, 0, 0, 1, 0
38167, 0, 1, 1, 0, 0, 0
38171, 1, 0, 0, 0, 1, 0
38172, 4, 0, 0, 0, 4, 0
38173, 1, 0, 0, 0, 1, 0
38174, 1, 1, 1, 0, 1, 0
70220, 1, 1, 1, 0, 1, 0
76626, 0, 1, 0, 1, 0, 0
38177, 1, 0, 0, 0, 1, 0
38178, 1, 0, 0, 0, 1, 0
38179, 1, 3, 3, 0, 1, 0
40391, 1, 1, 1, 0, 1, 0
38180, 1, 0, 0, 0, 1, 0
38182, 1, 0, 0, 0, 1, 0
47083, 1, 1, 1, 0, 1, 0
47085, 6, 2, 2, 0, 6, 0
38187, 1, 0, 0, 0, 1, 0
38188, 2, 0, 0, 0, 2, 0
67223, 1, 1, 1, 0, 1, 0
38194, 1, 0, 0, 0, 1, 0
38195, 1, 0, 0, 0, 0, 1
38196, 1, 0, 0, 0, 0, 1
38197, 1, 0, 0, 0, 1, 0
75918, 0, 2, 2, 0, 0, 0
76564, 0, 1, 1, 0, 0, 0
38200, 1, 0, 0, 0, 1, 0
38201, 1, 0, 0, 0, 1, 0
38202, 2, 0, 0, 0, 2, 0
38203, 0, 1, 1, 0, 0, 0
38204, 1, 0, 0, 0, 1, 0
38206, 3, 0, 0, 0, 3, 0
38207, 1, 0, 0, 0, 1, 0
38208, 1, 0, 0, 0, 0, 1
38210, 2, 0, 0, 0, 1, 1
38214, 2, 0, 0, 0, 0, 2
120685, 0, 1, 1, 0, 0, 0
38216, 1, 0, 0, 0, 1, 0
38217, 1, 1, 1, 0, 1, 0
38218, 1, 0, 0, 0, 1, 0
38219, 2, 0, 0, 0, 1, 1
96309, 0, 1, 0, 1, 0, 0
38220, 1, 0, 0, 0, 0, 1
38221, 1, 0, 0, 0, 1, 0
38222, 0, 1, 1, 0, 0, 0
38229, 1, 0, 0, 0, 1, 0
38232, 1, 0, 0, 0, 1, 0
38234, 1, 0, 0, 0, 0, 1
38235, 1, 0, 0, 0, 1, 0
38236, 1, 0, 0, 0, 1, 0
38237, 0, 1, 1, 0, 0, 0
40432, 0, 2, 2, 0, 0, 0
38243, 1, 0, 0, 0, 1, 0
40165, 0, 1, 1, 0, 0, 0
40166, 0, 1, 1, 0, 0, 0
38246, 2, 0, 0, 0, 2, 0
38247, 2, 0, 0, 0, 2, 0
38248, 0, 1, 1, 0, 0, 0
38249, 1, 0, 0, 0, 0, 1
38250, 1, 0, 0, 0, 0, 1
38251, 0, 2, 1, 1, 0, 0
38257, 1, 0, 0, 0, 1, 0
38259, 4, 0, 0, 0, 0, 4
38261, 1, 0, 0, 0, 1, 0
38262, 0, 3, 3, 0, 0, 0
38263, 1, 0, 0, 0, 1, 0
38264, 1, 0, 0, 0, 1, 0
87805, 2, 3, 3, 0, 2, 0
38266, 1, 0, 0, 0, 1, 0
38267, 2, 0, 0, 0, 1, 1
38269, 1, 1, 0, 1, 1, 0
38270, 0, 1, 1, 0, 0, 0
38271, 1, 0, 0, 0, 1, 0
38276, 1, 0, 0, 0, 1, 0
38277, 0, 1, 1, 0, 0, 0
38278, 2, 0, 0, 0, 2, 0
38279, 1, 0, 0, 0, 1, 0
38280, 3, 0, 0, 0, 1, 2
38281, 1, 0, 0, 0, 1, 0
38283, 1, 0, 0, 0, 1, 0
38284, 1, 0, 0, 0, 1, 0
38285, 0, 1, 1, 0, 0, 0
38286, 1, 0, 0, 0, 1, 0
38287, 1, 0, 0, 0, 1, 0
43350, 0, 1, 0, 1, 0, 0
38289, 4, 0, 0, 0, 4, 0
38290, 1, 0, 0, 0, 1, 0
38291, 1, 0, 0, 0, 1, 0
38294, 1, 0, 0, 0, 1, 0
38296, 1, 2, 2, 0, 0, 1
38298, 2, 0, 0, 0, 2, 0
38299, 1, 2, 2, 0, 1, 0
38300, 1, 2, 2, 0, 1, 0
38301, 2, 3, 3, 0, 2, 0
68860, 1, 1, 1, 0, 1, 0
90903, 0, 1, 1, 0, 0, 0
38303, 1, 0, 0, 0, 1, 0
38304, 0, 2, 2, 0, 0, 0
38305, 6, 1, 1, 0, 5, 1
38306, 2, 1, 1, 0, 1, 1
38311, 1, 0, 0, 0, 1, 0
38312, 1, 0, 0, 0, 1, 0
45607, 2, 2, 1, 1, 1, 1
60438, 1, 5, 5, 0, 1, 0
72825, 2, 5, 5, 0, 2, 0
73152, 3, 5, 5, 0, 3, 0
77137, 0, 1, 1, 0, 0, 0
38314, 1, 1, 1, 0, 1, 0
38316, 1, 0, 0, 0, 1, 0
38317, 2, 0, 0, 0, 2, 0
38318, 2, 0, 0, 0, 2, 0
38319, 1, 0, 0, 0, 0, 1
38322, 16, 0, 0, 0, 16, 0
38325, 0, 1, 1, 0, 0, 0
45790, 4, 3, 3, 0, 4, 0
48050, 1, 2, 2, 0, 0, 1
49466, 1, 5, 5, 0, 1, 0
51994, 0, 5, 4, 1, 0, 0
52212, 1, 1, 1, 0, 0, 1
52364, 1, 2, 2, 0, 1, 0
52436, 3, 1, 1, 0, 3, 0
52554, 1, 1, 1, 0, 1, 0
52658, 2, 1, 1, 0, 2, 0
53491, 0, 2, 2, 0, 0, 0
54067, 3, 2, 2, 0, 3, 0
54404, 1, 1, 1, 0, 1, 0
55193, 3, 4, 4, 0, 3, 0
55194, 1, 2, 2, 0, 1, 0
55437, 4, 3, 3, 0, 3, 1
55766, 3, 1, 1, 0, 3, 0
56215, 0, 2, 2, 0, 0, 0
56216, 0, 2, 2, 0, 0, 0
56613, 1, 1, 1, 0, 1, 0
56883, 0, 1, 1, 0, 0, 0
56886, 0, 1, 1, 0, 0, 0
56887, 0, 1, 1, 0, 0, 0
56888, 0, 1, 1, 0, 0, 0
56889, 0, 1, 1, 0, 0, 0
56890, 3, 1, 1, 0, 3, 0
56893, 0, 2, 2, 0, 0, 0
56894, 0, 1, 1, 0, 0, 0
56895, 0, 1, 1, 0, 0, 0
56896, 0, 1, 1, 0, 0, 0
56897, 0, 1, 1, 0, 0, 0
56899, 0, 1, 1, 0, 0, 0
56900, 0, 2, 2, 0, 0, 0
56901, 0, 1, 1, 0, 0, 0
56902, 0, 1, 1, 0, 0, 0
56905, 0, 1, 1, 0, 0, 0
56906, 0, 3, 3, 0, 0, 0
56907, 0, 2, 2, 0, 0, 0
56908, 0, 2, 2, 0, 0, 0
56909, 2, 2, 2, 0, 2, 0
56912, 0, 1, 1, 0, 0, 0
56914, 0, 1, 1, 0, 0, 0
56915, 0, 1, 1, 0, 0, 0
38326, 1, 0, 0, 0, 0, 1
38327, 1, 0, 0, 0, 1, 0
38330, 2, 0, 0, 0, 2, 0
38331, 1, 0, 0, 0, 1, 0
38332, 1, 2, 2, 0, 0, 1
38333, 1, 0, 0, 0, 1, 0
38334, 1, 0, 0, 0, 1, 0
38335, 1, 0, 0, 0, 1, 0
38336, 1, 0, 0, 0, 1, 0
38337, 1, 1, 1, 0, 1, 0
57431, 11, 6, 6, 0, 11, 0
95595, 0, 1, 1, 0, 0, 0
38340, 1, 0, 0, 0, 1, 0
38343, 1, 1, 1, 0, 0, 1
76176, 1, 1, 1, 0, 1, 0
56059, 1, 1, 0, 1, 1, 0
38347, 2, 0, 0, 0, 2, 0
38348, 1, 0, 0, 0, 0, 1
38349, 0, 1, 0, 1, 0, 0
38350, 1, 0, 0, 0, 1, 0
38351, 1, 0, 0, 0, 1, 0
38352, 0, 3, 3, 0, 0, 0
38354, 1, 0, 0, 0, 1, 0
39240, 8, 2, 2, 0, 8, 0
38356, 1, 0, 0, 0, 1, 0
38357, 1, 0, 0, 0, 1, 0
38807, 2, 3, 3, 0, 2, 0
38359, 1, 0, 0, 0, 1, 0
38360, 1, 0, 0, 0, 1, 0
38364, 1, 0, 0, 0, 1, 0
38365, 1, 0, 0, 0, 0, 1
38387, 1, 0, 0, 0, 1, 0
38389, 2, 1, 0, 1, 1, 1
41802, 7, 7, 7, 0, 7, 0
41803, 3, 3, 3, 0, 3, 0
52909, 1, 1, 1, 0, 0, 1
56032, 0, 2, 2, 0, 0, 0
59406, 0, 4, 4, 0, 0, 0
62347, 4, 2, 1, 1, 2, 2
63366, 0, 2, 2, 0, 0, 0
64267, 0, 2, 2, 0, 0, 0
64983, 3, 3, 3, 0, 3, 0
65483, 0, 1, 1, 0, 0, 0
65484, 0, 4, 3, 1, 0, 0
65485, 0, 1, 1, 0, 0, 0
65486, 0, 1, 1, 0, 0, 0
65487, 0, 2, 2, 0, 0, 0
65488, 0, 1, 1, 0, 0, 0
65489, 4, 1, 1, 0, 4, 0
65490, 0, 1, 1, 0, 0, 0
65493, 0, 1, 1, 0, 0, 0
65494, 0, 2, 1, 1, 0, 0
65495, 1, 1, 1, 0, 1, 0
65497, 0, 1, 1, 0, 0, 0
65498, 0, 1, 0, 1, 0, 0
65499, 0, 1, 1, 0, 0, 0
65507, 0, 2, 2, 0, 0, 0
65509, 0, 1, 1, 0, 0, 0
65510, 0, 1, 1, 0, 0, 0
65511, 0, 1, 1, 0, 0, 0
65512, 1, 1, 1, 0, 1, 0
65513, 0, 1, 1, 0, 0, 0
65514, 0, 1, 1, 0, 0, 0
65515, 0, 1, 1, 0, 0, 0
65516, 4, 3, 3, 0, 4, 0
65517, 0, 1, 1, 0, 0, 0
65526, 0, 1, 1, 0, 0, 0
65527, 0, 1, 1, 0, 0, 0
65530, 1, 2, 1, 1, 1, 0
65531, 0, 1, 1, 0, 0, 0
65532, 1, 1, 1, 0, 1, 0
65534, 0, 1, 1, 0, 0, 0
65535, 0, 1, 1, 0, 0, 0
65536, 0, 3, 3, 0, 0, 0
65537, 0, 1, 1, 0, 0, 0
65539, 0, 1, 1, 0, 0, 0
65540, 0, 1, 1, 0, 0, 0
51093, 1, 1, 1, 0, 1, 0
38393, 1, 0, 0, 0, 1, 0
38394, 1, 0, 0, 0, 1, 0
38396, 2, 0, 0, 0, 1, 1
64265, 9, 8, 8, 0, 9, 0
68318, 6, 4, 4, 0, 6, 0
68319, 5, 7, 7, 0, 5, 0
68320, 5, 5, 5, 0, 5, 0
68321, 4, 4, 4, 0, 4, 0
72983, 2, 3, 3, 0, 2, 0
76694, 5, 4, 4, 0, 5, 0
38398, 1, 0, 0, 0, 0, 1
38399, 1, 0, 0, 0, 1, 0
38405, 1, 6, 5, 1, 1, 0
74437, 0, 2, 1, 1, 0, 0
94392, 0, 1, 1, 0, 0, 0
94393, 0, 1, 1, 0, 0, 0
83666, 0, 3, 3, 0, 0, 0
91534, 0, 1, 1, 0, 0, 0
38406, 2, 0, 0, 0, 1, 1
38407, 1, 2, 2, 0, 1, 0
38408, 0, 1, 0, 1, 0, 0
38410, 1, 0, 0, 0, 1, 0
38411, 1, 0, 0, 0, 1, 0
38412, 4, 0, 0, 0, 4, 0
38413, 1, 0, 0, 0, 1, 0
38415, 1, 0, 0, 0, 1, 0
38416, 0, 1, 1, 0, 0, 0
38419, 1, 1, 1, 0, 1, 0
53074, 0, 1, 1, 0, 0, 0
38423, 2, 0, 0, 0, 2, 0
40937, 1, 4, 4, 0, 1, 0
44722, 1, 2, 2, 0, 1, 0
70373, 0, 1, 1, 0, 0, 0
70375, 2, 2, 2, 0, 2, 0
127052, 2, 1, 1, 0, 2, 0
38425, 1, 0, 0, 0, 1, 0
38426, 1, 0, 0, 0, 1, 0
38427, 0, 1, 1, 0, 0, 0
38428, 1, 0, 0, 0, 1, 0
38431, 0, 1, 1, 0, 0, 0
38433, 0, 1, 1, 0, 0, 0
43253, 0, 2, 2, 0, 0, 0
38435, 1, 0, 0, 0, 1, 0
38438, 1, 0, 0, 0, 1, 0
38439, 2, 0, 0, 0, 2, 0
38442, 2, 0, 0, 0, 2, 0
38444, 2, 0, 0, 0, 2, 0
38445, 1, 0, 0, 0, 1, 0
38446, 2, 0, 0, 0, 2, 0
38448, 1, 0, 0, 0, 1, 0
38449, 1, 1, 1, 0, 1, 0
38450, 2, 1, 1, 0, 2, 0
38452, 1, 0, 0, 0, 1, 0
38453, 1, 0, 0, 0, 1, 0
38454, 3, 1, 1, 0, 2, 1
39337, 4, 3, 2, 1, 4, 0
38456, 1, 0, 0, 0, 1, 0
38457, 2, 1, 0, 1, 2, 0
38458, 1, 0, 0, 0, 0, 1
38460, 1, 0, 0, 0, 1, 0
38461, 1, 0, 0, 0, 1, 0
38462, 1, 0, 0, 0, 1, 0
38463, 1, 0, 0, 0, 1, 0
38465, 1, 0, 0, 0, 1, 0
38466, 1, 0, 0, 0, 1, 0
38467, 1, 0, 0, 0, 1, 0
38468, 1, 0, 0, 0, 1, 0
38469, 1, 0, 0, 0, 0, 1
38470, 1, 0, 0, 0, 1, 0
38471, 1, 0, 0, 0, 1, 0
38472, 1, 0, 0, 0, 1, 0
38473, 1, 0, 0, 0, 1, 0
38474, 0, 1, 1, 0, 0, 0
38475, 1, 0, 0, 0, 1, 0
38476, 1, 0, 0, 0, 0, 1
38477, 0, 1, 0, 1, 0, 0
38478, 1, 0, 0, 0, 1, 0
38483, 1, 0, 0, 0, 1, 0
70263, 1, 2, 2, 0, 1, 0
74429, 0, 5, 5, 0, 0, 0
74430, 0, 5, 5, 0, 0, 0
76149, 5, 2, 2, 0, 5, 0
79313, 1, 1, 1, 0, 1, 0
86876, 0, 1, 1, 0, 0, 0
38485, 1, 0, 0, 0, 0, 1
38486, 1, 0, 0, 0, 1, 0
38880, 2, 8, 8, 0, 2, 0
38492, 1, 0, 0, 0, 0, 1
69365, 2, 1, 1, 0, 2, 0
38498, 1, 0, 0, 0, 0, 1
38501, 2, 0, 0, 0, 1, 1
38502, 1, 0, 0, 0, 1, 0
38503, 1, 0, 0, 0, 1, 0
38504, 3, 0, 0, 0, 3, 0
38507, 1, 0, 0, 0, 1, 0
38508, 1, 0, 0, 0, 1, 0
38509, 0, 1, 1, 0, 0, 0
38510, 1, 0, 0, 0, 1, 0
38512, 1, 0, 0, 0, 1, 0
38513, 1, 1, 1, 0, 1, 0
38514, 1, 0, 0, 0, 0, 1
38515, 1, 1, 1, 0, 1, 0
38516, 2, 3, 3, 0, 2, 0
38517, 1, 0, 0, 0, 1, 0
38518, 2, 0, 0, 0, 2, 0
42109, 1, 1, 1, 0, 1, 0
38520, 2, 0, 0, 0, 2, 0
38521, 1, 0, 0, 0, 1, 0
38522, 1, 0, 0, 0, 1, 0
38523, 0, 1, 1, 0, 0, 0
38524, 1, 0, 0, 0, 1, 0
38525, 1, 0, 0, 0, 1, 0
38527, 1, 0, 0, 0, 0, 1
38528, 1, 0, 0, 0, 1, 0
38529, 1, 0, 0, 0, 1, 0
38530, 1, 0, 0, 0, 1, 0
38531, 0, 3, 3, 0, 0, 0
38532, 1, 0, 0, 0, 1, 0
38536, 1, 0, 0, 0, 1, 0
38538, 0, 1, 1, 0, 0, 0
38539, 1, 0, 0, 0, 1, 0
83168, 0, 1, 1, 0, 0, 0
43733, 19, 4, 4, 0, 19, 0
47194, 4, 2, 2, 0, 4, 0
38543, 1, 0, 0, 0, 0, 1
38544, 1, 0, 0, 0, 1, 0
38545, 1, 0, 0, 0, 1, 0
38546, 1, 1, 1, 0, 1, 0
84180, 1, 1, 1, 0, 1, 0
87930, 0, 1, 1, 0, 0, 0
38548, 1, 0, 0, 0, 1, 0
38550, 4, 0, 0, 0, 0, 4
38552, 1, 0, 0, 0, 1, 0
86191, 4, 1, 1, 0, 4, 0
38559, 2, 2, 2, 0, 2, 0
38905, 2, 1, 1, 0, 2, 0
49007, 1, 1, 1, 0, 1, 0
39622, 1, 2, 2, 0, 1, 0
40707, 2, 2, 2, 0, 0, 2
60398, 0, 1, 1, 0, 0, 0
60400, 0, 1, 1, 0, 0, 0
38568, 1, 0, 0, 0, 0, 1
38576, 1, 1, 0, 1, 0, 1
38628, 0, 1, 0, 1, 0, 0
38633, 3, 1, 1, 0, 1, 2
38635, 0, 1, 0, 1, 0, 0
53689, 6, 1, 1, 0, 5, 1
38572, 1, 0, 0, 0, 1, 0
38573, 1, 0, 0, 0, 1, 0
38574, 1, 0, 0, 0, 1, 0
38577, 0, 1, 0, 1, 0, 0
38578, 1, 0, 0, 0, 1, 0
38579, 0, 1, 1, 0, 0, 0
38580, 2, 0, 0, 0, 2, 0
38581, 0, 1, 1, 0, 0, 0
38582, 1, 0, 0, 0, 1, 0
38583, 2, 2, 2, 0, 2, 0
38584, 1, 0, 0, 0, 0, 1
38585, 1, 2, 1, 1, 1, 0
38586, 1, 0, 0, 0, 1, 0
38587, 1, 0, 0, 0, 1, 0
41988, 0, 2, 2, 0, 0, 0
43678, 2, 6, 6, 0, 2, 0
58549, 2, 2, 2, 0, 2, 0
68563, 3, 1, 1, 0, 3, 0
38592, 1, 0, 0, 0, 1, 0
38593, 1, 0, 0, 0, 1, 0
38594, 1, 0, 0, 0, 1, 0
38595, 1, 0, 0, 0, 1, 0
38596, 1, 0, 0, 0, 1, 0
53398, 0, 2, 2, 0, 0, 0
38599, 1, 2, 2, 0, 1, 0
57304, 2, 2, 2, 0, 2, 0
38601, 1, 0, 0, 0, 1, 0
38602, 2, 0, 0, 0, 2, 0
53658, 0, 1, 1, 0, 0, 0
38605, 1, 0, 0, 0, 1, 0
38608, 1, 0, 0, 0, 1, 0
38610, 1, 0, 0, 0, 1, 0
38611, 2, 1, 1, 0, 1, 1
38613, 0, 1, 0, 1, 0, 0
39929, 0, 1, 1, 0, 0, 0
39930, 0, 1, 1, 0, 0, 0
38614, 1, 0, 0, 0, 0, 1
38616, 1, 0, 0, 0, 1, 0
38617, 1, 0, 0, 0, 1, 0
38618, 1, 1, 1, 0, 1, 0
38619, 1, 1, 1, 0, 1, 0
38621, 0, 1, 1, 0, 0, 0
38622, 1, 2, 2, 0, 1, 0
38623, 1, 0, 0, 0, 1, 0
38625, 1, 0, 0, 0, 1, 0
38627, 1, 0, 0, 0, 1, 0
66438, 2, 1, 1, 0, 2, 0
91935, 0, 1, 1, 0, 0, 0
103689, 6, 1, 0, 1, 5, 1
38636, 1, 0, 0, 0, 1, 0
45572, 1, 2, 2, 0, 1, 0
75849, 3, 2, 1, 1, 3, 0
38638, 1, 0, 0, 0, 1, 0
38640, 1, 0, 0, 0, 1, 0
38642, 1, 0, 0, 0, 1, 0
38646, 1, 0, 0, 0, 1, 0
38648, 1, 0, 0, 0, 1, 0
38649, 2, 0, 0, 0, 1, 1
38651, 0, 1, 0, 1, 0, 0
38652, 7, 0, 0, 0, 5, 2
38654, 1, 0, 0, 0, 1, 0
38656, 5, 0, 0, 0, 5, 0
38658, 1, 1, 1, 0, 1, 0
69282, 0, 1, 1, 0, 0, 0
38660, 3, 1, 0, 1, 1, 2
38662, 1, 0, 0, 0, 1, 0
38663, 0, 2, 2, 0, 0, 0
38665, 1, 0, 0, 0, 1, 0
38666, 1, 0, 0, 0, 1, 0
38667, 1, 0, 0, 0, 1, 0
38668, 1, 0, 0, 0, 1, 0
45534, 1, 1, 1, 0, 1, 0
38672, 1, 0, 0, 0, 1, 0
38673, 1, 0, 0, 0, 1, 0
38675, 1, 0, 0, 0, 1, 0
59950, 1, 3, 3, 0, 1, 0
65432, 1, 2, 2, 0, 1, 0
81266, 0, 2, 2, 0, 0, 0
38677, 1, 0, 0, 0, 1, 0
38678, 2, 0, 0, 0, 1, 1
38681, 1, 0, 0, 0, 0, 1
38682, 0, 1, 0, 1, 0, 0
38683, 1, 0, 0, 0, 1, 0
38684, 1, 0, 0, 0, 1, 0
48976, 1, 6, 6, 0, 1, 0
60667, 7, 4, 4, 0, 7, 0
117610, 1, 1, 1, 0, 1, 0
38686, 1, 0, 0, 0, 1, 0
38687, 0, 2, 2, 0, 0, 0
90143, 0, 1, 1, 0, 0, 0
38689, 1, 0, 0, 0, 1, 0
38693, 1, 0, 0, 0, 1, 0
38694, 1, 0, 0, 0, 0, 1
38695, 1, 0, 0, 0, 1, 0
39867, 4, 1, 1, 0, 4, 0
38697, 1, 0, 0, 0, 1, 0
38698, 0, 4, 4, 0, 0, 0
38699, 2, 0, 0, 0, 2, 0
38700, 1, 2, 2, 0, 1, 0
38703, 1, 0, 0, 0, 0, 1
38704, 1, 0, 0, 0, 0, 1
38705, 1, 0, 0, 0, 1, 0
38707, 1, 0, 0, 0, 1, 0
38708, 1, 1, 1, 0, 0, 1
38709, 1, 0, 0, 0, 1, 0
38986, 1, 1, 1, 0, 1, 0
38987, 0, 2, 2, 0, 0, 0
38712, 1, 0, 0, 0, 1, 0
38713, 1, 2, 1, 1, 1, 0
38714, 1, 0, 0, 0, 1, 0
38715, 0, 2, 2, 0, 0, 0
38716, 1, 0, 0, 0, 0, 1
38718, 2, 1, 1, 0, 2, 0
49416, 3, 1, 1, 0, 2, 1
55739, 0, 1, 1, 0, 0, 0
38721, 1, 0, 0, 0, 1, 0
38724, 1, 0, 0, 0, 1, 0
38725, 1, 0, 0, 0, 1, 0
38727, 1, 0, 0, 0, 1, 0
38729, 1, 0, 0, 0, 1, 0
38730, 1, 0, 0, 0, 0, 1
38731, 1, 0, 0, 0, 1, 0
38733, 1, 0, 0, 0, 1, 0
38734, 1, 0, 0, 0, 0, 1
38735, 1, 0, 0, 0, 1, 0
38736, 1, 0, 0, 0, 1, 0
50919, 0, 1, 1, 0, 0, 0
38739, 5, 0, 0, 0, 5, 0
38741, 1, 1, 1, 0, 1, 0
38742, 2, 0, 0, 0, 2, 0
47106, 0, 1, 1, 0, 0, 0
38746, 1, 0, 0, 0, 1, 0
38748, 10, 1, 1, 0, 10, 0
38749, 1, 0, 0, 0, 1, 0
38750, 1, 0, 0, 0, 1, 0
38751, 1, 0, 0, 0, 1, 0
38752, 1, 0, 0, 0, 1, 0
38753, 1, 0, 0, 0, 1, 0
38754, 2, 0, 0, 0, 0, 2
38755, 1, 0, 0, 0, 1, 0
38757, 1, 0, 0, 0, 0, 1
38758, 2, 0, 0, 0, 2, 0
38759, 2, 0, 0, 0, 2, 0
38763, 2, 0, 0, 0, 1, 1
46028, 2, 1, 1, 0, 2, 0
38765, 3, 0, 0, 0, 3, 0
38766, 1, 0, 0, 0, 1, 0
38767, 0, 1, 1, 0, 0, 0
38768, 1, 0, 0, 0, 1, 0
38769, 1, 0, 0, 0, 1, 0
38771, 1, 0, 0, 0, 1, 0
38772, 1, 0, 0, 0, 1, 0
69262, 6, 4, 4, 0, 6, 0
70044, 1, 3, 3, 0, 1, 0
88174, 1, 1, 1, 0, 1, 0
88184, 0, 1, 1, 0, 0, 0
88185, 0, 1, 1, 0, 0, 0
38776, 0, 1, 1, 0, 0, 0
53814, 0, 1, 0, 1, 0, 0
53815, 0, 1, 0, 1, 0, 0
38779, 1, 0, 0, 0, 1, 0
38780, 1, 0, 0, 0, 1, 0
38781, 1, 0, 0, 0, 1, 0
76378, 1, 2, 2, 0, 1, 0
38785, 1, 0, 0, 0, 1, 0
38787, 1, 0, 0, 0, 0, 1
38788, 0, 1, 0, 1, 0, 0
38790, 1, 1, 1, 0, 1, 0
41801, 2, 4, 4, 0, 2, 0
49347, 2, 2, 2, 0, 2, 0
49468, 1, 1, 1, 0, 1, 0
50125, 1, 1, 1, 0, 1, 0
54527, 2, 1, 1, 0, 2, 0
38795, 1, 0, 0, 0, 1, 0
38797, 1, 0, 0, 0, 1, 0
38799, 2, 0, 0, 0, 2, 0
76147, 3, 1, 1, 0, 3, 0
66355, 0, 2, 2, 0, 0, 0
68272, 3, 2, 2, 0, 3, 0
38803, 1, 0, 0, 0, 1, 0
38804, 2, 1, 1, 0, 2, 0
38806, 3, 2, 2, 0, 3, 0
76869, 0, 1, 1, 0, 0, 0
38809, 1, 0, 0, 0, 1, 0
38810, 1, 0, 0, 0, 1, 0
38811, 1, 0, 0, 0, 0, 1
38815, 1, 0, 0, 0, 1, 0
38821, 1, 0, 0, 0, 1, 0
38822, 1, 0, 0, 0, 0, 1
38823, 1, 1, 1, 0, 1, 0
39216, 2, 2, 2, 0, 2, 0
38825, 1, 0, 0, 0, 1, 0
38826, 1, 0, 0, 0, 1, 0
38827, 2, 0, 0, 0, 2, 0
38829, 1, 0, 0, 0, 1, 0
38831, 1, 0, 0, 0, 1, 0
38832, 2, 0, 0, 0, 2, 0
38835, 1, 0, 0, 0, 1, 0
38836, 1, 0, 0, 0, 1, 0
38838, 1, 1, 0, 1, 1, 0
38839, 1, 0, 0, 0, 1, 0
38840, 1, 0, 0, 0, 1, 0
38841, 1, 0, 0, 0, 1, 0
38842, 1, 0, 0, 0, 0, 1
38843, 3, 0, 0, 0, 3, 0
38845, 1, 1, 1, 0, 1, 0
38847, 1, 0, 0, 0, 1, 0
38849, 1, 0, 0, 0, 1, 0
59910, 5, 4, 4, 0, 5, 0
66453, 0, 1, 1, 0, 0, 0
38851, 1, 0, 0, 0, 1, 0
38853, 1, 0, 0, 0, 0, 1
38854, 1, 0, 0, 0, 1, 0
38856, 1, 0, 0, 0, 1, 0
38857, 1, 0, 0, 0, 1, 0
80099, 0, 1, 1, 0, 0, 0
80100, 0, 1, 1, 0, 0, 0
80101, 0, 1, 1, 0, 0, 0
80102, 0, 1, 1, 0, 0, 0
80103, 0, 1, 1, 0, 0, 0
80104, 0, 1, 1, 0, 0, 0
38859, 2, 1, 1, 0, 2, 0
40622, 1, 1, 0, 1, 1, 0
38866, 1, 0, 0, 0, 1, 0
88692, 2, 1, 1, 0, 1, 1
48642, 1, 1, 1, 0, 1, 0
38869, 1, 0, 0, 0, 1, 0
38870, 1, 0, 0, 0, 0, 1
38872, 1, 0, 0, 0, 1, 0
38874, 1, 0, 0, 0, 1, 0
38876, 1, 0, 0, 0, 1, 0
38878, 5, 0, 0, 0, 5, 0
40258, 10, 4, 4, 0, 10, 0
38881, 1, 0, 0, 0, 1, 0
38883, 1, 0, 0, 0, 0, 1
38885, 1, 0, 0, 0, 1, 0
38886, 1, 0, 0, 0, 1, 0
38887, 2, 0, 0, 0, 2, 0
38888, 1, 0, 0, 0, 1, 0
38891, 1, 0, 0, 0, 1, 0
38892, 0, 1, 1, 0, 0, 0
38893, 1, 0, 0, 0, 1, 0
38895, 3, 0, 0, 0, 3, 0
38899, 1, 0, 0, 0, 0, 1
38900, 0, 3, 2, 1, 0, 0
38901, 1, 0, 0, 0, 1, 0
38902, 1, 0, 0, 0, 1, 0
38903, 3, 0, 0, 0, 2, 1
38904, 0, 1, 1, 0, 0, 0
43279, 1, 1, 1, 0, 1, 0
54259, 1, 1, 1, 0, 1, 0
55258, 10, 2, 2, 0, 10, 0
55262, 0, 1, 1, 0, 0, 0
38938, 1, 0, 0, 0, 1, 0
42450, 0, 2, 1, 1, 0, 0
38945, 2, 1, 1, 0, 2, 0
38947, 9, 6, 5, 1, 8, 1
56438, 0, 1, 1, 0, 0, 0
38948, 5, 0, 0, 0, 5, 0
38949, 1, 1, 1, 0, 1, 0
38951, 1, 0, 0, 0, 1, 0
38952, 1, 0, 0, 0, 1, 0
38953, 1, 0, 0, 0, 1, 0
38954, 1, 0, 0, 0, 1, 0
38956, 1, 0, 0, 0, 1, 0
38958, 1, 0, 0, 0, 1, 0
38959, 2, 0, 0, 0, 2, 0
46536, 1, 2, 2, 0, 1, 0
47761, 1, 1, 1, 0, 1, 0
93909, 1, 1, 1, 0, 1, 0
94395, 3, 2, 2, 0, 3, 0
39967, 0, 2, 1, 1, 0, 0
51757, 1, 2, 1, 1, 1, 0
54731, 7, 4, 2, 2, 5, 2
82936, 0, 1, 0, 1, 0, 0
82937, 0, 1, 0, 1, 0, 0
82938, 0, 1, 0, 1, 0, 0
82939, 0, 1, 0, 1, 0, 0
82940, 0, 1, 0, 1, 0, 0
82941, 0, 1, 0, 1, 0, 0
82942, 0, 1, 0, 1, 0, 0
82943, 0, 2, 1, 1, 0, 0
82944, 0, 1, 0, 1, 0, 0
82945, 0, 1, 0, 1, 0, 0
58623, 0, 1, 0, 1, 0, 0
38975, 1, 0, 0, 0, 1, 0
38976, 4, 0, 0, 0, 4, 0
38977, 1, 0, 0, 0, 1, 0
38978, 1, 0, 0, 0, 1, 0
38980, 2, 0, 0, 0, 2, 0
38982, 1, 0, 0, 0, 1, 0
38983, 1, 0, 0, 0, 1, 0
38984, 1, 0, 0, 0, 1, 0
38985, 1, 1, 1, 0, 1, 0
40449, 2, 2, 2, 0, 2, 0
61463, 1, 1, 1, 0, 1, 0
61772, 3, 2, 2, 0, 3, 0
61775, 0, 2, 2, 0, 0, 0
38990, 2, 1, 1, 0, 0, 2
38991, 16, 5, 1, 4, 7, 9
38992, 1, 3, 1, 2, 1, 0
39007, 1, 1, 0, 1, 0, 1
39217, 1, 1, 0, 1, 1, 0
39250, 0, 2, 1, 1, 0, 0
39253, 0, 1, 0, 1, 0, 0
39255, 0, 1, 0, 1, 0, 0
39256, 0, 1, 0, 1, 0, 0
38995, 1, 0, 0, 0, 0, 1
38996, 1, 0, 0, 0, 1, 0
38997, 1, 0, 0, 0, 1, 0
38998, 2, 0, 0, 0, 2, 0
38999, 1, 0, 0, 0, 0, 1
39002, 1, 1, 0, 1, 1, 0
39003, 1, 1, 1, 0, 1, 0
39004, 1, 2, 1, 1, 1, 0
39005, 7, 0, 0, 0, 5, 2
39008, 1, 0, 0, 0, 1, 0
39277, 2, 1, 1, 0, 2, 0
39012, 1, 0, 0, 0, 1, 0
39014, 1, 0, 0, 0, 0, 1
39015, 1, 0, 0, 0, 1, 0
39018, 2, 0, 0, 0, 1, 1
39019, 2, 1, 0, 1, 1, 1
39020, 1, 0, 0, 0, 1, 0
39024, 1, 0, 0, 0, 1, 0
39025, 0, 1, 1, 0, 0, 0
63141, 3, 10, 10, 0, 3, 0
65402, 8, 3, 3, 0, 8, 0
73027, 2, 7, 7, 0, 2, 0
39038, 1, 1, 1, 0, 1, 0
54323, 5, 2, 2, 0, 4, 1
55494, 1, 2, 2, 0, 1, 0
42668, 0, 1, 1, 0, 0, 0
42669, 0, 1, 1, 0, 0, 0
85862, 0, 1, 1, 0, 0, 0
98618, 0, 1, 1, 0, 0, 0
98620, 0, 1, 1, 0, 0, 0
98621, 0, 1, 1, 0, 0, 0
98945, 0, 1, 1, 0, 0, 0
79924, 1, 1, 1, 0, 1, 0
80647, 2, 1, 1, 0, 2, 0
80648, 1, 2, 2, 0, 1, 0
81568, 1, 1, 1, 0, 1, 0
83980, 0, 1, 1, 0, 0, 0
83981, 0, 1, 1, 0, 0, 0
83982, 0, 1, 1, 0, 0, 0
83983, 0, 1, 1, 0, 0, 0
83984, 0, 1, 1, 0, 0, 0
57365, 1, 1, 1, 0, 1, 0
66388, 8, 5, 5, 0, 8, 0
90238, 0, 1, 1, 0, 0, 0
96547, 0, 1, 1, 0, 0, 0
39075, 1, 0, 0, 0, 0, 1
39077, 1, 0, 0, 0, 1, 0
39078, 1, 0, 0, 0, 1, 0
39079, 1, 1, 1, 0, 1, 0
39080, 7, 6, 6, 0, 7, 0
44118, 4, 3, 3, 0, 4, 0
88500, 0, 1, 1, 0, 0, 0
39081, 1, 0, 0, 0, 1, 0
39082, 1, 0, 0, 0, 1, 0
39083, 1, 0, 0, 0, 1, 0
39084, 2, 0, 0, 0, 2, 0
39085, 1, 0, 0, 0, 1, 0
66574, 1, 2, 2, 0, 1, 0
39087, 7, 0, 0, 0, 7, 0
39089, 1, 0, 0, 0, 1, 0
39091, 1, 0, 0, 0, 1, 0
83359, 1, 1, 1, 0, 1, 0
83360, 1, 2, 2, 0, 1, 0
83361, 0, 1, 1, 0, 0, 0
48203, 0, 1, 1, 0, 0, 0
48204, 3, 3, 3, 0, 3, 0
39393, 2, 1, 1, 0, 1, 1
39100, 1, 1, 1, 0, 1, 0
39101, 1, 0, 0, 0, 1, 0
39102, 8, 0, 0, 0, 2, 6
39103, 1, 0, 0, 0, 0, 1
39104, 1, 1, 0, 1, 1, 0
39105, 1, 0, 0, 0, 0, 1
39107, 1, 0, 0, 0, 1, 0
39109, 1, 0, 0, 0, 1, 0
39111, 1, 0, 0, 0, 0, 1
39112, 1, 0, 0, 0, 0, 1
88198, 5, 2, 2, 0, 5, 0
91798, 1, 1, 1, 0, 1, 0
91799, 0, 1, 1, 0, 0, 0
39122, 1, 0, 0, 0, 1, 0
39123, 1, 0, 0, 0, 1, 0
39136, 1, 0, 0, 0, 1, 0
39137, 1, 0, 0, 0, 1, 0
39138, 2, 0, 0, 0, 2, 0
39139, 1, 0, 0, 0, 1, 0
70085, 0, 1, 1, 0, 0, 0
64432, 2, 1, 1, 0, 1, 1
39142, 1, 0, 0, 0, 1, 0
39147, 3, 1, 1, 0, 3, 0
39148, 1, 2, 2, 0, 1, 0
39146, 1, 0, 0, 0, 0, 1
39152, 1, 0, 0, 0, 1, 0
39155, 1, 0, 0, 0, 1, 0
39156, 1, 0, 0, 0, 0, 1
39157, 1, 0, 0, 0, 1, 0
39158, 1, 0, 0, 0, 1, 0
39160, 9, 0, 0, 0, 4, 5
67829, 1, 2, 2, 0, 1, 0
39162, 2, 0, 0, 0, 2, 0
39164, 2, 1, 1, 0, 2, 0
39168, 1, 0, 0, 0, 1, 0
39169, 0, 1, 1, 0, 0, 0
39170, 1, 0, 0, 0, 1, 0
39171, 1, 0, 0, 0, 1, 0
39173, 7, 0, 0, 0, 5, 2
73063, 1, 2, 2, 0, 1, 0
79587, 0, 2, 2, 0, 0, 0
86343, 3, 2, 2, 0, 3, 0
89455, 0, 1, 1, 0, 0, 0
89456, 0, 1, 1, 0, 0, 0
89457, 0, 1, 1, 0, 0, 0
89458, 0, 1, 1, 0, 0, 0
46585, 7, 5, 5, 0, 7, 0
78530, 0, 1, 1, 0, 0, 0
76785, 1, 1, 1, 0, 1, 0
76786, 2, 2, 2, 0, 2, 0
67975, 0, 1, 0, 1, 0, 0
39191, 1, 1, 1, 0, 1, 0
39192, 22, 2, 2, 0, 22, 0
39194, 1, 0, 0, 0, 1, 0
39198, 1, 0, 0, 0, 1, 0
39199, 4, 0, 0, 0, 4, 0
39200, 1, 0, 0, 0, 1, 0
39201, 1, 0, 0, 0, 1, 0
39203, 1, 0, 0, 0, 1, 0
39204, 1, 1, 1, 0, 1, 0
39205, 1, 0, 0, 0, 1, 0
85029, 3, 2, 2, 0, 2, 1
85597, 0, 1, 1, 0, 0, 0
85598, 0, 1, 1, 0, 0, 0
39208, 1, 0, 0, 0, 1, 0
39210, 1, 0, 0, 0, 1, 0
39211, 1, 0, 0, 0, 1, 0
39215, 1, 0, 0, 0, 0, 1
39218, 1, 0, 0, 0, 1, 0
39219, 0, 1, 1, 0, 0, 0
39220, 1, 0, 0, 0, 1, 0
39222, 1, 0, 0, 0, 1, 0
39223, 1, 0, 0, 0, 1, 0
39224, 1, 0, 0, 0, 1, 0
39225, 1, 0, 0, 0, 1, 0
39227, 1, 0, 0, 0, 1, 0
39228, 1, 0, 0, 0, 1, 0
39231, 1, 0, 0, 0, 1, 0
39232, 1, 0, 0, 0, 1, 0
39233, 1, 0, 0, 0, 1, 0
39234, 0, 1, 1, 0, 0, 0
39241, 5, 6, 6, 0, 5, 0
103306, 0, 1, 1, 0, 0, 0
78236, 1, 1, 1, 0, 1, 0
78380, 3, 1, 1, 0, 3, 0
79184, 2, 2, 2, 0, 2, 0
81048, 3, 2, 2, 0, 3, 0
86371, 3, 2, 2, 0, 3, 0
86378, 0, 1, 1, 0, 0, 0
57225, 3, 2, 2, 0, 3, 0
57226, 1, 2, 2, 0, 1, 0
39242, 6, 0, 0, 0, 4, 2
39243, 0, 1, 1, 0, 0, 0
39244, 1, 0, 0, 0, 1, 0
39247, 1, 0, 0, 0, 1, 0
42165, 1, 1, 1, 0, 1, 0
42371, 0, 1, 0, 1, 0, 0
99768, 1, 1, 1, 0, 0, 1
39257, 1, 0, 0, 0, 1, 0
53816, 1, 1, 1, 0, 1, 0
63180, 0, 2, 2, 0, 0, 0
63181, 0, 1, 1, 0, 0, 0
39263, 0, 2, 1, 1, 0, 0
39264, 0, 1, 1, 0, 0, 0
39265, 2, 0, 0, 0, 2, 0
39266, 1, 0, 0, 0, 1, 0
39268, 2, 1, 1, 0, 2, 0
79716, 1, 2, 2, 0, 1, 0
80522, 1, 1, 1, 0, 1, 0
80844, 1, 1, 1, 0, 1, 0
39271, 1, 0, 0, 0, 1, 0
39274, 2, 1, 1, 0, 2, 0
39275, 1, 0, 0, 0, 1, 0
39276, 1, 0, 0, 0, 1, 0
39278, 1, 0, 0, 0, 1, 0
39279, 12, 0, 0, 0, 6, 6
94154, 0, 1, 0, 1, 0, 0
97424, 0, 1, 0, 1, 0, 0
39280, 1, 0, 0, 0, 1, 0
43028, 1, 1, 1, 0, 1, 0
47693, 2, 1, 1, 0, 2, 0
47694, 1, 2, 2, 0, 1, 0
48053, 1, 1, 1, 0, 0, 1
49048, 4, 2, 2, 0, 4, 0
50087, 1, 3, 3, 0, 1, 0
51739, 0, 4, 4, 0, 0, 0
52308, 6, 1, 1, 0, 4, 2
53427, 0, 2, 2, 0, 0, 0
53428, 0, 2, 2, 0, 0, 0
53429, 0, 2, 2, 0, 0, 0
57659, 0, 1, 1, 0, 0, 0
57660, 0, 1, 1, 0, 0, 0
57661, 1, 1, 1, 0, 0, 1
39285, 1, 0, 0, 0, 1, 0
39286, 1, 0, 0, 0, 0, 1
39287, 0, 1, 0, 1, 0, 0
39293, 1, 0, 0, 0, 1, 0
39294, 1, 0, 0, 0, 0, 1
39295, 0, 1, 0, 1, 0, 0
52937, 1, 1, 0, 1, 1, 0
73022, 16, 5, 5, 0, 16, 0
75617, 2, 2, 2, 0, 2, 0
79490, 0, 1, 0, 1, 0, 0
39301, 1, 0, 0, 0, 1, 0
39302, 2, 0, 0, 0, 2, 0
85080, 0, 1, 1, 0, 0, 0
39307, 1, 0, 0, 0, 1, 0
39308, 1, 0, 0, 0, 1, 0
70435, 0, 2, 2, 0, 0, 0
82891, 0, 1, 1, 0, 0, 0
39310, 1, 0, 0, 0, 1, 0
39311, 3, 1, 1, 0, 3, 0
39362, 0, 1, 1, 0, 0, 0
39314, 1, 0, 0, 0, 1, 0
39315, 2, 2, 2, 0, 2, 0
46347, 0, 1, 1, 0, 0, 0
39316, 1, 0, 0, 0, 1, 0
39318, 1, 0, 0, 0, 1, 0
39319, 5, 0, 0, 0, 5, 0
39320, 5, 4, 3, 1, 5, 0
39322, 1, 0, 0, 0, 1, 0
39324, 2, 0, 0, 0, 2, 0
39326, 1, 0, 0, 0, 1, 0
39329, 1, 0, 0, 0, 1, 0
39330, 8, 0, 0, 0, 8, 0
40912, 1, 1, 1, 0, 1, 0
63820, 2, 1, 1, 0, 2, 0
39332, 4, 0, 0, 0, 4, 0
39333, 3, 0, 0, 0, 3, 0
39334, 1, 0, 0, 0, 1, 0
61225, 1, 2, 2, 0, 1, 0
76573, 1, 2, 2, 0, 1, 0
69746, 1, 1, 1, 0, 1, 0
47324, 1, 1, 1, 0, 1, 0
50222, 1, 1, 0, 1, 0, 1
39342, 1, 0, 0, 0, 1, 0
93660, 1, 1, 1, 0, 0, 1
43157, 1, 1, 1, 0, 1, 0
39345, 4, 0, 0, 0, 4, 0
39346, 1, 0, 0, 0, 1, 0
39348, 1, 0, 0, 0, 1, 0
39349, 1, 0, 0, 0, 1, 0
39350, 1, 0, 0, 0, 1, 0
39351, 1, 1, 1, 0, 1, 0
39353, 9, 1, 1, 0, 9, 0
131066, 1, 1, 1, 0, 1, 0
39355, 1, 0, 0, 0, 1, 0
39358, 0, 1, 1, 0, 0, 0
74729, 3, 3, 3, 0, 3, 0
85175, 0, 1, 1, 0, 0, 0
39359, 1, 0, 0, 0, 1, 0
39360, 4, 0, 0, 0, 4, 0
39363, 1, 0, 0, 0, 1, 0
39369, 4, 0, 0, 0, 2, 2
39371, 1, 0, 0, 0, 0, 1
39374, 1, 0, 0, 0, 1, 0
39375, 1, 0, 0, 0, 0, 1
39376, 0, 1, 0, 1, 0, 0
39377, 1, 0, 0, 0, 1, 0
39379, 1, 0, 0, 0, 1, 0
39380, 2, 2, 2, 0, 1, 1
39381, 1, 0, 0, 0, 0, 1
79048, 1, 2, 2, 0, 1, 0
47802, 1, 1, 1, 0, 1, 0
45670, 2, 3, 3, 0, 2, 0
49736, 0, 1, 0, 1, 0, 0
39386, 1, 0, 0, 0, 1, 0
39387, 0, 1, 1, 0, 0, 0
39389, 0, 2, 0, 2, 0, 0
39390, 3, 0, 0, 0, 3, 0
39392, 1, 0, 0, 0, 1, 0
39394, 1, 0, 0, 0, 1, 0
39395, 1, 0, 0, 0, 1, 0
39396, 1, 0, 0, 0, 1, 0
39398, 2, 0, 0, 0, 2, 0
49126, 6, 5, 5, 0, 5, 1
67145, 0, 2, 1, 1, 0, 0
67967, 1, 3, 3, 0, 1, 0
69193, 4, 4, 4, 0, 2, 2
71650, 10, 6, 6, 0, 10, 0
75400, 6, 2, 2, 0, 6, 0
75738, 1, 1, 1, 0, 1, 0
76241, 1, 3, 3, 0, 1, 0
76503, 4, 2, 2, 0, 4, 0
76566, 3, 2, 2, 0, 3, 0
76718, 1, 1, 1, 0, 1, 0
76867, 1, 2, 2, 0, 1, 0
76993, 1, 1, 1, 0, 0, 1
77405, 0, 1, 1, 0, 0, 0
77407, 2, 1, 1, 0, 2, 0
77410, 0, 1, 1, 0, 0, 0
77411, 0, 1, 1, 0, 0, 0
77412, 0, 1, 1, 0, 0, 0
77415, 1, 2, 2, 0, 1, 0
77416, 0, 1, 1, 0, 0, 0
77419, 0, 1, 1, 0, 0, 0
77421, 0, 1, 1, 0, 0, 0
77423, 0, 1, 1, 0, 0, 0
77424, 0, 1, 1, 0, 0, 0
77425, 0, 1, 1, 0, 0, 0
77426, 0, 2, 2, 0, 0, 0
39400, 1, 1, 1, 0, 1, 0
39402, 1, 0, 0, 0, 1, 0
39403, 0, 1, 1, 0, 0, 0
39404, 1, 0, 0, 0, 0, 1
39406, 1, 1, 1, 0, 1, 0
39407, 1, 0, 0, 0, 1, 0
39408, 0, 1, 1, 0, 0, 0
39409, 1, 0, 0, 0, 1, 0
39410, 1, 0, 0, 0, 1, 0
39412, 1, 0, 0, 0, 1, 0
39413, 1, 1, 1, 0, 1, 0
39414, 3, 4, 4, 0, 2, 1
39415, 5, 0, 0, 0, 3, 2
39416, 1, 0, 0, 0, 1, 0
39418, 1, 0, 0, 0, 1, 0
39419, 0, 1, 1, 0, 0, 0
39421, 2, 1, 1, 0, 2, 0
39422, 4, 1, 1, 0, 4, 0
39423, 1, 0, 0, 0, 1, 0
39424, 0, 1, 1, 0, 0, 0
39425, 1, 0, 0, 0, 1, 0
39427, 2, 0, 0, 0, 1, 1
39429, 1, 0, 0, 0, 1, 0
39430, 1, 0, 0, 0, 1, 0
39598, 2, 1, 1, 0, 2, 0
47543, 0, 1, 1, 0, 0, 0
39432, 1, 0, 0, 0, 1, 0
39433, 0, 1, 1, 0, 0, 0
39435, 1, 0, 0, 0, 1, 0
39438, 5, 1, 1, 0, 5, 0
39441, 2, 0, 0, 0, 1, 1
39442, 1, 0, 0, 0, 1, 0
39443, 2, 0, 0, 0, 1, 1
39444, 1, 1, 1, 0, 1, 0
39445, 4, 1, 1, 0, 3, 1
43443, 0, 1, 1, 0, 0, 0
97432, 0, 1, 1, 0, 0, 0
39449, 1, 0, 0, 0, 0, 1
39450, 1, 0, 0, 0, 1, 0
39453, 0, 1, 1, 0, 0, 0
39454, 4, 0, 0, 0, 2, 2
39455, 3, 0, 0, 0, 1, 2
39456, 1, 0, 0, 0, 1, 0
39457, 1, 0, 0, 0, 1, 0
39458, 2, 0, 0, 0, 1, 1
39459, 3, 0, 0, 0, 1, 2
41783, 0, 1, 1, 0, 0, 0
41784, 0, 1, 1, 0, 0, 0
41787, 0, 2, 1, 1, 0, 0
41788, 0, 1, 1, 0, 0, 0
39461, 1, 0, 0, 0, 1, 0
39462, 1, 1, 1, 0, 1, 0
39464, 1, 0, 0, 0, 1, 0
39466, 1, 0, 0, 0, 0, 1
39470, 1, 0, 0, 0, 0, 1
39471, 1, 0, 0, 0, 1, 0
39472, 1, 0, 0, 0, 0, 1
39473, 1, 0, 0, 0, 0, 1
39475, 1, 0, 0, 0, 1, 0
39477, 1, 0, 0, 0, 1, 0
39478, 1, 0, 0, 0, 1, 0
39479, 1, 0, 0, 0, 1, 0
39481, 4, 0, 0, 0, 4, 0
107472, 0, 2, 1, 1, 0, 0
39482, 9, 1, 1, 0, 9, 0
39483, 2, 0, 0, 0, 2, 0
39485, 1, 0, 0, 0, 1, 0
39486, 4, 1, 1, 0, 4, 0
39489, 1, 0, 0, 0, 1, 0
39490, 2, 0, 0, 0, 2, 0
39491, 0, 1, 1, 0, 0, 0
39494, 1, 0, 0, 0, 1, 0
39495, 0, 1, 1, 0, 0, 0
39496, 2, 0, 0, 0, 2, 0
39497, 0, 1, 1, 0, 0, 0
39498, 0, 1, 1, 0, 0, 0
39499, 1, 0, 0, 0, 1, 0
39500, 1, 0, 0, 0, 1, 0
39502, 1, 0, 0, 0, 1, 0
39503, 1, 0, 0, 0, 0, 1
39504, 0, 1, 0, 1, 0, 0
39505, 1, 0, 0, 0, 1, 0
39507, 2, 0, 0, 0, 1, 1
39508, 2, 0, 0, 0, 0, 2
39509, 1, 0, 0, 0, 1, 0
39511, 1, 0, 0, 0, 1, 0
39512, 4, 0, 0, 0, 1, 3
39515, 1, 0, 0, 0, 1, 0
39518, 1, 0, 0, 0, 1, 0
87619, 2, 1, 1, 0, 2, 0
87712, 1, 1, 1, 0, 1, 0
39521, 5, 0, 0, 0, 3, 2
39522, 3, 0, 0, 0, 3, 0
39523, 2, 0, 0, 0, 2, 0
39526, 2, 0, 0, 0, 1, 1
39527, 1, 0, 0, 0, 1, 0
39528, 0, 1, 1, 0, 0, 0
39531, 0, 1, 1, 0, 0, 0
57239, 2, 1, 1, 0, 2, 0
57240, 5, 3, 3, 0, 4, 1
57676, 1, 1, 1, 0, 1, 0
39533, 2, 0, 0, 0, 2, 0
39534, 1, 0, 0, 0, 1, 0
39535, 1, 0, 0, 0, 1, 0
39540, 1, 0, 0, 0, 0, 1
39542, 3, 0, 0, 0, 3, 0
39545, 4, 0, 0, 0, 3, 1
39546, 14, 2, 0, 2, 8, 6
39547, 1, 0, 0, 0, 1, 0
39548, 0, 1, 1, 0, 0, 0
39549, 6, 0, 0, 0, 6, 0
42422, 1, 1, 1, 0, 0, 1
42628, 1, 2, 2, 0, 1, 0
42675, 0, 1, 1, 0, 0, 0
42676, 0, 1, 1, 0, 0, 0
42677, 1, 3, 2, 1, 1, 0
42678, 0, 1, 1, 0, 0, 0
42679, 0, 1, 1, 0, 0, 0
42681, 0, 2, 1, 1, 0, 0
42684, 0, 1, 1, 0, 0, 0
42686, 0, 1, 1, 0, 0, 0
42687, 0, 2, 2, 0, 0, 0
42690, 0, 1, 1, 0, 0, 0
42691, 4, 3, 3, 0, 3, 1
42693, 0, 1, 1, 0, 0, 0
42695, 0, 1, 1, 0, 0, 0
42696, 0, 1, 1, 0, 0, 0
42698, 0, 1, 1, 0, 0, 0
42699, 0, 1, 1, 0, 0, 0
42700, 0, 1, 1, 0, 0, 0
42703, 0, 2, 2, 0, 0, 0
42710, 0, 1, 1, 0, 0, 0
42713, 2, 1, 1, 0, 2, 0
42715, 0, 1, 1, 0, 0, 0
42950, 3, 4, 4, 0, 2, 1
51716, 7, 2, 2, 0, 3, 4
56199, 0, 1, 0, 1, 0, 0
46303, 1, 1, 1, 0, 1, 0
59452, 3, 4, 4, 0, 3, 0
59453, 0, 3, 3, 0, 0, 0
59454, 0, 1, 1, 0, 0, 0
59457, 1, 1, 1, 0, 1, 0
39557, 1, 0, 0, 0, 1, 0
39561, 1, 0, 0, 0, 1, 0
39562, 1, 0, 0, 0, 1, 0
67225, 4, 3, 3, 0, 4, 0
67094, 1, 1, 1, 0, 1, 0
39570, 1, 0, 0, 0, 1, 0
39571, 0, 2, 2, 0, 0, 0
39575, 1, 0, 0, 0, 1, 0
39577, 2, 0, 0, 0, 2, 0
39579, 1, 0, 0, 0, 1, 0
47522, 0, 2, 1, 1, 0, 0
39581, 2, 0, 0, 0, 2, 0
68112, 1, 2, 2, 0, 1, 0
71566, 0, 1, 1, 0, 0, 0
39583, 1, 0, 0, 0, 1, 0
39585, 1, 0, 0, 0, 1, 0
39586, 0, 2, 2, 0, 0, 0
39589, 1, 0, 0, 0, 1, 0
40966, 0, 1, 0, 1, 0, 0
40968, 0, 1, 0, 1, 0, 0
39592, 1, 0, 0, 0, 1, 0
39593, 0, 1, 1, 0, 0, 0
39594, 1, 0, 0, 0, 1, 0
39596, 3, 1, 1, 0, 2, 1
39597, 0, 1, 1, 0, 0, 0
45342, 1, 1, 0, 1, 1, 0
49542, 1, 1, 0, 1, 1, 0
76163, 5, 3, 3, 0, 5, 0
88302, 0, 1, 1, 0, 0, 0
88303, 0, 1, 0, 1, 0, 0
88304, 0, 1, 1, 0, 0, 0
88305, 0, 1, 1, 0, 0, 0
88306, 0, 1, 1, 0, 0, 0
88308, 0, 1, 1, 0, 0, 0
88309, 0, 1, 1, 0, 0, 0
88310, 0, 1, 1, 0, 0, 0
88311, 0, 1, 1, 0, 0, 0
88312, 0, 1, 0, 1, 0, 0
88313, 0, 1, 1, 0, 0, 0
88314, 0, 1, 1, 0, 0, 0
90665, 0, 1, 1, 0, 0, 0
39601, 2, 0, 0, 0, 2, 0
39602, 1, 0, 0, 0, 1, 0
39604, 1, 0, 0, 0, 1, 0
39605, 4, 0, 0, 0, 3, 1
39608, 1, 0, 0, 0, 1, 0
39609, 2, 0, 0, 0, 2, 0
39610, 1, 0, 0, 0, 1, 0
39611, 1, 0, 0, 0, 1, 0
39612, 2, 1, 1, 0, 2, 0
39613, 1, 0, 0, 0, 1, 0
39615, 1, 0, 0, 0, 1, 0
39616, 2, 0, 0, 0, 1, 1
39617, 4, 0, 0, 0, 4, 0
39624, 1, 1, 1, 0, 1, 0
76871, 1, 1, 1, 0, 1, 0
58600, 2, 1, 1, 0, 1, 1
66904, 1, 1, 1, 0, 1, 0
67520, 1, 1, 1, 0, 1, 0
88655, 0, 1, 1, 0, 0, 0
88656, 0, 1, 1, 0, 0, 0
88657, 0, 1, 1, 0, 0, 0
88658, 0, 1, 1, 0, 0, 0
88659, 0, 1, 1, 0, 0, 0
88660, 0, 1, 1, 0, 0, 0
88661, 0, 1, 1, 0, 0, 0
88662, 0, 1, 1, 0, 0, 0
80959, 0, 1, 1, 0, 0, 0
43792, 2, 4, 4, 0, 2, 0
39629, 1, 0, 0, 0, 1, 0
39630, 1, 0, 0, 0, 1, 0
39635, 4, 1, 1, 0, 4, 0
39636, 1, 0, 0, 0, 1, 0
39637, 1, 0, 0, 0, 0, 1
39638, 2, 0, 0, 0, 1, 1
39639, 0, 1, 0, 1, 0, 0
39640, 1, 0, 0, 0, 1, 0
39642, 4, 0, 0, 0, 4, 0
39643, 1, 0, 0, 0, 1, 0
39644, 1, 0, 0, 0, 1, 0
39647, 0, 1, 1, 0, 0, 0
46010, 0, 2, 0, 2, 0, 0
57817, 0, 1, 0, 1, 0, 0
39650, 2, 1, 1, 0, 1, 1
39651, 2, 2, 2, 0, 2, 0
39652, 2, 0, 0, 0, 2, 0
39653, 1, 1, 1, 0, 1, 0
49147, 2, 1, 1, 0, 2, 0
49400, 1, 1, 1, 0, 1, 0
49505, 1, 1, 1, 0, 1, 0
39655, 1, 0, 0, 0, 0, 1
39656, 1, 0, 0, 0, 1, 0
49451, 1, 1, 1, 0, 0, 1
56039, 2, 1, 1, 0, 1, 1
73019, 0, 1, 1, 0, 0, 0
73020, 0, 1, 1, 0, 0, 0
45980, 0, 2, 2, 0, 0, 0
84178, 0, 1, 1, 0, 0, 0
84179, 0, 1, 1, 0, 0, 0
118744, 0, 1, 1, 0, 0, 0
39662, 0, 1, 1, 0, 0, 0
39663, 2, 0, 0, 0, 2, 0
39665, 1, 0, 0, 0, 1, 0
39666, 1, 0, 0, 0, 1, 0
39667, 1, 0, 0, 0, 0, 1
39671, 1, 0, 0, 0, 1, 0
39672, 1, 0, 0, 0, 1, 0
39673, 1, 0, 0, 0, 1, 0
40971, 2, 1, 1, 0, 2, 0
39679, 2, 0, 0, 0, 2, 0
39684, 1, 0, 0, 0, 1, 0
39685, 3, 1, 1, 0, 3, 0
39691, 1, 0, 0, 0, 1, 0
39692, 1, 0, 0, 0, 1, 0
39693, 1, 0, 0, 0, 1, 0
39695, 2, 0, 0, 0, 2, 0
39696, 1, 0, 0, 0, 1, 0
39697, 1, 0, 0, 0, 1, 0
39698, 1, 0, 0, 0, 1, 0
39703, 1, 0, 0, 0, 1, 0
39704, 3, 0, 0, 0, 3, 0
54724, 0, 1, 1, 0, 0, 0
39708, 1, 0, 0, 0, 1, 0
59270, 0, 1, 1, 0, 0, 0
39710, 1, 0, 0, 0, 1, 0
39711, 1, 0, 0, 0, 0, 1
39712, 1, 0, 0, 0, 1, 0
39716, 1, 0, 0, 0, 1, 0
39719, 2, 2, 2, 0, 2, 0
39724, 1, 0, 0, 0, 1, 0
44332, 1, 1, 1, 0, 1, 0
44933, 0, 1, 1, 0, 0, 0
44935, 0, 1, 1, 0, 0, 0
44937, 0, 1, 1, 0, 0, 0
44938, 0, 1, 1, 0, 0, 0
44939, 3, 1, 1, 0, 2, 1
39726, 1, 0, 0, 0, 1, 0
39727, 0, 1, 1, 0, 0, 0
39728, 1, 0, 0, 0, 1, 0
39730, 8, 6, 6, 0, 8, 0
39731, 7, 6, 6, 0, 7, 0
39732, 8, 7, 7, 0, 8, 0
39733, 8, 6, 6, 0, 8, 0
39734, 7, 6, 6, 0, 7, 0
39735, 8, 6, 6, 0, 8, 0
39736, 7, 6, 6, 0, 7, 0
39755, 2, 2, 2, 0, 2, 0
63073, 0, 1, 1, 0, 0, 0
39739, 1, 0, 0, 0, 0, 1
39740, 1, 0, 0, 0, 1, 0
39742, 3, 0, 0, 0, 3, 0
39744, 3, 0, 0, 0, 3, 0
39745, 1, 1, 1, 0, 1, 0
39748, 1, 0, 0, 0, 0, 1
39749, 1, 0, 0, 0, 1, 0
39750, 1, 0, 0, 0, 1, 0
39751, 2, 1, 1, 0, 2, 0
43227, 0, 1, 1, 0, 0, 0
107165, 3, 2, 2, 0, 3, 0
39754, 1, 0, 0, 0, 1, 0
39756, 1, 0, 0, 0, 1, 0
39757, 6, 1, 1, 0, 6, 0
42649, 2, 3, 3, 0, 2, 0
44622, 13, 4, 4, 0, 13, 0
51888, 0, 2, 2, 0, 0, 0
51893, 1, 1, 1, 0, 1, 0
51894, 4, 1, 1, 0, 4, 0
51897, 0, 1, 1, 0, 0, 0
39759, 1, 0, 0, 0, 1, 0
39760, 0, 1, 1, 0, 0, 0
39761, 1, 0, 0, 0, 1, 0
39762, 1, 0, 0, 0, 1, 0
39763, 0, 1, 1, 0, 0, 0
39764, 1, 0, 0, 0, 1, 0
39765, 0, 1, 1, 0, 0, 0
39769, 2, 0, 0, 0, 1, 1
64251, 3, 2, 2, 0, 3, 0
39771, 2, 0, 0, 0, 1, 1
39773, 3, 0, 0, 0, 1, 2
39774, 1, 0, 0, 0, 1, 0
39775, 2, 0, 0, 0, 2, 0
39776, 2, 0, 0, 0, 1, 1
39777, 1, 0, 0, 0, 1, 0
61919, 1, 1, 1, 0, 1, 0
39779, 1, 1, 1, 0, 1, 0
54130, 0, 2, 2, 0, 0, 0
39782, 1, 1, 1, 0, 1, 0
41490, 0, 1, 1, 0, 0, 0
41491, 0, 1, 1, 0, 0, 0
39784, 2, 0, 0, 0, 2, 0
52633, 19, 7, 6, 1, 18, 1
100354, 0, 1, 1, 0, 0, 0
121400, 0, 1, 1, 0, 0, 0
77190, 2, 2, 2, 0, 2, 0
39797, 3, 0, 0, 0, 2, 1
39798, 1, 0, 0, 0, 1, 0
39799, 1, 0, 0, 0, 1, 0
39800, 1, 0, 0, 0, 0, 1
39801, 1, 0, 0, 0, 1, 0
39802, 1, 0, 0, 0, 1, 0
39803, 1, 0, 0, 0, 1, 0
75333, 2, 6, 6, 0, 2, 0
78319, 3, 1, 1, 0, 3, 0
81808, 2, 1, 1, 0, 2, 0
84618, 0, 1, 1, 0, 0, 0
84619, 0, 1, 1, 0, 0, 0
39805, 1, 0, 0, 0, 1, 0
39806, 0, 1, 1, 0, 0, 0
43071, 1, 1, 1, 0, 1, 0
108100, 15, 7, 7, 0, 15, 0
93795, 1, 1, 1, 0, 1, 0
39813, 2, 0, 0, 0, 2, 0
39816, 1, 0, 0, 0, 0, 1
39817, 1, 1, 0, 1, 0, 1
39818, 1, 0, 0, 0, 1, 0
39819, 3, 0, 0, 0, 2, 1
39821, 5, 0, 0, 0, 1, 4
39822, 0, 1, 1, 0, 0, 0
39825, 1, 0, 0, 0, 1, 0
48305, 1, 1, 1, 0, 1, 0
39828, 2, 0, 0, 0, 2, 0
39829, 1, 0, 0, 0, 1, 0
39831, 1, 0, 0, 0, 1, 0
39832, 3, 1, 1, 0, 3, 0
39834, 1, 1, 1, 0, 1, 0
46367, 3, 1, 1, 0, 3, 0
46368, 0, 2, 2, 0, 0, 0
54371, 4, 2, 2, 0, 3, 1
88176, 0, 1, 1, 0, 0, 0
39836, 1, 0, 0, 0, 1, 0
39840, 1, 0, 0, 0, 0, 1
39841, 1, 0, 0, 0, 1, 0
39842, 0, 1, 1, 0, 0, 0
39847, 1, 0, 0, 0, 1, 0
39848, 1, 1, 1, 0, 1, 0
39852, 1, 0, 0, 0, 1, 0
39854, 1, 1, 1, 0, 1, 0
39855, 1, 0, 0, 0, 1, 0
39856, 1, 0, 0, 0, 1, 0
73443, 1, 2, 2, 0, 1, 0
42580, 1, 6, 5, 1, 1, 0
74305, 2, 2, 2, 0, 2, 0
75680, 1, 1, 1, 0, 1, 0
76059, 1, 1, 1, 0, 1, 0
76385, 1, 1, 1, 0, 1, 0
76404, 0, 1, 1, 0, 0, 0
76405, 3, 1, 1, 0, 3, 0
76406, 0, 1, 1, 0, 0, 0
76407, 0, 1, 1, 0, 0, 0
76408, 0, 1, 1, 0, 0, 0
39861, 1, 0, 0, 0, 1, 0
39863, 1, 0, 0, 0, 1, 0
39864, 1, 0, 0, 0, 0, 1
39868, 3, 0, 0, 0, 3, 0
53252, 1, 1, 1, 0, 1, 0
39871, 4, 1, 0, 1, 4, 0
39872, 1, 0, 0, 0, 1, 0
39873, 3, 0, 0, 0, 1, 2
39875, 1, 0, 0, 0, 0, 1
39876, 1, 0, 0, 0, 1, 0
39878, 1, 0, 0, 0, 1, 0
39879, 1, 0, 0, 0, 1, 0
54841, 1, 1, 0, 1, 1, 0
91749, 1, 2, 2, 0, 1, 0
91755, 0, 1, 1, 0, 0, 0
39894, 1, 0, 0, 0, 1, 0
39895, 0, 1, 1, 0, 0, 0
39897, 3, 0, 0, 0, 2, 1
39900, 2, 0, 0, 0, 2, 0
39902, 1, 0, 0, 0, 1, 0
39903, 4, 0, 0, 0, 4, 0
39905, 2, 0, 0, 0, 1, 1
39906, 2, 0, 0, 0, 2, 0
39907, 3, 0, 0, 0, 3, 0
39908, 2, 1, 1, 0, 2, 0
69214, 4, 5, 5, 0, 4, 0
69997, 1, 3, 3, 0, 1, 0
60495, 3, 3, 3, 0, 3, 0
80693, 3, 1, 1, 0, 3, 0
81753, 2, 1, 1, 0, 2, 0
82214, 0, 1, 1, 0, 0, 0
82217, 0, 1, 1, 0, 0, 0
82218, 0, 1, 1, 0, 0, 0
82220, 0, 1, 1, 0, 0, 0
82221, 0, 1, 1, 0, 0, 0
89977, 1, 1, 1, 0, 1, 0
90884, 0, 1, 1, 0, 0, 0
39914, 1, 0, 0, 0, 1, 0
39915, 3, 0, 0, 0, 3, 0
91745, 0, 1, 1, 0, 0, 0
91746, 0, 1, 1, 0, 0, 0
78758, 0, 1, 0, 1, 0, 0
39920, 1, 0, 0, 0, 0, 1
39922, 0, 2, 2, 0, 0, 0
39923, 1, 0, 0, 0, 0, 1
39925, 1, 0, 0, 0, 1, 0
39932, 2, 0, 0, 0, 2, 0
39933, 4, 0, 0, 0, 4, 0
39937, 1, 0, 0, 0, 1, 0
39939, 2, 0, 0, 0, 2, 0
39940, 0, 2, 2, 0, 0, 0
50675, 0, 1, 1, 0, 0, 0
50111, 0, 1, 1, 0, 0, 0
39947, 1, 0, 0, 0, 0, 1
51103, 1, 2, 1, 1, 0, 1
83357, 1, 5, 5, 0, 1, 0
101174, 1, 1, 1, 0, 1, 0
103058, 0, 1, 1, 0, 0, 0
105200, 14, 1, 1, 0, 10, 4
106850, 0, 1, 1, 0, 0, 0
107671, 0, 1, 1, 0, 0, 0
109105, 0, 1, 1, 0, 0, 0
39951, 1, 0, 0, 0, 1, 0
39955, 2, 0, 0, 0, 2, 0
39957, 1, 0, 0, 0, 1, 0
39958, 3, 2, 2, 0, 3, 0
39959, 2, 0, 0, 0, 0, 2
39961, 2, 0, 0, 0, 2, 0
39962, 1, 0, 0, 0, 1, 0
39963, 1, 1, 1, 0, 1, 0
39965, 1, 0, 0, 0, 1, 0
39966, 1, 0, 0, 0, 1, 0
39968, 1, 0, 0, 0, 1, 0
39969, 1, 0, 0, 0, 1, 0
39970, 2, 1, 1, 0, 2, 0
39971, 1, 1, 1, 0, 1, 0
39972, 1, 0, 0, 0, 1, 0
39974, 1, 1, 1, 0, 1, 0
39975, 1, 1, 1, 0, 1, 0
39976, 1, 0, 0, 0, 1, 0
39977, 1, 0, 0, 0, 0, 1
39978, 2, 0, 0, 0, 1, 1
39979, 1, 1, 1, 0, 1, 0
39980, 1, 0, 0, 0, 1, 0
39983, 2, 0, 0, 0, 2, 0
39984, 5, 0, 0, 0, 4, 1
60233, 2, 2, 2, 0, 2, 0
39989, 1, 0, 0, 0, 0, 1
39990, 0, 1, 0, 1, 0, 0
39991, 2, 0, 0, 0, 1, 1
45856, 1, 1, 1, 0, 1, 0
39996, 3, 2, 2, 0, 2, 1
40266, 1, 1, 1, 0, 1, 0
42457, 3, 2, 2, 0, 3, 0
42461, 0, 1, 1, 0, 0, 0
40002, 1, 0, 0, 0, 1, 0
40003, 0, 1, 1, 0, 0, 0
40004, 1, 0, 0, 0, 0, 1
40005, 1, 0, 0, 0, 1, 0
40006, 0, 1, 1, 0, 0, 0
40007, 2, 0, 0, 0, 2, 0
57021, 1, 1, 0, 1, 1, 0
57458, 1, 1, 1, 0, 1, 0
61207, 1, 2, 2, 0, 1, 0
66088, 2, 5, 5, 0, 2, 0
57376, 1, 1, 1, 0, 1, 0
60433, 1, 1, 1, 0, 1, 0
63869, 1, 1, 1, 0, 1, 0
66401, 3, 4, 4, 0, 3, 0
48336, 1, 1, 1, 0, 1, 0
48502, 0, 1, 0, 1, 0, 0
48503, 0, 1, 0, 1, 0, 0
48504, 0, 1, 0, 1, 0, 0
48507, 0, 1, 0, 1, 0, 0
40019, 1, 0, 0, 0, 0, 1
40020, 1, 0, 0, 0, 1, 0
40021, 5, 1, 1, 0, 5, 0
40023, 8, 2, 2, 0, 8, 0
75328, 3, 2, 2, 0, 3, 0
40028, 1, 0, 0, 0, 1, 0
40029, 1, 0, 0, 0, 1, 0
40030, 1, 0, 0, 0, 1, 0
40041, 0, 9, 8, 1, 0, 0
76734, 5, 2, 2, 0, 5, 0
76735, 0, 1, 1, 0, 0, 0
91276, 0, 1, 0, 1, 0, 0
69795, 1, 3, 3, 0, 1, 0
71121, 1, 3, 3, 0, 1, 0
71342, 3, 1, 1, 0, 3, 0
71343, 0, 3, 3, 0, 0, 0
71344, 0, 1, 1, 0, 0, 0
71020, 5, 12, 12, 0, 5, 0
71021, 0, 1, 1, 0, 0, 0
40044, 1, 0, 0, 0, 1, 0
40045, 1, 1, 1, 0, 1, 0
40046, 1, 0, 0, 0, 0, 1
40048, 2, 0, 0, 0, 1, 1
40049, 0, 1, 1, 0, 0, 0
40050, 0, 1, 0, 1, 0, 0
40053, 1, 0, 0, 0, 1, 0
40054, 1, 0, 0, 0, 1, 0
40055, 1, 0, 0, 0, 1, 0
40056, 2, 3, 1, 2, 0, 2
40236, 1, 1, 0, 1, 0, 1
40057, 1, 0, 0, 0, 1, 0
40058, 1, 0, 0, 0, 0, 1
62887, 0, 3, 3, 0, 0, 0
73846, 0, 1, 1, 0, 0, 0
40060, 2, 2, 2, 0, 2, 0
57300, 0, 1, 0, 1, 0, 0
47625, 1, 1, 1, 0, 1, 0
48531, 0, 1, 0, 1, 0, 0
40063, 3, 0, 0, 0, 3, 0
40064, 1, 0, 0, 0, 1, 0
40065, 1, 0, 0, 0, 1, 0
40066, 1, 0, 0, 0, 1, 0
40067, 6, 0, 0, 0, 5, 1
40069, 1, 0, 0, 0, 1, 0
40070, 1, 0, 0, 0, 0, 1
40072, 2, 0, 0, 0, 2, 0
40073, 1, 0, 0, 0, 1, 0
40074, 1, 0, 0, 0, 1, 0
40076, 1, 0, 0, 0, 1, 0
40077, 1, 1, 1, 0, 1, 0
40078, 1, 0, 0, 0, 0, 1
40079, 1, 0, 0, 0, 1, 0
40081, 1, 0, 0, 0, 1, 0
40082, 1, 1, 1, 0, 1, 0
40084, 2, 0, 0, 0, 2, 0
40085, 1, 0, 0, 0, 1, 0
40086, 1, 0, 0, 0, 1, 0
40091, 1, 0, 0, 0, 1, 0
40099, 0, 1, 1, 0, 0, 0
40359, 3, 6, 6, 0, 3, 0
86569, 2, 3, 3, 0, 2, 0
86881, 5, 2, 2, 0, 5, 0
87143, 5, 1, 1, 0, 5, 0
88710, 0, 1, 1, 0, 0, 0
88712, 0, 1, 1, 0, 0, 0
88713, 0, 1, 1, 0, 0, 0
88714, 0, 1, 1, 0, 0, 0
88715, 0, 1, 1, 0, 0, 0
88716, 0, 1, 1, 0, 0, 0
88717, 0, 1, 1, 0, 0, 0
88718, 0, 1, 1, 0, 0, 0
88719, 0, 1, 1, 0, 0, 0
88720, 0, 1, 1, 0, 0, 0
65621, 1, 2, 2, 0, 1, 0
88396, 0, 1, 1, 0, 0, 0
88397, 0, 1, 1, 0, 0, 0
88398, 0, 1, 1, 0, 0, 0
88399, 0, 1, 1, 0, 0, 0
88400, 0, 1, 1, 0, 0, 0
40106, 1, 1, 1, 0, 1, 0
52693, 1, 5, 5, 0, 0, 1
61254, 0, 1, 1, 0, 0, 0
40108, 1, 0, 0, 0, 1, 0
40109, 1, 0, 0, 0, 1, 0
40110, 1, 0, 0, 0, 1, 0
40111, 1, 0, 0, 0, 1, 0
40112, 1, 0, 0, 0, 1, 0
40113, 1, 0, 0, 0, 0, 1
40114, 1, 0, 0, 0, 0, 1
40115, 1, 0, 0, 0, 1, 0
40118, 5, 2, 2, 0, 5, 0
96245, 6, 2, 2, 0, 6, 0
40121, 1, 0, 0, 0, 1, 0
40123, 1, 0, 0, 0, 1, 0
40124, 2, 0, 0, 0, 2, 0
40125, 1, 0, 0, 0, 1, 0
64693, 0, 1, 1, 0, 0, 0
40128, 1, 0, 0, 0, 0, 1
40129, 0, 3, 0, 3, 0, 0
40144, 1, 0, 0, 0, 0, 1
40145, 1, 1, 0, 1, 1, 0
40149, 2, 0, 0, 0, 2, 0
40151, 1, 0, 0, 0, 0, 1
44071, 2, 1, 1, 0, 2, 0
65803, 5, 3, 3, 0, 5, 0
65804, 2, 1, 1, 0, 2, 0
65805, 0, 1, 1, 0, 0, 0
40154, 2, 0, 0, 0, 2, 0
40155, 5, 1, 1, 0, 5, 0
40164, 2, 1, 1, 0, 2, 0
40157, 1, 1, 1, 0, 1, 0
40158, 4, 1, 1, 0, 4, 0
40159, 2, 0, 0, 0, 2, 0
40160, 1, 3, 3, 0, 1, 0
40161, 0, 3, 3, 0, 0, 0
40162, 1, 0, 0, 0, 1, 0
54995, 1, 2, 2, 0, 1, 0
40167, 2, 0, 0, 0, 2, 0
40168, 0, 1, 1, 0, 0, 0
40172, 1, 0, 0, 0, 1, 0
40175, 7, 1, 1, 0, 6, 1
52445, 1, 1, 1, 0, 1, 0
66734, 0, 1, 1, 0, 0, 0
40182, 0, 1, 1, 0, 0, 0
40183, 0, 1, 1, 0, 0, 0
40632, 1, 1, 1, 0, 1, 0
40187, 1, 0, 0, 0, 1, 0
40188, 1, 0, 0, 0, 0, 1
40189, 1, 0, 0, 0, 0, 1
94530, 1, 1, 1, 0, 1, 0
40192, 1, 0, 0, 0, 1, 0
40193, 1, 1, 1, 0, 1, 0
72910, 0, 1, 1, 0, 0, 0
40195, 1, 0, 0, 0, 1, 0
40196, 1, 0, 0, 0, 1, 0
40197, 1, 0, 0, 0, 0, 1
40198, 0, 2, 0, 2, 0, 0
40199, 1, 0, 0, 0, 1, 0
40200, 1, 2, 2, 0, 1, 0
40203, 1, 1, 1, 0, 1, 0
40204, 0, 1, 1, 0, 0, 0
40205, 1, 0, 0, 0, 0, 1
40206, 0, 1, 0, 1, 0, 0
40214, 0, 1, 1, 0, 0, 0
40215, 1, 0, 0, 0, 1, 0
40216, 1, 0, 0, 0, 1, 0
40217, 0, 1, 1, 0, 0, 0
40218, 1, 1, 1, 0, 1, 0
40219, 4, 3, 3, 0, 4, 0
40220, 15, 0, 0, 0, 15, 0
42540, 6, 3, 3, 0, 6, 0
62553, 2, 1, 1, 0, 2, 0
63779, 3, 2, 2, 0, 3, 0
64017, 3, 2, 1, 1, 3, 0
66517, 4, 4, 4, 0, 4, 0
88845, 0, 1, 1, 0, 0, 0
88846, 1, 2, 2, 0, 1, 0
40224, 2, 0, 0, 0, 0, 2
40225, 3, 0, 0, 0, 3, 0
40227, 0, 1, 1, 0, 0, 0
40229, 0, 1, 1, 0, 0, 0
40230, 0, 1, 1, 0, 0, 0
81327, 0, 1, 0, 1, 0, 0
40232, 1, 0, 0, 0, 1, 0
40234, 1, 0, 0, 0, 1, 0
74173, 1, 4, 4, 0, 1, 0
40240, 0, 1, 1, 0, 0, 0
40242, 1, 0, 0, 0, 0, 1
128360, 2, 1, 1, 0, 2, 0
40244, 1, 0, 0, 0, 0, 1
75923, 5, 1, 0, 1, 4, 1
87029, 4, 1, 1, 0, 4, 0
88792, 0, 1, 1, 0, 0, 0
40250, 1, 0, 0, 0, 0, 1
40251, 1, 0, 0, 0, 0, 1
40254, 2, 2, 2, 0, 2, 0
40255, 1, 0, 0, 0, 0, 1
41151, 1, 2, 2, 0, 1, 0
44086, 3, 1, 1, 0, 3, 0
44087, 0, 2, 2, 0, 0, 0
40259, 1, 0, 0, 0, 1, 0
40260, 1, 0, 0, 0, 1, 0
40261, 2, 0, 0, 0, 2, 0
40263, 2, 0, 0, 0, 1, 1
40264, 1, 0, 0, 0, 1, 0
40267, 1, 1, 1, 0, 1, 0
40838, 6, 4, 4, 0, 5, 1
94937, 1, 1, 1, 0, 1, 0
97859, 1, 1, 1, 0, 1, 0
40270, 1, 0, 0, 0, 1, 0
40272, 0, 1, 1, 0, 0, 0
40273, 1, 0, 0, 0, 1, 0
40275, 1, 0, 0, 0, 1, 0
40276, 0, 4, 4, 0, 0, 0
40277, 1, 0, 0, 0, 1, 0
40278, 0, 1, 1, 0, 0, 0
40279, 1, 0, 0, 0, 1, 0
40281, 0, 1, 1, 0, 0, 0
40282, 1, 0, 0, 0, 1, 0
40283, 1, 1, 1, 0, 1, 0
40284, 1, 1, 1, 0, 1, 0
40285, 2, 0, 0, 0, 1, 1
40286, 1, 0, 0, 0, 1, 0
40287, 1, 0, 0, 0, 0, 1
40288, 2, 0, 0, 0, 2, 0
40290, 0, 1, 1, 0, 0, 0
40291, 1, 0, 0, 0, 1, 0
40292, 1, 0, 0, 0, 0, 1
40293, 0, 1, 0, 1, 0, 0
40294, 1, 0, 0, 0, 0, 1
40295, 1, 0, 0, 0, 0, 1
40296, 0, 1, 0, 1, 0, 0
40298, 1, 0, 0, 0, 1, 0
40300, 2, 0, 0, 0, 2, 0
46555, 0, 1, 1, 0, 0, 0
105293, 0, 1, 1, 0, 0, 0
40305, 6, 2, 2, 0, 5, 1
96118, 0, 1, 1, 0, 0, 0
96127, 1, 1, 0, 1, 1, 0
47821, 3, 1, 0, 1, 3, 0
48149, 0, 3, 1, 2, 0, 0
58832, 3, 2, 2, 0, 3, 0
70956, 0, 1, 0, 1, 0, 0
70957, 0, 1, 0, 1, 0, 0
70958, 0, 2, 0, 2, 0, 0
70959, 0, 1, 1, 0, 0, 0
70960, 0, 1, 0, 1, 0, 0
70961, 0, 1, 1, 0, 0, 0
70962, 0, 1, 1, 0, 0, 0
40318, 3, 0, 0, 0, 2, 1
40320, 0, 2, 2, 0, 0, 0
40321, 1, 0, 0, 0, 1, 0
40322, 0, 1, 1, 0, 0, 0
40323, 1, 0, 0, 0, 1, 0
40324, 0, 1, 1, 0, 0, 0
120205, 1, 1, 1, 0, 1, 0
40329, 1, 0, 0, 0, 1, 0
40332, 4, 1, 1, 0, 3, 1
40334, 1, 0, 0, 0, 1, 0
40336, 2, 1, 1, 0, 1, 1
40337, 1, 0, 0, 0, 0, 1
40339, 1, 0, 0, 0, 1, 0
40340, 1, 0, 0, 0, 1, 0
40341, 5, 0, 0, 0, 4, 1
40343, 2, 0, 0, 0, 2, 0
67347, 1, 2, 2, 0, 1, 0
92738, 0, 1, 1, 0, 0, 0
92739, 0, 1, 1, 0, 0, 0
90101, 2, 1, 1, 0, 2, 0
44500, 0, 1, 1, 0, 0, 0
40357, 4, 0, 0, 0, 4, 0
40358, 0, 1, 1, 0, 0, 0
40362, 1, 0, 0, 0, 1, 0
40366, 1, 0, 0, 0, 1, 0
40367, 1, 1, 1, 0, 1, 0
40368, 1, 0, 0, 0, 0, 1
75153, 1, 3, 3, 0, 1, 0
40370, 1, 0, 0, 0, 1, 0
40371, 2, 0, 0, 0, 2, 0
40373, 1, 1, 1, 0, 1, 0
40374, 0, 1, 1, 0, 0, 0
40375, 1, 0, 0, 0, 1, 0
40376, 0, 1, 1, 0, 0, 0
40378, 1, 0, 0, 0, 0, 1
40379, 3, 0, 0, 0, 2, 1
40380, 0, 1, 1, 0, 0, 0
40381, 0, 1, 1, 0, 0, 0
40382, 1, 0, 0, 0, 1, 0
40383, 1, 0, 0, 0, 1, 0
40384, 2, 0, 0, 0, 0, 2
40385, 0, 1, 0, 1, 0, 0
40386, 1, 0, 0, 0, 1, 0
40393, 1, 0, 0, 0, 0, 1
40397, 1, 0, 0, 0, 1, 0
40398, 2, 0, 0, 0, 0, 2
40399, 2, 0, 0, 0, 2, 0
40401, 1, 0, 0, 0, 0, 1
40402, 1, 0, 0, 0, 1, 0
48137, 3, 1, 1, 0, 3, 0
40405, 0, 1, 1, 0, 0, 0
40407, 1, 0, 0, 0, 0, 1
40411, 1, 0, 0, 0, 1, 0
40412, 1, 0, 0, 0, 1, 0
57112, 0, 1, 1, 0, 0, 0
40417, 1, 0, 0, 0, 0, 1
66283, 4, 1, 1, 0, 4, 0
66296, 0, 1, 1, 0, 0, 0
40421, 2, 0, 0, 0, 2, 0
40422, 1, 0, 0, 0, 1, 0
40424, 2, 0, 0, 0, 2, 0
104560, 2, 3, 3, 0, 2, 0
40426, 3, 0, 0, 0, 3, 0
40427, 1, 0, 0, 0, 1, 0
40428, 3, 0, 0, 0, 3, 0
40429, 0, 1, 1, 0, 0, 0
40430, 2, 0, 0, 0, 0, 2
40431, 2, 0, 0, 0, 1, 1
40433, 1, 0, 0, 0, 1, 0
40434, 0, 1, 1, 0, 0, 0
40435, 1, 0, 0, 0, 1, 0
40436, 1, 1, 1, 0, 1, 0
40437, 1, 0, 0, 0, 0, 1
40438, 1, 1, 0, 1, 1, 0
77620, 0, 1, 1, 0, 0, 0
41045, 1, 1, 1, 0, 0, 1
41381, 1, 1, 1, 0, 1, 0
41654, 1, 1, 1, 0, 0, 1
41924, 0, 1, 1, 0, 0, 0
41925, 0, 1, 1, 0, 0, 0
41928, 0, 1, 1, 0, 0, 0
41932, 8, 1, 1, 0, 7, 1
41933, 0, 1, 1, 0, 0, 0
41934, 1, 1, 1, 0, 1, 0
41935, 0, 1, 1, 0, 0, 0
41937, 0, 1, 1, 0, 0, 0
41938, 0, 1, 1, 0, 0, 0
41940, 0, 1, 1, 0, 0, 0
41941, 0, 1, 1, 0, 0, 0
41943, 0, 1, 1, 0, 0, 0
41955, 1, 1, 1, 0, 1, 0
41957, 0, 1, 1, 0, 0, 0
41959, 0, 2, 2, 0, 0, 0
41960, 0, 1, 1, 0, 0, 0
41962, 0, 1, 1, 0, 0, 0
41963, 0, 1, 1, 0, 0, 0
41965, 0, 1, 1, 0, 0, 0
41967, 0, 1, 1, 0, 0, 0
41971, 0, 1, 1, 0, 0, 0
41972, 0, 2, 2, 0, 0, 0
41974, 0, 2, 2, 0, 0, 0
41976, 0, 2, 1, 1, 0, 0
41978, 0, 2, 2, 0, 0, 0
41979, 0, 1, 1, 0, 0, 0
41983, 0, 1, 1, 0, 0, 0
41986, 0, 1, 1, 0, 0, 0
41992, 0, 1, 1, 0, 0, 0
41993, 1, 1, 1, 0, 1, 0
60230, 3, 2, 2, 0, 2, 1
69785, 1, 1, 1, 0, 1, 0
40448, 2, 0, 0, 0, 2, 0
40500, 1, 1, 1, 0, 1, 0
40480, 1, 0, 0, 0, 1, 0
40481, 1, 0, 0, 0, 1, 0
40483, 3, 0, 0, 0, 2, 1
43169, 0, 1, 1, 0, 0, 0
40490, 1, 0, 0, 0, 1, 0
40491, 1, 0, 0, 0, 1, 0
40492, 1, 0, 0, 0, 1, 0
40501, 1, 1, 1, 0, 1, 0
40502, 1, 1, 1, 0, 1, 0
40503, 1, 0, 0, 0, 0, 1
40504, 1, 0, 0, 0, 1, 0
40506, 1, 0, 0, 0, 1, 0
58643, 2, 1, 1, 0, 2, 0
58645, 1, 2, 2, 0, 1, 0
40511, 4, 0, 0, 0, 4, 0
40512, 1, 0, 0, 0, 0, 1
54245, 0, 3, 0, 3, 0, 0
75348, 0, 1, 1, 0, 0, 0
40521, 1, 0, 0, 0, 1, 0
40522, 0, 1, 1, 0, 0, 0
40525, 1, 0, 0, 0, 0, 1
40526, 1, 0, 0, 0, 1, 0
40528, 1, 0, 0, 0, 1, 0
44993, 1, 2, 2, 0, 1, 0
54955, 0, 3, 3, 0, 0, 0
58683, 1, 3, 2, 1, 1, 0
60972, 0, 2, 2, 0, 0, 0
70238, 1, 1, 1, 0, 1, 0
78292, 1, 1, 1, 0, 1, 0
82248, 0, 1, 1, 0, 0, 0
82249, 0, 1, 1, 0, 0, 0
82250, 0, 1, 1, 0, 0, 0
82251, 0, 1, 1, 0, 0, 0
82252, 0, 1, 1, 0, 0, 0
82253, 0, 1, 1, 0, 0, 0
82254, 0, 1, 1, 0, 0, 0
82255, 0, 1, 1, 0, 0, 0
82256, 0, 1, 1, 0, 0, 0
82257, 0, 1, 1, 0, 0, 0
82258, 0, 1, 1, 0, 0, 0
82259, 0, 1, 1, 0, 0, 0
82260, 0, 1, 1, 0, 0, 0
82261, 0, 1, 1, 0, 0, 0
82262, 0, 1, 1, 0, 0, 0
82263, 0, 1, 1, 0, 0, 0
82264, 0, 1, 1, 0, 0, 0
82265, 0, 1, 1, 0, 0, 0
82267, 0, 1, 1, 0, 0, 0
82268, 0, 1, 1, 0, 0, 0
82269, 0, 1, 1, 0, 0, 0
82270, 0, 1, 1, 0, 0, 0
82271, 0, 1, 1, 0, 0, 0
82272, 0, 1, 1, 0, 0, 0
82273, 0, 1, 1, 0, 0, 0
82274, 0, 1, 1, 0, 0, 0
82275, 0, 1, 1, 0, 0, 0
82276, 0, 1, 1, 0, 0, 0
82277, 0, 1, 1, 0, 0, 0
82278, 0, 1, 1, 0, 0, 0
82279, 0, 1, 1, 0, 0, 0
82280, 0, 1, 1, 0, 0, 0
82281, 0, 1, 1, 0, 0, 0
82282, 0, 1, 1, 0, 0, 0
82283, 0, 1, 1, 0, 0, 0
82284, 0, 1, 1, 0, 0, 0
82285, 0, 1, 1, 0, 0, 0
82286, 0, 1, 1, 0, 0, 0
82287, 0, 1, 1, 0, 0, 0
82288, 0, 1, 1, 0, 0, 0
82289, 0, 1, 1, 0, 0, 0
82290, 0, 1, 1, 0, 0, 0
82291, 0, 1, 1, 0, 0, 0
82292, 0, 1, 1, 0, 0, 0
82293, 0, 1, 1, 0, 0, 0
82295, 0, 1, 1, 0, 0, 0
82296, 0, 1, 1, 0, 0, 0
82297, 0, 1, 1, 0, 0, 0
82298, 0, 1, 1, 0, 0, 0
82299, 0, 1, 1, 0, 0, 0
82300, 0, 1, 1, 0, 0, 0
82301, 0, 1, 1, 0, 0, 0
82302, 0, 1, 1, 0, 0, 0
82303, 0, 1, 1, 0, 0, 0
82304, 0, 1, 1, 0, 0, 0
82305, 0, 1, 1, 0, 0, 0
82306, 0, 1, 1, 0, 0, 0
82307, 0, 1, 1, 0, 0, 0
82308, 0, 1, 1, 0, 0, 0
82309, 0, 1, 1, 0, 0, 0
82310, 0, 1, 1, 0, 0, 0
82311, 0, 1, 1, 0, 0, 0
82312, 0, 1, 1, 0, 0, 0
82313, 0, 1, 1, 0, 0, 0
95841, 0, 1, 1, 0, 0, 0
71631, 3, 6, 6, 0, 3, 0
73065, 3, 1, 1, 0, 3, 0
74361, 2, 7, 7, 0, 2, 0
75864, 5, 13, 13, 0, 5, 0
78377, 1, 2, 2, 0, 1, 0
79457, 2, 6, 6, 0, 2, 0
82338, 2, 2, 2, 0, 2, 0
82838, 4, 1, 1, 0, 4, 0
84740, 2, 2, 2, 0, 2, 0
84992, 0, 1, 1, 0, 0, 0
84993, 0, 1, 1, 0, 0, 0
84994, 0, 1, 1, 0, 0, 0
84995, 0, 1, 1, 0, 0, 0
116828, 0, 1, 1, 0, 0, 0
79471, 0, 2, 2, 0, 0, 0
51472, 0, 4, 4, 0, 0, 0
65436, 0, 1, 1, 0, 0, 0
109570, 13, 4, 4, 0, 12, 1
86638, 0, 1, 1, 0, 0, 0
86639, 0, 1, 1, 0, 0, 0
96266, 0, 1, 0, 1, 0, 0
100664, 0, 1, 0, 1, 0, 0
40552, 2, 1, 1, 0, 0, 2
40554, 1, 0, 0, 0, 1, 0
40555, 1, 0, 0, 0, 0, 1
40556, 1, 0, 0, 0, 1, 0
40557, 1, 0, 0, 0, 1, 0
40559, 6, 0, 0, 0, 5, 1
68822, 0, 3, 3, 0, 0, 0
101225, 0, 1, 0, 1, 0, 0
130823, 3, 1, 1, 0, 3, 0
40565, 5, 0, 0, 0, 5, 0
40567, 0, 1, 1, 0, 0, 0
40568, 0, 1, 1, 0, 0, 0
44148, 1, 1, 1, 0, 1, 0
88939, 0, 1, 1, 0, 0, 0
88940, 1, 1, 0, 1, 1, 0
89864, 1, 1, 1, 0, 1, 0
40572, 1, 0, 0, 0, 0, 1
40574, 1, 0, 0, 0, 1, 0
40575, 1, 1, 1, 0, 1, 0
40576, 1, 1, 1, 0, 1, 0
40579, 1, 0, 0, 0, 1, 0
40582, 1, 0, 0, 0, 1, 0
40584, 1, 0, 0, 0, 0, 1
40585, 0, 1, 0, 1, 0, 0
40586, 1, 0, 0, 0, 1, 0
40587, 0, 3, 3, 0, 0, 0
40588, 1, 0, 0, 0, 1, 0
40589, 1, 0, 0, 0, 1, 0
40590, 1, 0, 0, 0, 1, 0
40591, 1, 0, 0, 0, 1, 0
40593, 1, 0, 0, 0, 1, 0
40595, 1, 0, 0, 0, 1, 0
40596, 0, 1, 1, 0, 0, 0
50040, 4, 4, 4, 0, 4, 0
40600, 1, 0, 0, 0, 1, 0
40601, 1, 0, 0, 0, 1, 0
67989, 2, 2, 2, 0, 2, 0
40613, 1, 0, 0, 0, 1, 0
40614, 3, 1, 1, 0, 2, 1
64466, 0, 1, 0, 1, 0, 0
40615, 1, 0, 0, 0, 1, 0
40616, 1, 0, 0, 0, 1, 0
40617, 0, 1, 1, 0, 0, 0
40618, 3, 2, 2, 0, 3, 0
40619, 4, 3, 3, 0, 3, 1
40620, 7, 6, 6, 0, 7, 0
48177, 1, 2, 2, 0, 1, 0
48624, 1, 1, 1, 0, 1, 0
49228, 0, 1, 1, 0, 0, 0
86203, 0, 1, 1, 0, 0, 0
86204, 0, 1, 1, 0, 0, 0
86205, 0, 1, 1, 0, 0, 0
86206, 0, 1, 1, 0, 0, 0
40630, 2, 0, 0, 0, 1, 1
40633, 2, 0, 0, 0, 2, 0
40634, 0, 1, 1, 0, 0, 0
40636, 1, 0, 0, 0, 1, 0
40637, 1, 2, 2, 0, 0, 1
40638, 0, 1, 0, 1, 0, 0
40639, 1, 0, 0, 0, 1, 0
40640, 0, 1, 1, 0, 0, 0
40641, 8, 1, 1, 0, 7, 1
40643, 0, 1, 1, 0, 0, 0
55564, 0, 1, 1, 0, 0, 0
40647, 1, 0, 0, 0, 1, 0
40648, 2, 0, 0, 0, 1, 1
40650, 1, 0, 0, 0, 1, 0
40651, 0, 1, 1, 0, 0, 0
40652, 1, 0, 0, 0, 1, 0
40654, 1, 0, 0, 0, 1, 0
95366, 1, 1, 1, 0, 1, 0
120044, 0, 3, 3, 0, 0, 0
40686, 1, 0, 0, 0, 1, 0
40687, 1, 0, 0, 0, 1, 0
40689, 2, 0, 0, 0, 1, 1
40690, 3, 0, 0, 0, 2, 1
40691, 0, 1, 0, 1, 0, 0
40692, 1, 0, 0, 0, 0, 1
40693, 1, 0, 0, 0, 1, 0
40697, 1, 0, 0, 0, 1, 0
40698, 1, 0, 0, 0, 1, 0
40699, 1, 2, 2, 0, 1, 0
40856, 1, 1, 1, 0, 1, 0
40700, 1, 0, 0, 0, 1, 0
40701, 2, 0, 0, 0, 0, 2
40705, 1, 0, 0, 0, 1, 0
40706, 0, 1, 1, 0, 0, 0
40708, 3, 1, 1, 0, 2, 1
40710, 4, 1, 1, 0, 4, 0
69009, 0, 1, 1, 0, 0, 0
40712, 1, 0, 0, 0, 1, 0
40714, 1, 0, 0, 0, 1, 0
40715, 1, 1, 1, 0, 1, 0
40718, 1, 0, 0, 0, 1, 0
40721, 0, 1, 1, 0, 0, 0
40722, 2, 0, 0, 0, 1, 1
40723, 1, 2, 2, 0, 1, 0
40724, 0, 1, 0, 1, 0, 0
40726, 0, 2, 0, 2, 0, 0
40727, 0, 1, 1, 0, 0, 0
40728, 0, 1, 1, 0, 0, 0
40730, 0, 1, 1, 0, 0, 0
40732, 0, 1, 1, 0, 0, 0
40733, 0, 1, 1, 0, 0, 0
40734, 0, 1, 1, 0, 0, 0
40735, 0, 1, 1, 0, 0, 0
40736, 1, 0, 0, 0, 1, 0
40737, 1, 0, 0, 0, 1, 0
40739, 1, 0, 0, 0, 0, 1
40740, 1, 0, 0, 0, 0, 1
40741, 1, 0, 0, 0, 1, 0
40742, 1, 0, 0, 0, 1, 0
40743, 1, 0, 0, 0, 1, 0
40748, 3, 0, 0, 0, 3, 0
68949, 4, 2, 2, 0, 4, 0
40754, 2, 0, 0, 0, 0, 2
40758, 1, 0, 0, 0, 0, 1
40759, 1, 0, 0, 0, 1, 0
40760, 3, 0, 0, 0, 2, 1
40762, 1, 0, 0, 0, 0, 1
40763, 1, 1, 1, 0, 1, 0
40764, 1, 0, 0, 0, 0, 1
40766, 2, 0, 0, 0, 2, 0
40767, 2, 1, 1, 0, 1, 1
40768, 1, 2, 1, 1, 1, 0
40769, 1, 1, 0, 1, 0, 1
40776, 1, 0, 0, 0, 1, 0
45033, 0, 1, 1, 0, 0, 0
40781, 1, 0, 0, 0, 1, 0
40782, 1, 0, 0, 0, 1, 0
40785, 1, 0, 0, 0, 1, 0
40786, 1, 0, 0, 0, 1, 0
40787, 0, 1, 1, 0, 0, 0
40788, 2, 0, 0, 0, 2, 0
40792, 4, 0, 0, 0, 4, 0
40793, 1, 0, 0, 0, 1, 0
40794, 1, 0, 0, 0, 0, 1
40796, 1, 0, 0, 0, 1, 0
40797, 0, 1, 1, 0, 0, 0
40798, 2, 0, 0, 0, 1, 1
40799, 2, 0, 0, 0, 2, 0
40800, 0, 1, 1, 0, 0, 0
40801, 0, 1, 1, 0, 0, 0
40803, 1, 0, 0, 0, 1, 0
40804, 2, 0, 0, 0, 2, 0
40805, 1, 0, 0, 0, 1, 0
40809, 1, 0, 0, 0, 1, 0
40810, 1, 0, 0, 0, 1, 0
40811, 1, 0, 0, 0, 1, 0
40812, 1, 1, 1, 0, 1, 0
40813, 1, 1, 1, 0, 1, 0
40814, 1, 1, 1, 0, 1, 0
43386, 1, 5, 5, 0, 1, 0
69074, 0, 3, 3, 0, 0, 0
40825, 2, 0, 0, 0, 0, 2
40827, 2, 0, 0, 0, 1, 1
61660, 0, 2, 2, 0, 0, 0
40829, 1, 0, 0, 0, 1, 0
61402, 8, 4, 4, 0, 8, 0
63826, 0, 2, 2, 0, 0, 0
70131, 0, 1, 0, 1, 0, 0
40837, 1, 1, 1, 0, 1, 0
41077, 0, 1, 1, 0, 0, 0
41078, 0, 1, 1, 0, 0, 0
40844, 2, 0, 0, 0, 2, 0
40846, 1, 0, 0, 0, 1, 0
40847, 6, 2, 2, 0, 6, 0
45548, 0, 2, 2, 0, 0, 0
89259, 0, 1, 1, 0, 0, 0
89260, 0, 1, 1, 0, 0, 0
70996, 1, 3, 3, 0, 1, 0
79443, 0, 1, 1, 0, 0, 0
40849, 1, 0, 0, 0, 1, 0
40851, 3, 0, 0, 0, 1, 2
40852, 1, 1, 1, 0, 1, 0
40853, 0, 4, 4, 0, 0, 0
40855, 0, 1, 1, 0, 0, 0
40857, 1, 0, 0, 0, 1, 0
40858, 2, 1, 1, 0, 2, 0
40860, 1, 0, 0, 0, 1, 0
41813, 14, 4, 3, 1, 12, 2
87362, 4, 4, 4, 0, 4, 0
88614, 0, 1, 1, 0, 0, 0
40865, 1, 1, 1, 0, 1, 0
40867, 4, 0, 0, 0, 3, 1
40868, 1, 0, 0, 0, 1, 0
40869, 0, 1, 1, 0, 0, 0
40872, 1, 1, 1, 0, 1, 0
40873, 4, 0, 0, 0, 4, 0
40875, 1, 0, 0, 0, 1, 0
70555, 0, 7, 7, 0, 0, 0
72704, 2, 1, 1, 0, 2, 0
40879, 1, 0, 0, 0, 1, 0
40882, 1, 0, 0, 0, 1, 0
79309, 1, 1, 1, 0, 1, 0
40884, 2, 0, 0, 0, 2, 0
40886, 1, 0, 0, 0, 1, 0
40887, 1, 0, 0, 0, 1, 0
40888, 1, 1, 1, 0, 1, 0
40892, 1, 0, 0, 0, 1, 0
40893, 1, 0, 0, 0, 1, 0
40894, 1, 0, 0, 0, 1, 0
40897, 1, 0, 0, 0, 1, 0
40898, 1, 0, 0, 0, 1, 0
40899, 1, 1, 1, 0, 1, 0
40903, 5, 0, 0, 0, 5, 0
40904, 1, 0, 0, 0, 1, 0
40908, 2, 0, 0, 0, 2, 0
40909, 1, 0, 0, 0, 1, 0
40914, 3, 0, 0, 0, 2, 1
98664, 1, 1, 1, 0, 1, 0
40916, 1, 0, 0, 0, 1, 0
40918, 3, 0, 0, 0, 3, 0
40919, 0, 1, 1, 0, 0, 0
40920, 0, 1, 1, 0, 0, 0
40921, 0, 1, 1, 0, 0, 0
40922, 1, 0, 0, 0, 1, 0
40925, 2, 0, 0, 0, 2, 0
40926, 1, 0, 0, 0, 1, 0
40927, 1, 0, 0, 0, 1, 0
43057, 2, 1, 1, 0, 2, 0
44015, 1, 1, 1, 0, 1, 0
40930, 1, 0, 0, 0, 1, 0
40931, 1, 0, 0, 0, 1, 0
102500, 0, 1, 1, 0, 0, 0
40933, 2, 0, 0, 0, 1, 1
40934, 3, 2, 2, 0, 3, 0
40936, 1, 1, 1, 0, 1, 0
50701, 4, 1, 0, 1, 2, 2
70072, 5, 5, 4, 1, 5, 0
70073, 3, 5, 4, 1, 3, 0
77382, 1, 1, 1, 0, 1, 0
76709, 1, 1, 1, 0, 1, 0
70745, 1, 1, 1, 0, 1, 0
72683, 1, 1, 1, 0, 1, 0
73122, 3, 1, 1, 0, 3, 0
76504, 0, 1, 1, 0, 0, 0
40951, 3, 2, 2, 0, 1, 2
40952, 0, 2, 0, 2, 0, 0
40956, 0, 1, 0, 1, 0, 0
40957, 1, 0, 0, 0, 1, 0
40959, 1, 1, 1, 0, 0, 1
40960, 2, 3, 2, 1, 2, 0
48237, 2, 2, 2, 0, 2, 0
40961, 2, 0, 0, 0, 1, 1
40962, 1, 1, 1, 0, 1, 0
94694, 0, 1, 0, 1, 0, 0
46583, 0, 2, 1, 1, 0, 0
47641, 3, 4, 3, 1, 3, 0
51417, 1, 2, 1, 1, 1, 0
52561, 5, 2, 2, 0, 5, 0
65664, 2, 4, 4, 0, 2, 0
67917, 1, 2, 2, 0, 1, 0
68744, 12, 1, 1, 0, 12, 0
71045, 2, 1, 1, 0, 2, 0
72892, 0, 1, 1, 0, 0, 0
72893, 0, 2, 1, 1, 0, 0
72895, 1, 1, 1, 0, 1, 0
72896, 0, 1, 1, 0, 0, 0
72897, 0, 1, 1, 0, 0, 0
72898, 0, 1, 1, 0, 0, 0
72899, 0, 1, 1, 0, 0, 0
72900, 0, 1, 1, 0, 0, 0
72901, 0, 2, 1, 1, 0, 0
72902, 0, 1, 1, 0, 0, 0
40969, 1, 0, 0, 0, 1, 0
40970, 1, 0, 0, 0, 1, 0
46696, 1, 1, 0, 1, 1, 0
69765, 8, 2, 2, 0, 8, 0
72661, 0, 2, 2, 0, 0, 0
73625, 1, 1, 1, 0, 1, 0
75700, 1, 1, 1, 0, 1, 0
52901, 0, 1, 1, 0, 0, 0
57294, 0, 1, 1, 0, 0, 0
113469, 0, 1, 1, 0, 0, 0
46373, 4, 1, 1, 0, 1, 3
60505, 2, 3, 2, 1, 2, 0
41036, 1, 0, 0, 0, 1, 0
41037, 3, 0, 0, 0, 3, 0
41039, 3, 0, 0, 0, 3, 0
41040, 0, 1, 1, 0, 0, 0
41041, 1, 0, 0, 0, 0, 1
41043, 1, 0, 0, 0, 1, 0
41044, 2, 3, 3, 0, 2, 0
41047, 1, 0, 0, 0, 1, 0
41279, 1, 1, 1, 0, 1, 0
41280, 1, 1, 1, 0, 1, 0
41284, 1, 1, 1, 0, 1, 0
59230, 0, 3, 3, 0, 0, 0
62242, 0, 2, 1, 1, 0, 0
62243, 0, 1, 1, 0, 0, 0
41050, 1, 0, 0, 0, 1, 0
41053, 1, 1, 1, 0, 1, 0
41056, 2, 0, 0, 0, 2, 0
41058, 1, 0, 0, 0, 1, 0
41059, 1, 0, 0, 0, 1, 0
41061, 1, 0, 0, 0, 1, 0
41062, 1, 0, 0, 0, 1, 0
41063, 1, 0, 0, 0, 1, 0
41064, 0, 1, 1, 0, 0, 0
41065, 1, 0, 0, 0, 1, 0
41068, 1, 2, 2, 0, 1, 0
41069, 1, 2, 2, 0, 1, 0
41071, 1, 0, 0, 0, 1, 0
41086, 1, 2, 2, 0, 1, 0
41087, 0, 1, 1, 0, 0, 0
71048, 1, 1, 1, 0, 1, 0
74499, 0, 1, 1, 0, 0, 0
74502, 0, 2, 2, 0, 0, 0
74503, 0, 1, 1, 0, 0, 0
69704, 0, 1, 1, 0, 0, 0
69705, 0, 1, 1, 0, 0, 0
69706, 0, 1, 1, 0, 0, 0
67341, 1, 1, 1, 0, 1, 0
52972, 0, 1, 1, 0, 0, 0
52973, 0, 1, 1, 0, 0, 0
52974, 0, 1, 1, 0, 0, 0
52975, 0, 1, 1, 0, 0, 0
52976, 0, 1, 1, 0, 0, 0
52977, 0, 1, 1, 0, 0, 0
41093, 1, 0, 0, 0, 0, 1
41094, 0, 1, 0, 1, 0, 0
41096, 1, 0, 0, 0, 0, 1
41098, 6, 0, 0, 0, 3, 3
41099, 2, 1, 1, 0, 2, 0
41100, 1, 2, 1, 1, 1, 0
48179, 7, 2, 2, 0, 7, 0
41101, 1, 0, 0, 0, 1, 0
41102, 1, 3, 2, 1, 1, 0
41103, 1, 0, 0, 0, 1, 0
41104, 1, 1, 1, 0, 1, 0
41105, 1, 1, 1, 0, 1, 0
41106, 1, 1, 1, 0, 1, 0
41107, 2, 3, 3, 0, 2, 0
41681, 1, 1, 1, 0, 1, 0
41108, 1, 0, 0, 0, 0, 1
41109, 1, 0, 0, 0, 1, 0
41114, 1, 0, 0, 0, 1, 0
41115, 1, 1, 1, 0, 1, 0
41118, 1, 1, 1, 0, 1, 0
41117, 1, 0, 0, 0, 0, 1
41119, 1, 0, 0, 0, 1, 0
41120, 1, 0, 0, 0, 1, 0
41122, 1, 0, 0, 0, 1, 0
41123, 1, 0, 0, 0, 0, 1
41124, 1, 0, 0, 0, 1, 0
41125, 5, 0, 0, 0, 5, 0
41127, 4, 0, 0, 0, 4, 0
41128, 1, 0, 0, 0, 1, 0
41135, 1, 0, 0, 0, 1, 0
41136, 1, 0, 0, 0, 1, 0
41137, 6, 0, 0, 0, 6, 0
41140, 1, 0, 0, 0, 1, 0
41144, 1, 1, 1, 0, 1, 0
41146, 1, 0, 0, 0, 1, 0
41148, 1, 0, 0, 0, 1, 0
41150, 1, 0, 0, 0, 0, 1
41153, 1, 1, 1, 0, 1, 0
66601, 4, 3, 3, 0, 3, 1
66602, 2, 4, 4, 0, 1, 1
41157, 5, 0, 0, 0, 3, 2
56394, 11, 1, 1, 0, 11, 0
56634, 0, 1, 1, 0, 0, 0
41159, 1, 1, 0, 1, 1, 0
41160, 0, 1, 1, 0, 0, 0
41161, 4, 4, 3, 1, 4, 0
41163, 0, 1, 1, 0, 0, 0
41164, 2, 1, 0, 1, 2, 0
41165, 1, 0, 0, 0, 1, 0
41166, 1, 0, 0, 0, 1, 0
58165, 0, 1, 1, 0, 0, 0
41171, 1, 0, 0, 0, 1, 0
41172, 2, 0, 0, 0, 1, 1
41173, 0, 4, 3, 1, 0, 0
41174, 1, 0, 0, 0, 0, 1
41175, 0, 1, 0, 1, 0, 0
41176, 1, 0, 0, 0, 1, 0
41178, 1, 0, 0, 0, 1, 0
41180, 1, 0, 0, 0, 1, 0
41181, 1, 1, 1, 0, 1, 0
46242, 0, 1, 1, 0, 0, 0
41182, 1, 0, 0, 0, 1, 0
41183, 1, 0, 0, 0, 0, 1
41184, 0, 2, 0, 2, 0, 0
41186, 1, 0, 0, 0, 1, 0
41188, 1, 0, 0, 0, 1, 0
41189, 1, 0, 0, 0, 1, 0
46938, 3, 1, 1, 0, 3, 0
41192, 1, 0, 0, 0, 1, 0
41193, 1, 0, 0, 0, 1, 0
41195, 2, 1, 0, 1, 2, 0
41196, 1, 0, 0, 0, 1, 0
41903, 0, 1, 0, 1, 0, 0
41204, 1, 0, 0, 0, 1, 0
41205, 2, 2, 1, 1, 2, 0
41207, 0, 2, 2, 0, 0, 0
41208, 1, 0, 0, 0, 1, 0
41209, 1, 0, 0, 0, 1, 0
41210, 1, 0, 0, 0, 1, 0
41214, 1, 0, 0, 0, 1, 0
41216, 1, 0, 0, 0, 1, 0
41217, 1, 0, 0, 0, 1, 0
41218, 1, 0, 0, 0, 1, 0
41222, 3, 2, 2, 0, 3, 0
41223, 5, 1, 1, 0, 5, 0
41225, 4, 0, 0, 0, 4, 0
41227, 1, 0, 0, 0, 1, 0
41230, 1, 0, 0, 0, 1, 0
41232, 1, 0, 0, 0, 0, 1
41233, 1, 0, 0, 0, 1, 0
41234, 1, 0, 0, 0, 1, 0
46767, 1, 1, 1, 0, 1, 0
41236, 1, 0, 0, 0, 1, 0
41238, 2, 2, 1, 1, 2, 0
41239, 0, 1, 1, 0, 0, 0
41240, 0, 1, 1, 0, 0, 0
41241, 1, 0, 0, 0, 1, 0
41243, 2, 1, 0, 1, 2, 0
41245, 3, 4, 4, 0, 3, 0
73264, 1, 5, 4, 1, 1, 0
97547, 1, 4, 4, 0, 1, 0
80222, 0, 1, 1, 0, 0, 0
66342, 4, 1, 1, 0, 4, 0
72986, 0, 1, 1, 0, 0, 0
41255, 2, 0, 0, 0, 2, 0
41256, 1, 0, 0, 0, 1, 0
41257, 1, 0, 0, 0, 1, 0
41274, 2, 1, 1, 0, 2, 0
41261, 1, 0, 0, 0, 1, 0
41262, 1, 0, 0, 0, 1, 0
41263, 2, 0, 0, 0, 0, 2
85668, 2, 1, 1, 0, 2, 0
86085, 0, 1, 1, 0, 0, 0
86086, 0, 1, 1, 0, 0, 0
41271, 1, 1, 1, 0, 1, 0
41273, 1, 0, 0, 0, 1, 0
41275, 1, 0, 0, 0, 1, 0
41276, 1, 1, 0, 1, 1, 0
41277, 1, 0, 0, 0, 0, 1
41278, 1, 0, 0, 0, 1, 0
41281, 1, 0, 0, 0, 1, 0
41282, 0, 2, 2, 0, 0, 0
41285, 1, 0, 0, 0, 1, 0
41286, 1, 0, 0, 0, 1, 0
41293, 2, 1, 1, 0, 2, 0
41295, 1, 1, 1, 0, 1, 0
41297, 1, 0, 0, 0, 1, 0
41298, 2, 0, 0, 0, 1, 1
41299, 11, 6, 6, 0, 5, 6
49836, 1, 1, 1, 0, 1, 0
49916, 7, 4, 4, 0, 5, 2
50591, 2, 1, 1, 0, 2, 0
50592, 1, 2, 2, 0, 1, 0
41300, 1, 0, 0, 0, 1, 0
59883, 0, 1, 1, 0, 0, 0
41304, 1, 0, 0, 0, 1, 0
41305, 1, 0, 0, 0, 1, 0
41307, 1, 0, 0, 0, 1, 0
41308, 1, 0, 0, 0, 1, 0
41309, 1, 0, 0, 0, 1, 0
41311, 1, 0, 0, 0, 1, 0
41313, 1, 0, 0, 0, 1, 0
41314, 1, 0, 0, 0, 1, 0
78391, 1, 1, 1, 0, 1, 0
90568, 0, 1, 1, 0, 0, 0
90569, 0, 1, 1, 0, 0, 0
90570, 0, 1, 1, 0, 0, 0
41319, 2, 0, 0, 0, 2, 0
41321, 1, 0, 0, 0, 1, 0
41322, 3, 0, 0, 0, 2, 1
41323, 0, 1, 0, 1, 0, 0
41326, 2, 2, 2, 0, 2, 0
41412, 2, 1, 1, 0, 2, 0
41328, 1, 0, 0, 0, 1, 0
41329, 6, 0, 0, 0, 6, 0
41331, 1, 0, 0, 0, 1, 0
41332, 5, 2, 2, 0, 5, 0
80550, 0, 1, 1, 0, 0, 0
80551, 0, 1, 0, 1, 0, 0
97051, 0, 1, 0, 1, 0, 0
66880, 1, 1, 1, 0, 1, 0
66966, 1, 1, 1, 0, 1, 0
69181, 0, 1, 1, 0, 0, 0
69187, 2, 3, 3, 0, 2, 0
69188, 2, 2, 2, 0, 2, 0
69189, 1, 2, 2, 0, 1, 0
69192, 0, 1, 1, 0, 0, 0
69194, 0, 1, 1, 0, 0, 0
112662, 0, 1, 1, 0, 0, 0
41335, 1, 0, 0, 0, 1, 0
41336, 2, 1, 1, 0, 2, 0
41338, 1, 0, 0, 0, 1, 0
41339, 1, 0, 0, 0, 1, 0
41340, 1, 0, 0, 0, 1, 0
41343, 0, 1, 1, 0, 0, 0
41344, 0, 1, 1, 0, 0, 0
41345, 0, 1, 1, 0, 0, 0
41346, 1, 0, 0, 0, 0, 1
41348, 1, 0, 0, 0, 1, 0
41350, 1, 0, 0, 0, 1, 0
41351, 2, 0, 0, 0, 2, 0
41352, 0, 1, 1, 0, 0, 0
41353, 0, 1, 1, 0, 0, 0
41359, 1, 0, 0, 0, 0, 1
41360, 1, 0, 0, 0, 1, 0
41361, 1, 0, 0, 0, 1, 0
41362, 3, 4, 4, 0, 2, 1
50510, 1, 2, 2, 0, 1, 0
67394, 1, 1, 1, 0, 1, 0
41363, 1, 0, 0, 0, 1, 0
41365, 0, 2, 1, 1, 0, 0
41368, 1, 0, 0, 0, 1, 0
69652, 0, 1, 1, 0, 0, 0
41374, 3, 0, 0, 0, 3, 0
41379, 1, 0, 0, 0, 0, 1
76216, 1, 1, 1, 0, 1, 0
41382, 1, 0, 0, 0, 1, 0
41383, 0, 1, 1, 0, 0, 0
41384, 1, 0, 0, 0, 1, 0
41387, 1, 0, 0, 0, 1, 0
41388, 0, 1, 1, 0, 0, 0
41389, 2, 0, 0, 0, 2, 0
41391, 1, 0, 0, 0, 1, 0
41397, 1, 1, 1, 0, 1, 0
52440, 3, 2, 2, 0, 3, 0
66382, 2, 2, 2, 0, 2, 0
68944, 0, 1, 1, 0, 0, 0
41394, 1, 0, 0, 0, 0, 1
41395, 3, 0, 0, 0, 3, 0
41398, 1, 0, 0, 0, 1, 0
41400, 3, 0, 0, 0, 1, 2
41401, 0, 1, 0, 1, 0, 0
41402, 1, 0, 0, 0, 0, 1
41403, 1, 0, 0, 0, 0, 1
41406, 1, 0, 0, 0, 1, 0
41407, 1, 0, 0, 0, 1, 0
41408, 1, 0, 0, 0, 1, 0
41409, 1, 0, 0, 0, 1, 0
41410, 4, 0, 0, 0, 4, 0
41413, 1, 0, 0, 0, 1, 0
41414, 1, 0, 0, 0, 1, 0
41415, 1, 0, 0, 0, 1, 0
56440, 0, 1, 1, 0, 0, 0
56441, 0, 1, 1, 0, 0, 0
56442, 3, 3, 3, 0, 3, 0
41418, 1, 0, 0, 0, 1, 0
41432, 1, 0, 0, 0, 1, 0
41437, 1, 0, 0, 0, 1, 0
66258, 3, 1, 1, 0, 3, 0
41446, 1, 0, 0, 0, 1, 0
41450, 1, 2, 2, 0, 1, 0
41452, 1, 0, 0, 0, 1, 0
41453, 1, 0, 0, 0, 1, 0
41455, 0, 1, 1, 0, 0, 0
41456, 1, 0, 0, 0, 1, 0
41457, 1, 0, 0, 0, 1, 0
41459, 0, 1, 1, 0, 0, 0
41460, 2, 0, 0, 0, 2, 0
41461, 1, 0, 0, 0, 1, 0
41462, 3, 0, 0, 0, 3, 0
41464, 1, 1, 1, 0, 1, 0
41466, 1, 0, 0, 0, 1, 0
41467, 1, 0, 0, 0, 1, 0
41469, 1, 0, 0, 0, 1, 0
41471, 1, 0, 0, 0, 1, 0
41476, 1, 0, 0, 0, 1, 0
41477, 1, 0, 0, 0, 1, 0
41478, 3, 0, 0, 0, 3, 0
52093, 5, 1, 1, 0, 5, 0
61096, 1, 2, 2, 0, 1, 0
57434, 9, 1, 1, 0, 9, 0
64324, 0, 2, 2, 0, 0, 0
74471, 1, 1, 1, 0, 1, 0
41492, 1, 0, 0, 0, 1, 0
74748, 2, 2, 2, 0, 2, 0
41496, 1, 0, 0, 0, 0, 1
41499, 1, 0, 0, 0, 1, 0
41500, 0, 1, 1, 0, 0, 0
41501, 1, 0, 0, 0, 1, 0
41502, 1, 0, 0, 0, 1, 0
41503, 1, 0, 0, 0, 1, 0
62611, 1, 1, 1, 0, 1, 0
63152, 3, 3, 3, 0, 3, 0
72725, 11, 1, 1, 0, 11, 0
72726, 0, 2, 2, 0, 0, 0
72727, 0, 1, 1, 0, 0, 0
72730, 1, 1, 1, 0, 1, 0
44869, 0, 1, 1, 0, 0, 0
41541, 1, 0, 0, 0, 1, 0
41543, 1, 1, 1, 0, 1, 0
41546, 1, 0, 0, 0, 1, 0
41547, 1, 0, 0, 0, 1, 0
41550, 1, 0, 0, 0, 1, 0
41551, 8, 4, 2, 2, 4, 4
41552, 1, 0, 0, 0, 1, 0
41555, 1, 0, 0, 0, 0, 1
41556, 0, 2, 1, 1, 0, 0
41557, 1, 0, 0, 0, 1, 0
41563, 1, 0, 0, 0, 1, 0
41564, 1, 0, 0, 0, 1, 0
41565, 1, 0, 0, 0, 1, 0
41566, 1, 1, 1, 0, 1, 0
41567, 1, 1, 1, 0, 1, 0
41569, 1, 0, 0, 0, 1, 0
41573, 1, 0, 0, 0, 1, 0
41574, 3, 1, 1, 0, 3, 0
41576, 1, 0, 0, 0, 1, 0
43051, 0, 1, 1, 0, 0, 0
41578, 1, 0, 0, 0, 1, 0
41580, 3, 0, 0, 0, 3, 0
41582, 2, 4, 4, 0, 2, 0
41584, 2, 0, 0, 0, 2, 0
41585, 1, 0, 0, 0, 1, 0
41586, 1, 0, 0, 0, 0, 1
41589, 2, 1, 1, 0, 2, 0
41590, 1, 1, 1, 0, 1, 0
41598, 1, 1, 1, 0, 1, 0
41599, 1, 3, 3, 0, 1, 0
41600, 1, 0, 0, 0, 0, 1
41601, 1, 0, 0, 0, 1, 0
41602, 1, 0, 0, 0, 1, 0
41603, 1, 0, 0, 0, 0, 1
41604, 1, 0, 0, 0, 1, 0
41606, 3, 0, 0, 0, 3, 0
41607, 0, 1, 1, 0, 0, 0
41608, 0, 2, 2, 0, 0, 0
41609, 2, 0, 0, 0, 2, 0
41610, 2, 0, 0, 0, 0, 2
41614, 1, 0, 0, 0, 1, 0
41615, 1, 0, 0, 0, 1, 0
41616, 1, 0, 0, 0, 1, 0
41617, 1, 0, 0, 0, 1, 0
41619, 2, 0, 0, 0, 0, 2
41620, 1, 0, 0, 0, 1, 0
41621, 0, 1, 1, 0, 0, 0
41624, 0, 1, 0, 1, 0, 0
41625, 1, 0, 0, 0, 0, 1
41627, 1, 0, 0, 0, 1, 0
41628, 1, 0, 0, 0, 1, 0
41629, 1, 0, 0, 0, 1, 0
41630, 1, 0, 0, 0, 1, 0
41637, 1, 0, 0, 0, 1, 0
41638, 2, 0, 0, 0, 0, 2
41639, 1, 0, 0, 0, 1, 0
41640, 0, 2, 2, 0, 0, 0
41641, 1, 0, 0, 0, 1, 0
41642, 0, 1, 1, 0, 0, 0
41644, 0, 1, 1, 0, 0, 0
77036, 0, 1, 1, 0, 0, 0
41647, 1, 1, 1, 0, 1, 0
41649, 2, 0, 0, 0, 2, 0
66430, 1, 1, 1, 0, 1, 0
67992, 1, 2, 2, 0, 1, 0
41652, 1, 1, 1, 0, 1, 0
41653, 1, 0, 0, 0, 1, 0
41656, 1, 0, 0, 0, 1, 0
117826, 0, 1, 1, 0, 0, 0
41659, 1, 0, 0, 0, 0, 1
41660, 0, 1, 0, 1, 0, 0
41662, 3, 0, 0, 0, 2, 1
41666, 1, 0, 0, 0, 1, 0
41669, 1, 0, 0, 0, 1, 0
41670, 2, 0, 0, 0, 2, 0
41671, 1, 0, 0, 0, 1, 0
41674, 4, 1, 1, 0, 4, 0
41675, 5, 1, 1, 0, 4, 1
95678, 0, 1, 1, 0, 0, 0
51927, 0, 1, 1, 0, 0, 0
41676, 2, 0, 0, 0, 2, 0
119720, 0, 1, 1, 0, 0, 0
41678, 1, 0, 0, 0, 1, 0
41679, 1, 0, 0, 0, 1, 0
41682, 1, 0, 0, 0, 1, 0
41683, 1, 0, 0, 0, 1, 0
41685, 1, 0, 0, 0, 0, 1
41686, 0, 2, 1, 1, 0, 0
41687, 1, 0, 0, 0, 1, 0
41690, 1, 0, 0, 0, 1, 0
41692, 1, 0, 0, 0, 1, 0
41698, 1, 0, 0, 0, 1, 0
41700, 0, 1, 1, 0, 0, 0
41705, 1, 0, 0, 0, 1, 0
41706, 1, 0, 0, 0, 1, 0
41707, 1, 0, 0, 0, 0, 1
41708, 1, 0, 0, 0, 1, 0
41711, 1, 0, 0, 0, 0, 1
42481, 1, 6, 5, 1, 1, 0
102321, 1, 1, 1, 0, 1, 0
105743, 4, 1, 1, 0, 4, 0
41713, 1, 0, 0, 0, 1, 0
41714, 1, 0, 0, 0, 1, 0
41715, 1, 0, 0, 0, 1, 0
41716, 1, 3, 3, 0, 1, 0
41799, 0, 3, 3, 0, 0, 0
41717, 1, 0, 0, 0, 1, 0
41720, 1, 0, 0, 0, 1, 0
41722, 1, 0, 0, 0, 1, 0
41723, 4, 0, 0, 0, 4, 0
77285, 0, 2, 2, 0, 0, 0
41727, 1, 0, 0, 0, 1, 0
41728, 2, 0, 0, 0, 2, 0
41730, 1, 0, 0, 0, 1, 0
41738, 1, 0, 0, 0, 1, 0
41739, 1, 0, 0, 0, 1, 0
41740, 1, 0, 0, 0, 1, 0
67393, 3, 1, 1, 0, 3, 0
41743, 0, 1, 0, 1, 0, 0
41744, 1, 0, 0, 0, 1, 0
41745, 3, 0, 0, 0, 0, 3
41747, 6, 2, 2, 0, 2, 4
117652, 0, 1, 0, 1, 0, 0
117653, 0, 1, 0, 1, 0, 0
41748, 1, 0, 0, 0, 1, 0
41749, 1, 0, 0, 0, 1, 0
41750, 1, 1, 1, 0, 1, 0
41751, 1, 1, 1, 0, 1, 0
45798, 1, 1, 1, 0, 1, 0
46036, 0, 1, 1, 0, 0, 0
41770, 1, 0, 0, 0, 1, 0
41771, 4, 0, 0, 0, 4, 0
41772, 1, 0, 0, 0, 1, 0
41774, 1, 0, 0, 0, 0, 1
84214, 0, 2, 2, 0, 0, 0
41776, 3, 0, 0, 0, 3, 0
41777, 4, 1, 1, 0, 4, 0
41782, 1, 0, 0, 0, 1, 0
41789, 2, 0, 0, 0, 2, 0
41791, 1, 1, 0, 1, 1, 0
41792, 2, 2, 2, 0, 2, 0
43163, 4, 1, 1, 0, 2, 2
41794, 1, 1, 1, 0, 1, 0
41795, 2, 0, 0, 0, 1, 1
41796, 0, 1, 1, 0, 0, 0
41797, 3, 0, 0, 0, 3, 0
41798, 1, 0, 0, 0, 1, 0
41800, 3, 0, 0, 0, 3, 0
41806, 1, 0, 0, 0, 0, 1
41807, 2, 0, 0, 0, 2, 0
41810, 3, 0, 0, 0, 3, 0
41811, 6, 0, 0, 0, 4, 2
41812, 0, 1, 1, 0, 0, 0
41814, 5, 4, 3, 1, 5, 0
56733, 1, 1, 1, 0, 1, 0
53586, 1, 1, 1, 0, 1, 0
41816, 5, 0, 0, 0, 5, 0
41817, 2, 0, 0, 0, 2, 0
41818, 2, 0, 0, 0, 1, 1
41819, 1, 0, 0, 0, 1, 0
41820, 1, 0, 0, 0, 1, 0
41823, 5, 0, 0, 0, 0, 5
41826, 1, 0, 0, 0, 1, 0
41827, 2, 1, 1, 0, 2, 0
41829, 1, 0, 0, 0, 1, 0
41830, 1, 0, 0, 0, 0, 1
41831, 2, 0, 0, 0, 2, 0
42316, 1, 1, 1, 0, 1, 0
42317, 5, 4, 4, 0, 5, 0
41834, 3, 2, 0, 2, 1, 2
41835, 0, 1, 1, 0, 0, 0
87198, 1, 1, 1, 0, 1, 0
87994, 0, 1, 1, 0, 0, 0
87995, 0, 1, 0, 1, 0, 0
87996, 0, 1, 1, 0, 0, 0
41838, 2, 0, 0, 0, 2, 0
41840, 2, 1, 1, 0, 2, 0
41841, 2, 0, 0, 0, 2, 0
41842, 2, 2, 2, 0, 2, 0
41843, 1, 2, 2, 0, 1, 0
41845, 1, 1, 1, 0, 1, 0
57248, 0, 1, 1, 0, 0, 0
41847, 1, 0, 0, 0, 1, 0
41851, 1, 0, 0, 0, 0, 1
41852, 1, 0, 0, 0, 0, 1
41853, 3, 1, 0, 1, 3, 0
84638, 0, 1, 1, 0, 0, 0
41854, 1, 0, 0, 0, 1, 0
41855, 0, 1, 1, 0, 0, 0
41856, 1, 1, 1, 0, 1, 0
42239, 0, 1, 1, 0, 0, 0
41858, 5, 0, 0, 0, 5, 0
41859, 0, 1, 1, 0, 0, 0
41860, 1, 0, 0, 0, 1, 0
41861, 2, 1, 1, 0, 2, 0
41862, 1, 1, 1, 0, 1, 0
41863, 1, 0, 0, 0, 1, 0
41864, 0, 1, 1, 0, 0, 0
41866, 1, 0, 0, 0, 1, 0
41868, 3, 0, 0, 0, 3, 0
41869, 0, 1, 1, 0, 0, 0
41871, 1, 0, 0, 0, 1, 0
41874, 1, 0, 0, 0, 1, 0
41877, 0, 1, 0, 1, 0, 0
41923, 1, 1, 1, 0, 1, 0
41889, 1, 1, 1, 0, 1, 0
41890, 1, 1, 1, 0, 1, 0
41891, 1, 0, 0, 0, 1, 0
41892, 1, 0, 0, 0, 1, 0
69991, 1, 1, 1, 0, 1, 0
73671, 1, 1, 1, 0, 1, 0
75026, 1, 1, 1, 0, 1, 0
41897, 2, 0, 0, 0, 2, 0
41898, 1, 0, 0, 0, 0, 1
41900, 1, 0, 0, 0, 1, 0
41904, 2, 0, 0, 0, 2, 0
42974, 1, 1, 1, 0, 1, 0
44850, 0, 1, 1, 0, 0, 0
44851, 0, 1, 1, 0, 0, 0
44852, 0, 1, 1, 0, 0, 0
41913, 1, 2, 1, 1, 1, 0
41914, 2, 2, 1, 1, 1, 1
41917, 1, 0, 0, 0, 0, 1
41918, 0, 1, 0, 1, 0, 0
41919, 1, 0, 0, 0, 1, 0
67367, 1, 1, 1, 0, 1, 0
41921, 1, 0, 0, 0, 1, 0
44220, 0, 1, 1, 0, 0, 0
69627, 2, 2, 2, 0, 2, 0
113118, 0, 2, 2, 0, 0, 0
114861, 0, 1, 1, 0, 0, 0
115681, 0, 1, 1, 0, 0, 0
129945, 0, 1, 1, 0, 0, 0
43922, 0, 1, 1, 0, 0, 0
43923, 0, 1, 1, 0, 0, 0
45025, 1, 2, 2, 0, 1, 0
58589, 0, 5, 5, 0, 0, 0
120965, 0, 2, 2, 0, 0, 0
124819, 0, 1, 1, 0, 0, 0
124889, 0, 1, 1, 0, 0, 0
70081, 1, 1, 1, 0, 1, 0
43012, 0, 1, 1, 0, 0, 0
43013, 0, 1, 1, 0, 0, 0
49117, 4, 4, 3, 1, 4, 0
65855, 0, 2, 2, 0, 0, 0
65858, 3, 1, 1, 0, 3, 0
69752, 1, 1, 1, 0, 1, 0
74209, 0, 1, 1, 0, 0, 0
52890, 4, 1, 1, 0, 4, 0
56021, 3, 1, 1, 0, 3, 0
56025, 0, 1, 1, 0, 0, 0
56026, 0, 1, 1, 0, 0, 0
56027, 0, 2, 2, 0, 0, 0
56030, 0, 1, 1, 0, 0, 0
56031, 2, 1, 1, 0, 2, 0
56034, 1, 1, 1, 0, 1, 0
56035, 0, 1, 1, 0, 0, 0
56037, 0, 1, 1, 0, 0, 0
73148, 6, 1, 1, 0, 6, 0
64935, 2, 2, 2, 0, 2, 0
55474, 2, 4, 4, 0, 2, 0
41997, 1, 0, 0, 0, 1, 0
41998, 1, 0, 0, 0, 1, 0
41999, 1, 0, 0, 0, 1, 0
73279, 3, 5, 5, 0, 3, 0
86370, 1, 1, 1, 0, 1, 0
42005, 1, 0, 0, 0, 1, 0
42008, 1, 0, 0, 0, 1, 0
42009, 0, 1, 1, 0, 0, 0
42011, 4, 0, 0, 0, 4, 0
42017, 1, 0, 0, 0, 1, 0
42018, 1, 0, 0, 0, 1, 0
42020, 1, 0, 0, 0, 1, 0
42021, 0, 1, 1, 0, 0, 0
42022, 1, 0, 0, 0, 1, 0
42023, 0, 1, 1, 0, 0, 0
42024, 1, 0, 0, 0, 1, 0
42026, 1, 0, 0, 0, 1, 0
42030, 1, 0, 0, 0, 1, 0
42033, 1, 0, 0, 0, 1, 0
42035, 1, 0, 0, 0, 1, 0
42036, 2, 1, 0, 1, 1, 1
42037, 3, 4, 4, 0, 2, 1
75401, 0, 1, 0, 1, 0, 0
42038, 1, 0, 0, 0, 0, 1
42039, 0, 1, 0, 1, 0, 0
42040, 1, 0, 0, 0, 1, 0
42042, 2, 1, 0, 1, 2, 0
71154, 2, 1, 1, 0, 2, 0
57252, 2, 1, 1, 0, 2, 0
44977, 1, 1, 1, 0, 1, 0
42049, 2, 0, 0, 0, 2, 0
42052, 1, 0, 0, 0, 1, 0
42053, 1, 0, 0, 0, 1, 0
42054, 1, 0, 0, 0, 1, 0
42055, 1, 2, 2, 0, 1, 0
42059, 0, 1, 0, 1, 0, 0
42060, 0, 1, 0, 1, 0, 0
71243, 1, 1, 1, 0, 1, 0
73406, 3, 2, 2, 0, 3, 0
73616, 1, 1, 1, 0, 1, 0
73617, 0, 1, 1, 0, 0, 0
73619, 0, 1, 1, 0, 0, 0
73620, 0, 1, 1, 0, 0, 0
73621, 0, 1, 1, 0, 0, 0
42063, 1, 0, 0, 0, 1, 0
42064, 4, 2, 2, 0, 4, 0
42066, 1, 0, 0, 0, 0, 1
73650, 2, 2, 2, 0, 2, 0
76125, 6, 2, 2, 0, 6, 0
79193, 0, 1, 1, 0, 0, 0
79194, 0, 1, 1, 0, 0, 0
42068, 1, 0, 0, 0, 1, 0
42078, 5, 0, 0, 0, 2, 3
42079, 1, 0, 0, 0, 1, 0
42080, 1, 0, 0, 0, 1, 0
42081, 1, 0, 0, 0, 1, 0
42082, 1, 0, 0, 0, 1, 0
42083, 1, 0, 0, 0, 1, 0
42084, 1, 0, 0, 0, 0, 1
42086, 3, 0, 0, 0, 3, 0
42088, 1, 1, 1, 0, 0, 1
42089, 2, 0, 0, 0, 2, 0
42090, 0, 1, 1, 0, 0, 0
42091, 1, 0, 0, 0, 1, 0
42093, 1, 0, 0, 0, 1, 0
76266, 1, 1, 1, 0, 1, 0
117344, 0, 1, 1, 0, 0, 0
47161, 0, 1, 1, 0, 0, 0
47162, 0, 2, 2, 0, 0, 0
42105, 0, 1, 1, 0, 0, 0
42107, 3, 3, 3, 0, 3, 0
46357, 2, 3, 2, 1, 2, 0
53148, 1, 1, 1, 0, 1, 0
69644, 0, 1, 1, 0, 0, 0
69645, 0, 1, 1, 0, 0, 0
42110, 2, 0, 0, 0, 2, 0
42112, 1, 1, 1, 0, 1, 0
76942, 2, 2, 2, 0, 2, 0
76943, 5, 2, 2, 0, 5, 0
78527, 1, 1, 1, 0, 1, 0
84351, 1, 1, 1, 0, 1, 0
87748, 0, 2, 2, 0, 0, 0
87749, 0, 2, 2, 0, 0, 0
87803, 0, 2, 2, 0, 0, 0
42115, 1, 0, 0, 0, 0, 1
42116, 1, 0, 0, 0, 1, 0
42117, 5, 4, 4, 0, 5, 0
43774, 0, 1, 1, 0, 0, 0
42119, 1, 0, 0, 0, 0, 1
44133, 1, 1, 1, 0, 1, 0
75952, 3, 3, 3, 0, 3, 0
86558, 2, 6, 6, 0, 2, 0
89489, 6, 4, 4, 0, 6, 0
90533, 1, 3, 3, 0, 1, 0
91889, 0, 1, 1, 0, 0, 0
91890, 0, 1, 1, 0, 0, 0
91891, 0, 1, 1, 0, 0, 0
91892, 0, 1, 1, 0, 0, 0
52456, 2, 17, 17, 0, 2, 0
56776, 0, 1, 1, 0, 0, 0
69880, 0, 1, 1, 0, 0, 0
76338, 1, 1, 1, 0, 1, 0
90413, 0, 1, 1, 0, 0, 0
42135, 1, 0, 0, 0, 1, 0
42136, 2, 1, 0, 1, 2, 0
42137, 1, 0, 0, 0, 1, 0
42138, 1, 0, 0, 0, 1, 0
42139, 1, 2, 2, 0, 1, 0
79616, 1, 1, 1, 0, 1, 0
42141, 1, 0, 0, 0, 1, 0
42142, 1, 0, 0, 0, 1, 0
42144, 3, 0, 0, 0, 3, 0
42148, 1, 0, 0, 0, 1, 0
42152, 1, 0, 0, 0, 1, 0
83460, 0, 1, 1, 0, 0, 0
42158, 1, 0, 0, 0, 1, 0
42160, 2, 0, 0, 0, 1, 1
42161, 1, 0, 0, 0, 1, 0
42162, 2, 0, 0, 0, 2, 0
106334, 0, 1, 1, 0, 0, 0
106336, 0, 1, 1, 0, 0, 0
106796, 1, 1, 1, 0, 1, 0
42164, 1, 0, 0, 0, 1, 0
42166, 1, 0, 0, 0, 1, 0
42168, 1, 0, 0, 0, 1, 0
96235, 0, 1, 0, 1, 0, 0
42177, 1, 0, 0, 0, 1, 0
42180, 1, 0, 0, 0, 0, 1
42181, 1, 0, 0, 0, 1, 0
42183, 1, 0, 0, 0, 1, 0
42185, 1, 0, 0, 0, 0, 1
42186, 0, 1, 0, 1, 0, 0
42187, 1, 0, 0, 0, 0, 1
42188, 3, 0, 0, 0, 3, 0
42189, 1, 0, 0, 0, 1, 0
42191, 1, 1, 1, 0, 1, 0
42192, 1, 3, 3, 0, 1, 0
42193, 1, 0, 0, 0, 0, 1
42194, 2, 0, 0, 0, 2, 0
42195, 1, 0, 0, 0, 1, 0
42196, 0, 1, 1, 0, 0, 0
42197, 1, 0, 0, 0, 1, 0
42198, 2, 0, 0, 0, 2, 0
42199, 1, 1, 1, 0, 0, 1
42200, 2, 0, 0, 0, 2, 0
42202, 1, 0, 0, 0, 1, 0
42203, 1, 0, 0, 0, 1, 0
42204, 1, 0, 0, 0, 1, 0
42205, 1, 0, 0, 0, 1, 0
51433, 0, 1, 1, 0, 0, 0
42207, 1, 0, 0, 0, 0, 1
42208, 0, 1, 0, 1, 0, 0
42209, 1, 0, 0, 0, 1, 0
42210, 1, 0, 0, 0, 1, 0
42211, 1, 0, 0, 0, 1, 0
42213, 1, 0, 0, 0, 1, 0
42214, 0, 1, 1, 0, 0, 0
42215, 3, 0, 0, 0, 3, 0
42217, 1, 0, 0, 0, 1, 0
42218, 1, 0, 0, 0, 1, 0
42219, 1, 0, 0, 0, 1, 0
42220, 1, 0, 0, 0, 1, 0
42221, 3, 0, 0, 0, 3, 0
42222, 5, 0, 0, 0, 3, 2
42225, 0, 2, 2, 0, 0, 0
42226, 2, 1, 0, 1, 1, 1
42228, 1, 0, 0, 0, 0, 1
42229, 1, 0, 0, 0, 1, 0
42231, 1, 0, 0, 0, 0, 1
42233, 1, 0, 0, 0, 0, 1
42234, 1, 0, 0, 0, 1, 0
42235, 2, 0, 0, 0, 1, 1
42238, 1, 0, 0, 0, 1, 0
42242, 0, 1, 1, 0, 0, 0
53452, 2, 2, 2, 0, 2, 0
58945, 1, 2, 2, 0, 1, 0
83482, 0, 1, 1, 0, 0, 0
42244, 1, 0, 0, 0, 1, 0
42245, 1, 0, 0, 0, 1, 0
42246, 1, 0, 0, 0, 1, 0
42247, 2, 2, 2, 0, 2, 0
42248, 8, 0, 0, 0, 5, 3
42250, 2, 0, 0, 0, 1, 1
103897, 0, 1, 1, 0, 0, 0
84019, 0, 1, 1, 0, 0, 0
84020, 0, 1, 1, 0, 0, 0
43901, 2, 3, 3, 0, 2, 0
42263, 1, 0, 0, 0, 1, 0
42266, 1, 0, 0, 0, 1, 0
42267, 2, 0, 0, 0, 2, 0
42268, 2, 0, 0, 0, 2, 0
42269, 1, 1, 0, 1, 1, 0
42270, 2, 2, 2, 0, 1, 1
42432, 1, 1, 1, 0, 1, 0
42271, 2, 0, 0, 0, 2, 0
42273, 1, 0, 0, 0, 1, 0
42274, 2, 3, 3, 0, 2, 0
45164, 1, 1, 1, 0, 1, 0
42275, 1, 0, 0, 0, 1, 0
42277, 3, 0, 0, 0, 3, 0
42282, 1, 0, 0, 0, 1, 0
42283, 1, 0, 0, 0, 1, 0
42286, 1, 0, 0, 0, 1, 0
42289, 3, 0, 0, 0, 0, 3
42290, 0, 1, 0, 1, 0, 0
42291, 1, 0, 0, 0, 1, 0
42292, 1, 0, 0, 0, 1, 0
42293, 1, 0, 0, 0, 1, 0
42294, 2, 0, 0, 0, 1, 1
42296, 18, 0, 0, 0, 18, 0
44031, 3, 2, 2, 0, 3, 0
44329, 0, 2, 2, 0, 0, 0
60414, 3, 2, 2, 0, 1, 2
66659, 1, 1, 1, 0, 1, 0
70986, 0, 2, 2, 0, 0, 0
84136, 4, 4, 4, 0, 4, 0
110494, 0, 1, 1, 0, 0, 0
110495, 0, 1, 1, 0, 0, 0
110496, 0, 1, 1, 0, 0, 0
110543, 0, 1, 1, 0, 0, 0
42298, 2, 1, 1, 0, 2, 0
42300, 1, 2, 2, 0, 1, 0
42304, 1, 1, 1, 0, 1, 0
42306, 1, 0, 0, 0, 1, 0
98195, 1, 1, 1, 0, 1, 0
42308, 1, 0, 0, 0, 1, 0
42309, 1, 0, 0, 0, 0, 1
42310, 2, 0, 0, 0, 2, 0
42314, 1, 0, 0, 0, 1, 0
42315, 0, 1, 1, 0, 0, 0
70977, 1, 2, 1, 1, 1, 0
70978, 1, 1, 1, 0, 1, 0
42318, 1, 0, 0, 0, 1, 0
42321, 1, 0, 0, 0, 1, 0
42322, 1, 0, 0, 0, 1, 0
42323, 1, 0, 0, 0, 1, 0
42324, 1, 0, 0, 0, 1, 0
42329, 1, 1, 1, 0, 1, 0
42330, 2, 3, 2, 1, 1, 1
60664, 0, 1, 1, 0, 0, 0
42414, 1, 1, 1, 0, 1, 0
42446, 0, 1, 1, 0, 0, 0
42447, 0, 1, 1, 0, 0, 0
42448, 0, 1, 1, 0, 0, 0
42449, 0, 1, 0, 1, 0, 0
42334, 4, 2, 2, 0, 4, 0
42337, 1, 0, 0, 0, 0, 1
42338, 2, 1, 1, 0, 0, 2
42340, 1, 0, 0, 0, 0, 1
42341, 0, 1, 0, 1, 0, 0
42342, 1, 0, 0, 0, 0, 1
42344, 2, 0, 0, 0, 0, 2
42345, 1, 1, 1, 0, 1, 0
42350, 0, 1, 1, 0, 0, 0
42351, 1, 0, 0, 0, 1, 0
42354, 1, 0, 0, 0, 1, 0
42355, 1, 0, 0, 0, 0, 1
42356, 0, 1, 0, 1, 0, 0
78268, 1, 1, 1, 0, 1, 0
42361, 1, 0, 0, 0, 1, 0
42365, 1, 0, 0, 0, 1, 0
42366, 1, 0, 0, 0, 0, 1
42369, 1, 0, 0, 0, 1, 0
42373, 1, 0, 0, 0, 1, 0
42375, 2, 2, 1, 1, 2, 0
42376, 0, 1, 0, 1, 0, 0
44098, 2, 3, 3, 0, 2, 0
44099, 0, 1, 1, 0, 0, 0
44100, 1, 2, 2, 0, 1, 0
44101, 0, 1, 1, 0, 0, 0
44102, 0, 1, 1, 0, 0, 0
44104, 1, 1, 1, 0, 1, 0
44106, 0, 1, 1, 0, 0, 0
44111, 0, 1, 1, 0, 0, 0
44112, 1, 1, 1, 0, 1, 0
44114, 3, 3, 2, 1, 3, 0
44119, 2, 1, 1, 0, 2, 0
44120, 3, 1, 1, 0, 2, 1
44121, 1, 1, 1, 0, 1, 0
42381, 4, 3, 3, 0, 4, 0
42382, 2, 2, 2, 0, 2, 0
42383, 3, 2, 2, 0, 3, 0
42384, 1, 1, 1, 0, 1, 0
42385, 1, 3, 3, 0, 1, 0
45617, 1, 1, 1, 0, 1, 0
45690, 1, 2, 2, 0, 1, 0
125547, 2, 1, 1, 0, 2, 0
42393, 1, 0, 0, 0, 1, 0
42394, 1, 0, 0, 0, 1, 0
42395, 1, 0, 0, 0, 1, 0
42396, 1, 0, 0, 0, 1, 0
42397, 2, 0, 0, 0, 2, 0
42400, 0, 1, 0, 1, 0, 0
42402, 1, 0, 0, 0, 1, 0
42404, 0, 1, 0, 1, 0, 0
42405, 1, 0, 0, 0, 0, 1
42406, 0, 1, 0, 1, 0, 0
42408, 1, 0, 0, 0, 1, 0
42410, 1, 0, 0, 0, 1, 0
42411, 1, 0, 0, 0, 1, 0
42412, 1, 1, 1, 0, 1, 0
42413, 1, 0, 0, 0, 0, 1
42415, 1, 0, 0, 0, 0, 1
42419, 1, 0, 0, 0, 1, 0
42420, 0, 1, 1, 0, 0, 0
42421, 1, 0, 0, 0, 1, 0
88394, 1, 2, 1, 1, 1, 0
42424, 1, 0, 0, 0, 1, 0
42425, 0, 3, 3, 0, 0, 0
42426, 1, 1, 0, 1, 0, 1
48886, 1, 2, 1, 1, 1, 0
42428, 1, 1, 1, 0, 1, 0
42429, 3, 2, 2, 0, 3, 0
83412, 0, 1, 1, 0, 0, 0
105157, 1, 1, 1, 0, 1, 0
42430, 7, 0, 0, 0, 7, 0
42436, 2, 0, 0, 0, 0, 2
42440, 2, 0, 0, 0, 2, 0
44339, 1, 1, 1, 0, 0, 1
44883, 2, 1, 1, 0, 2, 0
44905, 2, 1, 1, 0, 2, 0
46773, 2, 1, 1, 0, 1, 1
48859, 2, 1, 1, 0, 2, 0
92996, 0, 1, 1, 0, 0, 0
92997, 0, 1, 1, 0, 0, 0
92998, 0, 1, 1, 0, 0, 0
92999, 0, 1, 1, 0, 0, 0
93000, 0, 1, 1, 0, 0, 0
42442, 1, 1, 1, 0, 1, 0
42443, 1, 1, 1, 0, 1, 0
42444, 1, 0, 0, 0, 1, 0
42445, 1, 0, 0, 0, 1, 0
42451, 1, 0, 0, 0, 0, 1
42453, 1, 0, 0, 0, 1, 0
42454, 2, 0, 0, 0, 2, 0
43381, 3, 2, 2, 0, 3, 0
57970, 1, 1, 1, 0, 1, 0
59603, 2, 1, 1, 0, 2, 0
82957, 2, 1, 1, 0, 2, 0
70662, 1, 1, 1, 0, 1, 0
45760, 7, 1, 1, 0, 7, 0
54455, 11, 4, 4, 0, 11, 0
54456, 5, 4, 4, 0, 5, 0
54457, 1, 2, 2, 0, 1, 0
43715, 2, 1, 1, 0, 2, 0
43718, 1, 1, 0, 1, 1, 0
42466, 3, 0, 0, 0, 3, 0
42467, 1, 1, 1, 0, 1, 0
43109, 3, 2, 2, 0, 3, 0
43110, 1, 1, 1, 0, 1, 0
42470, 2, 0, 0, 0, 2, 0
42479, 1, 0, 0, 0, 1, 0
42480, 1, 0, 0, 0, 0, 1
42482, 1, 0, 0, 0, 0, 1
62758, 2, 2, 2, 0, 2, 0
62759, 0, 1, 1, 0, 0, 0
42523, 2, 1, 1, 0, 2, 0
42530, 0, 1, 1, 0, 0, 0
42525, 1, 0, 0, 0, 1, 0
42527, 2, 0, 0, 0, 1, 1
42528, 1, 0, 0, 0, 1, 0
42531, 1, 0, 0, 0, 1, 0
43113, 1, 1, 1, 0, 1, 0
43114, 1, 1, 1, 0, 1, 0
43116, 1, 1, 1, 0, 1, 0
43117, 1, 1, 1, 0, 1, 0
43118, 1, 1, 1, 0, 1, 0
43323, 1, 1, 1, 0, 1, 0
43326, 1, 1, 1, 0, 1, 0
43327, 1, 1, 1, 0, 1, 0
43331, 1, 1, 1, 0, 1, 0
43449, 1, 1, 1, 0, 1, 0
43450, 1, 1, 1, 0, 1, 0
43627, 1, 1, 1, 0, 1, 0
45158, 0, 1, 1, 0, 0, 0
45159, 1, 1, 1, 0, 1, 0
45160, 0, 1, 1, 0, 0, 0
42537, 0, 1, 1, 0, 0, 0
42539, 3, 3, 3, 0, 3, 0
90978, 3, 3, 3, 0, 3, 0
90976, 0, 1, 1, 0, 0, 0
45336, 2, 1, 1, 0, 1, 1
45337, 0, 1, 1, 0, 0, 0
42550, 1, 0, 0, 0, 1, 0
42551, 0, 3, 3, 0, 0, 0
42552, 1, 0, 0, 0, 1, 0
42553, 1, 0, 0, 0, 1, 0
42554, 1, 0, 0, 0, 1, 0
42556, 1, 0, 0, 0, 1, 0
42557, 2, 2, 2, 0, 2, 0
71237, 1, 1, 1, 0, 1, 0
42558, 1, 0, 0, 0, 1, 0
42559, 1, 0, 0, 0, 1, 0
64473, 8, 2, 2, 0, 7, 1
64680, 1, 1, 1, 0, 1, 0
64953, 1, 1, 1, 0, 1, 0
67088, 0, 2, 2, 0, 0, 0
67090, 0, 1, 1, 0, 0, 0
67091, 0, 1, 1, 0, 0, 0
67093, 2, 1, 1, 0, 2, 0
95381, 2, 1, 1, 0, 2, 0
42562, 1, 0, 0, 0, 1, 0
42563, 0, 2, 2, 0, 0, 0
42564, 2, 0, 0, 0, 2, 0
75689, 1, 1, 1, 0, 1, 0
75690, 0, 1, 1, 0, 0, 0
42566, 5, 0, 0, 0, 5, 0
42567, 1, 1, 1, 0, 1, 0
42568, 1, 1, 1, 0, 1, 0
42569, 2, 1, 1, 0, 2, 0
42570, 1, 0, 0, 0, 1, 0
42571, 0, 1, 1, 0, 0, 0
42572, 1, 0, 0, 0, 1, 0
42573, 1, 0, 0, 0, 1, 0
42574, 1, 1, 1, 0, 0, 1
42576, 1, 0, 0, 0, 0, 1
42577, 1, 0, 0, 0, 1, 0
62018, 1, 1, 1, 0, 1, 0
76261, 0, 1, 1, 0, 0, 0
76262, 2, 1, 0, 1, 2, 0
76263, 0, 1, 1, 0, 0, 0
76264, 0, 1, 1, 0, 0, 0
47052, 1, 1, 1, 0, 1, 0
47787, 2, 1, 1, 0, 2, 0
47788, 0, 1, 1, 0, 0, 0
47790, 0, 1, 1, 0, 0, 0
47791, 0, 2, 2, 0, 0, 0
47792, 0, 1, 0, 1, 0, 0
42589, 1, 0, 0, 0, 1, 0
42591, 1, 0, 0, 0, 0, 1
42592, 1, 0, 0, 0, 0, 1
42593, 8, 0, 0, 0, 7, 1
42594, 1, 0, 0, 0, 1, 0
42595, 1, 1, 1, 0, 1, 0
42597, 1, 0, 0, 0, 1, 0
42598, 1, 0, 0, 0, 1, 0
42601, 1, 0, 0, 0, 0, 1
42602, 4, 2, 2, 0, 3, 1
46932, 1, 1, 1, 0, 1, 0
48990, 3, 3, 3, 0, 2, 1
42604, 2, 0, 0, 0, 2, 0
59530, 0, 4, 4, 0, 0, 0
59532, 0, 1, 1, 0, 0, 0
56453, 0, 1, 1, 0, 0, 0
129415, 0, 2, 1, 1, 0, 0
129761, 1, 1, 1, 0, 1, 0
53890, 1, 1, 1, 0, 1, 0
61290, 0, 1, 1, 0, 0, 0
61292, 1, 1, 1, 0, 0, 1
61294, 0, 2, 2, 0, 0, 0
83430, 0, 1, 1, 0, 0, 0
42630, 1, 0, 0, 0, 1, 0
52094, 1, 1, 1, 0, 1, 0
58715, 0, 1, 1, 0, 0, 0
58716, 0, 1, 1, 0, 0, 0
131488, 0, 1, 1, 0, 0, 0
42635, 1, 0, 0, 0, 0, 1
42636, 0, 1, 0, 1, 0, 0
42637, 1, 0, 0, 0, 0, 1
42639, 1, 0, 0, 0, 0, 1
42641, 1, 0, 0, 0, 1, 0
42643, 1, 0, 0, 0, 1, 0
42644, 6, 0, 0, 0, 5, 1
42645, 1, 0, 0, 0, 1, 0
42646, 2, 0, 0, 0, 2, 0
42648, 0, 1, 1, 0, 0, 0
42650, 1, 0, 0, 0, 1, 0
42652, 1, 2, 2, 0, 1, 0
42654, 1, 0, 0, 0, 1, 0
42660, 1, 1, 1, 0, 1, 0
42662, 1, 0, 0, 0, 1, 0
42664, 1, 0, 0, 0, 1, 0
42665, 2, 0, 0, 0, 1, 1
65663, 1, 1, 1, 0, 0, 1
42672, 2, 0, 0, 0, 2, 0
74584, 0, 2, 1, 1, 0, 0
44888, 1, 4, 4, 0, 1, 0
50000, 1, 2, 2, 0, 1, 0
51483, 2, 1, 1, 0, 2, 0
55762, 0, 2, 2, 0, 0, 0
55763, 0, 1, 1, 0, 0, 0
55765, 0, 2, 1, 1, 0, 0
69867, 2, 1, 1, 0, 2, 0
69868, 0, 2, 2, 0, 0, 0
111203, 0, 1, 1, 0, 0, 0
42716, 5, 0, 0, 0, 4, 1
42718, 1, 3, 3, 0, 1, 0
42719, 0, 3, 3, 0, 0, 0
70132, 0, 1, 1, 0, 0, 0
77401, 0, 1, 0, 1, 0, 0
42723, 2, 0, 0, 0, 1, 1
42724, 1, 0, 0, 0, 1, 0
42726, 1, 0, 0, 0, 1, 0
42727, 1, 0, 0, 0, 1, 0
42728, 0, 1, 1, 0, 0, 0
42729, 1, 0, 0, 0, 1, 0
114256, 0, 1, 1, 0, 0, 0
42734, 1, 0, 0, 0, 1, 0
42735, 1, 0, 0, 0, 1, 0
46414, 0, 1, 1, 0, 0, 0
114206, 0, 1, 1, 0, 0, 0
42738, 1, 0, 0, 0, 1, 0
42739, 2, 2, 2, 0, 2, 0
42742, 1, 0, 0, 0, 1, 0
42744, 2, 1, 1, 0, 2, 0
42749, 2, 0, 0, 0, 2, 0
80953, 1, 1, 1, 0, 1, 0
86117, 0, 1, 1, 0, 0, 0
73013, 1, 2, 2, 0, 1, 0
83235, 0, 1, 1, 0, 0, 0
90764, 1, 2, 2, 0, 1, 0
91725, 1, 1, 1, 0, 1, 0
84322, 1, 2, 2, 0, 1, 0
88576, 0, 1, 1, 0, 0, 0
88577, 0, 1, 1, 0, 0, 0
85147, 1, 1, 1, 0, 1, 0
88405, 1, 1, 1, 0, 1, 0
88630, 1, 1, 1, 0, 1, 0
91841, 0, 1, 1, 0, 0, 0
91842, 0, 1, 1, 0, 0, 0
91843, 0, 1, 1, 0, 0, 0
91844, 0, 1, 1, 0, 0, 0
109357, 0, 1, 0, 1, 0, 0
42769, 1, 0, 0, 0, 1, 0
42771, 1, 0, 0, 0, 1, 0
42772, 0, 1, 1, 0, 0, 0
42773, 1, 0, 0, 0, 0, 1
42774, 1, 0, 0, 0, 1, 0
42775, 0, 1, 1, 0, 0, 0
42779, 2, 0, 0, 0, 2, 0
42780, 1, 0, 0, 0, 0, 1
43823, 2, 1, 1, 0, 2, 0
43966, 1, 2, 2, 0, 1, 0
53642, 1, 1, 1, 0, 1, 0
71494, 0, 3, 3, 0, 0, 0
42783, 2, 0, 0, 0, 2, 0
42785, 1, 0, 0, 0, 1, 0
42853, 1, 0, 0, 0, 1, 0
42854, 1, 5, 5, 0, 1, 0
42855, 1, 0, 0, 0, 1, 0
42857, 1, 0, 0, 0, 1, 0
42858, 1, 1, 1, 0, 1, 0
42859, 1, 1, 1, 0, 1, 0
42860, 1, 0, 0, 0, 0, 1
42861, 0, 1, 0, 1, 0, 0
42862, 1, 0, 0, 0, 1, 0
42863, 1, 0, 0, 0, 1, 0
42864, 1, 0, 0, 0, 1, 0
42865, 1, 0, 0, 0, 1, 0
42867, 1, 0, 0, 0, 1, 0
47861, 0, 3, 1, 2, 0, 0
66259, 1, 1, 1, 0, 1, 0
66346, 0, 1, 1, 0, 0, 0
49113, 1, 1, 1, 0, 1, 0
53034, 33, 3, 3, 0, 6, 27
68176, 0, 2, 2, 0, 0, 0
68178, 0, 1, 1, 0, 0, 0
68179, 0, 1, 0, 1, 0, 0
50187, 1, 1, 1, 0, 1, 0
42890, 1, 0, 0, 0, 1, 0
42891, 0, 1, 1, 0, 0, 0
42893, 1, 0, 0, 0, 1, 0
42895, 3, 0, 0, 0, 3, 0
42896, 0, 1, 1, 0, 0, 0
42898, 1, 1, 1, 0, 1, 0
42899, 4, 3, 3, 0, 4, 0
49188, 1, 1, 1, 0, 1, 0
42900, 5, 0, 0, 0, 5, 0
42903, 1, 0, 0, 0, 1, 0
42904, 2, 1, 1, 0, 2, 0
57408, 1, 1, 1, 0, 1, 0
42909, 2, 0, 0, 0, 2, 0
42910, 1, 1, 1, 0, 1, 0
42913, 1, 0, 0, 0, 1, 0
42914, 0, 3, 3, 0, 0, 0
42916, 4, 0, 0, 0, 3, 1
42917, 1, 1, 1, 0, 1, 0
42920, 1, 1, 1, 0, 1, 0
55198, 5, 5, 2, 3, 3, 2
85662, 0, 1, 1, 0, 0, 0
42922, 1, 0, 0, 0, 1, 0
42925, 1, 0, 0, 0, 0, 1
42926, 2, 0, 0, 0, 2, 0
42928, 1, 0, 0, 0, 1, 0
42929, 2, 0, 0, 0, 1, 1
42931, 2, 0, 0, 0, 2, 0
42932, 1, 1, 1, 0, 1, 0
42933, 2, 0, 0, 0, 2, 0
42936, 1, 0, 0, 0, 1, 0
42938, 1, 0, 0, 0, 1, 0
42939, 1, 0, 0, 0, 1, 0
42954, 2, 1, 1, 0, 2, 0
43162, 1, 2, 1, 1, 1, 0
43283, 1, 1, 1, 0, 1, 0
43730, 1, 1, 1, 0, 1, 0
43780, 1, 1, 1, 0, 1, 0
43906, 1, 2, 2, 0, 1, 0
44244, 0, 2, 2, 0, 0, 0
45199, 0, 2, 2, 0, 0, 0
46059, 0, 1, 1, 0, 0, 0
46060, 0, 2, 2, 0, 0, 0
46062, 0, 1, 1, 0, 0, 0
46063, 0, 1, 1, 0, 0, 0
46065, 2, 1, 1, 0, 2, 0
46066, 0, 2, 1, 1, 0, 0
46067, 0, 1, 1, 0, 0, 0
46068, 0, 3, 3, 0, 0, 0
46069, 3, 1, 1, 0, 3, 0
46071, 0, 1, 1, 0, 0, 0
46073, 0, 1, 1, 0, 0, 0
46074, 7, 2, 2, 0, 2, 5
46075, 0, 1, 1, 0, 0, 0
46077, 1, 1, 1, 0, 1, 0
46079, 0, 1, 1, 0, 0, 0
46080, 0, 1, 1, 0, 0, 0
46081, 1, 2, 2, 0, 1, 0
46082, 0, 1, 1, 0, 0, 0
46083, 0, 1, 1, 0, 0, 0
46084, 0, 1, 1, 0, 0, 0
46085, 0, 1, 1, 0, 0, 0
46086, 1, 1, 1, 0, 1, 0
46089, 0, 1, 1, 0, 0, 0
46090, 0, 1, 1, 0, 0, 0
46092, 0, 2, 1, 1, 0, 0
46093, 0, 1, 1, 0, 0, 0
46094, 0, 1, 1, 0, 0, 0
42944, 1, 0, 0, 0, 1, 0
42945, 1, 0, 0, 0, 1, 0
42946, 1, 0, 0, 0, 1, 0
42947, 1, 1, 1, 0, 1, 0
42948, 1, 0, 0, 0, 1, 0
42949, 1, 0, 0, 0, 1, 0
114688, 0, 1, 1, 0, 0, 0
42952, 1, 0, 0, 0, 1, 0
42953, 0, 1, 1, 0, 0, 0
43229, 0, 1, 1, 0, 0, 0
42957, 1, 0, 0, 0, 1, 0
42958, 0, 2, 2, 0, 0, 0
42959, 1, 0, 0, 0, 1, 0
44606, 2, 1, 1, 0, 2, 0
42962, 2, 0, 0, 0, 1, 1
42963, 0, 1, 0, 1, 0, 0
42964, 1, 0, 0, 0, 0, 1
42965, 1, 0, 0, 0, 1, 0
42966, 12, 0, 0, 0, 11, 1
42967, 0, 1, 1, 0, 0, 0
42968, 5, 0, 0, 0, 0, 5
42970, 0, 1, 0, 1, 0, 0
42971, 3, 0, 0, 0, 3, 0
43959, 2, 2, 2, 0, 2, 0
42977, 2, 2, 2, 0, 2, 0
106389, 1, 1, 1, 0, 1, 0
42978, 1, 0, 0, 0, 1, 0
42979, 1, 0, 0, 0, 1, 0
42981, 1, 0, 0, 0, 1, 0
88172, 6, 3, 3, 0, 6, 0
42983, 4, 0, 0, 0, 2, 2
42984, 0, 2, 2, 0, 0, 0
42985, 1, 1, 1, 0, 1, 0
42989, 1, 0, 0, 0, 1, 0
42990, 1, 0, 0, 0, 1, 0
42994, 3, 0, 0, 0, 3, 0
42995, 0, 1, 1, 0, 0, 0
43720, 0, 1, 1, 0, 0, 0
42997, 1, 0, 0, 0, 1, 0
79613, 0, 1, 1, 0, 0, 0
43002, 2, 0, 0, 0, 2, 0
43003, 1, 1, 1, 0, 1, 0
43004, 1, 1, 1, 0, 1, 0
75463, 5, 5, 5, 0, 5, 0
75464, 2, 3, 3, 0, 2, 0
43009, 0, 1, 0, 1, 0, 0
83622, 0, 1, 1, 0, 0, 0
43014, 1, 0, 0, 0, 1, 0
43015, 2, 1, 1, 0, 1, 1
43016, 1, 0, 0, 0, 0, 1
43018, 3, 0, 0, 0, 3, 0
43019, 0, 1, 1, 0, 0, 0
43020, 0, 1, 1, 0, 0, 0
43021, 1, 0, 0, 0, 1, 0
43022, 17, 5, 5, 0, 17, 0
45741, 1, 2, 2, 0, 1, 0
46474, 1, 1, 1, 0, 1, 0
43025, 4, 1, 1, 0, 2, 2
43026, 0, 1, 0, 1, 0, 0
43027, 1, 0, 0, 0, 1, 0
43031, 0, 1, 1, 0, 0, 0
43033, 1, 2, 2, 0, 1, 0
43034, 0, 3, 1, 2, 0, 0
43035, 0, 1, 1, 0, 0, 0
101099, 1, 1, 1, 0, 1, 0
43036, 1, 0, 0, 0, 1, 0
43038, 1, 0, 0, 0, 0, 1
43039, 1, 0, 0, 0, 1, 0
43040, 0, 1, 1, 0, 0, 0
43041, 1, 0, 0, 0, 0, 1
43042, 1, 0, 0, 0, 1, 0
43043, 1, 0, 0, 0, 1, 0
44621, 3, 1, 1, 0, 3, 0
73642, 0, 2, 2, 0, 0, 0
73643, 2, 2, 2, 0, 2, 0
43046, 2, 0, 0, 0, 2, 0
62478, 4, 3, 3, 0, 4, 0
43049, 1, 0, 0, 0, 1, 0
49490, 1, 1, 1, 0, 1, 0
49970, 1, 1, 1, 0, 1, 0
49971, 1, 1, 1, 0, 1, 0
49973, 1, 1, 1, 0, 1, 0
80000, 0, 1, 1, 0, 0, 0
80001, 0, 1, 1, 0, 0, 0
80002, 0, 1, 1, 0, 0, 0
80003, 0, 1, 1, 0, 0, 0
43053, 1, 0, 0, 0, 1, 0
71502, 2, 1, 1, 0, 2, 0
43055, 2, 0, 0, 0, 2, 0
43056, 1, 0, 0, 0, 1, 0
43058, 1, 0, 0, 0, 0, 1
43059, 1, 0, 0, 0, 1, 0
43060, 1, 0, 0, 0, 0, 1
43061, 1, 0, 0, 0, 0, 1
43062, 1, 1, 0, 1, 0, 1
43063, 1, 0, 0, 0, 1, 0
43064, 2, 0, 0, 0, 2, 0
43067, 1, 0, 0, 0, 1, 0
43068, 1, 0, 0, 0, 1, 0
43069, 1, 0, 0, 0, 1, 0
43073, 5, 0, 0, 0, 4, 1
43074, 1, 1, 1, 0, 1, 0
43075, 1, 0, 0, 0, 1, 0
43076, 1, 1, 1, 0, 0, 1
43077, 1, 0, 0, 0, 1, 0
43078, 1, 0, 0, 0, 1, 0
43079, 0, 1, 1, 0, 0, 0
43080, 1, 0, 0, 0, 1, 0
43082, 1, 0, 0, 0, 1, 0
67564, 1, 2, 2, 0, 1, 0
43100, 1, 0, 0, 0, 1, 0
43101, 1, 0, 0, 0, 0, 1
43104, 1, 0, 0, 0, 1, 0
49403, 1, 2, 2, 0, 1, 0
49404, 1, 2, 2, 0, 1, 0
49405, 1, 2, 2, 0, 1, 0
43111, 1, 3, 3, 0, 0, 1
43112, 1, 0, 0, 0, 1, 0
43115, 2, 0, 0, 0, 1, 1
43120, 1, 0, 0, 0, 0, 1
43123, 1, 1, 1, 0, 1, 0
49576, 1, 1, 1, 0, 1, 0
43126, 1, 1, 1, 0, 1, 0
43127, 3, 2, 2, 0, 3, 0
54985, 0, 1, 1, 0, 0, 0
43128, 1, 0, 0, 0, 0, 1
43141, 2, 0, 0, 0, 1, 1
43142, 1, 0, 0, 0, 1, 0
43144, 1, 0, 0, 0, 1, 0
43145, 0, 2, 1, 1, 0, 0
43147, 0, 1, 1, 0, 0, 0
43148, 1, 1, 1, 0, 1, 0
67408, 1, 2, 2, 0, 1, 0
68238, 1, 1, 1, 0, 1, 0
76986, 0, 1, 1, 0, 0, 0
76987, 0, 1, 1, 0, 0, 0
123356, 0, 1, 0, 1, 0, 0
43150, 1, 0, 0, 0, 1, 0
43151, 1, 0, 0, 0, 1, 0
43152, 3, 0, 0, 0, 2, 1
43154, 1, 0, 0, 0, 1, 0
43155, 1, 0, 0, 0, 1, 0
69080, 1, 1, 1, 0, 1, 0
75019, 0, 1, 1, 0, 0, 0
75020, 0, 1, 1, 0, 0, 0
43158, 1, 0, 0, 0, 1, 0
43159, 1, 0, 0, 0, 1, 0
43160, 1, 0, 0, 0, 1, 0
43161, 0, 1, 1, 0, 0, 0
43164, 5, 3, 3, 0, 4, 1
123176, 1, 1, 1, 0, 1, 0
48565, 0, 1, 1, 0, 0, 0
43166, 1, 0, 0, 0, 1, 0
43167, 2, 0, 0, 0, 2, 0
110222, 0, 1, 1, 0, 0, 0
43168, 1, 1, 1, 0, 1, 0
47804, 0, 1, 0, 1, 0, 0
43176, 1, 0, 0, 0, 1, 0
43177, 1, 0, 0, 0, 0, 1
43178, 1, 1, 1, 0, 1, 0
43182, 1, 0, 0, 0, 1, 0
43183, 1, 0, 0, 0, 1, 0
43184, 1, 0, 0, 0, 1, 0
43185, 2, 0, 0, 0, 2, 0
43186, 1, 0, 0, 0, 1, 0
43187, 4, 0, 0, 0, 4, 0
43188, 3, 0, 0, 0, 2, 1
43189, 0, 1, 1, 0, 0, 0
43190, 4, 0, 0, 0, 1, 3
43191, 2, 2, 1, 1, 2, 0
43192, 1, 0, 0, 0, 0, 1
43193, 1, 0, 0, 0, 1, 0
43194, 1, 0, 0, 0, 1, 0
43200, 1, 0, 0, 0, 1, 0
46912, 0, 1, 1, 0, 0, 0
46913, 0, 2, 2, 0, 0, 0
46914, 0, 1, 1, 0, 0, 0
43202, 1, 0, 0, 0, 0, 1
43203, 2, 1, 0, 1, 2, 0
43204, 1, 0, 0, 0, 1, 0
43205, 1, 0, 0, 0, 1, 0
43206, 1, 0, 0, 0, 1, 0
43208, 1, 0, 0, 0, 1, 0
43209, 1, 0, 0, 0, 1, 0
43210, 1, 0, 0, 0, 1, 0
43211, 1, 0, 0, 0, 1, 0
43215, 1, 0, 0, 0, 1, 0
43216, 1, 0, 0, 0, 1, 0
43217, 1, 0, 0, 0, 1, 0
43220, 1, 0, 0, 0, 1, 0
43223, 1, 0, 0, 0, 1, 0
43224, 3, 1, 1, 0, 3, 0
43225, 1, 0, 0, 0, 1, 0
43226, 0, 1, 1, 0, 0, 0
43231, 1, 0, 0, 0, 1, 0
43236, 1, 0, 0, 0, 1, 0
43238, 1, 0, 0, 0, 1, 0
43240, 2, 0, 0, 0, 2, 0
43243, 1, 0, 0, 0, 1, 0
43244, 1, 0, 0, 0, 1, 0
43339, 0, 3, 3, 0, 0, 0
43248, 1, 0, 0, 0, 1, 0
43249, 1, 0, 0, 0, 1, 0
43259, 1, 0, 0, 0, 0, 1
43261, 1, 0, 0, 0, 1, 0
43262, 1, 0, 0, 0, 0, 1
43264, 1, 0, 0, 0, 1, 0
43265, 0, 1, 1, 0, 0, 0
75698, 0, 1, 1, 0, 0, 0
82517, 0, 1, 1, 0, 0, 0
43274, 1, 0, 0, 0, 1, 0
43276, 2, 0, 0, 0, 2, 0
45742, 3, 1, 1, 0, 3, 0
46103, 0, 1, 1, 0, 0, 0
43281, 1, 0, 0, 0, 1, 0
43282, 4, 1, 1, 0, 4, 0
43286, 1, 1, 1, 0, 1, 0
43287, 3, 2, 2, 0, 3, 0
43328, 0, 2, 2, 0, 0, 0
43288, 2, 0, 0, 0, 2, 0
43291, 0, 1, 1, 0, 0, 0
43292, 3, 0, 0, 0, 3, 0
43293, 1, 0, 0, 0, 0, 1
43295, 1, 1, 1, 0, 1, 0
43297, 1, 0, 0, 0, 1, 0
43298, 1, 0, 0, 0, 1, 0
43301, 1, 0, 0, 0, 1, 0
43302, 1, 0, 0, 0, 0, 1
43305, 1, 0, 0, 0, 0, 1
43306, 2, 0, 0, 0, 1, 1
52385, 1, 1, 1, 0, 1, 0
43311, 2, 0, 0, 0, 2, 0
43312, 1, 0, 0, 0, 1, 0
43313, 1, 0, 0, 0, 1, 0
43314, 1, 0, 0, 0, 0, 1
43315, 1, 0, 0, 0, 1, 0
43316, 2, 0, 0, 0, 1, 1
43319, 1, 0, 0, 0, 1, 0
43320, 1, 0, 0, 0, 1, 0
43322, 1, 0, 0, 0, 1, 0
43324, 1, 0, 0, 0, 1, 0
43325, 4, 0, 0, 0, 2, 2
91153, 0, 1, 0, 1, 0, 0
97953, 0, 1, 1, 0, 0, 0
43330, 1, 0, 0, 0, 1, 0
43332, 1, 0, 0, 0, 1, 0
43334, 1, 0, 0, 0, 1, 0
109179, 1, 1, 1, 0, 1, 0
110336, 0, 1, 1, 0, 0, 0
43340, 0, 1, 1, 0, 0, 0
43342, 13, 0, 0, 0, 13, 0
43343, 5, 0, 0, 0, 5, 0
43344, 1, 0, 0, 0, 1, 0
43345, 0, 1, 1, 0, 0, 0
43346, 1, 0, 0, 0, 1, 0
43348, 1, 0, 0, 0, 1, 0
43349, 0, 1, 1, 0, 0, 0
43352, 2, 0, 0, 0, 2, 0
88388, 4, 1, 1, 0, 4, 0
43354, 1, 0, 0, 0, 1, 0
43355, 1, 0, 0, 0, 1, 0
43358, 1, 0, 0, 0, 1, 0
43359, 3, 0, 0, 0, 3, 0
43360, 1, 0, 0, 0, 1, 0
43362, 1, 0, 0, 0, 1, 0
43364, 1, 0, 0, 0, 1, 0
43366, 1, 0, 0, 0, 1, 0
43368, 1, 1, 1, 0, 1, 0
45521, 2, 3, 3, 0, 2, 0
46902, 0, 2, 2, 0, 0, 0
46903, 0, 1, 1, 0, 0, 0
43372, 0, 1, 0, 1, 0, 0
43373, 1, 0, 0, 0, 0, 1
90038, 1, 1, 1, 0, 1, 0
90084, 1, 1, 1, 0, 1, 0
90087, 1, 1, 1, 0, 1, 0
92627, 0, 1, 1, 0, 0, 0
43377, 2, 0, 0, 0, 0, 2
43379, 1, 0, 0, 0, 1, 0
43380, 1, 1, 1, 0, 1, 0
43382, 2, 0, 0, 0, 2, 0
43383, 3, 1, 1, 0, 3, 0
43384, 3, 2, 2, 0, 3, 0
43385, 1, 0, 0, 0, 1, 0
43387, 1, 0, 0, 0, 0, 1
48933, 5, 1, 1, 0, 3, 2
43394, 0, 1, 1, 0, 0, 0
43395, 0, 1, 1, 0, 0, 0
43396, 0, 1, 1, 0, 0, 0
43397, 1, 0, 0, 0, 1, 0
43403, 1, 0, 0, 0, 0, 1
43407, 2, 0, 0, 0, 2, 0
43408, 2, 2, 2, 0, 2, 0
43410, 1, 1, 1, 0, 1, 0
43412, 2, 0, 0, 0, 2, 0
43413, 1, 0, 0, 0, 1, 0
43414, 1, 0, 0, 0, 1, 0
43415, 0, 1, 1, 0, 0, 0
43416, 1, 0, 0, 0, 1, 0
43417, 1, 0, 0, 0, 1, 0
43419, 1, 0, 0, 0, 1, 0
43420, 2, 2, 1, 1, 0, 2
43511, 1, 1, 0, 1, 0, 1
43421, 2, 0, 0, 0, 2, 0
108284, 0, 1, 1, 0, 0, 0
43423, 1, 0, 0, 0, 1, 0
51931, 1, 1, 1, 0, 1, 0
53595, 3, 2, 2, 0, 2, 1
58325, 2, 3, 3, 0, 1, 1
89553, 0, 1, 1, 0, 0, 0
89554, 0, 1, 1, 0, 0, 0
89555, 0, 1, 1, 0, 0, 0
89556, 0, 1, 1, 0, 0, 0
43427, 1, 1, 1, 0, 1, 0
43428, 1, 1, 1, 0, 1, 0
110395, 1, 2, 2, 0, 1, 0
112064, 3, 1, 1, 0, 3, 0
43431, 2, 1, 1, 0, 2, 0
43432, 3, 2, 2, 0, 3, 0
43433, 0, 1, 1, 0, 0, 0
43434, 1, 0, 0, 0, 1, 0
43437, 0, 1, 0, 1, 0, 0
43438, 3, 0, 0, 0, 3, 0
43439, 1, 0, 0, 0, 0, 1
43441, 1, 0, 0, 0, 0, 1
43444, 1, 0, 0, 0, 1, 0
43446, 0, 1, 1, 0, 0, 0
43447, 2, 0, 0, 0, 1, 1
43448, 2, 1, 1, 0, 2, 0
43452, 1, 0, 0, 0, 1, 0
43453, 0, 1, 1, 0, 0, 0
43454, 1, 0, 0, 0, 1, 0
43457, 2, 0, 0, 0, 2, 0
43458, 1, 0, 0, 0, 0, 1
43460, 1, 0, 0, 0, 1, 0
43461, 1, 0, 0, 0, 0, 1
43462, 1, 0, 0, 0, 1, 0
43463, 0, 1, 1, 0, 0, 0
43464, 1, 1, 1, 0, 1, 0
49762, 1, 1, 0, 1, 1, 0
112200, 0, 3, 2, 1, 0, 0
115272, 0, 1, 0, 1, 0, 0
119452, 0, 3, 1, 2, 0, 0
119455, 0, 1, 0, 1, 0, 0
43475, 1, 0, 0, 0, 1, 0
43479, 1, 0, 0, 0, 1, 0
43481, 1, 0, 0, 0, 1, 0
43482, 2, 0, 0, 0, 0, 2
43483, 1, 1, 0, 1, 1, 0
43485, 2, 0, 0, 0, 2, 0
43486, 1, 0, 0, 0, 1, 0
43487, 1, 0, 0, 0, 1, 0
43488, 1, 1, 1, 0, 1, 0
43490, 1, 0, 0, 0, 1, 0
43492, 1, 0, 0, 0, 1, 0
43496, 1, 0, 0, 0, 1, 0
43498, 1, 0, 0, 0, 0, 1
43500, 7, 1, 1, 0, 7, 0
43502, 2, 0, 0, 0, 2, 0
43504, 1, 0, 0, 0, 1, 0
43505, 1, 0, 0, 0, 1, 0
43506, 1, 0, 0, 0, 1, 0
43507, 1, 0, 0, 0, 1, 0
43508, 2, 1, 1, 0, 2, 0
43512, 1, 0, 0, 0, 1, 0
43515, 1, 0, 0, 0, 1, 0
43516, 1, 1, 1, 0, 1, 0
43517, 1, 0, 0, 0, 1, 0
43518, 1, 1, 1, 0, 1, 0
45288, 0, 1, 1, 0, 0, 0
43519, 2, 0, 0, 0, 2, 0
43522, 2, 0, 0, 0, 1, 1
43523, 1, 0, 0, 0, 0, 1
43531, 1, 0, 0, 0, 1, 0
43532, 1, 0, 0, 0, 1, 0
43533, 1, 0, 0, 0, 1, 0
43535, 1, 0, 0, 0, 1, 0
43539, 1, 0, 0, 0, 1, 0
62869, 0, 2, 2, 0, 0, 0
71548, 5, 4, 4, 0, 5, 0
43541, 1, 0, 0, 0, 1, 0
43542, 1, 0, 0, 0, 1, 0
43544, 1, 0, 0, 0, 1, 0
43546, 2, 1, 1, 0, 1, 1
43547, 0, 2, 2, 0, 0, 0
43548, 1, 0, 0, 0, 0, 1
43549, 3, 0, 0, 0, 2, 1
43550, 1, 0, 0, 0, 1, 0
43551, 2, 0, 0, 0, 2, 0
43552, 0, 1, 1, 0, 0, 0
43554, 1, 1, 1, 0, 1, 0
43556, 1, 0, 0, 0, 0, 1
43557, 1, 0, 0, 0, 1, 0
43562, 1, 0, 0, 0, 0, 1
43563, 0, 1, 0, 1, 0, 0
43566, 1, 0, 0, 0, 1, 0
43567, 1, 0, 0, 0, 0, 1
43568, 3, 0, 0, 0, 1, 2
43571, 4, 0, 0, 0, 3, 1
43572, 1, 0, 0, 0, 1, 0
43573, 0, 1, 1, 0, 0, 0
43574, 1, 0, 0, 0, 1, 0
43575, 1, 0, 0, 0, 1, 0
43577, 0, 1, 1, 0, 0, 0
43580, 0, 1, 1, 0, 0, 0
43582, 1, 0, 0, 0, 1, 0
43584, 1, 0, 0, 0, 0, 1
43585, 1, 0, 0, 0, 1, 0
43586, 8, 0, 0, 0, 8, 0
82482, 3, 1, 1, 0, 3, 0
82675, 0, 1, 1, 0, 0, 0
82676, 0, 1, 1, 0, 0, 0
43590, 1, 0, 0, 0, 1, 0
43591, 2, 0, 0, 0, 1, 1
43592, 0, 1, 1, 0, 0, 0
43593, 1, 0, 0, 0, 1, 0
43594, 0, 1, 1, 0, 0, 0
43595, 1, 0, 0, 0, 1, 0
43596, 1, 0, 0, 0, 1, 0
43597, 2, 0, 0, 0, 2, 0
43598, 1, 0, 0, 0, 1, 0
43600, 1, 0, 0, 0, 1, 0
43601, 1, 0, 0, 0, 0, 1
43602, 1, 0, 0, 0, 1, 0
43603, 0, 1, 1, 0, 0, 0
43610, 2, 0, 0, 0, 2, 0
43611, 1, 0, 0, 0, 1, 0
43612, 1, 0, 0, 0, 1, 0
43613, 0, 1, 1, 0, 0, 0
43615, 1, 1, 1, 0, 1, 0
43620, 1, 0, 0, 0, 1, 0
43621, 2, 0, 0, 0, 2, 0
43623, 1, 0, 0, 0, 1, 0
43624, 0, 1, 1, 0, 0, 0
43625, 1, 0, 0, 0, 1, 0
43626, 1, 0, 0, 0, 0, 1
43628, 2, 0, 0, 0, 2, 0
43629, 1, 1, 1, 0, 1, 0
43630, 1, 0, 0, 0, 1, 0
43631, 1, 0, 0, 0, 1, 0
43633, 1, 0, 0, 0, 1, 0
43637, 5, 0, 0, 0, 1, 4
43638, 1, 0, 0, 0, 0, 1
43640, 1, 0, 0, 0, 1, 0
43641, 1, 0, 0, 0, 1, 0
43642, 0, 1, 1, 0, 0, 0
43643, 2, 0, 0, 0, 2, 0
74765, 0, 3, 3, 0, 0, 0
88998, 1, 1, 1, 0, 1, 0
88999, 0, 1, 1, 0, 0, 0
89000, 0, 1, 1, 0, 0, 0
89001, 2, 1, 1, 0, 2, 0
43645, 1, 0, 0, 0, 1, 0
43648, 1, 0, 0, 0, 0, 1
43650, 1, 0, 0, 0, 1, 0
43652, 1, 0, 0, 0, 1, 0
47715, 1, 2, 2, 0, 1, 0
47899, 0, 2, 2, 0, 0, 0
54869, 3, 2, 1, 1, 3, 0
60611, 1, 3, 3, 0, 1, 0
64470, 0, 3, 3, 0, 0, 0
73014, 0, 2, 2, 0, 0, 0
80532, 1, 2, 2, 0, 1, 0
80538, 1, 1, 1, 0, 1, 0
81582, 1, 1, 1, 0, 1, 0
82734, 0, 3, 3, 0, 0, 0
83414, 1, 1, 1, 0, 1, 0
84564, 0, 2, 2, 0, 0, 0
84573, 1, 1, 1, 0, 0, 1
85092, 0, 2, 2, 0, 0, 0
85927, 1, 1, 1, 0, 1, 0
86016, 1, 1, 1, 0, 1, 0
86202, 2, 1, 1, 0, 2, 0
86228, 1, 2, 2, 0, 1, 0
86233, 1, 1, 1, 0, 1, 0
86304, 1, 1, 1, 0, 1, 0
86354, 1, 1, 1, 0, 0, 1
86531, 1, 2, 2, 0, 1, 0
87035, 0, 2, 2, 0, 0, 0
88103, 0, 1, 1, 0, 0, 0
88104, 0, 1, 1, 0, 0, 0
88105, 0, 1, 1, 0, 0, 0
88106, 0, 1, 1, 0, 0, 0
88107, 0, 1, 1, 0, 0, 0
88108, 0, 1, 1, 0, 0, 0
88109, 0, 1, 1, 0, 0, 0
88110, 0, 1, 1, 0, 0, 0
88111, 0, 2, 2, 0, 0, 0
88112, 0, 1, 1, 0, 0, 0
88113, 0, 1, 1, 0, 0, 0
88114, 0, 1, 1, 0, 0, 0
88115, 0, 1, 1, 0, 0, 0
88116, 0, 1, 1, 0, 0, 0
88117, 0, 1, 1, 0, 0, 0
88118, 0, 1, 1, 0, 0, 0
88119, 0, 1, 1, 0, 0, 0
88120, 0, 1, 1, 0, 0, 0
88121, 0, 1, 1, 0, 0, 0
88122, 0, 1, 1, 0, 0, 0
88123, 0, 1, 1, 0, 0, 0
88124, 0, 1, 1, 0, 0, 0
88125, 0, 1, 1, 0, 0, 0
88126, 0, 1, 1, 0, 0, 0
88127, 0, 1, 1, 0, 0, 0
88128, 0, 1, 1, 0, 0, 0
88129, 0, 1, 1, 0, 0, 0
88130, 0, 1, 1, 0, 0, 0
88131, 0, 1, 1, 0, 0, 0
88132, 0, 1, 1, 0, 0, 0
88133, 0, 1, 1, 0, 0, 0
88134, 0, 1, 1, 0, 0, 0
88135, 0, 1, 1, 0, 0, 0
88136, 0, 1, 1, 0, 0, 0
88137, 0, 1, 1, 0, 0, 0
88138, 0, 1, 1, 0, 0, 0
88139, 0, 1, 1, 0, 0, 0
88140, 0, 1, 1, 0, 0, 0
88141, 0, 1, 1, 0, 0, 0
88142, 0, 1, 1, 0, 0, 0
88143, 0, 1, 1, 0, 0, 0
88144, 0, 1, 1, 0, 0, 0
88145, 0, 1, 1, 0, 0, 0
88146, 0, 1, 1, 0, 0, 0
88147, 0, 1, 1, 0, 0, 0
88148, 0, 1, 1, 0, 0, 0
88149, 0, 1, 1, 0, 0, 0
88150, 0, 1, 1, 0, 0, 0
88151, 0, 1, 1, 0, 0, 0
88152, 0, 1, 1, 0, 0, 0
88153, 2, 1, 1, 0, 2, 0
88154, 0, 1, 1, 0, 0, 0
88155, 0, 1, 1, 0, 0, 0
88156, 0, 1, 1, 0, 0, 0
88157, 0, 1, 1, 0, 0, 0
88158, 0, 1, 1, 0, 0, 0
46123, 6, 2, 2, 0, 6, 0
47665, 1, 1, 1, 0, 1, 0
43672, 1, 0, 0, 0, 1, 0
100618, 0, 1, 1, 0, 0, 0
43676, 4, 0, 0, 0, 4, 0
43681, 1, 1, 0, 1, 1, 0
43682, 1, 1, 1, 0, 1, 0
43683, 7, 3, 3, 0, 5, 2
50886, 0, 1, 1, 0, 0, 0
43684, 1, 0, 0, 0, 0, 1
43685, 1, 0, 0, 0, 0, 1
43687, 1, 0, 0, 0, 1, 0
63331, 5, 4, 4, 0, 5, 0
64816, 0, 1, 1, 0, 0, 0
64817, 0, 2, 1, 1, 0, 0
43690, 3, 0, 0, 0, 0, 3
43692, 0, 2, 1, 1, 0, 0
43693, 0, 1, 0, 1, 0, 0
71414, 10, 1, 1, 0, 10, 0
122232, 0, 1, 1, 0, 0, 0
43697, 1, 0, 0, 0, 1, 0
43698, 1, 1, 1, 0, 1, 0
43699, 33, 5, 3, 2, 33, 0
83483, 2, 4, 4, 0, 2, 0
85167, 0, 1, 1, 0, 0, 0
85168, 1, 1, 1, 0, 1, 0
85171, 0, 1, 1, 0, 0, 0
43700, 1, 0, 0, 0, 1, 0
43705, 1, 0, 0, 0, 1, 0
43706, 1, 0, 0, 0, 1, 0
43707, 2, 2, 2, 0, 2, 0
43708, 1, 0, 0, 0, 1, 0
43710, 1, 0, 0, 0, 1, 0
43711, 1, 0, 0, 0, 1, 0
43713, 1, 0, 0, 0, 1, 0
46616, 1, 1, 1, 0, 1, 0
62267, 3, 4, 3, 1, 2, 1
104407, 0, 1, 1, 0, 0, 0
104408, 2, 1, 1, 0, 2, 0
43722, 1, 0, 0, 0, 1, 0
43727, 1, 0, 0, 0, 1, 0
43728, 1, 0, 0, 0, 1, 0
43731, 1, 4, 3, 1, 1, 0
43732, 1, 0, 0, 0, 1, 0
43752, 0, 1, 1, 0, 0, 0
43753, 0, 1, 1, 0, 0, 0
43754, 0, 1, 1, 0, 0, 0
43755, 2, 0, 0, 0, 0, 2
43756, 1, 0, 0, 0, 0, 1
43758, 1, 0, 0, 0, 1, 0
43762, 0, 1, 1, 0, 0, 0
43764, 0, 1, 1, 0, 0, 0
43765, 1, 0, 0, 0, 1, 0
43767, 2, 0, 0, 0, 2, 0
43768, 1, 0, 0, 0, 1, 0
43769, 1, 0, 0, 0, 0, 1
43770, 1, 0, 0, 0, 1, 0
43773, 10, 6, 6, 0, 9, 1
44259, 9, 5, 5, 0, 7, 2
45601, 1, 1, 1, 0, 1, 0
49244, 3, 1, 1, 0, 3, 0
43776, 1, 0, 0, 0, 1, 0
43777, 0, 3, 3, 0, 0, 0
43781, 1, 0, 0, 0, 1, 0
52541, 0, 1, 0, 1, 0, 0
43783, 1, 0, 0, 0, 1, 0
43785, 1, 1, 1, 0, 0, 1
62254, 3, 2, 2, 0, 2, 1
43788, 2, 0, 0, 0, 2, 0
43789, 1, 0, 0, 0, 1, 0
43790, 1, 0, 0, 0, 1, 0
43791, 1, 0, 0, 0, 1, 0
43793, 1, 0, 0, 0, 1, 0
43795, 1, 0, 0, 0, 1, 0
46614, 0, 1, 1, 0, 0, 0
54434, 1, 3, 1, 2, 1, 0
54435, 0, 1, 0, 1, 0, 0
43801, 1, 0, 0, 0, 1, 0
43803, 1, 0, 0, 0, 1, 0
43809, 1, 0, 0, 0, 1, 0
43810, 1, 1, 1, 0, 1, 0
53958, 2, 1, 0, 1, 0, 2
55304, 2, 1, 1, 0, 2, 0
44287, 12, 1, 1, 0, 11, 1
47274, 1, 1, 1, 0, 1, 0
57703, 2, 2, 2, 0, 2, 0
62014, 2, 2, 2, 0, 2, 0
62161, 4, 2, 2, 0, 4, 0
62485, 2, 2, 2, 0, 2, 0
68776, 0, 1, 1, 0, 0, 0
68777, 0, 1, 1, 0, 0, 0
68778, 0, 1, 1, 0, 0, 0
68779, 0, 1, 1, 0, 0, 0
68780, 1, 2, 2, 0, 1, 0
68781, 0, 1, 1, 0, 0, 0
68782, 0, 1, 1, 0, 0, 0
68783, 0, 1, 1, 0, 0, 0
68784, 0, 1, 1, 0, 0, 0
68785, 0, 1, 1, 0, 0, 0
43815, 1, 0, 0, 0, 1, 0
43816, 2, 0, 0, 0, 2, 0
43817, 0, 1, 1, 0, 0, 0
43818, 1, 0, 0, 0, 1, 0
43821, 1, 1, 1, 0, 1, 0
43822, 1, 1, 1, 0, 1, 0
43824, 2, 0, 0, 0, 2, 0
43825, 1, 0, 0, 0, 1, 0
45168, 0, 1, 1, 0, 0, 0
43829, 1, 0, 0, 0, 0, 1
43831, 1, 0, 0, 0, 1, 0
43832, 3, 0, 0, 0, 3, 0
43833, 2, 1, 1, 0, 2, 0
43836, 1, 0, 0, 0, 1, 0
43837, 0, 1, 1, 0, 0, 0
43838, 1, 0, 0, 0, 1, 0
43839, 0, 1, 1, 0, 0, 0
43843, 1, 0, 0, 0, 1, 0
78278, 1, 2, 2, 0, 1, 0
43845, 1, 0, 0, 0, 1, 0
43846, 1, 1, 1, 0, 1, 0
53654, 5, 4, 3, 1, 4, 1
43847, 1, 0, 0, 0, 1, 0
43849, 1, 0, 0, 0, 1, 0
43850, 0, 1, 1, 0, 0, 0
43851, 1, 1, 1, 0, 1, 0
43853, 1, 0, 0, 0, 1, 0
43856, 4, 0, 0, 0, 4, 0
43857, 1, 2, 2, 0, 1, 0
99402, 0, 1, 1, 0, 0, 0
86528, 1, 1, 1, 0, 1, 0
89075, 1, 1, 1, 0, 1, 0
89171, 1, 1, 1, 0, 1, 0
89172, 0, 1, 1, 0, 0, 0
54546, 5, 2, 2, 0, 4, 1
75899, 4, 2, 2, 0, 4, 0
88362, 1, 1, 1, 0, 1, 0
88486, 0, 1, 1, 0, 0, 0
43883, 1, 0, 0, 0, 1, 0
43884, 1, 0, 0, 0, 0, 1
43888, 6, 0, 0, 0, 6, 0
43889, 1, 0, 0, 0, 1, 0
43892, 1, 0, 0, 0, 1, 0
43893, 3, 0, 0, 0, 3, 0
43894, 1, 0, 0, 0, 1, 0
43895, 1, 0, 0, 0, 1, 0
43896, 0, 1, 1, 0, 0, 0
43897, 1, 0, 0, 0, 1, 0
43898, 2, 0, 0, 0, 2, 0
43903, 1, 0, 0, 0, 1, 0
72823, 1, 2, 2, 0, 1, 0
43908, 1, 0, 0, 0, 1, 0
43909, 1, 0, 0, 0, 0, 1
43912, 1, 0, 0, 0, 1, 0
51096, 0, 1, 0, 1, 0, 0
43914, 1, 0, 0, 0, 1, 0
43915, 4, 1, 1, 0, 4, 0
43916, 3, 0, 0, 0, 3, 0
43918, 1, 0, 0, 0, 1, 0
43924, 1, 0, 0, 0, 0, 1
43927, 1, 1, 1, 0, 1, 0
43929, 1, 0, 0, 0, 1, 0
43932, 1, 0, 0, 0, 1, 0
43933, 2, 1, 1, 0, 2, 0
43934, 6, 0, 0, 0, 1, 5
43935, 0, 1, 0, 1, 0, 0
43936, 0, 1, 1, 0, 0, 0
43937, 1, 0, 0, 0, 0, 1
43938, 1, 0, 0, 0, 1, 0
43939, 0, 1, 1, 0, 0, 0
43940, 1, 0, 0, 0, 1, 0
43941, 1, 0, 0, 0, 1, 0
66519, 0, 1, 1, 0, 0, 0
66521, 1, 2, 2, 0, 0, 1
66523, 0, 1, 1, 0, 0, 0
66524, 0, 1, 1, 0, 0, 0
43943, 1, 1, 1, 0, 1, 0
43945, 1, 0, 0, 0, 1, 0
43946, 1, 0, 0, 0, 1, 0
48928, 0, 2, 2, 0, 0, 0
69176, 4, 4, 4, 0, 4, 0
79563, 0, 1, 1, 0, 0, 0
43948, 1, 0, 0, 0, 1, 0
43950, 3, 2, 2, 0, 2, 1
43953, 2, 0, 0, 0, 2, 0
43955, 1, 0, 0, 0, 0, 1
43956, 1, 0, 0, 0, 1, 0
43957, 1, 0, 0, 0, 0, 1
109133, 1, 1, 1, 0, 1, 0
43960, 1, 1, 1, 0, 1, 0
43961, 0, 1, 1, 0, 0, 0
43962, 2, 0, 0, 0, 2, 0
43963, 0, 1, 1, 0, 0, 0
43964, 1, 0, 0, 0, 1, 0
66936, 1, 1, 1, 0, 1, 0
43967, 2, 0, 0, 0, 1, 1
43968, 0, 1, 0, 1, 0, 0
43969, 2, 1, 0, 1, 2, 0
43970, 0, 2, 1, 1, 0, 0
43973, 1, 0, 0, 0, 1, 0
43974, 1, 0, 0, 0, 1, 0
43975, 1, 1, 1, 0, 1, 0
43976, 2, 1, 1, 0, 2, 0
43977, 1, 0, 0, 0, 0, 1
43978, 2, 0, 0, 0, 2, 0
64863, 0, 1, 1, 0, 0, 0
43980, 1, 0, 0, 0, 0, 1
43986, 1, 1, 1, 0, 1, 0
43987, 1, 1, 1, 0, 1, 0
43988, 1, 0, 0, 0, 1, 0
43989, 1, 0, 0, 0, 0, 1
43990, 0, 1, 0, 1, 0, 0
43991, 1, 0, 0, 0, 1, 0
43992, 1, 0, 0, 0, 1, 0
43993, 1, 1, 1, 0, 0, 1
43994, 1, 0, 0, 0, 1, 0
43996, 1, 0, 0, 0, 1, 0
43997, 1, 0, 0, 0, 1, 0
43998, 3, 1, 0, 1, 0, 3
113565, 0, 3, 0, 3, 0, 0
43999, 1, 0, 0, 0, 1, 0
44000, 1, 0, 0, 0, 0, 1
44002, 1, 0, 0, 0, 1, 0
44003, 1, 1, 0, 1, 1, 0
44006, 1, 0, 0, 0, 1, 0
44007, 1, 0, 0, 0, 1, 0
44008, 2, 0, 0, 0, 2, 0
44012, 1, 0, 0, 0, 1, 0
44013, 2, 0, 0, 0, 2, 0
44016, 1, 0, 0, 0, 1, 0
45209, 0, 1, 1, 0, 0, 0
44029, 3, 4, 4, 0, 3, 0
44030, 1, 0, 0, 0, 1, 0
44032, 1, 0, 0, 0, 1, 0
44033, 1, 0, 0, 0, 1, 0
44040, 1, 0, 0, 0, 1, 0
44041, 1, 0, 0, 0, 0, 1
44042, 2, 0, 0, 0, 1, 1
44043, 2, 0, 0, 0, 2, 0
44044, 2, 0, 0, 0, 2, 0
44045, 1, 0, 0, 0, 1, 0
44050, 2, 1, 1, 0, 1, 1
44051, 1, 0, 0, 0, 1, 0
44052, 4, 1, 1, 0, 4, 0
44517, 0, 1, 1, 0, 0, 0
44518, 0, 1, 1, 0, 0, 0
44054, 1, 0, 0, 0, 1, 0
44055, 2, 0, 0, 0, 0, 2
84309, 0, 1, 1, 0, 0, 0
44059, 1, 0, 0, 0, 1, 0
44060, 4, 2, 2, 0, 4, 0
44062, 1, 2, 2, 0, 1, 0
44063, 5, 2, 2, 0, 5, 0
44064, 0, 1, 1, 0, 0, 0
49690, 8, 1, 1, 0, 8, 0
76908, 0, 1, 1, 0, 0, 0
76909, 0, 1, 1, 0, 0, 0
76910, 4, 1, 1, 0, 4, 0
44065, 1, 0, 0, 0, 1, 0
44066, 0, 1, 1, 0, 0, 0
44067, 1, 0, 0, 0, 1, 0
44068, 1, 1, 1, 0, 1, 0
44070, 1, 0, 0, 0, 1, 0
44072, 1, 0, 0, 0, 0, 1
44077, 1, 1, 0, 1, 1, 0
44078, 0, 2, 1, 1, 0, 0
44079, 0, 1, 0, 1, 0, 0
44080, 0, 1, 0, 1, 0, 0
44081, 1, 0, 0, 0, 0, 1
44085, 1, 0, 0, 0, 1, 0
44089, 1, 0, 0, 0, 1, 0
70722, 2, 1, 1, 0, 2, 0
107830, 1, 1, 1, 0, 1, 0
44093, 1, 0, 0, 0, 1, 0
49059, 1, 1, 1, 0, 1, 0
45266, 0, 1, 0, 1, 0, 0
65651, 1, 1, 1, 0, 1, 0
73832, 3, 2, 2, 0, 3, 0
76286, 0, 1, 1, 0, 0, 0
44123, 1, 0, 0, 0, 1, 0
44124, 1, 0, 0, 0, 1, 0
44125, 1, 0, 0, 0, 1, 0
44126, 1, 0, 0, 0, 1, 0
74369, 0, 1, 1, 0, 0, 0
44128, 1, 0, 0, 0, 1, 0
44135, 1, 0, 0, 0, 1, 0
44137, 1, 0, 0, 0, 0, 1
44145, 1, 0, 0, 0, 1, 0
44146, 4, 1, 1, 0, 0, 4
44147, 0, 1, 0, 1, 0, 0
101708, 0, 1, 0, 1, 0, 0
44149, 1, 0, 0, 0, 1, 0
44151, 0, 1, 0, 1, 0, 0
44153, 5, 2, 2, 0, 5, 0
44278, 1, 1, 1, 0, 1, 0
44304, 1, 1, 1, 0, 1, 0
44154, 1, 0, 0, 0, 1, 0
45126, 9, 2, 2, 0, 9, 0
47830, 0, 1, 1, 0, 0, 0
47832, 1, 1, 1, 0, 0, 1
47833, 1, 1, 0, 1, 1, 0
47834, 0, 1, 1, 0, 0, 0
50019, 1, 1, 0, 1, 1, 0
69152, 0, 1, 1, 0, 0, 0
69153, 0, 1, 1, 0, 0, 0
44158, 1, 0, 0, 0, 1, 0
44159, 1, 0, 0, 0, 1, 0
44160, 1, 0, 0, 0, 0, 1
44161, 6, 3, 2, 1, 6, 0
44166, 2, 0, 0, 0, 2, 0
44168, 1, 0, 0, 0, 1, 0
44169, 0, 1, 1, 0, 0, 0
44170, 1, 0, 0, 0, 1, 0
44171, 1, 0, 0, 0, 1, 0
44173, 1, 0, 0, 0, 1, 0
44175, 1, 1, 1, 0, 1, 0
44176, 1, 1, 1, 0, 1, 0
44177, 1, 0, 0, 0, 1, 0
44178, 2, 1, 1, 0, 2, 0
44180, 1, 0, 0, 0, 1, 0
44181, 0, 1, 1, 0, 0, 0
44182, 1, 1, 1, 0, 1, 0
44183, 2, 1, 1, 0, 2, 0
44184, 1, 0, 0, 0, 0, 1
44185, 1, 0, 0, 0, 1, 0
94982, 0, 1, 1, 0, 0, 0
44188, 1, 0, 0, 0, 1, 0
44190, 1, 0, 0, 0, 0, 1
44191, 2, 0, 0, 0, 1, 1
44192, 0, 3, 1, 2, 0, 0
44193, 0, 1, 0, 1, 0, 0
44194, 1, 0, 0, 0, 1, 0
44195, 0, 1, 1, 0, 0, 0
44196, 1, 0, 0, 0, 1, 0
44197, 0, 1, 1, 0, 0, 0
44198, 1, 0, 0, 0, 0, 1
44199, 0, 1, 0, 1, 0, 0
44201, 1, 0, 0, 0, 0, 1
44210, 2, 1, 1, 0, 1, 1
44211, 2, 2, 2, 0, 2, 0
73217, 0, 1, 1, 0, 0, 0
44214, 3, 1, 1, 0, 3, 0
44215, 3, 0, 0, 0, 3, 0
44217, 1, 0, 0, 0, 1, 0
44218, 1, 0, 0, 0, 1, 0
44219, 1, 0, 0, 0, 1, 0
44221, 4, 0, 0, 0, 4, 0
44223, 1, 0, 0, 0, 0, 1
69169, 2, 1, 1, 0, 2, 0
74281, 1, 1, 1, 0, 1, 0
44694, 1, 1, 1, 0, 1, 0
52475, 0, 1, 1, 0, 0, 0
52476, 1, 2, 1, 1, 1, 0
52478, 0, 1, 1, 0, 0, 0
52480, 2, 2, 2, 0, 2, 0
44234, 2, 0, 0, 0, 1, 1
44240, 1, 0, 0, 0, 1, 0
44241, 3, 3, 3, 0, 1, 2
44505, 5, 4, 4, 0, 5, 0
44242, 1, 0, 0, 0, 1, 0
44245, 2, 0, 0, 0, 0, 2
44247, 4, 0, 0, 0, 4, 0
44249, 1, 0, 0, 0, 1, 0
44250, 0, 1, 1, 0, 0, 0
44251, 1, 0, 0, 0, 1, 0
44254, 1, 1, 1, 0, 1, 0
44256, 1, 0, 0, 0, 1, 0
44258, 1, 0, 0, 0, 1, 0
44260, 1, 0, 0, 0, 1, 0
44261, 1, 0, 0, 0, 1, 0
44266, 1, 0, 0, 0, 1, 0
44268, 1, 0, 0, 0, 0, 1
44269, 0, 1, 0, 1, 0, 0
44270, 1, 0, 0, 0, 0, 1
44272, 5, 0, 0, 0, 2, 3
44273, 0, 2, 1, 1, 0, 0
44275, 2, 1, 0, 1, 1, 1
69687, 3, 1, 1, 0, 2, 1
46765, 1, 2, 1, 1, 1, 0
44276, 1, 0, 0, 0, 1, 0
110920, 0, 1, 0, 1, 0, 0
44284, 1, 0, 0, 0, 1, 0
44285, 1, 0, 0, 0, 1, 0
44286, 0, 1, 1, 0, 0, 0
44288, 1, 0, 0, 0, 1, 0
44289, 1, 0, 0, 0, 1, 0
44291, 2, 0, 0, 0, 1, 1
103813, 1, 1, 1, 0, 1, 0
44297, 0, 1, 0, 1, 0, 0
44298, 1, 0, 0, 0, 1, 0
44299, 0, 1, 1, 0, 0, 0
44300, 1, 0, 0, 0, 1, 0
44301, 1, 0, 0, 0, 1, 0
44302, 1, 0, 0, 0, 1, 0
44303, 0, 1, 1, 0, 0, 0
44306, 1, 0, 0, 0, 1, 0
77621, 1, 1, 1, 0, 0, 1
44833, 2, 3, 2, 1, 1, 1
44679, 0, 2, 2, 0, 0, 0
44313, 1, 0, 0, 0, 0, 1
44319, 1, 0, 0, 0, 1, 0
54975, 2, 1, 1, 0, 2, 0
78279, 0, 1, 1, 0, 0, 0
44321, 14, 0, 0, 0, 14, 0
44322, 1, 0, 0, 0, 0, 1
44323, 0, 1, 0, 1, 0, 0
60178, 1, 1, 1, 0, 1, 0
60353, 1, 1, 1, 0, 1, 0
61302, 0, 1, 1, 0, 0, 0
61303, 0, 1, 1, 0, 0, 0
64964, 1, 1, 1, 0, 1, 0
44331, 1, 0, 0, 0, 1, 0
68586, 0, 1, 1, 0, 0, 0
68587, 0, 1, 1, 0, 0, 0
68588, 0, 2, 2, 0, 0, 0
68589, 0, 1, 1, 0, 0, 0
78814, 0, 1, 1, 0, 0, 0
44336, 1, 0, 0, 0, 1, 0
44340, 1, 0, 0, 0, 1, 0
44342, 1, 0, 0, 0, 1, 0
44343, 1, 0, 0, 0, 0, 1
44344, 1, 0, 0, 0, 0, 1
44345, 1, 0, 0, 0, 0, 1
44346, 1, 0, 0, 0, 1, 0
44349, 1, 0, 0, 0, 0, 1
44351, 2, 0, 0, 0, 2, 0
50023, 4, 2, 2, 0, 4, 0
53441, 2, 4, 4, 0, 2, 0
61887, 9, 3, 3, 0, 8, 1
62561, 8, 4, 4, 0, 8, 0
63268, 0, 1, 1, 0, 0, 0
44355, 2, 0, 0, 0, 2, 0
44356, 1, 0, 0, 0, 0, 1
44357, 1, 0, 0, 0, 1, 0
44359, 1, 0, 0, 0, 1, 0
87309, 0, 1, 1, 0, 0, 0
44361, 1, 0, 0, 0, 1, 0
44363, 3, 0, 0, 0, 1, 2
44364, 0, 3, 0, 3, 0, 0
44365, 2, 0, 0, 0, 2, 0
86057, 0, 1, 1, 0, 0, 0
44367, 3, 0, 0, 0, 1, 2
44368, 0, 1, 1, 0, 0, 0
44369, 1, 0, 0, 0, 1, 0
44371, 2, 0, 0, 0, 2, 0
44373, 2, 2, 2, 0, 2, 0
44374, 1, 1, 1, 0, 1, 0
44375, 0, 1, 1, 0, 0, 0
44376, 4, 0, 0, 0, 2, 2
44380, 2, 0, 0, 0, 2, 0
44382, 1, 0, 0, 0, 1, 0
65696, 1, 1, 1, 0, 1, 0
78996, 0, 1, 1, 0, 0, 0
44384, 1, 0, 0, 0, 1, 0
44385, 1, 0, 0, 0, 1, 0
44386, 1, 0, 0, 0, 1, 0
44387, 1, 1, 1, 0, 1, 0
44390, 2, 0, 0, 0, 0, 2
44391, 1, 1, 0, 1, 1, 0
44392, 0, 2, 1, 1, 0, 0
44393, 1, 0, 0, 0, 1, 0
48433, 1, 4, 4, 0, 1, 0
67163, 0, 1, 1, 0, 0, 0
67164, 0, 1, 1, 0, 0, 0
67166, 0, 2, 1, 1, 0, 0
67168, 0, 1, 1, 0, 0, 0
67169, 0, 1, 1, 0, 0, 0
67170, 0, 1, 1, 0, 0, 0
44395, 1, 0, 0, 0, 1, 0
44397, 1, 0, 0, 0, 1, 0
44398, 1, 0, 0, 0, 1, 0
44399, 1, 0, 0, 0, 1, 0
44401, 1, 0, 0, 0, 1, 0
44402, 0, 1, 1, 0, 0, 0
44404, 1, 0, 0, 0, 1, 0
44406, 1, 0, 0, 0, 0, 1
44407, 1, 0, 0, 0, 1, 0
44408, 1, 0, 0, 0, 1, 0
98253, 1, 1, 1, 0, 1, 0
44557, 3, 3, 3, 0, 3, 0
44415, 1, 0, 0, 0, 1, 0
45556, 1, 1, 1, 0, 1, 0
45559, 3, 1, 1, 0, 2, 1
45563, 1, 1, 1, 0, 1, 0
44417, 1, 1, 1, 0, 1, 0
44418, 4, 2, 2, 0, 4, 0
44447, 1, 1, 1, 0, 1, 0
44419, 1, 0, 0, 0, 1, 0
59719, 1, 3, 0, 3, 0, 1
50577, 0, 1, 1, 0, 0, 0
68298, 0, 1, 1, 0, 0, 0
68299, 0, 1, 1, 0, 0, 0
68300, 0, 1, 1, 0, 0, 0
45207, 3, 1, 1, 0, 3, 0
56925, 2, 2, 2, 0, 2, 0
56926, 2, 2, 2, 0, 2, 0
61107, 6, 3, 3, 0, 6, 0
61110, 0, 2, 2, 0, 0, 0
63478, 3, 2, 2, 0, 3, 0
85722, 0, 1, 1, 0, 0, 0
85723, 0, 1, 1, 0, 0, 0
85724, 0, 1, 1, 0, 0, 0
85725, 0, 1, 1, 0, 0, 0
85726, 0, 1, 1, 0, 0, 0
85727, 0, 1, 1, 0, 0, 0
85728, 0, 1, 1, 0, 0, 0
44428, 1, 0, 0, 0, 1, 0
44429, 2, 0, 0, 0, 2, 0
44431, 1, 2, 2, 0, 1, 0
44432, 1, 0, 0, 0, 0, 1
44433, 1, 0, 0, 0, 1, 0
44434, 2, 1, 1, 0, 1, 1
44435, 1, 0, 0, 0, 1, 0
44436, 1, 1, 1, 0, 1, 0
86953, 1, 1, 1, 0, 1, 0
44438, 1, 0, 0, 0, 1, 0
44440, 1, 0, 0, 0, 1, 0
44441, 2, 0, 0, 0, 2, 0
44442, 1, 0, 0, 0, 1, 0
44443, 0, 1, 1, 0, 0, 0
44444, 8, 0, 0, 0, 8, 0
115844, 0, 1, 1, 0, 0, 0
115845, 0, 1, 1, 0, 0, 0
115862, 0, 1, 1, 0, 0, 0
115878, 0, 1, 1, 0, 0, 0
116005, 0, 1, 1, 0, 0, 0
44445, 1, 0, 0, 0, 1, 0
44446, 0, 2, 2, 0, 0, 0
44448, 1, 0, 0, 0, 1, 0
44449, 4, 1, 1, 0, 4, 0
121829, 0, 1, 1, 0, 0, 0
44488, 3, 2, 2, 0, 3, 0
47011, 0, 1, 1, 0, 0, 0
47012, 0, 1, 1, 0, 0, 0
47013, 0, 1, 1, 0, 0, 0
47014, 0, 1, 1, 0, 0, 0
47015, 0, 1, 1, 0, 0, 0
47016, 0, 1, 1, 0, 0, 0
44452, 2, 0, 0, 0, 0, 2
44454, 2, 1, 1, 0, 1, 1
44458, 1, 0, 0, 0, 0, 1
44459, 1, 0, 0, 0, 0, 1
85140, 2, 2, 2, 0, 2, 0
44466, 1, 0, 0, 0, 1, 0
44468, 1, 0, 0, 0, 1, 0
44469, 1, 0, 0, 0, 1, 0
44470, 1, 0, 0, 0, 1, 0
44471, 1, 0, 0, 0, 0, 1
44472, 1, 0, 0, 0, 1, 0
87652, 1, 1, 0, 1, 1, 0
87812, 0, 1, 1, 0, 0, 0
87813, 0, 1, 1, 0, 0, 0
44475, 1, 0, 0, 0, 0, 1
44476, 1, 0, 0, 0, 0, 1
44477, 1, 0, 0, 0, 1, 0
44478, 1, 0, 0, 0, 1, 0
44479, 6, 2, 2, 0, 3, 3
44480, 1, 0, 0, 0, 1, 0
44483, 1, 0, 0, 0, 1, 0
44484, 1, 0, 0, 0, 1, 0
44498, 1, 0, 0, 0, 1, 0
44501, 1, 0, 0, 0, 1, 0
44503, 1, 0, 0, 0, 0, 1
44506, 1, 0, 0, 0, 1, 0
44507, 1, 0, 0, 0, 1, 0
44508, 2, 1, 1, 0, 2, 0
44874, 0, 1, 1, 0, 0, 0
96288, 0, 1, 1, 0, 0, 0
44513, 1, 0, 0, 0, 0, 1
44514, 0, 1, 0, 1, 0, 0
44515, 1, 0, 0, 0, 0, 1
44516, 0, 1, 0, 1, 0, 0
44520, 1, 0, 0, 0, 0, 1
44521, 1, 0, 0, 0, 1, 0
44522, 4, 0, 0, 0, 4, 0
44523, 2, 1, 1, 0, 1, 1
48714, 0, 5, 4, 1, 0, 0
50604, 1, 1, 1, 0, 1, 0
60984, 3, 3, 2, 1, 3, 0
63325, 0, 2, 2, 0, 0, 0
66565, 0, 2, 2, 0, 0, 0
67513, 7, 4, 4, 0, 7, 0
68428, 1, 4, 4, 0, 1, 0
70586, 0, 2, 2, 0, 0, 0
70823, 0, 1, 1, 0, 0, 0
70824, 1, 2, 2, 0, 1, 0
70828, 0, 1, 1, 0, 0, 0
70829, 0, 1, 1, 0, 0, 0
70830, 0, 1, 1, 0, 0, 0
70831, 0, 1, 1, 0, 0, 0
70833, 0, 1, 1, 0, 0, 0
44526, 1, 0, 0, 0, 1, 0
91404, 0, 1, 1, 0, 0, 0
44529, 1, 0, 0, 0, 1, 0
44531, 1, 0, 0, 0, 1, 0
62232, 0, 1, 1, 0, 0, 0
44533, 1, 0, 0, 0, 1, 0
44534, 1, 0, 0, 0, 1, 0
46986, 0, 1, 1, 0, 0, 0
44536, 1, 0, 0, 0, 1, 0
44538, 1, 0, 0, 0, 1, 0
58532, 6, 1, 1, 0, 3, 3
60187, 0, 1, 0, 1, 0, 0
60188, 0, 1, 0, 1, 0, 0
44545, 1, 0, 0, 0, 1, 0
44546, 1, 0, 0, 0, 0, 1
44548, 1, 0, 0, 0, 1, 0
44549, 1, 0, 0, 0, 1, 0
44550, 1, 0, 0, 0, 1, 0
47205, 1, 1, 0, 1, 1, 0
44552, 1, 0, 0, 0, 1, 0
44554, 1, 1, 1, 0, 1, 0
44555, 1, 1, 1, 0, 1, 0
44556, 1, 1, 1, 0, 1, 0
50393, 1, 1, 1, 0, 1, 0
44558, 1, 0, 0, 0, 1, 0
44559, 0, 1, 1, 0, 0, 0
44560, 1, 0, 0, 0, 0, 1
44561, 1, 0, 0, 0, 1, 0
44562, 1, 0, 0, 0, 0, 1
44564, 3, 0, 0, 0, 2, 1
44565, 1, 1, 1, 0, 1, 0
44566, 1, 0, 0, 0, 1, 0
70150, 2, 4, 4, 0, 2, 0
79298, 2, 1, 1, 0, 2, 0
82643, 4, 2, 2, 0, 3, 1
82644, 3, 2, 2, 0, 3, 0
44573, 0, 1, 0, 1, 0, 0
44575, 2, 0, 0, 0, 1, 1
44576, 2, 1, 1, 0, 2, 0
44577, 1, 0, 0, 0, 1, 0
44578, 1, 2, 2, 0, 1, 0
44579, 1, 17, 16, 1, 1, 0
44581, 1, 0, 0, 0, 0, 1
44584, 1, 0, 0, 0, 1, 0
44592, 2, 1, 1, 0, 2, 0
44594, 0, 2, 2, 0, 0, 0
44595, 2, 0, 0, 0, 2, 0
44597, 1, 3, 3, 0, 1, 0
44598, 1, 0, 0, 0, 0, 1
44600, 1, 0, 0, 0, 1, 0
44601, 4, 1, 1, 0, 1, 3
70396, 1, 3, 3, 0, 1, 0
57813, 4, 5, 5, 0, 4, 0
79990, 0, 2, 2, 0, 0, 0
89228, 0, 1, 1, 0, 0, 0
44607, 1, 1, 1, 0, 1, 0
44608, 1, 0, 0, 0, 0, 1
44610, 4, 1, 1, 0, 4, 0
44612, 1, 0, 0, 0, 1, 0
44613, 1, 0, 0, 0, 1, 0
81968, 0, 1, 1, 0, 0, 0
44619, 1, 0, 0, 0, 1, 0
44620, 1, 0, 0, 0, 1, 0
44886, 0, 2, 2, 0, 0, 0
44887, 3, 8, 8, 0, 3, 0
44623, 2, 1, 1, 0, 2, 0
44625, 1, 0, 0, 0, 1, 0
57003, 1, 1, 1, 0, 1, 0
75768, 0, 1, 1, 0, 0, 0
44627, 3, 0, 0, 0, 3, 0
44628, 3, 0, 0, 0, 3, 0
44629, 1, 0, 0, 0, 1, 0
44630, 1, 2, 2, 0, 1, 0
44631, 1, 0, 0, 0, 1, 0
44632, 2, 0, 0, 0, 2, 0
44633, 1, 0, 0, 0, 1, 0
110929, 1, 1, 1, 0, 1, 0
61342, 1, 1, 1, 0, 1, 0
65242, 1, 1, 1, 0, 1, 0
67912, 1, 1, 1, 0, 1, 0
73590, 2, 2, 2, 0, 2, 0
73591, 1, 3, 3, 0, 1, 0
76316, 0, 1, 1, 0, 0, 0
57843, 1, 1, 1, 0, 1, 0
44655, 2, 0, 0, 0, 0, 2
80899, 1, 1, 1, 0, 1, 0
44658, 7, 0, 0, 0, 7, 0
44659, 2, 0, 0, 0, 1, 1
63155, 2, 5, 5, 0, 2, 0
44661, 1, 0, 0, 0, 1, 0
44662, 0, 1, 1, 0, 0, 0
44663, 1, 0, 0, 0, 0, 1
44664, 1, 0, 0, 0, 1, 0
62644, 4, 2, 2, 0, 4, 0
84127, 0, 1, 1, 0, 0, 0
84128, 0, 1, 1, 0, 0, 0
84129, 0, 1, 1, 0, 0, 0
84130, 0, 1, 1, 0, 0, 0
84997, 0, 1, 1, 0, 0, 0
44669, 2, 0, 0, 0, 0, 2
44670, 1, 0, 0, 0, 1, 0
44671, 1, 0, 0, 0, 0, 1
44672, 1, 0, 0, 0, 0, 1
44674, 1, 0, 0, 0, 1, 0
44675, 1, 0, 0, 0, 1, 0
67046, 6, 2, 1, 1, 6, 0
87164, 0, 1, 1, 0, 0, 0
44684, 2, 0, 0, 0, 2, 0
44687, 4, 1, 1, 0, 4, 0
44691, 1, 1, 0, 1, 1, 0
44692, 1, 0, 0, 0, 0, 1
44695, 1, 0, 0, 0, 1, 0
44697, 0, 1, 1, 0, 0, 0
44698, 2, 0, 0, 0, 1, 1
74862, 0, 2, 2, 0, 0, 0
89530, 0, 1, 1, 0, 0, 0
89531, 0, 1, 1, 0, 0, 0
89532, 0, 1, 1, 0, 0, 0
44700, 4, 0, 0, 0, 4, 0
44701, 1, 0, 0, 0, 1, 0
44703, 2, 0, 0, 0, 2, 0
67048, 7, 4, 4, 0, 7, 0
91322, 0, 3, 3, 0, 0, 0
44708, 1, 0, 0, 0, 1, 0
44710, 1, 0, 0, 0, 1, 0
44711, 1, 0, 0, 0, 1, 0
44712, 0, 3, 2, 1, 0, 0
44713, 1, 0, 0, 0, 0, 1
44718, 1, 0, 0, 0, 0, 1
44719, 2, 0, 0, 0, 2, 0
44724, 1, 2, 2, 0, 1, 0
57290, 5, 2, 2, 0, 5, 0
70217, 0, 2, 2, 0, 0, 0
61829, 2, 2, 2, 0, 1, 1
73853, 1, 1, 1, 0, 1, 0
75027, 3, 1, 1, 0, 3, 0
76180, 0, 1, 1, 0, 0, 0
76710, 1, 1, 1, 0, 1, 0
65871, 8, 8, 8, 0, 8, 0
99021, 0, 1, 1, 0, 0, 0
77853, 0, 1, 1, 0, 0, 0
64781, 7, 4, 4, 0, 7, 0
83147, 0, 1, 1, 0, 0, 0
82110, 0, 1, 1, 0, 0, 0
82111, 0, 1, 1, 0, 0, 0
82112, 0, 1, 1, 0, 0, 0
82113, 0, 1, 1, 0, 0, 0
82114, 0, 1, 1, 0, 0, 0
61681, 3, 5, 5, 0, 3, 0
74447, 3, 3, 3, 0, 3, 0
74449, 1, 2, 2, 0, 1, 0
74452, 2, 2, 2, 0, 2, 0
83123, 1, 1, 1, 0, 1, 0
83385, 1, 1, 1, 0, 1, 0
75956, 2, 2, 2, 0, 2, 0
64581, 2, 5, 5, 0, 2, 0
79046, 1, 1, 1, 0, 1, 0
79047, 0, 1, 0, 1, 0, 0
74938, 1, 1, 1, 0, 1, 0
76193, 0, 1, 1, 0, 0, 0
76194, 0, 1, 1, 0, 0, 0
76195, 0, 1, 1, 0, 0, 0
76196, 0, 1, 1, 0, 0, 0
76230, 0, 1, 1, 0, 0, 0
75965, 1, 1, 1, 0, 1, 0
65697, 1, 1, 1, 0, 1, 0
76593, 0, 1, 1, 0, 0, 0
76594, 0, 1, 1, 0, 0, 0
73046, 1, 1, 1, 0, 1, 0
75000, 1, 1, 1, 0, 1, 0
76487, 0, 1, 1, 0, 0, 0
76675, 0, 1, 1, 0, 0, 0
76797, 0, 1, 1, 0, 0, 0
70034, 0, 2, 2, 0, 0, 0
76768, 0, 2, 2, 0, 0, 0
76764, 0, 1, 1, 0, 0, 0
74772, 1, 1, 1, 0, 1, 0
69930, 2, 1, 1, 0, 2, 0
67538, 9, 2, 2, 0, 9, 0
71606, 0, 2, 2, 0, 0, 0
76505, 1, 1, 1, 0, 1, 0
77530, 0, 1, 1, 0, 0, 0
77531, 0, 1, 1, 0, 0, 0
59017, 1, 2, 2, 0, 1, 0
84702, 0, 2, 2, 0, 0, 0
84703, 0, 1, 1, 0, 0, 0
58221, 4, 3, 3, 0, 4, 0
62708, 17, 5, 5, 0, 17, 0
71505, 2, 3, 3, 0, 2, 0
76336, 1, 1, 1, 0, 1, 0
77766, 4, 1, 1, 0, 1, 3
78523, 0, 1, 1, 0, 0, 0
75239, 1, 1, 1, 0, 1, 0
75240, 0, 1, 1, 0, 0, 0
62975, 3, 3, 3, 0, 3, 0
85684, 0, 1, 1, 0, 0, 0
66974, 1, 1, 1, 0, 1, 0
68936, 0, 1, 1, 0, 0, 0
63506, 1, 1, 1, 0, 1, 0
76500, 0, 1, 1, 0, 0, 0
56331, 1, 1, 1, 0, 1, 0
76158, 0, 2, 2, 0, 0, 0
51734, 1, 1, 1, 0, 1, 0
49565, 1, 1, 1, 0, 1, 0
68510, 0, 5, 5, 0, 0, 0
71669, 2, 1, 1, 0, 2, 0
44829, 1, 0, 0, 0, 1, 0
68146, 7, 5, 5, 0, 7, 0
68516, 0, 2, 2, 0, 0, 0
44837, 1, 0, 0, 0, 1, 0
44841, 2, 0, 0, 0, 1, 1
44842, 1, 0, 0, 0, 1, 0
44843, 1, 0, 0, 0, 0, 1
44845, 1, 0, 0, 0, 1, 0
44846, 2, 0, 0, 0, 2, 0
44853, 7, 0, 0, 0, 4, 3
44854, 0, 2, 2, 0, 0, 0
44855, 1, 0, 0, 0, 1, 0
51720, 0, 1, 1, 0, 0, 0
62861, 0, 1, 0, 1, 0, 0
105241, 1, 2, 1, 1, 1, 0
129321, 0, 1, 0, 1, 0, 0
44861, 1, 0, 0, 0, 1, 0
44862, 1, 1, 1, 0, 1, 0
44863, 4, 2, 2, 0, 4, 0
71204, 0, 1, 1, 0, 0, 0
44865, 1, 0, 0, 0, 1, 0
85564, 1, 1, 1, 0, 1, 0
88769, 0, 1, 1, 0, 0, 0
44871, 1, 0, 0, 0, 1, 0
44872, 1, 0, 0, 0, 1, 0
44873, 1, 0, 0, 0, 1, 0
44875, 1, 0, 0, 0, 1, 0
44877, 1, 0, 0, 0, 0, 1
44878, 4, 0, 0, 0, 3, 1
44879, 0, 1, 0, 1, 0, 0
44880, 1, 0, 0, 0, 0, 1
44881, 1, 0, 0, 0, 1, 0
44882, 8, 3, 3, 0, 8, 0
45896, 1, 8, 8, 0, 1, 0
46108, 2, 1, 1, 0, 2, 0
46323, 3, 5, 5, 0, 3, 0
46342, 5, 4, 4, 0, 5, 0
46856, 2, 3, 3, 0, 2, 0
46857, 1, 4, 4, 0, 1, 0
56985, 0, 2, 1, 1, 0, 0
44891, 1, 0, 0, 0, 1, 0
44892, 1, 0, 0, 0, 1, 0
44894, 2, 0, 0, 0, 1, 1
44896, 1, 0, 0, 0, 1, 0
44899, 1, 1, 1, 0, 1, 0
47538, 1, 3, 3, 0, 1, 0
67251, 0, 2, 2, 0, 0, 0
81948, 0, 1, 1, 0, 0, 0
65935, 2, 2, 2, 0, 2, 0
85420, 1, 1, 1, 0, 1, 0
97957, 1, 1, 1, 0, 1, 0
44906, 2, 0, 0, 0, 2, 0
44907, 3, 1, 1, 0, 3, 0
60420, 0, 1, 1, 0, 0, 0
60421, 0, 1, 1, 0, 0, 0
44908, 1, 0, 0, 0, 1, 0
45144, 2, 1, 1, 0, 2, 0
45145, 0, 1, 1, 0, 0, 0
44910, 1, 0, 0, 0, 0, 1
44912, 1, 0, 0, 0, 0, 1
44914, 1, 0, 0, 0, 1, 0
44915, 1, 0, 0, 0, 1, 0
44916, 1, 0, 0, 0, 1, 0
44917, 2, 0, 0, 0, 1, 1
44918, 1, 0, 0, 0, 1, 0
55246, 1, 1, 1, 0, 1, 0
71119, 0, 1, 1, 0, 0, 0
44923, 2, 0, 0, 0, 2, 0
44924, 0, 1, 1, 0, 0, 0
44925, 2, 0, 0, 0, 2, 0
44926, 2, 0, 0, 0, 1, 1
44927, 2, 0, 0, 0, 2, 0
44928, 1, 0, 0, 0, 1, 0
44929, 7, 0, 0, 0, 7, 0
44930, 5, 0, 0, 0, 5, 0
44931, 1, 0, 0, 0, 1, 0
73840, 1, 1, 0, 1, 1, 0
74495, 2, 2, 2, 0, 2, 0
44941, 1, 0, 0, 0, 1, 0
44942, 3, 0, 0, 0, 0, 3
69803, 0, 1, 1, 0, 0, 0
71720, 0, 2, 2, 0, 0, 0
71721, 0, 2, 2, 0, 0, 0
71896, 1, 2, 2, 0, 1, 0
44945, 1, 2, 2, 0, 1, 0
44946, 1, 0, 0, 0, 1, 0
44948, 5, 0, 0, 0, 5, 0
44949, 1, 0, 0, 0, 1, 0
44950, 1, 0, 0, 0, 0, 1
44951, 1, 0, 0, 0, 0, 1
44952, 1, 0, 0, 0, 1, 0
44954, 1, 0, 0, 0, 0, 1
44955, 1, 0, 0, 0, 1, 0
44956, 3, 0, 0, 0, 3, 0
54505, 1, 2, 2, 0, 1, 0
44958, 1, 0, 0, 0, 1, 0
44963, 1, 0, 0, 0, 0, 1
44964, 1, 0, 0, 0, 0, 1
44965, 1, 0, 0, 0, 1, 0
68763, 1, 2, 2, 0, 1, 0
84415, 0, 1, 1, 0, 0, 0
72875, 0, 1, 1, 0, 0, 0
44969, 1, 0, 0, 0, 1, 0
44971, 1, 0, 0, 0, 0, 1
44972, 2, 0, 0, 0, 0, 2
44973, 0, 1, 0, 1, 0, 0
44974, 2, 0, 0, 0, 2, 0
44975, 1, 0, 0, 0, 1, 0
44976, 1, 0, 0, 0, 1, 0
44978, 7, 0, 0, 0, 7, 0
44979, 1, 0, 0, 0, 1, 0
44980, 1, 0, 0, 0, 1, 0
44981, 0, 1, 1, 0, 0, 0
44987, 1, 0, 0, 0, 1, 0
44988, 1, 0, 0, 0, 1, 0
44989, 1, 0, 0, 0, 0, 1
44991, 1, 0, 0, 0, 1, 0
52243, 2, 2, 2, 0, 2, 0
75586, 0, 1, 0, 1, 0, 0
44995, 1, 0, 0, 0, 1, 0
44996, 1, 0, 0, 0, 0, 1
90451, 2, 1, 0, 1, 2, 0
56531, 1, 1, 1, 0, 1, 0
56868, 0, 1, 1, 0, 0, 0
45003, 1, 0, 0, 0, 1, 0
45004, 1, 0, 0, 0, 1, 0
45007, 1, 0, 0, 0, 1, 0
45008, 3, 0, 0, 0, 1, 2
64878, 1, 3, 3, 0, 1, 0
45012, 1, 0, 0, 0, 1, 0
45013, 1, 0, 0, 0, 0, 1
45014, 3, 2, 1, 1, 3, 0
45015, 1, 0, 0, 0, 1, 0
45016, 3, 0, 0, 0, 3, 0
45017, 2, 2, 2, 0, 2, 0
45018, 2, 3, 3, 0, 2, 0
45019, 3, 3, 3, 0, 3, 0
45020, 1, 0, 0, 0, 1, 0
45021, 1, 1, 1, 0, 0, 1
45023, 1, 1, 1, 0, 1, 0
45024, 1, 0, 0, 0, 1, 0
45026, 3, 0, 0, 0, 3, 0
45027, 3, 0, 0, 0, 3, 0
45028, 1, 0, 0, 0, 1, 0
45030, 2, 0, 0, 0, 2, 0
45031, 1, 0, 0, 0, 0, 1
52808, 6, 4, 4, 0, 6, 0
102896, 1, 3, 2, 1, 1, 0
120413, 2, 3, 3, 0, 2, 0
45779, 1, 2, 2, 0, 1, 0
59873, 0, 2, 2, 0, 0, 0
74691, 1, 1, 1, 0, 1, 0
74871, 1, 1, 1, 0, 1, 0
74942, 1, 2, 2, 0, 1, 0
76057, 1, 1, 1, 0, 1, 0
77218, 0, 1, 1, 0, 0, 0
77219, 0, 1, 1, 0, 0, 0
62389, 7, 2, 2, 0, 7, 0
62390, 1, 2, 2, 0, 1, 0
56717, 1, 5, 5, 0, 1, 0
64125, 1, 1, 1, 0, 1, 0
64130, 1, 1, 1, 0, 1, 0
64135, 2, 1, 1, 0, 2, 0
64136, 0, 3, 3, 0, 0, 0
64143, 2, 1, 1, 0, 2, 0
84771, 1, 1, 1, 0, 1, 0
84772, 0, 2, 2, 0, 0, 0
51092, 1, 1, 1, 0, 1, 0
62985, 1, 1, 1, 0, 1, 0
45104, 6, 3, 3, 0, 5, 1
107647, 0, 1, 1, 0, 0, 0
45105, 1, 0, 0, 0, 1, 0
45106, 3, 1, 1, 0, 3, 0
47996, 0, 1, 1, 0, 0, 0
51860, 0, 1, 1, 0, 0, 0
45115, 2, 0, 0, 0, 2, 0
45118, 0, 1, 0, 1, 0, 0
45119, 1, 0, 0, 0, 1, 0
45120, 0, 1, 1, 0, 0, 0
45121, 1, 0, 0, 0, 1, 0
45122, 1, 0, 0, 0, 1, 0
48361, 2, 2, 2, 0, 2, 0
58722, 0, 2, 2, 0, 0, 0
59990, 0, 2, 2, 0, 0, 0
48257, 0, 1, 1, 0, 0, 0
45127, 1, 0, 0, 0, 1, 0
45131, 3, 0, 0, 0, 3, 0
45133, 2, 0, 0, 0, 2, 0
45136, 1, 0, 0, 0, 1, 0
45149, 0, 1, 1, 0, 0, 0
45140, 1, 0, 0, 0, 1, 0
45141, 0, 1, 1, 0, 0, 0
45151, 1, 0, 0, 0, 1, 0
45152, 1, 0, 0, 0, 1, 0
45153, 1, 0, 0, 0, 0, 1
45154, 1, 1, 1, 0, 1, 0
45156, 1, 0, 0, 0, 0, 1
45157, 1, 0, 0, 0, 1, 0
45161, 1, 0, 0, 0, 1, 0
45162, 3, 0, 0, 0, 0, 3
45163, 1, 0, 0, 0, 1, 0
45165, 1, 0, 0, 0, 0, 1
45166, 0, 1, 0, 1, 0, 0
45167, 1, 0, 0, 0, 1, 0
45169, 2, 0, 0, 0, 2, 0
45170, 1, 0, 0, 0, 1, 0
45174, 1, 0, 0, 0, 1, 0
45176, 1, 0, 0, 0, 1, 0
45177, 1, 0, 0, 0, 0, 1
84414, 1, 1, 1, 0, 1, 0
84756, 1, 1, 1, 0, 1, 0
87310, 1, 1, 1, 0, 1, 0
87315, 1, 2, 2, 0, 1, 0
55275, 10, 4, 4, 0, 10, 0
64542, 1, 1, 1, 0, 1, 0
71473, 0, 1, 1, 0, 0, 0
71474, 0, 1, 1, 0, 0, 0
45181, 1, 0, 0, 0, 1, 0
45182, 0, 1, 1, 0, 0, 0
45183, 1, 0, 0, 0, 1, 0
45185, 6, 3, 2, 1, 6, 0
82467, 2, 1, 1, 0, 2, 0
84112, 0, 1, 1, 0, 0, 0
45195, 1, 0, 0, 0, 1, 0
45196, 1, 0, 0, 0, 1, 0
45197, 1, 1, 1, 0, 1, 0
45198, 1, 0, 0, 0, 1, 0
45200, 1, 0, 0, 0, 1, 0
45201, 1, 1, 1, 0, 1, 0
45202, 1, 1, 1, 0, 1, 0
123201, 0, 2, 0, 2, 0, 0
45205, 1, 1, 1, 0, 0, 1
45208, 2, 1, 1, 0, 1, 1
45211, 9, 0, 0, 0, 9, 0
45214, 1, 1, 1, 0, 1, 0
46377, 1, 3, 3, 0, 1, 0
79696, 0, 1, 1, 0, 0, 0
45217, 1, 0, 0, 0, 1, 0
45218, 0, 1, 1, 0, 0, 0
45219, 1, 0, 0, 0, 1, 0
45221, 1, 0, 0, 0, 1, 0
45222, 1, 0, 0, 0, 1, 0
45225, 0, 5, 5, 0, 0, 0
45226, 0, 1, 1, 0, 0, 0
94725, 1, 2, 2, 0, 1, 0
45228, 1, 0, 0, 0, 0, 1
45229, 0, 1, 0, 1, 0, 0
45230, 1, 0, 0, 0, 1, 0
45232, 1, 0, 0, 0, 1, 0
45233, 0, 2, 2, 0, 0, 0
45234, 2, 0, 0, 0, 2, 0
45235, 1, 0, 0, 0, 1, 0
45237, 1, 0, 0, 0, 1, 0
45241, 1, 0, 0, 0, 1, 0
84626, 0, 1, 1, 0, 0, 0
45244, 1, 0, 0, 0, 1, 0
45245, 1, 0, 0, 0, 0, 1
45246, 1, 1, 1, 0, 1, 0
45247, 1, 0, 0, 0, 1, 0
45248, 1, 0, 0, 0, 1, 0
45249, 1, 0, 0, 0, 1, 0
59991, 2, 4, 4, 0, 2, 0
45251, 2, 0, 0, 0, 2, 0
45252, 0, 1, 1, 0, 0, 0
45253, 1, 0, 0, 0, 1, 0
45254, 0, 2, 2, 0, 0, 0
45255, 1, 0, 0, 0, 1, 0
45257, 1, 0, 0, 0, 1, 0
45260, 1, 0, 0, 0, 1, 0
45262, 1, 0, 0, 0, 1, 0
45263, 0, 1, 1, 0, 0, 0
45264, 1, 0, 0, 0, 1, 0
45265, 13, 14, 14, 0, 13, 0
49290, 1, 2, 1, 1, 1, 0
49587, 16, 9, 9, 0, 15, 1
49609, 2, 3, 3, 0, 2, 0
49772, 1, 2, 2, 0, 1, 0
49787, 1, 1, 1, 0, 1, 0
49866, 1, 1, 1, 0, 1, 0
49901, 2, 3, 3, 0, 2, 0
49987, 1, 1, 1, 0, 1, 0
50010, 5, 3, 3, 0, 5, 0
50011, 2, 4, 4, 0, 2, 0
50012, 3, 3, 3, 0, 3, 0
50049, 0, 2, 2, 0, 0, 0
50050, 0, 1, 1, 0, 0, 0
45269, 1, 0, 0, 0, 1, 0
45270, 1, 0, 0, 0, 1, 0
45271, 1, 0, 0, 0, 1, 0
45274, 1, 0, 0, 0, 1, 0
45276, 2, 0, 0, 0, 2, 0
45277, 3, 0, 0, 0, 3, 0
45279, 1, 0, 0, 0, 1, 0
45280, 2, 2, 2, 0, 1, 1
45529, 1, 1, 0, 1, 1, 0
45281, 2, 0, 0, 0, 2, 0
45282, 1, 0, 0, 0, 1, 0
45283, 1, 0, 0, 0, 1, 0
45285, 1, 0, 0, 0, 1, 0
119156, 0, 2, 2, 0, 0, 0
45289, 1, 0, 0, 0, 1, 0
45291, 0, 1, 1, 0, 0, 0
45293, 1, 0, 0, 0, 0, 1
45296, 2, 1, 1, 0, 2, 0
45299, 1, 1, 1, 0, 1, 0
45300, 1, 1, 1, 0, 1, 0
45302, 1, 0, 0, 0, 1, 0
45303, 1, 0, 0, 0, 1, 0
45306, 2, 0, 0, 0, 2, 0
45307, 1, 0, 0, 0, 1, 0
45309, 1, 1, 1, 0, 1, 0
45310, 1, 0, 0, 0, 1, 0
45311, 2, 0, 0, 0, 0, 2
45312, 1, 0, 0, 0, 1, 0
45313, 1, 0, 0, 0, 1, 0
67287, 0, 2, 2, 0, 0, 0
45315, 8, 2, 1, 1, 5, 3
45316, 1, 1, 1, 0, 1, 0
45317, 0, 1, 1, 0, 0, 0
45319, 7, 0, 0, 0, 6, 1
45321, 1, 0, 0, 0, 1, 0
45322, 0, 1, 1, 0, 0, 0
45323, 1, 0, 0, 0, 0, 1
80071, 2, 3, 3, 0, 2, 0
82195, 1, 2, 2, 0, 1, 0
45325, 1, 0, 0, 0, 1, 0
45328, 1, 0, 0, 0, 1, 0
45333, 1, 0, 0, 0, 1, 0
45338, 1, 0, 0, 0, 1, 0
45339, 1, 0, 0, 0, 1, 0
45344, 1, 0, 0, 0, 1, 0
45345, 1, 0, 0, 0, 1, 0
45353, 1, 0, 0, 0, 0, 1
45354, 0, 1, 0, 1, 0, 0
45355, 1, 0, 0, 0, 1, 0
45356, 1, 0, 0, 0, 1, 0
45357, 1, 0, 0, 0, 0, 1
45358, 2, 0, 0, 0, 2, 0
45359, 6, 2, 2, 0, 5, 1
45360, 2, 0, 0, 0, 2, 0
45366, 1, 0, 0, 0, 1, 0
45367, 1, 0, 0, 0, 1, 0
45368, 1, 0, 0, 0, 1, 0
45369, 1, 0, 0, 0, 1, 0
45370, 1, 0, 0, 0, 1, 0
45372, 1, 0, 0, 0, 1, 0
45373, 3, 0, 0, 0, 3, 0
45375, 0, 1, 1, 0, 0, 0
45376, 0, 1, 1, 0, 0, 0
80983, 1, 3, 3, 0, 1, 0
45377, 2, 0, 0, 0, 2, 0
45378, 0, 1, 1, 0, 0, 0
45379, 1, 0, 0, 0, 0, 1
45380, 1, 0, 0, 0, 0, 1
45381, 1, 0, 0, 0, 1, 0
45384, 4, 1, 1, 0, 4, 0
58669, 1, 1, 1, 0, 1, 0
62251, 1, 1, 1, 0, 1, 0
71671, 4, 2, 2, 0, 4, 0
45387, 1, 0, 0, 0, 0, 1
45388, 3, 0, 0, 0, 3, 0
45389, 5, 1, 1, 0, 5, 0
45390, 1, 2, 2, 0, 1, 0
45391, 0, 1, 1, 0, 0, 0
45574, 0, 1, 1, 0, 0, 0
45393, 1, 0, 0, 0, 1, 0
45395, 1, 0, 0, 0, 1, 0
45396, 1, 0, 0, 0, 0, 1
45398, 7, 0, 0, 0, 5, 2
45399, 2, 0, 0, 0, 2, 0
45401, 1, 0, 0, 0, 0, 1
45402, 0, 3, 1, 2, 0, 0
45403, 1, 1, 0, 1, 0, 1
55088, 1, 1, 1, 0, 1, 0
57322, 0, 1, 0, 1, 0, 0
57323, 0, 1, 0, 1, 0, 0
57324, 0, 1, 0, 1, 0, 0
57325, 0, 2, 0, 2, 0, 0
57326, 0, 1, 0, 1, 0, 0
111924, 0, 1, 0, 1, 0, 0
45409, 2, 0, 0, 0, 2, 0
45410, 1, 0, 0, 0, 1, 0
45412, 2, 0, 0, 0, 2, 0
45413, 1, 0, 0, 0, 1, 0
45414, 1, 0, 0, 0, 1, 0
45415, 1, 0, 0, 0, 1, 0
45417, 1, 1, 1, 0, 1, 0
45420, 1, 0, 0, 0, 0, 1
45422, 6, 2, 1, 1, 4, 2
45426, 0, 2, 2, 0, 0, 0
45427, 0, 1, 1, 0, 0, 0
45428, 0, 1, 1, 0, 0, 0
45430, 0, 2, 1, 1, 0, 0
95904, 0, 1, 1, 0, 0, 0
51450, 1, 2, 2, 0, 1, 0
45433, 1, 0, 0, 0, 1, 0
87816, 1, 1, 1, 0, 1, 0
45440, 1, 0, 0, 0, 0, 1
45441, 1, 0, 0, 0, 1, 0
94983, 0, 1, 1, 0, 0, 0
45447, 3, 0, 0, 0, 3, 0
45448, 0, 1, 1, 0, 0, 0
45450, 0, 1, 1, 0, 0, 0
45451, 5, 0, 0, 0, 5, 0
45452, 3, 0, 0, 0, 1, 2
45454, 1, 0, 0, 0, 1, 0
45455, 0, 1, 1, 0, 0, 0
45456, 1, 0, 0, 0, 0, 1
47403, 1, 1, 1, 0, 1, 0
45461, 2, 1, 1, 0, 1, 1
45462, 0, 1, 0, 1, 0, 0
123312, 0, 1, 0, 1, 0, 0
45463, 2, 0, 0, 0, 2, 0
71457, 0, 1, 0, 1, 0, 0
71458, 0, 1, 0, 1, 0, 0
45468, 1, 0, 0, 0, 1, 0
45469, 0, 2, 1, 1, 0, 0
45472, 1, 0, 0, 0, 1, 0
77857, 1, 1, 1, 0, 1, 0
79359, 0, 1, 0, 1, 0, 0
45475, 1, 0, 0, 0, 1, 0
45476, 0, 1, 1, 0, 0, 0
45477, 1, 0, 0, 0, 1, 0
45480, 0, 1, 0, 1, 0, 0
45482, 1, 1, 1, 0, 1, 0
45484, 1, 0, 0, 0, 0, 1
45485, 2, 0, 0, 0, 2, 0
45486, 2, 0, 0, 0, 2, 0
45487, 0, 1, 1, 0, 0, 0
45488, 1, 0, 0, 0, 0, 1
58288, 2, 3, 3, 0, 2, 0
77088, 0, 1, 1, 0, 0, 0
77089, 0, 1, 1, 0, 0, 0
45492, 1, 0, 0, 0, 1, 0
45493, 0, 1, 1, 0, 0, 0
45494, 1, 0, 0, 0, 1, 0
45495, 0, 1, 1, 0, 0, 0
45497, 4, 0, 0, 0, 4, 0
45498, 1, 2, 2, 0, 1, 0
81261, 1, 1, 1, 0, 1, 0
45500, 0, 1, 1, 0, 0, 0
45501, 0, 1, 0, 1, 0, 0
45503, 1, 0, 0, 0, 1, 0
45504, 1, 0, 0, 0, 0, 1
57651, 0, 1, 1, 0, 0, 0
45507, 2, 0, 0, 0, 2, 0
45509, 1, 0, 0, 0, 1, 0
90624, 5, 2, 2, 0, 5, 0
91256, 6, 4, 4, 0, 6, 0
91864, 0, 2, 2, 0, 0, 0
45511, 2, 0, 0, 0, 2, 0
45512, 3, 2, 2, 0, 2, 1
45513, 2, 2, 2, 0, 1, 1
91975, 0, 1, 1, 0, 0, 0
91976, 0, 1, 1, 0, 0, 0
45515, 1, 0, 0, 0, 1, 0
45516, 0, 1, 1, 0, 0, 0
45518, 1, 0, 0, 0, 1, 0
45519, 0, 1, 1, 0, 0, 0
45522, 2, 2, 2, 0, 2, 0
45523, 4, 0, 0, 0, 4, 0
87773, 0, 1, 1, 0, 0, 0
87774, 0, 1, 1, 0, 0, 0
45528, 1, 0, 0, 0, 1, 0
45530, 1, 0, 0, 0, 1, 0
45532, 1, 0, 0, 0, 1, 0
45535, 3, 0, 0, 0, 2, 1
45537, 1, 0, 0, 0, 1, 0
45538, 1, 0, 0, 0, 1, 0
45539, 0, 1, 1, 0, 0, 0
45540, 1, 0, 0, 0, 0, 1
45541, 1, 1, 1, 0, 1, 0
45542, 2, 1, 1, 0, 2, 0
45543, 1, 0, 0, 0, 1, 0
45544, 0, 1, 1, 0, 0, 0
45545, 1, 0, 0, 0, 1, 0
45546, 2, 0, 0, 0, 2, 0
45550, 2, 0, 0, 0, 2, 0
45551, 1, 0, 0, 0, 1, 0
45552, 2, 0, 0, 0, 2, 0
45554, 2, 0, 0, 0, 2, 0
45555, 0, 1, 1, 0, 0, 0
45557, 1, 0, 0, 0, 0, 1
45561, 1, 0, 0, 0, 1, 0
45562, 3, 0, 0, 0, 3, 0
45564, 1, 0, 0, 0, 1, 0
45566, 2, 1, 1, 0, 1, 1
45567, 0, 1, 0, 1, 0, 0
45568, 1, 0, 0, 0, 1, 0
45569, 1, 0, 0, 0, 1, 0
45570, 1, 0, 0, 0, 1, 0
45571, 2, 5, 5, 0, 2, 0
63254, 1, 1, 1, 0, 1, 0
45573, 1, 1, 1, 0, 1, 0
46770, 2, 1, 1, 0, 2, 0
45578, 1, 0, 0, 0, 1, 0
45579, 0, 1, 1, 0, 0, 0
45580, 1, 0, 0, 0, 1, 0
45581, 1, 0, 0, 0, 1, 0
45582, 1, 0, 0, 0, 1, 0
45583, 1, 0, 0, 0, 1, 0
45585, 1, 0, 0, 0, 1, 0
102232, 0, 1, 0, 1, 0, 0
88795, 0, 1, 1, 0, 0, 0
45591, 1, 0, 0, 0, 0, 1
45594, 1, 0, 0, 0, 1, 0
45595, 1, 0, 0, 0, 1, 0
45596, 2, 0, 0, 0, 2, 0
45599, 1, 0, 0, 0, 0, 1
45600, 1, 0, 0, 0, 1, 0
45602, 1, 0, 0, 0, 1, 0
45603, 1, 0, 0, 0, 1, 0
45604, 1, 0, 0, 0, 1, 0
51148, 1, 4, 4, 0, 1, 0
55228, 0, 1, 1, 0, 0, 0
45606, 1, 0, 0, 0, 0, 1
45608, 2, 0, 0, 0, 0, 2
65324, 2, 2, 2, 0, 2, 0
81090, 2, 3, 3, 0, 2, 0
86642, 1, 2, 2, 0, 1, 0
87148, 0, 1, 1, 0, 0, 0
87149, 0, 1, 1, 0, 0, 0
87151, 0, 1, 1, 0, 0, 0
45610, 3, 0, 0, 0, 1, 2
45611, 1, 0, 0, 0, 1, 0
45634, 2, 1, 0, 1, 0, 2
45642, 1, 1, 0, 1, 1, 0
45613, 2, 0, 0, 0, 2, 0
45614, 2, 0, 0, 0, 2, 0
45615, 0, 3, 3, 0, 0, 0
45616, 1, 1, 1, 0, 1, 0
45619, 14, 0, 0, 0, 5, 9
103069, 1, 2, 1, 1, 1, 0
45620, 1, 0, 0, 0, 1, 0
45621, 1, 2, 1, 1, 1, 0
68007, 1, 1, 1, 0, 1, 0
45623, 2, 0, 0, 0, 2, 0
92582, 0, 1, 1, 0, 0, 0
45625, 1, 0, 0, 0, 1, 0
45626, 0, 1, 1, 0, 0, 0
45627, 1, 0, 0, 0, 1, 0
45628, 1, 0, 0, 0, 1, 0
67345, 1, 1, 1, 0, 1, 0
67943, 2, 11, 11, 0, 2, 0
68330, 7, 1, 1, 0, 7, 0
45635, 0, 1, 0, 1, 0, 0
45637, 3, 0, 0, 0, 1, 2
69847, 1, 1, 1, 0, 1, 0
55381, 0, 1, 1, 0, 0, 0
55382, 0, 1, 1, 0, 0, 0
55383, 0, 1, 1, 0, 0, 0
55387, 0, 1, 1, 0, 0, 0
45641, 1, 0, 0, 0, 0, 1
45643, 1, 0, 0, 0, 0, 1
45644, 0, 1, 0, 1, 0, 0
45645, 1, 0, 0, 0, 1, 0
74346, 5, 2, 2, 0, 5, 0
45647, 1, 0, 0, 0, 1, 0
45650, 2, 2, 2, 0, 2, 0
45652, 0, 1, 1, 0, 0, 0
45653, 1, 0, 0, 0, 1, 0
45654, 0, 1, 1, 0, 0, 0
45655, 1, 0, 0, 0, 1, 0
45656, 1, 1, 1, 0, 0, 1
45657, 1, 0, 0, 0, 1, 0
45658, 0, 2, 2, 0, 0, 0
71284, 3, 3, 3, 0, 3, 0
71577, 2, 3, 3, 0, 2, 0
71894, 3, 2, 2, 0, 3, 0
72934, 0, 2, 2, 0, 0, 0
74555, 0, 1, 1, 0, 0, 0
74556, 0, 1, 1, 0, 0, 0
74557, 0, 1, 1, 0, 0, 0
45661, 1, 0, 0, 0, 0, 1
45662, 1, 0, 0, 0, 1, 0
45663, 2, 0, 0, 0, 2, 0
45664, 1, 0, 0, 0, 1, 0
45665, 1, 0, 0, 0, 1, 0
45668, 1, 1, 1, 0, 1, 0
113179, 2, 1, 1, 0, 2, 0
45669, 1, 0, 0, 0, 1, 0
57634, 4, 2, 2, 0, 4, 0
45675, 1, 0, 0, 0, 1, 0
45678, 1, 0, 0, 0, 0, 1
45679, 12, 0, 0, 0, 11, 1
45680, 0, 1, 1, 0, 0, 0
45681, 0, 1, 1, 0, 0, 0
45683, 0, 1, 1, 0, 0, 0
45684, 0, 1, 1, 0, 0, 0
45685, 1, 0, 0, 0, 1, 0
45686, 1, 0, 0, 0, 0, 1
45687, 0, 1, 0, 1, 0, 0
45688, 1, 0, 0, 0, 0, 1
45692, 3, 0, 0, 0, 3, 0
45693, 1, 1, 1, 0, 1, 0
45694, 0, 1, 1, 0, 0, 0
45695, 1, 0, 0, 0, 1, 0
45696, 2, 0, 0, 0, 2, 0
45697, 1, 0, 0, 0, 1, 0
45698, 1, 1, 1, 0, 1, 0
47188, 1, 1, 1, 0, 1, 0
47189, 6, 4, 4, 0, 6, 0
75053, 0, 1, 1, 0, 0, 0
75054, 0, 1, 0, 1, 0, 0
45704, 1, 0, 0, 0, 1, 0
45705, 1, 0, 0, 0, 1, 0
45706, 2, 1, 1, 0, 2, 0
45707, 0, 1, 1, 0, 0, 0
45708, 1, 0, 0, 0, 1, 0
45710, 1, 0, 0, 0, 1, 0
45711, 3, 0, 0, 0, 1, 2
45712, 1, 0, 0, 0, 1, 0
45713, 2, 0, 0, 0, 2, 0
45714, 0, 2, 2, 0, 0, 0
45716, 4, 0, 0, 0, 4, 0
45717, 1, 0, 0, 0, 0, 1
56105, 1, 11, 11, 0, 1, 0
56217, 0, 1, 1, 0, 0, 0
45719, 1, 0, 0, 0, 1, 0
45720, 0, 1, 1, 0, 0, 0
45721, 1, 0, 0, 0, 1, 0
45722, 1, 0, 0, 0, 1, 0
45724, 2, 0, 0, 0, 2, 0
45725, 1, 0, 0, 0, 1, 0
45740, 2, 0, 0, 0, 2, 0
69243, 0, 1, 1, 0, 0, 0
45744, 1, 0, 0, 0, 0, 1
45745, 1, 0, 0, 0, 1, 0
45746, 2, 6, 6, 0, 2, 0
45747, 2, 0, 0, 0, 2, 0
45748, 1, 0, 0, 0, 1, 0
45749, 1, 0, 0, 0, 0, 1
45751, 1, 0, 0, 0, 1, 0
45754, 2, 0, 0, 0, 2, 0
89657, 0, 1, 1, 0, 0, 0
89658, 0, 1, 1, 0, 0, 0
57091, 1, 5, 5, 0, 1, 0
109657, 2, 2, 2, 0, 2, 0
45757, 1, 0, 0, 0, 1, 0
48395, 0, 1, 1, 0, 0, 0
65873, 0, 1, 0, 1, 0, 0
65213, 0, 4, 4, 0, 0, 0
65214, 0, 4, 4, 0, 0, 0
61304, 2, 2, 2, 0, 2, 0
45766, 1, 0, 0, 0, 0, 1
45767, 1, 2, 2, 0, 1, 0
45770, 1, 0, 0, 0, 1, 0
45771, 3, 0, 0, 0, 3, 0
45772, 1, 0, 0, 0, 1, 0
45773, 2, 1, 1, 0, 2, 0
45774, 1, 0, 0, 0, 1, 0
48066, 0, 1, 1, 0, 0, 0
45776, 1, 0, 0, 0, 1, 0
45778, 1, 0, 0, 0, 1, 0
45780, 1, 1, 1, 0, 1, 0
45782, 2, 0, 0, 0, 2, 0
45784, 1, 1, 1, 0, 1, 0
45785, 1, 0, 0, 0, 1, 0
45786, 1, 0, 0, 0, 1, 0
45787, 1, 0, 0, 0, 0, 1
45788, 2, 0, 0, 0, 2, 0
45789, 1, 1, 1, 0, 1, 0
45792, 2, 0, 0, 0, 2, 0
45793, 1, 0, 0, 0, 1, 0
45794, 2, 0, 0, 0, 1, 1
45796, 1, 0, 0, 0, 1, 0
45799, 1, 0, 0, 0, 1, 0
45800, 1, 0, 0, 0, 0, 1
45801, 0, 1, 0, 1, 0, 0
45803, 1, 0, 0, 0, 1, 0
45804, 2, 0, 0, 0, 1, 1
45807, 0, 1, 1, 0, 0, 0
45808, 1, 0, 0, 0, 1, 0
45809, 1, 0, 0, 0, 1, 0
45811, 1, 0, 0, 0, 1, 0
45812, 1, 0, 0, 0, 1, 0
45814, 1, 1, 1, 0, 1, 0
61807, 1, 2, 2, 0, 1, 0
45816, 1, 0, 0, 0, 0, 1
45817, 1, 0, 0, 0, 1, 0
45818, 1, 0, 0, 0, 1, 0
45819, 0, 1, 1, 0, 0, 0
45820, 3, 1, 1, 0, 3, 0
98650, 0, 2, 2, 0, 0, 0
45822, 1, 0, 0, 0, 1, 0
45823, 2, 0, 0, 0, 0, 2
45824, 6, 4, 2, 2, 4, 2
46575, 0, 1, 0, 1, 0, 0
46576, 0, 1, 0, 1, 0, 0
110177, 0, 1, 1, 0, 0, 0
45826, 1, 0, 0, 0, 1, 0
45827, 1, 0, 0, 0, 1, 0
45828, 1, 0, 0, 0, 1, 0
45829, 0, 1, 1, 0, 0, 0
45830, 2, 0, 0, 0, 2, 0
45831, 1, 0, 0, 0, 1, 0
45833, 1, 0, 0, 0, 1, 0
45834, 2, 1, 1, 0, 1, 1
45836, 2, 0, 0, 0, 1, 1
45837, 0, 1, 0, 1, 0, 0
45838, 1, 0, 0, 0, 1, 0
45839, 1, 0, 0, 0, 1, 0
45841, 1, 0, 0, 0, 1, 0
45842, 1, 0, 0, 0, 1, 0
45843, 1, 2, 2, 0, 1, 0
45844, 1, 0, 0, 0, 1, 0
45845, 1, 0, 0, 0, 1, 0
45848, 3, 0, 0, 0, 0, 3
66906, 1, 1, 1, 0, 1, 0
66907, 2, 2, 2, 0, 2, 0
66909, 1, 1, 1, 0, 1, 0
66910, 0, 1, 1, 0, 0, 0
45850, 6, 2, 1, 1, 2, 4
93293, 0, 1, 1, 0, 0, 0
45851, 1, 0, 0, 0, 1, 0
45852, 2, 0, 0, 0, 2, 0
45853, 0, 1, 1, 0, 0, 0
45854, 1, 0, 0, 0, 1, 0
45855, 1, 0, 0, 0, 1, 0
45859, 2, 1, 1, 0, 2, 0
45860, 1, 0, 0, 0, 1, 0
45864, 1, 0, 0, 0, 1, 0
45865, 1, 0, 0, 0, 1, 0
112142, 0, 1, 0, 1, 0, 0
45869, 1, 0, 0, 0, 0, 1
56639, 0, 2, 2, 0, 0, 0
66638, 0, 1, 1, 0, 0, 0
66639, 0, 1, 1, 0, 0, 0
45871, 1, 0, 0, 0, 0, 1
45873, 1, 0, 0, 0, 0, 1
45874, 1, 0, 0, 0, 1, 0
45876, 1, 0, 0, 0, 0, 1
45877, 3, 0, 0, 0, 2, 1
45879, 0, 1, 1, 0, 0, 0
45880, 1, 0, 0, 0, 1, 0
45881, 2, 0, 0, 0, 2, 0
45882, 1, 0, 0, 0, 0, 1
45883, 3, 0, 0, 0, 3, 0
45884, 0, 1, 1, 0, 0, 0
45885, 0, 1, 1, 0, 0, 0
48969, 0, 1, 1, 0, 0, 0
48970, 1, 1, 1, 0, 0, 1
48972, 0, 1, 1, 0, 0, 0
48974, 0, 1, 1, 0, 0, 0
48975, 0, 1, 1, 0, 0, 0
45887, 1, 0, 0, 0, 1, 0
45889, 1, 0, 0, 0, 1, 0
49092, 1, 1, 1, 0, 1, 0
45894, 1, 0, 0, 0, 0, 1
45895, 2, 0, 0, 0, 2, 0
46320, 4, 5, 5, 0, 4, 0
45899, 1, 0, 0, 0, 0, 1
45901, 1, 0, 0, 0, 1, 0
45902, 1, 0, 0, 0, 1, 0
45903, 1, 0, 0, 0, 1, 0
45905, 1, 0, 0, 0, 1, 0
45907, 1, 0, 0, 0, 0, 1
45908, 1, 0, 0, 0, 0, 1
45910, 1, 0, 0, 0, 1, 0
45912, 1, 0, 0, 0, 1, 0
45913, 0, 2, 2, 0, 0, 0
45914, 2, 0, 0, 0, 2, 0
45915, 2, 0, 0, 0, 2, 0
45918, 2, 0, 0, 0, 2, 0
45919, 0, 1, 1, 0, 0, 0
45920, 2, 0, 0, 0, 2, 0
45922, 1, 0, 0, 0, 1, 0
45923, 2, 0, 0, 0, 1, 1
45927, 1, 0, 0, 0, 1, 0
45928, 0, 1, 1, 0, 0, 0
45930, 1, 0, 0, 0, 1, 0
45931, 0, 1, 1, 0, 0, 0
45932, 2, 0, 0, 0, 1, 1
45933, 1, 0, 0, 0, 1, 0
45934, 1, 0, 0, 0, 0, 1
99170, 1, 1, 1, 0, 1, 0
102775, 2, 1, 1, 0, 2, 0
118529, 0, 1, 1, 0, 0, 0
118530, 0, 2, 2, 0, 0, 0
118618, 0, 1, 1, 0, 0, 0
45936, 7, 5, 5, 0, 4, 3
110994, 1, 1, 1, 0, 1, 0
45938, 4, 0, 0, 0, 2, 2
45939, 0, 1, 0, 1, 0, 0
45940, 0, 1, 0, 1, 0, 0
55156, 1, 1, 1, 0, 1, 0
45942, 4, 4, 4, 0, 4, 0
98357, 1, 2, 2, 0, 1, 0
77159, 0, 1, 1, 0, 0, 0
45946, 1, 1, 1, 0, 1, 0
45948, 1, 0, 0, 0, 1, 0
45949, 0, 1, 1, 0, 0, 0
45951, 1, 0, 0, 0, 1, 0
45957, 3, 2, 2, 0, 3, 0
45958, 0, 1, 1, 0, 0, 0
45959, 0, 1, 1, 0, 0, 0
47534, 0, 1, 1, 0, 0, 0
45960, 1, 0, 0, 0, 1, 0
45961, 0, 4, 4, 0, 0, 0
45962, 1, 0, 0, 0, 0, 1
45965, 1, 0, 0, 0, 1, 0
45966, 1, 0, 0, 0, 1, 0
45968, 1, 0, 0, 0, 0, 1
45969, 1, 0, 0, 0, 1, 0
45970, 0, 1, 1, 0, 0, 0
45971, 1, 0, 0, 0, 0, 1
53084, 0, 1, 1, 0, 0, 0
99461, 0, 1, 1, 0, 0, 0
58371, 6, 2, 2, 0, 6, 0
60252, 2, 4, 4, 0, 2, 0
76062, 0, 1, 1, 0, 0, 0
74128, 1, 1, 1, 0, 1, 0
76693, 2, 3, 3, 0, 2, 0
45984, 1, 0, 0, 0, 1, 0
45985, 1, 0, 0, 0, 1, 0
45986, 1, 0, 0, 0, 1, 0
45987, 0, 1, 1, 0, 0, 0
45988, 1, 0, 0, 0, 1, 0
45989, 0, 1, 1, 0, 0, 0
45991, 1, 0, 0, 0, 1, 0
45992, 2, 0, 0, 0, 1, 1
45993, 0, 1, 1, 0, 0, 0
45996, 2, 2, 2, 0, 2, 0
45997, 2, 2, 2, 0, 2, 0
74108, 3, 1, 1, 0, 3, 0
80117, 0, 1, 1, 0, 0, 0
46007, 1, 0, 0, 0, 1, 0
46011, 1, 0, 0, 0, 1, 0
46014, 2, 0, 0, 0, 0, 2
46015, 0, 2, 1, 1, 0, 0
46016, 1, 1, 0, 1, 1, 0
46018, 6, 0, 0, 0, 6, 0
46019, 1, 0, 0, 0, 1, 0
46021, 1, 0, 0, 0, 0, 1
69911, 3, 2, 2, 0, 3, 0
75986, 0, 2, 2, 0, 0, 0
87547, 0, 1, 1, 0, 0, 0
87548, 0, 1, 1, 0, 0, 0
87549, 0, 1, 1, 0, 0, 0
87550, 0, 1, 1, 0, 0, 0
87551, 0, 1, 1, 0, 0, 0
87552, 0, 1, 1, 0, 0, 0
87553, 0, 1, 1, 0, 0, 0
87554, 0, 1, 1, 0, 0, 0
87555, 0, 1, 1, 0, 0, 0
87556, 0, 1, 1, 0, 0, 0
87557, 0, 1, 1, 0, 0, 0
87558, 0, 1, 1, 0, 0, 0
87559, 0, 2, 2, 0, 0, 0
87560, 0, 1, 1, 0, 0, 0
46023, 5, 0, 0, 0, 3, 2
46025, 0, 3, 3, 0, 0, 0
46026, 0, 2, 0, 2, 0, 0
46027, 0, 2, 2, 0, 0, 0
46030, 2, 0, 0, 0, 2, 0
46031, 1, 0, 0, 0, 1, 0
46033, 1, 0, 0, 0, 0, 1
46034, 0, 1, 0, 1, 0, 0
46037, 3, 0, 0, 0, 3, 0
46038, 1, 0, 0, 0, 0, 1
46039, 1, 0, 0, 0, 0, 1
46040, 0, 1, 0, 1, 0, 0
46042, 1, 0, 0, 0, 1, 0
46044, 1, 0, 0, 0, 0, 1
46045, 1, 0, 0, 0, 0, 1
46047, 1, 0, 0, 0, 0, 1
46048, 1, 0, 0, 0, 0, 1
46049, 4, 0, 0, 0, 3, 1
46052, 1, 1, 1, 0, 1, 0
68384, 0, 3, 3, 0, 0, 0
46053, 1, 0, 0, 0, 0, 1
46054, 1, 0, 0, 0, 1, 0
46055, 1, 0, 0, 0, 1, 0
83267, 0, 1, 0, 1, 0, 0
54412, 0, 1, 1, 0, 0, 0
84044, 0, 1, 1, 0, 0, 0
117679, 4, 1, 1, 0, 4, 0
70866, 1, 2, 1, 1, 1, 0
46101, 2, 0, 0, 0, 0, 2
46102, 0, 5, 1, 4, 0, 0
46104, 1, 0, 0, 0, 1, 0
46106, 1, 0, 0, 0, 1, 0
77102, 3, 1, 0, 1, 1, 2
46110, 1, 0, 0, 0, 1, 0
46111, 1, 0, 0, 0, 0, 1
46115, 1, 0, 0, 0, 1, 0
46117, 1, 0, 0, 0, 1, 0
46118, 1, 0, 0, 0, 1, 0
46119, 1, 0, 0, 0, 1, 0
46120, 1, 0, 0, 0, 1, 0
46121, 1, 0, 0, 0, 1, 0
46122, 2, 1, 1, 0, 2, 0
46124, 0, 1, 1, 0, 0, 0
46125, 1, 0, 0, 0, 0, 1
46126, 1, 0, 0, 0, 0, 1
46128, 1, 0, 0, 0, 1, 0
46129, 2, 0, 0, 0, 2, 0
46130, 0, 1, 1, 0, 0, 0
46131, 1, 0, 0, 0, 1, 0
46132, 1, 0, 0, 0, 0, 1
46133, 0, 1, 0, 1, 0, 0
46134, 1, 0, 0, 0, 1, 0
46136, 1, 0, 0, 0, 1, 0
46137, 1, 1, 1, 0, 1, 0
46141, 1, 0, 0, 0, 1, 0
46142, 1, 0, 0, 0, 1, 0
46143, 3, 0, 0, 0, 3, 0
46144, 1, 0, 0, 0, 1, 0
46145, 1, 0, 0, 0, 1, 0
46146, 2, 0, 0, 0, 2, 0
46148, 1, 0, 0, 0, 1, 0
46149, 1, 0, 0, 0, 1, 0
46150, 0, 1, 1, 0, 0, 0
46151, 1, 0, 0, 0, 1, 0
46153, 4, 1, 1, 0, 2, 2
46154, 1, 2, 1, 1, 1, 0
46156, 0, 1, 0, 1, 0, 0
46621, 2, 1, 1, 0, 2, 0
54316, 0, 4, 3, 1, 0, 0
80706, 1, 1, 1, 0, 1, 0
80746, 1, 1, 1, 0, 1, 0
85505, 0, 1, 0, 1, 0, 0
46159, 1, 0, 0, 0, 1, 0
46160, 14, 0, 0, 0, 13, 1
46161, 0, 1, 1, 0, 0, 0
46164, 0, 1, 1, 0, 0, 0
46168, 4, 2, 2, 0, 2, 2
46169, 1, 1, 1, 0, 1, 0
50950, 4, 2, 2, 0, 4, 0
78846, 0, 3, 3, 0, 0, 0
46171, 1, 0, 0, 0, 0, 1
46174, 2, 1, 1, 0, 2, 0
46175, 1, 1, 1, 0, 1, 0
46177, 2, 1, 1, 0, 2, 0
52628, 3, 3, 3, 0, 3, 0
69127, 2, 1, 1, 0, 2, 0
46179, 1, 0, 0, 0, 1, 0
46182, 4, 0, 0, 0, 2, 2
46184, 5, 0, 0, 0, 5, 0
46185, 1, 0, 0, 0, 1, 0
70313, 3, 3, 3, 0, 3, 0
46187, 3, 0, 0, 0, 3, 0
46188, 1, 0, 0, 0, 1, 0
46189, 1, 1, 1, 0, 1, 0
46543, 0, 1, 1, 0, 0, 0
46191, 2, 0, 0, 0, 2, 0
46193, 1, 0, 0, 0, 1, 0
46194, 1, 0, 0, 0, 0, 1
46195, 2, 0, 0, 0, 2, 0
46199, 3, 0, 0, 0, 2, 1
46928, 11, 4, 4, 0, 11, 0
65693, 0, 1, 1, 0, 0, 0
46203, 2, 0, 0, 0, 2, 0
46204, 0, 1, 1, 0, 0, 0
46205, 1, 0, 0, 0, 0, 1
46207, 1, 0, 0, 0, 1, 0
46208, 1, 0, 0, 0, 0, 1
46210, 1, 0, 0, 0, 0, 1
46217, 1, 0, 0, 0, 1, 0
75076, 1, 1, 1, 0, 1, 0
75077, 0, 1, 1, 0, 0, 0
46221, 2, 0, 0, 0, 2, 0
46223, 0, 1, 1, 0, 0, 0
46224, 4, 0, 0, 0, 3, 1
46225, 2, 0, 0, 0, 1, 1
46226, 1, 0, 0, 0, 1, 0
46228, 1, 0, 0, 0, 1, 0
79709, 1, 2, 2, 0, 1, 0
46234, 1, 0, 0, 0, 0, 1
46236, 1, 0, 0, 0, 1, 0
46237, 1, 0, 0, 0, 1, 0
46238, 1, 0, 0, 0, 1, 0
97946, 0, 1, 1, 0, 0, 0
46241, 1, 0, 0, 0, 1, 0
46243, 6, 1, 1, 0, 1, 5
46244, 1, 0, 0, 0, 1, 0
46247, 1, 0, 0, 0, 1, 0
46248, 0, 5, 5, 0, 0, 0
46250, 1, 0, 0, 0, 0, 1
46251, 4, 0, 0, 0, 2, 2
46252, 1, 0, 0, 0, 0, 1
46253, 1, 0, 0, 0, 1, 0
46254, 2, 0, 0, 0, 2, 0
83286, 0, 1, 1, 0, 0, 0
46260, 7, 0, 0, 0, 7, 0
46263, 1, 0, 0, 0, 1, 0
46264, 3, 0, 0, 0, 1, 2
46265, 1, 1, 0, 1, 1, 0
46266, 1, 0, 0, 0, 1, 0
46267, 1, 0, 0, 0, 1, 0
46268, 2, 0, 0, 0, 2, 0
46270, 1, 0, 0, 0, 0, 1
46271, 1, 0, 0, 0, 0, 1
46273, 1, 0, 0, 0, 1, 0
46274, 3, 0, 0, 0, 0, 3
91283, 0, 2, 2, 0, 0, 0
46282, 2, 0, 0, 0, 0, 2
46283, 0, 2, 1, 1, 0, 0
61709, 1, 2, 2, 0, 1, 0
46297, 1, 0, 0, 0, 1, 0
46299, 1, 0, 0, 0, 1, 0
46300, 2, 0, 0, 0, 2, 0
46565, 1, 1, 1, 0, 1, 0
46827, 1, 1, 1, 0, 1, 0
46829, 1, 1, 1, 0, 1, 0
46855, 4, 1, 1, 0, 4, 0
46876, 2, 1, 1, 0, 2, 0
46894, 1, 1, 1, 0, 1, 0
46908, 1, 1, 1, 0, 1, 0
46302, 1, 0, 0, 0, 1, 0
46304, 1, 1, 1, 0, 1, 0
46305, 2, 1, 1, 0, 1, 1
46306, 3, 1, 0, 1, 3, 0
46307, 1, 0, 0, 0, 1, 0
46308, 1, 0, 0, 0, 1, 0
68389, 0, 1, 1, 0, 0, 0
68390, 0, 1, 1, 0, 0, 0
46316, 3, 0, 0, 0, 3, 0
46318, 1, 0, 0, 0, 1, 0
46319, 3, 0, 0, 0, 3, 0
46321, 2, 0, 0, 0, 1, 1
46322, 4, 0, 0, 0, 4, 0
46324, 3, 0, 0, 0, 3, 0
111248, 1, 1, 1, 0, 1, 0
46329, 1, 0, 0, 0, 0, 1
46330, 2, 1, 1, 0, 2, 0
46332, 1, 0, 0, 0, 0, 1
46333, 1, 0, 0, 0, 0, 1
46334, 1, 0, 0, 0, 1, 0
46335, 1, 0, 0, 0, 1, 0
46336, 0, 1, 1, 0, 0, 0
46340, 1, 0, 0, 0, 1, 0
46343, 2, 0, 0, 0, 1, 1
46344, 1, 0, 0, 0, 0, 1
46345, 1, 1, 1, 0, 1, 0
112405, 1, 1, 1, 0, 1, 0
46349, 1, 0, 0, 0, 1, 0
46350, 1, 1, 1, 0, 1, 0
69899, 6, 2, 1, 1, 6, 0
55083, 0, 1, 1, 0, 0, 0
55084, 0, 1, 1, 0, 0, 0
46355, 1, 0, 0, 0, 0, 1
46356, 2, 2, 1, 1, 1, 1
46361, 1, 0, 0, 0, 1, 0
46362, 1, 0, 0, 0, 1, 0
46363, 1, 0, 0, 0, 1, 0
46364, 1, 0, 0, 0, 0, 1
46365, 1, 0, 0, 0, 1, 0
46369, 1, 0, 0, 0, 0, 1
46370, 2, 1, 1, 0, 2, 0
46371, 20, 4, 4, 0, 16, 4
46372, 4, 2, 2, 0, 3, 1
112084, 0, 1, 1, 0, 0, 0
46374, 0, 1, 0, 1, 0, 0
46375, 1, 0, 0, 0, 1, 0
46376, 1, 0, 0, 0, 1, 0
46380, 1, 0, 0, 0, 1, 0
46382, 1, 0, 0, 0, 1, 0
67704, 0, 1, 1, 0, 0, 0
46384, 1, 0, 0, 0, 1, 0
46385, 1, 0, 0, 0, 1, 0
46388, 2, 0, 0, 0, 1, 1
46390, 1, 0, 0, 0, 1, 0
46391, 1, 0, 0, 0, 1, 0
46392, 3, 0, 0, 0, 3, 0
46394, 2, 0, 0, 0, 2, 0
46395, 1, 0, 0, 0, 1, 0
46396, 2, 1, 1, 0, 2, 0
95722, 2, 2, 2, 0, 2, 0
46399, 1, 0, 0, 0, 0, 1
46400, 1, 0, 0, 0, 1, 0
58511, 1, 1, 1, 0, 1, 0
70541, 1, 1, 1, 0, 1, 0
84710, 0, 1, 1, 0, 0, 0
84711, 0, 1, 1, 0, 0, 0
84712, 0, 1, 1, 0, 0, 0
84713, 0, 1, 1, 0, 0, 0
84714, 0, 1, 1, 0, 0, 0
84715, 0, 1, 1, 0, 0, 0
84716, 0, 1, 1, 0, 0, 0
84717, 0, 1, 1, 0, 0, 0
46404, 1, 0, 0, 0, 1, 0
46405, 0, 1, 1, 0, 0, 0
46406, 1, 0, 0, 0, 1, 0
46407, 1, 0, 0, 0, 1, 0
46408, 2, 0, 0, 0, 0, 2
46409, 1, 0, 0, 0, 0, 1
46410, 3, 0, 0, 0, 3, 0
46411, 1, 0, 0, 0, 1, 0
46412, 1, 0, 0, 0, 1, 0
46419, 1, 1, 1, 0, 1, 0
46420, 1, 1, 1, 0, 1, 0
46421, 1, 1, 1, 0, 1, 0
46423, 1, 0, 0, 0, 1, 0
56623, 5, 2, 2, 0, 5, 0
53530, 6, 5, 5, 0, 5, 1
50255, 2, 2, 2, 0, 2, 0
59675, 0, 1, 0, 1, 0, 0
52739, 2, 2, 2, 0, 2, 0
52940, 0, 1, 1, 0, 0, 0
52941, 0, 1, 1, 0, 0, 0
52558, 1, 1, 1, 0, 1, 0
46462, 1, 0, 0, 0, 1, 0
46463, 1, 0, 0, 0, 0, 1
46464, 1, 0, 0, 0, 1, 0
69784, 3, 1, 1, 0, 3, 0
46467, 1, 0, 0, 0, 0, 1
46468, 9, 0, 0, 0, 9, 0
46472, 1, 0, 0, 0, 0, 1
46473, 1, 0, 0, 0, 1, 0
46475, 1, 0, 0, 0, 1, 0
46477, 2, 0, 0, 0, 2, 0
46478, 0, 1, 1, 0, 0, 0
66550, 0, 1, 1, 0, 0, 0
46480, 1, 0, 0, 0, 1, 0
46481, 1, 1, 1, 0, 1, 0
50493, 0, 1, 1, 0, 0, 0
78226, 0, 1, 0, 1, 0, 0
50110, 0, 1, 1, 0, 0, 0
98039, 3, 3, 3, 0, 3, 0
70243, 1, 1, 1, 0, 1, 0
70244, 0, 1, 1, 0, 0, 0
70247, 5, 1, 1, 0, 5, 0
70251, 8, 1, 1, 0, 8, 0
70254, 0, 1, 1, 0, 0, 0
70256, 12, 1, 1, 0, 6, 6
70262, 0, 1, 1, 0, 0, 0
70265, 0, 1, 1, 0, 0, 0
70266, 0, 2, 2, 0, 0, 0
70267, 0, 3, 3, 0, 0, 0
70268, 6, 1, 1, 0, 6, 0
46490, 1, 0, 0, 0, 1, 0
46491, 3, 1, 1, 0, 3, 0
71018, 1, 1, 1, 0, 1, 0
74544, 0, 1, 1, 0, 0, 0
46493, 1, 0, 0, 0, 1, 0
46495, 2, 0, 0, 0, 2, 0
46496, 2, 0, 0, 0, 2, 0
46499, 1, 0, 0, 0, 1, 0
46500, 1, 0, 0, 0, 1, 0
46501, 0, 2, 2, 0, 0, 0
46502, 1, 0, 0, 0, 1, 0
46505, 1, 0, 0, 0, 1, 0
46506, 1, 0, 0, 0, 1, 0
46509, 2, 0, 0, 0, 2, 0
46512, 2, 0, 0, 0, 2, 0
46513, 0, 1, 1, 0, 0, 0
46514, 1, 0, 0, 0, 0, 1
69550, 2, 15, 15, 0, 2, 0
75737, 4, 1, 1, 0, 4, 0
46516, 4, 0, 0, 0, 4, 0
46517, 1, 2, 2, 0, 1, 0
74058, 8, 2, 2, 0, 8, 0
74986, 1, 3, 3, 0, 1, 0
71395, 1, 1, 1, 0, 1, 0
71921, 0, 1, 1, 0, 0, 0
46520, 1, 0, 0, 0, 1, 0
46521, 2, 0, 0, 0, 1, 1
46522, 0, 1, 0, 1, 0, 0
46524, 2, 3, 3, 0, 2, 0
46525, 3, 3, 3, 0, 3, 0
46526, 34, 3, 3, 0, 24, 10
52544, 3, 2, 2, 0, 3, 0
66706, 0, 1, 0, 1, 0, 0
68363, 2, 1, 1, 0, 2, 0
46529, 1, 0, 0, 0, 1, 0
46530, 1, 0, 0, 0, 1, 0
46532, 1, 0, 0, 0, 1, 0
46533, 1, 0, 0, 0, 1, 0
46534, 0, 1, 1, 0, 0, 0
46535, 1, 0, 0, 0, 1, 0
46537, 1, 1, 1, 0, 1, 0
46538, 1, 0, 0, 0, 0, 1
46539, 1, 0, 0, 0, 1, 0
46540, 1, 0, 0, 0, 1, 0
46545, 2, 0, 0, 0, 2, 0
46546, 1, 0, 0, 0, 1, 0
46547, 2, 0, 0, 0, 2, 0
46548, 1, 0, 0, 0, 0, 1
58297, 1, 1, 1, 0, 1, 0
46551, 1, 0, 0, 0, 0, 1
46552, 0, 1, 0, 1, 0, 0
46553, 1, 1, 1, 0, 1, 0
46554, 7, 1, 1, 0, 6, 1
46556, 6, 0, 0, 0, 6, 0
46559, 1, 0, 0, 0, 1, 0
46561, 1, 1, 1, 0, 1, 0
46563, 1, 1, 1, 0, 1, 0
46566, 1, 0, 0, 0, 1, 0
46567, 0, 1, 1, 0, 0, 0
90041, 2, 1, 1, 0, 2, 0
46571, 1, 0, 0, 0, 0, 1
46572, 1, 0, 0, 0, 0, 1
46839, 1, 1, 1, 0, 1, 0
46577, 4, 0, 0, 0, 3, 1
46578, 4, 1, 1, 0, 3, 1
46579, 0, 2, 0, 2, 0, 0
46580, 1, 0, 0, 0, 0, 1
46581, 1, 0, 0, 0, 1, 0
46582, 1, 0, 0, 0, 0, 1
46584, 2, 0, 0, 0, 2, 0
46587, 1, 0, 0, 0, 1, 0
61629, 2, 1, 1, 0, 2, 0
61763, 1, 1, 1, 0, 1, 0
54328, 0, 2, 2, 0, 0, 0
68349, 0, 2, 2, 0, 0, 0
68350, 0, 1, 1, 0, 0, 0
46593, 1, 0, 0, 0, 1, 0
46594, 1, 0, 0, 0, 1, 0
46595, 2, 0, 0, 0, 1, 1
46596, 1, 0, 0, 0, 1, 0
46600, 1, 1, 0, 1, 1, 0
46601, 2, 1, 0, 1, 2, 0
46602, 1, 0, 0, 0, 1, 0
46603, 5, 2, 2, 0, 4, 1
46604, 1, 0, 0, 0, 1, 0
46606, 1, 0, 0, 0, 0, 1
46608, 1, 0, 0, 0, 1, 0
46615, 1, 0, 0, 0, 1, 0
46619, 1, 1, 1, 0, 1, 0
46620, 4, 3, 3, 0, 4, 0
47240, 2, 1, 1, 0, 2, 0
47241, 0, 2, 2, 0, 0, 0
46622, 1, 0, 0, 0, 1, 0
46628, 3, 0, 0, 0, 3, 0
46629, 1, 0, 0, 0, 0, 1
46630, 1, 0, 0, 0, 1, 0
46633, 1, 0, 0, 0, 1, 0
46634, 3, 0, 0, 0, 3, 0
46635, 0, 1, 1, 0, 0, 0
46638, 1, 0, 0, 0, 1, 0
46639, 1, 0, 0, 0, 1, 0
46640, 2, 0, 0, 0, 0, 2
46641, 0, 1, 0, 1, 0, 0
46643, 1, 0, 0, 0, 1, 0
46644, 1, 0, 0, 0, 1, 0
46646, 2, 0, 0, 0, 2, 0
46647, 0, 1, 1, 0, 0, 0
46648, 1, 0, 0, 0, 1, 0
46649, 1, 5, 5, 0, 1, 0
46650, 1, 0, 0, 0, 1, 0
46651, 1, 0, 0, 0, 0, 1
46652, 1, 0, 0, 0, 1, 0
46653, 1, 0, 0, 0, 1, 0
46654, 1, 2, 2, 0, 1, 0
51733, 1, 1, 1, 0, 1, 0
46656, 1, 0, 0, 0, 1, 0
46658, 1, 0, 0, 0, 0, 1
46659, 1, 0, 0, 0, 1, 0
46660, 1, 0, 0, 0, 1, 0
46661, 1, 0, 0, 0, 1, 0
46662, 0, 1, 1, 0, 0, 0
46663, 1, 0, 0, 0, 0, 1
46664, 1, 0, 0, 0, 1, 0
46665, 1, 1, 1, 0, 1, 0
46667, 1, 0, 0, 0, 1, 0
46668, 1, 0, 0, 0, 1, 0
46669, 1, 0, 0, 0, 1, 0
46671, 9, 0, 0, 0, 7, 2
46672, 1, 0, 0, 0, 1, 0
46673, 1, 1, 1, 0, 1, 0
52931, 1, 1, 1, 0, 0, 1
55597, 1, 3, 3, 0, 1, 0
56764, 0, 1, 1, 0, 0, 0
56768, 0, 1, 1, 0, 0, 0
46675, 1, 0, 0, 0, 1, 0
46676, 0, 2, 2, 0, 0, 0
46677, 1, 0, 0, 0, 1, 0
74838, 2, 2, 2, 0, 2, 0
46679, 3, 0, 0, 0, 2, 1
46680, 0, 1, 1, 0, 0, 0
46681, 1, 2, 2, 0, 1, 0
46682, 1, 0, 0, 0, 1, 0
46683, 1, 1, 1, 0, 1, 0
46684, 2, 0, 0, 0, 2, 0
46685, 1, 0, 0, 0, 1, 0
46687, 1, 0, 0, 0, 1, 0
46689, 1, 0, 0, 0, 1, 0
46690, 1, 0, 0, 0, 1, 0
46691, 1, 0, 0, 0, 1, 0
46692, 1, 0, 0, 0, 1, 0
46693, 1, 0, 0, 0, 1, 0
46694, 1, 0, 0, 0, 0, 1
84758, 3, 1, 1, 0, 2, 1
46697, 1, 0, 0, 0, 1, 0
46699, 1, 0, 0, 0, 1, 0
46702, 3, 0, 0, 0, 1, 2
46706, 1, 0, 0, 0, 1, 0
46708, 1, 0, 0, 0, 1, 0
46710, 2, 0, 0, 0, 2, 0
46712, 2, 2, 2, 0, 2, 0
95643, 0, 1, 1, 0, 0, 0
46713, 2, 0, 0, 0, 2, 0
46714, 1, 0, 0, 0, 0, 1
46715, 0, 1, 0, 1, 0, 0
46718, 1, 0, 0, 0, 1, 0
47927, 2, 3, 3, 0, 2, 0
47929, 6, 3, 3, 0, 6, 0
50467, 2, 1, 1, 0, 2, 0
51752, 3, 2, 1, 1, 3, 0
52766, 0, 1, 0, 1, 0, 0
52767, 0, 1, 0, 1, 0, 0
52769, 0, 1, 0, 1, 0, 0
52776, 2, 1, 1, 0, 1, 1
52778, 1, 1, 1, 0, 1, 0
52780, 0, 1, 1, 0, 0, 0
52784, 1, 1, 0, 1, 1, 0
52785, 0, 1, 0, 1, 0, 0
52786, 3, 2, 1, 1, 3, 0
78875, 0, 4, 4, 0, 0, 0
70472, 0, 1, 1, 0, 0, 0
46732, 1, 0, 0, 0, 1, 0
46733, 1, 0, 0, 0, 1, 0
46734, 1, 0, 0, 0, 1, 0
63530, 0, 1, 1, 0, 0, 0
59114, 2, 3, 3, 0, 2, 0
59249, 0, 2, 2, 0, 0, 0
59250, 0, 1, 1, 0, 0, 0
62845, 0, 2, 2, 0, 0, 0
64290, 6, 3, 3, 0, 6, 0
64806, 9, 4, 3, 1, 4, 5
74134, 1, 2, 2, 0, 1, 0
74858, 1, 3, 3, 0, 1, 0
74863, 0, 1, 1, 0, 0, 0
74864, 0, 1, 1, 0, 0, 0
74866, 0, 1, 1, 0, 0, 0
74867, 0, 1, 1, 0, 0, 0
74868, 0, 1, 1, 0, 0, 0
74869, 0, 1, 1, 0, 0, 0
46741, 1, 0, 0, 0, 1, 0
46743, 1, 0, 0, 0, 1, 0
46744, 1, 1, 1, 0, 1, 0
46746, 1, 0, 0, 0, 1, 0
46748, 1, 0, 0, 0, 0, 1
46750, 1, 0, 0, 0, 1, 0
46751, 1, 0, 0, 0, 1, 0
46752, 1, 0, 0, 0, 1, 0
46753, 1, 0, 0, 0, 0, 1
46754, 5, 0, 0, 0, 3, 2
46756, 0, 5, 5, 0, 0, 0
47510, 3, 5, 5, 0, 3, 0
70499, 5, 6, 6, 0, 5, 0
46757, 2, 0, 0, 0, 1, 1
76199, 0, 1, 1, 0, 0, 0
76200, 1, 1, 1, 0, 1, 0
46763, 2, 0, 0, 0, 2, 0
46766, 1, 0, 0, 0, 1, 0
46768, 1, 0, 0, 0, 1, 0
46769, 1, 0, 0, 0, 1, 0
46772, 1, 0, 0, 0, 1, 0
46775, 1, 0, 0, 0, 1, 0
46776, 1, 1, 1, 0, 1, 0
46780, 1, 0, 0, 0, 1, 0
46782, 1, 0, 0, 0, 1, 0
46783, 1, 0, 0, 0, 1, 0
46784, 1, 0, 0, 0, 1, 0
46785, 1, 0, 0, 0, 1, 0
46786, 1, 0, 0, 0, 1, 0
73823, 1, 2, 1, 1, 1, 0
119900, 0, 1, 1, 0, 0, 0
124488, 0, 1, 1, 0, 0, 0
124489, 0, 2, 1, 1, 0, 0
124490, 0, 1, 1, 0, 0, 0
124491, 0, 1, 1, 0, 0, 0
124783, 1, 2, 1, 1, 1, 0
46792, 1, 0, 0, 0, 1, 0
46793, 1, 0, 0, 0, 1, 0
46794, 0, 1, 1, 0, 0, 0
46797, 1, 0, 0, 0, 0, 1
56919, 1, 4, 3, 1, 1, 0
64871, 0, 2, 1, 1, 0, 0
46799, 2, 1, 1, 0, 1, 1
46804, 1, 1, 1, 0, 1, 0
46818, 0, 2, 2, 0, 0, 0
46806, 1, 0, 0, 0, 1, 0
46808, 1, 0, 0, 0, 1, 0
46809, 1, 0, 0, 0, 1, 0
46810, 1, 0, 0, 0, 1, 0
46811, 1, 0, 0, 0, 1, 0
46812, 1, 0, 0, 0, 1, 0
46813, 1, 0, 0, 0, 1, 0
46814, 0, 3, 3, 0, 0, 0
46815, 1, 0, 0, 0, 1, 0
46816, 1, 0, 0, 0, 1, 0
73773, 0, 2, 2, 0, 0, 0
73774, 0, 1, 1, 0, 0, 0
73775, 0, 1, 1, 0, 0, 0
73776, 1, 3, 3, 0, 1, 0
46821, 1, 0, 0, 0, 1, 0
46822, 1, 0, 0, 0, 1, 0
46823, 1, 1, 1, 0, 1, 0
46824, 4, 2, 2, 0, 4, 0
46825, 1, 0, 0, 0, 1, 0
46826, 1, 0, 0, 0, 1, 0
46828, 1, 0, 0, 0, 1, 0
87023, 1, 1, 1, 0, 1, 0
89466, 4, 3, 3, 0, 4, 0
89517, 2, 2, 2, 0, 2, 0
89518, 0, 2, 2, 0, 0, 0
89548, 0, 1, 1, 0, 0, 0
89549, 0, 1, 1, 0, 0, 0
46833, 1, 0, 0, 0, 1, 0
61495, 0, 1, 1, 0, 0, 0
61496, 0, 1, 1, 0, 0, 0
46835, 1, 0, 0, 0, 1, 0
46836, 1, 0, 0, 0, 0, 1
46837, 1, 0, 0, 0, 0, 1
46840, 3, 2, 2, 0, 2, 1
46845, 0, 1, 1, 0, 0, 0
46846, 0, 2, 1, 1, 0, 0
93350, 0, 1, 1, 0, 0, 0
100897, 0, 2, 2, 0, 0, 0
107010, 0, 1, 1, 0, 0, 0
68955, 1, 1, 1, 0, 1, 0
73897, 1, 1, 1, 0, 1, 0
79051, 0, 1, 1, 0, 0, 0
46850, 1, 0, 0, 0, 1, 0
46852, 1, 0, 0, 0, 1, 0
46858, 1, 0, 0, 0, 1, 0
46860, 1, 0, 0, 0, 1, 0
49964, 0, 1, 1, 0, 0, 0
46862, 1, 1, 1, 0, 1, 0
46863, 3, 1, 1, 0, 1, 2
46864, 1, 0, 0, 0, 1, 0
46870, 1, 0, 0, 0, 1, 0
46871, 1, 1, 1, 0, 0, 1
46872, 0, 1, 0, 1, 0, 0
46873, 1, 0, 0, 0, 1, 0
46874, 1, 1, 1, 0, 1, 0
46878, 1, 0, 0, 0, 1, 0
46879, 1, 0, 0, 0, 1, 0
46880, 1, 0, 0, 0, 1, 0
46884, 1, 0, 0, 0, 1, 0
46885, 2, 0, 0, 0, 2, 0
46886, 0, 1, 1, 0, 0, 0
46887, 1, 0, 0, 0, 1, 0
46888, 1, 0, 0, 0, 1, 0
46889, 1, 0, 0, 0, 1, 0
46890, 1, 0, 0, 0, 1, 0
46891, 1, 0, 0, 0, 1, 0
46892, 0, 1, 1, 0, 0, 0
46893, 1, 0, 0, 0, 1, 0
46895, 1, 0, 0, 0, 0, 1
46896, 1, 0, 0, 0, 1, 0
46897, 1, 0, 0, 0, 1, 0
46900, 4, 0, 0, 0, 1, 3
53813, 2, 2, 2, 0, 2, 0
46905, 1, 0, 0, 0, 1, 0
46906, 1, 0, 0, 0, 1, 0
46910, 1, 0, 0, 0, 0, 1
46916, 3, 0, 0, 0, 3, 0
54962, 0, 2, 1, 1, 0, 0
46918, 1, 0, 0, 0, 1, 0
46919, 1, 0, 0, 0, 1, 0
46920, 1, 0, 0, 0, 1, 0
46921, 1, 0, 0, 0, 1, 0
46922, 1, 0, 0, 0, 1, 0
46923, 1, 0, 0, 0, 1, 0
46924, 1, 0, 0, 0, 1, 0
46925, 1, 0, 0, 0, 1, 0
46927, 2, 0, 0, 0, 2, 0
46929, 2, 0, 0, 0, 2, 0
46930, 1, 0, 0, 0, 1, 0
46931, 1, 0, 0, 0, 1, 0
46933, 1, 0, 0, 0, 1, 0
46934, 1, 0, 0, 0, 1, 0
46935, 1, 0, 0, 0, 1, 0
46937, 1, 0, 0, 0, 1, 0
46939, 1, 0, 0, 0, 1, 0
46940, 14, 7, 7, 0, 14, 0
81809, 23, 16, 16, 0, 23, 0
108218, 6, 14, 14, 0, 6, 0
108224, 11, 14, 14, 0, 11, 0
46941, 1, 0, 0, 0, 0, 1
46942, 3, 0, 0, 0, 2, 1
46943, 1, 0, 0, 0, 1, 0
46945, 1, 0, 0, 0, 1, 0
46948, 9, 0, 0, 0, 9, 0
46949, 1, 0, 0, 0, 1, 0
46954, 1, 0, 0, 0, 1, 0
46955, 1, 0, 0, 0, 0, 1
46956, 1, 1, 1, 0, 1, 0
46957, 4, 1, 1, 0, 4, 0
46959, 1, 0, 0, 0, 1, 0
46960, 1, 0, 0, 0, 1, 0
46961, 0, 1, 1, 0, 0, 0
46962, 1, 1, 1, 0, 0, 1
46963, 2, 0, 0, 0, 2, 0
46964, 1, 0, 0, 0, 0, 1
46965, 1, 1, 0, 1, 1, 0
46966, 1, 1, 0, 1, 1, 0
46967, 0, 1, 1, 0, 0, 0
46968, 1, 0, 0, 0, 1, 0
46969, 1, 0, 0, 0, 1, 0
46970, 1, 0, 0, 0, 1, 0
46971, 0, 1, 1, 0, 0, 0
46972, 3, 0, 0, 0, 2, 1
46973, 0, 1, 1, 0, 0, 0
46974, 1, 0, 0, 0, 1, 0
66409, 5, 3, 3, 0, 5, 0
46980, 1, 0, 0, 0, 1, 0
46982, 1, 0, 0, 0, 0, 1
46983, 1, 0, 0, 0, 1, 0
46984, 1, 0, 0, 0, 1, 0
46985, 1, 0, 0, 0, 0, 1
46988, 1, 0, 0, 0, 1, 0
46989, 0, 6, 6, 0, 0, 0
46990, 1, 0, 0, 0, 1, 0
114933, 0, 1, 1, 0, 0, 0
65015, 1, 2, 2, 0, 1, 0
46994, 1, 0, 0, 0, 1, 0
46995, 1, 0, 0, 0, 1, 0
46997, 5, 0, 0, 0, 3, 2
77713, 1, 1, 1, 0, 1, 0
46999, 1, 0, 0, 0, 0, 1
47000, 0, 1, 0, 1, 0, 0
47001, 6, 0, 0, 0, 6, 0
47002, 2, 0, 0, 0, 2, 0
47003, 3, 0, 0, 0, 2, 1
47004, 1, 0, 0, 0, 1, 0
47005, 1, 1, 1, 0, 0, 1
47006, 2, 1, 0, 1, 2, 0
47008, 1, 1, 1, 0, 1, 0
47019, 1, 0, 0, 0, 1, 0
76767, 0, 1, 1, 0, 0, 0
47021, 1, 0, 0, 0, 0, 1
47022, 5, 4, 2, 2, 4, 1
47023, 1, 0, 0, 0, 1, 0
47024, 5, 2, 2, 0, 2, 3
47025, 1, 0, 0, 0, 1, 0
47026, 1, 0, 0, 0, 1, 0
47032, 1, 0, 0, 0, 1, 0
47034, 2, 0, 0, 0, 1, 1
47035, 3, 0, 0, 0, 1, 2
47039, 1, 0, 0, 0, 0, 1
47040, 1, 0, 0, 0, 1, 0
47043, 1, 0, 0, 0, 1, 0
47044, 2, 4, 4, 0, 2, 0
47718, 3, 2, 2, 0, 3, 0
47719, 0, 1, 1, 0, 0, 0
47045, 1, 0, 0, 0, 1, 0
47046, 0, 2, 2, 0, 0, 0
47047, 1, 0, 0, 0, 0, 1
47048, 1, 2, 1, 1, 1, 0
49724, 1, 1, 1, 0, 1, 0
47050, 1, 2, 2, 0, 1, 0
89261, 0, 1, 0, 1, 0, 0
47053, 1, 0, 0, 0, 1, 0
47290, 1, 1, 1, 0, 1, 0
47055, 1, 0, 0, 0, 1, 0
47056, 1, 0, 0, 0, 1, 0
47057, 0, 1, 1, 0, 0, 0
47058, 1, 0, 0, 0, 1, 0
47060, 1, 0, 0, 0, 1, 0
47062, 1, 0, 0, 0, 0, 1
47063, 1, 0, 0, 0, 1, 0
102681, 0, 1, 1, 0, 0, 0
47065, 3, 0, 0, 0, 3, 0
47067, 0, 1, 1, 0, 0, 0
74398, 1, 1, 1, 0, 1, 0
74806, 1, 1, 1, 0, 1, 0
78588, 0, 1, 1, 0, 0, 0
78589, 0, 1, 1, 0, 0, 0
78590, 0, 1, 1, 0, 0, 0
78591, 0, 1, 1, 0, 0, 0
47068, 1, 0, 0, 0, 0, 1
47069, 8, 0, 0, 0, 6, 2
47070, 0, 1, 0, 1, 0, 0
47071, 1, 1, 1, 0, 1, 0
47072, 0, 1, 1, 0, 0, 0
47074, 3, 0, 0, 0, 3, 0
47075, 1, 0, 0, 0, 1, 0
47077, 1, 0, 0, 0, 1, 0
47078, 1, 0, 0, 0, 1, 0
47079, 1, 0, 0, 0, 1, 0
47080, 1, 0, 0, 0, 1, 0
47081, 1, 0, 0, 0, 1, 0
47082, 1, 0, 0, 0, 1, 0
47086, 1, 0, 0, 0, 1, 0
47087, 1, 0, 0, 0, 1, 0
47089, 2, 0, 0, 0, 0, 2
47090, 0, 1, 0, 1, 0, 0
47092, 1, 0, 0, 0, 1, 0
47093, 5, 1, 1, 0, 3, 2
47094, 1, 0, 0, 0, 1, 0
47095, 2, 0, 0, 0, 2, 0
47097, 1, 0, 0, 0, 0, 1
47098, 0, 1, 0, 1, 0, 0
47100, 1, 0, 0, 0, 0, 1
47101, 1, 1, 1, 0, 1, 0
75778, 0, 1, 1, 0, 0, 0
47104, 4, 0, 0, 0, 4, 0
47105, 1, 0, 0, 0, 1, 0
47107, 1, 0, 0, 0, 1, 0
62628, 1, 1, 1, 0, 1, 0
75276, 0, 1, 1, 0, 0, 0
75277, 0, 1, 1, 0, 0, 0
47111, 1, 0, 0, 0, 0, 1
58242, 3, 2, 1, 1, 3, 0
66040, 9, 3, 3, 0, 9, 0
84118, 4, 2, 2, 0, 4, 0
47119, 1, 0, 0, 0, 1, 0
75606, 1, 1, 1, 0, 1, 0
47121, 1, 0, 0, 0, 1, 0
47122, 1, 0, 0, 0, 1, 0
47123, 2, 0, 0, 0, 2, 0
47124, 1, 0, 0, 0, 1, 0
47125, 2, 0, 0, 0, 0, 2
47126, 3, 0, 0, 0, 3, 0
62540, 0, 1, 0, 1, 0, 0
47133, 2, 0, 0, 0, 2, 0
62227, 0, 1, 1, 0, 0, 0
62228, 0, 1, 0, 1, 0, 0
62229, 0, 1, 0, 1, 0, 0
47135, 1, 1, 1, 0, 1, 0
47136, 1, 0, 0, 0, 1, 0
47137, 1, 0, 0, 0, 1, 0
47138, 0, 1, 1, 0, 0, 0
47141, 1, 0, 0, 0, 1, 0
47142, 0, 2, 2, 0, 0, 0
47143, 1, 0, 0, 0, 1, 0
47144, 1, 1, 1, 0, 1, 0
47146, 1, 0, 0, 0, 0, 1
67965, 2, 1, 1, 0, 2, 0
47149, 3, 0, 0, 0, 2, 1
55967, 0, 2, 2, 0, 0, 0
47154, 1, 0, 0, 0, 1, 0
47156, 1, 0, 0, 0, 1, 0
62809, 1, 1, 1, 0, 1, 0
68427, 2, 3, 3, 0, 2, 0
73044, 1, 1, 1, 0, 1, 0
47159, 1, 0, 0, 0, 1, 0
47164, 1, 0, 0, 0, 1, 0
47165, 2, 0, 0, 0, 2, 0
47166, 1, 0, 0, 0, 1, 0
47167, 1, 0, 0, 0, 1, 0
47169, 2, 0, 0, 0, 2, 0
47171, 1, 0, 0, 0, 1, 0
47172, 1, 0, 0, 0, 0, 1
47174, 1, 0, 0, 0, 0, 1
47175, 0, 1, 0, 1, 0, 0
47176, 1, 1, 1, 0, 1, 0
47185, 1, 0, 0, 0, 0, 1
47186, 0, 1, 0, 1, 0, 0
47187, 2, 0, 0, 0, 1, 1
77312, 0, 1, 1, 0, 0, 0
77313, 1, 1, 1, 0, 1, 0
77314, 0, 1, 1, 0, 0, 0
47191, 1, 0, 0, 0, 0, 1
47192, 1, 2, 1, 1, 1, 0
47193, 1, 0, 0, 0, 1, 0
47195, 0, 1, 1, 0, 0, 0
47200, 2, 0, 0, 0, 2, 0
47201, 2, 0, 0, 0, 1, 1
60087, 0, 7, 7, 0, 0, 0
64963, 5, 7, 7, 0, 5, 0
65724, 14, 5, 5, 0, 14, 0
65726, 0, 5, 5, 0, 0, 0
66719, 0, 4, 4, 0, 0, 0
66720, 1, 5, 5, 0, 1, 0
66721, 1, 2, 2, 0, 0, 1
67051, 0, 2, 2, 0, 0, 0
67052, 1, 5, 5, 0, 1, 0
67501, 0, 3, 3, 0, 0, 0
67502, 0, 4, 4, 0, 0, 0
67503, 0, 3, 3, 0, 0, 0
67504, 0, 3, 3, 0, 0, 0
67505, 0, 3, 3, 0, 0, 0
67506, 0, 3, 3, 0, 0, 0
67507, 0, 3, 3, 0, 0, 0
70581, 0, 1, 1, 0, 0, 0
70583, 3, 1, 1, 0, 3, 0
70584, 0, 1, 1, 0, 0, 0
47204, 1, 0, 0, 0, 1, 0
47208, 1, 0, 0, 0, 1, 0
47209, 1, 0, 0, 0, 1, 0
47212, 1, 0, 0, 0, 1, 0
47215, 1, 0, 0, 0, 1, 0
47216, 7, 1, 1, 0, 7, 0
47217, 1, 1, 1, 0, 1, 0
47218, 6, 2, 2, 0, 6, 0
47219, 1, 0, 0, 0, 1, 0
105497, 1, 1, 1, 0, 1, 0
47222, 2, 0, 0, 0, 1, 1
47223, 0, 1, 0, 1, 0, 0
66614, 1, 1, 1, 0, 1, 0
47225, 1, 0, 0, 0, 1, 0
47226, 1, 0, 0, 0, 0, 1
52859, 1, 1, 1, 0, 1, 0
47229, 3, 0, 0, 0, 1, 2
47230, 4, 1, 0, 1, 2, 2
47602, 1, 1, 1, 0, 0, 1
47231, 2, 0, 0, 0, 2, 0
47232, 1, 0, 0, 0, 1, 0
47233, 1, 0, 0, 0, 0, 1
47234, 1, 0, 0, 0, 1, 0
47243, 1, 0, 0, 0, 0, 1
47246, 1, 1, 1, 0, 1, 0
47247, 0, 1, 1, 0, 0, 0
47248, 2, 0, 0, 0, 1, 1
47252, 1, 0, 0, 0, 0, 1
116943, 2, 1, 1, 0, 1, 1
47256, 1, 0, 0, 0, 1, 0
47257, 1, 2, 2, 0, 1, 0
47258, 1, 0, 0, 0, 1, 0
47259, 1, 2, 2, 0, 1, 0
47260, 1, 0, 0, 0, 0, 1
73804, 1, 1, 1, 0, 1, 0
84197, 0, 1, 1, 0, 0, 0
47272, 3, 0, 0, 0, 1, 2
47275, 1, 0, 0, 0, 0, 1
56251, 4, 3, 3, 0, 4, 0
71260, 3, 3, 3, 0, 3, 0
71261, 1, 3, 3, 0, 1, 0
75335, 4, 2, 2, 0, 4, 0
47281, 1, 0, 0, 0, 1, 0
47282, 1, 0, 0, 0, 1, 0
47284, 2, 1, 1, 0, 2, 0
47285, 1, 0, 0, 0, 1, 0
47287, 1, 0, 0, 0, 1, 0
47288, 1, 3, 3, 0, 1, 0
47289, 1, 0, 0, 0, 1, 0
47291, 1, 0, 0, 0, 1, 0
47293, 1, 0, 0, 0, 1, 0
47294, 2, 2, 2, 0, 2, 0
47298, 1, 1, 1, 0, 1, 0
47296, 1, 0, 0, 0, 1, 0
47297, 1, 1, 1, 0, 1, 0
121891, 0, 1, 1, 0, 0, 0
90263, 2, 2, 2, 0, 2, 0
91782, 0, 2, 2, 0, 0, 0
91787, 0, 1, 1, 0, 0, 0
91788, 0, 1, 1, 0, 0, 0
91789, 0, 1, 1, 0, 0, 0
91790, 0, 1, 1, 0, 0, 0
91791, 0, 1, 1, 0, 0, 0
71143, 1, 2, 1, 1, 1, 0
90544, 0, 1, 0, 1, 0, 0
90545, 0, 1, 0, 1, 0, 0
90546, 0, 1, 0, 1, 0, 0
90547, 0, 1, 0, 1, 0, 0
47308, 1, 0, 0, 0, 0, 1
47309, 1, 0, 0, 0, 0, 1
58203, 0, 2, 2, 0, 0, 0
83127, 1, 2, 2, 0, 1, 0
83236, 3, 1, 1, 0, 3, 0
83237, 1, 2, 2, 0, 1, 0
85457, 0, 1, 1, 0, 0, 0
47311, 2, 0, 0, 0, 2, 0
47312, 1, 0, 0, 0, 1, 0
47313, 1, 0, 0, 0, 1, 0
47314, 1, 0, 0, 0, 1, 0
67427, 0, 1, 1, 0, 0, 0
47320, 1, 0, 0, 0, 1, 0
47321, 1, 0, 0, 0, 1, 0
47322, 1, 0, 0, 0, 1, 0
47323, 1, 0, 0, 0, 1, 0
73173, 0, 1, 1, 0, 0, 0
47328, 4, 0, 0, 0, 4, 0
47329, 1, 0, 0, 0, 1, 0
64960, 0, 1, 1, 0, 0, 0
47711, 0, 1, 1, 0, 0, 0
47343, 1, 0, 0, 0, 1, 0
47793, 3, 1, 0, 1, 3, 0
47794, 0, 1, 1, 0, 0, 0
47796, 0, 1, 1, 0, 0, 0
47345, 1, 1, 1, 0, 1, 0
47346, 2, 0, 0, 0, 2, 0
47347, 1, 2, 2, 0, 0, 1
47348, 2, 0, 0, 0, 1, 1
47349, 1, 2, 2, 0, 1, 0
47350, 0, 2, 0, 2, 0, 0
47351, 1, 0, 0, 0, 1, 0
47352, 3, 0, 0, 0, 3, 0
47353, 0, 1, 1, 0, 0, 0
47354, 0, 1, 1, 0, 0, 0
47355, 0, 1, 1, 0, 0, 0
47356, 1, 0, 0, 0, 1, 0
47358, 1, 0, 0, 0, 1, 0
47359, 1, 0, 0, 0, 1, 0
47360, 1, 0, 0, 0, 1, 0
47361, 1, 0, 0, 0, 1, 0
47363, 1, 0, 0, 0, 1, 0
47365, 4, 0, 0, 0, 0, 4
47368, 2, 0, 0, 0, 2, 0
47370, 1, 0, 0, 0, 0, 1
47371, 1, 0, 0, 0, 1, 0
114627, 0, 1, 0, 1, 0, 0
47374, 2, 0, 0, 0, 2, 0
47375, 2, 4, 4, 0, 2, 0
47376, 1, 2, 2, 0, 1, 0
47379, 4, 0, 0, 0, 2, 2
47380, 2, 0, 0, 0, 2, 0
47381, 1, 0, 0, 0, 0, 1
47382, 1, 0, 0, 0, 1, 0
83591, 0, 1, 1, 0, 0, 0
83592, 0, 2, 1, 1, 0, 0
70069, 2, 1, 1, 0, 2, 0
112193, 7, 2, 2, 0, 7, 0
112559, 0, 1, 1, 0, 0, 0
115391, 16, 4, 4, 0, 14, 2
116141, 0, 1, 1, 0, 0, 0
116597, 0, 1, 0, 1, 0, 0
116842, 3, 1, 1, 0, 3, 0
47387, 1, 1, 1, 0, 1, 0
47389, 2, 1, 1, 0, 2, 0
47391, 1, 0, 0, 0, 1, 0
47393, 2, 0, 0, 0, 2, 0
47394, 0, 2, 2, 0, 0, 0
47395, 0, 1, 1, 0, 0, 0
47396, 1, 1, 1, 0, 1, 0
47397, 1, 2, 2, 0, 1, 0
47398, 1, 1, 1, 0, 1, 0
47399, 4, 3, 3, 0, 4, 0
47437, 7, 5, 5, 0, 7, 0
47438, 1, 1, 1, 0, 1, 0
47400, 2, 0, 0, 0, 2, 0
47402, 2, 8, 8, 0, 2, 0
54354, 2, 1, 1, 0, 2, 0
54357, 4, 3, 3, 0, 3, 1
54369, 5, 1, 1, 0, 5, 0
50471, 2, 6, 6, 0, 2, 0
47404, 1, 0, 0, 0, 1, 0
47405, 0, 1, 1, 0, 0, 0
47406, 1, 0, 0, 0, 1, 0
47407, 1, 1, 1, 0, 1, 0
47408, 2, 1, 1, 0, 2, 0
47409, 1, 1, 1, 0, 0, 1
47411, 4, 1, 1, 0, 4, 0
93359, 0, 1, 1, 0, 0, 0
47412, 1, 0, 0, 0, 0, 1
47415, 1, 0, 0, 0, 0, 1
47418, 1, 0, 0, 0, 1, 0
47419, 1, 0, 0, 0, 1, 0
47423, 3, 0, 0, 0, 3, 0
47425, 1, 0, 0, 0, 1, 0
47430, 2, 0, 0, 0, 2, 0
47433, 1, 1, 1, 0, 1, 0
47436, 2, 0, 0, 0, 2, 0
66858, 8, 5, 5, 0, 8, 0
66860, 2, 6, 6, 0, 2, 0
66862, 3, 8, 8, 0, 3, 0
47440, 2, 1, 1, 0, 2, 0
68966, 0, 1, 1, 0, 0, 0
60883, 1, 1, 1, 0, 1, 0
66853, 1, 1, 1, 0, 1, 0
71330, 2, 3, 3, 0, 2, 0
71331, 3, 2, 2, 0, 3, 0
47446, 1, 0, 0, 0, 1, 0
47447, 0, 1, 1, 0, 0, 0
47448, 1, 0, 0, 0, 0, 1
69128, 2, 1, 1, 0, 2, 0
69129, 2, 3, 3, 0, 2, 0
87967, 0, 1, 1, 0, 0, 0
87968, 0, 1, 1, 0, 0, 0
47458, 1, 0, 0, 0, 1, 0
47459, 5, 2, 2, 0, 2, 3
82354, 0, 1, 1, 0, 0, 0
47461, 1, 0, 0, 0, 1, 0
47462, 1, 0, 0, 0, 1, 0
47464, 1, 0, 0, 0, 1, 0
47466, 1, 0, 0, 0, 0, 1
47467, 2, 1, 0, 1, 1, 1
47469, 6, 6, 6, 0, 6, 0
73111, 1, 1, 1, 0, 1, 0
47472, 1, 0, 0, 0, 1, 0
47473, 1, 0, 0, 0, 1, 0
47476, 1, 0, 0, 0, 1, 0
47479, 2, 0, 0, 0, 0, 2
47480, 1, 0, 0, 0, 0, 1
47482, 1, 0, 0, 0, 1, 0
47483, 1, 0, 0, 0, 1, 0
47484, 2, 4, 4, 0, 2, 0
47485, 1, 0, 0, 0, 0, 1
47486, 1, 0, 0, 0, 1, 0
47487, 0, 1, 1, 0, 0, 0
47488, 2, 0, 0, 0, 2, 0
47489, 3, 0, 0, 0, 0, 3
47490, 1, 0, 0, 0, 1, 0
47491, 2, 0, 0, 0, 2, 0
47492, 2, 1, 1, 0, 1, 1
47493, 1, 1, 1, 0, 1, 0
50607, 0, 1, 1, 0, 0, 0
73546, 1, 2, 2, 0, 1, 0
94843, 1, 2, 2, 0, 1, 0
84302, 0, 1, 1, 0, 0, 0
47502, 1, 0, 0, 0, 1, 0
47503, 0, 2, 2, 0, 0, 0
47504, 1, 0, 0, 0, 1, 0
47702, 0, 1, 1, 0, 0, 0
47506, 2, 0, 0, 0, 2, 0
47507, 1, 1, 1, 0, 1, 0
47509, 1, 0, 0, 0, 1, 0
47511, 1, 0, 0, 0, 0, 1
47512, 1, 0, 0, 0, 1, 0
47513, 1, 0, 0, 0, 1, 0
47514, 1, 0, 0, 0, 1, 0
47516, 3, 0, 0, 0, 0, 3
47521, 3, 0, 0, 0, 3, 0
47523, 1, 0, 0, 0, 1, 0
47525, 1, 0, 0, 0, 1, 0
47527, 1, 0, 0, 0, 1, 0
47528, 1, 0, 0, 0, 1, 0
47530, 1, 0, 0, 0, 1, 0
47531, 1, 0, 0, 0, 1, 0
47532, 2, 0, 0, 0, 2, 0
54733, 0, 1, 1, 0, 0, 0
47536, 2, 0, 0, 0, 2, 0
47537, 1, 5, 5, 0, 1, 0
47540, 1, 0, 0, 0, 1, 0
47542, 1, 0, 0, 0, 1, 0
47544, 1, 0, 0, 0, 0, 1
47545, 0, 2, 1, 1, 0, 0
77240, 0, 1, 1, 0, 0, 0
47549, 1, 0, 0, 0, 1, 0
48702, 1, 4, 4, 0, 1, 0
47551, 1, 0, 0, 0, 1, 0
48281, 3, 1, 1, 0, 1, 2
47553, 1, 0, 0, 0, 1, 0
47556, 1, 0, 0, 0, 1, 0
47558, 4, 0, 0, 0, 3, 1
78303, 1, 1, 1, 0, 1, 0
80398, 0, 1, 1, 0, 0, 0
47574, 1, 0, 0, 0, 0, 1
47575, 0, 1, 0, 1, 0, 0
47576, 1, 0, 0, 0, 1, 0
47577, 1, 1, 1, 0, 1, 0
47578, 6, 2, 2, 0, 6, 0
51928, 3, 1, 1, 0, 3, 0
47579, 2, 0, 0, 0, 2, 0
47580, 0, 1, 1, 0, 0, 0
47581, 1, 0, 0, 0, 1, 0
47582, 1, 1, 0, 1, 1, 0
47583, 1, 1, 1, 0, 0, 1
47586, 1, 0, 0, 0, 1, 0
47587, 2, 0, 0, 0, 1, 1
47589, 2, 0, 0, 0, 1, 1
47590, 1, 0, 0, 0, 1, 0
47592, 1, 0, 0, 0, 1, 0
47593, 2, 0, 0, 0, 2, 0
47594, 1, 0, 0, 0, 0, 1
47595, 0, 5, 4, 1, 0, 0
47596, 1, 0, 0, 0, 1, 0
47597, 1, 0, 0, 0, 0, 1
47598, 1, 2, 1, 1, 1, 0
47599, 1, 1, 1, 0, 1, 0
47601, 1, 0, 0, 0, 1, 0
47604, 1, 0, 0, 0, 1, 0
47606, 1, 0, 0, 0, 0, 1
47607, 1, 0, 0, 0, 1, 0
47608, 1, 0, 0, 0, 1, 0
47609, 3, 2, 2, 0, 3, 0
69328, 1, 5, 5, 0, 1, 0
70553, 3, 2, 2, 0, 3, 0
47610, 1, 0, 0, 0, 1, 0
47611, 2, 3, 3, 0, 2, 0
72662, 0, 1, 1, 0, 0, 0
47612, 1, 0, 0, 0, 1, 0
47614, 1, 0, 0, 0, 1, 0
87601, 0, 1, 1, 0, 0, 0
47616, 1, 0, 0, 0, 1, 0
47617, 1, 0, 0, 0, 0, 1
47618, 0, 1, 0, 1, 0, 0
47619, 1, 0, 0, 0, 1, 0
47621, 3, 0, 0, 0, 3, 0
47622, 1, 0, 0, 0, 1, 0
47623, 1, 0, 0, 0, 1, 0
47624, 0, 1, 1, 0, 0, 0
47626, 4, 0, 0, 0, 3, 1
47627, 0, 1, 0, 1, 0, 0
47628, 1, 0, 0, 0, 1, 0
47629, 2, 0, 0, 0, 0, 2
47630, 1, 0, 0, 0, 1, 0
47632, 1, 0, 0, 0, 1, 0
47633, 4, 2, 2, 0, 4, 0
47634, 1, 0, 0, 0, 0, 1
47636, 2, 0, 0, 0, 2, 0
47640, 6, 1, 1, 0, 1, 5
47648, 1, 0, 0, 0, 1, 0
47649, 1, 0, 0, 0, 0, 1
47650, 1, 0, 0, 0, 1, 0
47651, 0, 1, 1, 0, 0, 0
47652, 1, 0, 0, 0, 1, 0
47653, 1, 0, 0, 0, 1, 0
47654, 1, 0, 0, 0, 0, 1
47655, 1, 0, 0, 0, 1, 0
47656, 1, 0, 0, 0, 1, 0
47657, 1, 0, 0, 0, 1, 0
47658, 2, 1, 1, 0, 2, 0
74784, 0, 1, 1, 0, 0, 0
47660, 5, 1, 1, 0, 4, 1
47661, 1, 0, 0, 0, 1, 0
59505, 0, 2, 2, 0, 0, 0
47667, 1, 1, 1, 0, 1, 0
47669, 1, 0, 0, 0, 1, 0
47670, 1, 0, 0, 0, 1, 0
47671, 1, 0, 0, 0, 1, 0
47673, 2, 0, 0, 0, 1, 1
47674, 2, 0, 0, 0, 2, 0
47675, 1, 0, 0, 0, 1, 0
47676, 1, 0, 0, 0, 1, 0
47678, 1, 0, 0, 0, 1, 0
47679, 1, 2, 2, 0, 1, 0
47680, 8, 0, 0, 0, 8, 0
99866, 0, 1, 1, 0, 0, 0
47683, 1, 1, 1, 0, 1, 0
47686, 1, 0, 0, 0, 1, 0
47689, 0, 1, 1, 0, 0, 0
52908, 0, 1, 1, 0, 0, 0
47697, 3, 0, 0, 0, 1, 2
47700, 1, 0, 0, 0, 1, 0
92173, 0, 1, 1, 0, 0, 0
101871, 0, 2, 2, 0, 0, 0
47703, 1, 0, 0, 0, 1, 0
47705, 1, 0, 0, 0, 1, 0
47706, 1, 0, 0, 0, 0, 1
47707, 1, 0, 0, 0, 1, 0
47708, 4, 0, 0, 0, 4, 0
47709, 7, 0, 0, 0, 5, 2
47710, 0, 1, 1, 0, 0, 0
47713, 2, 0, 0, 0, 2, 0
47716, 1, 0, 0, 0, 1, 0
47720, 1, 1, 0, 1, 1, 0
47721, 1, 0, 0, 0, 1, 0
47723, 1, 0, 0, 0, 1, 0
47724, 1, 0, 0, 0, 1, 0
47725, 1, 0, 0, 0, 1, 0
81454, 1, 1, 1, 0, 1, 0
81575, 4, 1, 1, 0, 4, 0
82128, 4, 1, 1, 0, 4, 0
88805, 0, 1, 1, 0, 0, 0
114527, 0, 1, 1, 0, 0, 0
47734, 1, 0, 0, 0, 1, 0
47735, 1, 0, 0, 0, 0, 1
47736, 1, 0, 0, 0, 0, 1
47745, 1, 0, 0, 0, 1, 0
47746, 1, 0, 0, 0, 0, 1
47747, 1, 0, 0, 0, 1, 0
47748, 4, 0, 0, 0, 4, 0
47750, 1, 0, 0, 0, 0, 1
47752, 1, 0, 0, 0, 0, 1
47757, 1, 0, 0, 0, 1, 0
49008, 1, 1, 1, 0, 1, 0
49061, 1, 1, 1, 0, 1, 0
49473, 1, 1, 1, 0, 1, 0
47759, 1, 0, 0, 0, 0, 1
47760, 1, 0, 0, 0, 1, 0
47762, 1, 0, 0, 0, 0, 1
47763, 6, 5, 4, 1, 6, 0
47766, 1, 0, 0, 0, 1, 0
47767, 1, 0, 0, 0, 0, 1
90676, 0, 1, 1, 0, 0, 0
47769, 1, 0, 0, 0, 1, 0
47776, 1, 0, 0, 0, 1, 0
47777, 1, 0, 0, 0, 0, 1
47778, 1, 0, 0, 0, 1, 0
47779, 3, 1, 1, 0, 3, 0
51834, 0, 2, 2, 0, 0, 0
47782, 1, 0, 0, 0, 1, 0
47783, 1, 0, 0, 0, 1, 0
47797, 1, 0, 0, 0, 1, 0
47798, 2, 0, 0, 0, 0, 2
47799, 1, 3, 2, 1, 1, 0
75719, 1, 1, 1, 0, 1, 0
47803, 1, 0, 0, 0, 0, 1
47805, 1, 0, 0, 0, 1, 0
72793, 3, 3, 3, 0, 3, 0
47807, 1, 0, 0, 0, 1, 0
47808, 7, 1, 1, 0, 4, 3
47809, 4, 1, 1, 0, 4, 0
47811, 0, 3, 2, 1, 0, 0
47812, 2, 0, 0, 0, 0, 2
47814, 1, 0, 0, 0, 1, 0
47817, 2, 1, 1, 0, 2, 0
47819, 1, 0, 0, 0, 1, 0
47820, 2, 0, 0, 0, 2, 0
47822, 2, 0, 0, 0, 2, 0
47826, 1, 0, 0, 0, 1, 0
47827, 1, 0, 0, 0, 1, 0
47828, 0, 1, 1, 0, 0, 0
49840, 4, 1, 1, 0, 4, 0
50016, 0, 2, 2, 0, 0, 0
50028, 1, 2, 2, 0, 1, 0
50045, 1, 2, 1, 1, 1, 0
50477, 0, 2, 2, 0, 0, 0
50479, 0, 1, 1, 0, 0, 0
50481, 0, 1, 1, 0, 0, 0
50482, 2, 1, 1, 0, 2, 0
50483, 0, 1, 1, 0, 0, 0
50487, 0, 1, 1, 0, 0, 0
50488, 0, 1, 1, 0, 0, 0
47836, 1, 0, 0, 0, 1, 0
47838, 1, 0, 0, 0, 1, 0
58609, 1, 1, 1, 0, 1, 0
47840, 1, 0, 0, 0, 1, 0
47841, 4, 3, 3, 0, 4, 0
47842, 6, 4, 4, 0, 6, 0
47843, 4, 3, 3, 0, 4, 0
47844, 4, 3, 3, 0, 4, 0
47845, 1, 5, 5, 0, 1, 0
49041, 0, 1, 1, 0, 0, 0
47846, 1, 0, 0, 0, 1, 0
47847, 1, 0, 0, 0, 0, 1
47848, 1, 1, 1, 0, 1, 0
47849, 4, 1, 1, 0, 4, 0
47851, 1, 1, 1, 0, 1, 0
48585, 0, 2, 1, 1, 0, 0
53926, 1, 1, 0, 1, 1, 0
72940, 1, 1, 1, 0, 1, 0
80461, 2, 1, 0, 1, 2, 0
85783, 0, 1, 0, 1, 0, 0
85784, 0, 1, 0, 1, 0, 0
86695, 0, 1, 1, 0, 0, 0
47854, 1, 0, 0, 0, 1, 0
84946, 1, 1, 1, 0, 1, 0
47858, 4, 0, 0, 0, 3, 1
47859, 1, 0, 0, 0, 1, 0
47860, 1, 0, 0, 0, 1, 0
47872, 1, 0, 0, 0, 1, 0
47873, 0, 2, 1, 1, 0, 0
47876, 1, 0, 0, 0, 1, 0
47877, 0, 1, 1, 0, 0, 0
47878, 1, 0, 0, 0, 1, 0
47881, 2, 1, 1, 0, 2, 0
47882, 2, 2, 2, 0, 2, 0
47883, 3, 2, 2, 0, 3, 0
61897, 1, 1, 1, 0, 1, 0
47885, 1, 0, 0, 0, 0, 1
47886, 1, 0, 0, 0, 1, 0
47888, 3, 0, 0, 0, 3, 0
47890, 2, 2, 2, 0, 2, 0
55179, 1, 1, 1, 0, 1, 0
55431, 1, 1, 1, 0, 1, 0
47891, 1, 0, 0, 0, 0, 1
75630, 1, 1, 1, 0, 1, 0
47893, 1, 0, 0, 0, 1, 0
47894, 0, 1, 1, 0, 0, 0
47896, 1, 0, 0, 0, 1, 0
47900, 1, 0, 0, 0, 1, 0
47901, 1, 0, 0, 0, 1, 0
47902, 1, 0, 0, 0, 1, 0
47903, 2, 0, 0, 0, 2, 0
47904, 1, 0, 0, 0, 1, 0
58640, 1, 1, 1, 0, 1, 0
74827, 0, 1, 1, 0, 0, 0
47906, 1, 0, 0, 0, 0, 1
47907, 0, 1, 0, 1, 0, 0
47913, 1, 0, 0, 0, 1, 0
65350, 0, 1, 1, 0, 0, 0
65353, 1, 1, 1, 0, 1, 0
47916, 1, 0, 0, 0, 0, 1
47917, 1, 0, 0, 0, 1, 0
47919, 1, 0, 0, 0, 1, 0
47923, 2, 0, 0, 0, 2, 0
93205, 0, 2, 1, 1, 0, 0
47924, 1, 0, 0, 0, 1, 0
47925, 1, 0, 0, 0, 1, 0
47926, 1, 0, 0, 0, 1, 0
80704, 1, 1, 1, 0, 1, 0
85173, 1, 1, 1, 0, 1, 0
47933, 1, 0, 0, 0, 1, 0
47935, 2, 1, 1, 0, 2, 0
57720, 1, 3, 2, 1, 0, 1
47937, 1, 0, 0, 0, 1, 0
65098, 2, 3, 3, 0, 2, 0
68699, 2, 2, 1, 1, 2, 0
71406, 1, 7, 7, 0, 1, 0
73771, 3, 1, 1, 0, 3, 0
80584, 0, 1, 1, 0, 0, 0
80585, 0, 1, 1, 0, 0, 0
80586, 0, 1, 1, 0, 0, 0
47944, 1, 0, 0, 0, 0, 1
47946, 1, 0, 0, 0, 1, 0
47949, 4, 0, 0, 0, 1, 3
47950, 3, 0, 0, 0, 3, 0
47952, 3, 0, 0, 0, 3, 0
47953, 0, 1, 1, 0, 0, 0
50539, 2, 4, 4, 0, 2, 0
55281, 0, 1, 1, 0, 0, 0
51621, 2, 1, 1, 0, 0, 2
93248, 0, 1, 1, 0, 0, 0
47990, 1, 1, 1, 0, 1, 0
47997, 1, 0, 0, 0, 1, 0
47998, 1, 0, 0, 0, 1, 0
47999, 1, 0, 0, 0, 0, 1
48000, 4, 0, 0, 0, 4, 0
48001, 1, 0, 0, 0, 1, 0
48002, 1, 0, 0, 0, 1, 0
48003, 3, 0, 0, 0, 2, 1
48004, 0, 1, 1, 0, 0, 0
48005, 0, 1, 0, 1, 0, 0
68282, 2, 2, 2, 0, 2, 0
62774, 0, 1, 1, 0, 0, 0
48014, 1, 0, 0, 0, 0, 1
48015, 2, 1, 1, 0, 2, 0
48239, 0, 1, 1, 0, 0, 0
48017, 3, 0, 0, 0, 3, 0
48018, 1, 0, 0, 0, 1, 0
48019, 0, 1, 1, 0, 0, 0
48020, 1, 0, 0, 0, 1, 0
48021, 0, 2, 1, 1, 0, 0
48251, 4, 2, 2, 0, 4, 0
48023, 1, 1, 1, 0, 1, 0
48024, 2, 2, 1, 1, 2, 0
48025, 4, 0, 0, 0, 0, 4
48027, 1, 0, 0, 0, 1, 0
48028, 1, 0, 0, 0, 1, 0
48030, 1, 0, 0, 0, 1, 0
79635, 0, 1, 1, 0, 0, 0
62889, 4, 4, 4, 0, 4, 0
89200, 1, 1, 1, 0, 1, 0
128146, 0, 1, 1, 0, 0, 0
85131, 0, 1, 0, 1, 0, 0
48049, 1, 0, 0, 0, 1, 0
48051, 1, 0, 0, 0, 1, 0
48052, 1, 0, 0, 0, 1, 0
57378, 1, 2, 2, 0, 1, 0
59797, 0, 2, 2, 0, 0, 0
48056, 1, 0, 0, 0, 1, 0
48057, 1, 1, 1, 0, 1, 0
48496, 0, 1, 1, 0, 0, 0
48058, 10, 0, 0, 0, 2, 8
48059, 0, 2, 2, 0, 0, 0
48060, 0, 1, 0, 1, 0, 0
48061, 0, 1, 0, 1, 0, 0
48062, 1, 1, 0, 1, 1, 0
48063, 1, 0, 0, 0, 1, 0
48064, 1, 0, 0, 0, 1, 0
48065, 1, 0, 0, 0, 1, 0
48067, 1, 0, 0, 0, 1, 0
48068, 1, 0, 0, 0, 1, 0
48069, 1, 0, 0, 0, 1, 0
48070, 1, 0, 0, 0, 1, 0
48072, 2, 0, 0, 0, 1, 1
94054, 0, 2, 0, 2, 0, 0
48074, 1, 0, 0, 0, 1, 0
48075, 0, 2, 2, 0, 0, 0
48078, 2, 0, 0, 0, 2, 0
48079, 1, 0, 0, 0, 1, 0
48080, 1, 0, 0, 0, 1, 0
48081, 1, 0, 0, 0, 1, 0
52595, 0, 1, 1, 0, 0, 0
48083, 3, 0, 0, 0, 3, 0
48084, 1, 3, 2, 1, 1, 0
48086, 1, 0, 0, 0, 1, 0
48087, 1, 0, 0, 0, 0, 1
88233, 2, 1, 1, 0, 2, 0
88526, 0, 1, 1, 0, 0, 0
88527, 0, 1, 1, 0, 0, 0
48095, 1, 0, 0, 0, 1, 0
48096, 1, 0, 0, 0, 1, 0
48097, 1, 0, 0, 0, 1, 0
48098, 1, 0, 0, 0, 1, 0
48101, 3, 0, 0, 0, 1, 2
48102, 2, 0, 0, 0, 2, 0
48103, 1, 2, 2, 0, 0, 1
48104, 1, 0, 0, 0, 1, 0
48105, 1, 1, 1, 0, 1, 0
62189, 0, 1, 1, 0, 0, 0
62190, 0, 1, 1, 0, 0, 0
62191, 0, 1, 1, 0, 0, 0
62192, 0, 1, 1, 0, 0, 0
62193, 0, 1, 1, 0, 0, 0
48107, 1, 0, 0, 0, 1, 0
48108, 1, 0, 0, 0, 1, 0
109196, 0, 1, 1, 0, 0, 0
48110, 2, 0, 0, 0, 1, 1
48112, 2, 0, 0, 0, 1, 1
48113, 0, 1, 0, 1, 0, 0
73274, 1, 1, 1, 0, 1, 0
48115, 1, 0, 0, 0, 1, 0
48117, 1, 0, 0, 0, 0, 1
48118, 0, 1, 0, 1, 0, 0
48120, 1, 1, 1, 0, 1, 0
48121, 2, 3, 3, 0, 2, 0
48122, 8, 2, 2, 0, 8, 0
48123, 0, 1, 1, 0, 0, 0
48126, 4, 0, 0, 0, 4, 0
48127, 3, 1, 1, 0, 3, 0
48128, 3, 0, 0, 0, 3, 0
48129, 1, 0, 0, 0, 1, 0
48130, 2, 0, 0, 0, 2, 0
48131, 1, 0, 0, 0, 1, 0
48132, 1, 0, 0, 0, 1, 0
48133, 1, 0, 0, 0, 1, 0
48134, 8, 1, 1, 0, 1, 7
59036, 0, 1, 0, 1, 0, 0
48135, 1, 0, 0, 0, 1, 0
48136, 0, 1, 1, 0, 0, 0
54676, 0, 1, 1, 0, 0, 0
48142, 1, 0, 0, 0, 0, 1
48143, 0, 1, 0, 1, 0, 0
48145, 1, 0, 0, 0, 1, 0
48146, 1, 1, 1, 0, 1, 0
48148, 1, 0, 0, 0, 0, 1
48150, 2, 0, 0, 0, 2, 0
48151, 1, 0, 0, 0, 1, 0
48152, 1, 0, 0, 0, 1, 0
48157, 1, 0, 0, 0, 1, 0
48164, 1, 0, 0, 0, 1, 0
48165, 1, 0, 0, 0, 1, 0
48166, 2, 0, 0, 0, 2, 0
48167, 1, 0, 0, 0, 1, 0
48168, 1, 0, 0, 0, 1, 0
48169, 3, 0, 0, 0, 3, 0
48170, 0, 1, 1, 0, 0, 0
48171, 1, 0, 0, 0, 0, 1
48172, 1, 0, 0, 0, 0, 1
48173, 9, 1, 1, 0, 9, 0
56730, 9, 1, 1, 0, 8, 1
67552, 38, 3, 3, 0, 36, 2
48176, 2, 0, 0, 0, 2, 0
88733, 0, 1, 1, 0, 0, 0
48180, 1, 0, 0, 0, 1, 0
48181, 1, 0, 0, 0, 1, 0
122078, 0, 2, 0, 2, 0, 0
48183, 1, 0, 0, 0, 1, 0
48185, 1, 0, 0, 0, 1, 0
48192, 1, 0, 0, 0, 1, 0
48193, 1, 0, 0, 0, 1, 0
48194, 3, 1, 1, 0, 2, 1
48196, 2, 1, 0, 1, 2, 0
48198, 1, 0, 0, 0, 0, 1
48199, 1, 0, 0, 0, 1, 0
48200, 0, 1, 1, 0, 0, 0
48201, 1, 1, 1, 0, 1, 0
54108, 1, 1, 1, 0, 1, 0
56471, 3, 1, 1, 0, 3, 0
65017, 2, 2, 2, 0, 2, 0
79198, 0, 2, 2, 0, 0, 0
48207, 1, 0, 0, 0, 0, 1
48208, 4, 0, 0, 0, 3, 1
48209, 1, 0, 0, 0, 1, 0
50832, 2, 3, 3, 0, 2, 0
58721, 3, 2, 2, 0, 3, 0
48224, 1, 0, 0, 0, 0, 1
48225, 1, 0, 0, 0, 0, 1
48226, 0, 1, 0, 1, 0, 0
48227, 1, 0, 0, 0, 1, 0
48228, 5, 1, 1, 0, 5, 0
48230, 0, 1, 1, 0, 0, 0
48231, 1, 0, 0, 0, 0, 1
59652, 0, 2, 2, 0, 0, 0
89994, 1, 2, 2, 0, 1, 0
48233, 1, 2, 2, 0, 1, 0
49458, 0, 1, 1, 0, 0, 0
64501, 1, 1, 1, 0, 1, 0
65430, 2, 1, 1, 0, 2, 0
48241, 1, 0, 0, 0, 1, 0
48242, 1, 0, 0, 0, 1, 0
48243, 1, 1, 1, 0, 1, 0
48244, 4, 1, 1, 0, 3, 1
48246, 1, 1, 1, 0, 1, 0
48247, 2, 1, 1, 0, 2, 0
48250, 1, 2, 2, 0, 1, 0
48271, 1, 2, 1, 1, 1, 0
82015, 0, 1, 1, 0, 0, 0
116014, 1, 1, 1, 0, 1, 0
48258, 1, 0, 0, 0, 1, 0
48260, 1, 0, 0, 0, 1, 0
48262, 1, 0, 0, 0, 1, 0
48264, 2, 0, 0, 0, 2, 0
49515, 0, 1, 0, 1, 0, 0
48269, 6, 2, 2, 0, 6, 0
48270, 1, 0, 0, 0, 1, 0
48272, 2, 0, 0, 0, 1, 1
52493, 7, 1, 0, 1, 2, 5
60726, 0, 1, 1, 0, 0, 0
48280, 0, 1, 1, 0, 0, 0
48282, 2, 0, 0, 0, 2, 0
51341, 1, 2, 2, 0, 1, 0
48285, 1, 0, 0, 0, 1, 0
48286, 2, 1, 1, 0, 0, 2
48287, 1, 1, 1, 0, 1, 0
48288, 1, 1, 1, 0, 1, 0
48289, 2, 0, 0, 0, 0, 2
48290, 1, 0, 0, 0, 1, 0
48292, 3, 0, 0, 0, 3, 0
48293, 1, 1, 1, 0, 1, 0
49012, 0, 1, 1, 0, 0, 0
48297, 1, 0, 0, 0, 1, 0
48298, 1, 0, 0, 0, 0, 1
48299, 4, 1, 1, 0, 2, 2
48306, 1, 0, 0, 0, 1, 0
48307, 1, 0, 0, 0, 1, 0
48308, 0, 1, 1, 0, 0, 0
48309, 1, 0, 0, 0, 1, 0
48312, 0, 1, 1, 0, 0, 0
48313, 2, 0, 0, 0, 2, 0
48314, 1, 0, 0, 0, 1, 0
48315, 1, 0, 0, 0, 1, 0
48318, 1, 1, 1, 0, 1, 0
48319, 1, 0, 0, 0, 1, 0
48320, 1, 0, 0, 0, 1, 0
48322, 1, 0, 0, 0, 1, 0
48438, 0, 5, 4, 1, 0, 0
48325, 1, 1, 0, 1, 0, 1
48327, 1, 0, 0, 0, 0, 1
48329, 2, 0, 0, 0, 1, 1
48331, 3, 1, 1, 0, 2, 1
48333, 1, 0, 0, 0, 1, 0
48334, 1, 0, 0, 0, 1, 0
87001, 0, 1, 1, 0, 0, 0
48339, 1, 0, 0, 0, 1, 0
48346, 1, 0, 0, 0, 1, 0
48347, 1, 0, 0, 0, 1, 0
48348, 0, 1, 1, 0, 0, 0
48349, 1, 0, 0, 0, 1, 0
48350, 1, 0, 0, 0, 1, 0
48351, 4, 0, 0, 0, 3, 1
48352, 1, 1, 1, 0, 1, 0
48353, 5, 1, 1, 0, 5, 0
48354, 1, 0, 0, 0, 1, 0
48358, 5, 0, 0, 0, 5, 0
48360, 3, 0, 0, 0, 2, 1
48362, 2, 0, 0, 0, 2, 0
48363, 1, 0, 0, 0, 0, 1
48364, 1, 0, 0, 0, 1, 0
48365, 1, 2, 2, 0, 1, 0
49276, 3, 1, 1, 0, 3, 0
48366, 1, 0, 0, 0, 1, 0
112307, 3, 1, 1, 0, 3, 0
112390, 0, 1, 0, 1, 0, 0
48369, 1, 0, 0, 0, 1, 0
48370, 1, 0, 0, 0, 1, 0
48376, 1, 0, 0, 0, 1, 0
48378, 2, 0, 0, 0, 1, 1
48379, 0, 1, 1, 0, 0, 0
48380, 0, 1, 0, 1, 0, 0
48381, 1, 0, 0, 0, 1, 0
48382, 0, 1, 1, 0, 0, 0
48383, 3, 0, 0, 0, 3, 0
48385, 2, 0, 0, 0, 2, 0
48386, 5, 0, 0, 0, 5, 0
87597, 0, 1, 1, 0, 0, 0
87598, 0, 1, 1, 0, 0, 0
48390, 0, 1, 1, 0, 0, 0
48391, 1, 1, 1, 0, 1, 0
48392, 5, 0, 0, 0, 5, 0
48393, 3, 1, 1, 0, 3, 0
48394, 3, 1, 1, 0, 3, 0
48397, 1, 0, 0, 0, 1, 0
48398, 1, 0, 0, 0, 1, 0
48399, 1, 0, 0, 0, 1, 0
48400, 1, 0, 0, 0, 1, 0
48401, 1, 0, 0, 0, 0, 1
48402, 0, 2, 0, 2, 0, 0
48403, 1, 0, 0, 0, 1, 0
48404, 3, 0, 0, 0, 2, 1
48406, 0, 1, 1, 0, 0, 0
48407, 12, 0, 0, 0, 5, 7
48409, 1, 0, 0, 0, 1, 0
48411, 3, 1, 1, 0, 3, 0
48414, 0, 1, 1, 0, 0, 0
48415, 1, 1, 0, 1, 1, 0
48416, 1, 1, 1, 0, 1, 0
48421, 1, 0, 0, 0, 1, 0
48422, 1, 0, 0, 0, 0, 1
48425, 1, 0, 0, 0, 1, 0
48426, 1, 0, 0, 0, 1, 0
48428, 1, 0, 0, 0, 1, 0
48431, 1, 0, 0, 0, 1, 0
48432, 1, 0, 0, 0, 1, 0
48435, 6, 2, 2, 0, 6, 0
76420, 1, 1, 1, 0, 1, 0
48437, 1, 0, 0, 0, 0, 1
48439, 1, 0, 0, 0, 1, 0
48440, 1, 0, 0, 0, 1, 0
64331, 2, 2, 2, 0, 2, 0
48442, 1, 0, 0, 0, 1, 0
48443, 2, 0, 0, 0, 2, 0
48444, 1, 0, 0, 0, 1, 0
48446, 1, 2, 2, 0, 1, 0
48447, 0, 1, 1, 0, 0, 0
103240, 1, 1, 1, 0, 1, 0
48448, 1, 0, 0, 0, 1, 0
48449, 0, 3, 3, 0, 0, 0
48450, 1, 0, 0, 0, 1, 0
48451, 1, 0, 0, 0, 1, 0
48452, 1, 0, 0, 0, 1, 0
48453, 1, 0, 0, 0, 1, 0
48454, 1, 0, 0, 0, 1, 0
48455, 1, 0, 0, 0, 1, 0
48456, 0, 1, 1, 0, 0, 0
48457, 1, 0, 0, 0, 1, 0
48458, 1, 0, 0, 0, 1, 0
48459, 1, 0, 0, 0, 1, 0
48460, 1, 0, 0, 0, 1, 0
48461, 2, 0, 0, 0, 2, 0
48462, 1, 0, 0, 0, 1, 0
48463, 1, 1, 1, 0, 1, 0
48464, 1, 1, 1, 0, 1, 0
48467, 1, 0, 0, 0, 1, 0
48476, 5, 0, 0, 0, 0, 5
48477, 0, 1, 0, 1, 0, 0
48479, 1, 0, 0, 0, 1, 0
67483, 1, 2, 2, 0, 1, 0
69978, 1, 1, 1, 0, 1, 0
69979, 6, 1, 1, 0, 6, 0
48481, 4, 0, 0, 0, 3, 1
48483, 1, 0, 0, 0, 1, 0
48485, 1, 0, 0, 0, 1, 0
48487, 1, 0, 0, 0, 1, 0
48489, 1, 0, 0, 0, 1, 0
48490, 1, 0, 0, 0, 1, 0
48493, 1, 0, 0, 0, 1, 0
48513, 2, 1, 1, 0, 2, 0
128237, 0, 1, 0, 1, 0, 0
48498, 1, 0, 0, 0, 0, 1
48499, 1, 0, 0, 0, 1, 0
48500, 1, 0, 0, 0, 1, 0
48510, 3, 2, 2, 0, 3, 0
48511, 1, 2, 2, 0, 1, 0
48514, 3, 0, 0, 0, 3, 0
48515, 1, 0, 0, 0, 1, 0
48516, 0, 2, 2, 0, 0, 0
48517, 1, 0, 0, 0, 1, 0
48518, 2, 0, 0, 0, 1, 1
48520, 1, 0, 0, 0, 1, 0
48522, 2, 0, 0, 0, 0, 2
48523, 1, 0, 0, 0, 1, 0
48524, 3, 3, 3, 0, 3, 0
73285, 2, 3, 3, 0, 2, 0
79050, 1, 2, 2, 0, 1, 0
48528, 3, 0, 0, 0, 3, 0
48532, 1, 1, 1, 0, 1, 0
48533, 1, 1, 1, 0, 1, 0
48534, 1, 0, 0, 0, 0, 1
48536, 1, 0, 0, 0, 1, 0
48537, 1, 2, 2, 0, 1, 0
48547, 1, 0, 0, 0, 1, 0
48548, 0, 1, 1, 0, 0, 0
48549, 1, 0, 0, 0, 1, 0
48550, 1, 0, 0, 0, 1, 0
48552, 18, 0, 0, 0, 18, 0
48553, 0, 1, 1, 0, 0, 0
48554, 0, 2, 2, 0, 0, 0
48555, 1, 2, 2, 0, 1, 0
48556, 0, 1, 1, 0, 0, 0
48557, 2, 0, 0, 0, 2, 0
48559, 1, 2, 2, 0, 1, 0
68912, 2, 1, 1, 0, 2, 0
48562, 1, 0, 0, 0, 0, 1
48563, 1, 1, 0, 1, 1, 0
48835, 0, 1, 1, 0, 0, 0
49079, 2, 1, 1, 0, 2, 0
65247, 1, 1, 1, 0, 1, 0
48566, 1, 0, 0, 0, 1, 0
48567, 1, 1, 1, 0, 0, 1
48568, 1, 0, 0, 0, 1, 0
49396, 1, 1, 1, 0, 1, 0
49433, 2, 1, 1, 0, 2, 0
49434, 0, 1, 1, 0, 0, 0
49435, 3, 1, 1, 0, 3, 0
48573, 5, 0, 0, 0, 5, 0
48574, 1, 0, 0, 0, 1, 0
48575, 2, 0, 0, 0, 1, 1
48576, 1, 0, 0, 0, 1, 0
48577, 1, 2, 2, 0, 1, 0
60034, 1, 1, 1, 0, 1, 0
48581, 1, 0, 0, 0, 1, 0
48582, 1, 0, 0, 0, 1, 0
48583, 0, 1, 1, 0, 0, 0
48584, 1, 0, 0, 0, 1, 0
48586, 1, 0, 0, 0, 1, 0
48587, 1, 0, 0, 0, 1, 0
48589, 1, 0, 0, 0, 1, 0
48591, 1, 0, 0, 0, 1, 0
48592, 2, 0, 0, 0, 2, 0
48593, 1, 0, 0, 0, 1, 0
48597, 1, 0, 0, 0, 1, 0
48598, 5, 1, 0, 1, 4, 1
48599, 0, 1, 1, 0, 0, 0
48600, 2, 0, 0, 0, 2, 0
82744, 0, 1, 1, 0, 0, 0
82745, 0, 1, 1, 0, 0, 0
78384, 0, 2, 2, 0, 0, 0
86909, 0, 1, 1, 0, 0, 0
48604, 1, 0, 0, 0, 0, 1
48605, 0, 1, 0, 1, 0, 0
48607, 1, 0, 0, 0, 1, 0
48608, 0, 4, 4, 0, 0, 0
48609, 1, 0, 0, 0, 1, 0
48610, 1, 0, 0, 0, 1, 0
48611, 1, 0, 0, 0, 1, 0
48612, 1, 0, 0, 0, 1, 0
48615, 1, 0, 0, 0, 1, 0
48620, 0, 1, 1, 0, 0, 0
48621, 1, 1, 1, 0, 1, 0
48622, 1, 0, 0, 0, 1, 0
48623, 0, 2, 2, 0, 0, 0
48629, 1, 0, 0, 0, 1, 0
48631, 1, 0, 0, 0, 0, 1
48633, 3, 0, 0, 0, 3, 0
48634, 0, 1, 1, 0, 0, 0
48635, 1, 0, 0, 0, 1, 0
48636, 1, 0, 0, 0, 1, 0
48637, 1, 0, 0, 0, 1, 0
48639, 2, 0, 0, 0, 2, 0
48640, 1, 0, 0, 0, 0, 1
48641, 1, 0, 0, 0, 1, 0
48643, 1, 0, 0, 0, 1, 0
48645, 1, 0, 0, 0, 1, 0
48646, 1, 0, 0, 0, 1, 0
48647, 0, 1, 1, 0, 0, 0
48648, 1, 0, 0, 0, 1, 0
48649, 4, 1, 1, 0, 4, 0
76025, 0, 1, 1, 0, 0, 0
48650, 1, 0, 0, 0, 1, 0
78482, 1, 1, 1, 0, 1, 0
48653, 1, 0, 0, 0, 1, 0
48655, 1, 0, 0, 0, 0, 1
48656, 1, 0, 0, 0, 1, 0
48657, 1, 1, 1, 0, 1, 0
48658, 1, 0, 0, 0, 1, 0
48660, 1, 0, 0, 0, 1, 0
48661, 0, 2, 2, 0, 0, 0
48865, 0, 1, 1, 0, 0, 0
48866, 0, 1, 1, 0, 0, 0
115387, 0, 1, 1, 0, 0, 0
48670, 4, 0, 0, 0, 4, 0
48671, 0, 1, 1, 0, 0, 0
48672, 0, 1, 1, 0, 0, 0
48674, 1, 0, 0, 0, 1, 0
48675, 0, 1, 1, 0, 0, 0
48676, 1, 0, 0, 0, 1, 0
48678, 1, 0, 0, 0, 1, 0
48679, 0, 4, 4, 0, 0, 0
48680, 1, 0, 0, 0, 1, 0
48681, 7, 0, 0, 0, 6, 1
48682, 1, 0, 0, 0, 1, 0
48683, 1, 0, 0, 0, 1, 0
48684, 0, 1, 1, 0, 0, 0
48685, 7, 0, 0, 0, 7, 0
48686, 1, 0, 0, 0, 1, 0
48689, 2, 0, 0, 0, 1, 1
48690, 3, 1, 1, 0, 3, 0
106071, 0, 11, 11, 0, 0, 0
55150, 1, 1, 1, 0, 1, 0
48694, 2, 0, 0, 0, 2, 0
48695, 0, 1, 1, 0, 0, 0
48696, 0, 1, 1, 0, 0, 0
48697, 4, 0, 0, 0, 2, 2
48699, 1, 0, 0, 0, 1, 0
48700, 1, 0, 0, 0, 1, 0
68221, 4, 5, 5, 0, 4, 0
69758, 1, 2, 2, 0, 1, 0
69764, 2, 1, 1, 0, 2, 0
71102, 3, 1, 1, 0, 3, 0
71141, 0, 1, 1, 0, 0, 0
48705, 1, 1, 1, 0, 1, 0
48713, 1, 0, 0, 0, 1, 0
48717, 1, 0, 0, 0, 1, 0
49015, 1, 1, 1, 0, 1, 0
49020, 1, 1, 1, 0, 1, 0
49021, 1, 1, 1, 0, 1, 0
49030, 1, 1, 1, 0, 1, 0
48719, 1, 1, 1, 0, 1, 0
53570, 13, 5, 5, 0, 13, 0
59440, 12, 2, 2, 0, 12, 0
59442, 0, 3, 3, 0, 0, 0
59447, 8, 3, 3, 0, 8, 0
61626, 1, 1, 1, 0, 1, 0
82222, 0, 1, 1, 0, 0, 0
82224, 0, 1, 1, 0, 0, 0
48725, 1, 2, 2, 0, 1, 0
103489, 1, 1, 1, 0, 1, 0
48726, 1, 0, 0, 0, 1, 0
48730, 1, 0, 0, 0, 1, 0
48731, 2, 1, 1, 0, 2, 0
48733, 2, 0, 0, 0, 1, 1
48736, 1, 2, 2, 0, 1, 0
96925, 1, 1, 1, 0, 1, 0
48737, 1, 0, 0, 0, 1, 0
99599, 0, 1, 0, 1, 0, 0
48749, 13, 5, 5, 0, 13, 0
99094, 3, 3, 3, 0, 3, 0
48750, 1, 0, 0, 0, 1, 0
48751, 11, 1, 0, 1, 11, 0
101917, 0, 1, 0, 1, 0, 0
121773, 1, 1, 1, 0, 1, 0
98249, 17, 2, 2, 0, 17, 0
79394, 2, 2, 2, 0, 2, 0
107763, 66, 9, 9, 0, 66, 0
107852, 7, 1, 1, 0, 7, 0
108302, 1, 2, 2, 0, 1, 0
108799, 0, 2, 1, 1, 0, 0
108810, 0, 2, 2, 0, 0, 0
109466, 0, 1, 1, 0, 0, 0
110045, 0, 1, 1, 0, 0, 0
99203, 0, 1, 1, 0, 0, 0
117363, 3, 2, 2, 0, 3, 0
106390, 1, 1, 1, 0, 1, 0
48757, 1, 1, 1, 0, 1, 0
50932, 3, 1, 1, 0, 2, 1
55123, 2, 1, 1, 0, 0, 2
57578, 2, 4, 4, 0, 2, 0
62987, 1, 2, 2, 0, 1, 0
65066, 1, 2, 2, 0, 1, 0
79478, 0, 2, 2, 0, 0, 0
80575, 3, 3, 3, 0, 3, 0
80991, 2, 4, 4, 0, 2, 0
89588, 0, 2, 2, 0, 0, 0
92156, 8, 1, 1, 0, 8, 0
92171, 0, 1, 1, 0, 0, 0
92177, 2, 1, 1, 0, 2, 0
93922, 3, 4, 2, 2, 3, 0
94166, 1, 1, 1, 0, 1, 0
97246, 2, 2, 2, 0, 2, 0
97563, 3, 2, 2, 0, 3, 0
98170, 8, 2, 2, 0, 8, 0
98472, 0, 2, 2, 0, 0, 0
98567, 4, 1, 1, 0, 4, 0
98662, 1, 3, 3, 0, 0, 1
98691, 1, 2, 2, 0, 1, 0
98744, 2, 1, 1, 0, 2, 0
98770, 1, 1, 1, 0, 1, 0
98774, 2, 1, 1, 0, 2, 0
98775, 1, 1, 1, 0, 1, 0
98815, 4, 3, 3, 0, 4, 0
98827, 6, 3, 3, 0, 5, 1
98828, 0, 1, 1, 0, 0, 0
98832, 0, 1, 1, 0, 0, 0
98845, 2, 3, 3, 0, 2, 0
98868, 0, 2, 2, 0, 0, 0
98870, 0, 1, 1, 0, 0, 0
98874, 3, 2, 2, 0, 2, 1
98882, 1, 2, 2, 0, 1, 0
98920, 0, 1, 1, 0, 0, 0
98921, 0, 2, 2, 0, 0, 0
98922, 3, 2, 2, 0, 3, 0
98926, 3, 2, 2, 0, 3, 0
98927, 0, 1, 1, 0, 0, 0
98935, 0, 1, 1, 0, 0, 0
98941, 1, 1, 1, 0, 1, 0
98946, 0, 1, 1, 0, 0, 0
98948, 0, 1, 1, 0, 0, 0
98949, 0, 1, 1, 0, 0, 0
98974, 0, 1, 1, 0, 0, 0
98978, 1, 1, 1, 0, 1, 0
98979, 0, 1, 1, 0, 0, 0
98980, 0, 1, 1, 0, 0, 0
98981, 0, 1, 1, 0, 0, 0
98982, 1, 1, 1, 0, 1, 0
98995, 1, 1, 1, 0, 1, 0
99009, 0, 1, 1, 0, 0, 0
99013, 0, 2, 2, 0, 0, 0
99046, 0, 1, 1, 0, 0, 0
99068, 0, 1, 1, 0, 0, 0
99069, 0, 1, 1, 0, 0, 0
99072, 1, 1, 1, 0, 1, 0
99073, 1, 1, 1, 0, 1, 0
99088, 0, 1, 1, 0, 0, 0
99090, 1, 1, 1, 0, 1, 0
99091, 1, 1, 1, 0, 1, 0
99100, 0, 1, 1, 0, 0, 0
99101, 2, 2, 1, 1, 2, 0
99103, 1, 1, 1, 0, 1, 0
99113, 0, 1, 1, 0, 0, 0
99114, 1, 1, 1, 0, 1, 0
99115, 8, 2, 2, 0, 8, 0
99117, 0, 1, 1, 0, 0, 0
99119, 0, 1, 1, 0, 0, 0
99120, 3, 1, 1, 0, 0, 3
99131, 0, 1, 1, 0, 0, 0
99132, 1, 2, 2, 0, 1, 0
99134, 0, 1, 1, 0, 0, 0
99135, 0, 1, 1, 0, 0, 0
99140, 0, 1, 1, 0, 0, 0
99141, 0, 1, 1, 0, 0, 0
99144, 0, 1, 1, 0, 0, 0
99160, 8, 1, 1, 0, 8, 0
99161, 1, 1, 1, 0, 1, 0
99162, 0, 1, 1, 0, 0, 0
99197, 1, 1, 1, 0, 1, 0
99208, 0, 2, 2, 0, 0, 0
99364, 0, 1, 1, 0, 0, 0
99398, 0, 2, 2, 0, 0, 0
99594, 1, 1, 1, 0, 1, 0
99613, 0, 1, 1, 0, 0, 0
99614, 2, 4, 4, 0, 2, 0
99620, 0, 1, 1, 0, 0, 0
99621, 0, 1, 1, 0, 0, 0
99622, 1, 2, 1, 1, 1, 0
99633, 1, 1, 1, 0, 1, 0
99634, 2, 2, 1, 1, 2, 0
99635, 0, 1, 1, 0, 0, 0
99636, 0, 1, 1, 0, 0, 0
99853, 2, 1, 1, 0, 2, 0
96737, 1, 2, 2, 0, 1, 0
97976, 1, 1, 1, 0, 1, 0
48763, 1, 0, 0, 0, 1, 0
48764, 1, 0, 0, 0, 1, 0
95415, 0, 3, 2, 1, 0, 0
98772, 0, 1, 0, 1, 0, 0
99597, 0, 1, 0, 1, 0, 0
111060, 1, 1, 1, 0, 1, 0
48767, 7, 1, 1, 0, 7, 0
74262, 2, 3, 3, 0, 2, 0
83510, 0, 2, 1, 1, 0, 0
83886, 5, 2, 2, 0, 5, 0
96190, 1, 2, 1, 1, 1, 0
99977, 1, 1, 1, 0, 1, 0
100362, 6, 1, 1, 0, 6, 0
100575, 1, 1, 1, 0, 1, 0
101076, 2, 1, 1, 0, 2, 0
101212, 0, 1, 1, 0, 0, 0
101432, 0, 1, 1, 0, 0, 0
101434, 2, 1, 1, 0, 2, 0
101442, 0, 2, 1, 1, 0, 0
101445, 0, 1, 1, 0, 0, 0
101447, 0, 4, 4, 0, 0, 0
101454, 0, 1, 1, 0, 0, 0
101455, 0, 1, 1, 0, 0, 0
101462, 4, 1, 1, 0, 4, 0
101480, 2, 2, 2, 0, 2, 0
101530, 1, 2, 1, 1, 1, 0
101531, 0, 1, 1, 0, 0, 0
101532, 0, 1, 1, 0, 0, 0
101535, 0, 1, 1, 0, 0, 0
101608, 0, 1, 1, 0, 0, 0
101609, 1, 1, 1, 0, 1, 0
101610, 4, 1, 1, 0, 3, 1
101611, 0, 1, 1, 0, 0, 0
101612, 0, 1, 1, 0, 0, 0
101836, 0, 1, 1, 0, 0, 0
102695, 0, 1, 1, 0, 0, 0
102768, 0, 1, 1, 0, 0, 0
102769, 0, 1, 1, 0, 0, 0
102772, 0, 1, 1, 0, 0, 0
102805, 1, 1, 1, 0, 0, 1
102868, 2, 1, 1, 0, 2, 0
102871, 0, 1, 1, 0, 0, 0
102873, 0, 1, 1, 0, 0, 0
102874, 2, 1, 1, 0, 2, 0
102875, 0, 1, 1, 0, 0, 0
102876, 0, 1, 1, 0, 0, 0
103546, 0, 1, 1, 0, 0, 0
48770, 5, 0, 0, 0, 5, 0
48771, 3, 5, 4, 1, 3, 0
99284, 3, 3, 3, 0, 3, 0
99608, 3, 4, 4, 0, 3, 0
99655, 0, 3, 1, 2, 0, 0
99619, 3, 3, 2, 1, 3, 0
48774, 1, 1, 1, 0, 1, 0
48775, 1, 1, 1, 0, 1, 0
48776, 11, 10, 10, 0, 11, 0
95144, 2, 5, 5, 0, 2, 0
95490, 4, 2, 2, 0, 4, 0
96387, 4, 4, 4, 0, 4, 0
48777, 1, 2, 2, 0, 1, 0
98010, 2, 2, 2, 0, 1, 1
123410, 0, 1, 1, 0, 0, 0
123411, 1, 1, 1, 0, 1, 0
48783, 5, 0, 0, 0, 5, 0
48784, 3, 2, 2, 0, 3, 0
48785, 1, 0, 0, 0, 1, 0
97413, 1, 1, 1, 0, 1, 0
97812, 5, 1, 1, 0, 5, 0
97934, 1, 1, 1, 0, 1, 0
98329, 8, 1, 1, 0, 8, 0
99437, 0, 1, 1, 0, 0, 0
99439, 1, 1, 1, 0, 0, 1
99441, 1, 1, 1, 0, 1, 0
99477, 2, 1, 1, 0, 2, 0
99481, 0, 1, 1, 0, 0, 0
48787, 1, 0, 0, 0, 1, 0
114630, 4, 1, 1, 0, 3, 1
119246, 5, 1, 1, 0, 5, 0
48812, 1, 0, 0, 0, 1, 0
95465, 2, 1, 1, 0, 2, 0
97181, 0, 1, 1, 0, 0, 0
99991, 1, 2, 2, 0, 1, 0
93555, 2, 2, 2, 0, 2, 0
97179, 2, 2, 2, 0, 2, 0
102975, 6, 1, 1, 0, 6, 0
48824, 2, 0, 0, 0, 2, 0
48837, 2, 1, 1, 0, 2, 0
48839, 1, 0, 0, 0, 1, 0
48840, 1, 0, 0, 0, 1, 0
56702, 0, 1, 1, 0, 0, 0
48851, 3, 2, 2, 0, 3, 0
48854, 0, 2, 2, 0, 0, 0
48855, 1, 0, 0, 0, 1, 0
48856, 2, 0, 0, 0, 2, 0
48857, 1, 0, 0, 0, 1, 0
96758, 4, 2, 2, 0, 4, 0
98855, 3, 2, 2, 0, 3, 0
114593, 1, 1, 1, 0, 1, 0
48864, 5, 0, 0, 0, 1, 4
48869, 1, 2, 2, 0, 1, 0
48871, 1, 0, 0, 0, 1, 0
48872, 0, 1, 1, 0, 0, 0
55685, 0, 1, 1, 0, 0, 0
55686, 0, 1, 1, 0, 0, 0
65367, 0, 1, 1, 0, 0, 0
48885, 1, 0, 0, 0, 1, 0
48887, 1, 1, 1, 0, 1, 0
48888, 1, 0, 0, 0, 0, 1
48889, 1, 0, 0, 0, 0, 1
77526, 1, 1, 1, 0, 1, 0
54879, 1, 3, 3, 0, 1, 0
62760, 1, 1, 1, 0, 1, 0
83879, 1, 1, 1, 0, 1, 0
97041, 2, 1, 1, 0, 2, 0
48894, 1, 0, 0, 0, 1, 0
48895, 0, 1, 1, 0, 0, 0
48896, 1, 0, 0, 0, 1, 0
48897, 1, 0, 0, 0, 1, 0
48899, 3, 0, 0, 0, 1, 2
48900, 0, 1, 0, 1, 0, 0
48902, 0, 1, 1, 0, 0, 0
48903, 1, 0, 0, 0, 1, 0
48904, 1, 0, 0, 0, 1, 0
48905, 4, 1, 1, 0, 4, 0
83942, 1, 1, 1, 0, 1, 0
48906, 1, 0, 0, 0, 1, 0
48907, 1, 0, 0, 0, 1, 0
48908, 2, 2, 2, 0, 2, 0
48909, 2, 0, 0, 0, 2, 0
48910, 1, 0, 0, 0, 1, 0
48911, 1, 2, 2, 0, 1, 0
48912, 1, 0, 0, 0, 0, 1
48913, 3, 0, 0, 0, 1, 2
48914, 0, 1, 0, 1, 0, 0
48915, 0, 1, 1, 0, 0, 0
48916, 1, 0, 0, 0, 1, 0
48917, 1, 0, 0, 0, 1, 0
48918, 1, 0, 0, 0, 0, 1
48919, 0, 1, 0, 1, 0, 0
48921, 1, 0, 0, 0, 1, 0
48922, 0, 1, 1, 0, 0, 0
48923, 1, 0, 0, 0, 0, 1
48927, 0, 1, 0, 1, 0, 0
48931, 1, 0, 0, 0, 0, 1
48932, 1, 0, 0, 0, 1, 0
48935, 1, 0, 0, 0, 1, 0
48936, 1, 0, 0, 0, 1, 0
48937, 7, 1, 1, 0, 6, 1
48938, 7, 1, 1, 0, 7, 0
48944, 1, 0, 0, 0, 0, 1
48945, 2, 0, 0, 0, 2, 0
48946, 1, 0, 0, 0, 0, 1
48948, 1, 0, 0, 0, 0, 1
48949, 1, 0, 0, 0, 1, 0
48952, 3, 0, 0, 0, 3, 0
48953, 2, 0, 0, 0, 2, 0
48958, 1, 0, 0, 0, 1, 0
48959, 1, 0, 0, 0, 1, 0
48960, 1, 0, 0, 0, 1, 0
48961, 2, 0, 0, 0, 1, 1
48963, 1, 1, 1, 0, 1, 0
48964, 3, 3, 3, 0, 3, 0
48966, 0, 1, 1, 0, 0, 0
48967, 1, 0, 0, 0, 0, 1
48979, 1, 0, 0, 0, 0, 1
48980, 1, 0, 0, 0, 1, 0
48984, 3, 0, 0, 0, 3, 0
48986, 1, 0, 0, 0, 1, 0
48987, 5, 0, 0, 0, 4, 1
48988, 2, 0, 0, 0, 2, 0
48989, 2, 0, 0, 0, 0, 2
57851, 1, 2, 2, 0, 0, 1
48991, 3, 0, 0, 0, 3, 0
48992, 1, 0, 0, 0, 1, 0
48993, 1, 0, 0, 0, 1, 0
48994, 0, 1, 1, 0, 0, 0
48997, 2, 0, 0, 0, 1, 1
48999, 0, 1, 1, 0, 0, 0
49000, 1, 0, 0, 0, 1, 0
49002, 1, 0, 0, 0, 1, 0
49003, 2, 0, 0, 0, 2, 0
49004, 1, 0, 0, 0, 1, 0
49005, 1, 0, 0, 0, 1, 0
49006, 1, 0, 0, 0, 1, 0
49009, 2, 0, 0, 0, 2, 0
49011, 1, 0, 0, 0, 1, 0
49014, 1, 0, 0, 0, 1, 0
49018, 1, 1, 1, 0, 1, 0
49019, 3, 2, 2, 0, 3, 0
49031, 1, 1, 1, 0, 1, 0
49025, 2, 0, 0, 0, 2, 0
49026, 1, 0, 0, 0, 1, 0
49028, 1, 0, 0, 0, 0, 1
49032, 1, 0, 0, 0, 1, 0
49033, 1, 0, 0, 0, 0, 1
49200, 0, 1, 1, 0, 0, 0
49036, 1, 0, 0, 0, 1, 0
49037, 0, 2, 2, 0, 0, 0
49038, 1, 0, 0, 0, 1, 0
49039, 1, 0, 0, 0, 0, 1
49040, 1, 0, 0, 0, 1, 0
49042, 1, 0, 0, 0, 1, 0
49045, 0, 1, 1, 0, 0, 0
49046, 3, 0, 0, 0, 3, 0
49051, 1, 1, 1, 0, 1, 0
49052, 2, 2, 2, 0, 2, 0
49056, 1, 0, 0, 0, 1, 0
89597, 0, 1, 1, 0, 0, 0
81471, 0, 1, 0, 1, 0, 0
49062, 1, 0, 0, 0, 1, 0
49064, 1, 0, 0, 0, 0, 1
49065, 1, 0, 0, 0, 1, 0
49066, 3, 1, 1, 0, 3, 0
68612, 3, 3, 3, 0, 3, 0
49067, 1, 0, 0, 0, 1, 0
49073, 1, 0, 0, 0, 1, 0
49074, 1, 0, 0, 0, 1, 0
49075, 4, 3, 3, 0, 4, 0
49076, 1, 0, 0, 0, 1, 0
49077, 0, 1, 1, 0, 0, 0
49080, 0, 1, 1, 0, 0, 0
81519, 0, 1, 1, 0, 0, 0
49082, 1, 0, 0, 0, 0, 1
49083, 1, 0, 0, 0, 1, 0
49086, 1, 0, 0, 0, 1, 0
49088, 2, 0, 0, 0, 2, 0
49091, 1, 0, 0, 0, 0, 1
49093, 1, 0, 0, 0, 0, 1
49094, 1, 0, 0, 0, 1, 0
53792, 1, 1, 1, 0, 1, 0
49097, 1, 0, 0, 0, 1, 0
49099, 1, 0, 0, 0, 0, 1
49100, 1, 0, 0, 0, 0, 1
49102, 1, 0, 0, 0, 1, 0
49865, 1, 1, 1, 0, 1, 0
49106, 1, 1, 1, 0, 1, 0
49108, 1, 0, 0, 0, 0, 1
49109, 3, 0, 0, 0, 2, 1
49110, 2, 3, 2, 1, 0, 2
49111, 0, 1, 0, 1, 0, 0
62334, 5, 2, 0, 2, 5, 0
49114, 1, 0, 0, 0, 1, 0
49115, 2, 1, 1, 0, 2, 0
49116, 1, 2, 2, 0, 1, 0
49118, 1, 0, 0, 0, 1, 0
49119, 1, 0, 0, 0, 1, 0
49122, 3, 0, 0, 0, 3, 0
49123, 1, 1, 1, 0, 1, 0
49124, 1, 0, 0, 0, 1, 0
49125, 2, 0, 0, 0, 2, 0
49127, 1, 3, 3, 0, 1, 0
56017, 1, 2, 2, 0, 1, 0
49128, 2, 0, 0, 0, 2, 0
49129, 7, 0, 0, 0, 6, 1
49130, 1, 1, 1, 0, 1, 0
49131, 0, 1, 1, 0, 0, 0
49132, 1, 2, 1, 1, 1, 0
60528, 0, 2, 2, 0, 0, 0
49133, 1, 0, 0, 0, 1, 0
49134, 2, 0, 0, 0, 2, 0
49135, 2, 3, 2, 1, 2, 0
50596, 0, 1, 1, 0, 0, 0
49136, 1, 0, 0, 0, 1, 0
49138, 1, 0, 0, 0, 1, 0
49140, 1, 0, 0, 0, 1, 0
49141, 1, 0, 0, 0, 0, 1
49142, 0, 1, 0, 1, 0, 0
49145, 1, 1, 1, 0, 1, 0
51344, 0, 1, 1, 0, 0, 0
49150, 1, 0, 0, 0, 1, 0
49151, 3, 3, 2, 1, 3, 0
56646, 3, 3, 3, 0, 2, 1
49152, 1, 0, 0, 0, 1, 0
49156, 2, 1, 0, 1, 2, 0
49157, 1, 0, 0, 0, 1, 0
49158, 0, 1, 1, 0, 0, 0
49159, 1, 1, 1, 0, 1, 0
49161, 1, 0, 0, 0, 1, 0
49163, 1, 0, 0, 0, 1, 0
49164, 0, 1, 1, 0, 0, 0
49170, 1, 0, 0, 0, 1, 0
49171, 1, 0, 0, 0, 1, 0
49174, 2, 0, 0, 0, 2, 0
49175, 0, 1, 1, 0, 0, 0
49177, 1, 0, 0, 0, 1, 0
49178, 1, 0, 0, 0, 1, 0
49179, 2, 0, 0, 0, 2, 0
64959, 2, 3, 3, 0, 2, 0
49181, 1, 0, 0, 0, 1, 0
49182, 1, 0, 0, 0, 1, 0
52411, 3, 4, 4, 0, 3, 0
52412, 3, 4, 4, 0, 3, 0
56257, 4, 2, 2, 0, 2, 2
58718, 0, 2, 1, 1, 0, 0
59854, 2, 1, 1, 0, 1, 1
60069, 0, 1, 1, 0, 0, 0
60070, 0, 1, 1, 0, 0, 0
105162, 1, 1, 1, 0, 1, 0
49184, 1, 0, 0, 0, 0, 1
49185, 4, 0, 0, 0, 3, 1
49186, 1, 0, 0, 0, 1, 0
49187, 1, 0, 0, 0, 1, 0
49190, 1, 0, 0, 0, 1, 0
49191, 1, 2, 2, 0, 0, 1
49192, 1, 0, 0, 0, 1, 0
49198, 1, 0, 0, 0, 1, 0
49199, 1, 2, 0, 2, 1, 0
49201, 3, 0, 0, 0, 3, 0
49202, 1, 0, 0, 0, 1, 0
80748, 4, 2, 2, 0, 3, 1
49204, 2, 0, 0, 0, 2, 0
49205, 0, 1, 1, 0, 0, 0
67920, 1, 1, 1, 0, 1, 0
49209, 1, 0, 0, 0, 0, 1
84378, 0, 1, 1, 0, 0, 0
84379, 0, 1, 1, 0, 0, 0
49213, 1, 0, 0, 0, 1, 0
49215, 1, 1, 1, 0, 1, 0
49216, 8, 2, 1, 1, 4, 4
49217, 3, 0, 0, 0, 3, 0
110199, 0, 1, 1, 0, 0, 0
49220, 1, 0, 0, 0, 1, 0
49223, 1, 0, 0, 0, 1, 0
49224, 1, 0, 0, 0, 0, 1
49225, 1, 1, 1, 0, 1, 0
49694, 1, 1, 1, 0, 1, 0
49230, 1, 0, 0, 0, 1, 0
49233, 2, 1, 1, 0, 2, 0
49237, 1, 0, 0, 0, 1, 0
49238, 1, 0, 0, 0, 1, 0
49239, 0, 1, 1, 0, 0, 0
49242, 1, 0, 0, 0, 1, 0
49243, 1, 0, 0, 0, 0, 1
49245, 1, 0, 0, 0, 1, 0
49246, 1, 1, 1, 0, 1, 0
49249, 2, 0, 0, 0, 2, 0
49254, 2, 0, 0, 0, 2, 0
49255, 2, 0, 0, 0, 2, 0
49256, 1, 0, 0, 0, 1, 0
80548, 2, 2, 2, 0, 2, 0
49259, 1, 0, 0, 0, 1, 0
49260, 1, 0, 0, 0, 1, 0
49262, 1, 0, 0, 0, 1, 0
49263, 1, 0, 0, 0, 1, 0
49266, 1, 0, 0, 0, 1, 0
49267, 3, 0, 0, 0, 3, 0
95886, 3, 3, 3, 0, 2, 1
49270, 3, 0, 0, 0, 2, 1
49271, 1, 0, 0, 0, 1, 0
49272, 1, 0, 0, 0, 1, 0
49273, 1, 1, 1, 0, 1, 0
49274, 1, 0, 0, 0, 0, 1
61478, 13, 3, 3, 0, 13, 0
49279, 2, 1, 1, 0, 2, 0
49280, 6, 2, 2, 0, 4, 2
49880, 9, 1, 1, 0, 9, 0
49282, 1, 0, 0, 0, 0, 1
52338, 0, 1, 0, 1, 0, 0
49284, 1, 0, 0, 0, 0, 1
49285, 1, 1, 1, 0, 1, 0
67423, 1, 2, 2, 0, 1, 0
78793, 1, 1, 1, 0, 1, 0
78794, 0, 1, 1, 0, 0, 0
78795, 0, 1, 1, 0, 0, 0
78796, 0, 1, 1, 0, 0, 0
78797, 0, 1, 1, 0, 0, 0
78799, 0, 1, 1, 0, 0, 0
78801, 0, 1, 1, 0, 0, 0
78803, 0, 1, 1, 0, 0, 0
78804, 0, 1, 1, 0, 0, 0
49287, 1, 0, 0, 0, 1, 0
49288, 2, 2, 2, 0, 2, 0
70225, 0, 1, 1, 0, 0, 0
49289, 1, 0, 0, 0, 0, 1
49292, 0, 1, 1, 0, 0, 0
49294, 1, 0, 0, 0, 1, 0
49295, 1, 0, 0, 0, 1, 0
75950, 2, 1, 1, 0, 2, 0
49309, 1, 0, 0, 0, 1, 0
49310, 0, 2, 2, 0, 0, 0
49311, 1, 0, 0, 0, 1, 0
49312, 1, 0, 0, 0, 1, 0
49313, 1, 0, 0, 0, 1, 0
49314, 0, 1, 1, 0, 0, 0
49315, 1, 1, 1, 0, 1, 0
49316, 3, 1, 1, 0, 1, 2
55452, 0, 1, 0, 1, 0, 0
49317, 1, 0, 0, 0, 1, 0
49318, 1, 0, 0, 0, 1, 0
49319, 1, 0, 0, 0, 1, 0
49322, 1, 0, 0, 0, 0, 1
49323, 1, 0, 0, 0, 1, 0
49324, 1, 0, 0, 0, 1, 0
49325, 1, 0, 0, 0, 1, 0
49326, 0, 1, 1, 0, 0, 0
49327, 1, 0, 0, 0, 1, 0
49335, 1, 0, 0, 0, 1, 0
49336, 0, 1, 1, 0, 0, 0
49339, 0, 1, 1, 0, 0, 0
71674, 1, 1, 1, 0, 1, 0
74250, 1, 1, 1, 0, 1, 0
74817, 0, 1, 1, 0, 0, 0
49343, 1, 0, 0, 0, 1, 0
49344, 0, 9, 9, 0, 0, 0
49345, 1, 0, 0, 0, 1, 0
49348, 1, 0, 0, 0, 1, 0
49384, 1, 0, 0, 0, 1, 0
49387, 1, 1, 0, 1, 1, 0
74832, 1, 3, 2, 1, 1, 0
49389, 1, 0, 0, 0, 1, 0
49395, 2, 0, 0, 0, 0, 2
49397, 1, 0, 0, 0, 1, 0
49398, 1, 1, 1, 0, 1, 0
49401, 7, 0, 0, 0, 7, 0
49407, 3, 0, 0, 0, 3, 0
49410, 1, 0, 0, 0, 0, 1
49411, 1, 0, 0, 0, 0, 1
49412, 1, 1, 1, 0, 1, 0
49414, 1, 0, 0, 0, 1, 0
49415, 2, 0, 0, 0, 2, 0
49417, 1, 0, 0, 0, 1, 0
49418, 1, 0, 0, 0, 1, 0
49422, 1, 1, 1, 0, 1, 0
49425, 1, 0, 0, 0, 1, 0
66934, 2, 1, 1, 0, 2, 0
49427, 1, 0, 0, 0, 1, 0
55650, 1, 1, 1, 0, 1, 0
55255, 2, 2, 1, 1, 2, 0
73402, 1, 2, 2, 0, 1, 0
49437, 4, 0, 0, 0, 4, 0
49438, 0, 1, 1, 0, 0, 0
49443, 1, 0, 0, 0, 1, 0
49445, 6, 1, 1, 0, 3, 3
49446, 9, 1, 1, 0, 9, 0
49610, 0, 1, 1, 0, 0, 0
49611, 0, 1, 1, 0, 0, 0
49612, 0, 1, 1, 0, 0, 0
49448, 2, 0, 0, 0, 2, 0
60403, 9, 3, 3, 0, 8, 1
49455, 1, 0, 0, 0, 1, 0
49462, 2, 2, 2, 0, 2, 0
49463, 1, 0, 0, 0, 1, 0
49465, 1, 0, 0, 0, 1, 0
52490, 1, 2, 1, 1, 1, 0
49469, 1, 0, 0, 0, 1, 0
49474, 1, 0, 0, 0, 1, 0
49475, 0, 1, 1, 0, 0, 0
49478, 1, 0, 0, 0, 1, 0
49479, 0, 3, 3, 0, 0, 0
49480, 1, 0, 0, 0, 1, 0
49481, 2, 0, 0, 0, 2, 0
49482, 1, 0, 0, 0, 1, 0
49483, 1, 0, 0, 0, 1, 0
49484, 0, 1, 1, 0, 0, 0
49485, 1, 0, 0, 0, 1, 0
49487, 1, 0, 0, 0, 1, 0
49489, 1, 0, 0, 0, 1, 0
49494, 1, 0, 0, 0, 1, 0
49496, 1, 0, 0, 0, 1, 0
49497, 1, 0, 0, 0, 1, 0
49499, 1, 0, 0, 0, 1, 0
49500, 1, 0, 0, 0, 1, 0
49861, 1, 1, 1, 0, 1, 0
61784, 0, 2, 2, 0, 0, 0
49506, 1, 0, 0, 0, 1, 0
49507, 1, 0, 0, 0, 1, 0
49509, 1, 0, 0, 0, 0, 1
49511, 1, 0, 0, 0, 1, 0
49512, 3, 0, 0, 0, 3, 0
90593, 1, 2, 2, 0, 1, 0
90597, 7, 1, 1, 0, 7, 0
90598, 1, 1, 1, 0, 1, 0
49514, 1, 0, 0, 0, 1, 0
49516, 1, 1, 1, 0, 1, 0
49517, 5, 3, 3, 0, 3, 2
52359, 2, 1, 1, 0, 2, 0
49518, 1, 0, 0, 0, 0, 1
49520, 1, 0, 0, 0, 1, 0
49521, 0, 1, 1, 0, 0, 0
49522, 1, 0, 0, 0, 1, 0
49523, 1, 0, 0, 0, 1, 0
49525, 2, 0, 0, 0, 2, 0
49528, 2, 0, 0, 0, 2, 0
49529, 1, 0, 0, 0, 1, 0
49530, 1, 0, 0, 0, 1, 0
49531, 0, 1, 1, 0, 0, 0
49532, 1, 0, 0, 0, 1, 0
49533, 1, 0, 0, 0, 1, 0
49534, 1, 0, 0, 0, 1, 0
49535, 1, 0, 0, 0, 1, 0
49536, 1, 0, 0, 0, 0, 1
49538, 1, 0, 0, 0, 1, 0
49539, 1, 0, 0, 0, 1, 0
49540, 0, 1, 1, 0, 0, 0
49546, 1, 0, 0, 0, 1, 0
49547, 5, 0, 0, 0, 4, 1
49550, 1, 1, 0, 1, 1, 0
54492, 2, 1, 1, 0, 2, 0
49553, 1, 0, 0, 0, 0, 1
59977, 2, 2, 2, 0, 2, 0
49557, 1, 0, 0, 0, 1, 0
49558, 1, 1, 1, 0, 1, 0
49560, 1, 0, 0, 0, 1, 0
49561, 1, 0, 0, 0, 1, 0
67592, 2, 2, 2, 0, 2, 0
49566, 1, 1, 1, 0, 1, 0
49571, 4, 0, 0, 0, 4, 0
49572, 1, 2, 2, 0, 1, 0
49574, 1, 0, 0, 0, 1, 0
49575, 1, 0, 0, 0, 1, 0
49577, 1, 0, 0, 0, 1, 0
49580, 1, 0, 0, 0, 1, 0
49581, 1, 0, 0, 0, 1, 0
49582, 1, 1, 1, 0, 1, 0
49584, 1, 0, 0, 0, 1, 0
49585, 1, 0, 0, 0, 1, 0
49586, 1, 0, 0, 0, 1, 0
50451, 1, 1, 1, 0, 1, 0
50865, 0, 1, 1, 0, 0, 0
50866, 0, 1, 1, 0, 0, 0
50868, 0, 1, 1, 0, 0, 0
49588, 1, 0, 0, 0, 1, 0
49589, 2, 0, 0, 0, 2, 0
49590, 0, 1, 1, 0, 0, 0
49591, 1, 0, 0, 0, 1, 0
49593, 2, 0, 0, 0, 1, 1
57214, 0, 1, 1, 0, 0, 0
49595, 1, 0, 0, 0, 1, 0
49596, 6, 0, 0, 0, 2, 4
49598, 0, 1, 0, 1, 0, 0
49600, 1, 0, 0, 0, 1, 0
49601, 1, 1, 1, 0, 1, 0
49602, 1, 0, 0, 0, 1, 0
75854, 0, 2, 2, 0, 0, 0
84149, 1, 1, 1, 0, 1, 0
85789, 3, 2, 2, 0, 3, 0
85790, 0, 1, 1, 0, 0, 0
85791, 0, 1, 1, 0, 0, 0
85792, 0, 1, 1, 0, 0, 0
85793, 0, 1, 1, 0, 0, 0
85794, 0, 1, 1, 0, 0, 0
85795, 0, 1, 1, 0, 0, 0
85796, 0, 1, 1, 0, 0, 0
85797, 0, 1, 1, 0, 0, 0
85798, 0, 1, 1, 0, 0, 0
85799, 1, 1, 1, 0, 1, 0
85800, 0, 1, 1, 0, 0, 0
85801, 0, 1, 1, 0, 0, 0
85802, 0, 1, 1, 0, 0, 0
85803, 0, 1, 1, 0, 0, 0
85805, 0, 1, 1, 0, 0, 0
120928, 0, 1, 1, 0, 0, 0
120929, 0, 1, 1, 0, 0, 0
49605, 1, 0, 0, 0, 1, 0
49606, 1, 0, 0, 0, 1, 0
49607, 1, 0, 0, 0, 1, 0
49608, 1, 1, 1, 0, 1, 0
49613, 1, 0, 0, 0, 1, 0
49615, 1, 0, 0, 0, 1, 0
49617, 2, 0, 0, 0, 2, 0
49618, 1, 0, 0, 0, 1, 0
49619, 1, 0, 0, 0, 1, 0
49620, 1, 0, 0, 0, 1, 0
107584, 1, 1, 1, 0, 1, 0
49622, 1, 0, 0, 0, 1, 0
49623, 1, 1, 1, 0, 1, 0
49624, 1, 0, 0, 0, 1, 0
49625, 0, 1, 1, 0, 0, 0
49626, 2, 0, 0, 0, 2, 0
49627, 2, 0, 0, 0, 2, 0
49629, 1, 2, 2, 0, 1, 0
102895, 1, 1, 1, 0, 1, 0
49630, 1, 0, 0, 0, 1, 0
49633, 1, 0, 0, 0, 0, 1
49634, 1, 0, 0, 0, 1, 0
49649, 1, 0, 0, 0, 1, 0
49651, 1, 0, 0, 0, 1, 0
49652, 1, 0, 0, 0, 1, 0
49653, 1, 0, 0, 0, 1, 0
49655, 1, 0, 0, 0, 1, 0
49656, 1, 0, 0, 0, 1, 0
49657, 2, 0, 0, 0, 2, 0
49658, 1, 0, 0, 0, 1, 0
49659, 1, 0, 0, 0, 1, 0
49660, 1, 0, 0, 0, 1, 0
49661, 2, 0, 0, 0, 2, 0
49666, 2, 0, 0, 0, 2, 0
49667, 1, 0, 0, 0, 1, 0
49670, 1, 0, 0, 0, 1, 0
49671, 2, 0, 0, 0, 2, 0
49672, 2, 0, 0, 0, 2, 0
49673, 2, 0, 0, 0, 2, 0
49675, 0, 1, 1, 0, 0, 0
53549, 1, 1, 1, 0, 1, 0
49678, 2, 0, 0, 0, 2, 0
49679, 2, 0, 0, 0, 1, 1
49680, 2, 0, 0, 0, 2, 0
49682, 3, 0, 0, 0, 3, 0
49685, 1, 0, 0, 0, 1, 0
49691, 0, 1, 1, 0, 0, 0
49693, 1, 0, 0, 0, 0, 1
49696, 1, 0, 0, 0, 0, 1
49699, 2, 0, 0, 0, 2, 0
49700, 1, 0, 0, 0, 1, 0
88508, 1, 1, 1, 0, 1, 0
89134, 1, 1, 1, 0, 1, 0
49704, 1, 0, 0, 0, 1, 0
49705, 0, 1, 1, 0, 0, 0
49706, 1, 0, 0, 0, 1, 0
71407, 0, 1, 1, 0, 0, 0
49709, 2, 0, 0, 0, 1, 1
49710, 2, 0, 0, 0, 2, 0
49711, 1, 0, 0, 0, 1, 0
49714, 1, 0, 0, 0, 1, 0
49715, 1, 0, 0, 0, 1, 0
49716, 1, 0, 0, 0, 1, 0
49717, 2, 0, 0, 0, 2, 0
49718, 1, 0, 0, 0, 1, 0
50072, 1, 1, 1, 0, 1, 0
50951, 0, 1, 0, 1, 0, 0
49720, 3, 0, 0, 0, 3, 0
49723, 1, 0, 0, 0, 1, 0
50808, 0, 1, 1, 0, 0, 0
49726, 1, 0, 0, 0, 1, 0
49727, 1, 0, 0, 0, 1, 0
49728, 2, 0, 0, 0, 2, 0
49730, 3, 0, 0, 0, 1, 2
81486, 0, 1, 1, 0, 0, 0
54978, 4, 1, 1, 0, 2, 2
49733, 1, 0, 0, 0, 1, 0
79147, 0, 1, 1, 0, 0, 0
49735, 2, 0, 0, 0, 2, 0
82718, 0, 1, 1, 0, 0, 0
49741, 2, 2, 2, 0, 2, 0
49742, 5, 2, 2, 0, 2, 3
49743, 3, 2, 2, 0, 3, 0
49744, 10, 0, 0, 0, 10, 0
49745, 1, 1, 1, 0, 1, 0
49746, 3, 3, 3, 0, 3, 0
79515, 1, 1, 1, 0, 1, 0
88284, 0, 1, 1, 0, 0, 0
49747, 1, 0, 0, 0, 1, 0
49748, 12, 1, 1, 0, 12, 0
90736, 2, 5, 4, 1, 1, 1
49750, 1, 0, 0, 0, 1, 0
49751, 0, 1, 1, 0, 0, 0
49756, 2, 0, 0, 0, 2, 0
49757, 1, 0, 0, 0, 1, 0
49767, 1, 0, 0, 0, 1, 0
65836, 1, 1, 1, 0, 1, 0
49770, 1, 0, 0, 0, 1, 0
63873, 0, 1, 1, 0, 0, 0
49785, 2, 0, 0, 0, 2, 0
49789, 2, 0, 0, 0, 2, 0
82585, 9, 2, 2, 0, 9, 0
49798, 3, 0, 0, 0, 1, 2
49800, 1, 0, 0, 0, 1, 0
49803, 1, 0, 0, 0, 1, 0
49804, 1, 0, 0, 0, 1, 0
71798, 1, 2, 2, 0, 1, 0
73471, 4, 1, 1, 0, 4, 0
49808, 2, 1, 1, 0, 2, 0
49822, 2, 2, 2, 0, 2, 0
50093, 1, 1, 1, 0, 1, 0
49824, 1, 0, 0, 0, 1, 0
49826, 5, 5, 5, 0, 4, 1
49829, 8, 6, 6, 0, 8, 0
49831, 6, 3, 2, 1, 6, 0
49833, 1, 0, 0, 0, 1, 0
49838, 1, 0, 0, 0, 1, 0
50144, 0, 2, 2, 0, 0, 0
49842, 1, 0, 0, 0, 0, 1
49843, 3, 1, 0, 1, 2, 1
51390, 0, 2, 1, 1, 0, 0
51391, 0, 1, 1, 0, 0, 0
49844, 1, 0, 0, 0, 0, 1
49846, 0, 1, 0, 1, 0, 0
49847, 1, 0, 0, 0, 1, 0
49852, 2, 0, 0, 0, 1, 1
49854, 4, 1, 1, 0, 4, 0
59926, 1, 1, 1, 0, 1, 0
77616, 1, 1, 1, 0, 1, 0
80302, 0, 1, 1, 0, 0, 0
80303, 0, 1, 1, 0, 0, 0
80304, 0, 1, 1, 0, 0, 0
80305, 0, 1, 1, 0, 0, 0
96626, 0, 1, 1, 0, 0, 0
112648, 0, 2, 2, 0, 0, 0
112649, 0, 2, 2, 0, 0, 0
49858, 1, 0, 0, 0, 1, 0
49860, 1, 0, 0, 0, 1, 0
49867, 1, 0, 0, 0, 1, 0
49872, 1, 0, 0, 0, 1, 0
49873, 1, 0, 0, 0, 0, 1
49874, 0, 2, 1, 1, 0, 0
90961, 0, 1, 0, 1, 0, 0
49877, 1, 0, 0, 0, 1, 0
49878, 1, 0, 0, 0, 1, 0
49879, 1, 0, 0, 0, 1, 0
49881, 6, 0, 0, 0, 5, 1
49882, 3, 2, 2, 0, 2, 1
49885, 1, 0, 0, 0, 1, 0
49887, 1, 0, 0, 0, 1, 0
49888, 2, 0, 0, 0, 2, 0
49889, 1, 1, 1, 0, 1, 0
49890, 1, 0, 0, 0, 0, 1
51839, 1, 1, 1, 0, 0, 1
52643, 1, 1, 1, 0, 1, 0
53116, 2, 1, 1, 0, 2, 0
53117, 0, 1, 1, 0, 0, 0
53119, 0, 1, 1, 0, 0, 0
53120, 0, 1, 1, 0, 0, 0
53121, 0, 1, 1, 0, 0, 0
53122, 0, 1, 1, 0, 0, 0
53123, 0, 1, 1, 0, 0, 0
53124, 0, 1, 1, 0, 0, 0
53125, 0, 1, 1, 0, 0, 0
49894, 1, 0, 0, 0, 1, 0
53525, 1, 4, 4, 0, 1, 0
82685, 1, 1, 1, 0, 1, 0
87336, 1, 2, 2, 0, 1, 0
88924, 0, 1, 1, 0, 0, 0
88925, 0, 1, 1, 0, 0, 0
88926, 0, 1, 1, 0, 0, 0
88927, 0, 1, 1, 0, 0, 0
98523, 0, 1, 1, 0, 0, 0
49897, 1, 0, 0, 0, 1, 0
49898, 1, 0, 0, 0, 1, 0
49900, 1, 0, 0, 0, 1, 0
49904, 1, 0, 0, 0, 1, 0
52580, 0, 3, 0, 3, 0, 0
49906, 1, 0, 0, 0, 1, 0
49907, 1, 0, 0, 0, 0, 1
49908, 0, 1, 0, 1, 0, 0
49910, 1, 0, 0, 0, 1, 0
58694, 0, 1, 1, 0, 0, 0
49915, 1, 0, 0, 0, 1, 0
53174, 1, 1, 1, 0, 1, 0
49917, 8, 1, 1, 0, 8, 0
49919, 2, 2, 2, 0, 2, 0
58562, 1, 2, 2, 0, 1, 0
49921, 1, 0, 0, 0, 1, 0
49986, 0, 1, 1, 0, 0, 0
49924, 4, 0, 0, 0, 4, 0
73729, 0, 1, 1, 0, 0, 0
57114, 4, 8, 6, 2, 3, 1
49929, 3, 0, 0, 0, 3, 0
49932, 2, 2, 2, 0, 2, 0
49933, 1, 1, 1, 0, 1, 0
49934, 1, 1, 1, 0, 1, 0
49936, 1, 0, 0, 0, 1, 0
49940, 1, 0, 0, 0, 1, 0
49941, 1, 1, 1, 0, 1, 0
74510, 5, 3, 3, 0, 5, 0
49943, 1, 0, 0, 0, 1, 0
61005, 0, 2, 2, 0, 0, 0
74111, 2, 2, 2, 0, 2, 0
74112, 0, 2, 2, 0, 0, 0
74203, 0, 2, 2, 0, 0, 0
76159, 1, 1, 1, 0, 1, 0
76160, 0, 1, 1, 0, 0, 0
76161, 1, 2, 2, 0, 1, 0
76162, 0, 2, 2, 0, 0, 0
76164, 0, 1, 1, 0, 0, 0
76165, 4, 1, 1, 0, 4, 0
49954, 2, 0, 0, 0, 2, 0
49955, 0, 1, 1, 0, 0, 0
49956, 1, 0, 0, 0, 1, 0
49957, 2, 0, 0, 0, 2, 0
49959, 4, 0, 0, 0, 4, 0
49962, 1, 0, 0, 0, 1, 0
49963, 1, 2, 2, 0, 0, 1
49965, 1, 0, 0, 0, 1, 0
49966, 1, 1, 1, 0, 1, 0
49967, 1, 0, 0, 0, 1, 0
49968, 6, 2, 2, 0, 6, 0
53050, 1, 1, 1, 0, 1, 0
49969, 1, 0, 0, 0, 0, 1
49972, 1, 0, 0, 0, 1, 0
49975, 2, 0, 0, 0, 2, 0
49976, 2, 1, 1, 0, 1, 1
49977, 0, 2, 2, 0, 0, 0
49978, 2, 0, 0, 0, 2, 0
49979, 1, 0, 0, 0, 1, 0
49980, 1, 0, 0, 0, 0, 1
49982, 3, 0, 0, 0, 1, 2
87752, 1, 1, 1, 0, 1, 0
49984, 1, 0, 0, 0, 1, 0
49989, 1, 0, 0, 0, 1, 0
49991, 1, 0, 0, 0, 1, 0
49992, 4, 1, 1, 0, 4, 0
49996, 1, 0, 0, 0, 1, 0
49998, 1, 0, 0, 0, 0, 1
49999, 2, 0, 0, 0, 2, 0
52826, 1, 3, 0, 3, 0, 1
59187, 3, 1, 1, 0, 2, 1
75548, 6, 2, 2, 0, 6, 0
80066, 3, 2, 2, 0, 3, 0
80383, 2, 2, 2, 0, 2, 0
80384, 0, 2, 2, 0, 0, 0
83258, 0, 2, 2, 0, 0, 0
87760, 0, 1, 1, 0, 0, 0
50009, 2, 0, 0, 0, 2, 0
50014, 1, 0, 0, 0, 1, 0
50015, 1, 0, 0, 0, 1, 0
50017, 2, 0, 0, 0, 0, 2
50018, 2, 0, 0, 0, 2, 0
50024, 0, 1, 1, 0, 0, 0
81947, 1, 1, 1, 0, 1, 0
81994, 3, 1, 1, 0, 3, 0
50025, 1, 0, 0, 0, 1, 0
50026, 0, 1, 1, 0, 0, 0
50029, 1, 1, 1, 0, 1, 0
50030, 1, 1, 1, 0, 1, 0
50031, 1, 2, 2, 0, 1, 0
50032, 1, 0, 0, 0, 1, 0
50033, 3, 1, 1, 0, 3, 0
50034, 3, 0, 0, 0, 3, 0
50035, 0, 1, 1, 0, 0, 0
50036, 0, 1, 1, 0, 0, 0
50037, 1, 2, 2, 0, 0, 1
50041, 1, 0, 0, 0, 1, 0
50043, 1, 0, 0, 0, 1, 0
69158, 1, 1, 1, 0, 1, 0
79783, 0, 1, 1, 0, 0, 0
79785, 0, 1, 1, 0, 0, 0
79786, 0, 1, 1, 0, 0, 0
79787, 0, 1, 1, 0, 0, 0
79788, 0, 1, 1, 0, 0, 0
50048, 2, 0, 0, 0, 2, 0
50052, 1, 0, 0, 0, 1, 0
50054, 1, 0, 0, 0, 1, 0
50055, 1, 0, 0, 0, 1, 0
50056, 4, 0, 0, 0, 4, 0
50059, 1, 0, 0, 0, 1, 0
50060, 2, 0, 0, 0, 2, 0
50061, 1, 0, 0, 0, 1, 0
54020, 2, 1, 1, 0, 2, 0
54871, 19, 7, 7, 0, 19, 0
55748, 0, 1, 1, 0, 0, 0
55749, 0, 1, 1, 0, 0, 0
50064, 1, 0, 0, 0, 1, 0
50065, 1, 0, 0, 0, 1, 0
50066, 1, 0, 0, 0, 1, 0
50067, 1, 0, 0, 0, 1, 0
50068, 0, 2, 1, 1, 0, 0
50069, 2, 1, 1, 0, 2, 0
52989, 0, 1, 1, 0, 0, 0
50073, 1, 1, 1, 0, 1, 0
50076, 1, 0, 0, 0, 1, 0
50078, 1, 0, 0, 0, 1, 0
50079, 1, 0, 0, 0, 1, 0
65867, 2, 1, 1, 0, 2, 0
50085, 2, 0, 0, 0, 2, 0
50086, 3, 0, 0, 0, 2, 1
50090, 0, 2, 2, 0, 0, 0
50091, 3, 1, 1, 0, 3, 0
83277, 1, 1, 1, 0, 1, 0
63082, 0, 1, 1, 0, 0, 0
63084, 0, 1, 1, 0, 0, 0
66018, 0, 1, 1, 0, 0, 0
52121, 0, 1, 1, 0, 0, 0
52122, 0, 2, 1, 1, 0, 0
50103, 2, 0, 0, 0, 0, 2
67650, 1, 1, 1, 0, 1, 0
67903, 1, 1, 1, 0, 1, 0
68236, 0, 1, 1, 0, 0, 0
50105, 1, 0, 0, 0, 1, 0
50106, 1, 0, 0, 0, 1, 0
50107, 3, 2, 2, 0, 3, 0
61360, 1, 1, 1, 0, 1, 0
61809, 0, 1, 1, 0, 0, 0
50112, 2, 0, 0, 0, 2, 0
75316, 2, 1, 1, 0, 2, 0
76731, 2, 1, 1, 0, 2, 0
50116, 1, 0, 0, 0, 1, 0
50117, 2, 0, 0, 0, 2, 0
50119, 1, 0, 0, 0, 1, 0
50120, 1, 0, 0, 0, 0, 1
50122, 1, 2, 2, 0, 0, 1
50123, 1, 0, 0, 0, 0, 1
50124, 1, 0, 0, 0, 1, 0
78625, 2, 3, 3, 0, 2, 0
50133, 1, 0, 0, 0, 1, 0
50134, 1, 0, 0, 0, 1, 0
50136, 1, 0, 0, 0, 0, 1
50137, 2, 0, 0, 0, 2, 0
50138, 1, 0, 0, 0, 1, 0
50141, 0, 1, 0, 1, 0, 0
50142, 1, 0, 0, 0, 1, 0
50143, 2, 0, 0, 0, 2, 0
50145, 1, 0, 0, 0, 1, 0
50150, 1, 0, 0, 0, 0, 1
50151, 1, 0, 0, 0, 1, 0
50152, 1, 0, 0, 0, 1, 0
50154, 2, 0, 0, 0, 2, 0
50157, 1, 0, 0, 0, 1, 0
87896, 0, 1, 1, 0, 0, 0
50160, 1, 0, 0, 0, 1, 0
73559, 10, 2, 2, 0, 5, 5
50163, 1, 0, 0, 0, 1, 0
50164, 1, 0, 0, 0, 1, 0
50168, 2, 0, 0, 0, 2, 0
50169, 1, 0, 0, 0, 1, 0
50170, 1, 0, 0, 0, 1, 0
87399, 1, 1, 1, 0, 1, 0
50173, 0, 1, 0, 1, 0, 0
50174, 1, 0, 0, 0, 1, 0
50176, 1, 0, 0, 0, 1, 0
50177, 0, 1, 1, 0, 0, 0
50178, 2, 0, 0, 0, 1, 1
50181, 1, 0, 0, 0, 1, 0
50184, 0, 1, 0, 1, 0, 0
76233, 1, 1, 1, 0, 1, 0
78509, 1, 2, 2, 0, 1, 0
85035, 0, 1, 1, 0, 0, 0
85036, 0, 2, 2, 0, 0, 0
50186, 1, 0, 0, 0, 0, 1
81338, 0, 1, 1, 0, 0, 0
50191, 1, 0, 0, 0, 1, 0
50194, 2, 0, 0, 0, 2, 0
50197, 1, 0, 0, 0, 0, 1
50201, 1, 0, 0, 0, 1, 0
50202, 0, 1, 1, 0, 0, 0
50205, 2, 0, 0, 0, 2, 0
50207, 3, 0, 0, 0, 0, 3
50212, 1, 0, 0, 0, 1, 0
50215, 1, 1, 1, 0, 1, 0
50216, 2, 0, 0, 0, 1, 1
50218, 1, 0, 0, 0, 0, 1
55921, 3, 1, 1, 0, 3, 0
50220, 1, 0, 0, 0, 0, 1
50221, 1, 0, 0, 0, 1, 0
50223, 6, 0, 0, 0, 0, 6
50224, 1, 1, 1, 0, 1, 0
50225, 0, 1, 1, 0, 0, 0
50227, 1, 0, 0, 0, 1, 0
50229, 1, 0, 0, 0, 0, 1
50231, 2, 0, 0, 0, 2, 0
50232, 0, 1, 1, 0, 0, 0
50233, 0, 1, 1, 0, 0, 0
50234, 1, 0, 0, 0, 1, 0
50235, 1, 0, 0, 0, 1, 0
74272, 0, 4, 4, 0, 0, 0
50239, 1, 1, 1, 0, 1, 0
50240, 1, 0, 0, 0, 0, 1
50242, 1, 0, 0, 0, 1, 0
50243, 2, 0, 0, 0, 2, 0
50245, 1, 0, 0, 0, 1, 0
50247, 1, 0, 0, 0, 1, 0
50251, 1, 0, 0, 0, 1, 0
50253, 1, 0, 0, 0, 1, 0
50254, 1, 1, 1, 0, 1, 0
81714, 0, 1, 1, 0, 0, 0
50261, 1, 0, 0, 0, 0, 1
50264, 0, 1, 1, 0, 0, 0
50265, 5, 0, 0, 0, 3, 2
50271, 1, 1, 1, 0, 1, 0
56430, 0, 2, 2, 0, 0, 0
78585, 0, 1, 1, 0, 0, 0
50273, 1, 0, 0, 0, 1, 0
119025, 0, 1, 1, 0, 0, 0
50275, 1, 0, 0, 0, 1, 0
50277, 1, 2, 1, 1, 1, 0
50279, 1, 0, 0, 0, 1, 0
50280, 2, 0, 0, 0, 1, 1
69929, 8, 6, 6, 0, 8, 0
73885, 11, 5, 5, 0, 11, 0
73887, 7, 6, 6, 0, 7, 0
74213, 0, 2, 2, 0, 0, 0
75154, 6, 4, 4, 0, 6, 0
80690, 4, 2, 2, 0, 4, 0
50283, 1, 0, 0, 0, 1, 0
50284, 1, 1, 1, 0, 1, 0
55142, 1, 1, 1, 0, 1, 0
50286, 1, 0, 0, 0, 1, 0
50287, 1, 0, 0, 0, 0, 1
50288, 1, 0, 0, 0, 0, 1
58193, 2, 2, 2, 0, 2, 0
50290, 1, 0, 0, 0, 1, 0
50291, 0, 1, 1, 0, 0, 0
50292, 3, 0, 0, 0, 3, 0
50294, 1, 0, 0, 0, 1, 0
50298, 1, 0, 0, 0, 1, 0
50303, 1, 0, 0, 0, 1, 0
50304, 1, 1, 1, 0, 1, 0
50305, 1, 0, 0, 0, 1, 0
76031, 0, 1, 1, 0, 0, 0
76032, 0, 1, 1, 0, 0, 0
50310, 1, 0, 0, 0, 1, 0
50311, 1, 0, 0, 0, 1, 0
50312, 1, 0, 0, 0, 1, 0
50313, 1, 0, 0, 0, 0, 1
50314, 3, 0, 0, 0, 1, 2
66868, 8, 2, 2, 0, 8, 0
67302, 0, 2, 2, 0, 0, 0
50319, 1, 0, 0, 0, 1, 0
50320, 1, 0, 0, 0, 1, 0
50321, 1, 0, 0, 0, 1, 0
56637, 0, 1, 0, 1, 0, 0
67643, 4, 1, 1, 0, 4, 0
69023, 0, 1, 1, 0, 0, 0
67492, 1, 2, 2, 0, 1, 0
81641, 1, 1, 1, 0, 1, 0
50370, 1, 0, 0, 0, 1, 0
100168, 1, 3, 3, 0, 1, 0
50373, 1, 0, 0, 0, 1, 0
50375, 1, 0, 0, 0, 1, 0
50376, 1, 0, 0, 0, 1, 0
50377, 4, 1, 1, 0, 4, 0
50378, 1, 0, 0, 0, 1, 0
50379, 1, 0, 0, 0, 1, 0
50511, 2, 1, 1, 0, 2, 0
50383, 0, 1, 1, 0, 0, 0
50387, 3, 0, 0, 0, 3, 0
50389, 8, 0, 0, 0, 2, 6
50390, 0, 1, 0, 1, 0, 0
50391, 0, 1, 0, 1, 0, 0
50392, 1, 0, 0, 0, 1, 0
55933, 0, 1, 0, 1, 0, 0
50400, 1, 0, 0, 0, 0, 1
65115, 1, 1, 1, 0, 1, 0
50402, 1, 0, 0, 0, 1, 0
50403, 1, 0, 0, 0, 1, 0
50404, 1, 0, 0, 0, 1, 0
50405, 1, 0, 0, 0, 1, 0
50406, 1, 0, 0, 0, 0, 1
50408, 1, 0, 0, 0, 0, 1
50409, 1, 0, 0, 0, 0, 1
50410, 1, 0, 0, 0, 1, 0
50411, 1, 0, 0, 0, 1, 0
50412, 1, 0, 0, 0, 1, 0
63449, 0, 2, 1, 1, 0, 0
50419, 1, 0, 0, 0, 1, 0
50420, 2, 0, 0, 0, 0, 2
69882, 1, 1, 1, 0, 1, 0
50422, 1, 0, 0, 0, 1, 0
50424, 1, 1, 1, 0, 1, 0
58561, 0, 1, 1, 0, 0, 0
50426, 1, 0, 0, 0, 0, 1
50427, 1, 0, 0, 0, 1, 0
50428, 1, 0, 0, 0, 1, 0
50439, 1, 0, 0, 0, 1, 0
50440, 6, 0, 0, 0, 6, 0
79917, 0, 1, 1, 0, 0, 0
50443, 2, 0, 0, 0, 2, 0
50444, 0, 1, 1, 0, 0, 0
50446, 1, 0, 0, 0, 1, 0
50447, 0, 1, 1, 0, 0, 0
50448, 3, 0, 0, 0, 3, 0
50449, 1, 0, 0, 0, 1, 0
50453, 2, 2, 2, 0, 2, 0
50454, 6, 2, 2, 0, 6, 0
50455, 2, 2, 2, 0, 2, 0
63187, 0, 1, 1, 0, 0, 0
50458, 8, 0, 0, 0, 8, 0
50460, 0, 4, 4, 0, 0, 0
50462, 0, 1, 1, 0, 0, 0
54352, 1, 1, 1, 0, 1, 0
50463, 7, 1, 1, 0, 5, 2
50464, 1, 1, 1, 0, 1, 0
95088, 0, 1, 1, 0, 0, 0
50465, 3, 0, 0, 0, 3, 0
50468, 1, 0, 0, 0, 0, 1
50472, 1, 0, 0, 0, 1, 0
50473, 1, 0, 0, 0, 1, 0
62201, 1, 2, 2, 0, 1, 0
62964, 3, 3, 3, 0, 3, 0
64685, 2, 2, 2, 0, 2, 0
67548, 1, 1, 1, 0, 1, 0
73859, 0, 1, 1, 0, 0, 0
73860, 0, 1, 1, 0, 0, 0
73862, 0, 1, 1, 0, 0, 0
51754, 0, 1, 1, 0, 0, 0
53356, 0, 1, 1, 0, 0, 0
50818, 1, 1, 1, 0, 1, 0
55878, 4, 1, 1, 0, 4, 0
61029, 0, 1, 1, 0, 0, 0
61031, 2, 1, 1, 0, 2, 0
61033, 1, 1, 1, 0, 1, 0
61046, 12, 1, 1, 0, 12, 0
61047, 2, 1, 1, 0, 2, 0
61049, 4, 1, 1, 0, 4, 0
50494, 1, 0, 0, 0, 1, 0
50495, 1, 0, 0, 0, 1, 0
50496, 0, 2, 2, 0, 0, 0
50497, 1, 1, 1, 0, 1, 0
50498, 2, 1, 1, 0, 2, 0
65689, 5, 4, 4, 0, 5, 0
74695, 0, 1, 1, 0, 0, 0
63000, 3, 1, 0, 1, 3, 0
64779, 0, 6, 6, 0, 0, 0
50503, 1, 0, 0, 0, 1, 0
50505, 1, 0, 0, 0, 1, 0
50506, 2, 1, 1, 0, 2, 0
50507, 9, 1, 1, 0, 9, 0
50508, 1, 0, 0, 0, 1, 0
50509, 1, 0, 0, 0, 1, 0
50602, 1, 2, 1, 1, 1, 0
50512, 1, 0, 0, 0, 1, 0
50513, 1, 0, 0, 0, 1, 0
63333, 9, 6, 6, 0, 9, 0
63529, 0, 2, 2, 0, 0, 0
67360, 8, 4, 4, 0, 8, 0
83071, 0, 1, 1, 0, 0, 0
83072, 0, 1, 1, 0, 0, 0
83073, 0, 1, 1, 0, 0, 0
83074, 0, 1, 1, 0, 0, 0
83075, 0, 1, 1, 0, 0, 0
83076, 0, 1, 1, 0, 0, 0
83077, 0, 1, 1, 0, 0, 0
50518, 1, 1, 1, 0, 1, 0
50519, 5, 0, 0, 0, 5, 0
50520, 0, 1, 1, 0, 0, 0
50521, 2, 0, 0, 0, 2, 0
50522, 2, 0, 0, 0, 2, 0
50523, 1, 0, 0, 0, 0, 1
93008, 0, 1, 1, 0, 0, 0
50537, 3, 0, 0, 0, 2, 1
50538, 1, 0, 0, 0, 1, 0
121272, 0, 1, 1, 0, 0, 0
121695, 0, 1, 1, 0, 0, 0
50540, 1, 0, 0, 0, 0, 1
50541, 1, 0, 0, 0, 1, 0
50543, 0, 1, 1, 0, 0, 0
50544, 1, 0, 0, 0, 0, 1
112720, 2, 1, 1, 0, 2, 0
50547, 1, 0, 0, 0, 1, 0
50548, 1, 0, 0, 0, 1, 0
50549, 5, 0, 0, 0, 4, 1
53186, 1, 1, 1, 0, 1, 0
54575, 4, 1, 1, 0, 4, 0
54960, 1, 1, 1, 0, 1, 0
50553, 1, 0, 0, 0, 1, 0
50554, 0, 1, 1, 0, 0, 0
50555, 1, 0, 0, 0, 0, 1
50557, 3, 0, 0, 0, 3, 0
68946, 3, 2, 2, 0, 3, 0
72904, 0, 1, 1, 0, 0, 0
50559, 2, 0, 0, 0, 2, 0
50562, 1, 0, 0, 0, 1, 0
50563, 0, 1, 1, 0, 0, 0
50564, 1, 0, 0, 0, 1, 0
50573, 1, 0, 0, 0, 1, 0
50574, 1, 1, 1, 0, 1, 0
69162, 0, 1, 1, 0, 0, 0
69163, 0, 1, 1, 0, 0, 0
66303, 1, 3, 3, 0, 1, 0
71399, 0, 1, 1, 0, 0, 0
88534, 2, 5, 5, 0, 2, 0
91531, 0, 2, 2, 0, 0, 0
50586, 1, 0, 0, 0, 1, 0
50587, 1, 0, 0, 0, 1, 0
50590, 1, 0, 0, 0, 1, 0
50593, 1, 0, 0, 0, 1, 0
50594, 1, 0, 0, 0, 1, 0
50597, 1, 0, 0, 0, 0, 1
55322, 1, 2, 2, 0, 1, 0
123137, 0, 1, 1, 0, 0, 0
50605, 2, 0, 0, 0, 1, 1
81467, 0, 1, 1, 0, 0, 0
81468, 0, 1, 1, 0, 0, 0
101133, 0, 1, 1, 0, 0, 0
106661, 1, 1, 1, 0, 1, 0
50609, 4, 0, 0, 0, 4, 0
50610, 1, 0, 0, 0, 1, 0
50612, 1, 0, 0, 0, 1, 0
50613, 1, 0, 0, 0, 1, 0
50614, 0, 1, 1, 0, 0, 0
50615, 1, 0, 0, 0, 1, 0
50617, 2, 0, 0, 0, 2, 0
50618, 0, 1, 1, 0, 0, 0
50620, 1, 2, 2, 0, 1, 0
50621, 1, 0, 0, 0, 1, 0
50622, 0, 2, 2, 0, 0, 0
50623, 1, 0, 0, 0, 1, 0
50624, 1, 1, 1, 0, 1, 0
50625, 1, 1, 1, 0, 1, 0
50626, 1, 1, 1, 0, 1, 0
50627, 4, 3, 3, 0, 4, 0
52001, 0, 1, 1, 0, 0, 0
50628, 1, 0, 0, 0, 1, 0
50629, 1, 1, 1, 0, 0, 1
71369, 1, 1, 0, 1, 1, 0
50634, 1, 0, 0, 0, 1, 0
50635, 0, 4, 4, 0, 0, 0
50636, 1, 0, 0, 0, 1, 0
50637, 1, 0, 0, 0, 1, 0
50638, 1, 0, 0, 0, 1, 0
54683, 2, 2, 2, 0, 1, 1
50651, 2, 0, 0, 0, 1, 1
50654, 1, 0, 0, 0, 1, 0
50655, 1, 0, 0, 0, 1, 0
50656, 1, 0, 0, 0, 1, 0
50658, 2, 0, 0, 0, 2, 0
50659, 4, 0, 0, 0, 3, 1
50660, 1, 1, 1, 0, 1, 0
50662, 1, 0, 0, 0, 1, 0
50663, 6, 0, 0, 0, 6, 0
50664, 1, 0, 0, 0, 1, 0
50665, 1, 0, 0, 0, 1, 0
50666, 1, 0, 0, 0, 1, 0
50667, 1, 0, 0, 0, 1, 0
50668, 1, 0, 0, 0, 0, 1
50670, 1, 1, 1, 0, 1, 0
50671, 1, 1, 1, 0, 1, 0
50672, 1, 0, 0, 0, 1, 0
50676, 2, 0, 0, 0, 2, 0
50677, 1, 0, 0, 0, 1, 0
50683, 1, 1, 1, 0, 1, 0
50684, 2, 2, 2, 0, 2, 0
50685, 2, 2, 2, 0, 2, 0
50687, 1, 0, 0, 0, 1, 0
50688, 1, 0, 0, 0, 1, 0
50690, 1, 0, 0, 0, 1, 0
50692, 2, 1, 1, 0, 2, 0
50694, 1, 0, 0, 0, 0, 1
50695, 1, 0, 0, 0, 1, 0
50696, 1, 1, 1, 0, 1, 0
50698, 1, 0, 0, 0, 1, 0
50699, 4, 1, 1, 0, 4, 0
98601, 2, 2, 2, 0, 2, 0
98800, 1, 2, 2, 0, 1, 0
50700, 1, 0, 0, 0, 1, 0
50702, 2, 1, 1, 0, 2, 0
52866, 2, 2, 2, 0, 2, 0
52867, 0, 1, 1, 0, 0, 0
50703, 1, 0, 0, 0, 1, 0
50704, 1, 0, 0, 0, 1, 0
50705, 1, 0, 0, 0, 1, 0
50706, 1, 0, 0, 0, 1, 0
50707, 1, 0, 0, 0, 1, 0
50708, 1, 0, 0, 0, 1, 0
50709, 1, 0, 0, 0, 1, 0
50711, 0, 1, 1, 0, 0, 0
50712, 1, 0, 0, 0, 0, 1
50715, 0, 1, 1, 0, 0, 0
50720, 1, 0, 0, 0, 1, 0
50721, 1, 0, 0, 0, 0, 1
50722, 4, 1, 1, 0, 3, 1
50724, 1, 1, 1, 0, 1, 0
50726, 1, 0, 0, 0, 1, 0
50727, 3, 1, 1, 0, 2, 1
54016, 0, 1, 1, 0, 0, 0
50730, 1, 0, 0, 0, 1, 0
50733, 1, 0, 0, 0, 1, 0
50734, 1, 0, 0, 0, 1, 0
50736, 3, 0, 0, 0, 3, 0
50737, 6, 1, 1, 0, 5, 1
80410, 1, 1, 1, 0, 1, 0
50751, 1, 0, 0, 0, 1, 0
50756, 1, 0, 0, 0, 1, 0
50757, 2, 0, 0, 0, 1, 1
50758, 0, 2, 1, 1, 0, 0
50760, 1, 0, 0, 0, 1, 0
50761, 2, 0, 0, 0, 2, 0
50764, 1, 0, 0, 0, 1, 0
50765, 1, 0, 0, 0, 1, 0
50766, 1, 0, 0, 0, 0, 1
50767, 2, 0, 0, 0, 2, 0
50768, 0, 1, 1, 0, 0, 0
50769, 5, 0, 0, 0, 5, 0
50775, 2, 0, 0, 0, 2, 0
50777, 1, 0, 0, 0, 0, 1
50782, 1, 0, 0, 0, 1, 0
50783, 1, 0, 0, 0, 1, 0
50785, 1, 1, 1, 0, 1, 0
50787, 1, 0, 0, 0, 0, 1
54601, 1, 2, 2, 0, 1, 0
50789, 2, 0, 0, 0, 2, 0
50791, 1, 0, 0, 0, 1, 0
50793, 2, 0, 0, 0, 2, 0
50798, 2, 0, 0, 0, 2, 0
50799, 1, 0, 0, 0, 0, 1
50800, 1, 0, 0, 0, 1, 0
50801, 1, 0, 0, 0, 1, 0
50802, 1, 0, 0, 0, 1, 0
50803, 1, 0, 0, 0, 0, 1
50804, 1, 0, 0, 0, 1, 0
50806, 2, 0, 0, 0, 2, 0
50807, 1, 0, 0, 0, 1, 0
50809, 2, 0, 0, 0, 1, 1
50810, 1, 0, 0, 0, 1, 0
50812, 1, 0, 0, 0, 1, 0
50813, 3, 3, 3, 0, 3, 0
52140, 4, 5, 4, 1, 4, 0
73080, 2, 2, 2, 0, 2, 0
50814, 1, 0, 0, 0, 1, 0
50815, 1, 0, 0, 0, 0, 1
76582, 0, 1, 1, 0, 0, 0
50817, 2, 0, 0, 0, 2, 0
50819, 1, 0, 0, 0, 1, 0
50821, 4, 0, 0, 0, 4, 0
50823, 1, 0, 0, 0, 0, 1
50824, 2, 0, 0, 0, 0, 2
50827, 0, 1, 1, 0, 0, 0
50828, 0, 1, 1, 0, 0, 0
50829, 1, 1, 1, 0, 1, 0
50830, 1, 3, 3, 0, 1, 0
50831, 1, 1, 1, 0, 1, 0
50833, 2, 0, 0, 0, 2, 0
50834, 1, 0, 0, 0, 1, 0
50835, 2, 1, 1, 0, 1, 1
90444, 6, 2, 2, 0, 6, 0
50841, 1, 0, 0, 0, 1, 0
50843, 1, 0, 0, 0, 1, 0
50846, 1, 1, 1, 0, 1, 0
50848, 0, 1, 1, 0, 0, 0
50850, 4, 0, 0, 0, 3, 1
50852, 1, 0, 0, 0, 1, 0
82484, 0, 1, 1, 0, 0, 0
50857, 1, 0, 0, 0, 1, 0
50858, 4, 4, 4, 0, 4, 0
55197, 1, 1, 1, 0, 1, 0
55211, 1, 1, 1, 0, 1, 0
50859, 1, 0, 0, 0, 1, 0
50860, 1, 0, 0, 0, 1, 0
50861, 1, 0, 0, 0, 1, 0
50862, 0, 1, 1, 0, 0, 0
50863, 1, 0, 0, 0, 1, 0
50864, 2, 0, 0, 0, 1, 1
50870, 1, 0, 0, 0, 0, 1
50873, 1, 0, 0, 0, 1, 0
50874, 1, 0, 0, 0, 1, 0
50876, 1, 0, 0, 0, 1, 0
50878, 2, 0, 0, 0, 2, 0
50881, 1, 0, 0, 0, 1, 0
50882, 1, 0, 0, 0, 1, 0
50884, 2, 0, 0, 0, 2, 0
56330, 2, 1, 1, 0, 2, 0
57273, 0, 1, 1, 0, 0, 0
50889, 1, 0, 0, 0, 1, 0
50890, 1, 0, 0, 0, 1, 0
50891, 1, 0, 0, 0, 1, 0
50892, 1, 0, 0, 0, 1, 0
50893, 1, 0, 0, 0, 1, 0
50894, 1, 0, 0, 0, 1, 0
50895, 1, 0, 0, 0, 1, 0
50896, 1, 0, 0, 0, 1, 0
50897, 1, 0, 0, 0, 1, 0
50898, 1, 0, 0, 0, 1, 0
50899, 1, 0, 0, 0, 0, 1
50900, 2, 0, 0, 0, 2, 0
50901, 0, 1, 1, 0, 0, 0
50903, 1, 0, 0, 0, 1, 0
50906, 1, 0, 0, 0, 1, 0
50907, 1, 0, 0, 0, 0, 1
50909, 1, 0, 0, 0, 1, 0
50910, 1, 0, 0, 0, 1, 0
50911, 2, 0, 0, 0, 2, 0
50912, 3, 0, 0, 0, 3, 0
50914, 0, 1, 1, 0, 0, 0
50915, 1, 0, 0, 0, 0, 1
50916, 2, 1, 1, 0, 2, 0
50920, 1, 0, 0, 0, 1, 0
50921, 0, 1, 1, 0, 0, 0
50923, 1, 0, 0, 0, 1, 0
50924, 0, 1, 1, 0, 0, 0
50925, 1, 0, 0, 0, 1, 0
84377, 1, 1, 1, 0, 1, 0
50927, 1, 0, 0, 0, 1, 0
50929, 1, 0, 0, 0, 1, 0
50930, 2, 0, 0, 0, 2, 0
50931, 0, 1, 1, 0, 0, 0
50933, 2, 0, 0, 0, 2, 0
50934, 3, 0, 0, 0, 2, 1
50935, 1, 0, 0, 0, 1, 0
50938, 3, 1, 1, 0, 3, 0
50941, 1, 0, 0, 0, 1, 0
50943, 1, 0, 0, 0, 1, 0
50944, 4, 1, 1, 0, 2, 2
50945, 1, 0, 0, 0, 0, 1
77034, 6, 5, 5, 0, 6, 0
50947, 1, 0, 0, 0, 1, 0
50949, 1, 0, 0, 0, 1, 0
50953, 1, 0, 0, 0, 0, 1
50954, 1, 0, 0, 0, 0, 1
50955, 1, 0, 0, 0, 1, 0
50958, 1, 0, 0, 0, 1, 0
50959, 1, 0, 0, 0, 1, 0
50961, 1, 0, 0, 0, 1, 0
50962, 3, 0, 0, 0, 3, 0
50964, 1, 0, 0, 0, 0, 1
50966, 1, 0, 0, 0, 0, 1
50967, 1, 0, 0, 0, 1, 0
50968, 2, 0, 0, 0, 0, 2
50977, 4, 0, 0, 0, 4, 0
50978, 1, 0, 0, 0, 1, 0
50979, 0, 3, 3, 0, 0, 0
50981, 0, 1, 1, 0, 0, 0
50982, 2, 0, 0, 0, 2, 0
50983, 1, 0, 0, 0, 1, 0
50984, 1, 0, 0, 0, 1, 0
50985, 4, 1, 1, 0, 4, 0
50989, 1, 0, 0, 0, 1, 0
50990, 1, 0, 0, 0, 1, 0
50992, 1, 0, 0, 0, 0, 1
50996, 0, 1, 1, 0, 0, 0
50997, 1, 0, 0, 0, 1, 0
50998, 1, 0, 0, 0, 1, 0
51000, 1, 0, 0, 0, 0, 1
51002, 1, 0, 0, 0, 0, 1
51003, 6, 0, 0, 0, 6, 0
51004, 1, 0, 0, 0, 1, 0
51005, 4, 0, 0, 0, 4, 0
51007, 2, 0, 0, 0, 0, 2
81380, 4, 5, 3, 2, 4, 0
51009, 1, 0, 0, 0, 1, 0
51010, 1, 0, 0, 0, 0, 1
51011, 4, 0, 0, 0, 3, 1
51012, 1, 0, 0, 0, 1, 0
51013, 1, 1, 1, 0, 1, 0
62926, 3, 1, 1, 0, 3, 0
51015, 1, 0, 0, 0, 1, 0
51018, 1, 0, 0, 0, 0, 1
51019, 1, 0, 0, 0, 0, 1
51021, 1, 0, 0, 0, 1, 0
51022, 1, 0, 0, 0, 0, 1
51023, 1, 0, 0, 0, 1, 0
51024, 1, 0, 0, 0, 0, 1
51026, 1, 0, 0, 0, 1, 0
51027, 1, 0, 0, 0, 1, 0
51028, 35, 0, 0, 0, 1, 34
51034, 2, 1, 0, 1, 1, 1
51037, 0, 2, 0, 2, 0, 0
51039, 1, 1, 0, 1, 1, 0
51040, 0, 1, 0, 1, 0, 0
51042, 0, 1, 0, 1, 0, 0
77726, 0, 1, 1, 0, 0, 0
77727, 0, 1, 1, 0, 0, 0
77728, 0, 1, 1, 0, 0, 0
77729, 0, 1, 1, 0, 0, 0
77730, 0, 1, 1, 0, 0, 0
71361, 0, 1, 1, 0, 0, 0
71362, 0, 2, 2, 0, 0, 0
77904, 1, 1, 0, 1, 1, 0
51046, 1, 0, 0, 0, 1, 0
51047, 2, 2, 2, 0, 2, 0
51049, 1, 0, 0, 0, 1, 0
51050, 2, 0, 0, 0, 1, 1
51052, 0, 1, 0, 1, 0, 0
51054, 1, 0, 0, 0, 1, 0
78347, 0, 1, 1, 0, 0, 0
51056, 1, 0, 0, 0, 1, 0
51057, 1, 0, 0, 0, 1, 0
51060, 1, 1, 1, 0, 1, 0
51065, 2, 0, 0, 0, 2, 0
51066, 2, 0, 0, 0, 2, 0
51068, 1, 0, 0, 0, 1, 0
51069, 1, 0, 0, 0, 1, 0
51070, 1, 0, 0, 0, 0, 1
51072, 1, 0, 0, 0, 1, 0
51073, 1, 0, 0, 0, 1, 0
51074, 2, 0, 0, 0, 1, 1
51076, 1, 0, 0, 0, 0, 1
51077, 1, 0, 0, 0, 1, 0
51078, 0, 1, 1, 0, 0, 0
51079, 1, 1, 1, 0, 1, 0
51081, 1, 0, 0, 0, 1, 0
51082, 1, 0, 0, 0, 0, 1
51083, 0, 1, 0, 1, 0, 0
51088, 1, 0, 0, 0, 0, 1
51089, 1, 0, 0, 0, 1, 0
51090, 2, 0, 0, 0, 2, 0
51091, 1, 0, 0, 0, 1, 0
67281, 2, 2, 2, 0, 2, 0
73597, 0, 1, 1, 0, 0, 0
73598, 1, 1, 1, 0, 1, 0
73599, 1, 2, 2, 0, 1, 0
73600, 1, 1, 1, 0, 1, 0
73602, 0, 1, 1, 0, 0, 0
51098, 3, 0, 0, 0, 3, 0
53284, 2, 5, 4, 1, 1, 1
78497, 1, 1, 1, 0, 1, 0
105639, 0, 1, 0, 1, 0, 0
51104, 3, 0, 0, 0, 2, 1
97579, 2, 1, 0, 1, 2, 0
51105, 1, 0, 0, 0, 1, 0
51106, 1, 0, 0, 0, 1, 0
51107, 1, 0, 0, 0, 0, 1
51108, 1, 0, 0, 0, 1, 0
51109, 1, 0, 0, 0, 1, 0
51110, 1, 0, 0, 0, 1, 0
51111, 1, 0, 0, 0, 1, 0
51113, 1, 0, 0, 0, 1, 0
55253, 0, 1, 1, 0, 0, 0
51121, 1, 0, 0, 0, 0, 1
51122, 0, 1, 0, 1, 0, 0
51123, 1, 0, 0, 0, 1, 0
51130, 2, 0, 0, 0, 2, 0
51132, 1, 0, 0, 0, 0, 1
51133, 2, 0, 0, 0, 1, 1
51134, 2, 0, 0, 0, 2, 0
51135, 0, 1, 1, 0, 0, 0
51136, 1, 0, 0, 0, 0, 1
97665, 0, 1, 1, 0, 0, 0
83329, 0, 1, 1, 0, 0, 0
51139, 1, 0, 0, 0, 1, 0
51141, 1, 0, 0, 0, 1, 0
51142, 2, 0, 0, 0, 2, 0
51143, 3, 0, 0, 0, 2, 1
51145, 1, 0, 0, 0, 1, 0
51146, 1, 0, 0, 0, 1, 0
51147, 1, 0, 0, 0, 1, 0
51149, 1, 0, 0, 0, 1, 0
51150, 1, 0, 0, 0, 1, 0
67947, 1, 1, 1, 0, 1, 0
86093, 0, 2, 2, 0, 0, 0
86094, 0, 1, 0, 1, 0, 0
55249, 4, 8, 8, 0, 4, 0
59482, 6, 2, 2, 0, 6, 0
75206, 1, 1, 1, 0, 1, 0
75207, 0, 1, 1, 0, 0, 0
75979, 0, 1, 1, 0, 0, 0
73376, 1, 2, 2, 0, 1, 0
75848, 2, 4, 4, 0, 2, 0
84153, 1, 1, 1, 0, 1, 0
84154, 0, 2, 2, 0, 0, 0
85445, 0, 1, 1, 0, 0, 0
85447, 0, 1, 1, 0, 0, 0
85448, 0, 1, 1, 0, 0, 0
85449, 0, 1, 1, 0, 0, 0
53366, 2, 1, 1, 0, 2, 0
53571, 17, 1, 1, 0, 17, 0
74370, 1, 1, 1, 0, 1, 0
86392, 0, 1, 1, 0, 0, 0
86393, 0, 1, 1, 0, 0, 0
86394, 0, 1, 1, 0, 0, 0
86396, 0, 1, 1, 0, 0, 0
60866, 2, 1, 1, 0, 2, 0
74572, 0, 1, 1, 0, 0, 0
59550, 1, 1, 1, 0, 1, 0
51180, 1, 0, 0, 0, 0, 1
51182, 1, 0, 0, 0, 1, 0
51183, 1, 0, 0, 0, 0, 1
51184, 1, 0, 0, 0, 1, 0
51187, 1, 0, 0, 0, 1, 0
51188, 7, 0, 0, 0, 6, 1
81639, 0, 1, 1, 0, 0, 0
81640, 0, 1, 0, 1, 0, 0
51190, 1, 0, 0, 0, 1, 0
51191, 1, 0, 0, 0, 1, 0
51192, 1, 0, 0, 0, 0, 1
51193, 2, 0, 0, 0, 0, 2
51194, 1, 0, 0, 0, 1, 0
51198, 1, 0, 0, 0, 1, 0
51205, 1, 0, 0, 0, 0, 1
51206, 1, 1, 0, 1, 1, 0
51207, 1, 1, 1, 0, 1, 0
51210, 1, 0, 0, 0, 1, 0
51211, 2, 0, 0, 0, 1, 1
51212, 0, 1, 1, 0, 0, 0
51213, 1, 1, 1, 0, 1, 0
80109, 6, 1, 1, 0, 6, 0
80110, 4, 4, 4, 0, 4, 0
80111, 3, 4, 4, 0, 3, 0
80112, 5, 2, 2, 0, 5, 0
75802, 0, 2, 2, 0, 0, 0
75803, 0, 1, 1, 0, 0, 0
75804, 0, 1, 1, 0, 0, 0
75805, 0, 1, 1, 0, 0, 0
51218, 1, 1, 1, 0, 1, 0
51219, 3, 3, 3, 0, 3, 0
51256, 1, 1, 1, 0, 1, 0
51259, 1, 1, 1, 0, 1, 0
51220, 2, 0, 0, 0, 2, 0
51221, 3, 0, 0, 0, 3, 0
51222, 1, 0, 0, 0, 1, 0
51223, 6, 0, 0, 0, 6, 0
61551, 1, 1, 1, 0, 1, 0
68675, 4, 3, 3, 0, 4, 0
70913, 1, 1, 1, 0, 1, 0
74537, 0, 1, 1, 0, 0, 0
74538, 0, 1, 1, 0, 0, 0
74539, 0, 1, 1, 0, 0, 0
51226, 1, 0, 0, 0, 1, 0
51227, 10, 0, 0, 0, 2, 8
51230, 0, 1, 1, 0, 0, 0
73796, 1, 1, 1, 0, 1, 0
78663, 0, 1, 1, 0, 0, 0
78664, 0, 1, 1, 0, 0, 0
78665, 0, 1, 1, 0, 0, 0
54458, 1, 1, 1, 0, 1, 0
51232, 1, 0, 0, 0, 0, 1
70406, 1, 1, 1, 0, 1, 0
83675, 0, 1, 1, 0, 0, 0
51236, 3, 0, 0, 0, 3, 0
51238, 0, 1, 1, 0, 0, 0
51241, 1, 0, 0, 0, 1, 0
51242, 1, 0, 0, 0, 1, 0
51244, 1, 0, 0, 0, 1, 0
51245, 2, 0, 0, 0, 1, 1
51247, 1, 0, 0, 0, 1, 0
51248, 1, 0, 0, 0, 1, 0
51249, 2, 0, 0, 0, 0, 2
51250, 2, 1, 0, 1, 2, 0
75432, 0, 3, 2, 1, 0, 0
51254, 2, 0, 0, 0, 0, 2
51257, 1, 0, 0, 0, 1, 0
51258, 1, 1, 1, 0, 1, 0
51260, 1, 0, 0, 0, 1, 0
51261, 0, 6, 6, 0, 0, 0
55116, 1, 2, 1, 1, 1, 0
51263, 1, 1, 1, 0, 1, 0
51264, 0, 1, 1, 0, 0, 0
51275, 1, 0, 0, 0, 1, 0
51276, 1, 0, 0, 0, 1, 0
51277, 1, 1, 1, 0, 1, 0
51278, 1, 1, 1, 0, 1, 0
51279, 3, 0, 0, 0, 3, 0
51280, 0, 2, 2, 0, 0, 0
51281, 1, 0, 0, 0, 1, 0
51282, 1, 0, 0, 0, 1, 0
51283, 1, 0, 0, 0, 1, 0
51286, 1, 0, 0, 0, 1, 0
51287, 1, 0, 0, 0, 1, 0
51288, 5, 1, 1, 0, 3, 2
51289, 2, 0, 0, 0, 2, 0
51290, 1, 0, 0, 0, 0, 1
51291, 1, 0, 0, 0, 1, 0
51332, 2, 1, 1, 0, 2, 0
51334, 2, 1, 1, 0, 2, 0
51358, 2, 1, 1, 0, 2, 0
51293, 1, 0, 0, 0, 1, 0
51294, 1, 0, 0, 0, 1, 0
51296, 1, 0, 0, 0, 1, 0
71521, 9, 2, 2, 0, 9, 0
77037, 0, 2, 2, 0, 0, 0
85508, 2, 1, 1, 0, 2, 0
51319, 0, 1, 0, 1, 0, 0
51322, 1, 0, 0, 0, 1, 0
51324, 1, 0, 0, 0, 0, 1
51328, 1, 0, 0, 0, 1, 0
51329, 1, 0, 0, 0, 1, 0
51333, 5, 0, 0, 0, 4, 1
51336, 1, 0, 0, 0, 1, 0
51337, 1, 0, 0, 0, 1, 0
51338, 1, 0, 0, 0, 0, 1
51340, 1, 0, 0, 0, 1, 0
51343, 1, 0, 0, 0, 1, 0
51347, 1, 1, 1, 0, 1, 0
51348, 3, 1, 1, 0, 3, 0
51349, 1, 0, 0, 0, 1, 0
51354, 1, 1, 1, 0, 1, 0
51357, 1, 0, 0, 0, 1, 0
51359, 1, 2, 2, 0, 1, 0
51360, 1, 3, 3, 0, 1, 0
51361, 5, 0, 0, 0, 1, 4
60996, 1, 4, 4, 0, 1, 0
62873, 2, 2, 2, 0, 2, 0
51365, 6, 1, 1, 0, 6, 0
51369, 1, 2, 2, 0, 1, 0
51370, 1, 2, 2, 0, 1, 0
51371, 0, 2, 2, 0, 0, 0
56160, 1, 3, 3, 0, 1, 0
55783, 0, 1, 1, 0, 0, 0
55784, 0, 1, 1, 0, 0, 0
55785, 0, 1, 1, 0, 0, 0
55786, 0, 1, 1, 0, 0, 0
55787, 0, 1, 1, 0, 0, 0
55788, 0, 1, 1, 0, 0, 0
51372, 3, 0, 0, 0, 2, 1
51373, 2, 0, 0, 0, 2, 0
51375, 1, 0, 0, 0, 1, 0
51376, 2, 0, 0, 0, 2, 0
51377, 1, 0, 0, 0, 1, 0
51381, 3, 3, 3, 0, 3, 0
51382, 1, 0, 0, 0, 1, 0
51383, 3, 0, 0, 0, 3, 0
51385, 1, 0, 0, 0, 1, 0
51386, 1, 0, 0, 0, 0, 1
68124, 1, 1, 1, 0, 1, 0
51388, 1, 0, 0, 0, 1, 0
51389, 0, 1, 1, 0, 0, 0
51392, 1, 0, 0, 0, 1, 0
51394, 1, 0, 0, 0, 1, 0
51395, 1, 1, 1, 0, 1, 0
51396, 1, 2, 2, 0, 0, 1
51397, 2, 0, 0, 0, 2, 0
51398, 1, 2, 2, 0, 1, 0
51399, 1, 2, 2, 0, 1, 0
51400, 1, 0, 0, 0, 1, 0
51401, 2, 0, 0, 0, 1, 1
51402, 1, 0, 0, 0, 1, 0
51403, 1, 0, 0, 0, 0, 1
51405, 2, 0, 0, 0, 2, 0
51407, 1, 0, 0, 0, 1, 0
51436, 0, 1, 0, 1, 0, 0
51409, 1, 0, 0, 0, 1, 0
51411, 0, 2, 2, 0, 0, 0
51413, 1, 1, 1, 0, 1, 0
51414, 1, 1, 1, 0, 1, 0
51415, 2, 0, 0, 0, 0, 2
51418, 1, 0, 0, 0, 1, 0
53800, 1, 1, 1, 0, 0, 1
53801, 0, 1, 1, 0, 0, 0
53802, 0, 1, 1, 0, 0, 0
51423, 1, 0, 0, 0, 0, 1
51428, 1, 0, 0, 0, 1, 0
51429, 0, 1, 1, 0, 0, 0
51430, 1, 0, 0, 0, 1, 0
51434, 2, 1, 1, 0, 2, 0
51437, 1, 1, 1, 0, 1, 0
51438, 1, 0, 0, 0, 1, 0
51439, 2, 0, 0, 0, 2, 0
51440, 0, 1, 1, 0, 0, 0
51441, 1, 0, 0, 0, 1, 0
51443, 1, 0, 0, 0, 1, 0
51446, 1, 1, 1, 0, 1, 0
97437, 1, 1, 1, 0, 1, 0
57004, 2, 2, 2, 0, 2, 0
57909, 0, 3, 3, 0, 0, 0
57912, 0, 1, 1, 0, 0, 0
52253, 2, 2, 2, 0, 2, 0
53220, 5, 1, 1, 0, 5, 0
58334, 0, 1, 1, 0, 0, 0
58335, 0, 1, 1, 0, 0, 0
92080, 0, 1, 1, 0, 0, 0
51455, 2, 2, 2, 0, 2, 0
51456, 0, 1, 1, 0, 0, 0
51457, 0, 1, 1, 0, 0, 0
51458, 2, 0, 0, 0, 2, 0
51459, 1, 0, 0, 0, 1, 0
51460, 1, 0, 0, 0, 0, 1
51461, 1, 0, 0, 0, 0, 1
51462, 2, 1, 1, 0, 2, 0
51463, 0, 2, 2, 0, 0, 0
51464, 2, 1, 1, 0, 2, 0
51466, 1, 0, 0, 0, 1, 0
51467, 1, 1, 1, 0, 1, 0
51469, 1, 1, 1, 0, 1, 0
51471, 0, 1, 1, 0, 0, 0
51473, 0, 1, 1, 0, 0, 0
51476, 0, 1, 1, 0, 0, 0
51477, 0, 1, 1, 0, 0, 0
83486, 0, 2, 2, 0, 0, 0
60083, 0, 1, 1, 0, 0, 0
60084, 0, 1, 1, 0, 0, 0
51484, 2, 0, 0, 0, 2, 0
51485, 1, 1, 1, 0, 0, 1
51712, 0, 1, 0, 1, 0, 0
51486, 1, 1, 1, 0, 1, 0
51488, 1, 0, 0, 0, 1, 0
51489, 6, 0, 0, 0, 6, 0
57368, 2, 2, 2, 0, 2, 0
74523, 3, 2, 1, 1, 3, 0
75825, 7, 3, 2, 1, 7, 0
75826, 1, 3, 3, 0, 1, 0
77716, 0, 1, 1, 0, 0, 0
77717, 0, 1, 1, 0, 0, 0
77718, 0, 1, 1, 0, 0, 0
51649, 2, 1, 1, 0, 2, 0
51492, 1, 0, 0, 0, 1, 0
51493, 1, 2, 2, 0, 1, 0
51592, 6, 4, 4, 0, 5, 1
51494, 1, 0, 0, 0, 1, 0
51496, 1, 0, 0, 0, 1, 0
51498, 1, 0, 0, 0, 1, 0
57265, 1, 1, 1, 0, 1, 0
60598, 0, 2, 2, 0, 0, 0
51500, 1, 0, 0, 0, 1, 0
51501, 1, 0, 0, 0, 1, 0
51504, 2, 0, 0, 0, 2, 0
51505, 1, 0, 0, 0, 1, 0
51506, 1, 0, 0, 0, 0, 1
51513, 2, 0, 0, 0, 2, 0
51516, 1, 0, 0, 0, 0, 1
51517, 2, 0, 0, 0, 2, 0
51518, 1, 0, 0, 0, 1, 0
51525, 2, 0, 0, 0, 1, 1
51526, 0, 1, 0, 1, 0, 0
51527, 1, 0, 0, 0, 1, 0
51528, 1, 0, 0, 0, 1, 0
51616, 3, 2, 2, 0, 3, 0
52662, 1, 1, 1, 0, 0, 1
51530, 1, 0, 0, 0, 1, 0
51531, 0, 1, 1, 0, 0, 0
51532, 1, 0, 0, 0, 1, 0
51533, 0, 1, 1, 0, 0, 0
51534, 1, 0, 0, 0, 1, 0
51535, 1, 1, 1, 0, 1, 0
56808, 0, 1, 1, 0, 0, 0
51537, 4, 1, 1, 0, 3, 1
51539, 1, 0, 0, 0, 1, 0
51540, 1, 0, 0, 0, 1, 0
51541, 1, 0, 0, 0, 1, 0
51542, 1, 0, 0, 0, 1, 0
51543, 1, 0, 0, 0, 1, 0
51548, 1, 1, 1, 0, 1, 0
65695, 2, 2, 2, 0, 2, 0
51550, 2, 0, 0, 0, 2, 0
72705, 1, 1, 1, 0, 1, 0
55365, 2, 3, 3, 0, 2, 0
100368, 0, 1, 1, 0, 0, 0
51556, 4, 1, 1, 0, 4, 0
51558, 0, 1, 1, 0, 0, 0
51559, 1, 0, 0, 0, 1, 0
51560, 3, 0, 0, 0, 3, 0
51561, 0, 1, 1, 0, 0, 0
51562, 0, 1, 1, 0, 0, 0
51563, 1, 0, 0, 0, 1, 0
51564, 1, 0, 0, 0, 1, 0
51567, 1, 0, 0, 0, 0, 1
63423, 0, 2, 2, 0, 0, 0
71034, 3, 3, 3, 0, 3, 0
55641, 3, 3, 3, 0, 3, 0
61120, 0, 1, 1, 0, 0, 0
61121, 0, 1, 1, 0, 0, 0
90800, 0, 1, 1, 0, 0, 0
55482, 1, 2, 2, 0, 1, 0
51586, 1, 0, 0, 0, 1, 0
51587, 3, 1, 1, 0, 3, 0
51588, 6, 0, 0, 0, 6, 0
51589, 1, 1, 1, 0, 1, 0
51590, 1, 0, 0, 0, 0, 1
51591, 1, 1, 1, 0, 1, 0
51593, 1, 0, 0, 0, 1, 0
51594, 2, 0, 0, 0, 2, 0
51595, 1, 0, 0, 0, 1, 0
51596, 2, 0, 0, 0, 2, 0
51598, 3, 0, 0, 0, 3, 0
52841, 0, 1, 1, 0, 0, 0
51600, 1, 0, 0, 0, 1, 0
51603, 1, 0, 0, 0, 1, 0
51605, 1, 0, 0, 0, 0, 1
51606, 0, 1, 0, 1, 0, 0
51607, 1, 0, 0, 0, 1, 0
51608, 1, 0, 0, 0, 0, 1
69771, 1, 1, 1, 0, 1, 0
51611, 1, 1, 1, 0, 1, 0
51612, 1, 2, 2, 0, 1, 0
51614, 3, 0, 0, 0, 3, 0
51618, 1, 0, 0, 0, 1, 0
51619, 1, 0, 0, 0, 1, 0
51620, 0, 2, 1, 1, 0, 0
51622, 1, 0, 0, 0, 0, 1
51624, 1, 0, 0, 0, 1, 0
51625, 1, 0, 0, 0, 1, 0
51633, 3, 2, 2, 0, 3, 0
87762, 0, 2, 2, 0, 0, 0
88101, 1, 1, 1, 0, 1, 0
66573, 1, 2, 2, 0, 1, 0
67044, 0, 1, 1, 0, 0, 0
62637, 2, 2, 2, 0, 2, 0
51634, 1, 1, 1, 0, 1, 0
51635, 1, 1, 1, 0, 1, 0
51636, 3, 0, 0, 0, 3, 0
51639, 2, 0, 0, 0, 2, 0
51640, 1, 0, 0, 0, 1, 0
51641, 2, 0, 0, 0, 2, 0
51642, 1, 2, 2, 0, 1, 0
51647, 2, 0, 0, 0, 1, 1
51654, 1, 0, 0, 0, 1, 0
88989, 0, 1, 0, 1, 0, 0
51656, 1, 0, 0, 0, 1, 0
85711, 2, 1, 1, 0, 2, 0
86408, 0, 1, 1, 0, 0, 0
55186, 0, 1, 1, 0, 0, 0
78766, 7, 3, 3, 0, 7, 0
84004, 4, 2, 2, 0, 4, 0
84331, 1, 1, 0, 1, 0, 1
88536, 0, 1, 1, 0, 0, 0
67491, 0, 2, 2, 0, 0, 0
68727, 4, 1, 1, 0, 4, 0
51679, 2, 0, 0, 0, 2, 0
51681, 1, 0, 0, 0, 1, 0
76868, 2, 2, 2, 0, 2, 0
88301, 2, 1, 1, 0, 2, 0
90177, 0, 1, 1, 0, 0, 0
51691, 1, 0, 0, 0, 1, 0
51692, 1, 0, 0, 0, 1, 0
51693, 0, 1, 1, 0, 0, 0
51695, 2, 0, 0, 0, 1, 1
51696, 0, 1, 0, 1, 0, 0
51697, 1, 0, 0, 0, 1, 0
51698, 1, 0, 0, 0, 1, 0
51700, 1, 0, 0, 0, 1, 0
51702, 1, 0, 0, 0, 1, 0
51703, 1, 0, 0, 0, 1, 0
51704, 1, 0, 0, 0, 1, 0
51705, 2, 0, 0, 0, 2, 0
51707, 1, 0, 0, 0, 1, 0
51708, 0, 1, 1, 0, 0, 0
51709, 3, 0, 0, 0, 2, 1
61532, 6, 6, 6, 0, 5, 1
51714, 1, 0, 0, 0, 1, 0
51715, 5, 1, 1, 0, 5, 0
51719, 5, 0, 0, 0, 5, 0
51723, 1, 0, 0, 0, 0, 1
51724, 0, 1, 0, 1, 0, 0
51728, 1, 0, 0, 0, 1, 0
51729, 1, 0, 0, 0, 0, 1
51730, 1, 0, 0, 0, 1, 0
51731, 0, 2, 2, 0, 0, 0
51737, 1, 1, 1, 0, 0, 1
51738, 1, 0, 0, 0, 1, 0
53746, 0, 1, 0, 1, 0, 0
53747, 0, 1, 1, 0, 0, 0
53748, 0, 1, 1, 0, 0, 0
53749, 0, 1, 1, 0, 0, 0
51755, 1, 0, 0, 0, 0, 1
51756, 1, 1, 0, 1, 0, 1
66505, 4, 1, 1, 0, 4, 0
107663, 3, 1, 1, 0, 3, 0
51762, 6, 0, 0, 0, 6, 0
51771, 1, 0, 0, 0, 1, 0
51772, 0, 2, 2, 0, 0, 0
51773, 1, 0, 0, 0, 1, 0
51774, 0, 1, 1, 0, 0, 0
51775, 1, 0, 0, 0, 1, 0
51777, 1, 0, 0, 0, 1, 0
51779, 1, 1, 1, 0, 1, 0
51781, 2, 0, 0, 0, 1, 1
51782, 1, 1, 1, 0, 1, 0
73054, 0, 1, 1, 0, 0, 0
51784, 1, 0, 0, 0, 1, 0
51787, 1, 1, 1, 0, 1, 0
88916, 1, 1, 1, 0, 1, 0
89484, 0, 1, 1, 0, 0, 0
89485, 0, 1, 1, 0, 0, 0
89486, 0, 1, 1, 0, 0, 0
89487, 0, 1, 1, 0, 0, 0
89488, 0, 1, 1, 0, 0, 0
51792, 2, 0, 0, 0, 1, 1
51793, 4, 1, 0, 1, 4, 0
83558, 0, 1, 1, 0, 0, 0
83559, 0, 2, 2, 0, 0, 0
51794, 1, 0, 0, 0, 1, 0
51796, 1, 0, 0, 0, 1, 0
51797, 1, 0, 0, 0, 1, 0
51798, 3, 0, 0, 0, 3, 0
51799, 1, 0, 0, 0, 1, 0
51802, 1, 0, 0, 0, 1, 0
51803, 1, 0, 0, 0, 1, 0
51804, 0, 1, 1, 0, 0, 0
51805, 1, 0, 0, 0, 1, 0
51806, 1, 0, 0, 0, 1, 0
51807, 1, 0, 0, 0, 0, 1
52091, 1, 1, 1, 0, 1, 0
52284, 0, 1, 1, 0, 0, 0
51809, 1, 0, 0, 0, 0, 1
51810, 2, 0, 0, 0, 0, 2
64502, 0, 1, 1, 0, 0, 0
51817, 1, 1, 1, 0, 1, 0
51818, 2, 1, 1, 0, 1, 1
51819, 1, 1, 1, 0, 1, 0
51820, 1, 1, 1, 0, 1, 0
51822, 2, 1, 1, 0, 2, 0
51823, 0, 1, 1, 0, 0, 0
51825, 1, 0, 0, 0, 0, 1
51827, 1, 0, 0, 0, 1, 0
51828, 0, 1, 1, 0, 0, 0
51829, 2, 0, 0, 0, 2, 0
51832, 2, 0, 0, 0, 0, 2
69987, 2, 4, 4, 0, 2, 0
75810, 1, 1, 1, 0, 1, 0
51835, 1, 0, 0, 0, 0, 1
51836, 0, 1, 0, 1, 0, 0
51837, 2, 0, 0, 0, 0, 2
110356, 2, 2, 1, 1, 1, 1
51840, 1, 0, 0, 0, 0, 1
51841, 0, 1, 0, 1, 0, 0
51842, 1, 0, 0, 0, 1, 0
51844, 2, 0, 0, 0, 1, 1
51846, 1, 0, 0, 0, 1, 0
51847, 0, 1, 1, 0, 0, 0
51848, 1, 0, 0, 0, 1, 0
51851, 5, 0, 0, 0, 4, 1
51852, 1, 0, 0, 0, 1, 0
51853, 0, 1, 1, 0, 0, 0
51856, 1, 0, 0, 0, 1, 0
51857, 1, 0, 0, 0, 0, 1
51858, 1, 0, 0, 0, 0, 1
51859, 2, 1, 1, 0, 2, 0
51862, 3, 1, 1, 0, 3, 0
76043, 1, 1, 1, 0, 1, 0
51865, 1, 0, 0, 0, 1, 0
51866, 1, 1, 1, 0, 1, 0
58171, 1, 1, 1, 0, 1, 0
58887, 0, 2, 2, 0, 0, 0
67226, 0, 1, 1, 0, 0, 0
67232, 1, 1, 1, 0, 1, 0
67233, 0, 1, 1, 0, 0, 0
67235, 1, 3, 3, 0, 1, 0
67238, 0, 1, 1, 0, 0, 0
67239, 0, 1, 1, 0, 0, 0
51874, 1, 1, 1, 0, 1, 0
51875, 1, 0, 0, 0, 1, 0
51877, 1, 0, 0, 0, 0, 1
51879, 1, 0, 0, 0, 0, 1
51880, 2, 0, 0, 0, 1, 1
51883, 1, 0, 0, 0, 1, 0
51884, 1, 0, 0, 0, 1, 0
51885, 1, 3, 3, 0, 1, 0
92026, 0, 1, 1, 0, 0, 0
51886, 1, 0, 0, 0, 1, 0
64269, 2, 1, 1, 0, 2, 0
69592, 0, 1, 1, 0, 0, 0
55336, 2, 1, 1, 0, 1, 1
68170, 4, 1, 1, 0, 3, 1
68171, 0, 2, 0, 2, 0, 0
68888, 10, 3, 3, 0, 10, 0
68889, 4, 1, 1, 0, 4, 0
68890, 0, 1, 1, 0, 0, 0
67519, 1, 1, 1, 0, 1, 0
52569, 0, 1, 1, 0, 0, 0
51900, 1, 0, 0, 0, 1, 0
51901, 1, 0, 0, 0, 1, 0
51903, 1, 0, 0, 0, 1, 0
51905, 1, 0, 0, 0, 1, 0
51906, 1, 0, 0, 0, 1, 0
51909, 1, 0, 0, 0, 1, 0
51914, 1, 0, 0, 0, 0, 1
51916, 1, 0, 0, 0, 0, 1
51917, 1, 0, 0, 0, 0, 1
52610, 0, 2, 1, 1, 0, 0
62186, 0, 6, 6, 0, 0, 0
78822, 0, 1, 1, 0, 0, 0
78823, 0, 1, 1, 0, 0, 0
78824, 0, 1, 1, 0, 0, 0
78825, 0, 1, 1, 0, 0, 0
78826, 0, 1, 1, 0, 0, 0
78828, 1, 1, 1, 0, 1, 0
78829, 0, 1, 1, 0, 0, 0
78830, 0, 3, 3, 0, 0, 0
78831, 1, 1, 1, 0, 1, 0
64141, 7, 3, 3, 0, 7, 0
85094, 0, 1, 1, 0, 0, 0
51923, 1, 0, 0, 0, 1, 0
51924, 1, 0, 0, 0, 1, 0
51925, 0, 1, 1, 0, 0, 0
51926, 2, 1, 1, 0, 2, 0
51929, 0, 1, 1, 0, 0, 0
51930, 1, 1, 1, 0, 0, 1
51933, 1, 0, 0, 0, 1, 0
51934, 9, 0, 0, 0, 8, 1
51935, 0, 1, 1, 0, 0, 0
85398, 0, 1, 1, 0, 0, 0
85399, 0, 1, 1, 0, 0, 0
85400, 0, 1, 1, 0, 0, 0
85401, 0, 1, 1, 0, 0, 0
85402, 0, 1, 0, 1, 0, 0
51941, 1, 0, 0, 0, 1, 0
51942, 1, 0, 0, 0, 1, 0
51943, 0, 4, 4, 0, 0, 0
51944, 1, 1, 1, 0, 1, 0
51947, 1, 0, 0, 0, 1, 0
51948, 2, 0, 0, 0, 2, 0
51949, 2, 0, 0, 0, 2, 0
51950, 1, 0, 0, 0, 1, 0
51951, 1, 0, 0, 0, 0, 1
51952, 0, 1, 0, 1, 0, 0
51953, 1, 0, 0, 0, 1, 0
51955, 1, 0, 0, 0, 0, 1
51956, 1, 0, 0, 0, 1, 0
51958, 1, 1, 1, 0, 1, 0
51959, 0, 4, 4, 0, 0, 0
51960, 1, 1, 1, 0, 1, 0
51961, 2, 1, 1, 0, 1, 1
51962, 1, 0, 0, 0, 1, 0
51965, 1, 1, 1, 0, 1, 0
51966, 13, 1, 1, 0, 7, 6
51968, 3, 0, 0, 0, 0, 3
67918, 2, 1, 1, 0, 2, 0
51971, 2, 1, 1, 0, 2, 0
51972, 1, 2, 2, 0, 1, 0
51973, 1, 0, 0, 0, 1, 0
51977, 1, 0, 0, 0, 0, 1
51978, 1, 1, 0, 1, 1, 0
51979, 1, 0, 0, 0, 1, 0
51980, 1, 0, 0, 0, 1, 0
51983, 1, 0, 0, 0, 0, 1
51985, 3, 0, 0, 0, 1, 2
51986, 1, 0, 0, 0, 1, 0
51987, 2, 0, 0, 0, 2, 0
51988, 0, 1, 1, 0, 0, 0
51992, 2, 0, 0, 0, 0, 2
51993, 1, 0, 0, 0, 1, 0
51995, 1, 0, 0, 0, 1, 0
51996, 2, 0, 0, 0, 2, 0
51998, 1, 0, 0, 0, 1, 0
51999, 0, 2, 2, 0, 0, 0
52002, 1, 0, 0, 0, 1, 0
74579, 4, 1, 0, 1, 1, 3
76202, 2, 1, 1, 0, 2, 0
76627, 1, 1, 0, 1, 1, 0
52010, 1, 0, 0, 0, 1, 0
52011, 1, 0, 0, 0, 1, 0
52013, 2, 0, 0, 0, 2, 0
52014, 2, 0, 0, 0, 1, 1
52015, 1, 2, 2, 0, 1, 0
52016, 3, 2, 2, 0, 2, 1
56119, 0, 3, 3, 0, 0, 0
57276, 1, 1, 1, 0, 1, 0
58594, 1, 1, 1, 0, 1, 0
58599, 1, 1, 1, 0, 1, 0
70437, 0, 1, 1, 0, 0, 0
70438, 0, 1, 1, 0, 0, 0
70439, 0, 1, 1, 0, 0, 0
70440, 0, 1, 1, 0, 0, 0
70441, 0, 1, 1, 0, 0, 0
70442, 0, 1, 1, 0, 0, 0
70443, 0, 1, 1, 0, 0, 0
70444, 0, 1, 1, 0, 0, 0
70445, 0, 1, 1, 0, 0, 0
70446, 0, 1, 1, 0, 0, 0
70447, 0, 1, 1, 0, 0, 0
52024, 1, 0, 0, 0, 1, 0
52029, 1, 0, 0, 0, 1, 0
52030, 2, 1, 1, 0, 2, 0
55624, 0, 1, 1, 0, 0, 0
55324, 1, 1, 1, 0, 1, 0
59539, 0, 1, 1, 0, 0, 0
125452, 0, 1, 1, 0, 0, 0
69998, 0, 2, 2, 0, 0, 0
69999, 0, 1, 1, 0, 0, 0
70000, 2, 1, 1, 0, 2, 0
96706, 0, 2, 1, 1, 0, 0
112888, 0, 2, 1, 1, 0, 0
123466, 0, 1, 0, 1, 0, 0
96396, 0, 1, 0, 1, 0, 0
52074, 3, 0, 0, 0, 2, 1
52075, 1, 1, 0, 1, 1, 0
52076, 1, 0, 0, 0, 1, 0
52078, 1, 0, 0, 0, 1, 0
52079, 1, 0, 0, 0, 1, 0
52080, 2, 0, 0, 0, 2, 0
52082, 1, 1, 1, 0, 1, 0
52083, 0, 1, 1, 0, 0, 0
52087, 1, 0, 0, 0, 1, 0
52088, 2, 0, 0, 0, 0, 2
52089, 1, 0, 0, 0, 1, 0
52095, 1, 1, 0, 1, 1, 0
52096, 1, 0, 0, 0, 0, 1
52097, 0, 1, 0, 1, 0, 0
52098, 4, 1, 1, 0, 4, 0
52099, 1, 0, 0, 0, 1, 0
126498, 0, 1, 0, 1, 0, 0
52101, 11, 0, 0, 0, 11, 0
52112, 1, 0, 0, 0, 0, 1
52113, 1, 1, 0, 1, 1, 0
52117, 1, 2, 2, 0, 0, 1
53081, 0, 1, 0, 1, 0, 0
52119, 1, 0, 0, 0, 0, 1
52120, 0, 2, 1, 1, 0, 0
52123, 1, 0, 0, 0, 1, 0
52124, 2, 1, 1, 0, 1, 1
52125, 1, 0, 0, 0, 1, 0
53891, 1, 1, 1, 0, 1, 0
52135, 1, 0, 0, 0, 1, 0
52138, 1, 0, 0, 0, 0, 1
52139, 1, 0, 0, 0, 0, 1
75243, 4, 3, 3, 0, 4, 0
75244, 0, 2, 2, 0, 0, 0
95052, 1, 1, 1, 0, 1, 0
52144, 1, 0, 0, 0, 1, 0
52145, 7, 3, 3, 0, 4, 3
52146, 1, 0, 0, 0, 0, 1
52147, 0, 1, 0, 1, 0, 0
52148, 1, 0, 0, 0, 1, 0
52149, 0, 1, 1, 0, 0, 0
52151, 1, 0, 0, 0, 1, 0
52153, 1, 0, 0, 0, 0, 1
52154, 1, 0, 0, 0, 1, 0
52157, 0, 1, 1, 0, 0, 0
68791, 3, 1, 1, 0, 3, 0
68792, 0, 1, 1, 0, 0, 0
52160, 1, 0, 0, 0, 1, 0
52162, 1, 0, 0, 0, 1, 0
52163, 1, 0, 0, 0, 0, 1
52164, 0, 2, 1, 1, 0, 0
52165, 2, 0, 0, 0, 2, 0
52166, 2, 0, 0, 0, 2, 0
52167, 1, 0, 0, 0, 1, 0
52169, 2, 0, 0, 0, 0, 2
52171, 1, 0, 0, 0, 0, 1
52172, 1, 0, 0, 0, 1, 0
52173, 2, 0, 0, 0, 1, 1
52174, 2, 0, 0, 0, 2, 0
52176, 1, 0, 0, 0, 1, 0
52177, 0, 2, 2, 0, 0, 0
52178, 1, 1, 1, 0, 1, 0
52179, 1, 1, 1, 0, 1, 0
52180, 1, 0, 0, 0, 1, 0
52181, 1, 1, 1, 0, 1, 0
52183, 3, 0, 0, 0, 2, 1
52184, 0, 2, 2, 0, 0, 0
52185, 0, 1, 0, 1, 0, 0
52186, 3, 1, 1, 0, 2, 1
52197, 1, 0, 0, 0, 0, 1
52198, 1, 0, 0, 0, 1, 0
52199, 1, 0, 0, 0, 1, 0
52203, 5, 0, 0, 0, 5, 0
52206, 1, 0, 0, 0, 1, 0
52209, 1, 1, 1, 0, 1, 0
52216, 0, 1, 1, 0, 0, 0
52217, 0, 1, 1, 0, 0, 0
52213, 1, 0, 0, 0, 1, 0
52215, 0, 1, 1, 0, 0, 0
115196, 1, 1, 1, 0, 1, 0
52245, 1, 1, 0, 1, 0, 1
52246, 1, 0, 0, 0, 0, 1
52247, 3, 0, 0, 0, 3, 0
80834, 3, 1, 1, 0, 3, 0
99152, 0, 1, 1, 0, 0, 0
99153, 0, 1, 1, 0, 0, 0
52252, 1, 0, 0, 0, 1, 0
52254, 1, 0, 0, 0, 1, 0
52255, 5, 0, 0, 0, 3, 2
78733, 2, 1, 1, 0, 2, 0
78735, 0, 2, 2, 0, 0, 0
52267, 2, 0, 0, 0, 2, 0
52268, 1, 0, 0, 0, 0, 1
52269, 1, 0, 0, 0, 1, 0
52270, 1, 0, 0, 0, 0, 1
52271, 7, 0, 0, 0, 3, 4
52273, 0, 1, 1, 0, 0, 0
52275, 1, 1, 0, 1, 1, 0
52277, 0, 1, 0, 1, 0, 0
83070, 1, 2, 2, 0, 1, 0
92608, 0, 1, 1, 0, 0, 0
92609, 0, 1, 1, 0, 0, 0
75951, 1, 2, 2, 0, 1, 0
83242, 0, 1, 1, 0, 0, 0
52281, 1, 0, 0, 0, 1, 0
52286, 1, 1, 1, 0, 1, 0
52288, 2, 0, 0, 0, 2, 0
52291, 3, 1, 1, 0, 3, 0
52293, 8, 1, 1, 0, 8, 0
52294, 1, 0, 0, 0, 1, 0
52295, 0, 1, 1, 0, 0, 0
52296, 2, 1, 1, 0, 2, 0
52298, 0, 1, 1, 0, 0, 0
61008, 7, 1, 1, 0, 6, 1
70747, 3, 1, 1, 0, 3, 0
76413, 1, 1, 1, 0, 1, 0
52299, 1, 0, 0, 0, 0, 1
52300, 1, 0, 0, 0, 1, 0
52301, 1, 0, 0, 0, 1, 0
52303, 2, 1, 1, 0, 2, 0
52305, 2, 2, 2, 0, 2, 0
52310, 1, 0, 0, 0, 0, 1
87182, 0, 1, 1, 0, 0, 0
88565, 1, 1, 1, 0, 1, 0
52340, 1, 0, 0, 0, 1, 0
52349, 1, 0, 0, 0, 1, 0
52350, 1, 1, 1, 0, 0, 1
59694, 0, 1, 1, 0, 0, 0
52839, 2, 1, 0, 1, 1, 1
53504, 0, 2, 0, 2, 0, 0
52360, 1, 0, 0, 0, 1, 0
52361, 1, 0, 0, 0, 1, 0
52365, 1, 0, 0, 0, 1, 0
52366, 1, 0, 0, 0, 1, 0
52367, 1, 2, 2, 0, 1, 0
52368, 2, 0, 0, 0, 2, 0
52369, 1, 0, 0, 0, 1, 0
52373, 1, 1, 1, 0, 0, 1
52374, 2, 0, 0, 0, 2, 0
55362, 4, 2, 2, 0, 2, 2
55613, 0, 1, 1, 0, 0, 0
52377, 1, 0, 0, 0, 1, 0
52382, 1, 0, 0, 0, 0, 1
52383, 1, 0, 0, 0, 1, 0
58329, 0, 1, 1, 0, 0, 0
52386, 1, 0, 0, 0, 1, 0
52387, 2, 0, 0, 0, 1, 1
52389, 1, 0, 0, 0, 1, 0
52395, 1, 0, 0, 0, 1, 0
60488, 1, 1, 1, 0, 1, 0
61245, 1, 1, 1, 0, 1, 0
52397, 1, 0, 0, 0, 1, 0
52398, 0, 2, 2, 0, 0, 0
52399, 1, 0, 0, 0, 0, 1
52400, 1, 0, 0, 0, 1, 0
52402, 0, 2, 1, 1, 0, 0
52403, 1, 0, 0, 0, 1, 0
52404, 3, 0, 0, 0, 2, 1
52405, 0, 1, 1, 0, 0, 0
52406, 1, 0, 0, 0, 0, 1
52407, 2, 0, 0, 0, 2, 0
52409, 1, 0, 0, 0, 1, 0
52410, 2, 0, 0, 0, 2, 0
52413, 1, 0, 0, 0, 1, 0
52414, 3, 0, 0, 0, 1, 2
52417, 1, 1, 1, 0, 1, 0
52418, 2, 2, 2, 0, 2, 0
52419, 1, 0, 0, 0, 1, 0
52420, 2, 0, 0, 0, 2, 0
52422, 1, 0, 0, 0, 1, 0
52424, 2, 0, 0, 0, 1, 1
52426, 1, 0, 0, 0, 1, 0
52427, 0, 1, 1, 0, 0, 0
52429, 1, 0, 0, 0, 1, 0
52431, 1, 0, 0, 0, 1, 0
52432, 0, 1, 1, 0, 0, 0
90165, 3, 1, 1, 0, 2, 1
52437, 1, 0, 0, 0, 1, 0
52438, 4, 0, 0, 0, 2, 2
89450, 2, 1, 1, 0, 2, 0
52441, 1, 0, 0, 0, 1, 0
52443, 1, 1, 1, 0, 1, 0
52444, 1, 1, 1, 0, 0, 1
52446, 1, 0, 0, 0, 1, 0
52447, 1, 0, 0, 0, 1, 0
52448, 1, 0, 0, 0, 1, 0
52449, 1, 0, 0, 0, 1, 0
52450, 1, 0, 0, 0, 1, 0
52452, 1, 0, 0, 0, 1, 0
52453, 1, 0, 0, 0, 0, 1
52454, 3, 0, 0, 0, 3, 0
52457, 1, 0, 0, 0, 1, 0
52459, 3, 0, 0, 0, 3, 0
52461, 2, 0, 0, 0, 2, 0
52462, 4, 0, 0, 0, 1, 3
52463, 21, 0, 0, 0, 20, 1
52464, 0, 1, 1, 0, 0, 0
52467, 1, 0, 0, 0, 1, 0
78760, 1, 1, 1, 0, 1, 0
52470, 1, 0, 0, 0, 1, 0
52471, 2, 0, 0, 0, 1, 1
71348, 0, 1, 1, 0, 0, 0
77081, 1, 1, 1, 0, 1, 0
52481, 1, 0, 0, 0, 1, 0
52487, 1, 1, 1, 0, 1, 0
52492, 3, 0, 0, 0, 2, 1
52494, 2, 2, 1, 1, 2, 0
52496, 0, 1, 1, 0, 0, 0
52497, 3, 0, 0, 0, 2, 1
52498, 2, 0, 0, 0, 1, 1
52499, 2, 0, 0, 0, 2, 0
55174, 4, 2, 2, 0, 4, 0
63833, 1, 1, 1, 0, 1, 0
68615, 0, 2, 2, 0, 0, 0
68620, 0, 2, 2, 0, 0, 0
84119, 0, 1, 1, 0, 0, 0
84121, 0, 1, 1, 0, 0, 0
52503, 1, 0, 0, 0, 1, 0
111701, 0, 1, 1, 0, 0, 0
52506, 1, 0, 0, 0, 0, 1
52507, 3, 0, 0, 0, 2, 1
79615, 5, 1, 1, 0, 5, 0
80271, 0, 2, 2, 0, 0, 0
52509, 1, 0, 0, 0, 0, 1
52511, 1, 0, 0, 0, 0, 1
52512, 1, 0, 0, 0, 1, 0
52513, 1, 0, 0, 0, 1, 0
52514, 0, 1, 1, 0, 0, 0
52990, 0, 2, 2, 0, 0, 0
52539, 1, 0, 0, 0, 1, 0
52540, 1, 0, 0, 0, 0, 1
77364, 0, 1, 1, 0, 0, 0
68939, 7, 33, 33, 0, 7, 0
68940, 7, 29, 29, 0, 7, 0
68941, 6, 28, 28, 0, 6, 0
68942, 6, 35, 35, 0, 6, 0
73394, 5, 1, 1, 0, 5, 0
74659, 5, 1, 1, 0, 5, 0
74661, 5, 1, 1, 0, 5, 0
74663, 5, 1, 1, 0, 5, 0
74664, 5, 1, 1, 0, 5, 0
74666, 5, 1, 1, 0, 5, 0
74667, 5, 1, 1, 0, 5, 0
74668, 5, 1, 1, 0, 5, 0
74773, 8, 1, 1, 0, 8, 0
74775, 4, 13, 13, 0, 4, 0
74776, 7, 1, 1, 0, 7, 0
75609, 0, 5, 5, 0, 0, 0
75611, 6, 1, 1, 0, 6, 0
76805, 8, 1, 1, 0, 8, 0
76806, 7, 3, 3, 0, 7, 0
77118, 10, 1, 1, 0, 10, 0
77119, 6, 2, 2, 0, 6, 0
77121, 6, 2, 2, 0, 6, 0
77900, 6, 1, 1, 0, 6, 0
81062, 0, 1, 1, 0, 0, 0
81063, 0, 1, 0, 1, 0, 0
129556, 0, 1, 0, 1, 0, 0
52550, 2, 0, 0, 0, 2, 0
52551, 1, 0, 0, 0, 1, 0
52553, 1, 0, 0, 0, 1, 0
52555, 0, 1, 1, 0, 0, 0
52556, 2, 0, 0, 0, 1, 1
52559, 1, 0, 0, 0, 1, 0
52560, 1, 0, 0, 0, 1, 0
65734, 1, 1, 1, 0, 1, 0
65981, 1, 2, 2, 0, 1, 0
52562, 3, 0, 0, 0, 0, 3
52563, 1, 0, 0, 0, 1, 0
52564, 1, 5, 5, 0, 1, 0
82605, 0, 1, 1, 0, 0, 0
52565, 1, 0, 0, 0, 1, 0
52570, 1, 0, 0, 0, 1, 0
52571, 3, 1, 1, 0, 0, 3
52572, 2, 1, 0, 1, 0, 2
52573, 0, 1, 0, 1, 0, 0
52574, 0, 1, 0, 1, 0, 0
52575, 1, 0, 0, 0, 1, 0
52576, 1, 0, 0, 0, 1, 0
52581, 1, 0, 0, 0, 1, 0
52582, 1, 0, 0, 0, 1, 0
52583, 1, 4, 4, 0, 1, 0
52725, 2, 1, 1, 0, 2, 0
52586, 7, 1, 1, 0, 5, 2
52587, 0, 1, 1, 0, 0, 0
94278, 0, 1, 1, 0, 0, 0
105035, 0, 1, 1, 0, 0, 0
53040, 2, 2, 1, 1, 2, 0
53865, 0, 1, 1, 0, 0, 0
52589, 1, 0, 0, 0, 1, 0
52590, 0, 1, 1, 0, 0, 0
52591, 3, 0, 0, 0, 3, 0
52596, 1, 0, 0, 0, 1, 0
52597, 1, 1, 1, 0, 1, 0
52598, 3, 1, 1, 0, 3, 0
52599, 1, 0, 0, 0, 1, 0
52600, 0, 1, 1, 0, 0, 0
52601, 1, 0, 0, 0, 1, 0
76692, 0, 1, 1, 0, 0, 0
52603, 1, 0, 0, 0, 1, 0
52604, 1, 0, 0, 0, 1, 0
52607, 0, 1, 1, 0, 0, 0
52608, 1, 0, 0, 0, 1, 0
52609, 3, 0, 0, 0, 2, 1
84234, 1, 1, 1, 0, 1, 0
52612, 1, 0, 0, 0, 1, 0
52614, 2, 0, 0, 0, 1, 1
52618, 4, 0, 0, 0, 4, 0
52620, 1, 0, 0, 0, 1, 0
59900, 0, 3, 1, 2, 0, 0
52623, 2, 0, 0, 0, 1, 1
52624, 0, 2, 2, 0, 0, 0
66951, 2, 2, 2, 0, 2, 0
81747, 1, 1, 1, 0, 1, 0
82200, 0, 1, 1, 0, 0, 0
82202, 0, 1, 1, 0, 0, 0
52630, 4, 4, 4, 0, 4, 0
52631, 0, 2, 2, 0, 0, 0
75828, 0, 1, 1, 0, 0, 0
52638, 1, 0, 0, 0, 0, 1
52639, 3, 0, 0, 0, 2, 1
52640, 2, 0, 0, 0, 2, 0
70797, 1, 4, 4, 0, 1, 0
52644, 1, 0, 0, 0, 1, 0
52645, 1, 0, 0, 0, 1, 0
52646, 0, 2, 1, 1, 0, 0
52647, 1, 0, 0, 0, 1, 0
52648, 1, 0, 0, 0, 1, 0
52649, 1, 0, 0, 0, 1, 0
52650, 1, 0, 0, 0, 0, 1
52651, 1, 0, 0, 0, 1, 0
52652, 3, 0, 0, 0, 3, 0
52653, 1, 0, 0, 0, 0, 1
52655, 1, 0, 0, 0, 1, 0
52656, 1, 0, 0, 0, 0, 1
52657, 1, 1, 0, 1, 1, 0
52659, 1, 0, 0, 0, 0, 1
52660, 0, 2, 0, 2, 0, 0
52661, 1, 0, 0, 0, 1, 0
52663, 1, 0, 0, 0, 1, 0
52664, 0, 2, 1, 1, 0, 0
52665, 1, 0, 0, 0, 1, 0
84704, 0, 1, 0, 1, 0, 0
84705, 0, 1, 0, 1, 0, 0
84706, 0, 1, 0, 1, 0, 0
84707, 0, 1, 0, 1, 0, 0
84709, 0, 1, 0, 1, 0, 0
52668, 1, 0, 0, 0, 1, 0
52670, 3, 1, 1, 0, 3, 0
52672, 0, 2, 2, 0, 0, 0
64519, 0, 1, 1, 0, 0, 0
52673, 1, 0, 0, 0, 0, 1
58081, 0, 1, 0, 1, 0, 0
52675, 3, 0, 0, 0, 3, 0
52676, 1, 0, 0, 0, 1, 0
52679, 1, 0, 0, 0, 0, 1
52680, 1, 0, 0, 0, 1, 0
52681, 0, 1, 1, 0, 0, 0
52683, 1, 0, 0, 0, 0, 1
52684, 1, 0, 0, 0, 1, 0
52685, 1, 0, 0, 0, 1, 0
52686, 1, 0, 0, 0, 1, 0
52687, 1, 0, 0, 0, 1, 0
52689, 1, 0, 0, 0, 1, 0
52690, 1, 0, 0, 0, 1, 0
52692, 1, 0, 0, 0, 1, 0
52694, 2, 0, 0, 0, 2, 0
52695, 1, 0, 0, 0, 1, 0
52696, 4, 0, 0, 0, 0, 4
52697, 0, 2, 1, 1, 0, 0
52699, 2, 0, 0, 0, 0, 2
79057, 0, 1, 1, 0, 0, 0
52701, 2, 0, 0, 0, 2, 0
52707, 1, 0, 0, 0, 0, 1
52708, 2, 0, 0, 0, 2, 0
52710, 1, 0, 0, 0, 1, 0
52711, 1, 0, 0, 0, 1, 0
52712, 1, 0, 0, 0, 1, 0
52713, 1, 0, 0, 0, 1, 0
52715, 1, 0, 0, 0, 0, 1
75920, 0, 1, 1, 0, 0, 0
52718, 1, 2, 2, 0, 1, 0
52721, 1, 0, 0, 0, 1, 0
52722, 1, 0, 0, 0, 1, 0
52723, 1, 0, 0, 0, 1, 0
52724, 2, 1, 1, 0, 2, 0
52726, 0, 1, 1, 0, 0, 0
52727, 1, 0, 0, 0, 0, 1
52728, 0, 1, 0, 1, 0, 0
52729, 1, 0, 0, 0, 0, 1
52730, 1, 0, 0, 0, 1, 0
52731, 0, 3, 3, 0, 0, 0
52732, 1, 0, 0, 0, 0, 1
52737, 1, 0, 0, 0, 1, 0
52738, 8, 0, 0, 0, 7, 1
52741, 1, 0, 0, 0, 1, 0
52742, 3, 0, 0, 0, 3, 0
52745, 1, 0, 0, 0, 1, 0
52746, 2, 0, 0, 0, 0, 2
52747, 1, 0, 0, 0, 0, 1
52749, 1, 0, 0, 0, 1, 0
52750, 1, 1, 1, 0, 1, 0
52753, 1, 0, 0, 0, 1, 0
52754, 1, 0, 0, 0, 1, 0
52756, 0, 1, 1, 0, 0, 0
52757, 1, 0, 0, 0, 1, 0
52759, 1, 0, 0, 0, 1, 0
52761, 3, 0, 0, 0, 2, 1
59508, 6, 1, 1, 0, 5, 1
59651, 2, 3, 3, 0, 2, 0
60587, 3, 1, 1, 0, 3, 0
60588, 3, 4, 4, 0, 3, 0
60589, 0, 3, 3, 0, 0, 0
65913, 9, 2, 2, 0, 9, 0
73878, 0, 2, 2, 0, 0, 0
74221, 12, 3, 3, 0, 12, 0
74755, 2, 3, 3, 0, 2, 0
78867, 3, 4, 4, 0, 3, 0
80012, 5, 1, 1, 0, 5, 0
80013, 0, 1, 1, 0, 0, 0
80014, 2, 1, 1, 0, 2, 0
80015, 0, 2, 2, 0, 0, 0
80016, 0, 2, 2, 0, 0, 0
80022, 1, 2, 2, 0, 1, 0
80023, 0, 1, 1, 0, 0, 0
80024, 0, 2, 2, 0, 0, 0
80025, 0, 1, 1, 0, 0, 0
73551, 0, 2, 2, 0, 0, 0
86113, 0, 1, 1, 0, 0, 0
85767, 0, 1, 1, 0, 0, 0
97754, 0, 1, 1, 0, 0, 0
107515, 1, 1, 1, 0, 1, 0
90693, 2, 1, 1, 0, 2, 0
52796, 1, 0, 0, 0, 1, 0
52797, 0, 1, 1, 0, 0, 0
52798, 1, 0, 0, 0, 1, 0
52799, 1, 0, 0, 0, 1, 0
52801, 1, 0, 0, 0, 1, 0
52802, 0, 2, 2, 0, 0, 0
52803, 1, 0, 0, 0, 1, 0
52804, 1, 0, 0, 0, 1, 0
52810, 1, 0, 0, 0, 1, 0
74316, 0, 1, 1, 0, 0, 0
52817, 1, 0, 0, 0, 1, 0
52818, 1, 0, 0, 0, 1, 0
52819, 1, 0, 0, 0, 1, 0
52821, 1, 0, 0, 0, 1, 0
52823, 1, 0, 0, 0, 1, 0
52827, 0, 1, 1, 0, 0, 0
61908, 0, 1, 0, 1, 0, 0
52830, 1, 0, 0, 0, 0, 1
52831, 2, 0, 0, 0, 0, 2
52832, 1, 3, 2, 1, 1, 0
90445, 1, 2, 2, 0, 1, 0
52833, 2, 0, 0, 0, 2, 0
52834, 1, 1, 1, 0, 1, 0
52835, 1, 0, 0, 0, 0, 1
52836, 1, 0, 0, 0, 1, 0
52837, 1, 0, 0, 0, 1, 0
52838, 0, 1, 1, 0, 0, 0
52840, 1, 0, 0, 0, 1, 0
55867, 1, 1, 1, 0, 0, 1
56323, 0, 1, 1, 0, 0, 0
56324, 0, 1, 1, 0, 0, 0
56325, 0, 1, 1, 0, 0, 0
52847, 1, 0, 0, 0, 1, 0
52848, 0, 1, 1, 0, 0, 0
52850, 20, 0, 0, 0, 0, 20
52853, 0, 1, 0, 1, 0, 0
52854, 0, 1, 0, 1, 0, 0
103661, 1, 1, 1, 0, 1, 0
52855, 1, 0, 0, 0, 1, 0
52856, 0, 1, 1, 0, 0, 0
52857, 1, 0, 0, 0, 1, 0
52860, 2, 0, 0, 0, 2, 0
52861, 1, 0, 0, 0, 1, 0
52862, 3, 1, 1, 0, 2, 1
52864, 1, 0, 0, 0, 1, 0
52872, 1, 0, 0, 0, 0, 1
52873, 0, 1, 0, 1, 0, 0
52874, 1, 0, 0, 0, 0, 1
52875, 1, 0, 0, 0, 1, 0
52876, 1, 2, 2, 0, 1, 0
52877, 1, 0, 0, 0, 0, 1
52878, 1, 1, 0, 1, 1, 0
52879, 1, 1, 1, 0, 1, 0
67615, 0, 1, 1, 0, 0, 0
52881, 1, 0, 0, 0, 1, 0
52882, 1, 0, 0, 0, 1, 0
52883, 1, 0, 0, 0, 1, 0
52885, 1, 0, 0, 0, 1, 0
80426, 1, 1, 1, 0, 1, 0
52887, 1, 0, 0, 0, 1, 0
52888, 3, 2, 2, 0, 3, 0
52892, 2, 0, 0, 0, 2, 0
52893, 1, 0, 0, 0, 0, 1
52895, 1, 0, 0, 0, 1, 0
52896, 1, 0, 0, 0, 0, 1
52898, 1, 0, 0, 0, 1, 0
52903, 1, 0, 0, 0, 1, 0
52904, 1, 0, 0, 0, 1, 0
52905, 2, 0, 0, 0, 1, 1
52916, 6, 2, 2, 0, 4, 2
52917, 4, 2, 2, 0, 3, 1
54144, 0, 1, 1, 0, 0, 0
52922, 2, 0, 0, 0, 2, 0
52923, 0, 1, 1, 0, 0, 0
52925, 1, 1, 1, 0, 1, 0
52927, 1, 0, 0, 0, 0, 1
52928, 0, 1, 0, 1, 0, 0
52929, 4, 1, 1, 0, 1, 3
52933, 1, 0, 0, 0, 1, 0
52934, 0, 2, 2, 0, 0, 0
52935, 1, 0, 0, 0, 1, 0
52936, 1, 0, 0, 0, 1, 0
52938, 1, 0, 0, 0, 1, 0
52939, 0, 1, 1, 0, 0, 0
52942, 4, 0, 0, 0, 4, 0
52943, 1, 1, 1, 0, 1, 0
52944, 1, 0, 0, 0, 1, 0
52945, 1, 0, 0, 0, 1, 0
52946, 0, 1, 1, 0, 0, 0
52947, 1, 0, 0, 0, 1, 0
52948, 9, 4, 4, 0, 8, 1
53622, 1, 1, 1, 0, 1, 0
53636, 1, 2, 2, 0, 1, 0
59899, 1, 1, 1, 0, 1, 0
52949, 1, 0, 0, 0, 1, 0
59090, 2, 2, 2, 0, 2, 0
52951, 1, 0, 0, 0, 0, 1
52952, 1, 0, 0, 0, 1, 0
52953, 1, 0, 0, 0, 1, 0
52954, 1, 0, 0, 0, 1, 0
52955, 2, 0, 0, 0, 1, 1
52956, 0, 1, 0, 1, 0, 0
52957, 1, 0, 0, 0, 1, 0
52958, 0, 1, 1, 0, 0, 0
52959, 1, 0, 0, 0, 1, 0
52960, 0, 1, 1, 0, 0, 0
52963, 1, 0, 0, 0, 1, 0
52967, 1, 0, 0, 0, 0, 1
52968, 1, 0, 0, 0, 1, 0
52969, 1, 0, 0, 0, 1, 0
80486, 0, 1, 1, 0, 0, 0
52978, 1, 0, 0, 0, 0, 1
71528, 2, 3, 2, 1, 2, 0
57992, 1, 1, 1, 0, 1, 0
65274, 0, 1, 1, 0, 0, 0
65275, 0, 1, 1, 0, 0, 0
65276, 0, 1, 1, 0, 0, 0
52982, 1, 0, 0, 0, 1, 0
52984, 2, 0, 0, 0, 2, 0
52985, 1, 0, 0, 0, 1, 0
75644, 2, 1, 1, 0, 2, 0
75645, 1, 2, 2, 0, 1, 0
75717, 1, 1, 1, 0, 1, 0
57669, 0, 1, 1, 0, 0, 0
52993, 1, 0, 0, 0, 1, 0
52998, 1, 0, 0, 0, 0, 1
52999, 0, 1, 0, 1, 0, 0
53002, 1, 0, 0, 0, 1, 0
53003, 0, 1, 1, 0, 0, 0
53004, 1, 0, 0, 0, 1, 0
53005, 1, 0, 0, 0, 1, 0
53006, 1, 0, 0, 0, 1, 0
53007, 7, 0, 0, 0, 5, 2
53012, 2, 0, 0, 0, 1, 1
53013, 1, 0, 0, 0, 1, 0
53014, 3, 0, 0, 0, 3, 0
53017, 1, 0, 0, 0, 1, 0
53018, 1, 1, 1, 0, 0, 1
53020, 2, 0, 0, 0, 2, 0
53021, 1, 0, 0, 0, 1, 0
53023, 1, 0, 0, 0, 1, 0
53027, 1, 0, 0, 0, 1, 0
53029, 14, 2, 2, 0, 11, 3
89402, 5, 1, 1, 0, 3, 2
99511, 0, 1, 0, 1, 0, 0
103617, 0, 1, 1, 0, 0, 0
53030, 1, 0, 0, 0, 1, 0
53031, 0, 1, 1, 0, 0, 0
53033, 6, 1, 1, 0, 1, 5
55833, 1, 1, 1, 0, 1, 0
57212, 1, 1, 0, 1, 1, 0
53036, 1, 0, 0, 0, 1, 0
53038, 2, 0, 0, 0, 2, 0
53039, 4, 0, 0, 0, 4, 0
53041, 1, 1, 1, 0, 1, 0
53043, 2, 0, 0, 0, 1, 1
53044, 1, 0, 0, 0, 0, 1
53045, 1, 0, 0, 0, 1, 0
53046, 1, 0, 0, 0, 1, 0
53048, 1, 0, 0, 0, 0, 1
53049, 1, 0, 0, 0, 1, 0
53051, 2, 1, 1, 0, 2, 0
53052, 1, 2, 2, 0, 1, 0
53053, 9, 0, 0, 0, 9, 0
53054, 2, 0, 0, 0, 2, 0
53057, 1, 1, 1, 0, 1, 0
53059, 4, 1, 1, 0, 4, 0
70950, 0, 1, 1, 0, 0, 0
53064, 5, 0, 0, 0, 4, 1
53065, 1, 0, 0, 0, 0, 1
53067, 1, 0, 0, 0, 1, 0
53069, 0, 2, 1, 1, 0, 0
53072, 2, 0, 0, 0, 2, 0
53073, 1, 0, 0, 0, 1, 0
53075, 1, 0, 0, 0, 1, 0
53076, 1, 0, 0, 0, 1, 0
53077, 1, 0, 0, 0, 0, 1
53079, 1, 0, 0, 0, 1, 0
53080, 3, 1, 1, 0, 3, 0
77045, 2, 2, 2, 0, 2, 0
82541, 0, 1, 1, 0, 0, 0
82542, 1, 1, 1, 0, 1, 0
53086, 1, 0, 0, 0, 1, 0
53089, 1, 0, 0, 0, 1, 0
53091, 1, 0, 0, 0, 1, 0
53092, 0, 1, 1, 0, 0, 0
53096, 3, 0, 0, 0, 3, 0
53097, 0, 1, 1, 0, 0, 0
53098, 0, 1, 1, 0, 0, 0
53099, 1, 0, 0, 0, 1, 0
53100, 1, 0, 0, 0, 0, 1
53101, 2, 2, 1, 1, 2, 0
53102, 2, 0, 0, 0, 1, 1
53104, 1, 0, 0, 0, 1, 0
53107, 0, 1, 1, 0, 0, 0
53108, 1, 0, 0, 0, 0, 1
53110, 1, 0, 0, 0, 0, 1
53111, 1, 0, 0, 0, 1, 0
53112, 1, 1, 1, 0, 1, 0
53113, 0, 1, 1, 0, 0, 0
63368, 5, 5, 5, 0, 5, 0
65616, 0, 3, 3, 0, 0, 0
53137, 0, 1, 1, 0, 0, 0
53138, 0, 1, 1, 0, 0, 0
76535, 0, 1, 1, 0, 0, 0
76536, 0, 1, 1, 0, 0, 0
76537, 0, 1, 1, 0, 0, 0
53132, 2, 0, 0, 0, 2, 0
53135, 1, 0, 0, 0, 1, 0
53136, 1, 0, 0, 0, 1, 0
53139, 1, 0, 0, 0, 1, 0
69339, 0, 1, 1, 0, 0, 0
121667, 0, 1, 1, 0, 0, 0
53151, 1, 0, 0, 0, 1, 0
53152, 0, 1, 1, 0, 0, 0
53154, 1, 0, 0, 0, 1, 0
53155, 1, 0, 0, 0, 1, 0
53156, 2, 0, 0, 0, 0, 2
53159, 2, 0, 0, 0, 2, 0
53160, 3, 0, 0, 0, 1, 2
53162, 1, 0, 0, 0, 1, 0
53163, 1, 0, 0, 0, 1, 0
53164, 0, 1, 1, 0, 0, 0
53165, 1, 0, 0, 0, 1, 0
53166, 1, 0, 0, 0, 0, 1
53170, 2, 0, 0, 0, 1, 1
74172, 1, 3, 3, 0, 1, 0
75847, 4, 7, 7, 0, 4, 0
79461, 1, 2, 2, 0, 1, 0
79463, 2, 1, 1, 0, 2, 0
53173, 2, 0, 0, 0, 2, 0
53175, 1, 0, 0, 0, 1, 0
53176, 1, 0, 0, 0, 1, 0
53177, 1, 0, 0, 0, 1, 0
53178, 0, 2, 2, 0, 0, 0
53179, 1, 0, 0, 0, 0, 1
53180, 1, 0, 0, 0, 0, 1
53181, 1, 0, 0, 0, 0, 1
53182, 1, 0, 0, 0, 1, 0
53184, 2, 0, 0, 0, 2, 0
53185, 1, 0, 0, 0, 1, 0
53188, 1, 0, 0, 0, 0, 1
53190, 0, 1, 0, 1, 0, 0
53191, 1, 0, 0, 0, 0, 1
53192, 1, 1, 1, 0, 1, 0
53193, 1, 0, 0, 0, 1, 0
53194, 1, 0, 0, 0, 1, 0
53201, 2, 0, 0, 0, 2, 0
53205, 1, 0, 0, 0, 0, 1
53207, 1, 0, 0, 0, 1, 0
53212, 3, 0, 0, 0, 3, 0
53213, 2, 0, 0, 0, 1, 1
53215, 1, 0, 0, 0, 1, 0
53216, 1, 0, 0, 0, 1, 0
53217, 1, 0, 0, 0, 1, 0
53218, 2, 0, 0, 0, 2, 0
53222, 2, 0, 0, 0, 2, 0
53223, 2, 4, 4, 0, 2, 0
88175, 1, 2, 2, 0, 1, 0
53937, 0, 1, 1, 0, 0, 0
53226, 1, 0, 0, 0, 1, 0
53228, 2, 0, 0, 0, 2, 0
56782, 1, 1, 1, 0, 1, 0
61221, 3, 1, 1, 0, 3, 0
53232, 1, 0, 0, 0, 1, 0
53233, 1, 1, 1, 0, 1, 0
53235, 1, 0, 0, 0, 1, 0
53236, 1, 0, 0, 0, 1, 0
53239, 1, 0, 0, 0, 0, 1
53240, 7, 0, 0, 0, 5, 2
53242, 1, 0, 0, 0, 1, 0
53243, 7, 1, 1, 0, 7, 0
53724, 1, 1, 1, 0, 1, 0
53726, 0, 1, 1, 0, 0, 0
93635, 1, 1, 1, 0, 1, 0
53245, 1, 1, 1, 0, 0, 1
53246, 2, 0, 0, 0, 1, 1
53247, 0, 1, 0, 1, 0, 0
53248, 1, 0, 0, 0, 0, 1
53249, 1, 0, 0, 0, 0, 1
53250, 1, 0, 0, 0, 0, 1
53251, 1, 0, 0, 0, 1, 0
53254, 1, 0, 0, 0, 1, 0
68740, 0, 1, 1, 0, 0, 0
53256, 1, 1, 0, 1, 0, 1
113020, 2, 1, 1, 0, 2, 0
53262, 1, 1, 1, 0, 1, 0
53266, 1, 0, 0, 0, 1, 0
53267, 1, 0, 0, 0, 1, 0
53268, 1, 0, 0, 0, 0, 1
53269, 1, 0, 0, 0, 0, 1
53271, 1, 0, 0, 0, 1, 0
53272, 0, 3, 3, 0, 0, 0
53273, 1, 1, 1, 0, 1, 0
53274, 1, 0, 0, 0, 1, 0
53276, 1, 0, 0, 0, 0, 1
53277, 2, 0, 0, 0, 2, 0
53278, 2, 0, 0, 0, 2, 0
53280, 1, 0, 0, 0, 1, 0
53281, 0, 1, 1, 0, 0, 0
53282, 3, 0, 0, 0, 2, 1
53283, 1, 0, 0, 0, 1, 0
54128, 4, 2, 2, 0, 4, 0
53603, 2, 1, 1, 0, 2, 0
53288, 2, 1, 1, 0, 2, 0
53307, 1, 0, 0, 0, 1, 0
53308, 1, 0, 0, 0, 1, 0
53309, 0, 1, 1, 0, 0, 0
53310, 1, 0, 0, 0, 1, 0
53311, 2, 0, 0, 0, 0, 2
53313, 1, 0, 0, 0, 0, 1
53314, 0, 3, 0, 3, 0, 0
53315, 1, 0, 0, 0, 0, 1
53316, 1, 0, 0, 0, 0, 1
53319, 2, 0, 0, 0, 2, 0
53320, 1, 0, 0, 0, 0, 1
53321, 2, 0, 0, 0, 2, 0
53322, 1, 0, 0, 0, 1, 0
53324, 1, 1, 1, 0, 1, 0
53325, 4, 0, 0, 0, 4, 0
53326, 0, 1, 1, 0, 0, 0
53327, 0, 1, 1, 0, 0, 0
53328, 0, 1, 1, 0, 0, 0
53329, 1, 0, 0, 0, 1, 0
53331, 1, 0, 0, 0, 1, 0
53332, 0, 1, 1, 0, 0, 0
53333, 1, 0, 0, 0, 1, 0
53335, 1, 0, 0, 0, 0, 1
53337, 1, 0, 0, 0, 1, 0
53338, 1, 0, 0, 0, 1, 0
53339, 1, 0, 0, 0, 1, 0
53340, 1, 0, 0, 0, 1, 0
53341, 1, 0, 0, 0, 1, 0
53342, 0, 1, 1, 0, 0, 0
53343, 2, 0, 0, 0, 0, 2
53346, 2, 0, 0, 0, 1, 1
53347, 1, 0, 0, 0, 1, 0
57464, 1, 1, 1, 0, 1, 0
53354, 1, 0, 0, 0, 0, 1
53357, 1, 0, 0, 0, 1, 0
53358, 1, 0, 0, 0, 1, 0
53359, 1, 0, 0, 0, 1, 0
53360, 3, 0, 0, 0, 1, 2
53361, 1, 0, 0, 0, 0, 1
53362, 9, 0, 0, 0, 9, 0
53363, 1, 0, 0, 0, 0, 1
53364, 3, 0, 0, 0, 3, 0
53367, 1, 0, 0, 0, 0, 1
53368, 2, 0, 0, 0, 2, 0
53369, 2, 0, 0, 0, 0, 2
53370, 1, 0, 0, 0, 1, 0
53371, 1, 0, 0, 0, 1, 0
53374, 0, 1, 0, 1, 0, 0
53375, 1, 0, 0, 0, 1, 0
53376, 1, 0, 0, 0, 1, 0
53377, 1, 0, 0, 0, 1, 0
53378, 1, 0, 0, 0, 0, 1
53379, 1, 0, 0, 0, 1, 0
53380, 1, 0, 0, 0, 1, 0
53381, 1, 0, 0, 0, 1, 0
53382, 1, 0, 0, 0, 0, 1
53383, 1, 0, 0, 0, 1, 0
53384, 1, 0, 0, 0, 0, 1
53386, 2, 0, 0, 0, 0, 2
53387, 0, 1, 0, 1, 0, 0
53388, 2, 0, 0, 0, 2, 0
53389, 1, 3, 3, 0, 1, 0
53394, 8, 7, 7, 0, 8, 0
72949, 0, 1, 1, 0, 0, 0
53391, 1, 0, 0, 0, 1, 0
53392, 2, 0, 0, 0, 0, 2
53393, 1, 0, 0, 0, 1, 0
53395, 1, 0, 0, 0, 1, 0
53396, 1, 0, 0, 0, 0, 1
53400, 1, 0, 0, 0, 0, 1
53401, 1, 0, 0, 0, 1, 0
53402, 1, 0, 0, 0, 1, 0
53403, 14, 2, 2, 0, 13, 1
53404, 1, 0, 0, 0, 1, 0
53406, 1, 0, 0, 0, 1, 0
53408, 2, 0, 0, 0, 2, 0
53409, 1, 0, 0, 0, 0, 1
53410, 1, 0, 0, 0, 1, 0
53411, 1, 0, 0, 0, 1, 0
53413, 1, 0, 0, 0, 1, 0
53415, 1, 0, 0, 0, 1, 0
53416, 0, 1, 1, 0, 0, 0
53417, 2, 0, 0, 0, 1, 1
53418, 1, 0, 0, 0, 0, 1
53420, 1, 0, 0, 0, 1, 0
53421, 1, 0, 0, 0, 1, 0
53422, 1, 0, 0, 0, 1, 0
53423, 1, 1, 1, 0, 1, 0
53424, 1, 0, 0, 0, 1, 0
53430, 1, 0, 0, 0, 0, 1
53433, 1, 0, 0, 0, 1, 0
53434, 2, 2, 1, 1, 2, 0
85406, 0, 1, 1, 0, 0, 0
53436, 1, 0, 0, 0, 0, 1
53437, 1, 0, 0, 0, 0, 1
53439, 1, 0, 0, 0, 1, 0
53440, 1, 0, 0, 0, 1, 0
64454, 0, 1, 1, 0, 0, 0
53443, 2, 0, 0, 0, 2, 0
53446, 0, 1, 1, 0, 0, 0
53447, 1, 0, 0, 0, 1, 0
53448, 1, 0, 0, 0, 1, 0
53449, 0, 1, 1, 0, 0, 0
53450, 1, 0, 0, 0, 1, 0
53451, 1, 1, 1, 0, 1, 0
118754, 1, 1, 1, 0, 1, 0
82805, 1, 1, 1, 0, 1, 0
66251, 2, 1, 1, 0, 1, 1
74656, 6, 4, 4, 0, 6, 0
77161, 1, 1, 1, 0, 1, 0
88493, 2, 2, 2, 0, 2, 0
92567, 0, 1, 1, 0, 0, 0
131188, 0, 1, 0, 1, 0, 0
53486, 1, 0, 0, 0, 1, 0
53487, 5, 1, 0, 1, 4, 1
53488, 1, 2, 2, 0, 1, 0
53489, 1, 0, 0, 0, 1, 0
53490, 1, 0, 0, 0, 1, 0
53493, 1, 0, 0, 0, 1, 0
53494, 1, 0, 0, 0, 1, 0
53495, 0, 1, 1, 0, 0, 0
53496, 2, 1, 1, 0, 1, 1
53497, 0, 1, 1, 0, 0, 0
53498, 2, 0, 0, 0, 1, 1
53499, 1, 0, 0, 0, 1, 0
53500, 0, 1, 1, 0, 0, 0
53501, 1, 0, 0, 0, 1, 0
53503, 0, 1, 0, 1, 0, 0
53505, 3, 0, 0, 0, 1, 2
53506, 1, 0, 0, 0, 0, 1
53507, 4, 0, 0, 0, 4, 0
53510, 1, 0, 0, 0, 1, 0
53511, 1, 0, 0, 0, 1, 0
53514, 1, 0, 0, 0, 0, 1
53516, 1, 0, 0, 0, 1, 0
83040, 0, 3, 3, 0, 0, 0
60860, 0, 6, 6, 0, 0, 0
62022, 0, 3, 3, 0, 0, 0
53523, 1, 0, 0, 0, 1, 0
87462, 0, 1, 1, 0, 0, 0
88349, 3, 1, 1, 0, 2, 1
53528, 1, 0, 0, 0, 0, 1
53529, 1, 1, 1, 0, 1, 0
54808, 0, 3, 3, 0, 0, 0
55725, 1, 1, 1, 0, 1, 0
72996, 0, 1, 0, 1, 0, 0
72997, 0, 1, 1, 0, 0, 0
53531, 1, 0, 0, 0, 1, 0
53532, 1, 0, 0, 0, 1, 0
53534, 1, 1, 1, 0, 1, 0
53536, 1, 0, 0, 0, 1, 0
53538, 1, 0, 0, 0, 1, 0
53541, 1, 0, 0, 0, 1, 0
53542, 1, 0, 0, 0, 1, 0
53544, 1, 0, 0, 0, 0, 1
53546, 2, 0, 0, 0, 2, 0
53548, 1, 0, 0, 0, 1, 0
53550, 1, 0, 0, 0, 0, 1
53552, 1, 0, 0, 0, 1, 0
53553, 0, 1, 1, 0, 0, 0
53554, 1, 0, 0, 0, 1, 0
75458, 0, 3, 2, 1, 0, 0
73592, 0, 2, 2, 0, 0, 0
53559, 3, 0, 0, 0, 3, 0
53560, 1, 0, 0, 0, 1, 0
53561, 0, 1, 1, 0, 0, 0
53562, 3, 0, 0, 0, 3, 0
62493, 3, 1, 1, 0, 3, 0
75709, 1, 1, 1, 0, 1, 0
76703, 0, 1, 1, 0, 0, 0
53564, 1, 0, 0, 0, 1, 0
53565, 1, 0, 0, 0, 1, 0
53566, 1, 0, 0, 0, 1, 0
53567, 1, 0, 0, 0, 0, 1
62414, 0, 1, 1, 0, 0, 0
53572, 2, 0, 0, 0, 2, 0
53573, 0, 2, 2, 0, 0, 0
53574, 1, 0, 0, 0, 1, 0
53576, 1, 0, 0, 0, 1, 0
53577, 2, 0, 0, 0, 0, 2
53578, 1, 1, 0, 1, 1, 0
53579, 1, 0, 0, 0, 1, 0
53582, 2, 0, 0, 0, 1, 1
84137, 0, 1, 1, 0, 0, 0
84138, 0, 1, 1, 0, 0, 0
53584, 1, 0, 0, 0, 1, 0
53585, 1, 1, 1, 0, 0, 1
53587, 3, 0, 0, 0, 2, 1
53588, 1, 0, 0, 0, 1, 0
53590, 1, 0, 0, 0, 1, 0
53591, 1, 0, 0, 0, 1, 0
53592, 1, 0, 0, 0, 1, 0
53593, 1, 0, 0, 0, 1, 0
53596, 7, 0, 0, 0, 7, 0
57730, 0, 1, 1, 0, 0, 0
53599, 1, 0, 0, 0, 1, 0
53601, 1, 0, 0, 0, 1, 0
53604, 1, 0, 0, 0, 1, 0
53605, 2, 0, 0, 0, 2, 0
53606, 1, 0, 0, 0, 0, 1
53608, 1, 0, 0, 0, 1, 0
53609, 2, 1, 1, 0, 1, 1
53612, 1, 0, 0, 0, 1, 0
53613, 1, 0, 0, 0, 1, 0
107782, 2, 2, 2, 0, 2, 0
53615, 1, 0, 0, 0, 1, 0
53616, 1, 0, 0, 0, 0, 1
97619, 1, 7, 4, 3, 1, 0
123057, 4, 1, 1, 0, 4, 0
129854, 0, 1, 1, 0, 0, 0
129890, 2, 4, 3, 1, 2, 0
78938, 0, 1, 1, 0, 0, 0
78939, 0, 1, 1, 0, 0, 0
53621, 1, 0, 0, 0, 1, 0
53623, 1, 0, 0, 0, 1, 0
53624, 3, 1, 1, 0, 3, 0
53625, 1, 0, 0, 0, 0, 1
53626, 1, 0, 0, 0, 1, 0
68986, 17, 10, 9, 1, 15, 2
81476, 3, 1, 0, 1, 3, 0
53631, 2, 0, 0, 0, 1, 1
53633, 1, 0, 0, 0, 1, 0
53634, 1, 0, 0, 0, 1, 0
53635, 1, 0, 0, 0, 0, 1
53638, 1, 0, 0, 0, 0, 1
53639, 0, 2, 0, 2, 0, 0
53640, 1, 0, 0, 0, 0, 1
53641, 0, 1, 0, 1, 0, 0
53644, 1, 0, 0, 0, 1, 0
53646, 1, 0, 0, 0, 1, 0
53648, 4, 0, 0, 0, 0, 4
53649, 1, 0, 0, 0, 1, 0
53651, 0, 1, 1, 0, 0, 0
53652, 1, 0, 0, 0, 0, 1
53653, 1, 0, 0, 0, 1, 0
56800, 0, 2, 1, 1, 0, 0
53657, 2, 0, 0, 0, 1, 1
68421, 3, 3, 3, 0, 3, 0
75226, 3, 3, 3, 0, 3, 0
53661, 1, 0, 0, 0, 1, 0
53662, 1, 0, 0, 0, 1, 0
58208, 1, 2, 2, 0, 1, 0
53664, 2, 0, 0, 0, 1, 1
65420, 3, 1, 1, 0, 3, 0
53666, 2, 0, 0, 0, 2, 0
53668, 1, 0, 0, 0, 1, 0
53669, 1, 0, 0, 0, 1, 0
53674, 1, 0, 0, 0, 0, 1
53676, 1, 0, 0, 0, 1, 0
60535, 0, 1, 1, 0, 0, 0
53681, 1, 0, 0, 0, 1, 0
53682, 1, 0, 0, 0, 0, 1
53691, 1, 1, 1, 0, 0, 1
62460, 1, 2, 2, 0, 1, 0
82709, 0, 1, 1, 0, 0, 0
60415, 0, 1, 0, 1, 0, 0
53693, 2, 1, 0, 1, 2, 0
53695, 2, 0, 0, 0, 2, 0
53697, 1, 0, 0, 0, 1, 0
53698, 1, 0, 0, 0, 0, 1
53699, 1, 0, 0, 0, 1, 0
53700, 1, 0, 0, 0, 0, 1
53701, 2, 0, 0, 0, 2, 0
53702, 1, 0, 0, 0, 1, 0
53705, 1, 0, 0, 0, 0, 1
58662, 1, 1, 1, 0, 1, 0
67355, 14, 3, 2, 1, 14, 0
80246, 7, 4, 4, 0, 7, 0
88178, 0, 1, 1, 0, 0, 0
88179, 0, 1, 1, 0, 0, 0
88180, 0, 1, 1, 0, 0, 0
88181, 0, 1, 1, 0, 0, 0
88182, 0, 1, 0, 1, 0, 0
53707, 1, 0, 0, 0, 0, 1
53708, 1, 0, 0, 0, 1, 0
53709, 1, 0, 0, 0, 1, 0
53710, 1, 0, 0, 0, 0, 1
53711, 2, 1, 1, 0, 2, 0
53712, 1, 0, 0, 0, 1, 0
74482, 0, 1, 1, 0, 0, 0
53714, 1, 0, 0, 0, 1, 0
53719, 1, 0, 0, 0, 1, 0
53720, 1, 0, 0, 0, 1, 0
53722, 2, 1, 1, 0, 2, 0
73879, 13, 2, 2, 0, 13, 0
53728, 1, 0, 0, 0, 1, 0
53729, 2, 0, 0, 0, 2, 0
53730, 1, 0, 0, 0, 1, 0
53732, 2, 0, 0, 0, 1, 1
53733, 1, 0, 0, 0, 1, 0
53735, 5, 1, 1, 0, 4, 1
71475, 1, 1, 1, 0, 1, 0
71594, 1, 2, 2, 0, 1, 0
75732, 3, 2, 2, 0, 3, 0
81556, 1, 2, 2, 0, 1, 0
53752, 1, 0, 0, 0, 1, 0
53753, 0, 1, 1, 0, 0, 0
53754, 1, 0, 0, 0, 0, 1
53755, 1, 0, 0, 0, 1, 0
53756, 1, 1, 1, 0, 1, 0
53757, 7, 2, 2, 0, 7, 0
113013, 0, 1, 1, 0, 0, 0
120625, 1, 1, 1, 0, 1, 0
53759, 1, 0, 0, 0, 1, 0
53760, 1, 1, 1, 0, 1, 0
53761, 2, 2, 2, 0, 1, 1
53762, 1, 0, 0, 0, 1, 0
53765, 1, 0, 0, 0, 1, 0
53767, 1, 0, 0, 0, 1, 0
53768, 1, 0, 0, 0, 1, 0
61625, 1, 1, 1, 0, 1, 0
53770, 1, 0, 0, 0, 1, 0
53771, 1, 0, 0, 0, 1, 0
53772, 1, 0, 0, 0, 1, 0
53774, 1, 0, 0, 0, 1, 0
53775, 1, 0, 0, 0, 1, 0
53776, 1, 0, 0, 0, 0, 1
53777, 0, 1, 0, 1, 0, 0
53778, 6, 0, 0, 0, 0, 6
58508, 2, 1, 1, 0, 2, 0
53781, 1, 0, 0, 0, 1, 0
53783, 1, 0, 0, 0, 0, 1
53784, 2, 1, 1, 0, 2, 0
53785, 1, 2, 2, 0, 1, 0
53786, 2, 2, 2, 0, 2, 0
53787, 2, 0, 0, 0, 2, 0
53788, 1, 0, 0, 0, 1, 0
53789, 1, 0, 0, 0, 1, 0
53790, 2, 0, 0, 0, 2, 0
53793, 1, 0, 0, 0, 1, 0
53794, 1, 1, 1, 0, 1, 0
53796, 3, 0, 0, 0, 3, 0
53797, 1, 0, 0, 0, 1, 0
53803, 1, 0, 0, 0, 0, 1
53808, 1, 0, 0, 0, 0, 1
53809, 0, 1, 0, 1, 0, 0
53811, 1, 0, 0, 0, 1, 0
53817, 1, 0, 0, 0, 0, 1
53819, 1, 0, 0, 0, 1, 0
53820, 1, 0, 0, 0, 1, 0
53821, 3, 0, 0, 0, 1, 2
77290, 2, 1, 1, 0, 2, 0
91597, 0, 1, 1, 0, 0, 0
91598, 0, 1, 1, 0, 0, 0
76532, 1, 1, 1, 0, 1, 0
53832, 1, 0, 0, 0, 1, 0
53834, 1, 2, 2, 0, 1, 0
53835, 1, 0, 0, 0, 1, 0
53836, 2, 0, 0, 0, 1, 1
53839, 0, 1, 0, 1, 0, 0
53840, 1, 0, 0, 0, 1, 0
53841, 1, 3, 3, 0, 1, 0
53842, 1, 0, 0, 0, 0, 1
77208, 4, 1, 1, 0, 4, 0
90156, 0, 1, 1, 0, 0, 0
53845, 1, 0, 0, 0, 0, 1
53846, 1, 1, 1, 0, 1, 0
53853, 1, 0, 0, 0, 1, 0
53855, 1, 0, 0, 0, 1, 0
53856, 0, 1, 1, 0, 0, 0
53857, 1, 0, 0, 0, 1, 0
65238, 1, 1, 1, 0, 1, 0
66643, 0, 2, 2, 0, 0, 0
66644, 2, 2, 2, 0, 2, 0
66859, 5, 4, 4, 0, 5, 0
68115, 2, 2, 2, 0, 2, 0
53860, 1, 0, 0, 0, 1, 0
53861, 1, 1, 1, 0, 1, 0
53862, 4, 2, 2, 0, 4, 0
53869, 2, 0, 0, 0, 2, 0
53870, 2, 1, 1, 0, 2, 0
59997, 0, 1, 1, 0, 0, 0
53875, 2, 0, 0, 0, 1, 1
53877, 1, 0, 0, 0, 1, 0
53878, 1, 0, 0, 0, 0, 1
120857, 0, 2, 2, 0, 0, 0
53881, 1, 0, 0, 0, 1, 0
53883, 1, 0, 0, 0, 0, 1
53884, 1, 0, 0, 0, 0, 1
60596, 0, 2, 2, 0, 0, 0
60597, 0, 1, 0, 1, 0, 0
53888, 1, 0, 0, 0, 0, 1
63501, 1, 1, 1, 0, 1, 0
73896, 1, 1, 1, 0, 1, 0
75927, 1, 1, 1, 0, 1, 0
75953, 1, 1, 1, 0, 1, 0
53903, 1, 1, 1, 0, 1, 0
53904, 1, 0, 0, 0, 1, 0
53906, 1, 0, 0, 0, 0, 1
53907, 1, 0, 0, 0, 0, 1
70650, 2, 1, 1, 0, 2, 0
73177, 0, 1, 1, 0, 0, 0
53911, 1, 1, 1, 0, 0, 1
53912, 1, 0, 0, 0, 1, 0
53913, 2, 0, 0, 0, 2, 0
75734, 1, 2, 2, 0, 1, 0
53915, 1, 0, 0, 0, 0, 1
53916, 1, 0, 0, 0, 1, 0
53917, 0, 3, 2, 1, 0, 0
53918, 1, 0, 0, 0, 1, 0
78515, 0, 2, 2, 0, 0, 0
53920, 1, 0, 0, 0, 1, 0
53921, 1, 0, 0, 0, 0, 1
53922, 1, 0, 0, 0, 1, 0
53923, 1, 0, 0, 0, 0, 1
53924, 1, 0, 0, 0, 0, 1
53927, 1, 0, 0, 0, 1, 0
53928, 1, 0, 0, 0, 0, 1
53929, 1, 0, 0, 0, 1, 0
53930, 1, 0, 0, 0, 1, 0
53931, 1, 0, 0, 0, 1, 0
53933, 1, 0, 0, 0, 1, 0
53934, 0, 1, 1, 0, 0, 0
53935, 2, 0, 0, 0, 1, 1
53938, 3, 0, 0, 0, 3, 0
53939, 2, 0, 0, 0, 2, 0
53941, 1, 0, 0, 0, 1, 0
53942, 0, 1, 1, 0, 0, 0
57402, 1, 1, 1, 0, 1, 0
56308, 0, 1, 1, 0, 0, 0
53950, 4, 0, 0, 0, 2, 2
53951, 1, 1, 1, 0, 1, 0
53952, 0, 2, 1, 1, 0, 0
53953, 1, 0, 0, 0, 0, 1
75830, 1, 1, 1, 0, 1, 0
53955, 1, 0, 0, 0, 1, 0
53956, 2, 1, 1, 0, 2, 0
53960, 1, 0, 0, 0, 1, 0
53961, 1, 0, 0, 0, 0, 1
53962, 1, 0, 0, 0, 1, 0
53963, 1, 0, 0, 0, 1, 0
53964, 7, 0, 0, 0, 7, 0
53965, 3, 0, 0, 0, 3, 0
53967, 1, 1, 0, 1, 1, 0
53968, 1, 0, 0, 0, 0, 1
53969, 2, 0, 0, 0, 2, 0
53971, 1, 0, 0, 0, 0, 1
53974, 2, 0, 0, 0, 2, 0
53975, 1, 0, 0, 0, 0, 1
53976, 0, 2, 1, 1, 0, 0
53977, 1, 0, 0, 0, 1, 0
53978, 0, 1, 1, 0, 0, 0
53979, 1, 1, 1, 0, 1, 0
53985, 0, 1, 1, 0, 0, 0
87490, 0, 1, 1, 0, 0, 0
87491, 0, 1, 1, 0, 0, 0
87492, 0, 1, 1, 0, 0, 0
87493, 0, 1, 1, 0, 0, 0
53986, 1, 0, 0, 0, 1, 0
88568, 0, 3, 3, 0, 0, 0
53992, 1, 1, 1, 0, 1, 0
53993, 3, 0, 0, 0, 3, 0
53995, 1, 0, 0, 0, 1, 0
53997, 1, 0, 0, 0, 1, 0
53998, 0, 1, 1, 0, 0, 0
53999, 2, 0, 0, 0, 2, 0
54000, 4, 1, 1, 0, 3, 1
54003, 1, 0, 0, 0, 0, 1
64907, 1, 2, 2, 0, 1, 0
65366, 0, 1, 0, 1, 0, 0
54009, 1, 0, 0, 0, 1, 0
54010, 1, 0, 0, 0, 1, 0
54011, 1, 0, 0, 0, 1, 0
54012, 1, 0, 0, 0, 0, 1
54015, 1, 0, 0, 0, 0, 1
54018, 1, 0, 0, 0, 1, 0
54019, 0, 1, 1, 0, 0, 0
54021, 2, 0, 0, 0, 1, 1
54023, 1, 0, 0, 0, 0, 1
54027, 1, 0, 0, 0, 0, 1
54028, 1, 0, 0, 0, 1, 0
54030, 2, 0, 0, 0, 2, 0
54031, 2, 0, 0, 0, 2, 0
58893, 0, 1, 0, 1, 0, 0
58894, 0, 1, 0, 1, 0, 0
74521, 1, 1, 1, 0, 1, 0
75262, 0, 1, 1, 0, 0, 0
54037, 1, 0, 0, 0, 1, 0
54038, 0, 1, 1, 0, 0, 0
54039, 1, 0, 0, 0, 0, 1
54040, 1, 0, 0, 0, 1, 0
54041, 0, 1, 1, 0, 0, 0
54042, 1, 0, 0, 0, 1, 0
54043, 1, 0, 0, 0, 0, 1
54044, 2, 0, 0, 0, 2, 0
54045, 0, 1, 1, 0, 0, 0
54047, 1, 0, 0, 0, 1, 0
54048, 11, 0, 0, 0, 4, 7
54049, 2, 0, 0, 0, 0, 2
54052, 1, 0, 0, 0, 1, 0
54053, 1, 0, 0, 0, 1, 0
54054, 1, 0, 0, 0, 1, 0
55245, 7, 2, 2, 0, 7, 0
57358, 1, 2, 2, 0, 1, 0
57496, 1, 1, 1, 0, 1, 0
57497, 0, 1, 1, 0, 0, 0
57499, 0, 1, 1, 0, 0, 0
57500, 1, 1, 1, 0, 0, 1
57501, 0, 2, 2, 0, 0, 0
57502, 0, 3, 3, 0, 0, 0
57504, 0, 2, 2, 0, 0, 0
57505, 0, 1, 1, 0, 0, 0
57506, 0, 1, 1, 0, 0, 0
57507, 0, 1, 1, 0, 0, 0
57508, 0, 1, 1, 0, 0, 0
57509, 0, 1, 1, 0, 0, 0
57510, 0, 1, 1, 0, 0, 0
57512, 0, 1, 1, 0, 0, 0
57514, 0, 1, 1, 0, 0, 0
57515, 0, 1, 1, 0, 0, 0
54057, 1, 0, 0, 0, 1, 0
54059, 1, 0, 0, 0, 1, 0
54060, 1, 0, 0, 0, 1, 0
54061, 0, 1, 1, 0, 0, 0
54062, 1, 0, 0, 0, 0, 1
54064, 1, 2, 2, 0, 1, 0
54090, 2, 1, 1, 0, 2, 0
54070, 1, 0, 0, 0, 1, 0
54071, 1, 0, 0, 0, 1, 0
54075, 1, 0, 0, 0, 1, 0
54076, 1, 0, 0, 0, 0, 1
54077, 2, 0, 0, 0, 2, 0
54078, 1, 0, 0, 0, 1, 0
54079, 1, 0, 0, 0, 1, 0
54081, 1, 0, 0, 0, 1, 0
54082, 1, 0, 0, 0, 1, 0
54085, 1, 0, 0, 0, 0, 1
54086, 2, 1, 0, 1, 1, 1
54087, 1, 0, 0, 0, 0, 1
80307, 0, 1, 1, 0, 0, 0
80308, 0, 1, 1, 0, 0, 0
54091, 6, 0, 0, 0, 0, 6
54095, 1, 0, 0, 0, 1, 0
54096, 1, 0, 0, 0, 0, 1
54097, 0, 1, 0, 1, 0, 0
54098, 5, 0, 0, 0, 1, 4
62265, 2, 1, 1, 0, 2, 0
54100, 1, 0, 0, 0, 1, 0
54101, 1, 0, 0, 0, 1, 0
54103, 1, 0, 0, 0, 1, 0
54104, 1, 0, 0, 0, 1, 0
54105, 1, 0, 0, 0, 1, 0
122608, 9, 2, 2, 0, 9, 0
54107, 2, 0, 0, 0, 2, 0
54109, 1, 0, 0, 0, 0, 1
54110, 1, 0, 0, 0, 0, 1
54119, 3, 0, 0, 0, 3, 0
54120, 1, 0, 0, 0, 1, 0
54121, 1, 0, 0, 0, 1, 0
54122, 1, 0, 0, 0, 1, 0
54124, 1, 0, 0, 0, 1, 0
54126, 9, 0, 0, 0, 3, 6
54127, 1, 2, 1, 1, 1, 0
71411, 3, 3, 3, 0, 3, 0
54131, 1, 0, 0, 0, 1, 0
54132, 3, 0, 0, 0, 1, 2
54133, 1, 0, 0, 0, 1, 0
54134, 1, 0, 0, 0, 1, 0
54135, 1, 1, 1, 0, 1, 0
54136, 2, 0, 0, 0, 0, 2
54137, 2, 0, 0, 0, 2, 0
54138, 1, 5, 5, 0, 1, 0
54139, 1, 1, 1, 0, 1, 0
54140, 2, 0, 0, 0, 2, 0
54141, 2, 0, 0, 0, 1, 1
54142, 0, 1, 1, 0, 0, 0
54145, 1, 0, 0, 0, 1, 0
54146, 21, 3, 3, 0, 21, 0
73881, 0, 1, 1, 0, 0, 0
54147, 1, 0, 0, 0, 1, 0
54148, 1, 0, 0, 0, 1, 0
54149, 1, 0, 0, 0, 1, 0
54150, 0, 1, 1, 0, 0, 0
54151, 1, 0, 0, 0, 1, 0
54152, 1, 0, 0, 0, 1, 0
54153, 1, 0, 0, 0, 1, 0
54154, 1, 0, 0, 0, 1, 0
54155, 1, 0, 0, 0, 1, 0
54156, 0, 1, 1, 0, 0, 0
54158, 1, 0, 0, 0, 1, 0
54159, 1, 0, 0, 0, 1, 0
54160, 2, 0, 0, 0, 1, 1
54161, 0, 1, 0, 1, 0, 0
54162, 0, 1, 1, 0, 0, 0
54163, 1, 0, 0, 0, 1, 0
54164, 1, 0, 0, 0, 1, 0
54169, 1, 0, 0, 0, 1, 0
54170, 1, 0, 0, 0, 0, 1
54171, 1, 0, 0, 0, 1, 0
54172, 2, 0, 0, 0, 1, 1
54173, 1, 2, 1, 1, 0, 1
54174, 1, 0, 0, 0, 1, 0
54175, 1, 0, 0, 0, 1, 0
54176, 1, 0, 0, 0, 1, 0
54177, 1, 0, 0, 0, 1, 0
54178, 1, 0, 0, 0, 0, 1
54179, 1, 1, 0, 1, 1, 0
54181, 1, 0, 0, 0, 1, 0
54183, 1, 0, 0, 0, 0, 1
54185, 1, 0, 0, 0, 1, 0
54186, 1, 0, 0, 0, 0, 1
54188, 1, 0, 0, 0, 1, 0
54189, 2, 0, 0, 0, 1, 1
54190, 1, 0, 0, 0, 1, 0
54191, 1, 0, 0, 0, 0, 1
54192, 0, 2, 1, 1, 0, 0
54194, 1, 2, 2, 0, 1, 0
54195, 6, 2, 2, 0, 6, 0
54406, 1, 1, 1, 0, 1, 0
59189, 1, 1, 1, 0, 1, 0
54201, 1, 0, 0, 0, 0, 1
54202, 1, 0, 0, 0, 1, 0
54203, 1, 0, 0, 0, 0, 1
54204, 1, 1, 1, 0, 1, 0
54205, 1, 1, 1, 0, 1, 0
54207, 1, 0, 0, 0, 1, 0
54209, 2, 0, 0, 0, 2, 0
54210, 2, 0, 0, 0, 2, 0
54211, 0, 1, 1, 0, 0, 0
54212, 2, 0, 0, 0, 2, 0
54213, 3, 1, 1, 0, 1, 2
54214, 0, 1, 0, 1, 0, 0
54216, 3, 0, 0, 0, 3, 0
54217, 2, 0, 0, 0, 2, 0
54218, 0, 1, 1, 0, 0, 0
54219, 1, 0, 0, 0, 1, 0
54220, 2, 1, 1, 0, 2, 0
54221, 2, 1, 1, 0, 2, 0
54222, 1, 0, 0, 0, 1, 0
54223, 1, 0, 0, 0, 1, 0
54224, 1, 0, 0, 0, 1, 0
54225, 0, 1, 1, 0, 0, 0
54227, 1, 0, 0, 0, 1, 0
57136, 1, 2, 2, 0, 1, 0
54233, 1, 0, 0, 0, 0, 1
54235, 2, 0, 0, 0, 2, 0
54236, 3, 0, 0, 0, 3, 0
54237, 1, 0, 0, 0, 1, 0
54238, 1, 0, 0, 0, 1, 0
54239, 2, 0, 0, 0, 1, 1
54241, 1, 0, 0, 0, 1, 0
54242, 2, 0, 0, 0, 2, 0
54243, 1, 0, 0, 0, 1, 0
54244, 2, 0, 0, 0, 0, 2
54247, 1, 1, 1, 0, 1, 0
54248, 1, 0, 0, 0, 0, 1
54249, 1, 0, 0, 0, 0, 1
82634, 0, 2, 2, 0, 0, 0
54254, 1, 0, 0, 0, 1, 0
54255, 1, 1, 1, 0, 1, 0
54256, 3, 1, 1, 0, 3, 0
54257, 1, 0, 0, 0, 0, 1
54258, 1, 0, 0, 0, 1, 0
54260, 5, 0, 0, 0, 3, 2
54262, 1, 1, 0, 1, 1, 0
54263, 0, 1, 1, 0, 0, 0
54264, 2, 1, 1, 0, 2, 0
67298, 0, 3, 3, 0, 0, 0
54267, 1, 0, 0, 0, 1, 0
54282, 1, 0, 0, 0, 1, 0
54283, 2, 0, 0, 0, 2, 0
54284, 1, 0, 0, 0, 1, 0
91348, 0, 1, 1, 0, 0, 0
54286, 2, 0, 0, 0, 2, 0
57568, 5, 4, 4, 0, 4, 1
57569, 2, 3, 3, 0, 2, 0
71881, 2, 3, 3, 0, 1, 1
74366, 2, 1, 1, 0, 2, 0
74367, 1, 1, 1, 0, 1, 0
54288, 1, 0, 0, 0, 0, 1
54289, 2, 0, 0, 0, 2, 0
54290, 1, 0, 0, 0, 1, 0
54293, 1, 0, 0, 0, 1, 0
54294, 1, 0, 0, 0, 1, 0
54296, 1, 0, 0, 0, 1, 0
54298, 1, 0, 0, 0, 1, 0
97896, 0, 1, 1, 0, 0, 0
54301, 1, 0, 0, 0, 1, 0
76984, 7, 4, 4, 0, 7, 0
81164, 2, 2, 2, 0, 2, 0
54303, 1, 0, 0, 0, 1, 0
54306, 2, 0, 0, 0, 2, 0
54307, 2, 0, 0, 0, 2, 0
54309, 1, 1, 1, 0, 1, 0
67545, 1, 1, 1, 0, 1, 0
54310, 2, 0, 0, 0, 2, 0
54311, 1, 0, 0, 0, 1, 0
54312, 1, 0, 0, 0, 0, 1
54313, 1, 0, 0, 0, 1, 0
54314, 1, 0, 0, 0, 1, 0
54315, 2, 0, 0, 0, 0, 2
54317, 1, 0, 0, 0, 0, 1
89800, 0, 1, 1, 0, 0, 0
94146, 4, 1, 1, 0, 4, 0
54325, 0, 1, 1, 0, 0, 0
54326, 0, 1, 1, 0, 0, 0
54330, 0, 1, 1, 0, 0, 0
55805, 0, 1, 1, 0, 0, 0
54332, 1, 0, 0, 0, 1, 0
54333, 1, 0, 0, 0, 1, 0
54334, 1, 0, 0, 0, 1, 0
54335, 1, 0, 0, 0, 1, 0
54338, 1, 0, 0, 0, 0, 1
54340, 3, 0, 0, 0, 3, 0
54341, 2, 1, 1, 0, 2, 0
54342, 1, 0, 0, 0, 0, 1
77162, 0, 2, 2, 0, 0, 0
54345, 1, 0, 0, 0, 1, 0
54347, 1, 0, 0, 0, 0, 1
54348, 2, 0, 0, 0, 1, 1
54349, 1, 0, 0, 0, 1, 0
54351, 1, 0, 0, 0, 0, 1
54358, 1, 0, 0, 0, 0, 1
54359, 5, 1, 1, 0, 5, 0
54362, 1, 0, 0, 0, 1, 0
54363, 1, 0, 0, 0, 1, 0
54365, 1, 0, 0, 0, 1, 0
54366, 1, 0, 0, 0, 0, 1
54367, 1, 0, 0, 0, 1, 0
54370, 1, 0, 0, 0, 1, 0
62639, 0, 1, 1, 0, 0, 0
90979, 1, 2, 2, 0, 1, 0
54389, 1, 0, 0, 0, 1, 0
54398, 1, 0, 0, 0, 1, 0
54399, 1, 0, 0, 0, 1, 0
54401, 1, 0, 0, 0, 1, 0
54402, 1, 0, 0, 0, 1, 0
54711, 1, 1, 1, 0, 1, 0
54405, 1, 0, 0, 0, 1, 0
54407, 1, 0, 0, 0, 1, 0
54408, 1, 0, 0, 0, 1, 0
84369, 0, 1, 1, 0, 0, 0
84370, 0, 1, 1, 0, 0, 0
54413, 1, 0, 0, 0, 1, 0
54414, 2, 0, 0, 0, 2, 0
54415, 1, 0, 0, 0, 1, 0
54416, 1, 0, 0, 0, 0, 1
54417, 0, 1, 0, 1, 0, 0
54418, 1, 0, 0, 0, 1, 0
54419, 1, 0, 0, 0, 0, 1
54420, 1, 0, 0, 0, 1, 0
54424, 1, 0, 0, 0, 1, 0
54425, 0, 4, 4, 0, 0, 0
54426, 1, 0, 0, 0, 0, 1
54427, 1, 1, 1, 0, 0, 1
54428, 1, 0, 0, 0, 0, 1
77000, 2, 4, 4, 0, 2, 0
54431, 3, 0, 0, 0, 3, 0
54432, 0, 1, 1, 0, 0, 0
54436, 2, 1, 1, 0, 2, 0
54437, 1, 1, 1, 0, 1, 0
54439, 1, 0, 0, 0, 1, 0
54441, 2, 0, 0, 0, 0, 2
54442, 1, 0, 0, 0, 1, 0
54443, 6, 5, 2, 3, 6, 0
54445, 1, 0, 0, 0, 1, 0
54446, 2, 0, 0, 0, 2, 0
54447, 1, 0, 0, 0, 1, 0
54448, 0, 1, 1, 0, 0, 0
54449, 1, 0, 0, 0, 1, 0
54450, 1, 0, 0, 0, 1, 0
54452, 1, 0, 0, 0, 1, 0
54453, 0, 2, 2, 0, 0, 0
54454, 1, 0, 0, 0, 1, 0
64869, 0, 1, 1, 0, 0, 0
54459, 7, 1, 1, 0, 7, 0
54463, 2, 0, 0, 0, 0, 2
54466, 1, 0, 0, 0, 1, 0
54467, 2, 0, 0, 0, 2, 0
54468, 1, 0, 0, 0, 1, 0
54469, 1, 0, 0, 0, 1, 0
54470, 1, 0, 0, 0, 0, 1
54471, 1, 0, 0, 0, 0, 1
54472, 1, 1, 0, 1, 1, 0
54473, 1, 0, 0, 0, 1, 0
54475, 1, 0, 0, 0, 1, 0
54476, 1, 0, 0, 0, 1, 0
54477, 0, 1, 1, 0, 0, 0
54478, 1, 0, 0, 0, 1, 0
54479, 1, 0, 0, 0, 0, 1
54480, 1, 0, 0, 0, 1, 0
54481, 2, 0, 0, 0, 1, 1
54483, 2, 0, 0, 0, 2, 0
54485, 0, 1, 1, 0, 0, 0
54486, 0, 1, 0, 1, 0, 0
54487, 3, 0, 0, 0, 3, 0
54488, 0, 1, 1, 0, 0, 0
54490, 2, 0, 0, 0, 0, 2
54491, 1, 0, 0, 0, 1, 0
54493, 1, 0, 0, 0, 1, 0
54494, 1, 0, 0, 0, 1, 0
54496, 1, 0, 0, 0, 0, 1
54497, 1, 0, 0, 0, 0, 1
114024, 7, 1, 1, 0, 7, 0
114521, 0, 1, 1, 0, 0, 0
54502, 1, 0, 0, 0, 1, 0
54503, 1, 0, 0, 0, 1, 0
54504, 1, 0, 0, 0, 1, 0
54506, 5, 0, 0, 0, 1, 4
54507, 1, 0, 0, 0, 1, 0
85412, 3, 1, 1, 0, 3, 0
54509, 10, 0, 0, 0, 10, 0
54510, 0, 1, 1, 0, 0, 0
54512, 0, 1, 1, 0, 0, 0
54513, 3, 0, 0, 0, 1, 2
54903, 0, 1, 1, 0, 0, 0
54515, 1, 0, 0, 0, 1, 0
54516, 0, 1, 1, 0, 0, 0
57014, 3, 1, 1, 0, 2, 1
57015, 0, 2, 2, 0, 0, 0
57430, 2, 3, 3, 0, 2, 0
58227, 1, 2, 2, 0, 1, 0
58232, 4, 1, 1, 0, 3, 1
58241, 3, 1, 1, 0, 3, 0
58244, 3, 3, 3, 0, 3, 0
58245, 2, 4, 4, 0, 2, 0
58246, 0, 4, 3, 1, 0, 0
58259, 0, 1, 1, 0, 0, 0
58264, 1, 1, 1, 0, 1, 0
58266, 2, 2, 2, 0, 2, 0
58271, 1, 1, 1, 0, 1, 0
61396, 1, 1, 1, 0, 1, 0
68760, 0, 2, 2, 0, 0, 0
67107, 0, 2, 2, 0, 0, 0
54525, 4, 0, 0, 0, 4, 0
54528, 1, 0, 0, 0, 1, 0
54529, 7, 0, 0, 0, 7, 0
54530, 1, 0, 0, 0, 1, 0
54531, 1, 0, 0, 0, 0, 1
54532, 1, 1, 0, 1, 1, 0
54533, 2, 0, 0, 0, 2, 0
54534, 0, 1, 1, 0, 0, 0
54536, 4, 1, 1, 0, 4, 0
67144, 1, 1, 1, 0, 1, 0
54538, 1, 0, 0, 0, 1, 0
54539, 1, 0, 0, 0, 0, 1
54540, 2, 0, 0, 0, 2, 0
54541, 1, 1, 1, 0, 1, 0
105999, 0, 1, 1, 0, 0, 0
127849, 0, 1, 1, 0, 0, 0
130842, 1, 2, 2, 0, 1, 0
54544, 4, 2, 1, 1, 1, 3
54547, 0, 2, 1, 1, 0, 0
55148, 2, 1, 1, 0, 2, 0
54783, 0, 1, 1, 0, 0, 0
54784, 0, 1, 1, 0, 0, 0
54548, 1, 1, 0, 1, 0, 1
54549, 15, 1, 0, 1, 13, 2
54550, 1, 0, 0, 0, 1, 0
54551, 1, 0, 0, 0, 1, 0
54553, 1, 0, 0, 0, 1, 0
54554, 1, 0, 0, 0, 0, 1
54555, 1, 0, 0, 0, 1, 0
54556, 0, 1, 1, 0, 0, 0
54557, 2, 0, 0, 0, 2, 0
54558, 1, 0, 0, 0, 0, 1
54559, 0, 2, 1, 1, 0, 0
54561, 1, 0, 0, 0, 1, 0
54565, 2, 0, 0, 0, 2, 0
54569, 1, 0, 0, 0, 1, 0
54570, 3, 0, 0, 0, 3, 0
54571, 1, 0, 0, 0, 1, 0
54572, 0, 1, 1, 0, 0, 0
54573, 2, 0, 0, 0, 0, 2
54574, 1, 0, 0, 0, 1, 0
63777, 2, 5, 5, 0, 2, 0
88268, 0, 2, 2, 0, 0, 0
88332, 2, 1, 1, 0, 2, 0
88333, 0, 1, 1, 0, 0, 0
88334, 0, 1, 1, 0, 0, 0
54579, 1, 0, 0, 0, 1, 0
54587, 2, 0, 0, 0, 0, 2
54589, 2, 0, 0, 0, 1, 1
54590, 0, 1, 0, 1, 0, 0
54592, 1, 0, 0, 0, 1, 0
60182, 6, 5, 4, 1, 6, 0
64013, 0, 2, 1, 1, 0, 0
70115, 1, 1, 1, 0, 1, 0
54603, 2, 1, 1, 0, 2, 0
54604, 1, 0, 0, 0, 1, 0
54606, 0, 1, 1, 0, 0, 0
54607, 1, 0, 0, 0, 0, 1
54608, 1, 0, 0, 0, 1, 0
54609, 2, 0, 0, 0, 0, 2
54610, 0, 1, 0, 1, 0, 0
54611, 2, 0, 0, 0, 0, 2
54612, 1, 1, 1, 0, 1, 0
55114, 1, 1, 1, 0, 1, 0
54614, 1, 0, 0, 0, 1, 0
54615, 0, 3, 3, 0, 0, 0
54616, 1, 0, 0, 0, 1, 0
54617, 0, 10, 10, 0, 0, 0
54618, 1, 0, 0, 0, 0, 1
54619, 1, 0, 0, 0, 1, 0
54620, 1, 0, 0, 0, 1, 0
54621, 2, 0, 0, 0, 0, 2
54622, 2, 0, 0, 0, 2, 0
54623, 1, 0, 0, 0, 0, 1
54625, 0, 1, 1, 0, 0, 0
54626, 1, 0, 0, 0, 1, 0
54627, 0, 1, 1, 0, 0, 0
54628, 1, 0, 0, 0, 1, 0
54629, 1, 0, 0, 0, 1, 0
54630, 1, 0, 0, 0, 1, 0
54631, 2, 1, 1, 0, 2, 0
54632, 3, 2, 2, 0, 3, 0
54633, 0, 1, 1, 0, 0, 0
54634, 1, 0, 0, 0, 1, 0
54636, 1, 0, 0, 0, 1, 0
54637, 3, 0, 0, 0, 2, 1
54638, 2, 0, 0, 0, 0, 2
54639, 0, 1, 0, 1, 0, 0
54641, 3, 0, 0, 0, 1, 2
86983, 2, 3, 3, 0, 2, 0
89101, 1, 1, 1, 0, 1, 0
89526, 1, 2, 2, 0, 1, 0
104922, 1, 1, 1, 0, 1, 0
54643, 1, 0, 0, 0, 0, 1
54644, 1, 0, 0, 0, 0, 1
54646, 1, 0, 0, 0, 1, 0
54648, 1, 0, 0, 0, 1, 0
64645, 6, 3, 3, 0, 4, 2
64646, 2, 3, 3, 0, 2, 0
64647, 0, 1, 1, 0, 0, 0
64650, 0, 1, 1, 0, 0, 0
64651, 0, 1, 1, 0, 0, 0
64652, 0, 1, 1, 0, 0, 0
64653, 0, 1, 1, 0, 0, 0
64654, 0, 1, 1, 0, 0, 0
64656, 0, 1, 1, 0, 0, 0
54650, 1, 1, 1, 0, 1, 0
54652, 1, 0, 0, 0, 1, 0
54653, 1, 0, 0, 0, 1, 0
54654, 3, 0, 0, 0, 3, 0
54656, 1, 0, 0, 0, 1, 0
54658, 1, 0, 0, 0, 0, 1
54659, 2, 1, 1, 0, 2, 0
54665, 1, 0, 0, 0, 1, 0
54666, 2, 0, 0, 0, 1, 1
54667, 1, 0, 0, 0, 1, 0
54668, 1, 0, 0, 0, 1, 0
54670, 0, 1, 0, 1, 0, 0
54672, 1, 0, 0, 0, 0, 1
54673, 1, 0, 0, 0, 1, 0
54674, 3, 0, 0, 0, 1, 2
54675, 1, 0, 0, 0, 0, 1
55015, 3, 2, 2, 0, 3, 0
55016, 1, 3, 3, 0, 1, 0
55295, 1, 1, 1, 0, 1, 0
55654, 0, 1, 1, 0, 0, 0
55655, 0, 1, 1, 0, 0, 0
55656, 0, 1, 1, 0, 0, 0
82614, 0, 1, 1, 0, 0, 0
54680, 2, 0, 0, 0, 1, 1
54682, 1, 0, 0, 0, 1, 0
61907, 0, 2, 2, 0, 0, 0
54685, 1, 0, 0, 0, 0, 1
54686, 0, 1, 0, 1, 0, 0
54687, 1, 0, 0, 0, 0, 1
54688, 1, 0, 0, 0, 1, 0
54689, 2, 0, 0, 0, 2, 0
54690, 1, 0, 0, 0, 1, 0
54693, 4, 4, 4, 0, 4, 0
54694, 8, 4, 4, 0, 8, 0
54697, 2, 0, 0, 0, 1, 1
54698, 0, 2, 1, 1, 0, 0
54699, 1, 0, 0, 0, 0, 1
54700, 0, 1, 0, 1, 0, 0
54707, 1, 0, 0, 0, 1, 0
54708, 0, 1, 1, 0, 0, 0
54709, 1, 0, 0, 0, 1, 0
54712, 8, 0, 0, 0, 8, 0
54714, 2, 0, 0, 0, 1, 1
54715, 2, 0, 0, 0, 2, 0
61415, 1, 1, 1, 0, 1, 0
54720, 1, 0, 0, 0, 0, 1
54722, 1, 0, 0, 0, 1, 0
54730, 1, 0, 0, 0, 0, 1
82952, 1, 1, 1, 0, 1, 0
54732, 1, 0, 0, 0, 1, 0
54734, 1, 0, 0, 0, 1, 0
54736, 2, 0, 0, 0, 2, 0
54740, 1, 0, 0, 0, 0, 1
54741, 0, 1, 0, 1, 0, 0
54742, 1, 0, 0, 0, 0, 1
54743, 1, 0, 0, 0, 1, 0
54744, 2, 0, 0, 0, 2, 0
54748, 1, 3, 3, 0, 1, 0
54749, 0, 1, 1, 0, 0, 0
54750, 2, 0, 0, 0, 0, 2
54751, 1, 0, 0, 0, 1, 0
54752, 1, 0, 0, 0, 1, 0
54753, 0, 1, 1, 0, 0, 0
54754, 1, 0, 0, 0, 1, 0
54757, 2, 0, 0, 0, 1, 1
90277, 3, 1, 1, 0, 3, 0
54762, 1, 0, 0, 0, 1, 0
54765, 0, 1, 1, 0, 0, 0
54768, 0, 1, 1, 0, 0, 0
54769, 2, 1, 1, 0, 2, 0
87034, 0, 1, 1, 0, 0, 0
54770, 1, 0, 0, 0, 1, 0
54771, 1, 0, 0, 0, 1, 0
54775, 1, 1, 1, 0, 1, 0
54780, 1, 0, 0, 0, 1, 0
54781, 5, 0, 0, 0, 5, 0
54786, 1, 0, 0, 0, 1, 0
54789, 3, 1, 1, 0, 3, 0
54790, 1, 0, 0, 0, 1, 0
87193, 0, 1, 1, 0, 0, 0
54793, 1, 0, 0, 0, 0, 1
54794, 0, 1, 0, 1, 0, 0
54797, 1, 0, 0, 0, 0, 1
54799, 1, 0, 0, 0, 0, 1
54800, 1, 0, 0, 0, 1, 0
54801, 0, 1, 1, 0, 0, 0
54802, 1, 0, 0, 0, 1, 0
54804, 4, 0, 0, 0, 3, 1
60066, 0, 1, 1, 0, 0, 0
54807, 1, 0, 0, 0, 1, 0
54809, 2, 0, 0, 0, 2, 0
54810, 2, 0, 0, 0, 0, 2
54813, 2, 0, 0, 0, 2, 0
54815, 2, 0, 0, 0, 2, 0
54816, 1, 0, 0, 0, 1, 0
54817, 3, 1, 1, 0, 3, 0
54818, 2, 0, 0, 0, 2, 0
54820, 1, 0, 0, 0, 0, 1
54821, 1, 0, 0, 0, 1, 0
54822, 1, 0, 0, 0, 1, 0
54824, 1, 0, 0, 0, 1, 0
54826, 2, 0, 0, 0, 0, 2
54827, 0, 1, 0, 1, 0, 0
54828, 1, 0, 0, 0, 0, 1
54829, 3, 0, 0, 0, 3, 0
54830, 1, 0, 0, 0, 1, 0
54831, 1, 0, 0, 0, 1, 0
54832, 1, 0, 0, 0, 1, 0
54833, 1, 1, 1, 0, 0, 1
54834, 1, 0, 0, 0, 1, 0
54835, 1, 0, 0, 0, 0, 1
54836, 1, 0, 0, 0, 1, 0
54837, 2, 0, 0, 0, 2, 0
54838, 1, 0, 0, 0, 0, 1
54839, 1, 0, 0, 0, 0, 1
54840, 1, 0, 0, 0, 1, 0
54842, 1, 0, 0, 0, 1, 0
54843, 1, 0, 0, 0, 1, 0
54844, 0, 1, 1, 0, 0, 0
54845, 1, 0, 0, 0, 1, 0
54846, 1, 0, 0, 0, 0, 1
54847, 1, 0, 0, 0, 0, 1
54848, 2, 0, 0, 0, 2, 0
54849, 2, 1, 1, 0, 2, 0
54850, 7, 2, 2, 0, 7, 0
54851, 1, 0, 0, 0, 1, 0
54852, 1, 0, 0, 0, 0, 1
54853, 1, 1, 1, 0, 1, 0
54854, 1, 1, 1, 0, 1, 0
54855, 1, 0, 0, 0, 1, 0
54859, 1, 0, 0, 0, 1, 0
88623, 0, 1, 1, 0, 0, 0
88624, 0, 1, 1, 0, 0, 0
54864, 2, 0, 0, 0, 1, 1
54865, 2, 0, 0, 0, 2, 0
54868, 2, 0, 0, 0, 1, 1
54870, 1, 1, 1, 0, 1, 0
54872, 1, 0, 0, 0, 1, 0
54873, 2, 0, 0, 0, 2, 0
54874, 0, 4, 4, 0, 0, 0
54877, 1, 0, 0, 0, 1, 0
54878, 2, 0, 0, 0, 2, 0
54880, 1, 0, 0, 0, 1, 0
54881, 1, 0, 0, 0, 1, 0
54882, 6, 2, 1, 1, 6, 0
54891, 1, 0, 0, 0, 0, 1
54892, 1, 0, 0, 0, 1, 0
54893, 0, 1, 1, 0, 0, 0
54894, 1, 1, 1, 0, 1, 0
54895, 7, 2, 2, 0, 7, 0
54897, 1, 0, 0, 0, 0, 1
54898, 1, 0, 0, 0, 1, 0
54899, 1, 0, 0, 0, 1, 0
54900, 1, 0, 0, 0, 0, 1
54901, 0, 1, 0, 1, 0, 0
54904, 1, 0, 0, 0, 1, 0
54905, 0, 1, 1, 0, 0, 0
54906, 1, 0, 0, 0, 1, 0
86444, 0, 1, 1, 0, 0, 0
54909, 2, 1, 1, 0, 2, 0
54915, 1, 0, 0, 0, 1, 0
54916, 1, 1, 1, 0, 1, 0
74574, 0, 1, 1, 0, 0, 0
54918, 1, 0, 0, 0, 1, 0
54919, 1, 0, 0, 0, 0, 1
54920, 1, 0, 0, 0, 1, 0
54921, 0, 1, 1, 0, 0, 0
54923, 1, 0, 0, 0, 1, 0
54924, 1, 0, 0, 0, 1, 0
54925, 1, 0, 0, 0, 1, 0
75212, 1, 1, 1, 0, 1, 0
77584, 0, 1, 1, 0, 0, 0
77585, 0, 1, 1, 0, 0, 0
77586, 28, 2, 2, 0, 26, 2
77589, 0, 1, 1, 0, 0, 0
70701, 7, 3, 3, 0, 7, 0
75561, 5, 1, 1, 0, 5, 0
84744, 1, 1, 1, 0, 1, 0
54934, 1, 0, 0, 0, 1, 0
54935, 2, 0, 0, 0, 0, 2
94090, 1, 1, 1, 0, 1, 0
54940, 1, 0, 0, 0, 0, 1
54941, 1, 0, 0, 0, 0, 1
54943, 0, 1, 1, 0, 0, 0
54944, 0, 1, 1, 0, 0, 0
54945, 6, 0, 0, 0, 1, 5
54947, 1, 0, 0, 0, 1, 0
54949, 1, 0, 0, 0, 1, 0
54950, 1, 0, 0, 0, 1, 0
54951, 1, 0, 0, 0, 0, 1
54952, 1, 0, 0, 0, 1, 0
54953, 0, 4, 4, 0, 0, 0
54954, 1, 0, 0, 0, 1, 0
54957, 1, 0, 0, 0, 0, 1
54958, 1, 0, 0, 0, 1, 0
54959, 1, 0, 0, 0, 1, 0
54961, 1, 0, 0, 0, 0, 1
54969, 1, 0, 0, 0, 0, 1
54971, 1, 0, 0, 0, 1, 0
54972, 1, 0, 0, 0, 0, 1
54974, 1, 0, 0, 0, 1, 0
54977, 0, 1, 0, 1, 0, 0
54979, 5, 0, 0, 0, 4, 1
54980, 2, 0, 0, 0, 2, 0
54981, 1, 0, 0, 0, 0, 1
54982, 1, 0, 0, 0, 1, 0
54983, 1, 0, 0, 0, 1, 0
54984, 1, 0, 0, 0, 1, 0
54986, 1, 0, 0, 0, 1, 0
54987, 1, 0, 0, 0, 0, 1
54988, 1, 0, 0, 0, 0, 1
54989, 1, 0, 0, 0, 0, 1
54990, 1, 0, 0, 0, 1, 0
54991, 1, 0, 0, 0, 1, 0
54992, 1, 0, 0, 0, 1, 0
54993, 0, 1, 1, 0, 0, 0
61636, 1, 4, 4, 0, 1, 0
73549, 1, 3, 3, 0, 1, 0
78632, 5, 2, 2, 0, 5, 0
78634, 3, 2, 2, 0, 3, 0
78847, 2, 1, 1, 0, 2, 0
78849, 8, 1, 1, 0, 8, 0
78850, 3, 1, 1, 0, 3, 0
78852, 1, 1, 1, 0, 1, 0
78853, 2, 2, 2, 0, 2, 0
78855, 1, 1, 1, 0, 1, 0
78856, 2, 1, 1, 0, 2, 0
78858, 2, 1, 1, 0, 2, 0
78859, 1, 1, 1, 0, 1, 0
78860, 7, 1, 1, 0, 2, 5
78869, 2, 2, 2, 0, 2, 0
78870, 1, 1, 1, 0, 1, 0
54998, 1, 0, 0, 0, 1, 0
54999, 4, 0, 0, 0, 3, 1
55001, 1, 0, 0, 0, 1, 0
55003, 0, 1, 1, 0, 0, 0
55004, 3, 0, 0, 0, 1, 2
55010, 1, 0, 0, 0, 1, 0
55011, 1, 0, 0, 0, 0, 1
55012, 1, 0, 0, 0, 1, 0
55013, 1, 0, 0, 0, 1, 0
55014, 3, 0, 0, 0, 3, 0
55018, 1, 1, 1, 0, 1, 0
55017, 1, 0, 0, 0, 0, 1
55019, 1, 0, 0, 0, 0, 1
55021, 1, 0, 0, 0, 1, 0
55022, 2, 0, 0, 0, 1, 1
55023, 1, 0, 0, 0, 0, 1
55058, 1, 0, 0, 0, 1, 0
55059, 1, 0, 0, 0, 1, 0
55065, 1, 0, 0, 0, 1, 0
68948, 1, 1, 1, 0, 1, 0
55071, 1, 0, 0, 0, 1, 0
55072, 1, 0, 0, 0, 0, 1
55074, 2, 0, 0, 0, 0, 2
55075, 1, 0, 0, 0, 0, 1
55077, 0, 2, 2, 0, 0, 0
55078, 1, 0, 0, 0, 1, 0
59341, 2, 1, 1, 0, 2, 0
55081, 1, 0, 0, 0, 1, 0
55082, 1, 0, 0, 0, 1, 0
67304, 0, 1, 1, 0, 0, 0
55089, 1, 0, 0, 0, 1, 0
55092, 0, 1, 1, 0, 0, 0
55093, 1, 1, 1, 0, 1, 0
55095, 1, 1, 1, 0, 1, 0
55096, 2, 1, 1, 0, 2, 0
55097, 1, 0, 0, 0, 1, 0
55098, 3, 3, 2, 1, 3, 0
55612, 1, 1, 1, 0, 1, 0
55099, 2, 0, 0, 0, 2, 0
62575, 2, 1, 1, 0, 2, 0
55102, 1, 0, 0, 0, 1, 0
55103, 1, 0, 0, 0, 0, 1
55104, 1, 0, 0, 0, 1, 0
55105, 2, 0, 0, 0, 1, 1
55106, 6, 0, 0, 0, 5, 1
55107, 0, 2, 2, 0, 0, 0
55108, 0, 1, 1, 0, 0, 0
55109, 7, 0, 0, 0, 3, 4
60697, 0, 1, 1, 0, 0, 0
60698, 3, 7, 7, 0, 3, 0
60699, 0, 4, 4, 0, 0, 0
60700, 0, 1, 1, 0, 0, 0
55113, 1, 0, 0, 0, 1, 0
55115, 1, 0, 0, 0, 0, 1
55117, 1, 1, 1, 0, 1, 0
55276, 3, 1, 1, 0, 2, 1
59178, 4, 1, 1, 0, 4, 0
59179, 0, 1, 1, 0, 0, 0
59180, 0, 1, 1, 0, 0, 0
88504, 1, 1, 1, 0, 1, 0
55120, 1, 0, 0, 0, 0, 1
55121, 1, 0, 0, 0, 1, 0
55122, 1, 0, 0, 0, 0, 1
55124, 1, 0, 0, 0, 1, 0
55125, 1, 0, 0, 0, 1, 0
55126, 1, 0, 0, 0, 1, 0
55128, 1, 0, 0, 0, 1, 0
55130, 2, 1, 1, 0, 2, 0
55131, 2, 0, 0, 0, 2, 0
55134, 1, 0, 0, 0, 1, 0
55137, 6, 0, 0, 0, 5, 1
102559, 1, 1, 1, 0, 1, 0
55979, 0, 1, 1, 0, 0, 0
78388, 0, 1, 1, 0, 0, 0
55140, 1, 0, 0, 0, 1, 0
68533, 1, 3, 3, 0, 1, 0
55146, 2, 0, 0, 0, 2, 0
55147, 1, 0, 0, 0, 1, 0
55149, 1, 0, 0, 0, 0, 1
55151, 1, 0, 0, 0, 1, 0
55152, 2, 0, 0, 0, 2, 0
55153, 1, 0, 0, 0, 1, 0
55154, 1, 0, 0, 0, 1, 0
55155, 0, 1, 1, 0, 0, 0
55157, 1, 0, 0, 0, 1, 0
55158, 0, 1, 1, 0, 0, 0
55159, 1, 0, 0, 0, 1, 0
55160, 1, 0, 0, 0, 1, 0
55161, 0, 4, 4, 0, 0, 0
55162, 1, 0, 0, 0, 1, 0
55163, 1, 0, 0, 0, 1, 0
55164, 1, 0, 0, 0, 1, 0
55165, 1, 0, 0, 0, 1, 0
55166, 2, 0, 0, 0, 2, 0
55167, 1, 0, 0, 0, 1, 0
55168, 1, 0, 0, 0, 1, 0
55169, 1, 0, 0, 0, 1, 0
55171, 1, 0, 0, 0, 1, 0
55173, 1, 2, 2, 0, 1, 0
55483, 0, 2, 2, 0, 0, 0
55175, 1, 0, 0, 0, 1, 0
59461, 0, 1, 0, 1, 0, 0
55177, 1, 0, 0, 0, 1, 0
55180, 1, 0, 0, 0, 1, 0
64909, 1, 2, 2, 0, 1, 0
63747, 1, 1, 1, 0, 1, 0
55187, 2, 0, 0, 0, 2, 0
55189, 1, 0, 0, 0, 1, 0
55190, 1, 0, 0, 0, 1, 0
55191, 2, 2, 2, 0, 2, 0
55196, 1, 0, 0, 0, 0, 1
56289, 0, 1, 1, 0, 0, 0
55200, 1, 0, 0, 0, 1, 0
55201, 1, 0, 0, 0, 1, 0
55202, 0, 1, 1, 0, 0, 0
55203, 3, 0, 0, 0, 2, 1
55204, 1, 1, 1, 0, 1, 0
55206, 1, 0, 0, 0, 1, 0
55207, 2, 0, 0, 0, 1, 1
55208, 0, 1, 0, 1, 0, 0
55210, 0, 1, 0, 1, 0, 0
55216, 1, 0, 0, 0, 1, 0
55218, 1, 0, 0, 0, 1, 0
55219, 0, 1, 1, 0, 0, 0
55221, 1, 0, 0, 0, 0, 1
55222, 1, 0, 0, 0, 1, 0
55224, 0, 1, 1, 0, 0, 0
55225, 1, 0, 0, 0, 1, 0
55226, 1, 0, 0, 0, 0, 1
55229, 1, 0, 0, 0, 0, 1
78651, 1, 1, 1, 0, 1, 0
55231, 1, 0, 0, 0, 0, 1
55232, 1, 0, 0, 0, 1, 0
55233, 1, 0, 0, 0, 0, 1
55235, 1, 1, 1, 0, 1, 0
55236, 1, 0, 0, 0, 1, 0
55237, 1, 0, 0, 0, 0, 1
55240, 0, 1, 0, 1, 0, 0
90465, 2, 1, 1, 0, 2, 0
90497, 0, 1, 1, 0, 0, 0
55241, 1, 0, 0, 0, 1, 0
55242, 1, 1, 1, 0, 1, 0
55244, 1, 0, 0, 0, 1, 0
85037, 0, 1, 1, 0, 0, 0
55247, 1, 0, 0, 0, 1, 0
55248, 1, 0, 0, 0, 1, 0
66024, 1, 1, 1, 0, 1, 0
71100, 2, 1, 1, 0, 2, 0
55250, 1, 0, 0, 0, 1, 0
55251, 1, 0, 0, 0, 1, 0
55252, 0, 1, 1, 0, 0, 0
55254, 1, 0, 0, 0, 0, 1
55256, 1, 0, 0, 0, 1, 0
55257, 1, 0, 0, 0, 1, 0
58660, 1, 3, 3, 0, 1, 0
68448, 2, 3, 3, 0, 2, 0
73457, 0, 1, 1, 0, 0, 0
73458, 0, 1, 1, 0, 0, 0
55266, 1, 0, 0, 0, 1, 0
55267, 1, 0, 0, 0, 1, 0
55269, 1, 0, 0, 0, 1, 0
55270, 0, 2, 2, 0, 0, 0
55271, 1, 0, 0, 0, 1, 0
55272, 1, 0, 0, 0, 1, 0
55273, 1, 0, 0, 0, 1, 0
55274, 3, 0, 0, 0, 3, 0
63636, 1, 14, 14, 0, 1, 0
115193, 0, 1, 1, 0, 0, 0
67006, 1, 1, 1, 0, 1, 0
55283, 1, 0, 0, 0, 1, 0
55284, 3, 0, 0, 0, 0, 3
114071, 0, 1, 0, 1, 0, 0
55286, 5, 0, 0, 0, 5, 0
55287, 0, 1, 1, 0, 0, 0
55288, 1, 0, 0, 0, 1, 0
55289, 1, 0, 0, 0, 1, 0
55290, 1, 0, 0, 0, 1, 0
55291, 1, 0, 0, 0, 0, 1
55292, 1, 0, 0, 0, 1, 0
55294, 1, 0, 0, 0, 1, 0
55296, 1, 0, 0, 0, 1, 0
55297, 1, 0, 0, 0, 1, 0
55298, 1, 0, 0, 0, 1, 0
55299, 1, 0, 0, 0, 1, 0
55302, 2, 0, 0, 0, 2, 0
55303, 0, 2, 1, 1, 0, 0
55305, 1, 0, 0, 0, 1, 0
55307, 1, 0, 0, 0, 1, 0
55308, 2, 0, 0, 0, 0, 2
55309, 0, 1, 0, 1, 0, 0
55310, 1, 0, 0, 0, 1, 0
60559, 0, 1, 1, 0, 0, 0
55316, 1, 0, 0, 0, 1, 0
55317, 1, 1, 1, 0, 1, 0
55318, 2, 0, 0, 0, 2, 0
55319, 0, 1, 1, 0, 0, 0
55320, 1, 0, 0, 0, 1, 0
55321, 0, 1, 1, 0, 0, 0
57001, 1, 5, 1, 4, 1, 0
55325, 1, 0, 0, 0, 1, 0
55326, 1, 0, 0, 0, 0, 1
55327, 2, 0, 0, 0, 1, 1
55328, 1, 0, 0, 0, 1, 0
55329, 1, 0, 0, 0, 1, 0
55330, 0, 1, 1, 0, 0, 0
55331, 1, 0, 0, 0, 1, 0
55332, 2, 0, 0, 0, 1, 1
55333, 1, 0, 0, 0, 1, 0
55334, 1, 0, 0, 0, 1, 0
55338, 1, 0, 0, 0, 1, 0
55339, 1, 1, 1, 0, 1, 0
55340, 1, 0, 0, 0, 0, 1
55341, 6, 0, 0, 0, 6, 0
55343, 1, 0, 0, 0, 0, 1
55344, 1, 0, 0, 0, 1, 0
55345, 2, 0, 0, 0, 2, 0
55346, 0, 2, 2, 0, 0, 0
55347, 1, 1, 1, 0, 1, 0
55349, 5, 0, 0, 0, 5, 0
66818, 3, 2, 2, 0, 3, 0
67925, 1, 1, 1, 0, 1, 0
68130, 1, 2, 2, 0, 1, 0
68356, 1, 1, 1, 0, 1, 0
69553, 0, 1, 1, 0, 0, 0
69554, 0, 1, 1, 0, 0, 0
55352, 1, 0, 0, 0, 1, 0
55353, 1, 0, 0, 0, 1, 0
79689, 0, 1, 1, 0, 0, 0
79690, 0, 1, 1, 0, 0, 0
79691, 0, 1, 1, 0, 0, 0
55361, 1, 0, 0, 0, 0, 1
55363, 0, 1, 0, 1, 0, 0
71704, 2, 2, 2, 0, 2, 0
71705, 2, 2, 2, 0, 2, 0
55366, 1, 0, 0, 0, 1, 0
55367, 1, 0, 0, 0, 1, 0
55368, 1, 0, 0, 0, 1, 0
55369, 2, 1, 1, 0, 1, 1
55371, 1, 0, 0, 0, 1, 0
55372, 1, 0, 0, 0, 1, 0
55373, 2, 1, 1, 0, 1, 1
55374, 1, 1, 1, 0, 1, 0
55375, 1, 0, 0, 0, 1, 0
55376, 0, 1, 1, 0, 0, 0
125742, 0, 1, 1, 0, 0, 0
55379, 1, 0, 0, 0, 1, 0
75855, 3, 2, 2, 0, 3, 0
79534, 1, 1, 1, 0, 1, 0
83199, 3, 1, 1, 0, 3, 0
84213, 1, 3, 3, 0, 1, 0
55388, 1, 0, 0, 0, 1, 0
55389, 1, 0, 0, 0, 1, 0
55390, 1, 0, 0, 0, 1, 0
55391, 8, 0, 0, 0, 3, 5
55392, 0, 1, 1, 0, 0, 0
55393, 0, 2, 2, 0, 0, 0
55394, 1, 0, 0, 0, 0, 1
55395, 1, 0, 0, 0, 1, 0
55399, 1, 0, 0, 0, 1, 0
55400, 3, 0, 0, 0, 3, 0
55402, 1, 0, 0, 0, 1, 0
55403, 1, 1, 1, 0, 1, 0
55404, 2, 2, 2, 0, 2, 0
84025, 1, 1, 1, 0, 1, 0
104147, 1, 2, 2, 0, 1, 0
55408, 1, 1, 1, 0, 1, 0
55409, 1, 0, 0, 0, 1, 0
55410, 1, 0, 0, 0, 1, 0
55412, 1, 0, 0, 0, 0, 1
55413, 0, 1, 0, 1, 0, 0
55416, 1, 0, 0, 0, 0, 1
55417, 1, 0, 0, 0, 0, 1
55418, 1, 0, 0, 0, 1, 0
55420, 1, 0, 0, 0, 1, 0
55421, 2, 0, 0, 0, 2, 0
122308, 0, 1, 1, 0, 0, 0
55422, 1, 0, 0, 0, 1, 0
55423, 1, 0, 0, 0, 1, 0
55427, 1, 0, 0, 0, 1, 0
55428, 1, 0, 0, 0, 1, 0
55429, 1, 1, 0, 1, 0, 1
55430, 1, 0, 0, 0, 1, 0
55432, 1, 0, 0, 0, 0, 1
55439, 1, 0, 0, 0, 1, 0
55441, 2, 0, 0, 0, 2, 0
55447, 1, 0, 0, 0, 1, 0
55449, 1, 0, 0, 0, 0, 1
70175, 0, 1, 1, 0, 0, 0
55453, 1, 0, 0, 0, 0, 1
55454, 1, 0, 0, 0, 1, 0
55455, 0, 1, 1, 0, 0, 0
55456, 1, 0, 0, 0, 1, 0
55458, 5, 0, 0, 0, 5, 0
55460, 1, 1, 0, 1, 1, 0
55461, 0, 1, 1, 0, 0, 0
55462, 6, 0, 0, 0, 6, 0
57951, 0, 1, 0, 1, 0, 0
55470, 1, 0, 0, 0, 1, 0
58993, 1, 1, 1, 0, 1, 0
60838, 2, 1, 1, 0, 2, 0
55473, 1, 0, 0, 0, 1, 0
55477, 1, 0, 0, 0, 1, 0
55478, 1, 0, 0, 0, 1, 0
55481, 1, 1, 0, 1, 1, 0
55485, 1, 0, 0, 0, 1, 0
55486, 2, 0, 0, 0, 2, 0
55488, 1, 0, 0, 0, 1, 0
55489, 1, 0, 0, 0, 1, 0
55490, 1, 0, 0, 0, 1, 0
55492, 1, 0, 0, 0, 1, 0
55493, 1, 0, 0, 0, 1, 0
55495, 1, 0, 0, 0, 1, 0
55496, 1, 0, 0, 0, 1, 0
55497, 0, 3, 3, 0, 0, 0
55498, 1, 0, 0, 0, 1, 0
55506, 5, 1, 0, 1, 5, 0
55507, 2, 0, 0, 0, 1, 1
55508, 0, 1, 0, 1, 0, 0
55510, 0, 1, 1, 0, 0, 0
55511, 0, 1, 0, 1, 0, 0
55512, 1, 0, 0, 0, 1, 0
55513, 1, 0, 0, 0, 1, 0
55514, 1, 0, 0, 0, 1, 0
55515, 2, 1, 1, 0, 2, 0
55517, 1, 1, 1, 0, 1, 0
55518, 12, 1, 1, 0, 12, 0
59472, 0, 1, 1, 0, 0, 0
55519, 1, 0, 0, 0, 1, 0
55520, 1, 0, 0, 0, 1, 0
55521, 1, 0, 0, 0, 0, 1
55522, 3, 2, 0, 2, 3, 0
55524, 5, 1, 1, 0, 4, 1
89162, 0, 1, 0, 1, 0, 0
89163, 0, 1, 1, 0, 0, 0
55525, 1, 0, 0, 0, 1, 0
55526, 1, 0, 0, 0, 1, 0
60648, 2, 1, 1, 0, 2, 0
61671, 2, 2, 1, 1, 2, 0
61787, 0, 1, 1, 0, 0, 0
55528, 1, 0, 0, 0, 0, 1
55530, 1, 0, 0, 0, 0, 1
55534, 1, 1, 1, 0, 1, 0
55535, 1, 1, 1, 0, 1, 0
55536, 1, 0, 0, 0, 1, 0
55738, 1, 3, 2, 1, 1, 0
86138, 0, 1, 1, 0, 0, 0
55543, 1, 0, 0, 0, 0, 1
55544, 1, 0, 0, 0, 0, 1
55545, 1, 1, 1, 0, 1, 0
82318, 0, 1, 1, 0, 0, 0
55547, 1, 0, 0, 0, 1, 0
55548, 1, 0, 0, 0, 1, 0
55549, 1, 0, 0, 0, 0, 1
55550, 1, 3, 2, 1, 0, 1
55551, 1, 0, 0, 0, 1, 0
55553, 1, 0, 0, 0, 1, 0
55554, 1, 0, 0, 0, 1, 0
55556, 1, 0, 0, 0, 1, 0
55557, 1, 0, 0, 0, 0, 1
55558, 1, 0, 0, 0, 1, 0
55559, 1, 0, 0, 0, 1, 0
55565, 1, 0, 0, 0, 1, 0
81142, 1, 1, 1, 0, 1, 0
55568, 3, 1, 1, 0, 2, 1
60024, 2, 2, 2, 0, 2, 0
60092, 0, 1, 1, 0, 0, 0
55570, 1, 0, 0, 0, 1, 0
55571, 1, 0, 0, 0, 1, 0
55573, 1, 0, 0, 0, 1, 0
65414, 1, 1, 1, 0, 1, 0
55576, 1, 0, 0, 0, 1, 0
55578, 2, 0, 0, 0, 2, 0
55581, 1, 0, 0, 0, 1, 0
55582, 1, 0, 0, 0, 1, 0
55583, 1, 0, 0, 0, 1, 0
55585, 1, 0, 0, 0, 1, 0
55586, 2, 1, 0, 1, 0, 2
55587, 2, 0, 0, 0, 2, 0
55588, 3, 4, 4, 0, 3, 0
55589, 4, 0, 0, 0, 2, 2
55590, 2, 3, 3, 0, 1, 1
55591, 1, 0, 0, 0, 0, 1
55593, 1, 0, 0, 0, 1, 0
55594, 1, 0, 0, 0, 1, 0
55595, 1, 0, 0, 0, 1, 0
55598, 7, 0, 0, 0, 0, 7
55600, 1, 1, 1, 0, 1, 0
55877, 1, 1, 1, 0, 1, 0
55608, 7, 2, 1, 1, 7, 0
55609, 1, 0, 0, 0, 1, 0
55614, 2, 0, 0, 0, 2, 0
55615, 1, 0, 0, 0, 1, 0
73899, 3, 2, 2, 0, 3, 0
55617, 1, 0, 0, 0, 1, 0
55618, 1, 0, 0, 0, 1, 0
55619, 3, 6, 6, 0, 3, 0
55625, 1, 1, 1, 0, 1, 0
55626, 3, 1, 1, 0, 3, 0
55627, 2, 2, 2, 0, 2, 0
55620, 1, 0, 0, 0, 1, 0
55621, 1, 0, 0, 0, 1, 0
55622, 1, 0, 0, 0, 1, 0
55623, 0, 1, 1, 0, 0, 0
55636, 1, 1, 1, 0, 1, 0
55637, 0, 1, 1, 0, 0, 0
55628, 2, 0, 0, 0, 1, 1
68419, 0, 2, 2, 0, 0, 0
82144, 1, 1, 1, 0, 1, 0
55631, 5, 0, 0, 0, 5, 0
55632, 0, 1, 1, 0, 0, 0
55633, 2, 0, 0, 0, 1, 1
55634, 0, 1, 1, 0, 0, 0
55635, 0, 1, 0, 1, 0, 0
55638, 1, 0, 0, 0, 0, 1
55639, 2, 0, 0, 0, 2, 0
55640, 1, 0, 0, 0, 1, 0
55643, 1, 0, 0, 0, 1, 0
55645, 1, 0, 0, 0, 1, 0
55647, 1, 0, 0, 0, 0, 1
55648, 2, 0, 0, 0, 0, 2
55651, 1, 0, 0, 0, 1, 0
56384, 1, 1, 1, 0, 1, 0
55653, 3, 0, 0, 0, 3, 0
55658, 2, 0, 0, 0, 2, 0
55659, 1, 1, 1, 0, 1, 0
55660, 7, 0, 0, 0, 5, 2
55662, 1, 0, 0, 0, 1, 0
55663, 3, 0, 0, 0, 3, 0
55664, 0, 1, 1, 0, 0, 0
55666, 1, 0, 0, 0, 1, 0
81856, 1, 1, 1, 0, 1, 0
83157, 0, 1, 1, 0, 0, 0
55673, 2, 1, 0, 1, 1, 1
55674, 3, 0, 0, 0, 3, 0
55675, 1, 0, 0, 0, 1, 0
55676, 1, 0, 0, 0, 1, 0
55677, 1, 0, 0, 0, 0, 1
55679, 1, 0, 0, 0, 1, 0
55680, 0, 1, 1, 0, 0, 0
55681, 1, 0, 0, 0, 1, 0
88395, 0, 1, 1, 0, 0, 0
55687, 1, 0, 0, 0, 1, 0
55689, 1, 0, 0, 0, 1, 0
55690, 0, 1, 1, 0, 0, 0
55691, 1, 0, 0, 0, 1, 0
55692, 1, 0, 0, 0, 1, 0
55695, 1, 0, 0, 0, 1, 0
55696, 1, 0, 0, 0, 0, 1
55697, 1, 0, 0, 0, 1, 0
55698, 1, 0, 0, 0, 1, 0
55700, 1, 0, 0, 0, 1, 0
55702, 0, 1, 1, 0, 0, 0
60151, 0, 1, 1, 0, 0, 0
60152, 0, 1, 1, 0, 0, 0
55705, 2, 0, 0, 0, 2, 0
55706, 2, 1, 1, 0, 2, 0
55708, 4, 3, 3, 0, 1, 3
56865, 0, 1, 0, 1, 0, 0
57738, 1, 1, 1, 0, 1, 0
58826, 0, 2, 2, 0, 0, 0
58827, 0, 1, 1, 0, 0, 0
55711, 1, 0, 0, 0, 1, 0
55712, 0, 1, 1, 0, 0, 0
55713, 1, 0, 0, 0, 1, 0
55714, 1, 0, 0, 0, 1, 0
55715, 1, 0, 0, 0, 1, 0
55718, 4, 0, 0, 0, 4, 0
55719, 1, 0, 0, 0, 0, 1
55720, 1, 0, 0, 0, 1, 0
55721, 0, 1, 1, 0, 0, 0
55724, 22, 2, 1, 1, 4, 18
105602, 11, 3, 3, 0, 11, 0
55727, 1, 0, 0, 0, 0, 1
55728, 3, 1, 0, 1, 2, 1
55729, 4, 1, 0, 1, 3, 1
61751, 0, 2, 2, 0, 0, 0
61752, 0, 1, 1, 0, 0, 0
61753, 0, 1, 1, 0, 0, 0
55731, 0, 1, 1, 0, 0, 0
55732, 1, 0, 0, 0, 1, 0
55733, 1, 0, 0, 0, 1, 0
63079, 2, 2, 2, 0, 2, 0
55736, 4, 1, 1, 0, 1, 3
81655, 0, 1, 1, 0, 0, 0
55741, 1, 0, 0, 0, 1, 0
55743, 1, 0, 0, 0, 1, 0
55744, 0, 1, 1, 0, 0, 0
55745, 1, 0, 0, 0, 1, 0
55746, 1, 0, 0, 0, 0, 1
55747, 1, 0, 0, 0, 1, 0
55750, 3, 0, 0, 0, 3, 0
55751, 2, 0, 0, 0, 2, 0
55752, 1, 0, 0, 0, 1, 0
55753, 1, 0, 0, 0, 0, 1
55754, 1, 1, 1, 0, 1, 0
55755, 1, 1, 1, 0, 1, 0
55756, 1, 0, 0, 0, 1, 0
55757, 1, 0, 0, 0, 1, 0
55758, 1, 0, 0, 0, 1, 0
55759, 2, 0, 0, 0, 1, 1
55768, 1, 0, 0, 0, 1, 0
55769, 1, 0, 0, 0, 1, 0
55770, 6, 0, 0, 0, 2, 4
55771, 5, 1, 0, 1, 1, 4
55772, 0, 2, 1, 1, 0, 0
57536, 0, 1, 1, 0, 0, 0
55773, 1, 0, 0, 0, 1, 0
55774, 1, 1, 1, 0, 1, 0
59644, 0, 1, 1, 0, 0, 0
55775, 2, 0, 0, 0, 2, 0
55777, 3, 0, 0, 0, 3, 0
55778, 1, 0, 0, 0, 1, 0
55779, 1, 0, 0, 0, 1, 0
55780, 1, 0, 0, 0, 1, 0
55789, 1, 0, 0, 0, 1, 0
55790, 1, 0, 0, 0, 1, 0
55791, 0, 1, 1, 0, 0, 0
55792, 1, 0, 0, 0, 1, 0
63211, 3, 1, 1, 0, 3, 0
55794, 1, 0, 0, 0, 1, 0
55795, 0, 1, 1, 0, 0, 0
55796, 4, 0, 0, 0, 2, 2
55797, 2, 0, 0, 0, 1, 1
55799, 3, 0, 0, 0, 0, 3
55802, 1, 0, 0, 0, 1, 0
55803, 1, 0, 0, 0, 1, 0
55809, 1, 0, 0, 0, 1, 0
55810, 1, 0, 0, 0, 1, 0
55813, 1, 0, 0, 0, 1, 0
55814, 1, 0, 0, 0, 0, 1
55818, 1, 0, 0, 0, 1, 0
55820, 1, 1, 1, 0, 1, 0
55822, 1, 0, 0, 0, 0, 1
55823, 1, 1, 1, 0, 1, 0
80132, 1, 1, 1, 0, 1, 0
55825, 1, 0, 0, 0, 1, 0
55827, 1, 0, 0, 0, 1, 0
55828, 0, 1, 1, 0, 0, 0
55829, 1, 0, 0, 0, 1, 0
55830, 1, 0, 0, 0, 1, 0
55831, 1, 0, 0, 0, 1, 0
55832, 2, 0, 0, 0, 1, 1
55834, 1, 0, 0, 0, 1, 0
55835, 1, 15, 15, 0, 1, 0
55836, 1, 0, 0, 0, 1, 0
55837, 1, 0, 0, 0, 1, 0
55839, 1, 0, 0, 0, 1, 0
55840, 1, 0, 0, 0, 1, 0
55841, 1, 0, 0, 0, 1, 0
55842, 1, 0, 0, 0, 1, 0
55843, 0, 1, 1, 0, 0, 0
55845, 1, 0, 0, 0, 1, 0
78294, 0, 1, 1, 0, 0, 0
55848, 1, 0, 0, 0, 1, 0
55849, 1, 0, 0, 0, 1, 0
55852, 1, 1, 1, 0, 1, 0
55853, 2, 1, 1, 0, 2, 0
55854, 2, 0, 0, 0, 2, 0
55855, 1, 0, 0, 0, 1, 0
55856, 1, 0, 0, 0, 1, 0
55857, 1, 0, 0, 0, 1, 0
55859, 1, 0, 0, 0, 1, 0
55860, 4, 0, 0, 0, 2, 2
55863, 0, 1, 1, 0, 0, 0
97847, 1, 1, 1, 0, 1, 0
55864, 1, 0, 0, 0, 1, 0
55885, 1, 1, 1, 0, 1, 0
62163, 1, 1, 1, 0, 1, 0
63269, 0, 1, 1, 0, 0, 0
55868, 4, 0, 0, 0, 4, 0
55869, 1, 0, 0, 0, 1, 0
55870, 0, 1, 1, 0, 0, 0
55871, 1, 0, 0, 0, 0, 1
55873, 2, 0, 0, 0, 2, 0
55874, 1, 0, 0, 0, 1, 0
55875, 1, 0, 0, 0, 1, 0
55880, 1, 0, 0, 0, 1, 0
55881, 1, 1, 1, 0, 1, 0
56043, 0, 4, 3, 1, 0, 0
55882, 1, 0, 0, 0, 0, 1
55884, 4, 0, 0, 0, 4, 0
55886, 1, 0, 0, 0, 1, 0
55888, 1, 0, 0, 0, 1, 0
55889, 1, 0, 0, 0, 1, 0
55890, 2, 2, 2, 0, 2, 0
55891, 8, 5, 4, 1, 8, 0
55892, 3, 3, 3, 0, 3, 0
57009, 5, 1, 1, 0, 4, 1
55893, 1, 0, 0, 0, 1, 0
55894, 2, 0, 0, 0, 0, 2
55895, 1, 0, 0, 0, 1, 0
76475, 0, 1, 1, 0, 0, 0
105750, 1, 1, 1, 0, 1, 0
57476, 0, 1, 1, 0, 0, 0
62746, 2, 2, 2, 0, 2, 0
55905, 2, 0, 0, 0, 0, 2
55906, 1, 0, 0, 0, 1, 0
55907, 1, 0, 0, 0, 1, 0
55908, 1, 0, 0, 0, 1, 0
55909, 1, 0, 0, 0, 1, 0
55912, 1, 0, 0, 0, 1, 0
64775, 2, 2, 2, 0, 2, 0
64776, 1, 3, 3, 0, 1, 0
65757, 0, 5, 5, 0, 0, 0
65762, 0, 1, 1, 0, 0, 0
65763, 0, 1, 1, 0, 0, 0
65765, 1, 2, 2, 0, 1, 0
65766, 0, 1, 1, 0, 0, 0
55915, 3, 0, 0, 0, 3, 0
55916, 0, 1, 1, 0, 0, 0
55917, 1, 0, 0, 0, 1, 0
55918, 1, 0, 0, 0, 0, 1
65229, 1, 1, 1, 0, 1, 0
55923, 2, 0, 0, 0, 0, 2
55925, 1, 0, 0, 0, 1, 0
55926, 2, 1, 1, 0, 2, 0
100085, 0, 1, 1, 0, 0, 0
55928, 1, 0, 0, 0, 1, 0
55929, 0, 1, 1, 0, 0, 0
55931, 1, 0, 0, 0, 1, 0
70909, 0, 1, 0, 1, 0, 0
55934, 1, 0, 0, 0, 1, 0
55935, 1, 0, 0, 0, 0, 1
55936, 1, 0, 0, 0, 1, 0
55937, 1, 0, 0, 0, 0, 1
55938, 1, 0, 0, 0, 1, 0
55948, 10, 0, 0, 0, 10, 0
55949, 0, 1, 1, 0, 0, 0
55955, 1, 0, 0, 0, 0, 1
85768, 2, 1, 1, 0, 2, 0
55965, 1, 0, 0, 0, 1, 0
55966, 1, 0, 0, 0, 1, 0
55969, 3, 1, 1, 0, 3, 0
55972, 1, 0, 0, 0, 1, 0
55973, 1, 0, 0, 0, 0, 1
55974, 2, 0, 0, 0, 1, 1
55975, 4, 0, 0, 0, 4, 0
55977, 1, 0, 0, 0, 0, 1
55980, 3, 1, 1, 0, 3, 0
55981, 2, 0, 0, 0, 2, 0
68469, 2, 2, 2, 0, 2, 0
55986, 1, 0, 0, 0, 1, 0
81276, 0, 1, 1, 0, 0, 0
65989, 1, 1, 1, 0, 1, 0
66662, 0, 1, 1, 0, 0, 0
66663, 0, 1, 1, 0, 0, 0
56005, 1, 0, 0, 0, 0, 1
56006, 1, 0, 0, 0, 1, 0
56008, 1, 0, 0, 0, 1, 0
56010, 1, 0, 0, 0, 1, 0
56011, 1, 0, 0, 0, 0, 1
56012, 1, 0, 0, 0, 1, 0
56013, 0, 1, 1, 0, 0, 0
56018, 1, 1, 1, 0, 1, 0
84612, 2, 1, 1, 0, 2, 0
103493, 0, 1, 1, 0, 0, 0
87357, 0, 2, 2, 0, 0, 0
56038, 1, 0, 0, 0, 1, 0
56040, 1, 1, 0, 1, 1, 0
56041, 1, 0, 0, 0, 1, 0
56042, 1, 0, 0, 0, 1, 0
56044, 4, 1, 1, 0, 4, 0
56046, 1, 0, 0, 0, 1, 0
56048, 3, 0, 0, 0, 3, 0
56060, 1, 0, 0, 0, 1, 0
56061, 1, 0, 0, 0, 0, 1
56062, 1, 0, 0, 0, 1, 0
56064, 1, 0, 0, 0, 1, 0
56065, 1, 0, 0, 0, 1, 0
56066, 0, 1, 1, 0, 0, 0
56067, 1, 0, 0, 0, 1, 0
56068, 1, 1, 1, 0, 1, 0
56069, 4, 1, 1, 0, 4, 0
83604, 0, 1, 1, 0, 0, 0
83605, 0, 1, 1, 0, 0, 0
83606, 0, 1, 1, 0, 0, 0
56072, 1, 0, 0, 0, 1, 0
58685, 0, 1, 0, 1, 0, 0
58686, 0, 1, 1, 0, 0, 0
56075, 1, 0, 0, 0, 1, 0
56076, 1, 0, 0, 0, 1, 0
56077, 1, 0, 0, 0, 1, 0
56079, 1, 0, 0, 0, 1, 0
56080, 1, 0, 0, 0, 1, 0
56081, 0, 1, 1, 0, 0, 0
56083, 3, 0, 0, 0, 0, 3
56087, 1, 0, 0, 0, 1, 0
56089, 1, 0, 0, 0, 0, 1
56090, 0, 1, 0, 1, 0, 0
56091, 1, 0, 0, 0, 1, 0
56092, 2, 0, 0, 0, 2, 0
56095, 2, 0, 0, 0, 1, 1
56149, 0, 7, 7, 0, 0, 0
56343, 2, 2, 2, 0, 1, 1
56118, 1, 0, 0, 0, 1, 0
56122, 1, 0, 0, 0, 1, 0
56124, 1, 0, 0, 0, 1, 0
56125, 0, 1, 1, 0, 0, 0
56126, 1, 0, 0, 0, 1, 0
62509, 0, 1, 1, 0, 0, 0
62510, 0, 1, 1, 0, 0, 0
62511, 0, 1, 1, 0, 0, 0
62512, 0, 1, 1, 0, 0, 0
62513, 0, 1, 1, 0, 0, 0
56130, 2, 0, 0, 0, 2, 0
56131, 2, 1, 1, 0, 1, 1
56132, 1, 0, 0, 0, 1, 0
56133, 2, 0, 0, 0, 1, 1
116100, 0, 1, 0, 1, 0, 0
56134, 2, 0, 0, 0, 2, 0
56188, 0, 1, 1, 0, 0, 0
59322, 2, 2, 2, 0, 2, 0
76124, 0, 1, 1, 0, 0, 0
56998, 0, 1, 1, 0, 0, 0
60324, 0, 1, 1, 0, 0, 0
60325, 0, 1, 1, 0, 0, 0
57192, 0, 1, 1, 0, 0, 0
57193, 0, 1, 1, 0, 0, 0
56156, 1, 0, 0, 0, 1, 0
56157, 1, 0, 0, 0, 0, 1
59884, 0, 1, 0, 1, 0, 0
91648, 0, 1, 1, 0, 0, 0
91649, 0, 1, 1, 0, 0, 0
56172, 1, 0, 0, 0, 1, 0
56173, 1, 0, 0, 0, 1, 0
56174, 1, 0, 0, 0, 1, 0
56175, 1, 0, 0, 0, 1, 0
56176, 1, 0, 0, 0, 1, 0
56177, 1, 0, 0, 0, 1, 0
56178, 1, 0, 0, 0, 1, 0
56180, 1, 0, 0, 0, 1, 0
56184, 0, 1, 1, 0, 0, 0
56185, 1, 0, 0, 0, 1, 0
56186, 1, 0, 0, 0, 1, 0
56187, 2, 0, 0, 0, 2, 0
56189, 1, 0, 0, 0, 1, 0
56190, 1, 0, 0, 0, 1, 0
56191, 1, 0, 0, 0, 1, 0
56193, 1, 0, 0, 0, 0, 1
56194, 2, 0, 0, 0, 2, 0
113844, 0, 1, 1, 0, 0, 0
56197, 2, 0, 0, 0, 1, 1
56198, 1, 0, 0, 0, 1, 0
56201, 1, 0, 0, 0, 0, 1
56202, 0, 1, 0, 1, 0, 0
71304, 0, 1, 1, 0, 0, 0
66920, 4, 1, 1, 0, 4, 0
66921, 0, 2, 2, 0, 0, 0
84428, 1, 1, 1, 0, 1, 0
88582, 0, 1, 1, 0, 0, 0
57444, 3, 4, 3, 1, 3, 0
57538, 0, 1, 1, 0, 0, 0
56262, 0, 1, 1, 0, 0, 0
56221, 1, 0, 0, 0, 1, 0
56222, 1, 0, 0, 0, 1, 0
57227, 0, 1, 1, 0, 0, 0
57228, 2, 1, 1, 0, 2, 0
56228, 1, 0, 0, 0, 1, 0
56230, 1, 0, 0, 0, 0, 1
56231, 1, 1, 1, 0, 0, 1
56232, 1, 0, 0, 0, 0, 1
56233, 1, 0, 0, 0, 1, 0
56235, 1, 0, 0, 0, 1, 0
56236, 3, 0, 0, 0, 3, 0
56237, 1, 0, 0, 0, 0, 1
56238, 1, 0, 0, 0, 1, 0
56239, 1, 0, 0, 0, 1, 0
56240, 1, 0, 0, 0, 0, 1
56242, 1, 1, 1, 0, 1, 0
56243, 2, 1, 1, 0, 2, 0
56244, 2, 0, 0, 0, 2, 0
56246, 1, 0, 0, 0, 1, 0
56247, 1, 0, 0, 0, 1, 0
56248, 3, 0, 0, 0, 2, 1
56249, 0, 1, 0, 1, 0, 0
56252, 1, 0, 0, 0, 0, 1
56253, 1, 0, 0, 0, 1, 0
56254, 1, 0, 0, 0, 1, 0
56255, 1, 0, 0, 0, 1, 0
56256, 1, 0, 0, 0, 1, 0
56261, 2, 0, 0, 0, 2, 0
56269, 2, 0, 0, 0, 2, 0
56270, 0, 1, 1, 0, 0, 0
56271, 0, 1, 1, 0, 0, 0
56272, 1, 0, 0, 0, 0, 1
56273, 1, 0, 0, 0, 1, 0
58112, 3, 2, 2, 0, 3, 0
68734, 1, 3, 2, 1, 1, 0
56275, 1, 0, 0, 0, 0, 1
56277, 1, 0, 0, 0, 1, 0
56278, 1, 0, 0, 0, 1, 0
56279, 1, 0, 0, 0, 1, 0
56280, 2, 1, 1, 0, 2, 0
56281, 4, 1, 1, 0, 4, 0
56282, 0, 2, 2, 0, 0, 0
56283, 1, 0, 0, 0, 1, 0
56285, 1, 0, 0, 0, 0, 1
69702, 3, 1, 0, 1, 2, 1
79665, 1, 4, 4, 0, 1, 0
80165, 1, 1, 1, 0, 1, 0
80201, 1, 1, 1, 0, 1, 0
80208, 3, 2, 2, 0, 3, 0
80958, 0, 1, 1, 0, 0, 0
56287, 1, 0, 0, 0, 1, 0
56288, 0, 1, 1, 0, 0, 0
56291, 1, 0, 0, 0, 1, 0
56293, 1, 0, 0, 0, 1, 0
86447, 1, 1, 1, 0, 1, 0
56295, 1, 0, 0, 0, 1, 0
56296, 1, 0, 0, 0, 1, 0
56297, 0, 1, 1, 0, 0, 0
56298, 5, 0, 0, 0, 5, 0
56299, 5, 0, 0, 0, 5, 0
61661, 9, 2, 2, 0, 9, 0
56306, 1, 0, 0, 0, 0, 1
56310, 1, 0, 0, 0, 1, 0
56311, 1, 0, 0, 0, 1, 0
56312, 1, 0, 0, 0, 1, 0
56313, 1, 0, 0, 0, 1, 0
56314, 1, 0, 0, 0, 1, 0
56315, 1, 0, 0, 0, 1, 0
56316, 0, 1, 1, 0, 0, 0
56317, 1, 0, 0, 0, 1, 0
56318, 1, 0, 0, 0, 1, 0
56319, 1, 1, 1, 0, 1, 0
56320, 3, 0, 0, 0, 3, 0
56322, 1, 0, 0, 0, 1, 0
56327, 3, 1, 1, 0, 3, 0
56328, 1, 0, 0, 0, 1, 0
56329, 0, 1, 1, 0, 0, 0
56333, 1, 0, 0, 0, 1, 0
56334, 1, 0, 0, 0, 0, 1
56336, 3, 0, 0, 0, 2, 1
56340, 1, 1, 1, 0, 1, 0
56341, 6, 3, 3, 0, 6, 0
69917, 0, 1, 1, 0, 0, 0
69918, 0, 1, 1, 0, 0, 0
56617, 1, 4, 4, 0, 1, 0
61747, 1, 1, 1, 0, 1, 0
62811, 0, 1, 1, 0, 0, 0
62812, 0, 1, 1, 0, 0, 0
62813, 0, 1, 1, 0, 0, 0
62814, 0, 1, 1, 0, 0, 0
62815, 0, 1, 1, 0, 0, 0
62816, 0, 1, 1, 0, 0, 0
62817, 0, 1, 1, 0, 0, 0
62818, 0, 1, 1, 0, 0, 0
62819, 0, 1, 1, 0, 0, 0
62820, 0, 1, 1, 0, 0, 0
62821, 1, 1, 1, 0, 1, 0
62822, 1, 1, 1, 0, 1, 0
62823, 0, 1, 1, 0, 0, 0
62824, 0, 1, 1, 0, 0, 0
62825, 0, 1, 1, 0, 0, 0
62826, 0, 1, 1, 0, 0, 0
62827, 0, 1, 1, 0, 0, 0
62828, 0, 1, 1, 0, 0, 0
62829, 0, 1, 1, 0, 0, 0
62831, 1, 2, 2, 0, 1, 0
62832, 2, 1, 1, 0, 1, 1
62833, 0, 1, 1, 0, 0, 0
62834, 0, 1, 1, 0, 0, 0
62837, 0, 1, 1, 0, 0, 0
62838, 0, 1, 1, 0, 0, 0
62840, 0, 1, 1, 0, 0, 0
62844, 0, 1, 1, 0, 0, 0
62846, 0, 1, 1, 0, 0, 0
62847, 1, 1, 1, 0, 1, 0
62848, 2, 1, 1, 0, 2, 0
62853, 0, 1, 1, 0, 0, 0
62855, 0, 1, 1, 0, 0, 0
62856, 0, 1, 1, 0, 0, 0
59006, 2, 1, 1, 0, 2, 0
59860, 0, 1, 1, 0, 0, 0
56353, 4, 0, 0, 0, 4, 0
56354, 1, 0, 0, 0, 0, 1
56358, 1, 0, 0, 0, 1, 0
56360, 1, 0, 0, 0, 1, 0
56361, 0, 1, 1, 0, 0, 0
56362, 2, 0, 0, 0, 2, 0
56364, 1, 0, 0, 0, 1, 0
56365, 1, 0, 0, 0, 1, 0
56366, 1, 0, 0, 0, 1, 0
56449, 2, 2, 2, 0, 2, 0
56450, 2, 2, 2, 0, 2, 0
56368, 1, 0, 0, 0, 1, 0
56370, 1, 1, 1, 0, 1, 0
56371, 1, 0, 0, 0, 1, 0
56536, 1, 1, 1, 0, 1, 0
56378, 1, 0, 0, 0, 1, 0
56380, 1, 0, 0, 0, 1, 0
56381, 1, 0, 0, 0, 0, 1
56382, 6, 0, 0, 0, 0, 6
81965, 0, 1, 1, 0, 0, 0
81966, 0, 1, 1, 0, 0, 0
56385, 2, 0, 0, 0, 2, 0
56387, 0, 1, 1, 0, 0, 0
56389, 0, 1, 1, 0, 0, 0
56390, 1, 0, 0, 0, 1, 0
56392, 1, 0, 0, 0, 1, 0
56399, 0, 1, 1, 0, 0, 0
56400, 1, 0, 0, 0, 1, 0
56402, 1, 0, 0, 0, 1, 0
56403, 1, 0, 0, 0, 0, 1
56405, 1, 0, 0, 0, 1, 0
56406, 0, 2, 2, 0, 0, 0
56407, 1, 0, 0, 0, 1, 0
56408, 0, 1, 1, 0, 0, 0
79088, 0, 1, 1, 0, 0, 0
56420, 1, 0, 0, 0, 1, 0
56423, 1, 0, 0, 0, 1, 0
56424, 1, 0, 0, 0, 1, 0
106430, 0, 1, 1, 0, 0, 0
56426, 2, 0, 0, 0, 0, 2
56431, 0, 1, 1, 0, 0, 0
56432, 1, 1, 0, 1, 1, 0
56434, 1, 0, 0, 0, 1, 0
56435, 1, 0, 0, 0, 0, 1
56436, 2, 0, 0, 0, 2, 0
56444, 1, 0, 0, 0, 0, 1
56445, 1, 0, 0, 0, 1, 0
56446, 1, 0, 0, 0, 1, 0
56448, 1, 0, 0, 0, 1, 0
56451, 1, 0, 0, 0, 1, 0
56452, 1, 0, 0, 0, 1, 0
56454, 1, 0, 0, 0, 1, 0
56459, 1, 0, 0, 0, 1, 0
56460, 4, 0, 0, 0, 0, 4
56461, 0, 1, 0, 1, 0, 0
56462, 0, 1, 0, 1, 0, 0
56463, 2, 0, 0, 0, 2, 0
56464, 0, 1, 1, 0, 0, 0
56465, 1, 1, 1, 0, 1, 0
126366, 1, 1, 1, 0, 1, 0
56467, 1, 0, 0, 0, 1, 0
56468, 1, 0, 0, 0, 1, 0
98190, 1, 1, 1, 0, 1, 0
56470, 1, 0, 0, 0, 1, 0
56472, 0, 1, 1, 0, 0, 0
56473, 1, 0, 0, 0, 1, 0
56474, 1, 0, 0, 0, 1, 0
56475, 1, 0, 0, 0, 1, 0
56476, 1, 0, 0, 0, 1, 0
56477, 1, 0, 0, 0, 0, 1
56478, 1, 0, 0, 0, 1, 0
56479, 1, 0, 0, 0, 1, 0
56480, 1, 0, 0, 0, 1, 0
62362, 0, 1, 1, 0, 0, 0
56482, 1, 0, 0, 0, 1, 0
56483, 1, 0, 0, 0, 1, 0
77373, 7, 4, 4, 0, 7, 0
77850, 1, 1, 1, 0, 1, 0
77886, 1, 1, 1, 0, 1, 0
77887, 1, 1, 1, 0, 1, 0
78736, 1, 1, 1, 0, 1, 0
78744, 1, 1, 1, 0, 1, 0
78747, 1, 1, 1, 0, 1, 0
78844, 1, 1, 1, 0, 1, 0
79190, 3, 1, 1, 0, 3, 0
79191, 0, 2, 2, 0, 0, 0
79192, 0, 2, 2, 0, 0, 0
79199, 0, 1, 1, 0, 0, 0
56486, 1, 0, 0, 0, 1, 0
56487, 0, 2, 2, 0, 0, 0
56488, 2, 0, 0, 0, 1, 1
56489, 1, 0, 0, 0, 1, 0
56491, 3, 0, 0, 0, 3, 0
56493, 1, 0, 0, 0, 1, 0
60038, 0, 1, 1, 0, 0, 0
56496, 0, 1, 1, 0, 0, 0
56499, 1, 0, 0, 0, 1, 0
56500, 1, 0, 0, 0, 0, 1
56503, 1, 0, 0, 0, 1, 0
56510, 4, 0, 0, 0, 1, 3
60829, 1, 1, 1, 0, 1, 0
56512, 2, 0, 0, 0, 2, 0
56513, 5, 0, 0, 0, 4, 1
56516, 1, 1, 1, 0, 1, 0
56517, 2, 0, 0, 0, 2, 0
56518, 3, 0, 0, 0, 3, 0
56520, 1, 0, 0, 0, 1, 0
56521, 1, 0, 0, 0, 1, 0
87639, 0, 1, 1, 0, 0, 0
87640, 0, 1, 1, 0, 0, 0
126699, 0, 1, 1, 0, 0, 0
56524, 1, 0, 0, 0, 1, 0
56532, 2, 0, 0, 0, 1, 1
56535, 3, 0, 0, 0, 3, 0
56537, 1, 0, 0, 0, 1, 0
56539, 1, 0, 0, 0, 1, 0
56541, 2, 0, 0, 0, 2, 0
56542, 1, 0, 0, 0, 1, 0
86050, 2, 1, 1, 0, 2, 0
86401, 0, 1, 1, 0, 0, 0
65749, 0, 2, 2, 0, 0, 0
88351, 0, 1, 1, 0, 0, 0
102379, 2, 2, 2, 0, 2, 0
61838, 2, 3, 3, 0, 2, 0
63525, 1, 1, 1, 0, 1, 0
65585, 2, 3, 3, 0, 2, 0
71648, 1, 1, 1, 0, 1, 0
80456, 2, 2, 2, 0, 2, 0
80457, 2, 2, 2, 0, 2, 0
84492, 9, 9, 9, 0, 9, 0
85560, 0, 3, 3, 0, 0, 0
67972, 1, 1, 1, 0, 1, 0
84307, 1, 1, 1, 0, 1, 0
87359, 0, 2, 2, 0, 0, 0
71593, 2, 6, 6, 0, 2, 0
83068, 4, 1, 1, 0, 4, 0
83069, 0, 2, 2, 0, 0, 0
96806, 1, 1, 1, 0, 1, 0
68500, 5, 1, 1, 0, 5, 0
70377, 4, 21, 21, 0, 4, 0
71058, 0, 1, 1, 0, 0, 0
66741, 1, 2, 2, 0, 1, 0
76139, 1, 1, 1, 0, 1, 0
79774, 1, 1, 1, 0, 1, 0
86274, 0, 1, 1, 0, 0, 0
56802, 5, 1, 0, 1, 4, 1
62441, 0, 1, 0, 1, 0, 0
62442, 0, 1, 0, 1, 0, 0
62445, 0, 1, 0, 1, 0, 0
76874, 1, 1, 1, 0, 1, 0
76982, 1, 1, 1, 0, 1, 0
76983, 1, 2, 2, 0, 1, 0
79336, 0, 1, 1, 0, 0, 0
56614, 1, 0, 0, 0, 1, 0
56615, 2, 1, 1, 0, 2, 0
56616, 2, 2, 2, 0, 2, 0
56686, 2, 2, 2, 0, 2, 0
56618, 1, 0, 0, 0, 1, 0
56624, 1, 0, 0, 0, 0, 1
56626, 0, 1, 1, 0, 0, 0
56627, 1, 0, 0, 0, 0, 1
56628, 0, 1, 0, 1, 0, 0
56629, 5, 0, 0, 0, 5, 0
56631, 0, 2, 1, 1, 0, 0
56635, 1, 0, 0, 0, 1, 0
56640, 2, 0, 0, 0, 1, 1
56641, 0, 1, 1, 0, 0, 0
56644, 1, 0, 0, 0, 1, 0
56645, 1, 0, 0, 0, 1, 0
56649, 1, 0, 0, 0, 1, 0
56650, 2, 0, 0, 0, 2, 0
56651, 1, 0, 0, 0, 1, 0
56653, 2, 1, 0, 1, 2, 0
56655, 1, 0, 0, 0, 1, 0
56656, 0, 1, 1, 0, 0, 0
56658, 1, 0, 0, 0, 0, 1
56659, 1, 0, 0, 0, 1, 0
56660, 1, 0, 0, 0, 1, 0
56661, 1, 0, 0, 0, 1, 0
56662, 1, 2, 2, 0, 1, 0
56666, 1, 0, 0, 0, 1, 0
56667, 1, 0, 0, 0, 1, 0
56670, 2, 0, 0, 0, 1, 1
56672, 1, 0, 0, 0, 1, 0
56673, 1, 0, 0, 0, 1, 0
56674, 1, 0, 0, 0, 1, 0
56675, 1, 0, 0, 0, 1, 0
56676, 5, 0, 0, 0, 5, 0
56678, 1, 0, 0, 0, 1, 0
56679, 3, 1, 1, 0, 3, 0
56680, 1, 1, 1, 0, 1, 0
56681, 3, 1, 1, 0, 3, 0
56684, 1, 1, 0, 1, 1, 0
80934, 0, 1, 1, 0, 0, 0
56685, 1, 0, 0, 0, 1, 0
56688, 1, 0, 0, 0, 1, 0
56690, 1, 0, 0, 0, 1, 0
56691, 2, 0, 0, 0, 1, 1
56694, 1, 0, 0, 0, 1, 0
56697, 5, 0, 0, 0, 5, 0
56698, 1, 0, 0, 0, 1, 0
56699, 1, 0, 0, 0, 1, 0
56701, 1, 1, 1, 0, 1, 0
60565, 0, 1, 1, 0, 0, 0
56703, 1, 0, 0, 0, 1, 0
56704, 1, 0, 0, 0, 1, 0
56705, 0, 1, 1, 0, 0, 0
56706, 1, 0, 0, 0, 1, 0
74062, 2, 2, 2, 0, 2, 0
56708, 1, 0, 0, 0, 1, 0
62876, 0, 2, 2, 0, 0, 0
118024, 0, 1, 1, 0, 0, 0
56719, 3, 0, 0, 0, 2, 1
56720, 2, 0, 0, 0, 2, 0
56722, 1, 0, 0, 0, 1, 0
56723, 2, 0, 0, 0, 1, 1
56724, 1, 0, 0, 0, 0, 1
56726, 1, 0, 0, 0, 1, 0
56728, 1, 0, 0, 0, 1, 0
56729, 1, 0, 0, 0, 1, 0
74632, 0, 1, 1, 0, 0, 0
56732, 1, 0, 0, 0, 1, 0
56735, 1, 0, 0, 0, 1, 0
56736, 1, 0, 0, 0, 1, 0
56737, 1, 0, 0, 0, 1, 0
56738, 1, 0, 0, 0, 0, 1
56739, 1, 0, 0, 0, 0, 1
56740, 1, 0, 0, 0, 0, 1
56741, 2, 0, 0, 0, 2, 0
56748, 3, 0, 0, 0, 3, 0
56749, 2, 0, 0, 0, 1, 1
56750, 10, 0, 0, 0, 1, 9
58673, 0, 1, 1, 0, 0, 0
90564, 0, 1, 1, 0, 0, 0
56754, 1, 0, 0, 0, 1, 0
56755, 1, 2, 2, 0, 1, 0
58119, 1, 1, 1, 0, 1, 0
56759, 3, 0, 0, 0, 2, 1
56760, 1, 0, 0, 0, 1, 0
56761, 0, 2, 2, 0, 0, 0
60345, 2, 1, 1, 0, 2, 0
60958, 2, 1, 1, 0, 2, 0
76865, 2, 1, 1, 0, 2, 0
77527, 3, 2, 2, 0, 3, 0
56771, 2, 0, 0, 0, 2, 0
56772, 3, 0, 0, 0, 2, 1
56773, 1, 0, 0, 0, 1, 0
56774, 1, 0, 0, 0, 1, 0
56775, 2, 1, 1, 0, 2, 0
63119, 2, 4, 4, 0, 2, 0
71487, 0, 2, 2, 0, 0, 0
71490, 0, 1, 1, 0, 0, 0
71491, 0, 1, 1, 0, 0, 0
71492, 0, 1, 1, 0, 0, 0
71493, 1, 1, 1, 0, 1, 0
71495, 0, 1, 1, 0, 0, 0
71496, 0, 1, 1, 0, 0, 0
71497, 0, 1, 1, 0, 0, 0
71499, 0, 1, 1, 0, 0, 0
71500, 0, 7, 7, 0, 0, 0
71501, 0, 1, 1, 0, 0, 0
56778, 1, 0, 0, 0, 1, 0
56779, 1, 0, 0, 0, 1, 0
56780, 1, 0, 0, 0, 1, 0
56781, 1, 0, 0, 0, 0, 1
56784, 2, 0, 0, 0, 0, 2
56785, 0, 1, 0, 1, 0, 0
56786, 1, 0, 0, 0, 1, 0
56787, 1, 0, 0, 0, 1, 0
56788, 1, 0, 0, 0, 0, 1
56789, 1, 0, 0, 0, 1, 0
57022, 2, 2, 2, 0, 2, 0
57023, 0, 1, 1, 0, 0, 0
106827, 1, 1, 1, 0, 1, 0
56791, 1, 0, 0, 0, 1, 0
56792, 1, 0, 0, 0, 1, 0
56793, 1, 0, 0, 0, 1, 0
56794, 1, 0, 0, 0, 1, 0
56795, 0, 1, 1, 0, 0, 0
56796, 1, 0, 0, 0, 1, 0
56798, 2, 0, 0, 0, 2, 0
56799, 1, 0, 0, 0, 1, 0
56801, 1, 0, 0, 0, 1, 0
56803, 1, 0, 0, 0, 1, 0
56804, 4, 0, 0, 0, 4, 0
56805, 5, 3, 3, 0, 4, 1
56806, 1, 0, 0, 0, 1, 0
56807, 2, 0, 0, 0, 2, 0
56809, 1, 0, 0, 0, 1, 0
56810, 1, 0, 0, 0, 1, 0
56811, 1, 0, 0, 0, 0, 1
56813, 1, 0, 0, 0, 1, 0
56816, 1, 1, 1, 0, 1, 0
88691, 0, 1, 1, 0, 0, 0
56821, 2, 0, 0, 0, 2, 0
56823, 1, 0, 0, 0, 1, 0
62194, 4, 1, 1, 0, 4, 0
62212, 3, 1, 1, 0, 3, 0
56825, 1, 0, 0, 0, 1, 0
56827, 1, 0, 0, 0, 1, 0
56828, 2, 0, 0, 0, 1, 1
56829, 1, 0, 0, 0, 1, 0
56831, 1, 0, 0, 0, 0, 1
56832, 1, 0, 0, 0, 1, 0
56834, 4, 0, 0, 0, 4, 0
70677, 1, 2, 2, 0, 1, 0
56836, 1, 0, 0, 0, 1, 0
56837, 1, 0, 0, 0, 1, 0
56839, 1, 0, 0, 0, 1, 0
80948, 1, 1, 1, 0, 1, 0
81034, 1, 2, 2, 0, 1, 0
59295, 0, 1, 0, 1, 0, 0
56858, 1, 0, 0, 0, 0, 1
56859, 1, 0, 0, 0, 0, 1
56860, 2, 0, 0, 0, 1, 1
56861, 1, 0, 0, 0, 1, 0
56862, 1, 0, 0, 0, 1, 0
56863, 4, 0, 0, 0, 4, 0
56864, 0, 1, 1, 0, 0, 0
56866, 1, 0, 0, 0, 1, 0
74683, 0, 1, 1, 0, 0, 0
74684, 0, 1, 1, 0, 0, 0
74394, 0, 1, 1, 0, 0, 0
56871, 1, 0, 0, 0, 0, 1
56872, 1, 0, 0, 0, 1, 0
56873, 0, 2, 2, 0, 0, 0
56874, 4, 0, 0, 0, 2, 2
56875, 0, 2, 2, 0, 0, 0
56876, 3, 0, 0, 0, 3, 0
56880, 2, 0, 0, 0, 2, 0
56881, 1, 1, 1, 0, 0, 1
56882, 3, 0, 0, 0, 3, 0
56916, 1, 0, 0, 0, 1, 0
56917, 3, 0, 0, 0, 3, 0
56918, 3, 0, 0, 0, 3, 0
56920, 3, 0, 0, 0, 3, 0
56922, 4, 1, 1, 0, 4, 0
56923, 5, 0, 0, 0, 5, 0
56924, 1, 0, 0, 0, 1, 0
56927, 1, 1, 1, 0, 1, 0
56930, 1, 0, 0, 0, 1, 0
56931, 5, 2, 2, 0, 5, 0
69808, 0, 2, 2, 0, 0, 0
56932, 1, 0, 0, 0, 1, 0
56934, 1, 1, 1, 0, 1, 0
65053, 0, 3, 3, 0, 0, 0
65938, 0, 1, 1, 0, 0, 0
70481, 1, 1, 1, 0, 1, 0
74160, 3, 1, 1, 0, 3, 0
74999, 1, 1, 1, 0, 1, 0
79358, 0, 1, 1, 0, 0, 0
58104, 0, 1, 1, 0, 0, 0
58105, 0, 1, 1, 0, 0, 0
56955, 1, 0, 0, 0, 1, 0
56956, 1, 0, 0, 0, 1, 0
56957, 4, 1, 1, 0, 4, 0
56958, 2, 0, 0, 0, 2, 0
56959, 1, 0, 0, 0, 1, 0
56961, 1, 0, 0, 0, 1, 0
56962, 1, 0, 0, 0, 1, 0
56963, 0, 1, 1, 0, 0, 0
56966, 1, 0, 0, 0, 1, 0
56967, 1, 0, 0, 0, 1, 0
56968, 1, 0, 0, 0, 1, 0
56969, 1, 0, 0, 0, 1, 0
56971, 1, 0, 0, 0, 1, 0
56972, 1, 1, 1, 0, 1, 0
74535, 1, 2, 2, 0, 1, 0
90035, 4, 2, 2, 0, 4, 0
69801, 0, 2, 2, 0, 0, 0
56983, 1, 0, 0, 0, 1, 0
56986, 1, 0, 0, 0, 1, 0
56987, 1, 0, 0, 0, 1, 0
56988, 1, 0, 0, 0, 1, 0
56989, 1, 1, 1, 0, 1, 0
56991, 1, 0, 0, 0, 1, 0
56992, 1, 0, 0, 0, 1, 0
56993, 1, 0, 0, 0, 1, 0
56994, 1, 0, 0, 0, 0, 1
56995, 1, 0, 0, 0, 1, 0
56996, 2, 1, 1, 0, 2, 0
56999, 1, 0, 0, 0, 1, 0
57000, 3, 0, 0, 0, 1, 2
57002, 1, 0, 0, 0, 1, 0
57006, 1, 1, 1, 0, 1, 0
57007, 1, 0, 0, 0, 1, 0
60997, 0, 1, 1, 0, 0, 0
115052, 2, 1, 1, 0, 2, 0
57010, 2, 2, 2, 0, 1, 1
89922, 0, 1, 0, 1, 0, 0
105212, 0, 1, 1, 0, 0, 0
60769, 2, 1, 1, 0, 1, 1
76343, 0, 1, 1, 0, 0, 0
57012, 1, 0, 0, 0, 0, 1
57013, 2, 0, 0, 0, 2, 0
57016, 1, 0, 0, 0, 0, 1
57017, 1, 0, 0, 0, 0, 1
57018, 1, 0, 0, 0, 1, 0
91681, 0, 1, 1, 0, 0, 0
91682, 0, 1, 1, 0, 0, 0
57020, 1, 0, 0, 0, 1, 0
59388, 0, 1, 1, 0, 0, 0
69984, 17, 4, 4, 0, 17, 0
70556, 0, 2, 2, 0, 0, 0
70560, 2, 4, 3, 1, 2, 0
57026, 1, 0, 0, 0, 1, 0
57027, 1, 0, 0, 0, 1, 0
57028, 0, 3, 3, 0, 0, 0
57031, 6, 0, 0, 0, 5, 1
57032, 1, 0, 0, 0, 1, 0
57033, 1, 0, 0, 0, 1, 0
57034, 2, 0, 0, 0, 2, 0
57036, 1, 0, 0, 0, 1, 0
57039, 1, 0, 0, 0, 1, 0
57041, 1, 0, 0, 0, 0, 1
57043, 2, 0, 0, 0, 2, 0
57044, 1, 0, 0, 0, 1, 0
57045, 0, 1, 1, 0, 0, 0
57046, 1, 0, 0, 0, 1, 0
57049, 1, 0, 0, 0, 1, 0
57050, 1, 0, 0, 0, 1, 0
67307, 1, 1, 1, 0, 1, 0
96436, 1, 1, 1, 0, 1, 0
104984, 1, 1, 1, 0, 1, 0
109587, 0, 1, 1, 0, 0, 0
110289, 0, 1, 1, 0, 0, 0
110469, 0, 1, 1, 0, 0, 0
110470, 0, 1, 1, 0, 0, 0
110471, 0, 1, 1, 0, 0, 0
110472, 0, 1, 1, 0, 0, 0
110473, 0, 1, 1, 0, 0, 0
110474, 0, 1, 1, 0, 0, 0
110475, 0, 1, 1, 0, 0, 0
110476, 0, 1, 1, 0, 0, 0
110477, 0, 1, 1, 0, 0, 0
110478, 0, 1, 1, 0, 0, 0
110479, 0, 1, 1, 0, 0, 0
110480, 0, 1, 1, 0, 0, 0
110483, 0, 1, 1, 0, 0, 0
111242, 0, 1, 1, 0, 0, 0
111441, 0, 1, 1, 0, 0, 0
111443, 0, 1, 1, 0, 0, 0
111444, 0, 1, 1, 0, 0, 0
111445, 0, 1, 1, 0, 0, 0
111446, 0, 1, 1, 0, 0, 0
111447, 0, 1, 1, 0, 0, 0
111448, 0, 1, 1, 0, 0, 0
111449, 0, 1, 1, 0, 0, 0
111450, 0, 1, 1, 0, 0, 0
111451, 0, 1, 1, 0, 0, 0
111452, 0, 1, 1, 0, 0, 0
111453, 0, 1, 1, 0, 0, 0
111454, 0, 1, 1, 0, 0, 0
111455, 0, 1, 1, 0, 0, 0
111456, 0, 1, 1, 0, 0, 0
111457, 0, 1, 1, 0, 0, 0
111458, 0, 1, 1, 0, 0, 0
111459, 0, 1, 1, 0, 0, 0
111460, 0, 1, 1, 0, 0, 0
111461, 0, 1, 1, 0, 0, 0
111462, 0, 1, 1, 0, 0, 0
111463, 0, 1, 1, 0, 0, 0
111464, 0, 1, 1, 0, 0, 0
111465, 0, 1, 1, 0, 0, 0
111466, 0, 1, 1, 0, 0, 0
111467, 0, 1, 1, 0, 0, 0
111468, 0, 1, 1, 0, 0, 0
111469, 0, 1, 1, 0, 0, 0
111470, 0, 1, 1, 0, 0, 0
111471, 0, 1, 1, 0, 0, 0
111472, 0, 1, 1, 0, 0, 0
111473, 0, 1, 1, 0, 0, 0
111474, 0, 1, 1, 0, 0, 0
111475, 0, 1, 1, 0, 0, 0
111476, 0, 1, 1, 0, 0, 0
111479, 0, 1, 1, 0, 0, 0
111480, 0, 1, 1, 0, 0, 0
111481, 0, 1, 1, 0, 0, 0
111482, 0, 1, 1, 0, 0, 0
57057, 2, 0, 0, 0, 2, 0
57066, 1, 1, 1, 0, 1, 0
57077, 1, 0, 0, 0, 1, 0
110852, 2, 1, 1, 0, 2, 0
57079, 1, 0, 0, 0, 1, 0
57080, 1, 0, 0, 0, 1, 0
61200, 2, 1, 1, 0, 2, 0
57088, 10, 1, 1, 0, 10, 0
57090, 3, 1, 1, 0, 3, 0
110582, 0, 1, 1, 0, 0, 0
120577, 8, 1, 1, 0, 8, 0
57106, 0, 1, 0, 1, 0, 0
62991, 2, 1, 1, 0, 2, 0
66047, 1, 2, 2, 0, 0, 1
78232, 1, 2, 2, 0, 1, 0
79532, 1, 7, 7, 0, 1, 0
84468, 2, 1, 0, 1, 2, 0
87460, 2, 2, 2, 0, 2, 0
94932, 3, 1, 1, 0, 3, 0
95982, 0, 2, 2, 0, 0, 0
102914, 1, 2, 2, 0, 1, 0
106626, 2, 1, 0, 1, 2, 0
108933, 0, 1, 0, 1, 0, 0
109258, 0, 1, 1, 0, 0, 0
109259, 0, 1, 1, 0, 0, 0
109324, 0, 1, 1, 0, 0, 0
109325, 0, 1, 1, 0, 0, 0
109473, 0, 1, 1, 0, 0, 0
109483, 0, 2, 1, 1, 0, 0
109486, 0, 1, 1, 0, 0, 0
110025, 0, 1, 1, 0, 0, 0
110058, 0, 1, 1, 0, 0, 0
110113, 0, 1, 1, 0, 0, 0
110116, 0, 1, 1, 0, 0, 0
110136, 0, 1, 1, 0, 0, 0
110137, 0, 1, 1, 0, 0, 0
110139, 0, 1, 1, 0, 0, 0
110178, 0, 1, 1, 0, 0, 0
110179, 0, 1, 1, 0, 0, 0
110183, 0, 1, 1, 0, 0, 0
110211, 0, 1, 1, 0, 0, 0
110216, 0, 1, 1, 0, 0, 0
110217, 0, 1, 1, 0, 0, 0
110218, 0, 1, 1, 0, 0, 0
110219, 0, 1, 1, 0, 0, 0
110220, 0, 1, 1, 0, 0, 0
110225, 0, 1, 1, 0, 0, 0
110267, 0, 1, 1, 0, 0, 0
110268, 0, 1, 1, 0, 0, 0
110270, 0, 1, 1, 0, 0, 0
110271, 0, 1, 1, 0, 0, 0
110273, 0, 1, 0, 1, 0, 0
110275, 0, 1, 1, 0, 0, 0
110279, 0, 1, 1, 0, 0, 0
110300, 0, 1, 1, 0, 0, 0
110301, 0, 1, 1, 0, 0, 0
110303, 0, 1, 0, 1, 0, 0
110304, 0, 1, 1, 0, 0, 0
110306, 0, 1, 1, 0, 0, 0
110358, 0, 1, 1, 0, 0, 0
110360, 0, 1, 1, 0, 0, 0
110362, 0, 1, 1, 0, 0, 0
110363, 0, 1, 1, 0, 0, 0
110364, 0, 1, 1, 0, 0, 0
110365, 0, 1, 1, 0, 0, 0
110366, 0, 1, 1, 0, 0, 0
110367, 0, 1, 1, 0, 0, 0
110368, 0, 1, 1, 0, 0, 0
110370, 0, 1, 1, 0, 0, 0
110535, 0, 1, 1, 0, 0, 0
110559, 1, 1, 1, 0, 1, 0
110652, 0, 1, 1, 0, 0, 0
110837, 0, 1, 1, 0, 0, 0
111210, 0, 1, 1, 0, 0, 0
111228, 0, 1, 1, 0, 0, 0
111295, 0, 2, 2, 0, 0, 0
111311, 7, 8, 7, 1, 7, 0
111333, 0, 1, 1, 0, 0, 0
111334, 0, 1, 1, 0, 0, 0
111352, 0, 1, 1, 0, 0, 0
111377, 0, 1, 1, 0, 0, 0
111378, 0, 1, 1, 0, 0, 0
111399, 0, 1, 1, 0, 0, 0
111401, 0, 1, 1, 0, 0, 0
111415, 0, 1, 1, 0, 0, 0
111522, 0, 1, 1, 0, 0, 0
111549, 0, 1, 1, 0, 0, 0
111656, 0, 1, 1, 0, 0, 0
112136, 0, 1, 1, 0, 0, 0
113625, 0, 1, 1, 0, 0, 0
57107, 2, 0, 0, 0, 1, 1
57108, 2, 0, 0, 0, 2, 0
61339, 1, 1, 1, 0, 1, 0
57110, 1, 0, 0, 0, 1, 0
57113, 1, 0, 0, 0, 1, 0
75948, 2, 1, 1, 0, 2, 0
57115, 1, 0, 0, 0, 1, 0
57116, 4, 0, 0, 0, 4, 0
57117, 1, 1, 1, 0, 1, 0
57118, 2, 2, 2, 0, 2, 0
57119, 3, 0, 0, 0, 2, 1
57122, 2, 0, 0, 0, 0, 2
57123, 1, 0, 0, 0, 1, 0
57124, 4, 1, 1, 0, 4, 0
64885, 0, 1, 1, 0, 0, 0
64886, 0, 1, 1, 0, 0, 0
64887, 0, 1, 1, 0, 0, 0
57125, 1, 0, 0, 0, 1, 0
65997, 3, 2, 2, 0, 3, 0
57127, 1, 1, 1, 0, 1, 0
57128, 4, 1, 1, 0, 3, 1
57129, 1, 0, 0, 0, 1, 0
57133, 1, 0, 0, 0, 1, 0
57135, 1, 0, 0, 0, 1, 0
57142, 1, 0, 0, 0, 1, 0
57143, 1, 0, 0, 0, 1, 0
57144, 0, 1, 1, 0, 0, 0
57145, 2, 0, 0, 0, 2, 0
66784, 1, 1, 1, 0, 1, 0
57181, 1, 0, 0, 0, 1, 0
57188, 5, 0, 0, 0, 5, 0
57189, 1, 0, 0, 0, 1, 0
57190, 1, 0, 0, 0, 1, 0
57191, 1, 0, 0, 0, 1, 0
57194, 1, 0, 0, 0, 1, 0
57196, 3, 0, 0, 0, 3, 0
57198, 1, 0, 0, 0, 0, 1
57199, 0, 1, 0, 1, 0, 0
57200, 1, 0, 0, 0, 1, 0
57201, 1, 0, 0, 0, 1, 0
57203, 2, 0, 0, 0, 2, 0
87358, 1, 2, 2, 0, 1, 0
94272, 4, 5, 4, 1, 4, 0
57207, 1, 0, 0, 0, 1, 0
57208, 1, 0, 0, 0, 1, 0
57209, 1, 0, 0, 0, 1, 0
57215, 2, 0, 0, 0, 2, 0
57216, 4, 0, 0, 0, 4, 0
57217, 1, 0, 0, 0, 1, 0
82429, 0, 1, 1, 0, 0, 0
57219, 1, 0, 0, 0, 1, 0
57220, 1, 0, 0, 0, 1, 0
57221, 1, 0, 0, 0, 1, 0
57222, 1, 0, 0, 0, 1, 0
57229, 9, 1, 0, 1, 8, 1
57232, 1, 0, 0, 0, 1, 0
57233, 1, 0, 0, 0, 1, 0
57234, 1, 0, 0, 0, 1, 0
57235, 2, 1, 1, 0, 2, 0
71267, 2, 2, 2, 0, 2, 0
72887, 9, 1, 1, 0, 9, 0
57238, 1, 0, 0, 0, 1, 0
57242, 3, 4, 3, 1, 2, 1
57243, 0, 1, 1, 0, 0, 0
85165, 2, 1, 1, 0, 2, 0
63108, 0, 1, 1, 0, 0, 0
57249, 1, 0, 0, 0, 1, 0
57250, 2, 0, 0, 0, 2, 0
57253, 1, 0, 0, 0, 1, 0
57261, 1, 0, 0, 0, 1, 0
57262, 1, 0, 0, 0, 1, 0
57264, 1, 0, 0, 0, 1, 0
90947, 1, 1, 1, 0, 1, 0
90948, 0, 1, 1, 0, 0, 0
57270, 2, 0, 0, 0, 2, 0
57271, 1, 0, 0, 0, 1, 0
94531, 2, 1, 1, 0, 2, 0
57274, 1, 0, 0, 0, 1, 0
57275, 0, 2, 2, 0, 0, 0
57277, 1, 0, 0, 0, 0, 1
57279, 1, 0, 0, 0, 1, 0
57280, 1, 0, 0, 0, 1, 0
57281, 2, 0, 0, 0, 0, 2
57282, 1, 0, 0, 0, 1, 0
57285, 1, 0, 0, 0, 1, 0
57286, 1, 1, 1, 0, 0, 1
57295, 4, 1, 1, 0, 4, 0
57297, 1, 0, 0, 0, 1, 0
57299, 2, 0, 0, 0, 2, 0
58553, 0, 2, 2, 0, 0, 0
58554, 0, 1, 1, 0, 0, 0
74739, 0, 1, 1, 0, 0, 0
74740, 0, 1, 1, 0, 0, 0
74741, 0, 1, 1, 0, 0, 0
74742, 0, 1, 1, 0, 0, 0
74743, 0, 1, 1, 0, 0, 0
57320, 1, 0, 0, 0, 1, 0
57321, 2, 2, 2, 0, 2, 0
57327, 2, 1, 1, 0, 2, 0
57329, 5, 0, 0, 0, 1, 4
57331, 19, 1, 1, 0, 19, 0
57333, 2, 0, 0, 0, 2, 0
57335, 1, 0, 0, 0, 1, 0
57336, 2, 0, 0, 0, 2, 0
57337, 1, 0, 0, 0, 1, 0
57338, 0, 1, 1, 0, 0, 0
57339, 1, 0, 0, 0, 0, 1
57342, 1, 0, 0, 0, 1, 0
57343, 1, 0, 0, 0, 1, 0
57346, 1, 0, 0, 0, 1, 0
57347, 0, 1, 1, 0, 0, 0
57351, 1, 0, 0, 0, 1, 0
57352, 0, 1, 1, 0, 0, 0
57353, 6, 0, 0, 0, 1, 5
57356, 1, 0, 0, 0, 1, 0
57357, 1, 0, 0, 0, 1, 0
57359, 1, 0, 0, 0, 1, 0
57360, 1, 3, 3, 0, 1, 0
58299, 1, 2, 2, 0, 1, 0
81238, 2, 1, 1, 0, 1, 1
122746, 0, 1, 0, 1, 0, 0
57364, 1, 0, 0, 0, 1, 0
57366, 1, 0, 0, 0, 1, 0
57367, 0, 1, 1, 0, 0, 0
57369, 2, 0, 0, 0, 2, 0
57372, 1, 0, 0, 0, 1, 0
57714, 1, 1, 1, 0, 1, 0
82908, 1, 2, 1, 1, 1, 0
57375, 1, 0, 0, 0, 1, 0
57380, 1, 0, 0, 0, 1, 0
57382, 1, 1, 1, 0, 1, 0
57383, 1, 0, 0, 0, 1, 0
57384, 0, 1, 1, 0, 0, 0
57385, 1, 0, 0, 0, 1, 0
57386, 1, 0, 0, 0, 1, 0
57387, 1, 1, 1, 0, 1, 0
57388, 1, 0, 0, 0, 1, 0
62429, 0, 3, 3, 0, 0, 0
57390, 1, 0, 0, 0, 1, 0
57391, 1, 0, 0, 0, 1, 0
57392, 1, 0, 0, 0, 1, 0
57393, 1, 0, 0, 0, 1, 0
57394, 1, 1, 1, 0, 0, 1
57565, 0, 1, 0, 1, 0, 0
57396, 2, 3, 3, 0, 2, 0
57397, 3, 3, 3, 0, 3, 0
67950, 1, 1, 1, 0, 1, 0
57400, 0, 1, 1, 0, 0, 0
57403, 1, 0, 0, 0, 1, 0
57404, 0, 1, 1, 0, 0, 0
57409, 1, 0, 0, 0, 1, 0
57410, 1, 0, 0, 0, 1, 0
57412, 0, 1, 1, 0, 0, 0
57415, 1, 0, 0, 0, 1, 0
58356, 2, 2, 2, 0, 2, 0
57419, 1, 0, 0, 0, 1, 0
57420, 1, 0, 0, 0, 1, 0
57421, 0, 1, 1, 0, 0, 0
57422, 1, 0, 0, 0, 1, 0
58060, 1, 3, 3, 0, 1, 0
57425, 1, 0, 0, 0, 1, 0
57426, 1, 0, 0, 0, 1, 0
57427, 1, 0, 0, 0, 1, 0
64889, 1, 1, 1, 0, 1, 0
57433, 1, 0, 0, 0, 0, 1
57435, 0, 1, 1, 0, 0, 0
57436, 1, 0, 0, 0, 0, 1
57438, 1, 0, 0, 0, 1, 0
57439, 0, 1, 1, 0, 0, 0
57442, 1, 0, 0, 0, 1, 0
57445, 2, 0, 0, 0, 2, 0
57447, 2, 0, 0, 0, 2, 0
57459, 1, 0, 0, 0, 1, 0
57460, 1, 0, 0, 0, 1, 0
57461, 1, 0, 0, 0, 1, 0
57462, 1, 1, 1, 0, 1, 0
57463, 1, 2, 1, 1, 1, 0
57465, 1, 1, 1, 0, 1, 0
67325, 0, 1, 1, 0, 0, 0
67326, 0, 1, 1, 0, 0, 0
57467, 3, 1, 1, 0, 3, 0
57469, 0, 2, 2, 0, 0, 0
76011, 0, 3, 3, 0, 0, 0
57470, 1, 0, 0, 0, 1, 0
57474, 4, 0, 0, 0, 4, 0
57480, 1, 1, 1, 0, 1, 0
57484, 0, 1, 1, 0, 0, 0
57487, 4, 2, 2, 0, 3, 1
62394, 0, 1, 1, 0, 0, 0
60082, 1, 1, 1, 0, 1, 0
76506, 0, 1, 1, 0, 0, 0
76507, 0, 1, 1, 0, 0, 0
76508, 0, 1, 1, 0, 0, 0
76509, 0, 1, 1, 0, 0, 0
58712, 0, 2, 2, 0, 0, 0
85690, 0, 1, 1, 0, 0, 0
94223, 1, 1, 1, 0, 1, 0
57516, 1, 0, 0, 0, 1, 0
70932, 4, 1, 1, 0, 4, 0
85377, 0, 1, 1, 0, 0, 0
57528, 2, 0, 0, 0, 1, 1
57529, 1, 0, 0, 0, 1, 0
57530, 0, 1, 1, 0, 0, 0
57532, 1, 0, 0, 0, 1, 0
57534, 1, 0, 0, 0, 1, 0
57535, 1, 0, 0, 0, 1, 0
68564, 2, 3, 3, 0, 2, 0
68565, 2, 2, 2, 0, 2, 0
69148, 1, 1, 1, 0, 1, 0
57539, 1, 0, 0, 0, 1, 0
57540, 1, 0, 0, 0, 1, 0
57541, 1, 0, 0, 0, 1, 0
57542, 1, 0, 0, 0, 1, 0
57543, 1, 0, 0, 0, 1, 0
57544, 3, 1, 1, 0, 3, 0
71740, 0, 1, 1, 0, 0, 0
57545, 1, 0, 0, 0, 1, 0
57546, 0, 1, 1, 0, 0, 0
57547, 8, 1, 1, 0, 7, 1
57548, 3, 1, 1, 0, 3, 0
70075, 0, 1, 1, 0, 0, 0
70076, 0, 1, 1, 0, 0, 0
70077, 0, 1, 1, 0, 0, 0
70078, 0, 1, 1, 0, 0, 0
70079, 0, 1, 1, 0, 0, 0
57550, 1, 0, 0, 0, 0, 1
57551, 1, 0, 0, 0, 1, 0
57553, 1, 0, 0, 0, 0, 1
114131, 0, 1, 1, 0, 0, 0
114133, 0, 1, 1, 0, 0, 0
57555, 1, 0, 0, 0, 1, 0
57558, 2, 0, 0, 0, 2, 0
57561, 1, 0, 0, 0, 1, 0
57563, 1, 0, 0, 0, 1, 0
57564, 0, 1, 1, 0, 0, 0
57566, 1, 0, 0, 0, 1, 0
57567, 0, 1, 1, 0, 0, 0
60583, 0, 1, 1, 0, 0, 0
57570, 1, 0, 0, 0, 1, 0
57571, 1, 1, 1, 0, 0, 1
57690, 1, 1, 0, 1, 0, 1
57572, 2, 0, 0, 0, 2, 0
57574, 6, 0, 0, 0, 6, 0
100242, 0, 1, 1, 0, 0, 0
57577, 1, 0, 0, 0, 1, 0
73272, 1, 1, 1, 0, 1, 0
76479, 1, 1, 1, 0, 1, 0
57580, 1, 0, 0, 0, 0, 1
57581, 1, 0, 0, 0, 1, 0
57583, 2, 0, 0, 0, 1, 1
57586, 1, 0, 0, 0, 1, 0
57587, 1, 0, 0, 0, 1, 0
57588, 2, 0, 0, 0, 1, 1
57589, 0, 1, 1, 0, 0, 0
57590, 1, 0, 0, 0, 1, 0
57591, 0, 1, 1, 0, 0, 0
57592, 1, 0, 0, 0, 1, 0
57593, 0, 1, 1, 0, 0, 0
57598, 1, 0, 0, 0, 1, 0
57600, 1, 0, 0, 0, 1, 0
57602, 1, 0, 0, 0, 1, 0
57603, 1, 1, 1, 0, 1, 0
57604, 2, 1, 1, 0, 2, 0
57607, 1, 0, 0, 0, 0, 1
57608, 0, 1, 0, 1, 0, 0
57610, 1, 0, 0, 0, 1, 0
57611, 0, 3, 3, 0, 0, 0
57614, 2, 0, 0, 0, 2, 0
57616, 2, 0, 0, 0, 2, 0
57617, 1, 0, 0, 0, 1, 0
57619, 1, 1, 1, 0, 1, 0
57627, 1, 0, 0, 0, 1, 0
57628, 1, 0, 0, 0, 1, 0
68934, 3, 2, 2, 0, 3, 0
57631, 2, 0, 0, 0, 2, 0
57632, 1, 0, 0, 0, 1, 0
57633, 4, 1, 1, 0, 4, 0
57635, 1, 1, 1, 0, 1, 0
57636, 1, 0, 0, 0, 0, 1
57637, 1, 0, 0, 0, 1, 0
57638, 1, 0, 0, 0, 1, 0
57639, 3, 0, 0, 0, 3, 0
57641, 1, 0, 0, 0, 1, 0
57643, 1, 1, 0, 1, 1, 0
57644, 1, 0, 0, 0, 1, 0
57645, 2, 0, 0, 0, 1, 1
57646, 0, 1, 0, 1, 0, 0
57647, 1, 0, 0, 0, 0, 1
57648, 0, 1, 0, 1, 0, 0
57649, 3, 0, 0, 0, 3, 0
57652, 1, 0, 0, 0, 1, 0
57655, 2, 0, 0, 0, 0, 2
57657, 4, 0, 0, 0, 4, 0
57658, 1, 0, 0, 0, 1, 0
57663, 1, 0, 0, 0, 1, 0
62223, 0, 1, 1, 0, 0, 0
57666, 2, 0, 0, 0, 2, 0
57667, 2, 0, 0, 0, 2, 0
57670, 1, 0, 0, 0, 1, 0
57672, 1, 0, 0, 0, 1, 0
57673, 2, 0, 0, 0, 2, 0
57675, 2, 1, 1, 0, 2, 0
100633, 1, 1, 1, 0, 1, 0
57681, 1, 0, 0, 0, 1, 0
57683, 1, 0, 0, 0, 1, 0
57684, 1, 0, 0, 0, 0, 1
57685, 0, 1, 0, 1, 0, 0
67134, 1, 2, 2, 0, 1, 0
70965, 0, 1, 1, 0, 0, 0
75121, 2, 1, 1, 0, 2, 0
76584, 0, 1, 1, 0, 0, 0
57691, 1, 0, 0, 0, 1, 0
57693, 1, 0, 0, 0, 1, 0
57694, 1, 0, 0, 0, 1, 0
57695, 2, 0, 0, 0, 1, 1
57696, 2, 0, 0, 0, 2, 0
57697, 1, 0, 0, 0, 1, 0
57698, 1, 0, 0, 0, 1, 0
57699, 1, 0, 0, 0, 1, 0
57700, 1, 0, 0, 0, 1, 0
57701, 1, 0, 0, 0, 1, 0
57705, 1, 0, 0, 0, 1, 0
68678, 1, 1, 1, 0, 1, 0
57712, 2, 0, 0, 0, 2, 0
57715, 1, 0, 0, 0, 1, 0
57717, 2, 1, 1, 0, 1, 1
57718, 3, 1, 1, 0, 2, 1
57721, 1, 0, 0, 0, 0, 1
57723, 1, 0, 0, 0, 1, 0
57724, 1, 0, 0, 0, 1, 0
57725, 1, 1, 1, 0, 1, 0
57728, 2, 0, 0, 0, 2, 0
57733, 1, 0, 0, 0, 0, 1
57736, 1, 0, 0, 0, 1, 0
57737, 0, 1, 1, 0, 0, 0
57739, 1, 1, 1, 0, 1, 0
83390, 0, 1, 1, 0, 0, 0
83391, 0, 1, 1, 0, 0, 0
83392, 0, 1, 1, 0, 0, 0
57741, 1, 0, 0, 0, 1, 0
57742, 1, 1, 1, 0, 1, 0
57745, 1, 0, 0, 0, 1, 0
57746, 1, 0, 0, 0, 1, 0
57748, 4, 0, 0, 0, 2, 2
57749, 3, 2, 2, 0, 3, 0
57750, 2, 2, 2, 0, 2, 0
78495, 3, 2, 2, 0, 3, 0
59327, 0, 3, 3, 0, 0, 0
62748, 1, 2, 2, 0, 1, 0
57755, 5, 0, 0, 0, 5, 0
57756, 0, 1, 1, 0, 0, 0
57757, 2, 0, 0, 0, 2, 0
57763, 1, 0, 0, 0, 1, 0
57765, 0, 1, 1, 0, 0, 0
57766, 6, 0, 0, 0, 5, 1
57767, 1, 0, 0, 0, 1, 0
57768, 7, 0, 0, 0, 6, 1
57769, 1, 0, 0, 0, 1, 0
57770, 0, 1, 1, 0, 0, 0
90936, 0, 1, 0, 1, 0, 0
57780, 1, 1, 1, 0, 1, 0
57781, 2, 2, 2, 0, 2, 0
57815, 1, 1, 1, 0, 1, 0
95570, 0, 1, 1, 0, 0, 0
95641, 1, 1, 1, 0, 1, 0
95806, 1, 1, 1, 0, 1, 0
95879, 0, 3, 3, 0, 0, 0
95951, 0, 1, 1, 0, 0, 0
96111, 0, 1, 1, 0, 0, 0
96843, 0, 1, 1, 0, 0, 0
97410, 5, 1, 1, 0, 5, 0
57792, 1, 0, 0, 0, 1, 0
57793, 4, 0, 0, 0, 4, 0
57794, 4, 3, 3, 0, 4, 0
57795, 3, 3, 3, 0, 3, 0
57796, 7, 3, 3, 0, 6, 1
57797, 0, 4, 4, 0, 0, 0
58590, 5, 1, 1, 0, 5, 0
57798, 1, 0, 0, 0, 1, 0
67392, 1, 1, 1, 0, 1, 0
57812, 4, 0, 0, 0, 4, 0
72867, 4, 2, 2, 0, 4, 0
72868, 3, 1, 1, 0, 3, 0
65463, 1, 2, 2, 0, 1, 0
57816, 3, 0, 0, 0, 1, 2
71771, 0, 1, 1, 0, 0, 0
71772, 0, 1, 1, 0, 0, 0
71773, 0, 1, 1, 0, 0, 0
57823, 0, 2, 2, 0, 0, 0
57825, 3, 0, 0, 0, 3, 0
57826, 1, 0, 0, 0, 1, 0
57827, 4, 0, 0, 0, 4, 0
57828, 0, 1, 1, 0, 0, 0
57830, 1, 0, 0, 0, 1, 0
57831, 1, 0, 0, 0, 1, 0
57835, 1, 0, 0, 0, 1, 0
57836, 1, 0, 0, 0, 1, 0
57837, 1, 0, 0, 0, 1, 0
57838, 2, 0, 0, 0, 1, 1
73043, 2, 1, 1, 0, 2, 0
73427, 1, 1, 1, 0, 1, 0
66987, 1, 2, 2, 0, 1, 0
81439, 2, 1, 1, 0, 2, 0
57853, 3, 0, 0, 0, 2, 1
57855, 1, 0, 0, 0, 1, 0
57858, 0, 1, 1, 0, 0, 0
57860, 1, 0, 0, 0, 1, 0
57861, 4, 0, 0, 0, 4, 0
90643, 3, 1, 1, 0, 3, 0
57864, 1, 0, 0, 0, 1, 0
57865, 1, 0, 0, 0, 1, 0
57866, 2, 0, 0, 0, 2, 0
57867, 2, 1, 0, 1, 2, 0
57869, 9, 2, 2, 0, 8, 1
76016, 4, 2, 2, 0, 4, 0
75302, 0, 1, 1, 0, 0, 0
75303, 0, 1, 1, 0, 0, 0
75304, 0, 1, 1, 0, 0, 0
75305, 0, 1, 1, 0, 0, 0
57871, 0, 2, 2, 0, 0, 0
57873, 1, 0, 0, 0, 1, 0
57875, 1, 0, 0, 0, 1, 0
57877, 1, 0, 0, 0, 1, 0
57879, 1, 0, 0, 0, 1, 0
57881, 1, 0, 0, 0, 1, 0
57882, 1, 0, 0, 0, 1, 0
57883, 1, 0, 0, 0, 1, 0
57884, 1, 0, 0, 0, 1, 0
57886, 1, 0, 0, 0, 1, 0
57887, 1, 1, 1, 0, 1, 0
57888, 0, 1, 1, 0, 0, 0
57890, 1, 1, 1, 0, 1, 0
57891, 1, 0, 0, 0, 1, 0
57893, 2, 0, 0, 0, 2, 0
57894, 6, 0, 0, 0, 6, 0
57895, 1, 0, 0, 0, 1, 0
57897, 1, 0, 0, 0, 1, 0
57898, 0, 1, 1, 0, 0, 0
57899, 6, 1, 1, 0, 6, 0
57901, 0, 1, 1, 0, 0, 0
57903, 3, 2, 2, 0, 3, 0
57904, 4, 1, 1, 0, 4, 0
57967, 0, 1, 1, 0, 0, 0
100823, 0, 1, 1, 0, 0, 0
70339, 2, 1, 1, 0, 2, 0
57917, 1, 0, 0, 0, 1, 0
57918, 1, 0, 0, 0, 1, 0
57919, 1, 0, 0, 0, 1, 0
81204, 0, 1, 1, 0, 0, 0
81205, 0, 1, 1, 0, 0, 0
81206, 1, 1, 1, 0, 1, 0
57921, 1, 0, 0, 0, 0, 1
57922, 1, 0, 0, 0, 1, 0
57923, 2, 2, 2, 0, 1, 1
63214, 4, 1, 0, 1, 1, 3
57924, 1, 0, 0, 0, 1, 0
57928, 1, 0, 0, 0, 1, 0
57929, 0, 4, 4, 0, 0, 0
57933, 0, 2, 2, 0, 0, 0
103158, 1, 3, 3, 0, 1, 0
57934, 5, 0, 0, 0, 4, 1
57935, 1, 0, 0, 0, 1, 0
57936, 0, 1, 1, 0, 0, 0
57939, 1, 0, 0, 0, 0, 1
57941, 1, 0, 0, 0, 0, 1
57942, 2, 0, 0, 0, 2, 0
57943, 1, 0, 0, 0, 1, 0
57944, 1, 0, 0, 0, 0, 1
60846, 1, 1, 1, 0, 1, 0
57948, 2, 0, 0, 0, 2, 0
57950, 1, 1, 1, 0, 0, 1
57952, 1, 0, 0, 0, 0, 1
57953, 2, 0, 0, 0, 2, 0
57954, 0, 1, 1, 0, 0, 0
57955, 1, 0, 0, 0, 1, 0
57956, 2, 0, 0, 0, 2, 0
57957, 1, 0, 0, 0, 1, 0
57958, 1, 0, 0, 0, 1, 0
57959, 1, 0, 0, 0, 1, 0
57960, 0, 1, 1, 0, 0, 0
57961, 1, 0, 0, 0, 1, 0
57962, 1, 0, 0, 0, 0, 1
57963, 6, 1, 1, 0, 2, 4
57965, 0, 1, 0, 1, 0, 0
57966, 0, 1, 0, 1, 0, 0
57968, 1, 0, 0, 0, 1, 0
57969, 1, 1, 1, 0, 1, 0
57971, 1, 0, 0, 0, 1, 0
57972, 0, 1, 1, 0, 0, 0
57976, 2, 0, 0, 0, 1, 1
74292, 1, 1, 1, 0, 1, 0
85697, 0, 1, 1, 0, 0, 0
85698, 0, 1, 1, 0, 0, 0
57982, 1, 0, 0, 0, 1, 0
57984, 1, 0, 0, 0, 1, 0
57985, 6, 1, 1, 0, 6, 0
64320, 2, 2, 2, 0, 2, 0
67443, 1, 1, 1, 0, 1, 0
57988, 1, 0, 0, 0, 0, 1
57989, 1, 2, 1, 1, 0, 1
58916, 0, 1, 0, 1, 0, 0
65828, 0, 1, 0, 1, 0, 0
57993, 1, 0, 0, 0, 1, 0
57994, 0, 1, 1, 0, 0, 0
57995, 1, 0, 0, 0, 1, 0
57996, 0, 1, 1, 0, 0, 0
57997, 1, 0, 0, 0, 0, 1
57998, 1, 0, 0, 0, 1, 0
58000, 1, 1, 1, 0, 1, 0
68359, 3, 2, 2, 0, 3, 0
70212, 1, 1, 1, 0, 1, 0
71422, 1, 1, 1, 0, 1, 0
71580, 2, 1, 1, 0, 2, 0
71757, 1, 1, 1, 0, 1, 0
72943, 0, 3, 3, 0, 0, 0
73055, 1, 2, 2, 0, 1, 0
73461, 1, 1, 1, 0, 1, 0
73474, 1, 1, 1, 0, 1, 0
73540, 1, 1, 1, 0, 1, 0
73554, 1, 1, 1, 0, 1, 0
73820, 1, 1, 1, 0, 1, 0
73977, 2, 2, 2, 0, 2, 0
73978, 1, 2, 2, 0, 1, 0
74029, 1, 1, 1, 0, 1, 0
74306, 2, 2, 2, 0, 2, 0
74307, 0, 1, 1, 0, 0, 0
74308, 0, 1, 1, 0, 0, 0
74309, 0, 1, 1, 0, 0, 0
74310, 0, 1, 1, 0, 0, 0
74311, 0, 1, 1, 0, 0, 0
74312, 0, 1, 1, 0, 0, 0
74313, 0, 1, 1, 0, 0, 0
87969, 2, 2, 2, 0, 2, 0
58004, 1, 0, 0, 0, 1, 0
58005, 1, 0, 0, 0, 1, 0
58006, 2, 0, 0, 0, 2, 0
58007, 0, 1, 1, 0, 0, 0
58008, 1, 0, 0, 0, 1, 0
58009, 0, 1, 1, 0, 0, 0
58010, 1, 0, 0, 0, 1, 0
58011, 1, 0, 0, 0, 1, 0
68031, 5, 4, 4, 0, 5, 0
68032, 6, 4, 4, 0, 6, 0
68799, 0, 2, 2, 0, 0, 0
64274, 4, 1, 1, 0, 3, 1
64275, 0, 1, 1, 0, 0, 0
62629, 0, 3, 3, 0, 0, 0
83848, 0, 1, 1, 0, 0, 0
83849, 0, 1, 1, 0, 0, 0
64541, 1, 1, 1, 0, 1, 0
58027, 1, 0, 0, 0, 1, 0
58029, 3, 0, 0, 0, 3, 0
58030, 2, 0, 0, 0, 2, 0
58031, 1, 0, 0, 0, 1, 0
58032, 1, 0, 0, 0, 1, 0
58033, 0, 1, 1, 0, 0, 0
58034, 1, 0, 0, 0, 1, 0
58035, 0, 1, 1, 0, 0, 0
58037, 1, 0, 0, 0, 1, 0
58040, 1, 0, 0, 0, 1, 0
58041, 1, 0, 0, 0, 1, 0
58042, 2, 0, 0, 0, 2, 0
59903, 0, 2, 1, 1, 0, 0
58046, 1, 0, 0, 0, 1, 0
58047, 1, 0, 0, 0, 1, 0
58048, 4, 0, 0, 0, 4, 0
58049, 1, 0, 0, 0, 1, 0
58050, 1, 0, 0, 0, 1, 0
58052, 1, 0, 0, 0, 1, 0
58054, 1, 0, 0, 0, 1, 0
58057, 3, 4, 4, 0, 3, 0
58059, 1, 0, 0, 0, 1, 0
58064, 1, 0, 0, 0, 0, 1
58065, 1, 1, 1, 0, 1, 0
77816, 1, 1, 1, 0, 1, 0
58067, 1, 0, 0, 0, 1, 0
58068, 1, 2, 2, 0, 1, 0
58069, 2, 0, 0, 0, 2, 0
58071, 0, 2, 1, 1, 0, 0
58073, 1, 0, 0, 0, 1, 0
58074, 0, 1, 1, 0, 0, 0
58076, 1, 0, 0, 0, 1, 0
58078, 1, 1, 1, 0, 1, 0
58079, 2, 1, 1, 0, 2, 0
77748, 5, 1, 1, 0, 5, 0
58085, 1, 0, 0, 0, 1, 0
58086, 1, 0, 0, 0, 1, 0
58091, 1, 0, 0, 0, 1, 0
58092, 2, 5, 5, 0, 2, 0
82784, 1, 1, 1, 0, 1, 0
82857, 0, 1, 1, 0, 0, 0
58093, 1, 0, 0, 0, 1, 0
58094, 1, 0, 0, 0, 1, 0
58095, 2, 0, 0, 0, 2, 0
58218, 2, 2, 2, 0, 2, 0
68704, 0, 1, 1, 0, 0, 0
58101, 1, 0, 0, 0, 1, 0
58102, 1, 1, 1, 0, 1, 0
58106, 1, 0, 0, 0, 1, 0
91974, 0, 1, 1, 0, 0, 0
58110, 2, 0, 0, 0, 0, 2
58111, 1, 0, 0, 0, 1, 0
58113, 1, 0, 0, 0, 0, 1
58114, 0, 1, 0, 1, 0, 0
58115, 1, 0, 0, 0, 1, 0
58116, 1, 0, 0, 0, 1, 0
58118, 1, 0, 0, 0, 0, 1
78331, 0, 1, 1, 0, 0, 0
74013, 1, 1, 1, 0, 1, 0
58125, 1, 0, 0, 0, 1, 0
58127, 0, 1, 1, 0, 0, 0
58128, 2, 0, 0, 0, 1, 1
58129, 1, 0, 0, 0, 1, 0
58130, 0, 1, 1, 0, 0, 0
58131, 1, 0, 0, 0, 1, 0
58132, 2, 1, 1, 0, 2, 0
58134, 3, 0, 0, 0, 3, 0
58135, 1, 0, 0, 0, 1, 0
58136, 0, 1, 1, 0, 0, 0
58137, 1, 0, 0, 0, 1, 0
58138, 2, 0, 0, 0, 2, 0
58139, 2, 0, 0, 0, 0, 2
58142, 7, 0, 0, 0, 4, 3
58143, 0, 1, 0, 1, 0, 0
58144, 0, 1, 1, 0, 0, 0
58147, 1, 0, 0, 0, 1, 0
58148, 1, 0, 0, 0, 1, 0
58151, 1, 1, 1, 0, 1, 0
58152, 2, 1, 1, 0, 2, 0
58153, 1, 0, 0, 0, 1, 0
58154, 1, 0, 0, 0, 1, 0
58155, 8, 0, 0, 0, 7, 1
80535, 0, 1, 1, 0, 0, 0
58160, 1, 0, 0, 0, 1, 0
58161, 0, 1, 1, 0, 0, 0
58162, 1, 0, 0, 0, 1, 0
58163, 1, 1, 1, 0, 1, 0
58169, 2, 0, 0, 0, 2, 0
58172, 1, 0, 0, 0, 1, 0
58173, 0, 1, 1, 0, 0, 0
58174, 1, 0, 0, 0, 1, 0
58175, 1, 1, 1, 0, 1, 0
58178, 3, 0, 0, 0, 1, 2
58179, 1, 0, 0, 0, 1, 0
82663, 0, 1, 1, 0, 0, 0
58181, 24, 0, 0, 0, 20, 4
58185, 1, 0, 0, 0, 1, 0
58186, 1, 0, 0, 0, 1, 0
58188, 1, 0, 0, 0, 1, 0
58189, 0, 1, 1, 0, 0, 0
58190, 1, 0, 0, 0, 1, 0
58191, 0, 1, 1, 0, 0, 0
58192, 2, 0, 0, 0, 2, 0
58194, 1, 1, 1, 0, 1, 0
65904, 0, 1, 1, 0, 0, 0
65905, 0, 1, 1, 0, 0, 0
65906, 0, 1, 1, 0, 0, 0
65907, 0, 1, 1, 0, 0, 0
65908, 0, 1, 1, 0, 0, 0
65909, 0, 1, 1, 0, 0, 0
65911, 0, 1, 1, 0, 0, 0
68491, 6, 5, 5, 0, 6, 0
75647, 2, 1, 1, 0, 2, 0
81014, 0, 1, 1, 0, 0, 0
58199, 1, 0, 0, 0, 1, 0
58200, 2, 0, 0, 0, 2, 0
58201, 4, 0, 0, 0, 3, 1
58204, 1, 0, 0, 0, 1, 0
58205, 0, 1, 1, 0, 0, 0
58207, 1, 0, 0, 0, 1, 0
58210, 1, 0, 0, 0, 1, 0
58213, 1, 0, 0, 0, 1, 0
58214, 2, 0, 0, 0, 2, 0
58215, 1, 0, 0, 0, 1, 0
58216, 6, 0, 0, 0, 6, 0
58222, 1, 0, 0, 0, 1, 0
58223, 1, 0, 0, 0, 1, 0
70232, 3, 2, 2, 0, 3, 0
69884, 0, 1, 1, 0, 0, 0
69885, 0, 1, 1, 0, 0, 0
69886, 0, 1, 1, 0, 0, 0
69887, 4, 5, 5, 0, 4, 0
69888, 0, 1, 1, 0, 0, 0
69889, 0, 1, 1, 0, 0, 0
65107, 2, 1, 1, 0, 2, 0
71149, 1, 1, 1, 0, 1, 0
75885, 0, 1, 1, 0, 0, 0
67540, 1, 2, 2, 0, 0, 1
70811, 1, 1, 1, 0, 1, 0
73542, 0, 1, 1, 0, 0, 0
73543, 0, 1, 1, 0, 0, 0
73545, 0, 1, 1, 0, 0, 0
73547, 0, 1, 1, 0, 0, 0
73548, 0, 1, 1, 0, 0, 0
73550, 0, 1, 1, 0, 0, 0
73552, 0, 1, 1, 0, 0, 0
73553, 0, 1, 1, 0, 0, 0
71271, 0, 2, 2, 0, 0, 0
81969, 2, 2, 2, 0, 2, 0
59008, 0, 1, 1, 0, 0, 0
65152, 1, 1, 1, 0, 1, 0
73833, 0, 3, 3, 0, 0, 0
76129, 0, 1, 1, 0, 0, 0
68317, 6, 9, 8, 1, 6, 0
71484, 2, 2, 2, 0, 2, 0
65472, 0, 1, 1, 0, 0, 0
75701, 1, 1, 1, 0, 1, 0
76152, 1, 1, 1, 0, 1, 0
87022, 0, 1, 1, 0, 0, 0
77331, 1, 1, 1, 0, 1, 0
80937, 0, 1, 1, 0, 0, 0
73563, 1, 1, 1, 0, 1, 0
58277, 1, 1, 1, 0, 1, 0
58278, 2, 1, 1, 0, 2, 0
58279, 5, 0, 0, 0, 0, 5
65268, 0, 3, 3, 0, 0, 0
58287, 1, 0, 0, 0, 1, 0
58289, 1, 0, 0, 0, 1, 0
58290, 2, 0, 0, 0, 2, 0
58293, 2, 0, 0, 0, 2, 0
58295, 2, 0, 0, 0, 2, 0
58296, 1, 1, 1, 0, 0, 1
58298, 1, 0, 0, 0, 1, 0
58302, 1, 0, 0, 0, 0, 1
58303, 1, 0, 0, 0, 0, 1
58305, 1, 0, 0, 0, 1, 0
69302, 0, 1, 1, 0, 0, 0
69303, 0, 1, 1, 0, 0, 0
69304, 0, 1, 1, 0, 0, 0
69305, 1, 2, 2, 0, 1, 0
58313, 1, 0, 0, 0, 0, 1
58315, 2, 0, 0, 0, 1, 1
58322, 1, 0, 0, 0, 1, 0
58323, 1, 0, 0, 0, 1, 0
58324, 1, 0, 0, 0, 1, 0
58326, 1, 0, 0, 0, 0, 1
58328, 1, 2, 1, 1, 1, 0
58332, 3, 0, 0, 0, 3, 0
58336, 1, 0, 0, 0, 1, 0
96315, 0, 3, 3, 0, 0, 0
96316, 0, 1, 1, 0, 0, 0
58340, 0, 2, 2, 0, 0, 0
58342, 4, 1, 1, 0, 4, 0
58348, 5, 1, 1, 0, 5, 0
58351, 4, 1, 1, 0, 4, 0
61201, 1, 1, 1, 0, 1, 0
58345, 0, 1, 1, 0, 0, 0
58350, 0, 1, 1, 0, 0, 0
58353, 0, 1, 1, 0, 0, 0
58354, 1, 0, 0, 0, 0, 1
58355, 2, 0, 0, 0, 2, 0
58357, 0, 1, 1, 0, 0, 0
58360, 1, 0, 0, 0, 1, 0
58362, 1, 1, 0, 1, 0, 1
62152, 3, 3, 2, 1, 3, 0
84012, 1, 1, 1, 0, 1, 0
84546, 1, 1, 1, 0, 1, 0
86996, 1, 1, 1, 0, 1, 0
125075, 2, 1, 1, 0, 2, 0
58367, 1, 0, 0, 0, 1, 0
58369, 0, 1, 1, 0, 0, 0
58370, 0, 1, 1, 0, 0, 0
58373, 1, 0, 0, 0, 1, 0
58374, 1, 0, 0, 0, 1, 0
58375, 1, 0, 0, 0, 0, 1
58377, 1, 1, 1, 0, 1, 0
58379, 1, 0, 0, 0, 1, 0
58384, 1, 0, 0, 0, 1, 0
58385, 2, 1, 1, 0, 2, 0
58387, 1, 0, 0, 0, 1, 0
58389, 1, 0, 0, 0, 0, 1
58390, 1, 0, 0, 0, 1, 0
58391, 1, 0, 0, 0, 0, 1
58392, 4, 5, 2, 3, 4, 0
58393, 2, 0, 0, 0, 2, 0
62072, 6, 3, 3, 0, 6, 0
62205, 7, 3, 3, 0, 7, 0
63096, 5, 5, 5, 0, 5, 0
65995, 4, 3, 3, 0, 4, 0
66597, 1, 2, 2, 0, 1, 0
71359, 0, 2, 2, 0, 0, 0
73086, 6, 2, 2, 0, 6, 0
73850, 3, 3, 3, 0, 3, 0
75531, 2, 2, 2, 0, 2, 0
75694, 0, 3, 3, 0, 0, 0
76423, 11, 1, 1, 0, 6, 5
76543, 1, 1, 1, 0, 1, 0
87461, 0, 2, 2, 0, 0, 0
88739, 2, 1, 1, 0, 2, 0
88748, 0, 1, 1, 0, 0, 0
88749, 0, 1, 1, 0, 0, 0
88750, 0, 1, 1, 0, 0, 0
88751, 0, 1, 1, 0, 0, 0
88752, 0, 1, 1, 0, 0, 0
88754, 0, 1, 1, 0, 0, 0
88755, 0, 1, 1, 0, 0, 0
88756, 0, 1, 1, 0, 0, 0
88757, 0, 5, 5, 0, 0, 0
88758, 0, 1, 1, 0, 0, 0
88759, 0, 1, 1, 0, 0, 0
88760, 0, 1, 1, 0, 0, 0
88761, 0, 1, 1, 0, 0, 0
88762, 0, 1, 1, 0, 0, 0
88763, 0, 1, 1, 0, 0, 0
88764, 0, 1, 1, 0, 0, 0
88765, 0, 1, 1, 0, 0, 0
88766, 0, 1, 1, 0, 0, 0
88767, 0, 1, 1, 0, 0, 0
88768, 0, 1, 1, 0, 0, 0
61592, 0, 2, 2, 0, 0, 0
79287, 0, 2, 2, 0, 0, 0
79289, 0, 1, 1, 0, 0, 0
79290, 0, 1, 1, 0, 0, 0
68443, 0, 1, 0, 1, 0, 0
78413, 9, 1, 1, 0, 9, 0
84519, 15, 2, 2, 0, 15, 0
64322, 2, 1, 1, 0, 2, 0
66833, 4, 1, 1, 0, 4, 0
75743, 0, 1, 1, 0, 0, 0
86620, 2, 1, 1, 0, 2, 0
90878, 0, 1, 1, 0, 0, 0
83484, 0, 1, 1, 0, 0, 0
87543, 3, 1, 1, 0, 3, 0
76556, 1, 1, 1, 0, 1, 0
78345, 1, 1, 0, 1, 1, 0
79651, 0, 1, 1, 0, 0, 0
90685, 0, 1, 1, 0, 0, 0
63225, 2, 2, 2, 0, 2, 0
89213, 1, 1, 1, 0, 1, 0
89239, 2, 1, 1, 0, 2, 0
87326, 1, 2, 2, 0, 1, 0
87327, 1, 2, 2, 0, 1, 0
89521, 1, 1, 1, 0, 1, 0
90174, 1, 1, 1, 0, 1, 0
90262, 1, 1, 1, 0, 1, 0
90304, 1, 1, 1, 0, 1, 0
90315, 1, 1, 1, 0, 1, 0
90888, 1, 1, 1, 0, 1, 0
81736, 0, 2, 2, 0, 0, 0
81940, 2, 4, 4, 0, 1, 1
58492, 1, 0, 0, 0, 1, 0
58496, 1, 0, 0, 0, 1, 0
58497, 1, 0, 0, 0, 1, 0
58498, 3, 0, 0, 0, 3, 0
58499, 1, 1, 1, 0, 1, 0
58500, 3, 1, 1, 0, 3, 0
58501, 1, 0, 0, 0, 1, 0
58502, 0, 1, 1, 0, 0, 0
58503, 1, 0, 0, 0, 1, 0
58504, 1, 0, 0, 0, 0, 1
58505, 1, 0, 0, 0, 0, 1
58510, 1, 0, 0, 0, 1, 0
58512, 2, 0, 0, 0, 1, 1
58513, 0, 1, 0, 1, 0, 0
58514, 1, 0, 0, 0, 1, 0
58519, 1, 0, 0, 0, 1, 0
58520, 1, 0, 0, 0, 0, 1
58521, 2, 0, 0, 0, 2, 0
58522, 1, 0, 0, 0, 1, 0
58524, 1, 0, 0, 0, 1, 0
58528, 1, 0, 0, 0, 1, 0
58529, 2, 0, 0, 0, 0, 2
58530, 0, 1, 0, 1, 0, 0
58531, 1, 0, 0, 0, 1, 0
58533, 1, 0, 0, 0, 1, 0
58534, 1, 0, 0, 0, 1, 0
58535, 1, 0, 0, 0, 1, 0
58536, 1, 0, 0, 0, 1, 0
58537, 1, 0, 0, 0, 1, 0
58538, 6, 0, 0, 0, 6, 0
58539, 2, 0, 0, 0, 1, 1
58540, 1, 0, 0, 0, 1, 0
74342, 1, 1, 1, 0, 1, 0
74343, 0, 1, 1, 0, 0, 0
74344, 1, 1, 1, 0, 1, 0
58543, 1, 0, 0, 0, 1, 0
58544, 1, 0, 0, 0, 1, 0
58545, 1, 0, 0, 0, 1, 0
58546, 2, 0, 0, 0, 1, 1
58547, 1, 0, 0, 0, 1, 0
58548, 2, 0, 0, 0, 2, 0
58550, 1, 2, 2, 0, 1, 0
58551, 6, 0, 0, 0, 3, 3
58552, 0, 1, 1, 0, 0, 0
58555, 2, 0, 0, 0, 2, 0
58560, 1, 0, 0, 0, 1, 0
58563, 4, 0, 0, 0, 1, 3
62701, 7, 1, 1, 0, 7, 0
70984, 1, 1, 1, 0, 1, 0
71170, 3, 1, 1, 0, 3, 0
75001, 4, 1, 1, 0, 4, 0
80602, 0, 1, 1, 0, 0, 0
80604, 0, 1, 1, 0, 0, 0
80605, 0, 1, 1, 0, 0, 0
112127, 0, 1, 1, 0, 0, 0
58565, 2, 0, 0, 0, 2, 0
58566, 1, 1, 1, 0, 1, 0
58567, 3, 1, 1, 0, 3, 0
64669, 1, 1, 1, 0, 1, 0
68391, 0, 1, 1, 0, 0, 0
68392, 0, 1, 1, 0, 0, 0
83962, 1, 1, 1, 0, 1, 0
58574, 1, 0, 0, 0, 0, 1
58575, 1, 0, 0, 0, 1, 0
58576, 2, 0, 0, 0, 2, 0
108613, 0, 1, 1, 0, 0, 0
58577, 1, 0, 0, 0, 1, 0
58578, 0, 2, 2, 0, 0, 0
58579, 1, 0, 0, 0, 1, 0
58580, 0, 1, 1, 0, 0, 0
58584, 3, 0, 0, 0, 3, 0
58585, 2, 1, 1, 0, 0, 2
58586, 4, 0, 0, 0, 2, 2
58587, 1, 0, 0, 0, 1, 0
58591, 1, 0, 0, 0, 1, 0
59185, 1, 2, 2, 0, 1, 0
58593, 1, 0, 0, 0, 1, 0
58596, 1, 1, 1, 0, 1, 0
58603, 1, 0, 0, 0, 1, 0
58605, 1, 0, 0, 0, 1, 0
58606, 1, 0, 0, 0, 1, 0
58607, 3, 0, 0, 0, 3, 0
58610, 1, 0, 0, 0, 1, 0
58611, 0, 1, 1, 0, 0, 0
58612, 1, 0, 0, 0, 0, 1
58613, 1, 0, 0, 0, 1, 0
58614, 0, 1, 1, 0, 0, 0
58615, 1, 0, 0, 0, 1, 0
58617, 1, 0, 0, 0, 1, 0
58618, 0, 1, 1, 0, 0, 0
58619, 1, 0, 0, 0, 1, 0
62234, 0, 2, 2, 0, 0, 0
62235, 0, 1, 1, 0, 0, 0
62236, 0, 1, 1, 0, 0, 0
58624, 1, 0, 0, 0, 1, 0
58628, 0, 1, 1, 0, 0, 0
58629, 1, 1, 1, 0, 1, 0
66965, 0, 1, 1, 0, 0, 0
58632, 0, 1, 1, 0, 0, 0
58633, 0, 1, 0, 1, 0, 0
105670, 0, 1, 1, 0, 0, 0
58634, 3, 0, 0, 0, 3, 0
58635, 1, 1, 1, 0, 1, 0
59589, 1, 1, 1, 0, 1, 0
58638, 1, 0, 0, 0, 1, 0
58639, 0, 1, 1, 0, 0, 0
58642, 6, 1, 1, 0, 5, 1
58649, 2, 1, 1, 0, 2, 0
58652, 2, 1, 1, 0, 2, 0
58654, 2, 0, 0, 0, 0, 2
58655, 1, 1, 1, 0, 1, 0
58657, 1, 0, 0, 0, 1, 0
58659, 1, 0, 0, 0, 1, 0
70345, 0, 1, 1, 0, 0, 0
70346, 0, 1, 1, 0, 0, 0
58667, 3, 0, 0, 0, 3, 0
58670, 1, 0, 0, 0, 1, 0
58671, 1, 0, 0, 0, 1, 0
58672, 1, 2, 2, 0, 1, 0
58674, 2, 0, 0, 0, 2, 0
58677, 1, 0, 0, 0, 1, 0
58680, 1, 0, 0, 0, 0, 1
58681, 4, 0, 0, 0, 4, 0
58684, 1, 0, 0, 0, 1, 0
58687, 1, 0, 0, 0, 0, 1
58688, 1, 0, 0, 0, 1, 0
58690, 1, 0, 0, 0, 1, 0
58691, 1, 0, 0, 0, 0, 1
58693, 1, 0, 0, 0, 1, 0
58703, 1, 0, 0, 0, 1, 0
58704, 0, 1, 1, 0, 0, 0
58706, 2, 0, 0, 0, 1, 1
92150, 3, 3, 3, 0, 3, 0
107560, 1, 1, 1, 0, 1, 0
58709, 1, 0, 0, 0, 1, 0
58710, 1, 0, 0, 0, 1, 0
58711, 8, 0, 0, 0, 8, 0
58713, 0, 1, 1, 0, 0, 0
58714, 1, 0, 0, 0, 1, 0
58717, 1, 0, 0, 0, 0, 1
58720, 1, 1, 1, 0, 1, 0
81635, 1, 2, 2, 0, 1, 0
88559, 1, 2, 2, 0, 1, 0
58724, 1, 0, 0, 0, 1, 0
58726, 1, 0, 0, 0, 1, 0
58728, 1, 0, 0, 0, 0, 1
58734, 1, 0, 0, 0, 1, 0
58738, 1, 1, 1, 0, 1, 0
131418, 3, 2, 2, 0, 3, 0
58739, 1, 1, 1, 0, 1, 0
102577, 0, 1, 0, 1, 0, 0
58742, 1, 0, 0, 0, 1, 0
65593, 1, 2, 2, 0, 1, 0
102860, 0, 1, 1, 0, 0, 0
98013, 2, 1, 1, 0, 2, 0
58747, 3, 2, 2, 0, 3, 0
58748, 1, 1, 1, 0, 1, 0
101820, 2, 1, 1, 0, 2, 0
108466, 1, 1, 1, 0, 1, 0
102922, 1, 1, 1, 0, 1, 0
102981, 4, 3, 3, 0, 4, 0
58754, 1, 0, 0, 0, 1, 0
58755, 5, 2, 2, 0, 3, 2
86978, 7, 2, 2, 0, 7, 0
58756, 1, 0, 0, 0, 1, 0
113578, 0, 1, 1, 0, 0, 0
118450, 2, 1, 1, 0, 2, 0
101757, 1, 4, 4, 0, 1, 0
104136, 4, 2, 2, 0, 4, 0
58766, 1, 0, 0, 0, 1, 0
58768, 14, 0, 0, 0, 14, 0
58771, 1, 0, 0, 0, 1, 0
58776, 1, 0, 0, 0, 1, 0
58777, 1, 0, 0, 0, 0, 1
58782, 1, 0, 0, 0, 1, 0
97745, 0, 1, 1, 0, 0, 0
117690, 0, 3, 3, 0, 0, 0
58785, 10, 0, 0, 0, 10, 0
97800, 0, 1, 1, 0, 0, 0
111324, 0, 1, 1, 0, 0, 0
58790, 2, 4, 3, 1, 2, 0
104705, 0, 1, 0, 1, 0, 0
58792, 1, 0, 0, 0, 1, 0
58793, 0, 1, 1, 0, 0, 0
101683, 1, 1, 1, 0, 1, 0
58795, 1, 0, 0, 0, 1, 0
58796, 1, 0, 0, 0, 1, 0
58800, 2, 0, 0, 0, 2, 0
104882, 1, 1, 1, 0, 1, 0
105927, 0, 1, 1, 0, 0, 0
80511, 1, 2, 2, 0, 1, 0
96472, 0, 1, 0, 1, 0, 0
103485, 1, 1, 0, 1, 1, 0
58806, 1, 0, 0, 0, 1, 0
58807, 0, 1, 1, 0, 0, 0
58811, 1, 0, 0, 0, 1, 0
102238, 4, 2, 2, 0, 4, 0
58815, 1, 0, 0, 0, 1, 0
58818, 1, 0, 0, 0, 1, 0
58819, 1, 0, 0, 0, 1, 0
58820, 1, 0, 0, 0, 1, 0
58821, 1, 0, 0, 0, 1, 0
58822, 0, 1, 1, 0, 0, 0
58823, 1, 0, 0, 0, 1, 0
60671, 2, 2, 1, 1, 1, 1
83370, 1, 1, 0, 1, 1, 0
83906, 0, 1, 0, 1, 0, 0
58829, 1, 0, 0, 0, 1, 0
58830, 1, 0, 0, 0, 1, 0
58831, 2, 0, 0, 0, 1, 1
84187, 0, 1, 1, 0, 0, 0
87017, 0, 1, 1, 0, 0, 0
58866, 1, 0, 0, 0, 1, 0
58868, 1, 0, 0, 0, 1, 0
58869, 1, 1, 1, 0, 1, 0
58870, 1, 1, 1, 0, 1, 0
58871, 1, 0, 0, 0, 1, 0
58872, 0, 1, 1, 0, 0, 0
58873, 1, 0, 0, 0, 1, 0
58874, 0, 1, 1, 0, 0, 0
58875, 1, 0, 0, 0, 0, 1
58876, 0, 4, 3, 1, 0, 0
58877, 2, 0, 0, 0, 2, 0
58878, 1, 1, 1, 0, 1, 0
58879, 1, 0, 0, 0, 1, 0
58880, 7, 1, 0, 1, 5, 2
58881, 4, 2, 2, 0, 4, 0
58882, 1, 0, 0, 0, 1, 0
58883, 1, 0, 0, 0, 1, 0
58884, 1, 0, 0, 0, 1, 0
58885, 1, 0, 0, 0, 0, 1
58886, 1, 0, 0, 0, 1, 0
58888, 1, 0, 0, 0, 1, 0
58889, 1, 0, 0, 0, 1, 0
58890, 1, 1, 1, 0, 1, 0
58892, 1, 0, 0, 0, 0, 1
58896, 1, 0, 0, 0, 1, 0
58897, 0, 1, 1, 0, 0, 0
58898, 1, 0, 0, 0, 1, 0
58899, 2, 0, 0, 0, 1, 1
58902, 1, 0, 0, 0, 1, 0
71710, 0, 4, 4, 0, 0, 0
71711, 0, 3, 3, 0, 0, 0
71730, 0, 2, 2, 0, 0, 0
58912, 1, 0, 0, 0, 1, 0
58913, 1, 0, 0, 0, 1, 0
58914, 1, 0, 0, 0, 1, 0
73009, 1, 1, 1, 0, 1, 0
73190, 1, 1, 1, 0, 1, 0
58917, 1, 1, 1, 0, 1, 0
58919, 1, 0, 0, 0, 1, 0
58920, 1, 0, 0, 0, 1, 0
58921, 0, 1, 1, 0, 0, 0
58923, 2, 0, 0, 0, 2, 0
58926, 1, 0, 0, 0, 1, 0
58927, 0, 1, 1, 0, 0, 0
58929, 1, 0, 0, 0, 1, 0
58930, 1, 0, 0, 0, 1, 0
58931, 1, 1, 1, 0, 1, 0
58932, 0, 3, 3, 0, 0, 0
58933, 3, 0, 0, 0, 3, 0
58936, 1, 0, 0, 0, 1, 0
58937, 3, 0, 0, 0, 3, 0
58939, 0, 1, 1, 0, 0, 0
78932, 4, 1, 1, 0, 4, 0
58943, 1, 0, 0, 0, 1, 0
62385, 1, 1, 1, 0, 1, 0
63570, 0, 1, 1, 0, 0, 0
58952, 1, 0, 0, 0, 1, 0
58953, 1, 0, 0, 0, 1, 0
71536, 0, 1, 1, 0, 0, 0
71537, 0, 1, 1, 0, 0, 0
71538, 0, 1, 1, 0, 0, 0
71539, 0, 1, 1, 0, 0, 0
58956, 2, 0, 0, 0, 2, 0
73744, 0, 1, 1, 0, 0, 0
73745, 0, 1, 1, 0, 0, 0
58959, 1, 0, 0, 0, 1, 0
58960, 1, 0, 0, 0, 0, 1
73728, 0, 2, 2, 0, 0, 0
74283, 0, 1, 1, 0, 0, 0
74284, 0, 1, 1, 0, 0, 0
58964, 1, 0, 0, 0, 0, 1
58967, 1, 0, 0, 0, 1, 0
58968, 2, 0, 0, 0, 2, 0
58969, 1, 1, 1, 0, 1, 0
58970, 2, 1, 1, 0, 2, 0
58973, 1, 1, 1, 0, 1, 0
58974, 1, 1, 1, 0, 1, 0
58975, 1, 0, 0, 0, 1, 0
58979, 1, 0, 0, 0, 1, 0
58980, 0, 1, 1, 0, 0, 0
58983, 1, 0, 0, 0, 1, 0
58984, 1, 0, 0, 0, 0, 1
58985, 1, 0, 0, 0, 1, 0
58988, 1, 0, 0, 0, 1, 0
58989, 1, 0, 0, 0, 1, 0
58990, 1, 0, 0, 0, 1, 0
58998, 1, 0, 0, 0, 1, 0
58999, 1, 0, 0, 0, 1, 0
59000, 1, 0, 0, 0, 1, 0
59001, 1, 1, 1, 0, 1, 0
59002, 2, 2, 2, 0, 1, 1
59003, 1, 0, 0, 0, 1, 0
59004, 3, 0, 0, 0, 3, 0
59007, 0, 1, 1, 0, 0, 0
59009, 1, 0, 0, 0, 1, 0
59010, 1, 0, 0, 0, 1, 0
59011, 1, 0, 0, 0, 1, 0
59014, 1, 0, 0, 0, 1, 0
59018, 1, 1, 1, 0, 1, 0
59019, 1, 0, 0, 0, 1, 0
59020, 1, 0, 0, 0, 1, 0
59021, 1, 0, 0, 0, 1, 0
59022, 1, 0, 0, 0, 1, 0
59023, 1, 0, 0, 0, 1, 0
59024, 0, 1, 1, 0, 0, 0
59025, 1, 0, 0, 0, 1, 0
59028, 0, 1, 1, 0, 0, 0
59029, 0, 1, 1, 0, 0, 0
59031, 1, 0, 0, 0, 1, 0
59032, 2, 0, 0, 0, 2, 0
59034, 1, 0, 0, 0, 1, 0
59041, 2, 0, 0, 0, 2, 0
59050, 1, 0, 0, 0, 1, 0
59055, 3, 0, 0, 0, 2, 1
59056, 3, 1, 1, 0, 3, 0
59058, 0, 1, 1, 0, 0, 0
59061, 1, 0, 0, 0, 0, 1
59062, 1, 0, 0, 0, 1, 0
59063, 1, 0, 0, 0, 1, 0
59066, 1, 0, 0, 0, 1, 0
59067, 1, 1, 1, 0, 1, 0
59068, 1, 0, 0, 0, 1, 0
59070, 3, 0, 0, 0, 1, 2
59071, 1, 0, 0, 0, 1, 0
59072, 1, 0, 0, 0, 1, 0
59073, 1, 2, 2, 0, 1, 0
59264, 1, 1, 1, 0, 1, 0
59074, 1, 0, 0, 0, 1, 0
59077, 1, 0, 0, 0, 1, 0
59078, 1, 0, 0, 0, 0, 1
59079, 1, 0, 0, 0, 1, 0
59080, 2, 2, 2, 0, 2, 0
59082, 5, 0, 0, 0, 2, 3
88776, 0, 2, 2, 0, 0, 0
59085, 1, 0, 0, 0, 1, 0
59086, 0, 2, 2, 0, 0, 0
59087, 1, 0, 0, 0, 1, 0
59089, 1, 1, 1, 0, 1, 0
59091, 1, 0, 0, 0, 1, 0
59092, 1, 0, 0, 0, 1, 0
59093, 1, 0, 0, 0, 1, 0
59094, 4, 2, 2, 0, 4, 0
59095, 2, 0, 0, 0, 0, 2
79923, 1, 1, 1, 0, 1, 0
74131, 3, 2, 2, 0, 3, 0
61605, 1, 1, 1, 0, 1, 0
71023, 1, 1, 1, 0, 1, 0
82967, 0, 1, 1, 0, 0, 0
82968, 0, 1, 1, 0, 0, 0
70912, 2, 3, 3, 0, 2, 0
59101, 1, 0, 0, 0, 1, 0
59102, 1, 0, 0, 0, 1, 0
59103, 1, 0, 0, 0, 1, 0
59104, 1, 0, 0, 0, 1, 0
59105, 2, 2, 2, 0, 2, 0
98297, 5, 4, 4, 0, 5, 0
60266, 0, 1, 1, 0, 0, 0
59167, 2, 0, 0, 0, 1, 1
59168, 2, 1, 1, 0, 1, 1
59169, 1, 0, 0, 0, 1, 0
59170, 1, 0, 0, 0, 1, 0
59171, 1, 5, 5, 0, 1, 0
63002, 1, 5, 5, 0, 1, 0
59173, 1, 0, 0, 0, 1, 0
59176, 1, 0, 0, 0, 1, 0
84474, 0, 1, 1, 0, 0, 0
59183, 1, 0, 0, 0, 1, 0
59184, 1, 0, 0, 0, 1, 0
59188, 1, 0, 0, 0, 1, 0
59190, 1, 0, 0, 0, 1, 0
59191, 0, 1, 1, 0, 0, 0
59192, 1, 0, 0, 0, 1, 0
59193, 1, 0, 0, 0, 1, 0
59195, 1, 0, 0, 0, 0, 1
59197, 1, 0, 0, 0, 0, 1
59198, 1, 0, 0, 0, 1, 0
59199, 1, 0, 0, 0, 1, 0
59200, 1, 0, 0, 0, 1, 0
59201, 1, 0, 0, 0, 1, 0
59205, 1, 0, 0, 0, 1, 0
69104, 1, 1, 1, 0, 1, 0
71332, 7, 3, 2, 1, 7, 0
71333, 0, 4, 3, 1, 0, 0
59207, 1, 0, 0, 0, 1, 0
59209, 2, 0, 0, 0, 1, 1
59211, 1, 0, 0, 0, 1, 0
59212, 3, 0, 0, 0, 3, 0
59213, 2, 0, 0, 0, 2, 0
59214, 5, 0, 0, 0, 5, 0
59216, 1, 0, 0, 0, 1, 0
59219, 1, 0, 0, 0, 1, 0
59221, 1, 0, 0, 0, 1, 0
59223, 1, 0, 0, 0, 0, 1
59224, 1, 0, 0, 0, 1, 0
59228, 3, 0, 0, 0, 2, 1
59231, 1, 1, 1, 0, 1, 0
59232, 5, 1, 1, 0, 5, 0
59235, 0, 1, 1, 0, 0, 0
59233, 1, 0, 0, 0, 0, 1
59234, 0, 1, 0, 1, 0, 0
59237, 1, 1, 1, 0, 1, 0
59238, 1, 0, 0, 0, 1, 0
59239, 0, 3, 3, 0, 0, 0
59240, 1, 0, 0, 0, 1, 0
59241, 1, 0, 0, 0, 0, 1
59242, 0, 1, 0, 1, 0, 0
71672, 1, 1, 1, 0, 1, 0
78394, 0, 1, 1, 0, 0, 0
78395, 0, 1, 1, 0, 0, 0
78396, 0, 1, 1, 0, 0, 0
59245, 1, 0, 0, 0, 1, 0
59247, 1, 0, 0, 0, 1, 0
68025, 1, 1, 1, 0, 1, 0
74325, 1, 1, 1, 0, 1, 0
75306, 0, 1, 1, 0, 0, 0
75308, 0, 1, 1, 0, 0, 0
75309, 0, 1, 1, 0, 0, 0
59262, 1, 0, 0, 0, 1, 0
59266, 9, 0, 0, 0, 9, 0
59267, 3, 1, 1, 0, 1, 2
59271, 1, 0, 0, 0, 0, 1
59274, 1, 0, 0, 0, 1, 0
59275, 1, 0, 0, 0, 1, 0
59276, 1, 0, 0, 0, 0, 1
59277, 1, 0, 0, 0, 1, 0
59278, 1, 0, 0, 0, 1, 0
59279, 8, 0, 0, 0, 7, 1
59281, 1, 0, 0, 0, 1, 0
59283, 2, 0, 0, 0, 1, 1
59284, 0, 1, 1, 0, 0, 0
59286, 1, 0, 0, 0, 1, 0
59287, 1, 0, 0, 0, 1, 0
59288, 1, 0, 0, 0, 1, 0
59291, 1, 0, 0, 0, 1, 0
59298, 1, 0, 0, 0, 1, 0
59301, 1, 0, 0, 0, 1, 0
59303, 2, 0, 0, 0, 1, 1
87565, 0, 1, 1, 0, 0, 0
114541, 0, 1, 1, 0, 0, 0
59307, 3, 1, 1, 0, 3, 0
87350, 0, 2, 2, 0, 0, 0
90649, 0, 1, 1, 0, 0, 0
59312, 1, 0, 0, 0, 0, 1
59318, 1, 0, 0, 0, 1, 0
59319, 3, 0, 0, 0, 3, 0
59320, 1, 0, 0, 0, 1, 0
59321, 0, 1, 1, 0, 0, 0
59324, 1, 0, 0, 0, 1, 0
59325, 1, 0, 0, 0, 1, 0
59326, 1, 0, 0, 0, 1, 0
59328, 1, 0, 0, 0, 1, 0
59329, 1, 0, 0, 0, 1, 0
102046, 0, 2, 2, 0, 0, 0
59332, 1, 0, 0, 0, 1, 0
59333, 2, 1, 1, 0, 2, 0
59334, 7, 3, 3, 0, 6, 1
59335, 1, 1, 1, 0, 1, 0
67154, 4, 2, 2, 0, 0, 4
59336, 2, 0, 0, 0, 1, 1
59338, 1, 0, 0, 0, 1, 0
59339, 3, 0, 0, 0, 3, 0
59342, 1, 0, 0, 0, 0, 1
59344, 1, 0, 0, 0, 1, 0
59345, 0, 1, 1, 0, 0, 0
59346, 5, 1, 1, 0, 4, 1
86178, 1, 2, 2, 0, 1, 0
59349, 1, 0, 0, 0, 0, 1
59351, 1, 0, 0, 0, 1, 0
59352, 1, 0, 0, 0, 1, 0
59353, 1, 0, 0, 0, 1, 0
59354, 1, 0, 0, 0, 1, 0
59355, 0, 1, 1, 0, 0, 0
59357, 3, 1, 1, 0, 3, 0
59360, 1, 0, 0, 0, 1, 0
59362, 1, 0, 0, 0, 0, 1
59363, 1, 1, 1, 0, 1, 0
80754, 0, 1, 1, 0, 0, 0
80755, 0, 1, 1, 0, 0, 0
59371, 2, 0, 0, 0, 1, 1
59372, 2, 1, 0, 1, 2, 0
59374, 1, 1, 1, 0, 1, 0
59376, 3, 0, 0, 0, 3, 0
59378, 1, 0, 0, 0, 1, 0
59380, 1, 0, 0, 0, 0, 1
59381, 0, 3, 2, 1, 0, 0
72918, 0, 1, 1, 0, 0, 0
72919, 0, 1, 1, 0, 0, 0
59383, 3, 0, 0, 0, 1, 2
61634, 0, 1, 1, 0, 0, 0
59386, 5, 0, 0, 0, 5, 0
59389, 1, 0, 0, 0, 0, 1
59390, 1, 0, 0, 0, 1, 0
59391, 0, 1, 1, 0, 0, 0
59393, 1, 0, 0, 0, 1, 0
59395, 1, 0, 0, 0, 0, 1
59396, 2, 1, 1, 0, 2, 0
88642, 0, 1, 1, 0, 0, 0
88643, 0, 1, 1, 0, 0, 0
88644, 0, 1, 1, 0, 0, 0
59401, 1, 0, 0, 0, 1, 0
59404, 8, 1, 1, 0, 5, 3
59405, 0, 1, 0, 1, 0, 0
59407, 1, 1, 1, 0, 1, 0
59408, 1, 0, 0, 0, 1, 0
59409, 5, 1, 1, 0, 3, 2
59411, 0, 1, 1, 0, 0, 0
59412, 2, 0, 0, 0, 2, 0
59413, 1, 0, 0, 0, 1, 0
59416, 1, 0, 0, 0, 1, 0
59417, 1, 0, 0, 0, 1, 0
59418, 2, 0, 0, 0, 2, 0
59420, 1, 2, 2, 0, 1, 0
69610, 0, 2, 2, 0, 0, 0
59434, 1, 0, 0, 0, 0, 1
59435, 1, 0, 0, 0, 0, 1
59443, 1, 0, 0, 0, 1, 0
59444, 1, 0, 0, 0, 1, 0
59445, 1, 0, 0, 0, 1, 0
59448, 1, 0, 0, 0, 1, 0
59449, 1, 0, 0, 0, 0, 1
59451, 0, 1, 0, 1, 0, 0
89591, 1, 1, 1, 0, 1, 0
59458, 1, 0, 0, 0, 1, 0
59466, 1, 0, 0, 0, 1, 0
59467, 1, 0, 0, 0, 1, 0
59468, 2, 0, 0, 0, 2, 0
59469, 1, 0, 0, 0, 1, 0
59474, 1, 0, 0, 0, 1, 0
59475, 2, 0, 0, 0, 1, 1
59476, 3, 0, 0, 0, 2, 1
59477, 0, 3, 3, 0, 0, 0
59479, 1, 0, 0, 0, 1, 0
59480, 2, 1, 1, 0, 2, 0
59483, 4, 2, 2, 0, 4, 0
59592, 0, 1, 1, 0, 0, 0
59593, 0, 1, 1, 0, 0, 0
59484, 1, 0, 0, 0, 1, 0
59485, 1, 0, 0, 0, 1, 0
59486, 0, 1, 1, 0, 0, 0
59487, 1, 0, 0, 0, 1, 0
68707, 4, 3, 3, 0, 4, 0
82543, 0, 1, 1, 0, 0, 0
59506, 5, 0, 0, 0, 5, 0
97481, 0, 1, 1, 0, 0, 0
59510, 1, 0, 0, 0, 1, 0
59524, 1, 0, 0, 0, 1, 0
80581, 1, 1, 1, 0, 1, 0
59533, 1, 0, 0, 0, 1, 0
59534, 1, 0, 0, 0, 1, 0
59536, 1, 0, 0, 0, 1, 0
59538, 0, 2, 2, 0, 0, 0
59540, 1, 0, 0, 0, 1, 0
59924, 1, 1, 1, 0, 1, 0
59545, 1, 0, 0, 0, 0, 1
59547, 1, 0, 0, 0, 1, 0
59549, 1, 0, 0, 0, 1, 0
59551, 1, 0, 0, 0, 1, 0
59552, 3, 0, 0, 0, 3, 0
59553, 0, 1, 1, 0, 0, 0
59555, 1, 0, 0, 0, 1, 0
59556, 2, 4, 4, 0, 2, 0
59557, 2, 2, 2, 0, 2, 0
59558, 1, 2, 2, 0, 1, 0
76975, 0, 1, 1, 0, 0, 0
65872, 4, 2, 2, 0, 4, 0
59563, 1, 0, 0, 0, 1, 0
59564, 0, 1, 1, 0, 0, 0
59565, 3, 0, 0, 0, 3, 0
59566, 1, 0, 0, 0, 1, 0
59567, 2, 0, 0, 0, 2, 0
59568, 1, 0, 0, 0, 1, 0
59569, 0, 1, 1, 0, 0, 0
59570, 1, 0, 0, 0, 1, 0
59571, 1, 0, 0, 0, 1, 0
59572, 1, 0, 0, 0, 1, 0
59573, 0, 4, 4, 0, 0, 0
59575, 1, 1, 1, 0, 1, 0
59576, 2, 1, 1, 0, 2, 0
59577, 1, 0, 0, 0, 1, 0
59578, 1, 0, 0, 0, 0, 1
59579, 1, 0, 0, 0, 1, 0
59581, 1, 0, 0, 0, 1, 0
59583, 1, 0, 0, 0, 1, 0
59588, 1, 0, 0, 0, 1, 0
59590, 1, 0, 0, 0, 1, 0
59594, 1, 0, 0, 0, 1, 0
59597, 1, 0, 0, 0, 1, 0
59598, 1, 0, 0, 0, 1, 0
59601, 0, 1, 1, 0, 0, 0
59602, 1, 0, 0, 0, 1, 0
73124, 0, 3, 3, 0, 0, 0
59608, 2, 0, 0, 0, 1, 1
59609, 1, 0, 0, 0, 1, 0
59610, 0, 2, 2, 0, 0, 0
59612, 2, 0, 0, 0, 2, 0
59613, 1, 0, 0, 0, 1, 0
59614, 1, 0, 0, 0, 1, 0
59616, 0, 1, 1, 0, 0, 0
59617, 1, 0, 0, 0, 1, 0
59619, 1, 0, 0, 0, 1, 0
59620, 4, 1, 1, 0, 4, 0
61328, 0, 1, 1, 0, 0, 0
59624, 1, 0, 0, 0, 1, 0
59626, 1, 0, 0, 0, 1, 0
59631, 1, 0, 0, 0, 1, 0
59633, 1, 0, 0, 0, 1, 0
59634, 1, 0, 0, 0, 1, 0
59635, 0, 2, 2, 0, 0, 0
59636, 1, 0, 0, 0, 1, 0
59637, 1, 0, 0, 0, 0, 1
59638, 1, 0, 0, 0, 1, 0
59639, 1, 0, 0, 0, 1, 0
59640, 1, 0, 0, 0, 1, 0
59642, 3, 0, 0, 0, 3, 0
59645, 1, 0, 0, 0, 1, 0
59646, 1, 0, 0, 0, 0, 1
59648, 0, 1, 1, 0, 0, 0
59649, 15, 2, 1, 1, 15, 0
59653, 6, 5, 5, 0, 6, 0
59654, 0, 1, 1, 0, 0, 0
65543, 1, 1, 1, 0, 1, 0
66978, 1, 1, 1, 0, 1, 0
59658, 0, 1, 1, 0, 0, 0
64121, 0, 2, 2, 0, 0, 0
59660, 2, 0, 0, 0, 2, 0
59661, 2, 1, 1, 0, 2, 0
59662, 0, 2, 2, 0, 0, 0
59663, 2, 1, 1, 0, 2, 0
59664, 2, 1, 1, 0, 2, 0
59665, 0, 1, 1, 0, 0, 0
59666, 1, 0, 0, 0, 1, 0
59669, 1, 1, 1, 0, 1, 0
62981, 1, 1, 1, 0, 1, 0
64520, 1, 1, 1, 0, 1, 0
59671, 1, 0, 0, 0, 0, 1
59672, 1, 0, 0, 0, 1, 0
89509, 0, 1, 1, 0, 0, 0
59678, 3, 0, 0, 0, 1, 2
59682, 1, 0, 0, 0, 1, 0
59687, 1, 1, 0, 1, 1, 0
59688, 3, 1, 1, 0, 2, 1
59689, 2, 0, 0, 0, 1, 1
59692, 1, 0, 0, 0, 0, 1
61023, 0, 2, 2, 0, 0, 0
62868, 0, 1, 1, 0, 0, 0
62870, 0, 1, 1, 0, 0, 0
62872, 0, 1, 1, 0, 0, 0
62877, 0, 1, 1, 0, 0, 0
62878, 0, 1, 1, 0, 0, 0
62880, 0, 2, 2, 0, 0, 0
127965, 2, 1, 1, 0, 2, 0
59695, 1, 0, 0, 0, 1, 0
59697, 1, 0, 0, 0, 1, 0
59700, 1, 0, 0, 0, 1, 0
59702, 1, 0, 0, 0, 1, 0
59703, 1, 0, 0, 0, 1, 0
59704, 2, 0, 0, 0, 1, 1
59705, 1, 0, 0, 0, 1, 0
59706, 1, 0, 0, 0, 1, 0
59707, 1, 0, 0, 0, 1, 0
59708, 1, 0, 0, 0, 0, 1
90502, 0, 1, 1, 0, 0, 0
62805, 3, 1, 1, 0, 3, 0
64376, 2, 1, 1, 0, 2, 0
67190, 0, 1, 0, 1, 0, 0
59715, 1, 0, 0, 0, 1, 0
59716, 1, 0, 0, 0, 1, 0
59720, 1, 0, 0, 0, 1, 0
59721, 1, 0, 0, 0, 1, 0
59722, 1, 0, 0, 0, 1, 0
59723, 1, 0, 0, 0, 1, 0
59724, 1, 0, 0, 0, 1, 0
60368, 5, 1, 1, 0, 5, 0
74442, 0, 1, 1, 0, 0, 0
59733, 1, 0, 0, 0, 1, 0
124458, 0, 1, 1, 0, 0, 0
59747, 1, 0, 0, 0, 0, 1
59749, 0, 1, 1, 0, 0, 0
59750, 1, 0, 0, 0, 1, 0
59751, 3, 0, 0, 0, 3, 0
59753, 1, 0, 0, 0, 1, 0
59795, 2, 0, 0, 0, 1, 1
59796, 1, 0, 0, 0, 1, 0
59798, 1, 0, 0, 0, 1, 0
59799, 1, 0, 0, 0, 1, 0
59800, 1, 0, 0, 0, 1, 0
59803, 1, 2, 2, 0, 1, 0
59811, 4, 0, 0, 0, 1, 3
59815, 2, 0, 0, 0, 1, 1
59816, 8, 0, 0, 0, 1, 7
59817, 1, 1, 0, 1, 1, 0
59818, 0, 1, 0, 1, 0, 0
79327, 0, 1, 1, 0, 0, 0
59819, 4, 0, 0, 0, 3, 1
59820, 1, 1, 1, 0, 1, 0
60458, 0, 2, 2, 0, 0, 0
60459, 0, 1, 1, 0, 0, 0
105828, 1, 1, 1, 0, 1, 0
59822, 1, 0, 0, 0, 1, 0
59823, 1, 0, 0, 0, 1, 0
59824, 1, 0, 0, 0, 1, 0
59825, 1, 0, 0, 0, 1, 0
59826, 1, 0, 0, 0, 0, 1
59828, 1, 0, 0, 0, 1, 0
59829, 1, 0, 0, 0, 0, 1
59830, 1, 0, 0, 0, 1, 0
59834, 1, 0, 0, 0, 1, 0
59835, 0, 2, 2, 0, 0, 0
59836, 1, 0, 0, 0, 1, 0
59837, 0, 1, 1, 0, 0, 0
59839, 1, 0, 0, 0, 1, 0
59841, 1, 0, 0, 0, 0, 1
59843, 5, 2, 2, 0, 5, 0
102861, 0, 1, 1, 0, 0, 0
104024, 1, 1, 1, 0, 1, 0
59844, 9, 0, 0, 0, 6, 3
59846, 1, 1, 0, 1, 1, 0
59847, 8, 0, 0, 0, 7, 1
59849, 1, 0, 0, 0, 1, 0
59851, 1, 1, 1, 0, 1, 0
59852, 1, 1, 1, 0, 1, 0
59853, 1, 0, 0, 0, 1, 0
59856, 1, 0, 0, 0, 1, 0
59858, 2, 0, 0, 0, 2, 0
59859, 1, 0, 0, 0, 1, 0
59862, 6, 0, 0, 0, 6, 0
59863, 0, 1, 1, 0, 0, 0
59864, 1, 0, 0, 0, 1, 0
59865, 0, 1, 1, 0, 0, 0
59869, 1, 0, 0, 0, 1, 0
59870, 1, 0, 0, 0, 1, 0
59872, 1, 0, 0, 0, 1, 0
59874, 1, 0, 0, 0, 1, 0
59875, 1, 0, 0, 0, 1, 0
59876, 1, 0, 0, 0, 0, 1
76312, 1, 1, 0, 1, 1, 0
59878, 1, 0, 0, 0, 0, 1
59880, 1, 0, 0, 0, 1, 0
59881, 0, 1, 1, 0, 0, 0
59882, 3, 0, 0, 0, 3, 0
59885, 1, 0, 0, 0, 1, 0
59886, 1, 0, 0, 0, 1, 0
59887, 0, 1, 1, 0, 0, 0
59892, 1, 0, 0, 0, 0, 1
59894, 1, 0, 0, 0, 1, 0
59895, 3, 0, 0, 0, 3, 0
59896, 1, 0, 0, 0, 1, 0
59904, 2, 0, 0, 0, 2, 0
59905, 0, 1, 1, 0, 0, 0
59906, 0, 1, 1, 0, 0, 0
59908, 0, 1, 0, 1, 0, 0
59909, 12, 2, 2, 0, 10, 2
59912, 1, 0, 0, 0, 1, 0
59913, 0, 1, 1, 0, 0, 0
59914, 1, 0, 0, 0, 1, 0
59916, 1, 0, 0, 0, 1, 0
59917, 0, 2, 2, 0, 0, 0
59920, 4, 1, 1, 0, 4, 0
59922, 1, 0, 0, 0, 1, 0
59923, 1, 0, 0, 0, 1, 0
59927, 9, 0, 0, 0, 0, 9
59928, 1, 0, 0, 0, 1, 0
59929, 1, 0, 0, 0, 0, 1
59930, 1, 0, 0, 0, 1, 0
59931, 1, 0, 0, 0, 1, 0
59935, 2, 0, 0, 0, 2, 0
59937, 1, 0, 0, 0, 1, 0
59942, 5, 2, 2, 0, 5, 0
87024, 0, 1, 1, 0, 0, 0
59944, 1, 0, 0, 0, 1, 0
59948, 4, 0, 0, 0, 4, 0
59949, 2, 2, 2, 0, 2, 0
59951, 3, 0, 0, 0, 3, 0
68819, 0, 4, 4, 0, 0, 0
69608, 0, 1, 1, 0, 0, 0
59953, 1, 0, 0, 0, 1, 0
59954, 1, 0, 0, 0, 1, 0
59955, 1, 0, 0, 0, 1, 0
59956, 3, 0, 0, 0, 3, 0
59957, 1, 1, 1, 0, 1, 0
60077, 0, 1, 1, 0, 0, 0
60078, 0, 1, 1, 0, 0, 0
60080, 4, 5, 5, 0, 4, 0
59960, 1, 0, 0, 0, 1, 0
59961, 1, 0, 0, 0, 1, 0
59962, 1, 0, 0, 0, 1, 0
59963, 1, 0, 0, 0, 1, 0
59964, 1, 0, 0, 0, 1, 0
59967, 1, 1, 1, 0, 1, 0
59968, 1, 2, 2, 0, 1, 0
68875, 3, 2, 2, 0, 3, 0
74802, 0, 1, 1, 0, 0, 0
85670, 0, 1, 1, 0, 0, 0
74649, 1, 1, 1, 0, 1, 0
69003, 7, 2, 2, 0, 7, 0
70778, 1, 1, 1, 0, 1, 0
87835, 0, 1, 1, 0, 0, 0
87836, 1, 2, 1, 1, 1, 0
61108, 2, 2, 2, 0, 2, 0
61109, 0, 2, 2, 0, 0, 0
83676, 0, 1, 1, 0, 0, 0
86646, 1, 1, 1, 0, 1, 0
80935, 0, 1, 1, 0, 0, 0
59993, 1, 0, 0, 0, 1, 0
65458, 0, 6, 6, 0, 0, 0
59998, 1, 0, 0, 0, 1, 0
59999, 5, 0, 0, 0, 4, 1
60000, 5, 0, 0, 0, 4, 1
84298, 0, 1, 1, 0, 0, 0
60002, 1, 0, 0, 0, 1, 0
60003, 1, 0, 0, 0, 1, 0
60005, 3, 0, 0, 0, 3, 0
60007, 3, 0, 0, 0, 1, 2
60008, 4, 1, 0, 1, 4, 0
60010, 1, 0, 0, 0, 1, 0
60011, 0, 1, 1, 0, 0, 0
60012, 1, 0, 0, 0, 1, 0
60014, 2, 2, 2, 0, 2, 0
60015, 2, 0, 0, 0, 2, 0
60017, 1, 0, 0, 0, 1, 0
60018, 1, 0, 0, 0, 1, 0
60019, 1, 0, 0, 0, 1, 0
94551, 0, 1, 0, 1, 0, 0
60023, 3, 1, 1, 0, 3, 0
81015, 0, 1, 1, 0, 0, 0
60026, 5, 0, 0, 0, 5, 0
60027, 5, 1, 1, 0, 5, 0
60028, 8, 0, 0, 0, 7, 1
60029, 7, 0, 0, 0, 7, 0
60030, 0, 1, 1, 0, 0, 0
68797, 2, 2, 2, 0, 2, 0
60039, 1, 0, 0, 0, 1, 0
60040, 1, 0, 0, 0, 1, 0
60041, 0, 1, 1, 0, 0, 0
83006, 0, 2, 1, 1, 0, 0
87389, 0, 1, 1, 0, 0, 0
87390, 0, 1, 1, 0, 0, 0
87391, 0, 1, 1, 0, 0, 0
60045, 1, 0, 0, 0, 1, 0
73841, 0, 1, 1, 0, 0, 0
60049, 1, 0, 0, 0, 1, 0
60050, 0, 1, 1, 0, 0, 0
60051, 1, 0, 0, 0, 1, 0
60052, 2, 0, 0, 0, 2, 0
60054, 1, 0, 0, 0, 1, 0
60056, 1, 0, 0, 0, 1, 0
60057, 1, 1, 1, 0, 1, 0
67686, 1, 1, 1, 0, 1, 0
69540, 3, 1, 1, 0, 3, 0
60060, 1, 0, 0, 0, 1, 0
60061, 1, 0, 0, 0, 1, 0
60063, 1, 0, 0, 0, 1, 0
60067, 1, 0, 0, 0, 1, 0
60605, 1, 3, 0, 3, 0, 1
60073, 2, 0, 0, 0, 2, 0
64890, 1, 1, 1, 0, 1, 0
123863, 2, 1, 1, 0, 2, 0
67578, 2, 3, 3, 0, 2, 0
60081, 3, 0, 0, 0, 2, 1
66718, 0, 3, 3, 0, 0, 0
67049, 0, 4, 4, 0, 0, 0
63670, 2, 1, 1, 0, 2, 0
74085, 0, 1, 1, 0, 0, 0
74086, 0, 1, 1, 0, 0, 0
96147, 0, 1, 1, 0, 0, 0
97227, 3, 2, 2, 0, 3, 0
97357, 0, 2, 2, 0, 0, 0
101803, 1, 1, 1, 0, 1, 0
103357, 1, 1, 1, 0, 0, 1
108060, 1, 1, 1, 0, 1, 0
109558, 1, 1, 1, 0, 1, 0
109724, 0, 1, 1, 0, 0, 0
109901, 0, 1, 1, 0, 0, 0
109902, 0, 1, 1, 0, 0, 0
109975, 0, 1, 1, 0, 0, 0
109976, 0, 1, 1, 0, 0, 0
109978, 1, 1, 1, 0, 1, 0
110423, 0, 1, 1, 0, 0, 0
111540, 0, 1, 1, 0, 0, 0
111541, 0, 2, 2, 0, 0, 0
111712, 0, 1, 1, 0, 0, 0
111713, 0, 1, 1, 0, 0, 0
111714, 4, 1, 1, 0, 4, 0
111904, 0, 1, 1, 0, 0, 0
111905, 0, 1, 1, 0, 0, 0
111906, 0, 1, 1, 0, 0, 0
111933, 0, 1, 1, 0, 0, 0
111935, 1, 2, 1, 1, 1, 0
111936, 0, 1, 1, 0, 0, 0
111938, 0, 1, 1, 0, 0, 0
111939, 0, 1, 1, 0, 0, 0
111940, 0, 1, 1, 0, 0, 0
111943, 0, 2, 2, 0, 0, 0
111945, 2, 1, 1, 0, 2, 0
111948, 0, 2, 2, 0, 0, 0
111949, 0, 2, 2, 0, 0, 0
111951, 1, 1, 1, 0, 1, 0
111970, 2, 2, 2, 0, 1, 1
119550, 0, 1, 1, 0, 0, 0
119551, 2, 1, 1, 0, 2, 0
66007, 1, 2, 2, 0, 1, 0
82014, 6, 4, 4, 0, 5, 1
89152, 0, 1, 1, 0, 0, 0
60093, 1, 1, 1, 0, 1, 0
60094, 1, 2, 2, 0, 1, 0
64859, 0, 1, 1, 0, 0, 0
74098, 2, 1, 1, 0, 2, 0
77355, 0, 2, 2, 0, 0, 0
83665, 5, 2, 2, 0, 5, 0
83667, 0, 1, 1, 0, 0, 0
67013, 0, 2, 2, 0, 0, 0
75373, 0, 2, 2, 0, 0, 0
76655, 0, 1, 1, 0, 0, 0
76656, 0, 1, 1, 0, 0, 0
76657, 0, 1, 1, 0, 0, 0
76658, 0, 1, 1, 0, 0, 0
76659, 0, 1, 1, 0, 0, 0
76660, 0, 1, 1, 0, 0, 0
70577, 0, 1, 1, 0, 0, 0
60124, 1, 0, 0, 0, 1, 0
60125, 1, 0, 0, 0, 1, 0
60126, 6, 0, 0, 0, 2, 4
60128, 1, 1, 0, 1, 1, 0
60134, 1, 0, 0, 0, 1, 0
60153, 1, 0, 0, 0, 1, 0
60155, 4, 0, 0, 0, 4, 0
60156, 1, 0, 0, 0, 1, 0
60158, 1, 0, 0, 0, 1, 0
85494, 6, 2, 2, 0, 6, 0
60162, 1, 0, 0, 0, 1, 0
60163, 1, 0, 0, 0, 1, 0
60164, 1, 0, 0, 0, 1, 0
60166, 1, 0, 0, 0, 1, 0
60169, 2, 0, 0, 0, 2, 0
60170, 0, 1, 1, 0, 0, 0
60174, 1, 0, 0, 0, 1, 0
60175, 1, 0, 0, 0, 1, 0
60177, 1, 0, 0, 0, 1, 0
60179, 1, 0, 0, 0, 1, 0
60180, 2, 0, 0, 0, 2, 0
60181, 1, 0, 0, 0, 1, 0
60684, 1, 2, 2, 0, 1, 0
60183, 1, 0, 0, 0, 1, 0
60184, 1, 0, 0, 0, 1, 0
60185, 1, 0, 0, 0, 1, 0
60186, 2, 2, 2, 0, 2, 0
60192, 1, 0, 0, 0, 1, 0
60193, 1, 0, 0, 0, 1, 0
60196, 1, 0, 0, 0, 1, 0
60198, 2, 0, 0, 0, 2, 0
60199, 0, 1, 1, 0, 0, 0
60200, 2, 0, 0, 0, 0, 2
80513, 0, 2, 2, 0, 0, 0
81496, 0, 1, 1, 0, 0, 0
60202, 1, 0, 0, 0, 1, 0
60203, 1, 0, 0, 0, 1, 0
60204, 1, 0, 0, 0, 1, 0
60205, 0, 1, 1, 0, 0, 0
60206, 1, 1, 1, 0, 1, 0
60207, 5, 2, 2, 0, 4, 1
60229, 0, 1, 1, 0, 0, 0
71906, 0, 1, 1, 0, 0, 0
60217, 1, 1, 1, 0, 1, 0
80689, 3, 1, 1, 0, 3, 0
82408, 0, 1, 1, 0, 0, 0
60222, 0, 1, 1, 0, 0, 0
60223, 1, 0, 0, 0, 1, 0
60225, 1, 0, 0, 0, 1, 0
79002, 4, 1, 1, 0, 4, 0
60235, 2, 1, 1, 0, 2, 0
86707, 1, 2, 2, 0, 1, 0
87732, 0, 2, 2, 0, 0, 0
74568, 0, 2, 2, 0, 0, 0
74569, 0, 1, 0, 1, 0, 0
60241, 1, 0, 0, 0, 1, 0
70391, 1, 1, 1, 0, 1, 0
84958, 3, 1, 1, 0, 3, 0
60245, 1, 0, 0, 0, 1, 0
60248, 1, 0, 0, 0, 1, 0
60249, 1, 1, 1, 0, 1, 0
60250, 1, 0, 0, 0, 1, 0
60251, 2, 1, 1, 0, 2, 0
60254, 1, 0, 0, 0, 1, 0
60256, 4, 0, 0, 0, 3, 1
60258, 1, 1, 1, 0, 1, 0
60259, 0, 2, 2, 0, 0, 0
60261, 1, 0, 0, 0, 1, 0
60262, 1, 0, 0, 0, 1, 0
60263, 0, 1, 1, 0, 0, 0
60264, 2, 0, 0, 0, 2, 0
60269, 2, 0, 0, 0, 2, 0
60271, 1, 0, 0, 0, 1, 0
60273, 0, 1, 0, 1, 0, 0
60274, 1, 0, 0, 0, 1, 0
60275, 0, 1, 1, 0, 0, 0
60278, 2, 0, 0, 0, 2, 0
60279, 0, 1, 1, 0, 0, 0
60280, 1, 0, 0, 0, 1, 0
60311, 2, 0, 0, 0, 2, 0
60314, 1, 1, 1, 0, 1, 0
60315, 1, 1, 1, 0, 1, 0
60318, 1, 0, 0, 0, 1, 0
60319, 1, 0, 0, 0, 1, 0
60320, 1, 0, 0, 0, 1, 0
60321, 1, 0, 0, 0, 1, 0
60322, 0, 1, 1, 0, 0, 0
60328, 1, 0, 0, 0, 1, 0
60329, 0, 2, 2, 0, 0, 0
60336, 1, 0, 0, 0, 0, 1
60337, 1, 0, 0, 0, 1, 0
60338, 1, 0, 0, 0, 1, 0
60339, 2, 3, 3, 0, 2, 0
60781, 2, 1, 1, 0, 2, 0
60340, 1, 0, 0, 0, 1, 0
60341, 4, 1, 1, 0, 1, 3
60344, 1, 0, 0, 0, 0, 1
60346, 1, 0, 0, 0, 1, 0
60347, 0, 1, 1, 0, 0, 0
60348, 1, 0, 0, 0, 0, 1
60349, 1, 0, 0, 0, 1, 0
60351, 6, 0, 0, 0, 6, 0
60354, 2, 0, 0, 0, 1, 1
60355, 1, 0, 0, 0, 1, 0
60356, 1, 0, 0, 0, 0, 1
60371, 1, 0, 0, 0, 0, 1
60376, 1, 0, 0, 0, 1, 0
60377, 4, 0, 0, 0, 2, 2
60378, 0, 1, 1, 0, 0, 0
90373, 0, 1, 1, 0, 0, 0
60380, 1, 2, 2, 0, 1, 0
60382, 1, 0, 0, 0, 1, 0
60383, 1, 0, 0, 0, 0, 1
60384, 0, 1, 0, 1, 0, 0
60385, 1, 0, 0, 0, 1, 0
62054, 4, 1, 1, 0, 4, 0
62055, 0, 1, 0, 1, 0, 0
62056, 0, 1, 1, 0, 0, 0
60388, 1, 0, 0, 0, 1, 0
60389, 2, 0, 0, 0, 2, 0
60390, 1, 0, 0, 0, 1, 0
60391, 3, 0, 0, 0, 1, 2
68519, 1, 1, 1, 0, 1, 0
68529, 3, 1, 1, 0, 3, 0
85604, 0, 1, 1, 0, 0, 0
91641, 0, 1, 1, 0, 0, 0
91642, 0, 1, 1, 0, 0, 0
91643, 0, 1, 1, 0, 0, 0
91644, 0, 1, 1, 0, 0, 0
61222, 0, 2, 2, 0, 0, 0
72942, 0, 1, 1, 0, 0, 0
60408, 1, 0, 0, 0, 1, 0
60409, 1, 0, 0, 0, 1, 0
72800, 0, 1, 1, 0, 0, 0
60416, 1, 0, 0, 0, 1, 0
60418, 2, 0, 0, 0, 2, 0
60434, 1, 0, 0, 0, 1, 0
60435, 1, 0, 0, 0, 1, 0
60436, 2, 1, 1, 0, 2, 0
60437, 1, 0, 0, 0, 1, 0
60440, 1, 0, 0, 0, 1, 0
60441, 1, 0, 0, 0, 1, 0
60443, 1, 0, 0, 0, 1, 0
65786, 1, 1, 1, 0, 1, 0
69096, 2, 1, 1, 0, 2, 0
60447, 1, 0, 0, 0, 1, 0
60452, 1, 0, 0, 0, 1, 0
60456, 1, 1, 1, 0, 1, 0
66933, 1, 1, 1, 0, 1, 0
60460, 1, 0, 0, 0, 1, 0
60461, 0, 4, 4, 0, 0, 0
60462, 1, 1, 1, 0, 1, 0
60463, 1, 0, 0, 0, 1, 0
60464, 1, 0, 0, 0, 1, 0
60465, 1, 0, 0, 0, 1, 0
60466, 0, 1, 1, 0, 0, 0
60467, 3, 0, 0, 0, 3, 0
60469, 1, 0, 0, 0, 1, 0
60470, 0, 1, 1, 0, 0, 0
60472, 1, 0, 0, 0, 1, 0
60474, 2, 0, 0, 0, 2, 0
60477, 1, 0, 0, 0, 1, 0
60478, 0, 1, 1, 0, 0, 0
60479, 1, 0, 0, 0, 1, 0
60480, 3, 1, 1, 0, 3, 0
60552, 1, 1, 1, 0, 1, 0
60483, 1, 0, 0, 0, 1, 0
60490, 1, 1, 1, 0, 1, 0
60491, 1, 1, 1, 0, 1, 0
60494, 1, 0, 0, 0, 1, 0
60497, 1, 0, 0, 0, 0, 1
60500, 1, 0, 0, 0, 1, 0
60501, 4, 0, 0, 0, 4, 0
60502, 5, 0, 0, 0, 2, 3
60503, 0, 1, 0, 1, 0, 0
64390, 0, 2, 2, 0, 0, 0
60506, 1, 0, 0, 0, 1, 0
81991, 1, 1, 0, 1, 1, 0
86332, 0, 1, 0, 1, 0, 0
74697, 0, 1, 1, 0, 0, 0
74698, 0, 1, 1, 0, 0, 0
74699, 0, 1, 1, 0, 0, 0
60510, 1, 0, 0, 0, 1, 0
60511, 1, 0, 0, 0, 1, 0
60513, 2, 0, 0, 0, 2, 0
60514, 2, 0, 0, 0, 2, 0
60517, 1, 0, 0, 0, 1, 0
60518, 1, 0, 0, 0, 1, 0
60525, 1, 0, 0, 0, 1, 0
60527, 1, 0, 0, 0, 0, 1
60529, 2, 0, 0, 0, 2, 0
60530, 2, 0, 0, 0, 2, 0
60534, 2, 0, 0, 0, 2, 0
60537, 1, 0, 0, 0, 0, 1
60538, 1, 0, 0, 0, 1, 0
60539, 0, 1, 1, 0, 0, 0
60541, 1, 0, 0, 0, 1, 0
60542, 1, 1, 1, 0, 1, 0
60543, 1, 0, 0, 0, 1, 0
60544, 1, 0, 0, 0, 1, 0
60545, 4, 0, 0, 0, 4, 0
60546, 0, 1, 1, 0, 0, 0
60547, 0, 1, 1, 0, 0, 0
60549, 0, 1, 1, 0, 0, 0
60551, 3, 0, 0, 0, 2, 1
64086, 1, 1, 1, 0, 1, 0
64087, 1, 2, 2, 0, 1, 0
60561, 1, 0, 0, 0, 1, 0
60562, 1, 0, 0, 0, 1, 0
60563, 1, 0, 0, 0, 0, 1
60566, 1, 0, 0, 0, 1, 0
60567, 1, 0, 0, 0, 1, 0
60568, 0, 2, 2, 0, 0, 0
60569, 1, 0, 0, 0, 1, 0
60570, 2, 0, 0, 0, 2, 0
76855, 0, 1, 1, 0, 0, 0
60572, 1, 0, 0, 0, 1, 0
60580, 1, 0, 0, 0, 1, 0
60581, 2, 0, 0, 0, 2, 0
60585, 1, 0, 0, 0, 1, 0
60586, 1, 2, 2, 0, 1, 0
60590, 1, 0, 0, 0, 1, 0
60592, 1, 0, 0, 0, 1, 0
60595, 1, 0, 0, 0, 1, 0
60599, 1, 0, 0, 0, 1, 0
60604, 2, 0, 0, 0, 1, 1
60606, 1, 0, 0, 0, 1, 0
60609, 1, 0, 0, 0, 1, 0
60610, 2, 0, 0, 0, 2, 0
60614, 1, 0, 0, 0, 1, 0
60616, 2, 0, 0, 0, 2, 0
60617, 1, 0, 0, 0, 0, 1
60619, 1, 0, 0, 0, 1, 0
60626, 1, 0, 0, 0, 1, 0
60627, 1, 0, 0, 0, 1, 0
106412, 4, 3, 2, 1, 4, 0
60632, 1, 0, 0, 0, 1, 0
60633, 0, 1, 1, 0, 0, 0
60634, 1, 0, 0, 0, 1, 0
60637, 2, 1, 1, 0, 2, 0
74898, 2, 3, 3, 0, 2, 0
60639, 1, 0, 0, 0, 1, 0
60640, 0, 1, 1, 0, 0, 0
71007, 0, 1, 1, 0, 0, 0
60645, 2, 0, 0, 0, 0, 2
60646, 0, 1, 0, 1, 0, 0
60647, 0, 1, 0, 1, 0, 0
60649, 1, 0, 0, 0, 1, 0
60650, 0, 1, 1, 0, 0, 0
60651, 1, 0, 0, 0, 0, 1
60653, 2, 0, 0, 0, 1, 1
60654, 0, 1, 1, 0, 0, 0
60655, 7, 0, 0, 0, 6, 1
60656, 0, 1, 1, 0, 0, 0
60657, 1, 0, 0, 0, 0, 1
60658, 0, 1, 0, 1, 0, 0
60659, 3, 0, 0, 0, 3, 0
60661, 1, 0, 0, 0, 1, 0
60662, 1, 0, 0, 0, 0, 1
60663, 1, 0, 0, 0, 1, 0
60665, 3, 0, 0, 0, 3, 0
60666, 3, 1, 1, 0, 3, 0
62153, 0, 1, 1, 0, 0, 0
60670, 1, 0, 0, 0, 0, 1
60675, 1, 0, 0, 0, 1, 0
66302, 9, 1, 1, 0, 9, 0
66528, 1, 1, 1, 0, 1, 0
60680, 1, 0, 0, 0, 1, 0
60682, 1, 0, 0, 0, 1, 0
60685, 1, 0, 0, 0, 0, 1
60687, 1, 1, 1, 0, 1, 0
60689, 1, 0, 0, 0, 1, 0
60690, 1, 0, 0, 0, 1, 0
60693, 1, 0, 0, 0, 1, 0
60694, 4, 0, 0, 0, 3, 1
60695, 0, 1, 1, 0, 0, 0
60696, 1, 0, 0, 0, 0, 1
89124, 1, 1, 1, 0, 1, 0
89131, 1, 1, 1, 0, 1, 0
89183, 2, 1, 1, 0, 2, 0
60701, 1, 0, 0, 0, 1, 0
60702, 1, 0, 0, 0, 1, 0
71297, 0, 1, 1, 0, 0, 0
71298, 0, 1, 1, 0, 0, 0
71299, 0, 1, 1, 0, 0, 0
60708, 0, 1, 1, 0, 0, 0
75297, 0, 3, 3, 0, 0, 0
90318, 1, 1, 1, 0, 1, 0
60714, 1, 0, 0, 0, 1, 0
60715, 1, 0, 0, 0, 1, 0
60716, 1, 0, 0, 0, 1, 0
60719, 1, 0, 0, 0, 0, 1
60721, 1, 0, 0, 0, 1, 0
60723, 1, 0, 0, 0, 1, 0
60724, 1, 0, 0, 0, 1, 0
91011, 0, 3, 3, 0, 0, 0
91434, 6, 1, 1, 0, 4, 2
68954, 6, 6, 6, 0, 6, 0
73284, 2, 2, 2, 0, 2, 0
60732, 1, 0, 0, 0, 1, 0
60733, 0, 1, 1, 0, 0, 0
75939, 1, 1, 1, 0, 1, 0
60736, 1, 0, 0, 0, 1, 0
60737, 1, 0, 0, 0, 1, 0
60739, 2, 0, 0, 0, 2, 0
60741, 3, 2, 2, 0, 3, 0
66798, 2, 2, 1, 1, 2, 0
70992, 0, 1, 1, 0, 0, 0
70993, 0, 1, 1, 0, 0, 0
70997, 3, 3, 3, 0, 3, 0
70998, 7, 2, 2, 0, 7, 0
71000, 0, 1, 1, 0, 0, 0
71001, 0, 1, 1, 0, 0, 0
71002, 1, 1, 1, 0, 1, 0
71003, 0, 1, 1, 0, 0, 0
72675, 1, 1, 1, 0, 1, 0
84090, 0, 1, 1, 0, 0, 0
60755, 0, 1, 1, 0, 0, 0
60756, 1, 0, 0, 0, 1, 0
60757, 1, 0, 0, 0, 1, 0
60758, 1, 0, 0, 0, 1, 0
60759, 1, 0, 0, 0, 1, 0
60760, 1, 0, 0, 0, 1, 0
60761, 2, 0, 0, 0, 2, 0
60762, 1, 0, 0, 0, 0, 1
89779, 1, 1, 1, 0, 1, 0
91085, 1, 1, 1, 0, 1, 0
91108, 0, 1, 1, 0, 0, 0
60765, 1, 0, 0, 0, 1, 0
60767, 1, 1, 1, 0, 1, 0
60768, 1, 1, 1, 0, 1, 0
60770, 1, 0, 0, 0, 0, 1
60771, 1, 0, 0, 0, 1, 0
60772, 1, 0, 0, 0, 1, 0
60773, 1, 0, 0, 0, 1, 0
60774, 1, 0, 0, 0, 1, 0
89430, 0, 1, 1, 0, 0, 0
60777, 1, 0, 0, 0, 1, 0
60778, 1, 0, 0, 0, 1, 0
60779, 1, 1, 1, 0, 1, 0
60783, 1, 0, 0, 0, 1, 0
75273, 0, 1, 1, 0, 0, 0
64506, 1, 1, 1, 0, 1, 0
64558, 3, 1, 1, 0, 3, 0
60802, 2, 0, 0, 0, 2, 0
75329, 1, 1, 1, 0, 1, 0
86927, 1, 1, 1, 0, 1, 0
86937, 1, 1, 1, 0, 1, 0
87007, 0, 1, 1, 0, 0, 0
87008, 0, 1, 1, 0, 0, 0
87009, 0, 1, 1, 0, 0, 0
87010, 0, 1, 1, 0, 0, 0
60822, 1, 0, 0, 0, 1, 0
60823, 2, 0, 0, 0, 2, 0
60825, 2, 1, 1, 0, 2, 0
60828, 1, 0, 0, 0, 1, 0
70284, 0, 1, 0, 1, 0, 0
60831, 1, 1, 1, 0, 1, 0
62366, 3, 3, 3, 0, 3, 0
60835, 1, 0, 0, 0, 1, 0
60836, 1, 0, 0, 0, 0, 1
60837, 1, 0, 0, 0, 0, 1
60840, 1, 0, 0, 0, 0, 1
60841, 0, 1, 0, 1, 0, 0
60842, 1, 0, 0, 0, 1, 0
60849, 3, 0, 0, 0, 2, 1
60855, 13, 1, 1, 0, 13, 0
61607, 10, 1, 1, 0, 10, 0
66065, 0, 1, 1, 0, 0, 0
60865, 7, 1, 1, 0, 7, 0
60870, 1, 0, 0, 0, 1, 0
60872, 0, 1, 1, 0, 0, 0
60873, 0, 1, 1, 0, 0, 0
60874, 1, 0, 0, 0, 1, 0
60875, 8, 0, 0, 0, 7, 1
60876, 0, 1, 0, 1, 0, 0
60877, 1, 0, 0, 0, 1, 0
60878, 1, 1, 1, 0, 0, 1
60879, 1, 0, 0, 0, 1, 0
60880, 4, 1, 1, 0, 3, 1
87582, 0, 1, 1, 0, 0, 0
60882, 1, 0, 0, 0, 1, 0
60884, 1, 0, 0, 0, 1, 0
60885, 1, 1, 1, 0, 0, 1
65364, 1, 1, 1, 0, 1, 0
70204, 1, 1, 1, 0, 1, 0
71071, 0, 2, 2, 0, 0, 0
71072, 0, 1, 1, 0, 0, 0
71073, 0, 1, 1, 0, 0, 0
71074, 0, 1, 1, 0, 0, 0
71075, 0, 1, 1, 0, 0, 0
71077, 0, 1, 1, 0, 0, 0
71078, 0, 1, 1, 0, 0, 0
71079, 0, 1, 1, 0, 0, 0
71080, 0, 1, 1, 0, 0, 0
71081, 0, 1, 1, 0, 0, 0
67928, 0, 2, 2, 0, 0, 0
74031, 0, 1, 1, 0, 0, 0
74033, 1, 1, 1, 0, 1, 0
74034, 0, 1, 1, 0, 0, 0
74035, 0, 1, 1, 0, 0, 0
74036, 1, 1, 1, 0, 1, 0
74038, 0, 2, 2, 0, 0, 0
74039, 0, 1, 1, 0, 0, 0
74042, 0, 1, 1, 0, 0, 0
74044, 0, 1, 1, 0, 0, 0
74045, 0, 1, 1, 0, 0, 0
74047, 0, 1, 1, 0, 0, 0
74050, 5, 1, 1, 0, 5, 0
74051, 0, 1, 1, 0, 0, 0
60895, 4, 0, 0, 0, 4, 0
60897, 1, 1, 1, 0, 1, 0
60898, 1, 0, 0, 0, 1, 0
60899, 1, 0, 0, 0, 0, 1
60903, 1, 0, 0, 0, 1, 0
60904, 1, 0, 0, 0, 0, 1
60905, 5, 1, 1, 0, 4, 1
60906, 1, 1, 1, 0, 1, 0
60907, 1, 0, 0, 0, 1, 0
87880, 4, 2, 2, 0, 4, 0
60928, 3, 0, 0, 0, 2, 1
60929, 0, 2, 2, 0, 0, 0
60930, 7, 0, 0, 0, 7, 0
60932, 3, 0, 0, 0, 3, 0
60933, 0, 2, 2, 0, 0, 0
65346, 1, 1, 1, 0, 1, 0
80447, 0, 1, 1, 0, 0, 0
122514, 1, 1, 1, 0, 1, 0
60935, 1, 0, 0, 0, 1, 0
82742, 0, 1, 1, 0, 0, 0
60938, 1, 0, 0, 0, 1, 0
60939, 3, 0, 0, 0, 1, 2
60940, 1, 0, 0, 0, 1, 0
60942, 1, 0, 0, 0, 1, 0
60943, 2, 0, 0, 0, 1, 1
60944, 2, 0, 0, 0, 2, 0
60946, 0, 1, 1, 0, 0, 0
60951, 7, 0, 0, 0, 7, 0
66272, 4, 2, 2, 0, 4, 0
68432, 1, 2, 2, 0, 1, 0
68433, 3, 4, 4, 0, 3, 0
76269, 11, 3, 3, 0, 11, 0
76270, 4, 3, 3, 0, 4, 0
77069, 1, 2, 2, 0, 1, 0
82793, 0, 1, 1, 0, 0, 0
60954, 1, 0, 0, 0, 1, 0
60957, 1, 0, 0, 0, 1, 0
60959, 1, 0, 0, 0, 0, 1
60960, 1, 0, 0, 0, 1, 0
60961, 1, 0, 0, 0, 1, 0
60962, 1, 0, 0, 0, 1, 0
60963, 1, 0, 0, 0, 1, 0
60965, 1, 0, 0, 0, 1, 0
60966, 0, 1, 1, 0, 0, 0
60967, 1, 0, 0, 0, 1, 0
60970, 2, 0, 0, 0, 1, 1
60973, 1, 0, 0, 0, 1, 0
60974, 0, 1, 1, 0, 0, 0
60975, 1, 0, 0, 0, 1, 0
60976, 0, 2, 2, 0, 0, 0
60977, 1, 0, 0, 0, 1, 0
60982, 2, 0, 0, 0, 2, 0
60983, 1, 0, 0, 0, 0, 1
60987, 0, 2, 2, 0, 0, 0
60989, 1, 0, 0, 0, 0, 1
60990, 1, 0, 0, 0, 0, 1
60991, 1, 0, 0, 0, 1, 0
60992, 1, 0, 0, 0, 0, 1
60994, 2, 0, 0, 0, 2, 0
60995, 1, 0, 0, 0, 1, 0
61000, 1, 0, 0, 0, 1, 0
61001, 1, 0, 0, 0, 1, 0
61002, 1, 0, 0, 0, 0, 1
61003, 1, 0, 0, 0, 1, 0
61006, 2, 0, 0, 0, 1, 1
66325, 0, 2, 1, 1, 0, 0
61017, 1, 0, 0, 0, 1, 0
61018, 1, 0, 0, 0, 1, 0
61019, 1, 0, 0, 0, 1, 0
61020, 2, 0, 0, 0, 2, 0
61022, 1, 0, 0, 0, 1, 0
61024, 2, 1, 1, 0, 2, 0
61026, 1, 0, 0, 0, 1, 0
61028, 1, 0, 0, 0, 1, 0
77551, 1, 3, 3, 0, 1, 0
65588, 7, 3, 3, 0, 7, 0
70362, 1, 1, 1, 0, 1, 0
71288, 0, 1, 1, 0, 0, 0
71289, 0, 1, 1, 0, 0, 0
71290, 0, 2, 2, 0, 0, 0
71291, 0, 1, 1, 0, 0, 0
61343, 1, 2, 2, 0, 1, 0
68642, 8, 4, 4, 0, 8, 0
84484, 2, 1, 1, 0, 2, 0
64126, 1, 1, 1, 0, 1, 0
65566, 0, 2, 2, 0, 0, 0
62520, 1, 1, 1, 0, 1, 0
72775, 0, 1, 1, 0, 0, 0
72776, 0, 1, 1, 0, 0, 0
69013, 0, 1, 1, 0, 0, 0
65748, 0, 2, 2, 0, 0, 0
66912, 0, 1, 1, 0, 0, 0
64832, 2, 3, 3, 0, 2, 0
86019, 0, 1, 1, 0, 0, 0
99517, 0, 1, 1, 0, 0, 0
80545, 1, 1, 1, 0, 1, 0
83111, 1, 1, 1, 0, 1, 0
83402, 1, 1, 1, 0, 1, 0
61054, 1, 0, 0, 0, 1, 0
61056, 1, 0, 0, 0, 0, 1
61057, 2, 0, 0, 0, 2, 0
61063, 7, 1, 1, 0, 3, 4
64439, 1, 1, 1, 0, 1, 0
66544, 1, 1, 1, 0, 1, 0
69036, 1, 1, 1, 0, 1, 0
74451, 2, 1, 1, 0, 2, 0
74454, 1, 1, 1, 0, 1, 0
74456, 0, 1, 1, 0, 0, 0
74457, 0, 1, 1, 0, 0, 0
61067, 0, 1, 1, 0, 0, 0
61070, 0, 1, 1, 0, 0, 0
61071, 1, 0, 0, 0, 1, 0
86496, 0, 1, 1, 0, 0, 0
65965, 0, 1, 1, 0, 0, 0
62146, 0, 1, 0, 1, 0, 0
62148, 0, 1, 1, 0, 0, 0
62150, 0, 1, 1, 0, 0, 0
61093, 1, 0, 0, 0, 0, 1
61095, 1, 0, 0, 0, 1, 0
61097, 1, 0, 0, 0, 1, 0
61098, 1, 0, 0, 0, 1, 0
61099, 1, 0, 0, 0, 0, 1
61100, 1, 0, 0, 0, 1, 0
61101, 0, 1, 1, 0, 0, 0
61102, 3, 0, 0, 0, 1, 2
61103, 2, 0, 0, 0, 1, 1
61105, 1, 1, 1, 0, 1, 0
61106, 1, 1, 1, 0, 1, 0
63479, 0, 1, 1, 0, 0, 0
61111, 1, 0, 0, 0, 1, 0
61112, 1, 0, 0, 0, 1, 0
61116, 3, 2, 2, 0, 3, 0
61118, 8, 3, 3, 0, 8, 0
61476, 2, 1, 1, 0, 2, 0
64786, 1, 2, 2, 0, 1, 0
71418, 0, 1, 1, 0, 0, 0
61119, 1, 0, 0, 0, 1, 0
66959, 0, 1, 1, 0, 0, 0
61126, 4, 0, 0, 0, 4, 0
61127, 2, 1, 1, 0, 2, 0
61128, 1, 0, 0, 0, 1, 0
61129, 0, 1, 1, 0, 0, 0
80842, 1, 1, 1, 0, 1, 0
61133, 1, 0, 0, 0, 1, 0
61134, 1, 0, 0, 0, 1, 0
61135, 1, 1, 1, 0, 1, 0
61136, 1, 1, 0, 1, 0, 1
61138, 1, 0, 0, 0, 1, 0
61139, 0, 1, 1, 0, 0, 0
61140, 1, 1, 1, 0, 1, 0
61144, 0, 1, 1, 0, 0, 0
61145, 0, 1, 1, 0, 0, 0
61148, 1, 0, 0, 0, 1, 0
61149, 1, 0, 0, 0, 1, 0
61150, 0, 1, 1, 0, 0, 0
61151, 2, 0, 0, 0, 1, 1
61152, 0, 1, 0, 1, 0, 0
61154, 1, 0, 0, 0, 0, 1
61155, 0, 1, 0, 1, 0, 0
61156, 1, 0, 0, 0, 1, 0
61157, 1, 0, 0, 0, 1, 0
61158, 0, 2, 2, 0, 0, 0
61159, 1, 0, 0, 0, 1, 0
61161, 1, 0, 0, 0, 0, 1
61163, 1, 0, 0, 0, 1, 0
61164, 2, 10, 9, 1, 2, 0
71321, 1, 1, 1, 0, 1, 0
71627, 1, 1, 1, 0, 1, 0
61165, 1, 0, 0, 0, 1, 0
74217, 1, 1, 1, 0, 1, 0
77566, 0, 1, 1, 0, 0, 0
80734, 0, 1, 1, 0, 0, 0
61168, 4, 0, 0, 0, 4, 0
61169, 0, 1, 1, 0, 0, 0
61170, 1, 0, 0, 0, 1, 0
61171, 2, 0, 0, 0, 2, 0
61172, 3, 0, 0, 0, 3, 0
61173, 1, 0, 0, 0, 1, 0
61175, 2, 0, 0, 0, 2, 0
61180, 0, 3, 0, 3, 0, 0
61181, 2, 0, 0, 0, 1, 1
61810, 1, 1, 1, 0, 1, 0
73751, 0, 1, 1, 0, 0, 0
73752, 0, 1, 1, 0, 0, 0
73753, 0, 1, 1, 0, 0, 0
73754, 0, 1, 1, 0, 0, 0
73755, 0, 1, 1, 0, 0, 0
73756, 0, 1, 1, 0, 0, 0
73757, 0, 1, 1, 0, 0, 0
73758, 0, 1, 1, 0, 0, 0
73759, 0, 1, 1, 0, 0, 0
61188, 1, 0, 0, 0, 1, 0
61189, 0, 1, 1, 0, 0, 0
61190, 1, 0, 0, 0, 0, 1
61191, 1, 1, 1, 0, 1, 0
61192, 1, 1, 1, 0, 1, 0
61193, 1, 0, 0, 0, 0, 1
61194, 1, 0, 0, 0, 0, 1
61195, 1, 0, 0, 0, 1, 0
61196, 1, 0, 0, 0, 1, 0
61198, 1, 0, 0, 0, 1, 0
61202, 1, 0, 0, 0, 1, 0
61203, 2, 0, 0, 0, 2, 0
61205, 1, 1, 1, 0, 1, 0
63480, 1, 1, 1, 0, 1, 0
64410, 1, 1, 1, 0, 1, 0
64515, 1, 1, 1, 0, 1, 0
75901, 0, 1, 1, 0, 0, 0
61214, 1, 0, 0, 0, 1, 0
61217, 1, 0, 0, 0, 0, 1
61218, 0, 1, 0, 1, 0, 0
61219, 2, 1, 1, 0, 2, 0
78894, 3, 2, 2, 0, 3, 0
61229, 1, 0, 0, 0, 0, 1
61230, 0, 1, 0, 1, 0, 0
61238, 0, 2, 2, 0, 0, 0
61243, 8, 0, 0, 0, 7, 1
61244, 1, 0, 0, 0, 1, 0
61246, 1, 0, 0, 0, 1, 0
61247, 1, 0, 0, 0, 1, 0
61248, 1, 0, 0, 0, 0, 1
61249, 3, 0, 0, 0, 1, 2
69541, 1, 1, 1, 0, 1, 0
70728, 1, 1, 1, 0, 1, 0
65090, 1, 1, 1, 0, 1, 0
77441, 0, 1, 1, 0, 0, 0
61260, 1, 0, 0, 0, 1, 0
66331, 1, 1, 1, 0, 1, 0
61280, 1, 0, 0, 0, 1, 0
61283, 1, 0, 0, 0, 1, 0
61284, 2, 0, 0, 0, 2, 0
61285, 1, 0, 0, 0, 0, 1
61288, 1, 0, 0, 0, 1, 0
61289, 1, 0, 0, 0, 1, 0
61298, 1, 0, 0, 0, 1, 0
61299, 0, 1, 1, 0, 0, 0
61300, 1, 0, 0, 0, 1, 0
61301, 2, 0, 0, 0, 2, 0
61305, 1, 0, 0, 0, 1, 0
61308, 2, 1, 1, 0, 2, 0
61309, 0, 1, 1, 0, 0, 0
61310, 15, 2, 2, 0, 15, 0
89390, 0, 1, 1, 0, 0, 0
89391, 0, 1, 1, 0, 0, 0
89392, 0, 1, 1, 0, 0, 0
89393, 0, 1, 1, 0, 0, 0
89394, 0, 1, 1, 0, 0, 0
89395, 0, 1, 1, 0, 0, 0
89396, 0, 1, 1, 0, 0, 0
89397, 0, 1, 1, 0, 0, 0
89398, 0, 1, 1, 0, 0, 0
89399, 0, 1, 1, 0, 0, 0
61312, 1, 1, 1, 0, 1, 0
91344, 0, 1, 1, 0, 0, 0
91345, 0, 1, 1, 0, 0, 0
61314, 1, 0, 0, 0, 1, 0
61315, 2, 1, 1, 0, 2, 0
61318, 2, 0, 0, 0, 2, 0
73060, 8, 4, 4, 0, 5, 3
76781, 3, 3, 3, 0, 3, 0
76782, 0, 2, 2, 0, 0, 0
74485, 0, 1, 1, 0, 0, 0
74486, 0, 1, 1, 0, 0, 0
74487, 0, 1, 1, 0, 0, 0
74488, 0, 1, 1, 0, 0, 0
61324, 2, 0, 0, 0, 2, 0
61327, 1, 1, 1, 0, 1, 0
61333, 1, 0, 0, 0, 1, 0
61334, 1, 0, 0, 0, 1, 0
61335, 1, 0, 0, 0, 1, 0
61337, 2, 1, 1, 0, 1, 1
66348, 0, 1, 1, 0, 0, 0
61340, 1, 0, 0, 0, 1, 0
61344, 1, 0, 0, 0, 1, 0
61345, 1, 0, 0, 0, 1, 0
61346, 2, 0, 0, 0, 2, 0
61348, 1, 1, 1, 0, 1, 0
61350, 1, 0, 0, 0, 1, 0
61352, 2, 0, 0, 0, 0, 2
61353, 2, 0, 0, 0, 1, 1
61361, 1, 0, 0, 0, 0, 1
69871, 1, 1, 1, 0, 1, 0
75081, 0, 1, 1, 0, 0, 0
75082, 0, 1, 1, 0, 0, 0
67648, 3, 1, 1, 0, 3, 0
61391, 3, 0, 0, 0, 3, 0
61393, 1, 0, 0, 0, 0, 1
61394, 0, 1, 0, 1, 0, 0
61397, 2, 0, 0, 0, 2, 0
61398, 2, 0, 0, 0, 1, 1
61399, 1, 0, 0, 0, 1, 0
61401, 1, 0, 0, 0, 1, 0
67616, 0, 1, 1, 0, 0, 0
61403, 2, 0, 0, 0, 0, 2
61404, 2, 0, 0, 0, 1, 1
61405, 1, 0, 0, 0, 1, 0
61406, 1, 0, 0, 0, 1, 0
61407, 1, 0, 0, 0, 0, 1
61408, 1, 0, 0, 0, 1, 0
61409, 1, 0, 0, 0, 0, 1
61411, 1, 0, 0, 0, 1, 0
61412, 1, 1, 1, 0, 1, 0
61413, 1, 0, 0, 0, 1, 0
61414, 0, 1, 1, 0, 0, 0
61416, 1, 0, 0, 0, 1, 0
61417, 6, 1, 1, 0, 6, 0
61418, 1, 0, 0, 0, 1, 0
64052, 3, 10, 10, 0, 3, 0
61421, 1, 0, 0, 0, 0, 1
61422, 1, 0, 0, 0, 1, 0
61423, 1, 0, 0, 0, 1, 0
78730, 0, 1, 1, 0, 0, 0
85592, 0, 1, 1, 0, 0, 0
85593, 0, 1, 1, 0, 0, 0
85594, 0, 1, 1, 0, 0, 0
85595, 0, 1, 1, 0, 0, 0
61427, 1, 0, 0, 0, 1, 0
61431, 1, 0, 0, 0, 1, 0
61432, 0, 1, 1, 0, 0, 0
61434, 1, 0, 0, 0, 1, 0
61435, 1, 1, 1, 0, 0, 1
61436, 4, 0, 0, 0, 4, 0
61437, 1, 0, 0, 0, 0, 1
61438, 1, 0, 0, 0, 1, 0
61439, 1, 1, 1, 0, 1, 0
62338, 0, 1, 1, 0, 0, 0
62339, 0, 1, 1, 0, 0, 0
61441, 1, 0, 0, 0, 1, 0
61442, 7, 1, 1, 0, 6, 1
61611, 0, 1, 1, 0, 0, 0
61443, 1, 0, 0, 0, 1, 0
61444, 0, 1, 1, 0, 0, 0
61450, 1, 0, 0, 0, 1, 0
61451, 2, 0, 0, 0, 1, 1
61452, 2, 0, 0, 0, 2, 0
61453, 2, 0, 0, 0, 1, 1
61454, 0, 1, 1, 0, 0, 0
61456, 1, 0, 0, 0, 1, 0
61457, 1, 0, 0, 0, 0, 1
61458, 2, 0, 0, 0, 1, 1
61460, 0, 1, 1, 0, 0, 0
61461, 0, 1, 1, 0, 0, 0
61462, 1, 0, 0, 0, 1, 0
73579, 3, 1, 1, 0, 3, 0
61469, 2, 1, 1, 0, 2, 0
66319, 4, 1, 1, 0, 4, 0
61472, 1, 0, 0, 0, 1, 0
61474, 1, 0, 0, 0, 1, 0
61475, 1, 0, 0, 0, 1, 0
61477, 1, 1, 1, 0, 1, 0
86169, 0, 1, 1, 0, 0, 0
86170, 0, 1, 1, 0, 0, 0
61479, 2, 0, 0, 0, 1, 1
61480, 1, 1, 1, 0, 1, 0
61481, 1, 1, 1, 0, 1, 0
61482, 2, 2, 1, 1, 1, 1
61483, 0, 1, 0, 1, 0, 0
64296, 5, 1, 1, 0, 3, 2
61489, 3, 0, 0, 0, 3, 0
61492, 1, 0, 0, 0, 1, 0
61493, 1, 0, 0, 0, 1, 0
61497, 1, 0, 0, 0, 0, 1
61499, 1, 0, 0, 0, 1, 0
61502, 0, 1, 1, 0, 0, 0
61504, 1, 0, 0, 0, 0, 1
61505, 1, 0, 0, 0, 0, 1
61506, 1, 0, 0, 0, 1, 0
61507, 4, 0, 0, 0, 3, 1
61508, 0, 1, 0, 1, 0, 0
61510, 1, 0, 0, 0, 1, 0
80859, 0, 1, 1, 0, 0, 0
80860, 1, 1, 1, 0, 1, 0
61516, 2, 0, 0, 0, 2, 0
61517, 1, 0, 0, 0, 0, 1
61518, 1, 0, 0, 0, 1, 0
61519, 1, 1, 1, 0, 1, 0
75038, 0, 2, 2, 0, 0, 0
61522, 1, 0, 0, 0, 0, 1
61523, 1, 0, 0, 0, 0, 1
61524, 9, 0, 0, 0, 8, 1
61525, 1, 0, 0, 0, 1, 0
61527, 1, 0, 0, 0, 0, 1
61530, 1, 0, 0, 0, 0, 1
61531, 1, 0, 0, 0, 1, 0
61533, 1, 0, 0, 0, 1, 0
61535, 1, 1, 1, 0, 1, 0
61536, 5, 1, 0, 1, 2, 3
61539, 2, 0, 0, 0, 2, 0
61540, 1, 0, 0, 0, 1, 0
61541, 1, 0, 0, 0, 1, 0
74809, 0, 3, 3, 0, 0, 0
112550, 0, 1, 1, 0, 0, 0
61544, 1, 0, 0, 0, 1, 0
61545, 1, 0, 0, 0, 1, 0
61546, 1, 0, 0, 0, 1, 0
61548, 1, 0, 0, 0, 1, 0
61549, 1, 1, 0, 1, 1, 0
61552, 1, 0, 0, 0, 1, 0
61553, 2, 2, 2, 0, 2, 0
67558, 3, 1, 1, 0, 3, 0
61554, 2, 0, 0, 0, 2, 0
61556, 1, 1, 0, 1, 1, 0
61557, 1, 0, 0, 0, 1, 0
61558, 1, 0, 0, 0, 0, 1
61559, 1, 0, 0, 0, 1, 0
61560, 1, 0, 0, 0, 1, 0
61562, 2, 0, 0, 0, 1, 1
61563, 1, 0, 0, 0, 1, 0
61564, 1, 0, 0, 0, 1, 0
71272, 1, 2, 2, 0, 1, 0
75459, 0, 1, 1, 0, 0, 0
75461, 1, 1, 1, 0, 1, 0
75462, 0, 1, 1, 0, 0, 0
61567, 1, 0, 0, 0, 1, 0
61568, 2, 0, 0, 0, 2, 0
61569, 1, 0, 0, 0, 1, 0
61572, 3, 0, 0, 0, 1, 2
61573, 0, 1, 0, 1, 0, 0
61579, 1, 0, 0, 0, 0, 1
61581, 0, 1, 1, 0, 0, 0
61582, 1, 0, 0, 0, 1, 0
61583, 1, 0, 0, 0, 1, 0
61588, 1, 0, 0, 0, 0, 1
61589, 2, 0, 0, 0, 2, 0
61590, 0, 2, 2, 0, 0, 0
61591, 1, 0, 0, 0, 1, 0
61594, 0, 1, 1, 0, 0, 0
61595, 1, 3, 3, 0, 1, 0
61596, 1, 2, 2, 0, 1, 0
61597, 1, 0, 0, 0, 0, 1
62430, 1, 1, 1, 0, 1, 0
61603, 1, 0, 0, 0, 1, 0
61604, 0, 1, 1, 0, 0, 0
61606, 1, 0, 0, 0, 1, 0
61608, 2, 0, 0, 0, 2, 0
98371, 1, 1, 1, 0, 1, 0
61612, 2, 0, 0, 0, 2, 0
61613, 1, 0, 0, 0, 0, 1
61614, 0, 1, 0, 1, 0, 0
61615, 1, 0, 0, 0, 1, 0
61617, 1, 0, 0, 0, 0, 1
61619, 1, 0, 0, 0, 1, 0
61620, 0, 1, 1, 0, 0, 0
61624, 1, 0, 0, 0, 0, 1
61627, 1, 1, 1, 0, 0, 1
61628, 1, 0, 0, 0, 1, 0
61633, 2, 0, 0, 0, 2, 0
61635, 1, 0, 0, 0, 1, 0
61638, 1, 0, 0, 0, 1, 0
61639, 1, 0, 0, 0, 1, 0
61641, 1, 0, 0, 0, 0, 1
61647, 1, 0, 0, 0, 1, 0
61651, 1, 0, 0, 0, 1, 0
61657, 1, 0, 0, 0, 0, 1
61662, 1, 0, 0, 0, 1, 0
61663, 1, 0, 0, 0, 0, 1
61664, 2, 0, 0, 0, 2, 0
61665, 1, 0, 0, 0, 1, 0
61667, 1, 0, 0, 0, 1, 0
61668, 19, 1, 1, 0, 8, 11
61670, 3, 1, 0, 1, 3, 0
61672, 1, 0, 0, 0, 1, 0
61674, 1, 0, 0, 0, 1, 0
65930, 3, 2, 2, 0, 3, 0
61680, 1, 1, 1, 0, 1, 0
61682, 1, 0, 0, 0, 0, 1
61685, 2, 0, 0, 0, 2, 0
61686, 1, 0, 0, 0, 0, 1
61687, 0, 1, 0, 1, 0, 0
61689, 1, 0, 0, 0, 0, 1
65388, 0, 1, 1, 0, 0, 0
65389, 0, 1, 1, 0, 0, 0
61691, 1, 0, 0, 0, 0, 1
61692, 1, 0, 0, 0, 1, 0
61693, 1, 0, 0, 0, 1, 0
61694, 0, 1, 1, 0, 0, 0
61696, 1, 0, 0, 0, 1, 0
61698, 1, 0, 0, 0, 1, 0
61700, 1, 1, 1, 0, 1, 0
61702, 1, 0, 0, 0, 1, 0
61703, 1, 0, 0, 0, 1, 0
61704, 1, 0, 0, 0, 1, 0
83566, 0, 1, 1, 0, 0, 0
61710, 2, 1, 1, 0, 2, 0
61711, 1, 0, 0, 0, 1, 0
61726, 1, 1, 1, 0, 1, 0
66317, 0, 2, 2, 0, 0, 0
61716, 1, 0, 0, 0, 1, 0
61717, 1, 0, 0, 0, 1, 0
61720, 1, 0, 0, 0, 1, 0
63637, 1, 1, 1, 0, 1, 0
61728, 1, 0, 0, 0, 1, 0
61729, 2, 1, 1, 0, 2, 0
91339, 0, 1, 1, 0, 0, 0
61733, 1, 0, 0, 0, 1, 0
61735, 1, 0, 0, 0, 1, 0
61739, 1, 0, 0, 0, 1, 0
61740, 1, 0, 0, 0, 1, 0
61742, 1, 0, 0, 0, 0, 1
61743, 2, 0, 0, 0, 1, 1
61746, 1, 0, 0, 0, 1, 0
61754, 1, 0, 0, 0, 1, 0
61755, 0, 1, 1, 0, 0, 0
61759, 2, 1, 1, 0, 2, 0
61760, 1, 0, 0, 0, 1, 0
61761, 1, 0, 0, 0, 1, 0
61762, 1, 0, 0, 0, 1, 0
61764, 3, 0, 0, 0, 3, 0
61765, 1, 0, 0, 0, 0, 1
61766, 1, 1, 1, 0, 1, 0
61768, 1, 0, 0, 0, 0, 1
66387, 1, 2, 2, 0, 1, 0
81318, 0, 1, 1, 0, 0, 0
81319, 0, 1, 1, 0, 0, 0
81320, 0, 1, 1, 0, 0, 0
81321, 0, 2, 2, 0, 0, 0
81322, 0, 1, 1, 0, 0, 0
87380, 1, 1, 1, 0, 1, 0
87381, 0, 1, 1, 0, 0, 0
61780, 1, 0, 0, 0, 1, 0
61781, 4, 3, 3, 0, 4, 0
62261, 2, 1, 1, 0, 1, 1
61782, 1, 0, 0, 0, 1, 0
61783, 1, 0, 0, 0, 1, 0
61785, 1, 0, 0, 0, 1, 0
61788, 1, 0, 0, 0, 1, 0
61790, 1, 0, 0, 0, 1, 0
61791, 2, 0, 0, 0, 2, 0
61793, 1, 0, 0, 0, 1, 0
61794, 2, 1, 1, 0, 2, 0
61795, 1, 0, 0, 0, 1, 0
61796, 1, 0, 0, 0, 0, 1
61798, 2, 0, 0, 0, 0, 2
66050, 3, 1, 1, 0, 3, 0
75767, 0, 1, 1, 0, 0, 0
73374, 1, 1, 1, 0, 1, 0
79645, 0, 1, 1, 0, 0, 0
61811, 5, 2, 2, 0, 5, 0
61814, 1, 0, 0, 0, 1, 0
61817, 2, 1, 1, 0, 2, 0
61818, 1, 0, 0, 0, 1, 0
61819, 1, 0, 0, 0, 1, 0
61820, 1, 0, 0, 0, 1, 0
61822, 1, 0, 0, 0, 1, 0
61823, 1, 1, 1, 0, 1, 0
61824, 3, 1, 1, 0, 3, 0
87365, 0, 1, 1, 0, 0, 0
61825, 1, 0, 0, 0, 1, 0
61827, 1, 0, 0, 0, 1, 0
61830, 1, 0, 0, 0, 1, 0
61831, 2, 0, 0, 0, 2, 0
61832, 1, 0, 0, 0, 1, 0
61833, 1, 0, 0, 0, 1, 0
61834, 0, 1, 1, 0, 0, 0
61835, 1, 0, 0, 0, 0, 1
61836, 0, 1, 0, 1, 0, 0
61837, 1, 0, 0, 0, 1, 0
68301, 0, 1, 1, 0, 0, 0
61839, 1, 3, 3, 0, 1, 0
61846, 1, 1, 1, 0, 1, 0
65955, 1, 1, 1, 0, 1, 0
61844, 1, 0, 0, 0, 1, 0
61847, 1, 0, 0, 0, 1, 0
61848, 0, 1, 1, 0, 0, 0
91026, 0, 1, 1, 0, 0, 0
61851, 2, 0, 0, 0, 1, 1
61854, 2, 1, 0, 1, 2, 0
61855, 1, 0, 0, 0, 1, 0
61856, 1, 0, 0, 0, 0, 1
61858, 1, 0, 0, 0, 1, 0
61859, 0, 1, 1, 0, 0, 0
61860, 1, 0, 0, 0, 1, 0
61861, 2, 0, 0, 0, 2, 0
61862, 1, 0, 0, 0, 1, 0
61863, 1, 0, 0, 0, 1, 0
61864, 2, 5, 5, 0, 2, 0
61866, 3, 0, 0, 0, 3, 0
61867, 1, 0, 0, 0, 0, 1
61868, 1, 0, 0, 0, 0, 1
61870, 0, 1, 1, 0, 0, 0
61871, 1, 0, 0, 0, 1, 0
61872, 2, 0, 0, 0, 2, 0
61873, 1, 0, 0, 0, 1, 0
76381, 0, 2, 2, 0, 0, 0
88963, 0, 1, 1, 0, 0, 0
61876, 1, 0, 0, 0, 1, 0
61877, 1, 0, 0, 0, 1, 0
61878, 0, 1, 1, 0, 0, 0
61881, 1, 0, 0, 0, 1, 0
75080, 0, 1, 1, 0, 0, 0
61883, 1, 0, 0, 0, 1, 0
61884, 1, 0, 0, 0, 1, 0
61885, 3, 3, 3, 0, 3, 0
63494, 3, 2, 2, 0, 3, 0
71737, 0, 1, 1, 0, 0, 0
61886, 1, 0, 0, 0, 1, 0
61890, 1, 0, 0, 0, 0, 1
61891, 2, 0, 0, 0, 2, 0
61892, 2, 0, 0, 0, 2, 0
61893, 1, 0, 0, 0, 1, 0
61896, 1, 0, 0, 0, 1, 0
61899, 1, 0, 0, 0, 1, 0
61901, 1, 0, 0, 0, 1, 0
61902, 0, 1, 1, 0, 0, 0
61905, 1, 0, 0, 0, 1, 0
61906, 1, 0, 0, 0, 1, 0
92067, 0, 1, 1, 0, 0, 0
92068, 0, 1, 1, 0, 0, 0
61911, 1, 0, 0, 0, 1, 0
61912, 1, 0, 0, 0, 1, 0
61915, 1, 0, 0, 0, 1, 0
61916, 1, 0, 0, 0, 1, 0
61917, 1, 0, 0, 0, 1, 0
61922, 1, 0, 0, 0, 1, 0
61923, 2, 0, 0, 0, 2, 0
61924, 1, 0, 0, 0, 0, 1
61926, 4, 1, 1, 0, 4, 0
61927, 1, 2, 2, 0, 1, 0
61928, 1, 1, 1, 0, 1, 0
61929, 3, 1, 1, 0, 2, 1
61930, 3, 1, 1, 0, 3, 0
61932, 1, 1, 1, 0, 1, 0
61935, 3, 1, 1, 0, 3, 0
61936, 6, 2, 2, 0, 6, 0
114717, 0, 1, 1, 0, 0, 0
73119, 1, 2, 2, 0, 1, 0
86151, 0, 1, 1, 0, 0, 0
61938, 1, 0, 0, 0, 1, 0
61940, 5, 0, 0, 0, 4, 1
110884, 0, 1, 1, 0, 0, 0
85738, 2, 1, 1, 0, 2, 0
61994, 1, 0, 0, 0, 0, 1
61996, 1, 0, 0, 0, 1, 0
61998, 2, 0, 0, 0, 2, 0
61999, 0, 1, 1, 0, 0, 0
62000, 1, 0, 0, 0, 1, 0
62007, 1, 0, 0, 0, 0, 1
62011, 1, 0, 0, 0, 1, 0
62012, 0, 1, 1, 0, 0, 0
62013, 3, 0, 0, 0, 1, 2
62015, 1, 0, 0, 0, 1, 0
62016, 1, 0, 0, 0, 1, 0
62017, 1, 1, 1, 0, 1, 0
62019, 2, 0, 0, 0, 1, 1
62020, 1, 0, 0, 0, 1, 0
62023, 8, 0, 0, 0, 5, 3
62024, 2, 0, 0, 0, 2, 0
62026, 5, 0, 0, 0, 5, 0
63326, 4, 5, 5, 0, 4, 0
63327, 0, 3, 3, 0, 0, 0
62351, 3, 2, 2, 0, 3, 0
75774, 1, 1, 1, 0, 1, 0
75806, 0, 1, 1, 0, 0, 0
62030, 1, 0, 0, 0, 1, 0
62032, 1, 0, 0, 0, 0, 1
62033, 1, 0, 0, 0, 0, 1
62035, 1, 0, 0, 0, 1, 0
62038, 1, 0, 0, 0, 1, 0
62039, 3, 0, 0, 0, 0, 3
62041, 1, 0, 0, 0, 1, 0
62042, 1, 0, 0, 0, 1, 0
64620, 0, 1, 1, 0, 0, 0
62046, 1, 0, 0, 0, 0, 1
62047, 1, 0, 0, 0, 1, 0
62048, 1, 1, 1, 0, 0, 1
62049, 1, 0, 0, 0, 0, 1
62050, 1, 0, 0, 0, 1, 0
62051, 2, 0, 0, 0, 2, 0
62053, 0, 1, 1, 0, 0, 0
62057, 2, 0, 0, 0, 2, 0
62058, 1, 0, 0, 0, 1, 0
62059, 1, 0, 0, 0, 1, 0
62064, 1, 0, 0, 0, 0, 1
62065, 1, 0, 0, 0, 1, 0
62069, 1, 0, 0, 0, 1, 0
62070, 1, 0, 0, 0, 1, 0
62071, 1, 0, 0, 0, 1, 0
89115, 0, 1, 1, 0, 0, 0
62073, 2, 0, 0, 0, 2, 0
88609, 0, 1, 1, 0, 0, 0
62077, 1, 0, 0, 0, 1, 0
62078, 0, 1, 1, 0, 0, 0
62117, 1, 0, 0, 0, 1, 0
62119, 2, 0, 0, 0, 1, 1
62121, 0, 1, 0, 1, 0, 0
62122, 0, 1, 0, 1, 0, 0
62123, 1, 0, 0, 0, 1, 0
62124, 1, 1, 0, 1, 0, 1
62126, 1, 0, 0, 0, 0, 1
62129, 1, 0, 0, 0, 1, 0
79527, 0, 1, 1, 0, 0, 0
65812, 5, 1, 1, 0, 5, 0
62154, 1, 0, 0, 0, 1, 0
62155, 1, 0, 0, 0, 1, 0
62156, 1, 0, 0, 0, 1, 0
107014, 1, 1, 1, 0, 1, 0
62158, 1, 0, 0, 0, 1, 0
62159, 2, 0, 0, 0, 2, 0
62162, 3, 0, 0, 0, 2, 1
97928, 0, 1, 1, 0, 0, 0
62164, 1, 0, 0, 0, 1, 0
62166, 1, 0, 0, 0, 1, 0
62172, 4, 0, 0, 0, 2, 2
62173, 1, 0, 0, 0, 0, 1
62174, 1, 0, 0, 0, 1, 0
62178, 5, 0, 0, 0, 2, 3
62180, 1, 0, 0, 0, 1, 0
62181, 1, 2, 2, 0, 1, 0
62182, 1, 0, 0, 0, 1, 0
62183, 1, 1, 1, 0, 0, 1
62184, 1, 0, 0, 0, 0, 1
62185, 1, 0, 0, 0, 1, 0
62187, 1, 0, 0, 0, 1, 0
62188, 0, 1, 1, 0, 0, 0
63522, 0, 1, 1, 0, 0, 0
63524, 0, 1, 1, 0, 0, 0
62196, 2, 1, 1, 0, 2, 0
63375, 2, 1, 1, 0, 2, 0
62200, 1, 0, 0, 0, 1, 0
62316, 0, 3, 3, 0, 0, 0
82434, 0, 1, 1, 0, 0, 0
75987, 1, 2, 2, 0, 1, 0
77795, 0, 1, 1, 0, 0, 0
77796, 0, 1, 1, 0, 0, 0
62216, 1, 0, 0, 0, 1, 0
62217, 1, 0, 0, 0, 1, 0
62219, 1, 0, 0, 0, 1, 0
62220, 1, 1, 1, 0, 1, 0
62221, 2, 1, 1, 0, 2, 0
62224, 1, 0, 0, 0, 1, 0
62225, 1, 1, 0, 1, 0, 1
62231, 0, 1, 1, 0, 0, 0
62237, 3, 1, 1, 0, 3, 0
62240, 1, 0, 0, 0, 1, 0
62241, 1, 0, 0, 0, 1, 0
62244, 1, 0, 0, 0, 1, 0
62245, 1, 1, 1, 0, 1, 0
62250, 2, 0, 0, 0, 1, 1
62252, 1, 0, 0, 0, 1, 0
62253, 0, 1, 1, 0, 0, 0
62255, 2, 0, 0, 0, 1, 1
62259, 1, 0, 0, 0, 1, 0
62260, 5, 0, 0, 0, 2, 3
62263, 2, 0, 0, 0, 1, 1
62264, 1, 0, 0, 0, 1, 0
62266, 2, 0, 0, 0, 0, 2
65079, 1, 1, 1, 0, 1, 0
62269, 1, 0, 0, 0, 1, 0
62270, 2, 0, 0, 0, 2, 0
62271, 2, 0, 0, 0, 2, 0
62272, 0, 1, 1, 0, 0, 0
62273, 0, 1, 1, 0, 0, 0
62278, 1, 0, 0, 0, 1, 0
62282, 1, 0, 0, 0, 1, 0
62283, 1, 0, 0, 0, 0, 1
62286, 1, 0, 0, 0, 1, 0
88774, 1, 1, 1, 0, 1, 0
83893, 0, 1, 1, 0, 0, 0
62299, 1, 0, 0, 0, 1, 0
62300, 1, 0, 0, 0, 1, 0
62302, 1, 0, 0, 0, 1, 0
62304, 2, 1, 1, 0, 1, 1
62306, 1, 0, 0, 0, 1, 0
62310, 1, 0, 0, 0, 0, 1
62311, 2, 0, 0, 0, 2, 0
62313, 1, 0, 0, 0, 1, 0
62314, 1, 0, 0, 0, 1, 0
62315, 1, 0, 0, 0, 1, 0
62317, 1, 0, 0, 0, 1, 0
62318, 1, 0, 0, 0, 0, 1
62320, 1, 0, 0, 0, 1, 0
62321, 3, 2, 2, 0, 2, 1
62322, 3, 1, 1, 0, 3, 0
62323, 3, 1, 0, 1, 2, 1
62324, 1, 0, 0, 0, 1, 0
62325, 2, 0, 0, 0, 2, 0
62326, 8, 0, 0, 0, 8, 0
62327, 0, 1, 1, 0, 0, 0
62328, 0, 1, 1, 0, 0, 0
62330, 1, 0, 0, 0, 0, 1
62332, 1, 0, 0, 0, 1, 0
62333, 1, 0, 0, 0, 1, 0
62336, 1, 0, 0, 0, 1, 0
62337, 2, 0, 0, 0, 2, 0
62340, 1, 0, 0, 0, 1, 0
62341, 7, 0, 0, 0, 7, 0
62342, 2, 0, 0, 0, 2, 0
62343, 1, 2, 2, 0, 1, 0
62344, 0, 3, 3, 0, 0, 0
62345, 1, 0, 0, 0, 1, 0
62346, 4, 0, 0, 0, 0, 4
62350, 1, 0, 0, 0, 1, 0
62352, 1, 0, 0, 0, 1, 0
62353, 1, 0, 0, 0, 0, 1
62355, 0, 1, 1, 0, 0, 0
62356, 3, 2, 2, 0, 3, 0
62357, 9, 4, 4, 0, 9, 0
62358, 0, 1, 1, 0, 0, 0
62923, 3, 3, 3, 0, 3, 0
64640, 1, 1, 1, 0, 1, 0
67110, 9, 2, 2, 0, 9, 0
62360, 1, 0, 0, 0, 1, 0
62363, 1, 0, 0, 0, 0, 1
62364, 1, 0, 0, 0, 0, 1
62365, 1, 0, 0, 0, 1, 0
62521, 4, 2, 2, 0, 4, 0
62368, 1, 0, 0, 0, 1, 0
62369, 3, 1, 1, 0, 3, 0
62371, 0, 1, 1, 0, 0, 0
62373, 1, 0, 0, 0, 0, 1
62374, 1, 0, 0, 0, 0, 1
62377, 0, 2, 2, 0, 0, 0
62378, 1, 0, 0, 0, 1, 0
77221, 0, 1, 1, 0, 0, 0
62392, 1, 0, 0, 0, 1, 0
62395, 1, 0, 0, 0, 1, 0
62396, 1, 0, 0, 0, 0, 1
62399, 1, 0, 0, 0, 1, 0
75727, 1, 1, 1, 0, 1, 0
76287, 0, 1, 1, 0, 0, 0
62409, 1, 0, 0, 0, 1, 0
76757, 2, 1, 1, 0, 2, 0
92812, 6, 4, 2, 2, 5, 1
62412, 2, 0, 0, 0, 2, 0
62413, 0, 1, 1, 0, 0, 0
62415, 1, 0, 0, 0, 1, 0
62416, 0, 2, 2, 0, 0, 0
62420, 1, 0, 0, 0, 1, 0
62421, 3, 0, 0, 0, 3, 0
62422, 0, 1, 1, 0, 0, 0
62426, 1, 0, 0, 0, 0, 1
62427, 5, 0, 0, 0, 5, 0
62433, 0, 1, 0, 1, 0, 0
62434, 1, 0, 0, 0, 1, 0
62435, 1, 0, 0, 0, 0, 1
62436, 6, 2, 1, 1, 2, 4
62440, 4, 0, 0, 0, 4, 0
62447, 1, 0, 0, 0, 1, 0
62450, 2, 1, 1, 0, 1, 1
62452, 0, 1, 0, 1, 0, 0
99456, 0, 1, 1, 0, 0, 0
62453, 1, 1, 1, 0, 1, 0
62458, 7, 1, 0, 1, 3, 4
62459, 0, 1, 0, 1, 0, 0
77790, 0, 1, 1, 0, 0, 0
62463, 3, 0, 0, 0, 2, 1
62464, 1, 0, 0, 0, 1, 0
62465, 1, 0, 0, 0, 0, 1
62466, 1, 0, 0, 0, 1, 0
62469, 1, 0, 0, 0, 1, 0
62472, 1, 0, 0, 0, 1, 0
62473, 2, 0, 0, 0, 1, 1
62474, 0, 1, 1, 0, 0, 0
62475, 1, 0, 0, 0, 1, 0
81752, 1, 1, 1, 0, 1, 0
62477, 1, 1, 1, 0, 1, 0
62479, 1, 0, 0, 0, 0, 1
62480, 1, 0, 0, 0, 1, 0
62481, 0, 1, 1, 0, 0, 0
62482, 1, 0, 0, 0, 1, 0
62487, 1, 0, 0, 0, 0, 1
62488, 1, 0, 0, 0, 1, 0
62489, 1, 0, 0, 0, 1, 0
62490, 0, 1, 1, 0, 0, 0
62492, 2, 0, 0, 0, 2, 0
62494, 1, 0, 0, 0, 0, 1
62495, 1, 0, 0, 0, 0, 1
62497, 1, 0, 0, 0, 1, 0
62498, 1, 0, 0, 0, 1, 0
62499, 1, 0, 0, 0, 1, 0
62500, 1, 0, 0, 0, 1, 0
62501, 1, 0, 0, 0, 1, 0
62502, 4, 2, 2, 0, 4, 0
62503, 4, 4, 4, 0, 4, 0
62504, 4, 3, 3, 0, 3, 1
64059, 1, 2, 2, 0, 1, 0
62506, 1, 0, 0, 0, 1, 0
62514, 1, 0, 0, 0, 1, 0
62515, 1, 0, 0, 0, 1, 0
62516, 0, 1, 1, 0, 0, 0
62519, 1, 0, 0, 0, 1, 0
62523, 1, 0, 0, 0, 1, 0
68166, 15, 1, 1, 0, 15, 0
62527, 3, 0, 0, 0, 3, 0
62534, 1, 0, 0, 0, 0, 1
62536, 4, 0, 0, 0, 2, 2
62538, 0, 1, 1, 0, 0, 0
62543, 2, 0, 0, 0, 2, 0
62554, 3, 2, 2, 0, 3, 0
96350, 1, 1, 1, 0, 1, 0
62555, 3, 0, 0, 0, 3, 0
62556, 2, 0, 0, 0, 2, 0
62557, 3, 0, 0, 0, 2, 1
62563, 1, 0, 0, 0, 1, 0
62564, 1, 1, 0, 1, 0, 1
62565, 1, 1, 0, 1, 0, 1
62566, 2, 0, 0, 0, 1, 1
62567, 3, 0, 0, 0, 2, 1
62568, 1, 0, 0, 0, 1, 0
62569, 1, 0, 0, 0, 1, 0
62573, 2, 0, 0, 0, 1, 1
83178, 0, 1, 1, 0, 0, 0
83179, 0, 1, 1, 0, 0, 0
83180, 0, 1, 1, 0, 0, 0
62579, 2, 0, 0, 0, 2, 0
62582, 3, 0, 0, 0, 2, 1
62583, 0, 1, 0, 1, 0, 0
62585, 1, 0, 0, 0, 0, 1
62587, 3, 0, 0, 0, 3, 0
62590, 0, 1, 1, 0, 0, 0
62591, 1, 0, 0, 0, 0, 1
62592, 1, 0, 0, 0, 1, 0
62593, 1, 0, 0, 0, 1, 0
62594, 0, 1, 1, 0, 0, 0
62599, 1, 0, 0, 0, 1, 0
62600, 1, 0, 0, 0, 1, 0
62602, 2, 0, 0, 0, 2, 0
62603, 1, 2, 2, 0, 1, 0
62605, 1, 0, 0, 0, 1, 0
62606, 1, 0, 0, 0, 1, 0
62608, 4, 1, 1, 0, 2, 2
62609, 1, 1, 0, 1, 1, 0
62610, 2, 0, 0, 0, 1, 1
62612, 1, 0, 0, 0, 1, 0
62613, 1, 0, 0, 0, 0, 1
62614, 1, 0, 0, 0, 1, 0
62616, 1, 0, 0, 0, 1, 0
62617, 1, 0, 0, 0, 1, 0
62618, 2, 3, 3, 0, 2, 0
88024, 2, 2, 2, 0, 2, 0
89561, 2, 2, 2, 0, 2, 0
62988, 0, 1, 1, 0, 0, 0
64633, 2, 1, 1, 0, 2, 0
64634, 1, 2, 2, 0, 0, 1
85970, 1, 1, 1, 0, 1, 0
86024, 0, 1, 1, 0, 0, 0
62625, 1, 0, 0, 0, 1, 0
62626, 1, 0, 0, 0, 1, 0
62627, 1, 0, 0, 0, 1, 0
62630, 1, 0, 0, 0, 1, 0
62638, 5, 0, 0, 0, 5, 0
62642, 1, 0, 0, 0, 1, 0
62643, 0, 1, 1, 0, 0, 0
64938, 1, 2, 2, 0, 1, 0
62650, 2, 0, 0, 0, 2, 0
62651, 0, 1, 1, 0, 0, 0
62652, 0, 1, 1, 0, 0, 0
62659, 0, 1, 1, 0, 0, 0
79177, 0, 1, 1, 0, 0, 0
62660, 1, 0, 0, 0, 0, 1
62663, 1, 0, 0, 0, 1, 0
62666, 1, 0, 0, 0, 1, 0
62667, 4, 0, 0, 0, 1, 3
62668, 1, 0, 0, 0, 1, 0
62670, 2, 0, 0, 0, 0, 2
62671, 3, 0, 0, 0, 2, 1
62672, 0, 1, 1, 0, 0, 0
62673, 0, 1, 1, 0, 0, 0
62674, 1, 0, 0, 0, 1, 0
62676, 2, 0, 0, 0, 1, 1
62681, 1, 0, 0, 0, 1, 0
62682, 0, 1, 1, 0, 0, 0
62683, 2, 0, 0, 0, 1, 1
62684, 1, 0, 0, 0, 1, 0
62686, 1, 0, 0, 0, 1, 0
62687, 1, 0, 0, 0, 1, 0
68368, 0, 1, 1, 0, 0, 0
84255, 0, 1, 1, 0, 0, 0
84256, 0, 1, 1, 0, 0, 0
84257, 0, 1, 1, 0, 0, 0
62704, 1, 0, 0, 0, 1, 0
62705, 0, 1, 1, 0, 0, 0
62707, 1, 1, 1, 0, 1, 0
68279, 1, 1, 1, 0, 1, 0
69063, 0, 1, 1, 0, 0, 0
62709, 1, 0, 0, 0, 1, 0
62710, 0, 1, 1, 0, 0, 0
62712, 1, 0, 0, 0, 1, 0
62715, 0, 1, 1, 0, 0, 0
62716, 1, 0, 0, 0, 0, 1
62719, 2, 0, 0, 0, 2, 0
62720, 1, 0, 0, 0, 0, 1
62721, 1, 1, 1, 0, 1, 0
69666, 0, 1, 1, 0, 0, 0
69667, 0, 1, 1, 0, 0, 0
62724, 0, 1, 1, 0, 0, 0
62725, 1, 0, 0, 0, 1, 0
62726, 1, 0, 0, 0, 1, 0
62727, 0, 1, 1, 0, 0, 0
62728, 1, 0, 0, 0, 0, 1
62729, 1, 0, 0, 0, 1, 0
62730, 1, 0, 0, 0, 1, 0
62731, 1, 0, 0, 0, 1, 0
62733, 1, 0, 0, 0, 1, 0
62734, 1, 0, 0, 0, 1, 0
62735, 0, 1, 1, 0, 0, 0
64167, 1, 1, 1, 0, 1, 0
112876, 0, 1, 1, 0, 0, 0
64406, 1, 1, 1, 0, 1, 0
62740, 1, 0, 0, 0, 1, 0
74761, 3, 2, 2, 0, 3, 0
62749, 5, 0, 0, 0, 1, 4
62750, 1, 0, 0, 0, 1, 0
62752, 1, 0, 0, 0, 1, 0
62755, 3, 0, 0, 0, 2, 1
62757, 1, 0, 0, 0, 1, 0
63062, 1, 2, 2, 0, 1, 0
62761, 1, 0, 0, 0, 0, 1
62762, 1, 0, 0, 0, 1, 0
62764, 1, 0, 0, 0, 1, 0
62765, 1, 0, 0, 0, 1, 0
63401, 0, 1, 1, 0, 0, 0
62767, 1, 0, 0, 0, 1, 0
62769, 1, 0, 0, 0, 0, 1
62770, 2, 0, 0, 0, 2, 0
62771, 2, 0, 0, 0, 1, 1
62772, 0, 1, 0, 1, 0, 0
62773, 1, 0, 0, 0, 0, 1
62778, 1, 0, 0, 0, 0, 1
62779, 2, 0, 0, 0, 0, 2
77902, 0, 1, 1, 0, 0, 0
62791, 2, 0, 0, 0, 2, 0
62792, 3, 0, 0, 0, 3, 0
62794, 0, 1, 1, 0, 0, 0
62795, 1, 0, 0, 0, 1, 0
62798, 3, 0, 0, 0, 1, 2
62799, 1, 0, 0, 0, 1, 0
62800, 2, 2, 2, 0, 2, 0
62803, 3, 1, 1, 0, 3, 0
62806, 2, 0, 0, 0, 0, 2
62807, 1, 0, 0, 0, 1, 0
62808, 2, 0, 0, 0, 1, 1
70554, 1, 1, 1, 0, 1, 0
80634, 0, 1, 1, 0, 0, 0
71047, 2, 1, 1, 0, 2, 0
69118, 1, 1, 1, 0, 1, 0
90051, 1, 1, 1, 0, 1, 0
62857, 4, 0, 0, 0, 1, 3
62858, 2, 2, 1, 1, 2, 0
71556, 0, 2, 2, 0, 0, 0
62859, 1, 0, 0, 0, 1, 0
62860, 1, 0, 0, 0, 0, 1
62863, 1, 0, 0, 0, 1, 0
71108, 1, 2, 2, 0, 1, 0
74558, 1, 2, 2, 0, 1, 0
77862, 1, 1, 1, 0, 1, 0
78360, 0, 1, 1, 0, 0, 0
78362, 0, 2, 1, 1, 0, 0
89126, 2, 1, 1, 0, 2, 0
89127, 0, 2, 2, 0, 0, 0
62883, 1, 0, 0, 0, 1, 0
62884, 1, 1, 1, 0, 1, 0
76156, 1, 4, 4, 0, 1, 0
62886, 2, 0, 0, 0, 1, 1
62888, 3, 1, 1, 0, 3, 0
62890, 2, 3, 3, 0, 2, 0
62891, 3, 1, 1, 0, 3, 0
62892, 1, 0, 0, 0, 0, 1
62893, 1, 0, 0, 0, 1, 0
64632, 1, 1, 1, 0, 1, 0
65056, 3, 1, 1, 0, 3, 0
65057, 4, 2, 2, 0, 4, 0
69721, 1, 1, 1, 0, 1, 0
62900, 2, 0, 0, 0, 2, 0
68800, 0, 1, 1, 0, 0, 0
62902, 1, 1, 1, 0, 1, 0
62904, 1, 0, 0, 0, 1, 0
62909, 1, 0, 0, 0, 1, 0
62914, 1, 0, 0, 0, 1, 0
62918, 2, 0, 0, 0, 1, 1
62919, 1, 0, 0, 0, 1, 0
62920, 2, 0, 0, 0, 2, 0
62921, 1, 0, 0, 0, 1, 0
62922, 1, 0, 0, 0, 1, 0
62924, 1, 0, 0, 0, 1, 0
62925, 1, 0, 0, 0, 1, 0
62960, 1, 0, 0, 0, 1, 0
62961, 1, 0, 0, 0, 1, 0
62962, 1, 1, 1, 0, 1, 0
62963, 1, 1, 1, 0, 1, 0
64033, 1, 1, 1, 0, 1, 0
62966, 1, 0, 0, 0, 1, 0
82330, 1, 1, 1, 0, 1, 0
62971, 0, 1, 1, 0, 0, 0
62982, 1, 0, 0, 0, 1, 0
62983, 1, 0, 0, 0, 1, 0
62992, 2, 0, 0, 0, 2, 0
62993, 1, 0, 0, 0, 1, 0
62994, 1, 1, 1, 0, 1, 0
62995, 4, 0, 0, 0, 4, 0
62996, 1, 0, 0, 0, 1, 0
62997, 2, 1, 1, 0, 2, 0
62999, 1, 0, 0, 0, 1, 0
63001, 2, 0, 0, 0, 2, 0
63003, 1, 0, 0, 0, 1, 0
63004, 1, 0, 0, 0, 1, 0
63005, 2, 0, 0, 0, 1, 1
63006, 0, 1, 0, 1, 0, 0
63007, 1, 1, 1, 0, 1, 0
63008, 0, 1, 1, 0, 0, 0
63010, 2, 0, 0, 0, 2, 0
63011, 1, 1, 1, 0, 1, 0
63012, 1, 0, 0, 0, 1, 0
63013, 0, 1, 1, 0, 0, 0
63014, 1, 0, 0, 0, 1, 0
63015, 1, 0, 0, 0, 1, 0
63016, 3, 0, 0, 0, 2, 1
63037, 1, 0, 0, 0, 1, 0
63038, 2, 0, 0, 0, 2, 0
63039, 1, 1, 1, 0, 1, 0
78647, 1, 2, 2, 0, 1, 0
64780, 4, 4, 4, 0, 4, 0
84502, 1, 1, 1, 0, 1, 0
85509, 1, 1, 1, 0, 1, 0
85883, 0, 1, 1, 0, 0, 0
85884, 0, 1, 1, 0, 0, 0
63121, 1, 1, 1, 0, 1, 0
63057, 1, 0, 0, 0, 1, 0
63059, 1, 0, 0, 0, 0, 1
63060, 0, 1, 0, 1, 0, 0
63063, 1, 1, 1, 0, 1, 0
63065, 1, 0, 0, 0, 1, 0
63066, 1, 0, 0, 0, 1, 0
63067, 2, 0, 0, 0, 2, 0
63068, 2, 0, 0, 0, 2, 0
63069, 2, 0, 0, 0, 2, 0
63071, 3, 0, 0, 0, 3, 0
63072, 2, 0, 0, 0, 2, 0
63074, 1, 0, 0, 0, 1, 0
63075, 1, 0, 0, 0, 1, 0
65091, 1, 1, 1, 0, 1, 0
65092, 1, 2, 2, 0, 1, 0
63080, 1, 0, 0, 0, 1, 0
74932, 2, 1, 1, 0, 2, 0
75841, 2, 1, 1, 0, 2, 0
75844, 1, 1, 1, 0, 1, 0
75845, 1, 1, 1, 0, 1, 0
75846, 1, 1, 1, 0, 1, 0
63088, 1, 0, 0, 0, 1, 0
63089, 2, 0, 0, 0, 1, 1
63090, 1, 0, 0, 0, 1, 0
63092, 1, 0, 0, 0, 1, 0
63093, 1, 0, 0, 0, 1, 0
63094, 1, 0, 0, 0, 1, 0
63095, 6, 0, 0, 0, 6, 0
63098, 2, 3, 3, 0, 2, 0
63099, 0, 4, 4, 0, 0, 0
63100, 1, 3, 3, 0, 1, 0
63101, 0, 4, 4, 0, 0, 0
63102, 2, 0, 0, 0, 2, 0
63103, 3, 0, 0, 0, 1, 2
63104, 1, 0, 0, 0, 1, 0
63105, 1, 0, 0, 0, 1, 0
63106, 1, 1, 1, 0, 1, 0
63109, 1, 0, 0, 0, 1, 0
63115, 1, 0, 0, 0, 0, 1
63117, 4, 4, 4, 0, 4, 0
81549, 0, 2, 2, 0, 0, 0
107047, 1, 3, 3, 0, 1, 0
69640, 2, 1, 1, 0, 2, 0
63122, 1, 0, 0, 0, 0, 1
63124, 2, 0, 0, 0, 2, 0
63128, 2, 0, 0, 0, 1, 1
63129, 1, 1, 1, 0, 1, 0
63130, 0, 5, 5, 0, 0, 0
63131, 1, 0, 0, 0, 0, 1
63132, 1, 1, 1, 0, 1, 0
63135, 1, 0, 0, 0, 0, 1
63136, 1, 1, 1, 0, 0, 1
63138, 1, 0, 0, 0, 1, 0
63139, 1, 0, 0, 0, 1, 0
63140, 1, 0, 0, 0, 1, 0
63142, 2, 0, 0, 0, 2, 0
63143, 0, 1, 1, 0, 0, 0
63144, 1, 0, 0, 0, 0, 1
63145, 1, 0, 0, 0, 0, 1
63148, 0, 1, 1, 0, 0, 0
63149, 0, 1, 1, 0, 0, 0
63150, 1, 0, 0, 0, 1, 0
63151, 3, 0, 0, 0, 3, 0
126423, 0, 1, 1, 0, 0, 0
63154, 1, 0, 0, 0, 1, 0
63156, 1, 0, 0, 0, 1, 0
63157, 1, 0, 0, 0, 1, 0
63159, 1, 0, 0, 0, 0, 1
63160, 0, 1, 0, 1, 0, 0
63163, 1, 0, 0, 0, 1, 0
63164, 1, 0, 0, 0, 0, 1
63165, 1, 0, 0, 0, 1, 0
81859, 0, 1, 0, 1, 0, 0
63167, 3, 2, 2, 0, 3, 0
63168, 3, 3, 3, 0, 3, 0
63169, 3, 2, 2, 0, 3, 0
67111, 1, 1, 1, 0, 1, 0
79269, 0, 1, 1, 0, 0, 0
63171, 2, 0, 0, 0, 2, 0
63172, 1, 0, 0, 0, 1, 0
63173, 1, 0, 0, 0, 1, 0
63174, 1, 0, 0, 0, 1, 0
63176, 1, 0, 0, 0, 1, 0
63178, 1, 0, 0, 0, 1, 0
63179, 0, 1, 1, 0, 0, 0
63183, 1, 0, 0, 0, 1, 0
63188, 1, 0, 0, 0, 1, 0
63639, 2, 2, 2, 0, 0, 2
66560, 1, 1, 1, 0, 1, 0
66562, 0, 1, 1, 0, 0, 0
66566, 1, 1, 1, 0, 1, 0
63190, 1, 0, 0, 0, 1, 0
63191, 1, 0, 0, 0, 1, 0
63192, 1, 0, 0, 0, 1, 0
63193, 1, 0, 0, 0, 1, 0
63195, 1, 0, 0, 0, 0, 1
63196, 1, 0, 0, 0, 1, 0
63197, 2, 0, 0, 0, 1, 1
67132, 1, 2, 2, 0, 1, 0
69336, 1, 1, 1, 0, 1, 0
70405, 1, 1, 1, 0, 1, 0
76688, 9, 1, 1, 0, 9, 0
70087, 1, 1, 1, 0, 1, 0
63204, 1, 0, 0, 0, 1, 0
63205, 1, 1, 1, 0, 1, 0
63207, 1, 0, 0, 0, 1, 0
63208, 1, 0, 0, 0, 0, 1
63209, 1, 0, 0, 0, 1, 0
63210, 3, 1, 1, 0, 3, 0
63212, 0, 1, 1, 0, 0, 0
63215, 1, 1, 1, 0, 1, 0
63216, 1, 1, 1, 0, 1, 0
63218, 1, 0, 0, 0, 1, 0
63219, 1, 0, 0, 0, 1, 0
63220, 2, 0, 0, 0, 2, 0
63222, 0, 1, 1, 0, 0, 0
74768, 0, 1, 1, 0, 0, 0
63236, 2, 0, 0, 0, 2, 0
63237, 1, 0, 0, 0, 1, 0
63238, 4, 2, 2, 0, 4, 0
63241, 2, 0, 0, 0, 1, 1
63242, 0, 1, 0, 1, 0, 0
63243, 2, 0, 0, 0, 2, 0
63244, 2, 0, 0, 0, 2, 0
63246, 1, 0, 0, 0, 1, 0
63247, 2, 0, 0, 0, 2, 0
63251, 1, 0, 0, 0, 1, 0
63252, 7, 0, 0, 0, 7, 0
63253, 4, 1, 1, 0, 4, 0
63255, 1, 0, 0, 0, 1, 0
63256, 1, 0, 0, 0, 1, 0
63257, 1, 0, 0, 0, 1, 0
79622, 0, 1, 0, 1, 0, 0
65131, 1, 1, 1, 0, 1, 0
63263, 1, 1, 1, 0, 1, 0
63265, 1, 1, 1, 0, 1, 0
67514, 6, 4, 4, 0, 6, 0
67515, 3, 3, 3, 0, 3, 0
63270, 1, 0, 0, 0, 1, 0
63271, 6, 0, 0, 0, 6, 0
63273, 1, 0, 0, 0, 1, 0
63274, 1, 0, 0, 0, 1, 0
63275, 1, 0, 0, 0, 1, 0
63276, 3, 0, 0, 0, 2, 1
63278, 2, 2, 2, 0, 2, 0
97133, 1, 1, 1, 0, 1, 0
63279, 1, 0, 0, 0, 0, 1
63280, 0, 1, 0, 1, 0, 0
63285, 2, 1, 1, 0, 2, 0
63286, 1, 1, 1, 0, 1, 0
84514, 0, 1, 1, 0, 0, 0
84515, 0, 1, 1, 0, 0, 0
119891, 0, 1, 1, 0, 0, 0
63289, 5, 0, 0, 0, 3, 2
63290, 0, 1, 1, 0, 0, 0
63291, 2, 0, 0, 0, 2, 0
63292, 2, 2, 2, 0, 2, 0
63293, 1, 2, 2, 0, 1, 0
63294, 1, 0, 0, 0, 1, 0
63295, 1, 0, 0, 0, 1, 0
63296, 4, 0, 0, 0, 4, 0
63297, 1, 0, 0, 0, 1, 0
63299, 1, 0, 0, 0, 1, 0
63300, 1, 0, 0, 0, 1, 0
63301, 4, 0, 0, 0, 4, 0
63302, 3, 1, 1, 0, 3, 0
63304, 1, 0, 0, 0, 1, 0
63305, 3, 2, 2, 0, 3, 0
63306, 1, 0, 0, 0, 1, 0
63310, 2, 0, 0, 0, 2, 0
63311, 1, 0, 0, 0, 1, 0
63315, 2, 0, 0, 0, 2, 0
63316, 2, 0, 0, 0, 2, 0
63317, 1, 0, 0, 0, 1, 0
63318, 0, 2, 1, 1, 0, 0
63319, 1, 0, 0, 0, 0, 1
63335, 1, 0, 0, 0, 1, 0
63336, 1, 0, 0, 0, 1, 0
63337, 1, 0, 0, 0, 0, 1
63340, 1, 0, 0, 0, 1, 0
63341, 1, 0, 0, 0, 1, 0
63343, 1, 1, 1, 0, 1, 0
63344, 3, 2, 2, 0, 3, 0
67062, 0, 1, 1, 0, 0, 0
63345, 1, 0, 0, 0, 1, 0
83472, 0, 1, 1, 0, 0, 0
83473, 0, 1, 1, 0, 0, 0
63347, 1, 0, 0, 0, 1, 0
63348, 1, 0, 0, 0, 1, 0
63349, 2, 0, 0, 0, 1, 1
63352, 0, 1, 1, 0, 0, 0
71731, 0, 2, 2, 0, 0, 0
63355, 2, 0, 0, 0, 2, 0
63356, 1, 2, 2, 0, 1, 0
63357, 2, 0, 0, 0, 2, 0
63363, 1, 0, 0, 0, 1, 0
63364, 0, 1, 1, 0, 0, 0
63365, 2, 0, 0, 0, 2, 0
110707, 1, 1, 1, 0, 1, 0
63367, 1, 0, 0, 0, 1, 0
65435, 1, 1, 1, 0, 1, 0
68449, 1, 1, 1, 0, 1, 0
68629, 0, 1, 1, 0, 0, 0
63370, 2, 0, 0, 0, 1, 1
63371, 1, 0, 0, 0, 0, 1
63372, 0, 2, 1, 1, 0, 0
63374, 1, 0, 0, 0, 1, 0
88694, 1, 1, 1, 0, 1, 0
88695, 0, 1, 1, 0, 0, 0
63382, 2, 0, 0, 0, 2, 0
63383, 1, 0, 0, 0, 1, 0
63385, 4, 1, 1, 0, 4, 0
63386, 6, 1, 1, 0, 6, 0
63387, 1, 0, 0, 0, 1, 0
63388, 3, 0, 0, 0, 1, 2
63394, 2, 0, 0, 0, 1, 1
63395, 6, 2, 1, 1, 6, 0
63397, 1, 0, 0, 0, 1, 0
63398, 1, 0, 0, 0, 0, 1
63400, 0, 1, 1, 0, 0, 0
63407, 1, 0, 0, 0, 1, 0
63408, 1, 0, 0, 0, 1, 0
63409, 0, 1, 1, 0, 0, 0
63411, 1, 1, 1, 0, 1, 0
69340, 0, 1, 1, 0, 0, 0
63419, 1, 0, 0, 0, 0, 1
63420, 1, 0, 0, 0, 1, 0
63421, 1, 2, 2, 0, 1, 0
63422, 1, 0, 0, 0, 1, 0
63428, 1, 0, 0, 0, 1, 0
63429, 3, 0, 0, 0, 3, 0
63430, 1, 0, 0, 0, 1, 0
63431, 2, 0, 0, 0, 2, 0
75149, 19, 5, 5, 0, 19, 0
75467, 0, 3, 3, 0, 0, 0
76335, 1, 1, 1, 0, 1, 0
76449, 0, 1, 1, 0, 0, 0
63438, 1, 0, 0, 0, 1, 0
63441, 2, 0, 0, 0, 0, 2
63442, 1, 0, 0, 0, 1, 0
63443, 15, 12, 12, 0, 15, 0
65984, 1, 1, 1, 0, 1, 0
66028, 2, 1, 1, 0, 2, 0
74713, 1, 1, 1, 0, 1, 0
78354, 1, 1, 1, 0, 1, 0
78762, 1, 2, 2, 0, 1, 0
79291, 2, 1, 1, 0, 2, 0
79352, 1, 1, 1, 0, 1, 0
79353, 2, 1, 1, 0, 2, 0
79354, 2, 1, 1, 0, 2, 0
79456, 0, 3, 3, 0, 0, 0
79772, 1, 2, 2, 0, 1, 0
63447, 1, 0, 0, 0, 1, 0
63451, 1, 0, 0, 0, 1, 0
63453, 2, 0, 0, 0, 0, 2
63455, 1, 0, 0, 0, 1, 0
63457, 2, 1, 1, 0, 2, 0
63460, 1, 0, 0, 0, 0, 1
70647, 0, 4, 3, 1, 0, 0
68260, 1, 1, 1, 0, 0, 1
73990, 1, 1, 1, 0, 1, 0
75722, 0, 1, 1, 0, 0, 0
75723, 0, 1, 0, 1, 0, 0
75724, 0, 1, 1, 0, 0, 0
75725, 0, 1, 1, 0, 0, 0
63473, 1, 0, 0, 0, 1, 0
63474, 1, 0, 0, 0, 1, 0
74324, 1, 1, 1, 0, 1, 0
63476, 1, 0, 0, 0, 1, 0
63477, 1, 1, 1, 0, 1, 0
63481, 1, 0, 0, 0, 1, 0
63482, 0, 1, 1, 0, 0, 0
63483, 1, 0, 0, 0, 1, 0
63485, 1, 0, 0, 0, 1, 0
63486, 1, 0, 0, 0, 1, 0
63487, 0, 1, 1, 0, 0, 0
63488, 1, 0, 0, 0, 1, 0
63489, 1, 0, 0, 0, 1, 0
63490, 1, 0, 0, 0, 1, 0
63491, 1, 0, 0, 0, 1, 0
63492, 1, 0, 0, 0, 1, 0
63493, 1, 1, 1, 0, 1, 0
63497, 4, 0, 0, 0, 4, 0
63499, 3, 0, 0, 0, 1, 2
63502, 1, 0, 0, 0, 1, 0
63503, 1, 1, 1, 0, 1, 0
64253, 0, 1, 1, 0, 0, 0
115289, 0, 1, 1, 0, 0, 0
125753, 0, 1, 1, 0, 0, 0
90064, 1, 1, 1, 0, 1, 0
92118, 0, 1, 0, 1, 0, 0
63526, 1, 0, 0, 0, 1, 0
63527, 0, 1, 1, 0, 0, 0
63531, 1, 0, 0, 0, 1, 0
63532, 1, 1, 1, 0, 1, 0
70852, 1, 1, 1, 0, 1, 0
71866, 1, 2, 2, 0, 1, 0
72992, 1, 2, 2, 0, 1, 0
73657, 1, 1, 1, 0, 1, 0
119879, 0, 1, 1, 0, 0, 0
63534, 4, 1, 1, 0, 4, 0
63535, 2, 0, 0, 0, 2, 0
63536, 1, 0, 0, 0, 1, 0
63539, 1, 1, 1, 0, 1, 0
63541, 2, 0, 0, 0, 2, 0
63542, 2, 0, 0, 0, 2, 0
63543, 4, 0, 0, 0, 3, 1
95285, 1, 1, 1, 0, 1, 0
63544, 1, 0, 0, 0, 1, 0
63545, 1, 0, 0, 0, 0, 1
82439, 0, 1, 1, 0, 0, 0
63548, 2, 0, 0, 0, 2, 0
63549, 0, 1, 1, 0, 0, 0
82463, 1, 1, 1, 0, 1, 0
105277, 0, 1, 1, 0, 0, 0
63563, 1, 0, 0, 0, 1, 0
63564, 0, 1, 1, 0, 0, 0
63565, 1, 0, 0, 0, 1, 0
63567, 2, 0, 0, 0, 2, 0
63569, 1, 0, 0, 0, 1, 0
63574, 1, 0, 0, 0, 1, 0
64807, 4, 3, 3, 0, 4, 0
63577, 1, 0, 0, 0, 1, 0
63579, 1, 0, 0, 0, 1, 0
63580, 1, 0, 0, 0, 1, 0
63581, 1, 0, 0, 0, 1, 0
63582, 3, 0, 0, 0, 2, 1
63583, 0, 1, 0, 1, 0, 0
63586, 1, 0, 0, 0, 1, 0
63587, 1, 0, 0, 0, 0, 1
63588, 1, 0, 0, 0, 1, 0
63590, 2, 0, 0, 0, 2, 0
63591, 1, 1, 1, 0, 1, 0
63592, 1, 0, 0, 0, 1, 0
71909, 2, 1, 1, 0, 2, 0
71910, 1, 1, 1, 0, 1, 0
63597, 2, 0, 0, 0, 2, 0
75294, 0, 1, 1, 0, 0, 0
63600, 1, 0, 0, 0, 1, 0
63601, 1, 1, 1, 0, 1, 0
63607, 1, 1, 1, 0, 1, 0
63608, 10, 2, 2, 0, 10, 0
64037, 1, 2, 2, 0, 1, 0
64038, 1, 1, 1, 0, 1, 0
63616, 1, 0, 0, 0, 1, 0
63617, 3, 1, 1, 0, 3, 0
64668, 0, 1, 1, 0, 0, 0
63618, 2, 0, 0, 0, 2, 0
63621, 1, 1, 1, 0, 1, 0
63622, 6, 1, 1, 0, 4, 2
64876, 1, 1, 1, 0, 1, 0
73732, 5, 1, 1, 0, 5, 0
77625, 1, 1, 1, 0, 1, 0
63635, 1, 0, 0, 0, 1, 0
63638, 1, 0, 0, 0, 1, 0
63640, 1, 1, 1, 0, 1, 0
63641, 1, 1, 1, 0, 1, 0
63642, 2, 0, 0, 0, 2, 0
63643, 1, 0, 0, 0, 0, 1
87447, 6, 1, 1, 0, 0, 6
63648, 3, 0, 0, 0, 3, 0
105504, 0, 1, 1, 0, 0, 0
105664, 0, 1, 1, 0, 0, 0
63651, 1, 0, 0, 0, 1, 0
63652, 1, 0, 0, 0, 1, 0
63655, 1, 0, 0, 0, 0, 1
99761, 1, 1, 0, 1, 1, 0
102170, 0, 1, 0, 1, 0, 0
102178, 1, 1, 0, 1, 1, 0
102468, 1, 1, 0, 1, 0, 1
102761, 0, 1, 0, 1, 0, 0
103041, 0, 1, 0, 1, 0, 0
103125, 0, 1, 0, 1, 0, 0
103128, 0, 1, 0, 1, 0, 0
103129, 0, 1, 0, 1, 0, 0
103296, 1, 2, 1, 1, 1, 0
103719, 0, 2, 1, 1, 0, 0
103918, 1, 1, 0, 1, 1, 0
104161, 0, 1, 0, 1, 0, 0
104163, 0, 1, 0, 1, 0, 0
104303, 0, 1, 0, 1, 0, 0
104359, 0, 1, 0, 1, 0, 0
104829, 0, 1, 0, 1, 0, 0
104830, 0, 1, 0, 1, 0, 0
63660, 1, 0, 0, 0, 1, 0
63661, 2, 0, 0, 0, 2, 0
102691, 0, 4, 4, 0, 0, 0
63666, 0, 1, 0, 1, 0, 0
74830, 3, 2, 1, 1, 3, 0
75744, 2, 2, 1, 1, 2, 0
77478, 0, 4, 2, 2, 0, 0
78324, 0, 2, 1, 1, 0, 0
80799, 1, 3, 2, 1, 1, 0
81854, 1, 1, 0, 1, 1, 0
81866, 4, 1, 0, 1, 4, 0
94798, 2, 2, 1, 1, 2, 0
95984, 1, 1, 0, 1, 1, 0
98379, 3, 4, 2, 2, 3, 0
99212, 0, 1, 0, 1, 0, 0
99213, 0, 1, 0, 1, 0, 0
99214, 0, 1, 0, 1, 0, 0
99227, 0, 1, 0, 1, 0, 0
99228, 0, 2, 1, 1, 0, 0
99229, 0, 1, 0, 1, 0, 0
99231, 0, 1, 0, 1, 0, 0
99232, 0, 1, 0, 1, 0, 0
99233, 0, 1, 0, 1, 0, 0
99242, 0, 1, 0, 1, 0, 0
99243, 0, 1, 0, 1, 0, 0
99256, 0, 1, 0, 1, 0, 0
99258, 0, 1, 0, 1, 0, 0
99259, 0, 1, 0, 1, 0, 0
99302, 0, 1, 0, 1, 0, 0
99303, 0, 1, 0, 1, 0, 0
99304, 0, 1, 0, 1, 0, 0
99305, 0, 1, 0, 1, 0, 0
99588, 1, 1, 0, 1, 1, 0
99758, 0, 1, 0, 1, 0, 0
99861, 0, 1, 0, 1, 0, 0
99862, 0, 1, 0, 1, 0, 0
99923, 0, 1, 0, 1, 0, 0
100260, 1, 2, 1, 1, 1, 0
100535, 0, 1, 0, 1, 0, 0
100911, 0, 1, 0, 1, 0, 0
103087, 0, 2, 1, 1, 0, 0
104222, 0, 3, 2, 1, 0, 0
104857, 1, 2, 1, 1, 1, 0
105349, 0, 1, 0, 1, 0, 0
105374, 0, 1, 0, 1, 0, 0
105407, 1, 1, 0, 1, 1, 0
105519, 3, 1, 0, 1, 3, 0
105679, 0, 1, 0, 1, 0, 0
105680, 2, 1, 0, 1, 2, 0
105880, 0, 1, 0, 1, 0, 0
105886, 0, 1, 0, 1, 0, 0
105909, 0, 1, 0, 1, 0, 0
105912, 0, 1, 0, 1, 0, 0
105944, 1, 3, 2, 1, 1, 0
106008, 0, 1, 0, 1, 0, 0
106009, 0, 2, 0, 2, 0, 0
106010, 0, 1, 0, 1, 0, 0
106060, 0, 1, 0, 1, 0, 0
106269, 3, 3, 2, 1, 2, 1
106619, 0, 1, 0, 1, 0, 0
106620, 0, 1, 0, 1, 0, 0
106621, 0, 1, 0, 1, 0, 0
106622, 0, 1, 0, 1, 0, 0
107811, 0, 1, 0, 1, 0, 0
108094, 3, 2, 1, 1, 3, 0
109403, 0, 1, 0, 1, 0, 0
109405, 0, 1, 0, 1, 0, 0
111164, 0, 2, 1, 1, 0, 0
114331, 1, 1, 0, 1, 1, 0
114522, 1, 1, 0, 1, 1, 0
114736, 0, 1, 0, 1, 0, 0
117153, 0, 2, 0, 2, 0, 0
117404, 0, 1, 0, 1, 0, 0
117405, 0, 1, 0, 1, 0, 0
117406, 0, 1, 0, 1, 0, 0
117420, 0, 1, 0, 1, 0, 0
117421, 0, 1, 0, 1, 0, 0
117422, 0, 1, 0, 1, 0, 0
117423, 0, 1, 0, 1, 0, 0
117424, 0, 1, 0, 1, 0, 0
117685, 1, 1, 0, 1, 1, 0
120038, 0, 1, 0, 1, 0, 0
123003, 3, 1, 0, 1, 3, 0
124010, 0, 1, 0, 1, 0, 0
126320, 0, 1, 0, 1, 0, 0
106938, 0, 2, 2, 0, 0, 0
83628, 1, 1, 1, 0, 1, 0
63671, 2, 4, 4, 0, 2, 0
96798, 2, 2, 2, 0, 2, 0
63673, 1, 0, 0, 0, 1, 0
63680, 1, 0, 0, 0, 1, 0
63687, 1, 0, 0, 0, 1, 0
63688, 6, 1, 1, 0, 6, 0
63883, 1, 1, 0, 1, 1, 0
68287, 1, 1, 0, 1, 1, 0
77352, 1, 1, 0, 1, 1, 0
109920, 0, 1, 0, 1, 0, 0
110056, 1, 1, 0, 1, 1, 0
110057, 1, 1, 0, 1, 1, 0
110688, 7, 3, 3, 0, 7, 0
113732, 3, 1, 1, 0, 3, 0
114040, 7, 3, 3, 0, 7, 0
115374, 0, 1, 0, 1, 0, 0
116333, 0, 1, 0, 1, 0, 0
116400, 0, 1, 0, 1, 0, 0
118215, 0, 1, 0, 1, 0, 0
118465, 0, 1, 0, 1, 0, 0
120912, 0, 1, 0, 1, 0, 0
121970, 0, 1, 0, 1, 0, 0
122136, 0, 1, 0, 1, 0, 0
122172, 0, 1, 0, 1, 0, 0
122185, 0, 1, 0, 1, 0, 0
122186, 2, 2, 1, 1, 2, 0
122265, 0, 1, 0, 1, 0, 0
122484, 0, 1, 0, 1, 0, 0
122499, 0, 1, 0, 1, 0, 0
122504, 8, 1, 1, 0, 8, 0
123018, 1, 1, 1, 0, 1, 0
123187, 6, 1, 0, 1, 6, 0
128604, 0, 2, 1, 1, 0, 0
130441, 20, 1, 1, 0, 20, 0
131525, 5, 2, 1, 1, 5, 0
118367, 0, 1, 0, 1, 0, 0
63693, 1, 1, 0, 1, 1, 0
106952, 7, 7, 7, 0, 7, 0
117912, 1, 1, 1, 0, 1, 0
63699, 1, 0, 0, 0, 1, 0
63701, 3, 0, 0, 0, 3, 0
63703, 12, 1, 1, 0, 12, 0
63704, 0, 1, 1, 0, 0, 0
63725, 1, 1, 1, 0, 1, 0
117320, 1, 1, 0, 1, 1, 0
117445, 0, 1, 0, 1, 0, 0
119106, 1, 1, 0, 1, 1, 0
119440, 0, 1, 0, 1, 0, 0
120905, 0, 1, 0, 1, 0, 0
125031, 0, 1, 0, 1, 0, 0
128777, 0, 1, 0, 1, 0, 0
131597, 0, 1, 0, 1, 0, 0
103995, 0, 1, 0, 1, 0, 0
120935, 0, 1, 1, 0, 0, 0
124234, 1, 1, 1, 0, 1, 0
119949, 0, 1, 0, 1, 0, 0
63714, 9, 3, 0, 3, 9, 0
117973, 0, 2, 0, 2, 0, 0
118203, 2, 3, 0, 3, 0, 2
119357, 0, 1, 1, 0, 0, 0
119385, 1, 1, 1, 0, 1, 0
63717, 1, 0, 0, 0, 1, 0
118432, 0, 1, 0, 1, 0, 0
63719, 1, 0, 0, 0, 1, 0
63720, 0, 1, 1, 0, 0, 0
114590, 0, 1, 0, 1, 0, 0
116251, 1, 1, 0, 1, 1, 0
123639, 0, 1, 1, 0, 0, 0
63727, 1, 0, 0, 0, 1, 0
63728, 0, 1, 1, 0, 0, 0
63730, 13, 1, 1, 0, 13, 0
63731, 1, 0, 0, 0, 1, 0
93255, 2, 2, 2, 0, 2, 0
97238, 1, 1, 1, 0, 1, 0
98612, 1, 2, 2, 0, 1, 0
103011, 4, 1, 1, 0, 4, 0
63733, 1, 0, 0, 0, 1, 0
63734, 1, 0, 0, 0, 1, 0
63736, 1, 1, 1, 0, 0, 1
63738, 2, 0, 0, 0, 2, 0
63740, 1, 0, 0, 0, 1, 0
63741, 1, 0, 0, 0, 1, 0
64207, 1, 2, 2, 0, 1, 0
63749, 1, 1, 1, 0, 1, 0
63751, 3, 0, 0, 0, 3, 0
63752, 3, 2, 2, 0, 3, 0
63753, 2, 2, 2, 0, 2, 0
63754, 2, 1, 1, 0, 2, 0
67156, 0, 1, 1, 0, 0, 0
63760, 1, 1, 1, 0, 1, 0
71310, 2, 1, 1, 0, 2, 0
73789, 1, 1, 1, 0, 1, 0
73842, 0, 1, 1, 0, 0, 0
73843, 0, 1, 1, 0, 0, 0
73844, 0, 1, 1, 0, 0, 0
73845, 0, 1, 1, 0, 0, 0
63762, 1, 0, 0, 0, 1, 0
75250, 0, 1, 1, 0, 0, 0
75251, 0, 1, 1, 0, 0, 0
63770, 1, 0, 0, 0, 1, 0
63772, 1, 0, 0, 0, 1, 0
63773, 1, 0, 0, 0, 1, 0
63775, 1, 0, 0, 0, 0, 1
63776, 1, 0, 0, 0, 1, 0
63778, 3, 1, 1, 0, 3, 0
66328, 1, 1, 1, 0, 1, 0
101618, 0, 1, 1, 0, 0, 0
63789, 1, 0, 0, 0, 1, 0
63791, 1, 0, 0, 0, 1, 0
63792, 0, 1, 1, 0, 0, 0
63793, 1, 0, 0, 0, 1, 0
63795, 1, 0, 0, 0, 1, 0
76169, 0, 1, 1, 0, 0, 0
73074, 30, 5, 5, 0, 30, 0
73081, 2, 1, 1, 0, 2, 0
73082, 0, 2, 2, 0, 0, 0
73084, 0, 2, 2, 0, 0, 0
73085, 0, 1, 1, 0, 0, 0
63807, 1, 0, 0, 0, 1, 0
63809, 1, 0, 0, 0, 1, 0
63811, 1, 0, 0, 0, 1, 0
63812, 1, 0, 0, 0, 1, 0
63814, 1, 0, 0, 0, 0, 1
63815, 2, 0, 0, 0, 2, 0
63816, 1, 0, 0, 0, 1, 0
63823, 1, 0, 0, 0, 1, 0
67994, 1, 8, 8, 0, 1, 0
63831, 1, 0, 0, 0, 1, 0
63834, 1, 1, 1, 0, 1, 0
81816, 1, 1, 1, 0, 1, 0
63836, 1, 0, 0, 0, 0, 1
63837, 1, 0, 0, 0, 0, 1
63838, 1, 0, 0, 0, 1, 0
63839, 2, 0, 0, 0, 2, 0
67391, 2, 1, 1, 0, 2, 0
63854, 1, 0, 0, 0, 1, 0
63855, 1, 0, 0, 0, 1, 0
89904, 2, 1, 1, 0, 2, 0
63859, 1, 2, 2, 0, 1, 0
63860, 0, 1, 1, 0, 0, 0
100258, 0, 1, 1, 0, 0, 0
65607, 5, 2, 2, 0, 4, 1
63864, 1, 0, 0, 0, 1, 0
63865, 1, 0, 0, 0, 1, 0
63866, 4, 1, 1, 0, 4, 0
86277, 1, 1, 1, 0, 1, 0
87186, 1, 1, 1, 0, 1, 0
87467, 1, 1, 1, 0, 0, 1
63868, 1, 0, 0, 0, 1, 0
63870, 1, 0, 0, 0, 1, 0
63871, 1, 2, 2, 0, 1, 0
63872, 1, 0, 0, 0, 1, 0
63874, 1, 0, 0, 0, 1, 0
63878, 1, 0, 0, 0, 1, 0
63879, 1, 0, 0, 0, 1, 0
63881, 1, 1, 1, 0, 0, 1
63882, 1, 0, 0, 0, 1, 0
63886, 1, 0, 0, 0, 1, 0
63887, 1, 0, 0, 0, 1, 0
81743, 2, 3, 2, 1, 2, 0
84199, 0, 1, 1, 0, 0, 0
113936, 0, 1, 1, 0, 0, 0
79077, 1, 1, 1, 0, 1, 0
79780, 0, 1, 1, 0, 0, 0
108082, 4, 1, 1, 0, 4, 0
70575, 0, 2, 2, 0, 0, 0
84363, 0, 2, 2, 0, 0, 0
89078, 0, 1, 1, 0, 0, 0
109790, 0, 1, 1, 0, 0, 0
82665, 0, 1, 0, 1, 0, 0
116112, 0, 1, 1, 0, 0, 0
77797, 0, 1, 1, 0, 0, 0
77798, 0, 2, 1, 1, 0, 0
114588, 0, 1, 1, 0, 0, 0
64014, 1, 0, 0, 0, 1, 0
64016, 1, 0, 0, 0, 0, 1
64018, 1, 0, 0, 0, 1, 0
64021, 2, 0, 0, 0, 2, 0
64022, 1, 0, 0, 0, 1, 0
64023, 1, 0, 0, 0, 1, 0
64034, 1, 0, 0, 0, 1, 0
64035, 1, 0, 0, 0, 1, 0
64819, 1, 3, 3, 0, 1, 0
65822, 1, 2, 2, 0, 1, 0
64039, 2, 0, 0, 0, 2, 0
64040, 1, 0, 0, 0, 1, 0
64045, 1, 0, 0, 0, 1, 0
64046, 0, 1, 1, 0, 0, 0
64048, 1, 0, 0, 0, 1, 0
64049, 1, 0, 0, 0, 1, 0
64050, 1, 0, 0, 0, 1, 0
64051, 1, 0, 0, 0, 1, 0
64053, 1, 1, 1, 0, 1, 0
64054, 3, 1, 1, 0, 3, 0
64055, 1, 0, 0, 0, 1, 0
64056, 11, 1, 1, 0, 11, 0
64057, 1, 0, 0, 0, 0, 1
64058, 1, 0, 0, 0, 1, 0
64060, 1, 1, 1, 0, 1, 0
64061, 0, 1, 1, 0, 0, 0
64065, 1, 0, 0, 0, 1, 0
64066, 1, 0, 0, 0, 1, 0
70022, 1, 1, 1, 0, 1, 0
71761, 2, 1, 1, 0, 2, 0
64068, 2, 0, 0, 0, 2, 0
64069, 2, 0, 0, 0, 2, 0
64070, 1, 0, 0, 0, 1, 0
64071, 0, 1, 1, 0, 0, 0
64074, 1, 0, 0, 0, 1, 0
64075, 1, 0, 0, 0, 1, 0
64076, 0, 1, 1, 0, 0, 0
64080, 1, 0, 0, 0, 1, 0
64081, 1, 0, 0, 0, 1, 0
64082, 2, 0, 0, 0, 2, 0
64084, 1, 2, 2, 0, 1, 0
65645, 0, 1, 1, 0, 0, 0
64091, 2, 0, 0, 0, 2, 0
64092, 1, 0, 0, 0, 1, 0
64094, 3, 0, 0, 0, 3, 0
64099, 1, 0, 0, 0, 1, 0
64101, 1, 0, 0, 0, 1, 0
64104, 2, 0, 0, 0, 2, 0
64105, 1, 0, 0, 0, 1, 0
64106, 0, 1, 1, 0, 0, 0
64107, 1, 0, 0, 0, 1, 0
64109, 1, 0, 0, 0, 1, 0
64110, 1, 0, 0, 0, 1, 0
64111, 1, 1, 1, 0, 1, 0
67525, 5, 3, 3, 0, 5, 0
71781, 0, 1, 1, 0, 0, 0
71782, 0, 1, 1, 0, 0, 0
64117, 1, 0, 0, 0, 1, 0
64120, 1, 0, 0, 0, 1, 0
64256, 1, 1, 1, 0, 1, 0
67215, 0, 1, 1, 0, 0, 0
67216, 0, 1, 1, 0, 0, 0
67217, 0, 1, 1, 0, 0, 0
67218, 0, 1, 1, 0, 0, 0
67219, 0, 1, 1, 0, 0, 0
67220, 0, 1, 1, 0, 0, 0
67221, 0, 1, 1, 0, 0, 0
64123, 1, 0, 0, 0, 1, 0
64127, 1, 0, 0, 0, 1, 0
64128, 0, 1, 1, 0, 0, 0
64131, 1, 0, 0, 0, 1, 0
64132, 0, 1, 1, 0, 0, 0
64137, 1, 0, 0, 0, 1, 0
64140, 2, 0, 0, 0, 2, 0
64144, 1, 1, 1, 0, 1, 0
64145, 2, 1, 1, 0, 2, 0
64861, 0, 1, 1, 0, 0, 0
64146, 1, 0, 0, 0, 1, 0
64147, 0, 1, 1, 0, 0, 0
64148, 1, 0, 0, 0, 1, 0
64149, 0, 1, 1, 0, 0, 0
64150, 1, 0, 0, 0, 1, 0
64151, 1, 0, 0, 0, 1, 0
64152, 0, 1, 1, 0, 0, 0
64153, 1, 0, 0, 0, 1, 0
64154, 1, 2, 2, 0, 1, 0
86276, 1, 1, 1, 0, 1, 0
86595, 0, 1, 1, 0, 0, 0
64156, 1, 0, 0, 0, 1, 0
64157, 0, 7, 7, 0, 0, 0
77599, 0, 1, 1, 0, 0, 0
64160, 1, 0, 0, 0, 1, 0
64163, 2, 2, 2, 0, 2, 0
67155, 1, 1, 1, 0, 1, 0
67178, 1, 1, 1, 0, 1, 0
69859, 2, 2, 2, 0, 2, 0
70835, 1, 1, 1, 0, 1, 0
76254, 1, 1, 1, 0, 1, 0
77155, 1, 1, 1, 0, 1, 0
86004, 0, 1, 1, 0, 0, 0
86005, 0, 1, 1, 0, 0, 0
86006, 0, 1, 1, 0, 0, 0
86007, 0, 1, 1, 0, 0, 0
86008, 0, 1, 1, 0, 0, 0
86009, 0, 1, 1, 0, 0, 0
64166, 1, 0, 0, 0, 1, 0
67623, 1, 1, 1, 0, 1, 0
76966, 0, 1, 1, 0, 0, 0
64171, 3, 0, 0, 0, 2, 1
64488, 16, 2, 2, 0, 16, 0
115050, 6, 2, 2, 0, 6, 0
64174, 1, 0, 0, 0, 1, 0
64175, 1, 0, 0, 0, 1, 0
64176, 1, 2, 2, 0, 1, 0
64177, 1, 0, 0, 0, 1, 0
64178, 1, 0, 0, 0, 1, 0
65589, 1, 2, 2, 0, 1, 0
64188, 2, 2, 2, 0, 2, 0
64190, 0, 1, 0, 1, 0, 0
64206, 1, 1, 1, 0, 1, 0
64191, 1, 1, 1, 0, 1, 0
64192, 2, 0, 0, 0, 2, 0
64697, 0, 1, 1, 0, 0, 0
64195, 1, 0, 0, 0, 1, 0
64197, 1, 1, 1, 0, 1, 0
64200, 1, 0, 0, 0, 1, 0
64201, 1, 1, 1, 0, 1, 0
64202, 6, 1, 1, 0, 6, 0
90359, 0, 1, 0, 1, 0, 0
89248, 1, 1, 1, 0, 1, 0
83839, 1, 1, 1, 0, 1, 0
87307, 1, 2, 2, 0, 1, 0
87308, 0, 2, 2, 0, 0, 0
73442, 0, 1, 1, 0, 0, 0
64221, 1, 0, 0, 0, 0, 1
64222, 1, 0, 0, 0, 1, 0
64227, 2, 0, 0, 0, 2, 0
64228, 0, 1, 1, 0, 0, 0
64229, 1, 0, 0, 0, 1, 0
64230, 3, 1, 1, 0, 3, 0
64232, 1, 0, 0, 0, 1, 0
64233, 0, 1, 1, 0, 0, 0
79084, 1, 1, 1, 0, 1, 0
83825, 0, 1, 1, 0, 0, 0
82108, 1, 1, 1, 0, 1, 0
87453, 0, 1, 0, 1, 0, 0
64249, 1, 0, 0, 0, 1, 0
64250, 1, 0, 0, 0, 1, 0
64254, 1, 0, 0, 0, 1, 0
64257, 1, 0, 0, 0, 1, 0
64259, 1, 0, 0, 0, 1, 0
64260, 1, 0, 0, 0, 1, 0
64261, 1, 0, 0, 0, 1, 0
64262, 2, 0, 0, 0, 2, 0
64268, 1, 0, 0, 0, 1, 0
64270, 1, 0, 0, 0, 1, 0
64271, 7, 0, 0, 0, 7, 0
64272, 6, 0, 0, 0, 6, 0
68253, 5, 4, 4, 0, 5, 0
68256, 6, 4, 4, 0, 6, 0
68257, 0, 5, 5, 0, 0, 0
76325, 0, 1, 1, 0, 0, 0
76326, 0, 1, 1, 0, 0, 0
76327, 0, 1, 1, 0, 0, 0
76328, 0, 1, 1, 0, 0, 0
76329, 0, 1, 1, 0, 0, 0
83202, 0, 2, 2, 0, 0, 0
68145, 1, 3, 3, 0, 1, 0
79218, 0, 1, 1, 0, 0, 0
69110, 0, 1, 1, 0, 0, 0
69111, 0, 1, 1, 0, 0, 0
69112, 0, 1, 1, 0, 0, 0
64280, 1, 0, 0, 0, 1, 0
64281, 0, 1, 1, 0, 0, 0
64284, 1, 1, 1, 0, 1, 0
69297, 0, 1, 1, 0, 0, 0
69298, 0, 1, 1, 0, 0, 0
64286, 3, 0, 0, 0, 3, 0
64287, 1, 0, 0, 0, 1, 0
64293, 2, 0, 0, 0, 2, 0
64294, 1, 0, 0, 0, 1, 0
64317, 1, 0, 0, 0, 1, 0
64319, 1, 0, 0, 0, 1, 0
64323, 1, 0, 0, 0, 1, 0
64325, 1, 0, 0, 0, 1, 0
64327, 1, 0, 0, 0, 1, 0
64328, 1, 1, 1, 0, 1, 0
64330, 1, 1, 1, 0, 1, 0
64332, 1, 0, 0, 0, 0, 1
64335, 2, 0, 0, 0, 2, 0
64874, 1, 1, 1, 0, 1, 0
64343, 1, 0, 0, 0, 1, 0
64344, 0, 1, 1, 0, 0, 0
64345, 1, 0, 0, 0, 1, 0
64346, 3, 3, 3, 0, 3, 0
79292, 1, 1, 1, 0, 1, 0
80559, 0, 1, 1, 0, 0, 0
80560, 1, 1, 1, 0, 1, 0
64348, 0, 1, 1, 0, 0, 0
64349, 0, 1, 0, 1, 0, 0
64352, 0, 1, 1, 0, 0, 0
64353, 1, 1, 1, 0, 1, 0
64354, 1, 2, 2, 0, 1, 0
68231, 0, 1, 1, 0, 0, 0
64365, 1, 0, 0, 0, 1, 0
64366, 1, 0, 0, 0, 1, 0
64377, 2, 1, 1, 0, 2, 0
64368, 1, 0, 0, 0, 1, 0
64369, 1, 0, 0, 0, 1, 0
64370, 1, 0, 0, 0, 1, 0
64371, 1, 0, 0, 0, 1, 0
64372, 0, 1, 1, 0, 0, 0
64373, 1, 0, 0, 0, 1, 0
64374, 1, 1, 1, 0, 1, 0
64378, 1, 0, 0, 0, 1, 0
64379, 0, 1, 1, 0, 0, 0
64380, 1, 0, 0, 0, 1, 0
64381, 0, 1, 1, 0, 0, 0
64382, 1, 0, 0, 0, 1, 0
64383, 3, 0, 0, 0, 3, 0
64387, 1, 0, 0, 0, 1, 0
64388, 1, 0, 0, 0, 1, 0
64392, 1, 0, 0, 0, 1, 0
64393, 1, 0, 0, 0, 1, 0
64394, 4, 0, 0, 0, 4, 0
64395, 7, 2, 2, 0, 7, 0
64396, 1, 0, 0, 0, 1, 0
64397, 0, 1, 1, 0, 0, 0
64398, 1, 0, 0, 0, 1, 0
64399, 1, 0, 0, 0, 1, 0
64400, 3, 0, 0, 0, 3, 0
64401, 1, 0, 0, 0, 1, 0
64403, 1, 0, 0, 0, 1, 0
64404, 1, 0, 0, 0, 1, 0
64405, 1, 0, 0, 0, 0, 1
64407, 1, 0, 0, 0, 1, 0
64408, 4, 1, 1, 0, 4, 0
64431, 0, 1, 1, 0, 0, 0
64409, 1, 0, 0, 0, 1, 0
64412, 2, 0, 0, 0, 2, 0
64413, 1, 0, 0, 0, 1, 0
75314, 2, 1, 1, 0, 2, 0
64415, 1, 0, 0, 0, 1, 0
64416, 1, 0, 0, 0, 0, 1
64417, 2, 0, 0, 0, 2, 0
64418, 0, 1, 1, 0, 0, 0
64419, 1, 0, 0, 0, 1, 0
64420, 1, 0, 0, 0, 1, 0
64421, 0, 1, 1, 0, 0, 0
64422, 1, 0, 0, 0, 1, 0
64423, 2, 0, 0, 0, 1, 1
64424, 0, 1, 1, 0, 0, 0
64425, 1, 0, 0, 0, 1, 0
64426, 1, 1, 1, 0, 1, 0
64427, 1, 1, 1, 0, 1, 0
64428, 1, 0, 0, 0, 1, 0
64429, 1, 0, 0, 0, 1, 0
64433, 1, 0, 0, 0, 1, 0
64435, 1, 0, 0, 0, 1, 0
64436, 2, 0, 0, 0, 2, 0
64437, 1, 0, 0, 0, 1, 0
78459, 1, 1, 1, 0, 1, 0
78998, 0, 2, 2, 0, 0, 0
79555, 0, 1, 1, 0, 0, 0
79556, 0, 1, 1, 0, 0, 0
64440, 1, 0, 0, 0, 0, 1
64441, 1, 0, 0, 0, 1, 0
64442, 1, 0, 0, 0, 1, 0
64443, 1, 0, 0, 0, 0, 1
64444, 1, 0, 0, 0, 1, 0
64445, 1, 0, 0, 0, 1, 0
64446, 1, 0, 0, 0, 1, 0
64448, 1, 0, 0, 0, 1, 0
64449, 1, 1, 1, 0, 1, 0
64455, 1, 0, 0, 0, 1, 0
64456, 1, 0, 0, 0, 1, 0
64457, 2, 0, 0, 0, 1, 1
75578, 2, 1, 1, 0, 2, 0
74080, 1, 1, 1, 0, 1, 0
76557, 0, 1, 1, 0, 0, 0
76558, 1, 3, 3, 0, 1, 0
76559, 0, 1, 1, 0, 0, 0
64464, 1, 0, 0, 0, 1, 0
64465, 1, 0, 0, 0, 1, 0
64467, 6, 0, 0, 0, 3, 3
64469, 2, 0, 0, 0, 2, 0
64471, 1, 0, 0, 0, 1, 0
64474, 1, 0, 0, 0, 1, 0
64475, 1, 1, 1, 0, 1, 0
64476, 1, 0, 0, 0, 1, 0
64478, 1, 0, 0, 0, 1, 0
64480, 3, 0, 0, 0, 3, 0
123273, 0, 1, 1, 0, 0, 0
64489, 0, 1, 1, 0, 0, 0
114922, 0, 1, 1, 0, 0, 0
64490, 1, 0, 0, 0, 1, 0
64491, 0, 1, 1, 0, 0, 0
64496, 1, 0, 0, 0, 1, 0
64498, 1, 0, 0, 0, 1, 0
90776, 1, 1, 1, 0, 1, 0
91794, 0, 1, 1, 0, 0, 0
91795, 0, 1, 1, 0, 0, 0
64500, 3, 0, 0, 0, 3, 0
70545, 0, 1, 1, 0, 0, 0
64507, 1, 0, 0, 0, 1, 0
64508, 1, 1, 1, 0, 1, 0
80555, 7, 3, 3, 0, 7, 0
64513, 2, 2, 2, 0, 2, 0
64518, 2, 0, 0, 0, 2, 0
64525, 1, 0, 0, 0, 1, 0
64526, 0, 1, 1, 0, 0, 0
64527, 3, 1, 1, 0, 3, 0
69855, 2, 5, 5, 0, 2, 0
64530, 1, 0, 0, 0, 1, 0
64531, 1, 0, 0, 0, 1, 0
64532, 1, 0, 0, 0, 1, 0
64535, 1, 0, 0, 0, 1, 0
64536, 0, 1, 1, 0, 0, 0
64537, 1, 0, 0, 0, 1, 0
64538, 1, 0, 0, 0, 1, 0
64540, 1, 0, 0, 0, 1, 0
67041, 1, 1, 1, 0, 1, 0
71345, 0, 1, 1, 0, 0, 0
71346, 1, 1, 1, 0, 1, 0
64546, 1, 0, 0, 0, 1, 0
64547, 0, 1, 1, 0, 0, 0
64549, 1, 0, 0, 0, 1, 0
64552, 1, 0, 0, 0, 1, 0
64553, 1, 0, 0, 0, 1, 0
64556, 1, 0, 0, 0, 1, 0
72647, 1, 1, 1, 0, 1, 0
89103, 0, 1, 1, 0, 0, 0
89104, 0, 1, 1, 0, 0, 0
89105, 0, 1, 1, 0, 0, 0
89106, 0, 1, 1, 0, 0, 0
89107, 0, 1, 1, 0, 0, 0
89108, 0, 1, 1, 0, 0, 0
64561, 2, 0, 0, 0, 2, 0
64572, 0, 1, 1, 0, 0, 0
64574, 1, 1, 1, 0, 1, 0
64575, 1, 0, 0, 0, 1, 0
64576, 0, 2, 2, 0, 0, 0
64579, 2, 0, 0, 0, 2, 0
64582, 1, 2, 2, 0, 1, 0
64585, 0, 1, 1, 0, 0, 0
71780, 1, 1, 1, 0, 1, 0
64587, 1, 0, 0, 0, 1, 0
64588, 1, 4, 4, 0, 1, 0
64590, 1, 0, 0, 0, 1, 0
64591, 1, 0, 0, 0, 1, 0
64592, 1, 0, 0, 0, 1, 0
64593, 0, 1, 1, 0, 0, 0
64594, 1, 0, 0, 0, 0, 1
64595, 1, 0, 0, 0, 1, 0
64599, 1, 1, 1, 0, 1, 0
64601, 1, 0, 0, 0, 1, 0
64603, 1, 1, 1, 0, 1, 0
123133, 0, 1, 1, 0, 0, 0
64623, 1, 0, 0, 0, 1, 0
64624, 0, 1, 1, 0, 0, 0
64627, 2, 0, 0, 0, 2, 0
64629, 1, 1, 1, 0, 1, 0
64635, 1, 0, 0, 0, 1, 0
64636, 1, 0, 0, 0, 1, 0
64637, 1, 0, 0, 0, 1, 0
64638, 1, 0, 0, 0, 1, 0
64639, 0, 1, 1, 0, 0, 0
64641, 1, 0, 0, 0, 1, 0
64642, 1, 0, 0, 0, 1, 0
64643, 0, 1, 1, 0, 0, 0
64644, 4, 0, 0, 0, 4, 0
85026, 2, 3, 2, 1, 2, 0
64662, 1, 0, 0, 0, 1, 0
64663, 3, 0, 0, 0, 2, 1
64664, 0, 1, 1, 0, 0, 0
64665, 1, 0, 0, 0, 1, 0
66278, 0, 1, 1, 0, 0, 0
64673, 2, 2, 2, 0, 2, 0
64674, 2, 1, 1, 0, 2, 0
64676, 1, 0, 0, 0, 1, 0
64677, 1, 0, 0, 0, 1, 0
64682, 0, 1, 1, 0, 0, 0
114707, 0, 1, 1, 0, 0, 0
64686, 1, 0, 0, 0, 1, 0
64687, 1, 0, 0, 0, 1, 0
64688, 1, 0, 0, 0, 1, 0
87345, 3, 2, 2, 0, 3, 0
64698, 1, 0, 0, 0, 1, 0
64700, 1, 0, 0, 0, 1, 0
64701, 1, 0, 0, 0, 1, 0
64704, 1, 0, 0, 0, 1, 0
64705, 1, 0, 0, 0, 1, 0
66698, 2, 1, 1, 0, 2, 0
66699, 1, 2, 2, 0, 1, 0
70696, 0, 1, 1, 0, 0, 0
64711, 1, 0, 0, 0, 0, 1
64712, 3, 0, 0, 0, 3, 0
64714, 6, 0, 0, 0, 6, 0
89866, 0, 1, 1, 0, 0, 0
64723, 1, 0, 0, 0, 1, 0
88773, 0, 1, 1, 0, 0, 0
86698, 0, 1, 1, 0, 0, 0
91968, 0, 1, 1, 0, 0, 0
79575, 0, 1, 1, 0, 0, 0
106045, 0, 1, 1, 0, 0, 0
78529, 0, 1, 1, 0, 0, 0
80049, 0, 1, 1, 0, 0, 0
80050, 0, 1, 1, 0, 0, 0
81158, 0, 1, 1, 0, 0, 0
81159, 0, 1, 1, 0, 0, 0
87435, 0, 1, 1, 0, 0, 0
83872, 0, 1, 1, 0, 0, 0
83873, 0, 1, 1, 0, 0, 0
83874, 0, 1, 1, 0, 0, 0
83875, 0, 1, 1, 0, 0, 0
83876, 3, 3, 3, 0, 3, 0
88544, 1, 1, 1, 0, 1, 0
92117, 0, 1, 0, 1, 0, 0
85557, 1, 1, 1, 0, 1, 0
64762, 1, 0, 0, 0, 1, 0
64763, 2, 0, 0, 0, 2, 0
64765, 1, 0, 0, 0, 1, 0
64766, 1, 0, 0, 0, 1, 0
64767, 1, 0, 0, 0, 1, 0
64768, 0, 1, 1, 0, 0, 0
64769, 5, 0, 0, 0, 5, 0
64771, 1, 0, 0, 0, 1, 0
64778, 1, 0, 0, 0, 1, 0
82660, 0, 1, 1, 0, 0, 0
67386, 0, 1, 1, 0, 0, 0
64784, 1, 0, 0, 0, 1, 0
64785, 1, 0, 0, 0, 1, 0
64788, 3, 0, 0, 0, 3, 0
64789, 7, 3, 3, 0, 7, 0
64790, 5, 3, 3, 0, 5, 0
66448, 0, 1, 1, 0, 0, 0
72657, 9, 1, 1, 0, 9, 0
64792, 1, 0, 0, 0, 1, 0
64793, 4, 0, 0, 0, 4, 0
64794, 2, 0, 0, 0, 2, 0
64795, 1, 2, 2, 0, 1, 0
64796, 3, 1, 1, 0, 3, 0
74967, 1, 1, 1, 0, 1, 0
64800, 1, 0, 0, 0, 1, 0
65082, 7, 2, 2, 0, 7, 0
64803, 8, 2, 2, 0, 8, 0
64805, 1, 0, 0, 0, 0, 1
64810, 2, 0, 0, 0, 2, 0
64812, 1, 0, 0, 0, 1, 0
64814, 1, 0, 0, 0, 1, 0
64815, 1, 0, 0, 0, 1, 0
64821, 1, 0, 0, 0, 1, 0
64822, 0, 1, 1, 0, 0, 0
64827, 1, 0, 0, 0, 1, 0
64829, 1, 0, 0, 0, 1, 0
64830, 1, 0, 0, 0, 0, 1
64834, 2, 0, 0, 0, 2, 0
64838, 1, 0, 0, 0, 1, 0
64841, 1, 0, 0, 0, 1, 0
64842, 2, 2, 2, 0, 2, 0
64843, 3, 3, 3, 0, 3, 0
64844, 0, 2, 2, 0, 0, 0
64846, 2, 2, 2, 0, 2, 0
70052, 0, 1, 0, 1, 0, 0
64847, 2, 0, 0, 0, 2, 0
64848, 1, 0, 0, 0, 1, 0
64849, 1, 0, 0, 0, 1, 0
79219, 1, 1, 1, 0, 1, 0
79220, 0, 1, 1, 0, 0, 0
67948, 0, 1, 1, 0, 0, 0
80335, 0, 1, 1, 0, 0, 0
64858, 2, 0, 0, 0, 1, 1
64860, 1, 1, 1, 0, 1, 0
64865, 5, 0, 0, 0, 5, 0
64866, 2, 1, 1, 0, 2, 0
64867, 4, 1, 1, 0, 2, 2
65623, 0, 1, 1, 0, 0, 0
64877, 1, 0, 0, 0, 0, 1
65619, 0, 1, 1, 0, 0, 0
65620, 0, 1, 1, 0, 0, 0
65622, 0, 1, 1, 0, 0, 0
64883, 1, 0, 0, 0, 1, 0
64894, 1, 0, 0, 0, 1, 0
64895, 1, 1, 1, 0, 0, 1
64896, 1, 0, 0, 0, 1, 0
70906, 0, 1, 1, 0, 0, 0
64898, 1, 0, 0, 0, 1, 0
64900, 1, 1, 1, 0, 1, 0
65825, 2, 2, 2, 0, 2, 0
65826, 2, 2, 2, 0, 2, 0
64902, 1, 0, 0, 0, 1, 0
64908, 1, 0, 0, 0, 1, 0
64910, 1, 0, 0, 0, 1, 0
64913, 1, 0, 0, 0, 1, 0
64915, 1, 0, 0, 0, 1, 0
64916, 1, 0, 0, 0, 1, 0
64918, 1, 0, 0, 0, 1, 0
64919, 0, 1, 1, 0, 0, 0
64920, 1, 1, 1, 0, 1, 0
64921, 1, 0, 0, 0, 1, 0
64923, 1, 0, 0, 0, 1, 0
64924, 1, 0, 0, 0, 1, 0
64925, 1, 0, 0, 0, 1, 0
64926, 1, 0, 0, 0, 1, 0
64927, 2, 0, 0, 0, 2, 0
64929, 1, 0, 0, 0, 0, 1
64932, 2, 0, 0, 0, 2, 0
117172, 0, 1, 1, 0, 0, 0
65823, 0, 1, 1, 0, 0, 0
65824, 0, 1, 1, 0, 0, 0
64937, 1, 0, 0, 0, 1, 0
64940, 1, 0, 0, 0, 1, 0
64943, 0, 3, 2, 1, 0, 0
64944, 0, 1, 0, 1, 0, 0
81943, 3, 2, 2, 0, 3, 0
64946, 1, 0, 0, 0, 1, 0
64947, 1, 0, 0, 0, 1, 0
64948, 1, 0, 0, 0, 1, 0
64950, 1, 0, 0, 0, 1, 0
64951, 1, 0, 0, 0, 1, 0
64952, 0, 2, 2, 0, 0, 0
64955, 1, 0, 0, 0, 0, 1
64956, 1, 0, 0, 0, 1, 0
64957, 1, 0, 0, 0, 1, 0
64958, 1, 0, 0, 0, 1, 0
64961, 4, 0, 0, 0, 4, 0
64962, 4, 2, 2, 0, 4, 0
64968, 1, 0, 0, 0, 1, 0
64969, 1, 0, 0, 0, 1, 0
64971, 1, 0, 0, 0, 1, 0
64972, 1, 0, 0, 0, 1, 0
64981, 1, 0, 0, 0, 1, 0
67147, 0, 2, 2, 0, 0, 0
64984, 1, 0, 0, 0, 1, 0
64985, 6, 0, 0, 0, 5, 1
64986, 1, 1, 1, 0, 1, 0
64987, 1, 1, 1, 0, 1, 0
64989, 1, 0, 0, 0, 1, 0
64990, 2, 0, 0, 0, 2, 0
64991, 1, 1, 1, 0, 1, 0
64993, 1, 0, 0, 0, 1, 0
64994, 1, 0, 0, 0, 1, 0
64996, 1, 0, 0, 0, 1, 0
64997, 1, 0, 0, 0, 1, 0
71213, 4, 1, 1, 0, 4, 0
65002, 4, 0, 0, 0, 4, 0
83308, 0, 1, 1, 0, 0, 0
83309, 0, 1, 1, 0, 0, 0
83310, 0, 1, 1, 0, 0, 0
71573, 3, 4, 4, 0, 3, 0
72987, 6, 1, 1, 0, 6, 0
73418, 2, 2, 2, 0, 2, 0
73419, 1, 2, 2, 0, 1, 0
73914, 0, 1, 1, 0, 0, 0
73915, 0, 1, 1, 0, 0, 0
73916, 0, 1, 1, 0, 0, 0
73917, 0, 1, 1, 0, 0, 0
73918, 0, 1, 1, 0, 0, 0
73919, 0, 1, 1, 0, 0, 0
65011, 2, 0, 0, 0, 2, 0
85385, 8, 2, 2, 0, 8, 0
87600, 0, 1, 1, 0, 0, 0
65014, 2, 0, 0, 0, 2, 0
65020, 1, 0, 0, 0, 1, 0
65021, 1, 0, 0, 0, 1, 0
65023, 2, 0, 0, 0, 2, 0
65025, 0, 1, 1, 0, 0, 0
65026, 1, 0, 0, 0, 1, 0
65027, 0, 2, 2, 0, 0, 0
65028, 1, 0, 0, 0, 1, 0
65029, 2, 0, 0, 0, 2, 0
65031, 1, 1, 1, 0, 1, 0
68987, 6, 6, 6, 0, 5, 1
71276, 2, 2, 2, 0, 2, 0
79338, 0, 1, 1, 0, 0, 0
79339, 0, 1, 1, 0, 0, 0
86497, 1, 1, 1, 0, 1, 0
65037, 1, 0, 0, 0, 1, 0
65038, 1, 0, 0, 0, 1, 0
65039, 3, 0, 0, 0, 3, 0
65041, 1, 0, 0, 0, 1, 0
65042, 0, 1, 1, 0, 0, 0
65044, 1, 1, 1, 0, 1, 0
65045, 0, 1, 0, 1, 0, 0
65046, 1, 1, 1, 0, 1, 0
65047, 1, 1, 1, 0, 1, 0
80030, 0, 1, 1, 0, 0, 0
70166, 3, 3, 3, 0, 3, 0
74329, 2, 2, 2, 0, 2, 0
74494, 1, 2, 2, 0, 1, 0
77330, 2, 2, 2, 0, 2, 0
84046, 0, 1, 1, 0, 0, 0
69249, 1, 1, 1, 0, 1, 0
65060, 2, 0, 0, 0, 2, 0
65061, 1, 0, 0, 0, 1, 0
65062, 1, 2, 2, 0, 1, 0
65063, 4, 4, 4, 0, 4, 0
65239, 2, 1, 1, 0, 2, 0
69793, 1, 1, 1, 0, 1, 0
65064, 2, 0, 0, 0, 2, 0
65065, 1, 1, 1, 0, 1, 0
65067, 1, 0, 0, 0, 1, 0
65068, 2, 0, 0, 0, 2, 0
65069, 1, 0, 0, 0, 1, 0
65071, 2, 0, 0, 0, 2, 0
65072, 1, 0, 0, 0, 1, 0
65073, 0, 2, 2, 0, 0, 0
65075, 1, 0, 0, 0, 1, 0
65076, 2, 0, 0, 0, 2, 0
65077, 0, 1, 1, 0, 0, 0
65078, 1, 0, 0, 0, 1, 0
65080, 1, 0, 0, 0, 1, 0
65084, 0, 1, 1, 0, 0, 0
65086, 1, 0, 0, 0, 1, 0
65087, 0, 1, 1, 0, 0, 0
65088, 2, 1, 1, 0, 2, 0
67303, 0, 1, 1, 0, 0, 0
65093, 1, 0, 0, 0, 1, 0
69059, 1, 1, 1, 0, 1, 0
65095, 5, 2, 2, 0, 5, 0
65096, 4, 2, 2, 0, 4, 0
65097, 2, 3, 3, 0, 2, 0
65100, 1, 0, 0, 0, 1, 0
65101, 1, 0, 0, 0, 1, 0
65102, 1, 0, 0, 0, 1, 0
65103, 1, 0, 0, 0, 1, 0
65104, 1, 0, 0, 0, 1, 0
65105, 2, 0, 0, 0, 2, 0
65106, 2, 0, 0, 0, 2, 0
65109, 1, 0, 0, 0, 1, 0
65110, 1, 0, 0, 0, 1, 0
65111, 1, 0, 0, 0, 1, 0
65112, 1, 0, 0, 0, 0, 1
65114, 1, 0, 0, 0, 1, 0
65116, 1, 0, 0, 0, 1, 0
65117, 1, 0, 0, 0, 1, 0
65118, 1, 0, 0, 0, 1, 0
66882, 2, 2, 2, 0, 1, 1
65135, 1, 0, 0, 0, 1, 0
65136, 1, 0, 0, 0, 0, 1
65138, 3, 0, 0, 0, 3, 0
65139, 1, 0, 0, 0, 1, 0
65140, 0, 1, 1, 0, 0, 0
65141, 1, 0, 0, 0, 1, 0
65143, 1, 0, 0, 0, 1, 0
65144, 0, 1, 1, 0, 0, 0
65146, 0, 3, 2, 1, 0, 0
65147, 1, 0, 0, 0, 1, 0
65148, 1, 0, 0, 0, 1, 0
65149, 1, 0, 0, 0, 1, 0
65150, 1, 0, 0, 0, 1, 0
65151, 0, 1, 1, 0, 0, 0
81834, 0, 1, 1, 0, 0, 0
77867, 0, 1, 1, 0, 0, 0
68297, 0, 2, 2, 0, 0, 0
78364, 0, 1, 0, 1, 0, 0
89764, 1, 1, 1, 0, 1, 0
88294, 2, 1, 1, 0, 2, 0
88901, 1, 1, 1, 0, 1, 0
74148, 2, 3, 3, 0, 2, 0
86498, 3, 1, 1, 0, 3, 0
88597, 0, 2, 1, 1, 0, 0
88598, 0, 1, 1, 0, 0, 0
80142, 0, 2, 2, 0, 0, 0
65211, 2, 0, 0, 0, 2, 0
65217, 0, 1, 1, 0, 0, 0
65218, 0, 1, 1, 0, 0, 0
65951, 3, 1, 1, 0, 3, 0
66969, 3, 2, 2, 0, 3, 0
69701, 1, 1, 1, 0, 1, 0
73644, 0, 1, 1, 0, 0, 0
73645, 0, 1, 1, 0, 0, 0
73646, 0, 1, 1, 0, 0, 0
65220, 1, 0, 0, 0, 1, 0
65222, 1, 0, 0, 0, 1, 0
65228, 2, 0, 0, 0, 2, 0
65230, 1, 0, 0, 0, 1, 0
65232, 1, 0, 0, 0, 1, 0
65233, 1, 0, 0, 0, 1, 0
65235, 3, 1, 1, 0, 3, 0
85916, 0, 1, 1, 0, 0, 0
85918, 0, 1, 1, 0, 0, 0
65237, 1, 0, 0, 0, 1, 0
65240, 1, 0, 0, 0, 1, 0
65241, 1, 0, 0, 0, 0, 1
65243, 3, 0, 0, 0, 0, 3
65244, 1, 0, 0, 0, 1, 0
65245, 2, 0, 0, 0, 2, 0
65246, 1, 0, 0, 0, 1, 0
65248, 1, 0, 0, 0, 1, 0
65249, 1, 0, 0, 0, 1, 0
65251, 1, 0, 0, 0, 1, 0
65252, 1, 0, 0, 0, 1, 0
65253, 2, 0, 0, 0, 2, 0
65254, 1, 0, 0, 0, 1, 0
65255, 1, 0, 0, 0, 1, 0
65256, 1, 0, 0, 0, 1, 0
65272, 1, 0, 0, 0, 1, 0
65273, 2, 2, 2, 0, 2, 0
89043, 0, 1, 1, 0, 0, 0
69258, 0, 1, 1, 0, 0, 0
82922, 1, 2, 2, 0, 1, 0
65299, 1, 0, 0, 0, 1, 0
65302, 1, 0, 0, 0, 1, 0
65304, 1, 0, 0, 0, 1, 0
65305, 0, 1, 1, 0, 0, 0
65307, 0, 1, 1, 0, 0, 0
65308, 1, 0, 0, 0, 1, 0
65309, 2, 0, 0, 0, 1, 1
65310, 1, 0, 0, 0, 1, 0
65311, 3, 0, 0, 0, 3, 0
65314, 1, 0, 0, 0, 1, 0
65315, 1, 1, 1, 0, 1, 0
65317, 2, 1, 1, 0, 2, 0
77277, 1, 1, 1, 0, 1, 0
71259, 1, 1, 1, 0, 1, 0
65325, 1, 0, 0, 0, 1, 0
65327, 1, 0, 0, 0, 1, 0
65330, 1, 0, 0, 0, 1, 0
65331, 2, 0, 0, 0, 2, 0
65332, 2, 0, 0, 0, 2, 0
65333, 1, 1, 1, 0, 1, 0
65335, 1, 0, 0, 0, 1, 0
65336, 0, 1, 1, 0, 0, 0
65337, 1, 0, 0, 0, 1, 0
65338, 1, 0, 0, 0, 1, 0
65339, 0, 1, 1, 0, 0, 0
65343, 0, 1, 1, 0, 0, 0
71632, 0, 1, 1, 0, 0, 0
65344, 2, 1, 1, 0, 2, 0
65345, 2, 1, 1, 0, 2, 0
65347, 0, 1, 1, 0, 0, 0
65348, 1, 0, 0, 0, 1, 0
90436, 2, 1, 1, 0, 2, 0
76115, 4, 1, 1, 0, 4, 0
65361, 1, 0, 0, 0, 1, 0
65363, 1, 1, 1, 0, 1, 0
65368, 1, 0, 0, 0, 1, 0
65370, 1, 0, 0, 0, 1, 0
65373, 1, 0, 0, 0, 1, 0
65374, 1, 0, 0, 0, 1, 0
65375, 0, 1, 1, 0, 0, 0
65376, 1, 0, 0, 0, 1, 0
65377, 0, 1, 1, 0, 0, 0
65378, 1, 0, 0, 0, 1, 0
65379, 1, 0, 0, 0, 1, 0
65383, 1, 1, 1, 0, 1, 0
65386, 1, 0, 0, 0, 1, 0
65391, 1, 0, 0, 0, 1, 0
65393, 5, 0, 0, 0, 4, 1
71904, 0, 1, 1, 0, 0, 0
71905, 0, 1, 1, 0, 0, 0
65397, 1, 0, 0, 0, 1, 0
65398, 1, 0, 0, 0, 0, 1
76817, 0, 1, 1, 0, 0, 0
65405, 1, 0, 0, 0, 1, 0
65406, 1, 0, 0, 0, 1, 0
65407, 1, 1, 1, 0, 1, 0
65408, 4, 0, 0, 0, 4, 0
65411, 1, 0, 0, 0, 1, 0
65412, 1, 0, 0, 0, 1, 0
65608, 1, 1, 1, 0, 1, 0
75503, 1, 1, 1, 0, 1, 0
76313, 3, 1, 1, 0, 3, 0
96791, 1, 1, 1, 0, 1, 0
65428, 2, 0, 0, 0, 2, 0
65431, 1, 0, 0, 0, 1, 0
65433, 1, 0, 0, 0, 1, 0
67412, 0, 1, 1, 0, 0, 0
79505, 3, 3, 3, 0, 3, 0
65441, 1, 0, 0, 0, 0, 1
65442, 1, 0, 0, 0, 1, 0
65443, 1, 0, 0, 0, 1, 0
65454, 2, 2, 2, 0, 2, 0
65445, 1, 0, 0, 0, 1, 0
65447, 1, 0, 0, 0, 1, 0
65448, 0, 1, 1, 0, 0, 0
65453, 5, 0, 0, 0, 5, 0
65456, 1, 0, 0, 0, 0, 1
65459, 1, 0, 0, 0, 1, 0
65461, 1, 0, 0, 0, 1, 0
65462, 1, 0, 0, 0, 1, 0
65464, 1, 0, 0, 0, 1, 0
65465, 1, 0, 0, 0, 1, 0
65466, 1, 0, 0, 0, 1, 0
65467, 0, 1, 1, 0, 0, 0
65468, 2, 2, 2, 0, 2, 0
71714, 0, 2, 2, 0, 0, 0
78809, 0, 1, 1, 0, 0, 0
78810, 0, 1, 1, 0, 0, 0
66012, 3, 5, 5, 0, 3, 0
71132, 0, 1, 1, 0, 0, 0
90973, 0, 1, 1, 0, 0, 0
83698, 0, 1, 1, 0, 0, 0
72922, 0, 1, 1, 0, 0, 0
68355, 1, 1, 1, 0, 1, 0
73117, 0, 1, 1, 0, 0, 0
73118, 0, 1, 1, 0, 0, 0
69607, 1, 2, 2, 0, 1, 0
69796, 0, 2, 2, 0, 0, 0
67066, 1, 2, 2, 0, 1, 0
69720, 2, 1, 1, 0, 2, 0
68758, 1, 2, 2, 0, 1, 0
86629, 0, 1, 1, 0, 0, 0
78323, 0, 1, 1, 0, 0, 0
65541, 1, 0, 0, 0, 1, 0
65542, 1, 0, 0, 0, 1, 0
65544, 1, 0, 0, 0, 1, 0
65546, 1, 0, 0, 0, 1, 0
65547, 0, 1, 1, 0, 0, 0
65548, 1, 0, 0, 0, 1, 0
65551, 0, 1, 1, 0, 0, 0
65552, 1, 0, 0, 0, 1, 0
65558, 4, 3, 2, 1, 4, 0
65559, 4, 4, 4, 0, 4, 0
68043, 1, 1, 1, 0, 1, 0
65560, 1, 0, 0, 0, 1, 0
65562, 1, 0, 0, 0, 1, 0
65564, 4, 0, 0, 0, 4, 0
65565, 1, 0, 0, 0, 1, 0
65570, 1, 0, 0, 0, 1, 0
65571, 1, 0, 0, 0, 1, 0
65580, 1, 0, 0, 0, 1, 0
79845, 0, 1, 1, 0, 0, 0
79846, 0, 1, 1, 0, 0, 0
79847, 0, 1, 1, 0, 0, 0
81558, 0, 1, 1, 0, 0, 0
65583, 1, 0, 0, 0, 1, 0
65586, 3, 0, 0, 0, 1, 2
65587, 1, 1, 1, 0, 1, 0
74657, 0, 1, 1, 0, 0, 0
74658, 0, 1, 1, 0, 0, 0
65590, 1, 0, 0, 0, 1, 0
65592, 1, 0, 0, 0, 1, 0
65595, 1, 0, 0, 0, 1, 0
65596, 1, 0, 0, 0, 1, 0
65597, 1, 0, 0, 0, 1, 0
65598, 1, 0, 0, 0, 1, 0
65599, 1, 0, 0, 0, 1, 0
65601, 1, 0, 0, 0, 1, 0
65606, 1, 0, 0, 0, 1, 0
65609, 1, 0, 0, 0, 1, 0
65610, 1, 0, 0, 0, 1, 0
65611, 2, 0, 0, 0, 1, 1
65612, 1, 0, 0, 0, 1, 0
65613, 2, 1, 1, 0, 2, 0
65614, 1, 1, 1, 0, 1, 0
65615, 0, 1, 1, 0, 0, 0
75969, 0, 1, 1, 0, 0, 0
65624, 3, 0, 0, 0, 2, 1
65627, 1, 0, 0, 0, 1, 0
65628, 2, 0, 0, 0, 2, 0
65631, 0, 1, 1, 0, 0, 0
65632, 0, 1, 1, 0, 0, 0
65633, 0, 3, 3, 0, 0, 0
65634, 0, 1, 1, 0, 0, 0
65635, 0, 1, 1, 0, 0, 0
65636, 0, 1, 1, 0, 0, 0
65637, 0, 1, 1, 0, 0, 0
79170, 2, 1, 1, 0, 2, 0
86338, 0, 1, 1, 0, 0, 0
65639, 1, 0, 0, 0, 1, 0
65640, 1, 0, 0, 0, 1, 0
65642, 1, 0, 0, 0, 1, 0
65643, 2, 2, 2, 0, 2, 0
65644, 2, 0, 0, 0, 2, 0
65647, 1, 0, 0, 0, 1, 0
65649, 2, 0, 0, 0, 2, 0
81585, 1, 1, 1, 0, 1, 0
65671, 5, 0, 0, 0, 5, 0
65672, 0, 1, 1, 0, 0, 0
65673, 0, 1, 1, 0, 0, 0
65674, 1, 0, 0, 0, 1, 0
65675, 0, 1, 1, 0, 0, 0
65676, 1, 0, 0, 0, 1, 0
65678, 1, 0, 0, 0, 1, 0
65680, 1, 1, 1, 0, 1, 0
65681, 2, 1, 1, 0, 2, 0
65682, 4, 0, 0, 0, 4, 0
65685, 1, 0, 0, 0, 1, 0
65686, 3, 0, 0, 0, 3, 0
65687, 1, 0, 0, 0, 1, 0
65688, 1, 1, 1, 0, 1, 0
66982, 3, 2, 2, 0, 3, 0
66983, 0, 1, 1, 0, 0, 0
65690, 1, 0, 0, 0, 0, 1
65691, 0, 1, 0, 1, 0, 0
65694, 1, 0, 0, 0, 1, 0
90680, 0, 1, 1, 0, 0, 0
65698, 1, 1, 1, 0, 1, 0
65700, 1, 0, 0, 0, 0, 1
65701, 1, 0, 0, 0, 1, 0
65702, 1, 0, 0, 0, 1, 0
65703, 1, 0, 0, 0, 1, 0
65705, 1, 0, 0, 0, 1, 0
65706, 1, 0, 0, 0, 1, 0
65707, 1, 0, 0, 0, 1, 0
65709, 1, 0, 0, 0, 1, 0
65710, 2, 0, 0, 0, 2, 0
65711, 1, 0, 0, 0, 1, 0
65713, 0, 1, 1, 0, 0, 0
65715, 1, 0, 0, 0, 1, 0
74551, 4, 2, 2, 0, 4, 0
74552, 4, 2, 2, 0, 4, 0
74553, 0, 3, 3, 0, 0, 0
65717, 1, 0, 0, 0, 1, 0
65719, 2, 0, 0, 0, 2, 0
65720, 2, 3, 3, 0, 2, 0
65721, 1, 2, 2, 0, 1, 0
81331, 0, 1, 1, 0, 0, 0
65727, 1, 0, 0, 0, 1, 0
65728, 1, 0, 0, 0, 1, 0
82086, 0, 1, 1, 0, 0, 0
82087, 0, 1, 1, 0, 0, 0
82088, 0, 1, 1, 0, 0, 0
92021, 0, 1, 1, 0, 0, 0
92022, 0, 1, 1, 0, 0, 0
65735, 1, 1, 1, 0, 1, 0
65736, 1, 0, 0, 0, 1, 0
65738, 1, 0, 0, 0, 1, 0
65740, 1, 0, 0, 0, 1, 0
65741, 1, 0, 0, 0, 1, 0
65742, 2, 1, 1, 0, 2, 0
65744, 2, 0, 0, 0, 2, 0
65750, 1, 0, 0, 0, 1, 0
65751, 1, 0, 0, 0, 1, 0
65752, 0, 1, 1, 0, 0, 0
65754, 1, 0, 0, 0, 1, 0
70637, 0, 1, 1, 0, 0, 0
65770, 1, 0, 0, 0, 1, 0
65773, 1, 0, 0, 0, 1, 0
65774, 1, 2, 2, 0, 1, 0
67651, 0, 2, 2, 0, 0, 0
65777, 2, 0, 0, 0, 2, 0
70800, 2, 1, 1, 0, 2, 0
70802, 7, 2, 2, 0, 7, 0
70804, 0, 1, 1, 0, 0, 0
65783, 1, 1, 1, 0, 1, 0
65784, 3, 3, 3, 0, 3, 0
65785, 1, 1, 1, 0, 1, 0
65806, 1, 1, 1, 0, 1, 0
65788, 1, 0, 0, 0, 1, 0
65789, 1, 1, 1, 0, 1, 0
65790, 1, 1, 1, 0, 1, 0
65792, 1, 2, 2, 0, 1, 0
65875, 1, 1, 1, 0, 1, 0
82623, 0, 1, 1, 0, 0, 0
94706, 0, 1, 1, 0, 0, 0
85925, 0, 1, 1, 0, 0, 0
65807, 1, 0, 0, 0, 1, 0
65813, 0, 1, 1, 0, 0, 0
65814, 1, 0, 0, 0, 1, 0
65816, 1, 1, 1, 0, 1, 0
65820, 1, 0, 0, 0, 1, 0
65821, 3, 0, 0, 0, 3, 0
65832, 2, 0, 0, 0, 2, 0
65833, 0, 1, 1, 0, 0, 0
65835, 1, 0, 0, 0, 1, 0
65837, 1, 0, 0, 0, 1, 0
65839, 1, 0, 0, 0, 1, 0
65841, 2, 0, 0, 0, 1, 1
65843, 3, 0, 0, 0, 1, 2
65844, 1, 1, 1, 0, 1, 0
68144, 16, 5, 5, 0, 16, 0
68817, 25, 5, 5, 0, 25, 0
70842, 1, 1, 1, 0, 1, 0
71152, 0, 1, 1, 0, 0, 0
71153, 0, 2, 2, 0, 0, 0
65846, 1, 0, 0, 0, 1, 0
65847, 0, 1, 1, 0, 0, 0
65851, 6, 0, 0, 0, 6, 0
65852, 1, 0, 0, 0, 1, 0
76600, 0, 1, 1, 0, 0, 0
76601, 0, 1, 1, 0, 0, 0
65862, 1, 0, 0, 0, 1, 0
71846, 2, 2, 2, 0, 2, 0
75062, 0, 1, 1, 0, 0, 0
65866, 1, 1, 1, 0, 1, 0
65868, 1, 0, 0, 0, 1, 0
65869, 1, 0, 0, 0, 1, 0
65870, 1, 0, 0, 0, 1, 0
73997, 1, 1, 1, 0, 1, 0
73998, 0, 2, 2, 0, 0, 0
77699, 1, 1, 1, 0, 1, 0
78308, 0, 1, 1, 0, 0, 0
65874, 1, 0, 0, 0, 1, 0
65876, 4, 0, 0, 0, 4, 0
65877, 0, 1, 1, 0, 0, 0
65878, 0, 1, 1, 0, 0, 0
65879, 1, 0, 0, 0, 1, 0
65880, 0, 2, 2, 0, 0, 0
65912, 4, 0, 0, 0, 0, 4
65916, 1, 0, 0, 0, 1, 0
65917, 1, 0, 0, 0, 1, 0
65929, 2, 0, 0, 0, 2, 0
65931, 2, 0, 0, 0, 1, 1
65932, 1, 0, 0, 0, 1, 0
65939, 1, 0, 0, 0, 1, 0
65941, 1, 0, 0, 0, 1, 0
65943, 1, 0, 0, 0, 1, 0
67010, 1, 1, 1, 0, 1, 0
65948, 1, 1, 1, 0, 1, 0
65950, 1, 0, 0, 0, 1, 0
85638, 1, 3, 3, 0, 1, 0
91763, 0, 1, 1, 0, 0, 0
65956, 1, 0, 0, 0, 1, 0
65957, 2, 1, 1, 0, 2, 0
65961, 1, 0, 0, 0, 1, 0
65963, 1, 0, 0, 0, 1, 0
65966, 1, 0, 0, 0, 1, 0
65968, 1, 0, 0, 0, 1, 0
71619, 2, 3, 3, 0, 2, 0
75790, 0, 1, 1, 0, 0, 0
65974, 1, 0, 0, 0, 1, 0
67036, 1, 1, 1, 0, 1, 0
65977, 2, 0, 0, 0, 2, 0
75835, 0, 1, 1, 0, 0, 0
65979, 1, 0, 0, 0, 1, 0
65980, 1, 1, 1, 0, 1, 0
65982, 1, 0, 0, 0, 1, 0
65983, 0, 1, 1, 0, 0, 0
88618, 1, 2, 2, 0, 1, 0
88634, 0, 1, 1, 0, 0, 0
88635, 0, 1, 1, 0, 0, 0
65988, 1, 0, 0, 0, 1, 0
65990, 1, 0, 0, 0, 1, 0
65992, 1, 0, 0, 0, 1, 0
95674, 1, 2, 1, 1, 1, 0
65994, 1, 0, 0, 0, 1, 0
74103, 0, 1, 1, 0, 0, 0
65996, 1, 1, 1, 0, 1, 0
65998, 1, 0, 0, 0, 1, 0
65999, 3, 1, 1, 0, 1, 2
66001, 1, 0, 0, 0, 1, 0
66005, 2, 1, 1, 0, 2, 0
66006, 1, 1, 1, 0, 1, 0
66008, 1, 0, 0, 0, 1, 0
66009, 1, 0, 0, 0, 1, 0
66010, 1, 0, 0, 0, 1, 0
66011, 1, 0, 0, 0, 1, 0
66013, 1, 0, 0, 0, 1, 0
66014, 1, 0, 0, 0, 1, 0
66015, 2, 0, 0, 0, 2, 0
66016, 1, 0, 0, 0, 1, 0
66017, 1, 1, 1, 0, 1, 0
66023, 1, 0, 0, 0, 1, 0
66025, 1, 0, 0, 0, 1, 0
66026, 2, 0, 0, 0, 1, 1
84169, 1, 1, 1, 0, 1, 0
85098, 0, 1, 1, 0, 0, 0
66031, 2, 0, 0, 0, 2, 0
66794, 1, 1, 1, 0, 1, 0
66805, 2, 1, 1, 0, 2, 0
67109, 2, 1, 1, 0, 2, 0
66039, 2, 0, 0, 0, 2, 0
66042, 1, 0, 0, 0, 1, 0
66043, 2, 0, 0, 0, 2, 0
66044, 0, 3, 3, 0, 0, 0
66046, 1, 0, 0, 0, 1, 0
66048, 1, 0, 0, 0, 1, 0
66051, 1, 1, 1, 0, 1, 0
66052, 3, 0, 0, 0, 3, 0
66053, 1, 0, 0, 0, 1, 0
66055, 1, 0, 0, 0, 1, 0
66057, 1, 0, 0, 0, 1, 0
66058, 1, 0, 0, 0, 1, 0
66059, 1, 0, 0, 0, 1, 0
66060, 0, 2, 2, 0, 0, 0
66061, 2, 0, 0, 0, 1, 1
66062, 1, 0, 0, 0, 1, 0
66064, 3, 0, 0, 0, 2, 1
66066, 1, 0, 0, 0, 0, 1
66068, 1, 0, 0, 0, 1, 0
66069, 3, 0, 0, 0, 2, 1
66070, 2, 0, 0, 0, 2, 0
66071, 1, 0, 0, 0, 1, 0
66072, 0, 2, 2, 0, 0, 0
66073, 1, 0, 0, 0, 1, 0
66076, 1, 0, 0, 0, 1, 0
66077, 2, 0, 0, 0, 2, 0
66078, 1, 0, 0, 0, 1, 0
66080, 0, 1, 1, 0, 0, 0
66084, 0, 1, 1, 0, 0, 0
66085, 1, 1, 1, 0, 1, 0
69280, 7, 2, 2, 0, 7, 0
66087, 1, 0, 0, 0, 1, 0
66089, 1, 0, 0, 0, 1, 0
66090, 1, 1, 1, 0, 1, 0
66092, 1, 0, 0, 0, 1, 0
66093, 1, 0, 0, 0, 1, 0
66095, 1, 0, 0, 0, 1, 0
66096, 1, 1, 1, 0, 1, 0
66938, 1, 1, 1, 0, 1, 0
81353, 0, 1, 1, 0, 0, 0
81354, 0, 1, 1, 0, 0, 0
66247, 1, 0, 0, 0, 1, 0
66248, 2, 0, 0, 0, 1, 1
66252, 1, 0, 0, 0, 1, 0
66254, 1, 0, 0, 0, 1, 0
66255, 1, 1, 1, 0, 1, 0
66256, 1, 1, 1, 0, 1, 0
66260, 1, 0, 0, 0, 1, 0
66261, 1, 0, 0, 0, 1, 0
66262, 2, 3, 3, 0, 2, 0
69656, 2, 2, 2, 0, 2, 0
66263, 1, 1, 1, 0, 1, 0
66264, 1, 1, 1, 0, 1, 0
66269, 1, 0, 0, 0, 1, 0
66270, 0, 1, 1, 0, 0, 0
66271, 1, 1, 1, 0, 1, 0
66273, 1, 0, 0, 0, 1, 0
66274, 1, 0, 0, 0, 1, 0
66276, 1, 0, 0, 0, 1, 0
66277, 2, 1, 1, 0, 2, 0
66279, 3, 0, 0, 0, 3, 0
66281, 1, 3, 3, 0, 1, 0
70124, 0, 1, 1, 0, 0, 0
66291, 1, 0, 0, 0, 1, 0
66293, 1, 0, 0, 0, 1, 0
66294, 4, 0, 0, 0, 2, 2
66295, 2, 0, 0, 0, 1, 1
66297, 2, 0, 0, 0, 2, 0
66299, 4, 0, 0, 0, 4, 0
66300, 1, 0, 0, 0, 1, 0
66301, 1, 0, 0, 0, 1, 0
66304, 1, 0, 0, 0, 1, 0
66305, 0, 1, 1, 0, 0, 0
66306, 2, 0, 0, 0, 0, 2
66307, 1, 0, 0, 0, 1, 0
66309, 9, 0, 0, 0, 8, 1
66312, 2, 1, 1, 0, 2, 0
66313, 5, 1, 1, 0, 4, 1
77452, 0, 1, 1, 0, 0, 0
77453, 0, 1, 1, 0, 0, 0
77454, 0, 1, 1, 0, 0, 0
77455, 0, 1, 0, 1, 0, 0
66314, 1, 0, 0, 0, 1, 0
66315, 1, 0, 0, 0, 1, 0
66318, 1, 0, 0, 0, 1, 0
66322, 2, 0, 0, 0, 2, 0
66323, 0, 4, 4, 0, 0, 0
83643, 11, 1, 1, 0, 11, 0
66326, 1, 0, 0, 0, 1, 0
66329, 1, 0, 0, 0, 1, 0
66332, 1, 0, 0, 0, 1, 0
66335, 1, 1, 1, 0, 1, 0
71246, 0, 1, 1, 0, 0, 0
66337, 1, 0, 0, 0, 1, 0
66339, 1, 1, 1, 0, 1, 0
68468, 1, 1, 1, 0, 1, 0
69881, 1, 1, 1, 0, 1, 0
73216, 1, 1, 1, 0, 1, 0
74516, 1, 1, 1, 0, 1, 0
66341, 1, 0, 0, 0, 1, 0
66344, 2, 0, 0, 0, 2, 0
66345, 0, 3, 3, 0, 0, 0
66347, 1, 0, 0, 0, 1, 0
66350, 2, 0, 0, 0, 2, 0
66351, 4, 0, 0, 0, 4, 0
66352, 0, 1, 1, 0, 0, 0
66353, 1, 0, 0, 0, 1, 0
66356, 0, 3, 3, 0, 0, 0
66358, 1, 0, 0, 0, 1, 0
66361, 4, 0, 0, 0, 4, 0
66362, 1, 0, 0, 0, 1, 0
66363, 1, 0, 0, 0, 1, 0
131449, 0, 1, 1, 0, 0, 0
66545, 0, 1, 1, 0, 0, 0
66381, 1, 0, 0, 0, 1, 0
66383, 6, 0, 0, 0, 4, 2
66384, 1, 0, 0, 0, 1, 0
66385, 1, 0, 0, 0, 1, 0
66386, 1, 0, 0, 0, 1, 0
71873, 1, 1, 1, 0, 1, 0
66389, 2, 0, 0, 0, 2, 0
66392, 1, 0, 0, 0, 1, 0
66393, 1, 0, 0, 0, 1, 0
66395, 2, 0, 0, 0, 2, 0
66397, 1, 0, 0, 0, 1, 0
66399, 1, 0, 0, 0, 1, 0
66405, 1, 0, 0, 0, 1, 0
66407, 1, 0, 0, 0, 1, 0
66408, 1, 0, 0, 0, 1, 0
66410, 1, 0, 0, 0, 1, 0
66425, 3, 0, 0, 0, 3, 0
66426, 1, 0, 0, 0, 1, 0
66427, 1, 0, 0, 0, 1, 0
66431, 1, 0, 0, 0, 1, 0
66432, 1, 0, 0, 0, 1, 0
66434, 2, 0, 0, 0, 2, 0
66436, 1, 1, 1, 0, 1, 0
66442, 1, 0, 0, 0, 1, 0
66443, 1, 0, 0, 0, 1, 0
66445, 1, 0, 0, 0, 1, 0
66446, 0, 1, 1, 0, 0, 0
66449, 1, 0, 0, 0, 1, 0
66450, 1, 0, 0, 0, 0, 1
66451, 0, 1, 0, 1, 0, 0
85713, 0, 1, 1, 0, 0, 0
85714, 0, 1, 0, 1, 0, 0
66462, 1, 0, 0, 0, 1, 0
118678, 0, 1, 0, 1, 0, 0
121072, 0, 2, 1, 1, 0, 0
121080, 0, 1, 0, 1, 0, 0
116475, 2, 1, 1, 0, 2, 0
116848, 0, 3, 3, 0, 0, 0
118158, 0, 1, 1, 0, 0, 0
118159, 0, 1, 1, 0, 0, 0
118160, 0, 1, 1, 0, 0, 0
118259, 0, 1, 1, 0, 0, 0
106058, 0, 3, 3, 0, 0, 0
117432, 0, 1, 1, 0, 0, 0
116461, 1, 2, 0, 2, 1, 0
116462, 2, 2, 1, 1, 1, 1
100877, 4, 1, 1, 0, 4, 0
104999, 6, 1, 1, 0, 6, 0
107917, 0, 1, 1, 0, 0, 0
66474, 15, 0, 0, 0, 9, 6
90484, 0, 1, 1, 0, 0, 0
90485, 0, 1, 1, 0, 0, 0
118624, 1, 1, 1, 0, 1, 0
105833, 3, 4, 0, 4, 2, 1
110092, 2, 2, 2, 0, 2, 0
66482, 1, 0, 0, 0, 1, 0
66484, 1, 0, 0, 0, 1, 0
72911, 1, 1, 1, 0, 1, 0
74720, 0, 2, 2, 0, 0, 0
75820, 1, 1, 1, 0, 1, 0
86286, 1, 1, 1, 0, 1, 0
115652, 0, 2, 1, 1, 0, 0
115653, 0, 1, 1, 0, 0, 0
115654, 0, 2, 1, 1, 0, 0
115655, 0, 1, 1, 0, 0, 0
115656, 0, 1, 1, 0, 0, 0
115657, 0, 1, 1, 0, 0, 0
115658, 0, 1, 1, 0, 0, 0
115659, 0, 1, 1, 0, 0, 0
115660, 0, 1, 1, 0, 0, 0
115661, 0, 1, 1, 0, 0, 0
115662, 0, 1, 1, 0, 0, 0
115663, 0, 1, 1, 0, 0, 0
115664, 0, 1, 1, 0, 0, 0
115665, 0, 1, 1, 0, 0, 0
115666, 0, 1, 1, 0, 0, 0
115667, 0, 1, 1, 0, 0, 0
115668, 0, 1, 1, 0, 0, 0
115669, 0, 1, 1, 0, 0, 0
115670, 0, 2, 1, 1, 0, 0
115671, 0, 1, 1, 0, 0, 0
115672, 0, 1, 1, 0, 0, 0
66486, 1, 0, 0, 0, 1, 0
66488, 3, 0, 0, 0, 3, 0
66489, 11, 0, 0, 0, 11, 0
66490, 1, 0, 0, 0, 1, 0
107666, 3, 2, 2, 0, 3, 0
111529, 1, 2, 2, 0, 1, 0
123070, 0, 1, 1, 0, 0, 0
66497, 1, 0, 0, 0, 1, 0
95398, 9, 3, 3, 0, 8, 1
100960, 4, 3, 3, 0, 4, 0
105608, 12, 3, 3, 0, 12, 0
105955, 0, 3, 2, 1, 0, 0
108386, 1, 3, 3, 0, 1, 0
113381, 2, 1, 1, 0, 2, 0
113791, 2, 2, 1, 1, 2, 0
114151, 4, 2, 2, 0, 3, 1
114203, 0, 1, 1, 0, 0, 0
114204, 0, 1, 1, 0, 0, 0
114207, 0, 1, 1, 0, 0, 0
114696, 0, 1, 1, 0, 0, 0
114752, 2, 1, 1, 0, 2, 0
115342, 6, 2, 1, 1, 6, 0
115358, 13, 1, 1, 0, 12, 1
115399, 5, 1, 1, 0, 2, 3
115422, 1, 1, 1, 0, 1, 0
115615, 0, 1, 1, 0, 0, 0
115621, 0, 1, 1, 0, 0, 0
116194, 1, 1, 1, 0, 1, 0
116287, 14, 1, 1, 0, 14, 0
66504, 1, 0, 0, 0, 1, 0
66507, 1, 0, 0, 0, 1, 0
66508, 1, 2, 2, 0, 1, 0
66509, 2, 0, 0, 0, 1, 1
70500, 3, 3, 3, 0, 3, 0
75549, 0, 2, 2, 0, 0, 0
75551, 0, 2, 2, 0, 0, 0
80379, 4, 1, 1, 0, 4, 0
80380, 4, 1, 1, 0, 4, 0
80381, 3, 1, 1, 0, 3, 0
80382, 2, 1, 1, 0, 2, 0
80385, 0, 1, 1, 0, 0, 0
73193, 0, 1, 1, 0, 0, 0
82350, 0, 1, 1, 0, 0, 0
68489, 0, 1, 1, 0, 0, 0
66769, 1, 1, 1, 0, 1, 0
66540, 1, 0, 0, 0, 1, 0
66542, 1, 0, 0, 0, 1, 0
66548, 1, 0, 0, 0, 1, 0
66552, 1, 0, 0, 0, 1, 0
66554, 1, 0, 0, 0, 1, 0
66556, 1, 0, 0, 0, 1, 0
66557, 1, 0, 0, 0, 1, 0
66568, 1, 0, 0, 0, 1, 0
66570, 1, 0, 0, 0, 1, 0
66571, 1, 0, 0, 0, 1, 0
66575, 1, 0, 0, 0, 1, 0
66576, 0, 1, 1, 0, 0, 0
66581, 1, 0, 0, 0, 1, 0
66582, 1, 0, 0, 0, 1, 0
66583, 1, 0, 0, 0, 0, 1
66584, 1, 0, 0, 0, 1, 0
78694, 1, 1, 1, 0, 1, 0
66586, 1, 0, 0, 0, 1, 0
66587, 1, 0, 0, 0, 1, 0
66588, 1, 0, 0, 0, 1, 0
66589, 1, 0, 0, 0, 1, 0
66592, 1, 0, 0, 0, 1, 0
66595, 2, 0, 0, 0, 2, 0
76728, 0, 2, 0, 2, 0, 0
66604, 1, 0, 0, 0, 1, 0
66606, 1, 0, 0, 0, 1, 0
66611, 2, 0, 0, 0, 2, 0
66612, 2, 2, 2, 0, 2, 0
66613, 0, 2, 2, 0, 0, 0
66616, 1, 0, 0, 0, 1, 0
66617, 2, 0, 0, 0, 2, 0
66618, 1, 0, 0, 0, 0, 1
66620, 1, 1, 1, 0, 1, 0
66626, 1, 0, 0, 0, 1, 0
66627, 6, 0, 0, 0, 6, 0
66629, 6, 0, 0, 0, 5, 1
66630, 1, 0, 0, 0, 1, 0
66631, 1, 0, 0, 0, 1, 0
66633, 1, 0, 0, 0, 1, 0
66634, 1, 0, 0, 0, 1, 0
66635, 1, 2, 2, 0, 1, 0
66636, 1, 0, 0, 0, 1, 0
66641, 1, 2, 2, 0, 1, 0
70836, 0, 1, 1, 0, 0, 0
66647, 0, 1, 1, 0, 0, 0
66648, 0, 1, 1, 0, 0, 0
66649, 3, 2, 2, 0, 3, 0
66754, 1, 1, 1, 0, 1, 0
71322, 15, 1, 1, 0, 15, 0
80644, 3, 3, 3, 0, 3, 0
66652, 1, 0, 0, 0, 1, 0
66656, 2, 0, 0, 0, 2, 0
66657, 2, 0, 0, 0, 2, 0
66661, 1, 0, 0, 0, 1, 0
66664, 1, 1, 1, 0, 1, 0
66668, 1, 0, 0, 0, 1, 0
66677, 1, 0, 0, 0, 1, 0
66678, 0, 2, 2, 0, 0, 0
66679, 1, 0, 0, 0, 1, 0
66681, 1, 0, 0, 0, 1, 0
66683, 1, 0, 0, 0, 1, 0
66684, 1, 0, 0, 0, 1, 0
66686, 1, 0, 0, 0, 1, 0
66688, 1, 0, 0, 0, 1, 0
66693, 1, 0, 0, 0, 1, 0
66696, 1, 0, 0, 0, 1, 0
66697, 1, 0, 0, 0, 1, 0
66701, 2, 0, 0, 0, 2, 0
66702, 4, 3, 3, 0, 4, 0
66704, 1, 0, 0, 0, 1, 0
66707, 1, 0, 0, 0, 1, 0
66708, 1, 0, 0, 0, 1, 0
66709, 0, 1, 1, 0, 0, 0
66711, 2, 1, 1, 0, 2, 0
66712, 6, 1, 1, 0, 6, 0
66713, 0, 2, 2, 0, 0, 0
66722, 1, 0, 0, 0, 1, 0
66723, 1, 0, 0, 0, 1, 0
69920, 0, 1, 1, 0, 0, 0
66726, 1, 0, 0, 0, 1, 0
66727, 1, 0, 0, 0, 1, 0
66728, 1, 2, 2, 0, 1, 0
66729, 5, 2, 2, 0, 5, 0
89710, 0, 1, 1, 0, 0, 0
66735, 1, 0, 0, 0, 1, 0
66736, 1, 0, 0, 0, 1, 0
66738, 2, 0, 0, 0, 2, 0
93638, 0, 1, 1, 0, 0, 0
66739, 1, 0, 0, 0, 1, 0
66740, 1, 0, 0, 0, 1, 0
66748, 1, 0, 0, 0, 1, 0
66751, 1, 0, 0, 0, 1, 0
76722, 1, 2, 2, 0, 1, 0
66755, 1, 0, 0, 0, 1, 0
66757, 1, 0, 0, 0, 1, 0
66765, 1, 0, 0, 0, 1, 0
66770, 1, 0, 0, 0, 1, 0
66772, 1, 0, 0, 0, 1, 0
66777, 1, 0, 0, 0, 1, 0
88843, 1, 1, 1, 0, 1, 0
66782, 1, 0, 0, 0, 1, 0
82409, 0, 1, 1, 0, 0, 0
66788, 1, 0, 0, 0, 1, 0
66789, 1, 1, 1, 0, 1, 0
67463, 4, 1, 1, 0, 4, 0
66795, 1, 0, 0, 0, 1, 0
67557, 1, 1, 1, 0, 1, 0
75833, 0, 1, 1, 0, 0, 0
66800, 1, 1, 1, 0, 1, 0
66801, 1, 1, 1, 0, 1, 0
66802, 1, 0, 0, 0, 1, 0
66804, 1, 0, 0, 0, 1, 0
66806, 1, 0, 0, 0, 1, 0
66807, 1, 0, 0, 0, 1, 0
66809, 1, 0, 0, 0, 1, 0
66811, 2, 0, 0, 0, 2, 0
66812, 0, 1, 1, 0, 0, 0
66813, 2, 1, 1, 0, 1, 1
66814, 3, 1, 1, 0, 3, 0
66815, 1, 0, 0, 0, 1, 0
66816, 1, 0, 0, 0, 1, 0
66817, 1, 1, 1, 0, 1, 0
66823, 1, 0, 0, 0, 1, 0
66827, 1, 0, 0, 0, 1, 0
66828, 1, 0, 0, 0, 1, 0
66829, 0, 1, 1, 0, 0, 0
66838, 1, 0, 0, 0, 1, 0
66839, 0, 1, 1, 0, 0, 0
66861, 1, 2, 2, 0, 1, 0
66845, 1, 0, 0, 0, 1, 0
66846, 0, 3, 3, 0, 0, 0
66847, 1, 0, 0, 0, 0, 1
66849, 1, 0, 0, 0, 1, 0
66852, 1, 0, 0, 0, 1, 0
66856, 1, 0, 0, 0, 1, 0
66857, 1, 0, 0, 0, 1, 0
66863, 3, 0, 0, 0, 3, 0
66869, 0, 1, 1, 0, 0, 0
66870, 1, 0, 0, 0, 1, 0
66871, 1, 0, 0, 0, 1, 0
66872, 2, 0, 0, 0, 2, 0
66873, 1, 0, 0, 0, 1, 0
66875, 3, 0, 0, 0, 3, 0
66876, 4, 0, 0, 0, 4, 0
68013, 0, 1, 1, 0, 0, 0
66878, 1, 0, 0, 0, 1, 0
73125, 0, 1, 1, 0, 0, 0
73126, 1, 1, 1, 0, 1, 0
66881, 1, 0, 0, 0, 0, 1
79332, 1, 1, 0, 1, 1, 0
87849, 1, 1, 1, 0, 1, 0
83403, 0, 1, 1, 0, 0, 0
83404, 0, 1, 0, 1, 0, 0
66888, 1, 0, 0, 0, 1, 0
66889, 2, 1, 1, 0, 2, 0
66894, 1, 0, 0, 0, 1, 0
76787, 3, 3, 3, 0, 3, 0
66897, 1, 0, 0, 0, 1, 0
66898, 1, 0, 0, 0, 1, 0
66899, 1, 1, 1, 0, 1, 0
66901, 1, 0, 0, 0, 1, 0
71307, 1, 1, 0, 1, 1, 0
70091, 0, 2, 2, 0, 0, 0
70092, 0, 1, 1, 0, 0, 0
70093, 0, 1, 1, 0, 0, 0
86001, 1, 1, 1, 0, 1, 0
114182, 0, 4, 4, 0, 0, 0
114183, 0, 1, 1, 0, 0, 0
66911, 4, 0, 0, 0, 4, 0
66914, 2, 0, 0, 0, 2, 0
66915, 1, 0, 0, 0, 1, 0
66916, 1, 0, 0, 0, 1, 0
66917, 1, 2, 2, 0, 1, 0
68764, 1, 1, 1, 0, 1, 0
66919, 2, 0, 0, 0, 2, 0
66925, 1, 0, 0, 0, 1, 0
66926, 3, 0, 0, 0, 3, 0
66929, 1, 0, 0, 0, 1, 0
66930, 1, 0, 0, 0, 1, 0
66931, 1, 1, 0, 1, 1, 0
66932, 3, 4, 4, 0, 1, 2
66935, 1, 1, 0, 1, 1, 0
79526, 1, 1, 1, 0, 1, 0
66937, 1, 0, 0, 0, 1, 0
66939, 1, 0, 0, 0, 1, 0
66940, 0, 1, 1, 0, 0, 0
66942, 3, 0, 0, 0, 3, 0
66949, 1, 0, 0, 0, 1, 0
66950, 0, 1, 1, 0, 0, 0
66954, 1, 0, 0, 0, 1, 0
66957, 2, 0, 0, 0, 1, 1
66960, 1, 0, 0, 0, 1, 0
66961, 1, 0, 0, 0, 1, 0
66963, 1, 0, 0, 0, 1, 0
66971, 0, 1, 1, 0, 0, 0
66973, 1, 0, 0, 0, 1, 0
66979, 1, 0, 0, 0, 1, 0
66980, 2, 0, 0, 0, 2, 0
71188, 1, 1, 1, 0, 1, 0
74489, 0, 1, 1, 0, 0, 0
66985, 1, 0, 0, 0, 1, 0
66986, 2, 0, 0, 0, 2, 0
66992, 1, 1, 1, 0, 1, 0
112816, 0, 1, 1, 0, 0, 0
66994, 1, 0, 0, 0, 1, 0
67000, 3, 0, 0, 0, 2, 1
67001, 0, 1, 1, 0, 0, 0
67002, 0, 1, 1, 0, 0, 0
69544, 2, 1, 1, 0, 2, 0
67005, 1, 0, 0, 0, 1, 0
67007, 1, 0, 0, 0, 1, 0
67011, 1, 0, 0, 0, 1, 0
67020, 1, 0, 0, 0, 1, 0
67021, 0, 1, 1, 0, 0, 0
67033, 2, 1, 1, 0, 2, 0
67035, 1, 0, 0, 0, 1, 0
67042, 2, 0, 0, 0, 2, 0
67045, 3, 0, 0, 0, 2, 1
73156, 2, 3, 3, 0, 2, 0
67054, 1, 0, 0, 0, 1, 0
67064, 1, 0, 0, 0, 1, 0
67065, 1, 0, 0, 0, 1, 0
67067, 2, 0, 0, 0, 2, 0
84491, 0, 1, 1, 0, 0, 0
67077, 1, 1, 1, 0, 1, 0
67079, 2, 0, 0, 0, 0, 2
67080, 4, 1, 1, 0, 4, 0
107697, 0, 1, 1, 0, 0, 0
67082, 1, 0, 0, 0, 1, 0
84935, 0, 1, 1, 0, 0, 0
67095, 2, 0, 0, 0, 2, 0
67096, 0, 2, 2, 0, 0, 0
67097, 1, 0, 0, 0, 1, 0
67098, 1, 0, 0, 0, 1, 0
70593, 0, 2, 2, 0, 0, 0
67100, 1, 0, 0, 0, 1, 0
67102, 1, 0, 0, 0, 1, 0
67103, 1, 0, 0, 0, 1, 0
67104, 1, 1, 1, 0, 1, 0
69079, 5, 1, 1, 0, 5, 0
67106, 1, 0, 0, 0, 1, 0
67108, 1, 0, 0, 0, 1, 0
67112, 1, 0, 0, 0, 1, 0
67114, 1, 0, 0, 0, 1, 0
67115, 1, 0, 0, 0, 1, 0
67118, 2, 0, 0, 0, 2, 0
67697, 1, 1, 1, 0, 1, 0
67124, 1, 0, 0, 0, 1, 0
67127, 1, 0, 0, 0, 1, 0
67130, 1, 0, 0, 0, 1, 0
67131, 1, 1, 1, 0, 1, 0
67133, 1, 0, 0, 0, 1, 0
67135, 1, 0, 0, 0, 1, 0
74874, 0, 1, 1, 0, 0, 0
74875, 0, 1, 1, 0, 0, 0
67140, 1, 0, 0, 0, 1, 0
67141, 1, 1, 1, 0, 1, 0
67486, 2, 2, 2, 0, 2, 0
80319, 0, 1, 1, 0, 0, 0
67148, 1, 0, 0, 0, 1, 0
67172, 1, 1, 1, 0, 1, 0
67151, 1, 0, 0, 0, 1, 0
67152, 1, 0, 0, 0, 1, 0
67157, 1, 0, 0, 0, 1, 0
67158, 1, 1, 1, 0, 1, 0
67159, 1, 0, 0, 0, 1, 0
67161, 1, 0, 0, 0, 1, 0
67174, 4, 1, 1, 0, 3, 1
67181, 1, 0, 0, 0, 1, 0
67182, 0, 1, 1, 0, 0, 0
67189, 1, 0, 0, 0, 1, 0
85108, 1, 3, 3, 0, 1, 0
67196, 0, 2, 2, 0, 0, 0
67197, 2, 0, 0, 0, 2, 0
67200, 1, 0, 0, 0, 1, 0
67201, 1, 0, 0, 0, 1, 0
67202, 1, 0, 0, 0, 1, 0
67209, 1, 0, 0, 0, 1, 0
74778, 1, 1, 1, 0, 1, 0
67211, 1, 0, 0, 0, 1, 0
67224, 1, 0, 0, 0, 1, 0
79041, 1, 1, 1, 0, 1, 0
86121, 0, 1, 1, 0, 0, 0
88780, 1, 1, 1, 0, 1, 0
80984, 0, 1, 1, 0, 0, 0
70023, 1, 1, 1, 0, 1, 0
67243, 3, 0, 0, 0, 2, 1
67244, 0, 1, 1, 0, 0, 0
67245, 0, 1, 1, 0, 0, 0
67246, 0, 1, 0, 1, 0, 0
67248, 1, 1, 1, 0, 1, 0
67249, 9, 1, 1, 0, 9, 0
67250, 1, 0, 0, 0, 1, 0
67252, 1, 0, 0, 0, 1, 0
67253, 1, 0, 0, 0, 1, 0
96900, 1, 1, 0, 1, 1, 0
67278, 1, 0, 0, 0, 1, 0
67279, 1, 0, 0, 0, 1, 0
67280, 1, 1, 1, 0, 1, 0
67282, 1, 0, 0, 0, 1, 0
67283, 1, 0, 0, 0, 1, 0
67299, 1, 0, 0, 0, 1, 0
67301, 1, 0, 0, 0, 1, 0
67305, 1, 0, 0, 0, 1, 0
67308, 1, 8, 8, 0, 1, 0
67310, 1, 0, 0, 0, 1, 0
67311, 0, 1, 1, 0, 0, 0
67312, 1, 2, 2, 0, 1, 0
67315, 1, 0, 0, 0, 1, 0
68864, 0, 1, 1, 0, 0, 0
68865, 0, 1, 1, 0, 0, 0
67324, 1, 0, 0, 0, 1, 0
67339, 1, 1, 1, 0, 1, 0
67484, 2, 1, 1, 0, 1, 1
75839, 0, 1, 1, 0, 0, 0
75840, 0, 1, 1, 0, 0, 0
67346, 1, 0, 0, 0, 1, 0
69215, 1, 1, 1, 0, 1, 0
67354, 1, 0, 0, 0, 1, 0
73679, 2, 1, 1, 0, 2, 0
87012, 0, 1, 1, 0, 0, 0
87013, 0, 1, 1, 0, 0, 0
67356, 1, 1, 1, 0, 1, 0
75821, 0, 1, 1, 0, 0, 0
67365, 1, 0, 0, 0, 1, 0
67366, 0, 1, 1, 0, 0, 0
67368, 1, 0, 0, 0, 1, 0
75157, 0, 1, 1, 0, 0, 0
75158, 3, 1, 1, 0, 3, 0
85576, 0, 1, 1, 0, 0, 0
85577, 0, 1, 1, 0, 0, 0
85578, 0, 1, 1, 0, 0, 0
67377, 1, 1, 1, 0, 1, 0
67379, 1, 0, 0, 0, 1, 0
67385, 2, 0, 0, 0, 0, 2
90744, 0, 1, 1, 0, 0, 0
67389, 2, 0, 0, 0, 0, 2
67390, 1, 0, 0, 0, 1, 0
67407, 2, 0, 0, 0, 2, 0
67414, 3, 0, 0, 0, 3, 0
73851, 0, 3, 3, 0, 0, 0
67421, 1, 0, 0, 0, 1, 0
67422, 2, 0, 0, 0, 2, 0
67424, 1, 0, 0, 0, 1, 0
67425, 1, 0, 0, 0, 1, 0
67428, 1, 0, 0, 0, 1, 0
70474, 1, 1, 1, 0, 1, 0
71583, 0, 1, 1, 0, 0, 0
71584, 0, 1, 1, 0, 0, 0
67444, 1, 0, 0, 0, 1, 0
67445, 1, 2, 2, 0, 1, 0
67446, 2, 0, 0, 0, 2, 0
67447, 1, 0, 0, 0, 1, 0
67448, 0, 1, 1, 0, 0, 0
67449, 1, 0, 0, 0, 1, 0
67450, 1, 0, 0, 0, 1, 0
67451, 1, 0, 0, 0, 1, 0
68101, 1, 1, 1, 0, 1, 0
67462, 1, 0, 0, 0, 1, 0
67464, 1, 0, 0, 0, 1, 0
67473, 1, 0, 0, 0, 1, 0
67474, 3, 0, 0, 0, 2, 1
67475, 1, 0, 0, 0, 1, 0
67476, 4, 0, 0, 0, 4, 0
67477, 1, 0, 0, 0, 1, 0
67485, 1, 1, 1, 0, 1, 0
67487, 1, 1, 1, 0, 1, 0
67488, 5, 2, 2, 0, 5, 0
69839, 1, 1, 1, 0, 1, 0
69840, 0, 1, 1, 0, 0, 0
67490, 4, 0, 0, 0, 3, 1
73801, 1, 1, 1, 0, 1, 0
67494, 1, 0, 0, 0, 1, 0
67495, 2, 0, 0, 0, 2, 0
67497, 4, 1, 1, 0, 4, 0
67500, 1, 0, 0, 0, 1, 0
67508, 1, 0, 0, 0, 1, 0
67509, 1, 0, 0, 0, 1, 0
67510, 20, 0, 0, 0, 20, 0
67511, 0, 1, 1, 0, 0, 0
67521, 1, 0, 0, 0, 1, 0
67522, 1, 0, 0, 0, 1, 0
67913, 2, 1, 1, 0, 2, 0
67526, 1, 0, 0, 0, 1, 0
67528, 1, 0, 0, 0, 0, 1
67529, 1, 0, 0, 0, 1, 0
77613, 0, 1, 1, 0, 0, 0
67535, 1, 1, 1, 0, 1, 0
67543, 1, 0, 0, 0, 1, 0
67544, 1, 1, 1, 0, 1, 0
67546, 1, 0, 0, 0, 1, 0
67547, 3, 1, 1, 0, 3, 0
67550, 1, 0, 0, 0, 1, 0
67551, 1, 0, 0, 0, 1, 0
83051, 0, 1, 1, 0, 0, 0
83052, 0, 1, 1, 0, 0, 0
83053, 0, 1, 1, 0, 0, 0
83054, 0, 1, 1, 0, 0, 0
83055, 0, 1, 1, 0, 0, 0
83056, 0, 1, 1, 0, 0, 0
83057, 0, 1, 1, 0, 0, 0
83058, 0, 1, 1, 0, 0, 0
83059, 0, 1, 1, 0, 0, 0
67553, 1, 0, 0, 0, 1, 0
67554, 1, 0, 0, 0, 1, 0
67560, 0, 1, 1, 0, 0, 0
67561, 0, 1, 1, 0, 0, 0
71567, 0, 2, 2, 0, 0, 0
103395, 0, 2, 0, 2, 0, 0
67625, 2, 5, 5, 0, 2, 0
67572, 1, 0, 0, 0, 1, 0
67574, 2, 1, 1, 0, 2, 0
67575, 2, 1, 1, 0, 2, 0
67576, 2, 0, 0, 0, 2, 0
76382, 1, 1, 1, 0, 1, 0
76383, 1, 1, 1, 0, 1, 0
67580, 1, 0, 0, 0, 1, 0
67581, 2, 0, 0, 0, 2, 0
73996, 1, 2, 2, 0, 1, 0
67584, 1, 0, 0, 0, 1, 0
67591, 1, 0, 0, 0, 1, 0
67599, 1, 0, 0, 0, 1, 0
67600, 1, 0, 0, 0, 1, 0
67602, 1, 0, 0, 0, 1, 0
67603, 1, 0, 0, 0, 0, 1
67604, 1, 0, 0, 0, 1, 0
80694, 0, 3, 3, 0, 0, 0
99578, 1, 1, 1, 0, 0, 1
75370, 0, 1, 1, 0, 0, 0
70126, 1, 1, 1, 0, 1, 0
67621, 1, 1, 1, 0, 1, 0
67624, 1, 0, 0, 0, 1, 0
76309, 2, 2, 2, 0, 2, 0
76388, 0, 1, 1, 0, 0, 0
67630, 1, 1, 1, 0, 1, 0
67631, 3, 2, 2, 0, 3, 0
70897, 1, 1, 1, 0, 1, 0
67632, 1, 0, 0, 0, 1, 0
67633, 2, 0, 0, 0, 2, 0
67634, 0, 1, 1, 0, 0, 0
72938, 1, 1, 1, 0, 1, 0
74126, 1, 1, 1, 0, 1, 0
67638, 1, 0, 0, 0, 1, 0
67640, 1, 0, 0, 0, 1, 0
67641, 1, 0, 0, 0, 1, 0
83488, 0, 1, 1, 0, 0, 0
74717, 0, 1, 1, 0, 0, 0
74718, 1, 2, 2, 0, 1, 0
74722, 0, 1, 1, 0, 0, 0
74724, 0, 1, 1, 0, 0, 0
74725, 1, 1, 1, 0, 1, 0
74726, 1, 1, 1, 0, 1, 0
74727, 0, 1, 1, 0, 0, 0
74728, 0, 1, 1, 0, 0, 0
74730, 0, 1, 1, 0, 0, 0
67649, 2, 0, 0, 0, 2, 0
67652, 3, 0, 0, 0, 3, 0
67655, 0, 1, 1, 0, 0, 0
67657, 1, 0, 0, 0, 1, 0
75929, 1, 2, 2, 0, 1, 0
82048, 4, 1, 1, 0, 4, 0
83752, 2, 1, 1, 0, 2, 0
85590, 0, 1, 1, 0, 0, 0
73210, 0, 2, 2, 0, 0, 0
75363, 5, 1, 1, 0, 5, 0
76528, 0, 1, 1, 0, 0, 0
76529, 2, 1, 1, 0, 2, 0
76020, 1, 1, 1, 0, 1, 0
76022, 0, 1, 1, 0, 0, 0
67685, 1, 0, 0, 0, 1, 0
67687, 1, 0, 0, 0, 1, 0
67690, 2, 0, 0, 0, 2, 0
67692, 2, 0, 0, 0, 2, 0
67693, 1, 0, 0, 0, 1, 0
67694, 1, 0, 0, 0, 1, 0
67698, 1, 0, 0, 0, 1, 0
67701, 1, 2, 2, 0, 1, 0
82752, 1, 1, 1, 0, 1, 0
67703, 1, 0, 0, 0, 1, 0
67709, 1, 0, 0, 0, 1, 0
67710, 1, 0, 0, 0, 1, 0
67711, 1, 0, 0, 0, 1, 0
82946, 0, 1, 0, 1, 0, 0
128670, 0, 1, 0, 1, 0, 0
96785, 0, 1, 1, 0, 0, 0
67753, 0, 1, 0, 1, 0, 0
67756, 0, 1, 0, 1, 0, 0
67762, 0, 1, 0, 1, 0, 0
67786, 0, 1, 0, 1, 0, 0
67792, 0, 2, 0, 2, 0, 0
67793, 0, 2, 0, 2, 0, 0
67794, 0, 1, 0, 1, 0, 0
67795, 0, 1, 0, 1, 0, 0
67796, 0, 1, 0, 1, 0, 0
67797, 0, 2, 0, 2, 0, 0
67798, 0, 1, 0, 1, 0, 0
67799, 0, 1, 0, 1, 0, 0
67800, 0, 1, 0, 1, 0, 0
67801, 0, 1, 0, 1, 0, 0
67802, 0, 1, 0, 1, 0, 0
67803, 0, 1, 0, 1, 0, 0
67805, 0, 1, 0, 1, 0, 0
67806, 0, 1, 0, 1, 0, 0
67807, 0, 1, 0, 1, 0, 0
67808, 0, 1, 0, 1, 0, 0
67809, 0, 1, 0, 1, 0, 0
67810, 0, 1, 0, 1, 0, 0
67811, 0, 1, 0, 1, 0, 0
67812, 0, 1, 0, 1, 0, 0
67813, 0, 1, 0, 1, 0, 0
67814, 0, 1, 0, 1, 0, 0
67815, 0, 1, 0, 1, 0, 0
67816, 0, 1, 0, 1, 0, 0
67817, 0, 1, 0, 1, 0, 0
67818, 0, 1, 0, 1, 0, 0
67828, 1, 0, 0, 0, 1, 0
67830, 1, 0, 0, 0, 1, 0
67831, 0, 1, 1, 0, 0, 0
67833, 1, 0, 0, 0, 1, 0
67834, 1, 0, 0, 0, 1, 0
67835, 1, 0, 0, 0, 1, 0
128925, 0, 1, 1, 0, 0, 0
67838, 1, 0, 0, 0, 0, 1
67839, 0, 1, 0, 1, 0, 0
67841, 2, 0, 0, 0, 1, 1
67842, 1, 0, 0, 0, 1, 0
131678, 1, 1, 1, 0, 1, 0
131679, 2, 2, 2, 0, 2, 0
67851, 1, 0, 0, 0, 1, 0
67852, 0, 1, 1, 0, 0, 0
70933, 1, 1, 1, 0, 1, 0
76276, 0, 1, 1, 0, 0, 0
75004, 0, 3, 3, 0, 0, 0
75005, 0, 2, 2, 0, 0, 0
75011, 6, 2, 2, 0, 6, 0
76265, 1, 1, 1, 0, 1, 0
78558, 0, 1, 1, 0, 0, 0
69316, 0, 1, 1, 0, 0, 0
69317, 0, 1, 1, 0, 0, 0
69318, 0, 1, 1, 0, 0, 0
69319, 0, 1, 1, 0, 0, 0
71779, 0, 2, 2, 0, 0, 0
68617, 5, 2, 2, 0, 5, 0
70477, 0, 1, 1, 0, 0, 0
68420, 0, 2, 2, 0, 0, 0
68422, 0, 1, 1, 0, 0, 0
68423, 0, 1, 1, 0, 0, 0
67916, 1, 0, 0, 0, 1, 0
67923, 1, 0, 0, 0, 1, 0
67924, 0, 2, 2, 0, 0, 0
78946, 1, 1, 1, 0, 1, 0
82071, 0, 1, 1, 0, 0, 0
67927, 3, 0, 0, 0, 3, 0
67937, 0, 1, 1, 0, 0, 0
67938, 0, 1, 1, 0, 0, 0
67939, 0, 1, 1, 0, 0, 0
67940, 0, 1, 1, 0, 0, 0
69255, 0, 1, 1, 0, 0, 0
67952, 1, 0, 0, 0, 1, 0
67953, 1, 0, 0, 0, 1, 0
67954, 1, 1, 1, 0, 1, 0
67955, 1, 1, 1, 0, 1, 0
67966, 1, 0, 0, 0, 1, 0
77039, 2, 1, 1, 0, 2, 0
67968, 1, 0, 0, 0, 1, 0
67973, 1, 0, 0, 0, 1, 0
67978, 1, 1, 1, 0, 1, 0
70626, 1, 1, 1, 0, 1, 0
70634, 0, 4, 4, 0, 0, 0
67981, 1, 0, 0, 0, 1, 0
67982, 1, 1, 1, 0, 1, 0
67983, 2, 1, 1, 0, 2, 0
67985, 1, 0, 0, 0, 1, 0
67987, 0, 1, 1, 0, 0, 0
67988, 0, 1, 1, 0, 0, 0
67991, 0, 1, 1, 0, 0, 0
67993, 1, 0, 0, 0, 1, 0
67995, 1, 0, 0, 0, 1, 0
68001, 4, 1, 1, 0, 4, 0
68002, 1, 0, 0, 0, 1, 0
68004, 5, 1, 1, 0, 5, 0
68005, 0, 1, 1, 0, 0, 0
84398, 0, 1, 1, 0, 0, 0
84399, 0, 1, 1, 0, 0, 0
68009, 1, 0, 0, 0, 1, 0
68010, 1, 1, 1, 0, 1, 0
68045, 0, 1, 1, 0, 0, 0
68011, 1, 1, 1, 0, 1, 0
68014, 1, 1, 1, 0, 1, 0
68015, 1, 0, 0, 0, 1, 0
68019, 3, 0, 0, 0, 3, 0
68020, 0, 1, 1, 0, 0, 0
68021, 0, 1, 1, 0, 0, 0
68022, 0, 1, 1, 0, 0, 0
68026, 1, 0, 0, 0, 1, 0
68027, 0, 1, 1, 0, 0, 0
68028, 1, 0, 0, 0, 1, 0
68029, 3, 1, 1, 0, 3, 0
68030, 1, 1, 1, 0, 1, 0
68033, 1, 0, 0, 0, 1, 0
68042, 0, 1, 1, 0, 0, 0
68044, 2, 1, 1, 0, 2, 0
87144, 0, 1, 1, 0, 0, 0
88895, 0, 2, 2, 0, 0, 0
74238, 1, 1, 1, 0, 1, 0
75857, 2, 1, 1, 0, 2, 0
75858, 0, 1, 1, 0, 0, 0
86505, 1, 1, 1, 0, 1, 0
86904, 1, 1, 1, 0, 1, 0
85487, 2, 1, 1, 0, 2, 0
85488, 0, 2, 2, 0, 0, 0
85706, 0, 1, 1, 0, 0, 0
85707, 0, 1, 1, 0, 0, 0
89066, 1, 1, 1, 0, 1, 0
89406, 0, 1, 1, 0, 0, 0
89407, 0, 1, 1, 0, 0, 0
68090, 1, 0, 0, 0, 1, 0
68103, 1, 0, 0, 0, 1, 0
69908, 1, 1, 1, 0, 1, 0
68107, 1, 0, 0, 0, 1, 0
68108, 1, 2, 2, 0, 1, 0
78500, 1, 1, 1, 0, 1, 0
68109, 1, 0, 0, 0, 1, 0
69546, 1, 2, 2, 0, 1, 0
89290, 0, 1, 1, 0, 0, 0
68116, 1, 0, 0, 0, 1, 0
68117, 1, 0, 0, 0, 1, 0
68119, 1, 0, 0, 0, 1, 0
80430, 3, 1, 1, 0, 3, 0
68122, 1, 0, 0, 0, 1, 0
68123, 1, 0, 0, 0, 1, 0
68125, 1, 1, 1, 0, 1, 0
74147, 5, 2, 2, 0, 5, 0
68127, 1, 0, 0, 0, 1, 0
68128, 0, 1, 1, 0, 0, 0
68132, 1, 0, 0, 0, 1, 0
68135, 1, 0, 0, 0, 1, 0
68137, 1, 0, 0, 0, 0, 1
68138, 1, 0, 0, 0, 1, 0
68139, 1, 1, 1, 0, 1, 0
76698, 0, 1, 1, 0, 0, 0
68148, 0, 2, 2, 0, 0, 0
72941, 0, 2, 2, 0, 0, 0
68150, 1, 0, 0, 0, 1, 0
68151, 1, 0, 0, 0, 1, 0
68152, 2, 0, 0, 0, 2, 0
68156, 1, 1, 1, 0, 1, 0
68157, 4, 1, 1, 0, 4, 0
68158, 1, 0, 0, 0, 1, 0
68163, 2, 0, 0, 0, 2, 0
82488, 1, 1, 1, 0, 1, 0
71535, 1, 1, 1, 0, 1, 0
68168, 1, 0, 0, 0, 1, 0
68172, 1, 0, 0, 0, 1, 0
69718, 0, 1, 1, 0, 0, 0
69295, 1, 1, 1, 0, 1, 0
70951, 1, 1, 1, 0, 1, 0
73064, 1, 1, 1, 0, 1, 0
81715, 0, 1, 1, 0, 0, 0
81716, 0, 1, 1, 0, 0, 0
81717, 0, 2, 0, 2, 0, 0
68193, 1, 0, 0, 0, 1, 0
68202, 1, 0, 0, 0, 0, 1
68203, 17, 1, 1, 0, 17, 0
68204, 0, 1, 1, 0, 0, 0
68208, 1, 1, 1, 0, 1, 0
70224, 0, 1, 1, 0, 0, 0
68212, 1, 0, 0, 0, 1, 0
68216, 1, 0, 0, 0, 1, 0
68217, 1, 1, 1, 0, 1, 0
73314, 0, 1, 1, 0, 0, 0
73315, 0, 1, 1, 0, 0, 0
68219, 2, 0, 0, 0, 2, 0
68220, 1, 0, 0, 0, 1, 0
68223, 3, 0, 0, 0, 3, 0
76804, 0, 1, 1, 0, 0, 0
68229, 1, 1, 1, 0, 1, 0
68233, 1, 0, 0, 0, 1, 0
68235, 1, 0, 0, 0, 1, 0
68239, 10, 0, 0, 0, 8, 2
68240, 1, 0, 0, 0, 1, 0
68241, 1, 0, 0, 0, 1, 0
68242, 0, 1, 1, 0, 0, 0
68244, 1, 0, 0, 0, 1, 0
68245, 1, 0, 0, 0, 1, 0
68247, 1, 1, 1, 0, 1, 0
68249, 1, 0, 0, 0, 1, 0
68251, 1, 0, 0, 0, 1, 0
68252, 0, 2, 2, 0, 0, 0
68258, 1, 0, 0, 0, 1, 0
68262, 1, 0, 0, 0, 1, 0
68263, 2, 1, 1, 0, 2, 0
69883, 2, 1, 1, 0, 2, 0
68265, 1, 0, 0, 0, 1, 0
68266, 1, 0, 0, 0, 1, 0
68268, 1, 0, 0, 0, 1, 0
68270, 1, 0, 0, 0, 1, 0
68271, 1, 0, 0, 0, 1, 0
68273, 1, 0, 0, 0, 1, 0
68274, 0, 2, 2, 0, 0, 0
68275, 1, 0, 0, 0, 1, 0
68277, 1, 0, 0, 0, 1, 0
68285, 1, 0, 0, 0, 1, 0
68286, 1, 0, 0, 0, 1, 0
68288, 5, 0, 0, 0, 4, 1
68289, 1, 0, 0, 0, 1, 0
68290, 2, 0, 0, 0, 2, 0
68291, 0, 1, 1, 0, 0, 0
68296, 1, 0, 0, 0, 1, 0
68303, 5, 0, 0, 0, 5, 0
68307, 0, 1, 0, 1, 0, 0
68308, 1, 0, 0, 0, 1, 0
83167, 0, 1, 1, 0, 0, 0
68314, 1, 0, 0, 0, 1, 0
68315, 1, 1, 1, 0, 1, 0
68316, 1, 0, 0, 0, 1, 0
68333, 1, 3, 3, 0, 1, 0
68323, 1, 0, 0, 0, 1, 0
68325, 1, 0, 0, 0, 1, 0
68329, 1, 1, 1, 0, 1, 0
68331, 1, 0, 0, 0, 1, 0
68332, 2, 0, 0, 0, 2, 0
68334, 1, 0, 0, 0, 1, 0
71129, 0, 1, 1, 0, 0, 0
68343, 2, 0, 0, 0, 2, 0
68345, 1, 0, 0, 0, 1, 0
90720, 1, 1, 1, 0, 1, 0
91047, 1, 1, 1, 0, 1, 0
91187, 0, 1, 1, 0, 0, 0
91188, 0, 1, 0, 1, 0, 0
68357, 1, 0, 0, 0, 1, 0
68358, 0, 1, 1, 0, 0, 0
68360, 1, 1, 1, 0, 1, 0
71599, 0, 1, 1, 0, 0, 0
128405, 3, 1, 1, 0, 3, 0
68364, 1, 0, 0, 0, 1, 0
72740, 1, 2, 2, 0, 1, 0
68369, 1, 0, 0, 0, 1, 0
68370, 1, 0, 0, 0, 1, 0
68371, 0, 1, 1, 0, 0, 0
68372, 1, 0, 0, 0, 1, 0
68375, 0, 1, 1, 0, 0, 0
68381, 2, 0, 0, 0, 2, 0
69864, 1, 1, 1, 0, 1, 0
73629, 0, 1, 1, 0, 0, 0
68393, 1, 0, 0, 0, 1, 0
76515, 1, 2, 2, 0, 1, 0
68395, 2, 0, 0, 0, 2, 0
68397, 1, 0, 0, 0, 1, 0
68398, 2, 1, 1, 0, 2, 0
68399, 3, 1, 1, 0, 3, 0
68401, 1, 1, 1, 0, 1, 0
68402, 1, 0, 0, 0, 1, 0
74946, 0, 1, 1, 0, 0, 0
68416, 1, 0, 0, 0, 1, 0
83494, 0, 1, 1, 0, 0, 0
68429, 4, 3, 3, 0, 4, 0
70149, 2, 3, 3, 0, 2, 0
70194, 1, 1, 1, 0, 1, 0
73726, 2, 3, 3, 0, 2, 0
68431, 0, 1, 1, 0, 0, 0
73030, 1, 1, 1, 0, 1, 0
76766, 0, 1, 1, 0, 0, 0
68441, 1, 0, 0, 0, 1, 0
68445, 1, 1, 1, 0, 1, 0
68447, 1, 1, 1, 0, 1, 0
68451, 1, 0, 0, 0, 1, 0
113626, 0, 1, 1, 0, 0, 0
114939, 0, 1, 1, 0, 0, 0
68453, 2, 0, 0, 0, 2, 0
68455, 1, 0, 0, 0, 1, 0
68456, 1, 0, 0, 0, 1, 0
68458, 1, 1, 1, 0, 1, 0
68460, 1, 1, 1, 0, 1, 0
68471, 1, 1, 1, 0, 1, 0
68754, 1, 2, 2, 0, 1, 0
69028, 1, 1, 1, 0, 0, 1
69029, 0, 1, 1, 0, 0, 0
69030, 0, 1, 1, 0, 0, 0
69031, 0, 1, 1, 0, 0, 0
69032, 0, 1, 1, 0, 0, 0
68462, 1, 0, 0, 0, 1, 0
68463, 2, 0, 0, 0, 2, 0
68465, 1, 0, 0, 0, 1, 0
68472, 1, 0, 0, 0, 1, 0
68473, 1, 0, 0, 0, 1, 0
68475, 4, 0, 0, 0, 4, 0
68479, 2, 0, 0, 0, 0, 2
68481, 1, 0, 0, 0, 1, 0
68485, 1, 0, 0, 0, 1, 0
68486, 0, 1, 1, 0, 0, 0
68487, 1, 0, 0, 0, 1, 0
68490, 1, 0, 0, 0, 1, 0
69862, 3, 1, 0, 1, 3, 0
69863, 0, 1, 1, 0, 0, 0
71816, 0, 1, 1, 0, 0, 0
71817, 0, 1, 1, 0, 0, 0
71818, 0, 1, 1, 0, 0, 0
71819, 0, 1, 1, 0, 0, 0
71820, 0, 1, 1, 0, 0, 0
71821, 0, 1, 1, 0, 0, 0
71822, 0, 1, 1, 0, 0, 0
71823, 0, 1, 1, 0, 0, 0
71824, 0, 1, 1, 0, 0, 0
71825, 0, 1, 1, 0, 0, 0
71826, 0, 1, 1, 0, 0, 0
71827, 0, 1, 1, 0, 0, 0
71828, 0, 1, 1, 0, 0, 0
68499, 1, 0, 0, 0, 1, 0
68502, 5, 0, 0, 0, 5, 0
68503, 1, 1, 1, 0, 1, 0
68511, 1, 0, 0, 0, 1, 0
83351, 0, 1, 1, 0, 0, 0
83352, 0, 1, 1, 0, 0, 0
83353, 0, 1, 1, 0, 0, 0
83354, 0, 1, 1, 0, 0, 0
83356, 0, 1, 1, 0, 0, 0
68513, 1, 1, 1, 0, 1, 0
68514, 2, 1, 1, 0, 2, 0
69300, 1, 3, 3, 0, 1, 0
70118, 11, 5, 5, 0, 11, 0
68517, 1, 0, 0, 0, 1, 0
68518, 1, 0, 0, 0, 1, 0
68520, 1, 0, 0, 0, 1, 0
68521, 1, 0, 0, 0, 1, 0
68522, 1, 0, 0, 0, 0, 1
68523, 1, 0, 0, 0, 1, 0
68530, 1, 0, 0, 0, 1, 0
75192, 0, 1, 1, 0, 0, 0
75193, 0, 1, 1, 0, 0, 0
77205, 5, 1, 1, 0, 5, 0
68537, 1, 0, 0, 0, 1, 0
81094, 0, 1, 1, 0, 0, 0
82897, 0, 1, 0, 1, 0, 0
82898, 0, 1, 0, 1, 0, 0
82899, 0, 1, 0, 1, 0, 0
68556, 1, 0, 0, 0, 1, 0
68557, 0, 1, 1, 0, 0, 0
68560, 2, 1, 1, 0, 2, 0
68561, 3, 1, 1, 0, 3, 0
75631, 1, 1, 1, 0, 1, 0
68568, 1, 0, 0, 0, 1, 0
68569, 1, 0, 0, 0, 1, 0
68578, 1, 0, 0, 0, 1, 0
68579, 1, 0, 0, 0, 1, 0
68580, 1, 0, 0, 0, 1, 0
68590, 1, 0, 0, 0, 1, 0
68592, 1, 0, 0, 0, 1, 0
68593, 0, 1, 1, 0, 0, 0
80219, 0, 1, 1, 0, 0, 0
68604, 2, 0, 0, 0, 2, 0
68606, 0, 1, 1, 0, 0, 0
68607, 1, 0, 0, 0, 1, 0
68608, 0, 3, 3, 0, 0, 0
68613, 1, 1, 1, 0, 1, 0
70949, 2, 1, 1, 0, 2, 0
68616, 1, 0, 0, 0, 1, 0
68619, 0, 1, 1, 0, 0, 0
68621, 2, 0, 0, 0, 2, 0
68633, 1, 0, 0, 0, 1, 0
84742, 0, 1, 1, 0, 0, 0
68643, 4, 1, 1, 0, 4, 0
74403, 0, 1, 1, 0, 0, 0
68646, 1, 0, 0, 0, 1, 0
68647, 1, 0, 0, 0, 1, 0
76493, 0, 1, 0, 1, 0, 0
68652, 1, 0, 0, 0, 1, 0
68654, 1, 1, 1, 0, 1, 0
68655, 2, 2, 2, 0, 2, 0
69743, 1, 1, 1, 0, 1, 0
76876, 3, 1, 1, 0, 3, 0
77470, 1, 1, 1, 0, 1, 0
83234, 0, 1, 1, 0, 0, 0
68665, 0, 1, 1, 0, 0, 0
68668, 1, 1, 1, 0, 1, 0
68671, 3, 1, 1, 0, 3, 0
73794, 0, 1, 1, 0, 0, 0
68677, 1, 0, 0, 0, 1, 0
71050, 0, 1, 1, 0, 0, 0
71051, 0, 1, 1, 0, 0, 0
87955, 0, 1, 1, 0, 0, 0
87956, 0, 1, 1, 0, 0, 0
68697, 1, 0, 0, 0, 1, 0
68698, 0, 1, 1, 0, 0, 0
68700, 1, 0, 0, 0, 1, 0
68701, 2, 0, 0, 0, 2, 0
68705, 4, 2, 2, 0, 4, 0
76042, 0, 1, 1, 0, 0, 0
68708, 3, 1, 1, 0, 3, 0
68709, 0, 1, 1, 0, 0, 0
68710, 0, 1, 1, 0, 0, 0
68714, 1, 0, 0, 0, 1, 0
68715, 1, 0, 0, 0, 1, 0
68716, 1, 0, 0, 0, 1, 0
68718, 2, 0, 0, 0, 2, 0
68720, 1, 0, 0, 0, 1, 0
68724, 1, 0, 0, 0, 1, 0
100944, 5, 1, 1, 0, 5, 0
68729, 1, 0, 0, 0, 1, 0
68730, 0, 1, 1, 0, 0, 0
68733, 4, 1, 1, 0, 4, 0
68735, 1, 0, 0, 0, 1, 0
68736, 2, 0, 0, 0, 1, 1
68737, 0, 1, 0, 1, 0, 0
68738, 1, 0, 0, 0, 1, 0
68741, 1, 0, 0, 0, 1, 0
68745, 2, 0, 0, 0, 2, 0
68746, 1, 0, 0, 0, 1, 0
68748, 0, 1, 1, 0, 0, 0
68751, 1, 0, 0, 0, 1, 0
68752, 1, 0, 0, 0, 1, 0
68753, 1, 0, 0, 0, 1, 0
68755, 1, 0, 0, 0, 1, 0
68757, 1, 0, 0, 0, 1, 0
68759, 1, 0, 0, 0, 1, 0
68762, 0, 1, 1, 0, 0, 0
68766, 0, 2, 2, 0, 0, 0
68767, 1, 0, 0, 0, 1, 0
68768, 2, 0, 0, 0, 2, 0
90658, 0, 1, 0, 1, 0, 0
90659, 0, 1, 0, 1, 0, 0
82498, 0, 1, 1, 0, 0, 0
68787, 1, 0, 0, 0, 1, 0
68788, 1, 0, 0, 0, 1, 0
68789, 1, 0, 0, 0, 1, 0
68794, 2, 0, 0, 0, 2, 0
68795, 0, 1, 1, 0, 0, 0
68801, 5, 1, 1, 0, 5, 0
68802, 1, 0, 0, 0, 1, 0
68803, 0, 1, 1, 0, 0, 0
68812, 1, 0, 0, 0, 1, 0
68813, 1, 0, 0, 0, 1, 0
83218, 0, 1, 1, 0, 0, 0
83219, 0, 1, 1, 0, 0, 0
83220, 0, 1, 1, 0, 0, 0
83221, 0, 1, 1, 0, 0, 0
68830, 3, 3, 3, 0, 3, 0
87746, 3, 1, 1, 0, 3, 0
87753, 0, 2, 2, 0, 0, 0
87754, 0, 1, 1, 0, 0, 0
68831, 2, 0, 0, 0, 2, 0
68832, 1, 0, 0, 0, 1, 0
68833, 8, 1, 1, 0, 8, 0
70868, 0, 1, 1, 0, 0, 0
68836, 1, 0, 0, 0, 1, 0
68837, 0, 1, 1, 0, 0, 0
68838, 1, 0, 0, 0, 1, 0
68839, 1, 1, 1, 0, 1, 0
68840, 1, 1, 1, 0, 1, 0
68841, 1, 0, 0, 0, 1, 0
68849, 1, 0, 0, 0, 1, 0
68850, 1, 0, 0, 0, 1, 0
68851, 2, 0, 0, 0, 2, 0
68854, 1, 0, 0, 0, 1, 0
68855, 1, 0, 0, 0, 1, 0
68858, 2, 0, 0, 0, 2, 0
68861, 1, 0, 0, 0, 1, 0
81681, 1, 1, 1, 0, 1, 0
82859, 1, 1, 1, 0, 1, 0
82885, 0, 2, 2, 0, 0, 0
82886, 0, 1, 1, 0, 0, 0
68866, 1, 0, 0, 0, 1, 0
68867, 2, 0, 0, 0, 2, 0
68868, 0, 1, 1, 0, 0, 0
68869, 1, 0, 0, 0, 1, 0
71286, 0, 1, 1, 0, 0, 0
68877, 1, 0, 0, 0, 1, 0
68882, 1, 0, 0, 0, 1, 0
73121, 1, 1, 1, 0, 1, 0
80629, 1, 1, 1, 0, 1, 0
80865, 4, 1, 1, 0, 4, 0
80866, 0, 1, 1, 0, 0, 0
68908, 3, 0, 0, 0, 3, 0
68910, 2, 0, 0, 0, 1, 1
68911, 1, 0, 0, 0, 1, 0
68913, 1, 0, 0, 0, 1, 0
68914, 0, 1, 1, 0, 0, 0
68915, 1, 0, 0, 0, 1, 0
68916, 1, 0, 0, 0, 1, 0
68917, 0, 1, 1, 0, 0, 0
68929, 1, 0, 0, 0, 1, 0
68930, 1, 0, 0, 0, 1, 0
68931, 1, 0, 0, 0, 1, 0
68932, 1, 0, 0, 0, 1, 0
68933, 3, 0, 0, 0, 3, 0
68935, 2, 0, 0, 0, 1, 1
68937, 6, 0, 0, 0, 5, 1
68943, 5, 0, 0, 0, 5, 0
68945, 1, 0, 0, 0, 1, 0
68950, 4, 0, 0, 0, 4, 0
68951, 1, 0, 0, 0, 1, 0
68956, 5, 0, 0, 0, 5, 0
68957, 5, 0, 0, 0, 5, 0
68958, 5, 0, 0, 0, 5, 0
68961, 1, 0, 0, 0, 1, 0
68962, 5, 0, 0, 0, 5, 0
68963, 1, 0, 0, 0, 1, 0
71708, 0, 1, 0, 1, 0, 0
68965, 5, 0, 0, 0, 5, 0
68967, 2, 0, 0, 0, 2, 0
68968, 5, 0, 0, 0, 5, 0
68969, 1, 0, 0, 0, 1, 0
68970, 9, 0, 0, 0, 9, 0
68976, 3, 0, 0, 0, 3, 0
68983, 1, 0, 0, 0, 1, 0
68984, 1, 0, 0, 0, 1, 0
68985, 4, 2, 2, 0, 4, 0
73673, 1, 1, 1, 0, 1, 0
78551, 0, 1, 1, 0, 0, 0
78552, 0, 1, 1, 0, 0, 0
73377, 1, 1, 1, 0, 1, 0
77207, 1, 1, 1, 0, 1, 0
77222, 0, 1, 1, 0, 0, 0
68989, 1, 0, 0, 0, 1, 0
68990, 1, 0, 0, 0, 1, 0
68991, 1, 0, 0, 0, 1, 0
68993, 1, 0, 0, 0, 1, 0
68994, 1, 0, 0, 0, 1, 0
68996, 1, 0, 0, 0, 1, 0
69000, 1, 0, 0, 0, 1, 0
69001, 0, 1, 1, 0, 0, 0
69002, 2, 0, 0, 0, 2, 0
69005, 1, 0, 0, 0, 1, 0
69006, 1, 0, 0, 0, 1, 0
69007, 0, 1, 1, 0, 0, 0
69008, 1, 0, 0, 0, 1, 0
69010, 1, 1, 1, 0, 1, 0
69011, 1, 1, 1, 0, 1, 0
86158, 2, 3, 3, 0, 2, 0
73724, 0, 1, 1, 0, 0, 0
69026, 1, 0, 0, 0, 1, 0
69033, 1, 0, 0, 0, 1, 0
69037, 1, 0, 0, 0, 1, 0
69038, 0, 2, 2, 0, 0, 0
69039, 1, 0, 0, 0, 1, 0
69040, 1, 0, 0, 0, 1, 0
69042, 1, 0, 0, 0, 1, 0
69044, 0, 1, 1, 0, 0, 0
69046, 1, 1, 1, 0, 1, 0
69843, 2, 1, 1, 0, 2, 0
69056, 2, 0, 0, 0, 2, 0
69058, 1, 0, 0, 0, 1, 0
69852, 4, 1, 1, 0, 4, 0
70576, 0, 1, 1, 0, 0, 0
69065, 0, 1, 1, 0, 0, 0
69066, 1, 0, 0, 0, 1, 0
69067, 1, 0, 0, 0, 1, 0
69068, 0, 1, 1, 0, 0, 0
69069, 1, 0, 0, 0, 1, 0
69075, 1, 0, 0, 0, 1, 0
69076, 1, 0, 0, 0, 1, 0
70638, 0, 1, 1, 0, 0, 0
70639, 0, 1, 1, 0, 0, 0
69083, 1, 0, 0, 0, 1, 0
83449, 0, 1, 1, 0, 0, 0
69086, 1, 0, 0, 0, 0, 1
69093, 1, 0, 0, 0, 1, 0
69098, 1, 0, 0, 0, 1, 0
69100, 3, 1, 1, 0, 3, 0
69101, 0, 1, 1, 0, 0, 0
70201, 0, 1, 1, 0, 0, 0
69105, 1, 0, 0, 0, 1, 0
69106, 1, 0, 0, 0, 1, 0
69108, 1, 0, 0, 0, 1, 0
69113, 1, 1, 0, 1, 1, 0
69116, 1, 0, 0, 0, 1, 0
69117, 1, 1, 1, 0, 1, 0
85584, 0, 1, 1, 0, 0, 0
69119, 1, 0, 0, 0, 1, 0
69122, 1, 1, 1, 0, 1, 0
69124, 2, 0, 0, 0, 2, 0
72641, 2, 1, 1, 0, 2, 0
73163, 2, 2, 2, 0, 2, 0
73164, 1, 1, 1, 0, 1, 0
70025, 1, 1, 1, 0, 1, 0
71915, 0, 2, 2, 0, 0, 0
73464, 2, 1, 1, 0, 2, 0
82122, 0, 1, 1, 0, 0, 0
82123, 0, 1, 1, 0, 0, 0
91281, 0, 2, 2, 0, 0, 0
69143, 2, 0, 0, 0, 2, 0
69988, 0, 1, 1, 0, 0, 0
69989, 0, 1, 1, 0, 0, 0
69146, 1, 0, 0, 0, 1, 0
69147, 1, 0, 0, 0, 1, 0
69150, 1, 0, 0, 0, 1, 0
69151, 2, 0, 0, 0, 2, 0
69157, 1, 0, 0, 0, 1, 0
69159, 0, 3, 3, 0, 0, 0
72811, 2, 2, 2, 0, 2, 0
76574, 0, 1, 1, 0, 0, 0
76575, 0, 1, 1, 0, 0, 0
88452, 0, 1, 1, 0, 0, 0
69171, 6, 0, 0, 0, 5, 1
69172, 2, 1, 1, 0, 2, 0
69173, 1, 0, 0, 0, 1, 0
69175, 3, 0, 0, 0, 3, 0
69177, 4, 0, 0, 0, 4, 0
69180, 3, 1, 1, 0, 3, 0
82314, 0, 1, 1, 0, 0, 0
77002, 1, 1, 1, 0, 1, 0
69196, 1, 0, 0, 0, 1, 0
69197, 1, 0, 0, 0, 1, 0
69201, 1, 1, 1, 0, 1, 0
69202, 3, 1, 1, 0, 3, 0
69208, 1, 0, 0, 0, 1, 0
69209, 0, 1, 1, 0, 0, 0
69217, 2, 0, 0, 0, 2, 0
69221, 1, 2, 2, 0, 1, 0
69231, 0, 1, 1, 0, 0, 0
69232, 2, 0, 0, 0, 2, 0
69235, 1, 0, 0, 0, 1, 0
69242, 1, 0, 0, 0, 1, 0
69246, 1, 0, 0, 0, 1, 0
69247, 0, 1, 1, 0, 0, 0
69256, 1, 0, 0, 0, 1, 0
69261, 3, 0, 0, 0, 3, 0
69265, 0, 5, 5, 0, 0, 0
81934, 3, 1, 1, 0, 3, 0
69267, 1, 0, 0, 0, 1, 0
69269, 0, 2, 2, 0, 0, 0
69270, 1, 0, 0, 0, 1, 0
69271, 1, 0, 0, 0, 1, 0
72884, 1, 1, 1, 0, 1, 0
73834, 0, 1, 1, 0, 0, 0
73835, 0, 1, 1, 0, 0, 0
69279, 1, 0, 0, 0, 1, 0
69283, 11, 2, 2, 0, 8, 3
69288, 1, 0, 0, 0, 1, 0
69289, 0, 3, 3, 0, 0, 0
69290, 2, 0, 0, 0, 2, 0
69291, 7, 0, 0, 0, 7, 0
69729, 1, 1, 1, 0, 1, 0
70635, 1, 2, 2, 0, 1, 0
73404, 0, 1, 1, 0, 0, 0
69293, 5, 0, 0, 0, 5, 0
69296, 1, 0, 0, 0, 1, 0
69299, 1, 0, 0, 0, 1, 0
69306, 1, 0, 0, 0, 1, 0
69307, 0, 1, 1, 0, 0, 0
69309, 1, 0, 0, 0, 1, 0
69320, 2, 0, 0, 0, 2, 0
69324, 3, 0, 0, 0, 3, 0
69327, 1, 0, 0, 0, 1, 0
71611, 0, 1, 1, 0, 0, 0
69332, 2, 0, 0, 0, 2, 0
69333, 0, 1, 1, 0, 0, 0
69334, 0, 1, 1, 0, 0, 0
69335, 1, 0, 0, 0, 1, 0
69341, 1, 0, 0, 0, 1, 0
69352, 1, 0, 0, 0, 1, 0
69353, 1, 0, 0, 0, 1, 0
69354, 1, 0, 0, 0, 1, 0
69355, 1, 0, 0, 0, 1, 0
69359, 2, 0, 0, 0, 2, 0
69360, 0, 1, 1, 0, 0, 0
69361, 1, 0, 0, 0, 1, 0
69362, 3, 1, 1, 0, 3, 0
69363, 1, 0, 0, 0, 1, 0
69364, 2, 0, 0, 0, 2, 0
69366, 1, 1, 1, 0, 1, 0
77576, 0, 1, 1, 0, 0, 0
69370, 1, 0, 0, 0, 1, 0
69538, 1, 0, 0, 0, 1, 0
79533, 0, 1, 1, 0, 0, 0
69545, 1, 0, 0, 0, 1, 0
69547, 1, 0, 0, 0, 1, 0
69548, 1, 0, 0, 0, 1, 0
69549, 1, 0, 0, 0, 1, 0
69551, 2, 0, 0, 0, 2, 0
69552, 1, 0, 0, 0, 1, 0
69670, 0, 1, 1, 0, 0, 0
69673, 0, 2, 2, 0, 0, 0
69674, 3, 1, 1, 0, 3, 0
69558, 1, 0, 0, 0, 1, 0
69562, 2, 0, 0, 0, 2, 0
69564, 2, 1, 1, 0, 2, 0
69565, 3, 1, 1, 0, 3, 0
84401, 1, 1, 1, 0, 1, 0
71025, 3, 2, 2, 0, 3, 0
71026, 2, 2, 2, 0, 2, 0
71027, 0, 2, 2, 0, 0, 0
78463, 0, 1, 1, 0, 0, 0
78464, 0, 1, 1, 0, 0, 0
78465, 0, 1, 1, 0, 0, 0
69590, 1, 0, 0, 0, 1, 0
69591, 1, 0, 0, 0, 1, 0
69593, 1, 0, 0, 0, 1, 0
69594, 1, 0, 0, 0, 1, 0
69595, 1, 0, 0, 0, 1, 0
69596, 1, 0, 0, 0, 1, 0
69605, 1, 0, 0, 0, 1, 0
69606, 2, 0, 0, 0, 1, 1
69612, 2, 0, 0, 0, 2, 0
69613, 1, 0, 0, 0, 1, 0
69614, 0, 1, 1, 0, 0, 0
107310, 0, 1, 1, 0, 0, 0
69621, 2, 0, 0, 0, 2, 0
69622, 1, 0, 0, 0, 1, 0
88331, 3, 1, 1, 0, 3, 0
69624, 1, 0, 0, 0, 1, 0
69630, 1, 0, 0, 0, 1, 0
69631, 2, 0, 0, 0, 2, 0
69635, 1, 0, 0, 0, 1, 0
69637, 0, 1, 0, 1, 0, 0
69638, 1, 0, 0, 0, 1, 0
69639, 1, 0, 0, 0, 1, 0
69642, 1, 0, 0, 0, 1, 0
69648, 1, 0, 0, 0, 1, 0
69653, 3, 0, 0, 0, 3, 0
76301, 0, 1, 1, 0, 0, 0
69655, 1, 0, 0, 0, 1, 0
69657, 1, 0, 0, 0, 1, 0
69658, 1, 0, 0, 0, 1, 0
69661, 1, 0, 0, 0, 1, 0
69662, 1, 0, 0, 0, 1, 0
69665, 1, 0, 0, 0, 1, 0
69668, 1, 0, 0, 0, 0, 1
69669, 1, 0, 0, 0, 1, 0
70389, 0, 1, 1, 0, 0, 0
69677, 1, 0, 0, 0, 1, 0
69678, 0, 2, 2, 0, 0, 0
69681, 1, 0, 0, 0, 1, 0
69682, 0, 2, 2, 0, 0, 0
69683, 1, 0, 0, 0, 1, 0
69684, 1, 0, 0, 0, 1, 0
69686, 1, 0, 0, 0, 1, 0
69688, 1, 0, 0, 0, 1, 0
69693, 2, 0, 0, 0, 2, 0
69697, 1, 1, 1, 0, 1, 0
69703, 1, 0, 0, 0, 1, 0
69707, 1, 1, 1, 0, 1, 0
69708, 0, 1, 1, 0, 0, 0
69716, 2, 0, 0, 0, 2, 0
69722, 1, 0, 0, 0, 1, 0
69723, 1, 0, 0, 0, 1, 0
69724, 1, 0, 0, 0, 1, 0
69727, 1, 0, 0, 0, 1, 0
70021, 5, 1, 1, 0, 5, 0
69733, 1, 0, 0, 0, 1, 0
90505, 0, 1, 1, 0, 0, 0
108668, 1, 1, 0, 1, 0, 1
69739, 1, 0, 0, 0, 1, 0
69740, 1, 0, 0, 0, 1, 0
69741, 1, 0, 0, 0, 1, 0
87562, 1, 1, 1, 0, 1, 0
69745, 1, 0, 0, 0, 1, 0
79286, 2, 2, 2, 0, 2, 0
69753, 1, 0, 0, 0, 1, 0
69755, 1, 0, 0, 0, 1, 0
69756, 1, 0, 0, 0, 1, 0
69759, 3, 0, 0, 0, 3, 0
69760, 1, 0, 0, 0, 1, 0
69761, 1, 0, 0, 0, 1, 0
69762, 1, 0, 0, 0, 1, 0
69763, 1, 0, 0, 0, 1, 0
69768, 1, 0, 0, 0, 1, 0
69772, 1, 0, 0, 0, 1, 0
69774, 1, 0, 0, 0, 1, 0
69778, 1, 0, 0, 0, 1, 0
69781, 1, 1, 1, 0, 1, 0
69783, 1, 0, 0, 0, 1, 0
78260, 0, 1, 1, 0, 0, 0
69791, 5, 0, 0, 0, 5, 0
69794, 1, 0, 0, 0, 1, 0
69800, 1, 0, 0, 0, 1, 0
69805, 1, 0, 0, 0, 1, 0
69807, 0, 1, 1, 0, 0, 0
69812, 3, 0, 0, 0, 3, 0
69814, 1, 0, 0, 0, 1, 0
69817, 1, 0, 0, 0, 1, 0
69818, 2, 0, 0, 0, 1, 1
87441, 1, 1, 1, 0, 1, 0
86920, 1, 1, 1, 0, 1, 0
87161, 4, 1, 1, 0, 4, 0
87442, 5, 2, 2, 0, 5, 0
87961, 3, 2, 2, 0, 3, 0
88190, 0, 1, 1, 0, 0, 0
88191, 0, 1, 1, 0, 0, 0
88192, 0, 1, 1, 0, 0, 0
88193, 0, 1, 1, 0, 0, 0
88195, 0, 1, 1, 0, 0, 0
88196, 0, 1, 1, 0, 0, 0
88197, 2, 1, 1, 0, 2, 0
88199, 3, 2, 2, 0, 3, 0
88200, 1, 3, 3, 0, 1, 0
69831, 1, 0, 0, 0, 1, 0
69833, 1, 0, 0, 0, 1, 0
69841, 3, 1, 1, 0, 3, 0
75016, 0, 1, 1, 0, 0, 0
69853, 1, 0, 0, 0, 1, 0
69856, 1, 0, 0, 0, 1, 0
69857, 0, 2, 2, 0, 0, 0
69858, 1, 1, 1, 0, 1, 0
74339, 0, 1, 1, 0, 0, 0
74340, 0, 1, 1, 0, 0, 0
81079, 3, 1, 1, 0, 3, 0
69872, 2, 0, 0, 0, 2, 0
69873, 4, 0, 0, 0, 4, 0
69874, 0, 1, 1, 0, 0, 0
69875, 0, 1, 1, 0, 0, 0
69876, 0, 1, 1, 0, 0, 0
69877, 0, 1, 1, 0, 0, 0
89074, 1, 1, 1, 0, 1, 0
89241, 1, 1, 1, 0, 1, 0
89243, 2, 1, 1, 0, 2, 0
69890, 1, 0, 0, 0, 1, 0
89772, 1, 1, 1, 0, 1, 0
69895, 1, 0, 0, 0, 1, 0
69898, 1, 0, 0, 0, 1, 0
69900, 1, 0, 0, 0, 1, 0
69905, 2, 0, 0, 0, 2, 0
69907, 3, 0, 0, 0, 3, 0
69909, 1, 0, 0, 0, 1, 0
69910, 1, 0, 0, 0, 1, 0
69912, 2, 0, 0, 0, 2, 0
69913, 2, 2, 2, 0, 2, 0
69919, 1, 1, 1, 0, 1, 0
69914, 1, 0, 0, 0, 1, 0
69915, 1, 1, 1, 0, 1, 0
69916, 2, 1, 1, 0, 2, 0
69921, 3, 0, 0, 0, 3, 0
69924, 1, 1, 1, 0, 1, 0
69927, 1, 0, 0, 0, 1, 0
69928, 1, 2, 2, 0, 1, 0
69931, 1, 0, 0, 0, 1, 0
69932, 1, 0, 0, 0, 1, 0
69933, 0, 1, 1, 0, 0, 0
69937, 3, 4, 4, 0, 3, 0
69939, 4, 6, 6, 0, 4, 0
84135, 1, 2, 2, 0, 1, 0
86045, 1, 1, 1, 0, 1, 0
80896, 0, 1, 1, 0, 0, 0
70578, 3, 3, 3, 0, 3, 0
81833, 1, 1, 1, 0, 1, 0
69945, 1, 0, 0, 0, 1, 0
69953, 1, 0, 0, 0, 1, 0
69954, 1, 0, 0, 0, 0, 1
69955, 3, 0, 0, 0, 3, 0
69956, 4, 3, 3, 0, 4, 0
69957, 1, 3, 3, 0, 1, 0
71549, 1, 2, 2, 0, 1, 0
69958, 1, 0, 0, 0, 1, 0
69959, 1, 0, 0, 0, 1, 0
69960, 3, 0, 0, 0, 3, 0
69963, 1, 0, 0, 0, 1, 0
69964, 0, 2, 2, 0, 0, 0
69965, 1, 0, 0, 0, 1, 0
69966, 1, 0, 0, 0, 1, 0
69967, 1, 0, 0, 0, 1, 0
69973, 2, 0, 0, 0, 2, 0
69974, 0, 1, 1, 0, 0, 0
69975, 0, 1, 1, 0, 0, 0
69976, 1, 0, 0, 0, 1, 0
75063, 1, 1, 1, 0, 1, 0
69995, 2, 0, 0, 0, 2, 0
70001, 1, 0, 0, 0, 1, 0
70009, 1, 0, 0, 0, 1, 0
70010, 1, 0, 0, 0, 1, 0
70011, 1, 0, 0, 0, 1, 0
70012, 1, 0, 0, 0, 1, 0
70013, 1, 0, 0, 0, 1, 0
70014, 1, 0, 0, 0, 1, 0
70015, 1, 0, 0, 0, 1, 0
70016, 1, 0, 0, 0, 1, 0
70017, 1, 0, 0, 0, 1, 0
70018, 1, 0, 0, 0, 1, 0
70019, 1, 0, 0, 0, 1, 0
70020, 1, 0, 0, 0, 1, 0
70024, 2, 0, 0, 0, 2, 0
70026, 1, 0, 0, 0, 0, 1
70027, 1, 0, 0, 0, 0, 1
70035, 2, 0, 0, 0, 2, 0
70037, 1, 0, 0, 0, 1, 0
70038, 1, 0, 0, 0, 1, 0
70039, 2, 0, 0, 0, 1, 1
70040, 1, 0, 0, 0, 0, 1
70041, 2, 0, 0, 0, 0, 2
70042, 1, 0, 0, 0, 1, 0
70043, 3, 2, 2, 0, 3, 0
70045, 2, 0, 0, 0, 2, 0
70050, 2, 0, 0, 0, 2, 0
70051, 0, 1, 1, 0, 0, 0
70060, 1, 0, 0, 0, 1, 0
91343, 0, 1, 1, 0, 0, 0
70070, 2, 0, 0, 0, 2, 0
70071, 4, 1, 1, 0, 4, 0
70074, 1, 0, 0, 0, 1, 0
70083, 1, 0, 0, 0, 1, 0
70084, 1, 0, 0, 0, 1, 0
70086, 1, 0, 0, 0, 1, 0
77362, 0, 1, 1, 0, 0, 0
70094, 3, 0, 0, 0, 3, 0
70096, 1, 0, 0, 0, 1, 0
70097, 1, 0, 0, 0, 1, 0
70098, 1, 0, 0, 0, 1, 0
70099, 1, 0, 0, 0, 1, 0
70100, 0, 1, 1, 0, 0, 0
70849, 2, 1, 1, 0, 2, 0
70103, 1, 0, 0, 0, 0, 1
75287, 0, 1, 1, 0, 0, 0
70108, 1, 0, 0, 0, 1, 0
70109, 1, 0, 0, 0, 1, 0
70111, 2, 0, 0, 0, 2, 0
70112, 0, 1, 1, 0, 0, 0
70114, 1, 0, 0, 0, 1, 0
70119, 3, 0, 0, 0, 3, 0
70120, 11, 0, 0, 0, 9, 2
70121, 0, 1, 0, 1, 0, 0
70122, 1, 0, 0, 0, 1, 0
70125, 1, 0, 0, 0, 1, 0
70129, 1, 0, 0, 0, 1, 0
70133, 2, 0, 0, 0, 2, 0
70134, 1, 0, 0, 0, 1, 0
70137, 0, 1, 1, 0, 0, 0
70138, 1, 0, 0, 0, 1, 0
70140, 2, 0, 0, 0, 2, 0
70142, 2, 0, 0, 0, 2, 0
82090, 0, 2, 1, 1, 0, 0
70542, 1, 1, 1, 0, 1, 0
70148, 1, 0, 0, 0, 1, 0
70151, 1, 0, 0, 0, 1, 0
70152, 3, 0, 0, 0, 3, 0
75888, 1, 1, 1, 0, 1, 0
70399, 0, 1, 1, 0, 0, 0
70162, 1, 0, 0, 0, 1, 0
70163, 1, 0, 0, 0, 1, 0
70164, 0, 4, 4, 0, 0, 0
70165, 1, 0, 0, 0, 1, 0
70168, 1, 0, 0, 0, 1, 0
70169, 1, 0, 0, 0, 1, 0
70172, 1, 0, 0, 0, 1, 0
70173, 1, 0, 0, 0, 1, 0
70174, 2, 0, 0, 0, 1, 1
70177, 1, 0, 0, 0, 1, 0
70178, 1, 0, 0, 0, 1, 0
70182, 1, 0, 0, 0, 1, 0
70183, 6, 0, 0, 0, 6, 0
70185, 1, 0, 0, 0, 1, 0
70186, 12, 0, 0, 0, 12, 0
70187, 4, 0, 0, 0, 4, 0
70188, 0, 1, 1, 0, 0, 0
70193, 1, 0, 0, 0, 1, 0
70195, 1, 0, 0, 0, 1, 0
70196, 0, 1, 1, 0, 0, 0
70199, 1, 0, 0, 0, 1, 0
70200, 0, 1, 1, 0, 0, 0
70203, 1, 0, 0, 0, 1, 0
70205, 1, 0, 0, 0, 1, 0
70206, 0, 1, 1, 0, 0, 0
70207, 1, 0, 0, 0, 1, 0
70213, 1, 0, 0, 0, 1, 0
70214, 1, 1, 1, 0, 1, 0
70215, 1, 1, 1, 0, 1, 0
70216, 1, 0, 0, 0, 1, 0
70223, 1, 0, 0, 0, 1, 0
70227, 1, 0, 0, 0, 1, 0
70229, 1, 1, 1, 0, 1, 0
70230, 1, 0, 0, 0, 0, 1
70231, 1, 0, 0, 0, 1, 0
70234, 1, 0, 0, 0, 1, 0
70236, 2, 0, 0, 0, 2, 0
70237, 3, 0, 0, 0, 3, 0
70239, 1, 0, 0, 0, 1, 0
70241, 1, 0, 0, 0, 1, 0
70242, 1, 0, 0, 0, 1, 0
87333, 2, 3, 3, 0, 2, 0
85694, 0, 1, 1, 0, 0, 0
73288, 0, 1, 1, 0, 0, 0
70498, 2, 3, 3, 0, 2, 0
70384, 6, 1, 1, 0, 6, 0
75696, 0, 2, 2, 0, 0, 0
70272, 2, 1, 1, 0, 2, 0
70279, 1, 0, 0, 0, 1, 0
70280, 1, 0, 0, 0, 1, 0
70281, 1, 1, 1, 0, 1, 0
70282, 1, 1, 1, 0, 1, 0
70285, 1, 0, 0, 0, 1, 0
70286, 0, 1, 1, 0, 0, 0
70290, 3, 0, 0, 0, 3, 0
83595, 0, 1, 1, 0, 0, 0
83596, 0, 1, 1, 0, 0, 0
83597, 0, 1, 1, 0, 0, 0
83598, 0, 1, 1, 0, 0, 0
83599, 0, 1, 1, 0, 0, 0
83601, 0, 1, 1, 0, 0, 0
83602, 0, 1, 1, 0, 0, 0
70292, 1, 0, 0, 0, 1, 0
75196, 3, 2, 2, 0, 3, 0
75504, 2, 3, 3, 0, 2, 0
75505, 2, 4, 4, 0, 2, 0
77888, 3, 1, 1, 0, 3, 0
79005, 1, 1, 1, 0, 1, 0
82499, 2, 1, 1, 0, 2, 0
82500, 0, 2, 2, 0, 0, 0
83300, 0, 1, 1, 0, 0, 0
83301, 0, 1, 1, 0, 0, 0
83302, 0, 1, 1, 0, 0, 0
83303, 0, 1, 1, 0, 0, 0
83304, 0, 1, 1, 0, 0, 0
75532, 2, 1, 1, 0, 2, 0
70302, 2, 0, 0, 0, 1, 1
70303, 1, 0, 0, 0, 1, 0
70304, 1, 0, 0, 0, 1, 0
70305, 0, 1, 1, 0, 0, 0
70307, 1, 0, 0, 0, 1, 0
70309, 1, 0, 0, 0, 1, 0
70310, 0, 2, 2, 0, 0, 0
70311, 5, 1, 1, 0, 5, 0
70312, 1, 0, 0, 0, 1, 0
70318, 1, 0, 0, 0, 1, 0
70319, 4, 0, 0, 0, 4, 0
84182, 0, 1, 1, 0, 0, 0
70338, 1, 0, 0, 0, 1, 0
79225, 1, 1, 1, 0, 1, 0
80047, 0, 1, 1, 0, 0, 0
75266, 0, 1, 1, 0, 0, 0
75267, 2, 1, 1, 0, 2, 0
78346, 1, 1, 1, 0, 1, 0
70347, 1, 0, 0, 0, 1, 0
70349, 1, 0, 0, 0, 1, 0
70352, 1, 0, 0, 0, 1, 0
70353, 1, 0, 0, 0, 1, 0
70355, 2, 0, 0, 0, 2, 0
70357, 0, 6, 6, 0, 0, 0
70360, 1, 0, 0, 0, 1, 0
70361, 1, 0, 0, 0, 1, 0
70365, 1, 0, 0, 0, 1, 0
70366, 0, 1, 1, 0, 0, 0
70367, 1, 0, 0, 0, 1, 0
70368, 1, 0, 0, 0, 1, 0
70369, 0, 1, 1, 0, 0, 0
70370, 1, 0, 0, 0, 1, 0
70371, 5, 1, 1, 0, 5, 0
70372, 1, 0, 0, 0, 1, 0
70378, 3, 0, 0, 0, 3, 0
70382, 1, 0, 0, 0, 1, 0
70388, 1, 0, 0, 0, 1, 0
70394, 1, 0, 0, 0, 1, 0
70395, 1, 0, 0, 0, 1, 0
70397, 1, 0, 0, 0, 1, 0
70398, 2, 0, 0, 0, 2, 0
76796, 7, 1, 1, 0, 7, 0
84177, 3, 1, 1, 0, 3, 0
70403, 3, 1, 1, 0, 3, 0
70407, 2, 0, 0, 0, 2, 0
83706, 0, 1, 1, 0, 0, 0
70410, 2, 0, 0, 0, 2, 0
85811, 2, 1, 1, 0, 2, 0
86245, 0, 1, 1, 0, 0, 0
70415, 2, 0, 0, 0, 2, 0
70418, 3, 0, 0, 0, 3, 0
70419, 1, 0, 0, 0, 1, 0
70420, 0, 1, 1, 0, 0, 0
70423, 1, 0, 0, 0, 1, 0
70424, 1, 0, 0, 0, 1, 0
70433, 1, 0, 0, 0, 1, 0
70451, 1, 0, 0, 0, 1, 0
70453, 1, 0, 0, 0, 1, 0
70454, 1, 0, 0, 0, 1, 0
70470, 1, 0, 0, 0, 1, 0
70473, 1, 0, 0, 0, 1, 0
70475, 1, 0, 0, 0, 1, 0
70479, 4, 0, 0, 0, 4, 0
70489, 1, 0, 0, 0, 1, 0
70490, 0, 1, 1, 0, 0, 0
70491, 1, 0, 0, 0, 1, 0
70492, 0, 1, 1, 0, 0, 0
70494, 0, 1, 0, 1, 0, 0
70495, 0, 1, 0, 1, 0, 0
70496, 3, 0, 0, 0, 2, 1
70497, 1, 0, 0, 0, 1, 0
70501, 1, 0, 0, 0, 1, 0
70502, 1, 0, 0, 0, 1, 0
71478, 0, 1, 1, 0, 0, 0
71479, 0, 1, 1, 0, 0, 0
70633, 0, 1, 1, 0, 0, 0
105584, 0, 1, 1, 0, 0, 0
125983, 0, 1, 1, 0, 0, 0
126289, 1, 1, 1, 0, 1, 0
80031, 1, 1, 1, 0, 1, 0
76130, 0, 1, 1, 0, 0, 0
71699, 0, 1, 1, 0, 0, 0
93325, 5, 1, 1, 0, 4, 1
70533, 1, 0, 0, 0, 1, 0
71882, 0, 1, 1, 0, 0, 0
71883, 1, 1, 1, 0, 1, 0
70538, 1, 0, 0, 0, 1, 0
70539, 0, 1, 1, 0, 0, 0
70540, 1, 0, 0, 0, 1, 0
70543, 1, 0, 0, 0, 1, 0
70544, 1, 0, 0, 0, 1, 0
70551, 1, 0, 0, 0, 0, 1
71836, 4, 2, 2, 0, 4, 0
81989, 1, 1, 1, 0, 1, 0
70563, 1, 0, 0, 0, 1, 0
70565, 1, 0, 0, 0, 1, 0
70566, 1, 0, 0, 0, 1, 0
70567, 0, 1, 1, 0, 0, 0
70568, 1, 0, 0, 0, 1, 0
70570, 0, 1, 1, 0, 0, 0
70571, 0, 1, 1, 0, 0, 0
70572, 1, 0, 0, 0, 1, 0
72966, 0, 1, 0, 1, 0, 0
70585, 1, 0, 0, 0, 1, 0
70587, 3, 0, 0, 0, 3, 0
70588, 3, 1, 1, 0, 3, 0
71698, 1, 1, 1, 0, 1, 0
70589, 2, 0, 0, 0, 2, 0
70590, 1, 0, 0, 0, 1, 0
70591, 1, 0, 0, 0, 1, 0
70595, 1, 0, 0, 0, 1, 0
70597, 1, 0, 0, 0, 1, 0
70623, 2, 0, 0, 0, 2, 0
70624, 3, 0, 0, 0, 3, 0
70625, 1, 0, 0, 0, 1, 0
70629, 2, 0, 0, 0, 2, 0
70631, 1, 0, 0, 0, 1, 0
70632, 1, 0, 0, 0, 1, 0
70636, 1, 0, 0, 0, 1, 0
104041, 0, 1, 1, 0, 0, 0
70646, 1, 0, 0, 0, 1, 0
70648, 1, 0, 0, 0, 1, 0
70649, 1, 0, 0, 0, 1, 0
86553, 1, 1, 1, 0, 1, 0
86948, 1, 1, 1, 0, 1, 0
86949, 1, 1, 1, 0, 1, 0
88728, 0, 1, 1, 0, 0, 0
81083, 0, 1, 1, 0, 0, 0
70656, 3, 0, 0, 0, 2, 1
70657, 1, 0, 0, 0, 0, 1
70664, 1, 0, 0, 0, 1, 0
70665, 1, 1, 1, 0, 1, 0
70666, 2, 1, 1, 0, 2, 0
70972, 0, 1, 1, 0, 0, 0
70667, 1, 0, 0, 0, 1, 0
70668, 0, 1, 1, 0, 0, 0
70671, 2, 0, 0, 0, 2, 0
70672, 1, 0, 0, 0, 1, 0
70675, 1, 0, 0, 0, 1, 0
76771, 2, 1, 1, 0, 2, 0
70679, 1, 0, 0, 0, 1, 0
70680, 1, 0, 0, 0, 1, 0
70681, 1, 0, 0, 0, 1, 0
70682, 1, 0, 0, 0, 1, 0
70685, 1, 0, 0, 0, 1, 0
70686, 1, 0, 0, 0, 1, 0
70687, 1, 0, 0, 0, 1, 0
70688, 1, 0, 0, 0, 1, 0
70691, 1, 0, 0, 0, 1, 0
70692, 4, 0, 0, 0, 2, 2
70694, 1, 0, 0, 0, 1, 0
70695, 2, 0, 0, 0, 2, 0
70698, 2, 0, 0, 0, 2, 0
70699, 1, 0, 0, 0, 1, 0
70700, 1, 0, 0, 0, 1, 0
83346, 3, 1, 1, 0, 3, 0
73685, 5, 4, 4, 0, 5, 0
73686, 5, 4, 4, 0, 5, 0
73687, 4, 4, 4, 0, 4, 0
73688, 4, 4, 4, 0, 4, 0
73689, 0, 1, 1, 0, 0, 0
73157, 0, 1, 1, 0, 0, 0
70715, 1, 0, 0, 0, 1, 0
70717, 1, 0, 0, 0, 1, 0
70718, 1, 0, 0, 0, 1, 0
70720, 1, 0, 0, 0, 1, 0
70723, 0, 1, 1, 0, 0, 0
70726, 4, 0, 0, 0, 4, 0
70727, 3, 0, 0, 0, 3, 0
73028, 0, 1, 1, 0, 0, 0
70730, 5, 0, 0, 0, 5, 0
70731, 0, 1, 1, 0, 0, 0
78738, 1, 1, 1, 0, 1, 0
70734, 3, 0, 0, 0, 3, 0
98702, 1, 2, 2, 0, 1, 0
76738, 1, 4, 4, 0, 1, 0
70740, 1, 0, 0, 0, 1, 0
70741, 0, 2, 2, 0, 0, 0
95364, 0, 1, 1, 0, 0, 0
70746, 1, 0, 0, 0, 1, 0
70749, 1, 0, 0, 0, 1, 0
70750, 1, 0, 0, 0, 1, 0
70751, 1, 0, 0, 0, 1, 0
70766, 1, 1, 1, 0, 1, 0
73596, 0, 1, 1, 0, 0, 0
70768, 1, 0, 0, 0, 1, 0
70769, 0, 1, 1, 0, 0, 0
70770, 1, 0, 0, 0, 1, 0
70771, 0, 1, 1, 0, 0, 0
70772, 1, 0, 0, 0, 1, 0
70774, 1, 0, 0, 0, 0, 1
70775, 1, 0, 0, 0, 1, 0
81277, 1, 1, 1, 0, 1, 0
70781, 3, 0, 0, 0, 2, 1
70783, 1, 0, 0, 0, 1, 0
70787, 1, 0, 0, 0, 1, 0
70788, 1, 0, 0, 0, 1, 0
70789, 1, 0, 0, 0, 0, 1
70790, 0, 1, 0, 1, 0, 0
70793, 1, 0, 0, 0, 1, 0
70795, 1, 0, 0, 0, 1, 0
76221, 0, 2, 2, 0, 0, 0
70805, 1, 0, 0, 0, 0, 1
70806, 1, 0, 0, 0, 1, 0
70807, 1, 0, 0, 0, 1, 0
70808, 6, 5, 5, 0, 6, 0
73535, 1, 1, 1, 0, 1, 0
75443, 1, 1, 1, 0, 1, 0
75444, 0, 1, 1, 0, 0, 0
75445, 0, 1, 1, 0, 0, 0
70813, 2, 0, 0, 0, 0, 2
70814, 1, 0, 0, 0, 1, 0
70815, 4, 0, 0, 0, 4, 0
70817, 1, 0, 0, 0, 1, 0
70821, 3, 0, 0, 0, 3, 0
70837, 1, 0, 0, 0, 1, 0
88430, 1, 1, 1, 0, 1, 0
88513, 1, 1, 1, 0, 1, 0
90962, 0, 1, 1, 0, 0, 0
70843, 1, 0, 0, 0, 1, 0
70847, 2, 0, 0, 0, 2, 0
70850, 1, 0, 0, 0, 1, 0
70854, 1, 0, 0, 0, 1, 0
70855, 1, 0, 0, 0, 1, 0
70856, 0, 1, 1, 0, 0, 0
70857, 1, 0, 0, 0, 1, 0
70858, 2, 0, 0, 0, 1, 1
70859, 1, 0, 0, 0, 1, 0
70860, 0, 1, 1, 0, 0, 0
70861, 2, 1, 1, 0, 2, 0
70864, 3, 1, 1, 0, 3, 0
78984, 0, 1, 1, 0, 0, 0
70875, 1, 0, 0, 0, 1, 0
81608, 1, 1, 1, 0, 1, 0
70877, 1, 0, 0, 0, 1, 0
70894, 1, 0, 0, 0, 1, 0
70895, 1, 0, 0, 0, 1, 0
70898, 1, 0, 0, 0, 1, 0
70899, 1, 0, 0, 0, 1, 0
70902, 1, 0, 0, 0, 1, 0
70905, 1, 0, 0, 0, 1, 0
70907, 2, 0, 0, 0, 2, 0
70910, 3, 0, 0, 0, 3, 0
70911, 2, 0, 0, 0, 2, 0
70914, 2, 0, 0, 0, 2, 0
70915, 4, 0, 0, 0, 4, 0
70917, 6, 0, 0, 0, 6, 0
70918, 1, 0, 0, 0, 1, 0
70921, 4, 0, 0, 0, 4, 0
70922, 3, 1, 1, 0, 3, 0
70927, 4, 0, 0, 0, 1, 3
70929, 1, 0, 0, 0, 1, 0
70931, 2, 0, 0, 0, 2, 0
70934, 1, 0, 0, 0, 1, 0
70938, 3, 1, 1, 0, 3, 0
70941, 1, 1, 0, 1, 1, 0
70942, 1, 0, 0, 0, 1, 0
70943, 1, 0, 0, 0, 1, 0
70944, 1, 0, 0, 0, 1, 0
70945, 1, 0, 0, 0, 1, 0
70946, 1, 0, 0, 0, 1, 0
70948, 1, 0, 0, 0, 1, 0
70952, 4, 0, 0, 0, 2, 2
95746, 0, 1, 1, 0, 0, 0
70953, 1, 0, 0, 0, 1, 0
70963, 1, 0, 0, 0, 1, 0
70968, 3, 0, 0, 0, 3, 0
70969, 1, 1, 1, 0, 1, 0
70973, 1, 1, 1, 0, 1, 0
70974, 2, 1, 1, 0, 2, 0
70975, 3, 1, 1, 0, 3, 0
70981, 2, 0, 0, 0, 2, 0
70982, 0, 1, 1, 0, 0, 0
70988, 0, 1, 1, 0, 0, 0
79350, 0, 1, 1, 0, 0, 0
70990, 1, 0, 0, 0, 1, 0
79135, 1, 1, 1, 0, 1, 0
82121, 1, 1, 1, 0, 1, 0
96368, 1, 1, 1, 0, 1, 0
96370, 0, 1, 1, 0, 0, 0
81029, 0, 1, 1, 0, 0, 0
71008, 2, 0, 0, 0, 2, 0
71010, 1, 0, 0, 0, 1, 0
71012, 1, 0, 0, 0, 1, 0
71013, 0, 2, 2, 0, 0, 0
71017, 1, 0, 0, 0, 1, 0
71019, 1, 0, 0, 0, 1, 0
71022, 2, 0, 0, 0, 2, 0
71028, 1, 1, 1, 0, 1, 0
71029, 4, 1, 1, 0, 4, 0
71098, 0, 1, 1, 0, 0, 0
71030, 1, 0, 0, 0, 1, 0
71031, 2, 0, 0, 0, 1, 1
71033, 3, 0, 0, 0, 3, 0
71039, 1, 1, 1, 0, 1, 0
71042, 1, 0, 0, 0, 1, 0
71043, 1, 0, 0, 0, 1, 0
71044, 1, 0, 0, 0, 1, 0
89792, 2, 1, 1, 0, 2, 0
71049, 2, 0, 0, 0, 2, 0
71052, 2, 0, 0, 0, 2, 0
71054, 1, 0, 0, 0, 1, 0
71056, 1, 0, 0, 0, 1, 0
71057, 3, 0, 0, 0, 3, 0
71060, 1, 0, 0, 0, 1, 0
71064, 1, 0, 0, 0, 1, 0
71069, 1, 0, 0, 0, 1, 0
71070, 1, 0, 0, 0, 1, 0
71083, 2, 0, 0, 0, 2, 0
71084, 1, 0, 0, 0, 1, 0
71086, 1, 0, 0, 0, 1, 0
71087, 1, 1, 1, 0, 1, 0
77724, 0, 1, 1, 0, 0, 0
71089, 1, 0, 0, 0, 1, 0
71099, 2, 0, 0, 0, 2, 0
71103, 2, 0, 0, 0, 1, 1
71105, 3, 1, 1, 0, 3, 0
71107, 2, 0, 0, 0, 2, 0
71112, 2, 0, 0, 0, 2, 0
71113, 3, 0, 0, 0, 3, 0
71116, 1, 0, 0, 0, 1, 0
71120, 1, 0, 0, 0, 1, 0
71122, 1, 0, 0, 0, 0, 1
71123, 2, 0, 0, 0, 2, 0
71130, 1, 1, 1, 0, 1, 0
71133, 2, 0, 0, 0, 2, 0
71134, 0, 1, 1, 0, 0, 0
71135, 1, 0, 0, 0, 1, 0
71137, 1, 0, 0, 0, 1, 0
71138, 1, 0, 0, 0, 1, 0
71140, 2, 0, 0, 0, 2, 0
71142, 1, 0, 0, 0, 1, 0
71147, 1, 0, 0, 0, 1, 0
71150, 1, 0, 0, 0, 1, 0
71158, 1, 0, 0, 0, 1, 0
71159, 1, 0, 0, 0, 1, 0
71160, 1, 1, 1, 0, 1, 0
71161, 1, 1, 1, 0, 1, 0
71162, 1, 0, 0, 0, 1, 0
71167, 2, 0, 0, 0, 2, 0
71168, 1, 0, 0, 0, 1, 0
71171, 1, 0, 0, 0, 1, 0
71172, 1, 0, 0, 0, 1, 0
71173, 1, 0, 0, 0, 1, 0
71174, 1, 1, 1, 0, 1, 0
71175, 2, 2, 2, 0, 2, 0
79133, 1, 1, 1, 0, 1, 0
71176, 1, 0, 0, 0, 1, 0
71177, 1, 0, 0, 0, 1, 0
71178, 1, 0, 0, 0, 1, 0
76488, 0, 1, 1, 0, 0, 0
73042, 1, 1, 1, 0, 1, 0
71190, 1, 0, 0, 0, 1, 0
71193, 1, 0, 0, 0, 1, 0
71194, 1, 0, 0, 0, 1, 0
71195, 1, 0, 0, 0, 1, 0
71196, 1, 0, 0, 0, 1, 0
71197, 1, 0, 0, 0, 1, 0
71198, 1, 0, 0, 0, 1, 0
71201, 1, 0, 0, 0, 1, 0
71202, 1, 0, 0, 0, 1, 0
71206, 2, 0, 0, 0, 1, 1
80454, 2, 2, 2, 0, 2, 0
80654, 2, 1, 1, 0, 2, 0
71214, 1, 0, 0, 0, 1, 0
71219, 1, 1, 1, 0, 1, 0
71220, 2, 1, 1, 0, 2, 0
76227, 0, 1, 1, 0, 0, 0
71225, 1, 0, 0, 0, 1, 0
71226, 1, 0, 0, 0, 1, 0
85478, 0, 1, 1, 0, 0, 0
71236, 1, 0, 0, 0, 1, 0
71244, 1, 0, 0, 0, 1, 0
71245, 1, 0, 0, 0, 1, 0
71249, 1, 0, 0, 0, 1, 0
71250, 1, 0, 0, 0, 1, 0
71252, 1, 0, 0, 0, 1, 0
71256, 1, 0, 0, 0, 1, 0
71258, 1, 0, 0, 0, 1, 0
71263, 2, 0, 0, 0, 0, 2
131784, 0, 1, 0, 1, 0, 0
71264, 1, 0, 0, 0, 1, 0
71265, 1, 0, 0, 0, 1, 0
77356, 0, 1, 1, 0, 0, 0
77357, 0, 1, 1, 0, 0, 0
71268, 1, 1, 1, 0, 1, 0
71522, 1, 1, 1, 0, 1, 0
71270, 1, 0, 0, 0, 1, 0
75171, 0, 1, 1, 0, 0, 0
71274, 1, 0, 0, 0, 1, 0
71275, 1, 0, 0, 0, 1, 0
71279, 2, 0, 0, 0, 2, 0
71282, 1, 0, 0, 0, 1, 0
71283, 1, 0, 0, 0, 1, 0
71285, 1, 0, 0, 0, 1, 0
71292, 1, 0, 0, 0, 1, 0
71293, 4, 0, 0, 0, 4, 0
71296, 1, 0, 0, 0, 1, 0
71301, 1, 0, 0, 0, 1, 0
71302, 2, 0, 0, 0, 2, 0
71303, 1, 0, 0, 0, 1, 0
71305, 1, 0, 0, 0, 1, 0
71306, 1, 0, 0, 0, 1, 0
71308, 1, 0, 0, 0, 1, 0
71309, 1, 0, 0, 0, 1, 0
71311, 28, 0, 0, 0, 28, 0
71312, 1, 0, 0, 0, 1, 0
71313, 1, 0, 0, 0, 1, 0
71315, 4, 0, 0, 0, 4, 0
71316, 1, 0, 0, 0, 1, 0
71323, 1, 0, 0, 0, 1, 0
71335, 1, 0, 0, 0, 1, 0
71336, 1, 0, 0, 0, 1, 0
71337, 1, 0, 0, 0, 1, 0
71338, 1, 0, 0, 0, 1, 0
71339, 1, 0, 0, 0, 1, 0
71350, 3, 0, 0, 0, 2, 1
71352, 0, 1, 1, 0, 0, 0
71353, 1, 0, 0, 0, 1, 0
71354, 1, 0, 0, 0, 1, 0
71356, 1, 0, 0, 0, 1, 0
75650, 13, 2, 2, 0, 13, 0
71358, 1, 0, 0, 0, 1, 0
71360, 1, 0, 0, 0, 1, 0
71363, 2, 1, 1, 0, 2, 0
71364, 5, 2, 2, 0, 3, 2
71366, 1, 0, 0, 0, 1, 0
71370, 1, 0, 0, 0, 1, 0
71371, 1, 0, 0, 0, 1, 0
71372, 0, 1, 1, 0, 0, 0
81498, 3, 1, 1, 0, 3, 0
89529, 0, 1, 1, 0, 0, 0
71384, 1, 0, 0, 0, 1, 0
71387, 1, 0, 0, 0, 1, 0
71388, 2, 0, 0, 0, 2, 0
71389, 1, 1, 1, 0, 1, 0
71390, 1, 0, 0, 0, 1, 0
71391, 1, 0, 0, 0, 1, 0
71392, 1, 1, 1, 0, 1, 0
71393, 1, 1, 1, 0, 1, 0
71394, 1, 0, 0, 0, 0, 1
71396, 2, 0, 0, 0, 1, 1
71398, 1, 0, 0, 0, 1, 0
74293, 1, 1, 1, 0, 1, 0
74629, 4, 1, 1, 0, 4, 0
75145, 0, 1, 1, 0, 0, 0
71404, 1, 0, 0, 0, 1, 0
71409, 1, 0, 0, 0, 1, 0
71410, 1, 1, 1, 0, 1, 0
71412, 1, 0, 0, 0, 1, 0
71415, 1, 0, 0, 0, 1, 0
82771, 0, 1, 1, 0, 0, 0
82772, 0, 1, 1, 0, 0, 0
71421, 1, 0, 0, 0, 1, 0
71424, 0, 2, 2, 0, 0, 0
71425, 0, 1, 1, 0, 0, 0
71426, 2, 0, 0, 0, 2, 0
71427, 0, 1, 1, 0, 0, 0
71428, 0, 1, 1, 0, 0, 0
71429, 1, 0, 0, 0, 1, 0
71452, 3, 1, 1, 0, 3, 0
71453, 0, 1, 1, 0, 0, 0
71454, 1, 1, 1, 0, 1, 0
71455, 1, 0, 0, 0, 1, 0
71460, 1, 0, 0, 0, 1, 0
71463, 1, 0, 0, 0, 1, 0
71464, 1, 0, 0, 0, 1, 0
71468, 1, 0, 0, 0, 1, 0
71470, 1, 0, 0, 0, 1, 0
71471, 1, 0, 0, 0, 1, 0
71477, 1, 0, 0, 0, 1, 0
71480, 2, 0, 0, 0, 2, 0
71482, 1, 0, 0, 0, 1, 0
71485, 1, 0, 0, 0, 1, 0
75032, 4, 4, 4, 0, 4, 0
78531, 2, 2, 2, 0, 2, 0
80046, 0, 2, 2, 0, 0, 0
71503, 3, 0, 0, 0, 3, 0
71506, 1, 0, 0, 0, 1, 0
71507, 1, 0, 0, 0, 1, 0
71508, 3, 0, 0, 0, 1, 2
71509, 1, 0, 0, 0, 1, 0
71510, 0, 1, 1, 0, 0, 0
71515, 1, 0, 0, 0, 1, 0
71529, 1, 0, 0, 0, 1, 0
71531, 1, 1, 1, 0, 1, 0
71533, 1, 0, 0, 0, 1, 0
71534, 3, 1, 1, 0, 3, 0
128036, 0, 1, 0, 1, 0, 0
71542, 1, 0, 0, 0, 1, 0
85699, 1, 1, 1, 0, 1, 0
71544, 16, 0, 0, 0, 16, 0
71545, 2, 1, 1, 0, 2, 0
71546, 2, 1, 1, 0, 2, 0
71547, 2, 1, 1, 0, 2, 0
71925, 1, 1, 1, 0, 1, 0
71551, 1, 1, 1, 0, 1, 0
85539, 0, 1, 1, 0, 0, 0
71553, 1, 0, 0, 0, 1, 0
71554, 1, 1, 1, 0, 0, 1
93677, 0, 1, 0, 1, 0, 0
71555, 1, 0, 0, 0, 1, 0
71557, 2, 1, 1, 0, 2, 0
71561, 2, 0, 0, 0, 0, 2
71562, 1, 1, 1, 0, 1, 0
71656, 3, 1, 0, 1, 1, 2
71568, 3, 0, 0, 0, 3, 0
71569, 1, 1, 1, 0, 1, 0
71570, 1, 1, 1, 0, 1, 0
71574, 2, 0, 0, 0, 2, 0
71575, 1, 0, 0, 0, 1, 0
71576, 5, 0, 0, 0, 5, 0
83358, 0, 1, 1, 0, 0, 0
71579, 2, 0, 0, 0, 2, 0
71581, 2, 0, 0, 0, 2, 0
71587, 1, 0, 0, 0, 1, 0
71588, 1, 0, 0, 0, 1, 0
71589, 1, 0, 0, 0, 1, 0
80236, 1, 1, 1, 0, 1, 0
71595, 1, 0, 0, 0, 1, 0
71596, 1, 0, 0, 0, 1, 0
71597, 1, 0, 0, 0, 1, 0
71598, 1, 0, 0, 0, 1, 0
71887, 1, 1, 1, 0, 1, 0
71607, 1, 0, 0, 0, 1, 0
71617, 1, 0, 0, 0, 1, 0
71618, 3, 1, 1, 0, 3, 0
71620, 1, 0, 0, 0, 1, 0
71621, 1, 0, 0, 0, 1, 0
71622, 0, 1, 1, 0, 0, 0
71623, 1, 0, 0, 0, 1, 0
71624, 1, 0, 0, 0, 1, 0
71625, 1, 0, 0, 0, 1, 0
71628, 1, 0, 0, 0, 1, 0
71630, 1, 0, 0, 0, 1, 0
71633, 1, 0, 0, 0, 1, 0
71639, 1, 0, 0, 0, 1, 0
71640, 1, 0, 0, 0, 1, 0
71647, 1, 0, 0, 0, 1, 0
71649, 1, 1, 1, 0, 1, 0
121567, 0, 1, 1, 0, 0, 0
71653, 0, 1, 1, 0, 0, 0
71655, 0, 1, 1, 0, 0, 0
71652, 3, 0, 0, 0, 3, 0
115794, 1, 1, 1, 0, 0, 1
71666, 1, 0, 0, 0, 1, 0
71668, 1, 0, 0, 0, 1, 0
71673, 3, 0, 0, 0, 3, 0
73993, 0, 1, 1, 0, 0, 0
71700, 7, 0, 0, 0, 5, 2
71701, 1, 0, 0, 0, 1, 0
71702, 2, 0, 0, 0, 2, 0
71703, 1, 0, 0, 0, 1, 0
74901, 0, 1, 1, 0, 0, 0
71716, 3, 0, 0, 0, 3, 0
71723, 1, 1, 1, 0, 1, 0
71724, 0, 2, 2, 0, 0, 0
71729, 1, 0, 0, 0, 0, 1
73662, 2, 1, 1, 0, 2, 0
71735, 3, 0, 0, 0, 3, 0
71738, 1, 0, 0, 0, 1, 0
71741, 1, 0, 0, 0, 1, 0
71742, 2, 0, 0, 0, 2, 0
71743, 1, 0, 0, 0, 1, 0
71744, 1, 0, 0, 0, 1, 0
71745, 1, 1, 1, 0, 1, 0
75227, 0, 2, 2, 0, 0, 0
78604, 0, 1, 1, 0, 0, 0
71747, 1, 0, 0, 0, 1, 0
71748, 1, 0, 0, 0, 1, 0
71749, 1, 0, 0, 0, 1, 0
71750, 7, 0, 0, 0, 6, 1
71751, 1, 0, 0, 0, 1, 0
71752, 2, 1, 1, 0, 2, 0
71755, 1, 0, 0, 0, 1, 0
71756, 1, 0, 0, 0, 1, 0
71758, 1, 0, 0, 0, 0, 1
71762, 1, 0, 0, 0, 1, 0
71764, 1, 0, 0, 0, 1, 0
71765, 1, 0, 0, 0, 1, 0
71766, 0, 1, 1, 0, 0, 0
71768, 1, 0, 0, 0, 1, 0
71769, 1, 0, 0, 0, 1, 0
71777, 3, 0, 0, 0, 3, 0
80070, 1, 1, 1, 0, 1, 0
71783, 1, 0, 0, 0, 1, 0
71784, 6, 1, 1, 0, 6, 0
124760, 0, 1, 1, 0, 0, 0
124987, 1, 1, 1, 0, 1, 0
71790, 1, 0, 0, 0, 1, 0
71791, 2, 1, 0, 1, 2, 0
89927, 0, 1, 0, 1, 0, 0
71793, 1, 0, 0, 0, 1, 0
71794, 2, 0, 0, 0, 2, 0
71796, 1, 0, 0, 0, 1, 0
71803, 1, 0, 0, 0, 1, 0
71804, 1, 0, 0, 0, 1, 0
71805, 1, 0, 0, 0, 1, 0
71806, 1, 0, 0, 0, 1, 0
71807, 2, 0, 0, 0, 1, 1
71808, 1, 0, 0, 0, 1, 0
71809, 1, 0, 0, 0, 1, 0
71811, 1, 0, 0, 0, 1, 0
71812, 1, 0, 0, 0, 1, 0
71829, 1, 0, 0, 0, 1, 0
71830, 1, 0, 0, 0, 1, 0
71831, 1, 0, 0, 0, 1, 0
71832, 1, 0, 0, 0, 1, 0
71834, 1, 0, 0, 0, 1, 0
71835, 1, 1, 1, 0, 1, 0
71837, 1, 0, 0, 0, 1, 0
71840, 1, 0, 0, 0, 1, 0
71841, 1, 2, 2, 0, 1, 0
71842, 1, 0, 0, 0, 1, 0
71845, 0, 1, 1, 0, 0, 0
71847, 1, 0, 0, 0, 1, 0
71850, 1, 0, 0, 0, 1, 0
71864, 1, 0, 0, 0, 1, 0
71867, 1, 0, 0, 0, 1, 0
71871, 1, 0, 0, 0, 1, 0
71872, 2, 0, 0, 0, 2, 0
71877, 2, 0, 0, 0, 2, 0
71878, 3, 0, 0, 0, 3, 0
71880, 2, 0, 0, 0, 2, 0
71885, 3, 1, 1, 0, 3, 0
71886, 1, 1, 1, 0, 1, 0
71888, 1, 0, 0, 0, 1, 0
71890, 1, 0, 0, 0, 1, 0
71891, 1, 0, 0, 0, 1, 0
71897, 1, 0, 0, 0, 1, 0
71898, 10, 3, 3, 0, 10, 0
71900, 0, 1, 1, 0, 0, 0
71901, 0, 1, 1, 0, 0, 0
71902, 0, 1, 1, 0, 0, 0
126302, 1, 1, 1, 0, 1, 0
71903, 1, 0, 0, 0, 1, 0
71907, 1, 0, 0, 0, 1, 0
73714, 0, 1, 1, 0, 0, 0
76444, 1, 1, 1, 0, 1, 0
71914, 1, 1, 1, 0, 1, 0
71916, 1, 0, 0, 0, 1, 0
71917, 1, 0, 0, 0, 1, 0
71918, 1, 0, 0, 0, 1, 0
71919, 1, 0, 0, 0, 1, 0
71922, 1, 0, 0, 0, 1, 0
71929, 1, 0, 0, 0, 1, 0
71930, 0, 1, 1, 0, 0, 0
71932, 5, 2, 2, 0, 5, 0
71934, 1, 0, 0, 0, 1, 0
78892, 2, 4, 4, 0, 2, 0
82235, 0, 1, 1, 0, 0, 0
82236, 0, 1, 1, 0, 0, 0
71938, 1, 0, 0, 0, 1, 0
81288, 1, 1, 0, 1, 1, 0
82773, 0, 1, 0, 1, 0, 0
82774, 0, 1, 1, 0, 0, 0
80189, 8, 3, 3, 0, 8, 0
86578, 0, 1, 1, 0, 0, 0
84606, 3, 3, 3, 0, 3, 0
85466, 1, 3, 3, 0, 1, 0
85527, 4, 3, 3, 0, 4, 0
84412, 3, 1, 1, 0, 3, 0
89195, 0, 1, 1, 0, 0, 0
89196, 0, 1, 1, 0, 0, 0
82519, 0, 1, 1, 0, 0, 0
73267, 1, 2, 2, 0, 1, 0
74234, 0, 1, 1, 0, 0, 0
74235, 0, 1, 1, 0, 0, 0
89603, 0, 1, 1, 0, 0, 0
81271, 1, 1, 1, 0, 1, 0
87335, 0, 2, 2, 0, 0, 0
90267, 1, 2, 2, 0, 1, 0
90511, 0, 2, 2, 0, 0, 0
90512, 0, 1, 1, 0, 0, 0
90105, 1, 1, 1, 0, 1, 0
80036, 10, 1, 1, 0, 10, 0
80037, 2, 2, 2, 0, 2, 0
80038, 1, 1, 1, 0, 1, 0
90173, 0, 1, 1, 0, 0, 0
85005, 0, 1, 1, 0, 0, 0
78876, 0, 1, 1, 0, 0, 0
80317, 0, 1, 1, 0, 0, 0
75868, 0, 1, 1, 0, 0, 0
74752, 1, 1, 1, 0, 1, 0
79576, 0, 1, 1, 0, 0, 0
79577, 0, 1, 1, 0, 0, 0
79578, 0, 1, 1, 0, 0, 0
79579, 0, 1, 1, 0, 0, 0
79580, 0, 1, 1, 0, 0, 0
79581, 0, 1, 1, 0, 0, 0
79585, 0, 1, 1, 0, 0, 0
79586, 0, 1, 1, 0, 0, 0
79588, 0, 1, 1, 0, 0, 0
79589, 0, 1, 1, 0, 0, 0
79590, 0, 1, 1, 0, 0, 0
79591, 0, 1, 1, 0, 0, 0
79593, 0, 1, 1, 0, 0, 0
79594, 0, 1, 1, 0, 0, 0
79595, 0, 1, 1, 0, 0, 0
89467, 0, 1, 1, 0, 0, 0
99534, 2, 1, 1, 0, 2, 0
101221, 1, 2, 2, 0, 1, 0
113913, 1, 1, 0, 1, 0, 1
129364, 0, 1, 1, 0, 0, 0
86442, 0, 1, 1, 0, 0, 0
86443, 0, 1, 1, 0, 0, 0
73889, 0, 6, 6, 0, 0, 0
86374, 1, 1, 1, 0, 1, 0
83582, 5, 2, 2, 0, 4, 1
83583, 3, 2, 2, 0, 3, 0
84274, 3, 1, 1, 0, 3, 0
78633, 0, 3, 3, 0, 0, 0
81849, 0, 2, 2, 0, 0, 0
87926, 0, 1, 1, 0, 0, 0
83657, 0, 1, 1, 0, 0, 0
83658, 0, 1, 1, 0, 0, 0
83659, 0, 1, 1, 0, 0, 0
91897, 0, 1, 1, 0, 0, 0
91898, 0, 1, 1, 0, 0, 0
76847, 2, 3, 3, 0, 2, 0
89387, 0, 1, 1, 0, 0, 0
88425, 0, 1, 1, 0, 0, 0
88426, 0, 1, 1, 0, 0, 0
88427, 0, 1, 1, 0, 0, 0
93426, 0, 1, 1, 0, 0, 0
83086, 2, 1, 1, 0, 2, 0
85672, 0, 1, 1, 0, 0, 0
85757, 1, 1, 1, 0, 1, 0
90826, 0, 1, 1, 0, 0, 0
74356, 1, 1, 1, 0, 1, 0
74360, 1, 1, 1, 0, 1, 0
74362, 0, 1, 1, 0, 0, 0
74365, 3, 1, 1, 0, 3, 0
81767, 1, 1, 1, 0, 1, 0
82581, 0, 1, 1, 0, 0, 0
80612, 1, 1, 1, 0, 1, 0
93529, 2, 1, 1, 0, 2, 0
83953, 0, 1, 1, 0, 0, 0
87458, 1, 1, 1, 0, 1, 0
88818, 0, 1, 1, 0, 0, 0
88819, 0, 1, 1, 0, 0, 0
87102, 1, 2, 1, 1, 1, 0
87103, 3, 3, 3, 0, 0, 3
87563, 2, 2, 0, 2, 2, 0
87907, 0, 2, 2, 0, 0, 0
89965, 1, 1, 1, 0, 1, 0
91969, 0, 1, 1, 0, 0, 0
91970, 0, 1, 1, 0, 0, 0
85410, 1, 1, 1, 0, 1, 0
87998, 0, 1, 1, 0, 0, 0
75100, 1, 1, 1, 0, 1, 0
77799, 2, 2, 2, 0, 2, 0
76218, 5, 2, 2, 0, 5, 0
77773, 1, 1, 1, 0, 1, 0
84023, 1, 1, 1, 0, 1, 0
80760, 0, 1, 1, 0, 0, 0
88556, 0, 1, 1, 0, 0, 0
83542, 0, 1, 1, 0, 0, 0
85380, 0, 1, 1, 0, 0, 0
88955, 2, 2, 2, 0, 2, 0
88956, 3, 2, 2, 0, 3, 0
88543, 0, 2, 2, 0, 0, 0
82694, 0, 1, 1, 0, 0, 0
82695, 0, 1, 1, 0, 0, 0
88992, 2, 1, 1, 0, 2, 0
88993, 3, 1, 1, 0, 3, 0
85480, 1, 1, 1, 0, 1, 0
91853, 0, 1, 1, 0, 0, 0
80008, 2, 1, 1, 0, 2, 0
79479, 1, 1, 1, 0, 0, 1
73332, 1, 1, 1, 0, 1, 0
76872, 1, 1, 1, 0, 1, 0
90686, 1, 1, 1, 0, 1, 0
73172, 1, 1, 1, 0, 1, 0
77749, 1, 1, 1, 0, 1, 0
88454, 3, 2, 2, 0, 3, 0
88589, 0, 2, 2, 0, 0, 0
73348, 0, 4, 4, 0, 0, 0
82534, 0, 1, 1, 0, 0, 0
78963, 0, 1, 1, 0, 0, 0
79342, 0, 4, 3, 1, 0, 0
88049, 0, 1, 1, 0, 0, 0
89655, 1, 1, 1, 0, 1, 0
90588, 0, 4, 4, 0, 0, 0
90589, 0, 1, 0, 1, 0, 0
87638, 1, 1, 1, 0, 1, 0
83139, 0, 1, 1, 0, 0, 0
83140, 0, 2, 2, 0, 0, 0
88052, 0, 1, 1, 0, 0, 0
88053, 0, 1, 1, 0, 0, 0
88054, 0, 1, 1, 0, 0, 0
76554, 0, 2, 2, 0, 0, 0
87977, 1, 2, 2, 0, 1, 0
87978, 0, 1, 1, 0, 0, 0
87979, 0, 1, 1, 0, 0, 0
87980, 0, 2, 2, 0, 0, 0
87981, 0, 1, 1, 0, 0, 0
84421, 0, 1, 1, 0, 0, 0
84422, 0, 1, 1, 0, 0, 0
86214, 0, 1, 1, 0, 0, 0
88978, 0, 1, 1, 0, 0, 0
81275, 0, 1, 1, 0, 0, 0
84646, 0, 1, 1, 0, 0, 0
82477, 0, 1, 1, 0, 0, 0
81363, 1, 1, 1, 0, 1, 0
87090, 2, 1, 1, 0, 2, 0
88746, 1, 4, 4, 0, 1, 0
93395, 0, 1, 1, 0, 0, 0
116832, 5, 1, 1, 0, 5, 0
83005, 0, 1, 0, 1, 0, 0
86440, 1, 1, 1, 0, 1, 0
90103, 1, 1, 1, 0, 1, 0
91061, 0, 2, 2, 0, 0, 0
80587, 1, 1, 1, 0, 1, 0
87917, 2, 1, 1, 0, 2, 0
87918, 1, 2, 2, 0, 1, 0
87919, 0, 1, 1, 0, 0, 0
87920, 0, 1, 1, 0, 0, 0
87921, 0, 1, 1, 0, 0, 0
86857, 1, 1, 1, 0, 1, 0
75648, 0, 1, 1, 0, 0, 0
72637, 1, 0, 0, 0, 1, 0
72640, 2, 0, 0, 0, 2, 0
72643, 2, 0, 0, 0, 2, 0
72644, 1, 0, 0, 0, 1, 0
72645, 1, 0, 0, 0, 1, 0
72646, 1, 1, 1, 0, 1, 0
72649, 1, 0, 0, 0, 1, 0
72650, 1, 0, 0, 0, 1, 0
72651, 3, 0, 0, 0, 3, 0
72652, 1, 0, 0, 0, 1, 0
72653, 1, 0, 0, 0, 1, 0
72654, 5, 1, 1, 0, 5, 0
72655, 4, 0, 0, 0, 4, 0
72656, 0, 1, 1, 0, 0, 0
72658, 1, 0, 0, 0, 1, 0
72659, 0, 1, 1, 0, 0, 0
72660, 1, 0, 0, 0, 1, 0
72663, 3, 0, 0, 0, 3, 0
72664, 0, 1, 1, 0, 0, 0
72674, 3, 0, 0, 0, 3, 0
72676, 1, 0, 0, 0, 1, 0
73310, 1, 2, 2, 0, 1, 0
85475, 0, 1, 1, 0, 0, 0
72684, 1, 0, 0, 0, 1, 0
72686, 0, 1, 1, 0, 0, 0
72688, 1, 0, 0, 0, 1, 0
72689, 1, 0, 0, 0, 1, 0
72690, 1, 0, 0, 0, 1, 0
72691, 2, 0, 0, 0, 2, 0
80043, 0, 1, 1, 0, 0, 0
72693, 1, 1, 1, 0, 1, 0
74764, 0, 2, 2, 0, 0, 0
72702, 1, 0, 0, 0, 1, 0
72718, 1, 0, 0, 0, 1, 0
72719, 1, 0, 0, 0, 1, 0
72720, 2, 0, 0, 0, 2, 0
72721, 1, 0, 0, 0, 1, 0
72724, 1, 0, 0, 0, 1, 0
72734, 1, 0, 0, 0, 0, 1
72735, 1, 0, 0, 0, 1, 0
72737, 1, 0, 0, 0, 1, 0
72738, 1, 0, 0, 0, 1, 0
72741, 4, 0, 0, 0, 4, 0
72742, 0, 1, 1, 0, 0, 0
93580, 0, 1, 1, 0, 0, 0
72747, 1, 0, 0, 0, 1, 0
72748, 1, 0, 0, 0, 1, 0
72762, 3, 0, 0, 0, 3, 0
72764, 1, 0, 0, 0, 1, 0
72765, 2, 0, 0, 0, 2, 0
72766, 1, 0, 0, 0, 1, 0
72767, 1, 0, 0, 0, 1, 0
72772, 2, 0, 0, 0, 2, 0
72773, 1, 1, 1, 0, 1, 0
72774, 1, 0, 0, 0, 1, 0
72777, 1, 2, 2, 0, 1, 0
72952, 5, 3, 3, 0, 5, 0
72953, 4, 3, 3, 0, 4, 0
73989, 1, 1, 1, 0, 1, 0
72779, 1, 0, 0, 0, 0, 1
72791, 1, 0, 0, 0, 1, 0
72792, 1, 0, 0, 0, 1, 0
76173, 0, 1, 1, 0, 0, 0
72794, 4, 0, 0, 0, 4, 0
72795, 0, 1, 1, 0, 0, 0
72796, 0, 1, 1, 0, 0, 0
76354, 1, 2, 2, 0, 1, 0
72798, 1, 0, 0, 0, 0, 1
72801, 1, 1, 1, 0, 1, 0
72803, 1, 0, 0, 0, 1, 0
72804, 1, 0, 0, 0, 1, 0
72809, 1, 0, 0, 0, 1, 0
73070, 0, 1, 1, 0, 0, 0
72815, 2, 1, 1, 0, 2, 0
72817, 1, 0, 0, 0, 0, 1
72820, 2, 1, 1, 0, 2, 0
72821, 1, 0, 0, 0, 1, 0
72824, 3, 0, 0, 0, 3, 0
72826, 2, 0, 0, 0, 2, 0
72866, 3, 0, 0, 0, 3, 0
72869, 1, 0, 0, 0, 1, 0
72876, 1, 0, 0, 0, 1, 0
72877, 0, 1, 1, 0, 0, 0
72885, 1, 0, 0, 0, 1, 0
72889, 2, 0, 0, 0, 2, 0
72905, 1, 0, 0, 0, 1, 0
72906, 1, 0, 0, 0, 1, 0
72908, 1, 0, 0, 0, 0, 1
72909, 1, 0, 0, 0, 0, 1
72912, 1, 0, 0, 0, 1, 0
72915, 1, 0, 0, 0, 1, 0
72916, 1, 0, 0, 0, 1, 0
76534, 0, 1, 1, 0, 0, 0
72921, 1, 0, 0, 0, 1, 0
72924, 1, 0, 0, 0, 1, 0
72931, 1, 0, 0, 0, 1, 0
72944, 5, 0, 0, 0, 5, 0
72947, 1, 1, 1, 0, 1, 0
72948, 1, 1, 1, 0, 1, 0
72950, 1, 0, 0, 0, 1, 0
74125, 1, 1, 1, 0, 1, 0
72960, 1, 0, 0, 0, 1, 0
72961, 1, 0, 0, 0, 1, 0
72964, 1, 0, 0, 0, 1, 0
72978, 1, 0, 0, 0, 1, 0
72979, 1, 0, 0, 0, 1, 0
72982, 4, 0, 0, 0, 4, 0
72985, 1, 0, 0, 0, 0, 1
72989, 0, 1, 1, 0, 0, 0
72993, 1, 0, 0, 0, 1, 0
72994, 1, 0, 0, 0, 1, 0
72999, 1, 0, 0, 0, 1, 0
73004, 1, 0, 0, 0, 1, 0
73005, 1, 0, 0, 0, 1, 0
73006, 1, 0, 0, 0, 1, 0
73007, 3, 0, 0, 0, 3, 0
73008, 5, 0, 0, 0, 5, 0
73010, 1, 0, 0, 0, 1, 0
73012, 1, 0, 0, 0, 1, 0
73016, 1, 0, 0, 0, 1, 0
73018, 3, 0, 0, 0, 3, 0
73025, 1, 0, 0, 0, 0, 1
73029, 1, 0, 0, 0, 1, 0
73033, 1, 0, 0, 0, 1, 0
73035, 1, 0, 0, 0, 1, 0
73036, 1, 1, 1, 0, 1, 0
73037, 2, 0, 0, 0, 2, 0
73038, 1, 1, 1, 0, 1, 0
73039, 1, 0, 0, 0, 1, 0
73040, 1, 1, 1, 0, 1, 0
73045, 1, 0, 0, 0, 1, 0
73047, 1, 0, 0, 0, 1, 0
73051, 1, 0, 0, 0, 1, 0
73056, 1, 0, 0, 0, 1, 0
73057, 1, 1, 1, 0, 1, 0
73058, 2, 0, 0, 0, 2, 0
73059, 1, 1, 1, 0, 1, 0
73061, 1, 0, 0, 0, 1, 0
73062, 3, 0, 0, 0, 3, 0
73066, 1, 2, 2, 0, 1, 0
73067, 1, 0, 0, 0, 1, 0
73072, 3, 0, 0, 0, 3, 0
73073, 0, 1, 1, 0, 0, 0
73077, 0, 1, 1, 0, 0, 0
73075, 1, 0, 0, 0, 1, 0
73079, 1, 0, 0, 0, 1, 0
77873, 0, 1, 1, 0, 0, 0
73089, 1, 0, 0, 0, 1, 0
73090, 1, 0, 0, 0, 1, 0
86565, 0, 1, 1, 0, 0, 0
109680, 5, 2, 2, 0, 5, 0
73092, 2, 0, 0, 0, 2, 0
73094, 1, 0, 0, 0, 1, 0
73095, 1, 0, 0, 0, 1, 0
73096, 1, 0, 0, 0, 1, 0
73097, 0, 1, 1, 0, 0, 0
73098, 1, 0, 0, 0, 1, 0
73099, 0, 1, 1, 0, 0, 0
73103, 2, 0, 0, 0, 1, 1
73104, 1, 0, 0, 0, 1, 0
73107, 1, 0, 0, 0, 1, 0
73108, 0, 1, 1, 0, 0, 0
73110, 2, 0, 0, 0, 2, 0
73113, 1, 0, 0, 0, 1, 0
73114, 0, 2, 2, 0, 0, 0
73120, 2, 0, 0, 0, 2, 0
73127, 1, 0, 0, 0, 1, 0
73131, 2, 0, 0, 0, 2, 0
73132, 1, 0, 0, 0, 1, 0
73133, 1, 0, 0, 0, 1, 0
73139, 1, 0, 0, 0, 1, 0
74406, 0, 1, 1, 0, 0, 0
74407, 0, 1, 1, 0, 0, 0
74408, 0, 1, 1, 0, 0, 0
74409, 0, 1, 1, 0, 0, 0
73146, 1, 0, 0, 0, 1, 0
73147, 1, 0, 0, 0, 1, 0
73149, 1, 1, 1, 0, 1, 0
73153, 1, 1, 1, 0, 1, 0
75971, 1, 1, 1, 0, 1, 0
73154, 2, 0, 0, 0, 2, 0
73268, 0, 1, 1, 0, 0, 0
73269, 0, 1, 1, 0, 0, 0
73270, 0, 1, 1, 0, 0, 0
73271, 0, 1, 1, 0, 0, 0
82806, 1, 2, 2, 0, 1, 0
82807, 2, 1, 1, 0, 2, 0
73159, 0, 1, 1, 0, 0, 0
73160, 1, 0, 0, 0, 1, 0
73161, 3, 8, 8, 0, 3, 0
76277, 1, 1, 1, 0, 1, 0
76311, 1, 1, 1, 0, 1, 0
73170, 1, 0, 0, 0, 0, 1
73171, 1, 0, 0, 0, 1, 0
73174, 1, 0, 0, 0, 1, 0
73175, 3, 0, 0, 0, 1, 2
73176, 0, 1, 1, 0, 0, 0
73178, 1, 0, 0, 0, 1, 0
73179, 1, 0, 0, 0, 1, 0
73180, 1, 0, 0, 0, 1, 0
73182, 1, 0, 0, 0, 1, 0
83158, 0, 1, 1, 0, 0, 0
73187, 1, 0, 0, 0, 1, 0
73189, 1, 0, 0, 0, 1, 0
85975, 1, 1, 1, 0, 1, 0
73198, 1, 0, 0, 0, 1, 0
73200, 0, 1, 1, 0, 0, 0
73202, 2, 0, 0, 0, 2, 0
73203, 1, 0, 0, 0, 1, 0
73204, 0, 1, 1, 0, 0, 0
73208, 7, 0, 0, 0, 7, 0
73209, 0, 1, 1, 0, 0, 0
73212, 1, 0, 0, 0, 1, 0
73213, 3, 1, 1, 0, 3, 0
73214, 3, 1, 1, 0, 3, 0
73215, 1, 2, 2, 0, 1, 0
109772, 4, 1, 1, 0, 3, 1
87468, 1, 1, 1, 0, 1, 0
73273, 1, 0, 0, 0, 0, 1
73275, 1, 0, 0, 0, 1, 0
73278, 1, 0, 0, 0, 1, 0
73280, 1, 0, 0, 0, 1, 0
73282, 1, 0, 0, 0, 1, 0
73283, 1, 0, 0, 0, 1, 0
73286, 1, 0, 0, 0, 0, 1
73287, 1, 0, 0, 0, 1, 0
73289, 2, 0, 0, 0, 2, 0
73306, 1, 0, 0, 0, 1, 0
73307, 1, 1, 1, 0, 1, 0
73308, 2, 1, 1, 0, 1, 1
73316, 1, 0, 0, 0, 1, 0
73317, 2, 0, 0, 0, 2, 0
73320, 3, 0, 0, 0, 3, 0
73321, 1, 0, 0, 0, 1, 0
73322, 0, 1, 1, 0, 0, 0
73323, 1, 0, 0, 0, 0, 1
73324, 0, 1, 0, 1, 0, 0
73326, 1, 0, 0, 0, 1, 0
73327, 3, 0, 0, 0, 3, 0
73328, 1, 0, 0, 0, 1, 0
73329, 1, 0, 0, 0, 1, 0
73330, 1, 1, 1, 0, 1, 0
73333, 5, 0, 0, 0, 5, 0
73335, 3, 0, 0, 0, 3, 0
73337, 5, 0, 0, 0, 5, 0
73338, 3, 0, 0, 0, 3, 0
73339, 0, 1, 1, 0, 0, 0
73340, 3, 0, 0, 0, 3, 0
73341, 1, 0, 0, 0, 1, 0
73342, 3, 0, 0, 0, 3, 0
73343, 1, 0, 0, 0, 1, 0
73345, 1, 1, 1, 0, 1, 0
73347, 1, 0, 0, 0, 1, 0
86877, 1, 1, 1, 0, 1, 0
73371, 1, 0, 0, 0, 1, 0
73372, 1, 0, 0, 0, 1, 0
73373, 0, 1, 1, 0, 0, 0
73375, 1, 0, 0, 0, 1, 0
73378, 1, 0, 0, 0, 1, 0
73379, 1, 0, 0, 0, 1, 0
73380, 3, 0, 0, 0, 3, 0
73382, 3, 0, 0, 0, 3, 0
73383, 0, 1, 1, 0, 0, 0
73387, 2, 0, 0, 0, 2, 0
90591, 0, 1, 1, 0, 0, 0
73392, 0, 1, 1, 0, 0, 0
73395, 2, 0, 0, 0, 1, 1
73396, 2, 0, 0, 0, 2, 0
73397, 3, 1, 1, 0, 3, 0
81817, 0, 2, 2, 0, 0, 0
81818, 0, 1, 1, 0, 0, 0
73399, 1, 0, 0, 0, 1, 0
73400, 2, 0, 0, 0, 1, 1
73401, 1, 0, 0, 0, 1, 0
73403, 1, 0, 0, 0, 1, 0
73407, 1, 1, 1, 0, 1, 0
73408, 0, 1, 1, 0, 0, 0
73409, 1, 0, 0, 0, 1, 0
73410, 1, 0, 0, 0, 1, 0
73411, 1, 1, 1, 0, 1, 0
75286, 1, 1, 1, 0, 1, 0
73413, 1, 0, 0, 0, 1, 0
73414, 2, 0, 0, 0, 2, 0
73415, 1, 0, 0, 0, 1, 0
73416, 1, 0, 0, 0, 1, 0
87870, 0, 1, 1, 0, 0, 0
73420, 1, 0, 0, 0, 1, 0
73422, 1, 0, 0, 0, 1, 0
73423, 1, 0, 0, 0, 1, 0
73425, 1, 0, 0, 0, 1, 0
73426, 1, 0, 0, 0, 1, 0
73428, 3, 0, 0, 0, 2, 1
73430, 1, 0, 0, 0, 1, 0
73432, 3, 0, 0, 0, 3, 0
73435, 1, 1, 1, 0, 1, 0
73436, 1, 0, 0, 0, 1, 0
73437, 0, 1, 1, 0, 0, 0
73441, 1, 0, 0, 0, 1, 0
73444, 1, 0, 0, 0, 1, 0
73449, 1, 0, 0, 0, 1, 0
73450, 1, 0, 0, 0, 1, 0
73451, 1, 0, 0, 0, 1, 0
73452, 1, 0, 0, 0, 1, 0
73453, 0, 1, 1, 0, 0, 0
73454, 1, 0, 0, 0, 1, 0
73456, 0, 1, 1, 0, 0, 0
73460, 1, 0, 0, 0, 1, 0
73462, 4, 0, 0, 0, 4, 0
73468, 2, 0, 0, 0, 2, 0
77203, 0, 1, 1, 0, 0, 0
77204, 0, 1, 1, 0, 0, 0
73470, 2, 0, 0, 0, 2, 0
82558, 1, 1, 1, 0, 1, 0
88914, 0, 1, 1, 0, 0, 0
73473, 2, 0, 0, 0, 2, 0
73475, 1, 0, 0, 0, 1, 0
73476, 1, 0, 0, 0, 1, 0
92836, 1, 1, 1, 0, 1, 0
94902, 1, 1, 1, 0, 1, 0
73478, 1, 0, 0, 0, 1, 0
73497, 2, 0, 0, 0, 1, 1
73498, 1, 0, 0, 0, 1, 0
73500, 1, 0, 0, 0, 1, 0
83580, 0, 2, 1, 1, 0, 0
73522, 3, 0, 0, 0, 3, 0
73525, 1, 0, 0, 0, 1, 0
73526, 2, 0, 0, 0, 2, 0
73527, 1, 0, 0, 0, 1, 0
73528, 0, 1, 1, 0, 0, 0
73529, 1, 0, 0, 0, 1, 0
73531, 2, 0, 0, 0, 2, 0
101589, 0, 2, 2, 0, 0, 0
73532, 1, 0, 0, 0, 1, 0
73534, 2, 0, 0, 0, 2, 0
73536, 1, 0, 0, 0, 1, 0
73537, 2, 0, 0, 0, 2, 0
73538, 1, 0, 0, 0, 1, 0
73555, 3, 0, 0, 0, 3, 0
73556, 1, 0, 0, 0, 1, 0
73557, 4, 2, 2, 0, 4, 0
73558, 1, 0, 0, 0, 1, 0
74685, 0, 1, 0, 1, 0, 0
88271, 1, 1, 1, 0, 1, 0
88882, 0, 1, 1, 0, 0, 0
73562, 1, 0, 0, 0, 1, 0
73564, 0, 1, 1, 0, 0, 0
73565, 1, 0, 0, 0, 1, 0
73568, 1, 0, 0, 0, 1, 0
73574, 1, 0, 0, 0, 1, 0
73575, 1, 0, 0, 0, 1, 0
73576, 1, 0, 0, 0, 1, 0
73577, 6, 0, 0, 0, 6, 0
73578, 1, 0, 0, 0, 1, 0
73583, 1, 0, 0, 0, 0, 1
73587, 1, 0, 0, 0, 1, 0
73588, 1, 0, 0, 0, 1, 0
73589, 13, 0, 0, 0, 12, 1
73593, 1, 0, 0, 0, 1, 0
78773, 0, 2, 2, 0, 0, 0
73603, 1, 0, 0, 0, 1, 0
73606, 1, 0, 0, 0, 1, 0
73608, 1, 0, 0, 0, 1, 0
73609, 1, 0, 0, 0, 1, 0
73611, 1, 0, 0, 0, 1, 0
73613, 1, 0, 0, 0, 1, 0
87890, 0, 1, 1, 0, 0, 0
73624, 0, 1, 1, 0, 0, 0
73626, 1, 1, 1, 0, 1, 0
73627, 1, 1, 1, 0, 1, 0
73634, 1, 0, 0, 0, 1, 0
76219, 0, 1, 1, 0, 0, 0
73649, 1, 0, 0, 0, 1, 0
73652, 2, 0, 0, 0, 1, 1
73654, 0, 3, 3, 0, 0, 0
103326, 4, 1, 1, 0, 4, 0
73655, 1, 0, 0, 0, 1, 0
73658, 1, 0, 0, 0, 1, 0
73661, 1, 0, 0, 0, 1, 0
73665, 1, 0, 0, 0, 1, 0
73667, 0, 1, 1, 0, 0, 0
73668, 1, 0, 0, 0, 1, 0
73675, 1, 0, 0, 0, 1, 0
73680, 1, 0, 0, 0, 1, 0
73683, 1, 0, 0, 0, 1, 0
73690, 2, 0, 0, 0, 2, 0
73691, 1, 0, 0, 0, 1, 0
73692, 1, 0, 0, 0, 1, 0
73695, 1, 0, 0, 0, 1, 0
73696, 1, 0, 0, 0, 1, 0
73699, 1, 0, 0, 0, 1, 0
73700, 1, 0, 0, 0, 1, 0
73701, 1, 0, 0, 0, 1, 0
77494, 0, 1, 1, 0, 0, 0
73705, 2, 0, 0, 0, 2, 0
73708, 5, 0, 0, 0, 5, 0
73709, 0, 1, 1, 0, 0, 0
73710, 1, 0, 0, 0, 1, 0
73713, 1, 0, 0, 0, 1, 0
73715, 1, 0, 0, 0, 1, 0
73717, 1, 0, 0, 0, 1, 0
73718, 1, 4, 4, 0, 1, 0
75456, 1, 1, 1, 0, 1, 0
73719, 1, 0, 0, 0, 1, 0
73721, 1, 0, 0, 0, 1, 0
73722, 2, 1, 1, 0, 2, 0
73723, 1, 0, 0, 0, 1, 0
73725, 1, 0, 0, 0, 1, 0
73727, 1, 0, 0, 0, 1, 0
73730, 1, 0, 0, 0, 1, 0
73731, 1, 0, 0, 0, 1, 0
73734, 0, 1, 1, 0, 0, 0
73736, 2, 0, 0, 0, 2, 0
73740, 1, 0, 0, 0, 1, 0
73741, 1, 0, 0, 0, 1, 0
73743, 2, 0, 0, 0, 2, 0
73750, 1, 0, 0, 0, 1, 0
73760, 1, 0, 0, 0, 1, 0
73762, 1, 0, 0, 0, 0, 1
73777, 1, 0, 0, 0, 1, 0
73781, 1, 0, 0, 0, 1, 0
73782, 1, 0, 0, 0, 1, 0
73783, 0, 1, 1, 0, 0, 0
76154, 0, 1, 1, 0, 0, 0
76155, 0, 1, 1, 0, 0, 0
73788, 1, 0, 0, 0, 1, 0
73802, 1, 0, 0, 0, 1, 0
73803, 0, 2, 2, 0, 0, 0
73805, 1, 0, 0, 0, 1, 0
73806, 1, 0, 0, 0, 1, 0
73811, 1, 0, 0, 0, 1, 0
73812, 1, 0, 0, 0, 1, 0
73814, 3, 0, 0, 0, 3, 0
73815, 0, 1, 1, 0, 0, 0
73816, 1, 1, 1, 0, 1, 0
73817, 3, 0, 0, 0, 3, 0
73818, 1, 0, 0, 0, 1, 0
73822, 1, 0, 0, 0, 1, 0
73824, 1, 0, 0, 0, 1, 0
73826, 1, 0, 0, 0, 1, 0
73827, 1, 0, 0, 0, 1, 0
75188, 5, 1, 1, 0, 5, 0
73830, 1, 0, 0, 0, 1, 0
73839, 1, 0, 0, 0, 1, 0
73852, 4, 1, 1, 0, 4, 0
74525, 0, 1, 1, 0, 0, 0
73854, 2, 1, 1, 0, 2, 0
74473, 0, 1, 1, 0, 0, 0
73856, 1, 0, 0, 0, 1, 0
73857, 1, 0, 0, 0, 1, 0
76046, 1, 2, 2, 0, 1, 0
76397, 2, 1, 1, 0, 2, 0
73869, 2, 0, 0, 0, 2, 0
73872, 1, 0, 0, 0, 1, 0
73873, 1, 1, 1, 0, 1, 0
73875, 1, 1, 1, 0, 1, 0
73876, 1, 0, 0, 0, 1, 0
79483, 1, 1, 1, 0, 1, 0
82405, 0, 1, 1, 0, 0, 0
82406, 0, 1, 1, 0, 0, 0
73882, 1, 0, 0, 0, 1, 0
73883, 1, 0, 0, 0, 1, 0
73884, 0, 2, 2, 0, 0, 0
75155, 3, 3, 3, 0, 3, 0
82711, 0, 1, 1, 0, 0, 0
73895, 1, 0, 0, 0, 1, 0
73900, 1, 0, 0, 0, 1, 0
73903, 1, 0, 0, 0, 1, 0
73905, 1, 0, 0, 0, 1, 0
80249, 0, 1, 1, 0, 0, 0
73975, 3, 0, 0, 0, 2, 1
73976, 2, 0, 0, 0, 1, 1
73981, 1, 0, 0, 0, 1, 0
81163, 2, 2, 2, 0, 2, 0
73985, 2, 0, 0, 0, 2, 0
73987, 3, 0, 0, 0, 3, 0
73988, 1, 0, 0, 0, 1, 0
73991, 2, 0, 0, 0, 2, 0
73999, 1, 0, 0, 0, 1, 0
74000, 1, 0, 0, 0, 1, 0
74001, 0, 1, 1, 0, 0, 0
74002, 1, 0, 0, 0, 1, 0
74003, 0, 1, 1, 0, 0, 0
74019, 9, 0, 0, 0, 9, 0
74020, 0, 1, 1, 0, 0, 0
74022, 0, 1, 1, 0, 0, 0
74023, 0, 1, 1, 0, 0, 0
74025, 1, 0, 0, 0, 1, 0
74026, 1, 0, 0, 0, 1, 0
74027, 1, 0, 0, 0, 1, 0
74028, 1, 0, 0, 0, 1, 0
74295, 2, 1, 1, 0, 2, 0
74296, 1, 2, 2, 0, 1, 0
74052, 1, 0, 0, 0, 1, 0
74054, 1, 0, 0, 0, 1, 0
74055, 0, 8, 8, 0, 0, 0
74059, 2, 0, 0, 0, 2, 0
74060, 1, 1, 1, 0, 1, 0
74061, 2, 1, 1, 0, 2, 0
74089, 0, 1, 1, 0, 0, 0
74064, 0, 1, 1, 0, 0, 0
74065, 0, 1, 1, 0, 0, 0
74076, 1, 0, 0, 0, 1, 0
74078, 2, 1, 1, 0, 1, 1
74079, 2, 1, 0, 1, 2, 0
74081, 1, 0, 0, 0, 1, 0
74087, 1, 0, 0, 0, 1, 0
74088, 1, 0, 0, 0, 1, 0
74090, 1, 0, 0, 0, 1, 0
74096, 1, 0, 0, 0, 1, 0
74099, 1, 1, 1, 0, 1, 0
74100, 1, 0, 0, 0, 1, 0
74104, 1, 0, 0, 0, 1, 0
74107, 1, 0, 0, 0, 1, 0
74109, 0, 1, 1, 0, 0, 0
74117, 1, 0, 0, 0, 1, 0
74118, 3, 0, 0, 0, 3, 0
74120, 1, 0, 0, 0, 0, 1
74123, 1, 0, 0, 0, 1, 0
74124, 1, 0, 0, 0, 1, 0
74133, 1, 0, 0, 0, 1, 0
74135, 3, 0, 0, 0, 3, 0
74136, 2, 0, 0, 0, 2, 0
74137, 1, 0, 0, 0, 1, 0
74138, 0, 4, 4, 0, 0, 0
74139, 1, 0, 0, 0, 1, 0
89999, 0, 1, 0, 1, 0, 0
90000, 0, 1, 1, 0, 0, 0
90001, 0, 1, 1, 0, 0, 0
90002, 0, 1, 1, 0, 0, 0
90003, 0, 1, 1, 0, 0, 0
90004, 0, 1, 1, 0, 0, 0
90005, 0, 1, 1, 0, 0, 0
90006, 0, 1, 1, 0, 0, 0
90007, 0, 1, 1, 0, 0, 0
90008, 0, 1, 1, 0, 0, 0
90009, 0, 1, 1, 0, 0, 0
90010, 0, 1, 1, 0, 0, 0
90011, 0, 1, 1, 0, 0, 0
90012, 0, 1, 1, 0, 0, 0
90013, 0, 1, 1, 0, 0, 0
90014, 0, 1, 1, 0, 0, 0
90015, 0, 1, 1, 0, 0, 0
90016, 0, 1, 1, 0, 0, 0
90017, 0, 1, 1, 0, 0, 0
74145, 1, 0, 0, 0, 1, 0
74146, 1, 0, 0, 0, 1, 0
75133, 0, 1, 1, 0, 0, 0
74149, 1, 0, 0, 0, 1, 0
74150, 1, 0, 0, 0, 1, 0
89925, 0, 2, 2, 0, 0, 0
74152, 1, 0, 0, 0, 1, 0
74153, 1, 0, 0, 0, 1, 0
74154, 1, 0, 0, 0, 1, 0
74157, 2, 0, 0, 0, 2, 0
74161, 2, 0, 0, 0, 2, 0
74162, 0, 1, 1, 0, 0, 0
74163, 1, 0, 0, 0, 1, 0
74164, 1, 0, 0, 0, 1, 0
74165, 1, 0, 0, 0, 1, 0
74169, 1, 0, 0, 0, 0, 1
74170, 1, 1, 1, 0, 1, 0
74171, 3, 1, 1, 0, 3, 0
85704, 0, 1, 1, 0, 0, 0
85705, 0, 1, 1, 0, 0, 0
74174, 1, 0, 0, 0, 1, 0
74175, 1, 0, 0, 0, 1, 0
74176, 2, 0, 0, 0, 2, 0
74177, 1, 0, 0, 0, 1, 0
74178, 1, 1, 1, 0, 1, 0
74179, 1, 0, 0, 0, 1, 0
74180, 1, 0, 0, 0, 1, 0
74181, 0, 1, 1, 0, 0, 0
74182, 1, 0, 0, 0, 1, 0
74183, 0, 1, 1, 0, 0, 0
74184, 1, 0, 0, 0, 1, 0
74186, 2, 1, 1, 0, 2, 0
74195, 3, 0, 0, 0, 3, 0
74196, 1, 0, 0, 0, 1, 0
74199, 3, 0, 0, 0, 3, 0
74200, 0, 1, 1, 0, 0, 0
74201, 1, 0, 0, 0, 1, 0
74202, 1, 0, 0, 0, 1, 0
74204, 1, 0, 0, 0, 1, 0
74206, 1, 0, 0, 0, 1, 0
74210, 1, 0, 0, 0, 1, 0
74211, 0, 1, 1, 0, 0, 0
74212, 1, 0, 0, 0, 1, 0
74214, 1, 0, 0, 0, 1, 0
74215, 2, 1, 1, 0, 2, 0
74216, 0, 1, 1, 0, 0, 0
74219, 1, 0, 0, 0, 1, 0
74220, 1, 0, 0, 0, 1, 0
74230, 1, 0, 0, 0, 1, 0
74231, 0, 2, 2, 0, 0, 0
74232, 2, 0, 0, 0, 2, 0
74239, 1, 0, 0, 0, 1, 0
74240, 1, 0, 0, 0, 1, 0
74241, 1, 0, 0, 0, 1, 0
74242, 1, 0, 0, 0, 1, 0
74243, 5, 0, 0, 0, 5, 0
74244, 3, 0, 0, 0, 2, 1
74246, 1, 0, 0, 0, 1, 0
74248, 1, 0, 0, 0, 1, 0
74249, 2, 2, 2, 0, 2, 0
74252, 4, 0, 0, 0, 4, 0
74253, 1, 0, 0, 0, 1, 0
74254, 1, 0, 0, 0, 0, 1
74255, 0, 1, 0, 1, 0, 0
74259, 1, 0, 0, 0, 1, 0
74261, 1, 1, 1, 0, 1, 0
75942, 0, 1, 1, 0, 0, 0
74266, 1, 0, 0, 0, 1, 0
74267, 1, 0, 0, 0, 1, 0
74270, 2, 0, 0, 0, 2, 0
74271, 1, 0, 0, 0, 1, 0
74712, 2, 1, 1, 0, 2, 0
74274, 1, 0, 0, 0, 1, 0
74275, 3, 0, 0, 0, 3, 0
74279, 1, 0, 0, 0, 1, 0
74280, 1, 0, 0, 0, 1, 0
74285, 1, 0, 0, 0, 1, 0
74287, 0, 1, 1, 0, 0, 0
74288, 1, 0, 0, 0, 1, 0
74289, 0, 1, 1, 0, 0, 0
74290, 1, 0, 0, 0, 1, 0
74291, 1, 0, 0, 0, 1, 0
74294, 1, 0, 0, 0, 1, 0
74297, 1, 0, 0, 0, 1, 0
74299, 1, 0, 0, 0, 1, 0
74301, 1, 0, 0, 0, 1, 0
74302, 1, 1, 1, 0, 1, 0
89515, 0, 3, 3, 0, 0, 0
74320, 1, 0, 0, 0, 1, 0
74326, 1, 1, 1, 0, 1, 0
74328, 1, 0, 0, 0, 1, 0
74333, 2, 0, 0, 0, 2, 0
74334, 7, 4, 4, 0, 7, 0
88567, 5, 1, 1, 0, 5, 0
90422, 4, 2, 2, 0, 4, 0
90423, 5, 2, 2, 0, 5, 0
81064, 0, 1, 1, 0, 0, 0
81065, 0, 1, 1, 0, 0, 0
86499, 2, 1, 1, 0, 2, 0
74347, 1, 0, 0, 0, 1, 0
74350, 3, 0, 0, 0, 3, 0
74351, 1, 0, 0, 0, 1, 0
74352, 0, 1, 1, 0, 0, 0
74353, 1, 1, 1, 0, 1, 0
74355, 1, 0, 0, 0, 1, 0
74368, 1, 0, 0, 0, 1, 0
74371, 5, 0, 0, 0, 2, 3
74372, 0, 1, 0, 1, 0, 0
74373, 1, 0, 0, 0, 0, 1
74375, 2, 0, 0, 0, 2, 0
74376, 1, 1, 1, 0, 1, 0
74383, 1, 1, 1, 0, 1, 0
74384, 1, 0, 0, 0, 1, 0
74387, 1, 0, 0, 0, 1, 0
74389, 2, 1, 1, 0, 2, 0
74391, 1, 0, 0, 0, 1, 0
74392, 2, 0, 0, 0, 0, 2
74393, 1, 0, 0, 0, 1, 0
74396, 3, 0, 0, 0, 3, 0
74400, 1, 0, 0, 0, 1, 0
74401, 1, 0, 0, 0, 1, 0
75477, 0, 1, 1, 0, 0, 0
75478, 0, 1, 1, 0, 0, 0
74405, 1, 0, 0, 0, 1, 0
74412, 3, 0, 0, 0, 3, 0
74415, 3, 0, 0, 0, 3, 0
74416, 2, 0, 0, 0, 2, 0
74431, 1, 0, 0, 0, 1, 0
74432, 1, 0, 0, 0, 1, 0
74433, 2, 0, 0, 0, 2, 0
74435, 1, 0, 0, 0, 1, 0
74436, 1, 0, 0, 0, 1, 0
74438, 1, 0, 0, 0, 1, 0
74439, 2, 1, 1, 0, 2, 0
74441, 1, 0, 0, 0, 1, 0
74443, 3, 0, 0, 0, 3, 0
89082, 1, 1, 1, 0, 1, 0
77021, 2, 2, 2, 0, 2, 0
77022, 7, 2, 2, 0, 7, 0
74458, 1, 0, 0, 0, 1, 0
74467, 1, 0, 0, 0, 1, 0
74470, 1, 0, 0, 0, 0, 1
74472, 1, 0, 0, 0, 1, 0
74475, 5, 0, 0, 0, 5, 0
74476, 1, 0, 0, 0, 1, 0
74477, 1, 0, 0, 0, 1, 0
74478, 1, 0, 0, 0, 1, 0
74479, 1, 0, 0, 0, 1, 0
74484, 2, 0, 0, 0, 2, 0
74491, 0, 2, 2, 0, 0, 0
74492, 1, 0, 0, 0, 1, 0
74493, 3, 0, 0, 0, 3, 0
74496, 1, 0, 0, 0, 1, 0
74505, 2, 0, 0, 0, 2, 0
74508, 1, 0, 0, 0, 1, 0
74514, 1, 0, 0, 0, 1, 0
74518, 1, 0, 0, 0, 1, 0
74519, 3, 0, 0, 0, 2, 1
74524, 1, 0, 0, 0, 1, 0
74534, 1, 0, 0, 0, 1, 0
74536, 1, 0, 0, 0, 1, 0
74540, 1, 0, 0, 0, 1, 0
74542, 1, 0, 0, 0, 0, 1
74545, 1, 0, 0, 0, 1, 0
74547, 1, 0, 0, 0, 1, 0
74550, 1, 0, 0, 0, 1, 0
74559, 2, 0, 0, 0, 2, 0
74560, 1, 0, 0, 0, 1, 0
74562, 1, 0, 0, 0, 1, 0
74563, 1, 1, 1, 0, 1, 0
74565, 1, 0, 0, 0, 1, 0
74567, 2, 0, 0, 0, 2, 0
74570, 1, 0, 0, 0, 1, 0
74571, 0, 1, 1, 0, 0, 0
74573, 1, 0, 0, 0, 1, 0
74575, 1, 0, 0, 0, 1, 0
74576, 1, 0, 0, 0, 1, 0
74577, 4, 0, 0, 0, 4, 0
74578, 1, 0, 0, 0, 1, 0
74583, 1, 0, 0, 0, 1, 0
74585, 1, 0, 0, 0, 1, 0
74586, 2, 0, 0, 0, 2, 0
74587, 0, 1, 1, 0, 0, 0
74588, 1, 0, 0, 0, 1, 0
74589, 1, 0, 0, 0, 1, 0
74591, 1, 0, 0, 0, 1, 0
74592, 1, 0, 0, 0, 1, 0
74596, 7, 0, 0, 0, 7, 0
74601, 1, 1, 1, 0, 1, 0
74602, 1, 0, 0, 0, 1, 0
74603, 5, 0, 0, 0, 5, 0
74606, 2, 0, 0, 0, 2, 0
74607, 2, 0, 0, 0, 2, 0
74608, 2, 0, 0, 0, 2, 0
74610, 1, 0, 0, 0, 1, 0
74611, 2, 0, 0, 0, 2, 0
74612, 2, 0, 0, 0, 2, 0
74613, 2, 0, 0, 0, 2, 0
74614, 1, 1, 1, 0, 1, 0
74615, 4, 0, 0, 0, 4, 0
74616, 0, 1, 1, 0, 0, 0
74617, 4, 0, 0, 0, 4, 0
74619, 3, 0, 0, 0, 3, 0
74620, 5, 0, 0, 0, 5, 0
74621, 1, 0, 0, 0, 1, 0
74622, 4, 0, 0, 0, 4, 0
74623, 0, 1, 1, 0, 0, 0
74624, 1, 0, 0, 0, 1, 0
74625, 0, 1, 1, 0, 0, 0
74626, 2, 0, 0, 0, 2, 0
74627, 1, 0, 0, 0, 1, 0
74628, 1, 0, 0, 0, 0, 1
74633, 3, 1, 0, 1, 3, 0
74634, 7, 0, 0, 0, 5, 2
74635, 0, 1, 1, 0, 0, 0
74636, 0, 1, 1, 0, 0, 0
74637, 1, 0, 0, 0, 1, 0
74638, 1, 0, 0, 0, 1, 0
74640, 0, 1, 0, 1, 0, 0
74644, 1, 0, 0, 0, 1, 0
74645, 7, 0, 0, 0, 7, 0
74646, 3, 0, 0, 0, 3, 0
77445, 1, 3, 3, 0, 1, 0
74653, 1, 0, 0, 0, 1, 0
74660, 3, 0, 0, 0, 3, 0
74662, 1, 0, 0, 0, 0, 1
74665, 1, 0, 0, 0, 1, 0
74669, 9, 0, 0, 0, 9, 0
74671, 0, 2, 2, 0, 0, 0
74672, 7, 0, 0, 0, 7, 0
74673, 6, 0, 0, 0, 6, 0
74674, 4, 0, 0, 0, 4, 0
74675, 3, 0, 0, 0, 3, 0
74676, 2, 0, 0, 0, 2, 0
74677, 3, 0, 0, 0, 3, 0
74678, 3, 0, 0, 0, 3, 0
74679, 1, 0, 0, 0, 1, 0
74681, 1, 0, 0, 0, 1, 0
74692, 2, 0, 0, 0, 2, 0
74693, 1, 0, 0, 0, 1, 0
74696, 1, 0, 0, 0, 1, 0
74700, 1, 0, 0, 0, 1, 0
74701, 1, 0, 0, 0, 1, 0
74702, 1, 0, 0, 0, 1, 0
118271, 0, 2, 2, 0, 0, 0
74705, 1, 0, 0, 0, 0, 1
74708, 2, 0, 0, 0, 2, 0
74710, 1, 0, 0, 0, 1, 0
74711, 4, 0, 0, 0, 3, 1
92015, 0, 1, 1, 0, 0, 0
77004, 1, 1, 1, 0, 1, 0
88440, 0, 1, 1, 0, 0, 0
88441, 0, 1, 1, 0, 0, 0
88442, 0, 1, 1, 0, 0, 0
88443, 0, 1, 1, 0, 0, 0
88444, 0, 1, 1, 0, 0, 0
88445, 0, 1, 1, 0, 0, 0
74737, 1, 0, 0, 0, 1, 0
74738, 4, 0, 0, 0, 4, 0
74746, 36, 0, 0, 0, 35, 1
74747, 3, 2, 2, 0, 2, 1
74751, 1, 0, 0, 0, 1, 0
74756, 1, 0, 0, 0, 1, 0
74757, 0, 1, 1, 0, 0, 0
74758, 1, 0, 0, 0, 1, 0
74759, 3, 0, 0, 0, 3, 0
74762, 2, 0, 0, 0, 2, 0
74766, 1, 0, 0, 0, 1, 0
74767, 0, 1, 1, 0, 0, 0
74769, 1, 0, 0, 0, 1, 0
74779, 1, 0, 0, 0, 1, 0
74780, 2, 1, 1, 0, 2, 0
74781, 2, 1, 1, 0, 2, 0
74782, 3, 0, 0, 0, 3, 0
74785, 1, 0, 0, 0, 1, 0
74786, 1, 0, 0, 0, 1, 0
74787, 1, 0, 0, 0, 1, 0
74788, 1, 0, 0, 0, 1, 0
74790, 1, 0, 0, 0, 1, 0
74791, 1, 0, 0, 0, 1, 0
74793, 1, 0, 0, 0, 1, 0
74794, 2, 0, 0, 0, 2, 0
74795, 1, 0, 0, 0, 1, 0
74796, 1, 0, 0, 0, 1, 0
74797, 2, 0, 0, 0, 2, 0
74798, 1, 0, 0, 0, 1, 0
74800, 2, 0, 0, 0, 2, 0
74804, 3, 1, 1, 0, 3, 0
74805, 1, 0, 0, 0, 1, 0
74807, 1, 0, 0, 0, 1, 0
74808, 0, 2, 2, 0, 0, 0
74815, 1, 0, 0, 0, 1, 0
74818, 1, 0, 0, 0, 1, 0
74819, 1, 0, 0, 0, 1, 0
74821, 0, 1, 1, 0, 0, 0
74823, 1, 0, 0, 0, 1, 0
74825, 1, 2, 2, 0, 1, 0
74826, 1, 0, 0, 0, 1, 0
74828, 3, 0, 0, 0, 3, 0
74829, 1, 0, 0, 0, 1, 0
74833, 1, 0, 0, 0, 0, 1
74834, 4, 1, 0, 1, 4, 0
78476, 0, 1, 1, 0, 0, 0
74840, 1, 0, 0, 0, 1, 0
74841, 1, 0, 0, 0, 1, 0
74842, 7, 1, 1, 0, 7, 0
74845, 1, 0, 0, 0, 1, 0
74846, 1, 0, 0, 0, 1, 0
74847, 1, 0, 0, 0, 1, 0
74848, 2, 0, 0, 0, 2, 0
74870, 1, 0, 0, 0, 1, 0
74886, 1, 0, 0, 0, 1, 0
74890, 1, 0, 0, 0, 1, 0
78593, 0, 1, 1, 0, 0, 0
74895, 1, 0, 0, 0, 1, 0
74900, 2, 0, 0, 0, 2, 0
74902, 7, 0, 0, 0, 7, 0
74903, 1, 0, 0, 0, 1, 0
74905, 1, 0, 0, 0, 1, 0
74906, 0, 2, 2, 0, 0, 0
74929, 1, 0, 0, 0, 1, 0
74930, 1, 1, 1, 0, 1, 0
74931, 5, 3, 3, 0, 5, 0
74940, 1, 1, 1, 0, 1, 0
91906, 0, 1, 1, 0, 0, 0
91907, 0, 1, 1, 0, 0, 0
91908, 0, 1, 1, 0, 0, 0
74933, 1, 0, 0, 0, 1, 0
74935, 1, 1, 1, 0, 1, 0
74936, 3, 3, 3, 0, 3, 0
84506, 0, 1, 1, 0, 0, 0
74937, 6, 0, 0, 0, 6, 0
74939, 1, 0, 0, 0, 1, 0
74941, 1, 0, 0, 0, 1, 0
74944, 1, 0, 0, 0, 1, 0
74945, 1, 0, 0, 0, 1, 0
74948, 1, 0, 0, 0, 1, 0
74950, 0, 1, 1, 0, 0, 0
74951, 0, 1, 0, 1, 0, 0
74956, 5, 0, 0, 0, 3, 2
74957, 1, 0, 0, 0, 1, 0
74958, 1, 0, 0, 0, 1, 0
74959, 1, 0, 0, 0, 1, 0
74960, 0, 1, 1, 0, 0, 0
74961, 1, 0, 0, 0, 1, 0
74968, 3, 0, 0, 0, 3, 0
74969, 0, 1, 1, 0, 0, 0
74970, 1, 0, 0, 0, 1, 0
74974, 1, 0, 0, 0, 1, 0
74975, 1, 0, 0, 0, 1, 0
74976, 0, 1, 1, 0, 0, 0
74979, 3, 0, 0, 0, 3, 0
74988, 1, 0, 0, 0, 1, 0
74989, 1, 0, 0, 0, 1, 0
74990, 3, 1, 1, 0, 3, 0
76297, 0, 1, 1, 0, 0, 0
74993, 1, 0, 0, 0, 1, 0
74994, 0, 1, 1, 0, 0, 0
75023, 2, 0, 0, 0, 2, 0
75024, 1, 0, 0, 0, 1, 0
75028, 1, 0, 0, 0, 1, 0
75029, 1, 0, 0, 0, 1, 0
75031, 1, 1, 1, 0, 1, 0
75033, 1, 0, 0, 0, 1, 0
75034, 1, 0, 0, 0, 1, 0
75036, 1, 0, 0, 0, 1, 0
75039, 1, 0, 0, 0, 1, 0
75040, 1, 0, 0, 0, 1, 0
75041, 1, 0, 0, 0, 1, 0
75046, 1, 1, 1, 0, 1, 0
75047, 1, 0, 0, 0, 1, 0
75051, 1, 0, 0, 0, 1, 0
75056, 1, 0, 0, 0, 1, 0
75060, 0, 1, 1, 0, 0, 0
75061, 0, 1, 1, 0, 0, 0
75069, 1, 0, 0, 0, 1, 0
75078, 1, 0, 0, 0, 1, 0
75084, 1, 0, 0, 0, 1, 0
75085, 0, 1, 1, 0, 0, 0
75087, 1, 0, 0, 0, 1, 0
75089, 1, 0, 0, 0, 1, 0
75090, 1, 2, 2, 0, 1, 0
75123, 1, 0, 0, 0, 1, 0
75124, 1, 0, 0, 0, 1, 0
75125, 0, 1, 1, 0, 0, 0
75128, 1, 0, 0, 0, 1, 0
75129, 0, 3, 3, 0, 0, 0
75130, 1, 0, 0, 0, 1, 0
75131, 1, 0, 0, 0, 1, 0
75132, 1, 0, 0, 0, 1, 0
75134, 1, 0, 0, 0, 1, 0
75136, 1, 0, 0, 0, 1, 0
75139, 1, 1, 1, 0, 1, 0
76458, 0, 1, 1, 0, 0, 0
76459, 0, 1, 1, 0, 0, 0
75295, 5, 1, 1, 0, 5, 0
82107, 0, 2, 2, 0, 0, 0
75164, 1, 0, 0, 0, 1, 0
75166, 2, 0, 0, 0, 2, 0
75170, 1, 0, 0, 0, 1, 0
75172, 1, 0, 0, 0, 1, 0
75175, 1, 0, 0, 0, 1, 0
75176, 1, 0, 0, 0, 1, 0
75177, 0, 2, 2, 0, 0, 0
75179, 1, 0, 0, 0, 1, 0
75189, 1, 0, 0, 0, 1, 0
75191, 1, 0, 0, 0, 1, 0
75195, 2, 1, 1, 0, 2, 0
75197, 3, 0, 0, 0, 3, 0
75198, 1, 0, 0, 0, 1, 0
75201, 1, 0, 0, 0, 1, 0
75203, 1, 0, 0, 0, 1, 0
75204, 0, 1, 1, 0, 0, 0
75205, 1, 0, 0, 0, 1, 0
82657, 1, 1, 1, 0, 1, 0
82791, 0, 1, 1, 0, 0, 0
82792, 0, 1, 1, 0, 0, 0
75210, 1, 0, 0, 0, 1, 0
75211, 0, 1, 1, 0, 0, 0
75214, 1, 0, 0, 0, 1, 0
75216, 1, 0, 0, 0, 1, 0
75217, 1, 0, 0, 0, 1, 0
75218, 1, 1, 1, 0, 0, 1
75219, 1, 0, 0, 0, 1, 0
75220, 1, 0, 0, 0, 1, 0
75229, 1, 0, 0, 0, 1, 0
75234, 1, 0, 0, 0, 1, 0
75235, 1, 0, 0, 0, 1, 0
75241, 1, 0, 0, 0, 1, 0
75242, 0, 1, 1, 0, 0, 0
75937, 2, 2, 2, 0, 2, 0
75938, 6, 5, 5, 0, 5, 1
75248, 1, 0, 0, 0, 1, 0
75253, 1, 0, 0, 0, 1, 0
75254, 1, 0, 0, 0, 1, 0
75255, 1, 0, 0, 0, 1, 0
75260, 1, 0, 0, 0, 1, 0
75261, 0, 1, 1, 0, 0, 0
75263, 4, 0, 0, 0, 4, 0
75268, 1, 1, 1, 0, 1, 0
75269, 4, 4, 4, 0, 4, 0
83334, 0, 1, 1, 0, 0, 0
75272, 1, 0, 0, 0, 1, 0
75274, 1, 0, 0, 0, 1, 0
75275, 0, 1, 1, 0, 0, 0
75278, 1, 0, 0, 0, 1, 0
75285, 1, 0, 0, 0, 1, 0
75289, 1, 0, 0, 0, 1, 0
75296, 1, 0, 0, 0, 1, 0
75298, 1, 0, 0, 0, 0, 1
75299, 0, 1, 0, 1, 0, 0
75310, 1, 0, 0, 0, 1, 0
75311, 0, 1, 1, 0, 0, 0
75312, 1, 0, 0, 0, 1, 0
75313, 1, 0, 0, 0, 1, 0
75315, 0, 1, 1, 0, 0, 0
75320, 1, 0, 0, 0, 1, 0
75322, 1, 0, 0, 0, 1, 0
75324, 1, 0, 0, 0, 1, 0
75325, 1, 0, 0, 0, 1, 0
75326, 0, 1, 1, 0, 0, 0
75327, 1, 1, 1, 0, 1, 0
75334, 1, 0, 0, 0, 1, 0
75338, 2, 0, 0, 0, 2, 0
75340, 1, 0, 0, 0, 1, 0
75341, 1, 0, 0, 0, 1, 0
75342, 2, 0, 0, 0, 2, 0
75347, 2, 0, 0, 0, 2, 0
75349, 1, 0, 0, 0, 1, 0
75364, 1, 0, 0, 0, 1, 0
75365, 1, 2, 1, 1, 1, 0
75368, 1, 0, 0, 0, 1, 0
75375, 1, 0, 0, 0, 1, 0
75396, 6, 0, 0, 0, 6, 0
75398, 1, 0, 0, 0, 1, 0
75404, 2, 0, 0, 0, 2, 0
85123, 0, 1, 0, 1, 0, 0
75416, 1, 0, 0, 0, 1, 0
75419, 1, 0, 0, 0, 1, 0
75422, 1, 0, 0, 0, 1, 0
76708, 0, 1, 1, 0, 0, 0
75429, 2, 1, 1, 0, 2, 0
75430, 0, 1, 1, 0, 0, 0
75431, 0, 1, 1, 0, 0, 0
75433, 2, 0, 0, 0, 2, 0
75439, 1, 0, 0, 0, 1, 0
75441, 1, 0, 0, 0, 1, 0
75442, 0, 1, 1, 0, 0, 0
75446, 3, 0, 0, 0, 3, 0
75447, 1, 0, 0, 0, 0, 1
75449, 1, 0, 0, 0, 1, 0
75450, 0, 1, 1, 0, 0, 0
75451, 1, 0, 0, 0, 1, 0
75452, 3, 0, 0, 0, 3, 0
85944, 0, 1, 1, 0, 0, 0
75465, 1, 0, 0, 0, 1, 0
75466, 0, 1, 1, 0, 0, 0
75468, 5, 0, 0, 0, 5, 0
75479, 1, 0, 0, 0, 1, 0
75480, 1, 0, 0, 0, 1, 0
75481, 1, 1, 0, 1, 1, 0
75482, 0, 2, 2, 0, 0, 0
75483, 4, 0, 0, 0, 4, 0
75486, 1, 0, 0, 0, 1, 0
75884, 1, 1, 1, 0, 1, 0
88217, 0, 1, 1, 0, 0, 0
78947, 4, 3, 3, 0, 4, 0
75498, 3, 0, 0, 0, 3, 0
75500, 1, 0, 0, 0, 1, 0
75502, 1, 0, 0, 0, 1, 0
75507, 1, 0, 0, 0, 1, 0
75508, 1, 2, 2, 0, 1, 0
76226, 1, 1, 1, 0, 1, 0
75510, 3, 0, 0, 0, 3, 0
75511, 1, 2, 1, 1, 1, 0
75513, 1, 0, 0, 0, 1, 0
75514, 1, 0, 0, 0, 0, 1
75515, 0, 1, 0, 1, 0, 0
75521, 2, 0, 0, 0, 2, 0
75524, 1, 0, 0, 0, 1, 0
75525, 1, 0, 0, 0, 1, 0
75527, 1, 0, 0, 0, 1, 0
75528, 1, 0, 0, 0, 1, 0
75529, 1, 0, 0, 0, 1, 0
75530, 2, 0, 0, 0, 2, 0
75537, 1, 0, 0, 0, 1, 0
75538, 0, 1, 1, 0, 0, 0
75539, 1, 0, 0, 0, 1, 0
75540, 0, 1, 1, 0, 0, 0
75541, 1, 0, 0, 0, 1, 0
75542, 1, 0, 0, 0, 1, 0
75543, 1, 0, 0, 0, 1, 0
75544, 1, 0, 0, 0, 1, 0
75545, 1, 0, 0, 0, 1, 0
75546, 2, 0, 0, 0, 2, 0
75556, 1, 1, 1, 0, 1, 0
75557, 2, 1, 1, 0, 2, 0
75579, 2, 1, 1, 0, 1, 1
75581, 1, 1, 0, 1, 1, 0
75598, 1, 0, 0, 0, 1, 0
75599, 1, 0, 0, 0, 1, 0
75600, 0, 2, 2, 0, 0, 0
75601, 2, 0, 0, 0, 2, 0
75607, 1, 0, 0, 0, 1, 0
75612, 3, 1, 1, 0, 3, 0
75613, 0, 1, 1, 0, 0, 0
75614, 2, 0, 0, 0, 2, 0
75615, 9, 0, 0, 0, 9, 0
75616, 1, 0, 0, 0, 1, 0
75618, 1, 0, 0, 0, 1, 0
75620, 1, 0, 0, 0, 1, 0
75621, 1, 2, 2, 0, 1, 0
77403, 4, 2, 2, 0, 4, 0
81999, 0, 1, 1, 0, 0, 0
75634, 1, 0, 0, 0, 1, 0
75635, 3, 0, 0, 0, 3, 0
75649, 1, 0, 0, 0, 1, 0
75665, 1, 0, 0, 0, 1, 0
75678, 2, 0, 0, 0, 2, 0
75679, 1, 0, 0, 0, 1, 0
75683, 1, 0, 0, 0, 1, 0
75684, 1, 0, 0, 0, 1, 0
75685, 0, 1, 1, 0, 0, 0
82583, 0, 2, 2, 0, 0, 0
75687, 6, 0, 0, 0, 3, 3
75688, 0, 1, 0, 1, 0, 0
75692, 1, 0, 0, 0, 1, 0
75693, 2, 0, 0, 0, 2, 0
75695, 1, 0, 0, 0, 1, 0
75702, 2, 0, 0, 0, 2, 0
75703, 1, 0, 0, 0, 1, 0
75705, 1, 0, 0, 0, 1, 0
75706, 1, 0, 0, 0, 1, 0
77731, 2, 1, 1, 0, 2, 0
75708, 1, 0, 0, 0, 1, 0
75710, 2, 0, 0, 0, 2, 0
75711, 1, 0, 0, 0, 1, 0
75712, 1, 0, 0, 0, 1, 0
75713, 1, 0, 0, 0, 1, 0
75714, 1, 1, 1, 0, 1, 0
75715, 1, 0, 0, 0, 1, 0
75716, 1, 0, 0, 0, 1, 0
75718, 1, 0, 0, 0, 1, 0
75726, 1, 0, 0, 0, 1, 0
75728, 1, 0, 0, 0, 1, 0
75729, 1, 0, 0, 0, 1, 0
75730, 1, 0, 0, 0, 1, 0
75731, 1, 0, 0, 0, 0, 1
75735, 1, 0, 0, 0, 1, 0
75740, 1, 0, 0, 0, 1, 0
78962, 1, 3, 3, 0, 1, 0
83674, 0, 1, 1, 0, 0, 0
75769, 1, 0, 0, 0, 1, 0
75770, 1, 0, 0, 0, 1, 0
75771, 1, 0, 0, 0, 1, 0
75772, 0, 1, 1, 0, 0, 0
75773, 1, 0, 0, 0, 1, 0
75776, 3, 0, 0, 0, 3, 0
80828, 2, 1, 1, 0, 2, 0
76613, 2, 1, 1, 0, 2, 0
75780, 2, 0, 0, 0, 2, 0
75781, 1, 0, 0, 0, 1, 0
75782, 4, 0, 0, 0, 4, 0
75784, 1, 0, 0, 0, 1, 0
75785, 1, 0, 0, 0, 0, 1
75787, 1, 0, 0, 0, 1, 0
75788, 0, 1, 1, 0, 0, 0
75789, 2, 0, 0, 0, 2, 0
75791, 1, 0, 0, 0, 1, 0
75792, 0, 1, 1, 0, 0, 0
75793, 1, 0, 0, 0, 1, 0
75794, 0, 1, 1, 0, 0, 0
75795, 1, 0, 0, 0, 1, 0
75796, 1, 0, 0, 0, 1, 0
75797, 0, 1, 1, 0, 0, 0
75808, 1, 1, 1, 0, 1, 0
75809, 2, 1, 1, 0, 2, 0
75817, 1, 0, 0, 0, 1, 0
75818, 1, 0, 0, 0, 0, 1
75819, 2, 0, 0, 0, 2, 0
75824, 1, 0, 0, 0, 1, 0
75831, 1, 1, 1, 0, 1, 0
75829, 1, 0, 0, 0, 1, 0
75836, 2, 1, 1, 0, 2, 0
75837, 3, 0, 0, 0, 3, 0
75838, 1, 0, 0, 0, 1, 0
87933, 0, 1, 1, 0, 0, 0
91320, 0, 1, 1, 0, 0, 0
75863, 1, 0, 0, 0, 1, 0
75865, 2, 0, 0, 0, 2, 0
75866, 1, 0, 0, 0, 1, 0
75869, 6, 0, 0, 0, 6, 0
75872, 1, 1, 0, 1, 1, 0
75876, 1, 0, 0, 0, 1, 0
75877, 0, 2, 2, 0, 0, 0
75878, 1, 0, 0, 0, 0, 1
75883, 1, 0, 0, 0, 1, 0
75889, 1, 0, 0, 0, 1, 0
76511, 1, 1, 1, 0, 1, 0
84967, 0, 1, 1, 0, 0, 0
84968, 0, 1, 1, 0, 0, 0
84969, 0, 1, 1, 0, 0, 0
75898, 1, 0, 0, 0, 1, 0
77042, 0, 1, 1, 0, 0, 0
75916, 1, 1, 1, 0, 1, 0
76971, 7, 2, 2, 0, 5, 2
75922, 1, 0, 0, 0, 1, 0
75924, 1, 2, 2, 0, 1, 0
75925, 2, 0, 0, 0, 2, 0
80568, 1, 12, 10, 2, 1, 0
75928, 1, 1, 1, 0, 1, 0
75932, 1, 0, 0, 0, 1, 0
75933, 1, 0, 0, 0, 0, 1
75934, 1, 0, 0, 0, 1, 0
75936, 1, 0, 0, 0, 1, 0
78488, 1, 1, 1, 0, 1, 0
84486, 1, 1, 1, 0, 1, 0
110181, 3, 2, 2, 0, 3, 0
75945, 3, 0, 0, 0, 3, 0
75946, 1, 0, 0, 0, 1, 0
75949, 3, 0, 0, 0, 3, 0
88267, 0, 1, 1, 0, 0, 0
75959, 1, 1, 1, 0, 1, 0
75960, 2, 0, 0, 0, 2, 0
75961, 0, 1, 1, 0, 0, 0
75962, 1, 0, 0, 0, 1, 0
75967, 2, 0, 0, 0, 2, 0
75968, 2, 0, 0, 0, 2, 0
75970, 1, 0, 0, 0, 1, 0
75980, 1, 0, 0, 0, 1, 0
75981, 3, 1, 1, 0, 3, 0
75984, 1, 0, 0, 0, 0, 1
81790, 1, 1, 1, 0, 1, 0
75988, 1, 0, 0, 0, 1, 0
76008, 2, 0, 0, 0, 2, 0
76009, 3, 0, 0, 0, 3, 0
76012, 4, 0, 0, 0, 4, 0
76013, 1, 0, 0, 0, 1, 0
76014, 1, 0, 0, 0, 1, 0
76017, 1, 0, 0, 0, 1, 0
76018, 1, 0, 0, 0, 1, 0
76019, 0, 1, 1, 0, 0, 0
76021, 1, 0, 0, 0, 1, 0
76023, 1, 1, 1, 0, 1, 0
76024, 2, 0, 0, 0, 2, 0
76026, 1, 0, 0, 0, 1, 0
76027, 1, 0, 0, 0, 1, 0
76028, 1, 0, 0, 0, 1, 0
76033, 1, 0, 0, 0, 1, 0
76034, 3, 3, 3, 0, 3, 0
76035, 1, 1, 1, 0, 1, 0
76037, 11, 0, 0, 0, 10, 1
76041, 2, 0, 0, 0, 2, 0
76044, 2, 0, 0, 0, 2, 0
76050, 2, 0, 0, 0, 2, 0
76051, 1, 1, 1, 0, 1, 0
76052, 1, 1, 1, 0, 1, 0
76058, 1, 0, 0, 0, 1, 0
76061, 1, 0, 0, 0, 1, 0
76063, 1, 0, 0, 0, 1, 0
76067, 0, 1, 1, 0, 0, 0
76071, 1, 0, 0, 0, 1, 0
76072, 1, 0, 0, 0, 1, 0
76074, 1, 0, 0, 0, 1, 0
76075, 1, 0, 0, 0, 1, 0
76076, 1, 0, 0, 0, 1, 0
76077, 1, 0, 0, 0, 1, 0
77388, 3, 1, 1, 0, 3, 0
77392, 3, 1, 1, 0, 3, 0
83397, 3, 1, 1, 0, 3, 0
83652, 0, 1, 1, 0, 0, 0
76079, 3, 0, 0, 0, 3, 0
76085, 3, 0, 0, 0, 3, 0
76088, 2, 0, 0, 0, 2, 0
76089, 2, 0, 0, 0, 2, 0
76995, 6, 2, 2, 0, 6, 0
76996, 1, 2, 2, 0, 1, 0
76997, 0, 1, 1, 0, 0, 0
76998, 2, 2, 2, 0, 2, 0
76999, 2, 2, 2, 0, 2, 0
77001, 0, 3, 3, 0, 0, 0
76114, 3, 0, 0, 0, 3, 0
76123, 1, 0, 0, 0, 1, 0
76131, 1, 0, 0, 0, 1, 0
76132, 2, 0, 0, 0, 2, 0
76140, 2, 0, 0, 0, 2, 0
76141, 0, 1, 1, 0, 0, 0
76144, 1, 0, 0, 0, 1, 0
76145, 1, 0, 0, 0, 1, 0
76148, 1, 0, 0, 0, 1, 0
84985, 1, 1, 1, 0, 1, 0
76150, 1, 1, 0, 1, 1, 0
76151, 0, 1, 1, 0, 0, 0
76170, 1, 0, 0, 0, 1, 0
76171, 1, 0, 0, 0, 1, 0
76172, 1, 0, 0, 0, 1, 0
76174, 3, 0, 0, 0, 3, 0
76175, 1, 0, 0, 0, 1, 0
76177, 1, 0, 0, 0, 1, 0
76179, 2, 0, 0, 0, 2, 0
76181, 1, 0, 0, 0, 1, 0
76182, 0, 1, 1, 0, 0, 0
76183, 1, 0, 0, 0, 1, 0
76184, 1, 0, 0, 0, 1, 0
76190, 1, 0, 0, 0, 0, 1
76191, 1, 0, 0, 0, 1, 0
76192, 1, 0, 0, 0, 1, 0
76197, 1, 0, 0, 0, 1, 0
76198, 2, 0, 0, 0, 2, 0
78258, 0, 1, 1, 0, 0, 0
76212, 6, 0, 0, 0, 6, 0
111532, 0, 1, 1, 0, 0, 0
76214, 1, 0, 0, 0, 1, 0
76215, 0, 1, 1, 0, 0, 0
76220, 1, 0, 0, 0, 1, 0
76222, 1, 0, 0, 0, 1, 0
76225, 1, 0, 0, 0, 1, 0
76228, 1, 0, 0, 0, 1, 0
76229, 1, 0, 0, 0, 0, 1
76232, 1, 0, 0, 0, 1, 0
76234, 1, 0, 0, 0, 1, 0
76235, 3, 0, 0, 0, 3, 0
76236, 1, 0, 0, 0, 1, 0
76237, 1, 0, 0, 0, 1, 0
86027, 0, 1, 1, 0, 0, 0
86028, 0, 1, 1, 0, 0, 0
77329, 1, 1, 1, 0, 1, 0
76242, 1, 0, 0, 0, 1, 0
76249, 1, 0, 0, 0, 1, 0
76250, 1, 0, 0, 0, 1, 0
76251, 2, 0, 0, 0, 2, 0
76762, 0, 1, 1, 0, 0, 0
76256, 1, 0, 0, 0, 1, 0
76257, 1, 0, 0, 0, 1, 0
76258, 1, 0, 0, 0, 1, 0
76259, 1, 0, 0, 0, 0, 1
76260, 1, 0, 0, 0, 1, 0
76267, 2, 0, 0, 0, 2, 0
76268, 1, 0, 0, 0, 1, 0
76271, 0, 1, 1, 0, 0, 0
76272, 3, 0, 0, 0, 3, 0
76273, 2, 0, 0, 0, 2, 0
76278, 1, 1, 1, 0, 1, 0
76279, 1, 3, 2, 1, 1, 0
76280, 1, 0, 0, 0, 1, 0
76281, 0, 2, 2, 0, 0, 0
76282, 2, 0, 0, 0, 2, 0
76283, 1, 0, 0, 0, 1, 0
76284, 1, 0, 0, 0, 1, 0
76285, 1, 0, 0, 0, 1, 0
76288, 1, 0, 0, 0, 1, 0
76291, 5, 0, 0, 0, 5, 0
76298, 1, 0, 0, 0, 1, 0
76299, 1, 0, 0, 0, 1, 0
76304, 2, 0, 0, 0, 2, 0
76305, 0, 1, 1, 0, 0, 0
76306, 1, 0, 0, 0, 1, 0
76308, 1, 1, 0, 1, 1, 0
76314, 1, 0, 0, 0, 1, 0
76317, 1, 1, 1, 0, 1, 0
76318, 3, 1, 1, 0, 2, 1
76319, 1, 0, 0, 0, 1, 0
76324, 1, 0, 0, 0, 1, 0
76330, 1, 0, 0, 0, 1, 0
76331, 1, 0, 0, 0, 1, 0
76332, 0, 1, 1, 0, 0, 0
76333, 1, 1, 1, 0, 1, 0
95408, 0, 1, 1, 0, 0, 0
76337, 1, 0, 0, 0, 1, 0
76339, 2, 0, 0, 0, 2, 0
76340, 1, 0, 0, 0, 1, 0
76342, 1, 0, 0, 0, 1, 0
76345, 1, 0, 0, 0, 1, 0
76346, 0, 2, 2, 0, 0, 0
76347, 1, 0, 0, 0, 1, 0
76349, 1, 0, 0, 0, 1, 0
76350, 0, 2, 2, 0, 0, 0
76351, 1, 1, 1, 0, 1, 0
76353, 1, 1, 1, 0, 1, 0
79032, 1, 1, 1, 0, 1, 0
76370, 1, 0, 0, 0, 1, 0
76376, 1, 0, 0, 0, 1, 0
76377, 0, 1, 1, 0, 0, 0
76379, 1, 0, 0, 0, 0, 1
76384, 1, 0, 0, 0, 1, 0
76386, 1, 0, 0, 0, 1, 0
76387, 0, 1, 1, 0, 0, 0
76389, 1, 0, 0, 0, 1, 0
76391, 1, 0, 0, 0, 1, 0
76392, 1, 0, 0, 0, 1, 0
76398, 1, 0, 0, 0, 1, 0
76411, 1, 0, 0, 0, 1, 0
76412, 1, 0, 0, 0, 1, 0
76414, 1, 0, 0, 0, 1, 0
76415, 0, 1, 1, 0, 0, 0
76416, 1, 0, 0, 0, 1, 0
76417, 1, 0, 0, 0, 1, 0
76418, 1, 0, 0, 0, 1, 0
76421, 1, 0, 0, 0, 1, 0
76424, 0, 1, 1, 0, 0, 0
76426, 0, 1, 1, 0, 0, 0
76427, 1, 0, 0, 0, 1, 0
76428, 1, 0, 0, 0, 1, 0
76429, 0, 1, 1, 0, 0, 0
94093, 1, 2, 2, 0, 1, 0
113462, 1, 1, 1, 0, 1, 0
76435, 1, 0, 0, 0, 1, 0
76436, 0, 1, 1, 0, 0, 0
76438, 1, 0, 0, 0, 1, 0
76442, 4, 0, 0, 0, 2, 2
76443, 1, 0, 0, 0, 1, 0
76445, 1, 0, 0, 0, 1, 0
76451, 6, 0, 0, 0, 6, 0
76452, 1, 0, 0, 0, 1, 0
76455, 0, 1, 1, 0, 0, 0
76456, 0, 1, 1, 0, 0, 0
76457, 0, 1, 1, 0, 0, 0
76460, 3, 0, 0, 0, 3, 0
76463, 1, 1, 1, 0, 1, 0
76465, 1, 0, 0, 0, 0, 1
76466, 1, 0, 0, 0, 1, 0
76467, 1, 0, 0, 0, 1, 0
76469, 2, 0, 0, 0, 2, 0
76470, 2, 0, 0, 0, 2, 0
76471, 5, 0, 0, 0, 4, 1
76472, 2, 0, 0, 0, 2, 0
76473, 1, 0, 0, 0, 1, 0
76476, 1, 0, 0, 0, 1, 0
76477, 1, 0, 0, 0, 1, 0
76478, 1, 0, 0, 0, 1, 0
76480, 1, 0, 0, 0, 1, 0
76481, 0, 1, 1, 0, 0, 0
76483, 1, 0, 0, 0, 1, 0
76484, 1, 0, 0, 0, 1, 0
76485, 1, 0, 0, 0, 1, 0
76486, 1, 0, 0, 0, 1, 0
78516, 2, 2, 2, 0, 2, 0
79468, 3, 1, 1, 0, 3, 0
79509, 1, 1, 1, 0, 1, 0
76494, 1, 0, 0, 0, 1, 0
76499, 1, 0, 0, 0, 1, 0
76502, 1, 2, 2, 0, 1, 0
76510, 1, 0, 0, 0, 1, 0
76512, 1, 1, 1, 0, 1, 0
80947, 1, 1, 1, 0, 1, 0
76514, 3, 0, 0, 0, 3, 0
76517, 0, 1, 1, 0, 0, 0
76518, 1, 0, 0, 0, 1, 0
76519, 2, 2, 2, 0, 2, 0
78481, 1, 1, 1, 0, 1, 0
76522, 1, 0, 0, 0, 1, 0
76523, 0, 1, 1, 0, 0, 0
76524, 1, 0, 0, 0, 1, 0
91059, 0, 1, 1, 0, 0, 0
76533, 1, 0, 0, 0, 1, 0
76538, 1, 0, 0, 0, 1, 0
76539, 1, 0, 0, 0, 1, 0
76540, 4, 0, 0, 0, 2, 2
76542, 6, 0, 0, 0, 6, 0
76544, 1, 0, 0, 0, 1, 0
76547, 1, 0, 0, 0, 1, 0
76548, 1, 0, 0, 0, 1, 0
77011, 0, 1, 1, 0, 0, 0
76555, 1, 0, 0, 0, 1, 0
76561, 1, 0, 0, 0, 1, 0
76562, 1, 0, 0, 0, 1, 0
76565, 1, 0, 0, 0, 1, 0
76567, 1, 0, 0, 0, 1, 0
76568, 1, 2, 2, 0, 1, 0
76589, 1, 1, 1, 0, 1, 0
76590, 0, 1, 1, 0, 0, 0
76571, 1, 0, 0, 0, 1, 0
76576, 1, 0, 0, 0, 1, 0
76577, 1, 0, 0, 0, 1, 0
76578, 0, 1, 1, 0, 0, 0
76585, 1, 0, 0, 0, 1, 0
76586, 0, 1, 1, 0, 0, 0
76587, 1, 0, 0, 0, 1, 0
76588, 1, 0, 0, 0, 1, 0
79322, 0, 1, 1, 0, 0, 0
76607, 1, 0, 0, 0, 1, 0
76608, 1, 0, 0, 0, 1, 0
76612, 0, 1, 1, 0, 0, 0
113760, 2, 1, 1, 0, 2, 0
76622, 1, 0, 0, 0, 1, 0
76625, 1, 0, 0, 0, 1, 0
76629, 1, 0, 0, 0, 1, 0
79602, 1, 2, 2, 0, 1, 0
80961, 0, 1, 1, 0, 0, 0
79544, 1, 2, 2, 0, 1, 0
80340, 1, 1, 1, 0, 1, 0
80434, 0, 1, 1, 0, 0, 0
76661, 3, 0, 0, 0, 3, 0
76664, 1, 0, 0, 0, 1, 0
76665, 2, 0, 0, 0, 2, 0
76666, 0, 1, 1, 0, 0, 0
76667, 1, 0, 0, 0, 1, 0
76668, 0, 1, 1, 0, 0, 0
76673, 1, 0, 0, 0, 1, 0
76676, 1, 0, 0, 0, 0, 1
76687, 2, 0, 0, 0, 2, 0
80288, 3, 1, 1, 0, 3, 0
76689, 1, 0, 0, 0, 1, 0
76690, 1, 0, 0, 0, 1, 0
76691, 1, 0, 0, 0, 1, 0
76695, 3, 0, 0, 0, 2, 1
76696, 1, 0, 0, 0, 1, 0
76697, 0, 1, 1, 0, 0, 0
76699, 1, 0, 0, 0, 1, 0
76700, 1, 0, 0, 0, 1, 0
76705, 1, 0, 0, 0, 1, 0
76706, 0, 1, 1, 0, 0, 0
76719, 1, 0, 0, 0, 1, 0
76721, 1, 0, 0, 0, 1, 0
76725, 2, 0, 0, 0, 2, 0
76726, 2, 0, 0, 0, 1, 1
76727, 1, 0, 0, 0, 1, 0
76730, 1, 0, 0, 0, 0, 1
76732, 1, 0, 0, 0, 1, 0
76733, 1, 0, 0, 0, 1, 0
76736, 8, 0, 0, 0, 8, 0
76737, 2, 1, 1, 0, 1, 1
80248, 1, 1, 1, 0, 1, 0
76739, 1, 0, 0, 0, 1, 0
76753, 1, 0, 0, 0, 1, 0
76756, 1, 0, 0, 0, 1, 0
86104, 0, 1, 1, 0, 0, 0
76760, 1, 0, 0, 0, 1, 0
76761, 3, 2, 2, 0, 3, 0
76763, 1, 0, 0, 0, 1, 0
76769, 1, 0, 0, 0, 0, 1
76770, 1, 0, 0, 0, 1, 0
82690, 0, 1, 1, 0, 0, 0
76772, 1, 0, 0, 0, 1, 0
76780, 3, 1, 1, 0, 3, 0
76784, 1, 0, 0, 0, 1, 0
76788, 2, 1, 1, 0, 2, 0
76789, 1, 0, 0, 0, 1, 0
76790, 0, 1, 1, 0, 0, 0
76791, 1, 0, 0, 0, 1, 0
76800, 1, 0, 0, 0, 1, 0
76801, 2, 0, 0, 0, 2, 0
76802, 3, 0, 0, 0, 3, 0
76803, 1, 0, 0, 0, 1, 0
90383, 2, 2, 2, 0, 2, 0
84966, 0, 1, 1, 0, 0, 0
76821, 1, 0, 0, 0, 1, 0
76822, 1, 0, 0, 0, 1, 0
76824, 1, 0, 0, 0, 1, 0
76825, 1, 0, 0, 0, 1, 0
76826, 0, 1, 1, 0, 0, 0
76827, 1, 0, 0, 0, 1, 0
76829, 1, 0, 0, 0, 1, 0
76832, 1, 0, 0, 0, 0, 1
76839, 2, 1, 1, 0, 2, 0
76840, 1, 0, 0, 0, 0, 1
76841, 2, 1, 1, 0, 2, 0
76842, 1, 0, 0, 0, 1, 0
76843, 1, 0, 0, 0, 1, 0
76844, 1, 0, 0, 0, 1, 0
76845, 5, 0, 0, 0, 5, 0
88528, 0, 1, 1, 0, 0, 0
88529, 0, 1, 1, 0, 0, 0
76848, 1, 0, 0, 0, 1, 0
76849, 2, 0, 0, 0, 2, 0
76850, 1, 0, 0, 0, 1, 0
76854, 1, 0, 0, 0, 1, 0
97926, 0, 1, 1, 0, 0, 0
76870, 1, 0, 0, 0, 1, 0
76877, 2, 0, 0, 0, 2, 0
76880, 1, 0, 0, 0, 1, 0
76889, 1, 0, 0, 0, 1, 0
76891, 1, 0, 0, 0, 1, 0
76899, 1, 0, 0, 0, 1, 0
76900, 0, 1, 1, 0, 0, 0
76901, 2, 0, 0, 0, 2, 0
76902, 1, 0, 0, 0, 1, 0
76903, 1, 2, 2, 0, 1, 0
77469, 1, 1, 1, 0, 1, 0
76904, 4, 1, 1, 0, 4, 0
76905, 1, 1, 1, 0, 1, 0
76907, 0, 1, 1, 0, 0, 0
76912, 1, 0, 0, 0, 1, 0
76913, 1, 0, 0, 0, 1, 0
76915, 1, 0, 0, 0, 1, 0
76916, 1, 0, 0, 0, 1, 0
76917, 0, 1, 1, 0, 0, 0
76918, 1, 0, 0, 0, 1, 0
81967, 1, 1, 1, 0, 1, 0
76944, 1, 0, 0, 0, 1, 0
76945, 1, 0, 0, 0, 1, 0
76947, 1, 0, 0, 0, 1, 0
76970, 2, 0, 0, 0, 2, 0
82241, 0, 1, 1, 0, 0, 0
82242, 0, 1, 0, 1, 0, 0
76972, 1, 0, 0, 0, 1, 0
76976, 1, 0, 0, 0, 1, 0
76979, 1, 0, 0, 0, 0, 1
76980, 1, 0, 0, 0, 1, 0
82321, 0, 1, 1, 0, 0, 0
76985, 1, 0, 0, 0, 1, 0
76988, 2, 0, 0, 0, 2, 0
76991, 1, 0, 0, 0, 1, 0
76992, 2, 0, 0, 0, 2, 0
76994, 0, 1, 0, 1, 0, 0
81584, 1, 1, 1, 0, 1, 0
78927, 2, 2, 2, 0, 2, 0
78928, 1, 2, 2, 0, 1, 0
78929, 0, 1, 1, 0, 0, 0
78930, 0, 1, 1, 0, 0, 0
77005, 1, 0, 0, 0, 1, 0
77013, 2, 0, 0, 0, 2, 0
77014, 1, 2, 2, 0, 1, 0
77015, 2, 0, 0, 0, 2, 0
99929, 1, 1, 1, 0, 1, 0
82560, 0, 1, 1, 0, 0, 0
83251, 0, 1, 1, 0, 0, 0
83252, 1, 2, 2, 0, 1, 0
77024, 1, 0, 0, 0, 1, 0
77892, 0, 1, 1, 0, 0, 0
77026, 1, 0, 0, 0, 1, 0
77030, 1, 0, 0, 0, 1, 0
77032, 1, 0, 0, 0, 1, 0
77035, 11, 0, 0, 0, 11, 0
77043, 9, 0, 0, 0, 9, 0
77070, 1, 0, 0, 0, 1, 0
80452, 0, 1, 1, 0, 0, 0
77072, 1, 0, 0, 0, 1, 0
77073, 1, 0, 0, 0, 0, 1
77074, 0, 1, 0, 1, 0, 0
77076, 1, 1, 1, 0, 1, 0
77077, 1, 0, 0, 0, 1, 0
77078, 8, 0, 0, 0, 7, 1
77080, 1, 0, 0, 0, 1, 0
77083, 3, 0, 0, 0, 3, 0
77085, 0, 1, 1, 0, 0, 0
77086, 1, 0, 0, 0, 1, 0
77087, 1, 1, 1, 0, 1, 0
77094, 1, 0, 0, 0, 1, 0
77096, 1, 0, 0, 0, 1, 0
77099, 3, 0, 0, 0, 3, 0
77101, 1, 0, 0, 0, 1, 0
77103, 0, 1, 0, 1, 0, 0
77104, 2, 0, 0, 0, 2, 0
77105, 3, 0, 0, 0, 3, 0
77106, 2, 0, 0, 0, 2, 0
77109, 1, 0, 0, 0, 1, 0
77111, 1, 0, 0, 0, 1, 0
77112, 1, 0, 0, 0, 1, 0
77113, 2, 0, 0, 0, 2, 0
77115, 1, 0, 0, 0, 0, 1
77116, 1, 0, 0, 0, 1, 0
77117, 1, 0, 0, 0, 1, 0
77120, 8, 1, 1, 0, 8, 0
77122, 7, 1, 1, 0, 7, 0
77123, 4, 1, 1, 0, 4, 0
77525, 0, 1, 1, 0, 0, 0
77130, 1, 0, 0, 0, 1, 0
77131, 1, 1, 1, 0, 1, 0
77132, 2, 0, 0, 0, 2, 0
77133, 1, 0, 0, 0, 1, 0
77134, 1, 2, 2, 0, 1, 0
77135, 3, 0, 0, 0, 3, 0
77136, 1, 0, 0, 0, 1, 0
77140, 2, 0, 0, 0, 2, 0
77141, 3, 0, 0, 0, 3, 0
77142, 1, 0, 0, 0, 1, 0
77143, 1, 0, 0, 0, 1, 0
77146, 1, 0, 0, 0, 1, 0
77147, 1, 0, 0, 0, 1, 0
77148, 4, 0, 0, 0, 4, 0
77149, 3, 0, 0, 0, 3, 0
77150, 0, 1, 1, 0, 0, 0
77151, 1, 0, 0, 0, 1, 0
77152, 0, 1, 1, 0, 0, 0
77156, 1, 0, 0, 0, 1, 0
77157, 2, 3, 3, 0, 2, 0
89296, 2, 1, 1, 0, 2, 0
77160, 1, 0, 0, 0, 1, 0
82432, 3, 1, 1, 0, 3, 0
83046, 0, 1, 1, 0, 0, 0
83047, 0, 1, 1, 0, 0, 0
83048, 0, 1, 1, 0, 0, 0
77171, 1, 0, 0, 0, 1, 0
77172, 0, 2, 2, 0, 0, 0
77173, 1, 0, 0, 0, 1, 0
77174, 1, 0, 0, 0, 0, 1
77180, 1, 0, 0, 0, 1, 0
77181, 1, 0, 0, 0, 1, 0
77182, 0, 1, 1, 0, 0, 0
77195, 6, 0, 0, 0, 6, 0
77196, 3, 0, 0, 0, 3, 0
77197, 8, 0, 0, 0, 8, 0
77200, 1, 0, 0, 0, 1, 0
77201, 3, 0, 0, 0, 2, 1
77202, 2, 0, 0, 0, 2, 0
77206, 1, 0, 0, 0, 1, 0
77210, 0, 1, 1, 0, 0, 0
77211, 1, 0, 0, 0, 1, 0
77215, 2, 0, 0, 0, 2, 0
77216, 4, 2, 2, 0, 3, 1
84467, 0, 1, 0, 1, 0, 0
77220, 1, 0, 0, 0, 1, 0
110655, 2, 1, 1, 0, 2, 0
77226, 2, 1, 1, 0, 2, 0
77227, 4, 1, 1, 0, 4, 0
124798, 0, 2, 2, 0, 0, 0
124860, 0, 1, 1, 0, 0, 0
77230, 1, 0, 0, 0, 1, 0
112112, 2, 1, 0, 1, 2, 0
115685, 0, 3, 3, 0, 0, 0
120427, 1, 1, 0, 1, 0, 1
122648, 2, 5, 5, 0, 2, 0
126217, 0, 3, 1, 2, 0, 0
126378, 0, 1, 0, 1, 0, 0
128720, 0, 1, 0, 1, 0, 0
118518, 3, 1, 1, 0, 3, 0
77236, 5, 0, 0, 0, 5, 0
77237, 1, 0, 0, 0, 1, 0
126104, 0, 1, 1, 0, 0, 0
77242, 1, 0, 0, 0, 1, 0
77243, 1, 0, 0, 0, 1, 0
77244, 0, 1, 1, 0, 0, 0
77245, 1, 1, 0, 1, 1, 0
77246, 3, 1, 0, 1, 2, 1
77247, 1, 1, 1, 0, 1, 0
126402, 3, 2, 2, 0, 3, 0
100282, 1, 2, 2, 0, 1, 0
115711, 0, 2, 2, 0, 0, 0
120424, 1, 1, 1, 0, 1, 0
123821, 5, 4, 4, 0, 5, 0
123833, 1, 1, 1, 0, 1, 0
124433, 2, 1, 1, 0, 2, 0
124764, 6, 1, 1, 0, 5, 1
125052, 0, 1, 1, 0, 0, 0
125196, 0, 1, 1, 0, 0, 0
125197, 0, 1, 1, 0, 0, 0
125240, 0, 2, 2, 0, 0, 0
125241, 1, 1, 1, 0, 1, 0
125243, 0, 2, 2, 0, 0, 0
125244, 0, 1, 1, 0, 0, 0
125253, 0, 2, 2, 0, 0, 0
125254, 1, 2, 2, 0, 1, 0
125255, 0, 2, 2, 0, 0, 0
125256, 0, 1, 1, 0, 0, 0
125257, 0, 1, 1, 0, 0, 0
125356, 0, 2, 2, 0, 0, 0
126788, 1, 1, 1, 0, 1, 0
127023, 0, 2, 2, 0, 0, 0
127074, 1, 1, 1, 0, 1, 0
127838, 0, 1, 1, 0, 0, 0
127860, 0, 2, 2, 0, 0, 0
127861, 0, 1, 1, 0, 0, 0
127862, 0, 1, 1, 0, 0, 0
127863, 1, 1, 1, 0, 1, 0
127864, 0, 1, 1, 0, 0, 0
127865, 0, 1, 1, 0, 0, 0
127880, 1, 2, 2, 0, 1, 0
127883, 1, 1, 1, 0, 1, 0
127903, 1, 1, 1, 0, 1, 0
127904, 0, 1, 1, 0, 0, 0
127905, 0, 2, 2, 0, 0, 0
127906, 0, 1, 1, 0, 0, 0
127924, 0, 1, 1, 0, 0, 0
127925, 0, 1, 1, 0, 0, 0
127926, 2, 1, 1, 0, 2, 0
127930, 0, 1, 1, 0, 0, 0
127931, 0, 1, 1, 0, 0, 0
127932, 0, 1, 1, 0, 0, 0
127935, 2, 1, 1, 0, 2, 0
127946, 0, 1, 1, 0, 0, 0
127947, 1, 1, 1, 0, 1, 0
127948, 0, 1, 1, 0, 0, 0
127949, 0, 1, 1, 0, 0, 0
127950, 0, 1, 1, 0, 0, 0
129121, 0, 1, 1, 0, 0, 0
129122, 1, 2, 2, 0, 1, 0
120375, 4, 3, 3, 0, 4, 0
77252, 2, 0, 0, 0, 0, 2
120994, 0, 2, 1, 1, 0, 0
122120, 0, 1, 0, 1, 0, 0
123297, 3, 2, 0, 2, 2, 1
124409, 0, 1, 0, 1, 0, 0
125030, 0, 1, 0, 1, 0, 0
125043, 0, 1, 0, 1, 0, 0
125103, 0, 1, 0, 1, 0, 0
125226, 2, 1, 0, 1, 0, 2
125770, 0, 1, 0, 1, 0, 0
125773, 0, 1, 0, 1, 0, 0
129182, 0, 1, 0, 1, 0, 0
130413, 0, 1, 0, 1, 0, 0
130414, 0, 1, 0, 1, 0, 0
131349, 0, 1, 0, 1, 0, 0
111848, 16, 4, 4, 0, 16, 0
122243, 1, 3, 3, 0, 1, 0
122731, 4, 9, 7, 2, 4, 0
123964, 0, 1, 1, 0, 0, 0
124441, 0, 1, 1, 0, 0, 0
124469, 0, 1, 1, 0, 0, 0
77268, 13, 0, 0, 0, 13, 0
129209, 0, 1, 1, 0, 0, 0
130412, 0, 1, 1, 0, 0, 0
77269, 6, 3, 3, 0, 3, 3
117869, 5, 5, 5, 0, 5, 0
121883, 0, 1, 0, 1, 0, 0
124815, 3, 3, 3, 0, 3, 0
124817, 3, 3, 3, 0, 3, 0
77272, 0, 1, 1, 0, 0, 0
77273, 1, 0, 0, 0, 1, 0
77275, 2, 0, 0, 0, 2, 0
77276, 1, 0, 0, 0, 1, 0
77280, 1, 0, 0, 0, 1, 0
77281, 2, 0, 0, 0, 2, 0
77283, 0, 1, 1, 0, 0, 0
77284, 0, 1, 1, 0, 0, 0
77286, 1, 0, 0, 0, 1, 0
77287, 3, 1, 1, 0, 3, 0
77289, 1, 0, 0, 0, 1, 0
77291, 4, 0, 0, 0, 4, 0
77296, 2, 0, 0, 0, 2, 0
77306, 2, 0, 0, 0, 2, 0
77308, 1, 0, 0, 0, 1, 0
77309, 2, 0, 0, 0, 2, 0
77310, 0, 1, 1, 0, 0, 0
77311, 3, 0, 0, 0, 3, 0
77315, 2, 0, 0, 0, 2, 0
77323, 2, 0, 0, 0, 2, 0
77324, 1, 0, 0, 0, 1, 0
77325, 1, 0, 0, 0, 1, 0
77328, 6, 0, 0, 0, 6, 0
77332, 1, 0, 0, 0, 1, 0
77335, 2, 0, 0, 0, 2, 0
77336, 1, 0, 0, 0, 1, 0
77343, 4, 0, 0, 0, 4, 0
77346, 1, 0, 0, 0, 1, 0
77348, 1, 0, 0, 0, 1, 0
77349, 1, 0, 0, 0, 1, 0
77350, 0, 1, 1, 0, 0, 0
77351, 2, 0, 0, 0, 2, 0
77353, 1, 0, 0, 0, 1, 0
77354, 1, 0, 0, 0, 1, 0
77359, 1, 0, 0, 0, 1, 0
77360, 1, 0, 0, 0, 1, 0
77361, 1, 0, 0, 0, 1, 0
77365, 1, 0, 0, 0, 1, 0
77367, 1, 0, 0, 0, 1, 0
77369, 2, 0, 0, 0, 2, 0
77374, 1, 0, 0, 0, 1, 0
77375, 0, 1, 1, 0, 0, 0
91917, 8, 1, 1, 0, 7, 1
77378, 2, 0, 0, 0, 1, 1
77379, 1, 0, 0, 0, 1, 0
77383, 1, 1, 1, 0, 1, 0
77384, 2, 1, 1, 0, 2, 0
77466, 0, 1, 1, 0, 0, 0
77385, 1, 0, 0, 0, 1, 0
77386, 0, 1, 1, 0, 0, 0
77387, 1, 0, 0, 0, 1, 0
77389, 1, 0, 0, 0, 1, 0
77390, 0, 1, 1, 0, 0, 0
77393, 1, 0, 0, 0, 1, 0
77394, 2, 2, 2, 0, 2, 0
77397, 0, 3, 3, 0, 0, 0
77398, 1, 0, 0, 0, 1, 0
77399, 0, 1, 1, 0, 0, 0
77439, 1, 1, 1, 0, 1, 0
81589, 0, 1, 1, 0, 0, 0
81590, 0, 1, 1, 0, 0, 0
79620, 3, 2, 2, 0, 3, 0
78934, 0, 1, 1, 0, 0, 0
77427, 3, 0, 0, 0, 2, 1
77428, 4, 0, 0, 0, 4, 0
77429, 0, 1, 1, 0, 0, 0
77432, 4, 0, 0, 0, 4, 0
77434, 1, 0, 0, 0, 1, 0
77436, 1, 0, 0, 0, 0, 1
77437, 1, 0, 0, 0, 1, 0
77440, 3, 0, 0, 0, 3, 0
77442, 1, 0, 0, 0, 1, 0
77444, 1, 0, 0, 0, 1, 0
81472, 1, 1, 1, 0, 1, 0
77446, 2, 0, 0, 0, 2, 0
77449, 1, 0, 0, 0, 1, 0
77450, 1, 0, 0, 0, 1, 0
77451, 0, 1, 1, 0, 0, 0
77456, 1, 0, 0, 0, 1, 0
77461, 1, 0, 0, 0, 1, 0
77462, 1, 15, 15, 0, 1, 0
77463, 1, 0, 0, 0, 1, 0
77465, 1, 0, 0, 0, 1, 0
77467, 1, 0, 0, 0, 1, 0
77468, 1, 1, 1, 0, 1, 0
77479, 0, 1, 1, 0, 0, 0
77481, 7, 1, 1, 0, 7, 0
77482, 6, 1, 1, 0, 6, 0
77483, 1, 2, 2, 0, 1, 0
77484, 0, 2, 2, 0, 0, 0
77486, 1, 0, 0, 0, 0, 1
77487, 1, 0, 0, 0, 1, 0
77488, 1, 0, 0, 0, 1, 0
77490, 0, 1, 1, 0, 0, 0
77491, 1, 0, 0, 0, 1, 0
77492, 1, 0, 0, 0, 1, 0
77493, 3, 0, 0, 0, 3, 0
77617, 4, 1, 1, 0, 4, 0
81441, 1, 1, 1, 0, 1, 0
77524, 1, 0, 0, 0, 1, 0
77528, 1, 0, 0, 0, 1, 0
77536, 1, 0, 0, 0, 1, 0
77537, 1, 0, 0, 0, 1, 0
77539, 2, 0, 0, 0, 2, 0
77540, 2, 0, 0, 0, 2, 0
77541, 1, 0, 0, 0, 1, 0
77549, 1, 1, 1, 0, 1, 0
77550, 1, 1, 1, 0, 1, 0
78526, 1, 2, 2, 0, 1, 0
77567, 1, 0, 0, 0, 1, 0
77568, 0, 1, 1, 0, 0, 0
77569, 1, 0, 0, 0, 1, 0
77572, 1, 0, 0, 0, 1, 0
77573, 0, 1, 1, 0, 0, 0
77574, 1, 0, 0, 0, 1, 0
94634, 1, 1, 1, 0, 0, 1
77590, 1, 0, 0, 0, 1, 0
77591, 0, 1, 1, 0, 0, 0
77594, 1, 0, 0, 0, 1, 0
77595, 1, 1, 1, 0, 1, 0
77596, 9, 1, 1, 0, 9, 0
77597, 1, 0, 0, 0, 1, 0
77598, 1, 0, 0, 0, 1, 0
77600, 1, 0, 0, 0, 1, 0
77604, 1, 0, 0, 0, 1, 0
89837, 1, 1, 1, 0, 1, 0
77606, 1, 0, 0, 0, 1, 0
77607, 1, 0, 0, 0, 1, 0
77608, 3, 0, 0, 0, 2, 1
77609, 1, 0, 0, 0, 1, 0
77610, 1, 0, 0, 0, 1, 0
77611, 0, 1, 1, 0, 0, 0
77612, 1, 0, 0, 0, 1, 0
77615, 1, 0, 0, 0, 1, 0
77618, 2, 0, 0, 0, 2, 0
77619, 2, 2, 2, 0, 2, 0
85678, 0, 1, 0, 1, 0, 0
77622, 1, 0, 0, 0, 1, 0
77623, 1, 0, 0, 0, 1, 0
77624, 0, 1, 1, 0, 0, 0
77626, 1, 0, 0, 0, 1, 0
77627, 1, 0, 0, 0, 1, 0
77628, 1, 1, 1, 0, 1, 0
77640, 0, 1, 1, 0, 0, 0
77629, 1, 0, 0, 0, 1, 0
77630, 1, 0, 0, 0, 1, 0
77631, 1, 0, 0, 0, 1, 0
77632, 1, 2, 2, 0, 1, 0
77794, 2, 2, 2, 0, 2, 0
77633, 1, 0, 0, 0, 1, 0
77634, 3, 0, 0, 0, 3, 0
77639, 1, 0, 0, 0, 1, 0
101113, 0, 1, 0, 1, 0, 0
77698, 2, 0, 0, 0, 2, 0
77700, 1, 0, 0, 0, 1, 0
77702, 2, 0, 0, 0, 2, 0
77703, 1, 0, 0, 0, 1, 0
77709, 1, 0, 0, 0, 1, 0
77711, 1, 0, 0, 0, 1, 0
77714, 1, 0, 0, 0, 1, 0
77715, 2, 0, 0, 0, 2, 0
77722, 1, 0, 0, 0, 1, 0
77723, 1, 0, 0, 0, 1, 0
77734, 1, 0, 0, 0, 1, 0
77735, 1, 0, 0, 0, 1, 0
77736, 1, 0, 0, 0, 1, 0
77737, 1, 0, 0, 0, 1, 0
77738, 1, 0, 0, 0, 1, 0
77739, 1, 0, 0, 0, 1, 0
77741, 1, 0, 0, 0, 1, 0
77745, 1, 0, 0, 0, 1, 0
77746, 1, 0, 0, 0, 1, 0
79351, 0, 1, 1, 0, 0, 0
77750, 1, 0, 0, 0, 1, 0
77751, 0, 1, 1, 0, 0, 0
77753, 1, 0, 0, 0, 1, 0
77754, 0, 1, 1, 0, 0, 0
77755, 2, 0, 0, 0, 2, 0
77756, 1, 0, 0, 0, 1, 0
77757, 0, 3, 3, 0, 0, 0
77758, 1, 1, 1, 0, 1, 0
77760, 1, 0, 0, 0, 1, 0
77761, 2, 0, 0, 0, 2, 0
77762, 1, 0, 0, 0, 1, 0
77763, 1, 0, 0, 0, 1, 0
77764, 6, 0, 0, 0, 5, 1
77769, 2, 0, 0, 0, 2, 0
102542, 0, 2, 2, 0, 0, 0
77770, 2, 0, 0, 0, 2, 0
77772, 0, 1, 1, 0, 0, 0
77774, 1, 0, 0, 0, 1, 0
77776, 2, 0, 0, 0, 1, 1
77780, 1, 0, 0, 0, 1, 0
77781, 1, 0, 0, 0, 1, 0
77784, 1, 0, 0, 0, 1, 0
77785, 2, 0, 0, 0, 2, 0
77786, 2, 0, 0, 0, 2, 0
77787, 2, 0, 0, 0, 2, 0
77788, 1, 0, 0, 0, 1, 0
77789, 0, 1, 1, 0, 0, 0
77793, 1, 0, 0, 0, 1, 0
77802, 1, 0, 0, 0, 1, 0
77803, 1, 0, 0, 0, 1, 0
77804, 2, 0, 0, 0, 2, 0
77805, 1, 0, 0, 0, 1, 0
77806, 1, 2, 2, 0, 1, 0
82702, 1, 1, 1, 0, 1, 0
77807, 1, 0, 0, 0, 1, 0
77808, 0, 1, 1, 0, 0, 0
77810, 1, 0, 0, 0, 1, 0
77813, 1, 0, 0, 0, 1, 0
77814, 2, 0, 0, 0, 2, 0
77815, 1, 0, 0, 0, 1, 0
77817, 1, 0, 0, 0, 1, 0
77818, 1, 0, 0, 0, 1, 0
77819, 0, 1, 1, 0, 0, 0
77820, 1, 0, 0, 0, 1, 0
77875, 3, 1, 1, 0, 3, 0
77822, 1, 0, 0, 0, 1, 0
77823, 1, 0, 0, 0, 1, 0
77824, 1, 1, 1, 0, 1, 0
105868, 1, 1, 1, 0, 1, 0
77855, 1, 0, 0, 0, 1, 0
77856, 0, 1, 1, 0, 0, 0
77858, 1, 0, 0, 0, 1, 0
77859, 1, 0, 0, 0, 1, 0
77860, 1, 0, 0, 0, 1, 0
77861, 0, 1, 1, 0, 0, 0
77863, 1, 0, 0, 0, 1, 0
77864, 0, 1, 1, 0, 0, 0
77865, 1, 1, 1, 0, 1, 0
77866, 1, 1, 1, 0, 1, 0
77868, 1, 0, 0, 0, 1, 0
77869, 1, 0, 0, 0, 1, 0
77870, 1, 0, 0, 0, 1, 0
77872, 1, 1, 1, 0, 1, 0
77876, 1, 1, 1, 0, 1, 0
77877, 2, 3, 2, 1, 2, 0
77880, 1, 1, 1, 0, 0, 1
77881, 0, 1, 1, 0, 0, 0
77882, 3, 0, 0, 0, 3, 0
77883, 0, 1, 1, 0, 0, 0
77884, 0, 1, 1, 0, 0, 0
77885, 1, 0, 0, 0, 1, 0
77894, 1, 0, 0, 0, 1, 0
77898, 5, 0, 0, 0, 5, 0
77899, 6, 0, 0, 0, 6, 0
77906, 2, 0, 0, 0, 0, 2
77907, 1, 0, 0, 0, 1, 0
99202, 1, 1, 1, 0, 1, 0
79730, 1, 1, 1, 0, 1, 0
91945, 0, 1, 1, 0, 0, 0
86254, 0, 1, 0, 1, 0, 0
83174, 0, 1, 1, 0, 0, 0
80478, 2, 1, 1, 0, 2, 0
80479, 0, 2, 2, 0, 0, 0
81929, 2, 3, 3, 0, 1, 1
116753, 0, 1, 1, 0, 0, 0
79600, 1, 2, 2, 0, 1, 0
80833, 0, 1, 1, 0, 0, 0
78227, 2, 0, 0, 0, 1, 1
78230, 1, 0, 0, 0, 1, 0
78248, 1, 1, 1, 0, 1, 0
78233, 0, 2, 2, 0, 0, 0
78234, 1, 0, 0, 0, 1, 0
78235, 1, 0, 0, 0, 1, 0
78237, 4, 0, 0, 0, 4, 0
78238, 4, 1, 1, 0, 4, 0
78239, 0, 1, 1, 0, 0, 0
122235, 1, 3, 2, 1, 0, 1
78240, 1, 0, 0, 0, 1, 0
78241, 1, 0, 0, 0, 1, 0
78242, 2, 1, 1, 0, 2, 0
78246, 1, 0, 0, 0, 1, 0
78247, 1, 1, 1, 0, 1, 0
78249, 1, 0, 0, 0, 1, 0
78250, 1, 0, 0, 0, 1, 0
78251, 1, 0, 0, 0, 1, 0
78252, 1, 0, 0, 0, 1, 0
78254, 1, 0, 0, 0, 1, 0
78255, 2, 0, 0, 0, 2, 0
78256, 0, 1, 1, 0, 0, 0
78257, 0, 1, 1, 0, 0, 0
78262, 1, 0, 0, 0, 1, 0
78266, 2, 0, 0, 0, 2, 0
78267, 1, 0, 0, 0, 1, 0
78269, 1, 0, 0, 0, 1, 0
78271, 1, 0, 0, 0, 1, 0
78272, 0, 1, 1, 0, 0, 0
78273, 1, 0, 0, 0, 1, 0
78274, 1, 0, 0, 0, 1, 0
78275, 1, 1, 1, 0, 1, 0
78276, 1, 1, 1, 0, 1, 0
78280, 1, 0, 0, 0, 1, 0
78281, 1, 0, 0, 0, 1, 0
78282, 1, 0, 0, 0, 1, 0
78283, 0, 1, 1, 0, 0, 0
78284, 1, 1, 1, 0, 1, 0
78285, 1, 0, 0, 0, 1, 0
78286, 0, 1, 1, 0, 0, 0
78287, 1, 0, 0, 0, 1, 0
78288, 1, 0, 0, 0, 1, 0
78353, 0, 1, 1, 0, 0, 0
78291, 2, 0, 0, 0, 2, 0
78293, 0, 1, 1, 0, 0, 0
78296, 1, 0, 0, 0, 1, 0
78297, 5, 0, 0, 0, 4, 1
78298, 0, 1, 0, 1, 0, 0
78299, 3, 0, 0, 0, 2, 1
78302, 1, 0, 0, 0, 1, 0
78304, 1, 0, 0, 0, 1, 0
78305, 0, 1, 1, 0, 0, 0
78306, 3, 0, 0, 0, 3, 0
78307, 1, 0, 0, 0, 1, 0
78310, 1, 1, 1, 0, 1, 0
78312, 3, 0, 0, 0, 1, 2
78314, 1, 0, 0, 0, 1, 0
78315, 0, 1, 1, 0, 0, 0
78316, 1, 0, 0, 0, 1, 0
78317, 1, 0, 0, 0, 1, 0
78321, 1, 0, 0, 0, 1, 0
78322, 1, 0, 0, 0, 1, 0
78326, 2, 1, 1, 0, 2, 0
78327, 1, 2, 2, 0, 1, 0
78328, 3, 3, 3, 0, 3, 0
78329, 2, 1, 1, 0, 2, 0
78330, 2, 1, 1, 0, 2, 0
78335, 1, 0, 0, 0, 1, 0
78336, 1, 0, 0, 0, 1, 0
78337, 1, 0, 0, 0, 1, 0
78338, 1, 0, 0, 0, 1, 0
78339, 4, 0, 0, 0, 4, 0
78340, 3, 0, 0, 0, 3, 0
78342, 2, 0, 0, 0, 2, 0
78348, 1, 0, 0, 0, 0, 1
78349, 1, 0, 0, 0, 1, 0
78351, 1, 0, 0, 0, 1, 0
78352, 1, 0, 0, 0, 1, 0
78359, 1, 0, 0, 0, 1, 0
78365, 1, 0, 0, 0, 1, 0
78366, 1, 0, 0, 0, 1, 0
78376, 2, 0, 0, 0, 2, 0
78383, 1, 0, 0, 0, 1, 0
78390, 2, 0, 0, 0, 2, 0
78393, 1, 0, 0, 0, 1, 0
78398, 1, 0, 0, 0, 1, 0
78399, 1, 0, 0, 0, 1, 0
78403, 0, 1, 1, 0, 0, 0
78414, 2, 1, 1, 0, 2, 0
79614, 1, 1, 1, 0, 1, 0
84567, 2, 1, 1, 0, 2, 0
78454, 1, 0, 0, 0, 1, 0
78455, 1, 0, 0, 0, 1, 0
78457, 1, 0, 0, 0, 1, 0
78458, 0, 1, 1, 0, 0, 0
78460, 1, 0, 0, 0, 1, 0
78461, 0, 1, 1, 0, 0, 0
78462, 1, 0, 0, 0, 1, 0
78466, 1, 0, 0, 0, 1, 0
78468, 1, 0, 0, 0, 1, 0
78469, 1, 0, 0, 0, 1, 0
79470, 1, 2, 2, 0, 1, 0
80115, 1, 2, 2, 0, 1, 0
80252, 2, 3, 3, 0, 2, 0
80578, 0, 4, 4, 0, 0, 0
81374, 0, 1, 1, 0, 0, 0
81376, 0, 1, 1, 0, 0, 0
81377, 0, 1, 1, 0, 0, 0
81378, 0, 1, 1, 0, 0, 0
81379, 0, 2, 2, 0, 0, 0
81381, 0, 1, 1, 0, 0, 0
81382, 0, 1, 1, 0, 0, 0
81383, 0, 1, 1, 0, 0, 0
81385, 0, 1, 1, 0, 0, 0
81387, 0, 1, 1, 0, 0, 0
81388, 0, 1, 1, 0, 0, 0
81389, 0, 1, 1, 0, 0, 0
81390, 0, 1, 1, 0, 0, 0
81392, 0, 1, 1, 0, 0, 0
81393, 0, 1, 1, 0, 0, 0
81394, 0, 1, 1, 0, 0, 0
81395, 0, 1, 1, 0, 0, 0
81396, 0, 1, 1, 0, 0, 0
81397, 1, 1, 1, 0, 1, 0
81399, 0, 2, 2, 0, 0, 0
81400, 3, 1, 1, 0, 3, 0
81401, 0, 1, 1, 0, 0, 0
81403, 0, 1, 1, 0, 0, 0
81404, 0, 1, 1, 0, 0, 0
81405, 0, 1, 1, 0, 0, 0
81406, 0, 1, 1, 0, 0, 0
81407, 0, 1, 1, 0, 0, 0
81408, 0, 1, 1, 0, 0, 0
81410, 0, 1, 1, 0, 0, 0
81411, 1, 1, 1, 0, 1, 0
81412, 0, 1, 1, 0, 0, 0
81414, 0, 2, 2, 0, 0, 0
81416, 0, 1, 1, 0, 0, 0
81417, 2, 1, 1, 0, 2, 0
81418, 0, 1, 1, 0, 0, 0
81419, 0, 1, 1, 0, 0, 0
81420, 0, 1, 1, 0, 0, 0
81421, 0, 1, 1, 0, 0, 0
81422, 0, 1, 1, 0, 0, 0
81423, 0, 1, 1, 0, 0, 0
78472, 1, 0, 0, 0, 1, 0
78473, 0, 2, 2, 0, 0, 0
78474, 1, 0, 0, 0, 1, 0
78475, 1, 0, 0, 0, 1, 0
78479, 1, 0, 0, 0, 1, 0
78489, 1, 0, 0, 0, 1, 0
78490, 1, 0, 0, 0, 1, 0
78491, 1, 0, 0, 0, 1, 0
78492, 2, 0, 0, 0, 2, 0
78493, 2, 0, 0, 0, 2, 0
78494, 1, 0, 0, 0, 1, 0
78498, 1, 0, 0, 0, 1, 0
78501, 1, 0, 0, 0, 1, 0
78502, 1, 0, 0, 0, 1, 0
78503, 0, 1, 1, 0, 0, 0
78504, 5, 0, 0, 0, 5, 0
78505, 1, 0, 0, 0, 1, 0
78506, 1, 1, 1, 0, 1, 0
78507, 1, 0, 0, 0, 1, 0
78510, 5, 3, 3, 0, 5, 0
81609, 2, 2, 2, 0, 2, 0
78514, 1, 0, 0, 0, 1, 0
78517, 1, 0, 0, 0, 1, 0
78518, 0, 1, 1, 0, 0, 0
78524, 1, 0, 0, 0, 1, 0
78525, 1, 0, 0, 0, 1, 0
78528, 1, 0, 0, 0, 1, 0
78532, 1, 0, 0, 0, 1, 0
78533, 1, 0, 0, 0, 1, 0
78534, 2, 0, 0, 0, 2, 0
78535, 0, 1, 1, 0, 0, 0
78537, 1, 0, 0, 0, 1, 0
78546, 1, 0, 0, 0, 1, 0
78547, 1, 0, 0, 0, 1, 0
78549, 1, 0, 0, 0, 1, 0
78553, 1, 0, 0, 0, 1, 0
78554, 3, 1, 1, 0, 0, 3
78556, 1, 0, 0, 0, 1, 0
78557, 0, 1, 1, 0, 0, 0
78561, 1, 0, 0, 0, 1, 0
78562, 1, 0, 0, 0, 1, 0
78565, 1, 0, 0, 0, 1, 0
78567, 1, 1, 1, 0, 1, 0
78568, 1, 1, 1, 0, 1, 0
78570, 1, 0, 0, 0, 1, 0
78575, 1, 0, 0, 0, 1, 0
78576, 0, 1, 1, 0, 0, 0
78577, 4, 0, 0, 0, 4, 0
78578, 1, 0, 0, 0, 1, 0
99555, 0, 1, 1, 0, 0, 0
78584, 1, 0, 0, 0, 1, 0
78586, 1, 0, 0, 0, 1, 0
78587, 1, 0, 0, 0, 1, 0
78592, 1, 0, 0, 0, 1, 0
78594, 1, 0, 0, 0, 1, 0
78595, 1, 0, 0, 0, 1, 0
78596, 1, 0, 0, 0, 1, 0
78600, 1, 0, 0, 0, 1, 0
78601, 1, 0, 0, 0, 1, 0
78603, 1, 0, 0, 0, 1, 0
78606, 1, 0, 0, 0, 1, 0
78607, 0, 1, 1, 0, 0, 0
78608, 1, 0, 0, 0, 1, 0
78609, 1, 0, 0, 0, 1, 0
78610, 1, 0, 0, 0, 0, 1
78611, 1, 0, 0, 0, 1, 0
78612, 0, 1, 1, 0, 0, 0
78613, 1, 1, 1, 0, 1, 0
78619, 1, 0, 0, 0, 1, 0
78620, 1, 0, 0, 0, 1, 0
78621, 1, 0, 0, 0, 1, 0
78623, 1, 0, 0, 0, 1, 0
80741, 0, 1, 1, 0, 0, 0
78628, 2, 0, 0, 0, 1, 1
78629, 0, 1, 1, 0, 0, 0
78631, 1, 0, 0, 0, 1, 0
78635, 1, 0, 0, 0, 1, 0
78636, 0, 1, 1, 0, 0, 0
78637, 1, 0, 0, 0, 1, 0
78642, 5, 1, 0, 1, 5, 0
78645, 3, 5, 5, 0, 3, 0
85959, 1, 2, 2, 0, 1, 0
86532, 1, 1, 1, 0, 1, 0
78646, 1, 0, 0, 0, 1, 0
78649, 1, 0, 0, 0, 1, 0
78650, 0, 1, 1, 0, 0, 0
78652, 1, 0, 0, 0, 1, 0
78656, 1, 0, 0, 0, 1, 0
78657, 1, 0, 0, 0, 1, 0
78658, 2, 0, 0, 0, 2, 0
78659, 1, 0, 0, 0, 1, 0
78660, 1, 0, 0, 0, 1, 0
78661, 0, 1, 1, 0, 0, 0
88894, 1, 1, 1, 0, 1, 0
84160, 0, 1, 1, 0, 0, 0
78687, 1, 0, 0, 0, 1, 0
78691, 1, 1, 1, 0, 1, 0
78695, 2, 0, 0, 0, 2, 0
78697, 0, 1, 1, 0, 0, 0
78698, 1, 0, 0, 0, 1, 0
78699, 1, 0, 0, 0, 1, 0
78703, 3, 0, 0, 0, 3, 0
78704, 0, 1, 1, 0, 0, 0
78705, 0, 1, 1, 0, 0, 0
78706, 1, 0, 0, 0, 1, 0
78707, 1, 0, 0, 0, 1, 0
78708, 1, 0, 0, 0, 1, 0
78709, 2, 1, 1, 0, 2, 0
78710, 1, 0, 0, 0, 1, 0
78713, 0, 1, 1, 0, 0, 0
78716, 1, 0, 0, 0, 1, 0
78717, 1, 0, 0, 0, 1, 0
78719, 1, 0, 0, 0, 1, 0
78723, 2, 0, 0, 0, 2, 0
78724, 2, 0, 0, 0, 2, 0
78727, 1, 0, 0, 0, 0, 1
78728, 0, 1, 0, 1, 0, 0
78729, 1, 0, 0, 0, 1, 0
78731, 3, 0, 0, 0, 3, 0
78732, 2, 0, 0, 0, 2, 0
78734, 3, 0, 0, 0, 3, 0
78739, 1, 0, 0, 0, 0, 1
78742, 1, 0, 0, 0, 0, 1
78743, 0, 1, 0, 1, 0, 0
78751, 1, 0, 0, 0, 1, 0
78752, 1, 0, 0, 0, 1, 0
78757, 1, 0, 0, 0, 1, 0
78761, 1, 0, 0, 0, 1, 0
81976, 0, 1, 1, 0, 0, 0
78764, 3, 0, 0, 0, 3, 0
78765, 2, 0, 0, 0, 2, 0
94452, 1, 1, 1, 0, 1, 0
78769, 1, 0, 0, 0, 1, 0
78770, 1, 0, 0, 0, 1, 0
78771, 1, 0, 0, 0, 1, 0
78772, 0, 1, 1, 0, 0, 0
78782, 1, 0, 0, 0, 1, 0
78783, 1, 1, 1, 0, 1, 0
78784, 1, 0, 0, 0, 1, 0
78787, 1, 0, 0, 0, 1, 0
78789, 1, 0, 0, 0, 1, 0
78790, 1, 0, 0, 0, 1, 0
78791, 1, 0, 0, 0, 1, 0
78792, 1, 0, 0, 0, 1, 0
78806, 1, 0, 0, 0, 1, 0
78811, 1, 0, 0, 0, 0, 1
78812, 0, 1, 0, 1, 0, 0
78813, 1, 0, 0, 0, 1, 0
78817, 1, 0, 0, 0, 1, 0
78818, 1, 0, 0, 0, 1, 0
78833, 1, 0, 0, 0, 1, 0
78834, 1, 0, 0, 0, 1, 0
78835, 0, 1, 1, 0, 0, 0
78836, 1, 0, 0, 0, 1, 0
78837, 0, 3, 3, 0, 0, 0
78838, 1, 0, 0, 0, 1, 0
78839, 1, 1, 1, 0, 1, 0
78840, 1, 1, 1, 0, 1, 0
109775, 0, 1, 1, 0, 0, 0
78842, 1, 1, 1, 0, 1, 0
78843, 2, 1, 1, 0, 2, 0
78845, 1, 0, 0, 0, 1, 0
82979, 0, 1, 1, 0, 0, 0
90350, 0, 1, 1, 0, 0, 0
78899, 0, 2, 1, 1, 0, 0
79485, 0, 1, 1, 0, 0, 0
79486, 0, 1, 0, 1, 0, 0
90036, 0, 1, 1, 0, 0, 0
90037, 0, 1, 1, 0, 0, 0
78872, 2, 0, 0, 0, 2, 0
78873, 1, 0, 0, 0, 1, 0
78877, 1, 0, 0, 0, 0, 1
78881, 0, 3, 3, 0, 0, 0
78883, 1, 0, 0, 0, 1, 0
78884, 2, 0, 0, 0, 1, 1
78890, 1, 0, 0, 0, 1, 0
78891, 1, 0, 0, 0, 1, 0
81832, 0, 1, 1, 0, 0, 0
88831, 1, 1, 1, 0, 1, 0
88887, 0, 1, 1, 0, 0, 0
78898, 1, 0, 0, 0, 1, 0
78900, 1, 0, 0, 0, 1, 0
78901, 1, 0, 0, 0, 1, 0
78902, 0, 1, 1, 0, 0, 0
78903, 1, 0, 0, 0, 1, 0
84513, 0, 1, 1, 0, 0, 0
78919, 1, 0, 0, 0, 1, 0
78921, 2, 0, 0, 0, 2, 0
78925, 1, 0, 0, 0, 1, 0
78926, 6, 2, 2, 0, 6, 0
79044, 1, 1, 1, 0, 1, 0
78931, 1, 0, 0, 0, 0, 1
78933, 0, 1, 1, 0, 0, 0
78935, 3, 0, 0, 0, 3, 0
78936, 1, 0, 0, 0, 1, 0
78937, 2, 0, 0, 0, 2, 0
78941, 1, 0, 0, 0, 1, 0
78942, 1, 1, 1, 0, 1, 0
78943, 2, 1, 1, 0, 2, 0
78944, 1, 0, 0, 0, 1, 0
78945, 1, 0, 0, 0, 1, 0
78949, 1, 1, 1, 0, 1, 0
78950, 1, 1, 1, 0, 1, 0
78951, 2, 1, 1, 0, 2, 0
78952, 1, 0, 0, 0, 1, 0
78953, 1, 0, 0, 0, 1, 0
78956, 1, 0, 0, 0, 1, 0
78957, 0, 2, 2, 0, 0, 0
78959, 2, 0, 0, 0, 2, 0
78960, 1, 0, 0, 0, 1, 0
78961, 2, 0, 0, 0, 2, 0
78964, 1, 0, 0, 0, 1, 0
78965, 0, 2, 2, 0, 0, 0
78966, 1, 0, 0, 0, 1, 0
78967, 1, 0, 0, 0, 1, 0
78968, 1, 0, 0, 0, 0, 1
78969, 1, 0, 0, 0, 1, 0
78973, 1, 0, 0, 0, 1, 0
78975, 1, 0, 0, 0, 1, 0
78976, 1, 0, 0, 0, 1, 0
78977, 1, 0, 0, 0, 1, 0
78978, 6, 1, 1, 0, 6, 0
78979, 2, 1, 1, 0, 2, 0
78980, 1, 0, 0, 0, 1, 0
78981, 1, 0, 0, 0, 1, 0
78983, 0, 1, 1, 0, 0, 0
78992, 1, 0, 0, 0, 1, 0
78993, 1, 0, 0, 0, 1, 0
78994, 1, 0, 0, 0, 1, 0
78995, 1, 0, 0, 0, 1, 0
78997, 1, 0, 0, 0, 1, 0
78999, 1, 0, 0, 0, 1, 0
79001, 1, 0, 0, 0, 1, 0
79003, 1, 0, 0, 0, 1, 0
79004, 1, 0, 0, 0, 1, 0
79007, 1, 0, 0, 0, 1, 0
79008, 1, 0, 0, 0, 1, 0
79009, 1, 0, 0, 0, 1, 0
79010, 1, 0, 0, 0, 1, 0
79012, 1, 0, 0, 0, 1, 0
79013, 1, 0, 0, 0, 1, 0
79015, 1, 0, 0, 0, 1, 0
79016, 0, 1, 1, 0, 0, 0
79017, 1, 0, 0, 0, 1, 0
79018, 1, 0, 0, 0, 1, 0
79019, 1, 0, 0, 0, 1, 0
79020, 1, 0, 0, 0, 1, 0
79021, 2, 0, 0, 0, 2, 0
79022, 1, 0, 0, 0, 1, 0
79023, 0, 1, 1, 0, 0, 0
79024, 1, 0, 0, 0, 1, 0
79025, 1, 0, 0, 0, 1, 0
80999, 1, 2, 2, 0, 1, 0
81792, 2, 1, 1, 0, 2, 0
79028, 1, 0, 0, 0, 1, 0
79029, 1, 0, 0, 0, 1, 0
79030, 2, 0, 0, 0, 2, 0
79033, 2, 0, 0, 0, 2, 0
79034, 1, 0, 0, 0, 1, 0
79035, 2, 0, 0, 0, 2, 0
79036, 2, 0, 0, 0, 2, 0
79037, 0, 1, 1, 0, 0, 0
79038, 1, 1, 1, 0, 1, 0
79039, 1, 1, 1, 0, 1, 0
79042, 1, 0, 0, 0, 1, 0
79049, 1, 0, 0, 0, 1, 0
79056, 1, 0, 0, 0, 1, 0
79061, 1, 0, 0, 0, 1, 0
79064, 1, 0, 0, 0, 1, 0
79069, 1, 0, 0, 0, 1, 0
79070, 1, 0, 0, 0, 1, 0
79073, 1, 0, 0, 0, 1, 0
79075, 2, 0, 0, 0, 2, 0
79078, 1, 0, 0, 0, 1, 0
79079, 1, 0, 0, 0, 1, 0
79080, 1, 1, 1, 0, 1, 0
79082, 1, 0, 0, 0, 1, 0
79083, 2, 0, 0, 0, 2, 0
79090, 1, 0, 0, 0, 1, 0
79132, 1, 0, 0, 0, 1, 0
79134, 1, 0, 0, 0, 1, 0
79152, 1, 0, 0, 0, 1, 0
79157, 1, 0, 0, 0, 1, 0
79158, 0, 1, 1, 0, 0, 0
79159, 3, 0, 0, 0, 3, 0
79162, 1, 0, 0, 0, 1, 0
79163, 3, 0, 0, 0, 3, 0
79164, 1, 0, 0, 0, 1, 0
79165, 1, 0, 0, 0, 1, 0
79172, 6, 0, 0, 0, 6, 0
79182, 1, 0, 0, 0, 1, 0
79185, 1, 0, 0, 0, 1, 0
79187, 1, 0, 0, 0, 1, 0
79188, 1, 0, 0, 0, 1, 0
79189, 2, 0, 0, 0, 2, 0
79197, 1, 0, 0, 0, 1, 0
79204, 1, 0, 0, 0, 0, 1
79206, 1, 0, 0, 0, 1, 0
79207, 2, 1, 1, 0, 2, 0
79208, 2, 2, 2, 0, 2, 0
79211, 1, 0, 0, 0, 0, 1
79212, 1, 0, 0, 0, 1, 0
79213, 2, 2, 2, 0, 2, 0
79215, 1, 0, 0, 0, 1, 0
79216, 0, 1, 1, 0, 0, 0
79221, 1, 0, 0, 0, 1, 0
79226, 1, 0, 0, 0, 1, 0
79227, 1, 0, 0, 0, 1, 0
79228, 1, 1, 1, 0, 1, 0
79229, 1, 0, 0, 0, 1, 0
79231, 2, 0, 0, 0, 2, 0
79232, 0, 1, 1, 0, 0, 0
79233, 0, 1, 1, 0, 0, 0
79234, 1, 0, 0, 0, 1, 0
79235, 0, 1, 1, 0, 0, 0
79241, 2, 0, 0, 0, 2, 0
79243, 1, 0, 0, 0, 1, 0
79244, 0, 1, 1, 0, 0, 0
79245, 1, 0, 0, 0, 1, 0
79246, 0, 1, 1, 0, 0, 0
79247, 1, 0, 0, 0, 1, 0
79251, 1, 0, 0, 0, 1, 0
79253, 1, 0, 0, 0, 1, 0
79254, 1, 0, 0, 0, 1, 0
79258, 1, 0, 0, 0, 1, 0
83487, 0, 1, 1, 0, 0, 0
79266, 1, 0, 0, 0, 1, 0
79272, 1, 0, 0, 0, 1, 0
79273, 1, 0, 0, 0, 1, 0
79274, 1, 0, 0, 0, 1, 0
79275, 2, 1, 1, 0, 2, 0
79276, 1, 0, 0, 0, 1, 0
79277, 0, 1, 1, 0, 0, 0
79278, 1, 0, 0, 0, 1, 0
79279, 1, 0, 0, 0, 1, 0
79280, 1, 0, 0, 0, 1, 0
79281, 1, 0, 0, 0, 1, 0
79282, 1, 0, 0, 0, 1, 0
79283, 0, 2, 2, 0, 0, 0
79285, 1, 1, 1, 0, 1, 0
79299, 1, 0, 0, 0, 1, 0
79300, 1, 0, 0, 0, 1, 0
79302, 1, 0, 0, 0, 1, 0
79304, 3, 0, 0, 0, 3, 0
79306, 2, 0, 0, 0, 1, 1
79310, 1, 0, 0, 0, 1, 0
79311, 0, 1, 1, 0, 0, 0
79314, 1, 0, 0, 0, 1, 0
79315, 1, 0, 0, 0, 1, 0
79316, 1, 0, 0, 0, 1, 0
79317, 1, 0, 0, 0, 1, 0
79319, 1, 0, 0, 0, 1, 0
79320, 1, 0, 0, 0, 1, 0
106996, 0, 1, 1, 0, 0, 0
79323, 1, 0, 0, 0, 1, 0
79324, 0, 1, 1, 0, 0, 0
79328, 1, 0, 0, 0, 1, 0
79329, 1, 0, 0, 0, 1, 0
79331, 2, 0, 0, 0, 2, 0
79334, 1, 0, 0, 0, 1, 0
79340, 1, 0, 0, 0, 1, 0
79341, 1, 0, 0, 0, 1, 0
79344, 1, 0, 0, 0, 1, 0
79345, 0, 2, 2, 0, 0, 0
79346, 1, 0, 0, 0, 1, 0
79347, 0, 1, 1, 0, 0, 0
79348, 1, 0, 0, 0, 1, 0
79349, 0, 1, 1, 0, 0, 0
79355, 1, 1, 1, 0, 1, 0
79356, 3, 1, 1, 0, 3, 0
79357, 1, 1, 1, 0, 1, 0
79360, 1, 0, 0, 0, 1, 0
113002, 0, 2, 2, 0, 0, 0
79363, 2, 1, 0, 1, 2, 0
114353, 0, 2, 1, 1, 0, 0
114868, 1, 3, 2, 1, 1, 0
118023, 0, 1, 0, 1, 0, 0
118072, 0, 1, 0, 1, 0, 0
119884, 2, 1, 0, 1, 2, 0
108714, 3, 3, 3, 0, 3, 0
108716, 1, 3, 3, 0, 1, 0
109362, 0, 3, 3, 0, 0, 0
79371, 1, 0, 0, 0, 1, 0
79372, 15, 2, 2, 0, 14, 1
108924, 0, 1, 0, 1, 0, 0
109402, 1, 1, 1, 0, 1, 0
79378, 1, 0, 0, 0, 0, 1
79381, 9, 1, 1, 0, 9, 0
79382, 2, 0, 0, 0, 2, 0
79383, 2, 0, 0, 0, 2, 0
79384, 1, 0, 0, 0, 0, 1
79385, 0, 1, 0, 1, 0, 0
79389, 2, 0, 0, 0, 2, 0
79391, 5, 1, 1, 0, 5, 0
108085, 3, 1, 1, 0, 2, 1
79393, 1, 1, 1, 0, 1, 0
79396, 4, 0, 0, 0, 3, 1
108583, 11, 5, 5, 0, 11, 0
79399, 2, 0, 0, 0, 2, 0
79403, 1, 1, 1, 0, 1, 0
111731, 1, 4, 4, 0, 1, 0
79407, 2, 0, 0, 0, 2, 0
79411, 1, 0, 0, 0, 1, 0
111128, 0, 2, 2, 0, 0, 0
108312, 1, 2, 2, 0, 1, 0
79414, 1, 0, 0, 0, 1, 0
79415, 1, 0, 0, 0, 1, 0
112679, 2, 4, 4, 0, 2, 0
79421, 2, 0, 0, 0, 2, 0
79424, 1, 0, 0, 0, 1, 0
79429, 1, 0, 0, 0, 1, 0
79430, 1, 0, 0, 0, 1, 0
79431, 1, 0, 0, 0, 1, 0
79432, 0, 2, 2, 0, 0, 0
79433, 1, 0, 0, 0, 1, 0
87515, 0, 1, 1, 0, 0, 0
79444, 1, 1, 1, 0, 1, 0
79445, 2, 1, 1, 0, 2, 0
79446, 2, 0, 0, 0, 2, 0
79447, 0, 1, 1, 0, 0, 0
79448, 1, 0, 0, 0, 1, 0
79449, 0, 1, 1, 0, 0, 0
79450, 1, 0, 0, 0, 1, 0
79451, 2, 0, 0, 0, 2, 0
79453, 1, 0, 0, 0, 1, 0
79454, 1, 1, 1, 0, 1, 0
79455, 1, 1, 1, 0, 1, 0
89273, 0, 1, 0, 1, 0, 0
92045, 0, 1, 1, 0, 0, 0
79469, 1, 1, 1, 0, 1, 0
79473, 0, 5, 5, 0, 0, 0
79475, 1, 0, 0, 0, 1, 0
79477, 1, 0, 0, 0, 1, 0
79480, 2, 0, 0, 0, 2, 0
79481, 1, 0, 0, 0, 1, 0
79484, 1, 0, 0, 0, 1, 0
79487, 2, 0, 0, 0, 2, 0
79489, 0, 1, 1, 0, 0, 0
79491, 1, 0, 0, 0, 1, 0
83063, 0, 1, 1, 0, 0, 0
79496, 3, 0, 0, 0, 3, 0
81637, 1, 1, 1, 0, 1, 0
79498, 1, 0, 0, 0, 1, 0
79499, 0, 1, 1, 0, 0, 0
79500, 1, 0, 0, 0, 1, 0
79501, 3, 0, 0, 0, 3, 0
79502, 1, 0, 0, 0, 1, 0
79506, 1, 0, 0, 0, 1, 0
79508, 1, 0, 0, 0, 1, 0
79511, 1, 0, 0, 0, 0, 1
79513, 1, 0, 0, 0, 1, 0
79514, 1, 0, 0, 0, 1, 0
79516, 1, 0, 0, 0, 1, 0
79517, 1, 0, 0, 0, 1, 0
79519, 1, 0, 0, 0, 1, 0
79520, 0, 1, 1, 0, 0, 0
79522, 1, 0, 0, 0, 1, 0
79523, 1, 0, 0, 0, 1, 0
79525, 1, 0, 0, 0, 0, 1
79528, 1, 0, 0, 0, 1, 0
79529, 1, 0, 0, 0, 1, 0
79530, 0, 1, 1, 0, 0, 0
79531, 1, 0, 0, 0, 1, 0
80232, 1, 1, 1, 0, 1, 0
79540, 2, 1, 1, 0, 2, 0
79541, 0, 2, 2, 0, 0, 0
79542, 6, 1, 1, 0, 6, 0
90481, 1, 1, 1, 0, 1, 0
79545, 1, 0, 0, 0, 1, 0
79554, 1, 0, 0, 0, 1, 0
79562, 1, 0, 0, 0, 1, 0
79564, 1, 0, 0, 0, 1, 0
79565, 0, 1, 1, 0, 0, 0
79566, 1, 0, 0, 0, 1, 0
79567, 0, 2, 2, 0, 0, 0
79568, 2, 0, 0, 0, 2, 0
79569, 2, 0, 0, 0, 2, 0
79570, 3, 0, 0, 0, 3, 0
79597, 1, 0, 0, 0, 1, 0
79598, 1, 0, 0, 0, 1, 0
79599, 1, 0, 0, 0, 0, 1
79610, 1, 0, 0, 0, 1, 0
79611, 0, 1, 1, 0, 0, 0
79612, 1, 0, 0, 0, 1, 0
79617, 1, 0, 0, 0, 1, 0
79618, 1, 0, 0, 0, 1, 0
79619, 1, 1, 1, 0, 1, 0
79629, 0, 1, 1, 0, 0, 0
79623, 1, 0, 0, 0, 0, 1
79624, 0, 1, 0, 1, 0, 0
79625, 1, 0, 0, 0, 1, 0
79626, 2, 1, 0, 1, 2, 0
79628, 1, 0, 0, 0, 1, 0
79633, 1, 0, 0, 0, 1, 0
79634, 1, 0, 0, 0, 1, 0
79636, 1, 0, 0, 0, 1, 0
79640, 1, 0, 0, 0, 1, 0
79646, 5, 0, 0, 0, 5, 0
79650, 1, 0, 0, 0, 1, 0
79655, 1, 0, 0, 0, 1, 0
79656, 1, 0, 0, 0, 1, 0
79657, 2, 0, 0, 0, 2, 0
79658, 0, 1, 1, 0, 0, 0
79659, 0, 1, 1, 0, 0, 0
79662, 2, 0, 0, 0, 2, 0
79663, 1, 0, 0, 0, 1, 0
79664, 1, 0, 0, 0, 1, 0
79666, 1, 0, 0, 0, 1, 0
79667, 1, 0, 0, 0, 1, 0
79668, 1, 0, 0, 0, 1, 0
79669, 0, 1, 1, 0, 0, 0
79670, 1, 0, 0, 0, 1, 0
79671, 3, 0, 0, 0, 3, 0
79673, 1, 0, 0, 0, 1, 0
79674, 1, 0, 0, 0, 1, 0
79678, 1, 0, 0, 0, 1, 0
79679, 0, 1, 1, 0, 0, 0
79680, 2, 0, 0, 0, 2, 0
79682, 2, 1, 1, 0, 2, 0
79683, 2, 2, 2, 0, 2, 0
79684, 1, 2, 2, 0, 1, 0
79692, 1, 0, 0, 0, 0, 1
79694, 1, 0, 0, 0, 1, 0
79695, 2, 0, 0, 0, 2, 0
79700, 2, 0, 0, 0, 2, 0
79702, 1, 0, 0, 0, 1, 0
79703, 1, 0, 0, 0, 1, 0
79704, 1, 0, 0, 0, 1, 0
79705, 1, 0, 0, 0, 1, 0
79706, 3, 0, 0, 0, 3, 0
79707, 1, 0, 0, 0, 1, 0
79708, 1, 1, 1, 0, 1, 0
79710, 1, 0, 0, 0, 1, 0
79711, 1, 0, 0, 0, 1, 0
79713, 1, 0, 0, 0, 1, 0
79718, 1, 0, 0, 0, 1, 0
79719, 1, 0, 0, 0, 1, 0
79726, 1, 0, 0, 0, 1, 0
79727, 0, 1, 1, 0, 0, 0
79728, 1, 0, 0, 0, 1, 0
79729, 1, 0, 0, 0, 0, 1
83164, 0, 1, 1, 0, 0, 0
79769, 1, 0, 0, 0, 1, 0
79771, 1, 0, 0, 0, 1, 0
79773, 1, 0, 0, 0, 1, 0
79775, 1, 0, 0, 0, 1, 0
79779, 2, 0, 0, 0, 2, 0
79781, 2, 0, 0, 0, 2, 0
79789, 1, 0, 0, 0, 1, 0
79792, 1, 0, 0, 0, 1, 0
79793, 1, 1, 1, 0, 1, 0
79794, 0, 1, 1, 0, 0, 0
79795, 2, 0, 0, 0, 2, 0
79796, 1, 0, 0, 0, 1, 0
79797, 1, 0, 0, 0, 1, 0
79798, 0, 1, 1, 0, 0, 0
79799, 2, 0, 0, 0, 2, 0
79800, 1, 1, 1, 0, 0, 1
79801, 1, 1, 0, 1, 1, 0
79803, 1, 0, 0, 0, 1, 0
79809, 1, 0, 0, 0, 1, 0
79811, 1, 0, 0, 0, 1, 0
81522, 1, 1, 1, 0, 1, 0
79816, 1, 0, 0, 0, 1, 0
79817, 0, 1, 1, 0, 0, 0
79818, 1, 0, 0, 0, 1, 0
79819, 0, 1, 1, 0, 0, 0
79820, 1, 0, 0, 0, 1, 0
79821, 2, 1, 1, 0, 1, 1
79823, 2, 0, 0, 0, 2, 0
79824, 3, 0, 0, 0, 3, 0
79825, 0, 1, 1, 0, 0, 0
79826, 1, 0, 0, 0, 0, 1
79827, 1, 0, 0, 0, 1, 0
79828, 1, 0, 0, 0, 1, 0
79829, 1, 0, 0, 0, 1, 0
79832, 1, 0, 0, 0, 1, 0
79838, 1, 1, 1, 0, 1, 0
79839, 1, 2, 2, 0, 1, 0
80124, 2, 1, 1, 0, 2, 0
79840, 1, 0, 0, 0, 1, 0
79841, 2, 0, 0, 0, 2, 0
79842, 0, 1, 1, 0, 0, 0
79843, 1, 0, 0, 0, 1, 0
79844, 0, 1, 1, 0, 0, 0
79918, 1, 0, 0, 0, 1, 0
79919, 1, 0, 0, 0, 1, 0
79920, 0, 1, 1, 0, 0, 0
79922, 1, 0, 0, 0, 1, 0
79925, 2, 0, 0, 0, 2, 0
79926, 5, 1, 1, 0, 5, 0
79931, 1, 0, 0, 0, 1, 0
79935, 1, 0, 0, 0, 1, 0
79962, 2, 0, 0, 0, 2, 0
79963, 0, 1, 1, 0, 0, 0
79964, 1, 0, 0, 0, 1, 0
79966, 1, 0, 0, 0, 1, 0
79968, 1, 0, 0, 0, 1, 0
79969, 0, 1, 1, 0, 0, 0
79972, 1, 0, 0, 0, 1, 0
79973, 1, 0, 0, 0, 1, 0
79974, 1, 0, 0, 0, 1, 0
79975, 0, 1, 1, 0, 0, 0
79976, 1, 0, 0, 0, 1, 0
81357, 0, 1, 1, 0, 0, 0
79978, 1, 0, 0, 0, 1, 0
79979, 1, 0, 0, 0, 1, 0
79980, 2, 0, 0, 0, 2, 0
79981, 1, 0, 0, 0, 1, 0
79983, 3, 0, 0, 0, 3, 0
79984, 0, 1, 1, 0, 0, 0
79985, 0, 1, 1, 0, 0, 0
79986, 0, 1, 1, 0, 0, 0
79987, 1, 0, 0, 0, 1, 0
79988, 2, 0, 0, 0, 2, 0
79989, 0, 1, 1, 0, 0, 0
79991, 1, 0, 0, 0, 1, 0
79992, 2, 0, 0, 0, 2, 0
79993, 1, 0, 0, 0, 1, 0
79994, 0, 1, 1, 0, 0, 0
79996, 1, 0, 0, 0, 1, 0
79997, 1, 0, 0, 0, 1, 0
79998, 1, 1, 1, 0, 1, 0
79999, 7, 1, 1, 0, 7, 0
80004, 1, 0, 0, 0, 1, 0
80006, 1, 0, 0, 0, 1, 0
80007, 1, 0, 0, 0, 1, 0
80010, 1, 0, 0, 0, 1, 0
80011, 1, 0, 0, 0, 1, 0
80059, 1, 1, 1, 0, 1, 0
80723, 0, 1, 1, 0, 0, 0
80724, 0, 1, 1, 0, 0, 0
80029, 1, 1, 1, 0, 1, 0
80033, 1, 0, 0, 0, 1, 0
80039, 1, 0, 0, 0, 1, 0
80040, 3, 0, 0, 0, 1, 2
80041, 0, 5, 5, 0, 0, 0
80042, 1, 0, 0, 0, 1, 0
80044, 1, 0, 0, 0, 1, 0
80045, 0, 5, 5, 0, 0, 0
80048, 1, 0, 0, 0, 1, 0
80060, 1, 0, 0, 0, 1, 0
105154, 3, 5, 5, 0, 3, 0
112022, 4, 4, 4, 0, 4, 0
80062, 1, 0, 0, 0, 1, 0
80063, 1, 0, 0, 0, 1, 0
80064, 1, 0, 0, 0, 1, 0
80067, 3, 0, 0, 0, 3, 0
80068, 2, 0, 0, 0, 2, 0
80069, 0, 1, 1, 0, 0, 0
80075, 1, 0, 0, 0, 1, 0
80076, 2, 0, 0, 0, 2, 0
80077, 0, 2, 2, 0, 0, 0
80078, 2, 0, 0, 0, 2, 0
80079, 1, 0, 0, 0, 1, 0
80098, 1, 0, 0, 0, 1, 0
80108, 0, 1, 1, 0, 0, 0
80113, 1, 0, 0, 0, 1, 0
80114, 1, 1, 1, 0, 1, 0
80116, 1, 0, 0, 0, 1, 0
80118, 2, 0, 0, 0, 2, 0
80119, 1, 0, 0, 0, 1, 0
80122, 1, 1, 1, 0, 1, 0
80123, 1, 1, 1, 0, 1, 0
80125, 1, 0, 0, 0, 1, 0
80126, 1, 0, 0, 0, 1, 0
80127, 0, 2, 2, 0, 0, 0
80128, 1, 0, 0, 0, 1, 0
80129, 0, 1, 1, 0, 0, 0
80130, 1, 0, 0, 0, 1, 0
80131, 0, 1, 1, 0, 0, 0
80138, 2, 0, 0, 0, 2, 0
80141, 1, 0, 0, 0, 1, 0
80143, 2, 1, 1, 0, 2, 0
80144, 0, 1, 1, 0, 0, 0
80145, 2, 1, 1, 0, 2, 0
87881, 1, 1, 1, 0, 1, 0
80146, 1, 0, 0, 0, 1, 0
80147, 1, 0, 0, 0, 1, 0
80148, 0, 1, 1, 0, 0, 0
80149, 1, 0, 0, 0, 1, 0
80150, 0, 1, 1, 0, 0, 0
80151, 1, 0, 0, 0, 1, 0
80153, 1, 0, 0, 0, 1, 0
80158, 1, 0, 0, 0, 1, 0
80159, 1, 0, 0, 0, 1, 0
80164, 1, 0, 0, 0, 1, 0
80166, 1, 0, 0, 0, 1, 0
80167, 0, 1, 1, 0, 0, 0
80168, 1, 0, 0, 0, 1, 0
80170, 1, 0, 0, 0, 1, 0
80171, 1, 0, 0, 0, 1, 0
80172, 0, 1, 1, 0, 0, 0
80173, 1, 0, 0, 0, 1, 0
80174, 0, 1, 1, 0, 0, 0
80175, 2, 0, 0, 0, 2, 0
80176, 0, 1, 1, 0, 0, 0
80178, 1, 0, 0, 0, 1, 0
80179, 2, 3, 2, 1, 2, 0
83720, 1, 1, 1, 0, 1, 0
80180, 2, 0, 0, 0, 2, 0
80181, 0, 1, 1, 0, 0, 0
80182, 1, 0, 0, 0, 1, 0
80183, 1, 0, 0, 0, 1, 0
80184, 1, 0, 0, 0, 1, 0
80185, 2, 0, 0, 0, 2, 0
80187, 1, 0, 0, 0, 1, 0
80188, 3, 2, 2, 0, 3, 0
80190, 2, 2, 2, 0, 2, 0
80191, 1, 0, 0, 0, 1, 0
80192, 1, 0, 0, 0, 1, 0
80197, 1, 0, 0, 0, 1, 0
80198, 1, 0, 0, 0, 1, 0
80199, 1, 0, 0, 0, 1, 0
80202, 7, 0, 0, 0, 5, 2
80203, 0, 1, 1, 0, 0, 0
80204, 0, 1, 1, 0, 0, 0
80206, 0, 1, 1, 0, 0, 0
96456, 0, 3, 0, 3, 0, 0
96632, 0, 1, 1, 0, 0, 0
80207, 2, 0, 0, 0, 2, 0
80210, 1, 0, 0, 0, 1, 0
80211, 1, 0, 0, 0, 1, 0
80212, 1, 0, 0, 0, 1, 0
80213, 0, 1, 1, 0, 0, 0
80214, 2, 0, 0, 0, 2, 0
80217, 1, 0, 0, 0, 1, 0
80218, 1, 0, 0, 0, 1, 0
80220, 4, 0, 0, 0, 0, 4
80515, 2, 1, 1, 0, 2, 0
80226, 5, 1, 1, 0, 5, 0
80764, 0, 1, 1, 0, 0, 0
80765, 0, 1, 1, 0, 0, 0
80227, 1, 0, 0, 0, 1, 0
80228, 1, 0, 0, 0, 1, 0
80229, 1, 0, 0, 0, 1, 0
80230, 1, 0, 0, 0, 1, 0
80231, 1, 0, 0, 0, 1, 0
80233, 3, 0, 0, 0, 3, 0
80235, 1, 0, 0, 0, 1, 0
80237, 3, 0, 0, 0, 3, 0
80238, 1, 0, 0, 0, 1, 0
80242, 3, 0, 0, 0, 3, 0
80243, 2, 0, 0, 0, 0, 2
80244, 0, 1, 0, 1, 0, 0
80245, 1, 0, 0, 0, 1, 0
85966, 1, 1, 1, 0, 1, 0
80247, 1, 0, 0, 0, 1, 0
80250, 1, 0, 0, 0, 1, 0
80251, 1, 0, 0, 0, 1, 0
80348, 1, 1, 1, 0, 1, 0
85885, 0, 1, 1, 0, 0, 0
80253, 4, 1, 1, 0, 4, 0
80254, 0, 2, 2, 0, 0, 0
80255, 2, 0, 0, 0, 2, 0
80256, 1, 0, 0, 0, 1, 0
80257, 0, 1, 1, 0, 0, 0
80258, 1, 0, 0, 0, 0, 1
80259, 1, 0, 0, 0, 1, 0
80260, 1, 0, 0, 0, 0, 1
80262, 4, 0, 0, 0, 4, 0
80263, 1, 0, 0, 0, 1, 0
80264, 1, 1, 1, 0, 1, 0
80265, 1, 1, 1, 0, 1, 0
80268, 1, 0, 0, 0, 1, 0
80269, 1, 1, 1, 0, 1, 0
80270, 1, 1, 1, 0, 1, 0
80273, 1, 0, 0, 0, 1, 0
80274, 1, 0, 0, 0, 1, 0
80275, 0, 1, 1, 0, 0, 0
80276, 1, 0, 0, 0, 1, 0
80277, 1, 0, 0, 0, 1, 0
80278, 0, 1, 1, 0, 0, 0
80279, 1, 0, 0, 0, 1, 0
80280, 1, 0, 0, 0, 1, 0
87323, 0, 1, 1, 0, 0, 0
80283, 1, 0, 0, 0, 1, 0
80284, 0, 2, 2, 0, 0, 0
80286, 1, 0, 0, 0, 1, 0
80287, 1, 0, 0, 0, 1, 0
80291, 1, 0, 0, 0, 1, 0
80293, 2, 0, 0, 0, 2, 0
80294, 2, 0, 0, 0, 2, 0
80297, 4, 0, 0, 0, 4, 0
80298, 1, 0, 0, 0, 1, 0
80299, 0, 1, 1, 0, 0, 0
80300, 1, 0, 0, 0, 1, 0
80301, 3, 0, 0, 0, 3, 0
80306, 1, 0, 0, 0, 1, 0
80309, 1, 0, 0, 0, 1, 0
80310, 6, 0, 0, 0, 4, 2
80311, 2, 0, 0, 0, 2, 0
80312, 1, 1, 1, 0, 1, 0
80313, 1, 0, 0, 0, 1, 0
80315, 1, 0, 0, 0, 1, 0
80316, 1, 0, 0, 0, 1, 0
80318, 1, 0, 0, 0, 1, 0
80322, 1, 0, 0, 0, 1, 0
80323, 1, 0, 0, 0, 1, 0
80324, 1, 0, 0, 0, 1, 0
80337, 3, 0, 0, 0, 3, 0
80341, 1, 1, 1, 0, 1, 0
80342, 2, 1, 1, 0, 2, 0
83098, 0, 1, 1, 0, 0, 0
80343, 1, 0, 0, 0, 1, 0
80344, 1, 0, 0, 0, 1, 0
80346, 1, 0, 0, 0, 1, 0
80347, 2, 0, 0, 0, 0, 2
80349, 1, 0, 0, 0, 1, 0
80350, 5, 0, 0, 0, 3, 2
80352, 1, 0, 0, 0, 1, 0
80353, 1, 0, 0, 0, 0, 1
80355, 2, 1, 1, 0, 2, 0
86229, 0, 1, 1, 0, 0, 0
80357, 1, 0, 0, 0, 1, 0
80359, 1, 0, 0, 0, 1, 0
80361, 1, 0, 0, 0, 1, 0
95753, 0, 1, 1, 0, 0, 0
80364, 1, 0, 0, 0, 1, 0
80365, 1, 0, 0, 0, 0, 1
80366, 1, 0, 0, 0, 1, 0
80368, 1, 0, 0, 0, 1, 0
80369, 1, 0, 0, 0, 1, 0
80372, 2, 0, 0, 0, 2, 0
80373, 1, 0, 0, 0, 1, 0
80374, 2, 0, 0, 0, 2, 0
80375, 1, 0, 0, 0, 1, 0
80376, 1, 1, 1, 0, 1, 0
80377, 1, 1, 1, 0, 1, 0
80378, 2, 0, 0, 0, 2, 0
80386, 3, 0, 0, 0, 3, 0
80387, 6, 0, 0, 0, 6, 0
80388, 1, 0, 0, 0, 1, 0
80389, 1, 0, 0, 0, 1, 0
80390, 9, 0, 0, 0, 9, 0
80399, 1, 0, 0, 0, 1, 0
80400, 0, 1, 1, 0, 0, 0
80402, 1, 0, 0, 0, 1, 0
80403, 1, 1, 1, 0, 1, 0
80404, 2, 2, 2, 0, 2, 0
80405, 1, 0, 0, 0, 1, 0
80406, 1, 1, 1, 0, 1, 0
80407, 1, 1, 1, 0, 1, 0
80411, 2, 0, 0, 0, 2, 0
84510, 0, 1, 1, 0, 0, 0
80416, 3, 0, 0, 0, 3, 0
80421, 1, 0, 0, 0, 1, 0
80422, 8, 0, 0, 0, 4, 4
80423, 1, 0, 0, 0, 1, 0
80424, 1, 0, 0, 0, 1, 0
80425, 1, 2, 2, 0, 1, 0
80427, 2, 0, 0, 0, 2, 0
80428, 1, 0, 0, 0, 1, 0
80431, 1, 0, 0, 0, 1, 0
80432, 0, 1, 1, 0, 0, 0
80433, 1, 0, 0, 0, 1, 0
80435, 1, 0, 0, 0, 1, 0
80436, 1, 0, 0, 0, 1, 0
80437, 1, 0, 0, 0, 1, 0
80439, 1, 0, 0, 0, 1, 0
80440, 1, 0, 0, 0, 0, 1
80441, 1, 0, 0, 0, 1, 0
80442, 1, 0, 0, 0, 1, 0
80443, 1, 0, 0, 0, 1, 0
80444, 2, 0, 0, 0, 2, 0
84250, 0, 1, 1, 0, 0, 0
80453, 1, 0, 0, 0, 1, 0
80455, 1, 0, 0, 0, 1, 0
80458, 2, 0, 0, 0, 2, 0
80459, 0, 1, 1, 0, 0, 0
80463, 2, 0, 0, 0, 2, 0
80464, 1, 0, 0, 0, 1, 0
80465, 2, 1, 1, 0, 2, 0
80466, 1, 0, 0, 0, 1, 0
80467, 2, 6, 6, 0, 2, 0
80477, 1, 1, 1, 0, 1, 0
80506, 1, 1, 1, 0, 1, 0
80468, 1, 0, 0, 0, 1, 0
80469, 1, 0, 0, 0, 1, 0
80470, 2, 0, 0, 0, 2, 0
80471, 0, 1, 1, 0, 0, 0
80473, 1, 0, 0, 0, 1, 0
80474, 1, 0, 0, 0, 1, 0
80476, 1, 0, 0, 0, 1, 0
80480, 1, 0, 0, 0, 1, 0
80481, 1, 0, 0, 0, 1, 0
80482, 0, 1, 1, 0, 0, 0
80483, 1, 0, 0, 0, 1, 0
80484, 1, 0, 0, 0, 1, 0
80485, 1, 2, 2, 0, 1, 0
80487, 1, 0, 0, 0, 1, 0
80488, 0, 1, 1, 0, 0, 0
80492, 1, 0, 0, 0, 1, 0
80495, 2, 0, 0, 0, 2, 0
80496, 2, 0, 0, 0, 2, 0
80498, 1, 0, 0, 0, 1, 0
80500, 3, 0, 0, 0, 3, 0
80501, 1, 0, 0, 0, 1, 0
80502, 0, 1, 1, 0, 0, 0
80503, 1, 0, 0, 0, 1, 0
80504, 2, 1, 1, 0, 2, 0
80505, 4, 1, 1, 0, 4, 0
80527, 0, 1, 1, 0, 0, 0
80508, 1, 0, 0, 0, 1, 0
80510, 1, 0, 0, 0, 1, 0
80512, 1, 0, 0, 0, 1, 0
80514, 1, 0, 0, 0, 1, 0
80516, 2, 1, 1, 0, 2, 0
80517, 3, 0, 0, 0, 3, 0
80520, 1, 0, 0, 0, 1, 0
80521, 11, 0, 0, 0, 9, 2
80523, 1, 0, 0, 0, 1, 0
80524, 1, 0, 0, 0, 1, 0
80525, 1, 0, 0, 0, 1, 0
80526, 1, 0, 0, 0, 1, 0
80528, 1, 0, 0, 0, 1, 0
80529, 1, 0, 0, 0, 1, 0
80530, 1, 0, 0, 0, 1, 0
80531, 0, 1, 1, 0, 0, 0
80533, 1, 0, 0, 0, 1, 0
80534, 0, 1, 1, 0, 0, 0
80536, 1, 0, 0, 0, 1, 0
80537, 1, 0, 0, 0, 1, 0
80539, 0, 1, 1, 0, 0, 0
80540, 1, 0, 0, 0, 1, 0
80541, 1, 0, 0, 0, 1, 0
80542, 1, 0, 0, 0, 1, 0
80544, 1, 0, 0, 0, 1, 0
80547, 1, 0, 0, 0, 1, 0
80549, 1, 0, 0, 0, 1, 0
80552, 1, 0, 0, 0, 1, 0
80553, 1, 0, 0, 0, 1, 0
80554, 0, 1, 1, 0, 0, 0
80556, 0, 1, 1, 0, 0, 0
80558, 5, 0, 0, 0, 5, 0
108532, 0, 2, 2, 0, 0, 0
80561, 1, 0, 0, 0, 1, 0
80562, 1, 0, 0, 0, 1, 0
80567, 1, 0, 0, 0, 1, 0
80571, 1, 0, 0, 0, 1, 0
80572, 1, 0, 0, 0, 1, 0
80573, 0, 2, 2, 0, 0, 0
80574, 1, 1, 1, 0, 1, 0
80576, 1, 0, 0, 0, 1, 0
80577, 1, 0, 0, 0, 1, 0
80582, 1, 0, 0, 0, 0, 1
80583, 1, 1, 0, 1, 0, 1
80588, 1, 0, 0, 0, 1, 0
80589, 1, 0, 0, 0, 1, 0
80590, 1, 0, 0, 0, 1, 0
80591, 1, 0, 0, 0, 1, 0
80593, 1, 0, 0, 0, 1, 0
80594, 1, 0, 0, 0, 1, 0
80595, 0, 1, 1, 0, 0, 0
80596, 1, 0, 0, 0, 1, 0
80598, 2, 2, 2, 0, 2, 0
114918, 4, 1, 1, 0, 4, 0
80599, 1, 0, 0, 0, 1, 0
80601, 1, 0, 0, 0, 1, 0
80606, 2, 0, 0, 0, 1, 1
80607, 0, 1, 1, 0, 0, 0
80614, 1, 0, 0, 0, 1, 0
80615, 0, 1, 1, 0, 0, 0
80616, 2, 0, 0, 0, 2, 0
80617, 2, 0, 0, 0, 2, 0
80620, 1, 0, 0, 0, 1, 0
80621, 1, 0, 0, 0, 1, 0
80622, 1, 0, 0, 0, 1, 0
80623, 1, 0, 0, 0, 1, 0
80624, 1, 0, 0, 0, 1, 0
80625, 1, 0, 0, 0, 1, 0
80626, 1, 1, 1, 0, 1, 0
80630, 1, 0, 0, 0, 1, 0
80632, 1, 0, 0, 0, 1, 0
80633, 0, 1, 1, 0, 0, 0
80635, 2, 0, 0, 0, 2, 0
80636, 2, 2, 2, 0, 2, 0
80638, 1, 0, 0, 0, 1, 0
80640, 1, 0, 0, 0, 1, 0
80641, 4, 0, 0, 0, 0, 4
80642, 3, 1, 0, 1, 3, 0
80643, 0, 1, 0, 1, 0, 0
88352, 0, 1, 1, 0, 0, 0
80645, 1, 0, 0, 0, 0, 1
80646, 1, 0, 0, 0, 1, 0
80649, 1, 0, 0, 0, 1, 0
80651, 1, 0, 0, 0, 1, 0
80652, 0, 1, 1, 0, 0, 0
80653, 1, 0, 0, 0, 1, 0
80655, 1, 0, 0, 0, 1, 0
80656, 1, 0, 0, 0, 1, 0
80657, 1, 0, 0, 0, 1, 0
80669, 1, 0, 0, 0, 1, 0
80670, 1, 0, 0, 0, 1, 0
80671, 1, 0, 0, 0, 1, 0
80672, 4, 0, 0, 0, 4, 0
80673, 1, 1, 1, 0, 1, 0
80674, 1, 1, 1, 0, 1, 0
80676, 2, 0, 0, 0, 2, 0
80677, 1, 0, 0, 0, 1, 0
80678, 3, 0, 0, 0, 3, 0
80679, 1, 0, 0, 0, 1, 0
80680, 1, 0, 0, 0, 1, 0
80681, 0, 1, 1, 0, 0, 0
80682, 1, 0, 0, 0, 1, 0
80683, 1, 0, 0, 0, 1, 0
80684, 2, 1, 1, 0, 2, 0
80685, 1, 0, 0, 0, 1, 0
80686, 0, 1, 1, 0, 0, 0
80687, 1, 0, 0, 0, 1, 0
80688, 2, 1, 1, 0, 2, 0
80692, 3, 0, 0, 0, 3, 0
80701, 1, 0, 0, 0, 1, 0
80702, 0, 1, 1, 0, 0, 0
80703, 1, 0, 0, 0, 1, 0
80705, 1, 0, 0, 0, 1, 0
80730, 1, 0, 0, 0, 1, 0
80731, 1, 1, 1, 0, 1, 0
80732, 0, 1, 1, 0, 0, 0
80733, 1, 0, 0, 0, 1, 0
80735, 1, 0, 0, 0, 1, 0
80736, 0, 1, 1, 0, 0, 0
80737, 1, 0, 0, 0, 1, 0
80738, 1, 0, 0, 0, 1, 0
80739, 0, 1, 1, 0, 0, 0
80740, 1, 0, 0, 0, 1, 0
80742, 1, 0, 0, 0, 1, 0
80743, 3, 1, 1, 0, 3, 0
83642, 0, 1, 1, 0, 0, 0
80745, 1, 0, 0, 0, 1, 0
80749, 1, 0, 0, 0, 1, 0
80752, 1, 0, 0, 0, 1, 0
80753, 0, 1, 1, 0, 0, 0
80756, 1, 0, 0, 0, 1, 0
80757, 1, 0, 0, 0, 1, 0
80766, 1, 1, 1, 0, 1, 0
80767, 9, 1, 1, 0, 9, 0
80768, 1, 0, 0, 0, 1, 0
80770, 2, 0, 0, 0, 2, 0
80771, 0, 1, 1, 0, 0, 0
80772, 4, 0, 0, 0, 4, 0
80773, 1, 0, 0, 0, 1, 0
80774, 1, 0, 0, 0, 1, 0
102698, 0, 1, 1, 0, 0, 0
102699, 0, 1, 1, 0, 0, 0
114958, 1, 1, 1, 0, 1, 0
128996, 0, 1, 1, 0, 0, 0
101761, 0, 1, 1, 0, 0, 0
80786, 3, 1, 1, 0, 3, 0
107132, 1, 1, 1, 0, 1, 0
80788, 1, 0, 0, 0, 1, 0
80792, 2, 0, 0, 0, 2, 0
80793, 2, 0, 0, 0, 1, 1
80794, 0, 1, 1, 0, 0, 0
80795, 1, 0, 0, 0, 1, 0
106314, 4, 2, 2, 0, 4, 0
103425, 0, 2, 2, 0, 0, 0
104228, 2, 2, 2, 0, 2, 0
80804, 1, 0, 0, 0, 1, 0
80805, 1, 0, 0, 0, 1, 0
80806, 0, 1, 1, 0, 0, 0
102491, 12, 1, 1, 0, 12, 0
103013, 0, 1, 1, 0, 0, 0
103014, 0, 1, 1, 0, 0, 0
106695, 1, 1, 1, 0, 1, 0
106740, 2, 1, 1, 0, 2, 0
102467, 0, 1, 1, 0, 0, 0
102502, 1, 1, 1, 0, 1, 0
102879, 0, 1, 1, 0, 0, 0
102880, 0, 1, 1, 0, 0, 0
80809, 3, 2, 2, 0, 3, 0
80810, 1, 0, 0, 0, 1, 0
102636, 1, 2, 2, 0, 1, 0
80818, 1, 0, 0, 0, 0, 1
105495, 3, 2, 2, 0, 3, 0
80826, 0, 1, 1, 0, 0, 0
80829, 1, 1, 1, 0, 1, 0
80837, 1, 1, 1, 0, 1, 0
80831, 1, 0, 0, 0, 1, 0
80832, 1, 2, 2, 0, 1, 0
83089, 1, 1, 1, 0, 1, 0
80835, 1, 0, 0, 0, 1, 0
80836, 0, 1, 1, 0, 0, 0
80838, 1, 0, 0, 0, 1, 0
80839, 1, 0, 0, 0, 1, 0
80840, 0, 1, 1, 0, 0, 0
80845, 1, 0, 0, 0, 1, 0
80846, 1, 0, 0, 0, 1, 0
80848, 2, 0, 0, 0, 2, 0
80849, 0, 1, 1, 0, 0, 0
80853, 1, 0, 0, 0, 1, 0
80855, 2, 0, 0, 0, 2, 0
80856, 0, 1, 1, 0, 0, 0
80857, 0, 1, 1, 0, 0, 0
80861, 1, 0, 0, 0, 1, 0
80862, 0, 1, 1, 0, 0, 0
80863, 1, 1, 1, 0, 1, 0
86861, 0, 1, 1, 0, 0, 0
80867, 1, 0, 0, 0, 1, 0
80895, 1, 0, 0, 0, 1, 0
80897, 1, 0, 0, 0, 1, 0
80898, 0, 1, 1, 0, 0, 0
80900, 2, 0, 0, 0, 2, 0
80902, 2, 0, 0, 0, 2, 0
80928, 1, 0, 0, 0, 1, 0
80932, 1, 0, 0, 0, 1, 0
80936, 1, 0, 0, 0, 1, 0
80939, 2, 0, 0, 0, 2, 0
80940, 1, 0, 0, 0, 1, 0
80942, 3, 0, 0, 0, 3, 0
80943, 0, 1, 1, 0, 0, 0
80945, 2, 1, 1, 0, 2, 0
80946, 1, 0, 0, 0, 1, 0
80949, 1, 0, 0, 0, 1, 0
80950, 0, 1, 1, 0, 0, 0
80951, 1, 0, 0, 0, 1, 0
80952, 1, 0, 0, 0, 1, 0
101090, 1, 1, 1, 0, 1, 0
101635, 1, 1, 1, 0, 1, 0
80960, 1, 0, 0, 0, 1, 0
80962, 1, 0, 0, 0, 1, 0
80963, 4, 1, 1, 0, 3, 1
80964, 2, 0, 0, 0, 2, 0
80965, 1, 0, 0, 0, 1, 0
80966, 1, 0, 0, 0, 1, 0
80970, 1, 0, 0, 0, 1, 0
80973, 1, 0, 0, 0, 1, 0
80974, 0, 1, 1, 0, 0, 0
80975, 2, 0, 0, 0, 2, 0
80976, 1, 0, 0, 0, 1, 0
80977, 1, 0, 0, 0, 1, 0
80978, 1, 0, 0, 0, 1, 0
80979, 1, 0, 0, 0, 1, 0
80980, 3, 0, 0, 0, 3, 0
80982, 2, 0, 0, 0, 2, 0
80985, 1, 0, 0, 0, 1, 0
80986, 1, 0, 0, 0, 1, 0
80987, 3, 0, 0, 0, 2, 1
80988, 0, 1, 1, 0, 0, 0
80989, 0, 1, 1, 0, 0, 0
80990, 1, 0, 0, 0, 1, 0
80992, 1, 0, 0, 0, 1, 0
80993, 1, 0, 0, 0, 1, 0
80994, 1, 0, 0, 0, 1, 0
80995, 1, 0, 0, 0, 1, 0
80996, 0, 1, 1, 0, 0, 0
80997, 1, 0, 0, 0, 1, 0
80998, 2, 1, 1, 0, 1, 1
81002, 1, 0, 0, 0, 1, 0
81003, 1, 0, 0, 0, 1, 0
81004, 3, 0, 0, 0, 3, 0
81006, 3, 0, 0, 0, 3, 0
81007, 1, 0, 0, 0, 1, 0
81008, 1, 0, 0, 0, 1, 0
81009, 0, 1, 1, 0, 0, 0
81010, 1, 0, 0, 0, 1, 0
81011, 0, 1, 1, 0, 0, 0
81012, 1, 0, 0, 0, 0, 1
81013, 1, 0, 0, 0, 1, 0
81016, 1, 0, 0, 0, 1, 0
81017, 1, 0, 0, 0, 0, 1
81018, 1, 0, 0, 0, 1, 0
81019, 1, 0, 0, 0, 1, 0
81020, 2, 0, 0, 0, 2, 0
81026, 1, 0, 0, 0, 1, 0
81027, 0, 1, 1, 0, 0, 0
81028, 2, 0, 0, 0, 2, 0
81030, 1, 0, 0, 0, 1, 0
81031, 0, 5, 5, 0, 0, 0
81032, 1, 0, 0, 0, 1, 0
81033, 1, 0, 0, 0, 1, 0
81035, 1, 0, 0, 0, 1, 0
81037, 1, 0, 0, 0, 1, 0
81038, 1, 1, 1, 0, 1, 0
88290, 1, 1, 1, 0, 1, 0
81043, 1, 0, 0, 0, 1, 0
81044, 1, 0, 0, 0, 1, 0
81045, 1, 0, 0, 0, 1, 0
81046, 1, 0, 0, 0, 1, 0
81047, 1, 0, 0, 0, 1, 0
81049, 2, 1, 1, 0, 2, 0
81050, 2, 1, 1, 0, 2, 0
81051, 0, 2, 2, 0, 0, 0
81055, 1, 1, 1, 0, 1, 0
81057, 1, 0, 0, 0, 1, 0
81058, 0, 1, 1, 0, 0, 0
81059, 5, 0, 0, 0, 2, 3
81060, 0, 2, 0, 2, 0, 0
81061, 1, 0, 0, 0, 1, 0
81070, 1, 0, 0, 0, 1, 0
81071, 2, 1, 1, 0, 2, 0
82207, 0, 1, 1, 0, 0, 0
81072, 1, 0, 0, 0, 1, 0
81073, 1, 0, 0, 0, 1, 0
81074, 4, 0, 0, 0, 4, 0
81075, 1, 0, 0, 0, 1, 0
81076, 1, 2, 2, 0, 1, 0
81077, 3, 0, 0, 0, 3, 0
81078, 0, 1, 1, 0, 0, 0
81080, 1, 0, 0, 0, 1, 0
81081, 1, 0, 0, 0, 1, 0
81082, 0, 1, 1, 0, 0, 0
81084, 4, 0, 0, 0, 0, 4
81085, 0, 1, 0, 1, 0, 0
81087, 1, 1, 1, 0, 1, 0
81089, 1, 0, 0, 0, 1, 0
81091, 1, 1, 1, 0, 1, 0
81092, 1, 0, 0, 0, 1, 0
81095, 1, 0, 0, 0, 1, 0
81096, 4, 0, 0, 0, 4, 0
81097, 1, 0, 0, 0, 1, 0
81099, 1, 0, 0, 0, 1, 0
81100, 1, 0, 0, 0, 1, 0
81101, 1, 0, 0, 0, 1, 0
81102, 1, 0, 0, 0, 1, 0
81104, 3, 0, 0, 0, 3, 0
81105, 1, 1, 1, 0, 1, 0
81106, 0, 1, 1, 0, 0, 0
81107, 1, 1, 1, 0, 1, 0
81108, 1, 1, 1, 0, 1, 0
81109, 1, 1, 1, 0, 1, 0
81110, 2, 1, 1, 0, 2, 0
81214, 0, 1, 1, 0, 0, 0
81111, 1, 0, 0, 0, 1, 0
81112, 2, 0, 0, 0, 2, 0
81113, 0, 1, 1, 0, 0, 0
81115, 1, 0, 0, 0, 1, 0
81116, 0, 1, 1, 0, 0, 0
81117, 1, 0, 0, 0, 1, 0
81118, 0, 1, 1, 0, 0, 0
81136, 1, 0, 0, 0, 1, 0
81137, 0, 1, 1, 0, 0, 0
81138, 1, 0, 0, 0, 1, 0
81140, 1, 0, 0, 0, 0, 1
81141, 1, 0, 0, 0, 1, 0
81143, 1, 0, 0, 0, 1, 0
81145, 1, 0, 0, 0, 1, 0
81146, 1, 0, 0, 0, 1, 0
81147, 1, 1, 1, 0, 1, 0
81148, 1, 0, 0, 0, 1, 0
81149, 1, 0, 0, 0, 1, 0
81157, 1, 0, 0, 0, 1, 0
81160, 2, 0, 0, 0, 2, 0
81161, 1, 0, 0, 0, 1, 0
81162, 1, 0, 0, 0, 1, 0
81165, 1, 0, 0, 0, 1, 0
89277, 0, 1, 1, 0, 0, 0
81192, 1, 0, 0, 0, 1, 0
81193, 1, 0, 0, 0, 1, 0
81194, 1, 0, 0, 0, 1, 0
81195, 0, 1, 1, 0, 0, 0
81196, 1, 0, 0, 0, 1, 0
81197, 1, 0, 0, 0, 1, 0
81198, 1, 1, 1, 0, 0, 1
81199, 0, 1, 0, 1, 0, 0
81200, 1, 0, 0, 0, 1, 0
81201, 2, 0, 0, 0, 2, 0
81202, 0, 1, 1, 0, 0, 0
81207, 1, 0, 0, 0, 1, 0
81208, 0, 2, 2, 0, 0, 0
81209, 1, 0, 0, 0, 1, 0
81210, 0, 1, 1, 0, 0, 0
81215, 1, 0, 0, 0, 1, 0
81216, 1, 0, 0, 0, 1, 0
81217, 1, 0, 0, 0, 1, 0
81218, 0, 1, 1, 0, 0, 0
81219, 1, 0, 0, 0, 1, 0
81220, 1, 0, 0, 0, 1, 0
81221, 1, 0, 0, 0, 1, 0
81222, 1, 0, 0, 0, 1, 0
81223, 1, 0, 0, 0, 1, 0
81224, 1, 0, 0, 0, 1, 0
81225, 0, 1, 1, 0, 0, 0
81226, 1, 0, 0, 0, 1, 0
81229, 1, 0, 0, 0, 1, 0
81230, 1, 0, 0, 0, 1, 0
81232, 1, 0, 0, 0, 1, 0
81234, 1, 0, 0, 0, 1, 0
81235, 1, 1, 1, 0, 1, 0
81236, 2, 1, 1, 0, 2, 0
81237, 3, 0, 0, 0, 3, 0
81239, 1, 0, 0, 0, 1, 0
81241, 1, 0, 0, 0, 1, 0
81242, 0, 1, 1, 0, 0, 0
93593, 0, 1, 1, 0, 0, 0
108231, 1, 1, 1, 0, 1, 0
81245, 2, 0, 0, 0, 2, 0
81247, 2, 0, 0, 0, 2, 0
81248, 1, 0, 0, 0, 1, 0
81249, 2, 0, 0, 0, 2, 0
81250, 1, 0, 0, 0, 1, 0
81251, 1, 0, 0, 0, 1, 0
81252, 0, 1, 1, 0, 0, 0
81253, 1, 0, 0, 0, 1, 0
81254, 0, 1, 1, 0, 0, 0
81256, 1, 0, 0, 0, 1, 0
81257, 1, 0, 0, 0, 1, 0
81258, 2, 0, 0, 0, 2, 0
81259, 1, 0, 0, 0, 1, 0
81260, 1, 0, 0, 0, 1, 0
81262, 1, 0, 0, 0, 1, 0
81263, 0, 1, 1, 0, 0, 0
81264, 1, 0, 0, 0, 1, 0
81267, 1, 0, 0, 0, 1, 0
81268, 1, 0, 0, 0, 1, 0
81269, 0, 1, 1, 0, 0, 0
81270, 1, 0, 0, 0, 1, 0
81272, 1, 0, 0, 0, 1, 0
81273, 0, 1, 1, 0, 0, 0
81274, 1, 0, 0, 0, 1, 0
81278, 1, 0, 0, 0, 1, 0
81282, 2, 0, 0, 0, 2, 0
81284, 1, 0, 0, 0, 1, 0
81286, 1, 0, 0, 0, 1, 0
81294, 1, 0, 0, 0, 1, 0
81295, 1, 0, 0, 0, 1, 0
81297, 1, 0, 0, 0, 1, 0
81299, 1, 0, 0, 0, 0, 1
81328, 12, 0, 0, 0, 11, 1
81329, 0, 4, 4, 0, 0, 0
81330, 1, 0, 0, 0, 0, 1
81332, 1, 0, 0, 0, 1, 0
81333, 2, 0, 0, 0, 2, 0
81334, 1, 0, 0, 0, 1, 0
81335, 1, 0, 0, 0, 1, 0
81337, 1, 0, 0, 0, 1, 0
81339, 1, 0, 0, 0, 1, 0
81340, 1, 0, 0, 0, 1, 0
81341, 0, 1, 1, 0, 0, 0
81342, 1, 0, 0, 0, 1, 0
81343, 1, 0, 0, 0, 1, 0
81344, 1, 0, 0, 0, 1, 0
81346, 1, 1, 1, 0, 1, 0
81348, 1, 0, 0, 0, 1, 0
81350, 1, 0, 0, 0, 1, 0
81351, 2, 0, 0, 0, 2, 0
81355, 1, 0, 0, 0, 1, 0
81356, 0, 1, 1, 0, 0, 0
81358, 1, 0, 0, 0, 1, 0
81359, 1, 1, 1, 0, 1, 0
81360, 1, 1, 1, 0, 1, 0
81361, 3, 0, 0, 0, 3, 0
81362, 1, 1, 1, 0, 1, 0
81364, 1, 0, 0, 0, 1, 0
81365, 1, 0, 0, 0, 1, 0
81366, 0, 1, 1, 0, 0, 0
81369, 4, 0, 0, 0, 4, 0
81370, 2, 0, 0, 0, 2, 0
81371, 1, 0, 0, 0, 1, 0
81372, 1, 0, 0, 0, 1, 0
81373, 1, 0, 0, 0, 1, 0
84971, 1, 1, 1, 0, 1, 0
85526, 1, 1, 1, 0, 1, 0
85912, 0, 1, 1, 0, 0, 0
85913, 0, 1, 1, 0, 0, 0
89034, 1, 1, 1, 0, 1, 0
89216, 0, 1, 1, 0, 0, 0
89217, 0, 1, 1, 0, 0, 0
89218, 0, 1, 1, 0, 0, 0
89219, 0, 1, 1, 0, 0, 0
81424, 1, 0, 0, 0, 1, 0
81426, 1, 0, 0, 0, 1, 0
81427, 0, 5, 5, 0, 0, 0
81428, 1, 0, 0, 0, 1, 0
81430, 1, 0, 0, 0, 1, 0
81431, 0, 1, 1, 0, 0, 0
81432, 1, 0, 0, 0, 1, 0
81433, 1, 0, 0, 0, 1, 0
81440, 2, 0, 0, 0, 2, 0
81442, 1, 0, 0, 0, 1, 0
81443, 1, 0, 0, 0, 1, 0
81444, 1, 0, 0, 0, 1, 0
81445, 5, 1, 0, 1, 5, 0
81446, 9, 3, 3, 0, 7, 2
81447, 0, 1, 1, 0, 0, 0
81449, 1, 0, 0, 0, 1, 0
81451, 1, 0, 0, 0, 1, 0
81452, 1, 0, 0, 0, 1, 0
81453, 0, 1, 1, 0, 0, 0
81464, 3, 0, 0, 0, 3, 0
81470, 5, 0, 0, 0, 5, 0
81473, 2, 0, 0, 0, 2, 0
81474, 0, 1, 1, 0, 0, 0
81477, 1, 1, 1, 0, 1, 0
81478, 1, 0, 0, 0, 1, 0
81479, 3, 0, 0, 0, 3, 0
81480, 1, 0, 0, 0, 1, 0
81481, 1, 0, 0, 0, 0, 1
81483, 3, 0, 0, 0, 3, 0
81484, 1, 1, 0, 1, 1, 0
81485, 1, 0, 0, 0, 1, 0
81488, 1, 1, 1, 0, 1, 0
81489, 1, 0, 0, 0, 1, 0
81490, 3, 0, 0, 0, 3, 0
81491, 1, 1, 1, 0, 1, 0
83282, 0, 1, 1, 0, 0, 0
81492, 1, 0, 0, 0, 1, 0
81493, 0, 1, 1, 0, 0, 0
81494, 1, 0, 0, 0, 1, 0
81497, 1, 0, 0, 0, 1, 0
81499, 3, 0, 0, 0, 3, 0
81500, 0, 1, 1, 0, 0, 0
81501, 0, 1, 1, 0, 0, 0
81502, 0, 2, 2, 0, 0, 0
81503, 1, 0, 0, 0, 1, 0
81504, 1, 0, 0, 0, 1, 0
81515, 1, 0, 0, 0, 1, 0
81516, 2, 0, 0, 0, 2, 0
81517, 1, 0, 0, 0, 1, 0
81520, 1, 1, 1, 0, 1, 0
81521, 3, 0, 0, 0, 3, 0
81523, 1, 0, 0, 0, 1, 0
81524, 3, 0, 0, 0, 3, 0
81530, 1, 0, 0, 0, 1, 0
83084, 0, 1, 1, 0, 0, 0
81541, 3, 0, 0, 0, 3, 0
81542, 0, 1, 1, 0, 0, 0
81543, 0, 1, 1, 0, 0, 0
81544, 1, 1, 1, 0, 1, 0
81546, 1, 0, 0, 0, 1, 0
81547, 0, 1, 1, 0, 0, 0
81548, 1, 0, 0, 0, 1, 0
81550, 1, 0, 0, 0, 1, 0
81551, 0, 1, 1, 0, 0, 0
81553, 2, 0, 0, 0, 2, 0
81554, 3, 0, 0, 0, 2, 1
81555, 0, 1, 1, 0, 0, 0
81561, 4, 0, 0, 0, 4, 0
91512, 0, 3, 3, 0, 0, 0
92087, 0, 1, 1, 0, 0, 0
81565, 1, 0, 0, 0, 1, 0
81566, 1, 0, 0, 0, 1, 0
81567, 1, 0, 0, 0, 1, 0
81569, 2, 0, 0, 0, 2, 0
81570, 0, 2, 2, 0, 0, 0
81571, 1, 0, 0, 0, 1, 0
81572, 1, 1, 1, 0, 1, 0
81573, 2, 2, 2, 0, 2, 0
82550, 0, 1, 1, 0, 0, 0
81574, 1, 0, 0, 0, 1, 0
81576, 1, 0, 0, 0, 1, 0
81577, 3, 0, 0, 0, 3, 0
81580, 2, 0, 0, 0, 2, 0
81581, 0, 1, 1, 0, 0, 0
81586, 1, 0, 0, 0, 1, 0
81587, 0, 1, 1, 0, 0, 0
81588, 5, 0, 0, 0, 5, 0
81600, 1, 0, 0, 0, 1, 0
81601, 1, 0, 0, 0, 1, 0
81603, 1, 0, 0, 0, 1, 0
81604, 6, 1, 1, 0, 6, 0
81605, 1, 0, 0, 0, 1, 0
81606, 1, 0, 0, 0, 1, 0
81607, 0, 1, 1, 0, 0, 0
81963, 1, 1, 1, 0, 1, 0
81610, 1, 0, 0, 0, 1, 0
81615, 1, 0, 0, 0, 1, 0
81616, 1, 0, 0, 0, 1, 0
81619, 1, 0, 0, 0, 1, 0
81620, 0, 1, 1, 0, 0, 0
81621, 1, 0, 0, 0, 1, 0
81623, 1, 0, 0, 0, 1, 0
81624, 1, 0, 0, 0, 1, 0
81625, 1, 0, 0, 0, 1, 0
81626, 1, 0, 0, 0, 0, 1
81627, 0, 1, 0, 1, 0, 0
81628, 2, 0, 0, 0, 2, 0
81629, 3, 0, 0, 0, 3, 0
81630, 0, 1, 1, 0, 0, 0
95192, 0, 1, 1, 0, 0, 0
81631, 2, 0, 0, 0, 2, 0
81632, 1, 1, 1, 0, 1, 0
81633, 1, 2, 2, 0, 1, 0
81634, 1, 0, 0, 0, 1, 0
81636, 1, 0, 0, 0, 1, 0
81638, 1, 0, 0, 0, 1, 0
81653, 1, 0, 0, 0, 1, 0
81658, 1, 0, 0, 0, 1, 0
81659, 2, 0, 0, 0, 2, 0
81660, 1, 0, 0, 0, 1, 0
81661, 0, 1, 1, 0, 0, 0
81663, 0, 1, 1, 0, 0, 0
81678, 1, 0, 0, 0, 1, 0
81679, 3, 1, 1, 0, 3, 0
81680, 2, 1, 1, 0, 2, 0
81683, 1, 0, 0, 0, 1, 0
81684, 1, 0, 0, 0, 1, 0
81686, 1, 1, 1, 0, 1, 0
81687, 1, 1, 1, 0, 1, 0
81688, 1, 0, 0, 0, 1, 0
81690, 1, 0, 0, 0, 0, 1
81691, 1, 0, 0, 0, 1, 0
81692, 0, 1, 1, 0, 0, 0
81693, 1, 0, 0, 0, 1, 0
81694, 1, 0, 0, 0, 0, 1
81700, 2, 0, 0, 0, 2, 0
81702, 1, 0, 0, 0, 1, 0
81703, 0, 2, 2, 0, 0, 0
81704, 1, 0, 0, 0, 1, 0
81706, 4, 0, 0, 0, 4, 0
81707, 0, 1, 1, 0, 0, 0
120897, 0, 1, 1, 0, 0, 0
81708, 1, 0, 0, 0, 1, 0
81710, 1, 1, 1, 0, 1, 0
81711, 4, 1, 1, 0, 4, 0
81712, 2, 0, 0, 0, 2, 0
81713, 0, 1, 1, 0, 0, 0
81718, 1, 0, 0, 0, 1, 0
81719, 2, 0, 0, 0, 2, 0
81720, 1, 0, 0, 0, 1, 0
81733, 2, 0, 0, 0, 2, 0
81734, 1, 0, 0, 0, 1, 0
81735, 1, 0, 0, 0, 1, 0
81738, 1, 0, 0, 0, 0, 1
81739, 0, 1, 0, 1, 0, 0
81741, 2, 0, 0, 0, 2, 0
81742, 1, 0, 0, 0, 1, 0
107562, 0, 1, 1, 0, 0, 0
81744, 11, 1, 1, 0, 8, 3
81746, 0, 1, 0, 1, 0, 0
83049, 3, 1, 1, 0, 3, 0
81748, 1, 0, 0, 0, 1, 0
81750, 1, 0, 0, 0, 1, 0
81751, 1, 0, 0, 0, 0, 1
81759, 1, 0, 0, 0, 1, 0
81760, 0, 1, 1, 0, 0, 0
81761, 1, 0, 0, 0, 1, 0
81763, 1, 0, 0, 0, 1, 0
81764, 1, 0, 0, 0, 1, 0
81766, 1, 0, 0, 0, 1, 0
81769, 0, 1, 1, 0, 0, 0
81770, 1, 0, 0, 0, 1, 0
81774, 1, 0, 0, 0, 1, 0
81779, 1, 0, 0, 0, 1, 0
81780, 1, 1, 1, 0, 1, 0
81781, 1, 0, 0, 0, 1, 0
81782, 1, 0, 0, 0, 1, 0
81783, 0, 2, 2, 0, 0, 0
81784, 1, 0, 0, 0, 1, 0
81785, 0, 1, 1, 0, 0, 0
81787, 2, 0, 0, 0, 2, 0
81788, 0, 2, 2, 0, 0, 0
81791, 1, 0, 0, 0, 1, 0
81793, 1, 0, 0, 0, 1, 0
81794, 0, 1, 1, 0, 0, 0
81795, 1, 0, 0, 0, 1, 0
81796, 1, 0, 0, 0, 1, 0
81797, 2, 0, 0, 0, 2, 0
81798, 1, 0, 0, 0, 1, 0
81799, 0, 2, 2, 0, 0, 0
81800, 1, 0, 0, 0, 1, 0
81801, 1, 0, 0, 0, 1, 0
81802, 0, 1, 1, 0, 0, 0
81804, 1, 0, 0, 0, 1, 0
81805, 1, 0, 0, 0, 1, 0
81807, 1, 0, 0, 0, 1, 0
86092, 0, 3, 3, 0, 0, 0
108443, 5, 3, 3, 0, 5, 0
81810, 1, 0, 0, 0, 1, 0
81812, 1, 0, 0, 0, 1, 0
81813, 1, 0, 0, 0, 1, 0
81814, 0, 1, 1, 0, 0, 0
81815, 1, 0, 0, 0, 1, 0
81819, 1, 0, 0, 0, 1, 0
81822, 1, 0, 0, 0, 0, 1
81823, 2, 0, 0, 0, 2, 0
81824, 1, 0, 0, 0, 0, 1
81825, 1, 0, 0, 0, 1, 0
81826, 0, 1, 1, 0, 0, 0
81827, 1, 0, 0, 0, 1, 0
81828, 0, 1, 1, 0, 0, 0
81829, 1, 0, 0, 0, 1, 0
81831, 1, 0, 0, 0, 1, 0
81835, 1, 1, 1, 0, 1, 0
81836, 1, 0, 0, 0, 1, 0
81837, 1, 0, 0, 0, 1, 0
81838, 1, 0, 0, 0, 1, 0
81846, 2, 0, 0, 0, 2, 0
81848, 1, 0, 0, 0, 1, 0
81851, 0, 1, 1, 0, 0, 0
81853, 0, 1, 1, 0, 0, 0
81855, 2, 0, 0, 0, 1, 1
81857, 1, 0, 0, 0, 1, 0
81858, 1, 0, 0, 0, 1, 0
81860, 1, 0, 0, 0, 1, 0
81861, 1, 0, 0, 0, 1, 0
81862, 1, 0, 0, 0, 1, 0
81863, 0, 1, 1, 0, 0, 0
81865, 2, 0, 0, 0, 1, 1
81867, 0, 1, 1, 0, 0, 0
91905, 0, 1, 0, 1, 0, 0
81910, 1, 0, 0, 0, 1, 0
81912, 1, 0, 0, 0, 1, 0
82625, 0, 1, 1, 0, 0, 0
82626, 0, 1, 1, 0, 0, 0
82627, 0, 1, 1, 0, 0, 0
82628, 0, 1, 1, 0, 0, 0
81915, 1, 1, 1, 0, 1, 0
81916, 1, 0, 0, 0, 1, 0
84555, 0, 2, 2, 0, 0, 0
81920, 1, 0, 0, 0, 1, 0
81921, 1, 0, 0, 0, 1, 0
81922, 0, 1, 1, 0, 0, 0
81924, 1, 0, 0, 0, 1, 0
81925, 2, 0, 0, 0, 2, 0
81926, 1, 0, 0, 0, 1, 0
81927, 2, 0, 0, 0, 2, 0
81933, 1, 0, 0, 0, 1, 0
81936, 1, 0, 0, 0, 1, 0
81937, 0, 1, 1, 0, 0, 0
81938, 1, 0, 0, 0, 1, 0
87776, 0, 1, 1, 0, 0, 0
81942, 4, 1, 1, 0, 4, 0
81944, 1, 0, 0, 0, 1, 0
81945, 0, 3, 3, 0, 0, 0
81949, 1, 0, 0, 0, 1, 0
81950, 0, 1, 1, 0, 0, 0
81951, 1, 0, 0, 0, 1, 0
81952, 1, 0, 0, 0, 1, 0
81953, 0, 1, 1, 0, 0, 0
81954, 1, 0, 0, 0, 1, 0
81955, 0, 1, 1, 0, 0, 0
81956, 2, 0, 0, 0, 2, 0
81957, 1, 0, 0, 0, 1, 0
81959, 1, 0, 0, 0, 1, 0
81960, 1, 0, 0, 0, 0, 1
81961, 5, 0, 0, 0, 5, 0
81962, 2, 1, 1, 0, 2, 0
81964, 1, 0, 0, 0, 1, 0
81970, 1, 0, 0, 0, 1, 0
81973, 1, 0, 0, 0, 1, 0
81974, 1, 0, 0, 0, 1, 0
81975, 2, 1, 1, 0, 2, 0
83405, 0, 1, 1, 0, 0, 0
81978, 6, 0, 0, 0, 5, 1
81979, 0, 2, 2, 0, 0, 0
81980, 1, 0, 0, 0, 1, 0
81981, 1, 0, 0, 0, 1, 0
81982, 0, 1, 1, 0, 0, 0
81983, 1, 1, 1, 0, 1, 0
81984, 1, 1, 1, 0, 1, 0
81985, 1, 0, 0, 0, 1, 0
81986, 1, 0, 0, 0, 1, 0
81987, 1, 0, 0, 0, 1, 0
81990, 1, 0, 0, 0, 0, 1
81992, 0, 1, 1, 0, 0, 0
81995, 0, 1, 1, 0, 0, 0
81996, 7, 0, 0, 0, 7, 0
81997, 0, 1, 1, 0, 0, 0
81998, 1, 0, 0, 0, 1, 0
82000, 3, 0, 0, 0, 3, 0
82001, 0, 1, 1, 0, 0, 0
88896, 1, 1, 1, 0, 1, 0
82017, 0, 1, 1, 0, 0, 0
117113, 0, 1, 1, 0, 0, 0
82019, 2, 0, 0, 0, 2, 0
82020, 6, 0, 0, 0, 6, 0
82027, 1, 0, 0, 0, 1, 0
82028, 1, 0, 0, 0, 1, 0
82029, 1, 0, 0, 0, 1, 0
82030, 0, 1, 1, 0, 0, 0
82034, 2, 0, 0, 0, 2, 0
82035, 1, 0, 0, 0, 1, 0
82036, 0, 2, 2, 0, 0, 0
82041, 1, 0, 0, 0, 1, 0
82042, 0, 3, 3, 0, 0, 0
82043, 3, 0, 0, 0, 3, 0
82044, 1, 0, 0, 0, 1, 0
82045, 0, 1, 1, 0, 0, 0
82046, 1, 0, 0, 0, 1, 0
82047, 1, 0, 0, 0, 1, 0
82049, 0, 1, 1, 0, 0, 0
82050, 1, 0, 0, 0, 1, 0
82051, 2, 0, 0, 0, 2, 0
82052, 0, 1, 1, 0, 0, 0
82053, 1, 0, 0, 0, 1, 0
82057, 2, 0, 0, 0, 2, 0
82058, 0, 1, 1, 0, 0, 0
82059, 0, 1, 1, 0, 0, 0
82061, 0, 1, 1, 0, 0, 0
82062, 2, 2, 1, 1, 2, 0
82063, 1, 1, 1, 0, 1, 0
82064, 1, 0, 0, 0, 1, 0
82065, 0, 1, 1, 0, 0, 0
82066, 1, 0, 0, 0, 1, 0
82067, 1, 0, 0, 0, 1, 0
82068, 1, 0, 0, 0, 1, 0
82069, 1, 0, 0, 0, 1, 0
82070, 0, 1, 1, 0, 0, 0
82072, 1, 0, 0, 0, 1, 0
82073, 1, 0, 0, 0, 1, 0
82074, 1, 0, 0, 0, 1, 0
82075, 1, 0, 0, 0, 1, 0
82076, 1, 0, 0, 0, 1, 0
82078, 1, 0, 0, 0, 1, 0
82079, 0, 2, 2, 0, 0, 0
82080, 1, 0, 0, 0, 1, 0
82081, 1, 0, 0, 0, 1, 0
82082, 0, 1, 1, 0, 0, 0
82083, 1, 0, 0, 0, 0, 1
82084, 1, 0, 0, 0, 1, 0
82089, 1, 0, 0, 0, 1, 0
82093, 1, 0, 0, 0, 1, 0
82095, 1, 0, 0, 0, 1, 0
82096, 0, 1, 1, 0, 0, 0
82098, 1, 0, 0, 0, 1, 0
82101, 0, 1, 1, 0, 0, 0
82102, 1, 0, 0, 0, 1, 0
82103, 1, 0, 0, 0, 1, 0
82104, 1, 0, 0, 0, 1, 0
82105, 0, 1, 1, 0, 0, 0
82106, 3, 0, 0, 0, 3, 0
82109, 1, 0, 0, 0, 1, 0
82116, 1, 0, 0, 0, 1, 0
82125, 1, 0, 0, 0, 1, 0
82126, 0, 1, 1, 0, 0, 0
82127, 1, 0, 0, 0, 1, 0
82129, 1, 0, 0, 0, 1, 0
82130, 1, 0, 0, 0, 1, 0
82131, 1, 0, 0, 0, 1, 0
82132, 0, 1, 1, 0, 0, 0
82134, 1, 0, 0, 0, 1, 0
82135, 0, 1, 1, 0, 0, 0
82136, 1, 0, 0, 0, 1, 0
82137, 2, 1, 1, 0, 2, 0
82138, 2, 3, 3, 0, 2, 0
82139, 1, 2, 2, 0, 1, 0
82149, 2, 1, 1, 0, 2, 0
82140, 1, 0, 0, 0, 0, 1
82142, 1, 0, 0, 0, 1, 0
82145, 2, 0, 0, 0, 2, 0
82146, 0, 2, 2, 0, 0, 0
110437, 0, 1, 0, 1, 0, 0
82178, 1, 0, 0, 0, 1, 0
82179, 1, 1, 1, 0, 1, 0
82180, 1, 0, 0, 0, 1, 0
82181, 1, 0, 0, 0, 1, 0
82182, 1, 0, 0, 0, 1, 0
82184, 1, 0, 0, 0, 1, 0
82185, 0, 1, 1, 0, 0, 0
82186, 1, 0, 0, 0, 1, 0
82187, 0, 2, 1, 1, 0, 0
82196, 1, 0, 0, 0, 1, 0
82203, 4, 0, 0, 0, 4, 0
82204, 1, 0, 0, 0, 1, 0
82205, 1, 0, 0, 0, 1, 0
82206, 1, 1, 1, 0, 0, 1
88216, 0, 1, 0, 1, 0, 0
82208, 1, 0, 0, 0, 1, 0
82209, 0, 1, 1, 0, 0, 0
82210, 1, 0, 0, 0, 1, 0
82211, 1, 0, 0, 0, 1, 0
82225, 1, 0, 0, 0, 1, 0
82226, 1, 0, 0, 0, 1, 0
82227, 2, 0, 0, 0, 2, 0
82228, 1, 0, 0, 0, 1, 0
82229, 0, 1, 1, 0, 0, 0
82230, 2, 0, 0, 0, 2, 0
82231, 0, 1, 1, 0, 0, 0
82232, 1, 0, 0, 0, 1, 0
82233, 1, 0, 0, 0, 1, 0
82234, 1, 0, 0, 0, 1, 0
82237, 1, 0, 0, 0, 1, 0
82238, 1, 0, 0, 0, 1, 0
82239, 0, 1, 1, 0, 0, 0
82243, 1, 1, 1, 0, 1, 0
82245, 1, 0, 0, 0, 1, 0
82246, 1, 0, 0, 0, 1, 0
82247, 1, 0, 0, 0, 1, 0
82316, 8, 1, 1, 0, 8, 0
82317, 0, 1, 1, 0, 0, 0
82319, 1, 0, 0, 0, 1, 0
82322, 1, 0, 0, 0, 0, 1
82324, 2, 0, 0, 0, 2, 0
82325, 0, 1, 1, 0, 0, 0
82326, 1, 0, 0, 0, 1, 0
82327, 1, 0, 0, 0, 1, 0
82329, 1, 0, 0, 0, 1, 0
82331, 1, 0, 0, 0, 1, 0
82333, 0, 4, 4, 0, 0, 0
82336, 1, 0, 0, 0, 1, 0
82337, 1, 0, 0, 0, 0, 1
82339, 1, 2, 2, 0, 1, 0
82344, 1, 0, 0, 0, 1, 0
82345, 1, 0, 0, 0, 1, 0
82349, 1, 0, 0, 0, 1, 0
82352, 1, 0, 0, 0, 1, 0
85403, 0, 1, 1, 0, 0, 0
98436, 1, 1, 1, 0, 1, 0
97370, 1, 1, 1, 0, 1, 0
98105, 1, 1, 1, 0, 1, 0
82364, 1, 0, 0, 0, 1, 0
82367, 11, 1, 1, 0, 11, 0
97329, 0, 1, 1, 0, 0, 0
97365, 1, 1, 1, 0, 1, 0
104322, 1, 1, 1, 0, 1, 0
82373, 4, 0, 0, 0, 3, 1
82374, 1, 0, 0, 0, 1, 0
93460, 1, 1, 1, 0, 1, 0
94948, 2, 1, 1, 0, 2, 0
95101, 15, 2, 2, 0, 15, 0
95966, 0, 6, 6, 0, 0, 0
97261, 2, 1, 1, 0, 2, 0
97554, 0, 1, 1, 0, 0, 0
97556, 0, 1, 1, 0, 0, 0
97557, 0, 1, 1, 0, 0, 0
97558, 0, 1, 1, 0, 0, 0
97559, 0, 1, 1, 0, 0, 0
97560, 0, 1, 1, 0, 0, 0
97561, 0, 1, 1, 0, 0, 0
97562, 0, 1, 1, 0, 0, 0
97564, 0, 1, 1, 0, 0, 0
97566, 0, 1, 1, 0, 0, 0
97567, 0, 1, 1, 0, 0, 0
97568, 0, 1, 1, 0, 0, 0
97569, 0, 1, 1, 0, 0, 0
97570, 2, 1, 1, 0, 2, 0
97571, 1, 1, 1, 0, 1, 0
97572, 0, 1, 1, 0, 0, 0
97573, 0, 1, 1, 0, 0, 0
97574, 0, 1, 1, 0, 0, 0
83552, 2, 2, 2, 0, 2, 0
97783, 0, 1, 1, 0, 0, 0
97784, 0, 1, 1, 0, 0, 0
97785, 0, 1, 1, 0, 0, 0
97786, 0, 1, 1, 0, 0, 0
103608, 2, 2, 2, 0, 2, 0
82378, 2, 0, 0, 0, 2, 0
127186, 2, 2, 2, 0, 2, 0
82384, 5, 0, 0, 0, 5, 0
97948, 1, 1, 0, 1, 0, 1
122876, 0, 1, 1, 0, 0, 0
106490, 0, 1, 1, 0, 0, 0
82387, 6, 0, 0, 0, 3, 3
96040, 0, 1, 1, 0, 0, 0
96041, 0, 1, 1, 0, 0, 0
97589, 0, 1, 0, 1, 0, 0
82388, 1, 0, 0, 0, 1, 0
105430, 2, 1, 1, 0, 2, 0
108245, 1, 1, 1, 0, 1, 0
109683, 0, 2, 1, 1, 0, 0
82390, 1, 0, 0, 0, 1, 0
82397, 2, 0, 0, 0, 2, 0
82398, 1, 0, 0, 0, 0, 1
82399, 2, 1, 1, 0, 2, 0
82400, 2, 1, 1, 0, 2, 0
82401, 0, 1, 1, 0, 0, 0
88045, 0, 1, 1, 0, 0, 0
88046, 0, 1, 1, 0, 0, 0
82407, 1, 0, 0, 0, 1, 0
82412, 1, 0, 0, 0, 0, 1
82413, 0, 1, 0, 1, 0, 0
82416, 1, 0, 0, 0, 1, 0
82427, 1, 0, 0, 0, 1, 0
82428, 0, 1, 1, 0, 0, 0
82430, 1, 0, 0, 0, 1, 0
82433, 0, 1, 1, 0, 0, 0
82435, 1, 0, 0, 0, 1, 0
82436, 0, 1, 1, 0, 0, 0
82438, 1, 0, 0, 0, 1, 0
82440, 1, 0, 0, 0, 1, 0
82441, 1, 0, 0, 0, 1, 0
82461, 0, 1, 1, 0, 0, 0
82464, 1, 0, 0, 0, 1, 0
82465, 4, 0, 0, 0, 4, 0
82466, 0, 1, 1, 0, 0, 0
82469, 2, 0, 0, 0, 2, 0
82470, 1, 0, 0, 0, 1, 0
82471, 1, 0, 0, 0, 1, 0
82472, 2, 0, 0, 0, 0, 2
82473, 1, 0, 0, 0, 1, 0
82475, 1, 0, 0, 0, 1, 0
82476, 1, 0, 0, 0, 1, 0
82479, 1, 0, 0, 0, 1, 0
82480, 1, 1, 1, 0, 1, 0
82481, 1, 1, 1, 0, 1, 0
82483, 2, 0, 0, 0, 2, 0
82489, 1, 0, 0, 0, 1, 0
82490, 0, 1, 1, 0, 0, 0
82495, 1, 1, 1, 0, 1, 0
82496, 4, 1, 1, 0, 4, 0
82497, 1, 0, 0, 0, 1, 0
82501, 1, 0, 0, 0, 1, 0
82502, 1, 0, 0, 0, 1, 0
82503, 1, 0, 0, 0, 1, 0
82505, 1, 0, 0, 0, 1, 0
82506, 0, 1, 1, 0, 0, 0
82507, 1, 0, 0, 0, 1, 0
82508, 1, 0, 0, 0, 1, 0
82509, 1, 0, 0, 0, 1, 0
82510, 3, 0, 0, 0, 3, 0
82511, 1, 0, 0, 0, 1, 0
82512, 1, 0, 0, 0, 1, 0
82514, 3, 0, 0, 0, 3, 0
82515, 1, 0, 0, 0, 1, 0
82516, 1, 0, 0, 0, 1, 0
82520, 2, 0, 0, 0, 2, 0
82521, 1, 0, 0, 0, 1, 0
82522, 0, 1, 1, 0, 0, 0
82524, 1, 0, 0, 0, 1, 0
82525, 1, 0, 0, 0, 1, 0
82526, 1, 0, 0, 0, 1, 0
82527, 1, 0, 0, 0, 1, 0
82529, 2, 0, 0, 0, 2, 0
82530, 1, 0, 0, 0, 1, 0
82537, 7, 0, 0, 0, 7, 0
82538, 0, 1, 1, 0, 0, 0
82540, 1, 0, 0, 0, 1, 0
82544, 1, 0, 0, 0, 1, 0
82545, 0, 1, 1, 0, 0, 0
82546, 2, 0, 0, 0, 2, 0
82547, 1, 0, 0, 0, 1, 0
82548, 1, 0, 0, 0, 1, 0
82549, 1, 0, 0, 0, 1, 0
82553, 1, 1, 1, 0, 1, 0
84300, 1, 1, 1, 0, 1, 0
82556, 1, 0, 0, 0, 1, 0
82557, 1, 0, 0, 0, 1, 0
82561, 1, 0, 0, 0, 1, 0
82562, 1, 0, 0, 0, 1, 0
82563, 1, 0, 0, 0, 1, 0
82564, 1, 0, 0, 0, 1, 0
82565, 1, 0, 0, 0, 1, 0
82567, 1, 0, 0, 0, 0, 1
82569, 1, 0, 0, 0, 1, 0
82570, 1, 0, 0, 0, 1, 0
82572, 1, 0, 0, 0, 1, 0
82574, 1, 3, 3, 0, 1, 0
85085, 1, 1, 1, 0, 1, 0
82576, 3, 0, 0, 0, 3, 0
82580, 1, 0, 0, 0, 0, 1
82582, 1, 0, 0, 0, 1, 0
82584, 1, 0, 0, 0, 1, 0
82586, 2, 0, 0, 0, 2, 0
82587, 1, 1, 1, 0, 1, 0
82588, 0, 1, 1, 0, 0, 0
82589, 1, 0, 0, 0, 1, 0
82590, 2, 0, 0, 0, 2, 0
82595, 1, 0, 0, 0, 1, 0
82596, 3, 0, 0, 0, 3, 0
82597, 1, 0, 0, 0, 1, 0
82598, 1, 0, 0, 0, 1, 0
82599, 1, 0, 0, 0, 1, 0
82601, 1, 0, 0, 0, 1, 0
82602, 0, 1, 1, 0, 0, 0
82611, 1, 0, 0, 0, 1, 0
82612, 0, 1, 1, 0, 0, 0
82619, 2, 0, 0, 0, 2, 0
82620, 1, 0, 0, 0, 1, 0
82621, 1, 0, 0, 0, 1, 0
82622, 1, 0, 0, 0, 1, 0
82624, 1, 0, 0, 0, 1, 0
82629, 1, 1, 1, 0, 1, 0
82630, 1, 1, 1, 0, 1, 0
82632, 1, 0, 0, 0, 1, 0
82633, 1, 0, 0, 0, 1, 0
82635, 2, 0, 0, 0, 2, 0
82636, 1, 0, 0, 0, 1, 0
82637, 1, 1, 1, 0, 1, 0
83694, 0, 1, 1, 0, 0, 0
82638, 1, 0, 0, 0, 1, 0
82639, 1, 1, 1, 0, 1, 0
82640, 1, 1, 1, 0, 1, 0
82641, 2, 0, 0, 0, 2, 0
82642, 2, 0, 0, 0, 2, 0
82646, 1, 0, 0, 0, 1, 0
82647, 0, 1, 1, 0, 0, 0
82649, 1, 0, 0, 0, 1, 0
82650, 1, 0, 0, 0, 1, 0
82652, 1, 0, 0, 0, 1, 0
82653, 1, 0, 0, 0, 1, 0
82655, 1, 0, 0, 0, 1, 0
82656, 1, 0, 0, 0, 1, 0
82658, 1, 0, 0, 0, 1, 0
82659, 1, 0, 0, 0, 1, 0
82661, 1, 0, 0, 0, 1, 0
82662, 0, 1, 1, 0, 0, 0
82664, 1, 0, 0, 0, 1, 0
82671, 1, 0, 0, 0, 1, 0
82672, 0, 2, 2, 0, 0, 0
82678, 1, 0, 0, 0, 1, 0
82679, 1, 0, 0, 0, 1, 0
82680, 0, 2, 2, 0, 0, 0
82682, 1, 0, 0, 0, 1, 0
82683, 0, 1, 1, 0, 0, 0
82684, 1, 0, 0, 0, 1, 0
82686, 1, 0, 0, 0, 1, 0
82687, 1, 0, 0, 0, 1, 0
82688, 1, 0, 0, 0, 1, 0
82692, 1, 1, 1, 0, 1, 0
82696, 1, 0, 0, 0, 0, 1
82697, 0, 1, 0, 1, 0, 0
82698, 1, 0, 0, 0, 1, 0
82699, 0, 1, 1, 0, 0, 0
82700, 1, 0, 0, 0, 1, 0
82704, 3, 0, 0, 0, 3, 0
82705, 0, 1, 1, 0, 0, 0
82706, 1, 0, 0, 0, 1, 0
82708, 2, 1, 1, 0, 1, 1
82712, 2, 0, 0, 0, 2, 0
82713, 1, 0, 0, 0, 1, 0
82716, 1, 0, 0, 0, 1, 0
82717, 0, 1, 1, 0, 0, 0
82719, 1, 0, 0, 0, 1, 0
82720, 0, 1, 1, 0, 0, 0
82721, 1, 0, 0, 0, 1, 0
82722, 0, 1, 1, 0, 0, 0
82725, 2, 0, 0, 0, 2, 0
82726, 1, 0, 0, 0, 1, 0
82727, 0, 1, 1, 0, 0, 0
82728, 1, 1, 1, 0, 1, 0
82729, 1, 1, 1, 0, 1, 0
82731, 1, 0, 0, 0, 1, 0
82732, 0, 1, 1, 0, 0, 0
82733, 1, 0, 0, 0, 1, 0
82735, 2, 0, 0, 0, 2, 0
82736, 1, 0, 0, 0, 1, 0
82737, 1, 0, 0, 0, 1, 0
82738, 2, 0, 0, 0, 2, 0
82740, 0, 1, 1, 0, 0, 0
82741, 3, 1, 1, 0, 3, 0
82743, 1, 0, 0, 0, 1, 0
82746, 1, 0, 0, 0, 1, 0
82749, 1, 0, 0, 0, 1, 0
82750, 1, 0, 0, 0, 1, 0
82754, 2, 0, 0, 0, 1, 1
82757, 1, 0, 0, 0, 1, 0
82758, 0, 1, 1, 0, 0, 0
82770, 2, 0, 0, 0, 0, 2
82775, 5, 0, 0, 0, 4, 1
82776, 0, 1, 1, 0, 0, 0
82778, 1, 0, 0, 0, 1, 0
82779, 2, 0, 0, 0, 2, 0
82780, 0, 1, 1, 0, 0, 0
82781, 0, 1, 1, 0, 0, 0
82782, 1, 1, 1, 0, 1, 0
82785, 9, 0, 0, 0, 9, 0
82786, 1, 0, 0, 0, 1, 0
82787, 1, 0, 0, 0, 1, 0
82788, 0, 1, 1, 0, 0, 0
82790, 1, 0, 0, 0, 0, 1
82795, 2, 0, 0, 0, 2, 0
82803, 1, 0, 0, 0, 0, 1
82808, 1, 0, 0, 0, 1, 0
82809, 1, 0, 0, 0, 1, 0
82839, 2, 0, 0, 0, 2, 0
82840, 1, 0, 0, 0, 1, 0
82848, 2, 1, 1, 0, 2, 0
82855, 1, 0, 0, 0, 1, 0
82856, 1, 0, 0, 0, 1, 0
82858, 1, 0, 0, 0, 1, 0
82860, 4, 1, 1, 0, 4, 0
82861, 0, 1, 1, 0, 0, 0
82871, 6, 1, 1, 0, 6, 0
82872, 3, 1, 1, 0, 3, 0
82873, 1, 0, 0, 0, 0, 1
82874, 1, 0, 0, 0, 1, 0
82875, 1, 0, 0, 0, 1, 0
82877, 1, 0, 0, 0, 1, 0
82878, 1, 0, 0, 0, 1, 0
82879, 3, 0, 0, 0, 3, 0
118177, 0, 1, 1, 0, 0, 0
82880, 1, 0, 0, 0, 1, 0
82882, 1, 0, 0, 0, 1, 0
82883, 1, 0, 0, 0, 0, 1
82884, 1, 0, 0, 0, 1, 0
82892, 1, 0, 0, 0, 1, 0
82894, 0, 1, 1, 0, 0, 0
82895, 1, 1, 1, 0, 1, 0
82900, 1, 0, 0, 0, 1, 0
82901, 0, 1, 1, 0, 0, 0
82902, 1, 0, 0, 0, 1, 0
82904, 1, 0, 0, 0, 1, 0
82906, 3, 0, 0, 0, 3, 0
82907, 1, 0, 0, 0, 1, 0
82912, 5, 0, 0, 0, 5, 0
82913, 1, 0, 0, 0, 1, 0
82914, 1, 0, 0, 0, 1, 0
82916, 1, 0, 0, 0, 1, 0
82917, 1, 1, 1, 0, 1, 0
82918, 1, 1, 1, 0, 1, 0
82919, 1, 0, 0, 0, 1, 0
82920, 1, 0, 0, 0, 1, 0
82921, 0, 1, 1, 0, 0, 0
82947, 1, 0, 0, 0, 1, 0
82948, 0, 1, 1, 0, 0, 0
82949, 2, 1, 0, 1, 2, 0
82950, 6, 1, 1, 0, 6, 0
82951, 1, 0, 0, 0, 1, 0
82953, 2, 0, 0, 0, 2, 0
82954, 0, 1, 1, 0, 0, 0
82955, 2, 0, 0, 0, 2, 0
82956, 0, 1, 1, 0, 0, 0
82966, 1, 0, 0, 0, 1, 0
82970, 1, 0, 0, 0, 1, 0
82971, 1, 0, 0, 0, 0, 1
82972, 2, 2, 2, 0, 2, 0
82973, 1, 0, 0, 0, 0, 1
82974, 2, 0, 0, 0, 2, 0
82975, 3, 1, 1, 0, 3, 0
107291, 1, 1, 1, 0, 1, 0
126473, 0, 1, 1, 0, 0, 0
82976, 1, 0, 0, 0, 1, 0
82977, 1, 0, 0, 0, 0, 1
82981, 1, 0, 0, 0, 1, 0
82982, 1, 0, 0, 0, 1, 0
82983, 1, 0, 0, 0, 1, 0
82985, 1, 0, 0, 0, 1, 0
82988, 1, 1, 1, 0, 1, 0
82989, 3, 1, 1, 0, 3, 0
82990, 3, 0, 0, 0, 3, 0
82995, 1, 0, 0, 0, 1, 0
83001, 1, 0, 0, 0, 1, 0
83002, 3, 0, 0, 0, 3, 0
83004, 2, 2, 1, 1, 2, 0
83007, 1, 0, 0, 0, 1, 0
83008, 0, 1, 1, 0, 0, 0
83011, 1, 0, 0, 0, 1, 0
83012, 0, 1, 1, 0, 0, 0
83015, 0, 1, 1, 0, 0, 0
83016, 2, 0, 0, 0, 2, 0
83017, 0, 1, 1, 0, 0, 0
83018, 1, 0, 0, 0, 1, 0
83019, 1, 0, 0, 0, 1, 0
83025, 1, 0, 0, 0, 1, 0
83026, 1, 0, 0, 0, 1, 0
83029, 1, 0, 0, 0, 1, 0
83036, 1, 0, 0, 0, 1, 0
83037, 1, 0, 0, 0, 1, 0
83038, 0, 1, 1, 0, 0, 0
83039, 1, 0, 0, 0, 1, 0
83041, 1, 0, 0, 0, 1, 0
83042, 1, 0, 0, 0, 1, 0
83043, 1, 0, 0, 0, 1, 0
83044, 1, 0, 0, 0, 1, 0
83045, 2, 0, 0, 0, 2, 0
83320, 0, 1, 1, 0, 0, 0
83060, 1, 0, 0, 0, 1, 0
83061, 0, 1, 1, 0, 0, 0
83062, 1, 0, 0, 0, 1, 0
83064, 1, 0, 0, 0, 1, 0
83065, 0, 1, 1, 0, 0, 0
83066, 1, 0, 0, 0, 1, 0
83067, 1, 1, 1, 0, 1, 0
83078, 1, 1, 0, 1, 1, 0
83079, 1, 0, 0, 0, 0, 1
83080, 1, 0, 0, 0, 1, 0
83081, 1, 0, 0, 0, 1, 0
83082, 1, 0, 0, 0, 1, 0
83083, 1, 0, 0, 0, 1, 0
83085, 1, 0, 0, 0, 1, 0
83087, 2, 0, 0, 0, 2, 0
83088, 1, 0, 0, 0, 1, 0
83093, 1, 0, 0, 0, 1, 0
83094, 1, 0, 0, 0, 1, 0
83095, 2, 0, 0, 0, 2, 0
83096, 1, 0, 0, 0, 1, 0
83097, 1, 0, 0, 0, 1, 0
83099, 1, 0, 0, 0, 1, 0
83100, 1, 0, 0, 0, 1, 0
83101, 0, 1, 1, 0, 0, 0
83103, 1, 0, 0, 0, 1, 0
83104, 1, 0, 0, 0, 0, 1
83105, 1, 0, 0, 0, 1, 0
83106, 1, 0, 0, 0, 1, 0
83107, 0, 1, 1, 0, 0, 0
83113, 1, 0, 0, 0, 1, 0
83114, 2, 0, 0, 0, 2, 0
83115, 1, 0, 0, 0, 1, 0
83117, 1, 0, 0, 0, 1, 0
83118, 1, 0, 0, 0, 0, 1
83119, 1, 0, 0, 0, 1, 0
83121, 1, 0, 0, 0, 1, 0
83122, 4, 0, 0, 0, 3, 1
83124, 1, 0, 0, 0, 1, 0
83125, 1, 0, 0, 0, 1, 0
83126, 0, 1, 1, 0, 0, 0
83128, 3, 0, 0, 0, 3, 0
83129, 1, 0, 0, 0, 0, 1
83130, 1, 0, 0, 0, 1, 0
83131, 1, 0, 0, 0, 1, 0
83132, 1, 0, 0, 0, 1, 0
83133, 1, 0, 0, 0, 1, 0
83134, 1, 0, 0, 0, 1, 0
83135, 0, 1, 1, 0, 0, 0
89929, 1, 1, 1, 0, 1, 0
83141, 2, 0, 0, 0, 2, 0
83142, 1, 0, 0, 0, 1, 0
83143, 1, 0, 0, 0, 1, 0
83145, 1, 0, 0, 0, 1, 0
83146, 1, 0, 0, 0, 1, 0
83148, 3, 0, 0, 0, 2, 1
83149, 0, 1, 0, 1, 0, 0
83152, 1, 0, 0, 0, 1, 0
83153, 3, 0, 0, 0, 3, 0
83159, 1, 0, 0, 0, 1, 0
83160, 1, 0, 0, 0, 1, 0
83161, 1, 0, 0, 0, 1, 0
83162, 1, 0, 0, 0, 1, 0
83163, 1, 0, 0, 0, 1, 0
83165, 1, 0, 0, 0, 1, 0
83171, 1, 0, 0, 0, 1, 0
83172, 3, 0, 0, 0, 2, 1
83173, 0, 1, 1, 0, 0, 0
83175, 1, 0, 0, 0, 1, 0
83176, 1, 2, 2, 0, 0, 1
94387, 1, 1, 1, 0, 1, 0
83181, 1, 0, 0, 0, 1, 0
83182, 0, 1, 1, 0, 0, 0
83200, 0, 1, 1, 0, 0, 0
83201, 1, 0, 0, 0, 1, 0
83203, 1, 0, 0, 0, 1, 0
83205, 1, 0, 0, 0, 1, 0
83207, 1, 0, 0, 0, 1, 0
83209, 1, 0, 0, 0, 1, 0
83210, 1, 0, 0, 0, 1, 0
83211, 1, 0, 0, 0, 1, 0
83212, 1, 0, 0, 0, 1, 0
83213, 1, 0, 0, 0, 1, 0
117941, 0, 1, 1, 0, 0, 0
83217, 2, 0, 0, 0, 2, 0
83222, 1, 1, 1, 0, 1, 0
83223, 1, 0, 0, 0, 1, 0
83224, 0, 1, 1, 0, 0, 0
83225, 1, 0, 0, 0, 1, 0
83227, 6, 1, 1, 0, 6, 0
83228, 2, 0, 0, 0, 2, 0
83229, 3, 0, 0, 0, 3, 0
83233, 1, 0, 0, 0, 1, 0
83238, 1, 0, 0, 0, 1, 0
83239, 0, 1, 1, 0, 0, 0
83243, 1, 0, 0, 0, 1, 0
83245, 1, 0, 0, 0, 1, 0
83250, 1, 0, 0, 0, 1, 0
88815, 1, 1, 1, 0, 1, 0
83253, 1, 0, 0, 0, 1, 0
83254, 1, 0, 0, 0, 1, 0
83257, 1, 0, 0, 0, 1, 0
83259, 1, 0, 0, 0, 1, 0
83261, 1, 0, 0, 0, 1, 0
83263, 7, 0, 0, 0, 7, 0
83264, 1, 0, 0, 0, 1, 0
83265, 1, 0, 0, 0, 1, 0
83266, 1, 0, 0, 0, 1, 0
83268, 1, 0, 0, 0, 1, 0
83269, 1, 3, 3, 0, 1, 0
84237, 1, 1, 1, 0, 1, 0
83271, 1, 0, 0, 0, 1, 0
83272, 1, 1, 1, 0, 1, 0
83273, 1, 1, 1, 0, 1, 0
83274, 3, 0, 0, 0, 1, 2
83275, 3, 0, 0, 0, 3, 0
83283, 3, 0, 0, 0, 3, 0
83284, 0, 1, 1, 0, 0, 0
83285, 0, 1, 1, 0, 0, 0
83287, 1, 0, 0, 0, 1, 0
83288, 1, 1, 1, 0, 1, 0
83289, 1, 0, 0, 0, 1, 0
83290, 1, 0, 0, 0, 1, 0
83291, 1, 0, 0, 0, 1, 0
83294, 1, 0, 0, 0, 1, 0
83295, 0, 1, 1, 0, 0, 0
83296, 1, 0, 0, 0, 1, 0
83297, 0, 1, 1, 0, 0, 0
83298, 1, 0, 0, 0, 1, 0
83299, 0, 1, 1, 0, 0, 0
83305, 1, 1, 1, 0, 1, 0
83306, 5, 1, 1, 0, 5, 0
84139, 0, 1, 1, 0, 0, 0
84140, 0, 1, 1, 0, 0, 0
84141, 0, 1, 1, 0, 0, 0
83311, 1, 0, 0, 0, 1, 0
83312, 0, 1, 1, 0, 0, 0
83313, 1, 0, 0, 0, 1, 0
83314, 0, 1, 1, 0, 0, 0
83315, 1, 0, 0, 0, 1, 0
83316, 0, 1, 1, 0, 0, 0
83317, 1, 0, 0, 0, 1, 0
83318, 1, 0, 0, 0, 1, 0
83319, 1, 0, 0, 0, 1, 0
83321, 1, 0, 0, 0, 1, 0
83322, 1, 0, 0, 0, 1, 0
83323, 0, 1, 1, 0, 0, 0
83327, 1, 0, 0, 0, 1, 0
83328, 1, 0, 0, 0, 0, 1
83331, 1, 0, 0, 0, 1, 0
83333, 1, 0, 0, 0, 1, 0
83335, 1, 0, 0, 0, 1, 0
83337, 1, 0, 0, 0, 1, 0
83343, 2, 2, 2, 0, 2, 0
83344, 1, 1, 1, 0, 1, 0
83345, 1, 1, 1, 0, 1, 0
83347, 1, 1, 1, 0, 1, 0
83394, 0, 2, 2, 0, 0, 0
83348, 1, 1, 1, 0, 1, 0
83349, 1, 1, 1, 0, 1, 0
83350, 1, 0, 0, 0, 1, 0
83364, 2, 0, 0, 0, 2, 0
83365, 0, 1, 1, 0, 0, 0
83366, 0, 1, 1, 0, 0, 0
83367, 1, 0, 0, 0, 1, 0
83368, 1, 0, 0, 0, 1, 0
83371, 1, 0, 0, 0, 1, 0
83372, 1, 0, 0, 0, 1, 0
83373, 0, 1, 1, 0, 0, 0
83374, 1, 0, 0, 0, 1, 0
83375, 1, 0, 0, 0, 1, 0
83377, 1, 0, 0, 0, 1, 0
83379, 1, 0, 0, 0, 1, 0
83381, 4, 0, 0, 0, 4, 0
83382, 1, 0, 0, 0, 1, 0
83384, 1, 0, 0, 0, 1, 0
83386, 1, 1, 1, 0, 1, 0
83388, 1, 1, 1, 0, 1, 0
88239, 0, 1, 1, 0, 0, 0
83393, 1, 0, 0, 0, 1, 0
83395, 1, 0, 0, 0, 1, 0
83396, 2, 1, 1, 0, 2, 0
84176, 0, 1, 1, 0, 0, 0
83398, 1, 0, 0, 0, 1, 0
83399, 2, 0, 0, 0, 2, 0
83400, 1, 0, 0, 0, 1, 0
83401, 1, 0, 0, 0, 1, 0
83406, 1, 0, 0, 0, 1, 0
83407, 2, 0, 0, 0, 2, 0
83408, 1, 0, 0, 0, 1, 0
83409, 1, 0, 0, 0, 1, 0
83410, 1, 0, 0, 0, 1, 0
83411, 0, 1, 1, 0, 0, 0
83413, 3, 0, 0, 0, 3, 0
83415, 1, 0, 0, 0, 1, 0
83416, 1, 0, 0, 0, 1, 0
83417, 0, 1, 1, 0, 0, 0
83418, 1, 0, 0, 0, 1, 0
83419, 0, 1, 1, 0, 0, 0
83420, 1, 0, 0, 0, 1, 0
83421, 1, 0, 0, 0, 1, 0
83556, 0, 1, 1, 0, 0, 0
83557, 0, 1, 1, 0, 0, 0
83431, 1, 0, 0, 0, 1, 0
83433, 0, 1, 1, 0, 0, 0
83434, 0, 1, 1, 0, 0, 0
83435, 0, 1, 1, 0, 0, 0
83436, 0, 1, 1, 0, 0, 0
83442, 1, 0, 0, 0, 1, 0
83446, 1, 0, 0, 0, 1, 0
83447, 0, 1, 1, 0, 0, 0
83448, 4, 0, 0, 0, 4, 0
83450, 1, 0, 0, 0, 1, 0
83452, 0, 1, 1, 0, 0, 0
83453, 1, 0, 0, 0, 1, 0
83455, 1, 0, 0, 0, 1, 0
83461, 1, 0, 0, 0, 1, 0
83462, 1, 0, 0, 0, 1, 0
83463, 2, 0, 0, 0, 2, 0
83466, 1, 0, 0, 0, 1, 0
83467, 0, 1, 1, 0, 0, 0
83470, 3, 0, 0, 0, 3, 0
83471, 0, 1, 1, 0, 0, 0
83474, 1, 0, 0, 0, 1, 0
83475, 1, 0, 0, 0, 1, 0
83476, 0, 1, 1, 0, 0, 0
83477, 3, 0, 0, 0, 3, 0
83478, 3, 0, 0, 0, 3, 0
83479, 1, 0, 0, 0, 1, 0
83480, 2, 0, 0, 0, 2, 0
83485, 1, 0, 0, 0, 1, 0
83489, 1, 0, 0, 0, 1, 0
83490, 1, 1, 1, 0, 1, 0
83493, 1, 1, 1, 0, 1, 0
83497, 1, 0, 0, 0, 1, 0
83498, 1, 1, 1, 0, 1, 0
83499, 1, 1, 1, 0, 1, 0
83500, 1, 0, 0, 0, 1, 0
83501, 5, 0, 0, 0, 5, 0
83502, 0, 1, 1, 0, 0, 0
83506, 1, 0, 0, 0, 0, 1
83508, 1, 0, 0, 0, 1, 0
83509, 2, 0, 0, 0, 1, 1
83511, 1, 0, 0, 0, 1, 0
83512, 0, 1, 1, 0, 0, 0
83513, 1, 0, 0, 0, 1, 0
83514, 1, 0, 0, 0, 1, 0
83515, 1, 0, 0, 0, 1, 0
83516, 1, 0, 0, 0, 1, 0
83518, 2, 0, 0, 0, 2, 0
83519, 1, 0, 0, 0, 1, 0
83520, 1, 1, 1, 0, 1, 0
83521, 1, 1, 1, 0, 1, 0
83524, 1, 0, 0, 0, 1, 0
83525, 1, 0, 0, 0, 1, 0
83526, 0, 1, 1, 0, 0, 0
83527, 1, 0, 0, 0, 1, 0
83528, 1, 1, 1, 0, 0, 1
83529, 1, 0, 0, 0, 1, 0
83531, 1, 0, 0, 0, 1, 0
83532, 0, 1, 1, 0, 0, 0
83533, 6, 0, 0, 0, 5, 1
84086, 0, 1, 1, 0, 0, 0
83537, 1, 0, 0, 0, 1, 0
83538, 1, 0, 0, 0, 1, 0
83540, 2, 0, 0, 0, 2, 0
83541, 1, 0, 0, 0, 1, 0
83543, 1, 0, 0, 0, 1, 0
83546, 1, 0, 0, 0, 1, 0
83547, 1, 0, 0, 0, 0, 1
83548, 1, 0, 0, 0, 0, 1
83550, 1, 0, 0, 0, 1, 0
83551, 1, 1, 1, 0, 1, 0
83553, 1, 0, 0, 0, 1, 0
83554, 0, 1, 1, 0, 0, 0
83555, 1, 0, 0, 0, 1, 0
83560, 1, 0, 0, 0, 1, 0
83561, 0, 1, 1, 0, 0, 0
83562, 1, 0, 0, 0, 1, 0
83563, 1, 0, 0, 0, 1, 0
83564, 3, 0, 0, 0, 3, 0
83567, 1, 0, 0, 0, 1, 0
83568, 3, 2, 2, 0, 3, 0
83571, 0, 1, 1, 0, 0, 0
83572, 1, 0, 0, 0, 1, 0
83573, 1, 0, 0, 0, 1, 0
83574, 1, 0, 0, 0, 1, 0
83575, 1, 0, 0, 0, 1, 0
83576, 1, 0, 0, 0, 1, 0
83577, 2, 3, 3, 0, 2, 0
84520, 1, 1, 1, 0, 1, 0
85735, 0, 1, 1, 0, 0, 0
83578, 4, 0, 0, 0, 4, 0
83579, 1, 0, 0, 0, 1, 0
83584, 1, 1, 1, 0, 1, 0
83585, 1, 0, 0, 0, 1, 0
83588, 1, 1, 1, 0, 1, 0
83589, 2, 1, 1, 0, 2, 0
83593, 3, 0, 0, 0, 3, 0
83607, 1, 0, 0, 0, 1, 0
83610, 1, 0, 0, 0, 0, 1
83611, 1, 0, 0, 0, 1, 0
83612, 0, 1, 1, 0, 0, 0
83613, 1, 0, 0, 0, 1, 0
83614, 0, 1, 1, 0, 0, 0
83615, 1, 0, 0, 0, 1, 0
83616, 1, 0, 0, 0, 1, 0
83618, 1, 0, 0, 0, 1, 0
83621, 1, 0, 0, 0, 1, 0
83623, 1, 0, 0, 0, 0, 1
83624, 2, 0, 0, 0, 2, 0
83625, 8, 0, 0, 0, 8, 0
83626, 0, 2, 1, 1, 0, 0
83627, 1, 0, 0, 0, 1, 0
83629, 2, 0, 0, 0, 1, 1
83630, 1, 0, 0, 0, 1, 0
83632, 1, 1, 1, 0, 1, 0
83633, 1, 1, 1, 0, 1, 0
83635, 1, 0, 0, 0, 1, 0
83647, 1, 0, 0, 0, 1, 0
83648, 0, 2, 2, 0, 0, 0
83649, 1, 0, 0, 0, 1, 0
83650, 1, 0, 0, 0, 1, 0
83653, 1, 0, 0, 0, 1, 0
83654, 1, 1, 1, 0, 1, 0
83655, 4, 2, 2, 0, 4, 0
90721, 1, 1, 1, 0, 1, 0
90815, 0, 1, 1, 0, 0, 0
83656, 1, 0, 0, 0, 1, 0
83660, 1, 0, 0, 0, 1, 0
83661, 1, 0, 0, 0, 1, 0
83662, 1, 0, 0, 0, 1, 0
83664, 1, 0, 0, 0, 1, 0
84326, 1, 1, 1, 0, 1, 0
84365, 1, 1, 1, 0, 1, 0
83668, 1, 0, 0, 0, 1, 0
83669, 0, 1, 1, 0, 0, 0
83670, 1, 0, 0, 0, 1, 0
83677, 1, 0, 0, 0, 0, 1
83684, 0, 1, 1, 0, 0, 0
83696, 1, 0, 0, 0, 1, 0
83697, 1, 0, 0, 0, 1, 0
87518, 0, 1, 1, 0, 0, 0
85133, 0, 1, 1, 0, 0, 0
83705, 1, 0, 0, 0, 1, 0
83707, 2, 1, 1, 0, 1, 1
83709, 1, 0, 0, 0, 1, 0
83710, 0, 1, 1, 0, 0, 0
83711, 5, 1, 1, 0, 4, 1
83712, 0, 1, 1, 0, 0, 0
83713, 1, 0, 0, 0, 1, 0
83714, 1, 0, 0, 0, 1, 0
83723, 1, 0, 0, 0, 1, 0
83724, 1, 0, 0, 0, 1, 0
83725, 0, 1, 1, 0, 0, 0
83726, 1, 1, 1, 0, 1, 0
83727, 1, 1, 1, 0, 1, 0
83728, 1, 0, 0, 0, 1, 0
83729, 1, 0, 0, 0, 1, 0
85636, 0, 1, 1, 0, 0, 0
85637, 0, 1, 1, 0, 0, 0
85639, 2, 1, 1, 0, 2, 0
83747, 4, 0, 0, 0, 3, 1
83748, 2, 0, 0, 0, 0, 2
103111, 0, 1, 0, 1, 0, 0
83749, 1, 0, 0, 0, 1, 0
83750, 1, 0, 0, 0, 1, 0
83751, 2, 0, 0, 0, 2, 0
83753, 1, 0, 0, 0, 1, 0
83754, 0, 1, 1, 0, 0, 0
83755, 1, 0, 0, 0, 1, 0
83760, 1, 0, 0, 0, 1, 0
83765, 1, 0, 0, 0, 1, 0
83770, 1, 0, 0, 0, 1, 0
83771, 3, 1, 1, 0, 3, 0
83772, 1, 0, 0, 0, 1, 0
83774, 1, 0, 0, 0, 1, 0
83775, 0, 1, 1, 0, 0, 0
83826, 1, 0, 0, 0, 1, 0
83827, 1, 0, 0, 0, 1, 0
83828, 1, 0, 0, 0, 1, 0
83829, 1, 0, 0, 0, 1, 0
83832, 1, 0, 0, 0, 1, 0
83833, 1, 0, 0, 0, 1, 0
83834, 2, 0, 0, 0, 2, 0
83843, 2, 0, 0, 0, 0, 2
83847, 0, 1, 1, 0, 0, 0
83850, 1, 0, 0, 0, 1, 0
83851, 0, 1, 1, 0, 0, 0
83854, 1, 0, 0, 0, 1, 0
83855, 0, 1, 1, 0, 0, 0
83856, 1, 0, 0, 0, 1, 0
83857, 1, 0, 0, 0, 1, 0
83859, 5, 1, 1, 0, 4, 1
83861, 2, 2, 2, 0, 2, 0
113326, 1, 1, 1, 0, 1, 0
83862, 1, 0, 0, 0, 1, 0
83863, 1, 0, 0, 0, 1, 0
83864, 1, 0, 0, 0, 1, 0
86344, 2, 1, 1, 0, 2, 0
83877, 1, 0, 0, 0, 1, 0
83878, 0, 1, 1, 0, 0, 0
83880, 1, 0, 0, 0, 1, 0
83882, 1, 0, 0, 0, 1, 0
83883, 1, 0, 0, 0, 1, 0
83884, 1, 0, 0, 0, 1, 0
83885, 0, 1, 1, 0, 0, 0
83890, 1, 1, 1, 0, 1, 0
83891, 1, 1, 1, 0, 1, 0
83892, 1, 0, 0, 0, 1, 0
83895, 1, 0, 0, 0, 1, 0
83896, 1, 0, 0, 0, 1, 0
83897, 1, 0, 0, 0, 1, 0
83898, 0, 1, 1, 0, 0, 0
83900, 0, 1, 1, 0, 0, 0
83901, 1, 0, 0, 0, 1, 0
83903, 2, 0, 0, 0, 2, 0
83904, 1, 0, 0, 0, 1, 0
83905, 0, 2, 2, 0, 0, 0
83907, 1, 0, 0, 0, 1, 0
83908, 1, 0, 0, 0, 1, 0
83909, 1, 0, 0, 0, 1, 0
83910, 1, 0, 0, 0, 1, 0
83911, 0, 1, 1, 0, 0, 0
83912, 1, 0, 0, 0, 1, 0
83913, 1, 0, 0, 0, 1, 0
83914, 1, 0, 0, 0, 1, 0
83915, 0, 1, 1, 0, 0, 0
83916, 1, 0, 0, 0, 1, 0
83917, 1, 0, 0, 0, 1, 0
83921, 1, 0, 0, 0, 1, 0
83922, 1, 1, 1, 0, 1, 0
83923, 2, 0, 0, 0, 2, 0
83924, 2, 0, 0, 0, 2, 0
83925, 0, 1, 1, 0, 0, 0
83926, 0, 1, 1, 0, 0, 0
83928, 1, 0, 0, 0, 1, 0
83930, 1, 0, 0, 0, 1, 0
83931, 0, 1, 1, 0, 0, 0
83932, 1, 0, 0, 0, 1, 0
83933, 1, 0, 0, 0, 1, 0
83934, 0, 1, 1, 0, 0, 0
83935, 1, 0, 0, 0, 1, 0
83936, 1, 0, 0, 0, 1, 0
83938, 1, 0, 0, 0, 1, 0
83939, 0, 1, 1, 0, 0, 0
83940, 1, 0, 0, 0, 1, 0
83952, 0, 1, 1, 0, 0, 0
83943, 5, 0, 0, 0, 3, 2
83944, 0, 1, 1, 0, 0, 0
83945, 12, 0, 0, 0, 12, 0
83946, 0, 1, 1, 0, 0, 0
83947, 0, 1, 1, 0, 0, 0
83948, 0, 1, 1, 0, 0, 0
83950, 1, 0, 0, 0, 1, 0
83951, 0, 1, 1, 0, 0, 0
83955, 1, 0, 0, 0, 1, 0
83956, 0, 1, 1, 0, 0, 0
83958, 3, 0, 0, 0, 3, 0
83959, 1, 0, 0, 0, 1, 0
83960, 0, 1, 1, 0, 0, 0
83972, 1, 0, 0, 0, 1, 0
83973, 1, 0, 0, 0, 0, 1
83974, 2, 0, 0, 0, 2, 0
83975, 1, 0, 0, 0, 1, 0
83976, 0, 1, 1, 0, 0, 0
83977, 1, 0, 0, 0, 1, 0
83978, 1, 0, 0, 0, 1, 0
83979, 1, 0, 0, 0, 1, 0
83985, 1, 0, 0, 0, 1, 0
83999, 4, 1, 1, 0, 4, 0
84002, 3, 2, 2, 0, 3, 0
84003, 0, 1, 1, 0, 0, 0
85093, 0, 2, 2, 0, 0, 0
84005, 1, 0, 0, 0, 1, 0
84006, 0, 1, 1, 0, 0, 0
84007, 1, 0, 0, 0, 1, 0
84008, 1, 0, 0, 0, 0, 1
84013, 1, 0, 0, 0, 1, 0
84014, 10, 0, 0, 0, 7, 3
84015, 0, 1, 0, 1, 0, 0
84017, 0, 1, 1, 0, 0, 0
84021, 1, 0, 0, 0, 1, 0
84024, 1, 0, 0, 0, 1, 0
84026, 1, 0, 0, 0, 0, 1
84027, 3, 0, 0, 0, 3, 0
84032, 1, 0, 0, 0, 1, 0
84033, 1, 0, 0, 0, 1, 0
84034, 1, 0, 0, 0, 1, 0
84035, 1, 0, 0, 0, 1, 0
84038, 1, 0, 0, 0, 1, 0
84042, 1, 0, 0, 0, 1, 0
84043, 0, 1, 1, 0, 0, 0
84047, 1, 0, 0, 0, 1, 0
84048, 0, 1, 1, 0, 0, 0
84049, 1, 0, 0, 0, 1, 0
84050, 1, 0, 0, 0, 1, 0
84051, 3, 0, 0, 0, 3, 0
84052, 0, 1, 1, 0, 0, 0
84053, 2, 0, 0, 0, 2, 0
84054, 0, 1, 1, 0, 0, 0
88890, 0, 1, 1, 0, 0, 0
88891, 0, 1, 1, 0, 0, 0
118286, 0, 1, 0, 1, 0, 0
91041, 0, 1, 1, 0, 0, 0
84087, 1, 0, 0, 0, 1, 0
84088, 0, 1, 1, 0, 0, 0
84089, 1, 0, 0, 0, 1, 0
84091, 1, 0, 0, 0, 1, 0
84092, 1, 0, 0, 0, 0, 1
84106, 2, 0, 0, 0, 2, 0
84107, 2, 1, 1, 0, 2, 0
84108, 2, 0, 0, 0, 2, 0
84109, 1, 0, 0, 0, 1, 0
84110, 0, 2, 2, 0, 0, 0
84111, 1, 0, 0, 0, 1, 0
84113, 1, 0, 0, 0, 1, 0
84114, 1, 0, 0, 0, 1, 0
84116, 2, 0, 0, 0, 0, 2
84117, 1, 0, 0, 0, 1, 0
84267, 0, 1, 1, 0, 0, 0
84122, 1, 0, 0, 0, 1, 0
84123, 0, 1, 1, 0, 0, 0
84124, 1, 0, 0, 0, 1, 0
84125, 1, 0, 0, 0, 0, 1
84131, 1, 1, 1, 0, 1, 0
84217, 0, 1, 1, 0, 0, 0
84310, 1, 2, 1, 1, 1, 0
84142, 1, 0, 0, 0, 1, 0
84146, 1, 0, 0, 0, 1, 0
84147, 1, 0, 0, 0, 1, 0
86366, 0, 1, 1, 0, 0, 0
86367, 0, 1, 1, 0, 0, 0
84150, 1, 0, 0, 0, 1, 0
84152, 2, 0, 0, 0, 2, 0
84156, 5, 0, 0, 0, 5, 0
84157, 1, 0, 0, 0, 0, 1
84158, 0, 1, 0, 1, 0, 0
84159, 1, 0, 0, 0, 0, 1
84161, 1, 0, 0, 0, 1, 0
84162, 1, 1, 1, 0, 1, 0
86033, 0, 1, 1, 0, 0, 0
84163, 1, 0, 0, 0, 1, 0
84164, 0, 1, 1, 0, 0, 0
84165, 1, 0, 0, 0, 1, 0
84166, 1, 0, 0, 0, 1, 0
84167, 1, 0, 0, 0, 1, 0
84170, 1, 0, 0, 0, 1, 0
84173, 1, 0, 0, 0, 1, 0
84174, 1, 0, 0, 0, 1, 0
84596, 0, 1, 1, 0, 0, 0
84181, 1, 0, 0, 0, 1, 0
84185, 1, 0, 0, 0, 1, 0
84186, 1, 0, 0, 0, 0, 1
84188, 1, 0, 0, 0, 1, 0
84189, 1, 0, 0, 0, 1, 0
84190, 0, 1, 1, 0, 0, 0
84191, 1, 0, 0, 0, 1, 0
84192, 0, 1, 1, 0, 0, 0
84194, 1, 0, 0, 0, 1, 0
84195, 9, 0, 0, 0, 9, 0
84196, 1, 0, 0, 0, 1, 0
84198, 1, 0, 0, 0, 1, 0
84200, 1, 0, 0, 0, 1, 0
84201, 1, 0, 0, 0, 1, 0
84202, 1, 0, 0, 0, 1, 0
84204, 1, 0, 0, 0, 1, 0
84205, 1, 0, 0, 0, 1, 0
84206, 0, 1, 1, 0, 0, 0
84207, 1, 1, 1, 0, 1, 0
84210, 1, 0, 0, 0, 1, 0
84211, 1, 0, 0, 0, 0, 1
84216, 1, 0, 0, 0, 1, 0
84218, 6, 0, 0, 0, 5, 1
84219, 1, 0, 0, 0, 1, 0
84220, 0, 1, 1, 0, 0, 0
84221, 1, 0, 0, 0, 1, 0
84222, 1, 0, 0, 0, 1, 0
84223, 1, 0, 0, 0, 1, 0
84224, 1, 0, 0, 0, 1, 0
84227, 1, 0, 0, 0, 1, 0
84228, 0, 1, 1, 0, 0, 0
84231, 0, 1, 1, 0, 0, 0
84232, 1, 0, 0, 0, 1, 0
84233, 1, 0, 0, 0, 1, 0
84235, 1, 0, 0, 0, 1, 0
84236, 0, 1, 1, 0, 0, 0
84242, 1, 1, 1, 0, 1, 0
84243, 1, 1, 1, 0, 1, 0
84245, 2, 0, 0, 0, 2, 0
84254, 2, 0, 0, 0, 2, 0
84265, 1, 0, 0, 0, 1, 0
84266, 0, 1, 1, 0, 0, 0
84268, 1, 0, 0, 0, 1, 0
84269, 1, 0, 0, 0, 1, 0
84270, 1, 0, 0, 0, 1, 0
84273, 2, 0, 0, 0, 2, 0
84278, 1, 0, 0, 0, 1, 0
84279, 1, 0, 0, 0, 1, 0
84280, 0, 1, 1, 0, 0, 0
84285, 1, 0, 0, 0, 1, 0
84286, 2, 0, 0, 0, 2, 0
84287, 1, 0, 0, 0, 1, 0
84288, 0, 1, 1, 0, 0, 0
84289, 1, 0, 0, 0, 1, 0
84290, 0, 1, 1, 0, 0, 0
84292, 4, 0, 0, 0, 4, 0
84293, 2, 0, 0, 0, 2, 0
84294, 1, 0, 0, 0, 1, 0
84296, 1, 0, 0, 0, 1, 0
84297, 0, 1, 1, 0, 0, 0
84303, 1, 0, 0, 0, 1, 0
84305, 1, 0, 0, 0, 1, 0
84306, 0, 2, 2, 0, 0, 0
84311, 2, 0, 0, 0, 2, 0
84312, 1, 0, 0, 0, 1, 0
84313, 0, 1, 1, 0, 0, 0
84317, 1, 0, 0, 0, 1, 0
84318, 1, 0, 0, 0, 1, 0
84319, 0, 1, 1, 0, 0, 0
84320, 1, 0, 0, 0, 1, 0
84323, 1, 0, 0, 0, 1, 0
84325, 1, 0, 0, 0, 1, 0
84327, 1, 0, 0, 0, 1, 0
84328, 1, 0, 0, 0, 1, 0
84329, 1, 1, 1, 0, 1, 0
84330, 1, 1, 1, 0, 1, 0
84335, 1, 0, 0, 0, 1, 0
84336, 1, 0, 0, 0, 1, 0
84338, 1, 0, 0, 0, 1, 0
84340, 1, 0, 0, 0, 1, 0
84341, 1, 0, 0, 0, 1, 0
84342, 1, 0, 0, 0, 0, 1
84344, 1, 0, 0, 0, 1, 0
84345, 1, 0, 0, 0, 1, 0
84347, 1, 0, 0, 0, 1, 0
84348, 1, 0, 0, 0, 1, 0
84352, 3, 0, 0, 0, 3, 0
84354, 2, 0, 0, 0, 2, 0
84355, 1, 0, 0, 0, 1, 0
84356, 0, 1, 1, 0, 0, 0
84357, 1, 0, 0, 0, 1, 0
84358, 1, 0, 0, 0, 1, 0
84359, 1, 0, 0, 0, 1, 0
84360, 1, 1, 1, 0, 1, 0
84361, 2, 2, 2, 0, 2, 0
84362, 1, 0, 0, 0, 1, 0
84366, 1, 0, 0, 0, 1, 0
84367, 1, 0, 0, 0, 1, 0
84368, 1, 0, 0, 0, 1, 0
84371, 1, 0, 0, 0, 1, 0
84372, 1, 0, 0, 0, 1, 0
84373, 0, 1, 1, 0, 0, 0
84375, 1, 0, 0, 0, 1, 0
84376, 3, 0, 0, 0, 3, 0
84388, 2, 0, 0, 0, 2, 0
84389, 0, 1, 1, 0, 0, 0
84390, 1, 0, 0, 0, 1, 0
84391, 1, 1, 1, 0, 1, 0
84392, 1, 1, 1, 0, 1, 0
84393, 1, 0, 0, 0, 1, 0
84394, 1, 0, 0, 0, 1, 0
84395, 1, 0, 0, 0, 1, 0
84396, 1, 0, 0, 0, 1, 0
84397, 1, 0, 0, 0, 1, 0
84400, 1, 0, 0, 0, 1, 0
84402, 2, 0, 0, 0, 2, 0
84404, 1, 0, 0, 0, 1, 0
84409, 4, 0, 0, 0, 3, 1
84410, 0, 1, 0, 1, 0, 0
84413, 1, 0, 0, 0, 1, 0
84417, 0, 1, 1, 0, 0, 0
84420, 0, 1, 1, 0, 0, 0
84424, 1, 0, 0, 0, 1, 0
84425, 3, 0, 0, 0, 3, 0
84426, 0, 1, 1, 0, 0, 0
84429, 2, 0, 0, 0, 2, 0
84430, 1, 1, 1, 0, 1, 0
84432, 1, 0, 0, 0, 1, 0
84433, 1, 0, 0, 0, 0, 1
84464, 1, 0, 0, 0, 1, 0
84466, 1, 0, 0, 0, 1, 0
84470, 1, 0, 0, 0, 1, 0
84481, 0, 1, 1, 0, 0, 0
84472, 1, 0, 0, 0, 1, 0
84473, 0, 1, 1, 0, 0, 0
84475, 1, 0, 0, 0, 1, 0
84477, 1, 0, 0, 0, 1, 0
84478, 1, 0, 0, 0, 1, 0
84479, 1, 0, 0, 0, 0, 1
84480, 0, 1, 0, 1, 0, 0
84483, 1, 0, 0, 0, 1, 0
84485, 2, 0, 0, 0, 2, 0
84487, 1, 0, 0, 0, 1, 0
84488, 0, 1, 1, 0, 0, 0
84489, 1, 0, 0, 0, 1, 0
84490, 0, 1, 1, 0, 0, 0
84493, 1, 0, 0, 0, 1, 0
84494, 1, 0, 0, 0, 1, 0
84495, 0, 1, 1, 0, 0, 0
84498, 1, 0, 0, 0, 1, 0
84499, 0, 1, 1, 0, 0, 0
84500, 1, 0, 0, 0, 1, 0
84501, 1, 0, 0, 0, 1, 0
84509, 1, 0, 0, 0, 1, 0
84511, 1, 0, 0, 0, 1, 0
84512, 1, 1, 1, 0, 1, 0
84516, 2, 0, 0, 0, 2, 0
84521, 1, 0, 0, 0, 1, 0
84523, 1, 0, 0, 0, 1, 0
84524, 1, 0, 0, 0, 1, 0
84525, 1, 1, 1, 0, 1, 0
84526, 1, 0, 0, 0, 1, 0
84527, 0, 1, 1, 0, 0, 0
84529, 1, 0, 0, 0, 1, 0
84530, 0, 1, 1, 0, 0, 0
84531, 1, 1, 1, 0, 1, 0
84534, 1, 0, 0, 0, 1, 0
84535, 0, 2, 2, 0, 0, 0
84536, 1, 0, 0, 0, 1, 0
84537, 1, 0, 0, 0, 1, 0
84538, 1, 0, 0, 0, 1, 0
84539, 1, 1, 1, 0, 1, 0
84540, 1, 1, 1, 0, 1, 0
84542, 1, 0, 0, 0, 1, 0
84543, 2, 0, 0, 0, 0, 2
84544, 1, 1, 1, 0, 1, 0
111504, 0, 1, 1, 0, 0, 0
84547, 1, 0, 0, 0, 1, 0
84548, 1, 0, 0, 0, 1, 0
84550, 1, 0, 0, 0, 1, 0
84552, 1, 0, 0, 0, 1, 0
84553, 1, 0, 0, 0, 1, 0
84557, 1, 0, 0, 0, 1, 0
84558, 0, 1, 1, 0, 0, 0
84559, 1, 0, 0, 0, 1, 0
84561, 1, 0, 0, 0, 1, 0
84562, 0, 1, 1, 0, 0, 0
84563, 1, 0, 0, 0, 1, 0
84565, 1, 0, 0, 0, 1, 0
84566, 1, 0, 0, 0, 1, 0
84568, 0, 1, 1, 0, 0, 0
84569, 3, 0, 0, 0, 3, 0
84570, 0, 1, 1, 0, 0, 0
84571, 0, 1, 1, 0, 0, 0
84572, 0, 1, 1, 0, 0, 0
84574, 1, 0, 0, 0, 1, 0
84575, 1, 0, 0, 0, 1, 0
84576, 0, 1, 1, 0, 0, 0
84577, 3, 0, 0, 0, 3, 0
84578, 1, 0, 0, 0, 1, 0
84583, 1, 0, 0, 0, 1, 0
84584, 0, 1, 1, 0, 0, 0
84585, 1, 0, 0, 0, 1, 0
84589, 1, 0, 0, 0, 1, 0
84590, 0, 1, 1, 0, 0, 0
84592, 1, 0, 0, 0, 1, 0
84594, 1, 1, 1, 0, 1, 0
84595, 1, 1, 1, 0, 1, 0
84597, 1, 0, 0, 0, 1, 0
84598, 1, 0, 0, 0, 1, 0
84599, 1, 0, 0, 0, 1, 0
84600, 0, 1, 1, 0, 0, 0
84603, 1, 0, 0, 0, 1, 0
84604, 0, 1, 1, 0, 0, 0
84605, 2, 2, 2, 0, 2, 0
84607, 1, 0, 0, 0, 1, 0
84611, 1, 0, 0, 0, 1, 0
84614, 1, 1, 1, 0, 1, 0
84615, 2, 1, 0, 1, 1, 1
84616, 1, 0, 0, 0, 1, 0
84617, 0, 1, 1, 0, 0, 0
84621, 1, 0, 0, 0, 1, 0
84623, 1, 2, 2, 0, 1, 0
84624, 6, 1, 1, 0, 6, 0
84625, 1, 0, 0, 0, 1, 0
84628, 1, 0, 0, 0, 1, 0
84629, 1, 0, 0, 0, 1, 0
84631, 1, 0, 0, 0, 1, 0
84632, 1, 0, 0, 0, 1, 0
84633, 1, 1, 1, 0, 1, 0
84634, 1, 1, 1, 0, 1, 0
84640, 1, 0, 0, 0, 1, 0
84641, 0, 1, 1, 0, 0, 0
84642, 3, 0, 0, 0, 3, 0
84643, 0, 1, 1, 0, 0, 0
84645, 2, 1, 1, 0, 2, 0
84649, 1, 0, 0, 0, 1, 0
84650, 0, 1, 1, 0, 0, 0
84651, 3, 0, 0, 0, 3, 0
84654, 1, 0, 0, 0, 1, 0
84655, 0, 1, 1, 0, 0, 0
84656, 6, 0, 0, 0, 6, 0
84657, 2, 3, 3, 0, 2, 0
84960, 1, 1, 1, 0, 1, 0
85450, 0, 1, 1, 0, 0, 0
84659, 1, 0, 0, 0, 1, 0
84661, 1, 0, 0, 0, 0, 1
84662, 3, 0, 0, 0, 3, 0
84663, 0, 1, 1, 0, 0, 0
84664, 1, 0, 0, 0, 1, 0
84665, 1, 1, 1, 0, 1, 0
85682, 0, 1, 1, 0, 0, 0
84666, 1, 0, 0, 0, 1, 0
84670, 1, 0, 0, 0, 1, 0
84672, 1, 0, 0, 0, 1, 0
84673, 0, 1, 1, 0, 0, 0
84674, 1, 0, 0, 0, 1, 0
84675, 1, 0, 0, 0, 1, 0
84677, 1, 0, 0, 0, 1, 0
84678, 1, 0, 0, 0, 1, 0
84679, 1, 0, 0, 0, 1, 0
84680, 1, 0, 0, 0, 1, 0
84681, 0, 1, 1, 0, 0, 0
84682, 1, 1, 1, 0, 1, 0
84683, 1, 0, 0, 0, 1, 0
84684, 1, 1, 1, 0, 1, 0
84685, 1, 0, 0, 0, 1, 0
84686, 3, 0, 0, 0, 2, 1
84687, 2, 1, 0, 1, 2, 0
84689, 0, 1, 1, 0, 0, 0
84690, 1, 0, 0, 0, 1, 0
84691, 1, 0, 0, 0, 1, 0
84692, 1, 1, 1, 0, 1, 0
84693, 1, 1, 1, 0, 1, 0
84694, 1, 0, 0, 0, 1, 0
84696, 1, 3, 3, 0, 1, 0
84697, 3, 3, 3, 0, 3, 0
85027, 3, 1, 1, 0, 3, 0
84698, 1, 1, 1, 0, 1, 0
84699, 1, 0, 0, 0, 1, 0
84718, 2, 0, 0, 0, 2, 0
84720, 1, 0, 0, 0, 1, 0
84721, 4, 0, 0, 0, 4, 0
84723, 1, 0, 0, 0, 1, 0
84724, 0, 1, 1, 0, 0, 0
84725, 1, 0, 0, 0, 1, 0
84726, 3, 0, 0, 0, 3, 0
84727, 0, 1, 1, 0, 0, 0
84728, 3, 1, 1, 0, 3, 0
84729, 2, 1, 0, 1, 2, 0
84730, 2, 0, 0, 0, 2, 0
84731, 0, 1, 1, 0, 0, 0
84732, 1, 0, 0, 0, 1, 0
84733, 2, 0, 0, 0, 2, 0
84735, 1, 0, 0, 0, 1, 0
84736, 1, 0, 0, 0, 1, 0
84737, 2, 0, 0, 0, 2, 0
84741, 2, 1, 1, 0, 2, 0
84743, 1, 0, 0, 0, 1, 0
84750, 1, 0, 0, 0, 1, 0
84753, 1, 0, 0, 0, 1, 0
84755, 3, 0, 0, 0, 3, 0
84760, 1, 1, 1, 0, 1, 0
84761, 1, 1, 1, 0, 1, 0
84763, 1, 0, 0, 0, 1, 0
84764, 0, 1, 1, 0, 0, 0
84767, 1, 0, 0, 0, 1, 0
84768, 0, 3, 3, 0, 0, 0
91750, 0, 1, 1, 0, 0, 0
84773, 1, 0, 0, 0, 1, 0
84774, 1, 0, 0, 0, 1, 0
88736, 1, 1, 1, 0, 1, 0
103412, 0, 1, 1, 0, 0, 0
85989, 0, 1, 1, 0, 0, 0
85990, 0, 1, 1, 0, 0, 0
87730, 0, 1, 1, 0, 0, 0
87731, 0, 1, 1, 0, 0, 0
89479, 1, 1, 1, 0, 1, 0
86636, 2, 1, 1, 0, 2, 0
86062, 0, 1, 1, 0, 0, 0
84934, 1, 0, 0, 0, 1, 0
84936, 1, 0, 0, 0, 1, 0
84937, 1, 0, 0, 0, 1, 0
84938, 2, 0, 0, 0, 2, 0
85422, 1, 2, 1, 1, 1, 0
84943, 1, 0, 0, 0, 1, 0
84944, 1, 0, 0, 0, 1, 0
84945, 0, 1, 1, 0, 0, 0
106072, 1, 1, 1, 0, 1, 0
84951, 1, 0, 0, 0, 1, 0
84953, 2, 0, 0, 0, 2, 0
84954, 1, 0, 0, 0, 1, 0
84955, 0, 1, 1, 0, 0, 0
84956, 1, 0, 0, 0, 1, 0
84957, 0, 1, 1, 0, 0, 0
84965, 1, 1, 1, 0, 1, 0
86081, 0, 1, 1, 0, 0, 0
84959, 1, 0, 0, 0, 0, 1
84961, 1, 0, 0, 0, 1, 0
84962, 2, 1, 1, 0, 2, 0
86131, 0, 1, 1, 0, 0, 0
86132, 0, 2, 2, 0, 0, 0
84964, 1, 0, 0, 0, 1, 0
84970, 1, 0, 0, 0, 1, 0
84973, 8, 1, 1, 0, 8, 0
84974, 0, 1, 1, 0, 0, 0
84975, 1, 0, 0, 0, 1, 0
84977, 1, 0, 0, 0, 1, 0
84978, 1, 2, 2, 0, 1, 0
85051, 1, 1, 1, 0, 1, 0
84980, 1, 0, 0, 0, 1, 0
84981, 1, 0, 0, 0, 1, 0
84982, 1, 0, 0, 0, 1, 0
84983, 0, 1, 1, 0, 0, 0
84984, 1, 0, 0, 0, 1, 0
84986, 1, 0, 0, 0, 1, 0
84987, 1, 0, 0, 0, 1, 0
84989, 1, 1, 1, 0, 1, 0
84990, 1, 0, 0, 0, 1, 0
84991, 0, 1, 1, 0, 0, 0
84998, 1, 0, 0, 0, 1, 0
84999, 1, 0, 0, 0, 1, 0
85000, 1, 0, 0, 0, 0, 1
85002, 2, 0, 0, 0, 2, 0
85003, 0, 1, 1, 0, 0, 0
85004, 2, 2, 2, 0, 2, 0
87200, 0, 1, 1, 0, 0, 0
90710, 1, 1, 1, 0, 1, 0
85028, 1, 0, 0, 0, 1, 0
85030, 1, 0, 0, 0, 1, 0
85031, 1, 0, 0, 0, 1, 0
85033, 4, 0, 0, 0, 4, 0
85038, 1, 0, 0, 0, 1, 0
85040, 2, 0, 0, 0, 2, 0
85041, 0, 1, 1, 0, 0, 0
85042, 0, 1, 1, 0, 0, 0
85043, 1, 0, 0, 0, 1, 0
85044, 1, 0, 0, 0, 1, 0
85045, 0, 1, 1, 0, 0, 0
85046, 1, 0, 0, 0, 1, 0
85047, 1, 0, 0, 0, 1, 0
85048, 1, 0, 0, 0, 1, 0
85049, 3, 0, 0, 0, 3, 0
85050, 0, 1, 1, 0, 0, 0
85058, 2, 0, 0, 0, 1, 1
85059, 0, 1, 0, 1, 0, 0
85066, 1, 0, 0, 0, 1, 0
85070, 1, 0, 0, 0, 0, 1
85076, 2, 0, 0, 0, 2, 0
85077, 4, 0, 0, 0, 1, 3
85078, 0, 1, 1, 0, 0, 0
85079, 2, 0, 0, 0, 2, 0
85081, 1, 0, 0, 0, 1, 0
85083, 1, 0, 0, 0, 0, 1
85084, 1, 0, 0, 0, 1, 0
85087, 1, 0, 0, 0, 1, 0
85088, 1, 0, 0, 0, 1, 0
85089, 1, 0, 0, 0, 1, 0
85090, 2, 0, 0, 0, 2, 0
85091, 1, 0, 0, 0, 1, 0
85095, 2, 0, 0, 0, 2, 0
85096, 1, 0, 0, 0, 1, 0
85097, 1, 0, 0, 0, 0, 1
85100, 1, 0, 0, 0, 1, 0
85101, 1, 0, 0, 0, 1, 0
85103, 0, 1, 1, 0, 0, 0
85109, 1, 0, 0, 0, 1, 0
85110, 1, 0, 0, 0, 1, 0
85111, 1, 0, 0, 0, 1, 0
85112, 1, 0, 0, 0, 1, 0
85114, 2, 0, 0, 0, 2, 0
85115, 0, 1, 1, 0, 0, 0
85116, 1, 0, 0, 0, 1, 0
85117, 0, 1, 1, 0, 0, 0
85118, 1, 0, 0, 0, 1, 0
85119, 1, 0, 0, 0, 1, 0
90914, 0, 3, 3, 0, 0, 0
85121, 3, 0, 0, 0, 3, 0
85122, 0, 1, 1, 0, 0, 0
85124, 1, 0, 0, 0, 1, 0
85125, 1, 0, 0, 0, 1, 0
85126, 1, 0, 0, 0, 1, 0
85127, 1, 0, 0, 0, 1, 0
85134, 1, 0, 0, 0, 1, 0
85137, 1, 0, 0, 0, 1, 0
85138, 1, 0, 0, 0, 1, 0
85139, 1, 0, 0, 0, 1, 0
91105, 0, 1, 1, 0, 0, 0
85141, 1, 0, 0, 0, 1, 0
85142, 0, 1, 1, 0, 0, 0
85143, 1, 0, 0, 0, 0, 1
85144, 1, 0, 0, 0, 1, 0
85146, 2, 2, 2, 0, 2, 0
106766, 1, 1, 1, 0, 1, 0
112191, 0, 1, 1, 0, 0, 0
88929, 1, 1, 1, 0, 1, 0
85155, 1, 0, 0, 0, 0, 1
85156, 1, 0, 0, 0, 1, 0
85157, 1, 0, 0, 0, 1, 0
85158, 6, 0, 0, 0, 6, 0
85159, 1, 0, 0, 0, 1, 0
85161, 1, 1, 1, 0, 1, 0
85164, 1, 0, 0, 0, 1, 0
85174, 1, 0, 0, 0, 1, 0
85176, 1, 0, 0, 0, 1, 0
88943, 0, 1, 1, 0, 0, 0
88007, 1, 1, 1, 0, 1, 0
101831, 2, 1, 1, 0, 2, 0
85371, 0, 1, 0, 1, 0, 0
85372, 0, 1, 0, 1, 0, 0
85373, 0, 1, 1, 0, 0, 0
103842, 0, 1, 1, 0, 0, 0
85378, 1, 1, 1, 0, 1, 0
85379, 1, 1, 1, 0, 1, 0
85382, 1, 0, 0, 0, 1, 0
85383, 0, 1, 1, 0, 0, 0
85384, 1, 0, 0, 0, 1, 0
85386, 2, 1, 1, 0, 2, 0
85391, 1, 0, 0, 0, 1, 0
85392, 1, 0, 0, 0, 1, 0
85393, 0, 1, 1, 0, 0, 0
85394, 1, 0, 0, 0, 1, 0
85396, 0, 3, 3, 0, 0, 0
85404, 1, 0, 0, 0, 1, 0
85405, 0, 1, 1, 0, 0, 0
85408, 1, 1, 1, 0, 1, 0
85409, 2, 0, 0, 0, 2, 0
85413, 1, 1, 1, 0, 1, 0
85414, 5, 0, 0, 0, 5, 0
85415, 3, 1, 1, 0, 3, 0
89756, 0, 1, 1, 0, 0, 0
85416, 1, 0, 0, 0, 0, 1
85417, 1, 0, 0, 0, 1, 0
85418, 0, 1, 1, 0, 0, 0
85421, 1, 0, 0, 0, 1, 0
85423, 1, 1, 1, 0, 1, 0
85424, 1, 1, 1, 0, 1, 0
85425, 1, 0, 0, 0, 1, 0
85426, 1, 0, 0, 0, 1, 0
85428, 2, 0, 0, 0, 2, 0
85429, 0, 1, 1, 0, 0, 0
85430, 1, 0, 0, 0, 1, 0
85431, 1, 0, 0, 0, 1, 0
85432, 1, 0, 0, 0, 0, 1
85435, 1, 0, 0, 0, 1, 0
85436, 1, 0, 0, 0, 1, 0
85437, 0, 1, 1, 0, 0, 0
85439, 10, 0, 0, 0, 10, 0
85440, 1, 0, 0, 0, 1, 0
85442, 1, 0, 0, 0, 0, 1
85443, 1, 0, 0, 0, 1, 0
85444, 1, 0, 0, 0, 1, 0
85451, 1, 0, 0, 0, 1, 0
85452, 0, 1, 1, 0, 0, 0
85453, 1, 0, 0, 0, 1, 0
85454, 1, 0, 0, 0, 1, 0
85456, 1, 0, 0, 0, 0, 1
85461, 1, 0, 0, 0, 0, 1
85462, 2, 0, 0, 0, 2, 0
85464, 2, 0, 0, 0, 2, 0
85465, 1, 0, 0, 0, 1, 0
85469, 0, 1, 1, 0, 0, 0
85470, 1, 0, 0, 0, 1, 0
85473, 1, 0, 0, 0, 1, 0
85476, 1, 0, 0, 0, 1, 0
85477, 0, 1, 1, 0, 0, 0
85479, 4, 0, 0, 0, 4, 0
85482, 2, 0, 0, 0, 2, 0
85483, 0, 1, 1, 0, 0, 0
85484, 1, 0, 0, 0, 1, 0
85486, 1, 0, 0, 0, 1, 0
85489, 1, 0, 0, 0, 1, 0
85491, 1, 0, 0, 0, 0, 1
85492, 1, 0, 0, 0, 1, 0
85493, 7, 0, 0, 0, 7, 0
85495, 0, 1, 1, 0, 0, 0
85496, 0, 1, 1, 0, 0, 0
85497, 0, 1, 1, 0, 0, 0
85498, 0, 1, 1, 0, 0, 0
85499, 1, 0, 0, 0, 1, 0
85500, 0, 1, 1, 0, 0, 0
85501, 1, 0, 0, 0, 1, 0
85502, 0, 1, 1, 0, 0, 0
85503, 1, 0, 0, 0, 1, 0
85504, 0, 1, 1, 0, 0, 0
85510, 1, 0, 0, 0, 1, 0
85511, 1, 0, 0, 0, 1, 0
85512, 0, 1, 1, 0, 0, 0
85513, 1, 0, 0, 0, 1, 0
85514, 1, 0, 0, 0, 1, 0
85515, 1, 0, 0, 0, 1, 0
85517, 1, 0, 0, 0, 1, 0
85518, 1, 0, 0, 0, 1, 0
85519, 1, 0, 0, 0, 1, 0
85520, 1, 0, 0, 0, 1, 0
85522, 1, 0, 0, 0, 1, 0
85528, 1, 0, 0, 0, 1, 0
85529, 1, 0, 0, 0, 1, 0
85531, 2, 0, 0, 0, 2, 0
85532, 1, 0, 0, 0, 1, 0
85556, 2, 0, 0, 0, 2, 0
85563, 1, 0, 0, 0, 1, 0
85566, 1, 0, 0, 0, 1, 0
85567, 1, 0, 0, 0, 1, 0
85569, 1, 0, 0, 0, 1, 0
85570, 1, 0, 0, 0, 1, 0
85571, 5, 1, 1, 0, 5, 0
88435, 0, 1, 1, 0, 0, 0
85574, 1, 0, 0, 0, 1, 0
85575, 0, 1, 1, 0, 0, 0
85579, 1, 1, 1, 0, 1, 0
85580, 1, 1, 1, 0, 1, 0
85581, 1, 0, 0, 0, 1, 0
85583, 0, 1, 1, 0, 0, 0
85585, 1, 0, 0, 0, 1, 0
85587, 2, 0, 0, 0, 2, 0
85588, 2, 0, 0, 0, 2, 0
85591, 1, 0, 0, 0, 0, 1
85596, 1, 0, 0, 0, 1, 0
107330, 0, 1, 1, 0, 0, 0
85600, 1, 0, 0, 0, 1, 0
85601, 1, 0, 0, 0, 1, 0
85602, 2, 0, 0, 0, 2, 0
85603, 1, 0, 0, 0, 1, 0
85605, 2, 0, 0, 0, 2, 0
100239, 1, 1, 1, 0, 1, 0
85606, 1, 1, 1, 0, 1, 0
85607, 4, 0, 0, 0, 4, 0
85608, 0, 1, 1, 0, 0, 0
85609, 1, 0, 0, 0, 1, 0
85610, 1, 0, 0, 0, 1, 0
85611, 1, 0, 0, 0, 1, 0
85612, 1, 0, 0, 0, 0, 1
85613, 1, 0, 0, 0, 1, 0
85624, 1, 0, 0, 0, 1, 0
85625, 0, 1, 1, 0, 0, 0
85626, 1, 0, 0, 0, 0, 1
85627, 1, 0, 0, 0, 1, 0
85628, 0, 2, 2, 0, 0, 0
85629, 1, 0, 0, 0, 1, 0
85630, 1, 0, 0, 0, 1, 0
85631, 0, 1, 1, 0, 0, 0
85632, 1, 0, 0, 0, 1, 0
85633, 1, 0, 0, 0, 1, 0
85634, 1, 0, 0, 0, 1, 0
85635, 1, 0, 0, 0, 1, 0
87743, 0, 1, 1, 0, 0, 0
85640, 1, 0, 0, 0, 1, 0
85641, 0, 2, 2, 0, 0, 0
85642, 1, 0, 0, 0, 1, 0
85643, 0, 2, 2, 0, 0, 0
85663, 1, 0, 0, 0, 1, 0
85664, 1, 0, 0, 0, 0, 1
85665, 1, 0, 0, 0, 1, 0
85666, 1, 0, 0, 0, 1, 0
85667, 1, 0, 0, 0, 1, 0
85671, 1, 0, 0, 0, 1, 0
85675, 1, 1, 1, 0, 1, 0
85676, 1, 1, 1, 0, 1, 0
85677, 2, 0, 0, 0, 1, 1
85679, 1, 0, 0, 0, 1, 0
85681, 1, 0, 0, 0, 1, 0
85683, 1, 0, 0, 0, 1, 0
85685, 1, 0, 0, 0, 1, 0
85686, 0, 1, 1, 0, 0, 0
85687, 1, 0, 0, 0, 1, 0
85691, 1, 0, 0, 0, 0, 1
85692, 2, 1, 0, 1, 2, 0
85693, 1, 0, 0, 0, 1, 0
85695, 1, 0, 0, 0, 1, 0
85700, 1, 0, 0, 0, 1, 0
85701, 1, 0, 0, 0, 1, 0
85702, 1, 0, 0, 0, 1, 0
85703, 1, 0, 0, 0, 1, 0
85708, 1, 0, 0, 0, 1, 0
85709, 1, 2, 2, 0, 1, 0
85710, 2, 0, 0, 0, 2, 0
85712, 1, 0, 0, 0, 0, 1
85719, 1, 0, 0, 0, 1, 0
85720, 1, 1, 1, 0, 1, 0
85721, 1, 1, 1, 0, 1, 0
85729, 2, 0, 0, 0, 2, 0
85733, 1, 0, 0, 0, 1, 0
85739, 0, 1, 1, 0, 0, 0
85740, 1, 0, 0, 0, 1, 0
85758, 1, 0, 0, 0, 1, 0
85761, 3, 0, 0, 0, 3, 0
85762, 0, 1, 1, 0, 0, 0
85763, 0, 1, 1, 0, 0, 0
85769, 0, 1, 1, 0, 0, 0
85771, 1, 0, 0, 0, 1, 0
85772, 1, 0, 0, 0, 1, 0
85775, 1, 0, 0, 0, 1, 0
85777, 1, 0, 0, 0, 1, 0
85778, 1, 0, 0, 0, 1, 0
85781, 1, 0, 0, 0, 1, 0
85787, 2, 0, 0, 0, 2, 0
85788, 1, 0, 0, 0, 1, 0
85806, 1, 0, 0, 0, 1, 0
85808, 1, 0, 0, 0, 1, 0
85809, 0, 1, 1, 0, 0, 0
85810, 4, 0, 0, 0, 4, 0
85812, 1, 0, 0, 0, 1, 0
85813, 1, 0, 0, 0, 1, 0
85814, 0, 1, 1, 0, 0, 0
85815, 1, 0, 0, 0, 1, 0
85817, 2, 1, 1, 0, 2, 0
85818, 2, 0, 0, 0, 2, 0
85819, 1, 1, 1, 0, 1, 0
85820, 1, 1, 1, 0, 1, 0
85821, 2, 0, 0, 0, 2, 0
85822, 1, 0, 0, 0, 1, 0
85823, 1, 0, 0, 0, 1, 0
85826, 11, 2, 1, 1, 11, 0
96394, 0, 1, 1, 0, 0, 0
96395, 0, 1, 1, 0, 0, 0
118909, 8, 3, 3, 0, 8, 0
85852, 4, 0, 0, 0, 3, 1
85853, 0, 1, 1, 0, 0, 0
85854, 1, 0, 0, 0, 1, 0
85855, 1, 0, 0, 0, 1, 0
85856, 1, 0, 0, 0, 1, 0
85857, 0, 1, 1, 0, 0, 0
85861, 0, 1, 1, 0, 0, 0
85863, 3, 0, 0, 0, 3, 0
85864, 1, 0, 0, 0, 1, 0
85865, 1, 0, 0, 0, 1, 0
85866, 3, 0, 0, 0, 0, 3
85874, 1, 0, 0, 0, 1, 0
85875, 1, 0, 0, 0, 1, 0
85877, 0, 1, 1, 0, 0, 0
85879, 0, 1, 1, 0, 0, 0
85881, 1, 0, 0, 0, 1, 0
85886, 1, 0, 0, 0, 1, 0
85899, 2, 0, 0, 0, 2, 0
85900, 0, 3, 3, 0, 0, 0
85901, 0, 1, 1, 0, 0, 0
85902, 1, 0, 0, 0, 1, 0
85903, 0, 1, 1, 0, 0, 0
85905, 0, 1, 1, 0, 0, 0
85906, 1, 0, 0, 0, 1, 0
85907, 0, 1, 1, 0, 0, 0
85908, 3, 0, 0, 0, 3, 0
85909, 0, 1, 1, 0, 0, 0
85910, 0, 1, 1, 0, 0, 0
85911, 0, 1, 1, 0, 0, 0
86562, 2, 2, 2, 0, 2, 0
86997, 2, 1, 1, 0, 2, 0
87328, 0, 1, 1, 0, 0, 0
87329, 0, 1, 1, 0, 0, 0
87330, 0, 1, 1, 0, 0, 0
87331, 0, 1, 1, 0, 0, 0
87332, 0, 1, 1, 0, 0, 0
87334, 1, 1, 1, 0, 1, 0
87337, 2, 1, 1, 0, 2, 0
87338, 1, 1, 1, 0, 1, 0
87341, 0, 1, 1, 0, 0, 0
87349, 1, 1, 1, 0, 1, 0
87354, 0, 2, 2, 0, 0, 0
87356, 2, 1, 1, 0, 2, 0
87361, 2, 1, 1, 0, 2, 0
87363, 0, 2, 2, 0, 0, 0
87736, 1, 1, 1, 0, 1, 0
85922, 1, 0, 0, 0, 1, 0
85924, 1, 0, 0, 0, 1, 0
85926, 1, 0, 0, 0, 1, 0
85928, 0, 1, 1, 0, 0, 0
85929, 1, 0, 0, 0, 1, 0
85930, 1, 0, 0, 0, 1, 0
85940, 2, 0, 0, 0, 2, 0
85941, 0, 1, 1, 0, 0, 0
85942, 1, 0, 0, 0, 1, 0
85943, 0, 1, 1, 0, 0, 0
85945, 1, 0, 0, 0, 1, 0
85946, 0, 1, 1, 0, 0, 0
85956, 1, 0, 0, 0, 1, 0
85957, 1, 0, 0, 0, 1, 0
85958, 1, 0, 0, 0, 1, 0
85960, 1, 0, 0, 0, 1, 0
85961, 0, 2, 2, 0, 0, 0
85962, 1, 0, 0, 0, 1, 0
85963, 0, 1, 1, 0, 0, 0
85964, 1, 0, 0, 0, 1, 0
85965, 1, 0, 0, 0, 1, 0
85973, 1, 0, 0, 0, 1, 0
85974, 3, 0, 0, 0, 3, 0
85978, 5, 0, 0, 0, 5, 0
85979, 0, 1, 1, 0, 0, 0
85984, 1, 0, 0, 0, 0, 1
85985, 1, 0, 0, 0, 1, 0
85986, 0, 1, 1, 0, 0, 0
85987, 1, 0, 0, 0, 1, 0
85988, 0, 1, 1, 0, 0, 0
85991, 1, 0, 0, 0, 1, 0
85992, 0, 1, 1, 0, 0, 0
85994, 1, 0, 0, 0, 1, 0
85995, 1, 0, 0, 0, 1, 0
85996, 0, 2, 2, 0, 0, 0
85997, 1, 0, 0, 0, 1, 0
86011, 2, 0, 0, 0, 2, 0
86012, 1, 0, 0, 0, 1, 0
86014, 1, 0, 0, 0, 1, 0
86015, 1, 0, 0, 0, 1, 0
86018, 1, 0, 0, 0, 1, 0
86020, 3, 0, 0, 0, 2, 1
86021, 0, 1, 1, 0, 0, 0
86022, 2, 0, 0, 0, 1, 1
86023, 2, 0, 0, 0, 2, 0
86026, 1, 0, 0, 0, 1, 0
86029, 1, 0, 0, 0, 1, 0
86030, 1, 0, 0, 0, 1, 0
86031, 2, 0, 0, 0, 2, 0
86034, 4, 0, 0, 0, 4, 0
86035, 1, 0, 0, 0, 1, 0
86036, 1, 0, 0, 0, 1, 0
86037, 0, 1, 1, 0, 0, 0
86041, 1, 0, 0, 0, 1, 0
86042, 2, 0, 0, 0, 2, 0
86043, 0, 1, 1, 0, 0, 0
86044, 4, 0, 0, 0, 4, 0
86047, 3, 0, 0, 0, 3, 0
86048, 2, 1, 1, 0, 2, 0
86049, 2, 0, 0, 0, 2, 0
86051, 1, 0, 0, 0, 1, 0
86052, 1, 0, 0, 0, 1, 0
86054, 1, 0, 0, 0, 1, 0
86055, 0, 1, 1, 0, 0, 0
86056, 1, 0, 0, 0, 1, 0
86061, 1, 0, 0, 0, 1, 0
86065, 1, 0, 0, 0, 1, 0
86066, 0, 1, 1, 0, 0, 0
86067, 1, 0, 0, 0, 1, 0
86068, 3, 0, 0, 0, 3, 0
86069, 1, 0, 0, 0, 1, 0
86070, 2, 0, 0, 0, 2, 0
86071, 5, 0, 0, 0, 5, 0
86072, 1, 0, 0, 0, 1, 0
86074, 1, 0, 0, 0, 1, 0
86075, 1, 0, 0, 0, 1, 0
86076, 0, 1, 1, 0, 0, 0
86078, 1, 0, 0, 0, 0, 1
86079, 1, 0, 0, 0, 1, 0
86080, 0, 1, 1, 0, 0, 0
86082, 1, 0, 0, 0, 1, 0
86084, 0, 1, 0, 1, 0, 0
86090, 1, 0, 0, 0, 1, 0
86091, 1, 0, 0, 0, 1, 0
86099, 0, 1, 0, 1, 0, 0
88328, 0, 1, 1, 0, 0, 0
86102, 1, 1, 1, 0, 1, 0
86103, 1, 1, 1, 0, 1, 0
86105, 1, 0, 0, 0, 1, 0
86106, 0, 1, 1, 0, 0, 0
86110, 1, 0, 0, 0, 1, 0
86111, 1, 0, 0, 0, 0, 1
86112, 1, 0, 0, 0, 1, 0
86114, 2, 0, 0, 0, 2, 0
86115, 1, 0, 0, 0, 1, 0
86116, 0, 1, 1, 0, 0, 0
86119, 5, 0, 0, 0, 4, 1
86120, 0, 1, 1, 0, 0, 0
86130, 1, 0, 0, 0, 1, 0
86139, 1, 0, 0, 0, 1, 0
86140, 0, 1, 1, 0, 0, 0
86141, 1, 0, 0, 0, 1, 0
86143, 1, 0, 0, 0, 0, 1
86144, 1, 0, 0, 0, 1, 0
86145, 1, 0, 0, 0, 1, 0
86149, 1, 0, 0, 0, 0, 1
86156, 1, 0, 0, 0, 1, 0
86157, 1, 0, 0, 0, 1, 0
86159, 1, 0, 0, 0, 1, 0
86161, 1, 0, 0, 0, 1, 0
86163, 1, 0, 0, 0, 1, 0
86164, 1, 0, 0, 0, 1, 0
86165, 1, 0, 0, 0, 1, 0
86167, 1, 0, 0, 0, 1, 0
86168, 0, 1, 1, 0, 0, 0
86171, 3, 0, 0, 0, 3, 0
86172, 2, 0, 0, 0, 2, 0
86173, 1, 0, 0, 0, 1, 0
86175, 1, 0, 0, 0, 1, 0
86176, 0, 1, 1, 0, 0, 0
86177, 2, 0, 0, 0, 2, 0
117308, 1, 1, 1, 0, 1, 0
86201, 6, 1, 1, 0, 6, 0
86207, 1, 0, 0, 0, 1, 0
86208, 0, 2, 2, 0, 0, 0
86209, 1, 0, 0, 0, 1, 0
86210, 1, 0, 0, 0, 1, 0
86213, 1, 0, 0, 0, 1, 0
86215, 1, 0, 0, 0, 1, 0
86216, 1, 0, 0, 0, 1, 0
86219, 1, 1, 1, 0, 1, 0
86220, 2, 1, 1, 0, 2, 0
86283, 0, 1, 1, 0, 0, 0
86222, 1, 0, 0, 0, 1, 0
86223, 2, 0, 0, 0, 2, 0
86224, 0, 1, 1, 0, 0, 0
86225, 2, 0, 0, 0, 2, 0
86226, 2, 1, 1, 0, 2, 0
86227, 0, 2, 2, 0, 0, 0
86232, 4, 0, 0, 0, 3, 1
86242, 1, 0, 0, 0, 1, 0
86243, 1, 0, 0, 0, 1, 0
86244, 1, 0, 0, 0, 1, 0
86247, 2, 0, 0, 0, 0, 2
86248, 1, 0, 0, 0, 1, 0
86249, 0, 1, 1, 0, 0, 0
86250, 1, 0, 0, 0, 1, 0
86251, 0, 1, 1, 0, 0, 0
86252, 1, 0, 0, 0, 1, 0
86253, 1, 0, 0, 0, 1, 0
86255, 1, 0, 0, 0, 1, 0
86256, 1, 0, 0, 0, 0, 1
86257, 1, 0, 0, 0, 1, 0
86260, 1, 0, 0, 0, 0, 1
86261, 2, 0, 0, 0, 2, 0
86262, 2, 0, 0, 0, 2, 0
86264, 1, 0, 0, 0, 1, 0
86265, 1, 0, 0, 0, 1, 0
86266, 1, 0, 0, 0, 1, 0
86267, 1, 1, 1, 0, 1, 0
86268, 2, 2, 2, 0, 2, 0
86340, 1, 1, 1, 0, 1, 0
86270, 1, 0, 0, 0, 1, 0
86271, 1, 0, 0, 0, 1, 0
86272, 1, 0, 0, 0, 1, 0
86278, 1, 0, 0, 0, 1, 0
86279, 2, 0, 0, 0, 2, 0
86281, 1, 0, 0, 0, 1, 0
86282, 0, 1, 1, 0, 0, 0
86284, 1, 0, 0, 0, 1, 0
86285, 0, 1, 1, 0, 0, 0
86287, 2, 0, 0, 0, 2, 0
86288, 1, 1, 1, 0, 1, 0
86289, 0, 2, 2, 0, 0, 0
86290, 3, 0, 0, 0, 3, 0
86291, 1, 0, 0, 0, 1, 0
86292, 1, 0, 0, 0, 1, 0
86293, 0, 1, 1, 0, 0, 0
86325, 1, 0, 0, 0, 1, 0
86326, 0, 2, 2, 0, 0, 0
86327, 1, 0, 0, 0, 1, 0
86328, 11, 4, 4, 0, 11, 0
86329, 2, 0, 0, 0, 1, 1
86330, 1, 2, 1, 1, 1, 0
86334, 1, 0, 0, 0, 1, 0
86335, 1, 0, 0, 0, 1, 0
86336, 1, 0, 0, 0, 1, 0
86341, 2, 0, 0, 0, 1, 1
86342, 2, 1, 1, 0, 1, 1
86345, 1, 0, 0, 0, 1, 0
86346, 0, 1, 1, 0, 0, 0
86347, 1, 0, 0, 0, 1, 0
86348, 1, 0, 0, 0, 1, 0
86349, 2, 0, 0, 0, 1, 1
86350, 1, 0, 0, 0, 1, 0
86355, 1, 0, 0, 0, 1, 0
86356, 1, 0, 0, 0, 1, 0
86359, 1, 0, 0, 0, 1, 0
86360, 1, 0, 0, 0, 1, 0
86361, 1, 0, 0, 0, 1, 0
86363, 1, 0, 0, 0, 1, 0
86364, 1, 0, 0, 0, 1, 0
86365, 0, 1, 1, 0, 0, 0
86368, 1, 0, 0, 0, 0, 1
86369, 5, 0, 0, 0, 5, 0
113574, 0, 1, 1, 0, 0, 0
86372, 1, 0, 0, 0, 1, 0
86373, 1, 0, 0, 0, 1, 0
86375, 1, 0, 0, 0, 1, 0
86376, 1, 0, 0, 0, 1, 0
86379, 1, 0, 0, 0, 0, 1
90442, 2, 1, 1, 0, 2, 0
90532, 1, 1, 1, 0, 1, 0
86385, 1, 0, 0, 0, 1, 0
86387, 0, 1, 1, 0, 0, 0
86388, 0, 1, 1, 0, 0, 0
86389, 1, 0, 0, 0, 0, 1
86397, 1, 0, 0, 0, 1, 0
86398, 1, 0, 0, 0, 1, 0
86402, 1, 0, 0, 0, 0, 1
86403, 0, 1, 0, 1, 0, 0
86404, 2, 0, 0, 0, 2, 0
86407, 1, 0, 0, 0, 1, 0
86409, 1, 0, 0, 0, 0, 1
86414, 1, 0, 0, 0, 1, 0
86415, 1, 0, 0, 0, 1, 0
86416, 1, 0, 0, 0, 1, 0
86417, 0, 1, 1, 0, 0, 0
86418, 1, 0, 0, 0, 1, 0
86420, 4, 0, 0, 0, 3, 1
86421, 0, 1, 1, 0, 0, 0
86422, 1, 0, 0, 0, 1, 0
86423, 1, 0, 0, 0, 1, 0
86424, 0, 1, 1, 0, 0, 0
86425, 1, 0, 0, 0, 1, 0
86429, 1, 0, 0, 0, 1, 0
86430, 1, 0, 0, 0, 1, 0
86432, 1, 0, 0, 0, 1, 0
86437, 1, 0, 0, 0, 1, 0
86438, 1, 0, 0, 0, 1, 0
86439, 1, 0, 0, 0, 1, 0
86441, 1, 0, 0, 0, 1, 0
91475, 0, 1, 1, 0, 0, 0
86446, 1, 0, 0, 0, 1, 0
86448, 1, 0, 0, 0, 1, 0
86449, 1, 0, 0, 0, 1, 0
86486, 1, 0, 0, 0, 1, 0
86487, 0, 1, 1, 0, 0, 0
86488, 1, 0, 0, 0, 1, 0
86489, 0, 1, 1, 0, 0, 0
86491, 0, 1, 1, 0, 0, 0
86492, 1, 0, 0, 0, 1, 0
86500, 1, 0, 0, 0, 1, 0
86501, 1, 0, 0, 0, 1, 0
86502, 1, 0, 0, 0, 0, 1
86503, 1, 0, 0, 0, 1, 0
86504, 3, 0, 0, 0, 3, 0
86506, 4, 0, 0, 0, 4, 0
86507, 3, 0, 0, 0, 3, 0
86508, 3, 0, 0, 0, 3, 0
86509, 3, 0, 0, 0, 3, 0
86510, 4, 0, 0, 0, 4, 0
86511, 2, 0, 0, 0, 2, 0
86513, 2, 0, 0, 0, 2, 0
86514, 3, 0, 0, 0, 3, 0
86515, 3, 0, 0, 0, 3, 0
86516, 1, 0, 0, 0, 1, 0
86517, 3, 1, 1, 0, 1, 2
86518, 1, 0, 0, 0, 1, 0
86523, 4, 0, 0, 0, 4, 0
86524, 1, 0, 0, 0, 1, 0
86525, 2, 0, 0, 0, 2, 0
86526, 1, 0, 0, 0, 0, 1
86529, 1, 0, 0, 0, 1, 0
86530, 3, 0, 0, 0, 3, 0
86534, 2, 3, 3, 0, 2, 0
86535, 2, 2, 2, 0, 2, 0
86536, 2, 2, 2, 0, 2, 0
86537, 1, 0, 0, 0, 1, 0
86539, 1, 0, 0, 0, 1, 0
86540, 1, 0, 0, 0, 1, 0
86541, 1, 1, 1, 0, 1, 0
86542, 2, 1, 1, 0, 2, 0
86546, 1, 0, 0, 0, 1, 0
86547, 3, 0, 0, 0, 3, 0
86548, 1, 0, 0, 0, 1, 0
86550, 1, 0, 0, 0, 1, 0
86554, 3, 0, 0, 0, 3, 0
86555, 1, 0, 0, 0, 1, 0
86556, 1, 0, 0, 0, 1, 0
86557, 1, 0, 0, 0, 1, 0
86560, 2, 0, 0, 0, 2, 0
86561, 2, 1, 1, 0, 2, 0
91094, 1, 1, 1, 0, 1, 0
86563, 0, 1, 1, 0, 0, 0
86564, 1, 0, 0, 0, 1, 0
86566, 1, 0, 0, 0, 0, 1
86567, 1, 0, 0, 0, 1, 0
86568, 2, 0, 0, 0, 1, 1
128423, 1, 1, 1, 0, 1, 0
86570, 1, 0, 0, 0, 1, 0
86571, 2, 1, 0, 1, 1, 1
86572, 1, 0, 0, 0, 1, 0
86575, 1, 0, 0, 0, 1, 0
86576, 1, 0, 0, 0, 1, 0
90128, 1, 1, 1, 0, 1, 0
86579, 2, 0, 0, 0, 2, 0
86592, 2, 0, 0, 0, 2, 0
86593, 1, 0, 0, 0, 0, 1
86594, 5, 0, 0, 0, 5, 0
86597, 0, 1, 1, 0, 0, 0
86621, 3, 0, 0, 0, 3, 0
86622, 1, 0, 0, 0, 1, 0
86623, 1, 0, 0, 0, 1, 0
86624, 1, 0, 0, 0, 1, 0
86625, 1, 0, 0, 0, 1, 0
86627, 1, 0, 0, 0, 1, 0
86628, 0, 1, 1, 0, 0, 0
86630, 1, 0, 0, 0, 1, 0
86631, 0, 2, 2, 0, 0, 0
86632, 1, 0, 0, 0, 1, 0
86633, 1, 0, 0, 0, 1, 0
86637, 3, 0, 0, 0, 2, 1
86640, 1, 0, 0, 0, 1, 0
86641, 1, 0, 0, 0, 1, 0
86643, 1, 0, 0, 0, 1, 0
86644, 1, 0, 0, 0, 1, 0
86648, 1, 0, 0, 0, 1, 0
86649, 0, 1, 1, 0, 0, 0
86652, 2, 0, 0, 0, 2, 0
86655, 1, 0, 0, 0, 1, 0
86665, 4, 0, 0, 0, 3, 1
86691, 1, 0, 0, 0, 1, 0
86692, 1, 0, 0, 0, 1, 0
86693, 1, 0, 0, 0, 1, 0
86699, 1, 0, 0, 0, 1, 0
86700, 1, 0, 0, 0, 1, 0
90018, 0, 1, 1, 0, 0, 0
99033, 0, 1, 1, 0, 0, 0
86822, 2, 0, 0, 0, 0, 2
86823, 3, 0, 0, 0, 3, 0
86854, 1, 0, 0, 0, 1, 0
86856, 1, 0, 0, 0, 1, 0
86858, 1, 0, 0, 0, 1, 0
86859, 1, 0, 0, 0, 1, 0
86860, 0, 1, 1, 0, 0, 0
86862, 1, 0, 0, 0, 1, 0
86863, 1, 0, 0, 0, 1, 0
86866, 1, 0, 0, 0, 1, 0
86867, 1, 1, 1, 0, 1, 0
86868, 1, 1, 1, 0, 1, 0
86869, 1, 0, 0, 0, 1, 0
86871, 1, 0, 0, 0, 1, 0
86879, 1, 0, 0, 0, 0, 1
86880, 1, 2, 1, 1, 1, 0
86882, 3, 0, 0, 0, 3, 0
86889, 3, 0, 0, 0, 3, 0
86890, 1, 0, 0, 0, 1, 0
86891, 0, 1, 1, 0, 0, 0
86892, 1, 0, 0, 0, 1, 0
86893, 0, 1, 1, 0, 0, 0
86894, 1, 0, 0, 0, 1, 0
86900, 3, 0, 0, 0, 3, 0
86902, 1, 0, 0, 0, 1, 0
86903, 0, 1, 1, 0, 0, 0
86905, 1, 0, 0, 0, 1, 0
86906, 1, 0, 0, 0, 1, 0
86907, 6, 0, 0, 0, 6, 0
86908, 1, 0, 0, 0, 1, 0
86910, 1, 0, 0, 0, 1, 0
86911, 0, 1, 1, 0, 0, 0
86913, 2, 0, 0, 0, 2, 0
86915, 1, 0, 0, 0, 1, 0
86919, 0, 1, 1, 0, 0, 0
86923, 1, 0, 0, 0, 1, 0
86924, 0, 1, 1, 0, 0, 0
86925, 1, 0, 0, 0, 1, 0
86926, 0, 1, 1, 0, 0, 0
86938, 1, 0, 0, 0, 1, 0
86939, 1, 0, 0, 0, 1, 0
86940, 1, 1, 1, 0, 1, 0
87209, 0, 2, 2, 0, 0, 0
86941, 1, 0, 0, 0, 1, 0
86942, 1, 0, 0, 0, 1, 0
86943, 1, 0, 0, 0, 1, 0
86944, 1, 0, 0, 0, 1, 0
86945, 1, 0, 0, 0, 1, 0
86946, 1, 0, 0, 0, 1, 0
86947, 1, 0, 0, 0, 1, 0
86950, 1, 0, 0, 0, 1, 0
86951, 2, 1, 1, 0, 2, 0
86952, 1, 0, 0, 0, 1, 0
86954, 1, 0, 0, 0, 1, 0
86956, 1, 0, 0, 0, 1, 0
86957, 1, 0, 0, 0, 1, 0
86958, 1, 0, 0, 0, 1, 0
86961, 0, 1, 1, 0, 0, 0
86962, 1, 0, 0, 0, 1, 0
86972, 1, 0, 0, 0, 1, 0
127487, 0, 1, 1, 0, 0, 0
86976, 3, 2, 2, 0, 3, 0
86977, 0, 1, 1, 0, 0, 0
86979, 0, 1, 1, 0, 0, 0
86980, 0, 1, 1, 0, 0, 0
86982, 1, 0, 0, 0, 1, 0
86994, 3, 0, 0, 0, 3, 0
86998, 1, 0, 0, 0, 1, 0
86999, 1, 0, 0, 0, 1, 0
87002, 3, 0, 0, 0, 3, 0
87005, 2, 0, 0, 0, 2, 0
87011, 2, 0, 0, 0, 2, 0
87014, 2, 0, 0, 0, 2, 0
87015, 1, 0, 0, 0, 1, 0
87016, 0, 1, 1, 0, 0, 0
87019, 1, 0, 0, 0, 1, 0
87020, 1, 1, 1, 0, 1, 0
87028, 2, 0, 0, 0, 2, 0
87031, 1, 0, 0, 0, 1, 0
87032, 1, 0, 0, 0, 1, 0
87033, 0, 1, 1, 0, 0, 0
87038, 1, 0, 0, 0, 1, 0
87039, 0, 1, 1, 0, 0, 0
87045, 1, 0, 0, 0, 1, 0
87046, 2, 0, 0, 0, 2, 0
87047, 1, 0, 0, 0, 1, 0
87324, 0, 1, 1, 0, 0, 0
88062, 3, 1, 1, 0, 3, 0
90178, 0, 1, 1, 0, 0, 0
98399, 0, 1, 1, 0, 0, 0
87092, 1, 0, 0, 0, 1, 0
87098, 1, 0, 0, 0, 1, 0
87099, 2, 1, 1, 0, 2, 0
87100, 1, 0, 0, 0, 1, 0
87101, 1, 0, 0, 0, 1, 0
90019, 0, 1, 1, 0, 0, 0
87142, 1, 0, 0, 0, 1, 0
87145, 1, 0, 0, 0, 1, 0
87146, 1, 1, 1, 0, 1, 0
87147, 1, 0, 0, 0, 1, 0
87152, 3, 0, 0, 0, 3, 0
87153, 1, 1, 1, 0, 1, 0
87154, 3, 0, 0, 0, 3, 0
87156, 1, 0, 0, 0, 1, 0
87157, 7, 0, 0, 0, 7, 0
87158, 1, 0, 0, 0, 1, 0
87159, 2, 0, 0, 0, 2, 0
87163, 2, 0, 0, 0, 2, 0
87183, 1, 0, 0, 0, 1, 0
87317, 0, 2, 2, 0, 0, 0
87188, 1, 0, 0, 0, 1, 0
87189, 1, 0, 0, 0, 1, 0
87190, 1, 0, 0, 0, 1, 0
87191, 1, 0, 0, 0, 1, 0
87201, 2, 0, 0, 0, 2, 0
87202, 1, 0, 0, 0, 1, 0
87208, 1, 0, 0, 0, 1, 0
87211, 2, 0, 0, 0, 1, 1
87212, 1, 0, 0, 0, 1, 0
87213, 3, 0, 0, 0, 3, 0
87214, 1, 0, 0, 0, 1, 0
87215, 1, 0, 0, 0, 1, 0
87216, 1, 0, 0, 0, 1, 0
88292, 1, 1, 1, 0, 1, 0
92628, 0, 1, 1, 0, 0, 0
87912, 2, 2, 2, 0, 2, 0
91511, 1, 1, 1, 0, 1, 0
91390, 0, 1, 1, 0, 0, 0
87702, 0, 1, 1, 0, 0, 0
95748, 2, 1, 1, 0, 2, 0
87306, 1, 0, 0, 0, 1, 0
89766, 5, 1, 1, 0, 5, 0
87311, 1, 0, 0, 0, 1, 0
87312, 1, 0, 0, 0, 1, 0
87313, 0, 1, 1, 0, 0, 0
87316, 1, 0, 0, 0, 1, 0
87318, 1, 2, 2, 0, 1, 0
95651, 2, 1, 1, 0, 2, 0
87321, 1, 0, 0, 0, 1, 0
87322, 1, 0, 0, 0, 1, 0
87325, 5, 0, 0, 0, 5, 0
90151, 0, 1, 1, 0, 0, 0
90152, 0, 1, 1, 0, 0, 0
90153, 0, 1, 1, 0, 0, 0
90490, 1, 1, 1, 0, 1, 0
90498, 0, 1, 1, 0, 0, 0
90499, 0, 1, 1, 0, 0, 0
88562, 0, 1, 1, 0, 0, 0
87364, 1, 0, 0, 0, 1, 0
87366, 1, 0, 0, 0, 0, 1
87367, 1, 0, 0, 0, 1, 0
87368, 1, 0, 0, 0, 1, 0
87369, 1, 0, 0, 0, 1, 0
87370, 0, 1, 1, 0, 0, 0
87372, 1, 0, 0, 0, 1, 0
87373, 0, 1, 1, 0, 0, 0
87374, 1, 0, 0, 0, 1, 0
87375, 1, 0, 0, 0, 1, 0
87376, 1, 0, 0, 0, 1, 0
87377, 1, 0, 0, 0, 1, 0
87378, 1, 0, 0, 0, 1, 0
87383, 1, 0, 0, 0, 1, 0
87384, 1, 0, 0, 0, 1, 0
87385, 1, 0, 0, 0, 1, 0
87386, 1, 0, 0, 0, 1, 0
87387, 1, 0, 0, 0, 1, 0
87395, 1, 0, 0, 0, 1, 0
87396, 1, 0, 0, 0, 1, 0
87397, 1, 0, 0, 0, 1, 0
87398, 0, 1, 1, 0, 0, 0
87400, 1, 0, 0, 0, 1, 0
87401, 0, 1, 1, 0, 0, 0
87402, 1, 0, 0, 0, 1, 0
91310, 0, 2, 2, 0, 0, 0
90382, 2, 1, 1, 0, 2, 0
87436, 1, 0, 0, 0, 1, 0
87437, 0, 1, 1, 0, 0, 0
87438, 1, 0, 0, 0, 1, 0
87439, 0, 1, 1, 0, 0, 0
87443, 2, 0, 0, 0, 1, 1
87444, 1, 1, 1, 0, 1, 0
105261, 8, 4, 0, 4, 8, 0
87448, 1, 0, 0, 0, 1, 0
87449, 0, 1, 1, 0, 0, 0
87451, 2, 0, 0, 0, 2, 0
87452, 1, 0, 0, 0, 1, 0
87454, 1, 0, 0, 0, 1, 0
87455, 2, 1, 1, 0, 2, 0
87456, 1, 0, 0, 0, 1, 0
87457, 1, 0, 0, 0, 1, 0
87463, 1, 0, 0, 0, 1, 0
87464, 0, 1, 1, 0, 0, 0
87471, 1, 0, 0, 0, 1, 0
87472, 1, 0, 0, 0, 1, 0
87473, 1, 0, 0, 0, 1, 0
91846, 0, 1, 0, 1, 0, 0
91954, 0, 1, 1, 0, 0, 0
87486, 2, 1, 1, 0, 2, 0
87487, 2, 1, 1, 0, 2, 0
87489, 3, 0, 0, 0, 3, 0
87496, 2, 0, 0, 0, 2, 0
87497, 3, 0, 0, 0, 3, 0
87501, 3, 0, 0, 0, 3, 0
87502, 1, 0, 0, 0, 1, 0
87503, 1, 0, 0, 0, 1, 0
87504, 1, 0, 0, 0, 1, 0
87506, 3, 0, 0, 0, 3, 0
87507, 1, 0, 0, 0, 1, 0
87511, 1, 0, 0, 0, 1, 0
87512, 1, 1, 0, 1, 1, 0
87513, 4, 0, 0, 0, 4, 0
87514, 1, 0, 0, 0, 1, 0
87523, 1, 0, 0, 0, 1, 0
87528, 1, 0, 0, 0, 0, 1
87529, 3, 0, 0, 0, 3, 0
87530, 1, 0, 0, 0, 1, 0
87531, 1, 0, 0, 0, 1, 0
87532, 0, 1, 1, 0, 0, 0
87533, 1, 0, 0, 0, 1, 0
87536, 1, 0, 0, 0, 1, 0
87537, 1, 0, 0, 0, 1, 0
87538, 1, 0, 0, 0, 1, 0
87539, 1, 0, 0, 0, 1, 0
87540, 11, 0, 0, 0, 11, 0
87544, 1, 0, 0, 0, 1, 0
87545, 0, 1, 1, 0, 0, 0
87546, 1, 0, 0, 0, 0, 1
87561, 1, 0, 0, 0, 1, 0
87564, 1, 0, 0, 0, 1, 0
87567, 0, 1, 1, 0, 0, 0
87569, 2, 0, 0, 0, 1, 1
87570, 0, 1, 0, 1, 0, 0
87572, 2, 0, 0, 0, 2, 0
87573, 1, 0, 0, 0, 1, 0
87575, 1, 0, 0, 0, 1, 0
87576, 0, 2, 2, 0, 0, 0
87577, 1, 0, 0, 0, 1, 0
87578, 0, 1, 1, 0, 0, 0
87580, 1, 0, 0, 0, 1, 0
87584, 1, 0, 0, 0, 1, 0
87585, 4, 0, 0, 0, 4, 0
87588, 1, 0, 0, 0, 1, 0
87589, 1, 0, 0, 0, 0, 1
87590, 1, 0, 0, 0, 1, 0
87591, 1, 0, 0, 0, 1, 0
90565, 0, 1, 1, 0, 0, 0
87593, 1, 0, 0, 0, 1, 0
87594, 1, 0, 0, 0, 1, 0
87595, 2, 0, 0, 0, 2, 0
87596, 0, 1, 1, 0, 0, 0
104058, 0, 1, 1, 0, 0, 0
104059, 0, 1, 1, 0, 0, 0
87609, 1, 0, 0, 0, 1, 0
87611, 1, 0, 0, 0, 1, 0
87613, 1, 0, 0, 0, 1, 0
87614, 1, 0, 0, 0, 1, 0
87615, 1, 1, 1, 0, 1, 0
87617, 0, 1, 1, 0, 0, 0
87618, 1, 0, 0, 0, 1, 0
87620, 1, 0, 0, 0, 0, 1
87621, 1, 0, 0, 0, 1, 0
87622, 1, 4, 4, 0, 1, 0
89385, 1, 1, 1, 0, 1, 0
87627, 1, 0, 0, 0, 1, 0
87636, 2, 1, 1, 0, 1, 1
87637, 1, 1, 1, 0, 1, 0
87642, 1, 0, 0, 0, 1, 0
87646, 3, 0, 0, 0, 3, 0
87647, 1, 0, 0, 0, 1, 0
87648, 1, 0, 0, 0, 1, 0
87650, 0, 1, 1, 0, 0, 0
87651, 1, 0, 0, 0, 1, 0
87653, 3, 0, 0, 0, 3, 0
87654, 0, 1, 1, 0, 0, 0
87655, 4, 0, 0, 0, 4, 0
87656, 1, 0, 0, 0, 0, 1
87675, 1, 0, 0, 0, 1, 0
87680, 1, 1, 1, 0, 1, 0
87681, 2, 1, 0, 1, 2, 0
87682, 2, 0, 0, 0, 2, 0
87683, 1, 1, 1, 0, 1, 0
87685, 1, 0, 0, 0, 1, 0
87688, 4, 0, 0, 0, 4, 0
87689, 1, 0, 0, 0, 1, 0
87692, 0, 1, 1, 0, 0, 0
87694, 4, 0, 0, 0, 2, 2
87701, 1, 0, 0, 0, 1, 0
87703, 1, 0, 0, 0, 1, 0
87705, 3, 0, 0, 0, 3, 0
87724, 1, 0, 0, 0, 0, 1
87727, 1, 0, 0, 0, 1, 0
87728, 1, 0, 0, 0, 1, 0
87733, 1, 0, 0, 0, 1, 0
87734, 1, 1, 1, 0, 1, 0
87735, 2, 1, 1, 0, 2, 0
88084, 0, 1, 1, 0, 0, 0
87737, 1, 0, 0, 0, 1, 0
87738, 2, 0, 0, 0, 2, 0
87739, 2, 0, 0, 0, 1, 1
87740, 1, 0, 0, 0, 1, 0
87741, 1, 0, 0, 0, 1, 0
87742, 1, 0, 0, 0, 1, 0
87745, 1, 0, 0, 0, 1, 0
87747, 1, 0, 0, 0, 1, 0
87750, 1, 0, 0, 0, 1, 0
87751, 1, 0, 0, 0, 1, 0
87757, 2, 0, 0, 0, 2, 0
87758, 1, 0, 0, 0, 1, 0
87759, 0, 3, 3, 0, 0, 0
87761, 2, 0, 0, 0, 2, 0
87765, 1, 0, 0, 0, 1, 0
87767, 2, 0, 0, 0, 2, 0
87768, 2, 2, 2, 0, 2, 0
87769, 1, 0, 0, 0, 1, 0
87777, 1, 0, 0, 0, 1, 0
87778, 1, 0, 0, 0, 1, 0
87779, 1, 0, 0, 0, 1, 0
87780, 6, 0, 0, 0, 6, 0
87781, 1, 1, 1, 0, 1, 0
87783, 1, 0, 0, 0, 1, 0
87784, 1, 0, 0, 0, 1, 0
87785, 1, 0, 0, 0, 1, 0
87786, 1, 0, 0, 0, 1, 0
87788, 1, 0, 0, 0, 1, 0
87793, 1, 0, 0, 0, 1, 0
87794, 0, 1, 1, 0, 0, 0
87798, 3, 0, 0, 0, 3, 0
87799, 1, 0, 0, 0, 1, 0
87800, 3, 0, 0, 0, 3, 0
87801, 0, 1, 1, 0, 0, 0
87802, 1, 0, 0, 0, 1, 0
87806, 1, 0, 0, 0, 1, 0
87807, 1, 0, 0, 0, 1, 0
87809, 1, 0, 0, 0, 1, 0
87810, 5, 1, 1, 0, 5, 0
87815, 0, 1, 1, 0, 0, 0
87817, 1, 0, 0, 0, 1, 0
87819, 0, 1, 1, 0, 0, 0
87820, 3, 1, 1, 0, 2, 1
87826, 1, 0, 0, 0, 1, 0
87827, 2, 0, 0, 0, 2, 0
88855, 1, 1, 1, 0, 1, 0
88885, 2, 3, 3, 0, 2, 0
87829, 1, 0, 0, 0, 1, 0
87830, 5, 0, 0, 0, 5, 0
87831, 3, 0, 0, 0, 3, 0
87832, 1, 0, 0, 0, 1, 0
87833, 1, 0, 0, 0, 1, 0
87837, 1, 0, 0, 0, 1, 0
87838, 1, 0, 0, 0, 1, 0
87839, 1, 0, 0, 0, 1, 0
87840, 1, 0, 0, 0, 1, 0
87841, 1, 0, 0, 0, 1, 0
87842, 1, 0, 0, 0, 1, 0
87843, 1, 0, 0, 0, 1, 0
87844, 0, 1, 1, 0, 0, 0
87845, 1, 0, 0, 0, 1, 0
87847, 1, 0, 0, 0, 1, 0
89677, 1, 1, 1, 0, 1, 0
90348, 2, 1, 1, 0, 2, 0
87855, 1, 0, 0, 0, 1, 0
87856, 1, 0, 0, 0, 1, 0
87857, 2, 2, 2, 0, 2, 0
87858, 1, 1, 1, 0, 1, 0
87859, 1, 0, 0, 0, 1, 0
87861, 1, 0, 0, 0, 1, 0
87862, 1, 0, 0, 0, 1, 0
87871, 1, 0, 0, 0, 1, 0
87874, 1, 0, 0, 0, 1, 0
87875, 1, 0, 0, 0, 1, 0
87877, 3, 1, 1, 0, 3, 0
87879, 2, 0, 0, 0, 1, 1
88523, 1, 1, 1, 0, 1, 0
88590, 0, 1, 1, 0, 0, 0
88591, 0, 1, 1, 0, 0, 0
87882, 1, 0, 0, 0, 1, 0
87883, 1, 0, 0, 0, 1, 0
87888, 1, 0, 0, 0, 1, 0
87893, 1, 0, 0, 0, 1, 0
87894, 0, 1, 1, 0, 0, 0
87895, 1, 0, 0, 0, 1, 0
87897, 1, 0, 0, 0, 1, 0
87899, 1, 0, 0, 0, 1, 0
87900, 0, 2, 2, 0, 0, 0
87901, 1, 0, 0, 0, 1, 0
87903, 1, 0, 0, 0, 1, 0
87904, 5, 0, 0, 0, 5, 0
87905, 1, 0, 0, 0, 1, 0
87909, 1, 0, 0, 0, 1, 0
87910, 1, 0, 0, 0, 1, 0
87911, 1, 0, 0, 0, 1, 0
87913, 1, 0, 0, 0, 1, 0
87915, 1, 0, 0, 0, 1, 0
87916, 1, 0, 0, 0, 1, 0
88060, 0, 1, 1, 0, 0, 0
87922, 1, 0, 0, 0, 1, 0
87927, 1, 0, 0, 0, 1, 0
87928, 3, 0, 0, 0, 3, 0
87929, 3, 0, 0, 0, 3, 0
87931, 1, 0, 0, 0, 1, 0
87932, 1, 0, 0, 0, 1, 0
87946, 1, 0, 0, 0, 1, 0
87951, 1, 0, 0, 0, 1, 0
87952, 1, 1, 1, 0, 1, 0
87954, 1, 0, 0, 0, 1, 0
87959, 1, 0, 0, 0, 1, 0
87960, 1, 1, 1, 0, 1, 0
87963, 3, 1, 1, 0, 3, 0
99040, 0, 1, 1, 0, 0, 0
87964, 1, 0, 0, 0, 1, 0
87965, 1, 0, 0, 0, 1, 0
87970, 1, 0, 0, 0, 1, 0
87971, 1, 0, 0, 0, 1, 0
87976, 3, 0, 0, 0, 3, 0
87985, 1, 0, 0, 0, 1, 0
87986, 1, 0, 0, 0, 1, 0
87987, 3, 0, 0, 0, 3, 0
87988, 2, 0, 0, 0, 2, 0
87989, 1, 0, 0, 0, 1, 0
87991, 2, 0, 0, 0, 2, 0
87992, 1, 0, 0, 0, 1, 0
87993, 1, 0, 0, 0, 0, 1
87997, 1, 0, 0, 0, 1, 0
87999, 1, 0, 0, 0, 1, 0
88000, 1, 0, 0, 0, 1, 0
88001, 1, 0, 0, 0, 1, 0
88002, 1, 0, 0, 0, 1, 0
88003, 0, 1, 1, 0, 0, 0
88006, 1, 0, 0, 0, 1, 0
88008, 2, 0, 0, 0, 2, 0
88009, 0, 2, 2, 0, 0, 0
88015, 1, 0, 0, 0, 1, 0
88016, 7, 0, 0, 0, 3, 4
88017, 0, 1, 1, 0, 0, 0
88018, 0, 1, 1, 0, 0, 0
88020, 0, 1, 1, 0, 0, 0
88021, 1, 0, 0, 0, 1, 0
88022, 1, 0, 0, 0, 1, 0
88023, 1, 0, 0, 0, 1, 0
88025, 1, 0, 0, 0, 1, 0
88027, 1, 0, 0, 0, 1, 0
88031, 2, 0, 0, 0, 2, 0
88032, 1, 0, 0, 0, 1, 0
88033, 1, 0, 0, 0, 1, 0
88036, 1, 0, 0, 0, 1, 0
88037, 1, 0, 0, 0, 1, 0
88038, 0, 1, 1, 0, 0, 0
88039, 1, 0, 0, 0, 1, 0
88040, 0, 2, 2, 0, 0, 0
88041, 1, 0, 0, 0, 1, 0
88042, 1, 1, 1, 0, 1, 0
88043, 2, 0, 0, 0, 2, 0
88044, 1, 0, 0, 0, 1, 0
88047, 1, 0, 0, 0, 1, 0
88048, 1, 0, 0, 0, 1, 0
88051, 2, 0, 0, 0, 2, 0
88055, 2, 0, 0, 0, 2, 0
88056, 1, 0, 0, 0, 1, 0
88058, 2, 0, 0, 0, 2, 0
88059, 1, 0, 0, 0, 1, 0
88061, 1, 0, 0, 0, 1, 0
88063, 5, 1, 1, 0, 5, 0
88064, 1, 0, 0, 0, 1, 0
88065, 2, 0, 0, 0, 2, 0
88066, 1, 0, 0, 0, 1, 0
88067, 2, 0, 0, 0, 2, 0
88071, 1, 0, 0, 0, 1, 0
88072, 1, 0, 0, 0, 1, 0
88082, 1, 0, 0, 0, 1, 0
88083, 0, 2, 2, 0, 0, 0
88085, 1, 0, 0, 0, 1, 0
88088, 1, 0, 0, 0, 1, 0
88089, 1, 0, 0, 0, 1, 0
88090, 1, 0, 0, 0, 1, 0
88091, 2, 0, 0, 0, 2, 0
88092, 0, 2, 1, 1, 0, 0
88093, 1, 0, 0, 0, 1, 0
88094, 1, 0, 0, 0, 1, 0
88096, 1, 0, 0, 0, 1, 0
88100, 1, 0, 0, 0, 1, 0
88159, 1, 0, 0, 0, 1, 0
88161, 1, 0, 0, 0, 1, 0
88162, 0, 1, 1, 0, 0, 0
88163, 1, 0, 0, 0, 1, 0
88164, 1, 0, 0, 0, 1, 0
88165, 1, 0, 0, 0, 1, 0
88167, 1, 0, 0, 0, 1, 0
88168, 1, 0, 0, 0, 1, 0
88171, 3, 1, 1, 0, 3, 0
91808, 2, 1, 1, 0, 2, 0
88173, 2, 0, 0, 0, 2, 0
88177, 1, 0, 0, 0, 1, 0
88183, 1, 0, 0, 0, 1, 0
88186, 1, 0, 0, 0, 1, 0
88187, 1, 0, 0, 0, 1, 0
88189, 1, 0, 0, 0, 1, 0
96015, 0, 1, 1, 0, 0, 0
88202, 1, 0, 0, 0, 1, 0
88203, 1, 0, 0, 0, 1, 0
88206, 8, 1, 1, 0, 8, 0
88207, 1, 0, 0, 0, 1, 0
88208, 1, 0, 0, 0, 1, 0
88209, 1, 0, 0, 0, 1, 0
88210, 9, 0, 0, 0, 9, 0
88213, 1, 0, 0, 0, 1, 0
88214, 1, 0, 0, 0, 0, 1
88215, 1, 0, 0, 0, 1, 0
88218, 1, 0, 0, 0, 1, 0
88219, 1, 0, 0, 0, 1, 0
88221, 1, 0, 0, 0, 1, 0
88222, 0, 1, 1, 0, 0, 0
88223, 2, 0, 0, 0, 2, 0
88224, 2, 0, 0, 0, 2, 0
88225, 1, 0, 0, 0, 1, 0
88226, 1, 0, 0, 0, 1, 0
88227, 1, 0, 0, 0, 1, 0
88229, 7, 0, 0, 0, 7, 0
88230, 0, 1, 1, 0, 0, 0
88231, 0, 1, 1, 0, 0, 0
88232, 0, 1, 1, 0, 0, 0
88237, 1, 0, 0, 0, 1, 0
88238, 1, 1, 1, 0, 1, 0
88240, 3, 0, 0, 0, 3, 0
88241, 2, 0, 0, 0, 2, 0
88242, 0, 1, 1, 0, 0, 0
88243, 1, 0, 0, 0, 1, 0
88244, 6, 0, 0, 0, 6, 0
88245, 1, 0, 0, 0, 1, 0
88255, 1, 0, 0, 0, 1, 0
88256, 1, 0, 0, 0, 1, 0
88257, 1, 0, 0, 0, 0, 1
88263, 1, 0, 0, 0, 1, 0
88264, 1, 0, 0, 0, 1, 0
88265, 1, 0, 0, 0, 1, 0
88266, 1, 0, 0, 0, 1, 0
88269, 2, 0, 0, 0, 2, 0
88270, 0, 1, 1, 0, 0, 0
88272, 1, 0, 0, 0, 1, 0
88273, 1, 0, 0, 0, 1, 0
88274, 2, 0, 0, 0, 2, 0
88275, 0, 1, 1, 0, 0, 0
88276, 1, 0, 0, 0, 1, 0
88277, 0, 1, 1, 0, 0, 0
88279, 3, 0, 0, 0, 3, 0
88280, 1, 0, 0, 0, 1, 0
88281, 2, 0, 0, 0, 2, 0
88282, 1, 1, 1, 0, 1, 0
88283, 1, 0, 0, 0, 1, 0
88285, 1, 0, 0, 0, 1, 0
88286, 1, 0, 0, 0, 1, 0
88287, 2, 0, 0, 0, 2, 0
88288, 0, 1, 1, 0, 0, 0
88289, 1, 0, 0, 0, 1, 0
88293, 1, 0, 0, 0, 1, 0
88295, 1, 0, 0, 0, 1, 0
88297, 1, 0, 0, 0, 1, 0
88298, 1, 0, 0, 0, 1, 0
88299, 1, 0, 0, 0, 1, 0
88300, 2, 0, 0, 0, 2, 0
88315, 1, 0, 0, 0, 1, 0
88317, 2, 0, 0, 0, 2, 0
88318, 4, 0, 0, 0, 4, 0
88319, 1, 0, 0, 0, 1, 0
88321, 1, 0, 0, 0, 1, 0
88323, 1, 0, 0, 0, 1, 0
88324, 1, 0, 0, 0, 1, 0
88325, 1, 0, 0, 0, 1, 0
88326, 1, 1, 1, 0, 1, 0
88330, 1, 0, 0, 0, 1, 0
88335, 1, 0, 0, 0, 1, 0
88336, 2, 0, 0, 0, 2, 0
88337, 0, 1, 1, 0, 0, 0
88338, 1, 1, 1, 0, 1, 0
88339, 2, 2, 2, 0, 2, 0
88340, 1, 0, 0, 0, 1, 0
88341, 1, 0, 0, 0, 1, 0
88342, 0, 1, 1, 0, 0, 0
88343, 1, 0, 0, 0, 1, 0
88350, 1, 0, 0, 0, 1, 0
88353, 1, 0, 0, 0, 1, 0
88354, 1, 0, 0, 0, 1, 0
88356, 1, 0, 0, 0, 1, 0
88357, 1, 0, 0, 0, 1, 0
88358, 1, 0, 0, 0, 0, 1
88359, 1, 0, 0, 0, 1, 0
88360, 1, 0, 0, 0, 1, 0
88363, 1, 0, 0, 0, 1, 0
88364, 2, 0, 0, 0, 2, 0
88365, 1, 0, 0, 0, 1, 0
88366, 1, 1, 1, 0, 1, 0
89300, 1, 2, 2, 0, 1, 0
91937, 1, 1, 1, 0, 1, 0
88368, 1, 0, 0, 0, 0, 1
88374, 1, 0, 0, 0, 1, 0
88375, 1, 0, 0, 0, 1, 0
88376, 1, 0, 0, 0, 1, 0
88377, 1, 0, 0, 0, 0, 1
88383, 1, 0, 0, 0, 1, 0
88384, 1, 0, 0, 0, 1, 0
88389, 1, 0, 0, 0, 1, 0
88390, 1, 0, 0, 0, 1, 0
88391, 1, 0, 0, 0, 1, 0
88392, 1, 1, 1, 0, 1, 0
88393, 1, 0, 0, 0, 1, 0
88401, 1, 0, 0, 0, 1, 0
88402, 1, 0, 0, 0, 1, 0
88403, 0, 1, 1, 0, 0, 0
88407, 1, 0, 0, 0, 1, 0
88409, 1, 0, 0, 0, 1, 0
88410, 1, 1, 1, 0, 1, 0
90325, 1, 1, 1, 0, 1, 0
88413, 1, 0, 0, 0, 1, 0
88414, 1, 0, 0, 0, 1, 0
88415, 1, 0, 0, 0, 1, 0
88416, 0, 1, 1, 0, 0, 0
88417, 1, 0, 0, 0, 1, 0
88418, 1, 0, 0, 0, 1, 0
88419, 1, 2, 1, 1, 1, 0
88420, 2, 0, 0, 0, 2, 0
88421, 2, 2, 2, 0, 2, 0
90368, 1, 1, 1, 0, 1, 0
95658, 0, 1, 1, 0, 0, 0
88424, 2, 0, 0, 0, 2, 0
88428, 1, 0, 0, 0, 1, 0
88429, 1, 0, 0, 0, 1, 0
88431, 1, 0, 0, 0, 1, 0
88432, 1, 0, 0, 0, 1, 0
88433, 1, 0, 0, 0, 1, 0
88434, 1, 0, 0, 0, 0, 1
88436, 1, 0, 0, 0, 1, 0
88437, 1, 0, 0, 0, 1, 0
88438, 1, 0, 0, 0, 1, 0
88439, 0, 2, 2, 0, 0, 0
88446, 1, 0, 0, 0, 1, 0
88447, 0, 1, 1, 0, 0, 0
88448, 1, 0, 0, 0, 1, 0
88451, 1, 0, 0, 0, 0, 1
88453, 1, 1, 1, 0, 1, 0
88455, 1, 0, 0, 0, 1, 0
88456, 1, 0, 0, 0, 1, 0
88458, 1, 0, 0, 0, 1, 0
88459, 1, 0, 0, 0, 1, 0
88461, 1, 0, 0, 0, 1, 0
88462, 1, 0, 0, 0, 1, 0
88463, 0, 1, 1, 0, 0, 0
88464, 1, 0, 0, 0, 1, 0
88465, 1, 0, 0, 0, 1, 0
88466, 1, 0, 0, 0, 1, 0
88467, 1, 0, 0, 0, 1, 0
88469, 1, 0, 0, 0, 1, 0
88471, 1, 0, 0, 0, 1, 0
88489, 5, 0, 0, 0, 5, 0
88490, 4, 0, 0, 0, 4, 0
88491, 0, 1, 1, 0, 0, 0
88492, 1, 0, 0, 0, 1, 0
88494, 1, 0, 0, 0, 1, 0
88495, 1, 0, 0, 0, 1, 0
88496, 1, 0, 0, 0, 1, 0
88497, 1, 0, 0, 0, 1, 0
88499, 1, 0, 0, 0, 1, 0
88501, 1, 0, 0, 0, 1, 0
88502, 1, 0, 0, 0, 1, 0
88503, 1, 0, 0, 0, 1, 0
88505, 1, 0, 0, 0, 1, 0
88506, 1, 0, 0, 0, 1, 0
88507, 0, 1, 1, 0, 0, 0
88509, 1, 0, 0, 0, 1, 0
88511, 1, 0, 0, 0, 1, 0
88512, 2, 0, 0, 0, 2, 0
88514, 1, 0, 0, 0, 1, 0
88516, 3, 0, 0, 0, 2, 1
88518, 1, 0, 0, 0, 1, 0
88519, 1, 0, 0, 0, 1, 0
88521, 1, 0, 0, 0, 1, 0
88522, 2, 0, 0, 0, 2, 0
88524, 1, 0, 0, 0, 0, 1
88525, 1, 0, 0, 0, 1, 0
88530, 3, 0, 0, 0, 3, 0
88531, 4, 0, 0, 0, 4, 0
88533, 2, 0, 0, 0, 2, 0
88535, 3, 0, 0, 0, 3, 0
88537, 5, 0, 0, 0, 5, 0
88538, 3, 0, 0, 0, 3, 0
88539, 1, 0, 0, 0, 1, 0
88540, 0, 1, 1, 0, 0, 0
88541, 4, 0, 0, 0, 4, 0
88542, 3, 0, 0, 0, 3, 0
88545, 10, 0, 0, 0, 10, 0
90885, 0, 1, 1, 0, 0, 0
88547, 4, 0, 0, 0, 4, 0
88548, 1, 0, 0, 0, 1, 0
88549, 5, 0, 0, 0, 5, 0
88550, 5, 0, 0, 0, 5, 0
88551, 9, 0, 0, 0, 9, 0
88552, 0, 3, 3, 0, 0, 0
88553, 1, 1, 1, 0, 1, 0
88554, 3, 0, 0, 0, 3, 0
88555, 5, 0, 0, 0, 5, 0
88558, 1, 0, 0, 0, 1, 0
88560, 3, 0, 0, 0, 3, 0
88561, 4, 0, 0, 0, 4, 0
88563, 2, 0, 0, 0, 1, 1
88564, 0, 1, 0, 1, 0, 0
88566, 1, 0, 0, 0, 1, 0
90599, 0, 1, 1, 0, 0, 0
88572, 1, 0, 0, 0, 1, 0
88574, 2, 0, 0, 0, 2, 0
88578, 1, 0, 0, 0, 1, 0
88581, 1, 0, 0, 0, 1, 0
88583, 1, 0, 0, 0, 1, 0
88585, 1, 0, 0, 0, 1, 0
88592, 1, 0, 0, 0, 1, 0
88596, 1, 0, 0, 0, 1, 0
88599, 1, 0, 0, 0, 1, 0
88601, 1, 0, 0, 0, 1, 0
88602, 9, 0, 0, 0, 3, 6
88604, 2, 0, 0, 0, 2, 0
88605, 1, 0, 0, 0, 1, 0
88606, 1, 0, 0, 0, 1, 0
88607, 0, 1, 1, 0, 0, 0
88608, 1, 0, 0, 0, 1, 0
88610, 1, 0, 0, 0, 0, 1
88611, 1, 0, 0, 0, 1, 0
88615, 1, 1, 1, 0, 1, 0
88617, 1, 0, 0, 0, 1, 0
88620, 1, 0, 0, 0, 0, 1
88621, 3, 0, 0, 0, 3, 0
88622, 1, 2, 2, 0, 1, 0
88625, 1, 0, 0, 0, 1, 0
88626, 1, 0, 0, 0, 1, 0
88627, 1, 0, 0, 0, 1, 0
88628, 1, 0, 0, 0, 1, 0
88629, 1, 0, 0, 0, 1, 0
88632, 1, 0, 0, 0, 0, 1
88633, 1, 0, 0, 0, 1, 0
88637, 2, 0, 0, 0, 2, 0
88639, 3, 0, 0, 0, 3, 0
88640, 0, 1, 1, 0, 0, 0
88641, 0, 1, 1, 0, 0, 0
88645, 1, 0, 0, 0, 1, 0
88646, 1, 0, 0, 0, 1, 0
88647, 2, 0, 0, 0, 2, 0
88648, 1, 0, 0, 0, 1, 0
88649, 1, 0, 0, 0, 1, 0
88650, 1, 0, 0, 0, 1, 0
88651, 1, 0, 0, 0, 1, 0
88652, 2, 0, 0, 0, 2, 0
88653, 2, 0, 0, 0, 2, 0
88654, 1, 0, 0, 0, 1, 0
88663, 1, 0, 0, 0, 1, 0
88666, 1, 0, 0, 0, 1, 0
88667, 3, 0, 0, 0, 3, 0
88668, 1, 0, 0, 0, 1, 0
88669, 1, 0, 0, 0, 1, 0
88670, 2, 0, 0, 0, 2, 0
88671, 1, 0, 0, 0, 1, 0
88672, 2, 0, 0, 0, 2, 0
88673, 1, 0, 0, 0, 1, 0
88674, 0, 1, 1, 0, 0, 0
88675, 1, 0, 0, 0, 1, 0
88676, 1, 0, 0, 0, 1, 0
88677, 1, 2, 2, 0, 1, 0
88678, 1, 0, 0, 0, 1, 0
88686, 2, 0, 0, 0, 2, 0
88688, 0, 1, 1, 0, 0, 0
88689, 1, 0, 0, 0, 1, 0
88690, 1, 0, 0, 0, 1, 0
88693, 1, 0, 0, 0, 1, 0
88696, 1, 0, 0, 0, 1, 0
88706, 1, 0, 0, 0, 1, 0
88707, 3, 0, 0, 0, 2, 1
88709, 1, 0, 0, 0, 1, 0
88722, 1, 0, 0, 0, 1, 0
88723, 1, 0, 0, 0, 1, 0
88724, 1, 0, 0, 0, 1, 0
88726, 1, 0, 0, 0, 1, 0
88727, 1, 0, 0, 0, 1, 0
88729, 1, 0, 0, 0, 1, 0
88730, 1, 0, 0, 0, 1, 0
88731, 1, 1, 1, 0, 1, 0
88732, 1, 0, 0, 0, 1, 0
88734, 1, 0, 0, 0, 1, 0
88735, 1, 0, 0, 0, 1, 0
88737, 1, 0, 0, 0, 1, 0
88738, 1, 0, 0, 0, 1, 0
88740, 1, 0, 0, 0, 1, 0
88741, 1, 0, 0, 0, 1, 0
88742, 1, 0, 0, 0, 1, 0
88743, 1, 0, 0, 0, 1, 0
88744, 1, 0, 0, 0, 1, 0
88745, 3, 2, 2, 0, 3, 0
88747, 1, 3, 3, 0, 1, 0
88775, 1, 0, 0, 0, 1, 0
88777, 1, 0, 0, 0, 1, 0
88778, 0, 1, 1, 0, 0, 0
88779, 1, 0, 0, 0, 1, 0
88781, 1, 0, 0, 0, 1, 0
88782, 1, 0, 0, 0, 1, 0
88783, 1, 0, 0, 0, 1, 0
88784, 1, 0, 0, 0, 1, 0
88786, 1, 0, 0, 0, 1, 0
88787, 0, 2, 2, 0, 0, 0
88788, 1, 0, 0, 0, 1, 0
88793, 1, 0, 0, 0, 1, 0
88796, 1, 0, 0, 0, 1, 0
88797, 0, 1, 1, 0, 0, 0
88798, 1, 0, 0, 0, 1, 0
88800, 1, 0, 0, 0, 1, 0
88801, 0, 1, 1, 0, 0, 0
88804, 2, 0, 0, 0, 2, 0
88807, 1, 0, 0, 0, 1, 0
88808, 0, 1, 1, 0, 0, 0
88809, 1, 0, 0, 0, 1, 0
88811, 1, 0, 0, 0, 1, 0
88813, 1, 0, 0, 0, 1, 0
88814, 1, 0, 0, 0, 1, 0
88816, 1, 0, 0, 0, 1, 0
88817, 1, 0, 0, 0, 1, 0
88820, 3, 0, 0, 0, 3, 0
88821, 1, 0, 0, 0, 1, 0
88822, 2, 0, 0, 0, 2, 0
88823, 1, 0, 0, 0, 1, 0
88824, 1, 0, 0, 0, 1, 0
88825, 1, 0, 0, 0, 1, 0
88826, 1, 0, 0, 0, 1, 0
88828, 1, 0, 0, 0, 1, 0
88829, 1, 0, 0, 0, 1, 0
88832, 1, 0, 0, 0, 1, 0
88833, 5, 1, 1, 0, 5, 0
88834, 3, 0, 0, 0, 3, 0
88835, 1, 0, 0, 0, 1, 0
88836, 1, 0, 0, 0, 1, 0
88838, 1, 0, 0, 0, 1, 0
88839, 1, 0, 0, 0, 1, 0
88840, 1, 0, 0, 0, 1, 0
88841, 1, 0, 0, 0, 1, 0
88842, 1, 0, 0, 0, 1, 0
88847, 2, 0, 0, 0, 1, 1
88848, 1, 0, 0, 0, 1, 0
88849, 4, 0, 0, 0, 4, 0
88851, 1, 0, 0, 0, 1, 0
88853, 1, 0, 0, 0, 1, 0
88859, 1, 0, 0, 0, 1, 0
88861, 5, 0, 0, 0, 5, 0
88862, 0, 1, 1, 0, 0, 0
88863, 0, 1, 1, 0, 0, 0
88878, 1, 0, 0, 0, 1, 0
88879, 1, 0, 0, 0, 1, 0
88880, 1, 1, 1, 0, 1, 0
88881, 1, 0, 0, 0, 1, 0
88886, 0, 2, 2, 0, 0, 0
88888, 2, 0, 0, 0, 2, 0
88892, 1, 0, 0, 0, 1, 0
88893, 1, 0, 0, 0, 1, 0
88897, 1, 0, 0, 0, 1, 0
88900, 1, 0, 0, 0, 1, 0
88902, 1, 0, 0, 0, 1, 0
88903, 1, 0, 0, 0, 1, 0
88904, 0, 2, 2, 0, 0, 0
88905, 1, 0, 0, 0, 1, 0
88906, 8, 1, 1, 0, 8, 0
88907, 1, 0, 0, 0, 1, 0
88909, 1, 0, 0, 0, 1, 0
88910, 1, 0, 0, 0, 1, 0
88911, 1, 0, 0, 0, 1, 0
88913, 1, 0, 0, 0, 1, 0
88915, 1, 0, 0, 0, 1, 0
88917, 1, 0, 0, 0, 1, 0
88918, 2, 0, 0, 0, 2, 0
88920, 2, 0, 0, 0, 2, 0
88923, 1, 0, 0, 0, 1, 0
88928, 6, 0, 0, 0, 2, 4
88930, 1, 0, 0, 0, 1, 0
88931, 0, 1, 1, 0, 0, 0
88938, 2, 0, 0, 0, 2, 0
90135, 0, 1, 1, 0, 0, 0
88941, 1, 0, 0, 0, 1, 0
88942, 2, 0, 0, 0, 2, 0
88945, 1, 0, 0, 0, 1, 0
88949, 1, 0, 0, 0, 1, 0
88950, 1, 0, 0, 0, 1, 0
88951, 1, 0, 0, 0, 1, 0
88952, 1, 0, 0, 0, 1, 0
88953, 1, 0, 0, 0, 0, 1
88954, 1, 0, 0, 0, 1, 0
88957, 1, 0, 0, 0, 1, 0
88958, 0, 1, 1, 0, 0, 0
88964, 1, 0, 0, 0, 1, 0
88965, 1, 0, 0, 0, 1, 0
88966, 4, 0, 0, 0, 4, 0
88968, 1, 1, 1, 0, 1, 0
88979, 1, 0, 0, 0, 1, 0
88984, 1, 0, 0, 0, 1, 0
88985, 1, 0, 0, 0, 0, 1
88986, 3, 0, 0, 0, 3, 0
88990, 1, 0, 0, 0, 1, 0
88991, 1, 0, 0, 0, 1, 0
88994, 1, 0, 0, 0, 1, 0
88997, 0, 1, 1, 0, 0, 0
89016, 1, 0, 0, 0, 1, 0
89017, 2, 0, 0, 0, 2, 0
89018, 1, 0, 0, 0, 1, 0
89019, 1, 0, 0, 0, 1, 0
89020, 1, 0, 0, 0, 0, 1
89021, 1, 0, 0, 0, 1, 0
89022, 1, 0, 0, 0, 1, 0
89023, 2, 0, 0, 0, 2, 0
89024, 1, 0, 0, 0, 1, 0
89025, 1, 0, 0, 0, 1, 0
89026, 1, 0, 0, 0, 1, 0
89027, 1, 0, 0, 0, 1, 0
89028, 1, 0, 0, 0, 1, 0
89029, 1, 0, 0, 0, 1, 0
89030, 1, 0, 0, 0, 1, 0
89031, 0, 1, 1, 0, 0, 0
89036, 2, 0, 0, 0, 2, 0
89038, 1, 0, 0, 0, 1, 0
89039, 1, 0, 0, 0, 1, 0
89055, 1, 0, 0, 0, 1, 0
89056, 1, 0, 0, 0, 1, 0
89057, 1, 0, 0, 0, 1, 0
89058, 0, 1, 1, 0, 0, 0
89059, 2, 0, 0, 0, 2, 0
89099, 0, 2, 2, 0, 0, 0
89061, 2, 0, 0, 0, 2, 0
89062, 6, 0, 0, 0, 6, 0
89063, 2, 2, 2, 0, 2, 0
89064, 3, 1, 1, 0, 3, 0
89065, 1, 0, 0, 0, 1, 0
89067, 2, 1, 1, 0, 2, 0
89068, 0, 1, 1, 0, 0, 0
89070, 1, 0, 0, 0, 1, 0
89071, 1, 0, 0, 0, 1, 0
89072, 2, 0, 0, 0, 1, 1
89073, 3, 2, 2, 0, 3, 0
89076, 1, 0, 0, 0, 1, 0
89077, 1, 0, 0, 0, 1, 0
89083, 1, 0, 0, 0, 1, 0
89084, 1, 0, 0, 0, 1, 0
89085, 1, 0, 0, 0, 1, 0
89086, 1, 0, 0, 0, 1, 0
89088, 2, 0, 0, 0, 2, 0
89089, 1, 0, 0, 0, 1, 0
89090, 0, 1, 1, 0, 0, 0
89091, 1, 0, 0, 0, 1, 0
89092, 6, 0, 0, 0, 5, 1
89095, 2, 0, 0, 0, 2, 0
89102, 1, 0, 0, 0, 1, 0
89109, 1, 0, 0, 0, 1, 0
129964, 0, 1, 1, 0, 0, 0
89111, 1, 0, 0, 0, 1, 0
89112, 1, 0, 0, 0, 1, 0
89114, 1, 0, 0, 0, 1, 0
89116, 1, 0, 0, 0, 1, 0
89117, 1, 0, 0, 0, 1, 0
89122, 1, 0, 0, 0, 1, 0
89132, 1, 0, 0, 0, 1, 0
89133, 1, 0, 0, 0, 0, 1
89135, 1, 0, 0, 0, 1, 0
89136, 1, 0, 0, 0, 1, 0
89138, 1, 0, 0, 0, 1, 0
89139, 2, 0, 0, 0, 2, 0
89140, 1, 2, 2, 0, 1, 0
89141, 1, 1, 1, 0, 1, 0
89142, 1, 0, 0, 0, 1, 0
89143, 1, 1, 1, 0, 1, 0
89144, 1, 0, 0, 0, 1, 0
89145, 1, 1, 1, 0, 1, 0
89146, 1, 1, 1, 0, 1, 0
89147, 2, 0, 0, 0, 2, 0
89148, 1, 1, 1, 0, 1, 0
89149, 1, 0, 0, 0, 1, 0
89150, 1, 1, 1, 0, 1, 0
89151, 2, 0, 0, 0, 2, 0
89154, 1, 0, 0, 0, 1, 0
89155, 1, 0, 0, 0, 1, 0
89156, 1, 0, 0, 0, 1, 0
89157, 1, 0, 0, 0, 1, 0
89159, 2, 0, 0, 0, 2, 0
89160, 0, 1, 1, 0, 0, 0
89161, 1, 0, 0, 0, 1, 0
89164, 1, 0, 0, 0, 1, 0
89165, 0, 1, 1, 0, 0, 0
89166, 1, 0, 0, 0, 1, 0
89167, 3, 0, 0, 0, 3, 0
89168, 1, 0, 0, 0, 1, 0
89169, 5, 0, 0, 0, 5, 0
89170, 1, 0, 0, 0, 1, 0
89173, 1, 0, 0, 0, 1, 0
89174, 1, 0, 0, 0, 1, 0
89175, 1, 0, 0, 0, 1, 0
89176, 4, 0, 0, 0, 2, 2
89179, 1, 0, 0, 0, 0, 1
89180, 1, 0, 0, 0, 1, 0
89181, 1, 0, 0, 0, 1, 0
89182, 1, 0, 0, 0, 1, 0
89184, 3, 1, 1, 0, 3, 0
89185, 6, 1, 1, 0, 6, 0
89186, 2, 1, 1, 0, 2, 0
89187, 1, 0, 0, 0, 1, 0
89188, 1, 0, 0, 0, 1, 0
89189, 2, 0, 0, 0, 2, 0
89190, 0, 1, 1, 0, 0, 0
89191, 1, 1, 1, 0, 1, 0
89192, 4, 2, 2, 0, 4, 0
89580, 1, 1, 1, 0, 1, 0
89193, 2, 0, 0, 0, 2, 0
89198, 2, 0, 0, 0, 2, 0
89199, 1, 0, 0, 0, 1, 0
89201, 1, 0, 0, 0, 1, 0
89202, 1, 0, 0, 0, 1, 0
89203, 1, 0, 0, 0, 1, 0
89204, 1, 0, 0, 0, 1, 0
89205, 1, 0, 0, 0, 1, 0
89206, 1, 0, 0, 0, 1, 0
89207, 2, 0, 0, 0, 2, 0
89208, 2, 0, 0, 0, 2, 0
89209, 1, 0, 0, 0, 1, 0
89210, 1, 0, 0, 0, 1, 0
89212, 1, 0, 0, 0, 1, 0
89214, 1, 0, 0, 0, 1, 0
89215, 1, 0, 0, 0, 1, 0
89220, 1, 1, 1, 0, 1, 0
89221, 0, 3, 3, 0, 0, 0
89222, 4, 0, 0, 0, 4, 0
89223, 2, 0, 0, 0, 2, 0
89224, 1, 0, 0, 0, 1, 0
89225, 1, 0, 0, 0, 1, 0
89227, 3, 0, 0, 0, 3, 0
89229, 1, 0, 0, 0, 1, 0
89230, 1, 0, 0, 0, 1, 0
89231, 1, 0, 0, 0, 1, 0
89232, 3, 0, 0, 0, 2, 1
89233, 1, 0, 0, 0, 1, 0
89235, 1, 0, 0, 0, 1, 0
89236, 1, 0, 0, 0, 1, 0
89237, 1, 0, 0, 0, 1, 0
89238, 1, 0, 0, 0, 1, 0
89242, 1, 0, 0, 0, 1, 0
89244, 2, 0, 0, 0, 2, 0
89246, 1, 0, 0, 0, 1, 0
89247, 1, 0, 0, 0, 1, 0
89250, 2, 0, 0, 0, 2, 0
89251, 1, 0, 0, 0, 1, 0
89252, 1, 0, 0, 0, 1, 0
89253, 1, 1, 1, 0, 1, 0
89254, 1, 0, 0, 0, 1, 0
89255, 1, 0, 0, 0, 1, 0
89256, 2, 0, 0, 0, 2, 0
89257, 1, 0, 0, 0, 1, 0
89263, 2, 0, 0, 0, 2, 0
89264, 1, 0, 0, 0, 1, 0
89265, 1, 0, 0, 0, 1, 0
89266, 1, 0, 0, 0, 1, 0
89267, 1, 0, 0, 0, 1, 0
89268, 0, 1, 1, 0, 0, 0
89271, 1, 0, 0, 0, 1, 0
89272, 1, 0, 0, 0, 1, 0
89274, 2, 0, 0, 0, 2, 0
89276, 1, 0, 0, 0, 1, 0
89280, 2, 0, 0, 0, 2, 0
89283, 1, 0, 0, 0, 1, 0
89284, 1, 0, 0, 0, 1, 0
89285, 0, 1, 1, 0, 0, 0
89286, 3, 0, 0, 0, 3, 0
89287, 1, 0, 0, 0, 1, 0
89288, 1, 0, 0, 0, 0, 1
89289, 1, 0, 0, 0, 1, 0
89291, 1, 0, 0, 0, 1, 0
89292, 0, 1, 1, 0, 0, 0
89293, 1, 0, 0, 0, 1, 0
89294, 1, 0, 0, 0, 1, 0
89295, 1, 0, 0, 0, 1, 0
89297, 2, 0, 0, 0, 2, 0
89298, 1, 0, 0, 0, 1, 0
89299, 1, 0, 0, 0, 1, 0
89301, 1, 1, 1, 0, 1, 0
89302, 2, 1, 1, 0, 2, 0
89303, 1, 0, 0, 0, 1, 0
89304, 1, 0, 0, 0, 1, 0
89305, 1, 1, 1, 0, 1, 0
89306, 3, 1, 1, 0, 3, 0
89490, 0, 1, 1, 0, 0, 0
89307, 2, 0, 0, 0, 2, 0
89308, 0, 1, 1, 0, 0, 0
89309, 1, 0, 0, 0, 1, 0
89310, 1, 0, 0, 0, 0, 1
89312, 1, 0, 0, 0, 1, 0
89313, 1, 0, 0, 0, 1, 0
89314, 1, 0, 0, 0, 1, 0
89315, 1, 0, 0, 0, 1, 0
89316, 1, 0, 0, 0, 1, 0
89318, 1, 0, 0, 0, 1, 0
89319, 1, 0, 0, 0, 1, 0
89320, 1, 0, 0, 0, 1, 0
89322, 1, 0, 0, 0, 1, 0
109060, 0, 1, 0, 1, 0, 0
89384, 2, 0, 0, 0, 2, 0
89386, 2, 0, 0, 0, 2, 0
89388, 1, 0, 0, 0, 1, 0
89389, 0, 1, 1, 0, 0, 0
89400, 1, 0, 0, 0, 1, 0
89401, 2, 0, 0, 0, 2, 0
89404, 1, 0, 0, 0, 1, 0
89405, 0, 2, 2, 0, 0, 0
89408, 1, 0, 0, 0, 1, 0
89409, 1, 0, 0, 0, 1, 0
89410, 1, 0, 0, 0, 1, 0
89414, 1, 0, 0, 0, 1, 0
89415, 1, 0, 0, 0, 1, 0
89416, 1, 0, 0, 0, 1, 0
89417, 0, 1, 1, 0, 0, 0
89418, 1, 0, 0, 0, 1, 0
89420, 1, 0, 0, 0, 1, 0
89422, 1, 0, 0, 0, 0, 1
89423, 1, 0, 0, 0, 1, 0
89424, 1, 0, 0, 0, 1, 0
89425, 4, 2, 2, 0, 2, 2
89426, 1, 1, 1, 0, 1, 0
89427, 3, 1, 1, 0, 3, 0
89428, 1, 0, 0, 0, 1, 0
89429, 1, 0, 0, 0, 1, 0
89431, 1, 0, 0, 0, 1, 0
89434, 1, 0, 0, 0, 1, 0
89435, 2, 0, 0, 0, 2, 0
89436, 1, 0, 0, 0, 1, 0
89437, 1, 0, 0, 0, 1, 0
89438, 1, 0, 0, 0, 1, 0
89439, 3, 0, 0, 0, 3, 0
89440, 0, 1, 1, 0, 0, 0
89441, 4, 0, 0, 0, 4, 0
89442, 1, 0, 0, 0, 1, 0
89443, 4, 0, 0, 0, 4, 0
89444, 0, 2, 2, 0, 0, 0
89445, 0, 1, 1, 0, 0, 0
89447, 5, 0, 0, 0, 5, 0
89448, 2, 0, 0, 0, 2, 0
89449, 1, 0, 0, 0, 1, 0
89451, 0, 1, 1, 0, 0, 0
89452, 1, 0, 0, 0, 0, 1
89453, 0, 1, 0, 1, 0, 0
89454, 1, 0, 0, 0, 1, 0
89459, 1, 0, 0, 0, 1, 0
89460, 2, 0, 0, 0, 2, 0
89461, 1, 0, 0, 0, 1, 0
89463, 1, 0, 0, 0, 1, 0
89464, 1, 0, 0, 0, 1, 0
89468, 5, 0, 0, 0, 5, 0
89469, 1, 0, 0, 0, 1, 0
89477, 1, 0, 0, 0, 1, 0
89480, 1, 0, 0, 0, 1, 0
89481, 0, 1, 1, 0, 0, 0
89482, 1, 0, 0, 0, 1, 0
89483, 1, 0, 0, 0, 1, 0
89493, 16, 0, 0, 0, 16, 0
89494, 1, 0, 0, 0, 1, 0
89495, 1, 0, 0, 0, 1, 0
89496, 1, 0, 0, 0, 1, 0
89500, 1, 0, 0, 0, 0, 1
89501, 1, 0, 0, 0, 1, 0
89502, 1, 0, 0, 0, 0, 1
89503, 1, 0, 0, 0, 1, 0
89504, 1, 0, 0, 0, 1, 0
89507, 1, 0, 0, 0, 1, 0
89508, 1, 0, 0, 0, 1, 0
89510, 3, 0, 0, 0, 3, 0
89511, 0, 1, 1, 0, 0, 0
89512, 0, 1, 1, 0, 0, 0
89513, 1, 0, 0, 0, 1, 0
89514, 1, 0, 0, 0, 1, 0
89516, 1, 0, 0, 0, 1, 0
89519, 1, 1, 1, 0, 1, 0
89520, 1, 1, 1, 0, 1, 0
89522, 1, 0, 0, 0, 1, 0
89524, 1, 0, 0, 0, 1, 0
89525, 1, 0, 0, 0, 1, 0
89527, 1, 0, 0, 0, 1, 0
89528, 1, 0, 0, 0, 1, 0
89533, 1, 0, 0, 0, 1, 0
89534, 1, 0, 0, 0, 1, 0
89535, 4, 0, 0, 0, 3, 1
89537, 1, 0, 0, 0, 1, 0
89539, 1, 0, 0, 0, 1, 0
89540, 1, 0, 0, 0, 1, 0
89541, 1, 0, 0, 0, 1, 0
89542, 0, 1, 1, 0, 0, 0
89543, 1, 0, 0, 0, 1, 0
89544, 0, 1, 1, 0, 0, 0
89546, 1, 0, 0, 0, 1, 0
89547, 1, 0, 0, 0, 1, 0
89550, 2, 0, 0, 0, 2, 0
89551, 1, 0, 0, 0, 1, 0
89552, 2, 1, 1, 0, 2, 0
89557, 4, 0, 0, 0, 4, 0
89559, 1, 0, 0, 0, 1, 0
89560, 1, 0, 0, 0, 0, 1
89562, 1, 0, 0, 0, 1, 0
89563, 1, 0, 0, 0, 1, 0
89564, 1, 0, 0, 0, 1, 0
89565, 1, 0, 0, 0, 1, 0
89566, 3, 0, 0, 0, 2, 1
116004, 0, 1, 1, 0, 0, 0
89567, 1, 0, 0, 0, 1, 0
89578, 1, 0, 0, 0, 1, 0
89579, 1, 0, 0, 0, 1, 0
89586, 1, 0, 0, 0, 1, 0
89592, 2, 0, 0, 0, 2, 0
89593, 1, 0, 0, 0, 1, 0
89595, 1, 0, 0, 0, 1, 0
89596, 1, 0, 0, 0, 1, 0
89598, 1, 0, 0, 0, 1, 0
89599, 1, 0, 0, 0, 1, 0
89600, 0, 1, 1, 0, 0, 0
89601, 1, 0, 0, 0, 1, 0
89602, 1, 0, 0, 0, 1, 0
89605, 1, 0, 0, 0, 1, 0
89606, 0, 1, 1, 0, 0, 0
89607, 1, 0, 0, 0, 1, 0
89608, 1, 0, 0, 0, 1, 0
89609, 5, 0, 0, 0, 5, 0
89610, 1, 0, 0, 0, 1, 0
89612, 1, 0, 0, 0, 1, 0
89618, 1, 0, 0, 0, 1, 0
89620, 1, 0, 0, 0, 1, 0
89621, 1, 0, 0, 0, 1, 0
89622, 2, 0, 0, 0, 2, 0
89624, 1, 0, 0, 0, 1, 0
89625, 1, 0, 0, 0, 1, 0
89626, 1, 0, 0, 0, 1, 0
89627, 1, 0, 0, 0, 1, 0
89629, 1, 0, 0, 0, 1, 0
89630, 1, 0, 0, 0, 1, 0
89631, 1, 0, 0, 0, 1, 0
89632, 3, 0, 0, 0, 3, 0
89633, 2, 0, 0, 0, 2, 0
89638, 1, 0, 0, 0, 1, 0
89639, 1, 0, 0, 0, 1, 0
89640, 1, 0, 0, 0, 1, 0
89641, 0, 1, 1, 0, 0, 0
89644, 0, 1, 1, 0, 0, 0
89645, 0, 1, 1, 0, 0, 0
89646, 0, 1, 1, 0, 0, 0
89656, 1, 0, 0, 0, 1, 0
89973, 0, 1, 1, 0, 0, 0
89675, 1, 0, 0, 0, 1, 0
89678, 1, 0, 0, 0, 1, 0
89679, 1, 0, 0, 0, 0, 1
89680, 1, 0, 0, 0, 1, 0
89681, 1, 0, 0, 0, 1, 0
89693, 1, 0, 0, 0, 1, 0
89694, 2, 0, 0, 0, 2, 0
89708, 2, 0, 0, 0, 2, 0
89711, 1, 0, 0, 0, 1, 0
89712, 1, 0, 0, 0, 1, 0
89716, 1, 0, 0, 0, 1, 0
89717, 2, 0, 0, 0, 1, 1
89719, 1, 0, 0, 0, 1, 0
89720, 1, 0, 0, 0, 1, 0
89721, 1, 0, 0, 0, 1, 0
89722, 1, 0, 0, 0, 1, 0
89723, 1, 0, 0, 0, 1, 0
89724, 2, 0, 0, 0, 2, 0
89725, 1, 0, 0, 0, 1, 0
89726, 0, 1, 1, 0, 0, 0
89728, 1, 0, 0, 0, 1, 0
89729, 1, 0, 0, 0, 1, 0
89730, 1, 0, 0, 0, 1, 0
89731, 1, 0, 0, 0, 1, 0
89733, 1, 0, 0, 0, 1, 0
89736, 5, 0, 0, 0, 5, 0
89737, 1, 0, 0, 0, 1, 0
89738, 0, 1, 1, 0, 0, 0
89741, 1, 0, 0, 0, 1, 0
89742, 2, 0, 0, 0, 2, 0
89745, 1, 0, 0, 0, 1, 0
89748, 1, 0, 0, 0, 1, 0
89749, 0, 1, 1, 0, 0, 0
89750, 1, 0, 0, 0, 1, 0
89751, 1, 0, 0, 0, 1, 0
89752, 1, 0, 0, 0, 1, 0
89753, 2, 0, 0, 0, 2, 0
89757, 1, 0, 0, 0, 1, 0
89758, 1, 0, 0, 0, 1, 0
89760, 1, 0, 0, 0, 1, 0
89761, 2, 0, 0, 0, 2, 0
89762, 1, 1, 1, 0, 1, 0
89763, 3, 0, 0, 0, 3, 0
89765, 1, 0, 0, 0, 1, 0
90874, 0, 1, 1, 0, 0, 0
89769, 1, 0, 0, 0, 1, 0
89771, 1, 0, 0, 0, 1, 0
89773, 1, 0, 0, 0, 1, 0
89774, 1, 0, 0, 0, 1, 0
89777, 1, 0, 0, 0, 1, 0
89778, 1, 0, 0, 0, 1, 0
89780, 1, 1, 1, 0, 1, 0
89781, 1, 0, 0, 0, 1, 0
89782, 1, 0, 0, 0, 1, 0
89783, 4, 3, 3, 0, 4, 0
89806, 1, 1, 1, 0, 1, 0
89784, 3, 0, 0, 0, 3, 0
89785, 1, 2, 2, 0, 1, 0
89786, 2, 1, 1, 0, 2, 0
89787, 1, 0, 0, 0, 1, 0
89788, 1, 0, 0, 0, 1, 0
89793, 1, 0, 0, 0, 1, 0
89794, 1, 0, 0, 0, 1, 0
89795, 1, 0, 0, 0, 1, 0
89796, 1, 1, 1, 0, 1, 0
89797, 1, 1, 1, 0, 1, 0
89798, 1, 0, 0, 0, 1, 0
89801, 1, 0, 0, 0, 1, 0
89802, 1, 0, 0, 0, 1, 0
89804, 2, 0, 0, 0, 2, 0
89805, 1, 0, 0, 0, 1, 0
89808, 1, 0, 0, 0, 1, 0
91780, 3, 1, 0, 1, 3, 0
89836, 1, 0, 0, 0, 1, 0
89841, 1, 0, 0, 0, 1, 0
109789, 0, 1, 1, 0, 0, 0
89843, 1, 0, 0, 0, 1, 0
89846, 1, 0, 0, 0, 1, 0
89847, 1, 0, 0, 0, 1, 0
89848, 1, 0, 0, 0, 1, 0
89849, 1, 0, 0, 0, 1, 0
89852, 1, 0, 0, 0, 1, 0
89853, 0, 2, 2, 0, 0, 0
89854, 1, 0, 0, 0, 1, 0
89856, 0, 1, 1, 0, 0, 0
89861, 1, 1, 1, 0, 1, 0
89862, 1, 1, 1, 0, 1, 0
89863, 2, 0, 0, 0, 2, 0
89865, 1, 0, 0, 0, 1, 0
121564, 0, 1, 1, 0, 0, 0
121637, 1, 1, 1, 0, 1, 0
106311, 0, 1, 1, 0, 0, 0
106312, 1, 1, 1, 0, 0, 1
89905, 1, 0, 0, 0, 1, 0
89906, 1, 0, 0, 0, 1, 0
89907, 1, 0, 0, 0, 1, 0
89908, 1, 0, 0, 0, 1, 0
89909, 1, 0, 0, 0, 1, 0
89910, 1, 0, 0, 0, 1, 0
89911, 1, 0, 0, 0, 1, 0
89913, 1, 0, 0, 0, 1, 0
89916, 1, 0, 0, 0, 1, 0
89917, 1, 0, 0, 0, 1, 0
89919, 1, 0, 0, 0, 1, 0
89920, 2, 0, 0, 0, 2, 0
89921, 1, 0, 0, 0, 1, 0
89923, 5, 0, 0, 0, 5, 0
89924, 0, 1, 1, 0, 0, 0
89926, 1, 0, 0, 0, 1, 0
89931, 1, 1, 1, 0, 1, 0
89932, 3, 1, 1, 0, 3, 0
89933, 1, 0, 0, 0, 1, 0
89937, 1, 0, 0, 0, 1, 0
89956, 1, 0, 0, 0, 1, 0
89959, 1, 0, 0, 0, 1, 0
89960, 11, 0, 0, 0, 11, 0
118570, 0, 1, 1, 0, 0, 0
89961, 1, 0, 0, 0, 1, 0
89962, 1, 0, 0, 0, 1, 0
89963, 1, 0, 0, 0, 1, 0
89964, 1, 0, 0, 0, 1, 0
89966, 1, 0, 0, 0, 1, 0
89967, 2, 0, 0, 0, 2, 0
89968, 0, 1, 1, 0, 0, 0
89969, 3, 0, 0, 0, 0, 3
89970, 2, 0, 0, 0, 2, 0
89972, 1, 0, 0, 0, 1, 0
89974, 1, 0, 0, 0, 1, 0
89975, 1, 0, 0, 0, 1, 0
89976, 3, 0, 0, 0, 3, 0
110518, 0, 3, 3, 0, 0, 0
89978, 1, 0, 0, 0, 1, 0
89979, 1, 0, 0, 0, 1, 0
89980, 1, 0, 0, 0, 0, 1
89983, 5, 0, 0, 0, 5, 0
89984, 0, 1, 1, 0, 0, 0
89985, 0, 1, 1, 0, 0, 0
89986, 0, 1, 1, 0, 0, 0
89987, 0, 1, 1, 0, 0, 0
89988, 0, 1, 1, 0, 0, 0
89990, 1, 0, 0, 0, 1, 0
89991, 3, 0, 0, 0, 3, 0
89993, 2, 0, 0, 0, 2, 0
89996, 1, 0, 0, 0, 1, 0
89997, 1, 0, 0, 0, 1, 0
90021, 1, 0, 0, 0, 1, 0
90024, 2, 0, 0, 0, 2, 0
90025, 1, 0, 0, 0, 1, 0
90029, 1, 0, 0, 0, 1, 0
90030, 1, 0, 0, 0, 1, 0
90031, 0, 1, 1, 0, 0, 0
90032, 1, 0, 0, 0, 1, 0
90033, 1, 1, 1, 0, 1, 0
90420, 0, 1, 1, 0, 0, 0
90233, 1, 1, 1, 0, 1, 0
90042, 1, 0, 0, 0, 1, 0
90043, 1, 0, 0, 0, 1, 0
90044, 2, 0, 0, 0, 2, 0
90045, 1, 0, 0, 0, 1, 0
90049, 1, 0, 0, 0, 1, 0
90050, 1, 1, 1, 0, 1, 0
90058, 1, 0, 0, 0, 1, 0
90062, 1, 0, 0, 0, 1, 0
90065, 1, 0, 0, 0, 1, 0
90074, 1, 0, 0, 0, 1, 0
90075, 0, 1, 1, 0, 0, 0
90076, 1, 0, 0, 0, 1, 0
90078, 1, 0, 0, 0, 1, 0
90079, 4, 1, 0, 1, 4, 0
90080, 2, 0, 0, 0, 2, 0
90081, 2, 1, 1, 0, 2, 0
90082, 1, 0, 0, 0, 1, 0
90083, 1, 0, 0, 0, 1, 0
90085, 1, 0, 0, 0, 1, 0
90086, 1, 0, 0, 0, 1, 0
90089, 4, 0, 0, 0, 4, 0
90093, 1, 0, 0, 0, 1, 0
90094, 1, 0, 0, 0, 1, 0
90095, 2, 0, 0, 0, 2, 0
90096, 1, 0, 0, 0, 1, 0
90098, 1, 0, 0, 0, 0, 1
90099, 1, 0, 0, 0, 1, 0
90100, 1, 0, 0, 0, 1, 0
90102, 1, 0, 0, 0, 1, 0
90106, 1, 0, 0, 0, 1, 0
90107, 1, 0, 0, 0, 1, 0
90108, 2, 0, 0, 0, 2, 0
90109, 1, 0, 0, 0, 1, 0
90110, 0, 1, 1, 0, 0, 0
90111, 1, 0, 0, 0, 1, 0
90112, 1, 0, 0, 0, 1, 0
90113, 1, 0, 0, 0, 1, 0
90114, 2, 0, 0, 0, 2, 0
90115, 1, 0, 0, 0, 1, 0
90116, 1, 0, 0, 0, 1, 0
90117, 1, 0, 0, 0, 1, 0
90118, 1, 0, 0, 0, 1, 0
90119, 1, 0, 0, 0, 1, 0
90120, 0, 1, 1, 0, 0, 0
90123, 1, 0, 0, 0, 1, 0
90124, 1, 0, 0, 0, 1, 0
90125, 1, 0, 0, 0, 1, 0
90126, 0, 1, 1, 0, 0, 0
90127, 1, 0, 0, 0, 1, 0
90129, 1, 0, 0, 0, 1, 0
90130, 1, 0, 0, 0, 0, 1
90134, 1, 0, 0, 0, 1, 0
90136, 1, 0, 0, 0, 1, 0
90137, 2, 0, 0, 0, 2, 0
90138, 1, 0, 0, 0, 1, 0
90139, 1, 0, 0, 0, 1, 0
90140, 1, 0, 0, 0, 1, 0
90141, 2, 0, 0, 0, 2, 0
90142, 1, 0, 0, 0, 1, 0
90144, 1, 0, 0, 0, 1, 0
90146, 2, 0, 0, 0, 2, 0
90150, 1, 0, 0, 0, 1, 0
90154, 1, 1, 1, 0, 1, 0
90155, 1, 1, 1, 0, 1, 0
90158, 1, 0, 0, 0, 0, 1
90159, 1, 0, 0, 0, 1, 0
90160, 2, 0, 0, 0, 1, 1
90162, 1, 1, 1, 0, 1, 0
90163, 1, 0, 0, 0, 1, 0
90164, 2, 0, 0, 0, 2, 0
90166, 4, 0, 0, 0, 4, 0
90167, 1, 0, 0, 0, 1, 0
90169, 1, 0, 0, 0, 1, 0
90171, 1, 0, 0, 0, 1, 0
90172, 1, 0, 0, 0, 1, 0
90175, 1, 0, 0, 0, 1, 0
90176, 2, 0, 0, 0, 2, 0
90179, 1, 0, 0, 0, 1, 0
90180, 2, 0, 0, 0, 2, 0
90181, 1, 0, 0, 0, 1, 0
90182, 1, 0, 0, 0, 1, 0
90278, 1, 1, 1, 0, 1, 0
90203, 1, 0, 0, 0, 1, 0
90204, 1, 1, 1, 0, 1, 0
90205, 1, 2, 2, 0, 1, 0
90446, 4, 1, 1, 0, 4, 0
90206, 1, 1, 1, 0, 1, 0
90207, 1, 1, 1, 0, 1, 0
90208, 2, 0, 0, 0, 2, 0
90209, 1, 0, 0, 0, 1, 0
90210, 0, 1, 1, 0, 0, 0
90211, 1, 0, 0, 0, 1, 0
90212, 1, 0, 0, 0, 1, 0
90213, 8, 1, 1, 0, 8, 0
90214, 2, 0, 0, 0, 2, 0
121675, 0, 1, 1, 0, 0, 0
90216, 5, 0, 0, 0, 5, 0
90217, 2, 0, 0, 0, 2, 0
90218, 1, 0, 0, 0, 1, 0
90219, 6, 1, 1, 0, 3, 3
90220, 1, 0, 0, 0, 1, 0
90221, 1, 0, 0, 0, 1, 0
90222, 1, 0, 0, 0, 1, 0
90223, 1, 0, 0, 0, 1, 0
90224, 1, 1, 1, 0, 1, 0
90225, 0, 1, 1, 0, 0, 0
90226, 1, 0, 0, 0, 1, 0
90227, 1, 0, 0, 0, 1, 0
90228, 2, 0, 0, 0, 2, 0
90229, 1, 0, 0, 0, 1, 0
90230, 1, 0, 0, 0, 1, 0
90231, 0, 2, 2, 0, 0, 0
90232, 1, 0, 0, 0, 1, 0
90236, 4, 0, 0, 0, 3, 1
90237, 2, 0, 0, 0, 0, 2
90239, 1, 0, 0, 0, 1, 0
90240, 1, 1, 1, 0, 1, 0
90241, 1, 1, 1, 0, 1, 0
90242, 1, 0, 0, 0, 1, 0
90243, 1, 0, 0, 0, 1, 0
90245, 1, 0, 0, 0, 1, 0
90246, 1, 0, 0, 0, 1, 0
90247, 4, 0, 0, 0, 4, 0
90249, 1, 0, 0, 0, 1, 0
90250, 1, 0, 0, 0, 1, 0
90251, 1, 2, 2, 0, 1, 0
90252, 1, 0, 0, 0, 1, 0
90253, 1, 0, 0, 0, 1, 0
90254, 1, 0, 0, 0, 1, 0
90256, 1, 0, 0, 0, 1, 0
90257, 1, 0, 0, 0, 1, 0
90258, 1, 0, 0, 0, 1, 0
90259, 2, 0, 0, 0, 2, 0
90260, 1, 0, 0, 0, 1, 0
90261, 1, 0, 0, 0, 1, 0
90264, 1, 0, 0, 0, 1, 0
90265, 1, 0, 0, 0, 1, 0
90266, 1, 2, 2, 0, 1, 0
90268, 2, 0, 0, 0, 2, 0
90269, 1, 0, 0, 0, 1, 0
90270, 1, 0, 0, 0, 1, 0
90276, 1, 0, 0, 0, 0, 1
90279, 1, 0, 0, 0, 1, 0
90280, 1, 0, 0, 0, 1, 0
90281, 1, 0, 0, 0, 1, 0
90290, 1, 0, 0, 0, 1, 0
90291, 2, 0, 0, 0, 2, 0
90292, 1, 0, 0, 0, 1, 0
90293, 3, 0, 0, 0, 3, 0
90294, 1, 0, 0, 0, 0, 1
90295, 1, 0, 0, 0, 1, 0
90296, 2, 0, 0, 0, 2, 0
90299, 1, 0, 0, 0, 1, 0
90300, 1, 0, 0, 0, 1, 0
90301, 1, 0, 0, 0, 1, 0
90302, 1, 0, 0, 0, 1, 0
90303, 1, 0, 0, 0, 1, 0
90306, 1, 0, 0, 0, 1, 0
90309, 3, 0, 0, 0, 3, 0
90310, 1, 0, 0, 0, 1, 0
90312, 4, 0, 0, 0, 4, 0
90313, 3, 1, 1, 0, 3, 0
90314, 1, 0, 0, 0, 1, 0
90316, 1, 0, 0, 0, 1, 0
90317, 1, 0, 0, 0, 1, 0
90319, 2, 0, 0, 0, 2, 0
90321, 2, 0, 0, 0, 2, 0
90322, 0, 1, 1, 0, 0, 0
90323, 4, 0, 0, 0, 3, 1
90324, 0, 1, 1, 0, 0, 0
90327, 1, 0, 0, 0, 1, 0
90328, 0, 1, 1, 0, 0, 0
90331, 1, 0, 0, 0, 1, 0
90332, 3, 0, 0, 0, 2, 1
90333, 4, 0, 0, 0, 4, 0
90334, 0, 1, 1, 0, 0, 0
90335, 0, 1, 1, 0, 0, 0
90336, 2, 0, 0, 0, 2, 0
90337, 1, 0, 0, 0, 1, 0
90338, 1, 0, 0, 0, 0, 1
90339, 1, 0, 0, 0, 1, 0
90340, 0, 1, 1, 0, 0, 0
90341, 2, 2, 2, 0, 2, 0
90342, 1, 3, 3, 0, 1, 0
91290, 6, 3, 3, 0, 6, 0
90343, 3, 0, 0, 0, 3, 0
90344, 1, 0, 0, 0, 1, 0
90345, 3, 0, 0, 0, 3, 0
90346, 1, 0, 0, 0, 1, 0
90347, 5, 0, 0, 0, 5, 0
90349, 2, 0, 0, 0, 2, 0
90360, 1, 0, 0, 0, 1, 0
90361, 0, 1, 1, 0, 0, 0
90362, 1, 0, 0, 0, 1, 0
90363, 1, 1, 1, 0, 1, 0
90364, 8, 2, 2, 0, 8, 0
90657, 2, 1, 1, 0, 1, 1
90365, 1, 0, 0, 0, 1, 0
90366, 1, 1, 1, 0, 1, 0
90367, 1, 1, 1, 0, 1, 0
90370, 1, 0, 0, 0, 1, 0
90371, 1, 0, 0, 0, 1, 0
90372, 1, 0, 0, 0, 1, 0
90374, 1, 0, 0, 0, 1, 0
90377, 1, 0, 0, 0, 1, 0
90378, 1, 0, 0, 0, 1, 0
90379, 1, 0, 0, 0, 1, 0
90381, 1, 1, 1, 0, 1, 0
90384, 1, 0, 0, 0, 1, 0
90385, 1, 0, 0, 0, 1, 0
90386, 0, 1, 1, 0, 0, 0
90387, 1, 0, 0, 0, 1, 0
90388, 1, 0, 0, 0, 1, 0
90390, 2, 0, 0, 0, 2, 0
90391, 1, 0, 0, 0, 0, 1
90392, 1, 0, 0, 0, 1, 0
90393, 0, 4, 4, 0, 0, 0
90394, 1, 0, 0, 0, 1, 0
90395, 1, 0, 0, 0, 1, 0
90396, 1, 0, 0, 0, 1, 0
90397, 2, 0, 0, 0, 2, 0
90402, 1, 0, 0, 0, 1, 0
90403, 3, 0, 0, 0, 2, 1
90404, 3, 0, 0, 0, 3, 0
90405, 3, 1, 1, 0, 3, 0
90407, 1, 0, 0, 0, 1, 0
90408, 1, 0, 0, 0, 1, 0
90409, 1, 0, 0, 0, 1, 0
90410, 0, 1, 1, 0, 0, 0
90411, 1, 0, 0, 0, 1, 0
90414, 1, 0, 0, 0, 1, 0
90415, 1, 0, 0, 0, 1, 0
90417, 1, 0, 0, 0, 1, 0
90418, 1, 2, 2, 0, 1, 0
90419, 1, 0, 0, 0, 0, 1
90421, 1, 0, 0, 0, 1, 0
90424, 2, 0, 0, 0, 1, 1
90425, 1, 0, 0, 0, 1, 0
90426, 1, 0, 0, 0, 1, 0
90427, 1, 0, 0, 0, 1, 0
90428, 1, 0, 0, 0, 0, 1
90429, 1, 0, 0, 0, 1, 0
90430, 1, 0, 0, 0, 1, 0
90433, 1, 1, 1, 0, 1, 0
90435, 1, 0, 0, 0, 1, 0
90437, 1, 0, 0, 0, 1, 0
90438, 1, 0, 0, 0, 1, 0
90439, 1, 0, 0, 0, 1, 0
90440, 1, 0, 0, 0, 1, 0
90443, 1, 0, 0, 0, 1, 0
91529, 0, 1, 1, 0, 0, 0
91530, 0, 1, 1, 0, 0, 0
90448, 0, 1, 1, 0, 0, 0
90449, 1, 0, 0, 0, 1, 0
90450, 1, 0, 0, 0, 1, 0
90453, 1, 0, 0, 0, 1, 0
90455, 1, 1, 1, 0, 1, 0
90456, 1, 0, 0, 0, 1, 0
90457, 1, 0, 0, 0, 1, 0
90459, 1, 0, 0, 0, 1, 0
90460, 1, 0, 0, 0, 1, 0
90461, 4, 0, 0, 0, 4, 0
90463, 4, 0, 0, 0, 4, 0
90828, 3, 2, 2, 0, 3, 0
90466, 1, 0, 0, 0, 1, 0
90467, 2, 0, 0, 0, 2, 0
90468, 1, 0, 0, 0, 1, 0
90469, 1, 0, 0, 0, 1, 0
90480, 3, 0, 0, 0, 3, 0
90482, 1, 0, 0, 0, 1, 0
90483, 1, 1, 1, 0, 1, 0
90491, 1, 0, 0, 0, 1, 0
90492, 7, 0, 0, 0, 0, 7
90494, 1, 0, 0, 0, 1, 0
90495, 1, 0, 0, 0, 0, 1
90496, 1, 0, 0, 0, 1, 0
90500, 1, 0, 0, 0, 1, 0
90501, 0, 1, 1, 0, 0, 0
90503, 1, 0, 0, 0, 1, 0
90504, 1, 0, 0, 0, 1, 0
90506, 1, 0, 0, 0, 1, 0
90507, 1, 0, 0, 0, 1, 0
90508, 0, 1, 1, 0, 0, 0
90509, 3, 0, 0, 0, 3, 0
90510, 1, 0, 0, 0, 0, 1
90513, 1, 0, 0, 0, 0, 1
90514, 2, 0, 0, 0, 2, 0
90515, 0, 1, 1, 0, 0, 0
90516, 1, 0, 0, 0, 1, 0
90517, 1, 0, 0, 0, 1, 0
90520, 1, 0, 0, 0, 0, 1
90521, 1, 1, 1, 0, 1, 0
90522, 1, 0, 0, 0, 1, 0
90523, 1, 0, 0, 0, 1, 0
90525, 1, 0, 0, 0, 1, 0
90526, 1, 0, 0, 0, 1, 0
90528, 2, 0, 0, 0, 2, 0
90529, 0, 2, 2, 0, 0, 0
90530, 1, 1, 1, 0, 1, 0
90531, 1, 0, 0, 0, 1, 0
90534, 3, 0, 0, 0, 3, 0
90535, 3, 0, 0, 0, 3, 0
90536, 1, 0, 0, 0, 1, 0
90537, 4, 0, 0, 0, 4, 0
90538, 1, 0, 0, 0, 1, 0
90539, 1, 0, 0, 0, 1, 0
90540, 1, 1, 1, 0, 1, 0
90541, 1, 0, 0, 0, 1, 0
90542, 1, 0, 0, 0, 1, 0
90543, 0, 1, 1, 0, 0, 0
90548, 1, 0, 0, 0, 1, 0
90553, 1, 0, 0, 0, 1, 0
90554, 1, 1, 1, 0, 1, 0
90561, 0, 1, 1, 0, 0, 0
90555, 1, 0, 0, 0, 1, 0
90556, 1, 0, 0, 0, 1, 0
90557, 0, 1, 1, 0, 0, 0
90558, 1, 0, 0, 0, 1, 0
90559, 2, 0, 0, 0, 2, 0
90562, 1, 0, 0, 0, 1, 0
90563, 1, 0, 0, 0, 1, 0
90566, 1, 0, 0, 0, 1, 0
90567, 0, 1, 1, 0, 0, 0
90571, 1, 0, 0, 0, 1, 0
90577, 0, 1, 1, 0, 0, 0
90573, 1, 0, 0, 0, 1, 0
90575, 1, 0, 0, 0, 1, 0
90576, 1, 0, 0, 0, 1, 0
90578, 1, 0, 0, 0, 1, 0
90579, 1, 0, 0, 0, 1, 0
90583, 1, 0, 0, 0, 1, 0
90584, 0, 1, 1, 0, 0, 0
90586, 1, 0, 0, 0, 1, 0
90587, 2, 0, 0, 0, 2, 0
90590, 1, 0, 0, 0, 1, 0
90594, 2, 0, 0, 0, 1, 1
90595, 0, 1, 0, 1, 0, 0
90596, 2, 0, 0, 0, 2, 0
90603, 2, 0, 0, 0, 2, 0
90604, 1, 0, 0, 0, 1, 0
90605, 1, 0, 0, 0, 1, 0
90606, 4, 0, 0, 0, 2, 2
90608, 1, 0, 0, 0, 1, 0
90609, 0, 1, 1, 0, 0, 0
90610, 2, 0, 0, 0, 2, 0
90613, 1, 0, 0, 0, 1, 0
90614, 1, 0, 0, 0, 1, 0
90615, 1, 0, 0, 0, 1, 0
90616, 1, 0, 0, 0, 1, 0
90617, 1, 0, 0, 0, 1, 0
90618, 3, 0, 0, 0, 2, 1
90619, 2, 0, 0, 0, 2, 0
90620, 1, 0, 0, 0, 1, 0
90621, 1, 0, 0, 0, 1, 0
90622, 0, 1, 1, 0, 0, 0
91865, 0, 1, 1, 0, 0, 0
91866, 0, 1, 1, 0, 0, 0
90625, 2, 0, 0, 0, 2, 0
90626, 1, 0, 0, 0, 1, 0
90627, 0, 1, 1, 0, 0, 0
90628, 1, 0, 0, 0, 1, 0
90629, 1, 0, 0, 0, 1, 0
90633, 1, 0, 0, 0, 1, 0
90634, 1, 0, 0, 0, 1, 0
90635, 3, 1, 1, 0, 3, 0
90636, 1, 1, 1, 0, 1, 0
90637, 1, 0, 0, 0, 1, 0
90640, 7, 0, 0, 0, 6, 1
90641, 1, 0, 0, 0, 1, 0
90642, 1, 0, 0, 0, 1, 0
90645, 1, 0, 0, 0, 1, 0
90646, 3, 0, 0, 0, 3, 0
90647, 1, 0, 0, 0, 1, 0
90648, 1, 0, 0, 0, 1, 0
90653, 1, 0, 0, 0, 1, 0
90654, 0, 1, 1, 0, 0, 0
90655, 1, 0, 0, 0, 1, 0
90656, 1, 0, 0, 0, 1, 0
90661, 1, 0, 0, 0, 1, 0
90662, 2, 0, 0, 0, 2, 0
90663, 1, 0, 0, 0, 1, 0
90664, 1, 0, 0, 0, 1, 0
90666, 1, 0, 0, 0, 1, 0
90667, 1, 1, 1, 0, 1, 0
90668, 1, 0, 0, 0, 1, 0
90672, 2, 0, 0, 0, 2, 0
90675, 1, 0, 0, 0, 1, 0
90677, 1, 0, 0, 0, 1, 0
90678, 1, 1, 1, 0, 1, 0
90679, 3, 2, 1, 1, 3, 0
91378, 0, 1, 1, 0, 0, 0
90687, 1, 0, 0, 0, 1, 0
90688, 0, 1, 1, 0, 0, 0
90690, 1, 0, 0, 0, 1, 0
90692, 1, 0, 0, 0, 1, 0
90694, 1, 0, 0, 0, 1, 0
90698, 1, 0, 0, 0, 1, 0
90699, 2, 0, 0, 0, 1, 1
90700, 1, 0, 0, 0, 1, 0
90702, 1, 0, 0, 0, 1, 0
90703, 1, 0, 0, 0, 1, 0
90705, 1, 0, 0, 0, 1, 0
90706, 1, 0, 0, 0, 1, 0
90709, 1, 0, 0, 0, 1, 0
90711, 1, 0, 0, 0, 1, 0
90712, 7, 0, 0, 0, 7, 0
90713, 0, 1, 1, 0, 0, 0
90718, 2, 0, 0, 0, 2, 0
90722, 1, 0, 0, 0, 1, 0
90723, 1, 0, 0, 0, 1, 0
90724, 1, 1, 1, 0, 1, 0
91244, 7, 1, 1, 0, 7, 0
90727, 1, 0, 0, 0, 1, 0
90728, 1, 0, 0, 0, 1, 0
90729, 3, 0, 0, 0, 3, 0
90730, 1, 1, 1, 0, 1, 0
90731, 1, 1, 1, 0, 1, 0
90732, 4, 0, 0, 0, 4, 0
90735, 1, 0, 0, 0, 1, 0
90738, 1, 0, 0, 0, 1, 0
90739, 2, 0, 0, 0, 2, 0
90740, 0, 1, 1, 0, 0, 0
90741, 1, 0, 0, 0, 1, 0
90742, 1, 0, 0, 0, 1, 0
90745, 1, 0, 0, 0, 1, 0
90746, 10, 0, 0, 0, 10, 0
90757, 1, 0, 0, 0, 1, 0
90758, 1, 0, 0, 0, 1, 0
90759, 1, 0, 0, 0, 1, 0
90760, 4, 0, 0, 0, 4, 0
90761, 0, 1, 1, 0, 0, 0
90762, 0, 1, 1, 0, 0, 0
90763, 0, 1, 1, 0, 0, 0
90766, 0, 1, 1, 0, 0, 0
90767, 0, 1, 1, 0, 0, 0
90768, 0, 1, 1, 0, 0, 0
90769, 0, 1, 1, 0, 0, 0
90770, 0, 1, 1, 0, 0, 0
90771, 0, 1, 1, 0, 0, 0
90772, 1, 1, 1, 0, 1, 0
90773, 0, 1, 1, 0, 0, 0
90774, 0, 1, 1, 0, 0, 0
98615, 3, 1, 1, 0, 3, 0
99602, 0, 1, 1, 0, 0, 0
99708, 0, 1, 1, 0, 0, 0
101015, 1, 1, 1, 0, 1, 0
101953, 1, 1, 1, 0, 1, 0
102513, 1, 1, 1, 0, 1, 0
103387, 3, 1, 1, 0, 3, 0
108465, 1, 1, 1, 0, 1, 0
109292, 1, 1, 1, 0, 1, 0
90775, 1, 0, 0, 0, 1, 0
90777, 1, 0, 0, 0, 1, 0
90778, 1, 0, 0, 0, 1, 0
91783, 0, 1, 1, 0, 0, 0
90782, 1, 0, 0, 0, 1, 0
90783, 0, 1, 1, 0, 0, 0
90789, 1, 0, 0, 0, 1, 0
90790, 1, 0, 0, 0, 1, 0
90793, 1, 0, 0, 0, 1, 0
90794, 1, 0, 0, 0, 1, 0
90796, 1, 0, 0, 0, 1, 0
90797, 1, 0, 0, 0, 1, 0
90798, 1, 0, 0, 0, 1, 0
90799, 1, 0, 0, 0, 1, 0
90802, 1, 0, 0, 0, 1, 0
90803, 0, 1, 1, 0, 0, 0
90805, 1, 1, 1, 0, 1, 0
90806, 1, 0, 0, 0, 1, 0
90808, 1, 0, 0, 0, 1, 0
90809, 1, 1, 1, 0, 1, 0
90810, 2, 1, 1, 0, 1, 1
90811, 1, 0, 0, 0, 1, 0
90812, 1, 0, 0, 0, 1, 0
90813, 2, 1, 1, 0, 2, 0
90814, 3, 1, 1, 0, 3, 0
90817, 3, 2, 2, 0, 3, 0
90818, 1, 0, 0, 0, 1, 0
90819, 1, 0, 0, 0, 1, 0
90820, 1, 0, 0, 0, 1, 0
90821, 1, 0, 0, 0, 1, 0
90824, 1, 0, 0, 0, 1, 0
90825, 0, 1, 1, 0, 0, 0
90827, 1, 0, 0, 0, 1, 0
90848, 1, 0, 0, 0, 1, 0
90849, 1, 0, 0, 0, 1, 0
90850, 1, 0, 0, 0, 1, 0
128262, 0, 1, 1, 0, 0, 0
90869, 1, 0, 0, 0, 1, 0
90872, 1, 0, 0, 0, 1, 0
90873, 1, 0, 0, 0, 1, 0
90875, 1, 0, 0, 0, 1, 0
90879, 1, 0, 0, 0, 1, 0
90880, 1, 0, 0, 0, 1, 0
90881, 1, 0, 0, 0, 1, 0
90882, 2, 0, 0, 0, 2, 0
91830, 0, 1, 1, 0, 0, 0
91831, 0, 1, 1, 0, 0, 0
90891, 1, 0, 0, 0, 1, 0
90893, 2, 0, 0, 0, 2, 0
90894, 1, 0, 0, 0, 1, 0
90895, 3, 0, 0, 0, 3, 0
90896, 1, 0, 0, 0, 1, 0
90897, 1, 0, 0, 0, 1, 0
90899, 1, 0, 0, 0, 1, 0
90900, 1, 0, 0, 0, 1, 0
90901, 1, 0, 0, 0, 1, 0
90902, 1, 0, 0, 0, 1, 0
90904, 1, 0, 0, 0, 1, 0
90905, 1, 0, 0, 0, 1, 0
90906, 1, 0, 0, 0, 1, 0
90907, 1, 0, 0, 0, 1, 0
90908, 4, 0, 0, 0, 3, 1
90909, 1, 0, 0, 0, 1, 0
90912, 1, 0, 0, 0, 1, 0
90913, 1, 0, 0, 0, 1, 0
90917, 1, 0, 0, 0, 1, 0
90918, 1, 0, 0, 0, 1, 0
90919, 1, 0, 0, 0, 1, 0
90920, 1, 0, 0, 0, 1, 0
90921, 1, 0, 0, 0, 1, 0
90922, 1, 0, 0, 0, 1, 0
90923, 2, 0, 0, 0, 2, 0
90924, 1, 0, 0, 0, 1, 0
90931, 2, 0, 0, 0, 0, 2
90932, 1, 1, 1, 0, 1, 0
90933, 1, 0, 0, 0, 1, 0
90934, 1, 0, 0, 0, 1, 0
90937, 1, 0, 0, 0, 1, 0
90938, 1, 0, 0, 0, 1, 0
90940, 1, 0, 0, 0, 1, 0
90941, 1, 0, 0, 0, 1, 0
90943, 9, 0, 0, 0, 9, 0
90944, 0, 1, 1, 0, 0, 0
123169, 0, 1, 1, 0, 0, 0
90945, 1, 0, 0, 0, 1, 0
90946, 1, 0, 0, 0, 1, 0
90949, 4, 0, 0, 0, 4, 0
90950, 1, 0, 0, 0, 1, 0
90951, 1, 0, 0, 0, 1, 0
90952, 1, 0, 0, 0, 1, 0
90953, 3, 0, 0, 0, 3, 0
90954, 0, 1, 1, 0, 0, 0
90963, 1, 1, 1, 0, 1, 0
90964, 1, 1, 1, 0, 1, 0
90965, 1, 0, 0, 0, 1, 0
90966, 0, 1, 1, 0, 0, 0
90968, 1, 0, 0, 0, 1, 0
90969, 1, 0, 0, 0, 1, 0
90971, 1, 0, 0, 0, 1, 0
90972, 0, 1, 1, 0, 0, 0
90974, 1, 0, 0, 0, 1, 0
90975, 0, 1, 1, 0, 0, 0
91399, 1, 1, 1, 0, 1, 0
90980, 4, 0, 0, 0, 4, 0
90981, 1, 0, 0, 0, 1, 0
90982, 1, 0, 0, 0, 1, 0
90983, 1, 0, 0, 0, 1, 0
90985, 1, 0, 0, 0, 1, 0
90986, 0, 1, 1, 0, 0, 0
90988, 1, 1, 1, 0, 1, 0
90989, 3, 1, 1, 0, 3, 0
90993, 2, 0, 0, 0, 2, 0
90994, 1, 0, 0, 0, 1, 0
90995, 1, 0, 0, 0, 1, 0
90996, 1, 0, 0, 0, 1, 0
90997, 2, 1, 1, 0, 2, 0
90999, 1, 0, 0, 0, 1, 0
91000, 2, 0, 0, 0, 2, 0
91001, 2, 2, 2, 0, 2, 0
91002, 1, 2, 2, 0, 1, 0
91003, 1, 0, 0, 0, 1, 0
91004, 0, 2, 2, 0, 0, 0
91006, 3, 0, 0, 0, 3, 0
91007, 1, 0, 0, 0, 1, 0
91009, 1, 0, 0, 0, 1, 0
91010, 2, 0, 0, 0, 2, 0
91012, 2, 0, 0, 0, 2, 0
91013, 1, 0, 0, 0, 1, 0
91014, 1, 0, 0, 0, 1, 0
91015, 0, 1, 1, 0, 0, 0
91016, 1, 0, 0, 0, 1, 0
91017, 1, 0, 0, 0, 1, 0
91018, 1, 0, 0, 0, 1, 0
91021, 1, 0, 0, 0, 1, 0
91022, 1, 0, 0, 0, 1, 0
91023, 1, 0, 0, 0, 1, 0
91024, 1, 0, 0, 0, 1, 0
91025, 2, 0, 0, 0, 2, 0
91027, 1, 0, 0, 0, 1, 0
91029, 1, 0, 0, 0, 1, 0
91030, 1, 0, 0, 0, 1, 0
91031, 1, 0, 0, 0, 1, 0
91033, 1, 0, 0, 0, 1, 0
91034, 1, 0, 0, 0, 1, 0
91037, 2, 0, 0, 0, 2, 0
91039, 0, 1, 1, 0, 0, 0
91040, 1, 0, 0, 0, 1, 0
91042, 1, 0, 0, 0, 1, 0
91043, 1, 0, 0, 0, 1, 0
91044, 1, 0, 0, 0, 1, 0
91045, 3, 0, 0, 0, 3, 0
91046, 0, 1, 1, 0, 0, 0
103016, 0, 1, 1, 0, 0, 0
91048, 1, 0, 0, 0, 1, 0
91049, 2, 0, 0, 0, 2, 0
91050, 2, 0, 0, 0, 2, 0
91051, 1, 0, 0, 0, 1, 0
91052, 1, 0, 0, 0, 0, 1
91053, 2, 0, 0, 0, 2, 0
91054, 4, 0, 0, 0, 4, 0
91055, 1, 0, 0, 0, 1, 0
91057, 2, 0, 0, 0, 2, 0
91625, 4, 1, 1, 0, 3, 1
91058, 1, 0, 0, 0, 1, 0
91060, 1, 0, 0, 0, 1, 0
91063, 1, 1, 1, 0, 1, 0
92112, 4, 1, 1, 0, 4, 0
91067, 2, 0, 0, 0, 2, 0
91068, 1, 0, 0, 0, 1, 0
91069, 1, 0, 0, 0, 1, 0
91070, 2, 0, 0, 0, 2, 0
91071, 1, 0, 0, 0, 1, 0
91072, 0, 2, 2, 0, 0, 0
91073, 1, 0, 0, 0, 1, 0
91076, 4, 0, 0, 0, 4, 0
91077, 1, 0, 0, 0, 1, 0
91081, 2, 0, 0, 0, 2, 0
91082, 2, 0, 0, 0, 2, 0
91083, 2, 0, 0, 0, 2, 0
91084, 1, 0, 0, 0, 1, 0
91091, 1, 0, 0, 0, 0, 1
91092, 1, 0, 0, 0, 1, 0
91093, 0, 1, 1, 0, 0, 0
91095, 1, 0, 0, 0, 1, 0
91097, 1, 0, 0, 0, 1, 0
91098, 2, 0, 0, 0, 2, 0
91099, 2, 0, 0, 0, 2, 0
91102, 1, 0, 0, 0, 1, 0
91103, 1, 0, 0, 0, 1, 0
91104, 1, 0, 0, 0, 1, 0
91106, 2, 0, 0, 0, 2, 0
91107, 1, 0, 0, 0, 1, 0
91109, 1, 0, 0, 0, 1, 0
91110, 1, 0, 0, 0, 1, 0
91114, 1, 0, 0, 0, 1, 0
91115, 1, 0, 0, 0, 1, 0
91120, 1, 0, 0, 0, 1, 0
91121, 1, 0, 0, 0, 1, 0
91122, 1, 0, 0, 0, 1, 0
91123, 1, 0, 0, 0, 1, 0
91125, 1, 0, 0, 0, 1, 0
91126, 1, 0, 0, 0, 1, 0
91127, 1, 1, 1, 0, 1, 0
91128, 1, 0, 0, 0, 1, 0
91129, 4, 0, 0, 0, 4, 0
91130, 1, 0, 0, 0, 1, 0
91131, 1, 0, 0, 0, 1, 0
91132, 1, 0, 0, 0, 1, 0
91133, 1, 0, 0, 0, 1, 0
91134, 1, 0, 0, 0, 1, 0
91135, 1, 0, 0, 0, 1, 0
91136, 1, 0, 0, 0, 1, 0
91137, 1, 0, 0, 0, 1, 0
91138, 1, 0, 0, 0, 1, 0
91140, 1, 0, 0, 0, 1, 0
91141, 1, 0, 0, 0, 1, 0
91143, 1, 0, 0, 0, 1, 0
91144, 7, 0, 0, 0, 3, 4
91145, 1, 0, 0, 0, 1, 0
91146, 1, 0, 0, 0, 1, 0
91147, 1, 0, 0, 0, 1, 0
91148, 1, 0, 0, 0, 1, 0
91150, 1, 0, 0, 0, 1, 0
91151, 2, 0, 0, 0, 2, 0
91152, 3, 0, 0, 0, 3, 0
91154, 1, 0, 0, 0, 1, 0
91155, 1, 0, 0, 0, 1, 0
91156, 2, 0, 0, 0, 2, 0
91157, 1, 2, 2, 0, 1, 0
91920, 1, 1, 1, 0, 1, 0
91158, 2, 0, 0, 0, 2, 0
91159, 1, 0, 0, 0, 1, 0
91160, 1, 0, 0, 0, 1, 0
91161, 2, 0, 0, 0, 2, 0
91163, 2, 0, 0, 0, 2, 0
91164, 1, 0, 0, 0, 1, 0
91166, 1, 0, 0, 0, 1, 0
91167, 2, 0, 0, 0, 2, 0
91168, 0, 1, 1, 0, 0, 0
91169, 1, 0, 0, 0, 1, 0
91173, 1, 0, 0, 0, 1, 0
91175, 1, 0, 0, 0, 1, 0
91177, 2, 0, 0, 0, 2, 0
91178, 1, 0, 0, 0, 1, 0
91179, 1, 0, 0, 0, 1, 0
91180, 0, 1, 1, 0, 0, 0
91181, 1, 0, 0, 0, 1, 0
91182, 0, 2, 2, 0, 0, 0
91183, 1, 1, 1, 0, 1, 0
91184, 1, 1, 1, 0, 1, 0
91186, 0, 2, 2, 0, 0, 0
91190, 1, 0, 0, 0, 1, 0
91191, 1, 0, 0, 0, 1, 0
91192, 1, 0, 0, 0, 1, 0
91193, 1, 0, 0, 0, 1, 0
91194, 1, 0, 0, 0, 1, 0
91196, 1, 0, 0, 0, 1, 0
91197, 1, 0, 0, 0, 1, 0
91198, 3, 0, 0, 0, 3, 0
91199, 1, 0, 0, 0, 1, 0
91200, 2, 0, 0, 0, 2, 0
91201, 0, 1, 1, 0, 0, 0
91204, 0, 1, 1, 0, 0, 0
91205, 1, 0, 0, 0, 1, 0
91206, 2, 0, 0, 0, 2, 0
91207, 6, 1, 1, 0, 5, 1
91208, 0, 2, 2, 0, 0, 0
91209, 1, 0, 0, 0, 1, 0
91234, 3, 0, 0, 0, 3, 0
91236, 1, 0, 0, 0, 1, 0
91237, 1, 0, 0, 0, 1, 0
91238, 1, 0, 0, 0, 1, 0
91239, 1, 0, 0, 0, 1, 0
91240, 1, 0, 0, 0, 1, 0
91245, 4, 0, 0, 0, 4, 0
91246, 1, 0, 0, 0, 1, 0
91247, 1, 1, 1, 0, 1, 0
91248, 1, 0, 0, 0, 1, 0
91249, 1, 0, 0, 0, 1, 0
91250, 1, 0, 0, 0, 1, 0
91251, 1, 0, 0, 0, 1, 0
91252, 2, 0, 0, 0, 2, 0
91253, 1, 0, 0, 0, 1, 0
91254, 0, 1, 1, 0, 0, 0
91255, 1, 0, 0, 0, 1, 0
91257, 3, 0, 0, 0, 2, 1
91258, 0, 1, 1, 0, 0, 0
91259, 0, 1, 1, 0, 0, 0
91260, 1, 0, 0, 0, 1, 0
91261, 1, 1, 1, 0, 1, 0
91262, 2, 2, 2, 0, 2, 0
91582, 1, 1, 1, 0, 1, 0
91264, 1, 0, 0, 0, 1, 0
91265, 0, 1, 1, 0, 0, 0
91266, 1, 0, 0, 0, 1, 0
91267, 1, 0, 0, 0, 1, 0
91268, 1, 0, 0, 0, 1, 0
91269, 1, 0, 0, 0, 1, 0
91270, 1, 0, 0, 0, 1, 0
91271, 3, 1, 1, 0, 3, 0
91272, 12, 1, 1, 0, 11, 1
91273, 8, 3, 3, 0, 8, 0
91274, 1, 0, 0, 0, 1, 0
91275, 1, 0, 0, 0, 1, 0
91278, 0, 1, 1, 0, 0, 0
91279, 1, 2, 2, 0, 1, 0
91280, 1, 0, 0, 0, 1, 0
91282, 1, 0, 0, 0, 1, 0
91286, 1, 0, 0, 0, 1, 0
91287, 1, 0, 0, 0, 1, 0
91288, 1, 0, 0, 0, 1, 0
91289, 2, 0, 0, 0, 2, 0
91370, 2, 1, 1, 0, 2, 0
91291, 1, 0, 0, 0, 1, 0
91292, 1, 0, 0, 0, 1, 0
91294, 2, 0, 0, 0, 2, 0
91295, 1, 0, 0, 0, 1, 0
91296, 4, 0, 0, 0, 4, 0
91297, 2, 0, 0, 0, 2, 0
91305, 1, 0, 0, 0, 1, 0
91306, 1, 0, 0, 0, 1, 0
91307, 1, 0, 0, 0, 1, 0
91308, 3, 0, 0, 0, 0, 3
91309, 0, 1, 0, 1, 0, 0
91311, 3, 0, 0, 0, 3, 0
91312, 0, 1, 1, 0, 0, 0
91313, 0, 2, 2, 0, 0, 0
91314, 2, 0, 0, 0, 2, 0
91315, 2, 0, 0, 0, 2, 0
91316, 1, 0, 0, 0, 1, 0
91317, 1, 0, 0, 0, 1, 0
91319, 2, 0, 0, 0, 2, 0
91321, 67, 0, 0, 0, 66, 1
91323, 0, 1, 1, 0, 0, 0
91324, 0, 1, 1, 0, 0, 0
91325, 0, 1, 1, 0, 0, 0
91326, 0, 1, 1, 0, 0, 0
91327, 0, 1, 1, 0, 0, 0
91328, 0, 1, 1, 0, 0, 0
91329, 0, 1, 1, 0, 0, 0
91330, 0, 1, 0, 1, 0, 0
91331, 3, 0, 0, 0, 3, 0
91332, 1, 0, 0, 0, 1, 0
91333, 1, 0, 0, 0, 1, 0
91340, 1, 0, 0, 0, 1, 0
91341, 1, 0, 0, 0, 1, 0
91342, 1, 0, 0, 0, 1, 0
91346, 1, 0, 0, 0, 1, 0
91347, 1, 0, 0, 0, 1, 0
91352, 1, 0, 0, 0, 0, 1
91353, 1, 0, 0, 0, 1, 0
91356, 3, 0, 0, 0, 3, 0
91357, 1, 0, 0, 0, 1, 0
91358, 1, 0, 0, 0, 1, 0
91359, 1, 0, 0, 0, 1, 0
91367, 1, 0, 0, 0, 1, 0
91369, 1, 0, 0, 0, 1, 0
91371, 1, 0, 0, 0, 1, 0
91372, 1, 0, 0, 0, 1, 0
91373, 1, 1, 1, 0, 1, 0
91374, 1, 0, 0, 0, 1, 0
91376, 2, 0, 0, 0, 2, 0
91377, 0, 2, 1, 1, 0, 0
91379, 1, 0, 0, 0, 1, 0
91380, 1, 1, 1, 0, 1, 0
91381, 2, 2, 2, 0, 2, 0
91455, 2, 2, 2, 0, 2, 0
91382, 1, 0, 0, 0, 1, 0
91383, 5, 0, 0, 0, 5, 0
91384, 1, 0, 0, 0, 1, 0
91385, 0, 2, 2, 0, 0, 0
91386, 4, 0, 0, 0, 4, 0
91387, 1, 0, 0, 0, 1, 0
91388, 1, 0, 0, 0, 1, 0
91389, 0, 1, 1, 0, 0, 0
110799, 0, 1, 1, 0, 0, 0
91395, 1, 0, 0, 0, 1, 0
91396, 1, 0, 0, 0, 1, 0
91397, 2, 0, 0, 0, 2, 0
91400, 1, 0, 0, 0, 1, 0
91402, 1, 0, 0, 0, 1, 0
91403, 1, 0, 0, 0, 1, 0
91405, 1, 0, 0, 0, 1, 0
91406, 1, 0, 0, 0, 1, 0
91407, 0, 1, 1, 0, 0, 0
91408, 1, 1, 1, 0, 1, 0
91409, 1, 4, 4, 0, 1, 0
91412, 2, 0, 0, 0, 2, 0
91420, 1, 0, 0, 0, 1, 0
91421, 1, 0, 0, 0, 1, 0
91422, 2, 0, 0, 0, 2, 0
91423, 1, 0, 0, 0, 1, 0
91424, 1, 2, 2, 0, 1, 0
91469, 4, 1, 1, 0, 4, 0
91427, 1, 0, 0, 0, 1, 0
91428, 1, 0, 0, 0, 1, 0
91429, 1, 0, 0, 0, 1, 0
91430, 1, 0, 0, 0, 1, 0
91431, 0, 1, 1, 0, 0, 0
91432, 1, 0, 0, 0, 1, 0
91433, 1, 0, 0, 0, 1, 0
91435, 1, 0, 0, 0, 1, 0
91436, 2, 0, 0, 0, 2, 0
91444, 1, 0, 0, 0, 1, 0
91446, 1, 0, 0, 0, 1, 0
91447, 1, 0, 0, 0, 1, 0
91448, 1, 0, 0, 0, 1, 0
91449, 3, 0, 0, 0, 3, 0
91450, 1, 0, 0, 0, 1, 0
91452, 1, 0, 0, 0, 1, 0
91453, 0, 2, 2, 0, 0, 0
91454, 2, 0, 0, 0, 1, 1
91456, 0, 2, 2, 0, 0, 0
91457, 2, 0, 0, 0, 2, 0
91458, 1, 0, 0, 0, 1, 0
91459, 1, 0, 0, 0, 1, 0
91460, 1, 0, 0, 0, 0, 1
91464, 1, 0, 0, 0, 1, 0
91465, 1, 0, 0, 0, 0, 1
91466, 1, 0, 0, 0, 1, 0
91468, 1, 0, 0, 0, 1, 0
91470, 0, 2, 2, 0, 0, 0
91471, 1, 0, 0, 0, 1, 0
91472, 4, 1, 1, 0, 4, 0
91473, 1, 0, 0, 0, 1, 0
91474, 1, 0, 0, 0, 1, 0
91476, 1, 0, 0, 0, 1, 0
91477, 1, 0, 0, 0, 1, 0
91478, 6, 0, 0, 0, 2, 4
91479, 4, 0, 0, 0, 4, 0
91480, 1, 0, 0, 0, 1, 0
91482, 1, 0, 0, 0, 1, 0
91483, 1, 0, 0, 0, 1, 0
91484, 1, 0, 0, 0, 1, 0
91485, 1, 0, 0, 0, 1, 0
91487, 1, 0, 0, 0, 1, 0
91488, 1, 0, 0, 0, 1, 0
91505, 1, 0, 0, 0, 1, 0
91508, 1, 0, 0, 0, 1, 0
91509, 0, 1, 1, 0, 0, 0
91514, 2, 0, 0, 0, 2, 0
91515, 1, 0, 0, 0, 1, 0
91518, 2, 0, 0, 0, 2, 0
91519, 1, 0, 0, 0, 1, 0
91520, 1, 0, 0, 0, 1, 0
91521, 0, 1, 1, 0, 0, 0
91522, 1, 0, 0, 0, 1, 0
91523, 0, 1, 1, 0, 0, 0
91524, 1, 0, 0, 0, 1, 0
91525, 1, 0, 0, 0, 1, 0
91526, 0, 1, 1, 0, 0, 0
91527, 1, 0, 0, 0, 1, 0
91528, 1, 0, 0, 0, 1, 0
91532, 1, 0, 0, 0, 1, 0
91533, 1, 0, 0, 0, 1, 0
91539, 1, 0, 0, 0, 1, 0
91541, 1, 0, 0, 0, 1, 0
91546, 1, 0, 0, 0, 1, 0
91548, 1, 0, 0, 0, 1, 0
91549, 1, 0, 0, 0, 1, 0
91550, 1, 0, 0, 0, 1, 0
91551, 1, 0, 0, 0, 1, 0
91552, 1, 0, 0, 0, 1, 0
91554, 1, 0, 0, 0, 1, 0
91555, 13, 0, 0, 0, 13, 0
91557, 1, 0, 0, 0, 1, 0
91558, 1, 1, 1, 0, 1, 0
91704, 1, 1, 1, 0, 1, 0
91559, 1, 0, 0, 0, 1, 0
91560, 2, 1, 1, 0, 2, 0
91561, 1, 0, 0, 0, 1, 0
91562, 1, 0, 0, 0, 0, 1
91563, 1, 0, 0, 0, 1, 0
91564, 0, 1, 1, 0, 0, 0
91565, 1, 0, 0, 0, 1, 0
91566, 1, 4, 4, 0, 1, 0
91567, 1, 0, 0, 0, 1, 0
91568, 1, 0, 0, 0, 1, 0
91569, 1, 0, 0, 0, 1, 0
91570, 1, 0, 0, 0, 1, 0
91576, 12, 0, 0, 0, 0, 12
91577, 1, 0, 0, 0, 1, 0
91578, 0, 1, 1, 0, 0, 0
91580, 1, 0, 0, 0, 1, 0
91581, 1, 0, 0, 0, 1, 0
91583, 1, 0, 0, 0, 1, 0
91584, 7, 0, 0, 0, 7, 0
91585, 1, 0, 0, 0, 1, 0
91586, 1, 0, 0, 0, 1, 0
91587, 1, 0, 0, 0, 1, 0
91588, 0, 1, 1, 0, 0, 0
91593, 1, 0, 0, 0, 1, 0
91596, 1, 0, 0, 0, 1, 0
91599, 1, 0, 0, 0, 1, 0
91600, 1, 0, 0, 0, 1, 0
91602, 1, 0, 0, 0, 1, 0
91607, 1, 0, 0, 0, 1, 0
91608, 1, 0, 0, 0, 1, 0
91609, 0, 1, 1, 0, 0, 0
91610, 1, 0, 0, 0, 1, 0
91611, 0, 2, 2, 0, 0, 0
91612, 1, 0, 0, 0, 1, 0
91613, 2, 0, 0, 0, 2, 0
91614, 1, 0, 0, 0, 1, 0
91615, 1, 0, 0, 0, 1, 0
91616, 1, 0, 0, 0, 1, 0
91622, 1, 0, 0, 0, 1, 0
91623, 1, 0, 0, 0, 1, 0
91624, 0, 1, 1, 0, 0, 0
91626, 1, 0, 0, 0, 1, 0
91627, 1, 0, 0, 0, 1, 0
91628, 0, 1, 1, 0, 0, 0
91629, 1, 0, 0, 0, 1, 0
91632, 1, 0, 0, 0, 1, 0
91633, 1, 1, 1, 0, 1, 0
91634, 1, 1, 1, 0, 1, 0
91635, 1, 0, 0, 0, 1, 0
91636, 1, 0, 0, 0, 1, 0
91638, 1, 0, 0, 0, 1, 0
91639, 1, 0, 0, 0, 1, 0
91640, 1, 0, 0, 0, 1, 0
91645, 1, 0, 0, 0, 1, 0
91647, 0, 1, 1, 0, 0, 0
91653, 1, 0, 0, 0, 1, 0
91654, 1, 0, 0, 0, 1, 0
91655, 1, 0, 0, 0, 1, 0
91656, 0, 1, 1, 0, 0, 0
91657, 1, 0, 0, 0, 1, 0
91658, 0, 1, 1, 0, 0, 0
91659, 1, 0, 0, 0, 1, 0
91661, 1, 0, 0, 0, 1, 0
91662, 1, 0, 0, 0, 1, 0
91663, 1, 0, 0, 0, 1, 0
91664, 2, 0, 0, 0, 1, 1
91665, 4, 0, 0, 0, 3, 1
91666, 1, 0, 0, 0, 1, 0
91667, 1, 1, 1, 0, 1, 0
91668, 1, 0, 0, 0, 1, 0
91670, 1, 0, 0, 0, 1, 0
91671, 0, 1, 1, 0, 0, 0
91672, 1, 0, 0, 0, 1, 0
91673, 0, 1, 1, 0, 0, 0
91684, 1, 0, 0, 0, 1, 0
91685, 3, 0, 0, 0, 3, 0
91686, 0, 1, 1, 0, 0, 0
91687, 1, 0, 0, 0, 1, 0
91688, 1, 0, 0, 0, 1, 0
91689, 1, 0, 0, 0, 1, 0
91691, 0, 1, 0, 1, 0, 0
91692, 3, 0, 0, 0, 3, 0
91693, 1, 0, 0, 0, 1, 0
91694, 3, 1, 1, 0, 3, 0
91695, 2, 0, 0, 0, 2, 0
91696, 1, 0, 0, 0, 1, 0
91697, 1, 0, 0, 0, 1, 0
91699, 1, 0, 0, 0, 1, 0
91700, 5, 0, 0, 0, 5, 0
91701, 0, 1, 1, 0, 0, 0
91702, 0, 2, 2, 0, 0, 0
91705, 2, 0, 0, 0, 2, 0
91706, 0, 1, 1, 0, 0, 0
91708, 1, 0, 0, 0, 1, 0
91713, 4, 0, 0, 0, 4, 0
91714, 1, 0, 0, 0, 1, 0
91715, 1, 0, 0, 0, 1, 0
91716, 1, 0, 0, 0, 1, 0
91717, 0, 1, 1, 0, 0, 0
91718, 1, 0, 0, 0, 1, 0
91719, 1, 0, 0, 0, 1, 0
91720, 1, 0, 0, 0, 1, 0
91721, 1, 0, 0, 0, 1, 0
91722, 1, 0, 0, 0, 1, 0
91726, 1, 0, 0, 0, 1, 0
91727, 1, 0, 0, 0, 1, 0
91728, 0, 1, 1, 0, 0, 0
91729, 1, 0, 0, 0, 0, 1
91730, 1, 1, 1, 0, 1, 0
91732, 1, 0, 0, 0, 0, 1
91733, 1, 0, 0, 0, 1, 0
91734, 1, 0, 0, 0, 1, 0
91735, 0, 1, 1, 0, 0, 0
91736, 1, 0, 0, 0, 1, 0
91737, 1, 0, 0, 0, 1, 0
91738, 1, 0, 0, 0, 1, 0
91739, 1, 0, 0, 0, 1, 0
91740, 0, 1, 1, 0, 0, 0
91741, 1, 1, 1, 0, 1, 0
91742, 2, 2, 2, 0, 2, 0
91743, 1, 1, 1, 0, 1, 0
91744, 1, 0, 0, 0, 1, 0
91748, 1, 0, 0, 0, 1, 0
91751, 1, 0, 0, 0, 0, 1
91752, 1, 1, 1, 0, 1, 0
91753, 1, 1, 1, 0, 1, 0
91754, 1, 0, 0, 0, 1, 0
91756, 1, 0, 0, 0, 1, 0
91757, 1, 0, 0, 0, 1, 0
91758, 1, 0, 0, 0, 1, 0
91760, 0, 1, 1, 0, 0, 0
91761, 1, 0, 0, 0, 1, 0
91762, 0, 1, 1, 0, 0, 0
91764, 1, 0, 0, 0, 1, 0
91765, 2, 0, 0, 0, 2, 0
91766, 0, 1, 1, 0, 0, 0
91767, 1, 0, 0, 0, 1, 0
91768, 0, 1, 1, 0, 0, 0
91769, 2, 0, 0, 0, 2, 0
91770, 0, 1, 1, 0, 0, 0
91771, 1, 0, 0, 0, 0, 1
91772, 2, 2, 2, 0, 2, 0
91773, 2, 0, 0, 0, 2, 0
91774, 2, 0, 0, 0, 2, 0
91775, 1, 0, 0, 0, 1, 0
91779, 2, 0, 0, 0, 2, 0
91785, 1, 0, 0, 0, 1, 0
91786, 1, 0, 0, 0, 1, 0
91793, 1, 0, 0, 0, 1, 0
91796, 3, 0, 0, 0, 3, 0
91801, 3, 0, 0, 0, 3, 0
91805, 1, 0, 0, 0, 1, 0
91806, 1, 0, 0, 0, 1, 0
91807, 2, 0, 0, 0, 2, 0
91809, 1, 0, 0, 0, 0, 1
91810, 1, 0, 0, 0, 1, 0
91811, 0, 1, 1, 0, 0, 0
91812, 1, 0, 0, 0, 1, 0
91813, 4, 1, 1, 0, 3, 1
91814, 1, 0, 0, 0, 1, 0
91818, 1, 0, 0, 0, 1, 0
91819, 1, 0, 0, 0, 1, 0
91820, 1, 0, 0, 0, 1, 0
91821, 8, 0, 0, 0, 8, 0
91823, 1, 1, 1, 0, 1, 0
91824, 3, 0, 0, 0, 3, 0
91825, 1, 2, 2, 0, 1, 0
91827, 1, 0, 0, 0, 1, 0
91829, 1, 0, 0, 0, 0, 1
91832, 1, 0, 0, 0, 1, 0
91833, 1, 0, 0, 0, 1, 0
91834, 1, 0, 0, 0, 1, 0
91835, 1, 0, 0, 0, 1, 0
91836, 0, 1, 1, 0, 0, 0
91837, 1, 0, 0, 0, 1, 0
91838, 1, 0, 0, 0, 0, 1
91839, 1, 0, 0, 0, 1, 0
91840, 1, 0, 0, 0, 1, 0
91845, 1, 0, 0, 0, 1, 0
91847, 1, 0, 0, 0, 1, 0
91848, 1, 0, 0, 0, 1, 0
91850, 0, 1, 1, 0, 0, 0
91851, 1, 0, 0, 0, 1, 0
91852, 1, 0, 0, 0, 1, 0
91854, 3, 0, 0, 0, 2, 1
91855, 1, 0, 0, 0, 1, 0
91856, 1, 0, 0, 0, 0, 1
91857, 4, 0, 0, 0, 4, 0
91858, 0, 1, 1, 0, 0, 0
91859, 0, 1, 1, 0, 0, 0
91860, 4, 0, 0, 0, 4, 0
91861, 1, 0, 0, 0, 1, 0
91862, 2, 0, 0, 0, 2, 0
91863, 1, 0, 0, 0, 1, 0
91867, 1, 0, 0, 0, 1, 0
91868, 1, 0, 0, 0, 1, 0
91869, 1, 0, 0, 0, 1, 0
91870, 1, 0, 0, 0, 1, 0
91871, 1, 0, 0, 0, 1, 0
91872, 1, 1, 1, 0, 1, 0
91873, 4, 1, 1, 0, 4, 0
91934, 0, 1, 1, 0, 0, 0
91874, 1, 0, 0, 0, 1, 0
91875, 0, 1, 1, 0, 0, 0
91880, 1, 0, 0, 0, 1, 0
91881, 1, 0, 0, 0, 1, 0
91882, 2, 0, 0, 0, 2, 0
91883, 0, 1, 1, 0, 0, 0
91884, 1, 0, 0, 0, 0, 1
91885, 2, 0, 0, 0, 2, 0
91886, 1, 0, 0, 0, 1, 0
91887, 2, 0, 0, 0, 2, 0
91888, 1, 0, 0, 0, 1, 0
91893, 1, 0, 0, 0, 1, 0
91894, 3, 0, 0, 0, 3, 0
91895, 1, 0, 0, 0, 0, 1
91896, 1, 0, 0, 0, 0, 1
91899, 2, 0, 0, 0, 0, 2
91903, 1, 0, 0, 0, 1, 0
91904, 1, 0, 0, 0, 1, 0
91909, 1, 0, 0, 0, 0, 1
91910, 6, 0, 0, 0, 6, 0
91911, 10, 0, 0, 0, 10, 0
91912, 0, 1, 1, 0, 0, 0
91913, 1, 0, 0, 0, 1, 0
91914, 0, 1, 1, 0, 0, 0
91915, 1, 0, 0, 0, 0, 1
91916, 2, 0, 0, 0, 2, 0
91918, 1, 0, 0, 0, 1, 0
91919, 3, 0, 0, 0, 3, 0
91921, 1, 0, 0, 0, 1, 0
91923, 1, 0, 0, 0, 1, 0
91924, 1, 0, 0, 0, 1, 0
91925, 2, 1, 1, 0, 2, 0
91926, 1, 0, 0, 0, 1, 0
91930, 1, 0, 0, 0, 1, 0
91932, 2, 0, 0, 0, 2, 0
91933, 1, 0, 0, 0, 1, 0
91936, 1, 0, 0, 0, 1, 0
91939, 2, 0, 0, 0, 2, 0
91940, 1, 0, 0, 0, 0, 1
91941, 1, 0, 0, 0, 1, 0
91942, 1, 0, 0, 0, 1, 0
91943, 1, 0, 0, 0, 1, 0
91944, 1, 0, 0, 0, 0, 1
91946, 1, 0, 0, 0, 1, 0
91947, 1, 0, 0, 0, 1, 0
91948, 4, 0, 0, 0, 2, 2
91949, 1, 0, 0, 0, 1, 0
91950, 2, 0, 0, 0, 2, 0
91951, 0, 1, 1, 0, 0, 0
91952, 1, 0, 0, 0, 1, 0
91953, 5, 0, 0, 0, 5, 0
91955, 1, 0, 0, 0, 1, 0
91957, 1, 0, 0, 0, 1, 0
91958, 1, 0, 0, 0, 0, 1
91959, 1, 0, 0, 0, 1, 0
91960, 3, 0, 0, 0, 3, 0
91961, 1, 0, 0, 0, 1, 0
91963, 1, 0, 0, 0, 1, 0
91964, 0, 1, 1, 0, 0, 0
91965, 1, 0, 0, 0, 0, 1
91966, 1, 0, 0, 0, 1, 0
91971, 2, 0, 0, 0, 1, 1
101281, 0, 1, 0, 1, 0, 0
91972, 1, 0, 0, 0, 0, 1
91973, 1, 0, 0, 0, 0, 1
91977, 3, 0, 0, 0, 3, 0
91982, 3, 0, 0, 0, 0, 3
91984, 2, 0, 0, 0, 2, 0
91985, 1, 0, 0, 0, 1, 0
91986, 1, 0, 0, 0, 1, 0
91987, 1, 0, 0, 0, 1, 0
91990, 1, 0, 0, 0, 0, 1
91991, 1, 0, 0, 0, 1, 0
91998, 1, 0, 0, 0, 1, 0
92000, 1, 0, 0, 0, 1, 0
92001, 1, 0, 0, 0, 1, 0
92002, 2, 0, 0, 0, 1, 1
92003, 1, 0, 0, 0, 1, 0
92004, 1, 0, 0, 0, 1, 0
92005, 1, 0, 0, 0, 1, 0
92007, 1, 0, 0, 0, 1, 0
92008, 0, 1, 1, 0, 0, 0
92009, 1, 0, 0, 0, 1, 0
92016, 1, 0, 0, 0, 1, 0
92017, 7, 0, 0, 0, 7, 0
92018, 0, 1, 1, 0, 0, 0
92019, 1, 0, 0, 0, 1, 0
92020, 3, 0, 0, 0, 3, 0
92023, 1, 0, 0, 0, 1, 0
92025, 1, 0, 0, 0, 1, 0
92027, 4, 0, 0, 0, 4, 0
92029, 1, 0, 0, 0, 1, 0
92030, 0, 1, 1, 0, 0, 0
92033, 1, 0, 0, 0, 1, 0
92034, 0, 1, 1, 0, 0, 0
92035, 1, 0, 0, 0, 0, 1
92036, 5, 0, 0, 0, 3, 2
92037, 0, 1, 0, 1, 0, 0
92038, 1, 0, 0, 0, 1, 0
92039, 1, 0, 0, 0, 0, 1
92040, 1, 0, 0, 0, 1, 0
92041, 1, 0, 0, 0, 1, 0
92042, 1, 0, 0, 0, 1, 0
92043, 1, 1, 1, 0, 1, 0
92044, 1, 0, 0, 0, 1, 0
92046, 1, 0, 0, 0, 1, 0
92047, 8, 0, 0, 0, 8, 0
92048, 1, 0, 0, 0, 1, 0
92049, 1, 0, 0, 0, 0, 1
92050, 1, 0, 0, 0, 0, 1
92052, 1, 0, 0, 0, 1, 0
92053, 2, 0, 0, 0, 2, 0
92054, 0, 1, 1, 0, 0, 0
92056, 1, 0, 0, 0, 1, 0
92057, 2, 0, 0, 0, 2, 0
92058, 1, 0, 0, 0, 1, 0
92059, 1, 0, 0, 0, 1, 0
92060, 1, 0, 0, 0, 1, 0
92061, 1, 0, 0, 0, 1, 0
92062, 1, 0, 0, 0, 1, 0
92064, 4, 0, 0, 0, 4, 0
92066, 1, 0, 0, 0, 1, 0
92069, 3, 0, 0, 0, 3, 0
92070, 1, 0, 0, 0, 1, 0
92071, 19, 0, 0, 0, 13, 6
92072, 1, 0, 0, 0, 1, 0
92073, 1, 0, 0, 0, 1, 0
92074, 2, 0, 0, 0, 2, 0
92075, 0, 1, 1, 0, 0, 0
92077, 1, 0, 0, 0, 1, 0
92078, 1, 0, 0, 0, 1, 0
92081, 4, 0, 0, 0, 3, 1
92082, 3, 0, 0, 0, 3, 0
92083, 2, 0, 0, 0, 2, 0
92084, 1, 0, 0, 0, 1, 0
92085, 1, 0, 0, 0, 1, 0
92086, 1, 0, 0, 0, 1, 0
92089, 1, 0, 0, 0, 0, 1
92091, 1, 0, 0, 0, 1, 0
92092, 1, 0, 0, 0, 1, 0
92094, 1, 0, 0, 0, 1, 0
92095, 1, 0, 0, 0, 1, 0
92096, 1, 0, 0, 0, 1, 0
92097, 1, 0, 0, 0, 1, 0
92098, 1, 0, 0, 0, 1, 0
92099, 1, 0, 0, 0, 1, 0
92103, 1, 0, 0, 0, 1, 0
92104, 6, 0, 0, 0, 6, 0
92105, 0, 1, 1, 0, 0, 0
92106, 1, 0, 0, 0, 1, 0
92108, 3, 0, 0, 0, 3, 0
92109, 1, 0, 0, 0, 1, 0
92115, 2, 0, 0, 0, 1, 1
92137, 2, 1, 1, 0, 2, 0
92138, 1, 1, 1, 0, 1, 0
114056, 0, 1, 1, 0, 0, 0
92141, 1, 0, 0, 0, 1, 0
92142, 0, 6, 5, 1, 0, 0
92144, 1, 0, 0, 0, 1, 0
92147, 1, 0, 0, 0, 1, 0
92148, 1, 0, 0, 0, 0, 1
92149, 0, 1, 0, 1, 0, 0
102736, 1, 1, 1, 0, 1, 0
92152, 1, 0, 0, 0, 1, 0
92153, 0, 1, 1, 0, 0, 0
92154, 2, 0, 0, 0, 2, 0
99827, 1, 1, 0, 1, 1, 0
99888, 0, 1, 0, 1, 0, 0
100125, 0, 1, 0, 1, 0, 0
100264, 0, 1, 0, 1, 0, 0
100379, 0, 1, 0, 1, 0, 0
101321, 0, 1, 0, 1, 0, 0
111671, 0, 1, 0, 1, 0, 0
114829, 0, 2, 0, 2, 0, 0
115611, 0, 1, 0, 1, 0, 0
115616, 1, 2, 1, 1, 1, 0
117512, 0, 1, 0, 1, 0, 0
92159, 1, 0, 0, 0, 1, 0
92160, 1, 0, 0, 0, 0, 1
92161, 0, 2, 0, 2, 0, 0
92162, 2, 0, 0, 0, 2, 0
100766, 0, 1, 1, 0, 0, 0
92163, 1, 0, 0, 0, 0, 1
92174, 1, 0, 0, 0, 1, 0
92175, 1, 0, 0, 0, 1, 0
92176, 1, 0, 0, 0, 1, 0
92179, 1, 0, 0, 0, 1, 0
92180, 0, 1, 1, 0, 0, 0
92181, 1, 0, 0, 0, 1, 0
92183, 12, 3, 3, 0, 12, 0
113330, 0, 1, 1, 0, 0, 0
116131, 0, 1, 0, 1, 0, 0
92185, 1, 0, 0, 0, 1, 0
92186, 0, 9, 9, 0, 0, 0
127077, 0, 1, 1, 0, 0, 0
101911, 3, 2, 2, 0, 3, 0
92401, 4, 1, 1, 0, 4, 0
115313, 0, 1, 0, 1, 0, 0
92626, 1, 0, 0, 0, 1, 0
117099, 2, 1, 1, 0, 2, 0
92798, 1, 0, 0, 0, 1, 0
104204, 2, 1, 1, 0, 2, 0
111809, 4, 1, 1, 0, 4, 0
92821, 0, 1, 1, 0, 0, 0
110175, 0, 1, 0, 1, 0, 0
110176, 0, 1, 0, 1, 0, 0
113757, 5, 3, 3, 0, 5, 0
118856, 0, 1, 0, 1, 0, 0
127208, 0, 1, 0, 1, 0, 0
127211, 0, 1, 0, 1, 0, 0
129038, 0, 1, 0, 1, 0, 0
129908, 0, 1, 0, 1, 0, 0
130360, 0, 1, 0, 1, 0, 0
131534, 0, 1, 0, 1, 0, 0
131813, 0, 1, 0, 1, 0, 0
92808, 1, 0, 0, 0, 1, 0
92809, 0, 1, 1, 0, 0, 0
92813, 1, 0, 0, 0, 1, 0
92814, 0, 1, 1, 0, 0, 0
92815, 3, 0, 0, 0, 3, 0
106391, 1, 1, 1, 0, 1, 0
103116, 1, 1, 1, 0, 1, 0
92818, 1, 0, 0, 0, 1, 0
92819, 0, 1, 1, 0, 0, 0
98008, 0, 1, 1, 0, 0, 0
109232, 4, 2, 2, 0, 2, 2
92824, 16, 0, 0, 0, 16, 0
92827, 1, 0, 0, 0, 1, 0
116357, 9, 2, 2, 0, 9, 0
117037, 1, 1, 1, 0, 1, 0
92833, 3, 1, 1, 0, 3, 0
113935, 1, 1, 1, 0, 1, 0
92838, 2, 0, 0, 0, 2, 0
114740, 1, 1, 1, 0, 1, 0
114832, 3, 4, 4, 0, 3, 0
92842, 1, 0, 0, 0, 1, 0
96244, 5, 3, 3, 0, 5, 0
92848, 2, 0, 0, 0, 2, 0
92850, 2, 0, 0, 0, 2, 0
92851, 3, 3, 2, 1, 3, 0
92866, 1, 0, 0, 0, 1, 0
92867, 16, 0, 0, 0, 16, 0
92868, 0, 1, 1, 0, 0, 0
109600, 3, 2, 2, 0, 3, 0
113602, 0, 1, 1, 0, 0, 0
92869, 1, 0, 0, 0, 0, 1
92870, 5, 0, 0, 0, 5, 0
92873, 1, 0, 0, 0, 1, 0
92875, 1, 0, 0, 0, 0, 1
92876, 1, 1, 1, 0, 1, 0
96838, 0, 1, 1, 0, 0, 0
93155, 13, 0, 0, 0, 13, 0
93156, 1, 0, 0, 0, 1, 0
93158, 4, 0, 0, 0, 4, 0
93159, 0, 1, 1, 0, 0, 0
93160, 0, 1, 1, 0, 0, 0
93163, 1, 0, 0, 0, 1, 0
93168, 1, 0, 0, 0, 1, 0
93171, 2, 0, 0, 0, 1, 1
97650, 0, 1, 0, 1, 0, 0
93173, 1, 0, 0, 0, 1, 0
93174, 1, 0, 0, 0, 1, 0
93175, 1, 0, 0, 0, 1, 0
93176, 1, 0, 0, 0, 1, 0
93177, 6, 0, 0, 0, 6, 0
93178, 0, 1, 1, 0, 0, 0
93192, 0, 1, 1, 0, 0, 0
93193, 0, 1, 1, 0, 0, 0
93194, 0, 1, 1, 0, 0, 0
93179, 2, 0, 0, 0, 1, 1
93181, 0, 1, 1, 0, 0, 0
93182, 1, 0, 0, 0, 1, 0
93183, 0, 1, 1, 0, 0, 0
93185, 3, 0, 0, 0, 3, 0
101714, 1, 4, 4, 0, 1, 0
93186, 1, 0, 0, 0, 1, 0
93188, 3, 0, 0, 0, 3, 0
93189, 2, 0, 0, 0, 1, 1
93190, 0, 3, 2, 1, 0, 0
93196, 7, 0, 0, 0, 7, 0
93197, 0, 2, 2, 0, 0, 0
93200, 1, 0, 0, 0, 1, 0
93201, 1, 2, 2, 0, 1, 0
93202, 1, 0, 0, 0, 1, 0
93207, 1, 0, 0, 0, 1, 0
93208, 1, 0, 0, 0, 1, 0
93210, 1, 0, 0, 0, 1, 0
93212, 1, 0, 0, 0, 1, 0
93214, 1, 0, 0, 0, 0, 1
93215, 1, 0, 0, 0, 1, 0
93218, 1, 0, 0, 0, 1, 0
93219, 1, 0, 0, 0, 1, 0
93221, 0, 1, 1, 0, 0, 0
104638, 0, 1, 1, 0, 0, 0
93222, 1, 0, 0, 0, 0, 1
93223, 1, 0, 0, 0, 1, 0
93225, 1, 0, 0, 0, 1, 0
93226, 1, 0, 0, 0, 1, 0
93229, 1, 0, 0, 0, 1, 0
93231, 3, 0, 0, 0, 3, 0
93232, 1, 0, 0, 0, 1, 0
93235, 1, 0, 0, 0, 1, 0
93236, 1, 0, 0, 0, 1, 0
93237, 1, 0, 0, 0, 1, 0
93238, 1, 0, 0, 0, 1, 0
93239, 1, 0, 0, 0, 1, 0
93240, 1, 0, 0, 0, 1, 0
93243, 1, 0, 0, 0, 1, 0
93245, 1, 0, 0, 0, 1, 0
93246, 1, 0, 0, 0, 1, 0
93249, 1, 0, 0, 0, 1, 0
93250, 0, 1, 1, 0, 0, 0
93251, 1, 0, 0, 0, 1, 0
93253, 3, 0, 0, 0, 3, 0
93254, 1, 0, 0, 0, 1, 0
93257, 1, 0, 0, 0, 1, 0
93260, 2, 0, 0, 0, 2, 0
93261, 0, 3, 3, 0, 0, 0
93262, 1, 0, 0, 0, 1, 0
93264, 3, 0, 0, 0, 3, 0
93266, 4, 1, 1, 0, 4, 0
93269, 1, 0, 0, 0, 1, 0
93271, 1, 0, 0, 0, 0, 1
93272, 1, 0, 0, 0, 1, 0
93273, 1, 0, 0, 0, 1, 0
93275, 1, 0, 0, 0, 1, 0
93276, 1, 0, 0, 0, 1, 0
93277, 1, 0, 0, 0, 1, 0
93279, 1, 0, 0, 0, 1, 0
93280, 1, 0, 0, 0, 1, 0
93283, 1, 0, 0, 0, 0, 1
93284, 1, 0, 0, 0, 1, 0
93285, 1, 0, 0, 0, 1, 0
93286, 1, 2, 2, 0, 1, 0
93287, 1, 0, 0, 0, 1, 0
93288, 0, 1, 1, 0, 0, 0
93289, 1, 0, 0, 0, 1, 0
93292, 1, 0, 0, 0, 1, 0
93295, 1, 0, 0, 0, 0, 1
93296, 0, 1, 0, 1, 0, 0
93297, 1, 0, 0, 0, 1, 0
93298, 2, 0, 0, 0, 2, 0
93299, 1, 0, 0, 0, 1, 0
93300, 1, 0, 0, 0, 1, 0
93301, 1, 2, 2, 0, 1, 0
93304, 2, 0, 0, 0, 2, 0
93306, 1, 0, 0, 0, 1, 0
93307, 1, 0, 0, 0, 0, 1
93310, 1, 0, 0, 0, 1, 0
93311, 1, 0, 0, 0, 1, 0
93312, 1, 0, 0, 0, 1, 0
93313, 1, 0, 0, 0, 1, 0
93314, 1, 0, 0, 0, 1, 0
93315, 1, 0, 0, 0, 1, 0
93316, 0, 1, 1, 0, 0, 0
93317, 2, 0, 0, 0, 2, 0
93322, 0, 1, 1, 0, 0, 0
93319, 3, 0, 0, 0, 2, 1
93320, 0, 1, 0, 1, 0, 0
94236, 1, 2, 2, 0, 1, 0
94237, 0, 2, 2, 0, 0, 0
93323, 1, 0, 0, 0, 1, 0
93324, 2, 0, 0, 0, 2, 0
98756, 0, 2, 2, 0, 0, 0
93326, 1, 0, 0, 0, 1, 0
93328, 3, 1, 1, 0, 2, 1
93330, 1, 0, 0, 0, 1, 0
93331, 1, 0, 0, 0, 1, 0
93332, 2, 0, 0, 0, 2, 0
93333, 1, 0, 0, 0, 1, 0
93334, 1, 0, 0, 0, 1, 0
93335, 1, 0, 0, 0, 1, 0
93336, 0, 1, 1, 0, 0, 0
93337, 1, 0, 0, 0, 1, 0
93338, 1, 0, 0, 0, 1, 0
93339, 0, 20, 18, 2, 0, 0
93340, 1, 0, 0, 0, 1, 0
93341, 0, 1, 1, 0, 0, 0
93342, 1, 0, 0, 0, 1, 0
95550, 1, 1, 1, 0, 1, 0
93345, 1, 0, 0, 0, 1, 0
93346, 1, 0, 0, 0, 1, 0
93348, 1, 0, 0, 0, 1, 0
93349, 1, 0, 0, 0, 0, 1
93351, 1, 0, 0, 0, 1, 0
93352, 6, 0, 0, 0, 5, 1
93353, 1, 0, 0, 0, 1, 0
93355, 3, 0, 0, 0, 2, 1
93357, 2, 0, 0, 0, 2, 0
94522, 2, 2, 2, 0, 2, 0
116500, 0, 1, 0, 1, 0, 0
126561, 0, 1, 0, 1, 0, 0
93360, 4, 1, 1, 0, 4, 0
93361, 1, 0, 0, 0, 1, 0
93362, 0, 1, 1, 0, 0, 0
93365, 1, 0, 0, 0, 1, 0
93366, 1, 0, 0, 0, 1, 0
93367, 1, 0, 0, 0, 0, 1
93369, 1, 0, 0, 0, 1, 0
93370, 1, 0, 0, 0, 1, 0
93371, 1, 0, 0, 0, 1, 0
93373, 1, 0, 0, 0, 1, 0
93374, 2, 0, 0, 0, 2, 0
93375, 2, 0, 0, 0, 1, 1
93376, 1, 0, 0, 0, 0, 1
93380, 1, 0, 0, 0, 0, 1
93382, 1, 0, 0, 0, 1, 0
93383, 1, 0, 0, 0, 1, 0
93384, 0, 2, 2, 0, 0, 0
93385, 2, 0, 0, 0, 2, 0
93386, 4, 0, 0, 0, 4, 0
93387, 0, 2, 2, 0, 0, 0
93389, 1, 0, 0, 0, 1, 0
93390, 1, 0, 0, 0, 1, 0
93391, 9, 0, 0, 0, 9, 0
93392, 1, 0, 0, 0, 1, 0
93393, 1, 0, 0, 0, 1, 0
93396, 1, 0, 0, 0, 1, 0
93397, 0, 1, 1, 0, 0, 0
108761, 0, 2, 2, 0, 0, 0
93401, 1, 0, 0, 0, 1, 0
93403, 1, 0, 0, 0, 0, 1
93404, 1, 0, 0, 0, 1, 0
93407, 2, 0, 0, 0, 2, 0
93408, 0, 1, 1, 0, 0, 0
93428, 0, 2, 2, 0, 0, 0
93409, 1, 0, 0, 0, 1, 0
93410, 0, 1, 1, 0, 0, 0
93411, 3, 0, 0, 0, 3, 0
93412, 1, 0, 0, 0, 1, 0
93413, 1, 0, 0, 0, 1, 0
93415, 1, 0, 0, 0, 1, 0
93416, 2, 0, 0, 0, 2, 0
93417, 1, 0, 0, 0, 1, 0
93418, 1, 0, 0, 0, 1, 0
93420, 1, 0, 0, 0, 1, 0
93421, 1, 0, 0, 0, 1, 0
93424, 1, 0, 0, 0, 1, 0
93425, 3, 0, 0, 0, 3, 0
93430, 1, 0, 0, 0, 0, 1
93431, 1, 0, 0, 0, 1, 0
93436, 1, 0, 0, 0, 1, 0
93437, 1, 0, 0, 0, 1, 0
93438, 1, 0, 0, 0, 1, 0
93439, 2, 0, 0, 0, 2, 0
93440, 1, 0, 0, 0, 1, 0
93441, 1, 0, 0, 0, 0, 1
93442, 0, 1, 0, 1, 0, 0
93443, 1, 0, 0, 0, 1, 0
93444, 1, 0, 0, 0, 1, 0
93445, 1, 0, 0, 0, 1, 0
93446, 2, 0, 0, 0, 2, 0
93448, 1, 0, 0, 0, 1, 0
93449, 0, 1, 1, 0, 0, 0
93452, 1, 0, 0, 0, 1, 0
101333, 1, 2, 2, 0, 1, 0
101738, 0, 1, 1, 0, 0, 0
101739, 0, 1, 1, 0, 0, 0
101740, 0, 1, 1, 0, 0, 0
101741, 0, 1, 1, 0, 0, 0
101742, 0, 1, 1, 0, 0, 0
93457, 1, 0, 0, 0, 1, 0
93458, 1, 0, 0, 0, 0, 1
93459, 1, 0, 0, 0, 1, 0
93462, 1, 0, 0, 0, 1, 0
93463, 0, 1, 1, 0, 0, 0
93465, 1, 0, 0, 0, 1, 0
93467, 1, 0, 0, 0, 1, 0
93469, 1, 0, 0, 0, 1, 0
93470, 1, 0, 0, 0, 0, 1
93471, 0, 1, 0, 1, 0, 0
93472, 1, 0, 0, 0, 0, 1
93473, 1, 0, 0, 0, 1, 0
93474, 1, 0, 0, 0, 1, 0
93475, 1, 0, 0, 0, 1, 0
93476, 1, 0, 0, 0, 0, 1
93477, 2, 0, 0, 0, 2, 0
93478, 3, 2, 2, 0, 3, 0
93480, 1, 0, 0, 0, 1, 0
93485, 1, 0, 0, 0, 1, 0
93486, 0, 1, 1, 0, 0, 0
93487, 2, 0, 0, 0, 2, 0
93488, 2, 1, 1, 0, 2, 0
93489, 0, 1, 1, 0, 0, 0
95815, 1, 1, 1, 0, 1, 0
93490, 1, 0, 0, 0, 1, 0
93494, 1, 0, 0, 0, 1, 0
93495, 0, 2, 1, 1, 0, 0
93496, 2, 0, 0, 0, 2, 0
93497, 2, 0, 0, 0, 0, 2
93498, 1, 0, 0, 0, 1, 0
93500, 1, 0, 0, 0, 1, 0
93501, 1, 0, 0, 0, 1, 0
93502, 1, 0, 0, 0, 1, 0
93504, 3, 0, 0, 0, 3, 0
93505, 1, 0, 0, 0, 1, 0
93506, 3, 0, 0, 0, 3, 0
93507, 1, 0, 0, 0, 1, 0
93509, 1, 0, 0, 0, 1, 0
93513, 1, 0, 0, 0, 0, 1
93515, 1, 0, 0, 0, 1, 0
93516, 1, 0, 0, 0, 1, 0
93517, 0, 2, 2, 0, 0, 0
93518, 5, 0, 0, 0, 5, 0
93519, 1, 0, 0, 0, 1, 0
93521, 1, 1, 1, 0, 1, 0
93522, 1, 1, 1, 0, 1, 0
131800, 0, 1, 1, 0, 0, 0
93525, 1, 0, 0, 0, 1, 0
93526, 1, 1, 1, 0, 0, 1
93527, 1, 0, 0, 0, 1, 0
93528, 7, 1, 1, 0, 7, 0
97813, 1, 1, 1, 0, 1, 0
93531, 6, 0, 0, 0, 5, 1
93534, 0, 1, 1, 0, 0, 0
93535, 0, 1, 1, 0, 0, 0
93533, 1, 0, 0, 0, 1, 0
93536, 2, 0, 0, 0, 1, 1
93537, 1, 0, 0, 0, 1, 0
93540, 1, 0, 0, 0, 1, 0
93541, 1, 0, 0, 0, 1, 0
94242, 0, 1, 1, 0, 0, 0
93545, 1, 0, 0, 0, 1, 0
93548, 8, 1, 1, 0, 8, 0
93550, 1, 0, 0, 0, 1, 0
93551, 1, 0, 0, 0, 1, 0
93552, 2, 0, 0, 0, 2, 0
93553, 0, 1, 1, 0, 0, 0
93554, 1, 0, 0, 0, 1, 0
93556, 1, 0, 0, 0, 1, 0
93557, 1, 0, 0, 0, 1, 0
94536, 1, 5, 5, 0, 1, 0
94538, 0, 1, 1, 0, 0, 0
94666, 0, 1, 1, 0, 0, 0
95044, 3, 2, 2, 0, 3, 0
95137, 3, 1, 1, 0, 3, 0
95138, 1, 1, 1, 0, 1, 0
95472, 0, 1, 1, 0, 0, 0
95473, 0, 1, 1, 0, 0, 0
95529, 2, 3, 3, 0, 2, 0
95565, 0, 1, 1, 0, 0, 0
95782, 0, 1, 1, 0, 0, 0
98164, 0, 1, 1, 0, 0, 0
99278, 2, 2, 2, 0, 2, 0
108090, 0, 1, 1, 0, 0, 0
108092, 0, 1, 1, 0, 0, 0
108093, 0, 1, 1, 0, 0, 0
108955, 1, 1, 1, 0, 1, 0
109057, 1, 2, 2, 0, 1, 0
112601, 0, 1, 1, 0, 0, 0
112645, 1, 2, 2, 0, 1, 0
114928, 0, 2, 2, 0, 0, 0
114929, 0, 1, 1, 0, 0, 0
93561, 2, 0, 0, 0, 2, 0
93563, 1, 0, 0, 0, 1, 0
93564, 1, 0, 0, 0, 1, 0
93565, 2, 0, 0, 0, 2, 0
93567, 1, 0, 0, 0, 1, 0
93568, 1, 0, 0, 0, 1, 0
93570, 1, 0, 0, 0, 1, 0
93572, 1, 0, 0, 0, 0, 1
93573, 1, 0, 0, 0, 0, 1
93574, 1, 0, 0, 0, 1, 0
93575, 1, 0, 0, 0, 1, 0
93576, 1, 0, 0, 0, 1, 0
93577, 1, 0, 0, 0, 1, 0
93578, 0, 1, 1, 0, 0, 0
93579, 1, 0, 0, 0, 1, 0
93581, 1, 0, 0, 0, 1, 0
93582, 2, 1, 1, 0, 2, 0
93583, 1, 0, 0, 0, 1, 0
93585, 0, 1, 1, 0, 0, 0
93599, 0, 1, 1, 0, 0, 0
93637, 0, 4, 1, 3, 0, 0
95064, 1, 1, 1, 0, 1, 0
93586, 2, 0, 0, 0, 2, 0
120347, 0, 1, 1, 0, 0, 0
93587, 1, 0, 0, 0, 1, 0
93590, 1, 0, 0, 0, 1, 0
93591, 4, 0, 0, 0, 4, 0
93592, 1, 0, 0, 0, 1, 0
93594, 1, 0, 0, 0, 0, 1
101377, 0, 2, 2, 0, 0, 0
108047, 3, 2, 2, 0, 3, 0
93596, 1, 0, 0, 0, 0, 1
93598, 1, 0, 0, 0, 1, 0
93764, 0, 1, 1, 0, 0, 0
114581, 7, 7, 7, 0, 7, 0
116040, 4, 6, 5, 1, 4, 0
121438, 0, 1, 1, 0, 0, 0
121439, 0, 1, 1, 0, 0, 0
93602, 1, 0, 0, 0, 1, 0
93603, 6, 0, 0, 0, 6, 0
93604, 1, 0, 0, 0, 1, 0
93608, 1, 0, 0, 0, 1, 0
93609, 4, 1, 1, 0, 4, 0
93610, 1, 0, 0, 0, 1, 0
93611, 1, 0, 0, 0, 1, 0
94601, 1, 1, 1, 0, 1, 0
93615, 1, 0, 0, 0, 1, 0
93617, 1, 0, 0, 0, 1, 0
93618, 1, 0, 0, 0, 1, 0
93619, 0, 1, 1, 0, 0, 0
93620, 2, 0, 0, 0, 2, 0
93621, 1, 0, 0, 0, 0, 1
93622, 1, 0, 0, 0, 1, 0
93623, 1, 0, 0, 0, 1, 0
93625, 1, 0, 0, 0, 1, 0
93626, 1, 0, 0, 0, 0, 1
93627, 2, 0, 0, 0, 2, 0
93628, 1, 0, 0, 0, 1, 0
93629, 0, 2, 2, 0, 0, 0
93633, 1, 0, 0, 0, 1, 0
93634, 0, 1, 1, 0, 0, 0
93636, 1, 0, 0, 0, 1, 0
93639, 2, 0, 0, 0, 2, 0
93640, 1, 1, 1, 0, 1, 0
93641, 0, 3, 3, 0, 0, 0
93642, 1, 0, 0, 0, 1, 0
93643, 1, 0, 0, 0, 1, 0
93645, 2, 0, 0, 0, 0, 2
93646, 1, 0, 0, 0, 0, 1
93648, 1, 0, 0, 0, 1, 0
93649, 1, 0, 0, 0, 1, 0
93650, 0, 1, 1, 0, 0, 0
93651, 1, 0, 0, 0, 1, 0
93652, 0, 1, 1, 0, 0, 0
93656, 1, 0, 0, 0, 1, 0
93657, 0, 1, 1, 0, 0, 0
93658, 1, 0, 0, 0, 1, 0
93662, 1, 0, 0, 0, 1, 0
93721, 0, 1, 1, 0, 0, 0
93665, 4, 1, 1, 0, 4, 0
93666, 1, 0, 0, 0, 1, 0
93668, 1, 0, 0, 0, 1, 0
93669, 1, 0, 0, 0, 1, 0
93670, 1, 0, 0, 0, 1, 0
93671, 1, 0, 0, 0, 1, 0
93672, 1, 0, 0, 0, 1, 0
93673, 1, 0, 0, 0, 1, 0
93674, 0, 1, 1, 0, 0, 0
93675, 1, 0, 0, 0, 1, 0
93680, 1, 0, 0, 0, 1, 0
93681, 2, 0, 0, 0, 1, 1
93683, 1, 0, 0, 0, 1, 0
93684, 0, 1, 1, 0, 0, 0
93685, 3, 0, 0, 0, 3, 0
93686, 2, 1, 1, 0, 2, 0
94118, 0, 1, 1, 0, 0, 0
93688, 1, 0, 0, 0, 0, 1
93690, 1, 0, 0, 0, 1, 0
93691, 2, 1, 0, 1, 2, 0
93692, 3, 1, 1, 0, 3, 0
93693, 1, 0, 0, 0, 1, 0
93694, 3, 0, 0, 0, 3, 0
93695, 2, 0, 0, 0, 2, 0
93696, 0, 1, 1, 0, 0, 0
93697, 2, 0, 0, 0, 1, 1
93698, 2, 0, 0, 0, 2, 0
93699, 0, 1, 1, 0, 0, 0
93700, 1, 0, 0, 0, 1, 0
93701, 1, 0, 0, 0, 1, 0
93702, 0, 1, 1, 0, 0, 0
93703, 1, 0, 0, 0, 1, 0
93704, 1, 0, 0, 0, 1, 0
93705, 1, 0, 0, 0, 1, 0
93706, 1, 0, 0, 0, 1, 0
93707, 1, 0, 0, 0, 1, 0
93709, 1, 1, 1, 0, 1, 0
93710, 2, 1, 1, 0, 2, 0
93711, 11, 1, 0, 1, 10, 1
93712, 1, 0, 0, 0, 1, 0
93715, 1, 0, 0, 0, 1, 0
93716, 1, 0, 0, 0, 1, 0
93717, 1, 0, 0, 0, 1, 0
93720, 1, 0, 0, 0, 1, 0
93722, 1, 0, 0, 0, 1, 0
93723, 1, 0, 0, 0, 0, 1
93724, 0, 1, 0, 1, 0, 0
93725, 1, 0, 0, 0, 1, 0
93728, 1, 0, 0, 0, 1, 0
93729, 1, 0, 0, 0, 1, 0
93730, 1, 0, 0, 0, 1, 0
93732, 3, 0, 0, 0, 3, 0
93733, 1, 0, 0, 0, 1, 0
93734, 1, 0, 0, 0, 1, 0
93735, 1, 0, 0, 0, 0, 1
93736, 1, 0, 0, 0, 1, 0
93738, 2, 0, 0, 0, 2, 0
93739, 1, 0, 0, 0, 1, 0
93740, 1, 0, 0, 0, 1, 0
93741, 1, 0, 0, 0, 1, 0
93742, 2, 0, 0, 0, 2, 0
93743, 1, 1, 1, 0, 1, 0
93744, 1, 1, 1, 0, 1, 0
93745, 1, 0, 0, 0, 1, 0
93746, 1, 1, 1, 0, 1, 0
93747, 1, 0, 0, 0, 1, 0
93748, 0, 1, 1, 0, 0, 0
93749, 1, 0, 0, 0, 0, 1
93750, 1, 0, 0, 0, 1, 0
93752, 1, 0, 0, 0, 1, 0
93754, 1, 0, 0, 0, 1, 0
93755, 1, 0, 0, 0, 1, 0
93757, 1, 0, 0, 0, 1, 0
93758, 0, 1, 1, 0, 0, 0
101409, 2, 2, 2, 0, 2, 0
93761, 2, 0, 0, 0, 2, 0
93762, 1, 0, 0, 0, 1, 0
93763, 0, 1, 1, 0, 0, 0
93765, 1, 0, 0, 0, 1, 0
93766, 1, 0, 0, 0, 1, 0
93767, 1, 0, 0, 0, 1, 0
93769, 1, 0, 0, 0, 1, 0
93770, 1, 0, 0, 0, 1, 0
93771, 0, 1, 1, 0, 0, 0
93772, 1, 0, 0, 0, 1, 0
93773, 1, 0, 0, 0, 1, 0
93774, 2, 0, 0, 0, 2, 0
93777, 2, 0, 0, 0, 2, 0
93778, 2, 0, 0, 0, 2, 0
93781, 0, 1, 1, 0, 0, 0
93779, 1, 0, 0, 0, 1, 0
93780, 2, 0, 0, 0, 2, 0
93782, 1, 0, 0, 0, 1, 0
93783, 2, 0, 0, 0, 2, 0
93784, 1, 0, 0, 0, 1, 0
93785, 1, 0, 0, 0, 1, 0
93786, 3, 0, 0, 0, 3, 0
93787, 1, 0, 0, 0, 1, 0
93788, 1, 0, 0, 0, 1, 0
93789, 4, 0, 0, 0, 4, 0
98659, 8, 1, 1, 0, 6, 2
105781, 1, 1, 1, 0, 1, 0
93791, 1, 0, 0, 0, 0, 1
93794, 1, 0, 0, 0, 1, 0
93796, 1, 0, 0, 0, 1, 0
93798, 1, 0, 0, 0, 1, 0
93799, 1, 0, 0, 0, 1, 0
93801, 1, 0, 0, 0, 1, 0
93802, 0, 1, 1, 0, 0, 0
93804, 2, 1, 1, 0, 1, 1
93806, 1, 0, 0, 0, 0, 1
93807, 0, 1, 0, 1, 0, 0
93809, 0, 1, 1, 0, 0, 0
93810, 1, 0, 0, 0, 1, 0
93811, 1, 0, 0, 0, 1, 0
93812, 1, 0, 0, 0, 1, 0
93813, 2, 0, 0, 0, 1, 1
93814, 1, 0, 0, 0, 1, 0
93815, 1, 0, 0, 0, 1, 0
93816, 1, 0, 0, 0, 1, 0
93820, 1, 0, 0, 0, 1, 0
93821, 1, 0, 0, 0, 1, 0
93823, 2, 0, 0, 0, 2, 0
93824, 0, 1, 1, 0, 0, 0
93825, 1, 0, 0, 0, 1, 0
93826, 1, 0, 0, 0, 1, 0
93827, 1, 0, 0, 0, 1, 0
93829, 1, 0, 0, 0, 1, 0
93830, 1, 0, 0, 0, 1, 0
93831, 1, 0, 0, 0, 1, 0
93832, 3, 0, 0, 0, 3, 0
93833, 1, 0, 0, 0, 1, 0
93834, 0, 1, 1, 0, 0, 0
93835, 1, 0, 0, 0, 1, 0
93842, 1, 0, 0, 0, 1, 0
93843, 1, 0, 0, 0, 0, 1
93844, 0, 1, 0, 1, 0, 0
93845, 1, 0, 0, 0, 1, 0
93848, 1, 0, 0, 0, 0, 1
93849, 1, 1, 0, 1, 1, 0
93850, 2, 0, 0, 0, 2, 0
93851, 1, 0, 0, 0, 1, 0
93852, 1, 0, 0, 0, 1, 0
93853, 1, 0, 0, 0, 1, 0
93855, 1, 0, 0, 0, 1, 0
93856, 21, 1, 1, 0, 21, 0
130874, 0, 1, 1, 0, 0, 0
93857, 1, 0, 0, 0, 1, 0
93858, 1, 0, 0, 0, 1, 0
93859, 1, 0, 0, 0, 1, 0
93860, 0, 1, 1, 0, 0, 0
93861, 1, 0, 0, 0, 1, 0
93862, 1, 0, 0, 0, 1, 0
94907, 1, 2, 2, 0, 1, 0
113343, 1, 1, 1, 0, 1, 0
93864, 1, 0, 0, 0, 1, 0
93865, 1, 0, 0, 0, 1, 0
93866, 1, 1, 1, 0, 1, 0
93867, 1, 0, 0, 0, 1, 0
93868, 1, 0, 0, 0, 1, 0
94547, 1, 1, 1, 0, 1, 0
93873, 1, 0, 0, 0, 1, 0
93874, 0, 4, 4, 0, 0, 0
93877, 1, 0, 0, 0, 1, 0
93879, 1, 0, 0, 0, 1, 0
93880, 0, 1, 1, 0, 0, 0
93882, 6, 0, 0, 0, 6, 0
93884, 1, 0, 0, 0, 1, 0
93885, 1, 0, 0, 0, 1, 0
93886, 1, 0, 0, 0, 1, 0
93888, 1, 0, 0, 0, 1, 0
93890, 1, 1, 1, 0, 1, 0
93891, 5, 0, 0, 0, 5, 0
93893, 1, 0, 0, 0, 1, 0
93894, 1, 0, 0, 0, 1, 0
93895, 1, 0, 0, 0, 1, 0
93899, 1, 0, 0, 0, 1, 0
93900, 2, 0, 0, 0, 2, 0
93902, 1, 0, 0, 0, 1, 0
93903, 0, 1, 1, 0, 0, 0
93904, 1, 0, 0, 0, 1, 0
93905, 1, 1, 1, 0, 1, 0
93906, 1, 4, 4, 0, 1, 0
93907, 2, 0, 0, 0, 2, 0
93910, 1, 0, 0, 0, 1, 0
93911, 1, 0, 0, 0, 1, 0
93912, 1, 0, 0, 0, 1, 0
93913, 1, 0, 0, 0, 1, 0
93914, 1, 0, 0, 0, 1, 0
93915, 1, 0, 0, 0, 1, 0
93916, 1, 0, 0, 0, 1, 0
93917, 1, 0, 0, 0, 1, 0
93918, 1, 0, 0, 0, 1, 0
93919, 1, 0, 0, 0, 0, 1
93921, 1, 0, 0, 0, 1, 0
93923, 1, 0, 0, 0, 1, 0
93924, 0, 1, 1, 0, 0, 0
93925, 1, 0, 0, 0, 1, 0
93928, 1, 0, 0, 0, 1, 0
93929, 5, 0, 0, 0, 0, 5
93930, 1, 0, 0, 0, 1, 0
93933, 5, 0, 0, 0, 4, 1
93935, 1, 0, 0, 0, 1, 0
93936, 1, 0, 0, 0, 1, 0
93937, 1, 0, 0, 0, 1, 0
93938, 1, 0, 0, 0, 1, 0
93941, 1, 0, 0, 0, 1, 0
93942, 1, 0, 0, 0, 1, 0
93943, 0, 2, 2, 0, 0, 0
93944, 1, 1, 1, 0, 1, 0
104511, 2, 7, 7, 0, 2, 0
105006, 1, 3, 3, 0, 1, 0
105019, 1, 2, 2, 0, 1, 0
93948, 1, 1, 1, 0, 1, 0
93949, 1, 0, 0, 0, 0, 1
93951, 2, 0, 0, 0, 2, 0
93952, 1, 0, 0, 0, 1, 0
93953, 1, 0, 0, 0, 1, 0
93954, 1, 0, 0, 0, 1, 0
93955, 1, 0, 0, 0, 1, 0
93956, 1, 0, 0, 0, 1, 0
93957, 0, 1, 1, 0, 0, 0
93958, 2, 0, 0, 0, 2, 0
93959, 1, 0, 0, 0, 1, 0
93960, 0, 1, 1, 0, 0, 0
93961, 1, 0, 0, 0, 1, 0
93962, 3, 4, 4, 0, 3, 0
93963, 3, 2, 2, 0, 3, 0
94230, 2, 2, 1, 1, 2, 0
96273, 3, 2, 2, 0, 2, 1
94245, 2, 1, 1, 0, 2, 0
93964, 1, 0, 0, 0, 0, 1
93965, 0, 1, 0, 1, 0, 0
93967, 1, 0, 0, 0, 1, 0
93968, 1, 0, 0, 0, 1, 0
93969, 1, 0, 0, 0, 0, 1
93970, 1, 0, 0, 0, 1, 0
93972, 1, 0, 0, 0, 1, 0
93973, 1, 0, 0, 0, 1, 0
93974, 1, 0, 0, 0, 1, 0
93975, 1, 0, 0, 0, 1, 0
93976, 1, 0, 0, 0, 1, 0
102778, 0, 1, 1, 0, 0, 0
93983, 1, 0, 0, 0, 1, 0
93985, 1, 0, 0, 0, 1, 0
93987, 1, 0, 0, 0, 1, 0
93989, 1, 0, 0, 0, 1, 0
93990, 1, 1, 1, 0, 1, 0
93991, 1, 1, 1, 0, 1, 0
93993, 2, 0, 0, 0, 2, 0
93995, 1, 2, 2, 0, 1, 0
93997, 2, 0, 0, 0, 2, 0
93998, 1, 0, 0, 0, 1, 0
93999, 2, 0, 0, 0, 2, 0
94000, 1, 0, 0, 0, 1, 0
94001, 0, 3, 2, 1, 0, 0
94002, 2, 0, 0, 0, 2, 0
94003, 1, 0, 0, 0, 1, 0
94005, 1, 0, 0, 0, 1, 0
94006, 1, 0, 0, 0, 1, 0
94007, 0, 1, 1, 0, 0, 0
94008, 1, 0, 0, 0, 1, 0
94009, 1, 0, 0, 0, 1, 0
94010, 1, 0, 0, 0, 1, 0
94011, 0, 1, 1, 0, 0, 0
113372, 2, 1, 1, 0, 2, 0
94013, 1, 0, 0, 0, 1, 0
94014, 1, 0, 0, 0, 1, 0
94197, 0, 1, 1, 0, 0, 0
94019, 1, 0, 0, 0, 1, 0
94021, 4, 0, 0, 0, 4, 0
94022, 7, 0, 0, 0, 5, 2
94023, 1, 0, 0, 0, 1, 0
94024, 0, 1, 1, 0, 0, 0
94026, 1, 0, 0, 0, 1, 0
94027, 1, 0, 0, 0, 1, 0
94028, 1, 1, 1, 0, 1, 0
94029, 1, 0, 0, 0, 1, 0
94031, 1, 0, 0, 0, 1, 0
94032, 1, 0, 0, 0, 0, 1
94033, 1, 0, 0, 0, 1, 0
94034, 1, 0, 0, 0, 1, 0
94035, 2, 0, 0, 0, 2, 0
94036, 1, 0, 0, 0, 1, 0
94037, 1, 0, 0, 0, 1, 0
94039, 3, 0, 0, 0, 3, 0
94736, 0, 2, 1, 1, 0, 0
94044, 9, 0, 0, 0, 9, 0
94125, 0, 1, 1, 0, 0, 0
94045, 2, 0, 0, 0, 2, 0
94046, 1, 0, 0, 0, 1, 0
94047, 1, 0, 0, 0, 1, 0
94048, 1, 0, 0, 0, 1, 0
94051, 1, 1, 1, 0, 1, 0
94052, 1, 1, 1, 0, 1, 0
94055, 1, 0, 0, 0, 1, 0
94056, 1, 0, 0, 0, 1, 0
94057, 1, 0, 0, 0, 1, 0
94058, 0, 1, 1, 0, 0, 0
94061, 1, 0, 0, 0, 1, 0
94062, 1, 0, 0, 0, 1, 0
94063, 1, 0, 0, 0, 0, 1
94066, 1, 0, 0, 0, 1, 0
94067, 1, 0, 0, 0, 1, 0
94068, 1, 0, 0, 0, 1, 0
94069, 0, 1, 1, 0, 0, 0
94071, 1, 1, 1, 0, 1, 0
94072, 1, 0, 0, 0, 1, 0
94075, 1, 0, 0, 0, 1, 0
94424, 0, 1, 1, 0, 0, 0
94081, 1, 0, 0, 0, 1, 0
94082, 1, 0, 0, 0, 1, 0
94083, 2, 0, 0, 0, 2, 0
94084, 0, 4, 3, 1, 0, 0
94085, 1, 0, 0, 0, 1, 0
94086, 3, 0, 0, 0, 3, 0
94087, 2, 0, 0, 0, 2, 0
94088, 1, 0, 0, 0, 1, 0
106947, 1, 1, 1, 0, 1, 0
111280, 1, 1, 1, 0, 1, 0
94094, 1, 1, 1, 0, 1, 0
94096, 9, 0, 0, 0, 7, 2
94097, 0, 1, 1, 0, 0, 0
94098, 1, 0, 0, 0, 1, 0
94099, 0, 3, 3, 0, 0, 0
94100, 1, 0, 0, 0, 1, 0
94102, 1, 2, 1, 1, 1, 0
94104, 3, 0, 0, 0, 3, 0
94105, 1, 1, 1, 0, 1, 0
94106, 2, 1, 1, 0, 2, 0
94107, 1, 0, 0, 0, 1, 0
94108, 0, 1, 1, 0, 0, 0
94109, 1, 0, 0, 0, 1, 0
94110, 1, 0, 0, 0, 1, 0
94111, 0, 1, 1, 0, 0, 0
94112, 1, 0, 0, 0, 1, 0
94113, 0, 1, 1, 0, 0, 0
94114, 1, 0, 0, 0, 1, 0
94115, 3, 0, 0, 0, 3, 0
94117, 1, 0, 0, 0, 1, 0
94552, 1, 1, 1, 0, 1, 0
94120, 1, 1, 1, 0, 1, 0
94121, 1, 1, 1, 0, 1, 0
94122, 1, 0, 0, 0, 1, 0
94124, 2, 0, 0, 0, 2, 0
94126, 1, 0, 0, 0, 1, 0
94127, 3, 0, 0, 0, 3, 0
94128, 1, 0, 0, 0, 1, 0
94129, 1, 0, 0, 0, 1, 0
94130, 1, 0, 0, 0, 1, 0
94131, 1, 0, 0, 0, 1, 0
94133, 1, 0, 0, 0, 1, 0
94134, 1, 0, 0, 0, 1, 0
94135, 1, 0, 0, 0, 1, 0
94136, 1, 0, 0, 0, 1, 0
94137, 1, 0, 0, 0, 0, 1
94138, 1, 0, 0, 0, 1, 0
94143, 1, 0, 0, 0, 1, 0
94144, 1, 1, 1, 0, 0, 1
94147, 3, 0, 0, 0, 3, 0
94148, 1, 1, 1, 0, 1, 0
94149, 1, 0, 0, 0, 1, 0
94150, 2, 0, 0, 0, 1, 1
94151, 3, 0, 0, 0, 3, 0
94152, 1, 0, 0, 0, 1, 0
94153, 1, 0, 0, 0, 1, 0
94155, 2, 0, 0, 0, 2, 0
94721, 0, 3, 3, 0, 0, 0
94722, 0, 1, 1, 0, 0, 0
94157, 1, 0, 0, 0, 1, 0
94159, 1, 0, 0, 0, 0, 1
94160, 2, 0, 0, 0, 2, 0
94163, 1, 1, 1, 0, 1, 0
94164, 1, 1, 1, 0, 1, 0
94168, 1, 0, 0, 0, 1, 0
94169, 1, 1, 1, 0, 1, 0
94171, 1, 0, 0, 0, 1, 0
94173, 1, 0, 0, 0, 1, 0
94174, 1, 0, 0, 0, 1, 0
94175, 1, 0, 0, 0, 1, 0
94176, 0, 1, 1, 0, 0, 0
94177, 1, 0, 0, 0, 1, 0
94178, 1, 0, 0, 0, 1, 0
94180, 1, 0, 0, 0, 1, 0
94181, 1, 0, 0, 0, 1, 0
94182, 1, 0, 0, 0, 1, 0
94183, 1, 0, 0, 0, 1, 0
94186, 1, 0, 0, 0, 1, 0
94189, 1, 1, 1, 0, 1, 0
94190, 1, 1, 1, 0, 1, 0
94191, 2, 0, 0, 0, 2, 0
94192, 5, 0, 0, 0, 5, 0
94193, 0, 1, 1, 0, 0, 0
94195, 1, 0, 0, 0, 1, 0
94196, 1, 0, 0, 0, 1, 0
94199, 1, 0, 0, 0, 1, 0
94201, 1, 0, 0, 0, 1, 0
94202, 0, 2, 2, 0, 0, 0
94203, 1, 0, 0, 0, 1, 0
94205, 1, 0, 0, 0, 1, 0
94207, 3, 0, 0, 0, 3, 0
94208, 1, 0, 0, 0, 0, 1
94209, 1, 0, 0, 0, 1, 0
94211, 1, 0, 0, 0, 1, 0
94212, 0, 1, 1, 0, 0, 0
94213, 2, 2, 2, 0, 2, 0
94214, 6, 0, 0, 0, 6, 0
114216, 6, 1, 1, 0, 6, 0
94215, 1, 0, 0, 0, 1, 0
94216, 0, 1, 1, 0, 0, 0
94217, 1, 0, 0, 0, 0, 1
94218, 1, 0, 0, 0, 1, 0
94219, 1, 0, 0, 0, 1, 0
94220, 1, 0, 0, 0, 1, 0
94221, 3, 0, 0, 0, 3, 0
94222, 7, 1, 1, 0, 7, 0
94483, 1, 1, 1, 0, 1, 0
94225, 1, 0, 0, 0, 1, 0
94226, 1, 0, 0, 0, 1, 0
94227, 2, 0, 0, 0, 0, 2
94228, 1, 0, 0, 0, 1, 0
94231, 0, 1, 1, 0, 0, 0
94232, 2, 0, 0, 0, 1, 1
94233, 2, 0, 0, 0, 2, 0
94234, 0, 2, 2, 0, 0, 0
94235, 1, 1, 1, 0, 1, 0
94238, 1, 0, 0, 0, 1, 0
94239, 1, 0, 0, 0, 1, 0
94240, 5, 2, 2, 0, 5, 0
94241, 1, 0, 0, 0, 0, 1
94246, 1, 0, 0, 0, 1, 0
94247, 2, 0, 0, 0, 2, 0
94248, 1, 0, 0, 0, 1, 0
94249, 0, 1, 1, 0, 0, 0
94251, 1, 0, 0, 0, 1, 0
94253, 1, 0, 0, 0, 1, 0
94254, 0, 1, 1, 0, 0, 0
94256, 1, 0, 0, 0, 1, 0
94258, 1, 0, 0, 0, 1, 0
94259, 1, 1, 1, 0, 1, 0
94261, 1, 0, 0, 0, 1, 0
94262, 0, 1, 1, 0, 0, 0
94263, 8, 0, 0, 0, 8, 0
94266, 1, 0, 0, 0, 1, 0
94269, 1, 0, 0, 0, 1, 0
94271, 1, 0, 0, 0, 1, 0
94273, 1, 0, 0, 0, 1, 0
94274, 0, 1, 1, 0, 0, 0
94276, 1, 0, 0, 0, 1, 0
94277, 1, 0, 0, 0, 1, 0
94279, 1, 0, 0, 0, 1, 0
94280, 2, 0, 0, 0, 2, 0
94281, 1, 0, 0, 0, 1, 0
94282, 1, 0, 0, 0, 1, 0
94283, 3, 0, 0, 0, 3, 0
94284, 1, 0, 0, 0, 1, 0
94285, 2, 1, 1, 0, 2, 0
94286, 2, 0, 0, 0, 2, 0
94287, 2, 0, 0, 0, 1, 1
94288, 2, 0, 0, 0, 2, 0
94290, 1, 0, 0, 0, 1, 0
94291, 1, 0, 0, 0, 1, 0
94292, 0, 1, 1, 0, 0, 0
94294, 1, 1, 1, 0, 1, 0
94295, 1, 0, 0, 0, 1, 0
94296, 1, 0, 0, 0, 1, 0
94299, 1, 0, 0, 0, 0, 1
94300, 1, 0, 0, 0, 1, 0
94303, 1, 1, 1, 0, 1, 0
94304, 1, 0, 0, 0, 1, 0
94305, 1, 1, 1, 0, 1, 0
94306, 1, 0, 0, 0, 0, 1
94307, 1, 0, 0, 0, 1, 0
94308, 0, 1, 1, 0, 0, 0
94309, 1, 0, 0, 0, 1, 0
94311, 1, 0, 0, 0, 1, 0
94312, 1, 0, 0, 0, 0, 1
94313, 1, 0, 0, 0, 1, 0
94314, 1, 0, 0, 0, 0, 1
94315, 1, 0, 0, 0, 1, 0
94316, 0, 1, 1, 0, 0, 0
94319, 1, 0, 0, 0, 1, 0
94320, 0, 1, 1, 0, 0, 0
94321, 1, 0, 0, 0, 1, 0
94353, 0, 1, 1, 0, 0, 0
94323, 1, 0, 0, 0, 1, 0
94324, 0, 1, 1, 0, 0, 0
94325, 1, 0, 0, 0, 1, 0
109297, 1, 2, 2, 0, 1, 0
94327, 1, 0, 0, 0, 1, 0
94328, 1, 0, 0, 0, 1, 0
94329, 0, 1, 1, 0, 0, 0
94330, 3, 0, 0, 0, 3, 0
94331, 1, 0, 0, 0, 1, 0
94332, 0, 2, 2, 0, 0, 0
94334, 1, 0, 0, 0, 1, 0
95143, 1, 1, 1, 0, 1, 0
94336, 1, 0, 0, 0, 1, 0
94337, 1, 0, 0, 0, 1, 0
94338, 1, 0, 0, 0, 1, 0
94339, 1, 0, 0, 0, 1, 0
94341, 1, 0, 0, 0, 1, 0
94342, 1, 0, 0, 0, 1, 0
94343, 1, 0, 0, 0, 1, 0
94344, 1, 0, 0, 0, 1, 0
94345, 1, 0, 0, 0, 1, 0
94346, 1, 0, 0, 0, 1, 0
94347, 1, 0, 0, 0, 1, 0
94348, 1, 0, 0, 0, 0, 1
94349, 1, 0, 0, 0, 1, 0
94352, 3, 0, 0, 0, 3, 0
94355, 2, 0, 0, 0, 2, 0
94359, 0, 1, 1, 0, 0, 0
94356, 1, 0, 0, 0, 1, 0
94357, 2, 0, 0, 0, 0, 2
94360, 1, 0, 0, 0, 1, 0
94361, 1, 0, 0, 0, 1, 0
94362, 0, 1, 1, 0, 0, 0
94439, 1, 1, 1, 0, 1, 0
94364, 1, 1, 1, 0, 1, 0
94365, 9, 4, 4, 0, 8, 1
94391, 2, 1, 1, 0, 2, 0
94366, 1, 0, 0, 0, 1, 0
94625, 1, 1, 1, 0, 1, 0
94368, 1, 0, 0, 0, 1, 0
94370, 6, 0, 0, 0, 5, 1
95810, 0, 1, 1, 0, 0, 0
94371, 4, 0, 0, 0, 4, 0
94372, 1, 0, 0, 0, 1, 0
94373, 0, 1, 1, 0, 0, 0
94375, 1, 0, 0, 0, 1, 0
94376, 0, 1, 1, 0, 0, 0
94378, 1, 0, 0, 0, 1, 0
94379, 3, 1, 1, 0, 2, 1
94380, 3, 0, 0, 0, 3, 0
94381, 3, 0, 0, 0, 3, 0
94386, 1, 0, 0, 0, 1, 0
94389, 1, 0, 0, 0, 1, 0
97986, 0, 1, 1, 0, 0, 0
94396, 1, 0, 0, 0, 1, 0
94399, 12, 0, 0, 0, 12, 0
94400, 1, 0, 0, 0, 1, 0
94401, 0, 1, 1, 0, 0, 0
94403, 2, 0, 0, 0, 2, 0
94404, 1, 0, 0, 0, 1, 0
94406, 1, 0, 0, 0, 1, 0
94407, 0, 1, 1, 0, 0, 0
94409, 1, 0, 0, 0, 1, 0
94410, 1, 0, 0, 0, 1, 0
95295, 1, 1, 1, 0, 1, 0
94414, 1, 0, 0, 0, 1, 0
94415, 0, 1, 1, 0, 0, 0
94416, 2, 0, 0, 0, 2, 0
94417, 0, 2, 2, 0, 0, 0
97358, 0, 2, 2, 0, 0, 0
94418, 1, 0, 0, 0, 1, 0
94419, 1, 0, 0, 0, 1, 0
94420, 1, 0, 0, 0, 1, 0
94421, 1, 0, 0, 0, 1, 0
94423, 1, 0, 0, 0, 0, 1
94426, 1, 0, 0, 0, 1, 0
94427, 1, 0, 0, 0, 1, 0
94429, 3, 0, 0, 0, 3, 0
94430, 1, 0, 0, 0, 1, 0
94432, 1, 0, 0, 0, 1, 0
94433, 1, 0, 0, 0, 1, 0
94434, 2, 0, 0, 0, 1, 1
94435, 3, 0, 0, 0, 3, 0
94437, 2, 2, 2, 0, 2, 0
94438, 1, 1, 0, 1, 1, 0
94440, 1, 0, 0, 0, 1, 0
94441, 0, 1, 1, 0, 0, 0
94442, 1, 0, 0, 0, 1, 0
94443, 2, 0, 0, 0, 2, 0
94444, 5, 0, 0, 0, 5, 0
94447, 1, 0, 0, 0, 1, 0
94449, 2, 0, 0, 0, 2, 0
94450, 1, 0, 0, 0, 1, 0
94454, 1, 0, 0, 0, 1, 0
94455, 1, 0, 0, 0, 0, 1
94456, 0, 1, 0, 1, 0, 0
94457, 1, 0, 0, 0, 1, 0
94459, 7, 0, 0, 0, 7, 0
94460, 1, 0, 0, 0, 1, 0
94461, 0, 1, 1, 0, 0, 0
94463, 1, 0, 0, 0, 1, 0
94464, 1, 0, 0, 0, 1, 0
94466, 1, 0, 0, 0, 1, 0
94467, 2, 0, 0, 0, 2, 0
94468, 0, 1, 1, 0, 0, 0
94469, 2, 0, 0, 0, 0, 2
94471, 1, 0, 0, 0, 1, 0
94472, 0, 1, 1, 0, 0, 0
94473, 1, 0, 0, 0, 1, 0
94474, 3, 0, 0, 0, 3, 0
94476, 3, 0, 0, 0, 3, 0
94480, 2, 0, 0, 0, 1, 1
94481, 1, 0, 0, 0, 1, 0
94482, 0, 1, 1, 0, 0, 0
94487, 17, 1, 1, 0, 17, 0
95308, 0, 1, 1, 0, 0, 0
107149, 1, 1, 1, 0, 1, 0
96532, 3, 4, 4, 0, 3, 0
98395, 4, 1, 1, 0, 4, 0
94489, 1, 0, 0, 0, 1, 0
94490, 2, 0, 0, 0, 2, 0
94491, 0, 1, 1, 0, 0, 0
94492, 0, 1, 1, 0, 0, 0
94493, 1, 0, 0, 0, 1, 0
94494, 0, 1, 1, 0, 0, 0
94495, 3, 0, 0, 0, 3, 0
94497, 0, 1, 0, 1, 0, 0
94498, 1, 1, 1, 0, 1, 0
94501, 2, 0, 0, 0, 1, 1
94502, 1, 0, 0, 0, 1, 0
94505, 1, 0, 0, 0, 0, 1
94507, 1, 0, 0, 0, 1, 0
94508, 1, 0, 0, 0, 1, 0
94509, 1, 0, 0, 0, 1, 0
94510, 1, 0, 0, 0, 1, 0
94512, 1, 0, 0, 0, 1, 0
94513, 1, 0, 0, 0, 1, 0
94514, 1, 0, 0, 0, 0, 1
94967, 0, 1, 1, 0, 0, 0
94518, 1, 0, 0, 0, 1, 0
94519, 1, 0, 0, 0, 1, 0
94524, 1, 0, 0, 0, 1, 0
94525, 1, 0, 0, 0, 1, 0
94526, 1, 0, 0, 0, 1, 0
94528, 1, 0, 0, 0, 1, 0
94533, 1, 0, 0, 0, 1, 0
94534, 2, 0, 0, 0, 0, 2
99386, 1, 3, 3, 0, 1, 0
94541, 1, 0, 0, 0, 1, 0
94542, 4, 0, 0, 0, 4, 0
94543, 1, 0, 0, 0, 1, 0
94544, 1, 0, 0, 0, 1, 0
94545, 1, 0, 0, 0, 0, 1
94548, 1, 0, 0, 0, 1, 0
94549, 0, 1, 1, 0, 0, 0
94550, 1, 0, 0, 0, 1, 0
94555, 1, 0, 0, 0, 1, 0
94556, 1, 0, 0, 0, 1, 0
94557, 1, 0, 0, 0, 1, 0
94559, 1, 0, 0, 0, 1, 0
94560, 1, 0, 0, 0, 1, 0
94561, 1, 0, 0, 0, 1, 0
94562, 1, 0, 0, 0, 1, 0
94563, 1, 0, 0, 0, 1, 0
94564, 1, 0, 0, 0, 0, 1
94565, 1, 0, 0, 0, 0, 1
94566, 1, 0, 0, 0, 1, 0
94567, 1, 0, 0, 0, 1, 0
94568, 1, 0, 0, 0, 1, 0
94571, 1, 0, 0, 0, 1, 0
94572, 1, 0, 0, 0, 0, 1
94573, 1, 0, 0, 0, 1, 0
94574, 1, 0, 0, 0, 1, 0
94575, 1, 0, 0, 0, 1, 0
94576, 1, 0, 0, 0, 1, 0
94826, 0, 1, 0, 1, 0, 0
94578, 1, 0, 0, 0, 1, 0
94579, 1, 0, 0, 0, 1, 0
94581, 2, 0, 0, 0, 2, 0
94582, 0, 1, 1, 0, 0, 0
94584, 2, 0, 0, 0, 2, 0
97871, 3, 4, 4, 0, 3, 0
94586, 1, 0, 0, 0, 1, 0
94590, 1, 0, 0, 0, 1, 0
94593, 2, 0, 0, 0, 2, 0
94594, 1, 0, 0, 0, 1, 0
94595, 2, 0, 0, 0, 2, 0
103916, 0, 1, 1, 0, 0, 0
94596, 1, 0, 0, 0, 1, 0
94597, 1, 0, 0, 0, 1, 0
94600, 1, 0, 0, 0, 1, 0
117241, 0, 1, 1, 0, 0, 0
94604, 1, 0, 0, 0, 1, 0
94605, 0, 1, 1, 0, 0, 0
94607, 1, 0, 0, 0, 1, 0
94608, 1, 0, 0, 0, 1, 0
94609, 1, 0, 0, 0, 1, 0
94610, 0, 1, 1, 0, 0, 0
94611, 1, 0, 0, 0, 1, 0
94612, 3, 0, 0, 0, 3, 0
94613, 0, 1, 1, 0, 0, 0
94614, 1, 0, 0, 0, 1, 0
94616, 1, 0, 0, 0, 1, 0
94622, 1, 0, 0, 0, 1, 0
94623, 1, 0, 0, 0, 1, 0
94624, 0, 1, 1, 0, 0, 0
94627, 1, 0, 0, 0, 1, 0
94628, 3, 3, 3, 0, 3, 0
94629, 1, 0, 0, 0, 1, 0
94630, 1, 0, 0, 0, 1, 0
94632, 3, 0, 0, 0, 0, 3
94633, 1, 0, 0, 0, 1, 0
94636, 1, 0, 0, 0, 1, 0
94637, 0, 4, 4, 0, 0, 0
94639, 1, 0, 0, 0, 1, 0
94641, 1, 0, 0, 0, 1, 0
94642, 1, 0, 0, 0, 1, 0
94643, 1, 0, 0, 0, 1, 0
94644, 1, 0, 0, 0, 1, 0
94645, 0, 1, 1, 0, 0, 0
99859, 5, 2, 1, 1, 2, 3
94647, 1, 0, 0, 0, 1, 0
94648, 1, 0, 0, 0, 1, 0
94649, 1, 0, 0, 0, 1, 0
94652, 1, 0, 0, 0, 1, 0
94653, 1, 0, 0, 0, 1, 0
94655, 1, 0, 0, 0, 1, 0
94656, 1, 0, 0, 0, 1, 0
94657, 1, 0, 0, 0, 1, 0
94658, 1, 0, 0, 0, 1, 0
94660, 2, 0, 0, 0, 2, 0
94661, 2, 0, 0, 0, 2, 0
94663, 2, 0, 0, 0, 0, 2
94664, 1, 0, 0, 0, 1, 0
94665, 1, 0, 0, 0, 1, 0
94668, 5, 0, 0, 0, 5, 0
94669, 1, 0, 0, 0, 1, 0
94670, 2, 0, 0, 0, 2, 0
107784, 0, 1, 1, 0, 0, 0
121851, 0, 1, 0, 1, 0, 0
94672, 3, 0, 0, 0, 3, 0
94675, 0, 1, 1, 0, 0, 0
94674, 2, 0, 0, 0, 2, 0
94677, 1, 0, 0, 0, 1, 0
94679, 2, 0, 0, 0, 0, 2
94909, 0, 1, 1, 0, 0, 0
94682, 3, 0, 0, 0, 3, 0
94683, 1, 0, 0, 0, 1, 0
94684, 3, 0, 0, 0, 3, 0
94685, 1, 0, 0, 0, 1, 0
94686, 1, 0, 0, 0, 1, 0
94688, 1, 0, 0, 0, 1, 0
94689, 1, 0, 0, 0, 1, 0
94690, 0, 2, 2, 0, 0, 0
94775, 1, 1, 1, 0, 1, 0
94695, 1, 0, 0, 0, 1, 0
94696, 0, 1, 1, 0, 0, 0
94697, 1, 0, 0, 0, 1, 0
94698, 1, 0, 0, 0, 1, 0
94699, 1, 0, 0, 0, 1, 0
94700, 1, 0, 0, 0, 0, 1
94701, 1, 0, 0, 0, 1, 0
94702, 1, 1, 1, 0, 1, 0
94703, 1, 0, 0, 0, 1, 0
96198, 1, 1, 1, 0, 1, 0
118857, 0, 1, 1, 0, 0, 0
94708, 1, 0, 0, 0, 1, 0
94709, 0, 1, 1, 0, 0, 0
94710, 1, 0, 0, 0, 1, 0
94712, 1, 0, 0, 0, 0, 1
94713, 1, 0, 0, 0, 1, 0
94714, 1, 2, 2, 0, 1, 0
94715, 1, 0, 0, 0, 1, 0
94716, 1, 0, 0, 0, 1, 0
94717, 4, 0, 0, 0, 4, 0
94718, 1, 0, 0, 0, 1, 0
94719, 1, 0, 0, 0, 0, 1
94723, 1, 0, 0, 0, 1, 0
94724, 2, 1, 1, 0, 2, 0
94726, 1, 0, 0, 0, 1, 0
94727, 1, 0, 0, 0, 1, 0
94730, 1, 0, 0, 0, 1, 0
94953, 0, 1, 1, 0, 0, 0
94732, 1, 0, 0, 0, 1, 0
94891, 3, 2, 2, 0, 3, 0
94737, 1, 0, 0, 0, 1, 0
94738, 1, 0, 0, 0, 0, 1
94740, 1, 0, 0, 0, 0, 1
94741, 1, 0, 0, 0, 1, 0
94743, 1, 0, 0, 0, 1, 0
94744, 3, 0, 0, 0, 3, 0
94745, 1, 0, 0, 0, 1, 0
94746, 4, 0, 0, 0, 3, 1
94750, 1, 0, 0, 0, 1, 0
94751, 1, 0, 0, 0, 0, 1
94753, 1, 0, 0, 0, 1, 0
94754, 2, 0, 0, 0, 0, 2
94755, 0, 1, 0, 1, 0, 0
94756, 9, 0, 0, 0, 9, 0
94757, 0, 1, 1, 0, 0, 0
94758, 1, 1, 1, 0, 1, 0
94761, 0, 1, 1, 0, 0, 0
95690, 0, 1, 1, 0, 0, 0
94759, 1, 0, 0, 0, 0, 1
94762, 1, 0, 0, 0, 1, 0
94763, 0, 2, 1, 1, 0, 0
94765, 2, 0, 0, 0, 1, 1
94768, 0, 1, 0, 1, 0, 0
94766, 4, 1, 1, 0, 3, 1
94767, 1, 0, 0, 0, 1, 0
94770, 1, 0, 0, 0, 0, 1
94771, 1, 0, 0, 0, 1, 0
94772, 1, 0, 0, 0, 1, 0
94773, 1, 0, 0, 0, 1, 0
94774, 1, 0, 0, 0, 1, 0
94778, 1, 0, 0, 0, 1, 0
94780, 1, 0, 0, 0, 1, 0
94781, 0, 1, 1, 0, 0, 0
94782, 1, 0, 0, 0, 1, 0
94784, 1, 0, 0, 0, 1, 0
94787, 6, 0, 0, 0, 6, 0
94788, 1, 0, 0, 0, 1, 0
94789, 2, 0, 0, 0, 2, 0
94790, 1, 0, 0, 0, 1, 0
94793, 1, 0, 0, 0, 1, 0
94794, 1, 0, 0, 0, 1, 0
94795, 5, 0, 0, 0, 5, 0
94796, 1, 0, 0, 0, 1, 0
104110, 1, 1, 1, 0, 1, 0
94799, 2, 0, 0, 0, 1, 1
94800, 1, 0, 0, 0, 1, 0
94801, 1, 0, 0, 0, 1, 0
94802, 3, 0, 0, 0, 3, 0
94804, 1, 0, 0, 0, 1, 0
94805, 0, 1, 1, 0, 0, 0
94806, 1, 0, 0, 0, 1, 0
94808, 2, 0, 0, 0, 2, 0
94813, 1, 0, 0, 0, 1, 0
94814, 1, 0, 0, 0, 1, 0
94846, 1, 2, 2, 0, 1, 0
94817, 1, 0, 0, 0, 1, 0
94818, 2, 0, 0, 0, 2, 0
94820, 1, 0, 0, 0, 1, 0
94821, 1, 0, 0, 0, 1, 0
94823, 1, 0, 0, 0, 1, 0
97964, 1, 2, 2, 0, 1, 0
99415, 0, 1, 0, 1, 0, 0
108796, 0, 1, 1, 0, 0, 0
94828, 1, 0, 0, 0, 1, 0
94829, 1, 0, 0, 0, 1, 0
94833, 0, 1, 1, 0, 0, 0
94835, 1, 0, 0, 0, 1, 0
94836, 4, 1, 1, 0, 1, 3
94837, 1, 0, 0, 0, 1, 0
94838, 2, 0, 0, 0, 2, 0
94839, 2, 0, 0, 0, 2, 0
94840, 1, 0, 0, 0, 1, 0
94842, 1, 0, 0, 0, 1, 0
94844, 1, 0, 0, 0, 1, 0
94847, 1, 0, 0, 0, 1, 0
94848, 3, 0, 0, 0, 3, 0
94851, 0, 1, 1, 0, 0, 0
97195, 0, 1, 0, 1, 0, 0
94852, 1, 0, 0, 0, 0, 1
94853, 2, 0, 0, 0, 2, 0
94854, 1, 0, 0, 0, 1, 0
94855, 1, 0, 0, 0, 1, 0
94856, 3, 0, 0, 0, 3, 0
94857, 4, 0, 0, 0, 4, 0
94858, 1, 0, 0, 0, 1, 0
94860, 0, 1, 1, 0, 0, 0
94862, 4, 0, 0, 0, 4, 0
95481, 1, 1, 1, 0, 1, 0
108425, 0, 1, 0, 1, 0, 0
94865, 3, 0, 0, 0, 3, 0
94866, 1, 0, 0, 0, 1, 0
94867, 1, 0, 0, 0, 1, 0
94868, 0, 1, 1, 0, 0, 0
94869, 1, 0, 0, 0, 1, 0
94870, 1, 0, 0, 0, 1, 0
94871, 1, 0, 0, 0, 0, 1
94874, 0, 1, 1, 0, 0, 0
94873, 4, 0, 0, 0, 4, 0
94876, 2, 0, 0, 0, 2, 0
94877, 2, 0, 0, 0, 2, 0
94878, 1, 0, 0, 0, 1, 0
94879, 2, 1, 1, 0, 2, 0
94881, 1, 0, 0, 0, 1, 0
94883, 3, 1, 1, 0, 2, 1
94884, 1, 0, 0, 0, 1, 0
94888, 3, 0, 0, 0, 3, 0
94889, 0, 1, 1, 0, 0, 0
94890, 1, 2, 2, 0, 1, 0
94892, 1, 1, 1, 0, 1, 0
94894, 1, 0, 0, 0, 1, 0
94895, 1, 0, 0, 0, 1, 0
94896, 0, 1, 1, 0, 0, 0
94897, 4, 0, 0, 0, 4, 0
95057, 7, 1, 1, 0, 7, 0
94899, 1, 0, 0, 0, 1, 0
94900, 1, 0, 0, 0, 1, 0
94901, 1, 0, 0, 0, 1, 0
94904, 1, 0, 0, 0, 1, 0
94905, 1, 0, 0, 0, 1, 0
94908, 1, 0, 0, 0, 0, 1
94910, 1, 0, 0, 0, 0, 1
94912, 1, 0, 0, 0, 1, 0
94913, 1, 0, 0, 0, 1, 0
94914, 2, 0, 0, 0, 2, 0
94916, 3, 0, 0, 0, 2, 1
94919, 1, 0, 0, 0, 1, 0
94920, 0, 2, 2, 0, 0, 0
94923, 2, 1, 1, 0, 2, 0
94924, 0, 1, 1, 0, 0, 0
94925, 3, 0, 0, 0, 0, 3
94927, 1, 0, 0, 0, 1, 0
94928, 1, 0, 0, 0, 1, 0
94929, 1, 0, 0, 0, 1, 0
94930, 1, 1, 1, 0, 1, 0
94931, 2, 3, 3, 0, 2, 0
95070, 1, 1, 1, 0, 1, 0
94933, 6, 0, 0, 0, 5, 1
94935, 0, 1, 1, 0, 0, 0
94936, 1, 0, 0, 0, 1, 0
94938, 1, 0, 0, 0, 1, 0
94939, 1, 0, 0, 0, 1, 0
94940, 3, 0, 0, 0, 3, 0
94941, 1, 0, 0, 0, 0, 1
94942, 0, 1, 0, 1, 0, 0
94947, 1, 0, 0, 0, 1, 0
94950, 1, 0, 0, 0, 1, 0
94951, 1, 0, 0, 0, 1, 0
94955, 1, 0, 0, 0, 1, 0
94956, 0, 1, 1, 0, 0, 0
94957, 3, 0, 0, 0, 3, 0
94959, 1, 0, 0, 0, 1, 0
94960, 0, 1, 1, 0, 0, 0
94961, 2, 0, 0, 0, 2, 0
94962, 1, 0, 0, 0, 1, 0
94963, 0, 1, 1, 0, 0, 0
94964, 1, 0, 0, 0, 1, 0
94965, 1, 0, 0, 0, 1, 0
94966, 1, 0, 0, 0, 0, 1
94971, 1, 0, 0, 0, 1, 0
94972, 1, 0, 0, 0, 1, 0
94975, 5, 0, 0, 0, 5, 0
94976, 1, 0, 0, 0, 1, 0
94977, 0, 1, 1, 0, 0, 0
95005, 1, 1, 1, 0, 1, 0
94980, 2, 0, 0, 0, 2, 0
94984, 1, 0, 0, 0, 0, 1
94985, 1, 0, 0, 0, 1, 0
94986, 0, 1, 1, 0, 0, 0
94987, 1, 0, 0, 0, 1, 0
94988, 1, 0, 0, 0, 1, 0
94989, 1, 0, 0, 0, 1, 0
94990, 1, 0, 0, 0, 1, 0
94991, 1, 0, 0, 0, 1, 0
94992, 1, 0, 0, 0, 1, 0
94993, 1, 0, 0, 0, 1, 0
94994, 3, 0, 0, 0, 3, 0
94995, 1, 0, 0, 0, 1, 0
94996, 1, 0, 0, 0, 1, 0
94999, 1, 0, 0, 0, 1, 0
95000, 2, 0, 0, 0, 2, 0
95001, 0, 1, 1, 0, 0, 0
95149, 3, 1, 1, 0, 3, 0
95008, 1, 0, 0, 0, 1, 0
95009, 1, 0, 0, 0, 1, 0
95010, 0, 1, 1, 0, 0, 0
95011, 1, 0, 0, 0, 1, 0
95012, 2, 1, 1, 0, 2, 0
95013, 2, 0, 0, 0, 2, 0
95014, 1, 0, 0, 0, 1, 0
95015, 0, 1, 1, 0, 0, 0
95016, 3, 2, 2, 0, 3, 0
95017, 1, 0, 0, 0, 1, 0
95019, 1, 0, 0, 0, 0, 1
110047, 1, 1, 1, 0, 1, 0
119985, 0, 1, 1, 0, 0, 0
95021, 1, 0, 0, 0, 1, 0
95024, 5, 0, 0, 0, 5, 0
95026, 3, 0, 0, 0, 3, 0
95027, 4, 0, 0, 0, 4, 0
95175, 0, 1, 1, 0, 0, 0
95031, 1, 0, 0, 0, 0, 1
95032, 0, 1, 0, 1, 0, 0
95033, 2, 0, 0, 0, 2, 0
95034, 1, 0, 0, 0, 1, 0
95035, 3, 0, 0, 0, 3, 0
95322, 0, 2, 2, 0, 0, 0
95038, 1, 0, 0, 0, 1, 0
95039, 1, 0, 0, 0, 1, 0
95272, 0, 1, 1, 0, 0, 0
95043, 1, 0, 0, 0, 1, 0
95045, 0, 1, 1, 0, 0, 0
95608, 0, 1, 1, 0, 0, 0
95046, 1, 0, 0, 0, 1, 0
95047, 1, 0, 0, 0, 1, 0
95049, 1, 0, 0, 0, 1, 0
95051, 1, 0, 0, 0, 1, 0
95055, 1, 0, 0, 0, 0, 1
95056, 3, 0, 0, 0, 3, 0
95058, 1, 0, 0, 0, 1, 0
95059, 1, 0, 0, 0, 1, 0
95355, 0, 1, 1, 0, 0, 0
95062, 1, 0, 0, 0, 0, 1
95063, 1, 0, 0, 0, 0, 1
95065, 5, 0, 0, 0, 5, 0
95067, 1, 0, 0, 0, 1, 0
95068, 1, 0, 0, 0, 1, 0
95069, 1, 0, 0, 0, 1, 0
95075, 1, 0, 0, 0, 1, 0
95076, 1, 0, 0, 0, 1, 0
95080, 1, 0, 0, 0, 1, 0
95082, 1, 0, 0, 0, 1, 0
95083, 2, 0, 0, 0, 2, 0
95085, 1, 0, 0, 0, 1, 0
95086, 1, 0, 0, 0, 1, 0
95087, 2, 0, 0, 0, 2, 0
95089, 1, 0, 0, 0, 1, 0
95090, 1, 0, 0, 0, 1, 0
107616, 0, 1, 1, 0, 0, 0
95094, 1, 0, 0, 0, 0, 1
95097, 1, 0, 0, 0, 1, 0
95098, 1, 0, 0, 0, 1, 0
95099, 1, 0, 0, 0, 0, 1
95100, 1, 0, 0, 0, 1, 0
95102, 2, 0, 0, 0, 0, 2
95103, 2, 0, 0, 0, 2, 0
95104, 1, 0, 0, 0, 1, 0
95105, 1, 0, 0, 0, 1, 0
95106, 1, 0, 0, 0, 1, 0
95107, 1, 0, 0, 0, 1, 0
95109, 1, 0, 0, 0, 1, 0
95110, 0, 1, 1, 0, 0, 0
95112, 3, 0, 0, 0, 3, 0
95113, 1, 0, 0, 0, 1, 0
95114, 1, 0, 0, 0, 1, 0
95115, 2, 2, 2, 0, 2, 0
95417, 0, 2, 2, 0, 0, 0
110716, 1, 1, 1, 0, 1, 0
110805, 2, 1, 1, 0, 2, 0
111080, 1, 1, 1, 0, 1, 0
111123, 1, 1, 1, 0, 1, 0
111129, 1, 1, 1, 0, 1, 0
95117, 1, 0, 0, 0, 1, 0
95118, 0, 1, 1, 0, 0, 0
95119, 1, 0, 0, 0, 0, 1
95120, 1, 0, 0, 0, 1, 0
95122, 1, 0, 0, 0, 1, 0
95126, 1, 0, 0, 0, 1, 0
95127, 1, 0, 0, 0, 1, 0
95128, 1, 0, 0, 0, 0, 1
95130, 4, 0, 0, 0, 4, 0
95131, 1, 0, 0, 0, 1, 0
95132, 2, 0, 0, 0, 2, 0
95133, 1, 0, 0, 0, 1, 0
95134, 0, 1, 1, 0, 0, 0
95135, 1, 0, 0, 0, 1, 0
95136, 1, 0, 0, 0, 1, 0
95139, 1, 0, 0, 0, 1, 0
95145, 1, 0, 0, 0, 1, 0
95147, 1, 0, 0, 0, 1, 0
95148, 1, 0, 0, 0, 1, 0
95150, 0, 1, 1, 0, 0, 0
95152, 1, 0, 0, 0, 1, 0
95154, 1, 0, 0, 0, 1, 0
95155, 2, 0, 0, 0, 1, 1
95156, 0, 1, 0, 1, 0, 0
95157, 1, 0, 0, 0, 1, 0
95158, 0, 1, 1, 0, 0, 0
103616, 0, 1, 1, 0, 0, 0
95161, 1, 0, 0, 0, 1, 0
95163, 1, 0, 0, 0, 1, 0
97886, 0, 1, 0, 1, 0, 0
97887, 0, 1, 0, 1, 0, 0
95166, 1, 0, 0, 0, 0, 1
95168, 0, 1, 1, 0, 0, 0
95169, 2, 0, 0, 0, 2, 0
95172, 1, 1, 1, 0, 1, 0
95173, 3, 0, 0, 0, 3, 0
95174, 1, 0, 0, 0, 1, 0
95176, 1, 0, 0, 0, 1, 0
95177, 1, 0, 0, 0, 1, 0
95178, 2, 1, 0, 1, 1, 1
95180, 1, 0, 0, 0, 1, 0
95182, 5, 0, 0, 0, 5, 0
95183, 1, 0, 0, 0, 1, 0
95184, 1, 0, 0, 0, 1, 0
95185, 2, 0, 0, 0, 2, 0
95186, 1, 0, 0, 0, 1, 0
95187, 1, 0, 0, 0, 0, 1
95189, 1, 1, 0, 1, 0, 1
95193, 1, 0, 0, 0, 1, 0
97100, 0, 1, 1, 0, 0, 0
95197, 1, 0, 0, 0, 1, 0
98067, 1, 1, 1, 0, 1, 0
95199, 1, 3, 2, 1, 1, 0
95200, 2, 0, 0, 0, 2, 0
95202, 1, 0, 0, 0, 1, 0
95204, 1, 0, 0, 0, 1, 0
100273, 0, 1, 1, 0, 0, 0
101001, 5, 3, 2, 1, 5, 0
95206, 1, 0, 0, 0, 1, 0
95208, 1, 0, 0, 0, 1, 0
95210, 2, 0, 0, 0, 1, 1
95211, 1, 0, 0, 0, 1, 0
95212, 0, 1, 1, 0, 0, 0
95214, 3, 0, 0, 0, 3, 0
95215, 1, 0, 0, 0, 1, 0
95217, 2, 0, 0, 0, 2, 0
95219, 1, 2, 2, 0, 1, 0
95221, 1, 0, 0, 0, 1, 0
95223, 1, 0, 0, 0, 1, 0
95226, 4, 0, 0, 0, 2, 2
95230, 1, 0, 0, 0, 1, 0
95231, 1, 0, 0, 0, 1, 0
95232, 1, 0, 0, 0, 1, 0
95233, 1, 0, 0, 0, 1, 0
95235, 1, 0, 0, 0, 1, 0
95236, 1, 0, 0, 0, 1, 0
95237, 1, 0, 0, 0, 1, 0
95238, 1, 1, 1, 0, 1, 0
95239, 3, 2, 2, 0, 3, 0
95240, 1, 0, 0, 0, 1, 0
95242, 1, 0, 0, 0, 1, 0
95243, 0, 1, 1, 0, 0, 0
95245, 1, 0, 0, 0, 1, 0
95246, 1, 0, 0, 0, 1, 0
95250, 1, 1, 1, 0, 1, 0
95251, 2, 0, 0, 0, 2, 0
95252, 2, 0, 0, 0, 2, 0
95254, 1, 0, 0, 0, 1, 0
95257, 1, 0, 0, 0, 1, 0
106919, 3, 1, 0, 1, 3, 0
95263, 1, 0, 0, 0, 0, 1
95265, 2, 0, 0, 0, 2, 0
95266, 1, 0, 0, 0, 1, 0
95267, 2, 0, 0, 0, 1, 1
95268, 1, 0, 0, 0, 1, 0
95269, 1, 0, 0, 0, 1, 0
95270, 0, 1, 1, 0, 0, 0
95271, 1, 0, 0, 0, 1, 0
95273, 1, 2, 2, 0, 1, 0
95274, 5, 0, 0, 0, 5, 0
127266, 0, 1, 1, 0, 0, 0
95275, 1, 0, 0, 0, 1, 0
95276, 1, 0, 0, 0, 1, 0
95277, 2, 0, 0, 0, 2, 0
95279, 2, 0, 0, 0, 2, 0
97777, 0, 1, 0, 1, 0, 0
95281, 5, 0, 0, 0, 4, 1
95282, 2, 0, 0, 0, 2, 0
95284, 1, 0, 0, 0, 1, 0
95287, 1, 0, 0, 0, 0, 1
95288, 2, 1, 1, 0, 2, 0
95423, 6, 2, 2, 0, 6, 0
95289, 1, 1, 1, 0, 1, 0
95290, 1, 1, 1, 0, 1, 0
95291, 1, 1, 1, 0, 1, 0
95293, 3, 1, 0, 1, 2, 1
95294, 1, 0, 0, 0, 1, 0
95297, 1, 0, 0, 0, 1, 0
95298, 1, 0, 0, 0, 1, 0
95299, 1, 0, 0, 0, 1, 0
95300, 1, 0, 0, 0, 1, 0
95301, 1, 0, 0, 0, 1, 0
95302, 1, 1, 1, 0, 1, 0
95304, 1, 1, 1, 0, 1, 0
95307, 1, 0, 0, 0, 1, 0
95309, 1, 0, 0, 0, 1, 0
95310, 1, 0, 0, 0, 0, 1
95311, 0, 1, 0, 1, 0, 0
95313, 1, 1, 1, 0, 1, 0
95314, 1, 2, 2, 0, 1, 0
95315, 3, 1, 1, 0, 3, 0
95317, 1, 0, 0, 0, 1, 0
95318, 1, 0, 0, 0, 1, 0
95319, 1, 0, 0, 0, 1, 0
95320, 1, 0, 0, 0, 1, 0
95323, 2, 0, 0, 0, 2, 0
95324, 1, 0, 0, 0, 1, 0
95325, 1, 0, 0, 0, 1, 0
95326, 1, 0, 0, 0, 0, 1
95327, 0, 1, 0, 1, 0, 0
95329, 2, 0, 0, 0, 2, 0
95330, 1, 0, 0, 0, 1, 0
95332, 1, 0, 0, 0, 1, 0
95333, 2, 0, 0, 0, 2, 0
95335, 1, 0, 0, 0, 1, 0
95336, 1, 0, 0, 0, 1, 0
95337, 1, 0, 0, 0, 0, 1
95338, 1, 0, 0, 0, 0, 1
95339, 2, 0, 0, 0, 1, 1
95340, 1, 0, 0, 0, 1, 0
95343, 1, 0, 0, 0, 1, 0
95344, 1, 0, 0, 0, 1, 0
95345, 2, 1, 1, 0, 1, 1
95347, 1, 0, 0, 0, 1, 0
95348, 4, 1, 1, 0, 3, 1
95351, 1, 0, 0, 0, 1, 0
95352, 0, 1, 1, 0, 0, 0
95353, 1, 0, 0, 0, 1, 0
95354, 1, 1, 1, 0, 1, 0
95357, 1, 0, 0, 0, 1, 0
96578, 3, 1, 1, 0, 3, 0
95359, 1, 0, 0, 0, 1, 0
95360, 1, 0, 0, 0, 1, 0
95361, 0, 1, 1, 0, 0, 0
95362, 1, 0, 0, 0, 1, 0
95363, 0, 1, 1, 0, 0, 0
95365, 1, 0, 0, 0, 1, 0
95369, 1, 0, 0, 0, 0, 1
95370, 2, 0, 0, 0, 2, 0
95371, 1, 0, 0, 0, 0, 1
95373, 1, 0, 0, 0, 1, 0
95375, 1, 0, 0, 0, 1, 0
95377, 1, 0, 0, 0, 1, 0
95379, 1, 0, 0, 0, 1, 0
95380, 1, 0, 0, 0, 1, 0
95383, 1, 0, 0, 0, 1, 0
95386, 1, 0, 0, 0, 1, 0
95387, 1, 0, 0, 0, 1, 0
95390, 2, 0, 0, 0, 2, 0
95394, 1, 0, 0, 0, 1, 0
95395, 1, 0, 0, 0, 1, 0
95396, 1, 0, 0, 0, 1, 0
95397, 1, 0, 0, 0, 1, 0
95399, 1, 0, 0, 0, 1, 0
95400, 0, 1, 1, 0, 0, 0
95401, 1, 0, 0, 0, 1, 0
95402, 0, 1, 1, 0, 0, 0
95403, 1, 0, 0, 0, 1, 0
95409, 1, 0, 0, 0, 1, 0
95410, 2, 0, 0, 0, 2, 0
95411, 1, 0, 0, 0, 1, 0
95413, 1, 0, 0, 0, 1, 0
95416, 8, 0, 0, 0, 8, 0
95419, 2, 0, 0, 0, 2, 0
95420, 1, 1, 1, 0, 1, 0
95422, 2, 0, 0, 0, 2, 0
95559, 1, 1, 1, 0, 1, 0
95426, 2, 0, 0, 0, 2, 0
95427, 1, 0, 0, 0, 1, 0
95429, 1, 0, 0, 0, 1, 0
95430, 1, 0, 0, 0, 1, 0
95432, 2, 0, 0, 0, 2, 0
95433, 1, 0, 0, 0, 1, 0
95532, 2, 1, 1, 0, 2, 0
95442, 1, 0, 0, 0, 1, 0
95444, 1, 0, 0, 0, 1, 0
95449, 0, 1, 1, 0, 0, 0
95450, 1, 0, 0, 0, 1, 0
95454, 1, 0, 0, 0, 1, 0
95455, 0, 1, 1, 0, 0, 0
95457, 1, 0, 0, 0, 1, 0
96332, 4, 1, 1, 0, 4, 0
97072, 2, 2, 2, 0, 2, 0
95460, 3, 0, 0, 0, 3, 0
96312, 0, 2, 2, 0, 0, 0
95463, 1, 0, 0, 0, 1, 0
95464, 1, 0, 0, 0, 0, 1
95914, 0, 1, 1, 0, 0, 0
96036, 0, 1, 0, 1, 0, 0
96129, 0, 1, 0, 1, 0, 0
96131, 0, 1, 0, 1, 0, 0
95467, 1, 0, 0, 0, 1, 0
95468, 1, 0, 0, 0, 1, 0
95475, 1, 0, 0, 0, 1, 0
95476, 1, 0, 0, 0, 1, 0
95477, 1, 1, 1, 0, 1, 0
95478, 1, 0, 0, 0, 0, 1
95479, 1, 0, 0, 0, 1, 0
95480, 4, 0, 0, 0, 4, 0
95482, 1, 0, 0, 0, 1, 0
95483, 0, 1, 1, 0, 0, 0
95484, 1, 0, 0, 0, 1, 0
95485, 0, 3, 2, 1, 0, 0
95487, 1, 0, 0, 0, 1, 0
95488, 1, 0, 0, 0, 1, 0
95489, 2, 0, 0, 0, 2, 0
95491, 2, 0, 0, 0, 2, 0
95492, 5, 0, 0, 0, 5, 0
95493, 1, 0, 0, 0, 1, 0
95494, 0, 1, 1, 0, 0, 0
95495, 3, 0, 0, 0, 3, 0
95496, 1, 0, 0, 0, 1, 0
95497, 2, 0, 0, 0, 2, 0
95500, 2, 0, 0, 0, 2, 0
95501, 1, 0, 0, 0, 1, 0
102095, 1, 1, 1, 0, 1, 0
95503, 4, 0, 0, 0, 4, 0
95504, 1, 0, 0, 0, 1, 0
95505, 1, 1, 1, 0, 1, 0
95506, 1, 0, 0, 0, 1, 0
95507, 1, 0, 0, 0, 1, 0
95508, 1, 0, 0, 0, 1, 0
95509, 1, 0, 0, 0, 1, 0
95510, 1, 0, 0, 0, 1, 0
95511, 1, 0, 0, 0, 1, 0
95512, 1, 0, 0, 0, 1, 0
95513, 2, 0, 0, 0, 0, 2
95514, 1, 0, 0, 0, 1, 0
95515, 1, 0, 0, 0, 1, 0
95516, 1, 0, 0, 0, 1, 0
95517, 1, 0, 0, 0, 1, 0
95518, 1, 0, 0, 0, 1, 0
95519, 1, 0, 0, 0, 1, 0
95520, 0, 6, 6, 0, 0, 0
95524, 3, 0, 0, 0, 3, 0
95525, 1, 0, 0, 0, 1, 0
95526, 1, 0, 0, 0, 1, 0
95527, 2, 0, 0, 0, 2, 0
95528, 3, 1, 1, 0, 3, 0
99480, 2, 1, 1, 0, 2, 0
109150, 1, 1, 1, 0, 1, 0
95534, 2, 0, 0, 0, 2, 0
95536, 1, 0, 0, 0, 0, 1
95537, 0, 1, 0, 1, 0, 0
95538, 1, 0, 0, 0, 1, 0
95540, 1, 0, 0, 0, 1, 0
95541, 0, 1, 1, 0, 0, 0
95542, 2, 0, 0, 0, 2, 0
95544, 1, 0, 0, 0, 1, 0
107812, 0, 1, 0, 1, 0, 0
108730, 2, 2, 1, 1, 2, 0
108732, 2, 2, 1, 1, 1, 1
108865, 2, 1, 0, 1, 1, 1
95546, 2, 0, 0, 0, 2, 0
95547, 3, 0, 0, 0, 3, 0
95548, 0, 1, 1, 0, 0, 0
95549, 0, 1, 1, 0, 0, 0
95551, 1, 0, 0, 0, 1, 0
95552, 2, 0, 0, 0, 2, 0
95553, 2, 0, 0, 0, 2, 0
95556, 1, 0, 0, 0, 1, 0
95557, 1, 0, 0, 0, 1, 0
95558, 1, 0, 0, 0, 1, 0
95560, 1, 0, 0, 0, 0, 1
95566, 2, 0, 0, 0, 1, 1
95567, 2, 0, 0, 0, 2, 0
95568, 0, 1, 1, 0, 0, 0
95569, 1, 0, 0, 0, 1, 0
95571, 1, 0, 0, 0, 1, 0
95573, 1, 0, 0, 0, 1, 0
95574, 1, 0, 0, 0, 1, 0
95577, 2, 0, 0, 0, 2, 0
95579, 1, 0, 0, 0, 1, 0
95580, 1, 0, 0, 0, 1, 0
95581, 1, 0, 0, 0, 1, 0
95582, 1, 0, 0, 0, 1, 0
95583, 1, 0, 0, 0, 0, 1
95586, 1, 0, 0, 0, 1, 0
95587, 1, 1, 1, 0, 1, 0
95590, 1, 0, 0, 0, 1, 0
95591, 0, 1, 1, 0, 0, 0
95592, 4, 0, 0, 0, 3, 1
95593, 1, 0, 0, 0, 1, 0
95594, 1, 0, 0, 0, 1, 0
95596, 5, 1, 1, 0, 5, 0
95597, 1, 0, 0, 0, 1, 0
95598, 2, 0, 0, 0, 1, 1
95602, 3, 2, 2, 0, 1, 2
95603, 3, 0, 0, 0, 3, 0
95605, 2, 0, 0, 0, 2, 0
95606, 1, 0, 0, 0, 1, 0
95607, 6, 0, 0, 0, 6, 0
95609, 1, 1, 1, 0, 1, 0
95611, 1, 0, 0, 0, 1, 0
95612, 0, 1, 1, 0, 0, 0
95613, 1, 0, 0, 0, 1, 0
97014, 0, 1, 1, 0, 0, 0
95616, 1, 0, 0, 0, 1, 0
95617, 1, 0, 0, 0, 1, 0
95618, 0, 1, 1, 0, 0, 0
95619, 1, 0, 0, 0, 1, 0
95620, 2, 0, 0, 0, 2, 0
95625, 2, 0, 0, 0, 2, 0
122549, 0, 1, 1, 0, 0, 0
95628, 2, 0, 0, 0, 2, 0
95631, 1, 0, 0, 0, 0, 1
95632, 1, 0, 0, 0, 1, 0
95633, 1, 0, 0, 0, 1, 0
95634, 1, 1, 1, 0, 1, 0
95635, 1, 1, 1, 0, 1, 0
95637, 1, 0, 0, 0, 1, 0
95638, 1, 0, 0, 0, 1, 0
95640, 1, 0, 0, 0, 1, 0
95644, 1, 0, 0, 0, 0, 1
95645, 3, 0, 0, 0, 3, 0
95646, 1, 0, 0, 0, 1, 0
95647, 5, 0, 0, 0, 3, 2
95650, 4, 0, 0, 0, 4, 0
95652, 1, 0, 0, 0, 1, 0
95653, 1, 0, 0, 0, 1, 0
95654, 1, 0, 0, 0, 1, 0
95655, 0, 1, 1, 0, 0, 0
95656, 1, 0, 0, 0, 1, 0
95659, 1, 0, 0, 0, 1, 0
95660, 1, 0, 0, 0, 1, 0
95663, 1, 0, 0, 0, 0, 1
95664, 1, 0, 0, 0, 1, 0
95665, 2, 0, 0, 0, 2, 0
95667, 1, 0, 0, 0, 1, 0
95669, 1, 0, 0, 0, 1, 0
95676, 2, 0, 0, 0, 2, 0
95679, 1, 0, 0, 0, 1, 0
95682, 1, 0, 0, 0, 0, 1
95683, 0, 1, 0, 1, 0, 0
95828, 0, 1, 1, 0, 0, 0
95686, 1, 0, 0, 0, 1, 0
95687, 2, 0, 0, 0, 2, 0
95688, 0, 1, 1, 0, 0, 0
95691, 1, 0, 0, 0, 1, 0
95692, 1, 0, 0, 0, 1, 0
95694, 1, 0, 0, 0, 1, 0
95695, 1, 0, 0, 0, 1, 0
95696, 1, 0, 0, 0, 1, 0
95698, 1, 0, 0, 0, 1, 0
95701, 1, 0, 0, 0, 1, 0
95703, 1, 0, 0, 0, 1, 0
95704, 1, 0, 0, 0, 1, 0
95705, 4, 0, 0, 0, 4, 0
95707, 0, 2, 2, 0, 0, 0
95706, 11, 0, 0, 0, 7, 4
95710, 0, 1, 0, 1, 0, 0
95711, 0, 1, 1, 0, 0, 0
95712, 0, 1, 1, 0, 0, 0
95708, 1, 0, 0, 0, 0, 1
95713, 1, 0, 0, 0, 1, 0
95714, 1, 0, 0, 0, 1, 0
95715, 8, 0, 0, 0, 4, 4
95716, 1, 0, 0, 0, 1, 0
95717, 1, 0, 0, 0, 1, 0
95718, 1, 0, 0, 0, 1, 0
95719, 1, 0, 0, 0, 1, 0
95720, 2, 0, 0, 0, 2, 0
95721, 1, 0, 0, 0, 1, 0
95724, 1, 0, 0, 0, 1, 0
95725, 1, 0, 0, 0, 1, 0
95726, 2, 0, 0, 0, 2, 0
95730, 1, 0, 0, 0, 1, 0
95731, 1, 0, 0, 0, 1, 0
95732, 4, 0, 0, 0, 4, 0
95733, 0, 1, 1, 0, 0, 0
95734, 0, 1, 1, 0, 0, 0
95736, 1, 0, 0, 0, 1, 0
95737, 2, 0, 0, 0, 2, 0
95738, 1, 2, 2, 0, 1, 0
95739, 1, 1, 1, 0, 1, 0
95744, 1, 0, 0, 0, 1, 0
95747, 2, 0, 0, 0, 2, 0
95749, 1, 0, 0, 0, 1, 0
95750, 1, 0, 0, 0, 1, 0
95754, 1, 0, 0, 0, 1, 0
95755, 2, 0, 0, 0, 0, 2
95758, 1, 0, 0, 0, 1, 0
95761, 1, 0, 0, 0, 1, 0
95763, 5, 0, 0, 0, 4, 1
95765, 1, 0, 0, 0, 0, 1
95766, 2, 0, 0, 0, 2, 0
95767, 1, 0, 0, 0, 1, 0
95768, 3, 0, 0, 0, 3, 0
95769, 1, 0, 0, 0, 1, 0
95774, 1, 0, 0, 0, 1, 0
95776, 1, 0, 0, 0, 1, 0
95777, 1, 0, 0, 0, 1, 0
95779, 1, 0, 0, 0, 1, 0
95783, 1, 0, 0, 0, 1, 0
95784, 1, 0, 0, 0, 1, 0
95785, 0, 1, 1, 0, 0, 0
95786, 4, 0, 0, 0, 4, 0
95787, 1, 0, 0, 0, 1, 0
95788, 0, 1, 1, 0, 0, 0
95789, 1, 0, 0, 0, 1, 0
95790, 1, 0, 0, 0, 1, 0
95791, 1, 2, 2, 0, 1, 0
95894, 0, 1, 1, 0, 0, 0
95792, 1, 0, 0, 0, 1, 0
95793, 3, 0, 0, 0, 1, 2
95794, 2, 0, 0, 0, 0, 2
95795, 1, 0, 0, 0, 1, 0
95796, 2, 0, 0, 0, 2, 0
95797, 1, 0, 0, 0, 1, 0
95798, 1, 0, 0, 0, 1, 0
95800, 1, 0, 0, 0, 1, 0
95801, 0, 2, 2, 0, 0, 0
95802, 1, 0, 0, 0, 1, 0
95803, 1, 0, 0, 0, 1, 0
95804, 1, 0, 0, 0, 1, 0
95805, 3, 1, 0, 1, 3, 0
95807, 1, 0, 0, 0, 1, 0
95808, 1, 0, 0, 0, 1, 0
95809, 2, 0, 0, 0, 2, 0
95811, 3, 0, 0, 0, 3, 0
95813, 1, 0, 0, 0, 1, 0
95814, 1, 0, 0, 0, 1, 0
95816, 1, 0, 0, 0, 0, 1
95817, 1, 0, 0, 0, 1, 0
95818, 1, 0, 0, 0, 1, 0
95820, 2, 0, 0, 0, 2, 0
95821, 2, 0, 0, 0, 2, 0
95822, 1, 0, 0, 0, 1, 0
95823, 2, 0, 0, 0, 2, 0
95824, 0, 1, 1, 0, 0, 0
95825, 1, 0, 0, 0, 1, 0
95829, 1, 0, 0, 0, 1, 0
95830, 1, 0, 0, 0, 1, 0
102990, 1, 1, 1, 0, 1, 0
95834, 1, 0, 0, 0, 1, 0
95835, 1, 0, 0, 0, 1, 0
95836, 1, 0, 0, 0, 1, 0
95837, 2, 0, 0, 0, 1, 1
95838, 1, 0, 0, 0, 1, 0
95840, 1, 0, 0, 0, 0, 1
95843, 1, 0, 0, 0, 1, 0
95844, 2, 0, 0, 0, 2, 0
95845, 1, 0, 0, 0, 1, 0
95847, 1, 0, 0, 0, 1, 0
95849, 1, 0, 0, 0, 1, 0
95850, 2, 0, 0, 0, 2, 0
95851, 1, 0, 0, 0, 1, 0
95852, 1, 0, 0, 0, 1, 0
95853, 0, 1, 1, 0, 0, 0
95856, 1, 0, 0, 0, 1, 0
95857, 1, 0, 0, 0, 1, 0
95858, 0, 1, 1, 0, 0, 0
95859, 1, 0, 0, 0, 1, 0
95860, 1, 0, 0, 0, 1, 0
95861, 1, 0, 0, 0, 1, 0
95862, 1, 0, 0, 0, 1, 0
95864, 1, 1, 1, 0, 1, 0
95865, 1, 1, 1, 0, 1, 0
95866, 3, 0, 0, 0, 1, 2
95868, 1, 0, 0, 0, 1, 0
95871, 1, 1, 1, 0, 1, 0
95872, 2, 0, 0, 0, 2, 0
95875, 1, 0, 0, 0, 1, 0
95877, 1, 0, 0, 0, 1, 0
95878, 2, 0, 0, 0, 2, 0
107091, 1, 1, 0, 1, 1, 0
95882, 1, 0, 0, 0, 1, 0
95885, 1, 0, 0, 0, 1, 0
95888, 1, 0, 0, 0, 1, 0
95891, 1, 0, 0, 0, 1, 0
95892, 2, 0, 0, 0, 2, 0
95896, 1, 0, 0, 0, 1, 0
95898, 1, 0, 0, 0, 1, 0
95900, 1, 0, 0, 0, 1, 0
95901, 0, 2, 2, 0, 0, 0
95902, 1, 0, 0, 0, 1, 0
95905, 3, 0, 0, 0, 3, 0
95907, 1, 0, 0, 0, 1, 0
95908, 1, 0, 0, 0, 0, 1
95909, 1, 0, 0, 0, 1, 0
95915, 1, 0, 0, 0, 0, 1
95916, 1, 0, 0, 0, 1, 0
95917, 0, 1, 1, 0, 0, 0
112301, 0, 1, 1, 0, 0, 0
95919, 1, 0, 0, 0, 1, 0
95920, 2, 0, 0, 0, 2, 0
95921, 1, 1, 1, 0, 1, 0
95922, 1, 1, 1, 0, 1, 0
95923, 1, 2, 2, 0, 1, 0
95926, 1, 0, 0, 0, 1, 0
102107, 2, 1, 1, 0, 1, 1
103699, 1, 1, 1, 0, 1, 0
105018, 2, 1, 1, 0, 2, 0
109313, 1, 1, 1, 0, 1, 0
109613, 2, 2, 2, 0, 2, 0
111286, 0, 1, 1, 0, 0, 0
95928, 2, 0, 0, 0, 2, 0
95929, 2, 1, 1, 0, 2, 0
101463, 0, 1, 1, 0, 0, 0
95930, 4, 0, 0, 0, 4, 0
95931, 0, 1, 1, 0, 0, 0
95932, 0, 1, 1, 0, 0, 0
95933, 0, 1, 1, 0, 0, 0
95934, 1, 1, 1, 0, 1, 0
95937, 1, 0, 0, 0, 1, 0
95938, 0, 1, 1, 0, 0, 0
95939, 1, 0, 0, 0, 1, 0
95941, 1, 0, 0, 0, 1, 0
95942, 1, 0, 0, 0, 1, 0
95943, 1, 0, 0, 0, 1, 0
95945, 3, 1, 1, 0, 3, 0
95946, 1, 0, 0, 0, 1, 0
95947, 2, 0, 0, 0, 2, 0
95949, 1, 1, 1, 0, 1, 0
95950, 1, 1, 1, 0, 1, 0
95953, 1, 1, 1, 0, 1, 0
95954, 1, 0, 0, 0, 1, 0
95956, 2, 0, 0, 0, 2, 0
95957, 2, 0, 0, 0, 2, 0
95958, 0, 1, 1, 0, 0, 0
95959, 1, 0, 0, 0, 1, 0
95960, 1, 0, 0, 0, 1, 0
95961, 1, 0, 0, 0, 1, 0
98909, 1, 1, 0, 1, 1, 0
95963, 1, 0, 0, 0, 1, 0
95964, 1, 0, 0, 0, 1, 0
95965, 1, 0, 0, 0, 1, 0
95967, 1, 0, 0, 0, 1, 0
95968, 1, 0, 0, 0, 0, 1
95969, 1, 0, 0, 0, 1, 0
95971, 4, 0, 0, 0, 4, 0
95972, 1, 0, 0, 0, 1, 0
95974, 1, 0, 0, 0, 1, 0
95976, 1, 0, 0, 0, 0, 1
95977, 1, 0, 0, 0, 0, 1
95983, 2, 0, 0, 0, 2, 0
95985, 1, 0, 0, 0, 1, 0
95986, 1, 0, 0, 0, 0, 1
95987, 2, 1, 1, 0, 2, 0
95988, 1, 0, 0, 0, 0, 1
95989, 0, 1, 0, 1, 0, 0
95990, 1, 0, 0, 0, 1, 0
95992, 2, 0, 0, 0, 2, 0
95993, 2, 0, 0, 0, 2, 0
95994, 0, 1, 1, 0, 0, 0
95995, 4, 1, 1, 0, 4, 0
95997, 1, 0, 0, 0, 1, 0
95998, 3, 0, 0, 0, 3, 0
95999, 1, 0, 0, 0, 1, 0
96000, 1, 0, 0, 0, 1, 0
96001, 1, 0, 0, 0, 1, 0
96002, 4, 0, 0, 0, 4, 0
96003, 1, 0, 0, 0, 1, 0
96004, 1, 0, 0, 0, 1, 0
96006, 2, 0, 0, 0, 2, 0
96007, 1, 0, 0, 0, 1, 0
96008, 0, 2, 2, 0, 0, 0
96009, 1, 0, 0, 0, 1, 0
96010, 1, 0, 0, 0, 1, 0
96849, 1, 1, 1, 0, 1, 0
96012, 3, 0, 0, 0, 3, 0
101226, 0, 1, 1, 0, 0, 0
96013, 1, 0, 0, 0, 1, 0
96014, 1, 0, 0, 0, 1, 0
96016, 1, 0, 0, 0, 1, 0
96017, 0, 1, 1, 0, 0, 0
96018, 1, 0, 0, 0, 1, 0
96019, 0, 1, 1, 0, 0, 0
96020, 1, 0, 0, 0, 1, 0
96021, 1, 0, 0, 0, 1, 0
96023, 1, 0, 0, 0, 1, 0
96024, 0, 1, 1, 0, 0, 0
96025, 1, 0, 0, 0, 1, 0
105783, 0, 1, 1, 0, 0, 0
105823, 0, 1, 1, 0, 0, 0
96028, 1, 0, 0, 0, 1, 0
96029, 1, 0, 0, 0, 1, 0
96030, 1, 0, 0, 0, 1, 0
96031, 1, 0, 0, 0, 0, 1
96032, 6, 0, 0, 0, 6, 0
96033, 0, 1, 1, 0, 0, 0
96035, 0, 1, 1, 0, 0, 0
96079, 0, 1, 1, 0, 0, 0
96339, 0, 1, 1, 0, 0, 0
96038, 5, 0, 0, 0, 5, 0
96042, 1, 0, 0, 0, 1, 0
96044, 1, 0, 0, 0, 1, 0
96045, 1, 0, 0, 0, 0, 1
96046, 1, 0, 0, 0, 1, 0
96049, 1, 0, 0, 0, 1, 0
96052, 2, 0, 0, 0, 2, 0
96053, 1, 1, 1, 0, 1, 0
96054, 6, 2, 2, 0, 6, 0
96406, 0, 1, 1, 0, 0, 0
97703, 0, 2, 2, 0, 0, 0
96058, 1, 1, 1, 0, 1, 0
96059, 3, 0, 0, 0, 3, 0
96061, 1, 0, 0, 0, 1, 0
96062, 1, 0, 0, 0, 1, 0
96063, 1, 0, 0, 0, 1, 0
96064, 2, 0, 0, 0, 2, 0
96065, 2, 0, 0, 0, 2, 0
96066, 4, 1, 1, 0, 4, 0
96068, 1, 0, 0, 0, 1, 0
96069, 2, 0, 0, 0, 2, 0
96070, 1, 0, 0, 0, 1, 0
96071, 7, 0, 0, 0, 5, 2
96072, 4, 0, 0, 0, 4, 0
105112, 0, 1, 1, 0, 0, 0
96076, 1, 0, 0, 0, 1, 0
96077, 1, 0, 0, 0, 1, 0
96080, 1, 0, 0, 0, 1, 0
96081, 1, 0, 0, 0, 1, 0
96082, 0, 2, 2, 0, 0, 0
96084, 2, 0, 0, 0, 0, 2
96085, 2, 0, 0, 0, 2, 0
96086, 1, 0, 0, 0, 1, 0
96087, 1, 0, 0, 0, 1, 0
96088, 0, 1, 1, 0, 0, 0
96089, 1, 0, 0, 0, 0, 1
96090, 1, 0, 0, 0, 1, 0
96092, 1, 0, 0, 0, 1, 0
96094, 1, 0, 0, 0, 1, 0
96096, 1, 0, 0, 0, 1, 0
96097, 2, 0, 0, 0, 2, 0
96098, 2, 0, 0, 0, 1, 1
107762, 2, 1, 1, 0, 2, 0
96101, 1, 0, 0, 0, 1, 0
96102, 1, 0, 0, 0, 1, 0
96103, 0, 1, 1, 0, 0, 0
96105, 3, 0, 0, 0, 3, 0
96106, 0, 1, 1, 0, 0, 0
96107, 1, 0, 0, 0, 1, 0
96108, 1, 0, 0, 0, 1, 0
96109, 2, 0, 0, 0, 2, 0
96113, 3, 0, 0, 0, 3, 0
96114, 1, 0, 0, 0, 1, 0
96115, 0, 1, 1, 0, 0, 0
112234, 0, 2, 2, 0, 0, 0
96117, 1, 0, 0, 0, 0, 1
96119, 1, 1, 1, 0, 1, 0
96120, 1, 0, 0, 0, 1, 0
96121, 1, 0, 0, 0, 1, 0
96122, 1, 0, 0, 0, 0, 1
96124, 1, 0, 0, 0, 1, 0
96128, 1, 0, 0, 0, 1, 0
96132, 1, 0, 0, 0, 1, 0
96133, 1, 0, 0, 0, 1, 0
96134, 1, 0, 0, 0, 1, 0
96135, 1, 0, 0, 0, 1, 0
107975, 4, 1, 1, 0, 4, 0
96140, 1, 0, 0, 0, 0, 1
96141, 3, 0, 0, 0, 3, 0
96145, 1, 0, 0, 0, 1, 0
96148, 2, 0, 0, 0, 2, 0
96151, 2, 0, 0, 0, 2, 0
96152, 1, 0, 0, 0, 1, 0
96154, 1, 0, 0, 0, 1, 0
96155, 1, 0, 0, 0, 1, 0
96156, 1, 0, 0, 0, 1, 0
96157, 1, 0, 0, 0, 1, 0
96158, 0, 1, 1, 0, 0, 0
96160, 1, 0, 0, 0, 1, 0
97172, 1, 1, 1, 0, 1, 0
96162, 1, 0, 0, 0, 1, 0
96163, 0, 1, 1, 0, 0, 0
96164, 1, 0, 0, 0, 1, 0
96165, 1, 0, 0, 0, 1, 0
96169, 1, 0, 0, 0, 1, 0
96172, 1, 0, 0, 0, 1, 0
96173, 2, 1, 1, 0, 2, 0
96174, 1, 0, 0, 0, 1, 0
96175, 1, 0, 0, 0, 1, 0
96327, 4, 4, 4, 0, 4, 0
99736, 4, 4, 4, 0, 4, 0
96187, 10, 3, 3, 0, 10, 0
96188, 1, 2, 2, 0, 1, 0
96179, 2, 0, 0, 0, 2, 0
116360, 0, 1, 1, 0, 0, 0
96182, 1, 1, 1, 0, 1, 0
96185, 2, 0, 0, 0, 2, 0
96191, 1, 0, 0, 0, 0, 1
96193, 2, 0, 0, 0, 1, 1
96195, 2, 0, 0, 0, 2, 0
96196, 1, 1, 1, 0, 1, 0
96200, 1, 0, 0, 0, 1, 0
96201, 1, 1, 1, 0, 1, 0
101504, 5, 2, 2, 0, 5, 0
96203, 1, 0, 0, 0, 0, 1
96207, 4, 0, 0, 0, 4, 0
96211, 4, 1, 1, 0, 4, 0
96588, 0, 1, 1, 0, 0, 0
96212, 2, 0, 0, 0, 2, 0
96692, 0, 1, 1, 0, 0, 0
96213, 1, 0, 0, 0, 1, 0
96214, 0, 1, 1, 0, 0, 0
96216, 1, 0, 0, 0, 1, 0
96217, 1, 2, 2, 0, 1, 0
98082, 1, 1, 1, 0, 1, 0
96318, 0, 1, 1, 0, 0, 0
96381, 3, 1, 1, 0, 3, 0
96522, 4, 1, 1, 0, 4, 0
96523, 0, 1, 1, 0, 0, 0
96524, 3, 1, 1, 0, 3, 0
96684, 0, 3, 3, 0, 0, 0
96769, 0, 1, 1, 0, 0, 0
96907, 1, 1, 1, 0, 1, 0
96220, 1, 0, 0, 0, 1, 0
96227, 1, 1, 1, 0, 1, 0
96228, 1, 0, 0, 0, 0, 1
96229, 1, 0, 0, 0, 1, 0
96230, 1, 0, 0, 0, 1, 0
96232, 1, 0, 0, 0, 1, 0
96233, 1, 1, 1, 0, 1, 0
96237, 1, 0, 0, 0, 1, 0
96238, 0, 1, 1, 0, 0, 0
96239, 1, 0, 0, 0, 1, 0
96240, 2, 0, 0, 0, 2, 0
96243, 2, 1, 1, 0, 1, 1
96247, 1, 0, 0, 0, 1, 0
96992, 2, 2, 2, 0, 2, 0
96252, 1, 0, 0, 0, 1, 0
96255, 1, 0, 0, 0, 1, 0
96256, 1, 0, 0, 0, 1, 0
96257, 1, 0, 0, 0, 1, 0
96258, 0, 1, 1, 0, 0, 0
96259, 1, 0, 0, 0, 0, 1
96260, 8, 0, 0, 0, 8, 0
96261, 2, 0, 0, 0, 2, 0
96263, 1, 0, 0, 0, 1, 0
96267, 1, 0, 0, 0, 1, 0
96268, 1, 0, 0, 0, 1, 0
96271, 1, 0, 0, 0, 0, 1
96274, 1, 0, 0, 0, 1, 0
108784, 1, 1, 1, 0, 1, 0
108821, 0, 1, 1, 0, 0, 0
96277, 1, 0, 0, 0, 1, 0
96279, 1, 0, 0, 0, 1, 0
96280, 1, 0, 0, 0, 1, 0
96283, 1, 0, 0, 0, 1, 0
96284, 1, 0, 0, 0, 1, 0
96286, 1, 0, 0, 0, 1, 0
96291, 1, 0, 0, 0, 1, 0
96292, 1, 0, 0, 0, 1, 0
96294, 1, 2, 2, 0, 1, 0
96295, 1, 1, 1, 0, 1, 0
96296, 1, 0, 0, 0, 1, 0
96300, 1, 0, 0, 0, 1, 0
96305, 2, 0, 0, 0, 2, 0
96306, 0, 1, 1, 0, 0, 0
96307, 0, 2, 2, 0, 0, 0
96308, 1, 0, 0, 0, 1, 0
96311, 5, 0, 0, 0, 5, 0
96314, 1, 1, 1, 0, 1, 0
97214, 0, 1, 1, 0, 0, 0
96320, 1, 0, 0, 0, 1, 0
96321, 1, 0, 0, 0, 1, 0
96322, 1, 0, 0, 0, 1, 0
105919, 0, 3, 3, 0, 0, 0
96326, 1, 0, 0, 0, 1, 0
96328, 1, 0, 0, 0, 1, 0
96331, 1, 0, 0, 0, 0, 1
96431, 0, 1, 1, 0, 0, 0
96432, 0, 1, 1, 0, 0, 0
96334, 3, 0, 0, 0, 2, 1
96335, 1, 0, 0, 0, 1, 0
100901, 7, 2, 2, 0, 6, 1
96337, 1, 0, 0, 0, 1, 0
96338, 1, 0, 0, 0, 1, 0
96341, 1, 0, 0, 0, 1, 0
96342, 1, 0, 0, 0, 1, 0
96343, 0, 2, 2, 0, 0, 0
96345, 3, 0, 0, 0, 3, 0
96346, 1, 0, 0, 0, 1, 0
96348, 2, 0, 0, 0, 2, 0
96349, 0, 1, 1, 0, 0, 0
107737, 0, 1, 1, 0, 0, 0
96353, 2, 0, 0, 0, 1, 1
96354, 1, 0, 0, 0, 1, 0
96355, 1, 0, 0, 0, 1, 0
96356, 1, 0, 0, 0, 1, 0
96358, 1, 0, 0, 0, 1, 0
96359, 1, 0, 0, 0, 1, 0
96360, 1, 0, 0, 0, 1, 0
96361, 1, 0, 0, 0, 1, 0
96362, 1, 0, 0, 0, 1, 0
96363, 2, 1, 1, 0, 2, 0
96364, 1, 0, 0, 0, 1, 0
96365, 3, 0, 0, 0, 3, 0
96367, 1, 0, 0, 0, 1, 0
96369, 1, 0, 0, 0, 1, 0
96371, 1, 0, 0, 0, 1, 0
96373, 1, 1, 1, 0, 1, 0
96895, 1, 2, 2, 0, 1, 0
99593, 3, 1, 1, 0, 2, 1
96376, 1, 0, 0, 0, 0, 1
96377, 1, 1, 1, 0, 1, 0
96380, 1, 0, 0, 0, 1, 0
96383, 2, 0, 0, 0, 2, 0
96384, 2, 0, 0, 0, 2, 0
96385, 1, 0, 0, 0, 1, 0
96388, 2, 0, 0, 0, 2, 0
104839, 0, 1, 1, 0, 0, 0
96389, 1, 0, 0, 0, 0, 1
96390, 1, 0, 0, 0, 1, 0
96391, 1, 0, 0, 0, 1, 0
96392, 5, 1, 1, 0, 5, 0
96393, 1, 0, 0, 0, 1, 0
96397, 1, 0, 0, 0, 1, 0
96399, 1, 0, 0, 0, 1, 0
96400, 5, 0, 0, 0, 5, 0
96401, 0, 1, 1, 0, 0, 0
96405, 1, 0, 0, 0, 1, 0
96408, 1, 1, 1, 0, 1, 0
96409, 1, 0, 0, 0, 1, 0
96411, 1, 0, 0, 0, 1, 0
96413, 1, 0, 0, 0, 1, 0
96414, 0, 1, 1, 0, 0, 0
96415, 1, 0, 0, 0, 1, 0
96416, 0, 1, 1, 0, 0, 0
96417, 1, 0, 0, 0, 1, 0
96418, 3, 0, 0, 0, 3, 0
96419, 1, 0, 0, 0, 1, 0
97220, 3, 1, 1, 0, 3, 0
103573, 6, 1, 1, 0, 6, 0
106347, 2, 1, 1, 0, 2, 0
96427, 1, 0, 0, 0, 0, 1
96428, 1, 0, 0, 0, 1, 0
96429, 2, 0, 0, 0, 0, 2
96433, 1, 0, 0, 0, 1, 0
96434, 5, 0, 0, 0, 5, 0
96437, 1, 1, 0, 1, 1, 0
96439, 1, 0, 0, 0, 1, 0
96440, 3, 0, 0, 0, 3, 0
96441, 2, 0, 0, 0, 2, 0
96442, 1, 1, 1, 0, 1, 0
96443, 1, 0, 0, 0, 1, 0
96445, 1, 1, 1, 0, 1, 0
96447, 0, 1, 1, 0, 0, 0
96990, 0, 1, 1, 0, 0, 0
96448, 2, 0, 0, 0, 2, 0
96449, 1, 0, 0, 0, 1, 0
96451, 1, 0, 0, 0, 1, 0
96452, 1, 1, 1, 0, 1, 0
96453, 1, 1, 1, 0, 1, 0
96454, 1, 0, 0, 0, 1, 0
96455, 1, 0, 0, 0, 0, 1
96457, 1, 0, 0, 0, 1, 0
96458, 1, 0, 0, 0, 0, 1
96461, 1, 0, 0, 0, 1, 0
96462, 1, 0, 0, 0, 1, 0
96463, 1, 0, 0, 0, 1, 0
96464, 6, 0, 0, 0, 6, 0
96466, 1, 0, 0, 0, 1, 0
96467, 1, 0, 0, 0, 1, 0
96468, 1, 1, 1, 0, 1, 0
96469, 1, 0, 0, 0, 1, 0
96470, 1, 4, 3, 1, 1, 0
96471, 1, 1, 1, 0, 1, 0
96473, 1, 0, 0, 0, 1, 0
96474, 0, 1, 1, 0, 0, 0
96475, 1, 0, 0, 0, 1, 0
96476, 1, 0, 0, 0, 1, 0
96478, 1, 0, 0, 0, 1, 0
96481, 1, 0, 0, 0, 1, 0
96482, 1, 0, 0, 0, 1, 0
97124, 1, 2, 2, 0, 1, 0
96484, 1, 0, 0, 0, 1, 0
96486, 1, 0, 0, 0, 1, 0
96487, 1, 0, 0, 0, 1, 0
96488, 1, 1, 1, 0, 1, 0
96489, 1, 0, 0, 0, 1, 0
96490, 1, 0, 0, 0, 1, 0
96491, 1, 0, 0, 0, 1, 0
96492, 1, 0, 0, 0, 1, 0
96497, 1, 0, 0, 0, 0, 1
96498, 2, 0, 0, 0, 2, 0
96500, 1, 0, 0, 0, 1, 0
96508, 1, 1, 0, 1, 0, 1
96509, 1, 0, 0, 0, 0, 1
96510, 1, 0, 0, 0, 0, 1
96511, 0, 1, 0, 1, 0, 0
96512, 1, 0, 0, 0, 0, 1
96514, 1, 0, 0, 0, 1, 0
96515, 1, 0, 0, 0, 1, 0
96516, 1, 0, 0, 0, 1, 0
96519, 2, 0, 0, 0, 2, 0
96521, 1, 0, 0, 0, 1, 0
96525, 4, 0, 0, 0, 4, 0
96973, 1, 1, 1, 0, 1, 0
96528, 1, 0, 0, 0, 1, 0
96529, 0, 1, 1, 0, 0, 0
96530, 1, 0, 0, 0, 1, 0
96531, 1, 0, 0, 0, 1, 0
96533, 1, 0, 0, 0, 1, 0
96534, 4, 0, 0, 0, 4, 0
96535, 1, 0, 0, 0, 1, 0
96536, 1, 0, 0, 0, 0, 1
96539, 1, 1, 1, 0, 1, 0
96538, 1, 0, 0, 0, 1, 0
96543, 1, 0, 0, 0, 1, 0
96545, 1, 0, 0, 0, 1, 0
96546, 0, 1, 1, 0, 0, 0
96549, 2, 0, 0, 0, 2, 0
96551, 2, 0, 0, 0, 2, 0
96553, 0, 1, 1, 0, 0, 0
96556, 1, 1, 1, 0, 1, 0
96557, 1, 0, 0, 0, 1, 0
96558, 0, 1, 1, 0, 0, 0
96559, 1, 0, 0, 0, 1, 0
96562, 2, 0, 0, 0, 2, 0
96609, 10, 1, 1, 0, 10, 0
96779, 0, 1, 1, 0, 0, 0
96811, 7, 1, 1, 0, 7, 0
96937, 6, 1, 1, 0, 5, 1
96942, 0, 2, 2, 0, 0, 0
96976, 1, 2, 2, 0, 1, 0
97005, 10, 1, 1, 0, 10, 0
97056, 3, 1, 1, 0, 3, 0
97057, 0, 2, 2, 0, 0, 0
97120, 2, 1, 1, 0, 2, 0
97146, 3, 1, 1, 0, 3, 0
97184, 0, 1, 1, 0, 0, 0
97185, 0, 1, 1, 0, 0, 0
97186, 0, 1, 1, 0, 0, 0
97187, 0, 1, 1, 0, 0, 0
97188, 0, 1, 1, 0, 0, 0
97189, 0, 1, 1, 0, 0, 0
97190, 0, 1, 1, 0, 0, 0
97191, 0, 1, 1, 0, 0, 0
97192, 0, 1, 1, 0, 0, 0
97193, 0, 1, 1, 0, 0, 0
97201, 3, 1, 1, 0, 3, 0
97275, 0, 1, 1, 0, 0, 0
97276, 4, 3, 2, 1, 3, 1
96567, 1, 2, 2, 0, 1, 0
96568, 1, 0, 0, 0, 1, 0
96569, 1, 0, 0, 0, 1, 0
96570, 1, 0, 0, 0, 1, 0
96571, 1, 0, 0, 0, 1, 0
96572, 1, 0, 0, 0, 1, 0
96574, 1, 1, 1, 0, 1, 0
96580, 1, 0, 0, 0, 1, 0
96581, 0, 1, 1, 0, 0, 0
96582, 1, 0, 0, 0, 1, 0
96583, 1, 0, 0, 0, 0, 1
96584, 1, 0, 0, 0, 1, 0
96585, 0, 1, 1, 0, 0, 0
96586, 1, 0, 0, 0, 1, 0
96587, 1, 0, 0, 0, 1, 0
96589, 1, 0, 0, 0, 1, 0
96590, 1, 0, 0, 0, 1, 0
96592, 6, 0, 0, 0, 6, 0
96593, 1, 0, 0, 0, 1, 0
96594, 1, 0, 0, 0, 0, 1
96596, 1, 0, 0, 0, 1, 0
96597, 1, 0, 0, 0, 1, 0
96599, 1, 0, 0, 0, 1, 0
96600, 0, 1, 1, 0, 0, 0
96602, 2, 0, 0, 0, 1, 1
96604, 1, 0, 0, 0, 1, 0
96605, 1, 0, 0, 0, 1, 0
96606, 2, 0, 0, 0, 2, 0
96607, 1, 0, 0, 0, 1, 0
96612, 1, 0, 0, 0, 1, 0
96613, 1, 0, 0, 0, 1, 0
96615, 1, 0, 0, 0, 1, 0
96616, 0, 1, 1, 0, 0, 0
96619, 1, 0, 0, 0, 1, 0
96620, 0, 1, 1, 0, 0, 0
96621, 1, 0, 0, 0, 1, 0
96631, 0, 1, 1, 0, 0, 0
96633, 1, 0, 0, 0, 1, 0
96635, 1, 0, 0, 0, 1, 0
96637, 1, 0, 0, 0, 1, 0
96638, 2, 1, 1, 0, 2, 0
96646, 1, 1, 1, 0, 1, 0
96639, 1, 0, 0, 0, 1, 0
96640, 1, 0, 0, 0, 1, 0
96641, 1, 0, 0, 0, 1, 0
96642, 1, 0, 0, 0, 1, 0
96643, 0, 1, 1, 0, 0, 0
96644, 1, 0, 0, 0, 1, 0
96645, 1, 0, 0, 0, 0, 1
96647, 1, 0, 0, 0, 1, 0
96648, 5, 0, 0, 0, 5, 0
96649, 0, 1, 1, 0, 0, 0
96650, 0, 1, 1, 0, 0, 0
96651, 1, 0, 0, 0, 1, 0
96652, 1, 0, 0, 0, 1, 0
96653, 2, 0, 0, 0, 2, 0
96654, 1, 0, 0, 0, 1, 0
96655, 1, 0, 0, 0, 1, 0
96656, 1, 0, 0, 0, 1, 0
96657, 0, 1, 1, 0, 0, 0
96658, 1, 0, 0, 0, 1, 0
96660, 1, 0, 0, 0, 1, 0
96662, 1, 0, 0, 0, 1, 0
96664, 3, 0, 0, 0, 3, 0
96665, 2, 0, 0, 0, 2, 0
96666, 1, 0, 0, 0, 1, 0
96667, 1, 0, 0, 0, 1, 0
96668, 0, 1, 1, 0, 0, 0
96669, 1, 0, 0, 0, 1, 0
96670, 1, 0, 0, 0, 1, 0
96671, 1, 0, 0, 0, 1, 0
96672, 1, 0, 0, 0, 1, 0
96674, 1, 0, 0, 0, 1, 0
96675, 1, 0, 0, 0, 1, 0
96676, 1, 0, 0, 0, 1, 0
96677, 1, 1, 1, 0, 1, 0
96680, 9, 0, 0, 0, 9, 0
96682, 1, 0, 0, 0, 1, 0
96685, 1, 0, 0, 0, 1, 0
96686, 0, 1, 1, 0, 0, 0
96687, 1, 0, 0, 0, 1, 0
96688, 0, 1, 1, 0, 0, 0
96689, 1, 0, 0, 0, 1, 0
96690, 2, 0, 0, 0, 2, 0
96691, 1, 0, 0, 0, 1, 0
96693, 1, 0, 0, 0, 1, 0
96694, 2, 0, 0, 0, 2, 0
96695, 1, 0, 0, 0, 1, 0
96698, 1, 0, 0, 0, 1, 0
96700, 1, 0, 0, 0, 0, 1
96704, 1, 0, 0, 0, 1, 0
96705, 1, 0, 0, 0, 1, 0
96707, 1, 0, 0, 0, 1, 0
96709, 2, 0, 0, 0, 2, 0
97134, 0, 1, 1, 0, 0, 0
96712, 1, 0, 0, 0, 1, 0
96713, 1, 0, 0, 0, 1, 0
96714, 1, 0, 0, 0, 1, 0
96715, 1, 0, 0, 0, 1, 0
96716, 3, 0, 0, 0, 2, 1
96717, 1, 4, 0, 4, 0, 1
96718, 1, 0, 0, 0, 1, 0
96719, 3, 0, 0, 0, 3, 0
96720, 1, 0, 0, 0, 1, 0
96722, 1, 0, 0, 0, 1, 0
96723, 1, 0, 0, 0, 1, 0
96724, 1, 0, 0, 0, 1, 0
96726, 1, 0, 0, 0, 1, 0
96729, 1, 0, 0, 0, 1, 0
96731, 2, 0, 0, 0, 2, 0
96734, 1, 0, 0, 0, 1, 0
96735, 2, 0, 0, 0, 2, 0
96738, 1, 1, 1, 0, 1, 0
96742, 1, 0, 0, 0, 1, 0
96744, 1, 0, 0, 0, 1, 0
96745, 1, 0, 0, 0, 1, 0
96746, 1, 0, 0, 0, 1, 0
96747, 1, 0, 0, 0, 1, 0
96748, 1, 0, 0, 0, 1, 0
96749, 1, 0, 0, 0, 1, 0
96750, 1, 0, 0, 0, 1, 0
96751, 1, 0, 0, 0, 1, 0
96752, 1, 0, 0, 0, 1, 0
96753, 1, 0, 0, 0, 1, 0
96754, 3, 0, 0, 0, 3, 0
96756, 2, 0, 0, 0, 1, 1
96759, 0, 1, 1, 0, 0, 0
96760, 1, 0, 0, 0, 1, 0
96761, 0, 1, 1, 0, 0, 0
96763, 1, 0, 0, 0, 1, 0
96764, 3, 0, 0, 0, 3, 0
96765, 4, 0, 0, 0, 4, 0
102220, 0, 1, 1, 0, 0, 0
96767, 2, 0, 0, 0, 2, 0
108227, 6, 2, 2, 0, 6, 0
109371, 0, 1, 1, 0, 0, 0
96770, 1, 0, 0, 0, 0, 1
96771, 0, 1, 0, 1, 0, 0
96772, 5, 0, 0, 0, 5, 0
96774, 2, 0, 0, 0, 2, 0
96776, 0, 1, 1, 0, 0, 0
96775, 1, 0, 0, 0, 1, 0
96777, 1, 0, 0, 0, 1, 0
96778, 1, 0, 0, 0, 1, 0
96801, 1, 1, 1, 0, 1, 0
96781, 1, 0, 0, 0, 1, 0
96782, 1, 0, 0, 0, 1, 0
96784, 1, 0, 0, 0, 1, 0
96786, 1, 0, 0, 0, 1, 0
96787, 30, 0, 0, 0, 30, 0
96788, 2, 0, 0, 0, 2, 0
96789, 2, 0, 0, 0, 0, 2
96790, 1, 0, 0, 0, 1, 0
96792, 1, 0, 0, 0, 0, 1
96794, 1, 0, 0, 0, 1, 0
96795, 1, 0, 0, 0, 0, 1
96796, 1, 0, 0, 0, 1, 0
96797, 1, 0, 0, 0, 1, 0
96800, 1, 0, 0, 0, 1, 0
96802, 2, 0, 0, 0, 1, 1
96803, 1, 0, 0, 0, 1, 0
96807, 1, 0, 0, 0, 1, 0
96808, 1, 0, 0, 0, 1, 0
96809, 0, 1, 1, 0, 0, 0
96810, 1, 0, 0, 0, 0, 1
96812, 1, 0, 0, 0, 1, 0
96813, 2, 0, 0, 0, 0, 2
96814, 1, 0, 0, 0, 1, 0
96818, 2, 0, 0, 0, 1, 1
96819, 0, 1, 1, 0, 0, 0
96820, 1, 1, 1, 0, 1, 0
96822, 2, 0, 0, 0, 2, 0
103643, 0, 1, 1, 0, 0, 0
96824, 3, 0, 0, 0, 3, 0
96826, 1, 1, 1, 0, 1, 0
96829, 1, 0, 0, 0, 1, 0
96830, 0, 1, 1, 0, 0, 0
96831, 1, 0, 0, 0, 1, 0
96833, 1, 0, 0, 0, 1, 0
96834, 1, 0, 0, 0, 1, 0
96835, 1, 0, 0, 0, 1, 0
96836, 0, 1, 1, 0, 0, 0
96837, 1, 0, 0, 0, 1, 0
96839, 1, 0, 0, 0, 1, 0
96841, 1, 0, 0, 0, 1, 0
96842, 2, 0, 0, 0, 2, 0
96844, 2, 0, 0, 0, 1, 1
96845, 1, 0, 0, 0, 1, 0
96847, 1, 0, 0, 0, 1, 0
96848, 1, 0, 0, 0, 1, 0
96850, 1, 0, 0, 0, 0, 1
96851, 0, 1, 0, 1, 0, 0
96852, 1, 0, 0, 0, 1, 0
96853, 1, 0, 0, 0, 1, 0
96854, 1, 0, 0, 0, 1, 0
96855, 1, 0, 0, 0, 1, 0
96856, 3, 0, 0, 0, 3, 0
96857, 1, 0, 0, 0, 1, 0
96858, 0, 1, 1, 0, 0, 0
96860, 1, 0, 0, 0, 0, 1
96861, 1, 0, 0, 0, 1, 0
96863, 1, 0, 0, 0, 1, 0
96864, 1, 0, 0, 0, 1, 0
96867, 1, 0, 0, 0, 1, 0
96868, 1, 0, 0, 0, 1, 0
96872, 1, 0, 0, 0, 1, 0
96873, 1, 0, 0, 0, 1, 0
96875, 1, 0, 0, 0, 1, 0
96876, 1, 0, 0, 0, 1, 0
96877, 1, 0, 0, 0, 1, 0
96878, 1, 0, 0, 0, 1, 0
96879, 1, 0, 0, 0, 1, 0
96880, 1, 0, 0, 0, 1, 0
96882, 1, 0, 0, 0, 1, 0
96884, 1, 0, 0, 0, 1, 0
96885, 1, 0, 0, 0, 1, 0
96886, 0, 1, 1, 0, 0, 0
96887, 1, 0, 0, 0, 1, 0
96889, 1, 0, 0, 0, 1, 0
96890, 1, 0, 0, 0, 1, 0
96891, 1, 0, 0, 0, 1, 0
96892, 0, 1, 1, 0, 0, 0
96893, 1, 0, 0, 0, 1, 0
96894, 0, 1, 1, 0, 0, 0
96896, 1, 0, 0, 0, 0, 1
96897, 1, 0, 0, 0, 1, 0
96898, 1, 0, 0, 0, 1, 0
96899, 0, 1, 1, 0, 0, 0
96901, 2, 0, 0, 0, 2, 0
96902, 1, 0, 0, 0, 1, 0
96903, 0, 2, 2, 0, 0, 0
96904, 1, 0, 0, 0, 0, 1
96905, 1, 0, 0, 0, 1, 0
96906, 1, 0, 0, 0, 1, 0
96910, 1, 0, 0, 0, 1, 0
96911, 1, 0, 0, 0, 1, 0
96912, 1, 0, 0, 0, 1, 0
96913, 1, 0, 0, 0, 1, 0
96915, 1, 0, 0, 0, 1, 0
96916, 2, 0, 0, 0, 2, 0
96917, 0, 1, 1, 0, 0, 0
96919, 1, 0, 0, 0, 1, 0
96920, 1, 0, 0, 0, 1, 0
96921, 1, 0, 0, 0, 1, 0
96922, 1, 0, 0, 0, 1, 0
96923, 2, 0, 0, 0, 2, 0
96924, 4, 0, 0, 0, 4, 0
96929, 6, 0, 0, 0, 6, 0
96930, 1, 0, 0, 0, 1, 0
96931, 1, 0, 0, 0, 1, 0
96933, 1, 0, 0, 0, 1, 0
96934, 1, 0, 0, 0, 0, 1
96935, 1, 0, 0, 0, 1, 0
96936, 1, 0, 0, 0, 0, 1
96938, 1, 0, 0, 0, 1, 0
96939, 0, 1, 1, 0, 0, 0
96940, 1, 0, 0, 0, 1, 0
96941, 1, 0, 0, 0, 1, 0
96945, 10, 0, 0, 0, 10, 0
96946, 1, 0, 0, 0, 1, 0
96947, 0, 2, 2, 0, 0, 0
96948, 2, 0, 0, 0, 2, 0
96952, 0, 1, 1, 0, 0, 0
97449, 0, 1, 1, 0, 0, 0
97450, 0, 2, 1, 1, 0, 0
96950, 2, 0, 0, 0, 1, 1
96951, 0, 1, 0, 1, 0, 0
96954, 2, 0, 0, 0, 2, 0
96956, 1, 0, 0, 0, 1, 0
96957, 1, 0, 0, 0, 1, 0
96959, 1, 0, 0, 0, 1, 0
96960, 1, 0, 0, 0, 1, 0
96961, 1, 0, 0, 0, 1, 0
96962, 1, 0, 0, 0, 1, 0
96963, 3, 0, 0, 0, 3, 0
96964, 2, 0, 0, 0, 2, 0
96968, 3, 0, 0, 0, 2, 1
96974, 1, 0, 0, 0, 1, 0
96975, 0, 1, 1, 0, 0, 0
97839, 2, 1, 1, 0, 2, 0
96978, 1, 0, 0, 0, 1, 0
96987, 1, 1, 1, 0, 1, 0
96981, 1, 0, 0, 0, 1, 0
96982, 2, 0, 0, 0, 2, 0
96983, 1, 0, 0, 0, 1, 0
96988, 1, 0, 0, 0, 1, 0
96994, 1, 0, 0, 0, 1, 0
96995, 1, 0, 0, 0, 1, 0
97000, 1, 0, 0, 0, 1, 0
97001, 1, 0, 0, 0, 1, 0
97002, 1, 0, 0, 0, 1, 0
97003, 4, 0, 0, 0, 3, 1
97006, 0, 1, 1, 0, 0, 0
97004, 1, 0, 0, 0, 1, 0
97009, 1, 0, 0, 0, 1, 0
97010, 2, 1, 1, 0, 1, 1
97011, 0, 1, 0, 1, 0, 0
97012, 1, 0, 0, 0, 1, 0
97015, 1, 0, 0, 0, 1, 0
97016, 3, 0, 0, 0, 3, 0
97017, 2, 0, 0, 0, 2, 0
97018, 1, 0, 0, 0, 1, 0
97019, 2, 0, 0, 0, 2, 0
97020, 1, 0, 0, 0, 1, 0
97021, 2, 0, 0, 0, 1, 1
97022, 0, 2, 1, 1, 0, 0
97023, 3, 0, 0, 0, 3, 0
97025, 2, 0, 0, 0, 2, 0
97027, 1, 0, 0, 0, 1, 0
97028, 2, 0, 0, 0, 2, 0
97029, 2, 0, 0, 0, 2, 0
125045, 0, 1, 1, 0, 0, 0
97032, 1, 0, 0, 0, 1, 0
97033, 1, 0, 0, 0, 1, 0
97034, 1, 1, 1, 0, 1, 0
97035, 1, 0, 0, 0, 1, 0
97036, 1, 0, 0, 0, 1, 0
97037, 1, 0, 0, 0, 1, 0
97038, 0, 1, 1, 0, 0, 0
97039, 1, 0, 0, 0, 1, 0
97040, 1, 0, 0, 0, 1, 0
97043, 1, 0, 0, 0, 1, 0
97044, 2, 0, 0, 0, 2, 0
97046, 1, 0, 0, 0, 1, 0
97048, 1, 0, 0, 0, 1, 0
97050, 1, 0, 0, 0, 1, 0
97052, 1, 0, 0, 0, 1, 0
97053, 2, 0, 0, 0, 2, 0
97054, 1, 0, 0, 0, 1, 0
97058, 1, 0, 0, 0, 1, 0
97059, 1, 0, 0, 0, 1, 0
97061, 1, 0, 0, 0, 1, 0
97062, 1, 0, 0, 0, 1, 0
97063, 1, 0, 0, 0, 1, 0
97065, 2, 0, 0, 0, 2, 0
97066, 2, 0, 0, 0, 2, 0
97067, 1, 0, 0, 0, 1, 0
97069, 1, 0, 0, 0, 1, 0
97070, 1, 0, 0, 0, 1, 0
97071, 1, 0, 0, 0, 1, 0
97073, 1, 0, 0, 0, 1, 0
97074, 2, 1, 1, 0, 2, 0
97075, 1, 0, 0, 0, 1, 0
97076, 1, 0, 0, 0, 1, 0
97077, 1, 0, 0, 0, 1, 0
97078, 1, 0, 0, 0, 1, 0
97079, 0, 1, 1, 0, 0, 0
97080, 1, 0, 0, 0, 1, 0
97081, 1, 0, 0, 0, 1, 0
97082, 0, 1, 1, 0, 0, 0
97083, 3, 1, 1, 0, 2, 1
97086, 0, 1, 1, 0, 0, 0
97087, 1, 0, 0, 0, 1, 0
97088, 1, 0, 0, 0, 1, 0
97091, 1, 0, 0, 0, 1, 0
97093, 1, 0, 0, 0, 1, 0
98032, 0, 1, 1, 0, 0, 0
98070, 0, 1, 1, 0, 0, 0
97095, 3, 1, 1, 0, 3, 0
97096, 1, 0, 0, 0, 1, 0
97097, 1, 0, 0, 0, 0, 1
97098, 0, 1, 0, 1, 0, 0
97101, 1, 0, 0, 0, 0, 1
97102, 0, 1, 0, 1, 0, 0
97107, 0, 1, 1, 0, 0, 0
97108, 1, 0, 0, 0, 1, 0
97109, 0, 1, 1, 0, 0, 0
97110, 1, 0, 0, 0, 1, 0
97113, 1, 0, 0, 0, 1, 0
97114, 1, 0, 0, 0, 1, 0
97115, 1, 0, 0, 0, 1, 0
97117, 1, 0, 0, 0, 1, 0
97118, 1, 0, 0, 0, 1, 0
97119, 2, 0, 0, 0, 2, 0
97122, 1, 0, 0, 0, 1, 0
97125, 1, 0, 0, 0, 1, 0
97126, 1, 0, 0, 0, 1, 0
97127, 1, 0, 0, 0, 1, 0
97128, 1, 0, 0, 0, 1, 0
97129, 1, 0, 0, 0, 1, 0
97130, 0, 1, 1, 0, 0, 0
97131, 1, 0, 0, 0, 1, 0
97132, 1, 0, 0, 0, 1, 0
97135, 1, 0, 0, 0, 1, 0
97136, 0, 1, 1, 0, 0, 0
97137, 1, 0, 0, 0, 1, 0
97138, 1, 0, 0, 0, 1, 0
97139, 1, 0, 0, 0, 1, 0
97140, 1, 0, 0, 0, 1, 0
97141, 0, 1, 1, 0, 0, 0
97143, 1, 0, 0, 0, 1, 0
101411, 0, 1, 1, 0, 0, 0
97145, 1, 0, 0, 0, 1, 0
97147, 1, 0, 0, 0, 1, 0
97148, 1, 0, 0, 0, 1, 0
97149, 1, 0, 0, 0, 1, 0
97150, 1, 0, 0, 0, 1, 0
97151, 1, 0, 0, 0, 1, 0
97153, 1, 0, 0, 0, 1, 0
97154, 1, 1, 1, 0, 1, 0
97580, 0, 2, 2, 0, 0, 0
97156, 1, 0, 0, 0, 1, 0
97162, 0, 1, 0, 1, 0, 0
114649, 0, 1, 0, 1, 0, 0
97159, 1, 0, 0, 0, 0, 1
97160, 1, 0, 0, 0, 1, 0
97161, 1, 0, 0, 0, 0, 1
97163, 1, 0, 0, 0, 1, 0
97165, 1, 0, 0, 0, 1, 0
97168, 1, 0, 0, 0, 1, 0
97170, 1, 0, 0, 0, 1, 0
97171, 0, 1, 1, 0, 0, 0
97174, 1, 0, 0, 0, 1, 0
97970, 1, 1, 1, 0, 1, 0
97177, 1, 0, 0, 0, 1, 0
97178, 1, 0, 0, 0, 1, 0
97180, 1, 0, 0, 0, 1, 0
97182, 1, 0, 0, 0, 0, 1
97183, 1, 0, 0, 0, 1, 0
97194, 2, 0, 0, 0, 2, 0
97196, 1, 0, 0, 0, 1, 0
97197, 2, 0, 0, 0, 2, 0
97198, 1, 0, 0, 0, 1, 0
97199, 1, 0, 0, 0, 1, 0
97200, 2, 1, 1, 0, 2, 0
104677, 0, 2, 2, 0, 0, 0
105732, 2, 1, 1, 0, 2, 0
97207, 1, 0, 0, 0, 1, 0
97210, 1, 0, 0, 0, 1, 0
97212, 1, 0, 0, 0, 1, 0
97215, 1, 0, 0, 0, 1, 0
97216, 0, 1, 1, 0, 0, 0
97218, 1, 0, 0, 0, 1, 0
97219, 0, 1, 1, 0, 0, 0
97221, 2, 0, 0, 0, 2, 0
97222, 1, 0, 0, 0, 1, 0
97225, 2, 0, 0, 0, 2, 0
97226, 2, 0, 0, 0, 1, 1
97228, 4, 0, 0, 0, 4, 0
97229, 2, 0, 0, 0, 2, 0
97230, 1, 0, 0, 0, 1, 0
97231, 1, 0, 0, 0, 1, 0
97232, 1, 0, 0, 0, 1, 0
97234, 2, 0, 0, 0, 2, 0
97235, 1, 0, 0, 0, 0, 1
97236, 1, 0, 0, 0, 0, 1
97237, 1, 0, 0, 0, 1, 0
97240, 1, 0, 0, 0, 1, 0
97241, 0, 1, 1, 0, 0, 0
97243, 1, 0, 0, 0, 1, 0
97247, 1, 0, 0, 0, 1, 0
97253, 1, 0, 0, 0, 1, 0
97255, 1, 0, 0, 0, 1, 0
97256, 6, 0, 0, 0, 4, 2
97258, 1, 0, 0, 0, 1, 0
97259, 1, 0, 0, 0, 1, 0
97260, 1, 0, 0, 0, 1, 0
97262, 1, 0, 0, 0, 1, 0
97263, 1, 0, 0, 0, 1, 0
97264, 1, 0, 0, 0, 1, 0
97265, 1, 0, 0, 0, 1, 0
97266, 1, 0, 0, 0, 1, 0
97268, 1, 0, 0, 0, 1, 0
97269, 1, 1, 1, 0, 1, 0
97270, 1, 0, 0, 0, 1, 0
97271, 5, 3, 3, 0, 5, 0
105938, 15, 1, 1, 0, 7, 8
107269, 0, 1, 1, 0, 0, 0
97272, 1, 0, 0, 0, 1, 0
99428, 0, 1, 1, 0, 0, 0
99529, 0, 1, 1, 0, 0, 0
99783, 0, 1, 1, 0, 0, 0
97274, 1, 0, 0, 0, 1, 0
97278, 1, 0, 0, 0, 1, 0
127783, 1, 2, 1, 1, 1, 0
97280, 1, 0, 0, 0, 0, 1
97281, 1, 0, 0, 0, 1, 0
97282, 1, 0, 0, 0, 1, 0
97283, 1, 0, 0, 0, 1, 0
97284, 1, 0, 0, 0, 1, 0
97285, 1, 0, 0, 0, 1, 0
97286, 7, 0, 0, 0, 7, 0
97287, 0, 1, 1, 0, 0, 0
97289, 1, 0, 0, 0, 1, 0
97290, 1, 0, 0, 0, 1, 0
97292, 1, 0, 0, 0, 1, 0
97293, 0, 3, 3, 0, 0, 0
97294, 1, 0, 0, 0, 1, 0
97295, 4, 0, 0, 0, 2, 2
97296, 0, 1, 0, 1, 0, 0
97297, 1, 0, 0, 0, 0, 1
97298, 1, 0, 0, 0, 1, 0
97299, 1, 0, 0, 0, 0, 1
97300, 1, 0, 0, 0, 1, 0
97303, 2, 0, 0, 0, 1, 1
97304, 1, 0, 0, 0, 1, 0
97306, 1, 0, 0, 0, 1, 0
97308, 1, 0, 0, 0, 1, 0
97310, 1, 0, 0, 0, 1, 0
97311, 0, 2, 1, 1, 0, 0
97312, 1, 1, 1, 0, 0, 1
97313, 2, 0, 0, 0, 2, 0
97314, 0, 1, 1, 0, 0, 0
97316, 1, 0, 0, 0, 1, 0
97317, 0, 1, 1, 0, 0, 0
97318, 1, 0, 0, 0, 1, 0
97319, 1, 0, 0, 0, 1, 0
97320, 1, 0, 0, 0, 1, 0
97322, 5, 0, 0, 0, 4, 1
97323, 1, 0, 0, 0, 1, 0
97324, 1, 1, 1, 0, 0, 1
97326, 2, 0, 0, 0, 2, 0
97328, 1, 0, 0, 0, 1, 0
127572, 1, 1, 1, 0, 1, 0
97331, 1, 0, 0, 0, 1, 0
97332, 1, 0, 0, 0, 1, 0
97333, 1, 0, 0, 0, 0, 1
97334, 2, 2, 2, 0, 2, 0
97339, 0, 1, 1, 0, 0, 0
97347, 0, 1, 1, 0, 0, 0
102047, 0, 1, 1, 0, 0, 0
97337, 5, 0, 0, 0, 5, 0
97340, 2, 0, 0, 0, 1, 1
110192, 1, 1, 1, 0, 1, 0
97342, 1, 1, 1, 0, 1, 0
97344, 1, 0, 0, 0, 1, 0
97346, 1, 0, 0, 0, 1, 0
97348, 1, 0, 0, 0, 1, 0
97349, 1, 0, 0, 0, 1, 0
97350, 2, 0, 0, 0, 2, 0
97351, 1, 0, 0, 0, 1, 0
97352, 1, 0, 0, 0, 1, 0
97354, 1, 0, 0, 0, 1, 0
97355, 3, 0, 0, 0, 3, 0
97361, 1, 0, 0, 0, 1, 0
97363, 6, 1, 1, 0, 6, 0
103123, 1, 1, 1, 0, 1, 0
101546, 1, 1, 1, 0, 1, 0
102607, 2, 1, 1, 0, 2, 0
97368, 1, 0, 0, 0, 1, 0
97369, 0, 2, 2, 0, 0, 0
97371, 1, 0, 0, 0, 1, 0
97372, 0, 1, 1, 0, 0, 0
97373, 1, 0, 0, 0, 1, 0
97374, 0, 1, 1, 0, 0, 0
97375, 1, 0, 0, 0, 1, 0
97376, 2, 1, 1, 0, 1, 1
97377, 1, 0, 0, 0, 1, 0
97378, 1, 0, 0, 0, 1, 0
97379, 1, 0, 0, 0, 1, 0
97380, 1, 0, 0, 0, 1, 0
97381, 1, 0, 0, 0, 0, 1
97382, 1, 0, 0, 0, 1, 0
97383, 1, 0, 0, 0, 1, 0
97384, 2, 0, 0, 0, 2, 0
97386, 1, 0, 0, 0, 1, 0
97388, 1, 0, 0, 0, 1, 0
97389, 2, 0, 0, 0, 0, 2
97390, 1, 0, 0, 0, 1, 0
97393, 1, 0, 0, 0, 1, 0
97395, 1, 0, 0, 0, 1, 0
97396, 1, 0, 0, 0, 1, 0
97398, 4, 0, 0, 0, 4, 0
97399, 1, 0, 0, 0, 1, 0
97400, 1, 0, 0, 0, 1, 0
97401, 0, 1, 1, 0, 0, 0
97404, 1, 0, 0, 0, 1, 0
97405, 1, 0, 0, 0, 1, 0
97406, 1, 0, 0, 0, 1, 0
97411, 1, 0, 0, 0, 1, 0
97414, 1, 0, 0, 0, 1, 0
97415, 1, 0, 0, 0, 1, 0
97419, 1, 0, 0, 0, 1, 0
97421, 1, 0, 0, 0, 1, 0
97422, 0, 1, 1, 0, 0, 0
97423, 1, 0, 0, 0, 1, 0
97425, 1, 0, 0, 0, 1, 0
97426, 0, 1, 1, 0, 0, 0
97427, 1, 0, 0, 0, 1, 0
97428, 1, 0, 0, 0, 1, 0
97429, 1, 0, 0, 0, 0, 1
97430, 3, 0, 0, 0, 3, 0
97433, 5, 3, 3, 0, 5, 0
97625, 2, 2, 2, 0, 2, 0
97435, 1, 0, 0, 0, 1, 0
97436, 0, 1, 1, 0, 0, 0
97441, 2, 0, 0, 0, 0, 2
97442, 1, 0, 0, 0, 1, 0
97444, 1, 0, 0, 0, 1, 0
97445, 2, 0, 0, 0, 2, 0
97446, 1, 0, 0, 0, 1, 0
97447, 1, 0, 0, 0, 1, 0
97448, 2, 1, 0, 1, 1, 1
97451, 1, 0, 0, 0, 1, 0
97452, 1, 0, 0, 0, 1, 0
97454, 1, 0, 0, 0, 1, 0
101771, 5, 1, 1, 0, 4, 1
102659, 1, 1, 1, 0, 1, 0
115897, 0, 1, 1, 0, 0, 0
97459, 1, 0, 0, 0, 1, 0
97460, 1, 1, 1, 0, 1, 0
97462, 1, 0, 0, 0, 1, 0
97463, 1, 0, 0, 0, 1, 0
97464, 1, 2, 2, 0, 0, 1
97465, 1, 0, 0, 0, 1, 0
97467, 1, 0, 0, 0, 1, 0
97468, 1, 0, 0, 0, 1, 0
97471, 1, 0, 0, 0, 1, 0
97472, 1, 0, 0, 0, 1, 0
97794, 0, 1, 1, 0, 0, 0
97478, 1, 0, 0, 0, 1, 0
97479, 2, 0, 0, 0, 2, 0
97480, 1, 0, 0, 0, 1, 0
97482, 2, 0, 0, 0, 2, 0
97483, 1, 0, 0, 0, 1, 0
97484, 1, 0, 0, 0, 1, 0
97485, 0, 1, 1, 0, 0, 0
115486, 1, 1, 1, 0, 1, 0
97488, 2, 0, 0, 0, 2, 0
97490, 1, 0, 0, 0, 1, 0
97492, 1, 0, 0, 0, 1, 0
97493, 4, 0, 0, 0, 4, 0
97496, 0, 1, 0, 1, 0, 0
97497, 1, 0, 0, 0, 1, 0
97499, 1, 2, 2, 0, 1, 0
97500, 1, 0, 0, 0, 1, 0
97501, 2, 0, 0, 0, 2, 0
97502, 1, 0, 0, 0, 1, 0
97503, 1, 0, 0, 0, 1, 0
97504, 0, 1, 1, 0, 0, 0
97505, 2, 0, 0, 0, 2, 0
97506, 1, 0, 0, 0, 1, 0
97507, 1, 0, 0, 0, 1, 0
97508, 2, 0, 0, 0, 2, 0
97509, 2, 0, 0, 0, 1, 1
97510, 0, 1, 0, 1, 0, 0
97511, 1, 0, 0, 0, 1, 0
97512, 3, 1, 1, 0, 3, 0
97513, 1, 0, 0, 0, 0, 1
97514, 0, 1, 0, 1, 0, 0
97515, 1, 0, 0, 0, 1, 0
97517, 1, 0, 0, 0, 1, 0
97518, 0, 2, 2, 0, 0, 0
97519, 1, 0, 0, 0, 1, 0
97520, 0, 1, 1, 0, 0, 0
97522, 1, 0, 0, 0, 0, 1
97523, 2, 0, 0, 0, 2, 0
97524, 1, 0, 0, 0, 1, 0
97526, 1, 0, 0, 0, 1, 0
97527, 1, 1, 1, 0, 1, 0
97529, 2, 0, 0, 0, 1, 1
97530, 1, 0, 0, 0, 1, 0
99797, 1, 1, 1, 0, 1, 0
100263, 6, 1, 1, 0, 6, 0
97542, 1, 0, 0, 0, 1, 0
97543, 4, 0, 0, 0, 4, 0
97548, 1, 0, 0, 0, 1, 0
97549, 0, 1, 1, 0, 0, 0
97551, 1, 0, 0, 0, 1, 0
97552, 1, 0, 0, 0, 1, 0
97553, 1, 0, 0, 0, 1, 0
109034, 1, 1, 1, 0, 0, 1
97575, 1, 0, 0, 0, 1, 0
97576, 1, 0, 0, 0, 1, 0
97577, 1, 0, 0, 0, 0, 1
97578, 1, 0, 0, 0, 1, 0
97583, 1, 0, 0, 0, 1, 0
97585, 1, 0, 0, 0, 1, 0
97586, 1, 0, 0, 0, 0, 1
97587, 3, 0, 0, 0, 3, 0
97591, 3, 0, 0, 0, 3, 0
97592, 1, 0, 0, 0, 1, 0
97593, 1, 0, 0, 0, 1, 0
97594, 1, 0, 0, 0, 1, 0
97595, 1, 0, 0, 0, 1, 0
97596, 1, 0, 0, 0, 1, 0
97597, 6, 0, 0, 0, 4, 2
114484, 0, 1, 1, 0, 0, 0
116084, 0, 1, 1, 0, 0, 0
116359, 0, 1, 1, 0, 0, 0
97598, 1, 0, 0, 0, 1, 0
97600, 1, 0, 0, 0, 1, 0
97601, 0, 1, 1, 0, 0, 0
97602, 1, 0, 0, 0, 1, 0
97603, 1, 0, 0, 0, 1, 0
97604, 1, 0, 0, 0, 1, 0
97605, 1, 0, 0, 0, 1, 0
97608, 4, 0, 0, 0, 4, 0
97609, 0, 1, 1, 0, 0, 0
97610, 1, 0, 0, 0, 0, 1
97611, 1, 1, 1, 0, 1, 0
111780, 1, 1, 1, 0, 1, 0
97613, 1, 0, 0, 0, 1, 0
97615, 1, 0, 0, 0, 1, 0
97616, 2, 0, 0, 0, 1, 1
97617, 0, 1, 1, 0, 0, 0
97618, 1, 0, 0, 0, 1, 0
97620, 1, 0, 0, 0, 1, 0
97621, 0, 1, 1, 0, 0, 0
97622, 4, 0, 0, 0, 4, 0
99235, 0, 1, 1, 0, 0, 0
99236, 0, 1, 1, 0, 0, 0
99237, 0, 1, 1, 0, 0, 0
99238, 0, 1, 1, 0, 0, 0
99239, 0, 1, 1, 0, 0, 0
99240, 0, 1, 1, 0, 0, 0
99241, 0, 1, 1, 0, 0, 0
97624, 4, 0, 0, 0, 4, 0
97626, 1, 0, 0, 0, 1, 0
97627, 1, 0, 0, 0, 1, 0
97628, 1, 0, 0, 0, 1, 0
98263, 0, 1, 0, 1, 0, 0
97632, 1, 0, 0, 0, 1, 0
97634, 4, 0, 0, 0, 4, 0
97635, 0, 1, 1, 0, 0, 0
97636, 1, 0, 0, 0, 1, 0
97637, 3, 0, 0, 0, 3, 0
97638, 2, 0, 0, 0, 2, 0
97639, 1, 0, 0, 0, 1, 0
97642, 1, 0, 0, 0, 1, 0
97644, 2, 0, 0, 0, 2, 0
97645, 1, 0, 0, 0, 1, 0
97647, 1, 0, 0, 0, 1, 0
107169, 0, 1, 1, 0, 0, 0
97649, 1, 0, 0, 0, 1, 0
97651, 1, 0, 0, 0, 1, 0
97652, 2, 0, 0, 0, 2, 0
97653, 1, 1, 1, 0, 1, 0
97655, 1, 0, 0, 0, 1, 0
97656, 0, 1, 1, 0, 0, 0
97657, 1, 0, 0, 0, 1, 0
97658, 1, 0, 0, 0, 1, 0
97659, 1, 1, 1, 0, 1, 0
97660, 1, 1, 1, 0, 1, 0
97662, 1, 0, 0, 0, 1, 0
107453, 1, 1, 0, 1, 0, 1
110269, 1, 3, 2, 1, 1, 0
110332, 0, 1, 1, 0, 0, 0
110531, 2, 1, 1, 0, 2, 0
97669, 1, 0, 0, 0, 1, 0
108905, 0, 1, 1, 0, 0, 0
108830, 0, 1, 1, 0, 0, 0
97674, 1, 0, 0, 0, 1, 0
97675, 0, 1, 1, 0, 0, 0
97676, 1, 0, 0, 0, 1, 0
97677, 1, 0, 0, 0, 1, 0
97679, 1, 0, 0, 0, 0, 1
97680, 3, 0, 0, 0, 3, 0
97681, 0, 1, 1, 0, 0, 0
97683, 0, 1, 1, 0, 0, 0
97682, 1, 0, 0, 0, 1, 0
97686, 1, 0, 0, 0, 0, 1
97687, 1, 2, 0, 2, 1, 0
97688, 1, 0, 0, 0, 1, 0
97689, 2, 0, 0, 0, 2, 0
97692, 1, 0, 0, 0, 1, 0
97694, 2, 0, 0, 0, 2, 0
97695, 1, 0, 0, 0, 1, 0
97712, 5, 4, 4, 0, 5, 0
98131, 3, 3, 3, 0, 3, 0
98135, 3, 3, 3, 0, 3, 0
97698, 1, 0, 0, 0, 1, 0
97699, 2, 0, 0, 0, 1, 1
117138, 0, 2, 1, 1, 0, 0
97701, 1, 0, 0, 0, 1, 0
97702, 1, 0, 0, 0, 1, 0
97704, 3, 0, 0, 0, 3, 0
99691, 0, 1, 1, 0, 0, 0
97705, 1, 0, 0, 0, 1, 0
97708, 1, 0, 0, 0, 1, 0
97710, 1, 0, 0, 0, 0, 1
97711, 1, 0, 0, 0, 1, 0
97713, 1, 0, 0, 0, 1, 0
97714, 1, 0, 0, 0, 1, 0
97715, 1, 0, 0, 0, 1, 0
97716, 0, 1, 1, 0, 0, 0
97717, 1, 0, 0, 0, 1, 0
97718, 1, 1, 1, 0, 0, 1
97719, 1, 0, 0, 0, 1, 0
97720, 1, 0, 0, 0, 1, 0
97725, 3, 0, 0, 0, 3, 0
97726, 1, 0, 0, 0, 1, 0
97729, 1, 0, 0, 0, 1, 0
97730, 1, 0, 0, 0, 1, 0
97731, 1, 0, 0, 0, 1, 0
97732, 1, 0, 0, 0, 1, 0
97733, 2, 1, 1, 0, 1, 1
97735, 1, 0, 0, 0, 1, 0
97736, 0, 1, 1, 0, 0, 0
97737, 1, 0, 0, 0, 1, 0
97738, 1, 0, 0, 0, 1, 0
97739, 1, 0, 0, 0, 1, 0
97741, 1, 0, 0, 0, 1, 0
97742, 1, 0, 0, 0, 1, 0
97743, 0, 2, 2, 0, 0, 0
97746, 1, 0, 0, 0, 1, 0
97747, 0, 1, 1, 0, 0, 0
97748, 1, 0, 0, 0, 1, 0
97749, 2, 0, 0, 0, 2, 0
97752, 1, 0, 0, 0, 1, 0
97755, 3, 0, 0, 0, 3, 0
105329, 0, 2, 2, 0, 0, 0
97757, 1, 0, 0, 0, 1, 0
97758, 0, 1, 1, 0, 0, 0
97762, 1, 0, 0, 0, 1, 0
97763, 2, 0, 0, 0, 2, 0
97764, 1, 0, 0, 0, 1, 0
97766, 2, 0, 0, 0, 2, 0
97767, 1, 0, 0, 0, 1, 0
97768, 1, 0, 0, 0, 0, 1
97771, 1, 0, 0, 0, 1, 0
97772, 1, 0, 0, 0, 1, 0
97773, 1, 0, 0, 0, 1, 0
97774, 1, 0, 0, 0, 1, 0
97775, 1, 0, 0, 0, 1, 0
97776, 2, 0, 0, 0, 2, 0
97778, 1, 0, 0, 0, 1, 0
97782, 1, 0, 0, 0, 1, 0
97788, 4, 0, 0, 0, 1, 3
97789, 1, 0, 0, 0, 1, 0
97790, 2, 0, 0, 0, 0, 2
97791, 1, 0, 0, 0, 1, 0
97792, 1, 0, 0, 0, 1, 0
97796, 1, 0, 0, 0, 1, 0
97797, 1, 0, 0, 0, 1, 0
97801, 1, 0, 0, 0, 1, 0
97802, 1, 0, 0, 0, 1, 0
97803, 61, 0, 0, 0, 11, 50
97804, 0, 1, 0, 1, 0, 0
97843, 0, 1, 1, 0, 0, 0
99712, 0, 1, 0, 1, 0, 0
99855, 1, 1, 1, 0, 1, 0
125927, 0, 1, 1, 0, 0, 0
97810, 1, 0, 0, 0, 1, 0
97811, 2, 0, 0, 0, 2, 0
97815, 1, 1, 1, 0, 1, 0
97816, 4, 1, 1, 0, 4, 0
97817, 1, 0, 0, 0, 1, 0
97818, 0, 1, 1, 0, 0, 0
97819, 1, 0, 0, 0, 1, 0
97820, 2, 0, 0, 0, 2, 0
97821, 1, 0, 0, 0, 1, 0
97822, 5, 0, 0, 0, 5, 0
97823, 1, 0, 0, 0, 1, 0
97825, 1, 0, 0, 0, 1, 0
97827, 1, 0, 0, 0, 1, 0
97829, 1, 0, 0, 0, 1, 0
97830, 1, 0, 0, 0, 1, 0
97831, 2, 0, 0, 0, 2, 0
97833, 4, 4, 4, 0, 4, 0
99178, 2, 1, 1, 0, 2, 0
97834, 3, 0, 0, 0, 2, 1
97835, 1, 0, 0, 0, 1, 0
97836, 1, 0, 0, 0, 1, 0
97837, 1, 0, 0, 0, 1, 0
97838, 1, 0, 0, 0, 1, 0
97841, 1, 0, 0, 0, 1, 0
117060, 0, 2, 0, 2, 0, 0
117203, 0, 1, 0, 1, 0, 0
97844, 2, 0, 0, 0, 2, 0
97845, 1, 0, 0, 0, 1, 0
97848, 1, 3, 3, 0, 1, 0
98151, 0, 3, 3, 0, 0, 0
97850, 3, 0, 0, 0, 3, 0
97852, 1, 0, 0, 0, 1, 0
97853, 1, 0, 0, 0, 1, 0
97854, 1, 0, 0, 0, 1, 0
111191, 0, 1, 1, 0, 0, 0
97857, 1, 0, 0, 0, 1, 0
98944, 0, 1, 1, 0, 0, 0
100522, 2, 2, 2, 0, 2, 0
117122, 0, 1, 1, 0, 0, 0
97860, 1, 1, 1, 0, 1, 0
97861, 1, 0, 0, 0, 0, 1
97863, 1, 0, 0, 0, 1, 0
97864, 2, 0, 0, 0, 2, 0
97870, 1, 1, 1, 0, 1, 0
97872, 1, 0, 0, 0, 1, 0
97873, 1, 0, 0, 0, 0, 1
97874, 0, 1, 0, 1, 0, 0
97875, 2, 0, 0, 0, 2, 0
97876, 1, 0, 0, 0, 0, 1
97877, 1, 0, 0, 0, 1, 0
97878, 1, 0, 0, 0, 0, 1
97879, 2, 0, 0, 0, 1, 1
97880, 2, 0, 0, 0, 2, 0
97882, 0, 1, 1, 0, 0, 0
97881, 1, 0, 0, 0, 1, 0
97888, 1, 0, 0, 0, 1, 0
97891, 1, 0, 0, 0, 1, 0
97892, 1, 0, 0, 0, 1, 0
97893, 1, 0, 0, 0, 1, 0
97894, 1, 0, 0, 0, 1, 0
97898, 2, 0, 0, 0, 2, 0
97899, 0, 2, 2, 0, 0, 0
97900, 0, 1, 1, 0, 0, 0
97901, 1, 0, 0, 0, 1, 0
97904, 2, 1, 1, 0, 2, 0
97905, 1, 0, 0, 0, 1, 0
97906, 0, 1, 1, 0, 0, 0
97907, 1, 0, 0, 0, 1, 0
97908, 1, 0, 0, 0, 1, 0
97909, 1, 0, 0, 0, 1, 0
97910, 0, 1, 1, 0, 0, 0
97911, 1, 0, 0, 0, 1, 0
97912, 2, 0, 0, 0, 2, 0
97914, 1, 0, 0, 0, 1, 0
122672, 0, 2, 2, 0, 0, 0
122673, 0, 1, 1, 0, 0, 0
97916, 1, 0, 0, 0, 1, 0
97917, 1, 0, 0, 0, 1, 0
97918, 1, 0, 0, 0, 1, 0
97920, 2, 0, 0, 0, 2, 0
97921, 3, 3, 3, 0, 3, 0
97922, 1, 0, 0, 0, 1, 0
97929, 1, 0, 0, 0, 1, 0
97930, 0, 2, 2, 0, 0, 0
97932, 1, 0, 0, 0, 1, 0
97933, 1, 0, 0, 0, 1, 0
97935, 1, 0, 0, 0, 1, 0
97936, 1, 0, 0, 0, 1, 0
97939, 1, 0, 0, 0, 1, 0
97940, 1, 1, 1, 0, 1, 0
97942, 1, 0, 0, 0, 1, 0
97943, 1, 0, 0, 0, 0, 1
97944, 1, 0, 0, 0, 1, 0
97945, 0, 1, 1, 0, 0, 0
97947, 2, 1, 1, 0, 1, 1
97949, 1, 0, 0, 0, 1, 0
97950, 0, 1, 1, 0, 0, 0
97951, 1, 0, 0, 0, 0, 1
97952, 4, 0, 0, 0, 4, 0
97954, 1, 0, 0, 0, 0, 1
97955, 1, 0, 0, 0, 1, 0
97956, 0, 1, 1, 0, 0, 0
97958, 1, 0, 0, 0, 1, 0
97959, 1, 3, 3, 0, 1, 0
97960, 1, 0, 0, 0, 0, 1
97961, 1, 0, 0, 0, 1, 0
97962, 1, 0, 0, 0, 1, 0
100986, 3, 1, 1, 0, 3, 0
97968, 1, 0, 0, 0, 1, 0
97969, 1, 0, 0, 0, 0, 1
97972, 1, 0, 0, 0, 1, 0
97973, 1, 0, 0, 0, 1, 0
97975, 1, 0, 0, 0, 1, 0
97977, 1, 0, 0, 0, 1, 0
97978, 1, 0, 0, 0, 1, 0
97979, 1, 0, 0, 0, 1, 0
97980, 1, 0, 0, 0, 1, 0
97981, 1, 0, 0, 0, 1, 0
97982, 0, 1, 1, 0, 0, 0
97984, 1, 0, 0, 0, 1, 0
97987, 1, 0, 0, 0, 1, 0
97988, 1, 0, 0, 0, 1, 0
97989, 2, 0, 0, 0, 2, 0
97990, 3, 0, 0, 0, 3, 0
97992, 1, 0, 0, 0, 1, 0
97993, 1, 0, 0, 0, 1, 0
97994, 1, 0, 0, 0, 1, 0
97996, 3, 0, 0, 0, 3, 0
97997, 1, 0, 0, 0, 0, 1
97998, 1, 0, 0, 0, 1, 0
98001, 4, 0, 0, 0, 4, 0
98002, 1, 0, 0, 0, 1, 0
98003, 0, 1, 1, 0, 0, 0
98005, 1, 0, 0, 0, 1, 0
98006, 1, 0, 0, 0, 1, 0
98009, 1, 0, 0, 0, 1, 0
98011, 1, 0, 0, 0, 1, 0
98012, 1, 0, 0, 0, 1, 0
98015, 1, 0, 0, 0, 1, 0
98016, 2, 0, 0, 0, 2, 0
98017, 1, 0, 0, 0, 1, 0
98018, 1, 0, 0, 0, 1, 0
98022, 1, 0, 0, 0, 1, 0
98023, 1, 0, 0, 0, 1, 0
114592, 0, 1, 1, 0, 0, 0
98025, 1, 0, 0, 0, 1, 0
98027, 1, 0, 0, 0, 1, 0
98028, 2, 0, 0, 0, 1, 1
98029, 2, 0, 0, 0, 2, 0
98030, 1, 0, 0, 0, 1, 0
98031, 1, 0, 0, 0, 1, 0
98033, 1, 0, 0, 0, 1, 0
98034, 1, 0, 0, 0, 1, 0
98036, 1, 0, 0, 0, 1, 0
98038, 3, 2, 2, 0, 3, 0
98860, 2, 2, 2, 0, 2, 0
98040, 1, 0, 0, 0, 1, 0
98041, 0, 1, 1, 0, 0, 0
98042, 1, 0, 0, 0, 1, 0
98044, 1, 0, 0, 0, 1, 0
98046, 1, 0, 0, 0, 1, 0
98047, 0, 1, 1, 0, 0, 0
98049, 2, 0, 0, 0, 2, 0
98050, 1, 0, 0, 0, 1, 0
98051, 1, 0, 0, 0, 1, 0
98052, 3, 0, 0, 0, 3, 0
98053, 1, 0, 0, 0, 1, 0
98054, 1, 2, 2, 0, 1, 0
98055, 1, 0, 0, 0, 1, 0
98056, 1, 0, 0, 0, 1, 0
106905, 1, 3, 3, 0, 1, 0
107998, 1, 2, 1, 1, 1, 0
98058, 1, 0, 0, 0, 1, 0
98060, 1, 0, 0, 0, 1, 0
98061, 1, 0, 0, 0, 1, 0
98062, 1, 0, 0, 0, 1, 0
98063, 1, 0, 0, 0, 1, 0
98064, 0, 2, 2, 0, 0, 0
98065, 1, 0, 0, 0, 1, 0
98069, 1, 0, 0, 0, 1, 0
98072, 6, 1, 1, 0, 6, 0
98076, 0, 1, 1, 0, 0, 0
98077, 1, 0, 0, 0, 1, 0
98078, 2, 0, 0, 0, 2, 0
98079, 1, 0, 0, 0, 1, 0
98080, 0, 1, 1, 0, 0, 0
98081, 3, 0, 0, 0, 3, 0
104083, 1, 1, 1, 0, 1, 0
98083, 1, 0, 0, 0, 1, 0
98084, 1, 0, 0, 0, 1, 0
98085, 1, 0, 0, 0, 1, 0
98086, 14, 1, 1, 0, 14, 0
105638, 0, 1, 1, 0, 0, 0
98087, 1, 0, 0, 0, 1, 0
98088, 6, 0, 0, 0, 6, 0
99811, 1, 2, 2, 0, 1, 0
98089, 3, 0, 0, 0, 3, 0
98090, 0, 1, 1, 0, 0, 0
98092, 1, 0, 0, 0, 1, 0
98093, 1, 0, 0, 0, 1, 0
98801, 0, 2, 1, 1, 0, 0
98096, 1, 0, 0, 0, 1, 0
98097, 1, 0, 0, 0, 1, 0
98098, 1, 0, 0, 0, 1, 0
98099, 1, 0, 0, 0, 1, 0
98101, 2, 0, 0, 0, 2, 0
98102, 1, 0, 0, 0, 1, 0
98103, 0, 2, 2, 0, 0, 0
98104, 1, 0, 0, 0, 1, 0
98108, 1, 0, 0, 0, 1, 0
98109, 1, 0, 0, 0, 1, 0
98110, 1, 0, 0, 0, 1, 0
98111, 1, 0, 0, 0, 1, 0
98112, 1, 0, 0, 0, 1, 0
98114, 1, 0, 0, 0, 1, 0
98115, 0, 1, 1, 0, 0, 0
98116, 3, 0, 0, 0, 3, 0
98117, 2, 0, 0, 0, 2, 0
98118, 1, 0, 0, 0, 1, 0
98119, 0, 1, 1, 0, 0, 0
98120, 3, 0, 0, 0, 3, 0
98121, 2, 0, 0, 0, 2, 0
98122, 1, 0, 0, 0, 1, 0
98123, 1, 0, 0, 0, 1, 0
98124, 1, 0, 0, 0, 0, 1
98125, 1, 0, 0, 0, 1, 0
98126, 1, 0, 0, 0, 1, 0
98128, 1, 0, 0, 0, 1, 0
98134, 1, 0, 0, 0, 1, 0
98136, 2, 0, 0, 0, 2, 0
98138, 2, 0, 0, 0, 2, 0
98140, 1, 0, 0, 0, 1, 0
98141, 3, 0, 0, 0, 3, 0
98176, 0, 1, 1, 0, 0, 0
98143, 1, 0, 0, 0, 1, 0
98144, 1, 0, 0, 0, 0, 1
98145, 1, 0, 0, 0, 1, 0
98146, 1, 0, 0, 0, 0, 1
98147, 3, 0, 0, 0, 3, 0
98148, 1, 0, 0, 0, 1, 0
98154, 1, 0, 0, 0, 1, 0
98155, 5, 0, 0, 0, 3, 2
98156, 1, 0, 0, 0, 1, 0
98159, 1, 0, 0, 0, 1, 0
98161, 1, 0, 0, 0, 1, 0
98162, 1, 0, 0, 0, 1, 0
98167, 2, 0, 0, 0, 1, 1
98169, 2, 0, 0, 0, 2, 0
99044, 0, 1, 1, 0, 0, 0
99057, 1, 1, 1, 0, 1, 0
98171, 1, 0, 0, 0, 1, 0
98172, 1, 0, 0, 0, 1, 0
98173, 0, 2, 2, 0, 0, 0
98178, 1, 1, 1, 0, 1, 0
98179, 1, 1, 1, 0, 1, 0
98180, 1, 1, 1, 0, 1, 0
98181, 1, 0, 0, 0, 1, 0
98183, 1, 0, 0, 0, 1, 0
98184, 1, 0, 0, 0, 0, 1
98185, 1, 0, 0, 0, 0, 1
98186, 1, 0, 0, 0, 1, 0
98187, 1, 0, 0, 0, 1, 0
98188, 1, 0, 0, 0, 1, 0
98189, 6, 0, 0, 0, 6, 0
98191, 1, 0, 0, 0, 1, 0
98192, 1, 0, 0, 0, 0, 1
98193, 1, 0, 0, 0, 1, 0
98194, 1, 1, 1, 0, 1, 0
98196, 1, 0, 0, 0, 1, 0
98197, 1, 0, 0, 0, 1, 0
98198, 2, 0, 0, 0, 2, 0
98199, 1, 0, 0, 0, 1, 0
98200, 1, 0, 0, 0, 1, 0
98201, 1, 0, 0, 0, 1, 0
98202, 1, 0, 0, 0, 1, 0
98205, 1, 0, 0, 0, 1, 0
98207, 1, 0, 0, 0, 1, 0
98208, 1, 0, 0, 0, 1, 0
98210, 1, 0, 0, 0, 1, 0
107135, 0, 1, 0, 1, 0, 0
98216, 5, 1, 0, 1, 5, 0
98217, 0, 1, 1, 0, 0, 0
98218, 1, 0, 0, 0, 1, 0
98219, 0, 1, 1, 0, 0, 0
98220, 2, 0, 0, 0, 2, 0
98222, 1, 0, 0, 0, 1, 0
98225, 1, 0, 0, 0, 0, 1
98226, 0, 1, 0, 1, 0, 0
98228, 1, 0, 0, 0, 1, 0
98229, 3, 1, 1, 0, 1, 2
115123, 1, 1, 1, 0, 1, 0
98230, 2, 0, 0, 0, 1, 1
98435, 0, 1, 0, 1, 0, 0
98232, 1, 0, 0, 0, 1, 0
98233, 2, 0, 0, 0, 1, 1
98234, 2, 0, 0, 0, 1, 1
98235, 0, 1, 1, 0, 0, 0
98237, 1, 0, 0, 0, 1, 0
98241, 3, 0, 0, 0, 2, 1
117488, 2, 2, 2, 0, 2, 0
98243, 1, 0, 0, 0, 1, 0
98244, 1, 0, 0, 0, 1, 0
98245, 0, 1, 1, 0, 0, 0
98246, 1, 0, 0, 0, 1, 0
98247, 1, 0, 0, 0, 1, 0
98248, 0, 1, 1, 0, 0, 0
98250, 1, 0, 0, 0, 1, 0
98251, 1, 0, 0, 0, 1, 0
98252, 1, 0, 0, 0, 1, 0
108494, 0, 1, 1, 0, 0, 0
98255, 1, 0, 0, 0, 1, 0
98256, 1, 3, 3, 0, 1, 0
98259, 16, 0, 0, 0, 16, 0
100377, 0, 2, 2, 0, 0, 0
117994, 0, 3, 3, 0, 0, 0
122839, 0, 2, 2, 0, 0, 0
124967, 0, 2, 2, 0, 0, 0
98260, 1, 0, 0, 0, 1, 0
98261, 1, 0, 0, 0, 1, 0
98264, 1, 0, 0, 0, 1, 0
98265, 0, 1, 1, 0, 0, 0
98266, 1, 0, 0, 0, 1, 0
98269, 1, 0, 0, 0, 1, 0
98270, 2, 0, 0, 0, 2, 0
98272, 5, 0, 0, 0, 5, 0
98273, 1, 0, 0, 0, 1, 0
98275, 1, 0, 0, 0, 1, 0
98276, 1, 0, 0, 0, 1, 0
98277, 1, 0, 0, 0, 1, 0
98279, 3, 1, 1, 0, 3, 0
98605, 0, 1, 1, 0, 0, 0
115104, 0, 2, 2, 0, 0, 0
98282, 1, 0, 0, 0, 1, 0
98283, 1, 0, 0, 0, 1, 0
98286, 0, 1, 1, 0, 0, 0
98285, 1, 0, 0, 0, 1, 0
98287, 2, 0, 0, 0, 2, 0
98288, 1, 0, 0, 0, 1, 0
98290, 1, 0, 0, 0, 1, 0
98291, 0, 1, 1, 0, 0, 0
98292, 3, 0, 0, 0, 3, 0
98293, 1, 0, 0, 0, 1, 0
98294, 1, 0, 0, 0, 1, 0
98295, 2, 1, 1, 0, 2, 0
98296, 1, 1, 1, 0, 1, 0
98300, 1, 0, 0, 0, 1, 0
98302, 1, 0, 0, 0, 1, 0
98303, 1, 0, 0, 0, 1, 0
98304, 1, 4, 4, 0, 1, 0
98305, 1, 0, 0, 0, 1, 0
98306, 6, 2, 2, 0, 6, 0
98307, 1, 0, 0, 0, 1, 0
98310, 1, 0, 0, 0, 1, 0
98311, 2, 0, 0, 0, 0, 2
98313, 1, 0, 0, 0, 0, 1
98315, 4, 0, 0, 0, 4, 0
98316, 1, 0, 0, 0, 1, 0
98317, 1, 0, 0, 0, 1, 0
98318, 0, 1, 1, 0, 0, 0
98319, 1, 0, 0, 0, 1, 0
98320, 4, 0, 0, 0, 3, 1
98321, 1, 0, 0, 0, 1, 0
98322, 1, 0, 0, 0, 1, 0
98324, 2, 0, 0, 0, 2, 0
98325, 1, 0, 0, 0, 1, 0
98326, 1, 0, 0, 0, 1, 0
98327, 1, 0, 0, 0, 1, 0
98330, 1, 1, 1, 0, 1, 0
98331, 1, 0, 0, 0, 1, 0
99189, 0, 1, 1, 0, 0, 0
114113, 1, 1, 1, 0, 1, 0
98335, 1, 0, 0, 0, 1, 0
98338, 1, 0, 0, 0, 1, 0
98341, 1, 0, 0, 0, 1, 0
98342, 0, 1, 1, 0, 0, 0
98343, 1, 0, 0, 0, 1, 0
98344, 10, 1, 1, 0, 10, 0
98345, 4, 0, 0, 0, 4, 0
98346, 1, 0, 0, 0, 1, 0
98347, 5, 0, 0, 0, 5, 0
98349, 1, 0, 0, 0, 1, 0
98350, 2, 0, 0, 0, 2, 0
98352, 1, 0, 0, 0, 1, 0
98353, 3, 0, 0, 0, 1, 2
98356, 4, 1, 1, 0, 4, 0
100142, 0, 1, 1, 0, 0, 0
98358, 1, 2, 2, 0, 1, 0
98359, 1, 1, 1, 0, 1, 0
98360, 1, 0, 0, 0, 1, 0
98361, 0, 2, 2, 0, 0, 0
98362, 1, 0, 0, 0, 1, 0
98363, 2, 0, 0, 0, 1, 1
98364, 1, 0, 0, 0, 1, 0
98365, 0, 1, 1, 0, 0, 0
98366, 1, 0, 0, 0, 1, 0
98367, 1, 0, 0, 0, 1, 0
98368, 1, 0, 0, 0, 1, 0
98369, 2, 0, 0, 0, 2, 0
98370, 2, 0, 0, 0, 1, 1
98372, 2, 0, 0, 0, 2, 0
128629, 0, 1, 1, 0, 0, 0
98373, 1, 0, 0, 0, 0, 1
98374, 1, 0, 0, 0, 1, 0
98375, 1, 0, 0, 0, 1, 0
98376, 1, 0, 0, 0, 1, 0
98377, 1, 0, 0, 0, 1, 0
98378, 1, 0, 0, 0, 0, 1
98380, 1, 0, 0, 0, 1, 0
98381, 0, 1, 1, 0, 0, 0
98382, 2, 0, 0, 0, 2, 0
98384, 1, 0, 0, 0, 1, 0
98385, 1, 0, 0, 0, 1, 0
98386, 1, 0, 0, 0, 1, 0
98387, 1, 0, 0, 0, 1, 0
98388, 1, 0, 0, 0, 1, 0
98391, 2, 0, 0, 0, 2, 0
98392, 1, 1, 1, 0, 1, 0
98394, 2, 0, 0, 0, 2, 0
98396, 1, 0, 0, 0, 1, 0
98398, 4, 0, 0, 0, 4, 0
98400, 1, 0, 0, 0, 1, 0
98401, 2, 0, 0, 0, 2, 0
98402, 2, 0, 0, 0, 2, 0
98403, 1, 0, 0, 0, 1, 0
98406, 1, 0, 0, 0, 0, 1
98409, 1, 0, 0, 0, 0, 1
98410, 0, 1, 0, 1, 0, 0
98411, 1, 0, 0, 0, 1, 0
98412, 1, 0, 0, 0, 1, 0
101834, 0, 1, 1, 0, 0, 0
98414, 1, 0, 0, 0, 1, 0
98415, 4, 2, 1, 1, 4, 0
98416, 1, 0, 0, 0, 1, 0
98418, 1, 1, 1, 0, 1, 0
98419, 1, 0, 0, 0, 1, 0
98420, 1, 0, 0, 0, 1, 0
98421, 0, 1, 1, 0, 0, 0
98422, 1, 0, 0, 0, 1, 0
98423, 2, 0, 0, 0, 2, 0
98424, 1, 0, 0, 0, 1, 0
98425, 1, 1, 1, 0, 1, 0
98426, 1, 0, 0, 0, 1, 0
98427, 0, 1, 1, 0, 0, 0
98428, 1, 0, 0, 0, 0, 1
122447, 0, 1, 1, 0, 0, 0
98430, 1, 0, 0, 0, 1, 0
98431, 1, 0, 0, 0, 1, 0
98432, 1, 0, 0, 0, 1, 0
98433, 1, 0, 0, 0, 1, 0
98434, 2, 0, 0, 0, 2, 0
98438, 1, 0, 0, 0, 1, 0
98439, 1, 0, 0, 0, 1, 0
98440, 0, 1, 1, 0, 0, 0
98442, 3, 0, 0, 0, 3, 0
98443, 1, 0, 0, 0, 1, 0
98444, 2, 0, 0, 0, 0, 2
98445, 1, 0, 0, 0, 1, 0
98446, 1, 0, 0, 0, 0, 1
98447, 1, 0, 0, 0, 1, 0
98448, 0, 1, 1, 0, 0, 0
98449, 1, 0, 0, 0, 1, 0
98799, 2, 1, 1, 0, 2, 0
98453, 1, 0, 0, 0, 1, 0
98454, 2, 0, 0, 0, 2, 0
98455, 4, 0, 0, 0, 3, 1
98459, 1, 0, 0, 0, 1, 0
98461, 1, 0, 0, 0, 1, 0
98462, 1, 0, 0, 0, 1, 0
98463, 1, 0, 0, 0, 0, 1
98464, 1, 0, 0, 0, 1, 0
98465, 1, 0, 0, 0, 1, 0
98466, 1, 0, 0, 0, 1, 0
98468, 3, 0, 0, 0, 2, 1
98473, 1, 0, 0, 0, 1, 0
107104, 0, 1, 0, 1, 0, 0
98475, 1, 0, 0, 0, 1, 0
98476, 3, 0, 0, 0, 3, 0
98483, 2, 1, 1, 0, 2, 0
98484, 1, 0, 0, 0, 0, 1
98485, 0, 1, 0, 1, 0, 0
98486, 1, 0, 0, 0, 1, 0
98487, 1, 0, 0, 0, 1, 0
98488, 1, 0, 0, 0, 1, 0
98489, 0, 1, 1, 0, 0, 0
98492, 4, 0, 0, 0, 4, 0
98493, 1, 0, 0, 0, 1, 0
98494, 1, 0, 0, 0, 1, 0
98495, 1, 0, 0, 0, 1, 0
98496, 2, 0, 0, 0, 2, 0
98497, 1, 0, 0, 0, 1, 0
98498, 1, 0, 0, 0, 1, 0
98500, 1, 2, 2, 0, 1, 0
98501, 1, 0, 0, 0, 1, 0
98502, 1, 0, 0, 0, 1, 0
98505, 2, 0, 0, 0, 2, 0
98506, 1, 0, 0, 0, 1, 0
98507, 1, 0, 0, 0, 1, 0
98511, 4, 1, 1, 0, 4, 0
98513, 1, 0, 0, 0, 1, 0
98514, 0, 1, 1, 0, 0, 0
98515, 1, 0, 0, 0, 1, 0
98516, 1, 0, 0, 0, 0, 1
98517, 1, 0, 0, 0, 1, 0
98519, 0, 1, 1, 0, 0, 0
98520, 1, 0, 0, 0, 1, 0
98521, 2, 0, 0, 0, 2, 0
98522, 2, 0, 0, 0, 2, 0
98524, 1, 0, 0, 0, 1, 0
98527, 5, 0, 0, 0, 4, 1
98528, 0, 1, 1, 0, 0, 0
98529, 1, 1, 1, 0, 1, 0
98531, 1, 0, 0, 0, 1, 0
114672, 0, 1, 1, 0, 0, 0
98533, 1, 0, 0, 0, 1, 0
98534, 1, 0, 0, 0, 1, 0
98535, 1, 0, 0, 0, 1, 0
98537, 1, 0, 0, 0, 1, 0
98541, 1, 0, 0, 0, 1, 0
98542, 1, 0, 0, 0, 0, 1
98543, 0, 1, 0, 1, 0, 0
98544, 1, 0, 0, 0, 1, 0
98545, 2, 0, 0, 0, 2, 0
98547, 1, 0, 0, 0, 1, 0
98548, 1, 1, 1, 0, 1, 0
98549, 2, 0, 0, 0, 2, 0
98550, 1, 0, 0, 0, 1, 0
98551, 1, 0, 0, 0, 1, 0
98552, 1, 0, 0, 0, 1, 0
98553, 1, 0, 0, 0, 1, 0
98554, 1, 0, 0, 0, 0, 1
98555, 0, 1, 0, 1, 0, 0
98556, 2, 0, 0, 0, 2, 0
98557, 1, 0, 0, 0, 1, 0
98558, 0, 1, 1, 0, 0, 0
98560, 2, 0, 0, 0, 2, 0
98562, 1, 0, 0, 0, 1, 0
98563, 0, 1, 1, 0, 0, 0
98564, 1, 0, 0, 0, 1, 0
98565, 1, 0, 0, 0, 0, 1
98566, 1, 0, 0, 0, 1, 0
98569, 2, 0, 0, 0, 2, 0
98572, 1, 0, 0, 0, 1, 0
98573, 1, 0, 0, 0, 1, 0
98576, 5, 5, 5, 0, 5, 0
98577, 0, 1, 1, 0, 0, 0
98578, 1, 0, 0, 0, 1, 0
98579, 1, 0, 0, 0, 1, 0
98580, 1, 0, 0, 0, 1, 0
98581, 1, 0, 0, 0, 1, 0
98583, 1, 0, 0, 0, 1, 0
98584, 1, 0, 0, 0, 0, 1
98585, 1, 0, 0, 0, 1, 0
98586, 1, 0, 0, 0, 1, 0
98587, 2, 0, 0, 0, 2, 0
98588, 1, 0, 0, 0, 1, 0
98589, 0, 1, 1, 0, 0, 0
98590, 1, 0, 0, 0, 1, 0
98592, 2, 0, 0, 0, 1, 1
98594, 1, 0, 0, 0, 0, 1
98596, 1, 0, 0, 0, 1, 0
98597, 0, 6, 5, 1, 0, 0
98599, 1, 0, 0, 0, 1, 0
98600, 1, 0, 0, 0, 1, 0
98602, 1, 0, 0, 0, 1, 0
98603, 1, 0, 0, 0, 1, 0
98604, 0, 1, 1, 0, 0, 0
98606, 1, 0, 0, 0, 1, 0
98607, 1, 0, 0, 0, 1, 0
98610, 2, 1, 1, 0, 2, 0
98611, 1, 0, 0, 0, 1, 0
98614, 1, 0, 0, 0, 1, 0
98616, 2, 0, 0, 0, 2, 0
98619, 1, 0, 0, 0, 1, 0
98623, 1, 0, 0, 0, 1, 0
98624, 0, 1, 1, 0, 0, 0
98625, 1, 0, 0, 0, 1, 0
98626, 2, 0, 0, 0, 2, 0
98627, 1, 0, 0, 0, 0, 1
98628, 1, 0, 0, 0, 1, 0
98629, 1, 0, 0, 0, 0, 1
98630, 1, 0, 0, 0, 1, 0
98631, 2, 0, 0, 0, 2, 0
98634, 1, 0, 0, 0, 1, 0
98635, 4, 0, 0, 0, 4, 0
98638, 1, 0, 0, 0, 1, 0
104220, 9, 1, 1, 0, 9, 0
98641, 1, 0, 0, 0, 1, 0
98642, 3, 0, 0, 0, 3, 0
98649, 0, 2, 2, 0, 0, 0
98644, 1, 0, 0, 0, 1, 0
98645, 2, 0, 0, 0, 2, 0
98646, 1, 0, 0, 0, 1, 0
98647, 1, 0, 0, 0, 1, 0
105538, 2, 2, 2, 0, 2, 0
98652, 1, 0, 0, 0, 1, 0
98653, 0, 1, 1, 0, 0, 0
98654, 1, 0, 0, 0, 1, 0
98655, 1, 0, 0, 0, 1, 0
98656, 1, 1, 1, 0, 1, 0
98658, 1, 0, 0, 0, 1, 0
99086, 0, 1, 1, 0, 0, 0
99105, 0, 1, 1, 0, 0, 0
98660, 4, 0, 0, 0, 4, 0
98686, 0, 1, 1, 0, 0, 0
98661, 1, 1, 0, 1, 1, 0
98665, 1, 0, 0, 0, 0, 1
98666, 1, 0, 0, 0, 1, 0
98667, 1, 0, 0, 0, 1, 0
98668, 0, 1, 1, 0, 0, 0
98669, 1, 0, 0, 0, 1, 0
100036, 3, 4, 4, 0, 3, 0
98671, 2, 0, 0, 0, 2, 0
98672, 2, 0, 0, 0, 2, 0
98673, 1, 0, 0, 0, 1, 0
98675, 3, 0, 0, 0, 3, 0
98676, 1, 0, 0, 0, 1, 0
98677, 1, 0, 0, 0, 1, 0
98678, 1, 0, 0, 0, 0, 1
98680, 1, 0, 0, 0, 1, 0
98681, 2, 0, 0, 0, 2, 0
98682, 1, 0, 0, 0, 1, 0
98683, 1, 0, 0, 0, 0, 1
98684, 1, 0, 0, 0, 0, 1
98687, 1, 0, 0, 0, 1, 0
98689, 1, 0, 0, 0, 1, 0
98690, 1, 0, 0, 0, 1, 0
98692, 3, 0, 0, 0, 3, 0
98694, 1, 0, 0, 0, 0, 1
98695, 0, 1, 0, 1, 0, 0
98696, 1, 0, 0, 0, 0, 1
98697, 0, 1, 0, 1, 0, 0
98698, 1, 0, 0, 0, 1, 0
98699, 1, 0, 0, 0, 1, 0
98701, 1, 0, 0, 0, 1, 0
98703, 1, 0, 0, 0, 1, 0
98704, 0, 1, 1, 0, 0, 0
98705, 1, 0, 0, 0, 1, 0
98706, 0, 1, 1, 0, 0, 0
98707, 2, 0, 0, 0, 2, 0
98710, 1, 0, 0, 0, 1, 0
98711, 0, 1, 1, 0, 0, 0
98712, 1, 0, 0, 0, 1, 0
98713, 1, 0, 0, 0, 1, 0
98714, 1, 0, 0, 0, 1, 0
98715, 1, 0, 0, 0, 0, 1
98716, 1, 0, 0, 0, 1, 0
98717, 1, 0, 0, 0, 1, 0
98718, 1, 0, 0, 0, 1, 0
98719, 1, 0, 0, 0, 1, 0
98720, 1, 0, 0, 0, 1, 0
98721, 2, 0, 0, 0, 2, 0
98722, 3, 0, 0, 0, 3, 0
98723, 1, 0, 0, 0, 1, 0
98726, 2, 0, 0, 0, 2, 0
98728, 1, 0, 0, 0, 1, 0
98730, 3, 0, 0, 0, 3, 0
98731, 1, 0, 0, 0, 1, 0
98732, 2, 0, 0, 0, 1, 1
98733, 0, 1, 1, 0, 0, 0
98734, 1, 0, 0, 0, 1, 0
98735, 0, 1, 1, 0, 0, 0
98736, 1, 0, 0, 0, 1, 0
98737, 1, 0, 0, 0, 1, 0
98739, 1, 0, 0, 0, 1, 0
98740, 1, 0, 0, 0, 1, 0
98743, 1, 0, 0, 0, 1, 0
98745, 1, 0, 0, 0, 1, 0
98746, 1, 0, 0, 0, 1, 0
98747, 1, 0, 0, 0, 1, 0
98748, 2, 1, 1, 0, 2, 0
98749, 1, 0, 0, 0, 1, 0
98750, 1, 0, 0, 0, 1, 0
104158, 1, 1, 1, 0, 1, 0
98752, 1, 0, 0, 0, 1, 0
98753, 2, 0, 0, 0, 2, 0
98754, 0, 1, 1, 0, 0, 0
98755, 1, 0, 0, 0, 1, 0
98757, 1, 0, 0, 0, 1, 0
98759, 2, 0, 0, 0, 2, 0
98760, 1, 0, 0, 0, 1, 0
98761, 1, 1, 1, 0, 1, 0
98762, 1, 0, 0, 0, 1, 0
98763, 1, 0, 0, 0, 1, 0
98764, 0, 2, 2, 0, 0, 0
98765, 1, 0, 0, 0, 1, 0
98768, 1, 0, 0, 0, 1, 0
98771, 1, 0, 0, 0, 1, 0
98773, 1, 0, 0, 0, 0, 1
98776, 2, 0, 0, 0, 2, 0
98780, 1, 0, 0, 0, 1, 0
98781, 0, 1, 1, 0, 0, 0
98782, 1, 0, 0, 0, 1, 0
98783, 0, 1, 1, 0, 0, 0
98785, 1, 0, 0, 0, 1, 0
98787, 1, 0, 0, 0, 1, 0
98788, 0, 1, 1, 0, 0, 0
98789, 1, 0, 0, 0, 1, 0
98790, 1, 0, 0, 0, 1, 0
98791, 1, 0, 0, 0, 1, 0
98794, 2, 0, 0, 0, 2, 0
108798, 1, 1, 1, 0, 1, 0
98796, 1, 0, 0, 0, 1, 0
98797, 1, 0, 0, 0, 1, 0
98798, 1, 0, 0, 0, 0, 1
98804, 1, 1, 1, 0, 1, 0
98805, 0, 2, 2, 0, 0, 0
98806, 1, 0, 0, 0, 1, 0
120362, 2, 1, 1, 0, 2, 0
98808, 3, 0, 0, 0, 3, 0
98809, 1, 0, 0, 0, 1, 0
98810, 1, 0, 0, 0, 1, 0
98811, 1, 0, 0, 0, 1, 0
98812, 1, 0, 0, 0, 1, 0
98817, 1, 0, 0, 0, 0, 1
98818, 0, 1, 0, 1, 0, 0
98819, 1, 0, 0, 0, 1, 0
98825, 1, 0, 0, 0, 1, 0
98826, 3, 0, 0, 0, 3, 0
98830, 1, 0, 0, 0, 1, 0
98831, 0, 1, 1, 0, 0, 0
98834, 1, 0, 0, 0, 1, 0
98836, 1, 0, 0, 0, 1, 0
98838, 1, 0, 0, 0, 1, 0
98839, 2, 0, 0, 0, 2, 0
98840, 1, 0, 0, 0, 1, 0
98841, 2, 0, 0, 0, 2, 0
98842, 1, 0, 0, 0, 1, 0
98843, 1, 0, 0, 0, 1, 0
98844, 1, 0, 0, 0, 1, 0
98847, 1, 0, 0, 0, 1, 0
98849, 9, 0, 0, 0, 9, 0
98851, 0, 1, 1, 0, 0, 0
98850, 1, 0, 0, 0, 1, 0
98852, 1, 0, 0, 0, 1, 0
98853, 1, 0, 0, 0, 1, 0
98854, 1, 0, 0, 0, 1, 0
112393, 3, 1, 1, 0, 3, 0
98856, 1, 0, 0, 0, 1, 0
98858, 1, 0, 0, 0, 1, 0
98859, 1, 0, 0, 0, 1, 0
98861, 1, 0, 0, 0, 1, 0
98862, 2, 0, 0, 0, 2, 0
98863, 1, 0, 0, 0, 1, 0
98864, 1, 0, 0, 0, 1, 0
98865, 1, 0, 0, 0, 0, 1
98866, 1, 0, 0, 0, 1, 0
98871, 1, 0, 0, 0, 1, 0
98872, 0, 1, 1, 0, 0, 0
98873, 1, 1, 0, 1, 0, 1
120097, 0, 1, 1, 0, 0, 0
98876, 3, 0, 0, 0, 3, 0
98880, 1, 0, 0, 0, 1, 0
98883, 2, 0, 0, 0, 2, 0
98885, 1, 1, 1, 0, 1, 0
98886, 2, 0, 0, 0, 2, 0
98891, 1, 0, 0, 0, 0, 1
98892, 1, 0, 0, 0, 0, 1
98893, 0, 2, 1, 1, 0, 0
98894, 3, 0, 0, 0, 3, 0
98895, 1, 0, 0, 0, 1, 0
98896, 4, 0, 0, 0, 4, 0
98897, 2, 0, 0, 0, 2, 0
108084, 1, 1, 1, 0, 1, 0
98898, 1, 0, 0, 0, 1, 0
98899, 1, 0, 0, 0, 1, 0
98900, 1, 0, 0, 0, 1, 0
98901, 1, 0, 0, 0, 1, 0
98902, 1, 0, 0, 0, 1, 0
98903, 1, 0, 0, 0, 1, 0
98904, 1, 0, 0, 0, 1, 0
98905, 1, 0, 0, 0, 1, 0
98906, 1, 0, 0, 0, 1, 0
98907, 1, 0, 0, 0, 1, 0
98911, 2, 0, 0, 0, 2, 0
98912, 1, 0, 0, 0, 1, 0
98913, 2, 0, 0, 0, 2, 0
98916, 1, 0, 0, 0, 1, 0
98918, 1, 0, 0, 0, 1, 0
98923, 1, 0, 0, 0, 0, 1
98925, 1, 0, 0, 0, 1, 0
98930, 1, 0, 0, 0, 1, 0
98932, 1, 0, 0, 0, 1, 0
126041, 0, 1, 1, 0, 0, 0
98936, 2, 0, 0, 0, 2, 0
98938, 3, 0, 0, 0, 1, 2
98940, 1, 1, 1, 0, 1, 0
98942, 1, 0, 0, 0, 1, 0
98943, 1, 0, 0, 0, 1, 0
98947, 1, 0, 0, 0, 1, 0
98954, 1, 0, 0, 0, 0, 1
98956, 1, 0, 0, 0, 1, 0
98957, 1, 0, 0, 0, 1, 0
98958, 1, 0, 0, 0, 1, 0
98959, 1, 0, 0, 0, 0, 1
98960, 1, 0, 0, 0, 1, 0
98961, 0, 1, 1, 0, 0, 0
98963, 1, 0, 0, 0, 1, 0
98966, 1, 0, 0, 0, 1, 0
98967, 1, 0, 0, 0, 1, 0
98968, 0, 1, 1, 0, 0, 0
98971, 1, 0, 0, 0, 1, 0
98972, 0, 1, 1, 0, 0, 0
98973, 1, 0, 0, 0, 1, 0
98975, 1, 0, 0, 0, 1, 0
98977, 5, 0, 0, 0, 3, 2
98983, 1, 0, 0, 0, 1, 0
98984, 1, 0, 0, 0, 1, 0
98987, 1, 0, 0, 0, 1, 0
98989, 1, 0, 0, 0, 1, 0
98990, 1, 0, 0, 0, 1, 0
98991, 1, 0, 0, 0, 1, 0
98992, 1, 0, 0, 0, 0, 1
98997, 1, 0, 0, 0, 1, 0
98998, 1, 0, 0, 0, 1, 0
98999, 0, 1, 1, 0, 0, 0
99000, 1, 0, 0, 0, 1, 0
99001, 1, 1, 1, 0, 1, 0
99002, 1, 0, 0, 0, 1, 0
99004, 1, 0, 0, 0, 1, 0
99005, 1, 0, 0, 0, 1, 0
99010, 2, 2, 1, 1, 2, 0
99011, 1, 0, 0, 0, 1, 0
99012, 1, 2, 2, 0, 1, 0
99016, 5, 1, 1, 0, 5, 0
99018, 1, 0, 0, 0, 1, 0
99019, 1, 0, 0, 0, 1, 0
99020, 1, 0, 0, 0, 1, 0
99022, 1, 0, 0, 0, 1, 0
99023, 0, 3, 3, 0, 0, 0
99024, 1, 0, 0, 0, 1, 0
99025, 1, 0, 0, 0, 1, 0
99026, 1, 0, 0, 0, 1, 0
99028, 1, 0, 0, 0, 1, 0
99029, 2, 0, 0, 0, 2, 0
99030, 1, 0, 0, 0, 1, 0
99032, 3, 0, 0, 0, 2, 1
121417, 0, 2, 2, 0, 0, 0
99034, 1, 0, 0, 0, 1, 0
99035, 1, 0, 0, 0, 1, 0
99037, 1, 0, 0, 0, 1, 0
99038, 5, 0, 0, 0, 5, 0
99039, 1, 0, 0, 0, 1, 0
99041, 1, 0, 0, 0, 1, 0
99042, 1, 0, 0, 0, 1, 0
99043, 1, 1, 1, 0, 1, 0
99050, 2, 0, 0, 0, 2, 0
111774, 0, 2, 1, 1, 0, 0
99051, 6, 0, 0, 0, 6, 0
99052, 1, 0, 0, 0, 1, 0
99053, 1, 0, 0, 0, 1, 0
99116, 1, 1, 1, 0, 1, 0
99056, 10, 0, 0, 0, 3, 7
111103, 0, 2, 0, 2, 0, 0
99058, 2, 0, 0, 0, 2, 0
99521, 1, 1, 1, 0, 1, 0
99061, 1, 0, 0, 0, 1, 0
99062, 1, 0, 0, 0, 1, 0
99063, 1, 1, 1, 0, 1, 0
99065, 1, 1, 1, 0, 1, 0
99434, 1, 1, 1, 0, 1, 0
106145, 1, 1, 1, 0, 1, 0
99074, 1, 0, 0, 0, 1, 0
99076, 1, 0, 0, 0, 0, 1
100708, 0, 1, 1, 0, 0, 0
105445, 0, 1, 1, 0, 0, 0
99081, 1, 0, 0, 0, 1, 0
99082, 1, 0, 0, 0, 1, 0
99083, 0, 1, 1, 0, 0, 0
99084, 1, 0, 0, 0, 1, 0
99085, 1, 0, 0, 0, 1, 0
99087, 1, 0, 0, 0, 1, 0
99089, 1, 0, 0, 0, 1, 0
99092, 1, 0, 0, 0, 1, 0
99095, 1, 0, 0, 0, 1, 0
99096, 2, 1, 1, 0, 2, 0
99098, 1, 0, 0, 0, 1, 0
99106, 1, 0, 0, 0, 1, 0
99107, 5, 0, 0, 0, 5, 0
99108, 1, 0, 0, 0, 1, 0
99109, 1, 0, 0, 0, 1, 0
99110, 0, 1, 1, 0, 0, 0
99111, 1, 0, 0, 0, 1, 0
99112, 2, 0, 0, 0, 0, 2
112160, 5, 4, 4, 0, 5, 0
99121, 1, 2, 2, 0, 1, 0
99123, 1, 0, 0, 0, 1, 0
99125, 0, 1, 1, 0, 0, 0
99126, 1, 0, 0, 0, 1, 0
99127, 0, 2, 2, 0, 0, 0
99128, 1, 0, 0, 0, 1, 0
103033, 7, 1, 1, 0, 7, 0
99130, 1, 0, 0, 0, 1, 0
99133, 1, 0, 0, 0, 1, 0
99138, 3, 0, 0, 0, 2, 1
99142, 1, 0, 0, 0, 1, 0
99276, 0, 1, 1, 0, 0, 0
108616, 0, 1, 1, 0, 0, 0
99145, 3, 0, 0, 0, 3, 0
99146, 3, 0, 0, 0, 3, 0
99149, 1, 0, 0, 0, 1, 0
99156, 1, 0, 0, 0, 1, 0
99158, 1, 0, 0, 0, 1, 0
99159, 1, 0, 0, 0, 0, 1
99163, 2, 0, 0, 0, 2, 0
99164, 2, 0, 0, 0, 2, 0
99166, 1, 0, 0, 0, 1, 0
99167, 1, 0, 0, 0, 1, 0
99168, 1, 0, 0, 0, 1, 0
99763, 0, 1, 1, 0, 0, 0
104334, 0, 2, 2, 0, 0, 0
99171, 1, 0, 0, 0, 1, 0
99172, 1, 0, 0, 0, 1, 0
99173, 0, 1, 1, 0, 0, 0
99175, 5, 0, 0, 0, 5, 0
99176, 1, 0, 0, 0, 1, 0
99177, 1, 0, 0, 0, 1, 0
99184, 1, 0, 0, 0, 1, 0
99185, 0, 1, 1, 0, 0, 0
99186, 3, 0, 0, 0, 3, 0
99187, 1, 6, 4, 2, 1, 0
99188, 1, 0, 0, 0, 1, 0
99191, 1, 0, 0, 0, 1, 0
99192, 0, 1, 1, 0, 0, 0
99193, 1, 0, 0, 0, 1, 0
99194, 0, 1, 1, 0, 0, 0
99196, 1, 0, 0, 0, 1, 0
99198, 1, 0, 0, 0, 1, 0
99199, 1, 0, 0, 0, 0, 1
99200, 1, 0, 0, 0, 1, 0
99201, 0, 1, 1, 0, 0, 0
99205, 4, 0, 0, 0, 3, 1
99206, 2, 0, 0, 0, 0, 2
99207, 1, 0, 0, 0, 1, 0
100841, 1, 1, 1, 0, 1, 0
101043, 5, 1, 1, 0, 5, 0
99210, 3, 0, 0, 0, 3, 0
99211, 1, 0, 0, 0, 1, 0
99217, 1, 0, 0, 0, 1, 0
99218, 0, 1, 1, 0, 0, 0
99223, 1, 0, 0, 0, 1, 0
99224, 1, 0, 0, 0, 1, 0
99225, 1, 0, 0, 0, 1, 0
99226, 1, 0, 0, 0, 1, 0
99234, 1, 0, 0, 0, 1, 0
99244, 1, 0, 0, 0, 0, 1
99245, 1, 0, 0, 0, 1, 0
99246, 0, 1, 1, 0, 0, 0
99247, 1, 0, 0, 0, 1, 0
99248, 1, 0, 0, 0, 1, 0
99249, 1, 0, 0, 0, 1, 0
99250, 0, 1, 1, 0, 0, 0
99252, 1, 0, 0, 0, 1, 0
99254, 1, 0, 0, 0, 1, 0
99255, 1, 0, 0, 0, 1, 0
99257, 1, 0, 0, 0, 1, 0
99260, 1, 0, 0, 0, 1, 0
99262, 1, 0, 0, 0, 1, 0
99263, 2, 1, 1, 0, 2, 0
99264, 1, 0, 0, 0, 1, 0
99265, 1, 0, 0, 0, 1, 0
99266, 1, 0, 0, 0, 1, 0
99267, 1, 0, 0, 0, 1, 0
99269, 3, 0, 0, 0, 3, 0
99270, 1, 0, 0, 0, 1, 0
99271, 2, 0, 0, 0, 2, 0
99272, 0, 1, 1, 0, 0, 0
99273, 1, 0, 0, 0, 1, 0
99274, 1, 0, 0, 0, 1, 0
99279, 1, 0, 0, 0, 1, 0
99282, 1, 0, 0, 0, 1, 0
99283, 0, 1, 1, 0, 0, 0
99285, 1, 0, 0, 0, 1, 0
99286, 1, 0, 0, 0, 1, 0
99287, 2, 0, 0, 0, 2, 0
99288, 1, 0, 0, 0, 1, 0
99289, 0, 2, 2, 0, 0, 0
99290, 1, 0, 0, 0, 1, 0
99291, 0, 1, 1, 0, 0, 0
99292, 1, 0, 0, 0, 1, 0
99293, 1, 0, 0, 0, 0, 1
99294, 0, 2, 1, 1, 0, 0
99297, 1, 0, 0, 0, 1, 0
99298, 0, 1, 1, 0, 0, 0
99299, 1, 0, 0, 0, 1, 0
99300, 1, 0, 0, 0, 1, 0
99306, 1, 2, 2, 0, 1, 0
99308, 1, 0, 0, 0, 0, 1
99309, 1, 0, 0, 0, 1, 0
99310, 0, 1, 1, 0, 0, 0
99311, 1, 0, 0, 0, 1, 0
99312, 1, 0, 0, 0, 1, 0
99313, 2, 0, 0, 0, 2, 0
99314, 3, 0, 0, 0, 3, 0
99315, 1, 0, 0, 0, 1, 0
99316, 1, 0, 0, 0, 1, 0
99318, 1, 0, 0, 0, 1, 0
99319, 13, 0, 0, 0, 13, 0
99320, 1, 0, 0, 0, 0, 1
99321, 1, 0, 0, 0, 1, 0
99323, 1, 0, 0, 0, 1, 0
99324, 1, 0, 0, 0, 1, 0
99325, 1, 0, 0, 0, 1, 0
99326, 0, 1, 1, 0, 0, 0
99327, 1, 0, 0, 0, 1, 0
99328, 3, 0, 0, 0, 3, 0
102816, 0, 1, 1, 0, 0, 0
99329, 1, 0, 0, 0, 1, 0
100482, 2, 2, 2, 0, 2, 0
101410, 1, 1, 1, 0, 1, 0
112089, 0, 3, 3, 0, 0, 0
124583, 2, 1, 1, 0, 2, 0
99333, 2, 0, 0, 0, 2, 0
99335, 0, 1, 1, 0, 0, 0
99334, 3, 0, 0, 0, 3, 0
99336, 1, 0, 0, 0, 1, 0
99337, 1, 0, 0, 0, 1, 0
99338, 2, 0, 0, 0, 2, 0
99339, 1, 0, 0, 0, 1, 0
99340, 0, 2, 2, 0, 0, 0
99341, 1, 0, 0, 0, 1, 0
99346, 1, 0, 0, 0, 1, 0
99349, 1, 0, 0, 0, 1, 0
99351, 1, 0, 0, 0, 1, 0
99352, 1, 0, 0, 0, 0, 1
99353, 1, 0, 0, 0, 1, 0
99354, 1, 0, 0, 0, 1, 0
99355, 0, 1, 1, 0, 0, 0
99356, 3, 0, 0, 0, 2, 1
100008, 0, 1, 1, 0, 0, 0
99357, 1, 0, 0, 0, 1, 0
99358, 2, 0, 0, 0, 2, 0
99359, 2, 0, 0, 0, 2, 0
99360, 1, 0, 0, 0, 1, 0
99361, 2, 0, 0, 0, 2, 0
99362, 1, 0, 0, 0, 1, 0
99363, 0, 2, 2, 0, 0, 0
99366, 1, 0, 0, 0, 1, 0
99367, 1, 0, 0, 0, 1, 0
99368, 0, 1, 1, 0, 0, 0
99369, 1, 0, 0, 0, 1, 0
99370, 1, 0, 0, 0, 1, 0
99372, 1, 0, 0, 0, 1, 0
101200, 1, 1, 1, 0, 1, 0
125006, 0, 2, 1, 1, 0, 0
99376, 1, 0, 0, 0, 1, 0
99377, 1, 0, 0, 0, 1, 0
99378, 1, 0, 0, 0, 1, 0
99379, 0, 1, 1, 0, 0, 0
99380, 2, 0, 0, 0, 2, 0
99382, 1, 0, 0, 0, 1, 0
99383, 1, 0, 0, 0, 0, 1
99385, 3, 0, 0, 0, 3, 0
99387, 4, 0, 0, 0, 4, 0
99389, 1, 0, 0, 0, 1, 0
99394, 1, 0, 0, 0, 1, 0
99395, 1, 0, 0, 0, 1, 0
99396, 0, 1, 1, 0, 0, 0
99399, 2, 0, 0, 0, 0, 2
99403, 2, 0, 0, 0, 1, 1
99404, 0, 1, 0, 1, 0, 0
100768, 0, 1, 1, 0, 0, 0
99405, 3, 0, 0, 0, 3, 0
99406, 1, 0, 0, 0, 1, 0
99408, 1, 0, 0, 0, 1, 0
99410, 0, 1, 1, 0, 0, 0
99411, 4, 0, 0, 0, 4, 0
99412, 1, 0, 0, 0, 1, 0
99413, 0, 1, 1, 0, 0, 0
105129, 12, 3, 3, 0, 11, 1
117161, 2, 1, 1, 0, 2, 0
122441, 0, 1, 1, 0, 0, 0
125147, 0, 1, 1, 0, 0, 0
99418, 1, 0, 0, 0, 0, 1
99419, 1, 0, 0, 0, 1, 0
99420, 1, 0, 0, 0, 0, 1
99421, 2, 0, 0, 0, 2, 0
99422, 1, 0, 0, 0, 1, 0
99423, 1, 0, 0, 0, 1, 0
99424, 0, 1, 1, 0, 0, 0
99425, 1, 0, 0, 0, 0, 1
99426, 1, 0, 0, 0, 1, 0
101662, 0, 1, 1, 0, 0, 0
99429, 2, 1, 1, 0, 2, 0
99431, 2, 0, 0, 0, 2, 0
99433, 1, 0, 0, 0, 0, 1
99435, 1, 0, 0, 0, 1, 0
99436, 1, 0, 0, 0, 1, 0
99438, 1, 0, 0, 0, 1, 0
99443, 1, 0, 0, 0, 1, 0
99444, 0, 1, 1, 0, 0, 0
99445, 1, 0, 0, 0, 1, 0
99446, 1, 0, 0, 0, 1, 0
99447, 1, 0, 0, 0, 0, 1
99448, 1, 0, 0, 0, 1, 0
99449, 1, 0, 0, 0, 1, 0
99450, 2, 0, 0, 0, 2, 0
99451, 1, 0, 0, 0, 1, 0
99452, 1, 0, 0, 0, 1, 0
99453, 1, 0, 0, 0, 1, 0
99455, 1, 0, 0, 0, 1, 0
99457, 1, 0, 0, 0, 1, 0
99458, 2, 0, 0, 0, 2, 0
99459, 1, 0, 0, 0, 1, 0
99460, 1, 0, 0, 0, 1, 0
99465, 1, 0, 0, 0, 1, 0
99467, 0, 1, 1, 0, 0, 0
99468, 0, 1, 1, 0, 0, 0
99469, 0, 1, 1, 0, 0, 0
99470, 0, 1, 1, 0, 0, 0
99471, 0, 1, 1, 0, 0, 0
99472, 0, 2, 2, 0, 0, 0
99473, 4, 2, 2, 0, 4, 0
108230, 0, 1, 1, 0, 0, 0
122050, 0, 1, 1, 0, 0, 0
99474, 1, 0, 0, 0, 1, 0
99475, 1, 0, 0, 0, 1, 0
99476, 1, 0, 0, 0, 1, 0
99479, 1, 0, 0, 0, 1, 0
99483, 1, 0, 0, 0, 1, 0
99484, 1, 0, 0, 0, 0, 1
99485, 1, 0, 0, 0, 1, 0
99487, 1, 0, 0, 0, 0, 1
99491, 1, 0, 0, 0, 1, 0
99493, 1, 1, 1, 0, 1, 0
99494, 1, 1, 1, 0, 1, 0
99495, 2, 0, 0, 0, 2, 0
101196, 0, 1, 1, 0, 0, 0
99497, 1, 0, 0, 0, 1, 0
99498, 4, 0, 0, 0, 4, 0
99499, 0, 1, 1, 0, 0, 0
99500, 1, 0, 0, 0, 1, 0
99501, 0, 1, 1, 0, 0, 0
99503, 7, 0, 0, 0, 7, 0
99504, 4, 1, 1, 0, 4, 0
99505, 2, 0, 0, 0, 1, 1
99506, 0, 1, 1, 0, 0, 0
99507, 1, 0, 0, 0, 1, 0
99508, 1, 0, 0, 0, 1, 0
99509, 2, 0, 0, 0, 2, 0
99510, 0, 1, 1, 0, 0, 0
99512, 1, 0, 0, 0, 1, 0
99516, 1, 0, 0, 0, 1, 0
99518, 1, 0, 0, 0, 1, 0
107458, 26, 3, 3, 0, 26, 0
99522, 1, 0, 0, 0, 1, 0
99523, 1, 0, 0, 0, 1, 0
99524, 0, 2, 1, 1, 0, 0
99525, 1, 0, 0, 0, 1, 0
99526, 1, 0, 0, 0, 1, 0
99527, 1, 0, 0, 0, 1, 0
99532, 1, 0, 0, 0, 1, 0
99533, 0, 1, 1, 0, 0, 0
99536, 1, 0, 0, 0, 1, 0
99537, 1, 0, 0, 0, 0, 1
99538, 1, 0, 0, 0, 1, 0
99539, 3, 0, 0, 0, 3, 0
99540, 1, 0, 0, 0, 1, 0
99541, 1, 0, 0, 0, 1, 0
99542, 1, 0, 0, 0, 1, 0
99543, 0, 1, 1, 0, 0, 0
99545, 1, 0, 0, 0, 1, 0
99546, 1, 0, 0, 0, 1, 0
99547, 1, 0, 0, 0, 1, 0
99548, 1, 0, 0, 0, 1, 0
99550, 1, 0, 0, 0, 1, 0
99552, 1, 0, 0, 0, 1, 0
99553, 1, 0, 0, 0, 1, 0
99554, 0, 1, 1, 0, 0, 0
99556, 5, 0, 0, 0, 4, 1
99557, 1, 0, 0, 0, 1, 0
99558, 1, 0, 0, 0, 1, 0
99559, 1, 0, 0, 0, 1, 0
99560, 1, 0, 0, 0, 1, 0
99561, 1, 0, 0, 0, 1, 0
99562, 0, 1, 1, 0, 0, 0
99563, 1, 0, 0, 0, 1, 0
99564, 1, 0, 0, 0, 0, 1
99565, 1, 0, 0, 0, 1, 0
99566, 1, 0, 0, 0, 1, 0
99567, 1, 0, 0, 0, 1, 0
99569, 2, 0, 0, 0, 2, 0
99570, 2, 0, 0, 0, 2, 0
99572, 1, 0, 0, 0, 1, 0
99574, 2, 0, 0, 0, 1, 1
99575, 1, 0, 0, 0, 1, 0
99576, 1, 0, 0, 0, 1, 0
99579, 1, 0, 0, 0, 1, 0
99581, 1, 0, 0, 0, 1, 0
99582, 1, 0, 0, 0, 1, 0
99611, 1, 1, 1, 0, 1, 0
99647, 1, 1, 1, 0, 1, 0
99584, 1, 1, 1, 0, 1, 0
99585, 2, 0, 0, 0, 2, 0
99586, 0, 1, 1, 0, 0, 0
99589, 1, 0, 0, 0, 0, 1
99590, 1, 0, 0, 0, 1, 0
99591, 1, 0, 0, 0, 1, 0
99592, 1, 0, 0, 0, 1, 0
100504, 0, 1, 1, 0, 0, 0
113391, 0, 1, 1, 0, 0, 0
115283, 0, 1, 1, 0, 0, 0
99598, 1, 0, 0, 0, 1, 0
99600, 1, 0, 0, 0, 1, 0
99601, 1, 0, 0, 0, 1, 0
99603, 1, 0, 0, 0, 1, 0
99604, 1, 0, 0, 0, 1, 0
99605, 1, 0, 0, 0, 0, 1
116551, 0, 1, 0, 1, 0, 0
99610, 1, 0, 0, 0, 1, 0
99612, 1, 0, 0, 0, 1, 0
99617, 1, 0, 0, 0, 1, 0
99624, 1, 0, 0, 0, 1, 0
99625, 0, 2, 2, 0, 0, 0
99626, 1, 0, 0, 0, 1, 0
99627, 1, 0, 0, 0, 1, 0
99628, 1, 0, 0, 0, 1, 0
99631, 1, 0, 0, 0, 1, 0
99632, 1, 0, 0, 0, 1, 0
99637, 1, 0, 0, 0, 1, 0
99639, 1, 0, 0, 0, 1, 0
99640, 1, 0, 0, 0, 1, 0
99641, 2, 0, 0, 0, 2, 0
99643, 1, 0, 0, 0, 1, 0
99644, 6, 0, 0, 0, 6, 0
99645, 1, 0, 0, 0, 0, 1
99646, 1, 0, 0, 0, 1, 0
99648, 1, 0, 0, 0, 1, 0
99649, 1, 0, 0, 0, 1, 0
99650, 1, 1, 0, 1, 1, 0
99652, 1, 0, 0, 0, 1, 0
99657, 1, 0, 0, 0, 1, 0
99658, 2, 0, 0, 0, 1, 1
99659, 1, 1, 1, 0, 1, 0
99660, 1, 0, 0, 0, 1, 0
99661, 0, 1, 1, 0, 0, 0
99664, 1, 0, 0, 0, 1, 0
99665, 2, 0, 0, 0, 2, 0
99666, 4, 0, 0, 0, 4, 0
99667, 1, 0, 0, 0, 1, 0
99668, 1, 0, 0, 0, 1, 0
99669, 2, 0, 0, 0, 2, 0
99670, 4, 0, 0, 0, 4, 0
99671, 1, 0, 0, 0, 1, 0
99673, 1, 0, 0, 0, 1, 0
99674, 9, 1, 1, 0, 9, 0
108896, 1, 2, 2, 0, 1, 0
117079, 0, 1, 1, 0, 0, 0
119275, 0, 3, 3, 0, 0, 0
99675, 1, 0, 0, 0, 1, 0
99676, 2, 0, 0, 0, 2, 0
99677, 2, 0, 0, 0, 0, 2
99678, 1, 0, 0, 0, 1, 0
99679, 1, 0, 0, 0, 0, 1
99680, 1, 0, 0, 0, 1, 0
99683, 1, 0, 0, 0, 1, 0
99685, 1, 0, 0, 0, 1, 0
99686, 0, 1, 1, 0, 0, 0
99688, 1, 0, 0, 0, 1, 0
99689, 0, 1, 1, 0, 0, 0
99690, 2, 0, 0, 0, 2, 0
99692, 1, 0, 0, 0, 1, 0
99693, 0, 1, 1, 0, 0, 0
99694, 1, 0, 0, 0, 1, 0
99695, 1, 0, 0, 0, 1, 0
99696, 2, 0, 0, 0, 2, 0
99698, 1, 0, 0, 0, 1, 0
99699, 1, 0, 0, 0, 0, 1
99700, 1, 0, 0, 0, 1, 0
99701, 1, 0, 0, 0, 1, 0
99702, 1, 0, 0, 0, 0, 1
99704, 1, 0, 0, 0, 1, 0
99705, 1, 0, 0, 0, 1, 0
99706, 1, 0, 0, 0, 0, 1
99707, 1, 0, 0, 0, 1, 0
99709, 1, 0, 0, 0, 1, 0
99710, 0, 1, 1, 0, 0, 0
99711, 1, 0, 0, 0, 1, 0
99713, 1, 0, 0, 0, 1, 0
99714, 2, 0, 0, 0, 2, 0
99715, 0, 1, 1, 0, 0, 0
99716, 2, 0, 0, 0, 2, 0
99717, 1, 0, 0, 0, 1, 0
99718, 2, 0, 0, 0, 2, 0
99719, 1, 0, 0, 0, 1, 0
99724, 1, 0, 0, 0, 1, 0
99725, 1, 0, 0, 0, 1, 0
99726, 0, 1, 1, 0, 0, 0
99729, 1, 0, 0, 0, 1, 0
99730, 1, 0, 0, 0, 1, 0
99731, 1, 0, 0, 0, 1, 0
99732, 1, 0, 0, 0, 1, 0
99733, 2, 4, 4, 0, 2, 0
99734, 0, 1, 1, 0, 0, 0
108615, 0, 1, 1, 0, 0, 0
99739, 1, 0, 0, 0, 1, 0
99740, 2, 0, 0, 0, 2, 0
99742, 1, 0, 0, 0, 1, 0
99743, 2, 0, 0, 0, 2, 0
99746, 1, 0, 0, 0, 1, 0
99747, 1, 0, 0, 0, 1, 0
99748, 1, 0, 0, 0, 1, 0
99750, 1, 0, 0, 0, 1, 0
99751, 1, 0, 0, 0, 1, 0
99752, 0, 1, 1, 0, 0, 0
99754, 1, 0, 0, 0, 1, 0
99756, 2, 0, 0, 0, 1, 1
99757, 1, 0, 0, 0, 1, 0
99759, 4, 0, 0, 0, 4, 0
109946, 2, 5, 4, 1, 1, 1
99762, 0, 1, 1, 0, 0, 0
99765, 1, 0, 0, 0, 1, 0
99766, 0, 1, 1, 0, 0, 0
99767, 2, 0, 0, 0, 2, 0
99769, 1, 0, 0, 0, 1, 0
99772, 1, 0, 0, 0, 1, 0
99773, 0, 1, 1, 0, 0, 0
99775, 1, 0, 0, 0, 1, 0
99776, 2, 0, 0, 0, 2, 0
99780, 0, 1, 1, 0, 0, 0
99777, 5, 0, 0, 0, 5, 0
99778, 1, 0, 0, 0, 1, 0
99781, 1, 0, 0, 0, 1, 0
99782, 1, 0, 0, 0, 1, 0
99786, 1, 0, 0, 0, 1, 0
99789, 3, 1, 0, 1, 3, 0
99790, 2, 0, 0, 0, 2, 0
105269, 0, 1, 1, 0, 0, 0
99791, 1, 0, 0, 0, 0, 1
99792, 1, 0, 0, 0, 0, 1
99794, 1, 0, 0, 0, 1, 0
99795, 1, 1, 1, 0, 1, 0
99796, 1, 0, 0, 0, 0, 1
99798, 1, 0, 0, 0, 0, 1
99799, 1, 0, 0, 0, 1, 0
99801, 4, 0, 0, 0, 3, 1
99802, 1, 2, 1, 1, 1, 0
99803, 2, 1, 1, 0, 2, 0
99805, 1, 0, 0, 0, 1, 0
99806, 1, 0, 0, 0, 1, 0
99808, 0, 1, 1, 0, 0, 0
123387, 0, 1, 1, 0, 0, 0
124519, 0, 1, 1, 0, 0, 0
99809, 1, 0, 0, 0, 1, 0
99810, 1, 0, 0, 0, 1, 0
104717, 0, 1, 1, 0, 0, 0
99812, 3, 0, 0, 0, 3, 0
99813, 1, 0, 0, 0, 1, 0
99814, 0, 1, 1, 0, 0, 0
99816, 2, 0, 0, 0, 2, 0
100011, 0, 1, 1, 0, 0, 0
99818, 1, 0, 0, 0, 1, 0
100068, 1, 1, 1, 0, 1, 0
99821, 2, 0, 0, 0, 2, 0
99822, 1, 0, 0, 0, 1, 0
99824, 1, 0, 0, 0, 1, 0
99830, 1, 0, 0, 0, 1, 0
99833, 1, 0, 0, 0, 1, 0
99834, 1, 0, 0, 0, 1, 0
99837, 1, 0, 0, 0, 0, 1
99841, 2, 0, 0, 0, 2, 0
99843, 1, 0, 0, 0, 1, 0
99844, 1, 1, 1, 0, 1, 0
99845, 1, 0, 0, 0, 1, 0
99846, 1, 0, 0, 0, 1, 0
99848, 1, 0, 0, 0, 1, 0
106652, 2, 4, 4, 0, 2, 0
99850, 2, 0, 0, 0, 2, 0
99852, 2, 0, 0, 0, 0, 2
99854, 1, 0, 0, 0, 1, 0
99857, 2, 0, 0, 0, 1, 1
99858, 1, 0, 0, 0, 1, 0
99860, 1, 0, 0, 0, 1, 0
99864, 1, 0, 0, 0, 1, 0
99865, 1, 0, 0, 0, 1, 0
99867, 1, 0, 0, 0, 1, 0
99868, 3, 0, 0, 0, 3, 0
99938, 1, 1, 1, 0, 1, 0
99872, 3, 0, 0, 0, 3, 0
99873, 1, 0, 0, 0, 0, 1
99877, 1, 0, 0, 0, 1, 0
99878, 1, 0, 0, 0, 1, 0
99879, 1, 0, 0, 0, 1, 0
99880, 1, 0, 0, 0, 1, 0
99881, 1, 0, 0, 0, 1, 0
99883, 1, 0, 0, 0, 1, 0
99885, 1, 0, 0, 0, 1, 0
99886, 1, 0, 0, 0, 1, 0
99889, 1, 0, 0, 0, 1, 0
99890, 1, 0, 0, 0, 1, 0
99891, 1, 0, 0, 0, 1, 0
99892, 1, 0, 0, 0, 1, 0
99893, 1, 2, 1, 1, 1, 0
99896, 1, 0, 0, 0, 1, 0
99897, 1, 0, 0, 0, 0, 1
99898, 4, 0, 0, 0, 4, 0
99900, 1, 0, 0, 0, 1, 0
99901, 0, 1, 1, 0, 0, 0
99902, 1, 0, 0, 0, 1, 0
99903, 1, 0, 0, 0, 1, 0
99904, 0, 4, 4, 0, 0, 0
99905, 1, 0, 0, 0, 0, 1
99907, 1, 0, 0, 0, 1, 0
99908, 2, 0, 0, 0, 2, 0
99909, 1, 0, 0, 0, 1, 0
99910, 1, 0, 0, 0, 1, 0
99911, 1, 0, 0, 0, 1, 0
99912, 1, 0, 0, 0, 1, 0
99913, 1, 0, 0, 0, 0, 1
99914, 1, 0, 0, 0, 1, 0
99915, 1, 0, 0, 0, 1, 0
99916, 2, 0, 0, 0, 2, 0
99918, 1, 0, 0, 0, 1, 0
99919, 1, 0, 0, 0, 1, 0
99920, 1, 0, 0, 0, 1, 0
99921, 1, 0, 0, 0, 1, 0
99922, 1, 0, 0, 0, 1, 0
99924, 1, 0, 0, 0, 1, 0
99925, 1, 0, 0, 0, 1, 0
99926, 1, 0, 0, 0, 1, 0
99927, 0, 2, 1, 1, 0, 0
99928, 1, 0, 0, 0, 1, 0
99934, 1, 0, 0, 0, 1, 0
99935, 0, 1, 1, 0, 0, 0
99936, 2, 0, 0, 0, 2, 0
100321, 0, 1, 1, 0, 0, 0
99937, 2, 0, 0, 0, 2, 0
99939, 2, 0, 0, 0, 2, 0
99941, 1, 0, 0, 0, 1, 0
99942, 0, 2, 2, 0, 0, 0
99943, 1, 0, 0, 0, 1, 0
99944, 1, 0, 0, 0, 1, 0
99946, 1, 0, 0, 0, 1, 0
99947, 1, 0, 0, 0, 1, 0
99948, 1, 0, 0, 0, 1, 0
99949, 0, 10, 10, 0, 0, 0
99950, 1, 0, 0, 0, 1, 0
99952, 1, 0, 0, 0, 1, 0
99953, 3, 0, 0, 0, 3, 0
99954, 4, 0, 0, 0, 4, 0
99955, 2, 0, 0, 0, 2, 0
99957, 1, 0, 0, 0, 1, 0
99958, 3, 0, 0, 0, 3, 0
99960, 1, 0, 0, 0, 0, 1
99961, 1, 0, 0, 0, 0, 1
99962, 0, 1, 0, 1, 0, 0
99963, 1, 0, 0, 0, 0, 1
99964, 1, 0, 0, 0, 1, 0
99965, 0, 1, 1, 0, 0, 0
99966, 6, 0, 0, 0, 6, 0
99968, 1, 0, 0, 0, 1, 0
99969, 1, 1, 1, 0, 1, 0
99970, 1, 0, 0, 0, 1, 0
99971, 1, 0, 0, 0, 1, 0
99972, 1, 0, 0, 0, 1, 0
99973, 1, 0, 0, 0, 0, 1
99974, 1, 0, 0, 0, 1, 0
99978, 1, 0, 0, 0, 1, 0
99979, 0, 1, 1, 0, 0, 0
99981, 1, 0, 0, 0, 1, 0
99984, 1, 0, 0, 0, 1, 0
99985, 1, 0, 0, 0, 1, 0
100071, 12, 2, 2, 0, 11, 1
99987, 1, 0, 0, 0, 1, 0
99988, 2, 2, 1, 1, 2, 0
100127, 1, 1, 1, 0, 0, 1
99989, 1, 0, 0, 0, 1, 0
99994, 0, 1, 1, 0, 0, 0
99995, 1, 0, 0, 0, 1, 0
99996, 1, 0, 0, 0, 0, 1
99997, 1, 0, 0, 0, 1, 0
99998, 1, 0, 0, 0, 0, 1
99999, 1, 0, 0, 0, 1, 0
100000, 1, 0, 0, 0, 1, 0
100002, 1, 0, 0, 0, 1, 0
100004, 1, 0, 0, 0, 1, 0
100005, 1, 0, 0, 0, 1, 0
100006, 1, 2, 2, 0, 0, 1
112230, 0, 1, 0, 1, 0, 0
100009, 1, 0, 0, 0, 1, 0
100010, 3, 0, 0, 0, 3, 0
100012, 1, 0, 0, 0, 1, 0
100013, 0, 1, 1, 0, 0, 0
100014, 1, 0, 0, 0, 1, 0
100015, 3, 1, 1, 0, 3, 0
100018, 2, 0, 0, 0, 2, 0
100019, 1, 0, 0, 0, 1, 0
100020, 2, 0, 0, 0, 1, 1
100137, 0, 3, 3, 0, 0, 0
100021, 2, 0, 0, 0, 2, 0
100023, 1, 0, 0, 0, 0, 1
100024, 1, 0, 0, 0, 1, 0
100025, 1, 0, 0, 0, 1, 0
100027, 1, 0, 0, 0, 1, 0
100028, 1, 0, 0, 0, 1, 0
100031, 2, 0, 0, 0, 2, 0
100032, 2, 0, 0, 0, 2, 0
100033, 1, 0, 0, 0, 1, 0
100034, 1, 0, 0, 0, 1, 0
100037, 1, 0, 0, 0, 1, 0
100039, 0, 2, 2, 0, 0, 0
100040, 1, 0, 0, 0, 1, 0
100042, 1, 0, 0, 0, 1, 0
100043, 1, 0, 0, 0, 0, 1
100044, 1, 0, 0, 0, 1, 0
100047, 1, 2, 2, 0, 1, 0
100048, 1, 0, 0, 0, 1, 0
100049, 1, 0, 0, 0, 0, 1
100050, 0, 1, 0, 1, 0, 0
100051, 1, 0, 0, 0, 1, 0
100053, 1, 0, 0, 0, 0, 1
100054, 1, 0, 0, 0, 1, 0
100055, 1, 0, 0, 0, 1, 0
100056, 0, 1, 1, 0, 0, 0
100057, 1, 0, 0, 0, 1, 0
100058, 2, 0, 0, 0, 2, 0
100059, 1, 0, 0, 0, 0, 1
100061, 1, 0, 0, 0, 1, 0
100062, 1, 0, 0, 0, 1, 0
100064, 2, 1, 1, 0, 1, 1
123848, 0, 1, 1, 0, 0, 0
100070, 2, 0, 0, 0, 2, 0
100072, 0, 1, 1, 0, 0, 0
100074, 1, 0, 0, 0, 1, 0
100077, 1, 0, 0, 0, 1, 0
100078, 1, 0, 0, 0, 1, 0
100079, 0, 1, 1, 0, 0, 0
100081, 1, 0, 0, 0, 1, 0
100082, 3, 0, 0, 0, 3, 0
100083, 0, 1, 1, 0, 0, 0
100086, 1, 0, 0, 0, 1, 0
100087, 0, 1, 1, 0, 0, 0
111425, 3, 1, 1, 0, 3, 0
111653, 1, 2, 2, 0, 1, 0
100089, 1, 0, 0, 0, 0, 1
100090, 1, 0, 0, 0, 1, 0
100092, 1, 0, 0, 0, 1, 0
100093, 1, 0, 0, 0, 1, 0
100094, 19, 0, 0, 0, 19, 0
100095, 0, 1, 1, 0, 0, 0
100096, 0, 1, 1, 0, 0, 0
100097, 0, 1, 1, 0, 0, 0
100098, 0, 1, 1, 0, 0, 0
100099, 2, 0, 0, 0, 2, 0
100100, 1, 0, 0, 0, 1, 0
100103, 1, 0, 0, 0, 1, 0
100105, 2, 0, 0, 0, 2, 0
100107, 1, 0, 0, 0, 1, 0
100108, 0, 2, 2, 0, 0, 0
100110, 2, 0, 0, 0, 0, 2
100111, 2, 0, 0, 0, 2, 0
100112, 1, 0, 0, 0, 1, 0
100113, 1, 1, 1, 0, 0, 1
102435, 0, 1, 0, 1, 0, 0
100287, 1, 1, 1, 0, 1, 0
100115, 1, 0, 0, 0, 1, 0
100118, 1, 0, 0, 0, 1, 0
100119, 2, 0, 0, 0, 2, 0
100121, 1, 0, 0, 0, 1, 0
100122, 0, 1, 1, 0, 0, 0
100124, 3, 0, 0, 0, 3, 0
100800, 0, 2, 2, 0, 0, 0
100126, 1, 0, 0, 0, 1, 0
100128, 1, 0, 0, 0, 1, 0
100129, 2, 0, 0, 0, 1, 1
100130, 0, 2, 0, 2, 0, 0
100131, 1, 0, 0, 0, 1, 0
100132, 1, 0, 0, 0, 1, 0
100428, 0, 1, 1, 0, 0, 0
100134, 1, 0, 0, 0, 1, 0
100136, 1, 0, 0, 0, 1, 0
100138, 2, 0, 0, 0, 2, 0
100139, 1, 0, 0, 0, 1, 0
100140, 0, 1, 1, 0, 0, 0
100141, 2, 0, 0, 0, 1, 1
100143, 2, 1, 1, 0, 2, 0
100146, 1, 0, 0, 0, 1, 0
100147, 2, 0, 0, 0, 2, 0
100150, 1, 0, 0, 0, 1, 0
100151, 0, 1, 1, 0, 0, 0
100152, 1, 0, 0, 0, 1, 0
100153, 1, 0, 0, 0, 1, 0
100154, 1, 0, 0, 0, 1, 0
100155, 0, 1, 1, 0, 0, 0
100156, 1, 0, 0, 0, 1, 0
100157, 1, 0, 0, 0, 1, 0
100158, 1, 0, 0, 0, 1, 0
100159, 0, 1, 1, 0, 0, 0
100160, 2, 1, 1, 0, 2, 0
100161, 1, 0, 0, 0, 1, 0
100162, 1, 0, 0, 0, 1, 0
100163, 0, 1, 1, 0, 0, 0
100164, 1, 0, 0, 0, 0, 1
100165, 1, 0, 0, 0, 1, 0
100166, 1, 0, 0, 0, 1, 0
100417, 2, 1, 1, 0, 2, 0
100170, 1, 0, 0, 0, 1, 0
100171, 1, 0, 0, 0, 1, 0
100245, 0, 2, 2, 0, 0, 0
100247, 0, 1, 1, 0, 0, 0
100310, 1, 1, 1, 0, 1, 0
100311, 0, 2, 2, 0, 0, 0
100316, 0, 1, 1, 0, 0, 0
100461, 0, 1, 1, 0, 0, 0
100479, 1, 1, 1, 0, 1, 0
100173, 1, 0, 0, 0, 1, 0
100174, 1, 0, 0, 0, 1, 0
100175, 1, 0, 0, 0, 1, 0
100177, 1, 0, 0, 0, 1, 0
100180, 1, 0, 0, 0, 1, 0
100182, 2, 0, 0, 0, 2, 0
100183, 1, 0, 0, 0, 1, 0
100184, 0, 1, 1, 0, 0, 0
100186, 1, 0, 0, 0, 1, 0
100187, 1, 0, 0, 0, 0, 1
100188, 1, 0, 0, 0, 1, 0
100189, 0, 1, 1, 0, 0, 0
100190, 1, 0, 0, 0, 1, 0
100191, 2, 0, 0, 0, 2, 0
100192, 1, 0, 0, 0, 1, 0
100195, 1, 0, 0, 0, 1, 0
100196, 1, 0, 0, 0, 1, 0
100197, 2, 0, 0, 0, 2, 0
100198, 1, 0, 0, 0, 1, 0
100199, 1, 0, 0, 0, 1, 0
100200, 2, 1, 1, 0, 1, 1
100201, 1, 1, 1, 0, 1, 0
100204, 1, 0, 0, 0, 1, 0
100206, 1, 0, 0, 0, 1, 0
100208, 1, 0, 0, 0, 1, 0
100209, 4, 0, 0, 0, 3, 1
100210, 1, 0, 0, 0, 1, 0
100212, 1, 0, 0, 0, 1, 0
100216, 3, 0, 0, 0, 3, 0
100217, 1, 0, 0, 0, 1, 0
100218, 2, 0, 0, 0, 0, 2
100220, 1, 0, 0, 0, 1, 0
100221, 1, 0, 0, 0, 1, 0
100222, 1, 0, 0, 0, 1, 0
100224, 1, 0, 0, 0, 1, 0
100225, 1, 0, 0, 0, 1, 0
100227, 1, 0, 0, 0, 1, 0
100228, 1, 0, 0, 0, 0, 1
100229, 3, 0, 0, 0, 3, 0
100230, 1, 0, 0, 0, 1, 0
100231, 1, 0, 0, 0, 1, 0
100232, 1, 0, 0, 0, 1, 0
100233, 2, 0, 0, 0, 2, 0
100234, 1, 0, 0, 0, 1, 0
100235, 1, 0, 0, 0, 1, 0
100237, 1, 0, 0, 0, 1, 0
100240, 0, 1, 1, 0, 0, 0
100241, 12, 0, 0, 0, 12, 0
105744, 0, 1, 1, 0, 0, 0
100243, 1, 0, 0, 0, 1, 0
100244, 0, 1, 1, 0, 0, 0
100248, 7, 0, 0, 0, 6, 1
100249, 2, 0, 0, 0, 2, 0
100251, 1, 0, 0, 0, 1, 0
100252, 1, 0, 0, 0, 1, 0
100253, 0, 1, 1, 0, 0, 0
100254, 1, 0, 0, 0, 1, 0
100255, 0, 1, 1, 0, 0, 0
100256, 1, 0, 0, 0, 1, 0
100257, 1, 0, 0, 0, 1, 0
100259, 2, 0, 0, 0, 2, 0
101344, 1, 1, 1, 0, 1, 0
100262, 1, 0, 0, 0, 1, 0
100266, 1, 0, 0, 0, 1, 0
100267, 1, 1, 1, 0, 1, 0
100268, 1, 0, 0, 0, 1, 0
100269, 1, 0, 0, 0, 1, 0
100271, 1, 0, 0, 0, 0, 1
102229, 1, 2, 2, 0, 1, 0
100274, 1, 0, 0, 0, 1, 0
100275, 1, 0, 0, 0, 1, 0
100276, 1, 0, 0, 0, 0, 1
100277, 1, 0, 0, 0, 1, 0
100279, 3, 0, 0, 0, 3, 0
103353, 0, 1, 1, 0, 0, 0
100280, 1, 0, 0, 0, 0, 1
100281, 2, 0, 0, 0, 2, 0
113959, 0, 3, 3, 0, 0, 0
114078, 1, 2, 2, 0, 1, 0
100289, 1, 0, 0, 0, 1, 0
100291, 1, 1, 1, 0, 1, 0
100292, 2, 1, 1, 0, 2, 0
100294, 7, 0, 0, 0, 3, 4
115589, 0, 1, 1, 0, 0, 0
115590, 0, 1, 1, 0, 0, 0
100295, 1, 0, 0, 0, 1, 0
100296, 2, 1, 1, 0, 2, 0
100297, 1, 0, 0, 0, 1, 0
100298, 2, 0, 0, 0, 2, 0
100299, 3, 1, 1, 0, 3, 0
100300, 1, 0, 0, 0, 0, 1
100301, 0, 1, 0, 1, 0, 0
100304, 3, 0, 0, 0, 3, 0
100305, 1, 0, 0, 0, 1, 0
100306, 1, 0, 0, 0, 1, 0
100308, 1, 0, 0, 0, 0, 1
100312, 1, 0, 0, 0, 1, 0
100313, 0, 1, 1, 0, 0, 0
100317, 1, 0, 0, 0, 1, 0
100318, 1, 0, 0, 0, 1, 0
100319, 3, 0, 0, 0, 3, 0
100320, 2, 0, 0, 0, 2, 0
100322, 1, 0, 0, 0, 0, 1
100323, 1, 0, 0, 0, 1, 0
100324, 1, 0, 0, 0, 0, 1
100325, 3, 0, 0, 0, 3, 0
100326, 0, 1, 1, 0, 0, 0
100328, 2, 0, 0, 0, 2, 0
102061, 1, 1, 1, 0, 1, 0
100331, 1, 0, 0, 0, 0, 1
100562, 1, 1, 1, 0, 1, 0
100334, 2, 0, 0, 0, 2, 0
100336, 1, 0, 0, 0, 1, 0
100337, 1, 0, 0, 0, 1, 0
100338, 0, 1, 1, 0, 0, 0
100339, 4, 0, 0, 0, 4, 0
100345, 0, 1, 1, 0, 0, 0
100340, 1, 0, 0, 0, 1, 0
100341, 1, 0, 0, 0, 1, 0
100343, 1, 0, 0, 0, 1, 0
100344, 1, 0, 0, 0, 1, 0
100347, 1, 0, 0, 0, 1, 0
100350, 1, 0, 0, 0, 1, 0
100351, 1, 0, 0, 0, 0, 1
100352, 1, 0, 0, 0, 1, 0
100355, 3, 0, 0, 0, 3, 0
100356, 1, 0, 0, 0, 1, 0
100358, 1, 4, 4, 0, 1, 0
100359, 2, 0, 0, 0, 2, 0
100360, 5, 1, 1, 0, 5, 0
100361, 1, 1, 1, 0, 0, 1
100366, 1, 0, 0, 0, 1, 0
100367, 0, 1, 1, 0, 0, 0
100369, 1, 0, 0, 0, 1, 0
101599, 3, 3, 3, 0, 3, 0
103764, 5, 3, 3, 0, 5, 0
126364, 1, 1, 1, 0, 1, 0
106029, 2, 1, 1, 0, 2, 0
107512, 9, 1, 1, 0, 9, 0
100373, 1, 0, 0, 0, 1, 0
100375, 2, 0, 0, 0, 2, 0
100376, 1, 0, 0, 0, 1, 0
100378, 1, 0, 0, 0, 1, 0
100380, 2, 1, 0, 1, 2, 0
100381, 1, 0, 0, 0, 1, 0
101223, 1, 2, 2, 0, 1, 0
102276, 0, 1, 1, 0, 0, 0
100385, 1, 1, 1, 0, 1, 0
100386, 1, 0, 0, 0, 1, 0
100388, 1, 0, 0, 0, 1, 0
100389, 1, 0, 0, 0, 1, 0
100390, 1, 0, 0, 0, 1, 0
100391, 1, 0, 0, 0, 1, 0
100392, 5, 3, 3, 0, 5, 0
100393, 1, 0, 0, 0, 1, 0
100394, 1, 0, 0, 0, 1, 0
100397, 2, 0, 0, 0, 1, 1
100400, 1, 0, 0, 0, 1, 0
100405, 2, 0, 0, 0, 2, 0
100406, 2, 0, 0, 0, 2, 0
100407, 0, 1, 1, 0, 0, 0
100409, 1, 0, 0, 0, 1, 0
100410, 1, 0, 0, 0, 1, 0
100411, 0, 1, 1, 0, 0, 0
100412, 1, 0, 0, 0, 1, 0
100413, 1, 0, 0, 0, 1, 0
100416, 1, 1, 1, 0, 1, 0
100418, 2, 0, 0, 0, 2, 0
100420, 0, 1, 1, 0, 0, 0
100421, 1, 0, 0, 0, 0, 1
100422, 1, 0, 0, 0, 1, 0
100423, 1, 0, 0, 0, 1, 0
100424, 1, 0, 0, 0, 1, 0
100425, 1, 0, 0, 0, 1, 0
100426, 1, 0, 0, 0, 1, 0
100427, 1, 0, 0, 0, 1, 0
100429, 1, 0, 0, 0, 1, 0
100430, 1, 0, 0, 0, 1, 0
100431, 0, 2, 2, 0, 0, 0
100432, 1, 0, 0, 0, 1, 0
100434, 3, 0, 0, 0, 3, 0
100437, 2, 0, 0, 0, 2, 0
100438, 1, 0, 0, 0, 0, 1
100439, 1, 0, 0, 0, 1, 0
100440, 1, 1, 0, 1, 1, 0
100441, 1, 0, 0, 0, 0, 1
100442, 1, 0, 0, 0, 1, 0
100443, 1, 0, 0, 0, 0, 1
100444, 1, 0, 0, 0, 1, 0
100445, 2, 0, 0, 0, 2, 0
100446, 1, 0, 0, 0, 1, 0
100447, 3, 0, 0, 0, 3, 0
130237, 0, 2, 2, 0, 0, 0
100449, 1, 0, 0, 0, 0, 1
100450, 1, 0, 0, 0, 1, 0
100451, 2, 1, 1, 0, 2, 0
120104, 0, 1, 1, 0, 0, 0
112214, 0, 1, 1, 0, 0, 0
100459, 1, 0, 0, 0, 1, 0
100460, 0, 1, 1, 0, 0, 0
100462, 1, 0, 0, 0, 1, 0
100463, 1, 1, 1, 0, 1, 0
100464, 1, 0, 0, 0, 1, 0
100465, 1, 0, 0, 0, 1, 0
100466, 2, 0, 0, 0, 2, 0
100467, 1, 0, 0, 0, 1, 0
100470, 1, 0, 0, 0, 1, 0
100471, 0, 3, 3, 0, 0, 0
100472, 1, 0, 0, 0, 1, 0
100473, 1, 0, 0, 0, 1, 0
100476, 1, 0, 0, 0, 0, 1
100477, 1, 0, 0, 0, 0, 1
100480, 2, 0, 0, 0, 1, 1
100481, 1, 0, 0, 0, 1, 0
100483, 2, 0, 0, 0, 2, 0
112944, 0, 1, 1, 0, 0, 0
120421, 0, 1, 1, 0, 0, 0
125372, 1, 1, 1, 0, 1, 0
100487, 1, 0, 0, 0, 1, 0
100488, 3, 0, 0, 0, 3, 0
100489, 1, 0, 0, 0, 1, 0
100490, 1, 0, 0, 0, 1, 0
100494, 1, 0, 0, 0, 1, 0
100495, 1, 0, 0, 0, 1, 0
100496, 1, 0, 0, 0, 1, 0
100497, 1, 0, 0, 0, 1, 0
100498, 1, 0, 0, 0, 1, 0
100499, 1, 0, 0, 0, 1, 0
100500, 1, 0, 0, 0, 0, 1
100501, 3, 0, 0, 0, 3, 0
100502, 5, 1, 1, 0, 3, 2
100505, 1, 0, 0, 0, 1, 0
100506, 2, 0, 0, 0, 0, 2
100507, 3, 0, 0, 0, 3, 0
100509, 1, 0, 0, 0, 1, 0
100510, 0, 1, 1, 0, 0, 0
100511, 1, 0, 0, 0, 1, 0
100514, 0, 2, 2, 0, 0, 0
100516, 2, 0, 0, 0, 2, 0
104165, 0, 1, 1, 0, 0, 0
100517, 1, 0, 0, 0, 1, 0
100519, 1, 0, 0, 0, 1, 0
100520, 1, 0, 0, 0, 1, 0
100523, 1, 0, 0, 0, 0, 1
100524, 0, 1, 0, 1, 0, 0
100526, 1, 0, 0, 0, 1, 0
100527, 1, 0, 0, 0, 1, 0
100530, 1, 0, 0, 0, 1, 0
100531, 0, 1, 1, 0, 0, 0
100532, 1, 0, 0, 0, 0, 1
100533, 1, 0, 0, 0, 1, 0
100534, 1, 0, 0, 0, 0, 1
100537, 1, 0, 0, 0, 1, 0
100538, 2, 0, 0, 0, 2, 0
100539, 1, 0, 0, 0, 1, 0
100540, 1, 0, 0, 0, 1, 0
100541, 1, 0, 0, 0, 1, 0
100542, 1, 0, 0, 0, 1, 0
100543, 7, 1, 1, 0, 7, 0
114535, 1, 1, 1, 0, 1, 0
100545, 1, 0, 0, 0, 1, 0
100546, 1, 0, 0, 0, 1, 0
100547, 1, 0, 0, 0, 1, 0
100552, 1, 0, 0, 0, 1, 0
100553, 0, 1, 1, 0, 0, 0
100557, 1, 0, 0, 0, 1, 0
100558, 1, 0, 0, 0, 1, 0
100559, 1, 0, 0, 0, 1, 0
100561, 1, 1, 1, 0, 1, 0
100563, 1, 0, 0, 0, 1, 0
100565, 1, 0, 0, 0, 1, 0
100567, 1, 0, 0, 0, 1, 0
100568, 1, 0, 0, 0, 1, 0
100570, 1, 0, 0, 0, 1, 0
100574, 1, 0, 0, 0, 1, 0
100576, 1, 0, 0, 0, 1, 0
100579, 1, 0, 0, 0, 1, 0
100580, 1, 0, 0, 0, 1, 0
100581, 0, 1, 1, 0, 0, 0
100582, 2, 0, 0, 0, 2, 0
100583, 1, 0, 0, 0, 1, 0
100584, 0, 1, 1, 0, 0, 0
100586, 2, 0, 0, 0, 2, 0
100587, 1, 0, 0, 0, 1, 0
100589, 1, 1, 1, 0, 1, 0
100590, 1, 0, 0, 0, 1, 0
100591, 1, 0, 0, 0, 1, 0
100592, 1, 0, 0, 0, 0, 1
100593, 0, 1, 0, 1, 0, 0
100594, 1, 0, 0, 0, 1, 0
100596, 3, 0, 0, 0, 3, 0
100598, 0, 1, 1, 0, 0, 0
100599, 1, 0, 0, 0, 1, 0
100600, 0, 1, 1, 0, 0, 0
100601, 1, 0, 0, 0, 1, 0
100602, 1, 0, 0, 0, 1, 0
100603, 1, 0, 0, 0, 1, 0
100604, 0, 1, 1, 0, 0, 0
100609, 1, 0, 0, 0, 1, 0
100610, 1, 0, 0, 0, 1, 0
100611, 1, 0, 0, 0, 0, 1
100614, 11, 4, 4, 0, 9, 2
100615, 1, 0, 0, 0, 0, 1
100619, 1, 0, 0, 0, 0, 1
100620, 1, 0, 0, 0, 1, 0
100621, 1, 0, 0, 0, 1, 0
100622, 0, 1, 1, 0, 0, 0
100624, 3, 0, 0, 0, 3, 0
100627, 1, 0, 0, 0, 0, 1
100631, 1, 0, 0, 0, 1, 0
100632, 1, 0, 0, 0, 1, 0
100634, 1, 0, 0, 0, 1, 0
100635, 1, 0, 0, 0, 1, 0
100637, 1, 0, 0, 0, 1, 0
100638, 1, 0, 0, 0, 1, 0
100639, 1, 0, 0, 0, 1, 0
100640, 1, 0, 0, 0, 1, 0
100641, 1, 0, 0, 0, 1, 0
100642, 1, 0, 0, 0, 1, 0
100644, 1, 0, 0, 0, 1, 0
100645, 2, 0, 0, 0, 2, 0
100646, 1, 0, 0, 0, 1, 0
100647, 1, 0, 0, 0, 1, 0
100648, 1, 0, 0, 0, 1, 0
100649, 0, 1, 1, 0, 0, 0
100650, 4, 0, 0, 0, 4, 0
100653, 1, 0, 0, 0, 1, 0
104589, 0, 2, 2, 0, 0, 0
112341, 4, 6, 5, 1, 4, 0
114726, 0, 2, 2, 0, 0, 0
121025, 0, 1, 1, 0, 0, 0
121026, 0, 1, 1, 0, 0, 0
121027, 0, 1, 1, 0, 0, 0
123249, 0, 1, 1, 0, 0, 0
123250, 0, 1, 1, 0, 0, 0
123251, 0, 1, 1, 0, 0, 0
117433, 0, 2, 1, 1, 0, 0
107480, 2, 1, 1, 0, 2, 0
100926, 0, 2, 0, 2, 0, 0
100659, 1, 0, 0, 0, 1, 0
100660, 1, 0, 0, 0, 1, 0
100661, 1, 0, 0, 0, 1, 0
113301, 2, 1, 1, 0, 2, 0
100665, 1, 0, 0, 0, 1, 0
100666, 0, 1, 1, 0, 0, 0
100667, 5, 0, 0, 0, 5, 0
100671, 1, 0, 0, 0, 1, 0
100672, 1, 0, 0, 0, 1, 0
100673, 1, 0, 0, 0, 1, 0
100674, 0, 1, 1, 0, 0, 0
100675, 1, 0, 0, 0, 1, 0
100676, 4, 0, 0, 0, 4, 0
100677, 1, 0, 0, 0, 1, 0
100678, 3, 0, 0, 0, 3, 0
100679, 1, 0, 0, 0, 1, 0
100680, 1, 0, 0, 0, 1, 0
100681, 1, 0, 0, 0, 1, 0
100682, 4, 0, 0, 0, 4, 0
100683, 0, 1, 1, 0, 0, 0
100684, 2, 0, 0, 0, 2, 0
100686, 1, 0, 0, 0, 1, 0
100687, 3, 0, 0, 0, 2, 1
101080, 1, 1, 1, 0, 1, 0
100690, 1, 0, 0, 0, 1, 0
100691, 1, 0, 0, 0, 1, 0
100692, 1, 0, 0, 0, 1, 0
100694, 1, 0, 0, 0, 1, 0
100695, 1, 0, 0, 0, 0, 1
100696, 2, 0, 0, 0, 2, 0
100697, 1, 0, 0, 0, 1, 0
100698, 1, 0, 0, 0, 1, 0
100699, 2, 0, 0, 0, 2, 0
100700, 1, 0, 0, 0, 1, 0
100701, 2, 0, 0, 0, 1, 1
100705, 0, 5, 5, 0, 0, 0
100707, 1, 0, 0, 0, 1, 0
100710, 0, 1, 1, 0, 0, 0
100711, 1, 0, 0, 0, 1, 0
100713, 1, 0, 0, 0, 1, 0
100714, 1, 0, 0, 0, 1, 0
100715, 4, 0, 0, 0, 4, 0
100716, 1, 0, 0, 0, 1, 0
100717, 1, 0, 0, 0, 0, 1
100718, 2, 0, 0, 0, 2, 0
100719, 1, 0, 0, 0, 1, 0
100720, 3, 0, 0, 0, 3, 0
100721, 0, 1, 1, 0, 0, 0
115917, 6, 3, 3, 0, 6, 0
128009, 1, 1, 1, 0, 1, 0
100726, 1, 0, 0, 0, 1, 0
100727, 1, 0, 0, 0, 1, 0
100728, 4, 0, 0, 0, 3, 1
100729, 1, 0, 0, 0, 1, 0
100730, 0, 1, 1, 0, 0, 0
100731, 1, 0, 0, 0, 1, 0
100732, 1, 0, 0, 0, 0, 1
100733, 0, 3, 2, 1, 0, 0
100734, 1, 0, 0, 0, 1, 0
100735, 1, 0, 0, 0, 1, 0
100736, 2, 0, 0, 0, 0, 2
100737, 1, 0, 0, 0, 1, 0
100740, 1, 0, 0, 0, 1, 0
100741, 0, 1, 1, 0, 0, 0
100743, 5, 1, 0, 1, 5, 0
100746, 1, 0, 0, 0, 1, 0
100748, 1, 0, 0, 0, 1, 0
100749, 3, 0, 0, 0, 3, 0
100750, 0, 1, 1, 0, 0, 0
100752, 1, 0, 0, 0, 1, 0
101789, 0, 1, 1, 0, 0, 0
100755, 1, 0, 0, 0, 1, 0
100756, 1, 0, 0, 0, 0, 1
100757, 1, 0, 0, 0, 1, 0
100760, 1, 0, 0, 0, 1, 0
100761, 0, 5, 5, 0, 0, 0
100767, 2, 0, 0, 0, 2, 0
114369, 0, 1, 1, 0, 0, 0
100775, 1, 0, 0, 0, 0, 1
100776, 2, 0, 0, 0, 2, 0
100777, 1, 0, 0, 0, 1, 0
100778, 1, 0, 0, 0, 1, 0
100779, 1, 0, 0, 0, 1, 0
100780, 1, 0, 0, 0, 1, 0
100782, 4, 0, 0, 0, 4, 0
100786, 1, 0, 0, 0, 1, 0
100787, 1, 0, 0, 0, 1, 0
100788, 0, 2, 2, 0, 0, 0
100790, 1, 0, 0, 0, 1, 0
100791, 1, 0, 0, 0, 1, 0
100792, 1, 0, 0, 0, 1, 0
100797, 1, 0, 0, 0, 1, 0
100798, 7, 1, 1, 0, 7, 0
106442, 1, 1, 1, 0, 1, 0
120787, 0, 1, 1, 0, 0, 0
100799, 1, 0, 0, 0, 1, 0
100802, 2, 0, 0, 0, 0, 2
100805, 1, 0, 0, 0, 1, 0
100806, 1, 0, 0, 0, 1, 0
100807, 1, 0, 0, 0, 1, 0
100808, 1, 0, 0, 0, 1, 0
100811, 1, 0, 0, 0, 1, 0
100812, 2, 0, 0, 0, 1, 1
100814, 1, 0, 0, 0, 0, 1
100815, 1, 0, 0, 0, 1, 0
100820, 1, 0, 0, 0, 1, 0
100821, 5, 0, 0, 0, 5, 0
100822, 3, 0, 0, 0, 0, 3
100824, 1, 0, 0, 0, 0, 1
100825, 1, 0, 0, 0, 1, 0
100826, 1, 0, 0, 0, 1, 0
100827, 1, 0, 0, 0, 1, 0
100828, 2, 0, 0, 0, 2, 0
100829, 2, 0, 0, 0, 2, 0
100832, 1, 0, 0, 0, 1, 0
100833, 0, 1, 1, 0, 0, 0
100835, 1, 0, 0, 0, 1, 0
100836, 0, 1, 1, 0, 0, 0
100838, 1, 0, 0, 0, 0, 1
100839, 1, 0, 0, 0, 1, 0
100840, 0, 1, 1, 0, 0, 0
100842, 1, 0, 0, 0, 1, 0
100848, 1, 0, 0, 0, 1, 0
100849, 2, 0, 0, 0, 2, 0
100851, 2, 0, 0, 0, 2, 0
100852, 0, 1, 1, 0, 0, 0
100853, 1, 0, 0, 0, 1, 0
126438, 0, 1, 1, 0, 0, 0
100896, 0, 1, 1, 0, 0, 0
100857, 1, 0, 0, 0, 1, 0
100858, 5, 0, 0, 0, 4, 1
100865, 0, 1, 1, 0, 0, 0
100863, 1, 0, 0, 0, 1, 0
100866, 1, 0, 0, 0, 1, 0
100867, 1, 0, 0, 0, 1, 0
100868, 2, 0, 0, 0, 2, 0
100869, 1, 0, 0, 0, 1, 0
100870, 2, 0, 0, 0, 2, 0
101202, 2, 1, 1, 0, 2, 0
115594, 0, 1, 1, 0, 0, 0
116224, 1, 1, 1, 0, 1, 0
116853, 1, 1, 1, 0, 0, 1
130339, 1, 1, 1, 0, 1, 0
100872, 1, 0, 0, 0, 1, 0
100873, 1, 0, 0, 0, 1, 0
100875, 1, 0, 0, 0, 1, 0
110815, 0, 1, 1, 0, 0, 0
100878, 1, 0, 0, 0, 1, 0
100879, 1, 1, 1, 0, 1, 0
100880, 1, 0, 0, 0, 1, 0
100881, 1, 0, 0, 0, 1, 0
100883, 1, 0, 0, 0, 1, 0
100884, 2, 0, 0, 0, 2, 0
100885, 1, 0, 0, 0, 1, 0
100886, 1, 0, 0, 0, 0, 1
100887, 6, 0, 0, 0, 6, 0
127638, 0, 1, 1, 0, 0, 0
100888, 3, 0, 0, 0, 2, 1
100889, 1, 0, 0, 0, 1, 0
100890, 1, 0, 0, 0, 1, 0
100891, 3, 1, 1, 0, 3, 0
106594, 0, 2, 2, 0, 0, 0
100893, 1, 0, 0, 0, 1, 0
100895, 1, 0, 0, 0, 1, 0
100898, 1, 0, 0, 0, 1, 0
100899, 1, 0, 0, 0, 1, 0
100900, 1, 0, 0, 0, 1, 0
100902, 2, 0, 0, 0, 2, 0
100903, 3, 0, 0, 0, 1, 2
100904, 8, 0, 0, 0, 8, 0
100916, 0, 1, 1, 0, 0, 0
118835, 0, 1, 1, 0, 0, 0
121288, 0, 1, 1, 0, 0, 0
100905, 8, 1, 1, 0, 6, 2
100906, 2, 2, 2, 0, 2, 0
100907, 1, 1, 1, 0, 1, 0
100908, 1, 0, 0, 0, 1, 0
100909, 0, 1, 1, 0, 0, 0
100912, 1, 0, 0, 0, 1, 0
100913, 15, 0, 0, 0, 15, 0
100914, 0, 1, 1, 0, 0, 0
103238, 0, 3, 3, 0, 0, 0
117828, 0, 1, 1, 0, 0, 0
126665, 0, 1, 1, 0, 0, 0
100915, 2, 0, 0, 0, 2, 0
100917, 1, 1, 1, 0, 1, 0
100918, 11, 1, 1, 0, 9, 2
100919, 0, 1, 1, 0, 0, 0
100920, 1, 0, 0, 0, 1, 0
100922, 1, 0, 0, 0, 1, 0
100923, 1, 1, 1, 0, 0, 1
100925, 1, 0, 0, 0, 1, 0
100929, 1, 0, 0, 0, 0, 1
100930, 1, 0, 0, 0, 0, 1
100931, 0, 1, 0, 1, 0, 0
100932, 1, 0, 0, 0, 1, 0
100933, 5, 1, 1, 0, 5, 0
116700, 0, 1, 1, 0, 0, 0
100937, 2, 0, 0, 0, 2, 0
100938, 1, 0, 0, 0, 1, 0
100940, 2, 0, 0, 0, 2, 0
100941, 1, 0, 0, 0, 1, 0
100945, 1, 0, 0, 0, 1, 0
100946, 1, 0, 0, 0, 1, 0
100947, 0, 1, 1, 0, 0, 0
100948, 2, 0, 0, 0, 2, 0
100949, 1, 0, 0, 0, 1, 0
100950, 0, 1, 1, 0, 0, 0
100952, 1, 0, 0, 0, 1, 0
100953, 0, 1, 1, 0, 0, 0
100954, 10, 0, 0, 0, 10, 0
100955, 1, 0, 0, 0, 1, 0
100956, 1, 0, 0, 0, 1, 0
100959, 1, 0, 0, 0, 1, 0
100961, 1, 1, 1, 0, 1, 0
100962, 1, 0, 0, 0, 1, 0
100963, 1, 0, 0, 0, 1, 0
100964, 1, 0, 0, 0, 1, 0
100965, 2, 0, 0, 0, 2, 0
100967, 5, 0, 0, 0, 5, 0
100968, 2, 2, 2, 0, 2, 0
103843, 0, 2, 1, 1, 0, 0
100970, 1, 0, 0, 0, 1, 0
100971, 0, 1, 1, 0, 0, 0
100972, 2, 0, 0, 0, 2, 0
100973, 1, 0, 0, 0, 1, 0
100974, 1, 0, 0, 0, 0, 1
100976, 1, 0, 0, 0, 1, 0
100977, 1, 0, 0, 0, 0, 1
100978, 1, 0, 0, 0, 0, 1
100982, 1, 0, 0, 0, 1, 0
100983, 1, 0, 0, 0, 1, 0
100984, 1, 0, 0, 0, 1, 0
100985, 1, 0, 0, 0, 1, 0
100987, 1, 0, 0, 0, 1, 0
100988, 8, 0, 0, 0, 7, 1
100989, 1, 0, 0, 0, 1, 0
100993, 3, 1, 1, 0, 3, 0
100996, 1, 0, 0, 0, 1, 0
100997, 1, 1, 0, 1, 1, 0
100998, 1, 0, 0, 0, 1, 0
100999, 1, 0, 0, 0, 1, 0
101000, 1, 0, 0, 0, 1, 0
101004, 1, 0, 0, 0, 1, 0
101488, 0, 2, 2, 0, 0, 0
101007, 2, 0, 0, 0, 1, 1
101008, 3, 0, 0, 0, 2, 1
101011, 1, 0, 0, 0, 1, 0
112477, 0, 1, 0, 1, 0, 0
101013, 1, 0, 0, 0, 1, 0
101018, 1, 0, 0, 0, 1, 0
101019, 1, 0, 0, 0, 1, 0
101020, 2, 0, 0, 0, 2, 0
101021, 1, 0, 0, 0, 1, 0
101022, 1, 0, 0, 0, 1, 0
101025, 3, 0, 0, 0, 2, 1
101026, 1, 0, 0, 0, 1, 0
115001, 2, 5, 5, 0, 2, 0
123819, 1, 1, 1, 0, 1, 0
124253, 0, 1, 0, 1, 0, 0
101030, 1, 0, 0, 0, 1, 0
101031, 1, 0, 0, 0, 1, 0
101032, 1, 0, 0, 0, 1, 0
101033, 0, 1, 1, 0, 0, 0
101034, 1, 0, 0, 0, 1, 0
101035, 1, 0, 0, 0, 1, 0
101036, 1, 0, 0, 0, 1, 0
101037, 1, 0, 0, 0, 1, 0
101038, 0, 1, 1, 0, 0, 0
101040, 1, 0, 0, 0, 1, 0
101041, 1, 0, 0, 0, 1, 0
101042, 4, 0, 0, 0, 3, 1
105188, 0, 1, 1, 0, 0, 0
101045, 1, 0, 0, 0, 1, 0
101046, 1, 0, 0, 0, 1, 0
101047, 2, 0, 0, 0, 2, 0
101050, 1, 0, 0, 0, 1, 0
101052, 2, 0, 0, 0, 2, 0
101054, 1, 0, 0, 0, 1, 0
101055, 1, 0, 0, 0, 1, 0
101056, 1, 1, 1, 0, 1, 0
101057, 1, 0, 0, 0, 1, 0
101060, 1, 0, 0, 0, 1, 0
101061, 1, 0, 0, 0, 1, 0
101065, 1, 0, 0, 0, 1, 0
101066, 1, 0, 0, 0, 1, 0
101067, 0, 1, 1, 0, 0, 0
101068, 3, 0, 0, 0, 3, 0
101069, 1, 0, 0, 0, 1, 0
101070, 1, 0, 0, 0, 1, 0
101073, 1, 0, 0, 0, 1, 0
101074, 2, 0, 0, 0, 2, 0
101077, 1, 0, 0, 0, 1, 0
101372, 0, 1, 0, 1, 0, 0
121855, 0, 1, 0, 1, 0, 0
126457, 0, 1, 0, 1, 0, 0
101079, 2, 0, 0, 0, 2, 0
101082, 1, 0, 0, 0, 1, 0
101083, 6, 0, 0, 0, 4, 2
101084, 1, 0, 0, 0, 1, 0
101086, 1, 0, 0, 0, 1, 0
101088, 1, 0, 0, 0, 1, 0
101089, 0, 1, 1, 0, 0, 0
101091, 1, 0, 0, 0, 1, 0
101092, 1, 0, 0, 0, 1, 0
101095, 1, 0, 0, 0, 1, 0
101096, 1, 0, 0, 0, 1, 0
101098, 1, 0, 0, 0, 0, 1
101100, 3, 0, 0, 0, 3, 0
101101, 0, 1, 1, 0, 0, 0
101102, 1, 0, 0, 0, 1, 0
101103, 0, 1, 1, 0, 0, 0
101104, 1, 0, 0, 0, 1, 0
101105, 1, 0, 0, 0, 1, 0
101107, 9, 0, 0, 0, 9, 0
101108, 2, 0, 0, 0, 0, 2
101109, 1, 0, 0, 0, 1, 0
101110, 1, 0, 0, 0, 1, 0
103942, 1, 2, 2, 0, 1, 0
101115, 1, 0, 0, 0, 1, 0
101117, 1, 0, 0, 0, 1, 0
101118, 2, 0, 0, 0, 2, 0
101119, 0, 1, 1, 0, 0, 0
106210, 0, 1, 1, 0, 0, 0
101120, 1, 0, 0, 0, 1, 0
101245, 1, 1, 1, 0, 1, 0
101124, 1, 0, 0, 0, 1, 0
101125, 1, 0, 0, 0, 1, 0
101126, 2, 0, 0, 0, 2, 0
101127, 0, 1, 1, 0, 0, 0
101128, 0, 1, 1, 0, 0, 0
101132, 1, 0, 0, 0, 1, 0
101134, 2, 0, 0, 0, 2, 0
101135, 1, 0, 0, 0, 1, 0
101136, 1, 0, 0, 0, 1, 0
101137, 1, 0, 0, 0, 1, 0
101138, 0, 1, 1, 0, 0, 0
101139, 3, 0, 0, 0, 3, 0
101140, 1, 0, 0, 0, 1, 0
101142, 1, 0, 0, 0, 1, 0
101143, 1, 0, 0, 0, 1, 0
101144, 1, 0, 0, 0, 1, 0
101145, 1, 0, 0, 0, 1, 0
101146, 0, 1, 1, 0, 0, 0
101147, 1, 0, 0, 0, 1, 0
101148, 5, 0, 0, 0, 5, 0
101149, 2, 0, 0, 0, 2, 0
101150, 0, 1, 1, 0, 0, 0
101151, 0, 1, 1, 0, 0, 0
101155, 1, 0, 0, 0, 1, 0
101156, 1, 0, 0, 0, 0, 1
101158, 1, 0, 0, 0, 1, 0
101161, 1, 0, 0, 0, 1, 0
101164, 1, 0, 0, 0, 1, 0
101166, 1, 0, 0, 0, 1, 0
101167, 1, 0, 0, 0, 0, 1
101168, 0, 1, 0, 1, 0, 0
101170, 1, 0, 0, 0, 1, 0
101171, 1, 0, 0, 0, 1, 0
101172, 2, 0, 0, 0, 2, 0
101173, 5, 0, 0, 0, 5, 0
101175, 1, 0, 0, 0, 1, 0
101176, 1, 0, 0, 0, 1, 0
101177, 1, 0, 0, 0, 1, 0
101180, 1, 0, 0, 0, 0, 1
101181, 1, 0, 0, 0, 0, 1
101183, 1, 0, 0, 0, 1, 0
101185, 1, 0, 0, 0, 1, 0
101186, 2, 0, 0, 0, 2, 0
101187, 1, 0, 0, 0, 1, 0
101188, 1, 0, 0, 0, 1, 0
101189, 1, 0, 0, 0, 1, 0
101190, 0, 1, 1, 0, 0, 0
101191, 1, 1, 1, 0, 1, 0
101193, 1, 0, 0, 0, 1, 0
101195, 3, 0, 0, 0, 3, 0
101197, 5, 0, 0, 0, 5, 0
101198, 1, 0, 0, 0, 1, 0
101201, 1, 0, 0, 0, 1, 0
101203, 1, 0, 0, 0, 1, 0
101204, 1, 0, 0, 0, 1, 0
101205, 2, 0, 0, 0, 1, 1
101206, 1, 0, 0, 0, 1, 0
101207, 1, 0, 0, 0, 1, 0
101208, 0, 1, 1, 0, 0, 0
101209, 1, 0, 0, 0, 1, 0
101210, 1, 0, 0, 0, 1, 0
101214, 1, 0, 0, 0, 1, 0
101215, 1, 0, 0, 0, 1, 0
101216, 1, 1, 1, 0, 1, 0
101217, 1, 0, 0, 0, 1, 0
101218, 1, 0, 0, 0, 1, 0
101219, 0, 1, 1, 0, 0, 0
101220, 3, 0, 0, 0, 3, 0
101224, 5, 0, 0, 0, 4, 1
101417, 0, 1, 1, 0, 0, 0
101227, 2, 0, 0, 0, 2, 0
101228, 3, 0, 0, 0, 2, 1
101229, 0, 1, 1, 0, 0, 0
101230, 1, 0, 0, 0, 1, 0
101231, 1, 0, 0, 0, 1, 0
101232, 1, 0, 0, 0, 1, 0
101233, 1, 0, 0, 0, 1, 0
101234, 1, 0, 0, 0, 0, 1
101239, 1, 0, 0, 0, 0, 1
101241, 6, 0, 0, 0, 6, 0
101243, 1, 0, 0, 0, 1, 0
101244, 1, 0, 0, 0, 1, 0
101246, 1, 0, 0, 0, 1, 0
101247, 4, 0, 0, 0, 4, 0
103102, 0, 2, 2, 0, 0, 0
101248, 1, 0, 0, 0, 1, 0
101250, 1, 0, 0, 0, 1, 0
101252, 1, 0, 0, 0, 1, 0
101256, 1, 0, 0, 0, 0, 1
101257, 1, 0, 0, 0, 1, 0
101261, 2, 0, 0, 0, 2, 0
101262, 1, 0, 0, 0, 1, 0
101263, 0, 1, 1, 0, 0, 0
101264, 1, 0, 0, 0, 1, 0
102206, 0, 1, 1, 0, 0, 0
103147, 0, 1, 1, 0, 0, 0
104585, 7, 1, 1, 0, 7, 0
104588, 0, 1, 1, 0, 0, 0
104923, 4, 2, 2, 0, 4, 0
104956, 0, 1, 1, 0, 0, 0
110649, 0, 1, 1, 0, 0, 0
101267, 1, 0, 0, 0, 1, 0
101268, 1, 0, 0, 0, 1, 0
101269, 0, 1, 1, 0, 0, 0
101270, 1, 0, 0, 0, 1, 0
101271, 2, 0, 0, 0, 2, 0
101272, 2, 0, 0, 0, 2, 0
101273, 0, 1, 1, 0, 0, 0
101274, 1, 0, 0, 0, 1, 0
101275, 1, 0, 0, 0, 1, 0
101276, 0, 1, 1, 0, 0, 0
101280, 1, 0, 0, 0, 1, 0
101284, 2, 0, 0, 0, 2, 0
101285, 1, 0, 0, 0, 1, 0
101286, 8, 1, 1, 0, 3, 5
101288, 0, 1, 1, 0, 0, 0
101287, 1, 0, 0, 0, 1, 0
101289, 4, 0, 0, 0, 3, 1
101291, 0, 1, 1, 0, 0, 0
101292, 1, 0, 0, 0, 1, 0
101293, 1, 0, 0, 0, 1, 0
101294, 1, 0, 0, 0, 1, 0
101295, 4, 0, 0, 0, 4, 0
101297, 1, 0, 0, 0, 1, 0
101298, 1, 0, 0, 0, 0, 1
101299, 1, 0, 0, 0, 1, 0
101300, 5, 0, 0, 0, 3, 2
101301, 1, 0, 0, 0, 1, 0
101302, 1, 0, 0, 0, 1, 0
101303, 0, 1, 1, 0, 0, 0
101304, 2, 0, 0, 0, 2, 0
101305, 1, 0, 0, 0, 1, 0
101306, 1, 0, 0, 0, 0, 1
101307, 1, 0, 0, 0, 1, 0
101308, 1, 0, 0, 0, 1, 0
101310, 1, 0, 0, 0, 1, 0
101312, 1, 1, 1, 0, 1, 0
101313, 1, 3, 3, 0, 1, 0
101314, 2, 0, 0, 0, 2, 0
101315, 5, 0, 0, 0, 5, 0
101317, 1, 0, 0, 0, 1, 0
101318, 1, 0, 0, 0, 1, 0
101320, 1, 0, 0, 0, 1, 0
101324, 1, 0, 0, 0, 1, 0
101325, 1, 0, 0, 0, 0, 1
101326, 2, 0, 0, 0, 2, 0
101327, 2, 0, 0, 0, 2, 0
101328, 0, 1, 1, 0, 0, 0
101331, 0, 1, 1, 0, 0, 0
101332, 1, 0, 0, 0, 1, 0
101336, 1, 0, 0, 0, 1, 0
101338, 1, 0, 0, 0, 1, 0
101339, 1, 0, 0, 0, 1, 0
101340, 1, 0, 0, 0, 1, 0
101341, 1, 0, 0, 0, 1, 0
101345, 1, 0, 0, 0, 0, 1
101346, 0, 2, 1, 1, 0, 0
101348, 3, 0, 0, 0, 2, 1
118621, 0, 1, 1, 0, 0, 0
101349, 1, 0, 0, 0, 1, 0
101350, 3, 0, 0, 0, 3, 0
101366, 0, 1, 1, 0, 0, 0
101353, 1, 0, 0, 0, 1, 0
101354, 1, 0, 0, 0, 1, 0
101355, 2, 0, 0, 0, 2, 0
102717, 0, 1, 1, 0, 0, 0
101357, 2, 0, 0, 0, 1, 1
101358, 1, 0, 0, 0, 1, 0
101361, 6, 0, 0, 0, 6, 0
103622, 6, 5, 5, 0, 6, 0
104084, 6, 5, 5, 0, 5, 1
101362, 1, 0, 0, 0, 1, 0
101363, 1, 0, 0, 0, 1, 0
101365, 2, 0, 0, 0, 2, 0
101369, 1, 0, 0, 0, 1, 0
101370, 1, 0, 0, 0, 1, 0
101371, 2, 0, 0, 0, 2, 0
101375, 1, 0, 0, 0, 1, 0
101376, 1, 0, 0, 0, 1, 0
101378, 1, 0, 0, 0, 1, 0
101379, 1, 0, 0, 0, 1, 0
101380, 0, 1, 1, 0, 0, 0
101381, 1, 0, 0, 0, 1, 0
101382, 3, 0, 0, 0, 3, 0
101383, 1, 0, 0, 0, 1, 0
101384, 1, 0, 0, 0, 1, 0
101386, 3, 0, 0, 0, 3, 0
101389, 2, 0, 0, 0, 2, 0
101390, 0, 1, 1, 0, 0, 0
101391, 5, 0, 0, 0, 5, 0
101393, 2, 0, 0, 0, 2, 0
101394, 0, 1, 1, 0, 0, 0
101395, 2, 0, 0, 0, 2, 0
121479, 0, 1, 1, 0, 0, 0
101396, 1, 0, 0, 0, 1, 0
101398, 1, 0, 0, 0, 1, 0
101401, 1, 0, 0, 0, 1, 0
101402, 1, 0, 0, 0, 1, 0
101404, 1, 0, 0, 0, 1, 0
101405, 1, 0, 0, 0, 1, 0
101408, 1, 1, 1, 0, 1, 0
101413, 1, 0, 0, 0, 1, 0
101415, 1, 0, 0, 0, 1, 0
101416, 0, 1, 1, 0, 0, 0
101419, 1, 0, 0, 0, 1, 0
101420, 0, 1, 1, 0, 0, 0
101421, 1, 0, 0, 0, 1, 0
105745, 0, 1, 1, 0, 0, 0
101423, 1, 0, 0, 0, 1, 0
101424, 0, 1, 1, 0, 0, 0
101425, 1, 0, 0, 0, 1, 0
101427, 1, 0, 0, 0, 1, 0
101429, 2, 0, 0, 0, 1, 1
101435, 1, 0, 0, 0, 1, 0
101437, 1, 0, 0, 0, 1, 0
101438, 1, 0, 0, 0, 1, 0
101440, 2, 0, 0, 0, 2, 0
101441, 1, 0, 0, 0, 0, 1
101444, 1, 0, 0, 0, 1, 0
107721, 7, 1, 1, 0, 7, 0
117911, 1, 1, 1, 0, 1, 0
101449, 4, 0, 0, 0, 0, 4
101451, 1, 0, 0, 0, 1, 0
101452, 1, 0, 0, 0, 1, 0
101461, 1, 0, 0, 0, 1, 0
101464, 1, 0, 0, 0, 1, 0
101466, 4, 0, 0, 0, 4, 0
101467, 2, 2, 1, 1, 2, 0
101468, 1, 0, 0, 0, 1, 0
101469, 1, 1, 1, 0, 1, 0
101470, 0, 1, 1, 0, 0, 0
101471, 1, 0, 0, 0, 1, 0
101474, 1, 0, 0, 0, 1, 0
101476, 1, 1, 1, 0, 1, 0
101477, 0, 1, 1, 0, 0, 0
101478, 1, 0, 0, 0, 1, 0
101479, 1, 0, 0, 0, 1, 0
101481, 1, 0, 0, 0, 1, 0
101483, 1, 0, 0, 0, 1, 0
101486, 1, 0, 0, 0, 1, 0
101487, 1, 0, 0, 0, 1, 0
101489, 2, 0, 0, 0, 2, 0
101490, 1, 0, 0, 0, 1, 0
101491, 1, 0, 0, 0, 1, 0
101492, 1, 0, 0, 0, 1, 0
101493, 1, 0, 0, 0, 1, 0
101494, 1, 0, 0, 0, 0, 1
101495, 2, 0, 0, 0, 2, 0
101496, 1, 0, 0, 0, 1, 0
101497, 0, 1, 1, 0, 0, 0
101498, 2, 0, 0, 0, 2, 0
101499, 1, 0, 0, 0, 1, 0
101501, 3, 0, 0, 0, 1, 2
101503, 2, 0, 0, 0, 2, 0
101505, 1, 0, 0, 0, 1, 0
101506, 1, 0, 0, 0, 0, 1
101508, 1, 0, 0, 0, 1, 0
101509, 0, 4, 4, 0, 0, 0
101510, 1, 0, 0, 0, 1, 0
101512, 1, 0, 0, 0, 1, 0
101513, 0, 1, 1, 0, 0, 0
101514, 7, 0, 0, 0, 7, 0
101515, 1, 0, 0, 0, 1, 0
101516, 1, 0, 0, 0, 1, 0
101517, 1, 0, 0, 0, 1, 0
101518, 1, 0, 0, 0, 1, 0
101519, 1, 0, 0, 0, 1, 0
101520, 1, 0, 0, 0, 1, 0
101521, 2, 0, 0, 0, 2, 0
101522, 1, 0, 0, 0, 0, 1
101525, 1, 0, 0, 0, 0, 1
101526, 3, 0, 0, 0, 3, 0
101529, 1, 0, 0, 0, 1, 0
101533, 1, 0, 0, 0, 1, 0
101534, 1, 0, 0, 0, 1, 0
101537, 1, 0, 0, 0, 1, 0
101538, 1, 0, 0, 0, 1, 0
101540, 2, 0, 0, 0, 2, 0
101542, 1, 0, 0, 0, 1, 0
101543, 2, 0, 0, 0, 2, 0
101547, 1, 0, 0, 0, 1, 0
101548, 1, 0, 0, 0, 1, 0
101549, 0, 1, 1, 0, 0, 0
101550, 1, 0, 0, 0, 1, 0
101552, 1, 0, 0, 0, 1, 0
101555, 3, 0, 0, 0, 3, 0
101556, 1, 0, 0, 0, 0, 1
101557, 1, 0, 0, 0, 1, 0
101559, 1, 0, 0, 0, 1, 0
101822, 4, 2, 2, 0, 4, 0
131388, 0, 1, 1, 0, 0, 0
101562, 1, 0, 0, 0, 1, 0
101563, 1, 0, 0, 0, 1, 0
101564, 1, 0, 0, 0, 1, 0
101565, 1, 0, 0, 0, 1, 0
101567, 1, 0, 0, 0, 1, 0
101568, 0, 2, 2, 0, 0, 0
101569, 3, 1, 1, 0, 3, 0
101570, 0, 1, 1, 0, 0, 0
101571, 1, 0, 0, 0, 1, 0
101572, 1, 0, 0, 0, 1, 0
101574, 1, 0, 0, 0, 1, 0
101575, 1, 0, 0, 0, 0, 1
101576, 1, 0, 0, 0, 0, 1
101577, 2, 0, 0, 0, 1, 1
101578, 1, 0, 0, 0, 1, 0
101579, 1, 0, 0, 0, 1, 0
101582, 1, 0, 0, 0, 1, 0
101584, 1, 0, 0, 0, 1, 0
101585, 2, 0, 0, 0, 1, 1
101590, 0, 1, 0, 1, 0, 0
101587, 2, 0, 0, 0, 2, 0
101588, 1, 0, 0, 0, 1, 0
101591, 1, 0, 0, 0, 1, 0
101592, 5, 0, 0, 0, 4, 1
101593, 1, 0, 0, 0, 1, 0
101594, 1, 0, 0, 0, 0, 1
101595, 14, 0, 0, 0, 14, 0
101634, 0, 1, 1, 0, 0, 0
101596, 1, 0, 0, 0, 1, 0
101597, 2, 0, 0, 0, 2, 0
101598, 1, 0, 0, 0, 1, 0
104026, 4, 2, 2, 0, 4, 0
101600, 3, 0, 0, 0, 3, 0
101602, 1, 0, 0, 0, 1, 0
101603, 1, 0, 0, 0, 1, 0
101604, 1, 0, 0, 0, 1, 0
101605, 1, 0, 0, 0, 1, 0
101607, 1, 0, 0, 0, 1, 0
101613, 1, 0, 0, 0, 1, 0
101614, 1, 0, 0, 0, 1, 0
101615, 1, 0, 0, 0, 1, 0
101617, 2, 0, 0, 0, 1, 1
101619, 1, 0, 0, 0, 0, 1
101622, 1, 0, 0, 0, 1, 0
101623, 1, 0, 0, 0, 1, 0
101624, 1, 0, 0, 0, 1, 0
101625, 1, 0, 0, 0, 1, 0
101626, 4, 0, 0, 0, 4, 0
101631, 0, 1, 1, 0, 0, 0
101627, 1, 0, 0, 0, 1, 0
101628, 0, 1, 1, 0, 0, 0
101629, 1, 0, 0, 0, 1, 0
101633, 1, 0, 0, 0, 1, 0
101643, 1, 0, 0, 0, 1, 0
101644, 0, 2, 2, 0, 0, 0
101645, 1, 0, 0, 0, 1, 0
101646, 2, 1, 1, 0, 2, 0
130743, 0, 1, 1, 0, 0, 0
101647, 1, 0, 0, 0, 1, 0
101651, 1, 0, 0, 0, 0, 1
101652, 0, 1, 0, 1, 0, 0
101653, 4, 0, 0, 0, 2, 2
101654, 1, 0, 0, 0, 1, 0
101655, 2, 0, 0, 0, 2, 0
101656, 3, 1, 1, 0, 3, 0
101658, 2, 0, 0, 0, 2, 0
101659, 1, 0, 0, 0, 1, 0
101660, 1, 0, 0, 0, 1, 0
101661, 1, 0, 0, 0, 1, 0
101663, 1, 0, 0, 0, 1, 0
101664, 1, 0, 0, 0, 1, 0
101665, 1, 0, 0, 0, 1, 0
101667, 1, 0, 0, 0, 1, 0
101668, 0, 1, 1, 0, 0, 0
101670, 1, 0, 0, 0, 1, 0
101671, 7, 0, 0, 0, 7, 0
101672, 1, 0, 0, 0, 1, 0
101674, 1, 0, 0, 0, 0, 1
101675, 1, 0, 0, 0, 0, 1
101677, 1, 0, 0, 0, 1, 0
101679, 2, 0, 0, 0, 2, 0
101681, 1, 0, 0, 0, 1, 0
101684, 1, 0, 0, 0, 1, 0
101686, 1, 1, 1, 0, 1, 0
101687, 1, 0, 0, 0, 1, 0
101689, 3, 0, 0, 0, 3, 0
101690, 1, 0, 0, 0, 1, 0
101691, 1, 0, 0, 0, 1, 0
101692, 1, 0, 0, 0, 1, 0
101693, 2, 0, 0, 0, 0, 2
101694, 0, 1, 0, 1, 0, 0
101695, 1, 0, 0, 0, 1, 0
101696, 1, 0, 0, 0, 1, 0
101697, 0, 1, 1, 0, 0, 0
101698, 3, 0, 0, 0, 1, 2
101700, 1, 0, 0, 0, 1, 0
101701, 1, 0, 0, 0, 1, 0
101702, 1, 1, 1, 0, 1, 0
101703, 1, 0, 0, 0, 1, 0
101704, 1, 0, 0, 0, 0, 1
101705, 2, 0, 0, 0, 1, 1
101706, 1, 0, 0, 0, 1, 0
101707, 1, 0, 0, 0, 1, 0
101709, 2, 0, 0, 0, 2, 0
101710, 1, 0, 0, 0, 1, 0
101711, 1, 0, 0, 0, 1, 0
101717, 1, 0, 0, 0, 1, 0
101718, 1, 0, 0, 0, 1, 0
101719, 1, 0, 0, 0, 1, 0
101720, 1, 0, 0, 0, 1, 0
101722, 1, 0, 0, 0, 0, 1
101723, 1, 0, 0, 0, 1, 0
101724, 1, 0, 0, 0, 1, 0
101725, 2, 0, 0, 0, 2, 0
101728, 0, 2, 1, 1, 0, 0
101729, 1, 0, 0, 0, 1, 0
101730, 2, 0, 0, 0, 2, 0
101731, 1, 0, 0, 0, 1, 0
101733, 2, 0, 0, 0, 2, 0
101737, 1, 0, 0, 0, 1, 0
123862, 1, 1, 0, 1, 1, 0
128747, 2, 1, 1, 0, 2, 0
101744, 1, 0, 0, 0, 1, 0
101746, 0, 1, 1, 0, 0, 0
101747, 0, 2, 1, 1, 0, 0
101748, 1, 0, 0, 0, 1, 0
101749, 1, 0, 0, 0, 1, 0
101750, 1, 0, 0, 0, 1, 0
101751, 1, 0, 0, 0, 0, 1
101752, 1, 0, 0, 0, 1, 0
101753, 1, 0, 0, 0, 0, 1
101755, 2, 0, 0, 0, 2, 0
101756, 2, 0, 0, 0, 2, 0
115020, 0, 2, 2, 0, 0, 0
101758, 3, 0, 0, 0, 3, 0
101759, 2, 0, 0, 0, 2, 0
101760, 0, 2, 1, 1, 0, 0
101762, 1, 1, 1, 0, 1, 0
101763, 1, 1, 1, 0, 1, 0
101767, 1, 0, 0, 0, 1, 0
101768, 0, 1, 1, 0, 0, 0
101776, 2, 0, 0, 0, 2, 0
101779, 1, 0, 0, 0, 0, 1
101784, 1, 0, 0, 0, 1, 0
101786, 1, 0, 0, 0, 1, 0
101787, 1, 0, 0, 0, 1, 0
101790, 2, 0, 0, 0, 2, 0
101791, 0, 3, 3, 0, 0, 0
106273, 0, 1, 1, 0, 0, 0
101793, 0, 1, 1, 0, 0, 0
101794, 0, 1, 1, 0, 0, 0
101795, 0, 1, 1, 0, 0, 0
101796, 1, 0, 0, 0, 1, 0
101799, 4, 0, 0, 0, 4, 0
101800, 1, 0, 0, 0, 1, 0
101801, 1, 0, 0, 0, 1, 0
101807, 1, 0, 0, 0, 1, 0
101808, 2, 0, 0, 0, 2, 0
101809, 1, 0, 0, 0, 1, 0
101810, 4, 1, 1, 0, 4, 0
101811, 1, 0, 0, 0, 1, 0
101812, 1, 0, 0, 0, 1, 0
101813, 2, 0, 0, 0, 0, 2
101816, 1, 0, 0, 0, 1, 0
101817, 1, 0, 0, 0, 1, 0
101818, 1, 0, 0, 0, 1, 0
101819, 1, 0, 0, 0, 1, 0
103988, 2, 1, 1, 0, 2, 0
101823, 1, 0, 0, 0, 1, 0
101825, 1, 0, 0, 0, 1, 0
101827, 1, 0, 0, 0, 1, 0
101828, 0, 1, 1, 0, 0, 0
101829, 1, 0, 0, 0, 0, 1
101832, 0, 1, 1, 0, 0, 0
101833, 1, 0, 0, 0, 1, 0
101838, 0, 1, 0, 1, 0, 0
101839, 1, 0, 0, 0, 1, 0
101841, 1, 0, 0, 0, 1, 0
101842, 1, 0, 0, 0, 0, 1
101846, 1, 0, 0, 0, 1, 0
101847, 1, 1, 1, 0, 1, 0
101849, 0, 1, 1, 0, 0, 0
101850, 1, 0, 0, 0, 1, 0
101851, 1, 0, 0, 0, 1, 0
101852, 1, 0, 0, 0, 1, 0
101853, 2, 1, 1, 0, 2, 0
101855, 1, 0, 0, 0, 1, 0
101856, 1, 0, 0, 0, 1, 0
101857, 1, 0, 0, 0, 0, 1
101859, 3, 0, 0, 0, 3, 0
101861, 1, 1, 1, 0, 1, 0
101862, 1, 0, 0, 0, 1, 0
101863, 1, 1, 1, 0, 1, 0
101864, 1, 1, 1, 0, 1, 0
101865, 1, 0, 0, 0, 1, 0
101866, 1, 0, 0, 0, 1, 0
101868, 1, 0, 0, 0, 1, 0
101870, 7, 0, 0, 0, 6, 1
107821, 0, 1, 1, 0, 0, 0
111764, 0, 1, 1, 0, 0, 0
101873, 1, 0, 0, 0, 1, 0
101874, 1, 0, 0, 0, 0, 1
101875, 1, 0, 0, 0, 1, 0
101876, 1, 0, 0, 0, 1, 0
101877, 0, 2, 2, 0, 0, 0
101878, 2, 0, 0, 0, 2, 0
101879, 8, 0, 0, 0, 8, 0
101880, 1, 0, 0, 0, 1, 0
101882, 1, 0, 0, 0, 1, 0
101883, 1, 0, 0, 0, 1, 0
101884, 1, 0, 0, 0, 1, 0
101886, 5, 0, 0, 0, 5, 0
101887, 1, 0, 0, 0, 1, 0
101888, 1, 0, 0, 0, 1, 0
101889, 1, 0, 0, 0, 1, 0
101890, 2, 0, 0, 0, 2, 0
101891, 0, 1, 1, 0, 0, 0
101892, 2, 0, 0, 0, 2, 0
101893, 0, 1, 1, 0, 0, 0
101894, 1, 0, 0, 0, 1, 0
101895, 2, 0, 0, 0, 2, 0
101896, 0, 2, 2, 0, 0, 0
101899, 3, 0, 0, 0, 3, 0
101900, 2, 0, 0, 0, 2, 0
101906, 2, 0, 0, 0, 2, 0
102010, 0, 1, 1, 0, 0, 0
101907, 1, 1, 1, 0, 1, 0
101910, 2, 0, 0, 0, 2, 0
109898, 0, 3, 3, 0, 0, 0
101912, 1, 0, 0, 0, 1, 0
101913, 0, 1, 1, 0, 0, 0
101914, 1, 0, 0, 0, 1, 0
101915, 1, 0, 0, 0, 1, 0
101916, 1, 0, 0, 0, 1, 0
101920, 1, 0, 0, 0, 1, 0
101922, 1, 0, 0, 0, 1, 0
101923, 1, 0, 0, 0, 1, 0
101924, 1, 0, 0, 0, 1, 0
101925, 1, 0, 0, 0, 1, 0
122844, 0, 1, 1, 0, 0, 0
101927, 1, 0, 0, 0, 1, 0
101928, 1, 0, 0, 0, 1, 0
101930, 1, 0, 0, 0, 1, 0
101931, 0, 1, 1, 0, 0, 0
101932, 1, 0, 0, 0, 1, 0
101933, 1, 0, 0, 0, 1, 0
101934, 0, 1, 1, 0, 0, 0
101935, 1, 0, 0, 0, 1, 0
101936, 5, 0, 0, 0, 4, 1
116666, 1, 3, 3, 0, 0, 1
121489, 0, 1, 1, 0, 0, 0
101937, 2, 0, 0, 0, 2, 0
101938, 2, 0, 0, 0, 2, 0
101939, 3, 0, 0, 0, 3, 0
114519, 0, 3, 3, 0, 0, 0
130269, 0, 1, 0, 1, 0, 0
101942, 8, 0, 0, 0, 8, 0
101943, 1, 0, 0, 0, 1, 0
101945, 1, 0, 0, 0, 1, 0
101946, 1, 0, 0, 0, 1, 0
101949, 1, 0, 0, 0, 1, 0
101951, 2, 0, 0, 0, 2, 0
119648, 0, 3, 3, 0, 0, 0
101952, 1, 0, 0, 0, 1, 0
101954, 2, 0, 0, 0, 2, 0
106724, 2, 1, 0, 1, 2, 0
101956, 1, 0, 0, 0, 1, 0
101957, 0, 1, 1, 0, 0, 0
101958, 1, 0, 0, 0, 1, 0
101959, 1, 0, 0, 0, 1, 0
101960, 1, 0, 0, 0, 0, 1
101961, 1, 0, 0, 0, 1, 0
101963, 1, 0, 0, 0, 1, 0
101964, 1, 0, 0, 0, 1, 0
101965, 1, 0, 0, 0, 1, 0
101967, 2, 1, 1, 0, 2, 0
101968, 2, 0, 0, 0, 2, 0
101969, 3, 0, 0, 0, 3, 0
101970, 1, 0, 0, 0, 1, 0
101973, 2, 0, 0, 0, 2, 0
101974, 3, 0, 0, 0, 3, 0
101975, 1, 0, 0, 0, 1, 0
101976, 3, 0, 0, 0, 3, 0
101977, 1, 0, 0, 0, 0, 1
101983, 1, 0, 0, 0, 1, 0
101984, 1, 0, 0, 0, 0, 1
101987, 1, 0, 0, 0, 1, 0
101988, 0, 1, 1, 0, 0, 0
101989, 1, 0, 0, 0, 0, 1
101990, 0, 1, 0, 1, 0, 0
101991, 1, 0, 0, 0, 1, 0
101992, 4, 0, 0, 0, 2, 2
101993, 3, 0, 0, 0, 3, 0
101994, 1, 0, 0, 0, 1, 0
101996, 0, 3, 3, 0, 0, 0
101997, 1, 0, 0, 0, 1, 0
101998, 1, 1, 1, 0, 1, 0
101999, 1, 0, 0, 0, 1, 0
102002, 2, 0, 0, 0, 2, 0
102003, 1, 0, 0, 0, 1, 0
102004, 2, 0, 0, 0, 2, 0
102005, 1, 0, 0, 0, 1, 0
102006, 0, 1, 1, 0, 0, 0
102007, 1, 0, 0, 0, 0, 1
102008, 0, 1, 0, 1, 0, 0
102009, 1, 0, 0, 0, 1, 0
102011, 1, 0, 0, 0, 1, 0
102012, 1, 0, 0, 0, 1, 0
102013, 1, 0, 0, 0, 1, 0
102014, 2, 3, 3, 0, 2, 0
117540, 1, 1, 1, 0, 1, 0
102015, 1, 0, 0, 0, 1, 0
108666, 5, 2, 2, 0, 5, 0
108667, 0, 1, 1, 0, 0, 0
102017, 1, 0, 0, 0, 1, 0
102018, 1, 0, 0, 0, 0, 1
102019, 1, 0, 0, 0, 1, 0
102020, 0, 1, 1, 0, 0, 0
102026, 1, 0, 0, 0, 1, 0
102027, 1, 0, 0, 0, 1, 0
102028, 1, 0, 0, 0, 1, 0
102029, 1, 0, 0, 0, 1, 0
102030, 1, 0, 0, 0, 1, 0
102031, 1, 0, 0, 0, 1, 0
102032, 1, 0, 0, 0, 1, 0
102033, 1, 0, 0, 0, 1, 0
102035, 1, 0, 0, 0, 1, 0
102036, 0, 1, 1, 0, 0, 0
102037, 1, 0, 0, 0, 1, 0
102038, 1, 0, 0, 0, 1, 0
102039, 0, 1, 1, 0, 0, 0
102041, 3, 0, 0, 0, 2, 1
102042, 1, 0, 0, 0, 1, 0
102043, 1, 0, 0, 0, 0, 1
102044, 1, 0, 0, 0, 1, 0
102049, 1, 0, 0, 0, 1, 0
102050, 1, 0, 0, 0, 1, 0
102051, 1, 0, 0, 0, 1, 0
120436, 0, 1, 1, 0, 0, 0
102054, 1, 0, 0, 0, 0, 1
102055, 1, 0, 0, 0, 1, 0
102056, 2, 0, 0, 0, 1, 1
102057, 1, 0, 0, 0, 1, 0
102058, 1, 0, 0, 0, 1, 0
102065, 2, 0, 0, 0, 2, 0
102067, 1, 0, 0, 0, 1, 0
102069, 1, 0, 0, 0, 1, 0
102070, 1, 0, 0, 0, 1, 0
102071, 2, 0, 0, 0, 2, 0
102073, 15, 0, 0, 0, 15, 0
102076, 4, 1, 1, 0, 4, 0
102078, 1, 0, 0, 0, 1, 0
102079, 1, 0, 0, 0, 1, 0
102080, 0, 1, 1, 0, 0, 0
102083, 1, 0, 0, 0, 1, 0
102084, 1, 0, 0, 0, 1, 0
102085, 1, 0, 0, 0, 0, 1
102086, 5, 0, 0, 0, 5, 0
104559, 0, 1, 0, 1, 0, 0
102089, 1, 0, 0, 0, 1, 0
102091, 5, 0, 0, 0, 5, 0
102092, 1, 0, 0, 0, 1, 0
102093, 6, 0, 0, 0, 6, 0
102096, 1, 0, 0, 0, 1, 0
102097, 1, 0, 0, 0, 1, 0
102100, 1, 0, 0, 0, 1, 0
102101, 1, 0, 0, 0, 1, 0
102102, 2, 0, 0, 0, 2, 0
102103, 1, 0, 0, 0, 1, 0
102104, 1, 0, 0, 0, 1, 0
102106, 1, 1, 1, 0, 1, 0
102110, 1, 0, 0, 0, 1, 0
102111, 0, 1, 1, 0, 0, 0
102113, 2, 0, 0, 0, 2, 0
102114, 1, 0, 0, 0, 1, 0
102115, 1, 0, 0, 0, 0, 1
102117, 1, 0, 0, 0, 1, 0
102118, 1, 0, 0, 0, 1, 0
102119, 1, 0, 0, 0, 1, 0
102121, 6, 0, 0, 0, 6, 0
102122, 1, 0, 0, 0, 1, 0
102123, 1, 0, 0, 0, 0, 1
102124, 2, 0, 0, 0, 1, 1
102127, 3, 0, 0, 0, 3, 0
102128, 0, 1, 1, 0, 0, 0
102129, 1, 1, 1, 0, 1, 0
102131, 1, 0, 0, 0, 1, 0
102133, 1, 0, 0, 0, 0, 1
102137, 5, 0, 0, 0, 3, 2
102138, 1, 0, 0, 0, 1, 0
102140, 2, 0, 0, 0, 2, 0
102142, 1, 0, 0, 0, 1, 0
102146, 1, 0, 0, 0, 1, 0
102147, 1, 0, 0, 0, 0, 1
102148, 1, 0, 0, 0, 1, 0
102155, 0, 2, 2, 0, 0, 0
102150, 2, 0, 0, 0, 2, 0
102152, 1, 0, 0, 0, 1, 0
102153, 3, 0, 0, 0, 3, 0
102154, 1, 0, 0, 0, 1, 0
102156, 2, 0, 0, 0, 2, 0
102157, 0, 1, 1, 0, 0, 0
102158, 3, 0, 0, 0, 3, 0
102161, 0, 1, 1, 0, 0, 0
102159, 2, 0, 0, 0, 1, 1
102160, 0, 1, 1, 0, 0, 0
102162, 1, 0, 0, 0, 1, 0
102164, 1, 1, 1, 0, 1, 0
102165, 1, 0, 0, 0, 1, 0
102166, 2, 0, 0, 0, 2, 0
102167, 2, 0, 0, 0, 2, 0
102168, 2, 0, 0, 0, 1, 1
102169, 1, 0, 0, 0, 1, 0
102171, 3, 0, 0, 0, 2, 1
102173, 3, 0, 0, 0, 3, 0
102175, 0, 1, 1, 0, 0, 0
102176, 0, 1, 1, 0, 0, 0
102357, 1, 1, 1, 0, 0, 1
102596, 1, 1, 1, 0, 1, 0
102690, 0, 1, 1, 0, 0, 0
103097, 5, 2, 2, 0, 5, 0
102179, 2, 0, 0, 0, 2, 0
102180, 1, 0, 0, 0, 1, 0
102181, 1, 0, 0, 0, 1, 0
102182, 0, 1, 1, 0, 0, 0
102183, 2, 0, 0, 0, 2, 0
102184, 0, 2, 1, 1, 0, 0
102185, 3, 1, 1, 0, 3, 0
102187, 1, 0, 0, 0, 1, 0
102188, 3, 1, 1, 0, 3, 0
131520, 1, 1, 1, 0, 1, 0
102194, 1, 0, 0, 0, 1, 0
102196, 0, 3, 1, 2, 0, 0
102672, 0, 1, 0, 1, 0, 0
109886, 0, 1, 0, 1, 0, 0
102200, 9, 0, 0, 0, 3, 6
102202, 0, 1, 0, 1, 0, 0
102203, 0, 1, 0, 1, 0, 0
102201, 1, 0, 0, 0, 1, 0
102204, 1, 0, 0, 0, 0, 1
102205, 1, 0, 0, 0, 1, 0
102207, 1, 0, 0, 0, 1, 0
102212, 2, 1, 1, 0, 2, 0
102280, 1, 1, 1, 0, 1, 0
102213, 2, 0, 0, 0, 2, 0
102216, 1, 0, 0, 0, 0, 1
102217, 1, 0, 0, 0, 1, 0
102218, 1, 0, 0, 0, 1, 0
102219, 1, 0, 0, 0, 0, 1
102225, 1, 0, 0, 0, 1, 0
102226, 2, 0, 0, 0, 2, 0
102227, 2, 0, 0, 0, 1, 1
102230, 1, 1, 1, 0, 1, 0
102231, 1, 0, 0, 0, 1, 0
102233, 1, 0, 0, 0, 1, 0
102234, 0, 1, 1, 0, 0, 0
102235, 1, 0, 0, 0, 1, 0
102237, 1, 0, 0, 0, 1, 0
103084, 4, 4, 4, 0, 0, 4
103819, 1, 2, 2, 0, 1, 0
102240, 1, 0, 0, 0, 1, 0
102241, 0, 1, 1, 0, 0, 0
102242, 4, 0, 0, 0, 3, 1
102243, 1, 0, 0, 0, 1, 0
112916, 0, 1, 1, 0, 0, 0
102245, 1, 0, 0, 0, 1, 0
102246, 1, 0, 0, 0, 0, 1
102247, 0, 1, 0, 1, 0, 0
102248, 1, 0, 0, 0, 1, 0
102249, 1, 0, 0, 0, 1, 0
102250, 0, 1, 1, 0, 0, 0
102251, 1, 1, 1, 0, 1, 0
102252, 6, 0, 0, 0, 6, 0
102253, 1, 0, 0, 0, 0, 1
102254, 2, 0, 0, 0, 2, 0
102255, 0, 1, 1, 0, 0, 0
102257, 1, 0, 0, 0, 1, 0
102258, 1, 1, 1, 0, 1, 0
102259, 1, 0, 0, 0, 1, 0
102260, 1, 0, 0, 0, 1, 0
102261, 1, 0, 0, 0, 1, 0
102262, 1, 0, 0, 0, 1, 0
102263, 1, 0, 0, 0, 1, 0
102265, 1, 0, 0, 0, 1, 0
102268, 1, 0, 0, 0, 1, 0
102269, 1, 0, 0, 0, 1, 0
102270, 1, 0, 0, 0, 1, 0
102271, 1, 0, 0, 0, 1, 0
102273, 1, 0, 0, 0, 1, 0
102274, 1, 0, 0, 0, 1, 0
102281, 1, 0, 0, 0, 0, 1
102282, 1, 0, 0, 0, 0, 1
102283, 1, 0, 0, 0, 1, 0
102284, 1, 0, 0, 0, 1, 0
102285, 2, 0, 0, 0, 2, 0
102290, 1, 0, 0, 0, 1, 0
102291, 0, 1, 1, 0, 0, 0
102654, 3, 1, 1, 0, 3, 0
102296, 2, 0, 0, 0, 2, 0
102297, 1, 0, 0, 0, 1, 0
102299, 4, 0, 0, 0, 4, 0
102300, 1, 0, 0, 0, 1, 0
102301, 1, 0, 0, 0, 1, 0
102302, 1, 0, 0, 0, 1, 0
102303, 0, 1, 1, 0, 0, 0
102304, 1, 0, 0, 0, 1, 0
102305, 8, 0, 0, 0, 5, 3
102306, 1, 0, 0, 0, 1, 0
102307, 2, 0, 0, 0, 2, 0
102308, 1, 0, 0, 0, 1, 0
102310, 1, 0, 0, 0, 1, 0
102311, 0, 1, 1, 0, 0, 0
102312, 1, 0, 0, 0, 1, 0
102313, 1, 1, 1, 0, 1, 0
117773, 0, 2, 2, 0, 0, 0
102315, 1, 0, 0, 0, 0, 1
102317, 1, 0, 0, 0, 1, 0
102319, 1, 0, 0, 0, 1, 0
102320, 1, 0, 0, 0, 1, 0
102322, 1, 0, 0, 0, 1, 0
102323, 0, 1, 1, 0, 0, 0
102324, 1, 0, 0, 0, 1, 0
102325, 1, 0, 0, 0, 1, 0
102326, 1, 0, 0, 0, 1, 0
102327, 2, 0, 0, 0, 2, 0
102328, 0, 1, 1, 0, 0, 0
102331, 1, 0, 0, 0, 1, 0
102332, 1, 0, 0, 0, 1, 0
102333, 2, 0, 0, 0, 2, 0
102334, 0, 1, 1, 0, 0, 0
102335, 1, 0, 0, 0, 1, 0
102336, 1, 0, 0, 0, 1, 0
102337, 1, 1, 1, 0, 1, 0
102338, 1, 0, 0, 0, 1, 0
102341, 1, 0, 0, 0, 1, 0
102342, 0, 1, 1, 0, 0, 0
120265, 0, 1, 0, 1, 0, 0
102345, 1, 0, 0, 0, 1, 0
102346, 1, 1, 1, 0, 1, 0
102347, 1, 1, 1, 0, 1, 0
102349, 3, 0, 0, 0, 0, 3
102351, 1, 0, 0, 0, 1, 0
102353, 2, 0, 0, 0, 2, 0
102355, 1, 0, 0, 0, 1, 0
102358, 1, 0, 0, 0, 1, 0
102359, 3, 0, 0, 0, 3, 0
102360, 1, 0, 0, 0, 1, 0
102361, 1, 0, 0, 0, 1, 0
102362, 1, 0, 0, 0, 1, 0
102363, 4, 0, 0, 0, 4, 0
102364, 1, 0, 0, 0, 1, 0
102365, 1, 0, 0, 0, 1, 0
102366, 7, 0, 0, 0, 7, 0
102367, 1, 0, 0, 0, 1, 0
102371, 1, 1, 1, 0, 1, 0
102372, 1, 0, 0, 0, 1, 0
102376, 1, 0, 0, 0, 1, 0
102380, 1, 1, 1, 0, 1, 0
102381, 1, 0, 0, 0, 1, 0
102382, 1, 0, 0, 0, 1, 0
102384, 1, 0, 0, 0, 1, 0
102385, 2, 0, 0, 0, 1, 1
102386, 0, 1, 1, 0, 0, 0
102388, 1, 0, 0, 0, 1, 0
102389, 3, 1, 1, 0, 3, 0
102390, 3, 0, 0, 0, 1, 2
102395, 1, 0, 0, 0, 1, 0
102396, 0, 1, 1, 0, 0, 0
102399, 4, 0, 0, 0, 4, 0
102400, 2, 1, 1, 0, 2, 0
102402, 1, 0, 0, 0, 1, 0
102404, 1, 0, 0, 0, 1, 0
102405, 0, 1, 1, 0, 0, 0
102406, 3, 0, 0, 0, 0, 3
102407, 1, 1, 1, 0, 1, 0
102409, 1, 0, 0, 0, 1, 0
102410, 1, 0, 0, 0, 0, 1
102411, 1, 0, 0, 0, 1, 0
102414, 1, 0, 0, 0, 1, 0
102415, 1, 0, 0, 0, 1, 0
102416, 0, 1, 1, 0, 0, 0
102418, 1, 0, 0, 0, 1, 0
102419, 1, 0, 0, 0, 0, 1
102420, 1, 0, 0, 0, 1, 0
102421, 1, 0, 0, 0, 1, 0
102422, 4, 0, 0, 0, 1, 3
102423, 1, 0, 0, 0, 1, 0
102424, 1, 0, 0, 0, 1, 0
102425, 1, 0, 0, 0, 1, 0
102426, 1, 0, 0, 0, 1, 0
102427, 3, 0, 0, 0, 2, 1
102428, 14, 1, 1, 0, 14, 0
102474, 0, 1, 1, 0, 0, 0
102431, 1, 0, 0, 0, 1, 0
102432, 3, 0, 0, 0, 3, 0
102433, 1, 0, 0, 0, 1, 0
102434, 1, 0, 0, 0, 1, 0
102437, 1, 0, 0, 0, 1, 0
102438, 1, 0, 0, 0, 0, 1
102439, 1, 0, 0, 0, 1, 0
102440, 1, 0, 0, 0, 1, 0
102442, 1, 0, 0, 0, 1, 0
102443, 1, 0, 0, 0, 1, 0
102445, 1, 0, 0, 0, 0, 1
102446, 1, 0, 0, 0, 1, 0
102447, 1, 0, 0, 0, 1, 0
123296, 0, 1, 0, 1, 0, 0
102449, 1, 0, 0, 0, 1, 0
102450, 1, 1, 1, 0, 1, 0
102451, 1, 0, 0, 0, 1, 0
102452, 1, 0, 0, 0, 0, 1
102456, 0, 4, 4, 0, 0, 0
102455, 1, 0, 0, 0, 1, 0
102458, 1, 0, 0, 0, 0, 1
102459, 1, 0, 0, 0, 1, 0
102461, 1, 0, 0, 0, 0, 1
102462, 0, 1, 0, 1, 0, 0
102463, 1, 0, 0, 0, 1, 0
102465, 1, 1, 1, 0, 1, 0
102466, 0, 1, 1, 0, 0, 0
102469, 1, 0, 0, 0, 1, 0
102470, 0, 1, 1, 0, 0, 0
102471, 1, 0, 0, 0, 1, 0
102472, 0, 1, 1, 0, 0, 0
102473, 5, 0, 0, 0, 5, 0
122647, 0, 1, 1, 0, 0, 0
102477, 2, 0, 0, 0, 2, 0
102478, 1, 0, 0, 0, 1, 0
102479, 1, 0, 0, 0, 1, 0
102480, 0, 1, 1, 0, 0, 0
102481, 1, 0, 0, 0, 1, 0
102483, 3, 0, 0, 0, 3, 0
102485, 2, 0, 0, 0, 2, 0
108502, 2, 3, 2, 1, 2, 0
102487, 1, 0, 0, 0, 1, 0
102488, 3, 0, 0, 0, 3, 0
102489, 1, 0, 0, 0, 1, 0
102490, 3, 0, 0, 0, 3, 0
102504, 0, 1, 1, 0, 0, 0
102492, 1, 0, 0, 0, 1, 0
102493, 1, 0, 0, 0, 1, 0
102494, 3, 0, 0, 0, 3, 0
102507, 0, 1, 1, 0, 0, 0
102495, 1, 0, 0, 0, 1, 0
102496, 1, 0, 0, 0, 0, 1
102498, 1, 0, 0, 0, 1, 0
102499, 1, 0, 0, 0, 0, 1
102501, 4, 0, 0, 0, 4, 0
102583, 0, 1, 1, 0, 0, 0
103360, 1, 2, 2, 0, 1, 0
102505, 2, 0, 0, 0, 2, 0
102508, 1, 0, 0, 0, 1, 0
102510, 1, 0, 0, 0, 1, 0
102512, 1, 0, 0, 0, 1, 0
102514, 1, 0, 0, 0, 1, 0
102516, 1, 0, 0, 0, 0, 1
102517, 1, 0, 0, 0, 1, 0
102518, 1, 1, 1, 0, 1, 0
103336, 0, 1, 1, 0, 0, 0
102521, 1, 0, 0, 0, 1, 0
102522, 1, 0, 0, 0, 1, 0
102523, 1, 0, 0, 0, 1, 0
102526, 1, 0, 0, 0, 1, 0
102527, 1, 0, 0, 0, 1, 0
102528, 1, 1, 1, 0, 1, 0
102529, 1, 0, 0, 0, 1, 0
102530, 1, 0, 0, 0, 1, 0
102531, 0, 1, 1, 0, 0, 0
102532, 1, 0, 0, 0, 1, 0
102533, 1, 0, 0, 0, 1, 0
102534, 1, 0, 0, 0, 1, 0
102535, 0, 1, 1, 0, 0, 0
102536, 1, 0, 0, 0, 1, 0
102537, 1, 0, 0, 0, 1, 0
102539, 1, 0, 0, 0, 1, 0
102540, 2, 0, 0, 0, 2, 0
102541, 2, 0, 0, 0, 2, 0
102953, 0, 1, 1, 0, 0, 0
102543, 1, 1, 1, 0, 1, 0
102544, 1, 1, 1, 0, 1, 0
102546, 1, 0, 0, 0, 1, 0
102548, 1, 0, 0, 0, 1, 0
102550, 1, 0, 0, 0, 1, 0
102551, 1, 0, 0, 0, 1, 0
102552, 1, 1, 1, 0, 1, 0
102553, 2, 0, 0, 0, 2, 0
102554, 2, 0, 0, 0, 1, 1
102555, 5, 0, 0, 0, 5, 0
102557, 1, 0, 0, 0, 0, 1
102558, 1, 0, 0, 0, 1, 0
102560, 1, 0, 0, 0, 1, 0
102561, 1, 0, 0, 0, 1, 0
102562, 4, 0, 0, 0, 4, 0
102628, 0, 1, 1, 0, 0, 0
103050, 0, 1, 1, 0, 0, 0
102564, 1, 0, 0, 0, 0, 1
102565, 1, 0, 0, 0, 1, 0
102568, 1, 0, 0, 0, 1, 0
102571, 2, 0, 0, 0, 2, 0
102573, 1, 0, 0, 0, 1, 0
102574, 1, 0, 0, 0, 1, 0
102575, 2, 1, 1, 0, 2, 0
102576, 1, 2, 2, 0, 1, 0
102578, 1, 0, 0, 0, 1, 0
102579, 1, 0, 0, 0, 1, 0
102584, 1, 0, 0, 0, 1, 0
102585, 1, 0, 0, 0, 1, 0
102586, 2, 0, 0, 0, 2, 0
102588, 1, 1, 1, 0, 1, 0
102589, 6, 1, 1, 0, 6, 0
102590, 0, 1, 1, 0, 0, 0
102591, 1, 0, 0, 0, 1, 0
102592, 5, 0, 0, 0, 5, 0
102595, 1, 0, 0, 0, 1, 0
102598, 2, 0, 0, 0, 1, 1
102599, 1, 0, 0, 0, 1, 0
102601, 1, 1, 1, 0, 1, 0
102602, 1, 0, 0, 0, 1, 0
102603, 1, 0, 0, 0, 1, 0
102604, 1, 1, 1, 0, 1, 0
102605, 1, 0, 0, 0, 1, 0
102606, 1, 0, 0, 0, 1, 0
102608, 1, 0, 0, 0, 0, 1
102609, 18, 2, 2, 0, 17, 1
102622, 0, 1, 1, 0, 0, 0
104410, 1, 1, 1, 0, 1, 0
102611, 2, 0, 0, 0, 2, 0
102612, 0, 1, 1, 0, 0, 0
102613, 0, 1, 1, 0, 0, 0
102614, 1, 0, 0, 0, 1, 0
102615, 2, 0, 0, 0, 2, 0
102616, 2, 0, 0, 0, 1, 1
102617, 1, 0, 0, 0, 1, 0
102618, 1, 0, 0, 0, 1, 0
102619, 0, 1, 1, 0, 0, 0
102620, 1, 0, 0, 0, 1, 0
102624, 1, 0, 0, 0, 1, 0
102625, 1, 0, 0, 0, 1, 0
102627, 6, 0, 0, 0, 6, 0
102629, 0, 1, 1, 0, 0, 0
102630, 2, 0, 0, 0, 2, 0
102634, 1, 0, 0, 0, 1, 0
102635, 1, 0, 0, 0, 1, 0
102640, 1, 0, 0, 0, 1, 0
102644, 1, 0, 0, 0, 1, 0
102645, 3, 0, 0, 0, 3, 0
102646, 2, 0, 0, 0, 2, 0
102647, 2, 0, 0, 0, 2, 0
102648, 1, 0, 0, 0, 1, 0
102650, 0, 1, 1, 0, 0, 0
102651, 3, 0, 0, 0, 3, 0
102653, 2, 0, 0, 0, 1, 1
102655, 1, 0, 0, 0, 1, 0
102657, 1, 0, 0, 0, 1, 0
102658, 1, 0, 0, 0, 0, 1
102660, 2, 0, 0, 0, 2, 0
102661, 1, 0, 0, 0, 1, 0
102662, 1, 0, 0, 0, 0, 1
102663, 1, 0, 0, 0, 1, 0
102666, 1, 0, 0, 0, 1, 0
102667, 0, 1, 1, 0, 0, 0
102668, 1, 0, 0, 0, 1, 0
102669, 2, 0, 0, 0, 2, 0
102670, 0, 1, 1, 0, 0, 0
102673, 0, 1, 1, 0, 0, 0
102671, 1, 0, 0, 0, 1, 0
102674, 3, 0, 0, 0, 3, 0
102675, 1, 0, 0, 0, 1, 0
102676, 1, 0, 0, 0, 0, 1
102677, 1, 0, 0, 0, 1, 0
102678, 1, 0, 0, 0, 0, 1
102680, 1, 0, 0, 0, 1, 0
102682, 1, 0, 0, 0, 1, 0
102683, 0, 1, 1, 0, 0, 0
102684, 1, 1, 1, 0, 1, 0
102686, 1, 0, 0, 0, 0, 1
102687, 1, 0, 0, 0, 1, 0
102688, 0, 1, 1, 0, 0, 0
102689, 1, 0, 0, 0, 1, 0
102692, 2, 0, 0, 0, 1, 1
102693, 1, 0, 0, 0, 0, 1
102696, 1, 0, 0, 0, 1, 0
102700, 2, 0, 0, 0, 2, 0
102701, 1, 0, 0, 0, 1, 0
102704, 1, 0, 0, 0, 1, 0
102705, 3, 0, 0, 0, 3, 0
102706, 1, 0, 0, 0, 1, 0
102707, 3, 1, 1, 0, 0, 3
102708, 1, 0, 0, 0, 1, 0
102710, 1, 0, 0, 0, 1, 0
102711, 3, 0, 0, 0, 3, 0
102712, 1, 0, 0, 0, 1, 0
102713, 0, 1, 1, 0, 0, 0
102714, 1, 0, 0, 0, 1, 0
102715, 1, 0, 0, 0, 1, 0
102716, 1, 0, 0, 0, 1, 0
102719, 1, 0, 0, 0, 0, 1
102723, 1, 0, 0, 0, 1, 0
102724, 0, 1, 1, 0, 0, 0
102725, 1, 0, 0, 0, 0, 1
102726, 0, 1, 0, 1, 0, 0
102727, 1, 0, 0, 0, 1, 0
105657, 1, 1, 1, 0, 1, 0
109467, 0, 1, 1, 0, 0, 0
102730, 2, 0, 0, 0, 2, 0
102731, 1, 0, 0, 0, 1, 0
102732, 1, 0, 0, 0, 1, 0
102733, 1, 0, 0, 0, 1, 0
102734, 1, 1, 1, 0, 1, 0
102737, 3, 0, 0, 0, 3, 0
102738, 1, 1, 1, 0, 1, 0
102740, 0, 1, 1, 0, 0, 0
106448, 11, 1, 1, 0, 10, 1
102741, 1, 0, 0, 0, 1, 0
102742, 3, 0, 0, 0, 0, 3
116334, 0, 1, 0, 1, 0, 0
102743, 1, 0, 0, 0, 1, 0
102745, 1, 0, 0, 0, 0, 1
102746, 1, 0, 0, 0, 1, 0
102747, 1, 0, 0, 0, 1, 0
102748, 1, 0, 0, 0, 1, 0
102749, 1, 0, 0, 0, 0, 1
102750, 0, 1, 0, 1, 0, 0
102752, 1, 1, 1, 0, 1, 0
102754, 2, 0, 0, 0, 2, 0
102755, 0, 1, 1, 0, 0, 0
102851, 0, 1, 1, 0, 0, 0
102756, 3, 3, 3, 0, 3, 0
102820, 6, 1, 1, 0, 6, 0
102757, 2, 0, 0, 0, 2, 0
102758, 1, 0, 0, 0, 1, 0
102760, 1, 0, 0, 0, 1, 0
102762, 1, 0, 0, 0, 1, 0
102763, 1, 0, 0, 0, 1, 0
102764, 1, 0, 0, 0, 1, 0
102765, 1, 0, 0, 0, 1, 0
102766, 3, 0, 0, 0, 3, 0
102767, 1, 0, 0, 0, 1, 0
102770, 1, 0, 0, 0, 1, 0
102771, 0, 1, 1, 0, 0, 0
102773, 1, 0, 0, 0, 1, 0
102774, 0, 1, 1, 0, 0, 0
102777, 1, 0, 0, 0, 1, 0
102779, 2, 0, 0, 0, 2, 0
102781, 1, 0, 0, 0, 1, 0
102782, 0, 1, 1, 0, 0, 0
102783, 1, 0, 0, 0, 1, 0
102784, 1, 0, 0, 0, 1, 0
102785, 1, 0, 0, 0, 1, 0
102786, 0, 1, 1, 0, 0, 0
102787, 7, 0, 0, 0, 7, 0
102788, 1, 0, 0, 0, 1, 0
102790, 1, 0, 0, 0, 0, 1
102791, 1, 0, 0, 0, 0, 1
102792, 0, 1, 0, 1, 0, 0
102793, 1, 0, 0, 0, 1, 0
102794, 0, 1, 1, 0, 0, 0
102795, 1, 0, 0, 0, 1, 0
102796, 1, 0, 0, 0, 1, 0
102797, 1, 0, 0, 0, 1, 0
102798, 0, 1, 1, 0, 0, 0
102799, 1, 0, 0, 0, 1, 0
102801, 1, 0, 0, 0, 1, 0
102802, 1, 0, 0, 0, 1, 0
102803, 0, 1, 1, 0, 0, 0
102806, 1, 0, 0, 0, 1, 0
102807, 1, 0, 0, 0, 0, 1
102812, 1, 0, 0, 0, 1, 0
123264, 1, 1, 0, 1, 1, 0
102814, 1, 0, 0, 0, 1, 0
102818, 1, 0, 0, 0, 1, 0
102819, 1, 0, 0, 0, 1, 0
102821, 0, 1, 1, 0, 0, 0
102822, 3, 0, 0, 0, 3, 0
102823, 0, 1, 1, 0, 0, 0
102825, 0, 2, 2, 0, 0, 0
102826, 2, 0, 0, 0, 2, 0
102827, 1, 0, 0, 0, 1, 0
102828, 2, 4, 4, 0, 1, 1
112134, 1, 1, 1, 0, 1, 0
112305, 0, 1, 1, 0, 0, 0
102830, 1, 0, 0, 0, 0, 1
102831, 1, 0, 0, 0, 1, 0
102832, 0, 1, 1, 0, 0, 0
102833, 1, 0, 0, 0, 1, 0
102834, 1, 0, 0, 0, 1, 0
102836, 0, 1, 1, 0, 0, 0
102838, 1, 0, 0, 0, 1, 0
102839, 1, 0, 0, 0, 1, 0
102840, 1, 0, 0, 0, 1, 0
102841, 4, 0, 0, 0, 2, 2
104070, 1, 1, 1, 0, 1, 0
104430, 2, 1, 1, 0, 2, 0
104598, 5, 2, 2, 0, 5, 0
104817, 2, 4, 4, 0, 2, 0
102843, 1, 0, 0, 0, 0, 1
102844, 1, 0, 0, 0, 1, 0
102845, 1, 0, 0, 0, 1, 0
102846, 1, 0, 0, 0, 1, 0
102847, 0, 1, 1, 0, 0, 0
102848, 1, 0, 0, 0, 1, 0
102849, 1, 0, 0, 0, 1, 0
102850, 0, 1, 1, 0, 0, 0
102852, 1, 0, 0, 0, 0, 1
102853, 4, 0, 0, 0, 4, 0
102854, 2, 0, 0, 0, 2, 0
102855, 0, 1, 1, 0, 0, 0
102856, 0, 1, 1, 0, 0, 0
102857, 1, 0, 0, 0, 1, 0
102858, 3, 0, 0, 0, 2, 1
102859, 1, 0, 0, 0, 1, 0
102863, 1, 0, 0, 0, 1, 0
102864, 0, 1, 1, 0, 0, 0
102865, 1, 0, 0, 0, 1, 0
102866, 1, 0, 0, 0, 1, 0
102867, 1, 0, 0, 0, 1, 0
102870, 1, 0, 0, 0, 1, 0
102877, 1, 0, 0, 0, 1, 0
104741, 2, 1, 1, 0, 2, 0
102881, 1, 0, 0, 0, 1, 0
102882, 4, 0, 0, 0, 4, 0
102883, 1, 0, 0, 0, 0, 1
102885, 1, 0, 0, 0, 1, 0
102887, 1, 0, 0, 0, 1, 0
102888, 1, 0, 0, 0, 1, 0
102889, 2, 0, 0, 0, 0, 2
102890, 1, 0, 0, 0, 1, 0
102891, 1, 0, 0, 0, 1, 0
102894, 1, 0, 0, 0, 1, 0
102897, 2, 0, 0, 0, 2, 0
102898, 1, 0, 0, 0, 1, 0
102899, 1, 0, 0, 0, 1, 0
102901, 1, 0, 0, 0, 1, 0
102902, 0, 1, 1, 0, 0, 0
102903, 1, 0, 0, 0, 1, 0
102906, 1, 2, 2, 0, 1, 0
102907, 1, 0, 0, 0, 1, 0
102908, 1, 0, 0, 0, 1, 0
102911, 2, 1, 1, 0, 2, 0
102912, 1, 0, 0, 0, 1, 0
102913, 0, 1, 1, 0, 0, 0
102916, 2, 0, 0, 0, 2, 0
102918, 1, 0, 0, 0, 1, 0
102919, 2, 0, 0, 0, 0, 2
102920, 4, 0, 0, 0, 4, 0
102921, 0, 1, 1, 0, 0, 0
102923, 1, 0, 0, 0, 1, 0
111519, 4, 1, 1, 0, 4, 0
102926, 1, 0, 0, 0, 1, 0
102929, 1, 0, 0, 0, 1, 0
102930, 1, 0, 0, 0, 1, 0
102931, 1, 0, 0, 0, 0, 1
102932, 1, 0, 0, 0, 1, 0
102933, 1, 0, 0, 0, 1, 0
102936, 1, 0, 0, 0, 1, 0
102937, 1, 0, 0, 0, 1, 0
102938, 1, 0, 0, 0, 1, 0
102940, 1, 0, 0, 0, 1, 0
102941, 2, 0, 0, 0, 2, 0
102942, 1, 0, 0, 0, 1, 0
102943, 0, 1, 1, 0, 0, 0
102945, 1, 0, 0, 0, 1, 0
102946, 1, 0, 0, 0, 1, 0
102947, 1, 0, 0, 0, 1, 0
102949, 1, 0, 0, 0, 1, 0
102959, 1, 0, 0, 0, 1, 0
102963, 1, 0, 0, 0, 1, 0
102965, 1, 0, 0, 0, 0, 1
102966, 0, 1, 0, 1, 0, 0
102967, 1, 0, 0, 0, 1, 0
102968, 2, 0, 0, 0, 2, 0
102970, 1, 0, 0, 0, 0, 1
102972, 2, 1, 1, 0, 1, 1
102973, 1, 0, 0, 0, 1, 0
102974, 1, 0, 0, 0, 1, 0
102979, 2, 0, 0, 0, 2, 0
102984, 1, 0, 0, 0, 1, 0
102985, 0, 1, 1, 0, 0, 0
102986, 1, 1, 1, 0, 1, 0
102987, 0, 1, 1, 0, 0, 0
102988, 1, 0, 0, 0, 0, 1
102991, 1, 0, 0, 0, 1, 0
102992, 8, 0, 0, 0, 8, 0
102993, 1, 0, 0, 0, 1, 0
102994, 1, 0, 0, 0, 0, 1
102999, 1, 0, 0, 0, 1, 0
103000, 1, 0, 0, 0, 0, 1
103002, 1, 0, 0, 0, 1, 0
103005, 1, 0, 0, 0, 0, 1
103006, 1, 0, 0, 0, 0, 1
103008, 3, 0, 0, 0, 3, 0
120313, 1, 1, 1, 0, 1, 0
103010, 1, 0, 0, 0, 1, 0
103012, 1, 0, 0, 0, 1, 0
103017, 1, 1, 1, 0, 1, 0
103020, 1, 0, 0, 0, 1, 0
103024, 1, 0, 0, 0, 1, 0
103025, 1, 0, 0, 0, 0, 1
103026, 2, 0, 0, 0, 2, 0
103027, 2, 0, 0, 0, 0, 2
103029, 1, 0, 0, 0, 1, 0
103031, 3, 0, 0, 0, 3, 0
103032, 0, 1, 1, 0, 0, 0
103034, 0, 1, 1, 0, 0, 0
103037, 0, 1, 1, 0, 0, 0
103036, 1, 1, 1, 0, 1, 0
103038, 11, 2, 2, 0, 11, 0
103039, 1, 0, 0, 0, 1, 0
103040, 2, 0, 0, 0, 2, 0
103042, 1, 0, 0, 0, 1, 0
103044, 2, 0, 0, 0, 1, 1
103049, 2, 1, 1, 0, 2, 0
103229, 0, 1, 1, 0, 0, 0
103046, 1, 0, 0, 0, 1, 0
103047, 0, 1, 1, 0, 0, 0
103051, 2, 0, 0, 0, 2, 0
103759, 2, 2, 2, 0, 2, 0
103053, 1, 0, 0, 0, 1, 0
103055, 1, 0, 0, 0, 1, 0
103059, 2, 0, 0, 0, 2, 0
103061, 1, 0, 0, 0, 1, 0
103062, 1, 0, 0, 0, 1, 0
103063, 1, 0, 0, 0, 1, 0
103064, 0, 1, 1, 0, 0, 0
103066, 1, 0, 0, 0, 1, 0
103067, 1, 0, 0, 0, 0, 1
103068, 3, 1, 1, 0, 1, 2
103070, 2, 0, 0, 0, 2, 0
103071, 6, 1, 1, 0, 3, 3
103072, 1, 0, 0, 0, 0, 1
103074, 4, 0, 0, 0, 4, 0
103075, 1, 0, 0, 0, 0, 1
103076, 2, 0, 0, 0, 2, 0
103079, 1, 0, 0, 0, 1, 0
103080, 1, 0, 0, 0, 0, 1
103086, 1, 0, 0, 0, 1, 0
103088, 1, 0, 0, 0, 1, 0
103089, 0, 1, 1, 0, 0, 0
103091, 1, 0, 0, 0, 1, 0
103092, 0, 1, 1, 0, 0, 0
103094, 1, 0, 0, 0, 1, 0
103095, 1, 0, 0, 0, 1, 0
103096, 2, 0, 0, 0, 2, 0
103099, 2, 0, 0, 0, 2, 0
103101, 1, 0, 0, 0, 1, 0
103104, 1, 2, 2, 0, 1, 0
103105, 1, 0, 0, 0, 1, 0
103106, 1, 0, 0, 0, 1, 0
103108, 2, 0, 0, 0, 2, 0
103109, 1, 1, 1, 0, 1, 0
103110, 3, 0, 0, 0, 3, 0
103112, 1, 0, 0, 0, 1, 0
103114, 2, 0, 0, 0, 2, 0
103117, 1, 0, 0, 0, 1, 0
103118, 1, 0, 0, 0, 1, 0
103119, 4, 0, 0, 0, 4, 0
103122, 1, 0, 0, 0, 1, 0
103124, 1, 0, 0, 0, 1, 0
103126, 1, 0, 0, 0, 1, 0
103127, 0, 1, 1, 0, 0, 0
103130, 1, 0, 0, 0, 1, 0
103131, 3, 0, 0, 0, 3, 0
103132, 0, 1, 1, 0, 0, 0
103133, 1, 0, 0, 0, 1, 0
103134, 2, 0, 0, 0, 2, 0
103135, 4, 0, 0, 0, 4, 0
103160, 0, 1, 1, 0, 0, 0
103139, 1, 0, 0, 0, 1, 0
103140, 2, 0, 0, 0, 2, 0
103141, 1, 1, 1, 0, 1, 0
103142, 1, 0, 0, 0, 1, 0
103143, 1, 0, 0, 0, 1, 0
103144, 0, 1, 1, 0, 0, 0
103145, 1, 0, 0, 0, 1, 0
103146, 1, 0, 0, 0, 1, 0
103148, 1, 0, 0, 0, 1, 0
103150, 1, 0, 0, 0, 1, 0
103151, 3, 0, 0, 0, 1, 2
103152, 1, 0, 0, 0, 0, 1
103153, 1, 0, 0, 0, 1, 0
103155, 1, 0, 0, 0, 1, 0
103156, 1, 0, 0, 0, 1, 0
103157, 1, 0, 0, 0, 1, 0
103159, 5, 0, 0, 0, 1, 4
103161, 1, 0, 0, 0, 1, 0
103162, 1, 0, 0, 0, 1, 0
103163, 0, 1, 1, 0, 0, 0
103164, 1, 0, 0, 0, 1, 0
103165, 2, 1, 1, 0, 2, 0
103166, 1, 1, 1, 0, 1, 0
103169, 1, 0, 0, 0, 1, 0
103170, 1, 0, 0, 0, 1, 0
103171, 0, 2, 2, 0, 0, 0
103172, 1, 0, 0, 0, 1, 0
103173, 0, 1, 1, 0, 0, 0
103177, 1, 0, 0, 0, 1, 0
103179, 0, 1, 0, 1, 0, 0
103180, 1, 0, 0, 0, 0, 1
103181, 2, 0, 0, 0, 1, 1
103182, 1, 0, 0, 0, 1, 0
103183, 0, 4, 4, 0, 0, 0
103260, 1, 1, 1, 0, 1, 0
103186, 1, 0, 0, 0, 0, 1
103188, 1, 0, 0, 0, 1, 0
103189, 0, 1, 1, 0, 0, 0
103191, 1, 0, 0, 0, 1, 0
103193, 3, 2, 2, 0, 3, 0
103194, 2, 0, 0, 0, 2, 0
103195, 1, 0, 0, 0, 1, 0
103202, 3, 0, 0, 0, 3, 0
103205, 1, 0, 0, 0, 1, 0
103206, 1, 0, 0, 0, 1, 0
103836, 0, 1, 1, 0, 0, 0
103209, 2, 0, 0, 0, 1, 1
103211, 1, 0, 0, 0, 1, 0
103212, 1, 0, 0, 0, 1, 0
103213, 1, 0, 0, 0, 1, 0
103214, 0, 1, 1, 0, 0, 0
103215, 1, 0, 0, 0, 1, 0
103218, 1, 0, 0, 0, 0, 1
112132, 2, 1, 1, 0, 2, 0
103223, 0, 1, 0, 1, 0, 0
108694, 1, 1, 1, 0, 1, 0
103224, 1, 0, 0, 0, 1, 0
103225, 0, 1, 1, 0, 0, 0
103226, 3, 0, 0, 0, 3, 0
103227, 1, 1, 1, 0, 1, 0
103228, 1, 0, 0, 0, 1, 0
103230, 1, 0, 0, 0, 1, 0
103231, 2, 0, 0, 0, 2, 0
103232, 2, 0, 0, 0, 0, 2
103233, 1, 0, 0, 0, 1, 0
103234, 0, 1, 1, 0, 0, 0
103235, 2, 0, 0, 0, 1, 1
103236, 1, 0, 0, 0, 0, 1
103237, 1, 0, 0, 0, 1, 0
103242, 1, 0, 0, 0, 1, 0
103243, 1, 0, 0, 0, 1, 0
103244, 4, 0, 0, 0, 3, 1
103245, 0, 1, 1, 0, 0, 0
103246, 1, 0, 0, 0, 1, 0
103247, 4, 0, 0, 0, 4, 0
103248, 1, 0, 0, 0, 1, 0
103249, 1, 0, 0, 0, 1, 0
103250, 0, 2, 1, 1, 0, 0
103251, 1, 0, 0, 0, 1, 0
103252, 0, 1, 1, 0, 0, 0
103253, 1, 0, 0, 0, 1, 0
103255, 1, 0, 0, 0, 1, 0
103256, 1, 0, 0, 0, 1, 0
103257, 0, 2, 2, 0, 0, 0
103258, 2, 1, 1, 0, 2, 0
103259, 1, 1, 1, 0, 1, 0
103261, 1, 0, 0, 0, 1, 0
103264, 1, 0, 0, 0, 1, 0
103265, 1, 0, 0, 0, 1, 0
103266, 3, 0, 0, 0, 2, 1
103267, 1, 0, 0, 0, 1, 0
103268, 1, 0, 0, 0, 1, 0
103269, 1, 0, 0, 0, 0, 1
103270, 0, 1, 0, 1, 0, 0
103271, 2, 0, 0, 0, 2, 0
103272, 1, 0, 0, 0, 1, 0
103273, 1, 0, 0, 0, 1, 0
103274, 1, 0, 0, 0, 1, 0
103275, 0, 1, 1, 0, 0, 0
103278, 1, 0, 0, 0, 1, 0
103358, 4, 1, 1, 0, 4, 0
103281, 1, 0, 0, 0, 1, 0
103284, 1, 0, 0, 0, 1, 0
103288, 2, 0, 0, 0, 2, 0
103289, 1, 0, 0, 0, 1, 0
103290, 1, 0, 0, 0, 1, 0
103291, 0, 2, 2, 0, 0, 0
103292, 2, 0, 0, 0, 2, 0
103293, 1, 0, 0, 0, 1, 0
103294, 2, 0, 0, 0, 0, 2
103295, 1, 0, 0, 0, 1, 0
107051, 3, 1, 1, 0, 3, 0
103297, 5, 0, 0, 0, 5, 0
103298, 2, 0, 0, 0, 2, 0
103301, 1, 5, 4, 1, 0, 1
103302, 1, 0, 0, 0, 1, 0
103303, 1, 0, 0, 0, 1, 0
103304, 1, 0, 0, 0, 1, 0
103305, 1, 0, 0, 0, 1, 0
103311, 1, 0, 0, 0, 1, 0
103314, 1, 0, 0, 0, 1, 0
103315, 3, 0, 0, 0, 3, 0
103316, 1, 0, 0, 0, 1, 0
103317, 1, 0, 0, 0, 1, 0
103319, 1, 0, 0, 0, 1, 0
103457, 0, 1, 1, 0, 0, 0
103772, 0, 1, 1, 0, 0, 0
111792, 2, 1, 1, 0, 2, 0
103321, 7, 0, 0, 0, 7, 0
103323, 1, 0, 0, 0, 1, 0
103324, 1, 0, 0, 0, 1, 0
103402, 3, 3, 3, 0, 3, 0
103327, 1, 0, 0, 0, 1, 0
103331, 1, 0, 0, 0, 1, 0
103332, 1, 0, 0, 0, 1, 0
103333, 1, 0, 0, 0, 0, 1
103334, 1, 0, 0, 0, 1, 0
103335, 1, 0, 0, 0, 0, 1
103337, 1, 0, 0, 0, 1, 0
103338, 0, 1, 1, 0, 0, 0
103339, 2, 0, 0, 0, 2, 0
103340, 0, 1, 1, 0, 0, 0
103341, 0, 1, 1, 0, 0, 0
109130, 0, 1, 0, 1, 0, 0
103343, 2, 0, 0, 0, 2, 0
103344, 1, 0, 0, 0, 1, 0
103347, 1, 0, 0, 0, 0, 1
103348, 1, 0, 0, 0, 1, 0
103349, 3, 0, 0, 0, 3, 0
103350, 4, 0, 0, 0, 3, 1
103351, 0, 1, 1, 0, 0, 0
103352, 1, 0, 0, 0, 1, 0
103354, 1, 0, 0, 0, 1, 0
103355, 1, 0, 0, 0, 1, 0
103361, 2, 0, 0, 0, 1, 1
103362, 2, 0, 0, 0, 1, 1
103363, 2, 0, 0, 0, 2, 0
103364, 1, 0, 0, 0, 1, 0
103365, 3, 3, 3, 0, 3, 0
103366, 0, 1, 1, 0, 0, 0
103367, 1, 1, 1, 0, 1, 0
103368, 1, 0, 0, 0, 1, 0
103369, 0, 1, 1, 0, 0, 0
103370, 1, 0, 0, 0, 1, 0
103371, 1, 0, 0, 0, 1, 0
103374, 1, 0, 0, 0, 1, 0
103376, 1, 1, 1, 0, 1, 0
103691, 3, 1, 1, 0, 3, 0
113995, 0, 1, 0, 1, 0, 0
103384, 2, 0, 0, 0, 2, 0
103386, 1, 0, 0, 0, 1, 0
103389, 1, 0, 0, 0, 1, 0
103390, 1, 0, 0, 0, 1, 0
103391, 1, 0, 0, 0, 1, 0
103392, 1, 0, 0, 0, 1, 0
103393, 1, 0, 0, 0, 1, 0
103396, 1, 0, 0, 0, 1, 0
103397, 1, 0, 0, 0, 0, 1
103399, 1, 0, 0, 0, 1, 0
103400, 1, 0, 0, 0, 1, 0
103401, 1, 1, 1, 0, 1, 0
103647, 2, 1, 1, 0, 2, 0
103403, 5, 0, 0, 0, 5, 0
103404, 1, 0, 0, 0, 1, 0
103406, 1, 0, 0, 0, 1, 0
103407, 1, 0, 0, 0, 1, 0
103409, 1, 0, 0, 0, 0, 1
103410, 1, 0, 0, 0, 1, 0
103411, 1, 0, 0, 0, 1, 0
103414, 1, 0, 0, 0, 1, 0
103415, 0, 1, 1, 0, 0, 0
106272, 6, 1, 1, 0, 5, 1
103417, 1, 0, 0, 0, 1, 0
103418, 0, 1, 1, 0, 0, 0
103419, 2, 0, 0, 0, 2, 0
103420, 1, 0, 0, 0, 1, 0
103423, 1, 0, 0, 0, 0, 1
103424, 1, 0, 0, 0, 1, 0
103427, 1, 0, 0, 0, 0, 1
103428, 1, 0, 0, 0, 1, 0
103429, 1, 0, 0, 0, 0, 1
103431, 2, 1, 1, 0, 2, 0
103434, 1, 0, 0, 0, 1, 0
103436, 1, 0, 0, 0, 1, 0
103437, 1, 0, 0, 0, 1, 0
103438, 1, 0, 0, 0, 1, 0
103439, 1, 0, 0, 0, 1, 0
103440, 0, 1, 1, 0, 0, 0
103444, 1, 0, 0, 0, 1, 0
103447, 1, 0, 0, 0, 1, 0
103450, 1, 0, 0, 0, 1, 0
103451, 1, 0, 0, 0, 1, 0
103453, 1, 0, 0, 0, 1, 0
103455, 1, 0, 0, 0, 1, 0
103458, 1, 1, 1, 0, 1, 0
103460, 3, 0, 0, 0, 3, 0
103461, 1, 0, 0, 0, 1, 0
103462, 1, 0, 0, 0, 1, 0
103465, 1, 0, 0, 0, 1, 0
103466, 0, 1, 1, 0, 0, 0
103468, 1, 0, 0, 0, 1, 0
103469, 1, 0, 0, 0, 1, 0
103470, 1, 0, 0, 0, 1, 0
103473, 8, 0, 0, 0, 8, 0
107983, 2, 4, 4, 0, 1, 1
103475, 1, 0, 0, 0, 1, 0
103476, 1, 0, 0, 0, 1, 0
103478, 1, 0, 0, 0, 1, 0
103479, 2, 0, 0, 0, 2, 0
103483, 3, 0, 0, 0, 3, 0
103486, 2, 0, 0, 0, 2, 0
103487, 1, 0, 0, 0, 1, 0
119231, 1, 1, 1, 0, 0, 1
103490, 2, 0, 0, 0, 2, 0
103491, 1, 0, 0, 0, 1, 0
103492, 0, 1, 1, 0, 0, 0
103494, 2, 0, 0, 0, 2, 0
103495, 0, 1, 1, 0, 0, 0
103496, 0, 1, 1, 0, 0, 0
103497, 2, 0, 0, 0, 2, 0
103499, 4, 0, 0, 0, 4, 0
103500, 1, 0, 0, 0, 0, 1
103501, 1, 0, 0, 0, 1, 0
103502, 1, 0, 0, 0, 1, 0
103503, 1, 0, 0, 0, 1, 0
103504, 4, 0, 0, 0, 4, 0
107452, 0, 2, 2, 0, 0, 0
103506, 1, 0, 0, 0, 1, 0
103507, 0, 1, 1, 0, 0, 0
103508, 1, 0, 0, 0, 1, 0
103510, 1, 0, 0, 0, 1, 0
103511, 1, 0, 0, 0, 1, 0
103512, 1, 0, 0, 0, 1, 0
103513, 1, 0, 0, 0, 1, 0
103514, 1, 0, 0, 0, 1, 0
103515, 1, 0, 0, 0, 0, 1
103516, 1, 0, 0, 0, 1, 0
103517, 1, 0, 0, 0, 1, 0
103518, 1, 1, 1, 0, 1, 0
103521, 1, 0, 0, 0, 1, 0
103522, 3, 0, 0, 0, 3, 0
103523, 1, 0, 0, 0, 1, 0
103525, 1, 0, 0, 0, 1, 0
103526, 1, 0, 0, 0, 1, 0
103528, 9, 0, 0, 0, 7, 2
116348, 0, 1, 1, 0, 0, 0
116847, 0, 1, 1, 0, 0, 0
103530, 1, 0, 0, 0, 1, 0
103531, 0, 3, 3, 0, 0, 0
103532, 1, 0, 0, 0, 1, 0
103534, 1, 0, 0, 0, 1, 0
103538, 2, 0, 0, 0, 2, 0
103540, 1, 0, 0, 0, 1, 0
103541, 1, 1, 1, 0, 0, 1
103543, 1, 0, 0, 0, 1, 0
103544, 1, 0, 0, 0, 1, 0
103545, 1, 0, 0, 0, 0, 1
103547, 1, 0, 0, 0, 1, 0
103548, 1, 0, 0, 0, 0, 1
103549, 0, 1, 0, 1, 0, 0
103550, 1, 0, 0, 0, 1, 0
103552, 1, 0, 0, 0, 1, 0
103554, 1, 0, 0, 0, 1, 0
103555, 1, 0, 0, 0, 1, 0
103556, 2, 0, 0, 0, 2, 0
103557, 1, 0, 0, 0, 1, 0
103558, 0, 1, 1, 0, 0, 0
103559, 3, 0, 0, 0, 3, 0
103560, 1, 0, 0, 0, 1, 0
103563, 1, 1, 1, 0, 1, 0
103564, 2, 1, 1, 0, 2, 0
103565, 1, 0, 0, 0, 1, 0
103566, 1, 0, 0, 0, 1, 0
103568, 1, 0, 0, 0, 0, 1
103569, 1, 0, 0, 0, 0, 1
103574, 2, 0, 0, 0, 2, 0
103575, 0, 1, 1, 0, 0, 0
103576, 1, 0, 0, 0, 1, 0
103577, 1, 0, 0, 0, 1, 0
103578, 2, 0, 0, 0, 2, 0
103583, 0, 2, 2, 0, 0, 0
103579, 3, 1, 1, 0, 3, 0
103580, 0, 2, 2, 0, 0, 0
103582, 1, 0, 0, 0, 1, 0
103584, 1, 0, 0, 0, 1, 0
103586, 1, 0, 0, 0, 1, 0
103587, 1, 0, 0, 0, 1, 0
103588, 1, 0, 0, 0, 1, 0
103589, 1, 0, 0, 0, 0, 1
103590, 0, 2, 1, 1, 0, 0
103591, 1, 0, 0, 0, 1, 0
103592, 1, 1, 0, 1, 0, 1
103593, 1, 0, 0, 0, 1, 0
103594, 1, 0, 0, 0, 1, 0
103595, 2, 1, 1, 0, 2, 0
103596, 1, 0, 0, 0, 1, 0
107804, 2, 1, 1, 0, 2, 0
103603, 0, 1, 1, 0, 0, 0
103604, 4, 0, 0, 0, 4, 0
103605, 1, 0, 0, 0, 1, 0
103606, 0, 1, 1, 0, 0, 0
122058, 4, 1, 1, 0, 4, 0
103610, 2, 0, 0, 0, 1, 1
103613, 6, 0, 0, 0, 5, 1
103618, 1, 0, 0, 0, 1, 0
103619, 1, 0, 0, 0, 1, 0
103620, 1, 0, 0, 0, 0, 1
103621, 2, 0, 0, 0, 2, 0
103623, 1, 0, 0, 0, 1, 0
103625, 3, 0, 0, 0, 3, 0
103626, 1, 0, 0, 0, 0, 1
103628, 1, 0, 0, 0, 1, 0
103629, 1, 0, 0, 0, 1, 0
103630, 1, 0, 0, 0, 1, 0
103631, 1, 0, 0, 0, 1, 0
103632, 2, 0, 0, 0, 2, 0
103634, 0, 1, 1, 0, 0, 0
103635, 1, 0, 0, 0, 1, 0
103636, 1, 0, 0, 0, 1, 0
103639, 1, 0, 0, 0, 1, 0
103644, 1, 0, 0, 0, 1, 0
103645, 1, 0, 0, 0, 1, 0
103646, 8, 1, 0, 1, 8, 0
103648, 1, 0, 0, 0, 1, 0
103649, 1, 0, 0, 0, 1, 0
103650, 1, 0, 0, 0, 1, 0
103651, 0, 1, 1, 0, 0, 0
103652, 1, 0, 0, 0, 1, 0
103653, 1, 0, 0, 0, 1, 0
103655, 2, 0, 0, 0, 2, 0
103656, 1, 0, 0, 0, 1, 0
103657, 3, 0, 0, 0, 1, 2
103658, 1, 0, 0, 0, 1, 0
103659, 1, 0, 0, 0, 1, 0
103662, 1, 0, 0, 0, 1, 0
103663, 1, 0, 0, 0, 1, 0
103664, 1, 0, 0, 0, 1, 0
103666, 1, 0, 0, 0, 1, 0
103667, 2, 0, 0, 0, 2, 0
103668, 4, 0, 0, 0, 4, 0
103669, 1, 0, 0, 0, 1, 0
103670, 2, 0, 0, 0, 2, 0
103672, 1, 0, 0, 0, 0, 1
103673, 1, 0, 0, 0, 1, 0
103674, 1, 1, 1, 0, 0, 1
103678, 1, 0, 0, 0, 1, 0
103682, 1, 0, 0, 0, 1, 0
103683, 1, 0, 0, 0, 1, 0
103684, 1, 0, 0, 0, 1, 0
103685, 3, 0, 0, 0, 3, 0
115445, 0, 1, 1, 0, 0, 0
103686, 1, 0, 0, 0, 1, 0
103688, 3, 0, 0, 0, 2, 1
103690, 0, 1, 1, 0, 0, 0
103692, 2, 0, 0, 0, 2, 0
103693, 1, 0, 0, 0, 0, 1
103696, 2, 0, 0, 0, 2, 0
103715, 0, 1, 1, 0, 0, 0
103697, 1, 0, 0, 0, 1, 0
103698, 1, 0, 0, 0, 1, 0
103700, 1, 0, 0, 0, 0, 1
103701, 0, 1, 0, 1, 0, 0
103702, 3, 0, 0, 0, 3, 0
103703, 1, 0, 0, 0, 1, 0
103705, 4, 0, 0, 0, 4, 0
103706, 1, 0, 0, 0, 1, 0
103707, 1, 0, 0, 0, 1, 0
103708, 3, 0, 0, 0, 3, 0
103709, 1, 0, 0, 0, 1, 0
108545, 1, 2, 2, 0, 1, 0
103712, 1, 0, 0, 0, 1, 0
103713, 1, 0, 0, 0, 0, 1
103716, 1, 0, 0, 0, 1, 0
105731, 0, 1, 0, 1, 0, 0
103720, 1, 0, 0, 0, 1, 0
103723, 1, 1, 1, 0, 1, 0
103722, 1, 0, 0, 0, 1, 0
103724, 1, 1, 1, 0, 1, 0
103726, 1, 0, 0, 0, 1, 0
103727, 1, 0, 0, 0, 1, 0
103729, 1, 0, 0, 0, 0, 1
108295, 0, 1, 1, 0, 0, 0
103735, 1, 0, 0, 0, 1, 0
103737, 1, 0, 0, 0, 1, 0
103738, 1, 0, 0, 0, 0, 1
103740, 1, 0, 0, 0, 1, 0
103741, 1, 0, 0, 0, 0, 1
103743, 1, 1, 1, 0, 1, 0
103745, 2, 0, 0, 0, 2, 0
103746, 0, 1, 1, 0, 0, 0
103747, 1, 0, 0, 0, 1, 0
103748, 1, 1, 1, 0, 0, 1
103749, 1, 0, 0, 0, 1, 0
126812, 4, 1, 1, 0, 4, 0
129787, 1, 1, 1, 0, 1, 0
103751, 1, 0, 0, 0, 1, 0
103752, 1, 0, 0, 0, 0, 1
103754, 1, 0, 0, 0, 1, 0
103755, 1, 0, 0, 0, 1, 0
103756, 1, 0, 0, 0, 0, 1
103757, 0, 1, 0, 1, 0, 0
103760, 1, 0, 0, 0, 0, 1
103761, 1, 0, 0, 0, 1, 0
103766, 1, 0, 0, 0, 1, 0
103767, 1, 0, 0, 0, 1, 0
103768, 1, 0, 0, 0, 1, 0
103773, 1, 0, 0, 0, 1, 0
103774, 1, 0, 0, 0, 1, 0
115923, 0, 1, 0, 1, 0, 0
103779, 1, 0, 0, 0, 1, 0
103780, 0, 1, 1, 0, 0, 0
103781, 1, 0, 0, 0, 0, 1
103783, 1, 0, 0, 0, 1, 0
103786, 1, 0, 0, 0, 1, 0
103788, 2, 3, 3, 0, 2, 0
103789, 1, 1, 1, 0, 1, 0
103790, 2, 0, 0, 0, 2, 0
103793, 2, 0, 0, 0, 2, 0
103794, 1, 0, 0, 0, 1, 0
103796, 1, 0, 0, 0, 1, 0
103799, 1, 0, 0, 0, 0, 1
103800, 1, 0, 0, 0, 1, 0
103802, 1, 0, 0, 0, 1, 0
103803, 1, 1, 1, 0, 1, 0
103804, 1, 0, 0, 0, 1, 0
103805, 1, 0, 0, 0, 1, 0
103808, 1, 0, 0, 0, 1, 0
103809, 1, 0, 0, 0, 1, 0
111972, 3, 2, 2, 0, 3, 0
103811, 1, 0, 0, 0, 0, 1
103812, 0, 1, 0, 1, 0, 0
103815, 1, 0, 0, 0, 1, 0
103817, 1, 0, 0, 0, 1, 0
103818, 1, 0, 0, 0, 1, 0
103820, 1, 0, 0, 0, 1, 0
103821, 3, 0, 0, 0, 2, 1
103825, 0, 2, 2, 0, 0, 0
103822, 1, 0, 0, 0, 1, 0
103823, 1, 0, 0, 0, 1, 0
103824, 0, 1, 1, 0, 0, 0
103826, 1, 0, 0, 0, 1, 0
103829, 1, 0, 0, 0, 1, 0
103830, 1, 1, 1, 0, 1, 0
103831, 1, 0, 0, 0, 1, 0
103832, 0, 1, 1, 0, 0, 0
103833, 1, 0, 0, 0, 1, 0
103834, 1, 1, 1, 0, 1, 0
103835, 1, 0, 0, 0, 1, 0
103839, 1, 0, 0, 0, 1, 0
103840, 0, 1, 1, 0, 0, 0
103841, 1, 0, 0, 0, 1, 0
103846, 1, 0, 0, 0, 1, 0
118686, 0, 1, 0, 1, 0, 0
103848, 1, 0, 0, 0, 1, 0
103849, 1, 0, 0, 0, 1, 0
103850, 2, 0, 0, 0, 2, 0
103851, 0, 1, 1, 0, 0, 0
103853, 0, 1, 1, 0, 0, 0
103855, 1, 0, 0, 0, 1, 0
103856, 1, 0, 0, 0, 1, 0
103858, 2, 0, 0, 0, 1, 1
103859, 1, 0, 0, 0, 1, 0
103860, 1, 0, 0, 0, 1, 0
103861, 2, 0, 0, 0, 1, 1
103863, 2, 0, 0, 0, 2, 0
127997, 0, 1, 1, 0, 0, 0
103867, 2, 0, 0, 0, 2, 0
103868, 1, 0, 0, 0, 1, 0
103870, 1, 0, 0, 0, 1, 0
103873, 1, 1, 1, 0, 1, 0
103879, 1, 0, 0, 0, 1, 0
103882, 1, 0, 0, 0, 0, 1
103885, 1, 0, 0, 0, 1, 0
103887, 1, 0, 0, 0, 1, 0
103888, 1, 0, 0, 0, 1, 0
103891, 1, 0, 0, 0, 1, 0
103892, 0, 1, 1, 0, 0, 0
103895, 1, 0, 0, 0, 1, 0
103899, 3, 0, 0, 0, 1, 2
103902, 1, 0, 0, 0, 1, 0
103903, 2, 0, 0, 0, 1, 1
103904, 2, 0, 0, 0, 2, 0
103912, 1, 0, 0, 0, 1, 0
103913, 5, 0, 0, 0, 5, 0
103915, 1, 0, 0, 0, 1, 0
104274, 1, 1, 1, 0, 1, 0
103923, 1, 0, 0, 0, 1, 0
103924, 1, 0, 0, 0, 0, 1
103925, 0, 1, 0, 1, 0, 0
104104, 1, 1, 1, 0, 1, 0
107263, 0, 1, 1, 0, 0, 0
103929, 7, 0, 0, 0, 7, 0
103930, 5, 0, 0, 0, 5, 0
103931, 1, 0, 0, 0, 1, 0
103932, 2, 0, 0, 0, 0, 2
103933, 1, 0, 0, 0, 1, 0
103934, 0, 1, 1, 0, 0, 0
103935, 1, 0, 0, 0, 1, 0
103936, 2, 1, 1, 0, 2, 0
103937, 1, 0, 0, 0, 1, 0
103938, 1, 0, 0, 0, 1, 0
103939, 1, 0, 0, 0, 1, 0
103940, 1, 0, 0, 0, 1, 0
103943, 4, 0, 0, 0, 4, 0
103944, 1, 0, 0, 0, 1, 0
103945, 6, 1, 1, 0, 6, 0
121443, 0, 2, 2, 0, 0, 0
103947, 3, 0, 0, 0, 3, 0
104279, 1, 1, 1, 0, 1, 0
103950, 2, 0, 0, 0, 2, 0
103951, 1, 0, 0, 0, 1, 0
103953, 1, 0, 0, 0, 1, 0
103955, 1, 0, 0, 0, 0, 1
103956, 2, 0, 0, 0, 2, 0
103957, 1, 0, 0, 0, 1, 0
103958, 1, 0, 0, 0, 1, 0
103959, 0, 1, 1, 0, 0, 0
103960, 1, 0, 0, 0, 1, 0
103962, 1, 0, 0, 0, 1, 0
103963, 4, 0, 0, 0, 4, 0
103964, 1, 0, 0, 0, 1, 0
103965, 0, 2, 2, 0, 0, 0
103968, 1, 0, 0, 0, 1, 0
103982, 1, 0, 0, 0, 1, 0
103987, 1, 0, 0, 0, 1, 0
106862, 0, 1, 1, 0, 0, 0
103990, 1, 0, 0, 0, 1, 0
103991, 0, 3, 2, 1, 0, 0
103992, 1, 0, 0, 0, 1, 0
103994, 1, 2, 2, 0, 1, 0
103996, 1, 0, 0, 0, 1, 0
103997, 0, 1, 1, 0, 0, 0
103998, 1, 0, 0, 0, 1, 0
103999, 0, 1, 1, 0, 0, 0
104000, 1, 0, 0, 0, 1, 0
104001, 1, 0, 0, 0, 1, 0
104002, 0, 1, 1, 0, 0, 0
104003, 2, 0, 0, 0, 0, 2
104004, 2, 1, 1, 0, 2, 0
104005, 1, 1, 1, 0, 1, 0
104006, 1, 0, 0, 0, 1, 0
104007, 3, 0, 0, 0, 3, 0
104008, 2, 0, 0, 0, 2, 0
104011, 1, 0, 0, 0, 1, 0
104012, 1, 0, 0, 0, 0, 1
104013, 2, 0, 0, 0, 2, 0
104014, 0, 1, 1, 0, 0, 0
104017, 1, 0, 0, 0, 1, 0
104018, 0, 1, 1, 0, 0, 0
104019, 2, 0, 0, 0, 2, 0
104020, 1, 1, 1, 0, 1, 0
104022, 1, 0, 0, 0, 1, 0
104023, 0, 2, 1, 1, 0, 0
104025, 1, 0, 0, 0, 1, 0
104028, 1, 0, 0, 0, 1, 0
104030, 3, 1, 1, 0, 3, 0
104031, 1, 0, 0, 0, 1, 0
104032, 1, 0, 0, 0, 1, 0
104033, 1, 0, 0, 0, 0, 1
104034, 0, 1, 0, 1, 0, 0
104035, 1, 0, 0, 0, 1, 0
104037, 1, 0, 0, 0, 1, 0
104038, 1, 0, 0, 0, 0, 1
104040, 2, 0, 0, 0, 2, 0
104042, 1, 0, 0, 0, 1, 0
104043, 1, 0, 0, 0, 1, 0
104047, 1, 0, 0, 0, 1, 0
104049, 1, 0, 0, 0, 0, 1
104050, 1, 0, 0, 0, 1, 0
104052, 1, 0, 0, 0, 1, 0
104054, 1, 0, 0, 0, 1, 0
104085, 2, 2, 2, 0, 2, 0
107942, 10, 3, 3, 0, 10, 0
104060, 1, 0, 0, 0, 1, 0
104061, 0, 1, 1, 0, 0, 0
104062, 1, 0, 0, 0, 1, 0
104063, 1, 0, 0, 0, 1, 0
104064, 1, 0, 0, 0, 1, 0
104065, 1, 0, 0, 0, 0, 1
104066, 0, 1, 0, 1, 0, 0
104067, 1, 0, 0, 0, 1, 0
104068, 1, 0, 0, 0, 1, 0
104071, 2, 0, 0, 0, 2, 0
104072, 0, 1, 1, 0, 0, 0
104074, 1, 0, 0, 0, 1, 0
104230, 4, 1, 1, 0, 4, 0
104076, 2, 0, 0, 0, 1, 1
109304, 1, 1, 1, 0, 1, 0
104078, 3, 0, 0, 0, 3, 0
104080, 2, 0, 0, 0, 1, 1
104081, 1, 0, 0, 0, 0, 1
104086, 1, 0, 0, 0, 1, 0
104087, 1, 0, 0, 0, 1, 0
104091, 1, 0, 0, 0, 1, 0
104092, 0, 1, 1, 0, 0, 0
104093, 1, 0, 0, 0, 1, 0
104094, 1, 0, 0, 0, 0, 1
104101, 1, 1, 1, 0, 1, 0
104096, 1, 0, 0, 0, 1, 0
104097, 2, 0, 0, 0, 2, 0
104100, 1, 0, 0, 0, 1, 0
104267, 0, 1, 1, 0, 0, 0
104106, 1, 0, 0, 0, 1, 0
104107, 1, 0, 0, 0, 1, 0
104108, 0, 1, 1, 0, 0, 0
104112, 1, 1, 1, 0, 1, 0
104115, 1, 0, 0, 0, 1, 0
104116, 1, 0, 0, 0, 1, 0
104117, 0, 1, 1, 0, 0, 0
104118, 1, 0, 0, 0, 1, 0
104120, 1, 0, 0, 0, 1, 0
104121, 1, 0, 0, 0, 1, 0
104122, 1, 0, 0, 0, 1, 0
104123, 0, 1, 1, 0, 0, 0
104124, 1, 0, 0, 0, 0, 1
104125, 5, 1, 1, 0, 4, 1
120734, 0, 1, 1, 0, 0, 0
104126, 2, 0, 0, 0, 2, 0
104127, 1, 0, 0, 0, 1, 0
104128, 1, 0, 0, 0, 1, 0
104129, 1, 0, 0, 0, 1, 0
104130, 0, 1, 1, 0, 0, 0
104131, 2, 0, 0, 0, 0, 2
104133, 1, 0, 0, 0, 1, 0
104135, 1, 0, 0, 0, 1, 0
104137, 5, 0, 0, 0, 5, 0
104140, 1, 0, 0, 0, 1, 0
104141, 1, 0, 0, 0, 0, 1
104142, 2, 0, 0, 0, 2, 0
104143, 1, 0, 0, 0, 1, 0
104144, 1, 0, 0, 0, 0, 1
104146, 1, 0, 0, 0, 1, 0
104148, 2, 0, 0, 0, 2, 0
104149, 1, 0, 0, 0, 1, 0
104150, 2, 0, 0, 0, 2, 0
104151, 2, 0, 0, 0, 2, 0
104152, 1, 0, 0, 0, 0, 1
104154, 1, 0, 0, 0, 1, 0
104155, 1, 0, 0, 0, 1, 0
104156, 1, 0, 0, 0, 1, 0
104157, 2, 0, 0, 0, 2, 0
104159, 5, 0, 0, 0, 4, 1
104162, 0, 2, 2, 0, 0, 0
104160, 5, 0, 0, 0, 2, 3
104168, 1, 0, 0, 0, 1, 0
104169, 1, 0, 0, 0, 1, 0
104170, 2, 0, 0, 0, 2, 0
104171, 1, 0, 0, 0, 1, 0
104180, 1, 0, 0, 0, 1, 0
104822, 0, 1, 1, 0, 0, 0
104185, 1, 0, 0, 0, 1, 0
104186, 1, 0, 0, 0, 1, 0
104187, 2, 0, 0, 0, 2, 0
104189, 1, 0, 0, 0, 1, 0
104190, 1, 0, 0, 0, 1, 0
104193, 1, 0, 0, 0, 1, 0
104194, 1, 0, 0, 0, 0, 1
104195, 1, 0, 0, 0, 1, 0
107484, 0, 1, 1, 0, 0, 0
104197, 1, 0, 0, 0, 1, 0
104201, 1, 0, 0, 0, 1, 0
104202, 1, 0, 0, 0, 1, 0
104203, 1, 0, 0, 0, 1, 0
104206, 1, 0, 0, 0, 1, 0
104207, 1, 0, 0, 0, 0, 1
104208, 2, 0, 0, 0, 2, 0
106194, 0, 1, 1, 0, 0, 0
104209, 1, 0, 0, 0, 1, 0
104210, 1, 0, 0, 0, 1, 0
104211, 1, 0, 0, 0, 1, 0
104212, 1, 0, 0, 0, 1, 0
104213, 1, 0, 0, 0, 1, 0
104214, 0, 2, 2, 0, 0, 0
104217, 1, 0, 0, 0, 1, 0
104218, 1, 0, 0, 0, 1, 0
104219, 0, 1, 1, 0, 0, 0
104221, 1, 0, 0, 0, 1, 0
104223, 1, 0, 0, 0, 1, 0
104224, 1, 0, 0, 0, 1, 0
104225, 1, 0, 0, 0, 1, 0
104226, 1, 0, 0, 0, 1, 0
104316, 0, 1, 1, 0, 0, 0
104231, 1, 0, 0, 0, 1, 0
104232, 1, 0, 0, 0, 1, 0
104233, 2, 0, 0, 0, 2, 0
104234, 1, 0, 0, 0, 1, 0
104235, 1, 0, 0, 0, 1, 0
104236, 1, 0, 0, 0, 0, 1
104237, 1, 0, 0, 0, 0, 1
104238, 1, 1, 1, 0, 1, 0
104239, 1, 1, 1, 0, 1, 0
104249, 0, 1, 1, 0, 0, 0
104250, 1, 0, 0, 0, 1, 0
104251, 1, 0, 0, 0, 1, 0
104254, 1, 0, 0, 0, 1, 0
104255, 1, 0, 0, 0, 1, 0
104256, 1, 0, 0, 0, 1, 0
104258, 1, 0, 0, 0, 1, 0
104262, 5, 0, 0, 0, 4, 1
104266, 1, 0, 0, 0, 1, 0
104269, 4, 0, 0, 0, 4, 0
105344, 1, 2, 2, 0, 1, 0
104275, 1, 0, 0, 0, 0, 1
104276, 1, 0, 0, 0, 1, 0
104277, 1, 0, 0, 0, 1, 0
104278, 1, 0, 0, 0, 1, 0
104280, 2, 0, 0, 0, 2, 0
104281, 2, 0, 0, 0, 2, 0
104282, 1, 0, 0, 0, 1, 0
104283, 2, 0, 0, 0, 2, 0
104285, 1, 0, 0, 0, 1, 0
104286, 1, 0, 0, 0, 0, 1
104287, 6, 0, 0, 0, 6, 0
104288, 0, 2, 2, 0, 0, 0
104289, 1, 0, 0, 0, 1, 0
104290, 1, 0, 0, 0, 1, 0
104291, 2, 0, 0, 0, 2, 0
104294, 1, 0, 0, 0, 1, 0
104295, 1, 0, 0, 0, 1, 0
104296, 1, 0, 0, 0, 1, 0
104297, 4, 2, 2, 0, 4, 0
104298, 5, 0, 0, 0, 5, 0
104299, 1, 0, 0, 0, 1, 0
104300, 0, 1, 1, 0, 0, 0
104301, 2, 0, 0, 0, 2, 0
104302, 1, 0, 0, 0, 1, 0
104307, 1, 0, 0, 0, 0, 1
104309, 3, 0, 0, 0, 3, 0
118423, 0, 1, 1, 0, 0, 0
104310, 1, 0, 0, 0, 1, 0
104311, 1, 1, 1, 0, 1, 0
104312, 1, 1, 1, 0, 1, 0
104314, 1, 0, 0, 0, 1, 0
104315, 1, 0, 0, 0, 1, 0
104317, 2, 0, 0, 0, 1, 1
104318, 0, 1, 1, 0, 0, 0
113776, 0, 1, 0, 1, 0, 0
104320, 2, 0, 0, 0, 2, 0
104321, 1, 0, 0, 0, 1, 0
104324, 1, 0, 0, 0, 1, 0
104326, 1, 1, 1, 0, 1, 0
104327, 1, 1, 1, 0, 1, 0
104328, 3, 1, 1, 0, 3, 0
105279, 1, 1, 1, 0, 1, 0
104330, 0, 1, 1, 0, 0, 0
104331, 1, 0, 0, 0, 1, 0
104332, 1, 0, 0, 0, 1, 0
104333, 1, 0, 0, 0, 1, 0
104335, 2, 0, 0, 0, 2, 0
104337, 12, 0, 0, 0, 12, 0
104338, 3, 0, 0, 0, 2, 1
104341, 1, 0, 0, 0, 1, 0
104380, 0, 1, 1, 0, 0, 0
104343, 1, 2, 2, 0, 1, 0
104345, 1, 0, 0, 0, 1, 0
104346, 1, 0, 0, 0, 1, 0
104347, 1, 0, 0, 0, 0, 1
104348, 2, 0, 0, 0, 1, 1
104349, 0, 1, 1, 0, 0, 0
104350, 1, 1, 1, 0, 1, 0
104354, 1, 0, 0, 0, 1, 0
105345, 1, 1, 1, 0, 1, 0
104356, 1, 0, 0, 0, 1, 0
104357, 1, 0, 0, 0, 1, 0
104360, 1, 0, 0, 0, 1, 0
104361, 0, 1, 1, 0, 0, 0
104362, 3, 0, 0, 0, 1, 2
104364, 1, 0, 0, 0, 1, 0
104365, 1, 0, 0, 0, 1, 0
104366, 2, 0, 0, 0, 1, 1
104370, 1, 0, 0, 0, 1, 0
104371, 1, 0, 0, 0, 1, 0
104374, 1, 0, 0, 0, 1, 0
104375, 1, 0, 0, 0, 1, 0
104377, 1, 0, 0, 0, 1, 0
104378, 0, 1, 1, 0, 0, 0
104381, 2, 0, 0, 0, 2, 0
104382, 1, 0, 0, 0, 1, 0
104383, 2, 0, 0, 0, 1, 1
104384, 2, 0, 0, 0, 2, 0
104385, 1, 0, 0, 0, 1, 0
104386, 1, 0, 0, 0, 0, 1
104387, 0, 1, 0, 1, 0, 0
104388, 3, 0, 0, 0, 2, 1
107096, 2, 2, 2, 0, 2, 0
104390, 1, 0, 0, 0, 1, 0
104391, 1, 0, 0, 0, 0, 1
104392, 1, 0, 0, 0, 1, 0
104393, 1, 0, 0, 0, 1, 0
104396, 1, 0, 0, 0, 0, 1
104397, 1, 0, 0, 0, 0, 1
104398, 1, 0, 0, 0, 1, 0
104399, 2, 0, 0, 0, 2, 0
104400, 2, 0, 0, 0, 0, 2
104402, 1, 0, 0, 0, 1, 0
104404, 3, 0, 0, 0, 3, 0
104406, 6, 0, 0, 0, 6, 0
114520, 0, 1, 1, 0, 0, 0
117027, 0, 1, 1, 0, 0, 0
104645, 0, 1, 1, 0, 0, 0
104418, 1, 1, 1, 0, 1, 0
104419, 1, 1, 1, 0, 1, 0
104421, 1, 0, 0, 0, 1, 0
104422, 2, 0, 0, 0, 2, 0
104424, 1, 0, 0, 0, 1, 0
104425, 1, 0, 0, 0, 1, 0
108662, 0, 1, 1, 0, 0, 0
104428, 1, 0, 0, 0, 1, 0
104542, 2, 1, 1, 0, 2, 0
104431, 2, 0, 0, 0, 2, 0
104433, 1, 0, 0, 0, 1, 0
104435, 1, 0, 0, 0, 1, 0
131080, 0, 1, 1, 0, 0, 0
104443, 1, 0, 0, 0, 1, 0
104445, 2, 0, 0, 0, 2, 0
104452, 1, 1, 1, 0, 1, 0
104454, 0, 1, 1, 0, 0, 0
104533, 1, 2, 2, 0, 1, 0
104953, 6, 5, 5, 0, 6, 0
106349, 10, 5, 5, 0, 10, 0
104974, 5, 5, 5, 0, 5, 0
104979, 0, 1, 1, 0, 0, 0
104465, 1, 0, 0, 0, 1, 0
120300, 0, 1, 1, 0, 0, 0
104582, 0, 2, 2, 0, 0, 0
104478, 1, 0, 0, 0, 1, 0
104480, 1, 0, 0, 0, 1, 0
104755, 2, 2, 2, 0, 2, 0
104495, 1, 0, 0, 0, 1, 0
104504, 1, 0, 0, 0, 0, 1
104505, 1, 0, 0, 0, 1, 0
104507, 1, 0, 0, 0, 1, 0
104509, 5, 0, 0, 0, 2, 3
120619, 0, 1, 0, 1, 0, 0
104510, 1, 0, 0, 0, 1, 0
104513, 1, 0, 0, 0, 1, 0
104515, 1, 0, 0, 0, 1, 0
104516, 1, 0, 0, 0, 1, 0
104517, 1, 0, 0, 0, 1, 0
104519, 1, 1, 1, 0, 1, 0
104522, 1, 0, 0, 0, 1, 0
104523, 1, 0, 0, 0, 0, 1
104524, 2, 0, 0, 0, 2, 0
104527, 1, 0, 0, 0, 1, 0
104528, 1, 0, 0, 0, 1, 0
104530, 4, 0, 0, 0, 4, 0
104531, 0, 1, 1, 0, 0, 0
104535, 0, 1, 1, 0, 0, 0
104532, 1, 0, 0, 0, 1, 0
106911, 2, 2, 2, 0, 2, 0
104537, 2, 1, 1, 0, 2, 0
104538, 1, 0, 0, 0, 1, 0
104539, 1, 0, 0, 0, 1, 0
104540, 1, 0, 0, 0, 1, 0
104541, 1, 0, 0, 0, 1, 0
104543, 1, 0, 0, 0, 1, 0
104544, 0, 1, 1, 0, 0, 0
114398, 5, 1, 1, 0, 5, 0
104549, 1, 0, 0, 0, 1, 0
104550, 4, 2, 2, 0, 4, 0
104551, 2, 2, 2, 0, 2, 0
104552, 1, 0, 0, 0, 1, 0
104553, 2, 0, 0, 0, 2, 0
104554, 1, 0, 0, 0, 1, 0
104555, 1, 0, 0, 0, 1, 0
104557, 1, 0, 0, 0, 1, 0
104567, 1, 0, 0, 0, 1, 0
107627, 2, 2, 2, 0, 2, 0
104572, 1, 0, 0, 0, 1, 0
104574, 1, 0, 0, 0, 1, 0
104575, 1, 0, 0, 0, 1, 0
104577, 1, 0, 0, 0, 1, 0
104578, 1, 0, 0, 0, 1, 0
104579, 1, 0, 0, 0, 1, 0
104580, 1, 0, 0, 0, 1, 0
104581, 1, 0, 0, 0, 1, 0
104583, 1, 0, 0, 0, 1, 0
105517, 0, 1, 1, 0, 0, 0
104586, 1, 0, 0, 0, 0, 1
104590, 1, 1, 1, 0, 1, 0
104591, 4, 0, 0, 0, 4, 0
104592, 7, 0, 0, 0, 7, 0
104593, 1, 0, 0, 0, 1, 0
104594, 0, 1, 1, 0, 0, 0
104596, 8, 0, 0, 0, 8, 0
104599, 1, 0, 0, 0, 0, 1
104600, 1, 0, 0, 0, 1, 0
107015, 0, 1, 1, 0, 0, 0
104602, 1, 0, 0, 0, 1, 0
104604, 2, 0, 0, 0, 2, 0
104605, 1, 0, 0, 0, 1, 0
104606, 3, 0, 0, 0, 3, 0
104607, 0, 1, 1, 0, 0, 0
104608, 1, 0, 0, 0, 0, 1
104612, 1, 0, 0, 0, 1, 0
104613, 1, 0, 0, 0, 1, 0
104614, 4, 0, 0, 0, 4, 0
104615, 1, 0, 0, 0, 1, 0
104619, 1, 1, 1, 0, 1, 0
104620, 1, 0, 0, 0, 1, 0
104621, 1, 0, 0, 0, 1, 0
104622, 1, 0, 0, 0, 1, 0
104623, 1, 0, 0, 0, 1, 0
104625, 1, 0, 0, 0, 1, 0
104626, 1, 0, 0, 0, 1, 0
104673, 2, 1, 1, 0, 2, 0
104629, 1, 0, 0, 0, 0, 1
105235, 1, 1, 0, 1, 1, 0
120303, 0, 1, 0, 1, 0, 0
104633, 1, 0, 0, 0, 1, 0
104634, 1, 0, 0, 0, 1, 0
104636, 1, 0, 0, 0, 1, 0
104637, 1, 0, 0, 0, 1, 0
104639, 1, 0, 0, 0, 0, 1
104640, 0, 1, 0, 1, 0, 0
104641, 3, 0, 0, 0, 2, 1
104642, 1, 0, 0, 0, 1, 0
125746, 0, 1, 1, 0, 0, 0
104644, 1, 0, 0, 0, 1, 0
104646, 1, 0, 0, 0, 1, 0
104647, 1, 0, 0, 0, 1, 0
104648, 1, 0, 0, 0, 1, 0
104649, 1, 0, 0, 0, 1, 0
104650, 1, 0, 0, 0, 1, 0
104651, 1, 0, 0, 0, 0, 1
104653, 1, 0, 0, 0, 1, 0
104654, 1, 0, 0, 0, 1, 0
104655, 1, 0, 0, 0, 1, 0
104656, 1, 0, 0, 0, 1, 0
104657, 1, 0, 0, 0, 1, 0
104661, 1, 0, 0, 0, 0, 1
104662, 0, 1, 0, 1, 0, 0
104663, 1, 0, 0, 0, 0, 1
104664, 1, 0, 0, 0, 1, 0
104665, 1, 0, 0, 0, 1, 0
104666, 1, 0, 0, 0, 1, 0
104670, 1, 0, 0, 0, 1, 0
104676, 1, 0, 0, 0, 1, 0
104678, 1, 0, 0, 0, 1, 0
104680, 1, 0, 0, 0, 1, 0
104681, 2, 0, 0, 0, 1, 1
104684, 1, 0, 0, 0, 1, 0
104686, 1, 0, 0, 0, 1, 0
104687, 2, 1, 1, 0, 2, 0
104688, 1, 0, 0, 0, 1, 0
104693, 1, 0, 0, 0, 1, 0
104694, 1, 0, 0, 0, 1, 0
104697, 1, 0, 0, 0, 1, 0
104699, 1, 0, 0, 0, 1, 0
104700, 1, 0, 0, 0, 1, 0
104701, 1, 0, 0, 0, 1, 0
104702, 0, 1, 1, 0, 0, 0
104703, 1, 0, 0, 0, 1, 0
104704, 1, 0, 0, 0, 1, 0
104706, 1, 0, 0, 0, 1, 0
104709, 1, 0, 0, 0, 1, 0
104710, 5, 0, 0, 0, 5, 0
119547, 1, 1, 1, 0, 1, 0
104711, 1, 0, 0, 0, 0, 1
104712, 1, 0, 0, 0, 1, 0
104713, 0, 1, 1, 0, 0, 0
105103, 1, 1, 1, 0, 1, 0
104715, 1, 0, 0, 0, 1, 0
104719, 1, 0, 0, 0, 0, 1
104721, 1, 0, 0, 0, 1, 0
104724, 1, 0, 0, 0, 1, 0
104727, 1, 0, 0, 0, 1, 0
104729, 1, 0, 0, 0, 1, 0
104730, 3, 0, 0, 0, 3, 0
104731, 1, 1, 1, 0, 0, 1
104732, 1, 0, 0, 0, 1, 0
104735, 1, 0, 0, 0, 1, 0
104736, 1, 0, 0, 0, 1, 0
104737, 1, 0, 0, 0, 1, 0
104738, 1, 0, 0, 0, 1, 0
104739, 0, 1, 1, 0, 0, 0
104740, 1, 0, 0, 0, 1, 0
104742, 1, 0, 0, 0, 1, 0
104743, 1, 0, 0, 0, 1, 0
104745, 1, 0, 0, 0, 1, 0
104746, 2, 0, 0, 0, 2, 0
104748, 1, 0, 0, 0, 1, 0
104754, 1, 0, 0, 0, 1, 0
104756, 3, 0, 0, 0, 3, 0
104757, 3, 0, 0, 0, 3, 0
104914, 0, 1, 1, 0, 0, 0
104758, 1, 1, 1, 0, 1, 0
104759, 1, 1, 1, 0, 1, 0
104760, 2, 0, 0, 0, 2, 0
104967, 0, 1, 1, 0, 0, 0
104761, 1, 0, 0, 0, 1, 0
104764, 1, 0, 0, 0, 1, 0
104766, 1, 0, 0, 0, 1, 0
104767, 1, 0, 0, 0, 1, 0
104768, 1, 0, 0, 0, 0, 1
104773, 5, 0, 0, 0, 5, 0
104774, 1, 0, 0, 0, 1, 0
104776, 1, 0, 0, 0, 1, 0
104777, 1, 0, 0, 0, 1, 0
104778, 1, 0, 0, 0, 1, 0
104779, 1, 0, 0, 0, 1, 0
104780, 0, 1, 1, 0, 0, 0
104781, 1, 0, 0, 0, 1, 0
104782, 1, 0, 0, 0, 0, 1
104784, 1, 1, 1, 0, 0, 1
104785, 3, 1, 1, 0, 3, 0
104786, 1, 0, 0, 0, 1, 0
104787, 1, 0, 0, 0, 1, 0
104804, 2, 2, 2, 0, 2, 0
106602, 3, 3, 3, 0, 3, 0
106795, 0, 2, 2, 0, 0, 0
107079, 2, 2, 2, 0, 2, 0
106457, 1, 1, 1, 0, 1, 0
104790, 1, 0, 0, 0, 1, 0
104791, 1, 0, 0, 0, 1, 0
104794, 2, 3, 3, 0, 2, 0
104795, 1, 0, 0, 0, 1, 0
104796, 1, 0, 0, 0, 1, 0
104798, 2, 0, 0, 0, 2, 0
104799, 2, 0, 0, 0, 2, 0
104800, 1, 0, 0, 0, 1, 0
104802, 1, 0, 0, 0, 1, 0
104803, 1, 0, 0, 0, 1, 0
104805, 1, 0, 0, 0, 1, 0
104806, 0, 1, 1, 0, 0, 0
104809, 1, 0, 0, 0, 1, 0
104811, 2, 0, 0, 0, 2, 0
104812, 1, 0, 0, 0, 1, 0
104814, 1, 0, 0, 0, 1, 0
104815, 1, 0, 0, 0, 1, 0
104816, 1, 0, 0, 0, 1, 0
104818, 1, 0, 0, 0, 1, 0
104819, 1, 0, 0, 0, 1, 0
104820, 1, 0, 0, 0, 0, 1
105384, 0, 1, 0, 1, 0, 0
106886, 0, 1, 0, 1, 0, 0
107123, 0, 1, 0, 1, 0, 0
104825, 1, 0, 0, 0, 1, 0
104826, 0, 1, 1, 0, 0, 0
104827, 1, 0, 0, 0, 1, 0
104828, 1, 0, 0, 0, 1, 0
104831, 2, 0, 0, 0, 2, 0
104832, 2, 0, 0, 0, 2, 0
104833, 1, 0, 0, 0, 1, 0
104834, 0, 3, 3, 0, 0, 0
104835, 1, 0, 0, 0, 0, 1
104836, 1, 3, 2, 1, 0, 1
104837, 1, 0, 0, 0, 1, 0
104838, 1, 0, 0, 0, 1, 0
104840, 3, 0, 0, 0, 1, 2
104841, 1, 0, 0, 0, 1, 0
104843, 1, 0, 0, 0, 1, 0
104844, 1, 0, 0, 0, 1, 0
104845, 1, 0, 0, 0, 1, 0
104846, 1, 0, 0, 0, 1, 0
104847, 1, 0, 0, 0, 1, 0
104848, 2, 0, 0, 0, 2, 0
104849, 1, 0, 0, 0, 1, 0
104850, 0, 2, 2, 0, 0, 0
104852, 3, 0, 0, 0, 3, 0
104853, 4, 2, 2, 0, 4, 0
128464, 0, 1, 1, 0, 0, 0
104854, 1, 0, 0, 0, 1, 0
104855, 1, 0, 0, 0, 0, 1
104856, 1, 1, 1, 0, 1, 0
104858, 1, 0, 0, 0, 1, 0
104859, 1, 0, 0, 0, 1, 0
104860, 1, 0, 0, 0, 0, 1
104861, 1, 0, 0, 0, 1, 0
104863, 1, 0, 0, 0, 1, 0
104864, 2, 1, 1, 0, 2, 0
104865, 2, 0, 0, 0, 2, 0
104868, 2, 0, 0, 0, 1, 1
104869, 1, 0, 0, 0, 1, 0
104870, 4, 0, 0, 0, 4, 0
104871, 3, 0, 0, 0, 3, 0
104872, 3, 1, 1, 0, 0, 3
105541, 0, 1, 0, 1, 0, 0
104873, 1, 0, 0, 0, 1, 0
104874, 1, 0, 0, 0, 1, 0
104875, 1, 0, 0, 0, 1, 0
104876, 1, 0, 0, 0, 1, 0
104877, 0, 1, 1, 0, 0, 0
104878, 2, 0, 0, 0, 2, 0
104879, 1, 0, 0, 0, 1, 0
104880, 0, 1, 1, 0, 0, 0
104881, 1, 0, 0, 0, 1, 0
104883, 1, 0, 0, 0, 1, 0
104884, 2, 0, 0, 0, 2, 0
104885, 1, 0, 0, 0, 0, 1
104887, 1, 0, 0, 0, 1, 0
104890, 1, 0, 0, 0, 1, 0
104892, 1, 0, 0, 0, 1, 0
104893, 1, 0, 0, 0, 1, 0
104895, 1, 0, 0, 0, 1, 0
104896, 2, 0, 0, 0, 1, 1
104897, 0, 1, 0, 1, 0, 0
104900, 0, 1, 1, 0, 0, 0
104901, 1, 0, 0, 0, 1, 0
104903, 4, 0, 0, 0, 4, 0
104905, 1, 0, 0, 0, 1, 0
104907, 1, 0, 0, 0, 1, 0
104909, 1, 0, 0, 0, 1, 0
104910, 1, 0, 0, 0, 1, 0
104913, 1, 0, 0, 0, 1, 0
104915, 2, 0, 0, 0, 2, 0
104916, 1, 0, 0, 0, 1, 0
104917, 1, 0, 0, 0, 0, 1
104918, 1, 0, 0, 0, 1, 0
104919, 0, 1, 1, 0, 0, 0
104921, 1, 0, 0, 0, 1, 0
104925, 3, 0, 0, 0, 3, 0
104926, 1, 0, 0, 0, 1, 0
104927, 0, 1, 1, 0, 0, 0
104928, 1, 0, 0, 0, 1, 0
104929, 3, 0, 0, 0, 3, 0
104931, 1, 0, 0, 0, 1, 0
104932, 1, 0, 0, 0, 1, 0
104933, 2, 0, 0, 0, 2, 0
104934, 1, 0, 0, 0, 1, 0
104935, 1, 0, 0, 0, 1, 0
104936, 0, 1, 1, 0, 0, 0
104937, 1, 0, 0, 0, 1, 0
104938, 1, 0, 0, 0, 1, 0
104939, 1, 0, 0, 0, 1, 0
104940, 1, 0, 0, 0, 1, 0
104942, 1, 0, 0, 0, 1, 0
104943, 1, 0, 0, 0, 1, 0
104945, 3, 0, 0, 0, 3, 0
104946, 2, 0, 0, 0, 2, 0
104947, 1, 0, 0, 0, 1, 0
104948, 0, 1, 1, 0, 0, 0
104949, 1, 0, 0, 0, 1, 0
104950, 1, 0, 0, 0, 1, 0
104951, 1, 0, 0, 0, 1, 0
104952, 1, 0, 0, 0, 1, 0
104961, 1, 3, 3, 0, 1, 0
104986, 1, 1, 1, 0, 1, 0
104993, 1, 1, 1, 0, 1, 0
104995, 2, 1, 1, 0, 2, 0
105207, 1, 1, 1, 0, 1, 0
104957, 2, 1, 1, 0, 2, 0
105728, 1, 3, 3, 0, 1, 0
105379, 1, 2, 2, 0, 1, 0
105380, 4, 1, 1, 0, 4, 0
104959, 1, 0, 0, 0, 1, 0
104960, 0, 1, 1, 0, 0, 0
104962, 1, 0, 0, 0, 1, 0
104963, 3, 0, 0, 0, 3, 0
104964, 1, 0, 0, 0, 0, 1
104965, 2, 0, 0, 0, 2, 0
104966, 1, 0, 0, 0, 1, 0
104968, 1, 0, 0, 0, 1, 0
104969, 1, 0, 0, 0, 1, 0
104970, 1, 0, 0, 0, 1, 0
104971, 1, 0, 0, 0, 1, 0
104972, 3, 1, 1, 0, 3, 0
104973, 0, 1, 1, 0, 0, 0
116028, 0, 1, 1, 0, 0, 0
104975, 1, 0, 0, 0, 1, 0
104976, 1, 0, 0, 0, 0, 1
104978, 1, 0, 0, 0, 0, 1
104980, 1, 0, 0, 0, 1, 0
104981, 1, 0, 0, 0, 1, 0
104982, 1, 0, 0, 0, 1, 0
104983, 1, 1, 1, 0, 0, 1
104987, 1, 0, 0, 0, 1, 0
105299, 0, 1, 1, 0, 0, 0
104989, 2, 0, 0, 0, 2, 0
104990, 1, 0, 0, 0, 1, 0
104992, 1, 0, 0, 0, 1, 0
104997, 1, 0, 0, 0, 1, 0
104998, 2, 0, 0, 0, 2, 0
105001, 1, 0, 0, 0, 1, 0
105002, 0, 1, 1, 0, 0, 0
105003, 1, 0, 0, 0, 0, 1
105004, 1, 1, 0, 1, 1, 0
105005, 1, 0, 0, 0, 1, 0
105008, 1, 0, 0, 0, 1, 0
105009, 2, 0, 0, 0, 2, 0
105010, 0, 1, 1, 0, 0, 0
105011, 5, 0, 0, 0, 5, 0
105176, 0, 1, 1, 0, 0, 0
105012, 1, 0, 0, 0, 1, 0
105013, 0, 1, 1, 0, 0, 0
105014, 6, 0, 0, 0, 6, 0
105015, 1, 0, 0, 0, 1, 0
105016, 1, 0, 0, 0, 1, 0
105017, 1, 0, 0, 0, 1, 0
105021, 1, 0, 0, 0, 1, 0
105024, 2, 0, 0, 0, 2, 0
105025, 1, 0, 0, 0, 1, 0
105027, 1, 0, 0, 0, 1, 0
105029, 1, 0, 0, 0, 1, 0
105030, 1, 0, 0, 0, 1, 0
115385, 0, 1, 1, 0, 0, 0
105032, 1, 0, 0, 0, 1, 0
105033, 1, 0, 0, 0, 1, 0
105034, 1, 0, 0, 0, 1, 0
105036, 1, 0, 0, 0, 1, 0
105037, 1, 0, 0, 0, 1, 0
106111, 1, 1, 1, 0, 1, 0
105041, 2, 0, 0, 0, 2, 0
105042, 1, 0, 0, 0, 1, 0
105043, 0, 2, 2, 0, 0, 0
105044, 4, 1, 1, 0, 2, 2
105046, 1, 0, 0, 0, 1, 0
105049, 1, 0, 0, 0, 1, 0
105050, 0, 1, 1, 0, 0, 0
105051, 1, 0, 0, 0, 1, 0
105052, 1, 0, 0, 0, 1, 0
105056, 1, 0, 0, 0, 1, 0
105057, 1, 0, 0, 0, 0, 1
105059, 1, 0, 0, 0, 1, 0
105147, 1, 1, 1, 0, 1, 0
105063, 1, 0, 0, 0, 1, 0
105064, 1, 0, 0, 0, 1, 0
105065, 1, 0, 0, 0, 1, 0
105066, 1, 0, 0, 0, 1, 0
105067, 3, 0, 0, 0, 3, 0
105069, 1, 0, 0, 0, 1, 0
105170, 1, 1, 1, 0, 1, 0
105072, 1, 0, 0, 0, 1, 0
105073, 2, 0, 0, 0, 1, 1
105074, 2, 1, 1, 0, 2, 0
105075, 1, 0, 0, 0, 0, 1
105076, 1, 0, 0, 0, 1, 0
105081, 1, 0, 0, 0, 1, 0
105082, 1, 0, 0, 0, 1, 0
105083, 1, 0, 0, 0, 1, 0
105084, 0, 1, 1, 0, 0, 0
105085, 1, 0, 0, 0, 1, 0
105086, 0, 1, 1, 0, 0, 0
105088, 1, 0, 0, 0, 1, 0
105089, 3, 0, 0, 0, 3, 0
105090, 2, 0, 0, 0, 0, 2
105091, 0, 2, 1, 1, 0, 0
105093, 1, 0, 0, 0, 1, 0
105094, 21, 0, 0, 0, 21, 0
105095, 1, 0, 0, 0, 1, 0
105097, 2, 0, 0, 0, 2, 0
105099, 1, 0, 0, 0, 1, 0
105101, 1, 0, 0, 0, 1, 0
105102, 1, 0, 0, 0, 1, 0
105104, 1, 0, 0, 0, 1, 0
105105, 1, 0, 0, 0, 1, 0
105106, 1, 0, 0, 0, 1, 0
105107, 1, 0, 0, 0, 1, 0
105110, 1, 0, 0, 0, 1, 0
105111, 1, 0, 0, 0, 0, 1
105113, 1, 0, 0, 0, 1, 0
105114, 1, 0, 0, 0, 1, 0
105116, 1, 0, 0, 0, 1, 0
105117, 1, 1, 1, 0, 1, 0
105118, 1, 0, 0, 0, 1, 0
110468, 1, 1, 1, 0, 1, 0
105122, 1, 0, 0, 0, 1, 0
105123, 2, 0, 0, 0, 2, 0
123963, 0, 3, 3, 0, 0, 0
105126, 1, 0, 0, 0, 1, 0
105127, 0, 2, 2, 0, 0, 0
105128, 1, 0, 0, 0, 1, 0
105130, 1, 0, 0, 0, 1, 0
105132, 1, 0, 0, 0, 1, 0
105133, 1, 0, 0, 0, 1, 0
105134, 2, 0, 0, 0, 2, 0
105135, 1, 0, 0, 0, 0, 1
105136, 1, 0, 0, 0, 1, 0
105137, 3, 1, 1, 0, 3, 0
105139, 1, 0, 0, 0, 1, 0
105140, 2, 0, 0, 0, 2, 0
106054, 0, 1, 0, 1, 0, 0
105144, 1, 0, 0, 0, 1, 0
105146, 1, 0, 0, 0, 1, 0
105148, 1, 0, 0, 0, 1, 0
105149, 0, 1, 1, 0, 0, 0
105150, 1, 0, 0, 0, 1, 0
105152, 2, 0, 0, 0, 2, 0
113723, 2, 1, 1, 0, 2, 0
105155, 2, 0, 0, 0, 2, 0
105158, 1, 0, 0, 0, 1, 0
105159, 1, 0, 0, 0, 1, 0
105160, 1, 0, 0, 0, 1, 0
105161, 2, 0, 0, 0, 2, 0
105163, 1, 0, 0, 0, 1, 0
105164, 0, 1, 1, 0, 0, 0
105165, 1, 0, 0, 0, 1, 0
105166, 1, 0, 0, 0, 1, 0
105167, 1, 0, 0, 0, 1, 0
105168, 1, 0, 0, 0, 1, 0
105169, 1, 0, 0, 0, 1, 0
105171, 1, 0, 0, 0, 0, 1
105172, 1, 0, 0, 0, 0, 1
105173, 1, 0, 0, 0, 1, 0
105174, 1, 0, 0, 0, 1, 0
105177, 1, 0, 0, 0, 1, 0
105178, 1, 0, 0, 0, 1, 0
105179, 1, 0, 0, 0, 1, 0
105180, 3, 0, 0, 0, 1, 2
105183, 1, 0, 0, 0, 1, 0
105184, 1, 2, 2, 0, 1, 0
109982, 1, 1, 1, 0, 1, 0
105185, 1, 0, 0, 0, 1, 0
105186, 2, 0, 0, 0, 2, 0
111748, 0, 1, 1, 0, 0, 0
105191, 1, 0, 0, 0, 1, 0
105192, 0, 2, 2, 0, 0, 0
105194, 1, 0, 0, 0, 1, 0
105195, 1, 0, 0, 0, 1, 0
105196, 0, 1, 1, 0, 0, 0
105199, 1, 0, 0, 0, 1, 0
105201, 1, 0, 0, 0, 1, 0
105202, 2, 0, 0, 0, 1, 1
105203, 0, 1, 1, 0, 0, 0
105204, 0, 2, 1, 1, 0, 0
105205, 1, 0, 0, 0, 1, 0
105206, 1, 0, 0, 0, 1, 0
105208, 1, 0, 0, 0, 1, 0
105209, 0, 1, 1, 0, 0, 0
105210, 1, 0, 0, 0, 1, 0
105213, 1, 0, 0, 0, 1, 0
105214, 1, 0, 0, 0, 1, 0
105215, 1, 0, 0, 0, 1, 0
106351, 1, 1, 1, 0, 1, 0
105219, 1, 0, 0, 0, 1, 0
105221, 1, 0, 0, 0, 1, 0
105222, 2, 0, 0, 0, 1, 1
105223, 53, 0, 0, 0, 0, 53
105224, 1, 0, 0, 0, 1, 0
105226, 1, 0, 0, 0, 1, 0
105229, 1, 0, 0, 0, 1, 0
105237, 1, 0, 0, 0, 0, 1
105238, 1, 0, 0, 0, 1, 0
105239, 1, 0, 0, 0, 0, 1
105243, 2, 0, 0, 0, 2, 0
105244, 1, 0, 0, 0, 1, 0
105245, 1, 1, 1, 0, 1, 0
105247, 1, 0, 0, 0, 1, 0
105249, 1, 0, 0, 0, 1, 0
105250, 1, 0, 0, 0, 1, 0
105252, 1, 0, 0, 0, 1, 0
110733, 0, 2, 0, 2, 0, 0
126165, 0, 1, 0, 1, 0, 0
126280, 0, 1, 0, 1, 0, 0
128377, 0, 3, 1, 2, 0, 0
131328, 0, 1, 0, 1, 0, 0
105255, 1, 0, 0, 0, 1, 0
105264, 1, 0, 0, 0, 1, 0
105265, 1, 0, 0, 0, 1, 0
105266, 2, 0, 0, 0, 2, 0
105270, 2, 0, 0, 0, 2, 0
105271, 1, 0, 0, 0, 1, 0
106039, 2, 1, 1, 0, 2, 0
106040, 3, 1, 1, 0, 3, 0
105274, 1, 0, 0, 0, 0, 1
110972, 2, 3, 3, 0, 2, 0
105276, 1, 0, 0, 0, 1, 0
105278, 1, 0, 0, 0, 1, 0
105280, 1, 0, 0, 0, 1, 0
105281, 1, 0, 0, 0, 1, 0
105283, 1, 0, 0, 0, 1, 0
105284, 1, 0, 0, 0, 1, 0
105285, 1, 0, 0, 0, 1, 0
105287, 1, 0, 0, 0, 1, 0
105288, 1, 0, 0, 0, 1, 0
105290, 2, 0, 0, 0, 2, 0
105292, 0, 1, 1, 0, 0, 0
105294, 1, 1, 1, 0, 1, 0
105295, 1, 0, 0, 0, 1, 0
105296, 1, 0, 0, 0, 1, 0
105300, 1, 0, 0, 0, 1, 0
105301, 1, 0, 0, 0, 0, 1
105306, 1, 0, 0, 0, 1, 0
105307, 1, 0, 0, 0, 0, 1
105315, 1, 0, 0, 0, 1, 0
105320, 1, 0, 0, 0, 1, 0
105321, 1, 0, 0, 0, 0, 1
105322, 1, 1, 1, 0, 1, 0
105327, 1, 0, 0, 0, 1, 0
105328, 1, 0, 0, 0, 1, 0
105334, 1, 0, 0, 0, 1, 0
105336, 1, 0, 0, 0, 1, 0
105338, 1, 0, 0, 0, 1, 0
105339, 1, 0, 0, 0, 1, 0
105341, 1, 0, 0, 0, 0, 1
105342, 0, 1, 0, 1, 0, 0
106109, 0, 1, 1, 0, 0, 0
105346, 1, 0, 0, 0, 1, 0
105347, 0, 1, 1, 0, 0, 0
105351, 2, 0, 0, 0, 2, 0
105352, 1, 1, 1, 0, 1, 0
105354, 1, 0, 0, 0, 1, 0
105355, 1, 0, 0, 0, 1, 0
105356, 1, 0, 0, 0, 1, 0
105358, 1, 0, 0, 0, 1, 0
105359, 1, 0, 0, 0, 1, 0
105361, 2, 0, 0, 0, 2, 0
105362, 1, 0, 0, 0, 0, 1
105363, 11, 0, 0, 0, 11, 0
105364, 1, 0, 0, 0, 1, 0
105366, 1, 0, 0, 0, 1, 0
105367, 1, 0, 0, 0, 1, 0
105369, 1, 0, 0, 0, 1, 0
105370, 1, 0, 0, 0, 1, 0
105375, 1, 0, 0, 0, 1, 0
105376, 2, 0, 0, 0, 0, 2
105381, 1, 0, 0, 0, 1, 0
105382, 1, 0, 0, 0, 1, 0
105383, 2, 0, 0, 0, 2, 0
106526, 0, 1, 0, 1, 0, 0
107139, 0, 1, 0, 1, 0, 0
105506, 0, 4, 3, 1, 0, 0
131215, 0, 1, 1, 0, 0, 0
105391, 1, 0, 0, 0, 1, 0
105392, 0, 1, 1, 0, 0, 0
105393, 1, 0, 0, 0, 1, 0
105394, 1, 0, 0, 0, 1, 0
105395, 1, 0, 0, 0, 1, 0
105405, 1, 0, 0, 0, 1, 0
105408, 1, 0, 0, 0, 1, 0
105409, 0, 2, 2, 0, 0, 0
105412, 1, 1, 1, 0, 0, 1
105413, 1, 0, 0, 0, 1, 0
105414, 1, 0, 0, 0, 1, 0
105416, 1, 0, 0, 0, 0, 1
105417, 1, 0, 0, 0, 1, 0
105418, 3, 0, 0, 0, 3, 0
105419, 1, 0, 0, 0, 1, 0
105420, 1, 0, 0, 0, 1, 0
105421, 2, 0, 0, 0, 2, 0
105423, 5, 2, 2, 0, 5, 0
105424, 1, 0, 0, 0, 1, 0
105425, 0, 1, 1, 0, 0, 0
105426, 2, 0, 0, 0, 2, 0
105427, 1, 0, 0, 0, 1, 0
105431, 1, 0, 0, 0, 1, 0
105432, 4, 0, 0, 0, 4, 0
105433, 2, 0, 0, 0, 2, 0
105434, 2, 0, 0, 0, 2, 0
105435, 2, 0, 0, 0, 2, 0
105436, 1, 0, 0, 0, 1, 0
105437, 1, 0, 0, 0, 1, 0
105438, 1, 0, 0, 0, 1, 0
105439, 0, 1, 1, 0, 0, 0
105441, 1, 2, 2, 0, 1, 0
105442, 1, 0, 0, 0, 1, 0
105443, 0, 1, 1, 0, 0, 0
105444, 1, 0, 0, 0, 0, 1
105446, 1, 0, 0, 0, 1, 0
105447, 1, 0, 0, 0, 1, 0
105448, 1, 0, 0, 0, 1, 0
105449, 1, 0, 0, 0, 0, 1
105451, 2, 0, 0, 0, 2, 0
105452, 1, 0, 0, 0, 1, 0
105453, 4, 0, 0, 0, 4, 0
105454, 1, 0, 0, 0, 1, 0
105456, 2, 0, 0, 0, 2, 0
105458, 1, 0, 0, 0, 1, 0
105459, 4, 0, 0, 0, 1, 3
105461, 1, 0, 0, 0, 1, 0
105463, 1, 0, 0, 0, 1, 0
105465, 1, 0, 0, 0, 1, 0
105466, 1, 0, 0, 0, 1, 0
105467, 0, 1, 1, 0, 0, 0
105469, 2, 0, 0, 0, 2, 0
105470, 0, 1, 1, 0, 0, 0
105471, 0, 2, 2, 0, 0, 0
105478, 0, 1, 1, 0, 0, 0
105479, 1, 2, 2, 0, 1, 0
105480, 0, 2, 2, 0, 0, 0
105483, 0, 1, 1, 0, 0, 0
105473, 4, 0, 0, 0, 4, 0
105475, 1, 0, 0, 0, 1, 0
105476, 1, 0, 0, 0, 1, 0
105477, 0, 1, 1, 0, 0, 0
105481, 1, 0, 0, 0, 1, 0
105482, 1, 0, 0, 0, 1, 0
105484, 1, 0, 0, 0, 1, 0
105485, 1, 0, 0, 0, 1, 0
105487, 1, 0, 0, 0, 1, 0
105488, 1, 0, 0, 0, 1, 0
105489, 1, 0, 0, 0, 1, 0
105490, 1, 0, 0, 0, 1, 0
105491, 1, 0, 0, 0, 1, 0
105493, 1, 0, 0, 0, 1, 0
121760, 0, 2, 1, 1, 0, 0
105499, 3, 0, 0, 0, 3, 0
105500, 4, 0, 0, 0, 4, 0
105505, 1, 0, 0, 0, 1, 0
105507, 1, 0, 0, 0, 1, 0
105508, 1, 0, 0, 0, 1, 0
105509, 0, 1, 1, 0, 0, 0
105510, 1, 0, 0, 0, 1, 0
105511, 1, 0, 0, 0, 1, 0
105513, 1, 0, 0, 0, 1, 0
105516, 1, 0, 0, 0, 1, 0
105518, 1, 0, 0, 0, 1, 0
105520, 1, 0, 0, 0, 1, 0
105524, 1, 0, 0, 0, 1, 0
105525, 0, 1, 1, 0, 0, 0
105526, 2, 0, 0, 0, 2, 0
105528, 1, 0, 0, 0, 1, 0
105529, 1, 0, 0, 0, 1, 0
105530, 0, 1, 1, 0, 0, 0
108817, 0, 1, 1, 0, 0, 0
105532, 1, 0, 0, 0, 1, 0
105533, 1, 0, 0, 0, 1, 0
105534, 0, 1, 1, 0, 0, 0
105535, 1, 0, 0, 0, 1, 0
105536, 1, 1, 1, 0, 1, 0
105537, 1, 1, 1, 0, 1, 0
108474, 1, 1, 1, 0, 1, 0
105540, 2, 0, 0, 0, 2, 0
105543, 3, 0, 0, 0, 3, 0
106876, 0, 1, 1, 0, 0, 0
107781, 0, 1, 1, 0, 0, 0
105545, 1, 0, 0, 0, 1, 0
105546, 1, 0, 0, 0, 1, 0
105548, 1, 0, 0, 0, 1, 0
105549, 0, 1, 1, 0, 0, 0
105550, 1, 0, 0, 0, 0, 1
107727, 7, 3, 1, 2, 3, 4
105554, 1, 0, 0, 0, 1, 0
105555, 1, 0, 0, 0, 1, 0
105565, 2, 0, 0, 0, 2, 0
131001, 0, 1, 1, 0, 0, 0
105566, 1, 0, 0, 0, 1, 0
105849, 1, 1, 1, 0, 1, 0
105577, 1, 0, 0, 0, 1, 0
105578, 1, 0, 0, 0, 1, 0
105596, 1, 0, 0, 0, 0, 1
105598, 1, 0, 0, 0, 1, 0
105599, 0, 1, 1, 0, 0, 0
105601, 1, 0, 0, 0, 1, 0
105603, 1, 0, 0, 0, 1, 0
105604, 1, 0, 0, 0, 1, 0
105605, 0, 3, 3, 0, 0, 0
105606, 1, 0, 0, 0, 1, 0
105607, 1, 0, 0, 0, 1, 0
108873, 0, 1, 1, 0, 0, 0
115518, 0, 1, 1, 0, 0, 0
105609, 1, 0, 0, 0, 1, 0
105610, 1, 0, 0, 0, 1, 0
105611, 1, 0, 0, 0, 1, 0
105612, 1, 0, 0, 0, 1, 0
105613, 1, 0, 0, 0, 1, 0
105614, 0, 4, 3, 1, 0, 0
105616, 1, 1, 1, 0, 1, 0
105617, 1, 0, 0, 0, 1, 0
105618, 1, 0, 0, 0, 1, 0
105619, 1, 0, 0, 0, 1, 0
105621, 2, 0, 0, 0, 1, 1
105622, 6, 2, 2, 0, 6, 0
105626, 0, 2, 2, 0, 0, 0
105628, 1, 0, 0, 0, 0, 1
105629, 2, 0, 0, 0, 2, 0
105630, 1, 0, 0, 0, 1, 0
105631, 1, 0, 0, 0, 1, 0
105632, 4, 0, 0, 0, 4, 0
105633, 1, 0, 0, 0, 1, 0
105634, 0, 1, 1, 0, 0, 0
105636, 1, 1, 1, 0, 1, 0
105637, 1, 0, 0, 0, 1, 0
105640, 1, 0, 0, 0, 1, 0
105641, 1, 0, 0, 0, 1, 0
105642, 2, 0, 0, 0, 2, 0
105643, 3, 0, 0, 0, 1, 2
105644, 1, 0, 0, 0, 1, 0
105645, 1, 0, 0, 0, 0, 1
105646, 1, 0, 0, 0, 1, 0
105647, 1, 0, 0, 0, 1, 0
105648, 0, 1, 1, 0, 0, 0
105650, 1, 0, 0, 0, 1, 0
105651, 1, 0, 0, 0, 1, 0
105652, 1, 0, 0, 0, 1, 0
105653, 3, 1, 1, 0, 3, 0
105654, 1, 0, 0, 0, 1, 0
105656, 1, 0, 0, 0, 1, 0
105658, 1, 0, 0, 0, 1, 0
105659, 3, 0, 0, 0, 3, 0
105660, 1, 0, 0, 0, 1, 0
105662, 1, 0, 0, 0, 1, 0
105663, 2, 0, 0, 0, 2, 0
105665, 1, 0, 0, 0, 1, 0
105666, 1, 0, 0, 0, 1, 0
105667, 1, 0, 0, 0, 0, 1
105669, 1, 0, 0, 0, 1, 0
105672, 5, 0, 0, 0, 5, 0
105674, 2, 0, 0, 0, 2, 0
130547, 0, 1, 1, 0, 0, 0
105676, 1, 0, 0, 0, 1, 0
105678, 1, 0, 0, 0, 1, 0
105681, 1, 0, 0, 0, 1, 0
105682, 1, 1, 1, 0, 1, 0
105683, 1, 0, 0, 0, 1, 0
105684, 1, 0, 0, 0, 1, 0
105686, 3, 0, 0, 0, 3, 0
105693, 0, 2, 2, 0, 0, 0
105687, 1, 0, 0, 0, 1, 0
105689, 1, 0, 0, 0, 1, 0
105725, 0, 1, 1, 0, 0, 0
105691, 1, 0, 0, 0, 1, 0
105692, 1, 0, 0, 0, 1, 0
105694, 1, 1, 1, 0, 1, 0
105695, 1, 0, 0, 0, 0, 1
105696, 1, 0, 0, 0, 1, 0
105697, 3, 0, 0, 0, 3, 0
105698, 2, 0, 0, 0, 2, 0
105699, 1, 0, 0, 0, 0, 1
105700, 1, 0, 0, 0, 1, 0
105701, 1, 0, 0, 0, 1, 0
105705, 1, 0, 0, 0, 1, 0
105706, 1, 0, 0, 0, 1, 0
105707, 2, 0, 0, 0, 2, 0
105708, 3, 0, 0, 0, 3, 0
105709, 1, 0, 0, 0, 1, 0
105710, 2, 0, 0, 0, 2, 0
105711, 8, 0, 0, 0, 8, 0
105712, 1, 0, 0, 0, 1, 0
105713, 1, 0, 0, 0, 1, 0
105714, 1, 0, 0, 0, 1, 0
105715, 3, 0, 0, 0, 3, 0
105716, 1, 0, 0, 0, 1, 0
105717, 2, 0, 0, 0, 2, 0
105718, 1, 0, 0, 0, 1, 0
105721, 1, 0, 0, 0, 1, 0
105722, 5, 0, 0, 0, 5, 0
105723, 1, 0, 0, 0, 1, 0
105724, 1, 0, 0, 0, 1, 0
105727, 2, 0, 0, 0, 2, 0
105729, 1, 0, 0, 0, 0, 1
105730, 1, 0, 0, 0, 1, 0
105733, 1, 0, 0, 0, 1, 0
105734, 1, 0, 0, 0, 1, 0
105735, 0, 1, 1, 0, 0, 0
105737, 1, 0, 0, 0, 1, 0
105738, 1, 0, 0, 0, 0, 1
105740, 1, 0, 0, 0, 1, 0
105741, 1, 0, 0, 0, 1, 0
105742, 1, 0, 0, 0, 1, 0
105746, 3, 4, 4, 0, 3, 0
115633, 4, 2, 2, 0, 4, 0
105748, 2, 0, 0, 0, 2, 0
105749, 1, 0, 0, 0, 1, 0
105751, 1, 0, 0, 0, 1, 0
105753, 1, 0, 0, 0, 1, 0
105754, 2, 0, 0, 0, 2, 0
105755, 1, 0, 0, 0, 1, 0
109968, 1, 3, 3, 0, 1, 0
105758, 1, 0, 0, 0, 0, 1
105759, 0, 2, 1, 1, 0, 0
105762, 1, 0, 0, 0, 1, 0
105765, 1, 0, 0, 0, 1, 0
105766, 0, 1, 1, 0, 0, 0
105767, 1, 0, 0, 0, 0, 1
105768, 1, 0, 0, 0, 1, 0
105770, 1, 0, 0, 0, 0, 1
105771, 1, 0, 0, 0, 1, 0
105772, 1, 0, 0, 0, 1, 0
105773, 3, 0, 0, 0, 3, 0
105929, 0, 1, 1, 0, 0, 0
105775, 1, 0, 0, 0, 1, 0
105777, 2, 0, 0, 0, 2, 0
105778, 1, 0, 0, 0, 1, 0
105779, 1, 1, 1, 0, 1, 0
105782, 1, 0, 0, 0, 1, 0
105784, 1, 0, 0, 0, 1, 0
105785, 1, 0, 0, 0, 1, 0
105786, 1, 0, 0, 0, 1, 0
105787, 1, 0, 0, 0, 1, 0
105788, 1, 0, 0, 0, 1, 0
105789, 1, 0, 0, 0, 1, 0
105790, 4, 0, 0, 0, 4, 0
105794, 0, 2, 2, 0, 0, 0
105791, 1, 0, 0, 0, 1, 0
105792, 0, 2, 2, 0, 0, 0
105793, 1, 0, 0, 0, 1, 0
105797, 1, 0, 0, 0, 1, 0
105798, 0, 1, 1, 0, 0, 0
105799, 5, 1, 1, 0, 5, 0
105800, 8, 0, 0, 0, 7, 1
120151, 1, 1, 0, 1, 1, 0
105801, 4, 0, 0, 0, 4, 0
119957, 0, 1, 1, 0, 0, 0
105802, 1, 0, 0, 0, 1, 0
105804, 2, 0, 0, 0, 2, 0
105805, 1, 0, 0, 0, 1, 0
105807, 7, 0, 0, 0, 5, 2
108101, 0, 1, 0, 1, 0, 0
105808, 1, 0, 0, 0, 1, 0
105809, 0, 1, 1, 0, 0, 0
105811, 3, 0, 0, 0, 3, 0
105813, 1, 0, 0, 0, 1, 0
105814, 2, 0, 0, 0, 2, 0
105815, 1, 0, 0, 0, 1, 0
105816, 1, 0, 0, 0, 1, 0
105819, 1, 0, 0, 0, 1, 0
105820, 1, 0, 0, 0, 1, 0
105822, 1, 0, 0, 0, 1, 0
105824, 1, 0, 0, 0, 1, 0
105825, 1, 0, 0, 0, 0, 1
105826, 1, 0, 0, 0, 0, 1
105827, 1, 0, 0, 0, 1, 0
105829, 1, 0, 0, 0, 1, 0
105830, 0, 1, 1, 0, 0, 0
105831, 1, 1, 1, 0, 1, 0
105837, 1, 1, 1, 0, 1, 0
122439, 0, 1, 0, 1, 0, 0
105834, 1, 0, 0, 0, 1, 0
105835, 1, 0, 0, 0, 1, 0
105836, 1, 0, 0, 0, 1, 0
105838, 1, 0, 0, 0, 1, 0
105839, 3, 0, 0, 0, 2, 1
105840, 1, 0, 0, 0, 1, 0
105842, 1, 0, 0, 0, 1, 0
105843, 1, 0, 0, 0, 1, 0
105845, 1, 0, 0, 0, 1, 0
105846, 1, 0, 0, 0, 1, 0
105847, 3, 0, 0, 0, 3, 0
105848, 0, 1, 1, 0, 0, 0
105852, 1, 0, 0, 0, 1, 0
105853, 1, 0, 0, 0, 1, 0
105855, 1, 1, 1, 0, 1, 0
105856, 2, 0, 0, 0, 2, 0
105858, 1, 0, 0, 0, 1, 0
105859, 0, 1, 1, 0, 0, 0
105860, 1, 0, 0, 0, 1, 0
105862, 1, 0, 0, 0, 0, 1
105865, 2, 0, 0, 0, 2, 0
105866, 1, 0, 0, 0, 1, 0
105867, 0, 1, 1, 0, 0, 0
105869, 1, 0, 0, 0, 1, 0
105871, 2, 0, 0, 0, 2, 0
105872, 1, 0, 0, 0, 1, 0
105873, 0, 1, 1, 0, 0, 0
105874, 4, 0, 0, 0, 3, 1
105875, 1, 0, 0, 0, 1, 0
105876, 1, 0, 0, 0, 0, 1
105877, 3, 0, 0, 0, 3, 0
105878, 1, 0, 0, 0, 1, 0
105879, 2, 0, 0, 0, 1, 1
105882, 1, 0, 0, 0, 1, 0
105883, 1, 0, 0, 0, 1, 0
105884, 1, 0, 0, 0, 1, 0
105887, 1, 0, 0, 0, 1, 0
105888, 1, 0, 0, 0, 1, 0
105889, 1, 0, 0, 0, 0, 1
105891, 2, 0, 0, 0, 0, 2
105892, 1, 0, 0, 0, 1, 0
105893, 3, 0, 0, 0, 3, 0
105894, 1, 0, 0, 0, 1, 0
105897, 29, 2, 2, 0, 28, 1
122183, 1, 1, 1, 0, 1, 0
105899, 1, 0, 0, 0, 1, 0
105900, 3, 0, 0, 0, 3, 0
105902, 1, 0, 0, 0, 1, 0
105903, 0, 1, 1, 0, 0, 0
105906, 1, 0, 0, 0, 1, 0
105910, 1, 0, 0, 0, 0, 1
105913, 1, 0, 0, 0, 1, 0
105914, 1, 0, 0, 0, 1, 0
105915, 0, 1, 1, 0, 0, 0
105916, 1, 1, 1, 0, 0, 1
105917, 0, 1, 0, 1, 0, 0
105918, 1, 0, 0, 0, 1, 0
105920, 1, 0, 0, 0, 1, 0
105922, 1, 0, 0, 0, 1, 0
105923, 0, 1, 1, 0, 0, 0
105924, 2, 0, 0, 0, 2, 0
105925, 1, 0, 0, 0, 1, 0
105926, 5, 0, 0, 0, 4, 1
105928, 1, 0, 0, 0, 0, 1
105930, 1, 0, 0, 0, 1, 0
105932, 1, 0, 0, 0, 1, 0
105933, 1, 0, 0, 0, 1, 0
105934, 2, 1, 1, 0, 2, 0
105935, 1, 0, 0, 0, 1, 0
106508, 0, 1, 1, 0, 0, 0
108511, 0, 1, 1, 0, 0, 0
105945, 1, 0, 0, 0, 1, 0
105946, 2, 0, 0, 0, 2, 0
105947, 5, 0, 0, 0, 5, 0
105948, 1, 0, 0, 0, 1, 0
105949, 1, 0, 0, 0, 1, 0
105950, 1, 0, 0, 0, 1, 0
105951, 1, 0, 0, 0, 1, 0
105952, 6, 0, 0, 0, 6, 0
105956, 1, 0, 0, 0, 0, 1
105957, 2, 0, 0, 0, 2, 0
105958, 1, 0, 0, 0, 0, 1
105959, 1, 0, 0, 0, 1, 0
105960, 2, 0, 0, 0, 2, 0
105961, 1, 1, 1, 0, 1, 0
105962, 1, 0, 0, 0, 1, 0
105963, 1, 0, 0, 0, 1, 0
105965, 1, 1, 1, 0, 1, 0
105966, 1, 0, 0, 0, 1, 0
105967, 1, 0, 0, 0, 0, 1
105968, 1, 2, 2, 0, 1, 0
105969, 1, 1, 1, 0, 1, 0
105970, 1, 0, 0, 0, 1, 0
105971, 0, 1, 1, 0, 0, 0
105972, 1, 0, 0, 0, 1, 0
105973, 0, 1, 1, 0, 0, 0
105975, 1, 0, 0, 0, 1, 0
105976, 2, 0, 0, 0, 2, 0
105977, 1, 0, 0, 0, 1, 0
105978, 1, 0, 0, 0, 1, 0
105979, 1, 0, 0, 0, 1, 0
105980, 3, 1, 1, 0, 3, 0
105981, 1, 0, 0, 0, 1, 0
105982, 1, 0, 0, 0, 1, 0
105983, 1, 0, 0, 0, 1, 0
105984, 0, 1, 1, 0, 0, 0
105985, 2, 0, 0, 0, 2, 0
105986, 1, 0, 0, 0, 1, 0
111326, 0, 1, 1, 0, 0, 0
120380, 1, 1, 1, 0, 1, 0
105988, 2, 0, 0, 0, 1, 1
105989, 1, 0, 0, 0, 1, 0
105990, 1, 0, 0, 0, 1, 0
105992, 1, 0, 0, 0, 1, 0
105993, 0, 1, 1, 0, 0, 0
105994, 1, 1, 1, 0, 1, 0
105995, 1, 0, 0, 0, 0, 1
105997, 1, 0, 0, 0, 0, 1
105998, 0, 1, 0, 1, 0, 0
106000, 1, 0, 0, 0, 1, 0
106001, 1, 0, 0, 0, 1, 0
106003, 1, 0, 0, 0, 1, 0
106005, 1, 0, 0, 0, 1, 0
106006, 1, 0, 0, 0, 1, 0
106007, 2, 0, 0, 0, 1, 1
106011, 1, 0, 0, 0, 0, 1
106012, 1, 0, 0, 0, 0, 1
106013, 1, 0, 0, 0, 1, 0
106014, 1, 0, 0, 0, 1, 0
106015, 0, 2, 2, 0, 0, 0
106016, 1, 0, 0, 0, 1, 0
106017, 1, 1, 1, 0, 1, 0
106018, 1, 1, 1, 0, 1, 0
114282, 0, 1, 1, 0, 0, 0
106020, 1, 0, 0, 0, 1, 0
106024, 1, 0, 0, 0, 1, 0
106025, 0, 1, 1, 0, 0, 0
106026, 2, 0, 0, 0, 2, 0
106595, 1, 1, 1, 0, 1, 0
106031, 1, 0, 0, 0, 1, 0
106032, 2, 0, 0, 0, 2, 0
106033, 1, 0, 0, 0, 1, 0
106035, 2, 0, 0, 0, 1, 1
106036, 1, 0, 0, 0, 1, 0
106037, 1, 0, 0, 0, 1, 0
106038, 1, 0, 0, 0, 1, 0
106041, 1, 0, 0, 0, 1, 0
106043, 1, 0, 0, 0, 1, 0
106044, 2, 0, 0, 0, 2, 0
106047, 1, 1, 1, 0, 1, 0
106048, 1, 0, 0, 0, 1, 0
106049, 1, 0, 0, 0, 1, 0
106050, 1, 0, 0, 0, 1, 0
106051, 1, 0, 0, 0, 1, 0
106052, 0, 3, 3, 0, 0, 0
106053, 1, 0, 0, 0, 1, 0
106055, 1, 0, 0, 0, 0, 1
106056, 1, 0, 0, 0, 1, 0
106057, 1, 0, 0, 0, 1, 0
106059, 1, 0, 0, 0, 1, 0
106061, 2, 0, 0, 0, 2, 0
106062, 1, 0, 0, 0, 1, 0
106063, 1, 0, 0, 0, 1, 0
106064, 0, 1, 1, 0, 0, 0
106065, 1, 0, 0, 0, 1, 0
106066, 1, 0, 0, 0, 1, 0
106068, 1, 0, 0, 0, 1, 0
106245, 0, 1, 1, 0, 0, 0
106455, 0, 1, 1, 0, 0, 0
106070, 1, 0, 0, 0, 1, 0
106073, 1, 0, 0, 0, 1, 0
106074, 1, 0, 0, 0, 1, 0
106075, 1, 0, 0, 0, 1, 0
106078, 2, 0, 0, 0, 2, 0
106079, 1, 0, 0, 0, 1, 0
106080, 1, 0, 0, 0, 1, 0
106081, 4, 0, 0, 0, 1, 3
106083, 0, 1, 0, 1, 0, 0
106082, 1, 0, 0, 0, 0, 1
106086, 1, 0, 0, 0, 1, 0
106087, 0, 1, 1, 0, 0, 0
106088, 2, 0, 0, 0, 1, 1
106089, 0, 1, 1, 0, 0, 0
106090, 1, 0, 0, 0, 1, 0
106091, 2, 0, 0, 0, 2, 0
106092, 0, 2, 1, 1, 0, 0
106094, 1, 0, 0, 0, 1, 0
106095, 2, 0, 0, 0, 2, 0
106099, 1, 0, 0, 0, 1, 0
106101, 1, 0, 0, 0, 1, 0
106103, 1, 0, 0, 0, 1, 0
106104, 1, 0, 0, 0, 1, 0
106105, 1, 0, 0, 0, 1, 0
106106, 0, 1, 1, 0, 0, 0
106108, 1, 0, 0, 0, 1, 0
106110, 2, 1, 1, 0, 2, 0
106168, 0, 1, 1, 0, 0, 0
106113, 1, 0, 0, 0, 1, 0
106115, 2, 0, 0, 0, 2, 0
106116, 0, 1, 1, 0, 0, 0
106118, 1, 0, 0, 0, 0, 1
106119, 0, 1, 0, 1, 0, 0
106120, 1, 1, 1, 0, 1, 0
106121, 1, 0, 0, 0, 1, 0
106123, 3, 0, 0, 0, 3, 0
106125, 1, 0, 0, 0, 0, 1
106126, 1, 0, 0, 0, 1, 0
106128, 1, 0, 0, 0, 1, 0
106129, 1, 0, 0, 0, 1, 0
106131, 1, 0, 0, 0, 1, 0
106134, 1, 0, 0, 0, 1, 0
106135, 0, 19, 19, 0, 0, 0
106136, 1, 0, 0, 0, 1, 0
106137, 1, 0, 0, 0, 1, 0
106140, 1, 0, 0, 0, 1, 0
106141, 2, 1, 1, 0, 2, 0
119687, 0, 1, 1, 0, 0, 0
106143, 1, 0, 0, 0, 1, 0
106144, 0, 1, 1, 0, 0, 0
106146, 2, 0, 0, 0, 2, 0
130246, 0, 1, 1, 0, 0, 0
130295, 0, 1, 1, 0, 0, 0
106149, 1, 0, 0, 0, 1, 0
106151, 1, 0, 0, 0, 1, 0
106153, 0, 1, 1, 0, 0, 0
106758, 0, 1, 1, 0, 0, 0
106759, 0, 1, 1, 0, 0, 0
106154, 4, 0, 0, 0, 4, 0
106155, 1, 0, 0, 0, 1, 0
106157, 1, 0, 0, 0, 1, 0
106159, 2, 0, 0, 0, 2, 0
106165, 0, 1, 1, 0, 0, 0
106160, 1, 0, 0, 0, 0, 1
106162, 1, 0, 0, 0, 0, 1
106166, 1, 2, 2, 0, 1, 0
106167, 1, 0, 0, 0, 1, 0
106169, 1, 0, 0, 0, 1, 0
106170, 2, 0, 0, 0, 2, 0
106171, 1, 0, 0, 0, 1, 0
106174, 0, 1, 1, 0, 0, 0
106173, 2, 0, 0, 0, 2, 0
106175, 3, 0, 0, 0, 3, 0
106178, 1, 0, 0, 0, 1, 0
106179, 1, 0, 0, 0, 1, 0
106180, 0, 1, 1, 0, 0, 0
106181, 1, 0, 0, 0, 1, 0
106185, 3, 0, 0, 0, 3, 0
106187, 1, 0, 0, 0, 1, 0
106188, 1, 0, 0, 0, 1, 0
106189, 1, 0, 0, 0, 1, 0
106212, 70, 2, 2, 0, 66, 4
106213, 0, 1, 1, 0, 0, 0
106726, 0, 1, 1, 0, 0, 0
110255, 0, 1, 1, 0, 0, 0
111350, 0, 1, 1, 0, 0, 0
112940, 1, 1, 1, 0, 1, 0
115471, 4, 2, 2, 0, 4, 0
116197, 0, 1, 1, 0, 0, 0
117210, 0, 1, 1, 0, 0, 0
117897, 0, 1, 1, 0, 0, 0
118191, 0, 1, 1, 0, 0, 0
119725, 0, 1, 1, 0, 0, 0
119726, 0, 1, 1, 0, 0, 0
119889, 0, 1, 0, 1, 0, 0
121344, 0, 1, 1, 0, 0, 0
106214, 1, 0, 0, 0, 1, 0
131380, 0, 1, 1, 0, 0, 0
106220, 1, 0, 0, 0, 1, 0
117502, 0, 2, 1, 1, 0, 0
106222, 2, 0, 0, 0, 2, 0
106228, 1, 0, 0, 0, 1, 0
106229, 1, 0, 0, 0, 1, 0
106231, 1, 0, 0, 0, 1, 0
106232, 2, 0, 0, 0, 2, 0
106233, 1, 0, 0, 0, 1, 0
106234, 7, 0, 0, 0, 7, 0
106235, 1, 0, 0, 0, 1, 0
106236, 1, 0, 0, 0, 1, 0
106237, 0, 2, 1, 1, 0, 0
126700, 0, 1, 1, 0, 0, 0
106246, 1, 1, 1, 0, 1, 0
106243, 1, 0, 0, 0, 1, 0
106248, 1, 0, 0, 0, 1, 0
106249, 0, 1, 1, 0, 0, 0
106250, 1, 0, 0, 0, 1, 0
106251, 1, 0, 0, 0, 1, 0
106252, 3, 0, 0, 0, 3, 0
106253, 1, 0, 0, 0, 1, 0
106254, 1, 0, 0, 0, 1, 0
106255, 1, 1, 1, 0, 1, 0
106257, 16, 0, 0, 0, 16, 0
106258, 2, 0, 0, 0, 2, 0
106259, 0, 1, 1, 0, 0, 0
106260, 5, 0, 0, 0, 5, 0
108547, 0, 1, 1, 0, 0, 0
110938, 0, 1, 1, 0, 0, 0
122700, 0, 1, 1, 0, 0, 0
106262, 1, 0, 0, 0, 0, 1
106264, 2, 0, 0, 0, 2, 0
106265, 3, 0, 0, 0, 3, 0
106266, 1, 0, 0, 0, 1, 0
106267, 1, 0, 0, 0, 1, 0
106268, 2, 0, 0, 0, 2, 0
106536, 0, 1, 1, 0, 0, 0
106270, 1, 2, 2, 0, 1, 0
106271, 1, 1, 1, 0, 1, 0
106276, 1, 0, 0, 0, 1, 0
106278, 1, 0, 0, 0, 1, 0
106279, 1, 0, 0, 0, 1, 0
106281, 1, 0, 0, 0, 1, 0
106282, 1, 0, 0, 0, 1, 0
106283, 1, 0, 0, 0, 1, 0
106286, 1, 0, 0, 0, 1, 0
106287, 2, 0, 0, 0, 2, 0
106288, 0, 1, 1, 0, 0, 0
106289, 0, 1, 1, 0, 0, 0
106294, 1, 0, 0, 0, 1, 0
106295, 1, 0, 0, 0, 1, 0
106296, 1, 0, 0, 0, 0, 1
106864, 0, 3, 1, 2, 0, 0
109932, 0, 1, 0, 1, 0, 0
106299, 1, 0, 0, 0, 1, 0
106300, 1, 0, 0, 0, 1, 0
106301, 0, 1, 1, 0, 0, 0
106302, 1, 0, 0, 0, 1, 0
106304, 1, 0, 0, 0, 1, 0
106305, 3, 3, 3, 0, 3, 0
106306, 5, 3, 3, 0, 5, 0
106307, 1, 0, 0, 0, 1, 0
106309, 1, 0, 0, 0, 1, 0
106310, 1, 0, 0, 0, 1, 0
106313, 1, 1, 1, 0, 1, 0
106315, 1, 0, 0, 0, 1, 0
106316, 1, 0, 0, 0, 1, 0
106318, 1, 0, 0, 0, 1, 0
106319, 4, 0, 0, 0, 3, 1
129070, 1, 1, 0, 1, 1, 0
106320, 1, 0, 0, 0, 1, 0
106321, 1, 0, 0, 0, 0, 1
106323, 1, 0, 0, 0, 0, 1
106324, 1, 0, 0, 0, 1, 0
106327, 2, 0, 0, 0, 2, 0
106328, 1, 0, 0, 0, 1, 0
106329, 1, 0, 0, 0, 1, 0
106332, 2, 0, 0, 0, 2, 0
106333, 0, 1, 1, 0, 0, 0
106337, 1, 0, 0, 0, 1, 0
106338, 1, 0, 0, 0, 1, 0
106339, 2, 0, 0, 0, 1, 1
106340, 1, 0, 0, 0, 1, 0
106341, 2, 0, 0, 0, 2, 0
106342, 1, 0, 0, 0, 1, 0
106344, 1, 0, 0, 0, 0, 1
106345, 0, 1, 0, 1, 0, 0
106346, 3, 0, 0, 0, 3, 0
106348, 1, 0, 0, 0, 1, 0
106350, 1, 0, 0, 0, 1, 0
106352, 1, 1, 1, 0, 1, 0
106354, 1, 0, 0, 0, 1, 0
106355, 0, 1, 1, 0, 0, 0
106357, 1, 0, 0, 0, 1, 0
106358, 1, 0, 0, 0, 1, 0
106359, 1, 0, 0, 0, 1, 0
106360, 1, 0, 0, 0, 1, 0
106361, 2, 0, 0, 0, 2, 0
106365, 1, 0, 0, 0, 0, 1
106366, 1, 0, 0, 0, 1, 0
106367, 1, 0, 0, 0, 1, 0
106368, 1, 0, 0, 0, 1, 0
106369, 0, 1, 1, 0, 0, 0
106370, 1, 0, 0, 0, 1, 0
106371, 1, 0, 0, 0, 1, 0
106373, 1, 0, 0, 0, 1, 0
106374, 2, 0, 0, 0, 1, 1
108381, 0, 1, 0, 1, 0, 0
106375, 1, 0, 0, 0, 1, 0
106378, 1, 0, 0, 0, 1, 0
106380, 1, 0, 0, 0, 1, 0
106381, 0, 1, 1, 0, 0, 0
106382, 1, 0, 0, 0, 1, 0
106383, 0, 2, 2, 0, 0, 0
106384, 2, 0, 0, 0, 2, 0
106385, 1, 0, 0, 0, 0, 1
106386, 1, 0, 0, 0, 0, 1
106387, 1, 0, 0, 0, 1, 0
106388, 1, 0, 0, 0, 1, 0
124027, 0, 1, 1, 0, 0, 0
106392, 1, 0, 0, 0, 1, 0
106393, 0, 1, 1, 0, 0, 0
106504, 0, 1, 1, 0, 0, 0
106505, 0, 1, 1, 0, 0, 0
106398, 1, 1, 1, 0, 1, 0
106397, 4, 0, 0, 0, 4, 0
106399, 1, 0, 0, 0, 1, 0
106401, 2, 0, 0, 0, 2, 0
106402, 1, 0, 0, 0, 1, 0
106403, 0, 1, 1, 0, 0, 0
106407, 1, 0, 0, 0, 1, 0
106409, 1, 0, 0, 0, 1, 0
106411, 0, 1, 1, 0, 0, 0
106413, 1, 0, 0, 0, 1, 0
106414, 1, 0, 0, 0, 0, 1
106416, 2, 0, 0, 0, 1, 1
106417, 2, 2, 0, 2, 1, 1
117331, 0, 1, 0, 1, 0, 0
106418, 2, 0, 0, 0, 2, 0
106419, 1, 1, 1, 0, 1, 0
106420, 2, 0, 0, 0, 2, 0
107755, 0, 1, 1, 0, 0, 0
106424, 1, 0, 0, 0, 1, 0
106425, 1, 0, 0, 0, 1, 0
106426, 1, 0, 0, 0, 1, 0
106427, 1, 0, 0, 0, 1, 0
106431, 1, 0, 0, 0, 1, 0
106432, 1, 0, 0, 0, 1, 0
106433, 1, 0, 0, 0, 1, 0
106434, 6, 0, 0, 0, 0, 6
106435, 2, 0, 0, 0, 2, 0
106436, 1, 0, 0, 0, 1, 0
106437, 1, 0, 0, 0, 1, 0
106438, 1, 0, 0, 0, 1, 0
106439, 1, 0, 0, 0, 1, 0
106441, 1, 0, 0, 0, 1, 0
106443, 1, 0, 0, 0, 1, 0
106444, 4, 0, 0, 0, 1, 3
106720, 0, 1, 1, 0, 0, 0
110060, 1, 1, 1, 0, 1, 0
106446, 1, 0, 0, 0, 1, 0
106447, 1, 0, 0, 0, 1, 0
106773, 0, 2, 2, 0, 0, 0
106450, 1, 1, 1, 0, 1, 0
106452, 1, 0, 0, 0, 1, 0
106454, 1, 0, 0, 0, 0, 1
106456, 1, 0, 0, 0, 1, 0
106458, 1, 0, 0, 0, 1, 0
106460, 2, 0, 0, 0, 2, 0
106461, 1, 0, 0, 0, 1, 0
106462, 0, 1, 1, 0, 0, 0
106463, 2, 0, 0, 0, 2, 0
106465, 1, 0, 0, 0, 1, 0
106466, 1, 0, 0, 0, 1, 0
106468, 1, 0, 0, 0, 1, 0
106469, 3, 0, 0, 0, 3, 0
106470, 1, 0, 0, 0, 1, 0
106471, 2, 0, 0, 0, 2, 0
106472, 0, 1, 1, 0, 0, 0
106473, 1, 0, 0, 0, 1, 0
106474, 1, 0, 0, 0, 1, 0
106475, 1, 0, 0, 0, 1, 0
113404, 5, 1, 1, 0, 5, 0
114381, 3, 1, 1, 0, 3, 0
106478, 3, 1, 0, 1, 2, 1
106484, 0, 1, 0, 1, 0, 0
106480, 1, 0, 0, 0, 1, 0
106485, 1, 0, 0, 0, 1, 0
106486, 1, 0, 0, 0, 0, 1
106487, 2, 0, 0, 0, 2, 0
106488, 2, 0, 0, 0, 1, 1
106489, 1, 0, 0, 0, 1, 0
106491, 1, 0, 0, 0, 1, 0
106492, 11, 1, 1, 0, 11, 0
106493, 0, 1, 1, 0, 0, 0
106494, 1, 0, 0, 0, 1, 0
106496, 1, 0, 0, 0, 1, 0
106497, 1, 1, 1, 0, 1, 0
106498, 1, 0, 0, 0, 0, 1
106499, 1, 0, 0, 0, 1, 0
106500, 1, 0, 0, 0, 1, 0
106501, 2, 0, 0, 0, 2, 0
106502, 1, 0, 0, 0, 1, 0
106503, 1, 0, 0, 0, 0, 1
106817, 1, 2, 2, 0, 1, 0
106861, 1, 1, 1, 0, 1, 0
106511, 2, 0, 0, 0, 2, 0
106512, 1, 0, 0, 0, 1, 0
106513, 1, 0, 0, 0, 1, 0
106515, 1, 0, 0, 0, 1, 0
106517, 1, 0, 0, 0, 1, 0
106518, 1, 0, 0, 0, 1, 0
106519, 1, 0, 0, 0, 1, 0
106520, 1, 0, 0, 0, 1, 0
106521, 1, 0, 0, 0, 1, 0
106523, 2, 0, 0, 0, 2, 0
106524, 1, 0, 0, 0, 1, 0
106525, 0, 1, 1, 0, 0, 0
106528, 1, 0, 0, 0, 1, 0
106531, 1, 0, 0, 0, 1, 0
106532, 5, 0, 0, 0, 3, 2
106533, 5, 0, 0, 0, 5, 0
106534, 1, 0, 0, 0, 1, 0
106535, 0, 1, 1, 0, 0, 0
108078, 0, 1, 1, 0, 0, 0
111884, 1, 1, 1, 0, 1, 0
106540, 1, 0, 0, 0, 1, 0
106541, 1, 0, 0, 0, 1, 0
106542, 2, 0, 0, 0, 0, 2
106543, 4, 0, 0, 0, 4, 0
106545, 1, 0, 0, 0, 1, 0
106546, 2, 0, 0, 0, 2, 0
106547, 1, 0, 0, 0, 1, 0
106548, 1, 0, 0, 0, 1, 0
106549, 0, 1, 1, 0, 0, 0
106550, 1, 0, 0, 0, 0, 1
106551, 1, 0, 0, 0, 1, 0
106554, 1, 1, 1, 0, 1, 0
106556, 1, 0, 0, 0, 1, 0
106557, 0, 1, 1, 0, 0, 0
106558, 4, 1, 1, 0, 4, 0
106662, 1, 1, 1, 0, 1, 0
106560, 2, 0, 0, 0, 2, 0
106561, 1, 0, 0, 0, 1, 0
106562, 1, 0, 0, 0, 0, 1
106563, 1, 0, 0, 0, 1, 0
106564, 1, 0, 0, 0, 1, 0
106565, 2, 0, 0, 0, 2, 0
106566, 3, 0, 0, 0, 3, 0
106567, 1, 0, 0, 0, 1, 0
106568, 0, 1, 1, 0, 0, 0
106569, 1, 0, 0, 0, 0, 1
106570, 1, 0, 0, 0, 1, 0
106571, 1, 0, 0, 0, 1, 0
106572, 1, 0, 0, 0, 1, 0
106574, 2, 0, 0, 0, 2, 0
106575, 1, 0, 0, 0, 1, 0
106576, 0, 1, 1, 0, 0, 0
106577, 1, 0, 0, 0, 1, 0
106578, 1, 0, 0, 0, 1, 0
107780, 1, 2, 2, 0, 1, 0
106581, 1, 0, 0, 0, 1, 0
106582, 0, 1, 1, 0, 0, 0
106584, 1, 0, 0, 0, 1, 0
106966, 0, 1, 1, 0, 0, 0
106592, 1, 0, 0, 0, 1, 0
106593, 1, 0, 0, 0, 1, 0
106596, 1, 0, 0, 0, 1, 0
106597, 1, 0, 0, 0, 0, 1
106598, 2, 0, 0, 0, 1, 1
106599, 0, 1, 0, 1, 0, 0
106600, 0, 1, 1, 0, 0, 0
106601, 1, 0, 0, 0, 1, 0
106605, 1, 0, 0, 0, 1, 0
106607, 1, 0, 0, 0, 0, 1
106610, 4, 0, 0, 0, 1, 3
106611, 0, 1, 0, 1, 0, 0
106612, 1, 0, 0, 0, 1, 0
106613, 1, 0, 0, 0, 1, 0
106614, 1, 0, 0, 0, 1, 0
106615, 2, 0, 0, 0, 2, 0
106616, 1, 0, 0, 0, 1, 0
106618, 1, 0, 0, 0, 1, 0
106623, 1, 0, 0, 0, 1, 0
106624, 0, 1, 1, 0, 0, 0
106625, 1, 1, 1, 0, 1, 0
106627, 2, 0, 0, 0, 2, 0
106628, 1, 0, 0, 0, 1, 0
106629, 2, 0, 0, 0, 2, 0
106630, 0, 1, 1, 0, 0, 0
106631, 1, 1, 1, 0, 1, 0
106633, 2, 0, 0, 0, 2, 0
106635, 1, 0, 0, 0, 1, 0
106832, 1, 2, 2, 0, 1, 0
106836, 0, 2, 2, 0, 0, 0
106641, 1, 0, 0, 0, 1, 0
106642, 1, 0, 0, 0, 1, 0
106643, 1, 0, 0, 0, 1, 0
110951, 0, 1, 0, 1, 0, 0
106646, 1, 0, 0, 0, 1, 0
106647, 12, 0, 0, 0, 11, 1
113955, 0, 2, 1, 1, 0, 0
106648, 1, 0, 0, 0, 1, 0
106649, 1, 0, 0, 0, 1, 0
106650, 0, 1, 1, 0, 0, 0
106651, 1, 0, 0, 0, 1, 0
106653, 1, 0, 0, 0, 1, 0
106654, 1, 0, 0, 0, 1, 0
106656, 1, 0, 0, 0, 0, 1
106657, 1, 0, 0, 0, 1, 0
106658, 0, 1, 1, 0, 0, 0
106659, 1, 0, 0, 0, 1, 0
106660, 1, 0, 0, 0, 1, 0
106663, 1, 0, 0, 0, 1, 0
106665, 1, 0, 0, 0, 1, 0
106669, 2, 1, 1, 0, 2, 0
106670, 0, 1, 1, 0, 0, 0
106672, 1, 0, 0, 0, 1, 0
106673, 2, 0, 0, 0, 2, 0
108939, 0, 1, 1, 0, 0, 0
106675, 5, 0, 0, 0, 5, 0
106678, 1, 1, 1, 0, 1, 0
106679, 1, 0, 0, 0, 1, 0
106680, 0, 1, 1, 0, 0, 0
106681, 2, 0, 0, 0, 2, 0
106682, 2, 0, 0, 0, 2, 0
106683, 1, 0, 0, 0, 1, 0
106684, 1, 0, 0, 0, 1, 0
106686, 1, 0, 0, 0, 1, 0
106687, 1, 0, 0, 0, 1, 0
106688, 2, 0, 0, 0, 2, 0
106689, 3, 1, 1, 0, 3, 0
106691, 1, 0, 0, 0, 1, 0
106694, 1, 0, 0, 0, 1, 0
106696, 1, 0, 0, 0, 1, 0
106697, 0, 1, 1, 0, 0, 0
106698, 1, 0, 0, 0, 1, 0
106699, 1, 0, 0, 0, 1, 0
106702, 1, 0, 0, 0, 1, 0
106703, 3, 0, 0, 0, 3, 0
106705, 1, 0, 0, 0, 0, 1
106706, 1, 0, 0, 0, 1, 0
106707, 1, 0, 0, 0, 1, 0
106709, 1, 0, 0, 0, 1, 0
106710, 7, 0, 0, 0, 7, 0
106711, 2, 0, 0, 0, 2, 0
106717, 1, 0, 0, 0, 1, 0
106718, 1, 0, 0, 0, 1, 0
106719, 1, 0, 0, 0, 1, 0
106722, 1, 1, 1, 0, 1, 0
106725, 1, 0, 0, 0, 1, 0
106727, 2, 1, 1, 0, 2, 0
106728, 1, 1, 1, 0, 1, 0
106731, 1, 0, 0, 0, 1, 0
106733, 1, 0, 0, 0, 1, 0
106735, 1, 0, 0, 0, 1, 0
106736, 1, 0, 0, 0, 0, 1
106737, 2, 0, 0, 0, 2, 0
111870, 1, 2, 2, 0, 1, 0
113997, 0, 1, 1, 0, 0, 0
114039, 0, 1, 1, 0, 0, 0
122020, 1, 1, 1, 0, 1, 0
122145, 0, 1, 1, 0, 0, 0
122148, 0, 1, 1, 0, 0, 0
122149, 0, 1, 1, 0, 0, 0
122476, 0, 1, 1, 0, 0, 0
106741, 4, 0, 0, 0, 4, 0
106743, 3, 0, 0, 0, 3, 0
106747, 1, 0, 0, 0, 1, 0
106748, 1, 0, 0, 0, 1, 0
106749, 1, 0, 0, 0, 0, 1
106751, 2, 0, 0, 0, 2, 0
106752, 1, 0, 0, 0, 1, 0
106753, 2, 0, 0, 0, 2, 0
106754, 1, 0, 0, 0, 1, 0
106755, 2, 0, 0, 0, 2, 0
106756, 2, 1, 1, 0, 2, 0
106757, 1, 0, 0, 0, 1, 0
106760, 1, 0, 0, 0, 1, 0
106761, 1, 0, 0, 0, 1, 0
106762, 1, 0, 0, 0, 1, 0
106763, 1, 0, 0, 0, 1, 0
106764, 1, 0, 0, 0, 1, 0
106765, 1, 0, 0, 0, 1, 0
106768, 1, 0, 0, 0, 1, 0
106769, 1, 0, 0, 0, 1, 0
106770, 1, 0, 0, 0, 1, 0
106771, 2, 0, 0, 0, 2, 0
106772, 1, 0, 0, 0, 1, 0
106775, 2, 0, 0, 0, 2, 0
106776, 1, 0, 0, 0, 1, 0
106777, 1, 0, 0, 0, 0, 1
106778, 1, 0, 0, 0, 1, 0
106779, 0, 1, 1, 0, 0, 0
106780, 1, 0, 0, 0, 1, 0
106781, 1, 0, 0, 0, 1, 0
106782, 0, 1, 1, 0, 0, 0
106783, 1, 0, 0, 0, 1, 0
106785, 1, 0, 0, 0, 1, 0
106786, 0, 1, 1, 0, 0, 0
106788, 1, 0, 0, 0, 1, 0
106790, 1, 0, 0, 0, 1, 0
106791, 0, 1, 1, 0, 0, 0
106792, 3, 0, 0, 0, 3, 0
106793, 1, 2, 2, 0, 1, 0
106797, 1, 0, 0, 0, 1, 0
106798, 1, 0, 0, 0, 1, 0
106800, 1, 0, 0, 0, 1, 0
106801, 0, 1, 1, 0, 0, 0
106802, 1, 0, 0, 0, 1, 0
106803, 0, 1, 1, 0, 0, 0
106804, 1, 0, 0, 0, 0, 1
106805, 1, 0, 0, 0, 1, 0
106806, 1, 0, 0, 0, 1, 0
106807, 1, 0, 0, 0, 1, 0
106808, 1, 0, 0, 0, 1, 0
106811, 1, 0, 0, 0, 1, 0
106812, 1, 0, 0, 0, 1, 0
106813, 1, 0, 0, 0, 1, 0
106815, 1, 0, 0, 0, 0, 1
106816, 1, 0, 0, 0, 1, 0
106818, 7, 0, 0, 0, 7, 0
106819, 1, 0, 0, 0, 1, 0
106820, 1, 0, 0, 0, 1, 0
106821, 0, 1, 1, 0, 0, 0
106823, 2, 0, 0, 0, 1, 1
106828, 2, 0, 0, 0, 2, 0
106829, 1, 0, 0, 0, 1, 0
106830, 3, 0, 0, 0, 3, 0
110103, 0, 1, 1, 0, 0, 0
106833, 1, 0, 0, 0, 1, 0
106835, 1, 0, 0, 0, 1, 0
106837, 4, 0, 0, 0, 0, 4
106839, 1, 0, 0, 0, 1, 0
106840, 1, 0, 0, 0, 1, 0
106841, 1, 0, 0, 0, 0, 1
106845, 1, 0, 0, 0, 1, 0
106846, 1, 0, 0, 0, 1, 0
106851, 1, 0, 0, 0, 0, 1
106852, 0, 1, 0, 1, 0, 0
106855, 1, 0, 0, 0, 0, 1
106857, 2, 0, 0, 0, 2, 0
106858, 5, 0, 0, 0, 5, 0
106859, 1, 0, 0, 0, 1, 0
106860, 1, 0, 0, 0, 1, 0
106865, 1, 0, 0, 0, 1, 0
106866, 3, 0, 0, 0, 0, 3
106867, 0, 1, 0, 1, 0, 0
106868, 1, 0, 0, 0, 1, 0
106869, 5, 0, 0, 0, 3, 2
106870, 1, 0, 0, 0, 1, 0
106871, 1, 0, 0, 0, 1, 0
106872, 0, 2, 2, 0, 0, 0
106873, 1, 0, 0, 0, 1, 0
106874, 2, 0, 0, 0, 2, 0
106875, 1, 0, 0, 0, 1, 0
106878, 1, 0, 0, 0, 1, 0
106879, 7, 1, 1, 0, 7, 0
107391, 3, 2, 2, 0, 3, 0
106882, 1, 0, 0, 0, 1, 0
106883, 1, 2, 1, 1, 1, 0
106884, 1, 2, 1, 1, 1, 0
106888, 1, 0, 0, 0, 1, 0
106889, 1, 0, 0, 0, 0, 1
106890, 1, 0, 0, 0, 1, 0
106891, 1, 0, 0, 0, 1, 0
106892, 0, 1, 1, 0, 0, 0
106893, 2, 0, 0, 0, 2, 0
106894, 1, 0, 0, 0, 1, 0
106899, 1, 0, 0, 0, 1, 0
106900, 1, 0, 0, 0, 0, 1
106901, 1, 0, 0, 0, 1, 0
106902, 1, 0, 0, 0, 1, 0
106903, 1, 0, 0, 0, 1, 0
106904, 1, 0, 0, 0, 1, 0
106906, 1, 0, 0, 0, 1, 0
106907, 1, 0, 0, 0, 1, 0
106908, 1, 0, 0, 0, 1, 0
106909, 0, 1, 1, 0, 0, 0
106910, 1, 0, 0, 0, 1, 0
106912, 5, 0, 0, 0, 1, 4
106913, 1, 0, 0, 0, 1, 0
106928, 1, 1, 1, 0, 1, 0
106918, 1, 0, 0, 0, 1, 0
106922, 1, 0, 0, 0, 1, 0
106924, 1, 0, 0, 0, 1, 0
106925, 0, 1, 1, 0, 0, 0
106929, 1, 0, 0, 0, 1, 0
106930, 1, 0, 0, 0, 1, 0
106932, 1, 0, 0, 0, 1, 0
106933, 1, 0, 0, 0, 1, 0
106934, 1, 0, 0, 0, 1, 0
106935, 1, 0, 0, 0, 1, 0
106939, 1, 0, 0, 0, 1, 0
106940, 0, 1, 1, 0, 0, 0
106942, 1, 0, 0, 0, 1, 0
106943, 3, 0, 0, 0, 1, 2
122596, 0, 1, 0, 1, 0, 0
106946, 1, 0, 0, 0, 1, 0
106948, 2, 0, 0, 0, 2, 0
106949, 8, 0, 0, 0, 8, 0
106950, 1, 0, 0, 0, 0, 1
106951, 2, 1, 1, 0, 2, 0
106954, 3, 0, 0, 0, 3, 0
106957, 1, 0, 0, 0, 1, 0
106960, 1, 0, 0, 0, 1, 0
106961, 1, 0, 0, 0, 1, 0
124526, 0, 2, 1, 1, 0, 0
106967, 1, 1, 1, 0, 1, 0
106969, 1, 0, 0, 0, 1, 0
106970, 1, 0, 0, 0, 1, 0
106971, 1, 0, 0, 0, 1, 0
106975, 2, 1, 1, 0, 2, 0
106976, 1, 1, 1, 0, 1, 0
106977, 1, 0, 0, 0, 1, 0
106981, 1, 0, 0, 0, 0, 1
106982, 1, 0, 0, 0, 1, 0
106983, 1, 0, 0, 0, 1, 0
106984, 1, 1, 1, 0, 1, 0
106985, 1, 1, 1, 0, 1, 0
106986, 1, 0, 0, 0, 1, 0
106987, 1, 0, 0, 0, 1, 0
106988, 0, 1, 1, 0, 0, 0
106989, 3, 0, 0, 0, 3, 0
106992, 0, 1, 1, 0, 0, 0
106990, 5, 0, 0, 0, 5, 0
106991, 1, 0, 0, 0, 1, 0
106994, 1, 0, 0, 0, 0, 1
106998, 1, 0, 0, 0, 1, 0
107000, 1, 0, 0, 0, 0, 1
107002, 0, 1, 0, 1, 0, 0
107003, 1, 0, 0, 0, 0, 1
107004, 0, 1, 0, 1, 0, 0
107009, 1, 0, 0, 0, 1, 0
107011, 1, 0, 0, 0, 1, 0
107023, 4, 2, 2, 0, 4, 0
107013, 2, 0, 0, 0, 2, 0
107017, 1, 0, 0, 0, 1, 0
107018, 1, 0, 0, 0, 0, 1
107019, 1, 0, 0, 0, 1, 0
107020, 1, 0, 0, 0, 1, 0
107021, 1, 0, 0, 0, 1, 0
107989, 0, 2, 2, 0, 0, 0
107099, 1, 1, 1, 0, 1, 0
107024, 1, 0, 0, 0, 1, 0
107025, 1, 0, 0, 0, 1, 0
107026, 0, 1, 1, 0, 0, 0
107027, 1, 0, 0, 0, 1, 0
107028, 1, 0, 0, 0, 1, 0
107029, 0, 5, 5, 0, 0, 0
107030, 1, 0, 0, 0, 1, 0
107032, 8, 0, 0, 0, 8, 0
107033, 2, 0, 0, 0, 2, 0
107034, 1, 0, 0, 0, 1, 0
107035, 1, 0, 0, 0, 1, 0
107036, 5, 1, 1, 0, 5, 0
107037, 1, 0, 0, 0, 1, 0
107038, 1, 0, 0, 0, 1, 0
107039, 1, 0, 0, 0, 1, 0
107040, 1, 0, 0, 0, 1, 0
107041, 1, 0, 0, 0, 1, 0
107042, 1, 0, 0, 0, 1, 0
109170, 2, 1, 0, 1, 2, 0
107045, 1, 0, 0, 0, 1, 0
107048, 1, 0, 0, 0, 0, 1
107050, 1, 0, 0, 0, 1, 0
107054, 1, 0, 0, 0, 1, 0
107057, 1, 0, 0, 0, 1, 0
107058, 1, 0, 0, 0, 1, 0
107060, 1, 0, 0, 0, 1, 0
107061, 0, 1, 1, 0, 0, 0
107062, 1, 0, 0, 0, 1, 0
107063, 1, 0, 0, 0, 1, 0
107064, 1, 0, 0, 0, 1, 0
107065, 4, 1, 1, 0, 0, 4
107066, 1, 0, 0, 0, 1, 0
107067, 1, 0, 0, 0, 1, 0
107068, 1, 0, 0, 0, 1, 0
107069, 1, 0, 0, 0, 0, 1
109484, 1, 1, 1, 0, 1, 0
107071, 5, 0, 0, 0, 3, 2
107074, 0, 1, 1, 0, 0, 0
107072, 1, 0, 0, 0, 1, 0
107075, 2, 0, 0, 0, 2, 0
107076, 1, 0, 0, 0, 1, 0
107077, 1, 0, 0, 0, 1, 0
107078, 1, 0, 0, 0, 1, 0
107080, 1, 0, 0, 0, 1, 0
107082, 1, 0, 0, 0, 1, 0
107083, 2, 0, 0, 0, 2, 0
107085, 1, 0, 0, 0, 1, 0
107086, 1, 0, 0, 0, 1, 0
107092, 1, 0, 0, 0, 1, 0
107094, 2, 0, 0, 0, 2, 0
110540, 0, 2, 2, 0, 0, 0
107095, 1, 0, 0, 0, 1, 0
107098, 1, 0, 0, 0, 1, 0
107100, 1, 0, 0, 0, 1, 0
107101, 1, 0, 0, 0, 1, 0
107102, 1, 0, 0, 0, 1, 0
107105, 1, 0, 0, 0, 1, 0
107106, 1, 0, 0, 0, 1, 0
107107, 1, 0, 0, 0, 1, 0
107108, 1, 0, 0, 0, 0, 1
107110, 1, 0, 0, 0, 1, 0
107111, 3, 0, 0, 0, 3, 0
107113, 2, 0, 0, 0, 2, 0
107119, 0, 1, 0, 1, 0, 0
107115, 1, 0, 0, 0, 0, 1
107116, 1, 0, 0, 0, 1, 0
107118, 1, 0, 0, 0, 1, 0
107120, 1, 0, 0, 0, 1, 0
107121, 1, 0, 0, 0, 1, 0
107122, 1, 0, 0, 0, 1, 0
107124, 1, 1, 1, 0, 1, 0
107125, 1, 0, 0, 0, 1, 0
107126, 1, 1, 1, 0, 1, 0
107127, 1, 0, 0, 0, 1, 0
107128, 1, 0, 0, 0, 1, 0
107129, 5, 0, 0, 0, 5, 0
107131, 4, 2, 1, 1, 4, 0
107133, 2, 0, 0, 0, 1, 1
107136, 1, 0, 0, 0, 1, 0
107137, 0, 1, 1, 0, 0, 0
107138, 1, 0, 0, 0, 1, 0
107140, 1, 0, 0, 0, 1, 0
107141, 0, 1, 1, 0, 0, 0
107142, 1, 0, 0, 0, 1, 0
107143, 1, 0, 0, 0, 1, 0
107144, 1, 0, 0, 0, 0, 1
107145, 1, 0, 0, 0, 1, 0
107146, 1, 0, 0, 0, 1, 0
107147, 1, 0, 0, 0, 1, 0
107148, 1, 0, 0, 0, 0, 1
107150, 1, 0, 0, 0, 1, 0
107151, 1, 0, 0, 0, 1, 0
107152, 1, 0, 0, 0, 1, 0
107153, 1, 0, 0, 0, 1, 0
107154, 0, 1, 1, 0, 0, 0
107155, 1, 0, 0, 0, 1, 0
107157, 1, 0, 0, 0, 1, 0
107158, 1, 1, 1, 0, 1, 0
107159, 1, 0, 0, 0, 0, 1
107162, 1, 0, 0, 0, 0, 1
107163, 1, 0, 0, 0, 1, 0
107164, 1, 0, 0, 0, 1, 0
107168, 1, 0, 0, 0, 1, 0
107171, 1, 0, 0, 0, 0, 1
107172, 6, 0, 0, 0, 5, 1
107173, 1, 0, 0, 0, 1, 0
107174, 1, 0, 0, 0, 1, 0
107175, 1, 0, 0, 0, 1, 0
107176, 1, 0, 0, 0, 0, 1
107181, 1, 0, 0, 0, 1, 0
107183, 1, 0, 0, 0, 1, 0
107185, 1, 0, 0, 0, 1, 0
107186, 1, 0, 0, 0, 1, 0
107187, 1, 0, 0, 0, 1, 0
107188, 2, 0, 0, 0, 2, 0
107189, 1, 0, 0, 0, 1, 0
107190, 0, 1, 1, 0, 0, 0
107191, 1, 0, 0, 0, 1, 0
107200, 1, 0, 0, 0, 1, 0
107201, 1, 0, 0, 0, 1, 0
107203, 1, 0, 0, 0, 1, 0
107204, 0, 1, 1, 0, 0, 0
107205, 2, 0, 0, 0, 2, 0
107206, 1, 0, 0, 0, 1, 0
107207, 0, 1, 1, 0, 0, 0
107208, 1, 0, 0, 0, 1, 0
107211, 1, 0, 0, 0, 1, 0
107213, 1, 0, 0, 0, 1, 0
107216, 1, 0, 0, 0, 1, 0
107217, 0, 1, 1, 0, 0, 0
107218, 1, 0, 0, 0, 1, 0
107219, 1, 0, 0, 0, 0, 1
107221, 1, 0, 0, 0, 1, 0
107222, 1, 0, 0, 0, 1, 0
109778, 5, 2, 2, 0, 5, 0
121457, 0, 1, 0, 1, 0, 0
107225, 3, 1, 1, 0, 3, 0
107226, 1, 0, 0, 0, 1, 0
107228, 1, 1, 0, 1, 1, 0
107230, 1, 0, 0, 0, 0, 1
107435, 0, 1, 1, 0, 0, 0
107237, 1, 0, 0, 0, 1, 0
107238, 1, 0, 0, 0, 1, 0
107239, 1, 0, 0, 0, 1, 0
107240, 1, 0, 0, 0, 1, 0
107241, 1, 0, 0, 0, 1, 0
109793, 1, 1, 1, 0, 1, 0
107244, 1, 0, 0, 0, 1, 0
107245, 2, 0, 0, 0, 2, 0
107246, 1, 0, 0, 0, 1, 0
107248, 1, 2, 2, 0, 1, 0
107250, 1, 0, 0, 0, 0, 1
107251, 0, 1, 0, 1, 0, 0
107252, 1, 0, 0, 0, 1, 0
107459, 3, 1, 1, 0, 3, 0
123041, 0, 1, 0, 1, 0, 0
123042, 0, 1, 0, 1, 0, 0
126954, 4, 1, 0, 1, 4, 0
128838, 0, 1, 0, 1, 0, 0
128841, 0, 1, 1, 0, 0, 0
107255, 2, 0, 0, 0, 2, 0
107256, 1, 0, 0, 0, 1, 0
107257, 1, 0, 0, 0, 1, 0
107259, 1, 0, 0, 0, 1, 0
107260, 1, 0, 0, 0, 1, 0
107261, 0, 2, 2, 0, 0, 0
107264, 1, 1, 1, 0, 1, 0
107265, 1, 0, 0, 0, 1, 0
107267, 7, 0, 0, 0, 6, 1
107270, 3, 0, 0, 0, 3, 0
107271, 2, 0, 0, 0, 2, 0
107272, 0, 2, 2, 0, 0, 0
108032, 0, 1, 1, 0, 0, 0
107277, 1, 0, 0, 0, 1, 0
107278, 1, 0, 0, 0, 1, 0
107279, 1, 0, 0, 0, 1, 0
107284, 2, 0, 0, 0, 2, 0
107285, 1, 0, 0, 0, 1, 0
107288, 1, 0, 0, 0, 1, 0
107289, 1, 0, 0, 0, 0, 1
107292, 1, 0, 0, 0, 1, 0
107294, 1, 0, 0, 0, 1, 0
107295, 1, 0, 0, 0, 1, 0
107296, 1, 0, 0, 0, 1, 0
107297, 1, 0, 0, 0, 1, 0
107298, 1, 0, 0, 0, 1, 0
107299, 2, 0, 0, 0, 2, 0
109087, 4, 1, 1, 0, 4, 0
109198, 0, 1, 1, 0, 0, 0
109200, 0, 1, 1, 0, 0, 0
109964, 0, 1, 1, 0, 0, 0
107352, 0, 1, 1, 0, 0, 0
107302, 2, 0, 0, 0, 2, 0
107303, 0, 1, 1, 0, 0, 0
107305, 3, 0, 0, 0, 2, 1
107307, 1, 0, 0, 0, 1, 0
107308, 0, 1, 1, 0, 0, 0
107309, 1, 0, 0, 0, 1, 0
107312, 1, 0, 0, 0, 1, 0
107313, 0, 1, 1, 0, 0, 0
107315, 1, 0, 0, 0, 1, 0
107316, 1, 0, 0, 0, 1, 0
107318, 1, 0, 0, 0, 1, 0
107319, 1, 0, 0, 0, 1, 0
107320, 1, 0, 0, 0, 1, 0
107321, 0, 1, 1, 0, 0, 0
107322, 1, 0, 0, 0, 1, 0
107324, 2, 0, 0, 0, 2, 0
107326, 1, 0, 0, 0, 1, 0
107327, 1, 0, 0, 0, 1, 0
107328, 1, 0, 0, 0, 1, 0
107332, 2, 0, 0, 0, 2, 0
114247, 0, 1, 1, 0, 0, 0
107334, 1, 0, 0, 0, 1, 0
107336, 1, 0, 0, 0, 1, 0
107338, 1, 0, 0, 0, 1, 0
107341, 11, 1, 1, 0, 11, 0
107351, 1, 0, 0, 0, 1, 0
107353, 1, 0, 0, 0, 1, 0
107355, 1, 0, 0, 0, 1, 0
107356, 0, 1, 1, 0, 0, 0
107357, 1, 0, 0, 0, 1, 0
107360, 1, 0, 0, 0, 1, 0
107361, 4, 2, 2, 0, 3, 1
107362, 1, 2, 2, 0, 1, 0
107502, 2, 1, 1, 0, 2, 0
107363, 1, 0, 0, 0, 1, 0
107368, 2, 1, 1, 0, 2, 0
107369, 1, 0, 0, 0, 1, 0
107370, 1, 0, 0, 0, 1, 0
107371, 1, 0, 0, 0, 1, 0
107372, 7, 2, 2, 0, 6, 1
107868, 1, 1, 0, 1, 1, 0
107373, 2, 0, 0, 0, 2, 0
107374, 1, 0, 0, 0, 1, 0
107376, 1, 0, 0, 0, 0, 1
107377, 1, 0, 0, 0, 1, 0
107378, 0, 1, 1, 0, 0, 0
107379, 1, 0, 0, 0, 1, 0
107380, 1, 0, 0, 0, 0, 1
107381, 1, 0, 0, 0, 1, 0
108027, 0, 1, 0, 1, 0, 0
107384, 8, 0, 0, 0, 3, 5
107386, 1, 0, 0, 0, 1, 0
107387, 2, 1, 1, 0, 2, 0
107389, 0, 1, 1, 0, 0, 0
107390, 1, 0, 0, 0, 0, 1
107393, 1, 0, 0, 0, 1, 0
107394, 0, 1, 1, 0, 0, 0
107395, 1, 0, 0, 0, 1, 0
107396, 0, 1, 1, 0, 0, 0
107404, 2, 1, 1, 0, 2, 0
107401, 1, 0, 0, 0, 1, 0
107402, 0, 2, 2, 0, 0, 0
107403, 1, 0, 0, 0, 1, 0
107405, 1, 0, 0, 0, 1, 0
107408, 1, 0, 0, 0, 1, 0
107409, 1, 0, 0, 0, 1, 0
107410, 1, 0, 0, 0, 1, 0
107411, 2, 0, 0, 0, 2, 0
107412, 2, 0, 0, 0, 2, 0
107413, 1, 0, 0, 0, 1, 0
107414, 2, 0, 0, 0, 2, 0
107415, 2, 0, 0, 0, 2, 0
107416, 1, 0, 0, 0, 1, 0
107417, 1, 0, 0, 0, 1, 0
107418, 2, 0, 0, 0, 2, 0
107419, 1, 0, 0, 0, 1, 0
107420, 7, 0, 0, 0, 7, 0
107423, 1, 0, 0, 0, 1, 0
107424, 0, 1, 1, 0, 0, 0
107425, 1, 0, 0, 0, 1, 0
107426, 0, 1, 1, 0, 0, 0
107427, 1, 0, 0, 0, 1, 0
107428, 1, 0, 0, 0, 0, 1
107429, 0, 1, 0, 1, 0, 0
107430, 1, 0, 0, 0, 1, 0
107431, 2, 0, 0, 0, 2, 0
107434, 1, 0, 0, 0, 1, 0
107437, 1, 0, 0, 0, 1, 0
107439, 1, 0, 0, 0, 1, 0
107441, 1, 0, 0, 0, 1, 0
107442, 3, 0, 0, 0, 3, 0
107443, 7, 1, 1, 0, 7, 0
107444, 1, 0, 0, 0, 1, 0
107446, 4, 0, 0, 0, 4, 0
107447, 2, 0, 0, 0, 2, 0
107449, 1, 0, 0, 0, 1, 0
107450, 1, 0, 0, 0, 1, 0
107451, 3, 0, 0, 0, 3, 0
107455, 1, 0, 0, 0, 1, 0
107456, 1, 0, 0, 0, 1, 0
107534, 0, 1, 1, 0, 0, 0
107460, 1, 0, 0, 0, 1, 0
107461, 2, 0, 0, 0, 2, 0
107466, 0, 1, 1, 0, 0, 0
107462, 1, 0, 0, 0, 1, 0
107469, 1, 0, 0, 0, 1, 0
107470, 0, 1, 1, 0, 0, 0
107471, 1, 0, 0, 0, 1, 0
107473, 1, 0, 0, 0, 1, 0
107478, 2, 0, 0, 0, 2, 0
107479, 8, 2, 2, 0, 8, 0
107483, 1, 0, 0, 0, 1, 0
107485, 1, 0, 0, 0, 1, 0
107486, 1, 0, 0, 0, 1, 0
107487, 1, 0, 0, 0, 1, 0
107488, 1, 0, 0, 0, 1, 0
107490, 2, 0, 0, 0, 2, 0
107491, 1, 2, 2, 0, 1, 0
107492, 1, 0, 0, 0, 1, 0
108658, 1, 1, 1, 0, 1, 0
107494, 1, 0, 0, 0, 1, 0
107495, 0, 1, 1, 0, 0, 0
107496, 1, 0, 0, 0, 1, 0
107497, 2, 0, 0, 0, 2, 0
107498, 2, 0, 0, 0, 2, 0
108373, 1, 3, 3, 0, 1, 0
107500, 2, 0, 0, 0, 1, 1
107501, 1, 0, 0, 0, 1, 0
107503, 1, 0, 0, 0, 1, 0
107504, 0, 1, 1, 0, 0, 0
107505, 1, 0, 0, 0, 1, 0
107507, 1, 0, 0, 0, 1, 0
107509, 1, 0, 0, 0, 1, 0
107510, 0, 1, 1, 0, 0, 0
107511, 1, 0, 0, 0, 1, 0
107513, 1, 0, 0, 0, 1, 0
107514, 3, 2, 2, 0, 3, 0
108261, 0, 1, 1, 0, 0, 0
107517, 1, 0, 0, 0, 1, 0
107519, 1, 0, 0, 0, 1, 0
107520, 1, 0, 0, 0, 1, 0
107521, 1, 0, 0, 0, 1, 0
107522, 2, 0, 0, 0, 2, 0
107524, 2, 1, 1, 0, 2, 0
107525, 1, 0, 0, 0, 1, 0
107526, 1, 0, 0, 0, 1, 0
107527, 1, 0, 0, 0, 1, 0
107528, 2, 0, 0, 0, 1, 1
107569, 4, 1, 1, 0, 4, 0
107530, 1, 0, 0, 0, 1, 0
107532, 3, 1, 1, 0, 3, 0
107536, 1, 0, 0, 0, 1, 0
107537, 0, 1, 1, 0, 0, 0
107538, 1, 0, 0, 0, 0, 1
107539, 1, 0, 0, 0, 1, 0
107541, 1, 0, 0, 0, 0, 1
107542, 1, 0, 0, 0, 1, 0
107543, 1, 0, 0, 0, 1, 0
107544, 1, 0, 0, 0, 1, 0
107545, 1, 0, 0, 0, 1, 0
107546, 0, 1, 1, 0, 0, 0
107547, 3, 0, 0, 0, 3, 0
107548, 1, 0, 0, 0, 1, 0
107549, 2, 0, 0, 0, 0, 2
107550, 0, 1, 0, 1, 0, 0
107551, 1, 0, 0, 0, 1, 0
107552, 1, 1, 1, 0, 1, 0
107554, 2, 0, 0, 0, 2, 0
107555, 1, 0, 0, 0, 1, 0
107556, 1, 0, 0, 0, 1, 0
107557, 0, 1, 1, 0, 0, 0
107561, 1, 1, 1, 0, 1, 0
107564, 1, 0, 0, 0, 1, 0
107565, 1, 0, 0, 0, 1, 0
111728, 6, 2, 2, 0, 5, 1
107570, 1, 0, 0, 0, 1, 0
107571, 1, 0, 0, 0, 1, 0
107572, 0, 1, 1, 0, 0, 0
107573, 1, 0, 0, 0, 1, 0
107574, 1, 0, 0, 0, 1, 0
107575, 1, 0, 0, 0, 1, 0
107577, 1, 0, 0, 0, 1, 0
107578, 1, 0, 0, 0, 1, 0
107579, 1, 0, 0, 0, 1, 0
107580, 1, 1, 0, 1, 1, 0
107582, 2, 0, 0, 0, 2, 0
107585, 1, 0, 0, 0, 1, 0
107587, 1, 0, 0, 0, 1, 0
107590, 1, 0, 0, 0, 1, 0
107591, 0, 3, 3, 0, 0, 0
107592, 1, 0, 0, 0, 1, 0
107593, 1, 0, 0, 0, 1, 0
107594, 0, 1, 1, 0, 0, 0
107595, 1, 0, 0, 0, 1, 0
107597, 1, 0, 0, 0, 1, 0
107599, 1, 0, 0, 0, 1, 0
107600, 1, 1, 1, 0, 1, 0
107601, 0, 1, 1, 0, 0, 0
107764, 0, 1, 1, 0, 0, 0
107605, 1, 0, 0, 0, 1, 0
107606, 1, 0, 0, 0, 1, 0
107607, 2, 0, 0, 0, 2, 0
107608, 1, 0, 0, 0, 1, 0
107609, 1, 0, 0, 0, 1, 0
107610, 1, 0, 0, 0, 1, 0
107611, 1, 0, 0, 0, 1, 0
107612, 1, 0, 0, 0, 1, 0
107613, 1, 0, 0, 0, 1, 0
107614, 1, 0, 0, 0, 1, 0
107615, 0, 1, 1, 0, 0, 0
107620, 1, 0, 0, 0, 1, 0
107621, 3, 0, 0, 0, 3, 0
107622, 3, 0, 0, 0, 3, 0
107624, 1, 0, 0, 0, 1, 0
107625, 0, 1, 1, 0, 0, 0
107628, 1, 0, 0, 0, 1, 0
107629, 0, 1, 1, 0, 0, 0
107630, 1, 0, 0, 0, 1, 0
107631, 1, 0, 0, 0, 1, 0
107634, 1, 0, 0, 0, 1, 0
107635, 1, 0, 0, 0, 1, 0
107637, 1, 0, 0, 0, 1, 0
107639, 1, 0, 0, 0, 1, 0
107640, 1, 0, 0, 0, 0, 1
107641, 1, 1, 1, 0, 1, 0
107642, 2, 1, 1, 0, 2, 0
118706, 4, 4, 4, 0, 4, 0
107648, 1, 0, 0, 0, 1, 0
107650, 1, 0, 0, 0, 1, 0
107651, 1, 0, 0, 0, 1, 0
107653, 2, 0, 0, 0, 0, 2
107654, 0, 1, 0, 1, 0, 0
107655, 1, 0, 0, 0, 1, 0
107656, 0, 1, 1, 0, 0, 0
107659, 1, 1, 0, 1, 1, 0
107660, 1, 0, 0, 0, 1, 0
107662, 2, 0, 0, 0, 2, 0
107664, 1, 1, 0, 1, 0, 1
107665, 2, 0, 0, 0, 2, 0
107667, 2, 0, 0, 0, 2, 0
107668, 4, 0, 0, 0, 4, 0
107670, 1, 0, 0, 0, 0, 1
107672, 5, 1, 0, 1, 4, 1
107673, 0, 1, 1, 0, 0, 0
107674, 1, 0, 0, 0, 1, 0
107675, 1, 0, 0, 0, 1, 0
107677, 2, 0, 0, 0, 2, 0
107678, 1, 0, 0, 0, 1, 0
107679, 0, 1, 1, 0, 0, 0
107680, 2, 0, 0, 0, 1, 1
107681, 1, 0, 0, 0, 1, 0
107683, 2, 1, 1, 0, 2, 0
107684, 1, 0, 0, 0, 1, 0
107685, 1, 0, 0, 0, 1, 0
107686, 1, 0, 0, 0, 1, 0
108089, 1, 1, 1, 0, 1, 0
118502, 1, 1, 1, 0, 1, 0
107690, 1, 0, 0, 0, 1, 0
107691, 4, 1, 1, 0, 2, 2
107692, 2, 2, 2, 0, 2, 0
107693, 1, 0, 0, 0, 1, 0
107761, 3, 2, 2, 0, 3, 0
107695, 1, 0, 0, 0, 1, 0
107698, 1, 0, 0, 0, 1, 0
107700, 4, 0, 0, 0, 4, 0
107701, 1, 0, 0, 0, 1, 0
107702, 1, 0, 0, 0, 1, 0
107703, 1, 0, 0, 0, 1, 0
107704, 4, 0, 0, 0, 4, 0
107705, 1, 0, 0, 0, 1, 0
107706, 1, 0, 0, 0, 1, 0
107707, 0, 1, 1, 0, 0, 0
107709, 1, 0, 0, 0, 1, 0
107710, 1, 0, 0, 0, 1, 0
107711, 1, 0, 0, 0, 1, 0
107712, 0, 1, 1, 0, 0, 0
107714, 1, 0, 0, 0, 0, 1
107715, 2, 0, 0, 0, 2, 0
107717, 1, 0, 0, 0, 1, 0
107718, 0, 1, 1, 0, 0, 0
107720, 2, 0, 0, 0, 2, 0
107724, 1, 0, 0, 0, 1, 0
107725, 2, 0, 0, 0, 1, 1
107728, 0, 1, 0, 1, 0, 0
107729, 1, 0, 0, 0, 1, 0
107730, 3, 0, 0, 0, 3, 0
107731, 1, 0, 0, 0, 1, 0
107732, 0, 2, 2, 0, 0, 0
107733, 1, 0, 0, 0, 1, 0
107734, 1, 0, 0, 0, 1, 0
107735, 1, 0, 0, 0, 1, 0
107738, 1, 0, 0, 0, 1, 0
107739, 0, 1, 1, 0, 0, 0
107740, 2, 0, 0, 0, 2, 0
107741, 1, 0, 0, 0, 0, 1
107742, 1, 0, 0, 0, 1, 0
107744, 1, 0, 0, 0, 1, 0
107745, 0, 1, 1, 0, 0, 0
107747, 0, 1, 1, 0, 0, 0
107748, 1, 0, 0, 0, 1, 0
107749, 1, 0, 0, 0, 1, 0
107750, 1, 0, 0, 0, 1, 0
107751, 1, 0, 0, 0, 1, 0
107752, 1, 0, 0, 0, 1, 0
107753, 0, 1, 1, 0, 0, 0
107756, 1, 0, 0, 0, 0, 1
107757, 6, 0, 0, 0, 6, 0
107758, 1, 0, 0, 0, 1, 0
107759, 1, 0, 0, 0, 0, 1
107760, 0, 1, 0, 1, 0, 0
108968, 0, 1, 1, 0, 0, 0
110132, 0, 1, 1, 0, 0, 0
110166, 0, 1, 1, 0, 0, 0
110704, 0, 1, 1, 0, 0, 0
113121, 0, 1, 1, 0, 0, 0
107766, 1, 0, 0, 0, 1, 0
107767, 1, 0, 0, 0, 1, 0
107768, 1, 0, 0, 0, 1, 0
107769, 2, 0, 0, 0, 2, 0
107771, 2, 0, 0, 0, 2, 0
107772, 1, 0, 0, 0, 1, 0
107774, 1, 0, 0, 0, 1, 0
107775, 1, 0, 0, 0, 1, 0
117482, 0, 2, 1, 1, 0, 0
120757, 1, 1, 1, 0, 1, 0
107778, 1, 0, 0, 0, 1, 0
107783, 6, 0, 0, 0, 3, 3
107786, 3, 0, 0, 0, 1, 2
107787, 0, 1, 0, 1, 0, 0
107788, 0, 1, 0, 1, 0, 0
107789, 2, 0, 0, 0, 2, 0
107790, 1, 0, 0, 0, 0, 1
107791, 2, 0, 0, 0, 2, 0
107793, 3, 0, 0, 0, 3, 0
107794, 1, 0, 0, 0, 1, 0
107795, 0, 1, 1, 0, 0, 0
107796, 2, 0, 0, 0, 2, 0
107798, 2, 0, 0, 0, 2, 0
107799, 1, 0, 0, 0, 1, 0
107800, 1, 0, 0, 0, 1, 0
107802, 1, 1, 1, 0, 1, 0
107803, 1, 0, 0, 0, 1, 0
107805, 1, 0, 0, 0, 1, 0
107806, 1, 0, 0, 0, 1, 0
107809, 1, 0, 0, 0, 1, 0
107814, 1, 0, 0, 0, 1, 0
107815, 1, 0, 0, 0, 1, 0
107816, 1, 0, 0, 0, 1, 0
107818, 2, 0, 0, 0, 2, 0
111837, 0, 1, 1, 0, 0, 0
107827, 1, 0, 0, 0, 1, 0
107828, 1, 0, 0, 0, 1, 0
107829, 0, 1, 1, 0, 0, 0
107831, 2, 0, 0, 0, 2, 0
107834, 1, 1, 1, 0, 1, 0
107837, 2, 0, 0, 0, 2, 0
120805, 2, 1, 1, 0, 2, 0
121412, 4, 3, 3, 0, 4, 0
107839, 1, 0, 0, 0, 1, 0
107840, 1, 0, 0, 0, 1, 0
107841, 1, 0, 0, 0, 1, 0
107842, 1, 1, 1, 0, 1, 0
107845, 2, 0, 0, 0, 2, 0
107846, 1, 0, 0, 0, 1, 0
107847, 1, 0, 0, 0, 1, 0
107849, 1, 0, 0, 0, 1, 0
107850, 0, 1, 1, 0, 0, 0
107851, 2, 0, 0, 0, 1, 1
107853, 3, 0, 0, 0, 3, 0
107854, 6, 0, 0, 0, 6, 0
118228, 2, 1, 1, 0, 2, 0
131730, 0, 1, 1, 0, 0, 0
107858, 1, 0, 0, 0, 0, 1
108020, 2, 2, 2, 0, 2, 0
116869, 0, 2, 2, 0, 0, 0
107862, 1, 0, 0, 0, 1, 0
107864, 1, 0, 0, 0, 1, 0
107865, 1, 0, 0, 0, 1, 0
107866, 1, 0, 0, 0, 1, 0
107867, 1, 0, 0, 0, 0, 1
107869, 4, 0, 0, 0, 4, 0
107870, 0, 1, 1, 0, 0, 0
107871, 1, 0, 0, 0, 1, 0
107872, 2, 0, 0, 0, 2, 0
107873, 6, 0, 0, 0, 6, 0
107875, 0, 1, 1, 0, 0, 0
107877, 4, 0, 0, 0, 4, 0
107878, 1, 0, 0, 0, 1, 0
107879, 1, 0, 0, 0, 1, 0
107880, 1, 0, 0, 0, 1, 0
107881, 1, 0, 0, 0, 1, 0
107883, 1, 0, 0, 0, 1, 0
107885, 1, 0, 0, 0, 1, 0
107886, 0, 2, 2, 0, 0, 0
107888, 4, 0, 0, 0, 4, 0
107889, 1, 0, 0, 0, 1, 0
107891, 2, 0, 0, 0, 2, 0
107892, 1, 1, 1, 0, 1, 0
107894, 1, 0, 0, 0, 1, 0
107897, 6, 0, 0, 0, 6, 0
107899, 1, 0, 0, 0, 1, 0
107900, 1, 0, 0, 0, 1, 0
107901, 1, 0, 0, 0, 1, 0
107902, 1, 0, 0, 0, 1, 0
107903, 4, 0, 0, 0, 4, 0
107905, 1, 1, 1, 0, 1, 0
107912, 2, 1, 1, 0, 2, 0
107916, 2, 0, 0, 0, 2, 0
107922, 1, 0, 0, 0, 1, 0
107924, 1, 0, 0, 0, 0, 1
107925, 0, 1, 0, 1, 0, 0
107928, 1, 0, 0, 0, 1, 0
121168, 2, 2, 2, 0, 2, 0
107933, 4, 0, 0, 0, 4, 0
107935, 1, 0, 0, 0, 1, 0
107936, 0, 1, 1, 0, 0, 0
112139, 0, 2, 2, 0, 0, 0
114482, 5, 1, 1, 0, 4, 1
120855, 0, 1, 1, 0, 0, 0
126971, 8, 1, 1, 0, 8, 0
107940, 1, 0, 0, 0, 1, 0
107944, 1, 0, 0, 0, 1, 0
107946, 1, 0, 0, 0, 1, 0
107947, 1, 0, 0, 0, 1, 0
108855, 1, 1, 1, 0, 1, 0
107949, 1, 0, 0, 0, 0, 1
107950, 1, 0, 0, 0, 1, 0
107951, 3, 0, 0, 0, 3, 0
107952, 1, 0, 0, 0, 1, 0
107954, 2, 0, 0, 0, 2, 0
107958, 1, 0, 0, 0, 1, 0
107959, 1, 0, 0, 0, 1, 0
107960, 0, 1, 1, 0, 0, 0
107962, 1, 0, 0, 0, 1, 0
107964, 1, 0, 0, 0, 1, 0
107966, 1, 0, 0, 0, 1, 0
107967, 1, 0, 0, 0, 1, 0
107968, 1, 0, 0, 0, 1, 0
107969, 3, 0, 0, 0, 3, 0
107970, 0, 1, 1, 0, 0, 0
107971, 7, 0, 0, 0, 6, 1
107972, 1, 0, 0, 0, 0, 1
107973, 1, 0, 0, 0, 1, 0
108205, 1, 2, 2, 0, 1, 0
108208, 0, 1, 1, 0, 0, 0
108259, 0, 1, 1, 0, 0, 0
108286, 0, 1, 1, 0, 0, 0
108508, 1, 1, 1, 0, 1, 0
111486, 1, 2, 2, 0, 1, 0
107976, 2, 0, 0, 0, 2, 0
107979, 1, 0, 0, 0, 0, 1
107980, 1, 0, 0, 0, 1, 0
107981, 1, 0, 0, 0, 1, 0
107982, 2, 1, 1, 0, 2, 0
107984, 2, 0, 0, 0, 2, 0
107985, 0, 1, 1, 0, 0, 0
107987, 1, 0, 0, 0, 1, 0
107988, 1, 1, 1, 0, 0, 1
107990, 1, 1, 1, 0, 1, 0
107991, 0, 2, 2, 0, 0, 0
107992, 1, 0, 0, 0, 1, 0
107993, 1, 0, 0, 0, 1, 0
107994, 1, 0, 0, 0, 1, 0
107995, 4, 0, 0, 0, 4, 0
108914, 0, 1, 0, 1, 0, 0
111510, 0, 1, 0, 1, 0, 0
107997, 1, 0, 0, 0, 1, 0
107999, 3, 0, 0, 0, 3, 0
108001, 1, 0, 0, 0, 1, 0
108002, 0, 1, 1, 0, 0, 0
108003, 6, 0, 0, 0, 5, 1
108688, 0, 1, 1, 0, 0, 0
108004, 1, 0, 0, 0, 1, 0
108005, 1, 1, 0, 1, 0, 1
108006, 1, 2, 1, 1, 1, 0
110422, 1, 1, 1, 0, 1, 0
110785, 6, 4, 4, 0, 6, 0
110876, 3, 4, 4, 0, 3, 0
108008, 1, 0, 0, 0, 0, 1
108013, 1, 0, 0, 0, 1, 0
108014, 2, 0, 0, 0, 2, 0
108015, 2, 0, 0, 0, 2, 0
108016, 0, 2, 2, 0, 0, 0
108018, 3, 0, 0, 0, 3, 0
108019, 2, 0, 0, 0, 2, 0
108021, 3, 0, 0, 0, 3, 0
108193, 0, 1, 1, 0, 0, 0
108022, 1, 0, 0, 0, 0, 1
108024, 2, 0, 0, 0, 2, 0
108026, 2, 0, 0, 0, 2, 0
119144, 4, 1, 0, 1, 4, 0
126766, 0, 1, 0, 1, 0, 0
126987, 0, 1, 0, 1, 0, 0
129751, 5, 1, 1, 0, 5, 0
108029, 1, 0, 0, 0, 0, 1
108031, 1, 0, 0, 0, 1, 0
108034, 1, 0, 0, 0, 1, 0
108035, 1, 0, 0, 0, 1, 0
108036, 2, 0, 0, 0, 2, 0
108038, 1, 0, 0, 0, 1, 0
108039, 1, 0, 0, 0, 1, 0
108040, 1, 0, 0, 0, 1, 0
108042, 1, 0, 0, 0, 1, 0
108044, 1, 0, 0, 0, 1, 0
108045, 2, 0, 0, 0, 2, 0
108046, 2, 0, 0, 0, 2, 0
108049, 0, 1, 1, 0, 0, 0
108051, 1, 0, 0, 0, 1, 0
108052, 0, 1, 1, 0, 0, 0
108053, 1, 0, 0, 0, 0, 1
108056, 1, 0, 0, 0, 1, 0
108057, 1, 0, 0, 0, 1, 0
108058, 0, 2, 2, 0, 0, 0
108059, 1, 0, 0, 0, 1, 0
108061, 1, 0, 0, 0, 1, 0
108062, 0, 1, 1, 0, 0, 0
108065, 1, 0, 0, 0, 1, 0
108066, 2, 1, 1, 0, 1, 1
124470, 0, 2, 1, 1, 0, 0
108067, 1, 0, 0, 0, 1, 0
108070, 1, 0, 0, 0, 0, 1
108071, 1, 0, 0, 0, 1, 0
108073, 1, 0, 0, 0, 1, 0
108075, 2, 0, 0, 0, 2, 0
108077, 2, 0, 0, 0, 2, 0
108258, 0, 2, 2, 0, 0, 0
108083, 1, 0, 0, 0, 1, 0
108086, 4, 0, 0, 0, 1, 3
108087, 1, 0, 0, 0, 0, 1
108088, 2, 0, 0, 0, 2, 0
122233, 0, 1, 1, 0, 0, 0
108091, 1, 1, 1, 0, 1, 0
108097, 1, 0, 0, 0, 1, 0
108099, 1, 0, 0, 0, 1, 0
108102, 1, 0, 0, 0, 1, 0
108104, 1, 0, 0, 0, 1, 0
108105, 1, 0, 0, 0, 1, 0
108106, 1, 0, 0, 0, 1, 0
108110, 1, 0, 0, 0, 0, 1
108111, 3, 1, 1, 0, 3, 0
108112, 1, 0, 0, 0, 1, 0
108113, 3, 1, 0, 1, 2, 1
108377, 0, 2, 1, 1, 0, 0
108115, 1, 0, 0, 0, 1, 0
108117, 1, 0, 0, 0, 1, 0
108118, 2, 0, 0, 0, 0, 2
108120, 1, 0, 0, 0, 1, 0
108121, 1, 0, 0, 0, 0, 1
108124, 1, 0, 0, 0, 1, 0
108127, 1, 0, 0, 0, 1, 0
108128, 2, 0, 0, 0, 2, 0
108129, 1, 0, 0, 0, 1, 0
108131, 2, 0, 0, 0, 2, 0
108132, 1, 0, 0, 0, 1, 0
108134, 1, 0, 0, 0, 1, 0
108135, 1, 0, 0, 0, 0, 1
126202, 0, 1, 1, 0, 0, 0
108137, 1, 0, 0, 0, 1, 0
108138, 1, 0, 0, 0, 0, 1
108139, 1, 0, 0, 0, 0, 1
108141, 2, 0, 0, 0, 0, 2
108151, 1, 0, 0, 0, 1, 0
108152, 0, 1, 1, 0, 0, 0
108165, 1, 0, 0, 0, 1, 0
108166, 1, 0, 0, 0, 0, 1
108167, 0, 1, 0, 1, 0, 0
108179, 2, 0, 0, 0, 2, 0
108181, 0, 1, 1, 0, 0, 0
128728, 0, 1, 1, 0, 0, 0
108182, 1, 0, 0, 0, 1, 0
108192, 0, 1, 1, 0, 0, 0
108184, 1, 0, 0, 0, 1, 0
108186, 2, 0, 0, 0, 2, 0
108187, 1, 0, 0, 0, 1, 0
108188, 2, 0, 0, 0, 2, 0
108189, 1, 0, 0, 0, 1, 0
108190, 0, 1, 1, 0, 0, 0
108194, 1, 0, 0, 0, 1, 0
108195, 1, 0, 0, 0, 1, 0
108196, 1, 0, 0, 0, 0, 1
108199, 1, 0, 0, 0, 1, 0
108200, 1, 0, 0, 0, 1, 0
108201, 1, 0, 0, 0, 1, 0
108263, 2, 1, 1, 0, 1, 1
108523, 0, 1, 1, 0, 0, 0
108203, 1, 0, 0, 0, 1, 0
122653, 0, 1, 0, 1, 0, 0
108207, 1, 0, 0, 0, 1, 0
108210, 1, 0, 0, 0, 1, 0
108211, 1, 2, 1, 1, 1, 0
108213, 1, 0, 0, 0, 1, 0
108219, 1, 0, 0, 0, 0, 1
108221, 1, 0, 0, 0, 1, 0
108226, 1, 0, 0, 0, 1, 0
108229, 1, 0, 0, 0, 1, 0
108232, 1, 0, 0, 0, 0, 1
108234, 2, 0, 0, 0, 2, 0
108235, 1, 0, 0, 0, 0, 1
108236, 1, 0, 0, 0, 1, 0
108237, 1, 0, 0, 0, 1, 0
108238, 4, 1, 0, 1, 4, 0
110976, 0, 1, 1, 0, 0, 0
108239, 1, 0, 0, 0, 1, 0
108241, 1, 0, 0, 0, 1, 0
108242, 1, 0, 0, 0, 1, 0
108244, 1, 0, 0, 0, 0, 1
108247, 1, 0, 0, 0, 1, 0
108248, 1, 0, 0, 0, 1, 0
108249, 0, 1, 1, 0, 0, 0
108250, 2, 0, 0, 0, 1, 1
108251, 1, 0, 0, 0, 1, 0
108252, 19, 0, 0, 0, 19, 0
108255, 1, 0, 0, 0, 0, 1
108256, 1, 0, 0, 0, 1, 0
110261, 1, 1, 1, 0, 1, 0
108264, 1, 0, 0, 0, 1, 0
108267, 1, 0, 0, 0, 1, 0
108268, 3, 1, 1, 0, 2, 1
108270, 1, 0, 0, 0, 0, 1
108271, 1, 0, 0, 0, 1, 0
108273, 2, 0, 0, 0, 2, 0
121271, 0, 1, 1, 0, 0, 0
108274, 1, 0, 0, 0, 1, 0
108276, 1, 0, 0, 0, 1, 0
108277, 0, 1, 1, 0, 0, 0
108278, 1, 0, 0, 0, 1, 0
108279, 4, 0, 0, 0, 3, 1
108280, 1, 0, 0, 0, 0, 1
108282, 2, 0, 0, 0, 2, 0
108285, 1, 0, 0, 0, 1, 0
108287, 3, 0, 0, 0, 3, 0
108288, 0, 1, 1, 0, 0, 0
108289, 0, 1, 1, 0, 0, 0
108290, 0, 1, 1, 0, 0, 0
108291, 1, 0, 0, 0, 1, 0
108557, 1, 1, 1, 0, 1, 0
108293, 1, 0, 0, 0, 1, 0
108294, 0, 1, 1, 0, 0, 0
108297, 1, 0, 0, 0, 0, 1
109432, 0, 1, 1, 0, 0, 0
108299, 2, 0, 0, 0, 2, 0
109782, 1, 1, 1, 0, 1, 0
108304, 1, 0, 0, 0, 1, 0
108307, 2, 0, 0, 0, 0, 2
108308, 0, 1, 0, 1, 0, 0
108309, 2, 0, 0, 0, 1, 1
108310, 0, 1, 1, 0, 0, 0
108311, 1, 0, 0, 0, 1, 0
108313, 1, 0, 0, 0, 1, 0
108314, 1, 0, 0, 0, 1, 0
108315, 1, 0, 0, 0, 1, 0
108317, 1, 0, 0, 0, 1, 0
108318, 1, 0, 0, 0, 1, 0
108319, 1, 0, 0, 0, 1, 0
108320, 1, 0, 0, 0, 1, 0
108321, 0, 1, 1, 0, 0, 0
108322, 1, 0, 0, 0, 1, 0
108323, 1, 0, 0, 0, 1, 0
108324, 1, 0, 0, 0, 0, 1
108325, 1, 1, 1, 0, 1, 0
108327, 1, 0, 0, 0, 1, 0
108331, 1, 0, 0, 0, 1, 0
108334, 1, 0, 0, 0, 1, 0
108335, 1, 0, 0, 0, 1, 0
108337, 2, 0, 0, 0, 2, 0
108338, 2, 0, 0, 0, 1, 1
108339, 0, 2, 2, 0, 0, 0
108340, 1, 0, 0, 0, 1, 0
108341, 2, 0, 0, 0, 2, 0
108342, 1, 0, 0, 0, 1, 0
108343, 0, 1, 1, 0, 0, 0
108344, 2, 0, 0, 0, 2, 0
108345, 1, 0, 0, 0, 0, 1
108347, 1, 0, 0, 0, 0, 1
108348, 1, 0, 0, 0, 1, 0
108350, 1, 0, 0, 0, 1, 0
108352, 1, 0, 0, 0, 1, 0
108355, 1, 0, 0, 0, 1, 0
108356, 1, 5, 5, 0, 1, 0
120836, 1, 1, 1, 0, 1, 0
108357, 1, 0, 0, 0, 1, 0
108359, 3, 0, 0, 0, 2, 1
108360, 0, 1, 1, 0, 0, 0
108365, 1, 1, 1, 0, 1, 0
108366, 1, 0, 0, 0, 1, 0
108367, 1, 0, 0, 0, 1, 0
108369, 1, 0, 0, 0, 1, 0
108370, 1, 0, 0, 0, 0, 1
108371, 9, 0, 0, 0, 9, 0
118638, 0, 1, 1, 0, 0, 0
108374, 1, 0, 0, 0, 1, 0
108375, 1, 0, 0, 0, 1, 0
108376, 0, 1, 1, 0, 0, 0
108380, 0, 2, 2, 0, 0, 0
108379, 1, 0, 0, 0, 1, 0
108382, 1, 0, 0, 0, 1, 0
108383, 1, 0, 0, 0, 1, 0
108385, 1, 0, 0, 0, 1, 0
111118, 0, 1, 0, 1, 0, 0
108389, 1, 0, 0, 0, 0, 1
108390, 1, 0, 0, 0, 1, 0
108391, 1, 0, 0, 0, 1, 0
108392, 0, 2, 2, 0, 0, 0
108393, 1, 0, 0, 0, 1, 0
108394, 1, 0, 0, 0, 1, 0
108395, 1, 0, 0, 0, 1, 0
108397, 1, 1, 1, 0, 1, 0
108400, 2, 0, 0, 0, 2, 0
108401, 1, 0, 0, 0, 0, 1
108402, 1, 0, 0, 0, 1, 0
108403, 1, 0, 0, 0, 1, 0
108406, 1, 0, 0, 0, 1, 0
108408, 1, 0, 0, 0, 1, 0
108409, 2, 3, 3, 0, 2, 0
123243, 0, 1, 1, 0, 0, 0
108410, 1, 0, 0, 0, 1, 0
108413, 1, 0, 0, 0, 1, 0
108414, 0, 1, 1, 0, 0, 0
108415, 1, 0, 0, 0, 1, 0
108416, 1, 0, 0, 0, 1, 0
108417, 1, 0, 0, 0, 1, 0
108418, 1, 0, 0, 0, 1, 0
108419, 3, 1, 1, 0, 3, 0
109363, 1, 1, 1, 0, 1, 0
108420, 2, 0, 0, 0, 2, 0
108421, 1, 0, 0, 0, 1, 0
108422, 1, 0, 0, 0, 1, 0
108427, 1, 0, 0, 0, 1, 0
108428, 0, 2, 2, 0, 0, 0
108429, 3, 0, 0, 0, 3, 0
108430, 1, 0, 0, 0, 1, 0
108431, 1, 0, 0, 0, 1, 0
108432, 1, 0, 0, 0, 1, 0
108433, 1, 0, 0, 0, 0, 1
108435, 1, 0, 0, 0, 1, 0
108436, 1, 0, 0, 0, 1, 0
108438, 1, 0, 0, 0, 1, 0
108440, 1, 0, 0, 0, 1, 0
108442, 1, 0, 0, 0, 1, 0
108444, 1, 0, 0, 0, 0, 1
108446, 1, 0, 0, 0, 1, 0
108447, 1, 0, 0, 0, 1, 0
108448, 1, 0, 0, 0, 1, 0
108453, 2, 1, 0, 1, 0, 2
108455, 4, 0, 0, 0, 4, 0
108457, 0, 1, 1, 0, 0, 0
122789, 2, 1, 1, 0, 2, 0
108507, 0, 1, 1, 0, 0, 0
108461, 1, 0, 0, 0, 1, 0
108463, 1, 0, 0, 0, 1, 0
108468, 1, 0, 0, 0, 1, 0
108469, 1, 0, 0, 0, 1, 0
108470, 1, 0, 0, 0, 0, 1
108471, 2, 0, 0, 0, 2, 0
108472, 0, 2, 1, 1, 0, 0
108473, 2, 0, 0, 0, 2, 0
108477, 1, 0, 0, 0, 1, 0
108480, 1, 0, 0, 0, 1, 0
108481, 1, 0, 0, 0, 1, 0
108483, 2, 0, 0, 0, 2, 0
130532, 3, 3, 3, 0, 3, 0
108486, 2, 0, 0, 0, 1, 1
108487, 37, 0, 0, 0, 0, 37
108488, 1, 0, 0, 0, 1, 0
108489, 2, 0, 0, 0, 2, 0
108490, 1, 0, 0, 0, 1, 0
108491, 3, 0, 0, 0, 3, 0
108493, 0, 1, 1, 0, 0, 0
108492, 2, 0, 0, 0, 2, 0
108498, 2, 0, 0, 0, 2, 0
108499, 1, 0, 0, 0, 0, 1
108503, 1, 0, 0, 0, 1, 0
108504, 1, 0, 0, 0, 1, 0
108506, 1, 0, 0, 0, 1, 0
108510, 0, 1, 1, 0, 0, 0
108512, 1, 0, 0, 0, 1, 0
108513, 0, 1, 1, 0, 0, 0
108514, 2, 0, 0, 0, 2, 0
108515, 1, 0, 0, 0, 1, 0
108516, 0, 1, 1, 0, 0, 0
108517, 1, 0, 0, 0, 1, 0
108518, 0, 1, 1, 0, 0, 0
108519, 1, 0, 0, 0, 0, 1
108520, 0, 1, 0, 1, 0, 0
108521, 1, 0, 0, 0, 1, 0
108522, 1, 0, 0, 0, 1, 0
108524, 1, 0, 0, 0, 1, 0
108525, 1, 0, 0, 0, 1, 0
108526, 1, 0, 0, 0, 1, 0
108528, 2, 0, 0, 0, 2, 0
108529, 0, 1, 1, 0, 0, 0
108531, 1, 0, 0, 0, 1, 0
108534, 1, 0, 0, 0, 1, 0
108535, 2, 0, 0, 0, 2, 0
108537, 1, 0, 0, 0, 1, 0
108539, 1, 0, 0, 0, 1, 0
108541, 1, 0, 0, 0, 1, 0
108542, 1, 0, 0, 0, 1, 0
108544, 1, 0, 0, 0, 1, 0
108548, 1, 0, 0, 0, 1, 0
108549, 1, 0, 0, 0, 1, 0
108550, 0, 1, 1, 0, 0, 0
108552, 1, 0, 0, 0, 1, 0
108553, 0, 1, 1, 0, 0, 0
108554, 5, 0, 0, 0, 5, 0
108556, 1, 0, 0, 0, 1, 0
108559, 1, 0, 0, 0, 1, 0
108560, 1, 0, 0, 0, 1, 0
111649, 0, 1, 0, 1, 0, 0
108563, 1, 0, 0, 0, 1, 0
108566, 1, 0, 0, 0, 1, 0
108567, 1, 0, 0, 0, 1, 0
108569, 1, 0, 0, 0, 1, 0
108572, 1, 0, 0, 0, 0, 1
108574, 1, 0, 0, 0, 1, 0
108575, 3, 0, 0, 0, 3, 0
108576, 0, 1, 1, 0, 0, 0
108577, 0, 1, 1, 0, 0, 0
108578, 1, 0, 0, 0, 1, 0
108579, 1, 0, 0, 0, 1, 0
108580, 1, 0, 0, 0, 1, 0
108581, 2, 0, 0, 0, 2, 0
108584, 0, 1, 1, 0, 0, 0
108585, 1, 0, 0, 0, 1, 0
108591, 1, 0, 0, 0, 1, 0
108592, 0, 1, 1, 0, 0, 0
108593, 1, 0, 0, 0, 1, 0
108594, 1, 0, 0, 0, 1, 0
108596, 1, 0, 0, 0, 1, 0
108598, 1, 0, 0, 0, 1, 0
108600, 1, 0, 0, 0, 0, 1
108601, 2, 0, 0, 0, 2, 0
108602, 1, 0, 0, 0, 1, 0
108603, 0, 1, 1, 0, 0, 0
108604, 1, 0, 0, 0, 1, 0
108605, 1, 0, 0, 0, 1, 0
108606, 1, 0, 0, 0, 1, 0
108607, 1, 0, 0, 0, 1, 0
108608, 1, 0, 0, 0, 1, 0
108609, 0, 2, 2, 0, 0, 0
108610, 1, 0, 0, 0, 1, 0
108611, 1, 0, 0, 0, 1, 0
108612, 1, 0, 0, 0, 1, 0
108614, 1, 0, 0, 0, 1, 0
108617, 13, 0, 0, 0, 13, 0
108619, 1, 0, 0, 0, 1, 0
108621, 1, 0, 0, 0, 1, 0
108622, 1, 0, 0, 0, 1, 0
108623, 1, 0, 0, 0, 1, 0
108624, 1, 0, 0, 0, 1, 0
108625, 1, 1, 1, 0, 1, 0
108626, 1, 0, 0, 0, 1, 0
108627, 17, 1, 1, 0, 17, 0
108629, 3, 0, 0, 0, 3, 0
108630, 0, 1, 1, 0, 0, 0
108631, 1, 0, 0, 0, 1, 0
108632, 0, 1, 1, 0, 0, 0
108633, 1, 0, 0, 0, 1, 0
108634, 1, 0, 0, 0, 1, 0
108635, 1, 0, 0, 0, 1, 0
108637, 1, 0, 0, 0, 1, 0
108638, 2, 0, 0, 0, 2, 0
108639, 2, 0, 0, 0, 2, 0
108640, 1, 0, 0, 0, 1, 0
108642, 1, 0, 0, 0, 0, 1
108643, 1, 0, 0, 0, 1, 0
108644, 0, 1, 1, 0, 0, 0
108645, 3, 0, 0, 0, 0, 3
108646, 1, 0, 0, 0, 1, 0
108647, 1, 0, 0, 0, 1, 0
108648, 4, 0, 0, 0, 1, 3
108650, 1, 0, 0, 0, 1, 0
108651, 1, 0, 0, 0, 1, 0
108652, 1, 0, 0, 0, 1, 0
108653, 0, 1, 1, 0, 0, 0
108654, 1, 0, 0, 0, 1, 0
108655, 1, 0, 0, 0, 1, 0
108656, 2, 1, 1, 0, 2, 0
108657, 2, 0, 0, 0, 2, 0
108660, 1, 0, 0, 0, 1, 0
108661, 0, 1, 1, 0, 0, 0
108663, 1, 0, 0, 0, 1, 0
108664, 1, 0, 0, 0, 1, 0
108669, 2, 0, 0, 0, 2, 0
108670, 3, 0, 0, 0, 3, 0
108671, 1, 0, 0, 0, 0, 1
108672, 1, 0, 0, 0, 1, 0
108673, 0, 1, 1, 0, 0, 0
108674, 3, 0, 0, 0, 3, 0
108675, 0, 1, 1, 0, 0, 0
108676, 1, 0, 0, 0, 1, 0
108677, 1, 0, 0, 0, 1, 0
108678, 1, 0, 0, 0, 1, 0
108679, 1, 0, 0, 0, 1, 0
108680, 1, 0, 0, 0, 1, 0
108681, 2, 0, 0, 0, 2, 0
108682, 1, 4, 4, 0, 0, 1
108683, 1, 0, 0, 0, 0, 1
108684, 1, 0, 0, 0, 1, 0
108685, 1, 0, 0, 0, 1, 0
108686, 1, 0, 0, 0, 0, 1
108687, 1, 0, 0, 0, 1, 0
108689, 1, 0, 0, 0, 1, 0
108692, 1, 0, 0, 0, 1, 0
108693, 1, 0, 0, 0, 1, 0
108695, 1, 0, 0, 0, 1, 0
108697, 1, 0, 0, 0, 1, 0
108698, 1, 0, 0, 0, 1, 0
108699, 1, 0, 0, 0, 1, 0
108700, 1, 0, 0, 0, 1, 0
108701, 1, 0, 0, 0, 1, 0
108703, 3, 0, 0, 0, 3, 0
108704, 3, 0, 0, 0, 3, 0
108705, 0, 1, 1, 0, 0, 0
109030, 0, 1, 1, 0, 0, 0
108707, 1, 0, 0, 0, 1, 0
108708, 1, 0, 0, 0, 1, 0
109117, 1, 2, 2, 0, 1, 0
108713, 2, 0, 0, 0, 2, 0
119899, 0, 1, 1, 0, 0, 0
108718, 1, 0, 0, 0, 1, 0
108720, 1, 1, 1, 0, 1, 0
108722, 1, 0, 0, 0, 0, 1
108727, 1, 0, 0, 0, 1, 0
108729, 1, 0, 0, 0, 1, 0
108731, 1, 0, 0, 0, 1, 0
108734, 2, 0, 0, 0, 2, 0
108735, 1, 0, 0, 0, 1, 0
108736, 1, 0, 0, 0, 1, 0
108737, 0, 1, 1, 0, 0, 0
108738, 1, 0, 0, 0, 0, 1
108741, 2, 0, 0, 0, 2, 0
108743, 1, 0, 0, 0, 1, 0
108744, 1, 0, 0, 0, 1, 0
108746, 2, 0, 0, 0, 2, 0
118161, 0, 1, 1, 0, 0, 0
108748, 1, 0, 0, 0, 1, 0
108750, 1, 0, 0, 0, 1, 0
108751, 0, 1, 1, 0, 0, 0
108752, 1, 0, 0, 0, 1, 0
108753, 1, 0, 0, 0, 1, 0
108754, 1, 2, 2, 0, 1, 0
108756, 1, 0, 0, 0, 1, 0
108757, 0, 1, 1, 0, 0, 0
108758, 1, 0, 0, 0, 0, 1
108759, 1, 0, 0, 0, 1, 0
108760, 1, 0, 0, 0, 1, 0
108763, 4, 0, 0, 0, 4, 0
108765, 1, 0, 0, 0, 1, 0
108766, 1, 0, 0, 0, 1, 0
108768, 2, 1, 1, 0, 2, 0
108769, 1, 0, 0, 0, 1, 0
108770, 1, 0, 0, 0, 1, 0
108772, 1, 0, 0, 0, 1, 0
108773, 1, 0, 0, 0, 1, 0
108774, 0, 1, 1, 0, 0, 0
108776, 1, 0, 0, 0, 1, 0
108777, 1, 0, 0, 0, 1, 0
108780, 1, 0, 0, 0, 0, 1
108781, 1, 0, 0, 0, 0, 1
108783, 1, 0, 0, 0, 1, 0
108786, 1, 0, 0, 0, 1, 0
108787, 2, 0, 0, 0, 2, 0
108788, 4, 0, 0, 0, 3, 1
108789, 0, 1, 1, 0, 0, 0
108792, 0, 2, 2, 0, 0, 0
108904, 0, 1, 1, 0, 0, 0
108790, 1, 0, 0, 0, 1, 0
108791, 0, 1, 1, 0, 0, 0
108793, 1, 0, 0, 0, 1, 0
108794, 1, 0, 0, 0, 1, 0
108795, 1, 0, 0, 0, 1, 0
108797, 1, 0, 0, 0, 1, 0
108800, 3, 0, 0, 0, 3, 0
108801, 1, 0, 0, 0, 0, 1
108803, 2, 0, 0, 0, 2, 0
108804, 2, 0, 0, 0, 2, 0
111206, 1, 1, 1, 0, 1, 0
108807, 1, 0, 0, 0, 1, 0
108808, 1, 0, 0, 0, 1, 0
108809, 1, 0, 0, 0, 0, 1
108812, 1, 0, 0, 0, 1, 0
108813, 0, 1, 1, 0, 0, 0
108815, 1, 0, 0, 0, 1, 0
108816, 0, 1, 1, 0, 0, 0
108818, 1, 0, 0, 0, 1, 0
108819, 1, 0, 0, 0, 1, 0
108820, 1, 0, 0, 0, 1, 0
108824, 1, 0, 0, 0, 0, 1
108825, 1, 0, 0, 0, 1, 0
108826, 1, 0, 0, 0, 1, 0
108827, 1, 0, 0, 0, 1, 0
108828, 2, 0, 0, 0, 2, 0
108829, 1, 0, 0, 0, 0, 1
108834, 1, 0, 0, 0, 1, 0
108835, 1, 0, 0, 0, 1, 0
108836, 1, 0, 0, 0, 1, 0
108837, 1, 0, 0, 0, 1, 0
108838, 1, 0, 0, 0, 1, 0
108876, 0, 1, 0, 1, 0, 0
108881, 2, 1, 1, 0, 2, 0
108840, 1, 0, 0, 0, 1, 0
108842, 1, 1, 1, 0, 1, 0
108843, 1, 0, 0, 0, 1, 0
108844, 6, 2, 2, 0, 6, 0
112522, 5, 13, 12, 1, 4, 1
108845, 1, 0, 0, 0, 1, 0
108846, 1, 0, 0, 0, 1, 0
108848, 2, 0, 0, 0, 2, 0
108849, 2, 0, 0, 0, 1, 1
108850, 1, 0, 0, 0, 1, 0
108852, 1, 0, 0, 0, 1, 0
108853, 1, 0, 0, 0, 1, 0
108854, 1, 0, 0, 0, 1, 0
108856, 1, 0, 0, 0, 0, 1
108857, 2, 0, 0, 0, 1, 1
108858, 2, 0, 0, 0, 2, 0
108860, 1, 0, 0, 0, 0, 1
108862, 3, 0, 0, 0, 3, 0
108864, 1, 0, 0, 0, 0, 1
108866, 3, 0, 0, 0, 3, 0
108868, 1, 0, 0, 0, 1, 0
108869, 2, 0, 0, 0, 1, 1
108870, 1, 0, 0, 0, 0, 1
108871, 1, 0, 0, 0, 1, 0
108874, 1, 0, 0, 0, 1, 0
108875, 1, 0, 0, 0, 1, 0
108877, 4, 0, 0, 0, 0, 4
108878, 1, 0, 0, 0, 1, 0
108879, 1, 0, 0, 0, 1, 0
108880, 1, 0, 0, 0, 1, 0
108882, 1, 0, 0, 0, 1, 0
108883, 1, 0, 0, 0, 1, 0
108885, 1, 0, 0, 0, 1, 0
108886, 0, 1, 1, 0, 0, 0
108887, 1, 0, 0, 0, 1, 0
108888, 0, 1, 1, 0, 0, 0
108889, 1, 0, 0, 0, 1, 0
108890, 1, 0, 0, 0, 1, 0
108891, 0, 1, 1, 0, 0, 0
108893, 1, 0, 0, 0, 1, 0
108894, 1, 0, 0, 0, 1, 0
108895, 1, 0, 0, 0, 1, 0
108898, 1, 0, 0, 0, 1, 0
108899, 1, 0, 0, 0, 1, 0
108900, 1, 0, 0, 0, 1, 0
108901, 1, 0, 0, 0, 1, 0
108902, 4, 0, 0, 0, 4, 0
108906, 1, 0, 0, 0, 0, 1
108907, 1, 0, 0, 0, 1, 0
108909, 2, 0, 0, 0, 2, 0
108910, 0, 1, 1, 0, 0, 0
108911, 1, 0, 0, 0, 1, 0
108912, 1, 0, 0, 0, 1, 0
108915, 1, 0, 0, 0, 1, 0
108916, 1, 0, 0, 0, 1, 0
108917, 1, 0, 0, 0, 1, 0
108919, 1, 0, 0, 0, 1, 0
108920, 1, 0, 0, 0, 0, 1
108927, 2, 0, 0, 0, 2, 0
108928, 1, 0, 0, 0, 1, 0
108929, 1, 0, 0, 0, 1, 0
108930, 1, 0, 0, 0, 1, 0
108935, 1, 0, 0, 0, 1, 0
108938, 1, 0, 0, 0, 1, 0
108940, 1, 0, 0, 0, 1, 0
108941, 7, 0, 0, 0, 7, 0
108942, 1, 0, 0, 0, 1, 0
108944, 1, 0, 0, 0, 1, 0
108945, 1, 0, 0, 0, 1, 0
108946, 1, 0, 0, 0, 1, 0
108947, 1, 0, 0, 0, 0, 1
108948, 1, 0, 0, 0, 1, 0
108949, 1, 0, 0, 0, 1, 0
108951, 1, 0, 0, 0, 1, 0
108952, 1, 0, 0, 0, 1, 0
108956, 1, 0, 0, 0, 1, 0
108958, 1, 0, 0, 0, 1, 0
108960, 1, 0, 0, 0, 1, 0
108964, 1, 0, 0, 0, 1, 0
108965, 1, 0, 0, 0, 1, 0
108966, 2, 0, 0, 0, 2, 0
108969, 1, 0, 0, 0, 1, 0
108970, 1, 0, 0, 0, 1, 0
108971, 1, 0, 0, 0, 1, 0
108972, 2, 0, 0, 0, 2, 0
108973, 1, 0, 0, 0, 1, 0
108974, 0, 1, 1, 0, 0, 0
108976, 1, 0, 0, 0, 1, 0
108978, 2, 0, 0, 0, 2, 0
108979, 1, 2, 2, 0, 1, 0
108980, 0, 1, 1, 0, 0, 0
108982, 1, 0, 0, 0, 1, 0
108983, 0, 1, 1, 0, 0, 0
108984, 1, 0, 0, 0, 1, 0
108985, 0, 1, 1, 0, 0, 0
108987, 1, 0, 0, 0, 1, 0
108990, 1, 0, 0, 0, 1, 0
108991, 0, 2, 2, 0, 0, 0
108993, 1, 0, 0, 0, 1, 0
108994, 1, 0, 0, 0, 1, 0
108995, 1, 0, 0, 0, 1, 0
108996, 3, 1, 1, 0, 3, 0
108997, 0, 1, 1, 0, 0, 0
108998, 1, 1, 1, 0, 1, 0
108999, 0, 1, 1, 0, 0, 0
109000, 1, 0, 0, 0, 1, 0
109002, 1, 0, 0, 0, 1, 0
109004, 1, 0, 0, 0, 1, 0
109005, 1, 1, 1, 0, 1, 0
109008, 1, 0, 0, 0, 1, 0
109009, 1, 0, 0, 0, 1, 0
109011, 0, 1, 1, 0, 0, 0
109013, 3, 0, 0, 0, 3, 0
109017, 1, 0, 0, 0, 1, 0
109018, 1, 0, 0, 0, 1, 0
109019, 0, 2, 2, 0, 0, 0
109023, 1, 0, 0, 0, 1, 0
109024, 0, 1, 1, 0, 0, 0
109025, 1, 0, 0, 0, 1, 0
109027, 1, 0, 0, 0, 1, 0
109028, 1, 0, 0, 0, 1, 0
109029, 1, 0, 0, 0, 1, 0
109031, 1, 0, 0, 0, 1, 0
109032, 0, 1, 1, 0, 0, 0
109036, 1, 0, 0, 0, 1, 0
109037, 1, 0, 0, 0, 1, 0
109038, 1, 0, 0, 0, 1, 0
109039, 1, 0, 0, 0, 1, 0
109040, 0, 1, 1, 0, 0, 0
109041, 1, 0, 0, 0, 0, 1
109043, 1, 0, 0, 0, 1, 0
109044, 1, 0, 0, 0, 1, 0
109045, 1, 0, 0, 0, 1, 0
109046, 1, 0, 0, 0, 1, 0
109047, 1, 0, 0, 0, 1, 0
109048, 0, 1, 1, 0, 0, 0
109050, 1, 0, 0, 0, 1, 0
109052, 1, 0, 0, 0, 0, 1
109053, 2, 0, 0, 0, 2, 0
109054, 1, 0, 0, 0, 1, 0
109055, 2, 0, 0, 0, 1, 1
109056, 1, 0, 0, 0, 1, 0
109058, 1, 0, 0, 0, 1, 0
109059, 1, 0, 0, 0, 1, 0
109061, 1, 0, 0, 0, 1, 0
112831, 1, 1, 1, 0, 1, 0
121646, 1, 1, 1, 0, 1, 0
125734, 1, 1, 1, 0, 1, 0
109063, 1, 0, 0, 0, 1, 0
109064, 1, 1, 1, 0, 1, 0
109068, 1, 0, 0, 0, 1, 0
109069, 1, 0, 0, 0, 0, 1
109071, 1, 0, 0, 0, 1, 0
109092, 2, 1, 1, 0, 2, 0
109073, 1, 0, 0, 0, 1, 0
109076, 6, 2, 2, 0, 6, 0
109077, 1, 1, 1, 0, 1, 0
109078, 1, 1, 1, 0, 1, 0
109080, 1, 0, 0, 0, 1, 0
109081, 1, 0, 0, 0, 1, 0
109082, 1, 0, 0, 0, 1, 0
109083, 0, 1, 1, 0, 0, 0
109084, 1, 0, 0, 0, 1, 0
109085, 1, 0, 0, 0, 1, 0
109086, 0, 1, 1, 0, 0, 0
109088, 2, 0, 0, 0, 2, 0
109090, 1, 0, 0, 0, 1, 0
109095, 2, 0, 0, 0, 2, 0
109099, 1, 0, 0, 0, 1, 0
109101, 1, 0, 0, 0, 1, 0
109102, 1, 0, 0, 0, 1, 0
109104, 3, 0, 0, 0, 3, 0
109106, 1, 0, 0, 0, 1, 0
109107, 0, 1, 1, 0, 0, 0
109109, 1, 0, 0, 0, 1, 0
109113, 1, 0, 0, 0, 1, 0
109114, 1, 0, 0, 0, 1, 0
109115, 0, 1, 1, 0, 0, 0
109118, 1, 0, 0, 0, 1, 0
109119, 0, 1, 1, 0, 0, 0
109121, 0, 1, 1, 0, 0, 0
109122, 1, 0, 0, 0, 1, 0
109127, 1, 0, 0, 0, 1, 0
130753, 0, 1, 0, 1, 0, 0
109129, 1, 0, 0, 0, 1, 0
109131, 1, 0, 0, 0, 1, 0
109132, 1, 0, 0, 0, 1, 0
109134, 1, 0, 0, 0, 1, 0
109137, 1, 0, 0, 0, 0, 1
109138, 1, 0, 0, 0, 1, 0
109139, 1, 1, 1, 0, 1, 0
109141, 2, 0, 0, 0, 2, 0
109152, 0, 1, 1, 0, 0, 0
109154, 1, 1, 1, 0, 1, 0
110410, 0, 1, 1, 0, 0, 0
109144, 1, 0, 0, 0, 0, 1
109145, 1, 0, 0, 0, 1, 0
109146, 0, 1, 1, 0, 0, 0
109148, 1, 0, 0, 0, 1, 0
109149, 1, 0, 0, 0, 1, 0
109151, 1, 0, 0, 0, 1, 0
109155, 1, 0, 0, 0, 1, 0
109157, 1, 0, 0, 0, 1, 0
109158, 1, 0, 0, 0, 1, 0
109159, 0, 1, 1, 0, 0, 0
109160, 1, 0, 0, 0, 1, 0
109161, 0, 1, 1, 0, 0, 0
109162, 1, 0, 0, 0, 1, 0
109163, 0, 1, 1, 0, 0, 0
109165, 2, 0, 0, 0, 2, 0
109166, 0, 1, 1, 0, 0, 0
109167, 1, 0, 0, 0, 1, 0
109168, 1, 0, 0, 0, 1, 0
109169, 1, 0, 0, 0, 1, 0
109171, 2, 0, 0, 0, 2, 0
109172, 1, 0, 0, 0, 1, 0
109173, 5, 0, 0, 0, 4, 1
109175, 0, 1, 1, 0, 0, 0
109174, 1, 0, 0, 0, 1, 0
109177, 6, 0, 0, 0, 6, 0
109178, 1, 0, 0, 0, 1, 0
109181, 1, 0, 0, 0, 1, 0
109184, 1, 0, 0, 0, 1, 0
109187, 1, 0, 0, 0, 0, 1
109188, 1, 0, 0, 0, 1, 0
109189, 1, 0, 0, 0, 1, 0
109190, 0, 1, 1, 0, 0, 0
109192, 1, 0, 0, 0, 1, 0
109194, 3, 0, 0, 0, 3, 0
109195, 1, 0, 0, 0, 1, 0
109197, 1, 0, 0, 0, 1, 0
109199, 1, 0, 0, 0, 1, 0
109201, 1, 0, 0, 0, 1, 0
109202, 2, 1, 1, 0, 2, 0
109203, 1, 0, 0, 0, 1, 0
109204, 0, 1, 1, 0, 0, 0
109205, 1, 0, 0, 0, 1, 0
109206, 1, 0, 0, 0, 1, 0
109208, 2, 0, 0, 0, 2, 0
109210, 1, 0, 0, 0, 1, 0
109211, 0, 1, 1, 0, 0, 0
109214, 1, 0, 0, 0, 1, 0
109216, 2, 1, 1, 0, 0, 2
109220, 1, 0, 0, 0, 1, 0
109221, 0, 1, 1, 0, 0, 0
109222, 1, 0, 0, 0, 1, 0
110521, 1, 1, 1, 0, 1, 0
109224, 1, 0, 0, 0, 1, 0
109226, 1, 0, 0, 0, 1, 0
109227, 1, 0, 0, 0, 1, 0
109228, 1, 0, 0, 0, 0, 1
109230, 5, 2, 2, 0, 5, 0
109231, 3, 0, 0, 0, 3, 0
109234, 1, 0, 0, 0, 1, 0
109235, 3, 0, 0, 0, 3, 0
110608, 1, 1, 1, 0, 1, 0
109237, 3, 0, 0, 0, 3, 0
109238, 1, 0, 0, 0, 1, 0
109239, 1, 0, 0, 0, 1, 0
109240, 0, 1, 1, 0, 0, 0
109243, 1, 0, 0, 0, 1, 0
109244, 1, 0, 0, 0, 1, 0
109248, 4, 0, 0, 0, 2, 2
113976, 1, 2, 0, 2, 1, 0
109250, 2, 0, 0, 0, 0, 2
109251, 1, 0, 0, 0, 1, 0
109252, 6, 0, 0, 0, 2, 4
109254, 1, 0, 0, 0, 1, 0
109255, 1, 0, 0, 0, 1, 0
109256, 1, 0, 0, 0, 1, 0
109257, 1, 0, 0, 0, 1, 0
109260, 1, 0, 0, 0, 1, 0
109261, 2, 0, 0, 0, 2, 0
109262, 1, 0, 0, 0, 1, 0
109266, 1, 0, 0, 0, 1, 0
109269, 1, 0, 0, 0, 1, 0
109271, 1, 0, 0, 0, 1, 0
109273, 2, 0, 0, 0, 2, 0
109275, 0, 1, 1, 0, 0, 0
109277, 3, 0, 0, 0, 3, 0
109278, 1, 0, 0, 0, 1, 0
109280, 1, 0, 0, 0, 1, 0
109282, 1, 0, 0, 0, 1, 0
109284, 1, 0, 0, 0, 0, 1
110893, 0, 1, 1, 0, 0, 0
110894, 0, 1, 1, 0, 0, 0
116998, 0, 1, 1, 0, 0, 0
117366, 0, 1, 1, 0, 0, 0
117367, 0, 1, 1, 0, 0, 0
117444, 1, 1, 1, 0, 1, 0
117786, 0, 1, 1, 0, 0, 0
118718, 0, 1, 1, 0, 0, 0
120698, 1, 1, 1, 0, 1, 0
120799, 0, 1, 1, 0, 0, 0
123677, 0, 1, 1, 0, 0, 0
126042, 0, 1, 1, 0, 0, 0
109287, 1, 0, 0, 0, 1, 0
109288, 3, 0, 0, 0, 3, 0
109289, 1, 0, 0, 0, 1, 0
109290, 1, 0, 0, 0, 0, 1
109291, 2, 0, 0, 0, 2, 0
109293, 1, 0, 0, 0, 1, 0
109294, 1, 0, 0, 0, 1, 0
109296, 1, 0, 0, 0, 1, 0
109298, 5, 0, 0, 0, 5, 0
109299, 2, 0, 0, 0, 2, 0
109300, 1, 0, 0, 0, 1, 0
109301, 1, 0, 0, 0, 1, 0
109302, 1, 0, 0, 0, 1, 0
109305, 1, 0, 0, 0, 1, 0
115791, 0, 1, 0, 1, 0, 0
109307, 1, 0, 0, 0, 1, 0
109308, 1, 0, 0, 0, 0, 1
109309, 1, 0, 0, 0, 0, 1
109310, 1, 0, 0, 0, 1, 0
109312, 1, 0, 0, 0, 1, 0
109314, 2, 0, 0, 0, 2, 0
109315, 1, 0, 0, 0, 1, 0
109318, 1, 0, 0, 0, 1, 0
109319, 0, 1, 1, 0, 0, 0
109320, 1, 0, 0, 0, 1, 0
109321, 1, 0, 0, 0, 1, 0
109322, 1, 0, 0, 0, 1, 0
109323, 2, 1, 1, 0, 2, 0
109326, 1, 0, 0, 0, 1, 0
109327, 4, 1, 1, 0, 4, 0
109328, 1, 0, 0, 0, 1, 0
109331, 3, 0, 0, 0, 3, 0
109417, 1, 1, 1, 0, 1, 0
109334, 1, 0, 0, 0, 1, 0
109335, 1, 0, 0, 0, 1, 0
109336, 1, 0, 0, 0, 1, 0
110093, 0, 2, 2, 0, 0, 0
109338, 1, 0, 0, 0, 1, 0
109340, 1, 0, 0, 0, 0, 1
109343, 1, 0, 0, 0, 1, 0
109344, 1, 0, 0, 0, 1, 0
109345, 1, 2, 2, 0, 1, 0
109346, 1, 0, 0, 0, 1, 0
109347, 0, 1, 1, 0, 0, 0
109350, 1, 0, 0, 0, 0, 1
109351, 1, 0, 0, 0, 1, 0
109352, 1, 0, 0, 0, 1, 0
109353, 1, 0, 0, 0, 1, 0
109354, 1, 0, 0, 0, 1, 0
109356, 3, 0, 0, 0, 3, 0
109358, 2, 0, 0, 0, 1, 1
109361, 1, 0, 0, 0, 1, 0
109364, 1, 0, 0, 0, 1, 0
109365, 0, 1, 1, 0, 0, 0
109366, 1, 0, 0, 0, 1, 0
109367, 1, 0, 0, 0, 0, 1
109368, 0, 1, 0, 1, 0, 0
109369, 2, 0, 0, 0, 2, 0
109372, 1, 0, 0, 0, 1, 0
109373, 2, 0, 0, 0, 2, 0
109374, 1, 0, 0, 0, 0, 1
109375, 1, 0, 0, 0, 1, 0
109376, 1, 0, 0, 0, 1, 0
109377, 1, 0, 0, 0, 1, 0
109380, 1, 0, 0, 0, 1, 0
109382, 1, 0, 0, 0, 1, 0
109383, 1, 0, 0, 0, 1, 0
109384, 1, 0, 0, 0, 1, 0
109385, 1, 0, 0, 0, 1, 0
109386, 1, 0, 0, 0, 0, 1
109389, 1, 0, 0, 0, 1, 0
109390, 1, 0, 0, 0, 1, 0
109391, 1, 0, 0, 0, 1, 0
109392, 1, 0, 0, 0, 1, 0
109393, 1, 0, 0, 0, 1, 0
109394, 1, 0, 0, 0, 1, 0
109395, 1, 0, 0, 0, 1, 0
109396, 1, 0, 0, 0, 1, 0
109397, 0, 1, 1, 0, 0, 0
109398, 1, 0, 0, 0, 1, 0
109399, 3, 0, 0, 0, 3, 0
109400, 1, 0, 0, 0, 1, 0
109404, 2, 2, 2, 0, 2, 0
109406, 1, 0, 0, 0, 0, 1
109407, 2, 0, 0, 0, 0, 2
109408, 2, 0, 0, 0, 1, 1
109409, 0, 1, 1, 0, 0, 0
109410, 1, 1, 1, 0, 1, 0
109598, 0, 1, 1, 0, 0, 0
109413, 1, 0, 0, 0, 1, 0
109414, 1, 0, 0, 0, 1, 0
109415, 1, 0, 0, 0, 1, 0
109416, 1, 0, 0, 0, 1, 0
109418, 1, 0, 0, 0, 1, 0
109420, 1, 1, 1, 0, 1, 0
109421, 1, 1, 1, 0, 1, 0
109425, 1, 0, 0, 0, 1, 0
109431, 1, 0, 0, 0, 1, 0
109433, 1, 0, 0, 0, 1, 0
109434, 1, 0, 0, 0, 1, 0
109435, 0, 1, 1, 0, 0, 0
109437, 1, 0, 0, 0, 1, 0
109533, 0, 1, 1, 0, 0, 0
109439, 4, 0, 0, 0, 4, 0
109440, 1, 0, 0, 0, 1, 0
109442, 1, 0, 0, 0, 1, 0
109443, 1, 0, 0, 0, 1, 0
109445, 1, 0, 0, 0, 1, 0
109446, 1, 0, 0, 0, 1, 0
109448, 2, 0, 0, 0, 0, 2
109451, 1, 0, 0, 0, 1, 0
109456, 2, 0, 0, 0, 2, 0
109457, 1, 0, 0, 0, 1, 0
109461, 1, 0, 0, 0, 1, 0
109463, 1, 0, 0, 0, 1, 0
109468, 1, 0, 0, 0, 1, 0
109469, 0, 3, 3, 0, 0, 0
109471, 1, 0, 0, 0, 1, 0
109472, 1, 2, 2, 0, 1, 0
109474, 1, 0, 0, 0, 0, 1
109475, 1, 0, 0, 0, 1, 0
109476, 1, 0, 0, 0, 0, 1
109477, 1, 0, 0, 0, 1, 0
109478, 1, 0, 0, 0, 0, 1
109479, 1, 0, 0, 0, 1, 0
109480, 1, 0, 0, 0, 1, 0
109481, 1, 0, 0, 0, 1, 0
109482, 2, 0, 0, 0, 2, 0
109487, 1, 0, 0, 0, 1, 0
109489, 1, 0, 0, 0, 1, 0
109490, 0, 1, 1, 0, 0, 0
109491, 1, 0, 0, 0, 1, 0
109494, 1, 0, 0, 0, 1, 0
109495, 1, 0, 0, 0, 1, 0
109496, 1, 0, 0, 0, 1, 0
109499, 6, 0, 0, 0, 6, 0
109500, 1, 1, 1, 0, 1, 0
109502, 1, 0, 0, 0, 1, 0
109503, 2, 0, 0, 0, 2, 0
109504, 1, 0, 0, 0, 1, 0
109505, 0, 1, 1, 0, 0, 0
109506, 1, 0, 0, 0, 1, 0
109508, 1, 0, 0, 0, 0, 1
109509, 1, 0, 0, 0, 0, 1
109510, 1, 0, 0, 0, 1, 0
109511, 1, 0, 0, 0, 1, 0
109512, 1, 0, 0, 0, 1, 0
109513, 0, 5, 5, 0, 0, 0
111659, 0, 1, 1, 0, 0, 0
109515, 1, 0, 0, 0, 1, 0
109516, 1, 0, 0, 0, 1, 0
109518, 1, 0, 0, 0, 1, 0
109519, 1, 0, 0, 0, 1, 0
109522, 1, 1, 1, 0, 1, 0
109523, 1, 1, 1, 0, 1, 0
109524, 1, 0, 0, 0, 1, 0
109525, 1, 0, 0, 0, 1, 0
109526, 1, 0, 0, 0, 1, 0
109528, 1, 0, 0, 0, 1, 0
109530, 1, 0, 0, 0, 1, 0
109531, 1, 0, 0, 0, 1, 0
109532, 1, 0, 0, 0, 1, 0
109534, 1, 0, 0, 0, 1, 0
109888, 4, 1, 1, 0, 4, 0
110333, 0, 1, 1, 0, 0, 0
110828, 0, 1, 1, 0, 0, 0
109538, 1, 0, 0, 0, 0, 1
109539, 0, 1, 0, 1, 0, 0
109540, 1, 0, 0, 0, 1, 0
109541, 2, 0, 0, 0, 2, 0
109542, 2, 0, 0, 0, 2, 0
109543, 1, 0, 0, 0, 1, 0
109544, 2, 0, 0, 0, 2, 0
109545, 2, 0, 0, 0, 2, 0
109546, 2, 0, 0, 0, 2, 0
109547, 0, 1, 1, 0, 0, 0
109548, 1, 0, 0, 0, 1, 0
109550, 1, 0, 0, 0, 1, 0
109551, 1, 0, 0, 0, 1, 0
109555, 1, 0, 0, 0, 0, 1
109556, 2, 0, 0, 0, 2, 0
109557, 1, 0, 0, 0, 1, 0
109559, 1, 0, 0, 0, 1, 0
109560, 0, 1, 1, 0, 0, 0
109561, 1, 0, 0, 0, 1, 0
109562, 0, 1, 1, 0, 0, 0
109564, 1, 0, 0, 0, 1, 0
109565, 1, 0, 0, 0, 1, 0
109568, 0, 1, 1, 0, 0, 0
109572, 2, 0, 0, 0, 2, 0
109575, 1, 0, 0, 0, 1, 0
109576, 1, 0, 0, 0, 0, 1
109577, 1, 0, 0, 0, 1, 0
109581, 1, 0, 0, 0, 1, 0
109582, 0, 1, 1, 0, 0, 0
109583, 1, 0, 0, 0, 1, 0
109586, 1, 0, 0, 0, 1, 0
109589, 1, 0, 0, 0, 1, 0
109592, 2, 1, 1, 0, 2, 0
109593, 0, 1, 1, 0, 0, 0
109595, 1, 0, 0, 0, 1, 0
109597, 1, 0, 0, 0, 1, 0
109599, 1, 0, 0, 0, 0, 1
109601, 2, 1, 1, 0, 2, 0
114880, 3, 1, 1, 0, 3, 0
109602, 1, 0, 0, 0, 1, 0
109607, 1, 0, 0, 0, 1, 0
109608, 1, 0, 0, 0, 1, 0
109609, 1, 0, 0, 0, 1, 0
109610, 1, 0, 0, 0, 1, 0
109614, 1, 0, 0, 0, 1, 0
109615, 1, 0, 0, 0, 0, 1
109617, 1, 0, 0, 0, 1, 0
109618, 1, 0, 0, 0, 1, 0
109619, 1, 0, 0, 0, 1, 0
109620, 2, 0, 0, 0, 1, 1
109623, 4, 0, 0, 0, 0, 4
109624, 1, 0, 0, 0, 1, 0
109625, 1, 0, 0, 0, 1, 0
109626, 1, 0, 0, 0, 1, 0
109628, 1, 0, 0, 0, 1, 0
109629, 0, 1, 1, 0, 0, 0
109631, 1, 0, 0, 0, 1, 0
109632, 1, 0, 0, 0, 1, 0
109635, 1, 0, 0, 0, 1, 0
109637, 1, 0, 0, 0, 1, 0
109638, 0, 1, 1, 0, 0, 0
109639, 1, 0, 0, 0, 1, 0
109642, 1, 0, 0, 0, 1, 0
109644, 1, 0, 0, 0, 1, 0
109645, 1, 0, 0, 0, 1, 0
109646, 0, 1, 1, 0, 0, 0
109648, 1, 0, 0, 0, 1, 0
109649, 1, 0, 0, 0, 1, 0
109650, 1, 0, 0, 0, 0, 1
112043, 0, 1, 1, 0, 0, 0
109654, 1, 0, 0, 0, 1, 0
109655, 1, 0, 0, 0, 1, 0
109656, 1, 0, 0, 0, 1, 0
109658, 1, 0, 0, 0, 1, 0
109659, 1, 0, 0, 0, 0, 1
109660, 1, 0, 0, 0, 1, 0
109661, 1, 0, 0, 0, 1, 0
109662, 1, 0, 0, 0, 1, 0
109663, 1, 0, 0, 0, 1, 0
109665, 1, 0, 0, 0, 1, 0
109667, 1, 0, 0, 0, 1, 0
109668, 1, 0, 0, 0, 0, 1
109670, 2, 0, 0, 0, 1, 1
109671, 1, 0, 0, 0, 1, 0
109672, 0, 1, 1, 0, 0, 0
109676, 1, 0, 0, 0, 1, 0
109677, 0, 1, 1, 0, 0, 0
109678, 1, 0, 0, 0, 1, 0
109679, 1, 0, 0, 0, 1, 0
125686, 0, 1, 1, 0, 0, 0
109681, 1, 0, 0, 0, 1, 0
109682, 1, 0, 0, 0, 1, 0
109684, 1, 0, 0, 0, 1, 0
109685, 0, 1, 1, 0, 0, 0
109687, 6, 0, 0, 0, 5, 1
109689, 1, 0, 0, 0, 1, 0
109690, 1, 0, 0, 0, 0, 1
109692, 1, 0, 0, 0, 1, 0
109693, 1, 0, 0, 0, 0, 1
109694, 1, 0, 0, 0, 0, 1
109695, 4, 0, 0, 0, 4, 0
110549, 0, 1, 1, 0, 0, 0
109698, 1, 0, 0, 0, 1, 0
109699, 2, 0, 0, 0, 2, 0
109700, 1, 0, 0, 0, 1, 0
109701, 2, 0, 0, 0, 2, 0
118665, 1, 2, 1, 1, 1, 0
118666, 1, 2, 1, 1, 1, 0
120176, 1, 1, 0, 1, 1, 0
120614, 0, 2, 1, 1, 0, 0
109704, 1, 0, 0, 0, 1, 0
109705, 1, 0, 0, 0, 0, 1
109707, 2, 0, 0, 0, 2, 0
123389, 1, 1, 1, 0, 1, 0
109708, 2, 0, 0, 0, 2, 0
109709, 0, 1, 1, 0, 0, 0
109710, 1, 0, 0, 0, 1, 0
109711, 0, 1, 1, 0, 0, 0
109712, 2, 0, 0, 0, 2, 0
109713, 3, 1, 1, 0, 3, 0
109714, 0, 2, 2, 0, 0, 0
109715, 15, 0, 0, 0, 15, 0
109717, 0, 1, 1, 0, 0, 0
109718, 0, 1, 1, 0, 0, 0
109716, 1, 0, 0, 0, 1, 0
109719, 1, 0, 0, 0, 1, 0
109722, 0, 1, 1, 0, 0, 0
109723, 2, 1, 1, 0, 2, 0
109725, 3, 1, 1, 0, 3, 0
109820, 0, 1, 1, 0, 0, 0
109727, 5, 0, 0, 0, 5, 0
109728, 2, 0, 0, 0, 2, 0
109729, 1, 0, 0, 0, 1, 0
109731, 1, 0, 0, 0, 1, 0
109734, 1, 0, 0, 0, 0, 1
109735, 1, 0, 0, 0, 1, 0
109738, 1, 1, 1, 0, 1, 0
109739, 1, 0, 0, 0, 1, 0
109740, 1, 0, 0, 0, 1, 0
109742, 1, 0, 0, 0, 0, 1
109743, 1, 0, 0, 0, 1, 0
109744, 1, 0, 0, 0, 1, 0
109745, 1, 0, 0, 0, 1, 0
109746, 0, 1, 1, 0, 0, 0
109747, 2, 0, 0, 0, 0, 2
109749, 2, 0, 0, 0, 1, 1
109751, 1, 0, 0, 0, 1, 0
109753, 2, 1, 1, 0, 2, 0
109754, 1, 0, 0, 0, 1, 0
109755, 1, 0, 0, 0, 1, 0
109757, 5, 0, 0, 0, 5, 0
109758, 1, 0, 0, 0, 1, 0
109761, 2, 0, 0, 0, 2, 0
109762, 1, 1, 1, 0, 1, 0
109763, 1, 0, 0, 0, 1, 0
109765, 1, 0, 0, 0, 1, 0
109769, 1, 0, 0, 0, 1, 0
109770, 1, 1, 1, 0, 1, 0
109771, 1, 0, 0, 0, 1, 0
109773, 0, 2, 2, 0, 0, 0
109774, 1, 0, 0, 0, 1, 0
109777, 1, 0, 0, 0, 1, 0
109780, 1, 0, 0, 0, 1, 0
109781, 1, 0, 0, 0, 1, 0
109783, 1, 0, 0, 0, 1, 0
109784, 1, 0, 0, 0, 1, 0
109786, 1, 0, 0, 0, 1, 0
109787, 1, 1, 1, 0, 1, 0
109788, 1, 0, 0, 0, 1, 0
109791, 1, 0, 0, 0, 1, 0
109965, 0, 1, 1, 0, 0, 0
110016, 0, 1, 1, 0, 0, 0
110021, 0, 1, 1, 0, 0, 0
114828, 0, 1, 1, 0, 0, 0
109794, 2, 0, 0, 0, 2, 0
109796, 0, 1, 1, 0, 0, 0
112250, 0, 1, 1, 0, 0, 0
109797, 1, 0, 0, 0, 0, 1
109799, 1, 0, 0, 0, 1, 0
109800, 2, 0, 0, 0, 2, 0
109802, 1, 0, 0, 0, 1, 0
109803, 2, 2, 2, 0, 2, 0
109804, 1, 2, 2, 0, 1, 0
110426, 2, 1, 1, 0, 2, 0
109805, 2, 0, 0, 0, 2, 0
109807, 6, 0, 0, 0, 6, 0
109808, 1, 0, 0, 0, 1, 0
109809, 1, 0, 0, 0, 1, 0
109810, 1, 0, 0, 0, 0, 1
109811, 1, 0, 0, 0, 1, 0
109818, 1, 0, 0, 0, 1, 0
109819, 1, 0, 0, 0, 1, 0
109821, 1, 0, 0, 0, 1, 0
109822, 0, 1, 1, 0, 0, 0
109823, 4, 0, 0, 0, 4, 0
109824, 2, 0, 0, 0, 2, 0
109825, 0, 1, 1, 0, 0, 0
109826, 3, 0, 0, 0, 3, 0
109827, 3, 0, 0, 0, 3, 0
109828, 0, 1, 1, 0, 0, 0
109829, 0, 1, 1, 0, 0, 0
109830, 2, 0, 0, 0, 2, 0
109832, 1, 0, 0, 0, 1, 0
109834, 1, 0, 0, 0, 1, 0
109840, 2, 2, 2, 0, 2, 0
109949, 3, 1, 1, 0, 3, 0
109841, 1, 0, 0, 0, 1, 0
109845, 1, 1, 1, 0, 1, 0
109846, 2, 2, 2, 0, 2, 0
109847, 1, 0, 0, 0, 0, 1
109848, 4, 0, 0, 0, 2, 2
109849, 1, 0, 0, 0, 1, 0
109850, 1, 0, 0, 0, 1, 0
109851, 1, 0, 0, 0, 1, 0
109852, 1, 0, 0, 0, 1, 0
117009, 2, 1, 1, 0, 2, 0
129420, 0, 1, 1, 0, 0, 0
109856, 1, 0, 0, 0, 1, 0
109857, 1, 0, 0, 0, 1, 0
109858, 0, 1, 1, 0, 0, 0
109859, 1, 0, 0, 0, 1, 0
109860, 1, 0, 0, 0, 1, 0
109862, 1, 0, 0, 0, 1, 0
109863, 1, 0, 0, 0, 1, 0
109864, 1, 1, 1, 0, 1, 0
109865, 3, 1, 1, 0, 3, 0
109866, 1, 0, 0, 0, 1, 0
109867, 0, 1, 1, 0, 0, 0
109868, 2, 0, 0, 0, 0, 2
109876, 1, 0, 0, 0, 0, 1
109877, 1, 0, 0, 0, 1, 0
109878, 1, 0, 0, 0, 1, 0
109880, 1, 0, 0, 0, 1, 0
109881, 1, 0, 0, 0, 1, 0
110107, 3, 2, 2, 0, 3, 0
110182, 5, 2, 2, 0, 5, 0
109883, 1, 0, 0, 0, 1, 0
109887, 1, 0, 0, 0, 1, 0
109890, 2, 1, 1, 0, 2, 0
109891, 5, 1, 1, 0, 5, 0
109892, 1, 0, 0, 0, 1, 0
109893, 1, 0, 0, 0, 1, 0
109895, 3, 0, 0, 0, 3, 0
109897, 1, 0, 0, 0, 1, 0
109899, 1, 0, 0, 0, 1, 0
109900, 1, 0, 0, 0, 0, 1
109903, 2, 0, 0, 0, 2, 0
109904, 2, 0, 0, 0, 2, 0
109905, 1, 0, 0, 0, 1, 0
109906, 1, 0, 0, 0, 1, 0
109907, 1, 0, 0, 0, 1, 0
109908, 1, 0, 0, 0, 1, 0
110055, 0, 1, 1, 0, 0, 0
109910, 1, 0, 0, 0, 1, 0
109912, 1, 0, 0, 0, 1, 0
109913, 0, 1, 1, 0, 0, 0
109915, 1, 0, 0, 0, 1, 0
109916, 1, 0, 0, 0, 1, 0
109917, 1, 1, 1, 0, 1, 0
109918, 2, 2, 2, 0, 2, 0
109919, 1, 0, 0, 0, 1, 0
109921, 2, 0, 0, 0, 0, 2
109922, 1, 1, 1, 0, 1, 0
109923, 1, 0, 0, 0, 1, 0
109924, 1, 0, 0, 0, 1, 0
109926, 1, 0, 0, 0, 1, 0
109927, 1, 0, 0, 0, 1, 0
109928, 1, 0, 0, 0, 1, 0
109929, 1, 0, 0, 0, 1, 0
109930, 1, 0, 0, 0, 1, 0
109931, 1, 2, 2, 0, 1, 0
127465, 1, 1, 1, 0, 1, 0
109933, 1, 0, 0, 0, 1, 0
109934, 2, 1, 1, 0, 1, 1
109935, 2, 0, 0, 0, 2, 0
109936, 1, 0, 0, 0, 1, 0
109938, 1, 0, 0, 0, 1, 0
109939, 1, 0, 0, 0, 0, 1
109940, 0, 1, 0, 1, 0, 0
109941, 1, 0, 0, 0, 1, 0
109942, 1, 0, 0, 0, 1, 0
109943, 2, 1, 1, 0, 2, 0
109945, 0, 1, 1, 0, 0, 0
111183, 0, 1, 1, 0, 0, 0
109950, 1, 0, 0, 0, 1, 0
109951, 1, 0, 0, 0, 1, 0
109952, 1, 0, 0, 0, 1, 0
109955, 4, 1, 1, 0, 4, 0
109956, 1, 0, 0, 0, 1, 0
109957, 2, 1, 1, 0, 1, 1
109959, 1, 0, 0, 0, 0, 1
109960, 1, 0, 0, 0, 1, 0
109961, 1, 0, 0, 0, 1, 0
109962, 1, 0, 0, 0, 1, 0
109966, 1, 0, 0, 0, 1, 0
109969, 3, 0, 0, 0, 3, 0
109972, 1, 0, 0, 0, 1, 0
109973, 1, 0, 0, 0, 1, 0
109974, 1, 0, 0, 0, 1, 0
109977, 1, 0, 0, 0, 1, 0
114821, 0, 2, 2, 0, 0, 0
109980, 1, 0, 0, 0, 1, 0
109981, 1, 0, 0, 0, 1, 0
109983, 1, 0, 0, 0, 1, 0
109984, 0, 1, 1, 0, 0, 0
109985, 1, 0, 0, 0, 1, 0
109986, 1, 0, 0, 0, 1, 0
109987, 0, 2, 2, 0, 0, 0
109988, 1, 0, 0, 0, 1, 0
109989, 1, 0, 0, 0, 1, 0
109990, 1, 0, 0, 0, 1, 0
109991, 1, 0, 0, 0, 1, 0
109992, 3, 0, 0, 0, 3, 0
109993, 1, 0, 0, 0, 1, 0
109994, 1, 0, 0, 0, 1, 0
109996, 1, 0, 0, 0, 1, 0
109999, 1, 2, 2, 0, 1, 0
110000, 1, 0, 0, 0, 1, 0
110001, 1, 0, 0, 0, 1, 0
110002, 1, 0, 0, 0, 1, 0
110004, 1, 0, 0, 0, 1, 0
110007, 1, 0, 0, 0, 1, 0
110008, 1, 0, 0, 0, 1, 0
110009, 1, 0, 0, 0, 1, 0
110011, 1, 0, 0, 0, 1, 0
110012, 1, 1, 1, 0, 1, 0
110013, 1, 0, 0, 0, 0, 1
110014, 0, 2, 1, 1, 0, 0
110015, 1, 0, 0, 0, 0, 1
110017, 2, 0, 0, 0, 2, 0
110018, 1, 0, 0, 0, 1, 0
110019, 1, 0, 0, 0, 1, 0
110020, 0, 1, 1, 0, 0, 0
110022, 1, 0, 0, 0, 1, 0
110024, 1, 0, 0, 0, 1, 0
110026, 1, 0, 0, 0, 1, 0
110027, 1, 0, 0, 0, 1, 0
110029, 1, 0, 0, 0, 1, 0
110030, 1, 0, 0, 0, 1, 0
110031, 1, 0, 0, 0, 1, 0
110032, 1, 0, 0, 0, 0, 1
110033, 0, 1, 0, 1, 0, 0
110034, 1, 0, 0, 0, 1, 0
110035, 1, 0, 0, 0, 1, 0
110036, 1, 0, 0, 0, 1, 0
110037, 0, 1, 1, 0, 0, 0
110038, 1, 0, 0, 0, 1, 0
110039, 5, 0, 0, 0, 4, 1
110041, 1, 1, 1, 0, 1, 0
110044, 1, 0, 0, 0, 1, 0
110049, 2, 0, 0, 0, 2, 0
110053, 1, 0, 0, 0, 1, 0
110059, 2, 0, 0, 0, 2, 0
110061, 1, 0, 0, 0, 1, 0
110062, 1, 0, 0, 0, 0, 1
110063, 3, 0, 0, 0, 3, 0
110064, 4, 0, 0, 0, 4, 0
110065, 1, 0, 0, 0, 1, 0
110066, 1, 0, 0, 0, 1, 0
110244, 1, 1, 1, 0, 1, 0
110069, 1, 0, 0, 0, 1, 0
110070, 3, 0, 0, 0, 3, 0
110071, 0, 2, 2, 0, 0, 0
110072, 0, 1, 1, 0, 0, 0
110073, 1, 0, 0, 0, 1, 0
110075, 1, 0, 0, 0, 0, 1
110076, 1, 0, 0, 0, 1, 0
110077, 0, 1, 1, 0, 0, 0
110079, 2, 0, 0, 0, 2, 0
110080, 1, 0, 0, 0, 1, 0
110081, 2, 0, 0, 0, 1, 1
110082, 1, 0, 0, 0, 1, 0
110084, 1, 0, 0, 0, 1, 0
110085, 1, 0, 0, 0, 1, 0
110088, 1, 0, 0, 0, 1, 0
110156, 0, 1, 1, 0, 0, 0
110091, 2, 0, 0, 0, 1, 1
110094, 3, 0, 0, 0, 3, 0
110095, 0, 1, 1, 0, 0, 0
110096, 0, 1, 1, 0, 0, 0
110097, 1, 0, 0, 0, 0, 1
110098, 1, 0, 0, 0, 1, 0
110099, 2, 0, 0, 0, 2, 0
110100, 0, 1, 1, 0, 0, 0
110104, 2, 0, 0, 0, 2, 0
110105, 0, 1, 1, 0, 0, 0
110106, 0, 1, 1, 0, 0, 0
110110, 1, 0, 0, 0, 1, 0
110111, 1, 0, 0, 0, 1, 0
110112, 1, 0, 0, 0, 1, 0
110114, 1, 0, 0, 0, 1, 0
110115, 0, 1, 1, 0, 0, 0
110118, 1, 0, 0, 0, 1, 0
110119, 1, 0, 0, 0, 0, 1
110120, 1, 0, 0, 0, 1, 0
110121, 0, 1, 1, 0, 0, 0
110125, 1, 0, 0, 0, 1, 0
110126, 1, 0, 0, 0, 1, 0
110424, 1, 1, 1, 0, 1, 0
110128, 1, 0, 0, 0, 1, 0
110130, 9, 0, 0, 0, 9, 0
110131, 0, 1, 1, 0, 0, 0
110133, 1, 0, 0, 0, 1, 0
110135, 1, 0, 0, 0, 1, 0
110138, 2, 0, 0, 0, 2, 0
119330, 0, 1, 1, 0, 0, 0
110141, 1, 0, 0, 0, 1, 0
110142, 1, 0, 0, 0, 1, 0
110143, 1, 0, 0, 0, 1, 0
110144, 1, 1, 1, 0, 1, 0
110145, 1, 2, 1, 1, 1, 0
110149, 1, 0, 0, 0, 0, 1
110150, 1, 0, 0, 0, 1, 0
110153, 1, 0, 0, 0, 1, 0
110154, 1, 0, 0, 0, 1, 0
110155, 3, 0, 0, 0, 3, 0
110159, 1, 0, 0, 0, 1, 0
110161, 1, 0, 0, 0, 1, 0
110162, 1, 0, 0, 0, 1, 0
110163, 0, 1, 1, 0, 0, 0
110164, 5, 1, 1, 0, 5, 0
110165, 0, 1, 1, 0, 0, 0
114357, 2, 1, 1, 0, 2, 0
110168, 1, 0, 0, 0, 1, 0
110169, 1, 0, 0, 0, 1, 0
110170, 1, 0, 0, 0, 1, 0
110171, 1, 0, 0, 0, 1, 0
110172, 1, 0, 0, 0, 1, 0
110173, 0, 1, 1, 0, 0, 0
110174, 1, 0, 0, 0, 1, 0
110197, 1, 1, 1, 0, 1, 0
110794, 1, 1, 1, 0, 1, 0
110184, 1, 0, 0, 0, 1, 0
110185, 1, 0, 0, 0, 1, 0
110186, 1, 0, 0, 0, 1, 0
110187, 1, 0, 0, 0, 1, 0
110190, 1, 0, 0, 0, 1, 0
110191, 1, 0, 0, 0, 1, 0
110193, 1, 0, 0, 0, 1, 0
110194, 0, 1, 1, 0, 0, 0
110195, 7, 0, 0, 0, 7, 0
110196, 0, 1, 1, 0, 0, 0
122718, 0, 2, 2, 0, 0, 0
130108, 0, 1, 1, 0, 0, 0
110198, 1, 0, 0, 0, 1, 0
110200, 1, 0, 0, 0, 1, 0
110202, 2, 0, 0, 0, 2, 0
110204, 1, 0, 0, 0, 1, 0
110206, 1, 0, 0, 0, 0, 1
110207, 1, 0, 0, 0, 1, 0
110209, 1, 0, 0, 0, 1, 0
110210, 1, 0, 0, 0, 1, 0
110212, 1, 0, 0, 0, 1, 0
110213, 0, 1, 1, 0, 0, 0
110215, 1, 0, 0, 0, 1, 0
110221, 1, 0, 0, 0, 1, 0
110223, 1, 0, 0, 0, 1, 0
110224, 1, 0, 0, 0, 0, 1
110226, 2, 0, 0, 0, 0, 2
110227, 0, 1, 0, 1, 0, 0
110228, 0, 1, 0, 1, 0, 0
110229, 1, 0, 0, 0, 1, 0
110230, 1, 0, 0, 0, 1, 0
110231, 1, 0, 0, 0, 1, 0
110232, 2, 1, 1, 0, 2, 0
110233, 1, 0, 0, 0, 1, 0
110234, 1, 0, 0, 0, 1, 0
110236, 1, 0, 0, 0, 1, 0
110238, 1, 0, 0, 0, 1, 0
110241, 2, 0, 0, 0, 2, 0
110242, 1, 0, 0, 0, 1, 0
110243, 0, 1, 1, 0, 0, 0
110245, 1, 0, 0, 0, 1, 0
110246, 1, 0, 0, 0, 0, 1
110247, 1, 0, 0, 0, 1, 0
110248, 1, 0, 0, 0, 0, 1
110249, 1, 0, 0, 0, 1, 0
110250, 7, 0, 0, 0, 5, 2
110251, 1, 0, 0, 0, 1, 0
110252, 3, 0, 0, 0, 3, 0
110253, 1, 0, 0, 0, 1, 0
110254, 1, 0, 0, 0, 1, 0
110567, 2, 2, 2, 0, 2, 0
110257, 5, 0, 0, 0, 5, 0
110259, 1, 0, 0, 0, 1, 0
110262, 1, 0, 0, 0, 1, 0
110263, 1, 0, 0, 0, 1, 0
110264, 0, 1, 1, 0, 0, 0
110265, 3, 0, 0, 0, 3, 0
110266, 0, 1, 1, 0, 0, 0
110272, 3, 0, 0, 0, 1, 2
110276, 0, 1, 0, 1, 0, 0
110274, 1, 0, 0, 0, 1, 0
110277, 2, 0, 0, 0, 2, 0
110280, 2, 0, 0, 0, 1, 1
110281, 2, 0, 0, 0, 2, 0
110282, 1, 0, 0, 0, 1, 0
110283, 0, 1, 1, 0, 0, 0
110284, 2, 0, 0, 0, 1, 1
110285, 1, 0, 0, 0, 1, 0
110286, 1, 0, 0, 0, 1, 0
110287, 1, 1, 1, 0, 1, 0
110288, 1, 0, 0, 0, 1, 0
110290, 1, 0, 0, 0, 1, 0
110293, 1, 0, 0, 0, 1, 0
110295, 1, 0, 0, 0, 1, 0
110296, 1, 0, 0, 0, 1, 0
110298, 3, 0, 0, 0, 3, 0
110299, 1, 0, 0, 0, 1, 0
110302, 1, 0, 0, 0, 1, 0
110308, 1, 0, 0, 0, 1, 0
110309, 0, 1, 1, 0, 0, 0
110310, 1, 0, 0, 0, 1, 0
110311, 0, 1, 1, 0, 0, 0
110312, 3, 0, 0, 0, 3, 0
115075, 0, 1, 1, 0, 0, 0
110313, 3, 4, 4, 0, 3, 0
110349, 4, 3, 3, 0, 4, 0
110384, 2, 1, 1, 0, 2, 0
110314, 1, 0, 0, 0, 0, 1
110315, 0, 3, 1, 2, 0, 0
110316, 1, 0, 0, 0, 1, 0
110318, 1, 0, 0, 0, 1, 0
110319, 0, 1, 1, 0, 0, 0
110322, 1, 0, 0, 0, 1, 0
110323, 1, 0, 0, 0, 0, 1
110324, 0, 1, 0, 1, 0, 0
110325, 1, 0, 0, 0, 1, 0
110326, 1, 0, 0, 0, 1, 0
110327, 1, 0, 0, 0, 1, 0
110328, 1, 0, 0, 0, 1, 0
110329, 1, 0, 0, 0, 1, 0
110331, 1, 0, 0, 0, 0, 1
110334, 2, 0, 0, 0, 2, 0
110335, 1, 0, 0, 0, 1, 0
110337, 2, 0, 0, 0, 1, 1
110339, 1, 0, 0, 0, 1, 0
110340, 2, 0, 0, 0, 2, 0
110341, 0, 1, 1, 0, 0, 0
110343, 3, 0, 0, 0, 3, 0
120345, 0, 1, 1, 0, 0, 0
110344, 1, 0, 0, 0, 0, 1
110347, 1, 0, 0, 0, 1, 0
110348, 1, 0, 0, 0, 1, 0
110767, 1, 1, 1, 0, 1, 0
110350, 2, 0, 0, 0, 2, 0
110352, 1, 0, 0, 0, 0, 1
110353, 1, 0, 0, 0, 1, 0
110354, 1, 0, 0, 0, 1, 0
110355, 1, 0, 0, 0, 1, 0
110357, 1, 0, 0, 0, 1, 0
110359, 1, 0, 0, 0, 1, 0
110361, 1, 0, 0, 0, 1, 0
110369, 2, 0, 0, 0, 2, 0
110371, 1, 0, 0, 0, 1, 0
110372, 7, 1, 1, 0, 7, 0
110373, 1, 0, 0, 0, 0, 1
110375, 1, 0, 0, 0, 1, 0
110376, 1, 0, 0, 0, 1, 0
110377, 1, 0, 0, 0, 0, 1
110378, 2, 1, 1, 0, 2, 0
110513, 0, 1, 1, 0, 0, 0
110380, 1, 0, 0, 0, 1, 0
110381, 0, 1, 1, 0, 0, 0
110382, 3, 0, 0, 0, 3, 0
110383, 1, 0, 0, 0, 1, 0
110385, 1, 0, 0, 0, 1, 0
110386, 1, 0, 0, 0, 1, 0
110388, 1, 0, 0, 0, 1, 0
110389, 0, 1, 1, 0, 0, 0
110391, 2, 0, 0, 0, 2, 0
110392, 1, 0, 0, 0, 1, 0
110394, 1, 0, 0, 0, 1, 0
110397, 1, 0, 0, 0, 1, 0
110400, 4, 0, 0, 0, 4, 0
110401, 1, 0, 0, 0, 1, 0
110402, 0, 1, 1, 0, 0, 0
110403, 1, 0, 0, 0, 1, 0
110404, 2, 0, 0, 0, 1, 1
110406, 1, 0, 0, 0, 1, 0
110407, 3, 0, 0, 0, 3, 0
110408, 0, 1, 1, 0, 0, 0
110409, 1, 0, 0, 0, 1, 0
110411, 1, 0, 0, 0, 1, 0
110413, 1, 0, 0, 0, 1, 0
110414, 0, 1, 1, 0, 0, 0
110415, 1, 0, 0, 0, 1, 0
110416, 2, 0, 0, 0, 2, 0
110417, 2, 0, 0, 0, 2, 0
110419, 1, 0, 0, 0, 1, 0
110420, 1, 0, 0, 0, 1, 0
110421, 1, 0, 0, 0, 1, 0
110425, 1, 0, 0, 0, 1, 0
110428, 1, 0, 0, 0, 1, 0
110429, 0, 1, 1, 0, 0, 0
110431, 1, 0, 0, 0, 0, 1
110432, 1, 0, 0, 0, 1, 0
110433, 1, 0, 0, 0, 1, 0
110434, 0, 1, 1, 0, 0, 0
110435, 1, 0, 0, 0, 1, 0
110436, 3, 0, 0, 0, 3, 0
110439, 1, 0, 0, 0, 1, 0
110440, 1, 0, 0, 0, 1, 0
110441, 1, 0, 0, 0, 1, 0
110442, 1, 0, 0, 0, 1, 0
110443, 1, 0, 0, 0, 1, 0
110444, 1, 0, 0, 0, 1, 0
110445, 1, 0, 0, 0, 1, 0
110446, 1, 0, 0, 0, 1, 0
110447, 1, 0, 0, 0, 1, 0
112574, 2, 1, 1, 0, 2, 0
110449, 1, 0, 0, 0, 1, 0
110452, 1, 0, 0, 0, 0, 1
110453, 1, 0, 0, 0, 1, 0
110454, 5, 0, 0, 0, 5, 0
110455, 1, 1, 1, 0, 1, 0
110457, 2, 0, 0, 0, 2, 0
110458, 0, 1, 1, 0, 0, 0
110460, 1, 0, 0, 0, 0, 1
110461, 1, 0, 0, 0, 1, 0
110463, 0, 1, 1, 0, 0, 0
110465, 2, 1, 1, 0, 2, 0
110467, 1, 0, 0, 0, 1, 0
110484, 1, 0, 0, 0, 1, 0
110485, 1, 0, 0, 0, 1, 0
110486, 1, 0, 0, 0, 1, 0
110487, 1, 0, 0, 0, 1, 0
110489, 1, 0, 0, 0, 1, 0
110490, 0, 1, 1, 0, 0, 0
110492, 1, 0, 0, 0, 1, 0
110493, 0, 1, 1, 0, 0, 0
110497, 1, 0, 0, 0, 1, 0
110499, 1, 0, 0, 0, 1, 0
110500, 1, 0, 0, 0, 1, 0
110503, 1, 0, 0, 0, 1, 0
110504, 1, 0, 0, 0, 1, 0
110505, 1, 0, 0, 0, 1, 0
110506, 1, 0, 0, 0, 1, 0
110507, 1, 0, 0, 0, 1, 0
110508, 1, 0, 0, 0, 1, 0
110510, 1, 1, 1, 0, 1, 0
110512, 1, 0, 0, 0, 1, 0
110514, 1, 0, 0, 0, 1, 0
110515, 1, 0, 0, 0, 0, 1
110517, 1, 0, 0, 0, 0, 1
110520, 1, 0, 0, 0, 1, 0
110522, 1, 0, 0, 0, 1, 0
110523, 1, 0, 0, 0, 1, 0
110524, 1, 0, 0, 0, 1, 0
110525, 1, 0, 0, 0, 1, 0
116135, 0, 1, 1, 0, 0, 0
110529, 1, 0, 0, 0, 0, 1
110530, 1, 0, 0, 0, 1, 0
110532, 1, 0, 0, 0, 1, 0
110533, 1, 0, 0, 0, 1, 0
110536, 5, 0, 0, 0, 5, 0
110537, 1, 0, 0, 0, 1, 0
110538, 1, 0, 0, 0, 1, 0
110539, 1, 0, 0, 0, 1, 0
110541, 1, 0, 0, 0, 1, 0
110542, 1, 0, 0, 0, 1, 0
110544, 1, 0, 0, 0, 1, 0
110545, 0, 1, 1, 0, 0, 0
110546, 1, 0, 0, 0, 1, 0
111113, 1, 1, 1, 0, 1, 0
110548, 3, 0, 0, 0, 3, 0
110550, 1, 0, 0, 0, 1, 0
110553, 1, 0, 0, 0, 1, 0
110554, 1, 0, 0, 0, 1, 0
110556, 1, 0, 0, 0, 1, 0
110558, 1, 0, 0, 0, 1, 0
110560, 1, 0, 0, 0, 1, 0
110561, 1, 0, 0, 0, 1, 0
110562, 1, 0, 0, 0, 1, 0
110564, 2, 0, 0, 0, 1, 1
110565, 1, 0, 0, 0, 1, 0
110566, 0, 1, 1, 0, 0, 0
110569, 1, 0, 0, 0, 0, 1
110570, 1, 0, 0, 0, 1, 0
110572, 1, 1, 1, 0, 1, 0
110574, 1, 0, 0, 0, 1, 0
110576, 1, 1, 1, 0, 1, 0
110577, 1, 0, 0, 0, 1, 0
110578, 1, 0, 0, 0, 1, 0
110579, 1, 0, 0, 0, 0, 1
110580, 1, 0, 0, 0, 0, 1
110581, 2, 0, 0, 0, 2, 0
110583, 1, 0, 0, 0, 1, 0
110584, 0, 1, 1, 0, 0, 0
110585, 1, 0, 0, 0, 1, 0
110586, 1, 0, 0, 0, 1, 0
110587, 5, 2, 2, 0, 5, 0
110588, 1, 0, 0, 0, 1, 0
110589, 1, 0, 0, 0, 1, 0
110590, 1, 0, 0, 0, 1, 0
110591, 4, 1, 1, 0, 4, 0
110592, 1, 0, 0, 0, 1, 0
110593, 0, 3, 2, 1, 0, 0
110594, 1, 0, 0, 0, 1, 0
110595, 1, 0, 0, 0, 1, 0
110596, 1, 0, 0, 0, 1, 0
110597, 1, 0, 0, 0, 1, 0
110598, 1, 0, 0, 0, 0, 1
110600, 2, 0, 0, 0, 2, 0
110601, 1, 0, 0, 0, 1, 0
110602, 1, 0, 0, 0, 1, 0
110604, 1, 0, 0, 0, 1, 0
110605, 1, 0, 0, 0, 1, 0
110606, 3, 1, 1, 0, 3, 0
110609, 1, 0, 0, 0, 1, 0
110611, 1, 0, 0, 0, 1, 0
110612, 0, 1, 1, 0, 0, 0
110613, 1, 0, 0, 0, 0, 1
110616, 1, 0, 0, 0, 1, 0
110619, 1, 0, 0, 0, 1, 0
110620, 0, 1, 1, 0, 0, 0
110622, 0, 1, 1, 0, 0, 0
110623, 1, 0, 0, 0, 1, 0
110624, 1, 0, 0, 0, 1, 0
110626, 1, 0, 0, 0, 1, 0
110627, 1, 0, 0, 0, 1, 0
110628, 1, 0, 0, 0, 1, 0
110629, 1, 0, 0, 0, 1, 0
110630, 1, 0, 0, 0, 1, 0
110631, 2, 0, 0, 0, 2, 0
110632, 2, 0, 0, 0, 2, 0
110721, 1, 1, 1, 0, 1, 0
110634, 2, 0, 0, 0, 2, 0
110635, 1, 0, 0, 0, 1, 0
110636, 2, 1, 1, 0, 2, 0
110637, 1, 0, 0, 0, 0, 1
110638, 1, 0, 0, 0, 1, 0
110639, 0, 1, 1, 0, 0, 0
110640, 1, 0, 0, 0, 1, 0
110641, 1, 0, 0, 0, 1, 0
110642, 1, 0, 0, 0, 0, 1
110643, 1, 0, 0, 0, 1, 0
110644, 2, 0, 0, 0, 2, 0
110645, 1, 0, 0, 0, 1, 0
110646, 1, 1, 1, 0, 1, 0
110650, 1, 1, 1, 0, 1, 0
110651, 0, 1, 1, 0, 0, 0
110653, 1, 0, 0, 0, 1, 0
110654, 0, 1, 1, 0, 0, 0
110656, 1, 0, 0, 0, 1, 0
110657, 1, 0, 0, 0, 1, 0
110658, 6, 0, 0, 0, 6, 0
110659, 1, 0, 0, 0, 1, 0
110660, 1, 0, 0, 0, 1, 0
110661, 1, 0, 0, 0, 1, 0
110666, 1, 0, 0, 0, 1, 0
110667, 1, 0, 0, 0, 1, 0
110669, 1, 0, 0, 0, 0, 1
110672, 1, 0, 0, 0, 1, 0
110675, 2, 0, 0, 0, 2, 0
110676, 1, 0, 0, 0, 1, 0
110677, 1, 0, 0, 0, 1, 0
110678, 0, 1, 1, 0, 0, 0
110859, 0, 1, 1, 0, 0, 0
110861, 0, 1, 1, 0, 0, 0
117837, 0, 2, 2, 0, 0, 0
117838, 0, 2, 2, 0, 0, 0
110680, 2, 0, 0, 0, 2, 0
110681, 1, 0, 0, 0, 1, 0
110682, 2, 0, 0, 0, 2, 0
110684, 1, 0, 0, 0, 0, 1
110686, 1, 0, 0, 0, 1, 0
110687, 0, 1, 1, 0, 0, 0
110690, 1, 0, 0, 0, 1, 0
110691, 0, 1, 1, 0, 0, 0
110692, 2, 0, 0, 0, 2, 0
110693, 1, 0, 0, 0, 1, 0
110694, 2, 1, 1, 0, 2, 0
110695, 1, 0, 0, 0, 0, 1
110696, 1, 0, 0, 0, 1, 0
110697, 0, 1, 1, 0, 0, 0
110699, 1, 0, 0, 0, 0, 1
110701, 1, 1, 1, 0, 1, 0
110702, 0, 1, 1, 0, 0, 0
110703, 0, 1, 1, 0, 0, 0
110710, 0, 1, 1, 0, 0, 0
110740, 0, 1, 1, 0, 0, 0
110741, 0, 1, 1, 0, 0, 0
110705, 1, 0, 0, 0, 1, 0
110706, 0, 1, 1, 0, 0, 0
110708, 1, 0, 0, 0, 1, 0
110709, 0, 1, 1, 0, 0, 0
110712, 1, 1, 1, 0, 1, 0
110713, 0, 1, 1, 0, 0, 0
110714, 1, 0, 0, 0, 1, 0
110715, 1, 0, 0, 0, 1, 0
110717, 1, 0, 0, 0, 1, 0
110718, 1, 0, 0, 0, 1, 0
110719, 1, 0, 0, 0, 0, 1
110720, 1, 0, 0, 0, 1, 0
110722, 1, 0, 0, 0, 1, 0
110725, 1, 0, 0, 0, 1, 0
110726, 1, 0, 0, 0, 1, 0
110727, 0, 1, 1, 0, 0, 0
110728, 1, 0, 0, 0, 1, 0
110729, 2, 0, 0, 0, 2, 0
110730, 0, 1, 1, 0, 0, 0
110731, 1, 0, 0, 0, 1, 0
110732, 1, 0, 0, 0, 1, 0
110734, 1, 0, 0, 0, 1, 0
110735, 1, 0, 0, 0, 1, 0
110738, 1, 0, 0, 0, 1, 0
110739, 0, 1, 1, 0, 0, 0
110743, 1, 0, 0, 0, 1, 0
110744, 1, 0, 0, 0, 1, 0
110745, 0, 1, 1, 0, 0, 0
110746, 1, 0, 0, 0, 1, 0
110747, 1, 0, 0, 0, 1, 0
110748, 1, 0, 0, 0, 1, 0
110749, 1, 0, 0, 0, 1, 0
110750, 1, 0, 0, 0, 1, 0
110751, 1, 0, 0, 0, 0, 1
110753, 1, 0, 0, 0, 0, 1
110754, 1, 1, 1, 0, 1, 0
110755, 1, 0, 0, 0, 1, 0
110761, 1, 0, 0, 0, 1, 0
110762, 1, 0, 0, 0, 0, 1
110763, 1, 0, 0, 0, 1, 0
110764, 0, 1, 1, 0, 0, 0
110765, 1, 0, 0, 0, 1, 0
110766, 1, 0, 0, 0, 1, 0
110768, 1, 0, 0, 0, 1, 0
110769, 0, 1, 1, 0, 0, 0
110771, 1, 0, 0, 0, 1, 0
110772, 1, 0, 0, 0, 1, 0
110773, 1, 0, 0, 0, 1, 0
110774, 0, 1, 1, 0, 0, 0
110781, 1, 0, 0, 0, 1, 0
110783, 1, 0, 0, 0, 1, 0
110784, 0, 1, 1, 0, 0, 0
110787, 1, 0, 0, 0, 1, 0
110792, 1, 0, 0, 0, 1, 0
110793, 1, 0, 0, 0, 1, 0
113403, 0, 1, 1, 0, 0, 0
110798, 1, 0, 0, 0, 1, 0
110801, 1, 0, 0, 0, 1, 0
110803, 1, 0, 0, 0, 0, 1
110804, 0, 1, 0, 1, 0, 0
117702, 0, 1, 1, 0, 0, 0
110807, 1, 0, 0, 0, 1, 0
110810, 5, 0, 0, 0, 5, 0
110820, 3, 2, 2, 0, 3, 0
110811, 1, 0, 0, 0, 1, 0
110812, 1, 0, 0, 0, 1, 0
110813, 2, 1, 1, 0, 1, 1
110814, 1, 0, 0, 0, 1, 0
110816, 1, 0, 0, 0, 1, 0
110819, 1, 0, 0, 0, 1, 0
110821, 1, 0, 0, 0, 1, 0
110822, 1, 0, 0, 0, 1, 0
110823, 0, 2, 2, 0, 0, 0
110824, 1, 0, 0, 0, 1, 0
110825, 1, 0, 0, 0, 1, 0
110826, 1, 0, 0, 0, 1, 0
110830, 1, 0, 0, 0, 1, 0
110831, 0, 1, 1, 0, 0, 0
110832, 1, 0, 0, 0, 0, 1
110834, 3, 0, 0, 0, 2, 1
110835, 1, 0, 0, 0, 1, 0
110836, 1, 0, 0, 0, 0, 1
110838, 1, 0, 0, 0, 1, 0
116379, 0, 1, 0, 1, 0, 0
110841, 1, 0, 0, 0, 1, 0
110842, 1, 0, 0, 0, 1, 0
110844, 2, 0, 0, 0, 2, 0
110846, 2, 0, 0, 0, 2, 0
110847, 1, 0, 0, 0, 1, 0
110848, 3, 0, 0, 0, 3, 0
110849, 1, 0, 0, 0, 1, 0
110853, 4, 0, 0, 0, 4, 0
110854, 1, 0, 0, 0, 0, 1
110855, 1, 0, 0, 0, 1, 0
110856, 0, 1, 1, 0, 0, 0
110857, 1, 0, 0, 0, 1, 0
110858, 1, 0, 0, 0, 0, 1
110860, 2, 0, 0, 0, 0, 2
110866, 0, 1, 1, 0, 0, 0
110870, 1, 0, 0, 0, 1, 0
110873, 1, 0, 0, 0, 1, 0
110874, 2, 0, 0, 0, 2, 0
110875, 1, 0, 0, 0, 1, 0
110877, 1, 0, 0, 0, 1, 0
110878, 0, 2, 2, 0, 0, 0
110879, 1, 0, 0, 0, 1, 0
110880, 1, 1, 1, 0, 1, 0
110881, 1, 0, 0, 0, 1, 0
110882, 1, 0, 0, 0, 1, 0
110887, 1, 0, 0, 0, 1, 0
110891, 1, 0, 0, 0, 1, 0
110892, 0, 1, 1, 0, 0, 0
110895, 2, 0, 0, 0, 2, 0
110896, 1, 0, 0, 0, 1, 0
110897, 1, 0, 0, 0, 1, 0
110898, 1, 0, 0, 0, 1, 0
110900, 1, 0, 0, 0, 1, 0
110901, 1, 0, 0, 0, 0, 1
110902, 1, 0, 0, 0, 1, 0
110903, 0, 1, 1, 0, 0, 0
110905, 1, 0, 0, 0, 1, 0
110906, 1, 0, 0, 0, 1, 0
110907, 1, 0, 0, 0, 1, 0
110908, 1, 0, 0, 0, 1, 0
110909, 1, 0, 0, 0, 1, 0
110910, 1, 0, 0, 0, 1, 0
110911, 1, 0, 0, 0, 1, 0
110912, 0, 1, 1, 0, 0, 0
110915, 1, 0, 0, 0, 1, 0
110916, 1, 0, 0, 0, 1, 0
110917, 2, 0, 0, 0, 2, 0
119588, 0, 1, 1, 0, 0, 0
110918, 1, 0, 0, 0, 1, 0
110919, 0, 1, 1, 0, 0, 0
110922, 1, 0, 0, 0, 0, 1
110923, 1, 0, 0, 0, 1, 0
110924, 1, 0, 0, 0, 1, 0
110926, 1, 0, 0, 0, 1, 0
110927, 2, 0, 0, 0, 2, 0
110928, 1, 0, 0, 0, 1, 0
110930, 1, 2, 2, 0, 1, 0
110931, 5, 2, 2, 0, 5, 0
110932, 1, 0, 0, 0, 1, 0
110933, 1, 0, 0, 0, 1, 0
110934, 0, 1, 1, 0, 0, 0
110935, 1, 0, 0, 0, 1, 0
110936, 1, 0, 0, 0, 0, 1
110937, 1, 0, 0, 0, 1, 0
110940, 1, 0, 0, 0, 1, 0
110941, 0, 1, 1, 0, 0, 0
110942, 1, 0, 0, 0, 1, 0
110944, 1, 0, 0, 0, 1, 0
110945, 1, 0, 0, 0, 1, 0
110946, 0, 2, 2, 0, 0, 0
110947, 1, 0, 0, 0, 1, 0
110948, 1, 0, 0, 0, 0, 1
110949, 1, 0, 0, 0, 1, 0
110950, 1, 0, 0, 0, 1, 0
110953, 1, 0, 0, 0, 1, 0
110954, 1, 0, 0, 0, 1, 0
110955, 1, 0, 0, 0, 1, 0
110956, 1, 0, 0, 0, 1, 0
110960, 1, 0, 0, 0, 1, 0
110961, 2, 0, 0, 0, 0, 2
110962, 1, 0, 0, 0, 1, 0
110963, 1, 0, 0, 0, 0, 1
110965, 1, 0, 0, 0, 1, 0
110966, 0, 1, 1, 0, 0, 0
110968, 1, 0, 0, 0, 0, 1
110969, 1, 0, 0, 0, 1, 0
110970, 0, 2, 2, 0, 0, 0
123598, 1, 1, 0, 1, 0, 1
110973, 1, 0, 0, 0, 1, 0
110974, 1, 0, 0, 0, 0, 1
110977, 1, 0, 0, 0, 1, 0
110978, 1, 0, 0, 0, 1, 0
110979, 1, 0, 0, 0, 1, 0
110980, 8, 0, 0, 0, 8, 0
110981, 0, 1, 1, 0, 0, 0
110982, 1, 0, 0, 0, 1, 0
110983, 0, 1, 1, 0, 0, 0
110984, 1, 0, 0, 0, 1, 0
110986, 1, 0, 0, 0, 1, 0
110989, 1, 0, 0, 0, 1, 0
110990, 1, 0, 0, 0, 1, 0
110992, 1, 0, 0, 0, 0, 1
110993, 1, 1, 0, 1, 1, 0
110995, 1, 0, 0, 0, 0, 1
110996, 1, 0, 0, 0, 1, 0
110997, 0, 1, 1, 0, 0, 0
110998, 1, 0, 0, 0, 0, 1
111000, 1, 0, 0, 0, 1, 0
111001, 2, 0, 0, 0, 2, 0
111003, 5, 1, 1, 0, 5, 0
111005, 2, 0, 0, 0, 2, 0
111006, 1, 0, 0, 0, 1, 0
111008, 1, 0, 0, 0, 1, 0
111009, 1, 0, 0, 0, 1, 0
111010, 1, 1, 0, 1, 0, 1
111011, 1, 0, 0, 0, 1, 0
111012, 1, 0, 0, 0, 1, 0
111013, 0, 1, 1, 0, 0, 0
111014, 1, 0, 0, 0, 1, 0
111015, 0, 1, 1, 0, 0, 0
111017, 1, 0, 0, 0, 1, 0
111018, 1, 0, 0, 0, 1, 0
111019, 1, 0, 0, 0, 1, 0
111020, 1, 0, 0, 0, 1, 0
111021, 0, 1, 1, 0, 0, 0
116750, 0, 1, 1, 0, 0, 0
111024, 1, 0, 0, 0, 1, 0
111025, 1, 0, 0, 0, 1, 0
111026, 3, 0, 0, 0, 3, 0
111028, 1, 0, 0, 0, 0, 1
111029, 1, 0, 0, 0, 1, 0
111030, 1, 0, 0, 0, 1, 0
111031, 1, 0, 0, 0, 1, 0
111032, 0, 1, 1, 0, 0, 0
111033, 5, 0, 0, 0, 5, 0
111034, 1, 0, 0, 0, 0, 1
111035, 1, 0, 0, 0, 1, 0
111036, 1, 0, 0, 0, 1, 0
111037, 0, 1, 1, 0, 0, 0
111039, 1, 0, 0, 0, 1, 0
111041, 1, 0, 0, 0, 1, 0
111044, 8, 0, 0, 0, 8, 0
111045, 1, 0, 0, 0, 0, 1
111047, 3, 0, 0, 0, 3, 0
111048, 1, 0, 0, 0, 1, 0
111049, 0, 1, 1, 0, 0, 0
111051, 2, 0, 0, 0, 1, 1
111052, 3, 0, 0, 0, 3, 0
111053, 1, 0, 0, 0, 1, 0
111054, 1, 0, 0, 0, 1, 0
111055, 1, 0, 0, 0, 1, 0
111056, 1, 0, 0, 0, 1, 0
111057, 1, 0, 0, 0, 0, 1
111058, 1, 0, 0, 0, 1, 0
111062, 1, 0, 0, 0, 0, 1
111063, 1, 0, 0, 0, 1, 0
111064, 1, 3, 3, 0, 1, 0
111065, 1, 0, 0, 0, 1, 0
111066, 1, 0, 0, 0, 1, 0
111067, 0, 1, 1, 0, 0, 0
111068, 1, 0, 0, 0, 1, 0
111070, 1, 0, 0, 0, 1, 0
111071, 1, 0, 0, 0, 1, 0
111072, 1, 0, 0, 0, 1, 0
111073, 1, 0, 0, 0, 1, 0
111074, 1, 0, 0, 0, 1, 0
111075, 5, 0, 0, 0, 5, 0
111076, 1, 0, 0, 0, 0, 1
111077, 1, 0, 0, 0, 1, 0
111078, 1, 0, 0, 0, 1, 0
113034, 0, 1, 1, 0, 0, 0
111081, 1, 0, 0, 0, 1, 0
111082, 1, 0, 0, 0, 1, 0
111083, 1, 0, 0, 0, 1, 0
111084, 0, 1, 1, 0, 0, 0
111085, 1, 0, 0, 0, 1, 0
111088, 1, 0, 0, 0, 0, 1
111090, 1, 0, 0, 0, 1, 0
111092, 1, 0, 0, 0, 0, 1
111098, 1, 1, 1, 0, 1, 0
111099, 1, 2, 2, 0, 1, 0
111101, 1, 0, 0, 0, 1, 0
111102, 0, 1, 1, 0, 0, 0
111104, 1, 0, 0, 0, 1, 0
111105, 1, 0, 0, 0, 1, 0
111152, 0, 1, 1, 0, 0, 0
111111, 2, 0, 0, 0, 2, 0
111114, 5, 0, 0, 0, 5, 0
111115, 0, 1, 1, 0, 0, 0
111116, 2, 2, 2, 0, 2, 0
111121, 1, 0, 0, 0, 1, 0
111122, 1, 1, 1, 0, 0, 1
112011, 3, 3, 3, 0, 3, 0
124001, 1, 1, 1, 0, 1, 0
124017, 0, 1, 1, 0, 0, 0
124019, 0, 1, 1, 0, 0, 0
128955, 0, 2, 2, 0, 0, 0
129213, 0, 1, 1, 0, 0, 0
111126, 1, 0, 0, 0, 1, 0
111130, 2, 0, 0, 0, 1, 1
111131, 1, 0, 0, 0, 1, 0
111132, 0, 1, 1, 0, 0, 0
111133, 1, 0, 0, 0, 1, 0
111135, 1, 0, 0, 0, 0, 1
111137, 1, 0, 0, 0, 1, 0
111138, 1, 0, 0, 0, 1, 0
111139, 1, 0, 0, 0, 1, 0
111140, 1, 0, 0, 0, 1, 0
111142, 1, 0, 0, 0, 1, 0
111143, 1, 0, 0, 0, 1, 0
111144, 1, 0, 0, 0, 1, 0
111145, 1, 0, 0, 0, 1, 0
111146, 8, 5, 5, 0, 8, 0
111147, 4, 0, 0, 0, 3, 1
111149, 1, 0, 0, 0, 1, 0
111150, 4, 0, 0, 0, 3, 1
111151, 2, 1, 1, 0, 2, 0
111154, 1, 0, 0, 0, 0, 1
111155, 1, 0, 0, 0, 1, 0
111156, 1, 0, 0, 0, 1, 0
111157, 1, 0, 0, 0, 1, 0
111158, 1, 0, 0, 0, 0, 1
111159, 1, 0, 0, 0, 0, 1
111160, 2, 0, 0, 0, 1, 1
112246, 0, 1, 1, 0, 0, 0
127725, 2, 3, 3, 0, 2, 0
128353, 5, 2, 2, 0, 5, 0
129037, 0, 1, 1, 0, 0, 0
129064, 5, 2, 2, 0, 5, 0
111163, 1, 0, 0, 0, 1, 0
111165, 1, 0, 0, 0, 1, 0
111166, 1, 0, 0, 0, 1, 0
111167, 1, 0, 0, 0, 1, 0
111168, 1, 0, 0, 0, 1, 0
111293, 1, 1, 1, 0, 1, 0
114974, 1, 1, 1, 0, 1, 0
111170, 1, 0, 0, 0, 1, 0
111172, 1, 0, 0, 0, 1, 0
111174, 1, 1, 1, 0, 1, 0
111175, 1, 0, 0, 0, 1, 0
111176, 1, 0, 0, 0, 0, 1
111177, 1, 0, 0, 0, 1, 0
111179, 1, 0, 0, 0, 1, 0
111180, 1, 0, 0, 0, 1, 0
111181, 1, 0, 0, 0, 1, 0
111182, 1, 0, 0, 0, 1, 0
116861, 7, 1, 1, 0, 7, 0
111185, 1, 0, 0, 0, 1, 0
111186, 1, 0, 0, 0, 1, 0
111187, 1, 0, 0, 0, 1, 0
111188, 1, 0, 0, 0, 1, 0
111192, 1, 0, 0, 0, 0, 1
111193, 1, 0, 0, 0, 1, 0
111195, 1, 0, 0, 0, 1, 0
111197, 1, 0, 0, 0, 1, 0
111198, 0, 1, 1, 0, 0, 0
111199, 1, 0, 0, 0, 1, 0
111200, 1, 0, 0, 0, 1, 0
111201, 1, 0, 0, 0, 1, 0
111204, 1, 0, 0, 0, 1, 0
111205, 1, 0, 0, 0, 1, 0
111207, 1, 0, 0, 0, 1, 0
111208, 0, 1, 1, 0, 0, 0
111209, 1, 0, 0, 0, 1, 0
130843, 0, 2, 2, 0, 0, 0
131778, 0, 1, 1, 0, 0, 0
131790, 3, 1, 1, 0, 3, 0
131801, 0, 1, 1, 0, 0, 0
111217, 1, 0, 0, 0, 1, 0
111218, 1, 0, 0, 0, 1, 0
111219, 1, 0, 0, 0, 1, 0
111220, 1, 0, 0, 0, 1, 0
111223, 1, 0, 0, 0, 1, 0
111224, 1, 0, 0, 0, 1, 0
111225, 0, 1, 1, 0, 0, 0
111226, 1, 1, 1, 0, 1, 0
111229, 1, 0, 0, 0, 1, 0
111230, 1, 0, 0, 0, 1, 0
111231, 1, 0, 0, 0, 1, 0
111232, 1, 0, 0, 0, 1, 0
111233, 1, 0, 0, 0, 1, 0
111234, 2, 0, 0, 0, 0, 2
111235, 0, 1, 0, 1, 0, 0
111236, 1, 0, 0, 0, 1, 0
111237, 1, 0, 0, 0, 0, 1
111238, 0, 1, 0, 1, 0, 0
111239, 3, 0, 0, 0, 3, 0
111241, 3, 0, 0, 0, 3, 0
113897, 2, 1, 0, 1, 2, 0
111250, 1, 0, 0, 0, 1, 0
111251, 1, 0, 0, 0, 0, 1
111252, 0, 1, 0, 1, 0, 0
111257, 1, 0, 0, 0, 1, 0
111258, 1, 0, 0, 0, 1, 0
111260, 2, 0, 0, 0, 0, 2
111261, 1, 0, 0, 0, 0, 1
111330, 1, 1, 1, 0, 1, 0
111263, 1, 1, 1, 0, 1, 0
111266, 1, 0, 0, 0, 1, 0
111267, 1, 0, 0, 0, 1, 0
111269, 1, 0, 0, 0, 1, 0
111270, 2, 0, 0, 0, 2, 0
111271, 0, 2, 2, 0, 0, 0
111272, 1, 0, 0, 0, 1, 0
111273, 0, 1, 1, 0, 0, 0
111274, 2, 0, 0, 0, 0, 2
111277, 2, 0, 0, 0, 2, 0
111278, 1, 0, 0, 0, 1, 0
111281, 1, 0, 0, 0, 1, 0
111288, 1, 0, 0, 0, 0, 1
111289, 1, 0, 0, 0, 1, 0
111290, 0, 1, 1, 0, 0, 0
111291, 1, 0, 0, 0, 0, 1
111296, 1, 0, 0, 0, 1, 0
111297, 0, 1, 1, 0, 0, 0
111298, 1, 0, 0, 0, 1, 0
111299, 0, 1, 1, 0, 0, 0
111301, 8, 0, 0, 0, 7, 1
119480, 0, 1, 1, 0, 0, 0
119481, 0, 1, 1, 0, 0, 0
119909, 0, 1, 1, 0, 0, 0
111307, 1, 0, 0, 0, 1, 0
111309, 1, 0, 0, 0, 1, 0
111310, 4, 7, 7, 0, 4, 0
111403, 5, 6, 6, 0, 5, 0
111634, 4, 7, 7, 0, 4, 0
112157, 5, 4, 4, 0, 5, 0
112715, 0, 1, 1, 0, 0, 0
111315, 1, 0, 0, 0, 1, 0
111316, 1, 0, 0, 0, 1, 0
111317, 1, 0, 0, 0, 1, 0
111318, 1, 0, 0, 0, 1, 0
111319, 1, 0, 0, 0, 1, 0
111320, 1, 0, 0, 0, 1, 0
111321, 1, 0, 0, 0, 1, 0
111325, 1, 0, 0, 0, 1, 0
111328, 1, 0, 0, 0, 1, 0
111335, 1, 0, 0, 0, 0, 1
111336, 2, 0, 0, 0, 2, 0
111338, 2, 0, 0, 0, 2, 0
111339, 0, 1, 1, 0, 0, 0
111340, 1, 0, 0, 0, 1, 0
111341, 3, 0, 0, 0, 3, 0
111342, 1, 0, 0, 0, 1, 0
111344, 1, 0, 0, 0, 1, 0
111345, 1, 0, 0, 0, 1, 0
111346, 1, 0, 0, 0, 1, 0
111347, 1, 0, 0, 0, 1, 0
111351, 7, 0, 0, 0, 7, 0
111353, 1, 0, 0, 0, 1, 0
111355, 1, 0, 0, 0, 1, 0
111356, 1, 0, 0, 0, 1, 0
111357, 1, 0, 0, 0, 1, 0
111358, 1, 0, 0, 0, 0, 1
111360, 1, 0, 0, 0, 1, 0
111363, 1, 0, 0, 0, 1, 0
111364, 1, 0, 0, 0, 1, 0
111365, 1, 0, 0, 0, 1, 0
111366, 1, 0, 0, 0, 1, 0
111400, 1, 2, 2, 0, 1, 0
111405, 0, 2, 2, 0, 0, 0
111432, 0, 2, 2, 0, 0, 0
111512, 4, 3, 3, 0, 4, 0
111593, 0, 1, 1, 0, 0, 0
111370, 0, 1, 1, 0, 0, 0
111371, 2, 0, 0, 0, 1, 1
111373, 2, 0, 0, 0, 2, 0
111375, 1, 0, 0, 0, 1, 0
111380, 1, 0, 0, 0, 1, 0
111382, 1, 1, 0, 1, 1, 0
111384, 1, 0, 0, 0, 1, 0
111385, 1, 0, 0, 0, 1, 0
111387, 2, 0, 0, 0, 2, 0
111389, 3, 0, 0, 0, 2, 1
111390, 2, 0, 0, 0, 1, 1
111391, 0, 1, 1, 0, 0, 0
111494, 0, 1, 0, 1, 0, 0
111963, 2, 1, 0, 1, 2, 0
111985, 1, 1, 0, 1, 1, 0
112198, 0, 1, 0, 1, 0, 0
111393, 1, 0, 0, 0, 1, 0
111394, 1, 0, 0, 0, 0, 1
111395, 0, 2, 1, 1, 0, 0
111396, 1, 0, 0, 0, 1, 0
111397, 3, 0, 0, 0, 3, 0
111402, 1, 0, 0, 0, 1, 0
111406, 1, 0, 0, 0, 1, 0
111407, 1, 0, 0, 0, 1, 0
111408, 7, 0, 0, 0, 7, 0
116641, 2, 4, 3, 1, 2, 0
111410, 1, 0, 0, 0, 0, 1
111411, 1, 0, 0, 0, 1, 0
111412, 0, 1, 1, 0, 0, 0
111413, 1, 0, 0, 0, 0, 1
111414, 2, 0, 0, 0, 2, 0
111417, 1, 0, 0, 0, 0, 1
111418, 1, 0, 0, 0, 0, 1
111419, 1, 0, 0, 0, 1, 0
111420, 1, 0, 0, 0, 1, 0
111421, 1, 0, 0, 0, 0, 1
111422, 1, 0, 0, 0, 1, 0
111423, 1, 0, 0, 0, 1, 0
111424, 1, 0, 0, 0, 1, 0
111427, 1, 0, 0, 0, 1, 0
111428, 0, 1, 1, 0, 0, 0
111429, 1, 0, 0, 0, 1, 0
111430, 3, 1, 0, 1, 3, 0
111431, 0, 1, 1, 0, 0, 0
111433, 3, 0, 0, 0, 2, 1
111436, 1, 0, 0, 0, 1, 0
111437, 0, 1, 1, 0, 0, 0
111438, 2, 0, 0, 0, 2, 0
111439, 0, 1, 1, 0, 0, 0
111440, 1, 0, 0, 0, 1, 0
111442, 1, 0, 0, 0, 1, 0
111483, 2, 0, 0, 0, 2, 0
111487, 1, 0, 0, 0, 1, 0
111489, 1, 1, 1, 0, 1, 0
111490, 11, 0, 0, 0, 11, 0
111491, 1, 0, 0, 0, 1, 0
111492, 0, 1, 1, 0, 0, 0
111493, 1, 0, 0, 0, 1, 0
111495, 15, 2, 2, 0, 15, 0
111496, 2, 0, 0, 0, 2, 0
111497, 1, 0, 0, 0, 1, 0
111498, 1, 0, 0, 0, 0, 1
111499, 1, 0, 0, 0, 1, 0
111501, 1, 0, 0, 0, 1, 0
111505, 2, 0, 0, 0, 2, 0
111506, 1, 0, 0, 0, 1, 0
111511, 9, 1, 1, 0, 9, 0
111513, 1, 0, 0, 0, 0, 1
111514, 1, 0, 0, 0, 1, 0
111518, 4, 1, 1, 0, 4, 0
111814, 0, 2, 2, 0, 0, 0
111516, 2, 0, 0, 0, 2, 0
111517, 1, 0, 0, 0, 1, 0
111520, 1, 0, 0, 0, 1, 0
111521, 1, 0, 0, 0, 1, 0
111525, 1, 0, 0, 0, 1, 0
111526, 1, 0, 0, 0, 1, 0
111527, 1, 0, 0, 0, 1, 0
111528, 1, 0, 0, 0, 1, 0
111531, 1, 0, 0, 0, 1, 0
111533, 1, 2, 2, 0, 1, 0
111534, 2, 2, 2, 0, 2, 0
111536, 2, 1, 1, 0, 2, 0
111537, 0, 1, 1, 0, 0, 0
111573, 1, 1, 1, 0, 1, 0
111538, 3, 1, 1, 0, 3, 0
111539, 2, 0, 0, 0, 2, 0
111544, 1, 0, 0, 0, 1, 0
111545, 1, 0, 0, 0, 1, 0
111546, 1, 0, 0, 0, 1, 0
111547, 1, 0, 0, 0, 1, 0
111548, 0, 1, 1, 0, 0, 0
111550, 2, 1, 1, 0, 2, 0
111551, 1, 0, 0, 0, 0, 1
111552, 1, 0, 0, 0, 1, 0
111553, 1, 0, 0, 0, 0, 1
111555, 1, 0, 0, 0, 1, 0
111556, 1, 0, 0, 0, 0, 1
111557, 1, 0, 0, 0, 1, 0
111558, 1, 0, 0, 0, 1, 0
111560, 1, 0, 0, 0, 1, 0
111561, 0, 1, 1, 0, 0, 0
111562, 1, 0, 0, 0, 1, 0
111564, 1, 0, 0, 0, 1, 0
111565, 1, 0, 0, 0, 1, 0
111566, 1, 0, 0, 0, 1, 0
111567, 0, 1, 1, 0, 0, 0
111570, 1, 0, 0, 0, 1, 0
111572, 1, 0, 0, 0, 1, 0
111574, 3, 1, 1, 0, 3, 0
111575, 1, 1, 1, 0, 1, 0
112504, 0, 1, 1, 0, 0, 0
111581, 1, 0, 0, 0, 1, 0
111588, 1, 0, 0, 0, 1, 0
111589, 3, 0, 0, 0, 3, 0
111590, 1, 0, 0, 0, 1, 0
111663, 1, 1, 1, 0, 1, 0
111592, 2, 0, 0, 0, 0, 2
111594, 1, 0, 0, 0, 1, 0
113079, 2, 2, 2, 0, 2, 0
111832, 0, 4, 4, 0, 0, 0
111839, 0, 1, 1, 0, 0, 0
111599, 1, 0, 0, 0, 1, 0
111600, 0, 1, 1, 0, 0, 0
111601, 2, 0, 0, 0, 2, 0
111602, 1, 0, 0, 0, 1, 0
111603, 0, 1, 1, 0, 0, 0
111605, 1, 0, 0, 0, 1, 0
111606, 0, 1, 1, 0, 0, 0
111607, 1, 0, 0, 0, 1, 0
111609, 2, 0, 0, 0, 2, 0
111610, 2, 0, 0, 0, 2, 0
111612, 1, 0, 0, 0, 1, 0
111615, 1, 0, 0, 0, 1, 0
111616, 1, 0, 0, 0, 1, 0
111618, 1, 0, 0, 0, 1, 0
111619, 0, 1, 1, 0, 0, 0
111620, 1, 0, 0, 0, 1, 0
111621, 4, 0, 0, 0, 4, 0
111622, 1, 0, 0, 0, 0, 1
111623, 1, 0, 0, 0, 0, 1
111626, 1, 0, 0, 0, 1, 0
111629, 2, 0, 0, 0, 2, 0
111631, 2, 0, 0, 0, 2, 0
111636, 1, 1, 1, 0, 1, 0
111637, 1, 0, 0, 0, 1, 0
111638, 4, 0, 0, 0, 4, 0
111639, 0, 1, 1, 0, 0, 0
111641, 1, 0, 0, 0, 1, 0
111643, 1, 0, 0, 0, 0, 1
111644, 1, 0, 0, 0, 1, 0
111645, 2, 0, 0, 0, 2, 0
111647, 1, 2, 2, 0, 0, 1
111646, 2, 0, 0, 0, 1, 1
111648, 1, 0, 0, 0, 1, 0
111651, 1, 0, 0, 0, 1, 0
111652, 1, 0, 0, 0, 1, 0
111655, 2, 0, 0, 0, 2, 0
111657, 1, 0, 0, 0, 1, 0
111658, 1, 0, 0, 0, 1, 0
111660, 1, 0, 0, 0, 1, 0
111661, 1, 0, 0, 0, 0, 1
111662, 1, 0, 0, 0, 1, 0
111664, 1, 0, 0, 0, 0, 1
111665, 1, 0, 0, 0, 0, 1
111667, 1, 0, 0, 0, 1, 0
111668, 3, 0, 0, 0, 3, 0
111672, 1, 0, 0, 0, 1, 0
111673, 1, 0, 0, 0, 1, 0
111674, 1, 0, 0, 0, 1, 0
111675, 0, 1, 1, 0, 0, 0
111678, 1, 1, 1, 0, 1, 0
111679, 1, 0, 0, 0, 0, 1
111682, 1, 0, 0, 0, 1, 0
111683, 3, 0, 0, 0, 1, 2
111685, 1, 0, 0, 0, 1, 0
111686, 1, 0, 0, 0, 1, 0
111687, 1, 0, 0, 0, 1, 0
111688, 1, 0, 0, 0, 1, 0
111689, 0, 1, 1, 0, 0, 0
111690, 1, 0, 0, 0, 1, 0
111691, 14, 1, 1, 0, 14, 0
111694, 1, 0, 0, 0, 1, 0
111695, 1, 0, 0, 0, 1, 0
111697, 8, 0, 0, 0, 8, 0
121416, 0, 1, 1, 0, 0, 0
111698, 1, 0, 0, 0, 0, 1
111699, 0, 1, 0, 1, 0, 0
111703, 3, 0, 0, 0, 2, 1
112101, 0, 2, 2, 0, 0, 0
111705, 1, 0, 0, 0, 1, 0
111707, 1, 0, 0, 0, 1, 0
111708, 1, 0, 0, 0, 1, 0
111711, 2, 0, 0, 0, 2, 0
111716, 1, 0, 0, 0, 1, 0
111717, 1, 0, 0, 0, 0, 1
111718, 1, 0, 0, 0, 0, 1
111719, 1, 0, 0, 0, 1, 0
111720, 2, 0, 0, 0, 0, 2
111721, 0, 1, 0, 1, 0, 0
111722, 1, 0, 0, 0, 1, 0
111723, 1, 0, 0, 0, 1, 0
111724, 1, 0, 0, 0, 1, 0
111725, 3, 0, 0, 0, 2, 1
111726, 1, 0, 0, 0, 1, 0
111729, 1, 0, 0, 0, 1, 0
111730, 1, 0, 0, 0, 1, 0
111732, 1, 0, 0, 0, 0, 1
111734, 1, 0, 0, 0, 1, 0
111736, 1, 0, 0, 0, 0, 1
111737, 0, 1, 0, 1, 0, 0
111739, 1, 0, 0, 0, 1, 0
111740, 1, 0, 0, 0, 0, 1
111741, 1, 0, 0, 0, 1, 0
111742, 1, 0, 0, 0, 1, 0
111743, 1, 0, 0, 0, 0, 1
111744, 1, 0, 0, 0, 1, 0
111745, 0, 1, 1, 0, 0, 0
111746, 1, 0, 0, 0, 1, 0
111747, 3, 1, 1, 0, 3, 0
111749, 2, 0, 0, 0, 2, 0
111750, 1, 0, 0, 0, 0, 1
111757, 1, 0, 0, 0, 1, 0
111758, 0, 1, 1, 0, 0, 0
111759, 1, 0, 0, 0, 0, 1
111761, 1, 0, 0, 0, 1, 0
111765, 1, 0, 0, 0, 1, 0
111766, 2, 0, 0, 0, 2, 0
111767, 2, 0, 0, 0, 2, 0
111768, 1, 0, 0, 0, 1, 0
111769, 1, 0, 0, 0, 1, 0
111770, 1, 0, 0, 0, 1, 0
111771, 0, 1, 1, 0, 0, 0
111772, 1, 0, 0, 0, 1, 0
111775, 1, 0, 0, 0, 1, 0
111776, 1, 0, 0, 0, 1, 0
111777, 1, 0, 0, 0, 1, 0
111778, 1, 0, 0, 0, 1, 0
111779, 1, 0, 0, 0, 1, 0
111781, 1, 0, 0, 0, 1, 0
111783, 1, 0, 0, 0, 1, 0
111784, 1, 0, 0, 0, 1, 0
111785, 1, 0, 0, 0, 0, 1
111786, 3, 2, 2, 0, 3, 0
116892, 0, 1, 1, 0, 0, 0
111787, 1, 0, 0, 0, 1, 0
111788, 1, 0, 0, 0, 1, 0
111789, 1, 0, 0, 0, 1, 0
111791, 1, 0, 0, 0, 1, 0
111793, 1, 0, 0, 0, 1, 0
111796, 1, 0, 0, 0, 1, 0
111797, 1, 0, 0, 0, 1, 0
111798, 2, 0, 0, 0, 2, 0
111799, 5, 0, 0, 0, 5, 0
111801, 1, 0, 0, 0, 1, 0
111803, 1, 0, 0, 0, 1, 0
111804, 1, 0, 0, 0, 1, 0
111805, 1, 0, 0, 0, 1, 0
111807, 2, 0, 0, 0, 2, 0
111810, 1, 0, 0, 0, 0, 1
111811, 1, 1, 1, 0, 1, 0
111813, 1, 0, 0, 0, 1, 0
111815, 1, 0, 0, 0, 1, 0
111817, 1, 0, 0, 0, 1, 0
111818, 1, 0, 0, 0, 1, 0
112846, 2, 2, 2, 0, 2, 0
111820, 1, 1, 1, 0, 1, 0
111821, 1, 1, 1, 0, 1, 0
111822, 1, 0, 0, 0, 1, 0
111823, 1, 0, 0, 0, 1, 0
111824, 1, 0, 0, 0, 1, 0
111826, 0, 2, 2, 0, 0, 0
117076, 0, 1, 1, 0, 0, 0
111828, 1, 0, 0, 0, 1, 0
111829, 1, 0, 0, 0, 1, 0
111833, 1, 0, 0, 0, 0, 1
111834, 1, 0, 0, 0, 1, 0
111835, 0, 1, 1, 0, 0, 0
111836, 2, 0, 0, 0, 2, 0
111838, 1, 0, 0, 0, 1, 0
111841, 1, 0, 0, 0, 1, 0
111842, 2, 0, 0, 0, 2, 0
112094, 1, 4, 4, 0, 1, 0
112360, 3, 5, 5, 0, 3, 0
112088, 0, 1, 1, 0, 0, 0
111847, 1, 0, 0, 0, 1, 0
123759, 0, 1, 1, 0, 0, 0
111849, 2, 0, 0, 0, 2, 0
111851, 1, 0, 0, 0, 1, 0
111852, 0, 1, 1, 0, 0, 0
111854, 1, 0, 0, 0, 0, 1
111858, 1, 0, 0, 0, 1, 0
111859, 1, 1, 1, 0, 1, 0
111860, 1, 0, 0, 0, 1, 0
111862, 1, 0, 0, 0, 0, 1
111863, 1, 2, 2, 0, 1, 0
111864, 1, 0, 0, 0, 1, 0
111865, 0, 1, 1, 0, 0, 0
111866, 1, 0, 0, 0, 1, 0
111871, 4, 0, 0, 0, 3, 1
111872, 0, 2, 1, 1, 0, 0
111941, 2, 2, 2, 0, 2, 0
111875, 1, 1, 1, 0, 1, 0
111876, 1, 0, 0, 0, 1, 0
111878, 1, 0, 0, 0, 1, 0
111879, 0, 1, 1, 0, 0, 0
111880, 1, 0, 0, 0, 0, 1
111881, 1, 0, 0, 0, 1, 0
111882, 0, 1, 1, 0, 0, 0
111883, 1, 0, 0, 0, 1, 0
111885, 1, 0, 0, 0, 1, 0
128668, 0, 1, 1, 0, 0, 0
111888, 2, 0, 0, 0, 2, 0
123682, 0, 1, 1, 0, 0, 0
111889, 1, 0, 0, 0, 1, 0
111891, 1, 0, 0, 0, 1, 0
111892, 1, 0, 0, 0, 1, 0
111893, 1, 0, 0, 0, 0, 1
111894, 2, 1, 1, 0, 2, 0
111895, 0, 1, 1, 0, 0, 0
111896, 1, 0, 0, 0, 1, 0
111900, 1, 0, 0, 0, 1, 0
111903, 1, 0, 0, 0, 0, 1
112049, 6, 1, 1, 0, 4, 2
112067, 28, 5, 5, 0, 27, 1
112153, 0, 2, 2, 0, 0, 0
112221, 0, 1, 1, 0, 0, 0
112222, 0, 1, 1, 0, 0, 0
112223, 0, 2, 2, 0, 0, 0
112224, 0, 2, 2, 0, 0, 0
112225, 0, 2, 2, 0, 0, 0
112226, 0, 2, 2, 0, 0, 0
112227, 0, 2, 2, 0, 0, 0
112228, 0, 1, 1, 0, 0, 0
112248, 0, 2, 2, 0, 0, 0
112252, 0, 2, 2, 0, 0, 0
112253, 0, 3, 3, 0, 0, 0
112254, 0, 3, 3, 0, 0, 0
112255, 0, 2, 2, 0, 0, 0
112320, 1, 3, 3, 0, 1, 0
112321, 2, 3, 3, 0, 2, 0
112357, 1, 5, 5, 0, 1, 0
112359, 2, 5, 5, 0, 2, 0
112480, 0, 1, 1, 0, 0, 0
112481, 0, 1, 1, 0, 0, 0
112482, 0, 1, 1, 0, 0, 0
112483, 0, 2, 2, 0, 0, 0
112484, 0, 2, 2, 0, 0, 0
112485, 0, 2, 2, 0, 0, 0
112487, 0, 2, 2, 0, 0, 0
112512, 1, 1, 1, 0, 1, 0
112541, 0, 2, 2, 0, 0, 0
112542, 0, 3, 3, 0, 0, 0
112656, 5, 3, 3, 0, 5, 0
112878, 2, 2, 2, 0, 2, 0
112884, 1, 1, 1, 0, 1, 0
112918, 0, 2, 2, 0, 0, 0
113086, 6, 1, 1, 0, 6, 0
113087, 0, 2, 2, 0, 0, 0
113088, 0, 1, 1, 0, 0, 0
113089, 0, 1, 1, 0, 0, 0
113090, 2, 1, 1, 0, 2, 0
113091, 0, 1, 1, 0, 0, 0
113092, 0, 1, 1, 0, 0, 0
113093, 0, 2, 2, 0, 0, 0
113094, 0, 1, 1, 0, 0, 0
113096, 0, 1, 1, 0, 0, 0
113097, 0, 2, 2, 0, 0, 0
113098, 0, 1, 1, 0, 0, 0
113099, 0, 1, 1, 0, 0, 0
113176, 1, 2, 2, 0, 1, 0
113177, 0, 1, 1, 0, 0, 0
113724, 0, 1, 1, 0, 0, 0
113725, 0, 2, 2, 0, 0, 0
113793, 1, 1, 1, 0, 1, 0
113804, 1, 1, 1, 0, 1, 0
114011, 0, 1, 1, 0, 0, 0
114014, 0, 1, 1, 0, 0, 0
114015, 0, 1, 1, 0, 0, 0
114025, 0, 1, 1, 0, 0, 0
115335, 0, 1, 1, 0, 0, 0
123308, 1, 1, 1, 0, 1, 0
116072, 0, 3, 3, 0, 0, 0
123381, 0, 1, 0, 1, 0, 0
124417, 0, 1, 0, 1, 0, 0
111911, 1, 0, 0, 0, 1, 0
111912, 1, 0, 0, 0, 1, 0
112098, 1, 2, 2, 0, 1, 0
111917, 1, 0, 0, 0, 1, 0
111918, 0, 1, 1, 0, 0, 0
111919, 1, 0, 0, 0, 1, 0
111920, 1, 0, 0, 0, 1, 0
111921, 1, 0, 0, 0, 1, 0
111923, 1, 0, 0, 0, 1, 0
111925, 1, 0, 0, 0, 1, 0
111926, 0, 1, 1, 0, 0, 0
111927, 1, 0, 0, 0, 1, 0
111928, 1, 0, 0, 0, 1, 0
111929, 1, 0, 0, 0, 1, 0
111930, 0, 1, 1, 0, 0, 0
111931, 2, 0, 0, 0, 2, 0
111932, 1, 0, 0, 0, 1, 0
111934, 1, 0, 0, 0, 1, 0
111942, 1, 0, 0, 0, 1, 0
111944, 1, 0, 0, 0, 1, 0
111950, 1, 0, 0, 0, 1, 0
129120, 2, 1, 1, 0, 2, 0
111952, 1, 0, 0, 0, 0, 1
111953, 0, 1, 0, 1, 0, 0
111956, 1, 0, 0, 0, 1, 0
111958, 5, 0, 0, 0, 5, 0
123401, 0, 1, 1, 0, 0, 0
111959, 1, 0, 0, 0, 1, 0
111960, 0, 2, 2, 0, 0, 0
111961, 2, 0, 0, 0, 2, 0
111993, 1, 1, 1, 0, 1, 0
111965, 1, 0, 0, 0, 0, 1
111966, 1, 0, 0, 0, 1, 0
121616, 1, 1, 0, 1, 0, 1
111978, 2, 0, 0, 0, 0, 2
111980, 1, 0, 0, 0, 1, 0
111981, 2, 0, 0, 0, 2, 0
111982, 0, 1, 1, 0, 0, 0
111984, 1, 0, 0, 0, 1, 0
111986, 1, 1, 1, 0, 1, 0
111987, 1, 0, 0, 0, 1, 0
111988, 1, 0, 0, 0, 1, 0
111989, 1, 0, 0, 0, 1, 0
111990, 0, 1, 1, 0, 0, 0
111991, 1, 0, 0, 0, 1, 0
111992, 2, 0, 0, 0, 2, 0
111994, 1, 0, 0, 0, 1, 0
111996, 1, 0, 0, 0, 1, 0
111999, 1, 0, 0, 0, 1, 0
112002, 2, 0, 0, 0, 2, 0
112004, 4, 2, 1, 1, 4, 0
112006, 1, 0, 0, 0, 1, 0
112007, 1, 0, 0, 0, 1, 0
112008, 1, 0, 0, 0, 1, 0
112009, 1, 0, 0, 0, 1, 0
112010, 0, 1, 1, 0, 0, 0
112016, 1, 0, 0, 0, 1, 0
112017, 0, 1, 1, 0, 0, 0
112020, 1, 0, 0, 0, 1, 0
112087, 1, 3, 3, 0, 1, 0
112024, 1, 0, 0, 0, 1, 0
112027, 1, 0, 0, 0, 1, 0
112028, 0, 1, 1, 0, 0, 0
112029, 1, 0, 0, 0, 1, 0
112030, 0, 1, 1, 0, 0, 0
112032, 1, 0, 0, 0, 1, 0
112034, 1, 2, 2, 0, 1, 0
112035, 1, 0, 0, 0, 1, 0
112036, 2, 0, 0, 0, 2, 0
112037, 0, 1, 1, 0, 0, 0
122559, 2, 3, 3, 0, 2, 0
112040, 1, 0, 0, 0, 0, 1
112041, 1, 0, 0, 0, 1, 0
112042, 1, 0, 0, 0, 1, 0
112044, 6, 0, 0, 0, 0, 6
112045, 1, 0, 0, 0, 1, 0
112046, 1, 0, 0, 0, 1, 0
112047, 2, 0, 0, 0, 1, 1
112048, 0, 1, 1, 0, 0, 0
112050, 1, 0, 0, 0, 1, 0
112051, 1, 0, 0, 0, 1, 0
112052, 1, 1, 1, 0, 1, 0
112053, 1, 1, 1, 0, 1, 0
112055, 1, 0, 0, 0, 1, 0
112056, 1, 0, 0, 0, 1, 0
112057, 1, 0, 0, 0, 1, 0
112058, 1, 0, 0, 0, 1, 0
112059, 1, 0, 0, 0, 1, 0
112060, 1, 0, 0, 0, 0, 1
112061, 1, 0, 0, 0, 1, 0
112063, 1, 0, 0, 0, 1, 0
112065, 1, 0, 0, 0, 1, 0
113560, 0, 1, 1, 0, 0, 0
112069, 1, 0, 0, 0, 1, 0
112070, 1, 0, 0, 0, 1, 0
112071, 2, 0, 0, 0, 2, 0
112072, 1, 0, 0, 0, 1, 0
112073, 0, 2, 2, 0, 0, 0
112074, 1, 0, 0, 0, 0, 1
112075, 0, 1, 0, 1, 0, 0
112076, 1, 0, 0, 0, 1, 0
112077, 0, 1, 1, 0, 0, 0
112078, 1, 0, 0, 0, 1, 0
112079, 2, 2, 2, 0, 2, 0
112080, 1, 0, 0, 0, 1, 0
112081, 1, 0, 0, 0, 1, 0
112082, 1, 0, 0, 0, 1, 0
112085, 1, 0, 0, 0, 1, 0
112086, 1, 0, 0, 0, 0, 1
112090, 1, 0, 0, 0, 1, 0
112091, 1, 0, 0, 0, 0, 1
112092, 1, 0, 0, 0, 1, 0
112093, 4, 0, 0, 0, 4, 0
112095, 1, 0, 0, 0, 1, 0
112096, 8, 0, 0, 0, 8, 0
112097, 0, 1, 1, 0, 0, 0
117426, 0, 1, 1, 0, 0, 0
112099, 2, 1, 1, 0, 2, 0
112100, 1, 0, 0, 0, 1, 0
112102, 1, 0, 0, 0, 1, 0
112103, 1, 0, 0, 0, 1, 0
112105, 1, 0, 0, 0, 1, 0
112106, 1, 0, 0, 0, 1, 0
112108, 1, 0, 0, 0, 0, 1
112109, 0, 1, 0, 1, 0, 0
112111, 1, 0, 0, 0, 1, 0
112113, 1, 0, 0, 0, 1, 0
112114, 1, 0, 0, 0, 1, 0
112116, 2, 0, 0, 0, 2, 0
112117, 1, 0, 0, 0, 1, 0
112118, 2, 0, 0, 0, 1, 1
119362, 0, 1, 0, 1, 0, 0
112120, 1, 0, 0, 0, 1, 0
112121, 7, 1, 1, 0, 4, 3
112122, 0, 1, 1, 0, 0, 0
112124, 1, 0, 0, 0, 1, 0
112125, 1, 0, 0, 0, 1, 0
112126, 2, 0, 0, 0, 2, 0
112128, 1, 0, 0, 0, 1, 0
112133, 0, 1, 1, 0, 0, 0
112135, 5, 0, 0, 0, 5, 0
112137, 4, 0, 0, 0, 4, 0
113247, 0, 1, 1, 0, 0, 0
112144, 1, 0, 0, 0, 1, 0
112145, 1, 0, 0, 0, 1, 0
112147, 1, 0, 0, 0, 1, 0
112148, 0, 1, 1, 0, 0, 0
112149, 1, 0, 0, 0, 1, 0
112150, 1, 0, 0, 0, 1, 0
112151, 0, 1, 1, 0, 0, 0
112152, 1, 0, 0, 0, 1, 0
112154, 1, 0, 0, 0, 1, 0
112155, 1, 0, 0, 0, 1, 0
112156, 1, 0, 0, 0, 1, 0
112158, 1, 0, 0, 0, 1, 0
112159, 1, 1, 1, 0, 1, 0
112161, 1, 1, 1, 0, 1, 0
123088, 1, 2, 2, 0, 1, 0
112165, 3, 0, 0, 0, 3, 0
112166, 1, 0, 0, 0, 1, 0
112168, 2, 1, 1, 0, 2, 0
112169, 1, 0, 0, 0, 0, 1
112170, 1, 0, 0, 0, 1, 0
112171, 2, 1, 1, 0, 1, 1
112174, 1, 0, 0, 0, 1, 0
112175, 1, 0, 0, 0, 1, 0
112177, 1, 0, 0, 0, 1, 0
112178, 1, 0, 0, 0, 1, 0
112179, 2, 0, 0, 0, 2, 0
112180, 1, 0, 0, 0, 1, 0
112181, 3, 0, 0, 0, 3, 0
112182, 0, 1, 1, 0, 0, 0
112183, 2, 1, 0, 1, 2, 0
112184, 1, 0, 0, 0, 1, 0
112185, 1, 0, 0, 0, 0, 1
112186, 1, 0, 0, 0, 1, 0
112187, 0, 2, 1, 1, 0, 0
112189, 0, 1, 1, 0, 0, 0
127598, 0, 2, 2, 0, 0, 0
112192, 1, 0, 0, 0, 1, 0
112194, 2, 1, 1, 0, 2, 0
112196, 1, 0, 0, 0, 1, 0
112199, 1, 1, 1, 0, 1, 0
112201, 1, 0, 0, 0, 1, 0
112203, 2, 0, 0, 0, 2, 0
112207, 1, 0, 0, 0, 1, 0
112208, 1, 2, 2, 0, 1, 0
112210, 2, 1, 1, 0, 2, 0
112212, 1, 0, 0, 0, 1, 0
112213, 1, 0, 0, 0, 1, 0
112215, 3, 0, 0, 0, 2, 1
112217, 1, 0, 0, 0, 0, 1
112218, 1, 0, 0, 0, 1, 0
112219, 1, 0, 0, 0, 1, 0
112231, 1, 0, 0, 0, 1, 0
112233, 9, 2, 2, 0, 8, 1
112236, 1, 0, 0, 0, 1, 0
112237, 0, 1, 1, 0, 0, 0
112238, 1, 0, 0, 0, 1, 0
112239, 1, 0, 0, 0, 1, 0
112240, 1, 0, 0, 0, 1, 0
112241, 1, 0, 0, 0, 1, 0
112243, 1, 0, 0, 0, 1, 0
112244, 1, 0, 0, 0, 1, 0
112245, 1, 0, 0, 0, 1, 0
112247, 1, 0, 0, 0, 0, 1
112256, 1, 0, 0, 0, 0, 1
112257, 0, 1, 0, 1, 0, 0
112258, 1, 0, 0, 0, 1, 0
112259, 0, 1, 1, 0, 0, 0
112262, 1, 0, 0, 0, 1, 0
112264, 1, 0, 0, 0, 1, 0
112265, 1, 3, 3, 0, 1, 0
115407, 1, 1, 1, 0, 1, 0
112266, 1, 0, 0, 0, 1, 0
112267, 1, 1, 1, 0, 1, 0
112268, 1, 0, 0, 0, 1, 0
112269, 0, 1, 1, 0, 0, 0
112270, 1, 0, 0, 0, 1, 0
112271, 0, 2, 2, 0, 0, 0
112272, 1, 1, 0, 1, 0, 1
112273, 1, 0, 0, 0, 0, 1
112274, 2, 0, 0, 0, 2, 0
112275, 1, 0, 0, 0, 1, 0
112276, 2, 0, 0, 0, 2, 0
112277, 1, 0, 0, 0, 1, 0
112278, 1, 0, 0, 0, 1, 0
112279, 1, 0, 0, 0, 1, 0
112280, 1, 0, 0, 0, 1, 0
112282, 1, 0, 0, 0, 1, 0
112283, 3, 0, 0, 0, 3, 0
112286, 1, 0, 0, 0, 1, 0
112287, 1, 0, 0, 0, 1, 0
112288, 1, 7, 7, 0, 1, 0
123755, 1, 1, 1, 0, 1, 0
112289, 1, 0, 0, 0, 1, 0
112290, 2, 0, 0, 0, 2, 0
112291, 1, 0, 0, 0, 1, 0
112292, 1, 2, 2, 0, 1, 0
112293, 2, 0, 0, 0, 2, 0
112294, 1, 0, 0, 0, 1, 0
112295, 1, 0, 0, 0, 1, 0
112296, 1, 0, 0, 0, 1, 0
112300, 1, 0, 0, 0, 1, 0
112302, 1, 0, 0, 0, 1, 0
112303, 0, 1, 1, 0, 0, 0
112306, 5, 0, 0, 0, 5, 0
112308, 1, 0, 0, 0, 0, 1
112309, 1, 0, 0, 0, 1, 0
112310, 1, 0, 0, 0, 0, 1
112311, 1, 0, 0, 0, 1, 0
112312, 1, 0, 0, 0, 1, 0
112315, 0, 1, 1, 0, 0, 0
112316, 3, 1, 1, 0, 3, 0
112317, 1, 0, 0, 0, 0, 1
112319, 1, 1, 1, 0, 1, 0
112322, 1, 0, 0, 0, 1, 0
112323, 1, 0, 0, 0, 1, 0
112326, 2, 0, 0, 0, 2, 0
112332, 1, 0, 0, 0, 1, 0
112333, 0, 1, 1, 0, 0, 0
112334, 1, 0, 0, 0, 1, 0
112335, 0, 1, 1, 0, 0, 0
112336, 1, 0, 0, 0, 1, 0
112337, 1, 0, 0, 0, 1, 0
113951, 4, 2, 2, 0, 4, 0
112342, 1, 0, 0, 0, 1, 0
112343, 3, 1, 1, 0, 3, 0
112344, 1, 0, 0, 0, 0, 1
112345, 1, 0, 0, 0, 1, 0
112346, 2, 0, 0, 0, 2, 0
112347, 1, 0, 0, 0, 1, 0
112348, 1, 0, 0, 0, 1, 0
112349, 0, 2, 2, 0, 0, 0
112351, 1, 1, 1, 0, 1, 0
112353, 1, 0, 0, 0, 1, 0
112354, 0, 1, 1, 0, 0, 0
112356, 2, 0, 0, 0, 1, 1
112362, 1, 0, 0, 0, 1, 0
112363, 1, 0, 0, 0, 1, 0
112364, 1, 0, 0, 0, 1, 0
112365, 1, 0, 0, 0, 0, 1
112367, 1, 0, 0, 0, 0, 1
112368, 1, 0, 0, 0, 1, 0
112369, 1, 0, 0, 0, 1, 0
112370, 1, 0, 0, 0, 1, 0
112371, 1, 0, 0, 0, 1, 0
112372, 1, 0, 0, 0, 1, 0
112373, 0, 1, 1, 0, 0, 0
112375, 1, 0, 0, 0, 0, 1
112376, 1, 0, 0, 0, 1, 0
112377, 1, 0, 0, 0, 1, 0
112378, 3, 0, 0, 0, 3, 0
112379, 1, 0, 0, 0, 1, 0
112380, 1, 0, 0, 0, 1, 0
112381, 0, 1, 1, 0, 0, 0
112382, 1, 0, 0, 0, 0, 1
112383, 1, 0, 0, 0, 1, 0
112388, 1, 1, 1, 0, 1, 0
112389, 1, 2, 2, 0, 1, 0
112391, 1, 0, 0, 0, 0, 1
112395, 1, 0, 0, 0, 1, 0
112397, 1, 1, 1, 0, 1, 0
112398, 1, 0, 0, 0, 1, 0
112399, 1, 0, 0, 0, 1, 0
113880, 1, 1, 1, 0, 1, 0
112402, 1, 0, 0, 0, 1, 0
112404, 1, 0, 0, 0, 1, 0
112406, 1, 0, 0, 0, 1, 0
112407, 1, 0, 0, 0, 1, 0
112408, 1, 0, 0, 0, 1, 0
112410, 1, 0, 0, 0, 1, 0
112411, 1, 0, 0, 0, 1, 0
112413, 4, 0, 0, 0, 4, 0
112418, 1, 1, 1, 0, 1, 0
112421, 2, 1, 1, 0, 2, 0
112422, 3, 1, 1, 0, 3, 0
112423, 1, 0, 0, 0, 1, 0
112424, 6, 2, 2, 0, 6, 0
112425, 1, 0, 0, 0, 1, 0
112426, 1, 0, 0, 0, 1, 0
112432, 1, 0, 0, 0, 1, 0
112435, 1, 0, 0, 0, 1, 0
112436, 0, 9, 9, 0, 0, 0
112437, 1, 0, 0, 0, 1, 0
112439, 1, 0, 0, 0, 1, 0
112440, 1, 0, 0, 0, 1, 0
112441, 1, 0, 0, 0, 1, 0
112442, 1, 0, 0, 0, 1, 0
112443, 1, 0, 0, 0, 1, 0
112444, 1, 0, 0, 0, 1, 0
112445, 1, 0, 0, 0, 1, 0
112446, 1, 0, 0, 0, 0, 1
112447, 1, 0, 0, 0, 1, 0
112448, 1, 0, 0, 0, 1, 0
112451, 0, 1, 1, 0, 0, 0
112452, 1, 0, 0, 0, 0, 1
112453, 1, 0, 0, 0, 1, 0
112454, 3, 0, 0, 0, 2, 1
112455, 0, 1, 0, 1, 0, 0
114262, 0, 2, 2, 0, 0, 0
112456, 1, 0, 0, 0, 1, 0
112459, 1, 0, 0, 0, 1, 0
112462, 1, 0, 0, 0, 1, 0
112463, 1, 0, 0, 0, 1, 0
112464, 1, 1, 1, 0, 1, 0
112467, 1, 0, 0, 0, 0, 1
112468, 0, 1, 0, 1, 0, 0
112469, 1, 0, 0, 0, 1, 0
112470, 1, 0, 0, 0, 1, 0
112478, 1, 0, 0, 0, 1, 0
112488, 1, 0, 0, 0, 0, 1
114758, 5, 1, 1, 0, 5, 0
112490, 1, 0, 0, 0, 1, 0
112493, 1, 1, 1, 0, 1, 0
112494, 1, 1, 1, 0, 1, 0
112499, 2, 0, 0, 0, 1, 1
112501, 1, 0, 0, 0, 0, 1
112502, 1, 0, 0, 0, 1, 0
112503, 1, 0, 0, 0, 1, 0
112505, 1, 0, 0, 0, 1, 0
112510, 1, 0, 0, 0, 1, 0
112514, 3, 0, 0, 0, 2, 1
112515, 0, 1, 0, 1, 0, 0
112516, 0, 1, 1, 0, 0, 0
112517, 0, 1, 1, 0, 0, 0
112518, 1, 0, 0, 0, 1, 0
112520, 1, 0, 0, 0, 1, 0
112521, 0, 1, 1, 0, 0, 0
116315, 1, 1, 1, 0, 1, 0
112523, 1, 0, 0, 0, 1, 0
112524, 4, 1, 1, 0, 4, 0
112525, 1, 0, 0, 0, 1, 0
112526, 1, 0, 0, 0, 0, 1
112527, 1, 2, 2, 0, 1, 0
112529, 3, 0, 0, 0, 3, 0
112530, 0, 1, 1, 0, 0, 0
112532, 1, 0, 0, 0, 1, 0
112534, 1, 0, 0, 0, 1, 0
112536, 1, 0, 0, 0, 1, 0
112537, 1, 0, 0, 0, 1, 0
112538, 1, 0, 0, 0, 1, 0
112551, 2, 1, 1, 0, 1, 1
112543, 1, 0, 0, 0, 1, 0
112544, 1, 0, 0, 0, 1, 0
112545, 1, 0, 0, 0, 1, 0
112546, 1, 0, 0, 0, 1, 0
112548, 1, 0, 0, 0, 1, 0
112549, 2, 0, 0, 0, 2, 0
112553, 1, 1, 1, 0, 1, 0
112554, 1, 0, 0, 0, 1, 0
112555, 1, 0, 0, 0, 1, 0
112556, 1, 0, 0, 0, 1, 0
112557, 1, 0, 0, 0, 1, 0
112558, 1, 0, 0, 0, 0, 1
112560, 1, 0, 0, 0, 1, 0
112561, 1, 0, 0, 0, 1, 0
112562, 1, 0, 0, 0, 1, 0
112563, 1, 0, 0, 0, 1, 0
112564, 1, 0, 0, 0, 1, 0
112566, 0, 1, 1, 0, 0, 0
112567, 1, 0, 0, 0, 1, 0
112568, 1, 0, 0, 0, 0, 1
112569, 1, 0, 0, 0, 0, 1
112570, 1, 0, 0, 0, 1, 0
112571, 1, 0, 0, 0, 1, 0
113617, 1, 1, 1, 0, 1, 0
112575, 1, 0, 0, 0, 1, 0
112577, 1, 1, 1, 0, 1, 0
112578, 1, 1, 1, 0, 1, 0
112582, 1, 0, 0, 0, 1, 0
112583, 0, 2, 2, 0, 0, 0
112584, 1, 1, 1, 0, 1, 0
112585, 2, 0, 0, 0, 2, 0
112590, 1, 1, 1, 0, 1, 0
112591, 0, 1, 1, 0, 0, 0
112592, 0, 1, 1, 0, 0, 0
112593, 0, 1, 1, 0, 0, 0
112594, 0, 1, 1, 0, 0, 0
112595, 0, 1, 1, 0, 0, 0
112596, 0, 1, 1, 0, 0, 0
112597, 13, 1, 1, 0, 13, 0
112604, 0, 1, 1, 0, 0, 0
112605, 0, 1, 1, 0, 0, 0
112607, 0, 1, 1, 0, 0, 0
112608, 0, 1, 1, 0, 0, 0
112609, 0, 1, 1, 0, 0, 0
112610, 0, 1, 1, 0, 0, 0
112611, 0, 1, 1, 0, 0, 0
112612, 0, 1, 1, 0, 0, 0
112613, 0, 1, 1, 0, 0, 0
112614, 0, 1, 1, 0, 0, 0
112615, 0, 1, 1, 0, 0, 0
112616, 0, 1, 1, 0, 0, 0
112617, 0, 1, 1, 0, 0, 0
112618, 0, 1, 1, 0, 0, 0
112620, 0, 1, 1, 0, 0, 0
112621, 0, 1, 1, 0, 0, 0
112622, 0, 1, 1, 0, 0, 0
112623, 0, 1, 1, 0, 0, 0
112624, 0, 1, 1, 0, 0, 0
112625, 0, 1, 1, 0, 0, 0
112633, 6, 1, 1, 0, 6, 0
112639, 1, 1, 1, 0, 1, 0
112684, 0, 1, 1, 0, 0, 0
112685, 0, 1, 1, 0, 0, 0
112686, 0, 1, 1, 0, 0, 0
112687, 0, 1, 1, 0, 0, 0
112688, 0, 1, 1, 0, 0, 0
112690, 0, 1, 1, 0, 0, 0
112691, 0, 1, 1, 0, 0, 0
112692, 0, 1, 1, 0, 0, 0
112693, 0, 1, 1, 0, 0, 0
112694, 0, 1, 1, 0, 0, 0
112695, 0, 1, 1, 0, 0, 0
112696, 0, 1, 1, 0, 0, 0
112698, 0, 1, 1, 0, 0, 0
112699, 0, 1, 1, 0, 0, 0
112700, 0, 1, 1, 0, 0, 0
112701, 0, 1, 1, 0, 0, 0
112702, 0, 1, 1, 0, 0, 0
112703, 0, 1, 1, 0, 0, 0
112704, 0, 1, 1, 0, 0, 0
112705, 0, 1, 1, 0, 0, 0
112706, 0, 1, 1, 0, 0, 0
112707, 0, 1, 1, 0, 0, 0
112708, 0, 1, 1, 0, 0, 0
112709, 0, 1, 1, 0, 0, 0
112710, 0, 1, 1, 0, 0, 0
112727, 0, 1, 1, 0, 0, 0
112728, 0, 1, 1, 0, 0, 0
112729, 0, 1, 1, 0, 0, 0
112730, 0, 1, 1, 0, 0, 0
112731, 0, 1, 1, 0, 0, 0
112732, 0, 1, 1, 0, 0, 0
112733, 0, 1, 1, 0, 0, 0
112734, 0, 1, 1, 0, 0, 0
112735, 0, 1, 1, 0, 0, 0
112736, 0, 1, 1, 0, 0, 0
112737, 0, 1, 1, 0, 0, 0
112738, 0, 1, 1, 0, 0, 0
112739, 0, 1, 1, 0, 0, 0
112740, 0, 1, 1, 0, 0, 0
112741, 0, 1, 1, 0, 0, 0
112742, 0, 1, 1, 0, 0, 0
112743, 0, 1, 1, 0, 0, 0
112744, 0, 1, 1, 0, 0, 0
112745, 0, 1, 1, 0, 0, 0
112746, 0, 1, 1, 0, 0, 0
112747, 0, 1, 1, 0, 0, 0
112748, 0, 1, 1, 0, 0, 0
112749, 0, 1, 1, 0, 0, 0
112750, 0, 1, 1, 0, 0, 0
112751, 0, 1, 1, 0, 0, 0
112767, 0, 1, 1, 0, 0, 0
112770, 0, 1, 1, 0, 0, 0
112771, 0, 1, 1, 0, 0, 0
112772, 0, 1, 1, 0, 0, 0
112795, 1, 1, 1, 0, 1, 0
112796, 0, 1, 1, 0, 0, 0
112797, 1, 1, 1, 0, 1, 0
112800, 0, 1, 1, 0, 0, 0
112801, 0, 1, 1, 0, 0, 0
112803, 0, 1, 1, 0, 0, 0
112804, 0, 2, 2, 0, 0, 0
112806, 0, 1, 1, 0, 0, 0
112807, 0, 2, 2, 0, 0, 0
112808, 0, 1, 1, 0, 0, 0
112809, 0, 1, 1, 0, 0, 0
112810, 0, 1, 1, 0, 0, 0
112811, 2, 2, 2, 0, 1, 1
112815, 0, 1, 1, 0, 0, 0
112817, 0, 1, 1, 0, 0, 0
112848, 0, 1, 1, 0, 0, 0
112849, 0, 1, 1, 0, 0, 0
112851, 0, 1, 1, 0, 0, 0
112853, 0, 1, 1, 0, 0, 0
112854, 0, 1, 1, 0, 0, 0
112869, 1, 2, 2, 0, 1, 0
112873, 1, 1, 1, 0, 0, 1
112874, 0, 2, 1, 1, 0, 0
112904, 1, 2, 2, 0, 1, 0
112905, 0, 1, 1, 0, 0, 0
112924, 6, 4, 4, 0, 6, 0
112947, 9, 2, 2, 0, 9, 0
112956, 0, 1, 1, 0, 0, 0
112957, 0, 1, 1, 0, 0, 0
112958, 0, 1, 1, 0, 0, 0
112959, 0, 1, 1, 0, 0, 0
112978, 0, 2, 2, 0, 0, 0
112979, 1, 1, 1, 0, 1, 0
112980, 0, 1, 1, 0, 0, 0
112981, 0, 1, 1, 0, 0, 0
112982, 0, 1, 1, 0, 0, 0
112983, 0, 1, 1, 0, 0, 0
112984, 0, 1, 1, 0, 0, 0
112986, 0, 1, 1, 0, 0, 0
112987, 0, 1, 1, 0, 0, 0
112988, 0, 1, 1, 0, 0, 0
112989, 0, 1, 1, 0, 0, 0
112990, 0, 1, 1, 0, 0, 0
112991, 0, 1, 1, 0, 0, 0
112992, 0, 1, 1, 0, 0, 0
112993, 0, 1, 1, 0, 0, 0
112994, 0, 1, 1, 0, 0, 0
112995, 0, 1, 1, 0, 0, 0
112996, 0, 1, 1, 0, 0, 0
112997, 0, 1, 1, 0, 0, 0
112998, 0, 1, 1, 0, 0, 0
112999, 0, 1, 1, 0, 0, 0
113000, 0, 1, 1, 0, 0, 0
113001, 0, 1, 1, 0, 0, 0
113004, 0, 1, 1, 0, 0, 0
113005, 0, 1, 1, 0, 0, 0
113006, 0, 1, 1, 0, 0, 0
113007, 0, 2, 2, 0, 0, 0
113008, 0, 1, 1, 0, 0, 0
113009, 0, 1, 1, 0, 0, 0
113010, 0, 1, 1, 0, 0, 0
113033, 0, 1, 1, 0, 0, 0
113038, 0, 1, 1, 0, 0, 0
113039, 0, 1, 1, 0, 0, 0
113041, 0, 2, 2, 0, 0, 0
113042, 0, 1, 1, 0, 0, 0
113043, 0, 1, 1, 0, 0, 0
113044, 0, 1, 1, 0, 0, 0
113046, 0, 2, 2, 0, 0, 0
113047, 0, 1, 1, 0, 0, 0
113049, 0, 1, 1, 0, 0, 0
113050, 0, 1, 1, 0, 0, 0
113054, 0, 1, 1, 0, 0, 0
113055, 0, 1, 1, 0, 0, 0
113060, 1, 1, 1, 0, 1, 0
113071, 0, 1, 1, 0, 0, 0
113072, 0, 1, 1, 0, 0, 0
113073, 0, 1, 1, 0, 0, 0
113075, 0, 1, 1, 0, 0, 0
113076, 0, 1, 1, 0, 0, 0
113077, 0, 1, 1, 0, 0, 0
113078, 0, 1, 1, 0, 0, 0
113103, 0, 1, 1, 0, 0, 0
113104, 0, 1, 1, 0, 0, 0
113105, 0, 1, 1, 0, 0, 0
113106, 0, 1, 1, 0, 0, 0
113107, 0, 1, 1, 0, 0, 0
113108, 0, 1, 1, 0, 0, 0
113109, 0, 1, 1, 0, 0, 0
113110, 0, 1, 1, 0, 0, 0
113111, 0, 1, 1, 0, 0, 0
113112, 0, 1, 1, 0, 0, 0
113113, 0, 1, 1, 0, 0, 0
113114, 0, 1, 1, 0, 0, 0
113119, 0, 1, 1, 0, 0, 0
113120, 0, 1, 1, 0, 0, 0
113124, 0, 1, 1, 0, 0, 0
113125, 0, 1, 1, 0, 0, 0
113127, 0, 1, 1, 0, 0, 0
113128, 0, 1, 1, 0, 0, 0
113129, 0, 1, 1, 0, 0, 0
113132, 0, 1, 1, 0, 0, 0
112587, 1, 1, 1, 0, 1, 0
112589, 1, 0, 0, 0, 1, 0
112598, 1, 0, 0, 0, 0, 1
112602, 1, 0, 0, 0, 0, 1
112603, 1, 0, 0, 0, 1, 0
112619, 1, 0, 0, 0, 1, 0
112626, 1, 0, 0, 0, 1, 0
112628, 1, 1, 1, 0, 1, 0
112630, 1, 0, 0, 0, 1, 0
112631, 1, 0, 0, 0, 0, 1
112632, 1, 0, 0, 0, 1, 0
112634, 2, 0, 0, 0, 2, 0
112636, 1, 0, 0, 0, 1, 0
112637, 1, 0, 0, 0, 0, 1
112638, 1, 0, 0, 0, 0, 1
112640, 1, 1, 1, 0, 1, 0
112641, 2, 0, 0, 0, 2, 0
112642, 1, 0, 0, 0, 1, 0
112646, 1, 0, 0, 0, 1, 0
112647, 1, 0, 0, 0, 1, 0
112650, 10, 0, 0, 0, 10, 0
113558, 0, 1, 1, 0, 0, 0
112651, 1, 0, 0, 0, 1, 0
112652, 1, 0, 0, 0, 1, 0
115629, 2, 1, 1, 0, 1, 1
112654, 1, 0, 0, 0, 1, 0
112657, 1, 0, 0, 0, 1, 0
112659, 1, 0, 0, 0, 1, 0
112660, 1, 0, 0, 0, 1, 0
112661, 1, 0, 0, 0, 1, 0
112663, 1, 0, 0, 0, 1, 0
112664, 0, 1, 1, 0, 0, 0
112670, 1, 0, 0, 0, 1, 0
112671, 1, 0, 0, 0, 1, 0
112672, 1, 0, 0, 0, 1, 0
112674, 2, 0, 0, 0, 0, 2
112675, 1, 0, 0, 0, 1, 0
112676, 1, 1, 1, 0, 1, 0
112677, 1, 0, 0, 0, 1, 0
112678, 1, 0, 0, 0, 1, 0
112680, 1, 0, 0, 0, 1, 0
112682, 1, 0, 0, 0, 1, 0
112711, 2, 0, 0, 0, 2, 0
112712, 0, 1, 1, 0, 0, 0
112713, 0, 1, 1, 0, 0, 0
112714, 1, 0, 0, 0, 1, 0
112717, 1, 0, 0, 0, 1, 0
112718, 1, 0, 0, 0, 1, 0
112719, 1, 0, 0, 0, 1, 0
112722, 1, 0, 0, 0, 1, 0
112723, 1, 0, 0, 0, 0, 1
112725, 1, 0, 0, 0, 1, 0
112726, 0, 1, 1, 0, 0, 0
112752, 1, 0, 0, 0, 1, 0
112753, 2, 0, 0, 0, 2, 0
112754, 1, 0, 0, 0, 1, 0
112788, 1, 1, 1, 0, 1, 0
112759, 3, 0, 0, 0, 3, 0
112760, 1, 0, 0, 0, 1, 0
112764, 1, 0, 0, 0, 1, 0
112768, 1, 0, 0, 0, 1, 0
112769, 1, 0, 0, 0, 1, 0
112773, 2, 0, 0, 0, 2, 0
112774, 1, 0, 0, 0, 1, 0
112775, 1, 0, 0, 0, 0, 1
112778, 1, 0, 0, 0, 1, 0
112794, 1, 2, 2, 0, 1, 0
112798, 0, 1, 1, 0, 0, 0
112799, 0, 1, 1, 0, 0, 0
112825, 0, 1, 1, 0, 0, 0
121228, 0, 2, 2, 0, 0, 0
112783, 1, 0, 0, 0, 1, 0
112784, 1, 0, 0, 0, 1, 0
112785, 0, 1, 1, 0, 0, 0
112786, 1, 0, 0, 0, 0, 1
112787, 1, 0, 0, 0, 1, 0
112789, 4, 0, 0, 0, 1, 3
112790, 1, 0, 0, 0, 1, 0
113956, 0, 1, 1, 0, 0, 0
112793, 2, 0, 0, 0, 2, 0
114488, 0, 2, 2, 0, 0, 0
116830, 0, 2, 2, 0, 0, 0
112818, 1, 0, 0, 0, 1, 0
112819, 1, 0, 0, 0, 1, 0
112821, 1, 0, 0, 0, 1, 0
112826, 3, 0, 0, 0, 2, 1
112828, 1, 1, 1, 0, 1, 0
112829, 1, 0, 0, 0, 0, 1
112830, 1, 1, 1, 0, 1, 0
112832, 1, 0, 0, 0, 1, 0
112833, 1, 0, 0, 0, 0, 1
112834, 1, 0, 0, 0, 0, 1
112835, 1, 0, 0, 0, 1, 0
112836, 1, 0, 0, 0, 1, 0
112837, 1, 0, 0, 0, 1, 0
119836, 1, 2, 2, 0, 1, 0
112839, 1, 0, 0, 0, 1, 0
112840, 1, 0, 0, 0, 1, 0
112843, 1, 0, 0, 0, 1, 0
112844, 0, 1, 1, 0, 0, 0
112845, 1, 0, 0, 0, 1, 0
112847, 1, 0, 0, 0, 0, 1
112850, 1, 0, 0, 0, 1, 0
112855, 2, 0, 0, 0, 2, 0
112856, 1, 0, 0, 0, 1, 0
112857, 0, 1, 1, 0, 0, 0
112859, 1, 0, 0, 0, 1, 0
112860, 2, 0, 0, 0, 2, 0
112862, 1, 0, 0, 0, 0, 1
112863, 1, 1, 0, 1, 1, 0
117252, 0, 1, 1, 0, 0, 0
112864, 1, 0, 0, 0, 1, 0
112865, 1, 0, 0, 0, 0, 1
112867, 1, 0, 0, 0, 1, 0
112868, 0, 1, 1, 0, 0, 0
112870, 2, 0, 0, 0, 2, 0
112871, 1, 0, 0, 0, 1, 0
112872, 1, 0, 0, 0, 1, 0
112875, 2, 2, 2, 0, 2, 0
112877, 1, 0, 0, 0, 1, 0
112880, 1, 0, 0, 0, 1, 0
112881, 0, 1, 1, 0, 0, 0
120384, 0, 1, 1, 0, 0, 0
112883, 1, 0, 0, 0, 1, 0
112885, 1, 0, 0, 0, 1, 0
112886, 0, 1, 1, 0, 0, 0
112887, 1, 0, 0, 0, 1, 0
112891, 2, 0, 0, 0, 2, 0
112923, 1, 2, 2, 0, 1, 0
112948, 1, 1, 1, 0, 1, 0
112953, 1, 2, 2, 0, 1, 0
113023, 0, 2, 1, 1, 0, 0
112893, 1, 0, 0, 0, 1, 0
112895, 2, 0, 0, 0, 2, 0
112896, 2, 0, 0, 0, 2, 0
112897, 2, 0, 0, 0, 2, 0
112898, 1, 1, 1, 0, 0, 1
112899, 2, 0, 0, 0, 2, 0
112900, 1, 0, 0, 0, 1, 0
112902, 1, 0, 0, 0, 1, 0
112907, 1, 0, 0, 0, 1, 0
112908, 0, 2, 2, 0, 0, 0
112909, 1, 0, 0, 0, 1, 0
112910, 2, 0, 0, 0, 2, 0
112911, 1, 0, 0, 0, 1, 0
112912, 0, 1, 1, 0, 0, 0
112915, 1, 0, 0, 0, 1, 0
112921, 1, 0, 0, 0, 1, 0
112922, 1, 0, 0, 0, 1, 0
112925, 1, 0, 0, 0, 1, 0
112926, 0, 1, 1, 0, 0, 0
112928, 3, 0, 0, 0, 3, 0
112929, 0, 1, 1, 0, 0, 0
115643, 2, 1, 1, 0, 1, 1
112930, 2, 0, 0, 0, 2, 0
112931, 3, 0, 0, 0, 2, 1
112932, 1, 0, 0, 0, 0, 1
112934, 1, 0, 0, 0, 1, 0
112935, 1, 2, 2, 0, 1, 0
112937, 2, 0, 0, 0, 2, 0
112938, 4, 0, 0, 0, 4, 0
112939, 0, 1, 1, 0, 0, 0
112941, 1, 0, 0, 0, 1, 0
112942, 0, 1, 1, 0, 0, 0
112945, 1, 0, 0, 0, 0, 1
112946, 0, 1, 0, 1, 0, 0
112949, 1, 0, 0, 0, 1, 0
112955, 4, 1, 1, 0, 4, 0
112951, 1, 0, 0, 0, 1, 0
112952, 0, 1, 1, 0, 0, 0
112954, 1, 0, 0, 0, 1, 0
112960, 2, 0, 0, 0, 2, 0
112961, 1, 0, 0, 0, 1, 0
112963, 1, 0, 0, 0, 1, 0
112964, 0, 1, 1, 0, 0, 0
112965, 1, 0, 0, 0, 0, 1
112966, 0, 1, 0, 1, 0, 0
112967, 1, 0, 0, 0, 1, 0
112970, 1, 0, 0, 0, 1, 0
112971, 0, 1, 1, 0, 0, 0
112972, 1, 0, 0, 0, 1, 0
112973, 1, 0, 0, 0, 1, 0
112974, 0, 1, 1, 0, 0, 0
112975, 2, 0, 0, 0, 2, 0
112976, 2, 0, 0, 0, 2, 0
112977, 1, 0, 0, 0, 1, 0
113349, 0, 1, 1, 0, 0, 0
113011, 1, 1, 0, 1, 1, 0
113012, 1, 0, 0, 0, 0, 1
113014, 2, 0, 0, 0, 1, 1
113016, 1, 0, 0, 0, 1, 0
113017, 1, 0, 0, 0, 1, 0
113018, 1, 0, 0, 0, 1, 0
113019, 0, 1, 1, 0, 0, 0
113021, 3, 0, 0, 0, 3, 0
113022, 1, 0, 0, 0, 1, 0
113025, 1, 0, 0, 0, 1, 0
113027, 1, 0, 0, 0, 1, 0
113028, 0, 1, 1, 0, 0, 0
113029, 1, 0, 0, 0, 1, 0
113030, 1, 0, 0, 0, 1, 0
113031, 0, 1, 1, 0, 0, 0
113035, 1, 0, 0, 0, 1, 0
113036, 1, 0, 0, 0, 0, 1
113051, 1, 0, 0, 0, 1, 0
113052, 2, 1, 1, 0, 2, 0
113053, 2, 0, 0, 0, 2, 0
113057, 1, 0, 0, 0, 1, 0
113058, 1, 0, 0, 0, 1, 0
113059, 1, 0, 0, 0, 1, 0
113063, 1, 0, 0, 0, 1, 0
113064, 0, 1, 1, 0, 0, 0
113065, 1, 0, 0, 0, 1, 0
113066, 2, 0, 0, 0, 2, 0
113067, 2, 0, 0, 0, 2, 0
113068, 0, 1, 1, 0, 0, 0
113069, 3, 0, 0, 0, 3, 0
113070, 1, 0, 0, 0, 1, 0
113074, 1, 0, 0, 0, 1, 0
113080, 1, 0, 0, 0, 1, 0
113082, 1, 0, 0, 0, 1, 0
113083, 1, 0, 0, 0, 1, 0
113084, 0, 1, 1, 0, 0, 0
113085, 1, 0, 0, 0, 1, 0
113100, 1, 0, 0, 0, 1, 0
113101, 2, 0, 0, 0, 2, 0
113115, 1, 0, 0, 0, 0, 1
113116, 1, 0, 0, 0, 1, 0
113130, 1, 0, 0, 0, 1, 0
113131, 0, 1, 1, 0, 0, 0
113133, 1, 0, 0, 0, 1, 0
113134, 0, 1, 1, 0, 0, 0
113135, 1, 0, 0, 0, 1, 0
113136, 1, 0, 0, 0, 1, 0
113137, 1, 0, 0, 0, 1, 0
113138, 1, 0, 0, 0, 1, 0
113139, 1, 0, 0, 0, 1, 0
113140, 1, 0, 0, 0, 1, 0
113141, 0, 1, 1, 0, 0, 0
113144, 1, 0, 0, 0, 1, 0
113146, 2, 0, 0, 0, 2, 0
113147, 1, 0, 0, 0, 1, 0
113148, 1, 0, 0, 0, 1, 0
113149, 1, 0, 0, 0, 1, 0
113150, 0, 1, 1, 0, 0, 0
113152, 1, 0, 0, 0, 1, 0
113153, 1, 0, 0, 0, 1, 0
113154, 0, 2, 2, 0, 0, 0
113155, 1, 0, 0, 0, 0, 1
113156, 1, 0, 0, 0, 0, 1
113158, 2, 0, 0, 0, 2, 0
113159, 1, 0, 0, 0, 1, 0
113160, 1, 0, 0, 0, 1, 0
113161, 1, 0, 0, 0, 1, 0
113162, 0, 1, 1, 0, 0, 0
113163, 1, 0, 0, 0, 1, 0
113603, 2, 1, 1, 0, 2, 0
113165, 1, 0, 0, 0, 0, 1
113166, 1, 0, 0, 0, 1, 0
113167, 1, 0, 0, 0, 1, 0
113168, 1, 0, 0, 0, 0, 1
113169, 1, 0, 0, 0, 1, 0
113172, 1, 0, 0, 0, 1, 0
113173, 0, 1, 1, 0, 0, 0
130189, 0, 1, 1, 0, 0, 0
119042, 3, 4, 4, 0, 3, 0
113180, 9, 1, 1, 0, 8, 1
113181, 1, 0, 0, 0, 1, 0
113182, 1, 0, 0, 0, 1, 0
113187, 1, 0, 0, 0, 1, 0
113188, 1, 0, 0, 0, 1, 0
113189, 4, 0, 0, 0, 4, 0
113190, 1, 0, 0, 0, 0, 1
113192, 1, 0, 0, 0, 0, 1
113194, 0, 1, 1, 0, 0, 0
113195, 1, 1, 1, 0, 1, 0
113196, 1, 1, 1, 0, 1, 0
113197, 1, 0, 0, 0, 1, 0
113198, 1, 0, 0, 0, 1, 0
113199, 2, 0, 0, 0, 2, 0
113200, 1, 0, 0, 0, 0, 1
113201, 1, 0, 0, 0, 0, 1
113202, 1, 0, 0, 0, 0, 1
113203, 1, 0, 0, 0, 0, 1
113204, 1, 0, 0, 0, 1, 0
113205, 1, 0, 0, 0, 1, 0
113207, 1, 0, 0, 0, 1, 0
113208, 1, 0, 0, 0, 1, 0
113209, 1, 0, 0, 0, 1, 0
113210, 1, 1, 1, 0, 1, 0
113213, 1, 0, 0, 0, 1, 0
113214, 0, 1, 1, 0, 0, 0
113215, 1, 0, 0, 0, 1, 0
113216, 1, 0, 0, 0, 1, 0
113217, 0, 1, 1, 0, 0, 0
113219, 1, 0, 0, 0, 1, 0
113220, 5, 3, 3, 0, 5, 0
113221, 1, 0, 0, 0, 1, 0
113226, 1, 0, 0, 0, 1, 0
113228, 1, 0, 0, 0, 0, 1
113229, 1, 0, 0, 0, 1, 0
113230, 1, 0, 0, 0, 1, 0
113231, 0, 2, 2, 0, 0, 0
113232, 1, 0, 0, 0, 1, 0
113233, 1, 0, 0, 0, 1, 0
113234, 2, 0, 0, 0, 0, 2
113235, 1, 0, 0, 0, 1, 0
113236, 1, 0, 0, 0, 1, 0
113237, 1, 0, 0, 0, 1, 0
113238, 1, 0, 0, 0, 1, 0
113240, 1, 0, 0, 0, 1, 0
113242, 1, 0, 0, 0, 1, 0
113244, 0, 1, 1, 0, 0, 0
113245, 1, 0, 0, 0, 1, 0
113246, 0, 1, 1, 0, 0, 0
113252, 1, 0, 0, 0, 1, 0
113254, 1, 0, 0, 0, 1, 0
113255, 1, 0, 0, 0, 1, 0
113256, 0, 1, 1, 0, 0, 0
113257, 1, 0, 0, 0, 1, 0
113258, 0, 1, 1, 0, 0, 0
113259, 1, 0, 0, 0, 1, 0
113260, 0, 1, 1, 0, 0, 0
113261, 1, 0, 0, 0, 1, 0
113263, 1, 0, 0, 0, 1, 0
113264, 1, 0, 0, 0, 1, 0
113266, 1, 0, 0, 0, 1, 0
113268, 2, 0, 0, 0, 2, 0
113269, 1, 0, 0, 0, 0, 1
113270, 1, 0, 0, 0, 1, 0
113271, 1, 0, 0, 0, 1, 0
113272, 1, 0, 0, 0, 1, 0
113273, 1, 0, 0, 0, 1, 0
113274, 1, 0, 0, 0, 1, 0
113275, 1, 0, 0, 0, 1, 0
113276, 1, 0, 0, 0, 1, 0
113279, 1, 0, 0, 0, 1, 0
113280, 2, 0, 0, 0, 2, 0
113281, 1, 0, 0, 0, 1, 0
113282, 2, 1, 1, 0, 2, 0
113283, 1, 0, 0, 0, 1, 0
113284, 0, 1, 1, 0, 0, 0
113285, 1, 0, 0, 0, 1, 0
113286, 1, 0, 0, 0, 1, 0
113287, 1, 0, 0, 0, 1, 0
113288, 0, 2, 1, 1, 0, 0
113291, 1, 0, 0, 0, 1, 0
113292, 1, 0, 0, 0, 1, 0
113294, 1, 0, 0, 0, 0, 1
113296, 1, 0, 0, 0, 1, 0
113297, 3, 0, 0, 0, 3, 0
113298, 1, 0, 0, 0, 1, 0
113299, 1, 0, 0, 0, 1, 0
113302, 9, 0, 0, 0, 9, 0
113303, 1, 0, 0, 0, 1, 0
113304, 4, 0, 0, 0, 4, 0
113306, 2, 0, 0, 0, 2, 0
113307, 1, 0, 0, 0, 1, 0
113308, 0, 1, 1, 0, 0, 0
113309, 3, 1, 1, 0, 3, 0
113370, 1, 1, 1, 0, 1, 0
113310, 1, 0, 0, 0, 1, 0
113311, 3, 2, 2, 0, 2, 1
113313, 1, 0, 0, 0, 1, 0
113314, 1, 0, 0, 0, 1, 0
113315, 0, 2, 1, 1, 0, 0
113316, 1, 0, 0, 0, 0, 1
113317, 1, 0, 0, 0, 1, 0
113321, 1, 0, 0, 0, 1, 0
114130, 0, 1, 0, 1, 0, 0
113323, 1, 0, 0, 0, 1, 0
113325, 2, 1, 0, 1, 2, 0
113327, 2, 2, 2, 0, 2, 0
113361, 1, 2, 2, 0, 1, 0
113328, 1, 0, 0, 0, 1, 0
113329, 0, 1, 1, 0, 0, 0
113331, 1, 0, 0, 0, 1, 0
113332, 1, 0, 0, 0, 0, 1
113333, 0, 1, 0, 1, 0, 0
113334, 1, 0, 0, 0, 1, 0
113335, 0, 1, 1, 0, 0, 0
113336, 1, 0, 0, 0, 1, 0
113338, 1, 0, 0, 0, 0, 1
113340, 1, 0, 0, 0, 1, 0
113341, 1, 0, 0, 0, 1, 0
113342, 1, 0, 0, 0, 1, 0
113344, 2, 0, 0, 0, 1, 1
113345, 1, 0, 0, 0, 1, 0
113346, 1, 0, 0, 0, 1, 0
113347, 1, 0, 0, 0, 1, 0
113348, 1, 1, 0, 1, 1, 0
113351, 1, 0, 0, 0, 1, 0
113353, 1, 0, 0, 0, 1, 0
113354, 1, 0, 0, 0, 0, 1
113355, 0, 1, 0, 1, 0, 0
113358, 1, 0, 0, 0, 1, 0
113359, 1, 0, 0, 0, 1, 0
113360, 1, 0, 0, 0, 1, 0
113362, 1, 0, 0, 0, 0, 1
113363, 0, 1, 0, 1, 0, 0
113364, 1, 0, 0, 0, 1, 0
113367, 1, 0, 0, 0, 1, 0
113368, 0, 1, 1, 0, 0, 0
113369, 1, 0, 0, 0, 1, 0
113371, 1, 0, 0, 0, 1, 0
113373, 1, 0, 0, 0, 1, 0
113374, 1, 0, 0, 0, 1, 0
113379, 1, 0, 0, 0, 1, 0
113380, 0, 1, 1, 0, 0, 0
113382, 1, 0, 0, 0, 0, 1
113383, 1, 0, 0, 0, 1, 0
113384, 3, 0, 0, 0, 3, 0
113385, 0, 1, 1, 0, 0, 0
113388, 1, 0, 0, 0, 1, 0
113389, 1, 0, 0, 0, 1, 0
113392, 1, 0, 0, 0, 1, 0
113393, 1, 0, 0, 0, 1, 0
113394, 1, 0, 0, 0, 1, 0
113395, 0, 1, 1, 0, 0, 0
113396, 1, 0, 0, 0, 1, 0
113397, 1, 0, 0, 0, 0, 1
113399, 1, 1, 1, 0, 1, 0
113400, 1, 0, 0, 0, 1, 0
113401, 1, 0, 0, 0, 1, 0
113402, 1, 0, 0, 0, 1, 0
113438, 1, 0, 0, 0, 1, 0
113454, 1, 0, 0, 0, 1, 0
113455, 1, 0, 0, 0, 1, 0
113456, 1, 0, 0, 0, 1, 0
113457, 1, 0, 0, 0, 1, 0
113458, 3, 0, 0, 0, 3, 0
113461, 2, 0, 0, 0, 2, 0
113463, 0, 1, 1, 0, 0, 0
113465, 1, 0, 0, 0, 1, 0
113466, 1, 0, 0, 0, 1, 0
113468, 1, 0, 0, 0, 1, 0
113471, 3, 0, 0, 0, 3, 0
113472, 1, 0, 0, 0, 1, 0
113473, 0, 2, 2, 0, 0, 0
113474, 3, 1, 1, 0, 3, 0
113476, 2, 0, 0, 0, 1, 1
113477, 1, 0, 0, 0, 1, 0
113478, 1, 0, 0, 0, 1, 0
113479, 1, 0, 0, 0, 0, 1
113480, 1, 0, 0, 0, 1, 0
113482, 1, 0, 0, 0, 0, 1
113483, 2, 0, 0, 0, 0, 2
120512, 0, 1, 0, 1, 0, 0
113484, 2, 0, 0, 0, 2, 0
113485, 1, 0, 0, 0, 0, 1
113486, 1, 0, 0, 0, 0, 1
113487, 0, 1, 0, 1, 0, 0
113488, 1, 0, 0, 0, 1, 0
113489, 2, 0, 0, 0, 2, 0
113490, 2, 0, 0, 0, 2, 0
113491, 1, 0, 0, 0, 1, 0
113492, 1, 0, 0, 0, 1, 0
113493, 0, 1, 1, 0, 0, 0
113494, 1, 0, 0, 0, 1, 0
113495, 1, 0, 0, 0, 1, 0
113496, 1, 0, 0, 0, 1, 0
113497, 1, 0, 0, 0, 1, 0
113498, 2, 1, 1, 0, 2, 0
113499, 9, 1, 1, 0, 7, 2
113500, 1, 0, 0, 0, 1, 0
113501, 2, 0, 0, 0, 2, 0
113502, 1, 0, 0, 0, 1, 0
113503, 1, 0, 0, 0, 1, 0
113504, 2, 0, 0, 0, 0, 2
113505, 1, 0, 0, 0, 0, 1
113506, 1, 0, 0, 0, 1, 0
113507, 1, 0, 0, 0, 1, 0
113942, 0, 1, 1, 0, 0, 0
114882, 0, 1, 1, 0, 0, 0
129527, 6, 1, 1, 0, 6, 0
113509, 1, 0, 0, 0, 1, 0
113511, 1, 0, 0, 0, 1, 0
113513, 1, 0, 0, 0, 1, 0
124313, 1, 1, 1, 0, 1, 0
113516, 1, 0, 0, 0, 1, 0
113518, 1, 0, 0, 0, 1, 0
113519, 2, 0, 0, 0, 2, 0
113521, 1, 0, 0, 0, 1, 0
118310, 6, 1, 1, 0, 6, 0
113524, 1, 0, 0, 0, 1, 0
113525, 1, 0, 0, 0, 1, 0
113526, 1, 0, 0, 0, 1, 0
113527, 2, 0, 0, 0, 2, 0
113528, 1, 0, 0, 0, 1, 0
113529, 0, 1, 1, 0, 0, 0
113530, 1, 0, 0, 0, 1, 0
113532, 1, 0, 0, 0, 1, 0
113533, 3, 1, 1, 0, 3, 0
113534, 0, 2, 2, 0, 0, 0
121562, 0, 1, 1, 0, 0, 0
126358, 0, 1, 1, 0, 0, 0
113535, 1, 0, 0, 0, 1, 0
113536, 0, 1, 1, 0, 0, 0
113538, 1, 0, 0, 0, 1, 0
113540, 1, 0, 0, 0, 1, 0
113541, 0, 2, 2, 0, 0, 0
113542, 1, 0, 0, 0, 0, 1
113543, 1, 0, 0, 0, 1, 0
113544, 1, 0, 0, 0, 1, 0
113545, 1, 0, 0, 0, 0, 1
113546, 1, 0, 0, 0, 1, 0
113547, 1, 0, 0, 0, 1, 0
113548, 1, 0, 0, 0, 1, 0
113549, 0, 1, 1, 0, 0, 0
113551, 1, 0, 0, 0, 1, 0
113553, 1, 0, 0, 0, 1, 0
113554, 1, 0, 0, 0, 0, 1
113555, 4, 0, 0, 0, 1, 3
113556, 1, 0, 0, 0, 1, 0
113557, 1, 5, 5, 0, 1, 0
113561, 2, 0, 0, 0, 0, 2
115359, 0, 2, 0, 2, 0, 0
113562, 1, 0, 0, 0, 1, 0
113563, 1, 0, 0, 0, 1, 0
113564, 1, 0, 0, 0, 1, 0
113566, 1, 0, 0, 0, 1, 0
113567, 1, 0, 0, 0, 1, 0
113568, 3, 1, 1, 0, 3, 0
113657, 1, 1, 1, 0, 1, 0
113569, 1, 0, 0, 0, 1, 0
113570, 1, 0, 0, 0, 1, 0
113571, 1, 1, 1, 0, 1, 0
113572, 0, 2, 2, 0, 0, 0
113573, 3, 0, 0, 0, 3, 0
113583, 0, 1, 1, 0, 0, 0
113575, 1, 0, 0, 0, 1, 0
113576, 0, 1, 1, 0, 0, 0
113577, 2, 0, 0, 0, 2, 0
113579, 5, 0, 0, 0, 4, 1
113581, 2, 0, 0, 0, 2, 0
113582, 0, 1, 1, 0, 0, 0
113584, 1, 0, 0, 0, 1, 0
113585, 1, 0, 0, 0, 0, 1
113586, 1, 0, 0, 0, 1, 0
113588, 1, 0, 0, 0, 1, 0
113589, 1, 0, 0, 0, 1, 0
113591, 1, 0, 0, 0, 1, 0
113592, 3, 0, 0, 0, 3, 0
113594, 1, 0, 0, 0, 1, 0
113595, 3, 0, 0, 0, 3, 0
114779, 0, 1, 1, 0, 0, 0
113597, 1, 0, 0, 0, 1, 0
113599, 0, 1, 1, 0, 0, 0
113600, 1, 0, 0, 0, 1, 0
113601, 1, 0, 0, 0, 1, 0
114209, 1, 1, 1, 0, 1, 0
113604, 1, 0, 0, 0, 1, 0
113605, 5, 0, 0, 0, 5, 0
113607, 1, 0, 0, 0, 1, 0
113608, 1, 0, 0, 0, 1, 0
113609, 1, 0, 0, 0, 1, 0
113611, 1, 0, 0, 0, 1, 0
113612, 30, 1, 0, 1, 30, 0
113614, 1, 1, 1, 0, 1, 0
113618, 4, 0, 0, 0, 4, 0
120660, 0, 1, 1, 0, 0, 0
113619, 3, 0, 0, 0, 3, 0
113621, 1, 0, 0, 0, 1, 0
113622, 1, 0, 0, 0, 1, 0
113623, 0, 2, 2, 0, 0, 0
113624, 1, 0, 0, 0, 1, 0
113627, 5, 0, 0, 0, 5, 0
113628, 1, 0, 0, 0, 0, 1
113629, 1, 0, 0, 0, 1, 0
113632, 1, 0, 0, 0, 0, 1
113633, 1, 0, 0, 0, 1, 0
113634, 1, 0, 0, 0, 1, 0
113635, 1, 0, 0, 0, 1, 0
113637, 1, 0, 0, 0, 1, 0
113638, 2, 0, 0, 0, 2, 0
113639, 2, 0, 0, 0, 2, 0
113640, 2, 0, 0, 0, 2, 0
113641, 1, 0, 0, 0, 1, 0
113642, 1, 0, 0, 0, 0, 1
113644, 1, 0, 0, 0, 1, 0
113645, 1, 0, 0, 0, 0, 1
113646, 1, 0, 0, 0, 1, 0
113647, 0, 2, 2, 0, 0, 0
113649, 1, 0, 0, 0, 1, 0
113650, 1, 0, 0, 0, 1, 0
113651, 0, 4, 4, 0, 0, 0
113653, 1, 0, 0, 0, 1, 0
113654, 0, 1, 1, 0, 0, 0
113655, 3, 0, 0, 0, 3, 0
113656, 1, 0, 0, 0, 1, 0
113658, 1, 0, 0, 0, 1, 0
113659, 1, 0, 0, 0, 1, 0
113661, 1, 0, 0, 0, 1, 0
113664, 1, 0, 0, 0, 1, 0
113665, 1, 0, 0, 0, 1, 0
113666, 1, 1, 1, 0, 1, 0
113667, 1, 0, 0, 0, 1, 0
113668, 1, 0, 0, 0, 1, 0
113669, 0, 1, 1, 0, 0, 0
113670, 1, 0, 0, 0, 1, 0
113671, 1, 0, 0, 0, 1, 0
113672, 1, 0, 0, 0, 1, 0
113675, 13, 0, 0, 0, 13, 0
113679, 0, 1, 1, 0, 0, 0
113676, 2, 0, 0, 0, 2, 0
113677, 5, 1, 1, 0, 5, 0
113680, 1, 0, 0, 0, 1, 0
113685, 1, 0, 0, 0, 1, 0
113686, 0, 1, 1, 0, 0, 0
113687, 1, 1, 1, 0, 0, 1
113688, 2, 0, 0, 0, 2, 0
113689, 1, 0, 0, 0, 1, 0
113691, 1, 0, 0, 0, 1, 0
113692, 0, 1, 1, 0, 0, 0
113693, 1, 0, 0, 0, 1, 0
113694, 1, 0, 0, 0, 1, 0
113702, 1, 4, 4, 0, 1, 0
113698, 1, 0, 0, 0, 0, 1
113699, 0, 1, 0, 1, 0, 0
113700, 1, 0, 0, 0, 1, 0
113701, 0, 1, 1, 0, 0, 0
113703, 3, 0, 0, 0, 3, 0
113704, 1, 0, 0, 0, 1, 0
113705, 2, 0, 0, 0, 2, 0
113706, 1, 0, 0, 0, 1, 0
129737, 0, 1, 1, 0, 0, 0
113708, 2, 0, 0, 0, 2, 0
113711, 3, 0, 0, 0, 3, 0
113712, 1, 0, 0, 0, 1, 0
113713, 1, 0, 0, 0, 1, 0
113714, 0, 1, 1, 0, 0, 0
113716, 1, 0, 0, 0, 0, 1
113717, 1, 0, 0, 0, 0, 1
113718, 1, 0, 0, 0, 1, 0
113719, 2, 0, 0, 0, 2, 0
113720, 1, 0, 0, 0, 1, 0
113721, 1, 0, 0, 0, 1, 0
113722, 1, 0, 0, 0, 1, 0
113727, 1, 0, 0, 0, 0, 1
113729, 0, 1, 1, 0, 0, 0
113730, 4, 0, 0, 0, 4, 0
113731, 1, 0, 0, 0, 1, 0
113734, 1, 0, 0, 0, 1, 0
113736, 1, 0, 0, 0, 1, 0
117465, 0, 1, 0, 1, 0, 0
113739, 2, 0, 0, 0, 2, 0
113740, 0, 1, 1, 0, 0, 0
113741, 1, 0, 0, 0, 1, 0
113742, 1, 0, 0, 0, 1, 0
113743, 1, 0, 0, 0, 1, 0
113744, 0, 1, 1, 0, 0, 0
127645, 0, 1, 1, 0, 0, 0
127672, 1, 1, 1, 0, 1, 0
113746, 1, 0, 0, 0, 1, 0
113747, 0, 1, 1, 0, 0, 0
113749, 1, 0, 0, 0, 1, 0
113750, 1, 0, 0, 0, 1, 0
113751, 0, 1, 1, 0, 0, 0
113752, 2, 0, 0, 0, 2, 0
113758, 3, 1, 1, 0, 3, 0
113762, 1, 0, 0, 0, 1, 0
113764, 0, 1, 1, 0, 0, 0
113765, 0, 1, 1, 0, 0, 0
113766, 1, 0, 0, 0, 1, 0
115470, 3, 1, 0, 1, 0, 3
115950, 6, 1, 0, 1, 3, 3
113768, 3, 1, 1, 0, 3, 0
113770, 1, 0, 0, 0, 1, 0
114120, 0, 1, 0, 1, 0, 0
113864, 0, 1, 1, 0, 0, 0
113944, 1, 1, 1, 0, 1, 0
114016, 0, 1, 1, 0, 0, 0
114034, 0, 1, 1, 0, 0, 0
114121, 0, 1, 1, 0, 0, 0
114122, 0, 1, 1, 0, 0, 0
114124, 0, 2, 1, 1, 0, 0
114557, 0, 1, 0, 1, 0, 0
113774, 2, 0, 0, 0, 2, 0
113775, 2, 0, 0, 0, 2, 0
113777, 1, 0, 0, 0, 1, 0
113778, 1, 0, 0, 0, 1, 0
113780, 1, 0, 0, 0, 1, 0
113781, 1, 0, 0, 0, 1, 0
113783, 1, 0, 0, 0, 1, 0
113784, 1, 7, 7, 0, 1, 0
113790, 1, 4, 4, 0, 1, 0
113785, 2, 0, 0, 0, 2, 0
113786, 1, 0, 0, 0, 1, 0
113787, 1, 0, 0, 0, 1, 0
113788, 8, 0, 0, 0, 8, 0
113789, 1, 0, 0, 0, 1, 0
113794, 1, 0, 0, 0, 1, 0
113795, 0, 1, 1, 0, 0, 0
113796, 1, 0, 0, 0, 1, 0
113797, 1, 0, 0, 0, 1, 0
113799, 1, 0, 0, 0, 1, 0
113800, 0, 1, 1, 0, 0, 0
113802, 1, 0, 0, 0, 1, 0
113803, 1, 0, 0, 0, 1, 0
113805, 1, 0, 0, 0, 1, 0
113806, 0, 1, 1, 0, 0, 0
113807, 1, 0, 0, 0, 1, 0
113808, 0, 1, 1, 0, 0, 0
113811, 1, 0, 0, 0, 1, 0
113812, 1, 0, 0, 0, 1, 0
113813, 1, 0, 0, 0, 0, 1
113814, 1, 0, 0, 0, 1, 0
113815, 2, 0, 0, 0, 2, 0
113816, 1, 0, 0, 0, 1, 0
113817, 0, 1, 1, 0, 0, 0
113818, 1, 0, 0, 0, 1, 0
113819, 0, 1, 1, 0, 0, 0
113820, 1, 0, 0, 0, 0, 1
113822, 1, 0, 0, 0, 1, 0
113823, 0, 1, 1, 0, 0, 0
113824, 1, 0, 0, 0, 1, 0
113825, 1, 0, 0, 0, 0, 1
113826, 0, 1, 0, 1, 0, 0
113827, 1, 0, 0, 0, 1, 0
113828, 1, 0, 0, 0, 1, 0
113829, 1, 2, 0, 2, 1, 0
113830, 1, 0, 0, 0, 1, 0
113831, 1, 0, 0, 0, 1, 0
113832, 1, 0, 0, 0, 0, 1
113833, 8, 4, 4, 0, 8, 0
119850, 2, 1, 1, 0, 2, 0
129310, 1, 2, 2, 0, 1, 0
113835, 2, 0, 0, 0, 2, 0
113837, 1, 0, 0, 0, 1, 0
113838, 1, 0, 0, 0, 1, 0
113839, 1, 0, 0, 0, 1, 0
113841, 1, 1, 1, 0, 1, 0
113842, 0, 1, 1, 0, 0, 0
113843, 1, 0, 0, 0, 1, 0
113846, 1, 0, 0, 0, 1, 0
113848, 1, 0, 0, 0, 1, 0
113850, 1, 0, 0, 0, 1, 0
113856, 1, 0, 0, 0, 1, 0
113857, 1, 0, 0, 0, 1, 0
113859, 2, 0, 0, 0, 2, 0
113860, 1, 0, 0, 0, 1, 0
113861, 2, 0, 0, 0, 2, 0
113862, 1, 0, 0, 0, 1, 0
113865, 1, 0, 0, 0, 1, 0
113866, 1, 0, 0, 0, 1, 0
113867, 2, 1, 1, 0, 2, 0
113868, 1, 0, 0, 0, 1, 0
113869, 1, 0, 0, 0, 1, 0
113870, 1, 0, 0, 0, 1, 0
113871, 0, 1, 1, 0, 0, 0
113873, 2, 0, 0, 0, 2, 0
113874, 1, 0, 0, 0, 1, 0
113876, 3, 0, 0, 0, 1, 2
113878, 1, 0, 0, 0, 1, 0
117755, 4, 1, 1, 0, 4, 0
113881, 1, 0, 0, 0, 1, 0
113882, 2, 0, 0, 0, 2, 0
113883, 1, 0, 0, 0, 0, 1
113885, 1, 0, 0, 0, 1, 0
113886, 1, 0, 0, 0, 1, 0
113887, 1, 0, 0, 0, 1, 0
113889, 1, 0, 0, 0, 1, 0
113890, 0, 1, 1, 0, 0, 0
113891, 2, 0, 0, 0, 2, 0
113892, 1, 0, 0, 0, 1, 0
113893, 0, 1, 1, 0, 0, 0
113894, 1, 0, 0, 0, 1, 0
113895, 1, 0, 0, 0, 1, 0
113896, 1, 0, 0, 0, 1, 0
114170, 0, 1, 1, 0, 0, 0
113898, 3, 0, 0, 0, 3, 0
113900, 1, 0, 0, 0, 1, 0
113901, 1, 0, 0, 0, 1, 0
113903, 1, 0, 0, 0, 1, 0
113906, 2, 0, 0, 0, 2, 0
113907, 1, 0, 0, 0, 1, 0
113908, 1, 0, 0, 0, 1, 0
113911, 1, 0, 0, 0, 1, 0
113912, 1, 0, 0, 0, 1, 0
113914, 1, 0, 0, 0, 1, 0
113915, 1, 0, 0, 0, 1, 0
113916, 9, 0, 0, 0, 9, 0
113917, 2, 1, 1, 0, 1, 1
113918, 1, 0, 0, 0, 1, 0
113920, 3, 1, 1, 0, 3, 0
113921, 0, 1, 1, 0, 0, 0
113922, 2, 0, 0, 0, 2, 0
113923, 1, 0, 0, 0, 1, 0
113924, 0, 2, 1, 1, 0, 0
113925, 1, 0, 0, 0, 1, 0
113926, 1, 0, 0, 0, 1, 0
113927, 0, 1, 1, 0, 0, 0
113928, 1, 0, 0, 0, 0, 1
113931, 1, 0, 0, 0, 1, 0
113933, 1, 0, 0, 0, 1, 0
113934, 1, 0, 0, 0, 1, 0
113940, 2, 0, 0, 0, 2, 0
113941, 1, 1, 1, 0, 1, 0
113943, 1, 0, 0, 0, 1, 0
127193, 0, 1, 0, 1, 0, 0
127194, 0, 1, 0, 1, 0, 0
113946, 1, 1, 1, 0, 1, 0
113947, 0, 2, 2, 0, 0, 0
113948, 1, 0, 0, 0, 1, 0
113949, 1, 0, 0, 0, 1, 0
115741, 3, 1, 1, 0, 3, 0
113952, 1, 0, 0, 0, 0, 1
113953, 2, 0, 0, 0, 2, 0
113954, 0, 1, 1, 0, 0, 0
113957, 1, 0, 0, 0, 0, 1
113958, 1, 0, 0, 0, 1, 0
113960, 1, 0, 0, 0, 1, 0
113961, 1, 0, 0, 0, 1, 0
113962, 2, 0, 0, 0, 1, 1
113963, 1, 0, 0, 0, 1, 0
113966, 1, 0, 0, 0, 1, 0
113968, 1, 0, 0, 0, 1, 0
113970, 1, 1, 1, 0, 1, 0
113971, 1, 0, 0, 0, 1, 0
113972, 2, 0, 0, 0, 1, 1
113973, 0, 1, 1, 0, 0, 0
113975, 1, 0, 0, 0, 1, 0
113977, 1, 0, 0, 0, 1, 0
113978, 1, 1, 1, 0, 1, 0
116326, 0, 1, 1, 0, 0, 0
113981, 1, 0, 0, 0, 1, 0
113983, 1, 0, 0, 0, 1, 0
113984, 0, 2, 2, 0, 0, 0
113985, 1, 0, 0, 0, 1, 0
120743, 0, 1, 0, 1, 0, 0
113987, 1, 0, 0, 0, 1, 0
113988, 1, 0, 0, 0, 1, 0
113989, 1, 1, 1, 0, 1, 0
113990, 1, 0, 0, 0, 1, 0
113991, 0, 2, 2, 0, 0, 0
113992, 1, 0, 0, 0, 1, 0
113993, 1, 0, 0, 0, 1, 0
113994, 1, 0, 0, 0, 1, 0
113996, 7, 0, 0, 0, 0, 7
113999, 2, 0, 0, 0, 2, 0
114000, 0, 1, 1, 0, 0, 0
114001, 1, 0, 0, 0, 0, 1
114002, 0, 1, 0, 1, 0, 0
114004, 1, 0, 0, 0, 1, 0
114005, 0, 2, 1, 1, 0, 0
114006, 1, 0, 0, 0, 1, 0
114007, 2, 0, 0, 0, 2, 0
114008, 1, 0, 0, 0, 1, 0
114009, 1, 0, 0, 0, 1, 0
114010, 1, 0, 0, 0, 1, 0
114019, 1, 0, 0, 0, 0, 1
114020, 1, 0, 0, 0, 1, 0
114021, 0, 1, 1, 0, 0, 0
114022, 2, 0, 0, 0, 2, 0
114023, 1, 0, 0, 0, 1, 0
114026, 1, 0, 0, 0, 1, 0
114027, 1, 0, 0, 0, 0, 1
114028, 0, 1, 0, 1, 0, 0
114029, 3, 0, 0, 0, 3, 0
114031, 1, 0, 0, 0, 1, 0
114032, 1, 0, 0, 0, 1, 0
114033, 0, 1, 1, 0, 0, 0
114036, 1, 0, 0, 0, 1, 0
114037, 1, 0, 0, 0, 1, 0
114041, 1, 0, 0, 0, 1, 0
114042, 1, 0, 0, 0, 1, 0
114043, 3, 1, 1, 0, 3, 0
114044, 1, 0, 0, 0, 1, 0
114045, 280, 0, 0, 0, 279, 1
114046, 0, 1, 1, 0, 0, 0
114047, 0, 1, 1, 0, 0, 0
114082, 0, 1, 1, 0, 0, 0
114049, 3, 2, 2, 0, 3, 0
114051, 1, 0, 0, 0, 1, 0
114052, 1, 0, 0, 0, 1, 0
114054, 1, 0, 0, 0, 1, 0
114055, 0, 1, 1, 0, 0, 0
114057, 1, 0, 0, 0, 1, 0
114058, 1, 0, 0, 0, 1, 0
114059, 1, 0, 0, 0, 1, 0
114060, 1, 0, 0, 0, 1, 0
114061, 1, 0, 0, 0, 0, 1
114063, 1, 0, 0, 0, 1, 0
114064, 2, 1, 1, 0, 2, 0
114067, 1, 0, 0, 0, 0, 1
114068, 1, 0, 0, 0, 0, 1
114069, 1, 0, 0, 0, 1, 0
114070, 1, 0, 0, 0, 1, 0
114072, 1, 0, 0, 0, 1, 0
114073, 1, 0, 0, 0, 1, 0
122806, 0, 1, 1, 0, 0, 0
114079, 1, 0, 0, 0, 1, 0
114081, 1, 0, 0, 0, 0, 1
114084, 1, 0, 0, 0, 1, 0
114085, 1, 0, 0, 0, 1, 0
114086, 1, 0, 0, 0, 0, 1
114087, 4, 0, 0, 0, 4, 0
114088, 1, 0, 0, 0, 0, 1
114089, 1, 0, 0, 0, 1, 0
114090, 1, 0, 0, 0, 1, 0
114091, 1, 0, 0, 0, 1, 0
114093, 2, 0, 0, 0, 2, 0
114094, 1, 1, 1, 0, 1, 0
114095, 1, 0, 0, 0, 1, 0
114097, 1, 0, 0, 0, 1, 0
114098, 4, 0, 0, 0, 2, 2
114099, 0, 1, 1, 0, 0, 0
114100, 2, 0, 0, 0, 2, 0
114101, 0, 1, 1, 0, 0, 0
114104, 1, 2, 0, 2, 1, 0
114105, 1, 0, 0, 0, 1, 0
114106, 1, 0, 0, 0, 1, 0
114107, 1, 0, 0, 0, 1, 0
114111, 8, 0, 0, 0, 8, 0
114112, 1, 0, 0, 0, 0, 1
114571, 0, 1, 1, 0, 0, 0
116799, 0, 2, 2, 0, 0, 0
114116, 1, 0, 0, 0, 1, 0
114117, 4, 0, 0, 0, 3, 1
114118, 1, 0, 0, 0, 0, 1
114119, 1, 0, 0, 0, 1, 0
114123, 1, 0, 0, 0, 0, 1
114125, 2, 0, 0, 0, 2, 0
114126, 1, 0, 0, 0, 1, 0
114127, 3, 0, 0, 0, 3, 0
114128, 1, 0, 0, 0, 1, 0
114132, 1, 0, 0, 0, 1, 0
114134, 1, 0, 0, 0, 1, 0
114493, 1, 1, 1, 0, 1, 0
114136, 1, 0, 0, 0, 1, 0
114137, 0, 1, 1, 0, 0, 0
114138, 1, 0, 0, 0, 1, 0
114140, 1, 0, 0, 0, 1, 0
114141, 1, 0, 0, 0, 1, 0
114143, 1, 0, 0, 0, 1, 0
114144, 0, 1, 1, 0, 0, 0
114146, 1, 0, 0, 0, 1, 0
114147, 1, 0, 0, 0, 1, 0
114148, 1, 0, 0, 0, 0, 1
114149, 2, 0, 0, 0, 0, 2
114150, 0, 1, 0, 1, 0, 0
129891, 0, 1, 0, 1, 0, 0
114152, 2, 0, 0, 0, 2, 0
114153, 0, 2, 2, 0, 0, 0
116491, 0, 6, 6, 0, 0, 0
128099, 0, 1, 0, 1, 0, 0
114157, 1, 0, 0, 0, 1, 0
114159, 1, 0, 0, 0, 1, 0
114163, 2, 0, 0, 0, 1, 1
114164, 1, 0, 0, 0, 1, 0
114168, 2, 0, 0, 0, 2, 0
114169, 0, 1, 1, 0, 0, 0
114171, 1, 0, 0, 0, 1, 0
114172, 0, 1, 1, 0, 0, 0
114173, 7, 0, 0, 0, 7, 0
114175, 2, 0, 0, 0, 2, 0
114177, 1, 0, 0, 0, 1, 0
114178, 0, 1, 1, 0, 0, 0
114179, 1, 1, 1, 0, 1, 0
114180, 0, 1, 1, 0, 0, 0
114184, 1, 0, 0, 0, 1, 0
114185, 2, 0, 0, 0, 2, 0
114186, 1, 0, 0, 0, 1, 0
114187, 1, 0, 0, 0, 1, 0
114188, 0, 1, 1, 0, 0, 0
114189, 1, 0, 0, 0, 0, 1
114190, 1, 0, 0, 0, 1, 0
114191, 1, 0, 0, 0, 1, 0
114192, 1, 0, 0, 0, 1, 0
114193, 1, 0, 0, 0, 1, 0
114194, 1, 0, 0, 0, 1, 0
114195, 1, 0, 0, 0, 1, 0
114196, 0, 1, 1, 0, 0, 0
114197, 1, 0, 0, 0, 1, 0
114198, 2, 0, 0, 0, 2, 0
114199, 3, 0, 0, 0, 3, 0
115393, 3, 1, 1, 0, 3, 0
114200, 3, 0, 0, 0, 3, 0
114201, 1, 0, 0, 0, 1, 0
114202, 1, 1, 1, 0, 0, 1
114205, 2, 0, 0, 0, 2, 0
116697, 2, 1, 1, 0, 2, 0
114210, 3, 1, 1, 0, 3, 0
114211, 1, 0, 0, 0, 1, 0
114214, 1, 0, 0, 0, 1, 0
114215, 1, 0, 0, 0, 1, 0
114217, 1, 0, 0, 0, 0, 1
114218, 1, 0, 0, 0, 1, 0
114219, 1, 0, 0, 0, 1, 0
114244, 5, 4, 4, 0, 5, 0
114257, 3, 1, 1, 0, 3, 0
114304, 0, 1, 1, 0, 0, 0
114305, 0, 1, 1, 0, 0, 0
114306, 1, 2, 1, 1, 0, 1
114307, 0, 1, 1, 0, 0, 0
114308, 0, 1, 1, 0, 0, 0
114309, 0, 1, 1, 0, 0, 0
114310, 0, 1, 1, 0, 0, 0
114311, 0, 1, 1, 0, 0, 0
114312, 0, 1, 1, 0, 0, 0
114338, 0, 1, 1, 0, 0, 0
114339, 0, 1, 1, 0, 0, 0
114340, 0, 1, 1, 0, 0, 0
114341, 3, 2, 2, 0, 3, 0
114342, 0, 1, 1, 0, 0, 0
114343, 0, 1, 1, 0, 0, 0
114344, 0, 1, 1, 0, 0, 0
114348, 1, 1, 1, 0, 1, 0
114354, 0, 1, 1, 0, 0, 0
114441, 0, 1, 1, 0, 0, 0
114442, 0, 1, 1, 0, 0, 0
114443, 0, 1, 1, 0, 0, 0
114444, 0, 1, 1, 0, 0, 0
114445, 0, 1, 1, 0, 0, 0
114446, 0, 1, 1, 0, 0, 0
114447, 0, 1, 1, 0, 0, 0
114448, 0, 1, 1, 0, 0, 0
114449, 0, 1, 1, 0, 0, 0
114450, 0, 1, 1, 0, 0, 0
114451, 0, 1, 1, 0, 0, 0
114452, 0, 1, 1, 0, 0, 0
114453, 0, 1, 1, 0, 0, 0
114454, 0, 1, 1, 0, 0, 0
114455, 0, 1, 1, 0, 0, 0
114456, 0, 1, 1, 0, 0, 0
114457, 0, 1, 1, 0, 0, 0
114458, 0, 1, 1, 0, 0, 0
114459, 0, 1, 1, 0, 0, 0
114460, 0, 1, 1, 0, 0, 0
114461, 0, 1, 1, 0, 0, 0
114462, 0, 1, 1, 0, 0, 0
114463, 0, 1, 1, 0, 0, 0
114464, 0, 1, 1, 0, 0, 0
114465, 0, 1, 1, 0, 0, 0
114466, 0, 1, 1, 0, 0, 0
114467, 0, 1, 1, 0, 0, 0
114468, 0, 1, 1, 0, 0, 0
114469, 0, 1, 1, 0, 0, 0
114470, 0, 1, 1, 0, 0, 0
114471, 0, 1, 1, 0, 0, 0
114472, 0, 1, 1, 0, 0, 0
114473, 0, 1, 1, 0, 0, 0
114474, 0, 1, 1, 0, 0, 0
114475, 0, 1, 1, 0, 0, 0
114476, 0, 1, 1, 0, 0, 0
114477, 0, 1, 1, 0, 0, 0
114478, 0, 1, 1, 0, 0, 0
114485, 0, 1, 1, 0, 0, 0
114572, 0, 1, 1, 0, 0, 0
114573, 0, 1, 1, 0, 0, 0
114574, 0, 1, 1, 0, 0, 0
114575, 0, 1, 1, 0, 0, 0
114576, 0, 1, 1, 0, 0, 0
114222, 1, 0, 0, 0, 1, 0
114223, 1, 0, 0, 0, 0, 1
114224, 1, 0, 0, 0, 1, 0
114225, 1, 0, 0, 0, 0, 1
114226, 2, 0, 0, 0, 2, 0
114227, 12, 0, 0, 0, 12, 0
114228, 2, 0, 0, 0, 2, 0
114229, 1, 0, 0, 0, 1, 0
114230, 0, 1, 1, 0, 0, 0
114232, 2, 0, 0, 0, 2, 0
114233, 1, 1, 1, 0, 1, 0
114746, 0, 1, 1, 0, 0, 0
114235, 2, 1, 1, 0, 2, 0
114236, 1, 0, 0, 0, 1, 0
114237, 4, 0, 0, 0, 4, 0
114239, 1, 0, 0, 0, 0, 1
114240, 0, 1, 0, 1, 0, 0
114241, 1, 0, 0, 0, 1, 0
114242, 1, 0, 0, 0, 1, 0
114243, 1, 0, 0, 0, 1, 0
114245, 1, 0, 0, 0, 1, 0
114248, 1, 0, 0, 0, 1, 0
114249, 0, 1, 1, 0, 0, 0
114250, 1, 0, 0, 0, 1, 0
114251, 1, 0, 0, 0, 1, 0
114253, 1, 0, 0, 0, 1, 0
114254, 1, 0, 0, 0, 1, 0
114255, 0, 1, 1, 0, 0, 0
114258, 2, 0, 0, 0, 2, 0
114259, 3, 0, 0, 0, 3, 0
114261, 1, 0, 0, 0, 1, 0
114263, 1, 0, 0, 0, 1, 0
114265, 1, 1, 0, 1, 1, 0
114266, 1, 0, 0, 0, 1, 0
114269, 1, 0, 0, 0, 1, 0
114270, 1, 0, 0, 0, 1, 0
114271, 0, 1, 1, 0, 0, 0
114272, 1, 0, 0, 0, 1, 0
114273, 2, 0, 0, 0, 2, 0
114274, 2, 0, 0, 0, 2, 0
114275, 11, 1, 1, 0, 10, 1
114276, 1, 0, 0, 0, 0, 1
114277, 1, 0, 0, 0, 1, 0
114278, 1, 0, 0, 0, 1, 0
114279, 0, 1, 1, 0, 0, 0
114281, 1, 0, 0, 0, 1, 0
114283, 1, 0, 0, 0, 1, 0
114285, 1, 0, 0, 0, 1, 0
114287, 1, 0, 0, 0, 1, 0
114288, 3, 0, 0, 0, 3, 0
114290, 0, 1, 1, 0, 0, 0
114289, 9, 0, 0, 0, 1, 8
114293, 3, 0, 0, 0, 3, 0
114294, 1, 0, 0, 0, 0, 1
114296, 1, 0, 0, 0, 1, 0
114300, 1, 0, 0, 0, 1, 0
114301, 2, 0, 0, 0, 2, 0
114371, 1, 5, 5, 0, 0, 1
114303, 1, 0, 0, 0, 1, 0
114314, 2, 0, 0, 0, 2, 0
114315, 2, 1, 1, 0, 1, 1
114318, 2, 0, 0, 0, 2, 0
114319, 1, 0, 0, 0, 1, 0
114320, 0, 1, 1, 0, 0, 0
114321, 1, 0, 0, 0, 1, 0
114322, 1, 0, 0, 0, 1, 0
114323, 1, 0, 0, 0, 1, 0
114325, 1, 0, 0, 0, 1, 0
114326, 1, 0, 0, 0, 1, 0
114327, 0, 1, 1, 0, 0, 0
114328, 1, 0, 0, 0, 1, 0
114329, 1, 0, 0, 0, 1, 0
114330, 1, 0, 0, 0, 1, 0
114332, 1, 0, 0, 0, 1, 0
114334, 1, 0, 0, 0, 1, 0
121252, 1, 1, 1, 0, 1, 0
114336, 1, 0, 0, 0, 0, 1
114337, 1, 0, 0, 0, 1, 0
114378, 4, 2, 2, 0, 4, 0
114349, 1, 0, 0, 0, 1, 0
114350, 0, 1, 1, 0, 0, 0
114351, 1, 0, 0, 0, 1, 0
114352, 2, 1, 1, 0, 2, 0
114355, 2, 0, 0, 0, 2, 0
114358, 1, 0, 0, 0, 1, 0
114359, 3, 0, 0, 0, 3, 0
114361, 2, 0, 0, 0, 2, 0
114363, 1, 0, 0, 0, 0, 1
114368, 2, 0, 0, 0, 2, 0
114370, 1, 0, 0, 0, 1, 0
114372, 1, 0, 0, 0, 1, 0
114374, 1, 0, 0, 0, 1, 0
114375, 1, 0, 0, 0, 0, 1
114376, 1, 0, 0, 0, 1, 0
114377, 1, 0, 0, 0, 1, 0
114379, 2, 0, 0, 0, 1, 1
114380, 1, 0, 0, 0, 1, 0
114382, 1, 0, 0, 0, 1, 0
114383, 2, 0, 0, 0, 2, 0
120459, 2, 2, 2, 0, 2, 0
126941, 2, 1, 1, 0, 2, 0
114387, 1, 0, 0, 0, 1, 0
114388, 1, 0, 0, 0, 1, 0
114389, 1, 0, 0, 0, 1, 0
114391, 1, 0, 0, 0, 0, 1
114392, 1, 0, 0, 0, 1, 0
114393, 1, 0, 0, 0, 1, 0
114397, 1, 0, 0, 0, 1, 0
114399, 1, 0, 0, 0, 1, 0
114400, 1, 0, 0, 0, 1, 0
114401, 1, 0, 0, 0, 1, 0
114402, 1, 0, 0, 0, 0, 1
114403, 1, 0, 0, 0, 1, 0
114404, 1, 0, 0, 0, 1, 0
114405, 1, 0, 0, 0, 1, 0
114407, 1, 0, 0, 0, 1, 0
114409, 1, 0, 0, 0, 1, 0
114410, 1, 0, 0, 0, 1, 0
114411, 1, 0, 0, 0, 1, 0
114412, 1, 0, 0, 0, 1, 0
114413, 0, 1, 1, 0, 0, 0
114414, 1, 0, 0, 0, 1, 0
114416, 1, 0, 0, 0, 1, 0
114417, 1, 0, 0, 0, 1, 0
114418, 3, 0, 0, 0, 3, 0
114420, 1, 0, 0, 0, 1, 0
114422, 1, 0, 0, 0, 1, 0
114423, 1, 0, 0, 0, 1, 0
114424, 1, 0, 0, 0, 1, 0
114425, 1, 0, 0, 0, 1, 0
114426, 1, 0, 0, 0, 1, 0
114428, 1, 0, 0, 0, 1, 0
114429, 0, 1, 1, 0, 0, 0
114430, 1, 0, 0, 0, 1, 0
114433, 1, 0, 0, 0, 1, 0
114434, 1, 0, 0, 0, 1, 0
114435, 1, 0, 0, 0, 0, 1
114437, 1, 0, 0, 0, 1, 0
114438, 1, 0, 0, 0, 1, 0
114439, 1, 0, 0, 0, 0, 1
114440, 0, 1, 0, 1, 0, 0
114479, 2, 0, 0, 0, 2, 0
114480, 1, 2, 2, 0, 1, 0
114481, 1, 1, 1, 0, 1, 0
114483, 0, 1, 1, 0, 0, 0
114487, 1, 0, 0, 0, 1, 0
114489, 1, 0, 0, 0, 1, 0
114490, 1, 0, 0, 0, 1, 0
114491, 2, 0, 0, 0, 2, 0
114492, 0, 1, 1, 0, 0, 0
114497, 1, 0, 0, 0, 1, 0
114499, 2, 0, 0, 0, 2, 0
114500, 0, 1, 1, 0, 0, 0
114501, 1, 0, 0, 0, 0, 1
114502, 0, 1, 0, 1, 0, 0
114504, 1, 0, 0, 0, 1, 0
114505, 1, 0, 0, 0, 1, 0
114506, 1, 0, 0, 0, 1, 0
114507, 0, 2, 1, 1, 0, 0
114508, 1, 0, 0, 0, 1, 0
114509, 0, 3, 2, 1, 0, 0
114511, 0, 1, 1, 0, 0, 0
114516, 0, 1, 0, 1, 0, 0
114894, 0, 1, 0, 1, 0, 0
114993, 1, 1, 0, 1, 1, 0
114513, 1, 0, 0, 0, 1, 0
114514, 1, 0, 0, 0, 1, 0
114515, 6, 0, 0, 0, 6, 0
114517, 1, 0, 0, 0, 1, 0
114518, 2, 0, 0, 0, 2, 0
114523, 1, 0, 0, 0, 1, 0
114524, 1, 0, 0, 0, 1, 0
114525, 1, 0, 0, 0, 1, 0
114526, 1, 1, 1, 0, 1, 0
114528, 1, 0, 0, 0, 1, 0
114529, 2, 0, 0, 0, 2, 0
117566, 1, 1, 1, 0, 1, 0
119540, 0, 1, 0, 1, 0, 0
119541, 0, 1, 0, 1, 0, 0
114531, 1, 1, 1, 0, 1, 0
114532, 1, 3, 3, 0, 1, 0
114533, 1, 0, 0, 0, 1, 0
114534, 0, 1, 1, 0, 0, 0
114536, 1, 0, 0, 0, 1, 0
114537, 1, 0, 0, 0, 1, 0
114539, 1, 0, 0, 0, 1, 0
114540, 1, 0, 0, 0, 1, 0
114543, 1, 0, 0, 0, 1, 0
114544, 2, 0, 0, 0, 2, 0
114545, 1, 0, 0, 0, 1, 0
114546, 1, 0, 0, 0, 1, 0
114547, 1, 0, 0, 0, 1, 0
114548, 1, 0, 0, 0, 1, 0
114549, 1, 0, 0, 0, 1, 0
114550, 1, 0, 0, 0, 1, 0
114554, 1, 0, 0, 0, 0, 1
114556, 1, 0, 0, 0, 1, 0
114558, 1, 0, 0, 0, 1, 0
114559, 1, 0, 0, 0, 1, 0
114560, 1, 0, 0, 0, 0, 1
114562, 1, 0, 0, 0, 1, 0
114563, 0, 1, 1, 0, 0, 0
114565, 1, 0, 0, 0, 1, 0
114566, 3, 0, 0, 0, 3, 0
114567, 2, 0, 0, 0, 1, 1
114568, 0, 1, 1, 0, 0, 0
114577, 1, 0, 0, 0, 1, 0
125278, 0, 1, 1, 0, 0, 0
114580, 1, 0, 0, 0, 1, 0
114582, 1, 0, 0, 0, 1, 0
114585, 1, 0, 0, 0, 1, 0
114586, 1, 0, 0, 0, 1, 0
114589, 1, 0, 0, 0, 1, 0
114591, 2, 0, 0, 0, 2, 0
114594, 3, 0, 0, 0, 2, 1
127908, 0, 1, 0, 1, 0, 0
114595, 1, 0, 0, 0, 0, 1
114596, 1, 0, 0, 0, 1, 0
114597, 1, 0, 0, 0, 1, 0
114599, 1, 0, 0, 0, 0, 1
114600, 1, 0, 0, 0, 1, 0
114601, 1, 0, 0, 0, 1, 0
114602, 0, 2, 2, 0, 0, 0
114603, 2, 0, 0, 0, 2, 0
114605, 1, 0, 0, 0, 1, 0
114606, 0, 1, 1, 0, 0, 0
114609, 2, 0, 0, 0, 2, 0
114610, 0, 1, 1, 0, 0, 0
114611, 1, 0, 0, 0, 1, 0
114612, 1, 0, 0, 0, 1, 0
114613, 1, 0, 0, 0, 0, 1
114615, 4, 0, 0, 0, 4, 0
114617, 1, 0, 0, 0, 1, 0
114618, 1, 0, 0, 0, 1, 0
114619, 1, 0, 0, 0, 1, 0
114620, 0, 1, 1, 0, 0, 0
114621, 1, 0, 0, 0, 1, 0
114622, 0, 1, 1, 0, 0, 0
114624, 1, 0, 0, 0, 1, 0
114628, 1, 0, 0, 0, 0, 1
114629, 0, 1, 0, 1, 0, 0
115835, 0, 1, 1, 0, 0, 0
114632, 3, 0, 0, 0, 3, 0
114633, 1, 0, 0, 0, 1, 0
114634, 1, 0, 0, 0, 1, 0
114635, 1, 0, 0, 0, 1, 0
114638, 1, 0, 0, 0, 1, 0
114639, 0, 4, 2, 2, 0, 0
114640, 1, 0, 0, 0, 1, 0
114641, 2, 0, 0, 0, 1, 1
114642, 2, 2, 2, 0, 2, 0
114643, 1, 0, 0, 0, 1, 0
114644, 1, 0, 0, 0, 1, 0
114648, 1, 0, 0, 0, 1, 0
114651, 4, 0, 0, 0, 4, 0
114652, 1, 0, 0, 0, 1, 0
114654, 2, 1, 1, 0, 2, 0
114655, 1, 0, 0, 0, 1, 0
114656, 1, 0, 0, 0, 1, 0
114657, 2, 0, 0, 0, 2, 0
114658, 1, 0, 0, 0, 1, 0
114659, 1, 0, 0, 0, 1, 0
114660, 1, 0, 0, 0, 1, 0
114661, 1, 0, 0, 0, 0, 1
114662, 0, 1, 0, 1, 0, 0
114663, 1, 0, 0, 0, 1, 0
114665, 2, 0, 0, 0, 2, 0
114666, 1, 0, 0, 0, 1, 0
114667, 1, 0, 0, 0, 1, 0
114669, 1, 0, 0, 0, 1, 0
114670, 1, 0, 0, 0, 0, 1
114674, 1, 0, 0, 0, 1, 0
114675, 1, 0, 0, 0, 1, 0
114676, 0, 1, 1, 0, 0, 0
114677, 3, 0, 0, 0, 3, 0
114678, 0, 1, 1, 0, 0, 0
114679, 1, 0, 0, 0, 1, 0
114680, 0, 1, 1, 0, 0, 0
114683, 1, 0, 0, 0, 1, 0
114684, 1, 0, 0, 0, 1, 0
114685, 1, 0, 0, 0, 1, 0
114686, 2, 0, 0, 0, 2, 0
114687, 1, 0, 0, 0, 1, 0
114689, 1, 0, 0, 0, 0, 1
114690, 1, 1, 1, 0, 1, 0
114691, 1, 0, 0, 0, 1, 0
114692, 1, 0, 0, 0, 1, 0
114693, 5, 0, 0, 0, 3, 2
114694, 1, 0, 0, 0, 1, 0
114695, 0, 1, 1, 0, 0, 0
114697, 3, 0, 0, 0, 3, 0
114699, 2, 0, 0, 0, 0, 2
114714, 0, 1, 0, 1, 0, 0
114700, 1, 0, 0, 0, 1, 0
114701, 0, 1, 1, 0, 0, 0
114702, 1, 1, 1, 0, 1, 0
114704, 1, 0, 0, 0, 1, 0
114705, 1, 0, 0, 0, 1, 0
114706, 1, 0, 0, 0, 1, 0
114708, 1, 0, 0, 0, 1, 0
114710, 1, 0, 0, 0, 0, 1
114711, 2, 2, 2, 0, 2, 0
114713, 1, 0, 0, 0, 1, 0
114716, 1, 0, 0, 0, 1, 0
114718, 1, 0, 0, 0, 0, 1
114719, 1, 0, 0, 0, 1, 0
114724, 2, 0, 0, 0, 2, 0
114725, 1, 0, 0, 0, 1, 0
114727, 1, 0, 0, 0, 1, 0
114728, 1, 0, 0, 0, 1, 0
114729, 1, 0, 0, 0, 1, 0
114997, 7, 2, 1, 1, 7, 0
115061, 0, 1, 0, 1, 0, 0
114732, 1, 0, 0, 0, 0, 1
121302, 0, 1, 1, 0, 0, 0
114734, 1, 0, 0, 0, 1, 0
114735, 2, 0, 0, 0, 2, 0
114737, 1, 0, 0, 0, 0, 1
114738, 0, 1, 0, 1, 0, 0
114739, 1, 0, 0, 0, 1, 0
114741, 1, 0, 0, 0, 0, 1
114742, 1, 0, 0, 0, 1, 0
114743, 1, 1, 1, 0, 0, 1
114744, 1, 0, 0, 0, 1, 0
114745, 1, 0, 0, 0, 1, 0
114747, 1, 0, 0, 0, 1, 0
114748, 4, 0, 0, 0, 0, 4
114751, 2, 1, 1, 0, 2, 0
114753, 1, 0, 0, 0, 1, 0
114755, 1, 0, 0, 0, 1, 0
114756, 2, 0, 0, 0, 1, 1
114759, 6, 0, 0, 0, 6, 0
114760, 1, 0, 0, 0, 1, 0
114761, 1, 0, 0, 0, 1, 0
114762, 1, 0, 0, 0, 1, 0
114764, 1, 0, 0, 0, 1, 0
116443, 0, 1, 0, 1, 0, 0
114766, 1, 0, 0, 0, 1, 0
114767, 0, 1, 1, 0, 0, 0
114768, 3, 0, 0, 0, 3, 0
114769, 1, 0, 0, 0, 0, 1
114771, 1, 0, 0, 0, 1, 0
114772, 2, 0, 0, 0, 2, 0
114773, 2, 0, 0, 0, 2, 0
114774, 3, 0, 0, 0, 3, 0
114777, 1, 0, 0, 0, 1, 0
114780, 1, 0, 0, 0, 1, 0
114783, 1, 0, 0, 0, 1, 0
114785, 1, 0, 0, 0, 1, 0
114786, 0, 1, 1, 0, 0, 0
114787, 1, 0, 0, 0, 1, 0
114788, 1, 0, 0, 0, 1, 0
114789, 1, 0, 0, 0, 1, 0
114791, 1, 0, 0, 0, 1, 0
114792, 1, 0, 0, 0, 1, 0
114793, 0, 1, 1, 0, 0, 0
114794, 1, 0, 0, 0, 0, 1
114795, 1, 0, 0, 0, 0, 1
114796, 1, 0, 0, 0, 1, 0
114797, 2, 0, 0, 0, 1, 1
114799, 1, 0, 0, 0, 1, 0
114800, 0, 2, 2, 0, 0, 0
114801, 1, 0, 0, 0, 1, 0
114804, 1, 0, 0, 0, 0, 1
114805, 1, 0, 0, 0, 1, 0
114806, 1, 0, 0, 0, 1, 0
114808, 1, 0, 0, 0, 1, 0
114809, 1, 0, 0, 0, 1, 0
114810, 1, 0, 0, 0, 1, 0
114811, 0, 1, 1, 0, 0, 0
114812, 1, 0, 0, 0, 1, 0
114813, 1, 0, 0, 0, 1, 0
114814, 0, 1, 1, 0, 0, 0
114815, 1, 0, 0, 0, 1, 0
114817, 5, 0, 0, 0, 5, 0
114818, 2, 0, 0, 0, 1, 1
114819, 0, 1, 1, 0, 0, 0
114820, 1, 0, 0, 0, 1, 0
114823, 1, 0, 0, 0, 1, 0
114824, 3, 0, 0, 0, 3, 0
114825, 0, 1, 1, 0, 0, 0
114826, 1, 0, 0, 0, 1, 0
114830, 1, 0, 0, 0, 1, 0
114831, 0, 1, 1, 0, 0, 0
114833, 1, 0, 0, 0, 1, 0
114834, 1, 0, 0, 0, 1, 0
114835, 1, 0, 0, 0, 1, 0
114836, 1, 0, 0, 0, 1, 0
114837, 1, 0, 0, 0, 0, 1
114838, 0, 1, 0, 1, 0, 0
114841, 1, 0, 0, 0, 1, 0
114843, 2, 0, 0, 0, 2, 0
114845, 1, 1, 0, 1, 1, 0
114849, 1, 0, 0, 0, 0, 1
114850, 9, 0, 0, 0, 9, 0
114851, 1, 0, 0, 0, 1, 0
114852, 2, 0, 0, 0, 2, 0
114853, 0, 1, 1, 0, 0, 0
114854, 1, 0, 0, 0, 1, 0
114856, 1, 0, 0, 0, 0, 1
114857, 1, 1, 1, 0, 1, 0
114858, 1, 0, 0, 0, 1, 0
114859, 0, 3, 3, 0, 0, 0
114860, 1, 0, 0, 0, 1, 0
114967, 0, 2, 2, 0, 0, 0
118594, 0, 1, 1, 0, 0, 0
114863, 1, 0, 0, 0, 0, 1
114864, 1, 0, 0, 0, 0, 1
114865, 1, 0, 0, 0, 0, 1
114866, 1, 0, 0, 0, 1, 0
114867, 1, 0, 0, 0, 1, 0
114870, 1, 0, 0, 0, 0, 1
114871, 1, 0, 0, 0, 1, 0
114873, 1, 0, 0, 0, 1, 0
114874, 0, 1, 1, 0, 0, 0
114875, 2, 0, 0, 0, 2, 0
114876, 1, 0, 0, 0, 1, 0
114877, 0, 1, 1, 0, 0, 0
114878, 2, 0, 0, 0, 1, 1
114879, 1, 0, 0, 0, 1, 0
114884, 1, 0, 0, 0, 1, 0
114885, 1, 0, 0, 0, 1, 0
114886, 1, 0, 0, 0, 1, 0
114888, 2, 1, 1, 0, 1, 1
118675, 0, 1, 0, 1, 0, 0
114889, 1, 0, 0, 0, 1, 0
114890, 0, 1, 1, 0, 0, 0
114891, 6, 0, 0, 0, 4, 2
114892, 1, 1, 1, 0, 1, 0
114893, 0, 1, 1, 0, 0, 0
114895, 1, 0, 0, 0, 1, 0
114896, 1, 0, 0, 0, 1, 0
114897, 0, 1, 1, 0, 0, 0
114899, 1, 0, 0, 0, 1, 0
114900, 1, 0, 0, 0, 1, 0
114902, 1, 0, 0, 0, 0, 1
114903, 1, 1, 1, 0, 1, 0
114904, 2, 1, 1, 0, 2, 0
114905, 2, 0, 0, 0, 2, 0
114906, 2, 0, 0, 0, 2, 0
114907, 1, 1, 1, 0, 1, 0
114908, 1, 1, 1, 0, 1, 0
114910, 1, 0, 0, 0, 1, 0
114911, 0, 2, 2, 0, 0, 0
114912, 1, 0, 0, 0, 1, 0
114913, 1, 0, 0, 0, 1, 0
114914, 1, 0, 0, 0, 1, 0
114915, 2, 0, 0, 0, 2, 0
114916, 1, 0, 0, 0, 1, 0
114917, 0, 1, 1, 0, 0, 0
115345, 0, 1, 1, 0, 0, 0
114919, 1, 0, 0, 0, 1, 0
114921, 2, 0, 0, 0, 0, 2
114923, 1, 0, 0, 0, 1, 0
114924, 1, 0, 0, 0, 1, 0
114925, 2, 0, 0, 0, 2, 0
114927, 1, 0, 0, 0, 1, 0
114930, 1, 0, 0, 0, 1, 0
114931, 1, 0, 0, 0, 1, 0
114932, 1, 0, 0, 0, 1, 0
122118, 0, 1, 1, 0, 0, 0
114941, 1, 0, 0, 0, 1, 0
114942, 0, 1, 1, 0, 0, 0
114944, 1, 0, 0, 0, 1, 0
114945, 0, 2, 2, 0, 0, 0
114946, 2, 0, 0, 0, 2, 0
114949, 1, 0, 0, 0, 0, 1
114950, 1, 0, 0, 0, 1, 0
114951, 0, 1, 1, 0, 0, 0
114953, 1, 0, 0, 0, 1, 0
114954, 0, 1, 1, 0, 0, 0
114956, 2, 0, 0, 0, 2, 0
114957, 1, 0, 0, 0, 1, 0
114960, 1, 0, 0, 0, 1, 0
114961, 0, 2, 2, 0, 0, 0
114965, 1, 0, 0, 0, 1, 0
114968, 1, 0, 0, 0, 1, 0
114970, 1, 1, 1, 0, 1, 0
115575, 0, 1, 1, 0, 0, 0
114972, 1, 0, 0, 0, 1, 0
114973, 1, 0, 0, 0, 1, 0
114975, 1, 0, 0, 0, 0, 1
114976, 2, 0, 0, 0, 2, 0
114977, 1, 0, 0, 0, 0, 1
114978, 1, 0, 0, 0, 1, 0
114979, 2, 0, 0, 0, 2, 0
114980, 2, 0, 0, 0, 2, 0
114981, 1, 0, 0, 0, 1, 0
123749, 0, 1, 1, 0, 0, 0
114985, 1, 0, 0, 0, 0, 1
114986, 1, 0, 0, 0, 1, 0
114989, 1, 0, 0, 0, 1, 0
114990, 1, 0, 0, 0, 1, 0
114991, 1, 0, 0, 0, 1, 0
114994, 1, 0, 0, 0, 0, 1
114995, 1, 0, 0, 0, 1, 0
114996, 12, 0, 0, 0, 12, 0
114998, 1, 0, 0, 0, 1, 0
114999, 1, 0, 0, 0, 0, 1
115000, 4, 0, 0, 0, 3, 1
115903, 1, 1, 1, 0, 1, 0
115002, 6, 0, 0, 0, 6, 0
125610, 0, 1, 1, 0, 0, 0
115003, 1, 0, 0, 0, 1, 0
115004, 2, 0, 0, 0, 2, 0
115005, 1, 0, 0, 0, 1, 0
115006, 0, 1, 1, 0, 0, 0
130869, 0, 1, 1, 0, 0, 0
115011, 1, 0, 0, 0, 1, 0
115012, 1, 0, 0, 0, 0, 1
115015, 1, 0, 0, 0, 1, 0
115016, 1, 0, 0, 0, 0, 1
115018, 2, 0, 0, 0, 2, 0
115019, 0, 1, 1, 0, 0, 0
115021, 1, 0, 0, 0, 1, 0
115022, 1, 0, 0, 0, 0, 1
115023, 1, 0, 0, 0, 1, 0
115024, 1, 0, 0, 0, 1, 0
115025, 0, 1, 1, 0, 0, 0
115026, 1, 0, 0, 0, 1, 0
115027, 1, 0, 0, 0, 1, 0
115028, 1, 0, 0, 0, 1, 0
115029, 1, 0, 0, 0, 1, 0
115030, 1, 0, 0, 0, 1, 0
115033, 1, 0, 0, 0, 1, 0
115034, 0, 1, 1, 0, 0, 0
115035, 1, 0, 0, 0, 1, 0
115036, 1, 0, 0, 0, 1, 0
115037, 1, 0, 0, 0, 1, 0
115039, 1, 0, 0, 0, 1, 0
115040, 1, 0, 0, 0, 1, 0
115041, 1, 0, 0, 0, 1, 0
115042, 1, 0, 0, 0, 1, 0
115043, 0, 1, 1, 0, 0, 0
115048, 3, 0, 0, 0, 3, 0
115049, 0, 1, 1, 0, 0, 0
115051, 1, 0, 0, 0, 1, 0
115053, 1, 0, 0, 0, 0, 1
115062, 1, 0, 0, 0, 1, 0
115063, 0, 1, 1, 0, 0, 0
115065, 1, 0, 0, 0, 1, 0
115066, 1, 0, 0, 0, 1, 0
115068, 1, 0, 0, 0, 0, 1
125232, 1, 1, 1, 0, 1, 0
115070, 1, 0, 0, 0, 1, 0
115071, 1, 0, 0, 0, 1, 0
115072, 1, 0, 0, 0, 1, 0
115073, 0, 1, 1, 0, 0, 0
115076, 1, 0, 0, 0, 1, 0
115079, 1, 0, 0, 0, 1, 0
115082, 1, 0, 0, 0, 1, 0
115083, 0, 1, 1, 0, 0, 0
115084, 1, 0, 0, 0, 0, 1
115085, 1, 0, 0, 0, 1, 0
115086, 1, 0, 0, 0, 1, 0
115087, 1, 0, 0, 0, 1, 0
115088, 1, 0, 0, 0, 1, 0
115090, 1, 0, 0, 0, 0, 1
115091, 1, 0, 0, 0, 1, 0
115092, 0, 2, 2, 0, 0, 0
115093, 1, 0, 0, 0, 1, 0
115094, 2, 0, 0, 0, 0, 2
115095, 1, 0, 0, 0, 1, 0
115097, 1, 0, 0, 0, 1, 0
115098, 1, 0, 0, 0, 1, 0
115099, 0, 1, 1, 0, 0, 0
115100, 1, 0, 0, 0, 1, 0
115101, 0, 1, 1, 0, 0, 0
115102, 1, 0, 0, 0, 1, 0
115103, 1, 0, 0, 0, 1, 0
115105, 1, 0, 0, 0, 1, 0
115106, 1, 1, 1, 0, 1, 0
115107, 1, 0, 0, 0, 1, 0
115109, 1, 0, 0, 0, 1, 0
115110, 0, 1, 1, 0, 0, 0
115111, 1, 0, 0, 0, 1, 0
115113, 1, 0, 0, 0, 1, 0
115114, 1, 0, 0, 0, 1, 0
115115, 2, 0, 0, 0, 2, 0
115116, 0, 1, 1, 0, 0, 0
115117, 1, 0, 0, 0, 1, 0
115118, 1, 0, 0, 0, 1, 0
115119, 1, 0, 0, 0, 1, 0
115122, 3, 0, 0, 0, 3, 0
115124, 1, 0, 0, 0, 1, 0
115125, 0, 1, 1, 0, 0, 0
115126, 1, 0, 0, 0, 1, 0
115132, 1, 0, 0, 0, 1, 0
115133, 1, 0, 0, 0, 1, 0
115135, 2, 0, 0, 0, 0, 2
115137, 2, 0, 0, 0, 2, 0
115138, 1, 0, 0, 0, 1, 0
115139, 4, 0, 0, 0, 0, 4
115140, 3, 1, 1, 0, 1, 2
115141, 1, 0, 0, 0, 0, 1
115142, 1, 0, 0, 0, 1, 0
115144, 1, 0, 0, 0, 1, 0
115146, 1, 0, 0, 0, 1, 0
115150, 1, 0, 0, 0, 1, 0
115151, 1, 0, 0, 0, 1, 0
115152, 1, 0, 0, 0, 1, 0
115153, 0, 1, 1, 0, 0, 0
115155, 1, 1, 1, 0, 1, 0
115156, 1, 0, 0, 0, 1, 0
115157, 0, 2, 2, 0, 0, 0
115158, 1, 0, 0, 0, 1, 0
115160, 1, 0, 0, 0, 1, 0
115161, 0, 1, 1, 0, 0, 0
115162, 1, 0, 0, 0, 1, 0
115163, 1, 0, 0, 0, 0, 1
115166, 1, 0, 0, 0, 1, 0
115168, 1, 0, 0, 0, 1, 0
126705, 0, 1, 0, 1, 0, 0
128476, 1, 1, 1, 0, 1, 0
130716, 1, 1, 1, 0, 1, 0
115170, 1, 0, 0, 0, 1, 0
115171, 1, 0, 0, 0, 1, 0
115172, 0, 1, 1, 0, 0, 0
115173, 1, 0, 0, 0, 1, 0
115174, 0, 1, 1, 0, 0, 0
115176, 1, 0, 0, 0, 1, 0
115179, 1, 0, 0, 0, 1, 0
115180, 1, 0, 0, 0, 1, 0
115182, 1, 0, 0, 0, 1, 0
115183, 2, 0, 0, 0, 2, 0
115184, 1, 0, 0, 0, 1, 0
115185, 1, 0, 0, 0, 1, 0
115186, 1, 0, 0, 0, 1, 0
115187, 1, 0, 0, 0, 1, 0
115188, 2, 0, 0, 0, 2, 0
115189, 1, 0, 0, 0, 1, 0
115190, 0, 1, 1, 0, 0, 0
115191, 1, 0, 0, 0, 0, 1
115192, 1, 0, 0, 0, 1, 0
115194, 4, 0, 0, 0, 4, 0
115198, 1, 0, 0, 0, 0, 1
115199, 4, 0, 0, 0, 4, 0
115200, 0, 1, 1, 0, 0, 0
115201, 0, 1, 1, 0, 0, 0
115204, 0, 1, 1, 0, 0, 0
115202, 1, 0, 0, 0, 1, 0
115203, 0, 1, 1, 0, 0, 0
115205, 5, 0, 0, 0, 5, 0
115206, 1, 0, 0, 0, 1, 0
115208, 1, 0, 0, 0, 1, 0
115212, 1, 0, 0, 0, 1, 0
115214, 0, 1, 1, 0, 0, 0
115215, 0, 1, 1, 0, 0, 0
115216, 1, 0, 0, 0, 1, 0
115217, 1, 0, 0, 0, 1, 0
115219, 1, 0, 0, 0, 1, 0
115220, 1, 0, 0, 0, 1, 0
115221, 2, 0, 0, 0, 2, 0
115222, 1, 0, 0, 0, 1, 0
115223, 1, 0, 0, 0, 0, 1
115224, 0, 1, 0, 1, 0, 0
115225, 1, 0, 0, 0, 0, 1
115229, 1, 0, 0, 0, 1, 0
115231, 8, 0, 0, 0, 7, 1
115232, 1, 0, 0, 0, 1, 0
115233, 0, 1, 1, 0, 0, 0
115235, 0, 1, 0, 1, 0, 0
115236, 1, 0, 0, 0, 1, 0
115238, 0, 1, 1, 0, 0, 0
115243, 0, 1, 1, 0, 0, 0
115239, 1, 0, 0, 0, 1, 0
115241, 1, 0, 0, 0, 1, 0
115242, 1, 0, 0, 0, 1, 0
115245, 1, 0, 0, 0, 1, 0
115246, 2, 0, 0, 0, 2, 0
115247, 1, 0, 0, 0, 0, 1
115249, 1, 0, 0, 0, 1, 0
115250, 1, 0, 0, 0, 0, 1
115251, 1, 0, 0, 0, 1, 0
115252, 2, 0, 0, 0, 2, 0
115253, 1, 0, 0, 0, 1, 0
115254, 1, 0, 0, 0, 1, 0
115255, 10, 0, 0, 0, 8, 2
115257, 0, 1, 1, 0, 0, 0
115260, 2, 0, 0, 0, 1, 1
115261, 2, 0, 0, 0, 2, 0
115263, 1, 0, 0, 0, 0, 1
115264, 1, 0, 0, 0, 1, 0
115268, 2, 0, 0, 0, 2, 0
115270, 3, 0, 0, 0, 3, 0
115271, 1, 0, 0, 0, 1, 0
115275, 1, 0, 0, 0, 1, 0
115276, 1, 0, 0, 0, 1, 0
115278, 2, 0, 0, 0, 2, 0
115279, 1, 0, 0, 0, 1, 0
115282, 1, 0, 0, 0, 1, 0
115284, 2, 0, 0, 0, 2, 0
115285, 1, 1, 0, 1, 0, 1
115286, 1, 0, 0, 0, 1, 0
115287, 2, 0, 0, 0, 2, 0
115288, 1, 0, 0, 0, 1, 0
115290, 1, 0, 0, 0, 1, 0
115291, 1, 1, 1, 0, 1, 0
115293, 1, 0, 0, 0, 1, 0
115294, 1, 0, 0, 0, 1, 0
115295, 1, 0, 0, 0, 1, 0
115297, 7, 0, 0, 0, 3, 4
115298, 0, 1, 0, 1, 0, 0
115300, 0, 1, 0, 1, 0, 0
115299, 1, 0, 0, 0, 0, 1
115301, 1, 0, 0, 0, 1, 0
115302, 1, 0, 0, 0, 1, 0
115303, 0, 1, 1, 0, 0, 0
115304, 1, 0, 0, 0, 1, 0
115305, 1, 0, 0, 0, 1, 0
115306, 1, 0, 0, 0, 1, 0
115308, 1, 0, 0, 0, 1, 0
115309, 1, 0, 0, 0, 1, 0
115310, 1, 0, 0, 0, 1, 0
115311, 1, 0, 0, 0, 1, 0
115312, 1, 0, 0, 0, 1, 0
115315, 1, 0, 0, 0, 1, 0
115316, 2, 0, 0, 0, 2, 0
115317, 1, 0, 0, 0, 1, 0
115318, 1, 0, 0, 0, 1, 0
115319, 0, 2, 2, 0, 0, 0
115320, 1, 0, 0, 0, 1, 0
115324, 1, 0, 0, 0, 1, 0
115325, 1, 0, 0, 0, 0, 1
115327, 1, 0, 0, 0, 1, 0
115328, 4, 0, 0, 0, 4, 0
115330, 2, 0, 0, 0, 0, 2
115332, 1, 0, 0, 0, 1, 0
115337, 4, 0, 0, 0, 3, 1
115338, 7, 1, 1, 0, 7, 0
115339, 1, 0, 0, 0, 1, 0
115340, 1, 0, 0, 0, 1, 0
115341, 0, 1, 1, 0, 0, 0
115343, 2, 0, 0, 0, 2, 0
115344, 1, 0, 0, 0, 1, 0
115346, 1, 0, 0, 0, 1, 0
115348, 1, 0, 0, 0, 1, 0
115349, 1, 0, 0, 0, 1, 0
115350, 0, 3, 3, 0, 0, 0
115351, 1, 0, 0, 0, 1, 0
115352, 2, 0, 0, 0, 2, 0
115354, 1, 0, 0, 0, 0, 1
115356, 1, 0, 0, 0, 1, 0
116618, 0, 1, 1, 0, 0, 0
115361, 1, 0, 0, 0, 1, 0
115364, 1, 0, 0, 0, 1, 0
115365, 1, 0, 0, 0, 1, 0
115366, 4, 0, 0, 0, 4, 0
115367, 0, 1, 1, 0, 0, 0
115369, 1, 0, 0, 0, 1, 0
115370, 1, 0, 0, 0, 1, 0
115372, 2, 0, 0, 0, 2, 0
115373, 5, 0, 0, 0, 1, 4
115532, 0, 1, 0, 1, 0, 0
115375, 1, 0, 0, 0, 0, 1
115376, 0, 1, 0, 1, 0, 0
115378, 1, 0, 0, 0, 1, 0
115379, 1, 0, 0, 0, 1, 0
115380, 0, 1, 1, 0, 0, 0
115382, 1, 0, 0, 0, 1, 0
115384, 1, 0, 0, 0, 1, 0
115386, 1, 0, 0, 0, 1, 0
115388, 1, 0, 0, 0, 1, 0
115389, 1, 0, 0, 0, 1, 0
115392, 1, 0, 0, 0, 1, 0
115397, 1, 0, 0, 0, 1, 0
115400, 0, 1, 0, 1, 0, 0
115402, 1, 0, 0, 0, 1, 0
115403, 1, 0, 0, 0, 1, 0
115404, 1, 0, 0, 0, 1, 0
115405, 1, 0, 0, 0, 1, 0
115406, 0, 1, 1, 0, 0, 0
115409, 1, 0, 0, 0, 1, 0
115411, 1, 0, 0, 0, 1, 0
115413, 1, 0, 0, 0, 1, 0
115416, 1, 0, 0, 0, 1, 0
115417, 0, 1, 1, 0, 0, 0
115418, 1, 0, 0, 0, 1, 0
115423, 1, 0, 0, 0, 0, 1
115424, 1, 0, 0, 0, 1, 0
115426, 1, 0, 0, 0, 1, 0
115427, 1, 0, 0, 0, 1, 0
115429, 1, 0, 0, 0, 1, 0
115431, 1, 0, 0, 0, 1, 0
115432, 1, 0, 0, 0, 1, 0
115433, 1, 0, 0, 0, 0, 1
115435, 2, 3, 3, 0, 1, 1
115436, 0, 1, 0, 1, 0, 0
115498, 0, 3, 3, 0, 0, 0
124282, 0, 1, 1, 0, 0, 0
125530, 0, 1, 1, 0, 0, 0
115438, 1, 0, 0, 0, 1, 0
115439, 1, 0, 0, 0, 1, 0
115440, 1, 0, 0, 0, 1, 0
115441, 0, 1, 1, 0, 0, 0
115444, 2, 1, 1, 0, 1, 1
115446, 2, 0, 0, 0, 2, 0
115447, 1, 0, 0, 0, 1, 0
115450, 1, 0, 0, 0, 0, 1
115451, 1, 0, 0, 0, 1, 0
115452, 1, 0, 0, 0, 1, 0
115456, 2, 1, 1, 0, 2, 0
115457, 1, 0, 0, 0, 0, 1
115458, 1, 0, 0, 0, 1, 0
115459, 1, 0, 0, 0, 1, 0
115461, 1, 0, 0, 0, 0, 1
115463, 2, 0, 0, 0, 2, 0
115464, 1, 0, 0, 0, 1, 0
115465, 2, 0, 0, 0, 2, 0
116636, 0, 1, 1, 0, 0, 0
115466, 1, 0, 0, 0, 1, 0
115467, 1, 0, 0, 0, 1, 0
115468, 1, 1, 1, 0, 0, 1
115469, 1, 0, 0, 0, 1, 0
117660, 0, 1, 1, 0, 0, 0
115475, 1, 0, 0, 0, 0, 1
115476, 1, 0, 0, 0, 1, 0
115477, 3, 0, 0, 0, 3, 0
115478, 1, 0, 0, 0, 1, 0
115481, 1, 0, 0, 0, 1, 0
115482, 1, 0, 0, 0, 1, 0
115483, 1, 0, 0, 0, 1, 0
115484, 3, 0, 0, 0, 3, 0
115485, 1, 0, 0, 0, 1, 0
115488, 1, 0, 0, 0, 1, 0
115489, 2, 0, 0, 0, 2, 0
115490, 0, 1, 1, 0, 0, 0
115491, 1, 0, 0, 0, 1, 0
115493, 1, 0, 0, 0, 1, 0
115496, 7, 0, 0, 0, 6, 1
115497, 0, 1, 1, 0, 0, 0
115499, 0, 2, 2, 0, 0, 0
115500, 0, 3, 3, 0, 0, 0
115501, 0, 3, 0, 3, 0, 0
115502, 6, 0, 0, 0, 4, 2
122796, 1, 1, 1, 0, 0, 1
115504, 1, 0, 0, 0, 1, 0
115727, 2, 5, 5, 0, 2, 0
115775, 0, 1, 1, 0, 0, 0
115508, 1, 0, 0, 0, 1, 0
115509, 0, 1, 1, 0, 0, 0
115513, 1, 0, 0, 0, 1, 0
115515, 1, 0, 0, 0, 0, 1
115516, 1, 0, 0, 0, 1, 0
122785, 1, 1, 0, 1, 0, 1
115519, 1, 0, 0, 0, 1, 0
115520, 0, 1, 1, 0, 0, 0
115521, 1, 0, 0, 0, 1, 0
115525, 1, 0, 0, 0, 1, 0
115526, 0, 1, 1, 0, 0, 0
115530, 2, 0, 0, 0, 2, 0
115531, 1, 0, 0, 0, 1, 0
115533, 2, 0, 0, 0, 2, 0
115534, 0, 1, 1, 0, 0, 0
115535, 1, 0, 0, 0, 1, 0
115536, 0, 1, 1, 0, 0, 0
115537, 1, 0, 0, 0, 1, 0
115538, 1, 0, 0, 0, 1, 0
115539, 1, 0, 0, 0, 1, 0
115540, 6, 0, 0, 0, 6, 0
115542, 0, 1, 1, 0, 0, 0
115541, 1, 0, 0, 0, 1, 0
115544, 1, 0, 0, 0, 1, 0
115545, 1, 0, 0, 0, 1, 0
115547, 1, 0, 0, 0, 1, 0
115549, 1, 0, 0, 0, 1, 0
115550, 1, 0, 0, 0, 1, 0
115551, 0, 1, 1, 0, 0, 0
115552, 2, 0, 0, 0, 2, 0
115554, 1, 0, 0, 0, 1, 0
115555, 1, 0, 0, 0, 1, 0
115556, 0, 1, 1, 0, 0, 0
115557, 1, 0, 0, 0, 0, 1
115558, 1, 0, 0, 0, 1, 0
115559, 1, 0, 0, 0, 1, 0
115560, 0, 2, 1, 1, 0, 0
115562, 1, 1, 1, 0, 1, 0
115563, 1, 1, 1, 0, 1, 0
115564, 1, 0, 0, 0, 1, 0
115565, 1, 0, 0, 0, 1, 0
115569, 1, 0, 0, 0, 0, 1
115574, 3, 2, 1, 1, 3, 0
115742, 0, 1, 1, 0, 0, 0
115576, 1, 0, 0, 0, 1, 0
115577, 1, 0, 0, 0, 1, 0
115578, 1, 0, 0, 0, 1, 0
115579, 1, 0, 0, 0, 1, 0
115583, 1, 0, 0, 0, 1, 0
115584, 2, 0, 0, 0, 2, 0
115585, 0, 1, 1, 0, 0, 0
115587, 2, 0, 0, 0, 1, 1
115588, 1, 0, 0, 0, 1, 0
115592, 1, 0, 0, 0, 1, 0
115593, 0, 1, 1, 0, 0, 0
115595, 11, 0, 0, 0, 11, 0
115762, 0, 1, 1, 0, 0, 0
127118, 0, 1, 1, 0, 0, 0
115597, 1, 0, 0, 0, 0, 1
115600, 1, 0, 0, 0, 1, 0
115601, 1, 0, 0, 0, 1, 0
115603, 1, 0, 0, 0, 1, 0
115604, 0, 1, 1, 0, 0, 0
115607, 1, 0, 0, 0, 0, 1
115608, 1, 0, 0, 0, 1, 0
115609, 2, 0, 0, 0, 2, 0
115610, 1, 0, 0, 0, 1, 0
115612, 1, 0, 0, 0, 1, 0
115613, 2, 0, 0, 0, 2, 0
115614, 11, 0, 0, 0, 7, 4
116775, 0, 1, 1, 0, 0, 0
115618, 3, 0, 0, 0, 3, 0
115619, 1, 0, 0, 0, 1, 0
115620, 0, 1, 1, 0, 0, 0
115622, 1, 0, 0, 0, 1, 0
115651, 0, 1, 0, 1, 0, 0
115819, 0, 1, 0, 1, 0, 0
115624, 1, 0, 0, 0, 1, 0
115625, 1, 0, 0, 0, 1, 0
115626, 0, 1, 1, 0, 0, 0
115628, 1, 0, 0, 0, 0, 1
115630, 1, 0, 0, 0, 1, 0
115631, 1, 0, 0, 0, 1, 0
115632, 3, 0, 0, 0, 3, 0
115929, 2, 1, 1, 0, 2, 0
115634, 1, 0, 0, 0, 1, 0
115635, 0, 1, 1, 0, 0, 0
115636, 1, 0, 0, 0, 1, 0
115637, 1, 0, 0, 0, 1, 0
115638, 1, 0, 0, 0, 1, 0
115639, 1, 0, 0, 0, 0, 1
115640, 1, 0, 0, 0, 1, 0
115641, 2, 0, 0, 0, 2, 0
115642, 1, 0, 0, 0, 0, 1
115646, 1, 1, 1, 0, 1, 0
115650, 1, 0, 0, 0, 1, 0
115676, 1, 0, 0, 0, 1, 0
115677, 1, 0, 0, 0, 1, 0
115680, 1, 0, 0, 0, 1, 0
115683, 1, 0, 0, 0, 1, 0
115688, 1, 0, 0, 0, 1, 0
115689, 6, 0, 0, 0, 6, 0
115723, 0, 1, 1, 0, 0, 0
115690, 1, 0, 0, 0, 1, 0
115691, 1, 0, 0, 0, 1, 0
116059, 8, 3, 3, 0, 8, 0
117582, 0, 1, 1, 0, 0, 0
115693, 3, 0, 0, 0, 3, 0
115694, 1, 0, 0, 0, 1, 0
115695, 0, 1, 1, 0, 0, 0
115770, 0, 1, 1, 0, 0, 0
115701, 1, 0, 0, 0, 1, 0
115702, 1, 0, 0, 0, 1, 0
115703, 0, 1, 1, 0, 0, 0
115705, 1, 1, 1, 0, 1, 0
115706, 1, 1, 1, 0, 1, 0
115707, 0, 1, 1, 0, 0, 0
115709, 1, 0, 0, 0, 1, 0
115710, 0, 1, 1, 0, 0, 0
115712, 1, 0, 0, 0, 1, 0
115713, 1, 0, 0, 0, 1, 0
115714, 17, 0, 0, 0, 17, 0
115716, 2, 0, 0, 0, 1, 1
115719, 1, 0, 0, 0, 1, 0
115720, 1, 0, 0, 0, 1, 0
115721, 1, 0, 0, 0, 1, 0
115722, 1, 3, 3, 0, 0, 1
115725, 1, 0, 0, 0, 1, 0
115726, 1, 0, 0, 0, 1, 0
115728, 1, 0, 0, 0, 1, 0
115730, 1, 0, 0, 0, 1, 0
115731, 0, 1, 1, 0, 0, 0
115733, 3, 0, 0, 0, 3, 0
115847, 0, 1, 1, 0, 0, 0
115735, 1, 0, 0, 0, 1, 0
115736, 1, 0, 0, 0, 1, 0
115737, 1, 0, 0, 0, 1, 0
115738, 1, 0, 0, 0, 1, 0
115739, 10, 0, 0, 0, 10, 0
115743, 1, 2, 2, 0, 0, 1
115744, 1, 0, 0, 0, 1, 0
115745, 6, 1, 1, 0, 6, 0
115746, 6, 0, 0, 0, 6, 0
115747, 1, 0, 0, 0, 1, 0
115748, 1, 0, 0, 0, 1, 0
115750, 1, 0, 0, 0, 1, 0
115751, 1, 0, 0, 0, 1, 0
115752, 1, 0, 0, 0, 1, 0
115753, 1, 0, 0, 0, 1, 0
115754, 0, 1, 1, 0, 0, 0
115755, 1, 1, 1, 0, 1, 0
115756, 1, 1, 1, 0, 1, 0
115757, 2, 0, 0, 0, 2, 0
115758, 1, 0, 0, 0, 1, 0
115763, 1, 0, 0, 0, 1, 0
115764, 1, 0, 0, 0, 1, 0
115765, 1, 0, 0, 0, 0, 1
115766, 2, 0, 0, 0, 2, 0
115769, 1, 0, 0, 0, 0, 1
115771, 1, 0, 0, 0, 1, 0
115772, 1, 0, 0, 0, 0, 1
115773, 0, 1, 0, 1, 0, 0
115774, 1, 0, 0, 0, 1, 0
115776, 1, 0, 0, 0, 1, 0
115779, 1, 0, 0, 0, 1, 0
115780, 1, 0, 0, 0, 0, 1
115782, 1, 0, 0, 0, 1, 0
115783, 1, 0, 0, 0, 1, 0
115785, 1, 0, 0, 0, 1, 0
115786, 1, 0, 0, 0, 1, 0
115788, 2, 0, 0, 0, 2, 0
115789, 1, 0, 0, 0, 1, 0
115790, 1, 1, 0, 1, 1, 0
115792, 1, 0, 0, 0, 1, 0
115795, 1, 0, 0, 0, 1, 0
115796, 1, 0, 0, 0, 1, 0
115797, 1, 0, 0, 0, 1, 0
115798, 0, 1, 1, 0, 0, 0
115800, 2, 0, 0, 0, 2, 0
119861, 0, 1, 1, 0, 0, 0
115801, 2, 0, 0, 0, 2, 0
115802, 0, 1, 1, 0, 0, 0
115803, 1, 0, 0, 0, 1, 0
115804, 1, 0, 0, 0, 0, 1
115806, 1, 0, 0, 0, 1, 0
115807, 1, 0, 0, 0, 1, 0
115809, 2, 0, 0, 0, 2, 0
115811, 1, 0, 0, 0, 1, 0
115813, 1, 0, 0, 0, 0, 1
115817, 1, 0, 0, 0, 1, 0
115818, 1, 0, 0, 0, 1, 0
115821, 1, 1, 1, 0, 1, 0
115822, 1, 0, 0, 0, 1, 0
115826, 1, 1, 1, 0, 1, 0
115828, 1, 0, 0, 0, 1, 0
116862, 1, 1, 1, 0, 1, 0
126556, 0, 5, 3, 2, 0, 0
115830, 1, 0, 0, 0, 1, 0
115831, 0, 1, 1, 0, 0, 0
115832, 2, 0, 0, 0, 2, 0
115833, 0, 1, 1, 0, 0, 0
115834, 1, 0, 0, 0, 1, 0
115838, 1, 0, 0, 0, 1, 0
115839, 1, 0, 0, 0, 0, 1
115840, 1, 0, 0, 0, 0, 1
115842, 3, 0, 0, 0, 3, 0
115846, 2, 0, 0, 0, 2, 0
115849, 1, 0, 0, 0, 1, 0
115850, 1, 0, 0, 0, 1, 0
115851, 1, 0, 0, 0, 1, 0
115852, 0, 1, 1, 0, 0, 0
115853, 1, 0, 0, 0, 0, 1
115855, 1, 0, 0, 0, 1, 0
115856, 1, 0, 0, 0, 0, 1
115857, 0, 1, 0, 1, 0, 0
115858, 3, 0, 0, 0, 3, 0
115859, 1, 0, 0, 0, 0, 1
115861, 2, 0, 0, 0, 2, 0
115864, 1, 0, 0, 0, 1, 0
115865, 1, 0, 0, 0, 1, 0
115871, 1, 0, 0, 0, 1, 0
115872, 2, 1, 1, 0, 1, 1
115873, 0, 2, 0, 2, 0, 0
115874, 4, 0, 0, 0, 4, 0
115877, 1, 0, 0, 0, 0, 1
115879, 2, 0, 0, 0, 1, 1
115880, 0, 1, 0, 1, 0, 0
115881, 0, 1, 1, 0, 0, 0
115882, 1, 0, 0, 0, 1, 0
115883, 2, 0, 0, 0, 2, 0
115884, 1, 0, 0, 0, 1, 0
115885, 0, 1, 1, 0, 0, 0
115886, 1, 0, 0, 0, 1, 0
115888, 5, 1, 1, 0, 5, 0
115889, 0, 1, 1, 0, 0, 0
115892, 1, 0, 0, 0, 1, 0
115893, 1, 0, 0, 0, 0, 1
115894, 0, 2, 0, 2, 0, 0
117964, 0, 1, 0, 1, 0, 0
118307, 0, 1, 0, 1, 0, 0
118687, 1, 1, 0, 1, 0, 1
122661, 2, 1, 0, 1, 1, 1
115896, 1, 1, 1, 0, 1, 0
115898, 1, 0, 0, 0, 1, 0
115899, 2, 0, 0, 0, 2, 0
115900, 0, 2, 2, 0, 0, 0
115972, 0, 2, 1, 1, 0, 0
115901, 1, 0, 0, 0, 0, 1
115902, 1, 0, 0, 0, 1, 0
115905, 1, 0, 0, 0, 0, 1
115906, 0, 1, 0, 1, 0, 0
115908, 1, 0, 0, 0, 1, 0
115909, 0, 1, 1, 0, 0, 0
115911, 1, 0, 0, 0, 1, 0
115912, 2, 0, 0, 0, 2, 0
115913, 1, 0, 0, 0, 1, 0
115914, 0, 1, 1, 0, 0, 0
115915, 1, 0, 0, 0, 0, 1
115918, 1, 0, 0, 0, 0, 1
115919, 18, 0, 0, 0, 16, 2
115920, 0, 1, 1, 0, 0, 0
115921, 0, 1, 1, 0, 0, 0
119270, 0, 1, 1, 0, 0, 0
121723, 0, 1, 1, 0, 0, 0
128122, 0, 1, 1, 0, 0, 0
115922, 1, 0, 0, 0, 0, 1
115924, 1, 0, 0, 0, 1, 0
115925, 1, 0, 0, 0, 1, 0
115926, 0, 2, 2, 0, 0, 0
115927, 6, 0, 0, 0, 6, 0
115928, 0, 1, 1, 0, 0, 0
120058, 1, 1, 1, 0, 0, 1
115931, 1, 0, 0, 0, 1, 0
115932, 2, 0, 0, 0, 2, 0
115933, 1, 0, 0, 0, 1, 0
115934, 1, 0, 0, 0, 1, 0
115935, 1, 0, 0, 0, 0, 1
115936, 4, 0, 0, 0, 4, 0
115941, 1, 0, 0, 0, 1, 0
115943, 2, 0, 0, 0, 2, 0
115944, 1, 0, 0, 0, 1, 0
115945, 0, 1, 1, 0, 0, 0
115947, 1, 0, 0, 0, 1, 0
115948, 2, 0, 0, 0, 2, 0
115951, 1, 0, 0, 0, 1, 0
115952, 1, 0, 0, 0, 1, 0
115953, 0, 1, 1, 0, 0, 0
115954, 1, 0, 0, 0, 1, 0
115955, 1, 0, 0, 0, 1, 0
115956, 0, 2, 2, 0, 0, 0
115957, 1, 0, 0, 0, 0, 1
115958, 1, 0, 0, 0, 1, 0
115959, 0, 2, 2, 0, 0, 0
115960, 1, 0, 0, 0, 0, 1
115961, 1, 0, 0, 0, 1, 0
115962, 2, 0, 0, 0, 1, 1
115963, 7, 0, 0, 0, 6, 1
115964, 1, 0, 0, 0, 1, 0
115965, 2, 0, 0, 0, 2, 0
115966, 1, 0, 0, 0, 1, 0
115968, 1, 0, 0, 0, 0, 1
115969, 1, 0, 0, 0, 1, 0
115970, 0, 1, 1, 0, 0, 0
115974, 2, 0, 0, 0, 2, 0
115976, 1, 0, 0, 0, 1, 0
115978, 1, 0, 0, 0, 1, 0
115979, 0, 1, 1, 0, 0, 0
115981, 1, 0, 0, 0, 1, 0
115982, 0, 1, 1, 0, 0, 0
115983, 2, 0, 0, 0, 1, 1
115984, 1, 0, 0, 0, 1, 0
115985, 1, 0, 0, 0, 0, 1
115987, 1, 0, 0, 0, 1, 0
115989, 1, 0, 0, 0, 1, 0
115992, 0, 1, 1, 0, 0, 0
115993, 1, 0, 0, 0, 1, 0
115994, 1, 0, 0, 0, 1, 0
115995, 0, 1, 1, 0, 0, 0
115998, 1, 0, 0, 0, 1, 0
115999, 2, 0, 0, 0, 2, 0
116000, 3, 0, 0, 0, 3, 0
116001, 0, 1, 1, 0, 0, 0
123853, 1, 1, 1, 0, 1, 0
124559, 1, 4, 4, 0, 1, 0
127461, 1, 1, 1, 0, 1, 0
128750, 0, 1, 0, 1, 0, 0
116006, 2, 1, 1, 0, 2, 0
116007, 2, 0, 0, 0, 2, 0
116008, 0, 2, 2, 0, 0, 0
116009, 0, 2, 2, 0, 0, 0
116010, 4, 0, 0, 0, 4, 0
116011, 2, 0, 0, 0, 2, 0
116013, 2, 0, 0, 0, 2, 0
116015, 1, 0, 0, 0, 1, 0
116016, 1, 0, 0, 0, 1, 0
116017, 1, 0, 0, 0, 1, 0
116018, 4, 1, 1, 0, 4, 0
116019, 1, 0, 0, 0, 1, 0
116020, 1, 0, 0, 0, 1, 0
116021, 0, 1, 1, 0, 0, 0
116022, 1, 0, 0, 0, 1, 0
116023, 1, 0, 0, 0, 1, 0
116025, 2, 0, 0, 0, 2, 0
116026, 1, 0, 0, 0, 1, 0
116027, 1, 0, 0, 0, 1, 0
116030, 1, 0, 0, 0, 1, 0
116033, 2, 1, 1, 0, 2, 0
116034, 4, 0, 0, 0, 4, 0
116035, 1, 0, 0, 0, 1, 0
116036, 0, 1, 1, 0, 0, 0
116037, 1, 0, 0, 0, 0, 1
116038, 1, 0, 0, 0, 1, 0
116039, 1, 0, 0, 0, 1, 0
116041, 1, 1, 1, 0, 1, 0
116042, 1, 0, 0, 0, 1, 0
116045, 1, 0, 0, 0, 0, 1
116046, 3, 0, 0, 0, 2, 1
116047, 0, 1, 1, 0, 0, 0
116048, 1, 0, 0, 0, 1, 0
116049, 0, 1, 1, 0, 0, 0
116050, 1, 0, 0, 0, 1, 0
116051, 1, 0, 0, 0, 1, 0
116052, 1, 0, 0, 0, 1, 0
116053, 1, 0, 0, 0, 1, 0
116054, 1, 0, 0, 0, 1, 0
116056, 1, 0, 0, 0, 1, 0
116057, 1, 0, 0, 0, 1, 0
116058, 0, 1, 1, 0, 0, 0
116060, 2, 1, 1, 0, 2, 0
116061, 0, 1, 1, 0, 0, 0
116064, 0, 1, 1, 0, 0, 0
116127, 0, 1, 1, 0, 0, 0
116063, 1, 0, 0, 0, 1, 0
116066, 1, 0, 0, 0, 1, 0
116067, 0, 1, 1, 0, 0, 0
116069, 1, 0, 0, 0, 1, 0
116070, 0, 1, 1, 0, 0, 0
116071, 1, 0, 0, 0, 1, 0
116073, 2, 0, 0, 0, 1, 1
116074, 1, 0, 0, 0, 1, 0
116075, 4, 0, 0, 0, 4, 0
116078, 1, 0, 0, 0, 1, 0
116081, 1, 0, 0, 0, 1, 0
116082, 1, 0, 0, 0, 0, 1
116083, 1, 0, 0, 0, 1, 0
116086, 2, 0, 0, 0, 1, 1
116087, 1, 0, 0, 0, 1, 0
116088, 2, 0, 0, 0, 2, 0
116093, 1, 0, 0, 0, 1, 0
116094, 0, 1, 1, 0, 0, 0
116095, 1, 0, 0, 0, 1, 0
116097, 5, 0, 0, 0, 4, 1
116098, 1, 0, 0, 0, 0, 1
116099, 0, 1, 0, 1, 0, 0
116101, 1, 0, 0, 0, 0, 1
116102, 1, 0, 0, 0, 1, 0
116103, 1, 0, 0, 0, 1, 0
116104, 16, 1, 1, 0, 16, 0
116119, 0, 1, 1, 0, 0, 0
116120, 0, 1, 1, 0, 0, 0
116121, 0, 1, 1, 0, 0, 0
116132, 2, 2, 2, 0, 2, 0
116236, 0, 1, 1, 0, 0, 0
116105, 1, 0, 0, 0, 1, 0
116108, 1, 0, 0, 0, 1, 0
116109, 0, 1, 1, 0, 0, 0
116110, 1, 0, 0, 0, 0, 1
116111, 1, 0, 0, 0, 1, 0
116113, 2, 0, 0, 0, 2, 0
116114, 2, 0, 0, 0, 2, 0
116116, 2, 0, 0, 0, 2, 0
116117, 2, 1, 1, 0, 0, 2
116361, 0, 1, 1, 0, 0, 0
116123, 3, 0, 0, 0, 3, 0
116124, 1, 0, 0, 0, 1, 0
116126, 1, 0, 0, 0, 1, 0
116128, 4, 0, 0, 0, 4, 0
116129, 1, 0, 0, 0, 1, 0
116130, 1, 0, 0, 0, 0, 1
116232, 1, 1, 1, 0, 1, 0
116133, 1, 0, 0, 0, 1, 0
116136, 1, 0, 0, 0, 1, 0
116137, 1, 0, 0, 0, 0, 1
116139, 1, 0, 0, 0, 1, 0
116140, 1, 0, 0, 0, 1, 0
116142, 1, 0, 0, 0, 1, 0
116143, 1, 0, 0, 0, 1, 0
116145, 1, 0, 0, 0, 1, 0
116146, 3, 0, 0, 0, 3, 0
116147, 1, 0, 0, 0, 1, 0
116148, 1, 0, 0, 0, 1, 0
116149, 1, 0, 0, 0, 1, 0
116150, 1, 0, 0, 0, 1, 0
116151, 0, 1, 1, 0, 0, 0
116152, 3, 1, 1, 0, 2, 1
116153, 2, 0, 0, 0, 1, 1
116156, 3, 0, 0, 0, 0, 3
116157, 0, 1, 0, 1, 0, 0
116158, 1, 1, 1, 0, 1, 0
116160, 1, 0, 0, 0, 1, 0
116162, 0, 1, 1, 0, 0, 0
116705, 0, 2, 2, 0, 0, 0
116164, 1, 0, 0, 0, 1, 0
116165, 0, 2, 2, 0, 0, 0
116172, 1, 0, 0, 0, 1, 0
116173, 1, 1, 1, 0, 1, 0
123841, 0, 1, 1, 0, 0, 0
116174, 3, 0, 0, 0, 3, 0
116176, 1, 0, 0, 0, 1, 0
116178, 2, 0, 0, 0, 2, 0
116179, 1, 1, 1, 0, 0, 1
116180, 2, 0, 0, 0, 2, 0
116181, 1, 0, 0, 0, 1, 0
116182, 1, 0, 0, 0, 1, 0
116183, 2, 0, 0, 0, 1, 1
116187, 18, 0, 0, 0, 12, 6
116189, 1, 0, 0, 0, 1, 0
116190, 1, 0, 0, 0, 0, 1
116191, 1, 0, 0, 0, 1, 0
116192, 0, 1, 1, 0, 0, 0
116193, 1, 0, 0, 0, 0, 1
116195, 1, 0, 0, 0, 0, 1
116198, 1, 0, 0, 0, 1, 0
116199, 0, 1, 1, 0, 0, 0
116200, 1, 0, 0, 0, 1, 0
116202, 1, 0, 0, 0, 1, 0
116204, 1, 0, 0, 0, 1, 0
116205, 0, 1, 1, 0, 0, 0
116206, 1, 0, 0, 0, 0, 1
116208, 1, 0, 0, 0, 0, 1
116209, 1, 0, 0, 0, 1, 0
116210, 1, 0, 0, 0, 1, 0
116211, 0, 1, 1, 0, 0, 0
116212, 1, 0, 0, 0, 0, 1
116213, 2, 0, 0, 0, 2, 0
116214, 0, 1, 1, 0, 0, 0
116215, 1, 0, 0, 0, 1, 0
116216, 5, 0, 0, 0, 3, 2
116466, 0, 1, 1, 0, 0, 0
116617, 0, 1, 0, 1, 0, 0
116219, 1, 0, 0, 0, 1, 0
116220, 1, 0, 0, 0, 1, 0
116221, 1, 0, 0, 0, 1, 0
116222, 0, 2, 2, 0, 0, 0
116225, 1, 0, 0, 0, 1, 0
116226, 4, 0, 0, 0, 4, 0
116227, 2, 2, 2, 0, 2, 0
122491, 1, 1, 1, 0, 1, 0
116228, 1, 0, 0, 0, 1, 0
116229, 1, 0, 0, 0, 0, 1
116231, 6, 0, 0, 0, 6, 0
116233, 1, 0, 0, 0, 0, 1
116234, 1, 0, 0, 0, 1, 0
116235, 0, 1, 1, 0, 0, 0
116239, 2, 0, 0, 0, 2, 0
116240, 0, 1, 1, 0, 0, 0
116252, 0, 1, 1, 0, 0, 0
116241, 1, 0, 0, 0, 1, 0
116243, 1, 0, 0, 0, 1, 0
116244, 1, 0, 0, 0, 1, 0
116245, 0, 1, 1, 0, 0, 0
116246, 1, 0, 0, 0, 1, 0
116247, 0, 1, 1, 0, 0, 0
116248, 1, 0, 0, 0, 1, 0
116249, 1, 0, 0, 0, 1, 0
116250, 4, 0, 0, 0, 4, 0
116253, 1, 0, 0, 0, 1, 0
116254, 1, 0, 0, 0, 1, 0
116255, 0, 1, 1, 0, 0, 0
116257, 0, 1, 1, 0, 0, 0
116278, 1, 0, 0, 0, 1, 0
116279, 2, 0, 0, 0, 2, 0
116280, 1, 0, 0, 0, 1, 0
116282, 1, 0, 0, 0, 1, 0
116283, 1, 0, 0, 0, 0, 1
116284, 1, 0, 0, 0, 1, 0
116285, 1, 0, 0, 0, 1, 0
116286, 1, 0, 0, 0, 0, 1
116289, 1, 0, 0, 0, 1, 0
116291, 1, 0, 0, 0, 1, 0
116292, 4, 0, 0, 0, 4, 0
116293, 0, 2, 2, 0, 0, 0
116311, 0, 1, 1, 0, 0, 0
116312, 0, 1, 1, 0, 0, 0
116294, 2, 0, 0, 0, 2, 0
116295, 1, 0, 0, 0, 0, 1
116299, 1, 0, 0, 0, 1, 0
116300, 1, 0, 0, 0, 1, 0
116301, 1, 0, 0, 0, 1, 0
116302, 3, 0, 0, 0, 3, 0
116303, 2, 0, 0, 0, 2, 0
116304, 1, 0, 0, 0, 1, 0
116305, 0, 1, 1, 0, 0, 0
116306, 2, 0, 0, 0, 2, 0
116307, 1, 0, 0, 0, 0, 1
116309, 1, 0, 0, 0, 1, 0
116310, 1, 0, 0, 0, 0, 1
116318, 2, 0, 0, 0, 2, 0
116319, 1, 0, 0, 0, 1, 0
116320, 3, 0, 0, 0, 3, 0
116321, 1, 0, 0, 0, 1, 0
116322, 1, 0, 0, 0, 1, 0
116324, 1, 0, 0, 0, 0, 1
123279, 0, 1, 1, 0, 0, 0
127428, 0, 1, 1, 0, 0, 0
129408, 0, 1, 1, 0, 0, 0
116330, 7, 0, 0, 0, 7, 0
116335, 1, 0, 0, 0, 1, 0
116336, 1, 0, 0, 0, 1, 0
116337, 1, 0, 0, 0, 1, 0
116338, 0, 3, 3, 0, 0, 0
116342, 1, 0, 0, 0, 1, 0
116343, 0, 1, 1, 0, 0, 0
116344, 1, 0, 0, 0, 1, 0
116345, 1, 0, 0, 0, 1, 0
116346, 0, 4, 4, 0, 0, 0
116347, 1, 0, 0, 0, 1, 0
116349, 1, 0, 0, 0, 1, 0
116350, 1, 0, 0, 0, 1, 0
116351, 1, 0, 0, 0, 1, 0
116352, 1, 0, 0, 0, 1, 0
116353, 0, 1, 1, 0, 0, 0
116354, 1, 0, 0, 0, 1, 0
116358, 1, 0, 0, 0, 1, 0
116362, 1, 0, 0, 0, 1, 0
116363, 1, 0, 0, 0, 1, 0
116364, 1, 0, 0, 0, 1, 0
116365, 1, 0, 0, 0, 1, 0
116366, 0, 1, 1, 0, 0, 0
120318, 0, 1, 0, 1, 0, 0
116369, 1, 0, 0, 0, 1, 0
116370, 2, 0, 0, 0, 2, 0
116372, 1, 0, 0, 0, 1, 0
116373, 1, 0, 0, 0, 1, 0
116375, 1, 0, 0, 0, 0, 1
116376, 1, 0, 0, 0, 1, 0
116377, 0, 1, 1, 0, 0, 0
116378, 2, 3, 3, 0, 2, 0
116444, 1, 1, 1, 0, 1, 0
116380, 1, 0, 0, 0, 1, 0
116382, 0, 1, 1, 0, 0, 0
116383, 5, 0, 0, 0, 5, 0
116386, 1, 0, 0, 0, 1, 0
116387, 1, 0, 0, 0, 1, 0
116388, 1, 0, 0, 0, 1, 0
116389, 1, 1, 1, 0, 1, 0
116540, 0, 1, 1, 0, 0, 0
117510, 0, 1, 1, 0, 0, 0
116391, 1, 0, 0, 0, 0, 1
116392, 0, 1, 0, 1, 0, 0
116393, 1, 0, 0, 0, 1, 0
116395, 1, 0, 0, 0, 1, 0
116396, 0, 1, 1, 0, 0, 0
116398, 1, 0, 0, 0, 1, 0
116399, 1, 0, 0, 0, 1, 0
116403, 1, 1, 1, 0, 1, 0
116404, 2, 0, 0, 0, 2, 0
116441, 1, 1, 1, 0, 1, 0
116406, 2, 1, 1, 0, 1, 1
116407, 1, 0, 0, 0, 1, 0
116408, 0, 1, 1, 0, 0, 0
116411, 1, 0, 0, 0, 0, 1
116412, 1, 0, 0, 0, 1, 0
116413, 1, 0, 0, 0, 1, 0
116415, 1, 1, 1, 0, 1, 0
116416, 1, 0, 0, 0, 1, 0
116417, 1, 1, 1, 0, 1, 0
116418, 3, 0, 0, 0, 3, 0
116419, 0, 1, 1, 0, 0, 0
116420, 0, 1, 1, 0, 0, 0
116421, 1, 1, 1, 0, 1, 0
116422, 2, 0, 0, 0, 2, 0
116425, 1, 0, 0, 0, 1, 0
116426, 1, 0, 0, 0, 1, 0
116427, 0, 1, 1, 0, 0, 0
116428, 3, 0, 0, 0, 0, 3
116429, 1, 0, 0, 0, 1, 0
116430, 1, 0, 0, 0, 1, 0
116432, 1, 0, 0, 0, 1, 0
116435, 1, 0, 0, 0, 1, 0
116436, 1, 0, 0, 0, 0, 1
116437, 4, 2, 0, 2, 4, 0
116439, 1, 0, 0, 0, 1, 0
116440, 1, 0, 0, 0, 1, 0
116442, 1, 0, 0, 0, 1, 0
116445, 1, 0, 0, 0, 0, 1
116448, 2, 0, 0, 0, 2, 0
116455, 0, 1, 1, 0, 0, 0
116449, 5, 0, 0, 0, 5, 0
116450, 1, 0, 0, 0, 1, 0
116454, 1, 0, 0, 0, 1, 0
116456, 1, 1, 0, 1, 0, 1
116457, 3, 0, 0, 0, 3, 0
116458, 1, 0, 0, 0, 1, 0
116459, 1, 0, 0, 0, 0, 1
117251, 0, 2, 2, 0, 0, 0
116465, 3, 0, 0, 0, 1, 2
116467, 1, 1, 1, 0, 1, 0
116468, 1, 0, 0, 0, 1, 0
116469, 0, 3, 2, 1, 0, 0
116471, 1, 0, 0, 0, 1, 0
116472, 0, 1, 1, 0, 0, 0
119109, 6, 1, 1, 0, 6, 0
119579, 12, 3, 3, 0, 12, 0
119626, 0, 1, 1, 0, 0, 0
119628, 0, 1, 1, 0, 0, 0
119629, 0, 1, 1, 0, 0, 0
119630, 0, 1, 1, 0, 0, 0
119632, 0, 1, 1, 0, 0, 0
119633, 0, 1, 1, 0, 0, 0
116477, 1, 0, 0, 0, 1, 0
116479, 1, 0, 0, 0, 1, 0
116480, 1, 0, 0, 0, 1, 0
116481, 1, 0, 0, 0, 1, 0
116482, 1, 0, 0, 0, 1, 0
116486, 1, 0, 0, 0, 1, 0
116487, 1, 0, 0, 0, 1, 0
116489, 1, 0, 0, 0, 1, 0
116490, 0, 1, 1, 0, 0, 0
116492, 1, 0, 0, 0, 1, 0
116493, 1, 0, 0, 0, 1, 0
116494, 1, 0, 0, 0, 1, 0
116495, 0, 1, 1, 0, 0, 0
116496, 1, 0, 0, 0, 1, 0
116497, 1, 0, 0, 0, 0, 1
116499, 1, 0, 0, 0, 1, 0
116501, 1, 0, 0, 0, 1, 0
116502, 1, 0, 0, 0, 0, 1
116503, 1, 0, 0, 0, 1, 0
116505, 1, 0, 0, 0, 1, 0
116506, 0, 1, 1, 0, 0, 0
116507, 1, 0, 0, 0, 1, 0
116509, 2, 0, 0, 0, 2, 0
116510, 1, 0, 0, 0, 1, 0
116511, 1, 0, 0, 0, 0, 1
116512, 0, 1, 0, 1, 0, 0
116513, 1, 0, 0, 0, 1, 0
116515, 2, 2, 1, 1, 0, 2
120025, 1, 1, 0, 1, 0, 1
116516, 1, 0, 0, 0, 1, 0
116517, 1, 0, 0, 0, 1, 0
116518, 0, 1, 1, 0, 0, 0
116519, 1, 0, 0, 0, 0, 1
116520, 1, 0, 0, 0, 1, 0
116521, 0, 1, 1, 0, 0, 0
116522, 1, 0, 0, 0, 1, 0
116523, 1, 0, 0, 0, 1, 0
116524, 0, 1, 1, 0, 0, 0
116525, 2, 0, 0, 0, 2, 0
116526, 1, 0, 0, 0, 1, 0
116527, 0, 1, 1, 0, 0, 0
116528, 1, 0, 0, 0, 1, 0
116529, 0, 1, 1, 0, 0, 0
116530, 1, 0, 0, 0, 1, 0
116531, 1, 0, 0, 0, 1, 0
116533, 1, 0, 0, 0, 1, 0
116534, 1, 0, 0, 0, 1, 0
116536, 5, 0, 0, 0, 5, 0
116537, 1, 0, 0, 0, 1, 0
116538, 1, 0, 0, 0, 1, 0
116542, 1, 0, 0, 0, 1, 0
116544, 1, 0, 0, 0, 1, 0
116545, 1, 0, 0, 0, 1, 0
116546, 1, 0, 0, 0, 1, 0
116547, 0, 1, 1, 0, 0, 0
116549, 1, 0, 0, 0, 1, 0
116550, 0, 1, 1, 0, 0, 0
116552, 1, 0, 0, 0, 1, 0
116553, 0, 1, 1, 0, 0, 0
117130, 0, 1, 1, 0, 0, 0
116555, 1, 0, 0, 0, 1, 0
116558, 3, 0, 0, 0, 3, 0
116559, 0, 1, 1, 0, 0, 0
116560, 3, 0, 0, 0, 3, 0
116561, 1, 0, 0, 0, 1, 0
116562, 0, 1, 1, 0, 0, 0
116564, 1, 0, 0, 0, 1, 0
116565, 1, 0, 0, 0, 1, 0
116567, 1, 0, 0, 0, 1, 0
116568, 0, 1, 1, 0, 0, 0
120523, 0, 1, 1, 0, 0, 0
116570, 2, 1, 1, 0, 2, 0
116573, 1, 0, 0, 0, 1, 0
117428, 0, 1, 1, 0, 0, 0
117429, 0, 1, 1, 0, 0, 0
117430, 0, 1, 1, 0, 0, 0
126092, 0, 1, 1, 0, 0, 0
116575, 1, 0, 0, 0, 1, 0
116577, 1, 0, 0, 0, 1, 0
116578, 0, 1, 1, 0, 0, 0
116579, 2, 0, 0, 0, 2, 0
116580, 2, 0, 0, 0, 2, 0
116581, 1, 0, 0, 0, 0, 1
116582, 0, 1, 0, 1, 0, 0
116583, 1, 0, 0, 0, 1, 0
116584, 0, 1, 1, 0, 0, 0
116585, 1, 0, 0, 0, 1, 0
116586, 1, 0, 0, 0, 1, 0
116587, 1, 0, 0, 0, 1, 0
116590, 1, 0, 0, 0, 1, 0
116591, 1, 0, 0, 0, 1, 0
116594, 2, 1, 1, 0, 2, 0
116595, 1, 0, 0, 0, 1, 0
116596, 2, 0, 0, 0, 2, 0
116598, 1, 0, 0, 0, 1, 0
116599, 2, 0, 0, 0, 2, 0
116601, 1, 0, 0, 0, 1, 0
116602, 0, 1, 1, 0, 0, 0
116604, 1, 0, 0, 0, 1, 0
116605, 1, 0, 0, 0, 1, 0
116606, 0, 2, 2, 0, 0, 0
116607, 1, 0, 0, 0, 1, 0
116608, 1, 0, 0, 0, 0, 1
116609, 0, 2, 1, 1, 0, 0
116610, 1, 0, 0, 0, 1, 0
116611, 1, 1, 1, 0, 1, 0
116612, 0, 1, 1, 0, 0, 0
116613, 1, 0, 0, 0, 1, 0
116614, 2, 0, 0, 0, 2, 0
124617, 0, 1, 1, 0, 0, 0
116616, 1, 0, 0, 0, 1, 0
116619, 1, 0, 0, 0, 1, 0
116620, 1, 0, 0, 0, 1, 0
116621, 2, 0, 0, 0, 2, 0
123531, 0, 1, 1, 0, 0, 0
116622, 1, 0, 0, 0, 1, 0
116625, 2, 0, 0, 0, 2, 0
116626, 1, 0, 0, 0, 1, 0
116627, 0, 1, 1, 0, 0, 0
116628, 1, 0, 0, 0, 1, 0
116630, 1, 0, 0, 0, 1, 0
116631, 3, 0, 0, 0, 3, 0
123675, 0, 1, 1, 0, 0, 0
116632, 1, 0, 0, 0, 1, 0
116633, 0, 1, 1, 0, 0, 0
116634, 1, 0, 0, 0, 1, 0
116635, 1, 0, 0, 0, 1, 0
116637, 1, 0, 0, 0, 0, 1
116638, 1, 0, 0, 0, 1, 0
116639, 2, 0, 0, 0, 2, 0
116640, 1, 0, 0, 0, 0, 1
116642, 1, 0, 0, 0, 1, 0
116644, 1, 0, 0, 0, 1, 0
116647, 7, 0, 0, 0, 7, 0
116649, 0, 1, 1, 0, 0, 0
116651, 0, 1, 1, 0, 0, 0
116653, 0, 1, 1, 0, 0, 0
116652, 1, 1, 1, 0, 1, 0
116654, 1, 0, 0, 0, 1, 0
116655, 0, 1, 1, 0, 0, 0
116656, 1, 0, 0, 0, 1, 0
116657, 1, 0, 0, 0, 1, 0
116658, 0, 1, 1, 0, 0, 0
116660, 3, 0, 0, 0, 3, 0
116661, 1, 0, 0, 0, 1, 0
116662, 2, 0, 0, 0, 2, 0
116663, 1, 0, 0, 0, 1, 0
116664, 1, 0, 0, 0, 1, 0
116665, 1, 0, 0, 0, 1, 0
116667, 2, 0, 0, 0, 2, 0
116670, 1, 0, 0, 0, 0, 1
116673, 3, 0, 0, 0, 3, 0
116674, 2, 0, 0, 0, 0, 2
116675, 1, 0, 0, 0, 1, 0
116677, 1, 0, 0, 0, 1, 0
116678, 1, 0, 0, 0, 0, 1
116679, 1, 0, 0, 0, 1, 0
116879, 7, 1, 1, 0, 7, 0
117055, 0, 1, 1, 0, 0, 0
117056, 0, 1, 1, 0, 0, 0
116682, 1, 0, 0, 0, 1, 0
116683, 0, 1, 1, 0, 0, 0
116684, 1, 0, 0, 0, 1, 0
116685, 1, 0, 0, 0, 1, 0
116686, 1, 0, 0, 0, 1, 0
116687, 1, 0, 0, 0, 0, 1
116688, 0, 1, 0, 1, 0, 0
116689, 1, 0, 0, 0, 1, 0
117550, 1, 1, 1, 0, 1, 0
116692, 2, 0, 0, 0, 2, 0
116693, 1, 0, 0, 0, 1, 0
116696, 1, 0, 0, 0, 1, 0
116698, 2, 0, 0, 0, 2, 0
116699, 1, 0, 0, 0, 1, 0
116701, 1, 0, 0, 0, 1, 0
116702, 1, 0, 0, 0, 0, 1
116704, 1, 0, 0, 0, 1, 0
116707, 1, 0, 0, 0, 1, 0
118521, 0, 2, 2, 0, 0, 0
116710, 1, 0, 0, 0, 1, 0
116712, 1, 0, 0, 0, 0, 1
116713, 0, 3, 1, 2, 0, 0
116714, 1, 0, 0, 0, 1, 0
116715, 1, 0, 0, 0, 1, 0
116718, 1, 1, 1, 0, 1, 0
116719, 1, 1, 1, 0, 1, 0
116720, 1, 0, 0, 0, 1, 0
116721, 0, 1, 1, 0, 0, 0
116723, 1, 0, 0, 0, 1, 0
116724, 1, 0, 0, 0, 1, 0
116725, 1, 0, 0, 0, 1, 0
116728, 1, 0, 0, 0, 1, 0
116729, 0, 2, 2, 0, 0, 0
116730, 1, 0, 0, 0, 1, 0
116731, 1, 0, 0, 0, 1, 0
116732, 1, 0, 0, 0, 1, 0
116734, 1, 0, 0, 0, 1, 0
116735, 0, 1, 1, 0, 0, 0
116736, 2, 0, 0, 0, 2, 0
116737, 0, 1, 1, 0, 0, 0
116738, 2, 0, 0, 0, 2, 0
116740, 0, 1, 1, 0, 0, 0
116739, 1, 0, 0, 0, 1, 0
116741, 1, 0, 0, 0, 1, 0
116742, 1, 0, 0, 0, 1, 0
116743, 0, 1, 1, 0, 0, 0
116745, 1, 0, 0, 0, 1, 0
116746, 1, 0, 0, 0, 1, 0
116747, 2, 0, 0, 0, 1, 1
116748, 1, 0, 0, 0, 1, 0
116783, 0, 1, 1, 0, 0, 0
116756, 2, 0, 0, 0, 2, 0
116760, 1, 0, 0, 0, 0, 1
116761, 0, 1, 0, 1, 0, 0
116763, 1, 0, 0, 0, 1, 0
116764, 0, 1, 1, 0, 0, 0
116765, 1, 0, 0, 0, 1, 0
116766, 1, 1, 1, 0, 1, 0
127704, 0, 1, 0, 1, 0, 0
116771, 1, 0, 0, 0, 1, 0
116772, 2, 1, 1, 0, 2, 0
116773, 1, 0, 0, 0, 1, 0
116774, 0, 1, 1, 0, 0, 0
116779, 1, 0, 0, 0, 1, 0
116780, 1, 0, 0, 0, 1, 0
116781, 2, 0, 0, 0, 2, 0
116782, 3, 0, 0, 0, 2, 1
116784, 1, 0, 0, 0, 1, 0
116785, 1, 0, 0, 0, 1, 0
116786, 1, 0, 0, 0, 1, 0
116787, 0, 1, 1, 0, 0, 0
116788, 1, 0, 0, 0, 1, 0
116790, 2, 0, 0, 0, 2, 0
116791, 1, 0, 0, 0, 1, 0
116792, 1, 0, 0, 0, 1, 0
116793, 1, 0, 0, 0, 1, 0
116794, 1, 0, 0, 0, 1, 0
116795, 1, 0, 0, 0, 1, 0
116798, 1, 0, 0, 0, 1, 0
116800, 2, 0, 0, 0, 2, 0
116801, 1, 0, 0, 0, 1, 0
116802, 0, 1, 1, 0, 0, 0
116805, 1, 0, 0, 0, 1, 0
116807, 0, 1, 1, 0, 0, 0
116808, 1, 0, 0, 0, 1, 0
116809, 1, 0, 0, 0, 1, 0
116810, 1, 0, 0, 0, 1, 0
116811, 0, 2, 2, 0, 0, 0
116812, 2, 0, 0, 0, 2, 0
116813, 1, 0, 0, 0, 0, 1
116814, 10, 1, 0, 1, 10, 0
116815, 1, 0, 0, 0, 1, 0
116816, 1, 0, 0, 0, 1, 0
116819, 1, 0, 0, 0, 1, 0
116822, 1, 0, 0, 0, 1, 0
116823, 0, 1, 1, 0, 0, 0
116824, 1, 0, 0, 0, 1, 0
116825, 1, 0, 0, 0, 0, 1
116826, 2, 0, 0, 0, 2, 0
117339, 0, 1, 1, 0, 0, 0
116827, 1, 0, 0, 0, 1, 0
116833, 1, 0, 0, 0, 0, 1
116834, 1, 0, 0, 0, 1, 0
116835, 1, 0, 0, 0, 0, 1
116836, 1, 0, 0, 0, 1, 0
116838, 1, 0, 0, 0, 1, 0
116839, 1, 0, 0, 0, 1, 0
116841, 1, 0, 0, 0, 1, 0
128897, 0, 1, 1, 0, 0, 0
116843, 2, 0, 0, 0, 2, 0
116844, 1, 0, 0, 0, 1, 0
116845, 1, 0, 0, 0, 1, 0
116846, 1, 0, 0, 0, 1, 0
116850, 1, 0, 0, 0, 1, 0
116854, 1, 0, 0, 0, 1, 0
116855, 0, 2, 2, 0, 0, 0
116856, 1, 0, 0, 0, 0, 1
116859, 1, 0, 0, 0, 1, 0
116860, 0, 2, 2, 0, 0, 0
116863, 1, 0, 0, 0, 1, 0
116864, 0, 3, 3, 0, 0, 0
116865, 1, 0, 0, 0, 1, 0
116866, 1, 0, 0, 0, 1, 0
116867, 5, 0, 0, 0, 2, 3
116870, 0, 1, 0, 1, 0, 0
116871, 0, 1, 0, 1, 0, 0
116868, 4, 0, 0, 0, 4, 0
117086, 0, 1, 1, 0, 0, 0
116872, 1, 0, 0, 0, 1, 0
116873, 1, 0, 0, 0, 1, 0
116875, 1, 0, 0, 0, 1, 0
116878, 1, 0, 0, 0, 0, 1
116882, 1, 0, 0, 0, 1, 0
116883, 1, 0, 0, 0, 1, 0
116885, 1, 0, 0, 0, 1, 0
116886, 0, 1, 1, 0, 0, 0
116887, 1, 0, 0, 0, 1, 0
116889, 1, 0, 0, 0, 1, 0
116890, 1, 0, 0, 0, 1, 0
116891, 1, 0, 0, 0, 1, 0
116894, 1, 0, 0, 0, 1, 0
116895, 2, 0, 0, 0, 2, 0
116896, 0, 1, 1, 0, 0, 0
116897, 1, 0, 0, 0, 1, 0
116899, 1, 0, 0, 0, 1, 0
116900, 1, 0, 0, 0, 1, 0
116903, 1, 0, 0, 0, 1, 0
116904, 3, 2, 2, 0, 3, 0
116905, 1, 0, 0, 0, 1, 0
116906, 0, 2, 2, 0, 0, 0
116908, 1, 0, 0, 0, 1, 0
116909, 1, 0, 0, 0, 1, 0
116910, 1, 0, 0, 0, 1, 0
116911, 1, 2, 1, 1, 1, 0
116912, 1, 0, 0, 0, 1, 0
116913, 1, 0, 0, 0, 1, 0
116916, 1, 0, 0, 0, 1, 0
116918, 1, 0, 0, 0, 1, 0
116919, 1, 0, 0, 0, 1, 0
116920, 1, 0, 0, 0, 1, 0
116921, 1, 0, 0, 0, 1, 0
116922, 1, 0, 0, 0, 1, 0
116923, 1, 0, 0, 0, 0, 1
116924, 1, 0, 0, 0, 1, 0
116925, 0, 1, 1, 0, 0, 0
116927, 1, 0, 0, 0, 1, 0
116928, 1, 0, 0, 0, 1, 0
116930, 1, 0, 0, 0, 1, 0
116931, 0, 2, 1, 1, 0, 0
116932, 1, 0, 0, 0, 1, 0
116933, 1, 0, 0, 0, 1, 0
116934, 0, 1, 1, 0, 0, 0
116935, 1, 0, 0, 0, 1, 0
116936, 1, 0, 0, 0, 1, 0
116937, 1, 0, 0, 0, 0, 1
116938, 0, 1, 0, 1, 0, 0
116939, 1, 0, 0, 0, 1, 0
116940, 0, 3, 2, 1, 0, 0
116941, 1, 0, 0, 0, 0, 1
116942, 1, 0, 0, 0, 1, 0
116944, 1, 0, 0, 0, 1, 0
116945, 2, 0, 0, 0, 2, 0
116949, 1, 0, 0, 0, 1, 0
116950, 1, 0, 0, 0, 1, 0
116951, 1, 0, 0, 0, 1, 0
116952, 0, 1, 1, 0, 0, 0
116953, 6, 0, 0, 0, 5, 1
124937, 0, 1, 1, 0, 0, 0
116955, 2, 0, 0, 0, 2, 0
116956, 0, 1, 1, 0, 0, 0
116957, 1, 0, 0, 0, 1, 0
116958, 0, 1, 1, 0, 0, 0
116960, 1, 0, 0, 0, 1, 0
116961, 1, 0, 0, 0, 1, 0
116962, 0, 1, 1, 0, 0, 0
116963, 1, 0, 0, 0, 1, 0
116965, 1, 0, 0, 0, 1, 0
116966, 0, 1, 1, 0, 0, 0
116967, 1, 0, 0, 0, 1, 0
116968, 0, 1, 1, 0, 0, 0
116969, 1, 0, 0, 0, 1, 0
116970, 1, 0, 0, 0, 1, 0
117029, 0, 1, 1, 0, 0, 0
116974, 1, 0, 0, 0, 1, 0
116976, 1, 0, 0, 0, 1, 0
116979, 2, 0, 0, 0, 2, 0
116983, 1, 0, 0, 0, 1, 0
116984, 1, 0, 0, 0, 1, 0
116985, 1, 0, 0, 0, 1, 0
116986, 2, 0, 0, 0, 2, 0
124356, 2, 1, 0, 1, 2, 0
116993, 1, 1, 1, 0, 1, 0
116994, 0, 1, 1, 0, 0, 0
116997, 1, 0, 0, 0, 0, 1
116999, 1, 1, 1, 0, 1, 0
117003, 1, 0, 0, 0, 1, 0
117004, 1, 0, 0, 0, 1, 0
117007, 1, 0, 0, 0, 1, 0
117008, 6, 0, 0, 0, 6, 0
117011, 2, 0, 0, 0, 1, 1
117012, 1, 0, 0, 0, 0, 1
117014, 1, 0, 0, 0, 1, 0
117016, 1, 0, 0, 0, 0, 1
117017, 1, 0, 0, 0, 1, 0
117018, 2, 0, 0, 0, 2, 0
117019, 1, 0, 0, 0, 1, 0
128217, 0, 1, 0, 1, 0, 0
117038, 0, 1, 1, 0, 0, 0
117031, 2, 0, 0, 0, 2, 0
117032, 0, 1, 1, 0, 0, 0
117035, 1, 0, 0, 0, 0, 1
117039, 1, 0, 0, 0, 1, 0
117040, 2, 0, 0, 0, 2, 0
117041, 1, 0, 0, 0, 1, 0
117042, 1, 0, 0, 0, 1, 0
117043, 0, 1, 1, 0, 0, 0
117045, 1, 0, 0, 0, 1, 0
117046, 1, 0, 0, 0, 1, 0
123566, 0, 1, 0, 1, 0, 0
118680, 0, 1, 1, 0, 0, 0
117051, 1, 0, 0, 0, 1, 0
117052, 2, 0, 0, 0, 2, 0
117053, 0, 1, 1, 0, 0, 0
117057, 1, 0, 0, 0, 1, 0
117059, 1, 0, 0, 0, 0, 1
117061, 1, 0, 0, 0, 1, 0
117062, 1, 0, 0, 0, 1, 0
117063, 1, 0, 0, 0, 0, 1
117064, 2, 0, 0, 0, 2, 0
117065, 4, 0, 0, 0, 4, 0
117066, 1, 0, 0, 0, 1, 0
117067, 0, 1, 1, 0, 0, 0
117069, 1, 0, 0, 0, 1, 0
117071, 2, 0, 0, 0, 2, 0
117072, 4, 1, 1, 0, 4, 0
117073, 1, 0, 0, 0, 1, 0
117075, 1, 0, 0, 0, 1, 0
117077, 1, 0, 0, 0, 1, 0
117080, 4, 0, 0, 0, 4, 0
117081, 1, 0, 0, 0, 0, 1
117082, 1, 0, 0, 0, 1, 0
117084, 1, 0, 0, 0, 1, 0
118384, 1, 1, 1, 0, 1, 0
117087, 2, 0, 0, 0, 2, 0
117088, 1, 0, 0, 0, 1, 0
117089, 0, 1, 1, 0, 0, 0
117091, 0, 2, 2, 0, 0, 0
117093, 11, 1, 0, 1, 11, 0
117096, 1, 0, 0, 0, 1, 0
117097, 0, 1, 1, 0, 0, 0
117098, 1, 0, 0, 0, 1, 0
117100, 1, 0, 0, 0, 1, 0
117101, 2, 0, 0, 0, 2, 0
117382, 0, 2, 2, 0, 0, 0
117103, 1, 0, 0, 0, 1, 0
117104, 1, 0, 0, 0, 1, 0
117105, 2, 0, 0, 0, 2, 0
117106, 1, 0, 0, 0, 1, 0
117108, 1, 0, 0, 0, 1, 0
117109, 1, 1, 1, 0, 0, 1
117111, 2, 0, 0, 0, 1, 1
117112, 0, 1, 1, 0, 0, 0
117115, 1, 0, 0, 0, 1, 0
117116, 0, 1, 1, 0, 0, 0
117117, 1, 0, 0, 0, 1, 0
117119, 1, 0, 0, 0, 1, 0
117121, 2, 0, 0, 0, 2, 0
117123, 5, 1, 1, 0, 5, 0
117124, 2, 0, 0, 0, 2, 0
117125, 2, 0, 0, 0, 1, 1
117126, 1, 0, 0, 0, 1, 0
117127, 0, 1, 1, 0, 0, 0
117128, 1, 0, 0, 0, 1, 0
117131, 1, 0, 0, 0, 1, 0
117134, 1, 0, 0, 0, 1, 0
117136, 1, 0, 0, 0, 0, 1
117137, 1, 0, 0, 0, 1, 0
117139, 1, 0, 0, 0, 1, 0
117142, 1, 0, 0, 0, 1, 0
117143, 1, 0, 0, 0, 1, 0
117144, 1, 0, 0, 0, 1, 0
117145, 1, 0, 0, 0, 1, 0
117146, 0, 1, 1, 0, 0, 0
117147, 2, 0, 0, 0, 1, 1
117148, 1, 0, 0, 0, 1, 0
117149, 2, 0, 0, 0, 2, 0
117151, 1, 0, 0, 0, 1, 0
117154, 1, 0, 0, 0, 1, 0
117155, 0, 1, 1, 0, 0, 0
117156, 1, 0, 0, 0, 1, 0
117158, 1, 0, 0, 0, 1, 0
117160, 1, 0, 0, 0, 1, 0
117162, 1, 0, 0, 0, 1, 0
117165, 1, 0, 0, 0, 1, 0
117166, 0, 1, 1, 0, 0, 0
117169, 1, 0, 0, 0, 1, 0
117170, 1, 0, 0, 0, 1, 0
117171, 1, 0, 0, 0, 1, 0
117175, 1, 0, 0, 0, 1, 0
117176, 1, 0, 0, 0, 1, 0
117178, 2, 0, 0, 0, 2, 0
117179, 1, 1, 1, 0, 1, 0
117180, 0, 1, 1, 0, 0, 0
117182, 2, 0, 0, 0, 2, 0
117183, 1, 0, 0, 0, 1, 0
117184, 1, 0, 0, 0, 0, 1
117186, 6, 0, 0, 0, 6, 0
117187, 1, 0, 0, 0, 1, 0
117189, 1, 0, 0, 0, 1, 0
117190, 2, 0, 0, 0, 2, 0
117191, 0, 1, 1, 0, 0, 0
117192, 1, 0, 0, 0, 1, 0
117193, 1, 0, 0, 0, 1, 0
117194, 0, 1, 1, 0, 0, 0
117195, 1, 0, 0, 0, 1, 0
117198, 2, 0, 0, 0, 1, 1
117199, 0, 1, 0, 1, 0, 0
117200, 3, 0, 0, 0, 3, 0
118971, 0, 1, 1, 0, 0, 0
119613, 3, 1, 1, 0, 2, 1
117204, 2, 0, 0, 0, 2, 0
117205, 0, 1, 1, 0, 0, 0
118990, 0, 1, 1, 0, 0, 0
117206, 1, 0, 0, 0, 1, 0
117207, 1, 0, 0, 0, 1, 0
117208, 0, 2, 2, 0, 0, 0
117211, 1, 0, 0, 0, 1, 0
117212, 1, 0, 0, 0, 0, 1
117213, 0, 1, 0, 1, 0, 0
117214, 7, 0, 0, 0, 7, 0
117216, 2, 0, 0, 0, 2, 0
117220, 1, 1, 1, 0, 0, 1
117221, 1, 0, 0, 0, 1, 0
117222, 0, 1, 1, 0, 0, 0
117223, 1, 1, 1, 0, 1, 0
117226, 1, 0, 0, 0, 1, 0
117227, 0, 1, 1, 0, 0, 0
117228, 1, 0, 0, 0, 1, 0
117230, 1, 0, 0, 0, 1, 0
117232, 1, 0, 0, 0, 1, 0
117234, 1, 0, 0, 0, 1, 0
117235, 6, 1, 1, 0, 6, 0
117236, 1, 0, 0, 0, 1, 0
117237, 1, 0, 0, 0, 1, 0
117239, 1, 0, 0, 0, 1, 0
117240, 0, 1, 1, 0, 0, 0
117242, 2, 1, 1, 0, 2, 0
117243, 1, 0, 0, 0, 1, 0
117244, 1, 0, 0, 0, 1, 0
117245, 1, 0, 0, 0, 1, 0
117246, 1, 0, 0, 0, 1, 0
117248, 1, 0, 0, 0, 1, 0
117250, 2, 0, 0, 0, 2, 0
117254, 1, 0, 0, 0, 1, 0
117256, 3, 0, 0, 0, 3, 0
117257, 1, 0, 0, 0, 1, 0
117258, 0, 1, 1, 0, 0, 0
117259, 3, 0, 0, 0, 3, 0
117260, 2, 0, 0, 0, 2, 0
117263, 1, 0, 0, 0, 1, 0
117264, 1, 1, 1, 0, 1, 0
117265, 0, 1, 1, 0, 0, 0
117267, 1, 0, 0, 0, 1, 0
119575, 1, 1, 1, 0, 1, 0
117276, 0, 1, 1, 0, 0, 0
117277, 0, 2, 2, 0, 0, 0
117286, 1, 1, 1, 0, 1, 0
122443, 0, 2, 2, 0, 0, 0
117274, 0, 1, 1, 0, 0, 0
117275, 1, 0, 0, 0, 1, 0
117278, 1, 0, 0, 0, 0, 1
123965, 5, 3, 2, 1, 5, 0
117281, 1, 0, 0, 0, 1, 0
117282, 1, 0, 0, 0, 0, 1
117283, 1, 0, 0, 0, 0, 1
117284, 0, 1, 0, 1, 0, 0
117285, 1, 0, 0, 0, 0, 1
118266, 0, 1, 1, 0, 0, 0
117287, 1, 1, 1, 0, 1, 0
117288, 1, 0, 0, 0, 0, 1
117289, 1, 0, 0, 0, 1, 0
123358, 0, 1, 0, 1, 0, 0
117291, 1, 0, 0, 0, 1, 0
117292, 0, 1, 1, 0, 0, 0
117295, 1, 0, 0, 0, 1, 0
117299, 1, 0, 0, 0, 1, 0
117301, 4, 0, 0, 0, 4, 0
117302, 13, 0, 0, 0, 13, 0
117303, 1, 2, 1, 1, 1, 0
119103, 0, 1, 1, 0, 0, 0
117305, 1, 0, 0, 0, 1, 0
117307, 1, 0, 0, 0, 1, 0
117309, 4, 0, 0, 0, 4, 0
117311, 2, 0, 0, 0, 2, 0
117312, 1, 0, 0, 0, 1, 0
117313, 1, 0, 0, 0, 1, 0
117314, 0, 1, 1, 0, 0, 0
117315, 1, 0, 0, 0, 1, 0
117316, 0, 1, 1, 0, 0, 0
117318, 1, 0, 0, 0, 1, 0
117319, 0, 1, 1, 0, 0, 0
117321, 1, 0, 0, 0, 1, 0
117323, 1, 1, 0, 1, 1, 0
117325, 1, 0, 0, 0, 0, 1
117327, 1, 0, 0, 0, 1, 0
117328, 2, 0, 0, 0, 2, 0
117329, 1, 0, 0, 0, 1, 0
117330, 1, 0, 0, 0, 1, 0
117332, 2, 0, 0, 0, 2, 0
117333, 1, 0, 0, 0, 1, 0
117334, 1, 0, 0, 0, 1, 0
117335, 2, 1, 1, 0, 2, 0
117337, 1, 0, 0, 0, 1, 0
117340, 2, 1, 0, 1, 2, 0
117341, 7, 0, 0, 0, 3, 4
117343, 1, 0, 0, 0, 1, 0
117345, 1, 0, 0, 0, 1, 0
117346, 1, 1, 1, 0, 1, 0
117347, 1, 0, 0, 0, 1, 0
117348, 1, 0, 0, 0, 1, 0
117349, 0, 1, 1, 0, 0, 0
117350, 1, 0, 0, 0, 1, 0
117351, 1, 0, 0, 0, 1, 0
117352, 0, 1, 1, 0, 0, 0
117357, 1, 0, 0, 0, 1, 0
117359, 2, 0, 0, 0, 2, 0
117360, 1, 0, 0, 0, 1, 0
117361, 0, 1, 1, 0, 0, 0
117362, 1, 0, 0, 0, 1, 0
117364, 1, 0, 0, 0, 0, 1
117368, 3, 0, 0, 0, 2, 1
117369, 4, 0, 0, 0, 4, 0
117370, 0, 1, 1, 0, 0, 0
117371, 0, 1, 1, 0, 0, 0
118066, 0, 1, 1, 0, 0, 0
117374, 1, 1, 1, 0, 1, 0
117375, 1, 0, 0, 0, 1, 0
117376, 1, 0, 0, 0, 1, 0
117378, 1, 0, 0, 0, 1, 0
117379, 0, 1, 1, 0, 0, 0
117380, 1, 0, 0, 0, 1, 0
117381, 1, 0, 0, 0, 1, 0
117384, 1, 0, 0, 0, 0, 1
117385, 1, 0, 0, 0, 1, 0
117386, 1, 0, 0, 0, 0, 1
117387, 1, 0, 0, 0, 1, 0
117388, 1, 0, 0, 0, 1, 0
117389, 0, 1, 1, 0, 0, 0
117393, 1, 0, 0, 0, 1, 0
117394, 1, 0, 0, 0, 1, 0
117395, 1, 0, 0, 0, 1, 0
117396, 1, 0, 0, 0, 0, 1
117398, 1, 0, 0, 0, 1, 0
117399, 1, 0, 0, 0, 1, 0
117400, 0, 1, 1, 0, 0, 0
117402, 1, 0, 0, 0, 1, 0
117403, 1, 0, 0, 0, 1, 0
117407, 1, 0, 0, 0, 1, 0
117408, 4, 0, 0, 0, 4, 0
117409, 1, 0, 0, 0, 1, 0
117412, 1, 0, 0, 0, 1, 0
117413, 6, 1, 1, 0, 6, 0
118496, 1, 1, 1, 0, 1, 0
117415, 1, 0, 0, 0, 1, 0
117417, 2, 0, 0, 0, 2, 0
117418, 1, 0, 0, 0, 1, 0
117419, 1, 0, 0, 0, 1, 0
117434, 1, 0, 0, 0, 1, 0
117435, 1, 0, 0, 0, 1, 0
117436, 1, 0, 0, 0, 1, 0
117437, 4, 0, 0, 0, 4, 0
120898, 0, 1, 1, 0, 0, 0
117438, 2, 0, 0, 0, 2, 0
117441, 1, 0, 0, 0, 1, 0
117442, 1, 0, 0, 0, 1, 0
117447, 1, 0, 0, 0, 1, 0
117448, 1, 0, 0, 0, 1, 0
117451, 1, 0, 0, 0, 1, 0
117452, 8, 0, 0, 0, 8, 0
117453, 1, 0, 0, 0, 0, 1
117454, 1, 0, 0, 0, 1, 0
117455, 0, 1, 1, 0, 0, 0
117456, 1, 0, 0, 0, 1, 0
117457, 1, 0, 0, 0, 1, 0
117459, 1, 0, 0, 0, 1, 0
117460, 2, 0, 0, 0, 2, 0
117461, 2, 0, 0, 0, 1, 1
117462, 0, 1, 0, 1, 0, 0
117463, 1, 0, 0, 0, 1, 0
117466, 1, 0, 0, 0, 1, 0
117467, 2, 0, 0, 0, 1, 1
117468, 0, 1, 1, 0, 0, 0
117469, 1, 0, 0, 0, 1, 0
117471, 1, 0, 0, 0, 1, 0
117472, 1, 0, 0, 0, 1, 0
117473, 1, 0, 0, 0, 1, 0
117474, 1, 0, 0, 0, 1, 0
117475, 1, 0, 0, 0, 1, 0
117476, 0, 1, 1, 0, 0, 0
117477, 1, 0, 0, 0, 1, 0
117479, 2, 0, 0, 0, 2, 0
117480, 1, 0, 0, 0, 1, 0
117481, 0, 2, 2, 0, 0, 0
117483, 1, 0, 0, 0, 1, 0
117484, 0, 1, 1, 0, 0, 0
117485, 1, 0, 0, 0, 0, 1
117486, 0, 2, 1, 1, 0, 0
117490, 1, 0, 0, 0, 1, 0
117492, 4, 0, 0, 0, 4, 0
117494, 1, 0, 0, 0, 1, 0
117495, 1, 0, 0, 0, 1, 0
117497, 1, 0, 0, 0, 1, 0
117499, 1, 0, 0, 0, 1, 0
117501, 1, 0, 0, 0, 1, 0
117503, 1, 0, 0, 0, 1, 0
117504, 1, 0, 0, 0, 1, 0
117505, 1, 0, 0, 0, 1, 0
117506, 1, 0, 0, 0, 1, 0
117507, 0, 1, 1, 0, 0, 0
117508, 1, 0, 0, 0, 0, 1
117511, 1, 0, 0, 0, 1, 0
117515, 1, 1, 1, 0, 1, 0
117518, 2, 0, 0, 0, 2, 0
130875, 0, 1, 1, 0, 0, 0
117520, 1, 0, 0, 0, 1, 0
117521, 1, 0, 0, 0, 1, 0
117522, 0, 1, 1, 0, 0, 0
117523, 1, 0, 0, 0, 1, 0
117524, 1, 0, 0, 0, 1, 0
117525, 1, 0, 0, 0, 0, 1
117526, 1, 0, 0, 0, 0, 1
117527, 0, 1, 0, 1, 0, 0
117528, 1, 0, 0, 0, 0, 1
117529, 0, 1, 0, 1, 0, 0
117530, 1, 0, 0, 0, 1, 0
117531, 1, 0, 0, 0, 0, 1
117532, 1, 0, 0, 0, 1, 0
117533, 2, 0, 0, 0, 2, 0
117534, 1, 0, 0, 0, 1, 0
117535, 1, 0, 0, 0, 1, 0
117536, 1, 0, 0, 0, 1, 0
117537, 1, 0, 0, 0, 1, 0
117538, 1, 0, 0, 0, 1, 0
117539, 1, 0, 0, 0, 1, 0
117542, 1, 1, 1, 0, 1, 0
117543, 2, 0, 0, 0, 2, 0
117548, 1, 0, 0, 0, 1, 0
117549, 1, 0, 0, 0, 1, 0
117551, 1, 0, 0, 0, 0, 1
117552, 1, 0, 0, 0, 1, 0
117554, 2, 0, 0, 0, 2, 0
117555, 0, 2, 1, 1, 0, 0
117557, 1, 0, 0, 0, 1, 0
117558, 1, 0, 0, 0, 1, 0
117559, 1, 0, 0, 0, 1, 0
117560, 1, 0, 0, 0, 1, 0
117561, 0, 1, 1, 0, 0, 0
117564, 1, 0, 0, 0, 1, 0
117565, 0, 1, 1, 0, 0, 0
117567, 1, 0, 0, 0, 0, 1
117568, 1, 0, 0, 0, 1, 0
117569, 1, 0, 0, 0, 0, 1
117570, 1, 0, 0, 0, 1, 0
117571, 1, 0, 0, 0, 1, 0
117572, 1, 0, 0, 0, 1, 0
117573, 0, 1, 1, 0, 0, 0
117574, 2, 0, 0, 0, 2, 0
117576, 1, 0, 0, 0, 1, 0
117579, 1, 0, 0, 0, 1, 0
117580, 1, 0, 0, 0, 1, 0
117583, 1, 0, 0, 0, 1, 0
117584, 0, 1, 1, 0, 0, 0
117585, 1, 1, 1, 0, 1, 0
117587, 6, 0, 0, 0, 6, 0
117588, 1, 0, 0, 0, 1, 0
117589, 1, 0, 0, 0, 1, 0
117590, 0, 2, 2, 0, 0, 0
117591, 1, 1, 1, 0, 1, 0
117594, 1, 0, 0, 0, 1, 0
117595, 2, 0, 0, 0, 2, 0
117596, 0, 1, 1, 0, 0, 0
117597, 2, 0, 0, 0, 2, 0
117598, 1, 0, 0, 0, 1, 0
117599, 1, 0, 0, 0, 1, 0
117601, 1, 0, 0, 0, 1, 0
117602, 1, 0, 0, 0, 1, 0
117603, 2, 0, 0, 0, 2, 0
117605, 1, 0, 0, 0, 1, 0
117608, 1, 0, 0, 0, 1, 0
117609, 0, 1, 1, 0, 0, 0
117611, 2, 0, 0, 0, 2, 0
117612, 2, 0, 0, 0, 2, 0
117613, 2, 0, 0, 0, 1, 1
117614, 0, 1, 1, 0, 0, 0
117615, 2, 0, 0, 0, 2, 0
117617, 1, 0, 0, 0, 1, 0
117618, 1, 0, 0, 0, 1, 0
117619, 0, 1, 1, 0, 0, 0
117620, 1, 0, 0, 0, 1, 0
117621, 2, 0, 0, 0, 2, 0
117622, 0, 1, 1, 0, 0, 0
117623, 5, 0, 0, 0, 5, 0
117624, 1, 0, 0, 0, 1, 0
117626, 1, 0, 0, 0, 1, 0
117627, 1, 0, 0, 0, 1, 0
117628, 0, 1, 1, 0, 0, 0
117629, 12, 0, 0, 0, 12, 0
117630, 1, 0, 0, 0, 1, 0
117631, 1, 0, 0, 0, 1, 0
117632, 1, 0, 0, 0, 1, 0
117633, 0, 1, 1, 0, 0, 0
117634, 1, 1, 1, 0, 1, 0
117635, 1, 0, 0, 0, 1, 0
117636, 0, 1, 1, 0, 0, 0
117637, 1, 0, 0, 0, 1, 0
117638, 4, 0, 0, 0, 4, 0
117639, 0, 1, 1, 0, 0, 0
117641, 0, 2, 2, 0, 0, 0
117642, 0, 2, 2, 0, 0, 0
117643, 1, 0, 0, 0, 1, 0
117644, 1, 0, 0, 0, 1, 0
117645, 1, 1, 1, 0, 1, 0
117646, 1, 0, 0, 0, 1, 0
117647, 0, 1, 1, 0, 0, 0
117648, 2, 0, 0, 0, 2, 0
117649, 1, 0, 0, 0, 1, 0
117651, 1, 0, 0, 0, 1, 0
117654, 1, 1, 1, 0, 1, 0
117656, 1, 0, 0, 0, 1, 0
117657, 1, 0, 0, 0, 1, 0
117658, 1, 1, 1, 0, 1, 0
117659, 1, 1, 1, 0, 1, 0
117662, 1, 0, 0, 0, 1, 0
117663, 1, 0, 0, 0, 1, 0
117686, 1, 1, 1, 0, 1, 0
117666, 1, 0, 0, 0, 1, 0
117667, 2, 0, 0, 0, 0, 2
117668, 1, 0, 0, 0, 1, 0
117669, 2, 0, 0, 0, 2, 0
121028, 0, 1, 1, 0, 0, 0
117670, 1, 0, 0, 0, 0, 1
117671, 0, 1, 0, 1, 0, 0
117674, 1, 0, 0, 0, 1, 0
117675, 1, 0, 0, 0, 1, 0
117676, 1, 0, 0, 0, 1, 0
117681, 2, 0, 0, 0, 2, 0
117683, 1, 0, 0, 0, 1, 0
117687, 1, 0, 0, 0, 0, 1
117688, 1, 0, 0, 0, 1, 0
117689, 1, 0, 0, 0, 1, 0
117691, 1, 1, 1, 0, 1, 0
117692, 1, 0, 0, 0, 1, 0
117693, 1, 0, 0, 0, 0, 1
117694, 1, 0, 0, 0, 1, 0
117696, 1, 0, 0, 0, 1, 0
117697, 0, 1, 1, 0, 0, 0
117699, 1, 0, 0, 0, 1, 0
117700, 1, 0, 0, 0, 1, 0
117701, 1, 0, 0, 0, 1, 0
117703, 1, 0, 0, 0, 0, 1
117704, 0, 1, 0, 1, 0, 0
117705, 4, 0, 0, 0, 4, 0
117706, 2, 0, 0, 0, 2, 0
117707, 0, 1, 1, 0, 0, 0
117708, 6, 0, 0, 0, 6, 0
117709, 1, 0, 0, 0, 0, 1
117710, 1, 0, 0, 0, 1, 0
117711, 1, 0, 0, 0, 0, 1
117712, 0, 1, 0, 1, 0, 0
117714, 1, 0, 0, 0, 0, 1
117715, 0, 1, 0, 1, 0, 0
117717, 1, 0, 0, 0, 1, 0
117718, 1, 0, 0, 0, 1, 0
117721, 5, 0, 0, 0, 3, 2
117722, 1, 0, 0, 0, 1, 0
117723, 1, 0, 0, 0, 1, 0
117724, 1, 0, 0, 0, 1, 0
117726, 1, 0, 0, 0, 1, 0
117727, 1, 1, 1, 0, 1, 0
117728, 1, 0, 0, 0, 1, 0
117729, 8, 5, 5, 0, 5, 3
117730, 0, 2, 2, 0, 0, 0
118094, 0, 2, 2, 0, 0, 0
118095, 0, 5, 5, 0, 0, 0
117820, 0, 1, 1, 0, 0, 0
117848, 0, 1, 1, 0, 0, 0
120701, 0, 1, 1, 0, 0, 0
117733, 1, 0, 0, 0, 1, 0
117734, 1, 0, 0, 0, 1, 0
117735, 3, 0, 0, 0, 3, 0
117736, 1, 0, 0, 0, 1, 0
117737, 0, 1, 1, 0, 0, 0
117738, 2, 0, 0, 0, 2, 0
117739, 1, 0, 0, 0, 1, 0
117740, 1, 0, 0, 0, 1, 0
117742, 1, 0, 0, 0, 1, 0
117743, 1, 0, 0, 0, 1, 0
117744, 1, 0, 0, 0, 1, 0
117745, 1, 0, 0, 0, 1, 0
117746, 0, 1, 1, 0, 0, 0
117747, 1, 0, 0, 0, 1, 0
117748, 2, 0, 0, 0, 1, 1
117749, 0, 1, 1, 0, 0, 0
117750, 1, 0, 0, 0, 1, 0
117751, 0, 1, 1, 0, 0, 0
117753, 1, 0, 0, 0, 1, 0
117754, 6, 2, 2, 0, 6, 0
129286, 0, 1, 1, 0, 0, 0
131745, 1, 1, 1, 0, 1, 0
117756, 4, 0, 0, 0, 4, 0
117757, 2, 0, 0, 0, 1, 1
117758, 1, 0, 0, 0, 1, 0
117761, 1, 0, 0, 0, 1, 0
117764, 1, 0, 0, 0, 1, 0
117765, 1, 0, 0, 0, 1, 0
117766, 3, 0, 0, 0, 2, 1
117767, 1, 0, 0, 0, 1, 0
117768, 0, 1, 1, 0, 0, 0
117769, 1, 0, 0, 0, 1, 0
117771, 1, 0, 0, 0, 1, 0
117772, 6, 1, 1, 0, 6, 0
117774, 1, 0, 0, 0, 1, 0
117775, 1, 0, 0, 0, 0, 1
117776, 1, 0, 0, 0, 1, 0
117777, 0, 1, 1, 0, 0, 0
117780, 3, 0, 0, 0, 3, 0
117781, 0, 1, 1, 0, 0, 0
117808, 0, 1, 1, 0, 0, 0
117782, 1, 0, 0, 0, 1, 0
117783, 1, 0, 0, 0, 1, 0
117784, 0, 1, 1, 0, 0, 0
117785, 1, 0, 0, 0, 1, 0
117787, 1, 0, 0, 0, 1, 0
117789, 1, 0, 0, 0, 1, 0
117790, 1, 0, 0, 0, 1, 0
117792, 1, 0, 0, 0, 1, 0
117793, 1, 0, 0, 0, 1, 0
117794, 1, 0, 0, 0, 1, 0
117795, 6, 0, 0, 0, 6, 0
118016, 0, 1, 1, 0, 0, 0
117796, 1, 0, 0, 0, 1, 0
117799, 1, 0, 0, 0, 1, 0
117800, 1, 0, 0, 0, 1, 0
117802, 1, 0, 0, 0, 1, 0
117803, 1, 0, 0, 0, 1, 0
117804, 1, 0, 0, 0, 1, 0
117807, 0, 1, 0, 1, 0, 0
117810, 1, 0, 0, 0, 1, 0
117811, 0, 1, 1, 0, 0, 0
117812, 1, 0, 0, 0, 1, 0
117814, 1, 0, 0, 0, 1, 0
117815, 1, 0, 0, 0, 1, 0
117816, 1, 0, 0, 0, 1, 0
117817, 0, 1, 1, 0, 0, 0
117819, 1, 0, 0, 0, 1, 0
117821, 1, 0, 0, 0, 1, 0
117822, 1, 1, 1, 0, 0, 1
117823, 1, 1, 1, 0, 1, 0
117824, 1, 0, 0, 0, 1, 0
117827, 1, 0, 0, 0, 1, 0
117829, 2, 0, 0, 0, 2, 0
117830, 1, 0, 0, 0, 1, 0
117831, 1, 0, 0, 0, 1, 0
117832, 1, 0, 0, 0, 1, 0
117833, 1, 0, 0, 0, 0, 1
117834, 1, 0, 0, 0, 1, 0
117835, 1, 0, 0, 0, 1, 0
117836, 1, 0, 0, 0, 1, 0
117839, 3, 0, 0, 0, 3, 0
117841, 4, 0, 0, 0, 4, 0
117842, 2, 0, 0, 0, 2, 0
117843, 1, 0, 0, 0, 1, 0
125721, 2, 1, 1, 0, 2, 0
117847, 2, 0, 0, 0, 2, 0
117850, 2, 0, 0, 0, 2, 0
117851, 1, 0, 0, 0, 1, 0
117853, 1, 0, 0, 0, 1, 0
117855, 1, 0, 0, 0, 1, 0
117858, 8, 0, 0, 0, 8, 0
121307, 0, 1, 1, 0, 0, 0
117861, 1, 0, 0, 0, 0, 1
117864, 1, 0, 0, 0, 1, 0
117865, 1, 0, 0, 0, 0, 1
117866, 1, 0, 0, 0, 1, 0
117870, 1, 0, 0, 0, 1, 0
117871, 1, 0, 0, 0, 1, 0
117872, 1, 0, 0, 0, 1, 0
117873, 1, 0, 0, 0, 1, 0
117875, 1, 0, 0, 0, 1, 0
117876, 2, 0, 0, 0, 2, 0
117878, 1, 0, 0, 0, 0, 1
117879, 1, 0, 0, 0, 1, 0
126562, 5, 1, 1, 0, 5, 0
117881, 1, 0, 0, 0, 0, 1
117883, 1, 0, 0, 0, 1, 0
117884, 1, 0, 0, 0, 1, 0
117885, 1, 0, 0, 0, 1, 0
117887, 1, 0, 0, 0, 1, 0
117888, 0, 1, 1, 0, 0, 0
117891, 1, 0, 0, 0, 0, 1
117892, 1, 0, 0, 0, 1, 0
117893, 0, 1, 1, 0, 0, 0
117894, 1, 0, 0, 0, 1, 0
117895, 2, 0, 0, 0, 2, 0
117898, 2, 0, 0, 0, 2, 0
117899, 1, 0, 0, 0, 1, 0
117900, 0, 1, 1, 0, 0, 0
117901, 1, 0, 0, 0, 1, 0
117902, 1, 0, 0, 0, 1, 0
117903, 2, 0, 0, 0, 2, 0
117904, 1, 0, 0, 0, 1, 0
117905, 3, 0, 0, 0, 3, 0
117906, 1, 0, 0, 0, 1, 0
117908, 1, 0, 0, 0, 1, 0
117909, 2, 0, 0, 0, 2, 0
117910, 0, 1, 1, 0, 0, 0
117913, 1, 0, 0, 0, 1, 0
117914, 1, 0, 0, 0, 1, 0
117915, 1, 1, 1, 0, 1, 0
117916, 2, 0, 0, 0, 2, 0
117917, 0, 2, 2, 0, 0, 0
117918, 1, 0, 0, 0, 1, 0
117919, 0, 1, 1, 0, 0, 0
117920, 2, 0, 0, 0, 1, 1
117921, 1, 0, 0, 0, 1, 0
117922, 1, 0, 0, 0, 1, 0
117923, 2, 0, 0, 0, 0, 2
117925, 1, 0, 0, 0, 1, 0
117926, 1, 0, 0, 0, 1, 0
117927, 1, 0, 0, 0, 1, 0
117928, 0, 1, 1, 0, 0, 0
117929, 1, 0, 0, 0, 1, 0
117930, 1, 0, 0, 0, 1, 0
117931, 1, 0, 0, 0, 1, 0
117932, 1, 0, 0, 0, 1, 0
117933, 0, 1, 1, 0, 0, 0
117935, 1, 0, 0, 0, 1, 0
117936, 1, 0, 0, 0, 1, 0
117937, 1, 0, 0, 0, 1, 0
117938, 1, 0, 0, 0, 1, 0
117939, 1, 0, 0, 0, 1, 0
117942, 1, 0, 0, 0, 1, 0
117943, 1, 0, 0, 0, 1, 0
117944, 1, 0, 0, 0, 1, 0
117945, 1, 0, 0, 0, 1, 0
117957, 1, 0, 0, 0, 1, 0
117958, 1, 0, 0, 0, 0, 1
117959, 2, 0, 0, 0, 2, 0
117960, 2, 0, 0, 0, 2, 0
117961, 1, 0, 0, 0, 1, 0
117962, 1, 0, 0, 0, 1, 0
117963, 1, 1, 1, 0, 1, 0
117965, 1, 0, 0, 0, 1, 0
117966, 0, 1, 1, 0, 0, 0
117968, 1, 0, 0, 0, 1, 0
117969, 0, 5, 5, 0, 0, 0
117970, 1, 0, 0, 0, 0, 1
117971, 1, 0, 0, 0, 1, 0
117972, 1, 1, 1, 0, 1, 0
117974, 2, 0, 0, 0, 2, 0
117975, 0, 1, 1, 0, 0, 0
117977, 2, 0, 0, 0, 2, 0
117978, 1, 0, 0, 0, 0, 1
117979, 2, 0, 0, 0, 2, 0
117981, 0, 2, 1, 1, 0, 0
118547, 0, 1, 1, 0, 0, 0
117984, 1, 0, 0, 0, 1, 0
117985, 4, 2, 2, 0, 4, 0
117986, 1, 0, 0, 0, 1, 0
117988, 3, 0, 0, 0, 3, 0
117989, 1, 0, 0, 0, 1, 0
117991, 5, 0, 0, 0, 5, 0
117992, 0, 1, 1, 0, 0, 0
117995, 1, 0, 0, 0, 1, 0
117996, 0, 1, 1, 0, 0, 0
117999, 1, 0, 0, 0, 0, 1
123790, 1, 1, 1, 0, 1, 0
118002, 1, 0, 0, 0, 1, 0
118003, 1, 0, 0, 0, 1, 0
120853, 1, 1, 1, 0, 1, 0
118006, 1, 1, 1, 0, 1, 0
118007, 1, 0, 0, 0, 1, 0
118009, 2, 0, 0, 0, 2, 0
118010, 1, 0, 0, 0, 1, 0
118011, 1, 0, 0, 0, 1, 0
120295, 0, 1, 1, 0, 0, 0
124761, 0, 1, 1, 0, 0, 0
118015, 1, 0, 0, 0, 1, 0
118017, 2, 0, 0, 0, 2, 0
118019, 1, 0, 0, 0, 1, 0
118020, 1, 0, 0, 0, 1, 0
118021, 1, 0, 0, 0, 1, 0
118022, 8, 0, 0, 0, 7, 1
120873, 0, 2, 0, 2, 0, 0
118025, 1, 0, 0, 0, 1, 0
118026, 1, 0, 0, 0, 1, 0
118027, 0, 1, 1, 0, 0, 0
118028, 1, 1, 1, 0, 1, 0
118029, 1, 1, 1, 0, 1, 0
118032, 1, 0, 0, 0, 1, 0
118033, 0, 1, 1, 0, 0, 0
118034, 1, 0, 0, 0, 1, 0
118035, 1, 0, 0, 0, 1, 0
118036, 2, 0, 0, 0, 0, 2
118037, 0, 1, 0, 1, 0, 0
118050, 0, 1, 0, 1, 0, 0
118038, 1, 0, 0, 0, 1, 0
118039, 3, 1, 1, 0, 1, 2
118041, 2, 1, 1, 0, 2, 0
118040, 3, 1, 1, 0, 3, 0
118042, 0, 2, 2, 0, 0, 0
118046, 1, 0, 0, 0, 1, 0
118047, 1, 0, 0, 0, 1, 0
118048, 1, 0, 0, 0, 0, 1
118049, 1, 0, 0, 0, 1, 0
118052, 1, 0, 0, 0, 0, 1
118053, 1, 0, 0, 0, 1, 0
118054, 0, 1, 1, 0, 0, 0
118056, 1, 0, 0, 0, 1, 0
118057, 0, 1, 1, 0, 0, 0
118058, 1, 0, 0, 0, 1, 0
118062, 1, 0, 0, 0, 1, 0
118064, 1, 0, 0, 0, 1, 0
118065, 0, 2, 2, 0, 0, 0
118067, 1, 0, 0, 0, 1, 0
118068, 1, 0, 0, 0, 1, 0
118069, 0, 1, 1, 0, 0, 0
118070, 1, 0, 0, 0, 1, 0
118071, 0, 1, 1, 0, 0, 0
118074, 1, 0, 0, 0, 1, 0
118075, 1, 0, 0, 0, 0, 1
118076, 1, 0, 0, 0, 1, 0
118077, 1, 0, 0, 0, 1, 0
118079, 1, 0, 0, 0, 1, 0
118080, 1, 1, 1, 0, 1, 0
118081, 2, 1, 1, 0, 2, 0
118082, 1, 0, 0, 0, 0, 1
118083, 1, 0, 0, 0, 1, 0
118084, 1, 0, 0, 0, 1, 0
118085, 1, 0, 0, 0, 1, 0
118087, 1, 0, 0, 0, 1, 0
118088, 1, 0, 0, 0, 1, 0
118089, 1, 0, 0, 0, 1, 0
118090, 3, 2, 2, 0, 0, 3
118091, 5, 1, 1, 0, 5, 0
118092, 1, 0, 0, 0, 1, 0
118093, 0, 1, 1, 0, 0, 0
118096, 2, 0, 0, 0, 2, 0
118097, 1, 0, 0, 0, 0, 1
118100, 2, 0, 0, 0, 2, 0
118101, 0, 1, 1, 0, 0, 0
118985, 0, 1, 1, 0, 0, 0
118105, 1, 0, 0, 0, 0, 1
118106, 0, 1, 0, 1, 0, 0
118107, 1, 0, 0, 0, 1, 0
118108, 0, 1, 1, 0, 0, 0
118110, 1, 0, 0, 0, 1, 0
118111, 1, 0, 0, 0, 1, 0
118112, 0, 1, 1, 0, 0, 0
118113, 1, 0, 0, 0, 1, 0
118115, 1, 0, 0, 0, 1, 0
118117, 1, 0, 0, 0, 1, 0
118118, 0, 1, 1, 0, 0, 0
118119, 1, 0, 0, 0, 1, 0
118120, 2, 0, 0, 0, 2, 0
118121, 1, 0, 0, 0, 1, 0
118122, 3, 0, 0, 0, 2, 1
118123, 3, 0, 0, 0, 3, 0
118126, 0, 1, 1, 0, 0, 0
118124, 13, 0, 0, 0, 13, 0
118125, 0, 1, 1, 0, 0, 0
118127, 1, 0, 0, 0, 1, 0
118130, 1, 0, 0, 0, 1, 0
118131, 1, 0, 0, 0, 1, 0
118132, 3, 0, 0, 0, 3, 0
118133, 1, 0, 0, 0, 1, 0
118134, 0, 1, 1, 0, 0, 0
118135, 1, 0, 0, 0, 1, 0
118136, 0, 1, 1, 0, 0, 0
118137, 1, 0, 0, 0, 1, 0
118138, 0, 1, 1, 0, 0, 0
118139, 1, 0, 0, 0, 1, 0
118140, 0, 1, 1, 0, 0, 0
118141, 1, 0, 0, 0, 1, 0
118142, 0, 1, 1, 0, 0, 0
118144, 1, 0, 0, 0, 1, 0
118145, 2, 0, 0, 0, 2, 0
118147, 1, 0, 0, 0, 0, 1
118148, 1, 0, 0, 0, 1, 0
118149, 1, 0, 0, 0, 1, 0
118150, 2, 1, 1, 0, 2, 0
118151, 1, 0, 0, 0, 1, 0
118152, 1, 2, 2, 0, 1, 0
118153, 1, 0, 0, 0, 0, 1
118154, 7, 0, 0, 0, 7, 0
118155, 1, 0, 0, 0, 0, 1
118156, 1, 0, 0, 0, 1, 0
118157, 1, 0, 0, 0, 1, 0
118162, 1, 0, 0, 0, 1, 0
118163, 1, 0, 0, 0, 1, 0
118164, 1, 0, 0, 0, 0, 1
118165, 0, 1, 0, 1, 0, 0
118166, 1, 0, 0, 0, 1, 0
118168, 1, 0, 0, 0, 1, 0
118169, 0, 2, 2, 0, 0, 0
118170, 2, 0, 0, 0, 2, 0
118172, 1, 0, 0, 0, 0, 1
118173, 5, 0, 0, 0, 5, 0
118175, 1, 0, 0, 0, 1, 0
118178, 1, 0, 0, 0, 1, 0
118182, 1, 0, 0, 0, 1, 0
118184, 1, 0, 0, 0, 1, 0
118186, 1, 0, 0, 0, 0, 1
118187, 1, 0, 0, 0, 1, 0
118188, 0, 1, 1, 0, 0, 0
118189, 1, 0, 0, 0, 1, 0
118190, 1, 0, 0, 0, 1, 0
118192, 1, 0, 0, 0, 1, 0
118193, 0, 1, 1, 0, 0, 0
118194, 1, 0, 0, 0, 1, 0
118196, 1, 0, 0, 0, 1, 0
118197, 1, 0, 0, 0, 1, 0
118198, 1, 0, 0, 0, 0, 1
118199, 1, 0, 0, 0, 0, 1
118200, 1, 0, 0, 0, 1, 0
118201, 1, 0, 0, 0, 1, 0
118202, 0, 1, 1, 0, 0, 0
118204, 1, 0, 0, 0, 0, 1
118205, 1, 0, 0, 0, 1, 0
118206, 1, 0, 0, 0, 1, 0
118207, 0, 2, 2, 0, 0, 0
118209, 1, 0, 0, 0, 1, 0
118210, 1, 0, 0, 0, 0, 1
118211, 1, 0, 0, 0, 0, 1
118214, 1, 0, 0, 0, 0, 1
118216, 1, 0, 0, 0, 0, 1
118217, 1, 0, 0, 0, 1, 0
118218, 1, 0, 0, 0, 0, 1
118220, 3, 0, 0, 0, 3, 0
118221, 9, 2, 2, 0, 9, 0
121095, 0, 1, 1, 0, 0, 0
118222, 1, 0, 0, 0, 0, 1
118223, 2, 0, 0, 0, 1, 1
118224, 0, 1, 0, 1, 0, 0
118225, 1, 0, 0, 0, 1, 0
118230, 1, 0, 0, 0, 0, 1
118232, 1, 0, 0, 0, 1, 0
118233, 1, 0, 0, 0, 1, 0
118234, 0, 1, 1, 0, 0, 0
118235, 3, 0, 0, 0, 3, 0
118236, 1, 0, 0, 0, 1, 0
118240, 2, 0, 0, 0, 2, 0
118243, 1, 0, 0, 0, 1, 0
118245, 1, 0, 0, 0, 1, 0
119658, 0, 1, 1, 0, 0, 0
118251, 1, 1, 1, 0, 1, 0
118254, 14, 0, 0, 0, 14, 0
118255, 4, 0, 0, 0, 3, 1
118256, 1, 0, 0, 0, 0, 1
118257, 1, 0, 0, 0, 0, 1
118258, 1, 0, 0, 0, 1, 0
118261, 1, 0, 0, 0, 1, 0
118262, 0, 1, 1, 0, 0, 0
118265, 2, 0, 0, 0, 2, 0
118267, 3, 0, 0, 0, 3, 0
118268, 1, 0, 0, 0, 1, 0
118269, 2, 0, 0, 0, 2, 0
118270, 2, 0, 0, 0, 2, 0
118272, 2, 1, 1, 0, 2, 0
118490, 1, 2, 2, 0, 0, 1
118273, 1, 1, 1, 0, 1, 0
118274, 1, 1, 1, 0, 1, 0
118276, 3, 0, 0, 0, 3, 0
123553, 0, 1, 1, 0, 0, 0
118277, 1, 0, 0, 0, 1, 0
118278, 0, 1, 1, 0, 0, 0
118279, 1, 1, 1, 0, 1, 0
118280, 0, 2, 2, 0, 0, 0
118281, 2, 0, 0, 0, 1, 1
118282, 1, 0, 0, 0, 1, 0
118284, 1, 0, 0, 0, 1, 0
118287, 1, 0, 0, 0, 0, 1
118288, 1, 0, 0, 0, 1, 0
118289, 1, 0, 0, 0, 1, 0
118291, 1, 0, 0, 0, 1, 0
118292, 1, 0, 0, 0, 1, 0
118293, 6, 1, 1, 0, 5, 1
123702, 0, 1, 1, 0, 0, 0
118295, 1, 0, 0, 0, 1, 0
118296, 0, 1, 1, 0, 0, 0
118297, 1, 0, 0, 0, 1, 0
118298, 5, 0, 0, 0, 0, 5
118299, 0, 1, 0, 1, 0, 0
118300, 3, 1, 1, 0, 3, 0
118301, 1, 1, 1, 0, 1, 0
118303, 2, 3, 3, 0, 2, 0
118304, 1, 0, 0, 0, 1, 0
118306, 2, 0, 0, 0, 2, 0
118312, 1, 0, 0, 0, 1, 0
118314, 1, 0, 0, 0, 1, 0
118315, 1, 0, 0, 0, 1, 0
118316, 1, 0, 0, 0, 1, 0
118317, 1, 0, 0, 0, 1, 0
118318, 1, 2, 2, 0, 1, 0
118319, 1, 0, 0, 0, 1, 0
118320, 1, 0, 0, 0, 0, 1
118330, 1, 0, 0, 0, 1, 0
118332, 2, 0, 0, 0, 1, 1
118333, 2, 0, 0, 0, 2, 0
118336, 1, 0, 0, 0, 1, 0
118337, 1, 1, 1, 0, 1, 0
118338, 1, 0, 0, 0, 1, 0
118339, 1, 0, 0, 0, 0, 1
118340, 1, 0, 0, 0, 1, 0
118342, 2, 0, 0, 0, 1, 1
118344, 1, 0, 0, 0, 1, 0
118346, 2, 0, 0, 0, 2, 0
118347, 1, 0, 0, 0, 1, 0
118348, 1, 0, 0, 0, 1, 0
118349, 1, 0, 0, 0, 1, 0
118350, 1, 0, 0, 0, 1, 0
118351, 0, 1, 1, 0, 0, 0
118352, 1, 0, 0, 0, 1, 0
118353, 1, 0, 0, 0, 1, 0
118354, 1, 0, 0, 0, 1, 0
118355, 1, 0, 0, 0, 1, 0
118356, 1, 0, 0, 0, 0, 1
118357, 0, 1, 0, 1, 0, 0
118358, 1, 0, 0, 0, 1, 0
118359, 1, 0, 0, 0, 0, 1
118360, 1, 0, 0, 0, 1, 0
118361, 0, 1, 1, 0, 0, 0
118362, 1, 0, 0, 0, 1, 0
118363, 2, 0, 0, 0, 2, 0
118364, 2, 0, 0, 0, 2, 0
118365, 17, 0, 0, 0, 4, 13
118366, 0, 2, 1, 1, 0, 0
118368, 1, 0, 0, 0, 1, 0
118370, 0, 2, 2, 0, 0, 0
118371, 1, 0, 0, 0, 1, 0
118372, 1, 0, 0, 0, 1, 0
118373, 0, 1, 1, 0, 0, 0
118374, 1, 0, 0, 0, 1, 0
118375, 2, 0, 0, 0, 2, 0
118376, 0, 1, 1, 0, 0, 0
118377, 1, 0, 0, 0, 1, 0
118379, 1, 0, 0, 0, 1, 0
118381, 1, 0, 0, 0, 1, 0
118382, 1, 0, 0, 0, 1, 0
118383, 1, 0, 0, 0, 1, 0
118385, 1, 0, 0, 0, 1, 0
118386, 0, 1, 1, 0, 0, 0
118387, 1, 0, 0, 0, 1, 0
118388, 1, 0, 0, 0, 1, 0
118389, 1, 0, 0, 0, 1, 0
118390, 1, 0, 0, 0, 0, 1
118391, 1, 0, 0, 0, 1, 0
118392, 0, 1, 1, 0, 0, 0
118393, 1, 0, 0, 0, 1, 0
118394, 0, 2, 2, 0, 0, 0
118395, 1, 0, 0, 0, 1, 0
118397, 1, 0, 0, 0, 1, 0
118400, 1, 0, 0, 0, 1, 0
118401, 3, 0, 0, 0, 3, 0
118402, 1, 0, 0, 0, 1, 0
118403, 0, 1, 1, 0, 0, 0
118405, 1, 0, 0, 0, 1, 0
118406, 1, 0, 0, 0, 1, 0
118407, 0, 1, 1, 0, 0, 0
118408, 3, 0, 0, 0, 3, 0
118409, 1, 0, 0, 0, 1, 0
118412, 1, 0, 0, 0, 1, 0
118413, 0, 2, 2, 0, 0, 0
118426, 1, 0, 0, 0, 1, 0
118427, 1, 0, 0, 0, 1, 0
118428, 1, 0, 0, 0, 1, 0
118429, 1, 0, 0, 0, 1, 0
118430, 1, 0, 0, 0, 1, 0
118431, 1, 0, 0, 0, 1, 0
118433, 1, 0, 0, 0, 1, 0
118434, 1, 0, 0, 0, 0, 1
118435, 2, 0, 0, 0, 2, 0
118437, 4, 0, 0, 0, 4, 0
118439, 4, 1, 1, 0, 3, 1
118440, 3, 0, 0, 0, 3, 0
118441, 2, 0, 0, 0, 2, 0
118442, 5, 0, 0, 0, 4, 1
118443, 1, 0, 0, 0, 1, 0
118444, 1, 0, 0, 0, 1, 0
118445, 1, 1, 1, 0, 1, 0
118446, 1, 1, 1, 0, 1, 0
120714, 0, 1, 1, 0, 0, 0
118447, 1, 0, 0, 0, 1, 0
118449, 2, 0, 0, 0, 2, 0
118452, 1, 0, 0, 0, 1, 0
118453, 0, 1, 1, 0, 0, 0
118454, 1, 0, 0, 0, 1, 0
118455, 1, 0, 0, 0, 0, 1
118456, 1, 0, 0, 0, 1, 0
118457, 0, 1, 1, 0, 0, 0
118460, 1, 0, 0, 0, 1, 0
118461, 0, 1, 1, 0, 0, 0
118462, 1, 0, 0, 0, 1, 0
118463, 1, 0, 0, 0, 1, 0
118466, 1, 0, 0, 0, 1, 0
118467, 0, 1, 1, 0, 0, 0
118468, 1, 0, 0, 0, 1, 0
118471, 1, 0, 0, 0, 1, 0
118472, 0, 1, 1, 0, 0, 0
118475, 1, 0, 0, 0, 1, 0
118476, 3, 5, 5, 0, 3, 0
118993, 3, 2, 2, 0, 3, 0
125260, 2, 2, 2, 0, 2, 0
118477, 1, 0, 0, 0, 1, 0
118478, 0, 1, 1, 0, 0, 0
118481, 1, 0, 0, 0, 1, 0
118482, 1, 0, 0, 0, 1, 0
118483, 1, 0, 0, 0, 1, 0
118484, 0, 1, 1, 0, 0, 0
118486, 1, 0, 0, 0, 1, 0
118487, 1, 0, 0, 0, 1, 0
118488, 1, 0, 0, 0, 1, 0
118489, 2, 0, 0, 0, 2, 0
118491, 1, 0, 0, 0, 0, 1
118492, 1, 0, 0, 0, 1, 0
118493, 9, 0, 0, 0, 9, 0
118494, 1, 0, 0, 0, 1, 0
118500, 1, 0, 0, 0, 1, 0
118501, 0, 1, 1, 0, 0, 0
118503, 1, 0, 0, 0, 1, 0
118504, 1, 0, 0, 0, 1, 0
118505, 2, 0, 0, 0, 2, 0
118506, 2, 0, 0, 0, 2, 0
118507, 5, 0, 0, 0, 5, 0
118508, 1, 0, 0, 0, 1, 0
118510, 1, 0, 0, 0, 1, 0
118512, 1, 0, 0, 0, 1, 0
118513, 0, 1, 1, 0, 0, 0
118514, 1, 0, 0, 0, 1, 0
118516, 1, 0, 0, 0, 1, 0
118517, 1, 0, 0, 0, 1, 0
118519, 1, 0, 0, 0, 1, 0
118520, 0, 2, 2, 0, 0, 0
118522, 1, 0, 0, 0, 1, 0
118523, 1, 0, 0, 0, 1, 0
118526, 0, 1, 1, 0, 0, 0
118525, 2, 0, 0, 0, 2, 0
118527, 1, 0, 0, 0, 0, 1
118531, 1, 0, 0, 0, 1, 0
118532, 3, 0, 0, 0, 2, 1
118533, 0, 1, 1, 0, 0, 0
118534, 3, 1, 1, 0, 3, 0
118535, 1, 0, 0, 0, 1, 0
118536, 2, 0, 0, 0, 2, 0
118537, 2, 0, 0, 0, 2, 0
118538, 1, 0, 0, 0, 1, 0
118539, 0, 1, 1, 0, 0, 0
118541, 1, 0, 0, 0, 1, 0
118542, 0, 2, 2, 0, 0, 0
118543, 1, 0, 0, 0, 1, 0
118544, 2, 0, 0, 0, 2, 0
118545, 1, 1, 1, 0, 1, 0
118548, 2, 0, 0, 0, 1, 1
118549, 0, 1, 1, 0, 0, 0
118550, 1, 0, 0, 0, 1, 0
118551, 0, 1, 1, 0, 0, 0
118553, 1, 0, 0, 0, 1, 0
118554, 1, 0, 0, 0, 1, 0
118555, 0, 1, 1, 0, 0, 0
118556, 1, 0, 0, 0, 1, 0
118557, 2, 0, 0, 0, 1, 1
129705, 0, 1, 1, 0, 0, 0
118559, 1, 0, 0, 0, 1, 0
118560, 0, 1, 1, 0, 0, 0
118562, 1, 0, 0, 0, 1, 0
118563, 2, 0, 0, 0, 2, 0
118564, 1, 0, 0, 0, 1, 0
118565, 0, 2, 2, 0, 0, 0
118567, 1, 1, 1, 0, 1, 0
118568, 1, 0, 0, 0, 1, 0
118569, 3, 0, 0, 0, 3, 0
118571, 11, 0, 0, 0, 11, 0
118572, 1, 0, 0, 0, 0, 1
118574, 1, 0, 0, 0, 0, 1
118575, 0, 1, 0, 1, 0, 0
118576, 5, 0, 0, 0, 5, 0
118577, 1, 0, 0, 0, 1, 0
118579, 2, 1, 1, 0, 1, 1
118580, 0, 1, 1, 0, 0, 0
122304, 0, 1, 0, 1, 0, 0
118581, 1, 0, 0, 0, 1, 0
118582, 1, 0, 0, 0, 1, 0
118583, 1, 0, 0, 0, 1, 0
118584, 0, 1, 1, 0, 0, 0
118585, 1, 0, 0, 0, 1, 0
118588, 1, 0, 0, 0, 1, 0
118589, 0, 1, 1, 0, 0, 0
118590, 1, 0, 0, 0, 0, 1
118591, 3, 0, 0, 0, 3, 0
118592, 2, 0, 0, 0, 2, 0
118595, 1, 0, 0, 0, 1, 0
118596, 1, 0, 0, 0, 1, 0
118597, 0, 1, 1, 0, 0, 0
118598, 3, 0, 0, 0, 3, 0
118599, 0, 1, 1, 0, 0, 0
118601, 1, 0, 0, 0, 1, 0
118602, 2, 1, 0, 1, 2, 0
118604, 2, 0, 0, 0, 2, 0
118605, 2, 0, 0, 0, 1, 1
118606, 1, 0, 0, 0, 1, 0
118607, 1, 1, 1, 0, 1, 0
118608, 2, 0, 0, 0, 2, 0
118610, 4, 1, 1, 0, 4, 0
118611, 1, 0, 0, 0, 1, 0
118612, 2, 0, 0, 0, 0, 2
118613, 1, 0, 0, 0, 1, 0
119389, 0, 1, 0, 1, 0, 0
127391, 0, 1, 1, 0, 0, 0
118615, 2, 0, 0, 0, 2, 0
118616, 1, 0, 0, 0, 1, 0
118617, 2, 0, 0, 0, 2, 0
118619, 1, 0, 0, 0, 1, 0
118620, 0, 1, 1, 0, 0, 0
118851, 0, 1, 1, 0, 0, 0
118899, 0, 1, 1, 0, 0, 0
118623, 1, 0, 0, 0, 1, 0
118625, 4, 0, 0, 0, 4, 0
118626, 1, 0, 0, 0, 1, 0
118627, 0, 1, 1, 0, 0, 0
118629, 6, 0, 0, 0, 6, 0
118630, 1, 1, 1, 0, 1, 0
118631, 0, 1, 1, 0, 0, 0
118632, 1, 0, 0, 0, 1, 0
118633, 0, 1, 1, 0, 0, 0
118634, 2, 0, 0, 0, 2, 0
118636, 1, 0, 0, 0, 1, 0
118637, 2, 0, 0, 0, 2, 0
118639, 1, 0, 0, 0, 1, 0
118640, 1, 0, 0, 0, 0, 1
118641, 0, 1, 0, 1, 0, 0
118642, 1, 0, 0, 0, 1, 0
118643, 1, 0, 0, 0, 1, 0
118644, 1, 0, 0, 0, 1, 0
118645, 0, 1, 1, 0, 0, 0
118646, 3, 0, 0, 0, 2, 1
118651, 0, 1, 0, 1, 0, 0
118653, 0, 2, 2, 0, 0, 0
118647, 1, 0, 0, 0, 1, 0
118648, 1, 0, 0, 0, 0, 1
118650, 1, 0, 0, 0, 1, 0
118652, 1, 0, 0, 0, 1, 0
118654, 1, 0, 0, 0, 1, 0
118655, 1, 0, 0, 0, 1, 0
118656, 1, 0, 0, 0, 1, 0
118657, 1, 0, 0, 0, 1, 0
118658, 0, 1, 1, 0, 0, 0
118659, 1, 0, 0, 0, 1, 0
118660, 0, 1, 1, 0, 0, 0
118661, 1, 0, 0, 0, 0, 1
118662, 1, 0, 0, 0, 1, 0
118667, 1, 0, 0, 0, 1, 0
118668, 0, 1, 1, 0, 0, 0
118669, 1, 0, 0, 0, 1, 0
118670, 0, 2, 2, 0, 0, 0
118671, 1, 0, 0, 0, 1, 0
118672, 1, 0, 0, 0, 1, 0
118673, 7, 0, 0, 0, 6, 1
118676, 2, 0, 0, 0, 2, 0
118679, 1, 0, 0, 0, 1, 0
118681, 1, 0, 0, 0, 1, 0
118683, 2, 0, 0, 0, 2, 0
118684, 0, 1, 1, 0, 0, 0
118685, 0, 1, 1, 0, 0, 0
118689, 1, 0, 0, 0, 0, 1
118690, 1, 0, 0, 0, 1, 0
118691, 0, 1, 1, 0, 0, 0
118692, 1, 0, 0, 0, 1, 0
118693, 1, 0, 0, 0, 1, 0
118694, 0, 1, 1, 0, 0, 0
118695, 1, 0, 0, 0, 1, 0
118696, 78, 1, 1, 0, 78, 0
118699, 0, 1, 1, 0, 0, 0
118700, 0, 1, 1, 0, 0, 0
118701, 0, 1, 1, 0, 0, 0
118702, 0, 1, 1, 0, 0, 0
118703, 0, 1, 1, 0, 0, 0
118704, 0, 1, 1, 0, 0, 0
118721, 0, 1, 1, 0, 0, 0
118722, 0, 1, 1, 0, 0, 0
118723, 0, 1, 1, 0, 0, 0
118724, 0, 1, 1, 0, 0, 0
118725, 0, 1, 1, 0, 0, 0
118726, 0, 1, 1, 0, 0, 0
118727, 0, 1, 1, 0, 0, 0
118728, 0, 1, 1, 0, 0, 0
118729, 0, 1, 1, 0, 0, 0
118730, 0, 1, 1, 0, 0, 0
118731, 0, 1, 1, 0, 0, 0
118732, 0, 1, 1, 0, 0, 0
118733, 0, 1, 1, 0, 0, 0
118734, 0, 1, 1, 0, 0, 0
118735, 0, 1, 1, 0, 0, 0
118736, 0, 1, 1, 0, 0, 0
118737, 0, 1, 1, 0, 0, 0
118738, 0, 1, 1, 0, 0, 0
118739, 0, 2, 2, 0, 0, 0
118740, 0, 1, 1, 0, 0, 0
118741, 0, 1, 1, 0, 0, 0
118742, 0, 1, 1, 0, 0, 0
118743, 0, 1, 1, 0, 0, 0
118745, 0, 1, 1, 0, 0, 0
118747, 0, 1, 1, 0, 0, 0
118697, 1, 0, 0, 0, 1, 0
120949, 0, 1, 1, 0, 0, 0
118705, 1, 0, 0, 0, 1, 0
118707, 4, 0, 0, 0, 4, 0
118708, 1, 0, 0, 0, 1, 0
118710, 1, 0, 0, 0, 1, 0
118712, 1, 0, 0, 0, 1, 0
118713, 1, 0, 0, 0, 1, 0
118714, 0, 1, 1, 0, 0, 0
118715, 1, 0, 0, 0, 1, 0
118716, 1, 1, 1, 0, 1, 0
118717, 1, 1, 1, 0, 1, 0
118719, 1, 1, 0, 1, 1, 0
118720, 0, 2, 2, 0, 0, 0
118748, 1, 0, 0, 0, 1, 0
118749, 3, 0, 0, 0, 3, 0
118750, 1, 0, 0, 0, 1, 0
118751, 2, 0, 0, 0, 2, 0
118752, 1, 0, 0, 0, 0, 1
118753, 1, 1, 1, 0, 1, 0
118755, 1, 0, 0, 0, 0, 1
118756, 2, 0, 0, 0, 2, 0
118758, 0, 1, 1, 0, 0, 0
118759, 1, 1, 1, 0, 1, 0
118760, 1, 0, 0, 0, 0, 1
118761, 2, 0, 0, 0, 2, 0
118762, 1, 0, 0, 0, 1, 0
118763, 0, 1, 1, 0, 0, 0
118764, 1, 1, 1, 0, 1, 0
118765, 1, 0, 0, 0, 1, 0
118766, 0, 1, 1, 0, 0, 0
118767, 1, 0, 0, 0, 1, 0
118768, 0, 1, 1, 0, 0, 0
118769, 1, 0, 0, 0, 1, 0
118770, 0, 1, 1, 0, 0, 0
118771, 1, 0, 0, 0, 1, 0
118772, 1, 0, 0, 0, 1, 0
118773, 1, 0, 0, 0, 1, 0
118774, 1, 0, 0, 0, 1, 0
118775, 1, 0, 0, 0, 0, 1
118776, 3, 0, 0, 0, 3, 0
118777, 0, 1, 1, 0, 0, 0
118778, 1, 0, 0, 0, 1, 0
118779, 1, 0, 0, 0, 1, 0
118780, 1, 0, 0, 0, 1, 0
118781, 1, 0, 0, 0, 1, 0
118784, 1, 0, 0, 0, 1, 0
118785, 1, 0, 0, 0, 1, 0
118787, 1, 0, 0, 0, 1, 0
118789, 1, 0, 0, 0, 1, 0
118790, 1, 0, 0, 0, 0, 1
118791, 1, 0, 0, 0, 1, 0
118792, 0, 1, 1, 0, 0, 0
118793, 1, 0, 0, 0, 1, 0
118794, 0, 1, 1, 0, 0, 0
118795, 1, 0, 0, 0, 1, 0
118796, 0, 1, 1, 0, 0, 0
118797, 2, 0, 0, 0, 2, 0
118799, 1, 0, 0, 0, 1, 0
118800, 1, 0, 0, 0, 1, 0
118803, 1, 0, 0, 0, 1, 0
118805, 2, 0, 0, 0, 2, 0
118806, 1, 0, 0, 0, 1, 0
118807, 0, 1, 1, 0, 0, 0
118808, 5, 0, 0, 0, 5, 0
118809, 1, 0, 0, 0, 0, 1
118811, 2, 0, 0, 0, 2, 0
118812, 0, 2, 2, 0, 0, 0
118814, 2, 0, 0, 0, 2, 0
118815, 1, 0, 0, 0, 1, 0
118816, 0, 1, 1, 0, 0, 0
118819, 3, 0, 0, 0, 3, 0
118824, 1, 0, 0, 0, 1, 0
118825, 1, 0, 0, 0, 1, 0
118827, 1, 0, 0, 0, 1, 0
118829, 1, 0, 0, 0, 1, 0
118830, 0, 1, 1, 0, 0, 0
118831, 1, 0, 0, 0, 1, 0
118833, 1, 0, 0, 0, 1, 0
118834, 1, 0, 0, 0, 1, 0
118836, 1, 0, 0, 0, 0, 1
118838, 1, 0, 0, 0, 1, 0
118839, 0, 1, 1, 0, 0, 0
118840, 1, 0, 0, 0, 1, 0
118841, 1, 0, 0, 0, 1, 0
118842, 0, 1, 1, 0, 0, 0
118843, 1, 0, 0, 0, 1, 0
118844, 1, 0, 0, 0, 1, 0
118845, 4, 0, 0, 0, 1, 3
118846, 0, 1, 0, 1, 0, 0
118847, 1, 0, 0, 0, 1, 0
118848, 1, 0, 0, 0, 1, 0
118849, 1, 0, 0, 0, 1, 0
118852, 1, 0, 0, 0, 1, 0
118853, 1, 1, 1, 0, 1, 0
118854, 1, 0, 0, 0, 1, 0
118855, 0, 1, 1, 0, 0, 0
118859, 1, 0, 0, 0, 0, 1
118860, 4, 0, 0, 0, 4, 0
118862, 1, 0, 0, 0, 1, 0
118863, 0, 1, 1, 0, 0, 0
118865, 1, 0, 0, 0, 1, 0
118867, 1, 0, 0, 0, 1, 0
118868, 2, 0, 0, 0, 2, 0
118870, 1, 0, 0, 0, 1, 0
118871, 1, 0, 0, 0, 1, 0
118872, 2, 0, 0, 0, 2, 0
118873, 0, 1, 1, 0, 0, 0
118874, 1, 0, 0, 0, 1, 0
118875, 1, 1, 1, 0, 1, 0
118876, 1, 0, 0, 0, 1, 0
118877, 1, 0, 0, 0, 1, 0
118878, 3, 0, 0, 0, 3, 0
118879, 1, 0, 0, 0, 1, 0
118882, 1, 0, 0, 0, 1, 0
118884, 2, 0, 0, 0, 2, 0
118885, 1, 0, 0, 0, 1, 0
127239, 0, 1, 0, 1, 0, 0
118887, 1, 0, 0, 0, 1, 0
118889, 1, 0, 0, 0, 1, 0
118890, 1, 1, 1, 0, 1, 0
118891, 11, 4, 4, 0, 11, 0
119311, 1, 1, 1, 0, 1, 0
118892, 1, 0, 0, 0, 1, 0
118895, 2, 0, 0, 0, 2, 0
118896, 0, 1, 1, 0, 0, 0
118897, 1, 0, 0, 0, 1, 0
118898, 1, 0, 0, 0, 1, 0
118900, 1, 0, 0, 0, 1, 0
118901, 1, 0, 0, 0, 1, 0
118902, 1, 0, 0, 0, 1, 0
118903, 1, 0, 0, 0, 1, 0
118904, 1, 0, 0, 0, 1, 0
118905, 1, 0, 0, 0, 1, 0
118907, 1, 0, 0, 0, 1, 0
118908, 1, 0, 0, 0, 1, 0
118910, 2, 0, 0, 0, 2, 0
118911, 0, 1, 1, 0, 0, 0
118912, 0, 1, 1, 0, 0, 0
118913, 2, 0, 0, 0, 2, 0
118914, 1, 0, 0, 0, 1, 0
118915, 0, 1, 1, 0, 0, 0
118916, 1, 0, 0, 0, 1, 0
118919, 1, 0, 0, 0, 1, 0
118920, 0, 1, 1, 0, 0, 0
118921, 1, 0, 0, 0, 1, 0
118923, 1, 0, 0, 0, 1, 0
118925, 1, 0, 0, 0, 1, 0
118926, 1, 0, 0, 0, 1, 0
118928, 0, 1, 0, 1, 0, 0
118929, 1, 0, 0, 0, 1, 0
118932, 1, 0, 0, 0, 1, 0
118933, 0, 1, 1, 0, 0, 0
118935, 1, 0, 0, 0, 1, 0
118936, 3, 0, 0, 0, 3, 0
119269, 0, 1, 1, 0, 0, 0
118937, 1, 0, 0, 0, 0, 1
118938, 1, 0, 0, 0, 1, 0
118939, 1, 1, 1, 0, 0, 1
118940, 1, 0, 0, 0, 1, 0
118941, 0, 1, 1, 0, 0, 0
118943, 1, 0, 0, 0, 0, 1
118944, 1, 1, 1, 0, 1, 0
118945, 1, 0, 0, 0, 1, 0
118946, 0, 1, 1, 0, 0, 0
118947, 1, 0, 0, 0, 1, 0
118948, 2, 0, 0, 0, 2, 0
119990, 0, 1, 0, 1, 0, 0
118950, 1, 0, 0, 0, 1, 0
118951, 4, 0, 0, 0, 4, 0
118952, 4, 0, 0, 0, 4, 0
118954, 2, 1, 1, 0, 2, 0
118955, 1, 0, 0, 0, 1, 0
118956, 1, 0, 0, 0, 1, 0
118957, 1, 0, 0, 0, 1, 0
118959, 1, 0, 0, 0, 1, 0
118960, 1, 0, 0, 0, 1, 0
118961, 1, 0, 0, 0, 0, 1
118963, 1, 0, 0, 0, 1, 0
118964, 1, 0, 0, 0, 1, 0
118965, 1, 0, 0, 0, 1, 0
118966, 15, 3, 3, 0, 15, 0
121126, 1, 1, 1, 0, 1, 0
118967, 1, 0, 0, 0, 1, 0
118968, 1, 0, 0, 0, 1, 0
118969, 1, 0, 0, 0, 0, 1
118970, 1, 0, 0, 0, 1, 0
118972, 1, 0, 0, 0, 0, 1
118973, 2, 0, 0, 0, 2, 0
118974, 1, 0, 0, 0, 1, 0
118975, 1, 0, 0, 0, 0, 1
118976, 0, 1, 0, 1, 0, 0
118977, 1, 0, 0, 0, 1, 0
118982, 1, 0, 0, 0, 1, 0
118983, 3, 0, 0, 0, 2, 1
118984, 1, 0, 0, 0, 1, 0
118986, 1, 0, 0, 0, 1, 0
118989, 1, 0, 0, 0, 1, 0
118991, 2, 0, 0, 0, 2, 0
118992, 1, 0, 0, 0, 0, 1
118995, 35, 0, 0, 0, 35, 0
118996, 1, 0, 0, 0, 1, 0
118997, 0, 2, 2, 0, 0, 0
118998, 1, 0, 0, 0, 1, 0
118999, 1, 1, 1, 0, 1, 0
119001, 1, 0, 0, 0, 1, 0
119002, 1, 0, 0, 0, 1, 0
119003, 2, 0, 0, 0, 2, 0
119004, 1, 0, 0, 0, 1, 0
119005, 1, 0, 0, 0, 0, 1
119007, 1, 0, 0, 0, 1, 0
119008, 3, 0, 0, 0, 2, 1
119009, 1, 0, 0, 0, 1, 0
119011, 1, 0, 0, 0, 1, 0
119012, 1, 0, 0, 0, 1, 0
119013, 1, 0, 0, 0, 0, 1
119014, 1, 1, 1, 0, 1, 0
119015, 1, 1, 1, 0, 1, 0
119016, 1, 0, 0, 0, 1, 0
119017, 0, 1, 1, 0, 0, 0
119019, 2, 0, 0, 0, 2, 0
119020, 1, 0, 0, 0, 0, 1
119022, 1, 0, 0, 0, 1, 0
119026, 1, 0, 0, 0, 1, 0
119027, 1, 0, 0, 0, 1, 0
119028, 2, 0, 0, 0, 2, 0
119029, 1, 0, 0, 0, 1, 0
119031, 1, 0, 0, 0, 1, 0
119032, 1, 0, 0, 0, 1, 0
119033, 1, 0, 0, 0, 1, 0
119034, 1, 0, 0, 0, 1, 0
119098, 1, 1, 1, 0, 1, 0
119037, 2, 0, 0, 0, 2, 0
119040, 1, 0, 0, 0, 1, 0
119041, 1, 1, 0, 1, 1, 0
119043, 1, 0, 0, 0, 1, 0
119045, 2, 0, 0, 0, 1, 1
119046, 1, 0, 0, 0, 1, 0
119047, 1, 0, 0, 0, 1, 0
119048, 0, 1, 1, 0, 0, 0
119049, 1, 0, 0, 0, 1, 0
119050, 1, 0, 0, 0, 1, 0
119051, 0, 1, 1, 0, 0, 0
119053, 1, 0, 0, 0, 0, 1
119054, 0, 1, 0, 1, 0, 0
119055, 1, 0, 0, 0, 0, 1
119056, 0, 1, 0, 1, 0, 0
119057, 1, 0, 0, 0, 0, 1
119058, 1, 0, 0, 0, 1, 0
119059, 3, 0, 0, 0, 3, 0
119062, 1, 0, 0, 0, 1, 0
119063, 0, 1, 1, 0, 0, 0
119065, 1, 0, 0, 0, 0, 1
119066, 1, 0, 0, 0, 1, 0
119067, 1, 0, 0, 0, 1, 0
119069, 1, 0, 0, 0, 1, 0
119070, 1, 0, 0, 0, 1, 0
119072, 3, 0, 0, 0, 3, 0
119073, 1, 0, 0, 0, 0, 1
119074, 0, 1, 0, 1, 0, 0
119075, 1, 0, 0, 0, 1, 0
119076, 1, 0, 0, 0, 1, 0
119077, 1, 0, 0, 0, 0, 1
119078, 0, 1, 0, 1, 0, 0
119079, 1, 0, 0, 0, 1, 0
119080, 2, 0, 0, 0, 2, 0
119081, 1, 0, 0, 0, 0, 1
119083, 1, 0, 0, 0, 1, 0
119084, 2, 0, 0, 0, 2, 0
119085, 1, 0, 0, 0, 1, 0
119086, 1, 0, 0, 0, 1, 0
119087, 3, 0, 0, 0, 3, 0
119088, 1, 0, 0, 0, 1, 0
119089, 0, 1, 1, 0, 0, 0
119092, 1, 0, 0, 0, 1, 0
119093, 1, 0, 0, 0, 1, 0
119094, 1, 0, 0, 0, 1, 0
119095, 1, 0, 0, 0, 0, 1
119097, 1, 0, 0, 0, 0, 1
119099, 1, 0, 0, 0, 1, 0
119100, 1, 0, 0, 0, 1, 0
119101, 1, 0, 0, 0, 0, 1
119102, 0, 1, 0, 1, 0, 0
119104, 2, 0, 0, 0, 2, 0
119105, 0, 1, 1, 0, 0, 0
119107, 1, 1, 1, 0, 1, 0
119108, 1, 0, 0, 0, 0, 1
119110, 1, 1, 1, 0, 1, 0
119112, 1, 0, 0, 0, 1, 0
119114, 1, 0, 0, 0, 1, 0
119115, 1, 0, 0, 0, 1, 0
119116, 1, 0, 0, 0, 1, 0
119119, 1, 0, 0, 0, 1, 0
119121, 1, 0, 0, 0, 1, 0
119122, 0, 1, 1, 0, 0, 0
119123, 1, 0, 0, 0, 1, 0
119125, 1, 0, 0, 0, 0, 1
119164, 0, 1, 1, 0, 0, 0
119128, 1, 0, 0, 0, 1, 0
119130, 1, 0, 0, 0, 1, 0
119131, 0, 1, 1, 0, 0, 0
119132, 1, 0, 0, 0, 1, 0
119133, 1, 1, 1, 0, 1, 0
119135, 1, 0, 0, 0, 0, 1
119136, 1, 0, 0, 0, 1, 0
119137, 0, 1, 1, 0, 0, 0
119139, 1, 0, 0, 0, 1, 0
119140, 1, 0, 0, 0, 1, 0
119142, 1, 0, 0, 0, 1, 0
119143, 1, 0, 0, 0, 1, 0
119145, 0, 1, 1, 0, 0, 0
125881, 0, 1, 1, 0, 0, 0
119146, 1, 0, 0, 0, 1, 0
119148, 1, 1, 0, 1, 0, 1
119149, 1, 0, 0, 0, 1, 0
119150, 2, 0, 0, 0, 2, 0
119151, 0, 1, 1, 0, 0, 0
119152, 2, 0, 0, 0, 2, 0
119154, 1, 0, 0, 0, 1, 0
119155, 0, 2, 2, 0, 0, 0
119157, 2, 0, 0, 0, 2, 0
119158, 1, 0, 0, 0, 1, 0
119160, 1, 0, 0, 0, 0, 1
119161, 3, 0, 0, 0, 3, 0
119163, 1, 0, 0, 0, 1, 0
119165, 1, 1, 1, 0, 1, 0
119168, 1, 0, 0, 0, 1, 0
119169, 1, 0, 0, 0, 1, 0
119171, 2, 0, 0, 0, 0, 2
119172, 0, 1, 0, 1, 0, 0
119173, 0, 1, 0, 1, 0, 0
119174, 1, 0, 0, 0, 1, 0
119175, 3, 0, 0, 0, 3, 0
119431, 0, 1, 1, 0, 0, 0
119176, 1, 0, 0, 0, 1, 0
119177, 0, 1, 1, 0, 0, 0
119178, 1, 0, 0, 0, 1, 0
119179, 0, 1, 1, 0, 0, 0
119181, 1, 0, 0, 0, 1, 0
119182, 0, 1, 1, 0, 0, 0
119713, 0, 1, 1, 0, 0, 0
125937, 1, 1, 1, 0, 1, 0
127345, 0, 1, 0, 1, 0, 0
119184, 1, 0, 0, 0, 1, 0
119185, 1, 0, 0, 0, 0, 1
119187, 1, 0, 0, 0, 1, 0
119188, 1, 0, 0, 0, 1, 0
119191, 1, 0, 0, 0, 0, 1
119192, 0, 1, 0, 1, 0, 0
119193, 1, 0, 0, 0, 1, 0
119194, 1, 0, 0, 0, 1, 0
119196, 1, 0, 0, 0, 1, 0
119197, 0, 1, 1, 0, 0, 0
119198, 1, 0, 0, 0, 1, 0
119199, 1, 0, 0, 0, 1, 0
119200, 0, 1, 1, 0, 0, 0
119201, 1, 0, 0, 0, 1, 0
119202, 1, 1, 1, 0, 1, 0
119203, 1, 0, 0, 0, 1, 0
119204, 1, 0, 0, 0, 1, 0
119205, 1, 0, 0, 0, 1, 0
119206, 1, 0, 0, 0, 1, 0
119207, 1, 0, 0, 0, 1, 0
119208, 1, 0, 0, 0, 1, 0
119209, 0, 1, 1, 0, 0, 0
119210, 1, 0, 0, 0, 1, 0
119211, 0, 1, 1, 0, 0, 0
119212, 3, 0, 0, 0, 3, 0
119213, 1, 0, 0, 0, 1, 0
119214, 3, 0, 0, 0, 3, 0
119215, 1, 0, 0, 0, 1, 0
119216, 0, 2, 2, 0, 0, 0
119217, 1, 0, 0, 0, 1, 0
119218, 1, 0, 0, 0, 0, 1
119219, 3, 0, 0, 0, 3, 0
119220, 1, 0, 0, 0, 1, 0
119221, 0, 1, 1, 0, 0, 0
119227, 1, 0, 0, 0, 1, 0
119228, 1, 0, 0, 0, 1, 0
119229, 1, 0, 0, 0, 1, 0
119230, 1, 0, 0, 0, 1, 0
119232, 1, 0, 0, 0, 1, 0
119233, 0, 1, 1, 0, 0, 0
119236, 7, 1, 1, 0, 7, 0
119238, 1, 0, 0, 0, 0, 1
119239, 1, 0, 0, 0, 1, 0
119241, 2, 0, 0, 0, 2, 0
119242, 1, 0, 0, 0, 1, 0
119243, 0, 1, 1, 0, 0, 0
119244, 1, 0, 0, 0, 1, 0
119245, 1, 0, 0, 0, 1, 0
119257, 1, 0, 0, 0, 0, 1
119258, 2, 0, 0, 0, 1, 1
119259, 0, 1, 1, 0, 0, 0
119260, 1, 0, 0, 0, 1, 0
119261, 0, 1, 1, 0, 0, 0
119263, 4, 0, 0, 0, 4, 0
119264, 1, 0, 0, 0, 0, 1
119265, 1, 0, 0, 0, 0, 1
119266, 1, 0, 0, 0, 0, 1
119267, 0, 2, 0, 2, 0, 0
119268, 1, 0, 0, 0, 1, 0
119271, 2, 0, 0, 0, 2, 0
119272, 1, 0, 0, 0, 0, 1
119274, 1, 0, 0, 0, 1, 0
119276, 1, 0, 0, 0, 1, 0
119277, 4, 1, 1, 0, 4, 0
119278, 1, 0, 0, 0, 1, 0
119354, 0, 1, 1, 0, 0, 0
119280, 4, 0, 0, 0, 4, 0
119368, 0, 1, 1, 0, 0, 0
119282, 1, 0, 0, 0, 1, 0
119283, 2, 0, 0, 0, 2, 0
119286, 13, 0, 0, 0, 13, 0
119287, 1, 0, 0, 0, 1, 0
119288, 0, 1, 1, 0, 0, 0
119289, 1, 0, 0, 0, 0, 1
119290, 0, 1, 0, 1, 0, 0
119291, 2, 0, 0, 0, 2, 0
119292, 0, 1, 1, 0, 0, 0
119296, 0, 1, 1, 0, 0, 0
119293, 1, 0, 0, 0, 1, 0
119294, 0, 2, 2, 0, 0, 0
119295, 1, 0, 0, 0, 1, 0
119297, 1, 0, 0, 0, 1, 0
119298, 1, 0, 0, 0, 1, 0
119299, 1, 0, 0, 0, 1, 0
119301, 1, 0, 0, 0, 0, 1
119302, 0, 1, 0, 1, 0, 0
119303, 1, 0, 0, 0, 1, 0
119304, 0, 1, 1, 0, 0, 0
119305, 1, 0, 0, 0, 1, 0
119307, 1, 0, 0, 0, 1, 0
119308, 1, 0, 0, 0, 1, 0
120975, 1, 1, 1, 0, 0, 1
120987, 0, 1, 1, 0, 0, 0
120988, 0, 1, 1, 0, 0, 0
120989, 0, 1, 1, 0, 0, 0
120990, 0, 1, 1, 0, 0, 0
120991, 1, 1, 1, 0, 1, 0
120992, 0, 1, 1, 0, 0, 0
120993, 0, 1, 1, 0, 0, 0
120995, 0, 1, 1, 0, 0, 0
120996, 0, 2, 2, 0, 0, 0
120997, 0, 2, 2, 0, 0, 0
120998, 0, 1, 1, 0, 0, 0
120999, 0, 1, 1, 0, 0, 0
121000, 0, 1, 1, 0, 0, 0
121001, 0, 1, 1, 0, 0, 0
121002, 0, 1, 1, 0, 0, 0
121003, 0, 1, 1, 0, 0, 0
121005, 0, 1, 1, 0, 0, 0
121071, 0, 3, 3, 0, 0, 0
121148, 0, 1, 1, 0, 0, 0
121202, 4, 1, 1, 0, 3, 1
121209, 0, 1, 1, 0, 0, 0
121210, 0, 1, 1, 0, 0, 0
119312, 4, 0, 0, 0, 4, 0
119313, 1, 0, 0, 0, 1, 0
119314, 1, 0, 0, 0, 1, 0
119316, 2, 0, 0, 0, 2, 0
119324, 0, 3, 3, 0, 0, 0
119317, 1, 0, 0, 0, 0, 1
119318, 1, 0, 0, 0, 1, 0
119319, 1, 0, 0, 0, 1, 0
119320, 2, 0, 0, 0, 2, 0
119321, 1, 0, 0, 0, 1, 0
119322, 2, 0, 0, 0, 1, 1
119323, 0, 1, 1, 0, 0, 0
119325, 1, 0, 0, 0, 1, 0
119326, 0, 1, 1, 0, 0, 0
119328, 1, 0, 0, 0, 1, 0
119331, 1, 0, 0, 0, 1, 0
119332, 0, 1, 1, 0, 0, 0
119333, 1, 0, 0, 0, 1, 0
119334, 1, 6, 6, 0, 1, 0
119335, 1, 0, 0, 0, 1, 0
119337, 1, 0, 0, 0, 1, 0
119338, 0, 1, 1, 0, 0, 0
119339, 3, 0, 0, 0, 3, 0
119340, 0, 1, 1, 0, 0, 0
119341, 0, 1, 1, 0, 0, 0
119342, 1, 0, 0, 0, 1, 0
119343, 1, 0, 0, 0, 1, 0
119344, 1, 0, 0, 0, 1, 0
119345, 1, 1, 1, 0, 1, 0
119346, 1, 0, 0, 0, 1, 0
119351, 1, 0, 0, 0, 1, 0
119352, 1, 1, 0, 1, 1, 0
119353, 0, 1, 1, 0, 0, 0
119355, 1, 0, 0, 0, 1, 0
119356, 4, 0, 0, 0, 3, 1
122175, 0, 1, 1, 0, 0, 0
119358, 1, 0, 0, 0, 1, 0
119359, 1, 0, 0, 0, 1, 0
119360, 0, 1, 1, 0, 0, 0
119361, 1, 0, 0, 0, 1, 0
119363, 1, 0, 0, 0, 1, 0
119364, 1, 0, 0, 0, 1, 0
119365, 1, 0, 0, 0, 1, 0
119366, 0, 1, 1, 0, 0, 0
119367, 1, 0, 0, 0, 1, 0
119369, 1, 0, 0, 0, 1, 0
119370, 0, 1, 1, 0, 0, 0
119371, 1, 0, 0, 0, 1, 0
119372, 1, 0, 0, 0, 1, 0
119373, 2, 0, 0, 0, 2, 0
119374, 1, 0, 0, 0, 1, 0
119375, 1, 0, 0, 0, 1, 0
119376, 1, 0, 0, 0, 1, 0
119377, 1, 0, 0, 0, 1, 0
119378, 1, 0, 0, 0, 1, 0
119379, 2, 0, 0, 0, 2, 0
119386, 1, 0, 0, 0, 1, 0
119390, 1, 0, 0, 0, 1, 0
119393, 1, 1, 1, 0, 1, 0
119394, 1, 0, 0, 0, 1, 0
119395, 1, 0, 0, 0, 0, 1
119396, 1, 1, 1, 0, 1, 0
119397, 1, 1, 1, 0, 1, 0
119398, 1, 0, 0, 0, 1, 0
130814, 0, 1, 0, 1, 0, 0
119401, 1, 0, 0, 0, 1, 0
119402, 4, 0, 0, 0, 3, 1
119403, 0, 1, 0, 1, 0, 0
120102, 1, 1, 1, 0, 1, 0
119405, 1, 0, 0, 0, 1, 0
119406, 1, 0, 0, 0, 1, 0
119407, 0, 1, 1, 0, 0, 0
119408, 2, 0, 0, 0, 2, 0
119410, 1, 0, 0, 0, 1, 0
119411, 0, 1, 1, 0, 0, 0
119412, 1, 0, 0, 0, 1, 0
119413, 1, 0, 0, 0, 0, 1
119414, 7, 0, 0, 0, 7, 0
119415, 1, 0, 0, 0, 1, 0
119417, 2, 0, 0, 0, 2, 0
119418, 1, 0, 0, 0, 1, 0
119419, 1, 0, 0, 0, 1, 0
119420, 1, 0, 0, 0, 1, 0
119421, 1, 0, 0, 0, 1, 0
119422, 0, 1, 1, 0, 0, 0
119426, 3, 0, 0, 0, 3, 0
119427, 1, 0, 0, 0, 0, 1
119429, 1, 0, 0, 0, 1, 0
119430, 0, 1, 1, 0, 0, 0
119432, 1, 0, 0, 0, 1, 0
119433, 0, 1, 1, 0, 0, 0
119434, 1, 0, 0, 0, 1, 0
119439, 1, 0, 0, 0, 0, 1
119441, 1, 0, 0, 0, 1, 0
119442, 1, 0, 0, 0, 1, 0
119443, 1, 0, 0, 0, 1, 0
119446, 1, 0, 0, 0, 1, 0
119450, 1, 0, 0, 0, 1, 0
119451, 1, 0, 0, 0, 1, 0
119453, 1, 0, 0, 0, 1, 0
119454, 1, 0, 0, 0, 1, 0
119457, 0, 1, 1, 0, 0, 0
119460, 1, 0, 0, 0, 1, 0
119461, 0, 1, 1, 0, 0, 0
119462, 1, 0, 0, 0, 1, 0
119463, 6, 2, 2, 0, 6, 0
119464, 1, 0, 0, 0, 1, 0
119465, 1, 0, 0, 0, 0, 1
119466, 0, 1, 0, 1, 0, 0
119467, 1, 0, 0, 0, 1, 0
119471, 1, 0, 0, 0, 0, 1
119472, 1, 0, 0, 0, 1, 0
119474, 3, 1, 1, 0, 3, 0
119476, 1, 0, 0, 0, 1, 0
119477, 0, 1, 1, 0, 0, 0
119482, 1, 0, 0, 0, 1, 0
119483, 1, 0, 0, 0, 1, 0
119484, 1, 1, 1, 0, 1, 0
119485, 1, 1, 1, 0, 1, 0
119486, 1, 0, 0, 0, 1, 0
119487, 1, 0, 0, 0, 1, 0
119488, 0, 1, 1, 0, 0, 0
119489, 1, 0, 0, 0, 1, 0
119491, 1, 0, 0, 0, 0, 1
119492, 1, 0, 0, 0, 1, 0
119496, 1, 0, 0, 0, 1, 0
119497, 0, 1, 1, 0, 0, 0
119498, 1, 0, 0, 0, 1, 0
119499, 0, 1, 1, 0, 0, 0
119500, 1, 0, 0, 0, 1, 0
119501, 1, 0, 0, 0, 1, 0
119502, 1, 0, 0, 0, 1, 0
119503, 1, 0, 0, 0, 1, 0
119504, 0, 1, 1, 0, 0, 0
119506, 1, 0, 0, 0, 1, 0
119508, 1, 0, 0, 0, 1, 0
119509, 0, 1, 1, 0, 0, 0
119511, 1, 0, 0, 0, 1, 0
119512, 1, 0, 0, 0, 1, 0
119513, 1, 0, 0, 0, 1, 0
119514, 0, 1, 1, 0, 0, 0
119515, 1, 0, 0, 0, 1, 0
119516, 0, 1, 1, 0, 0, 0
119517, 1, 0, 0, 0, 1, 0
119518, 2, 1, 1, 0, 2, 0
119519, 1, 0, 0, 0, 1, 0
119520, 1, 0, 0, 0, 1, 0
119521, 0, 1, 1, 0, 0, 0
119522, 1, 0, 0, 0, 1, 0
119524, 1, 0, 0, 0, 1, 0
119527, 1, 0, 0, 0, 1, 0
119528, 0, 2, 2, 0, 0, 0
119529, 3, 0, 0, 0, 3, 0
119530, 1, 0, 0, 0, 1, 0
119531, 0, 3, 3, 0, 0, 0
119532, 1, 0, 0, 0, 1, 0
119533, 1, 0, 0, 0, 1, 0
119534, 1, 0, 0, 0, 0, 1
119535, 1, 0, 0, 0, 1, 0
119536, 0, 1, 1, 0, 0, 0
119537, 1, 0, 0, 0, 1, 0
119538, 6, 1, 1, 0, 6, 0
119542, 6, 0, 0, 0, 6, 0
119544, 0, 1, 1, 0, 0, 0
119545, 1, 0, 0, 0, 1, 0
119546, 1, 0, 0, 0, 1, 0
119548, 1, 0, 0, 0, 1, 0
119549, 1, 0, 0, 0, 1, 0
119553, 1, 0, 0, 0, 1, 0
119554, 0, 1, 1, 0, 0, 0
119756, 0, 1, 1, 0, 0, 0
119556, 1, 0, 0, 0, 1, 0
119557, 1, 0, 0, 0, 1, 0
119558, 1, 0, 0, 0, 1, 0
119559, 1, 0, 0, 0, 1, 0
119560, 3, 0, 0, 0, 3, 0
119561, 1, 0, 0, 0, 1, 0
119562, 1, 0, 0, 0, 1, 0
119564, 1, 0, 0, 0, 1, 0
119565, 1, 0, 0, 0, 1, 0
119566, 2, 0, 0, 0, 2, 0
119567, 1, 0, 0, 0, 0, 1
119568, 0, 1, 0, 1, 0, 0
119569, 1, 0, 0, 0, 1, 0
119571, 1, 0, 0, 0, 0, 1
119572, 1, 0, 0, 0, 1, 0
119573, 2, 1, 1, 0, 1, 1
119574, 0, 1, 0, 1, 0, 0
119576, 2, 0, 0, 0, 2, 0
119577, 1, 0, 0, 0, 1, 0
119578, 1, 0, 0, 0, 1, 0
119580, 1, 0, 0, 0, 1, 0
119581, 1, 0, 0, 0, 1, 0
119582, 0, 1, 1, 0, 0, 0
119583, 1, 0, 0, 0, 1, 0
119584, 1, 0, 0, 0, 1, 0
119585, 1, 0, 0, 0, 1, 0
119586, 1, 0, 0, 0, 1, 0
119589, 1, 0, 0, 0, 1, 0
119590, 1, 0, 0, 0, 1, 0
119591, 2, 0, 0, 0, 2, 0
119592, 2, 0, 0, 0, 2, 0
119593, 1, 0, 0, 0, 1, 0
119594, 1, 0, 0, 0, 1, 0
119595, 1, 0, 0, 0, 1, 0
119596, 0, 1, 1, 0, 0, 0
119598, 1, 0, 0, 0, 1, 0
119599, 1, 0, 0, 0, 1, 0
119600, 1, 0, 0, 0, 1, 0
119601, 1, 0, 0, 0, 1, 0
119604, 1, 0, 0, 0, 1, 0
119605, 2, 0, 0, 0, 2, 0
119606, 1, 1, 0, 1, 1, 0
119607, 1, 0, 0, 0, 1, 0
119609, 1, 0, 0, 0, 1, 0
119610, 2, 0, 0, 0, 2, 0
119856, 0, 1, 1, 0, 0, 0
119612, 2, 0, 0, 0, 1, 1
125639, 0, 1, 0, 1, 0, 0
119614, 1, 0, 0, 0, 1, 0
119615, 1, 0, 0, 0, 1, 0
119616, 2, 0, 0, 0, 2, 0
119617, 1, 1, 1, 0, 1, 0
119618, 1, 1, 1, 0, 1, 0
119621, 1, 0, 0, 0, 1, 0
119622, 1, 0, 0, 0, 1, 0
119623, 1, 0, 0, 0, 1, 0
119634, 2, 0, 0, 0, 2, 0
119635, 3, 0, 0, 0, 3, 0
119636, 3, 0, 0, 0, 3, 0
119637, 1, 0, 0, 0, 1, 0
119638, 1, 0, 0, 0, 1, 0
119639, 1, 0, 0, 0, 1, 0
119640, 1, 0, 0, 0, 0, 1
119641, 0, 1, 0, 1, 0, 0
119642, 1, 0, 0, 0, 1, 0
119643, 1, 0, 0, 0, 0, 1
119644, 2, 0, 0, 0, 2, 0
120674, 0, 1, 1, 0, 0, 0
119645, 1, 0, 0, 0, 1, 0
119647, 1, 0, 0, 0, 1, 0
119649, 1, 0, 0, 0, 0, 1
119652, 1, 0, 0, 0, 1, 0
119653, 1, 0, 0, 0, 1, 0
119654, 1, 0, 0, 0, 0, 1
119655, 1, 0, 0, 0, 1, 0
119656, 1, 0, 0, 0, 1, 0
119657, 1, 0, 0, 0, 0, 1
119659, 1, 0, 0, 0, 1, 0
119660, 0, 1, 1, 0, 0, 0
119661, 5, 0, 0, 0, 5, 0
119662, 1, 0, 0, 0, 1, 0
119664, 1, 0, 0, 0, 1, 0
119665, 1, 0, 0, 0, 1, 0
119666, 1, 0, 0, 0, 0, 1
119667, 0, 2, 1, 1, 0, 0
119668, 1, 0, 0, 0, 1, 0
119669, 1, 1, 1, 0, 1, 0
119670, 0, 1, 1, 0, 0, 0
119671, 1, 0, 0, 0, 1, 0
119673, 1, 0, 0, 0, 1, 0
119675, 1, 0, 0, 0, 0, 1
119677, 1, 0, 0, 0, 1, 0
119678, 1, 0, 0, 0, 0, 1
119679, 1, 1, 1, 0, 1, 0
119680, 1, 0, 0, 0, 0, 1
119681, 2, 0, 0, 0, 2, 0
119683, 1, 0, 0, 0, 1, 0
119684, 0, 2, 2, 0, 0, 0
119685, 1, 0, 0, 0, 1, 0
119686, 0, 1, 1, 0, 0, 0
119688, 1, 0, 0, 0, 1, 0
119691, 1, 1, 1, 0, 1, 0
119692, 1, 1, 1, 0, 1, 0
119693, 1, 0, 0, 0, 1, 0
119694, 0, 2, 2, 0, 0, 0
119695, 1, 1, 1, 0, 1, 0
119696, 2, 2, 2, 0, 2, 0
126149, 0, 1, 1, 0, 0, 0
119697, 3, 0, 0, 0, 2, 1
124192, 0, 1, 0, 1, 0, 0
127210, 0, 1, 0, 1, 0, 0
128138, 0, 1, 0, 1, 0, 0
128162, 0, 1, 0, 1, 0, 0
128163, 0, 1, 0, 1, 0, 0
128164, 0, 1, 0, 1, 0, 0
128165, 0, 1, 0, 1, 0, 0
128532, 0, 1, 0, 1, 0, 0
128533, 0, 1, 0, 1, 0, 0
129470, 5, 1, 0, 1, 3, 2
130916, 0, 2, 1, 1, 0, 0
131202, 3, 2, 2, 0, 3, 0
131363, 1, 3, 3, 0, 1, 0
131612, 3, 2, 2, 0, 3, 0
119700, 1, 0, 0, 0, 1, 0
119701, 1, 0, 0, 0, 1, 0
119702, 1, 0, 0, 0, 1, 0
119703, 1, 0, 0, 0, 1, 0
119704, 1, 0, 0, 0, 1, 0
119705, 1, 0, 0, 0, 1, 0
119707, 1, 0, 0, 0, 1, 0
119708, 0, 1, 1, 0, 0, 0
119709, 1, 0, 0, 0, 1, 0
119710, 0, 1, 1, 0, 0, 0
119711, 1, 0, 0, 0, 1, 0
119712, 1, 0, 0, 0, 1, 0
119714, 1, 0, 0, 0, 1, 0
119715, 0, 1, 1, 0, 0, 0
119717, 1, 0, 0, 0, 1, 0
119718, 0, 1, 1, 0, 0, 0
119722, 6, 0, 0, 0, 5, 1
119723, 1, 0, 0, 0, 1, 0
119724, 1, 0, 0, 0, 1, 0
119727, 1, 0, 0, 0, 0, 1
119728, 0, 1, 0, 1, 0, 0
119729, 1, 0, 0, 0, 1, 0
119731, 16, 3, 3, 0, 16, 0
119732, 1, 0, 0, 0, 1, 0
119733, 1, 0, 0, 0, 1, 0
119734, 1, 1, 1, 0, 1, 0
119735, 1, 0, 0, 0, 1, 0
119736, 4, 0, 0, 0, 4, 0
119738, 1, 0, 0, 0, 1, 0
119739, 2, 0, 0, 0, 2, 0
119740, 3, 0, 0, 0, 2, 1
119741, 0, 1, 1, 0, 0, 0
119742, 1, 0, 0, 0, 1, 0
119743, 2, 0, 0, 0, 2, 0
119744, 1, 0, 0, 0, 0, 1
119745, 0, 1, 0, 1, 0, 0
119746, 1, 0, 0, 0, 0, 1
119747, 0, 1, 0, 1, 0, 0
119749, 3, 0, 0, 0, 2, 1
119750, 0, 1, 1, 0, 0, 0
119751, 0, 1, 1, 0, 0, 0
119753, 1, 0, 0, 0, 1, 0
119755, 1, 0, 0, 0, 1, 0
124252, 0, 2, 0, 2, 0, 0
119761, 1, 0, 0, 0, 1, 0
119762, 1, 0, 0, 0, 1, 0
119763, 1, 0, 0, 0, 1, 0
119764, 0, 1, 1, 0, 0, 0
119767, 1, 0, 0, 0, 1, 0
119768, 4, 2, 2, 0, 4, 0
119769, 1, 0, 0, 0, 1, 0
119770, 0, 4, 4, 0, 0, 0
119771, 1, 0, 0, 0, 1, 0
119772, 2, 0, 0, 0, 2, 0
119773, 1, 0, 0, 0, 1, 0
119774, 2, 0, 0, 0, 2, 0
119775, 1, 0, 0, 0, 1, 0
119776, 1, 0, 0, 0, 0, 1
119777, 1, 0, 0, 0, 0, 1
119778, 1, 0, 0, 0, 1, 0
119779, 1, 0, 0, 0, 1, 0
119780, 3, 0, 0, 0, 3, 0
124046, 0, 2, 2, 0, 0, 0
119782, 1, 0, 0, 0, 1, 0
119783, 1, 0, 0, 0, 1, 0
119784, 1, 0, 0, 0, 1, 0
119785, 4, 0, 0, 0, 4, 0
119786, 0, 1, 1, 0, 0, 0
121745, 0, 2, 2, 0, 0, 0
119787, 1, 0, 0, 0, 1, 0
119788, 1, 0, 0, 0, 1, 0
119789, 1, 0, 0, 0, 1, 0
119790, 1, 0, 0, 0, 1, 0
119793, 1, 0, 0, 0, 0, 1
119794, 1, 0, 0, 0, 1, 0
119797, 1, 0, 0, 0, 0, 1
119799, 1, 0, 0, 0, 1, 0
119800, 1, 0, 0, 0, 1, 0
119801, 1, 0, 0, 0, 1, 0
119802, 1, 0, 0, 0, 1, 0
119803, 1, 0, 0, 0, 0, 1
119804, 0, 1, 0, 1, 0, 0
119807, 1, 0, 0, 0, 1, 0
119808, 1, 0, 0, 0, 1, 0
119810, 1, 0, 0, 0, 1, 0
119811, 2, 0, 0, 0, 2, 0
119813, 1, 0, 0, 0, 1, 0
119814, 1, 0, 0, 0, 0, 1
119815, 1, 0, 0, 0, 0, 1
119816, 0, 1, 0, 1, 0, 0
119817, 1, 0, 0, 0, 1, 0
119818, 1, 0, 0, 0, 0, 1
119819, 0, 1, 0, 1, 0, 0
119820, 1, 0, 0, 0, 1, 0
119821, 0, 1, 1, 0, 0, 0
119824, 1, 0, 0, 0, 1, 0
119825, 0, 1, 1, 0, 0, 0
119826, 1, 0, 0, 0, 0, 1
119827, 1, 0, 0, 0, 1, 0
119828, 0, 1, 1, 0, 0, 0
119829, 1, 0, 0, 0, 1, 0
119830, 1, 0, 0, 0, 1, 0
119831, 1, 0, 0, 0, 1, 0
119832, 1, 0, 0, 0, 1, 0
120129, 20, 2, 2, 0, 20, 0
119834, 1, 0, 0, 0, 1, 0
119837, 1, 0, 0, 0, 1, 0
119840, 1, 0, 0, 0, 1, 0
119841, 0, 2, 2, 0, 0, 0
119842, 1, 0, 0, 0, 1, 0
119843, 3, 0, 0, 0, 3, 0
119844, 1, 0, 0, 0, 1, 0
119845, 1, 0, 0, 0, 0, 1
119847, 1, 0, 0, 0, 1, 0
119848, 1, 0, 0, 0, 1, 0
119849, 1, 0, 0, 0, 0, 1
119851, 1, 0, 0, 0, 1, 0
119852, 1, 0, 0, 0, 1, 0
119854, 1, 0, 0, 0, 1, 0
119855, 1, 1, 1, 0, 1, 0
119858, 1, 0, 0, 0, 0, 1
119859, 1, 0, 0, 0, 1, 0
119860, 1, 0, 0, 0, 1, 0
119862, 1, 0, 0, 0, 0, 1
119863, 1, 0, 0, 0, 1, 0
119864, 2, 0, 0, 0, 2, 0
119865, 0, 1, 1, 0, 0, 0
119866, 1, 0, 0, 0, 1, 0
119867, 1, 0, 0, 0, 1, 0
119868, 1, 0, 0, 0, 0, 1
119869, 1, 0, 0, 0, 1, 0
119870, 1, 1, 1, 0, 1, 0
119872, 2, 0, 0, 0, 1, 1
119873, 1, 0, 0, 0, 1, 0
119878, 1, 1, 1, 0, 1, 0
119875, 1, 0, 0, 0, 0, 1
119876, 1, 0, 0, 0, 1, 0
119877, 0, 1, 1, 0, 0, 0
119880, 1, 0, 0, 0, 0, 1
119881, 2, 0, 0, 0, 2, 0
121540, 0, 1, 1, 0, 0, 0
119883, 1, 0, 0, 0, 1, 0
119885, 2, 0, 0, 0, 2, 0
129402, 0, 2, 2, 0, 0, 0
119886, 1, 0, 0, 0, 1, 0
119887, 0, 1, 1, 0, 0, 0
119888, 1, 0, 0, 0, 1, 0
119890, 1, 0, 0, 0, 1, 0
119892, 1, 1, 1, 0, 1, 0
119893, 2, 1, 1, 0, 2, 0
119947, 0, 1, 1, 0, 0, 0
119894, 1, 0, 0, 0, 1, 0
119895, 1, 0, 0, 0, 1, 0
119896, 0, 1, 1, 0, 0, 0
119897, 1, 0, 0, 0, 1, 0
119901, 2, 0, 0, 0, 1, 1
119902, 1, 0, 0, 0, 0, 1
119903, 1, 0, 0, 0, 1, 0
119910, 1, 1, 1, 0, 1, 0
119963, 0, 1, 1, 0, 0, 0
119911, 1, 0, 0, 0, 1, 0
119912, 0, 1, 1, 0, 0, 0
119913, 1, 1, 1, 0, 1, 0
119914, 1, 0, 0, 0, 1, 0
119915, 1, 0, 0, 0, 1, 0
119916, 0, 1, 1, 0, 0, 0
119917, 1, 0, 0, 0, 1, 0
123313, 0, 1, 1, 0, 0, 0
123314, 0, 1, 1, 0, 0, 0
123315, 0, 1, 1, 0, 0, 0
123924, 0, 1, 1, 0, 0, 0
123925, 0, 1, 1, 0, 0, 0
128422, 0, 1, 1, 0, 0, 0
119919, 2, 0, 0, 0, 2, 0
119921, 1, 0, 0, 0, 1, 0
119922, 3, 0, 0, 0, 2, 1
119924, 1, 0, 0, 0, 1, 0
119925, 1, 0, 0, 0, 1, 0
119926, 1, 0, 0, 0, 1, 0
119927, 0, 1, 1, 0, 0, 0
119928, 1, 0, 0, 0, 1, 0
119929, 3, 1, 1, 0, 3, 0
119931, 1, 0, 0, 0, 1, 0
119932, 1, 0, 0, 0, 1, 0
119933, 2, 0, 0, 0, 2, 0
119934, 1, 0, 0, 0, 1, 0
119936, 1, 1, 1, 0, 1, 0
119937, 1, 0, 0, 0, 1, 0
119938, 1, 0, 0, 0, 0, 1
119939, 1, 0, 0, 0, 0, 1
119941, 1, 0, 0, 0, 1, 0
119942, 0, 1, 1, 0, 0, 0
119944, 1, 0, 0, 0, 1, 0
119945, 2, 0, 0, 0, 2, 0
119946, 21, 0, 0, 0, 21, 0
119950, 1, 0, 0, 0, 1, 0
119951, 1, 0, 0, 0, 1, 0
119952, 2, 0, 0, 0, 2, 0
119955, 2, 0, 0, 0, 2, 0
119956, 1, 0, 0, 0, 1, 0
119959, 7, 1, 1, 0, 5, 2
120000, 1, 1, 1, 0, 1, 0
119960, 1, 0, 0, 0, 1, 0
119961, 1, 0, 0, 0, 1, 0
131231, 1, 1, 1, 0, 1, 0
119964, 1, 0, 0, 0, 1, 0
129805, 0, 1, 1, 0, 0, 0
119967, 1, 0, 0, 0, 1, 0
119968, 1, 0, 0, 0, 1, 0
119970, 1, 0, 0, 0, 1, 0
119971, 1, 0, 0, 0, 1, 0
119972, 1, 0, 0, 0, 0, 1
119973, 0, 1, 0, 1, 0, 0
119974, 2, 0, 0, 0, 1, 1
119975, 1, 0, 0, 0, 1, 0
119976, 0, 1, 1, 0, 0, 0
119977, 1, 0, 0, 0, 1, 0
119978, 1, 0, 0, 0, 1, 0
119979, 1, 0, 0, 0, 1, 0
119982, 2, 0, 0, 0, 2, 0
119986, 1, 0, 0, 0, 1, 0
119987, 2, 0, 0, 0, 2, 0
119988, 1, 0, 0, 0, 1, 0
119991, 1, 0, 0, 0, 1, 0
119992, 1, 0, 0, 0, 1, 0
119995, 0, 1, 1, 0, 0, 0
119997, 1, 0, 0, 0, 1, 0
119999, 1, 0, 0, 0, 1, 0
120001, 1, 0, 0, 0, 1, 0
120003, 1, 0, 0, 0, 1, 0
120005, 1, 0, 0, 0, 1, 0
120006, 1, 0, 0, 0, 1, 0
120007, 1, 0, 0, 0, 1, 0
120008, 2, 0, 0, 0, 2, 0
120010, 1, 0, 0, 0, 1, 0
120012, 1, 0, 0, 0, 1, 0
120013, 0, 1, 1, 0, 0, 0
120014, 1, 0, 0, 0, 1, 0
120017, 3, 0, 0, 0, 3, 0
120018, 2, 0, 0, 0, 2, 0
120019, 1, 0, 0, 0, 1, 0
127371, 6, 1, 0, 1, 5, 1
120021, 2, 0, 0, 0, 2, 0
120022, 1, 0, 0, 0, 1, 0
120023, 1, 0, 0, 0, 1, 0
120024, 1, 0, 0, 0, 1, 0
120026, 1, 0, 0, 0, 1, 0
120031, 1, 0, 0, 0, 1, 0
120033, 1, 0, 0, 0, 1, 0
120036, 0, 1, 1, 0, 0, 0
120037, 1, 0, 0, 0, 1, 0
120042, 1, 0, 0, 0, 1, 0
120043, 0, 1, 1, 0, 0, 0
120045, 2, 0, 0, 0, 2, 0
120048, 1, 0, 0, 0, 1, 0
120049, 0, 2, 2, 0, 0, 0
120050, 1, 0, 0, 0, 1, 0
120051, 1, 0, 0, 0, 1, 0
120052, 1, 0, 0, 0, 1, 0
120053, 1, 0, 0, 0, 1, 0
120056, 1, 1, 1, 0, 1, 0
120057, 0, 2, 2, 0, 0, 0
120060, 1, 0, 0, 0, 1, 0
120061, 2, 0, 0, 0, 2, 0
120063, 1, 0, 0, 0, 1, 0
120064, 0, 1, 1, 0, 0, 0
120066, 1, 0, 0, 0, 1, 0
120067, 1, 0, 0, 0, 0, 1
120068, 1, 0, 0, 0, 1, 0
120069, 0, 1, 1, 0, 0, 0
120192, 0, 1, 0, 1, 0, 0
120073, 2, 0, 0, 0, 1, 1
120075, 1, 0, 0, 0, 1, 0
120076, 1, 1, 1, 0, 1, 0
120078, 1, 0, 0, 0, 1, 0
120079, 1, 0, 0, 0, 1, 0
120081, 3, 2, 2, 0, 3, 0
120082, 5, 2, 2, 0, 5, 0
127635, 0, 1, 1, 0, 0, 0
121728, 1, 1, 1, 0, 1, 0
120083, 1, 0, 0, 0, 0, 1
120085, 3, 0, 0, 0, 3, 0
120549, 0, 1, 1, 0, 0, 0
120086, 1, 0, 0, 0, 1, 0
120087, 1, 0, 0, 0, 0, 1
120088, 2, 0, 0, 0, 2, 0
120089, 1, 0, 0, 0, 1, 0
120090, 0, 1, 1, 0, 0, 0
120091, 1, 0, 0, 0, 0, 1
120092, 0, 1, 0, 1, 0, 0
120093, 1, 0, 0, 0, 1, 0
120094, 1, 0, 0, 0, 1, 0
120095, 1, 0, 0, 0, 1, 0
120096, 2, 0, 0, 0, 2, 0
120098, 1, 0, 0, 0, 1, 0
120099, 1, 0, 0, 0, 1, 0
120105, 3, 0, 0, 0, 3, 0
120106, 1, 0, 0, 0, 1, 0
120107, 1, 1, 1, 0, 1, 0
120108, 1, 1, 1, 0, 1, 0
120109, 1, 0, 0, 0, 0, 1
120110, 0, 1, 0, 1, 0, 0
120111, 1, 0, 0, 0, 1, 0
120112, 3, 2, 2, 0, 3, 0
120113, 1, 0, 0, 0, 1, 0
120114, 1, 0, 0, 0, 0, 1
120115, 1, 0, 0, 0, 1, 0
120116, 1, 0, 0, 0, 1, 0
120117, 1, 0, 0, 0, 1, 0
120118, 2, 0, 0, 0, 2, 0
120120, 1, 1, 1, 0, 1, 0
120121, 1, 0, 0, 0, 1, 0
120122, 1, 0, 0, 0, 1, 0
120123, 0, 1, 1, 0, 0, 0
120124, 1, 0, 0, 0, 1, 0
120125, 1, 0, 0, 0, 1, 0
120126, 1, 0, 0, 0, 1, 0
120127, 1, 0, 0, 0, 1, 0
120128, 2, 0, 0, 0, 2, 0
120130, 1, 0, 0, 0, 1, 0
120131, 3, 0, 0, 0, 3, 0
120132, 1, 0, 0, 0, 1, 0
120136, 0, 3, 3, 0, 0, 0
120138, 1, 0, 0, 0, 1, 0
120139, 4, 0, 0, 0, 4, 0
120140, 1, 0, 0, 0, 1, 0
120141, 0, 1, 1, 0, 0, 0
120143, 1, 0, 0, 0, 1, 0
120146, 1, 0, 0, 0, 1, 0
120147, 1, 1, 1, 0, 1, 0
120148, 1, 1, 1, 0, 1, 0
120149, 1, 1, 1, 0, 1, 0
120154, 1, 0, 0, 0, 1, 0
120155, 0, 1, 1, 0, 0, 0
120156, 3, 0, 0, 0, 3, 0
120157, 5, 4, 4, 0, 5, 0
120158, 5, 3, 3, 0, 5, 0
120159, 5, 3, 3, 0, 5, 0
120160, 5, 3, 3, 0, 5, 0
120848, 2, 4, 4, 0, 2, 0
122862, 0, 5, 5, 0, 0, 0
120161, 1, 0, 0, 0, 1, 0
120171, 1, 0, 0, 0, 1, 0
120172, 0, 1, 1, 0, 0, 0
120173, 2, 0, 0, 0, 2, 0
120175, 2, 0, 0, 0, 2, 0
120208, 0, 1, 1, 0, 0, 0
120179, 1, 0, 0, 0, 1, 0
120180, 1, 0, 0, 0, 1, 0
120181, 1, 0, 0, 0, 1, 0
120182, 1, 0, 0, 0, 1, 0
120183, 0, 1, 1, 0, 0, 0
120187, 1, 0, 0, 0, 1, 0
120189, 1, 0, 0, 0, 1, 0
120190, 1, 1, 1, 0, 1, 0
120191, 2, 0, 0, 0, 2, 0
120193, 1, 0, 0, 0, 0, 1
120194, 2, 0, 0, 0, 2, 0
120196, 1, 0, 0, 0, 0, 1
120197, 1, 0, 0, 0, 1, 0
120198, 1, 0, 0, 0, 1, 0
120199, 1, 0, 0, 0, 0, 1
120200, 1, 0, 0, 0, 1, 0
120201, 0, 1, 1, 0, 0, 0
120202, 1, 0, 0, 0, 0, 1
120203, 1, 0, 0, 0, 1, 0
120204, 1, 0, 0, 0, 1, 0
120209, 1, 0, 0, 0, 1, 0
120210, 0, 1, 1, 0, 0, 0
120215, 2, 0, 0, 0, 0, 2
120216, 0, 1, 0, 1, 0, 0
120217, 2, 0, 0, 0, 1, 1
120218, 0, 2, 1, 1, 0, 0
120219, 3, 0, 0, 0, 3, 0
120243, 0, 1, 1, 0, 0, 0
120220, 1, 0, 0, 0, 1, 0
120221, 1, 0, 0, 0, 1, 0
120222, 0, 1, 1, 0, 0, 0
120226, 1, 0, 0, 0, 1, 0
120228, 3, 0, 0, 0, 3, 0
120229, 0, 1, 1, 0, 0, 0
120231, 17, 0, 0, 0, 17, 0
120232, 1, 0, 0, 0, 1, 0
120235, 1, 0, 0, 0, 1, 0
120236, 0, 1, 1, 0, 0, 0
120237, 1, 0, 0, 0, 1, 0
120238, 1, 0, 0, 0, 1, 0
120239, 1, 0, 0, 0, 1, 0
120240, 0, 1, 1, 0, 0, 0
120242, 1, 1, 1, 0, 1, 0
120245, 1, 0, 0, 0, 1, 0
120246, 1, 0, 0, 0, 1, 0
120247, 0, 2, 2, 0, 0, 0
120248, 1, 0, 0, 0, 1, 0
120251, 3, 0, 0, 0, 3, 0
126150, 0, 1, 1, 0, 0, 0
120253, 1, 0, 0, 0, 1, 0
120254, 0, 1, 1, 0, 0, 0
120255, 3, 0, 0, 0, 2, 1
120256, 0, 1, 1, 0, 0, 0
120257, 0, 1, 1, 0, 0, 0
120259, 1, 0, 0, 0, 1, 0
120262, 1, 0, 0, 0, 0, 1
120263, 1, 0, 0, 0, 1, 0
120264, 2, 0, 0, 0, 2, 0
120268, 1, 0, 0, 0, 1, 0
120269, 1, 0, 0, 0, 1, 0
120270, 1, 0, 0, 0, 0, 1
120271, 2, 0, 0, 0, 1, 1
120273, 1, 0, 0, 0, 1, 0
120274, 1, 0, 0, 0, 1, 0
120275, 1, 0, 0, 0, 0, 1
120276, 1, 0, 0, 0, 1, 0
120277, 1, 0, 0, 0, 1, 0
120278, 1, 0, 0, 0, 1, 0
120280, 1, 0, 0, 0, 1, 0
120282, 2, 0, 0, 0, 2, 0
120283, 0, 1, 1, 0, 0, 0
120284, 0, 1, 1, 0, 0, 0
120285, 1, 0, 0, 0, 0, 1
120286, 1, 0, 0, 0, 1, 0
120287, 3, 1, 1, 0, 3, 0
120289, 1, 0, 0, 0, 1, 0
120290, 1, 0, 0, 0, 1, 0
120292, 1, 0, 0, 0, 1, 0
120293, 1, 0, 0, 0, 1, 0
120294, 0, 1, 1, 0, 0, 0
120296, 2, 0, 0, 0, 0, 2
120297, 0, 1, 0, 1, 0, 0
120299, 1, 0, 0, 0, 0, 1
120301, 1, 0, 0, 0, 1, 0
120302, 1, 0, 0, 0, 1, 0
120305, 1, 0, 0, 0, 1, 0
120306, 1, 0, 0, 0, 0, 1
120308, 1, 0, 0, 0, 0, 1
120309, 1, 0, 0, 0, 1, 0
120310, 1, 0, 0, 0, 1, 0
120314, 1, 0, 0, 0, 1, 0
120315, 0, 1, 1, 0, 0, 0
120316, 2, 0, 0, 0, 2, 0
120319, 1, 0, 0, 0, 1, 0
120321, 1, 0, 0, 0, 1, 0
120323, 1, 0, 0, 0, 1, 0
120324, 0, 1, 1, 0, 0, 0
120325, 1, 0, 0, 0, 1, 0
120327, 2, 0, 0, 0, 2, 0
120329, 1, 0, 0, 0, 0, 1
120330, 0, 1, 0, 1, 0, 0
120331, 1, 0, 0, 0, 1, 0
120334, 1, 0, 0, 0, 1, 0
120335, 2, 0, 0, 0, 2, 0
120336, 1, 0, 0, 0, 1, 0
120337, 0, 1, 1, 0, 0, 0
120338, 1, 1, 1, 0, 1, 0
120339, 1, 1, 1, 0, 1, 0
120340, 1, 0, 0, 0, 1, 0
120341, 3, 1, 1, 0, 3, 0
120342, 3, 0, 0, 0, 2, 1
120343, 0, 1, 0, 1, 0, 0
127140, 0, 2, 2, 0, 0, 0
120344, 1, 0, 0, 0, 1, 0
120346, 1, 0, 0, 0, 1, 0
120349, 2, 0, 0, 0, 2, 0
120350, 1, 0, 0, 0, 1, 0
120355, 1, 0, 0, 0, 1, 0
120356, 1, 0, 0, 0, 1, 0
120357, 5, 0, 0, 0, 3, 2
120359, 1, 0, 0, 0, 1, 0
120363, 0, 1, 1, 0, 0, 0
120364, 1, 0, 0, 0, 1, 0
120365, 1, 0, 0, 0, 1, 0
120366, 0, 1, 1, 0, 0, 0
120368, 1, 0, 0, 0, 1, 0
120371, 1, 0, 0, 0, 1, 0
120372, 0, 1, 1, 0, 0, 0
120373, 1, 0, 0, 0, 1, 0
120374, 3, 0, 0, 0, 3, 0
120376, 1, 0, 0, 0, 1, 0
120378, 1, 0, 0, 0, 1, 0
120379, 0, 1, 1, 0, 0, 0
120381, 1, 0, 0, 0, 1, 0
120382, 1, 1, 0, 1, 1, 0
120383, 1, 0, 0, 0, 1, 0
121967, 0, 1, 1, 0, 0, 0
120386, 1, 0, 0, 0, 0, 1
120387, 0, 1, 0, 1, 0, 0
120388, 1, 0, 0, 0, 1, 0
120389, 0, 1, 1, 0, 0, 0
120390, 1, 0, 0, 0, 1, 0
120391, 1, 0, 0, 0, 1, 0
120392, 1, 0, 0, 0, 1, 0
120393, 0, 1, 1, 0, 0, 0
120394, 1, 0, 0, 0, 1, 0
120395, 2, 0, 0, 0, 2, 0
120396, 1, 1, 1, 0, 1, 0
120400, 1, 0, 0, 0, 1, 0
120401, 1, 0, 0, 0, 1, 0
120402, 0, 1, 1, 0, 0, 0
120403, 1, 0, 0, 0, 1, 0
120405, 1, 0, 0, 0, 1, 0
120406, 1, 0, 0, 0, 1, 0
120407, 1, 0, 0, 0, 0, 1
120408, 1, 0, 0, 0, 1, 0
120409, 1, 0, 0, 0, 1, 0
120410, 1, 0, 0, 0, 0, 1
120411, 1, 0, 0, 0, 1, 0
120412, 1, 0, 0, 0, 1, 0
120415, 1, 0, 0, 0, 1, 0
120417, 1, 0, 0, 0, 1, 0
120420, 1, 0, 0, 0, 1, 0
121957, 0, 1, 0, 1, 0, 0
120423, 1, 0, 0, 0, 1, 0
120426, 6, 0, 0, 0, 6, 0
120429, 1, 0, 0, 0, 1, 0
120430, 1, 0, 0, 0, 1, 0
120431, 1, 0, 0, 0, 1, 0
120432, 6, 1, 1, 0, 1, 5
126307, 0, 1, 0, 1, 0, 0
120433, 1, 0, 0, 0, 1, 0
120434, 1, 0, 0, 0, 1, 0
120437, 1, 0, 0, 0, 1, 0
120438, 0, 1, 1, 0, 0, 0
120439, 2, 0, 0, 0, 2, 0
120441, 1, 0, 0, 0, 1, 0
120442, 0, 1, 1, 0, 0, 0
120443, 1, 0, 0, 0, 0, 1
120444, 3, 0, 0, 0, 3, 0
120446, 1, 0, 0, 0, 1, 0
120447, 2, 0, 0, 0, 2, 0
120448, 1, 0, 0, 0, 1, 0
120449, 1, 0, 0, 0, 1, 0
120451, 12, 0, 0, 0, 12, 0
120452, 1, 0, 0, 0, 1, 0
120453, 1, 0, 0, 0, 1, 0
120454, 1, 0, 0, 0, 1, 0
120455, 1, 0, 0, 0, 1, 0
120456, 1, 0, 0, 0, 1, 0
120457, 0, 3, 3, 0, 0, 0
120458, 1, 0, 0, 0, 1, 0
120462, 2, 0, 0, 0, 2, 0
120464, 1, 0, 0, 0, 0, 1
120465, 0, 1, 0, 1, 0, 0
120466, 2, 0, 0, 0, 2, 0
120467, 2, 0, 0, 0, 2, 0
120469, 1, 0, 0, 0, 1, 0
120471, 1, 0, 0, 0, 1, 0
120472, 1, 0, 0, 0, 1, 0
120473, 2, 1, 1, 0, 2, 0
120474, 1, 0, 0, 0, 1, 0
120475, 0, 1, 1, 0, 0, 0
120476, 1, 0, 0, 0, 0, 1
120477, 1, 0, 0, 0, 1, 0
120478, 0, 1, 1, 0, 0, 0
120479, 1, 0, 0, 0, 1, 0
120480, 1, 1, 1, 0, 1, 0
120481, 1, 0, 0, 0, 1, 0
120482, 1, 0, 0, 0, 1, 0
120484, 1, 0, 0, 0, 1, 0
120486, 5, 0, 0, 0, 5, 0
120487, 0, 1, 1, 0, 0, 0
120518, 0, 1, 1, 0, 0, 0
120519, 0, 1, 1, 0, 0, 0
120490, 1, 0, 0, 0, 1, 0
120491, 1, 0, 0, 0, 1, 0
120495, 3, 0, 0, 0, 3, 0
120496, 1, 0, 0, 0, 0, 1
120497, 0, 1, 0, 1, 0, 0
120499, 1, 0, 0, 0, 1, 0
120500, 1, 0, 0, 0, 1, 0
120503, 1, 0, 0, 0, 1, 0
120504, 1, 0, 0, 0, 1, 0
120505, 1, 0, 0, 0, 1, 0
120506, 1, 1, 1, 0, 1, 0
120507, 1, 0, 0, 0, 1, 0
120508, 2, 0, 0, 0, 2, 0
120510, 1, 0, 0, 0, 1, 0
120511, 4, 0, 0, 0, 4, 0
120515, 1, 0, 0, 0, 1, 0
120516, 1, 0, 0, 0, 1, 0
120517, 1, 0, 0, 0, 1, 0
120522, 1, 0, 0, 0, 1, 0
120527, 3, 0, 0, 0, 3, 0
120528, 1, 0, 0, 0, 1, 0
120529, 1, 0, 0, 0, 1, 0
120530, 0, 1, 1, 0, 0, 0
120531, 1, 0, 0, 0, 1, 0
120533, 1, 0, 0, 0, 0, 1
120534, 1, 0, 0, 0, 1, 0
120535, 0, 1, 1, 0, 0, 0
120536, 8, 0, 0, 0, 8, 0
120537, 1, 0, 0, 0, 1, 0
120539, 1, 0, 0, 0, 1, 0
120540, 0, 1, 1, 0, 0, 0
120541, 1, 0, 0, 0, 1, 0
120542, 1, 0, 0, 0, 1, 0
120543, 1, 0, 0, 0, 1, 0
120544, 7, 1, 1, 0, 7, 0
120546, 1, 0, 0, 0, 1, 0
120547, 0, 1, 1, 0, 0, 0
120548, 1, 0, 0, 0, 1, 0
120550, 1, 0, 0, 0, 1, 0
120551, 1, 0, 0, 0, 1, 0
120552, 0, 1, 1, 0, 0, 0
120553, 1, 0, 0, 0, 0, 1
120554, 1, 0, 0, 0, 0, 1
120555, 1, 0, 0, 0, 1, 0
120557, 1, 0, 0, 0, 1, 0
120558, 1, 0, 0, 0, 1, 0
120560, 1, 0, 0, 0, 1, 0
120562, 2, 0, 0, 0, 2, 0
120563, 1, 0, 0, 0, 1, 0
120564, 1, 0, 0, 0, 1, 0
120566, 1, 0, 0, 0, 1, 0
120567, 1, 0, 0, 0, 1, 0
120568, 0, 1, 1, 0, 0, 0
120569, 1, 0, 0, 0, 1, 0
120571, 1, 0, 0, 0, 1, 0
120573, 1, 0, 0, 0, 1, 0
120574, 3, 0, 0, 0, 3, 0
120575, 1, 0, 0, 0, 1, 0
120578, 1, 0, 0, 0, 1, 0
120579, 0, 1, 1, 0, 0, 0
120581, 1, 0, 0, 0, 1, 0
120582, 0, 1, 1, 0, 0, 0
120583, 1, 0, 0, 0, 0, 1
120584, 1, 0, 0, 0, 1, 0
120585, 0, 1, 1, 0, 0, 0
120587, 1, 0, 0, 0, 1, 0
120589, 1, 0, 0, 0, 1, 0
120590, 1, 0, 0, 0, 1, 0
120591, 1, 0, 0, 0, 1, 0
120592, 0, 2, 2, 0, 0, 0
120593, 1, 0, 0, 0, 1, 0
120594, 1, 0, 0, 0, 1, 0
120595, 1, 0, 0, 0, 1, 0
120596, 1, 0, 0, 0, 1, 0
120598, 1, 0, 0, 0, 0, 1
120601, 1, 0, 0, 0, 1, 0
120602, 1, 0, 0, 0, 1, 0
120603, 1, 0, 0, 0, 0, 1
120605, 1, 0, 0, 0, 1, 0
120607, 1, 0, 0, 0, 1, 0
120608, 1, 0, 0, 0, 1, 0
120609, 0, 1, 1, 0, 0, 0
120610, 1, 0, 0, 0, 1, 0
120611, 0, 3, 3, 0, 0, 0
120615, 1, 0, 0, 0, 1, 0
120617, 1, 0, 0, 0, 1, 0
120618, 1, 0, 0, 0, 0, 1
120620, 1, 0, 0, 0, 1, 0
120621, 1, 0, 0, 0, 1, 0
120622, 2, 0, 0, 0, 2, 0
120626, 1, 0, 0, 0, 1, 0
120628, 1, 0, 0, 0, 1, 0
120629, 0, 1, 1, 0, 0, 0
120630, 1, 2, 2, 0, 1, 0
120632, 2, 0, 0, 0, 2, 0
120633, 3, 0, 0, 0, 3, 0
120634, 1, 0, 0, 0, 1, 0
120635, 1, 0, 0, 0, 1, 0
120636, 1, 0, 0, 0, 1, 0
120637, 1, 0, 0, 0, 1, 0
120638, 1, 0, 0, 0, 1, 0
120639, 3, 0, 0, 0, 3, 0
120640, 1, 0, 0, 0, 1, 0
120641, 1, 0, 0, 0, 1, 0
120642, 1, 0, 0, 0, 0, 1
120645, 1, 0, 0, 0, 1, 0
120646, 0, 1, 1, 0, 0, 0
120647, 1, 0, 0, 0, 1, 0
120648, 1, 0, 0, 0, 1, 0
120649, 1, 0, 0, 0, 1, 0
120651, 1, 0, 0, 0, 1, 0
120652, 1, 0, 0, 0, 0, 1
120653, 1, 0, 0, 0, 1, 0
120654, 0, 1, 1, 0, 0, 0
120656, 1, 0, 0, 0, 1, 0
120657, 3, 0, 0, 0, 2, 1
120659, 1, 1, 1, 0, 1, 0
120661, 2, 0, 0, 0, 2, 0
120662, 1, 0, 0, 0, 1, 0
120663, 0, 1, 1, 0, 0, 0
120664, 2, 0, 0, 0, 2, 0
120665, 4, 0, 0, 0, 3, 1
120666, 1, 0, 0, 0, 1, 0
120667, 1, 0, 0, 0, 1, 0
120669, 1, 0, 0, 0, 1, 0
120670, 3, 0, 0, 0, 2, 1
120672, 1, 0, 0, 0, 0, 1
120673, 3, 0, 0, 0, 3, 0
120675, 3, 0, 0, 0, 3, 0
120676, 0, 1, 1, 0, 0, 0
121032, 0, 1, 1, 0, 0, 0
120677, 1, 0, 0, 0, 1, 0
120678, 0, 1, 1, 0, 0, 0
120679, 1, 0, 0, 0, 1, 0
120681, 1, 0, 0, 0, 1, 0
120682, 0, 2, 2, 0, 0, 0
120684, 1, 0, 0, 0, 1, 0
120686, 1, 0, 0, 0, 1, 0
120687, 1, 0, 0, 0, 1, 0
120689, 1, 0, 0, 0, 1, 0
120690, 0, 1, 1, 0, 0, 0
120693, 1, 0, 0, 0, 1, 0
120694, 5, 0, 0, 0, 3, 2
120695, 1, 0, 0, 0, 1, 0
120697, 1, 0, 0, 0, 1, 0
120700, 1, 0, 0, 0, 1, 0
120702, 1, 0, 0, 0, 1, 0
120704, 1, 0, 0, 0, 1, 0
120705, 1, 0, 0, 0, 1, 0
120706, 1, 0, 0, 0, 1, 0
120707, 1, 0, 0, 0, 1, 0
120708, 1, 0, 0, 0, 1, 0
120709, 1, 0, 0, 0, 1, 0
120710, 1, 0, 0, 0, 1, 0
120711, 0, 1, 1, 0, 0, 0
120712, 1, 0, 0, 0, 1, 0
120715, 1, 0, 0, 0, 0, 1
120716, 1, 0, 0, 0, 1, 0
120718, 15, 0, 0, 0, 14, 1
120719, 1, 0, 0, 0, 1, 0
120720, 1, 0, 0, 0, 1, 0
120721, 12, 1, 1, 0, 12, 0
120722, 1, 0, 0, 0, 1, 0
120723, 1, 0, 0, 0, 1, 0
120724, 1, 0, 0, 0, 1, 0
120725, 1, 0, 0, 0, 1, 0
123685, 0, 1, 0, 1, 0, 0
120731, 1, 0, 0, 0, 1, 0
120732, 0, 1, 1, 0, 0, 0
120733, 1, 0, 0, 0, 1, 0
120735, 1, 0, 0, 0, 1, 0
120736, 1, 0, 0, 0, 1, 0
120737, 1, 0, 0, 0, 1, 0
120738, 1, 0, 0, 0, 1, 0
120740, 1, 0, 0, 0, 1, 0
120741, 1, 0, 0, 0, 1, 0
120744, 1, 0, 0, 0, 1, 0
120745, 1, 0, 0, 0, 1, 0
120746, 0, 1, 1, 0, 0, 0
120747, 1, 0, 0, 0, 1, 0
120748, 1, 0, 0, 0, 1, 0
120750, 1, 0, 0, 0, 1, 0
120751, 1, 0, 0, 0, 1, 0
120752, 0, 1, 1, 0, 0, 0
120754, 1, 1, 1, 0, 1, 0
121084, 0, 1, 0, 1, 0, 0
121903, 0, 1, 1, 0, 0, 0
120756, 4, 0, 0, 0, 4, 0
120759, 1, 0, 0, 0, 1, 0
120760, 2, 0, 0, 0, 2, 0
120761, 2, 0, 0, 0, 0, 2
120762, 1, 0, 0, 0, 1, 0
120763, 2, 0, 0, 0, 2, 0
120765, 1, 0, 0, 0, 1, 0
120766, 1, 0, 0, 0, 1, 0
120767, 0, 1, 1, 0, 0, 0
120768, 1, 0, 0, 0, 0, 1
120769, 1, 0, 0, 0, 1, 0
120774, 1, 0, 0, 0, 1, 0
120775, 0, 2, 2, 0, 0, 0
120776, 1, 0, 0, 0, 1, 0
120777, 0, 2, 2, 0, 0, 0
120779, 1, 0, 0, 0, 0, 1
120780, 1, 0, 0, 0, 1, 0
120781, 1, 0, 0, 0, 1, 0
120782, 1, 0, 0, 0, 1, 0
120783, 1, 0, 0, 0, 1, 0
120784, 1, 0, 0, 0, 0, 1
123271, 3, 1, 1, 0, 3, 0
120786, 1, 0, 0, 0, 1, 0
128790, 5, 1, 1, 0, 5, 0
120789, 2, 0, 0, 0, 2, 0
120791, 2, 0, 0, 0, 2, 0
120795, 3, 0, 0, 0, 3, 0
120796, 1, 0, 0, 0, 1, 0
120797, 2, 0, 0, 0, 2, 0
121750, 0, 1, 1, 0, 0, 0
120801, 1, 0, 0, 0, 1, 0
120802, 2, 0, 0, 0, 2, 0
120803, 3, 0, 0, 0, 3, 0
120804, 0, 1, 1, 0, 0, 0
120806, 1, 0, 0, 0, 1, 0
120807, 1, 0, 0, 0, 0, 1
120808, 1, 0, 0, 0, 1, 0
120810, 1, 0, 0, 0, 1, 0
120811, 1, 0, 0, 0, 1, 0
120812, 1, 0, 0, 0, 0, 1
120813, 2, 0, 0, 0, 2, 0
120814, 0, 1, 1, 0, 0, 0
120815, 14, 0, 0, 0, 3, 11
120816, 1, 0, 0, 0, 0, 1
120817, 1, 0, 0, 0, 1, 0
120818, 1, 0, 0, 0, 1, 0
120819, 1, 0, 0, 0, 1, 0
120820, 0, 1, 1, 0, 0, 0
120821, 1, 0, 0, 0, 1, 0
120823, 1, 0, 0, 0, 1, 0
120824, 1, 0, 0, 0, 1, 0
120825, 0, 1, 1, 0, 0, 0
120826, 1, 0, 0, 0, 1, 0
120827, 1, 0, 0, 0, 1, 0
120830, 2, 1, 1, 0, 2, 0
120831, 2, 0, 0, 0, 2, 0
120832, 0, 1, 1, 0, 0, 0
120833, 1, 0, 0, 0, 1, 0
120834, 1, 0, 0, 0, 1, 0
120835, 0, 5, 3, 2, 0, 0
120838, 1, 0, 0, 0, 1, 0
120839, 1, 0, 0, 0, 1, 0
120840, 2, 0, 0, 0, 2, 0
120841, 1, 1, 1, 0, 1, 0
120843, 1, 0, 0, 0, 1, 0
120844, 1, 0, 0, 0, 1, 0
120845, 1, 0, 0, 0, 1, 0
120846, 1, 1, 1, 0, 1, 0
120847, 1, 0, 0, 0, 1, 0
120849, 1, 0, 0, 0, 1, 0
120850, 1, 0, 0, 0, 1, 0
120851, 1, 0, 0, 0, 1, 0
120852, 1, 0, 0, 0, 1, 0
120854, 1, 0, 0, 0, 1, 0
120856, 1, 0, 0, 0, 1, 0
120858, 1, 0, 0, 0, 0, 1
120859, 0, 1, 0, 1, 0, 0
120861, 1, 0, 0, 0, 1, 0
120862, 1, 0, 0, 0, 0, 1
120863, 0, 1, 0, 1, 0, 0
120864, 1, 0, 0, 0, 1, 0
120865, 0, 1, 1, 0, 0, 0
120867, 2, 0, 0, 0, 2, 0
120868, 1, 0, 0, 0, 1, 0
120869, 1, 1, 1, 0, 1, 0
120870, 1, 0, 0, 0, 1, 0
120871, 0, 1, 1, 0, 0, 0
120872, 1, 0, 0, 0, 1, 0
120874, 2, 0, 0, 0, 2, 0
120875, 1, 0, 0, 0, 1, 0
120876, 2, 0, 0, 0, 2, 0
120878, 2, 0, 0, 0, 2, 0
122303, 0, 1, 0, 1, 0, 0
120880, 1, 0, 0, 0, 1, 0
120881, 1, 1, 1, 0, 1, 0
120883, 1, 0, 0, 0, 1, 0
120884, 0, 1, 1, 0, 0, 0
120886, 1, 0, 0, 0, 0, 1
120887, 1, 0, 0, 0, 1, 0
120888, 6, 0, 0, 0, 6, 0
120891, 1, 0, 0, 0, 1, 0
120893, 1, 0, 0, 0, 1, 0
120894, 1, 0, 0, 0, 1, 0
120900, 1, 0, 0, 0, 1, 0
120902, 2, 0, 0, 0, 2, 0
120903, 1, 0, 0, 0, 1, 0
120904, 2, 0, 0, 0, 2, 0
120907, 1, 0, 0, 0, 1, 0
120908, 1, 1, 1, 0, 1, 0
120909, 1, 1, 1, 0, 1, 0
120910, 1, 0, 0, 0, 1, 0
120913, 1, 0, 0, 0, 1, 0
120914, 0, 1, 1, 0, 0, 0
120916, 1, 0, 0, 0, 1, 0
120917, 0, 1, 1, 0, 0, 0
120918, 1, 0, 0, 0, 0, 1
120920, 1, 0, 0, 0, 0, 1
120921, 1, 0, 0, 0, 1, 0
120924, 4, 0, 0, 0, 4, 0
120926, 1, 0, 0, 0, 1, 0
120927, 0, 1, 1, 0, 0, 0
120930, 1, 0, 0, 0, 1, 0
120931, 1, 1, 1, 0, 1, 0
120932, 3, 0, 0, 0, 3, 0
120933, 1, 0, 0, 0, 1, 0
120934, 1, 0, 0, 0, 1, 0
120936, 1, 0, 0, 0, 1, 0
120937, 2, 0, 0, 0, 2, 0
120938, 0, 2, 1, 1, 0, 0
120939, 3, 0, 0, 0, 3, 0
120940, 1, 0, 0, 0, 1, 0
120942, 3, 0, 0, 0, 3, 0
120943, 1, 0, 0, 0, 1, 0
120944, 0, 1, 1, 0, 0, 0
120946, 1, 0, 0, 0, 1, 0
120947, 1, 0, 0, 0, 0, 1
120950, 2, 0, 0, 0, 0, 2
120951, 0, 2, 0, 2, 0, 0
120952, 0, 2, 0, 2, 0, 0
120954, 1, 0, 0, 0, 1, 0
120955, 1, 0, 0, 0, 1, 0
120956, 0, 1, 1, 0, 0, 0
120958, 1, 0, 0, 0, 1, 0
120959, 2, 1, 1, 0, 1, 1
122054, 0, 1, 1, 0, 0, 0
120960, 1, 0, 0, 0, 1, 0
120961, 1, 0, 0, 0, 1, 0
120962, 1, 0, 0, 0, 0, 1
120963, 1, 0, 0, 0, 0, 1
120966, 1, 1, 1, 0, 1, 0
120968, 1, 0, 0, 0, 1, 0
120969, 2, 0, 0, 0, 2, 0
120972, 4, 0, 0, 0, 4, 0
120974, 1, 0, 0, 0, 1, 0
120976, 1, 0, 0, 0, 1, 0
120977, 8, 1, 1, 0, 8, 0
120978, 3, 0, 0, 0, 3, 0
120982, 1, 0, 0, 0, 1, 0
120983, 0, 1, 1, 0, 0, 0
120985, 1, 0, 0, 0, 1, 0
120986, 1, 0, 0, 0, 1, 0
126442, 0, 1, 1, 0, 0, 0
121004, 1, 0, 0, 0, 1, 0
121006, 1, 0, 0, 0, 1, 0
121007, 2, 0, 0, 0, 2, 0
121008, 1, 0, 0, 0, 1, 0
121009, 1, 0, 0, 0, 1, 0
121010, 1, 0, 0, 0, 0, 1
121011, 1, 1, 0, 1, 0, 1
121012, 1, 0, 0, 0, 0, 1
121013, 1, 0, 0, 0, 1, 0
121014, 1, 0, 0, 0, 1, 0
121017, 1, 0, 0, 0, 1, 0
121018, 1, 0, 0, 0, 1, 0
121019, 1, 0, 0, 0, 1, 0
121020, 0, 1, 1, 0, 0, 0
121023, 1, 0, 0, 0, 1, 0
121029, 1, 0, 0, 0, 1, 0
121030, 2, 0, 0, 0, 2, 0
121031, 0, 1, 1, 0, 0, 0
121033, 1, 0, 0, 0, 1, 0
121034, 1, 0, 0, 0, 1, 0
121036, 1, 0, 0, 0, 1, 0
121037, 0, 2, 2, 0, 0, 0
121038, 1, 0, 0, 0, 0, 1
121039, 0, 1, 0, 1, 0, 0
121042, 2, 0, 0, 0, 2, 0
121043, 1, 0, 0, 0, 1, 0
121044, 2, 0, 0, 0, 2, 0
121045, 1, 0, 0, 0, 1, 0
121047, 1, 1, 1, 0, 1, 0
121048, 1, 2, 2, 0, 1, 0
121050, 1, 0, 0, 0, 1, 0
121052, 1, 0, 0, 0, 1, 0
121053, 0, 2, 1, 1, 0, 0
121054, 7, 0, 0, 0, 7, 0
121057, 0, 1, 1, 0, 0, 0
121055, 1, 0, 0, 0, 1, 0
121058, 1, 1, 1, 0, 0, 1
121059, 0, 2, 1, 1, 0, 0
121060, 2, 0, 0, 0, 1, 1
121061, 1, 0, 0, 0, 1, 0
121062, 1, 0, 0, 0, 1, 0
121063, 1, 0, 0, 0, 1, 0
121064, 1, 0, 0, 0, 1, 0
121065, 1, 0, 0, 0, 0, 1
121067, 1, 0, 0, 0, 0, 1
121068, 1, 0, 0, 0, 1, 0
121069, 1, 0, 0, 0, 1, 0
121070, 0, 1, 1, 0, 0, 0
121073, 1, 0, 0, 0, 1, 0
121075, 2, 0, 0, 0, 2, 0
121078, 2, 0, 0, 0, 2, 0
121079, 3, 0, 0, 0, 3, 0
121081, 1, 0, 0, 0, 1, 0
121083, 1, 0, 0, 0, 1, 0
121085, 2, 1, 1, 0, 2, 0
121086, 1, 0, 0, 0, 1, 0
121087, 0, 3, 3, 0, 0, 0
121089, 0, 1, 1, 0, 0, 0
121090, 1, 0, 0, 0, 1, 0
121091, 1, 0, 0, 0, 1, 0
121092, 1, 0, 0, 0, 1, 0
121093, 0, 1, 1, 0, 0, 0
121096, 2, 0, 0, 0, 2, 0
130152, 1, 1, 1, 0, 1, 0
121105, 0, 1, 1, 0, 0, 0
121106, 1, 1, 1, 0, 1, 0
121107, 1, 0, 0, 0, 1, 0
121109, 1, 0, 0, 0, 1, 0
121110, 1, 0, 0, 0, 1, 0
121112, 1, 0, 0, 0, 1, 0
121113, 1, 0, 0, 0, 1, 0
121114, 1, 0, 0, 0, 0, 1
121117, 2, 0, 0, 0, 2, 0
121118, 1, 0, 0, 0, 1, 0
121119, 5, 0, 0, 0, 5, 0
121122, 0, 1, 1, 0, 0, 0
121123, 0, 1, 1, 0, 0, 0
121120, 1, 0, 0, 0, 1, 0
121121, 0, 1, 1, 0, 0, 0
121124, 2, 0, 0, 0, 2, 0
121127, 1, 0, 0, 0, 1, 0
121128, 3, 0, 0, 0, 2, 1
122974, 0, 1, 1, 0, 0, 0
121129, 1, 0, 0, 0, 1, 0
121130, 2, 0, 0, 0, 2, 0
121131, 1, 0, 0, 0, 1, 0
121132, 4, 1, 1, 0, 4, 0
121133, 1, 0, 0, 0, 1, 0
121134, 12, 0, 0, 0, 12, 0
121135, 1, 0, 0, 0, 1, 0
121137, 6, 3, 3, 0, 6, 0
124272, 1, 1, 1, 0, 1, 0
121138, 1, 0, 0, 0, 1, 0
121139, 0, 1, 1, 0, 0, 0
121140, 1, 1, 1, 0, 1, 0
121141, 1, 0, 0, 0, 1, 0
121142, 1, 0, 0, 0, 1, 0
121143, 1, 0, 0, 0, 1, 0
121144, 1, 0, 0, 0, 1, 0
121145, 0, 1, 1, 0, 0, 0
121146, 2, 0, 0, 0, 2, 0
121147, 0, 1, 1, 0, 0, 0
121149, 1, 0, 0, 0, 1, 0
121150, 0, 1, 1, 0, 0, 0
121151, 2, 0, 0, 0, 2, 0
121152, 4, 1, 1, 0, 4, 0
121153, 1, 0, 0, 0, 1, 0
121154, 1, 0, 0, 0, 1, 0
121155, 1, 0, 0, 0, 1, 0
121156, 1, 0, 0, 0, 1, 0
121157, 1, 0, 0, 0, 1, 0
121158, 4, 0, 0, 0, 4, 0
121159, 1, 0, 0, 0, 1, 0
121161, 1, 0, 0, 0, 1, 0
121163, 2, 0, 0, 0, 2, 0
121164, 2, 0, 0, 0, 1, 1
121166, 1, 0, 0, 0, 1, 0
121167, 1, 0, 0, 0, 1, 0
121169, 1, 0, 0, 0, 1, 0
121170, 2, 0, 0, 0, 2, 0
121171, 1, 0, 0, 0, 1, 0
121172, 1, 0, 0, 0, 1, 0
121173, 0, 1, 1, 0, 0, 0
121174, 1, 0, 0, 0, 1, 0
121175, 1, 0, 0, 0, 0, 1
121176, 1, 0, 0, 0, 1, 0
121177, 0, 1, 1, 0, 0, 0
121179, 2, 0, 0, 0, 2, 0
121180, 1, 0, 0, 0, 1, 0
121181, 1, 0, 0, 0, 1, 0
121183, 1, 0, 0, 0, 1, 0
121184, 0, 2, 2, 0, 0, 0
121185, 1, 0, 0, 0, 1, 0
121186, 0, 5, 4, 1, 0, 0
121187, 1, 0, 0, 0, 1, 0
121188, 1, 0, 0, 0, 1, 0
121189, 1, 0, 0, 0, 1, 0
121190, 1, 0, 0, 0, 1, 0
121191, 1, 0, 0, 0, 1, 0
121192, 0, 1, 1, 0, 0, 0
121195, 1, 0, 0, 0, 1, 0
121196, 0, 1, 1, 0, 0, 0
121197, 1, 0, 0, 0, 0, 1
121198, 1, 0, 0, 0, 1, 0
121199, 1, 0, 0, 0, 0, 1
121200, 1, 0, 0, 0, 1, 0
121201, 1, 0, 0, 0, 1, 0
121215, 0, 1, 0, 1, 0, 0
121203, 2, 0, 0, 0, 2, 0
121204, 2, 0, 0, 0, 2, 0
121206, 1, 0, 0, 0, 1, 0
121207, 0, 1, 1, 0, 0, 0
121208, 1, 0, 0, 0, 1, 0
121211, 4, 0, 0, 0, 4, 0
121212, 1, 0, 0, 0, 1, 0
121213, 1, 0, 0, 0, 1, 0
121216, 1, 0, 0, 0, 0, 1
121217, 1, 0, 0, 0, 1, 0
121219, 1, 0, 0, 0, 1, 0
121221, 1, 0, 0, 0, 1, 0
121222, 0, 1, 1, 0, 0, 0
121224, 1, 0, 0, 0, 1, 0
125411, 0, 1, 0, 1, 0, 0
121229, 1, 1, 1, 0, 1, 0
121230, 3, 0, 0, 0, 3, 0
121231, 1, 0, 0, 0, 1, 0
121232, 0, 1, 1, 0, 0, 0
121233, 1, 0, 0, 0, 1, 0
121234, 1, 0, 0, 0, 1, 0
121235, 1, 0, 0, 0, 1, 0
121236, 2, 0, 0, 0, 2, 0
121237, 1, 0, 0, 0, 0, 1
121238, 5, 1, 1, 0, 5, 0
121256, 1, 1, 1, 0, 1, 0
121239, 1, 0, 0, 0, 1, 0
121240, 0, 1, 1, 0, 0, 0
121241, 1, 0, 0, 0, 1, 0
121242, 1, 0, 0, 0, 1, 0
121243, 0, 1, 1, 0, 0, 0
121244, 1, 0, 0, 0, 1, 0
121245, 1, 0, 0, 0, 1, 0
121246, 0, 1, 1, 0, 0, 0
121247, 1, 0, 0, 0, 1, 0
121248, 1, 0, 0, 0, 0, 1
121249, 1, 0, 0, 0, 1, 0
121250, 1, 0, 0, 0, 1, 0
121251, 1, 0, 0, 0, 1, 0
121254, 1, 0, 0, 0, 1, 0
121255, 1, 0, 0, 0, 1, 0
126998, 0, 1, 0, 1, 0, 0
127529, 0, 1, 0, 1, 0, 0
121260, 1, 0, 0, 0, 1, 0
121261, 1, 0, 0, 0, 1, 0
121263, 1, 0, 0, 0, 1, 0
121264, 1, 0, 0, 0, 1, 0
121265, 2, 0, 0, 0, 1, 1
121266, 0, 1, 1, 0, 0, 0
121268, 1, 0, 0, 0, 1, 0
121273, 1, 0, 0, 0, 1, 0
121274, 5, 0, 0, 0, 5, 0
129853, 0, 1, 1, 0, 0, 0
121275, 1, 0, 0, 0, 1, 0
121277, 0, 1, 1, 0, 0, 0
121278, 0, 1, 1, 0, 0, 0
121279, 1, 0, 0, 0, 1, 0
121280, 1, 0, 0, 0, 1, 0
121281, 1, 0, 0, 0, 1, 0
121282, 4, 1, 1, 0, 4, 0
121283, 2, 0, 0, 0, 1, 1
121285, 0, 1, 1, 0, 0, 0
121286, 1, 0, 0, 0, 1, 0
121287, 1, 0, 0, 0, 1, 0
121289, 1, 0, 0, 0, 1, 0
121290, 1, 0, 0, 0, 1, 0
121291, 2, 0, 0, 0, 2, 0
121292, 1, 0, 0, 0, 1, 0
122029, 0, 1, 0, 1, 0, 0
121294, 3, 0, 0, 0, 3, 0
121296, 1, 0, 0, 0, 1, 0
121297, 0, 1, 1, 0, 0, 0
121299, 1, 0, 0, 0, 1, 0
121300, 0, 1, 1, 0, 0, 0
121301, 1, 0, 0, 0, 1, 0
121306, 3, 0, 0, 0, 3, 0
121308, 2, 0, 0, 0, 2, 0
121309, 2, 0, 0, 0, 2, 0
121310, 1, 0, 0, 0, 1, 0
121311, 1, 0, 0, 0, 1, 0
121312, 1, 0, 0, 0, 1, 0
121314, 1, 0, 0, 0, 0, 1
121315, 2, 0, 0, 0, 2, 0
121318, 2, 0, 0, 0, 2, 0
121320, 1, 0, 0, 0, 1, 0
121324, 1, 0, 0, 0, 0, 1
121325, 1, 0, 0, 0, 1, 0
121326, 3, 0, 0, 0, 3, 0
121327, 7, 0, 0, 0, 6, 1
126354, 0, 1, 0, 1, 0, 0
121410, 0, 2, 2, 0, 0, 0
121329, 1, 0, 0, 0, 1, 0
121330, 1, 0, 0, 0, 1, 0
121331, 2, 0, 0, 0, 2, 0
121333, 0, 1, 1, 0, 0, 0
121334, 3, 0, 0, 0, 3, 0
121337, 1, 0, 0, 0, 1, 0
121338, 0, 1, 1, 0, 0, 0
121340, 1, 0, 0, 0, 1, 0
121341, 3, 0, 0, 0, 3, 0
121342, 1, 0, 0, 0, 1, 0
121345, 1, 0, 0, 0, 1, 0
121346, 1, 0, 0, 0, 1, 0
121347, 0, 1, 1, 0, 0, 0
121348, 1, 0, 0, 0, 1, 0
121351, 1, 0, 0, 0, 1, 0
121352, 1, 0, 0, 0, 1, 0
121354, 1, 0, 0, 0, 1, 0
121355, 5, 0, 0, 0, 5, 0
121356, 1, 0, 0, 0, 1, 0
121357, 0, 1, 1, 0, 0, 0
121358, 1, 0, 0, 0, 0, 1
121359, 1, 1, 1, 0, 1, 0
121360, 1, 1, 1, 0, 1, 0
121362, 1, 0, 0, 0, 1, 0
121363, 0, 1, 1, 0, 0, 0
121364, 2, 0, 0, 0, 2, 0
121434, 1, 1, 1, 0, 1, 0
121369, 2, 0, 0, 0, 2, 0
121614, 0, 1, 1, 0, 0, 0
121370, 1, 0, 0, 0, 1, 0
121371, 1, 0, 0, 0, 1, 0
121372, 1, 0, 0, 0, 1, 0
121375, 1, 0, 0, 0, 1, 0
121377, 1, 0, 0, 0, 1, 0
121378, 3, 1, 1, 0, 3, 0
121380, 2, 0, 0, 0, 2, 0
121381, 1, 0, 0, 0, 1, 0
121383, 1, 0, 0, 0, 1, 0
121384, 0, 1, 1, 0, 0, 0
121385, 2, 0, 0, 0, 2, 0
121386, 0, 1, 1, 0, 0, 0
121387, 1, 0, 0, 0, 1, 0
121388, 1, 0, 0, 0, 1, 0
121389, 1, 0, 0, 0, 1, 0
121390, 1, 0, 0, 0, 1, 0
121391, 0, 1, 1, 0, 0, 0
121392, 3, 0, 0, 0, 2, 1
121393, 1, 0, 0, 0, 1, 0
121394, 1, 0, 0, 0, 1, 0
121396, 4, 0, 0, 0, 4, 0
121398, 1, 0, 0, 0, 0, 1
121402, 1, 0, 0, 0, 1, 0
121403, 0, 1, 1, 0, 0, 0
121405, 1, 0, 0, 0, 1, 0
121407, 1, 0, 0, 0, 1, 0
121408, 2, 0, 0, 0, 2, 0
121409, 2, 0, 0, 0, 2, 0
127481, 0, 1, 1, 0, 0, 0
121411, 2, 1, 1, 0, 2, 0
121432, 1, 1, 1, 0, 1, 0
121414, 1, 0, 0, 0, 1, 0
121415, 1, 0, 0, 0, 1, 0
121419, 1, 0, 0, 0, 1, 0
121420, 3, 0, 0, 0, 3, 0
121421, 1, 0, 0, 0, 0, 1
121422, 1, 0, 0, 0, 1, 0
121423, 1, 0, 0, 0, 1, 0
121424, 0, 1, 1, 0, 0, 0
121425, 1, 0, 0, 0, 1, 0
121426, 0, 1, 1, 0, 0, 0
121427, 1, 0, 0, 0, 1, 0
121428, 0, 1, 1, 0, 0, 0
121429, 2, 0, 0, 0, 2, 0
121430, 1, 0, 0, 0, 0, 1
121431, 1, 0, 0, 0, 1, 0
121433, 1, 0, 0, 0, 1, 0
121435, 4, 0, 0, 0, 4, 0
121436, 1, 0, 0, 0, 1, 0
121437, 2, 0, 0, 0, 2, 0
121440, 1, 0, 0, 0, 0, 1
121441, 0, 2, 0, 2, 0, 0
121442, 1, 0, 0, 0, 1, 0
121444, 1, 0, 0, 0, 1, 0
121445, 4, 0, 0, 0, 4, 0
121446, 1, 0, 0, 0, 1, 0
121447, 1, 0, 0, 0, 0, 1
121448, 0, 1, 0, 1, 0, 0
121449, 1, 0, 0, 0, 1, 0
121451, 1, 0, 0, 0, 0, 1
121452, 0, 1, 0, 1, 0, 0
121454, 3, 0, 0, 0, 1, 2
123668, 0, 1, 1, 0, 0, 0
121455, 1, 2, 2, 0, 1, 0
121456, 3, 1, 1, 0, 3, 0
121460, 1, 0, 0, 0, 1, 0
121461, 1, 0, 0, 0, 1, 0
121462, 2, 0, 0, 0, 2, 0
121464, 1, 0, 0, 0, 1, 0
121465, 1, 0, 0, 0, 1, 0
121467, 2, 0, 0, 0, 0, 2
121468, 8, 0, 0, 0, 8, 0
121469, 1, 0, 0, 0, 1, 0
121470, 1, 0, 0, 0, 1, 0
121471, 1, 0, 0, 0, 1, 0
121473, 1, 0, 0, 0, 1, 0
121475, 1, 0, 0, 0, 1, 0
121476, 3, 0, 0, 0, 3, 0
121478, 1, 0, 0, 0, 1, 0
121480, 1, 0, 0, 0, 0, 1
121481, 1, 0, 0, 0, 1, 0
121482, 0, 1, 1, 0, 0, 0
121485, 1, 0, 0, 0, 1, 0
121487, 1, 0, 0, 0, 1, 0
121488, 0, 1, 1, 0, 0, 0
121490, 1, 0, 0, 0, 1, 0
121491, 1, 0, 0, 0, 1, 0
121492, 1, 0, 0, 0, 1, 0
121493, 0, 2, 2, 0, 0, 0
121494, 2, 0, 0, 0, 1, 1
121495, 0, 1, 1, 0, 0, 0
121496, 2, 0, 0, 0, 2, 0
121497, 1, 0, 0, 0, 1, 0
121498, 1, 0, 0, 0, 0, 1
121499, 0, 1, 0, 1, 0, 0
121501, 1, 0, 0, 0, 1, 0
121502, 1, 0, 0, 0, 1, 0
121504, 3, 0, 0, 0, 3, 0
121505, 1, 0, 0, 0, 1, 0
121506, 1, 0, 0, 0, 1, 0
121507, 1, 0, 0, 0, 1, 0
121508, 1, 0, 0, 0, 1, 0
121509, 1, 0, 0, 0, 1, 0
121510, 5, 0, 0, 0, 5, 0
121511, 1, 0, 0, 0, 1, 0
121512, 1, 0, 0, 0, 1, 0
121513, 1, 0, 0, 0, 1, 0
121514, 1, 0, 0, 0, 1, 0
121516, 0, 1, 1, 0, 0, 0
121538, 0, 1, 1, 0, 0, 0
121720, 0, 1, 1, 0, 0, 0
121518, 2, 1, 1, 0, 2, 0
121522, 2, 0, 0, 0, 2, 0
121523, 1, 1, 1, 0, 1, 0
121524, 10, 0, 0, 0, 7, 3
121526, 1, 0, 0, 0, 1, 0
121529, 1, 0, 0, 0, 1, 0
121532, 3, 0, 0, 0, 3, 0
121534, 1, 1, 1, 0, 1, 0
121535, 1, 0, 0, 0, 1, 0
121537, 3, 1, 1, 0, 3, 0
121539, 1, 0, 0, 0, 1, 0
121541, 1, 0, 0, 0, 1, 0
121542, 1, 0, 0, 0, 1, 0
121543, 0, 1, 1, 0, 0, 0
121544, 1, 0, 0, 0, 1, 0
121545, 1, 0, 0, 0, 1, 0
121546, 1, 0, 0, 0, 1, 0
121547, 0, 4, 4, 0, 0, 0
121548, 1, 0, 0, 0, 1, 0
121549, 0, 1, 1, 0, 0, 0
121550, 1, 0, 0, 0, 1, 0
121552, 3, 0, 0, 0, 0, 3
121554, 1, 0, 0, 0, 1, 0
121555, 0, 1, 1, 0, 0, 0
121556, 1, 0, 0, 0, 0, 1
121557, 1, 0, 0, 0, 1, 0
121558, 1, 0, 0, 0, 1, 0
121565, 1, 0, 0, 0, 0, 1
121566, 1, 0, 0, 0, 0, 1
121568, 1, 0, 0, 0, 1, 0
121571, 1, 0, 0, 0, 0, 1
121572, 1, 0, 0, 0, 1, 0
121573, 1, 0, 0, 0, 1, 0
121574, 1, 0, 0, 0, 1, 0
121576, 1, 0, 0, 0, 1, 0
121577, 0, 1, 1, 0, 0, 0
121579, 1, 0, 0, 0, 1, 0
121580, 1, 0, 0, 0, 1, 0
121581, 1, 0, 0, 0, 1, 0
121582, 6, 0, 0, 0, 6, 0
121583, 1, 0, 0, 0, 1, 0
121584, 1, 0, 0, 0, 1, 0
121586, 1, 0, 0, 0, 1, 0
121588, 3, 0, 0, 0, 3, 0
121621, 0, 1, 1, 0, 0, 0
121590, 1, 0, 0, 0, 1, 0
121591, 0, 1, 1, 0, 0, 0
121592, 2, 1, 1, 0, 2, 0
121593, 1, 0, 0, 0, 0, 1
121594, 1, 0, 0, 0, 1, 0
121596, 1, 0, 0, 0, 1, 0
121597, 2, 0, 0, 0, 2, 0
121793, 0, 1, 1, 0, 0, 0
121598, 2, 0, 0, 0, 0, 2
121599, 1, 1, 1, 0, 1, 0
121600, 0, 2, 1, 1, 0, 0
121601, 1, 0, 0, 0, 0, 1
121602, 1, 0, 0, 0, 1, 0
121603, 1, 0, 0, 0, 1, 0
121604, 0, 1, 1, 0, 0, 0
121605, 1, 0, 0, 0, 1, 0
121606, 1, 0, 0, 0, 1, 0
121609, 1, 0, 0, 0, 1, 0
121610, 1, 0, 0, 0, 0, 1
121611, 1, 0, 0, 0, 1, 0
121612, 0, 1, 1, 0, 0, 0
121613, 1, 0, 0, 0, 1, 0
121615, 1, 0, 0, 0, 1, 0
121617, 1, 0, 0, 0, 1, 0
121618, 3, 0, 0, 0, 3, 0
121620, 1, 0, 0, 0, 0, 1
121622, 1, 0, 0, 0, 1, 0
121623, 2, 0, 0, 0, 2, 0
121626, 1, 0, 0, 0, 1, 0
121627, 1, 0, 0, 0, 1, 0
121628, 0, 1, 1, 0, 0, 0
121629, 1, 0, 0, 0, 1, 0
121630, 9, 0, 0, 0, 9, 0
121632, 2, 0, 0, 0, 2, 0
121643, 1, 1, 1, 0, 1, 0
121633, 1, 0, 0, 0, 0, 1
121634, 1, 0, 0, 0, 1, 0
121636, 1, 0, 0, 0, 1, 0
121638, 1, 0, 0, 0, 1, 0
121639, 1, 0, 0, 0, 1, 0
121640, 0, 1, 1, 0, 0, 0
121641, 1, 0, 0, 0, 1, 0
121642, 1, 0, 0, 0, 1, 0
121644, 1, 0, 0, 0, 1, 0
121645, 1, 0, 0, 0, 1, 0
121648, 1, 0, 0, 0, 1, 0
121650, 1, 0, 0, 0, 0, 1
121651, 0, 1, 0, 1, 0, 0
121652, 1, 0, 0, 0, 1, 0
121653, 1, 0, 0, 0, 1, 0
121654, 1, 0, 0, 0, 1, 0
121655, 0, 1, 1, 0, 0, 0
121656, 1, 0, 0, 0, 1, 0
121657, 1, 0, 0, 0, 1, 0
121658, 0, 1, 1, 0, 0, 0
121659, 1, 0, 0, 0, 1, 0
121660, 1, 0, 0, 0, 1, 0
121662, 1, 0, 0, 0, 1, 0
121663, 1, 0, 0, 0, 0, 1
121664, 0, 1, 0, 1, 0, 0
121665, 2, 0, 0, 0, 2, 0
121666, 1, 0, 0, 0, 1, 0
121668, 1, 0, 0, 0, 1, 0
121669, 1, 0, 0, 0, 1, 0
121671, 2, 0, 0, 0, 2, 0
121672, 1, 0, 0, 0, 1, 0
121673, 0, 2, 2, 0, 0, 0
121676, 1, 0, 0, 0, 0, 1
121677, 1, 0, 0, 0, 1, 0
121679, 2, 0, 0, 0, 2, 0
121680, 1, 0, 0, 0, 1, 0
121681, 0, 1, 1, 0, 0, 0
121682, 6, 0, 0, 0, 6, 0
121684, 5, 0, 0, 0, 5, 0
121685, 1, 0, 0, 0, 0, 1
121686, 0, 1, 0, 1, 0, 0
121687, 1, 0, 0, 0, 1, 0
121688, 0, 1, 1, 0, 0, 0
121689, 1, 0, 0, 0, 1, 0
121690, 1, 0, 0, 0, 1, 0
121692, 0, 1, 1, 0, 0, 0
122266, 0, 1, 1, 0, 0, 0
121693, 1, 0, 0, 0, 1, 0
121694, 0, 1, 1, 0, 0, 0
121696, 1, 0, 0, 0, 1, 0
121697, 0, 1, 1, 0, 0, 0
121698, 1, 0, 0, 0, 1, 0
121699, 1, 0, 0, 0, 1, 0
121700, 2, 1, 1, 0, 1, 1
121945, 1, 1, 0, 1, 1, 0
121701, 1, 0, 0, 0, 1, 0
121704, 1, 0, 0, 0, 1, 0
121705, 1, 0, 0, 0, 1, 0
121706, 1, 0, 0, 0, 1, 0
121707, 1, 0, 0, 0, 1, 0
121708, 4, 2, 2, 0, 4, 0
123309, 0, 2, 2, 0, 0, 0
123657, 0, 2, 2, 0, 0, 0
121709, 5, 0, 0, 0, 5, 0
122721, 2, 1, 1, 0, 2, 0
123033, 3, 2, 2, 0, 3, 0
124638, 1, 1, 1, 0, 1, 0
124779, 0, 1, 1, 0, 0, 0
125079, 0, 1, 1, 0, 0, 0
125377, 3, 1, 1, 0, 3, 0
121712, 1, 0, 0, 0, 1, 0
121713, 0, 1, 1, 0, 0, 0
121714, 1, 0, 0, 0, 1, 0
121715, 0, 1, 1, 0, 0, 0
121717, 6, 0, 0, 0, 6, 0
121776, 0, 1, 1, 0, 0, 0
121718, 1, 0, 0, 0, 1, 0
121719, 1, 0, 0, 0, 1, 0
121721, 2, 0, 0, 0, 2, 0
121722, 2, 0, 0, 0, 1, 1
121724, 1, 0, 0, 0, 1, 0
126013, 3, 3, 3, 0, 3, 0
126867, 1, 1, 1, 0, 1, 0
121729, 1, 0, 0, 0, 1, 0
121732, 1, 0, 0, 0, 1, 0
121734, 1, 0, 0, 0, 1, 0
121735, 2, 0, 0, 0, 0, 2
121737, 2, 0, 0, 0, 2, 0
121738, 1, 0, 0, 0, 0, 1
121740, 2, 0, 0, 0, 2, 0
121742, 1, 0, 0, 0, 0, 1
121743, 2, 1, 1, 0, 2, 0
121744, 2, 0, 0, 0, 2, 0
121747, 1, 0, 0, 0, 1, 0
121748, 1, 0, 0, 0, 1, 0
121749, 0, 1, 1, 0, 0, 0
121751, 1, 1, 1, 0, 1, 0
121752, 4, 1, 1, 0, 4, 0
121753, 1, 0, 0, 0, 1, 0
121754, 0, 1, 1, 0, 0, 0
121757, 1, 0, 0, 0, 1, 0
121758, 4, 0, 0, 0, 4, 0
121759, 1, 0, 0, 0, 0, 1
121761, 1, 0, 0, 0, 1, 0
121762, 1, 0, 0, 0, 1, 0
121763, 1, 0, 0, 0, 1, 0
121764, 1, 0, 0, 0, 1, 0
121765, 6, 0, 0, 0, 6, 0
121766, 1, 0, 0, 0, 0, 1
121768, 1, 0, 0, 0, 1, 0
121769, 1, 0, 0, 0, 1, 0
121770, 1, 0, 0, 0, 1, 0
121771, 0, 1, 1, 0, 0, 0
121772, 2, 0, 0, 0, 2, 0
121774, 1, 0, 0, 0, 1, 0
121775, 0, 1, 1, 0, 0, 0
121778, 1, 0, 0, 0, 1, 0
121779, 1, 0, 0, 0, 1, 0
121781, 1, 0, 0, 0, 1, 0
121783, 2, 0, 0, 0, 2, 0
121785, 1, 0, 0, 0, 1, 0
121786, 0, 2, 2, 0, 0, 0
121787, 2, 1, 1, 0, 2, 0
121789, 1, 0, 0, 0, 1, 0
121790, 3, 0, 0, 0, 3, 0
121791, 0, 1, 1, 0, 0, 0
121792, 1, 0, 0, 0, 0, 1
121796, 4, 0, 0, 0, 3, 1
121798, 1, 0, 0, 0, 1, 0
121800, 1, 0, 0, 0, 1, 0
121801, 0, 2, 2, 0, 0, 0
121802, 1, 0, 0, 0, 1, 0
121803, 1, 0, 0, 0, 1, 0
121804, 0, 1, 1, 0, 0, 0
121807, 2, 0, 0, 0, 1, 1
121808, 0, 1, 1, 0, 0, 0
121809, 1, 0, 0, 0, 1, 0
121810, 1, 0, 0, 0, 1, 0
121811, 0, 1, 1, 0, 0, 0
121813, 3, 0, 0, 0, 3, 0
121814, 1, 0, 0, 0, 1, 0
121815, 1, 0, 0, 0, 1, 0
121816, 6, 0, 0, 0, 6, 0
121818, 1, 0, 0, 0, 1, 0
121819, 1, 2, 2, 0, 1, 0
121820, 1, 0, 0, 0, 1, 0
121821, 0, 1, 1, 0, 0, 0
121822, 1, 0, 0, 0, 1, 0
121823, 0, 1, 1, 0, 0, 0
121825, 1, 0, 0, 0, 1, 0
121828, 3, 0, 0, 0, 3, 0
121831, 1, 0, 0, 0, 1, 0
121832, 1, 0, 0, 0, 0, 1
121833, 1, 0, 0, 0, 1, 0
121834, 0, 1, 1, 0, 0, 0
121835, 1, 1, 1, 0, 1, 0
121836, 1, 0, 0, 0, 1, 0
121839, 1, 0, 0, 0, 1, 0
121840, 1, 0, 0, 0, 1, 0
121841, 0, 1, 1, 0, 0, 0
121844, 1, 0, 0, 0, 1, 0
121847, 2, 0, 0, 0, 2, 0
121853, 1, 0, 0, 0, 1, 0
121858, 4, 0, 0, 0, 4, 0
121859, 0, 1, 1, 0, 0, 0
121860, 1, 0, 0, 0, 1, 0
121861, 1, 0, 0, 0, 1, 0
121862, 1, 0, 0, 0, 1, 0
121864, 1, 0, 0, 0, 1, 0
122646, 0, 1, 0, 1, 0, 0
122877, 0, 1, 0, 1, 0, 0
123170, 0, 1, 0, 1, 0, 0
123204, 0, 1, 0, 1, 0, 0
123208, 0, 1, 0, 1, 0, 0
123382, 0, 1, 0, 1, 0, 0
124795, 0, 1, 0, 1, 0, 0
126641, 0, 1, 0, 1, 0, 0
129393, 0, 1, 0, 1, 0, 0
121866, 2, 2, 2, 0, 2, 0
121867, 3, 2, 2, 0, 3, 0
121966, 2, 2, 2, 0, 2, 0
121868, 1, 0, 0, 0, 1, 0
121869, 1, 0, 0, 0, 1, 0
121870, 0, 1, 1, 0, 0, 0
121871, 1, 0, 0, 0, 1, 0
121872, 1, 0, 0, 0, 1, 0
121873, 2, 0, 0, 0, 2, 0
121875, 1, 0, 0, 0, 0, 1
121876, 0, 1, 0, 1, 0, 0
121877, 1, 0, 0, 0, 1, 0
121878, 8, 1, 0, 1, 8, 0
121909, 0, 1, 1, 0, 0, 0
121879, 1, 0, 0, 0, 1, 0
121881, 3, 1, 1, 0, 3, 0
121917, 1, 1, 1, 0, 1, 0
121882, 1, 0, 0, 0, 1, 0
121884, 4, 0, 0, 0, 4, 0
121885, 0, 1, 1, 0, 0, 0
121886, 1, 1, 1, 0, 1, 0
121887, 1, 0, 0, 0, 1, 0
122004, 0, 1, 1, 0, 0, 0
121889, 1, 0, 0, 0, 0, 1
121890, 1, 2, 0, 2, 1, 0
121892, 1, 1, 1, 0, 1, 0
121894, 1, 0, 0, 0, 1, 0
121895, 1, 0, 0, 0, 1, 0
121896, 2, 0, 0, 0, 2, 0
122076, 0, 1, 1, 0, 0, 0
122193, 0, 1, 1, 0, 0, 0
122369, 24, 1, 1, 0, 24, 0
122425, 2, 1, 1, 0, 2, 0
122450, 15, 1, 1, 0, 15, 0
122772, 32, 1, 1, 0, 30, 2
122884, 0, 1, 1, 0, 0, 0
123663, 7, 2, 2, 0, 7, 0
121898, 1, 0, 0, 0, 1, 0
121899, 1, 0, 0, 0, 0, 1
121900, 0, 1, 0, 1, 0, 0
121901, 1, 0, 0, 0, 1, 0
121904, 1, 0, 0, 0, 1, 0
121905, 1, 1, 1, 0, 1, 0
121906, 0, 1, 1, 0, 0, 0
121908, 1, 0, 0, 0, 1, 0
121910, 1, 0, 0, 0, 1, 0
121911, 1, 0, 0, 0, 1, 0
121912, 0, 1, 1, 0, 0, 0
121913, 1, 0, 0, 0, 1, 0
121914, 0, 1, 1, 0, 0, 0
121915, 1, 0, 0, 0, 1, 0
121918, 1, 0, 0, 0, 1, 0
121919, 1, 0, 0, 0, 1, 0
121920, 1, 0, 0, 0, 1, 0
121922, 1, 0, 0, 0, 1, 0
121923, 1, 1, 1, 0, 1, 0
121924, 1, 1, 1, 0, 1, 0
121925, 1, 1, 1, 0, 1, 0
121926, 1, 0, 0, 0, 1, 0
121927, 3, 0, 0, 0, 0, 3
121928, 0, 1, 0, 1, 0, 0
121931, 1, 0, 0, 0, 0, 1
121932, 0, 2, 0, 2, 0, 0
121934, 3, 0, 0, 0, 3, 0
121935, 4, 0, 0, 0, 4, 0
121937, 1, 0, 0, 0, 1, 0
121968, 0, 1, 1, 0, 0, 0
121939, 1, 0, 0, 0, 1, 0
121941, 1, 0, 0, 0, 1, 0
121942, 0, 1, 1, 0, 0, 0
121943, 1, 0, 0, 0, 1, 0
121944, 1, 0, 0, 0, 1, 0
121946, 1, 0, 0, 0, 1, 0
121947, 1, 0, 0, 0, 1, 0
121951, 1, 0, 0, 0, 1, 0
121953, 1, 0, 0, 0, 1, 0
121955, 1, 0, 0, 0, 1, 0
121956, 0, 1, 1, 0, 0, 0
121959, 2, 0, 0, 0, 1, 1
121960, 1, 0, 0, 0, 1, 0
121961, 1, 0, 0, 0, 1, 0
121962, 1, 0, 0, 0, 1, 0
121963, 1, 0, 0, 0, 1, 0
121965, 1, 0, 0, 0, 1, 0
121969, 1, 0, 0, 0, 1, 0
121972, 3, 1, 0, 1, 3, 0
121973, 0, 1, 1, 0, 0, 0
122060, 0, 1, 1, 0, 0, 0
121975, 3, 0, 0, 0, 3, 0
121976, 1, 0, 0, 0, 1, 0
121977, 1, 0, 0, 0, 1, 0
121978, 1, 0, 0, 0, 1, 0
121981, 7, 0, 0, 0, 7, 0
121982, 2, 0, 0, 0, 2, 0
121983, 0, 2, 2, 0, 0, 0
121984, 1, 0, 0, 0, 1, 0
121985, 0, 1, 1, 0, 0, 0
121991, 1, 0, 0, 0, 1, 0
121992, 5, 0, 0, 0, 5, 0
121993, 0, 1, 1, 0, 0, 0
121995, 0, 1, 1, 0, 0, 0
121996, 0, 1, 1, 0, 0, 0
121997, 0, 1, 1, 0, 0, 0
122000, 1, 0, 0, 0, 1, 0
122001, 1, 0, 0, 0, 1, 0
122002, 0, 1, 1, 0, 0, 0
122006, 1, 0, 0, 0, 1, 0
122008, 2, 0, 0, 0, 2, 0
122010, 1, 0, 0, 0, 1, 0
122011, 1, 0, 0, 0, 0, 1
122012, 2, 0, 0, 0, 2, 0
122014, 1, 0, 0, 0, 1, 0
122015, 1, 0, 0, 0, 1, 0
122016, 1, 0, 0, 0, 0, 1
122017, 1, 0, 0, 0, 1, 0
122018, 1, 0, 0, 0, 1, 0
122019, 1, 0, 0, 0, 1, 0
122546, 0, 1, 0, 1, 0, 0
122809, 0, 1, 0, 1, 0, 0
125899, 0, 1, 0, 1, 0, 0
122023, 1, 0, 0, 0, 1, 0
122024, 1, 0, 0, 0, 1, 0
122025, 0, 1, 1, 0, 0, 0
122026, 1, 0, 0, 0, 1, 0
122030, 1, 0, 0, 0, 1, 0
122031, 0, 1, 1, 0, 0, 0
122032, 2, 0, 0, 0, 2, 0
122033, 4, 0, 0, 0, 4, 0
122034, 1, 0, 0, 0, 1, 0
122035, 0, 2, 2, 0, 0, 0
122036, 1, 0, 0, 0, 1, 0
122037, 0, 1, 1, 0, 0, 0
122039, 1, 0, 0, 0, 1, 0
122040, 1, 0, 0, 0, 1, 0
122041, 0, 3, 3, 0, 0, 0
122042, 1, 0, 0, 0, 1, 0
122044, 1, 0, 0, 0, 1, 0
122046, 1, 0, 0, 0, 1, 0
122048, 1, 0, 0, 0, 1, 0
122049, 1, 0, 0, 0, 1, 0
122051, 1, 1, 1, 0, 1, 0
122052, 1, 1, 1, 0, 1, 0
122614, 0, 1, 1, 0, 0, 0
122617, 0, 1, 1, 0, 0, 0
129314, 0, 1, 1, 0, 0, 0
129579, 0, 1, 1, 0, 0, 0
129581, 0, 1, 1, 0, 0, 0
129722, 0, 1, 1, 0, 0, 0
130402, 0, 1, 1, 0, 0, 0
122056, 1, 0, 0, 0, 1, 0
122057, 0, 1, 1, 0, 0, 0
122059, 1, 0, 0, 0, 0, 1
122061, 1, 0, 0, 0, 1, 0
122063, 1, 0, 0, 0, 1, 0
122064, 1, 0, 0, 0, 1, 0
122065, 1, 0, 0, 0, 1, 0
122066, 0, 1, 1, 0, 0, 0
122067, 1, 0, 0, 0, 1, 0
122068, 1, 0, 0, 0, 1, 0
122069, 0, 1, 1, 0, 0, 0
122070, 1, 0, 0, 0, 1, 0
122071, 1, 0, 0, 0, 1, 0
122072, 1, 0, 0, 0, 1, 0
122073, 1, 0, 0, 0, 1, 0
122074, 1, 0, 0, 0, 1, 0
122077, 1, 0, 0, 0, 1, 0
122080, 8, 0, 0, 0, 8, 0
122081, 0, 1, 1, 0, 0, 0
122082, 1, 0, 0, 0, 1, 0
122084, 1, 0, 0, 0, 1, 0
122085, 1, 0, 0, 0, 1, 0
122086, 0, 1, 1, 0, 0, 0
127526, 0, 1, 1, 0, 0, 0
127543, 21, 1, 1, 0, 21, 0
122088, 1, 0, 0, 0, 1, 0
122089, 1, 0, 0, 0, 0, 1
122090, 0, 2, 1, 1, 0, 0
122091, 1, 0, 0, 0, 1, 0
122093, 1, 0, 0, 0, 1, 0
122094, 2, 0, 0, 0, 2, 0
122996, 0, 1, 1, 0, 0, 0
122095, 1, 0, 0, 0, 1, 0
122096, 1, 0, 0, 0, 1, 0
122098, 1, 0, 0, 0, 1, 0
122099, 0, 1, 1, 0, 0, 0
122100, 1, 0, 0, 0, 1, 0
122101, 3, 0, 0, 0, 3, 0
122102, 0, 1, 1, 0, 0, 0
122103, 1, 0, 0, 0, 1, 0
122104, 2, 1, 1, 0, 2, 0
124120, 2, 2, 2, 0, 2, 0
122177, 0, 1, 1, 0, 0, 0
122178, 0, 1, 1, 0, 0, 0
122108, 1, 0, 0, 0, 1, 0
122109, 0, 1, 1, 0, 0, 0
122110, 1, 0, 0, 0, 1, 0
122111, 1, 0, 0, 0, 1, 0
122112, 1, 0, 0, 0, 1, 0
122113, 1, 0, 0, 0, 1, 0
122115, 1, 0, 0, 0, 1, 0
122116, 1, 0, 0, 0, 1, 0
122117, 1, 0, 0, 0, 0, 1
122121, 9, 0, 0, 0, 9, 0
122130, 0, 1, 1, 0, 0, 0
122122, 1, 0, 0, 0, 1, 0
122123, 1, 0, 0, 0, 1, 0
122124, 1, 0, 0, 0, 1, 0
122125, 1, 0, 0, 0, 1, 0
122126, 0, 1, 1, 0, 0, 0
122129, 1, 0, 0, 0, 0, 1
122132, 0, 1, 1, 0, 0, 0
122133, 1, 0, 0, 0, 1, 0
122134, 1, 0, 0, 0, 1, 0
122135, 1, 0, 0, 0, 1, 0
122137, 1, 0, 0, 0, 1, 0
122138, 0, 1, 1, 0, 0, 0
122139, 1, 0, 0, 0, 1, 0
122140, 0, 1, 1, 0, 0, 0
122141, 1, 0, 0, 0, 1, 0
123504, 0, 1, 1, 0, 0, 0
127639, 0, 1, 1, 0, 0, 0
122143, 1, 0, 0, 0, 0, 1
122144, 1, 0, 0, 0, 1, 0
122146, 3, 0, 0, 0, 0, 3
122147, 1, 1, 0, 1, 1, 0
122150, 4, 0, 0, 0, 4, 0
122152, 0, 1, 1, 0, 0, 0
122230, 0, 1, 1, 0, 0, 0
122151, 1, 0, 0, 0, 1, 0
122154, 1, 0, 0, 0, 1, 0
122155, 0, 1, 1, 0, 0, 0
122156, 1, 0, 0, 0, 1, 0
122157, 1, 0, 0, 0, 1, 0
122158, 1, 0, 0, 0, 1, 0
122160, 1, 0, 0, 0, 1, 0
122161, 1, 1, 1, 0, 1, 0
122163, 1, 0, 0, 0, 1, 0
122164, 1, 0, 0, 0, 1, 0
122165, 1, 0, 0, 0, 1, 0
122166, 7, 0, 0, 0, 5, 2
122167, 2, 0, 0, 0, 2, 0
122168, 1, 0, 0, 0, 1, 0
122169, 1, 0, 0, 0, 1, 0
122170, 1, 0, 0, 0, 1, 0
122533, 0, 1, 1, 0, 0, 0
123683, 0, 1, 1, 0, 0, 0
127129, 0, 1, 1, 0, 0, 0
127557, 0, 1, 1, 0, 0, 0
128798, 0, 1, 1, 0, 0, 0
122173, 1, 1, 1, 0, 1, 0
122174, 1, 0, 0, 0, 1, 0
122179, 1, 0, 0, 0, 1, 0
122180, 0, 1, 1, 0, 0, 0
122181, 3, 0, 0, 0, 0, 3
130922, 2, 1, 1, 0, 2, 0
122184, 1, 0, 0, 0, 1, 0
122187, 5, 0, 0, 0, 5, 0
122189, 1, 0, 0, 0, 1, 0
122191, 2, 0, 0, 0, 2, 0
122192, 0, 1, 1, 0, 0, 0
125267, 0, 1, 1, 0, 0, 0
122194, 1, 0, 0, 0, 1, 0
122195, 1, 0, 0, 0, 1, 0
122196, 1, 0, 0, 0, 1, 0
122197, 0, 1, 1, 0, 0, 0
122198, 1, 0, 0, 0, 1, 0
122199, 0, 3, 3, 0, 0, 0
122200, 1, 0, 0, 0, 1, 0
122201, 2, 0, 0, 0, 1, 1
122202, 0, 1, 1, 0, 0, 0
122203, 1, 0, 0, 0, 1, 0
122204, 1, 0, 0, 0, 1, 0
122205, 1, 0, 0, 0, 1, 0
122206, 0, 2, 2, 0, 0, 0
122207, 1, 0, 0, 0, 1, 0
122387, 0, 1, 1, 0, 0, 0
122210, 1, 0, 0, 0, 1, 0
122211, 1, 0, 0, 0, 0, 1
122212, 1, 0, 0, 0, 1, 0
122213, 0, 1, 1, 0, 0, 0
122214, 1, 0, 0, 0, 1, 0
122215, 0, 1, 1, 0, 0, 0
122218, 1, 0, 0, 0, 1, 0
122219, 2, 1, 1, 0, 2, 0
122220, 1, 0, 0, 0, 1, 0
122222, 6, 0, 0, 0, 6, 0
122223, 1, 0, 0, 0, 1, 0
122224, 1, 2, 2, 0, 1, 0
122225, 4, 2, 2, 0, 4, 0
129692, 0, 1, 1, 0, 0, 0
122228, 1, 0, 0, 0, 1, 0
122229, 3, 0, 0, 0, 3, 0
122231, 1, 0, 0, 0, 1, 0
122234, 1, 0, 0, 0, 1, 0
122236, 1, 0, 0, 0, 1, 0
122237, 1, 0, 0, 0, 1, 0
122238, 1, 0, 0, 0, 1, 0
122239, 1, 0, 0, 0, 1, 0
122240, 1, 0, 0, 0, 1, 0
122241, 1, 0, 0, 0, 1, 0
122242, 0, 1, 1, 0, 0, 0
122244, 1, 0, 0, 0, 1, 0
122245, 1, 0, 0, 0, 1, 0
122246, 1, 0, 0, 0, 0, 1
122248, 1, 0, 0, 0, 1, 0
122249, 0, 1, 1, 0, 0, 0
122250, 1, 0, 0, 0, 1, 0
122251, 3, 0, 0, 0, 3, 0
122252, 2, 0, 0, 0, 1, 1
122253, 1, 0, 0, 0, 1, 0
122254, 1, 0, 0, 0, 1, 0
122255, 0, 2, 2, 0, 0, 0
122256, 1, 0, 0, 0, 0, 1
122257, 1, 0, 0, 0, 1, 0
130988, 0, 1, 0, 1, 0, 0
122259, 1, 0, 0, 0, 0, 1
131489, 1, 1, 1, 0, 1, 0
122261, 1, 0, 0, 0, 1, 0
122262, 1, 0, 0, 0, 0, 1
122267, 1, 0, 0, 0, 1, 0
122268, 1, 0, 0, 0, 1, 0
122270, 1, 0, 0, 0, 0, 1
122271, 1, 0, 0, 0, 1, 0
122274, 2, 0, 0, 0, 2, 0
122275, 0, 1, 1, 0, 0, 0
122276, 1, 0, 0, 0, 1, 0
122277, 0, 1, 1, 0, 0, 0
122278, 1, 0, 0, 0, 1, 0
122279, 3, 2, 2, 0, 3, 0
122281, 0, 1, 1, 0, 0, 0
122280, 1, 0, 0, 0, 1, 0
122283, 1, 0, 0, 0, 1, 0
122284, 0, 1, 1, 0, 0, 0
122285, 1, 0, 0, 0, 1, 0
122286, 3, 0, 0, 0, 3, 0
122287, 1, 0, 0, 0, 1, 0
122288, 1, 0, 0, 0, 1, 0
122289, 0, 1, 1, 0, 0, 0
122290, 1, 0, 0, 0, 1, 0
122291, 3, 0, 0, 0, 3, 0
122292, 1, 0, 0, 0, 1, 0
122294, 1, 0, 0, 0, 1, 0
122296, 1, 0, 0, 0, 1, 0
122297, 1, 0, 0, 0, 1, 0
122298, 0, 1, 1, 0, 0, 0
122301, 3, 0, 0, 0, 3, 0
122302, 1, 0, 0, 0, 1, 0
122305, 1, 1, 1, 0, 1, 0
122306, 1, 0, 0, 0, 0, 1
122309, 1, 0, 0, 0, 1, 0
122310, 1, 0, 0, 0, 0, 1
122312, 2, 0, 0, 0, 2, 0
122313, 3, 0, 0, 0, 3, 0
122314, 0, 1, 1, 0, 0, 0
122315, 0, 1, 1, 0, 0, 0
122317, 1, 0, 0, 0, 1, 0
122318, 1, 0, 0, 0, 0, 1
122319, 8, 0, 0, 0, 8, 0
122320, 1, 0, 0, 0, 1, 0
122322, 2, 0, 0, 0, 2, 0
122324, 1, 0, 0, 0, 1, 0
122325, 1, 0, 0, 0, 1, 0
122326, 1, 0, 0, 0, 1, 0
122327, 0, 1, 1, 0, 0, 0
122328, 1, 0, 0, 0, 1, 0
122329, 1, 0, 0, 0, 1, 0
122330, 3, 0, 0, 0, 3, 0
122331, 0, 1, 1, 0, 0, 0
122332, 1, 0, 0, 0, 1, 0
122334, 1, 0, 0, 0, 1, 0
122337, 6, 0, 0, 0, 6, 0
124400, 1, 1, 1, 0, 1, 0
130375, 0, 1, 1, 0, 0, 0
122338, 2, 0, 0, 0, 2, 0
122340, 1, 0, 0, 0, 1, 0
122341, 0, 1, 1, 0, 0, 0
122342, 1, 0, 0, 0, 1, 0
122344, 1, 0, 0, 0, 1, 0
122346, 1, 0, 0, 0, 1, 0
122347, 1, 0, 0, 0, 1, 0
122348, 0, 1, 1, 0, 0, 0
122349, 1, 0, 0, 0, 1, 0
122350, 0, 1, 1, 0, 0, 0
122351, 2, 0, 0, 0, 2, 0
122352, 1, 0, 0, 0, 1, 0
122353, 1, 0, 0, 0, 1, 0
122354, 0, 1, 1, 0, 0, 0
122355, 1, 0, 0, 0, 1, 0
122356, 2, 0, 0, 0, 2, 0
122357, 3, 0, 0, 0, 3, 0
122358, 2, 0, 0, 0, 2, 0
122359, 0, 1, 1, 0, 0, 0
122360, 1, 0, 0, 0, 1, 0
122361, 1, 0, 0, 0, 1, 0
122362, 1, 0, 0, 0, 0, 1
122363, 1, 0, 0, 0, 1, 0
122364, 3, 0, 0, 0, 2, 1
122365, 2, 0, 0, 0, 2, 0
122366, 1, 0, 0, 0, 1, 0
122370, 1, 0, 0, 0, 1, 0
122371, 1, 0, 0, 0, 1, 0
122373, 1, 0, 0, 0, 1, 0
122375, 4, 0, 0, 0, 4, 0
122376, 2, 0, 0, 0, 2, 0
122377, 2, 0, 0, 0, 2, 0
122378, 2, 0, 0, 0, 2, 0
122379, 1, 0, 0, 0, 1, 0
122380, 2, 0, 0, 0, 2, 0
122381, 1, 0, 0, 0, 1, 0
122382, 1, 0, 0, 0, 1, 0
122383, 1, 0, 0, 0, 1, 0
122384, 1, 1, 1, 0, 1, 0
122385, 3, 0, 0, 0, 3, 0
122386, 1, 0, 0, 0, 1, 0
122388, 1, 0, 0, 0, 1, 0
122389, 1, 0, 0, 0, 1, 0
122390, 1, 0, 0, 0, 1, 0
122391, 1, 0, 0, 0, 1, 0
122392, 0, 1, 1, 0, 0, 0
122393, 1, 0, 0, 0, 1, 0
122394, 2, 0, 0, 0, 2, 0
122395, 2, 0, 0, 0, 2, 0
122396, 0, 1, 1, 0, 0, 0
122397, 1, 0, 0, 0, 1, 0
122398, 0, 1, 1, 0, 0, 0
122400, 2, 0, 0, 0, 0, 2
122401, 0, 1, 0, 1, 0, 0
122402, 1, 0, 0, 0, 1, 0
122403, 0, 1, 1, 0, 0, 0
122405, 1, 0, 0, 0, 1, 0
122406, 1, 0, 0, 0, 1, 0
122407, 1, 0, 0, 0, 1, 0
122408, 0, 1, 1, 0, 0, 0
122409, 2, 0, 0, 0, 2, 0
122451, 0, 1, 1, 0, 0, 0
122410, 1, 0, 0, 0, 1, 0
122411, 0, 1, 1, 0, 0, 0
122413, 1, 0, 0, 0, 1, 0
122414, 0, 1, 1, 0, 0, 0
122415, 1, 0, 0, 0, 1, 0
122416, 1, 0, 0, 0, 1, 0
122417, 1, 0, 0, 0, 1, 0
122418, 1, 0, 0, 0, 0, 1
122419, 1, 0, 0, 0, 1, 0
122420, 0, 1, 1, 0, 0, 0
122421, 4, 0, 0, 0, 4, 0
122478, 0, 1, 1, 0, 0, 0
122422, 1, 0, 0, 0, 1, 0
122423, 0, 1, 1, 0, 0, 0
122424, 2, 0, 0, 0, 2, 0
122427, 1, 0, 0, 0, 1, 0
122429, 1, 0, 0, 0, 1, 0
122430, 0, 1, 1, 0, 0, 0
122431, 1, 0, 0, 0, 1, 0
122432, 1, 1, 1, 0, 1, 0
122433, 1, 0, 0, 0, 1, 0
122434, 1, 0, 0, 0, 1, 0
122435, 2, 0, 0, 0, 2, 0
122437, 1, 0, 0, 0, 1, 0
122440, 2, 0, 0, 0, 2, 0
122442, 1, 0, 0, 0, 1, 0
122444, 1, 0, 0, 0, 1, 0
122445, 1, 0, 0, 0, 1, 0
122446, 2, 0, 0, 0, 2, 0
122449, 1, 0, 0, 0, 1, 0
122453, 1, 0, 0, 0, 1, 0
122454, 1, 0, 0, 0, 1, 0
122455, 1, 0, 0, 0, 1, 0
122457, 1, 0, 0, 0, 1, 0
122458, 1, 0, 0, 0, 1, 0
122471, 1, 1, 1, 0, 1, 0
122632, 0, 1, 1, 0, 0, 0
122860, 0, 1, 0, 1, 0, 0
122861, 0, 1, 0, 1, 0, 0
122987, 0, 1, 0, 1, 0, 0
124142, 0, 3, 3, 0, 0, 0
122461, 1, 0, 0, 0, 1, 0
122462, 1, 0, 0, 0, 1, 0
122463, 1, 0, 0, 0, 1, 0
122465, 1, 0, 0, 0, 1, 0
122468, 1, 0, 0, 0, 1, 0
122469, 0, 1, 1, 0, 0, 0
122470, 1, 0, 0, 0, 1, 0
122473, 1, 0, 0, 0, 0, 1
123783, 2, 1, 1, 0, 2, 0
123784, 1, 2, 2, 0, 1, 0
122477, 2, 0, 0, 0, 1, 1
123186, 2, 1, 1, 0, 2, 0
122480, 1, 0, 0, 0, 1, 0
122482, 1, 0, 0, 0, 1, 0
122485, 23, 0, 0, 0, 23, 0
122486, 1, 0, 0, 0, 1, 0
122488, 10, 0, 0, 0, 10, 0
122489, 1, 0, 0, 0, 1, 0
122490, 0, 1, 1, 0, 0, 0
122493, 1, 0, 0, 0, 1, 0
122494, 2, 0, 0, 0, 2, 0
122495, 1, 0, 0, 0, 1, 0
122497, 1, 0, 0, 0, 1, 0
122500, 2, 0, 0, 0, 2, 0
122501, 0, 1, 1, 0, 0, 0
122502, 1, 0, 0, 0, 1, 0
122503, 0, 1, 1, 0, 0, 0
122505, 1, 0, 0, 0, 1, 0
122506, 1, 0, 0, 0, 0, 1
122507, 0, 1, 0, 1, 0, 0
122509, 1, 0, 0, 0, 1, 0
122510, 2, 0, 0, 0, 2, 0
122511, 0, 1, 1, 0, 0, 0
122512, 0, 1, 1, 0, 0, 0
122513, 1, 0, 0, 0, 1, 0
122517, 1, 0, 0, 0, 1, 0
122518, 0, 1, 1, 0, 0, 0
122519, 1, 0, 0, 0, 1, 0
122520, 1, 0, 0, 0, 1, 0
122521, 1, 0, 0, 0, 1, 0
122523, 1, 0, 0, 0, 1, 0
122524, 1, 0, 0, 0, 1, 0
122525, 1, 0, 0, 0, 1, 0
122526, 1, 0, 0, 0, 1, 0
122527, 0, 1, 1, 0, 0, 0
122528, 1, 0, 0, 0, 1, 0
122529, 1, 0, 0, 0, 1, 0
124059, 0, 1, 0, 1, 0, 0
122531, 1, 0, 0, 0, 1, 0
122534, 2, 0, 0, 0, 2, 0
122535, 1, 0, 0, 0, 1, 0
122536, 0, 1, 1, 0, 0, 0
122537, 1, 0, 0, 0, 1, 0
122538, 1, 0, 0, 0, 1, 0
122539, 0, 1, 1, 0, 0, 0
122540, 2, 0, 0, 0, 2, 0
122541, 2, 0, 0, 0, 2, 0
122542, 1, 0, 0, 0, 0, 1
122543, 1, 0, 0, 0, 1, 0
122544, 1, 0, 0, 0, 1, 0
122545, 1, 0, 0, 0, 1, 0
122547, 1, 0, 0, 0, 0, 1
122548, 0, 1, 0, 1, 0, 0
122550, 1, 0, 0, 0, 1, 0
122551, 0, 1, 1, 0, 0, 0
122552, 1, 0, 0, 0, 1, 0
122553, 1, 0, 0, 0, 1, 0
122554, 1, 0, 0, 0, 1, 0
122556, 3, 0, 0, 0, 3, 0
122557, 1, 0, 0, 0, 1, 0
122558, 1, 0, 0, 0, 1, 0
122560, 1, 0, 0, 0, 1, 0
122561, 1, 0, 0, 0, 1, 0
122564, 1, 0, 0, 0, 1, 0
122565, 0, 1, 1, 0, 0, 0
122566, 1, 0, 0, 0, 1, 0
122568, 1, 0, 0, 0, 1, 0
122569, 7, 2, 2, 0, 7, 0
122571, 1, 0, 0, 0, 1, 0
122572, 1, 0, 0, 0, 1, 0
122573, 1, 0, 0, 0, 1, 0
122574, 2, 0, 0, 0, 2, 0
122576, 1, 0, 0, 0, 1, 0
122577, 1, 0, 0, 0, 1, 0
122579, 1, 1, 1, 0, 1, 0
122580, 1, 0, 0, 0, 1, 0
122581, 4, 0, 0, 0, 4, 0
122582, 1, 0, 0, 0, 1, 0
122583, 1, 0, 0, 0, 1, 0
122584, 1, 0, 0, 0, 1, 0
122585, 0, 1, 1, 0, 0, 0
122586, 1, 0, 0, 0, 1, 0
122587, 0, 1, 1, 0, 0, 0
122588, 1, 0, 0, 0, 1, 0
122589, 3, 0, 0, 0, 3, 0
122591, 1, 0, 0, 0, 1, 0
122592, 0, 1, 1, 0, 0, 0
122593, 1, 0, 0, 0, 1, 0
122594, 1, 0, 0, 0, 1, 0
122598, 1, 0, 0, 0, 1, 0
122600, 2, 0, 0, 0, 2, 0
122601, 1, 0, 0, 0, 1, 0
122603, 1, 0, 0, 0, 1, 0
122604, 1, 0, 0, 0, 1, 0
122607, 1, 0, 0, 0, 1, 0
122609, 1, 0, 0, 0, 1, 0
122610, 1, 0, 0, 0, 1, 0
122611, 1, 0, 0, 0, 1, 0
122612, 0, 1, 1, 0, 0, 0
122615, 1, 0, 0, 0, 1, 0
122616, 1, 0, 0, 0, 1, 0
122618, 1, 0, 0, 0, 1, 0
122619, 1, 0, 0, 0, 1, 0
122620, 1, 0, 0, 0, 1, 0
122622, 1, 0, 0, 0, 1, 0
122624, 1, 0, 0, 0, 1, 0
122625, 1, 0, 0, 0, 1, 0
123161, 0, 1, 0, 1, 0, 0
122628, 21, 2, 2, 0, 21, 0
122629, 1, 0, 0, 0, 1, 0
122630, 13, 0, 0, 0, 13, 0
122633, 1, 0, 0, 0, 1, 0
122635, 1, 0, 0, 0, 1, 0
122639, 1, 0, 0, 0, 1, 0
122642, 1, 0, 0, 0, 1, 0
122643, 4, 0, 0, 0, 4, 0
122644, 0, 1, 1, 0, 0, 0
122645, 0, 1, 1, 0, 0, 0
122650, 2, 0, 0, 0, 2, 0
122651, 0, 1, 1, 0, 0, 0
122654, 3, 0, 0, 0, 1, 2
122655, 1, 0, 0, 0, 0, 1
122656, 1, 0, 0, 0, 1, 0
122658, 1, 0, 0, 0, 1, 0
122659, 1, 0, 0, 0, 1, 0
122660, 1, 0, 0, 0, 1, 0
122662, 1, 1, 1, 0, 0, 1
122663, 1, 0, 0, 0, 1, 0
122664, 0, 1, 1, 0, 0, 0
122665, 1, 0, 0, 0, 1, 0
122666, 0, 1, 1, 0, 0, 0
122669, 1, 0, 0, 0, 1, 0
122671, 1, 0, 0, 0, 1, 0
122675, 1, 0, 0, 0, 1, 0
122676, 0, 1, 1, 0, 0, 0
122677, 1, 0, 0, 0, 1, 0
122678, 0, 1, 1, 0, 0, 0
122680, 1, 0, 0, 0, 1, 0
122682, 1, 0, 0, 0, 1, 0
122683, 1, 0, 0, 0, 1, 0
122685, 1, 0, 0, 0, 1, 0
122686, 1, 0, 0, 0, 1, 0
122687, 1, 0, 0, 0, 1, 0
122688, 1, 0, 0, 0, 1, 0
122689, 0, 1, 1, 0, 0, 0
122690, 1, 0, 0, 0, 1, 0
122691, 0, 1, 1, 0, 0, 0
122692, 2, 0, 0, 0, 2, 0
122693, 1, 0, 0, 0, 1, 0
122694, 1, 0, 0, 0, 1, 0
122695, 1, 0, 0, 0, 1, 0
122696, 1, 0, 0, 0, 1, 0
122697, 7, 0, 0, 0, 7, 0
122698, 2, 0, 0, 0, 2, 0
122702, 1, 0, 0, 0, 1, 0
122703, 0, 1, 1, 0, 0, 0
122704, 1, 0, 0, 0, 1, 0
122705, 0, 1, 1, 0, 0, 0
122707, 1, 0, 0, 0, 1, 0
122708, 5, 0, 0, 0, 5, 0
122709, 1, 0, 0, 0, 0, 1
122710, 1, 0, 0, 0, 1, 0
122711, 1, 0, 0, 0, 0, 1
122712, 0, 1, 0, 1, 0, 0
122714, 2, 0, 0, 0, 2, 0
122715, 1, 0, 0, 0, 0, 1
122716, 1, 0, 0, 0, 1, 0
122719, 5, 0, 0, 0, 0, 5
122720, 3, 0, 0, 0, 3, 0
122722, 1, 0, 0, 0, 1, 0
122723, 0, 1, 1, 0, 0, 0
122724, 2, 0, 0, 0, 2, 0
122725, 2, 0, 0, 0, 2, 0
122726, 0, 1, 1, 0, 0, 0
122727, 0, 1, 1, 0, 0, 0
122728, 1, 0, 0, 0, 1, 0
122729, 1, 0, 0, 0, 1, 0
122730, 1, 0, 0, 0, 1, 0
122732, 1, 0, 0, 0, 1, 0
122733, 0, 1, 1, 0, 0, 0
123150, 1, 1, 1, 0, 1, 0
122736, 1, 0, 0, 0, 1, 0
122737, 2, 1, 1, 0, 0, 2
122738, 1, 0, 0, 0, 1, 0
122739, 1, 0, 0, 0, 1, 0
122740, 4, 0, 0, 0, 4, 0
122741, 1, 0, 0, 0, 1, 0
122742, 1, 0, 0, 0, 1, 0
122743, 0, 1, 1, 0, 0, 0
122744, 1, 0, 0, 0, 1, 0
122745, 2, 1, 1, 0, 2, 0
122748, 1, 1, 1, 0, 1, 0
122747, 1, 0, 0, 0, 1, 0
122749, 1, 0, 0, 0, 1, 0
122751, 1, 0, 0, 0, 0, 1
122752, 0, 1, 0, 1, 0, 0
122757, 1, 0, 0, 0, 1, 0
122759, 1, 0, 0, 0, 1, 0
122760, 1, 0, 0, 0, 1, 0
122761, 0, 1, 1, 0, 0, 0
122762, 1, 0, 0, 0, 1, 0
122763, 1, 0, 0, 0, 1, 0
122764, 2, 0, 0, 0, 2, 0
122766, 1, 0, 0, 0, 1, 0
122769, 1, 0, 0, 0, 1, 0
122770, 2, 1, 1, 0, 2, 0
122771, 0, 1, 1, 0, 0, 0
122773, 1, 0, 0, 0, 1, 0
122775, 1, 0, 0, 0, 1, 0
122776, 2, 0, 0, 0, 2, 0
122778, 1, 0, 0, 0, 1, 0
122779, 1, 0, 0, 0, 1, 0
122780, 1, 0, 0, 0, 1, 0
122781, 0, 1, 1, 0, 0, 0
122782, 3, 0, 0, 0, 3, 0
122787, 1, 0, 0, 0, 1, 0
122788, 0, 1, 1, 0, 0, 0
122790, 1, 0, 0, 0, 1, 0
122792, 2, 0, 0, 0, 2, 0
122793, 1, 0, 0, 0, 1, 0
122794, 0, 1, 1, 0, 0, 0
122795, 1, 0, 0, 0, 0, 1
122797, 1, 0, 0, 0, 1, 0
122798, 1, 0, 0, 0, 1, 0
122799, 1, 0, 0, 0, 1, 0
122800, 1, 0, 0, 0, 1, 0
122801, 1, 0, 0, 0, 1, 0
122803, 1, 0, 0, 0, 1, 0
122804, 2, 0, 0, 0, 1, 1
122805, 1, 0, 0, 0, 1, 0
122807, 1, 0, 0, 0, 1, 0
122808, 0, 1, 1, 0, 0, 0
122810, 1, 0, 0, 0, 0, 1
122814, 1, 0, 0, 0, 1, 0
122815, 1, 0, 0, 0, 1, 0
122817, 2, 0, 0, 0, 2, 0
122820, 1, 0, 0, 0, 1, 0
122821, 2, 0, 0, 0, 2, 0
122822, 1, 0, 0, 0, 1, 0
122823, 1, 0, 0, 0, 1, 0
122825, 1, 0, 0, 0, 1, 0
122826, 0, 1, 1, 0, 0, 0
122827, 1, 0, 0, 0, 1, 0
122828, 2, 0, 0, 0, 2, 0
122829, 1, 0, 0, 0, 1, 0
122830, 1, 0, 0, 0, 1, 0
122831, 1, 1, 0, 1, 0, 1
122832, 1, 0, 0, 0, 1, 0
122833, 0, 2, 2, 0, 0, 0
122834, 1, 1, 1, 0, 1, 0
122835, 1, 0, 0, 0, 1, 0
122836, 1, 0, 0, 0, 1, 0
122837, 0, 1, 1, 0, 0, 0
122840, 1, 0, 0, 0, 1, 0
122841, 0, 1, 1, 0, 0, 0
122842, 1, 0, 0, 0, 1, 0
122843, 0, 1, 1, 0, 0, 0
122845, 2, 0, 0, 0, 0, 2
122846, 0, 1, 0, 1, 0, 0
122847, 1, 0, 0, 0, 0, 1
122848, 0, 1, 0, 1, 0, 0
122849, 1, 0, 0, 0, 1, 0
122850, 1, 0, 0, 0, 1, 0
122851, 1, 0, 0, 0, 1, 0
122852, 0, 1, 1, 0, 0, 0
122853, 5, 0, 0, 0, 4, 1
126988, 0, 2, 1, 1, 0, 0
122854, 1, 0, 0, 0, 1, 0
122855, 1, 0, 0, 0, 1, 0
122856, 1, 0, 0, 0, 1, 0
122857, 1, 0, 0, 0, 1, 0
122859, 2, 0, 0, 0, 2, 0
122863, 1, 0, 0, 0, 1, 0
122864, 1, 0, 0, 0, 1, 0
122865, 1, 0, 0, 0, 1, 0
122866, 0, 1, 1, 0, 0, 0
122867, 7, 0, 0, 0, 3, 4
122868, 0, 2, 1, 1, 0, 0
122869, 1, 0, 0, 0, 1, 0
122871, 1, 0, 0, 0, 1, 0
122872, 1, 0, 0, 0, 1, 0
122874, 1, 0, 0, 0, 1, 0
122878, 1, 0, 0, 0, 1, 0
122879, 1, 0, 0, 0, 0, 1
122880, 1, 0, 0, 0, 1, 0
122881, 1, 0, 0, 0, 1, 0
122882, 0, 1, 1, 0, 0, 0
122883, 4, 0, 0, 0, 4, 0
122885, 1, 0, 0, 0, 1, 0
122886, 0, 1, 1, 0, 0, 0
122887, 1, 0, 0, 0, 1, 0
122888, 2, 3, 3, 0, 2, 0
122889, 1, 0, 0, 0, 1, 0
122890, 1, 0, 0, 0, 1, 0
122891, 1, 0, 0, 0, 0, 1
122892, 0, 2, 1, 1, 0, 0
122893, 1, 0, 0, 0, 1, 0
122894, 0, 2, 2, 0, 0, 0
122895, 1, 0, 0, 0, 1, 0
122896, 0, 1, 1, 0, 0, 0
122898, 1, 0, 0, 0, 0, 1
122900, 1, 0, 0, 0, 1, 0
122901, 1, 0, 0, 0, 1, 0
122903, 1, 0, 0, 0, 1, 0
122904, 0, 2, 2, 0, 0, 0
122905, 1, 0, 0, 0, 1, 0
122906, 1, 0, 0, 0, 1, 0
122907, 3, 0, 0, 0, 3, 0
122908, 0, 1, 1, 0, 0, 0
123360, 0, 1, 1, 0, 0, 0
123674, 0, 1, 1, 0, 0, 0
122909, 1, 0, 0, 0, 1, 0
122911, 1, 0, 0, 0, 1, 0
122912, 0, 1, 1, 0, 0, 0
122913, 1, 0, 0, 0, 1, 0
122914, 1, 0, 0, 0, 1, 0
122915, 1, 0, 0, 0, 1, 0
122916, 0, 1, 1, 0, 0, 0
122918, 1, 1, 1, 0, 1, 0
122920, 2, 0, 0, 0, 2, 0
122921, 1, 0, 0, 0, 1, 0
122922, 0, 1, 1, 0, 0, 0
122923, 1, 0, 0, 0, 1, 0
122924, 0, 1, 1, 0, 0, 0
122926, 2, 0, 0, 0, 2, 0
122927, 0, 1, 1, 0, 0, 0
122929, 1, 0, 0, 0, 0, 1
122930, 0, 1, 0, 1, 0, 0
122931, 1, 0, 0, 0, 1, 0
122932, 1, 0, 0, 0, 1, 0
122933, 1, 0, 0, 0, 1, 0
122934, 1, 0, 0, 0, 1, 0
122935, 1, 0, 0, 0, 1, 0
122936, 1, 0, 0, 0, 1, 0
122937, 1, 0, 0, 0, 1, 0
122939, 1, 0, 0, 0, 1, 0
122940, 0, 1, 1, 0, 0, 0
122941, 1, 0, 0, 0, 1, 0
122942, 1, 0, 0, 0, 1, 0
122944, 4, 0, 0, 0, 4, 0
122945, 1, 0, 0, 0, 1, 0
122946, 1, 0, 0, 0, 0, 1
122947, 1, 0, 0, 0, 0, 1
122948, 0, 1, 0, 1, 0, 0
122950, 1, 0, 0, 0, 1, 0
122954, 1, 0, 0, 0, 1, 0
122955, 1, 0, 0, 0, 1, 0
122956, 1, 0, 0, 0, 0, 1
122958, 1, 0, 0, 0, 1, 0
122959, 6, 0, 0, 0, 6, 0
122960, 14, 1, 1, 0, 13, 1
122961, 1, 1, 0, 1, 1, 0
122962, 1, 0, 0, 0, 1, 0
122963, 3, 0, 0, 0, 3, 0
122964, 3, 0, 0, 0, 3, 0
123069, 0, 1, 1, 0, 0, 0
122965, 2, 0, 0, 0, 2, 0
122966, 1, 0, 0, 0, 0, 1
122968, 1, 0, 0, 0, 1, 0
122969, 1, 0, 0, 0, 1, 0
122971, 1, 0, 0, 0, 1, 0
122972, 0, 1, 1, 0, 0, 0
122973, 1, 0, 0, 0, 1, 0
122977, 1, 0, 0, 0, 1, 0
122978, 0, 1, 1, 0, 0, 0
122980, 1, 0, 0, 0, 1, 0
122981, 1, 0, 0, 0, 1, 0
122982, 1, 0, 0, 0, 1, 0
122983, 1, 0, 0, 0, 1, 0
122984, 3, 0, 0, 0, 0, 3
122985, 0, 1, 0, 1, 0, 0
122986, 1, 0, 0, 0, 1, 0
122988, 1, 0, 0, 0, 1, 0
122989, 1, 0, 0, 0, 1, 0
122990, 1, 0, 0, 0, 1, 0
122991, 1, 0, 0, 0, 1, 0
122994, 1, 0, 0, 0, 1, 0
122995, 0, 1, 1, 0, 0, 0
122998, 1, 0, 0, 0, 1, 0
122999, 1, 1, 0, 1, 1, 0
123002, 2, 2, 2, 0, 2, 0
124213, 1, 3, 3, 0, 1, 0
126723, 0, 1, 1, 0, 0, 0
123004, 1, 0, 0, 0, 1, 0
123005, 0, 1, 1, 0, 0, 0
123006, 1, 0, 0, 0, 1, 0
123007, 1, 0, 0, 0, 0, 1
123008, 0, 1, 0, 1, 0, 0
123009, 1, 0, 0, 0, 1, 0
123010, 1, 0, 0, 0, 1, 0
123011, 0, 1, 1, 0, 0, 0
123012, 2, 0, 0, 0, 2, 0
123013, 1, 0, 0, 0, 1, 0
123014, 1, 0, 0, 0, 1, 0
123015, 2, 0, 0, 0, 1, 1
123016, 0, 2, 2, 0, 0, 0
123017, 2, 0, 0, 0, 2, 0
123019, 3, 0, 0, 0, 2, 1
123021, 1, 0, 0, 0, 1, 0
123022, 1, 0, 0, 0, 1, 0
123027, 0, 1, 1, 0, 0, 0
123024, 1, 0, 0, 0, 1, 0
123025, 1, 0, 0, 0, 1, 0
123028, 1, 0, 0, 0, 0, 1
123029, 1, 0, 0, 0, 1, 0
123030, 2, 0, 0, 0, 2, 0
123031, 1, 0, 0, 0, 0, 1
123032, 6, 0, 0, 0, 6, 0
125945, 0, 1, 1, 0, 0, 0
126858, 0, 2, 2, 0, 0, 0
127966, 0, 1, 1, 0, 0, 0
123034, 1, 0, 0, 0, 1, 0
123035, 1, 0, 0, 0, 1, 0
123584, 0, 1, 1, 0, 0, 0
123037, 1, 0, 0, 0, 0, 1
123038, 2, 0, 0, 0, 2, 0
123039, 1, 0, 0, 0, 1, 0
123040, 1, 0, 0, 0, 1, 0
123043, 1, 0, 0, 0, 1, 0
123047, 1, 0, 0, 0, 1, 0
123768, 0, 1, 1, 0, 0, 0
123049, 1, 0, 0, 0, 1, 0
123050, 2, 0, 0, 0, 2, 0
123051, 1, 0, 0, 0, 1, 0
123052, 1, 0, 0, 0, 1, 0
123053, 11, 0, 0, 0, 8, 3
123054, 0, 1, 0, 1, 0, 0
123076, 0, 1, 0, 1, 0, 0
123055, 1, 0, 0, 0, 1, 0
123056, 1, 1, 1, 0, 1, 0
123058, 1, 0, 0, 0, 0, 1
123059, 0, 2, 0, 2, 0, 0
123060, 1, 0, 0, 0, 1, 0
123061, 0, 1, 1, 0, 0, 0
123062, 1, 1, 1, 0, 1, 0
123063, 0, 1, 1, 0, 0, 0
123065, 1, 0, 0, 0, 1, 0
123066, 1, 0, 0, 0, 1, 0
123067, 1, 0, 0, 0, 1, 0
123068, 1, 0, 0, 0, 1, 0
123071, 1, 0, 0, 0, 0, 1
123072, 1, 1, 1, 0, 1, 0
123073, 1, 0, 0, 0, 1, 0
123074, 1, 0, 0, 0, 1, 0
123075, 1, 0, 0, 0, 1, 0
123077, 1, 0, 0, 0, 1, 0
123078, 6, 0, 0, 0, 6, 0
123079, 1, 0, 0, 0, 1, 0
123081, 1, 0, 0, 0, 1, 0
123082, 1, 0, 0, 0, 0, 1
123084, 3, 0, 0, 0, 3, 0
123142, 0, 2, 2, 0, 0, 0
123086, 1, 0, 0, 0, 1, 0
123087, 2, 0, 0, 0, 2, 0
131536, 0, 1, 1, 0, 0, 0
123090, 1, 0, 0, 0, 1, 0
123091, 1, 0, 0, 0, 1, 0
123198, 0, 1, 0, 1, 0, 0
123097, 1, 0, 0, 0, 1, 0
123098, 1, 0, 0, 0, 1, 0
123099, 2, 0, 0, 0, 2, 0
123101, 1, 0, 0, 0, 1, 0
123103, 1, 0, 0, 0, 1, 0
123104, 0, 1, 1, 0, 0, 0
123105, 2, 0, 0, 0, 1, 1
123106, 0, 1, 1, 0, 0, 0
123107, 5, 0, 0, 0, 5, 0
123108, 1, 1, 1, 0, 1, 0
123109, 0, 1, 1, 0, 0, 0
123110, 1, 0, 0, 0, 1, 0
123111, 1, 0, 0, 0, 1, 0
123112, 0, 1, 1, 0, 0, 0
123113, 2, 0, 0, 0, 0, 2
123115, 1, 0, 0, 0, 1, 0
123116, 0, 1, 1, 0, 0, 0
123117, 1, 0, 0, 0, 1, 0
123118, 1, 0, 0, 0, 1, 0
123119, 1, 0, 0, 0, 0, 1
123120, 0, 1, 0, 1, 0, 0
123121, 1, 0, 0, 0, 1, 0
123123, 1, 0, 0, 0, 1, 0
123124, 2, 0, 0, 0, 2, 0
123125, 1, 0, 0, 0, 1, 0
123126, 2, 0, 0, 0, 2, 0
123128, 3, 0, 0, 0, 3, 0
123129, 1, 0, 0, 0, 1, 0
123130, 1, 0, 0, 0, 1, 0
123131, 1, 0, 0, 0, 1, 0
123132, 0, 2, 2, 0, 0, 0
123136, 2, 0, 0, 0, 2, 0
123138, 1, 0, 0, 0, 1, 0
123139, 0, 1, 1, 0, 0, 0
123140, 1, 0, 0, 0, 1, 0
123143, 1, 0, 0, 0, 1, 0
123144, 1, 0, 0, 0, 1, 0
123145, 1, 0, 0, 0, 1, 0
123146, 0, 1, 1, 0, 0, 0
123147, 1, 1, 1, 0, 1, 0
123148, 4, 0, 0, 0, 4, 0
123151, 1, 0, 0, 0, 1, 0
123152, 1, 0, 0, 0, 1, 0
123154, 1, 0, 0, 0, 1, 0
123155, 1, 0, 0, 0, 1, 0
123159, 1, 0, 0, 0, 1, 0
123160, 1, 0, 0, 0, 1, 0
123163, 1, 0, 0, 0, 1, 0
123164, 2, 0, 0, 0, 2, 0
123165, 0, 1, 1, 0, 0, 0
123166, 1, 0, 0, 0, 1, 0
123167, 0, 1, 1, 0, 0, 0
123168, 1, 0, 0, 0, 1, 0
123172, 1, 0, 0, 0, 1, 0
123173, 1, 0, 0, 0, 1, 0
123174, 0, 1, 1, 0, 0, 0
123175, 1, 0, 0, 0, 1, 0
123177, 1, 0, 0, 0, 1, 0
123178, 6, 0, 0, 0, 5, 1
124258, 0, 1, 1, 0, 0, 0
123180, 3, 0, 0, 0, 3, 0
123182, 1, 0, 0, 0, 1, 0
123183, 1, 0, 0, 0, 0, 1
123188, 1, 0, 0, 0, 1, 0
123189, 2, 0, 0, 0, 2, 0
123190, 1, 0, 0, 0, 1, 0
123194, 6, 0, 0, 0, 6, 0
123195, 0, 1, 1, 0, 0, 0
123199, 1, 0, 0, 0, 1, 0
123200, 0, 1, 1, 0, 0, 0
123202, 1, 0, 0, 0, 1, 0
123205, 1, 0, 0, 0, 1, 0
123206, 1, 0, 0, 0, 1, 0
123207, 0, 2, 2, 0, 0, 0
123209, 1, 0, 0, 0, 1, 0
123210, 1, 0, 0, 0, 1, 0
123211, 1, 0, 0, 0, 1, 0
123212, 0, 1, 1, 0, 0, 0
123213, 1, 0, 0, 0, 0, 1
123214, 1, 0, 0, 0, 1, 0
123215, 0, 1, 1, 0, 0, 0
123216, 1, 0, 0, 0, 1, 0
123217, 0, 1, 1, 0, 0, 0
123222, 1, 0, 0, 0, 1, 0
123223, 2, 1, 1, 0, 2, 0
123224, 1, 0, 0, 0, 0, 1
123225, 1, 0, 0, 0, 1, 0
123226, 1, 0, 0, 0, 1, 0
123227, 1, 0, 0, 0, 1, 0
123228, 1, 0, 0, 0, 1, 0
123231, 1, 0, 0, 0, 1, 0
123239, 1, 0, 0, 0, 1, 0
123240, 0, 1, 1, 0, 0, 0
123241, 1, 0, 0, 0, 1, 0
123242, 1, 0, 0, 0, 1, 0
123244, 1, 0, 0, 0, 0, 1
123245, 1, 0, 0, 0, 1, 0
123246, 1, 0, 0, 0, 1, 0
123248, 3, 0, 0, 0, 3, 0
123252, 1, 0, 0, 0, 1, 0
123253, 0, 1, 1, 0, 0, 0
123255, 3, 0, 0, 0, 3, 0
123256, 1, 0, 0, 0, 1, 0
123258, 1, 0, 0, 0, 1, 0
123259, 2, 0, 0, 0, 0, 2
123261, 1, 1, 0, 1, 1, 0
123262, 1, 0, 0, 0, 1, 0
123263, 1, 0, 0, 0, 1, 0
123265, 2, 0, 0, 0, 2, 0
123266, 1, 0, 0, 0, 0, 1
123268, 1, 0, 0, 0, 1, 0
123270, 1, 0, 0, 0, 1, 0
123272, 1, 0, 0, 0, 1, 0
123274, 1, 0, 0, 0, 0, 1
123276, 1, 0, 0, 0, 1, 0
123277, 1, 0, 0, 0, 1, 0
123278, 1, 0, 0, 0, 1, 0
123280, 1, 0, 0, 0, 1, 0
123281, 1, 0, 0, 0, 1, 0
123282, 3, 1, 1, 0, 3, 0
123283, 1, 0, 0, 0, 1, 0
123284, 1, 0, 0, 0, 1, 0
123285, 1, 0, 0, 0, 1, 0
123324, 1, 1, 1, 0, 1, 0
123287, 1, 0, 0, 0, 1, 0
123288, 1, 0, 0, 0, 1, 0
123289, 0, 1, 1, 0, 0, 0
123291, 1, 0, 0, 0, 1, 0
123295, 4, 0, 0, 0, 4, 0
123300, 1, 0, 0, 0, 1, 0
123301, 1, 0, 0, 0, 1, 0
123302, 1, 0, 0, 0, 1, 0
123304, 1, 0, 0, 0, 1, 0
123305, 2, 0, 0, 0, 2, 0
123306, 1, 0, 0, 0, 1, 0
123307, 1, 0, 0, 0, 0, 1
123310, 2, 0, 0, 0, 2, 0
123316, 1, 0, 0, 0, 1, 0
123317, 1, 0, 0, 0, 1, 0
123318, 1, 0, 0, 0, 1, 0
123319, 2, 0, 0, 0, 2, 0
123320, 1, 0, 0, 0, 1, 0
123321, 0, 1, 1, 0, 0, 0
123323, 1, 0, 0, 0, 1, 0
123326, 1, 0, 0, 0, 1, 0
123328, 1, 0, 0, 0, 0, 1
123330, 1, 1, 1, 0, 1, 0
123331, 1, 1, 0, 1, 1, 0
123332, 1, 0, 0, 0, 1, 0
123333, 1, 0, 0, 0, 1, 0
123334, 1, 0, 0, 0, 1, 0
123335, 1, 0, 0, 0, 1, 0
123336, 0, 1, 1, 0, 0, 0
123338, 1, 0, 0, 0, 1, 0
123339, 0, 1, 1, 0, 0, 0
123343, 1, 0, 0, 0, 1, 0
123344, 3, 0, 0, 0, 3, 0
123347, 1, 0, 0, 0, 1, 0
123348, 1, 0, 0, 0, 1, 0
123349, 1, 0, 0, 0, 1, 0
123352, 2, 0, 0, 0, 2, 0
123353, 1, 0, 0, 0, 1, 0
123354, 1, 0, 0, 0, 1, 0
123355, 0, 1, 1, 0, 0, 0
123357, 1, 0, 0, 0, 1, 0
123359, 1, 0, 0, 0, 1, 0
123361, 3, 0, 0, 0, 3, 0
123362, 1, 1, 1, 0, 1, 0
123363, 1, 1, 1, 0, 1, 0
123364, 1, 0, 0, 0, 1, 0
123365, 0, 1, 1, 0, 0, 0
123366, 3, 0, 0, 0, 3, 0
123367, 1, 0, 0, 0, 1, 0
123369, 1, 0, 0, 0, 1, 0
123370, 1, 0, 0, 0, 1, 0
123372, 1, 0, 0, 0, 1, 0
123373, 1, 0, 0, 0, 1, 0
123374, 0, 2, 2, 0, 0, 0
123375, 1, 0, 0, 0, 1, 0
123377, 1, 0, 0, 0, 1, 0
123378, 1, 0, 0, 0, 1, 0
123379, 0, 1, 1, 0, 0, 0
123380, 1, 0, 0, 0, 0, 1
123383, 1, 0, 0, 0, 1, 0
123384, 4, 0, 0, 0, 4, 0
123385, 1, 0, 0, 0, 1, 0
123386, 1, 0, 0, 0, 1, 0
123388, 1, 0, 0, 0, 1, 0
123390, 1, 0, 0, 0, 0, 1
123391, 1, 0, 0, 0, 1, 0
123394, 1, 0, 0, 0, 1, 0
123395, 0, 1, 1, 0, 0, 0
123396, 1, 0, 0, 0, 1, 0
123397, 1, 0, 0, 0, 1, 0
123398, 1, 0, 0, 0, 1, 0
123399, 0, 1, 1, 0, 0, 0
123400, 1, 0, 0, 0, 1, 0
123402, 1, 0, 0, 0, 1, 0
123405, 1, 0, 0, 0, 1, 0
123408, 4, 0, 0, 0, 4, 0
130629, 0, 1, 1, 0, 0, 0
130630, 0, 1, 1, 0, 0, 0
123413, 1, 0, 0, 0, 1, 0
123414, 1, 0, 0, 0, 1, 0
123415, 1, 0, 0, 0, 1, 0
123417, 0, 1, 0, 1, 0, 0
126405, 0, 2, 2, 0, 0, 0
131433, 0, 1, 0, 1, 0, 0
123420, 3, 0, 0, 0, 3, 0
123422, 2, 0, 0, 0, 2, 0
123423, 1, 0, 0, 0, 1, 0
123426, 2, 1, 1, 0, 2, 0
123427, 1, 0, 0, 0, 1, 0
123428, 1, 0, 0, 0, 1, 0
123429, 0, 1, 1, 0, 0, 0
123430, 2, 0, 0, 0, 1, 1
123431, 0, 1, 0, 1, 0, 0
123432, 1, 0, 0, 0, 1, 0
123433, 6, 0, 0, 0, 6, 0
123434, 3, 0, 0, 0, 3, 0
123435, 1, 0, 0, 0, 1, 0
123436, 1, 0, 0, 0, 1, 0
123437, 0, 1, 1, 0, 0, 0
123441, 4, 2, 2, 0, 4, 0
123442, 1, 0, 0, 0, 1, 0
123443, 1, 0, 0, 0, 1, 0
123444, 10, 0, 0, 0, 10, 0
123445, 1, 0, 0, 0, 0, 1
123446, 1, 0, 0, 0, 1, 0
123447, 1, 0, 0, 0, 1, 0
123449, 1, 0, 0, 0, 0, 1
123450, 1, 0, 0, 0, 1, 0
123451, 1, 0, 0, 0, 1, 0
123453, 1, 0, 0, 0, 1, 0
123454, 0, 1, 1, 0, 0, 0
123455, 1, 0, 0, 0, 0, 1
123456, 0, 1, 0, 1, 0, 0
123457, 1, 0, 0, 0, 1, 0
123458, 6, 0, 0, 0, 5, 1
123459, 0, 1, 1, 0, 0, 0
123460, 0, 1, 1, 0, 0, 0
123469, 0, 1, 0, 1, 0, 0
123470, 0, 1, 1, 0, 0, 0
123471, 0, 1, 1, 0, 0, 0
123461, 2, 0, 0, 0, 2, 0
123462, 2, 0, 0, 0, 1, 1
123519, 0, 2, 2, 0, 0, 0
123464, 1, 0, 0, 0, 1, 0
123465, 0, 1, 1, 0, 0, 0
123472, 1, 0, 0, 0, 1, 0
123473, 0, 1, 1, 0, 0, 0
127641, 2, 1, 1, 0, 2, 0
123477, 1, 0, 0, 0, 1, 0
123478, 1, 0, 0, 0, 1, 0
123480, 1, 0, 0, 0, 1, 0
123481, 1, 0, 0, 0, 1, 0
123482, 0, 1, 1, 0, 0, 0
123483, 2, 0, 0, 0, 2, 0
123484, 0, 1, 1, 0, 0, 0
123485, 1, 0, 0, 0, 1, 0
123486, 2, 1, 1, 0, 2, 0
123487, 1, 0, 0, 0, 1, 0
123489, 1, 0, 0, 0, 1, 0
123490, 1, 0, 0, 0, 1, 0
123491, 1, 0, 0, 0, 1, 0
123492, 1, 0, 0, 0, 1, 0
123493, 0, 1, 1, 0, 0, 0
123494, 1, 0, 0, 0, 1, 0
123495, 1, 0, 0, 0, 1, 0
123496, 1, 0, 0, 0, 1, 0
123497, 1, 0, 0, 0, 1, 0
123498, 0, 1, 1, 0, 0, 0
123499, 1, 0, 0, 0, 1, 0
123501, 1, 0, 0, 0, 1, 0
123502, 1, 0, 0, 0, 1, 0
123503, 2, 0, 0, 0, 2, 0
123505, 1, 0, 0, 0, 1, 0
123506, 1, 0, 0, 0, 1, 0
123507, 0, 1, 1, 0, 0, 0
123508, 2, 0, 0, 0, 2, 0
123509, 4, 0, 0, 0, 4, 0
123510, 1, 0, 0, 0, 0, 1
123512, 1, 0, 0, 0, 1, 0
123513, 3, 0, 0, 0, 3, 0
123936, 1, 1, 1, 0, 1, 0
123515, 2, 0, 0, 0, 2, 0
123516, 1, 0, 0, 0, 0, 1
123517, 1, 0, 0, 0, 1, 0
123518, 1, 0, 0, 0, 1, 0
123520, 1, 0, 0, 0, 1, 0
123521, 1, 0, 0, 0, 1, 0
123522, 1, 0, 0, 0, 1, 0
123523, 0, 1, 1, 0, 0, 0
123524, 1, 0, 0, 0, 1, 0
123525, 3, 0, 0, 0, 3, 0
123526, 1, 0, 0, 0, 1, 0
123528, 1, 0, 0, 0, 1, 0
123529, 0, 1, 1, 0, 0, 0
123532, 1, 0, 0, 0, 0, 1
123536, 1, 0, 0, 0, 1, 0
123538, 1, 0, 0, 0, 1, 0
123539, 0, 1, 1, 0, 0, 0
123540, 1, 0, 0, 0, 1, 0
123541, 0, 1, 1, 0, 0, 0
123542, 1, 0, 0, 0, 1, 0
123543, 0, 1, 1, 0, 0, 0
123544, 1, 0, 0, 0, 0, 1
123545, 1, 0, 0, 0, 1, 0
123547, 1, 0, 0, 0, 1, 0
123548, 0, 1, 1, 0, 0, 0
123550, 1, 0, 0, 0, 0, 1
123551, 0, 1, 0, 1, 0, 0
123557, 4, 0, 0, 0, 4, 0
123558, 2, 1, 0, 1, 0, 2
123562, 0, 1, 1, 0, 0, 0
123563, 0, 1, 1, 0, 0, 0
123664, 0, 1, 1, 0, 0, 0
123908, 0, 1, 1, 0, 0, 0
123560, 1, 0, 0, 0, 0, 1
123571, 0, 1, 0, 1, 0, 0
123565, 1, 0, 0, 0, 1, 0
123567, 1, 0, 0, 0, 1, 0
123568, 0, 1, 1, 0, 0, 0
123569, 1, 0, 0, 0, 1, 0
123570, 1, 0, 0, 0, 1, 0
123572, 1, 0, 0, 0, 1, 0
123573, 0, 1, 1, 0, 0, 0
123574, 1, 0, 0, 0, 1, 0
123575, 0, 1, 1, 0, 0, 0
123576, 3, 0, 0, 0, 3, 0
123578, 0, 1, 1, 0, 0, 0
123577, 1, 1, 0, 1, 1, 0
123579, 1, 0, 0, 0, 1, 0
123580, 1, 0, 0, 0, 1, 0
123581, 2, 0, 0, 0, 2, 0
123582, 0, 1, 1, 0, 0, 0
123583, 1, 0, 0, 0, 1, 0
123585, 1, 0, 0, 0, 1, 0
123586, 1, 0, 0, 0, 1, 0
123587, 0, 1, 1, 0, 0, 0
123588, 1, 0, 0, 0, 1, 0
123589, 2, 0, 0, 0, 0, 2
123590, 1, 0, 0, 0, 1, 0
123591, 0, 1, 1, 0, 0, 0
123592, 1, 0, 0, 0, 1, 0
123593, 1, 1, 1, 0, 1, 0
123594, 1, 0, 0, 0, 1, 0
123595, 0, 1, 1, 0, 0, 0
123596, 2, 0, 0, 0, 2, 0
123597, 1, 0, 0, 0, 1, 0
123599, 1, 0, 0, 0, 0, 1
123600, 0, 1, 0, 1, 0, 0
123601, 1, 0, 0, 0, 1, 0
123602, 0, 1, 1, 0, 0, 0
123604, 1, 0, 0, 0, 1, 0
123605, 1, 0, 0, 0, 1, 0
123606, 0, 1, 1, 0, 0, 0
123609, 8, 1, 1, 0, 7, 1
131473, 1, 1, 1, 0, 1, 0
123610, 1, 0, 0, 0, 1, 0
123611, 1, 0, 0, 0, 1, 0
123612, 0, 1, 1, 0, 0, 0
123613, 1, 0, 0, 0, 1, 0
123614, 0, 1, 1, 0, 0, 0
123615, 1, 0, 0, 0, 1, 0
123616, 1, 0, 0, 0, 1, 0
123617, 0, 2, 2, 0, 0, 0
123618, 1, 0, 0, 0, 1, 0
124105, 0, 1, 0, 1, 0, 0
124108, 0, 1, 0, 1, 0, 0
124109, 0, 1, 0, 1, 0, 0
124110, 0, 1, 0, 1, 0, 0
124206, 0, 1, 0, 1, 0, 0
124304, 0, 1, 0, 1, 0, 0
124473, 0, 2, 1, 1, 0, 0
124483, 0, 1, 0, 1, 0, 0
124513, 0, 1, 0, 1, 0, 0
123622, 1, 1, 1, 0, 1, 0
123623, 6, 0, 0, 0, 5, 1
123624, 0, 2, 1, 1, 0, 0
124052, 0, 2, 2, 0, 0, 0
126454, 0, 1, 1, 0, 0, 0
123625, 3, 0, 0, 0, 3, 0
123626, 1, 0, 0, 0, 1, 0
123627, 3, 0, 0, 0, 3, 0
123628, 1, 0, 0, 0, 1, 0
123629, 3, 0, 0, 0, 3, 0
123630, 1, 0, 0, 0, 0, 1
123631, 1, 0, 0, 0, 1, 0
123632, 1, 0, 0, 0, 0, 1
123634, 1, 0, 0, 0, 1, 0
123636, 1, 0, 0, 0, 1, 0
123640, 1, 0, 0, 0, 1, 0
123641, 1, 0, 0, 0, 1, 0
123642, 1, 0, 0, 0, 1, 0
123643, 1, 0, 0, 0, 1, 0
123644, 0, 1, 1, 0, 0, 0
123645, 4, 0, 0, 0, 0, 4
123646, 1, 0, 0, 0, 0, 1
123647, 1, 0, 0, 0, 1, 0
123649, 1, 0, 0, 0, 1, 0
123650, 1, 1, 1, 0, 1, 0
123651, 2, 1, 1, 0, 2, 0
123654, 1, 0, 0, 0, 1, 0
123655, 1, 0, 0, 0, 1, 0
123658, 1, 0, 0, 0, 1, 0
123659, 1, 0, 0, 0, 1, 0
123661, 1, 0, 0, 0, 1, 0
123662, 2, 1, 1, 0, 2, 0
123696, 0, 1, 1, 0, 0, 0
123666, 1, 0, 0, 0, 1, 0
123667, 1, 0, 0, 0, 1, 0
123669, 1, 0, 0, 0, 1, 0
123670, 2, 0, 0, 0, 1, 1
123671, 2, 0, 0, 0, 2, 0
123672, 1, 0, 0, 0, 1, 0
123673, 4, 1, 1, 0, 4, 0
123678, 1, 0, 0, 0, 1, 0
123679, 0, 1, 1, 0, 0, 0
123680, 1, 0, 0, 0, 1, 0
123681, 0, 1, 1, 0, 0, 0
123684, 2, 0, 0, 0, 2, 0
123686, 1, 0, 0, 0, 1, 0
123687, 0, 1, 1, 0, 0, 0
123688, 3, 0, 0, 0, 3, 0
123689, 1, 0, 0, 0, 1, 0
123690, 1, 0, 0, 0, 1, 0
123691, 1, 0, 0, 0, 1, 0
123692, 1, 0, 0, 0, 1, 0
123693, 1, 0, 0, 0, 1, 0
123694, 0, 1, 1, 0, 0, 0
123695, 1, 0, 0, 0, 1, 0
123697, 2, 0, 0, 0, 2, 0
123699, 1, 0, 0, 0, 1, 0
123701, 1, 0, 0, 0, 1, 0
123703, 1, 0, 0, 0, 1, 0
123704, 1, 1, 1, 0, 1, 0
123705, 1, 1, 1, 0, 1, 0
123706, 1, 0, 0, 0, 0, 1
123707, 1, 0, 0, 0, 1, 0
123708, 1, 0, 0, 0, 1, 0
123711, 1, 0, 0, 0, 0, 1
123714, 1, 1, 1, 0, 1, 0
123715, 4, 1, 1, 0, 2, 2
130346, 0, 1, 0, 1, 0, 0
123716, 1, 0, 0, 0, 1, 0
123718, 1, 0, 0, 0, 1, 0
123719, 1, 1, 1, 0, 1, 0
123720, 1, 1, 1, 0, 1, 0
123721, 1, 0, 0, 0, 1, 0
123722, 0, 1, 1, 0, 0, 0
123723, 4, 1, 1, 0, 3, 1
123724, 1, 0, 0, 0, 1, 0
123725, 2, 0, 0, 0, 1, 1
123726, 2, 0, 0, 0, 2, 0
123728, 1, 0, 0, 0, 1, 0
123729, 1, 0, 0, 0, 1, 0
123730, 1, 2, 1, 1, 1, 0
123731, 1, 0, 0, 0, 0, 1
123736, 1, 0, 0, 0, 1, 0
123737, 0, 2, 2, 0, 0, 0
123738, 1, 0, 0, 0, 1, 0
123739, 1, 0, 0, 0, 1, 0
123741, 1, 0, 0, 0, 1, 0
123743, 1, 0, 0, 0, 1, 0
123744, 2, 0, 0, 0, 2, 0
123746, 1, 0, 0, 0, 1, 0
123748, 1, 0, 0, 0, 1, 0
124474, 0, 1, 1, 0, 0, 0
125198, 0, 1, 1, 0, 0, 0
123751, 1, 0, 0, 0, 1, 0
123752, 1, 0, 0, 0, 1, 0
123753, 1, 0, 0, 0, 1, 0
123754, 1, 0, 0, 0, 1, 0
126037, 1, 1, 0, 1, 1, 0
123757, 1, 0, 0, 0, 1, 0
123758, 0, 1, 1, 0, 0, 0
123760, 1, 0, 0, 0, 1, 0
123761, 1, 0, 0, 0, 1, 0
123762, 1, 1, 1, 0, 1, 0
123763, 1, 0, 0, 0, 1, 0
123765, 1, 0, 0, 0, 1, 0
123766, 0, 2, 2, 0, 0, 0
123767, 1, 0, 0, 0, 1, 0
123769, 1, 0, 0, 0, 1, 0
123770, 0, 1, 1, 0, 0, 0
123771, 1, 0, 0, 0, 0, 1
123772, 1, 0, 0, 0, 1, 0
123774, 2, 0, 0, 0, 2, 0
123775, 2, 0, 0, 0, 2, 0
123776, 1, 0, 0, 0, 1, 0
123777, 1, 0, 0, 0, 1, 0
123778, 1, 0, 0, 0, 1, 0
123779, 0, 1, 1, 0, 0, 0
123780, 1, 0, 0, 0, 1, 0
123781, 1, 0, 0, 0, 1, 0
123786, 2, 0, 0, 0, 2, 0
123787, 1, 0, 0, 0, 1, 0
123788, 0, 1, 1, 0, 0, 0
123789, 1, 0, 0, 0, 1, 0
123791, 1, 0, 0, 0, 1, 0
123792, 0, 1, 1, 0, 0, 0
123793, 1, 0, 0, 0, 1, 0
123794, 1, 0, 0, 0, 1, 0
123795, 1, 0, 0, 0, 1, 0
123796, 1, 0, 0, 0, 1, 0
123797, 1, 0, 0, 0, 1, 0
123798, 1, 0, 0, 0, 1, 0
123799, 0, 1, 1, 0, 0, 0
123800, 1, 0, 0, 0, 1, 0
123801, 1, 0, 0, 0, 1, 0
123802, 1, 0, 0, 0, 1, 0
123803, 1, 0, 0, 0, 1, 0
123804, 3, 0, 0, 0, 3, 0
123805, 1, 0, 0, 0, 1, 0
123806, 1, 0, 0, 0, 0, 1
123807, 0, 1, 0, 1, 0, 0
123808, 1, 0, 0, 0, 1, 0
123811, 1, 0, 0, 0, 1, 0
123812, 1, 0, 0, 0, 1, 0
123814, 1, 0, 0, 0, 1, 0
123815, 1, 0, 0, 0, 1, 0
123816, 0, 1, 1, 0, 0, 0
123817, 1, 0, 0, 0, 1, 0
123818, 1, 0, 0, 0, 1, 0
123820, 1, 0, 0, 0, 1, 0
123822, 1, 0, 0, 0, 1, 0
123823, 2, 0, 0, 0, 1, 1
123824, 3, 0, 0, 0, 3, 0
123825, 0, 1, 1, 0, 0, 0
123826, 1, 0, 0, 0, 1, 0
123827, 0, 1, 1, 0, 0, 0
123828, 1, 0, 0, 0, 1, 0
123830, 1, 0, 0, 0, 0, 1
123831, 1, 0, 0, 0, 1, 0
123832, 1, 0, 0, 0, 1, 0
123834, 1, 1, 0, 1, 1, 0
123836, 1, 0, 0, 0, 1, 0
123837, 0, 2, 2, 0, 0, 0
123839, 1, 0, 0, 0, 1, 0
123840, 1, 1, 1, 0, 1, 0
123842, 1, 0, 0, 0, 1, 0
123843, 1, 0, 0, 0, 1, 0
123844, 1, 0, 0, 0, 1, 0
123845, 0, 1, 1, 0, 0, 0
123846, 1, 0, 0, 0, 1, 0
123847, 1, 0, 0, 0, 1, 0
123849, 1, 0, 0, 0, 1, 0
123850, 2, 0, 0, 0, 2, 0
123851, 0, 1, 1, 0, 0, 0
123852, 1, 0, 0, 0, 1, 0
123854, 1, 0, 0, 0, 1, 0
123855, 1, 0, 0, 0, 1, 0
123856, 2, 0, 0, 0, 2, 0
123858, 1, 0, 0, 0, 1, 0
123860, 1, 0, 0, 0, 1, 0
123861, 0, 1, 1, 0, 0, 0
123864, 1, 0, 0, 0, 1, 0
123865, 0, 1, 1, 0, 0, 0
123866, 1, 0, 0, 0, 1, 0
123867, 1, 0, 0, 0, 1, 0
123868, 1, 0, 0, 0, 1, 0
123869, 1, 0, 0, 0, 1, 0
123870, 1, 0, 0, 0, 1, 0
123871, 0, 1, 1, 0, 0, 0
123872, 1, 0, 0, 0, 1, 0
123874, 1, 0, 0, 0, 1, 0
123875, 2, 0, 0, 0, 2, 0
123877, 1, 0, 0, 0, 1, 0
123878, 0, 1, 1, 0, 0, 0
123879, 1, 1, 1, 0, 1, 0
123880, 1, 0, 0, 0, 1, 0
123881, 1, 0, 0, 0, 1, 0
123882, 0, 1, 1, 0, 0, 0
123884, 0, 1, 1, 0, 0, 0
123885, 0, 1, 1, 0, 0, 0
123886, 4, 0, 0, 0, 4, 0
123887, 0, 1, 1, 0, 0, 0
123888, 0, 1, 1, 0, 0, 0
123889, 1, 0, 0, 0, 1, 0
123890, 1, 0, 0, 0, 1, 0
123891, 4, 0, 0, 0, 4, 0
123892, 0, 1, 1, 0, 0, 0
123896, 1, 0, 0, 0, 1, 0
123897, 1, 0, 0, 0, 1, 0
123898, 1, 0, 0, 0, 1, 0
123899, 1, 0, 0, 0, 1, 0
123900, 1, 0, 0, 0, 1, 0
123902, 2, 0, 0, 0, 2, 0
123904, 1, 0, 0, 0, 1, 0
123905, 1, 0, 0, 0, 1, 0
123906, 0, 1, 1, 0, 0, 0
123909, 4, 0, 0, 0, 4, 0
123910, 1, 0, 0, 0, 1, 0
123912, 1, 0, 0, 0, 1, 0
123913, 1, 0, 0, 0, 1, 0
123914, 1, 0, 0, 0, 1, 0
124667, 5, 1, 1, 0, 5, 0
123918, 2, 0, 0, 0, 1, 1
123919, 1, 0, 0, 0, 0, 1
123921, 2, 0, 0, 0, 2, 0
123922, 2, 0, 0, 0, 2, 0
123923, 1, 0, 0, 0, 0, 1
123926, 1, 0, 0, 0, 1, 0
123927, 1, 0, 0, 0, 1, 0
123928, 0, 1, 1, 0, 0, 0
126761, 0, 1, 1, 0, 0, 0
123930, 1, 0, 0, 0, 1, 0
123932, 2, 0, 0, 0, 2, 0
123933, 2, 0, 0, 0, 2, 0
123934, 3, 0, 0, 0, 2, 1
123935, 1, 0, 0, 0, 1, 0
123937, 1, 0, 0, 0, 1, 0
125293, 0, 1, 0, 1, 0, 0
123939, 1, 0, 0, 0, 1, 0
123940, 1, 0, 0, 0, 1, 0
123943, 1, 0, 0, 0, 1, 0
123944, 1, 0, 0, 0, 0, 1
123945, 0, 1, 0, 1, 0, 0
123948, 1, 0, 0, 0, 1, 0
123949, 1, 0, 0, 0, 1, 0
123950, 1, 0, 0, 0, 1, 0
123951, 1, 0, 0, 0, 1, 0
123952, 0, 1, 1, 0, 0, 0
123953, 1, 1, 1, 0, 1, 0
123954, 1, 0, 0, 0, 1, 0
123955, 1, 0, 0, 0, 0, 1
123956, 0, 1, 0, 1, 0, 0
123957, 5, 0, 0, 0, 5, 0
123958, 0, 1, 1, 0, 0, 0
124126, 0, 1, 1, 0, 0, 0
127015, 1, 1, 1, 0, 1, 0
127138, 0, 1, 1, 0, 0, 0
123960, 1, 0, 0, 0, 0, 1
123961, 1, 0, 0, 0, 1, 0
123962, 0, 1, 1, 0, 0, 0
123966, 1, 0, 0, 0, 1, 0
123968, 1, 0, 0, 0, 1, 0
123969, 1, 0, 0, 0, 1, 0
123970, 0, 1, 1, 0, 0, 0
123971, 1, 0, 0, 0, 1, 0
123973, 1, 0, 0, 0, 1, 0
123974, 1, 0, 0, 0, 1, 0
123975, 1, 0, 0, 0, 1, 0
123976, 1, 0, 0, 0, 1, 0
123977, 1, 0, 0, 0, 1, 0
123978, 0, 1, 1, 0, 0, 0
123979, 1, 0, 0, 0, 0, 1
123980, 1, 0, 0, 0, 1, 0
123981, 0, 1, 1, 0, 0, 0
123983, 1, 0, 0, 0, 1, 0
123984, 0, 1, 1, 0, 0, 0
123985, 2, 0, 0, 0, 2, 0
123986, 0, 1, 1, 0, 0, 0
123989, 0, 1, 1, 0, 0, 0
123987, 1, 0, 0, 0, 1, 0
123990, 1, 0, 0, 0, 1, 0
123991, 1, 0, 0, 0, 1, 0
123992, 1, 0, 0, 0, 1, 0
123993, 1, 0, 0, 0, 1, 0
123994, 1, 0, 0, 0, 1, 0
123995, 1, 0, 0, 0, 1, 0
123996, 1, 0, 0, 0, 1, 0
123998, 1, 0, 0, 0, 0, 1
123999, 1, 0, 0, 0, 1, 0
124000, 2, 0, 0, 0, 2, 0
124003, 1, 0, 0, 0, 1, 0
124004, 1, 0, 0, 0, 1, 0
124005, 0, 1, 1, 0, 0, 0
124007, 1, 0, 0, 0, 1, 0
124008, 0, 1, 1, 0, 0, 0
124009, 2, 0, 0, 0, 2, 0
124011, 1, 0, 0, 0, 0, 1
124012, 1, 0, 0, 0, 1, 0
124013, 1, 0, 0, 0, 1, 0
124014, 1, 0, 0, 0, 1, 0
124016, 1, 0, 0, 0, 1, 0
124018, 1, 0, 0, 0, 1, 0
124020, 1, 0, 0, 0, 1, 0
124021, 1, 0, 0, 0, 1, 0
124023, 1, 0, 0, 0, 1, 0
124024, 0, 1, 1, 0, 0, 0
124025, 1, 0, 0, 0, 0, 1
124026, 3, 0, 0, 0, 2, 1
124959, 0, 1, 1, 0, 0, 0
124028, 1, 0, 0, 0, 1, 0
124029, 1, 0, 0, 0, 1, 0
124030, 14, 0, 0, 0, 14, 0
124031, 1, 0, 0, 0, 1, 0
124032, 1, 0, 0, 0, 1, 0
124034, 1, 0, 0, 0, 1, 0
124036, 1, 0, 0, 0, 1, 0
124037, 1, 0, 0, 0, 1, 0
124038, 1, 0, 0, 0, 1, 0
124039, 0, 1, 1, 0, 0, 0
124041, 1, 0, 0, 0, 1, 0
124043, 1, 0, 0, 0, 1, 0
124044, 5, 0, 0, 0, 5, 0
124045, 1, 0, 0, 0, 1, 0
124047, 1, 0, 0, 0, 0, 1
124048, 3, 0, 0, 0, 2, 1
124049, 0, 1, 1, 0, 0, 0
124399, 0, 1, 1, 0, 0, 0
124050, 1, 0, 0, 0, 1, 0
124051, 0, 1, 1, 0, 0, 0
124053, 1, 0, 0, 0, 0, 1
129427, 0, 1, 1, 0, 0, 0
124056, 1, 0, 0, 0, 1, 0
124058, 1, 0, 0, 0, 1, 0
124061, 1, 0, 0, 0, 1, 0
124062, 1, 0, 0, 0, 1, 0
124064, 1, 0, 0, 0, 1, 0
124065, 1, 0, 0, 0, 1, 0
124067, 1, 0, 0, 0, 1, 0
124068, 1, 0, 0, 0, 1, 0
124073, 1, 0, 0, 0, 1, 0
124074, 1, 0, 0, 0, 1, 0
124075, 1, 0, 0, 0, 1, 0
124076, 1, 0, 0, 0, 1, 0
124077, 1, 0, 0, 0, 1, 0
124079, 1, 0, 0, 0, 1, 0
124080, 2, 0, 0, 0, 2, 0
124083, 6, 0, 0, 0, 6, 0
124084, 3, 0, 0, 0, 3, 0
124086, 1, 0, 0, 0, 0, 1
124087, 0, 1, 0, 1, 0, 0
124088, 1, 0, 0, 0, 1, 0
124089, 7, 1, 1, 0, 7, 0
124106, 0, 1, 1, 0, 0, 0
124189, 1, 1, 1, 0, 1, 0
128638, 0, 1, 1, 0, 0, 0
124090, 1, 0, 0, 0, 1, 0
124091, 1, 0, 0, 0, 1, 0
124092, 0, 1, 1, 0, 0, 0
124093, 1, 0, 0, 0, 1, 0
124095, 4, 0, 0, 0, 4, 0
124096, 1, 0, 0, 0, 1, 0
124098, 2, 0, 0, 0, 2, 0
124099, 1, 0, 0, 0, 1, 0
124100, 0, 1, 1, 0, 0, 0
124101, 2, 0, 0, 0, 2, 0
124102, 2, 0, 0, 0, 2, 0
124103, 0, 1, 1, 0, 0, 0
124104, 1, 0, 0, 0, 1, 0
124111, 1, 0, 0, 0, 1, 0
124112, 1, 0, 0, 0, 1, 0
124114, 1, 0, 0, 0, 1, 0
124115, 0, 1, 1, 0, 0, 0
124119, 2, 0, 0, 0, 2, 0
124503, 0, 2, 2, 0, 0, 0
124122, 1, 0, 0, 0, 1, 0
124123, 0, 1, 1, 0, 0, 0
124127, 1, 0, 0, 0, 0, 1
124129, 1, 0, 0, 0, 1, 0
124130, 1, 0, 0, 0, 1, 0
124131, 0, 1, 1, 0, 0, 0
124132, 1, 0, 0, 0, 1, 0
124133, 1, 0, 0, 0, 1, 0
124134, 0, 1, 1, 0, 0, 0
124135, 1, 0, 0, 0, 1, 0
125296, 0, 1, 1, 0, 0, 0
125776, 0, 1, 0, 1, 0, 0
124138, 1, 0, 0, 0, 1, 0
124139, 1, 0, 0, 0, 1, 0
125719, 0, 4, 1, 3, 0, 0
127001, 0, 6, 4, 2, 0, 0
127067, 0, 2, 1, 1, 0, 0
127069, 0, 2, 1, 1, 0, 0
124143, 1, 0, 0, 0, 1, 0
124144, 12, 0, 0, 0, 12, 0
124145, 2, 1, 1, 0, 2, 0
124146, 1, 0, 0, 0, 1, 0
124147, 1, 0, 0, 0, 1, 0
124148, 1, 0, 0, 0, 1, 0
124151, 1, 0, 0, 0, 1, 0
124154, 1, 0, 0, 0, 0, 1
124155, 2, 0, 0, 0, 2, 0
124156, 1, 0, 0, 0, 1, 0
124157, 0, 1, 1, 0, 0, 0
124158, 1, 0, 0, 0, 1, 0
124159, 1, 0, 0, 0, 1, 0
124160, 1, 0, 0, 0, 1, 0
124161, 0, 1, 1, 0, 0, 0
124164, 1, 0, 0, 0, 1, 0
124167, 1, 0, 0, 0, 1, 0
124168, 1, 0, 0, 0, 1, 0
124169, 1, 0, 0, 0, 1, 0
124171, 1, 0, 0, 0, 1, 0
124172, 1, 0, 0, 0, 1, 0
124173, 0, 1, 1, 0, 0, 0
124174, 1, 0, 0, 0, 1, 0
124175, 0, 1, 1, 0, 0, 0
124176, 1, 0, 0, 0, 0, 1
124177, 0, 1, 0, 1, 0, 0
124179, 1, 0, 0, 0, 1, 0
124180, 2, 0, 0, 0, 2, 0
124181, 1, 0, 0, 0, 1, 0
124184, 1, 0, 0, 0, 1, 0
124185, 1, 0, 0, 0, 1, 0
124186, 1, 0, 0, 0, 0, 1
124187, 1, 0, 0, 0, 1, 0
124188, 1, 0, 0, 0, 0, 1
124190, 2, 0, 0, 0, 2, 0
126756, 0, 1, 1, 0, 0, 0
124195, 1, 0, 0, 0, 1, 0
124196, 0, 1, 1, 0, 0, 0
124198, 2, 1, 1, 0, 2, 0
126896, 1, 1, 1, 0, 1, 0
124199, 1, 0, 0, 0, 1, 0
124201, 1, 0, 0, 0, 1, 0
124202, 1, 1, 1, 0, 1, 0
124203, 2, 1, 1, 0, 2, 0
124297, 0, 1, 1, 0, 0, 0
124204, 2, 0, 0, 0, 2, 0
124205, 1, 0, 0, 0, 1, 0
124207, 1, 0, 0, 0, 1, 0
124208, 1, 0, 0, 0, 1, 0
124209, 1, 0, 0, 0, 1, 0
124210, 1, 0, 0, 0, 1, 0
124211, 1, 1, 1, 0, 1, 0
124215, 1, 0, 0, 0, 1, 0
124216, 1, 0, 0, 0, 1, 0
124218, 1, 0, 0, 0, 1, 0
124219, 1, 0, 0, 0, 1, 0
124220, 1, 0, 0, 0, 1, 0
124221, 1, 0, 0, 0, 1, 0
124222, 1, 0, 0, 0, 1, 0
124223, 0, 1, 1, 0, 0, 0
129320, 1, 1, 1, 0, 1, 0
129585, 2, 2, 1, 1, 2, 0
129638, 0, 1, 0, 1, 0, 0
124226, 1, 0, 0, 0, 1, 0
124230, 1, 0, 0, 0, 1, 0
124232, 1, 0, 0, 0, 1, 0
124235, 1, 0, 0, 0, 1, 0
124236, 1, 0, 0, 0, 1, 0
124237, 0, 1, 1, 0, 0, 0
124238, 2, 0, 0, 0, 0, 2
124239, 1, 0, 0, 0, 1, 0
124240, 4, 0, 0, 0, 2, 2
124241, 14, 0, 0, 0, 0, 14
124243, 1, 0, 0, 0, 1, 0
124246, 1, 0, 0, 0, 1, 0
124247, 1, 0, 0, 0, 0, 1
124248, 2, 0, 0, 0, 1, 1
124249, 0, 1, 0, 1, 0, 0
124250, 1, 0, 0, 0, 1, 0
124251, 0, 1, 1, 0, 0, 0
124254, 1, 1, 1, 0, 1, 0
124255, 0, 1, 1, 0, 0, 0
124256, 1, 0, 0, 0, 1, 0
124257, 2, 0, 0, 0, 2, 0
124259, 1, 0, 0, 0, 1, 0
124260, 2, 0, 0, 0, 1, 1
124682, 0, 1, 1, 0, 0, 0
124261, 1, 0, 0, 0, 1, 0
124262, 1, 0, 0, 0, 1, 0
124263, 1, 0, 0, 0, 1, 0
124264, 1, 1, 1, 0, 1, 0
124265, 2, 1, 1, 0, 2, 0
124266, 1, 0, 0, 0, 1, 0
124268, 1, 0, 0, 0, 1, 0
124269, 0, 1, 1, 0, 0, 0
124271, 1, 0, 0, 0, 1, 0
124273, 1, 0, 0, 0, 0, 1
124274, 1, 1, 0, 1, 1, 0
124276, 1, 0, 0, 0, 1, 0
124277, 1, 0, 0, 0, 1, 0
124278, 1, 0, 0, 0, 1, 0
124279, 1, 0, 0, 0, 1, 0
124280, 1, 0, 0, 0, 1, 0
124281, 0, 1, 1, 0, 0, 0
124283, 1, 0, 0, 0, 1, 0
124284, 1, 0, 0, 0, 1, 0
124286, 1, 0, 0, 0, 0, 1
124288, 1, 0, 0, 0, 1, 0
124291, 1, 0, 0, 0, 1, 0
124292, 2, 0, 0, 0, 2, 0
124293, 1, 0, 0, 0, 1, 0
124294, 1, 0, 0, 0, 1, 0
124295, 1, 0, 0, 0, 1, 0
124296, 0, 1, 1, 0, 0, 0
124298, 3, 0, 0, 0, 3, 0
124299, 1, 0, 0, 0, 1, 0
124302, 1, 0, 0, 0, 1, 0
124303, 1, 0, 0, 0, 0, 1
124305, 1, 0, 0, 0, 1, 0
124306, 0, 1, 1, 0, 0, 0
124307, 1, 0, 0, 0, 1, 0
124308, 1, 0, 0, 0, 1, 0
124309, 0, 1, 1, 0, 0, 0
124312, 1, 0, 0, 0, 0, 1
124315, 1, 0, 0, 0, 0, 1
124316, 1, 0, 0, 0, 1, 0
124318, 1, 0, 0, 0, 1, 0
124319, 1, 0, 0, 0, 1, 0
124320, 1, 0, 0, 0, 1, 0
124321, 0, 1, 1, 0, 0, 0
124322, 1, 0, 0, 0, 1, 0
124323, 1, 0, 0, 0, 1, 0
124324, 0, 1, 1, 0, 0, 0
124325, 1, 1, 1, 0, 1, 0
124326, 1, 1, 1, 0, 1, 0
124327, 1, 0, 0, 0, 1, 0
124328, 1, 0, 0, 0, 1, 0
124329, 0, 1, 1, 0, 0, 0
124331, 1, 0, 0, 0, 1, 0
124333, 1, 0, 0, 0, 1, 0
124334, 0, 1, 1, 0, 0, 0
124335, 1, 0, 0, 0, 1, 0
124336, 1, 0, 0, 0, 1, 0
124337, 1, 0, 0, 0, 1, 0
124341, 1, 0, 0, 0, 1, 0
124342, 0, 1, 1, 0, 0, 0
124343, 1, 0, 0, 0, 1, 0
124344, 1, 0, 0, 0, 0, 1
124345, 1, 0, 0, 0, 1, 0
124347, 1, 0, 0, 0, 1, 0
124349, 1, 0, 0, 0, 1, 0
124351, 1, 0, 0, 0, 1, 0
124352, 1, 0, 0, 0, 1, 0
124353, 1, 0, 0, 0, 1, 0
124354, 1, 0, 0, 0, 1, 0
124355, 0, 1, 1, 0, 0, 0
124357, 1, 0, 0, 0, 0, 1
124358, 1, 1, 1, 0, 1, 0
124360, 1, 0, 0, 0, 1, 0
124362, 2, 0, 0, 0, 2, 0
124364, 1, 0, 0, 0, 1, 0
124365, 0, 1, 1, 0, 0, 0
124366, 1, 0, 0, 0, 1, 0
124367, 1, 0, 0, 0, 1, 0
124368, 1, 0, 0, 0, 1, 0
124370, 1, 0, 0, 0, 1, 0
124371, 1, 0, 0, 0, 1, 0
124372, 1, 0, 0, 0, 1, 0
124373, 1, 0, 0, 0, 1, 0
124374, 1, 0, 0, 0, 1, 0
124375, 1, 0, 0, 0, 1, 0
124376, 1, 0, 0, 0, 1, 0
124378, 1, 0, 0, 0, 1, 0
124379, 1, 0, 0, 0, 1, 0
124380, 1, 0, 0, 0, 1, 0
124381, 1, 0, 0, 0, 1, 0
124383, 3, 0, 0, 0, 3, 0
124384, 1, 0, 0, 0, 1, 0
124385, 0, 1, 1, 0, 0, 0
124387, 1, 0, 0, 0, 1, 0
124493, 0, 1, 0, 1, 0, 0
124389, 1, 0, 0, 0, 1, 0
124390, 1, 0, 0, 0, 1, 0
124391, 1, 1, 1, 0, 1, 0
124392, 1, 1, 1, 0, 1, 0
124393, 5, 0, 0, 0, 5, 0
124394, 0, 1, 1, 0, 0, 0
124395, 0, 1, 1, 0, 0, 0
124428, 0, 1, 1, 0, 0, 0
124397, 5, 0, 0, 0, 3, 2
124413, 0, 1, 0, 1, 0, 0
124398, 1, 0, 0, 0, 1, 0
124401, 1, 0, 0, 0, 0, 1
124403, 1, 0, 0, 0, 1, 0
124404, 1, 0, 0, 0, 1, 0
124405, 0, 1, 1, 0, 0, 0
124406, 1, 0, 0, 0, 1, 0
124407, 0, 2, 2, 0, 0, 0
124410, 1, 0, 0, 0, 1, 0
124415, 1, 0, 0, 0, 1, 0
124416, 0, 1, 1, 0, 0, 0
124419, 1, 0, 0, 0, 0, 1
124420, 1, 0, 0, 0, 0, 1
124421, 1, 0, 0, 0, 1, 0
124422, 0, 1, 1, 0, 0, 0
124424, 3, 0, 0, 0, 3, 0
124431, 1, 0, 0, 0, 0, 1
124432, 1, 0, 0, 0, 1, 0
124434, 1, 0, 0, 0, 1, 0
124435, 0, 1, 1, 0, 0, 0
124436, 1, 0, 0, 0, 1, 0
124438, 1, 0, 0, 0, 1, 0
124440, 1, 0, 0, 0, 1, 0
124443, 1, 0, 0, 0, 1, 0
124444, 1, 0, 0, 0, 1, 0
124445, 0, 1, 1, 0, 0, 0
124446, 1, 0, 0, 0, 1, 0
124447, 1, 0, 0, 0, 1, 0
124449, 1, 0, 0, 0, 1, 0
124451, 1, 0, 0, 0, 1, 0
124455, 2, 0, 0, 0, 1, 1
124457, 1, 0, 0, 0, 1, 0
124459, 2, 2, 2, 0, 2, 0
124460, 1, 0, 0, 0, 1, 0
124461, 1, 0, 0, 0, 1, 0
124462, 2, 0, 0, 0, 2, 0
124465, 1, 0, 0, 0, 0, 1
124467, 1, 0, 0, 0, 1, 0
124468, 1, 0, 0, 0, 1, 0
124471, 2, 0, 0, 0, 2, 0
124472, 1, 0, 0, 0, 1, 0
124475, 1, 0, 0, 0, 1, 0
124476, 1, 0, 0, 0, 1, 0
124477, 1, 0, 0, 0, 0, 1
124478, 0, 1, 0, 1, 0, 0
124479, 1, 0, 0, 0, 1, 0
124480, 1, 0, 0, 0, 1, 0
124484, 1, 0, 0, 0, 0, 1
124485, 1, 0, 0, 0, 0, 1
124486, 0, 1, 0, 1, 0, 0
124498, 1, 0, 0, 0, 1, 0
124499, 1, 0, 0, 0, 0, 1
124500, 1, 0, 0, 0, 1, 0
124501, 1, 1, 1, 0, 1, 0
124502, 1, 0, 0, 0, 1, 0
124504, 1, 0, 0, 0, 1, 0
124505, 1, 0, 0, 0, 1, 0
124506, 0, 1, 1, 0, 0, 0
124507, 1, 0, 0, 0, 1, 0
124508, 1, 0, 0, 0, 1, 0
124509, 1, 0, 0, 0, 1, 0
124510, 1, 0, 0, 0, 1, 0
124511, 3, 0, 0, 0, 3, 0
124512, 1, 0, 0, 0, 1, 0
124514, 1, 0, 0, 0, 1, 0
124515, 2, 1, 1, 0, 2, 0
124516, 1, 1, 1, 0, 1, 0
124517, 3, 0, 0, 0, 3, 0
124518, 1, 0, 0, 0, 0, 1
124520, 1, 0, 0, 0, 1, 0
124522, 1, 1, 1, 0, 1, 0
124525, 1, 0, 0, 0, 0, 1
124527, 2, 2, 2, 0, 1, 1
124528, 1, 0, 0, 0, 1, 0
124529, 1, 0, 0, 0, 1, 0
124530, 2, 0, 0, 0, 2, 0
124531, 1, 0, 0, 0, 1, 0
124532, 1, 0, 0, 0, 1, 0
124533, 0, 1, 1, 0, 0, 0
124535, 1, 0, 0, 0, 1, 0
124536, 0, 1, 1, 0, 0, 0
124538, 1, 0, 0, 0, 1, 0
124539, 0, 2, 1, 1, 0, 0
124540, 1, 0, 0, 0, 1, 0
124541, 1, 0, 0, 0, 0, 1
124543, 2, 1, 1, 0, 2, 0
124544, 0, 1, 1, 0, 0, 0
124748, 1, 1, 1, 0, 1, 0
124545, 1, 0, 0, 0, 1, 0
124546, 1, 0, 0, 0, 0, 1
124547, 1, 0, 0, 0, 1, 0
124548, 1, 0, 0, 0, 1, 0
124549, 0, 2, 2, 0, 0, 0
124550, 1, 1, 1, 0, 1, 0
124551, 2, 0, 0, 0, 2, 0
124553, 1, 0, 0, 0, 1, 0
124554, 0, 1, 1, 0, 0, 0
124555, 1, 0, 0, 0, 1, 0
124556, 1, 0, 0, 0, 0, 1
124557, 1, 0, 0, 0, 1, 0
124558, 1, 0, 0, 0, 1, 0
124561, 1, 0, 0, 0, 1, 0
124562, 0, 1, 1, 0, 0, 0
124565, 1, 0, 0, 0, 0, 1
124567, 1, 0, 0, 0, 1, 0
124568, 0, 1, 1, 0, 0, 0
124569, 1, 0, 0, 0, 1, 0
124570, 1, 0, 0, 0, 1, 0
124571, 1, 0, 0, 0, 1, 0
124572, 0, 1, 1, 0, 0, 0
124573, 1, 0, 0, 0, 1, 0
124574, 1, 0, 0, 0, 1, 0
124575, 0, 1, 1, 0, 0, 0
124576, 1, 0, 0, 0, 1, 0
124577, 0, 1, 1, 0, 0, 0
124578, 1, 0, 0, 0, 1, 0
124579, 0, 1, 1, 0, 0, 0
124580, 1, 0, 0, 0, 1, 0
124581, 0, 1, 1, 0, 0, 0
124582, 1, 0, 0, 0, 1, 0
124585, 1, 0, 0, 0, 1, 0
124586, 1, 0, 0, 0, 1, 0
124587, 0, 1, 1, 0, 0, 0
124588, 1, 0, 0, 0, 1, 0
124589, 1, 0, 0, 0, 1, 0
124590, 1, 0, 0, 0, 1, 0
124591, 1, 0, 0, 0, 1, 0
124592, 1, 0, 0, 0, 1, 0
124594, 1, 0, 0, 0, 1, 0
124595, 1, 0, 0, 0, 0, 1
124596, 1, 0, 0, 0, 1, 0
124598, 1, 0, 0, 0, 1, 0
124599, 0, 1, 1, 0, 0, 0
124600, 1, 0, 0, 0, 1, 0
124602, 1, 0, 0, 0, 1, 0
124604, 1, 0, 0, 0, 1, 0
124605, 0, 1, 1, 0, 0, 0
124606, 1, 0, 0, 0, 1, 0
124607, 1, 0, 0, 0, 1, 0
124608, 1, 0, 0, 0, 1, 0
124609, 1, 1, 0, 1, 0, 1
124610, 1, 0, 0, 0, 1, 0
124612, 4, 0, 0, 0, 4, 0
124613, 1, 0, 0, 0, 1, 0
124614, 1, 0, 0, 0, 0, 1
124615, 1, 0, 0, 0, 1, 0
124616, 1, 1, 1, 0, 1, 0
124619, 1, 0, 0, 0, 0, 1
124620, 1, 0, 0, 0, 1, 0
124621, 1, 0, 0, 0, 1, 0
124622, 1, 0, 0, 0, 1, 0
124623, 0, 1, 1, 0, 0, 0
124624, 1, 0, 0, 0, 1, 0
124625, 1, 0, 0, 0, 1, 0
124626, 1, 0, 0, 0, 1, 0
124628, 1, 0, 0, 0, 1, 0
124629, 0, 1, 1, 0, 0, 0
124630, 1, 0, 0, 0, 1, 0
124632, 1, 1, 1, 0, 1, 0
124633, 1, 0, 0, 0, 1, 0
124635, 1, 0, 0, 0, 1, 0
124636, 0, 1, 1, 0, 0, 0
124637, 1, 0, 0, 0, 1, 0
124639, 1, 0, 0, 0, 1, 0
124640, 1, 0, 0, 0, 1, 0
124641, 0, 1, 1, 0, 0, 0
124642, 3, 0, 0, 0, 3, 0
124643, 1, 0, 0, 0, 1, 0
124644, 1, 0, 0, 0, 0, 1
124646, 1, 0, 0, 0, 1, 0
124647, 1, 0, 0, 0, 1, 0
124648, 2, 0, 0, 0, 2, 0
124654, 0, 1, 1, 0, 0, 0
124655, 1, 0, 0, 0, 0, 1
124656, 0, 1, 0, 1, 0, 0
124661, 1, 0, 0, 0, 1, 0
124662, 1, 0, 0, 0, 1, 0
124663, 1, 0, 0, 0, 1, 0
127003, 0, 1, 1, 0, 0, 0
124668, 1, 0, 0, 0, 1, 0
124670, 1, 0, 0, 0, 1, 0
124671, 1, 0, 0, 0, 1, 0
124673, 2, 0, 0, 0, 2, 0
130242, 0, 1, 1, 0, 0, 0
124674, 1, 0, 0, 0, 1, 0
124675, 1, 2, 1, 1, 1, 0
124676, 1, 1, 1, 0, 1, 0
124678, 1, 0, 0, 0, 0, 1
124679, 0, 1, 0, 1, 0, 0
124680, 1, 0, 0, 0, 1, 0
124681, 7, 1, 0, 1, 7, 0
124683, 3, 0, 0, 0, 3, 0
124684, 1, 1, 1, 0, 1, 0
124685, 1, 0, 0, 0, 1, 0
124686, 0, 1, 1, 0, 0, 0
124687, 1, 0, 0, 0, 1, 0
124688, 1, 0, 0, 0, 1, 0
124689, 1, 0, 0, 0, 1, 0
124690, 2, 0, 0, 0, 2, 0
124691, 0, 1, 1, 0, 0, 0
124692, 1, 0, 0, 0, 1, 0
124693, 1, 0, 0, 0, 1, 0
124695, 1, 0, 0, 0, 0, 1
124696, 1, 0, 0, 0, 1, 0
124698, 1, 0, 0, 0, 1, 0
124699, 1, 0, 0, 0, 0, 1
124702, 5, 0, 0, 0, 5, 0
124703, 1, 0, 0, 0, 1, 0
124705, 1, 0, 0, 0, 1, 0
124706, 2, 0, 0, 0, 2, 0
124707, 1, 0, 0, 0, 1, 0
124709, 2, 0, 0, 0, 2, 0
124710, 0, 1, 1, 0, 0, 0
127104, 0, 1, 1, 0, 0, 0
124711, 1, 0, 0, 0, 1, 0
124712, 1, 0, 0, 0, 1, 0
124714, 0, 1, 1, 0, 0, 0
126123, 0, 1, 0, 1, 0, 0
124715, 1, 0, 0, 0, 1, 0
124716, 0, 1, 1, 0, 0, 0
124717, 1, 0, 0, 0, 1, 0
124718, 1, 0, 0, 0, 1, 0
124720, 1, 0, 0, 0, 1, 0
124721, 1, 0, 0, 0, 0, 1
124722, 1, 0, 0, 0, 1, 0
124723, 1, 0, 0, 0, 1, 0
124724, 1, 0, 0, 0, 1, 0
124725, 1, 0, 0, 0, 1, 0
124726, 0, 1, 1, 0, 0, 0
124729, 1, 0, 0, 0, 1, 0
124730, 0, 1, 1, 0, 0, 0
124732, 1, 0, 0, 0, 1, 0
124733, 1, 0, 0, 0, 1, 0
124737, 1, 0, 0, 0, 1, 0
124738, 1, 1, 1, 0, 1, 0
124739, 1, 0, 0, 0, 1, 0
124740, 1, 0, 0, 0, 1, 0
124741, 1, 0, 0, 0, 1, 0
124742, 1, 0, 0, 0, 1, 0
124743, 0, 1, 1, 0, 0, 0
124744, 1, 0, 0, 0, 1, 0
124745, 1, 0, 0, 0, 1, 0
124746, 1, 0, 0, 0, 1, 0
124749, 1, 0, 0, 0, 1, 0
124751, 1, 0, 0, 0, 1, 0
124752, 1, 0, 0, 0, 1, 0
124754, 8, 1, 1, 0, 8, 0
124755, 1, 1, 1, 0, 1, 0
124756, 1, 0, 0, 0, 1, 0
124757, 1, 0, 0, 0, 1, 0
124758, 1, 0, 0, 0, 1, 0
124759, 0, 1, 1, 0, 0, 0
124762, 1, 0, 0, 0, 1, 0
124763, 0, 1, 1, 0, 0, 0
124765, 0, 1, 1, 0, 0, 0
124766, 0, 1, 1, 0, 0, 0
125904, 3, 1, 0, 1, 3, 0
125905, 0, 2, 1, 1, 0, 0
127450, 0, 1, 1, 0, 0, 0
127451, 0, 1, 1, 0, 0, 0
127452, 0, 1, 1, 0, 0, 0
127453, 0, 1, 1, 0, 0, 0
124769, 4, 0, 0, 0, 4, 0
124770, 1, 0, 0, 0, 0, 1
124771, 1, 1, 1, 0, 1, 0
124772, 1, 0, 0, 0, 1, 0
124774, 1, 1, 1, 0, 1, 0
124775, 1, 0, 0, 0, 1, 0
124776, 1, 1, 1, 0, 0, 1
124777, 1, 0, 0, 0, 1, 0
124778, 0, 1, 1, 0, 0, 0
124780, 1, 1, 1, 0, 1, 0
124781, 1, 0, 0, 0, 1, 0
124782, 0, 1, 1, 0, 0, 0
124785, 1, 0, 0, 0, 0, 1
124786, 1, 0, 0, 0, 1, 0
124787, 0, 1, 1, 0, 0, 0
124789, 1, 0, 0, 0, 1, 0
124790, 0, 2, 2, 0, 0, 0
124791, 1, 0, 0, 0, 1, 0
124792, 1, 0, 0, 0, 0, 1
124793, 2, 0, 0, 0, 2, 0
124794, 2, 0, 0, 0, 2, 0
124797, 1, 0, 0, 0, 1, 0
124800, 1, 0, 0, 0, 1, 0
124804, 1, 0, 0, 0, 0, 1
124805, 0, 1, 0, 1, 0, 0
124806, 1, 0, 0, 0, 1, 0
124808, 8, 0, 0, 0, 8, 0
124818, 0, 1, 1, 0, 0, 0
124809, 2, 0, 0, 0, 2, 0
127640, 0, 1, 1, 0, 0, 0
124810, 1, 0, 0, 0, 1, 0
124811, 1, 0, 0, 0, 1, 0
124812, 1, 0, 0, 0, 1, 0
124814, 1, 0, 0, 0, 0, 1
124816, 1, 0, 0, 0, 1, 0
124820, 1, 0, 0, 0, 1, 0
124821, 2, 0, 0, 0, 2, 0
124822, 1, 0, 0, 0, 1, 0
124823, 2, 1, 1, 0, 2, 0
129814, 1, 1, 1, 0, 1, 0
124824, 1, 0, 0, 0, 1, 0
124825, 1, 0, 0, 0, 1, 0
124826, 0, 1, 1, 0, 0, 0
124827, 1, 0, 0, 0, 1, 0
124828, 1, 0, 0, 0, 1, 0
124830, 2, 0, 0, 0, 0, 2
124831, 0, 1, 0, 1, 0, 0
124832, 1, 0, 0, 0, 1, 0
124833, 1, 0, 0, 0, 1, 0
124834, 1, 0, 0, 0, 1, 0
124835, 1, 0, 0, 0, 1, 0
124836, 0, 1, 1, 0, 0, 0
124837, 1, 0, 0, 0, 1, 0
124838, 1, 0, 0, 0, 1, 0
124839, 0, 1, 1, 0, 0, 0
124840, 1, 0, 0, 0, 1, 0
124841, 1, 0, 0, 0, 1, 0
124842, 1, 0, 0, 0, 1, 0
124843, 1, 1, 1, 0, 1, 0
124844, 1, 0, 0, 0, 1, 0
124845, 1, 1, 0, 1, 1, 0
124846, 2, 0, 0, 0, 2, 0
124848, 1, 0, 0, 0, 0, 1
124851, 1, 0, 0, 0, 1, 0
124852, 0, 1, 1, 0, 0, 0
124854, 1, 0, 0, 0, 0, 1
124855, 1, 0, 0, 0, 1, 0
124856, 0, 1, 1, 0, 0, 0
124857, 1, 0, 0, 0, 1, 0
124858, 0, 1, 1, 0, 0, 0
125183, 0, 1, 1, 0, 0, 0
124861, 2, 0, 0, 0, 2, 0
124862, 1, 0, 0, 0, 1, 0
124864, 1, 0, 0, 0, 1, 0
124865, 0, 1, 1, 0, 0, 0
124866, 1, 1, 0, 1, 0, 1
124867, 1, 0, 0, 0, 1, 0
124868, 0, 1, 1, 0, 0, 0
124869, 1, 0, 0, 0, 1, 0
124870, 1, 0, 0, 0, 1, 0
124871, 1, 0, 0, 0, 1, 0
124872, 1, 0, 0, 0, 1, 0
124873, 1, 0, 0, 0, 1, 0
124874, 1, 0, 0, 0, 1, 0
124876, 1, 0, 0, 0, 1, 0
124878, 1, 0, 0, 0, 1, 0
124879, 1, 0, 0, 0, 1, 0
124880, 1, 0, 0, 0, 1, 0
124881, 1, 0, 0, 0, 0, 1
124882, 0, 1, 0, 1, 0, 0
124884, 1, 0, 0, 0, 1, 0
124888, 1, 0, 0, 0, 1, 0
124890, 2, 0, 0, 0, 2, 0
124892, 5, 0, 0, 0, 0, 5
124893, 1, 0, 0, 0, 1, 0
124894, 1, 0, 0, 0, 1, 0
124895, 0, 1, 1, 0, 0, 0
124896, 1, 0, 0, 0, 1, 0
124897, 3, 0, 0, 0, 3, 0
124899, 1, 0, 0, 0, 1, 0
124900, 1, 0, 0, 0, 1, 0
124901, 1, 0, 0, 0, 1, 0
124902, 0, 1, 1, 0, 0, 0
124903, 1, 0, 0, 0, 1, 0
124904, 0, 1, 1, 0, 0, 0
124906, 1, 0, 0, 0, 1, 0
124907, 0, 1, 1, 0, 0, 0
124908, 1, 0, 0, 0, 1, 0
124909, 0, 1, 1, 0, 0, 0
124910, 1, 0, 0, 0, 1, 0
124911, 1, 0, 0, 0, 1, 0
124912, 0, 1, 1, 0, 0, 0
124914, 1, 0, 0, 0, 1, 0
124915, 0, 1, 1, 0, 0, 0
124917, 1, 0, 0, 0, 1, 0
124918, 1, 2, 1, 1, 0, 1
124919, 1, 0, 0, 0, 1, 0
124921, 1, 0, 0, 0, 1, 0
124922, 1, 0, 0, 0, 1, 0
124925, 1, 0, 0, 0, 1, 0
124926, 0, 1, 1, 0, 0, 0
124927, 1, 0, 0, 0, 1, 0
124938, 1, 0, 0, 0, 1, 0
124939, 0, 1, 1, 0, 0, 0
124940, 1, 0, 0, 0, 1, 0
124941, 1, 0, 0, 0, 0, 1
124942, 1, 1, 0, 1, 0, 1
124943, 1, 0, 0, 0, 1, 0
124944, 1, 0, 0, 0, 1, 0
124946, 3, 1, 0, 1, 3, 0
124947, 0, 1, 1, 0, 0, 0
129750, 0, 1, 1, 0, 0, 0
124948, 6, 0, 0, 0, 4, 2
124949, 0, 1, 1, 0, 0, 0
125063, 0, 1, 0, 1, 0, 0
124950, 1, 0, 0, 0, 1, 0
124952, 1, 0, 0, 0, 0, 1
124953, 0, 1, 0, 1, 0, 0
124955, 1, 0, 0, 0, 1, 0
124957, 1, 0, 0, 0, 1, 0
124958, 2, 0, 0, 0, 2, 0
124960, 5, 0, 0, 0, 2, 3
124961, 2, 0, 0, 0, 2, 0
124962, 1, 1, 1, 0, 1, 0
124965, 1, 0, 0, 0, 1, 0
124968, 1, 0, 0, 0, 1, 0
126389, 0, 1, 1, 0, 0, 0
124971, 1, 0, 0, 0, 1, 0
124972, 0, 1, 1, 0, 0, 0
124974, 1, 0, 0, 0, 1, 0
124975, 2, 0, 0, 0, 2, 0
126432, 0, 1, 1, 0, 0, 0
124977, 2, 0, 0, 0, 2, 0
124978, 1, 0, 0, 0, 1, 0
124980, 1, 0, 0, 0, 1, 0
124981, 1, 1, 1, 0, 1, 0
124983, 1, 0, 0, 0, 1, 0
124984, 1, 0, 0, 0, 1, 0
124985, 1, 0, 0, 0, 1, 0
124986, 0, 1, 1, 0, 0, 0
124989, 1, 1, 1, 0, 1, 0
125194, 3, 1, 1, 0, 3, 0
125274, 3, 1, 1, 0, 3, 0
125277, 0, 1, 1, 0, 0, 0
124990, 1, 0, 0, 0, 1, 0
124993, 1, 0, 0, 0, 0, 1
124994, 1, 1, 1, 0, 1, 0
124995, 1, 0, 0, 0, 1, 0
124996, 1, 0, 0, 0, 1, 0
124997, 1, 1, 1, 0, 1, 0
125054, 0, 1, 1, 0, 0, 0
125001, 1, 0, 0, 0, 1, 0
125002, 1, 0, 0, 0, 0, 1
125003, 1, 0, 0, 0, 1, 0
125004, 1, 0, 0, 0, 1, 0
125005, 12, 0, 0, 0, 12, 0
125008, 1, 0, 0, 0, 1, 0
125010, 1, 0, 0, 0, 0, 1
125011, 1, 0, 0, 0, 1, 0
125012, 1, 0, 0, 0, 1, 0
125013, 0, 2, 2, 0, 0, 0
125014, 1, 0, 0, 0, 1, 0
125016, 1, 0, 0, 0, 1, 0
125017, 2, 0, 0, 0, 0, 2
125018, 0, 2, 1, 1, 0, 0
125019, 1, 0, 0, 0, 1, 0
125020, 2, 0, 0, 0, 2, 0
125021, 1, 0, 0, 0, 1, 0
125024, 1, 0, 0, 0, 1, 0
125026, 1, 0, 0, 0, 1, 0
125027, 5, 0, 0, 0, 5, 0
125028, 0, 1, 1, 0, 0, 0
125029, 0, 1, 1, 0, 0, 0
125032, 6, 0, 0, 0, 6, 0
125033, 1, 0, 0, 0, 1, 0
125034, 1, 0, 0, 0, 1, 0
125035, 1, 0, 0, 0, 1, 0
125036, 0, 1, 1, 0, 0, 0
125037, 3, 0, 0, 0, 3, 0
125038, 1, 0, 0, 0, 0, 1
125039, 0, 1, 0, 1, 0, 0
125042, 1, 0, 0, 0, 1, 0
125044, 1, 0, 0, 0, 0, 1
125047, 1, 0, 0, 0, 1, 0
125048, 0, 1, 1, 0, 0, 0
125049, 1, 0, 0, 0, 0, 1
125051, 3, 0, 0, 0, 1, 2
125053, 0, 1, 0, 1, 0, 0
125055, 1, 0, 0, 0, 1, 0
125056, 1, 1, 1, 0, 0, 1
125057, 1, 0, 0, 0, 1, 0
125059, 1, 0, 0, 0, 1, 0
125061, 1, 0, 0, 0, 0, 1
125062, 0, 1, 0, 1, 0, 0
125064, 1, 0, 0, 0, 1, 0
125065, 0, 1, 1, 0, 0, 0
125066, 1, 0, 0, 0, 1, 0
125067, 0, 2, 2, 0, 0, 0
125068, 1, 0, 0, 0, 1, 0
125069, 1, 2, 2, 0, 1, 0
125070, 1, 0, 0, 0, 1, 0
125071, 0, 1, 1, 0, 0, 0
125072, 1, 0, 0, 0, 1, 0
125073, 2, 0, 0, 0, 2, 0
125076, 0, 1, 1, 0, 0, 0
125077, 1, 0, 0, 0, 1, 0
125078, 2, 0, 0, 0, 2, 0
125080, 1, 0, 0, 0, 1, 0
125081, 1, 0, 0, 0, 1, 0
125082, 1, 0, 0, 0, 1, 0
125083, 0, 1, 1, 0, 0, 0
125084, 1, 0, 0, 0, 1, 0
125085, 1, 0, 0, 0, 1, 0
125086, 1, 0, 0, 0, 0, 1
125087, 1, 0, 0, 0, 1, 0
125088, 0, 1, 1, 0, 0, 0
125089, 1, 0, 0, 0, 1, 0
125090, 0, 1, 1, 0, 0, 0
125091, 1, 0, 0, 0, 0, 1
125094, 1, 0, 0, 0, 1, 0
125095, 2, 0, 0, 0, 2, 0
125096, 1, 0, 0, 0, 1, 0
125097, 0, 1, 1, 0, 0, 0
125098, 1, 0, 0, 0, 1, 0
125099, 1, 0, 0, 0, 1, 0
125100, 2, 1, 1, 0, 2, 0
125101, 1, 0, 0, 0, 0, 1
125102, 1, 0, 0, 0, 1, 0
125104, 1, 0, 0, 0, 1, 0
125105, 2, 1, 1, 0, 1, 1
125106, 1, 0, 0, 0, 1, 0
125108, 1, 0, 0, 0, 1, 0
125109, 0, 1, 1, 0, 0, 0
125110, 1, 0, 0, 0, 0, 1
125111, 1, 0, 0, 0, 1, 0
125112, 1, 0, 0, 0, 0, 1
125113, 1, 0, 0, 0, 1, 0
125114, 1, 0, 0, 0, 1, 0
125115, 1, 0, 0, 0, 1, 0
125116, 2, 0, 0, 0, 0, 2
125117, 1, 0, 0, 0, 1, 0
125118, 1, 0, 0, 0, 1, 0
125119, 1, 0, 0, 0, 1, 0
125120, 1, 0, 0, 0, 1, 0
125121, 1, 1, 1, 0, 1, 0
125122, 1, 1, 1, 0, 1, 0
125124, 1, 0, 0, 0, 1, 0
125126, 1, 0, 0, 0, 1, 0
125127, 0, 1, 1, 0, 0, 0
125128, 1, 0, 0, 0, 0, 1
125129, 1, 0, 0, 0, 1, 0
125130, 0, 1, 1, 0, 0, 0
125131, 1, 0, 0, 0, 1, 0
125132, 0, 1, 1, 0, 0, 0
125134, 1, 0, 0, 0, 1, 0
125135, 1, 0, 0, 0, 1, 0
125136, 0, 1, 1, 0, 0, 0
125137, 1, 0, 0, 0, 1, 0
125138, 0, 1, 1, 0, 0, 0
125139, 1, 0, 0, 0, 1, 0
125141, 1, 0, 0, 0, 1, 0
125142, 0, 3, 2, 1, 0, 0
128109, 11, 1, 0, 1, 1, 10
125145, 1, 0, 0, 0, 1, 0
125146, 1, 0, 0, 0, 1, 0
125148, 3, 0, 0, 0, 3, 0
125149, 0, 1, 1, 0, 0, 0
125151, 1, 0, 0, 0, 0, 1
125152, 1, 0, 0, 0, 1, 0
125153, 1, 0, 0, 0, 1, 0
125154, 3, 1, 1, 0, 2, 1
129215, 0, 1, 0, 1, 0, 0
125155, 1, 0, 0, 0, 1, 0
125156, 1, 0, 0, 0, 1, 0
125157, 1, 0, 0, 0, 1, 0
125158, 1, 0, 0, 0, 1, 0
125159, 0, 1, 1, 0, 0, 0
125160, 1, 0, 0, 0, 1, 0
125161, 1, 0, 0, 0, 1, 0
125162, 0, 1, 1, 0, 0, 0
125163, 1, 0, 0, 0, 1, 0
125164, 1, 0, 0, 0, 0, 1
125165, 1, 0, 0, 0, 1, 0
125166, 0, 1, 1, 0, 0, 0
125167, 1, 0, 0, 0, 1, 0
125168, 3, 0, 0, 0, 3, 0
125170, 1, 0, 0, 0, 1, 0
125171, 1, 0, 0, 0, 1, 0
125172, 0, 1, 1, 0, 0, 0
125178, 1, 0, 0, 0, 1, 0
125179, 0, 2, 2, 0, 0, 0
125180, 1, 0, 0, 0, 1, 0
125181, 1, 0, 0, 0, 1, 0
125184, 1, 0, 0, 0, 1, 0
125185, 1, 0, 0, 0, 1, 0
125186, 1, 1, 1, 0, 1, 0
125187, 1, 1, 0, 1, 1, 0
125188, 1, 0, 0, 0, 1, 0
125189, 1, 0, 0, 0, 1, 0
125190, 0, 1, 1, 0, 0, 0
125191, 1, 0, 0, 0, 1, 0
125195, 1, 0, 0, 0, 0, 1
125199, 2, 0, 0, 0, 2, 0
125201, 1, 0, 0, 0, 1, 0
125202, 1, 0, 0, 0, 1, 0
125204, 1, 0, 0, 0, 1, 0
125205, 1, 0, 0, 0, 1, 0
125206, 1, 0, 0, 0, 1, 0
125207, 0, 1, 1, 0, 0, 0
125208, 1, 0, 0, 0, 0, 1
125213, 1, 0, 0, 0, 1, 0
125214, 1, 0, 0, 0, 1, 0
125215, 0, 1, 1, 0, 0, 0
128571, 1, 2, 1, 1, 1, 0
130102, 0, 1, 1, 0, 0, 0
125217, 1, 0, 0, 0, 1, 0
125218, 2, 0, 0, 0, 1, 1
125219, 2, 0, 0, 0, 2, 0
125221, 1, 0, 0, 0, 1, 0
125222, 4, 0, 0, 0, 2, 2
125316, 0, 1, 0, 1, 0, 0
129703, 0, 1, 1, 0, 0, 0
125224, 1, 0, 0, 0, 1, 0
125227, 1, 0, 0, 0, 1, 0
125228, 1, 0, 0, 0, 1, 0
125230, 2, 0, 0, 0, 2, 0
125231, 0, 1, 1, 0, 0, 0
125235, 0, 1, 1, 0, 0, 0
125233, 1, 0, 0, 0, 1, 0
125234, 1, 1, 1, 0, 1, 0
130621, 0, 1, 1, 0, 0, 0
125236, 1, 0, 0, 0, 1, 0
125237, 1, 0, 0, 0, 1, 0
125238, 3, 1, 1, 0, 3, 0
125242, 3, 1, 1, 0, 3, 0
125245, 1, 0, 0, 0, 1, 0
129812, 3, 1, 1, 0, 3, 0
125248, 1, 0, 0, 0, 1, 0
125249, 1, 1, 1, 0, 1, 0
125250, 1, 0, 0, 0, 0, 1
125251, 1, 0, 0, 0, 0, 1
125252, 1, 0, 0, 0, 1, 0
125258, 1, 0, 0, 0, 1, 0
125259, 0, 2, 2, 0, 0, 0
125262, 1, 0, 0, 0, 1, 0
125263, 0, 1, 1, 0, 0, 0
125264, 2, 0, 0, 0, 0, 2
125266, 0, 1, 1, 0, 0, 0
125268, 2, 0, 0, 0, 2, 0
125269, 1, 0, 0, 0, 1, 0
125271, 1, 0, 0, 0, 1, 0
125272, 1, 0, 0, 0, 1, 0
125273, 1, 0, 0, 0, 1, 0
125275, 1, 0, 0, 0, 1, 0
125276, 0, 1, 1, 0, 0, 0
125279, 2, 0, 0, 0, 2, 0
125280, 1, 0, 0, 0, 1, 0
125281, 1, 0, 0, 0, 1, 0
125284, 1, 0, 0, 0, 1, 0
125285, 0, 1, 1, 0, 0, 0
125286, 1, 1, 0, 1, 1, 0
125287, 1, 0, 0, 0, 1, 0
125288, 1, 1, 1, 0, 1, 0
125289, 1, 0, 0, 0, 1, 0
125290, 1, 0, 0, 0, 0, 1
125294, 1, 0, 0, 0, 1, 0
125295, 1, 1, 1, 0, 1, 0
125299, 1, 0, 0, 0, 1, 0
125300, 1, 0, 0, 0, 0, 1
125302, 1, 0, 0, 0, 1, 0
125303, 3, 1, 0, 1, 3, 0
127698, 0, 1, 1, 0, 0, 0
125304, 3, 0, 0, 0, 3, 0
125306, 3, 0, 0, 0, 3, 0
125308, 1, 0, 0, 0, 1, 0
125309, 2, 1, 1, 0, 2, 0
125311, 1, 0, 0, 0, 1, 0
125338, 0, 2, 2, 0, 0, 0
125314, 6, 0, 0, 0, 5, 1
125315, 1, 0, 0, 0, 0, 1
125318, 1, 0, 0, 0, 1, 0
125319, 1, 1, 1, 0, 1, 0
127753, 1, 2, 2, 0, 1, 0
131431, 0, 1, 1, 0, 0, 0
125321, 1, 0, 0, 0, 1, 0
125322, 0, 1, 1, 0, 0, 0
125323, 1, 0, 0, 0, 1, 0
125324, 0, 1, 1, 0, 0, 0
125327, 5, 0, 0, 0, 5, 0
125328, 1, 0, 0, 0, 1, 0
125332, 1, 0, 0, 0, 0, 1
125333, 0, 1, 0, 1, 0, 0
125334, 1, 0, 0, 0, 1, 0
125335, 1, 0, 0, 0, 0, 1
125336, 0, 1, 0, 1, 0, 0
125339, 1, 0, 0, 0, 1, 0
125340, 3, 2, 2, 0, 3, 0
125341, 1, 0, 0, 0, 1, 0
125342, 0, 1, 1, 0, 0, 0
125343, 1, 0, 0, 0, 1, 0
125344, 1, 0, 0, 0, 1, 0
125345, 1, 0, 0, 0, 0, 1
125346, 1, 0, 0, 0, 1, 0
125347, 0, 1, 1, 0, 0, 0
125349, 3, 0, 0, 0, 3, 0
125351, 1, 0, 0, 0, 0, 1
125352, 0, 1, 0, 1, 0, 0
125353, 1, 0, 0, 0, 1, 0
125354, 1, 0, 0, 0, 0, 1
125357, 1, 0, 0, 0, 1, 0
125358, 1, 0, 0, 0, 1, 0
125359, 1, 0, 0, 0, 1, 0
125360, 1, 0, 0, 0, 1, 0
125361, 1, 0, 0, 0, 1, 0
125362, 0, 1, 1, 0, 0, 0
125363, 1, 0, 0, 0, 1, 0
125364, 1, 0, 0, 0, 1, 0
125365, 1, 0, 0, 0, 1, 0
125366, 2, 0, 0, 0, 2, 0
125367, 1, 0, 0, 0, 1, 0
125368, 0, 1, 1, 0, 0, 0
125370, 1, 0, 0, 0, 1, 0
125371, 2, 0, 0, 0, 1, 1
125375, 3, 0, 0, 0, 3, 0
125376, 1, 0, 0, 0, 1, 0
125378, 2, 0, 0, 0, 2, 0
125379, 1, 0, 0, 0, 1, 0
125380, 3, 0, 0, 0, 2, 1
125504, 0, 1, 0, 1, 0, 0
125383, 1, 0, 0, 0, 1, 0
125386, 1, 0, 0, 0, 1, 0
125387, 1, 0, 0, 0, 1, 0
125389, 1, 0, 0, 0, 1, 0
125390, 1, 1, 1, 0, 1, 0
125391, 1, 1, 1, 0, 1, 0
125392, 1, 0, 0, 0, 1, 0
125393, 1, 0, 0, 0, 1, 0
125394, 3, 0, 0, 0, 3, 0
125395, 1, 0, 0, 0, 1, 0
125396, 0, 1, 1, 0, 0, 0
125397, 1, 0, 0, 0, 1, 0
125399, 1, 0, 0, 0, 1, 0
125400, 0, 1, 1, 0, 0, 0
125401, 1, 0, 0, 0, 1, 0
125402, 0, 1, 1, 0, 0, 0
125403, 1, 0, 0, 0, 1, 0
125405, 0, 1, 1, 0, 0, 0
125406, 1, 0, 0, 0, 1, 0
125407, 2, 0, 0, 0, 2, 0
125408, 1, 0, 0, 0, 1, 0
125409, 1, 0, 0, 0, 1, 0
125410, 1, 0, 0, 0, 1, 0
125413, 1, 0, 0, 0, 1, 0
125414, 1, 0, 0, 0, 1, 0
125415, 0, 1, 1, 0, 0, 0
125416, 1, 0, 0, 0, 1, 0
125418, 1, 1, 1, 0, 1, 0
125419, 1, 2, 2, 0, 1, 0
125421, 1, 0, 0, 0, 1, 0
125422, 1, 0, 0, 0, 0, 1
125423, 1, 0, 0, 0, 1, 0
125424, 2, 0, 0, 0, 2, 0
125425, 1, 0, 0, 0, 1, 0
125426, 1, 0, 0, 0, 1, 0
125428, 2, 0, 0, 0, 1, 1
125430, 1, 0, 0, 0, 1, 0
125432, 3, 0, 0, 0, 3, 0
125433, 0, 1, 1, 0, 0, 0
125444, 0, 1, 1, 0, 0, 0
125434, 1, 0, 0, 0, 1, 0
125435, 0, 1, 1, 0, 0, 0
125436, 1, 0, 0, 0, 1, 0
125437, 2, 0, 0, 0, 1, 1
125438, 1, 1, 0, 1, 0, 1
126972, 0, 1, 0, 1, 0, 0
125439, 1, 0, 0, 0, 1, 0
125440, 0, 1, 1, 0, 0, 0
125441, 2, 1, 1, 0, 2, 0
125442, 1, 0, 0, 0, 1, 0
125445, 2, 0, 0, 0, 2, 0
125446, 1, 0, 0, 0, 1, 0
125447, 1, 0, 0, 0, 1, 0
125448, 1, 0, 0, 0, 1, 0
125449, 1, 2, 2, 0, 1, 0
125450, 2, 2, 2, 0, 2, 0
125454, 3, 1, 1, 0, 3, 0
125451, 1, 0, 0, 0, 0, 1
125453, 2, 0, 0, 0, 2, 0
125455, 1, 0, 0, 0, 1, 0
125456, 1, 1, 1, 0, 1, 0
125457, 1, 0, 0, 0, 1, 0
125459, 1, 0, 0, 0, 1, 0
125461, 1, 0, 0, 0, 1, 0
125462, 0, 1, 1, 0, 0, 0
125463, 2, 0, 0, 0, 0, 2
125464, 1, 0, 0, 0, 1, 0
125465, 2, 0, 0, 0, 2, 0
125466, 2, 0, 0, 0, 2, 0
125468, 1, 0, 0, 0, 1, 0
125469, 3, 0, 0, 0, 2, 1
125474, 1, 0, 0, 0, 1, 0
125476, 1, 0, 0, 0, 1, 0
125477, 1, 0, 0, 0, 0, 1
125478, 0, 1, 0, 1, 0, 0
125480, 1, 0, 0, 0, 1, 0
125481, 1, 0, 0, 0, 1, 0
125482, 1, 0, 0, 0, 1, 0
125483, 1, 0, 0, 0, 0, 1
125484, 17, 0, 0, 0, 17, 0
125487, 0, 1, 1, 0, 0, 0
125488, 0, 1, 1, 0, 0, 0
125486, 1, 0, 0, 0, 1, 0
125489, 1, 0, 0, 0, 1, 0
125490, 0, 1, 1, 0, 0, 0
125491, 1, 0, 0, 0, 1, 0
125492, 0, 1, 1, 0, 0, 0
125493, 4, 0, 0, 0, 4, 0
125495, 0, 1, 1, 0, 0, 0
125494, 1, 0, 0, 0, 1, 0
125496, 1, 0, 0, 0, 1, 0
125497, 0, 1, 1, 0, 0, 0
125498, 1, 1, 1, 0, 1, 0
125499, 1, 1, 0, 1, 1, 0
125500, 1, 0, 0, 0, 1, 0
125501, 1, 0, 0, 0, 1, 0
125502, 1, 0, 0, 0, 1, 0
125503, 1, 0, 0, 0, 1, 0
125505, 2, 4, 4, 0, 1, 1
125506, 0, 1, 1, 0, 0, 0
125507, 1, 0, 0, 0, 0, 1
125508, 0, 1, 0, 1, 0, 0
125509, 1, 0, 0, 0, 1, 0
125510, 0, 1, 1, 0, 0, 0
125511, 1, 0, 0, 0, 1, 0
130590, 1, 1, 1, 0, 1, 0
125513, 2, 0, 0, 0, 2, 0
125525, 1, 0, 0, 0, 1, 0
125526, 0, 2, 2, 0, 0, 0
125527, 2, 0, 0, 0, 2, 0
125528, 0, 1, 1, 0, 0, 0
125529, 0, 1, 1, 0, 0, 0
125532, 1, 0, 0, 0, 1, 0
125533, 2, 0, 0, 0, 2, 0
125534, 0, 1, 1, 0, 0, 0
125535, 1, 0, 0, 0, 1, 0
125536, 1, 0, 0, 0, 1, 0
125539, 1, 1, 1, 0, 1, 0
125540, 4, 0, 0, 0, 3, 1
125541, 0, 1, 1, 0, 0, 0
125543, 1, 1, 1, 0, 1, 0
125544, 1, 0, 0, 0, 1, 0
125545, 0, 2, 2, 0, 0, 0
125548, 1, 0, 0, 0, 1, 0
125549, 1, 0, 0, 0, 1, 0
125550, 0, 1, 1, 0, 0, 0
125552, 1, 0, 0, 0, 1, 0
125553, 1, 0, 0, 0, 1, 0
125557, 1, 0, 0, 0, 0, 1
125558, 0, 1, 0, 1, 0, 0
125559, 1, 0, 0, 0, 1, 0
125560, 1, 0, 0, 0, 0, 1
125561, 0, 1, 0, 1, 0, 0
125564, 1, 0, 0, 0, 1, 0
125565, 0, 1, 1, 0, 0, 0
125569, 1, 0, 0, 0, 1, 0
125570, 2, 0, 0, 0, 2, 0
125571, 3, 0, 0, 0, 3, 0
125573, 1, 0, 0, 0, 1, 0
125574, 3, 0, 0, 0, 3, 0
125575, 1, 0, 0, 0, 1, 0
125576, 8, 1, 1, 0, 8, 0
125579, 1, 1, 1, 0, 1, 0
125581, 1, 0, 0, 0, 1, 0
125582, 0, 1, 1, 0, 0, 0
125583, 1, 0, 0, 0, 1, 0
125584, 0, 2, 2, 0, 0, 0
125585, 1, 0, 0, 0, 1, 0
125593, 1, 0, 0, 0, 1, 0
125594, 1, 0, 0, 0, 1, 0
125595, 0, 1, 1, 0, 0, 0
125597, 1, 0, 0, 0, 1, 0
125598, 1, 0, 0, 0, 1, 0
125599, 1, 0, 0, 0, 1, 0
125600, 0, 1, 1, 0, 0, 0
125601, 1, 0, 0, 0, 1, 0
125603, 1, 0, 0, 0, 1, 0
125604, 0, 1, 1, 0, 0, 0
125605, 1, 0, 0, 0, 1, 0
125606, 2, 0, 0, 0, 2, 0
125607, 1, 0, 0, 0, 1, 0
125609, 1, 0, 0, 0, 1, 0
125611, 1, 0, 0, 0, 1, 0
125612, 1, 0, 0, 0, 1, 0
125614, 1, 0, 0, 0, 1, 0
125615, 0, 1, 1, 0, 0, 0
125617, 1, 0, 0, 0, 1, 0
125618, 1, 0, 0, 0, 1, 0
125620, 1, 0, 0, 0, 0, 1
125621, 0, 1, 0, 1, 0, 0
125622, 1, 0, 0, 0, 1, 0
125626, 1, 0, 0, 0, 1, 0
125627, 1, 0, 0, 0, 1, 0
125628, 2, 0, 0, 0, 0, 2
125629, 1, 0, 0, 0, 1, 0
125630, 2, 0, 0, 0, 2, 0
125631, 1, 0, 0, 0, 0, 1
125634, 1, 1, 1, 0, 1, 0
125635, 1, 0, 0, 0, 1, 0
125636, 0, 1, 1, 0, 0, 0
125637, 1, 0, 0, 0, 1, 0
125641, 0, 1, 0, 1, 0, 0
125782, 0, 1, 0, 1, 0, 0
125784, 0, 1, 0, 1, 0, 0
125857, 1, 1, 0, 1, 1, 0
125890, 4, 2, 1, 1, 4, 0
125895, 2, 1, 0, 1, 2, 0
125942, 1, 1, 0, 1, 1, 0
126014, 0, 1, 0, 1, 0, 0
126015, 0, 1, 0, 1, 0, 0
126016, 0, 1, 0, 1, 0, 0
126017, 0, 1, 0, 1, 0, 0
126018, 0, 1, 0, 1, 0, 0
126019, 0, 1, 0, 1, 0, 0
126020, 0, 1, 0, 1, 0, 0
126024, 0, 1, 0, 1, 0, 0
126025, 1, 2, 1, 1, 1, 0
126028, 0, 2, 1, 1, 0, 0
126031, 0, 1, 0, 1, 0, 0
126032, 0, 1, 0, 1, 0, 0
126033, 0, 1, 0, 1, 0, 0
126035, 0, 1, 0, 1, 0, 0
126058, 0, 1, 0, 1, 0, 0
126069, 0, 1, 0, 1, 0, 0
126070, 1, 1, 0, 1, 1, 0
126073, 0, 1, 0, 1, 0, 0
126074, 0, 1, 0, 1, 0, 0
126075, 0, 1, 0, 1, 0, 0
126077, 0, 1, 0, 1, 0, 0
126078, 0, 1, 0, 1, 0, 0
126079, 0, 1, 0, 1, 0, 0
126083, 1, 1, 0, 1, 1, 0
126098, 0, 1, 0, 1, 0, 0
126099, 0, 1, 0, 1, 0, 0
126103, 0, 1, 0, 1, 0, 0
126105, 0, 1, 0, 1, 0, 0
126106, 0, 1, 0, 1, 0, 0
126117, 0, 1, 0, 1, 0, 0
126120, 2, 1, 0, 1, 2, 0
126145, 0, 1, 0, 1, 0, 0
126153, 0, 1, 0, 1, 0, 0
126154, 0, 1, 0, 1, 0, 0
126155, 0, 1, 0, 1, 0, 0
126156, 0, 1, 0, 1, 0, 0
126224, 0, 1, 0, 1, 0, 0
126225, 0, 1, 0, 1, 0, 0
126226, 0, 1, 0, 1, 0, 0
126269, 1, 1, 0, 1, 0, 1
126273, 0, 1, 0, 1, 0, 0
126274, 0, 1, 0, 1, 0, 0
126335, 0, 1, 0, 1, 0, 0
126391, 0, 1, 0, 1, 0, 0
126530, 0, 1, 0, 1, 0, 0
126735, 0, 1, 0, 1, 0, 0
126738, 0, 1, 0, 1, 0, 0
126739, 0, 1, 0, 1, 0, 0
126740, 0, 1, 0, 1, 0, 0
126741, 0, 1, 0, 1, 0, 0
126742, 0, 1, 0, 1, 0, 0
126743, 0, 1, 0, 1, 0, 0
126744, 0, 1, 0, 1, 0, 0
126784, 0, 1, 0, 1, 0, 0
128339, 0, 1, 0, 1, 0, 0
128340, 0, 1, 0, 1, 0, 0
128341, 0, 1, 0, 1, 0, 0
128448, 0, 1, 0, 1, 0, 0
128449, 0, 1, 0, 1, 0, 0
128450, 0, 1, 0, 1, 0, 0
128452, 0, 1, 0, 1, 0, 0
125642, 1, 0, 0, 0, 1, 0
125643, 1, 0, 0, 0, 0, 1
125644, 1, 0, 0, 0, 1, 0
125645, 1, 0, 0, 0, 1, 0
125646, 0, 1, 1, 0, 0, 0
125647, 1, 0, 0, 0, 1, 0
125648, 1, 1, 1, 0, 1, 0
125649, 1, 0, 0, 0, 0, 1
125650, 0, 2, 1, 1, 0, 0
125651, 1, 0, 0, 0, 1, 0
125652, 0, 1, 1, 0, 0, 0
125653, 1, 0, 0, 0, 1, 0
125654, 2, 0, 0, 0, 2, 0
125656, 1, 1, 0, 1, 1, 0
125660, 1, 0, 0, 0, 1, 0
125661, 1, 0, 0, 0, 1, 0
125674, 0, 1, 1, 0, 0, 0
125669, 1, 0, 0, 0, 1, 0
125670, 1, 0, 0, 0, 1, 0
125672, 1, 0, 0, 0, 1, 0
125673, 1, 0, 0, 0, 1, 0
125675, 1, 0, 0, 0, 1, 0
125676, 0, 1, 1, 0, 0, 0
125679, 1, 0, 0, 0, 1, 0
125682, 1, 0, 0, 0, 1, 0
125683, 1, 0, 0, 0, 1, 0
125684, 0, 1, 1, 0, 0, 0
125685, 1, 0, 0, 0, 1, 0
125688, 1, 0, 0, 0, 1, 0
125689, 1, 0, 0, 0, 1, 0
125690, 0, 1, 1, 0, 0, 0
125692, 1, 0, 0, 0, 1, 0
125694, 1, 0, 0, 0, 1, 0
125695, 1, 0, 0, 0, 1, 0
125696, 1, 0, 0, 0, 1, 0
125699, 1, 0, 0, 0, 1, 0
125700, 2, 0, 0, 0, 2, 0
125702, 1, 0, 0, 0, 1, 0
125703, 2, 0, 0, 0, 2, 0
125704, 1, 1, 1, 0, 1, 0
125705, 0, 2, 2, 0, 0, 0
125706, 1, 0, 0, 0, 1, 0
125707, 0, 2, 2, 0, 0, 0
125709, 1, 0, 0, 0, 1, 0
125710, 1, 0, 0, 0, 1, 0
125711, 0, 1, 1, 0, 0, 0
125712, 1, 0, 0, 0, 1, 0
125713, 1, 1, 1, 0, 0, 1
129081, 0, 1, 0, 1, 0, 0
125714, 1, 0, 0, 0, 1, 0
125715, 6, 0, 0, 0, 0, 6
125716, 1, 0, 0, 0, 1, 0
125717, 1, 0, 0, 0, 1, 0
125718, 1, 1, 1, 0, 0, 1
125720, 1, 0, 0, 0, 1, 0
125723, 1, 0, 0, 0, 1, 0
125724, 1, 0, 0, 0, 1, 0
125725, 1, 0, 0, 0, 1, 0
125726, 1, 0, 0, 0, 1, 0
125728, 2, 0, 0, 0, 2, 0
125729, 1, 0, 0, 0, 1, 0
125730, 1, 0, 0, 0, 1, 0
125731, 1, 0, 0, 0, 1, 0
125732, 1, 0, 0, 0, 1, 0
125733, 1, 0, 0, 0, 1, 0
125736, 1, 0, 0, 0, 1, 0
125737, 0, 1, 1, 0, 0, 0
125738, 1, 0, 0, 0, 1, 0
125739, 2, 0, 0, 0, 2, 0
125740, 1, 0, 0, 0, 1, 0
125741, 2, 0, 0, 0, 2, 0
125743, 1, 0, 0, 0, 1, 0
125744, 1, 0, 0, 0, 1, 0
125748, 1, 0, 0, 0, 1, 0
125749, 1, 0, 0, 0, 1, 0
125750, 3, 0, 0, 0, 2, 1
125752, 1, 0, 0, 0, 1, 0
125754, 1, 0, 0, 0, 1, 0
125755, 1, 0, 0, 0, 0, 1
125757, 1, 0, 0, 0, 1, 0
125759, 1, 0, 0, 0, 1, 0
125760, 1, 0, 0, 0, 1, 0
125761, 1, 0, 0, 0, 1, 0
125762, 0, 1, 1, 0, 0, 0
125763, 1, 0, 0, 0, 1, 0
125764, 1, 0, 0, 0, 1, 0
125765, 0, 1, 1, 0, 0, 0
125766, 1, 0, 0, 0, 1, 0
125767, 1, 0, 0, 0, 1, 0
125768, 1, 0, 0, 0, 1, 0
125769, 0, 1, 1, 0, 0, 0
125774, 2, 0, 0, 0, 2, 0
125775, 1, 0, 0, 0, 1, 0
125777, 1, 0, 0, 0, 0, 1
125778, 0, 1, 0, 1, 0, 0
125779, 1, 0, 0, 0, 1, 0
125780, 2, 1, 1, 0, 2, 0
125781, 0, 2, 2, 0, 0, 0
126426, 2, 1, 1, 0, 2, 0
125783, 3, 1, 1, 0, 3, 0
125785, 1, 0, 0, 0, 1, 0
125786, 1, 0, 0, 0, 1, 0
125787, 1, 0, 0, 0, 0, 1
125788, 2, 0, 0, 0, 2, 0
125789, 1, 1, 1, 0, 1, 0
125790, 2, 0, 0, 0, 1, 1
125791, 0, 1, 0, 1, 0, 0
125792, 1, 0, 0, 0, 1, 0
125795, 1, 0, 0, 0, 1, 0
125796, 4, 0, 0, 0, 4, 0
125797, 0, 3, 3, 0, 0, 0
125798, 1, 0, 0, 0, 1, 0
125799, 0, 1, 1, 0, 0, 0
125801, 1, 0, 0, 0, 1, 0
125802, 1, 0, 0, 0, 1, 0
126627, 0, 1, 0, 1, 0, 0
125804, 1, 0, 0, 0, 1, 0
125805, 1, 0, 0, 0, 1, 0
125806, 1, 0, 0, 0, 1, 0
125807, 1, 0, 0, 0, 1, 0
125810, 1, 0, 0, 0, 1, 0
125811, 4, 0, 0, 0, 4, 0
125812, 0, 1, 1, 0, 0, 0
125813, 1, 0, 0, 0, 1, 0
125814, 1, 0, 0, 0, 1, 0
125815, 2, 0, 0, 0, 2, 0
125816, 1, 0, 0, 0, 1, 0
125817, 1, 0, 0, 0, 1, 0
125818, 1, 0, 0, 0, 1, 0
125819, 1, 0, 0, 0, 1, 0
125820, 1, 0, 0, 0, 1, 0
125821, 1, 0, 0, 0, 1, 0
125822, 1, 0, 0, 0, 1, 0
125825, 1, 0, 0, 0, 1, 0
125826, 0, 1, 1, 0, 0, 0
125827, 1, 0, 0, 0, 1, 0
125828, 0, 1, 1, 0, 0, 0
125829, 1, 0, 0, 0, 1, 0
125830, 2, 1, 1, 0, 2, 0
125832, 3, 0, 0, 0, 2, 1
127609, 0, 2, 1, 1, 0, 0
125833, 2, 0, 0, 0, 2, 0
125834, 1, 0, 0, 0, 1, 0
125836, 1, 0, 0, 0, 1, 0
125837, 1, 0, 0, 0, 1, 0
125838, 0, 1, 1, 0, 0, 0
125839, 7, 0, 0, 0, 7, 0
125841, 0, 1, 1, 0, 0, 0
125928, 0, 1, 1, 0, 0, 0
125840, 5, 0, 0, 0, 5, 0
125842, 0, 2, 2, 0, 0, 0
125843, 0, 1, 1, 0, 0, 0
125844, 0, 1, 1, 0, 0, 0
125845, 1, 0, 0, 0, 0, 1
125847, 1, 0, 0, 0, 1, 0
125848, 1, 0, 0, 0, 1, 0
125849, 1, 0, 0, 0, 1, 0
125851, 2, 0, 0, 0, 2, 0
125852, 4, 1, 1, 0, 4, 0
125854, 2, 0, 0, 0, 2, 0
125856, 2, 0, 0, 0, 2, 0
125858, 7, 1, 1, 0, 7, 0
125859, 0, 1, 1, 0, 0, 0
125860, 0, 1, 1, 0, 0, 0
125863, 1, 0, 0, 0, 1, 0
125865, 1, 0, 0, 0, 1, 0
125866, 0, 1, 1, 0, 0, 0
125868, 1, 0, 0, 0, 1, 0
125869, 0, 1, 1, 0, 0, 0
125871, 1, 0, 0, 0, 1, 0
125872, 0, 1, 1, 0, 0, 0
125873, 1, 0, 0, 0, 1, 0
125874, 1, 0, 0, 0, 1, 0
125875, 1, 0, 0, 0, 1, 0
125876, 1, 0, 0, 0, 1, 0
125877, 1, 0, 0, 0, 1, 0
125878, 1, 0, 0, 0, 1, 0
125879, 1, 0, 0, 0, 1, 0
125880, 1, 0, 0, 0, 1, 0
125882, 1, 0, 0, 0, 1, 0
125883, 1, 0, 0, 0, 1, 0
125884, 0, 1, 1, 0, 0, 0
125886, 1, 0, 0, 0, 1, 0
125888, 1, 0, 0, 0, 1, 0
125889, 1, 0, 0, 0, 0, 1
125891, 3, 0, 0, 0, 3, 0
125892, 0, 1, 1, 0, 0, 0
125893, 1, 0, 0, 0, 1, 0
125894, 1, 0, 0, 0, 1, 0
125896, 1, 1, 1, 0, 1, 0
125897, 1, 0, 0, 0, 1, 0
125898, 1, 0, 0, 0, 1, 0
125900, 1, 0, 0, 0, 1, 0
125901, 1, 0, 0, 0, 1, 0
125902, 0, 1, 1, 0, 0, 0
125906, 1, 0, 0, 0, 1, 0
125907, 0, 1, 1, 0, 0, 0
125908, 1, 0, 0, 0, 1, 0
125909, 0, 1, 1, 0, 0, 0
125910, 1, 0, 0, 0, 1, 0
125911, 1, 0, 0, 0, 1, 0
125912, 1, 0, 0, 0, 1, 0
125913, 2, 0, 0, 0, 2, 0
125914, 1, 0, 0, 0, 1, 0
125915, 1, 0, 0, 0, 1, 0
125916, 0, 1, 1, 0, 0, 0
125917, 1, 0, 0, 0, 1, 0
125918, 0, 1, 1, 0, 0, 0
125919, 5, 0, 0, 0, 5, 0
125920, 1, 0, 0, 0, 1, 0
125923, 1, 0, 0, 0, 1, 0
125924, 1, 1, 1, 0, 1, 0
125925, 1, 0, 0, 0, 1, 0
125930, 1, 0, 0, 0, 1, 0
125931, 1, 0, 0, 0, 1, 0
125932, 2, 0, 0, 0, 2, 0
128331, 0, 1, 1, 0, 0, 0
125934, 1, 0, 0, 0, 1, 0
125936, 1, 0, 0, 0, 1, 0
125938, 1, 0, 0, 0, 1, 0
125943, 1, 0, 0, 0, 1, 0
125944, 2, 0, 0, 0, 0, 2
125946, 1, 0, 0, 0, 0, 1
125948, 1, 0, 0, 0, 1, 0
125949, 1, 0, 0, 0, 1, 0
125950, 0, 2, 2, 0, 0, 0
125951, 3, 0, 0, 0, 3, 0
125953, 1, 0, 0, 0, 1, 0
125954, 0, 1, 1, 0, 0, 0
125955, 1, 0, 0, 0, 1, 0
125956, 1, 0, 0, 0, 1, 0
125957, 0, 1, 1, 0, 0, 0
125958, 1, 0, 0, 0, 1, 0
125959, 1, 0, 0, 0, 1, 0
125961, 1, 0, 0, 0, 1, 0
125962, 1, 0, 0, 0, 1, 0
125963, 1, 0, 0, 0, 1, 0
125965, 1, 0, 0, 0, 1, 0
125966, 0, 2, 2, 0, 0, 0
125967, 1, 0, 0, 0, 1, 0
125968, 1, 0, 0, 0, 1, 0
125969, 1, 0, 0, 0, 1, 0
125970, 1, 0, 0, 0, 1, 0
125971, 0, 1, 1, 0, 0, 0
125973, 0, 1, 1, 0, 0, 0
125974, 2, 0, 0, 0, 2, 0
125975, 1, 0, 0, 0, 0, 1
125978, 7, 0, 0, 0, 7, 0
129112, 0, 2, 2, 0, 0, 0
130200, 0, 1, 1, 0, 0, 0
125979, 1, 0, 0, 0, 1, 0
125980, 1, 0, 0, 0, 1, 0
125981, 0, 1, 1, 0, 0, 0
125982, 1, 0, 0, 0, 0, 1
125984, 1, 0, 0, 0, 1, 0
125985, 3, 0, 0, 0, 3, 0
125986, 1, 0, 0, 0, 0, 1
125987, 1, 0, 0, 0, 1, 0
125988, 1, 0, 0, 0, 1, 0
125989, 1, 0, 0, 0, 1, 0
125990, 1, 0, 0, 0, 1, 0
125991, 0, 1, 1, 0, 0, 0
125992, 2, 0, 0, 0, 2, 0
125993, 1, 0, 0, 0, 1, 0
125995, 1, 0, 0, 0, 1, 0
125996, 0, 1, 1, 0, 0, 0
125998, 1, 0, 0, 0, 0, 1
125999, 2, 0, 0, 0, 2, 0
126000, 1, 0, 0, 0, 1, 0
126001, 0, 1, 1, 0, 0, 0
126002, 1, 0, 0, 0, 1, 0
126004, 1, 0, 0, 0, 1, 0
126005, 1, 0, 0, 0, 1, 0
126006, 2, 0, 0, 0, 2, 0
126007, 1, 0, 0, 0, 1, 0
126008, 0, 1, 1, 0, 0, 0
126009, 1, 0, 0, 0, 1, 0
127111, 3, 3, 3, 0, 3, 0
126011, 1, 0, 0, 0, 1, 0
126012, 1, 1, 1, 0, 1, 0
126021, 1, 0, 0, 0, 1, 0
126023, 1, 0, 0, 0, 1, 0
126026, 1, 0, 0, 0, 1, 0
126027, 0, 2, 2, 0, 0, 0
126029, 1, 0, 0, 0, 1, 0
126030, 0, 1, 1, 0, 0, 0
126036, 1, 0, 0, 0, 1, 0
126038, 1, 0, 0, 0, 1, 0
126039, 1, 0, 0, 0, 1, 0
126043, 1, 0, 0, 0, 1, 0
126045, 1, 0, 0, 0, 1, 0
126046, 1, 0, 0, 0, 1, 0
126047, 0, 1, 1, 0, 0, 0
126048, 1, 0, 0, 0, 1, 0
126050, 1, 0, 0, 0, 1, 0
129572, 0, 1, 0, 1, 0, 0
126054, 6, 0, 0, 0, 0, 6
126055, 0, 1, 0, 1, 0, 0
126056, 0, 1, 0, 1, 0, 0
126057, 1, 0, 0, 0, 1, 0
126059, 1, 0, 0, 0, 1, 0
126060, 1, 0, 0, 0, 1, 0
126061, 2, 0, 0, 0, 2, 0
126062, 3, 0, 0, 0, 3, 0
126063, 0, 1, 1, 0, 0, 0
126064, 0, 2, 2, 0, 0, 0
126066, 1, 0, 0, 0, 1, 0
126067, 1, 0, 0, 0, 0, 1
126071, 1, 0, 0, 0, 1, 0
126072, 0, 1, 1, 0, 0, 0
126076, 1, 0, 0, 0, 1, 0
126084, 1, 0, 0, 0, 1, 0
126085, 1, 0, 0, 0, 1, 0
126086, 1, 0, 0, 0, 1, 0
126087, 1, 0, 0, 0, 1, 0
127537, 0, 1, 1, 0, 0, 0
127634, 1, 1, 1, 0, 1, 0
128446, 0, 1, 1, 0, 0, 0
126090, 1, 0, 0, 0, 1, 0
126091, 1, 1, 1, 0, 1, 0
126093, 1, 0, 0, 0, 1, 0
126095, 1, 0, 0, 0, 0, 1
126096, 1, 1, 1, 0, 1, 0
126097, 1, 0, 0, 0, 1, 0
126100, 1, 0, 0, 0, 0, 1
126101, 0, 1, 0, 1, 0, 0
126107, 2, 0, 0, 0, 2, 0
126109, 1, 0, 0, 0, 1, 0
126110, 3, 1, 1, 0, 3, 0
126111, 1, 1, 1, 0, 1, 0
126112, 0, 1, 1, 0, 0, 0
126114, 1, 0, 0, 0, 1, 0
126116, 1, 0, 0, 0, 1, 0
126433, 1, 2, 2, 0, 1, 0
126119, 1, 0, 0, 0, 1, 0
126122, 1, 0, 0, 0, 1, 0
126124, 1, 0, 0, 0, 1, 0
126125, 0, 1, 1, 0, 0, 0
126126, 1, 0, 0, 0, 1, 0
126128, 3, 0, 0, 0, 2, 1
126130, 1, 0, 0, 0, 1, 0
126131, 1, 0, 0, 0, 1, 0
126132, 0, 1, 1, 0, 0, 0
126134, 1, 0, 0, 0, 1, 0
126137, 1, 0, 0, 0, 1, 0
126138, 0, 1, 1, 0, 0, 0
126144, 1, 0, 0, 0, 1, 0
126146, 1, 0, 0, 0, 1, 0
126147, 1, 0, 0, 0, 1, 0
126148, 0, 2, 2, 0, 0, 0
126151, 1, 0, 0, 0, 1, 0
126157, 1, 0, 0, 0, 1, 0
126158, 2, 0, 0, 0, 2, 0
126159, 1, 0, 0, 0, 1, 0
126160, 1, 1, 1, 0, 1, 0
126162, 1, 0, 0, 0, 1, 0
126163, 1, 0, 0, 0, 1, 0
126164, 1, 0, 0, 0, 1, 0
126166, 1, 0, 0, 0, 1, 0
126167, 0, 1, 1, 0, 0, 0
126168, 1, 0, 0, 0, 1, 0
126169, 0, 1, 1, 0, 0, 0
126173, 1, 0, 0, 0, 1, 0
126174, 1, 0, 0, 0, 1, 0
126175, 1, 0, 0, 0, 0, 1
126177, 3, 0, 0, 0, 3, 0
126178, 0, 2, 2, 0, 0, 0
126179, 5, 3, 3, 0, 4, 1
126418, 3, 2, 2, 0, 2, 1
126296, 2, 1, 1, 0, 1, 1
126325, 0, 1, 1, 0, 0, 0
126180, 3, 0, 0, 0, 2, 1
126204, 0, 2, 1, 1, 0, 0
126183, 1, 0, 0, 0, 1, 0
126184, 1, 0, 0, 0, 1, 0
126185, 0, 1, 1, 0, 0, 0
126186, 1, 0, 0, 0, 1, 0
126187, 3, 0, 0, 0, 3, 0
126188, 1, 0, 0, 0, 1, 0
126189, 1, 0, 0, 0, 1, 0
126190, 0, 1, 1, 0, 0, 0
126192, 2, 1, 1, 0, 2, 0
126195, 1, 0, 0, 0, 0, 1
126196, 0, 1, 0, 1, 0, 0
126197, 1, 0, 0, 0, 1, 0
126198, 1, 0, 0, 0, 1, 0
126199, 0, 2, 2, 0, 0, 0
126200, 1, 0, 0, 0, 1, 0
126201, 2, 0, 0, 0, 2, 0
126203, 1, 0, 0, 0, 1, 0
126205, 1, 0, 0, 0, 1, 0
126206, 1, 0, 0, 0, 1, 0
126207, 1, 0, 0, 0, 1, 0
126210, 1, 1, 1, 0, 1, 0
130046, 0, 1, 1, 0, 0, 0
126212, 1, 0, 0, 0, 1, 0
126213, 0, 1, 1, 0, 0, 0
126214, 1, 0, 0, 0, 1, 0
126215, 3, 0, 0, 0, 3, 0
126216, 1, 0, 0, 0, 1, 0
126219, 1, 1, 1, 0, 1, 0
126221, 2, 0, 0, 0, 2, 0
126222, 1, 0, 0, 0, 1, 0
126223, 0, 2, 2, 0, 0, 0
126228, 1, 0, 0, 0, 1, 0
126229, 0, 1, 1, 0, 0, 0
126230, 1, 0, 0, 0, 1, 0
126231, 1, 0, 0, 0, 0, 1
126232, 0, 2, 1, 1, 0, 0
126234, 1, 0, 0, 0, 1, 0
126241, 3, 0, 0, 0, 0, 3
126242, 2, 0, 0, 0, 2, 0
126243, 1, 0, 0, 0, 1, 0
126244, 0, 1, 1, 0, 0, 0
126245, 1, 0, 0, 0, 1, 0
126246, 0, 4, 4, 0, 0, 0
126247, 1, 0, 0, 0, 1, 0
126248, 1, 0, 0, 0, 1, 0
126249, 1, 0, 0, 0, 1, 0
126250, 1, 0, 0, 0, 1, 0
126251, 0, 1, 1, 0, 0, 0
126252, 4, 0, 0, 0, 4, 0
126253, 1, 0, 0, 0, 1, 0
126256, 1, 0, 0, 0, 1, 0
126257, 0, 1, 1, 0, 0, 0
126258, 1, 0, 0, 0, 1, 0
126259, 1, 0, 0, 0, 1, 0
126260, 2, 0, 0, 0, 2, 0
126261, 0, 1, 1, 0, 0, 0
126262, 6, 0, 0, 0, 6, 0
126263, 3, 1, 1, 0, 3, 0
126264, 1, 0, 0, 0, 1, 0
126267, 1, 0, 0, 0, 0, 1
126268, 0, 1, 0, 1, 0, 0
126270, 1, 0, 0, 0, 1, 0
126271, 1, 1, 1, 0, 1, 0
126334, 0, 1, 1, 0, 0, 0
126272, 1, 0, 0, 0, 0, 1
126276, 1, 1, 1, 0, 1, 0
126277, 1, 0, 0, 0, 1, 0
126278, 1, 0, 0, 0, 1, 0
126279, 1, 0, 0, 0, 1, 0
126282, 2, 0, 0, 0, 1, 1
126283, 1, 0, 0, 0, 1, 0
126284, 1, 0, 0, 0, 1, 0
126285, 1, 0, 0, 0, 1, 0
126286, 1, 0, 0, 0, 1, 0
126287, 1, 0, 0, 0, 0, 1
126288, 1, 0, 0, 0, 1, 0
126291, 1, 0, 0, 0, 1, 0
126293, 1, 0, 0, 0, 1, 0
126294, 1, 0, 0, 0, 1, 0
126295, 2, 0, 0, 0, 2, 0
126298, 1, 0, 0, 0, 1, 0
126299, 0, 1, 1, 0, 0, 0
126300, 1, 0, 0, 0, 1, 0
126301, 1, 0, 0, 0, 1, 0
126304, 1, 0, 0, 0, 1, 0
126305, 0, 1, 1, 0, 0, 0
126306, 1, 0, 0, 0, 1, 0
126308, 2, 0, 0, 0, 2, 0
126309, 1, 0, 0, 0, 1, 0
126310, 0, 1, 1, 0, 0, 0
126311, 1, 0, 0, 0, 1, 0
126312, 0, 1, 1, 0, 0, 0
126314, 3, 0, 0, 0, 2, 1
126316, 1, 0, 0, 0, 1, 0
126317, 1, 0, 0, 0, 1, 0
126318, 1, 1, 1, 0, 1, 0
126319, 1, 1, 1, 0, 1, 0
126321, 1, 0, 0, 0, 1, 0
126322, 0, 1, 1, 0, 0, 0
126326, 1, 0, 0, 0, 1, 0
126327, 0, 1, 1, 0, 0, 0
126328, 1, 0, 0, 0, 1, 0
126329, 0, 1, 1, 0, 0, 0
126330, 1, 0, 0, 0, 1, 0
126331, 5, 0, 0, 0, 5, 0
127733, 0, 1, 1, 0, 0, 0
126332, 1, 0, 0, 0, 1, 0
126333, 2, 0, 0, 0, 2, 0
126336, 2, 0, 0, 0, 2, 0
126337, 0, 1, 1, 0, 0, 0
126338, 1, 0, 0, 0, 1, 0
126340, 1, 0, 0, 0, 1, 0
126341, 0, 1, 1, 0, 0, 0
126342, 1, 0, 0, 0, 1, 0
126343, 1, 0, 0, 0, 1, 0
126344, 0, 1, 1, 0, 0, 0
126345, 3, 0, 0, 0, 3, 0
126346, 0, 1, 1, 0, 0, 0
126347, 1, 0, 0, 0, 1, 0
126348, 2, 0, 0, 0, 2, 0
126349, 1, 0, 0, 0, 1, 0
126350, 1, 0, 0, 0, 1, 0
126351, 1, 0, 0, 0, 1, 0
126352, 1, 0, 0, 0, 1, 0
126353, 1, 0, 0, 0, 1, 0
126356, 1, 0, 0, 0, 1, 0
126357, 1, 0, 0, 0, 1, 0
126359, 2, 0, 0, 0, 2, 0
126360, 1, 0, 0, 0, 1, 0
126361, 1, 0, 0, 0, 1, 0
126362, 0, 1, 1, 0, 0, 0
126365, 1, 0, 0, 0, 1, 0
126367, 1, 0, 0, 0, 1, 0
126369, 0, 1, 1, 0, 0, 0
126511, 0, 1, 1, 0, 0, 0
126370, 1, 0, 0, 0, 1, 0
126371, 0, 2, 2, 0, 0, 0
126373, 1, 0, 0, 0, 0, 1
126374, 1, 0, 0, 0, 1, 0
126375, 1, 0, 0, 0, 1, 0
126376, 0, 1, 1, 0, 0, 0
126377, 1, 0, 0, 0, 1, 0
126379, 1, 0, 0, 0, 1, 0
126382, 1, 0, 0, 0, 1, 0
126383, 1, 0, 0, 0, 1, 0
126384, 0, 1, 1, 0, 0, 0
126385, 1, 0, 0, 0, 1, 0
126386, 0, 1, 1, 0, 0, 0
126387, 2, 0, 0, 0, 2, 0
126388, 0, 1, 1, 0, 0, 0
126390, 1, 0, 0, 0, 1, 0
126392, 1, 0, 0, 0, 1, 0
126393, 1, 0, 0, 0, 1, 0
126395, 1, 0, 0, 0, 1, 0
126396, 3, 0, 0, 0, 1, 2
126397, 1, 0, 0, 0, 1, 0
126398, 2, 0, 0, 0, 2, 0
126399, 2, 0, 0, 0, 1, 1
126400, 1, 0, 0, 0, 1, 0
126403, 1, 0, 0, 0, 1, 0
126404, 1, 0, 0, 0, 1, 0
126406, 1, 0, 0, 0, 1, 0
126407, 1, 0, 0, 0, 0, 1
126410, 4, 0, 0, 0, 4, 0
126411, 0, 1, 1, 0, 0, 0
126412, 0, 1, 1, 0, 0, 0
126413, 2, 0, 0, 0, 2, 0
126415, 1, 0, 0, 0, 1, 0
126416, 0, 2, 2, 0, 0, 0
126417, 1, 0, 0, 0, 1, 0
127720, 0, 1, 0, 1, 0, 0
126419, 1, 0, 0, 0, 1, 0
126420, 1, 1, 1, 0, 1, 0
126421, 0, 1, 1, 0, 0, 0
126422, 1, 0, 0, 0, 1, 0
126424, 1, 1, 1, 0, 1, 0
126425, 5, 0, 0, 0, 5, 0
126428, 1, 0, 0, 0, 1, 0
126430, 1, 0, 0, 0, 1, 0
130370, 0, 1, 1, 0, 0, 0
126435, 1, 0, 0, 0, 1, 0
126436, 1, 0, 0, 0, 1, 0
126437, 0, 1, 1, 0, 0, 0
126439, 1, 0, 0, 0, 1, 0
126440, 1, 0, 0, 0, 1, 0
126441, 1, 0, 0, 0, 1, 0
126443, 1, 0, 0, 0, 1, 0
126444, 0, 1, 1, 0, 0, 0
126445, 1, 0, 0, 0, 1, 0
126446, 2, 0, 0, 0, 2, 0
126448, 1, 0, 0, 0, 1, 0
126449, 3, 0, 0, 0, 2, 1
126451, 1, 0, 0, 0, 1, 0
126452, 2, 0, 0, 0, 2, 0
126453, 1, 0, 0, 0, 1, 0
126455, 1, 0, 0, 0, 1, 0
126456, 1, 0, 0, 0, 1, 0
126461, 1, 0, 0, 0, 1, 0
126465, 2, 3, 3, 0, 2, 0
126467, 1, 0, 0, 0, 1, 0
126468, 1, 0, 0, 0, 1, 0
126469, 0, 1, 1, 0, 0, 0
126470, 1, 0, 0, 0, 1, 0
126471, 1, 0, 0, 0, 1, 0
126474, 1, 0, 0, 0, 1, 0
126475, 1, 1, 1, 0, 0, 1
126476, 1, 0, 0, 0, 1, 0
126478, 1, 0, 0, 0, 1, 0
126479, 3, 0, 0, 0, 3, 0
126480, 1, 0, 0, 0, 1, 0
126481, 1, 0, 0, 0, 0, 1
126482, 1, 1, 1, 0, 1, 0
126483, 4, 0, 0, 0, 4, 0
126485, 0, 1, 1, 0, 0, 0
126484, 1, 0, 0, 0, 0, 1
126486, 1, 0, 0, 0, 0, 1
126488, 1, 0, 0, 0, 1, 0
126489, 0, 2, 2, 0, 0, 0
126490, 1, 0, 0, 0, 1, 0
127070, 0, 1, 0, 1, 0, 0
127260, 0, 1, 1, 0, 0, 0
127327, 0, 1, 1, 0, 0, 0
127354, 0, 2, 1, 1, 0, 0
126492, 1, 0, 0, 0, 1, 0
126493, 0, 1, 1, 0, 0, 0
126496, 1, 0, 0, 0, 1, 0
126501, 2, 1, 1, 0, 2, 0
127094, 1, 1, 1, 0, 1, 0
126502, 1, 0, 0, 0, 1, 0
126503, 0, 1, 1, 0, 0, 0
126508, 1, 0, 0, 0, 1, 0
126509, 0, 1, 1, 0, 0, 0
126510, 1, 0, 0, 0, 1, 0
126514, 5, 0, 0, 0, 5, 0
126515, 1, 0, 0, 0, 1, 0
126516, 2, 0, 0, 0, 2, 0
126517, 1, 0, 0, 0, 1, 0
126519, 1, 0, 0, 0, 1, 0
126521, 1, 0, 0, 0, 1, 0
126523, 1, 0, 0, 0, 1, 0
126524, 0, 1, 1, 0, 0, 0
126525, 1, 0, 0, 0, 1, 0
126526, 0, 1, 1, 0, 0, 0
126528, 1, 0, 0, 0, 1, 0
126529, 0, 1, 1, 0, 0, 0
126532, 1, 0, 0, 0, 1, 0
126533, 1, 0, 0, 0, 1, 0
126534, 1, 0, 0, 0, 1, 0
126536, 0, 1, 1, 0, 0, 0
126542, 1, 1, 1, 0, 1, 0
126543, 1, 0, 0, 0, 1, 0
126544, 18, 2, 2, 0, 18, 0
126545, 0, 1, 1, 0, 0, 0
126546, 1, 0, 0, 0, 0, 1
126547, 1, 0, 0, 0, 1, 0
126548, 5, 0, 0, 0, 5, 0
126549, 3, 0, 0, 0, 3, 0
126835, 0, 1, 0, 1, 0, 0
126552, 5, 0, 0, 0, 5, 0
126553, 2, 0, 0, 0, 0, 2
126554, 0, 1, 0, 1, 0, 0
126555, 0, 1, 0, 1, 0, 0
126557, 1, 0, 0, 0, 1, 0
126560, 1, 0, 0, 0, 1, 0
126563, 2, 0, 0, 0, 2, 0
126565, 1, 0, 0, 0, 0, 1
126566, 1, 0, 0, 0, 1, 0
126568, 1, 0, 0, 0, 1, 0
126571, 1, 0, 0, 0, 1, 0
126572, 1, 0, 0, 0, 1, 0
126573, 1, 0, 0, 0, 1, 0
126574, 0, 1, 1, 0, 0, 0
126575, 1, 0, 0, 0, 0, 1
126576, 0, 1, 0, 1, 0, 0
126577, 1, 0, 0, 0, 1, 0
126578, 1, 0, 0, 0, 1, 0
126579, 1, 0, 0, 0, 1, 0
126580, 1, 0, 0, 0, 1, 0
126581, 1, 0, 0, 0, 0, 1
126583, 1, 0, 0, 0, 1, 0
126584, 0, 1, 1, 0, 0, 0
126585, 3, 0, 0, 0, 3, 0
128558, 0, 1, 1, 0, 0, 0
126586, 1, 0, 0, 0, 1, 0
126587, 1, 0, 0, 0, 1, 0
126588, 1, 0, 0, 0, 1, 0
126591, 1, 0, 0, 0, 1, 0
126593, 2, 0, 0, 0, 2, 0
126594, 0, 1, 1, 0, 0, 0
126595, 0, 1, 1, 0, 0, 0
126596, 1, 1, 1, 0, 1, 0
126597, 1, 0, 0, 0, 1, 0
126600, 2, 0, 0, 0, 2, 0
126601, 1, 0, 0, 0, 1, 0
126605, 1, 0, 0, 0, 1, 0
126606, 2, 0, 0, 0, 2, 0
126607, 1, 0, 0, 0, 0, 1
126608, 2, 0, 0, 0, 2, 0
126614, 0, 1, 1, 0, 0, 0
126609, 3, 0, 0, 0, 3, 0
126611, 0, 1, 1, 0, 0, 0
126613, 1, 0, 0, 0, 1, 0
126615, 1, 0, 0, 0, 0, 1
126616, 1, 0, 0, 0, 1, 0
126617, 0, 1, 1, 0, 0, 0
126619, 1, 0, 0, 0, 1, 0
126620, 1, 0, 0, 0, 1, 0
126621, 1, 0, 0, 0, 1, 0
126622, 1, 0, 0, 0, 1, 0
126624, 1, 0, 0, 0, 1, 0
126625, 1, 0, 0, 0, 1, 0
126626, 0, 1, 1, 0, 0, 0
126628, 1, 0, 0, 0, 1, 0
126629, 1, 0, 0, 0, 1, 0
126630, 0, 1, 1, 0, 0, 0
126632, 1, 0, 0, 0, 1, 0
126633, 1, 1, 1, 0, 1, 0
131002, 0, 1, 0, 1, 0, 0
126636, 1, 0, 0, 0, 1, 0
126637, 2, 0, 0, 0, 2, 0
126638, 0, 1, 1, 0, 0, 0
126639, 1, 0, 0, 0, 1, 0
126640, 0, 3, 3, 0, 0, 0
126643, 1, 0, 0, 0, 1, 0
126644, 0, 1, 1, 0, 0, 0
126645, 1, 0, 0, 0, 1, 0
126646, 1, 0, 0, 0, 1, 0
126647, 4, 1, 1, 0, 4, 0
126648, 1, 0, 0, 0, 1, 0
126649, 0, 1, 1, 0, 0, 0
126651, 0, 1, 1, 0, 0, 0
126652, 1, 0, 0, 0, 1, 0
126653, 0, 1, 1, 0, 0, 0
126654, 1, 0, 0, 0, 1, 0
126655, 0, 1, 1, 0, 0, 0
126656, 1, 0, 0, 0, 1, 0
126657, 1, 0, 0, 0, 1, 0
126658, 0, 1, 1, 0, 0, 0
126659, 1, 0, 0, 0, 1, 0
126660, 1, 0, 0, 0, 1, 0
126661, 1, 0, 0, 0, 1, 0
126662, 0, 2, 2, 0, 0, 0
126663, 2, 0, 0, 0, 2, 0
126664, 0, 1, 1, 0, 0, 0
126666, 1, 0, 0, 0, 1, 0
126667, 0, 1, 1, 0, 0, 0
126668, 1, 0, 0, 0, 1, 0
126669, 1, 0, 0, 0, 1, 0
126670, 1, 0, 0, 0, 1, 0
126671, 1, 0, 0, 0, 1, 0
126672, 0, 1, 1, 0, 0, 0
126675, 1, 0, 0, 0, 0, 1
126676, 1, 0, 0, 0, 1, 0
126678, 0, 1, 1, 0, 0, 0
126679, 1, 0, 0, 0, 1, 0
126680, 0, 1, 1, 0, 0, 0
126684, 1, 0, 0, 0, 1, 0
126685, 0, 2, 2, 0, 0, 0
126687, 1, 0, 0, 0, 1, 0
126688, 1, 0, 0, 0, 0, 1
126689, 1, 0, 0, 0, 1, 0
126692, 1, 0, 0, 0, 0, 1
126694, 1, 0, 0, 0, 1, 0
126695, 0, 1, 1, 0, 0, 0
126697, 1, 0, 0, 0, 1, 0
126698, 1, 0, 0, 0, 1, 0
126701, 3, 0, 0, 0, 3, 0
126702, 0, 1, 1, 0, 0, 0
126706, 0, 1, 1, 0, 0, 0
126703, 7, 0, 0, 0, 7, 0
126704, 0, 1, 1, 0, 0, 0
126707, 2, 0, 0, 0, 2, 0
126711, 1, 0, 0, 0, 1, 0
126712, 0, 1, 1, 0, 0, 0
126713, 1, 0, 0, 0, 1, 0
126714, 0, 1, 1, 0, 0, 0
126716, 2, 0, 0, 0, 1, 1
126717, 0, 1, 1, 0, 0, 0
126718, 0, 1, 0, 1, 0, 0
126719, 1, 0, 0, 0, 1, 0
126720, 1, 1, 1, 0, 1, 0
126721, 4, 0, 0, 0, 4, 0
126722, 0, 1, 1, 0, 0, 0
126725, 1, 0, 0, 0, 1, 0
126726, 5, 0, 0, 0, 5, 0
126727, 1, 0, 0, 0, 1, 0
126728, 0, 1, 1, 0, 0, 0
126729, 1, 0, 0, 0, 0, 1
126730, 1, 0, 0, 0, 1, 0
126731, 1, 0, 0, 0, 1, 0
126732, 0, 1, 1, 0, 0, 0
126733, 2, 0, 0, 0, 2, 0
126734, 1, 0, 0, 0, 1, 0
126737, 1, 0, 0, 0, 1, 0
126745, 1, 0, 0, 0, 0, 1
126746, 1, 0, 0, 0, 0, 1
126748, 1, 0, 0, 0, 1, 0
126749, 1, 0, 0, 0, 1, 0
126750, 1, 0, 0, 0, 1, 0
126751, 2, 0, 0, 0, 2, 0
126752, 1, 0, 0, 0, 1, 0
126754, 1, 0, 0, 0, 1, 0
126755, 0, 1, 1, 0, 0, 0
126757, 1, 1, 1, 0, 1, 0
126758, 1, 0, 0, 0, 1, 0
126759, 0, 3, 3, 0, 0, 0
126762, 1, 0, 0, 0, 1, 0
126763, 1, 0, 0, 0, 1, 0
126764, 0, 1, 1, 0, 0, 0
126767, 1, 0, 0, 0, 1, 0
126768, 0, 1, 1, 0, 0, 0
126769, 1, 0, 0, 0, 1, 0
126770, 1, 0, 0, 0, 1, 0
126771, 0, 1, 1, 0, 0, 0
126772, 8, 1, 1, 0, 8, 0
126774, 1, 0, 0, 0, 0, 1
126775, 2, 0, 0, 0, 2, 0
126776, 0, 1, 1, 0, 0, 0
126777, 2, 0, 0, 0, 2, 0
126805, 0, 1, 1, 0, 0, 0
126778, 1, 0, 0, 0, 1, 0
126779, 0, 1, 1, 0, 0, 0
126780, 1, 0, 0, 0, 1, 0
126781, 1, 0, 0, 0, 1, 0
126782, 1, 0, 0, 0, 1, 0
126783, 0, 1, 1, 0, 0, 0
126785, 1, 0, 0, 0, 1, 0
126786, 2, 0, 0, 0, 2, 0
126787, 0, 1, 1, 0, 0, 0
126789, 1, 0, 0, 0, 1, 0
126791, 1, 0, 0, 0, 1, 0
126792, 1, 0, 0, 0, 1, 0
126794, 1, 0, 0, 0, 1, 0
126795, 1, 0, 0, 0, 1, 0
126796, 4, 0, 0, 0, 4, 0
127563, 0, 1, 1, 0, 0, 0
127845, 0, 1, 1, 0, 0, 0
126797, 1, 0, 0, 0, 1, 0
126798, 1, 0, 0, 0, 1, 0
126799, 1, 0, 0, 0, 1, 0
126800, 1, 0, 0, 0, 0, 1
126801, 1, 0, 0, 0, 1, 0
126802, 0, 1, 1, 0, 0, 0
126803, 1, 0, 0, 0, 0, 1
126804, 0, 1, 0, 1, 0, 0
126806, 1, 0, 0, 0, 0, 1
126807, 1, 0, 0, 0, 1, 0
126808, 1, 0, 0, 0, 1, 0
126809, 2, 0, 0, 0, 2, 0
126811, 1, 0, 0, 0, 0, 1
126813, 2, 0, 0, 0, 2, 0
126815, 1, 0, 0, 0, 1, 0
126816, 0, 1, 1, 0, 0, 0
126817, 2, 0, 0, 0, 0, 2
126818, 1, 0, 0, 0, 0, 1
126819, 0, 1, 0, 1, 0, 0
126820, 2, 0, 0, 0, 2, 0
126823, 1, 0, 0, 0, 1, 0
126824, 0, 1, 1, 0, 0, 0
126825, 1, 0, 0, 0, 1, 0
126826, 0, 1, 1, 0, 0, 0
126827, 2, 0, 0, 0, 2, 0
126943, 0, 1, 1, 0, 0, 0
126829, 0, 2, 2, 0, 0, 0
126830, 1, 0, 0, 0, 1, 0
126831, 1, 0, 0, 0, 1, 0
126832, 1, 0, 0, 0, 1, 0
126833, 23, 0, 0, 0, 23, 0
126834, 0, 1, 1, 0, 0, 0
127412, 0, 1, 1, 0, 0, 0
126837, 1, 0, 0, 0, 1, 0
126838, 0, 1, 1, 0, 0, 0
126840, 2, 0, 0, 0, 2, 0
126841, 1, 0, 0, 0, 1, 0
126843, 2, 0, 0, 0, 2, 0
126844, 1, 0, 0, 0, 1, 0
126845, 1, 0, 0, 0, 1, 0
126846, 1, 0, 0, 0, 1, 0
126847, 0, 1, 1, 0, 0, 0
126848, 1, 0, 0, 0, 1, 0
126849, 1, 0, 0, 0, 1, 0
126850, 1, 1, 0, 1, 0, 1
126853, 1, 0, 0, 0, 1, 0
126854, 1, 0, 0, 0, 1, 0
126856, 1, 1, 1, 0, 1, 0
126859, 1, 1, 1, 0, 1, 0
126860, 1, 0, 0, 0, 1, 0
126862, 5, 0, 0, 0, 5, 0
126863, 0, 1, 1, 0, 0, 0
126866, 0, 1, 1, 0, 0, 0
126864, 1, 0, 0, 0, 1, 0
126865, 0, 1, 1, 0, 0, 0
126868, 1, 0, 0, 0, 1, 0
126870, 2, 0, 0, 0, 2, 0
126871, 0, 1, 1, 0, 0, 0
126872, 1, 0, 0, 0, 1, 0
126873, 0, 1, 1, 0, 0, 0
126874, 2, 0, 0, 0, 2, 0
126876, 1, 0, 0, 0, 1, 0
126877, 1, 0, 0, 0, 1, 0
126878, 2, 0, 0, 0, 0, 2
126879, 1, 0, 0, 0, 1, 0
126880, 0, 1, 1, 0, 0, 0
126881, 1, 0, 0, 0, 1, 0
126883, 3, 0, 0, 0, 3, 0
126884, 5, 0, 0, 0, 5, 0
126885, 1, 0, 0, 0, 1, 0
126887, 1, 0, 0, 0, 1, 0
126888, 1, 0, 0, 0, 1, 0
126889, 1, 0, 0, 0, 0, 1
126892, 1, 0, 0, 0, 1, 0
126893, 0, 1, 1, 0, 0, 0
126895, 1, 0, 0, 0, 1, 0
126899, 1, 0, 0, 0, 1, 0
126900, 2, 0, 0, 0, 2, 0
126901, 1, 0, 0, 0, 0, 1
126903, 1, 0, 0, 0, 1, 0
126904, 1, 0, 0, 0, 1, 0
126905, 0, 1, 1, 0, 0, 0
126906, 1, 0, 0, 0, 1, 0
126907, 0, 1, 1, 0, 0, 0
126909, 1, 0, 0, 0, 1, 0
126910, 1, 0, 0, 0, 1, 0
126911, 1, 0, 0, 0, 1, 0
126912, 0, 1, 1, 0, 0, 0
126913, 1, 0, 0, 0, 0, 1
126914, 1, 0, 0, 0, 1, 0
126915, 0, 1, 1, 0, 0, 0
126917, 1, 0, 0, 0, 0, 1
126918, 0, 1, 0, 1, 0, 0
126919, 1, 0, 0, 0, 1, 0
126923, 1, 0, 0, 0, 1, 0
126924, 0, 1, 1, 0, 0, 0
126925, 3, 0, 0, 0, 3, 0
126928, 5, 0, 0, 0, 4, 1
126964, 0, 1, 1, 0, 0, 0
127670, 0, 1, 1, 0, 0, 0
127673, 0, 1, 1, 0, 0, 0
126930, 16, 0, 0, 0, 16, 0
126931, 3, 0, 0, 0, 3, 0
126932, 0, 1, 1, 0, 0, 0
126933, 0, 1, 1, 0, 0, 0
126934, 1, 0, 0, 0, 1, 0
126935, 1, 0, 0, 0, 1, 0
126936, 1, 0, 0, 0, 1, 0
126938, 1, 0, 0, 0, 0, 1
126939, 1, 1, 1, 0, 1, 0
126940, 1, 1, 1, 0, 1, 0
126942, 1, 0, 0, 0, 1, 0
126944, 1, 0, 0, 0, 1, 0
126945, 0, 1, 1, 0, 0, 0
126946, 3, 0, 0, 0, 2, 1
126947, 1, 0, 0, 0, 0, 1
126948, 1, 0, 0, 0, 1, 0
126949, 1, 0, 0, 0, 0, 1
126951, 1, 0, 0, 0, 1, 0
126953, 1, 0, 0, 0, 1, 0
126955, 1, 0, 0, 0, 1, 0
126956, 1, 0, 0, 0, 0, 1
126957, 0, 1, 0, 1, 0, 0
128627, 1, 1, 1, 0, 1, 0
128695, 11, 1, 1, 0, 11, 0
126961, 1, 0, 0, 0, 1, 0
126962, 1, 0, 0, 0, 0, 1
126963, 0, 1, 0, 1, 0, 0
126965, 7, 1, 1, 0, 7, 0
130255, 0, 2, 2, 0, 0, 0
126968, 1, 0, 0, 0, 1, 0
126969, 1, 0, 0, 0, 1, 0
126973, 1, 0, 0, 0, 1, 0
126974, 0, 1, 1, 0, 0, 0
126976, 1, 0, 0, 0, 1, 0
126977, 1, 0, 0, 0, 1, 0
126978, 0, 1, 1, 0, 0, 0
126980, 1, 0, 0, 0, 1, 0
126981, 1, 0, 0, 0, 0, 1
126982, 0, 1, 0, 1, 0, 0
126984, 1, 0, 0, 0, 1, 0
126986, 1, 0, 0, 0, 1, 0
126989, 2, 0, 0, 0, 0, 2
126990, 1, 1, 0, 1, 0, 1
126991, 1, 0, 0, 0, 1, 0
126992, 1, 0, 0, 0, 1, 0
126993, 0, 1, 1, 0, 0, 0
126994, 2, 0, 0, 0, 2, 0
126995, 1, 1, 1, 0, 1, 0
126996, 1, 0, 0, 0, 1, 0
127004, 1, 0, 0, 0, 1, 0
127005, 1, 0, 0, 0, 1, 0
127006, 0, 1, 1, 0, 0, 0
127007, 1, 0, 0, 0, 0, 1
127008, 1, 0, 0, 0, 1, 0
127009, 1, 0, 0, 0, 1, 0
127010, 0, 1, 1, 0, 0, 0
127011, 3, 0, 0, 0, 2, 1
127012, 0, 1, 0, 1, 0, 0
127013, 1, 0, 0, 0, 1, 0
127018, 2, 0, 0, 0, 2, 0
127019, 0, 1, 1, 0, 0, 0
127020, 1, 0, 0, 0, 1, 0
127022, 3, 0, 0, 0, 3, 0
127025, 1, 0, 0, 0, 1, 0
127027, 1, 0, 0, 0, 0, 1
127029, 2, 0, 0, 0, 2, 0
127030, 0, 1, 1, 0, 0, 0
127031, 1, 0, 0, 0, 1, 0
127032, 0, 2, 2, 0, 0, 0
127034, 3, 0, 0, 0, 3, 0
127036, 1, 0, 0, 0, 1, 0
127037, 2, 0, 0, 0, 2, 0
127039, 1, 0, 0, 0, 1, 0
127040, 0, 1, 1, 0, 0, 0
127041, 1, 0, 0, 0, 1, 0
127043, 1, 1, 0, 1, 0, 1
127044, 1, 0, 0, 0, 1, 0
127046, 1, 0, 0, 0, 1, 0
127047, 1, 0, 0, 0, 1, 0
127048, 2, 0, 0, 0, 2, 0
127049, 0, 1, 1, 0, 0, 0
127050, 2, 0, 0, 0, 2, 0
127073, 0, 1, 1, 0, 0, 0
127051, 2, 0, 0, 0, 2, 0
127055, 2, 0, 0, 0, 2, 0
127056, 3, 0, 0, 0, 3, 0
127057, 0, 1, 1, 0, 0, 0
127058, 0, 1, 1, 0, 0, 0
127059, 0, 1, 1, 0, 0, 0
127060, 1, 0, 0, 0, 1, 0
127063, 3, 0, 0, 0, 3, 0
127066, 0, 1, 1, 0, 0, 0
127065, 1, 0, 0, 0, 1, 0
127071, 1, 0, 0, 0, 1, 0
127072, 1, 0, 0, 0, 1, 0
127076, 1, 0, 0, 0, 1, 0
127078, 1, 0, 0, 0, 1, 0
127079, 0, 2, 2, 0, 0, 0
127080, 1, 0, 0, 0, 1, 0
127081, 1, 0, 0, 0, 1, 0
127082, 1, 0, 0, 0, 1, 0
127083, 0, 1, 1, 0, 0, 0
127084, 2, 0, 0, 0, 2, 0
127086, 1, 0, 0, 0, 1, 0
127087, 0, 1, 1, 0, 0, 0
127088, 1, 0, 0, 0, 1, 0
127141, 0, 1, 0, 1, 0, 0
127142, 0, 1, 0, 1, 0, 0
127090, 1, 0, 0, 0, 0, 1
127092, 1, 0, 0, 0, 1, 0
127093, 1, 0, 0, 0, 0, 1
127095, 1, 0, 0, 0, 1, 0
127096, 0, 1, 1, 0, 0, 0
127097, 25, 0, 0, 0, 25, 0
127149, 0, 1, 1, 0, 0, 0
127151, 0, 1, 1, 0, 0, 0
127098, 1, 0, 0, 0, 1, 0
127099, 0, 1, 1, 0, 0, 0
127101, 1, 0, 0, 0, 0, 1
127102, 1, 0, 0, 0, 1, 0
127103, 0, 1, 1, 0, 0, 0
127105, 1, 0, 0, 0, 1, 0
127106, 1, 0, 0, 0, 1, 0
127107, 1, 0, 0, 0, 1, 0
127108, 1, 0, 0, 0, 1, 0
127109, 1, 0, 0, 0, 1, 0
127110, 0, 1, 1, 0, 0, 0
127112, 1, 0, 0, 0, 1, 0
127113, 0, 1, 1, 0, 0, 0
127116, 1, 0, 0, 0, 0, 1
127117, 0, 1, 0, 1, 0, 0
127119, 8, 0, 0, 0, 8, 0
127122, 1, 0, 0, 0, 0, 1
127125, 1, 0, 0, 0, 1, 0
127126, 1, 0, 0, 0, 1, 0
127127, 1, 0, 0, 0, 1, 0
127128, 0, 1, 1, 0, 0, 0
127131, 1, 1, 1, 0, 1, 0
127133, 1, 1, 1, 0, 1, 0
127134, 1, 0, 0, 0, 1, 0
127135, 0, 1, 1, 0, 0, 0
127136, 1, 0, 0, 0, 1, 0
127139, 1, 0, 0, 0, 1, 0
127144, 1, 1, 1, 0, 1, 0
127146, 2, 0, 0, 0, 2, 0
127147, 4, 0, 0, 0, 4, 0
127148, 5, 0, 0, 0, 5, 0
127150, 1, 0, 0, 0, 1, 0
127152, 1, 0, 0, 0, 1, 0
127153, 1, 0, 0, 0, 1, 0
127154, 1, 0, 0, 0, 0, 1
127155, 8, 0, 0, 0, 8, 0
127156, 1, 0, 0, 0, 1, 0
127157, 0, 1, 1, 0, 0, 0
127158, 1, 0, 0, 0, 0, 1
127159, 0, 1, 0, 1, 0, 0
127162, 1, 0, 0, 0, 1, 0
127163, 2, 0, 0, 0, 0, 2
127164, 0, 1, 0, 1, 0, 0
127165, 0, 1, 0, 1, 0, 0
127166, 4, 0, 0, 0, 4, 0
127167, 1, 0, 0, 0, 1, 0
127168, 2, 0, 0, 0, 2, 0
127171, 1, 0, 0, 0, 1, 0
127172, 0, 2, 2, 0, 0, 0
127174, 1, 0, 0, 0, 1, 0
127177, 4, 0, 0, 0, 4, 0
127178, 9, 0, 0, 0, 9, 0
127179, 2, 0, 0, 0, 2, 0
127180, 1, 0, 0, 0, 0, 1
127181, 0, 1, 0, 1, 0, 0
127183, 1, 0, 0, 0, 1, 0
127184, 1, 1, 1, 0, 1, 0
127187, 1, 0, 0, 0, 1, 0
127190, 1, 0, 0, 0, 1, 0
127191, 0, 1, 1, 0, 0, 0
127196, 1, 0, 0, 0, 1, 0
127197, 1, 0, 0, 0, 1, 0
127198, 0, 1, 1, 0, 0, 0
127199, 1, 0, 0, 0, 1, 0
127200, 0, 1, 1, 0, 0, 0
127201, 1, 0, 0, 0, 1, 0
127202, 0, 1, 1, 0, 0, 0
127203, 1, 0, 0, 0, 1, 0
127204, 1, 0, 0, 0, 1, 0
127206, 1, 0, 0, 0, 1, 0
127207, 1, 0, 0, 0, 1, 0
127209, 1, 0, 0, 0, 1, 0
127213, 1, 0, 0, 0, 1, 0
127214, 1, 0, 0, 0, 1, 0
127351, 1, 1, 1, 0, 1, 0
127216, 1, 0, 0, 0, 1, 0
127217, 1, 0, 0, 0, 1, 0
127218, 1, 0, 0, 0, 1, 0
127221, 5, 0, 0, 0, 5, 0
127222, 1, 0, 0, 0, 1, 0
127223, 0, 1, 1, 0, 0, 0
127224, 1, 0, 0, 0, 1, 0
127225, 1, 0, 0, 0, 1, 0
127240, 2, 0, 0, 0, 2, 0
127241, 0, 1, 1, 0, 0, 0
127242, 1, 0, 0, 0, 1, 0
127243, 1, 0, 0, 0, 1, 0
127245, 1, 0, 0, 0, 1, 0
127246, 0, 1, 1, 0, 0, 0
127247, 1, 0, 0, 0, 1, 0
127248, 2, 0, 0, 0, 2, 0
127249, 0, 2, 2, 0, 0, 0
127250, 0, 1, 1, 0, 0, 0
127252, 6, 0, 0, 0, 6, 0
127253, 2, 0, 0, 0, 1, 1
127254, 1, 0, 0, 0, 1, 0
127255, 0, 1, 1, 0, 0, 0
127256, 1, 0, 0, 0, 1, 0
127257, 1, 0, 0, 0, 1, 0
127258, 1, 0, 0, 0, 1, 0
127259, 0, 1, 1, 0, 0, 0
127261, 1, 0, 0, 0, 1, 0
127262, 0, 1, 1, 0, 0, 0
127263, 1, 0, 0, 0, 1, 0
127264, 1, 0, 0, 0, 1, 0
127271, 0, 1, 1, 0, 0, 0
127379, 0, 1, 1, 0, 0, 0
127380, 0, 1, 1, 0, 0, 0
127269, 0, 1, 1, 0, 0, 0
127270, 0, 1, 1, 0, 0, 0
127332, 0, 9, 0, 9, 0, 0
127333, 0, 7, 0, 7, 0, 0
127336, 0, 8, 0, 8, 0, 0
127343, 0, 7, 0, 7, 0, 0
127344, 0, 6, 0, 6, 0, 0
127293, 51, 0, 0, 0, 0, 51
127294, 0, 1, 0, 1, 0, 0
127295, 0, 1, 0, 1, 0, 0
127297, 0, 1, 0, 1, 0, 0
127299, 0, 1, 0, 1, 0, 0
127303, 0, 1, 0, 1, 0, 0
127304, 0, 1, 0, 1, 0, 0
127307, 0, 1, 0, 1, 0, 0
127308, 0, 1, 0, 1, 0, 0
127310, 0, 1, 0, 1, 0, 0
127312, 0, 2, 1, 1, 0, 0
127313, 0, 1, 0, 1, 0, 0
127314, 1, 0, 0, 0, 1, 0
127315, 0, 1, 1, 0, 0, 0
127317, 1, 0, 0, 0, 1, 0
127318, 1, 0, 0, 0, 1, 0
127320, 5, 0, 0, 0, 4, 1
127321, 1, 0, 0, 0, 1, 0
127322, 1, 0, 0, 0, 0, 1
127323, 1, 0, 0, 0, 1, 0
127324, 0, 2, 2, 0, 0, 0
127325, 1, 0, 0, 0, 0, 1
127326, 0, 1, 0, 1, 0, 0
127337, 0, 1, 0, 1, 0, 0
127338, 0, 1, 0, 1, 0, 0
127340, 1, 0, 0, 0, 1, 0
127341, 1, 0, 0, 0, 1, 0
127342, 0, 1, 1, 0, 0, 0
127346, 1, 0, 0, 0, 1, 0
127347, 0, 1, 1, 0, 0, 0
127350, 2, 0, 0, 0, 2, 0
127355, 1, 1, 1, 0, 1, 0
127356, 1, 1, 1, 0, 1, 0
127357, 1, 0, 0, 0, 1, 0
127358, 0, 1, 1, 0, 0, 0
127359, 1, 1, 1, 0, 1, 0
127360, 1, 1, 1, 0, 1, 0
127361, 2, 0, 0, 0, 1, 1
127362, 1, 0, 0, 0, 1, 0
127363, 11, 0, 0, 0, 6, 5
127365, 1, 0, 0, 0, 1, 0
127367, 1, 0, 0, 0, 1, 0
127368, 0, 1, 1, 0, 0, 0
127369, 1, 0, 0, 0, 1, 0
127370, 2, 0, 0, 0, 0, 2
127373, 6, 0, 0, 0, 5, 1
127374, 1, 0, 0, 0, 1, 0
127375, 1, 0, 0, 0, 1, 0
127377, 1, 0, 0, 0, 1, 0
127381, 1, 1, 1, 0, 1, 0
131339, 6, 1, 1, 0, 6, 0
127383, 2, 0, 0, 0, 2, 0
127384, 0, 1, 1, 0, 0, 0
128640, 0, 1, 1, 0, 0, 0
127386, 1, 0, 0, 0, 1, 0
127387, 0, 1, 1, 0, 0, 0
127389, 2, 0, 0, 0, 2, 0
127390, 0, 1, 1, 0, 0, 0
127393, 3, 0, 0, 0, 0, 3
127394, 1, 0, 0, 0, 1, 0
127395, 1, 1, 1, 0, 1, 0
127396, 1, 1, 1, 0, 1, 0
127397, 1, 0, 0, 0, 1, 0
127399, 1, 0, 0, 0, 1, 0
127400, 0, 1, 1, 0, 0, 0
127402, 2, 0, 0, 0, 2, 0
127403, 1, 1, 1, 0, 1, 0
127404, 1, 0, 0, 0, 1, 0
127405, 0, 1, 1, 0, 0, 0
127406, 1, 1, 1, 0, 1, 0
127408, 1, 0, 0, 0, 1, 0
127409, 2, 0, 0, 0, 2, 0
127410, 1, 0, 0, 0, 1, 0
127414, 1, 0, 0, 0, 1, 0
127415, 6, 0, 0, 0, 6, 0
127417, 5, 0, 0, 0, 5, 0
127420, 1, 2, 2, 0, 1, 0
127422, 1, 0, 0, 0, 1, 0
127423, 1, 0, 0, 0, 1, 0
127424, 1, 0, 0, 0, 1, 0
127425, 1, 0, 0, 0, 0, 1
127426, 1, 1, 1, 0, 1, 0
127427, 2, 0, 0, 0, 1, 1
127429, 1, 0, 0, 0, 1, 0
127430, 1, 0, 0, 0, 1, 0
127431, 2, 0, 0, 0, 2, 0
130852, 0, 1, 1, 0, 0, 0
127433, 1, 0, 0, 0, 1, 0
127434, 0, 1, 1, 0, 0, 0
127436, 1, 1, 1, 0, 1, 0
127437, 1, 1, 1, 0, 1, 0
127438, 1, 0, 0, 0, 1, 0
127439, 1, 0, 0, 0, 1, 0
127440, 0, 1, 1, 0, 0, 0
127441, 1, 0, 0, 0, 1, 0
127442, 1, 0, 0, 0, 1, 0
127443, 0, 1, 1, 0, 0, 0
127445, 2, 0, 0, 0, 2, 0
127446, 1, 0, 0, 0, 1, 0
127447, 0, 1, 1, 0, 0, 0
127448, 2, 0, 0, 0, 2, 0
127449, 3, 0, 0, 0, 3, 0
127454, 1, 0, 0, 0, 1, 0
127455, 0, 1, 1, 0, 0, 0
127456, 1, 0, 0, 0, 1, 0
127457, 1, 0, 0, 0, 1, 0
127458, 3, 0, 0, 0, 3, 0
127459, 1, 0, 0, 0, 1, 0
127460, 0, 1, 1, 0, 0, 0
127462, 2, 0, 0, 0, 2, 0
129063, 1, 1, 1, 0, 1, 0
127466, 1, 0, 0, 0, 0, 1
127467, 1, 1, 1, 0, 1, 0
127470, 1, 1, 1, 0, 1, 0
127471, 1, 0, 0, 0, 1, 0
127472, 1, 0, 0, 0, 1, 0
127473, 1, 0, 0, 0, 1, 0
127474, 1, 0, 0, 0, 1, 0
127475, 1, 0, 0, 0, 1, 0
127476, 1, 0, 0, 0, 1, 0
127477, 1, 0, 0, 0, 1, 0
127478, 1, 0, 0, 0, 0, 1
127480, 1, 0, 0, 0, 0, 1
127483, 4, 0, 0, 0, 3, 1
127484, 1, 0, 0, 0, 1, 0
127485, 1, 0, 0, 0, 0, 1
127486, 2, 0, 0, 0, 2, 0
127488, 1, 0, 0, 0, 1, 0
127492, 1, 0, 0, 0, 0, 1
127493, 0, 1, 0, 1, 0, 0
127494, 1, 0, 0, 0, 0, 1
127495, 1, 0, 0, 0, 1, 0
127496, 1, 0, 0, 0, 1, 0
127497, 0, 1, 1, 0, 0, 0
127498, 1, 0, 0, 0, 1, 0
127499, 1, 0, 0, 0, 1, 0
127501, 1, 0, 0, 0, 1, 0
127502, 1, 0, 0, 0, 1, 0
127503, 1, 0, 0, 0, 1, 0
127504, 1, 1, 1, 0, 1, 0
127505, 1, 0, 0, 0, 1, 0
127506, 1, 0, 0, 0, 1, 0
127508, 1, 0, 0, 0, 0, 1
127509, 1, 0, 0, 0, 0, 1
127510, 1, 0, 0, 0, 1, 0
127511, 1, 0, 0, 0, 1, 0
127512, 1, 0, 0, 0, 1, 0
127513, 1, 0, 0, 0, 1, 0
127514, 7, 0, 0, 0, 7, 0
127515, 2, 1, 1, 0, 2, 0
127516, 1, 0, 0, 0, 0, 1
127517, 0, 1, 0, 1, 0, 0
127518, 1, 0, 0, 0, 1, 0
127519, 1, 0, 0, 0, 1, 0
127520, 0, 1, 1, 0, 0, 0
127521, 1, 0, 0, 0, 0, 1
127523, 1, 0, 0, 0, 1, 0
127530, 1, 0, 0, 0, 1, 0
127531, 0, 1, 1, 0, 0, 0
127533, 1, 0, 0, 0, 1, 0
127534, 2, 1, 1, 0, 2, 0
127535, 1, 0, 0, 0, 1, 0
127538, 1, 0, 0, 0, 0, 1
127539, 1, 0, 0, 0, 1, 0
127540, 0, 1, 1, 0, 0, 0
127541, 3, 1, 1, 0, 3, 0
127542, 2, 0, 0, 0, 2, 0
127549, 0, 1, 1, 0, 0, 0
127550, 0, 1, 1, 0, 0, 0
127544, 1, 0, 0, 0, 1, 0
127546, 1, 0, 0, 0, 1, 0
127547, 0, 1, 1, 0, 0, 0
127552, 5, 0, 0, 0, 5, 0
127608, 0, 1, 1, 0, 0, 0
127553, 1, 0, 0, 0, 1, 0
127554, 2, 0, 0, 0, 2, 0
127555, 2, 0, 0, 0, 2, 0
127559, 1, 0, 0, 0, 1, 0
127561, 1, 0, 0, 0, 1, 0
127562, 1, 0, 0, 0, 1, 0
127564, 2, 0, 0, 0, 2, 0
127565, 2, 0, 0, 0, 2, 0
127566, 1, 0, 0, 0, 1, 0
127568, 1, 0, 0, 0, 1, 0
127569, 1, 0, 0, 0, 1, 0
127570, 1, 1, 1, 0, 1, 0
127571, 2, 0, 0, 0, 2, 0
127574, 10, 0, 0, 0, 10, 0
127575, 1, 0, 0, 0, 1, 0
127576, 2, 0, 0, 0, 2, 0
127580, 1, 0, 0, 0, 1, 0
127582, 1, 0, 0, 0, 1, 0
127583, 0, 1, 1, 0, 0, 0
127584, 1, 0, 0, 0, 1, 0
127585, 0, 1, 1, 0, 0, 0
127586, 1, 0, 0, 0, 1, 0
127587, 0, 1, 1, 0, 0, 0
127588, 1, 0, 0, 0, 1, 0
127589, 1, 0, 0, 0, 1, 0
127590, 1, 0, 0, 0, 1, 0
127592, 1, 0, 0, 0, 1, 0
127593, 1, 0, 0, 0, 1, 0
127594, 2, 0, 0, 0, 1, 1
127595, 1, 0, 0, 0, 1, 0
127596, 0, 1, 1, 0, 0, 0
127599, 1, 0, 0, 0, 1, 0
127600, 1, 0, 0, 0, 1, 0
127602, 1, 0, 0, 0, 1, 0
127603, 1, 0, 0, 0, 1, 0
127604, 1, 0, 0, 0, 1, 0
127605, 0, 1, 1, 0, 0, 0
127606, 1, 0, 0, 0, 1, 0
127607, 1, 0, 0, 0, 1, 0
127610, 1, 0, 0, 0, 1, 0
127611, 0, 4, 4, 0, 0, 0
127612, 1, 0, 0, 0, 1, 0
127613, 0, 1, 1, 0, 0, 0
127617, 2, 0, 0, 0, 2, 0
127618, 0, 1, 1, 0, 0, 0
127620, 1, 1, 0, 1, 0, 1
127621, 1, 0, 0, 0, 1, 0
127622, 1, 0, 0, 0, 1, 0
127623, 2, 0, 0, 0, 2, 0
127624, 1, 0, 0, 0, 1, 0
127625, 1, 0, 0, 0, 1, 0
127627, 1, 0, 0, 0, 1, 0
127632, 1, 0, 0, 0, 1, 0
127633, 1, 0, 0, 0, 1, 0
127636, 2, 0, 0, 0, 2, 0
127643, 1, 0, 0, 0, 1, 0
127644, 0, 1, 1, 0, 0, 0
127646, 2, 0, 0, 0, 2, 0
127647, 1, 0, 0, 0, 1, 0
127648, 0, 1, 1, 0, 0, 0
127651, 1, 0, 0, 0, 1, 0
127652, 0, 1, 1, 0, 0, 0
127702, 0, 1, 1, 0, 0, 0
127654, 6, 0, 0, 0, 6, 0
127697, 1, 2, 2, 0, 1, 0
127657, 1, 0, 0, 0, 1, 0
127658, 0, 1, 1, 0, 0, 0
127659, 1, 0, 0, 0, 0, 1
127660, 1, 0, 0, 0, 1, 0
127661, 0, 1, 1, 0, 0, 0
127662, 1, 0, 0, 0, 1, 0
127663, 1, 0, 0, 0, 0, 1
127664, 1, 0, 0, 0, 1, 0
127665, 0, 1, 1, 0, 0, 0
127666, 1, 0, 0, 0, 1, 0
127667, 0, 1, 1, 0, 0, 0
127669, 1, 0, 0, 0, 0, 1
127671, 1, 0, 0, 0, 1, 0
127674, 1, 0, 0, 0, 0, 1
127675, 1, 0, 0, 0, 1, 0
127676, 0, 1, 1, 0, 0, 0
127677, 1, 1, 1, 0, 1, 0
127678, 1, 1, 1, 0, 1, 0
127681, 1, 0, 0, 0, 1, 0
127682, 1, 1, 1, 0, 1, 0
127683, 1, 1, 1, 0, 1, 0
127684, 1, 0, 0, 0, 1, 0
127685, 1, 0, 0, 0, 1, 0
127686, 0, 1, 1, 0, 0, 0
127687, 1, 0, 0, 0, 1, 0
127690, 1, 0, 0, 0, 1, 0
127691, 1, 0, 0, 0, 1, 0
127693, 1, 0, 0, 0, 1, 0
127695, 3, 0, 0, 0, 3, 0
127699, 1, 0, 0, 0, 1, 0
127700, 1, 0, 0, 0, 0, 1
127705, 1, 0, 0, 0, 1, 0
127707, 1, 0, 0, 0, 1, 0
127708, 1, 0, 0, 0, 1, 0
127709, 1, 0, 0, 0, 1, 0
127710, 1, 0, 0, 0, 1, 0
127712, 1, 0, 0, 0, 1, 0
127713, 0, 1, 1, 0, 0, 0
127714, 1, 0, 0, 0, 1, 0
127715, 0, 1, 1, 0, 0, 0
127717, 1, 0, 0, 0, 1, 0
127721, 1, 0, 0, 0, 1, 0
127722, 1, 0, 0, 0, 1, 0
127723, 1, 0, 0, 0, 1, 0
127724, 1, 0, 0, 0, 1, 0
127726, 1, 0, 0, 0, 1, 0
127727, 1, 1, 1, 0, 1, 0
127728, 1, 0, 0, 0, 1, 0
127729, 1, 0, 0, 0, 1, 0
127731, 1, 0, 0, 0, 1, 0
127732, 1, 1, 1, 0, 1, 0
127734, 1, 0, 0, 0, 1, 0
127735, 1, 0, 0, 0, 1, 0
127736, 0, 1, 1, 0, 0, 0
127737, 1, 0, 0, 0, 1, 0
127738, 0, 2, 2, 0, 0, 0
127739, 1, 0, 0, 0, 1, 0
127740, 1, 0, 0, 0, 0, 1
127743, 1, 0, 0, 0, 1, 0
127744, 1, 0, 0, 0, 1, 0
127745, 2, 0, 0, 0, 2, 0
127746, 1, 0, 0, 0, 1, 0
127747, 1, 0, 0, 0, 1, 0
127748, 0, 1, 1, 0, 0, 0
127749, 1, 0, 0, 0, 1, 0
127750, 1, 0, 0, 0, 1, 0
127751, 2, 0, 0, 0, 2, 0
127752, 1, 0, 0, 0, 1, 0
127754, 2, 0, 0, 0, 2, 0
127755, 1, 0, 0, 0, 0, 1
127756, 9, 0, 0, 0, 9, 0
128123, 2, 1, 1, 0, 2, 0
127758, 1, 0, 0, 0, 1, 0
127760, 1, 0, 0, 0, 1, 0
127761, 2, 0, 0, 0, 2, 0
127762, 1, 0, 0, 0, 1, 0
127763, 0, 1, 1, 0, 0, 0
127764, 1, 0, 0, 0, 1, 0
127773, 1, 1, 1, 0, 1, 0
127774, 1, 0, 0, 0, 0, 1
127775, 1, 0, 0, 0, 0, 1
127777, 1, 0, 0, 0, 1, 0
127778, 3, 0, 0, 0, 2, 1
127779, 1, 0, 0, 0, 1, 0
127780, 1, 1, 1, 0, 1, 0
127784, 0, 1, 1, 0, 0, 0
127785, 1, 0, 0, 0, 1, 0
127786, 0, 1, 1, 0, 0, 0
127787, 1, 0, 0, 0, 1, 0
127788, 1, 0, 0, 0, 1, 0
127789, 3, 0, 0, 0, 1, 2
127790, 0, 1, 0, 1, 0, 0
127791, 1, 0, 0, 0, 1, 0
127792, 0, 1, 1, 0, 0, 0
127793, 1, 0, 0, 0, 1, 0
127795, 4, 0, 0, 0, 4, 0
127796, 1, 0, 0, 0, 1, 0
127797, 1, 0, 0, 0, 0, 1
127798, 0, 1, 0, 1, 0, 0
127799, 1, 0, 0, 0, 0, 1
127801, 4, 1, 1, 0, 4, 0
127802, 1, 0, 0, 0, 1, 0
127804, 3, 0, 0, 0, 3, 0
127805, 1, 0, 0, 0, 0, 1
127807, 1, 0, 0, 0, 1, 0
127808, 1, 0, 0, 0, 1, 0
127809, 7, 0, 0, 0, 7, 0
127810, 1, 0, 0, 0, 1, 0
127811, 0, 1, 1, 0, 0, 0
127813, 1, 1, 1, 0, 1, 0
127814, 0, 2, 2, 0, 0, 0
127815, 1, 0, 0, 0, 1, 0
127816, 2, 0, 0, 0, 2, 0
127817, 1, 0, 0, 0, 1, 0
127818, 1, 1, 1, 0, 1, 0
127819, 1, 0, 0, 0, 1, 0
127823, 1, 0, 0, 0, 1, 0
127824, 0, 1, 1, 0, 0, 0
127825, 1, 0, 0, 0, 1, 0
127826, 9, 0, 0, 0, 9, 0
127827, 1, 0, 0, 0, 1, 0
127828, 0, 1, 1, 0, 0, 0
127829, 1, 0, 0, 0, 0, 1
127830, 1, 0, 0, 0, 1, 0
127831, 1, 0, 0, 0, 1, 0
127833, 1, 0, 0, 0, 1, 0
127834, 1, 0, 0, 0, 1, 0
127835, 1, 0, 0, 0, 1, 0
127836, 0, 1, 1, 0, 0, 0
127837, 2, 0, 0, 0, 2, 0
127840, 1, 0, 0, 0, 1, 0
127842, 1, 0, 0, 0, 1, 0
127843, 0, 1, 1, 0, 0, 0
127846, 1, 0, 0, 0, 1, 0
127847, 1, 0, 0, 0, 0, 1
127851, 1, 0, 0, 0, 1, 0
127852, 0, 1, 1, 0, 0, 0
127853, 1, 0, 0, 0, 1, 0
127854, 6, 1, 1, 0, 5, 1
128218, 0, 1, 1, 0, 0, 0
127868, 1, 0, 0, 0, 1, 0
127869, 0, 1, 1, 0, 0, 0
127871, 1, 0, 0, 0, 0, 1
127872, 0, 1, 0, 1, 0, 0
127873, 1, 0, 0, 0, 1, 0
127874, 1, 0, 0, 0, 1, 0
127875, 1, 0, 0, 0, 0, 1
127876, 0, 1, 0, 1, 0, 0
127877, 1, 0, 0, 0, 0, 1
127879, 1, 0, 0, 0, 1, 0
127881, 1, 1, 1, 0, 1, 0
127882, 1, 0, 0, 0, 1, 0
127884, 1, 0, 0, 0, 1, 0
127885, 4, 0, 0, 0, 3, 1
127886, 1, 0, 0, 0, 1, 0
127888, 2, 1, 1, 0, 2, 0
127889, 1, 0, 0, 0, 1, 0
127890, 1, 0, 0, 0, 1, 0
127891, 1, 0, 0, 0, 1, 0
127892, 0, 1, 1, 0, 0, 0
127893, 1, 0, 0, 0, 1, 0
127894, 1, 0, 0, 0, 1, 0
127895, 0, 1, 1, 0, 0, 0
127896, 1, 0, 0, 0, 1, 0
127897, 1, 0, 0, 0, 0, 1
127898, 1, 0, 0, 0, 1, 0
127899, 1, 0, 0, 0, 1, 0
127900, 0, 1, 1, 0, 0, 0
127901, 1, 0, 0, 0, 1, 0
127907, 1, 0, 0, 0, 1, 0
127909, 1, 0, 0, 0, 1, 0
127910, 0, 1, 1, 0, 0, 0
127911, 1, 0, 0, 0, 1, 0
127912, 0, 1, 1, 0, 0, 0
127913, 1, 0, 0, 0, 1, 0
127914, 0, 1, 1, 0, 0, 0
127915, 1, 0, 0, 0, 1, 0
127916, 2, 0, 0, 0, 2, 0
127917, 2, 0, 0, 0, 2, 0
127919, 1, 0, 0, 0, 1, 0
127920, 1, 0, 0, 0, 1, 0
127921, 1, 0, 0, 0, 1, 0
127922, 0, 1, 1, 0, 0, 0
127923, 1, 1, 1, 0, 1, 0
127928, 2, 0, 0, 0, 2, 0
127929, 1, 0, 0, 0, 1, 0
127933, 1, 0, 0, 0, 1, 0
127934, 1, 0, 0, 0, 1, 0
127938, 1, 0, 0, 0, 1, 0
127971, 2, 1, 1, 0, 2, 0
127940, 3, 0, 0, 0, 3, 0
127941, 1, 0, 0, 0, 1, 0
127942, 1, 0, 0, 0, 1, 0
127943, 1, 1, 0, 1, 1, 0
127944, 1, 0, 0, 0, 1, 0
128228, 0, 1, 0, 1, 0, 0
128232, 0, 3, 2, 1, 0, 0
128295, 0, 1, 0, 1, 0, 0
128296, 0, 1, 0, 1, 0, 0
128297, 0, 1, 0, 1, 0, 0
128298, 0, 1, 0, 1, 0, 0
128299, 0, 1, 0, 1, 0, 0
128300, 0, 1, 0, 1, 0, 0
128380, 0, 2, 1, 1, 0, 0
128516, 4, 1, 0, 1, 4, 0
128536, 0, 1, 0, 1, 0, 0
128902, 0, 1, 0, 1, 0, 0
128971, 0, 1, 0, 1, 0, 0
129191, 0, 1, 0, 1, 0, 0
129236, 0, 1, 0, 1, 0, 0
129237, 0, 1, 0, 1, 0, 0
129238, 0, 1, 0, 1, 0, 0
129239, 0, 1, 0, 1, 0, 0
129240, 0, 1, 0, 1, 0, 0
129241, 0, 1, 0, 1, 0, 0
129242, 0, 1, 0, 1, 0, 0
129243, 0, 1, 0, 1, 0, 0
129244, 0, 1, 0, 1, 0, 0
129245, 0, 1, 0, 1, 0, 0
129246, 0, 1, 0, 1, 0, 0
129247, 0, 1, 0, 1, 0, 0
129248, 0, 1, 0, 1, 0, 0
129249, 0, 1, 0, 1, 0, 0
129250, 0, 1, 0, 1, 0, 0
129251, 0, 1, 0, 1, 0, 0
129252, 0, 1, 0, 1, 0, 0
129253, 0, 1, 0, 1, 0, 0
129254, 0, 1, 0, 1, 0, 0
129255, 0, 1, 0, 1, 0, 0
129256, 0, 1, 0, 1, 0, 0
129257, 0, 1, 0, 1, 0, 0
129258, 0, 1, 0, 1, 0, 0
129259, 0, 1, 0, 1, 0, 0
129260, 0, 1, 0, 1, 0, 0
129261, 0, 1, 0, 1, 0, 0
129262, 0, 1, 0, 1, 0, 0
129263, 0, 1, 0, 1, 0, 0
129264, 0, 1, 0, 1, 0, 0
129265, 0, 1, 0, 1, 0, 0
129266, 0, 1, 0, 1, 0, 0
129267, 0, 1, 0, 1, 0, 0
129268, 0, 1, 0, 1, 0, 0
129269, 0, 1, 0, 1, 0, 0
129270, 0, 1, 0, 1, 0, 0
129271, 0, 1, 0, 1, 0, 0
129280, 0, 1, 0, 1, 0, 0
129571, 10, 3, 2, 1, 10, 0
129573, 0, 1, 0, 1, 0, 0
129614, 0, 1, 0, 1, 0, 0
129615, 0, 1, 0, 1, 0, 0
129616, 0, 1, 0, 1, 0, 0
129617, 0, 1, 0, 1, 0, 0
129618, 0, 1, 0, 1, 0, 0
129619, 0, 1, 0, 1, 0, 0
129620, 0, 1, 0, 1, 0, 0
129621, 0, 1, 0, 1, 0, 0
129622, 0, 1, 0, 1, 0, 0
129623, 0, 1, 0, 1, 0, 0
129624, 0, 1, 0, 1, 0, 0
129625, 0, 1, 0, 1, 0, 0
129626, 0, 1, 0, 1, 0, 0
129627, 0, 1, 0, 1, 0, 0
129628, 0, 1, 0, 1, 0, 0
129629, 0, 1, 0, 1, 0, 0
129630, 0, 1, 0, 1, 0, 0
129631, 0, 1, 0, 1, 0, 0
129632, 0, 1, 0, 1, 0, 0
129633, 0, 1, 0, 1, 0, 0
129634, 0, 1, 0, 1, 0, 0
129635, 0, 1, 0, 1, 0, 0
127951, 1, 0, 0, 0, 1, 0
127953, 1, 0, 0, 0, 1, 0
127954, 2, 0, 0, 0, 2, 0
127955, 2, 0, 0, 0, 2, 0
127956, 1, 0, 0, 0, 1, 0
127957, 0, 2, 2, 0, 0, 0
127962, 1, 0, 0, 0, 1, 0
127963, 1, 0, 0, 0, 1, 0
127967, 1, 0, 0, 0, 1, 0
127969, 2, 0, 0, 0, 2, 0
127970, 1, 0, 0, 0, 1, 0
127973, 1, 0, 0, 0, 1, 0
127974, 1, 0, 0, 0, 0, 1
127975, 1, 0, 0, 0, 0, 1
127976, 2, 0, 0, 0, 2, 0
127979, 0, 1, 1, 0, 0, 0
127982, 2, 0, 0, 0, 0, 2
127983, 1, 0, 0, 0, 1, 0
127984, 1, 0, 0, 0, 1, 0
127985, 2, 0, 0, 0, 0, 2
127986, 0, 2, 1, 1, 0, 0
127987, 0, 1, 0, 1, 0, 0
127991, 1, 2, 2, 0, 1, 0
127993, 1, 0, 0, 0, 0, 1
127994, 2, 0, 0, 0, 2, 0
127995, 1, 0, 0, 0, 1, 0
128000, 1, 0, 0, 0, 1, 0
128001, 1, 0, 0, 0, 1, 0
128004, 1, 0, 0, 0, 1, 0
128005, 1, 0, 0, 0, 1, 0
128007, 1, 0, 0, 0, 1, 0
128010, 1, 0, 0, 0, 1, 0
128011, 1, 0, 0, 0, 1, 0
128012, 0, 1, 1, 0, 0, 0
128013, 1, 1, 1, 0, 1, 0
128014, 1, 0, 0, 0, 1, 0
128015, 1, 0, 0, 0, 1, 0
128016, 0, 1, 1, 0, 0, 0
128017, 1, 0, 0, 0, 1, 0
128021, 1, 0, 0, 0, 1, 0
128024, 1, 0, 0, 0, 1, 0
128025, 1, 0, 0, 0, 1, 0
128026, 1, 0, 0, 0, 1, 0
128027, 3, 0, 0, 0, 3, 0
128028, 1, 0, 0, 0, 1, 0
128029, 0, 1, 1, 0, 0, 0
128030, 1, 0, 0, 0, 0, 1
128031, 0, 1, 0, 1, 0, 0
128032, 1, 0, 0, 0, 1, 0
128033, 1, 0, 0, 0, 1, 0
128040, 1, 0, 0, 0, 1, 0
128041, 1, 0, 0, 0, 1, 0
128042, 1, 0, 0, 0, 1, 0
128043, 1, 0, 0, 0, 1, 0
128044, 1, 0, 0, 0, 1, 0
128045, 1, 1, 1, 0, 1, 0
128047, 2, 0, 0, 0, 2, 0
128048, 0, 1, 1, 0, 0, 0
128198, 0, 1, 1, 0, 0, 0
128050, 1, 0, 0, 0, 1, 0
128051, 1, 0, 0, 0, 1, 0
128052, 1, 0, 0, 0, 1, 0
128053, 1, 0, 0, 0, 0, 1
128054, 2, 0, 0, 0, 2, 0
128056, 1, 0, 0, 0, 0, 1
128057, 1, 0, 0, 0, 1, 0
128058, 0, 1, 1, 0, 0, 0
128059, 1, 0, 0, 0, 1, 0
128060, 0, 1, 1, 0, 0, 0
128061, 1, 0, 0, 0, 1, 0
128062, 0, 1, 1, 0, 0, 0
128063, 1, 0, 0, 0, 1, 0
128065, 1, 0, 0, 0, 1, 0
128066, 1, 0, 0, 0, 1, 0
128067, 1, 0, 0, 0, 0, 1
128069, 1, 1, 1, 0, 1, 0
128070, 7, 0, 0, 0, 6, 1
128071, 0, 1, 1, 0, 0, 0
128072, 0, 1, 1, 0, 0, 0
128073, 0, 1, 1, 0, 0, 0
128074, 0, 1, 1, 0, 0, 0
128075, 0, 1, 0, 1, 0, 0
128076, 1, 0, 0, 0, 1, 0
128077, 1, 0, 0, 0, 1, 0
128078, 1, 0, 0, 0, 0, 1
128079, 1, 0, 0, 0, 1, 0
128080, 1, 0, 0, 0, 1, 0
128082, 1, 0, 0, 0, 1, 0
128083, 0, 1, 1, 0, 0, 0
128084, 4, 0, 0, 0, 2, 2
128086, 1, 0, 0, 0, 1, 0
128088, 1, 0, 0, 0, 1, 0
128089, 0, 1, 1, 0, 0, 0
128090, 1, 1, 1, 0, 1, 0
128091, 5, 0, 0, 0, 5, 0
128092, 1, 0, 0, 0, 1, 0
128093, 0, 1, 1, 0, 0, 0
128094, 1, 0, 0, 0, 1, 0
128095, 0, 1, 1, 0, 0, 0
128096, 1, 0, 0, 0, 1, 0
128097, 3, 0, 0, 0, 3, 0
128098, 1, 0, 0, 0, 1, 0
128100, 1, 0, 0, 0, 1, 0
128101, 1, 0, 0, 0, 1, 0
128102, 1, 0, 0, 0, 1, 0
128103, 0, 1, 1, 0, 0, 0
128104, 1, 0, 0, 0, 1, 0
128105, 1, 0, 0, 0, 1, 0
128106, 0, 1, 1, 0, 0, 0
128107, 1, 1, 1, 0, 1, 0
128108, 1, 0, 0, 0, 1, 0
128350, 0, 1, 0, 1, 0, 0
128630, 0, 1, 0, 1, 0, 0
128110, 1, 0, 0, 0, 0, 1
128111, 0, 1, 0, 1, 0, 0
128112, 1, 0, 0, 0, 1, 0
128113, 1, 0, 0, 0, 1, 0
128114, 0, 1, 1, 0, 0, 0
128118, 1, 0, 0, 0, 1, 0
128119, 1, 0, 0, 0, 1, 0
131333, 0, 1, 1, 0, 0, 0
128121, 1, 0, 0, 0, 1, 0
128124, 1, 0, 0, 0, 1, 0
128125, 0, 1, 1, 0, 0, 0
128127, 1, 0, 0, 0, 1, 0
128128, 0, 1, 1, 0, 0, 0
128130, 1, 0, 0, 0, 1, 0
128133, 1, 0, 0, 0, 1, 0
128134, 1, 0, 0, 0, 1, 0
128135, 1, 0, 0, 0, 1, 0
128136, 0, 1, 1, 0, 0, 0
128137, 1, 0, 0, 0, 1, 0
128140, 1, 0, 0, 0, 1, 0
128141, 0, 1, 1, 0, 0, 0
128142, 6, 1, 1, 0, 6, 0
128143, 1, 1, 1, 0, 1, 0
128144, 1, 0, 0, 0, 1, 0
128145, 1, 0, 0, 0, 1, 0
128147, 1, 0, 0, 0, 1, 0
128148, 1, 0, 0, 0, 1, 0
128149, 1, 0, 0, 0, 1, 0
128150, 0, 1, 1, 0, 0, 0
128157, 6, 0, 0, 0, 6, 0
128159, 1, 0, 0, 0, 1, 0
128160, 1, 0, 0, 0, 1, 0
128161, 1, 0, 0, 0, 1, 0
128166, 1, 1, 1, 0, 1, 0
128167, 1, 0, 0, 0, 1, 0
128168, 0, 1, 1, 0, 0, 0
128169, 1, 0, 0, 0, 1, 0
128171, 2, 1, 1, 0, 2, 0
128172, 0, 1, 1, 0, 0, 0
128173, 1, 0, 0, 0, 0, 1
128175, 1, 0, 0, 0, 0, 1
128176, 0, 1, 0, 1, 0, 0
128177, 2, 0, 0, 0, 2, 0
128178, 0, 1, 1, 0, 0, 0
128181, 1, 0, 0, 0, 1, 0
128182, 1, 0, 0, 0, 1, 0
128183, 1, 0, 0, 0, 1, 0
128184, 0, 1, 1, 0, 0, 0
128185, 1, 0, 0, 0, 1, 0
128186, 1, 0, 0, 0, 1, 0
128187, 0, 1, 1, 0, 0, 0
128188, 1, 0, 0, 0, 1, 0
128192, 2, 0, 0, 0, 2, 0
128195, 1, 0, 0, 0, 1, 0
128197, 1, 1, 1, 0, 1, 0
128199, 1, 0, 0, 0, 1, 0
128200, 0, 1, 1, 0, 0, 0
128203, 1, 0, 0, 0, 1, 0
128204, 1, 0, 0, 0, 0, 1
128205, 0, 1, 0, 1, 0, 0
128208, 1, 0, 0, 0, 1, 0
128209, 0, 1, 1, 0, 0, 0
128210, 1, 0, 0, 0, 1, 0
128211, 1, 1, 1, 0, 1, 0
128212, 1, 0, 0, 0, 0, 1
128214, 1, 1, 1, 0, 1, 0
128215, 1, 2, 2, 0, 1, 0
128216, 3, 0, 0, 0, 3, 0
128219, 1, 0, 0, 0, 1, 0
128220, 0, 1, 1, 0, 0, 0
128221, 2, 0, 0, 0, 2, 0
128222, 1, 0, 0, 0, 1, 0
128223, 1, 0, 0, 0, 0, 1
128224, 0, 1, 0, 1, 0, 0
128226, 1, 0, 0, 0, 1, 0
128227, 2, 0, 0, 0, 2, 0
128229, 1, 0, 0, 0, 0, 1
128230, 0, 1, 0, 1, 0, 0
128231, 1, 0, 0, 0, 1, 0
128233, 1, 0, 0, 0, 1, 0
128234, 1, 0, 0, 0, 1, 0
128235, 1, 0, 0, 0, 1, 0
128236, 0, 1, 1, 0, 0, 0
128238, 2, 0, 0, 0, 2, 0
128240, 1, 0, 0, 0, 1, 0
128241, 1, 0, 0, 0, 1, 0
128242, 1, 0, 0, 0, 1, 0
128245, 1, 1, 1, 0, 1, 0
128246, 1, 1, 1, 0, 1, 0
128248, 1, 0, 0, 0, 1, 0
128249, 1, 0, 0, 0, 1, 0
128250, 1, 0, 0, 0, 1, 0
128251, 2, 0, 0, 0, 2, 0
128252, 0, 1, 1, 0, 0, 0
128253, 1, 0, 0, 0, 1, 0
128254, 1, 0, 0, 0, 1, 0
128255, 1, 0, 0, 0, 1, 0
128256, 4, 1, 1, 0, 4, 0
128257, 1, 0, 0, 0, 1, 0
128259, 4, 0, 0, 0, 4, 0
128260, 1, 0, 0, 0, 0, 1
128261, 1, 0, 0, 0, 1, 0
128263, 1, 0, 0, 0, 1, 0
128264, 1, 0, 0, 0, 1, 0
128265, 1, 0, 0, 0, 1, 0
128267, 1, 0, 0, 0, 1, 0
128270, 1, 0, 0, 0, 1, 0
128271, 7, 1, 1, 0, 7, 0
128272, 2, 0, 0, 0, 2, 0
128273, 2, 0, 0, 0, 2, 0
128274, 4, 0, 0, 0, 4, 0
128275, 1, 0, 0, 0, 0, 1
128277, 1, 0, 0, 0, 1, 0
128278, 0, 1, 1, 0, 0, 0
128281, 1, 0, 0, 0, 1, 0
128282, 1, 0, 0, 0, 0, 1
128283, 1, 0, 0, 0, 1, 0
128285, 1, 0, 0, 0, 0, 1
128288, 1, 0, 0, 0, 1, 0
128289, 1, 0, 0, 0, 1, 0
128290, 2, 0, 0, 0, 2, 0
128301, 2, 0, 0, 0, 0, 2
128302, 0, 1, 0, 1, 0, 0
128303, 1, 0, 0, 0, 0, 1
128304, 1, 0, 0, 0, 1, 0
128305, 1, 0, 0, 0, 1, 0
128306, 1, 1, 1, 0, 1, 0
128307, 1, 1, 1, 0, 1, 0
128308, 1, 2, 1, 1, 1, 0
128309, 1, 0, 0, 0, 0, 1
128310, 1, 0, 0, 0, 1, 0
128312, 1, 0, 0, 0, 1, 0
128313, 1, 0, 0, 0, 1, 0
128314, 1, 0, 0, 0, 1, 0
128316, 1, 0, 0, 0, 1, 0
128317, 1, 0, 0, 0, 0, 1
128318, 1, 0, 0, 0, 1, 0
128320, 2, 0, 0, 0, 2, 0
128321, 1, 0, 0, 0, 1, 0
128322, 1, 0, 0, 0, 0, 1
128323, 1, 0, 0, 0, 1, 0
128324, 0, 1, 1, 0, 0, 0
128325, 1, 0, 0, 0, 1, 0
128326, 1, 1, 1, 0, 1, 0
128328, 1, 0, 0, 0, 1, 0
128329, 1, 0, 0, 0, 1, 0
128335, 1, 0, 0, 0, 1, 0
128336, 0, 1, 1, 0, 0, 0
128338, 1, 1, 1, 0, 1, 0
128343, 1, 0, 0, 0, 1, 0
128344, 1, 1, 1, 0, 1, 0
128345, 1, 0, 0, 0, 1, 0
128346, 1, 0, 0, 0, 1, 0
128347, 0, 1, 1, 0, 0, 0
128348, 5, 0, 0, 0, 5, 0
128349, 10, 1, 1, 0, 10, 0
128351, 1, 0, 0, 0, 1, 0
128354, 1, 0, 0, 0, 0, 1
128355, 1, 0, 0, 0, 0, 1
128357, 1, 0, 0, 0, 1, 0
128366, 0, 1, 1, 0, 0, 0
128367, 0, 1, 1, 0, 0, 0
128372, 0, 1, 1, 0, 0, 0
128374, 0, 1, 1, 0, 0, 0
128361, 0, 1, 1, 0, 0, 0
128362, 2, 0, 0, 0, 2, 0
128363, 1, 0, 0, 0, 1, 0
128364, 0, 1, 1, 0, 0, 0
128368, 1, 1, 1, 0, 1, 0
128369, 1, 0, 0, 0, 0, 1
128375, 3, 0, 0, 0, 1, 2
128376, 0, 1, 0, 1, 0, 0
129849, 0, 1, 1, 0, 0, 0
129850, 0, 1, 0, 1, 0, 0
128382, 1, 0, 0, 0, 1, 0
128383, 0, 1, 1, 0, 0, 0
128384, 1, 0, 0, 0, 1, 0
128385, 2, 0, 0, 0, 2, 0
128386, 0, 1, 1, 0, 0, 0
128387, 1, 0, 0, 0, 1, 0
128388, 3, 0, 0, 0, 3, 0
128389, 1, 0, 0, 0, 1, 0
128392, 1, 0, 0, 0, 1, 0
128393, 0, 1, 1, 0, 0, 0
128396, 1, 0, 0, 0, 1, 0
128397, 0, 1, 1, 0, 0, 0
128398, 1, 0, 0, 0, 1, 0
128399, 1, 0, 0, 0, 0, 1
128400, 1, 0, 0, 0, 1, 0
128403, 0, 1, 1, 0, 0, 0
128406, 1, 0, 0, 0, 1, 0
128407, 1, 0, 0, 0, 1, 0
128408, 1, 0, 0, 0, 1, 0
128409, 1, 0, 0, 0, 1, 0
128410, 2, 0, 0, 0, 2, 0
128411, 1, 1, 1, 0, 1, 0
128412, 2, 0, 0, 0, 2, 0
128413, 0, 1, 1, 0, 0, 0
128414, 1, 0, 0, 0, 0, 1
128415, 0, 1, 0, 1, 0, 0
128416, 1, 0, 0, 0, 1, 0
128417, 0, 1, 1, 0, 0, 0
128418, 1, 0, 0, 0, 1, 0
128420, 2, 0, 0, 0, 1, 1
128421, 1, 0, 0, 0, 1, 0
128424, 1, 0, 0, 0, 1, 0
128425, 0, 2, 2, 0, 0, 0
128426, 3, 0, 0, 0, 3, 0
128993, 0, 1, 0, 1, 0, 0
128428, 1, 0, 0, 0, 1, 0
128429, 2, 1, 1, 0, 2, 0
128430, 1, 0, 0, 0, 0, 1
128431, 1, 0, 0, 0, 1, 0
128432, 1, 0, 0, 0, 1, 0
128433, 9, 0, 0, 0, 9, 0
128434, 1, 0, 0, 0, 1, 0
128435, 1, 0, 0, 0, 1, 0
128437, 1, 0, 0, 0, 1, 0
128438, 0, 1, 1, 0, 0, 0
128440, 1, 0, 0, 0, 1, 0
128441, 1, 0, 0, 0, 0, 1
128442, 12, 0, 0, 0, 12, 0
128443, 0, 1, 1, 0, 0, 0
128447, 1, 0, 0, 0, 1, 0
128453, 4, 0, 0, 0, 4, 0
128455, 1, 0, 0, 0, 1, 0
128456, 1, 0, 0, 0, 1, 0
128457, 1, 0, 0, 0, 1, 0
128458, 2, 0, 0, 0, 2, 0
128459, 4, 0, 0, 0, 4, 0
128460, 1, 0, 0, 0, 1, 0
128461, 0, 1, 1, 0, 0, 0
128463, 1, 0, 0, 0, 1, 0
128465, 1, 0, 0, 0, 1, 0
128466, 1, 0, 0, 0, 1, 0
128467, 1, 1, 1, 0, 1, 0
128470, 1, 0, 0, 0, 1, 0
128471, 1, 0, 0, 0, 1, 0
128472, 1, 0, 0, 0, 1, 0
128473, 0, 1, 1, 0, 0, 0
128474, 1, 0, 0, 0, 1, 0
128475, 0, 1, 1, 0, 0, 0
128477, 1, 0, 0, 0, 1, 0
128478, 1, 0, 0, 0, 1, 0
128479, 1, 0, 0, 0, 1, 0
128486, 1, 0, 0, 0, 1, 0
128487, 1, 0, 0, 0, 1, 0
128603, 2, 1, 1, 0, 2, 0
129140, 0, 1, 1, 0, 0, 0
129357, 0, 1, 1, 0, 0, 0
129374, 0, 1, 1, 0, 0, 0
128489, 1, 0, 0, 0, 0, 1
128490, 0, 1, 0, 1, 0, 0
128491, 1, 0, 0, 0, 0, 1
128493, 1, 0, 0, 0, 1, 0
128494, 1, 0, 0, 0, 0, 1
128495, 1, 0, 0, 0, 1, 0
128496, 0, 1, 1, 0, 0, 0
128497, 1, 0, 0, 0, 1, 0
128498, 1, 0, 0, 0, 0, 1
128499, 1, 0, 0, 0, 1, 0
128500, 1, 0, 0, 0, 1, 0
128501, 0, 1, 1, 0, 0, 0
128504, 1, 0, 0, 0, 1, 0
128505, 1, 0, 0, 0, 1, 0
128507, 2, 0, 0, 0, 1, 1
128508, 0, 1, 1, 0, 0, 0
128511, 0, 1, 0, 1, 0, 0
128509, 1, 0, 0, 0, 1, 0
128510, 0, 1, 1, 0, 0, 0
128512, 1, 0, 0, 0, 1, 0
128513, 0, 1, 1, 0, 0, 0
128514, 1, 1, 1, 0, 1, 0
128515, 0, 2, 2, 0, 0, 0
128518, 1, 0, 0, 0, 1, 0
128519, 2, 0, 0, 0, 2, 0
128520, 1, 0, 0, 0, 1, 0
128521, 0, 1, 1, 0, 0, 0
128524, 1, 0, 0, 0, 1, 0
128525, 1, 0, 0, 0, 1, 0
128527, 1, 0, 0, 0, 0, 1
128528, 0, 1, 0, 1, 0, 0
128529, 1, 0, 0, 0, 1, 0
128531, 2, 0, 0, 0, 2, 0
128534, 1, 0, 0, 0, 1, 0
128946, 0, 1, 1, 0, 0, 0
128947, 0, 1, 1, 0, 0, 0
128537, 3, 0, 0, 0, 0, 3
128539, 1, 0, 0, 0, 1, 0
128540, 1, 0, 0, 0, 1, 0
128541, 1, 0, 0, 0, 1, 0
128542, 1, 0, 0, 0, 0, 1
128543, 0, 2, 1, 1, 0, 0
128548, 2, 0, 0, 0, 2, 0
128549, 1, 0, 0, 0, 1, 0
128551, 3, 0, 0, 0, 3, 0
128553, 1, 0, 0, 0, 1, 0
128554, 2, 0, 0, 0, 2, 0
128555, 1, 0, 0, 0, 1, 0
128556, 4, 0, 0, 0, 4, 0
128557, 1, 0, 0, 0, 1, 0
128559, 3, 0, 0, 0, 3, 0
128560, 1, 0, 0, 0, 1, 0
128561, 1, 0, 0, 0, 1, 0
128562, 0, 1, 1, 0, 0, 0
128563, 1, 0, 0, 0, 1, 0
128564, 1, 1, 1, 0, 1, 0
128565, 6, 1, 1, 0, 6, 0
128566, 1, 0, 0, 0, 1, 0
128567, 0, 1, 1, 0, 0, 0
128568, 1, 0, 0, 0, 1, 0
128624, 0, 1, 0, 1, 0, 0
128570, 1, 0, 0, 0, 1, 0
128572, 1, 0, 0, 0, 1, 0
128573, 1, 0, 0, 0, 1, 0
128574, 1, 0, 0, 0, 1, 0
128575, 0, 1, 1, 0, 0, 0
128576, 1, 0, 0, 0, 1, 0
128577, 0, 1, 1, 0, 0, 0
128578, 5, 0, 0, 0, 5, 0
128579, 4, 0, 0, 0, 3, 1
128580, 1, 0, 0, 0, 1, 0
128582, 1, 0, 0, 0, 1, 0
128583, 1, 0, 0, 0, 1, 0
128584, 1, 0, 0, 0, 1, 0
128585, 0, 1, 1, 0, 0, 0
128586, 1, 0, 0, 0, 1, 0
128587, 3, 0, 0, 0, 3, 0
128588, 3, 0, 0, 0, 3, 0
128943, 0, 1, 1, 0, 0, 0
128601, 0, 1, 1, 0, 0, 0
128605, 0, 1, 1, 0, 0, 0
128590, 1, 0, 0, 0, 1, 0
128594, 1, 1, 1, 0, 1, 0
128595, 1, 0, 0, 0, 1, 0
128596, 1, 0, 0, 0, 1, 0
128597, 1, 0, 0, 0, 1, 0
128598, 1, 0, 0, 0, 1, 0
128599, 1, 0, 0, 0, 0, 1
128602, 4, 0, 0, 0, 4, 0
128607, 1, 0, 0, 0, 1, 0
128608, 1, 0, 0, 0, 1, 0
128610, 1, 0, 0, 0, 1, 0
128611, 2, 1, 1, 0, 2, 0
128612, 1, 0, 0, 0, 1, 0
128613, 0, 1, 1, 0, 0, 0
128614, 2, 0, 0, 0, 2, 0
128615, 0, 1, 1, 0, 0, 0
128616, 1, 0, 0, 0, 1, 0
128617, 1, 0, 0, 0, 1, 0
128618, 1, 0, 0, 0, 1, 0
128620, 1, 0, 0, 0, 1, 0
128622, 3, 0, 0, 0, 3, 0
128625, 1, 0, 0, 0, 1, 0
128626, 0, 1, 1, 0, 0, 0
128628, 1, 0, 0, 0, 1, 0
128631, 2, 0, 0, 0, 2, 0
128632, 0, 1, 1, 0, 0, 0
128633, 1, 0, 0, 0, 1, 0
128634, 1, 0, 0, 0, 1, 0
128635, 0, 1, 1, 0, 0, 0
128636, 1, 0, 0, 0, 1, 0
128641, 1, 0, 0, 0, 1, 0
128642, 2, 0, 0, 0, 2, 0
128643, 1, 0, 0, 0, 1, 0
128644, 2, 0, 0, 0, 2, 0
128645, 0, 1, 1, 0, 0, 0
128646, 1, 0, 0, 0, 1, 0
128649, 1, 0, 0, 0, 1, 0
128650, 0, 1, 1, 0, 0, 0
128651, 2, 0, 0, 0, 2, 0
128652, 0, 1, 1, 0, 0, 0
128653, 1, 0, 0, 0, 1, 0
128654, 1, 1, 1, 0, 1, 0
128655, 1, 0, 0, 0, 1, 0
128656, 1, 0, 0, 0, 1, 0
128658, 1, 0, 0, 0, 1, 0
128659, 2, 1, 1, 0, 2, 0
128661, 2, 0, 0, 0, 2, 0
128662, 11, 0, 0, 0, 11, 0
128663, 1, 0, 0, 0, 1, 0
128835, 1, 1, 1, 0, 1, 0
128667, 1, 0, 0, 0, 1, 0
128669, 1, 0, 0, 0, 1, 0
128671, 1, 0, 0, 0, 1, 0
128672, 0, 1, 1, 0, 0, 0
128674, 1, 0, 0, 0, 1, 0
128675, 1, 0, 0, 0, 1, 0
128676, 1, 0, 0, 0, 1, 0
128677, 1, 0, 0, 0, 1, 0
128678, 1, 0, 0, 0, 1, 0
128679, 2, 0, 0, 0, 2, 0
128680, 1, 2, 2, 0, 1, 0
128681, 1, 0, 0, 0, 1, 0
128682, 0, 1, 1, 0, 0, 0
128684, 1, 0, 0, 0, 1, 0
128685, 0, 1, 1, 0, 0, 0
128686, 1, 0, 0, 0, 1, 0
128687, 1, 0, 0, 0, 1, 0
128688, 1, 0, 0, 0, 0, 1
128690, 1, 0, 0, 0, 1, 0
128691, 1, 0, 0, 0, 1, 0
128692, 1, 0, 0, 0, 1, 0
128693, 1, 0, 0, 0, 0, 1
128696, 4, 0, 0, 0, 0, 4
128697, 1, 0, 0, 0, 1, 0
128698, 1, 0, 0, 0, 1, 0
128699, 0, 1, 1, 0, 0, 0
128700, 1, 0, 0, 0, 1, 0
128701, 1, 0, 0, 0, 1, 0
128702, 0, 1, 1, 0, 0, 0
128703, 1, 0, 0, 0, 1, 0
128705, 1, 0, 0, 0, 1, 0
128706, 1, 0, 0, 0, 1, 0
128708, 1, 0, 0, 0, 1, 0
128709, 0, 2, 2, 0, 0, 0
128710, 1, 0, 0, 0, 1, 0
128711, 1, 0, 0, 0, 1, 0
128749, 0, 1, 1, 0, 0, 0
128713, 1, 0, 0, 0, 1, 0
128733, 4, 3, 3, 0, 4, 0
128718, 1, 0, 0, 0, 1, 0
128719, 1, 0, 0, 0, 1, 0
128722, 1, 0, 0, 0, 1, 0
128724, 1, 0, 0, 0, 1, 0
128725, 0, 1, 1, 0, 0, 0
128726, 1, 0, 0, 0, 1, 0
128727, 0, 1, 1, 0, 0, 0
128729, 1, 0, 0, 0, 0, 1
128730, 1, 0, 0, 0, 1, 0
128732, 2, 0, 0, 0, 2, 0
129848, 0, 1, 1, 0, 0, 0
128734, 1, 2, 2, 0, 1, 0
128735, 2, 1, 1, 0, 2, 0
128867, 0, 2, 2, 0, 0, 0
128736, 1, 0, 0, 0, 1, 0
128737, 1, 2, 2, 0, 1, 0
128762, 0, 1, 1, 0, 0, 0
128738, 2, 1, 1, 0, 2, 0
128840, 1, 1, 1, 0, 1, 0
128739, 2, 0, 0, 0, 2, 0
128740, 1, 0, 0, 0, 1, 0
128741, 1, 0, 0, 0, 1, 0
128742, 1, 1, 1, 0, 1, 0
128743, 1, 1, 1, 0, 1, 0
128744, 1, 0, 0, 0, 1, 0
128746, 1, 0, 0, 0, 1, 0
128748, 1, 0, 0, 0, 1, 0
128751, 1, 0, 0, 0, 1, 0
128752, 1, 2, 1, 1, 1, 0
128753, 1, 0, 0, 0, 1, 0
128754, 2, 0, 0, 0, 2, 0
128755, 0, 1, 1, 0, 0, 0
128756, 2, 0, 0, 0, 2, 0
128757, 1, 0, 0, 0, 1, 0
128758, 1, 0, 0, 0, 1, 0
128759, 1, 0, 0, 0, 1, 0
128760, 1, 0, 0, 0, 1, 0
128761, 1, 0, 0, 0, 1, 0
128763, 1, 0, 0, 0, 0, 1
128764, 1, 1, 1, 0, 1, 0
128766, 1, 0, 0, 0, 1, 0
128767, 0, 1, 1, 0, 0, 0
128769, 1, 0, 0, 0, 1, 0
128770, 0, 1, 1, 0, 0, 0
128771, 2, 0, 0, 0, 2, 0
128772, 2, 0, 0, 0, 2, 0
128773, 1, 0, 0, 0, 1, 0
128774, 1, 0, 0, 0, 1, 0
128775, 1, 0, 0, 0, 1, 0
128776, 1, 0, 0, 0, 1, 0
128779, 1, 0, 0, 0, 1, 0
128780, 1, 0, 0, 0, 1, 0
128781, 1, 0, 0, 0, 1, 0
128782, 1, 0, 0, 0, 1, 0
128783, 0, 1, 1, 0, 0, 0
128784, 1, 0, 0, 0, 1, 0
128786, 1, 0, 0, 0, 1, 0
128787, 1, 0, 0, 0, 1, 0
128788, 0, 1, 1, 0, 0, 0
128789, 1, 1, 1, 0, 1, 0
128793, 1, 0, 0, 0, 1, 0
128794, 3, 0, 0, 0, 3, 0
128819, 0, 2, 2, 0, 0, 0
128795, 1, 0, 0, 0, 1, 0
128799, 1, 0, 0, 0, 1, 0
128800, 2, 0, 0, 0, 2, 0
128801, 0, 1, 1, 0, 0, 0
128802, 1, 0, 0, 0, 0, 1
128803, 1, 0, 0, 0, 1, 0
128804, 3, 0, 0, 0, 3, 0
128805, 0, 1, 1, 0, 0, 0
128806, 1, 0, 0, 0, 1, 0
128807, 1, 0, 0, 0, 1, 0
128808, 12, 2, 1, 1, 12, 0
128810, 1, 0, 0, 0, 1, 0
128811, 1, 0, 0, 0, 1, 0
128813, 1, 0, 0, 0, 0, 1
128814, 0, 1, 0, 1, 0, 0
128815, 1, 0, 0, 0, 1, 0
128816, 2, 0, 0, 0, 1, 1
128817, 1, 0, 0, 0, 1, 0
128818, 0, 1, 1, 0, 0, 0
128820, 3, 0, 0, 0, 3, 0
128821, 1, 0, 0, 0, 1, 0
128822, 0, 3, 3, 0, 0, 0
128823, 1, 0, 0, 0, 1, 0
128824, 1, 0, 0, 0, 1, 0
128825, 1, 0, 0, 0, 1, 0
128827, 1, 0, 0, 0, 1, 0
128828, 0, 1, 1, 0, 0, 0
128830, 1, 0, 0, 0, 1, 0
128831, 0, 1, 1, 0, 0, 0
128832, 1, 0, 0, 0, 1, 0
128833, 0, 1, 1, 0, 0, 0
128839, 1, 0, 0, 0, 1, 0
128842, 1, 0, 0, 0, 1, 0
128843, 2, 0, 0, 0, 2, 0
128844, 1, 0, 0, 0, 1, 0
128845, 1, 0, 0, 0, 1, 0
128847, 1, 1, 1, 0, 1, 0
128848, 1, 0, 0, 0, 1, 0
128849, 0, 1, 1, 0, 0, 0
128850, 1, 0, 0, 0, 0, 1
128852, 1, 0, 0, 0, 1, 0
128853, 0, 1, 1, 0, 0, 0
128854, 2, 0, 0, 0, 2, 0
128855, 0, 1, 1, 0, 0, 0
128858, 1, 0, 0, 0, 1, 0
128859, 0, 2, 2, 0, 0, 0
128861, 1, 0, 0, 0, 1, 0
128862, 1, 0, 0, 0, 1, 0
128863, 0, 1, 1, 0, 0, 0
128864, 1, 0, 0, 0, 1, 0
128865, 0, 1, 1, 0, 0, 0
128866, 1, 1, 1, 0, 1, 0
128868, 1, 0, 0, 0, 1, 0
128869, 0, 1, 1, 0, 0, 0
128870, 1, 0, 0, 0, 1, 0
128871, 1, 0, 0, 0, 1, 0
128872, 1, 0, 0, 0, 1, 0
128873, 1, 0, 0, 0, 1, 0
128874, 1, 0, 0, 0, 1, 0
128875, 1, 0, 0, 0, 1, 0
128876, 0, 1, 1, 0, 0, 0
128877, 1, 0, 0, 0, 1, 0
128878, 2, 0, 0, 0, 0, 2
128879, 1, 0, 0, 0, 1, 0
128880, 2, 0, 0, 0, 2, 0
128881, 2, 0, 0, 0, 2, 0
128882, 1, 0, 0, 0, 1, 0
128884, 1, 1, 1, 0, 1, 0
128885, 1, 0, 0, 0, 1, 0
128886, 0, 1, 1, 0, 0, 0
128887, 1, 0, 0, 0, 1, 0
128889, 1, 0, 0, 0, 0, 1
128891, 2, 0, 0, 0, 2, 0
128892, 1, 0, 0, 0, 1, 0
128893, 0, 1, 1, 0, 0, 0
128894, 1, 0, 0, 0, 1, 0
128895, 1, 0, 0, 0, 1, 0
128896, 1, 0, 0, 0, 1, 0
128898, 1, 0, 0, 0, 1, 0
128899, 1, 0, 0, 0, 1, 0
128903, 1, 1, 1, 0, 1, 0
128904, 3, 1, 1, 0, 2, 1
128906, 1, 0, 0, 0, 0, 1
128907, 1, 0, 0, 0, 1, 0
128908, 0, 1, 1, 0, 0, 0
128909, 2, 0, 0, 0, 2, 0
128911, 3, 0, 0, 0, 3, 0
128912, 1, 0, 0, 0, 1, 0
128913, 0, 1, 1, 0, 0, 0
128914, 1, 0, 0, 0, 1, 0
128915, 1, 0, 0, 0, 1, 0
128916, 2, 0, 0, 0, 2, 0
128917, 0, 1, 1, 0, 0, 0
129515, 0, 1, 1, 0, 0, 0
128918, 2, 0, 0, 0, 2, 0
128919, 1, 1, 1, 0, 1, 0
128920, 1, 0, 0, 0, 1, 0
128921, 0, 1, 1, 0, 0, 0
128923, 1, 0, 0, 0, 0, 1
128927, 1, 0, 0, 0, 1, 0
128928, 0, 1, 1, 0, 0, 0
128929, 2, 0, 0, 0, 2, 0
128931, 1, 0, 0, 0, 0, 1
128932, 0, 1, 0, 1, 0, 0
128933, 8, 0, 0, 0, 0, 8
128934, 0, 1, 0, 1, 0, 0
128935, 1, 0, 0, 0, 1, 0
128936, 0, 1, 1, 0, 0, 0
128937, 1, 0, 0, 0, 0, 1
128939, 1, 0, 0, 0, 1, 0
128940, 0, 1, 1, 0, 0, 0
128941, 1, 0, 0, 0, 1, 0
128942, 1, 0, 0, 0, 1, 0
128944, 1, 1, 1, 0, 1, 0
128945, 1, 0, 0, 0, 1, 0
128948, 1, 1, 1, 0, 1, 0
128949, 1, 1, 1, 0, 1, 0
128951, 2, 0, 0, 0, 2, 0
128952, 1, 1, 1, 0, 1, 0
128953, 1, 0, 0, 0, 0, 1
128954, 0, 1, 0, 1, 0, 0
128957, 5, 0, 0, 0, 5, 0
128958, 0, 1, 1, 0, 0, 0
128959, 0, 1, 1, 0, 0, 0
128960, 0, 1, 1, 0, 0, 0
128961, 1, 0, 0, 0, 1, 0
128962, 1, 0, 0, 0, 1, 0
128963, 1, 0, 0, 0, 1, 0
128964, 1, 0, 0, 0, 1, 0
128965, 1, 0, 0, 0, 1, 0
128967, 1, 0, 0, 0, 1, 0
128968, 1, 0, 0, 0, 1, 0
128969, 0, 1, 1, 0, 0, 0
128972, 1, 0, 0, 0, 1, 0
128973, 0, 1, 1, 0, 0, 0
128974, 1, 0, 0, 0, 1, 0
128975, 1, 0, 0, 0, 1, 0
128976, 1, 0, 0, 0, 1, 0
128978, 3, 0, 0, 0, 3, 0
128982, 1, 1, 1, 0, 1, 0
128983, 1, 0, 0, 0, 1, 0
128984, 1, 0, 0, 0, 0, 1
128985, 0, 1, 0, 1, 0, 0
128986, 1, 0, 0, 0, 0, 1
128987, 0, 1, 0, 1, 0, 0
128989, 1, 0, 0, 0, 1, 0
128990, 0, 1, 1, 0, 0, 0
128991, 1, 0, 0, 0, 1, 0
128994, 1, 0, 0, 0, 1, 0
130093, 0, 1, 1, 0, 0, 0
128999, 1, 0, 0, 0, 1, 0
129001, 2, 0, 0, 0, 2, 0
129002, 1, 0, 0, 0, 0, 1
129003, 5, 0, 0, 0, 5, 0
129005, 1, 0, 0, 0, 1, 0
129006, 1, 0, 0, 0, 1, 0
129007, 1, 0, 0, 0, 1, 0
129008, 2, 0, 0, 0, 2, 0
129009, 1, 0, 0, 0, 1, 0
129010, 1, 0, 0, 0, 1, 0
129011, 0, 1, 1, 0, 0, 0
129561, 0, 2, 1, 1, 0, 0
129014, 1, 0, 0, 0, 1, 0
129015, 3, 0, 0, 0, 3, 0
129016, 1, 0, 0, 0, 1, 0
129017, 1, 0, 0, 0, 1, 0
129018, 1, 0, 0, 0, 1, 0
129019, 1, 0, 0, 0, 1, 0
129020, 1, 0, 0, 0, 0, 1
129021, 1, 0, 0, 0, 1, 0
129022, 1, 0, 0, 0, 1, 0
129023, 1, 1, 1, 0, 0, 1
129024, 1, 1, 1, 0, 1, 0
129026, 1, 0, 0, 0, 1, 0
129027, 1, 0, 0, 0, 1, 0
129029, 1, 0, 0, 0, 1, 0
129030, 1, 0, 0, 0, 1, 0
129031, 1, 0, 0, 0, 1, 0
129032, 0, 1, 1, 0, 0, 0
129034, 1, 0, 0, 0, 1, 0
129035, 1, 0, 0, 0, 1, 0
129036, 4, 0, 0, 0, 4, 0
129039, 1, 0, 0, 0, 1, 0
129041, 2, 0, 0, 0, 2, 0
129042, 1, 0, 0, 0, 1, 0
129044, 3, 0, 0, 0, 3, 0
129045, 1, 0, 0, 0, 1, 0
129046, 2, 0, 0, 0, 2, 0
129047, 1, 0, 0, 0, 1, 0
129048, 0, 1, 1, 0, 0, 0
129049, 1, 0, 0, 0, 0, 1
129050, 1, 0, 0, 0, 1, 0
129052, 1, 0, 0, 0, 1, 0
129054, 1, 0, 0, 0, 1, 0
129056, 4, 0, 0, 0, 4, 0
129057, 1, 0, 0, 0, 1, 0
129058, 0, 1, 1, 0, 0, 0
129059, 2, 1, 1, 0, 2, 0
129489, 0, 1, 1, 0, 0, 0
129060, 1, 0, 0, 0, 1, 0
129061, 0, 1, 1, 0, 0, 0
129062, 1, 0, 0, 0, 1, 0
129065, 1, 0, 0, 0, 1, 0
129066, 1, 0, 0, 0, 1, 0
129068, 1, 0, 0, 0, 1, 0
129069, 1, 0, 0, 0, 1, 0
129074, 1, 0, 0, 0, 1, 0
129075, 0, 1, 1, 0, 0, 0
129076, 1, 1, 1, 0, 1, 0
129077, 1, 0, 0, 0, 1, 0
129078, 2, 0, 0, 0, 2, 0
129079, 0, 1, 1, 0, 0, 0
129372, 0, 1, 1, 0, 0, 0
129080, 2, 0, 0, 0, 2, 0
129082, 1, 0, 0, 0, 1, 0
129084, 1, 0, 0, 0, 1, 0
129085, 1, 0, 0, 0, 1, 0
129086, 1, 0, 0, 0, 1, 0
129087, 3, 0, 0, 0, 3, 0
129088, 0, 1, 1, 0, 0, 0
129090, 0, 1, 1, 0, 0, 0
129089, 2, 0, 0, 0, 1, 1
129092, 1, 1, 0, 1, 0, 1
129096, 4, 0, 0, 0, 2, 2
129097, 0, 1, 0, 1, 0, 0
129098, 1, 0, 0, 0, 1, 0
129099, 1, 0, 0, 0, 1, 0
129100, 1, 0, 0, 0, 1, 0
129101, 0, 1, 1, 0, 0, 0
129102, 3, 0, 0, 0, 3, 0
130076, 0, 1, 1, 0, 0, 0
129106, 1, 0, 0, 0, 1, 0
129107, 0, 1, 1, 0, 0, 0
129108, 1, 1, 1, 0, 1, 0
129109, 2, 0, 0, 0, 2, 0
129110, 0, 1, 1, 0, 0, 0
130288, 0, 1, 1, 0, 0, 0
129113, 1, 0, 0, 0, 1, 0
129115, 1, 0, 0, 0, 1, 0
129116, 2, 0, 0, 0, 2, 0
129118, 1, 0, 0, 0, 1, 0
129119, 2, 0, 0, 0, 2, 0
129123, 1, 0, 0, 0, 1, 0
129124, 1, 0, 0, 0, 0, 1
129126, 1, 0, 0, 0, 1, 0
129127, 0, 1, 1, 0, 0, 0
129129, 1, 0, 0, 0, 1, 0
129130, 0, 1, 1, 0, 0, 0
129131, 1, 0, 0, 0, 1, 0
129132, 1, 0, 0, 0, 1, 0
129133, 2, 0, 0, 0, 2, 0
129134, 1, 0, 0, 0, 1, 0
129135, 1, 0, 0, 0, 1, 0
129136, 2, 0, 0, 0, 2, 0
129137, 1, 0, 0, 0, 1, 0
129139, 1, 0, 0, 0, 1, 0
129141, 2, 0, 0, 0, 2, 0
129142, 0, 1, 1, 0, 0, 0
129143, 0, 1, 1, 0, 0, 0
129144, 2, 0, 0, 0, 2, 0
129146, 1, 0, 0, 0, 1, 0
129147, 1, 1, 1, 0, 1, 0
129148, 1, 0, 0, 0, 1, 0
129149, 0, 1, 1, 0, 0, 0
129150, 1, 0, 0, 0, 1, 0
129151, 1, 0, 0, 0, 1, 0
129153, 1, 1, 1, 0, 1, 0
129155, 7, 0, 0, 0, 7, 0
129156, 0, 1, 1, 0, 0, 0
129158, 1, 0, 0, 0, 1, 0
129160, 8, 1, 1, 0, 8, 0
129161, 1, 0, 0, 0, 0, 1
129162, 1, 0, 0, 0, 1, 0
129163, 2, 0, 0, 0, 2, 0
129164, 2, 0, 0, 0, 2, 0
129165, 1, 0, 0, 0, 1, 0
129166, 0, 1, 1, 0, 0, 0
129167, 1, 0, 0, 0, 1, 0
129168, 0, 1, 1, 0, 0, 0
129170, 1, 0, 0, 0, 1, 0
129172, 1, 0, 0, 0, 1, 0
129174, 1, 0, 0, 0, 1, 0
129175, 0, 1, 1, 0, 0, 0
129177, 1, 0, 0, 0, 0, 1
129178, 2, 0, 0, 0, 2, 0
129179, 0, 1, 1, 0, 0, 0
129180, 1, 0, 0, 0, 1, 0
129181, 1, 0, 0, 0, 1, 0
129183, 2, 0, 0, 0, 2, 0
129184, 1, 0, 0, 0, 1, 0
129185, 2, 0, 0, 0, 2, 0
129186, 1, 0, 0, 0, 1, 0
129187, 0, 1, 1, 0, 0, 0
129188, 1, 0, 0, 0, 1, 0
129189, 1, 0, 0, 0, 0, 1
129190, 5, 0, 0, 0, 5, 0
129193, 1, 0, 0, 0, 1, 0
129194, 2, 0, 0, 0, 2, 0
129195, 1, 0, 0, 0, 1, 0
129196, 1, 0, 0, 0, 0, 1
129197, 0, 1, 0, 1, 0, 0
129198, 1, 0, 0, 0, 1, 0
129199, 1, 0, 0, 0, 1, 0
129200, 1, 0, 0, 0, 1, 0
129201, 1, 0, 0, 0, 1, 0
129205, 1, 0, 0, 0, 1, 0
129206, 1, 0, 0, 0, 1, 0
129207, 1, 0, 0, 0, 1, 0
129208, 1, 0, 0, 0, 1, 0
129210, 2, 0, 0, 0, 2, 0
129211, 1, 0, 0, 0, 1, 0
129212, 0, 1, 1, 0, 0, 0
129214, 1, 0, 0, 0, 1, 0
129217, 1, 0, 0, 0, 1, 0
129669, 0, 1, 0, 1, 0, 0
129220, 2, 0, 0, 0, 2, 0
129221, 1, 0, 0, 0, 1, 0
129222, 1, 0, 0, 0, 1, 0
129223, 0, 1, 1, 0, 0, 0
129224, 1, 0, 0, 0, 1, 0
129225, 1, 0, 0, 0, 1, 0
129360, 0, 1, 1, 0, 0, 0
129228, 1, 0, 0, 0, 0, 1
129232, 1, 0, 0, 0, 1, 0
129233, 1, 0, 0, 0, 1, 0
129234, 1, 0, 0, 0, 1, 0
129235, 1, 0, 0, 0, 0, 1
129272, 1, 0, 0, 0, 0, 1
129273, 0, 1, 0, 1, 0, 0
129274, 1, 1, 1, 0, 1, 0
129276, 1, 0, 0, 0, 1, 0
129278, 1, 0, 0, 0, 1, 0
129281, 3, 0, 0, 0, 3, 0
129282, 1, 0, 0, 0, 1, 0
129283, 1, 0, 0, 0, 1, 0
129284, 1, 0, 0, 0, 1, 0
129285, 0, 1, 1, 0, 0, 0
129287, 1, 0, 0, 0, 1, 0
129288, 1, 0, 0, 0, 1, 0
129289, 1, 0, 0, 0, 0, 1
129290, 1, 0, 0, 0, 1, 0
129291, 1, 0, 0, 0, 1, 0
129292, 0, 1, 1, 0, 0, 0
129293, 1, 0, 0, 0, 0, 1
129294, 1, 0, 0, 0, 1, 0
129295, 0, 1, 1, 0, 0, 0
129296, 1, 0, 0, 0, 1, 0
129297, 1, 0, 0, 0, 0, 1
129298, 0, 1, 0, 1, 0, 0
129299, 1, 0, 0, 0, 1, 0
129300, 0, 1, 1, 0, 0, 0
129302, 1, 0, 0, 0, 1, 0
129304, 1, 0, 0, 0, 1, 0
129305, 6, 0, 0, 0, 6, 0
129306, 1, 0, 0, 0, 1, 0
129307, 0, 1, 1, 0, 0, 0
129308, 1, 0, 0, 0, 0, 1
129309, 1, 0, 0, 0, 1, 0
129311, 1, 0, 0, 0, 1, 0
129312, 1, 0, 0, 0, 1, 0
129313, 1, 2, 2, 0, 1, 0
129315, 1, 0, 0, 0, 1, 0
129316, 0, 1, 1, 0, 0, 0
129317, 2, 0, 0, 0, 2, 0
129318, 1, 0, 0, 0, 1, 0
129322, 1, 0, 0, 0, 1, 0
129323, 1, 0, 0, 0, 1, 0
129324, 1, 1, 0, 1, 0, 1
129325, 1, 1, 1, 0, 1, 0
129326, 1, 0, 0, 0, 1, 0
129327, 1, 0, 0, 0, 1, 0
129328, 0, 1, 1, 0, 0, 0
129329, 1, 0, 0, 0, 1, 0
129331, 1, 0, 0, 0, 1, 0
129332, 0, 1, 1, 0, 0, 0
129333, 1, 0, 0, 0, 1, 0
129334, 1, 0, 0, 0, 1, 0
129335, 0, 1, 1, 0, 0, 0
129336, 1, 0, 0, 0, 1, 0
129337, 1, 0, 0, 0, 1, 0
129338, 1, 0, 0, 0, 0, 1
129339, 0, 1, 0, 1, 0, 0
129340, 5, 0, 0, 0, 5, 0
129341, 1, 0, 0, 0, 1, 0
129342, 1, 0, 0, 0, 1, 0
129343, 1, 0, 0, 0, 1, 0
129344, 1, 0, 0, 0, 1, 0
129346, 8, 0, 0, 0, 7, 1
129348, 1, 0, 0, 0, 1, 0
129349, 1, 0, 0, 0, 1, 0
129350, 1, 0, 0, 0, 1, 0
129351, 1, 0, 0, 0, 1, 0
129352, 4, 0, 0, 0, 4, 0
129353, 1, 0, 0, 0, 1, 0
129354, 1, 0, 0, 0, 1, 0
129355, 1, 0, 0, 0, 1, 0
129356, 1, 0, 0, 0, 1, 0
129366, 1, 0, 0, 0, 1, 0
129367, 1, 0, 0, 0, 1, 0
129368, 1, 0, 0, 0, 1, 0
129369, 1, 0, 0, 0, 1, 0
129370, 1, 0, 0, 0, 1, 0
129371, 1, 0, 0, 0, 1, 0
129373, 31, 1, 1, 0, 31, 0
129387, 1, 1, 1, 0, 1, 0
129524, 0, 1, 1, 0, 0, 0
129525, 0, 1, 1, 0, 0, 0
129375, 1, 0, 0, 0, 1, 0
129376, 1, 0, 0, 0, 1, 0
129557, 0, 1, 1, 0, 0, 0
129384, 1, 0, 0, 0, 1, 0
129385, 0, 1, 1, 0, 0, 0
129388, 1, 0, 0, 0, 0, 1
129389, 1, 0, 0, 0, 1, 0
129390, 1, 0, 0, 0, 1, 0
129392, 1, 0, 0, 0, 1, 0
129396, 1, 0, 0, 0, 1, 0
129398, 1, 0, 0, 0, 1, 0
129399, 1, 0, 0, 0, 1, 0
129400, 1, 0, 0, 0, 1, 0
129401, 0, 1, 1, 0, 0, 0
129407, 1, 0, 0, 0, 1, 0
129409, 1, 1, 1, 0, 1, 0
129412, 2, 0, 0, 0, 2, 0
129413, 1, 0, 0, 0, 1, 0
129414, 1, 0, 0, 0, 1, 0
129416, 1, 0, 0, 0, 1, 0
129418, 0, 1, 1, 0, 0, 0
129421, 1, 0, 0, 0, 1, 0
129422, 1, 0, 0, 0, 1, 0
129423, 1, 0, 0, 0, 1, 0
129424, 0, 1, 1, 0, 0, 0
129425, 1, 0, 0, 0, 1, 0
129426, 2, 0, 0, 0, 1, 1
129896, 0, 1, 1, 0, 0, 0
129428, 10, 0, 0, 0, 10, 0
129434, 4, 0, 0, 0, 4, 0
129435, 0, 2, 2, 0, 0, 0
129437, 4, 0, 0, 0, 4, 0
129438, 1, 0, 0, 0, 1, 0
129440, 1, 0, 0, 0, 1, 0
129441, 0, 1, 1, 0, 0, 0
129442, 1, 0, 0, 0, 0, 1
129443, 0, 1, 0, 1, 0, 0
129444, 1, 0, 0, 0, 1, 0
129445, 1, 0, 0, 0, 1, 0
129446, 1, 0, 0, 0, 1, 0
129447, 1, 0, 0, 0, 1, 0
129448, 1, 0, 0, 0, 1, 0
129449, 0, 1, 1, 0, 0, 0
129451, 3, 0, 0, 0, 3, 0
129452, 0, 2, 1, 1, 0, 0
129453, 0, 1, 1, 0, 0, 0
129872, 3, 2, 2, 0, 3, 0
129928, 1, 3, 3, 0, 1, 0
129458, 1, 0, 0, 0, 1, 0
129460, 1, 0, 0, 0, 1, 0
129463, 1, 0, 0, 0, 1, 0
129464, 1, 0, 0, 0, 1, 0
129465, 0, 1, 1, 0, 0, 0
129467, 1, 0, 0, 0, 1, 0
129473, 1, 0, 0, 0, 1, 0
129474, 0, 1, 1, 0, 0, 0
129477, 1, 0, 0, 0, 1, 0
129478, 0, 1, 1, 0, 0, 0
129479, 1, 0, 0, 0, 1, 0
129480, 1, 0, 0, 0, 1, 0
129481, 1, 0, 0, 0, 1, 0
129483, 2, 0, 0, 0, 2, 0
129484, 0, 1, 1, 0, 0, 0
129485, 2, 0, 0, 0, 0, 2
129486, 0, 1, 0, 1, 0, 0
129487, 1, 0, 0, 0, 0, 1
129488, 0, 1, 0, 1, 0, 0
129490, 1, 0, 0, 0, 1, 0
129491, 1, 0, 0, 0, 1, 0
129493, 1, 0, 0, 0, 1, 0
129494, 1, 0, 0, 0, 1, 0
129495, 1, 0, 0, 0, 1, 0
129496, 1, 1, 1, 0, 1, 0
129497, 1, 0, 0, 0, 1, 0
129498, 3, 0, 0, 0, 3, 0
129499, 0, 1, 1, 0, 0, 0
129835, 0, 1, 1, 0, 0, 0
129501, 1, 0, 0, 0, 1, 0
129502, 1, 0, 0, 0, 1, 0
129503, 2, 0, 0, 0, 2, 0
129504, 3, 0, 0, 0, 3, 0
129508, 1, 0, 0, 0, 1, 0
129509, 1, 0, 0, 0, 1, 0
129510, 1, 0, 0, 0, 1, 0
129511, 1, 0, 0, 0, 1, 0
129512, 1, 0, 0, 0, 1, 0
129513, 1, 0, 0, 0, 1, 0
129516, 1, 0, 0, 0, 1, 0
129519, 2, 0, 0, 0, 1, 1
129520, 0, 1, 0, 1, 0, 0
129521, 1, 0, 0, 0, 1, 0
129522, 1, 0, 0, 0, 1, 0
129529, 0, 1, 1, 0, 0, 0
129530, 0, 1, 1, 0, 0, 0
129535, 1, 0, 0, 0, 1, 0
129537, 1, 1, 1, 0, 1, 0
129538, 1, 0, 0, 0, 1, 0
129540, 1, 0, 0, 0, 1, 0
129541, 1, 1, 1, 0, 1, 0
129643, 0, 1, 1, 0, 0, 0
129542, 1, 0, 0, 0, 1, 0
129878, 1, 2, 2, 0, 1, 0
129947, 0, 1, 1, 0, 0, 0
129948, 0, 1, 1, 0, 0, 0
129544, 1, 0, 0, 0, 1, 0
129545, 1, 0, 0, 0, 1, 0
129546, 1, 0, 0, 0, 1, 0
129547, 1, 0, 0, 0, 1, 0
129553, 1, 0, 0, 0, 1, 0
129554, 1, 0, 0, 0, 1, 0
129555, 1, 0, 0, 0, 1, 0
129558, 1, 0, 0, 0, 1, 0
129559, 0, 1, 1, 0, 0, 0
129560, 1, 0, 0, 0, 1, 0
129661, 1, 1, 1, 0, 1, 0
129564, 1, 0, 0, 0, 1, 0
129567, 1, 0, 0, 0, 0, 1
129568, 1, 0, 0, 0, 1, 0
129569, 1, 0, 0, 0, 1, 0
129570, 2, 0, 0, 0, 1, 1
129574, 1, 0, 0, 0, 1, 0
129575, 1, 0, 0, 0, 1, 0
129576, 0, 1, 1, 0, 0, 0
129578, 1, 0, 0, 0, 1, 0
129583, 1, 0, 0, 0, 1, 0
129584, 1, 0, 0, 0, 1, 0
129591, 1, 0, 0, 0, 1, 0
129592, 0, 1, 1, 0, 0, 0
131743, 0, 1, 1, 0, 0, 0
129594, 1, 0, 0, 0, 1, 0
129595, 1, 0, 0, 0, 1, 0
129596, 0, 1, 1, 0, 0, 0
129599, 1, 1, 1, 0, 1, 0
129600, 2, 0, 0, 0, 1, 1
129601, 0, 1, 0, 1, 0, 0
129604, 1, 0, 0, 0, 1, 0
129605, 1, 0, 0, 0, 1, 0
129606, 0, 1, 1, 0, 0, 0
129607, 1, 0, 0, 0, 1, 0
129608, 0, 1, 1, 0, 0, 0
129609, 1, 0, 0, 0, 1, 0
129610, 1, 0, 0, 0, 1, 0
129612, 1, 0, 0, 0, 0, 1
129636, 1, 0, 0, 0, 1, 0
129637, 1, 0, 0, 0, 1, 0
129639, 1, 1, 1, 0, 1, 0
129641, 1, 0, 0, 0, 1, 0
129644, 1, 0, 0, 0, 1, 0
129645, 0, 1, 1, 0, 0, 0
129646, 1, 0, 0, 0, 0, 1
129647, 0, 1, 0, 1, 0, 0
129649, 2, 1, 1, 0, 2, 0
129677, 3, 1, 1, 0, 3, 0
129650, 1, 0, 0, 0, 1, 0
129652, 1, 0, 0, 0, 1, 0
129653, 3, 0, 0, 0, 0, 3
129654, 1, 1, 1, 0, 0, 1
129655, 0, 1, 0, 1, 0, 0
129656, 1, 0, 0, 0, 1, 0
129657, 1, 0, 0, 0, 1, 0
129658, 2, 0, 0, 0, 2, 0
129659, 1, 1, 1, 0, 1, 0
129660, 1, 0, 0, 0, 1, 0
129662, 1, 0, 0, 0, 1, 0
129663, 2, 0, 0, 0, 2, 0
129664, 1, 0, 0, 0, 1, 0
129665, 0, 1, 1, 0, 0, 0
129666, 1, 0, 0, 0, 0, 1
129667, 2, 0, 0, 0, 2, 0
129668, 1, 1, 1, 0, 1, 0
129671, 1, 0, 0, 0, 1, 0
129672, 1, 0, 0, 0, 1, 0
129673, 1, 0, 0, 0, 1, 0
129674, 1, 1, 1, 0, 1, 0
129675, 1, 0, 0, 0, 1, 0
129678, 1, 0, 0, 0, 1, 0
129679, 1, 1, 1, 0, 1, 0
129680, 1, 0, 0, 0, 1, 0
129683, 1, 0, 0, 0, 1, 0
129684, 0, 1, 1, 0, 0, 0
129685, 1, 1, 1, 0, 1, 0
129686, 1, 0, 0, 0, 1, 0
129687, 1, 0, 0, 0, 0, 1
129688, 0, 1, 0, 1, 0, 0
129690, 1, 0, 0, 0, 1, 0
129691, 1, 0, 0, 0, 1, 0
129693, 6, 0, 0, 0, 6, 0
129694, 0, 1, 1, 0, 0, 0
129905, 0, 1, 1, 0, 0, 0
129906, 0, 1, 1, 0, 0, 0
129698, 1, 0, 0, 0, 1, 0
129699, 0, 1, 1, 0, 0, 0
129700, 1, 0, 0, 0, 1, 0
129701, 1, 0, 0, 0, 1, 0
129702, 1, 0, 0, 0, 1, 0
129707, 1, 0, 0, 0, 1, 0
129708, 1, 0, 0, 0, 1, 0
129709, 1, 0, 0, 0, 1, 0
129710, 1, 0, 0, 0, 1, 0
129713, 2, 1, 1, 0, 2, 0
129714, 1, 1, 1, 0, 1, 0
129715, 0, 1, 1, 0, 0, 0
129717, 0, 1, 1, 0, 0, 0
129718, 0, 1, 1, 0, 0, 0
129719, 1, 0, 0, 0, 1, 0
129720, 0, 1, 1, 0, 0, 0
129723, 1, 0, 0, 0, 1, 0
129724, 0, 1, 1, 0, 0, 0
129726, 2, 0, 0, 0, 2, 0
129727, 1, 0, 0, 0, 1, 0
129728, 1, 0, 0, 0, 1, 0
129729, 0, 1, 1, 0, 0, 0
129730, 1, 0, 0, 0, 1, 0
129731, 1, 1, 1, 0, 1, 0
129732, 1, 1, 1, 0, 1, 0
129734, 6, 0, 0, 0, 5, 1
129738, 2, 0, 0, 0, 2, 0
129739, 1, 0, 0, 0, 1, 0
129741, 1, 0, 0, 0, 1, 0
129743, 1, 1, 1, 0, 1, 0
129744, 1, 0, 0, 0, 1, 0
129745, 0, 1, 1, 0, 0, 0
129746, 1, 0, 0, 0, 1, 0
129748, 1, 0, 0, 0, 1, 0
129752, 1, 0, 0, 0, 1, 0
129754, 1, 0, 0, 0, 0, 1
129755, 0, 1, 0, 1, 0, 0
129757, 1, 0, 0, 0, 1, 0
129758, 2, 0, 0, 0, 2, 0
129759, 1, 0, 0, 0, 1, 0
129760, 0, 1, 1, 0, 0, 0
129762, 1, 0, 0, 0, 1, 0
129763, 0, 1, 1, 0, 0, 0
129764, 4, 0, 0, 0, 4, 0
129765, 1, 1, 1, 0, 1, 0
129766, 1, 0, 0, 0, 1, 0
129767, 1, 0, 0, 0, 1, 0
129769, 1, 0, 0, 0, 1, 0
129770, 0, 1, 1, 0, 0, 0
129771, 1, 0, 0, 0, 0, 1
130757, 3, 1, 1, 0, 3, 0
131233, 0, 1, 1, 0, 0, 0
131594, 0, 1, 1, 0, 0, 0
131595, 0, 1, 1, 0, 0, 0
131596, 0, 1, 1, 0, 0, 0
129775, 1, 0, 0, 0, 1, 0
129776, 2, 0, 0, 0, 2, 0
129777, 3, 0, 0, 0, 3, 0
131585, 0, 1, 1, 0, 0, 0
129778, 2, 0, 0, 0, 2, 0
129779, 0, 1, 1, 0, 0, 0
129780, 0, 1, 1, 0, 0, 0
129781, 1, 0, 0, 0, 0, 1
129782, 0, 1, 0, 1, 0, 0
129785, 1, 0, 0, 0, 1, 0
129790, 1, 0, 0, 0, 1, 0
129791, 0, 1, 1, 0, 0, 0
129792, 3, 0, 0, 0, 0, 3
129793, 0, 1, 0, 1, 0, 0
129794, 0, 1, 0, 1, 0, 0
129795, 1, 0, 0, 0, 1, 0
129796, 1, 0, 0, 0, 1, 0
129798, 2, 0, 0, 0, 2, 0
129799, 0, 1, 1, 0, 0, 0
129800, 0, 1, 1, 0, 0, 0
129801, 5, 0, 0, 0, 5, 0
129802, 0, 1, 1, 0, 0, 0
129804, 1, 0, 0, 0, 1, 0
129806, 1, 0, 0, 0, 1, 0
129807, 1, 0, 0, 0, 1, 0
129808, 6, 0, 0, 0, 6, 0
129809, 1, 0, 0, 0, 1, 0
129815, 1, 0, 0, 0, 1, 0
129816, 1, 0, 0, 0, 1, 0
129818, 1, 0, 0, 0, 0, 1
129819, 0, 1, 0, 1, 0, 0
129820, 1, 0, 0, 0, 1, 0
129821, 1, 0, 0, 0, 1, 0
129822, 1, 1, 1, 0, 1, 0
129823, 1, 0, 0, 0, 1, 0
129824, 1, 0, 0, 0, 1, 0
129825, 0, 1, 1, 0, 0, 0
129826, 1, 0, 0, 0, 1, 0
129827, 0, 1, 1, 0, 0, 0
129828, 1, 0, 0, 0, 1, 0
129829, 5, 0, 0, 0, 5, 0
129833, 4, 1, 1, 0, 4, 0
129830, 1, 1, 1, 0, 1, 0
129831, 1, 2, 2, 0, 1, 0
129832, 1, 0, 0, 0, 1, 0
129834, 21, 0, 0, 0, 21, 0
129840, 0, 1, 1, 0, 0, 0
129836, 1, 0, 0, 0, 1, 0
129837, 1, 0, 0, 0, 1, 0
129838, 0, 1, 1, 0, 0, 0
129841, 1, 0, 0, 0, 1, 0
129842, 1, 0, 0, 0, 0, 1
129843, 0, 1, 0, 1, 0, 0
129846, 1, 0, 0, 0, 0, 1
129847, 0, 1, 0, 1, 0, 0
129852, 1, 0, 0, 0, 1, 0
129855, 1, 0, 0, 0, 0, 1
129856, 1, 0, 0, 0, 1, 0
129858, 1, 0, 0, 0, 1, 0
129859, 5, 0, 0, 0, 5, 0
129894, 33, 1, 1, 0, 33, 0
131469, 1, 1, 1, 0, 1, 0
129864, 1, 0, 0, 0, 0, 1
129865, 4, 0, 0, 0, 4, 0
129867, 1, 0, 0, 0, 0, 1
129869, 1, 0, 0, 0, 0, 1
129870, 1, 0, 0, 0, 1, 0
129871, 0, 1, 1, 0, 0, 0
129877, 0, 1, 1, 0, 0, 0
129874, 2, 0, 0, 0, 2, 0
129875, 1, 0, 0, 0, 1, 0
129876, 1, 0, 0, 0, 1, 0
129879, 1, 0, 0, 0, 1, 0
129880, 1, 0, 0, 0, 1, 0
129881, 1, 0, 0, 0, 1, 0
129882, 1, 1, 1, 0, 1, 0
129883, 1, 1, 1, 0, 1, 0
129884, 1, 0, 0, 0, 1, 0
129885, 0, 3, 3, 0, 0, 0
129886, 1, 0, 0, 0, 1, 0
129887, 1, 0, 0, 0, 0, 1
129888, 1, 0, 0, 0, 1, 0
129889, 1, 0, 0, 0, 1, 0
130385, 1, 1, 1, 0, 1, 0
129892, 1, 0, 0, 0, 1, 0
129895, 1, 0, 0, 0, 1, 0
129897, 1, 0, 0, 0, 1, 0
129898, 1, 0, 0, 0, 1, 0
129899, 1, 1, 1, 0, 1, 0
129900, 1, 0, 0, 0, 1, 0
129901, 1, 0, 0, 0, 1, 0
129902, 0, 1, 1, 0, 0, 0
129904, 1, 0, 0, 0, 1, 0
129909, 1, 0, 0, 0, 1, 0
129910, 1, 0, 0, 0, 1, 0
129911, 1, 0, 0, 0, 1, 0
129912, 3, 0, 0, 0, 3, 0
129914, 3, 0, 0, 0, 3, 0
129915, 1, 0, 0, 0, 1, 0
129916, 0, 1, 1, 0, 0, 0
129917, 1, 0, 0, 0, 1, 0
129918, 1, 0, 0, 0, 1, 0
129919, 3, 0, 0, 0, 3, 0
129920, 0, 1, 1, 0, 0, 0
129921, 0, 1, 1, 0, 0, 0
129984, 0, 1, 1, 0, 0, 0
129923, 1, 0, 0, 0, 1, 0
129924, 1, 0, 0, 0, 1, 0
129927, 1, 0, 0, 0, 1, 0
129929, 0, 1, 1, 0, 0, 0
129930, 1, 0, 0, 0, 1, 0
129931, 0, 1, 1, 0, 0, 0
129932, 1, 1, 1, 0, 1, 0
129933, 1, 0, 0, 0, 1, 0
129934, 1, 0, 0, 0, 1, 0
129937, 1, 0, 0, 0, 0, 1
129939, 1, 0, 0, 0, 1, 0
129940, 1, 1, 1, 0, 0, 1
129941, 1, 0, 0, 0, 1, 0
129942, 1, 0, 0, 0, 1, 0
129943, 1, 0, 0, 0, 0, 1
129944, 10, 2, 2, 0, 10, 0
129946, 1, 0, 0, 0, 1, 0
129950, 1, 0, 0, 0, 1, 0
129951, 2, 0, 0, 0, 1, 1
129952, 7, 1, 1, 0, 7, 0
129953, 4, 0, 0, 0, 4, 0
129954, 1, 0, 0, 0, 1, 0
129955, 0, 1, 1, 0, 0, 0
129956, 1, 0, 0, 0, 1, 0
129959, 1, 1, 1, 0, 1, 0
129960, 1, 1, 1, 0, 1, 0
129961, 1, 0, 0, 0, 1, 0
129962, 1, 0, 0, 0, 1, 0
129963, 1, 0, 0, 0, 1, 0
129966, 1, 1, 1, 0, 1, 0
129967, 1, 0, 0, 0, 1, 0
129968, 0, 1, 1, 0, 0, 0
129969, 1, 0, 0, 0, 1, 0
129970, 0, 1, 1, 0, 0, 0
129971, 1, 0, 0, 0, 1, 0
129972, 1, 0, 0, 0, 0, 1
129973, 0, 1, 0, 1, 0, 0
129974, 1, 0, 0, 0, 1, 0
129976, 4, 0, 0, 0, 2, 2
129977, 0, 1, 0, 1, 0, 0
130331, 0, 1, 0, 1, 0, 0
130409, 0, 1, 1, 0, 0, 0
129979, 0, 1, 0, 1, 0, 0
129980, 1, 0, 0, 0, 1, 0
129981, 2, 0, 0, 0, 2, 0
129982, 1, 0, 0, 0, 1, 0
129985, 1, 0, 0, 0, 1, 0
129986, 1, 0, 0, 0, 1, 0
129987, 1, 0, 0, 0, 0, 1
129988, 0, 1, 0, 1, 0, 0
129989, 1, 0, 0, 0, 1, 0
129990, 1, 0, 0, 0, 1, 0
129991, 0, 1, 1, 0, 0, 0
129992, 1, 0, 0, 0, 1, 0
129993, 0, 1, 1, 0, 0, 0
129994, 1, 0, 0, 0, 1, 0
129995, 1, 1, 1, 0, 1, 0
129998, 1, 0, 0, 0, 1, 0
129999, 0, 1, 1, 0, 0, 0
130000, 1, 0, 0, 0, 1, 0
130001, 1, 0, 0, 0, 1, 0
130002, 1, 0, 0, 0, 1, 0
130003, 1, 0, 0, 0, 1, 0
130004, 1, 0, 0, 0, 1, 0
130007, 1, 0, 0, 0, 1, 0
130008, 0, 1, 1, 0, 0, 0
130009, 1, 0, 0, 0, 1, 0
130010, 0, 1, 1, 0, 0, 0
130011, 1, 1, 1, 0, 1, 0
130012, 1, 1, 1, 0, 1, 0
130013, 1, 0, 0, 0, 1, 0
130019, 1, 0, 0, 0, 1, 0
130020, 1, 0, 0, 0, 1, 0
130021, 1, 0, 0, 0, 1, 0
130022, 1, 0, 0, 0, 1, 0
130023, 1, 0, 0, 0, 1, 0
130024, 2, 2, 2, 0, 2, 0
130027, 1, 0, 0, 0, 1, 0
130028, 1, 0, 0, 0, 1, 0
130029, 1, 1, 1, 0, 1, 0
130030, 0, 1, 1, 0, 0, 0
130033, 1, 1, 1, 0, 1, 0
130035, 4, 0, 0, 0, 4, 0
130037, 1, 0, 0, 0, 1, 0
130038, 2, 0, 0, 0, 2, 0
130039, 1, 0, 0, 0, 1, 0
130040, 1, 0, 0, 0, 1, 0
130041, 1, 0, 0, 0, 1, 0
130042, 1, 0, 0, 0, 1, 0
130043, 0, 1, 1, 0, 0, 0
130045, 2, 0, 0, 0, 2, 0
130047, 1, 0, 0, 0, 1, 0
130048, 1, 0, 0, 0, 1, 0
130786, 0, 1, 0, 1, 0, 0
130051, 1, 0, 0, 0, 1, 0
130052, 16, 0, 0, 0, 16, 0
130053, 1, 0, 0, 0, 1, 0
130054, 2, 0, 0, 0, 2, 0
130055, 1, 0, 0, 0, 1, 0
130056, 0, 1, 1, 0, 0, 0
130057, 1, 0, 0, 0, 1, 0
130058, 0, 2, 2, 0, 0, 0
130059, 1, 0, 0, 0, 1, 0
130063, 0, 1, 1, 0, 0, 0
130064, 1, 0, 0, 0, 0, 1
130066, 1, 0, 0, 0, 1, 0
130067, 1, 0, 0, 0, 1, 0
130068, 1, 0, 0, 0, 1, 0
130070, 1, 0, 0, 0, 1, 0
130071, 1, 0, 0, 0, 1, 0
130072, 1, 0, 0, 0, 1, 0
130073, 2, 0, 0, 0, 2, 0
130074, 0, 1, 1, 0, 0, 0
130075, 1, 0, 0, 0, 1, 0
130077, 1, 0, 0, 0, 1, 0
130078, 1, 0, 0, 0, 1, 0
130079, 1, 0, 0, 0, 0, 1
130080, 0, 1, 0, 1, 0, 0
130081, 1, 0, 0, 0, 1, 0
130083, 1, 1, 1, 0, 1, 0
130088, 1, 0, 0, 0, 1, 0
130089, 1, 0, 0, 0, 1, 0
130090, 1, 0, 0, 0, 1, 0
130091, 0, 1, 1, 0, 0, 0
130094, 2, 0, 0, 0, 2, 0
130095, 1, 0, 0, 0, 1, 0
130096, 0, 1, 1, 0, 0, 0
130098, 1, 0, 0, 0, 1, 0
130099, 1, 0, 0, 0, 0, 1
130100, 1, 0, 0, 0, 1, 0
130101, 1, 0, 0, 0, 0, 1
130103, 1, 0, 0, 0, 1, 0
130104, 2, 0, 0, 0, 2, 0
130107, 0, 1, 1, 0, 0, 0
130105, 1, 0, 0, 0, 1, 0
130111, 1, 0, 0, 0, 1, 0
130112, 0, 1, 1, 0, 0, 0
130113, 1, 0, 0, 0, 1, 0
130114, 1, 0, 0, 0, 1, 0
130115, 1, 0, 0, 0, 1, 0
130116, 0, 1, 1, 0, 0, 0
130117, 1, 0, 0, 0, 1, 0
130119, 1, 0, 0, 0, 1, 0
130121, 2, 0, 0, 0, 2, 0
130122, 1, 0, 0, 0, 1, 0
130126, 1, 0, 0, 0, 1, 0
130127, 0, 1, 1, 0, 0, 0
130128, 2, 0, 0, 0, 2, 0
130380, 0, 1, 1, 0, 0, 0
130138, 1, 0, 0, 0, 1, 0
130139, 1, 0, 0, 0, 1, 0
130141, 1, 0, 0, 0, 1, 0
130142, 0, 1, 1, 0, 0, 0
130143, 1, 0, 0, 0, 1, 0
130144, 2, 0, 0, 0, 2, 0
130145, 0, 1, 1, 0, 0, 0
130146, 1, 0, 0, 0, 1, 0
130154, 1, 0, 0, 0, 1, 0
130155, 0, 1, 1, 0, 0, 0
130156, 1, 0, 0, 0, 1, 0
130164, 1, 0, 0, 0, 0, 1
130165, 1, 0, 0, 0, 1, 0
130167, 4, 0, 0, 0, 4, 0
130168, 1, 0, 0, 0, 1, 0
130170, 1, 0, 0, 0, 1, 0
130172, 1, 0, 0, 0, 1, 0
130173, 1, 1, 1, 0, 1, 0
130174, 1, 1, 1, 0, 1, 0
130175, 4, 0, 0, 0, 4, 0
130176, 1, 0, 0, 0, 1, 0
130177, 1, 0, 0, 0, 1, 0
130179, 1, 0, 0, 0, 1, 0
130180, 1, 0, 0, 0, 1, 0
130181, 1, 1, 1, 0, 1, 0
130185, 1, 1, 1, 0, 1, 0
130187, 1, 0, 0, 0, 1, 0
130188, 1, 0, 0, 0, 1, 0
130190, 1, 0, 0, 0, 1, 0
130191, 0, 1, 1, 0, 0, 0
130192, 1, 0, 0, 0, 1, 0
130193, 0, 1, 1, 0, 0, 0
130196, 1, 0, 0, 0, 1, 0
130197, 1, 0, 0, 0, 1, 0
130198, 2, 1, 1, 0, 2, 0
130199, 1, 1, 1, 0, 1, 0
130201, 1, 0, 0, 0, 0, 1
130202, 2, 0, 0, 0, 2, 0
130312, 2, 3, 0, 3, 2, 0
130204, 1, 0, 0, 0, 1, 0
130205, 0, 1, 1, 0, 0, 0
130207, 2, 0, 0, 0, 2, 0
130208, 1, 1, 1, 0, 1, 0
130209, 1, 1, 1, 0, 1, 0
130210, 1, 0, 0, 0, 1, 0
130211, 1, 0, 0, 0, 0, 1
130212, 0, 1, 0, 1, 0, 0
130213, 1, 0, 0, 0, 1, 0
130214, 1, 1, 1, 0, 1, 0
130215, 1, 0, 0, 0, 1, 0
130217, 1, 1, 1, 0, 1, 0
130218, 1, 0, 0, 0, 0, 1
130219, 1, 0, 0, 0, 1, 0
130220, 1, 0, 0, 0, 1, 0
130221, 2, 0, 0, 0, 1, 1
130223, 1, 0, 0, 0, 1, 0
130224, 1, 0, 0, 0, 1, 0
130228, 1, 0, 0, 0, 1, 0
130230, 1, 0, 0, 0, 1, 0
130231, 0, 1, 1, 0, 0, 0
130233, 1, 0, 0, 0, 1, 0
130234, 0, 1, 1, 0, 0, 0
130235, 1, 0, 0, 0, 1, 0
130236, 1, 0, 0, 0, 1, 0
130238, 1, 0, 0, 0, 0, 1
130240, 1, 0, 0, 0, 1, 0
130241, 1, 0, 0, 0, 1, 0
130243, 1, 0, 0, 0, 1, 0
130244, 1, 1, 1, 0, 1, 0
130247, 1, 0, 0, 0, 1, 0
130248, 0, 1, 1, 0, 0, 0
130249, 1, 0, 0, 0, 1, 0
130250, 1, 0, 0, 0, 1, 0
130253, 1, 0, 0, 0, 1, 0
130256, 1, 0, 0, 0, 1, 0
130257, 0, 2, 2, 0, 0, 0
130258, 1, 0, 0, 0, 1, 0
130259, 0, 1, 1, 0, 0, 0
130260, 1, 0, 0, 0, 1, 0
130261, 2, 0, 0, 0, 2, 0
130262, 1, 0, 0, 0, 1, 0
130263, 0, 1, 1, 0, 0, 0
130264, 1, 0, 0, 0, 1, 0
130265, 5, 2, 1, 1, 3, 2
130267, 1, 0, 0, 0, 1, 0
130268, 0, 1, 1, 0, 0, 0
130271, 1, 0, 0, 0, 1, 0
130272, 1, 0, 0, 0, 1, 0
130273, 0, 1, 1, 0, 0, 0
130274, 1, 0, 0, 0, 0, 1
130275, 1, 0, 0, 0, 0, 1
130277, 1, 0, 0, 0, 1, 0
130278, 0, 1, 1, 0, 0, 0
130281, 1, 0, 0, 0, 1, 0
130282, 1, 0, 0, 0, 1, 0
130283, 0, 1, 1, 0, 0, 0
130284, 1, 0, 0, 0, 1, 0
130285, 1, 0, 0, 0, 1, 0
130286, 1, 0, 0, 0, 1, 0
130287, 2, 0, 0, 0, 2, 0
130290, 1, 1, 1, 0, 1, 0
130292, 1, 0, 0, 0, 1, 0
130293, 0, 1, 1, 0, 0, 0
130294, 2, 0, 0, 0, 2, 0
130296, 1, 0, 0, 0, 1, 0
130297, 1, 1, 1, 0, 1, 0
130298, 3, 2, 2, 0, 3, 0
130382, 1, 1, 1, 0, 1, 0
130299, 2, 0, 0, 0, 2, 0
130300, 3, 0, 0, 0, 2, 1
130302, 0, 2, 2, 0, 0, 0
130303, 0, 1, 1, 0, 0, 0
130304, 1, 1, 1, 0, 1, 0
130306, 0, 1, 1, 0, 0, 0
130307, 0, 1, 1, 0, 0, 0
130308, 0, 1, 0, 1, 0, 0
130309, 0, 1, 0, 1, 0, 0
130310, 0, 1, 0, 1, 0, 0
130314, 3, 1, 1, 0, 3, 0
130318, 0, 1, 1, 0, 0, 0
130319, 0, 1, 1, 0, 0, 0
130320, 0, 1, 1, 0, 0, 0
130305, 2, 0, 0, 0, 1, 1
130313, 1, 0, 0, 0, 1, 0
130315, 1, 1, 1, 0, 1, 0
130316, 1, 0, 0, 0, 0, 1
130317, 1, 0, 0, 0, 1, 0
130321, 2, 1, 1, 0, 2, 0
130322, 1, 0, 0, 0, 1, 0
130323, 1, 0, 0, 0, 1, 0
130324, 1, 0, 0, 0, 1, 0
130328, 1, 0, 0, 0, 1, 0
130329, 1, 0, 0, 0, 1, 0
130330, 0, 1, 1, 0, 0, 0
130332, 8, 1, 1, 0, 8, 0
130333, 2, 0, 0, 0, 2, 0
130353, 0, 1, 1, 0, 0, 0
130435, 0, 1, 1, 0, 0, 0
130754, 2, 2, 2, 0, 2, 0
130335, 1, 0, 0, 0, 0, 1
130336, 1, 0, 0, 0, 0, 1
130338, 2, 1, 1, 0, 2, 0
130340, 1, 0, 0, 0, 1, 0
130341, 1, 0, 0, 0, 1, 0
130342, 0, 1, 1, 0, 0, 0
130343, 1, 0, 0, 0, 1, 0
131391, 0, 1, 0, 1, 0, 0
130347, 2, 0, 0, 0, 2, 0
130348, 1, 0, 0, 0, 1, 0
130349, 1, 0, 0, 0, 1, 0
130350, 1, 0, 0, 0, 1, 0
130352, 3, 0, 0, 0, 3, 0
130354, 2, 0, 0, 0, 2, 0
130355, 0, 1, 1, 0, 0, 0
130356, 1, 0, 0, 0, 1, 0
130357, 1, 0, 0, 0, 1, 0
130359, 1, 0, 0, 0, 1, 0
130361, 1, 0, 0, 0, 1, 0
130362, 2, 1, 1, 0, 2, 0
130363, 1, 0, 0, 0, 1, 0
130364, 1, 1, 1, 0, 1, 0
130365, 1, 0, 0, 0, 1, 0
130366, 1, 0, 0, 0, 1, 0
130368, 1, 0, 0, 0, 1, 0
130371, 1, 0, 0, 0, 1, 0
130372, 1, 0, 0, 0, 1, 0
130373, 1, 0, 0, 0, 1, 0
130374, 1, 0, 0, 0, 1, 0
130376, 1, 1, 1, 0, 1, 0
130378, 1, 0, 0, 0, 1, 0
130379, 1, 0, 0, 0, 1, 0
130381, 1, 0, 0, 0, 1, 0
130383, 1, 0, 0, 0, 1, 0
130384, 0, 1, 1, 0, 0, 0
130386, 1, 0, 0, 0, 1, 0
130387, 1, 0, 0, 0, 1, 0
130388, 0, 2, 2, 0, 0, 0
130389, 1, 0, 0, 0, 1, 0
130390, 1, 0, 0, 0, 0, 1
130391, 2, 0, 0, 0, 2, 0
130392, 1, 0, 0, 0, 1, 0
130393, 1, 2, 2, 0, 1, 0
130394, 2, 0, 0, 0, 2, 0
130395, 0, 1, 1, 0, 0, 0
130397, 1, 0, 0, 0, 1, 0
130398, 0, 1, 1, 0, 0, 0
130399, 1, 0, 0, 0, 1, 0
130400, 1, 0, 0, 0, 1, 0
130401, 1, 0, 0, 0, 1, 0
130403, 2, 0, 0, 0, 2, 0
130407, 1, 0, 0, 0, 0, 1
130408, 1, 0, 0, 0, 0, 1
130415, 1, 0, 0, 0, 1, 0
130416, 1, 0, 0, 0, 1, 0
130417, 0, 1, 1, 0, 0, 0
130418, 1, 0, 0, 0, 1, 0
130419, 4, 0, 0, 0, 4, 0
130421, 1, 0, 0, 0, 1, 0
130422, 1, 0, 0, 0, 1, 0
130423, 0, 1, 1, 0, 0, 0
130425, 1, 0, 0, 0, 1, 0
130426, 0, 1, 1, 0, 0, 0
130429, 1, 0, 0, 0, 1, 0
130430, 0, 1, 1, 0, 0, 0
130431, 1, 0, 0, 0, 1, 0
130432, 5, 0, 0, 0, 5, 0
130433, 1, 0, 0, 0, 1, 0
130434, 0, 1, 1, 0, 0, 0
130436, 1, 0, 0, 0, 1, 0
130437, 0, 1, 1, 0, 0, 0
130438, 1, 0, 0, 0, 1, 0
130439, 0, 1, 1, 0, 0, 0
130440, 2, 0, 0, 0, 2, 0
130442, 1, 0, 0, 0, 1, 0
130443, 1, 0, 0, 0, 1, 0
130444, 0, 1, 1, 0, 0, 0
130448, 1, 0, 0, 0, 1, 0
130449, 0, 1, 1, 0, 0, 0
130450, 1, 0, 0, 0, 1, 0
130451, 1, 0, 0, 0, 1, 0
130452, 1, 1, 1, 0, 1, 0
130453, 1, 0, 0, 0, 1, 0
130454, 0, 1, 1, 0, 0, 0
130455, 1, 0, 0, 0, 1, 0
130456, 0, 1, 1, 0, 0, 0
130457, 1, 0, 0, 0, 1, 0
130458, 0, 1, 1, 0, 0, 0
130459, 1, 0, 0, 0, 1, 0
130461, 1, 0, 0, 0, 1, 0
130462, 0, 1, 1, 0, 0, 0
130463, 1, 0, 0, 0, 1, 0
130464, 0, 2, 2, 0, 0, 0
130465, 1, 0, 0, 0, 1, 0
130466, 0, 1, 1, 0, 0, 0
130467, 1, 0, 0, 0, 1, 0
130468, 0, 1, 1, 0, 0, 0
130469, 1, 0, 0, 0, 1, 0
130471, 1, 0, 0, 0, 1, 0
130472, 1, 0, 0, 0, 1, 0
130473, 3, 0, 0, 0, 3, 0
130474, 1, 0, 0, 0, 1, 0
130475, 0, 1, 1, 0, 0, 0
130476, 7, 0, 0, 0, 7, 0
130477, 1, 0, 0, 0, 0, 1
130478, 0, 1, 0, 1, 0, 0
130479, 1, 0, 0, 0, 1, 0
130480, 1, 0, 0, 0, 1, 0
130482, 2, 0, 0, 0, 2, 0
130483, 1, 0, 0, 0, 1, 0
131189, 0, 1, 0, 1, 0, 0
130490, 1, 1, 1, 0, 1, 0
130491, 0, 2, 2, 0, 0, 0
130492, 1, 0, 0, 0, 1, 0
130493, 0, 1, 1, 0, 0, 0
130494, 1, 0, 0, 0, 1, 0
130495, 1, 1, 1, 0, 1, 0
130497, 1, 1, 1, 0, 1, 0
130498, 6, 0, 0, 0, 6, 0
130499, 0, 1, 1, 0, 0, 0
130500, 2, 0, 0, 0, 2, 0
130503, 1, 0, 0, 0, 1, 0
130504, 6, 0, 0, 0, 6, 0
130505, 1, 0, 0, 0, 1, 0
130506, 1, 0, 0, 0, 1, 0
130507, 0, 1, 1, 0, 0, 0
130508, 1, 0, 0, 0, 1, 0
130509, 1, 0, 0, 0, 1, 0
130510, 1, 2, 2, 0, 1, 0
130511, 1, 0, 0, 0, 1, 0
130512, 0, 1, 1, 0, 0, 0
130514, 1, 0, 0, 0, 1, 0
130515, 1, 1, 1, 0, 1, 0
130516, 1, 0, 0, 0, 0, 1
130517, 1, 0, 0, 0, 1, 0
130518, 0, 1, 1, 0, 0, 0
130519, 1, 0, 0, 0, 1, 0
130520, 1, 0, 0, 0, 1, 0
130521, 1, 0, 0, 0, 1, 0
130522, 0, 1, 1, 0, 0, 0
130910, 2, 1, 1, 0, 2, 0
130527, 1, 0, 0, 0, 1, 0
130528, 2, 0, 0, 0, 1, 1
130529, 0, 1, 0, 1, 0, 0
130530, 0, 1, 1, 0, 0, 0
130531, 1, 1, 1, 0, 1, 0
130534, 15, 0, 0, 0, 15, 0
130535, 1, 0, 0, 0, 1, 0
130536, 1, 0, 0, 0, 1, 0
130540, 1, 0, 0, 0, 1, 0
130542, 1, 0, 0, 0, 1, 0
130543, 1, 0, 0, 0, 1, 0
130544, 0, 1, 1, 0, 0, 0
130545, 1, 0, 0, 0, 1, 0
130546, 1, 0, 0, 0, 1, 0
130548, 1, 0, 0, 0, 1, 0
130549, 1, 0, 0, 0, 1, 0
130550, 1, 0, 0, 0, 1, 0
130553, 1, 0, 0, 0, 1, 0
130555, 1, 0, 0, 0, 1, 0
130556, 1, 0, 0, 0, 1, 0
130557, 1, 0, 0, 0, 1, 0
130558, 0, 1, 1, 0, 0, 0
130559, 1, 0, 0, 0, 1, 0
130560, 0, 1, 1, 0, 0, 0
130562, 2, 0, 0, 0, 2, 0
130563, 4, 0, 0, 0, 4, 0
130564, 0, 1, 1, 0, 0, 0
130565, 0, 1, 1, 0, 0, 0
130566, 1, 0, 0, 0, 1, 0
130567, 1, 0, 0, 0, 1, 0
130568, 1, 0, 0, 0, 1, 0
130569, 1, 0, 0, 0, 1, 0
130572, 2, 1, 1, 0, 2, 0
130573, 0, 1, 1, 0, 0, 0
130574, 1, 0, 0, 0, 1, 0
130575, 0, 1, 1, 0, 0, 0
130576, 1, 0, 0, 0, 1, 0
130577, 1, 0, 0, 0, 1, 0
130578, 1, 0, 0, 0, 1, 0
130579, 5, 0, 0, 0, 5, 0
130580, 1, 0, 0, 0, 1, 0
130581, 15, 1, 1, 0, 15, 0
130582, 1, 0, 0, 0, 1, 0
130583, 2, 0, 0, 0, 2, 0
130584, 2, 0, 0, 0, 2, 0
130585, 2, 1, 1, 0, 2, 0
130586, 2, 0, 0, 0, 2, 0
130587, 1, 0, 0, 0, 1, 0
130588, 0, 1, 1, 0, 0, 0
130589, 1, 0, 0, 0, 1, 0
130591, 1, 0, 0, 0, 1, 0
130592, 1, 0, 0, 0, 1, 0
130593, 2, 0, 0, 0, 1, 1
130594, 0, 1, 1, 0, 0, 0
130596, 1, 0, 0, 0, 1, 0
130597, 1, 0, 0, 0, 1, 0
130598, 1, 0, 0, 0, 1, 0
130599, 0, 1, 1, 0, 0, 0
130600, 4, 0, 0, 0, 4, 0
130602, 1, 0, 0, 0, 1, 0
130603, 0, 1, 1, 0, 0, 0
130606, 2, 0, 0, 0, 2, 0
130607, 1, 0, 0, 0, 1, 0
130608, 1, 0, 0, 0, 1, 0
130609, 1, 0, 0, 0, 1, 0
130610, 0, 1, 1, 0, 0, 0
130611, 1, 0, 0, 0, 1, 0
130612, 1, 0, 0, 0, 1, 0
130613, 0, 1, 1, 0, 0, 0
130615, 1, 0, 0, 0, 1, 0
130616, 1, 0, 0, 0, 0, 1
130618, 1, 0, 0, 0, 1, 0
130619, 1, 0, 0, 0, 1, 0
130623, 1, 0, 0, 0, 1, 0
130624, 0, 1, 1, 0, 0, 0
130625, 2, 0, 0, 0, 1, 1
130734, 0, 1, 1, 0, 0, 0
130631, 1, 0, 0, 0, 1, 0
130632, 0, 1, 1, 0, 0, 0
130633, 1, 0, 0, 0, 1, 0
130634, 1, 0, 0, 0, 1, 0
130635, 1, 0, 0, 0, 1, 0
130636, 1, 0, 0, 0, 1, 0
130637, 1, 0, 0, 0, 1, 0
130638, 1, 0, 0, 0, 1, 0
130639, 1, 0, 0, 0, 1, 0
130640, 1, 0, 0, 0, 1, 0
130641, 0, 1, 1, 0, 0, 0
130642, 1, 0, 0, 0, 1, 0
130643, 1, 0, 0, 0, 1, 0
130645, 1, 0, 0, 0, 1, 0
130647, 1, 0, 0, 0, 1, 0
130648, 0, 1, 1, 0, 0, 0
130649, 1, 0, 0, 0, 1, 0
130650, 0, 1, 1, 0, 0, 0
130651, 1, 0, 0, 0, 1, 0
130653, 1, 0, 0, 0, 1, 0
130654, 4, 0, 0, 0, 4, 0
130655, 1, 0, 0, 0, 1, 0
130656, 1, 0, 0, 0, 1, 0
130657, 1, 0, 0, 0, 1, 0
130658, 1, 0, 0, 0, 1, 0
130659, 1, 0, 0, 0, 1, 0
130660, 0, 1, 1, 0, 0, 0
130661, 1, 0, 0, 0, 0, 1
130662, 1, 0, 0, 0, 1, 0
130664, 1, 0, 0, 0, 1, 0
130665, 0, 1, 1, 0, 0, 0
130666, 1, 0, 0, 0, 1, 0
130667, 1, 0, 0, 0, 1, 0
130668, 13, 0, 0, 0, 8, 5
130685, 0, 1, 1, 0, 0, 0
130686, 0, 2, 2, 0, 0, 0
130779, 0, 2, 0, 2, 0, 0
130669, 1, 0, 0, 0, 1, 0
130670, 1, 0, 0, 0, 1, 0
130671, 1, 0, 0, 0, 1, 0
130672, 1, 0, 0, 0, 1, 0
130674, 1, 0, 0, 0, 1, 0
130675, 1, 0, 0, 0, 1, 0
130676, 1, 0, 0, 0, 1, 0
130677, 1, 0, 0, 0, 1, 0
130679, 1, 0, 0, 0, 1, 0
130680, 5, 0, 0, 0, 5, 0
130687, 1, 1, 1, 0, 1, 0
130688, 1, 0, 0, 0, 1, 0
130689, 0, 1, 1, 0, 0, 0
130690, 1, 0, 0, 0, 1, 0
130691, 1, 0, 0, 0, 1, 0
130693, 1, 0, 0, 0, 1, 0
130694, 1, 0, 0, 0, 0, 1
130695, 1, 0, 0, 0, 1, 0
130696, 0, 3, 3, 0, 0, 0
130698, 1, 0, 0, 0, 1, 0
130699, 1, 1, 0, 1, 0, 1
130700, 1, 0, 0, 0, 1, 0
130701, 2, 0, 0, 0, 2, 0
130702, 1, 0, 0, 0, 1, 0
130707, 1, 0, 0, 0, 1, 0
130709, 1, 0, 0, 0, 1, 0
130711, 2, 1, 1, 0, 2, 0
130712, 0, 1, 1, 0, 0, 0
130713, 1, 0, 0, 0, 1, 0
130714, 3, 0, 0, 0, 3, 0
130715, 2, 0, 0, 0, 2, 0
130717, 1, 0, 0, 0, 1, 0
130718, 1, 0, 0, 0, 0, 1
130719, 1, 0, 0, 0, 1, 0
130721, 1, 0, 0, 0, 1, 0
130722, 0, 1, 1, 0, 0, 0
130723, 2, 0, 0, 0, 1, 1
130724, 1, 0, 0, 0, 1, 0
130727, 1, 0, 0, 0, 0, 1
130728, 0, 1, 0, 1, 0, 0
130729, 1, 0, 0, 0, 1, 0
130730, 1, 1, 1, 0, 1, 0
130731, 1, 0, 0, 0, 1, 0
130732, 1, 0, 0, 0, 1, 0
130733, 0, 1, 1, 0, 0, 0
130737, 1, 0, 0, 0, 1, 0
130738, 0, 1, 1, 0, 0, 0
130739, 1, 0, 0, 0, 1, 0
130741, 1, 0, 0, 0, 1, 0
130745, 1, 0, 0, 0, 1, 0
130746, 1, 0, 0, 0, 1, 0
130747, 4, 0, 0, 0, 4, 0
130748, 1, 0, 0, 0, 1, 0
130750, 1, 0, 0, 0, 1, 0
130751, 2, 0, 0, 0, 2, 0
130752, 1, 0, 0, 0, 1, 0
130758, 1, 0, 0, 0, 1, 0
130759, 1, 0, 0, 0, 1, 0
130760, 6, 1, 1, 0, 2, 4
130761, 0, 1, 0, 1, 0, 0
130762, 1, 0, 0, 0, 1, 0
130763, 1, 0, 0, 0, 1, 0
130764, 3, 0, 0, 0, 3, 0
130767, 1, 0, 0, 0, 1, 0
130768, 1, 0, 0, 0, 1, 0
130769, 2, 0, 0, 0, 2, 0
130770, 1, 0, 0, 0, 1, 0
130771, 2, 0, 0, 0, 2, 0
130772, 1, 0, 0, 0, 1, 0
130773, 2, 0, 0, 0, 2, 0
131636, 0, 1, 1, 0, 0, 0
130774, 1, 0, 0, 0, 1, 0
130776, 1, 0, 0, 0, 0, 1
130777, 0, 1, 0, 1, 0, 0
130778, 1, 0, 0, 0, 1, 0
130780, 1, 0, 0, 0, 1, 0
130781, 4, 0, 0, 0, 3, 1
130782, 1, 0, 0, 0, 1, 0
130783, 1, 0, 0, 0, 1, 0
130784, 1, 0, 0, 0, 1, 0
130785, 0, 1, 1, 0, 0, 0
130787, 1, 1, 1, 0, 1, 0
130789, 3, 0, 0, 0, 3, 0
130790, 1, 0, 0, 0, 1, 0
130791, 1, 0, 0, 0, 0, 1
130792, 1, 0, 0, 0, 1, 0
130793, 1, 0, 0, 0, 1, 0
130794, 1, 0, 0, 0, 1, 0
130795, 0, 1, 1, 0, 0, 0
130796, 1, 0, 0, 0, 1, 0
130797, 2, 0, 0, 0, 2, 0
131545, 0, 1, 1, 0, 0, 0
130798, 2, 0, 0, 0, 2, 0
130800, 1, 0, 0, 0, 1, 0
130802, 1, 0, 0, 0, 1, 0
130803, 0, 1, 1, 0, 0, 0
130804, 1, 0, 0, 0, 0, 1
130805, 1, 1, 1, 0, 1, 0
130987, 0, 1, 1, 0, 0, 0
130809, 1, 0, 0, 0, 1, 0
130810, 1, 0, 0, 0, 1, 0
130811, 1, 0, 0, 0, 1, 0
130812, 1, 0, 0, 0, 1, 0
130813, 1, 0, 0, 0, 1, 0
130815, 1, 0, 0, 0, 1, 0
130816, 0, 1, 1, 0, 0, 0
130817, 1, 0, 0, 0, 1, 0
130818, 1, 0, 0, 0, 1, 0
130819, 0, 1, 1, 0, 0, 0
130821, 2, 1, 1, 0, 2, 0
130822, 1, 0, 0, 0, 1, 0
130825, 1, 0, 0, 0, 1, 0
130826, 0, 1, 1, 0, 0, 0
130827, 1, 0, 0, 0, 1, 0
130835, 1, 0, 0, 0, 1, 0
130844, 1, 0, 0, 0, 1, 0
130845, 0, 1, 1, 0, 0, 0
130848, 1, 0, 0, 0, 1, 0
130849, 1, 0, 0, 0, 1, 0
130850, 1, 0, 0, 0, 0, 1
130851, 1, 0, 0, 0, 1, 0
130853, 1, 0, 0, 0, 1, 0
130854, 1, 0, 0, 0, 1, 0
130855, 0, 1, 1, 0, 0, 0
130856, 1, 0, 0, 0, 1, 0
130857, 0, 1, 1, 0, 0, 0
130859, 1, 0, 0, 0, 1, 0
130860, 0, 1, 1, 0, 0, 0
130861, 9, 0, 0, 0, 3, 6
130862, 1, 0, 0, 0, 1, 0
130863, 0, 1, 1, 0, 0, 0
130865, 2, 1, 1, 0, 2, 0
130866, 2, 1, 1, 0, 2, 0
130867, 0, 2, 2, 0, 0, 0
130870, 1, 1, 1, 0, 1, 0
130871, 1, 0, 0, 0, 1, 0
130872, 1, 0, 0, 0, 1, 0
130873, 1, 0, 0, 0, 1, 0
130876, 1, 0, 0, 0, 1, 0
130877, 1, 0, 0, 0, 1, 0
130878, 1, 0, 0, 0, 0, 1
130883, 1, 0, 0, 0, 1, 0
130885, 1, 0, 0, 0, 1, 0
130886, 0, 1, 1, 0, 0, 0
130887, 1, 0, 0, 0, 1, 0
130888, 15, 1, 1, 0, 15, 0
130891, 1, 0, 0, 0, 1, 0
130893, 1, 0, 0, 0, 1, 0
130894, 0, 1, 1, 0, 0, 0
130897, 1, 0, 0, 0, 1, 0
130898, 0, 1, 1, 0, 0, 0
130900, 1, 0, 0, 0, 1, 0
130901, 1, 0, 0, 0, 1, 0
130902, 2, 0, 0, 0, 2, 0
130903, 1, 0, 0, 0, 1, 0
130904, 1, 0, 0, 0, 1, 0
130905, 0, 1, 1, 0, 0, 0
130906, 1, 0, 0, 0, 0, 1
130907, 1, 0, 0, 0, 1, 0
130908, 1, 0, 0, 0, 1, 0
130909, 0, 1, 1, 0, 0, 0
130912, 1, 0, 0, 0, 1, 0
130913, 2, 0, 0, 0, 2, 0
130914, 1, 0, 0, 0, 1, 0
130915, 2, 0, 0, 0, 2, 0
130917, 1, 0, 0, 0, 1, 0
130918, 0, 1, 1, 0, 0, 0
130919, 1, 0, 0, 0, 1, 0
130920, 1, 0, 0, 0, 1, 0
130923, 1, 0, 0, 0, 0, 1
130924, 0, 1, 0, 1, 0, 0
130925, 1, 0, 0, 0, 1, 0
130926, 3, 1, 1, 0, 3, 0
130927, 2, 0, 0, 0, 2, 0
130928, 1, 0, 0, 0, 0, 1
130929, 1, 0, 0, 0, 1, 0
131032, 1, 1, 1, 0, 1, 0
130935, 1, 0, 0, 0, 1, 0
130936, 0, 1, 1, 0, 0, 0
130937, 1, 0, 0, 0, 1, 0
130938, 1, 0, 0, 0, 1, 0
130939, 0, 1, 1, 0, 0, 0
130940, 1, 0, 0, 0, 1, 0
130941, 0, 1, 1, 0, 0, 0
130942, 1, 0, 0, 0, 1, 0
130943, 1, 0, 0, 0, 1, 0
130944, 0, 1, 1, 0, 0, 0
130945, 1, 0, 0, 0, 1, 0
130947, 1, 0, 0, 0, 0, 1
130948, 1, 0, 0, 0, 1, 0
130949, 1, 0, 0, 0, 1, 0
130950, 1, 0, 0, 0, 0, 1
130951, 0, 1, 0, 1, 0, 0
130952, 1, 0, 0, 0, 1, 0
130953, 0, 1, 1, 0, 0, 0
130954, 1, 0, 0, 0, 1, 0
130955, 1, 0, 0, 0, 1, 0
130956, 0, 1, 1, 0, 0, 0
130957, 1, 0, 0, 0, 1, 0
130958, 2, 0, 0, 0, 2, 0
130959, 1, 0, 0, 0, 1, 0
130960, 1, 0, 0, 0, 1, 0
130961, 0, 1, 1, 0, 0, 0
130963, 1, 0, 0, 0, 0, 1
130964, 1, 0, 0, 0, 1, 0
130965, 1, 0, 0, 0, 1, 0
130966, 1, 0, 0, 0, 1, 0
130967, 1, 0, 0, 0, 1, 0
130968, 1, 0, 0, 0, 1, 0
130969, 0, 1, 1, 0, 0, 0
130970, 5, 0, 0, 0, 5, 0
130971, 1, 0, 0, 0, 1, 0
130972, 7, 1, 1, 0, 7, 0
130973, 1, 1, 1, 0, 1, 0
130975, 1, 0, 0, 0, 1, 0
130976, 0, 1, 1, 0, 0, 0
130977, 2, 0, 0, 0, 2, 0
130978, 1, 0, 0, 0, 1, 0
130979, 0, 1, 1, 0, 0, 0
130980, 1, 0, 0, 0, 1, 0
130981, 1, 1, 1, 0, 1, 0
130982, 1, 1, 1, 0, 1, 0
130983, 1, 0, 0, 0, 1, 0
130984, 1, 0, 0, 0, 1, 0
130985, 0, 1, 1, 0, 0, 0
130986, 1, 0, 0, 0, 1, 0
130989, 1, 0, 0, 0, 1, 0
130990, 0, 1, 1, 0, 0, 0
130991, 1, 0, 0, 0, 1, 0
130992, 0, 1, 1, 0, 0, 0
130993, 1, 0, 0, 0, 1, 0
130994, 4, 0, 0, 0, 4, 0
130996, 1, 0, 0, 0, 1, 0
130997, 0, 1, 1, 0, 0, 0
130998, 1, 0, 0, 0, 1, 0
131000, 1, 0, 0, 0, 1, 0
131003, 1, 0, 0, 0, 1, 0
131005, 1, 0, 0, 0, 1, 0
131006, 0, 1, 1, 0, 0, 0
131008, 1, 0, 0, 0, 1, 0
131009, 1, 0, 0, 0, 1, 0
131011, 1, 0, 0, 0, 1, 0
131012, 1, 0, 0, 0, 1, 0
131013, 1, 0, 0, 0, 1, 0
131014, 1, 0, 0, 0, 1, 0
131015, 1, 0, 0, 0, 1, 0
131016, 0, 1, 1, 0, 0, 0
131017, 1, 0, 0, 0, 1, 0
131018, 1, 0, 0, 0, 1, 0
131019, 1, 0, 0, 0, 1, 0
131020, 1, 0, 0, 0, 1, 0
131021, 0, 1, 1, 0, 0, 0
131022, 1, 0, 0, 0, 1, 0
131024, 1, 0, 0, 0, 1, 0
131025, 6, 1, 1, 0, 6, 0
131026, 1, 1, 1, 0, 1, 0
131027, 0, 1, 1, 0, 0, 0
131028, 1, 0, 0, 0, 1, 0
131029, 1, 0, 0, 0, 0, 1
131030, 0, 1, 0, 1, 0, 0
131033, 1, 0, 0, 0, 1, 0
131037, 1, 0, 0, 0, 1, 0
131038, 1, 0, 0, 0, 1, 0
131041, 4, 0, 0, 0, 4, 0
131042, 1, 1, 1, 0, 1, 0
131043, 1, 0, 0, 0, 0, 1
131045, 1, 0, 0, 0, 1, 0
131046, 1, 0, 0, 0, 1, 0
131047, 0, 1, 1, 0, 0, 0
131048, 1, 0, 0, 0, 1, 0
131050, 1, 0, 0, 0, 0, 1
131051, 1, 0, 0, 0, 1, 0
131052, 0, 1, 1, 0, 0, 0
131053, 1, 0, 0, 0, 1, 0
131054, 1, 0, 0, 0, 1, 0
131056, 1, 0, 0, 0, 1, 0
131058, 1, 0, 0, 0, 1, 0
131059, 1, 0, 0, 0, 1, 0
131060, 0, 1, 1, 0, 0, 0
131063, 1, 0, 0, 0, 0, 1
131068, 1, 0, 0, 0, 1, 0
131069, 1, 0, 0, 0, 1, 0
131071, 1, 0, 0, 0, 1, 0
131072, 1, 0, 0, 0, 0, 1
131073, 1, 0, 0, 0, 1, 0
131074, 0, 1, 1, 0, 0, 0
131075, 1, 0, 0, 0, 1, 0
131077, 1, 0, 0, 0, 0, 1
131078, 0, 1, 0, 1, 0, 0
131082, 1, 0, 0, 0, 1, 0
131084, 2, 0, 0, 0, 2, 0
131085, 1, 0, 0, 0, 1, 0
131086, 1, 0, 0, 0, 0, 1
131088, 1, 0, 0, 0, 0, 1
131089, 0, 1, 0, 1, 0, 0
131090, 1, 0, 0, 0, 1, 0
131091, 3, 0, 0, 0, 3, 0
131092, 1, 0, 0, 0, 1, 0
131093, 1, 0, 0, 0, 1, 0
131094, 0, 1, 1, 0, 0, 0
131095, 1, 0, 0, 0, 1, 0
131096, 1, 0, 0, 0, 0, 1
131098, 2, 0, 0, 0, 2, 0
131099, 1, 0, 0, 0, 0, 1
131100, 0, 1, 0, 1, 0, 0
131101, 1, 0, 0, 0, 1, 0
131102, 0, 1, 1, 0, 0, 0
131103, 1, 0, 0, 0, 1, 0
131104, 5, 0, 0, 0, 5, 0
131105, 1, 0, 0, 0, 1, 0
131106, 0, 1, 1, 0, 0, 0
131107, 1, 0, 0, 0, 1, 0
131108, 1, 0, 0, 0, 1, 0
131111, 1, 0, 0, 0, 0, 1
131113, 1, 0, 0, 0, 1, 0
131114, 1, 0, 0, 0, 1, 0
131115, 0, 1, 1, 0, 0, 0
131116, 1, 0, 0, 0, 1, 0
131117, 1, 0, 0, 0, 1, 0
131118, 1, 0, 0, 0, 1, 0
131119, 1, 0, 0, 0, 1, 0
131120, 1, 0, 0, 0, 1, 0
131122, 1, 0, 0, 0, 0, 1
131124, 1, 0, 0, 0, 1, 0
131125, 0, 1, 1, 0, 0, 0
131128, 2, 0, 0, 0, 2, 0
131129, 1, 0, 0, 0, 1, 0
131131, 1, 0, 0, 0, 1, 0
131134, 1, 0, 0, 0, 1, 0
131135, 3, 0, 0, 0, 3, 0
131136, 0, 1, 1, 0, 0, 0
131138, 0, 1, 1, 0, 0, 0
131139, 0, 1, 1, 0, 0, 0
131137, 1, 0, 0, 0, 1, 0
131140, 1, 0, 0, 0, 1, 0
131141, 0, 1, 1, 0, 0, 0
131142, 1, 0, 0, 0, 1, 0
131143, 0, 1, 1, 0, 0, 0
131144, 1, 0, 0, 0, 1, 0
131145, 0, 1, 1, 0, 0, 0
131146, 1, 0, 0, 0, 1, 0
131147, 0, 1, 1, 0, 0, 0
131148, 1, 0, 0, 0, 1, 0
131149, 3, 0, 0, 0, 2, 1
131150, 1, 0, 0, 0, 1, 0
131151, 0, 1, 1, 0, 0, 0
131153, 1, 1, 1, 0, 1, 0
131154, 1, 0, 0, 0, 1, 0
131155, 0, 1, 1, 0, 0, 0
131158, 2, 1, 1, 0, 2, 0
131159, 1, 0, 0, 0, 1, 0
131160, 0, 2, 2, 0, 0, 0
131161, 1, 0, 0, 0, 0, 1
131162, 1, 0, 0, 0, 1, 0
131163, 1, 0, 0, 0, 1, 0
131164, 1, 0, 0, 0, 1, 0
131165, 0, 1, 1, 0, 0, 0
131166, 1, 0, 0, 0, 1, 0
131167, 0, 1, 1, 0, 0, 0
131168, 2, 0, 0, 0, 1, 1
131169, 0, 1, 0, 1, 0, 0
131794, 0, 1, 1, 0, 0, 0
131170, 1, 0, 0, 0, 1, 0
131172, 1, 0, 0, 0, 1, 0
131176, 1, 0, 0, 0, 1, 0
131178, 1, 0, 0, 0, 1, 0
131180, 1, 0, 0, 0, 1, 0
131181, 0, 1, 1, 0, 0, 0
131182, 1, 0, 0, 0, 1, 0
131183, 1, 0, 0, 0, 1, 0
131184, 0, 1, 1, 0, 0, 0
131641, 0, 2, 2, 0, 0, 0
131186, 4, 0, 0, 0, 4, 0
131187, 1, 0, 0, 0, 0, 1
131190, 1, 0, 0, 0, 1, 0
131192, 1, 0, 0, 0, 1, 0
131193, 1, 1, 1, 0, 1, 0
131194, 1, 0, 0, 0, 1, 0
131196, 1, 0, 0, 0, 1, 0
131197, 0, 1, 1, 0, 0, 0
131198, 1, 0, 0, 0, 1, 0
131199, 1, 0, 0, 0, 1, 0
131201, 1, 0, 0, 0, 1, 0
131203, 1, 0, 0, 0, 1, 0
131204, 0, 1, 1, 0, 0, 0
131205, 3, 0, 0, 0, 3, 0
131212, 1, 0, 0, 0, 1, 0
131647, 0, 1, 0, 1, 0, 0
131648, 0, 1, 0, 1, 0, 0
131216, 1, 0, 0, 0, 1, 0
131217, 1, 0, 0, 0, 1, 0
131316, 0, 2, 2, 0, 0, 0
131332, 2, 2, 2, 0, 2, 0
131223, 1, 0, 0, 0, 1, 0
131224, 1, 0, 0, 0, 1, 0
131225, 1, 0, 0, 0, 0, 1
131226, 0, 1, 0, 1, 0, 0
131227, 1, 0, 0, 0, 1, 0
131393, 0, 1, 1, 0, 0, 0
131229, 2, 0, 0, 0, 2, 0
131232, 1, 0, 0, 0, 1, 0
131235, 1, 0, 0, 0, 1, 0
131237, 1, 0, 0, 0, 1, 0
131238, 1, 0, 0, 0, 1, 0
131241, 1, 0, 0, 0, 1, 0
131243, 1, 0, 0, 0, 1, 0
131245, 1, 0, 0, 0, 1, 0
131246, 1, 0, 0, 0, 1, 0
131247, 0, 3, 3, 0, 0, 0
131249, 1, 0, 0, 0, 1, 0
131250, 0, 1, 1, 0, 0, 0
131252, 1, 0, 0, 0, 1, 0
131253, 1, 1, 1, 0, 1, 0
131254, 1, 0, 0, 0, 1, 0
131255, 1, 0, 0, 0, 1, 0
131258, 1, 0, 0, 0, 0, 1
131259, 1, 0, 0, 0, 1, 0
131260, 1, 0, 0, 0, 1, 0
131263, 2, 0, 0, 0, 2, 0
131264, 1, 0, 0, 0, 1, 0
131266, 2, 0, 0, 0, 2, 0
131267, 0, 1, 1, 0, 0, 0
131330, 0, 1, 1, 0, 0, 0
131272, 1, 0, 0, 0, 1, 0
131273, 1, 0, 0, 0, 1, 0
131274, 0, 1, 1, 0, 0, 0
131276, 1, 0, 0, 0, 1, 0
131277, 1, 2, 2, 0, 1, 0
131278, 1, 0, 0, 0, 1, 0
131279, 0, 1, 1, 0, 0, 0
131281, 1, 0, 0, 0, 1, 0
131284, 1, 0, 0, 0, 1, 0
131285, 1, 0, 0, 0, 1, 0
131286, 3, 0, 0, 0, 3, 0
131287, 0, 1, 1, 0, 0, 0
131288, 1, 0, 0, 0, 1, 0
131289, 0, 1, 1, 0, 0, 0
131290, 6, 0, 0, 0, 6, 0
131434, 0, 1, 1, 0, 0, 0
131291, 1, 0, 0, 0, 1, 0
131292, 23, 16, 16, 0, 23, 0
131293, 1, 1, 1, 0, 1, 0
131295, 1, 1, 1, 0, 1, 0
131296, 1, 1, 1, 0, 1, 0
131297, 1, 1, 1, 0, 1, 0
131298, 1, 1, 1, 0, 1, 0
131299, 1, 1, 1, 0, 1, 0
131304, 1, 1, 1, 0, 1, 0
131305, 1, 1, 1, 0, 1, 0
131323, 1, 1, 1, 0, 1, 0
131324, 1, 1, 1, 0, 1, 0
131325, 1, 1, 1, 0, 1, 0
131326, 1, 1, 1, 0, 1, 0
131327, 1, 1, 1, 0, 1, 0
131370, 1, 1, 1, 0, 1, 0
131294, 5, 0, 0, 0, 5, 0
131301, 1, 0, 0, 0, 1, 0
131302, 1, 1, 1, 0, 1, 0
131307, 1, 0, 0, 0, 1, 0
131309, 1, 0, 0, 0, 1, 0
131310, 1, 0, 0, 0, 1, 0
131312, 2, 0, 0, 0, 2, 0
131313, 4, 0, 0, 0, 3, 1
131314, 2, 0, 0, 0, 2, 0
131315, 1, 0, 0, 0, 1, 0
131318, 3, 0, 0, 0, 2, 1
131329, 0, 1, 1, 0, 0, 0
131320, 1, 0, 0, 0, 1, 0
131321, 8, 1, 1, 0, 8, 0
131322, 1, 0, 0, 0, 1, 0
131331, 1, 0, 0, 0, 1, 0
131334, 1, 0, 0, 0, 1, 0
131335, 2, 0, 0, 0, 2, 0
131336, 1, 0, 0, 0, 1, 0
131338, 1, 0, 0, 0, 1, 0
131340, 1, 1, 1, 0, 1, 0
131341, 1, 0, 0, 0, 1, 0
131347, 1, 0, 0, 0, 1, 0
131348, 1, 0, 0, 0, 1, 0
131350, 1, 0, 0, 0, 1, 0
131351, 1, 0, 0, 0, 1, 0
131352, 0, 1, 1, 0, 0, 0
131353, 1, 0, 0, 0, 1, 0
131580, 0, 1, 1, 0, 0, 0
131355, 1, 0, 0, 0, 1, 0
131356, 1, 0, 0, 0, 1, 0
131357, 0, 1, 1, 0, 0, 0
131359, 1, 0, 0, 0, 1, 0
131360, 1, 0, 0, 0, 1, 0
131361, 1, 0, 0, 0, 1, 0
131365, 1, 0, 0, 0, 0, 1
131366, 1, 0, 0, 0, 1, 0
131367, 0, 1, 1, 0, 0, 0
131368, 1, 0, 0, 0, 1, 0
131371, 1, 0, 0, 0, 0, 1
131372, 0, 1, 0, 1, 0, 0
131373, 3, 0, 0, 0, 3, 0
131374, 1, 0, 0, 0, 1, 0
131375, 1, 0, 0, 0, 1, 0
131376, 1, 0, 0, 0, 1, 0
131377, 0, 1, 1, 0, 0, 0
131378, 1, 0, 0, 0, 1, 0
131381, 1, 0, 0, 0, 1, 0
131382, 1, 0, 0, 0, 1, 0
131383, 0, 1, 1, 0, 0, 0
131384, 1, 0, 0, 0, 1, 0
131386, 1, 0, 0, 0, 1, 0
131387, 3, 0, 0, 0, 3, 0
131389, 1, 0, 0, 0, 0, 1
131390, 0, 1, 0, 1, 0, 0
131392, 1, 0, 0, 0, 1, 0
131397, 1, 0, 0, 0, 1, 0
131400, 1, 0, 0, 0, 0, 1
131401, 2, 0, 0, 0, 2, 0
131402, 1, 0, 0, 0, 1, 0
131403, 1, 0, 0, 0, 1, 0
131404, 1, 0, 0, 0, 1, 0
131405, 1, 0, 0, 0, 1, 0
131407, 1, 0, 0, 0, 1, 0
131408, 0, 1, 1, 0, 0, 0
131409, 1, 0, 0, 0, 1, 0
131410, 1, 1, 1, 0, 1, 0
131411, 1, 0, 0, 0, 1, 0
131412, 1, 0, 0, 0, 1, 0
131413, 0, 1, 1, 0, 0, 0
131414, 1, 0, 0, 0, 1, 0
131415, 3, 0, 0, 0, 3, 0
131416, 0, 2, 2, 0, 0, 0
131417, 0, 1, 1, 0, 0, 0
131744, 1, 1, 1, 0, 1, 0
131419, 1, 0, 0, 0, 1, 0
131425, 1, 0, 0, 0, 1, 0
131428, 1, 1, 1, 0, 1, 0
131429, 1, 0, 0, 0, 1, 0
131430, 1, 0, 0, 0, 1, 0
131432, 2, 0, 0, 0, 1, 1
131435, 2, 0, 0, 0, 2, 0
131436, 1, 0, 0, 0, 1, 0
131437, 1, 0, 0, 0, 1, 0
131438, 1, 0, 0, 0, 1, 0
131439, 0, 1, 1, 0, 0, 0
131440, 1, 0, 0, 0, 1, 0
131441, 1, 0, 0, 0, 1, 0
131442, 0, 1, 1, 0, 0, 0
131443, 1, 1, 1, 0, 1, 0
131445, 0, 1, 1, 0, 0, 0
131446, 1, 0, 0, 0, 1, 0
131447, 0, 1, 1, 0, 0, 0
131452, 1, 0, 0, 0, 1, 0
131453, 0, 1, 1, 0, 0, 0
131455, 2, 0, 0, 0, 2, 0
131456, 1, 0, 0, 0, 1, 0
131457, 0, 1, 1, 0, 0, 0
131458, 1, 0, 0, 0, 0, 1
131463, 1, 0, 0, 0, 0, 1
131465, 1, 0, 0, 0, 0, 1
131467, 1, 0, 0, 0, 1, 0
131468, 0, 1, 1, 0, 0, 0
131470, 1, 0, 0, 0, 1, 0
131472, 2, 0, 0, 0, 2, 0
131474, 1, 0, 0, 0, 1, 0
131476, 1, 0, 0, 0, 0, 1
131477, 1, 0, 0, 0, 1, 0
131478, 0, 1, 1, 0, 0, 0
131480, 1, 0, 0, 0, 1, 0
131481, 1, 0, 0, 0, 1, 0
131483, 1, 0, 0, 0, 1, 0
131484, 0, 1, 1, 0, 0, 0
131485, 1, 0, 0, 0, 1, 0
131486, 1, 0, 0, 0, 1, 0
131487, 0, 1, 1, 0, 0, 0
131490, 2, 1, 1, 0, 2, 0
131492, 1, 0, 0, 0, 1, 0
131493, 1, 0, 0, 0, 1, 0
131496, 1, 0, 0, 0, 1, 0
131498, 1, 0, 0, 0, 1, 0
131499, 0, 1, 1, 0, 0, 0
131501, 1, 1, 1, 0, 1, 0
131502, 1, 0, 0, 0, 0, 1
131503, 0, 1, 0, 1, 0, 0
131504, 1, 0, 0, 0, 1, 0
131505, 1, 0, 0, 0, 1, 0
131506, 1, 0, 0, 0, 1, 0
131507, 1, 0, 0, 0, 1, 0
131799, 1, 1, 1, 0, 1, 0
131509, 1, 0, 0, 0, 1, 0
131511, 1, 0, 0, 0, 1, 0
131512, 1, 0, 0, 0, 1, 0
131514, 1, 0, 0, 0, 1, 0
131517, 2, 0, 0, 0, 2, 0
131518, 1, 1, 1, 0, 1, 0
131519, 4, 1, 1, 0, 3, 1
131557, 1, 1, 0, 1, 1, 0
131644, 0, 1, 1, 0, 0, 0
131521, 2, 0, 0, 0, 2, 0
131565, 1, 1, 1, 0, 1, 0
131593, 1, 1, 1, 0, 1, 0
131624, 2, 1, 1, 0, 2, 0
131656, 2, 1, 1, 0, 2, 0
131662, 4, 1, 1, 0, 4, 0
131671, 2, 1, 1, 0, 2, 0
131720, 1, 1, 1, 0, 1, 0
131523, 2, 0, 0, 0, 2, 0
131526, 1, 0, 0, 0, 1, 0
131527, 0, 1, 1, 0, 0, 0
131528, 2, 0, 0, 0, 2, 0
131569, 0, 1, 1, 0, 0, 0
131530, 1, 0, 0, 0, 1, 0
131531, 1, 0, 0, 0, 0, 1
131532, 1, 0, 0, 0, 1, 0
131533, 1, 0, 0, 0, 0, 1
131537, 1, 0, 0, 0, 1, 0
131538, 2, 0, 0, 0, 2, 0
131540, 1, 0, 0, 0, 1, 0
131541, 1, 0, 0, 0, 1, 0
131542, 1, 0, 0, 0, 1, 0
131543, 1, 0, 0, 0, 1, 0
131544, 0, 1, 1, 0, 0, 0
131546, 1, 0, 0, 0, 1, 0
131547, 1, 0, 0, 0, 1, 0
131548, 1, 0, 0, 0, 1, 0
131549, 1, 0, 0, 0, 1, 0
131550, 1, 0, 0, 0, 1, 0
131551, 1, 0, 0, 0, 1, 0
131552, 1, 0, 0, 0, 0, 1
131554, 2, 0, 0, 0, 2, 0
131555, 2, 0, 0, 0, 2, 0
131558, 0, 1, 1, 0, 0, 0
131560, 1, 0, 0, 0, 1, 0
131561, 0, 1, 1, 0, 0, 0
131562, 2, 0, 0, 0, 2, 0
131563, 3, 0, 0, 0, 3, 0
131567, 1, 0, 0, 0, 1, 0
131568, 1, 0, 0, 0, 0, 1
131570, 1, 0, 0, 0, 0, 1
131572, 1, 0, 0, 0, 1, 0
131573, 0, 1, 1, 0, 0, 0
131574, 1, 0, 0, 0, 0, 1
131575, 0, 1, 0, 1, 0, 0
131576, 1, 1, 1, 0, 1, 0
131577, 1, 0, 0, 0, 1, 0
131578, 0, 1, 1, 0, 0, 0
131579, 1, 0, 0, 0, 1, 0
131581, 1, 0, 0, 0, 1, 0
131582, 1, 0, 0, 0, 1, 0
131583, 1, 0, 0, 0, 1, 0
131584, 1, 0, 0, 0, 1, 0
131586, 1, 0, 0, 0, 1, 0
131587, 1, 0, 0, 0, 1, 0
131588, 0, 1, 1, 0, 0, 0
131589, 1, 0, 0, 0, 1, 0
131590, 1, 0, 0, 0, 1, 0
131598, 1, 0, 0, 0, 1, 0
131599, 0, 1, 1, 0, 0, 0
131603, 1, 1, 1, 0, 1, 0
131604, 1, 1, 1, 0, 1, 0
131605, 1, 0, 0, 0, 1, 0
131606, 0, 1, 1, 0, 0, 0
131607, 1, 0, 0, 0, 1, 0
131608, 1, 0, 0, 0, 1, 0
131609, 2, 0, 0, 0, 2, 0
131611, 1, 0, 0, 0, 1, 0
131613, 1, 0, 0, 0, 1, 0
131614, 1, 0, 0, 0, 1, 0
131615, 2, 0, 0, 0, 2, 0
131617, 1, 0, 0, 0, 1, 0
131618, 1, 0, 0, 0, 1, 0
131619, 0, 1, 1, 0, 0, 0
131620, 1, 0, 0, 0, 1, 0
131621, 1, 0, 0, 0, 0, 1
131622, 0, 1, 0, 1, 0, 0
131623, 1, 0, 0, 0, 1, 0
131626, 1, 0, 0, 0, 0, 1
131627, 0, 1, 0, 1, 0, 0
131628, 2, 0, 0, 0, 2, 0
131629, 1, 0, 0, 0, 1, 0
131630, 0, 1, 1, 0, 0, 0
131632, 1, 0, 0, 0, 1, 0
131633, 1, 0, 0, 0, 1, 0
131634, 1, 0, 0, 0, 1, 0
131635, 1, 0, 0, 0, 0, 1
131637, 1, 0, 0, 0, 1, 0
131638, 1, 0, 0, 0, 1, 0
131640, 1, 0, 0, 0, 1, 0
131642, 1, 0, 0, 0, 1, 0
131646, 1, 0, 0, 0, 1, 0
131650, 4, 0, 0, 0, 3, 1
131651, 1, 0, 0, 0, 1, 0
131652, 2, 0, 0, 0, 2, 0
131653, 1, 0, 0, 0, 1, 0
131654, 1, 1, 1, 0, 1, 0
131655, 1, 1, 1, 0, 1, 0
131657, 1, 1, 1, 0, 1, 0
131658, 1, 1, 1, 0, 1, 0
131659, 1, 0, 0, 0, 1, 0
131660, 0, 1, 1, 0, 0, 0
131663, 0, 1, 1, 0, 0, 0
131664, 1, 0, 0, 0, 1, 0
131665, 1, 0, 0, 0, 1, 0
131666, 1, 0, 0, 0, 1, 0
131668, 1, 0, 0, 0, 0, 1
131669, 0, 1, 0, 1, 0, 0
131673, 1, 0, 0, 0, 1, 0
131674, 1, 0, 0, 0, 1, 0
131675, 0, 1, 1, 0, 0, 0
131676, 1, 0, 0, 0, 1, 0
131680, 4, 0, 0, 0, 0, 4
131681, 3, 0, 0, 0, 3, 0
131683, 3, 0, 0, 0, 3, 0
131685, 1, 0, 0, 0, 1, 0
131686, 1, 0, 0, 0, 1, 0
131687, 2, 0, 0, 0, 2, 0
131688, 0, 1, 1, 0, 0, 0
131690, 3, 0, 0, 0, 3, 0
131691, 2, 0, 0, 0, 2, 0
131692, 0, 1, 1, 0, 0, 0
131693, 1, 0, 0, 0, 1, 0
131694, 0, 1, 1, 0, 0, 0
131695, 1, 0, 0, 0, 1, 0
131697, 2, 0, 0, 0, 1, 1
131699, 1, 0, 0, 0, 1, 0
131700, 1, 0, 0, 0, 1, 0
131701, 1, 0, 0, 0, 1, 0
131702, 2, 0, 0, 0, 2, 0
131703, 1, 0, 0, 0, 1, 0
131705, 1, 0, 0, 0, 1, 0
131706, 1, 0, 0, 0, 1, 0
131707, 1, 0, 0, 0, 1, 0
131708, 0, 1, 1, 0, 0, 0
131709, 1, 1, 1, 0, 1, 0
131710, 1, 1, 1, 0, 1, 0
131711, 1, 0, 0, 0, 1, 0
131712, 0, 1, 1, 0, 0, 0
131713, 1, 0, 0, 0, 1, 0
131714, 1, 0, 0, 0, 1, 0
131716, 1, 0, 0, 0, 1, 0
131717, 1, 0, 0, 0, 1, 0
131718, 0, 1, 1, 0, 0, 0
131719, 2, 0, 0, 0, 0, 2
131722, 1, 0, 0, 0, 1, 0
131723, 1, 0, 0, 0, 1, 0
131725, 1, 0, 0, 0, 1, 0
131726, 1, 0, 0, 0, 1, 0
131729, 1, 0, 0, 0, 1, 0
131732, 9, 0, 0, 0, 9, 0
131733, 0, 1, 1, 0, 0, 0
131734, 0, 1, 1, 0, 0, 0
131735, 0, 1, 1, 0, 0, 0
131766, 0, 1, 1, 0, 0, 0
131736, 1, 0, 0, 0, 1, 0
131737, 1, 0, 0, 0, 1, 0
131739, 2, 0, 0, 0, 2, 0
131740, 1, 0, 0, 0, 1, 0
131741, 0, 1, 1, 0, 0, 0
131742, 2, 0, 0, 0, 2, 0
131747, 1, 0, 0, 0, 1, 0
131749, 1, 0, 0, 0, 1, 0
131750, 0, 1, 1, 0, 0, 0
131751, 1, 0, 0, 0, 1, 0
131752, 1, 0, 0, 0, 1, 0
131753, 0, 1, 1, 0, 0, 0
131754, 1, 0, 0, 0, 0, 1
131755, 0, 1, 0, 1, 0, 0
131756, 1, 0, 0, 0, 1, 0
131758, 1, 0, 0, 0, 1, 0
131759, 1, 0, 0, 0, 1, 0
131760, 1, 0, 0, 0, 0, 1
131761, 0, 1, 0, 1, 0, 0
131762, 1, 0, 0, 0, 1, 0
131763, 1, 0, 0, 0, 1, 0
131764, 0, 1, 1, 0, 0, 0
131767, 1, 0, 0, 0, 1, 0
131768, 0, 1, 1, 0, 0, 0
131769, 1, 0, 0, 0, 1, 0
131772, 1, 0, 0, 0, 1, 0
131774, 1, 0, 0, 0, 1, 0
131775, 1, 0, 0, 0, 1, 0
131776, 1, 0, 0, 0, 1, 0
131777, 0, 1, 1, 0, 0, 0
131780, 1, 0, 0, 0, 1, 0
131781, 0, 1, 1, 0, 0, 0
131782, 3, 0, 0, 0, 3, 0
131783, 2, 0, 0, 0, 0, 2
131785, 1, 0, 0, 0, 1, 0
131786, 0, 1, 1, 0, 0, 0
131789, 1, 0, 0, 0, 1, 0
131791, 1, 0, 0, 0, 1, 0
131792, 1, 0, 0, 0, 1, 0
131793, 0, 1, 1, 0, 0, 0
131795, 1, 0, 0, 0, 1, 0
131796, 0, 1, 1, 0, 0, 0
131797, 1, 0, 0, 0, 1, 0
131798, 2, 0, 0, 0, 2, 0
131803, 0, 1, 1, 0, 0, 0
131802, 1, 0, 0, 0, 1, 0
131804, 1, 1, 1, 0, 1, 0
131805, 1, 0, 0, 0, 0, 1
131806, 1, 0, 0, 0, 1, 0
131807, 1, 0, 0, 0, 1, 0
131808, 1, 0, 0, 0, 1, 0
131809, 1, 0, 0, 0, 1, 0
131810, 1, 0, 0, 0, 0, 1
131811, 1, 0, 0, 0, 1, 0
131812, 2, 0, 0, 0, 2, 0
131814, 1, 0, 0, 0, 1, 0
131815, 1, 0, 0, 0, 1, 0
131816, 0, 1, 1, 0, 0, 0
131817, 3, 0, 0, 0, 3, 0
131818, 1, 0, 0, 0, 0, 1
131819, 0, 1, 0, 1, 0, 0
131820, 1, 0, 0, 0, 1, 0
131821, 1, 0, 0, 0, 1, 0
131822, 1, 0, 0, 0, 1, 0
131823, 1, 0, 0, 0, 1, 0
131824, 0, 1, 1, 0, 0, 0
131825, 1, 0, 0, 0, 1, 0
131826, 0, 1, 1, 0, 0, 0
131827, 1, 0, 0, 0, 1, 0
